Gene A,Gene B,Label,Score,Precision,Recall,False Positive Rate
YJL006C,YML112W,1,12.003775,1.0,0.0009980039903894067,0.0
YNL310C,YKR100C,0,11.749874,0.5,0.0009980039903894067,0.00010002000635722652
YJL006C,YMR233W,1,11.29189,0.6666666865348816,0.0019960079807788134,0.00010002000635722652
YJL006C,YOR319W,1,11.231415,0.75,0.002994012087583542,0.00010002000635722652
YJL006C,YMR070W,1,11.092077,0.800000011920929,0.003992015961557627,0.00010002000635722652
YMR188C,YKL020C,0,10.985009,0.6666666865348816,0.003992015961557627,0.00020004001271445304
YOR319W,YMR233W,1,10.850935,0.7142857313156128,0.004990019835531712,0.00020004001271445304
YOR346W,YMR070W,1,10.850285,0.75,0.005988024175167084,0.00020004001271445304
YDR482C,YDR303C,0,10.822948,0.6666666865348816,0.005988024175167084,0.0003000600263476372
YOR039W,YER148W,1,10.719258,0.699999988079071,0.006986028049141169,0.0003000600263476372
YOR340C,YOR039W,1,10.699723,0.7272727489471436,0.007984031923115253,0.0003000600263476372
YKR007W,YOR039W,1,10.459215,0.75,0.008982036262750626,0.0003000600263476372
YLR435W,YLR427W,0,10.421844,0.692307710647583,0.008982036262750626,0.0004000800254289061
YKR007W,YBR213W,1,10.292961,0.7142857313156128,0.009980039671063423,0.0004000800254289061
YKL006C-A,YMR070W,1,10.218357,0.7333333492279053,0.010978044010698795,0.0004000800254289061
YDR175C,YHR085W,0,10.155119,0.6875,0.010978044010698795,0.000500100024510175
YGL045W,YOL070C,0,10.025736,0.6470588445663452,0.010978044010698795,0.0006001200526952744
YDR007W,YKL094W,0,10.0204935,0.6111111044883728,0.010978044010698795,0.0007001400226727128
YPR017C,YMR070W,1,10.006334,0.6315789222717285,0.011976048350334167,0.0007001400226727128
YDR083W,YOR353C,0,9.996485,0.6000000238418579,0.011976048350334167,0.0008001600508578122
YOR340C,YBR213W,1,9.967321,0.6190476417541504,0.012974051758646965,0.0008001600508578122
YDR167W,YPL022W,0,9.902594,0.5909090638160706,0.012974051758646965,0.0009001800208352506
YJR057W,YPL239W,0,9.897928,0.5652173757553101,0.012974051758646965,0.00100020004902035
YMR093W,YML077W,1,9.854807,0.5833333134651184,0.013972056098282337,0.00100020004902035
YOL066C,YBR245C,0,9.794111,0.5600000023841858,0.013972056098282337,0.0011002200189977884
YPR017C,YJR063W,1,9.775196,0.5769230723381042,0.014970059506595135,0.0011002200189977884
YLR220W,YGR239C,0,9.645609,0.5555555820465088,0.014970059506595135,0.0012002401053905487
YMR070W,YMR233W,1,9.580882,0.5714285969734192,0.015968063846230507,0.0012002401053905487
YBL021C,YJR063W,1,9.573523,0.5862069129943848,0.016966067254543304,0.0012002401053905487
YMR070W,YKR007W,1,9.512487,0.6000000238418579,0.01796407252550125,0.0012002401053905487
YLL041C,YIR011C,0,9.483027,0.5806451439857483,0.01796407252550125,0.0013002600753679872
YOR340C,YMR233W,1,9.473474,0.59375,0.01896207593381405,0.0013002600753679872
YDR527W,YBR150C,0,9.461025,0.5757575631141663,0.01896207593381405,0.0014002800453454256
YFL014W,YDR276C,0,9.4559355,0.5588235259056091,0.01896207593381405,0.001500300015322864
YPR110C,YPR095C,1,9.404642,0.5714285969734192,0.019960079342126846,0.001500300015322864
YBL064C,YHR001W-A,0,9.382156,0.5555555820465088,0.019960079342126846,0.0016003201017156243
YHR196W,YML077W,1,9.363041,0.5675675868988037,0.020958084613084793,0.0016003201017156243
YOL070C,YER115C,0,9.341399,0.5526315569877625,0.020958084613084793,0.0017003400716930628
YOR346W,YPR017C,1,9.326134,0.5641025900840759,0.02195608802139759,0.0017003400716930628
YDL070W,YOR317W,0,9.321629,0.550000011920929,0.02195608802139759,0.0018003600416705012
YOL102C,YOR353C,0,9.308529,0.5365853905677795,0.02195608802139759,0.0019003801280632615
YOR096W,YHL016C,0,9.304407,0.523809552192688,0.02195608802139759,0.0020004000980407
YDR169C,YDR175C,0,9.294676,0.5116279125213623,0.02195608802139759,0.0021004201844334602
YPR110C,YOL002C,1,9.246946,0.5227272510528564,0.022954091429710388,0.0021004201844334602
YOR340C,YML112W,1,9.245947,0.5333333611488342,0.023952096700668335,0.0021004201844334602
YJL006C,YJR060W,0,9.215665,0.52173912525177,0.023952096700668335,0.002200440037995577
YEL018W,YGR030C,0,9.168347,0.5106382966041565,0.023952096700668335,0.002300460124388337
YJL006C,YOR039W,1,9.15777,0.5208333134651184,0.024950100108981133,0.002300460124388337
YPL126W,YMR070W,1,9.1230955,0.5306122303009033,0.02594810351729393,0.002300460124388337
YEL018W,YDR200C,0,9.078703,0.5199999809265137,0.02594810351729393,0.0024004802107810974
YHR099W,YER148W,1,9.065611,0.529411792755127,0.026946106925606728,0.0024004802107810974
YMR193W,YJR082C,0,9.0323715,0.5192307829856873,0.026946106925606728,0.002500500064343214
YBL078C,YPR026W,0,9.003162,0.5094339847564697,0.026946106925606728,0.0026005201507359743
YLL021W,YLR165C,0,8.959912,0.5,0.026946106925606728,0.002700540004298091
YOL056W,YLL040C,0,8.952891,0.4909090995788574,0.026946106925606728,0.002800560090690851
YKR007W,YKL139W,1,8.909809,0.5,0.027944112196564674,0.002800560090690851
YOL026C,YDR231C,0,8.848518,0.4912280738353729,0.027944112196564674,0.0029005801770836115
YNL311C,YPR057W,0,8.814187,0.48275861144065857,0.027944112196564674,0.003000600030645728
YJR063W,YOR210W,1,8.775438,0.49152541160583496,0.028942115604877472,0.003000600030645728
YCL064C,YBR248C,0,8.759899,0.4833333194255829,0.028942115604877472,0.0031006201170384884
YNL113W,YOR224C,1,8.745761,0.49180328845977783,0.02994011901319027,0.0031006201170384884
YNR003C,YJL096W,0,8.714661,0.4838709533214569,0.02994011901319027,0.0032006402034312487
YDL074C,YML034W,0,8.700588,0.4761904776096344,0.02994011901319027,0.0033006600569933653
YMR093W,YMR233W,1,8.677994,0.484375,0.030938124284148216,0.0033006600569933653
YOR319W,YMR070W,1,8.66297,0.4923076927661896,0.031936127692461014,0.0033006600569933653
YJL006C,YER040W,0,8.654777,0.4848484992980957,0.031936127692461014,0.0034006801433861256
YLR323C,YHR158C,0,8.634345,0.4776119291782379,0.031936127692461014,0.003500700229778886
YLL009C,YOL011W,0,8.619806,0.47058823704719543,0.031936127692461014,0.0036007200833410025
YML043C,YMR070W,1,8.619013,0.47826087474823,0.03293413296341896,0.0036007200833410025
YPR017C,YOR210W,1,8.596484,0.48571428656578064,0.03393213450908661,0.0036007200833410025
YIL155C,YJL045W,0,8.592537,0.47887325286865234,0.03393213450908661,0.0037007401697337627
YNL325C,YNL244C,0,8.530554,0.4722222089767456,0.03393213450908661,0.003800760256126523
YJL035C,YDR363W-A,0,8.528362,0.465753436088562,0.03393213450908661,0.0039007801096886396
YKR080W,YML121W,1,8.525387,0.47297295928001404,0.034930139780044556,0.0039007801096886396
YOR191W,YDR219C,0,8.518625,0.46666666865348816,0.034930139780044556,0.0040008001960814
YMR322C,YCL069W,0,8.514353,0.46052631735801697,0.034930139780044556,0.0041008200496435165
YPR031W,YDR219C,0,8.50832,0.4545454680919647,0.034930139780044556,0.0042008403688669205
YJL006C,YKL139W,1,8.47683,0.4615384638309479,0.0359281450510025,0.0042008403688669205
YMR233W,YGL243W,1,8.453148,0.4683544337749481,0.03692614659667015,0.0042008403688669205
YOR211C,YKR007W,0,8.376436,0.4625000059604645,0.03692614659667015,0.004300860222429037
YHR160C,YOL135C,0,8.375502,0.45679011940956116,0.03692614659667015,0.004400880075991154
YPR182W,YDR140W,0,8.370834,0.45121949911117554,0.03692614659667015,0.004500900395214558
YAL053W,YJL096W,0,8.370191,0.4457831382751465,0.03692614659667015,0.004600920248776674
YDL055C,YIL135C,0,8.366558,0.4404761791229248,0.03692614659667015,0.004700940102338791
YIL020C,YMR227C,0,8.345956,0.43529412150382996,0.03692614659667015,0.004800960421562195
YPL204W,YHR160C,0,8.34166,0.43023255467414856,0.03692614659667015,0.0049009802751243114
YNR003C,YOR177C,0,8.336046,0.4252873659133911,0.03692614659667015,0.005001000128686428
YJL148W,YOL002C,1,8.3224945,0.4318181872367859,0.0379241518676281,0.005001000128686428
YMR171C,YIR012W,0,8.320719,0.42696627974510193,0.0379241518676281,0.005101019982248545
YJL148W,YJL025W,1,8.314461,0.4333333373069763,0.038922157138586044,0.005101019982248545
YMR233W,YBR049C,1,8.307105,0.4395604431629181,0.03992015868425369,0.005101019982248545
YJL053W,YLR200W,0,8.288561,0.43478259444236755,0.03992015868425369,0.005201040301471949
YLR220W,YLR151C,0,8.288151,0.4301075339317322,0.03992015868425369,0.005301060155034065
YGR029W,YML091C,0,8.2850065,0.42553192377090454,0.03992015868425369,0.005401080008596182
YOR298W,YNL081C,0,8.256969,0.42105263471603394,0.03992015868425369,0.005501100327819586
YIR009W,YJR063W,1,8.256576,0.4270833432674408,0.04091816395521164,0.005501100327819586
YKL041W,YDR460W,0,8.244659,0.42268040776252747,0.04091816395521164,0.005601120181381702
YPL138C,YMR036C,0,8.240418,0.4183673560619354,0.04091816395521164,0.005701140034943819
YMR002W,YGL018C,0,8.224709,0.4141414165496826,0.04091816395521164,0.005801160354167223
YMR070W,YHR196W,1,8.223848,0.41999998688697815,0.041916169226169586,0.005801160354167223
YOR224C,YPR187W,1,8.218049,0.42574256658554077,0.042914170771837234,0.005801160354167223
YPR095C,YDR398W,1,8.203566,0.4313725531101227,0.04391217604279518,0.005801160354167223
YOR269W,YOR195W,0,8.197594,0.42718446254730225,0.04391217604279518,0.00590118020772934
YLR029C,YER062C,0,8.188012,0.42307692766189575,0.04391217604279518,0.006001200061291456
YNL113W,YMR070W,1,8.187449,0.4285714328289032,0.04491018131375313,0.006001200061291456
YOL070C,YAL051W,0,8.160244,0.4245283007621765,0.04491018131375313,0.00610122038051486
YAL029C,YMR059W,0,8.156708,0.420560747385025,0.04491018131375313,0.006201240234076977
YKL006C-A,YML101C,1,8.154297,0.42592594027519226,0.045908182859420776,0.006201240234076977
YMR070W,YER148W,1,8.148016,0.43119266629219055,0.04690618813037872,0.006201240234076977
YOL102C,YPL138C,0,8.138317,0.4272727370262146,0.04690618813037872,0.006301260087639093
YJL006C,YBR049C,1,8.116741,0.4324324429035187,0.04790419340133667,0.006301260087639093
YBL021C,YJL025W,1,8.111137,0.4375,0.04890219494700432,0.006301260087639093
YPL106C,YDR150W,0,8.107356,0.4336283206939697,0.04890219494700432,0.006401280406862497
YMR093W,YMR070W,1,8.1053505,0.4385964870452881,0.049900200217962265,0.006401280406862497
YJL013C,YJL095W,0,8.103645,0.43478259444236755,0.049900200217962265,0.006501300260424614
YMR192W,YEL053C,0,8.075771,0.43103447556495667,0.049900200217962265,0.006601320113986731
YCL054W,YOR320C,0,8.069328,0.4273504316806793,0.049900200217962265,0.0067013404332101345
YDR324C,YMR093W,1,8.0671215,0.43220338225364685,0.05089820176362991,0.0067013404332101345
YDR414C,YNL044W,0,8.061184,0.4285714328289032,0.05089820176362991,0.006801360286772251
YOR340C,YGR271C-A,1,8.057896,0.4333333373069763,0.05189620703458786,0.006801360286772251
YJL006C,YOL026C,0,8.056835,0.42975205183029175,0.05189620703458786,0.006901380140334368
YMR233W,YML101C,1,8.046727,0.4344262182712555,0.05289421230554581,0.006901380140334368
YKR059W,YOR310C,0,8.046554,0.43089431524276733,0.05289421230554581,0.007001400459557772
YNL015W,YLR304C,0,8.032555,0.42741936445236206,0.05289421230554581,0.007101420313119888
YBR185C,YKL048C,0,8.0134735,0.42399999499320984,0.05289421230554581,0.007201440166682005
YGR220C,YDR468C,0,8.012209,0.420634925365448,0.05289421230554581,0.007301460485905409
YPR017C,YNL113W,1,8.006261,0.4251968562602997,0.053892213851213455,0.007301460485905409
YHR025W,YFR049W,0,8.003153,0.421875,0.053892213851213455,0.0074014803394675255
YOR340C,YML101C,1,7.9961343,0.42635658383369446,0.0548902191221714,0.0074014803394675255
YDR257C,YDR260C,0,7.9865065,0.42307692766189575,0.0548902191221714,0.007501500193029642
YPR017C,YPL082C,1,7.983371,0.42748090624809265,0.05588822439312935,0.007501500193029642
YNL248C,YBR213W,1,7.9737663,0.4318181872367859,0.056886225938797,0.007501500193029642
YIR004W,YMR287C,0,7.9594626,0.4285714328289032,0.056886225938797,0.007601520512253046
YAL025C,YML059C,0,7.9588447,0.4253731369972229,0.056886225938797,0.007701540365815163
YML043C,YJL025W,1,7.9532175,0.4296296238899231,0.057884231209754944,0.007701540365815163
YPR166C,YFR041C,0,7.9512854,0.4264705777168274,0.057884231209754944,0.007801560219377279
YJR117W,YKL002W,0,7.946747,0.42335766553878784,0.057884231209754944,0.007901580072939396
YML036W,YPR095C,1,7.9402447,0.4275362193584442,0.05888223648071289,0.007901580072939396
YPL144W,YDR398W,1,7.931286,0.4316546618938446,0.05988023802638054,0.007901580072939396
YNL113W,YPR187W,1,7.9167957,0.4357142746448517,0.060878243297338486,0.007901580072939396
YPL082C,YPR187W,1,7.899329,0.43971630930900574,0.06187624856829643,0.007901580072939396
YMR070W,YMR042W,1,7.898221,0.44366195797920227,0.06287425011396408,0.007901580072939396
YPR186C,YPR060C,0,7.896906,0.440559446811676,0.06287425011396408,0.0080016003921628
YMR093W,YGR217W,1,7.893186,0.4444444477558136,0.06387225538492203,0.0080016003921628
YBL021C,YHR196W,1,7.893088,0.4482758641242981,0.06487026065587997,0.0080016003921628
YOR319W,YML121W,1,7.8847036,0.45205479860305786,0.06586826592683792,0.0080016003921628
YDL106C,YPL214C,0,7.8789206,0.44897958636283875,0.06586826592683792,0.008101620711386204
YDR079W,YDR200C,0,7.862604,0.44594594836235046,0.06586826592683792,0.008201640099287033
YGR052W,YER162C,0,7.855665,0.4429530203342438,0.06586826592683792,0.008301660418510437
YPL126W,YJR063W,1,7.850729,0.4466666579246521,0.06686626374721527,0.008301660418510437
YMR233W,YDR398W,1,7.8504033,0.4503311216831207,0.06786426901817322,0.008301660418510437
YGR271C-A,YNL330C,1,7.8494854,0.45394736528396606,0.06886227428913116,0.008301660418510437
YCL069W,YDL074C,0,7.83704,0.45098039507865906,0.06886227428913116,0.008401680737733841
YBR049C,YBR114W,0,7.8322487,0.44805195927619934,0.06886227428913116,0.00850170012563467
YGL227W,YGL169W,0,7.8294277,0.44516128301620483,0.06886227428913116,0.008601720444858074
YDR419W,YDR530C,0,7.823392,0.4423076808452606,0.06886227428913116,0.008701740764081478
YKR031C,YOL011W,0,7.81657,0.4394904375076294,0.06886227428913116,0.008801760151982307
YHR074W,YIL052C,0,7.8091426,0.43670886754989624,0.06886227428913116,0.008901780471205711
YOL125W,YDR219C,0,7.8023987,0.43396225571632385,0.06886227428913116,0.009001800790429115
YJL006C,YJL025W,1,7.7913237,0.4375,0.06986027956008911,0.009001800790429115
YMR316W,YOR191W,0,7.782931,0.43478259444236755,0.06986027956008911,0.009101820178329945
YOR319W,YDL115C,0,7.772872,0.43209877610206604,0.06986027956008911,0.009201840497553349
YIL079C,YKL033W,0,7.7681837,0.42944785952568054,0.06986027956008911,0.009301860816776752
YNL078W,YHR089C,0,7.7560825,0.4268292784690857,0.06986027956008911,0.009401880204677582
YKL144C,YBL057C,0,7.7547336,0.42424243688583374,0.06986027956008911,0.009501900523900986
YJL166W,YBR260C,0,7.745462,0.42168673872947693,0.06986027956008911,0.00960192084312439
YOL002C,YBR248C,0,7.7450147,0.41916167736053467,0.06986027956008911,0.009701940231025219
YGR271C-A,YJL148W,1,7.742846,0.4226190447807312,0.07085828483104706,0.009701940231025219
YBR188C,YMR142C,0,7.730304,0.4201183319091797,0.07085828483104706,0.009801960550248623
YOR346W,YLR425W,0,7.7218018,0.4176470637321472,0.07085828483104706,0.009901979938149452
YBR055C,YPR143W,0,7.7200575,0.4152046740055084,0.07085828483104706,0.010002000257372856
YJL148W,YNL330C,1,7.716851,0.41860464215278625,0.071856290102005,0.010002000257372856
YOL136C,YDR500C,0,7.716604,0.4161849617958069,0.071856290102005,0.01010202057659626
YOL007C,YLR150W,0,7.709724,0.4137931168079376,0.071856290102005,0.01020203996449709
YHR099W,YHR081W,0,7.7074394,0.4114285707473755,0.071856290102005,0.010302060283720493
YPR111W,YHR085W,0,7.7072563,0.40909090638160706,0.071856290102005,0.010402080602943897
YNL059C,YIL038C,0,7.701905,0.4067796468734741,0.071856290102005,0.010502099990844727
YPL011C,YLL040C,0,7.700695,0.40449437499046326,0.071856290102005,0.01060212031006813
YLR451W,YOL147C,0,7.6965985,0.40223464369773865,0.071856290102005,0.010702140629291534
YNL248C,YPR187W,1,7.6885343,0.4055555462837219,0.07285428792238235,0.010702140629291534
YER173W,YER131W,0,7.6872625,0.4033149182796478,0.07285428792238235,0.010802160017192364
YPR110C,YNL330C,1,7.681794,0.4065934121608734,0.0738522931933403,0.010802160017192364
YPL137C,YOL100W,0,7.6606665,0.40437158942222595,0.0738522931933403,0.010902180336415768
YPL126W,YOR061W,1,7.6520267,0.40760868787765503,0.07485029846429825,0.010902180336415768
YPL280W,YLL040C,0,7.6189404,0.4054054021835327,0.07485029846429825,0.011002200655639172
YFL048C,YMR017W,0,7.607807,0.4032258093357086,0.07485029846429825,0.011102220043540001
YLR200W,YKL028W,0,7.605798,0.4010695219039917,0.07485029846429825,0.011202240362763405
YBL021C,YJL148W,1,7.6037216,0.40425533056259155,0.0758483037352562,0.011202240362763405
YDR492W,YJR032W,0,7.6010313,0.4021163880825043,0.0758483037352562,0.011302260681986809
YDR167W,YMR100W,0,7.5885468,0.4000000059604645,0.0758483037352562,0.011402280069887638
YHR196W,YJL025W,1,7.5724897,0.4031413495540619,0.07684630900621414,0.011402280069887638
YDR324C,YJR063W,1,7.5568686,0.40625,0.07784431427717209,0.011402280069887638
YDR101C,YLR129W,0,7.5424843,0.40414509177207947,0.07784431427717209,0.011502300389111042
YMR093W,YHR196W,1,7.533804,0.40721648931503296,0.07884231209754944,0.011502300389111042
YDR273W,YGL026C,0,7.515732,0.40512821078300476,0.07884231209754944,0.011602320708334446
YDR101C,YPL111W,0,7.50775,0.4030612111091614,0.07884231209754944,0.011702340096235275
YOR341W,YMR070W,1,7.5046735,0.4060913622379303,0.07984031736850739,0.011702340096235275
YJL109C,YMR093W,1,7.5016823,0.40909090638160706,0.08083832263946533,0.011702340096235275
YCR037C,YJR049C,0,7.4975967,0.4070351719856262,0.08083832263946533,0.01180236041545868
YNL136W,YDR365C,0,7.497264,0.4050000011920929,0.08083832263946533,0.011902380734682083
YBR059C,YKL138C,0,7.4968605,0.4029850661754608,0.08083832263946533,0.012002400122582912
YGR262C,YDL030W,0,7.496228,0.4009900987148285,0.08083832263946533,0.012102420441806316
YDR486C,YDR363W-A,0,7.4924107,0.39901477098464966,0.08083832263946533,0.01220244076102972
YBR001C,YOR340C,0,7.485435,0.3970588147640228,0.08083832263946533,0.01230246014893055
YLR425W,YKL087C,0,7.463343,0.3951219618320465,0.08083832263946533,0.012402480468153954
YDR534C,YGL244W,0,7.4563713,0.39320388436317444,0.08083832263946533,0.012502500787377357
YNL248C,YFR034C,1,7.4429483,0.39613527059555054,0.08183632791042328,0.012502500787377357
YPL203W,YLL029W,0,7.442826,0.39423078298568726,0.08183632791042328,0.012602520175278187
YDL217C,YNL322C,0,7.436408,0.39234450459480286,0.08183632791042328,0.01270254049450159
YGR271C-A,YBL021C,1,7.430706,0.39523810148239136,0.08283433318138123,0.01270254049450159
YHR099W,YOR295W,1,7.428631,0.3981042802333832,0.08383233845233917,0.01270254049450159
YDR122W,YDR092W,0,7.4285326,0.3962264060974121,0.08383233845233917,0.012802560813724995
YGR029W,YIR011C,0,7.427293,0.39436620473861694,0.08383233845233917,0.012902580201625824
YPR031W,YJL094C,0,7.426165,0.3925233781337738,0.08383233845233917,0.013002600520849228
YDR492W,YAL041W,0,7.4165487,0.3906976878643036,0.08383233845233917,0.013102620840072632
YGR245C,YCL067C,0,7.4115977,0.3888888955116272,0.08383233845233917,0.013202640227973461
YMR213W,YMR039C,0,7.4109745,0.3870967626571655,0.08383233845233917,0.013302660547196865
YKL099C,YBR041W,0,7.4071884,0.38532111048698425,0.08383233845233917,0.013402680866420269
YDR399W,YOL011W,0,7.4055343,0.3835616409778595,0.08383233845233917,0.013502700254321098
YKL003C,YHR085W,0,7.404751,0.38181817531585693,0.08383233845233917,0.013602720573544502
YDL140C,YPL085W,1,7.4043403,0.38461539149284363,0.08483033627271652,0.013602720573544502
YLR395C,YIR012W,0,7.398161,0.38288289308547974,0.08483033627271652,0.013702740892767906
YER056C,YOR304W,0,7.383645,0.38116592168807983,0.08483033627271652,0.013802760280668736
YOR243C,YOR348C,0,7.383095,0.3794642984867096,0.08483033627271652,0.01390278059989214
YNL216W,YGR238C,0,7.3680773,0.3777777850627899,0.08483033627271652,0.014002800919115543
YOR319W,YBL014C,1,7.367508,0.38053098320961,0.08582834154367447,0.014002800919115543
YDL240W,YDR082W,0,7.3606205,0.3788546323776245,0.08582834154367447,0.014102820307016373
YIL156W,YDR165W,0,7.3434815,0.37719297409057617,0.08582834154367447,0.014202840626239777
YJL109C,YPR010C,1,7.337333,0.37991267442703247,0.08682634681463242,0.014202840626239777
YNL113W,YML077W,1,7.3334312,0.38260868191719055,0.08782435208559036,0.014202840626239777
YDR280W,YNL231C,0,7.326627,0.380952388048172,0.08782435208559036,0.01430286094546318
YPL119C,YPR184W,0,7.3261433,0.37931033968925476,0.08782435208559036,0.01440288033336401
YMR198W,YDL217C,0,7.325921,0.3776824176311493,0.08782435208559036,0.014502900652587414
YPR060C,YJR070C,0,7.3253155,0.3760683834552765,0.08782435208559036,0.014602920971810818
YNL113W,YNL330C,1,7.324046,0.3787234127521515,0.08882235735654831,0.014602920971810818
YDR177W,YDR059C,0,7.3204975,0.37711864709854126,0.08882235735654831,0.014702940359711647
YDR156W,YML101C,1,7.316778,0.37974682450294495,0.08982036262750626,0.014702940359711647
YOR346W,YBR049C,1,7.3058333,0.38235294818878174,0.0908183604478836,0.014702940359711647
YPL026C,YGL016W,0,7.288526,0.38075312972068787,0.0908183604478836,0.014802960678935051
YOL080C,YER168C,0,7.2800007,0.3791666626930237,0.0908183604478836,0.014902980998158455
YJL140W,YOL069W,0,7.2673244,0.37759336829185486,0.0908183604478836,0.015003000386059284
YOR341W,YOR039W,1,7.2646756,0.3801652789115906,0.09181636571884155,0.015003000386059284
YML077W,YBR061C,0,7.2567654,0.3786008358001709,0.09181636571884155,0.015103020705282688
YOR299W,YLL040C,0,7.241174,0.37704917788505554,0.09181636571884155,0.015203041024506092
YBL021C,YBR213W,1,7.2396398,0.37959182262420654,0.0928143709897995,0.015203041024506092
YDR217C,YGL093W,0,7.235546,0.37804877758026123,0.0928143709897995,0.015303060412406921
YER015W,YLR017W,0,7.23075,0.37651821970939636,0.0928143709897995,0.015403080731630325
YNL112W,YNL153C,0,7.229314,0.375,0.0928143709897995,0.01550310105085373
YMR061W,YJL183W,0,7.228709,0.3734939694404602,0.0928143709897995,0.015603120438754559
YOL052C-A,YCR010C,0,7.2280135,0.3720000088214874,0.0928143709897995,0.015703139826655388
YOR340C,YNL248C,1,7.224682,0.3745020031929016,0.09381237626075745,0.015703139826655388
YEL024W,YKR099W,0,7.2027903,0.3730158805847168,0.09381237626075745,0.015803160145878792
YDL112W,YGL078C,0,7.2008,0.37154150009155273,0.09381237626075745,0.015903180465102196
YDL093W,YKL126W,0,7.194476,0.3700787425041199,0.09381237626075745,0.0160032007843256
YNL248C,YHR196W,1,7.1903105,0.37254902720451355,0.0948103815317154,0.0160032007843256
YGR009C,YNL054W,0,7.1899085,0.37109375,0.0948103815317154,0.016103221103549004
YOR311C,YHR089C,0,7.189885,0.3696497976779938,0.0948103815317154,0.016203241422772408
YLR109W,YCL008C,0,7.1886377,0.3682170510292053,0.0948103815317154,0.016303259879350662
YNL103W,YDR200C,0,7.186743,0.3667953610420227,0.0948103815317154,0.016403280198574066
YNL238W,YNL231C,0,7.1860027,0.36538460850715637,0.0948103815317154,0.01650330051779747
YPL028W,YMR146C,0,7.1835127,0.3639846742153168,0.0948103815317154,0.016603320837020874
YOR275C,YOR034C,0,7.177453,0.36259540915489197,0.0948103815317154,0.016703341156244278
YOR319W,YDR139C,0,7.168913,0.3612167239189148,0.0948103815317154,0.016803361475467682
YLL043W,YOL135C,0,7.1645927,0.3598484992980957,0.0948103815317154,0.016903379932045937
YHR060W,YGR144W,0,7.1624928,0.35849055647850037,0.0948103815317154,0.01700340025126934
YEL018W,YHR082C,0,7.1573105,0.3571428656578064,0.0948103815317154,0.017103420570492744
YOR034C,YBR125C,0,7.150176,0.35580524802207947,0.0948103815317154,0.01720344088971615
YDR497C,YMR235C,0,7.1479697,0.3544776141643524,0.0948103815317154,0.017303461208939552
YPR175W,YNR024W,0,7.144248,0.3531598448753357,0.0948103815317154,0.017403481528162956
YOR341W,YMR270C,1,7.1395807,0.35555556416511536,0.09580838680267334,0.017403481528162956
YGR128C,YJL148W,1,7.13533,0.35793358087539673,0.09680638462305069,0.017403481528162956
YMR059W,YLR438C-A,0,7.133843,0.35661765933036804,0.09680638462305069,0.01750349998474121
YML081C-A,YKL028W,0,7.131268,0.3553113639354706,0.09680638462305069,0.017603520303964615
YMR270C,YER148W,1,7.1308904,0.35766422748565674,0.09780438989400864,0.017603520303964615
YHR052W,YDR081C,0,7.129215,0.3563636243343353,0.09780438989400864,0.01770354062318802
YMR316W,YMR275C,0,7.1261196,0.3550724685192108,0.09780438989400864,0.017803560942411423
YPL140C,YGL209W,0,7.1238966,0.35379061102867126,0.09780438989400864,0.017903581261634827
YKR020W,YLR220W,0,7.1203976,0.3525179922580719,0.09780438989400864,0.01800360158085823
YBR247C,YFR052W,0,7.119851,0.35125449299812317,0.09780438989400864,0.018103620037436485
YHR156C,YDL200C,0,7.118121,0.3499999940395355,0.09780438989400864,0.01820364035665989
YHR069C,YGL158W,0,7.1170197,0.3487544357776642,0.09780438989400864,0.018303660675883293
YDR395W,YGR245C,0,7.106309,0.347517728805542,0.09780438989400864,0.018403680995106697
YML121W,YOR039W,1,7.1056366,0.34982332587242126,0.09880239516496658,0.018403680995106697
YDR363W-A,YLR165C,0,7.1008515,0.34859153628349304,0.09880239516496658,0.0185037013143301
YNL248C,YNL191W,1,7.0914364,0.35087719559669495,0.09980040043592453,0.0185037013143301
YMR233W,YJL148W,1,7.0808105,0.35314685106277466,0.10079840570688248,0.0185037013143301
YFR014C,YER045C,0,7.07928,0.3519163727760315,0.10079840570688248,0.018603721633553505
YML112W,YBR213W,1,7.0729504,0.3541666567325592,0.10179640352725983,0.018603721633553505
YDR281C,YDR379W,0,7.072657,0.3529411852359772,0.10179640352725983,0.01870374009013176
YHR143W-A,YGR271C-A,1,7.0668287,0.35517242550849915,0.10279440879821777,0.01870374009013176
YDR324C,YPR095C,1,7.0614634,0.35738831758499146,0.10379241406917572,0.01870374009013176
YIL147C,YGL025C,0,7.057184,0.3561643958091736,0.10379241406917572,0.018803760409355164
YDR494W,YDR075W,0,7.057055,0.35494881868362427,0.10379241406917572,0.018903780728578568
YLR370C,YJL191W,0,7.055024,0.35374149680137634,0.10379241406917572,0.01900380104780197
YKR080W,YGR068C,1,7.0548368,0.35593220591545105,0.10479041934013367,0.01900380104780197
YOR172W,YLR237W,0,7.051094,0.3547297418117523,0.10479041934013367,0.019103821367025375
YGL256W,YJL158C,0,7.04883,0.35353535413742065,0.10479041934013367,0.01920384168624878
YLL008W,YLR025W,0,7.0402784,0.3523489832878113,0.10479041934013367,0.019303860142827034
YBR084W,YDR242W,0,7.0303583,0.3511705696582794,0.10479041934013367,0.019403880462050438
YLL019C,YML091C,0,7.0298243,0.3499999940395355,0.10479041934013367,0.019503900781273842
YDR096W,YHR167W,0,7.021314,0.3488371968269348,0.10479041934013367,0.019603921100497246
YOL005C,YPL254W,0,7.0188055,0.3476821184158325,0.10479041934013367,0.01970394141972065
YGR271C-A,YDR420W,1,7.0171328,0.34983497858047485,0.10578842461109161,0.01970394141972065
YGR271C-A,YPL144W,1,7.014159,0.35197368264198303,0.10678642988204956,0.01970394141972065
YER060W,YLR196W,0,7.0097075,0.3508196771144867,0.10678642988204956,0.019803959876298904
YPL144W,YML077W,1,7.0092583,0.3529411852359772,0.10778442770242691,0.019803959876298904
YEL018W,YKL190W,0,7.0057235,0.35179153084754944,0.10778442770242691,0.01990398019552231
YMR270C,YJL148W,1,6.997242,0.3538961112499237,0.10878243297338486,0.01990398019552231
YOR346W,YGR128C,1,6.9901133,0.3559870421886444,0.1097804382443428,0.01990398019552231
YPR110C,YJL109C,1,6.98934,0.3580645024776459,0.11077844351530075,0.01990398019552231
YMR306W,YFL026W,0,6.988574,0.35691317915916443,0.11077844351530075,0.020004000514745712
YOR341W,YBL025W,1,6.9858704,0.3589743673801422,0.1117764487862587,0.020004000514745712
YAL029C,YNL054W,0,6.985174,0.35782748460769653,0.1117764487862587,0.020104020833969116
YIR011C,YPL017C,0,6.978236,0.35668790340423584,0.1117764487862587,0.02020404115319252
YEL032W,YMR128W,0,6.9747043,0.35555556416511536,0.1117764487862587,0.020304061472415924
YDL175C,YDR121W,0,6.9742527,0.3544303774833679,0.1117764487862587,0.02040407992899418
YJL011C,YHL016C,0,6.9689155,0.35331231355667114,0.1117764487862587,0.020504100248217583
YGR128C,YMR070W,1,6.9687557,0.3553459048271179,0.11277445405721664,0.020504100248217583
YMR093W,YER148W,1,6.9677057,0.35736677050590515,0.113772451877594,0.020504100248217583
YOR319W,YGR068C,1,6.9629464,0.359375,0.11477045714855194,0.020504100248217583
YNL223W,YBR092C,0,6.9558945,0.35825544595718384,0.11477045714855194,0.020604120567440987
YAL029C,YDR122W,0,6.9547358,0.3571428656578064,0.11477045714855194,0.02070414088666439
YCR072C,YKR056W,0,6.9535446,0.3560371398925781,0.11477045714855194,0.020804161205887794
YPL146C,YNL288W,0,6.9521914,0.354938268661499,0.11477045714855194,0.0209041815251112
YGR057C,YJL168C,0,6.9521017,0.35384616255760193,0.11477045714855194,0.021004199981689453
YJL082W,YOR323C,0,6.9483137,0.3527607321739197,0.11477045714855194,0.021104220300912857
YML059C,YER171W,0,6.942223,0.3516819477081299,0.11477045714855194,0.02120424062013626
YNR067C,YHR089C,0,6.942129,0.35060974955558777,0.11477045714855194,0.021304260939359665
YML043C,YJR066W,1,6.937958,0.3525835871696472,0.11576846241950989,0.021304260939359665
YPL262W,YKR058W,0,6.9305677,0.35151514410972595,0.11576846241950989,0.02140428125858307
YIR004W,YNL192W,0,6.92418,0.3504531681537628,0.11576846241950989,0.021504301577806473
YCR010C,YMR041C,0,6.916514,0.34939759969711304,0.11576846241950989,0.021604320034384727
YGR032W,YKL016C,0,6.9150915,0.34834834933280945,0.11576846241950989,0.02170434035360813
YLR309C,YOR191W,0,6.9145794,0.34730538725852966,0.11576846241950989,0.021804360672831535
YKL003C,YLL001W,0,6.913047,0.3462686538696289,0.11576846241950989,0.02190438099205494
YIL008W,YPR111W,0,6.9122944,0.3452380895614624,0.11576846241950989,0.022004401311278343
YIL020C,YLR182W,0,6.910335,0.34421366453170776,0.11576846241950989,0.022104421630501747
YIL107C,YOR101W,0,6.9074497,0.34319525957107544,0.11576846241950989,0.022204440087080002
YPR186C,YOR177C,0,6.899844,0.3421829044818878,0.11576846241950989,0.022304460406303406
YOR224C,YML077W,1,6.891324,0.3441176414489746,0.11676646769046783,0.022304460406303406
YPR110C,YJL025W,1,6.890994,0.3460410535335541,0.11776447296142578,0.022304460406303406
YNL248C,YNL113W,1,6.890362,0.3479532301425934,0.11876247823238373,0.022304460406303406
YMR270C,YNL191W,1,6.8872175,0.3498542308807373,0.11976047605276108,0.022304460406303406
YDR279W,YMR040W,0,6.87885,0.3488371968269348,0.11976047605276108,0.02240448072552681
YJL029C,YNL259C,0,6.8763766,0.3478260934352875,0.11976047605276108,0.022504501044750214
YPL193W,YMR039C,0,6.8738394,0.34682080149650574,0.11976047605276108,0.022604521363973618
YMR233W,YBR021W,1,6.873809,0.34870317578315735,0.12075848132371902,0.022604521363973618
YKL053C-A,YDR460W,0,6.870761,0.34770116209983826,0.12075848132371902,0.02270454168319702
YPR010C,YPL144W,1,6.8704624,0.34957021474838257,0.12175648659467697,0.02270454168319702
YDR276C,YOR320C,0,6.8701153,0.34857141971588135,0.12175648659467697,0.022804560139775276
YBR043C,YGL018C,0,6.8687115,0.34757834672927856,0.12175648659467697,0.02290458045899868
YNR038W,YMR065W,0,6.8656006,0.34659090638160706,0.12175648659467697,0.023004600778222084
YKL041W,YLR200W,0,6.859018,0.34560906887054443,0.12175648659467697,0.023104621097445488
YPR167C,YJL013C,0,6.855309,0.3446327745914459,0.12175648659467697,0.023204641416668892
YHR099W,YHR196W,1,6.8540783,0.3464788794517517,0.12275449186563492,0.023204641416668892
YJL006C,YPR095C,1,6.8534684,0.3483146131038666,0.12375249713659286,0.023204641416668892
YCR052W,YOR018W,0,6.851605,0.3473389446735382,0.12375249713659286,0.023304661735892296
YNL283C,YFR037C,0,6.8420324,0.3463687002658844,0.12375249713659286,0.02340468019247055
YFR041C,YPL183W-A,0,6.837821,0.34540390968322754,0.12375249713659286,0.023504700511693954
YML036W,YNL330C,1,6.8373165,0.3472222089767456,0.12475050240755081,0.023504700511693954
YLR394W,YKL016C,0,6.83609,0.3462603986263275,0.12475050240755081,0.02360472083091736
YOR025W,YBL054W,0,6.835573,0.34530386328697205,0.12475050240755081,0.023704741150140762
YOR340C,YLR330W,0,6.8344564,0.3443526029586792,0.12475050240755081,0.023804761469364166
YJR063W,YML077W,1,6.826179,0.3461538553237915,0.12574850022792816,0.023804761469364166
YMR055C,YGR095C,0,6.825671,0.34520548582077026,0.12574850022792816,0.02390478178858757
YNR037C,YOR151C,0,6.824379,0.3442623019218445,0.12574850022792816,0.024004800245165825
YOR132W,YIL034C,0,6.8171234,0.3433242440223694,0.12574850022792816,0.02410482056438923
YPR010C,YMR198W,0,6.816926,0.34239131212234497,0.12574850022792816,0.024204840883612633
YDR492W,YLL011W,0,6.809652,0.3414634168148041,0.12574850022792816,0.024304861202836037
YML121W,YPR095C,1,6.804558,0.34324324131011963,0.1267465054988861,0.024304861202836037
YLR134W,YLR288C,0,6.7981157,0.342318058013916,0.1267465054988861,0.02440488152205944
YKL094W,YGL018C,0,6.796917,0.34139785170555115,0.1267465054988861,0.024504901841282845
YPR200C,YNL039W,0,6.7894473,0.34048256278038025,0.1267465054988861,0.0246049202978611
YKR035W-A,YMR188C,0,6.785741,0.3395721912384033,0.1267465054988861,0.024704940617084503
YNL044W,YIL130W,0,6.782211,0.3386666774749756,0.1267465054988861,0.024804960936307907
YPR017C,YBR021W,1,6.7779255,0.3404255211353302,0.12774451076984406,0.024804960936307907
YDR465C,YER062C,0,6.7772827,0.3395225405693054,0.12774451076984406,0.02490498125553131
YOR252W,YNL128W,0,6.774914,0.33862432837486267,0.12774451076984406,0.025005001574754715
YAL019W,YOR313C,0,6.7601223,0.33773088455200195,0.12774451076984406,0.02510502189397812
YMR093W,YPL144W,1,6.7557044,0.339473694562912,0.128742516040802,0.02510502189397812
YNL065W,YGR174C,0,6.7490425,0.3385826647281647,0.128742516040802,0.025205040350556374
YML128C,YHR096C,0,6.748693,0.3376963436603546,0.128742516040802,0.025305060669779778
YLR074C,YJL062W,0,6.7477865,0.33681461215019226,0.128742516040802,0.02540508098900318
YOR346W,YOR061W,1,6.744776,0.3385416567325592,0.12974052131175995,0.02540508098900318
YKR050W,YNL311C,0,6.7381887,0.33766233921051025,0.12974052131175995,0.025505101308226585
YPL204W,YGR057C,0,6.736046,0.33678755164146423,0.12974052131175995,0.02560512162744999
YKL051W,YMR022W,0,6.7357645,0.33591732382774353,0.12974052131175995,0.025705141946673393
YPL085W,YFR034C,1,6.7310677,0.33762887120246887,0.1307385265827179,0.025705141946673393
YJL112W,YKR054C,0,6.729788,0.336760938167572,0.1307385265827179,0.025805160403251648
YGR128C,YPR095C,1,6.724045,0.3384615480899811,0.13173653185367584,0.025805160403251648
YDR101C,YMR270C,0,6.7219095,0.3375959098339081,0.13173653185367584,0.025905180722475052
YHR025W,YDR511W,0,6.7110906,0.33673468232154846,0.13173653185367584,0.026005201041698456
YJR066W,YML042W,0,6.7086315,0.3358778655529022,0.13173653185367584,0.02610522136092186
YGR271C-A,YNL191W,1,6.706027,0.3375634551048279,0.1327345371246338,0.02610522136092186
YJL006C,YDR420W,1,6.7041216,0.33924052119255066,0.13373252749443054,0.02610522136092186
YMR017W,YBR278W,0,6.6979856,0.33838382363319397,0.13373252749443054,0.026205241680145264
YDR478W,YNL091W,0,6.697128,0.3375314772129059,0.13373252749443054,0.02630526013672352
YBR154C,YOR224C,1,6.695298,0.33919596672058105,0.1347305327653885,0.02630526013672352
YOR340C,YOR224C,1,6.6888227,0.34085214138031006,0.13572853803634644,0.02630526013672352
YMR270C,YOR039W,1,6.688447,0.3425000011920929,0.13672654330730438,0.02630526013672352
YML129C,YDL019C,0,6.6870646,0.34164589643478394,0.13672654330730438,0.026405280455946922
YLL041C,YOR113W,0,6.6858273,0.34079602360725403,0.13672654330730438,0.026505300775170326
YMR270C,YJR063W,1,6.6838665,0.3424317538738251,0.13772454857826233,0.026505300775170326
YNL294C,YFL017W-A,0,6.6822743,0.34158414602279663,0.13772454857826233,0.02660532109439373
YML043C,YML121W,1,6.6783533,0.3432098627090454,0.13872255384922028,0.02660532109439373
YGR098C,YDR398W,1,6.678196,0.3448275923728943,0.13972055912017822,0.02660532109439373
YMR036C,YBR022W,0,6.677563,0.3439803421497345,0.13972055912017822,0.026705341413617134
YNR052C,YOR091W,0,6.6758966,0.343137264251709,0.13972055912017822,0.026805361732840538
YMR070W,YML036W,1,6.673667,0.3447432816028595,0.14071856439113617,0.026805361732840538
YNL271C,YGL018C,0,6.6735063,0.34390243887901306,0.14071856439113617,0.026905380189418793
YGR128C,YPL144W,1,6.671957,0.3454987704753876,0.14171656966209412,0.026905380189418793
YML060W,YDR207C,0,6.670067,0.3446601927280426,0.14171656966209412,0.027005400508642197
YOR172W,YHR149C,0,6.6677313,0.34382566809654236,0.14171656966209412,0.0271054208278656
YPR095C,YER148W,1,6.664553,0.34541061520576477,0.14271457493305206,0.0271054208278656
YNL248C,YMR270C,1,6.6557183,0.3469879627227783,0.14371258020401,0.0271054208278656
YLR141W,YOR295W,1,6.6462116,0.3485576808452606,0.14471058547496796,0.0271054208278656
YDR532C,YLR220W,0,6.6444254,0.34772181510925293,0.14471058547496796,0.027205441147089005
YLL027W,YDR464W,0,6.642912,0.3468899428844452,0.14471058547496796,0.02730546146631241
YCL051W,YOR341W,0,6.6414022,0.3460620641708374,0.14471058547496796,0.027405481785535812
YOR061W,YNL191W,1,6.6407614,0.34761905670166016,0.1457085758447647,0.027405481785535812
YOR319W,YNR001C,0,6.6345654,0.34679335355758667,0.1457085758447647,0.027505500242114067
YNL136W,YPL130W,0,6.633768,0.34597155451774597,0.1457085758447647,0.02760552056133747
YLR141W,YOR210W,1,6.6285095,0.347517728805542,0.14670658111572266,0.02760552056133747
YDR404C,YNL066W,0,6.6267443,0.3466981053352356,0.14670658111572266,0.027705540880560875
YPR161C,YEL040W,0,6.626473,0.3458823561668396,0.14670658111572266,0.02780556119978428
YDR279W,YPR182W,0,6.621999,0.34507042169570923,0.14670658111572266,0.027905581519007683
YBR154C,YPL144W,1,6.621051,0.34660422801971436,0.1477045863866806,0.027905581519007683
YMR274C,YOL108C,0,6.6138406,0.3457943797111511,0.1477045863866806,0.028005601838231087
YDR174W,YBR021W,1,6.6137257,0.3473193347454071,0.14870259165763855,0.028005601838231087
YGL058W,YOL109W,0,6.6108465,0.3465116322040558,0.14870259165763855,0.02810562029480934
YMR080C,YPL111W,0,6.6072702,0.34570765495300293,0.14870259165763855,0.028205640614032745
YBL021C,YDR398W,1,6.605756,0.3472222089767456,0.1497005969285965,0.028205640614032745
YMR171C,YNL128W,0,6.603921,0.3464203178882599,0.1497005969285965,0.02830566093325615
YOR298W,YMR257C,0,6.6034584,0.34562212228775024,0.1497005969285965,0.028405681252479553
YKL203C,YML059C,0,6.6022053,0.3448275923728943,0.1497005969285965,0.028505701571702957
YOR319W,YOR341W,1,6.5996013,0.34633028507232666,0.15069860219955444,0.028505701571702957
YLR309C,YMR039C,0,6.597101,0.3455377519130707,0.15069860219955444,0.02860572189092636
YLR361C,YLL040C,0,6.5865574,0.344748854637146,0.15069860219955444,0.028705740347504616
YOR090C,YOR181W,0,6.5856676,0.3439635634422302,0.15069860219955444,0.02880576066672802
YJR055W,YBL014C,0,6.583636,0.3431818187236786,0.15069860219955444,0.028905780985951424
YNL113W,YCR073C,1,6.5818233,0.34467118978500366,0.1516966074705124,0.028905780985951424
YKL045W,YDR299W,0,6.579054,0.3438914120197296,0.1516966074705124,0.029005801305174828
YPR175W,YPR138C,0,6.5786467,0.3431151211261749,0.1516966074705124,0.02910582162439823
YOR195W,YPR188C,0,6.5752687,0.342342346906662,0.1516966074705124,0.029205841943621635
YMR233W,YOR061W,1,6.572013,0.3438202142715454,0.15269461274147034,0.029205841943621635
YMR070W,YJL148W,1,6.570369,0.34529146552085876,0.15369261801242828,0.029205841943621635
YIR009W,YOR341W,1,6.569288,0.3467561602592468,0.15469062328338623,0.029205841943621635
YHR143W-A,YJL148W,1,6.5683374,0.3482142984867096,0.15568862855434418,0.029205841943621635
YNL206C,YLR300W,0,6.567937,0.3474387526512146,0.15568862855434418,0.02930586040019989
YCR086W,YJL059W,0,6.5677977,0.3466666638851166,0.15568862855434418,0.029405880719423294
YLR085C,YMR239C,0,6.567619,0.34589800238609314,0.15568862855434418,0.029505901038646698
YJL006C,YML036W,1,6.5672703,0.34734514355659485,0.15668663382530212,0.029505901038646698
YPL215W,YNR001C,0,6.5642347,0.34657835960388184,0.15668663382530212,0.029605921357870102
YPL186C,YNL183C,0,6.5579023,0.345814973115921,0.15668663382530212,0.029705941677093506
YMR290C,YFR033C,0,6.554457,0.34505495429039,0.15668663382530212,0.02980596199631691
YMR171C,YOR272W,0,6.553189,0.34429824352264404,0.15668663382530212,0.029905980452895164
YOL111C,YCR096C,0,6.550785,0.3435448706150055,0.15668663382530212,0.03000600077211857
YPR134W,YKL081W,0,6.5467205,0.3427947461605072,0.15668663382530212,0.030106021091341972
YER015W,YDR060W,0,6.5442314,0.34204792976379395,0.15668663382530212,0.030206041410565376
YPL126W,YBR213W,1,6.543844,0.343478262424469,0.15768462419509888,0.030206041410565376
YJL006C,YHR099W,1,6.5404644,0.3449023962020874,0.15868262946605682,0.030206041410565376
YKL139W,YBR213W,1,6.536827,0.34632036089897156,0.15968063473701477,0.030206041410565376
YKL186C,YBR187W,0,6.5350337,0.3455723524093628,0.15968063473701477,0.03030606172978878
YDR334W,YDL065C,0,6.531207,0.3448275923728943,0.15968063473701477,0.030406082049012184
YDR148C,YMR302C,0,6.53057,0.34408602118492126,0.15968063473701477,0.03050610050559044
YIL079C,YPL130W,0,6.5283847,0.3433476388454437,0.15968063473701477,0.030606120824813843
YOR346W,YMR093W,1,6.524061,0.3447537422180176,0.16067864000797272,0.030606120824813843
YHR067W,YHR077C,0,6.52398,0.3440170884132385,0.16067864000797272,0.030706141144037247
YGL045W,YJL102W,0,6.521961,0.34328359365463257,0.16067864000797272,0.03080616146326065
YPL126W,YPL082C,1,6.520211,0.3446808457374573,0.16167664527893066,0.03080616146326065
YGR271C-A,YOR210W,1,6.518093,0.3460721969604492,0.1626746505498886,0.03080616146326065
YJL006C,YGR068C,1,6.5086064,0.347457617521286,0.16367265582084656,0.03080616146326065
YHR059W,YGR030C,0,6.50819,0.3467230498790741,0.16367265582084656,0.030906181782484055
YKL144C,YKL078W,0,6.5080276,0.3459915518760681,0.16367265582084656,0.03100620210170746
YHR064C,YLR019W,0,6.5063124,0.34526315331459045,0.16367265582084656,0.031106220558285713
YPR149W,YNL236W,0,6.504307,0.3445378243923187,0.16367265582084656,0.031206240877509117
YOR065W,YLR323C,0,6.503848,0.34381550550460815,0.16367265582084656,0.03130626305937767
YDR395W,YMR200W,0,6.503259,0.34309622645378113,0.16367265582084656,0.031406279653310776
YKL125W,YHR196W,1,6.501603,0.3444676399230957,0.1646706610918045,0.031406279653310776
YBR086C,YLR327C,0,6.496846,0.34375,0.1646706610918045,0.03150629997253418
YPL126W,YPR095C,1,6.495304,0.3451143503189087,0.16566866636276245,0.03150629997253418
YJL109C,YOR061W,1,6.4952455,0.3464730381965637,0.1666666716337204,0.03150629997253418
YDR301W,YMR015C,0,6.494553,0.3457556962966919,0.1666666716337204,0.031606320291757584
YMR233W,YKR077W,0,6.49455,0.34504133462905884,0.1666666716337204,0.03170634061098099
YJL148W,YBR049C,1,6.4902134,0.3463917672634125,0.16766467690467834,0.03170634061098099
YPR118W,YBR295W,0,6.4846506,0.34567901492118835,0.16766467690467834,0.03180636093020439
YKL067W,YDR512C,0,6.4842987,0.3449692130088806,0.16766467690467834,0.031906381249427795
YDR528W,YML034W,0,6.478875,0.3442623019218445,0.16766467690467834,0.0320064015686512
YGL203C,YGR229C,0,6.477666,0.34355828166007996,0.16766467690467834,0.0321064218878746
YER060W-A,YPR010C,1,6.477401,0.34489795565605164,0.1686626672744751,0.0321064218878746
YPL115C,YKL156W,0,6.476671,0.34419551491737366,0.1686626672744751,0.03220644220709801
YDR479C,YDL146W,0,6.476391,0.3434959352016449,0.1686626672744751,0.03230646252632141
YOR297C,YDR253C,0,6.4738817,0.34279918670654297,0.1686626672744751,0.032406482845544815
YEL062W,YPL130W,0,6.468277,0.34210526943206787,0.1686626672744751,0.03250649943947792
YJL110C,YER165W,0,6.4599175,0.3414141535758972,0.1686626672744751,0.032606519758701324
YOR243C,YIL153W,0,6.4569073,0.3407258093357086,0.1686626672744751,0.03270654007792473
YOR346W,YPR095C,1,6.4522147,0.34205231070518494,0.16966067254543304,0.03270654007792473
YKR007W,YBR049C,1,6.4503365,0.34337350726127625,0.170658677816391,0.03270654007792473
YOR319W,YKL006C-A,1,6.4454017,0.34468936920166016,0.17165668308734894,0.03270654007792473
YJR119C,YDR148C,0,6.4448643,0.3440000116825104,0.17165668308734894,0.03280656039714813
YOR224C,YOR039W,1,6.4435143,0.34530937671661377,0.17265468835830688,0.03280656039714813
YML043C,YKR007W,1,6.4426546,0.3466135561466217,0.17365269362926483,0.03280656039714813
YDR532C,YMR286W,0,6.4414287,0.3459244668483734,0.17365269362926483,0.032906580716371536
YKL166C,YLL043W,0,6.438656,0.3452380895614624,0.17365269362926483,0.03300660103559494
YER060W-A,YMR093W,1,6.437689,0.3465346395969391,0.17465069890022278,0.03300660103559494
YMR302C,YER101C,0,6.4364133,0.34584981203079224,0.17465069890022278,0.033106621354818344
YDR234W,YDL033C,0,6.433853,0.3451676666736603,0.17465069890022278,0.03320664167404175
YJR025C,YDL160C,0,6.4334354,0.3444882035255432,0.17465069890022278,0.03330666199326515
YJR058C,YFL033C,0,6.427276,0.34381139278411865,0.17465069890022278,0.033406682312488556
YBR173C,YJL071W,0,6.4269857,0.343137264251709,0.17465069890022278,0.03350670263171196
YPR161C,YBR034C,0,6.426717,0.34246575832366943,0.17465069890022278,0.033606722950935364
YLR312W-A,YPR086W,0,6.424976,0.341796875,0.17465069890022278,0.03370673954486847
YDR122W,YMR115W,0,6.424684,0.3411306142807007,0.17465069890022278,0.03380675986409187
YNL091W,YDR529C,0,6.422373,0.3404669165611267,0.17465069890022278,0.03390678018331528
YLR409C,YNL231C,0,6.4188156,0.33980581164360046,0.17465069890022278,0.03400680050253868
YDR297W,YHR036W,0,6.418763,0.33914729952812195,0.17465069890022278,0.034106820821762085
YJR117W,YOL072W,0,6.417444,0.338491290807724,0.17465069890022278,0.03420684114098549
YPR016C,YKL144C,0,6.416645,0.3378378450870514,0.17465069890022278,0.03430686146020889
YER046W,YCL036W,0,6.4063225,0.33718690276145935,0.17465069890022278,0.0344068817794323
YDR083W,YLR200W,0,6.4023294,0.3365384638309479,0.17465069890022278,0.0345069020986557
YNL151C,YDR437W,0,6.4023004,0.33589252829551697,0.17465069890022278,0.034606922417879105
YBL035C,YPR100W,0,6.4020863,0.33524903655052185,0.17465069890022278,0.03470694273710251
YHR143W-A,YNL113W,1,6.3988085,0.33652007579803467,0.17564870417118073,0.03470694273710251
YHR069C,YDR398W,0,6.3973627,0.3358778655529022,0.17564870417118073,0.03480696305632591
YHR181W,YLR165C,0,6.3960996,0.33523809909820557,0.17564870417118073,0.03490697965025902
YNR053C,YNL145W,0,6.3890443,0.3346007466316223,0.17564870417118073,0.03500699996948242
YML109W,YHR170W,0,6.388343,0.33396583795547485,0.17564870417118073,0.035107020288705826
YER110C,YOR026W,0,6.384565,0.3333333432674408,0.17564870417118073,0.03520704060792923
YDR091C,YOR226C,0,6.3815928,0.33270320296287537,0.17564870417118073,0.035307060927152634
YCR038C,YLL034C,0,6.3799343,0.33207547664642334,0.17564870417118073,0.03540708124637604
YBL017C,YLR215C,0,6.379403,0.33145010471343994,0.17564870417118073,0.03550710156559944
YGR113W,YPL112C,0,6.377588,0.3308270573616028,0.17564870417118073,0.035607121884822845
YOR224C,YOR210W,1,6.3764205,0.3320825397968292,0.17664670944213867,0.035607121884822845
YMR017W,YOR025W,0,6.37627,0.3314606845378876,0.17664670944213867,0.03570714220404625
YFR049W,YJL005W,0,6.3755655,0.3308411240577698,0.17664670944213867,0.03580716252326965
YML043C,YPL082C,1,6.3720875,0.33208954334259033,0.17764471471309662,0.03580716252326965
YNL248C,YGL243W,1,6.3690624,0.3333333432674408,0.17864271998405457,0.03580716252326965
YMR093W,YML036W,1,6.3625865,0.3345724940299988,0.1796407252550125,0.03580716252326965
YLR007W,YNL039W,0,6.3576374,0.33395177125930786,0.1796407252550125,0.03590718284249306
YKR056W,YDR500C,0,6.355691,0.3333333432674408,0.1796407252550125,0.03600720316171646
YBL006C,YJL148W,1,6.3556695,0.3345656096935272,0.18063871562480927,0.03600720316171646
YDR496C,YCL025C,0,6.353669,0.3339483439922333,0.18063871562480927,0.03610721975564957
YOR219C,YKL135C,0,6.351074,0.3333333432674408,0.18063871562480927,0.03620724007487297
YOR381W,YKL191W,0,6.3471212,0.3327205777168274,0.18063871562480927,0.036307260394096375
YNL121C,YNL156C,0,6.3452682,0.33211007714271545,0.18063871562480927,0.03640728071331978
YMR316W,YLR085C,0,6.3411283,0.331501841545105,0.18063871562480927,0.03650730103254318
YJL006C,YFR049W,0,6.339382,0.3308957815170288,0.18063871562480927,0.036607321351766586
YFL025C,YKR019C,0,6.33785,0.3302919566631317,0.18063871562480927,0.03670734167098999
YPL126W,YML043C,1,6.336772,0.33151182532310486,0.1816367208957672,0.03670734167098999
YOL061W,YPR072W,0,6.334472,0.3309091031551361,0.1816367208957672,0.036807361990213394
YLR329W,YGR076C,0,6.3322134,0.3303085267543793,0.1816367208957672,0.0369073823094368
YPR110C,YOR224C,1,6.326229,0.33152174949645996,0.18263472616672516,0.0369073823094368
YDR118W,YPL093W,0,6.3254375,0.3309222459793091,0.18263472616672516,0.0370074026286602
YOR106W,YNL317W,0,6.325201,0.3303249180316925,0.18263472616672516,0.037107422947883606
YNL248C,YFL034C-A,1,6.32275,0.3315315246582031,0.1836327314376831,0.037107422947883606
YLR314C,YHR143W,0,6.322089,0.3309352397918701,0.1836327314376831,0.03720744326710701
YGR145W,YBR041W,0,6.3176155,0.330341100692749,0.1836327314376831,0.037307459861040115
YLR371W,YNL240C,0,6.3131104,0.32974910736083984,0.1836327314376831,0.03740748018026352
YDR324C,YNL191W,1,6.312971,0.3309481143951416,0.18463073670864105,0.03740748018026352
YDR013W,YGL213C,0,6.3121624,0.3303571343421936,0.18463073670864105,0.03750750049948692
YGL136C,YOR087W,0,6.3064466,0.32976827025413513,0.18463073670864105,0.03760752081871033
YBL008W,YMR115W,0,6.3012953,0.3291814923286438,0.18463073670864105,0.03770754113793373
YMR270C,YPR010C,1,6.2936325,0.33037298917770386,0.185628741979599,0.03770754113793373
YGR229C,YPR169W,0,6.2888584,0.3297872245311737,0.185628741979599,0.037807561457157135
YDL045C,YNL317W,0,6.2860613,0.3292035460472107,0.185628741979599,0.03790758177638054
YOL064C,YJR147W,0,6.284382,0.32862189412117004,0.185628741979599,0.03800760209560394
YKL205W,YFR033C,0,6.284257,0.32804232835769653,0.185628741979599,0.03810762241482735
YKL205W,YOL139C,0,6.2841997,0.3274647891521454,0.185628741979599,0.03820764273405075
YOR210W,YCR073C,1,6.28397,0.3286467492580414,0.18662674725055695,0.03820764273405075
YOR267C,YPL140C,0,6.283595,0.32807016372680664,0.18662674725055695,0.038307663053274155
YHR143W-A,YKL006C-A,1,6.282774,0.3292469382286072,0.1876247525215149,0.038307663053274155
YFL049W,YKL180W,0,6.2812443,0.32867133617401123,0.1876247525215149,0.03840768337249756
YDL030W,YLR200W,0,6.2796874,0.32809773087501526,0.1876247525215149,0.038507699966430664
YBR154C,YOL002C,1,6.2785783,0.32926830649375916,0.18862275779247284,0.038507699966430664
YDR040C,YMR256C,0,6.270116,0.3286956548690796,0.18862275779247284,0.03860772028565407
YHR154W,YBR084W,0,6.2681313,0.328125,0.18862275779247284,0.03870774060487747
YNL306W,YBL038W,0,6.264764,0.327556312084198,0.18862275779247284,0.038807760924100876
YOR340C,YML121W,1,6.264284,0.32871973514556885,0.1896207630634308,0.038807760924100876
YJR066W,YOR224C,1,6.2632246,0.32987910509109497,0.19061876833438873,0.038807760924100876
YMR143W,YMR247C,0,6.2619023,0.3293103575706482,0.19061876833438873,0.03890778124332428
YGR098C,YDR156W,1,6.2567625,0.3304647207260132,0.19161677360534668,0.03890778124332428
YLR141W,YJR145C,0,6.2555165,0.3298968970775604,0.19161677360534668,0.039007801562547684
YKR007W,YML101C,1,6.2537136,0.33104631304740906,0.19261476397514343,0.039007801562547684
YCR035C,YJR147W,0,6.253175,0.3304794430732727,0.19261476397514343,0.03910782188177109
YPR110C,YKL125W,1,6.2508626,0.33162394165992737,0.19361276924610138,0.03910782188177109
YGL063W,YMR270C,1,6.248184,0.33276450634002686,0.19461077451705933,0.03910782188177109
YGL016W,YLR165C,0,6.2469463,0.3321976065635681,0.19461077451705933,0.03920784220099449
YDR118W,YAL058W,0,6.2442517,0.3316326439380646,0.19461077451705933,0.039307862520217896
YJR155W,YDR240C,0,6.241538,0.33106961846351624,0.19461077451705933,0.0394078828394413
YDR466W,YLL027W,0,6.238714,0.3305084705352783,0.19461077451705933,0.0395079031586647
YCR021C,YGR086C,0,6.234412,0.3299492299556732,0.19461077451705933,0.03960791975259781
YER007C-A,YIL004C,0,6.232025,0.3293918967247009,0.19461077451705933,0.03970794007182121
YNL248C,YGL063W,1,6.231043,0.3305227756500244,0.19560877978801727,0.03970794007182121
YKL125W,YIL035C,1,6.229244,0.3316498398780823,0.19660678505897522,0.03970794007182121
YNL206C,YMR015C,0,6.2243614,0.3310924470424652,0.19660678505897522,0.03980796039104462
YFR003C,YOR113W,0,6.222257,0.3305369019508362,0.19660678505897522,0.03990798071026802
YMR110C,YLR395C,0,6.2218466,0.32998326420783997,0.19660678505897522,0.040008001029491425
YER113C,YDR082W,0,6.219997,0.3294314444065094,0.19660678505897522,0.04010802134871483
YJL148W,YBL014C,1,6.2196608,0.3305509090423584,0.19760479032993317,0.04010802134871483
YJR112W,YOL020W,0,6.211364,0.33000001311302185,0.19760479032993317,0.04020804166793823
YLR212C,YHL011C,0,6.2092476,0.32945090532302856,0.19760479032993317,0.040308061987161636
YMR269W,YLR292C,0,6.208009,0.3289036452770233,0.19760479032993317,0.04040808230638504
YPR008W,YKL032C,0,6.200184,0.3283582031726837,0.19760479032993317,0.040508102625608444
YJR073C,YOL018C,0,6.1993513,0.32781457901000977,0.19760479032993317,0.04060812294483185
YOR341W,YEL016C,1,6.1984715,0.32892560958862305,0.1986027956008911,0.04060812294483185
YBR087W,YCL063W,0,6.1924977,0.32838284969329834,0.1986027956008911,0.04070814326405525
YMR056C,YKR019C,0,6.191707,0.3278418481349945,0.1986027956008911,0.04080815985798836
YLL021W,YKL032C,0,6.191547,0.32730263471603394,0.1986027956008911,0.04090818017721176
YOR346W,YBL014C,1,6.1907277,0.3284072279930115,0.19960080087184906,0.04090818017721176
YJL148W,YPL253C,0,6.1886845,0.32786884903907776,0.19960080087184906,0.041008200496435165
YMR071C,YFR031C,0,6.1861887,0.3273322284221649,0.19960080087184906,0.04110822081565857
YBR123C,YOR011W,0,6.1855235,0.32679739594459534,0.19960080087184906,0.04120824113488197
YOR047C,YIL068C,0,6.1829243,0.32626426219940186,0.19960080087184906,0.04130826145410538
YFL034C-A,YOR224C,1,6.1810484,0.3273615539073944,0.200598806142807,0.04130826145410538
YOR061W,YOL002C,1,6.179736,0.3284552991390228,0.20159681141376495,0.04130826145410538
YHR052W,YLR264W,0,6.1790175,0.3279220759868622,0.20159681141376495,0.04140828177332878
YOR346W,YPL144W,1,6.1743193,0.32901135087013245,0.2025948166847229,0.04140828177332878
YHR099W,YPL144W,1,6.167152,0.3300970792770386,0.20359280705451965,0.04140828177332878
YGR271C-A,YJR066W,1,6.166457,0.33117932081222534,0.2045908123254776,0.04140828177332878
YMR022W,YDR139C,0,6.164747,0.3306451737880707,0.2045908123254776,0.041508302092552185
YOR061W,YCR073C,1,6.16223,0.33172303438186646,0.20558881759643555,0.041508302092552185
YBL021C,YOR210W,1,6.1595745,0.33279743790626526,0.2065868228673935,0.041508302092552185
YML036W,YPR187W,1,6.158719,0.3338683843612671,0.20758482813835144,0.041508302092552185
YOR359W,YMR076C,0,6.1560335,0.3333333432674408,0.20758482813835144,0.04160832241177559
YOL077C,YBR049C,0,6.153161,0.3328000009059906,0.20758482813835144,0.04170834273099899
YBR188C,YHR046C,0,6.153114,0.3322683572769165,0.20758482813835144,0.0418083630502224
YLR312W-A,YAL017W,0,6.15297,0.3317384421825409,0.20758482813835144,0.0419083833694458
YHR081W,YNR067C,0,6.151404,0.331210196018219,0.20758482813835144,0.042008399963378906
YGR185C,YGL062W,0,6.1478033,0.3306836187839508,0.20758482813835144,0.04210842028260231
YBR212W,YNL244C,0,6.138238,0.3301587402820587,0.20758482813835144,0.042208440601825714
YOR340C,YKL125W,1,6.137298,0.3312202990055084,0.2085828334093094,0.042208440601825714
YML036W,YML121W,1,6.136593,0.3322784900665283,0.20958083868026733,0.042208440601825714
YNL112W,YEL044W,0,6.1362505,0.33175355195999146,0.20958083868026733,0.04230846092104912
YGR082W,YIL021W,0,6.1307955,0.3312302827835083,0.20958083868026733,0.04240848124027252
YMR080C,YMR048W,0,6.1305313,0.33070865273475647,0.20958083868026733,0.042508501559495926
YOR224C,YPR095C,1,6.1264877,0.3317610025405884,0.21057884395122528,0.042508501559495926
YBL078C,YPL135W,0,6.1201043,0.331240177154541,0.21057884395122528,0.04260852187871933
YJR078W,YML129C,0,6.1182165,0.330720990896225,0.21057884395122528,0.042708542197942734
YER056C-A,YFL045C,0,6.115509,0.33020344376564026,0.21057884395122528,0.04280856251716614
YJL183W,YDR497C,0,6.112159,0.3296875059604645,0.21057884395122528,0.04290858283638954
YPR156C,YLR181C,0,6.1087837,0.32917317748069763,0.21057884395122528,0.043008603155612946
YPR031W,YBR260C,0,6.1087637,0.32866042852401733,0.21057884395122528,0.04310862347483635
YIL007C,YLR343W,0,6.105671,0.32814928889274597,0.21057884395122528,0.043208640068769455
YER148W,YKL139W,1,6.1041555,0.32919254899024963,0.21157684922218323,0.043208640068769455
YOR065W,YIR038C,0,6.098753,0.32868218421936035,0.21157684922218323,0.04330866038799286
YML120C,YBR251W,0,6.0954037,0.32817336916923523,0.21157684922218323,0.04340868070721626
YHR076W,YMR153W,0,6.0940657,0.32766616344451904,0.21157684922218323,0.04350870102643967
YMR192W,YDR288W,0,6.0911274,0.327160507440567,0.21157684922218323,0.04360872134566307
YJL109C,YBR049C,1,6.0888453,0.3281972408294678,0.21257485449314117,0.04360872134566307
YDR420W,YDR398W,1,6.087615,0.32923075556755066,0.21357285976409912,0.04360872134566307
YDR496C,YBR105C,0,6.0870295,0.32872503995895386,0.21357285976409912,0.043708741664886475
YJL140W,YAL048C,0,6.0858107,0.32822084426879883,0.21357285976409912,0.04380876198410988
YBR030W,YBL069W,0,6.0836315,0.32771822810173035,0.21357285976409912,0.04390878230333328
YFL034C-A,YJL148W,1,6.08261,0.32874616980552673,0.21457086503505707,0.04390878230333328
YGL163C,YFR041C,0,6.080931,0.32824426889419556,0.21457086503505707,0.044008802622556686
YIL138C,YDR011W,0,6.0791574,0.32774388790130615,0.21457086503505707,0.04410882294178009
YOR319W,YDL140C,1,6.0782847,0.3287671208381653,0.21556885540485382,0.04410882294178009
YOL101C,YAL031C,0,6.076186,0.32826748490333557,0.21556885540485382,0.044208843261003494
YLL003W,YOR252W,0,6.073946,0.32776933908462524,0.21556885540485382,0.0443088635802269
YMR213W,YFR033C,0,6.0707035,0.3272727131843567,0.21556885540485382,0.044408880174160004
YOR232W,YDR140W,0,6.068882,0.3267776072025299,0.21556885540485382,0.04450890049338341
YPR017C,YPL085W,1,6.065924,0.32779455184936523,0.21656686067581177,0.04450890049338341
YNL250W,YNL185C,0,6.064622,0.32730016112327576,0.21656686067581177,0.04460892081260681
YBL014C,YML121W,1,6.063678,0.32831326127052307,0.21756486594676971,0.04460892081260681
YMR270C,YOR224C,1,6.06353,0.32932332158088684,0.21856287121772766,0.04460892081260681
YPL126W,YOR319W,1,6.062731,0.33033034205436707,0.2195608764886856,0.04460892081260681
YBR192W,YKR019C,0,6.0623665,0.32983508706092834,0.2195608764886856,0.044708941131830215
YGR217W,YBR049C,1,6.061763,0.33083832263946533,0.22055888175964355,0.044708941131830215
YJL110C,YJL134W,0,6.060273,0.3303437829017639,0.22055888175964355,0.04480896145105362
YNL328C,YBR042C,0,6.0542054,0.3298507332801819,0.22055888175964355,0.04490898177027702
YHR172W,YBL020W,0,6.046581,0.32935917377471924,0.22055888175964355,0.04500900208950043
YML015C,YHR092C,0,6.041682,0.3288690447807312,0.22055888175964355,0.04510902240872383
YKL125W,YJL109C,1,6.037161,0.3298662602901459,0.2215568870306015,0.04510902240872383
YMR182C,YFR003C,0,6.0332956,0.32937684655189514,0.2215568870306015,0.045209042727947235
YLR409C,YKL043W,0,6.030009,0.3288888931274414,0.2215568870306015,0.04530906304717064
YOR224C,YPL144W,1,6.0272098,0.3298816680908203,0.22255489230155945,0.04530906304717064
YJL078C,YOR179C,0,6.0260983,0.3293944001197815,0.22255489230155945,0.04540908336639404
YPL146C,YNL207W,0,6.0147953,0.3289085626602173,0.22255489230155945,0.04550909996032715
YBR049C,YLR129W,0,6.014581,0.3284241557121277,0.22255489230155945,0.04560912027955055
YKL042W,YGL078C,0,6.014575,0.3279411792755127,0.22255489230155945,0.045709140598773956
YGR271C-A,YIL035C,1,6.013143,0.32892805337905884,0.2235528975725174,0.045709140598773956
YNR008W,YDL040C,0,6.012022,0.32844576239585876,0.2235528975725174,0.04580916091799736
YGL019W,YMR093W,1,6.003413,0.3294290006160736,0.22455090284347534,0.04580916091799736
YJL148W,YEL016C,1,6.0030894,0.33040934801101685,0.2255489081144333,0.04580916091799736
YHR196W,YFR034C,1,6.001668,0.33138686418533325,0.22654691338539124,0.04580916091799736
YDR244W,YGR225W,0,6.0009995,0.3309037983417511,0.22654691338539124,0.045909181237220764
YML077W,YLR285W,0,6.0003376,0.33042213320732117,0.22654691338539124,0.04600920155644417
YHR204W,YLR020C,0,5.9985046,0.32994186878204346,0.22654691338539124,0.04610922187566757
YOR304W,YNL149C,0,5.9984627,0.3294629752635956,0.22654691338539124,0.046209242194890976
YIR009W,YER148W,1,5.995927,0.33043476939201355,0.227544903755188,0.046209242194890976
YPL148C,YCR081W,0,5.995475,0.329956591129303,0.227544903755188,0.04630926251411438
YKL161C,YBL039C,0,5.9951344,0.32947975397109985,0.227544903755188,0.046409282833337784
YPL140C,YPL033C,0,5.995123,0.32900431752204895,0.227544903755188,0.04650930315256119
YOR297C,YBR114W,0,5.9949684,0.3285302519798279,0.227544903755188,0.04660932347178459
YLR384C,YGR083C,0,5.994709,0.32805755734443665,0.227544903755188,0.0467093400657177
YLR246W,YNL061W,0,5.9944196,0.32758620381355286,0.227544903755188,0.0468093603849411
YIL123W,YLR185W,0,5.994296,0.3271162211894989,0.227544903755188,0.046909380704164505
YKL125W,YML101C,1,5.9933615,0.3280802369117737,0.22854290902614594,0.046909380704164505
YDR501W,YNR003C,0,5.992544,0.32761088013648987,0.22854290902614594,0.04700940102338791
YOR358W,YGL120C,0,5.9910817,0.3271428644657135,0.22854290902614594,0.04710942134261131
YPL051W,YOR346W,1,5.9902363,0.328102707862854,0.22954091429710388,0.04710942134261131
YOL138C,YMR075W,0,5.9874587,0.3276353180408478,0.22954091429710388,0.04720944166183472
YGR217W,YPL144W,1,5.9859133,0.3285917639732361,0.23053891956806183,0.04720944166183472
YPL239W,YBR274W,0,5.9839635,0.328125,0.23053891956806183,0.04730946198105812
YGR217W,YOR061W,1,5.982713,0.3290780186653137,0.23153692483901978,0.04730946198105812
YOL056W,YNL283C,0,5.9809256,0.32861191034317017,0.23153692483901978,0.047409482300281525
YOR039W,YDL138W,0,5.98009,0.32814711332321167,0.23153692483901978,0.04750950261950493
YBR301W,YLR175W,0,5.978814,0.32768362760543823,0.23153692483901978,0.04760952293872833
YPR017C,YPR010C,1,5.9768987,0.3286318778991699,0.23253493010997772,0.04760952293872833
YER007C-A,YDL197C,0,5.9728003,0.3281690180301666,0.23253493010997772,0.047709543257951736
YHR148W,YMR053C,0,5.9712715,0.327707439661026,0.23253493010997772,0.04780956357717514
YGL227W,YGL059W,0,5.9705014,0.3272472023963928,0.23253493010997772,0.047909580171108246
YDR400W,YML023C,0,5.970459,0.3267882168292999,0.23253493010997772,0.04800960049033165
YBR154C,YBL025W,1,5.9701476,0.32773110270500183,0.23353293538093567,0.04800960049033165
YPL112C,YDL031W,0,5.9658012,0.3272727131843567,0.23353293538093567,0.048109620809555054
YPL051W,YHR196W,1,5.9636116,0.32821229100227356,0.23453094065189362,0.048109620809555054
YIL026C,YPL097W,0,5.9588027,0.32775452733039856,0.23453094065189362,0.04820964112877846
YBR082C,YNR037C,0,5.956566,0.32729804515838623,0.23453094065189362,0.04830966144800186
YBR033W,YKL051W,0,5.9520564,0.3268428444862366,0.23453094065189362,0.048409681767225266
YLL009C,YPL177C,0,5.9496336,0.3263888955116272,0.23453094065189362,0.04850970208644867
YDL099W,YJR151C,0,5.945791,0.3259361982345581,0.23453094065189362,0.04860972240567207
YDR308C,YPR016C,0,5.9444437,0.3254847526550293,0.23453094065189362,0.04870974272489548
YIR009W,YOR039W,1,5.940179,0.3264177143573761,0.23552894592285156,0.04870974272489548
YJR067C,YMR070W,1,5.9397297,0.3273480534553528,0.2365269511938095,0.04870974272489548
YPR144C,YNL080C,0,5.9389544,0.3268965482711792,0.2365269511938095,0.04880976304411888
YOR319W,YPR194C,0,5.9378395,0.3264462947845459,0.2365269511938095,0.048909783363342285
YNL068C,YAR018C,0,5.9366827,0.3259972631931305,0.2365269511938095,0.04900980368256569
YKL125W,YJL148W,1,5.93318,0.32692307233810425,0.23752495646476746,0.04900980368256569
YDL102W,YER007C-A,0,5.929076,0.3264746367931366,0.23752495646476746,0.049109820276498795
YML077W,YER074W,0,5.9290323,0.32602739334106445,0.23752495646476746,0.0492098405957222
YNL136W,YBR245C,0,5.9277487,0.3255814015865326,0.23752495646476746,0.0493098609149456
YBR049C,YDR111C,0,5.927415,0.32513660192489624,0.23752495646476746,0.049409881234169006
YER002W,YGR004W,0,5.9266505,0.32469305396080017,0.23752495646476746,0.04950990155339241
YGL006W,YCL063W,0,5.9248343,0.3242506682872772,0.23752495646476746,0.049609921872615814
YML076C,YPL193W,0,5.9224453,0.32380953431129456,0.23752495646476746,0.04970994219183922
YER167W,YML023C,0,5.921154,0.323369562625885,0.23752495646476746,0.04980996251106262
YGR032W,YKL181W,0,5.919515,0.32293081283569336,0.23752495646476746,0.049909982830286026
YLR141W,YEL016C,1,5.9151692,0.32384824752807617,0.2385229468345642,0.049909982830286026
YGR138C,YKL042W,0,5.9148674,0.3234100043773651,0.2385229468345642,0.05001000314950943
YJL133W,YML055W,0,5.91354,0.32297298312187195,0.2385229468345642,0.050110023468732834
YIL053W,YIR023W,0,5.913506,0.3225371241569519,0.2385229468345642,0.05021004378795624
YLR170C,YNL167C,0,5.9125767,0.322102427482605,0.2385229468345642,0.05031006038188934
YDL123W,YOR252W,0,5.91066,0.32166892290115356,0.2385229468345642,0.05041008070111275
YBR006W,YPL183C,0,5.9103003,0.3212365508079529,0.2385229468345642,0.05051010102033615
YDR395W,YAL033W,0,5.906969,0.3208053708076477,0.2385229468345642,0.050610121339559555
YML125C,YKL156W,0,5.9033113,0.32037532329559326,0.2385229468345642,0.05071014165878296
YDR381W,YGL063W,0,5.9025197,0.31994643807411194,0.2385229468345642,0.05081016197800636
YKL009W,YJR050W,0,5.902418,0.31951871514320374,0.2385229468345642,0.05091018229722977
YOR046C,YDR468C,0,5.9012747,0.31909212470054626,0.2385229468345642,0.05101020261645317
YDR261C,YGR145W,0,5.89871,0.3186666667461395,0.2385229468345642,0.051110222935676575
YMR285C,YPR199C,0,5.8982573,0.3182423412799835,0.2385229468345642,0.05121024325489998
YDL028C,YDR150W,0,5.897366,0.31781914830207825,0.2385229468345642,0.05131026357412338
YGR217W,YOL002C,1,5.89624,0.3187251091003418,0.23952095210552216,0.05131026357412338
YDR486C,YDR288W,0,5.894611,0.3183023929595947,0.23952095210552216,0.051410283893346786
YOR322C,YMR313C,0,5.893428,0.3178808093070984,0.23952095210552216,0.05151030048727989
YKL093W,YEL058W,0,5.8929768,0.3174603283405304,0.23952095210552216,0.051610320806503296
YOL061W,YNR003C,0,5.8904686,0.31704095005989075,0.23952095210552216,0.0517103411257267
YMR290C,YNL182C,0,5.8899984,0.31662270426750183,0.23952095210552216,0.051810361444950104
YLR158C,YBL068W,0,5.8883753,0.31620553135871887,0.23952095210552216,0.05191038176417351
YOR061W,YPR010C,1,5.886962,0.3171052634716034,0.2405189573764801,0.05191038176417351
YOL104C,YMR307W,0,5.8858776,0.31668856739997864,0.2405189573764801,0.05201040208339691
YGR044C,YDL093W,0,5.8842254,0.3162729740142822,0.2405189573764801,0.052110422402620316
YMR307W,YOL158C,0,5.8840685,0.3158584535121918,0.2405189573764801,0.05221044272184372
YOR340C,YML043C,1,5.8835554,0.31675392389297485,0.24151696264743805,0.05221044272184372
YFR034C,YMR042W,1,5.8813267,0.3176470696926117,0.242514967918396,0.05221044272184372
YDR398W,YDR490C,0,5.8808537,0.3172323703765869,0.242514967918396,0.05231046304106712
YNL271C,YGR085C,0,5.880478,0.3168187737464905,0.242514967918396,0.05241048336029053
YHR061C,YGR188C,0,5.8804092,0.31640625,0.242514967918396,0.05251050367951393
YPL213W,YLL018C,0,5.8707685,0.3159947991371155,0.242514967918396,0.05261052027344704
YOR340C,YNL330C,1,5.8701334,0.3168831169605255,0.24351297318935394,0.05261052027344704
YDR324C,YMR233W,1,5.8654947,0.3177691400051117,0.2445109784603119,0.05261052027344704
YDL185W,YAL062W,0,5.8642178,0.31735751032829285,0.2445109784603119,0.05271054059267044
YBR297W,YLR324W,0,5.8631983,0.31694695353507996,0.2445109784603119,0.052810560911893845
YKR080W,YMR233W,1,5.8628707,0.3178294599056244,0.24550898373126984,0.052810560911893845
YGR068C,YPL144W,1,5.861397,0.31870967149734497,0.24650698900222778,0.052810560911893845
YFR008W,YPR048W,0,5.8558154,0.31829896569252014,0.24650698900222778,0.05291058123111725
YNL113W,YPR095C,1,5.8525963,0.3191763162612915,0.24750499427318573,0.05291058123111725
YLR068W,YMR275C,0,5.8518543,0.3187660574913025,0.24750499427318573,0.05301060155034065
YDL070W,YDR087C,0,5.8506513,0.31835687160491943,0.24750499427318573,0.053110621869564056
YGL211W,YOL136C,0,5.850523,0.31794872879981995,0.24750499427318573,0.05321064218878746
YNL292W,YOL142W,0,5.8478928,0.31754159927368164,0.24750499427318573,0.053310662508010864
YPL126W,YGL063W,1,5.846652,0.3184143304824829,0.24850299954414368,0.053310662508010864
YDR071C,YGR239C,0,5.8406096,0.3180076479911804,0.24850299954414368,0.05341068282723427
YMR198W,YOR211C,0,5.840043,0.3176020383834839,0.24850299954414368,0.05351070314645767
YMR110C,YLR151C,0,5.8393455,0.31719744205474854,0.24850299954414368,0.053610723465681076
YOR039W,YDR398W,1,5.83862,0.31806614995002747,0.24950100481510162,0.053610723465681076
YIL156W,YOR253W,0,5.837463,0.31766200065612793,0.24950100481510162,0.05371074378490448
YMR070W,YPL085W,1,5.8343573,0.3185279071331024,0.25049901008605957,0.05371074378490448
YOL120C,YDR503C,0,5.830518,0.3181242048740387,0.25049901008605957,0.053810760378837585
YHR143W-A,YOL002C,1,5.829775,0.31898733973503113,0.2514970004558563,0.053810760378837585
YMR239C,YML088W,0,5.8279257,0.3185840845108032,0.2514970004558563,0.05391078069806099
YML112W,YJL148W,1,5.824836,0.3194444477558136,0.25249502062797546,0.05391078069806099
YNL248C,YKR007W,1,5.824692,0.3203026354312897,0.2534930109977722,0.05391078069806099
YER151C,YOR038C,0,5.8238006,0.31989923119544983,0.2534930109977722,0.05401080101728439
YGR085C,YDR309C,0,5.822595,0.31949687004089355,0.2534930109977722,0.0541108213365078
YFL057C,YMR009W,0,5.8194466,0.3190954625606537,0.2534930109977722,0.0542108416557312
YFL034C-A,YBR154C,1,5.816978,0.31994980573654175,0.25449103116989136,0.0542108416557312
YLL031C,YPR006C,0,5.814516,0.3195488750934601,0.25449103116989136,0.054310861974954605
YDR007W,YBR247C,0,5.8140845,0.3191489279270172,0.25449103116989136,0.05441088229417801
YPL126W,YGR217W,1,5.8073444,0.3199999928474426,0.2554890215396881,0.05441088229417801
YOR175C,YOL158C,0,5.7964244,0.31960049271583557,0.2554890215396881,0.05451090261340141
YEL070W,YDR511W,0,5.793677,0.3192020058631897,0.2554890215396881,0.05461092293262482
YJL082W,YHR085W,0,5.793627,0.31880447268486023,0.2554890215396881,0.05471094325184822
YOL070C,YLR401C,0,5.793458,0.31840795278549194,0.2554890215396881,0.054810963571071625
YPL204W,YLR196W,0,5.7933626,0.31801241636276245,0.2554890215396881,0.05491098389029503
YJL117W,YDL003W,0,5.7910423,0.31761786341667175,0.2554890215396881,0.055011000484228134
YGL225W,YOL139C,0,5.7910337,0.31722429394721985,0.2554890215396881,0.05511102080345154
YDL166C,YOR322C,0,5.7890906,0.31683167815208435,0.2554890215396881,0.05521104112267494
YGL111W,YHR164C,0,5.7890368,0.31644004583358765,0.2554890215396881,0.055311061441898346
YDR257C,YHL032C,0,5.7878036,0.31604939699172974,0.2554890215396881,0.05541108176112175
YNR067C,YEL017C-A,0,5.7856874,0.31565967202186584,0.2554890215396881,0.055511102080345154
YGR245C,YPR008W,0,5.78555,0.31527093052864075,0.2554890215396881,0.05561112239956856
YBR154C,YBR213W,1,5.7837296,0.3161131739616394,0.25648701190948486,0.05561112239956856
YOR346W,YOR295W,1,5.7833853,0.3169533312320709,0.257485032081604,0.05561112239956856
YBL021C,YNL191W,1,5.7824492,0.3177914023399353,0.25848302245140076,0.05561112239956856
YKR054C,YDR092W,0,5.781419,0.3174019753932953,0.25848302245140076,0.05571114271879196
YAL030W,YLR306W,0,5.7801046,0.3170134723186493,0.25848302245140076,0.055811163038015366
YHR052W,YMR290C,0,5.7794604,0.3166259229183197,0.25848302245140076,0.05591118335723877
YMR270C,YJL025W,1,5.7786646,0.3174603283405304,0.2594810426235199,0.05591118335723877
YOR129C,YDR083W,0,5.777838,0.31707316637039185,0.2594810426235199,0.05601120367646217
YGL163C,YLR009W,0,5.7760324,0.3166869580745697,0.2594810426235199,0.05611122399568558
YGR217W,YBL014C,1,5.7733545,0.3175182342529297,0.26047903299331665,0.05611122399568558
YPL213W,YLR193C,0,5.77293,0.31713244318962097,0.26047903299331665,0.05621124058961868
YPL051W,YDR398W,1,5.772072,0.3179611563682556,0.2614770531654358,0.05621124058961868
YJR049C,YLR395C,0,5.771543,0.31757575273513794,0.2614770531654358,0.05631126090884209
YHR196W,YIL035C,1,5.7691116,0.31840193271636963,0.26247504353523254,0.05631126090884209
YDR156W,YOR224C,1,5.767639,0.31922611594200134,0.2634730637073517,0.05631126090884209
YNL248C,YDR398W,1,5.7669897,0.3200483024120331,0.26447105407714844,0.05631126090884209
YJL109C,YMR233W,1,5.7658625,0.32086852192878723,0.2654690742492676,0.05631126090884209
YML043C,YGR128C,1,5.7655654,0.3216867446899414,0.26646706461906433,0.05631126090884209
YNL023C,YGR217W,0,5.7652664,0.32129964232444763,0.26646706461906433,0.05641128122806549
YHR154W,YLR384C,0,5.764386,0.3209134638309479,0.26646706461906433,0.056511301547288895
YGR288W,YPL027W,0,5.7616243,0.32052820920944214,0.26646706461906433,0.0566113218665123
YDR174W,YPR095C,1,5.754471,0.32134291529655457,0.2674650549888611,0.0566113218665123
YGL238W,YKL016C,0,5.7542777,0.32095807790756226,0.2674650549888611,0.0567113421857357
YKL014C,YLR452C,0,5.752598,0.32057416439056396,0.2674650549888611,0.056811362504959106
YNL310C,YOR247W,0,5.749672,0.3201911449432373,0.2674650549888611,0.05691138282418251
YMR270C,YBL014C,1,5.7470293,0.32100239396095276,0.2684630751609802,0.05691138282418251
YGR077C,YHR108W,0,5.745893,0.3206197917461395,0.2684630751609802,0.057011403143405914
YER126C,YGL070C,0,5.7440634,0.3202380836009979,0.2684630751609802,0.05711142346262932
YDR324C,YMR270C,1,5.743414,0.321046382188797,0.269461065530777,0.05711142346262932
YIL160C,YKR088C,0,5.7407784,0.3206650912761688,0.269461065530777,0.05721144378185272
YLR432W,YJR151C,0,5.7374926,0.3202846944332123,0.269461065530777,0.057311464101076126
YPL085W,YEL016C,1,5.7373657,0.32109004259109497,0.2704590857028961,0.057311464101076126
YGL060W,YML099C,0,5.7371464,0.32071006298065186,0.2704590857028961,0.05741148069500923
YGL113W,YNL172W,0,5.734661,0.32033097743988037,0.2704590857028961,0.057511501014232635
YOR004W,YJR060W,0,5.732128,0.3199527859687805,0.2704590857028961,0.05761152133345604
YHR184W,YDR137W,0,5.7285457,0.3195754587650299,0.2704590857028961,0.05771154165267944
YJL062W,YAL028W,0,5.728076,0.3191990554332733,0.2704590857028961,0.05781156197190285
YFR014C,YLR047C,0,5.7273893,0.31882351636886597,0.2704590857028961,0.05791158229112625
YBR181C,YJR092W,0,5.7271767,0.31844887137413025,0.2704590857028961,0.058011602610349655
YML043C,YGL063W,1,5.7269316,0.31924882531166077,0.27145707607269287,0.058011602610349655
YPL126W,YLR099C,0,5.7265563,0.3188745677471161,0.27145707607269287,0.05811162292957306
YOL056W,YOR201C,0,5.72643,0.31850117444992065,0.27145707607269287,0.05821164324879646
YOR279C,YLR093C,0,5.7263994,0.31812864542007446,0.27145707607269287,0.05831166356801987
YHR076W,YGL003C,0,5.723282,0.3177570104598999,0.27145707607269287,0.05841168388724327
YOR341W,YIL035C,1,5.7232337,0.31855309009552,0.272455096244812,0.05841168388724327
YPL103C,YOL002C,0,5.7222605,0.3181818127632141,0.272455096244812,0.058511700481176376
YML043C,YJL109C,1,5.722197,0.318975567817688,0.27345308661460876,0.058511700481176376
YJL097W,YBL072C,0,5.7216115,0.31860464811325073,0.27345308661460876,0.05861172080039978
YPL126W,YML101C,1,5.718998,0.319396048784256,0.2744511067867279,0.05861172080039978
YGL016W,YDR072C,0,5.718558,0.31902551651000977,0.2744511067867279,0.058711741119623184
YML094W,YER093C,0,5.714945,0.3186558485031128,0.2744511067867279,0.05881176143884659
YPL058C,YJL198W,0,5.7143035,0.31828704476356506,0.2744511067867279,0.05891178175806999
YGL237C,YDL045C,0,5.712246,0.3179190754890442,0.2744511067867279,0.059011802077293396
YGR068C,YDR398W,1,5.711545,0.3187066912651062,0.27544909715652466,0.059011802077293396
YLR299W,YAL035W,0,5.707141,0.31833910942077637,0.27544909715652466,0.0591118223965168
YBR177C,YCR047C,0,5.704795,0.3179723620414734,0.27544909715652466,0.059211842715740204
YGR264C,YER049W,0,5.704525,0.31760644912719727,0.27544909715652466,0.05931186303496361
YJL148W,YOL051W,0,5.7037683,0.317241370677948,0.27544909715652466,0.05941188335418701
YOR319W,YML077W,1,5.703527,0.31802526116371155,0.2764471173286438,0.05941188335418701
YBR267W,YER015W,0,5.7026224,0.31766054034233093,0.2764471173286438,0.059511903673410416
YML036W,YBL025W,1,5.701909,0.318442165851593,0.27744510769844055,0.059511903673410416
YCL031C,YML099C,0,5.701316,0.31807780265808105,0.27744510769844055,0.05961192399263382
YPR171W,YPR048W,0,5.700954,0.31771427392959595,0.27744510769844055,0.059711940586566925
YBR043C,YDR078C,0,5.699437,0.3173516094684601,0.27744510769844055,0.05981196090579033
YER082C,YJL168C,0,5.6990113,0.3169897496700287,0.27744510769844055,0.05991198122501373
YML116W,YCR009C,0,5.6987486,0.31662869453430176,0.27744510769844055,0.06001200154423714
YMR233W,YJR063W,1,5.6986904,0.31740614771842957,0.2784431278705597,0.06001200154423714
YBR187W,YJR041C,0,5.6977453,0.3170454502105713,0.2784431278705597,0.06011202186346054
YKL125W,YMR233W,1,5.6963205,0.31782066822052,0.27944111824035645,0.06011202186346054
YLL021W,YLR107W,0,5.6947126,0.3174603283405304,0.27944111824035645,0.060212042182683945
YER148W,YNR007C,0,5.694693,0.31710079312324524,0.27944111824035645,0.06031206250190735
YMR308C,YBR237W,0,5.694517,0.31674209237098694,0.27944111824035645,0.06041208282113075
YOR142W,YLR048W,0,5.6925926,0.3163841664791107,0.27944111824035645,0.060512103140354156
YJL148W,YMR080C,0,5.692334,0.31602707505226135,0.27944111824035645,0.06061212345957756
YDR381W,YDR439W,0,5.6908793,0.31567078828811646,0.27944111824035645,0.060712143778800964
YKL125W,YLR141W,1,5.690391,0.31644144654273987,0.2804391086101532,0.060712143778800964
YLR403W,YMR302C,0,5.6883173,0.31608548760414124,0.2804391086101532,0.06081216409802437
YJR046W,YDL145C,0,5.6883154,0.31573033332824707,0.2804391086101532,0.060912180691957474
YGR085C,YDL087C,0,5.6879215,0.3153759837150574,0.2804391086101532,0.06101220101118088
YDR420W,YBR049C,1,5.68729,0.3161434829235077,0.28143712878227234,0.06101220101118088
YML125C,YGL063W,0,5.68711,0.31578946113586426,0.28143712878227234,0.06111222133040428
YMR227C,YEL013W,0,5.686243,0.3154362440109253,0.28143712878227234,0.061212241649627686
YOL120C,YMR002W,0,5.684287,0.3150838017463684,0.28143712878227234,0.06131226196885109
YJL069C,YMR008C,0,5.6827893,0.3147321343421936,0.28143712878227234,0.06141228228807449
YMR297W,YEL039C,0,5.677643,0.31438127160072327,0.28143712878227234,0.0615123026072979
YKR079C,YJR127C,0,5.6769896,0.314031183719635,0.28143712878227234,0.0616123229265213
YCR014C,YLR312W-A,0,5.676878,0.31368187069892883,0.28143712878227234,0.061712343245744705
YGR123C,YPL220W,0,5.671934,0.31333333253860474,0.28143712878227234,0.06181236356496811
YGL169W,YLR007W,0,5.671677,0.3129855692386627,0.28143712878227234,0.06191238388419151
YBL008W,YDR173C,0,5.671563,0.3126385807991028,0.28143712878227234,0.06201240420341492
YMR110C,YBR125C,0,5.670186,0.3122923672199249,0.28143712878227234,0.06211242079734802
YIL134W,YNR053C,0,5.6701126,0.31194689869880676,0.28143712878227234,0.062212441116571426
YNL038W,YKL021C,0,5.6698,0.3116022050380707,0.28143712878227234,0.06231246143579483
YCR092C,YIR009W,0,5.6682825,0.3112582862377167,0.28143712878227234,0.062412481755018234
YOR319W,YBR049C,1,5.6652975,0.31201764941215515,0.2824351191520691,0.062412481755018234
YIR026C,YDR228C,0,5.6650076,0.31167399883270264,0.2824351191520691,0.06251250207424164
YHR099W,YOR061W,1,5.6647663,0.3124312460422516,0.28343313932418823,0.06251250207424164
YLR141W,YMR233W,1,5.6640363,0.3131868243217468,0.284431129693985,0.06251250207424164
YPR110C,YIL035C,1,5.6638494,0.31394073367118835,0.2854291498661041,0.06251250207424164
YDR436W,YER100W,0,5.663768,0.3135964870452881,0.2854291498661041,0.06261252611875534
YDL031W,YAL040C,0,5.660019,0.3132530152797699,0.2854291498661041,0.06271254271268845
YBR189W,YLR182W,0,5.659709,0.3129102885723114,0.2854291498661041,0.06281255930662155
YKL139W,YML101C,1,5.6591964,0.3136611878871918,0.2864271402359009,0.06281255930662155
YGL137W,YCR035C,0,5.656342,0.31331878900527954,0.2864271402359009,0.06291258335113525
YHR116W,YGR159C,0,5.6552267,0.3129771053791046,0.2864271402359009,0.06301259994506836
YKL125W,YJR066W,1,5.6541815,0.3137255012989044,0.28742516040802,0.06301259994506836
YLR068W,YML055W,0,5.654046,0.31338411569595337,0.28742516040802,0.06311262398958206
YER019C-A,YOL108C,0,5.6532784,0.313043475151062,0.28742516040802,0.06321264058351517
YGR014W,YOR009W,0,5.6530285,0.31270357966423035,0.28742516040802,0.06331266462802887
YPL122C,YDR380W,0,5.652902,0.3123644292354584,0.28742516040802,0.06341268122196198
YOR386W,YKL130C,0,5.6521397,0.3120259940624237,0.28742516040802,0.06351270526647568
YJL025W,YOR039W,1,5.6519513,0.3127705752849579,0.2884231507778168,0.06351270526647568
YMR078C,YBL039C,0,5.649151,0.3124324381351471,0.2884231507778168,0.06361272186040878
YMR233W,YJR040W,0,5.645668,0.312095046043396,0.2884231507778168,0.06371274590492249
YDR337W,YKR083C,0,5.64226,0.3117583692073822,0.2884231507778168,0.06381276249885559
YJL006C,YGL019W,1,5.641796,0.3125,0.2894211709499359,0.06381276249885559
YDR217C,YCR106W,0,5.6368723,0.3121636211872101,0.2894211709499359,0.0639127790927887
YLR142W,YDR405W,0,5.6363335,0.31182795763015747,0.2894211709499359,0.0640128031373024
YPR134W,YER167W,0,5.635335,0.31149300932884216,0.2894211709499359,0.0641128197312355
YML043C,YBR213W,1,5.6349797,0.31223174929618835,0.29041916131973267,0.0641128197312355
YDR101C,YHL011C,0,5.6327615,0.3118970990180969,0.29041916131973267,0.0642128437757492
YOR099W,YML063W,0,5.6293435,0.3115631639957428,0.29041916131973267,0.06431286036968231
YMR042W,YGL087C,0,5.625973,0.311229944229126,0.29041916131973267,0.06441288441419601
YPL213W,YPR149W,0,5.6221256,0.31089743971824646,0.29041916131973267,0.06451290100812912
YOR374W,YDR211W,0,5.619549,0.31056562066078186,0.29041916131973267,0.06461292505264282
YML074C,YLR467W,0,5.6148014,0.31023454666137695,0.29041916131973267,0.06471294164657593
YDL139C,YPR031W,0,5.6143126,0.30990415811538696,0.29041916131973267,0.06481296569108963
YBR059C,YMR322C,0,5.614273,0.3095744550228119,0.29041916131973267,0.06491298228502274
YML016C,YNR003C,0,5.6137037,0.3092454969882965,0.29041916131973267,0.06501299887895584
YMR017W,YDR403W,0,5.609781,0.30891719460487366,0.29041916131973267,0.06511302292346954
YNL113W,YBL014C,1,5.6096354,0.3096500635147095,0.2914171516895294,0.06511302292346954
YBL026W,YJL148W,0,5.6083627,0.3093220293521881,0.2914171516895294,0.06521303951740265
YDR534C,YJR042W,0,5.6081195,0.30899471044540405,0.2914171516895294,0.06531306356191635
YJR060W,YFR001W,0,5.60411,0.3086680769920349,0.2914171516895294,0.06541308015584946
YIR009W,YPR010C,1,5.60407,0.3093980848789215,0.29241517186164856,0.06541308015584946
YMR093W,YPR010C,1,5.6037188,0.31012657284736633,0.2934131622314453,0.06541308015584946
YHR148W,YDR300C,0,5.602375,0.30979979038238525,0.2934131622314453,0.06551310420036316
YJL006C,YGL063W,1,5.6002045,0.3105263113975525,0.29441118240356445,0.06551310420036316
YKL125W,YOR224C,1,5.598246,0.31125131249427795,0.2954091727733612,0.06551310420036316
YPL099C,YOR151C,0,5.5981855,0.31092438101768494,0.2954091727733612,0.06561312079429626
YJL025W,YHR039C-A,1,5.5969067,0.3116474151611328,0.29640719294548035,0.06561312079429626
YDR532C,YBR181C,0,5.5964713,0.3113207519054413,0.29640719294548035,0.06571314483880997
YKR080W,YMR093W,1,5.5906525,0.31204187870025635,0.2974051833152771,0.06571314483880997
YKL039W,YHR215W,0,5.5904517,0.3117154836654663,0.2974051833152771,0.06581316143274307
YJR063W,YLR396C,0,5.5853977,0.3113897740840912,0.2974051833152771,0.06591318547725677
YML005W,YPR186C,0,5.5818787,0.3110647201538086,0.2974051833152771,0.06601320207118988
YJL110C,YIL079C,0,5.5817027,0.3107403516769409,0.2974051833152771,0.06611322611570358
YEL038W,YOR353C,0,5.5811687,0.31041666865348816,0.2974051833152771,0.06621324270963669
YGL019W,YOR224C,1,5.5794106,0.3111342489719391,0.29840320348739624,0.06621324270963669
YJR066W,YML101C,1,5.5788774,0.31185030937194824,0.299401193857193,0.06621324270963669
YHR196W,YMR042W,1,5.5786686,0.3125649094581604,0.30039921402931213,0.06621324270963669
YOR384W,YLR203C,0,5.5779924,0.3122406601905823,0.30039921402931213,0.0663132593035698
YGL227W,YNL322C,0,5.57775,0.31191709637641907,0.30039921402931213,0.0664132833480835
YJR067C,YMR270C,1,5.574854,0.3126294016838074,0.3013972043991089,0.0664132833480835
YNL026W,YKL016C,0,5.5745745,0.31230610609054565,0.3013972043991089,0.0665132999420166
YGR068C,YMR093W,1,5.573776,0.31301653385162354,0.30239519476890564,0.0665132999420166
YGL070C,YGR199W,0,5.573352,0.3126935064792633,0.30239519476890564,0.0666133239865303
YGR271C-A,YOR061W,1,5.573319,0.31340205669403076,0.3033932149410248,0.0666133239865303
YLR141W,YJL025W,1,5.5723934,0.3141091763973236,0.30439120531082153,0.0666133239865303
YJR070C,YDL189W,0,5.5718117,0.31378600001335144,0.30439120531082153,0.06671334058046341
YPL051W,YJR067C,1,5.5717497,0.31449127197265625,0.3053892254829407,0.06671334058046341
YOR341W,YBR213W,1,5.5688124,0.31519508361816406,0.3063872158527374,0.06671334058046341
YLR141W,YOR061W,1,5.5687346,0.3158974349498749,0.30738523602485657,0.06671334058046341
YDL018C,YML097C,0,5.5680866,0.3155737817287445,0.30738523602485657,0.06681336462497711
YOR201C,YOL026C,0,5.5658913,0.3152507543563843,0.30738523602485657,0.06691338121891022
YJL006C,YGR217W,1,5.5651093,0.3159509301185608,0.3083832263946533,0.06691338121891022
YOR210W,YOR039W,1,5.5615697,0.3166496455669403,0.30938124656677246,0.06691338121891022
YGR004W,YDR365C,0,5.5604553,0.3163265287876129,0.30938124656677246,0.06701340526342392
YOR295W,YEL016C,1,5.5575504,0.31702345609664917,0.3103792369365692,0.06701340526342392
YKL006C-A,YJR063W,1,5.5571356,0.3177189528942108,0.31137725710868835,0.06701340526342392
YIR009W,YNL248C,1,5.555227,0.31841301918029785,0.3123752474784851,0.06701340526342392
YIL053W,YBR065C,0,5.553695,0.31808942556381226,0.3123752474784851,0.06711342185735703
YLR312W-A,YPR161C,0,5.552898,0.3177664875984192,0.3123752474784851,0.06721344590187073
YHR092C,YLR435W,0,5.5525904,0.31744420528411865,0.3123752474784851,0.06731346249580383
YJR063W,YPR010C,1,5.551584,0.3181357681751251,0.31337326765060425,0.06731346249580383
YBR281C,YBR081C,0,5.550105,0.3178137540817261,0.31337326765060425,0.06741347908973694
YDR234W,YDR498C,0,5.548799,0.31749242544174194,0.31337326765060425,0.06751350313425064
YMR239C,YPL253C,0,5.548438,0.31717172265052795,0.31337326765060425,0.06761351972818375
YOR341W,YOR061W,1,5.5477266,0.31786075234413147,0.314371258020401,0.06761351972818375
YBL021C,YMR042W,1,5.5472007,0.31854838132858276,0.31536924839019775,0.06761351972818375
YKL183W,YLR113W,0,5.5463552,0.3182275891304016,0.31536924839019775,0.06771354377269745
YJL090C,YEL040W,0,5.5458765,0.317907452583313,0.31536924839019775,0.06781356036663055
YAL023C,YJL148W,0,5.5449677,0.3175879418849945,0.31536924839019775,0.06791358441114426
YBL014C,YPL144W,1,5.5444655,0.3182730972766876,0.3163672685623169,0.06791358441114426
YDR351W,YKR090W,0,5.538228,0.31795385479927063,0.3163672685623169,0.06801360100507736
YMR005W,YIL046W,0,5.537434,0.31763526797294617,0.3163672685623169,0.06811362504959106
YAL053W,YLR293C,0,5.533778,0.31731730699539185,0.3163672685623169,0.06821364164352417
YOR061W,YML077W,1,5.5314445,0.3179999887943268,0.31736525893211365,0.06821364164352417
YGL180W,YDR337W,0,5.530731,0.31768232583999634,0.31736525893211365,0.06831366568803787
YHR143W-A,YKL125W,1,5.530589,0.3183632791042328,0.3183632791042328,0.06831366568803787
YOR346W,YPL112C,0,5.5305142,0.31804585456848145,0.3183632791042328,0.06841368228197098
YLR056W,YLR150W,0,5.5296736,0.31772908568382263,0.3183632791042328,0.06851370632648468
YKL095W,YOR297C,0,5.528895,0.31741294264793396,0.3183632791042328,0.06861372292041779
YGR062C,YML101C,0,5.527324,0.31709742546081543,0.3183632791042328,0.06871373951435089
YBR223C,YKR103W,0,5.5256877,0.31678253412246704,0.3183632791042328,0.0688137635588646
YOL064C,YPL126W,0,5.5252624,0.3164682686328888,0.3183632791042328,0.0689137801527977
YML059C,YDL227C,0,5.524655,0.3161545991897583,0.3183632791042328,0.0690138041973114
YPL188W,YDR120C,0,5.5245724,0.31584158539772034,0.3183632791042328,0.0691138207912445
YHR196W,YKL139W,1,5.524515,0.31651830673217773,0.31936126947402954,0.0691138207912445
YGL063W,YDR174W,1,5.5244436,0.3171936869621277,0.3203592896461487,0.0691138207912445
YOR086C,YIL088C,0,5.522316,0.31688055396080017,0.3203592896461487,0.06921384483575821
YNL306W,YML099C,0,5.520248,0.3165680468082428,0.3203592896461487,0.06931386142969131
YNL248C,YOR341W,1,5.5188646,0.317241370677948,0.32135728001594543,0.06931386142969131
YIL126W,YDR165W,0,5.517149,0.3169291317462921,0.32135728001594543,0.06941388547420502
YML112W,YDR420W,1,5.513285,0.3176007866859436,0.3223553001880646,0.06941388547420502
YIL052C,YGR032W,0,5.5114384,0.3172888159751892,0.3223553001880646,0.06951390206813812
YLR068W,YMR290C,0,5.5100746,0.31697744131088257,0.3223553001880646,0.06961392611265182
YDL082W,YLR158C,0,5.508189,0.3166666626930237,0.3223553001880646,0.06971394270658493
YBL005W,YCL063W,0,5.5080824,0.31635650992393494,0.3223553001880646,0.06981395930051804
YCR053W,YBR036C,0,5.507586,0.31604695320129395,0.3223553001880646,0.06991398334503174
YOR341W,YML121W,1,5.507097,0.3167155385017395,0.32335329055786133,0.06991398334503174
YOL031C,YKR099W,0,5.5065403,0.31640625,0.32335329055786133,0.07001399993896484
YDL215C,YKL032C,0,5.5060425,0.31609755754470825,0.32335329055786133,0.07011402398347855
YAR019C,YPR095C,0,5.5059624,0.31578946113586426,0.32335329055786133,0.07021404057741165
YPL100W,YDR067C,0,5.504175,0.3154819905757904,0.32335329055786133,0.07031406462192535
YDR440W,YNR053C,0,5.5022063,0.3151750862598419,0.32335329055786133,0.07041408121585846
YOR253W,YPL244C,0,5.5011673,0.3148688077926636,0.32335329055786133,0.07051410526037216
YBR212W,YAL035W,0,5.4997644,0.3145630955696106,0.32335329055786133,0.07061412185430527
YLR452C,YIL046W,0,5.4994526,0.31425800919532776,0.32335329055786133,0.07071414589881897
YPL103C,YDR091C,0,5.49856,0.3139534890651703,0.32335329055786133,0.07081416249275208
YLR037C,YHR167W,0,5.4973793,0.31364956498146057,0.32335329055786133,0.07091418653726578
YPL126W,YIL035C,1,5.495577,0.3143133521080017,0.32435131072998047,0.07091418653726578
YJL089W,YDR288W,0,5.4950027,0.3140096664428711,0.32435131072998047,0.07101420313119888
YHR099W,YHR039C-A,1,5.4927797,0.3146718144416809,0.3253493010997772,0.07101420313119888
YML124C,YJR070C,0,5.492115,0.3143683671951294,0.3253493010997772,0.07111421972513199
YNL218W,YBL060W,0,5.4904575,0.31406551599502563,0.3253493010997772,0.07121424376964569
YDR343C,YPL043W,0,5.489608,0.31376323103904724,0.3253493010997772,0.0713142603635788
YDR497C,YDR495C,0,5.4860973,0.3134615421295166,0.3253493010997772,0.0714142844080925
YJL006C,YML043C,1,5.4851036,0.3141210377216339,0.326347291469574,0.0714142844080925
YLR265C,YHR119W,0,5.4845614,0.3138195872306824,0.326347291469574,0.0715143010020256
YHR023W,YLR276C,0,5.4840856,0.3135187029838562,0.326347291469574,0.0716143250465393
YMR233W,YPL103C,0,5.482563,0.3132183849811554,0.326347291469574,0.07171434164047241
YDR324C,YBL025W,1,5.4815164,0.31387558579444885,0.3273453116416931,0.07171434164047241
YDL067C,YML009C,0,5.4812613,0.31357553601264954,0.3273453116416931,0.07181436568498611
YPL148C,YDR359C,0,5.480425,0.3132760226726532,0.3273453116416931,0.07191438227891922
YDL184C,YOR254C,0,5.480378,0.3129771053791046,0.3273453116416931,0.07201440632343292
YDR436W,YMR169C,0,5.4777927,0.3126787543296814,0.3273453116416931,0.07211442291736603
YGL045W,YBR289W,0,5.4769535,0.31238093972206116,0.3273453116416931,0.07221443951129913
YPL218W,YKL090W,0,5.4763184,0.31208372116088867,0.3273453116416931,0.07231446355581284
YPL085W,YNL056W,1,5.475183,0.3127376437187195,0.32834330201148987,0.07231446355581284
YPL087W,YKL003C,0,5.472575,0.3124406337738037,0.32834330201148987,0.07241448014974594
YKL218C,YDR263C,0,5.4721212,0.3121442198753357,0.32834330201148987,0.07251450419425964
YDR156W,YCR073C,1,5.471625,0.3127962052822113,0.329341322183609,0.07251450419425964
YIL079C,YNL317W,0,5.4713874,0.3125,0.329341322183609,0.07261452078819275
YMR289W,YDR103W,0,5.471373,0.31220436096191406,0.329341322183609,0.07271454483270645
YJL136C,YPL017C,0,5.4707217,0.3119092583656311,0.329341322183609,0.07281456142663956
YGR251W,YKL061W,0,5.4706135,0.3116147220134735,0.329341322183609,0.07291458547115326
YKR080W,YHR099W,1,5.470542,0.3122641444206238,0.33033931255340576,0.07291458547115326
YPL103C,YNL230C,0,5.470448,0.3119698464870453,0.33033931255340576,0.07301460206508636
YOR066W,YOR272W,0,5.4703503,0.3116760849952698,0.33033931255340576,0.07311462610960007
YKL006C-A,YPL144W,1,5.46893,0.31232360005378723,0.3313373327255249,0.07311462610960007
YEL018W,YKR090W,0,5.4672437,0.3120300769805908,0.3313373327255249,0.07321464270353317
YLR212C,YMR032W,0,5.4664197,0.3117370903491974,0.3313373327255249,0.07331465929746628
YIR009W,YBL021C,1,5.465864,0.3123827278614044,0.33233532309532166,0.07331465929746628
YGR068C,YKR007W,1,5.4648733,0.31302717328071594,0.3333333432674408,0.07331465929746628
YHR082C,YDR219C,0,5.46282,0.31273409724235535,0.3333333432674408,0.07341468334197998
YDL140C,YOR001W,0,5.462316,0.31244152784347534,0.3333333432674408,0.07351469993591309
YOR341W,YBL021C,1,5.4618483,0.31308412551879883,0.33433133363723755,0.07351469993591309
YHR099W,YMR070W,1,5.46072,0.3137255012989044,0.3353293538093567,0.07351469993591309
YHR099W,YMR042W,1,5.4593763,0.3143656849861145,0.33632734417915344,0.07351469993591309
YHR023W,YER129W,0,5.4590964,0.31407269835472107,0.33632734417915344,0.07361472398042679
YOR039W,YHR039C-A,1,5.459016,0.3147113621234894,0.3373253345489502,0.07361472398042679
YDL007W,YBL039C,0,5.454135,0.31441861391067505,0.3373253345489502,0.0737147405743599
YPR067W,YML098W,0,5.4534492,0.3141264021396637,0.3373253345489502,0.0738147646188736
YHR023W,YBR180W,0,5.4511566,0.3138347268104553,0.3373253345489502,0.0739147812128067
YMR217W,YKR064W,0,5.4494925,0.3135435879230499,0.3373253345489502,0.0740148052573204
YHR143W-A,YFR034C,1,5.4492216,0.31417980790138245,0.33832335472106934,0.0740148052573204
YJL186W,YDR205W,0,5.445071,0.31388887763023376,0.33832335472106934,0.07411482185125351
YBL022C,YDR007W,0,5.442818,0.31359851360321045,0.33832335472106934,0.07421484589576721
YOR201C,YDR086C,0,5.4426465,0.3133086860179901,0.33832335472106934,0.07431486248970032
YIL020C,YDL031W,0,5.4424024,0.31301939487457275,0.33832335472106934,0.07441488653421402
YHR067W,YKL189W,0,5.440405,0.3127306401729584,0.33832335472106934,0.07451490312814713
YJL109C,YOR210W,1,5.43981,0.31336405873298645,0.3393213450908661,0.07451490312814713
YOR299W,YJL196C,0,5.438429,0.3130755126476288,0.3393213450908661,0.07461491972208023
YBL006C,YGR217W,1,5.435548,0.3137074410915375,0.34031936526298523,0.07461491972208023
YNR027W,YHR079C,0,5.4353495,0.3134191036224365,0.34031936526298523,0.07471494376659393
YNL164C,YLR285W,0,5.4349575,0.31313130259513855,0.34031936526298523,0.07481496036052704
YBL023C,YPR194C,0,5.4305296,0.31284403800964355,0.34031936526298523,0.07491498440504074
YHR012W,YNL162W,0,5.429934,0.31255728006362915,0.34031936526298523,0.07501500099897385
YDR397C,YER168C,0,5.428874,0.3122710585594177,0.34031936526298523,0.07511502504348755
YOL071W,YDR039C,0,5.427882,0.3119853734970093,0.34031936526298523,0.07521504163742065
YJL192C,YJR139C,0,5.4272695,0.3117001950740814,0.34031936526298523,0.07531506568193436
YNL113W,YBL021C,1,5.426224,0.3123287558555603,0.341317355632782,0.07531506568193436
YHR148W,YGR003W,0,5.4261,0.31204378604888916,0.341317355632782,0.07541508227586746
YGR217W,YMR233W,1,5.4255595,0.31267091631889343,0.3423153758049011,0.07541508227586746
YOR054C,YER053C,0,5.425148,0.312386155128479,0.3423153758049011,0.07551510632038116
YJR075W,YKL212W,0,5.4211597,0.31210190057754517,0.3423153758049011,0.07561512291431427
YOL077C,YDR447C,0,5.41996,0.3118181824684143,0.3423153758049011,0.07571513950824738
YOR294W,YDR103W,0,5.419178,0.31153497099876404,0.3423153758049011,0.07581516355276108
YNR050C,YDR200C,0,5.4185934,0.31125226616859436,0.3423153758049011,0.07591518014669418
YDR324C,YKL139W,1,5.418518,0.31187671422958374,0.3433133661746979,0.07591518014669418
YGL238W,YDR256C,0,5.418386,0.3115941882133484,0.3433133661746979,0.07601520419120789
YDR257C,YOL151W,0,5.417862,0.3113122284412384,0.3433133661746979,0.07611522078514099
YIR009W,YFL034C-A,1,5.41747,0.3119348883628845,0.344311386346817,0.07611522078514099
YNL056W,YNR015W,0,5.4158716,0.31165310740470886,0.344311386346817,0.0762152448296547
YCL052C,YOL095C,0,5.4155636,0.3113718330860138,0.344311386346817,0.0763152614235878
YLL012W,YOR008C,0,5.4143615,0.3110910654067993,0.344311386346817,0.0764152854681015
YNL132W,YPR169W,0,5.4134283,0.31081080436706543,0.344311386346817,0.0765153020620346
YER060W-A,YHR196W,1,5.4123297,0.3114311397075653,0.34530937671661377,0.0765153020620346
YKL125W,YML036W,1,5.411115,0.31205037236213684,0.3463073968887329,0.0765153020620346
YOL010W,YJL109C,0,5.410601,0.3117699921131134,0.3463073968887329,0.07661532610654831
YER056C-A,YPL089C,0,5.410529,0.31149011850357056,0.3463073968887329,0.07671534270048141
YPL126W,YOR224C,1,5.4103928,0.3121076226234436,0.34730538725852966,0.07671534270048141
YMR101C,YEL044W,0,5.409623,0.31182795763015747,0.34730538725852966,0.07681536674499512
YDR437W,YML091C,0,5.4089346,0.31154879927635193,0.34730538725852966,0.07691538333892822
YBR286W,YOR323C,0,5.4079275,0.3112701177597046,0.34730538725852966,0.07701539993286133
YER074W,YJR147W,0,5.407915,0.31099194288253784,0.34730538725852966,0.07711542397737503
YML021C,YIL078W,0,5.406403,0.3107142746448517,0.34730538725852966,0.07721544057130814
YOR236W,YKR044W,0,5.406189,0.3104371130466461,0.34730538725852966,0.07731546461582184
YMR093W,YIL035C,1,5.4031715,0.31105169653892517,0.3483034074306488,0.07731546461582184
YGR184C,YMR269W,0,5.4029903,0.31077471375465393,0.3483034074306488,0.07741548120975494
YBR107C,YDR075W,0,5.4022536,0.3104982078075409,0.3483034074306488,0.07751550525426865
YDR524C,YIL079C,0,5.3980665,0.31022220849990845,0.3483034074306488,0.07761552184820175
YIR009W,YJL025W,1,5.3971405,0.3108348250389099,0.34930139780044556,0.07761552184820175
YAL063C,YBR176W,0,5.395274,0.3105590045452118,0.34930139780044556,0.07771554589271545
YML080W,YBR122C,0,5.3928404,0.31028369069099426,0.34930139780044556,0.07781556248664856
YIL008W,YLR466W,0,5.389065,0.31000885367393494,0.34930139780044556,0.07791558653116226
YDR324C,YPR187W,1,5.388827,0.3106194734573364,0.3502993881702423,0.07791558653116226
YGR244C,YPR017C,0,5.388049,0.3103448152542114,0.3502993881702423,0.07801560312509537
YHR010W,YMR128W,0,5.3876114,0.310070663690567,0.3502993881702423,0.07811561971902847
YOL070C,YMR128W,0,5.3868294,0.3097969889640808,0.3502993881702423,0.07821564376354218
YBR154C,YDR398W,1,5.3848467,0.3104056417942047,0.35129740834236145,0.07821564376354218
YLR088W,YNL189W,0,5.3831873,0.31013214588165283,0.35129740834236145,0.07831566035747528
YGL073W,YKR097W,0,5.381595,0.30985915660858154,0.35129740834236145,0.07841568440198898
YAL024C,YBL093C,0,5.379465,0.30958664417266846,0.35129740834236145,0.07851570099592209
YNL081C,YOR181W,0,5.3790503,0.3093145787715912,0.35129740834236145,0.07861572504043579
YNL248C,YNL056W,1,5.378915,0.309920996427536,0.3522953987121582,0.07861572504043579
YOR109W,YIL124W,0,5.377553,0.30964910984039307,0.3522953987121582,0.0787157416343689
YKL189W,YBR282W,0,5.377531,0.3093777298927307,0.3522953987121582,0.0788157656788826
YAL033W,YNL278W,0,5.374277,0.30910682678222656,0.3522953987121582,0.0789157822728157
YBR275C,YOL028C,0,5.373026,0.3088364005088806,0.3522953987121582,0.0790158063173294
YPR110C,YML101C,1,5.3702226,0.309440553188324,0.35329341888427734,0.0790158063173294
YLR432W,YNR004W,0,5.3697314,0.30917030572891235,0.35329341888427734,0.07911582291126251
YDR012W,YML094W,0,5.364806,0.30890053510665894,0.35329341888427734,0.07921583950519562
YIR009W,YHR143W-A,1,5.363638,0.30950304865837097,0.3542914092540741,0.07921583950519562
YHR056C,YOR206W,0,5.3630233,0.3092334568500519,0.3542914092540741,0.07931586354970932
YGL063W,YOR061W,1,5.3616104,0.30983462929725647,0.35528942942619324,0.07931586354970932
YLL006W,YBR257W,0,5.3612947,0.3095652163028717,0.35528942942619324,0.07941588014364243
YPR017C,YHR027C,0,5.36033,0.30929625034332275,0.35528942942619324,0.07951590418815613
YDR410C,YDR128W,0,5.3580885,0.3090277910232544,0.35528942942619324,0.07961592078208923
YHR086W,YNL206C,0,5.358015,0.30875974893569946,0.35528942942619324,0.07971594482660294
YGR098C,YMR270C,1,5.357315,0.30935874581336975,0.35628741979599,0.07971594482660294
YML073C,YGL226W,0,5.3570566,0.30909091234207153,0.35628741979599,0.07981596142053604
YHR088W,YDR096W,0,5.355179,0.30882352590560913,0.35628741979599,0.07991598546504974
YGR068C,YOR039W,1,5.3541274,0.3094209134578705,0.35728543996810913,0.07991598546504974
YBR254C,YML052W,0,5.3526373,0.3091537058353424,0.35728543996810913,0.08001600205898285
YNL301C,YDL134C,0,5.352066,0.30888697504997253,0.35728543996810913,0.08011602610349655
YGL211W,YBR086C,0,5.3515787,0.3086206912994385,0.35728543996810913,0.08021604269742966
YJL148W,YIL035C,1,5.350622,0.3092162013053894,0.3582834303379059,0.08021604269742966
YDR508C,YML092C,0,5.3499584,0.3089500963687897,0.3582834303379059,0.08031606674194336
YOR025W,YOR219C,0,5.346943,0.30868443846702576,0.3582834303379059,0.08041608333587646
YGR155W,YEL018W,0,5.3462024,0.30841925740242004,0.3582834303379059,0.08051609992980957
YBR154C,YML036W,1,5.3446445,0.30901288986206055,0.359281450510025,0.08051609992980957
YDR156W,YPR017C,1,5.343972,0.3096054792404175,0.3602794408798218,0.08051609992980957
YDR369C,YDR076W,0,5.3420362,0.3093401789665222,0.3602794408798218,0.08061612397432327
YNL166C,YMR080C,0,5.3410454,0.30907535552978516,0.3602794408798218,0.08071614056825638
YOR319W,YJL109C,1,5.340148,0.30966639518737793,0.36127743124961853,0.08071614056825638
YIR031C,YJL078C,0,5.3395123,0.3094017207622528,0.36127743124961853,0.08081616461277008
YMR125W,YDR118W,0,5.3393497,0.3091374933719635,0.36127743124961853,0.08091618120670319
YMR269W,YBL035C,0,5.339018,0.30887371301651,0.36127743124961853,0.08101620525121689
YFR031C,YIL033C,0,5.3387785,0.3086104094982147,0.36127743124961853,0.08111622184515
YBR173C,YBL024W,0,5.3357115,0.30834752321243286,0.36127743124961853,0.0812162458896637
YGL126W,YML042W,0,5.3353987,0.3080851137638092,0.36127743124961853,0.0813162624835968
YOR319W,YDR324C,1,5.333295,0.3086734712123871,0.36227545142173767,0.0813162624835968
YHR143W-A,YHR099W,1,5.3317394,0.30926084518432617,0.3632734417915344,0.0813162624835968
YNL123W,YNL290W,0,5.330408,0.30899831652641296,0.3632734417915344,0.0814162865281105
YOR159C,YER055C,0,5.32924,0.3087362051010132,0.3632734417915344,0.08151630312204361
YHL040C,YOL030W,0,5.327118,0.3084745705127716,0.3632734417915344,0.08161631971597672
YGL031C,YLR394W,0,5.3264832,0.30821338295936584,0.3632734417915344,0.08171634376049042
YNL161W,YNL244C,0,5.3244457,0.3079526126384735,0.3632734417915344,0.08181636035442352
YGR169C,YER113C,0,5.323155,0.3076923191547394,0.3632734417915344,0.08191638439893723
YDL140C,YNL066W,0,5.3220596,0.3074324429035187,0.3632734417915344,0.08201640099287033
YAL062W,YDR449C,0,5.321654,0.3071729838848114,0.3632734417915344,0.08211642503738403
YOR372C,YNL127W,0,5.321277,0.30691400170326233,0.3632734417915344,0.08221644163131714
YKR102W,YDR158W,0,5.320385,0.3066554367542267,0.3632734417915344,0.08231646567583084
YPR141C,YIL133C,0,5.3186655,0.30639731884002686,0.3632734417915344,0.08241648226976395
YPL126W,YBL014C,1,5.3126955,0.3069806694984436,0.36427146196365356,0.08241648226976395
YMR270C,YCR031C,0,5.312464,0.3067227005958557,0.36427146196365356,0.08251650631427765
YOL042W,YBR207W,0,5.309539,0.30646514892578125,0.36427146196365356,0.08261652290821075
YDR524C,YIL046W,0,5.3082533,0.3062080442905426,0.36427146196365356,0.08271654695272446
YML043C,YML036W,1,5.3078465,0.3067896068096161,0.3652694523334503,0.08271654695272446
YIL155C,YGL163C,0,5.307537,0.3065326511859894,0.3652694523334503,0.08281656354665756
YEL018W,YKL024C,0,5.3057756,0.3062761425971985,0.3652694523334503,0.08291658014059067
YDR156W,YMR042W,1,5.3051643,0.3068561851978302,0.36626747250556946,0.08291658014059067
YKR101W,YML115C,0,5.3039694,0.30659982562065125,0.36626747250556946,0.08301660418510437
YMR285C,YCR072C,0,5.3038836,0.3063439130783081,0.36626747250556946,0.08311662077903748
YLR100W,YDL117W,0,5.3023944,0.3060884177684784,0.36626747250556946,0.08321664482355118
YNL232W,YHL028W,0,5.301507,0.3058333396911621,0.36626747250556946,0.08331666141748428
YKL109W,YDR072C,0,5.299999,0.30557867884635925,0.36626747250556946,0.08341668546199799
YGR254W,YIR005W,0,5.2998705,0.3053244650363922,0.36626747250556946,0.08351670205593109
YHR167W,YPL042C,0,5.29935,0.3050706684589386,0.36626747250556946,0.0836167261004448
YBR254C,YGL171W,0,5.299306,0.3048172891139984,0.36626747250556946,0.0837167426943779
YKL132C,YDR107C,0,5.2973785,0.30456432700157166,0.36626747250556946,0.0838167667388916
YOR334W,YPL138C,0,5.293537,0.3043117821216583,0.36626747250556946,0.08391678333282471
YIL053W,YBR048W,0,5.293493,0.3040596544742584,0.36626747250556946,0.08401679992675781
YGL243W,YDR398W,1,5.2928705,0.30463576316833496,0.3672654628753662,0.08401679992675781
YOR210W,YPR010C,1,5.2910438,0.3052109181880951,0.36826348304748535,0.08401679992675781
YOR249C,YOR386W,0,5.288128,0.30495867133140564,0.36826348304748535,0.08411682397127151
YNR001C,YER173W,0,5.286029,0.3047068417072296,0.36826348304748535,0.08421684056520462
YIR018W,YNL073W,0,5.2850547,0.3044554591178894,0.36826348304748535,0.08431686460971832
YGR159C,YIL153W,0,5.2841225,0.30420446395874023,0.36826348304748535,0.08441688120365143
YPR125W,YPL123C,0,5.2837596,0.3039538860321045,0.36826348304748535,0.08451690524816513
YKL125W,YBL021C,1,5.2830553,0.30452674627304077,0.3692614734172821,0.08451690524816513
YHR109W,YNL027W,0,5.28249,0.30427631735801697,0.3692614734172821,0.08461692184209824
YIL035C,YPL101W,0,5.2803755,0.3040263056755066,0.3692614734172821,0.08471694588661194
YGR104C,YDR337W,0,5.2798367,0.30377668142318726,0.3692614734172821,0.08481696248054504
YKL205W,YLR214W,0,5.277835,0.30352747440338135,0.3692614734172821,0.08491698652505875
YLR141W,YHR099W,1,5.2778044,0.30409836769104004,0.37025949358940125,0.08491698652505875
YMR270C,YHR039C-A,1,5.276662,0.3046683073043823,0.371257483959198,0.08491698652505875
YDR318W,YER115C,0,5.2765055,0.30441898107528687,0.371257483959198,0.08501700311899185
YPL082C,YML077W,1,5.27638,0.30498772859573364,0.37225547432899475,0.08501700311899185
YHR052W,YJR155W,0,5.2743816,0.3047385513782501,0.37225547432899475,0.08511701971292496
YKL021C,YLR147C,0,5.2732334,0.30448979139328003,0.37225547432899475,0.08521704375743866
YGL103W,YLL004W,0,5.2716484,0.30424144864082336,0.37225547432899475,0.08531706035137177
YJL060W,YLR185W,0,5.270572,0.30399349331855774,0.37225547432899475,0.08541708439588547
YER180C,YNL248C,0,5.269915,0.30374592542648315,0.37225547432899475,0.08551710098981857
YIL004C,YER168C,0,5.2693763,0.303498774766922,0.37225547432899475,0.08561712503433228
YOR032C,YHR005C,0,5.26896,0.30325204133987427,0.37225547432899475,0.08571714162826538
YOR067C,YOL080C,0,5.268142,0.3030056953430176,0.37225547432899475,0.08581716567277908
YDL166C,YDR257C,0,5.2680902,0.30275973677635193,0.37225547432899475,0.08591718226671219
YAL053W,YBL091C,0,5.2679005,0.3025141954421997,0.37225547432899475,0.08601720631122589
YJR130C,YEL039C,0,5.2661138,0.3022690415382385,0.37225547432899475,0.086117222905159
YOR168W,YKL059C,0,5.2657156,0.30202430486679077,0.37225547432899475,0.0862172469496727
YPR041W,YER165W,0,5.265126,0.30177992582321167,0.37225547432899475,0.0863172635436058
YER002W,YLL040C,0,5.263627,0.301535964012146,0.37225547432899475,0.08641728013753891
YBR177C,YPR048W,0,5.2635403,0.30129241943359375,0.37225547432899475,0.08651730418205261
YML006C,YMR075W,0,5.2620907,0.30104923248291016,0.37225547432899475,0.08661732077598572
YOR340C,YPL082C,1,5.2617893,0.301612913608551,0.3732534945011139,0.08661732077598572
YOL023W,YBR158W,0,5.261038,0.30136987566947937,0.3732534945011139,0.08671734482049942
YOL103W,YBR054W,0,5.260949,0.30112722516059875,0.3732534945011139,0.08681736141443253
YBR264C,YNL331C,0,5.2606864,0.3008849620819092,0.3732534945011139,0.08691738545894623
YML036W,YPR010C,1,5.2599916,0.30144694447517395,0.37425148487091064,0.08691738545894623
YPL203W,YDR533C,0,5.259387,0.3012048304080963,0.37425148487091064,0.08701740205287933
YJL162C,YML061C,0,5.2576437,0.30096307396888733,0.37425148487091064,0.08711742609739304
YLR433C,YLR183C,0,5.2559295,0.3007217347621918,0.37425148487091064,0.08721744269132614
YDR091C,YNR024W,0,5.2542353,0.30048078298568726,0.37425148487091064,0.08731746673583984
YMR270C,YGL243W,1,5.2537637,0.3010408282279968,0.3752495050430298,0.08731746673583984
YJL189W,YER038C,0,5.2533445,0.30079999566078186,0.3752495050430298,0.08741748332977295
YJL080C,YMR008C,0,5.250616,0.30055955052375793,0.3752495050430298,0.08751749992370605
YNL161W,YGR081C,0,5.2505326,0.30031949281692505,0.3752495050430298,0.08761752396821976
YGR123C,YPR008W,0,5.2502155,0.3000798225402832,0.3752495050430298,0.08771754056215286
YGR204W,YLR044C,0,5.247327,0.29984050989151,0.3752495050430298,0.08781756460666656
YDR126W,YGL253W,0,5.2454433,0.29960158467292786,0.3752495050430298,0.08791758120059967
YBR189W,YOR226C,0,5.2447653,0.29936304688453674,0.3752495050430298,0.08801760524511337
YDL081C,YDR039C,0,5.2440557,0.29912489652633667,0.3752495050430298,0.08811762183904648
YDR174W,YEL016C,1,5.2430353,0.29968202114105225,0.37624749541282654,0.08811762183904648
YJL044C,YLR327C,0,5.242562,0.2994439899921417,0.37624749541282654,0.08821764588356018
YGR271C-A,YCR073C,1,5.242507,0.30000001192092896,0.3772455155849457,0.08821764588356018
YJL044C,YOR179C,0,5.240364,0.299762099981308,0.3772455155849457,0.08831766247749329
YPL194W,YGL139W,0,5.2401304,0.29952457547187805,0.3772455155849457,0.08841768652200699
YOL054W,YKL002W,0,5.237816,0.2992874085903168,0.3772455155849457,0.0885177031159401
YGR128C,YHR196W,1,5.236994,0.2998417615890503,0.37824350595474243,0.0885177031159401
YDR516C,YLR014C,0,5.2364106,0.29960474371910095,0.37824350595474243,0.0886177271604538
YML048W,YKR007W,0,5.2357836,0.29936808347702026,0.37824350595474243,0.0887177437543869
YMR267W,YDR515W,0,5.233841,0.2991318106651306,0.37824350595474243,0.08881776034832001
YLR183C,YDR345C,0,5.233015,0.2988958954811096,0.37824350595474243,0.08891778439283371
YJL212C,YIL062C,0,5.230634,0.29866036772727966,0.37824350595474243,0.08901780098676682
YKL006C-A,YOL002C,1,5.2304893,0.29921260476112366,0.3792415261268616,0.08901780098676682
YOR129C,YPR031W,0,5.230241,0.29897719621658325,0.3792415261268616,0.08911782503128052
YBR222C,YLR343W,0,5.2285385,0.2987421452999115,0.3792415261268616,0.08921784162521362
YHR074W,YNL029C,0,5.227773,0.2985074520111084,0.3792415261268616,0.08931786566972733
YPL051W,YOR061W,1,5.2260914,0.29905807971954346,0.3802395164966583,0.08931786566972733
YBR195C,YBL057C,0,5.225819,0.2988235354423523,0.3802395164966583,0.08941788226366043
YGL238W,YOL069W,0,5.2243834,0.2985893487930298,0.3802395164966583,0.08951790630817413
YDR496C,YJL060W,0,5.2237163,0.2983555197715759,0.3802395164966583,0.08961792290210724
YPL112C,YFR031C,0,5.223338,0.2981220781803131,0.3802395164966583,0.08971794694662094
YJR063W,YPR095C,1,5.22327,0.29867082834243774,0.38123753666877747,0.08971794694662094
YDR395W,YLR182W,0,5.2230306,0.2984375059604645,0.38123753666877747,0.08981796354055405
YHR099W,YPL085W,1,5.2230053,0.29898515343666077,0.3822355270385742,0.08981796354055405
YOR037W,YLR092W,0,5.2226996,0.29875195026397705,0.3822355270385742,0.08991798013448715
YFR005C,YPL111W,0,5.2177134,0.298519104719162,0.3822355270385742,0.09001800417900085
YOR351C,YML129C,0,5.2175374,0.2982866168022156,0.3822355270385742,0.09011802077293396
YHR076W,YBR084W,0,5.217452,0.2980544865131378,0.3822355270385742,0.09021804481744766
YBR095C,YBR164C,0,5.215833,0.2978227138519287,0.3822355270385742,0.09031806141138077
YLR141W,YBL021C,1,5.2141247,0.29836830496788025,0.38323354721069336,0.09031806141138077
YOR045W,YBR066C,0,5.2112837,0.2981366515159607,0.38323354721069336,0.09041808545589447
YHR069C,YEL040W,0,5.2101994,0.2979053556919098,0.38323354721069336,0.09051810204982758
YAL051W,YMR302C,0,5.208309,0.29767441749572754,0.38323354721069336,0.09061812609434128
YNL282W,YDL127W,0,5.2045546,0.29744383692741394,0.38323354721069336,0.09071814268827438
YBR188C,YMR038C,0,5.2037888,0.297213613986969,0.38323354721069336,0.09081816673278809
YDR496C,YLR389C,0,5.2030754,0.2969837486743927,0.38323354721069336,0.09091818332672119
YHR025W,YDL040C,0,5.2007413,0.29675424098968506,0.38323354721069336,0.0910181999206543
YKL145W,YNL317W,0,5.200348,0.29652509093284607,0.38323354721069336,0.091118223965168
YJR025C,YBR214W,0,5.1981883,0.29629629850387573,0.38323354721069336,0.0912182405591011
YDR399W,YKR055W,0,5.198085,0.29606786370277405,0.38323354721069336,0.09131826460361481
YLR347C,YKL074C,0,5.1977468,0.29583975672721863,0.38323354721069336,0.09141828119754791
YIL125W,YGR238C,0,5.1971116,0.29561200737953186,0.38323354721069336,0.09151830524206161
YDR359C,YKR058W,0,5.195958,0.29538461565971375,0.38323354721069336,0.09161832183599472
YJL006C,YPL085W,1,5.1949778,0.29592621326446533,0.3842315375804901,0.09161832183599472
YPL051W,YBL014C,1,5.1945877,0.29646697640419006,0.38522952795028687,0.09161832183599472
YHR052W,YDR159W,0,5.1944685,0.29623943567276,0.38522952795028687,0.09171834588050842
YGR078C,YGR103W,0,5.194166,0.296012282371521,0.38522952795028687,0.09181836247444153
YDR218C,YBR233W-A,0,5.194001,0.29578542709350586,0.38522952795028687,0.09191838651895523
YPR186C,YLR383W,0,5.1937675,0.29555895924568176,0.38522952795028687,0.09201840311288834
YPL085W,YML132W,0,5.193384,0.29533281922340393,0.38522952795028687,0.09211842715740204
YKL119C,YOL122C,0,5.192543,0.29510703682899475,0.38522952795028687,0.09221844375133514
YGL058W,YMR123W,0,5.1884975,0.29488158226013184,0.38522952795028687,0.09231846034526825
YIL062C,YOR355W,0,5.1874256,0.2946564853191376,0.38522952795028687,0.09241848438978195
YJL025W,YPR010C,1,5.1867185,0.29519450664520264,0.386227548122406,0.09241848438978195
YMR017W,YOL065C,0,5.1836443,0.29496949911117554,0.386227548122406,0.09251850098371506
YGL123W,YHR074W,0,5.182399,0.2947448492050171,0.386227548122406,0.09261852502822876
YIL140W,YJL168C,0,5.1815968,0.2945205569267273,0.386227548122406,0.09271854162216187
YKR062W,YDR365C,0,5.18107,0.29429659247398376,0.386227548122406,0.09281856566667557
YGR062C,YMR033W,0,5.180103,0.2940729558467865,0.386227548122406,0.09291858226060867
YJL079C,YJL052W,0,5.1766634,0.2938496470451355,0.386227548122406,0.09301860630512238
YMR270C,YDR420W,1,5.176103,0.2943854331970215,0.38722553849220276,0.09301860630512238
YDR437W,YIR019C,0,5.17518,0.29416224360466003,0.38722553849220276,0.09311862289905548
YOR034C,YDR233C,0,5.1749835,0.29393938183784485,0.38722553849220276,0.09321864694356918
YIL075C,YLR367W,0,5.174873,0.2937168776988983,0.38722553849220276,0.09331866353750229
YER068W,YAL007C,0,5.173899,0.29349470138549805,0.38722553849220276,0.0934186801314354
YGL119W,YOR323C,0,5.172991,0.29327285289764404,0.38722553849220276,0.0935187041759491
YOR016C,YGL096W,0,5.172744,0.2930513620376587,0.38722553849220276,0.0936187207698822
YNL133C,YDL235C,0,5.172226,0.2928301990032196,0.38722553849220276,0.0937187448143959
YIL068C,YIL109C,0,5.169213,0.2926093637943268,0.38722553849220276,0.09381876140832901
YNL085W,YEL016C,0,5.168318,0.2923888564109802,0.38722553849220276,0.09391878545284271
YCR072C,YPR068C,0,5.165853,0.29216867685317993,0.38722553849220276,0.09401880204677582
YOL054W,YCR091W,0,5.1655784,0.2919488251209259,0.38722553849220276,0.09411882609128952
YCL025C,YNR024W,0,5.163555,0.2917293310165405,0.38722553849220276,0.09421884268522263
YGR208W,YGR199W,0,5.162772,0.29151013493537903,0.38722553849220276,0.09431886672973633
YDR464W,YOR204W,0,5.1625414,0.2912912964820862,0.38722553849220276,0.09441888332366943
YMR101C,YDL243C,0,5.1574736,0.2910727560520172,0.38722553849220276,0.09451890736818314
YDR512C,YDL130W,0,5.1571865,0.2908545732498169,0.38722553849220276,0.09461892396211624
YPL101W,YDR438W,0,5.1568174,0.29063671827316284,0.38722553849220276,0.09471894055604935
YPR191W,YIL021W,0,5.155775,0.29041916131973267,0.38722553849220276,0.09481896460056305
YMR289W,YIL137C,0,5.1557703,0.29020193219184875,0.38722553849220276,0.09491898119449615
YML067C,YDR373W,0,5.1555953,0.2899850606918335,0.38722553849220276,0.09501900523900986
YDL166C,YPL269W,0,5.1546955,0.2897684872150421,0.38722553849220276,0.09511902183294296
YIL094C,YNL281W,0,5.154227,0.289552241563797,0.38722553849220276,0.09521904587745667
YJR066W,YOR210W,1,5.15378,0.29008203744888306,0.3882235586643219,0.09521904587745667
YLR287C-A,YOR049C,0,5.153417,0.2898658812046051,0.3882235586643219,0.09531906247138977
YOR129C,YOR026W,0,5.152808,0.289650022983551,0.3882235586643219,0.09541908651590347
YJL025W,YNL191W,1,5.1520615,0.2901785671710968,0.38922154903411865,0.09541908651590347
YPR043W,YIR012W,0,5.1515417,0.2899628281593323,0.38922154903411865,0.09551910310983658
YML052W,YDR253C,0,5.15129,0.2897473871707916,0.38922154903411865,0.09561912715435028
YLR377C,YGL006W,0,5.151249,0.28953230381011963,0.38922154903411865,0.09571914374828339
YPL051W,YHR099W,1,5.150098,0.290059357881546,0.3902195692062378,0.09571914374828339
YGL171W,YDR200C,0,5.149396,0.2898443341255188,0.3902195692062378,0.09581916034221649
YER022W,YBR153W,0,5.148361,0.28962963819503784,0.3902195692062378,0.0959191843867302
YJL109C,YFL034C-A,1,5.1483574,0.29015544056892395,0.39121755957603455,0.0959191843867302
YDL166C,YBR060C,0,5.1475687,0.28994083404541016,0.39121755957603455,0.0960192009806633
YJL006C,YJL109C,1,5.146487,0.2904656231403351,0.3922155797481537,0.0960192009806633
YCR105W,YCR047C,0,5.1464386,0.29025110602378845,0.3922155797481537,0.096119225025177
YAR007C,YNL068C,0,5.144437,0.2900368869304657,0.3922155797481537,0.09621924161911011
YKR007W,YML077W,1,5.1423416,0.2905604839324951,0.39321357011795044,0.09621924161911011
YNL267W,YML021C,0,5.1401196,0.2903463542461395,0.39321357011795044,0.09631926566362381
YMR070W,YNL191W,1,5.1399136,0.29086893796920776,0.3942115902900696,0.09631926566362381
YOL066C,YNL262W,0,5.139417,0.29065489768981934,0.3942115902900696,0.09641928225755692
YDR019C,YNL163C,0,5.135907,0.2904411852359772,0.3942115902900696,0.09651930630207062
YOR340C,YMR042W,1,5.133683,0.2909625172615051,0.39520958065986633,0.09651930630207062
YLR373C,YGR185C,0,5.1306605,0.2907488942146301,0.39520958065986633,0.09661932289600372
YMR292W,YPL001W,0,5.1293273,0.290535569190979,0.39520958065986633,0.09671934694051743
YBR275C,YPL193W,0,5.127582,0.29032257199287415,0.39520958065986633,0.09681936353445053
YMR285C,YNL271C,0,5.1273327,0.29010990262031555,0.39520958065986633,0.09691938757896423
YCR060W,YLR305C,0,5.121044,0.28989750146865845,0.39520958065986633,0.09701940417289734
YCL059C,YLR176C,0,5.1207104,0.2896854281425476,0.39520958065986633,0.09711942076683044
YBR119W,YKR097W,0,5.119298,0.28947368264198303,0.39520958065986633,0.09721944481134415
YPR171W,YKR056W,0,5.1185713,0.28926223516464233,0.39520958065986633,0.09731946140527725
YBL014C,YDR398W,1,5.1153364,0.28978103399276733,0.3962075710296631,0.09731946140527725
YGR217W,YIL035C,1,5.1152487,0.29029905796051025,0.3972055912017822,0.09731946140527725
YOL020W,YLR313C,0,5.1145954,0.2900874614715576,0.3972055912017822,0.09741948544979095
YNL007C,YNL322C,0,5.1121387,0.28987619280815125,0.3972055912017822,0.09751950204372406
YJL006C,YBR021W,1,5.1094723,0.29039302468299866,0.398203581571579,0.09751950204372406
YOR340C,YGR068C,1,5.107408,0.290909081697464,0.3992016017436981,0.09751950204372406
YMR117C,YDR479C,0,5.1062126,0.2906976640224457,0.3992016017436981,0.09761952608823776
YBL025W,YPR095C,1,5.1051884,0.2912127673625946,0.4001995921134949,0.09761952608823776
YER070W,YBR094W,0,5.1048937,0.29100143909454346,0.4001995921134949,0.09771954268217087
YGR295C,YBR094W,0,5.1034765,0.2907904386520386,0.4001995921134949,0.09781956672668457
YDR423C,YPL151C,0,5.1033278,0.2905797064304352,0.4001995921134949,0.09791958332061768
YNL077W,YLL018C,0,5.1026773,0.29036930203437805,0.4001995921134949,0.09801960736513138
YLR314C,YLR395C,0,5.1016498,0.2901591956615448,0.4001995921134949,0.09811962395906448
YMR274C,YGR263C,0,5.1008067,0.2899493873119354,0.4001995921134949,0.09821964055299759
YPL137C,YKL042W,0,5.0991154,0.2897398769855499,0.4001995921134949,0.09831966459751129
YMR270C,YBL021C,1,5.09805,0.2902527153491974,0.401197612285614,0.09831966459751129
YAR007C,YBR189W,0,5.097582,0.29004329442977905,0.401197612285614,0.0984196811914444
YDR324C,YJL109C,1,5.0969934,0.2905551493167877,0.40219560265541077,0.0984196811914444
YMR149W,YNL172W,0,5.0946093,0.29034581780433655,0.40219560265541077,0.0985197052359581
YKR008W,YLR223C,0,5.094343,0.29013678431510925,0.40219560265541077,0.0986197218298912
YPL208W,YDL085W,0,5.0938363,0.28992804884910583,0.40219560265541077,0.09871974587440491
YDL128W,YBR247C,0,5.0907063,0.2897196114063263,0.40219560265541077,0.09881976246833801
YOL043C,YDR451C,0,5.0905848,0.289511501789093,0.40219560265541077,0.09891978651285172
YJL156C,YNL129W,0,5.090271,0.28930366039276123,0.40219560265541077,0.09901980310678482
YML113W,YNR041C,0,5.0900187,0.2890961170196533,0.40219560265541077,0.09911982715129852
YNR055C,YNR030W,0,5.089611,0.2888889014720917,0.40219560265541077,0.09921984374523163
YGL014W,YER153C,0,5.087843,0.2886819541454315,0.40219560265541077,0.09931986033916473
YOR359W,YNL012W,0,5.087635,0.28847530484199524,0.40219560265541077,0.09941988438367844
YDR345C,YHR111W,0,5.0870547,0.28826895356178284,0.40219560265541077,0.09951990097761154
YDR324C,YPL144W,1,5.0864115,0.2887777090072632,0.4031936228275299,0.09951990097761154
YML032C,YGL169W,0,5.086273,0.28857141733169556,0.4031936228275299,0.09961992502212524
YJL109C,YGL243W,1,5.0856447,0.2890792191028595,0.40419161319732666,0.09961992502212524
YHR056C,YHR011W,0,5.085265,0.2888730466365814,0.40419161319732666,0.09971994161605835
YPR187W,YIL035C,1,5.084589,0.28937989473342896,0.4051896333694458,0.09971994161605835
YPL051W,YOR039W,1,5.084383,0.2898860275745392,0.40618762373924255,0.09971994161605835
YDR023W,YLR315W,0,5.083769,0.28967970609664917,0.40618762373924255,0.09981996566057205
YBL093C,YKR014C,0,5.083587,0.28947368264198303,0.40618762373924255,0.09991998225450516
YJR058C,YLR147C,0,5.0835447,0.28926795721054077,0.40618762373924255,0.10002000629901886
YOL042W,YAL013W,0,5.0833173,0.2890625,0.40618762373924255,0.10012002289295197
YHR060W,YFR031C,0,5.0832105,0.2888573408126831,0.40618762373924255,0.10022004693746567
YBR164C,YGL169W,0,5.083084,0.2886524796485901,0.40618762373924255,0.10032006353139877
YCR014C,YPL254W,0,5.0830374,0.28844791650772095,0.40618762373924255,0.10042008757591248
YFL034C-A,YMR070W,1,5.0827885,0.2889518439769745,0.4071856141090393,0.10042008757591248
YDL195W,YOR026W,0,5.082597,0.2887473404407501,0.4071856141090393,0.10052010416984558
YOR304W,YPL135W,0,5.082014,0.28854313492774963,0.4071856141090393,0.10062012076377869
YEL029C,YNL230C,0,5.0803967,0.288339227437973,0.4071856141090393,0.10072014480829239
YIL038C,YER045C,0,5.079565,0.2881355881690979,0.4071856141090393,0.1008201614022255
YML036W,YIL035C,1,5.079177,0.2886379659175873,0.40818363428115845,0.1008201614022255
YFL014W,YJR155W,0,5.0773954,0.2884344160556793,0.40818363428115845,0.1009201854467392
YLR442C,YOR224C,0,5.076792,0.28823113441467285,0.40818363428115845,0.1010202020406723
YJR055W,YGR029W,0,5.0765586,0.28802818059921265,0.40818363428115845,0.101120226085186
YGR194C,YCR072C,0,5.075735,0.28782546520233154,0.40818363428115845,0.10122024267911911
YPL137C,YNL283C,0,5.074856,0.2876230776309967,0.40818363428115845,0.10132026672363281
YPR156C,YHR046C,0,5.0707855,0.28742092847824097,0.40818363428115845,0.10142028331756592
YOR222W,YMR313C,0,5.069845,0.2872191071510315,0.40818363428115845,0.10152030736207962
YDL170W,YLR017W,0,5.0671396,0.2870175540447235,0.40818363428115845,0.10162032395601273
YMR075W,YCL036W,0,5.066116,0.286816269159317,0.40818363428115845,0.10172034054994583
YNL103W,YBR213W,0,5.063137,0.2866152822971344,0.40818363428115845,0.10182036459445953
YJL153C,YLL045C,0,5.062725,0.28641456365585327,0.40818363428115845,0.10192038118839264
YLR008C,YGL025C,0,5.0624905,0.286214143037796,0.40818363428115845,0.10202040523290634
YNL135C,YLR014C,0,5.060251,0.28601399064064026,0.40818363428115845,0.10212042182683945
YPL103C,YOR043W,0,5.0599556,0.285814106464386,0.40818363428115845,0.10222044587135315
YJL083W,YHR096C,0,5.0598207,0.2856145203113556,0.40818363428115845,0.10232046246528625
YAR033W,YDL085W,0,5.059228,0.2854152023792267,0.40818363428115845,0.10242048650979996
YJR063W,YOR061W,1,5.058145,0.28591352701187134,0.4091816246509552,0.10242048650979996
YMR093W,YJR155W,0,5.057906,0.2857142984867096,0.4091816246509552,0.10252050310373306
YLR386W,YPL183C,0,5.056036,0.28551530838012695,0.4091816246509552,0.10262052714824677
YOL056W,YKL183W,0,5.0554466,0.2853166460990906,0.4091816246509552,0.10272054374217987
YJR066W,YPR095C,1,5.055112,0.2858136296272278,0.41017964482307434,0.10272054374217987
YEL024W,YMR065W,0,5.0539103,0.2856149971485138,0.41017964482307434,0.10282056778669357
YPR186C,YDL087C,0,5.051228,0.2854166626930237,0.41017964482307434,0.10292058438062668
YDR174W,YHR099W,1,5.0509577,0.28591257333755493,0.4111776351928711,0.10292058438062668
YDR326C,YGR105W,0,5.0496073,0.2857142984867096,0.4111776351928711,0.10302060097455978
YGR271C-A,YPL082C,1,5.048748,0.2862092852592468,0.41217565536499023,0.10302060097455978
YHR061C,YAL035W,0,5.046872,0.28601107001304626,0.41217565536499023,0.10312062501907349
YOR341W,YPR187W,1,5.0468025,0.28650519251823425,0.413173645734787,0.10312062501907349
YNL079C,YPR042C,0,5.045397,0.28630706667900085,0.413173645734787,0.10322064161300659
YML112W,YMR304W,0,5.044876,0.28610917925834656,0.413173645734787,0.1033206656575203
YOR142W,YDR500C,0,5.0448127,0.28591158986091614,0.413173645734787,0.1034206822514534
YMR127C,YGL127C,0,5.0417395,0.2857142984867096,0.413173645734787,0.1035207062959671
YKL198C,YIL144W,0,5.0412006,0.28551724553108215,0.413173645734787,0.10362072288990021
YGR098C,YOR346W,1,5.041154,0.28600963950157166,0.41417166590690613,0.10362072288990021
YPL017C,YMR072W,0,5.0409355,0.2858126759529114,0.41417166590690613,0.10372074693441391
YOL010W,YLL024C,0,5.0402846,0.2856159806251526,0.41417166590690613,0.10382076352834702
YDR246W,YGR145W,0,5.039615,0.2854195237159729,0.41417166590690613,0.10392078757286072
YDR313C,YLR154C,0,5.0392857,0.2852233648300171,0.41417166590690613,0.10402080416679382
YLR220W,YBR287W,0,5.038357,0.28502747416496277,0.41417166590690613,0.10412082076072693
YDR315C,YHR046C,0,5.03819,0.28483185172080994,0.41417166590690613,0.10422084480524063
YIR009W,YOL002C,1,5.038068,0.285322368144989,0.4151696562767029,0.10422084480524063
YBR173C,YBR166C,0,5.0380354,0.28512680530548096,0.4151696562767029,0.10432086139917374
YDR212W,YER072W,0,5.037136,0.2849315106868744,0.4151696562767029,0.10442088544368744
YPL126W,YEL016C,1,5.0329294,0.2854209542274475,0.416167676448822,0.10442088544368744
YGL241W,YGL111W,0,5.0326824,0.2852257192134857,0.416167676448822,0.10452090203762054
YIL118W,YBL020W,0,5.0323877,0.2850307524204254,0.416167676448822,0.10462092608213425
YDR508C,YNL117W,0,5.0323467,0.2848360538482666,0.416167676448822,0.10472094267606735
YOR346W,YML036W,1,5.0320845,0.28532424569129944,0.4171656668186188,0.10472094267606735
YPL146C,YLR367W,0,5.0319843,0.2851296067237854,0.4171656668186188,0.10482096672058105
YKL125W,YDR398W,1,5.0318813,0.2856169044971466,0.4181636869907379,0.10482096672058105
YJL183W,YEL053C,0,5.031603,0.28542235493659973,0.4181636869907379,0.10492098331451416
YJL006C,YNL191W,1,5.0310965,0.2859087884426117,0.41916167736053467,0.10492098331451416
YMR239C,YDR300C,0,5.0310965,0.2857142984867096,0.41916167736053467,0.10502100735902786
YGR128C,YJL025W,1,5.0277367,0.2861998677253723,0.4201596677303314,0.10502100735902786
YOR119C,YKR079C,0,5.0255947,0.286005437374115,0.4201596677303314,0.10512102395296097
YNL325C,YOR353C,0,5.0250683,0.28581127524375916,0.4201596677303314,0.10522104054689407
YDR377W,YNL036W,0,5.0240016,0.2856173813343048,0.4201596677303314,0.10532106459140778
YFL004W,YOR038C,0,5.023653,0.28542372584342957,0.4201596677303314,0.10542108118534088
YGR104C,YBR188C,0,5.0210724,0.2852303385734558,0.4201596677303314,0.10552110522985458
YKL006C-A,YNL248C,1,5.0207443,0.2857142984867096,0.42115768790245056,0.10552110522985458
YGR098C,YIR009W,1,5.018615,0.28619757294654846,0.4221556782722473,0.10552110522985458
YBR095C,YPR048W,0,5.0185757,0.28600406646728516,0.4221556782722473,0.10562112182378769
YPL169C,YJL130C,0,5.0163336,0.28581079840660095,0.4221556782722473,0.10572114586830139
YGR085C,YMR049C,0,5.0153975,0.2856178283691406,0.4221556782722473,0.1058211624622345
YBR160W,YOR046C,0,5.015191,0.2854250967502594,0.4221556782722473,0.1059211865067482
YDL028C,YNL130C,0,5.014484,0.28523263335227966,0.4221556782722473,0.1060212031006813
YBR169C,YDR064W,0,5.0143976,0.2850404381752014,0.4221556782722473,0.10612122714519501
YPL169C,YKL069W,0,5.0142956,0.28484848141670227,0.4221556782722473,0.10622124373912811
YJL212C,YPL082C,0,5.0137014,0.2846567928791046,0.4221556782722473,0.10632126778364182
YER055C,YML071C,0,5.0131874,0.28446537256240845,0.4221556782722473,0.10642128437757492
YDR281C,YDR284C,0,5.0123677,0.2842741906642914,0.4221556782722473,0.10652130097150803
YDL215C,YPR048W,0,5.01221,0.2840832769870758,0.4221556782722473,0.10662132501602173
YNR074C,YER040W,0,5.012056,0.2838926315307617,0.4221556782722473,0.10672134160995483
YMR182C,YHL008C,0,5.011695,0.28370222449302673,0.4221556782722473,0.10682136565446854
YGR098C,YGR128C,1,5.009918,0.2841823101043701,0.42315369844436646,0.10682136565446854
YHR197W,YKR030W,0,5.008937,0.2839919626712799,0.42315369844436646,0.10692138224840164
YJR031C,YMR194W,0,5.008643,0.2838018834590912,0.42315369844436646,0.10702140629291534
YDR108W,YOL069W,0,5.0049834,0.28361204266548157,0.42315369844436646,0.10712142288684845
YGR104C,YFL039C,0,5.0046396,0.28342247009277344,0.42315369844436646,0.10722144693136215
YPR167C,YNL240C,0,5.003704,0.2832331359386444,0.42315369844436646,0.10732146352529526
YDL036C,YNL066W,0,5.0021544,0.28304407000541687,0.42315369844436646,0.10742148756980896
YDL055C,YJR092W,0,5.001947,0.28285524249076843,0.42315369844436646,0.10752150416374207
YPL239W,YIL056W,0,5.0016375,0.2826666533946991,0.42315369844436646,0.10762152075767517
YPL019C,YCL055W,0,4.99683,0.28247836232185364,0.42315369844436646,0.10772154480218887
YDL200C,YLR364W,0,4.990875,0.2822902798652649,0.42315369844436646,0.10782156139612198
YJL130C,YKL205W,0,4.9903502,0.28210246562957764,0.42315369844436646,0.10792158544063568
YOR038C,YER123W,0,4.9901214,0.2819148898124695,0.42315369844436646,0.10802160203456879
YHR154W,YDR288W,0,4.9889207,0.2817275822162628,0.42315369844436646,0.10812162607908249
YNL230C,YER015W,0,4.988725,0.28154051303863525,0.42315369844436646,0.1082216426730156
YHR160C,YKL150W,0,4.988578,0.2813536822795868,0.42315369844436646,0.1083216667175293
YOL026C,YPL151C,0,4.986663,0.2811671197414398,0.42315369844436646,0.1084216833114624
YGL019W,YBL014C,1,4.9863925,0.28164348006248474,0.4241516888141632,0.1084216833114624
YNL330C,YDR398W,1,4.9856434,0.2821192145347595,0.42514970898628235,0.1084216833114624
YDR383C,YBR264C,0,4.9846888,0.2819325029850006,0.42514970898628235,0.1085217073559761
YHL011C,YKL135C,0,4.982666,0.2817460298538208,0.42514970898628235,0.10862172394990921
YPL203W,YBR243C,0,4.9825754,0.2815598249435425,0.42514970898628235,0.10872174799442291
YNL065W,YGR095C,0,4.981377,0.28137385845184326,0.42514970898628235,0.10882176458835602
YOL003C,YDR096W,0,4.9813466,0.28118813037872314,0.42514970898628235,0.10892178118228912
YNR001C,YDR022C,0,4.9810762,0.28100264072418213,0.42514970898628235,0.10902180522680283
YML036W,YOR034C,0,4.980955,0.2808173894882202,0.42514970898628235,0.10912182182073593
YLR234W,YML009C,0,4.9805803,0.2806324064731598,0.42514970898628235,0.10922184586524963
YER055C,YDR190C,0,4.980358,0.28044766187667847,0.42514970898628235,0.10932186245918274
YDR420W,YBR154C,1,4.9783225,0.2809210419654846,0.4261476993560791,0.10932186245918274
YER190W,YML009C,0,4.975623,0.28073635697364807,0.4261476993560791,0.10942188650369644
YKL096W-A,YNL242W,0,4.975481,0.2805519104003906,0.4261476993560791,0.10952190309762955
YMR270C,YNL330C,1,4.9754577,0.281024307012558,0.42714571952819824,0.10952190309762955
YIL148W,YNL118C,0,4.9727535,0.2808398902416229,0.42714571952819824,0.10962192714214325
YDL141W,YNL248C,0,4.972041,0.28065574169158936,0.42714571952819824,0.10972194373607635
YOR340C,YHL008C,0,4.970994,0.2804718315601349,0.42714571952819824,0.10982196778059006
YKR072C,YOR032C,0,4.970398,0.2802881598472595,0.42714571952819824,0.10992198437452316
YJL025W,YBR049C,1,4.970237,0.28075915575027466,0.428143709897995,0.10992198437452316
YOR036W,YNL185C,0,4.9677925,0.28057554364204407,0.428143709897995,0.11002200096845627
YBL078C,YER053C,0,4.967223,0.2803921699523926,0.428143709897995,0.11012202501296997
YPR180W,YKR090W,0,4.966119,0.2802090048789978,0.428143709897995,0.11022204160690308
YJR112W,YJL200C,0,4.9653153,0.2800261080265045,0.428143709897995,0.11032206565141678
YEL051W,YPL253C,0,4.9652166,0.27984344959259033,0.428143709897995,0.11042208224534988
YPL011C,YMR098C,0,4.9644175,0.27966102957725525,0.428143709897995,0.11052210628986359
YMR233W,YGL103W,0,4.963564,0.2794788181781769,0.428143709897995,0.11062212288379669
YGL227W,YBR245C,0,4.9624825,0.279296875,0.428143709897995,0.1107221469283104
YCR012W,YNL298W,0,4.9617367,0.2791151702404022,0.428143709897995,0.1108221635222435
YBR207W,YFL001W,0,4.961631,0.27893367409706116,0.428143709897995,0.1109221875667572
YPL075W,YDR165W,0,4.960848,0.2787524461746216,0.428143709897995,0.11102220416069031
YFL048C,YMR080C,0,4.9602013,0.2785714268684387,0.428143709897995,0.11112222075462341
YEL006W,YGR234W,0,4.9597273,0.27839064598083496,0.428143709897995,0.11122224479913712
YOR076C,YPL160W,0,4.9590435,0.2782101035118103,0.428143709897995,0.11132226139307022
YNL238W,YIL009C-A,0,4.953719,0.27802979946136475,0.428143709897995,0.11142228543758392
YDR508C,YDR111C,0,4.9532347,0.2778497338294983,0.428143709897995,0.11152230203151703
YDR007W,YLR214W,0,4.952338,0.27766990661621094,0.428143709897995,0.11162232607603073
YPL126W,YNL056W,1,4.949961,0.27813711762428284,0.42914173007011414,0.11162232607603073
YBR166C,YGR083C,0,4.9488893,0.27795735001564026,0.42914173007011414,0.11172234266996384
YIL135C,YLR276C,0,4.94853,0.2777777910232544,0.42914173007011414,0.11182236671447754
YOR319W,YGR217W,1,4.9481683,0.2782440185546875,0.4301397204399109,0.11182236671447754
YGL136C,YMR105C,0,4.947932,0.2780645191669464,0.4301397204399109,0.11192238330841064
YLR384C,YKL134C,0,4.946238,0.27788522839546204,0.4301397204399109,0.11202240735292435
YPL215W,YGR274C,0,4.9459567,0.27770617604255676,0.4301397204399109,0.11212242394685745
YAR002C-A,YKL038W,0,4.9453096,0.2775273621082306,0.4301397204399109,0.11222244799137115
YKR007W,YJL025W,1,4.945161,0.27799227833747864,0.43113771080970764,0.11222244799137115
YGL063W,YFL034C-A,1,4.9438853,0.27845659852027893,0.4321357309818268,0.11222244799137115
YBR015C,YBR089C-A,0,4.943469,0.2782776355743408,0.4321357309818268,0.11232246458530426
YJL004C,YEL061C,0,4.9423485,0.2780989110469818,0.4321357309818268,0.11242248117923737
YHR179W,YNR041C,0,4.9415207,0.2779204249382019,0.4321357309818268,0.11252250522375107
YGR217W,YFR034C,1,4.940208,0.2783835828304291,0.43313372135162354,0.11252250522375107
YLR181C,YGL006W,0,4.940092,0.27820512652397156,0.43313372135162354,0.11262252181768417
YDR313C,YKL041W,0,4.939404,0.27802690863609314,0.43313372135162354,0.11272254586219788
YGR004W,YOL103W,0,4.935658,0.27784889936447144,0.43313372135162354,0.11282256245613098
YDR156W,YKR080W,1,4.933632,0.27831095457077026,0.4341317415237427,0.11282256245613098
YMR239C,YLR324W,0,4.9293275,0.27813300490379333,0.4341317415237427,0.11292258650064468
YHR061C,YDR052C,0,4.9282594,0.2779552638530731,0.4341317415237427,0.11302260309457779
YNL133C,YOR091W,0,4.9276633,0.2777777910232544,0.4341317415237427,0.11312262713909149
YOL140W,YIL094C,0,4.926977,0.27760049700737,0.4341317415237427,0.1132226437330246
YGR155W,YOL149W,0,4.926248,0.2774234712123871,0.4341317415237427,0.1133226677775383
YOR304W,YOL105C,0,4.925564,0.2772466540336609,0.4341317415237427,0.1134226843714714
YGR113W,YLR383W,0,4.9255524,0.2770700752735138,0.4341317415237427,0.11352270096540451
YER142C,YFR013W,0,4.9235516,0.2768937051296234,0.4341317415237427,0.11362272500991821
YKL198C,YLR196W,0,4.923293,0.27671754360198975,0.4341317415237427,0.11372274160385132
YBR212W,YLR083C,0,4.9219284,0.27654165029525757,0.4341317415237427,0.11382276564836502
YOR175C,YDR345C,0,4.921377,0.2763659358024597,0.4341317415237427,0.11392278224229813
YOL103W,YCR106W,0,4.920821,0.27619048953056335,0.4341317415237427,0.11402280628681183
YFL010W-A,YDR443C,0,4.919733,0.2760152220726013,0.4341317415237427,0.11412282288074493
YKL004W,YOR092W,0,4.9193506,0.2758401930332184,0.4341317415237427,0.11422284692525864
YOR319W,YML095C,0,4.9191446,0.27566540241241455,0.4341317415237427,0.11432286351919174
YJL129C,YKR071C,0,4.918353,0.27549082040786743,0.4341317415237427,0.11442288756370544
YMR150C,YNL163C,0,4.9182787,0.275316447019577,0.4341317415237427,0.11452290415763855
YJL109C,YCR073C,1,4.916938,0.27577483654022217,0.43512973189353943,0.11452290415763855
YOL145C,YEL065W,0,4.916109,0.27560049295425415,0.43512973189353943,0.11462292820215225
YIL135C,YMR188C,0,4.915866,0.2754264175891876,0.43512973189353943,0.11472294479608536
YNL041C,YDR253C,0,4.9152966,0.2752525210380554,0.43512973189353943,0.11482296139001846
YJL136C,YDR451C,0,4.9152856,0.2750788629055023,0.43512973189353943,0.11492298543453217
YDL102W,YPL103C,0,4.9131374,0.27490541338920593,0.43512973189353943,0.11502300202846527
YPR149W,YPL116W,0,4.912591,0.27473220229148865,0.43512973189353943,0.11512302607297897
YJR078W,YOL100W,0,4.912399,0.2745591998100281,0.43512973189353943,0.11522304266691208
YGL120C,YJR075W,0,4.9122705,0.2743864059448242,0.43512973189353943,0.11532306671142578
YPL026C,YKL134C,0,4.912025,0.27421385049819946,0.43512973189353943,0.11542308330535889
YGL147C,YCL055W,0,4.911148,0.27404147386550903,0.43512973189353943,0.11552310734987259
YOL056W,YNL244C,0,4.9110823,0.2738693356513977,0.43512973189353943,0.1156231239438057
YLR068W,YPL093W,0,4.9104834,0.2736974358558655,0.43512973189353943,0.1157231479883194
YPR110C,YOR320C,0,4.908991,0.2735257148742676,0.43512973189353943,0.1158231645822525
YPL092W,YLR175W,0,4.9083376,0.2733542323112488,0.43512973189353943,0.11592318117618561
YOL077C,YMR032W,0,4.907002,0.2731829583644867,0.43512973189353943,0.11602320522069931
YIL004C,YNL261W,0,4.906966,0.2730118930339813,0.43512973189353943,0.11612322181463242
YOR346W,YOR224C,1,4.9057245,0.2734668254852295,0.43612775206565857,0.11612322181463242
YKL125W,YOL002C,1,4.904731,0.2739211916923523,0.4371257424354553,0.11612322181463242
YER036C,YIL106W,0,4.9037776,0.2737500071525574,0.4371257424354553,0.11622324585914612
YKL114C,YDR121W,0,4.902519,0.2735790014266968,0.4371257424354553,0.11632326245307922
YAL026C,YMR059W,0,4.900917,0.2734082341194153,0.4371257424354553,0.11642328649759293
YLL003W,YOR009W,0,4.9007845,0.2732376754283905,0.4371257424354553,0.11652330309152603
YIL112W,YLR093C,0,4.899515,0.27306732535362244,0.4371257424354553,0.11662332713603973
YGR089W,YPR057W,0,4.8988266,0.2728971838951111,0.4371257424354553,0.11672334372997284
YFR014C,YBL008W,0,4.898739,0.27272728085517883,0.4371257424354553,0.11682336777448654
YPR010C,YDR398W,1,4.898613,0.273179829120636,0.43812376260757446,0.11682336777448654
YJL073W,YFR033C,0,4.8974876,0.2730099558830261,0.43812376260757446,0.11692338436841965
YKL205W,YHR119W,0,4.897251,0.2728402614593506,0.43812376260757446,0.11702340096235275
YBL014C,YKL139W,1,4.8962994,0.2732919156551361,0.4391217529773712,0.11702340096235275
YKL095W,YOL155C,0,4.8957605,0.27312228083610535,0.4391217529773712,0.11712342500686646
YBR188C,YOR306C,0,4.8947616,0.2729528546333313,0.4391217529773712,0.11722344160079956
YDR389W,YNL172W,0,4.894345,0.27278363704681396,0.4391217529773712,0.11732346564531326
YIL035C,YPR010C,1,4.894327,0.27323418855667114,0.44011977314949036,0.11732346564531326
YBR067C,YBR164C,0,4.8935914,0.2730650007724762,0.44011977314949036,0.11742348223924637
YLR141W,YPL144W,1,4.8930874,0.27351483702659607,0.4411177635192871,0.11742348223924637
YHR103W,YPL127C,0,4.891905,0.2733457088470459,0.4411177635192871,0.11752350628376007
YDL208W,YAR042W,0,4.891614,0.27317675948143005,0.4411177635192871,0.11762352287769318
YDL102W,YBR080C,0,4.890443,0.2730080187320709,0.4411177635192871,0.11772354692220688
YPR113W,YDR500C,0,4.8903575,0.2728395164012909,0.4411177635192871,0.11782356351613998
YGR060W,YKL181W,0,4.887052,0.2726711928844452,0.4411177635192871,0.11792358756065369
YER060W,YAL048C,0,4.886672,0.2725030779838562,0.4411177635192871,0.11802360415458679
YPL126W,YNL113W,1,4.8863726,0.2729513347148895,0.44211575388908386,0.11802360415458679
YGR181W,YNL149C,0,4.886235,0.2727832496166229,0.44211575388908386,0.1181236281991005
YHR184W,YLR214W,0,4.885768,0.27261537313461304,0.44211575388908386,0.1182236447930336
YDL055C,YKR059W,0,4.8854213,0.27244773507118225,0.44211575388908386,0.1183236613869667
YBR142W,YNL044W,0,4.885067,0.2722802758216858,0.44211575388908386,0.11842368543148041
YIR009W,YGR217W,1,4.8843117,0.27272728085517883,0.443113774061203,0.11842368543148041
YLR429W,YLR432W,0,4.8842745,0.27255985140800476,0.443113774061203,0.11852370202541351
YCL064C,YOR189W,0,4.8832927,0.2723926305770874,0.443113774061203,0.11862372606992722
YDR128W,YML125C,0,4.88231,0.27222561836242676,0.443113774061203,0.11872374266386032
YDL070W,YDR359C,0,4.8810167,0.2720588147640228,0.443113774061203,0.11882376670837402
YBR092C,YMR065W,0,4.880086,0.2718922197818756,0.443113774061203,0.11892378330230713
YFL036W,YGL018C,0,4.879139,0.2717258334159851,0.443113774061203,0.11902380734682083
YDL102W,YDL240W,0,4.877514,0.27155962586402893,0.443113774061203,0.11912382394075394
YGL246C,YPR106W,0,4.8774996,0.27139365673065186,0.443113774061203,0.11922384798526764
YNL214W,YGL006W,0,4.877348,0.2712278664112091,0.443113774061203,0.11932386457920074
YNL102W,YOL103W,0,4.877262,0.27106228470802307,0.443113774061203,0.11942388117313385
YBL079W,YNR016C,0,4.876803,0.27089688181877136,0.443113774061203,0.11952390521764755
YLR006C,YNL175C,0,4.8756113,0.27073171734809875,0.443113774061203,0.11962392181158066
YPL126W,YPR180W,0,4.875143,0.2705667316913605,0.443113774061203,0.11972394585609436
YJR130C,YPR095C,0,4.8748827,0.2704019546508789,0.443113774061203,0.11982396245002747
YNL230C,YDL022W,0,4.8743763,0.27023735642433167,0.443113774061203,0.11992398649454117
YLR192C,YKR097W,0,4.8729234,0.2700729966163635,0.443113774061203,0.12002400308847427
YDR324C,YBL021C,1,4.8719316,0.2705167233943939,0.44411176443099976,0.12002400308847427
YJL153C,YOL056W,0,4.8694286,0.2703523635864258,0.44411176443099976,0.12012402713298798
YMR300C,YOL149W,0,4.8689737,0.27018821239471436,0.44411176443099976,0.12022404372692108
YMR088C,YBL076C,0,4.8687563,0.27002426981925964,0.44411176443099976,0.12032406777143478
YGR135W,YOR355W,0,4.8675575,0.26986053586006165,0.44411176443099976,0.12042408436536789
YJL187C,YDR468C,0,4.864172,0.269696980714798,0.44411176443099976,0.12052410840988159
YEL069C,YER015W,0,4.8633137,0.26953360438346863,0.44411176443099976,0.1206241250038147
YNL218W,YER171W,0,4.863009,0.2693704664707184,0.44411176443099976,0.1207241415977478
YGR027C,YGL093W,0,4.8627424,0.26920750737190247,0.44411176443099976,0.1208241656422615
YFL034C-A,YNL330C,1,4.8622055,0.26964932680130005,0.4451097846031189,0.1208241656422615
YGR098C,YPR110C,1,4.861072,0.27009063959121704,0.44610777497291565,0.1208241656422615
YPR184W,YMR169C,0,4.8608747,0.2699275314807892,0.44610777497291565,0.12092418223619461
YML043C,YKL006C-A,1,4.860543,0.27036812901496887,0.4471057951450348,0.12092418223619461
YOR210W,YBL025W,1,4.860487,0.2708081901073456,0.44810378551483154,0.12092418223619461
YER056C-A,YBR066C,0,4.8585544,0.2706449627876282,0.44810378551483154,0.12102420628070831
YHR025W,YDL100C,0,4.857795,0.2704819142818451,0.44810378551483154,0.12112422287464142
YIL007C,YDR167W,0,4.857501,0.2703190743923187,0.44810378551483154,0.12122424691915512
YOL126C,YKR054C,0,4.8571367,0.2701564431190491,0.44810378551483154,0.12132426351308823
YHL040C,YOR074C,0,4.854703,0.26999399065971375,0.44810378551483154,0.12142428755760193
YBR261C,YGR144W,0,4.854491,0.26983171701431274,0.44810378551483154,0.12152430415153503
YNL248C,YML036W,1,4.8534794,0.2702702581882477,0.4491018056869507,0.12152430415153503
YGR085C,YKL210W,0,4.853424,0.27010804414749146,0.4491018056869507,0.12162432819604874
YDR174W,YJL025W,1,4.8531284,0.2705458998680115,0.45009979605674744,0.12162432819604874
YLR134W,YOR086C,0,4.8524976,0.27038368582725525,0.45009979605674744,0.12172434478998184
YLR196W,YGR218W,0,4.851493,0.27022168040275574,0.45009979605674744,0.12182436138391495
YJR067C,YBL025W,1,4.850528,0.2706586718559265,0.4510978162288666,0.12182436138391495
YDR025W,YGL222C,0,4.8494163,0.2704966962337494,0.4510978162288666,0.12192438542842865
YLR190W,YCL036W,0,4.84936,0.270334929227829,0.4510978162288666,0.12202440202236176
YCR052W,YPL061W,0,4.848823,0.2701733410358429,0.4510978162288666,0.12212442606687546
YJL054W,YDL127W,0,4.8485594,0.2700119614601135,0.4510978162288666,0.12222444266080856
YLR263W,YDL105W,0,4.845876,0.2698507606983185,0.4510978162288666,0.12232446670532227
YNL159C,YLL029W,0,4.844556,0.26968973875045776,0.4510978162288666,0.12242448329925537
YDL230W,YBR074W,0,4.844434,0.26952892541885376,0.4510978162288666,0.12252450734376907
YLR299W,YML113W,0,4.8439646,0.2693682909011841,0.4510978162288666,0.12262452393770218
YAL016W,YPL194W,0,4.8423185,0.2692078649997711,0.4510978162288666,0.12272454798221588
YEL037C,YIL125W,0,4.841357,0.2690476179122925,0.4510978162288666,0.12282456457614899
YPL176C,YBR060C,0,4.838558,0.26888757944107056,0.4510978162288666,0.12292458862066269
YOR346W,YBL006C,1,4.8381457,0.2693222463130951,0.45209580659866333,0.12292458862066269
YIL111W,YML128C,0,4.837182,0.26916220784187317,0.45209580659866333,0.1230246052145958
YKL006C-A,YJL109C,1,4.8371115,0.2695961892604828,0.45309382677078247,0.1230246052145958
YOR045W,YNR011C,0,4.8361588,0.26943621039390564,0.45309382677078247,0.1231246218085289
YHL019C,YIL113W,0,4.836136,0.26927638053894043,0.45309382677078247,0.1232246458530426
YDL111C,YJL183W,0,4.835683,0.2691167891025543,0.45309382677078247,0.12332466244697571
YML063W,YDR503C,0,4.8348694,0.26895734667778015,0.45309382677078247,0.12342468649148941
YML011C,YOL069W,0,4.833935,0.2687981128692627,0.45309382677078247,0.12352470308542252
YOR327C,YNL330C,0,4.8335238,0.26863905787467957,0.45309382677078247,0.12362472712993622
YPR095C,YPL144W,1,4.8331575,0.2690715491771698,0.4540918171405792,0.12362472712993622
YIL120W,YGR072W,0,4.832419,0.26891252398490906,0.4540918171405792,0.12372474372386932
YGL096W,YOR150W,0,4.8317986,0.26875367760658264,0.4540918171405792,0.12382476776838303
YOL100W,YPL175W,0,4.831197,0.26859503984451294,0.4540918171405792,0.12392478436231613
YEL022W,YER133W,0,4.830825,0.26843658089637756,0.4540918171405792,0.12402480840682983
YKR037C,YLL022C,0,4.829519,0.2682783007621765,0.4540918171405792,0.12412482500076294
YMR179W,YPL139C,0,4.8290825,0.2681201994419098,0.4540918171405792,0.12422484159469604
YKR034W,YKL043W,0,4.828887,0.2679623067378998,0.4540918171405792,0.12432486563920975
YNL160W,YNL182C,0,4.828658,0.2678045928478241,0.4540918171405792,0.12442488223314285
YFL001W,YHR119W,0,4.827897,0.26764705777168274,0.4540918171405792,0.12452490627765656
YPR187W,YIL074C,0,4.8274107,0.2674897015094757,0.4540918171405792,0.12462492287158966
YKR088C,YHR111W,0,4.8273754,0.2673325538635254,0.4540918171405792,0.12472494691610336
YOR098C,YAR015W,0,4.826906,0.2671755850315094,0.4540918171405792,0.12482496351003647
YER045C,YKL195W,0,4.826725,0.26701876521110535,0.4540918171405792,0.12492498755455017
YJR046W,YOL011W,0,4.8266554,0.2668621838092804,0.4540918171405792,0.12502500414848328
YEL053C,YLR276C,0,4.8259764,0.2667057514190674,0.4540918171405792,0.12512502074241638
YHL003C,YPL207W,0,4.8259115,0.2665494978427887,0.4540918171405792,0.12522505223751068
YLR328W,YPL094C,0,4.8250837,0.2663934528827667,0.4540918171405792,0.1253250688314438
YLL008W,YML101C,0,4.8216496,0.2662375569343567,0.4540918171405792,0.1254250854253769
YJR094W-A,YPR037C,0,4.82109,0.26608186960220337,0.4540918171405792,0.12552510201931
YLR102C,YJL072C,0,4.8201885,0.2659263610839844,0.4540918171405792,0.1256251186132431
YLR328W,YER120W,0,4.8196716,0.2657710313796997,0.4540918171405792,0.1257251501083374
YEL015W,YIL074C,0,4.818838,0.26561588048934937,0.4540918171405792,0.1258251667022705
YGR262C,YNL331C,0,4.816059,0.26546090841293335,0.4540918171405792,0.1259251832962036
YDR156W,YGL019W,1,4.814398,0.2658892273902893,0.455089807510376,0.1259251832962036
YJL109C,YGL063W,1,4.8140516,0.2663170099258423,0.4560878276824951,0.1259251832962036
YIL125W,YDL148C,0,4.8115215,0.2661619186401367,0.4560878276824951,0.12602519989013672
YLR450W,YEL016C,0,4.8114185,0.2660069763660431,0.4560878276824951,0.12612523138523102
YNL218W,YJL008C,0,4.811287,0.2658522427082062,0.4560878276824951,0.12622524797916412
YER099C,YEL040W,0,4.810177,0.2656976878643036,0.4560878276824951,0.12632526457309723
YKR102W,YMR242C,0,4.8095603,0.26554328203201294,0.4560878276824951,0.12642528116703033
YOR297C,YLR425W,0,4.809313,0.265389084815979,0.4560878276824951,0.12652529776096344
YKL125W,YKL006C-A,1,4.808408,0.2658154368400574,0.45708581805229187,0.12652529776096344
YKR080W,YGR128C,1,4.807905,0.26624131202697754,0.458083838224411,0.12652529776096344
YIL145C,YPL156C,0,4.8078547,0.26608696579933167,0.458083838224411,0.12662532925605774
YEL029C,YER174C,0,4.806919,0.2659327983856201,0.458083838224411,0.12672534584999084
YMR312W,YMR059W,0,4.80602,0.2657788097858429,0.458083838224411,0.12682536244392395
YLR192C,YLR028C,0,4.8054767,0.265625,0.458083838224411,0.12692537903785706
YGL135W,YOR034C,0,4.8036447,0.26547136902809143,0.458083838224411,0.12702541053295135
YGL203C,YKR085C,0,4.8034344,0.2653179168701172,0.458083838224411,0.12712542712688446
YDL140C,YOR210W,1,4.8029933,0.26574233174324036,0.45908182859420776,0.12712542712688446
YDR309C,YHR169W,0,4.802552,0.2655889093875885,0.45908182859420776,0.12722544372081757
YHR014W,YDR470C,0,4.802311,0.26543566584587097,0.45908182859420776,0.12732546031475067
YFR034C,YPL144W,1,4.801531,0.2658592760562897,0.4600798487663269,0.12732546031475067
YER083C,YDR118W,0,4.800947,0.26570606231689453,0.4600798487663269,0.12742549180984497
YJR117W,YBR050C,0,4.799344,0.26555299758911133,0.4600798487663269,0.12752550840377808
YGR252W,YLL008W,0,4.797015,0.26540011167526245,0.4600798487663269,0.12762552499771118
YGR123C,YGR014W,0,4.7969007,0.2652474045753479,0.4600798487663269,0.1277255415916443
YDR234W,YMR313C,0,4.796263,0.2650948762893677,0.4600798487663269,0.1278255581855774
YMR285C,YJL208C,0,4.7958384,0.2649425268173218,0.4600798487663269,0.1279255896806717
YOR044W,YDR054C,0,4.795649,0.2647903561592102,0.4600798487663269,0.1280256062746048
YDL081C,YCR093W,0,4.793765,0.26463833451271057,0.4600798487663269,0.1281256228685379
YAL044C,YHR172W,0,4.7935877,0.26448652148246765,0.4600798487663269,0.128225639462471
YJL136C,YJL001W,0,4.7932596,0.26433485746383667,0.4600798487663269,0.1283256709575653
YJR143C,YCR106W,0,4.793126,0.26418337225914,0.4600798487663269,0.1284256875514984
YIR009W,YPR017C,1,4.7928743,0.2646048069000244,0.46107783913612366,0.1284256875514984
YIL035C,YEL016C,1,4.792511,0.2650257647037506,0.4620758593082428,0.1284256875514984
YAL025C,YLR467W,0,4.7923374,0.264874130487442,0.4620758593082428,0.12852570414543152
YBR158W,YOR233W,0,4.7913604,0.26472270488739014,0.4620758593082428,0.12862572073936462
YGL210W,YHR010W,0,4.790648,0.2645714282989502,0.4620758593082428,0.12872575223445892
YNL048W,YGR076C,0,4.7897654,0.2644203305244446,0.4620758593082428,0.12882576882839203
YCR038C,YCL066W,0,4.787851,0.2642694115638733,0.4620758593082428,0.12892578542232513
YFL026W,YDL209C,0,4.7870045,0.26411864161491394,0.4620758593082428,0.12902580201625824
YLR109W,YER027C,0,4.7869883,0.2639680802822113,0.4620758593082428,0.12912581861019135
YBR254C,YLR103C,0,4.7867317,0.2638176679611206,0.4620758593082428,0.12922585010528564
YMR198W,YJR004C,0,4.78644,0.26366743445396423,0.4620758593082428,0.12932586669921875
YHR088W,YOL011W,0,4.786202,0.2635173499584198,0.4620758593082428,0.12942588329315186
YLR270W,YDR441C,0,4.7846737,0.2633674740791321,0.4620758593082428,0.12952589988708496
YAL025C,YAL040C,0,4.7842865,0.2632177472114563,0.4620758593082428,0.12962593138217926
YOR224C,YIL035C,1,4.783697,0.26363635063171387,0.46307384967803955,0.12962593138217926
YDR492W,YOR322C,0,4.7835436,0.2634866535663605,0.46307384967803955,0.12972594797611237
YHR184W,YJL179W,0,4.781994,0.263337105512619,0.46307384967803955,0.12982596457004547
YAL016W,YOL141W,0,4.7817507,0.2631877362728119,0.46307384967803955,0.12992598116397858
YER175C,YER074W,0,4.7806954,0.2630385458469391,0.46307384967803955,0.13002599775791168
YIL020C,YGR174C,0,4.7801795,0.2628895044326782,0.46307384967803955,0.13012602925300598
YER023W,YDR364C,0,4.780077,0.2627406716346741,0.46307384967803955,0.1302260458469391
YOR301W,YJL164C,0,4.7792673,0.2625919580459595,0.46307384967803955,0.1303260624408722
YOR266W,YGR052W,0,4.778458,0.2624434530735016,0.46307384967803955,0.1304260790348053
YML060W,YER133W,0,4.7781286,0.26229506731033325,0.46307384967803955,0.1305261105298996
YDL006W,YLR204W,0,4.777869,0.26214689016342163,0.46307384967803955,0.1306261271238327
YMR228W,YLR359W,0,4.774941,0.26199886202812195,0.46307384967803955,0.1307261437177658
YEL016C,YNL191W,1,4.774931,0.26241534948349,0.4640718698501587,0.1307261437177658
YBR123C,YMR256C,0,4.7738066,0.2622673511505127,0.4640718698501587,0.1308261603116989
YPR073C,YER032W,0,4.7727103,0.26211950182914734,0.4640718698501587,0.1309261918067932
YHR114W,YGR193C,0,4.772604,0.2619718313217163,0.4640718698501587,0.13102620840072632
YNL268W,YPL093W,0,4.772582,0.2618243098258972,0.4640718698501587,0.13112622499465942
YPL148C,YHR184W,0,4.7723727,0.26167699694633484,0.4640718698501587,0.13122624158859253
YML112W,YGR217W,1,4.7723045,0.2620922327041626,0.46506986021995544,0.13122624158859253
YBL006C,YHR196W,1,4.772071,0.26250702142715454,0.4660678505897522,0.13122624158859253
YNL271C,YMR048W,0,4.7709007,0.2623595595359802,0.4660678505897522,0.13132625818252563
YPL280W,YEL001C,0,4.770809,0.26221224665641785,0.4660678505897522,0.13142628967761993
YBL021C,YML036W,1,4.769851,0.2626262605190277,0.46706587076187134,0.13142628967761993
YBR283C,YDL230W,0,4.7680826,0.2624789774417877,0.46706587076187134,0.13152630627155304
YPL110C,YMR235C,0,4.767537,0.26233184337615967,0.46706587076187134,0.13162632286548615
YPL095C,YKL009W,0,4.7674637,0.26218488812446594,0.46706587076187134,0.13172633945941925
YPR110C,YDL140C,1,4.7671947,0.2625979781150818,0.4680638611316681,0.13172633945941925
YDL075W,YLR330W,0,4.7659883,0.26245102286338806,0.4680638611316681,0.13182637095451355
YCR057C,YDR369C,0,4.7654634,0.26230424642562866,0.4680638611316681,0.13192638754844666
YOL066C,YOR136W,0,4.765409,0.2621576189994812,0.4680638611316681,0.13202640414237976
YML080W,YMR097C,0,4.7644095,0.26201117038726807,0.4680638611316681,0.13212642073631287
YDR148C,YDL112W,0,4.764053,0.26186487078666687,0.4680638611316681,0.13222645223140717
YHR196W,YML101C,1,4.7637715,0.2622767984867096,0.46906188130378723,0.13222645223140717
YOR103C,YNL292W,0,4.7622566,0.2621304988861084,0.46906188130378723,0.13232646882534027
YHL015W,YMR241W,0,4.7616267,0.26198437809944153,0.46906188130378723,0.13242648541927338
YLR325C,YHL032C,0,4.7601767,0.261838436126709,0.46906188130378723,0.13252650201320648
YOR065W,YOR113W,0,4.758997,0.2616926431655884,0.46906188130378723,0.1326265186071396
YDR419W,YCL059C,0,4.7581763,0.2615470290184021,0.46906188130378723,0.1327265501022339
YLR451W,YGR167W,0,4.757969,0.26140156388282776,0.46906188130378723,0.132826566696167
YPR017C,YNR030W,0,4.7578382,0.26125624775886536,0.46906188130378723,0.1329265832901001
YGR224W,YGL095C,0,4.7576675,0.2611111104488373,0.46906188130378723,0.1330265998840332
YEL021W,YLR186W,0,4.755474,0.26096612215042114,0.46906188130378723,0.1331266313791275
YGL168W,YDR280W,0,4.7534213,0.26082131266593933,0.46906188130378723,0.1332266479730606
YNL335W,YKL110C,0,4.751354,0.26067665219306946,0.46906188130378723,0.1333266645669937
YGR104C,YDR508C,0,4.7505817,0.2605321407318115,0.46906188130378723,0.13342668116092682
YBR105C,YNL221C,0,4.749681,0.2603878080844879,0.46906188130378723,0.13352671265602112
YMR290C,YBR264C,0,4.748644,0.26024362444877625,0.46906188130378723,0.13362672924995422
YBL063W,YLR277C,0,4.7478557,0.2600996196269989,0.46906188130378723,0.13372674584388733
YKL205W,YDL039C,0,4.7475357,0.2599557638168335,0.46906188130378723,0.13382676243782043
YMR093W,YBR021W,1,4.74689,0.260364830493927,0.470059871673584,0.13382676243782043
YMR233W,YDL108W,0,4.746805,0.260221004486084,0.470059871673584,0.13392677903175354
YOR066W,YPR036W,0,4.7468004,0.2600772976875305,0.470059871673584,0.13402681052684784
YNL103W,YCL014W,0,4.7464952,0.2599337697029114,0.470059871673584,0.13412682712078094
YGR020C,YBL085W,0,4.7464924,0.2597903907299042,0.470059871673584,0.13422684371471405
YGR078C,YOL135C,0,4.7463875,0.2596471905708313,0.470059871673584,0.13432686030864716
YIL156W,YOR177C,0,4.745987,0.25950413942337036,0.470059871673584,0.13442689180374146
YMR054W,YGR216C,0,4.7458763,0.25936123728752136,0.470059871673584,0.13452690839767456
YDL108W,YBR237W,0,4.7453227,0.2592184841632843,0.470059871673584,0.13462692499160767
YOR210W,YDR398W,1,4.7445498,0.25962597131729126,0.4710578918457031,0.13462692499160767
YPL258C,YDR465C,0,4.74273,0.2594832181930542,0.4710578918457031,0.13472694158554077
YBR128C,YJR127C,0,4.741909,0.25934067368507385,0.4710578918457031,0.13482695817947388
YMR272C,YCL031C,0,4.7408743,0.25919824838638306,0.4710578918457031,0.13492698967456818
YDR479C,YHL034C,0,4.739375,0.2590559720993042,0.4710578918457031,0.13502700626850128
YNL282W,YLR343W,0,4.738451,0.25891387462615967,0.4710578918457031,0.1351270228624344
YBR281C,YDR441C,0,4.7383904,0.2587719261646271,0.4710578918457031,0.1352270394563675
YBR049C,YKL139W,1,4.7383437,0.2591780722141266,0.4720558822154999,0.1352270394563675
YGR128C,YDR174W,1,4.737362,0.25958380103111267,0.473053902387619,0.1352270394563675
YBR154C,YNL056W,1,4.737171,0.25998905301094055,0.47405189275741577,0.1352270394563675
YPL155C,YKL014C,0,4.73682,0.25984683632850647,0.47405189275741577,0.1353270709514618
YGL158W,YNL029C,0,4.7364283,0.2597047686576843,0.47405189275741577,0.1354270875453949
YDR520C,YDR195W,0,4.736229,0.2595628499984741,0.47405189275741577,0.135527104139328
YML016C,YGR208W,0,4.7360477,0.25942108035087585,0.47405189275741577,0.1356271207332611
YBR036C,YLR425W,0,4.7335796,0.2592794895172119,0.47405189275741577,0.1357271522283554
YBL035C,YDR280W,0,4.7331266,0.2591380178928375,0.47405189275741577,0.1358271688222885
YGR078C,YIR026C,0,4.7325974,0.25899672508239746,0.47405189275741577,0.13592718541622162
YMR158W,YIL074C,0,4.7304506,0.25885558128356934,0.47405189275741577,0.13602720201015472
YJR067C,YGL063W,1,4.7290893,0.25925925374031067,0.4750499129295349,0.13602720201015472
YJL080C,YFL026W,0,4.7289147,0.25911813974380493,0.4750499129295349,0.13612721860408783
YPL082C,YER148W,1,4.728855,0.2595212161540985,0.47604790329933167,0.13612721860408783
YPL208W,YDR530C,0,4.7286205,0.2593801021575928,0.47604790329933167,0.13622725009918213
YNL056W,YOR061W,1,4.7280617,0.259782612323761,0.4770458936691284,0.13622725009918213
YER049W,YLR032W,0,4.727543,0.25964149832725525,0.4770458936691284,0.13632726669311523
YDR227W,YNL288W,0,4.726802,0.25950053334236145,0.4770458936691284,0.13642728328704834
YLR006C,YBR074W,0,4.725168,0.259359747171402,0.4770458936691284,0.13652729988098145
YER002W,YMR038C,0,4.724742,0.25921908020973206,0.4770458936691284,0.13662733137607574
YGL053W,YIL119C,0,4.7216086,0.25907859206199646,0.4770458936691284,0.13672734797000885
YPR110C,YJR066W,1,4.7202196,0.25947996973991394,0.47804391384124756,0.13672734797000885
YER179W,YDR296W,0,4.71944,0.25933948159217834,0.47804391384124756,0.13682736456394196
YKR002W,YHR061C,0,4.7193995,0.2591991424560547,0.47804391384124756,0.13692738115787506
YGR077C,YGR184C,0,4.719168,0.25905895233154297,0.47804391384124756,0.13702741265296936
YGL016W,YPL038W,0,4.7186728,0.2589189112186432,0.47804391384124756,0.13712742924690247
YBL060W,YER031C,0,4.7185154,0.25877904891967773,0.47804391384124756,0.13722744584083557
YPL096W,YJR130C,0,4.717826,0.25863930583000183,0.47804391384124756,0.13732746243476868
YKR053C,YIL139C,0,4.717673,0.25849974155426025,0.47804391384124756,0.13742747902870178
YGR098C,YHR196W,1,4.716296,0.2588996887207031,0.4790419042110443,0.13742747902870178
YBL006C,YDL140C,1,4.7162666,0.2592991888523102,0.48003992438316345,0.13742747902870178
YGL126W,YMR036C,0,4.716158,0.25915947556495667,0.48003992438316345,0.13752751052379608
YOR216C,YJR147W,0,4.715784,0.2590199112892151,0.48003992438316345,0.1376275271177292
YGL144C,YGR083C,0,4.7155776,0.25888052582740784,0.48003992438316345,0.1377275437116623
YGR068C,YBL025W,1,4.7154684,0.25927919149398804,0.4810379147529602,0.1377275437116623
YCR092C,YNL079C,0,4.7133026,0.2591397762298584,0.4810379147529602,0.1378275603055954
YDR033W,YDR495C,0,4.7126245,0.2590005397796631,0.4810379147529602,0.1379275918006897
YCR028C,YDR388W,0,4.7121916,0.2588614523410797,0.4810379147529602,0.1380276083946228
YDR088C,YCR011C,0,4.7116942,0.2587224841117859,0.4810379147529602,0.1381276249885559
YJL198W,YMR015C,0,4.711666,0.2585836946964264,0.4810379147529602,0.138227641582489
YNL328C,YLR432W,0,4.7111263,0.25844505429267883,0.4810379147529602,0.13832765817642212
YER117W,YJL013C,0,4.7095504,0.2583065330982208,0.4810379147529602,0.13842768967151642
YPL203W,YIR004W,0,4.7094088,0.25816819071769714,0.4810379147529602,0.13852770626544952
YKL051W,YBR237W,0,4.7061095,0.258029967546463,0.4810379147529602,0.13862772285938263
YIL167W,YGR216C,0,4.705844,0.2578919231891632,0.4810379147529602,0.13872773945331573
YML005W,YBR040W,0,4.7054853,0.25775399804115295,0.4810379147529602,0.13882777094841003
YLR061W,YER109C,0,4.7054815,0.257616251707077,0.4810379147529602,0.13892778754234314
YOR340C,YPL244C,0,4.703534,0.25747862458229065,0.4810379147529602,0.13902780413627625
YDR466W,YBR049C,0,4.702773,0.2573411762714386,0.4810379147529602,0.13912782073020935
YPL194W,YDR498C,0,4.702372,0.2572038471698761,0.4810379147529602,0.13922785222530365
YEL036C,YMR002W,0,4.701746,0.25706666707992554,0.4810379147529602,0.13932786881923676
YOR110W,YPL163C,0,4.7008147,0.2569296360015869,0.4810379147529602,0.13942788541316986
YJR066W,YGR217W,1,4.6990366,0.25732553005218506,0.48203593492507935,0.13942788541316986
YMR194W,YNR018W,0,4.6970944,0.25718849897384644,0.48203593492507935,0.13952790200710297
YPL051W,YMR078C,0,4.696804,0.25705161690711975,0.48203593492507935,0.13962791860103607
YER155C,YGL021W,0,4.696696,0.256914883852005,0.48203593492507935,0.13972795009613037
YER053C,YMR055C,0,4.696521,0.2567782998085022,0.48203593492507935,0.13982796669006348
YEL018W,YHR120W,0,4.6962137,0.25664186477661133,0.48203593492507935,0.13992798328399658
YGL120C,YGR044C,0,4.6960278,0.2565055787563324,0.48203593492507935,0.1400279998779297
YBR058C,YER159C,0,4.696025,0.256369411945343,0.48203593492507935,0.140128031373024
YGL223C,YJR082C,0,4.695305,0.25623342394828796,0.48203593492507935,0.1402280479669571
YLR260W,YGR094W,0,4.694716,0.25609755516052246,0.48203593492507935,0.1403280645608902
YEL002C,YGL006W,0,4.6926765,0.2559618353843689,0.48203593492507935,0.1404280811548233
YOL093W,YBR074W,0,4.6920624,0.25582626461982727,0.48203593492507935,0.1405281126499176
YPL262W,YJL212C,0,4.690966,0.2556908428668976,0.48203593492507935,0.1406281292438507
YER110C,YDR007W,0,4.6905932,0.25555557012557983,0.48203593492507935,0.1407281458377838
YPL061W,YLR010C,0,4.6902585,0.25542041659355164,0.48203593492507935,0.14082816243171692
YLR109W,YFR052W,0,4.6902013,0.2552854120731354,0.48203593492507935,0.14092817902565002
YDR069C,YLL061W,0,4.6895657,0.25515055656433105,0.48203593492507935,0.14102821052074432
YDL031W,YPL101W,0,4.6884975,0.25501585006713867,0.48203593492507935,0.14112822711467743
YGR098C,YKL006C-A,1,4.687519,0.25540897250175476,0.4830339252948761,0.14112822711467743
YLR191W,YOR016C,0,4.6848707,0.2552742660045624,0.4830339252948761,0.14122824370861053
YLR015W,YAL051W,0,4.6842937,0.25513970851898193,0.4830339252948761,0.14132826030254364
YDL140C,YMR070W,1,4.6839805,0.2555321455001831,0.48403194546699524,0.14132826030254364
YMR070W,YHR039C-A,1,4.6826735,0.25592416524887085,0.485029935836792,0.14132826030254364
YCL044C,YDR096W,0,4.682238,0.25578948855400085,0.485029935836792,0.14142829179763794
YJR001W,YPL093W,0,4.6789403,0.2556549310684204,0.485029935836792,0.14152830839157104
YKL099C,YLR385C,0,4.6785636,0.2555204927921295,0.485029935836792,0.14162832498550415
YDL039C,YLR289W,0,4.6777925,0.25538623332977295,0.485029935836792,0.14172834157943726
YMR101C,YGR095C,0,4.6759224,0.25525209307670593,0.485029935836792,0.14182837307453156
YKR031C,YLR083C,0,4.675786,0.25511810183525085,0.485029935836792,0.14192838966846466
YKR079C,YLR244C,0,4.6746893,0.2549842596054077,0.485029935836792,0.14202840626239777
YKL006C-A,YNL330C,1,4.673153,0.255374938249588,0.48602795600891113,0.14202840626239777
YKR028W,YJR127C,0,4.672345,0.2552410960197449,0.48602795600891113,0.14212842285633087
YHR143W-A,YDR174W,1,4.671258,0.2556312084197998,0.4870259463787079,0.14212842285633087
YMR297W,YOR011W,0,4.6698847,0.25549739599227905,0.4870259463787079,0.14222843945026398
YOR189W,YER091C,0,4.6698236,0.25536367297172546,0.4870259463787079,0.14232847094535828
YFL034C-A,YDR398W,1,4.669695,0.25575312972068787,0.488023966550827,0.14232847094535828
YOR267C,YKL004W,0,4.6696877,0.25561943650245667,0.488023966550827,0.14242848753929138
YBR261C,YCL063W,0,4.669593,0.2554858922958374,0.488023966550827,0.1425285041332245
YAL003W,YNL078W,0,4.667081,0.2553524672985077,0.488023966550827,0.1426285207271576
YGL106W,YMR112C,0,4.6665735,0.2552192211151123,0.488023966550827,0.1427285522222519
YPL155C,YHR089C,0,4.666258,0.2550860643386841,0.488023966550827,0.142828568816185
YOR319W,YPR110C,1,4.663128,0.2554744482040405,0.4890219569206238,0.142828568816185
YLR466W,YOR271C,0,4.662058,0.2553413212299347,0.4890219569206238,0.1429285854101181
YNL085W,YOR039W,0,4.6616836,0.2552083432674408,0.4890219569206238,0.1430286020040512
YIL079C,YKL078W,0,4.6616354,0.25507548451423645,0.4890219569206238,0.14312861859798431
YNL261W,YML034W,0,4.661319,0.25494277477264404,0.4890219569206238,0.1432286500930786
YPR187W,YNL330C,1,4.661132,0.2553302049636841,0.49001994729042053,0.1432286500930786
YLR129W,YOR244W,0,4.661002,0.2551974952220917,0.49001994729042053,0.14332866668701172
YNL113W,YKL139W,1,4.660791,0.2555844187736511,0.4910179674625397,0.14332866668701172
YGL060W,YOR232W,0,4.660423,0.2554517090320587,0.4910179674625397,0.14342868328094482
YDR436W,YOR211C,0,4.6587696,0.25531914830207825,0.4910179674625397,0.14352869987487793
YPR110C,YGR128C,1,4.6581435,0.2557053864002228,0.4920159578323364,0.14352869987487793
YOR236W,YER131W,0,4.6572466,0.2555728256702423,0.4920159578323364,0.14362873136997223
YGL083W,YGR167W,0,4.656746,0.2554404139518738,0.4920159578323364,0.14372874796390533
YJL166W,YOR057W,0,4.6564965,0.2553081214427948,0.4920159578323364,0.14382876455783844
YOR109W,YDR211W,0,4.655074,0.25517597794532776,0.4920159578323364,0.14392878115177155
YPR073C,YBL037W,0,4.654097,0.25504398345947266,0.4920159578323364,0.14402881264686584
YBR036C,YOR340C,0,4.653878,0.2549121081829071,0.4920159578323364,0.14412882924079895
YGL035C,YDR197W,0,4.6530647,0.2547803521156311,0.4920159578323364,0.14422884583473206
YIL118W,YLR196W,0,4.652772,0.25464877486228943,0.4920159578323364,0.14432886242866516
YCL031C,YGR200C,0,4.6518087,0.2545172870159149,0.4920159578323364,0.14442887902259827
YPR191W,YHR215W,0,4.6490927,0.25438597798347473,0.4920159578323364,0.14452891051769257
YDR368W,YPL101W,0,4.648733,0.2542547583580017,0.4920159578323364,0.14462892711162567
YGR081C,YKL212W,0,4.648612,0.254123717546463,0.4920159578323364,0.14472894370555878
YIR026C,YAL056W,0,4.646222,0.25399279594421387,0.4920159578323364,0.14482896029949188
YDL070W,YPR180W,0,4.6461954,0.2538619935512543,0.4920159578323364,0.14492899179458618
YEL070W,YDR039C,0,4.6461334,0.2537313401699066,0.4920159578323364,0.1450290083885193
YNL239W,YJL164C,0,4.6455812,0.2536008358001709,0.4920159578323364,0.1451290249824524
YOR148C,YJR082C,0,4.644206,0.25347045063972473,0.4920159578323364,0.1452290415763855
YPL091W,YER028C,0,4.642466,0.2533401846885681,0.4920159578323364,0.1453290730714798
YBR153W,YLR083C,0,4.6400414,0.25321006774902344,0.4920159578323364,0.1454290896654129
YOR132W,YCR075C,0,4.639064,0.2530800700187683,0.4920159578323364,0.145529106259346
YGR217W,YOR295W,1,4.6382017,0.2534633278846741,0.49301397800445557,0.145529106259346
YGL137W,YOL078W,0,4.638028,0.25333333015441895,0.49301397800445557,0.1456291228532791
YDR276C,YDR483W,0,4.6372514,0.25320348143577576,0.49301397800445557,0.14572913944721222
YIL173W,YNL283C,0,4.6352787,0.2530737817287445,0.49301397800445557,0.14582917094230652
YER070W,YAL017W,0,4.6347055,0.2529442012310028,0.49301397800445557,0.14592918753623962
YNL132W,YCR002C,0,4.634515,0.25281473994255066,0.49301397800445557,0.14602920413017273
YNL081C,YLR147C,0,4.634486,0.25268542766571045,0.49301397800445557,0.14612922072410583
YLR430W,YMR223W,0,4.6329775,0.2525562345981598,0.49301397800445557,0.14622925221920013
YNL328C,YDL120W,0,4.6324043,0.25242719054222107,0.49301397800445557,0.14632926881313324
YER171W,YGL229C,0,4.63204,0.2522982656955719,0.49301397800445557,0.14642928540706635
YDR174W,YDR398W,1,4.63048,0.2526799440383911,0.4940119683742523,0.14642928540706635
YNL102W,YJR015W,0,4.629759,0.25255101919174194,0.4940119683742523,0.14652930200099945
YDR234W,YNL041C,0,4.6292896,0.2524222433567047,0.4940119683742523,0.14662931859493256
YDR281C,YAL022C,0,4.6283817,0.25229358673095703,0.4940119683742523,0.14672935009002686
YHL025W,YJL065C,0,4.6280584,0.2521650493144989,0.4940119683742523,0.14682936668395996
YIR025W,YPL175W,0,4.627391,0.2520366609096527,0.4940119683742523,0.14692938327789307
YLR291C,YDR377W,0,4.6268897,0.25190839171409607,0.4940119683742523,0.14702939987182617
YHR184W,YOR018W,0,4.625409,0.25178027153015137,0.4940119683742523,0.14712943136692047
YBL060W,YGL087C,0,4.624873,0.2516522705554962,0.4940119683742523,0.14722944796085358
YOR074C,YER171W,0,4.6245337,0.2515243887901306,0.4940119683742523,0.14732946455478668
YJL109C,YPL085W,1,4.6244493,0.25190451741218567,0.49500998854637146,0.14732946455478668
YML129C,YJR092W,0,4.6243687,0.25177663564682007,0.49500998854637146,0.1474294811487198
YJR066W,YOR039W,1,4.623709,0.25215625762939453,0.4960079789161682,0.1474294811487198
YGL189C,YNR044W,0,4.623619,0.2520284056663513,0.4960079789161682,0.1475295126438141
YBR301W,YDR483W,0,4.623002,0.25190067291259766,0.4960079789161682,0.1476295292377472
YDR427W,YGL050W,0,4.6203804,0.25177305936813354,0.4960079789161682,0.1477295458316803
YLR033W,YLR142W,0,4.619192,0.251645565032959,0.4960079789161682,0.1478295624256134
YOR123C,YDR425W,0,4.618561,0.25151821970939636,0.4960079789161682,0.1479295790195465
YPL089C,YLR239C,0,4.618167,0.2513909935951233,0.4960079789161682,0.1480296105146408
YLR383W,YPR133W-A,0,4.6174297,0.25126391649246216,0.4960079789161682,0.1481296271085739
YMR281W,YDR513W,0,4.617105,0.2511369287967682,0.4960079789161682,0.14822964370250702
YIR004W,YOR313C,0,4.6167517,0.25101009011268616,0.4960079789161682,0.14832966029644012
YDR515W,YNL156C,0,4.616626,0.25088340044021606,0.4960079789161682,0.14842969179153442
YMR091C,YML056C,0,4.61525,0.25075680017471313,0.4960079789161682,0.14852970838546753
YLR300W,YLL057C,0,4.614959,0.25063034892082214,0.4960079789161682,0.14862972497940063
YNR022C,YGL151W,0,4.612899,0.2505040466785431,0.4960079789161682,0.14872974157333374
YNR020C,YOL069W,0,4.612253,0.2503778338432312,0.4960079789161682,0.14882977306842804
YOR194C,YLR289W,0,4.6107187,0.25025177001953125,0.4960079789161682,0.14892978966236115
YJL106W,YJL219W,0,4.610328,0.25012582540512085,0.4960079789161682,0.14902980625629425
YNL330C,YNL292W,0,4.6089487,0.25,0.4960079789161682,0.14912982285022736
YJR073C,YOR150W,0,4.6084366,0.2498743087053299,0.4960079789161682,0.14922983944416046
YPL091W,YNL026W,0,4.6083727,0.24974873661994934,0.4960079789161682,0.14932987093925476
YCR054C,YLR020C,0,4.6063714,0.24962329864501953,0.4960079789161682,0.14942988753318787
YMR070W,YEL016C,1,4.606353,0.25,0.49700599908828735,0.14942988753318787
YOR224C,YML101C,1,4.6057863,0.25037631392478943,0.4980039894580841,0.14942988753318787
YDR156W,YMR070W,1,4.605279,0.2507522702217102,0.49900200963020325,0.14942988753318787
YDR372C,YBR084W,0,4.6051035,0.2506265640258789,0.49900200963020325,0.14952990412712097
YIL153W,YIL167W,0,4.6047497,0.25050100684165955,0.49900200963020325,0.14962992072105408
YCL066W,YKL140W,0,4.6044865,0.25037556886672974,0.49900200963020325,0.14972995221614838
YNL161W,YMR223W,0,4.6040096,0.2502502501010895,0.49900200963020325,0.14982996881008148
YGL225W,YKL001C,0,4.6039906,0.25012505054473877,0.49900200963020325,0.1499299854040146
YBR212W,YDR148C,0,4.6037254,0.25,0.49900200963020325,0.1500300019979477
YGL031C,YKL056C,0,4.60338,0.24987506866455078,0.49900200963020325,0.1501300185918808
YKR075C,YER167W,0,4.602973,0.2497502565383911,0.49900200963020325,0.1502300500869751
YDR403W,YOR351C,0,4.60209,0.249625563621521,0.49900200963020325,0.1503300666809082
YLR343W,YDL087C,0,4.6019382,0.24950100481510162,0.49900200963020325,0.1504300832748413
YNL339C,YIR012W,0,4.6017046,0.2493765652179718,0.49900200963020325,0.15053009986877441
YGR006W,YDR054C,0,4.601501,0.24925224483013153,0.49900200963020325,0.1506301313638687
YGR204W,YJR050W,0,4.600706,0.249128058552742,0.49900200963020325,0.15073014795780182
YER033C,YHL034C,0,4.600527,0.24900399148464203,0.49900200963020325,0.15083016455173492
YPL126W,YDR420W,1,4.600212,0.2493778020143509,0.5,0.15083016455173492
YOR148C,YML061C,0,4.6002035,0.24925373494625092,0.5,0.15093018114566803
YPR186C,YOL045W,0,4.599498,0.2491297870874405,0.5,0.15103021264076233
YGL014W,YDR226W,0,4.5993176,0.24900595843791962,0.5,0.15113022923469543
YJL069C,YLR328W,0,4.5991054,0.2488822638988495,0.5,0.15123024582862854
YIL115C,YOR317W,0,4.5987816,0.2487586885690689,0.5,0.15133026242256165
YIL005W,YLR009W,0,4.59836,0.24863523244857788,0.5,0.15143027901649475
YML092C,YOL103W,0,4.598341,0.2485119104385376,0.5,0.15153031051158905
YDR167W,YGR105W,0,4.598252,0.24838869273662567,0.5,0.15163032710552216
YKR002W,YNL175C,0,4.5981092,0.2482656091451645,0.5,0.15173034369945526
YLR395C,YNR006W,0,4.5979652,0.24814264476299286,0.5,0.15183036029338837
YGR098C,YOR210W,1,4.597802,0.24851484596729279,0.5009980201721191,0.15183036029338837
YPR001W,YLR154C,0,4.597074,0.24839188158512115,0.5009980201721191,0.15193039178848267
YMR239C,YDR178W,0,4.5959554,0.24826903641223907,0.5009980201721191,0.15203040838241577
YDR110W,YJL098W,0,4.5958285,0.24814631044864655,0.5009980201721191,0.15213042497634888
YLR223C,YLL029W,0,4.595743,0.24802371859550476,0.5009980201721191,0.15223044157028198
YKR007W,YIL035C,1,4.59512,0.24839505553245544,0.5019959807395935,0.15223044157028198
YLR247C,YAR035W,0,4.594775,0.24827246367931366,0.5019959807395935,0.15233047306537628
YML052W,YLR237W,0,4.5944433,0.24814997613430023,0.5019959807395935,0.1524304896593094
YBL021C,YMR233W,1,4.594345,0.24852071702480316,0.5029940009117126,0.1524304896593094
YDL083C,YEL052W,0,4.591593,0.24839822947978973,0.5029940009117126,0.1525305062532425
YDL204W,YIL139C,0,4.5912495,0.24827586114406586,0.5029940009117126,0.1526305228471756
YLR074C,YDR108W,0,4.5911503,0.24815361201763153,0.5029940009117126,0.1527305394411087
YOR103C,YLR292C,0,4.590863,0.24803149700164795,0.5029940009117126,0.152830570936203
YDR482C,YDR389W,0,4.5906267,0.24790948629379272,0.5029940009117126,0.1529305875301361
YNL062C,YOR181W,0,4.58945,0.24778760969638824,0.5029940009117126,0.1530306041240692
YPR119W,YJL170C,0,4.588947,0.24766585230827332,0.5029940009117126,0.15313062071800232
YPL127C,YMR224C,0,4.5888257,0.24754419922828674,0.5029940009117126,0.15323065221309662
YKL058W,YDR280W,0,4.5858707,0.24742268025875092,0.5029940009117126,0.15333066880702972
YDL070W,YOR181W,0,4.58514,0.24730128049850464,0.5029940009117126,0.15343068540096283
YDR381W,YMR165C,0,4.5841594,0.24717998504638672,0.5029940009117126,0.15353070199489594
YLR360W,YBR180W,0,4.583168,0.24705882370471954,0.5029940009117126,0.15363073348999023
YGL251C,YMR304W,0,4.580735,0.24693778157234192,0.5029940009117126,0.15373075008392334
YOR349W,YIR012W,0,4.5798497,0.24681684374809265,0.5029940009117126,0.15383076667785645
YER147C,YNL098C,0,4.5792313,0.24669604003429413,0.5029940009117126,0.15393078327178955
YLR058C,YOR311C,0,4.5789537,0.24657534062862396,0.5029940009117126,0.15403079986572266
YAL054C,YOL086C,0,4.577747,0.24645476043224335,0.5029940009117126,0.15413083136081696
YDL229W,YOR264W,0,4.577612,0.24633431434631348,0.5029940009117126,0.15423084795475006
YGR177C,YOL154W,0,4.577148,0.24621397256851196,0.5029940009117126,0.15433086454868317
YIL128W,YJL197W,0,4.576675,0.24609375,0.5029940009117126,0.15443088114261627
YNL218W,YJL087C,0,4.576151,0.2459736466407776,0.5029940009117126,0.15453091263771057
YAL023C,YLR190W,0,4.5751724,0.24585366249084473,0.5029940009117126,0.15463092923164368
YIL008W,YGR276C,0,4.57407,0.24573378264904022,0.5029940009117126,0.15473094582557678
YDR046C,YER052C,0,4.573503,0.24561403691768646,0.5029940009117126,0.1548309624195099
YDR279W,YDL205C,0,4.573492,0.24549439549446106,0.5029940009117126,0.154930979013443
YJR155W,YER090W,0,4.572322,0.2453748732805252,0.5029940009117126,0.1550310105085373
YDL054C,YDL185W,0,4.5722547,0.2452554702758789,0.5029940009117126,0.1551310271024704
YKL067W,YDR003W,0,4.5717206,0.24513618648052216,0.5029940009117126,0.1552310436964035
YHR148W,YDR213W,0,4.5712233,0.24501702189445496,0.5029940009117126,0.1553310602903366
YOL054W,YKL173W,0,4.5693083,0.2448979616165161,0.5029940009117126,0.1554310917854309
YOL132W,YOL136C,0,4.5649157,0.24477902054786682,0.5029940009117126,0.155531108379364
YNL063W,YPR008W,0,4.5639095,0.24466019868850708,0.5029940009117126,0.15563112497329712
YOR295W,YJL148W,1,4.5638514,0.24502669274806976,0.5039920210838318,0.15563112497329712
YKL001C,YML018C,0,4.561921,0.24490785598754883,0.5039920210838318,0.15573114156723022
YJL103C,YDR256C,0,4.560861,0.24478913843631744,0.5039920210838318,0.15583117306232452
YJL148W,YER017C,0,4.5604014,0.2446705400943756,0.5039920210838318,0.15593118965625763
YGL200C,YOR080W,0,4.5592794,0.24455206096172333,0.5039920210838318,0.15603120625019073
YLR103C,YIL119C,0,4.557884,0.2444336861371994,0.5039920210838318,0.15613122284412384
YPR200C,YOR253W,0,4.557414,0.24431543052196503,0.5039920210838318,0.15623123943805695
YKR083C,YDR449C,0,4.5571876,0.2441972941160202,0.5039920210838318,0.15633127093315125
YPL218W,YDR460W,0,4.5562077,0.24407926201820374,0.5039920210838318,0.15643128752708435
YDR188W,YOR116C,0,4.555257,0.24396134912967682,0.5039920210838318,0.15653130412101746
YLR284C,YNL309W,0,4.555238,0.24384355545043945,0.5039920210838318,0.15663132071495056
YMR033W,YLR289W,0,4.5547132,0.24372586607933044,0.5039920210838318,0.15673135221004486
YMR230W,YGR202C,0,4.5539293,0.243608295917511,0.5039920210838318,0.15683136880397797
YPR159W,YLL035W,0,4.552926,0.24349084496498108,0.5039920210838318,0.15693138539791107
YOR061W,YHR012W,0,4.552371,0.24337349832057953,0.5039920210838318,0.15703140199184418
YIL039W,YNL231C,0,4.552038,0.24325625598430634,0.5039920210838318,0.15713143348693848
YPL203W,YLL051C,0,4.551938,0.2431391477584839,0.5039920210838318,0.15723145008087158
YAL054C,YDR284C,0,4.550412,0.2430221438407898,0.5039920210838318,0.1573314666748047
YFL047W,YKL198C,0,4.5503607,0.24290524423122406,0.5039920210838318,0.1574314832687378
YHR181W,YGR052W,0,4.547938,0.24278846383094788,0.5039920210838318,0.1575314998626709
YOR340C,YOR295W,1,4.5478125,0.24315233528614044,0.5049900412559509,0.1575314998626709
YBR154C,YGL243W,1,4.547331,0.24351584911346436,0.5059880018234253,0.1575314998626709
YDR261C,YNR043W,0,4.546153,0.24339894950389862,0.5059880018234253,0.1576315313577652
YPL271W,YLR215C,0,4.5450716,0.24328215420246124,0.5059880018234253,0.1577315479516983
YLR004C,YPL198W,0,4.544979,0.24316546320915222,0.5059880018234253,0.1578315645456314
YFR034C,YOR039W,1,4.544366,0.24352827668190002,0.5069860219955444,0.1578315645456314
YMR032W,YLR432W,0,4.5442452,0.2434116005897522,0.5069860219955444,0.15793158113956451
YOR340C,YPR110C,1,4.5431595,0.243773952126503,0.5079840421676636,0.15793158113956451
YBR267W,YLR312W-A,0,4.5418415,0.24365724623203278,0.5079840421676636,0.1580316126346588
YOR138C,YJR004C,0,4.5405054,0.2435406744480133,0.5079840421676636,0.15813162922859192
YKR080W,YKL139W,1,4.540451,0.24390244483947754,0.5089820623397827,0.15813162922859192
YLR145W,YDR002W,0,4.5401154,0.24378585815429688,0.5089820623397827,0.15823164582252502
YMR233W,YNL145W,0,4.5401077,0.24366937577724457,0.5089820623397827,0.15833166241645813
YIR009W,YML036W,1,4.539586,0.24403056502342224,0.5099800229072571,0.15833166241645813
YPR182W,YER173W,0,4.5395665,0.24391408264636993,0.5099800229072571,0.15843167901039124
YMR272C,YOR138C,0,4.539466,0.24379770457744598,0.5099800229072571,0.15853171050548553
YDR122W,YNL292W,0,4.5391655,0.24368144571781158,0.5099800229072571,0.15863172709941864
YBR273C,YJL033W,0,4.537898,0.24356530606746674,0.5099800229072571,0.15873174369335175
YNL129W,YLR010C,0,4.5374594,0.24344925582408905,0.5099800229072571,0.15883176028728485
YPL210C,YNL259C,0,4.537263,0.2433333396911621,0.5099800229072571,0.15893179178237915
YCR093W,YLR172C,0,4.5358043,0.24321751296520233,0.5099800229072571,0.15903180837631226
YJL178C,YIR023W,0,4.535389,0.2431018054485321,0.5099800229072571,0.15913182497024536
YOR210W,YGL243W,1,4.533936,0.2434617280960083,0.5109780430793762,0.15913182497024536
YGR161C,YJL095W,0,4.5337443,0.24334600567817688,0.5109780430793762,0.15923184156417847
YOL077C,YPL209C,0,4.531623,0.243230402469635,0.5109780430793762,0.15933187305927277
YDL230W,YLR364W,0,4.531136,0.2431149035692215,0.5109780430793762,0.15943188965320587
YAL059W,YFR037C,0,4.530553,0.24299952387809753,0.5109780430793762,0.15953190624713898
YJR027W,YJR026W,0,4.530546,0.24288424849510193,0.5109780430793762,0.15963192284107208
YJL065C,YNL096C,0,4.5297813,0.24276909232139587,0.5109780430793762,0.1597319394350052
YNL330C,YKL139W,1,4.5289993,0.2431279569864273,0.5119760632514954,0.1597319394350052
YIL125W,YBR074W,0,4.528544,0.24301278591156006,0.5119760632514954,0.1598319709300995
YHR060W,YDL209C,0,4.5276957,0.24289773404598236,0.5119760632514954,0.1599319875240326
YBR055C,YIL107C,0,4.5275364,0.24278277158737183,0.5119760632514954,0.1600320041179657
YJL006C,YHR196W,1,4.5274386,0.24314096570014954,0.5129740238189697,0.1600320041179657
YPL271W,YLR090W,0,4.5270214,0.243026003241539,0.5129740238189697,0.1601320207118988
YOR226C,YIL056W,0,4.52676,0.24291115999221802,0.5129740238189697,0.1602320522069931
YER005W,YLR244C,0,4.524639,0.2427964061498642,0.5129740238189697,0.1603320688009262
YLR309C,YOR047C,0,4.5242553,0.24268177151679993,0.5129740238189697,0.16043208539485931
YJL103C,YJR022W,0,4.5242453,0.2425672560930252,0.5129740238189697,0.16053210198879242
YNL308C,YLL057C,0,4.5239086,0.24245283007621765,0.5129740238189697,0.16063213348388672
YER151C,YBL078C,0,4.5221443,0.24233852326869965,0.5129740238189697,0.16073215007781982
YPR169W,YNL278W,0,4.522089,0.24222432076931,0.5129740238189697,0.16083216667175293
YCR035C,YMR136W,0,4.522071,0.2421102225780487,0.5129740238189697,0.16093218326568604
YNL188W,YBL034C,0,4.521641,0.24199622869491577,0.5129740238189697,0.16103219985961914
YJL106W,YER179W,0,4.521037,0.2418823540210724,0.5129740238189697,0.16113223135471344
YPR017C,YNL056W,1,4.5208263,0.24223895370960236,0.5139720439910889,0.16113223135471344
YHR023W,YMR218C,0,4.518831,0.24212506413459778,0.5139720439910889,0.16123224794864655
YOR176W,YLR350W,0,4.51828,0.24201127886772156,0.5139720439910889,0.16133226454257965
YHR156C,YBR081C,0,4.5177846,0.2418975979089737,0.5139720439910889,0.16143228113651276
YJL178C,YPR105C,0,4.517151,0.24178403615951538,0.5139720439910889,0.16153231263160706
YDR508C,YGR129W,0,4.5163503,0.24167057871818542,0.5139720439910889,0.16163232922554016
YDR437W,YOL103W,0,4.515601,0.24155722558498383,0.5139720439910889,0.16173234581947327
YBR059C,YLL033W,0,4.51316,0.24144397675991058,0.5139720439910889,0.16183236241340637
YGR245C,YGL127C,0,4.5126305,0.2413308322429657,0.5139720439910889,0.16193239390850067
YPL252C,YDR251W,0,4.512167,0.24121779203414917,0.5139720439910889,0.16203241050243378
YOR319W,YIL035C,1,4.5120955,0.2415730357170105,0.514970064163208,0.16203241050243378
YLR109W,YCR094W,0,4.5120754,0.24145999550819397,0.514970064163208,0.16213242709636688
YIL046W,YKL192C,0,4.5116186,0.2413470596075058,0.514970064163208,0.1622324436903
YNL221C,YNL001W,0,4.5106945,0.24123422801494598,0.514970064163208,0.1623324602842331
YOL095C,YOR212W,0,4.510625,0.24112150073051453,0.514970064163208,0.1624324917793274
YIL156W,YJR118C,0,4.508432,0.24100887775421143,0.514970064163208,0.1625325083732605
YDL003W,YHR142W,0,4.5079794,0.24089635908603668,0.514970064163208,0.1626325249671936
YKL062W,YBR202W,0,4.5072927,0.2407839447259903,0.514970064163208,0.1627325415611267
YOR304W,YDR148C,0,4.5056124,0.24067163467407227,0.514970064163208,0.162832573056221
YOL111C,YPR143W,0,4.5043015,0.2405594438314438,0.514970064163208,0.1629325896501541
YAL024C,YBR081C,0,4.5026655,0.24044734239578247,0.514970064163208,0.16303260624408722
YJR066W,YBR049C,1,4.5012283,0.2408011108636856,0.5159680843353271,0.16303260624408722
YFR021W,YML028W,0,4.496527,0.2406890094280243,0.5159680843353271,0.16313262283802032
YNL248C,YIL035C,1,4.4958277,0.2410423457622528,0.5169660449028015,0.16313262283802032
YKR009C,YLR192C,0,4.4908123,0.2409302294254303,0.5169660449028015,0.16323263943195343
YDR205W,YPL254W,0,4.489434,0.24081821739673615,0.5169660449028015,0.16333267092704773
YOR346W,YPR010C,1,4.4889812,0.2411710023880005,0.5179640650749207,0.16333267092704773
YDL117W,YAL022C,0,4.488503,0.24105899035930634,0.5179640650749207,0.16343268752098083
YGR138C,YDR107C,0,4.487997,0.24094708263874054,0.5179640650749207,0.16353270411491394
YGL123W,YGR262C,0,4.487053,0.2408352643251419,0.5179640650749207,0.16363272070884705
YHR052W,YPL120W,0,4.4867764,0.24072356522083282,0.5179640650749207,0.16373275220394135
YDR046C,YDR373W,0,4.4865313,0.2406119555234909,0.5179640650749207,0.16383276879787445
YIL125W,YLR417W,0,4.486518,0.24050046503543854,0.5179640650749207,0.16393278539180756
YMR165C,YKL191W,0,4.4836364,0.24038906395435333,0.5179640650749207,0.16403280198574066
YFR005C,YDR233C,0,4.483485,0.24027778208255768,0.5179640650749207,0.16413283348083496
YGR006W,YPL048W,0,4.4833617,0.2401665896177292,0.5179640650749207,0.16423285007476807
YHR179W,YLR060W,0,4.4827824,0.24005550146102905,0.5179640650749207,0.16433286666870117
YOR071C,YAL008W,0,4.4821177,0.23994451761245728,0.5179640650749207,0.16443288326263428
YGR217W,YNL056W,1,4.4800253,0.24029575288295746,0.5189620852470398,0.16443288326263428
YNL267W,YER030W,0,4.4800115,0.2401847541332245,0.5189620852470398,0.16453289985656738
YLR127C,YKR026C,0,4.4798822,0.24007387459278107,0.5189620852470398,0.16463293135166168
YIL170W,YOL136C,0,4.479206,0.2399630844593048,0.5189620852470398,0.1647329479455948
YMR314W,YKR097W,0,4.4790287,0.2398523986339569,0.5189620852470398,0.1648329645395279
YJR032W,YFR033C,0,4.47828,0.23974181711673737,0.5189620852470398,0.164932981133461
YPL189W,YOR071C,0,4.4778633,0.23963133990764618,0.5189620852470398,0.1650330126285553
YML005W,YMR287C,0,4.4764314,0.23952095210552216,0.5189620852470398,0.1651330292224884
YLL061W,YNR010W,0,4.475132,0.23941068351268768,0.5189620852470398,0.1652330458164215
YHR076W,YIR002C,0,4.475047,0.23930050432682037,0.5189620852470398,0.16533306241035461
YDR211W,YNL044W,0,4.4749403,0.23919042944908142,0.5189620852470398,0.1654330939054489
YLR343W,YJL141C,0,4.474782,0.23908045887947083,0.5189620852470398,0.16553311049938202
YGR274C,YER109C,0,4.4731975,0.2389705926179886,0.5189620852470398,0.16563312709331512
YKR071C,YIL144W,0,4.4727964,0.2388608157634735,0.5189620852470398,0.16573314368724823
YFL038C,YHR077C,0,4.4727535,0.2387511432170868,0.5189620852470398,0.16583316028118134
YKR064W,YPR143W,0,4.472399,0.23864157497882843,0.5189620852470398,0.16593319177627563
YER072W,YMR153W,0,4.4719906,0.23853211104869843,0.5189620852470398,0.16603320837020874
YMR269W,YJL136C,0,4.471224,0.23842273652553558,0.5189620852470398,0.16613322496414185
YDR545W,YPL156C,0,4.471223,0.2383134812116623,0.5189620852470398,0.16623324155807495
YLR295C,YDL075W,0,4.470916,0.23820430040359497,0.5189620852470398,0.16633327305316925
YLR440C,YIL124W,0,4.470396,0.2380952388048172,0.5189620852470398,0.16643328964710236
YIL111W,YJR147W,0,4.468574,0.2379862666130066,0.5189620852470398,0.16653330624103546
YDL210W,YMR237W,0,4.4670453,0.23787739872932434,0.5189620852470398,0.16663332283496857
YJR094W-A,YOR179C,0,4.464209,0.23776863515377045,0.5189620852470398,0.16673333942890167
YLR451W,YJL167W,0,4.4638844,0.23765996098518372,0.5189620852470398,0.16683337092399597
YNL113W,YPR010C,1,4.463454,0.23800821602344513,0.5199601054191589,0.16683337092399597
YHR074W,YGR158C,0,4.463426,0.2378995418548584,0.5199601054191589,0.16693338751792908
YFL034C-A,YJR063W,1,4.463228,0.23824737966060638,0.5209580659866333,0.16693338751792908
YPR144C,YBR060C,0,4.4628143,0.23813869059085846,0.5209580659866333,0.16703340411186218
YLR384C,YIL017W,0,4.4624496,0.2380300909280777,0.5209580659866333,0.1671334207057953
YOL061W,YJL029C,0,4.4612093,0.2379216104745865,0.5209580659866333,0.1672334522008896
YER025W,YDL117W,0,4.4599614,0.23781320452690125,0.5209580659866333,0.1673334687948227
YPL259C,YKL016C,0,4.459778,0.23770491778850555,0.5209580659866333,0.1674334853887558
YOL080C,YFR037C,0,4.4565735,0.23759672045707703,0.5209580659866333,0.1675335019826889
YER155C,YOL103W,0,4.4559345,0.23748862743377686,0.5209580659866333,0.1676335334777832
YMR307W,YKL195W,0,4.455778,0.23738062381744385,0.5209580659866333,0.1677335500717163
YDR440W,YPL104W,0,4.45545,0.2372727245092392,0.5209580659866333,0.16783356666564941
YDL067C,YKR058W,0,4.45455,0.2371649295091629,0.5209580659866333,0.16793358325958252
YLR249W,YOR025W,0,4.4544716,0.23705722391605377,0.5209580659866333,0.16803359985351562
YJL221C,YJL216C,0,4.454281,0.2369496077299118,0.5209580659866333,0.16813363134860992
YMR070W,YIL035C,1,4.453903,0.23729582130908966,0.5219560861587524,0.16813363134860992
YGR123C,YEL027W,0,4.453682,0.2371882051229477,0.5219560861587524,0.16823364794254303
YKL144C,YAL010C,0,4.452854,0.23708069324493408,0.5219560861587524,0.16833366453647614
YHL003C,YBL007C,0,4.452484,0.23697327077388763,0.5219560861587524,0.16843368113040924
YOR210W,YNL330C,1,4.4514823,0.23731884360313416,0.5229541063308716,0.16843368113040924
YPR106W,YLR293C,0,4.4514,0.2372114062309265,0.5229541063308716,0.16853371262550354
YKL103C,YMR256C,0,4.4505854,0.23710407316684723,0.5229541063308716,0.16863372921943665
YDR086C,YNL130C,0,4.4503784,0.2369968295097351,0.5229541063308716,0.16873374581336975
YHR025W,YOL127W,0,4.4494767,0.23688969016075134,0.5229541063308716,0.16883376240730286
YGR177C,YLR086W,0,4.449298,0.23678265511989594,0.5229541063308716,0.16893379390239716
YPL150W,YLR432W,0,4.449121,0.2366756945848465,0.5229541063308716,0.16903381049633026
YOR363C,YAL033W,0,4.4491177,0.2365688532590866,0.5229541063308716,0.16913382709026337
YJL148W,YDR371W,0,4.4473715,0.2364620864391327,0.5229541063308716,0.16923384368419647
YOR341W,YCR073C,1,4.4460573,0.2368064969778061,0.523952066898346,0.16923384368419647
YKL145W,YNL311C,0,4.445586,0.23669973015785217,0.523952066898346,0.16933386027812958
YDR472W,YNL164C,0,4.4454074,0.23659305274486542,0.523952066898346,0.16943389177322388
YPL178W,YMR133W,0,4.445012,0.23648647964000702,0.523952066898346,0.16953390836715698
YNL308C,YPL075W,0,4.4420924,0.23638001084327698,0.523952066898346,0.1696339249610901
YHR142W,YJL044C,0,4.441428,0.2362736314535141,0.523952066898346,0.1697339415550232
YGL106W,YDR398W,0,4.440916,0.23616734147071838,0.523952066898346,0.1698339730501175
YDL113C,YML099C,0,4.43954,0.23606115579605103,0.523952066898346,0.1699339896440506
YDR425W,YGR144W,0,4.438455,0.23595505952835083,0.523952066898346,0.1700340062379837
YNL292W,YML060W,0,4.4383535,0.2358490526676178,0.523952066898346,0.1701340228319168
YGL092W,YJL148W,0,4.4378023,0.23574315011501312,0.523952066898346,0.17023403942584991
YGR224W,YFR027W,0,4.4366274,0.2356373369693756,0.523952066898346,0.1703340709209442
YNL023C,YGR006W,0,4.436468,0.23553162813186646,0.523952066898346,0.17043408751487732
YOR340C,YHR143W-A,1,4.4364386,0.23587444424629211,0.5249500870704651,0.17043408751487732
YAR019C,YOR168W,0,4.435257,0.23576872050762177,0.5249500870704651,0.17053410410881042
YOR266W,YOL129W,0,4.434553,0.23566308617591858,0.5249500870704651,0.17063412070274353
YEL037C,YPL049C,0,4.4344807,0.23555754125118256,0.5249500870704651,0.17073415219783783
YDR217C,YHL025W,0,4.434457,0.2354521006345749,0.5249500870704651,0.17083416879177094
YLR109W,YIR009W,0,4.4343586,0.2353467494249344,0.5249500870704651,0.17093418538570404
YDR081C,YBL079W,0,4.434289,0.23524150252342224,0.5249500870704651,0.17103420197963715
YER053C,YPR184W,0,4.4327216,0.23513634502887726,0.5249500870704651,0.17113423347473145
YOR373W,YMR153W,0,4.4322634,0.23503127694129944,0.5249500870704651,0.17123425006866455
YKL006C-A,YLR141W,1,4.430503,0.23537293076515198,0.5259481072425842,0.17123425006866455
YDR324C,YBR049C,1,4.4286375,0.23571428656578064,0.5269461274147034,0.17123425006866455
YKL125W,YGL063W,1,4.428237,0.23605532944202423,0.5279440879821777,0.17123425006866455
YGR057C,YKL186C,0,4.427847,0.2359500378370285,0.5279440879821777,0.17133426666259766
YBL006C,YPL144W,1,4.4242945,0.23629067838191986,0.5289421081542969,0.17133426666259766
YJL112W,YPR032W,0,4.424238,0.23618538677692413,0.5289421081542969,0.17143428325653076
YDR137W,YJL078C,0,4.4240255,0.23608018457889557,0.5289421081542969,0.17153429985046387
YOL111C,YKL009W,0,4.4217463,0.23597507178783417,0.5289421081542969,0.17163433134555817
YIL007C,YMR025W,0,4.4213357,0.23587004840373993,0.5289421081542969,0.17173434793949127
YEL022W,YFR034C,0,4.4209204,0.23576512932777405,0.5289421081542969,0.17183436453342438
YMR228W,YOL155C,0,4.420294,0.23566029965877533,0.5289421081542969,0.17193438112735748
YJL013C,YJL071W,0,4.4186487,0.23555555939674377,0.5289421081542969,0.17203441262245178
YBR231C,YFR029W,0,4.4159822,0.23545090854167938,0.5289421081542969,0.1721344292163849
YDR496C,YMR139W,0,4.4148207,0.23534636199474335,0.5289421081542969,0.172234445810318
YDR038C,YLR448W,0,4.414805,0.23524190485477448,0.5289421081542969,0.1723344624042511
YEL038W,YDR449C,0,4.4143057,0.23513753712177277,0.5289421081542969,0.1724344938993454
YMR183C,YBL093C,0,4.4136257,0.23503325879573822,0.5289421081542969,0.1725345104932785
YOR127W,YKL173W,0,4.4124985,0.23492908477783203,0.5289421081542969,0.1726345270872116
YNL250W,YKL042W,0,4.4119897,0.2348249852657318,0.5289421081542969,0.17273454368114471
YJR050W,YFR001W,0,4.4117045,0.23472099006175995,0.5289421081542969,0.17283456027507782
YOL105C,YDL045W-A,0,4.411624,0.23461708426475525,0.5289421081542969,0.17293459177017212
YDR211W,YPL172C,0,4.4113083,0.2345132678747177,0.5289421081542969,0.17303460836410522
YDR204W,YIR038C,0,4.4111314,0.23440955579280853,0.5289421081542969,0.17313462495803833
YML094W,YJL024C,0,4.410869,0.23430591821670532,0.5289421081542969,0.17323464155197144
YEL015W,YDL148C,0,4.4105973,0.23420238494873047,0.5289421081542969,0.17333467304706573
YGL051W,YIL002C,0,4.4090176,0.23409894108772278,0.5289421081542969,0.17343468964099884
YHR179W,YDR233C,0,4.408924,0.23399558663368225,0.5289421081542969,0.17353470623493195
YKL183W,YKL140W,0,4.408738,0.2338923215866089,0.5289421081542969,0.17363472282886505
YNL291C,YOR207C,0,4.4077106,0.23378914594650269,0.5289421081542969,0.17373475432395935
YNL309W,YOL127W,0,4.4072523,0.23368605971336365,0.5289421081542969,0.17383477091789246
YPL188W,YER087C-B,0,4.406583,0.23358307778835297,0.5289421081542969,0.17393478751182556
YHR056C,YDR486C,0,4.406335,0.23348017036914825,0.5289421081542969,0.17403480410575867
YBR164C,YMR296C,0,4.4058776,0.2333773672580719,0.5289421081542969,0.17413482069969177
YER096W,YBR162W-A,0,4.4055033,0.2332746535539627,0.5289421081542969,0.17423485219478607
YPL028W,YOR124C,0,4.404627,0.23317201435565948,0.5289421081542969,0.17433486878871918
YNL103W,YGR204W,0,4.402778,0.23306947946548462,0.5289421081542969,0.17443488538265228
YER164W,YPL252C,0,4.402726,0.23296703398227692,0.5289421081542969,0.1745349019765854
YOR346W,YNL056W,1,4.400901,0.23330403864383698,0.529940128326416,0.1745349019765854
YHR099W,YPR095C,1,4.4003687,0.23364076018333435,0.5309381484985352,0.1745349019765854
YGR189C,YKL130C,0,4.3997226,0.2335381954908371,0.5309381484985352,0.1746349334716797
YMR194W,YBL103C,0,4.3976116,0.233435720205307,0.5309381484985352,0.1747349500656128
YER072W,YBR276C,0,4.397523,0.23333333432674408,0.5309381484985352,0.1748349666595459
YGL203C,YGR180C,0,4.397225,0.23323103785514832,0.5309381484985352,0.174934983253479
YHL032C,YFR038W,0,4.3960323,0.23312883079051971,0.5309381484985352,0.1750349998474121
YDL123W,YMR056C,0,4.395811,0.23302671313285828,0.5309381484985352,0.1751350313425064
YLR075W,YJR070C,0,4.3947353,0.2329246997833252,0.5309381484985352,0.17523504793643951
YMR114C,YIL113W,0,4.394433,0.23282276093959808,0.5309381484985352,0.17533506453037262
YDR372C,YCL064C,0,4.3932734,0.23272091150283813,0.5309381484985352,0.17543508112430573
YPR110C,YBL014C,1,4.3909616,0.23305641114711761,0.5319361090660095,0.17543508112430573
YOR269W,YBR029C,0,4.3901405,0.23295454680919647,0.5319361090660095,0.17553511261940002
YJR066W,YLR103C,0,4.3859434,0.2328527718782425,0.5319361090660095,0.17563512921333313
YDR482C,YOL084W,0,4.3857775,0.23275108635425568,0.5319361090660095,0.17573514580726624
YGR068C,YEL016C,1,4.385457,0.2330859899520874,0.5329341292381287,0.17573514580726624
YNL298W,YGR116W,0,4.3822575,0.2329842895269394,0.5329341292381287,0.17583516240119934
YCL057W,YOR043W,0,4.3812113,0.23288269340991974,0.5329341292381287,0.17593519389629364
YJL173C,YMR131C,0,4.379345,0.23278117179870605,0.5329341292381287,0.17603521049022675
YGR229C,YKR085C,0,4.379114,0.23267973959445953,0.5329341292381287,0.17613522708415985
YPL085W,YGL243W,1,4.37815,0.23301394283771515,0.5339321494102478,0.17613522708415985
YPR110C,YOR295W,1,4.3770857,0.2333478480577469,0.5349301099777222,0.17613522708415985
YLR061W,YEL059C-A,0,4.376765,0.23324629664421082,0.5349301099777222,0.17623524367809296
YDR059C,YNL147W,0,4.376628,0.2331448495388031,0.5349301099777222,0.17633526027202606
YOR066W,YDR050C,0,4.3764544,0.23304347693920135,0.5349301099777222,0.17643529176712036
YNL111C,YDR011W,0,4.3761444,0.23294219374656677,0.5349301099777222,0.17653530836105347
YOR187W,YNL175C,0,4.375888,0.23284101486206055,0.5349301099777222,0.17663532495498657
YLL018C-A,YMR313C,0,4.3756013,0.2327399104833603,0.5349301099777222,0.17673534154891968
YML085C,YMR015C,0,4.3749537,0.2326388955116272,0.5349301099777222,0.17683537304401398
YBL061C,YPL183W-A,0,4.3745527,0.23253795504570007,0.5349301099777222,0.17693538963794708
YGR156W,YGR221C,0,4.3739614,0.2324371188879013,0.5349301099777222,0.1770354062318802
YJL179W,YBR065C,0,4.3737946,0.2323363721370697,0.5349301099777222,0.1771354228258133
YPL091W,YCL069W,0,4.373056,0.23223569989204407,0.5349301099777222,0.1772354543209076
YJL006C,YDR174W,1,4.372013,0.23256820440292358,0.5359281301498413,0.1772354543209076
YBR276C,YNR008W,0,4.3720016,0.23246753215789795,0.5359281301498413,0.1773354709148407
YDR212W,YOL011W,0,4.371519,0.23236693441867828,0.5359281301498413,0.1774354875087738
YDR013W,YNL268W,0,4.3705916,0.23226644098758698,0.5359281301498413,0.1775355041027069
YOR384W,YDL003W,0,4.370467,0.23216602206230164,0.5359281301498413,0.17763552069664001
YMR093W,YDR397C,0,4.3685637,0.23206569254398346,0.5359281301498413,0.17773555219173431
YPL058C,YDL240W,0,4.3677425,0.23196543753147125,0.5359281301498413,0.17783556878566742
YGL195W,YGR224W,0,4.367399,0.2318652868270874,0.5359281301498413,0.17793558537960052
YOR269W,YGL106W,0,4.366536,0.23176521062850952,0.5359281301498413,0.17803560197353363
YPR019W,YLR059C,0,4.36603,0.2316652238368988,0.5359281301498413,0.17813563346862793
YPR031W,YDR195W,0,4.3644495,0.23156532645225525,0.5359281301498413,0.17823565006256104
YOR045W,YBR055C,0,4.36328,0.23146551847457886,0.5359281301498413,0.17833566665649414
YHL003C,YJL008C,0,4.362978,0.23136578500270844,0.5359281301498413,0.17843568325042725
YPR060C,YMR159C,0,4.3618126,0.23126615583896637,0.5359281301498413,0.17853569984436035
YPR055W,YBL024W,0,4.3612833,0.23116660118103027,0.5359281301498413,0.17863573133945465
YNL147W,YNL189W,0,4.360825,0.23106712102890015,0.5359281301498413,0.17873574793338776
YOR109W,YMR080C,0,4.3583813,0.23096774518489838,0.5359281301498413,0.17883576452732086
YJL082W,YPL036W,0,4.3578777,0.23086844384670258,0.5359281301498413,0.17893578112125397
YBR268W,YOL007C,0,4.356156,0.23076923191547394,0.5359281301498413,0.17903581261634827
YGL216W,YEL048C,0,4.355893,0.23067010939121246,0.5359281301498413,0.17913582921028137
YJL025W,YPL144W,1,4.355606,0.23100042343139648,0.5369261503219604,0.17913582921028137
YOR298W,YER053C,0,4.355202,0.23090128600597382,0.5369261503219604,0.17923584580421448
YPR191W,YDR528W,0,4.3548894,0.2308022379875183,0.5369261503219604,0.17933586239814758
YLL001W,YBL039C,0,4.3541007,0.23070326447486877,0.5369261503219604,0.17943589389324188
YFL034C-A,YML036W,1,4.353772,0.23103299736976624,0.5379241704940796,0.17943589389324188
YCR011C,YBR218C,0,4.353608,0.2309340238571167,0.5379241704940796,0.179535910487175
YBR049C,YOL080C,0,4.352514,0.23083512485027313,0.5379241704940796,0.1796359270811081
YOR004W,YIL019W,0,4.3512588,0.23073630034923553,0.5379241704940796,0.1797359436750412
YLR329W,YKL052C,0,4.350569,0.2306375652551651,0.5379241704940796,0.1798359602689743
YHR196W,YER137C,1,4.350383,0.23096664249897003,0.538922131061554,0.1798359602689743
YML121W,YML077W,1,4.3497686,0.2312954217195511,0.5399201512336731,0.1798359602689743
YOR323C,YEL054C,0,4.3492794,0.2311965823173523,0.5399201512336731,0.1799359917640686
YDL217C,YDR195W,0,4.3491707,0.23109781742095947,0.5399201512336731,0.1800360083580017
YAL023C,YHR073W,0,4.3488903,0.2309991419315338,0.5399201512336731,0.18013602495193481
YDL140C,YNL191W,1,4.346472,0.2313273549079895,0.5409181714057922,0.18013602495193481
YER068W,YMR264W,0,4.3463416,0.23122866451740265,0.5409181714057922,0.18023604154586792
YBR030W,YCL043C,0,4.345754,0.23113006353378296,0.5409181714057922,0.18033607304096222
YMR217W,YDR173C,0,4.3456154,0.23103153705596924,0.5409181714057922,0.18043608963489532
YML016C,YEL056W,0,4.345418,0.23093309998512268,0.5409181714057922,0.18053610622882843
YOR258W,YLR200W,0,4.3446145,0.2308347523212433,0.5409181714057922,0.18063612282276154
YLR055C,YOR351C,0,4.344322,0.23073647916316986,0.5409181714057922,0.18073615431785583
YGL244W,YNR043W,0,4.3442545,0.2306382954120636,0.5409181714057922,0.18083617091178894
YKR049C,YFR041C,0,4.3438225,0.2305402010679245,0.5409181714057922,0.18093618750572205
YKR064W,YDL022W,0,4.3426294,0.23044218122959137,0.5409181714057922,0.18103620409965515
YNL180C,YPR048W,0,4.3422103,0.2303442358970642,0.5409181714057922,0.18113622069358826
YML052W,YLL033W,0,4.3421984,0.2302463948726654,0.5409181714057922,0.18123625218868256
YKR048C,YER148W,0,4.3412094,0.23014861345291138,0.5409181714057922,0.18133626878261566
YGR075C,YHR077C,0,4.340717,0.2300509363412857,0.5409181714057922,0.18143628537654877
YML092C,YDR201W,0,4.3403425,0.229953333735466,0.5409181714057922,0.18153630197048187
YOR340C,YDR398W,1,4.3400006,0.23027989268302917,0.5419161915779114,0.18153630197048187
YGR143W,YBR005W,0,4.3397026,0.23018227517604828,0.5419161915779114,0.18163633346557617
YNL015W,YPL010W,0,4.339635,0.23008474707603455,0.5419161915779114,0.18173635005950928
YML070W,YJL033W,0,4.33962,0.22998729348182678,0.5419161915779114,0.18183636665344238
YKL082C,YDR379W,0,4.3388543,0.22988992929458618,0.5419161915779114,0.1819363832473755
YBL008W,YKL201C,0,4.338007,0.22979263961315155,0.5419161915779114,0.1820363998413086
YJL156C,YLL035W,0,4.3366933,0.2296954244375229,0.5419161915779114,0.1821364313364029
YBL080C,YJR150C,0,4.336244,0.22959831357002258,0.5419161915779114,0.182236447930336
YDR205W,YGR200C,0,4.334495,0.22950126230716705,0.5419161915779114,0.1823364645242691
YDR054C,YLR147C,0,4.3343883,0.22940431535243988,0.5419161915779114,0.1824364811182022
YGL049C,YNR015W,0,4.3340864,0.22930742800235748,0.5419161915779114,0.1825365126132965
YNL142W,YGL006W,0,4.333728,0.22921063005924225,0.5419161915779114,0.18263652920722961
YJL006C,YBL021C,1,4.333407,0.22953586280345917,0.5429141521453857,0.18263652920722961
YPR010C,YDR518W,0,4.3330355,0.22943904995918274,0.5429141521453857,0.18273654580116272
YDR365C,YDR103W,0,4.3326664,0.22934232652187347,0.5429141521453857,0.18283656239509583
YLR075W,YGR204W,0,4.3322783,0.22924567759037018,0.5429141521453857,0.18293659389019012
YDL200C,YLL018C,0,4.33175,0.22914911806583405,0.5429141521453857,0.18303661048412323
YOL042W,YPL002C,0,4.330896,0.22905263304710388,0.5429141521453857,0.18313662707805634
YNL133C,YDL231C,0,4.3307295,0.2289562225341797,0.5429141521453857,0.18323664367198944
YLR109W,YAR015W,0,4.3304114,0.22885990142822266,0.5429141521453857,0.18333666026592255
YJR034W,YJL041W,0,4.3299627,0.2287636697292328,0.5429141521453857,0.18343669176101685
YHR143W-A,YIL035C,1,4.3275375,0.22908785939216614,0.5439121723175049,0.18343669176101685
YGR036C,YPL193W,0,4.3264704,0.22899159789085388,0.5439121723175049,0.18353670835494995
YLL041C,YJL053W,0,4.3264685,0.2288954257965088,0.5439121723175049,0.18363672494888306
YPR108W,YDR449C,0,4.3257976,0.22879932820796967,0.5439121723175049,0.18373674154281616
YPR188C,YJL192C,0,4.3255997,0.2287033200263977,0.5439121723175049,0.18383677303791046
YMR139W,YMR109W,0,4.3253074,0.2286073863506317,0.5439121723175049,0.18393678963184357
YLL012W,YBR274W,0,4.3252516,0.2285115271806717,0.5439121723175049,0.18403680622577667
YFL061W,YMR194W,0,4.324868,0.22841575741767883,0.5439121723175049,0.18413682281970978
YMR275C,YHR041C,0,4.3245506,0.22832006216049194,0.5439121723175049,0.18423685431480408
YLR004C,YHR164C,0,4.3238935,0.22822445631027222,0.5439121723175049,0.18433687090873718
YGL019W,YGL063W,1,4.3225474,0.22854751348495483,0.544910192489624,0.18433687090873718
YMR081C,YLR389C,0,4.321739,0.22845187783241272,0.544910192489624,0.1844368875026703
YLR055C,YNL012W,0,4.321638,0.22835633158683777,0.544910192489624,0.1845369040966034
YGR101W,YDL077C,0,4.3213615,0.22826087474822998,0.544910192489624,0.1846369206905365
YDR071C,YGR083C,0,4.3212805,0.22816547751426697,0.544910192489624,0.1847369521856308
YGL233W,YPR095C,0,4.32006,0.22807016968727112,0.544910192489624,0.1848369687795639
YOR048C,YDR137W,0,4.3189206,0.22797495126724243,0.544910192489624,0.184936985373497
YOR110W,YOL080C,0,4.318877,0.22787979245185852,0.544910192489624,0.18503700196743011
YER114C,YEL050C,0,4.3188696,0.22778473794460297,0.544910192489624,0.18513703346252441
YOR243C,YIL069C,0,4.3182726,0.2276897430419922,0.544910192489624,0.18523705005645752
YDR299W,YPL001W,0,4.317085,0.22759483754634857,0.544910192489624,0.18533706665039062
YNL113W,YOR061W,1,4.3149166,0.2279166728258133,0.5459082126617432,0.18533706665039062
YGR235C,YPR149W,0,4.314869,0.2278217375278473,0.5459082126617432,0.18543708324432373
YLR167W,YHR197W,0,4.314638,0.22772689163684845,0.5459082126617432,0.18553711473941803
YHR036W,YKL033W,0,4.3143644,0.22763212025165558,0.5459082126617432,0.18563713133335114
YHR206W,YPL254W,0,4.313214,0.22753743827342987,0.5459082126617432,0.18573714792728424
YDR534C,YMR203W,0,4.3123093,0.22744283080101013,0.5459082126617432,0.18583716452121735
YGL147C,YML101C,0,4.3115587,0.22734829783439636,0.5459082126617432,0.18593718111515045
YIL098C,YDR067C,0,4.3103585,0.22725383937358856,0.5459082126617432,0.18603721261024475
YBR021W,YDR398W,1,4.309962,0.22757475078105927,0.5469061732292175,0.18603721261024475
YER149C,YGL223C,0,4.3098035,0.22748027741909027,0.5469061732292175,0.18613722920417786
YDL179W,YPL214C,0,4.3083234,0.22738589346408844,0.5469061732292175,0.18623724579811096
YML120C,YPL031C,0,4.307988,0.22729158401489258,0.5469061732292175,0.18633726239204407
YHL028W,YLL045C,0,4.3078737,0.22719734907150269,0.5469061732292175,0.18643729388713837
YML042W,YBR026C,0,4.307359,0.22710318863391876,0.5469061732292175,0.18653731048107147
YGR112W,YOL145C,0,4.30696,0.227009117603302,0.5469061732292175,0.18663732707500458
YOL070C,YGR094W,0,4.306132,0.2269151210784912,0.5469061732292175,0.18673734366893768
YNL123W,YNR055C,0,4.3031006,0.2268211990594864,0.5469061732292175,0.1868373602628708
YOL095C,YDR304C,0,4.3023033,0.22672735154628754,0.5469061732292175,0.1869373917579651
YDL206W,YDL019C,0,4.3019934,0.22663357853889465,0.5469061732292175,0.1870374083518982
YJR102C,YLR220W,0,4.3012676,0.22653989493846893,0.5469061732292175,0.1871374249458313
YDR300C,YKL001C,0,4.300806,0.22644628584384918,0.5469061732292175,0.1872374415397644
YPL074W,YDR103W,0,4.300257,0.2263527512550354,0.5469061732292175,0.1873374730348587
YNL218W,YNL063W,0,4.3001194,0.2262592911720276,0.5469061732292175,0.1874374896287918
YJR055W,YOR237W,0,4.2996273,0.22616590559482574,0.5469061732292175,0.18753750622272491
YJR060W,YMR041C,0,4.29677,0.22607260942459106,0.5469061732292175,0.18763752281665802
YKR020W,YDR120C,0,4.296667,0.22597938776016235,0.5469061732292175,0.18773755431175232
YOR311C,YCR047C,0,4.295901,0.22588622570037842,0.5469061732292175,0.18783757090568542
YLR441C,YPR135W,0,4.295434,0.22579315304756165,0.5469061732292175,0.18793758749961853
YKL052C,YLR186W,0,4.294778,0.22570016980171204,0.5469061732292175,0.18803760409355164
YMR292W,YOR167C,0,4.294133,0.2256072461605072,0.5469061732292175,0.18813762068748474
YKL004W,YDR372C,0,4.2931175,0.22551439702510834,0.5469061732292175,0.18823765218257904
YER060W-A,YMR070W,1,4.292117,0.2258329838514328,0.5479041934013367,0.18823765218257904
YNL062C,YLL029W,0,4.292081,0.22574013471603394,0.5479041934013367,0.18833766877651215
YKR090W,YGL050W,0,4.2915297,0.22564734518527985,0.5479041934013367,0.18843768537044525
YOL056W,YIL167W,0,4.290912,0.22555464506149292,0.5479041934013367,0.18853770196437836
YPL126W,YKR007W,1,4.290435,0.2258726954460144,0.5489022135734558,0.18853770196437836
YPL226W,YER175C,0,4.2904263,0.2257799655199051,0.5489022135734558,0.18863773345947266
YJR102C,YGL021W,0,4.290124,0.22568732500076294,0.5489022135734558,0.18873775005340576
YBR154C,YEL016C,1,4.2899117,0.2260049283504486,0.5499001741409302,0.18873775005340576
YLR189C,YGR030C,0,4.2898,0.22591225802898407,0.5499001741409302,0.18883776664733887
YKL178C,YKL156W,0,4.289507,0.2258196771144867,0.5499001741409302,0.18893778324127197
YOR253W,YMR232W,0,4.2877684,0.2257271558046341,0.5499001741409302,0.18903781473636627
YML102W,YLR348C,0,4.287267,0.22563472390174866,0.5499001741409302,0.18913783133029938
YBR168W,YKR007W,0,4.2872143,0.2255423665046692,0.5499001741409302,0.18923784792423248
YDR296W,YKR027W,0,4.2862906,0.2254500836133957,0.5499001741409302,0.1893378645181656
YDR173C,YLR025W,0,4.2840047,0.22535787522792816,0.5499001741409302,0.1894378811120987
YDL223C,YHR174W,0,4.2828493,0.2252657413482666,0.5499001741409302,0.189537912607193
YPR017C,YPR095C,1,4.2821164,0.22558234632015228,0.5508981943130493,0.189537912607193
YOL054W,YKR072C,0,4.281007,0.22549019753932953,0.5508981943130493,0.1896379292011261
YMR269W,YDR529C,0,4.280855,0.22539812326431274,0.5508981943130493,0.1897379457950592
YOR179C,YDR031W,0,4.278895,0.22530612349510193,0.5508981943130493,0.1898379623889923
YJL214W,YPL202C,0,4.2787867,0.22521419823169708,0.5508981943130493,0.1899379938840866
YAL011W,YNR008W,0,4.2786613,0.2251223474740982,0.5508981943130493,0.19003801047801971
YGL158W,YDR224C,0,4.2784734,0.2250305712223053,0.5508981943130493,0.19013802707195282
YBR154C,YHR039C-A,1,4.277411,0.2253463715314865,0.5518962144851685,0.19013802707195282
YPL085W,YLR150W,0,4.276264,0.2252545803785324,0.5518962144851685,0.19023804366588593
YML043C,YBR021W,1,4.2762017,0.22557003796100616,0.5528942346572876,0.19023804366588593
YML060W,YDL189W,0,4.2758713,0.22547823190689087,0.5528942346572876,0.19033806025981903
YHR142W,YJL094C,0,4.2714396,0.22538650035858154,0.5528942346572876,0.19043809175491333
YIL009W,YAR015W,0,4.2700377,0.225294828414917,0.5528942346572876,0.19053810834884644
YBR009C,YJR139C,0,4.2695084,0.2252032458782196,0.5528942346572876,0.19063812494277954
YDR281C,YGR199W,0,4.269137,0.22511173784732819,0.5528942346572876,0.19073814153671265
YOR327C,YNL039W,0,4.267998,0.22502030432224274,0.5528942346572876,0.19083817303180695
YDL135C,YDR495C,0,4.267661,0.22492894530296326,0.5528942346572876,0.19093818962574005
YNL308C,YBR029C,0,4.2675095,0.22483766078948975,0.5528942346572876,0.19103820621967316
YAL053W,YKL056C,0,4.2670884,0.2247464507818222,0.5528942346572876,0.19113822281360626
YGL019W,YDR497C,0,4.267042,0.22465531527996063,0.5528942346572876,0.19123825430870056
YPR118W,YDL225W,0,4.2664657,0.22456425428390503,0.5528942346572876,0.19133827090263367
YNL025C,YDR080W,0,4.266132,0.2244732528924942,0.5528942346572876,0.19143828749656677
YGR217W,YKL139W,1,4.265449,0.2247873693704605,0.553892195224762,0.19143828749656677
YOR319W,YFR034C,1,4.2648497,0.22510121762752533,0.5548902153968811,0.19143828749656677
YGL016W,YOR117W,0,4.264541,0.22501011192798615,0.5548902153968811,0.19153830409049988
YDL220C,YOL103W,0,4.2633004,0.22491909563541412,0.5548902153968811,0.19163832068443298
YDR471W,YDR078C,0,4.260522,0.22482813894748688,0.5548902153968811,0.19173835217952728
YNR060W,YGR199W,0,4.260362,0.2247372716665268,0.5548902153968811,0.1918383687734604
YCR081W,YLR127C,0,4.2600684,0.2246464639902115,0.5548902153968811,0.1919383853673935
YML012W,YIL046W,0,4.259281,0.22455573081970215,0.5548902153968811,0.1920384019613266
YOR267C,YKR057W,0,4.2584534,0.22446507215499878,0.5548902153968811,0.1921384334564209
YHL011C,YFL001W,0,4.2579784,0.22437450289726257,0.5548902153968811,0.192238450050354
YBL006C,YHR099W,1,4.2577324,0.2246873676776886,0.5558882355690002,0.192238450050354
YGR253C,YHR013C,0,4.257708,0.22459676861763,0.5558882355690002,0.1923384666442871
YOL125W,YLR306W,0,4.256941,0.22450624406337738,0.5558882355690002,0.19243848323822021
YLR203C,YLR213C,0,4.256934,0.22441579401493073,0.5558882355690002,0.19253851473331451
YKR053C,YMR006C,0,4.2562947,0.22432541847229004,0.5558882355690002,0.19263853132724762
YDR156W,YML036W,1,4.2561665,0.2246376872062683,0.5568862557411194,0.19263853132724762
YDR437W,YLR237W,0,4.2536135,0.22454728186130524,0.5568862557411194,0.19273854792118073
YJR053W,YBR109C,0,4.2519197,0.22445696592330933,0.5568862557411194,0.19283856451511383
YKL182W,YOR226C,0,4.251726,0.2243667095899582,0.5568862557411194,0.19293858110904694
YJL153C,YPL147W,0,4.2512646,0.22427652776241302,0.5568862557411194,0.19303861260414124
YMR061W,YPR114W,0,4.2489567,0.22418642044067383,0.5568862557411194,0.19313862919807434
YKR020W,YLR293C,0,4.247522,0.2240963876247406,0.5568862557411194,0.19323864579200745
YBL022C,YML127W,0,4.2474904,0.22400642931461334,0.5568862557411194,0.19333866238594055
YKL095W,YNL240C,0,4.2462626,0.22391653060913086,0.5568862557411194,0.19343869388103485
YMR070W,YFR034C,1,4.2461987,0.22422783076763153,0.5578842163085938,0.19343869388103485
YDL060W,YBR289W,0,4.246004,0.22413793206214905,0.5578842163085938,0.19353871047496796
YDR041W,YML043C,0,4.2456403,0.22404809296131134,0.5578842163085938,0.19363872706890106
YGL158W,YLR357W,0,4.2416377,0.2239583283662796,0.5578842163085938,0.19373874366283417
YFR034C,YER148W,1,4.2416086,0.22426912188529968,0.5588822364807129,0.19373874366283417
YDR299W,YDR531W,0,4.241357,0.22417934238910675,0.5588822364807129,0.19383877515792847
YHR066W,YLR430W,0,4.241233,0.2240896373987198,0.5588822364807129,0.19393879175186157
YHL019C,YBR166C,0,4.240101,0.2240000069141388,0.5588822364807129,0.19403880834579468
YOL093W,YDL115C,0,4.239974,0.22391043603420258,0.5588822364807129,0.19413882493972778
YPL140C,YHR092C,0,4.239154,0.22382093966007233,0.5588822364807129,0.1942388415336609
YKL170W,YBL047C,0,4.239025,0.22373151779174805,0.5588822364807129,0.1943388730287552
YDR055W,YKR055W,0,4.237849,0.22364217042922974,0.5588822364807129,0.1944388896226883
YOL032W,YKR026C,0,4.237135,0.2235528975725174,0.5588822364807129,0.1945389062166214
YPL183C,YPL010W,0,4.236588,0.22346368432044983,0.5588822364807129,0.1946389228105545
YFL004W,YER060W,0,4.2360373,0.22337454557418823,0.5588822364807129,0.1947389543056488
YER090W,YDR468C,0,4.235687,0.2232854813337326,0.5588822364807129,0.1948389708995819
YGR105W,YKL181W,0,4.234601,0.22319649159908295,0.5588822364807129,0.19493898749351501
YHR101C,YNL153C,0,4.2334657,0.22310757637023926,0.5588822364807129,0.19503900408744812
YCR011C,YJL165C,0,4.2332783,0.22301872074604034,0.5588822364807129,0.19513902068138123
YOR207C,YFR030W,0,4.233225,0.2229299396276474,0.5588822364807129,0.19523905217647552
YOR266W,YPR192W,0,4.23281,0.22284123301506042,0.5588822364807129,0.19533906877040863
YKL053C-A,YPL248C,0,4.2324953,0.22275258600711823,0.5588822364807129,0.19543908536434174
YKR034W,YML074C,0,4.2322817,0.222664013504982,0.5588822364807129,0.19553910195827484
YJL025W,YKL139W,1,4.2316155,0.22297297418117523,0.559880256652832,0.19553910195827484
YFL045C,YLL051C,0,4.2316113,0.2228843867778778,0.559880256652832,0.19563913345336914
YDR176W,YHR108W,0,4.2316027,0.22279587388038635,0.559880256652832,0.19573915004730225
YJL109C,YBL014C,1,4.2305484,0.22310440242290497,0.5608782172203064,0.19573915004730225
YGL104C,YML004C,0,4.2304792,0.22301587462425232,0.5608782172203064,0.19583916664123535
YJR033C,YGL018C,0,4.2294374,0.22292740643024445,0.5608782172203064,0.19593918323516846
YBR125C,YDR028C,0,4.229105,0.22283901274204254,0.5608782172203064,0.19603921473026276
YML113W,YDR195W,0,4.228956,0.2227506935596466,0.5608782172203064,0.19613923132419586
YBR185C,YOR084W,0,4.228766,0.22266243398189545,0.5608782172203064,0.19623924791812897
YPL050C,YML047C,0,4.228426,0.22257426381111145,0.5608782172203064,0.19633926451206207
YLR244C,YIL119C,0,4.2282,0.22248613834381104,0.5608782172203064,0.19643928110599518
YKL140W,YIL106W,0,4.22701,0.22239810228347778,0.5608782172203064,0.19653931260108948
YMR270C,YPL144W,1,4.2260075,0.2227056920528412,0.5618762373924255,0.19653931260108948
YCL016C,YDR523C,0,4.2256722,0.22261764109134674,0.5618762373924255,0.19663932919502258
YIL009W,YDR207C,0,4.2245674,0.22252964973449707,0.5618762373924255,0.1967393457889557
YDR496C,YIL030C,0,4.224494,0.22244171798229218,0.5618762373924255,0.1968393623828888
YIL035C,YFR034C,1,4.2240562,0.22274881601333618,0.5628742575645447,0.1968393623828888
YJR001W,YGR118W,0,4.2236753,0.2226608693599701,0.5628742575645447,0.1969393938779831
YHR184W,YGR112W,0,4.2223115,0.22257301211357117,0.5628742575645447,0.1970394104719162
YNL268W,YKL054C,0,4.221101,0.22248521447181702,0.5628742575645447,0.1971394270658493
YBR294W,YDR523C,0,4.220257,0.22239747643470764,0.5628742575645447,0.1972394436597824
YDL077C,YLR197W,0,4.21979,0.22230981290340424,0.5628742575645447,0.1973394751548767
YML085C,YBR158W,0,4.2193146,0.2222222238779068,0.5628742575645447,0.19743949174880981
YBR294W,YJL148W,0,4.219198,0.22213469445705414,0.5628742575645447,0.19753950834274292
YER120W,YEL053C,0,4.2187586,0.22204723954200745,0.5628742575645447,0.19763952493667603
YMR292W,YER104W,0,4.21869,0.22195985913276672,0.5628742575645447,0.19773954153060913
YPL183C,YER177W,0,4.2179475,0.22187253832817078,0.5628742575645447,0.19783957302570343
YOR092W,YOR230W,0,4.2175884,0.2217852920293808,0.5628742575645447,0.19793958961963654
YDL170W,YDL098C,0,4.2167006,0.2216981202363968,0.5628742575645447,0.19803960621356964
YNL191W,YJR139C,0,4.21658,0.22161100804805756,0.5628742575645447,0.19813962280750275
YLR304C,YKR093W,0,4.2160645,0.2215239554643631,0.5628742575645447,0.19823965430259705
YDR420W,YJL025W,1,4.21418,0.2218296080827713,0.5638722777366638,0.19823965430259705
YGL189C,YMR131C,0,4.213955,0.22174254059791565,0.5638722777366638,0.19833967089653015
YKL165C,YML055W,0,4.2136793,0.22165554761886597,0.5638722777366638,0.19843968749046326
YFL041W,YAL033W,0,4.2133646,0.22156862914562225,0.5638722777366638,0.19853970408439636
YMR042W,YHR005C,0,4.2124014,0.22148177027702332,0.5638722777366638,0.19863972067832947
YLR404W,YLR165C,0,4.2117233,0.22139498591423035,0.5638722777366638,0.19873975217342377
YPL038W,YKR093W,0,4.209956,0.22130826115608215,0.5638722777366638,0.19883976876735687
YKL053C-A,YPL254W,0,4.2093363,0.22122161090373993,0.5638722777366638,0.19893978536128998
YLR234W,YGR145W,0,4.2085676,0.22113503515720367,0.5638722777366638,0.19903980195522308
YKL108W,YOL152W,0,4.208221,0.2210485190153122,0.5638722777366638,0.19913983345031738
YDL015C,YKL130C,0,4.208009,0.2209620624780655,0.5638722777366638,0.1992398500442505
YGL163C,YKR097W,0,4.2077627,0.22087568044662476,0.5638722777366638,0.1993398666381836
YCR005C,YGL127C,0,4.207733,0.22078937292099,0.5638722777366638,0.1994398832321167
YAR042W,YLR092W,0,4.2076273,0.220703125,0.5638722777366638,0.199539914727211
YDR025W,YMR015C,0,4.204751,0.22061695158481598,0.5638722777366638,0.1996399313211441
YGL191W,YNL236W,0,4.204469,0.22053083777427673,0.5638722777366638,0.1997399479150772
YNL330C,YER137C,1,4.2040286,0.22083495557308197,0.5648702383041382,0.1997399479150772
YLR228C,YOL095C,0,4.2027445,0.22074882686138153,0.5648702383041382,0.19983996450901031
YAL059W,YKL085W,0,4.2021523,0.22066277265548706,0.5648702383041382,0.19993998110294342
YBL106C,YPR131C,0,4.201537,0.22057677805423737,0.5648702383041382,0.20004001259803772
YER149C,YLR348C,0,4.201288,0.22049084305763245,0.5648702383041382,0.20014002919197083
YOL042W,YPR055W,0,4.2011547,0.2204049825668335,0.5648702383041382,0.20024004578590393
YNL015W,YML113W,0,4.2008657,0.22031919658184052,0.5648702383041382,0.20034006237983704
YGR211W,YKL126W,0,4.20038,0.2202334702014923,0.5648702383041382,0.20044009387493134
YOR048C,YGR217W,0,4.199938,0.22014780342578888,0.5648702383041382,0.20054011046886444
YOR059C,YKL009W,0,4.1995826,0.22006221115589142,0.5648702383041382,0.20064012706279755
YDL134C,YDR322W,0,4.199272,0.21997667849063873,0.5648702383041382,0.20074014365673065
YEL021W,YDL160C,0,4.1985674,0.21989122033119202,0.5648702383041382,0.20084017515182495
YNL119W,YDL138W,0,4.197881,0.21980582177639008,0.5648702383041382,0.20094019174575806
YPR133C,YNL298W,0,4.1978426,0.2197204977273941,0.5648702383041382,0.20104020833969116
YLR459W,YDR429C,0,4.197132,0.2196352332830429,0.5648702383041382,0.20114022493362427
YLR008C,YHR153C,0,4.196958,0.21955004334449768,0.5648702383041382,0.20124024152755737
YNL085W,YER162C,0,4.1966944,0.21946491301059723,0.5648702383041382,0.20134027302265167
YEL021W,YNL284C,0,4.195857,0.21937984228134155,0.5648702383041382,0.20144028961658478
YLR304C,YPL188W,0,4.195832,0.21929484605789185,0.5648702383041382,0.20154030621051788
YOR295W,YHR039C-A,1,4.1947203,0.2195972055196762,0.5658682584762573,0.20154030621051788
YKL067W,YEL039C,0,4.1942253,0.2195121943950653,0.5658682584762573,0.201640322804451
YLR381W,YLR145W,0,4.1935844,0.21942724287509918,0.5658682584762573,0.2017403542995453
YER081W,YPR031W,0,4.1933656,0.21934236586093903,0.5658682584762573,0.2018403708934784
YJL011C,YLL048C,0,4.19284,0.21925753355026245,0.5658682584762573,0.2019403874874115
YKL081W,YDR518W,0,4.1928067,0.21917279064655304,0.5658682584762573,0.2020404040813446
YGR180C,YLR213C,0,4.1919804,0.2190880924463272,0.5658682584762573,0.2021404206752777
YER103W,YJR121W,0,4.1917,0.21900348365306854,0.5658682584762573,0.202240452170372
YOR267C,YLR409C,0,4.191261,0.21891891956329346,0.5658682584762573,0.20234046876430511
YJL013C,YIL093C,0,4.1902227,0.21883442997932434,0.5658682584762573,0.20244048535823822
YGL259W,YJR058C,0,4.1879826,0.21875,0.5658682584762573,0.20254050195217133
YPR017C,YFR034C,1,4.1865644,0.2190512865781784,0.5668662786483765,0.20254050195217133
YIL004C,YPR113W,0,4.1860905,0.21896684169769287,0.5668662786483765,0.20264053344726562
YDR062W,YLR361C,0,4.185808,0.2188824713230133,0.5668662786483765,0.20274055004119873
YOR275C,YOR272W,0,4.185557,0.21879814565181732,0.5668662786483765,0.20284056663513184
YMR270C,YBR175W,0,4.184311,0.2187138944864273,0.5668662786483765,0.20294058322906494
YNR060W,YLR244C,0,4.1835046,0.21862971782684326,0.5668662786483765,0.20304061472415924
YML006C,YPL220W,0,4.1833973,0.218545600771904,0.5668662786483765,0.20314063131809235
YGL019W,YBL025W,1,4.182808,0.2188461571931839,0.5678642988204956,0.20314063131809235
YHR164C,YML023C,0,4.182643,0.21876201033592224,0.5678642988204956,0.20324064791202545
YJR066W,YML121W,1,4.1819925,0.21906225383281708,0.56886225938797,0.20324064791202545
YPR159W,YFR038W,0,4.181823,0.21897810697555542,0.56886225938797,0.20334066450595856
YGL019W,YDR174W,1,4.1817822,0.21927803754806519,0.5698602795600891,0.20334066450595856
YGR047C,YNR011C,0,4.1808367,0.21919386088848114,0.5698602795600891,0.20344068109989166
YNL138W,YDR297W,0,4.1801834,0.21910974383354187,0.5698602795600891,0.20354071259498596
YML074C,YOR091W,0,4.179268,0.21902570128440857,0.5698602795600891,0.20364072918891907
YJR130C,YER171W,0,4.179253,0.21894171833992004,0.5698602795600891,0.20374074578285217
YKR099W,YCL031C,0,4.1774807,0.2188577950000763,0.5698602795600891,0.20384076237678528
YPL126W,YOR295W,1,4.177388,0.21915708482265472,0.5708582997322083,0.20384076237678528
YNL091W,YIL072W,0,4.175337,0.21907314658164978,0.5708582997322083,0.20394079387187958
YIL035C,YOR039W,1,4.173997,0.21937212347984314,0.5718562602996826,0.20394079387187958
YBR112C,YNL273W,0,4.173437,0.219288170337677,0.5718562602996826,0.20404081046581268
YGR217W,YPR010C,1,4.1723595,0.2195868343114853,0.5728542804718018,0.20404081046581268
YML124C,YLR327C,0,4.172207,0.21950286626815796,0.5728542804718018,0.2041408270597458
YLR043C,YDL045C,0,4.172124,0.2194189578294754,0.5728542804718018,0.2042408436536789
YER083C,YHR118C,0,4.171519,0.21933512389659882,0.5728542804718018,0.2043408751487732
YLR247C,YGR239C,0,4.1706223,0.2192513346672058,0.5728542804718018,0.2044408917427063
YDL110C,YER052C,0,4.170312,0.21916761994361877,0.5728542804718018,0.2045409083366394
YPL178W,YPL234C,0,4.169793,0.2190839648246765,0.5728542804718018,0.2046409249305725
YOL129W,YMR313C,0,4.1695704,0.21900038421154022,0.5728542804718018,0.20474094152450562
YOR341W,YER030W,0,4.168047,0.2189168632030487,0.5728542804718018,0.20484097301959991
YNL290W,YBR061C,0,4.1666007,0.21883340179920197,0.5728542804718018,0.20494098961353302
YDR399W,YLR009W,0,4.1652203,0.21875,0.5728542804718018,0.20504100620746613
YDR420W,YOR295W,1,4.1642704,0.21904762089252472,0.5738523006439209,0.20504100620746613
YPL051W,YKR007W,1,4.163365,0.21934501826763153,0.57485032081604,0.20504100620746613
YBR095C,YKR053C,0,4.162171,0.2192615121603012,0.57485032081604,0.20514102280139923
YDL008W,YLR270W,0,4.1620646,0.21917808055877686,0.57485032081604,0.20524105429649353
YLL012W,YFR025C,0,4.160327,0.21909470856189728,0.57485032081604,0.20534107089042664
YJR130C,YMR101C,0,4.1584587,0.21901141107082367,0.57485032081604,0.20544108748435974
YDR046C,YKL117W,0,4.156432,0.21892815828323364,0.57485032081604,0.20554110407829285
YIL155C,YNL027W,0,4.155796,0.21884498000144958,0.57485032081604,0.20564113557338715
YHR143W-A,YFL034C-A,1,4.1548586,0.2191416621208191,0.5758482813835144,0.20564113557338715
YOL054W,YNL031C,0,4.15329,0.21905846893787384,0.5758482813835144,0.20574115216732025
YER053C,YDR023W,0,4.1529427,0.21897533535957336,0.5758482813835144,0.20584116876125336
YPR068C,YHL034C,0,4.1518393,0.21889226138591766,0.5758482813835144,0.20594118535518646
YGL189C,YIL148W,0,4.151504,0.21880924701690674,0.5758482813835144,0.20604120194911957
YOL127W,YDR365C,0,4.151155,0.21872630715370178,0.5758482813835144,0.20614123344421387
YGR009C,YHR150W,0,4.150161,0.2186434268951416,0.5758482813835144,0.20624125003814697
YGL243W,YBR213W,1,4.1487293,0.2189393937587738,0.5768463015556335,0.20624125003814697
YGR060W,YOR127W,0,4.1487193,0.21885649859905243,0.5768463015556335,0.20634126663208008
YFL011W,YGL162W,0,4.147285,0.21877366304397583,0.5768463015556335,0.20644128322601318
YBR048W,YGR123C,0,4.1469564,0.218690887093544,0.5768463015556335,0.20654131472110748
YHR142W,YFR013W,0,4.146788,0.21860817074775696,0.5768463015556335,0.2066413313150406
YDR170C,YGR288W,0,4.1440573,0.21852551400661469,0.5768463015556335,0.2067413479089737
YMR200W,YGR076C,0,4.1439667,0.21844293177127838,0.5768463015556335,0.2068413645029068
YJL178C,YGL162W,0,4.1432524,0.21836040914058685,0.5768463015556335,0.2069413810968399
YJL112W,YMR286W,0,4.142932,0.2182779461145401,0.5768463015556335,0.2070414125919342
YHR196W,YML121W,1,4.1428857,0.21857304871082306,0.5778443217277527,0.2070414125919342
YBL080C,YLL019C,0,4.142598,0.2184905707836151,0.5778443217277527,0.2071414291858673
YER083C,YNR024W,0,4.141746,0.21840815246105194,0.5778443217277527,0.20724144577980042
YOR068C,YNL273W,0,4.1415997,0.21832579374313354,0.5778443217277527,0.20734146237373352
YGL225W,YHR167W,0,4.14096,0.21824349462985992,0.5778443217277527,0.20744149386882782
YDR116C,YML106W,0,4.140128,0.21816127002239227,0.5778443217277527,0.20754151046276093
YDL160C,YPL193W,0,4.136699,0.2180790901184082,0.5778443217277527,0.20764152705669403
YLR409C,YOR151C,0,4.1365714,0.2179969847202301,0.5778443217277527,0.20774154365062714
YFL034C-A,YPR010C,1,4.135903,0.21829131245613098,0.5788423418998718,0.20774154365062714
YGR191W,YDL229W,0,4.13533,0.2182091772556305,0.5788423418998718,0.20784157514572144
YGR106C,YNR019W,0,4.1346846,0.21812711656093597,0.5788423418998718,0.20794159173965454
YKL197C,YPR010C,0,4.13426,0.21804511547088623,0.5788423418998718,0.20804160833358765
YPL254W,YNL311C,0,4.134204,0.21796317398548126,0.5788423418998718,0.20814162492752075
YCR002C,YEL027W,0,4.1326923,0.21788129210472107,0.5788423418998718,0.20824164152145386
YGR101W,YER008C,0,4.131328,0.21779946982860565,0.5788423418998718,0.20834167301654816
YCL051W,YCR044C,0,4.1305113,0.2177177220582962,0.5788423418998718,0.20844168961048126
YBL088C,YPR138C,0,4.128703,0.21763601899147034,0.5788423418998718,0.20854170620441437
YLL031C,YBR168W,0,4.128156,0.21755439043045044,0.5788423418998718,0.20864172279834747
YLL021W,YPL145C,0,4.127518,0.21747282147407532,0.5788423418998718,0.20874175429344177
YGR113W,YPR072W,0,4.12697,0.21739129722118378,0.5788423418998718,0.20884177088737488
YDR261C,YIL008W,0,4.126892,0.2173098474740982,0.5788423418998718,0.20894178748130798
YBR046C,YOR084W,0,4.126368,0.2172284573316574,0.5788423418998718,0.2090418040752411
YDR375C,YGR030C,0,4.1260037,0.21714714169502258,0.5788423418998718,0.2091418355703354
YMR200W,YGL127C,0,4.125842,0.21706587076187134,0.5788423418998718,0.2092418521642685
YGL045W,YKR104W,0,4.124485,0.21698465943336487,0.5788423418998718,0.2093418687582016
YGL027C,YDR508C,0,4.1244164,0.21690352261066437,0.5788423418998718,0.2094418853521347
YMR049C,YFL005W,0,4.1240864,0.21682243049144745,0.5788423418998718,0.2095419019460678
YOR098C,YMR153W,0,4.1231995,0.2167413979768753,0.5788423418998718,0.2096419334411621
YER056C-A,YKR068C,0,4.1231456,0.21666043996810913,0.5788423418998718,0.20974195003509521
YHR133C,YDR224C,0,4.122024,0.21657954156398773,0.5788423418998718,0.20984196662902832
YBL056W,YJR076C,0,4.121354,0.21649868786334991,0.5788423418998718,0.20994198322296143
YBL035C,YOL154W,0,4.12037,0.21641790866851807,0.5788423418998718,0.21004201471805573
YGL014W,YGL031C,0,4.12004,0.216337189078331,0.5788423418998718,0.21014203131198883
YPL051W,YIL035C,1,4.119955,0.21662938594818115,0.5798403024673462,0.21014203131198883
YJL025W,YPR105C,0,4.119792,0.2165486365556717,0.5798403024673462,0.21024204790592194
YNL056W,YCR073C,1,4.1190376,0.21684053540229797,0.5808383226394653,0.21024204790592194
YGL194C,YLR200W,0,4.1188474,0.21675977110862732,0.5808383226394653,0.21034206449985504
YKR050W,YLR103C,0,4.1184835,0.21667908132076263,0.5808383226394653,0.21044208109378815
YJL024C,YOR193W,0,4.1182537,0.21659843623638153,0.5808383226394653,0.21054211258888245
YDL051W,YGR170W,0,4.117392,0.2165178507566452,0.5808383226394653,0.21064212918281555
YOL096C,YLR059C,0,4.116438,0.21643733978271484,0.5808383226394653,0.21074214577674866
YHL003C,YDR308C,0,4.1162186,0.21635687351226807,0.5808383226394653,0.21084216237068176
YNL288W,YBR041W,0,4.115827,0.21627648174762726,0.5808383226394653,0.21094219386577606
YGR020C,YFR034C,0,4.115502,0.21619613468647003,0.5808383226394653,0.21104221045970917
YOR271C,YPR030W,0,4.1155,0.21611586213111877,0.5808383226394653,0.21114222705364227
YPL213W,YOL092W,0,4.115044,0.2160356342792511,0.5808383226394653,0.21124224364757538
YMR101C,YER014W,0,4.1131153,0.2159554660320282,0.5808383226394653,0.21134227514266968
YDR156W,YER137C,1,4.1118674,0.21624629199504852,0.5818363428115845,0.21134227514266968
YNL128W,YKR066C,0,4.110839,0.21616610884666443,0.5818363428115845,0.21144229173660278
YMR180C,YPL149W,0,4.110363,0.2160859853029251,0.5818363428115845,0.2115423083305359
YML036W,YGL030W,0,4.1098576,0.21600592136383057,0.5818363428115845,0.211642324924469
YKL090W,YLR344W,0,4.109667,0.215925931930542,0.5818363428115845,0.2117423415184021
YKR019C,YMR115W,0,4.1082854,0.215845987200737,0.5818363428115845,0.2118423730134964
YDR045C,YDR179C,0,4.107695,0.21576610207557678,0.5818363428115845,0.2119423896074295
YDR512C,YMR201C,0,4.1076303,0.21568627655506134,0.5818363428115845,0.2120424062013626
YGL173C,YOL139C,0,4.107269,0.21560651063919067,0.5818363428115845,0.21214242279529572
YNL297C,YOR311C,0,4.106718,0.21552680432796478,0.5818363428115845,0.21224245429039001
YIR009W,YDR324C,1,4.1054516,0.2158167064189911,0.5828343033790588,0.21224245429039001
YGL003C,YBR180W,0,4.10522,0.215736985206604,0.5828343033790588,0.21234247088432312
YCR021C,YDR369C,0,4.1049542,0.2156573086977005,0.5828343033790588,0.21244248747825623
YPR054W,YJL196C,0,4.104839,0.21557770669460297,0.5828343033790588,0.21254250407218933
YDL202W,YNR067C,0,4.1045856,0.215498149394989,0.5828343033790588,0.21264253556728363
YML076C,YMR075W,0,4.1040835,0.21541866660118103,0.5828343033790588,0.21274255216121674
YHL021C,YKL016C,0,4.102701,0.21533922851085663,0.5828343033790588,0.21284256875514984
YPR186C,YAL003W,0,4.101795,0.2152598649263382,0.5828343033790588,0.21294258534908295
YLR266C,YPR105C,0,4.10159,0.21518054604530334,0.5828343033790588,0.21304260194301605
YML048W,YMR097C,0,4.1008453,0.21510128676891327,0.5828343033790588,0.21314263343811035
YNR055C,YER015W,0,4.1003585,0.21502208709716797,0.5828343033790588,0.21324265003204346
YNL049C,YJR036C,0,4.0993633,0.21494294703006744,0.5828343033790588,0.21334266662597656
YIL128W,YMR239C,0,4.099221,0.2148638665676117,0.5828343033790588,0.21344268321990967
YDL247W,YMR250W,0,4.0991945,0.21478484570980072,0.5828343033790588,0.21354271471500397
YLR438C-A,YER030W,0,4.0981135,0.21470588445663452,0.5828343033790588,0.21364273130893707
YCL025C,YLR067C,0,4.0973196,0.2146269828081131,0.5828343033790588,0.21374274790287018
YKL165C,YGR208W,0,4.095958,0.21454812586307526,0.5828343033790588,0.21384276449680328
YLR102C,YGR260W,0,4.0956297,0.2144693285226822,0.5828343033790588,0.21394279599189758
YIL069C,YDL039C,0,4.0948324,0.2143906056880951,0.5828343033790588,0.2140428125858307
YER046W,YGR144W,0,4.094619,0.21431192755699158,0.5828343033790588,0.2141428291797638
YEL051W,YML085C,0,4.0939,0.21423330903053284,0.5828343033790588,0.2142428457736969
YGL244W,YBR074W,0,4.0936327,0.21415475010871887,0.5828343033790588,0.21434286236763
YOR195W,YPR190C,0,4.093585,0.21407625079154968,0.5828343033790588,0.2144428938627243
YDR406W,YDL019C,0,4.0930805,0.21399779617786407,0.5828343033790588,0.2145429104566574
YDR496C,YLR327C,0,4.0930614,0.21391941606998444,0.5828343033790588,0.21464292705059052
YNL240C,YLR200W,0,4.0929008,0.21384108066558838,0.5828343033790588,0.21474294364452362
YLR023C,YOL028C,0,4.0928993,0.2137628048658371,0.5828343033790588,0.21484297513961792
YNL250W,YDR323C,0,4.092596,0.2136845886707306,0.5828343033790588,0.21494299173355103
YER060W-A,YMR270C,1,4.092194,0.21397219598293304,0.583832323551178,0.21494299173355103
YGL155W,YDR515W,0,4.0914187,0.21389396488666534,0.583832323551178,0.21504300832748413
YJR104C,YHR120W,0,4.0913677,0.21381579339504242,0.583832323551178,0.21514302492141724
YPR017C,YHR039C-A,1,4.0906506,0.21410302817821503,0.5848303437232971,0.21514302492141724
YJR109C,YBL074C,0,4.090583,0.2140248417854309,0.5848303437232971,0.21524304151535034
YER150W,YDR518W,0,4.088873,0.21394670009613037,0.5848303437232971,0.21534307301044464
YCR021C,YOR081C,0,4.088846,0.2138686180114746,0.5848303437232971,0.21544308960437775
YOR258W,YJL034W,0,4.0877852,0.21379058063030243,0.5848303437232971,0.21554310619831085
YKL058W,YLR142W,0,4.087572,0.21371261775493622,0.5848303437232971,0.21564312279224396
YPR046W,YGL162W,0,4.087187,0.2136346995830536,0.5848303437232971,0.21574315428733826
YMR017W,YDR172W,0,4.087062,0.21355685591697693,0.5848303437232971,0.21584317088127136
YJL006C,YBR154C,1,4.0861344,0.21384334564208984,0.5858283638954163,0.21584317088127136
YGL196W,YLL026W,0,4.0859413,0.2137654721736908,0.5858283638954163,0.21594318747520447
YLR100W,YBL011W,0,4.0858965,0.21368765830993652,0.5858283638954163,0.21604320406913757
YPR118W,YBR205W,0,4.0831375,0.21360990405082703,0.5858283638954163,0.21614323556423187
YGL063W,YPL082C,1,4.082552,0.21389596164226532,0.5868263244628906,0.21614323556423187
YCR106W,YML127W,0,4.0822306,0.21381817758083344,0.5868263244628906,0.21624325215816498
YPL106C,YJL004C,0,4.08027,0.21374045312404633,0.5868263244628906,0.21634326875209808
YHR070W,YNL073W,0,4.079564,0.213662788271904,0.5868263244628906,0.2164432853460312
YOL003C,YNL181W,0,4.0794163,0.21358518302440643,0.5868263244628906,0.2165433019399643
YGR288W,YGR239C,0,4.079052,0.21350762248039246,0.5868263244628906,0.2166433334350586
YDR229W,YJR034W,0,4.078559,0.21343012154102325,0.5868263244628906,0.2167433500289917
YAR031W,YHR190W,0,4.076881,0.21335268020629883,0.5868263244628906,0.2168433666229248
YHR013C,YHL031C,0,4.0763245,0.21327529847621918,0.5868263244628906,0.2169433832168579
YGR285C,YGL186C,0,4.076133,0.2131979763507843,0.5868263244628906,0.2170434147119522
YPL019C,YNL039W,0,4.074414,0.213120698928833,0.5868263244628906,0.21714343130588531
YIL005W,YGL213C,0,4.0736732,0.2130434811115265,0.5868263244628906,0.21724344789981842
YDR414C,YOR259C,0,4.0732803,0.21296632289886475,0.5868263244628906,0.21734346449375153
YJR053W,YJL065C,0,4.073025,0.21288920938968658,0.5868263244628906,0.21744349598884583
YDL047W,YNL311C,0,4.0726414,0.2128121554851532,0.5868263244628906,0.21754351258277893
YLR145W,YIL002C,0,4.071845,0.2127351611852646,0.5868263244628906,0.21764352917671204
YKR077W,YNL127W,0,4.071383,0.21265822649002075,0.5868263244628906,0.21774354577064514
YJL082W,YOR193W,0,4.071187,0.2125813513994217,0.5868263244628906,0.21784356236457825
YPR017C,YJR066W,1,4.0703206,0.2128659188747406,0.5878243446350098,0.21784356236457825
YDR497C,YDR397C,0,4.0702515,0.21278901398181915,0.5878243446350098,0.21794359385967255
YHL021C,YDR513W,0,4.0695353,0.21271216869354248,0.5878243446350098,0.21804361045360565
YGL003C,YLR059C,0,4.069274,0.21263538300991058,0.5878243446350098,0.21814362704753876
YEL024W,YNR060W,0,4.069213,0.21255864202976227,0.5878243446350098,0.21824364364147186
YDR174W,YNL113W,1,4.0681486,0.21284271776676178,0.5888223648071289,0.21824364364147186
YPR173C,YMR131C,0,4.066453,0.21276596188545227,0.5888223648071289,0.21834367513656616
YEL038W,YDL245C,0,4.066325,0.21268925070762634,0.5888223648071289,0.21844369173049927
YLR078C,YEL044W,0,4.0653424,0.21261261403560638,0.5888223648071289,0.21854370832443237
YDR457W,YGR106C,0,4.0645523,0.21253602206707,0.5888223648071289,0.21864372491836548
YBR273C,YML129C,0,4.0645256,0.2124594897031784,0.5888223648071289,0.21874374151229858
YGL172W,YBR153W,0,4.0611453,0.21238300204277039,0.5888223648071289,0.21884377300739288
YPR113W,YMR165C,0,4.0610833,0.21230658888816833,0.5888223648071289,0.218943789601326
YDR235W,YHR197W,0,4.0598364,0.21223022043704987,0.5888223648071289,0.2190438061952591
YPR095C,YOR039W,1,4.0595255,0.2125134915113449,0.589820384979248,0.2190438061952591
YDR420W,YML121W,1,4.0582147,0.21279655396938324,0.5908183455467224,0.2190438061952591
YKL051W,YBR101C,0,4.0579853,0.2127200812101364,0.5908183455467224,0.2191438227891922
YIL068C,YOL086C,0,4.0576487,0.21264368295669556,0.5908183455467224,0.2192438542842865
YKL017C,YBR240C,0,4.0573897,0.21256732940673828,0.5908183455467224,0.2193438708782196
YNL335W,YLR364W,0,4.054839,0.2124910205602646,0.5908183455467224,0.2194438874721527
YPR171W,YOR211C,0,4.0544825,0.21241478621959686,0.5908183455467224,0.21954390406608582
YDL135C,YGR145W,0,4.053896,0.21233859658241272,0.5908183455467224,0.21964393556118011
YJR104C,YBR058C,0,4.053107,0.21226246654987335,0.5908183455467224,0.21974395215511322
YIR026C,YML052W,0,4.0505238,0.21218638122081757,0.5908183455467224,0.21984396874904633
YOR175C,YGL087C,0,4.0504227,0.21211035549640656,0.5908183455467224,0.21994398534297943
YHR051W,YDR028C,0,4.0495663,0.21203438937664032,0.5908183455467224,0.22004400193691254
YOR311C,YBR042C,0,4.048512,0.21195846796035767,0.5908183455467224,0.22014403343200684
YCR038C,YMR037C,0,4.047965,0.2118826061487198,0.5908183455467224,0.22024405002593994
YBR195C,YNL121C,0,4.04787,0.21180680394172668,0.5908183455467224,0.22034406661987305
YER090W,YGR010W,0,4.047679,0.21173104643821716,0.5908183455467224,0.22044408321380615
YNL136W,YDR516C,0,4.0470886,0.21165534853935242,0.5908183455467224,0.22054411470890045
YJL006C,YKL063C,0,4.046234,0.21157969534397125,0.5908183455467224,0.22064413130283356
YER023W,YDR081C,0,4.0456753,0.21150410175323486,0.5908183455467224,0.22074414789676666
YIL153W,YPR048W,0,4.044862,0.21142856776714325,0.5908183455467224,0.22084416449069977
YNL056W,YPL144W,1,4.0444303,0.2117101103067398,0.5918163657188416,0.22084416449069977
YJR078W,YBR237W,0,4.044369,0.2116345465183258,0.5918163657188416,0.22094419598579407
YJL004C,YMR192W,0,4.043338,0.21155904233455658,0.5918163657188416,0.22104421257972717
YPL026C,YKL206C,0,4.0429397,0.21148359775543213,0.5918163657188416,0.22114422917366028
YOL124C,YBR028C,0,4.042766,0.21140819787979126,0.5918163657188416,0.22124424576759338
YDR478W,YCR057C,0,4.041798,0.21133285760879517,0.5918163657188416,0.2213442623615265
YML051W,YOR212W,0,4.041727,0.21125757694244385,0.5918163657188416,0.2214442938566208
YBR153W,YBR030W,0,4.0413923,0.2111823409795761,0.5918163657188416,0.2215443104505539
YKL189W,YGL105W,0,4.0411525,0.21110714972019196,0.5918163657188416,0.221644327044487
YLR411W,YDR492W,0,4.040903,0.21103203296661377,0.5918163657188416,0.2217443436384201
YDR420W,YLR389C,0,4.0398808,0.21095696091651917,0.5918163657188416,0.2218443751335144
YOR159C,YNR010W,0,4.039778,0.21088193356990814,0.5918163657188416,0.2219443917274475
YGL019W,YKR007W,1,4.038308,0.21116246283054352,0.5928143858909607,0.2219443917274475
YBR105C,YFL026W,0,4.037542,0.2110874205827713,0.5928143858909607,0.22204440832138062
YOR219C,YOR341W,0,4.036802,0.21101243793964386,0.5928143858909607,0.22214442491531372
YOR310C,YLL019C,0,4.0366187,0.2109375,0.5928143858909607,0.22224444150924683
YGR222W,YJL196C,0,4.0361934,0.21086262166500092,0.5928143858909607,0.22234447300434113
YBR268W,YNL073W,0,4.0361724,0.2107877880334854,0.5928143858909607,0.22244448959827423
YHR105W,YER056C,0,4.0357466,0.21071301400661469,0.5928143858909607,0.22254450619220734
YLR466W,YCL061C,0,4.0353413,0.21063829958438873,0.5928143858909607,0.22264452278614044
YGR181W,YLL001W,0,4.035192,0.21056362986564636,0.5928143858909607,0.22274455428123474
YKR054C,YBR162C,0,4.0350537,0.21048901975154877,0.5928143858909607,0.22284457087516785
YPL085W,YOR224C,1,4.0350184,0.2107686847448349,0.5938123464584351,0.22284457087516785
YJL012C,YBR120C,0,4.033866,0.21069404482841492,0.5938123464584351,0.22294458746910095
YJR066W,YMR270C,1,4.0318956,0.21097345650196075,0.5948103666305542,0.22294458746910095
YPL117C,YMR257C,0,4.0317826,0.21089880168437958,0.5948103666305542,0.22304460406303406
YER060W-A,YGR128C,1,4.0310516,0.21117793023586273,0.5958083868026733,0.22304460406303406
YIL139C,YOR014W,0,4.0305896,0.21110326051712036,0.5958083868026733,0.22314463555812836
YDR350C,YML052W,0,4.030514,0.21102863550186157,0.5958083868026733,0.22324465215206146
YNR020C,YBL035C,0,4.0302863,0.21095407009124756,0.5958083868026733,0.22334466874599457
YLR068W,YMR319C,0,4.0290146,0.21087954938411713,0.5958083868026733,0.22344468533992767
YPL178W,YDR021W,0,4.0289264,0.21080508828163147,0.5958083868026733,0.22354470193386078
YPL076W,YDR292C,0,4.0287943,0.2107306718826294,0.5958083868026733,0.22364473342895508
YDR164C,YKL180W,0,4.028608,0.2106563150882721,0.5958083868026733,0.22374475002288818
YGL195W,YNR011C,0,4.028343,0.21058201789855957,0.5958083868026733,0.2238447666168213
YIL005W,YFL036W,0,4.028128,0.21050775051116943,0.5958083868026733,0.2239447832107544
YLR054C,YBR045C,0,4.0266385,0.21043355762958527,0.5958083868026733,0.2240448147058487
YHR080C,YNL274C,0,4.0266013,0.21035940945148468,0.5958083868026733,0.2241448312997818
YCL051W,YLL031C,0,4.025178,0.21028530597686768,0.5958083868026733,0.2242448478937149
YGL030W,YBL034C,0,4.024552,0.21021126210689545,0.5958083868026733,0.224344864487648
YMR054W,YBR089C-A,0,4.0235157,0.210137277841568,0.5958083868026733,0.2244448959827423
YHR029C,YNL172W,0,4.0234694,0.21006333827972412,0.5958083868026733,0.22454491257667542
YER112W,YKR037C,0,4.023366,0.20998944342136383,0.5958083868026733,0.22464492917060852
YOR129C,YER007W,0,4.0225625,0.20991560816764832,0.5958083868026733,0.22474494576454163
YLR061W,YBL054W,0,4.021705,0.20984183251857758,0.5958083868026733,0.22484496235847473
YOL145C,YPL180W,0,4.0216403,0.20976810157299042,0.5958083868026733,0.22494499385356903
YDR332W,YPR199C,0,4.021622,0.20969441533088684,0.5958083868026733,0.22504501044750214
YGR070W,YMR094W,0,4.0215945,0.20962078869342804,0.5958083868026733,0.22514502704143524
YFL038C,YGR081C,0,4.021023,0.20954720675945282,0.5958083868026733,0.22524504363536835
YGR170W,YLR048W,0,4.020564,0.20947368443012238,0.5958083868026733,0.22534507513046265
YER120W,YLR385C,0,4.0205164,0.2094002068042755,0.5958083868026733,0.22544509172439575
YDL076C,YER088C,0,4.0199833,0.20932678878307343,0.5958083868026733,0.22554510831832886
YBR129C,YAL012W,0,4.019698,0.20925341546535492,0.5958083868026733,0.22564512491226196
YGL019W,YBR154C,1,4.0191073,0.20953048765659332,0.5968064069747925,0.22564512491226196
YER142C,YCL014W,0,4.0188107,0.20945709943771362,0.5968064069747925,0.22574515640735626
YOR306C,YDR031W,0,4.018401,0.2093837559223175,0.5968064069747925,0.22584517300128937
YMR246W,YPR114W,0,4.018201,0.20931047201156616,0.5968064069747925,0.22594518959522247
YKL062W,YDL069C,0,4.0181956,0.2092372328042984,0.5968064069747925,0.22604520618915558
YKL218C,YOR308C,0,4.0176916,0.20916403830051422,0.5968064069747925,0.22614522278308868
YLL043W,YKL016C,0,4.01658,0.20909090340137482,0.5968064069747925,0.22624525427818298
YOR201C,YBR086C,0,4.0164833,0.2090178281068802,0.5968064069747925,0.2263452708721161
YDR515W,YNR057C,0,4.015839,0.20894479751586914,0.5968064069747925,0.2264452874660492
YNL015W,YJL048C,0,4.015708,0.20887181162834167,0.5968064069747925,0.2265453040599823
YMR081C,YGR255C,0,4.01532,0.20879888534545898,0.5968064069747925,0.2266453355550766
YNL051W,YBR183W,0,4.0152187,0.20872600376605988,0.5968064069747925,0.2267453521490097
YPR110C,YNL056W,1,4.0150795,0.20900209248065948,0.5978043675422668,0.2267453521490097
YLR193C,YLL026W,0,4.0149155,0.20892919600009918,0.5978043675422668,0.2268453687429428
YDL051W,YLL051C,0,4.0145802,0.20885634422302246,0.5978043675422668,0.22694538533687592
YIL084C,YIL137C,0,4.0144362,0.20878355205059052,0.5978043675422668,0.22704540193080902
YDR520C,YGR188C,0,4.0133247,0.20871080458164215,0.5978043675422668,0.22714543342590332
YGL238W,YER007W,0,4.012988,0.20863810181617737,0.5978043675422668,0.22724545001983643
YOR180C,YBR041W,0,4.012391,0.20856545865535736,0.5978043675422668,0.22734546661376953
YOL020W,YHR111W,0,4.012231,0.20849286019802094,0.5978043675422668,0.22744548320770264
YMR143W,YHR073W,0,4.0121694,0.20842032134532928,0.5978043675422668,0.22754551470279694
YOR129C,YPL130W,0,4.01176,0.20834782719612122,0.5978043675422668,0.22764553129673004
YBR072W,YDL146W,0,4.011305,0.20827537775039673,0.5978043675422668,0.22774554789066315
YDR416W,YPR184W,0,4.0111504,0.20820298790931702,0.5978043675422668,0.22784556448459625
YIL132C,YIL133C,0,4.010849,0.2081306427717209,0.5978043675422668,0.22794559597969055
YHL044W,YJL198W,0,4.010501,0.20805835723876953,0.5978043675422668,0.22804561257362366
YHR209W,YGR094W,0,4.010219,0.20798611640930176,0.5978043675422668,0.22814562916755676
YGR138C,YGR007W,0,4.009889,0.20791392028331757,0.5978043675422668,0.22824564576148987
YOR066W,YNL292W,0,4.0098276,0.20784178376197815,0.5978043675422668,0.22834566235542297
YGR143W,YEL065W,0,4.00772,0.20776967704296112,0.5978043675422668,0.22844569385051727
YBR233W-A,YNL311C,0,4.0074835,0.20769764482975006,0.5978043675422668,0.22854571044445038
YBL006C,YDR174W,1,4.007272,0.20797227323055267,0.598802387714386,0.22854571044445038
YBR065C,YKR100C,0,4.007245,0.20790021121501923,0.598802387714386,0.22864572703838348
YDR059C,YGR155W,0,4.006752,0.20782819390296936,0.598802387714386,0.2287457436323166
YLR075W,YIL011W,0,4.006372,0.20775623619556427,0.598802387714386,0.2288457751274109
YGR120C,YCL036W,0,4.004655,0.20768432319164276,0.598802387714386,0.228945791721344
YDR420W,YBR213W,1,4.003832,0.20795847475528717,0.5998004078865051,0.228945791721344
YJL162C,YHR109W,0,4.002147,0.20788654685020447,0.5998004078865051,0.2290458083152771
YLR074C,YJR121W,0,4.0020366,0.20781466364860535,0.5998004078865051,0.2291458249092102
YDR134C,YDL111C,0,4.0017195,0.2077428251504898,0.5998004078865051,0.2292458564043045
YEL029C,YOR150W,0,4.00124,0.20767104625701904,0.5998004078865051,0.2293458729982376
YCR002C,YDR231C,0,4.000699,0.20759931206703186,0.5998004078865051,0.22944588959217072
YOR319W,YDR398W,1,4.000011,0.2078729271888733,0.6007984280586243,0.22944588959217072
YFR034C,YDR002W,0,3.9975345,0.20780117809772491,0.6007984280586243,0.22954590618610382
YDL102W,YLR305C,0,3.9968336,0.20772947371006012,0.6007984280586243,0.22964592278003693
YOL061W,YJR140C,0,3.99679,0.2076578140258789,0.6007984280586243,0.22974595427513123
YJL153C,YHR201C,0,3.996234,0.20758621394634247,0.6007984280586243,0.22984597086906433
YJL073W,YNL304W,0,3.993515,0.20751464366912842,0.6007984280586243,0.22994598746299744
YHL015W,YDR300C,0,3.9934359,0.20744314789772034,0.6007984280586243,0.23004600405693054
YGR113W,YDR427W,0,3.993429,0.20737168192863464,0.6007984280586243,0.23014603555202484
YJL214W,YOR151C,0,3.993056,0.20730027556419373,0.6007984280586243,0.23024605214595795
YER055C,YIL076W,0,3.9930182,0.2072289139032364,0.6007984280586243,0.23034606873989105
YNL287W,YLR160C,0,3.992548,0.20715761184692383,0.6007984280586243,0.23044608533382416
YPR095C,YNL330C,1,3.9923165,0.20743034780025482,0.6017963886260986,0.23044608533382416
YDR238C,YML031W,0,3.991593,0.20735901594161987,0.6017963886260986,0.23054610192775726
YOL067C,YBR066C,0,3.991419,0.2072877287864685,0.6017963886260986,0.23064613342285156
YDR137W,YHR109W,0,3.9909801,0.20721650123596191,0.6017963886260986,0.23074615001678467
YPL106C,YPL019C,0,3.9909587,0.2071453034877777,0.6017963886260986,0.23084616661071777
YBR243C,YKL150W,0,3.9903486,0.20707418024539948,0.6017963886260986,0.23094618320465088
YDL140C,YNL056W,1,3.9892,0.2073463797569275,0.6027944087982178,0.23094618320465088
YGL180W,YER165W,0,3.9891465,0.20727522671222687,0.6027944087982178,0.23104621469974518
YOR384W,YDR378C,0,3.9882739,0.20720411837100983,0.6027944087982178,0.23114623129367828
YOR159C,YNL044W,0,3.9881892,0.20713305473327637,0.6027944087982178,0.2312462478876114
YJL165C,YLR153C,0,3.9876914,0.20706205070018768,0.6027944087982178,0.2313462644815445
YDL080C,YOR226C,0,3.986477,0.20699109137058258,0.6027944087982178,0.2314462959766388
YPL085W,YDR087C,0,3.9859095,0.20692017674446106,0.6027944087982178,0.2315463125705719
YNL191W,YGR246C,0,3.9816926,0.20684932172298431,0.6027944087982178,0.231646329164505
YDR172W,YJL155C,0,3.980543,0.20677849650382996,0.6027944087982178,0.2317463457584381
YGR220C,YGR216C,0,3.97979,0.20670773088932037,0.6027944087982178,0.23184636235237122
YEL005C,YDR041W,0,3.9785557,0.20663700997829437,0.6027944087982178,0.23194639384746552
YPL157W,YJR040W,0,3.977573,0.20656634867191315,0.6027944087982178,0.23204641044139862
YDR398W,YER137C,1,3.977212,0.20683760941028595,0.6037924289703369,0.23204641044139862
YOR334W,YPL101W,0,3.976321,0.20676691830158234,0.6037924289703369,0.23214642703533173
YPL157W,YGL062W,0,3.9762826,0.2066962718963623,0.6037924289703369,0.23224644362926483
YER060W-A,YPR095C,1,3.9746075,0.20696721971035004,0.6047903895378113,0.23224644362926483
YGR217W,YBL025W,1,3.9738522,0.20723795890808105,0.6057884097099304,0.23224644362926483
YPL280W,YPL027W,0,3.9734914,0.20716723799705505,0.6057884097099304,0.23234647512435913
YBR268W,YOR388C,0,3.9733033,0.20709654688835144,0.6057884097099304,0.23244649171829224
YEL015W,YGR246C,0,3.972858,0.2070259153842926,0.6057884097099304,0.23254650831222534
YNL309W,YLR097C,0,3.9724648,0.20695532858371735,0.6057884097099304,0.23264652490615845
YNR016C,YKR077W,0,3.9717622,0.20688480138778687,0.6057884097099304,0.23274655640125275
YHR013C,YIL002C,0,3.9713507,0.20681430399417877,0.6057884097099304,0.23284657299518585
YLR316C,YER159C,0,3.9710994,0.20674386620521545,0.6057884097099304,0.23294658958911896
YKL015W,YGR200C,0,3.9684844,0.20667347311973572,0.6057884097099304,0.23304660618305206
YIL014W,YDL046W,0,3.965434,0.20660312473773956,0.6057884097099304,0.23314662277698517
YPR191W,YKL192C,0,3.9652295,0.20653283596038818,0.6057884097099304,0.23324665427207947
YPR031W,YOR212W,0,3.964877,0.20646259188652039,0.6057884097099304,0.23334667086601257
YDR545W,YHR089C,0,3.9641109,0.20639237761497498,0.6057884097099304,0.23344668745994568
YMR093W,YER007W,0,3.9636712,0.20632222294807434,0.6057884097099304,0.23354670405387878
YDR007W,YBL054W,0,3.963344,0.20625212788581848,0.6057884097099304,0.23364673554897308
YJL208C,YPL155C,0,3.9625525,0.206182062625885,0.6057884097099304,0.2337467521429062
YBR268W,YPL171C,0,3.9618804,0.2061120569705963,0.6057884097099304,0.2338467687368393
YGR106C,YNL268W,0,3.9612975,0.2060420960187912,0.6057884097099304,0.2339467853307724
YDR414C,YIL042C,0,3.9604597,0.20597217977046967,0.6057884097099304,0.2340468019247055
YDR040C,YBL064C,0,3.9600875,0.2059023082256317,0.6057884097099304,0.2341468334197998
YKL067W,YOR266W,0,3.959778,0.20583248138427734,0.6057884097099304,0.2342468500137329
YOR027W,YJR040W,0,3.9592998,0.20576271414756775,0.6057884097099304,0.23434686660766602
YDL043C,YNL251C,0,3.9590523,0.20569299161434174,0.6057884097099304,0.23444688320159912
YPL143W,YDR023W,0,3.958712,0.2056232988834381,0.6057884097099304,0.23454691469669342
YDR310C,YGR036C,0,3.957949,0.20555368065834045,0.6057884097099304,0.23464693129062653
YPL176C,YMR035W,0,3.9578586,0.20548409223556519,0.6057884097099304,0.23474694788455963
YBL068W,YBR150C,0,3.9565916,0.2054145485162735,0.6057884097099304,0.23484696447849274
YKL135C,YLR098C,0,3.9547534,0.2053450644016266,0.6057884097099304,0.23494699597358704
YDL210W,YPL101W,0,3.9544477,0.20527561008930206,0.6057884097099304,0.23504701256752014
YGL241W,YDL093W,0,3.9532576,0.20520621538162231,0.6057884097099304,0.23514702916145325
YDR460W,YDR226W,0,3.9530876,0.20513686537742615,0.6057884097099304,0.23524704575538635
YMR289W,YOR179C,0,3.9527311,0.20506757497787476,0.6057884097099304,0.23534706234931946
YIL018W,YIL051C,0,3.9524298,0.20499831438064575,0.6057884097099304,0.23544709384441376
YGR128C,YBL006C,1,3.9518023,0.20526671409606934,0.6067864298820496,0.23544709384441376
YNL286W,YPR188C,0,3.951372,0.20519743859767914,0.6067864298820496,0.23554711043834686
YGR208W,YDL145C,0,3.9487977,0.20512820780277252,0.6067864298820496,0.23564712703227997
YNL062C,YOR046C,0,3.948414,0.2050590217113495,0.6067864298820496,0.23574714362621307
YER061C,YCR072C,0,3.947948,0.20498988032341003,0.6067864298820496,0.23584717512130737
YKR008W,YJL065C,0,3.9475744,0.20492079854011536,0.6067864298820496,0.23594719171524048
YDR190C,YOL132W,0,3.9459734,0.20485174655914307,0.6067864298820496,0.23604720830917358
YOL095C,YPL022W,0,3.9456663,0.20478275418281555,0.6067864298820496,0.2361472249031067
YOL084W,YPR046W,0,3.9439769,0.20471380650997162,0.6067864298820496,0.236247256398201
YDL141W,YKL029C,0,3.9438863,0.20464490354061127,0.6067864298820496,0.2363472729921341
YGR068C,YOR061W,1,3.9429824,0.20491251349449158,0.6077844500541687,0.2363472729921341
YML036W,YMR042W,1,3.94284,0.20517995953559875,0.6087824106216431,0.2363472729921341
YDR373W,YKL078W,0,3.942034,0.20511096715927124,0.6087824106216431,0.2364472895860672
YMR195W,YGL037C,0,3.9408755,0.2050420194864273,0.6087824106216431,0.2365473061800003
YBR087W,YDR229W,0,3.9403887,0.20497311651706696,0.6087824106216431,0.2366473227739334
YDR479C,YPL188W,0,3.9403863,0.20490427315235138,0.6087824106216431,0.2367473542690277
YPL208W,YKL194C,0,3.9396472,0.2048354595899582,0.6087824106216431,0.23684737086296082
YGL103W,YKR064W,0,3.9391127,0.20476670563220978,0.6087824106216431,0.23694738745689392
YDR380W,YKL006C-A,0,3.938761,0.20469798147678375,0.6087824106216431,0.23704740405082703
YJR031C,YOR260W,0,3.9382312,0.2046293169260025,0.6087824106216431,0.23714743554592133
YOR110W,YPL239W,0,3.9373422,0.20456069707870483,0.6087824106216431,0.23724745213985443
YDL140C,YOR039W,1,3.936628,0.20482735335826874,0.6097804307937622,0.23724745213985443
YBR048W,YOR025W,0,3.9355807,0.20475871860980988,0.6097804307937622,0.23734746873378754
YKL138C,YBR297W,0,3.9350247,0.2046901136636734,0.6097804307937622,0.23744748532772064
YOL010W,YOR246C,0,3.934997,0.2046215683221817,0.6097804307937622,0.23754751682281494
YEL041W,YJL041W,0,3.9345443,0.20455306768417358,0.6097804307937622,0.23764753341674805
YJR109C,YBL060W,0,3.9344277,0.20448461174964905,0.6097804307937622,0.23774755001068115
YGL240W,YCL050C,0,3.9341068,0.2044161856174469,0.6097804307937622,0.23784756660461426
YNL081C,YDL112W,0,3.9337444,0.20434781908988953,0.6097804307937622,0.23794758319854736
YOR194C,YJL219W,0,3.9335098,0.20427951216697693,0.6097804307937622,0.23804761469364166
YOL010W,YOR191W,0,3.9327574,0.20421123504638672,0.6097804307937622,0.23814763128757477
YER180C,YPR156C,0,3.9318788,0.2041430026292801,0.6097804307937622,0.23824764788150787
YOR243C,YJR089W,0,3.9318087,0.20407481491565704,0.6097804307937622,0.23834766447544098
YGL116W,YCL029C,0,3.9317708,0.20400667190551758,0.6097804307937622,0.23844769597053528
YML071C,YNL166C,0,3.9314747,0.2039385885000229,0.6097804307937622,0.23854771256446838
YNL310C,YOR261C,0,3.930664,0.20387053489685059,0.6097804307937622,0.2386477291584015
YOR109W,YLR058C,0,3.9305382,0.20380254089832306,0.6097804307937622,0.2387477457523346
YML102W,YLR306W,0,3.929428,0.20373457670211792,0.6097804307937622,0.2388477623462677
YDR425W,YLR321C,0,3.9285736,0.20366667211055756,0.6097804307937622,0.238947793841362
YMR088C,YMR019W,0,3.9279892,0.20359879732131958,0.6097804307937622,0.2390478104352951
YGR271C-A,YOR341W,1,3.9273257,0.20386409759521484,0.6107784509658813,0.2390478104352951
YMR221C,YMR075W,0,3.9271154,0.20379620790481567,0.6107784509658813,0.2391478270292282
YOL002C,YLR147C,0,3.9268804,0.20372836291790009,0.6107784509658813,0.23924784362316132
YOR123C,YNL236W,0,3.9267843,0.20366056263446808,0.6107784509658813,0.23934787511825562
YLR286C,YBR142W,0,3.9263983,0.20359280705451965,0.6107784509658813,0.23944789171218872
YOR047C,YDL074C,0,3.926338,0.203525111079216,0.6107784509658813,0.23954790830612183
YFR036W,YGR165W,0,3.925567,0.20345744490623474,0.6107784509658813,0.23964792490005493
YJL194W,YDR500C,0,3.9253812,0.20338982343673706,0.6107784509658813,0.23974795639514923
YNL308C,YJR147W,0,3.925273,0.20332226157188416,0.6107784509658813,0.23984797298908234
YIL145C,YBL037W,0,3.9245095,0.20325472950935364,0.6107784509658813,0.23994798958301544
YPL183C,YBR237W,0,3.923945,0.2031872570514679,0.6107784509658813,0.24004800617694855
YDR156W,YLR141W,1,3.9239264,0.2034517079591751,0.6117764711380005,0.24004800617694855
YFL023W,YDL095W,0,3.9237363,0.20338420569896698,0.6117764711380005,0.24014802277088165
YOL043C,YPL085W,0,3.9236014,0.20331674814224243,0.6117764711380005,0.24024805426597595
YDR457W,YJR134C,0,3.9227195,0.20324933528900146,0.6117764711380005,0.24034807085990906
YJR005W,YMR055C,0,3.9222622,0.20318196713924408,0.6117764711380005,0.24044808745384216
YOR319W,YGR095C,0,3.9218125,0.20311464369297028,0.6117764711380005,0.24054810404777527
YIR031C,YDR384C,0,3.92175,0.20304736495018005,0.6117764711380005,0.24064813554286957
YMR201C,YDR179C,0,3.9215198,0.2029801309108734,0.6117764711380005,0.24074815213680267
YMR270C,YML101C,1,3.9205177,0.20324395596981049,0.6127744317054749,0.24074815213680267
YNL113W,YPL085W,1,3.9203732,0.20350761711597443,0.613772451877594,0.24074815213680267
YMR053C,YGL229C,0,3.9197235,0.20344029366970062,0.613772451877594,0.24084816873073578
YGR024C,YKL048C,0,3.9194355,0.2033730149269104,0.613772451877594,0.24094818532466888
YML042W,YMR118C,0,3.917821,0.20330578088760376,0.613772451877594,0.24104821681976318
YLR403W,YLR291C,0,3.9176764,0.2032385915517807,0.613772451877594,0.2411482334136963
YLR130C,YER088C,0,3.9175324,0.20317146182060242,0.613772451877594,0.2412482500076294
YBL014C,YNL221C,0,3.9175267,0.20310436189174652,0.613772451877594,0.2413482666015625
YLR008C,YIL147C,0,3.9174194,0.2030373066663742,0.613772451877594,0.2414482831954956
YDL123W,YAR027W,0,3.916216,0.20297029614448547,0.613772451877594,0.2415483146905899
YFL011W,YDR257C,0,3.9160147,0.20290333032608032,0.613772451877594,0.241648331284523
YJL006C,YOL004W,0,3.9143991,0.20283640921115875,0.613772451877594,0.24174834787845612
YDR420W,YNL056W,1,3.914054,0.20309923589229584,0.6147704720497131,0.24174834787845612
YCL048W,YOL011W,0,3.9135652,0.20303229987621307,0.6147704720497131,0.24184836447238922
YDR508C,YPL147W,0,3.9135303,0.2029654085636139,0.6147704720497131,0.24194839596748352
YBR289W,YLR015W,0,3.913487,0.2028985470533371,0.6147704720497131,0.24204841256141663
YER060W-A,YBL014C,1,3.912799,0.20316101610660553,0.6157684922218323,0.24204841256141663
YGL035C,YJL035C,0,3.9098825,0.20309413969516754,0.6157684922218323,0.24214842915534973
YPL176C,YOL144W,0,3.9097214,0.20302730798721313,0.6157684922218323,0.24224844574928284
YMR071C,YNL239W,0,3.9095674,0.2029605209827423,0.6157684922218323,0.24234846234321594
YFR041C,YBR131W,0,3.9093828,0.20289377868175507,0.6157684922218323,0.24244849383831024
YLL038C,YPR068C,0,3.9091787,0.2028270810842514,0.6157684922218323,0.24254851043224335
YAL040C,YKL039W,0,3.9089122,0.20276042819023132,0.6157684922218323,0.24264852702617645
YDL240W,YDL108W,0,3.9088287,0.20269381999969482,0.6157684922218323,0.24274854362010956
YLR314C,YNL311C,0,3.9082818,0.2026272565126419,0.6157684922218323,0.24284857511520386
YGR251W,YPL135W,0,3.906314,0.20256073772907257,0.6157684922218323,0.24294859170913696
YOR174W,YKR056W,0,3.9052165,0.20249426364898682,0.6157684922218323,0.24304860830307007
YCL018W,YNL317W,0,3.9036264,0.20242781937122345,0.6157684922218323,0.24314862489700317
YDR012W,YDR121W,0,3.9035912,0.20236143469810486,0.6157684922218323,0.24324865639209747
YLR304C,YJR134C,0,3.903471,0.20229507982730865,0.6157684922218323,0.24334867298603058
YLR061W,YKL039W,0,3.9006975,0.20222878456115723,0.6157684922218323,0.24344868957996368
YOR243C,YBR153W,0,3.9006178,0.20216251909732819,0.6157684922218323,0.2435487061738968
YGL180W,YCR047C,0,3.900533,0.20209629833698273,0.6157684922218323,0.2436487227678299
YKL203C,YJL011C,0,3.8997242,0.20203012228012085,0.6157684922218323,0.2437487542629242
YOL023W,YNL175C,0,3.8994694,0.20196399092674255,0.6157684922218323,0.2438487708568573
YBR245C,YHR047C,0,3.8983395,0.20189790427684784,0.6157684922218323,0.2439487874507904
YDL091C,YER177W,0,3.8977933,0.2018318623304367,0.6157684922218323,0.2440488040447235
YBL026W,YBR092C,0,3.8967295,0.20176586508750916,0.6157684922218323,0.2441488355398178
YGL019W,YEL016C,1,3.8963997,0.20202679932117462,0.6167664527893066,0.2441488355398178
YHL036W,YLR025W,0,3.8957503,0.20196078717708588,0.6167664527893066,0.24424885213375092
YIR009W,YHR039C-A,1,3.8948348,0.20222149789333344,0.6177644729614258,0.24424885213375092
YML071C,YMR023C,0,3.8941796,0.2021554559469223,0.6177644729614258,0.24434886872768402
YGR128C,YMR042W,1,3.893945,0.20241592824459076,0.6187624931335449,0.24434886872768402
YDR351W,YLL004W,0,3.8938115,0.20234987139701843,0.6187624931335449,0.24444888532161713
YOR316C,YDL075W,0,3.8932033,0.2022838443517685,0.6187624931335449,0.24454891681671143
YDR069C,YKL009W,0,3.8929555,0.20221787691116333,0.6187624931335449,0.24464893341064453
YJR153W,YDR430C,0,3.8925467,0.20215193927288055,0.6187624931335449,0.24474895000457764
YDR234W,YDR487C,0,3.8919969,0.20208604633808136,0.6187624931335449,0.24484896659851074
YDR419W,YPR081C,0,3.8912864,0.20202019810676575,0.6187624931335449,0.24494898319244385
YOR243C,YKR072C,0,3.8909333,0.20195439457893372,0.6187624931335449,0.24504901468753815
YPR073C,YLR263W,0,3.8895812,0.20188863575458527,0.6187624931335449,0.24514903128147125
YJL153C,YML098W,0,3.8887482,0.2018229216337204,0.6187624931335449,0.24524904787540436
YDR400W,YML047C,0,3.8884125,0.20175723731517792,0.6187624931335449,0.24534906446933746
YCL067C,YHR167W,0,3.888138,0.2016916126012802,0.6187624931335449,0.24544909596443176
YHR030C,YOL139C,0,3.8877888,0.2016260176897049,0.6187624931335449,0.24554911255836487
YNL081C,YHL034C,0,3.8874288,0.20156046748161316,0.6187624931335449,0.24564912915229797
YBR121C,YNL056W,0,3.8870833,0.201494961977005,0.6187624931335449,0.24574914574623108
YHR028C,YOL141W,0,3.8856673,0.20142950117588043,0.6187624931335449,0.24584917724132538
YJR067C,YOR061W,1,3.8850946,0.20168885588645935,0.6197604537010193,0.24584917724132538
YGL225W,YLR293C,0,3.8845115,0.20162338018417358,0.6197604537010193,0.24594919383525848
YGR296W,YDL056W,0,3.882491,0.2015579342842102,0.6197604537010193,0.2460492104291916
YBR154C,YIL035C,1,3.8822794,0.20181700587272644,0.6207584738731384,0.2460492104291916
YOR038C,YDL164C,0,3.8817878,0.20175154507160187,0.6207584738731384,0.2461492270231247
YOL123W,YDR248C,0,3.881617,0.20168612897396088,0.6207584738731384,0.2462492436170578
YDR326C,YOR045W,0,3.8813887,0.20162074267864227,0.6207584738731384,0.2463492751121521
YPR080W,YLL051C,0,3.880804,0.20155541598796844,0.6207584738731384,0.2464492917060852
YLR188W,YIR012W,0,3.8802342,0.201490119099617,0.6207584738731384,0.2465493083000183
YBR160W,YDR110W,0,3.8799076,0.20142486691474915,0.6207584738731384,0.24664932489395142
YGR217W,YER137C,1,3.8791263,0.2016833871603012,0.6217564940452576,0.24664932489395142
YPL085W,YPR010C,1,3.8783116,0.20194174349308014,0.6227545142173767,0.24664932489395142
YBR299W,YIR019C,0,3.8781958,0.2018764168024063,0.6227545142173767,0.24674935638904572
YLL062C,YOL020W,0,3.877984,0.20181111991405487,0.6227545142173767,0.24684937298297882
YBL017C,YAL040C,0,3.8765314,0.2017458826303482,0.6227545142173767,0.24694938957691193
YDR296W,YBR061C,0,3.876065,0.20168067514896393,0.6227545142173767,0.24704940617084503
YOR048C,YKR077W,0,3.8757563,0.20161551237106323,0.6227545142173767,0.24714942276477814
YJL004C,YPR046W,0,3.8754792,0.20155039429664612,0.6227545142173767,0.24724945425987244
YMR004W,YCR091W,0,3.8751774,0.2014853060245514,0.6227545142173767,0.24734947085380554
YPL091W,YGR029W,0,3.8746927,0.20142027735710144,0.6227545142173767,0.24744948744773865
YBL098W,YJR123W,0,3.873903,0.20135527849197388,0.6227545142173767,0.24754950404167175
YOR346W,YNL330C,1,3.8738184,0.2016129046678543,0.6237524747848511,0.24754950404167175
YDR038C,YOR009W,0,3.873373,0.20154789090156555,0.6237524747848511,0.24764953553676605
YPR016C,YDL106C,0,3.871686,0.20148290693759918,0.6237524747848511,0.24774955213069916
YMR243C,YGL216W,0,3.871673,0.2014179825782776,0.6237524747848511,0.24784956872463226
YGR184C,YBR274W,0,3.8696337,0.20135308802127838,0.6237524747848511,0.24794958531856537
YHR120W,YOR151C,0,3.8683162,0.20128823816776276,0.6237524747848511,0.24804961681365967
YER106W,YGR084C,0,3.8673735,0.2012234330177307,0.6237524747848511,0.24814963340759277
YLR373C,YIL132C,0,3.86722,0.20115867257118225,0.6237524747848511,0.24824965000152588
YJR130C,YER053C,0,3.8666198,0.20109395682811737,0.6237524747848511,0.24834966659545898
YMR290C,YCR005C,0,3.8659692,0.20102927088737488,0.6237524747848511,0.2484496831893921
YDR156W,YFR034C,1,3.8655005,0.2012861669063568,0.6247504949569702,0.2484496831893921
YGL006W,YNR006W,0,3.8648996,0.20122146606445312,0.6247504949569702,0.2485497146844864
YGR055W,YER030W,0,3.86452,0.20115680992603302,0.6247504949569702,0.2486497312784195
YHR156C,YGR281W,0,3.8639808,0.2010921984910965,0.6247504949569702,0.2487497478723526
YDL028C,YPL273W,0,3.8639348,0.20102761685848236,0.6247504949569702,0.2488497644662857
YLR246W,YPL240C,0,3.8634021,0.2009630799293518,0.6247504949569702,0.24894979596138
YOL056W,YER123W,0,3.8623629,0.20089858770370483,0.6247504949569702,0.2490498125553131
YKL045W,YPR141C,0,3.8621306,0.20083414018154144,0.6247504949569702,0.24914982914924622
YPL001W,YLR292C,0,3.8619924,0.20076972246170044,0.6247504949569702,0.24924984574317932
YIL139C,YPL214C,0,3.860995,0.20070534944534302,0.6247504949569702,0.24934987723827362
YJL001W,YJR068W,0,3.8594642,0.20064102113246918,0.6247504949569702,0.24944989383220673
YOL059W,YML061C,0,3.8593946,0.20057673752307892,0.6247504949569702,0.24954991042613983
YKL183W,YOR061W,0,3.8591018,0.20051249861717224,0.6247504949569702,0.24964992702007294
YBL093C,YDR384C,0,3.859045,0.20044828951358795,0.6247504949569702,0.24974994361400604
YFR027W,YMR025W,0,3.8586817,0.20038412511348724,0.6247504949569702,0.24984997510910034
YGR262C,YOL002C,0,3.8586702,0.20032000541687012,0.6247504949569702,0.24994999170303345
YBR030W,YNR044W,0,3.8578115,0.20025591552257538,0.6247504949569702,0.25005000829696655
YKL006C-A,YHR039C-A,1,3.8568625,0.20051167905330658,0.6257485151290894,0.25005000829696655
YKL132C,YCR010C,0,3.8566637,0.20044757425785065,0.6257485151290894,0.25015002489089966
YMR091C,YOL132W,0,3.8562713,0.2003835141658783,0.6257485151290894,0.25025004148483276
YER056C,YOR216C,0,3.855639,0.20031948387622833,0.6257485151290894,0.25035005807876587
YLL043W,YPR194C,0,3.8554091,0.20025551319122314,0.6257485151290894,0.25045010447502136
YPL262W,YDR328C,0,3.8551712,0.20019157230854034,0.6257485151290894,0.25055012106895447
YDR228C,YBR109C,0,3.8543792,0.20012767612934113,0.6257485151290894,0.2506501376628876
YJL080C,YHR099W,0,3.853948,0.2000638097524643,0.6257485151290894,0.2507501542568207
YOR103C,YOR026W,0,3.8534687,0.20000000298023224,0.6257485151290894,0.2508501708507538
YBR289W,YBR020W,0,3.8526158,0.19993622601032257,0.6257485151290894,0.2509501874446869
YJR058C,YGL229C,0,3.851573,0.19987249374389648,0.6257485151290894,0.25105020403862
YOR063W,YDL137W,0,3.8508835,0.19980879127979279,0.6257485151290894,0.2511502206325531
YDR411C,YHR206W,0,3.8494902,0.19974514842033386,0.6257485151290894,0.2512502372264862
YEL029C,YGR078C,0,3.8485227,0.19968153536319733,0.6257485151290894,0.2513502836227417
YCL031C,YOR101W,0,3.8473685,0.19961795210838318,0.6257485151290894,0.2514503002166748
YKL058W,YKL144C,0,3.847011,0.1995544284582138,0.6257485151290894,0.2515503168106079
YBR146W,YGR083C,0,3.846951,0.19949093461036682,0.6257485151290894,0.251650333404541
YBR115C,YOR096W,0,3.8461545,0.19942748546600342,0.6257485151290894,0.2517503499984741
YDR044W,YIL019W,0,3.8448818,0.1993640661239624,0.6257485151290894,0.2518503665924072
YKL145W,YGR024C,0,3.8444886,0.19930070638656616,0.6257485151290894,0.25195038318634033
YLR323C,YGR036C,0,3.8439364,0.19923736155033112,0.6257485151290894,0.25205039978027344
YBR030W,YMR123W,0,3.8438478,0.19917407631874084,0.6257485151290894,0.25215041637420654
YDR151C,YPR080W,0,3.8435037,0.19911083579063416,0.6257485151290894,0.25225046277046204
YDR156W,YGR271C-A,1,3.8428679,0.19936507940292358,0.6267465353012085,0.25225046277046204
YMR306W,YIR012W,0,3.8427324,0.1993018090724945,0.6267465353012085,0.25235047936439514
YEL032W,YBR082C,0,3.8421578,0.199238583445549,0.6267465353012085,0.25245049595832825
YHR099W,YIL035C,1,3.8419075,0.19949254393577576,0.6277444958686829,0.25245049595832825
YPR037C,YGL236C,0,3.8409183,0.19942930340766907,0.6277444958686829,0.25255051255226135
YGL173C,YDL040C,0,3.8397913,0.19936609268188477,0.6277444958686829,0.25265052914619446
YDR381W,YLR244C,0,3.8395655,0.19930291175842285,0.6277444958686829,0.25275054574012756
YFL029C,YCL059C,0,3.8390217,0.1992397904396057,0.6277444958686829,0.25285056233406067
YDL240W,YKR036C,0,3.8389063,0.19917669892311096,0.6277444958686829,0.2529505789279938
YPR186C,YOR158W,0,3.838807,0.1991136372089386,0.6277444958686829,0.2530505955219269
YPL221W,YPR186C,0,3.8381758,0.199050635099411,0.6277444958686829,0.2531506419181824
YGR185C,YHR142W,0,3.83719,0.1989876627922058,0.6277444958686829,0.2532506585121155
YDL154W,YOR369C,0,3.8369088,0.1989247351884842,0.6277444958686829,0.2533506751060486
YOR119C,YDR421W,0,3.836557,0.19886183738708496,0.6277444958686829,0.2534506916999817
YBL039C,YNR044W,0,3.8354485,0.1987989842891693,0.6277444958686829,0.2535507082939148
YDR472W,YEL016C,0,3.8352575,0.19873617589473724,0.6277444958686829,0.2536507248878479
YPL090C,YDR341C,0,3.8343866,0.19867341220378876,0.6277444958686829,0.253750741481781
YPL248C,YLR009W,0,3.8340664,0.19861067831516266,0.6277444958686829,0.2538507580757141
YJL006C,YCR073C,1,3.8329444,0.19886364042758942,0.628742516040802,0.2538507580757141
YMR006C,YPL018W,0,3.8328192,0.19880087673664093,0.628742516040802,0.2539508044719696
YNL283C,YDR371W,0,3.8323004,0.19873817265033722,0.628742516040802,0.2540508210659027
YMR043W,YKR027W,0,3.8318918,0.1986754983663559,0.628742516040802,0.2541508376598358
YHR190W,YDR103W,0,3.8302412,0.19861286878585815,0.628742516040802,0.2542508542537689
YEL029C,YLR207W,0,3.8295128,0.1985502690076828,0.628742516040802,0.254350870847702
YMR127C,YPL194W,0,3.8292193,0.19848771393299103,0.628742516040802,0.25445088744163513
YEL001C,YML052W,0,3.8291855,0.19842520356178284,0.628742516040802,0.25455090403556824
YPL101W,YOR369C,0,3.828401,0.19836272299289703,0.628742516040802,0.25465092062950134
YGR046W,YER178W,0,3.828278,0.1983002871274948,0.628742516040802,0.25475093722343445
YPL155C,YOR189W,0,3.8273778,0.19823788106441498,0.628742516040802,0.25485098361968994
YDR313C,YLR247C,0,3.8255484,0.19817551970481873,0.628742516040802,0.25495100021362305
YNL328C,YMR048W,0,3.825215,0.19811320304870605,0.628742516040802,0.25505101680755615
YJL133W,YGL170C,0,3.8248742,0.19805093109607697,0.628742516040802,0.25515103340148926
YGR061C,YOR212W,0,3.824265,0.19798868894577026,0.628742516040802,0.25525104999542236
YOR039W,YEL016C,1,3.8235707,0.19824065268039703,0.6297405362129211,0.25525104999542236
YMR077C,YKL168C,0,3.8233714,0.19817839562892914,0.6297405362129211,0.25535106658935547
YML100W,YNL098C,0,3.8233628,0.19811616837978363,0.6297405362129211,0.2554510831832886
YCR060W,YPL065W,0,3.8226252,0.1980539858341217,0.6297405362129211,0.2555510997772217
YNL268W,YMR203W,0,3.8223734,0.19799184799194336,0.6297405362129211,0.2556511163711548
YPL194W,YML102W,0,3.8221684,0.1979297399520874,0.6297405362129211,0.2557511627674103
YMR036C,YBR180W,0,3.8215103,0.19786767661571503,0.6297405362129211,0.2558511793613434
YGR271C-A,YGL019W,1,3.8212643,0.1981191188097,0.6307384967803955,0.2558511793613434
YOL145C,YDR254W,0,3.8208508,0.19805704057216644,0.6307384967803955,0.2559511959552765
YJR153W,YKR057W,0,3.820705,0.19799499213695526,0.6307384967803955,0.2560512125492096
YLR074C,YLL004W,0,3.82058,0.19793297350406647,0.6307384967803955,0.2561512291431427
YDR324C,YDL140C,1,3.8200593,0.1981840878725052,0.6317365169525146,0.2561512291431427
YJL109C,YHR039C-A,1,3.8190093,0.19843505322933197,0.6327345371246338,0.2561512291431427
YBR097W,YPL195W,0,3.818912,0.1983729600906372,0.6327345371246338,0.2562512457370758
YBR028C,YCR004C,0,3.8183486,0.19831091165542603,0.6327345371246338,0.2563512623310089
YEL064C,YCR020C,0,3.8178222,0.19824890792369843,0.6327345371246338,0.256451278924942
YNR017W,YJR133W,0,3.8170063,0.1981869339942932,0.6327345371246338,0.2565512955188751
YFL014W,YER017C,0,3.8167877,0.19812500476837158,0.6327345371246338,0.2566513419151306
YGL004C,YBR223C,0,3.815691,0.19806310534477234,0.6327345371246338,0.2567513585090637
YDL055C,YKL085W,0,3.8151307,0.19800125062465668,0.6327345371246338,0.2568513751029968
YMR270C,YNL056W,1,3.8147995,0.1982516348361969,0.6337325572967529,0.2568513751029968
YDR399W,YER028C,0,3.8146105,0.19818976521492004,0.6337325572967529,0.25695139169692993
YPR017C,YDR324C,1,3.8141506,0.19843994081020355,0.6347305178642273,0.25695139169692993
YHR106W,YJL072C,0,3.8139565,0.1983780413866043,0.6347305178642273,0.25705140829086304
YLL017W,YPR196W,0,3.8135948,0.19831618666648865,0.6347305178642273,0.25715142488479614
YNL051W,YPR194C,0,3.8134458,0.19825436174869537,0.6347305178642273,0.25725144147872925
YHR020W,YKR069W,0,3.8133686,0.19819258153438568,0.6347305178642273,0.25735145807266235
YGR004W,YKR044W,0,3.8121796,0.19813084602355957,0.6347305178642273,0.25745150446891785
YEL029C,YDL198C,0,3.811779,0.19806914031505585,0.6347305178642273,0.25755152106285095
YOR340C,YGR272C,1,3.8115532,0.19831880927085876,0.6357285380363464,0.25755152106285095
YDR422C,YBL025W,0,3.8107572,0.19825707376003265,0.6357285380363464,0.25765153765678406
YGR085C,YGR082W,0,3.8105264,0.19819539785385132,0.6357285380363464,0.25775155425071716
YDR536W,YNL061W,0,3.8099184,0.19813375174999237,0.6357285380363464,0.25785157084465027
YOR081C,YDL082W,0,3.8096638,0.1980721354484558,0.6357285380363464,0.2579515874385834
YGL105W,YLR115W,0,3.8087695,0.19801056385040283,0.6357285380363464,0.2580516040325165
YLR316C,YPL061W,0,3.8084216,0.19794903695583344,0.6357285380363464,0.2581516206264496
YKL096W-A,YLR213C,0,3.808337,0.19788753986358643,0.6357285380363464,0.2582516372203827
YML109W,YPR095C,0,3.8081875,0.197826087474823,0.6357285380363464,0.2583516836166382
YOR148C,YMR194W,0,3.8078494,0.19776466488838196,0.6357285380363464,0.2584517002105713
YAL024C,YPR068C,0,3.8063931,0.1977032870054245,0.6357285380363464,0.2585517168045044
YEL058W,YOL003C,0,3.8059251,0.19764195382595062,0.6357285380363464,0.2586517333984375
YNR031C,YOR217W,0,3.805728,0.19758065044879913,0.6357285380363464,0.2587517499923706
YMR016C,YPR068C,0,3.8056767,0.19751937687397003,0.6357285380363464,0.2588517665863037
YPL115C,YKR036C,0,3.8054464,0.1974581480026245,0.6357285380363464,0.2589517831802368
YOR207C,YJL090C,0,3.8054152,0.19739696383476257,0.6357285380363464,0.2590517997741699
YER098W,YKR097W,0,3.8044078,0.19733580946922302,0.6357285380363464,0.259151816368103
YIL002C,YDR523C,0,3.803565,0.19727469980716705,0.6357285380363464,0.2592518627643585
YLL013C,YFR034C,0,3.8031719,0.19721361994743347,0.6357285380363464,0.2593518793582916
YOR103C,YBL052C,0,3.8026946,0.19715258479118347,0.6357285380363464,0.25945189595222473
YOL124C,YJL164C,0,3.8026204,0.19709157943725586,0.6357285380363464,0.25955191254615784
YLR016C,YER125W,0,3.8018095,0.19703061878681183,0.6357285380363464,0.25965192914009094
YBL006C,YJL109C,1,3.8017912,0.1972789168357849,0.6367265582084656,0.25965192914009094
YFL038C,YPL214C,0,3.8016863,0.1972179263830185,0.6367265582084656,0.25975194573402405
YDL070W,YIR031C,0,3.8014917,0.19715698063373566,0.6367265582084656,0.25985196232795715
YDR109C,YER056C,0,3.8013277,0.1970960795879364,0.6367265582084656,0.25995197892189026
YNL112W,YOR087W,0,3.7996862,0.19703520834445953,0.6367265582084656,0.26005199551582336
YPR194C,YLR086W,0,3.799006,0.19697438180446625,0.6367265582084656,0.26015204191207886
YHL017W,YLR371W,0,3.7974894,0.19691358506679535,0.6367265582084656,0.26025205850601196
YER060W-A,YPL110C,0,3.7973351,0.19685281813144684,0.6367265582084656,0.26035207509994507
YEL032W,YPL258C,0,3.7968938,0.1967921108007431,0.6367265582084656,0.2604520916938782
YFR030W,YOL082W,0,3.7962863,0.19673141837120056,0.6367265582084656,0.2605521082878113
YDR507C,YBL058W,0,3.7960825,0.1966707706451416,0.6367265582084656,0.2606521248817444
YBR107C,YGR276C,0,3.794824,0.19661016762256622,0.6367265582084656,0.2607521414756775
YKL185W,YMR009W,0,3.7944455,0.19654959440231323,0.6367265582084656,0.2608521580696106
YDR041W,YDR236C,0,3.7939801,0.19648906588554382,0.6367265582084656,0.2609522044658661
YJR067C,YNL330C,1,3.793007,0.19673645496368408,0.6377245783805847,0.2609522044658661
YKL109W,YOL104C,0,3.7927396,0.19667589664459229,0.6377245783805847,0.2610522210597992
YJL103C,YER093C,0,3.792469,0.19661538302898407,0.6377245783805847,0.2611522376537323
YJL089W,YDL204W,0,3.792089,0.19655489921569824,0.6377245783805847,0.2612522542476654
YML113W,YNL281W,0,3.791699,0.196494460105896,0.6377245783805847,0.2613522708415985
YDR356W,YHR133C,0,3.791536,0.19643406569957733,0.6377245783805847,0.2614522874355316
YPR133C,YIL148W,0,3.791047,0.19637370109558105,0.6377245783805847,0.2615523040294647
YJR053W,YOL080C,0,3.790254,0.19631336629390717,0.6377245783805847,0.2616523206233978
YNL213C,YPL183C,0,3.7901478,0.19625307619571686,0.6377245783805847,0.26175233721733093
YBR033W,YBL057C,0,3.7895525,0.19619281589984894,0.6377245783805847,0.2618523836135864
YKR096W,YKL217W,0,3.7895174,0.1961326003074646,0.6377245783805847,0.26195240020751953
YHR056C,YIL068C,0,3.7888904,0.19607241451740265,0.6377245783805847,0.26205241680145264
YDR233C,YDR179C,0,3.7885442,0.19601227343082428,0.6377245783805847,0.26215243339538574
YIL002C,YBR094W,0,3.7876098,0.1959521621465683,0.6377245783805847,0.26225244998931885
YJL053W,YNR010W,0,3.7875519,0.1958920955657959,0.6377245783805847,0.26235246658325195
YLR061W,YNL292W,0,3.787296,0.1958320587873459,0.6377245783805847,0.26245248317718506
YOL093W,YMR210W,0,3.786756,0.19577205181121826,0.6377245783805847,0.26255249977111816
YHR209W,YML102W,0,3.785407,0.1957121044397354,0.6377245783805847,0.26265251636505127
YDR356W,YBL098W,0,3.7851937,0.19565217196941376,0.6377245783805847,0.26275256276130676
YOR209C,YKL078W,0,3.7851846,0.19559228420257568,0.6377245783805847,0.26285257935523987
YJL121C,YPR132W,0,3.7850485,0.1955324411392212,0.6377245783805847,0.262952595949173
YCR014C,YAR042W,0,3.7849667,0.1954726278781891,0.6377245783805847,0.2630526125431061
YFL025C,YKR093W,0,3.7849107,0.19541284441947937,0.6377245783805847,0.2631526291370392
YDL200C,YNL096C,0,3.7845669,0.19535310566425323,0.6377245783805847,0.2632526457309723
YGR135W,YKL130C,0,3.78435,0.1952933967113495,0.6377245783805847,0.2633526623249054
YDL075W,YOR084W,0,3.784036,0.19523373246192932,0.6377245783805847,0.2634526789188385
YGL063W,YKR007W,1,3.7816873,0.19547954201698303,0.6387225389480591,0.2634526789188385
YIL093C,YCR106W,0,3.7815611,0.19541984796524048,0.6387225389480591,0.263552725315094
YJR134C,YDR422C,0,3.7808409,0.1953601986169815,0.6387225389480591,0.2636527419090271
YJL011C,YOR049C,0,3.7807698,0.19530057907104492,0.6387225389480591,0.2637527585029602
YMR042W,YPL050C,0,3.780565,0.19524100422859192,0.6387225389480591,0.2638527750968933
YIL072W,YIL034C,0,3.7804012,0.1951814591884613,0.6387225389480591,0.2639527916908264
YDR156W,YNL191W,1,3.7802439,0.1954268366098404,0.6397205591201782,0.2639527916908264
YJR076C,YDR422C,0,3.7798471,0.1953672617673874,0.6397205591201782,0.2640528082847595
YKR100C,YLR187W,0,3.7794547,0.19530774652957916,0.6397205591201782,0.2641528248786926
YBR072W,YGL005C,0,3.7793603,0.19524824619293213,0.6397205591201782,0.26425284147262573
YER081W,YDR298C,0,3.7793183,0.19518879055976868,0.6397205591201782,0.26435285806655884
YDR402C,YIL113W,0,3.7783248,0.1951293796300888,0.6397205591201782,0.26445290446281433
YFL047W,YNR072W,0,3.7778897,0.19506999850273132,0.6397205591201782,0.26455292105674744
YHR074W,YCR077C,0,3.777839,0.19501064717769623,0.6397205591201782,0.26465293765068054
YLR172C,YKR036C,0,3.7768092,0.19495134055614471,0.6397205591201782,0.26475295424461365
YPL258C,YGL236C,0,3.7764797,0.1948920637369156,0.6397205591201782,0.26485297083854675
YPR166C,YDR245W,0,3.7736444,0.19483283162117004,0.6397205591201782,0.26495298743247986
YDL003W,YOR168W,0,3.7733479,0.1947736293077469,0.6397205591201782,0.26505300402641296
YOL003C,YJL165C,0,3.7732453,0.19471445679664612,0.6397205591201782,0.26515302062034607
YOL040C,YOR079C,0,3.7729247,0.19465532898902893,0.6397205591201782,0.2652530372142792
YKL045W,YMR070W,0,3.7728977,0.19459623098373413,0.6397205591201782,0.26535308361053467
YGR077C,YIL075C,0,3.7723737,0.1945371776819229,0.6397205591201782,0.2654531002044678
YDR324C,YGR128C,1,3.7720299,0.19478155672550201,0.6407185792922974,0.2654531002044678
YLL002W,YCR096C,0,3.7719483,0.1947224736213684,0.6407185792922974,0.2655531167984009
YDL123W,YDL136W,0,3.7719326,0.19466343522071838,0.6407185792922974,0.265653133392334
YJL069C,YCL024W,0,3.7710485,0.19460442662239075,0.6407185792922974,0.2657531499862671
YBL047C,YNR041C,0,3.7706676,0.1945454478263855,0.6407185792922974,0.2658531665802002
YHR013C,YDR064W,0,3.770424,0.19448651373386383,0.6407185792922974,0.2659531831741333
YIL047C,YDL138W,0,3.7703495,0.19442762434482574,0.6407185792922974,0.2660531997680664
YER150W,YER040W,0,3.7695858,0.19436874985694885,0.6407185792922974,0.2661532163619995
YHR196W,YCR073C,1,3.7682567,0.19461259245872498,0.6417165398597717,0.2661532163619995
YMR005W,YPL123C,0,3.7680879,0.1945537030696869,0.6417165398597717,0.266253262758255
YPR083W,YEL062W,0,3.76798,0.19449485838413239,0.6417165398597717,0.2663532793521881
YMR220W,YPR118W,0,3.7678885,0.19443604350090027,0.6417165398597717,0.2664532959461212
YDR137W,YGR134W,0,3.767449,0.19437727332115173,0.6417165398597717,0.2665533125400543
YLR209C,YNL073W,0,3.7671618,0.1943185180425644,0.6417165398597717,0.2666533291339874
YOR065W,YGR295C,0,3.7663727,0.19425982236862183,0.6417165398597717,0.26675334572792053
YCL048W,YBR009C,0,3.7661529,0.19420114159584045,0.6417165398597717,0.26685336232185364
YCR086W,YML104C,0,3.7658322,0.19414250552654266,0.6417165398597717,0.26695337891578674
YLR019W,YMR100W,0,3.7651324,0.19408391416072845,0.6417165398597717,0.26705342531204224
YBR030W,YLR427W,0,3.76506,0.19402535259723663,0.6417165398597717,0.26715344190597534
YJR153W,YEL031W,0,3.7646976,0.1939668208360672,0.6417165398597717,0.26725345849990845
YIL043C,YKL006W,0,3.7629824,0.19390831887722015,0.6417165398597717,0.26735347509384155
YEL018W,YGL064C,0,3.762915,0.1938498616218567,0.6417165398597717,0.26745349168777466
YDL113C,YJR036C,0,3.7621655,0.1937914341688156,0.6417165398597717,0.26755350828170776
YPR137W,YIL094C,0,3.7620814,0.19373305141925812,0.6417165398597717,0.26765352487564087
YEL012W,YPL160W,0,3.7618623,0.193674698472023,0.6417165398597717,0.267753541469574
YGR218W,YIL019W,0,3.7604876,0.1936163753271103,0.6417165398597717,0.2678535580635071
YCL034W,YDR240C,0,3.7599723,0.19355809688568115,0.6417165398597717,0.2679536044597626
YJR145C,YNL223W,0,3.758562,0.1934998482465744,0.6417165398597717,0.2680536210536957
YGL126W,YDR103W,0,3.7574096,0.19344162940979004,0.6417165398597717,0.2681536376476288
YLR106C,YDR233C,0,3.75736,0.19338345527648926,0.6417165398597717,0.2682536542415619
YMR307W,YOL052C,0,3.7571988,0.19332531094551086,0.6417165398597717,0.268353670835495
YDR437W,YGL126W,0,3.7571373,0.19326721131801605,0.6417165398597717,0.2684536874294281
YMR093W,YDR330W,0,3.756201,0.19320914149284363,0.6417165398597717,0.2685537040233612
YJL083W,YLL040C,0,3.755787,0.1931511014699936,0.6417165398597717,0.2686537206172943
YDR524C,YOR351C,0,3.755784,0.19309309124946594,0.6417165398597717,0.2687537372112274
YBR155W,YPR005C,0,3.7549467,0.19303512573242188,0.6417165398597717,0.2688537836074829
YPL200W,YKL034W,0,3.7527232,0.1929771900177002,0.6417165398597717,0.268953800201416
YGL210W,YMR043W,0,3.751603,0.1929192990064621,0.6417165398597717,0.2690538167953491
YGR221C,YPL133C,0,3.7513223,0.1928614228963852,0.6417165398597717,0.2691538333892822
YBR048W,YHL011C,0,3.7496147,0.19280359148979187,0.6417165398597717,0.26925384998321533
YDR324C,YML112W,1,3.7493653,0.19304555654525757,0.6427145600318909,0.26925384998321533
YOR258W,YGL098W,0,3.749308,0.19298771023750305,0.6427145600318909,0.26935386657714844
YPR095C,YBR021W,1,3.7489333,0.19322948157787323,0.64371258020401,0.26935386657714844
YLR312W-A,YNL001W,0,3.747332,0.19317160546779633,0.64371258020401,0.26945388317108154
YIL038C,YKL033W,0,3.7468188,0.193113774061203,0.64371258020401,0.26955389976501465
YPR110C,YDR174W,1,3.7454772,0.1933552771806717,0.6447106003761292,0.26955389976501465
YGR285C,YNL101W,0,3.745348,0.19329743087291718,0.6447106003761292,0.26965391635894775
YLR167W,YEL001C,0,3.7449815,0.19323959946632385,0.6447106003761292,0.26975396275520325
YBR015C,YLR106C,0,3.7448184,0.1931818127632141,0.6447106003761292,0.26985397934913635
YOR004W,YLR324W,0,3.7447672,0.19312407076358795,0.6447106003761292,0.26995399594306946
YPL033C,YDR492W,0,3.7444751,0.19306634366512299,0.6447106003761292,0.27005401253700256
YPR068C,YML051W,0,3.7444062,0.1930086612701416,0.6447106003761292,0.27015402913093567
YNL113W,YPL144W,1,3.7443762,0.19324970245361328,0.6457085609436035,0.27015402913093567
YDR033W,YNL070W,0,3.743916,0.1931919902563095,0.6457085609436035,0.2702540457248688
YER056C-A,YOR348C,0,3.741907,0.19313432276248932,0.6457085609436035,0.2703540623188019
YPR110C,YDR324C,1,3.741345,0.1933751106262207,0.6467065811157227,0.2703540623188019
YKR052C,YEL059C-A,0,3.7406476,0.19331742823123932,0.6467065811157227,0.270454078912735
YER033C,YNL016W,0,3.7406096,0.19325976073741913,0.6467065811157227,0.2705541253089905
YOR335C,YDR118W,0,3.7404501,0.1932021528482437,0.6467065811157227,0.2706541419029236
YDR059C,YER027C,0,3.74005,0.1931445598602295,0.6467065811157227,0.2707541584968567
YGL173C,YKL173W,0,3.7392814,0.19308701157569885,0.6467065811157227,0.2708541750907898
YIL115C,YBR213W,0,3.7383714,0.1930294930934906,0.6467065811157227,0.2709541916847229
YDL033C,YKL032C,0,3.7362814,0.19297200441360474,0.6467065811157227,0.271054208278656
YGR006W,YIL148W,0,3.7357082,0.19291456043720245,0.6467065811157227,0.2711542248725891
YKL013C,YPL240C,0,3.7357051,0.19285714626312256,0.6467065811157227,0.2712542414665222
YPL106C,YDR399W,0,3.7348702,0.19279976189136505,0.6467065811157227,0.2713542580604553
YDR402C,YBR153W,0,3.7344115,0.19274242222309113,0.6467065811157227,0.2714543044567108
YCR037C,YPR199C,0,3.7343774,0.1926850974559784,0.6467065811157227,0.2715543210506439
YDL184C,YNL117W,0,3.7342744,0.19262781739234924,0.6467065811157227,0.271654337644577
YDR304C,YNL322C,0,3.733852,0.19257058203220367,0.6467065811157227,0.27175435423851013
YAL023C,YPL129W,0,3.7338498,0.1925133615732193,0.6467065811157227,0.27185437083244324
YDR174W,YMR070W,1,3.7335289,0.19275319576263428,0.6477046012878418,0.27185437083244324
YOR340C,YFL034C-A,1,3.7334337,0.19299288094043732,0.6487026214599609,0.27185437083244324
YDL059C,YLR293C,0,3.7331975,0.19293558597564697,0.6487026214599609,0.27195438742637634
YBR033W,YOR227W,0,3.732278,0.1928783357143402,0.6487026214599609,0.27205440402030945
YBL064C,YLL040C,0,3.7320454,0.19282111525535583,0.6487026214599609,0.27215442061424255
YNL330C,YJL025W,1,3.7309234,0.193060502409935,0.6497005820274353,0.27215442061424255
YPL060W,YGR030C,0,3.7305775,0.19300326704978943,0.6497005820274353,0.27225443720817566
YPL078C,YNL242W,0,3.7304263,0.19294606149196625,0.6497005820274353,0.27235448360443115
YOL076W,YJR147W,0,3.7296956,0.19288888573646545,0.6497005820274353,0.27245450019836426
YOL102C,YGR083C,0,3.729256,0.19283175468444824,0.6497005820274353,0.27255451679229736
YAL019W,YPR184W,0,3.728976,0.19277465343475342,0.6497005820274353,0.27265453338623047
YHL031C,YDL046W,0,3.7286458,0.19271758198738098,0.6497005820274353,0.2727545499801636
YNL314W,YDR345C,0,3.7280273,0.19266055524349213,0.6497005820274353,0.2728545665740967
YLR181C,YNL188W,0,3.7272277,0.19260354340076447,0.6497005820274353,0.2729545831680298
YKR055W,YKL179C,0,3.7254133,0.19254659116268158,0.6497005820274353,0.2730545997619629
YOR232W,YHR012W,0,3.7252483,0.1924896538257599,0.6497005820274353,0.273154616355896
YDL007W,YPL115C,0,3.7248383,0.19243274629116058,0.6497005820274353,0.2732546627521515
YBR294W,YER148W,0,3.7245936,0.19237588346004486,0.6497005820274353,0.2733546793460846
YLR026C,YNR074C,0,3.7233386,0.19231905043125153,0.6497005820274353,0.2734546959400177
YOL155C,YNL207W,0,3.7226245,0.19226226210594177,0.6497005820274353,0.2735547125339508
YHL047C,YJL198W,0,3.7221181,0.1922054886817932,0.6497005820274353,0.2736547291278839
YHR061C,YLR028C,0,3.721839,0.19214875996112823,0.6497005820274353,0.273754745721817
YOR337W,YBR213W,0,3.7217371,0.19209206104278564,0.6497005820274353,0.2738547623157501
YDR495C,YNR035C,0,3.7214608,0.19203539192676544,0.6497005820274353,0.2739547789096832
YMR065W,YKR036C,0,3.720927,0.19197876751422882,0.6497005820274353,0.2740548253059387
YGR034W,YGR116W,0,3.720073,0.1919221729040146,0.6497005820274353,0.2741548418998718
YOL065C,YMR087W,0,3.7199063,0.19186560809612274,0.6497005820274353,0.27425485849380493
YOR315W,YPR152C,0,3.7191567,0.19180907309055328,0.6497005820274353,0.27435487508773804
YOR243C,YGR191W,0,3.7171052,0.1917525827884674,0.6497005820274353,0.27445489168167114
YGL205W,YJR110W,0,3.7157555,0.19169610738754272,0.6497005820274353,0.27455490827560425
YER139C,YMR136W,0,3.7154036,0.19163967669010162,0.6497005820274353,0.27465492486953735
YNL012W,YJR013W,0,3.7153795,0.1915832906961441,0.6497005820274353,0.27475494146347046
YIL083C,YOR355W,0,3.7153344,0.19152691960334778,0.6497005820274353,0.27485495805740356
YNR074C,YAL008W,0,3.714672,0.19147059321403503,0.6497005820274353,0.27495500445365906
YJR068W,YDL130W-A,0,3.714252,0.19141429662704468,0.6497005820274353,0.27505502104759216
YNR070W,YDR434W,0,3.7138374,0.1913580298423767,0.6497005820274353,0.27515503764152527
YER155C,YMR257C,0,3.7133842,0.19130179286003113,0.6497005820274353,0.2752550542354584
YBL021C,YPL144W,1,3.712645,0.19153936207294464,0.6506986021995544,0.2752550542354584
YML121W,YNL191W,1,3.7114017,0.1917767971754074,0.6516966223716736,0.2752550542354584
YBR291C,YGL243W,0,3.711382,0.19172050058841705,0.6516966223716736,0.2753550708293915
YDL015C,YKR061W,0,3.7107499,0.1916642189025879,0.6516966223716736,0.2754550874233246
YGL061C,YNL079C,0,3.7104836,0.1916079819202423,0.6516966223716736,0.2755551040172577
YAL034W-A,YCR098C,0,3.7103715,0.19155177474021912,0.6516966223716736,0.2756551206111908
YGR252W,YDL105W,0,3.708661,0.1914955973625183,0.6516966223716736,0.2757551372051239
YGL171W,YOR044W,0,3.7080338,0.1914394646883011,0.6516966223716736,0.2758551836013794
YPL218W,YJL058C,0,3.707854,0.19138334691524506,0.6516966223716736,0.2759552001953125
YMR125W,YPR097W,0,3.7074816,0.1913272738456726,0.6516966223716736,0.2760552167892456
YAL023C,YLR425W,0,3.7073064,0.19127123057842255,0.6516966223716736,0.2761552333831787
YBR243C,YOL018C,0,3.706903,0.19121523201465607,0.6516966223716736,0.2762552499771118
YDR395W,YBR173C,0,3.7068605,0.19115924835205078,0.6516966223716736,0.2763552665710449
YER155C,YHR167W,0,3.7067282,0.19110330939292908,0.6516966223716736,0.276455283164978
YOL127W,YNL185C,0,3.7065566,0.19104740023612976,0.6516966223716736,0.27655529975891113
YPL213W,YBR260C,0,3.7061276,0.19099152088165283,0.6516966223716736,0.27665531635284424
YIR009W,YNL221C,0,3.7058342,0.1909356713294983,0.6516966223716736,0.27675536274909973
YMR281W,YMR303C,0,3.705686,0.19087986648082733,0.6516966223716736,0.27685537934303284
YMR205C,YDR082W,0,3.7042487,0.19082407653331757,0.6516966223716736,0.27695539593696594
YOR159C,YLL029W,0,3.7042046,0.19076833128929138,0.6516966223716736,0.27705541253089905
YDL140C,YHR196W,1,3.7041602,0.191004678606987,0.652694582939148,0.27705541253089905
YGL031C,YFL061W,0,3.7036371,0.19094890356063843,0.652694582939148,0.27715542912483215
YBL088C,YLR107W,0,3.7034297,0.19089317321777344,0.652694582939148,0.27725544571876526
YHR069C,YLR176C,0,3.7032504,0.19083747267723083,0.652694582939148,0.27735546231269836
YOL042W,YDR320C,0,3.7031114,0.19078180193901062,0.652694582939148,0.27745547890663147
YDR273W,YML067C,0,3.703031,0.1907261610031128,0.652694582939148,0.27755552530288696
YGR225W,YLR373C,0,3.7025533,0.19067054986953735,0.652694582939148,0.27765554189682007
YHR013C,YJR041C,0,3.7025065,0.1906149834394455,0.652694582939148,0.2777555584907532
YCR014C,YMR256C,0,3.7021403,0.19055944681167603,0.652694582939148,0.2778555750846863
YPR119W,YBL051C,0,3.7009616,0.19050392508506775,0.652694582939148,0.2779555916786194
YPL173W,YGR178C,0,3.700573,0.19044846296310425,0.652694582939148,0.2780556082725525
YJL179W,YDR434W,0,3.6999369,0.19039301574230194,0.652694582939148,0.2781556248664856
YPL043W,YDR419W,0,3.699716,0.19033759832382202,0.652694582939148,0.2782556414604187
YIL008W,YNL079C,0,3.6994238,0.19028222560882568,0.652694582939148,0.2783556580543518
YDL017W,YER155C,0,3.6993427,0.19022688269615173,0.652694582939148,0.2784557044506073
YNL044W,YOL092W,0,3.699238,0.19017155468463898,0.652694582939148,0.2785557210445404
YDR101C,YGL106W,0,3.6984384,0.190116286277771,0.652694582939148,0.2786557376384735
YKL087C,YGR282C,0,3.6977518,0.1900610327720642,0.652694582939148,0.2787557542324066
YOR081C,YJL208C,0,3.6976497,0.1900058090686798,0.652694582939148,0.2788557708263397
YDR096W,YDR443C,0,3.6975167,0.189950630068779,0.652694582939148,0.2789557874202728
YBR150C,YDR096W,0,3.6974082,0.18989546597003937,0.652694582939148,0.27905580401420593
YCR052W,YPR192W,0,3.696838,0.18984034657478333,0.652694582939148,0.27915582060813904
YER046W,YML023C,0,3.6966457,0.18978525698184967,0.652694582939148,0.27925583720207214
YDL083C,YER177W,0,3.6963975,0.1897301971912384,0.652694582939148,0.27935588359832764
YPL167C,YJL200C,0,3.6955109,0.18967516720294952,0.652694582939148,0.27945590019226074
YDR381W,YGL127C,0,3.6954682,0.18962018191814423,0.652694582939148,0.27955591678619385
YLR068W,YJL046W,0,3.695047,0.18956521153450012,0.652694582939148,0.27965593338012695
YDR414C,YNL284C,0,3.6949558,0.1895102858543396,0.652694582939148,0.27975594997406006
YDR381W,YLR220W,0,3.6947875,0.18945538997650146,0.652694582939148,0.27985596656799316
YKL045W,YOR026W,0,3.6946003,0.18940052390098572,0.652694582939148,0.27995598316192627
YJR119C,YJR151C,0,3.693653,0.18934568762779236,0.652694582939148,0.2800559997558594
YJR049C,YNL242W,0,3.6935854,0.1892908811569214,0.652694582939148,0.2801560163497925
YOR340C,YOR061W,1,3.6933255,0.18952547013759613,0.6536926031112671,0.2801560163497925
YHR143W-A,YJR067C,1,3.6915908,0.18975991010665894,0.6546906232833862,0.2801560163497925
YAL054C,YPR178W,0,3.691394,0.189705029129982,0.6546906232833862,0.280256062746048
YOR057W,YDR369C,0,3.6908143,0.18965019285678864,0.6546906232833862,0.2803560793399811
YDR022C,YPR111W,0,3.6902895,0.18959537148475647,0.6546906232833862,0.2804560959339142
YIL009W,YIL014W,0,3.6888053,0.18954059481620789,0.6546906232833862,0.2805561125278473
YLR284C,YOR106W,0,3.6866422,0.1894858479499817,0.6546906232833862,0.2806561291217804
YJR063W,YMR208W,0,3.6862059,0.18943113088607788,0.6546906232833862,0.2807561457157135
YMR142C,YEL056W,0,3.6859565,0.18937644362449646,0.6546906232833862,0.2808561623096466
YLR079W,YNL015W,0,3.685659,0.18932178616523743,0.6546906232833862,0.2809561789035797
YDR471W,YMR131C,0,3.684754,0.18926717340946198,0.6546906232833862,0.2810562252998352
YPL018W,YGR217W,0,3.6843204,0.18921257555484772,0.6546906232833862,0.2811562418937683
YNL310C,YMR303C,0,3.6839433,0.18915802240371704,0.6546906232833862,0.2812562584877014
YER164W,YNL339C,0,3.6836233,0.18910348415374756,0.6546906232833862,0.2813562750816345
YHR099W,YKR057W,0,3.6831913,0.18904899060726166,0.6546906232833862,0.2814562916755676
YKL088W,YBL025W,1,3.6828365,0.18928262591362,0.6556886434555054,0.2814562916755676
YPL221W,YPL018W,0,3.682592,0.1892281174659729,0.6556886434555054,0.28155630826950073
YKL099C,YOR067C,0,3.6821086,0.189173623919487,0.6556886434555054,0.28165632486343384
YDL099W,YPL273W,0,3.6820178,0.18911917507648468,0.6556886434555054,0.28175634145736694
YER137C,YMR042W,1,3.6818247,0.18935251235961914,0.6566866040229797,0.28175634145736694
YDL139C,YDR457W,0,3.6815329,0.18929804861545563,0.6566866040229797,0.28185635805130005
YAL059W,YBL026W,0,3.6814709,0.1892435997724533,0.6566866040229797,0.28195640444755554
YNR013C,YLL018C-A,0,3.681384,0.18918919563293457,0.6566866040229797,0.28205642104148865
YDL140C,YMR042W,1,3.6808949,0.18942224979400635,0.6576846241950989,0.28205642104148865
YGL019W,YER044C-A,0,3.6801019,0.18936781585216522,0.6576846241950989,0.28215643763542175
YOR065W,YKL135C,0,3.6792321,0.18931341171264648,0.6576846241950989,0.28225645422935486
YDR011W,YLL055W,0,3.678512,0.18925905227661133,0.6576846241950989,0.28235647082328796
YJR076C,YKR083C,0,3.6767344,0.18920470774173737,0.6576846241950989,0.28245648741722107
YGL016W,YMR257C,0,3.6755571,0.18915040791034698,0.6576846241950989,0.2825565040111542
YFL034C-A,YIL035C,1,3.674975,0.18938307464122772,0.658682644367218,0.2825565040111542
YDR188W,YMR198W,0,3.6744256,0.18932874500751495,0.658682644367218,0.2826565206050873
YDR500C,YDR376W,0,3.6734219,0.18927444517612457,0.658682644367218,0.2827565371990204
YIL137C,YMR070W,0,3.6727586,0.18922019004821777,0.658682644367218,0.2828565835952759
YOR326W,YBR213W,0,3.6725934,0.18916594982147217,0.658682644367218,0.282956600189209
YGR222W,YGR024C,0,3.6725843,0.18911175429821014,0.658682644367218,0.2830566167831421
YDL117W,YNR008W,0,3.672431,0.18905757367610931,0.658682644367218,0.2831566333770752
YGL004C,YGR124W,0,3.6719322,0.18900343775749207,0.658682644367218,0.2832566499710083
YEL016C,YML077W,1,3.6715205,0.1892356127500534,0.6596806645393372,0.2832566499710083
YCR014C,YEL064C,0,3.670879,0.18918144702911377,0.6596806645393372,0.2833566665649414
YJL011C,YMR097C,0,3.6706772,0.18912732601165771,0.6596806645393372,0.2834566831588745
YNL145W,YLL011W,0,3.6703987,0.18907321989536285,0.6596806645393372,0.2835566997528076
YPL215W,YCL066W,0,3.669816,0.18901915848255157,0.6596806645393372,0.2836567461490631
YKL178C,YKL006C-A,0,3.6691995,0.18896512687206268,0.6596806645393372,0.2837567627429962
YJR158W,YMR239C,0,3.6681657,0.18891111016273499,0.6596806645393372,0.2838567793369293
YHR168W,YKR034W,0,3.6680872,0.18885713815689087,0.6596806645393372,0.2839567959308624
YFR030W,YML115C,0,3.6678886,0.18880319595336914,0.6596806645393372,0.28405681252479553
YKL199C,YGL219C,0,3.6675842,0.1887492835521698,0.6596806645393372,0.28415682911872864
YOL077C,YDR283C,0,3.6663246,0.18869540095329285,0.6596806645393372,0.28425684571266174
YJL029C,YNL153C,0,3.6661878,0.18864154815673828,0.6596806645393372,0.28435686230659485
YPR187W,YKL139W,1,3.6661744,0.1888730376958847,0.6606786251068115,0.28435686230659485
YJL106W,YHR185C,0,3.6653075,0.18881916999816895,0.6606786251068115,0.28445687890052795
YDR512C,YOR070C,0,3.6652074,0.18876533210277557,0.6606786251068115,0.28455692529678345
YPL092W,YPL240C,0,3.6649683,0.1887115091085434,0.6606786251068115,0.28465694189071655
YKR037C,YNR038W,0,3.6649113,0.1886577308177948,0.6606786251068115,0.28475695848464966
YPR163C,YBR045C,0,3.6647944,0.1886039823293686,0.6606786251068115,0.28485697507858276
YBR028C,YMR300C,0,3.6644795,0.18855026364326477,0.6606786251068115,0.28495699167251587
YDR246W,YLR176C,0,3.6641817,0.18849658966064453,0.6606786251068115,0.285057008266449
YDL024C,YOR363C,0,3.6637545,0.18844293057918549,0.6606786251068115,0.2851570248603821
YOR382W,YLR067C,0,3.6624568,0.18838930130004883,0.6606786251068115,0.2852570414543152
YDR389W,YKL024C,0,3.662324,0.18833570182323456,0.6606786251068115,0.2853570580482483
YOL132W,YBL103C,0,3.6618643,0.18828213214874268,0.6606786251068115,0.2854571044445038
YDR023W,YLR259C,0,3.6605263,0.18822860717773438,0.6606786251068115,0.2855571210384369
YMR194W,YOR168W,0,3.6603804,0.18817509710788727,0.6606786251068115,0.28565713763237
YBR114W,YKR058W,0,3.6603503,0.18812163174152374,0.6606786251068115,0.2857571542263031
YBR043C,YGR129W,0,3.659634,0.1880681812763214,0.6606786251068115,0.2858571708202362
YPR035W,YDR438W,0,3.6595802,0.18801477551460266,0.6606786251068115,0.2859571874141693
YOR259C,YOR047C,0,3.6583383,0.1879613846540451,0.6606786251068115,0.2860572040081024
YDR342C,YPR030W,0,3.658011,0.18790803849697113,0.6606786251068115,0.2861572206020355
YDR472W,YER159C,0,3.6579542,0.18785470724105835,0.6606786251068115,0.28625723719596863
YGL170C,YDR499W,0,3.657909,0.18780142068862915,0.6606786251068115,0.2863572835922241
YOR266W,YKL006C-A,0,3.6570687,0.18774816393852234,0.6606786251068115,0.2864573001861572
YBR164C,YOR209C,0,3.6561766,0.18769492208957672,0.6606786251068115,0.28655731678009033
YJL162C,YNL240C,0,3.6551933,0.18764172494411469,0.6606786251068115,0.28665733337402344
YDR054C,YEL020W-A,0,3.6542697,0.18758855760097504,0.6606786251068115,0.28675734996795654
YBL006C,YGL063W,1,3.6542323,0.18781869113445282,0.6616766452789307,0.28675734996795654
YNL001W,YPR100W,0,3.6540036,0.18776550889015198,0.6616766452789307,0.28685736656188965
YBR128C,YKR097W,0,3.65387,0.18771234154701233,0.6616766452789307,0.28695738315582275
YGL240W,YKL134C,0,3.6537807,0.18765921890735626,0.6616766452789307,0.28705739974975586
YLR411W,YMR242C,0,3.6535034,0.1876061111688614,0.6616766452789307,0.28715744614601135
YDR011W,YKL206C,0,3.6523042,0.1875530481338501,0.6616766452789307,0.28725746273994446
YMR319C,YNL048W,0,3.6522958,0.1875,0.6616766452789307,0.28735747933387756
YDR260C,YKL054C,0,3.6520119,0.1874469816684723,0.6616766452789307,0.28745749592781067
YLR450W,YDR473C,0,3.6517787,0.18739400804042816,0.6616766452789307,0.2875575125217438
YLR005W,YNL233W,0,3.6507163,0.18734106421470642,0.6616766452789307,0.2876575291156769
YPR073C,YGR156W,0,3.6503758,0.18728813529014587,0.6616766452789307,0.28775754570961
YGL006W,YNL288W,0,3.6490717,0.1872352510690689,0.6616766452789307,0.2878575623035431
YOR332W,YBR160W,0,3.6488812,0.18718238174915314,0.6616766452789307,0.2879575788974762
YDL107W,YDR529C,0,3.6485624,0.18712955713272095,0.6616766452789307,0.2880576252937317
YIL153W,YBL024W,0,3.647728,0.18707674741744995,0.6616766452789307,0.2881576418876648
YNL267W,YPR138C,0,3.6475244,0.18702398240566254,0.6616766452789307,0.2882576584815979
YOR295W,YMR042W,1,3.6472187,0.18725323677062988,0.6626746654510498,0.2882576584815979
YPL019C,YML018C,0,3.6461809,0.18720045685768127,0.6626746654510498,0.288357675075531
YPL189W,YNL107W,0,3.645671,0.18714769184589386,0.6626746654510498,0.2884576916694641
YLL031C,YLR115W,0,3.6452484,0.18709495663642883,0.6626746654510498,0.2885577082633972
YOL066C,YGL003C,0,3.6448565,0.1870422512292862,0.6626746654510498,0.2886577248573303
YFL026W,YPR132W,0,3.6440983,0.18698957562446594,0.6626746654510498,0.2887577414512634
YNL055C,YBR030W,0,3.6434784,0.18693692982196808,0.6626746654510498,0.28885775804519653
YBR294W,YPR171W,0,3.6427732,0.1868843287229538,0.6626746654510498,0.288957804441452
YDR437W,YNL281W,0,3.6426873,0.1868317425251007,0.6626746654510498,0.28905782103538513
YGL106W,YPR199C,0,3.6410542,0.18677918612957,0.6626746654510498,0.28915783762931824
YPL131W,YPL213W,0,3.6408987,0.1867266595363617,0.6626746654510498,0.28925785422325134
YLR055C,YML041C,0,3.6399696,0.18667416274547577,0.6626746654510498,0.28935787081718445
YOR242C,YDR513W,0,3.6397953,0.18662169575691223,0.6626746654510498,0.28945788741111755
YLR109W,YKL185W,0,3.6382613,0.18656925857067108,0.6626746654510498,0.28955790400505066
YLL019C,YLR197W,0,3.638157,0.18651685118675232,0.6626746654510498,0.28965792059898376
YDR508C,YDR434W,0,3.6371865,0.18646447360515594,0.6626746654510498,0.28975793719291687
YAL043C,YLR244C,0,3.636973,0.18641212582588196,0.6626746654510498,0.28985798358917236
YNL304W,YML085C,0,3.636569,0.18635980784893036,0.6626746654510498,0.28995800018310547
YLR343W,YKL087C,0,3.6360464,0.18630751967430115,0.6626746654510498,0.2900580167770386
YBR254C,YDL039C,0,3.6358004,0.18625526130199432,0.6626746654510498,0.2901580333709717
YBR069C,YMR072W,0,3.6357245,0.1862030327320099,0.6626746654510498,0.2902580499649048
YLR314C,YOR206W,0,3.63559,0.18615083396434784,0.6626746654510498,0.2903580665588379
YOR156C,YKL138C,0,3.6344514,0.18609865009784698,0.6626746654510498,0.290458083152771
YIL052C,YJL155C,0,3.6343458,0.1860465109348297,0.6626746654510498,0.2905580997467041
YLR055C,YLR353W,0,3.6340837,0.18599440157413483,0.6626746654510498,0.2906581461429596
YHR099W,YPL033C,0,3.6339862,0.18594230711460114,0.6626746654510498,0.2907581627368927
YBR160W,YLR435W,0,3.6338818,0.18589025735855103,0.6626746654510498,0.2908581793308258
YBR034C,YER145C,0,3.6330614,0.1858382374048233,0.6626746654510498,0.2909581959247589
YDR536W,YGL139W,0,3.6328273,0.18578623235225677,0.6626746654510498,0.291058212518692
YOR207C,YNL278W,0,3.6327672,0.18573427200317383,0.6626746654510498,0.2911582291126251
YOR273C,YNL026W,0,3.632679,0.18568232655525208,0.6626746654510498,0.2912582457065582
YOL133W,YHR149C,0,3.6321926,0.1856304109096527,0.6626746654510498,0.29135826230049133
YPL011C,YMR308C,0,3.6320803,0.18557853996753693,0.6626746654510498,0.29145827889442444
YDR343C,YAL060W,0,3.6311274,0.18552668392658234,0.6626746654510498,0.29155832529067993
YDL243C,YHR029C,0,3.6311011,0.18547485768795013,0.6626746654510498,0.29165834188461304
YPL001W,YDR179C,0,3.6306903,0.18542306125164032,0.6626746654510498,0.29175835847854614
YPL112C,YHR088W,0,3.6296089,0.1853712946176529,0.6626746654510498,0.29185837507247925
YDR196C,YEL062W,0,3.6290884,0.18531955778598785,0.6626746654510498,0.29195839166641235
YDR483W,YFR047C,0,3.6280494,0.1852678507566452,0.6626746654510498,0.29205840826034546
YKL197C,YDR060W,0,3.6278522,0.18521617352962494,0.6626746654510498,0.29215842485427856
YLR238W,YNL068C,0,3.6266358,0.18516452610492706,0.6626746654510498,0.29225844144821167
YPL129W,YLR289W,0,3.6262026,0.18511290848255157,0.6626746654510498,0.2923584580421448
YFR034C,YNL191W,1,3.62612,0.185340017080307,0.6636726260185242,0.2923584580421448
YHR059W,YBR005W,0,3.6259885,0.18528838455677032,0.6636726260185242,0.29245850443840027
YJL008C,YNL130C,0,3.6256964,0.18523676693439484,0.6636726260185242,0.2925585210323334
YBL030C,YBR086C,0,3.624555,0.18518517911434174,0.6636726260185242,0.2926585376262665
YIL167W,YOR113W,0,3.624238,0.18513363599777222,0.6636726260185242,0.2927585542201996
YOR098C,YOL009C,0,3.6237674,0.1850821077823639,0.6636726260185242,0.2928585708141327
YPL172C,YKL059C,0,3.6237564,0.18503060936927795,0.6636726260185242,0.2929585874080658
YLR386W,YIL109C,0,3.6236513,0.1849791407585144,0.6636726260185242,0.2930586040019989
YJL083W,YEL022W,0,3.6211176,0.18492770195007324,0.6636726260185242,0.293158620595932
YKL183W,YLR176C,0,3.6207495,0.18487629294395447,0.6636726260185242,0.2932586371898651
YCR047C,YDR076W,0,3.618832,0.1848248988389969,0.6636726260185242,0.2933586835861206
YNR061C,YGL105W,0,3.618791,0.1847735494375229,0.6636726260185242,0.2934587001800537
YIL136W,YHR181W,0,3.6185489,0.18472221493721008,0.6636726260185242,0.2935587167739868
YER099C,YOR330C,0,3.6182194,0.18467092514038086,0.6636726260185242,0.2936587333679199
YPR186C,YDR371W,0,3.6181788,0.18461965024471283,0.6636726260185242,0.293758749961853
YDL083C,YKR064W,0,3.6179519,0.18456842005252838,0.6636726260185242,0.29385876655578613
YNL091W,YIL124W,0,3.6179166,0.18451720476150513,0.6636726260185242,0.29395878314971924
YDL083C,YOR216C,0,3.6178055,0.18446601927280426,0.6636726260185242,0.29405879974365234
YKL080W,YHR037W,0,3.617743,0.18441486358642578,0.6636726260185242,0.29415884613990784
YLR234W,YOR037W,0,3.6175096,0.1843637377023697,0.6636726260185242,0.29425886273384094
YLR328W,YPR120C,0,3.616126,0.184312641620636,0.6636726260185242,0.29435887932777405
YGR124W,YOR272W,0,3.615415,0.18426157534122467,0.6636726260185242,0.29445889592170715
YGL144C,YAL056W,0,3.6151533,0.18421052396297455,0.6636726260185242,0.29455891251564026
YDL223C,YPL042C,0,3.614687,0.184159517288208,0.6636726260185242,0.29465892910957336
YLR447C,YHR037W,0,3.6146588,0.18410852551460266,0.6636726260185242,0.29475894570350647
YML076C,YBR006W,0,3.6142359,0.1840575635433197,0.6636726260185242,0.2948589622974396
YPR186C,YPL145C,0,3.6130092,0.18400664627552032,0.6636726260185242,0.2949589788913727
YHR147C,YBR022W,0,3.6120424,0.18395574390888214,0.6636726260185242,0.2950590252876282
YMR150C,YJL179W,0,3.6118608,0.18390487134456635,0.6636726260185242,0.2951590418815613
YMR243C,YNL078W,0,3.6114082,0.18385402858257294,0.6636726260185242,0.2952590584754944
YDL113C,YLR203C,0,3.6113005,0.18380320072174072,0.6636726260185242,0.2953590750694275
YBR282W,YLR105C,0,3.611125,0.1837524175643921,0.6636726260185242,0.2954590916633606
YEL059C-A,YDL195W,0,3.6110497,0.18370166420936584,0.6636726260185242,0.2955591082572937
YOL043C,YBR120C,0,3.6108708,0.1836509257555008,0.6636726260185242,0.2956591248512268
YHR025W,YNL079C,0,3.610478,0.18360021710395813,0.6636726260185242,0.2957591414451599
YKR080W,YIL035C,1,3.610272,0.1838255524635315,0.6646706461906433,0.2957591414451599
YBL078C,YNL160W,0,3.6098132,0.18377482891082764,0.6646706461906433,0.295859158039093
YOL155C,YJL155C,0,3.609813,0.18372413516044617,0.6646706461906433,0.2959592044353485
YOL031C,YHR194W,0,3.6095817,0.18367347121238708,0.6646706461906433,0.2960592210292816
YDR507C,YDR144C,0,3.609211,0.1836228221654892,0.6646706461906433,0.2961592376232147
YFR031C-A,YBR295W,0,3.6084557,0.1835722178220749,0.6646706461906433,0.2962592542171478
YJR066W,YGL243W,1,3.6062207,0.1837971955537796,0.6656686663627625,0.2962592542171478
YLR188W,YBR066C,0,3.606034,0.1837465614080429,0.6656686663627625,0.29635927081108093
YGL104C,YOR317W,0,3.6042275,0.1836959570646286,0.6656686663627625,0.29645928740501404
YNL230C,YPR131C,0,3.6040993,0.1836453676223755,0.6656686663627625,0.29655930399894714
YNL238W,YLR293C,0,3.6034074,0.18359482288360596,0.6656686663627625,0.29665932059288025
YLR247C,YPL183C,0,3.6029234,0.1835443079471588,0.6656686663627625,0.29675933718681335
YPL177C,YLR154C,0,3.6023524,0.18349380791187286,0.6656686663627625,0.29685938358306885
YDR405W,YJL072C,0,3.5997648,0.1834433376789093,0.6656686663627625,0.29695940017700195
YPR190C,YNL119W,0,3.5996137,0.18339291214942932,0.6656686663627625,0.29705941677093506
YNL084C,YDR368W,0,3.5986896,0.18334250152111053,0.6656686663627625,0.29715943336486816
YNL172W,YOR014W,0,3.5974398,0.18329210579395294,0.6656686663627625,0.29725944995880127
YJR063W,YHR072W-A,1,3.5972276,0.1835164874792099,0.6666666865348816,0.29725944995880127
YDR174W,YPR187W,1,3.597189,0.1837407350540161,0.667664647102356,0.29725944995880127
YDL185W,YFL023W,0,3.5971792,0.18369027972221375,0.667664647102356,0.2973594665527344
YCR031C,YJR082C,0,3.5970807,0.18363985419273376,0.667664647102356,0.2974594831466675
YLR134W,YIR031C,0,3.5963225,0.18358945846557617,0.667664647102356,0.2975594997406006
YDR496C,YFR014C,0,3.5960495,0.18353909254074097,0.667664647102356,0.2976595461368561
YGL063W,YPR187W,1,3.5958233,0.1837630271911621,0.6686626672744751,0.2976595461368561
YNL258C,YDL227C,0,3.5955057,0.1837126463651657,0.6686626672744751,0.2977595627307892
YDR410C,YNL039W,0,3.5954866,0.1836622804403305,0.6686626672744751,0.2978595793247223
YBR059C,YOR020C,0,3.5948863,0.1836119443178177,0.6686626672744751,0.2979595959186554
YDR423C,YJL060W,0,3.594623,0.18356163799762726,0.6686626672744751,0.2980596125125885
YLR207W,YJR104C,0,3.594479,0.18351136147975922,0.6686626672744751,0.2981596291065216
YJR109C,YEL036C,0,3.5940113,0.18346111476421356,0.6686626672744751,0.2982596457004547
YDL246C,YGR225W,0,3.5939357,0.1834108978509903,0.6686626672744751,0.2983596622943878
YFR031C-A,YMR059W,0,3.5918317,0.18336069583892822,0.6686626672744751,0.2984596788883209
YCR072C,YKL054C,0,3.5909977,0.18331053853034973,0.6686626672744751,0.2985597252845764
YDL111C,YPL179W,0,3.5906134,0.18326039612293243,0.6686626672744751,0.2986597418785095
YPL051W,YBR162C,0,3.5896637,0.18321028351783752,0.6686626672744751,0.2987597584724426
YLR220W,YDR465C,0,3.5882025,0.183160200715065,0.6686626672744751,0.29885977506637573
YGL104C,YGR024C,0,3.5872746,0.18311013281345367,0.6686626672744751,0.29895979166030884
YOR047C,YBR176W,0,3.5870643,0.18306010961532593,0.6686626672744751,0.29905980825424194
YBR195C,YMR179W,0,3.586615,0.18301010131835938,0.6686626672744751,0.29915982484817505
YKL183W,YOR120W,0,3.5865412,0.1829601377248764,0.6686626672744751,0.29925984144210815
YPR163C,YLL040C,0,3.5862052,0.18291018903255463,0.6686626672744751,0.29935985803604126
YHR142W,YBR054W,0,3.5856924,0.18286025524139404,0.6686626672744751,0.29945990443229675
YOR273C,YLR097C,0,3.5855784,0.18281036615371704,0.6686626672744751,0.29955992102622986
YMR275C,YGR005C,0,3.5849485,0.18276050686836243,0.6686626672744751,0.29965993762016296
YJR052W,YDL039C,0,3.5848966,0.182710662484169,0.6686626672744751,0.29975995421409607
YML071C,YPL163C,0,3.5842648,0.18266084790229797,0.6686626672744751,0.2998599708080292
YOR377W,YMR094W,0,3.582813,0.18261106312274933,0.6686626672744751,0.2999599874019623
YMR146C,YLR385C,0,3.5822477,0.18256130814552307,0.6686626672744751,0.3000600039958954
YMR286W,YHL016C,0,3.5820825,0.1825115829706192,0.6686626672744751,0.3001600205898285
YER127W,YPL210C,0,3.5812826,0.18246187269687653,0.6686626672744751,0.3002600371837616
YDR383C,YKR064W,0,3.5796309,0.18241219222545624,0.6686626672744751,0.3003600835800171
YNL199C,YLR357W,0,3.5794392,0.18236254155635834,0.6686626672744751,0.3004601001739502
YOL064C,YHR139C,0,3.5793586,0.18231292068958282,0.6686626672744751,0.3005601167678833
YOL104C,YDR060W,0,3.5792065,0.1822633296251297,0.6686626672744751,0.3006601333618164
YGR296W,YGR167W,0,3.5789173,0.18221376836299896,0.6686626672744751,0.3007601499557495
YOL124C,YLR083C,0,3.57865,0.18216422200202942,0.6686626672744751,0.3008601665496826
YEL024W,YOL004W,0,3.578617,0.18211470544338226,0.6686626672744751,0.3009601831436157
YHR060W,YOL028C,0,3.578026,0.1820652186870575,0.6686626672744751,0.30106019973754883
YCR092C,YIL155C,0,3.5776405,0.18201576173305511,0.6686626672744751,0.3011602461338043
YEL012W,YHR138C,0,3.5771146,0.18196631968021393,0.6686626672744751,0.3012602627277374
YHR079C,YCR096C,0,3.5768218,0.18191692233085632,0.6686626672744751,0.30136027932167053
YJL025W,YER148W,1,3.576701,0.18213897943496704,0.6696606874465942,0.30136027932167053
YNL055C,YLR451W,0,3.5766912,0.18208955228328705,0.6696606874465942,0.30146029591560364
YDR411C,YLR142W,0,3.5766768,0.18204015493392944,0.6696606874465942,0.30156031250953674
YER148W,YNL191W,1,3.575553,0.18226200342178345,0.6706587076187134,0.30156031250953674
YNL056W,YML077W,1,3.575486,0.1824837327003479,0.6716566681861877,0.30156031250953674
YLL001W,YMR055C,0,3.5754006,0.18243426084518433,0.6716566681861877,0.30166032910346985
YGR262C,YDL067C,0,3.5750463,0.18238481879234314,0.6716566681861877,0.30176034569740295
YKL093W,YDL175C,0,3.5746264,0.18233540654182434,0.6716566681861877,0.30186036229133606
YGL120C,YOR270C,0,3.5734773,0.18228602409362793,0.6716566681861877,0.30196037888526917
YAL029C,YNL180C,0,3.5733967,0.1822366565465927,0.6716566681861877,0.30206042528152466
YFL057C,YFL045C,0,3.5729704,0.18218733370304108,0.6716566681861877,0.30216044187545776
YJL062W,YGR030C,0,3.5724275,0.18213802576065063,0.6716566681861877,0.30226045846939087
YBL091C,YIL109C,0,3.569302,0.18208874762058258,0.6716566681861877,0.302360475063324
YPL085W,YJL148W,1,3.5688465,0.18230998516082764,0.6726546883583069,0.302360475063324
YCL035C,YPL171C,0,3.5685651,0.1822606772184372,0.6726546883583069,0.3024604916572571
YLR090W,YHR215W,0,3.568183,0.18221141397953033,0.6726546883583069,0.3025605082511902
YJR130C,YPL111W,0,3.56814,0.18216216564178467,0.6726546883583069,0.3026605248451233
YOR287C,YLL008W,0,3.5672078,0.1821129471063614,0.6726546883583069,0.3027605414390564
YEL019C,YOL125W,0,3.5671725,0.1820637434720993,0.6726546883583069,0.3028605580329895
YOR266W,YCR046C,0,3.566897,0.1820145845413208,0.6726546883583069,0.302960604429245
YBR297W,YLR097C,0,3.5668736,0.1819654405117035,0.6726546883583069,0.3030606210231781
YHR099W,YJL025W,1,3.566861,0.18218623101711273,0.673652708530426,0.3030606210231781
YPL095C,YDR304C,0,3.5665553,0.18213707208633423,0.673652708530426,0.3031606376171112
YHL035C,YEL070W,0,3.566525,0.1820879429578781,0.673652708530426,0.3032606542110443
YER061C,YDR079W,0,3.5664172,0.1820388287305832,0.673652708530426,0.3033606708049774
YKR069W,YKL078W,0,3.5662642,0.18198975920677185,0.673652708530426,0.3034606873989105
YDR005C,YLR098C,0,3.5662317,0.1819407045841217,0.673652708530426,0.30356070399284363
YLR182W,YDL087C,0,3.566146,0.18189167976379395,0.673652708530426,0.30366072058677673
YDR081C,YKL181W,0,3.5651197,0.18184266984462738,0.673652708530426,0.3037607669830322
YDR168W,YCR075C,0,3.5643651,0.1817937046289444,0.673652708530426,0.30386078357696533
YJL109C,YLR293C,0,3.56433,0.1817447543144226,0.673652708530426,0.30396080017089844
YOL077C,YDR518W,0,3.5639486,0.1816958338022232,0.673652708530426,0.30406081676483154
YJL006C,YDL140C,1,3.5630865,0.1819160431623459,0.6746506690979004,0.30406081676483154
YDL043C,YGR095C,0,3.5630755,0.1818670928478241,0.6746506690979004,0.30416083335876465
YBR150C,YBR176W,0,3.5619783,0.1818181872367859,0.6746506690979004,0.30426084995269775
YHR033W,YDL031W,0,3.5619125,0.18176929652690887,0.6746506690979004,0.30436086654663086
YHL015W,YNL308C,0,3.5618544,0.18172043561935425,0.6746506690979004,0.30446088314056396
YGL063W,YBL025W,1,3.5602045,0.18194033205509186,0.6756486892700195,0.30446088314056396
YIL140W,YKL190W,0,3.5581017,0.18189145624637604,0.6756486892700195,0.30456089973449707
YBR091C,YDR287W,0,3.5578911,0.1818425953388214,0.6756486892700195,0.30466094613075256
YDR545W,YNL259C,0,3.557609,0.18179376423358917,0.6756486892700195,0.30476096272468567
YMR264W,YCL055W,0,3.5554054,0.18174496293067932,0.6756486892700195,0.3048609793186188
YGL095C,YNR060W,0,3.5546136,0.18169619143009186,0.6756486892700195,0.3049609959125519
YOR363C,YBR101C,0,3.554131,0.1816474348306656,0.6756486892700195,0.305061012506485
YMR272C,YOL108C,0,3.5532622,0.1815987080335617,0.6756486892700195,0.3051610291004181
YHR161C,YML094W,0,3.5528798,0.1815500110387802,0.6756486892700195,0.3052610456943512
YDL140C,YER056C-A,0,3.5524688,0.1815013438463211,0.6756486892700195,0.3053610622882843
YOR269W,YDR356W,0,3.5518026,0.1814526915550232,0.6756486892700195,0.3054610788822174
YOL055C,YKR066C,0,3.5515504,0.18140406906604767,0.6756486892700195,0.3055611252784729
YDL039C,YLR427W,0,3.5502443,0.18135547637939453,0.6756486892700195,0.305661141872406
YGL172W,YOR330C,0,3.5501063,0.18130691349506378,0.6756486892700195,0.3057611584663391
YBR264C,YBR054W,0,3.5498924,0.18125836551189423,0.6756486892700195,0.3058611750602722
YIL064W,YDR079W,0,3.5498548,0.18120984733104706,0.6756486892700195,0.3059611916542053
YDL097C,YOR327C,0,3.5495653,0.18116135895252228,0.6756486892700195,0.3060612082481384
YCR038C,YJL035C,0,3.5494685,0.18111290037631989,0.6756486892700195,0.30616122484207153
YER096W,YNL001W,0,3.5485826,0.1810644567012787,0.6756486892700195,0.30626124143600464
YDL056W,YJR083C,0,3.5474238,0.18101604282855988,0.6756486892700195,0.30636125802993774
YLR260W,YOL023W,0,3.547255,0.18096765875816345,0.6756486892700195,0.30646130442619324
YER061C,YKL016C,0,3.5467439,0.18091928958892822,0.6756486892700195,0.30656132102012634
YOR357C,YNL188W,0,3.5461407,0.18087096512317657,0.6756486892700195,0.30666133761405945
YMR081C,YDR135C,0,3.5455108,0.18082265555858612,0.6756486892700195,0.30676135420799255
YER133W,YER071C,0,3.5454595,0.18077436089515686,0.6756486892700195,0.30686137080192566
YMR319C,YHL028W,0,3.5451126,0.18072611093521118,0.6756486892700195,0.30696138739585876
YDR098C,YDL108W,0,3.544515,0.1806778758764267,0.6756486892700195,0.30706140398979187
YJL194W,YDL047W,0,3.544373,0.1806296706199646,0.6756486892700195,0.307161420583725
YDR151C,YOR004W,0,3.5442052,0.1805814951658249,0.6756486892700195,0.30726146697998047
YML023C,YIL076W,0,3.5437312,0.18053333461284637,0.6756486892700195,0.3073614835739136
YDR148C,YJR075W,0,3.543172,0.18048520386219025,0.6756486892700195,0.3074615001678467
YML104C,YDR507C,0,3.542551,0.1804371029138565,0.6756486892700195,0.3075615167617798
YGL019W,YMR070W,1,3.5421994,0.18065547943115234,0.6766467094421387,0.3075615167617798
YPL082C,YBL014C,1,3.5393705,0.18087373673915863,0.6776447296142578,0.3075615167617798
YBR198C,YLL050C,0,3.539209,0.18082556128501892,0.6776447296142578,0.3076615333557129
YDR069C,YBL091C-A,0,3.5383792,0.1807774156332016,0.6776447296142578,0.307761549949646
YER093C,YNR044W,0,3.5383496,0.18072929978370667,0.6776447296142578,0.3078615665435791
YNL302C,YOL149W,0,3.537507,0.18068121373653412,0.6776447296142578,0.3079615831375122
YEL036C,YLR005W,0,3.536818,0.18063314259052277,0.6776447296142578,0.3080615997314453
YGR253C,YKL168C,0,3.536344,0.1805851012468338,0.6776447296142578,0.3081616461277008
YBR028C,YDR036C,0,3.5362024,0.18053708970546722,0.6776447296142578,0.3082616627216339
YOR288C,YKL150W,0,3.5361123,0.18048910796642303,0.6776447296142578,0.308361679315567
YNL248C,YDR174W,1,3.5343523,0.18070688843727112,0.6786426901817322,0.308361679315567
YLR221C,YDR418W,0,3.532483,0.18065887689590454,0.6786426901817322,0.3084616959095001
YGR239C,YBR145W,0,3.532394,0.18061089515686035,0.6786426901817322,0.3085617125034332
YNL261W,YBR101C,0,3.5323172,0.18056292831897736,0.6786426901817322,0.30866172909736633
YOR292C,YIL137C,0,3.5320845,0.18051499128341675,0.6786426901817322,0.30876174569129944
YPL148C,YGR075C,0,3.5317793,0.18046708405017853,0.6786426901817322,0.30886176228523254
YAL003W,YGR116W,0,3.5314455,0.1804192066192627,0.6786426901817322,0.30896177887916565
YOR032C,YLR259C,0,3.5311596,0.18037135899066925,0.6786426901817322,0.30906182527542114
YNL218W,YKR100C,0,3.52942,0.180323526263237,0.6786426901817322,0.30916184186935425
YJR066W,YOL002C,1,3.527764,0.18054082989692688,0.6796407103538513,0.30916184186935425
YOR341W,YLR115W,0,3.5273612,0.18049298226833344,0.6796407103538513,0.30926185846328735
YDR421W,YOR264W,0,3.5269222,0.18044514954090118,0.6796407103538513,0.30936187505722046
YJR145C,YAL041W,0,3.5267,0.18039734661579132,0.6796407103538513,0.30946189165115356
YJR035W,YFL023W,0,3.5260317,0.18034957349300385,0.6796407103538513,0.30956190824508667
YOR222W,YER012W,0,3.5257277,0.18030183017253876,0.6796407103538513,0.3096619248390198
YDR379W,YLR147C,0,3.5249248,0.18025410175323486,0.6796407103538513,0.3097619414329529
YLL004W,YNL130C,0,3.524915,0.18020640313625336,0.6796407103538513,0.309861958026886
YDR416W,YFR010W,0,3.5247684,0.18015873432159424,0.6796407103538513,0.3099620044231415
YOR092W,YKL132C,0,3.52465,0.1801110804080963,0.6796407103538513,0.3100620210170746
YMR022W,YPL019C,0,3.5246077,0.18006345629692078,0.6796407103538513,0.3101620376110077
YML121W,YPR010C,1,3.5241652,0.1802801936864853,0.6806387305259705,0.3101620376110077
YGR005C,YKR090W,0,3.5240006,0.18023255467414856,0.6806387305259705,0.3102620542049408
YPR175W,YNR055C,0,3.5239935,0.18018494546413422,0.6806387305259705,0.3103620707988739
YGR081C,YNL135C,0,3.5234504,0.18013735115528107,0.6806387305259705,0.310462087392807
YGL076C,YJL155C,0,3.52277,0.1800897866487503,0.6806387305259705,0.3105621039867401
YPR041W,YMR013C,0,3.5224903,0.18004223704338074,0.6806387305259705,0.3106621205806732
YLR052W,YBR164C,0,3.5217836,0.17999471724033356,0.6806387305259705,0.3107621669769287
YMR076C,YNR028W,0,3.5209713,0.17994722723960876,0.6806387305259705,0.3108621835708618
YNL051W,YBL087C,0,3.52038,0.17989976704120636,0.6806387305259705,0.3109622001647949
YOR090C,YDL160C,0,3.5202441,0.17985232174396515,0.6806387305259705,0.311062216758728
YNL280C,YGR178C,0,3.5202248,0.17980490624904633,0.6806387305259705,0.31116223335266113
YMR223W,YHR119W,0,3.5201077,0.1797575056552887,0.6806387305259705,0.31126224994659424
YBR257W,YOR158W,0,3.5193176,0.17971014976501465,0.6806387305259705,0.31136226654052734
YOR068C,YDR373W,0,3.519166,0.1796628087759018,0.6806387305259705,0.31146228313446045
YGL040C,YKL138C,0,3.5186229,0.17961548268795013,0.6806387305259705,0.31156229972839355
YGL141W,YOR233W,0,3.5179935,0.17956818640232086,0.6806387305259705,0.31166234612464905
YDR218C,YJL057C,0,3.5177667,0.17952091991901398,0.6806387305259705,0.31176236271858215
YKL141W,YBR115C,0,3.5177474,0.17947368323802948,0.6806387305259705,0.31186237931251526
YOR249C,YPL121C,0,3.517747,0.17942646145820618,0.6806387305259705,0.31196239590644836
YKL038W,YOL096C,0,3.5175679,0.17937926948070526,0.6806387305259705,0.31206241250038147
YOR047C,YAL041W,0,3.5170631,0.17933210730552673,0.6806387305259705,0.3121624290943146
YER095W,YDR501W,0,3.5158515,0.1792849600315094,0.6806387305259705,0.3122624456882477
YNL162W,YDR121W,0,3.5158277,0.17923784255981445,0.6806387305259705,0.3123624622821808
YML071C,YHR092C,0,3.515758,0.1791907548904419,0.6806387305259705,0.3124624788761139
YNR045W,YBR060C,0,3.5155568,0.17914368212223053,0.6806387305259705,0.3125625252723694
YDR326C,YJL046W,0,3.5147395,0.17909663915634155,0.6806387305259705,0.3126625418663025
YDR398W,YKL026C,0,3.5141916,0.17904962599277496,0.6806387305259705,0.3127625584602356
YBR283C,YOR386W,0,3.5134263,0.17900262773036957,0.6806387305259705,0.3128625750541687
YBL093C,YPL101W,0,3.5132668,0.17895565927028656,0.6806387305259705,0.3129625916481018
YKR080W,YCR073C,1,3.5128973,0.17917104065418243,0.6816367506980896,0.3129625916481018
YER056C,YKL180W,0,3.5126731,0.17912404239177704,0.6816367506980896,0.3130626082420349
YHL032C,YPL104W,0,3.5115921,0.17907708883285522,0.6816367506980896,0.313162624835968
YIL108W,YJR121W,0,3.5100315,0.1790301501750946,0.6816367506980896,0.3132626414299011
YML121W,YGL243W,1,3.5099506,0.17924527823925018,0.682634711265564,0.3132626414299011
YDR492W,YKR055W,0,3.5087316,0.17919832468032837,0.682634711265564,0.31336265802383423
YDL098C,YMR194W,0,3.5085025,0.17915138602256775,0.682634711265564,0.3134627044200897
YGR061C,YLR154C,0,3.5082712,0.17910447716712952,0.682634711265564,0.3135627210140228
YBR142W,YOR014W,0,3.5079632,0.17905759811401367,0.682634711265564,0.31366273760795593
YIR009W,YOR096W,0,3.5078611,0.17901073396205902,0.682634711265564,0.31376275420188904
YMR125W,YDR520C,0,3.5070424,0.17896389961242676,0.682634711265564,0.31386277079582214
YMR136W,YNL311C,0,3.5068777,0.1789170801639557,0.682634711265564,0.31396278738975525
YER032W,YDR292C,0,3.5065303,0.178870290517807,0.682634711265564,0.31406280398368835
YMR093W,YOR086C,0,3.506403,0.1788235306739807,0.682634711265564,0.31416282057762146
YGR055W,YPL087W,0,3.5059805,0.1787767857313156,0.682634711265564,0.31426286697387695
YHR067W,YAR015W,0,3.505788,0.1787300705909729,0.682634711265564,0.31436288356781006
YBL017C,YBR160W,0,3.5056858,0.17868338525295258,0.682634711265564,0.31446290016174316
YER055C,YOR079C,0,3.5043511,0.17863671481609344,0.682634711265564,0.31456291675567627
YPL112C,YKL140W,0,3.5042238,0.1785900741815567,0.682634711265564,0.3146629333496094
YHL004W,YMR218C,0,3.5039577,0.17854346334934235,0.682634711265564,0.3147629499435425
YIL136W,YJR004C,0,3.5035295,0.17849686741828918,0.682634711265564,0.3148629665374756
YNL268W,YMR038C,0,3.5035279,0.1784503012895584,0.682634711265564,0.3149629831314087
YKL062W,YDR411C,0,3.502376,0.17840375006198883,0.682634711265564,0.3150629997253418
YBR059C,YBR297W,0,3.502282,0.17835722863674164,0.682634711265564,0.3151630461215973
YDR062W,YLR370C,0,3.5012147,0.17831073701381683,0.682634711265564,0.3152630627155304
YLR004C,YJL045W,0,3.5010672,0.17826427519321442,0.682634711265564,0.3153630793094635
YGR252W,YNL233W,0,3.500905,0.1782178282737732,0.682634711265564,0.3154630959033966
YPL104W,YDR107C,0,3.5003905,0.17817139625549316,0.682634711265564,0.3155631124973297
YLL013C,YGL076C,0,3.5003893,0.17812499403953552,0.682634711265564,0.3156631290912628
YJL029C,YBL055C,0,3.500118,0.17807862162590027,0.682634711265564,0.3157631456851959
YML112W,YPL085W,1,3.4999022,0.17829255759716034,0.6836327314376831,0.3157631456851959
YKL010C,YFL038C,0,3.499606,0.1782461553812027,0.6836327314376831,0.31586316227912903
YPL208W,YLR154C,0,3.4994483,0.17819979786872864,0.6836327314376831,0.31596317887306213
YJL006C,YMR042W,1,3.4989839,0.178413525223732,0.6846307516098022,0.31596317887306213
YJL186W,YDR173C,0,3.4987364,0.17836713790893555,0.6846307516098022,0.3160632252693176
YLR043C,YPL153C,0,3.4979935,0.1783207654953003,0.6846307516098022,0.31616324186325073
YCR086W,YJR013W,0,3.4965696,0.17827442288398743,0.6846307516098022,0.31626325845718384
YNL314W,YNR032C-A,0,3.4960713,0.17822811007499695,0.6846307516098022,0.31636327505111694
YOR320C,YLR009W,0,3.4943213,0.17818181216716766,0.6846307516098022,0.31646329164505005
YJL208C,YML096W,0,3.4935546,0.17813554406166077,0.6846307516098022,0.31656330823898315
YER068W,YGR112W,0,3.4931417,0.17808930575847626,0.6846307516098022,0.31666332483291626
YGL085W,YLL048C,0,3.492941,0.17804308235645294,0.6846307516098022,0.31676334142684937
YJR158W,YGL209W,0,3.4921393,0.17799688875675201,0.6846307516098022,0.31686335802078247
YJL117W,YLR305C,0,3.4920268,0.17795071005821228,0.6846307516098022,0.31696340441703796
YDR284C,YML106W,0,3.4918404,0.17790456116199493,0.6846307516098022,0.31706342101097107
YNL041C,YOR347C,0,3.4917402,0.17785844206809998,0.6846307516098022,0.3171634376049042
YMR061W,YDR044W,0,3.4911017,0.1778123378753662,0.6846307516098022,0.3172634541988373
YGR159C,YDL142C,0,3.4903662,0.17776626348495483,0.6846307516098022,0.3173634707927704
YGL063W,YNL113W,1,3.489703,0.1779792755842209,0.6856287717819214,0.3173634707927704
YDL003W,YKR102W,0,3.4883842,0.17793317139148712,0.6856287717819214,0.3174634873867035
YIR006C,YDR380W,0,3.488194,0.17788711190223694,0.6856287717819214,0.3175635039806366
YDR469W,YNL044W,0,3.487839,0.17784105241298676,0.6856287717819214,0.3176635205745697
YAL002W,YLL013C,0,3.4870331,0.17779503762722015,0.6856287717819214,0.3177635669708252
YDL061C,YMR080C,0,3.4868002,0.17774902284145355,0.6856287717819214,0.3178635835647583
YGR204W,YER145C,0,3.4866114,0.17770305275917053,0.6856287717819214,0.3179636001586914
YHR033W,YLR039C,0,3.4855847,0.1776570975780487,0.6856287717819214,0.3180636167526245
YHR069C,YER091C,0,3.4853182,0.17761117219924927,0.6856287717819214,0.3181636333465576
YLR126C,YGR158C,0,3.4848804,0.17756526172161102,0.6856287717819214,0.3182636499404907
YEL029C,YMR038C,0,3.4841652,0.17751938104629517,0.6856287717819214,0.31836366653442383
YOR081C,YGR260W,0,3.4832392,0.1774735152721405,0.6856287717819214,0.31846368312835693
YAR033W,YLR207W,0,3.4829803,0.17742767930030823,0.6856287717819214,0.31856369972229004
YOR016C,YDL059C,0,3.482829,0.17738187313079834,0.6856287717819214,0.31866374611854553
YHL031C,YPL161C,0,3.4826152,0.17733608186244965,0.6856287717819214,0.31876376271247864
YPL090C,YNL027W,0,3.4814079,0.17729032039642334,0.6856287717819214,0.31886377930641174
YOR123C,YMR076C,0,3.4813716,0.17724458873271942,0.6856287717819214,0.31896379590034485
YJR067C,YBL021C,1,3.4810512,0.177456796169281,0.6866267323493958,0.31896379590034485
YML011C,YJR149W,0,3.4801888,0.1774110347032547,0.6866267323493958,0.31906381249427795
YIL047C,YPL133C,0,3.480075,0.17736530303955078,0.6866267323493958,0.31916382908821106
YMR172W,YOL030W,0,3.4789138,0.17731958627700806,0.6866267323493958,0.31926384568214417
YOR319W,YPR022C,1,3.478044,0.17753157019615173,0.6876247525215149,0.31926384568214417
YJL121C,YGR204W,0,3.4780095,0.17748583853244781,0.6876247525215149,0.31936386227607727
YJL025W,YGR099W,0,3.4777005,0.1774401217699051,0.6876247525215149,0.3194638788700104
YBR169C,YJR151C,0,3.4776688,0.17739443480968475,0.6876247525215149,0.31956392526626587
YGR245C,YPR149W,0,3.4767644,0.1773487776517868,0.6876247525215149,0.319663941860199
YMR105C,YLR401C,0,3.475889,0.17730313539505005,0.6876247525215149,0.3197639584541321
YMR272C,YGR184C,0,3.4757555,0.17725752294063568,0.6876247525215149,0.3198639750480652
YEL059C-A,YDR238C,0,3.4752126,0.1772119402885437,0.6876247525215149,0.3199639916419983
YER022W,YFR013W,0,3.4750347,0.17716637253761292,0.6876247525215149,0.3200640082359314
YDR040C,YEL015W,0,3.474848,0.17712081968784332,0.6876247525215149,0.3201640248298645
YPR198W,YIL009C-A,0,3.4744663,0.17707529664039612,0.6876247525215149,0.3202640414237976
YDL024C,YNL309W,0,3.473595,0.1770298033952713,0.6876247525215149,0.3203640580177307
YBR060C,YMR241W,0,3.4732275,0.17698432505130768,0.6876247525215149,0.3204641044139862
YMR235C,YDL065C,0,3.472453,0.17693887650966644,0.6876247525215149,0.3205641210079193
YMR142C,YKR064W,0,3.4721746,0.1768934577703476,0.6876247525215149,0.3206641376018524
YHR174W,YDR284C,0,3.4717655,0.17684805393218994,0.6876247525215149,0.3207641541957855
YIR006C,YML055W,0,3.4710474,0.17680266499519348,0.6876247525215149,0.32086417078971863
YDL240W,YDR448W,0,3.4709911,0.1767573058605194,0.6876247525215149,0.32096418738365173
YEL061C,YGL229C,0,3.4708722,0.17671197652816772,0.6876247525215149,0.32106420397758484
YOR210W,YBR021W,1,3.470615,0.17692308127880096,0.688622772693634,0.32106420397758484
YER139C,YGR088W,0,3.4704316,0.1768777221441269,0.688622772693634,0.32116422057151794
YCL016C,YBR114W,0,3.468956,0.1768323928117752,0.688622772693634,0.32126426696777344
YML052W,YDR365C,0,3.4689224,0.1767870932817459,0.688622772693634,0.32136428356170654
YER106W,YGR175C,0,3.4688854,0.1767418086528778,0.688622772693634,0.32146430015563965
YKR103W,YMR039C,0,3.4686873,0.1766965389251709,0.688622772693634,0.32156431674957275
YDR479C,YPR163C,0,3.4672225,0.17665129899978638,0.688622772693634,0.32166433334350586
YOR156C,YDL217C,0,3.4670897,0.17660608887672424,0.688622772693634,0.32176434993743896
YOR374W,YMR136W,0,3.4665856,0.1765608936548233,0.688622772693634,0.32186436653137207
YNL304W,YNL166C,0,3.4662714,0.17651572823524475,0.688622772693634,0.3219643831253052
YKL132C,YLR394W,0,3.466268,0.1764705926179886,0.688622772693634,0.3220643997192383
YPR143W,YKL129C,0,3.465777,0.17642547190189362,0.688622772693634,0.3221644461154938
YAL021C,YNR059W,0,3.4653974,0.17638036608695984,0.688622772693634,0.3222644627094269
YDR439W,YHL028W,0,3.4651346,0.17633529007434845,0.688622772693634,0.32236447930336
YDL215C,YPR080W,0,3.4646773,0.17629024386405945,0.688622772693634,0.3224644958972931
YKL165C,YPR006C,0,3.4646306,0.17624521255493164,0.688622772693634,0.3225645124912262
YFL037W,YGR292W,0,3.4646106,0.17620021104812622,0.688622772693634,0.3226645290851593
YKL165C,YGR105W,0,3.4636087,0.176155224442482,0.688622772693634,0.3227645456790924
YOR004W,YCR096C,0,3.4627955,0.17611026763916016,0.688622772693634,0.3228645622730255
YER164W,YDR117C,0,3.4621391,0.1760653257369995,0.688622772693634,0.3229645788669586
YLR032W,YIL027C,0,3.461953,0.17602041363716125,0.688622772693634,0.3230646252632141
YGR223C,YEL021W,0,3.4618726,0.1759755164384842,0.688622772693634,0.3231646418571472
YMR318C,YDR158W,0,3.4616346,0.17593064904212952,0.688622772693634,0.3232646584510803
YGR097W,YDR166C,0,3.461468,0.17588579654693604,0.688622772693634,0.3233646750450134
YCR046C,YAL058W,0,3.4611316,0.17584097385406494,0.688622772693634,0.32346469163894653
YDL179W,YGR200C,0,3.46096,0.17579618096351624,0.688622772693634,0.32356470823287964
YML121W,YCR073C,1,3.4608755,0.17600610852241516,0.6896207332611084,0.32356470823287964
YPR007C,YDL164C,0,3.4602814,0.17596130073070526,0.6896207332611084,0.32366472482681274
YIL005W,YKL179C,0,3.459015,0.17591649293899536,0.6896207332611084,0.32376474142074585
YJL212C,YGR191W,0,3.4584923,0.17587172985076904,0.6896207332611084,0.32386478781700134
YCL057W,YGR220C,0,3.4577656,0.17582696676254272,0.6896207332611084,0.32396480441093445
YDL017W,YDL105W,0,3.4577374,0.1757822483778,0.6896207332611084,0.32406482100486755
YLR383W,YNL056W,0,3.4572768,0.17573754489421844,0.6896207332611084,0.32416483759880066
YNL262W,YNL129W,0,3.4568315,0.1756928563117981,0.6896207332611084,0.32426485419273376
YDR395W,YMR105C,0,3.4566302,0.17564819753170013,0.6896207332611084,0.32436487078666687
YDL211C,YPL082C,0,3.4555967,0.17560355365276337,0.6896207332611084,0.3244648873806
YPR134W,YNL066W,0,3.4555216,0.175558939576149,0.6896207332611084,0.3245649039745331
YIL021W,YOR313C,0,3.455374,0.175514355301857,0.6896207332611084,0.3246649205684662
YNL202W,YOL086C,0,3.4548364,0.1754697859287262,0.6896207332611084,0.3247649669647217
YDR456W,YDR383C,0,3.454799,0.1754252314567566,0.6896207332611084,0.3248649835586548
YPL207W,YBL028C,0,3.4543276,0.17538070678710938,0.6896207332611084,0.3249650001525879
YCR018C,YKR057W,0,3.4525952,0.17533621191978455,0.6896207332611084,0.325065016746521
YML036W,YGR035C,0,3.4523249,0.1752917319536209,0.6896207332611084,0.3251650333404541
YPR135W,YDL112W,0,3.451756,0.17524726688861847,0.6896207332611084,0.3252650499343872
YLL038C,YKL081W,0,3.4516573,0.1752028465270996,0.6896207332611084,0.3253650665283203
YLR141W,YML112W,1,3.4515758,0.1754119098186493,0.6906187534332275,0.3253650665283203
YPR005C,YKL082C,0,3.4513693,0.17536745965480804,0.6906187534332275,0.3254650831222534
YIL136W,YNL015W,0,3.4505603,0.175323024392128,0.6906187534332275,0.3255650997161865
YER068W,YDL117W,0,3.4493122,0.17527861893177032,0.6906187534332275,0.325665146112442
YJL157C,YDL007W,0,3.4491851,0.17523424327373505,0.6906187534332275,0.3257651627063751
YOL080C,YJL219W,0,3.449077,0.17518986761569977,0.6906187534332275,0.3258651793003082
YJR112W,YLR160C,0,3.4487338,0.17514553666114807,0.6906187534332275,0.32596519589424133
YNL219C,YML076C,0,3.4486117,0.17510122060775757,0.6906187534332275,0.32606521248817444
YER050C,YKL051W,0,3.4485922,0.17505691945552826,0.6906187534332275,0.32616522908210754
YPL269W,YOR084W,0,3.4479313,0.17501264810562134,0.6906187534332275,0.32626524567604065
YLL043W,YGR024C,0,3.4479241,0.1749683916568756,0.6906187534332275,0.32636526226997375
YOR180C,YGR285C,0,3.4478865,0.17492416501045227,0.6906187534332275,0.32646527886390686
YJR109C,YKL001C,0,3.4477406,0.17487995326519012,0.6906187534332275,0.32656532526016235
YHR156C,YLR258W,0,3.4466457,0.17483577132225037,0.6906187534332275,0.32666534185409546
YPL129W,YOR310C,0,3.4466457,0.174791619181633,0.6906187534332275,0.32676535844802856
YBL006C,YKL139W,1,3.4463086,0.17499999701976776,0.6916167736053467,0.32676535844802856
YOR148C,YMR048W,0,3.4460945,0.174955815076828,0.6916167736053467,0.32686537504196167
YDR026C,YCR028C,0,3.4460034,0.17491166293621063,0.6916167736053467,0.3269653916358948
YDR400W,YPL135W,0,3.4447827,0.17486752569675446,0.6916167736053467,0.3270654082298279
YMR145C,YNR028W,0,3.4446836,0.17482340335845947,0.6916167736053467,0.327165424823761
YLL038C,YCR031C,0,3.4443674,0.17477932572364807,0.6916167736053467,0.3272654414176941
YHR064C,YFR029W,0,3.4443154,0.17473524808883667,0.6916167736053467,0.3273654878139496
YDR492W,YKR048C,0,3.4437094,0.17469120025634766,0.6916167736053467,0.3274655044078827
YJR150C,YBR176W,0,3.4431288,0.17464718222618103,0.6916167736053467,0.3275655210018158
YDL061C,YIL033C,0,3.4430656,0.1746031790971756,0.6916167736053467,0.3276655375957489
YOR123C,YGL169W,0,3.4430294,0.17455919086933136,0.6916167736053467,0.327765554189682
YPL195W,YFR013W,0,3.4426827,0.1745152324438095,0.6916167736053467,0.3278655707836151
YDL007W,YHR037W,0,3.4425821,0.17447130382061005,0.6916167736053467,0.3279655873775482
YPL082C,YGR032W,0,3.442522,0.17442739009857178,0.6916167736053467,0.3280656039714813
YHR201C,YGR123C,0,3.4423113,0.1743834912776947,0.6916167736053467,0.32816562056541443
YGR014W,YMR287C,0,3.4421093,0.17433962225914001,0.6916167736053467,0.3282656669616699
YOL009C,YAL054C,0,3.441833,0.17429576814174652,0.6916167736053467,0.328365683555603
YIL138C,YOR377W,0,3.4413447,0.17425194382667542,0.6916167736053467,0.32846570014953613
YCL001W,YDL127W,0,3.441014,0.1742081493139267,0.6916167736053467,0.32856571674346924
YNR038W,YPL078C,0,3.4409533,0.17416436970233917,0.6916167736053467,0.32866573333740234
YML039W,YGR178C,0,3.440238,0.17412060499191284,0.6916167736053467,0.32876574993133545
YLR248W,YLR239C,0,3.440183,0.1740768700838089,0.6916167736053467,0.32886576652526855
YNL310C,YLL022C,0,3.440001,0.17403315007686615,0.6916167736053467,0.32896578311920166
YER046W,YKL028W,0,3.4384477,0.1739894598722458,0.6916167736053467,0.32906579971313477
YAL033W,YBR042C,0,3.4365215,0.17394578456878662,0.6916167736053467,0.32916584610939026
YAL016W,YJL071W,0,3.4364247,0.17390213906764984,0.6916167736053467,0.32926586270332336
YJL087C,YKL006C-A,0,3.4356365,0.17385850846767426,0.6916167736053467,0.32936587929725647
YIL072W,YMR038C,0,3.4354491,0.17381489276885986,0.6916167736053467,0.3294658958911896
YGR204W,YHL015W,0,3.43498,0.17377130687236786,0.6916167736053467,0.3295659124851227
YLR079W,YKL033W,0,3.4337516,0.17372775077819824,0.6916167736053467,0.3296659290790558
YMR270C,YOR295W,1,3.4324942,0.17393483221530914,0.6926147937774658,0.3296659290790558
YGL194C,YAL024C,0,3.4324796,0.17389126121997833,0.6926147937774658,0.3297659456729889
YLR359W,YLR396C,0,3.431991,0.17384769022464752,0.6926147937774658,0.329865962266922
YEL018W,YJR049C,0,3.4318712,0.1738041639328003,0.6926147937774658,0.3299659788608551
YMR059W,YDR301W,0,3.4318595,0.17376063764095306,0.6926147937774658,0.3300660252571106
YLR129W,YJL065C,0,3.4312825,0.17371714115142822,0.6926147937774658,0.3301660418510437
YGR098C,YPR095C,1,3.4311361,0.17392392456531525,0.6936127543449402,0.3301660418510437
YGL070C,YKL138C,0,3.430056,0.1738804131746292,0.6936127543449402,0.3302660584449768
YDR496C,YLR385C,0,3.430017,0.17383691668510437,0.6936127543449402,0.3303660750389099
YDR378C,YLR130C,0,3.4300137,0.17379344999790192,0.6936127543449402,0.330466091632843
YDL115C,YFR033C,0,3.4292758,0.17374999821186066,0.6936127543449402,0.3305661082267761
YIL011W,YKL039W,0,3.429189,0.17370657622814178,0.6936127543449402,0.33066612482070923
YIL115C,YDR310C,0,3.429153,0.1736631691455841,0.6936127543449402,0.33076614141464233
YDL140C,YBL021C,1,3.4289336,0.17386959493160248,0.6946107745170593,0.33076614141464233
YPR041W,YNR021W,0,3.4271073,0.1738261729478836,0.6946107745170593,0.3308661878108978
YLL004W,YIL093C,0,3.4262123,0.17378276586532593,0.6946107745170593,0.33096620440483093
YIL113W,YOR087W,0,3.4262056,0.17373938858509064,0.6946107745170593,0.33106622099876404
YOL156W,YPL215W,0,3.4254477,0.17369602620601654,0.6946107745170593,0.33116623759269714
YHR008C,YPL119C,0,3.4253697,0.17365269362926483,0.6946107745170593,0.33126625418663025
YAL063C,YDR071C,0,3.4252267,0.17360937595367432,0.6946107745170593,0.33136627078056335
YNL032W,YOL129W,0,3.423625,0.1735660880804062,0.6946107745170593,0.33146628737449646
YIL118W,YGR044C,0,3.4233918,0.17352281510829926,0.6946107745170593,0.33156630396842957
YPL208W,YPL022W,0,3.4233394,0.17347955703735352,0.6946107745170593,0.33166632056236267
YGR082W,YBR035C,0,3.4232583,0.17343632876873016,0.6946107745170593,0.33176636695861816
YOR271C,YDL209C,0,3.4225154,0.1733931303024292,0.6946107745170593,0.33186638355255127
YJL153C,YDR150W,0,3.4218569,0.17334993183612823,0.6946107745170593,0.3319664001464844
YNL016W,YER008C,0,3.421396,0.17330677807331085,0.6946107745170593,0.3320664167404175
YKR079C,YNR037C,0,3.4212177,0.17326362431049347,0.6946107745170593,0.3321664333343506
YJL054W,YIR031C,0,3.421115,0.17322050034999847,0.6946107745170593,0.3322664499282837
YNL298W,YLR090W,0,3.4204688,0.17317740619182587,0.6946107745170593,0.3323664665222168
YMR285C,YKL172W,0,3.419546,0.17313432693481445,0.6946107745170593,0.3324664831161499
YPL082C,YER090W,0,3.4190598,0.17309127748012543,0.6946107745170593,0.332566499710083
YGL123W,YLR329W,0,3.4189885,0.1730482280254364,0.6946107745170593,0.3326665461063385
YGL173C,YER140W,0,3.4189372,0.17300522327423096,0.6946107745170593,0.3327665627002716
YML112W,YPL082C,1,3.4187834,0.1732107400894165,0.6956087946891785,0.3327665627002716
YDR212W,YGR082W,0,3.4180937,0.17316770553588867,0.6956087946891785,0.3328665792942047
YBR123C,YJR123W,0,3.4171379,0.17312468588352203,0.6956087946891785,0.3329665958881378
YKR008W,YPL043W,0,3.4170387,0.17308169603347778,0.6956087946891785,0.3330666124820709
YNL164C,YNL008C,0,3.4154735,0.17303873598575592,0.6956087946891785,0.33316662907600403
YDL006W,YOR274W,0,3.4151244,0.17299577593803406,0.6956087946891785,0.33326664566993713
YGL256W,YPL076W,0,3.4145007,0.17295286059379578,0.6956087946891785,0.33336666226387024
YEL031W,YLR032W,0,3.414332,0.1729099452495575,0.6956087946891785,0.33346667885780334
YHL025W,YDR200C,0,3.4139643,0.1728670597076416,0.6956087946891785,0.33356672525405884
YNL079C,YKR088C,0,3.4135358,0.1728242039680481,0.6956087946891785,0.33366674184799194
YPL096W,YNL118C,0,3.4133356,0.17278136312961578,0.6956087946891785,0.33376675844192505
YLR260W,YPL040C,0,3.4125726,0.17273853719234467,0.6956087946891785,0.33386677503585815
YHR160C,YLR442C,0,3.412456,0.17269574105739594,0.6956087946891785,0.33396679162979126
YPR073C,YJR158W,0,3.412343,0.1726529598236084,0.6956087946891785,0.33406680822372437
YJL066C,YML042W,0,3.4121828,0.17261020839214325,0.6956087946891785,0.33416682481765747
YER027C,YLR088W,0,3.4114137,0.1725674718618393,0.6956087946891785,0.3342668414115906
YBL080C,YGL233W,0,3.4110813,0.17252475023269653,0.6956087946891785,0.33436688780784607
YGR098C,YFL034C-A,1,3.4107604,0.1727295219898224,0.6966068148612976,0.33436688780784607
YGR181W,YOR212W,0,3.4104767,0.17268678545951843,0.6966068148612976,0.3344669044017792
YKL038W,YCR016W,0,3.4099493,0.17264407873153687,0.6966068148612976,0.3345669209957123
YLR263W,YGR185C,0,3.409208,0.1726013869047165,0.6966068148612976,0.3346669375896454
YML027W,YLR105C,0,3.4091458,0.1725587099790573,0.6966068148612976,0.3347669541835785
YNL142W,YPL188W,0,3.4086182,0.17251606285572052,0.6966068148612976,0.3348669707775116
YDR299W,YMR182C,0,3.4084177,0.17247343063354492,0.6966068148612976,0.3349669873714447
YLR329W,YMR001C,0,3.4076838,0.1724308282136917,0.6966068148612976,0.3350670039653778
YML009C,YOR369C,0,3.4072278,0.1723882406949997,0.6966068148612976,0.3351670205593109
YHR154W,YLR200W,0,3.4066038,0.17234568297863007,0.6966068148612976,0.3352670669555664
YER096W,YPR162C,0,3.4065313,0.17230314016342163,0.6966068148612976,0.3353670835494995
YCR046C,YOR014W,0,3.4058652,0.1722606122493744,0.6966068148612976,0.3354671001434326
YBL006C,YHR039C-A,1,3.4056554,0.17246484756469727,0.697604775428772,0.3354671001434326
YBL090W,YLR105C,0,3.4055862,0.17242230474948883,0.697604775428772,0.3355671167373657
YFR031C,YCL055W,0,3.4055774,0.1723797768354416,0.697604775428772,0.33566713333129883
YOL019W,YER162C,0,3.40527,0.17233727872371674,0.697604775428772,0.33576714992523193
YLR394W,YDL046W,0,3.4051857,0.17229479551315308,0.697604775428772,0.33586716651916504
YOL038W,YOR204W,0,3.4042268,0.1722523421049118,0.697604775428772,0.33596718311309814
YPL226W,YBR245C,0,3.4037814,0.17220990359783173,0.697604775428772,0.33606719970703125
YGL241W,YGR076C,0,3.4036007,0.17216749489307404,0.697604775428772,0.33616724610328674
YOR201C,YNL101W,0,3.40285,0.17212508618831635,0.697604775428772,0.33626726269721985
YDL140C,YGR217W,1,3.4023914,0.1723289042711258,0.6986027956008911,0.33626726269721985
YPL126W,YMR322C,0,3.4022212,0.1722864806652069,0.6986027956008911,0.33636727929115295
YIL120W,YML058W-A,0,3.4018717,0.1722441017627716,0.6986027956008911,0.33646729588508606
YDR341C,YNL322C,0,3.401406,0.1722017228603363,0.6986027956008911,0.33656731247901917
YDR262W,YBR092C,0,3.4010935,0.1721593737602234,0.6986027956008911,0.33666732907295227
YGR158C,YIL056W,0,3.400979,0.17211703956127167,0.6986027956008911,0.3367673456668854
YLR024C,YOL144W,0,3.4002984,0.17207473516464233,0.6986027956008911,0.3368673622608185
YDL070W,YGL233W,0,3.4002,0.1720324456691742,0.6986027956008911,0.3369673788547516
YDR224C,YDR425W,0,3.4001708,0.17199017107486725,0.6986027956008911,0.3370674252510071
YLR403W,YER033C,0,3.399456,0.1719479262828827,0.6986027956008911,0.3371674418449402
YER060W-A,YDR174W,1,3.3989334,0.17215128242969513,0.6996008157730103,0.3371674418449402
YMR229C,YGR214W,0,3.3983474,0.17210900783538818,0.6996008157730103,0.3372674584388733
YFR027W,YLR347C,0,3.3981934,0.17206676304340363,0.6996008157730103,0.3373674750328064
YER155C,YDR240C,0,3.3981416,0.17202453315258026,0.6996008157730103,0.3374674916267395
YPR049C,YML034W,0,3.3969212,0.17198233306407928,0.6996008157730103,0.3375675082206726
YDR351W,YER145C,0,3.3955698,0.1719401478767395,0.6996008157730103,0.3376675248146057
YPL017C,YOR313C,0,3.3931923,0.1718979924917221,0.6996008157730103,0.3377675414085388
YPL028W,YCR046C,0,3.3930106,0.1718558520078659,0.6996008157730103,0.3378675878047943
YNL056W,YML101C,1,3.3927922,0.1720588207244873,0.7005987763404846,0.3378675878047943
YGR268C,YLL001W,0,3.391739,0.1720166653394699,0.7005987763404846,0.3379676043987274
YLR244C,YMR313C,0,3.3913755,0.1719745248556137,0.7005987763404846,0.3380676209926605
YER149C,YDR528W,0,3.391253,0.1719323992729187,0.7005987763404846,0.33816763758659363
YJL103C,YBL028C,0,3.3904593,0.17189030349254608,0.7005987763404846,0.33826765418052673
YPL139C,YLR451W,0,3.3890254,0.17184822261333466,0.7005987763404846,0.33836767077445984
YCL016C,YLR131C,0,3.3889012,0.17180617153644562,0.7005987763404846,0.33846768736839294
YNL335W,YOL011W,0,3.386878,0.17176413536071777,0.7005987763404846,0.33856770396232605
YBR273C,YOL140W,0,3.385177,0.17172211408615112,0.7005987763404846,0.33866772055625916
YNL290W,YAL024C,0,3.3848767,0.17168012261390686,0.7005987763404846,0.33876776695251465
YHR181W,YOR232W,0,3.3841176,0.1716381460428238,0.7005987763404846,0.33886778354644775
YOR054C,YJR092W,0,3.383914,0.17159618437290192,0.7005987763404846,0.33896780014038086
YLR120C,YAL010C,0,3.3838058,0.17155425250530243,0.7005987763404846,0.33906781673431396
YOR156C,YPL235W,0,3.383432,0.17151233553886414,0.7005987763404846,0.33916783332824707
YDL015C,YLR037C,0,3.38322,0.17147044837474823,0.7005987763404846,0.3392678499221802
YJR119C,YHR037W,0,3.3829405,0.17142857611179352,0.7005987763404846,0.3393678665161133
YMR117C,YHR108W,0,3.3825378,0.17138671875,0.7005987763404846,0.3394678831100464
YDR252W,YDR406W,0,3.3820992,0.17134489119052887,0.7005987763404846,0.3395678997039795
YNL111C,YLR151C,0,3.382051,0.17130307853221893,0.7005987763404846,0.339667946100235
YEL069C,YNL173C,0,3.381783,0.1712612807750702,0.7005987763404846,0.3397679626941681
YGR260W,YNL283C,0,3.3814845,0.17121951282024384,0.7005987763404846,0.3398679792881012
YBR294W,YGR155W,0,3.3809128,0.17117775976657867,0.7005987763404846,0.3399679958820343
YKR062W,YNL328C,0,3.3805928,0.1711360365152359,0.7005987763404846,0.3400680124759674
YOL065C,YJL001W,0,3.3805375,0.17109432816505432,0.7005987763404846,0.3401680290699005
YDL205C,YER017C,0,3.3793182,0.17105263471603394,0.7005987763404846,0.3402680456638336
YML121W,YIL035C,1,3.3778138,0.17125456035137177,0.7015967965126038,0.3402680456638336
YGL256W,YAL038W,0,3.3775663,0.17121285200119019,0.7015967965126038,0.3403680622577667
YDR100W,YBR261C,0,3.3769507,0.171171173453331,0.7015967965126038,0.34046807885169983
YOR351C,YOR347C,0,3.3763943,0.171129509806633,0.7015967965126038,0.3405681252479553
YIL043C,YNL130C,0,3.3762074,0.1710878610610962,0.7015967965126038,0.3406681418418884
YER102W,YJR059W,0,3.376019,0.17104622721672058,0.7015967965126038,0.34076815843582153
YGR222W,YLR467W,0,3.3757305,0.17100462317466736,0.7015967965126038,0.34086817502975464
YDR400W,YOR288C,0,3.3739216,0.17096303403377533,0.7015967965126038,0.34096819162368774
YOL112W,YLR441C,0,3.3738356,0.1709214746952057,0.7015967965126038,0.34106820821762085
YJL073W,YBR155W,0,3.3737442,0.17087991535663605,0.7015967965126038,0.34116822481155396
YBR254C,YPL183W-A,0,3.373695,0.17083840072155,0.7015967965126038,0.34126824140548706
YIL084C,YNL210W,0,3.3735752,0.17079688608646393,0.7015967965126038,0.34136828780174255
YJL133W,YKL164C,0,3.3729763,0.17075540125370026,0.7015967965126038,0.34146830439567566
YDR038C,YBR120C,0,3.3721142,0.17071394622325897,0.7015967965126038,0.34156832098960876
YHR020W,YPL101W,0,3.3706777,0.1706724911928177,0.7015967965126038,0.34166833758354187
YKL014C,YCR004C,0,3.3697836,0.1706310659646988,0.7015967965126038,0.341768354177475
YBL014C,YML101C,1,3.3692515,0.1708323210477829,0.7025948166847229,0.341768354177475
YHR029C,YNL045W,0,3.3688903,0.1707908809185028,0.7025948166847229,0.3418683707714081
YFL041W,YOR219C,0,3.368877,0.1707494556903839,0.7025948166847229,0.3419683873653412
YJL081C,YKL175W,0,3.3682969,0.1707080453634262,0.7025948166847229,0.3420684039592743
YDR400W,YOR334W,0,3.367959,0.1706666648387909,0.7025948166847229,0.3421684205532074
YNL287W,YKL130C,0,3.3666463,0.17062529921531677,0.7025948166847229,0.3422684669494629
YFL013C,YNL328C,0,3.3663812,0.17058396339416504,0.7025948166847229,0.342368483543396
YDR235W,YLR409C,0,3.3659492,0.1705426424741745,0.7025948166847229,0.3424685001373291
YJL097W,YLL043W,0,3.3655643,0.17050133645534515,0.7025948166847229,0.3425685167312622
YNL302C,YNL050C,0,3.3652043,0.170460045337677,0.7025948166847229,0.3426685333251953
YDL134C,YJL013C,0,3.3651042,0.17041878402233124,0.7025948166847229,0.3427685499191284
YDR116C,YOR351C,0,3.3642929,0.17037753760814667,0.7025948166847229,0.3428685665130615
YPL110C,YBR042C,0,3.3630438,0.17033632099628448,0.7025948166847229,0.34296858310699463
YNL038W,YDR036C,0,3.362708,0.1702951192855835,0.7025948166847229,0.34306859970092773
YLR203C,YDR080W,0,3.3619194,0.1702539324760437,0.7025948166847229,0.3431686460971832
YJL165C,YGR217W,0,3.361177,0.1702127605676651,0.7025948166847229,0.34326866269111633
YGR224W,YNL162W,0,3.360846,0.1701716184616089,0.7025948166847229,0.34336867928504944
YHR031C,YJL109C,0,3.3605723,0.17013049125671387,0.7025948166847229,0.34346869587898254
YPL198W,YHR207C,0,3.360546,0.17008939385414124,0.7025948166847229,0.34356871247291565
YDR040C,YBL061C,0,3.3604226,0.1700483113527298,0.7025948166847229,0.34366872906684875
YCR012W,YFR029W,0,3.360385,0.17000724375247955,0.7025948166847229,0.34376874566078186
YDR101C,YLL038C,0,3.359267,0.1699662059545517,0.7025948166847229,0.34386876225471497
YPL209C,YHL006C,0,3.3583798,0.16992516815662384,0.7025948166847229,0.34396880865097046
YGL094C,YER032W,0,3.3580742,0.16988417506217957,0.7025948166847229,0.34406882524490356
YLR295C,YNL318C,0,3.3573194,0.1698431819677353,0.7025948166847229,0.34416884183883667
YGL135W,YFL056C,0,3.357057,0.1698022186756134,0.7025948166847229,0.3442688584327698
YKR002W,YJR134C,0,3.3570142,0.1697612702846527,0.7025948166847229,0.3443688750267029
YDR253C,YDR529C,0,3.3568559,0.1697203516960144,0.7025948166847229,0.344468891620636
YER113C,YPL116W,0,3.3564947,0.1696794480085373,0.7025948166847229,0.3445689082145691
YBR271W,YER013W,0,3.3564105,0.16963855922222137,0.7025948166847229,0.3446689248085022
YIL115C,YPR141C,0,3.3543878,0.16959768533706665,0.7025948166847229,0.3447689414024353
YDR400W,YBR050C,0,3.353724,0.16955684125423431,0.7025948166847229,0.3448689877986908
YGL172W,YPR054W,0,3.3524556,0.16951601207256317,0.7025948166847229,0.3449690043926239
YER060W-A,YBR213W,1,3.3523576,0.16971594095230103,0.703592836856842,0.3449690043926239
YGR085C,YHL032C,0,3.3523335,0.1696750968694687,0.703592836856842,0.345069020986557
YER139C,YJR075W,0,3.3516216,0.16963426768779755,0.703592836856842,0.3451690375804901
YOR259C,YOR116C,0,3.3513408,0.1695934534072876,0.703592836856842,0.3452690541744232
YOL009C,YDR406W,0,3.3485107,0.16955266892910004,0.703592836856842,0.3453690707683563
YPL126W,YOR182C,0,3.3474717,0.16951189935207367,0.703592836856842,0.34546908736228943
YOL010W,YIL076W,0,3.3472018,0.1694711595773697,0.703592836856842,0.34556910395622253
YLR450W,YJR054W,0,3.3471675,0.1694304198026657,0.703592836856842,0.34566912055015564
YIL009W,YNL278W,0,3.3468566,0.16938970983028412,0.703592836856842,0.34576916694641113
YJL129C,YPR001W,0,3.346664,0.16934902966022491,0.703592836856842,0.34586918354034424
YDR440W,YGR099W,0,3.3464274,0.1693083643913269,0.703592836856842,0.34596920013427734
YOL145C,YJR123W,0,3.345537,0.1692677140235901,0.703592836856842,0.34606921672821045
YPR021C,YDR371W,0,3.3446527,0.16922707855701447,0.703592836856842,0.34616923332214355
YKL017C,YJL183W,0,3.3445268,0.16918645799160004,0.703592836856842,0.34626924991607666
YDR128W,YGR075C,0,3.344523,0.169145867228508,0.703592836856842,0.34636926651000977
YDL235C,YLR193C,0,3.3444533,0.16910530626773834,0.703592836856842,0.34646928310394287
YML005W,YLL040C,0,3.3412013,0.1690647453069687,0.703592836856842,0.346569299697876
YAL002W,YDL095W,0,3.3409925,0.16902421414852142,0.703592836856842,0.34666934609413147
YGR068C,YMR270C,1,3.340452,0.16922339797019958,0.7045907974243164,0.34666934609413147
YDL060W,YGR061C,0,3.3403313,0.16918283700942993,0.7045907974243164,0.3467693626880646
YPR108W,YPR017C,0,3.3402815,0.16914230585098267,0.7045907974243164,0.3468693792819977
YNL107W,YJL078C,0,3.3399887,0.1691017895936966,0.7045907974243164,0.3469693958759308
YDL084W,YPR122W,0,3.33919,0.1690613031387329,0.7045907974243164,0.3470694124698639
YPL048W,YDR406W,0,3.3389878,0.16902083158493042,0.7045907974243164,0.347169429063797
YCR018C,YHR149C,0,3.33738,0.16898037493228912,0.7045907974243164,0.3472694456577301
YDL030W,YML096W,0,3.3367054,0.16893993318080902,0.7045907974243164,0.3473694622516632
YBR208C,YPR135W,0,3.3364005,0.1688995212316513,0.7045907974243164,0.3474695086479187
YPR200C,YER070W,0,3.3361523,0.16885912418365479,0.7045907974243164,0.3475695252418518
YDR463W,YOR101W,0,3.3356562,0.16881874203681946,0.7045907974243164,0.3476695418357849
YCR004C,YPL183C,0,3.335546,0.16877838969230652,0.7045907974243164,0.347769558429718
YLR440C,YGR200C,0,3.335515,0.16873805224895477,0.7045907974243164,0.3478695750236511
YDR276C,YPL145C,0,3.3352005,0.16869772970676422,0.7045907974243164,0.34796959161758423
YBR052C,YDR337W,0,3.334714,0.16865743696689606,0.7045907974243164,0.34806960821151733
YLR106C,YOR002W,0,3.3343353,0.1686171442270279,0.7045907974243164,0.34816962480545044
YGR112W,YIL021W,0,3.3340454,0.16857688128948212,0.7045907974243164,0.34826964139938354
YNL127W,YNL137C,0,3.333685,0.16853664815425873,0.7045907974243164,0.34836968779563904
YNL111C,YBR061C,0,3.3321233,0.16849641501903534,0.7045907974243164,0.34846970438957214
YLR316C,YNR017W,0,3.3319902,0.16845621168613434,0.7045907974243164,0.34856972098350525
YGR098C,YER137C,1,3.33177,0.16865457594394684,0.7055888175964355,0.34856972098350525
YLR246W,YDR330W,0,3.3313222,0.16861435770988464,0.7055888175964355,0.34866973757743835
YER081W,YPL172C,0,3.331102,0.16857415437698364,0.7055888175964355,0.34876975417137146
YOL003C,YLL040C,0,3.3310184,0.16853396594524384,0.7055888175964355,0.34886977076530457
YPL218W,YOR346W,0,3.3308525,0.16849380731582642,0.7055888175964355,0.34896978735923767
YJL006C,YDR324C,1,3.330629,0.16869191825389862,0.7065868377685547,0.34896978735923767
YGL170C,YNL073W,0,3.3301857,0.16865174472332,0.7065868377685547,0.3490698039531708
YPL148C,YOL111C,0,3.329668,0.1686115711927414,0.7065868377685547,0.3491698205471039
YDL210W,YFR003C,0,3.3289032,0.16857142746448517,0.7065868377685547,0.3492698669433594
YPL218W,YPR043W,0,3.328851,0.16853129863739014,0.7065868377685547,0.3493698835372925
YBL021C,YNL056W,1,3.3282719,0.16872917115688324,0.7075848579406738,0.3493698835372925
YKL059C,YDL231C,0,3.3282433,0.16868902742862701,0.7075848579406738,0.3494699001312256
YMR300C,YDR002W,0,3.326744,0.16864889860153198,0.7075848579406738,0.3495699167251587
YJR102C,YMR035W,0,3.3263025,0.16860879957675934,0.7075848579406738,0.3496699333190918
YOR232W,YKL009W,0,3.3261938,0.1685687154531479,0.7075848579406738,0.3497699499130249
YDR482C,YJL196C,0,3.3258452,0.16852864623069763,0.7075848579406738,0.349869966506958
YMR036C,YEL013W,0,3.325131,0.16848859190940857,0.7075848579406738,0.3499699831008911
YGR174C,YKL210W,0,3.3248463,0.1684485673904419,0.7075848579406738,0.3500699996948242
YIL120W,YOR353C,0,3.3244262,0.1684085577726364,0.7075848579406738,0.3501700460910797
YHR099W,YNL076W,0,3.3243504,0.16836856305599213,0.7075848579406738,0.3502700626850128
YPL131W,YBR173C,0,3.3243465,0.16832858324050903,0.7075848579406738,0.3503700792789459
YCR024C,YNL129W,0,3.3235598,0.16828863322734833,0.7075848579406738,0.35047009587287903
YMR312W,YJL078C,0,3.3232062,0.16824869811534882,0.7075848579406738,0.35057011246681213
YEL027W,YOR233W,0,3.3229432,0.1682087779045105,0.7075848579406738,0.35067012906074524
YIL009C-A,YLR097C,0,3.322648,0.16816888749599457,0.7075848579406738,0.35077014565467834
YHR052W,YOL023W,0,3.3217037,0.16812899708747864,0.7075848579406738,0.35087016224861145
YKL013C,YDR453C,0,3.319295,0.1680891364812851,0.7075848579406738,0.35097020864486694
YFL034C-A,YCR073C,1,3.319139,0.16828632354736328,0.7085828185081482,0.35097020864486694
YLR118C,YDR110W,0,3.3190925,0.16824644804000854,0.7085828185081482,0.35107022523880005
YJR094W-A,YJR013W,0,3.3187952,0.168206587433815,0.7085828185081482,0.35117024183273315
YBR030W,YFR038W,0,3.3184905,0.16816674172878265,0.7085828185081482,0.35127025842666626
YER150W,YJR102C,0,3.3181536,0.1681269258260727,0.7085828185081482,0.35137027502059937
YGL220W,YOR084W,0,3.3176668,0.16808712482452393,0.7085828185081482,0.35147029161453247
YER110C,YER165W,0,3.3172636,0.16804733872413635,0.7085828185081482,0.3515703082084656
YLR411W,YMR171C,0,3.3169026,0.16800756752490997,0.7085828185081482,0.3516703248023987
YBR115C,YGR202C,0,3.3168442,0.16796782612800598,0.7085828185081482,0.3517703413963318
YPR098C,YGR070W,0,3.316087,0.16792809963226318,0.7085828185081482,0.3518703877925873
YOL057W,YLR154C,0,3.3159485,0.16788838803768158,0.7085828185081482,0.3519704043865204
YHR174W,YBR001C,0,3.315754,0.16784870624542236,0.7085828185081482,0.3520704209804535
YDL101C,YLR176C,0,3.3155737,0.16780902445316315,0.7085828185081482,0.3521704375743866
YIL171W,YDL101C,0,3.3139682,0.16776937246322632,0.7085828185081482,0.3522704541683197
YMR043W,YJL072C,0,3.3125272,0.16772973537445068,0.7085828185081482,0.3523704707622528
YGR181W,YER053C,0,3.3122156,0.16769012808799744,0.7085828185081482,0.3524704873561859
YLL034C,YIL130W,0,3.3110375,0.16765053570270538,0.7085828185081482,0.352570503950119
YBR286W,YFR050C,0,3.3107495,0.16761095821857452,0.7085828185081482,0.3526705205440521
YGR098C,YJL025W,1,3.3104331,0.1678074151277542,0.7095808386802673,0.3526705205440521
YHR060W,YPR068C,0,3.3102515,0.16776780784130096,0.7095808386802673,0.3527705669403076
YEL029C,YOL157C,0,3.3096642,0.1677282303571701,0.7095808386802673,0.3528705835342407
YKL034W,YOL122C,0,3.307713,0.16768868267536163,0.7095808386802673,0.35297060012817383
YPR043W,YMR133W,0,3.3076274,0.16764913499355316,0.7095808386802673,0.35307061672210693
YNR011C,YBR248C,0,3.3076134,0.16760961711406708,0.7095808386802673,0.35317063331604004
YBR086C,YMR097C,0,3.3070307,0.1675701141357422,0.7095808386802673,0.35327064990997314
YER150W,YDR368W,0,3.3067307,0.1675306260585785,0.7095808386802673,0.35337066650390625
YOL042W,YML051W,0,3.3062668,0.16749116778373718,0.7095808386802673,0.35347068309783936
YEL030W,YAL013W,0,3.3053432,0.16745172441005707,0.7095808386802673,0.35357069969177246
YGL191W,YML129C,0,3.3053155,0.16741229593753815,0.7095808386802673,0.35367074608802795
YKL178C,YDR121W,0,3.3048437,0.16737288236618042,0.7095808386802673,0.35377076268196106
YHR148W,YKR097W,0,3.3047686,0.1673334836959839,0.7095808386802673,0.35387077927589417
YLR312W-A,YMR242C,0,3.3046198,0.16729411482810974,0.7095808386802673,0.35397079586982727
YDL097C,YGR135W,0,3.3045297,0.1672547608613968,0.7095808386802673,0.3540708124637604
YMR300C,YCL059C,0,3.304323,0.16721542179584503,0.7095808386802673,0.3541708290576935
YMR243C,YOR090C,0,3.3031468,0.16717611253261566,0.7095808386802673,0.3542708456516266
YER126C,YNL070W,0,3.3031187,0.16713681817054749,0.7095808386802673,0.3543708622455597
YDR265W,YHR167W,0,3.3027785,0.1670975387096405,0.7095808386802673,0.3544709086418152
YHR153C,YLL011W,0,3.3027253,0.16705827414989471,0.7095808386802673,0.3545709252357483
YGR239C,YDR060W,0,3.3020344,0.16701902449131012,0.7095808386802673,0.3546709418296814
YGL237C,YMR182C,0,3.3008502,0.1669798046350479,0.7095808386802673,0.3547709584236145
YDR146C,YPL161C,0,3.3005142,0.1669405996799469,0.7095808386802673,0.3548709750175476
YPR054W,YDR122W,0,3.3002768,0.16690140962600708,0.7095808386802673,0.3549709916114807
YNL036W,YPL188W,0,3.3001466,0.16686223447322845,0.7095808386802673,0.3550710082054138
YGL236C,YNL129W,0,3.300127,0.16682308912277222,0.7095808386802673,0.3551710247993469
YNL258C,YHR143W,0,3.299849,0.16678395867347717,0.7095808386802673,0.35527104139328003
YIL090W,YPR173C,0,3.2997036,0.16674484312534332,0.7095808386802673,0.3553710877895355
YOL043C,YMR091C,0,3.2990332,0.16670574247837067,0.7095808386802673,0.35547110438346863
YEL059C-A,YHR029C,0,3.2987661,0.1666666716337204,0.7095808386802673,0.35557112097740173
YML049C,YEL065W,0,3.298216,0.16662760078907013,0.7095808386802673,0.35567113757133484
YOL010W,YHR204W,0,3.2971044,0.16658855974674225,0.7095808386802673,0.35577115416526794
YGL095C,YMR037C,0,3.2966423,0.16654954850673676,0.7095808386802673,0.35587117075920105
YIR009W,YNL056W,1,3.2960694,0.16674472391605377,0.7105788588523865,0.35587117075920105
YMR312W,YCR011C,0,3.2960358,0.1667056828737259,0.7105788588523865,0.35597118735313416
YLL018C,YBL092W,0,3.2959394,0.1666666716337204,0.7105788588523865,0.35607120394706726
YLR248W,YLR364W,0,3.295665,0.1666276603937149,0.7105788588523865,0.35617122054100037
YJL073W,YJL108C,0,3.295475,0.1665886789560318,0.7105788588523865,0.35627126693725586
YDL072C,YIL070C,0,3.2951498,0.1665497124195099,0.7105788588523865,0.35637128353118896
YBR091C,YKL085W,0,3.2947211,0.16651076078414917,0.7105788588523865,0.35647130012512207
YJL156C,YER177W,0,3.2946436,0.16647182404994965,0.7105788588523865,0.3565713167190552
YBR067C,YDL100C,0,3.2944174,0.1664329171180725,0.7105788588523865,0.3566713333129883
YMR201C,YDR285W,0,3.2931943,0.16639401018619537,0.7105788588523865,0.3567713499069214
YJL034W,YKL001C,0,3.292376,0.16635513305664062,0.7105788588523865,0.3568713665008545
YJR153W,YBL034C,0,3.291788,0.16631628572940826,0.7105788588523865,0.3569713830947876
YJR102C,YLR321C,0,3.291081,0.1662774384021759,0.7105788588523865,0.3570713996887207
YKL125W,YBR154C,1,3.290317,0.16647209227085114,0.7115768194198608,0.3570713996887207
YLR329W,YDL138W,0,3.2901843,0.16643324494361877,0.7115768194198608,0.3571714460849762
YNL056W,YIL035C,1,3.2901611,0.16662776470184326,0.71257483959198,0.3571714460849762
YDR414C,YKR101W,0,3.290008,0.1665888875722885,0.71257483959198,0.3572714626789093
YMR193W,YKL205W,0,3.2892942,0.16655004024505615,0.71257483959198,0.3573714792728424
YJL013C,YLR105C,0,3.2888079,0.1665111929178238,0.71257483959198,0.3574714958667755
YDR240C,YDL133C-A,0,3.2879477,0.16647237539291382,0.71257483959198,0.3575715124607086
YOR074C,YKR036C,0,3.286408,0.16643357276916504,0.71257483959198,0.3576715290546417
YLR185W,YGL085W,0,3.286152,0.16639478504657745,0.71257483959198,0.35777154564857483
YGL019W,YOR210W,1,3.2847896,0.16658900678157806,0.7135728597640991,0.35777154564857483
YOR206W,YDL146W,0,3.28371,0.16655020415782928,0.7135728597640991,0.35787156224250793
YBR299W,YIL034C,0,3.2833595,0.1665114164352417,0.7135728597640991,0.3579716086387634
YNR031C,YLR264W,0,3.283359,0.1664726436138153,0.7135728597640991,0.35807162523269653
YJR067C,YML101C,1,3.2814054,0.1666666716337204,0.7145708799362183,0.35807162523269653
YLR099C,YDR529C,0,3.2807088,0.1666278839111328,0.7145708799362183,0.35817164182662964
YLR092W,YML096W,0,3.280174,0.16658911108970642,0.7145708799362183,0.35827165842056274
YMR282C,YLR442C,0,3.2781796,0.16655035316944122,0.7145708799362183,0.35837167501449585
YBL014C,YOR080W,0,3.2776835,0.1665116250514984,0.7145708799362183,0.35847169160842896
YHR184W,YHR148W,0,3.2772872,0.1664729118347168,0.7145708799362183,0.35857170820236206
YIL034C,YDL180W,0,3.277279,0.16643421351909637,0.7145708799362183,0.35867172479629517
YML067C,YHR088W,0,3.2762592,0.16639554500579834,0.7145708799362183,0.35877174139022827
YPL208W,YJL191W,0,3.2759066,0.1663568764925003,0.7145708799362183,0.35887178778648376
YGL070C,YLR047C,0,3.2744083,0.16631823778152466,0.7145708799362183,0.35897180438041687
YFR034C,YDR283C,0,3.2743735,0.1662796139717102,0.7145708799362183,0.35907182097435
YBR296C,YMR166C,0,3.2742057,0.16624100506305695,0.7145708799362183,0.3591718375682831
YDL022W,YIL034C,0,3.274147,0.16620241105556488,0.7145708799362183,0.3592718541622162
YDR359C,YOR175C,0,3.2736678,0.1661638468503952,0.7145708799362183,0.3593718707561493
YLR196W,YDR284C,0,3.2735195,0.16612528264522552,0.7145708799362183,0.3594718873500824
YAL054C,YOR075W,0,3.2726383,0.16608674824237823,0.7145708799362183,0.3595719039440155
YDR151C,YCR107W,0,3.2722807,0.16604824364185333,0.7145708799362183,0.3596719205379486
YLR038C,YKL192C,0,3.2719288,0.16600973904132843,0.7145708799362183,0.3597719669342041
YGL019W,YPR095C,1,3.271191,0.1662030667066574,0.7155688405036926,0.3597719669342041
YMR220W,YDR392W,0,3.2706332,0.1661645472049713,0.7155688405036926,0.3598719835281372
YJL148W,YKL056C,0,3.2702327,0.1661260426044464,0.7155688405036926,0.3599720001220703
YKL017C,YKL201C,0,3.2692719,0.1660875678062439,0.7155688405036926,0.3600720167160034
YFL041W,YMR152W,0,3.2688267,0.16604909300804138,0.7155688405036926,0.3601720333099365
YPL112C,YLR367W,0,3.2679062,0.16601064801216125,0.7155688405036926,0.36027204990386963
YIL128W,YDL082W,0,3.2675257,0.16597221791744232,0.7155688405036926,0.36037206649780273
YIR009W,YNL330C,1,3.2674208,0.16616523265838623,0.7165668606758118,0.36037206649780273
YLR129W,YKL198C,0,3.2672453,0.1661267876625061,0.7165668606758118,0.36047208309173584
YGL123W,YNL158W,0,3.2666912,0.16608835756778717,0.7165668606758118,0.36057209968566895
YPL126W,YOR212W,0,3.2661245,0.16604995727539062,0.7165668606758118,0.36067214608192444
YCR094W,YPL193W,0,3.264873,0.16601155698299408,0.7165668606758118,0.36077216267585754
YDL007W,YHR133C,0,3.2647896,0.16597318649291992,0.7165668606758118,0.36087217926979065
YGR212W,YMR112C,0,3.2642994,0.16593483090400696,0.7165668606758118,0.36097219586372375
YIR032C,YGR167W,0,3.2640023,0.1658964902162552,0.7165668606758118,0.36107221245765686
YDR238C,YHR090C,0,3.263774,0.1658581644296646,0.7165668606758118,0.36117222905158997
YIL137C,YDR345C,0,3.2627668,0.16581986844539642,0.7165668606758118,0.36127224564552307
YGL090W,YBL028C,0,3.2622151,0.16578157246112823,0.7165668606758118,0.3613722622394562
YCR028C,YOL158C,0,3.261993,0.16574330627918243,0.7165668606758118,0.36147230863571167
YGL115W,YNL173C,0,3.261848,0.16570505499839783,0.7165668606758118,0.3615723252296448
YBR149W,YBR028C,0,3.2618198,0.16566681861877441,0.7165668606758118,0.3616723418235779
YDR317W,YCR028C,0,3.2607565,0.1656285971403122,0.7165668606758118,0.361772358417511
YDR284C,YOR320C,0,3.259958,0.16559040546417236,0.7165668606758118,0.3618723750114441
YNL166C,YPL173W,0,3.2594466,0.16555222868919373,0.7165668606758118,0.3619723916053772
YIL096C,YDL227C,0,3.2591155,0.16551406681537628,0.7165668606758118,0.3620724081993103
YLR219W,YIL034C,0,3.2587576,0.16547591984272003,0.7165668606758118,0.3621724247932434
YMR105C,YMR072W,0,3.258477,0.16543778777122498,0.7165668606758118,0.3622724413871765
YDL098C,YPL018W,0,3.258246,0.1653996706008911,0.7165668606758118,0.362372487783432
YBR029C,YER153C,0,3.2581773,0.16536158323287964,0.7165668606758118,0.3624725043773651
YGL084C,YLR215C,0,3.2573247,0.16532351076602936,0.7165668606758118,0.3625725209712982
YDR399W,YMR094W,0,3.2572217,0.16528545320034027,0.7165668606758118,0.3626725375652313
YHL036W,YFL010W-A,0,3.2571707,0.16524741053581238,0.7165668606758118,0.36277255415916443
YLR289W,YER153C,0,3.257019,0.16520938277244568,0.7165668606758118,0.36287257075309753
YHL040C,YER096W,0,3.2569656,0.16517138481140137,0.7165668606758118,0.36297258734703064
YGR171C,YER022W,0,3.256647,0.16513340175151825,0.7165668606758118,0.36307260394096375
YDR332W,YJL219W,0,3.25654,0.16509541869163513,0.7165668606758118,0.36317262053489685
YPL221W,YHR120W,0,3.256271,0.1650574654340744,0.7165668606758118,0.36327266693115234
YHL038C,YMR059W,0,3.2562177,0.16501954197883606,0.7165668606758118,0.36337268352508545
YLR024C,YKR079C,0,3.255693,0.16498161852359772,0.7165668606758118,0.36347270011901855
YDR174W,YDR420W,1,3.2556648,0.16517344117164612,0.7175648808479309,0.36347270011901855
YGL155W,YNL029C,0,3.2553034,0.16513550281524658,0.7175648808479309,0.36357271671295166
YNL160W,YDR107C,0,3.2547562,0.16509759426116943,0.7175648808479309,0.36367273330688477
YDR100W,YDR534C,0,3.2547555,0.16505968570709229,0.7175648808479309,0.36377274990081787
YOL054W,YHR114W,0,3.2536616,0.16502180695533752,0.7175648808479309,0.363872766494751
YLR361C,YOL105C,0,3.253441,0.16498394310474396,0.7175648808479309,0.3639727830886841
YBL021C,YBR049C,1,3.2533355,0.16517549753189087,0.71856290102005,0.3639727830886841
YKL011C,YBR036C,0,3.2532563,0.1651376187801361,0.71856290102005,0.3640727996826172
YBR188C,YDL127W,0,3.2530987,0.16509975492954254,0.71856290102005,0.3641728460788727
YGL151W,YLR404W,0,3.253005,0.16506189107894897,0.71856290102005,0.3642728626728058
YOR359W,YPL068C,0,3.2529674,0.165024071931839,0.71856290102005,0.3643728792667389
YDL121C,YPR111W,0,3.252541,0.164986252784729,0.71856290102005,0.364472895860672
YMR035W,YJR075W,0,3.2521214,0.1649484485387802,0.71856290102005,0.3645729124546051
YNL287W,YPL083C,0,3.2520502,0.1649106740951538,0.71856290102005,0.3646729290485382
YGL128C,YPR122W,0,3.2519507,0.1648729145526886,0.71856290102005,0.3647729456424713
YDL144C,YPR141C,0,3.2505293,0.16483516991138458,0.71856290102005,0.3648729622364044
YLR098C,YMR169C,0,3.2494838,0.16479744017124176,0.71856290102005,0.3649730086326599
YDL121C,YOR113W,0,3.2463686,0.16475972533226013,0.71856290102005,0.365073025226593
YOL133W,YMR306W,0,3.2458086,0.1647220253944397,0.71856290102005,0.3651730418205261
YLR075W,YOR253W,0,3.245001,0.16468435525894165,0.71856290102005,0.36527305841445923
YBR043C,YIL008W,0,3.2445054,0.1646467000246048,0.71856290102005,0.36537307500839233
YKL194C,YLR170C,0,3.2443852,0.16460905969142914,0.71856290102005,0.36547309160232544
YHR006W,YOL135C,0,3.2442079,0.16457143425941467,0.71856290102005,0.36557310819625854
YJL109C,YDR448W,0,3.244186,0.1645338237285614,0.71856290102005,0.36567312479019165
YHR143W,YLR039C,0,3.2439497,0.16449622809886932,0.71856290102005,0.36577314138412476
YNL123W,YPL013C,0,3.2434669,0.16445866227149963,0.71856290102005,0.36587318778038025
YDR429C,YHR150W,0,3.2425203,0.16442109644412994,0.71856290102005,0.36597320437431335
YGL174W,YNL162W,0,3.2419105,0.16438356041908264,0.71856290102005,0.36607322096824646
YKR020W,YNL007C,0,3.2414975,0.16434603929519653,0.71856290102005,0.36617323756217957
YEL029C,YDR503C,0,3.2412932,0.16430853307247162,0.71856290102005,0.36627325415611267
YGL111W,YDR175C,0,3.240559,0.1642710417509079,0.71856290102005,0.3663732707500458
YCL068C,YOL011W,0,3.2396865,0.16423358023166656,0.71856290102005,0.3664732873439789
YLR432W,YOR323C,0,3.2393937,0.16419611871242523,0.71856290102005,0.366573303937912
YCR004C,YGR239C,0,3.2392836,0.1641586869955063,0.71856290102005,0.3666733205318451
YNL112W,YFL021W,0,3.2387614,0.16412127017974854,0.71856290102005,0.3667733669281006
YKL139W,YOL002C,1,3.2385883,0.16431176662445068,0.7195608615875244,0.3667733669281006
YOL139C,YBR034C,0,3.2384615,0.16427432000637054,0.7195608615875244,0.3668733835220337
YGR103W,YOR216C,0,3.2369797,0.1642369031906128,0.7195608615875244,0.3669734001159668
YDR268W,YDR407C,0,3.2344556,0.16419950127601624,0.7195608615875244,0.3670734167098999
YDR448W,YIL126W,0,3.2326417,0.16416211426258087,0.7195608615875244,0.367173433303833
YLR417W,YKL178C,0,3.2318788,0.1641247421503067,0.7195608615875244,0.3672734498977661
YNL061W,YLR438C-A,0,3.231483,0.16408738493919373,0.7195608615875244,0.3673734664916992
YBR172C,YLR010C,0,3.2310214,0.16405005753040314,0.7195608615875244,0.3674734830856323
YKR008W,YGR142W,0,3.2308989,0.16401274502277374,0.7195608615875244,0.3675735294818878
YNL294C,YAR015W,0,3.2307086,0.16397543251514435,0.7195608615875244,0.3676735460758209
YDR240C,YDR325W,0,3.2300138,0.16393814980983734,0.7195608615875244,0.36777356266975403
YPR161C,YJL033W,0,3.229533,0.16390088200569153,0.7195608615875244,0.36787357926368713
YGR180C,YLR163C,0,3.2290173,0.1638636291027069,0.7195608615875244,0.36797359585762024
YBL076C,YLR088W,0,3.228778,0.16382640600204468,0.7195608615875244,0.36807361245155334
YGR217W,YGR214W,0,3.2280266,0.16378918290138245,0.7195608615875244,0.36817362904548645
YML016C,YBR078W,0,3.2277951,0.1637519896030426,0.7195608615875244,0.36827364563941956
YHR181W,YPL193W,0,3.2268012,0.16371481120586395,0.7195608615875244,0.36837366223335266
YPR067W,YDL202W,0,3.2262564,0.1636776328086853,0.7195608615875244,0.36847370862960815
YJL166W,YOL145C,0,3.2254903,0.16364048421382904,0.7195608615875244,0.36857372522354126
YMR270C,YKL139W,1,3.225379,0.16383026540279388,0.7205588817596436,0.36857372522354126
YOR210W,YER137C,1,3.2247503,0.16401995718479156,0.7215569019317627,0.36857372522354126
YGR194C,YOR228C,0,3.224579,0.16398276388645172,0.7215569019317627,0.36867374181747437
YIL074C,YOL151W,0,3.22402,0.16394558548927307,0.7215569019317627,0.36877375841140747
YPL269W,YMR241W,0,3.223827,0.16390840709209442,0.7215569019317627,0.3688737750053406
YBR049C,YKL024C,0,3.2234952,0.16387125849723816,0.7215569019317627,0.3689737915992737
YBR149W,YDR443C,0,3.223082,0.1638341248035431,0.7215569019317627,0.3690738081932068
YOR340C,YIL076W,0,3.2225316,0.16379700601100922,0.7215569019317627,0.3691738247871399
YIL112W,YNL045W,0,3.2222903,0.16375990211963654,0.7215569019317627,0.369273841381073
YGR171C,YOR356W,0,3.222139,0.16372282803058624,0.7215569019317627,0.3693738877773285
YKL088W,YML077W,1,3.2217588,0.16391216218471527,0.7225548624992371,0.3693738877773285
YDR270W,YLR139C,0,3.22117,0.1638750582933426,0.7225548624992371,0.3694739043712616
YAL040C,YBR218C,0,3.2205222,0.1638379693031311,0.7225548624992371,0.3695739209651947
YIL173W,YJL200C,0,3.2198186,0.163800910115242,0.7225548624992371,0.3696739375591278
YEL069C,YGL178W,0,3.219748,0.1637638509273529,0.7225548624992371,0.3697739541530609
YGR258C,YHR014W,0,3.2194762,0.1637268215417862,0.7225548624992371,0.369873970746994
YPL122C,YML094W,0,3.219306,0.16368980705738068,0.7225548624992371,0.3699739873409271
YER120W,YKR102W,0,3.2192333,0.16365280747413635,0.7225548624992371,0.37007400393486023
YKL183W,YBR009C,0,3.2191877,0.16361582279205322,0.7225548624992371,0.37017402052879333
YOR057W,YBR150C,0,3.219145,0.1635788530111313,0.7225548624992371,0.37027406692504883
YPR118W,YKL078W,0,3.218899,0.16354189813137054,0.7225548624992371,0.37037408351898193
YFR015C,YHR215W,0,3.218368,0.1635049730539322,0.7225548624992371,0.37047410011291504
YAL058W,YLL026W,0,3.2181158,0.16346804797649384,0.7225548624992371,0.37057411670684814
YIR037W,YDL115C,0,3.2180085,0.16343115270137787,0.7225548624992371,0.37067413330078125
YJR155W,YLR080W,0,3.21782,0.1633942723274231,0.7225548624992371,0.37077414989471436
YJL165C,YIL130W,0,3.2177024,0.16335740685462952,0.7225548624992371,0.37087416648864746
YHR046C,YLR170C,0,3.21768,0.16332055628299713,0.7225548624992371,0.37097418308258057
YML128C,YDL243C,0,3.21737,0.16328372061252594,0.7225548624992371,0.37107422947883606
YOL077C,YDR222W,0,3.2168539,0.16324689984321594,0.7225548624992371,0.37117424607276917
YDR400W,YHR008C,0,3.2161956,0.16321009397506714,0.7225548624992371,0.37127426266670227
YDR300C,YKL191W,0,3.2161083,0.16317331790924072,0.7225548624992371,0.3713742792606354
YBR286W,YNL218W,0,3.215848,0.1631365418434143,0.7225548624992371,0.3714742958545685
YMR270C,YML121W,1,3.2146611,0.16332507133483887,0.7235528826713562,0.3714742958545685
YDR021W,YLR353W,0,3.2143083,0.16328829526901245,0.7235528826713562,0.3715743124485016
YJL035C,YML102W,0,3.21211,0.16325151920318604,0.7235528826713562,0.3716743290424347
YPR149W,YDR387C,0,3.2120748,0.163214772939682,0.7235528826713562,0.3717743456363678
YBR191W,YOR377W,0,3.211779,0.16317802667617798,0.7235528826713562,0.3718743622303009
YLR037C,YDL033C,0,3.2115889,0.16314131021499634,0.7235528826713562,0.3719744086265564
YDL128W,YEL061C,0,3.2105515,0.1631046086549759,0.7235528826713562,0.3720744252204895
YJR109C,YKL200C,0,3.2105374,0.16306792199611664,0.7235528826713562,0.3721744418144226
YGR204W,YGR200C,0,3.2103577,0.16303125023841858,0.7235528826713562,0.3722744584083557
YFL013C,YJR135C,0,3.2103546,0.1629946082830429,0.7235528826713562,0.3723744750022888
YDR013W,YJR102C,0,3.2101326,0.16295796632766724,0.7235528826713562,0.3724744915962219
YGL192W,YOR085W,0,3.2094111,0.16292135417461395,0.7235528826713562,0.37257450819015503
YDR487C,YDR449C,0,3.2086992,0.16288474202156067,0.7235528826713562,0.37267452478408813
YPL123C,YJR127C,0,3.2086263,0.16284815967082977,0.7235528826713562,0.37277454137802124
YNL107W,YNL029C,0,3.2085576,0.16281159222126007,0.7235528826713562,0.37287458777427673
YDR018C,YMR025W,0,3.2082248,0.16277503967285156,0.7235528826713562,0.37297460436820984
YIL147C,YKL006W,0,3.2081418,0.16273850202560425,0.7235528826713562,0.37307462096214294
YCR037C,YDR369C,0,3.2080698,0.16270197927951813,0.7235528826713562,0.37317463755607605
YGL137W,YOR230W,0,3.2078092,0.1626654714345932,0.7235528826713562,0.37327465415000916
YKR080W,YML077W,1,3.207649,0.16285330057144165,0.7245509028434753,0.37327465415000916
YDL102W,YOR016C,0,3.2076018,0.16281677782535553,0.7245509028434753,0.37337467074394226
YDL017W,YJR025C,0,3.2066436,0.1627802699804306,0.7245509028434753,0.37347468733787537
YIL093C,YJL003W,0,3.2065983,0.16274377703666687,0.7245509028434753,0.37357470393180847
YML013W,YPR178W,0,3.2062402,0.16270729899406433,0.7245509028434753,0.3736747205257416
YNL298W,YNL161W,0,3.2049336,0.16267085075378418,0.7245509028434753,0.37377476692199707
YPL101W,YCR045C,0,3.2046523,0.16263440251350403,0.7245509028434753,0.3738747835159302
YIL118W,YGR084C,0,3.2046454,0.16259798407554626,0.7245509028434753,0.3739748001098633
YER106W,YMR301C,0,3.2040992,0.1625615805387497,0.7245509028434753,0.3740748167037964
YFR032C-A,YKR103W,0,3.20392,0.16252519190311432,0.7245509028434753,0.3741748332977295
YJL109C,YER137C,1,3.2038956,0.16271261870861053,0.7255489230155945,0.3741748332977295
YNL199C,YPL104W,0,3.203842,0.16267621517181396,0.7255489230155945,0.3742748498916626
YBR040W,YOL155C,0,3.2028093,0.1626398265361786,0.7255489230155945,0.3743748664855957
YHR067W,YDL093W,0,3.2024903,0.1626034379005432,0.7255489230155945,0.3744748830795288
YER112W,YML034W,0,3.2024393,0.16256707906723022,0.7255489230155945,0.3745749294757843
YPR192W,YHL034C,0,3.2018418,0.16253073513507843,0.7255489230155945,0.3746749460697174
YGR268C,YDR226W,0,3.2015433,0.16249440610408783,0.7255489230155945,0.3747749626636505
YML070W,YNR007C,0,3.20076,0.16245810687541962,0.7255489230155945,0.3748749792575836
YOR086C,YHL006C,0,3.2007074,0.1624218076467514,0.7255489230155945,0.3749749958515167
YLR239C,YHR122W,0,3.1991267,0.16238552331924438,0.7255489230155945,0.37507501244544983
YGR260W,YBL074C,0,3.1984239,0.16234926879405975,0.7255489230155945,0.37517502903938293
YBL082C,YIL062C,0,3.197722,0.16231301426887512,0.7255489230155945,0.37527504563331604
YDR528W,YPR178W,0,3.1971416,0.16227678954601288,0.7255489230155945,0.37537506222724915
YLR061W,YDL189W,0,3.1971283,0.16224056482315063,0.7255489230155945,0.37547510862350464
YGR241C,YGR040W,0,3.1969612,0.16220436990261078,0.7255489230155945,0.37557512521743774
YMR175W,YPL117C,0,3.19665,0.16216818988323212,0.7255489230155945,0.37567514181137085
YOL009C,YBR130C,0,3.195292,0.16213202476501465,0.7255489230155945,0.37577515840530396
YNL136W,YJR110W,0,3.195109,0.16209587454795837,0.7255489230155945,0.37587517499923706
YNL049C,YDL045W-A,0,3.1946824,0.1620597392320633,0.7255489230155945,0.37597519159317017
YLR248W,YLR360W,0,3.1946583,0.1620236188173294,0.7255489230155945,0.37607520818710327
YGL173C,YKR066C,0,3.194191,0.1619875282049179,0.7255489230155945,0.3761752247810364
YMR276W,YNL221C,0,3.1939125,0.1619514375925064,0.7255489230155945,0.3762752413749695
YDR285W,YIL033C,0,3.1929426,0.1619153618812561,0.7255489230155945,0.376375287771225
YHR185C,YDL185W,0,3.1925602,0.16187931597232819,0.7255489230155945,0.3764753043651581
YGR089W,YPR011C,0,3.1919274,0.16184327006340027,0.7255489230155945,0.3765753209590912
YMR297W,YKL192C,0,3.1909347,0.16180725395679474,0.7255489230155945,0.3766753375530243
YOL165C,YBL039C,0,3.1906214,0.1617712527513504,0.7255489230155945,0.3767753541469574
YHL012W,YBR150C,0,3.190147,0.16173526644706726,0.7255489230155945,0.3768753707408905
YLR083C,YNR015W,0,3.1897755,0.1616992950439453,0.7255489230155945,0.3769753873348236
YDR273W,YPL196W,0,3.1897402,0.16166333854198456,0.7255489230155945,0.3770754039287567
YNL032W,YPR200C,0,3.1890538,0.161627396941185,0.7255489230155945,0.3771754205226898
YGL185C,YNL223W,0,3.1882038,0.16159147024154663,0.7255489230155945,0.3772754669189453
YDR306C,YJR022W,0,3.1874366,0.16155555844306946,0.7255489230155945,0.3773754835128784
YGR199W,YKL002W,0,3.1873727,0.16151966154575348,0.7255489230155945,0.3774755001068115
YJR108W,YJL173C,0,3.187265,0.1614837795495987,0.7255489230155945,0.37757551670074463
YLR127C,YKR102W,0,3.1871228,0.1614479273557663,0.7255489230155945,0.37767553329467773
YDR378C,YIL037C,0,3.186615,0.1614120751619339,0.7255489230155945,0.37777554988861084
YMR020W,YJL144W,0,3.185886,0.1613762527704239,0.7255489230155945,0.37787556648254395
YER145C,YOL069W,0,3.1858468,0.16134043037891388,0.7255489230155945,0.37797558307647705
YGL104C,YNL301C,0,3.1851454,0.16130463778972626,0.7255489230155945,0.37807562947273254
YNR045W,YNL310C,0,3.1848588,0.16126886010169983,0.7255489230155945,0.37817564606666565
YNL095C,YDR441C,0,3.1834633,0.1612330824136734,0.7255489230155945,0.37827566266059875
YNL258C,YBR257W,0,3.183367,0.16119733452796936,0.7255489230155945,0.37837567925453186
YLR305C,YGR116W,0,3.1829102,0.1611616015434265,0.7255489230155945,0.37847569584846497
YLR284C,YLR293C,0,3.1818001,0.16112588346004486,0.7255489230155945,0.37857571244239807
YJL183W,YBL054W,0,3.181233,0.1610901802778244,0.7255489230155945,0.3786757290363312
YNR027W,YDR513W,0,3.180695,0.16105449199676514,0.7255489230155945,0.3787757456302643
YLR390W-A,YLR295C,0,3.1806083,0.16101883351802826,0.7255489230155945,0.3788757622241974
YGL259W,YOL009C,0,3.1803217,0.16098317503929138,0.7255489230155945,0.3789758086204529
YPR119W,YER109C,0,3.1796017,0.1609475314617157,0.7255489230155945,0.379075825214386
YDR019C,YJR036C,0,3.178843,0.1609119027853012,0.7255489230155945,0.3791758418083191
YHR059W,YLL002W,0,3.1788034,0.1608763039112091,0.7255489230155945,0.3792758584022522
YJR066W,YKL002W,0,3.178212,0.160840705037117,0.7255489230155945,0.3793758749961853
YDL055C,YFL057C,0,3.1781907,0.1608051359653473,0.7255489230155945,0.3794758915901184
YIL011W,YLR073C,0,3.1776268,0.16076956689357758,0.7255489230155945,0.3795759081840515
YGR285C,YOR070C,0,3.1773632,0.16073402762413025,0.7255489230155945,0.3796759247779846
YJL081C,YJL109C,0,3.1766343,0.16069850325584412,0.7255489230155945,0.3797759413719177
YML043C,YDR174W,1,3.1764836,0.16088397800922394,0.7265468835830688,0.3797759413719177
YOL038W,YFR034C,0,3.1763191,0.16084842383861542,0.7265468835830688,0.3798759877681732
YBR191W,YKL110C,0,3.1761057,0.16081289947032928,0.7265468835830688,0.3799760043621063
YPL040C,YLR080W,0,3.1758347,0.16077739000320435,0.7265468835830688,0.38007602095603943
YKL094W,YMR210W,0,3.17518,0.1607418805360794,0.7265468835830688,0.38017603754997253
YDL093W,YGR221C,0,3.174297,0.16070640087127686,0.7265468835830688,0.38027605414390564
YNL129W,YLR151C,0,3.1742544,0.1606709361076355,0.7265468835830688,0.38037607073783875
YLR093C,YML031W,0,3.1735885,0.16063548624515533,0.7265468835830688,0.38047608733177185
YDL099W,YOL117W,0,3.1709156,0.16060005128383636,0.7265468835830688,0.38057610392570496
YGL251C,YOL142W,0,3.1708493,0.1605646163225174,0.7265468835830688,0.38067612051963806
YGR217W,YDR130C,0,3.1707513,0.1605292111635208,0.7265468835830688,0.38077616691589355
YMR070W,YJL025W,1,3.1699014,0.1607142835855484,0.727544903755188,0.38077616691589355
YMR272C,YNL056W,0,3.1695828,0.16067886352539062,0.727544903755188,0.38087618350982666
YGL222C,YLR284C,0,3.1688309,0.16064345836639404,0.727544903755188,0.38097620010375977
YNL059C,YBR222C,0,3.168795,0.16060806810855865,0.727544903755188,0.38107621669769287
YBL058W,YFR007W,0,3.1682806,0.16057269275188446,0.727544903755188,0.381176233291626
YMR188C,YER090W,0,3.168233,0.16053733229637146,0.727544903755188,0.3812762498855591
YDR050C,YGR154C,0,3.1679182,0.16050198674201965,0.727544903755188,0.3813762664794922
YDR330W,YPR174C,0,3.1677735,0.16046665608882904,0.727544903755188,0.3814762830734253
YLR129W,YJL155C,0,3.1674185,0.16043134033679962,0.727544903755188,0.3815763294696808
YLR395C,YOR117W,0,3.1666389,0.1603960394859314,0.727544903755188,0.3816763460636139
YER106W,YPL281C,0,3.1640513,0.16036075353622437,0.727544903755188,0.381776362657547
YJL214W,YLR096W,0,3.163743,0.16032548248767853,0.727544903755188,0.3818763792514801
YBR294W,YNL175C,0,3.1633334,0.16029024124145508,0.727544903755188,0.3819763958454132
YGL019W,YMR257C,0,3.1621132,0.16025499999523163,0.727544903755188,0.3820764124393463
YPL138C,YOR075W,0,3.161839,0.16021977365016937,0.727544903755188,0.3821764290332794
YHR021C,YGL076C,0,3.1615386,0.1601845771074295,0.727544903755188,0.3822764456272125
YER147C,YJL001W,0,3.1613948,0.16014938056468964,0.727544903755188,0.38237646222114563
YLR413W,YOR355W,0,3.1608477,0.16011421382427216,0.727544903755188,0.3824765086174011
YER113C,YPR091C,0,3.1603615,0.16007904708385468,0.727544903755188,0.38257652521133423
YPR096C,YBR202W,0,3.1602707,0.16004391014575958,0.727544903755188,0.38267654180526733
YDR170C,YDL130W-A,0,3.1599445,0.1600087732076645,0.727544903755188,0.38277655839920044
YML056C,YBR022W,0,3.1597457,0.15997366607189178,0.727544903755188,0.38287657499313354
YBR183W,YGL006W,0,3.159643,0.15993857383728027,0.727544903755188,0.38297659158706665
YOR098C,YFL026W,0,3.1593513,0.15990348160266876,0.727544903755188,0.38307660818099976
YDR392W,YLR305C,0,3.1592789,0.15986841917037964,0.727544903755188,0.38317662477493286
YLR370C,YEL050C,0,3.15911,0.1598333716392517,0.727544903755188,0.38327664136886597
YPL280W,YMR205C,0,3.1590495,0.15979833900928497,0.727544903755188,0.38337668776512146
YML121W,YOL002C,1,3.158946,0.15998247265815735,0.7285429239273071,0.38337668776512146
YGL058W,YIL138C,0,3.1583846,0.15994741022586823,0.7285429239273071,0.38347670435905457
YLR389C,YPR046W,0,3.15831,0.1599123775959015,0.7285429239273071,0.38357672095298767
YML121W,YOR061W,1,3.1582584,0.16009636223316193,0.7295409440994263,0.38357672095298767
YLR118C,YPR198W,0,3.1572766,0.160061314702034,0.7295409440994263,0.3836767375469208
YHR193C,YLR438C-A,0,3.1572707,0.16002626717090607,0.7295409440994263,0.3837767541408539
YDR013W,YOR099W,0,3.1571865,0.15999124944210052,0.7295409440994263,0.383876770734787
YDR246W,YMR237W,0,3.156943,0.15995623171329498,0.7295409440994263,0.3839767873287201
YMR093W,YHR072W-A,1,3.1565933,0.1601400077342987,0.7305389046669006,0.3839767873287201
YGL006W,YIL047C,0,3.1565537,0.16010499000549316,0.7305389046669006,0.3840768039226532
YOR078W,YDR303C,0,3.1548836,0.16006997227668762,0.7305389046669006,0.3841768205165863
YPL143W,YKL020C,0,3.1543279,0.16003498435020447,0.7305389046669006,0.3842768669128418
YIR004W,YLR105C,0,3.1540446,0.1599999964237213,0.7305389046669006,0.3843768835067749
YBR091C,YPR080W,0,3.153959,0.15996503829956055,0.7305389046669006,0.384476900100708
YBR205W,YDR150W,0,3.1537764,0.15993008017539978,0.7305389046669006,0.3845769166946411
YPL176C,YGL209W,0,3.1529033,0.1598951518535614,0.7305389046669006,0.3846769332885742
YOR324C,YMR168C,0,3.152812,0.15986023843288422,0.7305389046669006,0.3847769498825073
YKL197C,YHL031C,0,3.1519864,0.15982532501220703,0.7305389046669006,0.38487696647644043
YBR164C,YDR189W,0,3.151362,0.15979044139385223,0.7305389046669006,0.38497698307037354
YBL006C,YNL330C,1,3.1507545,0.15997381508350372,0.7315369248390198,0.38497698307037354
YER190W,YJL197W,0,3.1505456,0.15993890166282654,0.7315369248390198,0.38507702946662903
YPL137C,YDL229W,0,3.1502786,0.15990401804447174,0.7315369248390198,0.38517704606056213
YJL080C,YNL008C,0,3.1501908,0.15986913442611694,0.7315369248390198,0.38527706265449524
YPL273W,YDR002W,0,3.148849,0.15983428061008453,0.7315369248390198,0.38537707924842834
YJL178C,YDR478W,0,3.1487937,0.15979942679405212,0.7315369248390198,0.38547709584236145
YLR447C,YBL025W,0,3.1478333,0.1597646027803421,0.7315369248390198,0.38557711243629456
YGR082W,YIL094C,0,3.1478026,0.15972979366779327,0.7315369248390198,0.38567712903022766
YDL240W,YKL088W,0,3.1475153,0.15969498455524445,0.7315369248390198,0.38577714562416077
YGR104C,YDL108W,0,3.1472244,0.159660205245018,0.7315369248390198,0.38587716221809387
YDR439W,YKL016C,0,3.1471744,0.15962544083595276,0.7315369248390198,0.38597720861434937
YOL108C,YLR203C,0,3.1470938,0.1595906764268875,0.7315369248390198,0.38607722520828247
YHL017W,YLR083C,0,3.1470242,0.15955594182014465,0.7315369248390198,0.3861772418022156
YPR110C,YML112W,1,3.14685,0.15973885357379913,0.7325349450111389,0.3861772418022156
YJL006C,YER060W-A,1,3.1462388,0.15992167592048645,0.7335329055786133,0.3861772418022156
YOR232W,YMR013C,0,3.145934,0.15988688170909882,0.7335329055786133,0.3862772583961487
YLR300W,YOR070C,0,3.1458337,0.15985210239887238,0.7335329055786133,0.3863772749900818
YJR057W,YPL051W,0,3.1457472,0.15981735289096832,0.7335329055786133,0.3864772915840149
YPL089C,YIL177C,0,3.1455727,0.15978260338306427,0.7335329055786133,0.386577308177948
YPL006W,YPL097W,0,3.145307,0.1597478836774826,0.7335329055786133,0.3866773247718811
YER023W,YMR303C,0,3.145287,0.15971316397190094,0.7335329055786133,0.3867773413658142
YOR324C,YDR138W,0,3.1450682,0.15967847406864166,0.7335329055786133,0.3868773877620697
YDL072C,YML076C,0,3.1448627,0.15964378416538239,0.7335329055786133,0.3869774043560028
YPR180W,YLR247C,0,3.1444478,0.1596091240644455,0.7335329055786133,0.3870774209499359
YDR461W,YAL030W,0,3.1442957,0.1595744639635086,0.7335329055786133,0.387177437543869
YLR333C,YBL055C,0,3.1440392,0.1595398336648941,0.7335329055786133,0.3872774541378021
YPR011C,YHR149C,0,3.1440063,0.1595052033662796,0.7335329055786133,0.38737747073173523
YLR197W,YNL158W,0,3.1439228,0.1594706028699875,0.7335329055786133,0.38747748732566833
YCL039W,YAL025C,0,3.1432974,0.15943600237369537,0.7335329055786133,0.38757750391960144
YGL238W,YKL217W,0,3.143041,0.15940143167972565,0.7335329055786133,0.38767755031585693
YPR186C,YMR314W,0,3.1426787,0.15936687588691711,0.7335329055786133,0.38777756690979004
YAL039C,YDL017W,0,3.142337,0.15933232009410858,0.7335329055786133,0.38787758350372314
YGR035C,YPL163C,0,3.1422434,0.15929779410362244,0.7335329055786133,0.38797760009765625
YNL086W,YCL004W,0,3.1407452,0.1592632681131363,0.7335329055786133,0.38807761669158936
YOL102C,YPR072W,0,3.1402593,0.15922877192497253,0.7335329055786133,0.38817763328552246
YDR151C,YNL101W,0,3.1400552,0.15919427573680878,0.7335329055786133,0.38827764987945557
YPL157W,YJR135W-A,0,3.139536,0.1591598093509674,0.7335329055786133,0.38837766647338867
YGR156W,YDR075W,0,3.1390305,0.15912535786628723,0.7335329055786133,0.3884776830673218
YIL138C,YDR280W,0,3.1389394,0.15909090638160706,0.7335329055786133,0.38857772946357727
YNL049C,YHR017W,0,3.138716,0.15905648469924927,0.7335329055786133,0.3886777460575104
YAR007C,YDL149W,0,3.1384206,0.15902206301689148,0.7335329055786133,0.3887777626514435
YCL048W,YGR288W,0,3.137418,0.15898767113685608,0.7335329055786133,0.3888777792453766
YKR002W,YMR274C,0,3.1372974,0.15895329415798187,0.7335329055786133,0.3889777958393097
YDR238C,YGL151W,0,3.137281,0.15891891717910767,0.7335329055786133,0.3890778124332428
YKR080W,YGL063W,1,3.1369526,0.159100741147995,0.7345309257507324,0.3890778124332428
YLL014W,YOR247W,0,3.136939,0.1590663492679596,0.7345309257507324,0.3891778290271759
YBR096W,YNL175C,0,3.1368194,0.1590319722890854,0.7345309257507324,0.389277845621109
YMR002W,YDR438W,0,3.136568,0.15899762511253357,0.7345309257507324,0.3893778622150421
YDR399W,YKL124W,0,3.1362953,0.15896327793598175,0.7345309257507324,0.3894779086112976
YPL221W,YPR168W,0,3.1361866,0.15892896056175232,0.7345309257507324,0.3895779252052307
YMR316W,YLR285W,0,3.1358838,0.1588946431875229,0.7345309257507324,0.3896779417991638
YNR020C,YMR275C,0,3.135818,0.15886035561561584,0.7345309257507324,0.3897779583930969
YJL208C,YGR185C,0,3.1355739,0.1588260680437088,0.7345309257507324,0.38987797498703003
YLR145W,YNL135C,0,3.1355667,0.15879179537296295,0.7345309257507324,0.38997799158096313
YDL017W,YKL179C,0,3.134952,0.1587575525045395,0.7345309257507324,0.39007800817489624
YNL163C,YDR110W,0,3.1346002,0.15872330963611603,0.7345309257507324,0.39017802476882935
YKR099W,YIL017W,0,3.1343997,0.15868909657001495,0.7345309257507324,0.39027804136276245
YPL058C,YJL197W,0,3.1337104,0.15865488350391388,0.7345309257507324,0.39037808775901794
YDR512C,YLR385C,0,3.1331239,0.158620685338974,0.7345309257507324,0.39047810435295105
YGL098W,YGR154C,0,3.1324384,0.1585865169763565,0.7345309257507324,0.39057812094688416
YMR026C,YMR225C,0,3.1324217,0.158552348613739,0.7345309257507324,0.39067813754081726
YOL112W,YIL075C,0,3.132242,0.15851819515228271,0.7345309257507324,0.39077815413475037
YHR033W,YAL025C,0,3.132064,0.1584840714931488,0.7345309257507324,0.39087817072868347
YBR282W,YOL117W,0,3.131415,0.1584499478340149,0.7345309257507324,0.3909781873226166
YKL053C-A,YNL304W,0,3.1312742,0.15841583907604218,0.7345309257507324,0.3910782039165497
YHR156C,YOR264W,0,3.130972,0.15838174521923065,0.7345309257507324,0.3911782503128052
YHR076W,YKL145W,0,3.129449,0.15834768116474152,0.7345309257507324,0.3912782669067383
YJL110C,YLR192C,0,3.1288815,0.15831361711025238,0.7345309257507324,0.3913782835006714
YOL156W,YHR013C,0,3.1283655,0.15827956795692444,0.7345309257507324,0.3914783000946045
YHL027W,YOR233W,0,3.1281695,0.1582455337047577,0.7345309257507324,0.3915783166885376
YDL031W,YCL066W,0,3.1273608,0.15821152925491333,0.7345309257507324,0.3916783332824707
YBR015C,YLL051C,0,3.1272168,0.15817752480506897,0.7345309257507324,0.3917783498764038
YDR297W,YBR248C,0,3.126862,0.1581435352563858,0.7345309257507324,0.3918783664703369
YIL150C,YCL029C,0,3.1266923,0.15810956060886383,0.7345309257507324,0.39197838306427
YLR141W,YNL330C,1,3.1261263,0.15829037129878998,0.7355289459228516,0.39197838306427
YHR028C,YDR276C,0,3.1259117,0.1582563817501068,0.7355289459228516,0.3920784294605255
YOR074C,YEL053C,0,3.1251845,0.15822240710258484,0.7355289459228516,0.3921784460544586
YDR156W,YIL035C,1,3.124732,0.15840308368206024,0.7365269660949707,0.3921784460544586
YHR069C,YDR384C,0,3.124079,0.15836909413337708,0.7365269660949707,0.3922784626483917
YGL237C,YGL229C,0,3.1232142,0.1583351194858551,0.7365269660949707,0.39237847924232483
YDL038C,YER060W,0,3.12201,0.15830115973949432,0.7365269660949707,0.39247849583625793
YOR142W,YNL130C,0,3.1202884,0.15826721489429474,0.7365269660949707,0.39257851243019104
YNL078W,YDR441C,0,3.118125,0.15823327004909515,0.7365269660949707,0.39267852902412415
YEL022W,YLR448W,0,3.1178033,0.15819935500621796,0.7365269660949707,0.39277854561805725
YHR031C,YOR091W,0,3.1176214,0.15816545486450195,0.7365269660949707,0.39287856221199036
YKL178C,YFL023W,0,3.1168191,0.15813155472278595,0.7365269660949707,0.39297860860824585
YKR104W,YDR351W,0,3.1167378,0.15809768438339233,0.7365269660949707,0.39307862520217896
YDL083C,YER125W,0,3.1164837,0.1580638289451599,0.7365269660949707,0.39317864179611206
YDR498C,YPR046W,0,3.1161857,0.1580299735069275,0.7365269660949707,0.39327865839004517
YJR016C,YPL161C,0,3.115675,0.15799614787101746,0.7365269660949707,0.39337867498397827
YLR383W,YOL152W,0,3.115458,0.15796232223510742,0.7365269660949707,0.3934786915779114
YDR492W,YDR329C,0,3.1152892,0.15792852640151978,0.7365269660949707,0.3935787081718445
YJL102W,YMR198W,0,3.1144502,0.15789473056793213,0.7365269660949707,0.3936787247657776
YDR373W,YDR130C,0,3.1140733,0.15786096453666687,0.7365269660949707,0.3937787413597107
YOR044W,YOR070C,0,3.1139846,0.1578271985054016,0.7365269660949707,0.3938787877559662
YDR026C,YDR513W,0,3.112897,0.15779346227645874,0.7365269660949707,0.3939788043498993
YJR067C,YOR295W,1,3.1124985,0.1579734981060028,0.7375249266624451,0.3939788043498993
YBL047C,YNR024W,0,3.1123464,0.15793973207473755,0.7375249266624451,0.3940788209438324
YDL060W,YOR332W,0,3.1114445,0.15790598094463348,0.7375249266624451,0.3941788375377655
YNR002C,YJL191W,0,3.1113925,0.1578722447156906,0.7375249266624451,0.3942788541316986
YDR033W,YHR190W,0,3.1110444,0.15783852338790894,0.7375249266624451,0.3943788707256317
YPR200C,YJL165C,0,3.1108286,0.15780483186244965,0.7375249266624451,0.3944788873195648
YER002W,YDR418W,0,3.1105814,0.15777114033699036,0.7375249266624451,0.3945789039134979
YMR022W,YOR025W,0,3.1104681,0.15773746371269226,0.7375249266624451,0.3946789503097534
YGL144C,YKL032C,0,3.109737,0.15770380198955536,0.7375249266624451,0.3947789669036865
YFL005W,YNL199C,0,3.1088598,0.15767015516757965,0.7375249266624451,0.39487898349761963
YPR119W,YLR288C,0,3.1075916,0.15763652324676514,0.7375249266624451,0.39497900009155273
YDL142C,YBR189W,0,3.1075115,0.15760290622711182,0.7375249266624451,0.39507901668548584
YGL120C,YNL138W,0,3.107153,0.1575692892074585,0.7375249266624451,0.39517903327941895
YKL045W,YDR139C,0,3.1071045,0.15753570199012756,0.7375249266624451,0.39527904987335205
YLR371W,YLR004C,0,3.1069517,0.15750212967395782,0.7375249266624451,0.39537906646728516
YDR207C,YDR406W,0,3.106933,0.15746857225894928,0.7375249266624451,0.39547908306121826
YDR308C,YNL156C,0,3.1068006,0.15743502974510193,0.7375249266624451,0.39557912945747375
YGR009C,YNR017W,0,3.1065478,0.15740148723125458,0.7375249266624451,0.39567914605140686
YER053C,YCR010C,0,3.1056314,0.15736797451972961,0.7375249266624451,0.39577916264533997
YPL082C,YER137C,1,3.1055632,0.15754736959934235,0.7385229468345642,0.39577916264533997
YLR141W,YMR042W,1,3.1049795,0.1577266901731491,0.7395209670066833,0.39577916264533997
YGL237C,YDL179W,0,3.1043718,0.15769313275814056,0.7395209670066833,0.39587917923927307
YCL017C,YPL154C,0,3.1042438,0.15765957534313202,0.7395209670066833,0.3959791958332062
YLL024C,YOR044W,0,3.1032915,0.15762603282928467,0.7395209670066833,0.3960792124271393
YLR325C,YDR318W,0,3.1030593,0.1575925201177597,0.7395209670066833,0.3961792290210724
YNL084C,YHR147C,0,3.1028924,0.15755900740623474,0.7395209670066833,0.3962792456150055
YHR066W,YDL046W,0,3.10239,0.15752550959587097,0.7395209670066833,0.3963792622089386
YGR274C,YHR010W,0,3.1009264,0.1574920266866684,0.7395209670066833,0.3964793086051941
YOR098C,YOL045W,0,3.1007137,0.15745855867862701,0.7395209670066833,0.3965793251991272
YJR158W,YDL227C,0,3.1005225,0.15742510557174683,0.7395209670066833,0.3966793417930603
YPR155C,YJL098W,0,3.100316,0.15739166736602783,0.7395209670066833,0.3967793583869934
YDR077W,YKR026C,0,3.0996056,0.15735824406147003,0.7395209670066833,0.3968793749809265
YOR383C,YLR067C,0,3.0995286,0.15732483565807343,0.7395209670066833,0.3969793915748596
YDR498C,YER087C-B,0,3.0993733,0.157291442155838,0.7395209670066833,0.3970794081687927
YIR015W,YHR005C,0,3.0992947,0.1572580635547638,0.7395209670066833,0.39717942476272583
YBL025W,YER137C,1,3.0991843,0.15743687748908997,0.7405189871788025,0.39717942476272583
YKR064W,YJL094C,0,3.098755,0.15740348398685455,0.7405189871788025,0.39727944135665894
YDR261C,YKL041W,0,3.0979128,0.15737009048461914,0.7405189871788025,0.39737948775291443
YGL189C,YLR432W,0,3.0975437,0.15733672678470612,0.7405189871788025,0.39747950434684753
YPR166C,YOR192C,0,3.0968785,0.15730337798595428,0.7405189871788025,0.39757952094078064
YDL185W,YGL167C,0,3.0960636,0.15727002918720245,0.7405189871788025,0.39767953753471375
YER133W,YOL117W,0,3.0959468,0.15723669528961182,0.7405189871788025,0.39777955412864685
YGL119W,YNL117W,0,3.0958834,0.15720339119434357,0.7405189871788025,0.39787957072257996
YHR033W,YPL013C,0,3.095766,0.15717008709907532,0.7405189871788025,0.39797958731651306
YEL048C,YOR101W,0,3.095724,0.15713681280612946,0.7405189871788025,0.39807960391044617
YPR019W,YLR403W,0,3.095605,0.1571035385131836,0.7405189871788025,0.39817965030670166
YFL054C,YGR052W,0,3.095574,0.15707027912139893,0.7405189871788025,0.39827966690063477
YPR010C,YOR270C,0,3.0939348,0.15703703463077545,0.7405189871788025,0.39837968349456787
YDR159W,YPL161C,0,3.09385,0.15700380504131317,0.7405189871788025,0.398479700088501
YDR507C,YOL023W,0,3.093674,0.15697059035301208,0.7405189871788025,0.3985797166824341
YNL113W,YHR039C-A,1,3.0929537,0.15714889764785767,0.7415169477462769,0.3985797166824341
YLR285W,YPL183W-A,0,3.0920937,0.15711566805839539,0.7415169477462769,0.3986797332763672
YER139C,YJL001W,0,3.090404,0.1570824533700943,0.7415169477462769,0.3987797498703003
YKL006C-A,YER137C,1,3.089344,0.15726062655448914,0.742514967918396,0.3987797498703003
YNL129W,YGR024C,0,3.0890703,0.15722738206386566,0.742514967918396,0.3988797664642334
YGR104C,YLR385C,0,3.0889857,0.15719416737556458,0.742514967918396,0.3989797830581665
YEL064C,YLR105C,0,3.0881019,0.15716096758842468,0.742514967918396,0.399079829454422
YNL123W,YML099C,0,3.0880094,0.1571277678012848,0.742514967918396,0.3991798460483551
YOR224C,YER137C,1,3.0878818,0.1573057472705841,0.7435129880905151,0.3991798460483551
YBR149W,YJL060W,0,3.087501,0.15727253258228302,0.7435129880905151,0.3992798626422882
YIL128W,YMR298W,0,3.0874639,0.15723934769630432,0.7435129880905151,0.3993798792362213
YPR152C,YAL051W,0,3.0869076,0.15720616281032562,0.7435129880905151,0.3994798958301544
YPL186C,YDR079W,0,3.0863838,0.15717299282550812,0.7435129880905151,0.3995799124240875
YDR390C,YOR011W,0,3.0853515,0.1571398377418518,0.7435129880905151,0.39967992901802063
YMR228W,YOR193W,0,3.0848708,0.15710671246051788,0.7435129880905151,0.39977994561195374
YGR112W,YDR228C,0,3.0842648,0.15707358717918396,0.7435129880905151,0.39987996220588684
YCL025C,YOR338W,0,3.0841186,0.15704047679901123,0.7435129880905151,0.39998000860214233
YDR495C,YMR308C,0,3.084089,0.1570073813199997,0.7435129880905151,0.40008002519607544
YKL010C,YBL007C,0,3.0840442,0.15697430074214935,0.7435129880905151,0.40018004179000854
YOL054W,YDR165W,0,3.0836477,0.156941220164299,0.7435129880905151,0.40028005838394165
YHR132C,YBR065C,0,3.083521,0.15690816938877106,0.7435129880905151,0.40038007497787476
YHR090C,YPL188W,0,3.0834777,0.1568751335144043,0.7435129880905151,0.40048009157180786
YBR257W,YDR365C,0,3.0829854,0.15684211254119873,0.7435129880905151,0.40058010816574097
YLR323C,YER165W,0,3.0823102,0.15680909156799316,0.7435129880905151,0.4006801247596741
YLR265C,YBR020W,0,3.0820687,0.15677610039710999,0.7435129880905151,0.4007801413536072
YJL112W,YML097C,0,3.0820422,0.1567431092262268,0.7435129880905151,0.40088018774986267
YDR240C,YEL065W,0,3.0817401,0.15671013295650482,0.7435129880905151,0.4009802043437958
YML125C,YDL211C,0,3.0815697,0.15667718648910522,0.7435129880905151,0.4010802209377289
YNL123W,YGR014W,0,3.0812356,0.15664424002170563,0.7435129880905151,0.401180237531662
YPL059W,YPL253C,0,3.0810235,0.15661130845546722,0.7435129880905151,0.4012802541255951
YGR276C,YCR096C,0,3.0807195,0.15657839179039001,0.7435129880905151,0.4013802707195282
YBR087W,YGL122C,0,3.080666,0.156545490026474,0.7435129880905151,0.4014802873134613
YDR150W,YIR031C,0,3.0802054,0.15651260316371918,0.7435129880905151,0.4015803039073944
YPL234C,YOR232W,0,3.0795975,0.15647973120212555,0.7435129880905151,0.4016803503036499
YEL044W,YDL198C,0,3.078618,0.15644687414169312,0.7435129880905151,0.401780366897583
YIL026C,YDR373W,0,3.078024,0.15641403198242188,0.7435129880905151,0.4018803834915161
YJR058C,YDR195W,0,3.0780015,0.15638118982315063,0.7435129880905151,0.4019804000854492
YBR160W,YDL112W,0,3.0777462,0.15634837746620178,0.7435129880905151,0.4020804166793823
YNL212W,YGL240W,0,3.0772607,0.15631556510925293,0.7435129880905151,0.40218043327331543
YIL150C,YNL103W,0,3.077077,0.15628278255462646,0.7435129880905151,0.40228044986724854
YJL082W,YMR039C,0,3.0766282,0.15625,0.7435129880905151,0.40238046646118164
YJL106W,YIL113W,0,3.0766003,0.15621723234653473,0.7435129880905151,0.40248048305511475
YOR217W,YGR095C,0,3.0765896,0.15618447959423065,0.7435129880905151,0.40258052945137024
YLR061W,YHR207C,0,3.0741203,0.15615175664424896,0.7435129880905151,0.40268054604530334
YMR304W,YIL051C,0,3.0738392,0.15611903369426727,0.7435129880905151,0.40278056263923645
YNR031C,YDR062W,0,3.0725737,0.15608632564544678,0.7435129880905151,0.40288057923316956
YDL144C,YJR133W,0,3.0723217,0.15605361759662628,0.7435129880905151,0.40298059582710266
YDR407C,YEL044W,0,3.0720828,0.15602093935012817,0.7435129880905151,0.40308061242103577
YBR185C,YDL045W-A,0,3.072003,0.15598827600479126,0.7435129880905151,0.40318062901496887
YHR185C,YDL137W,0,3.0714931,0.15595562756061554,0.7435129880905151,0.403280645608902
YBL041W,YER091C,0,3.0705214,0.15592297911643982,0.7435129880905151,0.4033806622028351
YOL158C,YDR036C,0,3.0704923,0.1558903604745865,0.7435129880905151,0.4034807085990906
YDR032C,YOR113W,0,3.0704467,0.15585774183273315,0.7435129880905151,0.4035807251930237
YMR172W,YPL063W,0,3.0703936,0.15582513809204102,0.7435129880905151,0.4036807417869568
YDR137W,YKL058W,0,3.0701706,0.15579254925251007,0.7435129880905151,0.4037807583808899
YGR078C,YBL090W,0,3.0700068,0.1557599902153015,0.7435129880905151,0.403880774974823
YOR016C,YMR302C,0,3.0695648,0.15572743117809296,0.7435129880905151,0.4039807915687561
YOR266W,YFL056C,0,3.0688639,0.1556948870420456,0.7435129880905151,0.4040808081626892
YKL198C,YAL020C,0,3.0688386,0.15566234290599823,0.7435129880905151,0.4041808247566223
YIL061C,YGR034W,0,3.067287,0.15562982857227325,0.7435129880905151,0.4042808413505554
YJR063W,YNR044W,0,3.0669065,0.15559732913970947,0.7435129880905151,0.4043808877468109
YDR105C,YLR060W,0,3.0667424,0.1555648297071457,0.7435129880905151,0.404480904340744
YNL294C,YLR185W,0,3.066272,0.1555323600769043,0.7435129880905151,0.4045809209346771
YBR172C,YEL031W,0,3.0651658,0.1554998904466629,0.7435129880905151,0.40468093752861023
YNL061W,YBR096W,0,3.0648003,0.1554674506187439,0.7435129880905151,0.40478095412254333
YNL111C,YCL067C,0,3.0645866,0.1554350107908249,0.7435129880905151,0.40488097071647644
YBL041W,YOL092W,0,3.064508,0.15540258586406708,0.7435129880905151,0.40498098731040955
YPL068C,YDR090C,0,3.0639167,0.15537017583847046,0.7435129880905151,0.40508100390434265
YKR050W,YDL145C,0,3.0638266,0.15533778071403503,0.7435129880905151,0.40518105030059814
YDR012W,YDR419W,0,3.0633526,0.1553054004907608,0.7435129880905151,0.40528106689453125
YPR022C,YER137C,1,3.0625033,0.1554814577102661,0.7445109486579895,0.40528106689453125
YJL081C,YNL310C,0,3.0617447,0.1554490476846695,0.7445109486579895,0.40538108348846436
YER053C,YBR131W,0,3.061684,0.15541666746139526,0.7445109486579895,0.40548110008239746
YDR289C,YJR046W,0,3.0604515,0.15538430213928223,0.7445109486579895,0.40558111667633057
YIL088C,YLR020C,0,3.0600677,0.1553519368171692,0.7445109486579895,0.40568113327026367
YDR096W,YOR283W,0,3.0598502,0.15531958639621735,0.7445109486579895,0.4057811498641968
YNL238W,YGL219C,0,3.0587173,0.1552872657775879,0.7445109486579895,0.4058811664581299
YNL325C,YPR132W,0,3.058499,0.15525494515895844,0.7445109486579895,0.405981183052063
YJL186W,YHL025W,0,3.0574813,0.15522263944149017,0.7445109486579895,0.4060812294483185
YHR160C,YMR160W,0,3.0574136,0.1551903486251831,0.7445109486579895,0.4061812460422516
YDR423C,YFL010W-A,0,3.0565393,0.15515807271003723,0.7445109486579895,0.4062812626361847
YDL240W,YDL205C,0,3.0559924,0.15512581169605255,0.7445109486579895,0.4063812792301178
YHR099W,YHR072W-A,1,3.0558004,0.15530145168304443,0.7455089688301086,0.4063812792301178
YER162C,YOR356W,0,3.054798,0.15526917576789856,0.7455089688301086,0.4064812958240509
YBL078C,YNL335W,0,3.0537689,0.15523691475391388,0.7455089688301086,0.406581312417984
YER007W,YPL159C,0,3.0530193,0.1552046537399292,0.7455089688301086,0.4066813290119171
YPL195W,YKL033W,0,3.0529077,0.1551724076271057,0.7455089688301086,0.4067813456058502
YBR001C,YIL047C,0,3.052023,0.15514019131660461,0.7455089688301086,0.4068813621997833
YHR160C,YHR074W,0,3.0518532,0.15510797500610352,0.7455089688301086,0.4069814085960388
YEL037C,YGL211W,0,3.0512936,0.1550757735967636,0.7455089688301086,0.4070814251899719
YGR271C-A,YDL140C,1,3.050593,0.155251145362854,0.7465069890022278,0.4070814251899719
YKL093W,YFL029C,0,3.0505815,0.1552189290523529,0.7465069890022278,0.40718144178390503
YNR045W,YNL163C,0,3.050476,0.155186727643013,0.7465069890022278,0.40728145837783813
YHR118C,YIL140W,0,3.0500226,0.1551545262336731,0.7465069890022278,0.40738147497177124
YHR194W,YNR038W,0,3.0498188,0.15512235462665558,0.7465069890022278,0.40748149156570435
YMR146C,YGL186C,0,3.0492814,0.15509019792079926,0.7465069890022278,0.40758150815963745
YPL177C,YAR042W,0,3.0490031,0.15505804121494293,0.7465069890022278,0.40768152475357056
YMR055C,YDR443C,0,3.0484405,0.1550258994102478,0.7465069890022278,0.40778157114982605
YDR025W,YNL173C,0,3.0480866,0.15499378740787506,0.7465069890022278,0.40788158774375916
YKL125W,YDL129W,1,3.0478005,0.15516884624958038,0.7475050091743469,0.40788158774375916
YDR429C,YLR364W,0,3.047705,0.15513670444488525,0.7475050091743469,0.40798160433769226
YOR232W,YKL156W,0,3.0471764,0.15510457754135132,0.7475050091743469,0.40808162093162537
YBR081C,YGL122C,0,3.046437,0.15507246553897858,0.7475050091743469,0.40818163752555847
YGL049C,YKL038W,0,3.0460062,0.15504036843776703,0.7475050091743469,0.4082816541194916
YJR153W,YKL196C,0,3.0456548,0.15500827133655548,0.7475050091743469,0.4083816707134247
YDR022C,YBL020W,0,3.0444088,0.15497620403766632,0.7475050091743469,0.4084816873073578
YDR478W,YIR036C,0,3.0443847,0.15494415163993835,0.7475050091743469,0.4085817039012909
YDR252W,YDR126W,0,3.0435116,0.1549120992422104,0.7475050091743469,0.4086817502975464
YGR113W,YOR288C,0,3.043088,0.15488006174564362,0.7475050091743469,0.4087817668914795
YEL012W,YGL050W,0,3.0419803,0.15484803915023804,0.7475050091743469,0.4088817834854126
YNR016C,YLR039C,0,3.0400655,0.15481604635715485,0.7475050091743469,0.4089818000793457
YBR162W-A,YDR369C,0,3.0397592,0.15478405356407166,0.7475050091743469,0.4090818166732788
YOL141W,YBR166C,0,3.039308,0.15475206077098846,0.7475050091743469,0.4091818332672119
YDR395W,YGR026W,0,3.0389435,0.15472009778022766,0.7475050091743469,0.409281849861145
YKL079W,YOR049C,0,3.0388088,0.15468814969062805,0.7475050091743469,0.4093818664550781
YJR009C,YJR083C,0,3.0382495,0.15465620160102844,0.7475050091743469,0.40948188304901123
YCR055C,YPL017C,0,3.0377297,0.15462428331375122,0.7475050091743469,0.4095819294452667
YHR008C,YGR241C,0,3.0375628,0.154592365026474,0.7475050091743469,0.40968194603919983
YNL164C,YLR425W,0,3.0366983,0.15456046164035797,0.7475050091743469,0.40978196263313293
YLR367W,YMR163C,0,3.036437,0.15452857315540314,0.7475050091743469,0.40988197922706604
YOL104C,YIL177C,0,3.0362535,0.1544966995716095,0.7475050091743469,0.40998199582099915
YDL123W,YMR025W,0,3.0357318,0.15446484088897705,0.7475050091743469,0.41008201241493225
YKL144C,YLR073C,0,3.035315,0.1544329971075058,0.7475050091743469,0.41018202900886536
YOR228C,YER176W,0,3.0349913,0.15440115332603455,0.7475050091743469,0.41028204560279846
YDL075W,YCR065W,0,3.034536,0.15436933934688568,0.7475050091743469,0.41038206219673157
YGR068C,YBL014C,1,3.0339642,0.15454357862472534,0.7485029697418213,0.41038206219673157
YER113C,YAL056W,0,3.0331051,0.15451174974441528,0.7485029697418213,0.41048210859298706
YCR094W,YDR075W,0,3.0326605,0.15447992086410522,0.7485029697418213,0.41058212518692017
YIL171W,YCR096C,0,3.0321803,0.15444810688495636,0.7485029697418213,0.41068214178085327
YBL021C,YNL330C,1,3.031955,0.15462219715118408,0.7495009899139404,0.41068214178085327
YGR105W,YPL013C,0,3.0316968,0.15459036827087402,0.7495009899139404,0.4107821583747864
YGR253C,YER174C,0,3.0314374,0.15455855429172516,0.7495009899139404,0.4108821749687195
YGR078C,YPR171W,0,3.0313978,0.1545267552137375,0.7495009899139404,0.4109821915626526
YPR046W,YLR321C,0,3.0311618,0.15449495613574982,0.7495009899139404,0.4110822081565857
YDR469W,YBL005W,0,3.031074,0.15446318686008453,0.7495009899139404,0.4111822247505188
YPL085W,YML101C,1,3.0307832,0.15463705360889435,0.7504990100860596,0.4111822247505188
YDL197C,YDR418W,0,3.0288606,0.15460526943206787,0.7504990100860596,0.4112822711467743
YBR273C,YDL200C,0,3.0287366,0.1545734852552414,0.7504990100860596,0.4113822877407074
YOR319W,YNL056W,1,3.0285707,0.15474723279476166,0.7514970302581787,0.4113822877407074
YPL126W,YOR341W,1,3.028024,0.15492089092731476,0.7524949908256531,0.4113822877407074
YPL198W,YDR213W,0,3.0279605,0.1548890769481659,0.7524949908256531,0.4114823043346405
YBL079W,YMR307W,0,3.0279155,0.15485726296901703,0.7524949908256531,0.4115823209285736
YOL138C,YMR065W,0,3.0267763,0.15482546389102936,0.7524949908256531,0.4116823375225067
YLR142W,YER111C,0,3.0258303,0.15479367971420288,0.7524949908256531,0.4117823541164398
YIL035C,YPL144W,1,3.025785,0.15496715903282166,0.7534930109977722,0.4117823541164398
YHR006W,YBL007C,0,3.0257416,0.15493535995483398,0.7534930109977722,0.4118823707103729
YGR224W,YKL108W,0,3.0253553,0.1549035757780075,0.7534930109977722,0.41198238730430603
YJL129C,YDR473C,0,3.0249543,0.15487179160118103,0.7534930109977722,0.41208240389823914
YCL052C,YKL004W,0,3.0244756,0.15484003722667694,0.7534930109977722,0.41218245029449463
YBR078W,YPL098C,0,3.0232773,0.15480828285217285,0.7534930109977722,0.41228246688842773
YLR248W,YOL095C,0,3.0224597,0.15477654337882996,0.7534930109977722,0.41238248348236084
YKL196C,YDR388W,0,3.0217743,0.15474481880664825,0.7534930109977722,0.41248250007629395
YMR117C,YBR122C,0,3.0211816,0.15471310913562775,0.7534930109977722,0.41258251667022705
YPL150W,YER030W,0,3.0210636,0.15468141436576843,0.7534930109977722,0.41268253326416016
YGL137W,YDL198C,0,3.0206008,0.1546497344970703,0.7534930109977722,0.41278254985809326
YBR182C,YPR132W,0,3.0200567,0.1546180695295334,0.7534930109977722,0.41288256645202637
YGL174W,YNR006W,0,3.0199857,0.15458640456199646,0.7534930109977722,0.4129825830459595
YGL049C,YHR160C,0,3.0197992,0.15455475449562073,0.7534930109977722,0.41308262944221497
YHR168W,YDR096W,0,3.0194736,0.15452313423156738,0.7534930109977722,0.41318264603614807
YJR031C,YGR218W,0,3.0187783,0.15449151396751404,0.7534930109977722,0.4132826626300812
YEL069C,YHR118C,0,3.018676,0.1544599086046219,0.7534930109977722,0.4133826792240143
YDR261C,YGR161C,0,3.018262,0.15442830324172974,0.7534930109977722,0.4134826958179474
YKL096W-A,YKL061W,0,3.0182571,0.15439672768115997,0.7534930109977722,0.4135827124118805
YIL061C,YAL012W,0,3.0176582,0.1543651670217514,0.7534930109977722,0.4136827290058136
YFL066C,YPR071W,0,3.017285,0.15433360636234283,0.7534930109977722,0.4137827455997467
YNL102W,YPR035W,0,3.0172663,0.15430206060409546,0.7534930109977722,0.4138827621936798
YCR057C,YOL152W,0,3.01678,0.15427052974700928,0.7534930109977722,0.4139828085899353
YPL144W,YPR132W,0,3.0166087,0.1542390137910843,0.7534930109977722,0.4140828251838684
YDL171C,YBR218C,0,3.0157976,0.1542075127363205,0.7534930109977722,0.4141828417778015
YFL039C,YLR390W,0,3.015397,0.1541760265827179,0.7534930109977722,0.4142828583717346
YOR099W,YMR046C,0,3.0153732,0.1541445553302765,0.7534930109977722,0.4143828749656677
YDR032C,YHR139C,0,3.0152347,0.15411308407783508,0.7534930109977722,0.41448289155960083
YDR406W,YKR061W,0,3.0150216,0.15408162772655487,0.7534930109977722,0.41458290815353394
YKL166C,YDL045W-A,0,3.01502,0.15405020117759705,0.7534930109977722,0.41468292474746704
YGL233W,YDR130C,0,3.0148993,0.15401877462863922,0.7534930109977722,0.41478297114372253
YDR415C,YBR142W,0,3.0146961,0.1539873480796814,0.7534930109977722,0.41488298773765564
YNL102W,YBR158W,0,3.0143082,0.15395595133304596,0.7534930109977722,0.41498300433158875
YML021C,YDL101C,0,3.0140615,0.15392456948757172,0.7534930109977722,0.41508302092552185
YJR053W,YHR205W,0,3.0139837,0.15389318764209747,0.7534930109977722,0.41518303751945496
YJR130C,YOR391C,0,3.0138965,0.15386183559894562,0.7534930109977722,0.41528305411338806
YDR175C,YGR118W,0,3.013781,0.15383048355579376,0.7534930109977722,0.41538307070732117
YGL120C,YGR063C,0,3.0135436,0.1537991464138031,0.7534930109977722,0.4154830873012543
YDR353W,YGR076C,0,3.0132422,0.15376782417297363,0.7534930109977722,0.4155831038951874
YDR466W,YLR260W,0,3.0132167,0.15373651683330536,0.7534930109977722,0.41568315029144287
YOL086C,YCR045C,0,3.0131807,0.15370520949363708,0.7534930109977722,0.415783166885376
YJL026W,YDR345C,0,3.0129967,0.1536739319562912,0.7534930109977722,0.4158831834793091
YGL051W,YMR292W,0,3.012203,0.1536426544189453,0.7534930109977722,0.4159832000732422
YOL064C,YDR520C,0,3.0120907,0.15361139178276062,0.7534930109977722,0.4160832166671753
YIR004W,YDR443C,0,3.0116038,0.15358014404773712,0.7534930109977722,0.4161832332611084
YBR207W,YHL032C,0,3.0109296,0.15354891121387482,0.7534930109977722,0.4162832498550415
YOR194C,YDR075W,0,3.0100756,0.1535176932811737,0.7534930109977722,0.4163832664489746
YJL108C,YGR208W,0,3.0099883,0.1534864753484726,0.7534930109977722,0.4164832830429077
YPL248C,YJR135C,0,3.0093517,0.15345528721809387,0.7534930109977722,0.4165833294391632
YER007C-A,YNL046W,0,3.007836,0.15342409908771515,0.7534930109977722,0.4166833460330963
YKL203C,YLR447C,0,3.0071645,0.15339292585849762,0.7534930109977722,0.4167833626270294
YOR068C,YJR050W,0,3.005558,0.15336176753044128,0.7534930109977722,0.4168833792209625
YLR118C,YDR372C,0,3.0054095,0.15333062410354614,0.7534930109977722,0.41698339581489563
YKL124W,YBR247C,0,3.0033808,0.1532994955778122,0.7534930109977722,0.41708341240882874
YIL009W,YPL089C,0,3.002898,0.15326836705207825,0.7534930109977722,0.41718342900276184
YHR122W,YKL082C,0,3.002304,0.1532372683286667,0.7534930109977722,0.41728344559669495
YLR107W,YCL036W,0,3.001768,0.15320616960525513,0.7534930109977722,0.41738346219062805
YJR097W,YOR116C,0,3.000723,0.15317508578300476,0.7534930109977722,0.41748350858688354
YNL307C,YJL166W,0,3.0000792,0.1531440168619156,0.7534930109977722,0.41758352518081665
YBR033W,YEL056W,0,2.99995,0.1531129628419876,0.7534930109977722,0.41768354177474976
YOR087W,YOL129W,0,2.9998732,0.15308190882205963,0.7534930109977722,0.41778355836868286
YOR054C,YDR435C,0,2.9995866,0.15305088460445404,0.7534930109977722,0.41788357496261597
YER032W,YBR131W,0,2.9985473,0.15301986038684845,0.7534930109977722,0.4179835915565491
YDR343C,YOR320C,0,2.9985366,0.15298885107040405,0.7534930109977722,0.4180836081504822
YCL017C,YHR004C,0,2.9965172,0.15295785665512085,0.7534930109977722,0.4181836247444153
YJR149W,YLR025W,0,2.9950552,0.15292687714099884,0.7534930109977722,0.4182836711406708
YNR021W,YDR322W,0,2.9948826,0.15289591252803802,0.7534930109977722,0.4183836877346039
YKL183W,YGR162W,0,2.9934225,0.1528649479150772,0.7534930109977722,0.418483704328537
YGL173C,YGR288W,0,2.9926696,0.15283401310443878,0.7534930109977722,0.4185837209224701
YHR202W,YMR026C,0,2.9922957,0.15280307829380035,0.7534930109977722,0.4186837375164032
YOR242C,YLL014W,0,2.9920387,0.15277215838432312,0.7534930109977722,0.4187837541103363
YOL120C,YHR076W,0,2.9916868,0.15274125337600708,0.7534930109977722,0.4188837707042694
YKR038C,YKL078W,0,2.9916048,0.15271036326885223,0.7534930109977722,0.4189837872982025
YIL008W,YIL087C,0,2.9915662,0.1526794731616974,0.7534930109977722,0.4190838038921356
YKR031C,YPR096C,0,2.9912739,0.15264859795570374,0.7534930109977722,0.4191838502883911
YDR443C,YDR465C,0,2.9906192,0.15261775255203247,0.7534930109977722,0.4192838668823242
YLR068W,YNL259C,0,2.9901156,0.1525869071483612,0.7534930109977722,0.4193838834762573
YGR272C,YOR295W,1,2.9898348,0.1527581363916397,0.7544910311698914,0.4193838834762573
YDR496C,YLL006W,0,2.9891708,0.15272727608680725,0.7544910311698914,0.41948390007019043
YIL039W,YJR107W,0,2.9889479,0.152696430683136,0.7544910311698914,0.41958391666412354
YHR193C,YDR227W,0,2.9887946,0.15266558527946472,0.7544910311698914,0.41968393325805664
YDL067C,YGL113W,0,2.9887295,0.15263476967811584,0.7544910311698914,0.41978394985198975
YCL044C,YNL045W,0,2.9884973,0.15260395407676697,0.7544910311698914,0.41988396644592285
YDR257C,YGR094W,0,2.98808,0.15257315337657928,0.7544910311698914,0.41998398303985596
YJR132W,YLR157C,0,2.9877453,0.1525423675775528,0.7544910311698914,0.42008402943611145
YJL082W,YMR256C,0,2.9875402,0.1525115966796875,0.7544910311698914,0.42018404603004456
YAL016W,YOR071C,0,2.987483,0.1524808406829834,0.7544910311698914,0.42028406262397766
YNL292W,YDR076W,0,2.9871988,0.1524500846862793,0.7544910311698914,0.42038407921791077
YNL163C,YJL168C,0,2.9867065,0.15241935849189758,0.7544910311698914,0.42048409581184387
YER129W,YJR101W,0,2.9863186,0.15238863229751587,0.7544910311698914,0.420584112405777
YHR035W,YGL169W,0,2.9861763,0.15235792100429535,0.7544910311698914,0.4206841289997101
YHL011C,YMR012W,0,2.9852514,0.15232722461223602,0.7544910311698914,0.4207841455936432
YLR425W,YHR110W,0,2.9851341,0.1522965282201767,0.7544910311698914,0.4208841621875763
YOR222W,YDL054C,0,2.9849029,0.15226586163043976,0.7544910311698914,0.4209842085838318
YPL144W,YHR039C-A,1,2.9841256,0.15243656933307648,0.7554890513420105,0.4209842085838318
YPL146C,YDL130W,0,2.9835467,0.15240587294101715,0.7554890513420105,0.4210842251777649
YLL038C,YER120W,0,2.9833364,0.1523752063512802,0.7554890513420105,0.421184241771698
YOR158W,YBR005W,0,2.9829655,0.15234453976154327,0.7554890513420105,0.4212842583656311
YGR020C,YGL169W,0,2.9829493,0.15231388807296753,0.7554890513420105,0.4213842749595642
YDR512C,YDL045C,0,2.9829276,0.15228323638439178,0.7554890513420105,0.4214842915534973
YKR026C,YGL157W,0,2.9824328,0.15225261449813843,0.7554890513420105,0.4215843081474304
YJR010C-A,YCL027W,0,2.9820013,0.15222199261188507,0.7554890513420105,0.4216843247413635
YNR032C-A,YOR209C,0,2.98193,0.1521914005279541,0.7554890513420105,0.421784371137619
YIR038C,YNL243W,0,2.9811754,0.15216080844402313,0.7554890513420105,0.4218843877315521
YJL180C,YLR073C,0,2.9810424,0.15213023126125336,0.7554890513420105,0.42198440432548523
YLR323C,YNL007C,0,2.980147,0.15209965407848358,0.7554890513420105,0.42208442091941833
YNL294C,YDR460W,0,2.9801273,0.1520691066980362,0.7554890513420105,0.42218443751335144
YDR287W,YOR027W,0,2.979832,0.1520385593175888,0.7554890513420105,0.42228445410728455
YGL115W,YOL092W,0,2.9797707,0.1520080268383026,0.7554890513420105,0.42238447070121765
YMR287C,YIR019C,0,2.9787683,0.1519775092601776,0.7554890513420105,0.42248448729515076
YLR333C,YNL216W,0,2.9775395,0.1519470065832138,0.7554890513420105,0.42258450388908386
YIL004C,YPL239W,0,2.977276,0.1519165188074112,0.7554890513420105,0.42268455028533936
YMR233W,YJR050W,0,2.9771876,0.15188603103160858,0.7554890513420105,0.42278456687927246
YER179W,YOL100W,0,2.9768214,0.15185557305812836,0.7554890513420105,0.42288458347320557
YOR316C,YJR001W,0,2.9764748,0.15182511508464813,0.7554890513420105,0.42298460006713867
YOR036W,YGL213C,0,2.976041,0.1517946720123291,0.7554890513420105,0.4230846166610718
YCL052C,YDR111C,0,2.9755228,0.15176422894001007,0.7554890513420105,0.4231846332550049
YDR410C,YJR103W,0,2.975395,0.15173381567001343,0.7554890513420105,0.423284649848938
YBR254C,YER167W,0,2.9747195,0.15170340240001678,0.7554890513420105,0.4233846664428711
YDL093W,YPL254W,0,2.973762,0.15167300403118134,0.7554890513420105,0.4234846830368042
YMR042W,YBR058C-A,0,2.9730473,0.15164263546466827,0.7554890513420105,0.4235847294330597
YPL106C,YHR135C,0,2.9729552,0.15161225199699402,0.7554890513420105,0.4236847460269928
YIL143C,YDL109C,0,2.9725938,0.15158189833164215,0.7554890513420105,0.4237847626209259
YCR014C,YDL077C,0,2.9725628,0.15155154466629028,0.7554890513420105,0.423884779214859
YDR009W,YLR327C,0,2.9723754,0.1515212208032608,0.7554890513420105,0.4239847958087921
YPL126W,YJR067C,1,2.9720569,0.1516910195350647,0.7564870119094849,0.4239847958087921
YDL110C,YPL135W,0,2.97173,0.15166066586971283,0.7564870119094849,0.4240848124027252
YOR195W,YAL035W,0,2.9715285,0.15163032710552216,0.7564870119094849,0.4241848289966583
YMR114C,YML097C,0,2.9711094,0.15160000324249268,0.7564870119094849,0.42428484559059143
YOR187W,YNR019W,0,2.9709063,0.1515696793794632,0.7564870119094849,0.42438486218452454
YPL106C,YDR531W,0,2.969214,0.1515393853187561,0.7564870119094849,0.42448490858078003
YDR457W,YMR025W,0,2.9688795,0.151509091258049,0.7564870119094849,0.42458492517471313
YJL073W,YNL216W,0,2.9686117,0.1514788120985031,0.7564870119094849,0.42468494176864624
YBL030C,YIR026C,0,2.9677825,0.1514485478401184,0.7564870119094849,0.42478495836257935
YDR545W,YML045W,0,2.9674766,0.1514182984828949,0.7564870119094849,0.42488497495651245
YOL107W,YJL124C,0,2.967422,0.15138806402683258,0.7564870119094849,0.42498499155044556
YMR016C,YDR105C,0,2.9674177,0.15135782957077026,0.7564870119094849,0.42508500814437866
YBR279W,YKR089C,0,2.965435,0.15132761001586914,0.7564870119094849,0.42518502473831177
YKR059W,YGL122C,0,2.9651866,0.1512974053621292,0.7564870119094849,0.42528507113456726
YBR055C,YPL163C,0,2.964477,0.15126721560955048,0.7564870119094849,0.42538508772850037
YIL035C,YIL167W,0,2.964032,0.15123702585697174,0.7564870119094849,0.42548510432243347
YHR147C,YBR006W,0,2.9638658,0.1512068659067154,0.7564870119094849,0.4255851209163666
YEL041W,YDR362C,0,2.9633098,0.15117670595645905,0.7564870119094849,0.4256851375102997
YIL144W,YJL057C,0,2.962786,0.1511465609073639,0.7564870119094849,0.4257851541042328
YBR301W,YPR100W,0,2.9627028,0.15111643075942993,0.7564870119094849,0.4258851706981659
YBR191W,YJR070C,0,2.9624288,0.15108630061149597,0.7564870119094849,0.425985187292099
YLR373C,YNR060W,0,2.9616163,0.1510562002658844,0.7564870119094849,0.4260852038860321
YHR105W,YGR155W,0,2.9615407,0.15102609992027283,0.7564870119094849,0.4261852502822876
YLR345W,YKL038W,0,2.9614146,0.15099601447582245,0.7564870119094849,0.4262852668762207
YBL091C-A,YAL043C,0,2.961215,0.15096594393253326,0.7564870119094849,0.4263852834701538
YDR164C,YNR018W,0,2.9610543,0.15093588829040527,0.7564870119094849,0.4264853000640869
YOL096C,YOL151W,0,2.9610395,0.15090583264827728,0.7564870119094849,0.42658531665802
YMR207C,YLR315W,0,2.960945,0.15087579190731049,0.7564870119094849,0.4266853332519531
YHR118C,YPL210C,0,2.9608486,0.15084576606750488,0.7564870119094849,0.42678534984588623
YCR054C,YPL213W,0,2.9605594,0.15081575512886047,0.7564870119094849,0.42688536643981934
YLR085C,YPL007C,0,2.9594822,0.15078575909137726,0.7564870119094849,0.42698538303375244
YIL173W,YLR170C,0,2.9592133,0.15075576305389404,0.7564870119094849,0.42708542943000793
YIL173W,YMR002W,0,2.9585185,0.15072579681873322,0.7564870119094849,0.42718544602394104
YKL077W,YDL099W,0,2.9580693,0.1506958305835724,0.7564870119094849,0.42728546261787415
YBL080C,YOR080W,0,2.957038,0.15066586434841156,0.7564870119094849,0.42738547921180725
YMR008C,YDR359C,0,2.9570234,0.15063592791557312,0.7564870119094849,0.42748549580574036
YDR164C,YJL071W,0,2.9569714,0.15060600638389587,0.7564870119094849,0.42758551239967346
YGR035C,YDR441C,0,2.9564419,0.15057608485221863,0.7564870119094849,0.42768552899360657
YDR091C,YIR039C,0,2.9564295,0.15054617822170258,0.7564870119094849,0.4277855455875397
YFL039C,YER102W,0,2.956388,0.15051628649234772,0.7564870119094849,0.42788559198379517
YOR236W,YNL129W,0,2.9555433,0.15048639476299286,0.7564870119094849,0.42798560857772827
YLR313C,YJR046W,0,2.9548826,0.1504565328359604,0.7564870119094849,0.4280856251716614
YML087C,YDR422C,0,2.9543948,0.15042667090892792,0.7564870119094849,0.4281856417655945
YLR417W,YDR023W,0,2.9539864,0.15039682388305664,0.7564870119094849,0.4282856583595276
YLR350W,YNL175C,0,2.9536486,0.15036699175834656,0.7564870119094849,0.4283856749534607
YMR127C,YMR276W,0,2.9532363,0.15033717453479767,0.7564870119094849,0.4284856915473938
YPL271W,YAL007C,0,2.9531312,0.15030735731124878,0.7564870119094849,0.4285857081413269
YML124C,YNL190W,0,2.952722,0.15027755498886108,0.7564870119094849,0.42868572473526
YGR097W,YPR171W,0,2.9524693,0.15024776756763458,0.7564870119094849,0.4287857711315155
YEL064C,YOL140W,0,2.9515092,0.15021799504756927,0.7564870119094849,0.4288857877254486
YDR086C,YLL055W,0,2.9512904,0.15018823742866516,0.7564870119094849,0.4289858043193817
YDL113C,YDR003W,0,2.9511218,0.15015847980976105,0.7564870119094849,0.4290858209133148
YBR156C,YLR396C,0,2.9510026,0.15012873709201813,0.7564870119094849,0.4291858375072479
YOR106W,YDR383C,0,2.9505367,0.1500990092754364,0.7564870119094849,0.42928585410118103
YGL084C,YPR031W,0,2.9504874,0.15006929636001587,0.7564870119094849,0.42938587069511414
YDL149W,YBL103C,0,2.950385,0.15003958344459534,0.7564870119094849,0.42948588728904724
YLR134W,YPL138C,0,2.9503775,0.1500099003314972,0.7564870119094849,0.42958590388298035
YER081W,YJL141C,0,2.9502878,0.14998021721839905,0.7564870119094849,0.42968595027923584
YMR142C,YFL011W-A,0,2.9501448,0.1499505490064621,0.7564870119094849,0.42978596687316895
YLR026C,YHR136C,0,2.9493275,0.14992088079452515,0.7564870119094849,0.42988598346710205
YMR172W,YDR247W,0,2.9490318,0.14989124238491058,0.7564870119094849,0.42998600006103516
YAL021C,YGL006W,0,2.948866,0.14986160397529602,0.7564870119094849,0.43008601665496826
YIL156W,YER090W,0,2.9483795,0.14983198046684265,0.7564870119094849,0.43018603324890137
YDR174W,YER137C,1,2.9481516,0.15000000596046448,0.757485032081604,0.43018603324890137
YIL009C-A,YJL168C,0,2.9479628,0.14997036755084991,0.757485032081604,0.4302860498428345
YFL035C-B,YBL006C,1,2.9478197,0.15013828873634338,0.7584830522537231,0.4302860498428345
YJR094W-A,YLR300W,0,2.9478102,0.15010863542556763,0.7584830522537231,0.4303860664367676
YPL137C,YGR118W,0,2.9464579,0.15007898211479187,0.7584830522537231,0.4304860830307007
YKL181W,YPL214C,0,2.94621,0.1500493586063385,0.7584830522537231,0.4305861294269562
YBL082C,YIL145C,0,2.9460273,0.15001973509788513,0.7584830522537231,0.4306861460208893
YMR180C,YER149C,0,2.9449306,0.14999012649059296,0.7584830522537231,0.4307861626148224
YDL225W,YOL084W,0,2.9443278,0.14996053278446198,0.7584830522537231,0.4308861792087555
YIL123W,YOR355W,0,2.943428,0.1499309539794922,0.7584830522537231,0.4309861958026886
YLR450W,YGR123C,0,2.9431448,0.1499013751745224,0.7584830522537231,0.4310862123966217
YMR241W,YOL142W,0,2.9426725,0.149871826171875,0.7584830522537231,0.4311862289905548
YOL054W,YIL087C,0,2.9406033,0.1498422771692276,0.7584830522537231,0.4312862455844879
YJR052W,YDR072C,0,2.9403992,0.1498127281665802,0.7584830522537231,0.4313862919807434
YLR118C,YBL103C,0,2.939789,0.1497832089662552,0.7584830522537231,0.4314863085746765
YJL212C,YHR089C,0,2.9397178,0.14975368976593018,0.7584830522537231,0.4315863251686096
YBR182C,YGR005C,0,2.938799,0.14972418546676636,0.7584830522537231,0.4316863417625427
YNL056W,YGL243W,1,2.9382164,0.1498916745185852,0.7594810128211975,0.4316863417625427
YDR156W,YGL243W,1,2.9378424,0.1500590741634369,0.7604790329933167,0.4316863417625427
YDR429C,YNL008C,0,2.9373336,0.15002954006195068,0.7604790329933167,0.43178635835647583
YPR132W,YCR047C,0,2.936705,0.15000000596046448,0.7604790329933167,0.43188637495040894
YDR057W,YOR049C,0,2.9365873,0.14997047185897827,0.7604790329933167,0.43198639154434204
YPL153C,YLR048W,0,2.936373,0.14994096755981445,0.7604790329933167,0.43208640813827515
YGR211W,YJL127C,0,2.936094,0.14991146326065063,0.7604790329933167,0.43218642473220825
YDL140C,YBR049C,1,2.9358628,0.150078684091568,0.7614770531654358,0.43218642473220825
YKR080W,YML036W,1,2.9355893,0.1502458155155182,0.7624750733375549,0.43218642473220825
YJR108W,YDR299W,0,2.9353523,0.15021628141403198,0.7624750733375549,0.43228647112846375
YFR024C-A,YDR107C,0,2.9351118,0.15018674731254578,0.7624750733375549,0.43238648772239685
YNR074C,YJR147W,0,2.934821,0.15015722811222076,0.7624750733375549,0.43248650431632996
YAR033W,YOR109W,0,2.9342985,0.15012772381305695,0.7624750733375549,0.43258652091026306
YKL205W,YIL056W,0,2.934004,0.15009823441505432,0.7624750733375549,0.43268653750419617
YBR279W,YCR106W,0,2.9339385,0.1500687450170517,0.7624750733375549,0.4327865540981293
YPR118W,YNL102W,0,2.9339,0.15003927052021027,0.7624750733375549,0.4328865706920624
YGR272C,YML112W,1,2.9337733,0.15020616352558136,0.7634730339050293,0.4328865706920624
YMR228W,YGL098W,0,2.9337587,0.15017667412757874,0.7634730339050293,0.4329865872859955
YNL262W,YNL078W,0,2.9336944,0.1501471996307373,0.7634730339050293,0.4330866038799286
YGR128C,YNL330C,1,2.9336457,0.15031397342681885,0.7644710540771484,0.4330866038799286
YMR195W,YHL028W,0,2.9333344,0.15028448402881622,0.7644710540771484,0.4331866502761841
YDL017W,YCL047C,0,2.9332218,0.1502549946308136,0.7644710540771484,0.4332866668701172
YHR031C,YER089C,0,2.9330096,0.15022553503513336,0.7644710540771484,0.4333866834640503
YPL234C,YPL101W,0,2.9328623,0.15019607543945312,0.7644710540771484,0.4334867000579834
YKL058W,YNL199C,0,2.9327488,0.15016663074493408,0.7644710540771484,0.4335867166519165
YPR119W,YFL023W,0,2.932613,0.15013720095157623,0.7644710540771484,0.4336867332458496
YKL114C,YDL059C,0,2.932495,0.15010778605937958,0.7644710540771484,0.4337867498397827
YDR300C,YOR002W,0,2.932328,0.15007837116718292,0.7644710540771484,0.4338867664337158
YPL130W,YBR276C,0,2.9315107,0.15004897117614746,0.7644710540771484,0.4339867830276489
YML112W,YOR210W,1,2.9310775,0.15021543204784393,0.7654690742492676,0.4339867830276489
YHR027C,YBR058C,0,2.9309475,0.15018601715564728,0.7654690742492676,0.4340868294239044
YAL003W,YPR189W,0,2.9305854,0.15015661716461182,0.7654690742492676,0.4341868460178375
YOL151W,YER177W,0,2.930373,0.15012723207473755,0.7654690742492676,0.43428686261177063
YCR081W,YER062C,0,2.9283257,0.15009784698486328,0.7654690742492676,0.43438687920570374
YAL040C,YGL122C,0,2.928208,0.1500684767961502,0.7654690742492676,0.43448689579963684
YFR018C,YNL298W,0,2.9276767,0.15003912150859833,0.7654690742492676,0.43458691239356995
YMR232W,YGL162W,0,2.927576,0.15000978112220764,0.7654690742492676,0.43468692898750305
YMR274C,YKL078W,0,2.9272103,0.14998044073581696,0.7654690742492676,0.43478694558143616
YKL088W,YGR128C,1,2.9270043,0.15014663338661194,0.7664670944213867,0.43478694558143616
YOR356W,YIR012W,0,2.9266486,0.15011727809906006,0.7664670944213867,0.43488699197769165
YPL068C,YEL052W,0,2.926106,0.15008793771266937,0.7664670944213867,0.43498700857162476
YJR029W,YOR063W,0,2.925858,0.15005861222743988,0.7664670944213867,0.43508702516555786
YNL059C,YER126C,0,2.9254408,0.15002930164337158,0.7664670944213867,0.43518704175949097
YLR004C,YOR323C,0,2.9252925,0.15000000596046448,0.7664670944213867,0.4352870583534241
YLR033W,YHR039C-A,0,2.9251893,0.14997071027755737,0.7664670944213867,0.4353870749473572
YLR313C,YLL067C,0,2.9249706,0.14994142949581146,0.7664670944213867,0.4354870915412903
YJL134W,YDR107C,0,2.9249039,0.14991216361522675,0.7664670944213867,0.4355871081352234
YOR045W,YPL140C,0,2.924059,0.14988289773464203,0.7664670944213867,0.4356871247291565
YLR141W,YER137C,1,2.9234896,0.15004877746105194,0.7674650549888611,0.4356871247291565
YOR210W,YML121W,1,2.9231267,0.15021459758281708,0.7684630751609802,0.4356871247291565
YDR105C,YKL042W,0,2.922391,0.15018528699874878,0.7684630751609802,0.435787171125412
YNL274C,YFL021W,0,2.9218683,0.15015600621700287,0.7684630751609802,0.4358871877193451
YJR112W,YDL200C,0,2.9217768,0.15012672543525696,0.7684630751609802,0.4359872043132782
YOR249C,YGR143W,0,2.9215562,0.15009745955467224,0.7684630751609802,0.4360872209072113
YKL126W,YDR397C,0,2.9214096,0.15006820857524872,0.7684630751609802,0.4361872375011444
YKR083C,YPR003C,0,2.9199643,0.1500389724969864,0.7684630751609802,0.4362872540950775
YGL185C,YNL063W,0,2.9183514,0.15000973641872406,0.7684630751609802,0.4363872706890106
YGL192W,YGR202C,0,2.9182887,0.14998051524162292,0.7684630751609802,0.4364872872829437
YDR251W,YNL238W,0,2.9180782,0.14995130896568298,0.7684630751609802,0.43658730387687683
YER007C-A,YDR120C,0,2.9179103,0.14992211759090424,0.7684630751609802,0.4366873502731323
YOR227W,YDR256C,0,2.9178727,0.1498929262161255,0.7684630751609802,0.43678736686706543
YGR251W,YPR102C,0,2.917789,0.14986376464366913,0.7684630751609802,0.43688738346099854
YIL007C,YDR395W,0,2.91754,0.14983460307121277,0.7684630751609802,0.43698740005493164
YNL330C,YMR201C,0,2.9169097,0.1498054414987564,0.7684630751609802,0.43708741664886475
YNR002C,YDL124W,0,2.9159236,0.14977630972862244,0.7684630751609802,0.43718743324279785
YEL070W,YIL064W,0,2.9152517,0.14974717795848846,0.7684630751609802,0.43728744983673096
YJR126C,YKL206C,0,2.9152207,0.14971806108951569,0.7684630751609802,0.43738746643066406
YDR146C,YLL048C,0,2.9149926,0.1496889591217041,0.7684630751609802,0.43748748302459717
YEL056W,YHR170W,0,2.914742,0.14965985715389252,0.7684630751609802,0.43758752942085266
YDR510W,YOL072W,0,2.9137855,0.14963078498840332,0.7684630751609802,0.43768754601478577
YER088C,YPL233W,0,2.9136698,0.14960171282291412,0.7684630751609802,0.43778756260871887
YDR013W,YNL202W,0,2.9136584,0.14957265555858612,0.7684630751609802,0.437887579202652
YBR095C,YOR116C,0,2.9133604,0.14954359829425812,0.7684630751609802,0.4379875957965851
YGR223C,YIL013C,0,2.913248,0.1495145559310913,0.7684630751609802,0.4380876123905182
YKL099C,YLL048C,0,2.913082,0.1494855433702469,0.7684630751609802,0.4381876289844513
YOR340C,YFL035C-B,1,2.9129305,0.14965061843395233,0.7694610953330994,0.4381876289844513
YEL002C,YOL138C,0,2.912103,0.14962157607078552,0.7694610953330994,0.4382876455783844
YBR172C,YCL035C,0,2.9119334,0.1495925486087799,0.7694610953330994,0.4383876919746399
YDR244W,YGL189C,0,2.9109845,0.14956353604793549,0.7694610953330994,0.438487708568573
YER162C,YBL039C,0,2.9108539,0.14953452348709106,0.7694610953330994,0.4385877251625061
YHR215W,YIL076W,0,2.9106927,0.14950552582740784,0.7694610953330994,0.4386877417564392
YOR110W,YGL050W,0,2.9104476,0.1494765430688858,0.7694610953330994,0.4387877583503723
YPL098C,YOR221C,0,2.910254,0.14944756031036377,0.7694610953330994,0.4388877749443054
YKL058W,YMR237W,0,2.9099681,0.14941860735416412,0.7694610953330994,0.4389877915382385
YMR139W,YCL018W,0,2.9096286,0.14938965439796448,0.7694610953330994,0.43908780813217163
YOR036W,YLR448W,0,2.9094086,0.14936071634292603,0.7694610953330994,0.43918782472610474
YDL129W,YPR063C,0,2.909391,0.14933177828788757,0.7694610953330994,0.43928787112236023
YDR263C,YOL154W,0,2.909163,0.1493028700351715,0.7694610953330994,0.43938788771629333
YML015C,YKR056W,0,2.909007,0.14927396178245544,0.7694610953330994,0.43948790431022644
YNL325C,YFR033C,0,2.9086022,0.14924506843090057,0.7694610953330994,0.43958792090415955
YAL003W,YOL011W,0,2.9085445,0.1492161750793457,0.7694610953330994,0.43968793749809265
YDR495C,YGR292W,0,2.9081156,0.14918731153011322,0.7694610953330994,0.43978795409202576
YDR400W,YLR158C,0,2.9075933,0.14915844798088074,0.7694610953330994,0.43988797068595886
YKL134C,YER104W,0,2.9070778,0.14912959933280945,0.7694610953330994,0.43998798727989197
YAL016W,YDR165W,0,2.9067042,0.14910075068473816,0.7694610953330994,0.4400880038738251
YHL024W,YMR247C,0,2.905892,0.14907193183898926,0.7694610953330994,0.44018805027008057
YLR061W,YDR347W,0,2.905295,0.14904311299324036,0.7694610953330994,0.44028806686401367
YFR032C-A,YJL087C,0,2.9039097,0.14901430904865265,0.7694610953330994,0.4403880834579468
YBR059C,YIL093C,0,2.9038553,0.14898550510406494,0.7694610953330994,0.4404881000518799
YKL024C,YHR175W,0,2.903767,0.14895671606063843,0.7694610953330994,0.440588116645813
YJR066W,YGR068C,1,2.9036348,0.14912110567092896,0.7704590559005737,0.440588116645813
YBR015C,YAL035W,0,2.9035509,0.14909231662750244,0.7704590559005737,0.4406881332397461
YKL080W,YNR002C,0,2.9035115,0.14906352758407593,0.7704590559005737,0.4407881498336792
YBR082C,YNL128W,0,2.9028332,0.1490347534418106,0.7704590559005737,0.4408881664276123
YMR075W,YHR106W,0,2.9025838,0.1490059792995453,0.7704590559005737,0.4409881830215454
YDR228C,YNL095C,0,2.9025335,0.14897723495960236,0.7704590559005737,0.4410882294178009
YKL218C,YOR120W,0,2.9017696,0.14894849061965942,0.7704590559005737,0.441188246011734
YDR156W,YML043C,1,2.9014516,0.14911265671253204,0.7714570760726929,0.441188246011734
YGR071C,YGR006W,0,2.9006896,0.14908389747142792,0.7714570760726929,0.4412882626056671
YLR419W,YJL065C,0,2.8989127,0.14905515313148499,0.7714570760726929,0.4413882791996002
YOR222W,YLL038C,0,2.8988104,0.14902640879154205,0.7714570760726929,0.4414882957935333
YIL053W,YBR045C,0,2.8988018,0.1489976942539215,0.7714570760726929,0.44158831238746643
YLR061W,YDR030C,0,2.8986306,0.14896897971630096,0.7714570760726929,0.44168832898139954
YIL069C,YML059C,0,2.8983197,0.14894026517868042,0.7714570760726929,0.44178834557533264
YDR281C,YML133C,0,2.8979316,0.14891158044338226,0.7714570760726929,0.44188839197158813
YJL141C,YLR277C,0,2.8976908,0.1488828957080841,0.7714570760726929,0.44198840856552124
YOR046C,YPL017C,0,2.897653,0.14885422587394714,0.7714570760726929,0.44208842515945435
YGR063C,YMR241W,0,2.8960118,0.14882557094097137,0.7714570760726929,0.44218844175338745
YPR037C,YAR042W,0,2.8956122,0.1487969160079956,0.7714570760726929,0.44228845834732056
YLR224W,YGR170W,0,2.8953354,0.14876827597618103,0.7714570760726929,0.44238847494125366
YFR008W,YGL093W,0,2.8949683,0.14873965084552765,0.7714570760726929,0.44248849153518677
YDL200C,YIL177C,0,2.8947208,0.14871104061603546,0.7714570760726929,0.4425885081291199
YKR071C,YKL129C,0,2.894523,0.14868244528770447,0.7714570760726929,0.442688524723053
YCR055C,YDR247W,0,2.8941174,0.14865384995937347,0.7714570760726929,0.44278857111930847
YNL026W,YML095C,0,2.8937984,0.14862526953220367,0.7714570760726929,0.4428885877132416
YHR028C,YOR383C,0,2.8926513,0.14859668910503387,0.7714570760726929,0.4429886043071747
YLR106C,YDR373W,0,2.8926363,0.14856813848018646,0.7714570760726929,0.4430886209011078
YOR110W,YFR003C,0,2.8920655,0.14853958785533905,0.7714570760726929,0.4431886374950409
YGL045W,YNL135C,0,2.8917446,0.14851105213165283,0.7714570760726929,0.443288654088974
YDR324C,YHR072W-A,1,2.8913121,0.1486746072769165,0.772455096244812,0.443288654088974
YIL080W,YER154W,0,2.8912177,0.1486460566520691,0.772455096244812,0.4433886706829071
YIL009W,YBL010C,0,2.8909502,0.14861750602722168,0.772455096244812,0.4434886872768402
YJL085W,YKR026C,0,2.89046,0.14858898520469666,0.772455096244812,0.4435887038707733
YHR132C,YNR070W,0,2.8902946,0.14856046438217163,0.772455096244812,0.4436887502670288
YFL034C-A,YBR021W,1,2.8891447,0.14872385561466217,0.7734531164169312,0.4436887502670288
YCR081W,YOL121C,0,2.8886888,0.14869531989097595,0.7734531164169312,0.4437887668609619
YDL038C,YGR134W,0,2.8881288,0.14866679906845093,0.7734531164169312,0.443888783454895
YGL180W,YHL006C,0,2.8878064,0.1486382782459259,0.7734531164169312,0.4439888000488281
YHR082C,YHR170W,0,2.8875074,0.14860977232456207,0.7734531164169312,0.44408881664276123
YKL039W,YDR443C,0,2.8872676,0.14858128130435944,0.7734531164169312,0.44418883323669434
YKR009C,YLR023C,0,2.8864765,0.148552805185318,0.7734531164169312,0.44428884983062744
YIL027C,YHR037W,0,2.8864522,0.14852434396743774,0.7734531164169312,0.44438886642456055
YOR089C,YBL076C,0,2.8863697,0.1484958827495575,0.7734531164169312,0.44448888301849365
YNL247W,YMR193W,0,2.8855042,0.14846743643283844,0.7734531164169312,0.44458892941474915
YLR237W,YFR013W,0,2.884718,0.14843899011611938,0.7734531164169312,0.44468894600868225
YHL017W,YER087C-A,0,2.8846982,0.14841057360172272,0.7734531164169312,0.44478896260261536
YOR287C,YCR091W,0,2.8842797,0.14838215708732605,0.7734531164169312,0.44488897919654846
YIL004C,YNL328C,0,2.8832235,0.14835375547409058,0.7734531164169312,0.44498899579048157
YPL196W,YPL127C,0,2.88279,0.1483253538608551,0.7734531164169312,0.4450890123844147
YOR110W,YPR168W,0,2.88277,0.14829698204994202,0.7734531164169312,0.4451890289783478
YGL053W,YIL115C,0,2.882679,0.14826861023902893,0.7734531164169312,0.4452890455722809
YDL102W,YFR033C,0,2.882629,0.14824023842811584,0.7734531164169312,0.4453890919685364
YNL246W,YAR042W,0,2.8822005,0.14821189641952515,0.7734531164169312,0.4454891085624695
YER012W,YFR038W,0,2.8815832,0.14818355441093445,0.7734531164169312,0.4455891251564026
YHR067W,YPL254W,0,2.8813543,0.14815522730350494,0.7734531164169312,0.4456891417503357
YBR243C,YBR022W,0,2.8806047,0.14812691509723663,0.7734531164169312,0.4457891583442688
YPR154W,YDR511W,0,2.8805206,0.14809860289096832,0.7734531164169312,0.4458891749382019
YPL134C,YLR099C,0,2.880046,0.1480703055858612,0.7734531164169312,0.445989191532135
YDR317W,YBR042C,0,2.878999,0.14804202318191528,0.7734531164169312,0.4460892081260681
YPL240C,YPR160W,0,2.8785067,0.14801375567913055,0.7734531164169312,0.4461892247200012
YOR348C,YDL198C,0,2.8782156,0.14798548817634583,0.7734531164169312,0.4462892711162567
YHR147C,YLR107W,0,2.8780975,0.1479572355747223,0.7734531164169312,0.4463892877101898
YDR436W,YHR056C,0,2.877838,0.14792899787425995,0.7734531164169312,0.4464893043041229
YPL154C,YHR106W,0,2.877347,0.1479007601737976,0.7734531164169312,0.44658932089805603
YDL129W,YKL026C,0,2.8769279,0.14787253737449646,0.7734531164169312,0.44668933749198914
YIL013C,YHR207C,0,2.8765748,0.1478443294763565,0.7734531164169312,0.44678935408592224
YDR315C,YMR159C,0,2.876207,0.14781613647937775,0.7734531164169312,0.44688937067985535
YPL095C,YDL019C,0,2.8757563,0.147787943482399,0.7734531164169312,0.44698938727378845
YDL240W,YML096W,0,2.8752248,0.14775976538658142,0.7734531164169312,0.44708940386772156
YJL183W,YOR150W,0,2.874663,0.14773160219192505,0.7734531164169312,0.44718945026397705
YOR039W,YCR073C,1,2.8746042,0.14789403975009918,0.7744510769844055,0.44718945026397705
YBR067C,YDR165W,0,2.874436,0.14786584675312042,0.7744510769844055,0.44728946685791016
YKR062W,YPR032W,0,2.8743873,0.14783768355846405,0.7744510769844055,0.44738948345184326
YDR342C,YGL198W,0,2.8740666,0.14780952036380768,0.7744510769844055,0.44748950004577637
YPL141C,YBR245C,0,2.874052,0.1477813720703125,0.7744510769844055,0.4475895166397095
YNL263C,YGR047C,0,2.8735867,0.14775323867797852,0.7744510769844055,0.4476895332336426
YCL025C,YOR347C,0,2.8734915,0.14772510528564453,0.7744510769844055,0.4477895498275757
YGL068W,YLR367W,0,2.8733187,0.14769698679447174,0.7744510769844055,0.4478895664215088
YNL113W,YDR398W,1,2.8729534,0.14785918593406677,0.7754490971565247,0.4478895664215088
YJR149W,YDR260C,0,2.8728714,0.1478310525417328,0.7754490971565247,0.4479896128177643
YOR038C,YML109W,0,2.8727028,0.14780293405056,0.7754490971565247,0.4480896294116974
YDR481C,YFL033C,0,2.8726616,0.1477748155593872,0.7754490971565247,0.4481896460056305
YHR001W-A,YEL054C,0,2.8706427,0.1477467268705368,0.7754490971565247,0.4482896625995636
YLR167W,YLR037C,0,2.8705573,0.1477186381816864,0.7754490971565247,0.4483896791934967
YEL024W,YLR285W,0,2.8686502,0.147690549492836,0.7754490971565247,0.4484896957874298
YMR105C,YPL202C,0,2.868584,0.14766249060630798,0.7754490971565247,0.4485897123813629
YGL189C,YPL210C,0,2.8679376,0.14763443171977997,0.7754490971565247,0.448689728975296
YNR011C,YLR344W,0,2.8678308,0.14760638773441315,0.7754490971565247,0.4487897455692291
YLR141W,YBR213W,1,2.8676915,0.1477682739496231,0.7764471173286438,0.4487897455692291
YJR076C,YDR443C,0,2.8675919,0.1477402150630951,0.7764471173286438,0.4488897919654846
YLR389C,YLR251W,0,2.8669848,0.14771217107772827,0.7764471173286438,0.4489898085594177
YBR037C,YKL003C,0,2.8669138,0.14768412709236145,0.7764471173286438,0.44908982515335083
YER044C-A,YJR031C,0,2.866181,0.14765609800815582,0.7764471173286438,0.44918984174728394
YER175C,YPR184W,0,2.8659956,0.1476280838251114,0.7764471173286438,0.44928985834121704
YOR324C,YJR022W,0,2.8659787,0.14760006964206696,0.7764471173286438,0.44938987493515015
YDR101C,YBR128C,0,2.8659194,0.1475720852613449,0.7764471173286438,0.44948989152908325
YMR229C,YDR448W,0,2.864424,0.14754408597946167,0.7764471173286438,0.44958990812301636
YDL245C,YLR039C,0,2.86439,0.14751611649990082,0.7764471173286438,0.44968992471694946
YML081W,YNL073W,0,2.8639002,0.14748814702033997,0.7764471173286438,0.44978997111320496
YPL280W,YER013W,0,2.8621206,0.1474601924419403,0.7764471173286438,0.44988998770713806
YLR467W,YOR330C,0,2.8620038,0.14743225276470184,0.7764471173286438,0.44999000430107117
YJR057W,YPR162C,0,2.8619971,0.14740431308746338,0.7764471173286438,0.4500900208950043
YJR005W,YDL136W,0,2.8619106,0.1473764032125473,0.7764471173286438,0.4501900374889374
YLR325C,YKL110C,0,2.8615441,0.14734847843647003,0.7764471173286438,0.4502900540828705
YOR299W,YBR033W,0,2.8612537,0.14732058346271515,0.7764471173286438,0.4503900706768036
YLR098C,YLR321C,0,2.8611398,0.14729268848896027,0.7764471173286438,0.4504900872707367
YLL053C,YLR142W,0,2.8610466,0.14726480841636658,0.7764471173286438,0.4505901038646698
YOR221C,YPL172C,0,2.8609972,0.14723694324493408,0.7764471173286438,0.4506901502609253
YGR169C,YER062C,0,2.8609295,0.1472090780735016,0.7764471173286438,0.4507901668548584
YPR110C,YOR341W,1,2.8608356,0.14737041294574738,0.7774451375007629,0.4507901668548584
YDR363W-A,YPR138C,0,2.8607376,0.1473425328731537,0.7774451375007629,0.4508901834487915
YAL007C,YIL078W,0,2.860618,0.1473146677017212,0.7774451375007629,0.4509902000427246
YLR239C,YOL147C,0,2.8604882,0.1472868174314499,0.7774451375007629,0.4510902166366577
YDR038C,YPL089C,0,2.8601127,0.14725898206233978,0.7774451375007629,0.4511902332305908
YKR038C,YIR038C,0,2.8594966,0.14723114669322968,0.7774451375007629,0.4512902498245239
YJL194W,YOR099W,0,2.859037,0.14720332622528076,0.7774451375007629,0.45139026641845703
YIL080W,YJR138W,0,2.8588562,0.14717552065849304,0.7774451375007629,0.4514903128147125
YML016C,YOR179C,0,2.8587995,0.14714771509170532,0.7774451375007629,0.45159032940864563
YDR257C,YLR459W,0,2.8585942,0.1471199244260788,0.7774451375007629,0.45169034600257874
YER083C,YPL042C,0,2.8580718,0.14709214866161346,0.7774451375007629,0.45179036259651184
YPR135W,YLR145W,0,2.857768,0.14706437289714813,0.7774451375007629,0.45189037919044495
YDR127W,YBR251W,0,2.857713,0.147036612033844,0.7774451375007629,0.45199039578437805
YBL026W,YPL063W,0,2.8576236,0.14700886607170105,0.7774451375007629,0.45209041237831116
YHR129C,YJR015W,0,2.8566222,0.1469811350107193,0.7774451375007629,0.45219042897224426
YCR021C,YNL330C,0,2.8564293,0.14695340394973755,0.7774451375007629,0.45229044556617737
YMR281W,YPL127C,0,2.8559327,0.146925687789917,0.7774451375007629,0.45239049196243286
YJL046W,YDR325W,0,2.8557725,0.14689798653125763,0.7774451375007629,0.45249050855636597
YIL143C,YGL083W,0,2.8551257,0.14687028527259827,0.7774451375007629,0.4525905251502991
YDR116C,YER167W,0,2.8545413,0.1468425989151001,0.7774451375007629,0.4526905417442322
YDR055W,YMR302C,0,2.854197,0.14681492745876312,0.7774451375007629,0.4527905583381653
YKL182W,YMR284W,0,2.854004,0.14678725600242615,0.7774451375007629,0.4528905749320984
YDL179W,YGL087C,0,2.853926,0.14675961434841156,0.7774451375007629,0.4529905915260315
YPR041W,YOL095C,0,2.8537726,0.14673195779323578,0.7774451375007629,0.4530906081199646
YHL050C,YLR147C,0,2.8525867,0.14670433104038239,0.7774451375007629,0.4531906247138977
YBR291C,YFR007W,0,2.849504,0.146676704287529,0.7774451375007629,0.4532906711101532
YEL070W,YPL117C,0,2.8493748,0.1466490924358368,0.7774451375007629,0.4533906877040863
YML116W,YOR217W,0,2.8491063,0.1466214954853058,0.7774451375007629,0.4534907042980194
YGL259W,YDR217C,0,2.8483467,0.14659389853477478,0.7774451375007629,0.4535907208919525
YMR100W,YBR145W,0,2.8480906,0.14656631648540497,0.7774451375007629,0.4536907374858856
YDR168W,YLL048C,0,2.8475633,0.14653874933719635,0.7774451375007629,0.4537907540798187
YDR222W,YJR131W,0,2.8473134,0.14651119709014893,0.7774451375007629,0.45389077067375183
YGL144C,YBR189W,0,2.846375,0.1464836448431015,0.7774451375007629,0.45399078726768494
YIL022W,YBL093C,0,2.8461955,0.14645610749721527,0.7774451375007629,0.45409080386161804
YDR536W,YNL284C,0,2.8461194,0.14642857015132904,0.7774451375007629,0.45419085025787354
YEL059C-A,YGL063W,0,2.8454983,0.146401047706604,0.7774451375007629,0.45429086685180664
YER060W-A,YJL190C,0,2.8454084,0.14637354016304016,0.7774451375007629,0.45439088344573975
YJL006C,YEL016C,1,2.845259,0.14653390645980835,0.7784430980682373,0.45439088344573975
YLR337C,YDR130C,0,2.8442612,0.1465063840150833,0.7784430980682373,0.45449090003967285
YJL198W,YMR284W,0,2.8442445,0.14647887647151947,0.7784430980682373,0.45459091663360596
YGR034W,YDL198C,0,2.843592,0.14645136892795563,0.7784430980682373,0.45469093322753906
YOL010W,YNL117W,0,2.8435216,0.14642387628555298,0.7784430980682373,0.45479094982147217
YOR384W,YKL203C,0,2.843456,0.14639639854431152,0.7784430980682373,0.4548909664154053
YKR020W,YGL192W,0,2.8430634,0.14636892080307007,0.7784430980682373,0.45499101281166077
YLR145W,YER168C,0,2.8429885,0.1463414579629898,0.7784430980682373,0.45509102940559387
YDR324C,YDR174W,1,2.842876,0.1465016007423401,0.7794411182403564,0.45509102940559387
YDL098C,YJR139C,0,2.8425245,0.14647412300109863,0.7794411182403564,0.455191045999527
YOR180C,YBR278W,0,2.841848,0.14644666016101837,0.7794411182403564,0.4552910625934601
YMR281W,YOR096W,0,2.8398108,0.1464191973209381,0.7794411182403564,0.4553910791873932
YJR084W,YDL208W,0,2.8380637,0.14639174938201904,0.7794411182403564,0.4554910957813263
YER060W-A,YML121W,1,2.837452,0.1465517282485962,0.7804391384124756,0.4554910957813263
YKL077W,YNL175C,0,2.8362103,0.14652426540851593,0.7804391384124756,0.4555911123752594
YDR222W,YLR048W,0,2.8356633,0.14649681746959686,0.7804391384124756,0.4556911289691925
YBR208C,YOR182C,0,2.8350265,0.1464693695306778,0.7804391384124756,0.4557911455631256
YLR075W,YMR061W,0,2.8350015,0.14644195139408112,0.7804391384124756,0.4558911919593811
YIL035C,YHR039C-A,1,2.8345747,0.14660176634788513,0.78143709897995,0.4558911919593811
YDL083C,YPL110C,0,2.8344514,0.14657431840896606,0.78143709897995,0.4559912085533142
YLR221C,YDL133C-A,0,2.8328323,0.1465468853712082,0.78143709897995,0.4560912251472473
YPL274W,YDR246W,0,2.832697,0.1465194672346115,0.78143709897995,0.4561912417411804
YPR031W,YJR010C-A,0,2.832668,0.14649204909801483,0.78143709897995,0.4562912583351135
YOL141W,YLR244C,0,2.8318453,0.14646464586257935,0.78143709897995,0.45639127492904663
YOR123C,YNL076W,0,2.831354,0.14643725752830505,0.78143709897995,0.45649129152297974
YHR143W-A,YPR022C,1,2.8308616,0.14659686386585236,0.7824351191520691,0.45649129152297974
YMR020W,YIL139C,0,2.8308392,0.14656944572925568,0.7824351191520691,0.45659130811691284
YDL140C,YDL171C,0,2.8307655,0.14654205739498138,0.7824351191520691,0.45669132471084595
YGR171C,YGR006W,0,2.830431,0.1465146690607071,0.7824351191520691,0.45679137110710144
YBR085W,YNR028W,0,2.830388,0.146487295627594,0.7824351191520691,0.45689138770103455
YMR224C,YGR026W,0,2.8298783,0.1464599221944809,0.7824351191520691,0.45699140429496765
YJL121C,YDL138W,0,2.8295288,0.14643257856369019,0.7824351191520691,0.45709142088890076
YDR469W,YNL273W,0,2.8292139,0.14640523493289948,0.7824351191520691,0.45719143748283386
YKL064W,YGR052W,0,2.8283744,0.14637789130210876,0.7824351191520691,0.45729145407676697
YOR037W,YBL057C,0,2.8280122,0.14635056257247925,0.7824351191520691,0.4573914706707001
YMR136W,YMR033W,0,2.827791,0.14632324874401093,0.7824351191520691,0.4574914872646332
YMR035W,YDR076W,0,2.827499,0.1462959498167038,0.7824351191520691,0.4575915038585663
YBR105C,YPL253C,0,2.8262365,0.14626865088939667,0.7824351191520691,0.4576915502548218
YBL093C,YDR379W,0,2.8256211,0.14624136686325073,0.7824351191520691,0.4577915668487549
YKR031C,YOR356W,0,2.824399,0.146214097738266,0.7824351191520691,0.457891583442688
YOR204W,YPR178W,0,2.8242545,0.14618682861328125,0.7824351191520691,0.4579916000366211
YKL080W,YBL055C,0,2.8242426,0.1461595892906189,0.7824351191520691,0.4580916166305542
YJR045C,YGR144W,0,2.8241792,0.14613233506679535,0.7824351191520691,0.4581916332244873
YPL006W,YOR377W,0,2.8241436,0.1461051106452942,0.7824351191520691,0.4582916498184204
YKL132C,YDR343C,0,2.8240898,0.14607788622379303,0.7824351191520691,0.4583916664123535
YBR207W,YPL244C,0,2.8233542,0.14605067670345306,0.7824351191520691,0.458491712808609
YML052W,YKR097W,0,2.821477,0.1460234671831131,0.7824351191520691,0.4585917294025421
YLR145W,YLR299W,0,2.82083,0.14599627256393433,0.7824351191520691,0.4586917459964752
YDR177W,YLR418C,0,2.8204055,0.14596909284591675,0.7824351191520691,0.4587917625904083
YDL129W,YMR070W,1,2.8202698,0.1461280733346939,0.7834331393241882,0.4587917625904083
YLR363C,YNL273W,0,2.8192053,0.14610087871551514,0.7834331393241882,0.45889177918434143
YGR220C,YER104W,0,2.819098,0.14607368409633636,0.7834331393241882,0.45899179577827454
YHR023W,YDL045W-A,0,2.818955,0.1460465043783188,0.7834331393241882,0.45909181237220764
YML043C,YER148W,1,2.8189046,0.1462053507566452,0.7844311594963074,0.45909181237220764
YDR033W,YNL046W,0,2.8185027,0.14617817103862762,0.7844311594963074,0.45919182896614075
YGL019W,YGR068C,1,2.8178444,0.14633692800998688,0.7854291200637817,0.45919182896614075
YLL043W,YOL051W,0,2.8175678,0.1463097184896469,0.7854291200637817,0.45929184556007385
YNL282W,YMR173W,0,2.817567,0.14628252387046814,0.7854291200637817,0.45939189195632935
YGL084C,YPL200W,0,2.817214,0.14625534415245056,0.7854291200637817,0.45949190855026245
YDR487C,YIL017W,0,2.816806,0.14622816443443298,0.7854291200637817,0.45959192514419556
YOR103C,YJL001W,0,2.8168015,0.1462009996175766,0.7854291200637817,0.45969194173812866
YER032W,YLR007W,0,2.8167636,0.1461738497018814,0.7854291200637817,0.45979195833206177
YPL058C,YER041W,0,2.8166695,0.14614669978618622,0.7854291200637817,0.4598919749259949
YGR235C,YFL061W,0,2.8162258,0.14611956477165222,0.7854291200637817,0.459991991519928
YJL109C,YHR008C,0,2.8160086,0.14609244465827942,0.7854291200637817,0.4600920081138611
YDL140C,YDR420W,1,2.815981,0.14625093340873718,0.7864271402359009,0.4600920081138611
YLR370C,YGR221C,0,2.8159409,0.146223783493042,0.7864271402359009,0.4601920247077942
YIL022W,YPR141C,0,2.8140898,0.1461966633796692,0.7864271402359009,0.4602920711040497
YJR058C,YHR037W,0,2.81393,0.1461695432662964,0.7864271402359009,0.4603920876979828
YIL145C,YNL227C,0,2.8137507,0.14614243805408478,0.7864271402359009,0.4604921042919159
YDR464W,YCR038C,0,2.8135972,0.14611533284187317,0.7864271402359009,0.460592120885849
YDR329C,YPR174C,0,2.813352,0.14608824253082275,0.7864271402359009,0.4606921374797821
YML015C,YAL068C,0,2.8130782,0.14606116712093353,0.7864271402359009,0.4607921540737152
YDR234W,YML047C,0,2.8130298,0.1460341066122055,0.7864271402359009,0.4608921706676483
YAL024C,YKR066C,0,2.8128133,0.14600704610347748,0.7864271402359009,0.4609921872615814
YPL126W,YHR072W-A,1,2.8121676,0.14616525173187256,0.78742516040802,0.4609921872615814
YGL120C,YBL051C,0,2.8120832,0.14613817632198334,0.78742516040802,0.4610922038555145
YGR034W,YHR150W,0,2.8112712,0.1461111158132553,0.78742516040802,0.46119225025177
YLR106C,YOR177C,0,2.811238,0.14608405530452728,0.78742516040802,0.4612922668457031
YBR155W,YIL078W,0,2.8109457,0.14605700969696045,0.78742516040802,0.46139228343963623
YIL072W,YGL246C,0,2.8103156,0.1460299789905548,0.78742516040802,0.46149230003356934
YKL189W,YPL117C,0,2.8102968,0.14600296318531036,0.78742516040802,0.46159231662750244
YPL017C,YLR356W,0,2.8100448,0.14597594738006592,0.78742516040802,0.46169233322143555
YML076C,YDR242W,0,2.8099632,0.14594894647598267,0.78742516040802,0.46179234981536865
YPL075W,YBR034C,0,2.8098972,0.1459219604730606,0.78742516040802,0.46189236640930176
YPR019W,YBR036C,0,2.8095636,0.14589497447013855,0.78742516040802,0.46199241280555725
YNL213C,YLR131C,0,2.8091326,0.14586800336837769,0.78742516040802,0.46209242939949036
YLR008C,YDR034C,0,2.8077803,0.14584103226661682,0.78742516040802,0.46219244599342346
YFR005C,YNL054W,0,2.8074448,0.14581407606601715,0.78742516040802,0.46229246258735657
YLR345W,YIL034C,0,2.805863,0.14578713476657867,0.78742516040802,0.4623924791812897
YLR026C,YNL166C,0,2.80555,0.1457602083683014,0.78742516040802,0.4624924957752228
YJR013W,YOR061W,0,2.8053675,0.1457332819700241,0.78742516040802,0.4625925123691559
YPL050C,YDR405W,0,2.805232,0.14570637047290802,0.78742516040802,0.462692528963089
YBL080C,YDR236C,0,2.8046865,0.14567947387695312,0.78742516040802,0.4627925455570221
YLR286C,YML049C,0,2.8044412,0.14565257728099823,0.78742516040802,0.4628925919532776
YCR014C,YGR285C,0,2.8042421,0.14562569558620453,0.78742516040802,0.4629926085472107
YER060W,YGR024C,0,2.8040438,0.14559881389141083,0.78742516040802,0.4630926251411438
YFL034C-A,YEL016C,1,2.803814,0.14575645327568054,0.7884231805801392,0.4630926251411438
YNL282W,YNL217W,0,2.80345,0.14572957158088684,0.7884231805801392,0.4631926417350769
YJL011C,YAL030W,0,2.8033347,0.14570268988609314,0.7884231805801392,0.46329265832901
YOR358W,YNL085W,0,2.8032236,0.14567582309246063,0.7884231805801392,0.4633926749229431
YER056C-A,YER093C,0,2.8017666,0.14564897119998932,0.7884231805801392,0.4634926915168762
YER145C,YJL041W,0,2.8011131,0.145622119307518,0.7884231805801392,0.4635927081108093
YAL063C,YBR251W,0,2.8004677,0.14559528231620789,0.7884231805801392,0.46369272470474243
YOL004W,YHR120W,0,2.8001163,0.14556846022605896,0.7884231805801392,0.4637927711009979
YKL088W,YDR420W,1,2.8000305,0.14572586119174957,0.7894211411476135,0.4637927711009979
YDR279W,YKR097W,0,2.7999196,0.14569902420043945,0.7894211411476135,0.46389278769493103
YAR019C,YHR047C,0,2.7987242,0.14567218720912933,0.7894211411476135,0.46399280428886414
YBR182C,YOL072W,0,2.7984848,0.1456453651189804,0.7894211411476135,0.46409282088279724
YKL004W,YER099C,0,2.7980566,0.14561855792999268,0.7894211411476135,0.46419283747673035
YER150W,YPR067W,0,2.7978463,0.14559175074100494,0.7894211411476135,0.46429285407066345
YNR016C,YNR004W,0,2.7976902,0.1455649584531784,0.7894211411476135,0.46439287066459656
YLR055C,YOL132W,0,2.797604,0.14553818106651306,0.7894211411476135,0.46449288725852966
YER088C,YOL154W,0,2.7973564,0.14551140367984772,0.7894211411476135,0.46459290385246277
YGR082W,YMR194W,0,2.7971964,0.14548464119434357,0.7894211411476135,0.46469295024871826
YLR439W,YBL039C,0,2.7970161,0.1454578936100006,0.7894211411476135,0.46479296684265137
YMR043W,YML031W,0,2.7965724,0.14543114602565765,0.7894211411476135,0.4648929834365845
YDR108W,YDR473C,0,2.7963705,0.1454044133424759,0.7894211411476135,0.4649930000305176
YLR327C,YHR011W,0,2.7963595,0.14537768065929413,0.7894211411476135,0.4650930166244507
YNL214W,YLR427W,0,2.795743,0.14535097777843475,0.7894211411476135,0.4651930332183838
YBR015C,YOR211C,0,2.7956448,0.14532427489757538,0.7894211411476135,0.4652930498123169
YGR077C,YBR278W,0,2.795104,0.145297572016716,0.7894211411476135,0.46539306640625
YBL014C,YER137C,1,2.7949805,0.145454540848732,0.7904191613197327,0.46539306640625
YGR212W,YHR129C,0,2.7945058,0.14542783796787262,0.7904191613197327,0.4654931128025055
YBR037C,YPL134C,0,2.794197,0.14540113508701324,0.7904191613197327,0.4655931293964386
YGR036C,YLR292C,0,2.7941837,0.14537444710731506,0.7904191613197327,0.4656931459903717
YGR032W,YLR080W,0,2.7939918,0.14534777402877808,0.7904191613197327,0.4657931625843048
YJR031C,YPL063W,0,2.7939103,0.1453211009502411,0.7904191613197327,0.4658931791782379
YGL028C,YOR086C,0,2.7937737,0.1452944427728653,0.7904191613197327,0.465993195772171
YOR228C,YFL038C,0,2.7937188,0.1452677845954895,0.7904191613197327,0.4660932123661041
YKL003C,YIL126W,0,2.7937012,0.1452411562204361,0.7904191613197327,0.46619322896003723
YJL197W,YDR406W,0,2.7936382,0.1452145278453827,0.7904191613197327,0.46629324555397034
YPL092W,YCL063W,0,2.79354,0.14518789947032928,0.7904191613197327,0.46639329195022583
YAL010C,YJL046W,0,2.793361,0.14516128599643707,0.7904191613197327,0.46649330854415894
YNL267W,YNR061C,0,2.7928424,0.14513468742370605,0.7904191613197327,0.46659332513809204
YBR121C,YDR107C,0,2.792624,0.14510810375213623,0.7904191613197327,0.46669334173202515
YOR269W,YER093C,0,2.7925558,0.1450815200805664,0.7904191613197327,0.46679335832595825
YGR214W,YGR145W,0,2.79216,0.14505495131015778,0.7904191613197327,0.46689337491989136
YDR420W,YHR072W-A,1,2.7919204,0.14521150290966034,0.7914171814918518,0.46689337491989136
YPR095C,YER137C,1,2.7916243,0.14536799490451813,0.7924151420593262,0.46689337491989136
YAL053W,YCR029C-A,0,2.7912054,0.14534138143062592,0.7924151420593262,0.46699339151382446
YDL060W,YCR004C,0,2.7911282,0.1453147828578949,0.7924151420593262,0.46709340810775757
YPR007C,YDR518W,0,2.7907052,0.14528819918632507,0.7924151420593262,0.4671934247016907
YFR050C,YIL027C,0,2.7906847,0.14526161551475525,0.7924151420593262,0.46729347109794617
YLR409C,YDR259C,0,2.790619,0.14523504674434662,0.7924151420593262,0.4673934876918793
YJL187C,YHL004W,0,2.7906122,0.14520849287509918,0.7924151420593262,0.4674935042858124
YKL006C-A,YBL014C,1,2.7881036,0.14536477625370026,0.7934131622314453,0.4674935042858124
YOR194C,YMR270C,0,2.7875395,0.14533820748329163,0.7934131622314453,0.4675935208797455
YAL026C,YCR046C,0,2.786637,0.145311638712883,0.7934131622314453,0.4676935374736786
YCL035C,YFR031C,0,2.78609,0.14528508484363556,0.7934131622314453,0.4677935540676117
YMR105C,YNL096C,0,2.785098,0.14525854587554932,0.7934131622314453,0.4678935706615448
YBR212W,YNL335W,0,2.7849882,0.14523200690746307,0.7934131622314453,0.4679935872554779
YAL034W-A,YOR272W,0,2.7842727,0.14520548284053802,0.7934131622314453,0.468093603849411
YGR260W,YCL017C,0,2.78424,0.14517895877361298,0.7934131622314453,0.4681936502456665
YBR282W,YLR023C,0,2.7837243,0.14515244960784912,0.7934131622314453,0.4682936668395996
YBL021C,YGL243W,1,2.7835903,0.1453085094690323,0.7944111824035645,0.4682936668395996
YBR107C,YBL058W,0,2.783314,0.14528198540210724,0.7944111824035645,0.4683936834335327
YDR126W,YMR287C,0,2.7830625,0.14525547623634338,0.7944111824035645,0.4684937000274658
YLR288C,YGR035C,0,2.7830343,0.14522896707057953,0.7944111824035645,0.4685937166213989
YDR300C,YFL001W,0,2.7830153,0.14520248770713806,0.7944111824035645,0.46869373321533203
YAL003W,YIL078W,0,2.7827368,0.1451759934425354,0.7944111824035645,0.46879374980926514
YOR182C,YIR039C,0,2.7824888,0.14514952898025513,0.7944111824035645,0.46889376640319824
YLR020C,YMR037C,0,2.782205,0.14512306451797485,0.7944111824035645,0.46899381279945374
YJR001W,YDR463W,0,2.781992,0.14509661495685577,0.7944111824035645,0.46909382939338684
YER095W,YHR119W,0,2.7819834,0.1450701653957367,0.7944111824035645,0.46919384598731995
YOL126C,YGL236C,0,2.781723,0.1450437307357788,0.7944111824035645,0.46929386258125305
YBR271W,YJR084W,0,2.781674,0.14501731097698212,0.7944111824035645,0.46939387917518616
YER190W,YMR009W,0,2.7799761,0.14499089121818542,0.7944111824035645,0.46949389576911926
YEL058W,YHR106W,0,2.779417,0.14496448636054993,0.7944111824035645,0.46959391236305237
YHR058C,YMR025W,0,2.7790074,0.14493809640407562,0.7944111824035645,0.4696939289569855
YBL006C,YOL002C,1,2.7785738,0.14509375393390656,0.7954092025756836,0.4696939289569855
YKL197C,YGR122W,0,2.7784,0.14506734907627106,0.7954092025756836,0.4697939455509186
YDL129W,YMR233W,1,2.7782168,0.14522293210029602,0.796407163143158,0.4697939455509186
YKR014C,YML088W,0,2.777913,0.14519651234149933,0.796407163143158,0.4698939919471741
YER120W,YIL079C,0,2.7769918,0.14517009258270264,0.796407163143158,0.4699940085411072
YBR058C-A,YKR057W,0,2.7766662,0.14514368772506714,0.796407163143158,0.4700940251350403
YMR150C,YLR009W,0,2.77624,0.14511729776859283,0.796407163143158,0.4701940417289734
YGR271C-A,YOR295W,1,2.776126,0.14527273178100586,0.7974051833152771,0.4701940417289734
YDR108W,YML018C,0,2.7761223,0.14524631202220917,0.7974051833152771,0.4702940583229065
YIL076W,YKL089W,0,2.7758818,0.14521992206573486,0.7974051833152771,0.4703940749168396
YCL035C,YDL077C,0,2.7753022,0.14519353210926056,0.7974051833152771,0.4704940915107727
YJL112W,YFR016C,0,2.77498,0.14516715705394745,0.7974051833152771,0.4705941081047058
YPL215W,YKL126W,0,2.7749264,0.14514078199863434,0.7974051833152771,0.4706941246986389
YOR045W,YNL044W,0,2.774889,0.14511442184448242,0.7974051833152771,0.4707941710948944
YML009C,YJL046W,0,2.7747455,0.1450880765914917,0.7974051833152771,0.4708941876888275
YHR143W-A,YKR080W,1,2.773817,0.14524328708648682,0.7984032034873962,0.4708941876888275
YGR283C,YNL173C,0,2.773311,0.1452169120311737,0.7984032034873962,0.4709942042827606
YPL043W,YNL159C,0,2.773311,0.14519056677818298,0.7984032034873962,0.4710942208766937
YMR093W,YIL136W,0,2.7730064,0.14516422152519226,0.7984032034873962,0.47119423747062683
YJL060W,YHR036W,0,2.7728324,0.14513787627220154,0.7984032034873962,0.47129425406455994
YPR096C,YPL001W,0,2.7722166,0.1451115608215332,0.7984032034873962,0.47139427065849304
YOL076W,YOR070C,0,2.772013,0.14508523046970367,0.7984032034873962,0.47149428725242615
YNL263C,YML113W,0,2.7719421,0.14505892992019653,0.7984032034873962,0.47159433364868164
YOR089C,YGR208W,0,2.7709298,0.1450326293706894,0.7984032034873962,0.47169435024261475
YIL036W,YJR015W,0,2.7706811,0.14500634372234344,0.7984032034873962,0.47179436683654785
YDL240W,YPL149W,0,2.7706637,0.1449800580739975,0.7984032034873962,0.47189438343048096
YDR262W,YDR200C,0,2.7698915,0.14495380222797394,0.7984032034873962,0.47199440002441406
YKL014C,YOR182C,0,2.7696595,0.14492753148078918,0.7984032034873962,0.47209441661834717
YNR031C,YMR298W,0,2.7693396,0.14490129053592682,0.7984032034873962,0.4721944332122803
YHR143W-A,YML112W,1,2.7692828,0.14505614340305328,0.7994012236595154,0.4721944332122803
YGL198W,YCL004W,0,2.7685437,0.14502987265586853,0.7994012236595154,0.4722944498062134
YCR005C,YOL052C,0,2.7682943,0.14500361680984497,0.7994012236595154,0.4723944664001465
YLR285W,YBR131W,0,2.768112,0.1449773758649826,0.7994012236595154,0.472494512796402
YOR182C,YPL093W,0,2.768028,0.14495113492012024,0.7994012236595154,0.4725945293903351
YKL038W,YNL242W,0,2.7675276,0.14492490887641907,0.7994012236595154,0.4726945459842682
YIL072W,YKL201C,0,2.7674494,0.1448986977338791,0.7994012236595154,0.4727945625782013
YPR086W,YAL024C,0,2.7672787,0.1448724865913391,0.7994012236595154,0.4728945791721344
YGR194C,YDR246W,0,2.7671485,0.14484629034996033,0.7994012236595154,0.4729945957660675
YMR230W,YLR175W,0,2.7669225,0.14482010900974274,0.7994012236595154,0.4730946123600006
YGL170C,YLR131C,0,2.7667594,0.14479392766952515,0.7994012236595154,0.4731946289539337
YCR028C,YIL039W,0,2.7662947,0.14476776123046875,0.7994012236595154,0.4732946455478668
YBR010W,YPR100W,0,2.7659683,0.14474159479141235,0.7994012236595154,0.4733946919441223
YKR002W,YOR219C,0,2.7656474,0.14471544325351715,0.7994012236595154,0.4734947085380554
YDR041W,YJR065C,0,2.7650447,0.14468930661678314,0.7994012236595154,0.4735947251319885
YJR022W,YHR106W,0,2.7649908,0.14466316998004913,0.7994012236595154,0.47369474172592163
YIL070C,YJR150C,0,2.7633572,0.14463704824447632,0.7994012236595154,0.47379475831985474
YOR019W,YCR063W,0,2.7633324,0.1446109414100647,0.7994012236595154,0.47389477491378784
YPR156C,YNL095C,0,2.762556,0.14458483457565308,0.7994012236595154,0.47399479150772095
YNL217W,YPL117C,0,2.7621999,0.14455874264240265,0.7994012236595154,0.47409480810165405
YDL078C,YOL125W,0,2.7612088,0.14453266561031342,0.7994012236595154,0.47419482469558716
YNL274C,YDR047W,0,2.760868,0.14450658857822418,0.7994012236595154,0.47429487109184265
YIR031C,YML009C,0,2.7608314,0.14448052644729614,0.7994012236595154,0.47439488768577576
YJR036C,YPL065W,0,2.760603,0.1444544643163681,0.7994012236595154,0.47449490427970886
YKL088W,YML112W,1,2.7605128,0.14460872113704681,0.8003991842269897,0.47449490427970886
YDR343C,YOR068C,0,2.759342,0.14458265900611877,0.8003991842269897,0.47459492087364197
YOR194C,YPL248C,0,2.7585382,0.14455659687519073,0.8003991842269897,0.4746949374675751
YLL006W,YOR020C,0,2.758019,0.1445305496454239,0.8003991842269897,0.4747949540615082
YCL069W,YLR390W,0,2.7576158,0.14450450241565704,0.8003991842269897,0.4748949706554413
YPR162C,YMR203W,0,2.75731,0.1444784700870514,0.8003991842269897,0.4749949872493744
YKR059W,YKL016C,0,2.7572737,0.14445245265960693,0.8003991842269897,0.4750950336456299
YPR049C,YOR372C,0,2.7572207,0.14442643523216248,0.8003991842269897,0.475195050239563
YHR056C,YBR158W,0,2.7571802,0.1444004327058792,0.8003991842269897,0.4752950668334961
YPL106C,YDL047W,0,2.756861,0.14437443017959595,0.8003991842269897,0.4753950834274292
YHR024C,YDL112W,0,2.7568564,0.14434845745563507,0.8003991842269897,0.4754951000213623
YKL015W,YAL008W,0,2.7566605,0.144322469830513,0.8003991842269897,0.4755951166152954
YAL016W,YOR074C,0,2.75663,0.14429651200771332,0.8003991842269897,0.4756951332092285
YCR016W,YKL054C,0,2.7557187,0.14427055418491364,0.8003991842269897,0.4757951498031616
YDL204W,YBR101C,0,2.7555075,0.14424461126327515,0.8003991842269897,0.4758951663970947
YMR026C,YDL198C,0,2.7548795,0.14421866834163666,0.8003991842269897,0.4759952127933502
YOR359W,YER184C,0,2.7538087,0.14419274032115936,0.8003991842269897,0.4760952293872833
YGL016W,YDR388W,0,2.7531009,0.14416681230068207,0.8003991842269897,0.47619524598121643
YEL016C,YER137C,1,2.7525034,0.14432063698768616,0.8013972043991089,0.47619524598121643
YHR116W,YGL178W,0,2.7523892,0.14429469406604767,0.8013972043991089,0.47629526257514954
YGR266W,YGL232W,0,2.7522738,0.14426878094673157,0.8013972043991089,0.47639527916908264
YLR008C,YMR213W,0,2.7504373,0.14424285292625427,0.8013972043991089,0.47649529576301575
YJL189W,YCR075C,0,2.750268,0.14421695470809937,0.8013972043991089,0.47659531235694885
YDR415C,YOR046C,0,2.7498755,0.14419105648994446,0.8013972043991089,0.47669532895088196
YBL058W,YKR019C,0,2.749711,0.14416517317295074,0.8013972043991089,0.47679534554481506
YGR217W,YPR022C,1,2.7496712,0.14431878924369812,0.802395224571228,0.47679534554481506
YGR047C,YDR497C,0,2.7491786,0.1442928910255432,0.802395224571228,0.47689539194107056
YNR020C,YMR304W,0,2.748479,0.1442670077085495,0.802395224571228,0.47699540853500366
YKR049C,YIR017C,0,2.7483013,0.1442411243915558,0.802395224571228,0.47709542512893677
YDR158W,YHR165C,0,2.7481947,0.14421524107456207,0.802395224571228,0.4771954417228699
YPL063W,YJR050W,0,2.748181,0.14418938755989075,0.802395224571228,0.477295458316803
YOR273C,YIL079C,0,2.7478895,0.14416353404521942,0.802395224571228,0.4773954749107361
YLR190W,YML099C,0,2.7478442,0.1441376805305481,0.802395224571228,0.4774954915046692
YLR203C,YHL016C,0,2.7470222,0.14411184191703796,0.802395224571228,0.4775955080986023
YIR009W,YML077W,1,2.7461677,0.14426523447036743,0.8033931851387024,0.4775955080986023
YOL061W,YOL057W,0,2.7459226,0.1442393809556961,0.8033931851387024,0.4776955246925354
YLL043W,YOR378W,0,2.745905,0.14421354234218597,0.8033931851387024,0.4777955710887909
YDR087C,YER102W,0,2.745112,0.14418771862983704,0.8033931851387024,0.477895587682724
YLR384C,YBR006W,0,2.7450566,0.1441618949174881,0.8033931851387024,0.4779956042766571
YML055W,YOR240W,0,2.7443645,0.14413608610630035,0.8033931851387024,0.4780956208705902
YJR031C,YBR026C,0,2.7442336,0.1441102772951126,0.8033931851387024,0.4781956374645233
YBR060C,YEL020W-A,0,2.7429297,0.14408448338508606,0.8033931851387024,0.4782956540584564
YGR014W,YPL147W,0,2.7427986,0.1440587043762207,0.8033931851387024,0.4783956706523895
YPR080W,YDL133C-A,0,2.74223,0.14403292536735535,0.8033931851387024,0.47849568724632263
YJR066W,YML112W,1,2.7416954,0.14418604969978333,0.8043912053108215,0.47849568724632263
YEL032W,YJR013W,0,2.7416587,0.14416025578975677,0.8043912053108215,0.4785957336425781
YHR116W,YJL173C,0,2.7413244,0.14413447678089142,0.8043912053108215,0.47869575023651123
YJL102W,YDR435C,0,2.7413151,0.14410871267318726,0.8043912053108215,0.47879576683044434
YGL089C,YJR143C,0,2.741182,0.1440829485654831,0.8043912053108215,0.47889578342437744
YGR135W,YNL283C,0,2.7399344,0.14405719935894012,0.8043912053108215,0.47899580001831055
YGR254W,YNL026W,0,2.739818,0.14403145015239716,0.8043912053108215,0.47909581661224365
YJR057W,YOL122C,0,2.7388968,0.14400571584701538,0.8043912053108215,0.47919583320617676
YNL261W,YDR074W,0,2.738832,0.1439799964427948,0.8043912053108215,0.47929584980010986
YLR316C,YKL081W,0,2.7384758,0.14395427703857422,0.8043912053108215,0.47939586639404297
YBL063W,YJR135W-A,0,2.7380965,0.14392857253551483,0.8043912053108215,0.47949591279029846
YJL162C,YIL135C,0,2.738071,0.14390286803245544,0.8043912053108215,0.47959592938423157
YDL036C,YOR011W,0,2.7377853,0.14387719333171844,0.8043912053108215,0.4796959459781647
YPL208W,YLR157C,0,2.7377834,0.14385150372982025,0.8043912053108215,0.4797959625720978
YAL039C,YER014W,0,2.7372117,0.14382584393024445,0.8043912053108215,0.4798959791660309
YGL139W,YBR005W,0,2.7370715,0.14380018413066864,0.8043912053108215,0.479995995759964
YCR024C,YEL001C,0,2.7369075,0.14377452433109283,0.8043912053108215,0.4800960123538971
YDR309C,YKL199C,0,2.7364068,0.14374887943267822,0.8043912053108215,0.4801960289478302
YDR025W,YPR073C,0,2.7363033,0.1437232494354248,0.8043912053108215,0.4802960455417633
YML049C,YBR162W-A,0,2.7360475,0.14369763433933258,0.8043912053108215,0.4803960919380188
YKR095W,YDR523C,0,2.735777,0.14367201924324036,0.8043912053108215,0.4804961085319519
YGL019W,YLL017W,0,2.7356973,0.14364640414714813,0.8043912053108215,0.480596125125885
YJL073W,YDL074C,0,2.7356558,0.1436208188533783,0.8043912053108215,0.4806961417198181
YCR016W,YDR075W,0,2.7354329,0.14359521865844727,0.8043912053108215,0.4807961583137512
YOL122C,YGL226W,0,2.7349973,0.14356964826583862,0.8043912053108215,0.4808961749076843
YNL055C,YJL059W,0,2.7347727,0.14354407787322998,0.8043912053108215,0.48099619150161743
YGR285C,YLR293C,0,2.7347245,0.14351852238178253,0.8043912053108215,0.48109620809555054
YMR276W,YPL078C,0,2.7346776,0.14349296689033508,0.8043912053108215,0.48119622468948364
YDL117W,YER111C,0,2.733881,0.14346742630004883,0.8043912053108215,0.48129627108573914
YOR308C,YDR301W,0,2.7336469,0.14344190061092377,0.8043912053108215,0.48139628767967224
YOR297C,YJL054W,0,2.7326722,0.1434163749217987,0.8043912053108215,0.48149630427360535
YNL092W,YDR118W,0,2.7322211,0.14339084923267365,0.8043912053108215,0.48159632086753845
YGL076C,YLR017W,0,2.7318785,0.14336535334587097,0.8043912053108215,0.48169633746147156
YDL107W,YMR098C,0,2.731333,0.1433398574590683,0.8043912053108215,0.48179635405540466
YLR228C,YMR026C,0,2.73045,0.14331436157226562,0.8043912053108215,0.48189637064933777
YLR432W,YPR003C,0,2.7291355,0.14328889548778534,0.8043912053108215,0.4819963872432709
YKL052C,YDR110W,0,2.7290568,0.14326341450214386,0.8043912053108215,0.48209643363952637
YMR232W,YDR139C,0,2.7289014,0.14323796331882477,0.8043912053108215,0.4821964502334595
YBR012W-B,YDR091C,0,2.728345,0.14321251213550568,0.8043912053108215,0.4822964668273926
YDL184C,YDL106C,0,2.7281628,0.14318706095218658,0.8043912053108215,0.4823964834213257
YMR295C,YML094W,0,2.7276444,0.14316163957118988,0.8043912053108215,0.4824965000152588
YDR399W,YOR037W,0,2.7269206,0.14313620328903198,0.8043912053108215,0.4825965166091919
YFL026W,YJL026W,0,2.726121,0.14311079680919647,0.8043912053108215,0.482696533203125
YJR067C,YER137C,1,2.7260978,0.14326290786266327,0.8053892254829407,0.482696533203125
YDR122W,YKR096W,0,2.7253418,0.14323748648166656,0.8053892254829407,0.4827965497970581
YMR105C,YJR150C,0,2.7251134,0.14321206510066986,0.8053892254829407,0.4828965663909912
YFR034C,YBR213W,1,2.7250848,0.1433640867471695,0.8063872456550598,0.4828965663909912
YIL111W,YLR353W,0,2.7245407,0.1433386504650116,0.8063872456550598,0.4829966127872467
YPL196W,YER087C-B,0,2.724318,0.1433132290840149,0.8063872456550598,0.4830966293811798
YOL056W,YDR448W,0,2.7242782,0.14328782260417938,0.8063872456550598,0.4831966459751129
YJL034W,YJL012C,0,2.7242274,0.14326241612434387,0.8063872456550598,0.483296662569046
YJR033C,YKL061W,0,2.7223387,0.14323700964450836,0.8063872456550598,0.4833966791629791
YPR180W,YML115C,0,2.721912,0.14321163296699524,0.8063872456550598,0.48349669575691223
YGR124W,YPR080W,0,2.7212338,0.14318624138832092,0.8063872456550598,0.48359671235084534
YDL204W,YDL198C,0,2.7211375,0.143160879611969,0.8063872456550598,0.48369672894477844
YHR156C,YNL258C,0,2.7210388,0.14313551783561707,0.8063872456550598,0.48379674553871155
YGL135W,YER123W,0,2.720878,0.14311017096042633,0.8063872456550598,0.48389679193496704
YML087C,YBR155W,0,2.7208009,0.1430848240852356,0.8063872456550598,0.48399680852890015
YMR233W,YHR039C-A,1,2.7206597,0.14323654770851135,0.8073852062225342,0.48399680852890015
YKR057W,YER101C,0,2.7206497,0.14321118593215942,0.8073852062225342,0.48409682512283325
YOR204W,YDR511W,0,2.7204576,0.1431858390569687,0.8073852062225342,0.48419684171676636
YKR068C,YER008C,0,2.7197428,0.14316050708293915,0.8073852062225342,0.48429685831069946
YGR068C,YPL082C,1,2.719533,0.14331209659576416,0.8083832263946533,0.48429685831069946
YHR014W,YJL001W,0,2.7193794,0.14328674972057343,0.8083832263946533,0.48439687490463257
YDL205C,YBR045C,0,2.7191808,0.1432614028453827,0.8083832263946533,0.4844968914985657
YMR247C,YIL167W,0,2.7191167,0.14323607087135315,0.8083832263946533,0.4845969080924988
YIL088C,YHL032C,0,2.7186723,0.1432107537984848,0.8083832263946533,0.4846969246864319
YNL138W,YLR206W,0,2.7185955,0.14318543672561646,0.8083832263946533,0.4847969710826874
YEL043W,YPR095C,0,2.7184858,0.1431601345539093,0.8083832263946533,0.4848969876766205
YKL197C,YMR105C,0,2.71833,0.14313483238220215,0.8083832263946533,0.4849970042705536
YML086C,YBR261C,0,2.7179961,0.1431095451116562,0.8083832263946533,0.4850970208644867
YJR108W,YBR040W,0,2.7175508,0.14308425784111023,0.8083832263946533,0.4851970374584198
YMR139W,YOR060C,0,2.7174387,0.14305898547172546,0.8083832263946533,0.4852970540523529
YPR161C,YGR035C,0,2.717194,0.1430337280035019,0.8083832263946533,0.485397070646286
YOR381W,YMR195W,0,2.7171845,0.14300847053527832,0.8083832263946533,0.4854970872402191
YGL238W,YPL177C,0,2.716566,0.14298322796821594,0.8083832263946533,0.4855971336364746
YOR249C,YNL194C,0,2.7159996,0.14295800030231476,0.8083832263946533,0.4856971502304077
YHR031C,YKR085C,0,2.7159965,0.14293277263641357,0.8083832263946533,0.4857971668243408
YFR050C,YDR421W,0,2.7159054,0.1429075449705124,0.8083832263946533,0.4858971834182739
YHR011W,YGL213C,0,2.7155836,0.1428823471069336,0.8083832263946533,0.48599720001220703
YBR058C,YPR131C,0,2.7145011,0.1428571492433548,0.8083832263946533,0.48609721660614014
YBR291C,YBL069W,0,2.7144034,0.142831951379776,0.8083832263946533,0.48619723320007324
YNL073W,YCR058C,0,2.714317,0.1428067684173584,0.8083832263946533,0.48629724979400635
YMR002W,YFL037W,0,2.7138867,0.142781600356102,0.8083832263946533,0.48639726638793945
YLR268W,YMR284W,0,2.7132406,0.14275643229484558,0.8083832263946533,0.48649731278419495
YIL153W,YBL113C,0,2.71319,0.14273127913475037,0.8083832263946533,0.48659732937812805
YPR200C,YNL263C,0,2.7124825,0.14270612597465515,0.8083832263946533,0.48669734597206116
YGR085C,YAR035W,0,2.71239,0.14268098771572113,0.8083832263946533,0.48679736256599426
YMR298W,YHL016C,0,2.7123137,0.1426558643579483,0.8083832263946533,0.48689737915992737
YDL080C,YDR419W,0,2.7118504,0.14263074100017548,0.8083832263946533,0.4869973957538605
YMR301C,YML101C,0,2.7114758,0.14260563254356384,0.8083832263946533,0.4870974123477936
YMR137C,YLR237W,0,2.7113733,0.1425805389881134,0.8083832263946533,0.4871974289417267
YGR272C,YOR224C,1,2.7112918,0.1427314281463623,0.8093812465667725,0.4871974289417267
YDR457W,YJR054W,0,2.7112637,0.14270631968975067,0.8093812465667725,0.4872974455356598
YER060W-A,YOR039W,1,2.708736,0.1428571492433548,0.8103792667388916,0.4872974455356598
YLL053C,YPL129W,0,2.7079544,0.14283201098442078,0.8103792667388916,0.4873974919319153
YBR028C,YDR299W,0,2.7077026,0.14280688762664795,0.8103792667388916,0.4874975085258484
YGL211W,YER137C,0,2.7066693,0.14278177917003632,0.8103792667388916,0.4875975251197815
YKL155C,YDL045W-A,0,2.7064118,0.14275668561458588,0.8103792667388916,0.4876975417137146
YOL120C,YHR037W,0,2.7050905,0.14273159205913544,0.8103792667388916,0.4877975583076477
YOR292C,YKL011C,0,2.7046652,0.142706498503685,0.8103792667388916,0.4878975749015808
YPL117C,YDR173C,0,2.7036936,0.14268141984939575,0.8103792667388916,0.4879975914955139
YPL189W,YHR058C,0,2.7031112,0.1426563560962677,0.8103792667388916,0.488097608089447
YOR222W,YHL028W,0,2.703071,0.14263130724430084,0.8103792667388916,0.4881976246833801
YPR155C,YOR261C,0,2.702853,0.14260625839233398,0.8103792667388916,0.4882976710796356
YHR056C,YPL143W,0,2.7024188,0.14258120954036713,0.8103792667388916,0.4883976876735687
YOR044W,YMR321C,0,2.702114,0.14255617558956146,0.8103792667388916,0.48849770426750183
YLR277C,YDR501W,0,2.7013078,0.142531156539917,0.8103792667388916,0.48859772086143494
YBR289W,YPL135W,0,2.6984944,0.14250613749027252,0.8103792667388916,0.48869773745536804
YJL060W,YIL135C,0,2.6984508,0.14248113334178925,0.8103792667388916,0.48879775404930115
YBL079W,YNL153C,0,2.698384,0.14245614409446716,0.8103792667388916,0.48889777064323425
YIL136W,YIR014W,0,2.6982496,0.14243115484714508,0.8103792667388916,0.48899778723716736
YDR439W,YGL087C,0,2.6977308,0.1424061805009842,0.8103792667388916,0.48909783363342285
YKL004W,YCL036W,0,2.6965837,0.1423812061548233,0.8103792667388916,0.48919785022735596
YEL005C,YPR163C,0,2.6965294,0.1423562467098236,0.8103792667388916,0.48929786682128906
YOR258W,YPL258C,0,2.6946702,0.1423312872648239,0.8103792667388916,0.48939788341522217
YBL057C,YHR150W,0,2.6945128,0.1423063427209854,0.8103792667388916,0.4894979000091553
YNL159C,YGR235C,0,2.693083,0.1422814130783081,0.8103792667388916,0.4895979166030884
YFL035C-B,YDR254W,0,2.6930277,0.1422564834356308,0.8103792667388916,0.4896979331970215
YDL015C,YLR337C,0,2.6928756,0.14223156869411469,0.8103792667388916,0.4897979497909546
YIR023W,YHL008C,0,2.6914682,0.14220665395259857,0.8103792667388916,0.4898979663848877
YGL113W,YLR010C,0,2.6911898,0.14218175411224365,0.8103792667388916,0.4899980127811432
YLR265C,YCR054C,0,2.6901517,0.14215686917304993,0.8103792667388916,0.4900980293750763
YIL036W,YBR176W,0,2.6899056,0.1421319842338562,0.8103792667388916,0.4901980459690094
YJR097W,YDR257C,0,2.6895034,0.14210709929466248,0.8103792667388916,0.4902980625629425
YOL038W,YDR222W,0,2.689355,0.14208224415779114,0.8103792667388916,0.4903980791568756
YLR208W,YNL145W,0,2.6883442,0.1420573890209198,0.8103792667388916,0.4904980957508087
YLL013C,YDR135C,0,2.6881447,0.14203253388404846,0.8103792667388916,0.4905981123447418
YML043C,YCR073C,1,2.687746,0.1421825885772705,0.811377227306366,0.4905981123447418
YMR230W,YHL031C,0,2.6875224,0.14215771853923798,0.811377227306366,0.4906981289386749
YDR081C,YLR092W,0,2.687499,0.14213286340236664,0.811377227306366,0.49079814553260803
YDR096W,YBR022W,0,2.6872032,0.1421080231666565,0.811377227306366,0.4908981919288635
YOR063W,YBR020W,0,2.6868167,0.14208318293094635,0.811377227306366,0.49099820852279663
YGR180C,YNR050C,0,2.6868124,0.1420583575963974,0.811377227306366,0.49109822511672974
YLR121C,YKR008W,0,2.6865351,0.14203354716300964,0.811377227306366,0.49119824171066284
YNL298W,YMR051C,0,2.6856408,0.1420087367296219,0.811377227306366,0.49129825830459595
YPL122C,YAR002C-A,0,2.6853213,0.14198392629623413,0.811377227306366,0.49139827489852905
YNL202W,YPR192W,0,2.685142,0.14195914566516876,0.811377227306366,0.49149829149246216
YKL155C,YDR322W,0,2.6832218,0.1419343501329422,0.811377227306366,0.49159830808639526
YKR072C,YKR096W,0,2.683136,0.14190958440303802,0.811377227306366,0.49169835448265076
YGR252W,YNL274C,0,2.6823335,0.14188481867313385,0.811377227306366,0.49179837107658386
YMR143W,YDR065W,0,2.681922,0.14186005294322968,0.811377227306366,0.49189838767051697
YJL062W,YKL038W,0,2.6815243,0.1418353170156479,0.811377227306366,0.4919984042644501
YMR004W,YDR492W,0,2.681281,0.1418105661869049,0.811377227306366,0.4920984208583832
YAL025C,YLR295C,0,2.680848,0.14178584516048431,0.811377227306366,0.4921984374523163
YDR292C,YPL180W,0,2.6808038,0.14176110923290253,0.811377227306366,0.4922984540462494
YBR301W,YFL021W,0,2.6805937,0.14173640310764313,0.811377227306366,0.4923984706401825
YIL136W,YBR273C,0,2.6805289,0.14171169698238373,0.811377227306366,0.4924984872341156
YKL088W,YNL056W,1,2.6800697,0.14186127483844757,0.8123752474784851,0.4924984872341156
YOR374W,YGR165W,0,2.6800306,0.14183655381202698,0.8123752474784851,0.4925985336303711
YNL023C,YGR214W,0,2.6797748,0.14181184768676758,0.8123752474784851,0.4926985502243042
YGR283C,YOL158C,0,2.678476,0.14178714156150818,0.8123752474784851,0.4927985668182373
YPL105C,YFR038W,0,2.6784625,0.14176245033740997,0.8123752474784851,0.4928985834121704
YKL125W,YER060W-A,1,2.67838,0.14191189408302307,0.8133732676506042,0.4928985834121704
YDR127W,YDR200C,0,2.6777635,0.14188718795776367,0.8133732676506042,0.4929986000061035
YOR299W,YMR210W,0,2.6776028,0.14186248183250427,0.8133732676506042,0.4930986166000366
YOR319W,YOR136W,0,2.6775312,0.14183780550956726,0.8133732676506042,0.4931986331939697
YLR020C,YOL151W,0,2.677492,0.14181311428546906,0.8133732676506042,0.49329864978790283
YKL103C,YLL018C-A,0,2.677269,0.14178845286369324,0.8133732676506042,0.49339866638183594
YER068W,YDR137W,0,2.6772132,0.14176379144191742,0.8133732676506042,0.49349871277809143
YHR027C,YPL078C,0,2.6771219,0.1417391300201416,0.8133732676506042,0.49359872937202454
YDR196C,YLR432W,0,2.6762834,0.14171448349952698,0.8133732676506042,0.49369874596595764
YDR245W,YML115C,0,2.6755066,0.14168985188007355,0.8133732676506042,0.49379876255989075
YPL050C,YHR088W,0,2.67527,0.14166522026062012,0.8133732676506042,0.49389877915382385
YJL214W,YMR218C,0,2.67519,0.14164060354232788,0.8133732676506042,0.49399879574775696
YCL075W,YAR009C,0,2.6746626,0.14161598682403564,0.8133732676506042,0.49409881234169006
YIL035C,YPR022C,1,2.6744628,0.14176511764526367,0.8143712282180786,0.49409881234169006
YHR047C,YNL242W,0,2.6742752,0.14174048602581024,0.8143712282180786,0.49419882893562317
YHR147C,YCR005C,0,2.6736076,0.141715869307518,0.8143712282180786,0.4942988455295563
YPL209C,YOR304C-A,0,2.6733258,0.14169126749038696,0.8143712282180786,0.49439889192581177
YNL119W,YDR353W,0,2.6732335,0.14166666567325592,0.8143712282180786,0.4944989085197449
YIL090W,YDR166C,0,2.6731467,0.14164207875728607,0.8143712282180786,0.494598925113678
YDL078C,YDL180W,0,2.6725917,0.14161749184131622,0.8143712282180786,0.4946989417076111
YJL186W,YBR159W,0,2.6719613,0.14159291982650757,0.8143712282180786,0.4947989583015442
YPL269W,YCR030C,0,2.6715147,0.1415683627128601,0.8143712282180786,0.4948989748954773
YIL075C,YHR209W,0,2.671259,0.14154380559921265,0.8143712282180786,0.4949989914894104
YLR337C,YDR529C,0,2.6705928,0.14151924848556519,0.8143712282180786,0.4950990080833435
YOR027W,YHR044C,0,2.670495,0.14149470627307892,0.8143712282180786,0.495199054479599
YNL068C,YML113W,0,2.6700878,0.14147017896175385,0.8143712282180786,0.4952990710735321
YDR512C,YHL027W,0,2.670083,0.14144565165042877,0.8143712282180786,0.4953990876674652
YKL067W,YOR349W,0,2.6699028,0.1414211392402649,0.8143712282180786,0.4954991042613983
YPL151C,YAL010C,0,2.6695533,0.1413966417312622,0.8143712282180786,0.4955991208553314
YMR200W,YNL070W,0,2.668963,0.14137214422225952,0.8143712282180786,0.4956991374492645
YPR148C,YNL044W,0,2.6686726,0.14134764671325684,0.8143712282180786,0.49579915404319763
YKL174C,YHR210C,0,2.668408,0.14132317900657654,0.8143712282180786,0.49589917063713074
YCR024C,YPR155C,0,2.6681547,0.14129869639873505,0.8143712282180786,0.49599918723106384
YIL062C,YGR234W,0,2.6679902,0.14127424359321594,0.8143712282180786,0.49609923362731934
YNL094W,YNL283C,0,2.665676,0.14124979078769684,0.8143712282180786,0.49619925022125244
YPL280W,YDR128W,0,2.6653466,0.14122533798217773,0.8143712282180786,0.49629926681518555
YBR208C,YNL180C,0,2.663453,0.14120090007781982,0.8143712282180786,0.49639928340911865
YHR202W,YNL190W,0,2.6632109,0.1411764770746231,0.8143712282180786,0.49649930000305176
YGL040C,YKL006W,0,2.662729,0.1411520540714264,0.8143712282180786,0.49659931659698486
YOL080C,YNL318C,0,2.662552,0.14112763106822968,0.8143712282180786,0.49669933319091797
YJL065C,YOR216C,0,2.6623588,0.14110323786735535,0.8143712282180786,0.4967993497848511
YCR081W,YOR355W,0,2.6623473,0.14107884466648102,0.8143712282180786,0.4968993663787842
YCR020C,YAL035W,0,2.6622877,0.1410544514656067,0.8143712282180786,0.4969994127750397
YFR008W,YNL283C,0,2.6618342,0.14103007316589355,0.8143712282180786,0.4970994293689728
YER113C,YJL044C,0,2.6613607,0.1410057097673416,0.8143712282180786,0.4971994459629059
YDR527W,YBR096W,0,2.661029,0.14098134636878967,0.8143712282180786,0.497299462556839
YKL218C,YGL178W,0,2.6599782,0.14095698297023773,0.8143712282180786,0.4973994791507721
YNL052W,YLR143W,0,2.658668,0.14093264937400818,0.8143712282180786,0.4974994957447052
YBL005W,YLR015W,0,2.6580815,0.14090830087661743,0.8143712282180786,0.4975995123386383
YER179W,YDR115W,0,2.6579638,0.14088398218154907,0.8143712282180786,0.4976995289325714
YLR068W,YJL045W,0,2.656652,0.1408596634864807,0.8143712282180786,0.4977995455265045
YMR234W,YPR072W,0,2.655387,0.14083534479141235,0.8143712282180786,0.49789959192276
YKR079C,YBR114W,0,2.6549776,0.1408110409975052,0.8143712282180786,0.4979996085166931
YHR206W,YOR308C,0,2.6548007,0.14078675210475922,0.8143712282180786,0.4980996251106262
YNL059C,YFR052W,0,2.6547136,0.14076246321201324,0.8143712282180786,0.4981996417045593
YLR038C,YLL050C,0,2.654666,0.14073818922042847,0.8143712282180786,0.49829965829849243
YIL009W,YDR222W,0,2.6539211,0.1407139152288437,0.8143712282180786,0.49839967489242554
YLR113W,YIL153W,0,2.65391,0.1406896561384201,0.8143712282180786,0.49849969148635864
YGR189C,YHR033W,0,2.6538935,0.14066539704799652,0.8143712282180786,0.49859970808029175
YDR270W,YAL024C,0,2.653429,0.14064115285873413,0.8143712282180786,0.49869975447654724
YJL153C,YDR421W,0,2.6529381,0.14061692357063293,0.8143712282180786,0.49879977107048035
YGL126W,YML098W,0,2.6528,0.14059269428253174,0.8143712282180786,0.49889978766441345
YER017C,YJL124C,0,2.6527781,0.14056847989559174,0.8143712282180786,0.49899980425834656
YBL068W,YBL112C,0,2.6523304,0.14054426550865173,0.8143712282180786,0.49909982085227966
YOL122C,YMR019W,0,2.6517103,0.14052006602287292,0.8143712282180786,0.49919983744621277
YKL182W,YDR213W,0,2.6513257,0.14049586653709412,0.8143712282180786,0.4992998540401459
YEL059C-A,YNL023C,0,2.6512063,0.1404716819524765,0.8143712282180786,0.499399870634079
YAL059W,YNL026W,0,2.6511514,0.1404474973678589,0.8143712282180786,0.4994998872280121
YHR210C,YBR023C,0,2.6509933,0.14042332768440247,0.8143712282180786,0.4995999336242676
YLR092W,YPR199C,0,2.6509333,0.14039917290210724,0.8143712282180786,0.4996999502182007
YLR004C,YGR006W,0,2.6493254,0.140375018119812,0.8143712282180786,0.4997999668121338
YPL092W,YIL160C,0,2.649261,0.14035087823867798,0.8143712282180786,0.4998999834060669
YGR068C,YER137C,1,2.6491408,0.14049871265888214,0.8153692483901978,0.4998999834060669
YOR340C,YPR022C,1,2.6470416,0.14064648747444153,0.8163672685623169,0.4998999834060669
YBR059C,YAR035W,0,2.6465542,0.1406223177909851,0.8163672685623169,0.5
YJR013W,YER028C,0,2.6457794,0.1405981481075287,0.8163672685623169,0.5001000165939331
YOL132W,YNL293W,0,2.645715,0.14057397842407227,0.8163672685623169,0.5002000331878662
YJR028W,YJL048C,0,2.645254,0.14054982364177704,0.8163672685623169,0.5003000497817993
YDR244W,YGL135W,0,2.645236,0.140525683760643,0.8163672685623169,0.5004000663757324
YEL069C,YDR176W,0,2.6451526,0.14050154387950897,0.8163672685623169,0.5005000829696655
YLR007W,YML088W,0,2.644837,0.14047741889953613,0.8163672685623169,0.5006000995635986
YKL203C,YHL044W,0,2.6445708,0.1404532939195633,0.8163672685623169,0.5007001161575317
YPL203W,YGL172W,0,2.644178,0.14042918384075165,0.8163672685623169,0.5008001327514648
YHR118C,YDR033W,0,2.644034,0.14040507376194,0.8163672685623169,0.5009002089500427
YMR150C,YDR222W,0,2.643863,0.14038097858428955,0.8163672685623169,0.5010002255439758
YOR337W,YDL084W,0,2.6436133,0.1403568983078003,0.8163672685623169,0.5011002421379089
YBR097W,YJR135W-A,0,2.6435165,0.14033281803131104,0.8163672685623169,0.501200258731842
YAR019C,YKL043W,0,2.6434855,0.14030875265598297,0.8163672685623169,0.5013002753257751
YIR017C,YFL036W,0,2.6434422,0.1402846872806549,0.8163672685623169,0.5014002919197083
YMR110C,YBR012W-A,0,2.6431997,0.14026063680648804,0.8163672685623169,0.5015003085136414
YGL116W,YMR037C,0,2.642662,0.14023658633232117,0.8163672685623169,0.5016003251075745
YMR218C,YPL001W,0,2.6425743,0.1402125507593155,0.8163672685623169,0.5017003417015076
YNL151C,YBR248C,0,2.6420832,0.14018851518630981,0.8163672685623169,0.5018003582954407
YMR150C,YLL018C-A,0,2.642037,0.14016449451446533,0.8163672685623169,0.5019003748893738
YNL217W,YDR368W,0,2.6412024,0.14014048874378204,0.8163672685623169,0.5020003914833069
YCL054W,YJL136C,0,2.6398418,0.14011648297309875,0.8163672685623169,0.50210040807724
YOL045W,YOL145C,0,2.6396751,0.14009247720241547,0.8163672685623169,0.5022004246711731
YMR282C,YDR013W,0,2.6392477,0.14006848633289337,0.8163672685623169,0.5023004412651062
YNL217W,YPL172C,0,2.6390057,0.14004451036453247,0.8163672685623169,0.5024004578590393
YLR170C,YEL050C,0,2.6388812,0.14002053439617157,0.8163672685623169,0.5025004744529724
YBR002C,YOL098C,0,2.6388783,0.13999657332897186,0.8163672685623169,0.5026004910469055
YJL129C,YNR070W,0,2.638751,0.13997262716293335,0.8163672685623169,0.5027005672454834
YDR518W,YOR253W,0,2.6381423,0.13994868099689484,0.8163672685623169,0.5028005838394165
YKL077W,YPL145C,0,2.6381269,0.13992473483085632,0.8163672685623169,0.5029006004333496
YLR056W,YNL020C,0,2.6378076,0.139900803565979,0.8163672685623169,0.5030006170272827
YOR074C,YOL082W,0,2.637805,0.13987688720226288,0.8163672685623169,0.5031006336212158
YMR275C,YAR035W,0,2.636035,0.13985297083854675,0.8163672685623169,0.5032006502151489
YDR262W,YDR092W,0,2.6354024,0.13982905447483063,0.8163672685623169,0.503300666809082
YOR341W,YGL039W,0,2.6352515,0.1398051679134369,0.8163672685623169,0.5034006834030151
YOR174W,YLL043W,0,2.634671,0.13978126645088196,0.8163672685623169,0.5035006999969482
YBR188C,YJR130C,0,2.6337097,0.13975739479064941,0.8163672685623169,0.5036007165908813
YJL171C,YML095C,0,2.6334043,0.13973350822925568,0.8163672685623169,0.5037007331848145
YKL080W,YDR077W,0,2.6318939,0.13970965147018433,0.8163672685623169,0.5038007497787476
YMR130W,YJR139C,0,2.631242,0.13968579471111298,0.8163672685623169,0.5039007663726807
YMR273C,YDR164C,0,2.6306145,0.13966193795204163,0.8163672685623169,0.5040007829666138
YOL043C,YLL045C,0,2.6304119,0.13963809609413147,0.8163672685623169,0.5041007995605469
YOR036W,YMR159C,0,2.630076,0.1396142691373825,0.8163672685623169,0.50420081615448
YMR101C,YDR471W,0,2.6299071,0.13959044218063354,0.8163672685623169,0.5043008327484131
YOL144W,YHR001W-A,0,2.6295452,0.13956663012504578,0.8163672685623169,0.504400908946991
YBR012W-B,YDR090C,0,2.6290722,0.139542818069458,0.8163672685623169,0.5045009255409241
YMR127C,YBR006W,0,2.628677,0.13951902091503143,0.8163672685623169,0.5046009421348572
YLL012W,YPR011C,0,2.6283457,0.13949522376060486,0.8163672685623169,0.5047009587287903
YKL198C,YLR176C,0,2.6281426,0.13947144150733948,0.8163672685623169,0.5048009753227234
YDR383C,YHR165C,0,2.6277575,0.1394476592540741,0.8163672685623169,0.5049009919166565
YBR271W,YFL041W,0,2.6277049,0.1394238919019699,0.8163672685623169,0.5050010085105896
YLR411W,YPR189W,0,2.6275306,0.13940013945102692,0.8163672685623169,0.5051010251045227
YHR202W,YBR295W,0,2.6273413,0.13937638700008392,0.8163672685623169,0.5052010416984558
YPL117C,YOR087W,0,2.627082,0.13935263454914093,0.8163672685623169,0.5053010582923889
YGL063W,YER137C,1,2.6262536,0.139499232172966,0.817365288734436,0.5053010582923889
YJL024C,YBR118W,0,2.6257482,0.139475479722023,0.817365288734436,0.505401074886322
YDR234W,YNR061C,0,2.6245155,0.13945172727108002,0.817365288734436,0.5055010914802551
YDR373W,YHR153C,0,2.6218476,0.13942798972129822,0.817365288734436,0.5056011080741882
YGL006W,YER093C,0,2.6211832,0.13940425217151642,0.817365288734436,0.5057011246681213
YDL129W,YPR162C,0,2.6206229,0.1393805295228958,0.817365288734436,0.5058011412620544
YMR264W,YOL009C,0,2.6192186,0.1393568217754364,0.817365288734436,0.5059011578559875
YER099C,YPL090C,0,2.6187277,0.1393330991268158,0.817365288734436,0.5060011744499207
YNL059C,YHR033W,0,2.618473,0.13930940628051758,0.817365288734436,0.5061011910438538
YGL120C,YNR032C-A,0,2.6179912,0.13928571343421936,0.817365288734436,0.5062012672424316
YLR264W,YIR019C,0,2.6173754,0.13926203548908234,0.817365288734436,0.5063012838363647
YIL095W,YMR099C,0,2.6172912,0.1392383575439453,0.817365288734436,0.5064013004302979
YDL164C,YOR391C,0,2.6167655,0.1392146795988083,0.817365288734436,0.506501317024231
YKL155C,YOR313C,0,2.6157188,0.13919103145599365,0.817365288734436,0.5066013336181641
YDR137W,YFL066C,0,2.614427,0.13916736841201782,0.817365288734436,0.5067013502120972
YGR179C,YGR020C,0,2.612144,0.13914373517036438,0.817365288734436,0.5068013668060303
YOR237W,YBL103C,0,2.6113372,0.13912010192871094,0.817365288734436,0.5069013833999634
YDR463W,YHR041C,0,2.6110005,0.1390964686870575,0.817365288734436,0.5070013999938965
YOR327C,YML013W,0,2.6107483,0.13907285034656525,0.817365288734436,0.5071014165878296
YLR286C,YJL026W,0,2.6104646,0.139049232006073,0.817365288734436,0.5072014331817627
YJL214W,YLR264W,0,2.6101985,0.13902562856674194,0.817365288734436,0.5073014497756958
YOR346W,YKL088W,1,2.6100526,0.13917176425457,0.8183632493019104,0.5073014497756958
YGR061C,YJR140C,0,2.6099238,0.13914814591407776,0.8183632493019104,0.5074014663696289
YOR078W,YDL119C,0,2.6098027,0.1391245275735855,0.8183632493019104,0.507501482963562
YLR147C,YIL119C,0,2.6094398,0.13910093903541565,0.8183632493019104,0.5076014995574951
YPR001W,YCL008C,0,2.6093373,0.1390773355960846,0.8183632493019104,0.5077015161514282
YCL047C,YOR027W,0,2.609019,0.13905376195907593,0.8183632493019104,0.5078015327453613
YOL120C,YLR078C,0,2.6087675,0.13903017342090607,0.8183632493019104,0.5079016089439392
YJL180C,YKL140W,0,2.6079817,0.1390066146850586,0.8183632493019104,0.5080016255378723
YNL086W,YHR089C,0,2.6076972,0.13898305594921112,0.8183632493019104,0.5081016421318054
YLR188W,YCL051W,0,2.6076422,0.13895949721336365,0.8183632493019104,0.5082016587257385
YKL138C-A,YER030W,0,2.6066427,0.13893595337867737,0.8183632493019104,0.5083016753196716
YGL031C,YJL090C,0,2.6064923,0.13891242444515228,0.8183632493019104,0.5084016919136047
YPL026C,YLL066C,0,2.606113,0.1388888955116272,0.8183632493019104,0.5085017085075378
YPL100W,YML021C,0,2.6054723,0.1388653665781021,0.8183632493019104,0.508601725101471
YBR299W,YBR061C,0,2.605466,0.13884185254573822,0.8183632493019104,0.508701741695404
YPL224C,YIL038C,0,2.6051633,0.13881835341453552,0.8183632493019104,0.5088017582893372
YCL017C,YDR137W,0,2.6050913,0.13879485428333282,0.8183632493019104,0.5089017748832703
YDL192W,YOL117W,0,2.6048882,0.13877137005329132,0.8183632493019104,0.5090017914772034
YDL069C,YKR027W,0,2.60469,0.13874788582324982,0.8183632493019104,0.5091018080711365
YIL068C,YGL162W,0,2.6038275,0.1387244164943695,0.8183632493019104,0.5092018246650696
YGL189C,YOL032W,0,2.6037598,0.1387009471654892,0.8183632493019104,0.5093018412590027
YJR027W,YMR256C,0,2.603754,0.13867749273777008,0.8183632493019104,0.5094018578529358
YMR005W,YHR106W,0,2.6031785,0.13865403831005096,0.8183632493019104,0.5095018744468689
YEL070W,YDR300C,0,2.6031501,0.13863059878349304,0.8183632493019104,0.509601891040802
YPL050C,YBL047C,0,2.6028712,0.1386071741580963,0.8183632493019104,0.5097019672393799
YLR102C,YEL005C,0,2.6027102,0.1385837346315384,0.8183632493019104,0.509801983833313
YPL178W,YDR444W,0,2.6024752,0.13856032490730286,0.8183632493019104,0.5099020004272461
YML086C,YBR094W,0,2.6010823,0.13853691518306732,0.8183632493019104,0.5100020170211792
YNL306W,YDL134C,0,2.6006422,0.13851352035999298,0.8183632493019104,0.5101020336151123
YGL155W,YDR072C,0,2.6006405,0.13849012553691864,0.8183632493019104,0.5102020502090454
YOL120C,YJR053W,0,2.6003857,0.1384667307138443,0.8183632493019104,0.5103020668029785
YBR082C,YKR006C,0,2.59958,0.13844335079193115,0.8183632493019104,0.5104020833969116
YMR013C,YKL005C,0,2.5987854,0.1384199857711792,0.8183632493019104,0.5105020999908447
YIR015W,YGR223C,0,2.5982895,0.13839662075042725,0.8183632493019104,0.5106021165847778
YDL135C,YDR387C,0,2.5978713,0.1383732706308365,0.8183632493019104,0.5107021331787109
YOR341W,YDR441C,0,2.5976844,0.13834992051124573,0.8183632493019104,0.510802149772644
YGR035C,YBL112C,0,2.5975623,0.13832658529281616,0.8183632493019104,0.5109021663665771
YHL035C,YJL167W,0,2.5975118,0.1383032500743866,0.8183632493019104,0.5110021829605103
YBR283C,YOR026W,0,2.5969615,0.13827992975711823,0.8183632493019104,0.5111021995544434
YGL105W,YDL198C,0,2.596488,0.13825662434101105,0.8183632493019104,0.5112022161483765
YNL142W,YOR044W,0,2.5959198,0.13823330402374268,0.8183632493019104,0.5113022327423096
YHR158C,YGR282C,0,2.5944128,0.1382100135087967,0.8183632493019104,0.5114023089408875
YKL088W,YPL082C,1,2.5932267,0.13835524022579193,0.8193612694740295,0.5114023089408875
YDR440W,YOR191W,0,2.5931337,0.13833193480968475,0.8193612694740295,0.5115023255348206
YDR536W,YJL214W,0,2.592646,0.13830862939357758,0.8193612694740295,0.5116023421287537
YCR081W,YMR274C,0,2.5924907,0.1382853239774704,0.8193612694740295,0.5117023587226868
YBL082C,YOL005C,0,2.591446,0.1382620483636856,0.8193612694740295,0.5118023753166199
YBR096W,YDR239C,0,2.5914326,0.13823875784873962,0.8193612694740295,0.511902391910553
YDL114W,YGR155W,0,2.590642,0.13821548223495483,0.8193612694740295,0.5120024085044861
YJL130C,YLR126C,0,2.5902786,0.13819222152233124,0.8193612694740295,0.5121024250984192
YBR085W,YER138C,0,2.5901875,0.13816896080970764,0.8193612694740295,0.5122024416923523
YHR051W,YLL022C,0,2.5898514,0.13814571499824524,0.8193612694740295,0.5123024582862854
YPL189C-A,YOL055C,0,2.5880165,0.13812246918678284,0.8193612694740295,0.5124024748802185
YLR130C,YDR406W,0,2.5879848,0.13809923827648163,0.8193612694740295,0.5125024914741516
YKL166C,YNL160W,0,2.5878434,0.1380760222673416,0.8193612694740295,0.5126025080680847
YEL031W,YLR251W,0,2.5864477,0.1380528062582016,0.8193612694740295,0.5127025246620178
YBL038W,YPR161C,0,2.5861263,0.13802959024906158,0.8193612694740295,0.5128025412559509
YIL159W,YDR013W,0,2.5855172,0.13800638914108276,0.8193612694740295,0.512902557849884
YKR071C,YPR011C,0,2.5847297,0.13798318803310394,0.8193612694740295,0.5130025744438171
YEL027W,YGL087C,0,2.5846834,0.13796000182628632,0.8193612694740295,0.5131025910377502
YDR363W-A,YLL018C,0,2.5843143,0.13793683052062988,0.8193612694740295,0.5132026672363281
YLR141W,YKL139W,1,2.5841029,0.1380816400051117,0.8203592896461487,0.5132026672363281
YCL057C-A,YDR393W,0,2.5835018,0.13805845379829407,0.8203592896461487,0.5133026838302612
YJL212C,YDR422C,0,2.5834978,0.13803526759147644,0.8203592896461487,0.5134027004241943
YNL049C,YCL043C,0,2.582428,0.1380120813846588,0.8203592896461487,0.5135027170181274
YJL170C,YDR329C,0,2.5815806,0.13798892498016357,0.8203592896461487,0.5136027336120605
YGR105W,YHR012W,0,2.580957,0.13796575367450714,0.8203592896461487,0.5137027502059937
YBL037W,YKL024C,0,2.5805297,0.1379426121711731,0.8203592896461487,0.5138027667999268
YDR150W,YOR162C,0,2.5802321,0.13791945576667786,0.8203592896461487,0.5139027833938599
YPR080W,YDR197W,0,2.5798795,0.137896329164505,0.8203592896461487,0.514002799987793
YDR007W,YAL038W,0,2.5796642,0.13787320256233215,0.8203592896461487,0.5141028165817261
YBR156C,YLR429W,0,2.579451,0.1378500759601593,0.8203592896461487,0.5142028331756592
YPR072W,YKL173W,0,2.5780807,0.13782696425914764,0.8203592896461487,0.5143028497695923
YPR096C,YLR380W,0,2.5779562,0.137803852558136,0.8203592896461487,0.5144028663635254
YIR009W,YER060W-A,1,2.57793,0.13794837892055511,0.8213573098182678,0.5144028663635254
YPR096C,YBR061C,0,2.5778763,0.13792525231838226,0.8213573098182678,0.5145028829574585
YGL210W,YIR036C,0,2.5769124,0.1379021406173706,0.8213573098182678,0.5146028995513916
YLR238W,YPR063C,0,2.5763574,0.13787904381752014,0.8213573098182678,0.5147029161453247
YOR340C,YPL126W,1,2.576103,0.13802345097064972,0.8223552703857422,0.5147029161453247
YNL294C,YJL005W,0,2.576033,0.13800033926963806,0.8223552703857422,0.5148029327392578
YPL186C,YLR187W,0,2.5752234,0.1379772275686264,0.8223552703857422,0.5149030089378357
YBR166C,YPR098C,0,2.5743194,0.13795413076877594,0.8223552703857422,0.5150030255317688
YKL088W,YML121W,1,2.5742238,0.13809843361377716,0.8233532905578613,0.5150030255317688
YLR441C,YOL018C,0,2.573682,0.1380753070116043,0.8233532905578613,0.5151030421257019
YPL189W,YAL007C,0,2.5729227,0.13805221021175385,0.8233532905578613,0.515203058719635
YBR010W,YBR202W,0,2.5726871,0.13802911341190338,0.8233532905578613,0.5153030753135681
YCR024C,YFR041C,0,2.5726218,0.13800601661205292,0.8233532905578613,0.5154030919075012
YGL019W,YDL129W,1,2.5723376,0.1381501853466034,0.8243513107299805,0.5154030919075012
YOR236W,YMR211W,0,2.5718427,0.13812708854675293,0.8243513107299805,0.5155031085014343
YDR038C,YBL091C,0,2.5717754,0.13810399174690247,0.8243513107299805,0.5156031250953674
YDL202W,YNR037C,0,2.5717676,0.1380809098482132,0.8243513107299805,0.5157031416893005
YPL198W,YDR476C,0,2.571464,0.13805782794952393,0.8243513107299805,0.5158031582832336
YNL062C,YDR425W,0,2.570174,0.13803476095199585,0.8243513107299805,0.5159031748771667
YBR115C,YKL173W,0,2.5701618,0.13801169395446777,0.8243513107299805,0.5160031914710999
YLR129W,YPL147W,0,2.5693116,0.1379886418581009,0.8243513107299805,0.516103208065033
YGR135W,YPL145C,0,2.5682268,0.137965589761734,0.8243513107299805,0.5162032246589661
YOL122C,YNL127W,0,2.5674267,0.13794255256652832,0.8243513107299805,0.5163032412528992
YHR148W,YPL259C,0,2.5666847,0.13791951537132263,0.8243513107299805,0.5164032578468323
YKL096W-A,YML004C,0,2.566584,0.13789649307727814,0.8243513107299805,0.5165032744407654
YFL035C-B,YGR272C,1,2.5664196,0.13804039359092712,0.8253493309020996,0.5165032744407654
YGR184C,YKL210W,0,2.5661683,0.13801735639572144,0.8253493309020996,0.5166032910346985
YGL009C,YML052W,0,2.5650146,0.13799433410167694,0.8253493309020996,0.5167033672332764
YDR079W,YJR151C,0,2.5650103,0.13797131180763245,0.8253493309020996,0.5168033838272095
YNL094W,YGR007W,0,2.5638804,0.13794828951358795,0.8253493309020996,0.5169034004211426
YGL147C,YDR092W,0,2.563575,0.13792528212070465,0.8253493309020996,0.5170034170150757
YBL041W,YDR424C,0,2.563325,0.13790228962898254,0.8253493309020996,0.5171034336090088
YLR418C,YBR189W,0,2.563295,0.13787929713726044,0.8253493309020996,0.5172034502029419
YJR060W,YMR237W,0,2.562808,0.13785630464553833,0.8253493309020996,0.517303466796875
YBR172C,YKL005C,0,2.5624862,0.13783332705497742,0.8253493309020996,0.5174034833908081
YGR009C,YER093C,0,2.5617776,0.1378103643655777,0.8253493309020996,0.5175034999847412
YDR096W,YLR214W,0,2.5616627,0.13778740167617798,0.8253493309020996,0.5176035165786743
YFR045W,YJR004C,0,2.5609877,0.13776445388793945,0.8253493309020996,0.5177035331726074
YDL007W,YDR078C,0,2.5607934,0.13774150609970093,0.8253493309020996,0.5178035497665405
YKL007W,YDR298C,0,2.5602431,0.1377185732126236,0.8253493309020996,0.5179035663604736
YOR090C,YCR030C,0,2.5595193,0.13769564032554626,0.8253493309020996,0.5180035829544067
YGR171C,YDR388W,0,2.559371,0.13767272233963013,0.8253493309020996,0.5181035995483398
YKL174C,YML087C,0,2.5591667,0.137649804353714,0.8253493309020996,0.518203616142273
YHR025W,YPL137C,0,2.5575821,0.13762688636779785,0.8253493309020996,0.518303632736206
YPR106W,YOR150W,0,2.5571141,0.1376039981842041,0.8253493309020996,0.5184037089347839
YOL031C,YGL161C,0,2.5566263,0.13758109509944916,0.8253493309020996,0.518503725528717
YBL068W,YMR115W,0,2.5560894,0.1375582218170166,0.8253493309020996,0.5186037421226501
YNL183C,YGR003W,0,2.5560727,0.13753533363342285,0.8253493309020996,0.5187037587165833
YMR017W,YGL016W,0,2.5560193,0.1375124752521515,0.8253493309020996,0.5188037753105164
YMR186W,YDR022C,0,2.5549865,0.13748960196971893,0.8253493309020996,0.5189037919044495
YPL174C,YDR228C,0,2.5543144,0.13746675848960876,0.8253493309020996,0.5190038084983826
YCL048W,YPR141C,0,2.5542643,0.1374439150094986,0.8253493309020996,0.5191038250923157
YHR129C,YIR031C,0,2.5541298,0.13742107152938843,0.8253493309020996,0.5192038416862488
YDR151C,YIL037C,0,2.5536692,0.13739824295043945,0.8253493309020996,0.5193038582801819
YGL115W,YGR214W,0,2.5530703,0.13737541437149048,0.8253493309020996,0.519403874874115
YDL246C,YGL167C,0,2.5521417,0.1373526006937027,0.8253493309020996,0.5195038914680481
YIL138C,YBR050C,0,2.5517435,0.13732978701591492,0.8253493309020996,0.5196039080619812
YMR237W,YBR081C,0,2.5511782,0.13730698823928833,0.8253493309020996,0.5197039246559143
YJR132W,YOR322C,0,2.550413,0.13728418946266174,0.8253493309020996,0.5198039412498474
YDR235W,YBR267W,0,2.550376,0.13726140558719635,0.8253493309020996,0.5199039578437805
YDR212W,YAL040C,0,2.5497162,0.13723863661289215,0.8253493309020996,0.5200039744377136
YIR015W,YKL039W,0,2.5496159,0.13721586763858795,0.8253493309020996,0.5201039910316467
YOR356W,YMR115W,0,2.549344,0.13719309866428375,0.8253493309020996,0.5202040672302246
YOL071W,YPR063C,0,2.5491061,0.13717034459114075,0.8253493309020996,0.5203040838241577
YDR404C,YPL075W,0,2.5487416,0.13714759051799774,0.8253493309020996,0.5204041004180908
YGR258C,YJR150C,0,2.548549,0.13712485134601593,0.8253493309020996,0.5205041170120239
YPR100W,YMR074C,0,2.5482183,0.1371021270751953,0.8253493309020996,0.520604133605957
YDR115W,YNL243W,0,2.5480096,0.1370794028043747,0.8253493309020996,0.5207041501998901
YDR326C,YIL109C,0,2.547892,0.13705667853355408,0.8253493309020996,0.5208041667938232
YHL004W,YGR276C,0,2.5478702,0.13703396916389465,0.8253493309020996,0.5209041833877563
YNL107W,YML058W-A,0,2.547557,0.13701125979423523,0.8253493309020996,0.5210041999816895
YJL133W,YKL203C,0,2.547475,0.136988565325737,0.8253493309020996,0.5211042165756226
YBL014C,YMR042W,1,2.5456097,0.1371314972639084,0.826347291469574,0.5211042165756226
YGL119W,YLR060W,0,2.5454,0.13710878789424896,0.826347291469574,0.5212042331695557
YNL123W,YIL133C,0,2.5453932,0.13708609342575073,0.826347291469574,0.5213042497634888
YNL311C,YBL072C,0,2.543342,0.1370633989572525,0.826347291469574,0.5214042663574219
YGL060W,YDR034C,0,2.5430198,0.13704071938991547,0.826347291469574,0.521504282951355
YNL160W,YNL207W,0,2.5423298,0.13701803982257843,0.826347291469574,0.5216042995452881
YNL247W,YPR016C,0,2.5422544,0.1369953602552414,0.826347291469574,0.5217043161392212
YHL017W,YNL258C,0,2.541876,0.13697271049022675,0.826347291469574,0.5218043327331543
YBR299W,YNL079C,0,2.5415735,0.1369500458240509,0.826347291469574,0.5219044089317322
YPL280W,YNL302C,0,2.541521,0.13692739605903625,0.826347291469574,0.5220044255256653
YDR407C,YNL008C,0,2.5408225,0.1369047611951828,0.826347291469574,0.5221044421195984
YPL233W,YKL192C,0,2.5406466,0.13688212633132935,0.826347291469574,0.5222044587135315
YBR195C,YDR034C,0,2.5402193,0.13685950636863708,0.826347291469574,0.5223044753074646
YKR035W-A,YNL048W,0,2.5401478,0.13683688640594482,0.826347291469574,0.5224044919013977
YFR003C,YLR364W,0,2.539488,0.13681428134441376,0.826347291469574,0.5225045084953308
YPL225W,YMR194W,0,2.5374928,0.1367916762828827,0.826347291469574,0.5226045250892639
YGR194C,YAL008W,0,2.5373917,0.13676907122135162,0.826347291469574,0.522704541683197
YPR055W,YLR299W,0,2.5372844,0.13674649596214294,0.826347291469574,0.5228045582771301
YPR141C,YGR012W,0,2.5371723,0.13672390580177307,0.826347291469574,0.5229045748710632
YBR021W,YER137C,1,2.536541,0.13686643540859222,0.8273453116416931,0.5229045748710632
YBR012W-B,YPR028W,0,2.5362449,0.13684384524822235,0.8273453116416931,0.5230045914649963
YBR058C-A,YPL269W,0,2.536069,0.13682125508785248,0.8273453116416931,0.5231046080589294
YLR350W,YDR438W,0,2.535633,0.1367986798286438,0.8273453116416931,0.5232046246528625
YDL123W,YMR177W,0,2.534889,0.13677610456943512,0.8273453116416931,0.5233046412467957
YBL082C,YLR029C,0,2.5344667,0.13675354421138763,0.8273453116416931,0.5234046578407288
YAR015W,YBR142W,0,2.5341046,0.13673098385334015,0.8273453116416931,0.5235046744346619
YCL074W,YMR078C,0,2.5339417,0.13670843839645386,0.8273453116416931,0.5236047506332397
YPR144C,YAL033W,0,2.5337315,0.13668590784072876,0.8273453116416931,0.5237047672271729
YDR265W,YIL008W,0,2.533474,0.13666336238384247,0.8273453116416931,0.523804783821106
YKR008W,YIL017W,0,2.5328162,0.13664084672927856,0.8273453116416931,0.5239048004150391
YFR014C,YLR145W,0,2.532555,0.13661833107471466,0.8273453116416931,0.5240048170089722
YJR130C,YCR028C,0,2.532481,0.13659581542015076,0.8273453116416931,0.5241048336029053
YOR124C,YIL148W,0,2.5319128,0.13657331466674805,0.8273453116416931,0.5242048501968384
YBR016W,YKL085W,0,2.5318732,0.13655081391334534,0.8273453116416931,0.5243048667907715
YLR017W,YOR262W,0,2.5311704,0.13652832806110382,0.8273453116416931,0.5244048833847046
YBR146W,YLR073C,0,2.5309815,0.1365058422088623,0.8273453116416931,0.5245048999786377
YOR096W,YGR084C,0,2.530933,0.13648337125778198,0.8273453116416931,0.5246049165725708
YDL245C,YDR117C,0,2.5307865,0.13646090030670166,0.8273453116416931,0.5247049331665039
YHR033W,YKL085W,0,2.5300217,0.13643844425678253,0.8273453116416931,0.524804949760437
YER083C,YMR048W,0,2.5288634,0.1364159882068634,0.8273453116416931,0.5249049663543701
YKL051W,YPR149W,0,2.5287066,0.13639354705810547,0.8273453116416931,0.5250049829483032
YER056C,YDR031W,0,2.528661,0.13637112081050873,0.8273453116416931,0.5251049995422363
YNL102W,YER081W,0,2.5281358,0.1363486796617508,0.8273453116416931,0.5252050161361694
YHR164C,YDL120W,0,2.5271041,0.13632626831531525,0.8273453116416931,0.5253050327301025
YIL154C,YDR534C,0,2.5265317,0.1363038420677185,0.8273453116416931,0.5254051089286804
YBL031W,YER022W,0,2.5254822,0.13628144562244415,0.8273453116416931,0.5255051255226135
YML048W,YKL144C,0,2.5251024,0.1362590342760086,0.8273453116416931,0.5256051421165466
YDL084W,YFR024C-A,0,2.5250173,0.13623665273189545,0.8273453116416931,0.5257051587104797
YGR098C,YNL056W,1,2.5248618,0.13637857139110565,0.8283433318138123,0.5257051587104797
YLL026W,YDR451C,0,2.5240119,0.1363561749458313,0.8283433318138123,0.5258051753044128
YHR185C,YMR041C,0,2.5238395,0.13633377850055695,0.8283433318138123,0.525905191898346
YHR143W,YDR516C,0,2.523654,0.1363113820552826,0.8283433318138123,0.526005208492279
YKL088W,YOR039W,1,2.5230117,0.13645319640636444,0.8293412923812866,0.526005208492279
YHR214W,YNR028W,0,2.52301,0.1364307999610901,0.8293412923812866,0.5261052250862122
YBR059C,YDR438W,0,2.5227516,0.13640840351581573,0.8293412923812866,0.5262052416801453
YDR087C,YML116W,0,2.522521,0.13638602197170258,0.8293412923812866,0.5263052582740784
YLR008C,YDR298C,0,2.5225127,0.13636364042758942,0.8293412923812866,0.5264052748680115
YHR096C,YDR036C,0,2.5208955,0.13634125888347626,0.8293412923812866,0.5265052914619446
YGR036C,YDR189W,0,2.5208426,0.1363188922405243,0.8293412923812866,0.5266053080558777
YPR175W,YLR038C,0,2.520469,0.13629654049873352,0.8293412923812866,0.5267053246498108
YFL010W-A,YMR071C,0,2.5200958,0.13627418875694275,0.8293412923812866,0.5268053412437439
YIL026C,YBR243C,0,2.5198936,0.13625185191631317,0.8293412923812866,0.526905357837677
YBR001C,YDL112W,0,2.5196931,0.1362295150756836,0.8293412923812866,0.5270053744316101
YHL021C,YBR180W,0,2.5194845,0.13620717823505402,0.8293412923812866,0.527105450630188
YJL130C,YER089C,0,2.518947,0.13618485629558563,0.8293412923812866,0.5272054672241211
YOR358W,YDR174W,0,2.5188067,0.13616254925727844,0.8293412923812866,0.5273054838180542
YOL121C,YCR072C,0,2.5186357,0.13614024221897125,0.8293412923812866,0.5274055004119873
YDR235W,YMR221C,0,2.5179513,0.13611793518066406,0.8293412923812866,0.5275055170059204
YLR102C,YPL198W,0,2.5179462,0.13609564304351807,0.8293412923812866,0.5276055335998535
YER025W,YIL155C,0,2.5178976,0.13607336580753326,0.8293412923812866,0.5277055501937866
YGL095C,YPR114W,0,2.517663,0.13605107367038727,0.8293412923812866,0.5278055667877197
YOL098C,YKL156W,0,2.517499,0.13602881133556366,0.8293412923812866,0.5279055833816528
YKL125W,YER137C,1,2.5170417,0.13617020845413208,0.8303393125534058,0.5279055833816528
YIL090W,YJL004C,0,2.5167391,0.13614793121814728,0.8303393125534058,0.5280055999755859
YIL083C,YFR005C,0,2.5164237,0.13612565398216248,0.8303393125534058,0.528105616569519
YBR095C,YCL017C,0,2.5150557,0.13610339164733887,0.8303393125534058,0.5282056331634521
YNL309W,YMR142C,0,2.5150495,0.13608112931251526,0.8303393125534058,0.5283056497573853
YDL141W,YAL033W,0,2.5146036,0.13605886697769165,0.8303393125534058,0.5284056663513184
YDL129W,YJR063W,1,2.5143151,0.13620012998580933,0.8313373327255249,0.5284056663513184
YMR230W,YKL033W,0,2.514174,0.13617786765098572,0.8313373327255249,0.5285056829452515
YIL034C,YMR176W,0,2.513905,0.1361556053161621,0.8313373327255249,0.5286056995391846
YOL107W,YLR330W,0,2.5131292,0.1361333578824997,0.8313373327255249,0.5287057161331177
YDR415C,YGR170W,0,2.5129228,0.13611111044883728,0.8313373327255249,0.5288057327270508
YHR202W,YIL051C,0,2.5121045,0.13608887791633606,0.8313373327255249,0.5289058089256287
YPL203W,YOL142W,0,2.5118408,0.13606664538383484,0.8313373327255249,0.5290058255195618
YBR286W,YMR183C,0,2.5107088,0.1360444277524948,0.8313373327255249,0.5291058421134949
YOL020W,YHL016C,0,2.5104465,0.13602221012115479,0.8313373327255249,0.529205858707428
YBR112C,YBL022C,0,2.5101843,0.13600000739097595,0.8313373327255249,0.5293058753013611
YLL006W,YML061C,0,2.5098732,0.13597780466079712,0.8313373327255249,0.5294058918952942
YBL023C,YJR050W,0,2.509754,0.1359556019306183,0.8313373327255249,0.5295059084892273
YDL160C,YGL205W,0,2.5094635,0.13593341410160065,0.8313373327255249,0.5296059250831604
YDR065W,YKR090W,0,2.5087636,0.1359112411737442,0.8313373327255249,0.5297059416770935
YNL076W,YMR182C,0,2.5084367,0.13588906824588776,0.8313373327255249,0.5298059582710266
YJR051W,YOL127W,0,2.5081797,0.1358669102191925,0.8313373327255249,0.5299059748649597
YDR415C,YDR356W,0,2.5080123,0.13584475219249725,0.8313373327255249,0.5300059914588928
YOR243C,YNL217W,0,2.5077872,0.135822594165802,0.8313373327255249,0.5301060080528259
YOR025W,YJL048C,0,2.507722,0.13580045104026794,0.8313373327255249,0.530206024646759
YNL212W,YDL017W,0,2.5077133,0.13577832281589508,0.8313373327255249,0.5303060412406921
YCL048W,YLR197W,0,2.507024,0.13575619459152222,0.8313373327255249,0.5304060578346252
YOR316C,YJL108C,0,2.5059671,0.13573406636714935,0.8313373327255249,0.5305060744285583
YHR113W,YDR393W,0,2.50561,0.13571195304393768,0.8313373327255249,0.5306061506271362
YHR174W,YIL083C,0,2.505593,0.1356898546218872,0.8313373327255249,0.5307061672210693
YDR315C,YMR142C,0,2.5050569,0.13566775619983673,0.8313373327255249,0.5308061838150024
YDL129W,YIL038C,0,2.5048184,0.13564565777778625,0.8313373327255249,0.5309062004089355
YOR290C,YCR009C,0,2.5046306,0.13562357425689697,0.8313373327255249,0.5310062170028687
YGL031C,YKL158W,0,2.5044827,0.1356014907360077,0.8313373327255249,0.5311062335968018
YML032C,YGL243W,0,2.503971,0.1355794221162796,0.8313373327255249,0.5312062501907349
YLR120C,YOR308C,0,2.5037518,0.1355573683977127,0.8313373327255249,0.531306266784668
YDR134C,YPL206C,0,2.5035644,0.1355353146791458,0.8313373327255249,0.5314062833786011
YGL073W,YOR250C,0,2.5035248,0.13551326096057892,0.8313373327255249,0.5315062999725342
YJR001W,YCR005C,0,2.5034492,0.13549122214317322,0.8313373327255249,0.5316063165664673
YJL181W,YBR093C,0,2.5025706,0.13546918332576752,0.8313373327255249,0.5317063331604004
YAR033W,YER008C,0,2.5024586,0.135447159409523,0.8313373327255249,0.5318063497543335
YPL126W,YNR018W,0,2.5011234,0.1354251354932785,0.8313373327255249,0.5319063663482666
YMR101C,YOL080C,0,2.5009165,0.1354031264781952,0.8313373327255249,0.5320063829421997
YHR156C,YPR148C,0,2.5008578,0.13538111746311188,0.8313373327255249,0.5321063995361328
YDL084W,YCL074W,0,2.5004861,0.13535912334918976,0.8313373327255249,0.5322064161300659
YDR098C,YHR051W,0,2.5002327,0.13533712923526764,0.8313373327255249,0.532306432723999
YKR014C,YGL249W,0,2.4996572,0.13531513512134552,0.8313373327255249,0.5324065089225769
YDR040C,YER162C,0,2.499171,0.1352931559085846,0.8313373327255249,0.53250652551651
YDL043C,YJL094C,0,2.4990253,0.13527119159698486,0.8313373327255249,0.5326065421104431
YPL063W,YOR179C,0,2.4981155,0.13524922728538513,0.8313373327255249,0.5327065587043762
YBR080C,YDR167W,0,2.4975495,0.1352272778749466,0.8313373327255249,0.5328065752983093
YBL058W,YMR145C,0,2.4971313,0.13520532846450806,0.8313373327255249,0.5329065918922424
YDR532C,YMR072W,0,2.4970713,0.13518337905406952,0.8313373327255249,0.5330066084861755
YPL144W,YJL087C,0,2.4969053,0.13516144454479218,0.8313373327255249,0.5331066250801086
YGR254W,YJR028W,0,2.4960694,0.13513952493667603,0.8313373327255249,0.5332066416740417
YDR019C,YGR084C,0,2.4958227,0.13511760532855988,0.8313373327255249,0.5333066582679749
YDR420W,YGR272C,1,2.4957209,0.13525786995887756,0.832335352897644,0.5333066582679749
YNL167C,YGR056W,0,2.4947453,0.13523593544960022,0.832335352897644,0.533406674861908
YJR010W,YMR276W,0,2.494731,0.13521400094032288,0.832335352897644,0.5335066914558411
YDL140C,YKL100C,0,2.4945002,0.13519209623336792,0.832335352897644,0.5336067080497742
YDL039C,YOL076W,0,2.4928002,0.13517017662525177,0.832335352897644,0.5337067246437073
YCR004C,YKR037C,0,2.49251,0.13514827191829681,0.832335352897644,0.5338067412376404
YHR147C,YOR212W,0,2.4915814,0.13512638211250305,0.832335352897644,0.5339067578315735
YHR079C,YOL062C,0,2.4911346,0.1351044923067093,0.832335352897644,0.5340067744255066
YGL246C,YBR090C-A,0,2.4904714,0.13508260250091553,0.832335352897644,0.5341068506240845
YDR444W,YBR243C,0,2.4902472,0.13506072759628296,0.832335352897644,0.5342068672180176
YCR031C,YHR108W,0,2.4891624,0.1350388526916504,0.832335352897644,0.5343068838119507
YKL045W,YDL211C,0,2.4889786,0.13501699268817902,0.832335352897644,0.5344069004058838
YJL127C,YJR121W,0,2.4885273,0.13499514758586884,0.832335352897644,0.5345069169998169
YAL003W,YOL123W,0,2.4879973,0.13497330248355865,0.832335352897644,0.53460693359375
YMR076C,YOR070C,0,2.4873776,0.13495145738124847,0.832335352897644,0.5347069501876831
YCL052C,YBL028C,0,2.4864717,0.1349296271800995,0.832335352897644,0.5348069667816162
YDR464W,YLR286C,0,2.4861355,0.1349077969789505,0.832335352897644,0.5349069833755493
YPL140C,YKL217W,0,2.4856434,0.1348859816789627,0.832335352897644,0.5350069999694824
YHR039C-A,YER137C,1,2.482912,0.13502587378025055,0.8333333134651184,0.5350069999694824
YPL113C,YHR085W,0,2.4826798,0.13500404357910156,0.8333333134651184,0.5351070165634155
YCR021C,YCR098C,0,2.4826665,0.13498221337795258,0.8333333134651184,0.5352070331573486
YKL077W,YPL138C,0,2.4822965,0.13496039807796478,0.8333333134651184,0.5353070497512817
YBL075C,YJL085W,0,2.480901,0.13493859767913818,0.8333333134651184,0.5354070663452148
YLR008C,YOL057W,0,2.4804835,0.1349167823791504,0.8333333134651184,0.535507082939148
YDR329C,YBL074C,0,2.4800358,0.13489499688148499,0.8333333134651184,0.535607099533081
YPR043W,YCL061C,0,2.4795606,0.1348731964826584,0.8333333134651184,0.5357071161270142
YDR234W,YNL031C,0,2.4794874,0.13485142588615417,0.8333333134651184,0.5358071327209473
YLR024C,YML006C,0,2.4792466,0.13482964038848877,0.8333333134651184,0.5359072089195251
YHR039C-A,YDL148C,0,2.4782958,0.13480788469314575,0.8333333134651184,0.5360072255134583
YOL071W,YLR299W,0,2.4775157,0.13478611409664154,0.8333333134651184,0.5361072421073914
YPR022C,YDR398W,1,2.476884,0.1349257528781891,0.8343313336372375,0.5361072421073914
YLR068W,YNL068C,0,2.4765759,0.13490398228168488,0.8343313336372375,0.5362072587013245
YGL240W,YJL172W,0,2.474866,0.13488222658634186,0.8343313336372375,0.5363072752952576
YJR102C,YHR009C,0,2.4744887,0.13486045598983765,0.8343313336372375,0.5364072918891907
YNL142W,YGL071W,0,2.4744253,0.13483871519565582,0.8343313336372375,0.5365073084831238
YMR246W,YJL144W,0,2.4736652,0.1348169595003128,0.8343313336372375,0.5366073250770569
YJL048C,YOR334W,0,2.4731388,0.13479523360729218,0.8343313336372375,0.53670734167099
YDR332W,YDR367W,0,2.472949,0.13477349281311035,0.8343313336372375,0.5368073582649231
YOR089C,YML041C,0,2.4727335,0.13475176692008972,0.8343313336372375,0.5369073748588562
YHR214C-B,YKL114C,0,2.4725413,0.13473005592823029,0.8343313336372375,0.5370073914527893
YHR001W-A,YEL017C-A,0,2.4718795,0.13470834493637085,0.8343313336372375,0.5371074080467224
YHR147C,YMR094W,0,2.4718466,0.1346866488456726,0.8343313336372375,0.5372074246406555
YOR315W,YPR163C,0,2.4718122,0.13466495275497437,0.8343313336372375,0.5373074412345886
YPL189C-A,YIL094C,0,2.4706225,0.13464325666427612,0.8343313336372375,0.5374074578285217
YJR134C,YML048W,0,2.470256,0.13462157547473907,0.8343313336372375,0.5375074744224548
YML116W,YPL017C,0,2.4701934,0.13459990918636322,0.8343313336372375,0.5376075506210327
YBR286W,YNR017W,0,2.4694366,0.13457824289798737,0.8343313336372375,0.5377075672149658
YJL006C,YPR022C,1,2.4691095,0.13471752405166626,0.8353293538093567,0.5377075672149658
YIL096C,YGL232W,0,2.4686358,0.1346958428621292,0.8353293538093567,0.5378075838088989
YOR315W,YDR281C,0,2.4681873,0.13467417657375336,0.8353293538093567,0.537907600402832
YHR214C-B,YOL121C,0,2.4675677,0.1346525102853775,0.8353293538093567,0.5380076169967651
YLR038C,YML070W,0,2.4672265,0.13463084399700165,0.8353293538093567,0.5381076335906982
YNR020C,YLR047C,0,2.4667358,0.134609192609787,0.8353293538093567,0.5382076501846313
YHR113W,YER036C,0,2.4666014,0.13458755612373352,0.8353293538093567,0.5383076667785645
YER056C,YDR384C,0,2.4665127,0.13456591963768005,0.8353293538093567,0.5384076833724976
YHR205W,YKL056C,0,2.4664667,0.1345442831516266,0.8353293538093567,0.5385076999664307
YBR271W,YFL049W,0,2.4662986,0.13452266156673431,0.8353293538093567,0.5386077165603638
YMR238W,YER103W,0,2.4662576,0.13450103998184204,0.8353293538093567,0.5387077331542969
YNL085W,YML048W,0,2.465508,0.13447943329811096,0.8353293538093567,0.53880774974823
YLR185W,YMR204C,0,2.4653075,0.13445782661437988,0.8353293538093567,0.5389077663421631
YKL042W,YOR014W,0,2.465163,0.13443623483181,0.8353293538093567,0.5390077829360962
YLR223C,YBR261C,0,2.464691,0.1344146430492401,0.8353293538093567,0.5391077995300293
YDR127W,YPL177C,0,2.4642158,0.13439306616783142,0.8353293538093567,0.5392078161239624
YJR006W,YDR471W,0,2.462769,0.13437148928642273,0.8353293538093567,0.5393078327178955
YPR178W,YMR176W,0,2.462718,0.13434991240501404,0.8353293538093567,0.5394079089164734
YPL063W,YGR142W,0,2.4622293,0.13432836532592773,0.8353293538093567,0.5395079255104065
YPL122C,YDR372C,0,2.461999,0.13430680334568024,0.8353293538093567,0.5396079421043396
YER139C,YOR131C,0,2.4615173,0.13428525626659393,0.8353293538093567,0.5397079586982727
YKL032C,YGR056W,0,2.4613676,0.13426370918750763,0.8353293538093567,0.5398079752922058
YLR429W,YNL259C,0,2.4613364,0.13424217700958252,0.8353293538093567,0.5399079918861389
YNL263C,YGR216C,0,2.4603715,0.1342206597328186,0.8353293538093567,0.540008008480072
YPL091W,YML125C,0,2.4598758,0.1341991275548935,0.8353293538093567,0.5401080250740051
YML082W,YGR156W,0,2.459752,0.13417762517929077,0.8353293538093567,0.5402080416679382
YGR274C,YHR143W,0,2.459025,0.13415610790252686,0.8353293538093567,0.5403080582618713
YKL125W,YFL034C-A,1,2.4584634,0.13429486751556396,0.8363273739814758,0.5403080582618713
YIL026C,YJR149W,0,2.4581494,0.13427335023880005,0.8363273739814758,0.5404080748558044
YOL157C,YML071C,0,2.4581017,0.13425184786319733,0.8363273739814758,0.5405080914497375
YHL024W,YBL098W,0,2.4574199,0.1342303305864334,0.8363273739814758,0.5406081080436707
YBL055C,YBR287W,0,2.4572318,0.13420884311199188,0.8363273739814758,0.5407081246376038
YAL015C,YNR070W,0,2.4570742,0.13418735563755035,0.8363273739814758,0.5408081412315369
YER044C,YPL171C,0,2.456094,0.13416586816310883,0.8363273739814758,0.54090815782547
YNL232W,YGR024C,0,2.4560266,0.1341443955898285,0.8363273739814758,0.5410081744194031
YHR117W,YGR010W,0,2.4558873,0.13412292301654816,0.8363273739814758,0.541108250617981
YIL007C,YDR101C,0,2.4557319,0.13410145044326782,0.8363273739814758,0.5412082672119141
YGL227W,YGR212W,0,2.4555922,0.13407999277114868,0.8363273739814758,0.5413082838058472
YHR046C,YMR267W,0,2.4550989,0.13405855000019073,0.8363273739814758,0.5414083003997803
YDL240W,YNL294C,0,2.4547808,0.1340371072292328,0.8363273739814758,0.5415083169937134
YNL180C,YMR034C,0,2.4540482,0.13401567935943604,0.8363273739814758,0.5416083335876465
YPL174C,YDL065C,0,2.4534893,0.1339942365884781,0.8363273739814758,0.5417083501815796
YOR201C,YKL063C,0,2.452762,0.13397282361984253,0.8363273739814758,0.5418083667755127
YKR038C,YPL083C,0,2.4526756,0.13395141065120697,0.8363273739814758,0.5419083833694458
YMR088C,YBR245C,0,2.4526372,0.1339299976825714,0.8363273739814758,0.5420083999633789
YLR426W,YFL005W,0,2.45262,0.13390859961509705,0.8363273739814758,0.542108416557312
YLR328W,YKR095W,0,2.452604,0.13388720154762268,0.8363273739814758,0.5422084331512451
YOR382W,YNL280C,0,2.4524565,0.1338658183813095,0.8363273739814758,0.5423084497451782
YMR105C,YMR037C,0,2.4521742,0.13384443521499634,0.8363273739814758,0.5424084663391113
YDR071C,YNL194C,0,2.4517486,0.13382306694984436,0.8363273739814758,0.5425084829330444
YIL171W,YOR262W,0,2.4510474,0.13380169868469238,0.8363273739814758,0.5426084995269775
YLL002W,YLR293C,0,2.4509556,0.1337803304195404,0.8363273739814758,0.5427085161209106
YPL095C,YKL145W,0,2.4506598,0.13375897705554962,0.8363273739814758,0.5428085327148438
YML052W,YPR199C,0,2.4505315,0.13373763859272003,0.8363273739814758,0.5429086089134216
YMR220W,YMR065W,0,2.4502554,0.13371628522872925,0.8363273739814758,0.5430086255073547
YPR041W,YER185W,0,2.4498813,0.13369496166706085,0.8363273739814758,0.5431086421012878
YNL061W,YJL053W,0,2.4493961,0.13367363810539246,0.8363273739814758,0.543208658695221
YPL233W,YOL152W,0,2.4491599,0.13365231454372406,0.8363273739814758,0.543308675289154
YDR174W,YDR494W,0,2.4484582,0.13363100588321686,0.8363273739814758,0.5434086918830872
YGR034W,YKL048C,0,2.4483185,0.13360969722270966,0.8363273739814758,0.5435087084770203
YDR005C,YJR070C,0,2.4483154,0.13358838856220245,0.8363273739814758,0.5436087250709534
YOL120C,YMR304W,0,2.4482536,0.13356710970401764,0.8363273739814758,0.5437087416648865
YDR280W,YDR222W,0,2.4481015,0.13354581594467163,0.8363273739814758,0.5438087582588196
YHR072W-A,YHR039C-A,1,2.4480448,0.13368387520313263,0.8373253345489502,0.5438087582588196
YOR319W,YDR397C,0,2.4476688,0.13366258144378662,0.8373253345489502,0.5439087748527527
YDR437W,YLR011W,0,2.4475203,0.1336412876844406,0.8373253345489502,0.5440087914466858
YLR157C,YOL086C,0,2.4462218,0.1336200088262558,0.8373253345489502,0.5441088080406189
YGL190C,YPL028W,0,2.4462082,0.13359872996807098,0.8373253345489502,0.544208824634552
YBR183W,YGR266W,0,2.446169,0.13357745110988617,0.8373253345489502,0.5443088412284851
YDR116C,YGL223C,0,2.4461036,0.13355618715286255,0.8373253345489502,0.5444088578224182
YDR392W,YHR165C,0,2.4456081,0.13353493809700012,0.8373253345489502,0.5445088744163513
YKR104W,YGR040W,0,2.4450634,0.1335136890411377,0.8373253345489502,0.5446089506149292
YGL053W,YML113W,0,2.4448357,0.13349243998527527,0.8373253345489502,0.5447089672088623
YNL006W,YLL022C,0,2.4445286,0.13347120583057404,0.8373253345489502,0.5448089838027954
YLR285W,YOL028C,0,2.442773,0.1334499716758728,0.8373253345489502,0.5449090003967285
YGL170C,YMR112C,0,2.442565,0.13342875242233276,0.8373253345489502,0.5450090169906616
YOL112W,YNL068C,0,2.4422526,0.13340753316879272,0.8373253345489502,0.5451090335845947
YKL143W,YDR406W,0,2.442109,0.13338632881641388,0.8373253345489502,0.5452090501785278
YER060W-A,YBR021W,1,2.4414983,0.1335240751504898,0.8383233547210693,0.5452090501785278
YHR161C,YBR251W,0,2.440869,0.13350285589694977,0.8383233547210693,0.5453090667724609
YGL123W,YOL102C,0,2.4407744,0.13348165154457092,0.8383233547210693,0.545409083366394
YKR006C,YOR110W,0,2.4405398,0.13346043229103088,0.8383233547210693,0.5455090999603271
YNR020C,YJL170C,0,2.4405036,0.13343924283981323,0.8383233547210693,0.5456091165542603
YIL120W,YBL090W,0,2.4402492,0.1334180384874344,0.8383233547210693,0.5457091331481934
YDL136W,YJR101W,0,2.4399927,0.13339684903621674,0.8383233547210693,0.5458091497421265
YIL118W,YGL112C,0,2.4399405,0.13337567448616028,0.8383233547210693,0.5459091663360596
YDL109C,YMR130W,0,2.4393678,0.13335449993610382,0.8383233547210693,0.5460091829299927
YIL033C,YGR024C,0,2.4393373,0.13333334028720856,0.8383233547210693,0.5461091995239258
YMR172W,YER159C,0,2.4392378,0.1333121657371521,0.8383233547210693,0.5462092161178589
YDR324C,YOR295W,1,2.438874,0.1334497034549713,0.8393213748931885,0.5462092161178589
YGL171W,YLR115W,0,2.438706,0.13342852890491486,0.8393213748931885,0.546309232711792
YGR234W,YIL043C,0,2.4385583,0.1334073543548584,0.8393213748931885,0.5464093089103699
YPL208W,YHR149C,0,2.4384418,0.13338619470596313,0.8393213748931885,0.546509325504303
YOR278W,YNL310C,0,2.4384208,0.13336504995822906,0.8393213748931885,0.5466093420982361
YPR200C,YDR226W,0,2.4378235,0.133343905210495,0.8393213748931885,0.5467093586921692
YDL121C,YER091C,0,2.437813,0.13332276046276093,0.8393213748931885,0.5468093752861023
YGL189C,YDR178W,0,2.4372656,0.13330163061618805,0.8393213748931885,0.5469093918800354
YGR122W,YMR300C,0,2.43596,0.13328050076961517,0.8393213748931885,0.5470094084739685
YJL206C,YDR013W,0,2.4358768,0.1332593858242035,0.8393213748931885,0.5471094250679016
YER148W,YER137C,1,2.4349277,0.1333967000246048,0.8403193354606628,0.5471094250679016
YKL100C,YGL246C,0,2.4348674,0.13337557017803192,0.8403193354606628,0.5472094416618347
YDR536W,YGR204W,0,2.4343014,0.13335445523262024,0.8403193354606628,0.5473094582557678
YLR052W,YPR072W,0,2.4340284,0.13333334028720856,0.8403193354606628,0.5474094748497009
YER048W-A,YOR290C,0,2.433497,0.13331222534179688,0.8403193354606628,0.547509491443634
YNL331C,YDR248C,0,2.4334288,0.1332911252975464,0.8403193354606628,0.5476095080375671
YER060W-A,YBR183W,0,2.4334002,0.1332700252532959,0.8403193354606628,0.5477095246315002
YML067C,YOR382W,0,2.4326017,0.1332489252090454,0.8403193354606628,0.5478095412254333
YLR363C,YDL190C,0,2.432101,0.1332278549671173,0.8403193354606628,0.5479095578193665
YDL008W,YHL021C,0,2.4319167,0.13320676982402802,0.8403193354606628,0.5480095744132996
YBR048W,YPL135W,0,2.4316998,0.13318569958209991,0.8403193354606628,0.5481096506118774
YHR202W,YGR070W,0,2.4315143,0.133164644241333,0.8403193354606628,0.5482096672058105
YDR212W,YKR037C,0,2.4309785,0.1331435739994049,0.8403193354606628,0.5483096837997437
YNR027W,YJL149W,0,2.4299927,0.1331225335597992,0.8403193354606628,0.5484097003936768
YFL035C-B,YPR187W,1,2.429812,0.13325956463813782,0.841317355632782,0.5484097003936768
YGR008C,YGR012W,0,2.4295926,0.13323849439620972,0.841317355632782,0.5485097169876099
YDR025W,YIL087C,0,2.4292762,0.1332174390554428,0.841317355632782,0.548609733581543
YOL054W,YML096W,0,2.4287214,0.1331963986158371,0.841317355632782,0.5487097501754761
YML112W,YDR398W,1,2.4286575,0.13333334028720856,0.8423153758049011,0.5487097501754761
YNL268W,YNR006W,0,2.428574,0.13331227004528046,0.8423153758049011,0.5488097667694092
YKR099W,YOR191W,0,2.4285352,0.13329121470451355,0.8423153758049011,0.5489097833633423
YJR120W,YGR008C,0,2.4284143,0.13327017426490784,0.8423153758049011,0.5490097999572754
YJL029C,YJR135C,0,2.4275455,0.13324913382530212,0.8423153758049011,0.5491098165512085
YGL168W,YBR223C,0,2.4270434,0.1332280933856964,0.8423153758049011,0.5492098331451416
YPL200W,YJL144W,0,2.4268875,0.1332070678472519,0.8423153758049011,0.5493098497390747
YLR266C,YPL105C,0,2.4263942,0.13318605720996857,0.8423153758049011,0.5494098663330078
YAL022C,YOR313C,0,2.4250898,0.13316503167152405,0.8423153758049011,0.5495098829269409
YNL086W,YJL110C,0,2.42504,0.13314403593540192,0.8423153758049011,0.549609899520874
YKL203C,YLR383W,0,2.4248462,0.1331230252981186,0.8423153758049011,0.5497099161148071
YJL143W,YKL032C,0,2.42457,0.13310202956199646,0.8423153758049011,0.5498099327087402
YDR415C,YDR334W,0,2.4243126,0.13308104872703552,0.8423153758049011,0.5499100089073181
YKL095W,YLR102C,0,2.4240923,0.13306006789207458,0.8423153758049011,0.5500100255012512
YIL111W,YHR206W,0,2.4240904,0.13303908705711365,0.8423153758049011,0.5501100420951843
YDR196C,YDR353W,0,2.4237883,0.1330181211233139,0.8423153758049011,0.5502100586891174
YDR529C,YDL059C,0,2.4237516,0.13299717009067535,0.8423153758049011,0.5503100752830505
YLR167W,YLR145W,0,2.4233303,0.1329762041568756,0.8423153758049011,0.5504100918769836
YER098W,YHR157W,0,2.4230547,0.13295526802539825,0.8423153758049011,0.5505101084709167
YBR188C,YGL092W,0,2.4228349,0.1329343169927597,0.8423153758049011,0.5506101250648499
YCR038C,YGL162W,0,2.4228156,0.13291338086128235,0.8423153758049011,0.550710141658783
YHR136C,YGR224W,0,2.4225743,0.1328924596309662,0.8423153758049011,0.5508101582527161
YJL173C,YLL051C,0,2.422522,0.13287153840065002,0.8423153758049011,0.5509101748466492
YCL075W,YDR197W,0,2.422513,0.13285061717033386,0.8423153758049011,0.5510101914405823
YDR402C,YLR165C,0,2.4222512,0.1328297108411789,0.8423153758049011,0.5511102080345154
YOL112W,YNL136W,0,2.421777,0.13280880451202393,0.8423153758049011,0.5512102246284485
YGL191W,YGL229C,0,2.4215696,0.13278791308403015,0.8423153758049011,0.5513102412223816
YBR003W,YOR393W,0,2.4214964,0.13276702165603638,0.8423153758049011,0.5514102578163147
YFL005W,YPR111W,0,2.421317,0.1327461451292038,0.8423153758049011,0.5515102744102478
YOR239W,YDR378C,0,2.421023,0.13272526860237122,0.8423153758049011,0.5516103506088257
YGR241C,YKL021C,0,2.4208007,0.13270440697669983,0.8423153758049011,0.5517103672027588
YOR138C,YNL160W,0,2.4205756,0.13268354535102844,0.8423153758049011,0.5518103837966919
YFL041W,YOR060C,0,2.4204144,0.13266268372535706,0.8423153758049011,0.551910400390625
YDL170W,YFR038W,0,2.4189596,0.13264183700084686,0.8423153758049011,0.5520104169845581
YML047C,YMR053C,0,2.4182177,0.13262099027633667,0.8423153758049011,0.5521104335784912
YER190W,YMR267W,0,2.4180708,0.13260015845298767,0.8423153758049011,0.5522104501724243
YOR265W,YIL167W,0,2.417671,0.13257932662963867,0.8423153758049011,0.5523104667663574
YPL189C-A,YJL044C,0,2.4165564,0.13255850970745087,0.8423153758049011,0.5524104833602905
YHL019C,YEL018W,0,2.4158278,0.13253769278526306,0.8423153758049011,0.5525104999542236
YOR258W,YOL043C,0,2.4157639,0.13251687586307526,0.8423153758049011,0.5526105165481567
YDR270W,YHR012W,0,2.4151409,0.13249607384204865,0.8423153758049011,0.5527105331420898
YIL140W,YGR295C,0,2.4149613,0.13247527182102203,0.8423153758049011,0.552810549736023
YDR262W,YDR313C,0,2.414591,0.13245448470115662,0.8423153758049011,0.552910566329956
YER123W,YKL192C,0,2.4134188,0.1324336975812912,0.8423153758049011,0.5530105829238892
YOL165C,YDR482C,0,2.413165,0.13241292536258698,0.8423153758049011,0.5531105995178223
YOL121C,YIL113W,0,2.4124746,0.13239215314388275,0.8423153758049011,0.5532106161117554
YPL122C,YER019C-A,0,2.4101188,0.13237139582633972,0.8423153758049011,0.5533106327056885
YPR105C,YBL025W,0,2.4100747,0.1323506385087967,0.8423153758049011,0.5534107089042664
YLR316C,YPL048W,0,2.4083812,0.13232988119125366,0.8423153758049011,0.5535107254981995
YNL213C,YCR020C,0,2.4080338,0.13230913877487183,0.8423153758049011,0.5536107420921326
YBL089W,YAL034W-A,0,2.4080281,0.13228839635849,0.8423153758049011,0.5537107586860657
YLR390W-A,YPR060C,0,2.4072044,0.13226766884326935,0.8423153758049011,0.5538107752799988
YOL009C,YJR082C,0,2.4072015,0.1322469413280487,0.8423153758049011,0.5539107918739319
YML128C,YJL026W,0,2.4069903,0.13222622871398926,0.8423153758049011,0.554010808467865
YHR138C,YLR417W,0,2.4067495,0.1322055160999298,0.8423153758049011,0.5541108250617981
YKL154W,YJL141C,0,2.4065466,0.13218480348587036,0.8423153758049011,0.5542108416557312
YER168C,YPL135W,0,2.406052,0.1321641057729721,0.8423153758049011,0.5543108582496643
YDL185W,YNL188W,0,2.4059632,0.13214342296123505,0.8423153758049011,0.5544108748435974
YGR288W,YBL054W,0,2.405459,0.1321227252483368,0.8423153758049011,0.5545108914375305
YHR136C,YOR034C,0,2.4052649,0.13210205733776093,0.8423153758049011,0.5546109080314636
YDR074W,YOR001W,0,2.4040818,0.13208137452602386,0.8423153758049011,0.5547109246253967
YOL038W,YLR285W,0,2.4039264,0.132060706615448,0.8423153758049011,0.5548109412193298
YPL150W,YAL017W,0,2.4038577,0.13204005360603333,0.8423153758049011,0.5549109578132629
YIL090W,YLR361C,0,2.403156,0.13201940059661865,0.8423153758049011,0.555010974407196
YKR099W,YLR208W,0,2.4028223,0.13199874758720398,0.8423153758049011,0.5551110506057739
YMR229C,YDR088C,0,2.40238,0.1319781094789505,0.8423153758049011,0.555211067199707
YOL056W,YDR301W,0,2.4013371,0.13195747137069702,0.8423153758049011,0.5553110837936401
YLR007W,YLR010C,0,2.4003205,0.13193684816360474,0.8423153758049011,0.5554111003875732
YGR268C,YAL062W,0,2.400278,0.13191622495651245,0.8423153758049011,0.5555111169815063
YOR335C,YLR220W,0,2.400082,0.13189560174942017,0.8423153758049011,0.5556111335754395
YIL150C,YML074C,0,2.3999133,0.13187499344348907,0.8423153758049011,0.5557111501693726
YBR299W,YOL026C,0,2.3997846,0.13185440003871918,0.8423153758049011,0.5558111667633057
YMR059W,YCR029C-A,0,2.3992062,0.13183380663394928,0.8423153758049011,0.5559111833572388
YDR361C,YBR297W,0,2.3983085,0.13181321322917938,0.8423153758049011,0.5560111999511719
YHR060W,YLR353W,0,2.3972843,0.13179263472557068,0.8423153758049011,0.556111216545105
YML116W,YER093C,0,2.397039,0.13177205622196198,0.8423153758049011,0.5562112331390381
YDR388W,YDR115W,0,2.3964596,0.13175147771835327,0.8423153758049011,0.5563112497329712
YOL030W,YML096W,0,2.396265,0.13173091411590576,0.8423153758049011,0.5564112663269043
YKR101W,YPL103C,0,2.3962498,0.13171036541461945,0.8423153758049011,0.5565112829208374
YNL119W,YBL074C,0,2.396216,0.13168981671333313,0.8423153758049011,0.5566112995147705
YMR218C,YHR047C,0,2.3949127,0.13166926801204681,0.8423153758049011,0.5567113161087036
YBL037W,YLR213C,0,2.3945084,0.1316487342119217,0.8423153758049011,0.5568113327026367
YDR032C,YFR003C,0,2.3943121,0.13162820041179657,0.8423153758049011,0.5569114089012146
YLR384C,YGR135W,0,2.3938503,0.13160766661167145,0.8423153758049011,0.5570114254951477
YCR046C,YPL179W,0,2.393714,0.13158714771270752,0.8423153758049011,0.5571114420890808
YBL054W,YDR441C,0,2.3932903,0.13156664371490479,0.8423153758049011,0.5572114586830139
YER068W,YML087C,0,2.3930526,0.13154613971710205,0.8423153758049011,0.557311475276947
YLR208W,YLR466W,0,2.39154,0.13152563571929932,0.8423153758049011,0.5574114918708801
YCR077C,YER102W,0,2.3915308,0.13150514662265778,0.8423153758049011,0.5575115084648132
YKR102W,YGR063C,0,2.3908424,0.13148465752601624,0.8423153758049011,0.5576115250587463
YML129C,YHR207C,0,2.389596,0.1314641684293747,0.8423153758049011,0.5577115416526794
YHR201C,YBL011W,0,2.3893995,0.13144369423389435,0.8423153758049011,0.5578115582466125
YFL035C-B,YDR398W,1,2.389092,0.1315789520740509,0.8433133959770203,0.5578115582466125
YFR006W,YDR495C,0,2.3889942,0.13155846297740936,0.8433133959770203,0.5579115748405457
YOL054W,YJR036C,0,2.3885303,0.13153798878192902,0.8433133959770203,0.5580115914344788
YGR085C,YBR287W,0,2.3881133,0.13151751458644867,0.8433133959770203,0.5581116080284119
YBL014C,YGR205W,0,2.3880904,0.13149704039096832,0.8433133959770203,0.558211624622345
YNL167C,YDR441C,0,2.3873785,0.13147658109664917,0.8433133959770203,0.5583116412162781
YOR148C,YMR136W,0,2.3873234,0.1314561367034912,0.8433133959770203,0.5584116578102112
YLL040C,YER171W,0,2.3863955,0.13143567740917206,0.8433133959770203,0.5585116744041443
YFR033C,YGR281W,0,2.3859372,0.1314152479171753,0.8433133959770203,0.5586117506027222
YLR088W,YBR041W,0,2.3849168,0.13139480352401733,0.8433133959770203,0.5587117671966553
YJR117W,YBR289W,0,2.3846974,0.13137437403202057,0.8433133959770203,0.5588117837905884
YMR180C,YGR034W,0,2.3843114,0.131353959441185,0.8433133959770203,0.5589118003845215
YOR249C,YMR137C,0,2.383823,0.13133354485034943,0.8433133959770203,0.5590118169784546
YPR154W,YNL048W,0,2.3829489,0.13131313025951385,0.8433133959770203,0.5591118335723877
YER139C,YAL054C,0,2.3824878,0.13129273056983948,0.8433133959770203,0.5592118501663208
YPR026W,YDR369C,0,2.381554,0.1312723308801651,0.8433133959770203,0.5593118667602539
YOL052C-A,YCR035C,0,2.3810945,0.13125194609165192,0.8433133959770203,0.559411883354187
YGL127C,YLR160C,0,2.38105,0.13123156130313873,0.8433133959770203,0.5595118999481201
YER060W-A,YNL156C,0,2.3808951,0.13121117651462555,0.8433133959770203,0.5596119165420532
YDR040C,YER074W,0,2.3801255,0.13119080662727356,0.8433133959770203,0.5597119331359863
YOR123C,YJL011C,0,2.3797824,0.13117043673992157,0.8433133959770203,0.5598119497299194
YFL035C-B,YKR007W,1,2.3795385,0.1313052922487259,0.8443113565444946,0.5598119497299194
YPR026W,YOL062C,0,2.3782415,0.1312849223613739,0.8443113565444946,0.5599119663238525
YLR244C,YLR010C,0,2.3782232,0.1312645524740219,0.8443113565444946,0.5600119829177856
YNL132W,YBR159W,0,2.378202,0.13124418258666992,0.8443113565444946,0.5601119995117188
YHR099W,YNL086W,0,2.377678,0.13122382760047913,0.8443113565444946,0.5602120161056519
YPL031C,YHR171W,0,2.3766184,0.13120347261428833,0.8443113565444946,0.560312032699585
YDR074W,YPL183C,0,2.3764703,0.13118313252925873,0.8443113565444946,0.5604121088981628
YOR076C,YMR268W-A,0,2.3763793,0.13116279244422913,0.8443113565444946,0.560512125492096
YAL023C,YJL045W,0,2.3760867,0.13114245235919952,0.8443113565444946,0.560612142086029
YBL021C,YPR095C,1,2.3745239,0.13127712905406952,0.8453093767166138,0.560612142086029
YNL232W,YBL091C-A,0,2.3740163,0.13125677406787872,0.8453093767166138,0.5607121586799622
YMR175W,YJL225C,0,2.373697,0.13123644888401031,0.8453093767166138,0.5608121752738953
YOR132W,YPL281C,0,2.3736036,0.1312161087989807,0.8453093767166138,0.5609121918678284
YDR239C,YGL113W,0,2.3734717,0.1311957836151123,0.8453093767166138,0.5610122084617615
YFR027W,YJL087C,0,2.37165,0.1311754733324051,0.8453093767166138,0.5611122250556946
YDR082W,YOR099W,0,2.371342,0.13115516304969788,0.8453093767166138,0.5612122416496277
YOR086C,YNL149C,0,2.3704805,0.13113485276699066,0.8453093767166138,0.5613122582435608
YPR156C,YKR066C,0,2.3702354,0.13111455738544464,0.8453093767166138,0.5614122748374939
YGR283C,YDR062W,0,2.3699813,0.13109426200389862,0.8453093767166138,0.561512291431427
YHR132C,YEL021W,0,2.369415,0.1310739666223526,0.8453093767166138,0.5616123080253601
YBR283C,YML133C,0,2.3693948,0.13105368614196777,0.8453093767166138,0.5617123246192932
YJR053W,YDR461W,0,2.3667984,0.13103342056274414,0.8453093767166138,0.5618123412132263
YLR201C,YJR001W,0,2.3648818,0.1310131549835205,0.8453093767166138,0.5619123578071594
YGR120C,YKL195W,0,2.364791,0.13099288940429688,0.8453093767166138,0.5620123744010925
YHR211W,YOR260W,0,2.3646035,0.13097262382507324,0.8453093767166138,0.5621124505996704
YER041W,YGR296W,0,2.3642976,0.130952388048172,0.8453093767166138,0.5622124671936035
YGL016W,YGL219C,0,2.364019,0.13093213737010956,0.8453093767166138,0.5623124837875366
YIL120W,YLR088W,0,2.3631673,0.1309119015932083,0.8453093767166138,0.5624125003814697
YGR175C,YER087C-B,0,2.3629026,0.13089166581630707,0.8453093767166138,0.5625125169754028
YKL088W,YGL157W,0,2.3617237,0.13087144494056702,0.8453093767166138,0.5626125335693359
YER179W,YMR180C,0,2.3614702,0.13085122406482697,0.8453093767166138,0.562712550163269
YFL035C-B,YNL113W,1,2.361352,0.13098548352718353,0.8463073968887329,0.562712550163269
YLR129W,YDR226W,0,2.3612237,0.1309652477502823,0.8463073968887329,0.5628125667572021
YPL174C,YLR163C,0,2.3608508,0.13094502687454224,0.8463073968887329,0.5629125833511353
YOR098C,YKL199C,0,2.3607936,0.13092480599880219,0.8463073968887329,0.5630125999450684
YJR101W,YGR010W,0,2.3601332,0.13090460002422333,0.8463073968887329,0.5631126165390015
YGL040C,YPR148C,0,2.3600283,0.13088439404964447,0.8463073968887329,0.5632126331329346
YNL050C,YPR159W,0,2.3596327,0.1308642029762268,0.8463073968887329,0.5633126497268677
YLR106C,YBL090W,0,2.3591077,0.13084401190280914,0.8463073968887329,0.5634126663208008
YBR128C,YPL083C,0,2.3588428,0.13082382082939148,0.8463073968887329,0.5635126829147339
YNL242W,YBL013W,0,2.3583126,0.130803644657135,0.8463073968887329,0.563612699508667
YDR407C,YDR243C,0,2.3582995,0.13078346848487854,0.8463073968887329,0.5637127161026001
YHL038C,YDL227C,0,2.358297,0.13076330721378326,0.8463073968887329,0.563812792301178
YOR378W,YNR050C,0,2.3581367,0.130743145942688,0.8463073968887329,0.5639128088951111
YDL006W,YGR034W,0,2.358077,0.1307229846715927,0.8463073968887329,0.5640128254890442
YJL034W,YKR101W,0,2.3579285,0.13070283830165863,0.8463073968887329,0.5641128420829773
YNL063W,YDR473C,0,2.3577456,0.13068269193172455,0.8463073968887329,0.5642128586769104
YLR347C,YKL039W,0,2.3572803,0.13066256046295166,0.8463073968887329,0.5643128752708435
YAL029C,YGL085W,0,2.357194,0.13064242899417877,0.8463073968887329,0.5644128918647766
YKL196C,YPL209C,0,2.3567114,0.13062229752540588,0.8463073968887329,0.5645129084587097
YGL071W,YMR234W,0,2.3562949,0.1306021809577942,0.8463073968887329,0.5646129250526428
YBR026C,YFL056C,0,2.355823,0.1305820792913437,0.8463073968887329,0.5647129416465759
YER061C,YDR201W,0,2.355668,0.1305619776248932,0.8463073968887329,0.564812958240509
YHR156C,YER176W,0,2.355566,0.1305418759584427,0.8463073968887329,0.5649129748344421
YHR179W,YBR164C,0,2.3546782,0.1305217742919922,0.8463073968887329,0.5650129914283752
YKL218C,YBR100W,0,2.354218,0.13050168752670288,0.8463073968887329,0.5651130080223083
YGL198W,YJL033W,0,2.3515534,0.13048161566257477,0.8463073968887329,0.5652130246162415
YBR043C,YMR118C,0,2.3511794,0.13046154379844666,0.8463073968887329,0.5653130412101746
YIL172C,YDR320C,0,2.3509874,0.13044147193431854,0.8463073968887329,0.5654130578041077
YOR212W,YBR122C,0,2.3508935,0.13042141497135162,0.8463073968887329,0.5655130743980408
YOL165C,YKL168C,0,2.350616,0.1304013580083847,0.8463073968887329,0.5656131505966187
YMR091C,YLR010C,0,2.3505538,0.13038130104541779,0.8463073968887329,0.5657131671905518
YDR170C,YDR404C,0,2.347021,0.13036125898361206,0.8463073968887329,0.5658131837844849
YER175C,YBR251W,0,2.3468258,0.13034121692180634,0.8463073968887329,0.565913200378418
YKL022C,YPL160W,0,2.345932,0.1303211897611618,0.8463073968887329,0.5660132169723511
YMR198W,YKR088C,0,2.3457904,0.13030116260051727,0.8463073968887329,0.5661132335662842
YOR246C,YJR123W,0,2.3457866,0.13028115034103394,0.8463073968887329,0.5662132501602173
YIR038C,YBR251W,0,2.3456826,0.1302611380815506,0.8463073968887329,0.5663132667541504
YKR099W,YMR123W,0,2.3447802,0.13024112582206726,0.8463073968887329,0.5664132833480835
YDR262W,YNL023C,0,2.344636,0.13022112846374512,0.8463073968887329,0.5665132999420166
YOR359W,YOR216C,0,2.3444824,0.13020113110542297,0.8463073968887329,0.5666133165359497
YKL045W,YPL083C,0,2.3439102,0.13018114864826202,0.8463073968887329,0.5667133331298828
YER060W,YAL068C,0,2.3438067,0.13016116619110107,0.8463073968887329,0.5668133497238159
YLR033W,YCR002C,0,2.3437023,0.13014118373394012,0.8463073968887329,0.566913366317749
YGR060W,YPR096C,0,2.343161,0.13012121617794037,0.8463073968887329,0.5670133829116821
YDL105W,YER087C-B,0,2.3420901,0.1301012635231018,0.8463073968887329,0.5671133995056152
YLR189C,YDR309C,0,2.3414788,0.13008129596710205,0.8463073968887329,0.5672134160995483
YDR351W,YGL098W,0,2.3410957,0.1300613433122635,0.8463073968887329,0.5673134922981262
YGR199W,YPR068C,0,2.3409214,0.13004140555858612,0.8463073968887329,0.5674135088920593
YKL011C,YLR380W,0,2.3397996,0.13002146780490875,0.8463073968887329,0.5675135254859924
YPR016C,YBR035C,0,2.3397174,0.13000153005123138,0.8463073968887329,0.5676135420799255
YDR235W,YHR033W,0,2.3391085,0.1299816071987152,0.8463073968887329,0.5677135586738586
YPL220W,YFL021W,0,2.33805,0.12996168434619904,0.8463073968887329,0.5678135752677917
YOR092W,YDR204W,0,2.33766,0.12994177639484406,0.8463073968887329,0.5679135918617249
YBR052C,YPR072W,0,2.3373246,0.12992186844348907,0.8463073968887329,0.568013608455658
YHR118C,YDR359C,0,2.3366976,0.1299019604921341,0.8463073968887329,0.5681136250495911
YNL214W,YNL325C,0,2.3357568,0.1298820674419403,0.8463073968887329,0.5682136416435242
YDL139C,YPL173W,0,2.335309,0.12986217439174652,0.8463073968887329,0.5683136582374573
YIL088C,YGL018C,0,2.3350358,0.12984229624271393,0.8463073968887329,0.5684136748313904
YFR034C,YHR072W-A,1,2.3348937,0.12997551262378693,0.847305417060852,0.5684136748313904
YLR189C,YLL055W,0,2.334872,0.12995560467243195,0.847305417060852,0.5685136914253235
YNL113W,YML112W,1,2.3344908,0.13008876144886017,0.8483033776283264,0.5685136914253235
YKL010C,YMR043W,0,2.3332918,0.1300688534975052,0.8483033776283264,0.5686137080192566
YFR014C,YDR481C,0,2.3326035,0.1300489604473114,0.8483033776283264,0.5687137246131897
YDR151C,YMR128W,0,2.3316016,0.13002906739711761,0.8483033776283264,0.5688137412071228
YDR056C,YOR206W,0,2.3313828,0.13000917434692383,0.8483033776283264,0.5689137578010559
YNL138W-A,YMR215W,0,2.3313003,0.12998929619789124,0.8483033776283264,0.569013774394989
YBL106C,YLR011W,0,2.3312502,0.12996941804885864,0.8483033776283264,0.5691138505935669
YGL063W,YER071C,0,2.3309517,0.12994955480098724,0.8483033776283264,0.5692138671875
YNL065W,YMR211W,0,2.3306828,0.12992969155311584,0.8483033776283264,0.5693138837814331
YIL145C,YER091C,0,2.3306794,0.12990982830524445,0.8483033776283264,0.5694139003753662
YNL251C,YER087C-B,0,2.3300362,0.12988997995853424,0.8483033776283264,0.5695139169692993
YKR006C,YLR185W,0,2.32986,0.12987013161182404,0.8483033776283264,0.5696139335632324
YFL047W,YHR119W,0,2.3296084,0.12985028326511383,0.8483033776283264,0.5697139501571655
YNL163C,YER184C,0,2.329083,0.12983044981956482,0.8483033776283264,0.5698139667510986
YCL027W,YER013W,0,2.3287213,0.129810631275177,0.8483033776283264,0.5699139833450317
YGL210W,YLR056W,0,2.32763,0.12979081273078918,0.8483033776283264,0.5700139999389648
YGL141W,YBR120C,0,2.3274708,0.12977099418640137,0.8483033776283264,0.570114016532898
YNL076W,YJL056C,0,2.3264039,0.12975117564201355,0.8483033776283264,0.570214033126831
YGR014W,YNL095C,0,2.3263173,0.12973138689994812,0.8483033776283264,0.5703140497207642
YOR045W,YDR280W,0,2.3249245,0.1297115832567215,0.8483033776283264,0.5704140663146973
YGL112C,YER087C-A,0,2.324711,0.12969179451465607,0.8483033776283264,0.5705140829086304
YKL168C,YOL151W,0,2.3246408,0.12967200577259064,0.8483033776283264,0.5706140995025635
YER038C,YBR289W,0,2.3245254,0.1296522319316864,0.8483033776283264,0.5707141160964966
YJR067C,YPR022C,1,2.3242612,0.12978495657444,0.8493013978004456,0.5707141160964966
YDL110C,YGR288W,0,2.3241029,0.12976516783237457,0.8493013978004456,0.5708141922950745
YER007W,YML113W,0,2.3234096,0.12974539399147034,0.8493013978004456,0.5709142088890076
YPL059W,YMR131C,0,2.323305,0.1297256052494049,0.8493013978004456,0.5710142254829407
YIL087C,YIL119C,0,2.3232236,0.12970583140850067,0.8493013978004456,0.5711142420768738
YDL107W,YFR024C-A,0,2.3231997,0.12968607246875763,0.8493013978004456,0.5712142586708069
YJL172W,YJL056C,0,2.3231094,0.1296663135290146,0.8493013978004456,0.57131427526474
YHR113W,YBR211C,0,2.3228648,0.12964655458927155,0.8493013978004456,0.5714142918586731
YPR071W,YJR075W,0,2.3228264,0.1296268105506897,0.8493013978004456,0.5715143084526062
YLR447C,YPL163C,0,2.322702,0.12960706651210785,0.8493013978004456,0.5716143250465393
YKR050W,YPL161C,0,2.3224177,0.1295873373746872,0.8493013978004456,0.5717143416404724
YGL019W,YLR141W,1,2.3222227,0.12971985340118408,0.8502994179725647,0.5717143416404724
YIL038C,YML051W,0,2.322154,0.12970010936260223,0.8502994179725647,0.5718143582344055
YOL067C,YKL158W,0,2.321658,0.12968036532402039,0.8502994179725647,0.5719143748283386
YMR025W,YOL151W,0,2.3207493,0.12966063618659973,0.8502994179725647,0.5720143914222717
YDL129W,YBR021W,1,2.3204503,0.12979306280612946,0.8512973785400391,0.5720143914222717
YDR364C,YOR168W,0,2.320416,0.1297733187675476,0.8512973785400391,0.5721144080162048
YDR414C,YIL107C,0,2.320187,0.12975357472896576,0.8512973785400391,0.5722144246101379
YGR055W,YDR516C,0,2.3200617,0.1297338455915451,0.8512973785400391,0.572314441204071
YGR279C,YDR376W,0,2.320036,0.12971411645412445,0.8512973785400391,0.5724144577980042
YER143W,YPL097W,0,2.3196049,0.1296943873167038,0.8512973785400391,0.5725144743919373
YEL024W,YJL171C,0,2.319402,0.12967467308044434,0.8512973785400391,0.5726145505905151
YAL015C,YIR009W,0,2.3192794,0.12965495884418488,0.8512973785400391,0.5727145671844482
YJR094W-A,YER178W,0,2.3190477,0.1296352595090866,0.8512973785400391,0.5728145837783813
YJL183W,YDR092W,0,2.3185039,0.12961556017398834,0.8512973785400391,0.5729146003723145
YPL007C,YOR025W,0,2.3182335,0.12959586083889008,0.8512973785400391,0.5730146169662476
YOL004W,YDR343C,0,2.318005,0.129576176404953,0.8512973785400391,0.5731146335601807
YER150W,YHR011W,0,2.3176816,0.12955650687217712,0.8512973785400391,0.5732146501541138
YMR297W,YMR034C,0,2.3176265,0.12953682243824005,0.8512973785400391,0.5733146667480469
YAL026C,YPR111W,0,2.317546,0.12951715290546417,0.8512973785400391,0.57341468334198
YML027W,YPL176C,0,2.3170347,0.1294974982738495,0.8512973785400391,0.5735146999359131
YJR033C,YLL067C,0,2.3152757,0.1294778436422348,0.8512973785400391,0.5736147165298462
YDL056W,YJR101W,0,2.3146322,0.12945818901062012,0.8512973785400391,0.5737147331237793
YGL196W,YOL154W,0,2.314509,0.12943854928016663,0.8512973785400391,0.5738147497177124
YDR243C,YDR460W,0,2.3144894,0.12941890954971313,0.8512973785400391,0.5739147663116455
YKR059W,YOR288C,0,2.3131547,0.12939926981925964,0.8512973785400391,0.5740147829055786
YOR271C,YLR010C,0,2.3122945,0.12937964498996735,0.8512973785400391,0.5741147994995117
YOR063W,YJL125C,0,2.312179,0.12936002016067505,0.8512973785400391,0.5742148160934448
YPL006W,YNL317W,0,2.3120887,0.12934041023254395,0.8512973785400391,0.5743148922920227
YJR040W,YPL276W,0,2.3117337,0.12932080030441284,0.8512973785400391,0.5744149088859558
YDR118W,YER053C,0,2.3103018,0.12930119037628174,0.8512973785400391,0.5745149254798889
YMR091C,YHR014W,0,2.3100157,0.12928159534931183,0.8512973785400391,0.574614942073822
YMR203W,YOR070C,0,2.3098452,0.1292620152235031,0.8512973785400391,0.5747149586677551
YBR010W,YNL214W,0,2.3096886,0.1292424201965332,0.8512973785400391,0.5748149752616882
YFL035C-B,YNL191W,1,2.3095717,0.12937434017658234,0.8522953987121582,0.5748149752616882
YOL056W,YDL189W,0,2.3095436,0.12935474514961243,0.8522953987121582,0.5749149918556213
YAL023C,YHL017W,0,2.3093228,0.12933515012264252,0.8522953987121582,0.5750150084495544
YGR283C,YNL164C,0,2.3089793,0.1293155699968338,0.8522953987121582,0.5751150250434875
YDR351W,YLR438C-A,0,2.3086097,0.12929598987102509,0.8522953987121582,0.5752150416374207
YBL035C,YOR221C,0,2.308577,0.12927640974521637,0.8522953987121582,0.5753150582313538
YFL029C,YGL233W,0,2.3084712,0.12925684452056885,0.8522953987121582,0.5754150748252869
YOR136W,YLR344W,0,2.3083081,0.12923729419708252,0.8522953987121582,0.57551509141922
YBL060W,YBR211C,0,2.3078973,0.129217728972435,0.8522953987121582,0.5756151080131531
YCR091W,YNR057C,0,2.3072104,0.12919817864894867,0.8522953987121582,0.5757151246070862
YGL206C,YML049C,0,2.3066258,0.12917864322662354,0.8522953987121582,0.5758151412010193
YOR267C,YLR001C,0,2.30553,0.1291591078042984,0.8522953987121582,0.5759151577949524
YGR112W,YDR516C,0,2.3047547,0.12913957238197327,0.8522953987121582,0.5760151743888855
YLR247C,YOR247W,0,2.3046405,0.12912005186080933,0.8522953987121582,0.5761152505874634
YMR160W,YOL011W,0,2.3043604,0.12910053133964539,0.8522953987121582,0.5762152671813965
YDR496C,YAL058W,0,2.3040085,0.12908101081848145,0.8522953987121582,0.5763152837753296
YDR262W,YKR061W,0,2.3030565,0.1290615051984787,0.8522953987121582,0.5764153003692627
YKL165C,YDR252W,0,2.3030403,0.12904199957847595,0.8522953987121582,0.5765153169631958
YLR191W,YIL080W,0,2.3025541,0.1290225088596344,0.8522953987121582,0.5766153335571289
YGR253C,YPL042C,0,2.3024359,0.12900301814079285,0.8522953987121582,0.576715350151062
YDR032C,YPR204W,0,2.301696,0.1289835423231125,0.8522953987121582,0.5768153667449951
YPL121C,YJL057C,0,2.3016949,0.12896406650543213,0.8522953987121582,0.5769153833389282
YMR261C,YIL138C,0,2.3016927,0.12894459068775177,0.8522953987121582,0.5770153999328613
YKL145W,YNL278W,0,2.3013883,0.1289251148700714,0.8522953987121582,0.5771154165267944
YDR167W,YOL009C,0,2.3012238,0.12890565395355225,0.8522953987121582,0.5772154331207275
YJL208C,YBL030C,0,2.3006434,0.12888620793819427,0.8522953987121582,0.5773154497146606
YLL001W,YOR288C,0,2.2998242,0.1288667619228363,0.8522953987121582,0.5774154663085938
YCL050C,YJL098W,0,2.2997594,0.12884731590747833,0.8522953987121582,0.5775154829025269
YDR116C,YOR244W,0,2.2997255,0.12882788479328156,0.8522953987121582,0.57761549949646
YOR176W,YGL031C,0,2.299334,0.12880845367908478,0.8522953987121582,0.5777155160903931
YLR194C,YBR169C,0,2.299121,0.128789022564888,0.8522953987121582,0.577815592288971
YNL026W,YHR133C,0,2.2988095,0.12876960635185242,0.8522953987121582,0.577915608882904
YPR036W,YKL078W,0,2.298314,0.12875019013881683,0.8522953987121582,0.5780156254768372
YMR033W,YGL157W,0,2.2977257,0.12873077392578125,0.8522953987121582,0.5781156420707703
YMR307W,YDR387C,0,2.2973163,0.12871137261390686,0.8522953987121582,0.5782156586647034
YAL041W,YER137C,0,2.297108,0.12869198620319366,0.8522953987121582,0.5783156752586365
YOR278W,YJL109C,0,2.2967787,0.12867259979248047,0.8522953987121582,0.5784156918525696
YCL050C,YJR151C,0,2.296448,0.12865321338176727,0.8522953987121582,0.5785157084465027
YBR021W,YCR073C,1,2.296217,0.12878446280956268,0.8532934188842773,0.5785157084465027
YKR053C,YDR246W,0,2.2957425,0.1287650614976883,0.8532934188842773,0.5786157250404358
YDL164C,YEL048C,0,2.2954133,0.1287456750869751,0.8532934188842773,0.5787157416343689
YDR254W,YIL017W,0,2.295322,0.1287262886762619,0.8532934188842773,0.578815758228302
YGR204W,YGL058W,0,2.2951617,0.1287069022655487,0.8532934188842773,0.5789157748222351
YOL067C,YPL145C,0,2.295133,0.1286875307559967,0.8532934188842773,0.5790157914161682
YJL174W,YPL006W,0,2.2948833,0.1286681741476059,0.8532934188842773,0.5791158080101013
YOL107W,YDR004W,0,2.294771,0.1286488175392151,0.8532934188842773,0.5792158246040344
YBR105C,YLR090W,0,2.2947323,0.12862946093082428,0.8532934188842773,0.5793158411979675
YGL174W,YGR193C,0,2.294448,0.12861010432243347,0.8532934188842773,0.5794158577919006
YKR068C,YDR044W,0,2.2934966,0.12859076261520386,0.8532934188842773,0.5795158743858337
YBR045C,YHR167W,0,2.2930517,0.12857143580913544,0.8532934188842773,0.5796159505844116
YER055C,YNL136W,0,2.29276,0.12855209410190582,0.8532934188842773,0.5797159671783447
YAL003W,YFR037C,0,2.2923083,0.1285327672958374,0.8532934188842773,0.5798159837722778
YML116W,YNR015W,0,2.2917976,0.12851345539093018,0.8532934188842773,0.5799160003662109
YNL310C,YGR255C,0,2.2916539,0.12849414348602295,0.8532934188842773,0.580016016960144
YOR019W,YMR208W,0,2.2901356,0.12847483158111572,0.8532934188842773,0.5801160335540771
YJL082W,YFL033C,0,2.2899508,0.1284555345773697,0.8532934188842773,0.5802160501480103
YLL003W,YJR058C,0,2.2899275,0.12843623757362366,0.8532934188842773,0.5803160667419434
YGR253C,YAL022C,0,2.2896953,0.12841694056987762,0.8532934188842773,0.5804160833358765
YOR194C,YDL006W,0,2.2890735,0.12839765846729279,0.8532934188842773,0.5805160999298096
YER007W,YNL068C,0,2.289001,0.12837837636470795,0.8532934188842773,0.5806161165237427
YIL173W,YJR089W,0,2.28873,0.1283591091632843,0.8532934188842773,0.5807161331176758
YDR407C,YPL036W,0,2.2885036,0.12833984196186066,0.8532934188842773,0.5808161497116089
YFL011W,YHR135C,0,2.2883465,0.128320574760437,0.8532934188842773,0.580916166305542
YCR020C,YMR080C,0,2.288192,0.12830132246017456,0.8532934188842773,0.5810161828994751
YOR346W,YHR072W-A,1,2.2880983,0.12843210995197296,0.8542914390563965,0.5810161828994751
YPL098C,YPR035W,0,2.287622,0.12841284275054932,0.8542914390563965,0.5811161994934082
YER056C,YDR227W,0,2.2870994,0.12839357554912567,0.8542914390563965,0.5812162160873413
YLR016C,YMR156C,0,2.2869072,0.12837432324886322,0.8542914390563965,0.5813162922859192
YDR218C,YPR091C,0,2.2866268,0.12835507094860077,0.8542914390563965,0.5814163088798523
YML112W,YPR022C,1,2.2857249,0.1284857541322708,0.8552893996238708,0.5814163088798523
YDR087C,YPL013C,0,2.2850006,0.12846650183200836,0.8552893996238708,0.5815163254737854
YOL107W,YGR193C,0,2.2844932,0.1284472495317459,0.8552893996238708,0.5816163420677185
YGL191W,YNL101W,0,2.2830746,0.12842799723148346,0.8552893996238708,0.5817163586616516
YJR082C,YHR004C,0,2.282849,0.128408744931221,0.8552893996238708,0.5818163752555847
YPR063C,YDL227C,0,2.2827535,0.12838950753211975,0.8552893996238708,0.5819163918495178
YLR134W,YKL028W,0,2.2825124,0.1283702850341797,0.8552893996238708,0.5820164084434509
YLR287C-A,YCR039C,0,2.2820957,0.12835106253623962,0.8552893996238708,0.582116425037384
YBR003W,YBR096W,0,2.2820368,0.12833184003829956,0.8552893996238708,0.5822164416313171
YMR114C,YJR127C,0,2.281849,0.1283126175403595,0.8552893996238708,0.5823164582252502
YER060W-A,YGL063W,1,2.2816782,0.12844310700893402,0.85628741979599,0.5823164582252502
YPL061W,YGL092W,0,2.281256,0.12842388451099396,0.85628741979599,0.5824164748191833
YDL139C,YBR231C,0,2.280728,0.1284046620130539,0.85628741979599,0.5825164914131165
YNL221C,YKL173W,0,2.2804132,0.12838545441627502,0.85628741979599,0.5826165080070496
YIL009W,YFR024C-A,0,2.2803884,0.12836624681949615,0.85628741979599,0.5827165246009827
YOR310C,YMR182C,0,2.2803771,0.12834703922271729,0.85628741979599,0.5828165411949158
YOR357C,YBR162W-A,0,2.2794037,0.1283278465270996,0.85628741979599,0.5829165577888489
YOR036W,YEL040W,0,2.278891,0.12830865383148193,0.85628741979599,0.583016574382782
YGL014W,YHR193C,0,2.278706,0.12828947603702545,0.85628741979599,0.5831166505813599
YNL122C,YGR094W,0,2.2777572,0.12827029824256897,0.85628741979599,0.583216667175293
YML045W,YGR185C,0,2.2774537,0.1282511204481125,0.85628741979599,0.5833166837692261
YBR238C,YLR024C,0,2.2773204,0.1282319575548172,0.85628741979599,0.5834167003631592
YPL155C,YNL194C,0,2.276928,0.1282127946615219,0.85628741979599,0.5835167169570923
YDL129W,YER148W,1,2.276721,0.12834304571151733,0.8572854399681091,0.5835167169570923
YKL088W,YOR224C,1,2.2765427,0.12847326695919037,0.8582834601402283,0.5835167169570923
YKL090W,YER070W,0,2.2761393,0.1284540742635727,0.8582834601402283,0.5836167335510254
YML047C,YJR127C,0,2.2760463,0.12843488156795502,0.8582834601402283,0.5837167501449585
YPL274W,YCR028C,0,2.2759159,0.12841570377349854,0.8582834601402283,0.5838167667388916
YBR271W,YDR524C,0,2.2756455,0.12839654088020325,0.8582834601402283,0.5839167833328247
YBR090C-A,YCL050C,0,2.2751775,0.12837736308574677,0.8582834601402283,0.5840167999267578
YOR357C,YLR440C,0,2.2750046,0.12835821509361267,0.8582834601402283,0.5841168165206909
YKL141W,YLR466W,0,2.2737885,0.12833905220031738,0.8582834601402283,0.584216833114624
YGR262C,YHR005C,0,2.2729785,0.1283199042081833,0.8582834601402283,0.5843168497085571
YDR451C,YFL011W-A,0,2.2715144,0.1283007562160492,0.8582834601402283,0.5844168663024902
YIL156W,YJL052W,0,2.2713845,0.1282816231250763,0.8582834601402283,0.5845168828964233
YDR423C,YDL115C,0,2.2710662,0.1282624900341034,0.8582834601402283,0.5846168994903564
YGL198W,YOL002C,0,2.2710588,0.1282433569431305,0.8582834601402283,0.5847169160842896
YJL153C,YLR189C,0,2.2698874,0.1282242387533188,0.8582834601402283,0.5848169922828674
YKL174C,YDR082W,0,2.2691464,0.12820513546466827,0.8582834601402283,0.5849170088768005
YOR381W,YLR383W,0,2.269085,0.12818601727485657,0.8582834601402283,0.5850170254707336
YOR092W,YBL064C,0,2.268676,0.12816691398620605,0.8582834601402283,0.5851170420646667
YMR086W,YIL111W,0,2.2686024,0.12814781069755554,0.8582834601402283,0.5852170586585999
YLR329W,YGL112C,0,2.2681928,0.12812872231006622,0.8582834601402283,0.585317075252533
YLL040C,YOR349W,0,2.2681422,0.1281096339225769,0.8582834601402283,0.5854170918464661
YLR293C,YMR112C,0,2.2675054,0.12809056043624878,0.8582834601402283,0.5855171084403992
YNL138W,YDR075W,0,2.2674186,0.12807148694992065,0.8582834601402283,0.5856171250343323
YKR009C,YDR497C,0,2.2666445,0.12805241346359253,0.8582834601402283,0.5857171416282654
YPR154W,YDR449C,0,2.2664218,0.1280333548784256,0.8582834601402283,0.5858171582221985
YGR262C,YJL057C,0,2.2663586,0.12801429629325867,0.8582834601402283,0.5859171748161316
YKL109W,YML081W,0,2.2659159,0.12799523770809174,0.8582834601402283,0.5860171914100647
YBR021W,YEL016C,1,2.2655168,0.12812499701976776,0.8592814207077026,0.5860171914100647
YHL026C,YPL258C,0,2.2647352,0.12810593843460083,0.8592814207077026,0.5861172080039978
YMR297W,YDR448W,0,2.264634,0.1280868798494339,0.8592814207077026,0.5862172245979309
YML112W,YEL016C,1,2.2644467,0.12821656465530396,0.8602794408798218,0.5862172245979309
YGL004C,YGL194C,0,2.2639074,0.12819750607013702,0.8602794408798218,0.586317241191864
YML030W,YGL162W,0,2.2638736,0.1281784325838089,0.8602794408798218,0.5864172577857971
YPR068C,YLR204W,0,2.2635376,0.12815938889980316,0.8602794408798218,0.5865172743797302
YGL136C,YLR147C,0,2.2623022,0.12814033031463623,0.8602794408798218,0.5866173505783081
YBL030C,YLR040C,0,2.2615952,0.1281212866306305,0.8602794408798218,0.5867173671722412
YHR122W,YDL180W,0,2.2611423,0.12810224294662476,0.8602794408798218,0.5868173837661743
YLR194C,YNL079C,0,2.2610857,0.1280832141637802,0.8602794408798218,0.5869174003601074
YKL013C,YAL062W,0,2.2609627,0.12806418538093567,0.8602794408798218,0.5870174169540405
YFR024C,YPR132W,0,2.259563,0.12804515659809113,0.8602794408798218,0.5871174335479736
YCR040W,YGL226W,0,2.2594032,0.12802614271640778,0.8602794408798218,0.5872174501419067
YHR129C,YER174C,0,2.2593226,0.12800712883472443,0.8602794408798218,0.5873174667358398
YDR436W,YPR098C,0,2.259026,0.12798811495304108,0.8602794408798218,0.587417483329773
YBR286W,YDR383C,0,2.25813,0.12796911597251892,0.8602794408798218,0.587517499923706
YNL065W,YCL075W,0,2.2577248,0.12795013189315796,0.8602794408798218,0.5876175165176392
YKR059W,YPR055W,0,2.2571294,0.1279311329126358,0.8602794408798218,0.5877175331115723
YGL191W,YLR086W,0,2.2568166,0.12791214883327484,0.8602794408798218,0.5878175497055054
YNL190W,YDR434W,0,2.256774,0.12789317965507507,0.8602794408798218,0.5879175662994385
YLR223C,YKL180W,0,2.2566872,0.1278741955757141,0.8602794408798218,0.5880175828933716
YDL007W,YOR215C,0,2.2563238,0.12785524129867554,0.8602794408798218,0.5881175994873047
YPL120W,YOL007C,0,2.256175,0.12783627212047577,0.8602794408798218,0.5882176160812378
YBR015C,YMR035W,0,2.25611,0.1278173178434372,0.8602794408798218,0.5883176922798157
YOR383C,YFL056C,0,2.255725,0.12779836356639862,0.8602794408798218,0.5884177088737488
YNL070W,YOR132W,0,2.2556386,0.12777942419052124,0.8602794408798218,0.5885177254676819
YKL141W,YDR503C,0,2.2555819,0.12776048481464386,0.8602794408798218,0.588617742061615
YKL079W,YJL172W,0,2.2549558,0.12774156033992767,0.8602794408798218,0.5887177586555481
YKR062W,YMR117C,0,2.254458,0.1277226209640503,0.8602794408798218,0.5888177752494812
YCL074W,YHR006W,0,2.2543578,0.1277036964893341,0.8602794408798218,0.5889177918434143
YNL246W,YJL136C,0,2.253195,0.1276847869157791,0.8602794408798218,0.5890178084373474
YLR430W,YBR009C,0,2.2530103,0.12766587734222412,0.8602794408798218,0.5891178250312805
YML112W,YBL025W,1,2.2528882,0.1277950555086136,0.8612774610519409,0.5891178250312805
YDL055C,YLR321C,0,2.252778,0.1277761310338974,0.8612774610519409,0.5892178416252136
YNL208W,YPR125W,0,2.252355,0.1277572214603424,0.8612774610519409,0.5893178582191467
YHR209W,YEL056W,0,2.2521205,0.12773831188678741,0.8612774610519409,0.5894178748130798
YLR299W,YDR490C,0,2.2517653,0.12771940231323242,0.8612774610519409,0.5895178914070129
YGR169C,YDL142C,0,2.2517378,0.12770050764083862,0.8612774610519409,0.589617908000946
YAL059W,YPR119W,0,2.251648,0.12768161296844482,0.8612774610519409,0.5897179245948792
YDR168W,YMR034C,0,2.250764,0.12766271829605103,0.8612774610519409,0.5898179411888123
YKL088W,YJR063W,1,2.2506075,0.12779174745082855,0.8622754216194153,0.5898179411888123
YGR089W,YKL082C,0,2.2503867,0.12777285277843475,0.8622754216194153,0.5899179577827454
YLR417W,YDR429C,0,2.2494829,0.12775395810604095,0.8622754216194153,0.5900179743766785
YIL002C,YCL029C,0,2.2489974,0.12773506343364716,0.8622754216194153,0.5901180505752563
YLR429W,YOR048C,0,2.24864,0.12771618366241455,0.8622754216194153,0.5902180671691895
YMR311C,YOR157C,0,2.2486095,0.12769730389118195,0.8622754216194153,0.5903180837631226
YFL014W,YOL144W,0,2.2484255,0.12767843902111053,0.8622754216194153,0.5904181003570557
YOL020W,YKR007W,0,2.2465153,0.12765957415103912,0.8622754216194153,0.5905181169509888
YKL124W,YDR387C,0,2.2464504,0.1276407092809677,0.8622754216194153,0.5906181335449219
YCL075W,YCR106W,0,2.2463613,0.1276218593120575,0.8622754216194153,0.590718150138855
YEL012W,YJL212C,0,2.2459946,0.12760300934314728,0.8622754216194153,0.5908181667327881
YLR371W,YLR189C,0,2.24564,0.12758417427539825,0.8622754216194153,0.5909181833267212
YLL014W,YLR385C,0,2.2446237,0.12756533920764923,0.8622754216194153,0.5910181999206543
YBR049C,YER137C,1,2.243977,0.12769412994384766,0.8632734417915344,0.5910181999206543
YGL067W,YOR063W,0,2.2432237,0.12767527997493744,0.8632734417915344,0.5911182165145874
YGR020C,YKR048C,0,2.2429554,0.12765643000602722,0.8632734417915344,0.5912182331085205
YFR006W,YDR213W,0,2.2427766,0.1276375949382782,0.8632734417915344,0.5913182497024536
YGL259W,YNL132W,0,2.2424004,0.12761875987052917,0.8632734417915344,0.5914182662963867
YNL330C,YHL006C,0,2.2416282,0.12759993970394135,0.8632734417915344,0.5915182828903198
YCL052C,YNR038W,0,2.2413678,0.12758111953735352,0.8632734417915344,0.5916182994842529
YLR074C,YMR163C,0,2.2409825,0.12756229937076569,0.8632734417915344,0.591718316078186
YPL126W,YGR272C,1,2.240821,0.12769094109535217,0.8642714619636536,0.591718316078186
YLR343W,YLR224W,0,2.2407002,0.12767212092876434,0.8642714619636536,0.5918183922767639
YIL095W,YNL309W,0,2.2406316,0.1276533007621765,0.8642714619636536,0.591918408870697
YBL058W,YNL259C,0,2.2406006,0.12763448059558868,0.8642714619636536,0.5920184254646301
YGR055W,YJR004C,0,2.2400517,0.12761567533016205,0.8642714619636536,0.5921184420585632
YML039W,YJL029C,0,2.2398343,0.1275968700647354,0.8642714619636536,0.5922184586524963
YHR073W,YMR037C,0,2.2393465,0.12757807970046997,0.8642714619636536,0.5923184752464294
YER023W,YPL038W,0,2.2387886,0.12755928933620453,0.8642714619636536,0.5924184918403625
YOR158W,YBR114W,0,2.2385006,0.1275404989719391,0.8642714619636536,0.5925185084342957
YKR101W,YBR170C,0,2.2382648,0.12752172350883484,0.8642714619636536,0.5926185250282288
YOR348C,YNL024C,0,2.237999,0.1275029480457306,0.8642714619636536,0.5927185416221619
YPL195W,YLR260W,0,2.237969,0.12748417258262634,0.8642714619636536,0.592818558216095
YCR014C,YJL191W,0,2.2370744,0.1274654120206833,0.8642714619636536,0.5929185748100281
YFL061W,YPL133C,0,2.2360418,0.12744665145874023,0.8642714619636536,0.5930185914039612
YER120W,YMR055C,0,2.23566,0.12742790579795837,0.8642714619636536,0.5931186079978943
YMR246W,YBL028C,0,2.2348485,0.12740914523601532,0.8642714619636536,0.5932186245918274
YDR080W,YOL135C,0,2.2325392,0.12739041447639465,0.8642714619636536,0.5933186411857605
YBR033W,YMR314W,0,2.2323651,0.1273716688156128,0.8642714619636536,0.5934186577796936
YJL181W,YGR030C,0,2.2315354,0.12735293805599213,0.8642714619636536,0.5935186743736267
YCL018W,YNL322C,0,2.2313333,0.12733422219753265,0.8642714619636536,0.5936187505722046
YKL125W,YML112W,1,2.2310922,0.1274625062942505,0.8652694821357727,0.5936187505722046
YJL208C,YBR118W,0,2.2310781,0.12744377553462982,0.8652694821357727,0.5937187671661377
YJL012C,YEL001C,0,2.2299266,0.12742504477500916,0.8652694821357727,0.5938187837600708
YNL268W,YDL209C,0,2.2297287,0.1274063140153885,0.8652694821357727,0.5939188003540039
YDR469W,YOL018C,0,2.229689,0.12738759815692902,0.8652694821357727,0.594018816947937
YCR021C,YER184C,0,2.229478,0.12736888229846954,0.8652694821357727,0.5941188335418701
YIL035C,YER137C,1,2.2289724,0.12749706208705902,0.8662674427032471,0.5941188335418701
YHR204W,YGR174C,0,2.2278144,0.12747833132743835,0.8662674427032471,0.5942188501358032
YIL030C,YNL318C,0,2.2277322,0.12745961546897888,0.8662674427032471,0.5943188667297363
YLR312W-A,YIL064W,0,2.2275229,0.1274408996105194,0.8662674427032471,0.5944188833236694
YMR262W,YBL112C,0,2.2270732,0.12742219865322113,0.8662674427032471,0.5945188999176025
YDR436W,YLR026C,0,2.226912,0.12740349769592285,0.8662674427032471,0.5946189165115356
YJR078W,YLR313C,0,2.226782,0.12738479673862457,0.8662674427032471,0.5947189331054688
YNL335W,YOR217W,0,2.2260578,0.1273661106824875,0.8662674427032471,0.5948189496994019
YOR194C,YML095C,0,2.224981,0.1273474246263504,0.8662674427032471,0.594918966293335
YEL005C,YDL035C,0,2.2247024,0.12732873857021332,0.8662674427032471,0.5950189828872681
YMR270C,YMR075W,0,2.2243528,0.12731006741523743,0.8662674427032471,0.5951189994812012
YFL018W-A,YOR264W,0,2.2239528,0.12729139626026154,0.8662674427032471,0.5952190160751343
YPL207W,YOL096C,0,2.2239246,0.12727272510528564,0.8662674427032471,0.5953190922737122
YJL206C,YNL339C,0,2.2235463,0.12725406885147095,0.8662674427032471,0.5954191088676453
YPR191W,YDL144C,0,2.2234745,0.12723541259765625,0.8662674427032471,0.5955191254615784
YNL059C,YBR241C,0,2.2234533,0.12721677124500275,0.8662674427032471,0.5956191420555115
YML081W,YMR112C,0,2.2231843,0.12719812989234924,0.8662674427032471,0.5957191586494446
YER161C,YGR086C,0,2.2230148,0.12717948853969574,0.8662674427032471,0.5958191752433777
YGR009C,YKL158W,0,2.222227,0.12716086208820343,0.8662674427032471,0.5959191918373108
YJL166W,YIL177C,0,2.2221708,0.12714223563671112,0.8662674427032471,0.5960192084312439
YFR045W,YCR091W,0,2.2221498,0.1271236091852188,0.8662674427032471,0.596119225025177
YOR147W,YJL225C,0,2.2218142,0.1271049976348877,0.8662674427032471,0.5962192416191101
YJR132W,YDR204W,0,2.2213397,0.12708638608455658,0.8662674427032471,0.5963192582130432
YOR075W,YBR175W,0,2.2209275,0.12706777453422546,0.8662674427032471,0.5964192748069763
YLL038C,YHR179W,0,2.2200308,0.12704917788505554,0.8662674427032471,0.5965192914009094
YHL012W,YKL134C,0,2.2198539,0.12703058123588562,0.8662674427032471,0.5966193079948425
YLR039C,YPR159W,0,2.21918,0.1270119994878769,0.8662674427032471,0.5967193245887756
YMR143W,YHR077C,0,2.2184985,0.12699341773986816,0.8662674427032471,0.5968193411827087
YPL154C,YDR365C,0,2.218449,0.12697483599185944,0.8662674427032471,0.5969193577766418
YOL090W,YKL218C,0,2.2182581,0.1269562691450119,0.8662674427032471,0.597019374370575
YBR214W,YMR152W,0,2.2182484,0.12693770229816437,0.8662674427032471,0.5971194505691528
YIR014W,YJL085W,0,2.2182333,0.12691913545131683,0.8662674427032471,0.5972194671630859
YDR512C,YLR189C,0,2.2182255,0.1269005835056305,0.8662674427032471,0.597319483757019
YHR044C,YOR084W,0,2.217355,0.12688203155994415,0.8662674427032471,0.5974195003509521
YIL155C,YDR381W,0,2.2171159,0.126863494515419,0.8662674427032471,0.5975195169448853
YOR131C,YMR168C,0,2.2162552,0.12684495747089386,0.8662674427032471,0.5976195335388184
YNR061C,YJL078C,0,2.215835,0.1268264204263687,0.8662674427032471,0.5977195501327515
YLR333C,YJL176C,0,2.2158206,0.12680788338184357,0.8662674427032471,0.5978195667266846
YDL105W,YDR263C,0,2.2157674,0.12678936123847961,0.8662674427032471,0.5979195833206177
YFR019W,YBR034C,0,2.214454,0.12677085399627686,0.8662674427032471,0.5980195999145508
YBR196C,YJR102C,0,2.2131267,0.1267523318529129,0.8662674427032471,0.5981196165084839
YGL106W,YLR151C,0,2.2126663,0.12673382461071014,0.8662674427032471,0.598219633102417
YDR262W,YNL335W,0,2.2126455,0.12671533226966858,0.8662674427032471,0.5983196496963501
YGL253W,YGL025C,0,2.2125568,0.12669683992862701,0.8662674427032471,0.5984196662902832
YLL038C,YNL192W,0,2.212145,0.12667834758758545,0.8662674427032471,0.5985196828842163
YGL107C,YLR364W,0,2.2104592,0.12665985524654388,0.8662674427032471,0.5986196994781494
YOL145C,YOR270C,0,2.2102532,0.1266413778066635,0.8662674427032471,0.5987197160720825
YMR261C,YPR035W,0,2.210194,0.12662290036678314,0.8662674427032471,0.5988197922706604
YIR037W,YGR282C,0,2.208594,0.12660443782806396,0.8662674427032471,0.5989198088645935
YLR441C,YDR092W,0,2.2081065,0.1265859752893448,0.8662674427032471,0.5990198254585266
YMR172W,YLR175W,0,2.2073524,0.1265675127506256,0.8662674427032471,0.5991198420524597
YPR035W,YGL240W,0,2.2069929,0.12654906511306763,0.8662674427032471,0.5992198586463928
YJR013W,YLR096W,0,2.206965,0.12653061747550964,0.8662674427032471,0.5993198752403259
YPR156C,YBR128C,0,2.2066402,0.12651216983795166,0.8662674427032471,0.599419891834259
YDL245C,YHR001W-A,0,2.2065506,0.12649373710155487,0.8662674427032471,0.5995199084281921
YPL276W,YGR214W,0,2.20639,0.12647530436515808,0.8662674427032471,0.5996199250221252
YJR033C,YDR369C,0,2.2062511,0.1264568716287613,0.8662674427032471,0.5997199416160583
YHR117W,YPL027W,0,2.2057061,0.1264384537935257,0.8662674427032471,0.5998199582099915
YMR241W,YGR086C,0,2.2054737,0.1264200359582901,0.8662674427032471,0.5999199748039246
YDR430C,YKR090W,0,2.2051666,0.1264016330242157,0.8662674427032471,0.6000199913978577
YML005W,YPR152C,0,2.204127,0.1263832300901413,0.8662674427032471,0.6001200079917908
YLR246W,YDR076W,0,2.2034523,0.1263648271560669,0.8662674427032471,0.6002200245857239
YDR424C,YEL027W,0,2.2033541,0.1263464391231537,0.8662674427032471,0.600320041179657
YGR185C,YIL035C,0,2.2028227,0.12632805109024048,0.8662674427032471,0.6004200577735901
YHR168W,YPR055W,0,2.2028136,0.12630966305732727,0.8662674427032471,0.6005200743675232
YOR004W,YBL010C,0,2.2021306,0.12629128992557526,0.8662674427032471,0.6006201505661011
YML030W,YGL172W,0,2.2015703,0.12627291679382324,0.8662674427032471,0.6007201671600342
YNL183C,YPL004C,0,2.200676,0.12625454366207123,0.8662674427032471,0.6008201837539673
YJR022W,YBR005W,0,2.200377,0.1262361854314804,0.8662674427032471,0.6009202003479004
YCL069W,YOR080W,0,2.200151,0.1262178272008896,0.8662674427032471,0.6010202169418335
YDL202W,YHR106W,0,2.2000039,0.12619948387145996,0.8662674427032471,0.6011202335357666
YJL171C,YNL191W,0,2.1998959,0.12618112564086914,0.8662674427032471,0.6012202501296997
YDL003W,YKL135C,0,2.1996353,0.1261627972126007,0.8662674427032471,0.6013202667236328
YDR160W,YCR058C,0,2.1991668,0.12614445388317108,0.8662674427032471,0.6014202833175659
YIL014W,YLR286C,0,2.1991396,0.12612612545490265,0.8662674427032471,0.601520299911499
YGR189C,YKL210W,0,2.1989663,0.12610779702663422,0.8662674427032471,0.6016203165054321
YDL015C,YJR015W,0,2.198348,0.12608948349952698,0.8662674427032471,0.6017203330993652
YMR229C,YBR058C,0,2.198232,0.12607116997241974,0.8662674427032471,0.6018203496932983
YGR272C,YHR099W,1,2.1981153,0.12619808316230774,0.8672654628753662,0.6018203496932983
YKL154W,YPR204W,0,2.1977177,0.1261797547340393,0.8672654628753662,0.6019203662872314
YLR224W,YER171W,0,2.1975787,0.12616144120693207,0.8672654628753662,0.6020203828811646
YMR017W,YOR157C,0,2.1966238,0.12614312767982483,0.8672654628753662,0.6021203994750977
YCL012W,YDR454C,0,2.1962242,0.1261248141527176,0.8672654628753662,0.6022204160690308
YBR188C,YMR176W,0,2.1953945,0.12610651552677155,0.8672654628753662,0.6023204922676086
YLR352W,YKL181W,0,2.1950238,0.1260882169008255,0.8672654628753662,0.6024205088615417
YOR237W,YNR010W,0,2.193713,0.12606993317604065,0.8672654628753662,0.6025205254554749
YJL140W,YPR011C,0,2.193369,0.1260516345500946,0.8672654628753662,0.602620542049408
YFL029C,YLR414C,0,2.1921554,0.12603335082530975,0.8672654628753662,0.6027205586433411
YDR444W,YMR123W,0,2.1917448,0.1260150820016861,0.8672654628753662,0.6028205752372742
YLR118C,YMR152W,0,2.191533,0.12599681317806244,0.8672654628753662,0.6029205918312073
YNR031C,YJL114W,0,2.1909006,0.12597854435443878,0.8672654628753662,0.6030206084251404
YGR271W,YDR093W,0,2.190728,0.12596029043197632,0.8672654628753662,0.6031206250190735
YFL011W,YDL243C,0,2.1895466,0.12594202160835266,0.8672654628753662,0.6032206416130066
YER174C,YMR240C,0,2.1890278,0.1259237825870514,0.8672654628753662,0.6033206582069397
YDR127W,YMR235C,0,2.1888742,0.12590552866458893,0.8672654628753662,0.6034206748008728
YJL117W,YHR146W,0,2.1888711,0.12588728964328766,0.8672654628753662,0.6035206913948059
YPL154C,YGR024C,0,2.187758,0.12586906552314758,0.8672654628753662,0.603620707988739
YNL133C,YPL150W,0,2.1874828,0.1258508265018463,0.8672654628753662,0.6037207245826721
YFR045W,YOR219C,0,2.1867437,0.12583260238170624,0.8672654628753662,0.6038207411766052
YBR272C,YML088W,0,2.1861238,0.12581439316272736,0.8672654628753662,0.6039207577705383
YGL060W,YJL056C,0,2.185833,0.12579618394374847,0.8672654628753662,0.6040207743644714
YDL082W,YBR233W-A,0,2.1855693,0.1257779747247696,0.8672654628753662,0.6041208505630493
YOR347C,YAL060W,0,2.1846416,0.1257597655057907,0.8672654628753662,0.6042208671569824
YPR187W,YKL085W,0,2.1844623,0.12574157118797302,0.8672654628753662,0.6043208837509155
YGR245C,YIL068C,0,2.184083,0.12572337687015533,0.8672654628753662,0.6044209003448486
YBL082C,YNL166C,0,2.1840434,0.12570519745349884,0.8672654628753662,0.6045209169387817
YDL142C,YMR298W,0,2.18404,0.12568701803684235,0.8672654628753662,0.6046209335327148
YPL121C,YHR024C,0,2.183578,0.12566883862018585,0.8672654628753662,0.604720950126648
YPR128C,YGR060W,0,2.183371,0.12565065920352936,0.8672654628753662,0.604820966720581
YER002W,YIL160C,0,2.183271,0.12563249468803406,0.8672654628753662,0.6049209833145142
YBR291C,YOR322C,0,2.1826582,0.12561434507369995,0.8672654628753662,0.6050209999084473
YJR084W,YGL112C,0,2.182613,0.12559618055820465,0.8672654628753662,0.6051210165023804
YHR160C,YFR027W,0,2.182104,0.12557803094387054,0.8672654628753662,0.6052210330963135
YGR009C,YGR165W,0,2.1816425,0.12555989623069763,0.8672654628753662,0.6053210496902466
YLR246W,YBR177C,0,2.181247,0.12554174661636353,0.8672654628753662,0.6054210662841797
YOL066C,YHR139C,0,2.180985,0.1255236119031906,0.8672654628753662,0.6055210828781128
YMR250W,YOR251C,0,2.180448,0.1255054920911789,0.8672654628753662,0.6056210994720459
YPL141C,YPR055W,0,2.179695,0.12548735737800598,0.8672654628753662,0.605721116065979
YER055C,YOL072W,0,2.1796217,0.12546925246715546,0.8672654628753662,0.6058211922645569
YLR381W,YML096W,0,2.1793468,0.12545113265514374,0.8672654628753662,0.60592120885849
YER103W,YPL188W,0,2.1792133,0.1254330277442932,0.8672654628753662,0.6060212254524231
YOL116W,YER104W,0,2.1792119,0.1254149228334427,0.8672654628753662,0.6061212420463562
YHR158C,YDL195W,0,2.1787977,0.12539683282375336,0.8672654628753662,0.6062212586402893
YPL218W,YKL195W,0,2.1785922,0.12537872791290283,0.8672654628753662,0.6063212752342224
YHR023W,YJR021C,0,2.178282,0.1253606528043747,0.8672654628753662,0.6064212918281555
YLR139C,YGL061C,0,2.1779556,0.12534256279468536,0.8672654628753662,0.6065213084220886
YPR096C,YOR386W,0,2.177737,0.12532448768615723,0.8672654628753662,0.6066213250160217
YDR166C,YJR026W,0,2.1773722,0.1253064125776291,0.8672654628753662,0.6067213416099548
YJL208C,YMR143W,0,2.1773534,0.12528835237026215,0.8672654628753662,0.6068213582038879
YDR380W,YJR147W,0,2.176313,0.1252702921628952,0.8672654628753662,0.606921374797821
YLR363C,YDR424C,0,2.176119,0.12525223195552826,0.8672654628753662,0.6070213913917542
YKL010C,YOR069W,0,2.1757092,0.1252341866493225,0.8672654628753662,0.6071214079856873
YFL014W,YKL064W,0,2.1756525,0.12521614134311676,0.8672654628753662,0.6072214245796204
YNR038W,YER090W,0,2.175289,0.125198096036911,0.8672654628753662,0.6073214411735535
YPL280W,YML004C,0,2.1749578,0.12518006563186646,0.8672654628753662,0.6074214577674866
YIL173W,YAL062W,0,2.1748705,0.1251620352268219,0.8672654628753662,0.6075215339660645
YIL136W,YMR176W,0,2.1748266,0.12514400482177734,0.8672654628753662,0.6076215505599976
YOL104C,YMR184W,0,2.1744673,0.12512598931789398,0.8672654628753662,0.6077215671539307
YNL166C,YDR518W,0,2.1744542,0.12510797381401062,0.8672654628753662,0.6078215837478638
YJL080C,YDR453C,0,2.1741915,0.12508997321128845,0.8672654628753662,0.6079216003417969
YOR340C,YKL088W,1,2.1741354,0.12521588802337646,0.8682634830474854,0.6079216003417969
YLR016C,YIL053W,0,2.1738951,0.1251978725194931,0.8682634830474854,0.60802161693573
YNL291C,YLR270W,0,2.1731896,0.12517985701560974,0.8682634830474854,0.6081216335296631
YIL034C,YDR145W,0,2.1729908,0.12516184151172638,0.8682634830474854,0.6082216501235962
YBR172C,YGR008C,0,2.1719995,0.1251438409090042,0.8682634830474854,0.6083216667175293
YBR185C,YGR006W,0,2.1715684,0.12512584030628204,0.8682634830474854,0.6084216833114624
YMR264W,YCR055C,0,2.171414,0.12510785460472107,0.8682634830474854,0.6085216999053955
YBR183W,YDL243C,0,2.1702075,0.1250898689031601,0.8682634830474854,0.6086217164993286
YMR005W,YNL095C,0,2.1691947,0.12507188320159912,0.8682634830474854,0.6087217330932617
YOR270C,YKL195W,0,2.1691923,0.12505389750003815,0.8682634830474854,0.6088217496871948
YBR286W,YCL047C,0,2.169087,0.12503592669963837,0.8682634830474854,0.6089217662811279
YBR010W,YDR196C,0,2.1688173,0.1250179558992386,0.8682634830474854,0.609021782875061
YMR228W,YBL072C,0,2.1681113,0.125,0.8682634830474854,0.6091217994689941
YDR263C,YPL097W,0,2.1680443,0.12498204410076141,0.8682634830474854,0.6092218160629272
YOR008C,YMR037C,0,2.1676393,0.12496408820152283,0.8682634830474854,0.6093218922615051
YPL049C,YDR363W-A,0,2.1670165,0.12494614720344543,0.8682634830474854,0.6094219088554382
YBR128C,YNL189W,0,2.1664217,0.12492819875478745,0.8682634830474854,0.6095219254493713
YDR457W,YMR035W,0,2.166358,0.12491026520729065,0.8682634830474854,0.6096219420433044
YDR512C,YIL068C,0,2.1663265,0.12489233165979385,0.8682634830474854,0.6097219586372375
YDR279W,YMR208W,0,2.1655223,0.12487440556287766,0.8682634830474854,0.6098219752311707
YMR193W,YBR142W,0,2.1651816,0.12485648691654205,0.8682634830474854,0.6099219918251038
YGL025C,YOR246C,0,2.1646779,0.12483856827020645,0.8682634830474854,0.6100220084190369
YGR101W,YDL081C,0,2.1646254,0.12482065707445145,0.8682634830474854,0.61012202501297
YER147C,YHR006W,0,2.1644402,0.12480275332927704,0.8682634830474854,0.6102220416069031
YNL015W,YLR301W,0,2.1642232,0.12478485703468323,0.8682634830474854,0.6103220582008362
YJR005W,YJR135C,0,2.1631987,0.12476696074008942,0.8682634830474854,0.6104220747947693
YGL137W,YBR172C,0,2.1629906,0.1247490644454956,0.8682634830474854,0.6105220913887024
YER140W,YLR419W,0,2.1624641,0.12473118305206299,0.8682634830474854,0.6106221079826355
YOL157C,YLR129W,0,2.1623316,0.12471330165863037,0.8682634830474854,0.6107221245765686
YBR294W,YDR364C,0,2.1622634,0.12469542771577835,0.8682634830474854,0.6108221411705017
YEL030W,YNR015W,0,2.1609797,0.12467756122350693,0.8682634830474854,0.6109221577644348
YER029C,YOL165C,0,2.160462,0.1246596947312355,0.8682634830474854,0.6110222339630127
YDL045W-A,YBR022W,0,2.1600785,0.12464183568954468,0.8682634830474854,0.6111222505569458
YMR043W,YGR116W,0,2.159083,0.12462397664785385,0.8682634830474854,0.6112222671508789
YNL006W,YEL040W,0,2.1581016,0.12460613250732422,0.8682634830474854,0.611322283744812
YLR050C,YBR241C,0,2.157832,0.12458828836679459,0.8682634830474854,0.6114223003387451
YPR001W,YNL288W,0,2.1574173,0.12457044422626495,0.8682634830474854,0.6115223169326782
YGL096W,YHR011W,0,2.1557384,0.12455261498689651,0.8682634830474854,0.6116223335266113
YBR037C,YNL282W,0,2.1551604,0.12453478574752808,0.8682634830474854,0.6117223501205444
YBR164C,YKR089C,0,2.1551294,0.12451695650815964,0.8682634830474854,0.6118223667144775
YFL035C-B,YMR233W,1,2.1537678,0.12464224547147751,0.8692615032196045,0.6118223667144775
YLR061W,YML116W,0,2.1526587,0.12462440878152847,0.8692615032196045,0.6119223833084106
YKL181W,YDR495C,0,2.1525722,0.12460657954216003,0.8692615032196045,0.6120223999023438
YPL049C,YLR025W,0,2.1523976,0.12458875775337219,0.8692615032196045,0.6121224164962769
YPR007C,YOR157C,0,2.1522462,0.12457093596458435,0.8692615032196045,0.61222243309021
YER007C-A,YMR226C,0,2.152101,0.1245531216263771,0.8692615032196045,0.6123224496841431
YGL115W,YIL125W,0,2.1517682,0.12453531473875046,0.8692615032196045,0.6124224662780762
YMR234W,YDR093W,0,2.1515217,0.1245175153017044,0.8692615032196045,0.6125224828720093
YFL035C-B,YJL109C,1,2.1514485,0.12464265525341034,0.8702594637870789,0.6125224828720093
YJR126C,YHR012W,0,2.1512966,0.1246248409152031,0.8702594637870789,0.6126224994659424
YDL117W,YPL103C,0,2.150961,0.12460703402757645,0.8702594637870789,0.6127225160598755
YPR180W,YCL061C,0,2.1504269,0.1245892271399498,0.8702594637870789,0.6128225922584534
YDR252W,YHR085W,0,2.1502266,0.12457142770290375,0.8702594637870789,0.6129226088523865
YNL052W,YLR170C,0,2.1495643,0.1245536357164383,0.8702594637870789,0.6130226254463196
YOR034C,YDR503C,0,2.1481369,0.12453584372997284,0.8702594637870789,0.6131226420402527
YDL018C,YJR140C,0,2.146523,0.12451806664466858,0.8702594637870789,0.6132226586341858
YNL085W,YGR084C,0,2.1462376,0.12450028210878372,0.8702594637870789,0.6133226752281189
YCR097WB,YGL126W,0,2.1458957,0.12448251247406006,0.8702594637870789,0.613422691822052
YJR066W,YPR187W,1,2.1457064,0.12460748106241226,0.871257483959198,0.613422691822052
YDR289C,YJL096W,0,2.1453977,0.1245896965265274,0.871257483959198,0.6135227084159851
YMR184W,YGL064C,0,2.144523,0.12457191944122314,0.871257483959198,0.6136227250099182
YLR163C,YNL135C,0,2.1443005,0.12455414235591888,0.871257483959198,0.6137227416038513
YAL023C,YDL038C,0,2.1441877,0.12453638017177582,0.871257483959198,0.6138227581977844
YOL056W,YMR166C,0,2.1429465,0.12451861053705215,0.871257483959198,0.6139227747917175
YLR044C,YLR164W,0,2.1425042,0.12450085580348969,0.871257483959198,0.6140227913856506
YJL081C,YBR048W,0,2.1423264,0.12448310106992722,0.871257483959198,0.6141228079795837
YHR070W,YOL098C,0,2.1421423,0.12446535378694534,0.871257483959198,0.6142228245735168
YGL171W,YLR090W,0,2.1416297,0.12444761395454407,0.871257483959198,0.61432284116745
YIL052C,YBR162W-A,0,2.1414433,0.12442987412214279,0.871257483959198,0.6144228577613831
YER154W,YER090W,0,2.1405604,0.12441214174032211,0.871257483959198,0.6145229339599609
YNL208W,YDR003W,0,2.1401672,0.12439441680908203,0.871257483959198,0.614622950553894
YPR043W,YKL059C,0,2.1399095,0.12437669187784195,0.871257483959198,0.6147229671478271
YMR205C,YBR175W,0,2.1396637,0.12435897439718246,0.871257483959198,0.6148229837417603
YNL092W,YJL041W,0,2.1395507,0.12434126436710358,0.871257483959198,0.6149230003356934
YDR005C,YPR080W,0,2.1392698,0.12432355433702469,0.871257483959198,0.6150230169296265
YMR022W,YLR131C,0,2.1389253,0.1243058517575264,0.871257483959198,0.6151230335235596
YBR095C,YDR359C,0,2.1387618,0.1242881566286087,0.871257483959198,0.6152230501174927
YBR092C,YJL176C,0,2.1386716,0.12427046149969101,0.871257483959198,0.6153230667114258
YEL032W,YBR149W,0,2.13836,0.12425277382135391,0.871257483959198,0.6154230833053589
YNL217W,YBL072C,0,2.1383162,0.12423509359359741,0.871257483959198,0.615523099899292
YLL027W,YLR209C,0,2.1378329,0.12421741336584091,0.871257483959198,0.6156231164932251
YBR090C-A,YIL130W,0,2.1377306,0.12419974058866501,0.871257483959198,0.6157231330871582
YIL037C,YLR105C,0,2.1377058,0.1241820752620697,0.871257483959198,0.6158231496810913
YDR109C,YKL129C,0,2.1375031,0.12416441738605499,0.871257483959198,0.6159231662750244
YFR024C-A,YGR167W,0,2.1373355,0.12414675951004028,0.871257483959198,0.6160231828689575
YFR005C,YJL003W,0,2.1370234,0.12412910908460617,0.871257483959198,0.6161231994628906
YJR005W,YER102W,0,2.1359096,0.12411145865917206,0.871257483959198,0.6162232160568237
YKL077W,YCL029C,0,2.1354666,0.12409381568431854,0.871257483959198,0.6163232922554016
YPR194C,YOR322C,0,2.1354022,0.12407618016004562,0.871257483959198,0.6164233088493347
YOL157C,YMR234W,0,2.134944,0.1240585446357727,0.871257483959198,0.6165233254432678
YBR072W,YIL013C,0,2.1333303,0.12404092401266098,0.871257483959198,0.6166233420372009
YBR267W,YDL206W,0,2.1312952,0.12402329593896866,0.871257483959198,0.616723358631134
YBR183W,YER129W,0,2.1311424,0.12400568276643753,0.871257483959198,0.6168233752250671
YDL008W,YML027W,0,2.131026,0.1239880695939064,0.871257483959198,0.6169233918190002
YPL051W,YKL139W,1,2.1308668,0.12411246448755264,0.8722555041313171,0.6169233918190002
YDR079W,YNL289W,0,2.1300516,0.12409484386444092,0.8722555041313171,0.6170234084129333
YNL084C,YPR006C,0,2.1293273,0.12407723069190979,0.8722555041313171,0.6171234250068665
YOR039W,YER081W,0,2.1291091,0.12405961751937866,0.8722555041313171,0.6172234416007996
YDR156W,YKL139W,1,2.1290922,0.12418393045663834,0.8732534646987915,0.6172234416007996
YER095W,YHR165C,0,2.1282911,0.12416630983352661,0.8732534646987915,0.6173234581947327
YDR296W,YBR168W,0,2.128108,0.12414869666099548,0.8732534646987915,0.6174234747886658
YFL035C-B,YOR061W,1,2.1279993,0.12427294999361038,0.8742514848709106,0.6174234747886658
YHR080C,YCL063W,0,2.1272182,0.12425532191991806,0.8742514848709106,0.6175234913825989
YJR052W,YER125W,0,2.1271408,0.12423769384622574,0.8742514848709106,0.617623507976532
YPL167C,YDL007W,0,2.1267295,0.12422008067369461,0.8742514848709106,0.6177235245704651
YOR363C,YNL259C,0,2.1264734,0.12420246750116348,0.8742514848709106,0.6178235411643982
YJL048C,YMR210W,0,2.1258326,0.12418486177921295,0.8742514848709106,0.6179235577583313
YMR143W,YPR067W,0,2.124638,0.12416725605726242,0.8742514848709106,0.6180236339569092
YDR077W,YER109C,0,2.12328,0.12414965778589249,0.8742514848709106,0.6181236505508423
YDL098C,YGR170W,0,2.1227393,0.12413206696510315,0.8742514848709106,0.6182236671447754
YOR291W,YDL082W,0,2.121267,0.12411448359489441,0.8742514848709106,0.6183236837387085
YGL062W,YER087C-B,0,2.1211195,0.12409690022468567,0.8742514848709106,0.6184237003326416
YBR129C,YDR262W,0,2.1210217,0.12407931685447693,0.8742514848709106,0.6185237169265747
YNL306W,YER007W,0,2.1209598,0.12406174838542938,0.8742514848709106,0.6186237335205078
YBR084W,YML095C,0,2.1206613,0.12404417991638184,0.8742514848709106,0.6187237501144409
YFR050C,YKR054C,0,2.1204317,0.12402661889791489,0.8742514848709106,0.618823766708374
YPR122W,YLR283W,0,2.1202416,0.12400905787944794,0.8742514848709106,0.6189237833023071
YPL160W,YLR059C,0,2.119968,0.12399150431156158,0.8742514848709106,0.6190237998962402
YPL208W,YDL200C,0,2.1196165,0.12397395819425583,0.8742514848709106,0.6191238164901733
YPL089C,YHR044C,0,2.1194801,0.12395641952753067,0.8742514848709106,0.6192238330841064
YLR228C,YBR241C,0,2.1194801,0.12393888086080551,0.8742514848709106,0.6193238496780396
YIL069C,YOR057W,0,2.1192696,0.12392134964466095,0.8742514848709106,0.6194238662719727
YLR352W,YNL251C,0,2.118382,0.12390381842851639,0.8742514848709106,0.6195238828659058
YHR006W,YKL173W,0,2.1181068,0.12388629466295242,0.8742514848709106,0.6196238994598389
YBR097W,YDR075W,0,2.1170807,0.12386877834796906,0.8742514848709106,0.619723916053772
YHR174W,YJL213W,0,2.1170638,0.12385126203298569,0.8742514848709106,0.6198239922523499
YHL025W,YKL156W,0,2.1168964,0.12383376061916351,0.8742514848709106,0.619924008846283
YGL238W,YOL082W,0,2.1167903,0.12381625175476074,0.8742514848709106,0.6200240254402161
YHR005C-A,YKL059C,0,2.1165848,0.12379875779151917,0.8742514848709106,0.6201240420341492
YCL039W,YPL049C,0,2.1165445,0.12378126382827759,0.8742514848709106,0.6202240586280823
YLR212C,YDR425W,0,2.1156878,0.12376377731561661,0.8742514848709106,0.6203240752220154
YCL074W,YMR080C,0,2.115584,0.12374629080295563,0.8742514848709106,0.6204240918159485
YJL127C,YDL148C,0,2.1155272,0.12372881174087524,0.8742514848709106,0.6205241084098816
YLR448W,YDR387C,0,2.1151652,0.12371134012937546,0.8742514848709106,0.6206241250038147
YDL171C,YIR037W,0,2.114771,0.12369386851787567,0.8742514848709106,0.6207241415977478
YMR221C,YBL087C,0,2.114102,0.12367641180753708,0.8742514848709106,0.6208241581916809
YDR496C,YJL026W,0,2.1140761,0.12365894764661789,0.8742514848709106,0.620924174785614
YMR061W,YNL309W,0,2.1140184,0.1236414983868599,0.8742514848709106,0.6210241913795471
YCR077C,YNL167C,0,2.1138985,0.1236240491271019,0.8742514848709106,0.6211242079734802
YOR380W,YDR301W,0,2.1137261,0.1236066073179245,0.8742514848709106,0.6212242245674133
YJL089W,YLR301W,0,2.1134188,0.1235891655087471,0.8742514848709106,0.6213242411613464
YIL075C,YER123W,0,2.1132514,0.1235717311501503,0.8742514848709106,0.6214242577552795
YDR244W,YOL095C,0,2.1131682,0.1235543042421341,0.8742514848709106,0.6215243339538574
YGL025C,YKL024C,0,2.113105,0.12353687733411789,0.8742514848709106,0.6216243505477905
YKR103W,YEL020W-A,0,2.1129074,0.12351945787668228,0.8742514848709106,0.6217243671417236
YBR078W,YJL044C,0,2.1124692,0.12350204586982727,0.8742514848709106,0.6218243837356567
YGR017W,YDR500C,0,2.1124609,0.12348463386297226,0.8742514848709106,0.6219244003295898
YIR009W,YHR072W-A,1,2.1112292,0.12360817193984985,0.8752495050430298,0.6219244003295898
YLR075W,YOR110W,0,2.110918,0.12359075248241425,0.8752495050430298,0.622024416923523
YDR174W,YNL286W,0,2.1107957,0.12357334047555923,0.8752495050430298,0.622124433517456
YLR278C,YHR142W,0,2.110677,0.12355592846870422,0.8752495050430298,0.6222244501113892
YER023W,YJL102W,0,2.1102319,0.12353852391242981,0.8752495050430298,0.6223244667053223
YBR233W-A,YGR029W,0,2.1101701,0.12352112680673599,0.8752495050430298,0.6224244832992554
YDR545W,YGR218W,0,2.1101427,0.12350372970104218,0.8752495050430298,0.6225244998931885
YNL070W,YGR167W,0,2.1101131,0.12348634004592896,0.8752495050430298,0.6226245164871216
YMR215W,YBR202W,0,2.1100676,0.12346895784139633,0.8752495050430298,0.6227245330810547
YBL010C,YDL051W,0,2.1097445,0.12345157563686371,0.8752495050430298,0.6228245496749878
YGL003C,YOR157C,0,2.1091793,0.12343420088291168,0.8752495050430298,0.6229245662689209
YDR292C,YER176W,0,2.1089418,0.12341683357954025,0.8752495050430298,0.623024582862854
YFR015C,YDR164C,0,2.108909,0.12339946627616882,0.8752495050430298,0.6231245994567871
YEL021W,YOR338W,0,2.1088157,0.12338210642337799,0.8752495050430298,0.6232246160507202
YEL058W,YPR002W,0,2.1083846,0.12336474657058716,0.8752495050430298,0.6233246922492981
YDR134C,YFR047C,0,2.1080115,0.12334740161895752,0.8752495050430298,0.6234247088432312
YOR266W,YBR278W,0,2.1073864,0.12333004921674728,0.8752495050430298,0.6235247254371643
YJL130C,YIL036W,0,2.1072032,0.12331271171569824,0.8752495050430298,0.6236247420310974
YBL026W,YDR229W,0,2.106758,0.1232953742146492,0.8752495050430298,0.6237247586250305
YFL054C,YDR363W-A,0,2.106267,0.12327804416418076,0.8752495050430298,0.6238247752189636
YGL203C,YFL066C,0,2.105294,0.12326071411371231,0.8752495050430298,0.6239247918128967
YOR126C,YBL011W,0,2.104303,0.12324339151382446,0.8752495050430298,0.6240248084068298
YML080W,YLR283W,0,2.104286,0.12322607636451721,0.8752495050430298,0.6241248250007629
YPL177C,YJR042W,0,2.104069,0.12320876866579056,0.8752495050430298,0.624224841594696
YIR006C,YGR266W,0,2.103882,0.1231914609670639,0.8752495050430298,0.6243248581886292
YBR289W,YOR002W,0,2.1024852,0.12317416071891785,0.8752495050430298,0.6244248747825623
YNL063W,YBL021C,0,2.1024113,0.12315686047077179,0.8752495050430298,0.6245248913764954
YBL063W,YNL024C,0,2.1022904,0.12313956767320633,0.8752495050430298,0.6246249079704285
YDR217C,YGL148W,0,2.1001706,0.12312228232622147,0.8752495050430298,0.6247249245643616
YNL050C,YOR322C,0,2.0998,0.1231049969792366,0.8752495050430298,0.6248249411582947
YMR175W,YNL263C,0,2.0996568,0.12308771908283234,0.8752495050430298,0.6249249577522278
YML127W,YBL025W,0,2.099319,0.12307044863700867,0.8752495050430298,0.6250250339508057
YGR078C,YLR419W,0,2.0989738,0.123053178191185,0.8752495050430298,0.6251250505447388
YLR284C,YBR096W,0,2.0982618,0.12303591519594193,0.8752495050430298,0.6252250671386719
YHL036W,YIL125W,0,2.0976405,0.12301865965127945,0.8752495050430298,0.625325083732605
YNL038W,YNL243W,0,2.0974755,0.12300140410661697,0.8752495050430298,0.6254251003265381
YCR098C,YJR160C,0,2.0971222,0.1229841560125351,0.8752495050430298,0.6255251169204712
YNL128W,YFR034C,0,2.097082,0.12296690791845322,0.8752495050430298,0.6256251335144043
YGL198W,YIL148W,0,2.0969827,0.12294966727495193,0.8752495050430298,0.6257251501083374
YLL022C,YCR075C,0,2.0969388,0.12293243408203125,0.8752495050430298,0.6258251667022705
YPL074W,YAR033W,0,2.0961547,0.12291520833969116,0.8752495050430298,0.6259251832962036
YOR348C,YGL223C,0,2.0961328,0.12289798259735107,0.8752495050430298,0.6260251998901367
YKL201C,YMR137C,0,2.0960474,0.12288076430559158,0.8752495050430298,0.6261252164840698
YKL077W,YKL056C,0,2.095997,0.12286354601383209,0.8752495050430298,0.6262252330780029
YPR113W,YNL283C,0,2.095912,0.1228463351726532,0.8752495050430298,0.626325249671936
YKR085C,YMR182C,0,2.0958927,0.1228291317820549,0.8752495050430298,0.6264252662658691
YGR128C,YDL129W,1,2.0954103,0.12295196950435638,0.8762475252151489,0.6264252662658691
YDR131C,YDR263C,0,2.0952287,0.1229347512125969,0.8762475252151489,0.6265252828598022
YMR090W,YKR075C,0,2.0946224,0.122917540371418,0.8762475252151489,0.6266252994537354
YHR148W,YFL011W-A,0,2.0943382,0.1229003369808197,0.8762475252151489,0.6267253160476685
YNL081C,YNR044W,0,2.0938911,0.1228831335902214,0.8762475252151489,0.6268253922462463
YHL040C,YPL239W,0,2.0932257,0.1228659376502037,0.8762475252151489,0.6269254088401794
YGR252W,YKL038W,0,2.093039,0.1228487491607666,0.8762475252151489,0.6270254254341125
YOR054C,YGL122C,0,2.0930178,0.1228315606713295,0.8762475252151489,0.6271254420280457
YKL166C,YOR264W,0,2.0930023,0.12281437963247299,0.8762475252151489,0.6272254586219788
YML012W,YBL030C,0,2.0927162,0.12279720604419708,0.8762475252151489,0.6273254752159119
YOR228C,YGR007W,0,2.092524,0.12278003245592117,0.8762475252151489,0.627425491809845
YGR063C,YBR026C,0,2.0913744,0.12276286631822586,0.8762475252151489,0.6275255084037781
YFL035C-B,YJR067C,1,2.0909984,0.12288550287485123,0.8772454857826233,0.6275255084037781
YBR193C,YML009C,0,2.0899312,0.12286832183599472,0.8772454857826233,0.6276255249977112
YBR264C,YHR051W,0,2.088891,0.12285115569829941,0.8772454857826233,0.6277255415916443
YDL144C,YGR086C,0,2.0886006,0.1228339821100235,0.8772454857826233,0.6278255581855774
YDL160C,YIL021W,0,2.0884147,0.12281682342290878,0.8772454857826233,0.6279255747795105
YIL048W,YOL051W,0,2.0883672,0.12279966473579407,0.8772454857826233,0.6280255913734436
YCL064C,YOR204W,0,2.0882294,0.12278251349925995,0.8772454857826233,0.6281256079673767
YHR135C,YMR298W,0,2.0879962,0.12276536226272583,0.8772454857826233,0.6282256245613098
YOR378W,YDR380W,0,2.0877693,0.12274821847677231,0.8772454857826233,0.6283256411552429
YBR289W,YER052C,0,2.0868073,0.12273108214139938,0.8772454857826233,0.628425657749176
YOL002C,YOR150W,0,2.0861726,0.12271394580602646,0.8772454857826233,0.6285257339477539
YOR273C,YDL082W,0,2.0856194,0.12269681692123413,0.8772454857826233,0.628625750541687
YGL185C,YLR312W-A,0,2.08559,0.1226796954870224,0.8772454857826233,0.6287257671356201
YNL175C,YDL087C,0,2.0853026,0.12266257405281067,0.8772454857826233,0.6288257837295532
YPR189W,YJR102C,0,2.0850048,0.12264546006917953,0.8772454857826233,0.6289258003234863
YMR054W,YOR233W,0,2.0846071,0.1226283460855484,0.8772454857826233,0.6290258169174194
YER147C,YLR460C,0,2.0840845,0.12261123955249786,0.8772454857826233,0.6291258335113525
YEL065W,YMR166C,0,2.0832713,0.12259414047002792,0.8772454857826233,0.6292258501052856
YBR129C,YLR176C,0,2.0831761,0.12257704883813858,0.8772454857826233,0.6293258666992188
YDR131C,YKL135C,0,2.0828772,0.12255995720624924,0.8772454857826233,0.6294258832931519
YBL039C,YBR145W,0,2.0825982,0.1225428655743599,0.8772454857826233,0.629525899887085
YBR205W,YPL113C,0,2.082516,0.12252578884363174,0.8772454857826233,0.6296259164810181
YCL068C,YPL179W,0,2.0824594,0.1225087121129036,0.8772454857826233,0.6297259330749512
YGL037C,YOR287C,0,2.0823908,0.12249163538217545,0.8772454857826233,0.6298259496688843
YER103W,YFL045C,0,2.082161,0.12247457355260849,0.8772454857826233,0.6299259662628174
YCL057W,YGL259W,0,2.0814104,0.12245751172304153,0.8772454857826233,0.6300259828567505
YPL103C,YOR253W,0,2.0812974,0.12244044989347458,0.8772454857826233,0.6301259994506836
YPL225W,YNL076W,0,2.0806112,0.12242339551448822,0.8772454857826233,0.6302260160446167
YDL144C,YFR007W,0,2.0806022,0.12240634858608246,0.8772454857826233,0.6303260922431946
YDR466W,YDR388W,0,2.079875,0.1223893091082573,0.8772454857826233,0.6304261088371277
YHR172W,YFR030W,0,2.079569,0.12237226963043213,0.8772454857826233,0.6305261254310608
YJR096W,YJR119C,0,2.0792093,0.12235523015260696,0.8772454857826233,0.6306261420249939
YLL038C,YEL013W,0,2.0791545,0.122338205575943,0.8772454857826233,0.630726158618927
YHR059W,YNL138W-A,0,2.0789971,0.12232118099927902,0.8772454857826233,0.6308261752128601
YHR105W,YOR304W,0,2.0784464,0.12230416387319565,0.8772454857826233,0.6309261918067932
YCL016C,YJL054W,0,2.0783615,0.12228714674711227,0.8772454857826233,0.6310262084007263
YBR278W,YOL142W,0,2.078256,0.1222701370716095,0.8772454857826233,0.6311262249946594
YDL006W,YPL105C,0,2.078137,0.12225312739610672,0.8772454857826233,0.6312262415885925
YGL155W,YDR513W,0,2.0779855,0.12223612517118454,0.8772454857826233,0.6313262581825256
YOR291W,YLR001C,0,2.0777597,0.12221913039684296,0.8772454857826233,0.6314262747764587
YFL025C,YDR039C,0,2.0773332,0.12220214307308197,0.8772454857826233,0.6315262913703918
YKL013C,YPL042C,0,2.0773084,0.12218515574932098,0.8772454857826233,0.631626307964325
YJL089W,YPL001W,0,2.076563,0.1221681758761406,0.8772454857826233,0.6317263245582581
YJL162C,YFR001W,0,2.0757189,0.1221511960029602,0.8772454857826233,0.6318263411521912
YMR090W,YDR516C,0,2.074812,0.12213422358036041,0.8772454857826233,0.6319263577461243
YDR098C,YPR175W,0,2.074627,0.12211725115776062,0.8772454857826233,0.6320264339447021
YKL004W,YMR322C,0,2.0739405,0.12210029363632202,0.8772454857826233,0.6321264505386353
YGR161C,YER008C,0,2.0732894,0.12208333611488342,0.8772454857826233,0.6322264671325684
YPR133C,YMR226C,0,2.073287,0.12206637859344482,0.8772454857826233,0.6323264837265015
YJR130C,YOR251C,0,2.0729034,0.12204942852258682,0.8772454857826233,0.6324265003204346
YPR180W,YNR048W,0,2.0726385,0.12203248590230942,0.8772454857826233,0.6325265169143677
YBR096W,YPR072W,0,2.072413,0.12201554328203201,0.8772454857826233,0.6326265335083008
YGL167C,YFR033C,0,2.0718095,0.1219986155629158,0.8772454857826233,0.6327265501022339
YLR100W,YLR295C,0,2.0710282,0.121981680393219,0.8772454857826233,0.632826566696167
YOL107W,YOR246C,0,2.0707555,0.12196476012468338,0.8772454857826233,0.6329265832901001
YHR025W,YHR169W,0,2.0707488,0.12194783240556717,0.8772454857826233,0.6330265998840332
YKL161C,YER174C,0,2.0705075,0.12193091958761215,0.8772454857826233,0.6331266164779663
YIL009W,YHR081W,0,2.069591,0.12191400676965714,0.8772454857826233,0.6332266330718994
YDR080W,YDL209C,0,2.0695577,0.12189710140228271,0.8772454857826233,0.6333266496658325
YKR075C,YNR004W,0,2.0693362,0.1218801960349083,0.8772454857826233,0.6334266662597656
YCR060W,YDR263C,0,2.0691524,0.12186330556869507,0.8772454857826233,0.6335266828536987
YFR008W,YNL095C,0,2.068989,0.12184640765190125,0.8772454857826233,0.6336266994476318
YGR124W,YNL173C,0,2.0689225,0.12182952463626862,0.8772454857826233,0.6337267160415649
YJL106W,YPL100W,0,2.0687866,0.12181264162063599,0.8772454857826233,0.6338267922401428
YNL330C,YPR022C,1,2.0685904,0.12193432450294495,0.8782435059547424,0.6338267922401428
YGR238C,YNL080C,0,2.0683641,0.12191742658615112,0.8782435059547424,0.6339268088340759
YGR017W,YDR276C,0,2.067864,0.1219005435705185,0.8782435059547424,0.634026825428009
YCR014C,YMR034C,0,2.0676022,0.12188365310430527,0.8782435059547424,0.6341268420219421
YOR176W,YJR096W,0,2.0660267,0.12186677753925323,0.8782435059547424,0.6342268586158752
YNL274C,YPL188W,0,2.065548,0.1218499019742012,0.8782435059547424,0.6343268752098083
YLR121C,YDL215C,0,2.06537,0.12183303385972977,0.8782435059547424,0.6344268918037415
YDR134C,YIL021W,0,2.0652204,0.12181616574525833,0.8782435059547424,0.6345269083976746
YNL251C,YJR133W,0,2.0649152,0.12179930508136749,0.8782435059547424,0.6346269249916077
YOR068C,YOR096W,0,2.064469,0.12178245186805725,0.8782435059547424,0.6347269415855408
YDR205W,YJL180C,0,2.0638099,0.12176559865474701,0.8782435059547424,0.6348269581794739
YMR307W,YPL113C,0,2.0637705,0.12174875289201736,0.8782435059547424,0.634926974773407
YNR011C,YEL040W,0,2.0637286,0.12173191457986832,0.8782435059547424,0.6350269913673401
YER044C-A,YOL092W,0,2.063237,0.12171507626771927,0.8782435059547424,0.6351270079612732
YBL098W,YBR035C,0,2.0630484,0.12169824540615082,0.8782435059547424,0.6352270245552063
YJL213W,YCR107W,0,2.0627153,0.12168141454458237,0.8782435059547424,0.6353270411491394
YOR086C,YML031W,0,2.061929,0.12166459113359451,0.8782435059547424,0.6354270577430725
YPR189W,YDR470C,0,2.0605445,0.12164777517318726,0.8782435059547424,0.6355271339416504
YML005W,YGR072W,0,2.0604281,0.12163095921278,0.8782435059547424,0.6356271505355835
YBR060C,YJL181W,0,2.0598073,0.12161415070295334,0.8782435059547424,0.6357271671295166
YBR080C,YMR055C,0,2.0598042,0.12159734964370728,0.8782435059547424,0.6358271837234497
YBR241C,YLR007W,0,2.0592675,0.12158054858446121,0.8782435059547424,0.6359272003173828
YAL002W,YOR382W,0,2.0591586,0.12156375497579575,0.8782435059547424,0.6360272169113159
YNR027W,YIL156W,0,2.0591378,0.12154696136713028,0.8782435059547424,0.636127233505249
YPR120C,YDR226W,0,2.0572824,0.12153017520904541,0.8782435059547424,0.6362272500991821
YGR272C,YBL006C,1,2.0566902,0.12165147811174393,0.8792415261268616,0.6362272500991821
YBR040W,YER008C,0,2.056266,0.12163468450307846,0.8792415261268616,0.6363272666931152
YDR312W,YOR084W,0,2.0558238,0.121617890894413,0.8792415261268616,0.6364272832870483
YCR014C,YNL242W,0,2.0548317,0.12160110473632812,0.8792415261268616,0.6365272998809814
YDL140C,YML101C,1,2.05474,0.12172233313322067,0.8802395462989807,0.6365272998809814
YBR153W,YKL179C,0,2.0544944,0.12170553207397461,0.8802395462989807,0.6366273164749146
YOR176W,YCR002C,0,2.0544336,0.12168873846530914,0.8802395462989807,0.6367273330688477
YDR434W,YLR182W,0,2.0537071,0.12167195230722427,0.8802395462989807,0.6368273496627808
YKL096W-A,YKR105C,0,2.0533493,0.12165517359972,0.8802395462989807,0.6369273662567139
YJR022W,YAL062W,0,2.0531318,0.12163839489221573,0.8802395462989807,0.637027382850647
YGR272C,YBR154C,1,2.053123,0.12175951153039932,0.8812375068664551,0.637027382850647
YDR469W,YER154W,0,2.052695,0.12174272537231445,0.8812375068664551,0.6371273994445801
YLR287C-A,YLR208W,0,2.0521374,0.12172594666481018,0.8812375068664551,0.6372274160385132
YDL141W,YMR099C,0,2.0518177,0.12170916795730591,0.8812375068664551,0.6373274922370911
YNR028W,YBL092W,0,2.0513957,0.12169238924980164,0.8812375068664551,0.6374275088310242
YDR263C,YMR112C,0,2.0513034,0.12167562544345856,0.8812375068664551,0.6375275254249573
YMR114C,YPL100W,0,2.0507421,0.12165886163711548,0.8812375068664551,0.6376275420188904
YMR001C,YJR026W,0,2.0496488,0.1216420978307724,0.8812375068664551,0.6377275586128235
YKL100C,YGR200C,0,2.0496075,0.12162534147500992,0.8812375068664551,0.6378275752067566
YDR011W,YMR034C,0,2.0494535,0.12160859256982803,0.8812375068664551,0.6379275918006897
YGR001C,YMR213W,0,2.048596,0.12159185111522675,0.8812375068664551,0.6380276083946228
YGR085C,YMR009W,0,2.048309,0.12157510966062546,0.8812375068664551,0.6381276249885559
YBR141C,YKR094C,0,2.047502,0.12155836820602417,0.8812375068664551,0.638227641582489
YCL052C,YMR183C,0,2.047079,0.12154164165258408,0.8812375068664551,0.6383276581764221
YKL052C,YOR251C,0,2.0469031,0.12152490764856339,0.8812375068664551,0.6384276747703552
YIL033C,YBR162W-A,0,2.0468128,0.12150818854570389,0.8812375068664551,0.6385276913642883
YIL052C,YOR101W,0,2.046415,0.12149146944284439,0.8812375068664551,0.6386277079582214
YNR007C,YOR262W,0,2.0463035,0.12147475779056549,0.8812375068664551,0.6387277245521545
YGR020C,YDL243C,0,2.0462031,0.12145804613828659,0.8812375068664551,0.6388277411460876
YJL069C,YIL115C,0,2.045973,0.12144134193658829,0.8812375068664551,0.6389277577400208
YGL028C,YMR089C,0,2.0459242,0.12142464518547058,0.8812375068664551,0.6390278339385986
YCL048W,YMR063W,0,2.045725,0.12140794843435287,0.8812375068664551,0.6391278505325317
YJL133W,YDR259C,0,2.045701,0.12139125913381577,0.8812375068664551,0.6392278671264648
YNR052C,YNR013C,0,2.0453563,0.12137456983327866,0.8812375068664551,0.639327883720398
YPL051W,YBL021C,1,2.044483,0.1214953288435936,0.8822355270385742,0.639327883720398
YDR115W,YGR217W,0,2.0443997,0.12147863209247589,0.8822355270385742,0.639427900314331
YNL050C,YNL149C,0,2.0438392,0.12146194279193878,0.8822355270385742,0.6395279169082642
YIL036W,YHR170W,0,2.0428843,0.12144525349140167,0.8822355270385742,0.6396279335021973
YKL200C,YER036C,0,2.042576,0.12142857164144516,0.8822355270385742,0.6397279500961304
YOR057W,YLR086W,0,2.0423212,0.12141189724206924,0.8822355270385742,0.6398279666900635
YOR069W,YER109C,0,2.0421095,0.12139522284269333,0.8822355270385742,0.6399279832839966
YKL197C,YMR267W,0,2.0419195,0.12137855589389801,0.8822355270385742,0.6400279998779297
YNL301C,YLR215C,0,2.041621,0.12136188894510269,0.8822355270385742,0.6401280164718628
YJL157C,YBR080C,0,2.0415313,0.12134522944688797,0.8822355270385742,0.6402280330657959
YKL161C,YHR150W,0,2.041523,0.12132857739925385,0.8822355270385742,0.640328049659729
YAL025C,YMR099C,0,2.0405986,0.12131192535161972,0.8822355270385742,0.6404280662536621
YLR068W,YOL092W,0,2.0404387,0.12129528075456619,0.8822355270385742,0.6405280828475952
YLR337C,YPL021W,0,2.0400624,0.12127863615751266,0.8822355270385742,0.6406280994415283
YOR357C,YDL029W,0,2.0393708,0.12126200646162033,0.8822355270385742,0.6407281160354614
YOR381W,YGL093W,0,2.0390306,0.1212453693151474,0.8822355270385742,0.6408281922340393
YLR391W,YNL001W,0,2.0380917,0.12122874706983566,0.8822355270385742,0.6409282088279724
YHL047C,YGR026W,0,2.0379224,0.12121212482452393,0.8822355270385742,0.6410282254219055
YPR019W,YHR080C,0,2.0375268,0.12119550257921219,0.8822355270385742,0.6411282420158386
YMR149W,YNL010W,0,2.0370371,0.12117888778448105,0.8822355270385742,0.6412282586097717
YJR050W,YFR033C,0,2.03698,0.1211622804403305,0.8822355270385742,0.6413282752037048
YJL171C,YBR243C,0,2.0365317,0.12114567309617996,0.8822355270385742,0.6414282917976379
YGR103W,YLL014W,0,2.0364404,0.12112907320261002,0.8822355270385742,0.641528308391571
YCR014C,YJL095W,0,2.0354333,0.12111248075962067,0.8822355270385742,0.6416283249855042
YMR109W,YGL096W,0,2.0353708,0.12109588831663132,0.8822355270385742,0.6417283415794373
YPL056C,YER174C,0,2.0353317,0.12107930332422256,0.8822355270385742,0.6418283581733704
YIL172C,YBR122C,0,2.0351562,0.12106272578239441,0.8822355270385742,0.6419283747673035
YGR017W,YDR288W,0,2.0351388,0.12104614824056625,0.8822355270385742,0.6420283913612366
YLR373C,YML070W,0,2.034799,0.1210295706987381,0.8822355270385742,0.6421284079551697
YFR030W,YBR158W,0,2.0346851,0.12101300805807114,0.8822355270385742,0.6422284245491028
YHL012W,YIL056W,0,2.034612,0.12099643796682358,0.8822355270385742,0.6423284411430359
YFR050C,YMR101C,0,2.034226,0.12097988277673721,0.8822355270385742,0.642428457736969
YIR006C,YKR053C,0,2.0337873,0.12096332758665085,0.8822355270385742,0.6425285339355469
YDR159W,YMR025W,0,2.0329812,0.12094677984714508,0.8822355270385742,0.64262855052948
YFL045C,YBL013W,0,2.0322423,0.12093023210763931,0.8822355270385742,0.6427285671234131
YIL108W,YPR138C,0,2.032023,0.12091369181871414,0.8822355270385742,0.6428285837173462
YPL221W,YDR531W,0,2.0317159,0.12089715898036957,0.8822355270385742,0.6429286003112793
YOR228C,YJR041C,0,2.031468,0.120880626142025,0.8822355270385742,0.6430286169052124
YLR157C,YKL054C,0,2.0310988,0.12086409330368042,0.8822355270385742,0.6431286334991455
YHR113W,YNL111C,0,2.0310717,0.12084757536649704,0.8822355270385742,0.6432286500930786
YDR444W,YER165W,0,2.031035,0.12083105742931366,0.8822355270385742,0.6433286666870117
YOR239W,YPL215W,0,2.0308642,0.12081453949213028,0.8822355270385742,0.6434286832809448
YBR078W,YPL271W,0,2.03083,0.1207980290055275,0.8822355270385742,0.6435286998748779
YHR002W,YMR201C,0,2.0302057,0.12078152596950531,0.8822355270385742,0.643628716468811
YHR210C,YBL075C,0,2.0297956,0.12076503038406372,0.8822355270385742,0.6437287330627441
YBR267W,YOR194C,0,2.0295353,0.12074853479862213,0.8822355270385742,0.6438287496566772
YPR118W,YNR013C,0,2.0288548,0.12073203921318054,0.8822355270385742,0.6439287662506104
YKR054C,YBR240C,0,2.027925,0.12071555107831955,0.8822355270385742,0.6440287828445435
YOL045W,YAL013W,0,2.0274606,0.12069907039403915,0.8822355270385742,0.6441287994384766
YDL060W,YHR044C,0,2.0274367,0.12068259716033936,0.8822355270385742,0.6442288160324097
YDR524C,YGL093W,0,2.0265234,0.12066612392663956,0.8822355270385742,0.6443288922309875
YPL091W,YGL085W,0,2.0256968,0.12064965069293976,0.8822355270385742,0.6444289088249207
YJR010W,YOR351C,0,2.0255575,0.12063318490982056,0.8822355270385742,0.6445289254188538
YHR109W,YOL020W,0,2.025041,0.12061672657728195,0.8822355270385742,0.6446289420127869
YPL206C,YDR038C,0,2.0248828,0.12060027569532394,0.8822355270385742,0.64472895860672
YGR222W,YMR172W,0,2.0240903,0.12058382481336594,0.8822355270385742,0.6448289752006531
YJL035C,YPR106W,0,2.0239983,0.12056737393140793,0.8822355270385742,0.6449289917945862
YGR211W,YOR252W,0,2.0235438,0.12055093050003052,0.8822355270385742,0.6450290083885193
YFL018W-A,YDR065W,0,2.0233536,0.1205344945192337,0.8822355270385742,0.6451290249824524
YJL212C,YPL239W,0,2.023201,0.12051806598901749,0.8822355270385742,0.6452290415763855
YBL091C,YPL133C,0,2.0217035,0.12050163745880127,0.8822355270385742,0.6453290581703186
YLR380W,YJR082C,0,2.0208454,0.12048520892858505,0.8822355270385742,0.6454290747642517
YKL061W,YKL002W,0,2.0203843,0.12046879529953003,0.8822355270385742,0.6455290913581848
YFL036W,YMR053C,0,2.0202718,0.12045237421989441,0.8822355270385742,0.6456291079521179
YDR151C,YDL072C,0,2.020042,0.12043596804141998,0.8822355270385742,0.645729124546051
YPR100W,YGR010W,0,2.019435,0.12041956186294556,0.8822355270385742,0.6458291411399841
YDR196C,YER048W-A,0,2.0191386,0.12040316313505173,0.8822355270385742,0.6459291577339172
YML011C,YAL043C,0,2.0189338,0.1203867644071579,0.8822355270385742,0.6460292339324951
YBR045C,YER087W,0,2.0187159,0.12037037312984467,0.8822355270385742,0.6461292505264282
YPL064C,YMR041C,0,2.0185823,0.12035398185253143,0.8822355270385742,0.6462292671203613
YGL240W,YDR388W,0,2.0181973,0.1203375980257988,0.8822355270385742,0.6463292837142944
YMR127C,YFL029C,0,2.016922,0.12032122164964676,0.8822355270385742,0.6464293003082275
YJR049C,YGL085W,0,2.0167613,0.12030484527349472,0.8822355270385742,0.6465293169021606
YPL208W,YDR306C,0,2.0165832,0.12028847634792328,0.8822355270385742,0.6466293334960938
YBL055C,YMR041C,0,2.0163796,0.12027210742235184,0.8822355270385742,0.6467293500900269
YOR383C,YML095C,0,2.0162928,0.12025574594736099,0.8822355270385742,0.64682936668396
YBL022C,YLR270W,0,2.0158453,0.12023939192295074,0.8822355270385742,0.6469293832778931
YBL075C,YKR027W,0,2.0153809,0.1202230378985405,0.8822355270385742,0.6470293998718262
YAR009C,YNL095C,0,2.0136256,0.12020669132471085,0.8822355270385742,0.6471294164657593
YDR009W,YGL105W,0,2.013597,0.1201903447508812,0.8822355270385742,0.6472294330596924
YEL002C,YJL136C,0,2.0135815,0.12017400562763214,0.8822355270385742,0.6473294496536255
YML086C,YJL216C,0,2.0135226,0.12015767395496368,0.8822355270385742,0.6474294662475586
YGL028C,YOR048C,0,2.0132332,0.12014134228229523,0.8822355270385742,0.6475294828414917
YDR372C,YLR208W,0,2.0129962,0.12012501806020737,0.8822355270385742,0.6476294994354248
YIL080W,YOL152W,0,2.012961,0.1201086938381195,0.8822355270385742,0.6477295756340027
YJL174W,YDR424C,0,2.0123706,0.12009237706661224,0.8822355270385742,0.6478295922279358
YJR145C,YJL090C,0,2.0121942,0.12007606774568558,0.8822355270385742,0.6479296088218689
YML055W,YPR118W,0,2.0121589,0.12005975842475891,0.8822355270385742,0.648029625415802
YLR284C,YGR241C,0,2.0120394,0.12004345655441284,0.8822355270385742,0.6481296420097351
YNL178W,YLR042C,0,2.011716,0.12002715468406677,0.8822355270385742,0.6482296586036682
YPL063W,YBR026C,0,2.01127,0.1200108602643013,0.8822355270385742,0.6483296751976013
YOR267C,YLR011W,0,2.0109856,0.11999457329511642,0.8822355270385742,0.6484296917915344
YHR070W,YCL068C,0,2.0107474,0.11997828632593155,0.8822355270385742,0.6485297083854675
YIR032C,YER013W,0,2.0106354,0.11996199935674667,0.8822355270385742,0.6486297249794006
YMR314W,YKL056C,0,2.0106127,0.11994572728872299,0.8822355270385742,0.6487297415733337
YAL054C,YJL148W,0,2.0103524,0.11992945522069931,0.8822355270385742,0.6488297581672668
YML112W,YHR039C-A,1,2.010332,0.12004883587360382,0.8832335472106934,0.6488297581672668
YBL106C,YDR260C,0,2.0101976,0.12003254890441895,0.8832335472106934,0.6489297747612
YJL078C,YGL039W,0,2.0096095,0.12001627683639526,0.8832335472106934,0.6490297913551331
YOR346W,YDL129W,1,2.009471,0.1201355904340744,0.8842315077781677,0.6490297913551331
YPL174C,YHL025W,0,2.0094006,0.12011930346488953,0.8842315077781677,0.6491298079490662
YNR052C,YDR248C,0,2.0093365,0.12010302394628525,0.8842315077781677,0.6492298245429993
YDR248C,YGR217W,0,2.0092669,0.12008674442768097,0.8842315077781677,0.6493298411369324
YBR173C,YNL281W,0,2.0090706,0.12007047235965729,0.8842315077781677,0.6494298577308655
YBR273C,YCR075C,0,2.008796,0.1200542002916336,0.8842315077781677,0.6495299339294434
YIL107C,YOR389W,0,2.0086548,0.12003793567419052,0.8842315077781677,0.6496299505233765
YHR181W,YLR186W,0,2.008637,0.12002167105674744,0.8842315077781677,0.6497299671173096
YNL318C,YGL078C,0,2.007626,0.12000542134046555,0.8842315077781677,0.6498299837112427
YIL043C,YBR260C,0,2.0075903,0.11998916417360306,0.8842315077781677,0.6499300003051758
YFL033C,YDR093W,0,2.0068183,0.11997291445732117,0.8842315077781677,0.6500300168991089
YOR326W,YGR006W,0,2.0066748,0.11995667219161987,0.8842315077781677,0.650130033493042
YFR019W,YJL102W,0,2.0057144,0.11994043737649918,0.8842315077781677,0.6502300500869751
YFL035C-B,YEL016C,1,2.0056996,0.1200595572590828,0.8852295279502869,0.6502300500869751
YLL041C,YNL062C,0,2.0056758,0.1200433075428009,0.8852295279502869,0.6503300666809082
YLR249W,YGL003C,0,2.0056329,0.12002706527709961,0.8852295279502869,0.6504300832748413
YJL156C,YNL167C,0,2.004918,0.12001082301139832,0.8852295279502869,0.6505300998687744
YOR039W,YFL061W,0,2.0047498,0.11999458819627762,0.8852295279502869,0.6506301164627075
YPL203W,YOL107W,0,2.0046015,0.11997836083173752,0.8852295279502869,0.6507301330566406
YGL003C,YCR087C-A,0,2.0045338,0.11996213346719742,0.8852295279502869,0.6508301496505737
YER049W,YMR173W,0,2.004458,0.11994590610265732,0.8852295279502869,0.6509301662445068
YJR051W,YDL039C,0,2.0042655,0.11992969363927841,0.8852295279502869,0.6510301828384399
YER040W,YDR130C,0,2.0040748,0.1199134811758995,0.8852295279502869,0.651130199432373
YKL154W,YBR052C,0,2.0029457,0.1198972687125206,0.8852295279502869,0.6512302756309509
YKL045W,YMR226C,0,2.0024872,0.11988106369972229,0.8852295279502869,0.651330292224884
YOL121C,YNL020C,0,2.00239,0.11986486613750458,0.8852295279502869,0.6514303088188171
YDR174W,YDR190C,0,2.0019615,0.11984866857528687,0.8852295279502869,0.6515303254127502
YCL031C,YOR087W,0,2.0019317,0.11983247846364975,0.8852295279502869,0.6516303420066833
YOL067C,YKL085W,0,2.0017924,0.11981628835201263,0.8852295279502869,0.6517303586006165
YOR292C,YCL069W,0,2.0012722,0.11980010569095612,0.8852295279502869,0.6518303751945496
YHR109W,YPL063W,0,2.0012126,0.1197839304804802,0.8852295279502869,0.6519303917884827
YDR098C,YML094W,0,2.0007505,0.11976775527000427,0.8852295279502869,0.6520304083824158
YCL034W,YNR006W,0,2.0003467,0.11975158751010895,0.8852295279502869,0.6521304249763489
YGL053W,YFR005C,0,2.0001793,0.11973541975021362,0.8852295279502869,0.652230441570282
YOR327C,YNL153C,0,1.9997079,0.1197192594408989,0.8852295279502869,0.6523304581642151
YKR053C,YIL036W,0,1.9977511,0.11970310658216476,0.8852295279502869,0.6524304747581482
YPL106C,YDR288W,0,1.9976768,0.11968695372343063,0.8852295279502869,0.6525304913520813
YPL133C,YGR012W,0,1.9973911,0.1196708008646965,0.8852295279502869,0.6526305079460144
YMR275C,YDR222W,0,1.9966235,0.11965466290712357,0.8852295279502869,0.6527305245399475
YBR069C,YGL189C,0,1.9961822,0.11963852494955063,0.8852295279502869,0.6528305411338806
YOL019W,YHR110W,0,1.9958453,0.11962238699197769,0.8852295279502869,0.6529305577278137
YNL056W,YHR072W-A,1,1.9955659,0.11974109709262848,0.886227548122406,0.6529305577278137
YJR053W,YBL091C-A,0,1.9953566,0.11972495913505554,0.886227548122406,0.6530306339263916
YNL031C,YKL056C,0,1.993387,0.11970881372690201,0.886227548122406,0.6531306505203247
YJL174W,YDR168W,0,1.9927225,0.11969268321990967,0.886227548122406,0.6532306671142578
YHL021C,YHR079C-B,0,1.992656,0.11967655271291733,0.886227548122406,0.6533306837081909
YGL004C,YLR438C-A,0,1.9924412,0.11966042220592499,0.886227548122406,0.653430700302124
YGL027C,YIL125W,0,1.9916936,0.11964429914951324,0.886227548122406,0.6535307168960571
YMR213W,YBR291C,0,1.9900326,0.1196281835436821,0.886227548122406,0.6536307334899902
YLR100W,YGL107C,0,1.9899771,0.11961206793785095,0.886227548122406,0.6537307500839233
YDR466W,YFR021W,0,1.9888077,0.1195959597826004,0.886227548122406,0.6538307666778564
YKL166C,YDL190C,0,1.988152,0.11957985162734985,0.886227548122406,0.6539307832717896
YHR106W,YJL090C,0,1.9879762,0.1195637509226799,0.886227548122406,0.6540307998657227
YPR189W,YOR369C,0,1.987241,0.11954765766859055,0.886227548122406,0.6541308164596558
YLR304C,YML080W,0,1.9871043,0.11953156441450119,0.886227548122406,0.6542308330535889
YPL131W,YOR347C,0,1.9865716,0.11951547861099243,0.886227548122406,0.654330849647522
YOR148C,YKL196C,0,1.9862483,0.11949939280748367,0.886227548122406,0.6544308662414551
YKL116C,YKL195W,0,1.9856336,0.11948331445455551,0.886227548122406,0.6545308828353882
YPR042C,YLL019C,0,1.9850662,0.11946724355220795,0.886227548122406,0.6546308994293213
YJL192C,YNL095C,0,1.9848735,0.11945117264986038,0.886227548122406,0.6547309756278992
YDR309C,YBR289W,0,1.984838,0.11943510174751282,0.886227548122406,0.6548309922218323
YGR014W,YMR173W,0,1.9846808,0.11941904574632645,0.886227548122406,0.6549310088157654
YKL143W,YGR123C,0,1.9842384,0.11940298229455948,0.886227548122406,0.6550310254096985
YPL106C,YIL177C,0,1.9837506,0.1193869337439537,0.886227548122406,0.6551310420036316
YPL092W,YBL011W,0,1.9832065,0.11937088519334793,0.886227548122406,0.6552310585975647
YPL103C,YIR018W,0,1.9822276,0.11935483664274216,0.886227548122406,0.6553310751914978
YCL014W,YNR035C,0,1.9820967,0.11933879554271698,0.886227548122406,0.6554310917854309
YBL080C,YLR265C,0,1.9809735,0.1193227618932724,0.886227548122406,0.655531108379364
YJL206C,YNL070W,0,1.9809159,0.11930672824382782,0.886227548122406,0.6556311249732971
YIL061C,YPR071W,0,1.9801311,0.11929070204496384,0.886227548122406,0.6557311415672302
YOR243C,YBR238C,0,1.9801236,0.11927468329668045,0.886227548122406,0.6558311581611633
YNL117W,YLR190W,0,1.9798076,0.11925866454839706,0.886227548122406,0.6559311747550964
YPL099C,YNL304W,0,1.9795842,0.11924264580011368,0.886227548122406,0.6560311913490295
YHR138C,YJL090C,0,1.9794497,0.11922663450241089,0.886227548122406,0.6561312079429626
YBR015C,YBR295W,0,1.9790593,0.1192106306552887,0.886227548122406,0.6562312245368958
YBR033W,YLL067C,0,1.9789225,0.1191946342587471,0.886227548122406,0.6563312411308289
YIL053W,YDL038C,0,1.9787176,0.11917863041162491,0.886227548122406,0.656431257724762
YLR075W,YIR019C,0,1.9786643,0.11916264146566391,0.886227548122406,0.6565313339233398
YJR005W,YHR117W,0,1.978574,0.11914665251970291,0.886227548122406,0.656631350517273
YGL189C,YJR022W,0,1.9785376,0.11913067102432251,0.886227548122406,0.656731367111206
YLR073C,YPR168W,0,1.9783119,0.11911468952894211,0.886227548122406,0.6568313837051392
YBR096W,YJL191W,0,1.9781322,0.1190987154841423,0.886227548122406,0.6569314002990723
YGR283C,YJL019W,0,1.9780717,0.1190827414393425,0.886227548122406,0.6570314168930054
YMR172W,YDR231C,0,1.9774907,0.11906677484512329,0.886227548122406,0.6571314334869385
YDR351W,YJL172W,0,1.977196,0.11905080825090408,0.886227548122406,0.6572314500808716
YGL028C,YJL186W,0,1.9767709,0.11903484910726547,0.886227548122406,0.6573314666748047
YDL097C,YBR015C,0,1.9762678,0.11901889741420746,0.886227548122406,0.6574314832687378
YLR061W,YHR108W,0,1.9762465,0.11900294572114944,0.886227548122406,0.6575314998626709
YGL194C,YKL015W,0,1.9750965,0.11898700147867203,0.886227548122406,0.657631516456604
YHR080C,YML113W,0,1.9749498,0.11897106468677521,0.886227548122406,0.6577315330505371
YNL213C,YPR186C,0,1.9743733,0.11895512044429779,0.886227548122406,0.6578315496444702
YML043C,YHR072W-A,1,1.9741156,0.11907313019037247,0.8872255682945251,0.6578315496444702
YGL019W,YGR272C,1,1.9739206,0.11919111013412476,0.8882235288619995,0.6578315496444702
YOL120C,YBR015C,0,1.9736764,0.11917515099048615,0.8882235288619995,0.6579315662384033
YOR299W,YDR368W,0,1.9723206,0.11915919184684753,0.8882235288619995,0.6580315828323364
YNL248C,YPL085W,1,1.9721242,0.11927710473537445,0.8892215490341187,0.6580315828323364
YHR214C-B,YNL287W,0,1.9696407,0.11926114559173584,0.8892215490341187,0.6581315994262695
YBR112C,YBR260C,0,1.969638,0.11924517899751663,0.8892215490341187,0.6582316756248474
YOR147W,YMR094W,0,1.9690771,0.11922922730445862,0.8892215490341187,0.6583316922187805
YER162C,YAL041W,0,1.9680972,0.1192132756114006,0.8892215490341187,0.6584317088127136
YEL005C,YJL108C,0,1.9677981,0.11919732391834259,0.8892215490341187,0.6585317254066467
YLR403W,YJR135C,0,1.9667599,0.11918137967586517,0.8892215490341187,0.6586317420005798
YDL107W,YGR118W,0,1.9658983,0.11916544288396835,0.8892215490341187,0.6587317585945129
YBR185C,YPR028W,0,1.9643998,0.11914950609207153,0.8892215490341187,0.658831775188446
YGL126W,YEL065W,0,1.9641671,0.11913357675075531,0.8892215490341187,0.6589317917823792
YHL024W,YGL006W,0,1.963603,0.11911764740943909,0.8892215490341187,0.6590318083763123
YJR067C,YDL129W,1,1.963446,0.11923539638519287,0.8902195692062378,0.6590318083763123
YPR108W,YEL052W,0,1.9628911,0.11921945959329605,0.8902195692062378,0.6591318249702454
YPL048W,YDL056W,0,1.9625449,0.11920353025197983,0.8902195692062378,0.6592318415641785
YPR032W,YDR096W,0,1.9622433,0.1191876009106636,0.8902195692062378,0.6593318581581116
YOR179C,YBL112C,0,1.961187,0.11917167901992798,0.8902195692062378,0.6594318747520447
YDR402C,YDR229W,0,1.9604473,0.11915575712919235,0.8902195692062378,0.6595318913459778
YOL156W,YDL114W,0,1.9602498,0.11913984268903732,0.8902195692062378,0.6596319079399109
YDR040C,YOL136C,0,1.9599004,0.1191239282488823,0.8902195692062378,0.659731924533844
YAR019C,YNL189W,0,1.9594829,0.11910802870988846,0.8902195692062378,0.6598319411277771
YFL011W,YNR007C,0,1.9593848,0.11909212172031403,0.8902195692062378,0.6599319577217102
YKL186C,YJR026W,0,1.9593766,0.11907622218132019,0.8902195692062378,0.6600320339202881
YIL156W,YDR424C,0,1.9585195,0.11906033009290695,0.8902195692062378,0.6601320505142212
YHR114W,YJR092W,0,1.9575703,0.11904443800449371,0.8902195692062378,0.6602320671081543
YML009C,YLR190W,0,1.957483,0.11902855336666107,0.8902195692062378,0.6603320837020874
YMR312W,YNL095C,0,1.9573056,0.11901267617940903,0.8902195692062378,0.6604321002960205
YGR262C,YPR204W,0,1.9564767,0.11899679899215698,0.8902195692062378,0.6605321168899536
YGL083W,YHR170W,0,1.9564202,0.11898092925548553,0.8902195692062378,0.6606321334838867
YHR047C,YOR179C,0,1.9561901,0.11896505951881409,0.8902195692062378,0.6607321500778198
YLR224W,YDR454C,0,1.9544708,0.11894918978214264,0.8902195692062378,0.6608321666717529
YHR179W,YPL105C,0,1.9542387,0.11893333494663239,0.8902195692062378,0.660932183265686
YJR009C,YPL172C,0,1.9529122,0.11891748011112213,0.8902195692062378,0.6610321998596191
YDR297W,YGL127C,0,1.952719,0.11890162527561188,0.8902195692062378,0.6611322164535522
YGR068C,YFL034C-A,1,1.9523512,0.11901906132698059,0.8912175893783569,0.6611322164535522
YIL088C,YIL017W,0,1.951463,0.11900319904088974,0.8912175893783569,0.6612322330474854
YBR033W,YER040W,0,1.9508386,0.11898734420537949,0.8912175893783569,0.6613322496414185
YBR299W,YIL036W,0,1.9491528,0.11897148936986923,0.8912175893783569,0.6614322662353516
YKL007W,YDR280W,0,1.9481936,0.11895564198493958,0.8912175893783569,0.6615322828292847
YKL095W,YGR266W,0,1.9480009,0.11893979460000992,0.8912175893783569,0.6616322994232178
YKL095W,YJL136C,0,1.9479582,0.11892395466566086,0.8912175893783569,0.6617323756217957
YLL006W,YHL008C,0,1.9471973,0.1189081221818924,0.8912175893783569,0.6618323922157288
YKR078W,YDR014W,0,1.947108,0.11889228969812393,0.8912175893783569,0.6619324088096619
YNL239W,YDL198C,0,1.9459736,0.11887646466493607,0.8912175893783569,0.662032425403595
YOR206W,YDR476C,0,1.9458709,0.1188606396317482,0.8912175893783569,0.6621324419975281
YDR482C,YOL023W,0,1.9452219,0.11884482204914093,0.8912175893783569,0.6622324585914612
YJR005W,YNL045W,0,1.9425321,0.11882901191711426,0.8912175893783569,0.6623324751853943
YGR044C,YJL213W,0,1.942205,0.11881320178508759,0.8912175893783569,0.6624324917793274
YPL214C,YBR122C,0,1.9419436,0.11879739165306091,0.8912175893783569,0.6625325083732605
YIL173W,YOR377W,0,1.941891,0.11878158897161484,0.8912175893783569,0.6626325249671936
YLR085C,YDL197C,0,1.9418575,0.11876579374074936,0.8912175893783569,0.6627325415611267
YNL262W,YPR097W,0,1.9416333,0.11874999850988388,0.8912175893783569,0.6628325581550598
YKL088W,YBR213W,1,1.9414358,0.1188671737909317,0.8922155499458313,0.6628325581550598
YJR022W,YBR287W,0,1.9412456,0.11885137110948563,0.8922155499458313,0.6629325747489929
YHR039C-B,YDR398W,1,1.9403927,0.11896849423646927,0.8932135701179504,0.6629325747489929
YDL015C,YDL046W,0,1.9402711,0.1189526841044426,0.8932135701179504,0.663032591342926
YKL090W,YCR044C,0,1.9402401,0.11893687397241592,0.8932135701179504,0.6631326079368591
YKL119C,YDR497C,0,1.9399847,0.11892107129096985,0.8932135701179504,0.6632326245307922
YIL095W,YER032W,0,1.9395778,0.11890527606010437,0.8932135701179504,0.6633326411247253
YNL286W,YMR315W,0,1.9390979,0.11888948082923889,0.8932135701179504,0.6634326577186584
YPL002C,YDR088C,0,1.9383876,0.11887368559837341,0.8932135701179504,0.6635327339172363
YPL096C-A,YDL189W,0,1.9382682,0.11885790526866913,0.8932135701179504,0.6636327505111694
YOL156W,YFL021W,0,1.9378995,0.11884211748838425,0.8932135701179504,0.6637327671051025
YAL029C,YPR174C,0,1.9377692,0.11882634460926056,0.8932135701179504,0.6638327836990356
YBR005W,YPL214C,0,1.9374897,0.11881056427955627,0.8932135701179504,0.6639328002929688
YLR411W,YDR371W,0,1.9371811,0.11879479885101318,0.8932135701179504,0.6640328168869019
YKL017C,YLR414C,0,1.9370561,0.11877903342247009,0.8932135701179504,0.664132833480835
YPR073C,YOR389W,0,1.9367867,0.118763267993927,0.8932135701179504,0.6642328500747681
YMR273C,YDR533C,0,1.9365869,0.11874751001596451,0.8932135701179504,0.6643328666687012
YNL038W,YJR149W,0,1.936561,0.11873175948858261,0.8932135701179504,0.6644328832626343
YBR267W,YLR068W,0,1.9364836,0.11871600896120071,0.8932135701179504,0.6645328998565674
YLR411W,YOL145C,0,1.9363348,0.11870026588439941,0.8932135701179504,0.6646329164505005
YGL203C,YPR194C,0,1.9359493,0.11868452280759811,0.8932135701179504,0.6647329330444336
YGL183C,YBL103C,0,1.9348359,0.11866878718137741,0.8932135701179504,0.6648329496383667
YMR109W,YHR006W,0,1.9342523,0.1186530590057373,0.8932135701179504,0.6649329662322998
YLR056W,YGR208W,0,1.9338192,0.1186373308300972,0.8932135701179504,0.6650329828262329
YBR006W,YGL050W,0,1.9335079,0.11862160265445709,0.8932135701179504,0.665132999420166
YOL064C,YNL218W,0,1.9331651,0.11860588192939758,0.8932135701179504,0.6652330756187439
YML015C,YHR139C,0,1.9330664,0.11859016865491867,0.8932135701179504,0.665333092212677
YMR321C,YIL035C,0,1.9323807,0.11857445538043976,0.8932135701179504,0.6654331088066101
YKL164C,YOR131C,0,1.9316115,0.11855874955654144,0.8932135701179504,0.6655331254005432
YBL082C,YGR078C,0,1.9315493,0.11854304373264313,0.8932135701179504,0.6656331419944763
YHR046C,YMR226C,0,1.9313974,0.11852734535932541,0.8932135701179504,0.6657331585884094
YOR182C,YBR012W-A,0,1.9310322,0.11851165443658829,0.8932135701179504,0.6658331751823425
YBR271W,YPL059W,0,1.9309459,0.11849596351385117,0.8932135701179504,0.6659331917762756
YFL056C,YER109C,0,1.9298742,0.11848027259111404,0.8932135701179504,0.6660332083702087
YIL026C,YOR327C,0,1.929792,0.11846459656953812,0.8932135701179504,0.6661332249641418
YDR402C,YGR046W,0,1.9296811,0.11844891309738159,0.8932135701179504,0.666233241558075
YPL259C,YPR174C,0,1.9282608,0.11843323707580566,0.8932135701179504,0.6663332581520081
YGL061C,YER052C,0,1.9281187,0.11841756850481033,0.8932135701179504,0.6664332747459412
YBR233W-A,YNL054W,0,1.9275749,0.1184019073843956,0.8932135701179504,0.6665332913398743
YML100W,YJR092W,0,1.9272192,0.11838624626398087,0.8932135701179504,0.6666333079338074
YHR132C,YGL206C,0,1.9266337,0.11837058514356613,0.8932135701179504,0.6667333245277405
YDR324C,YHR039C-B,1,1.9265801,0.1184871718287468,0.8942115902900696,0.6667333245277405
YGR234W,YDR280W,0,1.926392,0.11847150325775146,0.8942115902900696,0.6668333411216736
YOL090W,YBR272C,0,1.9259253,0.11845584213733673,0.8942115902900696,0.6669333577156067
YPL091W,YMR275C,0,1.9253712,0.1184401884675026,0.8942115902900696,0.6670334339141846
YOL123W,YOR079C,0,1.9253561,0.11842452734708786,0.8942115902900696,0.6671334505081177
YKL041W,YMR078C,0,1.9252843,0.11840888112783432,0.8942115902900696,0.6672334671020508
YDR127W,YMR166C,0,1.9250655,0.11839323490858078,0.8942115902900696,0.6673334836959839
YER100W,YGR272C,0,1.9245174,0.11837759613990784,0.8942115902900696,0.667433500289917
YML051W,YFL011W-A,0,1.9244919,0.1183619573712349,0.8942115902900696,0.6675335168838501
YGR086C,YHR004C,0,1.9244483,0.11834631860256195,0.8942115902900696,0.6676335334777832
YPL178W,YPR122W,0,1.9241123,0.1183306947350502,0.8942115902900696,0.6677335500717163
YNL251C,YOR217W,0,1.9235039,0.11831506341695786,0.8942115902900696,0.6678335666656494
YGL147C,YMR015C,0,1.9233396,0.1182994470000267,0.8942115902900696,0.6679335832595825
YGR272C,YDR174W,1,1.923296,0.11841583997011185,0.8952096104621887,0.6679335832595825
YIL018W,YDL051W,0,1.9230871,0.1184002086520195,0.8952096104621887,0.6680335998535156
YOR246C,YDR397C,0,1.9222567,0.11838458478450775,0.8952096104621887,0.6681336164474487
YKR038C,YNL314W,0,1.9222453,0.118368960916996,0.8952096104621887,0.6682336330413818
YGR194C,YOR189W,0,1.9220668,0.11835334450006485,0.8952096104621887,0.6683336496353149
YDR389W,YJR004C,0,1.9219971,0.1183377280831337,0.8952096104621887,0.668433666229248
YFL025C,YJR126C,0,1.921985,0.11832211911678314,0.8952096104621887,0.6685336828231812
YGL225W,YHR190W,0,1.9218327,0.11830651760101318,0.8952096104621887,0.6686336994171143
YGL010W,YBR189W,0,1.921766,0.11829091608524323,0.8952096104621887,0.6687337756156921
YDL129W,YNL191W,1,1.9215522,0.11840717494487762,0.8962075710296631,0.6687337756156921
YKL034W,YIL035C,0,1.921417,0.11839156597852707,0.8962075710296631,0.6688337922096252
YER087C-A,YBR022W,0,1.9213395,0.11837595701217651,0.8962075710296631,0.6689338088035583
YER164W,YMR023C,0,1.9211671,0.11836035549640656,0.8962075710296631,0.6690338253974915
YML039W,YLR197W,0,1.9207072,0.1183447539806366,0.8962075710296631,0.6691338419914246
YDR444W,YAL044C,0,1.9205781,0.11832915991544724,0.8962075710296631,0.6692338585853577
YLR306W,YGR035C,0,1.920456,0.11831357330083847,0.8962075710296631,0.6693338751792908
YEL056W,YBL112C,0,1.9202471,0.1182979866862297,0.8962075710296631,0.6694338917732239
YDR498C,YJR050W,0,1.9199419,0.11828240007162094,0.8962075710296631,0.669533908367157
YPR037C,YER015W,0,1.9197369,0.11826682835817337,0.8962075710296631,0.6696339249610901
YHR143W-A,YDL129W,1,1.9194803,0.11838293075561523,0.8972055912017822,0.6696339249610901
YGL173C,YBR101C,0,1.9190717,0.11836734414100647,0.8972055912017822,0.6697339415550232
YDL121C,YDR412W,0,1.9179044,0.1183517649769783,0.8972055912017822,0.6698339581489563
YBR155W,YGL236C,0,1.9166929,0.11833618581295013,0.8972055912017822,0.6699339747428894
YGL185C,YBR299W,0,1.9166279,0.11832061409950256,0.8972055912017822,0.6700339913368225
YOL054W,YGL236C,0,1.9154271,0.11830504238605499,0.8972055912017822,0.6701340079307556
YBR046C,YLR337C,0,1.9154205,0.11828947067260742,0.8972055912017822,0.6702340245246887
YIR038C,YJR065C,0,1.9147202,0.11827391386032104,0.8972055912017822,0.6703340411186218
YLR248W,YLR032W,0,1.9142243,0.11825834959745407,0.8972055912017822,0.6704340577125549
YGR060W,YKL180W,0,1.9138315,0.11824280023574829,0.8972055912017822,0.6705341339111328
YDR323C,YJR083C,0,1.9134221,0.11822725087404251,0.8972055912017822,0.6706341505050659
YDR332W,YER089C,0,1.9133596,0.11821170151233673,0.8972055912017822,0.670734167098999
YDR118W,YOR353C,0,1.9118979,0.11819615960121155,0.8972055912017822,0.6708341836929321
YPL100W,YJL166W,0,1.911603,0.11818062514066696,0.8972055912017822,0.6709342002868652
YPL038W,YGR122W,0,1.9109833,0.11816509068012238,0.8972055912017822,0.6710342168807983
YHL035C,YAL056W,0,1.9107893,0.11814955621957779,0.8972055912017822,0.6711342334747314
YKR077W,YER176W,0,1.910785,0.1181340366601944,0.8972055912017822,0.6712342500686646
YPL141C,YLL013C,0,1.9089313,0.11811850965023041,0.8972055912017822,0.6713342666625977
YKL013C,YCL068C,0,1.9062215,0.11810299754142761,0.8972055912017822,0.6714342832565308
YKL007W,YHR204W,0,1.9060497,0.11808748543262482,0.8972055912017822,0.6715342998504639
YKR080W,YNL113W,1,1.9057882,0.1182033121585846,0.8982036113739014,0.6715342998504639
YKL190W,YIL033C,0,1.9055924,0.1181877851486206,0.8982036113739014,0.671634316444397
YDR196C,YER159C,0,1.9053801,0.11817226558923721,0.8982036113739014,0.6717343330383301
YJL181W,YDL087C,0,1.904063,0.11815675348043442,0.8982036113739014,0.6718343496322632
YJL187C,YKR066C,0,1.9038541,0.11814124137163162,0.8982036113739014,0.6719343662261963
YGR272C,YNL056W,1,1.9034064,0.11825698614120483,0.8992015719413757,0.6719343662261963
YAL034W-A,YGL220W,0,1.9025172,0.11824146658182144,0.8992015719413757,0.6720343828201294
YMR186W,YDR239C,0,1.9023926,0.11822595447301865,0.8992015719413757,0.6721343994140625
YHR028C,YDR257C,0,1.9023458,0.11821044236421585,0.8992015719413757,0.6722344756126404
YPL089C,YNR061C,0,1.9023063,0.11819493770599365,0.8992015719413757,0.6723344922065735
YER081W,YAL013W,0,1.9011563,0.11817943304777145,0.8992015719413757,0.6724345088005066
YLR419W,YPR169W,0,1.9010394,0.11816393584012985,0.8992015719413757,0.6725345253944397
YDR131C,YNL192W,0,1.900807,0.11814843863248825,0.8992015719413757,0.6726345419883728
YDL017W,YPL021W,0,1.8994384,0.11813294887542725,0.8992015719413757,0.6727345585823059
YDR483W,YBR111W-A,0,1.8991379,0.11811745911836624,0.8992015719413757,0.672834575176239
YGR185C,YML040W,0,1.8990767,0.11810197681188583,0.8992015719413757,0.6729345917701721
YHR030C,YDR135C,0,1.8983052,0.11808650195598602,0.8992015719413757,0.6730346083641052
YLR209C,YPL130W,0,1.8981032,0.11807102710008621,0.8992015719413757,0.6731346249580383
YCR086W,YOR246C,0,1.897506,0.1180555522441864,0.8992015719413757,0.6732346415519714
YKL088W,YDR174W,1,1.8967402,0.1181710958480835,0.9001995921134949,0.6732346415519714
YOL078W,YNR059W,0,1.8967333,0.11815562099218369,0.9001995921134949,0.6733346581459045
YGL053W,YOR109W,0,1.8966395,0.11814014613628387,0.9001995921134949,0.6734346747398376
YOR132W,YMR168C,0,1.8960006,0.11812467128038406,0.9001995921134949,0.6735346913337708
YNL095C,YGR144W,0,1.8959572,0.11810920387506485,0.9001995921134949,0.6736347079277039
YBR001C,YDR090C,0,1.8958125,0.11809374392032623,0.9001995921134949,0.673734724521637
YHR113W,YGL026C,0,1.8955574,0.11807828396558762,0.9001995921134949,0.6738347411155701
YBL037W,YJR131W,0,1.8950498,0.118062824010849,0.9001995921134949,0.6739347577095032
YHR161C,YEL022W,0,1.8949976,0.11804737895727158,0.9001995921134949,0.674034833908081
YMR160W,YLR142W,0,1.8940867,0.11803192645311356,0.9001995921134949,0.6741348505020142
YGL073W,YIL036W,0,1.8926766,0.11801648885011673,0.9001995921134949,0.6742348670959473
YGL142C,YOR070C,0,1.8918874,0.1180010437965393,0.9001995921134949,0.6743348836898804
YGL240W,YML058W-A,0,1.8918736,0.11798561364412308,0.9001995921134949,0.6744349002838135
YGL135W,YDR292C,0,1.8908784,0.11797018349170685,0.9001995921134949,0.6745349168777466
YDR248C,YLR182W,0,1.8908306,0.11795475333929062,0.9001995921134949,0.6746349334716797
YML039W,YLR142W,0,1.8907775,0.11793933063745499,0.9001995921134949,0.6747349500656128
YNL308C,YAL058W,0,1.8904226,0.11792390793561935,0.9001995921134949,0.6748349666595459
YIL042C,YDR481C,0,1.8898541,0.11790850013494492,0.9001995921134949,0.674934983253479
YER100W,YDL235C,0,1.8893328,0.11789308488368988,0.9001995921134949,0.6750349998474121
YOR291W,YOR355W,0,1.8890069,0.11787767708301544,0.9001995921134949,0.6751350164413452
YGR179C,YOR262W,0,1.8887604,0.1178622767329216,0.9001995921134949,0.6752350330352783
YKR080W,YMR270C,1,1.8877748,0.11797752976417542,0.901197612285614,0.6752350330352783
YDR392W,YKL124W,0,1.8877289,0.11796211451292038,0.901197612285614,0.6753350496292114
YGR283C,YLR301W,0,1.8876307,0.11794670671224594,0.901197612285614,0.6754350662231445
YGR276C,YLR086W,0,1.8876162,0.1179313063621521,0.901197612285614,0.6755350828170776
YBR286W,YML063W,0,1.8872306,0.11791590601205826,0.901197612285614,0.6756350994110107
YBL026W,YBR241C,0,1.887203,0.11790050566196442,0.901197612285614,0.6757351756095886
YJL083W,YOL109W,0,1.8856179,0.11788512021303177,0.901197612285614,0.6758351922035217
YEL002C,YML092C,0,1.884002,0.11786972731351852,0.901197612285614,0.6759352087974548
YER102W,YMR025W,0,1.8827105,0.11785434931516647,0.901197612285614,0.6760352253913879
YJR102C,YIL037C,0,1.8826855,0.11783896386623383,0.901197612285614,0.676135241985321
YDR244W,YJL187C,0,1.8819934,0.11782359331846237,0.901197612285614,0.6762352585792542
YGL120C,YPL259C,0,1.8813508,0.11780822277069092,0.901197612285614,0.6763352751731873
YMR020W,YPL031C,0,1.8812623,0.11779285222291946,0.901197612285614,0.6764352917671204
YDL030W,YBR176W,0,1.8812591,0.11777748912572861,0.901197612285614,0.6765353083610535
YLR050C,YIR036C,0,1.881201,0.11776212602853775,0.901197612285614,0.6766353249549866
YLR157C,YDL100C,0,1.8809371,0.11774677038192749,0.901197612285614,0.6767353415489197
YDR164C,YKR102W,0,1.8802882,0.11773142218589783,0.901197612285614,0.6768353581428528
YMR205C,YKL041W,0,1.8801601,0.11771607398986816,0.901197612285614,0.6769353747367859
YGL019W,YEL006W,0,1.8794615,0.1177007332444191,0.901197612285614,0.677035391330719
YOR278W,YHR011W,0,1.8794453,0.11768539249897003,0.901197612285614,0.6771354079246521
YBL038W,YKL155C,0,1.8783382,0.11767005175352097,0.901197612285614,0.6772354245185852
YOR257W,YHR029C,0,1.8780317,0.1176547259092331,0.901197612285614,0.6773354411125183
YGL071W,YNL307C,0,1.8777294,0.11763939261436462,0.901197612285614,0.6774354577064514
YGL014W,YBR145W,0,1.8770878,0.11762407422065735,0.901197612285614,0.6775355339050293
YLL006W,YIL027C,0,1.8768128,0.11760875582695007,0.901197612285614,0.6776355504989624
YOR358W,YML011C,0,1.876583,0.1175934374332428,0.901197612285614,0.6777355670928955
YGL136C,YJL149W,0,1.8764868,0.11757812649011612,0.901197612285614,0.6778355836868286
YHR158C,YOR247W,0,1.8761859,0.11756281554698944,0.901197612285614,0.6779356002807617
YPR010C,YMR074C,0,1.8755491,0.11754751205444336,0.901197612285614,0.6780356168746948
YHR184W,YOR155C,0,1.8755453,0.11753221601247787,0.901197612285614,0.6781356334686279
YPR156C,YLR413W,0,1.8752763,0.11751691997051239,0.901197612285614,0.678235650062561
YKL201C,YEL048C,0,1.8748472,0.1175016239285469,0.901197612285614,0.6783356666564941
YCR105W,YLR427W,0,1.8748395,0.11748633533716202,0.901197612285614,0.6784356832504272
YER114C,YDR387C,0,1.8747462,0.11747105419635773,0.901197612285614,0.6785356998443604
YML052W,YIL056W,0,1.8742442,0.11745577305555344,0.901197612285614,0.6786357164382935
YOR087W,YGR272C,0,1.8741987,0.11744049936532974,0.901197612285614,0.6787357330322266
YJL066C,YLR418C,0,1.8741059,0.11742522567510605,0.901197612285614,0.6788357496261597
YBR223C,YDR378C,0,1.8725829,0.11740995943546295,0.901197612285614,0.6789357662200928
YMR295C,YOR110W,0,1.8725708,0.11739469319581985,0.901197612285614,0.6790357828140259
YMR022W,YKR034W,0,1.8714386,0.11737943440675735,0.901197612285614,0.679135799407959
YLR075W,YCL016C,0,1.8709054,0.11736418306827545,0.901197612285614,0.6792358756065369
YJL065C,YHR011W,0,1.8702317,0.11734892427921295,0.901197612285614,0.67933589220047
YPR169W,YCR030C,0,1.8699579,0.11733368039131165,0.901197612285614,0.6794359087944031
YMR268W-A,YKR058W,0,1.869773,0.11731843650341034,0.901197612285614,0.6795359253883362
YDR189W,YOR322C,0,1.8693703,0.11730319261550903,0.901197612285614,0.6796359419822693
YGR180C,YAR035W,0,1.8680335,0.11728795617818832,0.901197612285614,0.6797359585762024
YGR169C,YBR096W,0,1.8672807,0.11727272719144821,0.901197612285614,0.6798359751701355
YDR545W,YML047C,0,1.867053,0.1172574982047081,0.901197612285614,0.6799359917640686
YEL065W,YNR050C,0,1.8669648,0.11724227666854858,0.901197612285614,0.6800360083580017
YGL170C,YNL238W,0,1.8663616,0.11722705513238907,0.901197612285614,0.6801360249519348
YLR288C,YOL152W,0,1.8659182,0.11721184104681015,0.901197612285614,0.6802360415458679
YDL109C,YAL007C,0,1.8656311,0.11719662696123123,0.901197612285614,0.680336058139801
YOR287C,YAL033W,0,1.8654633,0.11718142032623291,0.901197612285614,0.6804360747337341
YLR102C,YOR191W,0,1.8652372,0.11716621369123459,0.901197612285614,0.6805360913276672
YHL012W,YGR165W,0,1.8652118,0.11715101450681686,0.901197612285614,0.6806361079216003
YMR137C,YGL018C,0,1.8652117,0.11713581532239914,0.901197612285614,0.6807361245155334
YDR004W,YMR168C,0,1.8648227,0.11712062358856201,0.901197612285614,0.6808361411094666
YDL109C,YKR096W,0,1.8647643,0.11710543185472488,0.901197612285614,0.6809361577033997
YDL154W,YBR118W,0,1.8641574,0.11709024757146835,0.901197612285614,0.6810362339019775
YNL130C,YMR226C,0,1.8639185,0.11707507073879242,0.901197612285614,0.6811362504959106
YGR098C,YPR022C,1,1.8638508,0.11718952655792236,0.9021956324577332,0.6811362504959106
YDR081C,YEL050C,0,1.8633611,0.11717433482408524,0.9021956324577332,0.6812362670898438
YDR156W,YDL129W,1,1.862282,0.1172887533903122,0.9031935930252075,0.6812362670898438
YDR390C,YNR067C,0,1.8607489,0.11727355420589447,0.9031935930252075,0.6813362836837769
YMR287C,YOL032W,0,1.8604808,0.11725835502147675,0.9031935930252075,0.68143630027771
YHR167W,YPL135W,0,1.8601913,0.11724316328763962,0.9031935930252075,0.6815363168716431
YJL097W,YOR110W,0,1.8599359,0.11722797900438309,0.9031935930252075,0.6816363334655762
YIL026C,YDR423C,0,1.8597445,0.11721279472112656,0.9031935930252075,0.6817363500595093
YKR038C,YGL046W,0,1.8591576,0.11719761788845062,0.9031935930252075,0.6818363666534424
YML037C,YNR016C,0,1.8591199,0.11718244105577469,0.9031935930252075,0.6819363832473755
YDR482C,YDR138W,0,1.858951,0.11716727167367935,0.9031935930252075,0.6820363998413086
YDR466W,YBR146W,0,1.8588586,0.11715210229158401,0.9031935930252075,0.6821364164352417
YBL064C,YEL027W,0,1.8570856,0.11713694036006927,0.9031935930252075,0.6822364330291748
YDL247W,YDL231C,0,1.8556163,0.11712177842855453,0.9031935930252075,0.6823364496231079
YIL150C,YNL146W,0,1.8553315,0.11710662394762039,0.9031935930252075,0.682436466217041
YGR017W,YOR085W,0,1.8545952,0.11709147691726685,0.9031935930252075,0.6825364828109741
YNR055C,YDR260C,0,1.8545424,0.1170763224363327,0.9031935930252075,0.6826364994049072
YGR271W,YLL016W,0,1.8541136,0.11706118285655975,0.9031935930252075,0.6827365756034851
YDR088C,YLL051C,0,1.8535163,0.1170460432767868,0.9031935930252075,0.6828365921974182
YDL129W,YOR224C,1,1.852931,0.11716022342443466,0.9041916131973267,0.6828365921974182
YBR112C,YPL168W,0,1.8524714,0.11714507639408112,0.9041916131973267,0.6829366087913513
YKL165C,YOL123W,0,1.8523569,0.11712992936372757,0.9041916131973267,0.6830366253852844
YBR091C,YMR040W,0,1.8521385,0.11711478978395462,0.9041916131973267,0.6831366419792175
YIL037C,YDR222W,0,1.852118,0.11709965020418167,0.9041916131973267,0.6832366585731506
YOR228C,YOR084W,0,1.8520374,0.11708451807498932,0.9041916131973267,0.6833366751670837
YKL139W,YCR073C,1,1.8518797,0.11719860136508942,0.9051896333694458,0.6833366751670837
YDR343C,YGL070C,0,1.8518398,0.11718346178531647,0.9051896333694458,0.6834366917610168
YLR047C,YCR058C,0,1.8514851,0.11716832220554352,0.9051896333694458,0.68353670835495
YML049C,YIL021W,0,1.8513099,0.11715319007635117,0.9051896333694458,0.6836367249488831
YDR045C,YPL123C,0,1.8512212,0.11713805794715881,0.9051896333694458,0.6837367415428162
YEL038W,YML106W,0,1.8511724,0.11712293326854706,0.9051896333694458,0.6838367581367493
YMR275C,YDR310C,0,1.8509219,0.1171078085899353,0.9051896333694458,0.6839367747306824
YPR133W-A,YBL092W,0,1.8507006,0.11709269136190414,0.9051896333694458,0.6840367913246155
YFL066C,YNL317W,0,1.8503273,0.11707758158445358,0.9051896333694458,0.6841368079185486
YDR086C,YBR101C,0,1.8492229,0.11706246435642242,0.9051896333694458,0.6842368245124817
YPL115C,YMR077C,0,1.8491554,0.11704736202955246,0.9051896333694458,0.6843368411064148
YBR150C,YOR192C,0,1.8488417,0.1170322597026825,0.9051896333694458,0.6844368577003479
YOR258W,YPL131W,0,1.8487256,0.11701715737581253,0.9051896333694458,0.6845369338989258
YDL140C,YDR257C,0,1.8485286,0.11700206249952316,0.9051896333694458,0.6846369504928589
YNL110C,YHR129C,0,1.8482959,0.11698697507381439,0.9051896333694458,0.684736967086792
YDL102W,YGL157W,0,1.8482555,0.11697188764810562,0.9051896333694458,0.6848369836807251
YGR272C,YJL025W,1,1.8479464,0.11708574742078781,0.9061876535415649,0.6848369836807251
YNR011C,YLR244C,0,1.8477551,0.11707065254449844,0.9061876535415649,0.6849370002746582
YDL114W,YER099C,0,1.8469355,0.11705556511878967,0.9061876535415649,0.6850370168685913
YLR208W,YGR026W,0,1.8465083,0.1170404776930809,0.9061876535415649,0.6851370334625244
YHR008C,YOR233W,0,1.8458893,0.11702539026737213,0.9061876535415649,0.6852370500564575
YPL233W,YNL048W,0,1.8453628,0.11701031029224396,0.9061876535415649,0.6853370666503906
YHR080C,YMR041C,0,1.8451247,0.11699523031711578,0.9061876535415649,0.6854370832443237
YGR283C,YJL129C,0,1.8434172,0.1169801577925682,0.9061876535415649,0.6855370998382568
YKL175W,YDR342C,0,1.8410686,0.11696509271860123,0.9061876535415649,0.6856371164321899
YNL271C,YBR111W-A,0,1.8404939,0.11695002764463425,0.9061876535415649,0.685737133026123
YPL116W,YFL056C,0,1.8404124,0.11693496257066727,0.9061876535415649,0.6858371496200562
YNL145W,YER093C,0,1.8397112,0.11691990494728088,0.9061876535415649,0.6859371662139893
YCR055C,YFR001W,0,1.839196,0.1169048547744751,0.9061876535415649,0.6860371828079224
YNR045W,YKR058W,0,1.8391347,0.11688980460166931,0.9061876535415649,0.6861371994018555
YOR240W,YOL002C,0,1.8385181,0.11687476187944412,0.9061876535415649,0.6862372756004333
YAR027W,YML092C,0,1.8384695,0.11685971915721893,0.9061876535415649,0.6863372921943665
YIL137C,YDR412W,0,1.8384031,0.11684467643499374,0.9061876535415649,0.6864373087882996
YOR195W,YIL009C-A,0,1.8380792,0.11682964116334915,0.9061876535415649,0.6865373253822327
YHR070W,YLR452C,0,1.8380656,0.11681461334228516,0.9061876535415649,0.6866373419761658
YDR074W,YGR036C,0,1.8377385,0.11679958552122116,0.9061876535415649,0.6867373585700989
YDR259C,YKR096W,0,1.8370082,0.11678456515073776,0.9061876535415649,0.686837375164032
YDR235W,YOR099W,0,1.8360521,0.11676954478025436,0.9061876535415649,0.6869373917579651
YDR332W,YLR092W,0,1.8359838,0.11675453186035156,0.9061876535415649,0.6870374083518982
YKL088W,YPR010C,1,1.835161,0.11686808615922928,0.9071856141090393,0.6870374083518982
YJR033C,YLR347C,0,1.8348879,0.11685306578874588,0.9071856141090393,0.6871374249458313
YDR101C,YPR081C,0,1.8343909,0.11683804541826248,0.9071856141090393,0.6872374415397644
YBR272C,YPR097W,0,1.833786,0.11682303249835968,0.9071856141090393,0.6873374581336975
YPL200W,YIL005W,0,1.8332961,0.11680801957845688,0.9071856141090393,0.6874374747276306
YBR097W,YGL237C,0,1.8331897,0.11679301410913467,0.9071856141090393,0.6875374913215637
YLR197W,YOR338W,0,1.8317146,0.11677800863981247,0.9071856141090393,0.6876375079154968
YOR315W,YOR180C,0,1.8313646,0.11676300317049026,0.9071856141090393,0.6877375245094299
YCR011C,YJL181W,0,1.8311963,0.11674801260232925,0.9071856141090393,0.687837541103363
YAL040C,YLL061W,0,1.8310381,0.11673301458358765,0.9071856141090393,0.6879376173019409
YHR072W-A,YOL002C,1,1.8306069,0.11684642732143402,0.9081836342811584,0.6879376173019409
YPL059W,YHR133C,0,1.8292232,0.11683142930269241,0.9081836342811584,0.688037633895874
YER068W,YDR470C,0,1.8286749,0.1168164312839508,0.9081836342811584,0.6881376504898071
YLR047C,YLR186W,0,1.8284227,0.1168014407157898,0.9081836342811584,0.6882376670837402
YFR010W,YML056C,0,1.8284109,0.11678645014762878,0.9081836342811584,0.6883376836776733
YPL051W,YHR039C-A,1,1.8283913,0.11689978092908859,0.9091816544532776,0.6883376836776733
YCL001W,YLR299W,0,1.8283248,0.11688478291034698,0.9091816544532776,0.6884377002716064
YDL140C,YPR022C,1,1.8273458,0.11699807643890381,0.910179615020752,0.6884377002716064
YGR098C,YKL139W,1,1.8273327,0.11711134016513824,0.9111776351928711,0.6884377002716064
YOL051W,YHR111W,0,1.8270136,0.11709631979465485,0.9111776351928711,0.6885377168655396
YGR229C,YBL064C,0,1.827003,0.11708129942417145,0.9111776351928711,0.6886377334594727
YDR014W,YOR120W,0,1.826608,0.11706629395484924,0.9111776351928711,0.6887377500534058
YCL016C,YBL113C,0,1.826579,0.11705128103494644,0.9111776351928711,0.6888377666473389
YOR157C,YBR093C,0,1.8264089,0.11703627556562424,0.9111776351928711,0.688937783241272
YAR044W,YPL179W,0,1.8259587,0.11702127754688263,0.9111776351928711,0.6890377998352051
YDR151C,YPL006W,0,1.8257637,0.11700627952814102,0.9111776351928711,0.6891378164291382
YLL053C,YKL132C,0,1.8255599,0.11699128895998001,0.9111776351928711,0.6892378330230713
YDL246C,YNL094W,0,1.8255506,0.116976298391819,0.9111776351928711,0.6893378496170044
YDR420W,YOR224C,1,1.8254521,0.1170894205570221,0.9121756553649902,0.6893378496170044
YDR040C,YJR135C,0,1.8247228,0.11707442253828049,0.9121756553649902,0.6894378662109375
YOR038C,YPL068C,0,1.8243256,0.11705942451953888,0.9121756553649902,0.6895378828048706
YCR077C,YFR030W,0,1.824147,0.11704443395137787,0.9121756553649902,0.6896378993988037
YOR204W,YDR236C,0,1.824046,0.11702945083379745,0.9121756553649902,0.6897379755973816
YEL039C,YPL104W,0,1.8239472,0.11701446771621704,0.9121756553649902,0.6898379921913147
YLR313C,YML132W,0,1.8233645,0.11699948459863663,0.9121756553649902,0.6899380087852478
YIL137C,YLR010C,0,1.8231645,0.11698451638221741,0.9121756553649902,0.6900380253791809
YJR066W,YHR072W-A,1,1.8230836,0.11709751933813095,0.9131736755371094,0.6900380253791809
YJL114W,YBR175W,0,1.8229415,0.11708253622055054,0.9131736755371094,0.690138041973114
YOL004W,YPL083C,0,1.8229009,0.11706755310297012,0.9131736755371094,0.6902380585670471
YGL183C,YBR141C,0,1.8226436,0.1170525774359703,0.9131736755371094,0.6903380751609802
YLL001W,YIL030C,0,1.822484,0.11703760921955109,0.9131736755371094,0.6904380917549133
YGL147C,YOR287C,0,1.8202419,0.11702263355255127,0.9131736755371094,0.6905381083488464
YBR020W,YML059C,0,1.8195288,0.11700767278671265,0.9131736755371094,0.6906381249427795
YBR208C,YOR117W,0,1.8158962,0.11699271202087402,0.9131736755371094,0.6907381415367126
YCR091W,YLR192C,0,1.8150582,0.116977758705616,0.9131736755371094,0.6908381581306458
YBR160W,YIL039W,0,1.8147676,0.11696280539035797,0.9131736755371094,0.6909381747245789
YIL108W,YKR061W,0,1.8137019,0.11694785207509995,0.9131736755371094,0.691038191318512
YFL029C,YPL048W,0,1.813586,0.11693290621042252,0.9131736755371094,0.6911382079124451
YBR111W-A,YJL071W,0,1.8133564,0.11691796779632568,0.9131736755371094,0.6912382245063782
YGR251W,YJR001W,0,1.8129365,0.11690302938222885,0.9131736755371094,0.6913382411003113
YPL104W,YLR413W,0,1.8129247,0.11688809096813202,0.9131736755371094,0.6914383172988892
YKR083C,YIL177C,0,1.812527,0.11687316745519638,0.9131736755371094,0.6915383338928223
YER055C,YJL030W,0,1.8124645,0.11685823649168015,0.9131736755371094,0.6916383504867554
YLR325C,YKL043W,0,1.8118664,0.1168433129787445,0.9131736755371094,0.6917383670806885
YOR335C,YJL103C,0,1.8117237,0.11682839691638947,0.9131736755371094,0.6918383836746216
YJR102C,YJR092W,0,1.8106395,0.11681348085403442,0.9131736755371094,0.6919384002685547
YKL182W,YOR011W,0,1.8102262,0.11679857224225998,0.9131736755371094,0.6920384168624878
YOR393W,YFL066C,0,1.8101625,0.11678366363048553,0.9131736755371094,0.6921384334564209
YDR447C,YNL288W,0,1.8094156,0.11676876246929169,0.9131736755371094,0.692238450050354
YGL123W,YBR301W,0,1.8087571,0.11675386130809784,0.9131736755371094,0.6923384666442871
YJR035W,YKL021C,0,1.8084323,0.11673896759748459,0.9131736755371094,0.6924384832382202
YNL131W,YMR194W,0,1.8079756,0.11672407388687134,0.9131736755371094,0.6925384998321533
YDR126W,YGR193C,0,1.8076956,0.11670918017625809,0.9131736755371094,0.6926385164260864
YCR047C,YOL142W,0,1.8074512,0.11669430136680603,0.9131736755371094,0.6927385330200195
YJL174W,YOL108C,0,1.8068643,0.11667941510677338,0.9131736755371094,0.6928385496139526
YPL100W,YDR292C,0,1.8066437,0.11666454374790192,0.9131736755371094,0.6929385662078857
YNR002C,YBL090W,0,1.8064417,0.11664966493844986,0.9131736755371094,0.6930385828018188
YLR220W,YHR060W,0,1.8063645,0.116634801030159,0.9131736755371094,0.693138599395752
YBL017C,YNL289W,0,1.806143,0.11661993712186813,0.9131736755371094,0.6932386755943298
YOR126C,YKL096W-A,0,1.8059593,0.11660507321357727,0.9131736755371094,0.6933386921882629
YNL175C,YKL061W,0,1.8049015,0.116590216755867,0.9131736755371094,0.693438708782196
YCL075W,YGL162W,0,1.80444,0.11657536029815674,0.9131736755371094,0.6935387253761292
YIL048W,YKL039W,0,1.803899,0.11656051129102707,0.9131736755371094,0.6936387419700623
YHL038C,YGL167C,0,1.8033576,0.1165456622838974,0.9131736755371094,0.6937387585639954
YNL176C,YNL044W,0,1.8033192,0.11653082072734833,0.9131736755371094,0.6938387751579285
YNR071C,YDL065C,0,1.8032911,0.11651597917079926,0.9131736755371094,0.6939387917518616
YDL012C,YOR246C,0,1.8032324,0.11650114506483078,0.9131736755371094,0.6940388083457947
YLR228C,YMR045C,0,1.8030533,0.1164863109588623,0.9131736755371094,0.6941388249397278
YCL068C,YMR168C,0,1.8024114,0.11647148430347443,0.9131736755371094,0.6942388415336609
YDL018C,YNL178W,0,1.8024049,0.11645666509866714,0.9131736755371094,0.694338858127594
YOL071W,YCL060C,0,1.8023179,0.11644184589385986,0.9131736755371094,0.6944388747215271
YER090W,YBR012W-A,0,1.8022225,0.11642702668905258,0.9131736755371094,0.6945388913154602
YBR231C,YHR209W,0,1.8013642,0.1164122149348259,0.9131736755371094,0.6946389079093933
YHL032C,YNL191W,0,1.8012314,0.11639740318059921,0.9131736755371094,0.6947389245033264
YPR169W,YHR164C,0,1.8006794,0.11638259887695312,0.9131736755371094,0.6948389410972595
YGL116W,YGL035C,0,1.8006641,0.11636780202388763,0.9131736755371094,0.6949390172958374
YGR212W,YEL052W,0,1.8005631,0.11635299772024155,0.9131736755371094,0.6950390338897705
YNL218W,YLL067C,0,1.8005141,0.11633820831775665,0.9131736755371094,0.6951390504837036
YDL246C,YOL096C,0,1.800125,0.11632341891527176,0.9131736755371094,0.6952390670776367
YML015C,YJR133W,0,1.8000727,0.11630862951278687,0.9131736755371094,0.6953390836715698
YBR043C,YCL074W,0,1.7995493,0.11629384756088257,0.9131736755371094,0.6954391002655029
YKR028W,YBR100W,0,1.798593,0.11627907305955887,0.9131736755371094,0.695539116859436
YLR182W,YMR065W,0,1.7981987,0.11626429110765457,0.9131736755371094,0.6956391334533691
YOR065W,YLL066C,0,1.7969993,0.11624952405691147,0.9131736755371094,0.6957391500473022
YBL087C,YDR398W,0,1.796217,0.11623475700616837,0.9131736755371094,0.6958391666412354
YDR019C,YMR086W,0,1.7960799,0.11621998995542526,0.9131736755371094,0.6959391832351685
YPL167C,YHL050C,0,1.7958696,0.11620523035526276,0.9131736755371094,0.6960391998291016
YLR130C,YMR006C,0,1.7957771,0.11619047820568085,0.9131736755371094,0.6961392164230347
YBR159W,YPL097W,0,1.7943555,0.11617572605609894,0.9131736755371094,0.6962392330169678
YJL136C,YCR029C-A,0,1.7942064,0.11616097390651703,0.9131736755371094,0.6963392496109009
YIL125W,YNL066W,0,1.794147,0.11614622920751572,0.9131736755371094,0.696439266204834
YJR149W,YML095C,0,1.7939975,0.116131491959095,0.9131736755371094,0.6965392827987671
YLL041C,YDL135C,0,1.7931243,0.11611675471067429,0.9131736755371094,0.6966392993927002
YAL023C,YMR072W,0,1.7928759,0.11610201746225357,0.9131736755371094,0.6967393755912781
YOL028C,YJL144W,0,1.7928241,0.11608728766441345,0.9131736755371094,0.6968393921852112
YIL039W,YPR047W,0,1.7922323,0.11607255786657333,0.9131736755371094,0.6969394087791443
YMR017W,YKR056W,0,1.7921191,0.11605783551931381,0.9131736755371094,0.6970394253730774
YNR047W,YEL065W,0,1.7920918,0.11604312062263489,0.9131736755371094,0.6971394419670105
YIL005W,YGR235C,0,1.7920218,0.11602840572595596,0.9131736755371094,0.6972394585609436
YDR235W,YKR027W,0,1.7908957,0.11601369082927704,0.9131736755371094,0.6973394751548767
YFL035C-B,YIL035C,1,1.7905998,0.11612576246261597,0.9141716361045837,0.6973394751548767
YMR221C,YBR055C,0,1.7904981,0.11611104011535645,0.9141716361045837,0.6974394917488098
YMR056C,YER032W,0,1.7902322,0.11609632521867752,0.9141716361045837,0.6975395083427429
YHL050C,YDR288W,0,1.7898293,0.1160816103219986,0.9141716361045837,0.697639524936676
YFL014W,YCR097WB,0,1.7896669,0.11606690287590027,0.9141716361045837,0.6977395415306091
YAR009C,YPR188C,0,1.7889687,0.11605219542980194,0.9141716361045837,0.6978395581245422
YOR087W,YDR441C,0,1.7887319,0.11603749543428421,0.9141716361045837,0.6979395747184753
YOL078W,YJR149W,0,1.7884064,0.11602280288934708,0.9141716361045837,0.6980395913124084
YBR082C,YOL101C,0,1.7872825,0.11600810289382935,0.9141716361045837,0.6981396079063416
YHR214W,YCR057C,0,1.7871752,0.11599341779947281,0.9141716361045837,0.6982396245002747
YLR061W,YKL210W,0,1.7866687,0.11597872525453568,0.9141716361045837,0.6983396410942078
YBL017C,YLL040C,0,1.786486,0.11596404761075974,0.9141716361045837,0.6984397172927856
YDL110C,YDR460W,0,1.7863586,0.1159493699669838,0.9141716361045837,0.6985397338867188
YMR302C,YGL157W,0,1.7862325,0.11593469232320786,0.9141716361045837,0.6986397504806519
YCL004W,YLL061W,0,1.7860578,0.11592002213001251,0.9141716361045837,0.698739767074585
YEL052W,YML018C,0,1.7859857,0.11590535193681717,0.9141716361045837,0.6988397836685181
YOL066C,YGL186C,0,1.7852819,0.11589068919420242,0.9141716361045837,0.6989398002624512
YDR532C,YFL021W,0,1.7844149,0.11587602645158768,0.9141716361045837,0.6990398168563843
YEL041W,YHR005C,0,1.7840931,0.11586137115955353,0.9141716361045837,0.6991398334503174
YGR068C,YDL129W,1,1.7838287,0.11597318947315216,0.9151696562767029,0.6991398334503174
YNL070W,YHR140W,0,1.7833811,0.11595852673053741,0.9151696562767029,0.6992398500442505
YJR151C,YGL229C,0,1.7827961,0.11594386398792267,0.9151696562767029,0.6993398666381836
YDR238C,YLR377C,0,1.7826837,0.11592920124530792,0.9151696562767029,0.6994398832321167
YCL032W,YLL055W,0,1.7826561,0.11591454595327377,0.9151696562767029,0.6995398998260498
YGL045W,YLR318W,0,1.7816172,0.11589989811182022,0.9151696562767029,0.6996399164199829
YGR272C,YOL002C,1,1.7814703,0.11601162701845169,0.916167676448822,0.6996399164199829
YOL139C,YDR284C,0,1.7813746,0.11599696427583694,0.916167676448822,0.699739933013916
YBR037C,YDR476C,0,1.7800734,0.1159823089838028,0.916167676448822,0.6998399496078491
YCL039W,YHR047C,0,1.780056,0.11596766114234924,0.916167676448822,0.6999399662017822
YLR194C,YJR104C,0,1.7798554,0.11595301330089569,0.916167676448822,0.7000399827957153
YMR268W-A,YLR092W,0,1.7790738,0.11593836545944214,0.916167676448822,0.7001399993896484
YGR222W,YKR026C,0,1.7789795,0.11592372506856918,0.916167676448822,0.7002400755882263
YDR414C,YJR119C,0,1.7786249,0.11590909212827682,0.916167676448822,0.7003400921821594
YDL129W,YPL082C,1,1.7784394,0.11602070182561874,0.9171656966209412,0.7003400921821594
YHR204W,YGR144W,0,1.777853,0.11600606143474579,0.9171656966209412,0.7004401087760925
YBL006C,YML121W,1,1.777556,0.11611763387918472,0.9181636571884155,0.7004401087760925
YOR061W,YKL139W,1,1.7775164,0.11622917652130127,0.9191616773605347,0.7004401087760925
YFR037C,YDR448W,0,1.7772928,0.11621451377868652,0.9191616773605347,0.7005401253700256
YNR071C,YDL138W,0,1.7767141,0.11619985103607178,0.9191616773605347,0.7006401419639587
YKL022C,YMR080C,0,1.7764579,0.11618518829345703,0.9191616773605347,0.7007401585578918
YFR040W,YIL036W,0,1.7760952,0.11617053300142288,0.9191616773605347,0.700840175151825
YMR221C,YPL096W,0,1.7758843,0.11615588515996933,0.9191616773605347,0.7009401917457581
YAL015C,YBR170C,0,1.7757988,0.11614123731851578,0.9191616773605347,0.7010402083396912
YPL049C,YAL060W,0,1.7756586,0.11612658947706223,0.9191616773605347,0.7011402249336243
YBR072W,YPR174C,0,1.7752032,0.11611194908618927,0.9191616773605347,0.7012402415275574
YPL006W,YNR007C,0,1.775032,0.11609731614589691,0.9191616773605347,0.7013402581214905
YNL142W,YER007W,0,1.7749956,0.11608268320560455,0.9191616773605347,0.7014402747154236
YGR234W,YJL225C,0,1.7747439,0.1160680502653122,0.9191616773605347,0.7015402913093567
YMR270C,YPL027W,0,1.7746288,0.11605342477560043,0.9191616773605347,0.7016403079032898
YKL134C,YPL075W,0,1.774415,0.11603880673646927,0.9191616773605347,0.7017403244972229
YOR283W,YER071C,0,1.7741883,0.1160241886973381,0.9191616773605347,0.701840341091156
YJL019W,YLL067C,0,1.7740521,0.11600957065820694,0.9191616773605347,0.7019404172897339
YLR325C,YDR175C,0,1.7740377,0.11599496006965637,0.9191616773605347,0.702040433883667
YLR047C,YJR147W,0,1.7731613,0.1159803569316864,0.9191616773605347,0.7021404504776001
YDL015C,YGR035C,0,1.7730703,0.11596575379371643,0.9191616773605347,0.7022404670715332
YBR095C,YLR157C,0,1.7728995,0.11595115065574646,0.9191616773605347,0.7023404836654663
YNL236W,YKR055W,0,1.7719389,0.11593655496835709,0.9191616773605347,0.7024405002593994
YNL178W,YER153C,0,1.7710233,0.11592196673154831,0.9191616773605347,0.7025405168533325
YBL038W,YDR227W,0,1.7706981,0.11590737849473953,0.9191616773605347,0.7026405334472656
YBR141C,YPR163C,0,1.7701106,0.11589279025793076,0.9191616773605347,0.7027405500411987
YBR185C,YLR448W,0,1.7697651,0.11587820947170258,0.9191616773605347,0.7028405666351318
YDL215C,YBR162W-A,0,1.7697072,0.1158636286854744,0.9191616773605347,0.7029405832290649
YGL112C,YIR005W,0,1.7694846,0.11584905534982681,0.9191616773605347,0.703040599822998
YGL103W,YER159C,0,1.769351,0.11583448946475983,0.9191616773605347,0.7031406164169312
YJR089W,YHR207C,0,1.7691662,0.11581991612911224,0.9191616773605347,0.7032406330108643
YOR327C,YNL202W,0,1.7686881,0.11580535769462585,0.9191616773605347,0.7033406496047974
YJL012C,YNR018W,0,1.7680248,0.11579079926013947,0.9191616773605347,0.7034406661987305
YHR194W,YOR301W,0,1.7677983,0.11577624082565308,0.9191616773605347,0.7035406827926636
YNL103W,YER171W,0,1.7673419,0.11576168984174728,0.9191616773605347,0.7036406993865967
YOR294W,YDL119C,0,1.766782,0.11574713885784149,0.9191616773605347,0.7037407755851746
YGR080W,YGR292W,0,1.7664309,0.1157325953245163,0.9191616773605347,0.7038407921791077
YKL095W,YPL221W,0,1.7658479,0.1157180517911911,0.9191616773605347,0.7039408087730408
YHR143W-A,YFL035C-B,1,1.7652425,0.11582914739847183,0.9201596975326538,0.7039408087730408
YDR497C,YOL098C,0,1.7650728,0.11581459641456604,0.9201596975326538,0.7040408253669739
YHR037W,YPR178W,0,1.763659,0.11580005288124084,0.9201596975326538,0.704140841960907
YBR267W,YPR096C,0,1.7628036,0.11578550934791565,0.9201596975326538,0.7042408585548401
YMR186W,YGR099W,0,1.7624035,0.11577096581459045,0.9201596975326538,0.7043408751487732
YBR264C,YMR315W,0,1.7623409,0.11575643718242645,0.9201596975326538,0.7044408917427063
YPR167C,YPR194C,0,1.7617872,0.11574190109968185,0.9201596975326538,0.7045409083366394
YNL330C,YOR274W,0,1.7617306,0.11572737246751785,0.9201596975326538,0.7046409249305725
YBR101C,YBL090W,0,1.7615058,0.11571285128593445,0.9201596975326538,0.7047409415245056
YDL070W,YBL112C,0,1.7612848,0.11569833010435104,0.9201596975326538,0.7048409581184387
YGR180C,YBR009C,0,1.7612336,0.11568381637334824,0.9201596975326538,0.7049409747123718
YJR135W-A,YLR190W,0,1.7609496,0.11566930264234543,0.9201596975326538,0.7050409913063049
YDR341C,YOR389W,0,1.7606657,0.11565478891134262,0.9201596975326538,0.705141007900238
YLR381W,YJL090C,0,1.7606094,0.11564028263092041,0.9201596975326538,0.7052410244941711
YPL155C,YOL108C,0,1.7601717,0.1156257838010788,0.9201596975326538,0.7053410410881042
YKL077W,YGL198W,0,1.7593961,0.11561128497123718,0.9201596975326538,0.7054411172866821
YDR262W,YML067C,0,1.7592561,0.11559679359197617,0.9201596975326538,0.7055411338806152
YJL012C,YML045W,0,1.7590325,0.11558230221271515,0.9201596975326538,0.7056411504745483
YIL172C,YLR466W,0,1.7589054,0.11556781083345413,0.9201596975326538,0.7057411670684814
YKR062W,YDR453C,0,1.7570001,0.11555332690477371,0.9201596975326538,0.7058411836624146
YIR017C,YKL028W,0,1.7569344,0.11553885042667389,0.9201596975326538,0.7059412002563477
YGL233W,YMR177W,0,1.756815,0.11552437394857407,0.9201596975326538,0.7060412168502808
YDL121C,YDL119C,0,1.7559584,0.11550989747047424,0.9201596975326538,0.7061412334442139
YJL186W,YGL169W,0,1.7557821,0.11549542844295502,0.9201596975326538,0.706241250038147
YMR211W,YLR045C,0,1.7555323,0.11548095941543579,0.9201596975326538,0.7063412666320801
YFL044C,YPL018W,0,1.7549905,0.11546649783849716,0.9201596975326538,0.7064412832260132
YOR290C,YPL021W,0,1.7549127,0.11545204371213913,0.9201596975326538,0.7065412998199463
YNL286W,YER081W,0,1.7534282,0.1154375895857811,0.9201596975326538,0.7066413164138794
YDR177W,YNL274C,0,1.7527952,0.11542313545942307,0.9201596975326538,0.7067413330078125
YOR123C,YDR451C,0,1.7524276,0.11540868878364563,0.9201596975326538,0.7068413496017456
YER056C-A,YDR397C,0,1.75231,0.1153942421078682,0.9201596975326538,0.7069413661956787
YPL131W,YEL018W,0,1.7521607,0.11537980288267136,0.9201596975326538,0.7070413827896118
YEL024W,YIL124W,0,1.7519557,0.11536536365747452,0.9201596975326538,0.7071413993835449
YBR049C,YEL016C,1,1.7519088,0.11547604203224182,0.9211576581001282,0.7071413993835449
YDL105W,YOR090C,0,1.7514184,0.11546159535646439,0.9211576581001282,0.7072414755821228
YDR318W,YML049C,0,1.7496054,0.11544715613126755,0.9211576581001282,0.7073414921760559
YAL022C,YPR171W,0,1.748026,0.11543271690607071,0.9211576581001282,0.707441508769989
YDL008W,YMR051C,0,1.7477884,0.11541828513145447,0.9211576581001282,0.7075415253639221
YAR007C,YOR372C,0,1.7474419,0.11540385335683823,0.9211576581001282,0.7076415419578552
YOL096C,YML127W,0,1.7465185,0.11538942158222198,0.9211576581001282,0.7077415585517883
YGL051W,YLL066C,0,1.7461009,0.11537499725818634,0.9211576581001282,0.7078415751457214
YFL010W-A,YDL180W,0,1.7454305,0.11536058038473129,0.9211576581001282,0.7079415917396545
YDR367W,YLR215C,0,1.7450969,0.11534616351127625,0.9211576581001282,0.7080416083335876
YGR077C,YNL092W,0,1.7448766,0.1153317540884018,0.9211576581001282,0.7081416249275208
YKL077W,YDR410C,0,1.744797,0.11531734466552734,0.9211576581001282,0.7082416415214539
YBR187W,YMR074C,0,1.7437913,0.1153029352426529,0.9211576581001282,0.708341658115387
YNL048W,YBL074C,0,1.743482,0.11528853327035904,0.9211576581001282,0.7084416747093201
YCR005C,YJL114W,0,1.7430804,0.11527413874864578,0.9211576581001282,0.7085416913032532
YOR291W,YGL129C,0,1.7428586,0.11525973677635193,0.9211576581001282,0.7086417078971863
YHL044W,YDR334W,0,1.7426655,0.11524534970521927,0.9211576581001282,0.7087417244911194
YPL120W,YJL216C,0,1.7422664,0.11523096263408661,0.9211576581001282,0.7088417410850525
YML121W,YHR039C-B,1,1.7422035,0.11534140259027481,0.9221556782722473,0.7088417410850525
YOR279C,YBR012W-A,0,1.7418327,0.11532700806856155,0.9221556782722473,0.7089418172836304
YGR272C,YML091C,0,1.7415705,0.1153126135468483,0.9221556782722473,0.7090418338775635
YJL106W,YKL042W,0,1.7410704,0.11529822647571564,0.9221556782722473,0.7091418504714966
YFL035C-B,YNL056W,1,1.7407188,0.11540860682725906,0.9231536984443665,0.7091418504714966
YLR260W,YIL037C,0,1.740521,0.1153942123055458,0.9231536984443665,0.7092418670654297
YOR224C,YMR042W,1,1.7404999,0.11550455540418625,0.9241517186164856,0.7092418670654297
YGR184C,YDR078C,0,1.7403595,0.1154901459813118,0.9241517186164856,0.7093418836593628
YDR177W,YGL098W,0,1.7397166,0.11547574400901794,0.9241517186164856,0.7094419002532959
YOL156W,YGL191W,0,1.7396001,0.11546134948730469,0.9241517186164856,0.709541916847229
YLR337W,YOR091W,0,1.739491,0.11544695496559143,0.9241517186164856,0.7096419334411621
YOR287C,YJL026W,0,1.738717,0.11543256044387817,0.9241517186164856,0.7097419500350952
YFR027W,YER174C,0,1.7382865,0.11541817337274551,0.9241517186164856,0.7098419666290283
YER046W,YNL122C,0,1.7381995,0.11540378630161285,0.9241517186164856,0.7099419832229614
YJL149W,YPR002W,0,1.7377276,0.11538940668106079,0.9241517186164856,0.7100419998168945
YJL173C,YGL229C,0,1.7373068,0.11537503451108932,0.9241517186164856,0.7101420164108276
YAL011W,YNL242W,0,1.7367203,0.11536065489053726,0.9241517186164856,0.7102420330047607
YLL062C,YDR238C,0,1.7357664,0.11534629017114639,0.9241517186164856,0.7103420495986938
YLR268W,YNR021W,0,1.7355512,0.11533192545175552,0.9241517186164856,0.710442066192627
YMR087W,YMR296C,0,1.7334044,0.11531756073236465,0.9241517186164856,0.7105420827865601
YDR174W,YNL056W,1,1.7324653,0.11542771756649017,0.92514967918396,0.7105420827865601
YLR321C,YGR205W,0,1.7320032,0.11541334539651871,0.92514967918396,0.7106420993804932
YPR037C,YKL078W,0,1.7305977,0.11539898067712784,0.92514967918396,0.710742175579071
YDR009W,YPL113C,0,1.730438,0.11538461595773697,0.92514967918396,0.7108421921730042
YGL144C,YOR193W,0,1.7295734,0.1153702586889267,0.92514967918396,0.7109422087669373
YDL072C,YOR067C,0,1.7295182,0.11535590142011642,0.92514967918396,0.7110422253608704
YFR030W,YKL144C,0,1.7294865,0.11534154415130615,0.92514967918396,0.7111422419548035
YOL067C,YLR323C,0,1.7292281,0.11532719433307648,0.92514967918396,0.7112422585487366
YLR056W,YPR105C,0,1.7291435,0.1153128519654274,0.92514967918396,0.7113422751426697
YLR284C,YER060W,0,1.7289807,0.11529850959777832,0.92514967918396,0.7114422917366028
YOR019W,YDR298C,0,1.7284913,0.11528416723012924,0.92514967918396,0.7115423083305359
YGL167C,YOR179C,0,1.7281766,0.11526983231306076,0.92514967918396,0.711642324924469
YKR050W,YDR207C,0,1.7281666,0.11525550484657288,0.92514967918396,0.7117423415184021
YEL032W,YFL033C,0,1.7276577,0.1152411699295044,0.92514967918396,0.7118423581123352
YOL156W,YNL131W,0,1.7270284,0.1152268499135971,0.92514967918396,0.7119423747062683
YAL068C,YIL047C,0,1.7260411,0.11521252989768982,0.92514967918396,0.7120423913002014
YGL205W,YCR045C,0,1.7257934,0.11519820988178253,0.92514967918396,0.7121424078941345
YIL083C,YDL074C,0,1.7252624,0.11518389731645584,0.92514967918396,0.7122424244880676
YKL100C,YDR060W,0,1.7248583,0.11516958475112915,0.92514967918396,0.7123424410820007
YOL007C,YHR005C-A,0,1.723279,0.11515527963638306,0.92514967918396,0.7124425172805786
YER068W,YLR239C,0,1.7226416,0.11514097452163696,0.92514967918396,0.7125425338745117
YLL002W,YKL078W,0,1.7223897,0.11512667685747147,0.92514967918396,0.7126425504684448
YML087C,YHR085W,0,1.7220137,0.11511237919330597,0.92514967918396,0.7127425670623779
YNL138W,YIL043C,0,1.7214353,0.11509808897972107,0.92514967918396,0.712842583656311
YLR352W,YPL193W,0,1.7209009,0.11508379876613617,0.92514967918396,0.7129426002502441
YGL205W,YNR067C,0,1.7205555,0.11506951600313187,0.92514967918396,0.7130426168441772
YPL121C,YBL072C,0,1.720434,0.11505523324012756,0.92514967918396,0.7131426334381104
YNL122C,YPL168W,0,1.7199202,0.11504095047712326,0.92514967918396,0.7132426500320435
YJR121W,YFR036W,0,1.7190698,0.11502667516469955,0.92514967918396,0.7133426666259766
YBR180W,YBR142W,0,1.7189437,0.11501240730285645,0.92514967918396,0.7134426832199097
YMR221C,YER138C,0,1.7180758,0.11499813944101334,0.92514967918396,0.7135426998138428
YBR207W,YOR378W,0,1.7179539,0.11498387157917023,0.92514967918396,0.7136427164077759
YJR084W,YJL090C,0,1.717494,0.11496961116790771,0.92514967918396,0.713742733001709
YEL070W,YIL038C,0,1.717411,0.1149553582072258,0.92514967918396,0.7138427495956421
YGL170C,YCL016C,0,1.717337,0.11494110524654388,0.92514967918396,0.7139427661895752
YML037C,YOR143C,0,1.716047,0.11492685228586197,0.92514967918396,0.7140427827835083
YML101C,YOL002C,1,1.7148489,0.11503656953573227,0.9261476993560791,0.7140427827835083
YHR135C,YLR099C,0,1.7146027,0.11502230912446976,0.9261476993560791,0.7141427993774414
YBR238C,YJR097W,0,1.7144008,0.11500805616378784,0.9261476993560791,0.7142428755760193
YLR337W,YGL078C,0,1.7137176,0.11499380320310593,0.9261476993560791,0.7143428921699524
YER060W,YOL082W,0,1.7132707,0.11497955769300461,0.9261476993560791,0.7144429087638855
YOR373W,YEL017C-A,0,1.7130712,0.11496531218290329,0.9261476993560791,0.7145429253578186
YLR353W,YDR465C,0,1.7124052,0.11495107412338257,0.9261476993560791,0.7146429419517517
YOR227W,YNL020C,0,1.7119955,0.11493683606386185,0.9261476993560791,0.7147429585456848
YFL035C-B,YOL031C,0,1.711928,0.11492259800434113,0.9261476993560791,0.7148429751396179
YGR263C,YBR090C-A,0,1.7113972,0.114908367395401,0.9261476993560791,0.714942991733551
YJL083W,YBL052C,0,1.7103262,0.11489414423704147,0.9261476993560791,0.7150430083274841
YFL038C,YHR051W,0,1.7095704,0.11487992107868195,0.9261476993560791,0.7151430249214172
YBL041W,YPL092W,0,1.7095281,0.11486569792032242,0.9261476993560791,0.7152430415153503
YDR082W,YFR052W,0,1.7093613,0.11485148221254349,0.9261476993560791,0.7153430581092834
YCL057C-A,YBR074W,0,1.7087742,0.11483727395534515,0.9261476993560791,0.7154430747032166
YLR141W,YJR155W,0,1.7080106,0.11482306569814682,0.9261476993560791,0.7155430912971497
YPR188C,YJL114W,0,1.70688,0.11480885744094849,0.9261476993560791,0.7156431078910828
YML073C,YJL087C,0,1.7053587,0.11479465663433075,0.9261476993560791,0.7157431244850159
YLR433C,YBR100W,0,1.704746,0.11478045582771301,0.9261476993560791,0.715843141078949
YNL012W,YER007W,0,1.7039989,0.11476626247167587,0.9261476993560791,0.7159432172775269
YDL140C,YGL213C,0,1.7032069,0.11475206911563873,0.9261476993560791,0.71604323387146
YBR192W,YNL070W,0,1.7029567,0.11473788321018219,0.9261476993560791,0.7161432504653931
YNR027W,YBR241C,0,1.7027173,0.11472369730472565,0.9261476993560791,0.7162432670593262
YOL052C-A,YER014C-A,0,1.7025228,0.1147095188498497,0.9261476993560791,0.7163432836532593
YJL079C,YLR086W,0,1.7022417,0.11469534039497375,0.9261476993560791,0.7164433002471924
YIL064W,YGR218W,0,1.7013941,0.1146811693906784,0.9261476993560791,0.7165433168411255
YNL189W,YBR230C,0,1.7006371,0.11466699838638306,0.9261476993560791,0.7166433334350586
YFL054C,YML009C,0,1.6997035,0.11465282738208771,0.9261476993560791,0.7167433500289917
YKR009C,YOR131C,0,1.6996908,0.11463866382837296,0.9261476993560791,0.7168433666229248
YIL108W,YPR091C,0,1.6996008,0.1146245077252388,0.9261476993560791,0.7169433832168579
YDR172W,YKR064W,0,1.6990714,0.11461035162210464,0.9261476993560791,0.717043399810791
YOR242C,YER145C,0,1.6976784,0.11459619551897049,0.9261476993560791,0.7171434164047241
YJR027W,YOR113W,0,1.6975499,0.11458204686641693,0.9261476993560791,0.7172434329986572
YGR234W,YIR023W,0,1.6974847,0.11456789821386337,0.9261476993560791,0.7173434495925903
YOR129C,YHR079C-B,0,1.6974139,0.11455375701189041,0.9261476993560791,0.7174434661865234
YKL062W,YNL331C,0,1.6967809,0.11453962326049805,0.9261476993560791,0.7175434827804565
YGL190C,YMR204C,0,1.6966113,0.11452548205852509,0.9261476993560791,0.7176434993743896
YCR044C,YBR260C,0,1.6962507,0.11451135575771332,0.9261476993560791,0.7177435755729675
YPL095C,YLL001W,0,1.6962225,0.11449722200632095,0.9261476993560791,0.7178435921669006
YGR001C,YOR079C,0,1.6962173,0.11448309570550919,0.9261476993560791,0.7179436087608337
YJR149W,YHR165C,0,1.6961949,0.11446897685527802,0.9261476993560791,0.7180436253547668
YLR429W,YBR198C,0,1.6946113,0.11445485800504684,0.9261476993560791,0.7181436419487
YGR044C,YHR214W,0,1.6945579,0.11444074660539627,0.9261476993560791,0.7182436585426331
YML055W,YOR357C,0,1.6945262,0.1144266352057457,0.9261476993560791,0.7183436751365662
YOR098C,YIL160C,0,1.6943941,0.11441252380609512,0.9261476993560791,0.7184436917304993
YDR508C,YLR039C,0,1.6941442,0.11439841985702515,0.9261476993560791,0.7185437083244324
YDL198C,YLR001C,0,1.6941211,0.11438432335853577,0.9261476993560791,0.7186437249183655
YPR086W,YPR047W,0,1.6939663,0.11437022686004639,0.9261476993560791,0.7187437415122986
YLR194C,YJR025C,0,1.6938014,0.114356130361557,0.9261476993560791,0.7188437581062317
YER190W,YDL024C,0,1.6936457,0.11434204131364822,0.9261476993560791,0.7189437747001648
YLR312C-B,YPR162C,0,1.6936166,0.11432795226573944,0.9261476993560791,0.7190437912940979
YNL216W,YLR126C,0,1.6921446,0.11431387066841125,0.9261476993560791,0.719143807888031
YER014C-A,YOR323C,0,1.6919514,0.11429978907108307,0.9261476993560791,0.7192438244819641
YOR251C,YLR187W,0,1.6911197,0.11428571492433548,0.9261476993560791,0.7193438410758972
YLR288C,YOR338W,0,1.6901147,0.11427164077758789,0.9261476993560791,0.7194439172744751
YMR117C,YMR023C,0,1.6900754,0.1142575740814209,0.9261476993560791,0.7195439338684082
YNL130C,YOR356W,0,1.6898353,0.1142435073852539,0.9261476993560791,0.7196439504623413
YLR055C,YNL118C,0,1.687934,0.11422944068908691,0.9261476993560791,0.7197439670562744
YNL262W,YML042W,0,1.6874624,0.11421538144350052,0.9261476993560791,0.7198439836502075
YDL245C,YCL005W-A,0,1.6868222,0.11420132964849472,0.9261476993560791,0.7199440002441406
YDR405W,YPR174C,0,1.6865442,0.11418727785348892,0.9261476993560791,0.7200440168380737
YGL035C,YBR075W,0,1.6864326,0.11417322605848312,0.9261476993560791,0.7201440334320068
YGR224W,YDR468C,0,1.6864102,0.11415918171405792,0.9261476993560791,0.7202440500259399
YMR051C,YGR099W,0,1.685982,0.11414514482021332,0.9261476993560791,0.720344066619873
YEL058W,YPL038W,0,1.6859589,0.11413110047578812,0.9261476993560791,0.7204440832138062
YPL126W,YDR466W,0,1.6849864,0.11411707103252411,0.9261476993560791,0.7205440998077393
YIL155C,YJL065C,0,1.6808035,0.1141030341386795,0.9261476993560791,0.7206441164016724
YPR163C,YJL021C,0,1.6806104,0.1140890121459961,0.9261476993560791,0.7207441329956055
YOR156C,YIL144W,0,1.6803231,0.11407498270273209,0.9261476993560791,0.7208441495895386
YDR324C,YDL129W,1,1.6798971,0.11418387293815613,0.9271457195281982,0.7208441495895386
YOR242C,YDR453C,0,1.679077,0.11416984349489212,0.9271457195281982,0.7209441661834717
YDL245C,YER102W,0,1.678714,0.11415581405162811,0.9271457195281982,0.7210441827774048
YLL012W,YGR272C,0,1.6786528,0.1141417846083641,0.9271457195281982,0.7211441993713379
YOR346W,YOR323C,0,1.678387,0.1141277626156807,0.9271457195281982,0.7212442755699158
YNR031C,YOR011W,0,1.6779817,0.11411374807357788,0.9271457195281982,0.7213442921638489
YHL038C,YML049C,0,1.6776195,0.11409972608089447,0.9271457195281982,0.721444308757782
YJL012C-A,YDR083W,0,1.6774756,0.11408571898937225,0.9271457195281982,0.7215443253517151
YOR136W,YMR109W,0,1.6770928,0.11407171189785004,0.9271457195281982,0.7216443419456482
YLR126C,YJR022W,0,1.6757829,0.11405770480632782,0.9271457195281982,0.7217443585395813
YKR078W,YGL139W,0,1.6755633,0.1140437051653862,0.9271457195281982,0.7218443751335144
YCL018W,YDL130W-A,0,1.6752714,0.11402970552444458,0.9271457195281982,0.7219443917274475
YJR101W,YLR401C,0,1.674411,0.11401570588350296,0.9271457195281982,0.7220444083213806
YDR032C,YOL142W,0,1.6741726,0.11400172114372253,0.9271457195281982,0.7221444249153137
YGL240W,YOR320C,0,1.6739318,0.11398772895336151,0.9271457195281982,0.7222444415092468
YMR316W,YOR175C,0,1.6736398,0.11397374421358109,0.9271457195281982,0.7223444581031799
YCL057C-A,YLR014C,0,1.6734658,0.11395976692438126,0.9271457195281982,0.722444474697113
YDR013W,YER052C,0,1.6732676,0.11394578963518143,0.9271457195281982,0.7225444912910461
YDR510W,YDL145C,0,1.6732637,0.1139318123459816,0.9271457195281982,0.7226445078849792
YJL080C,YJL156C,0,1.6731596,0.11391784250736237,0.9271457195281982,0.7227445244789124
YNR032C-A,YHR146W,0,1.6731298,0.11390387266874313,0.9271457195281982,0.7228445410728455
YHR079C-B,YDL046W,0,1.6725657,0.1138899102807045,0.9271457195281982,0.7229446172714233
YDR032C,YNL138W,0,1.6719546,0.11387594789266586,0.9271457195281982,0.7230446338653564
YPL090C,YGL157W,0,1.6706932,0.11386199295520782,0.9271457195281982,0.7231446504592896
YDR363W-A,YMR235C,0,1.670161,0.11384803801774979,0.9271457195281982,0.7232446670532227
YJR033C,YPL056C,0,1.6701572,0.11383409053087234,0.9271457195281982,0.7233446836471558
YCL004W,YGR167W,0,1.6698315,0.1138201430439949,0.9271457195281982,0.7234447002410889
YML099C,YJR160C,0,1.6696415,0.11380619555711746,0.9271457195281982,0.723544716835022
YDL211C,YDR376W,0,1.6694018,0.11379225552082062,0.9271457195281982,0.7236447334289551
YNL044W,YCR087C-A,0,1.6692793,0.11377832293510437,0.9271457195281982,0.7237447500228882
YBR149W,YBR272C,0,1.6692178,0.11376439034938812,0.9271457195281982,0.7238447666168213
YOR319W,YDL129W,1,1.6690778,0.11387290060520172,0.9281437397003174,0.7238447666168213
YGR234W,YCL014W,0,1.6686454,0.11385896056890488,0.9281437397003174,0.7239447832107544
YNL210W,YBR094W,0,1.6681069,0.11384502053260803,0.9281437397003174,0.7240447998046875
YBR274W,YLR293C,0,1.6675098,0.11383108794689178,0.9281437397003174,0.7241448163986206
YMR201C,YIR012W,0,1.6672499,0.11381715536117554,0.9281437397003174,0.7242448329925537
YOR136W,YHL006C,0,1.6669612,0.11380323022603989,0.9281437397003174,0.7243448495864868
YOL038W,YML100W,0,1.6658094,0.11378930509090424,0.9281437397003174,0.7244448661804199
YBR085W,YDR463W,0,1.6652739,0.11377538740634918,0.9281437397003174,0.724544882774353
YLR337W,YBL013W,0,1.6651757,0.11376146972179413,0.9281437397003174,0.7246448993682861
YOL101C,YOL069W,0,1.6646926,0.11374755203723907,0.9281437397003174,0.724744975566864
YER015W,YMR013C,0,1.663023,0.11373364180326462,0.9281437397003174,0.7248449921607971
YIR015W,YML102W,0,1.6630182,0.11371973901987076,0.9281437397003174,0.7249450087547302
YLR107W,YNL274C,0,1.662789,0.1137058287858963,0.9281437397003174,0.7250450253486633
YGR105W,YPR204W,0,1.6627295,0.11369193345308304,0.9281437397003174,0.7251450419425964
YHR080C,YBR109C,0,1.6620971,0.11367803812026978,0.9281437397003174,0.7252450585365295
YDL098C,YIL087C,0,1.660687,0.11366414278745651,0.9281437397003174,0.7253450751304626
YHL004W,YER138C,0,1.6606574,0.11365024745464325,0.9281437397003174,0.7254450917243958
YGR251W,YLR103C,0,1.6605263,0.11363636702299118,0.9281437397003174,0.7255451083183289
YHR092C,YML116W,0,1.6604056,0.11362247914075851,0.9281437397003174,0.725645124912262
YPL200W,YKR099W,0,1.6593071,0.11360859870910645,0.9281437397003174,0.7257451415061951
YGR052W,YDL033C,0,1.6592286,0.11359472572803497,0.9281437397003174,0.7258451581001282
YIL048W,YGL076C,0,1.658834,0.1135808527469635,0.9281437397003174,0.7259451746940613
YER029C,YGL194C,0,1.6586211,0.11356697976589203,0.9281437397003174,0.7260451912879944
YKL004W,YKL130C,0,1.6584753,0.11355311423540115,0.9281437397003174,0.7261452078819275
YIL009W,YLL055W,0,1.658252,0.11353924870491028,0.9281437397003174,0.7262452244758606
YLR442C,YLR289W,0,1.6579897,0.113525390625,0.9281437397003174,0.7263452410697937
YGL251C,YKR054C,0,1.6578593,0.11351153254508972,0.9281437397003174,0.7264453172683716
YLR363C,YKL168C,0,1.657434,0.11349768191576004,0.9281437397003174,0.7265453338623047
YDL123W,YOR157C,0,1.6570828,0.11348383128643036,0.9281437397003174,0.7266453504562378
YDR359C,YDR052C,0,1.6568639,0.11346998810768127,0.9281437397003174,0.7267453670501709
YPL221W,YER019C-A,0,1.6563263,0.11345614492893219,0.9281437397003174,0.726845383644104
YIL036W,YBR020W,0,1.6562698,0.1134423017501831,0.9281437397003174,0.7269454002380371
YMR063W,YGL076C,0,1.6560614,0.11342846602201462,0.9281437397003174,0.7270454168319702
YLL033W,YDL211C,0,1.6555055,0.11341463774442673,0.9281437397003174,0.7271454334259033
YOR316C,YBR020W,0,1.6554766,0.11340080201625824,0.9281437397003174,0.7272454500198364
YPR191W,YOR129C,0,1.6547563,0.11338698118925095,0.9281437397003174,0.7273454666137695
YOR257W,YGL030W,0,1.6536806,0.11337315291166306,0.9281437397003174,0.7274454832077026
YOL053C-A,YER093C,0,1.6534702,0.11335933953523636,0.9281437397003174,0.7275454998016357
YGR180C,YKL039W,0,1.653055,0.11334551870822906,0.9281437397003174,0.7276455163955688
YDR041W,YOR317W,0,1.6519883,0.11333170533180237,0.9281437397003174,0.727745532989502
YDR328C,YNL122C,0,1.6514385,0.11331789940595627,0.9281437397003174,0.7278455495834351
YBL026W,YML129C,0,1.6511679,0.11330409348011017,0.9281437397003174,0.7279455661773682
YHL038C,YLR278C,0,1.6508988,0.11329028755426407,0.9281437397003174,0.7280455827713013
YDL216C,YDR393W,0,1.650451,0.11327648907899857,0.9281437397003174,0.7281455993652344
YJL060W,YNL073W,0,1.6501198,0.11326269805431366,0.9281437397003174,0.7282456755638123
YOL055C,YKL145W,0,1.6501029,0.11324890702962875,0.9281437397003174,0.7283456921577454
YDR022C,YNL175C,0,1.6499062,0.11323511600494385,0.9281437397003174,0.7284457087516785
YDL197C,YLL048C,0,1.6496214,0.11322133243083954,0.9281437397003174,0.7285457253456116
YDL021W,YDR424C,0,1.6492109,0.11320754885673523,0.9281437397003174,0.7286457419395447
YIL108W,YLR105C,0,1.6487241,0.11319376528263092,0.9281437397003174,0.7287457585334778
YGL238W,YML058W-A,0,1.6479292,0.11317998915910721,0.9281437397003174,0.7288457751274109
YPR108W,YOR373W,0,1.6477387,0.11316622048616409,0.9281437397003174,0.728945791721344
YLR460C,YNL289W,0,1.6472299,0.11315245181322098,0.9281437397003174,0.7290458083152771
YHR028C,YLR011W,0,1.6472245,0.11313868314027786,0.9281437397003174,0.7291458249092102
YBR177C,YDL190C,0,1.6472149,0.11312492191791534,0.9281437397003174,0.7292458415031433
YER184C,YBL113C,0,1.6471646,0.11311116814613342,0.9281437397003174,0.7293458580970764
YLR446W,YDR367W,0,1.6457841,0.1130974069237709,0.9281437397003174,0.7294458746910095
YKL196C,YPL180W,0,1.6444609,0.11308366060256958,0.9281437397003174,0.7295458912849426
YNL055C,YJL149W,0,1.6438618,0.11306990683078766,0.9281437397003174,0.7296459078788757
YNR045W,YCR058C,0,1.6438025,0.11305616050958633,0.9281437397003174,0.7297459244728088
YDR082W,YHR079C-B,0,1.6437013,0.1130424216389656,0.9281437397003174,0.7298459410667419
YJL162C,YGL205W,0,1.643425,0.11302868276834488,0.9281437397003174,0.7299460172653198
YHR138C,YKL079W,0,1.6425574,0.11301494389772415,0.9281437397003174,0.7300460338592529
YOR363C,YLR165C,0,1.642472,0.11300121247768402,0.9281437397003174,0.730146050453186
YLR287C-A,YAL030W,0,1.6403271,0.11298748850822449,0.9281437397003174,0.7302460670471191
YJL219W,YNL259C,0,1.6397581,0.11297376453876495,0.9281437397003174,0.7303460836410522
YDR313C,YOL005C,0,1.6396683,0.11296004056930542,0.9281437397003174,0.7304461002349854
YLR370C,YPL172C,0,1.6394734,0.11294631659984589,0.9281437397003174,0.7305461168289185
YBR260C,YDL119C,0,1.6393604,0.11293260753154755,0.9281437397003174,0.7306461334228516
YLR130C,YJL053W,0,1.6390003,0.11291889101266861,0.9281437397003174,0.7307461500167847
YJL029C,YHR186C,0,1.638694,0.11290518194437027,0.9281437397003174,0.7308461666107178
YLR249W,YKL138C,0,1.6382887,0.11289148032665253,0.9281437397003174,0.7309461832046509
YLR389C,YLR154W-C,0,1.6380637,0.11287777870893478,0.9281437397003174,0.731046199798584
YBR069C,YKR034W,0,1.6377466,0.11286407709121704,0.9281437397003174,0.7311462163925171
YOR032C,YDR424C,0,1.6375396,0.1128503829240799,0.9281437397003174,0.7312462329864502
YOL067C,YDR069C,0,1.6374557,0.11283668875694275,0.9281437397003174,0.7313462495803833
YHR117W,YNL202W,0,1.6366184,0.1128230020403862,0.9281437397003174,0.7314462661743164
YDL192W,YOR262W,0,1.6365974,0.11280931532382965,0.9281437397003174,0.7315462827682495
YDR454C,YEL013W,0,1.6357489,0.1127956360578537,0.9281437397003174,0.7316463589668274
YML052W,YLL019C,0,1.6355665,0.11278195679187775,0.9281437397003174,0.7317463755607605
YDR189W,YPR057W,0,1.635489,0.1127682775259018,0.9281437397003174,0.7318463921546936
YDR281C,YML113W,0,1.635256,0.11275460571050644,0.9281437397003174,0.7319464087486267
YOL133W,YPL111W,0,1.6345906,0.11274094134569168,0.9281437397003174,0.7320464253425598
YLR141W,YBL025W,1,1.6344702,0.11284848302602768,0.9291417002677917,0.7320464253425598
YCR002C,YML125C,0,1.634351,0.11283481121063232,0.9291417002677917,0.7321464419364929
YIL072W,YMR321C,0,1.6342857,0.11282113194465637,0.9291417002677917,0.732246458530426
YDL200C,YLR419W,0,1.6334195,0.11280746757984161,0.9291417002677917,0.7323464751243591
YDR356W,YDL015C,0,1.63321,0.11279379576444626,0.9291417002677917,0.7324464917182922
YFL018W-A,YLR024C,0,1.6323848,0.1127801313996315,0.9291417002677917,0.7325465083122253
YBR009C,YMR315W,0,1.6319427,0.11276647448539734,0.9291417002677917,0.7326465249061584
YHR066W,YLL067C,0,1.6317574,0.11275281757116318,0.9291417002677917,0.7327465415000916
YGR252W,YAL028W,0,1.6317421,0.11273916065692902,0.9291417002677917,0.7328465580940247
YKR053C,YDR079W,0,1.6314218,0.11272551119327545,0.9291417002677917,0.7329465746879578
YPL140C,YOR221C,0,1.6307433,0.11271186172962189,0.9291417002677917,0.7330465912818909
YLL035W,YHR215W,0,1.6307206,0.11269821971654892,0.9291417002677917,0.733146607875824
YBR058C-A,YPR068C,0,1.628885,0.11268457770347595,0.9291417002677917,0.7332466244697571
YLL024C,YPR161C,0,1.6277599,0.11267094314098358,0.9291417002677917,0.7333466410636902
YLR278C,YDR138W,0,1.6275034,0.11265730857849121,0.9291417002677917,0.7334467172622681
YLR370C,YGR010W,0,1.6267618,0.11264368146657944,0.9291417002677917,0.7335467338562012
YNL044W,YCR045C,0,1.6263794,0.11263005435466766,0.9291417002677917,0.7336467504501343
YAL002W,YBL091C,0,1.6260762,0.11261642724275589,0.9291417002677917,0.7337467670440674
YKL198C,YDR334W,0,1.6260673,0.11260280758142471,0.9291417002677917,0.7338467836380005
YKL138C-A,YMR235C,0,1.6259108,0.11258918792009354,0.9291417002677917,0.7339468002319336
YMR143W,YDR076W,0,1.6258593,0.11257557570934296,0.9291417002677917,0.7340468168258667
YAL019W,YDR373W,0,1.625834,0.11256196349859238,0.9291417002677917,0.7341468334197998
YDL036C,YMR205C,0,1.6257551,0.1125483587384224,0.9291417002677917,0.7342468500137329
YML030W,YDL012C,0,1.625287,0.11253475397825241,0.9291417002677917,0.734346866607666
YOR136W,YML109W,0,1.6249917,0.11252114921808243,0.9291417002677917,0.7344468832015991
YOR020C,YFL033C,0,1.6244247,0.11250755190849304,0.9291417002677917,0.7345468997955322
YGL203C,YLR126C,0,1.6241236,0.11249396204948425,0.9291417002677917,0.7346469163894653
YHR030C,YER125W,0,1.6235982,0.11248036473989487,0.9291417002677917,0.7347469329833984
YJL114W,YMR168C,0,1.6235666,0.11246678233146667,0.9291417002677917,0.7348469495773315
YNL185C,YJL225C,0,1.6222377,0.11245319247245789,0.9291417002677917,0.7349469661712646
YML133C,YMR242C,0,1.622027,0.1124396100640297,0.9291417002677917,0.7350469827651978
YPL028W,YPR057W,0,1.6213697,0.1124260351061821,0.9291417002677917,0.7351470589637756
YML112W,YCR073C,1,1.6197112,0.11253320425748825,0.9301397204399109,0.7351470589637756
YMR308C,YPL193W,0,1.6195211,0.11251962184906006,0.9301397204399109,0.7352470755577087
YBL064C,YER087C-B,0,1.6194038,0.11250603944063187,0.9301397204399109,0.7353470921516418
YER005W,YNR037C,0,1.6186216,0.11249245703220367,0.9301397204399109,0.735447108745575
YNL202W,YOR270C,0,1.6179377,0.11247888207435608,0.9301397204399109,0.7355471253395081
YBR058C-A,YPR156C,0,1.6175487,0.11246530711650848,0.9301397204399109,0.7356471419334412
YLR265C,YFL002W-A,0,1.6172112,0.11245173960924149,0.9301397204399109,0.7357471585273743
YLR446W,YGR221C,0,1.617109,0.11243817210197449,0.9301397204399109,0.7358471751213074
YLR075W,YOL152W,0,1.6167946,0.11242460459470749,0.9301397204399109,0.7359471917152405
YDR025W,YFR025C,0,1.6162066,0.11241104453802109,0.9301397204399109,0.7360472083091736
YDR233C,YDR222W,0,1.6149323,0.11239749193191528,0.9301397204399109,0.7361472249031067
YMR088C,YMR051C,0,1.614814,0.11238393932580948,0.9301397204399109,0.7362472414970398
YPL154C,YMR208W,0,1.6122575,0.11237038671970367,0.9301397204399109,0.7363472580909729
YKL006W,YKL002W,0,1.6109788,0.11235684156417847,0.9301397204399109,0.736447274684906
YBL100W-B,YGL058W,0,1.6109382,0.11234329640865326,0.9301397204399109,0.7365472912788391
YDR532C,YOR304C-A,0,1.6109142,0.11232975870370865,0.9301397204399109,0.7366473078727722
YFL035C,YER036C,0,1.6104069,0.11231622099876404,0.9301397204399109,0.7367473244667053
YML013W,YDL198C,0,1.6102391,0.11230269074440002,0.9301397204399109,0.7368473410606384
YNL046W,YGR165W,0,1.6096343,0.11228915303945541,0.9301397204399109,0.7369474172592163
YHL024W,YJR054W,0,1.6090171,0.112275630235672,0.9301397204399109,0.7370474338531494
YHR209W,YGL163C,0,1.6090162,0.11226210743188858,0.9301397204399109,0.7371474504470825
YGR279C,YCR045C,0,1.6089667,0.11224858462810516,0.9301397204399109,0.7372474670410156
YJL165C,YOR369C,0,1.6085963,0.11223506927490234,0.9301397204399109,0.7373474836349487
YGR078C,YJL097W,0,1.6082797,0.11222155392169952,0.9301397204399109,0.7374475002288818
YOR069W,YOR113W,0,1.6077248,0.1122080460190773,0.9301397204399109,0.7375475168228149
YHR164C,YBL090W,0,1.6074563,0.11219453811645508,0.9301397204399109,0.737647533416748
YPL189C-A,YJL143W,0,1.6071894,0.11218103021383286,0.9301397204399109,0.7377475500106812
YLR442C,YNL026W,0,1.6069288,0.11216752976179123,0.9301397204399109,0.7378475666046143
YGR101W,YDL120W,0,1.6067601,0.1121540293097496,0.9301397204399109,0.7379475831985474
YNL302C,YEL020W-A,0,1.6059451,0.11214053630828857,0.9301397204399109,0.7380475997924805
YBL056W,YFR041C,0,1.605262,0.11212704330682755,0.9301397204399109,0.7381476163864136
YIL172C,YPR016C,0,1.6051562,0.11211355775594711,0.9301397204399109,0.7382476329803467
YDR334W,YJR083C,0,1.6045485,0.11210007220506668,0.9301397204399109,0.7383476495742798
YOR389W,YMR188C,0,1.6040108,0.11208659410476685,0.9301397204399109,0.7384476661682129
YFR031C-A,YDR359C,0,1.6028765,0.11207310855388641,0.9301397204399109,0.738547682762146
YOL102C,YHR039C-B,0,1.6018114,0.11205963790416718,0.9301397204399109,0.7386477589607239
YJL197W,YNL339C,0,1.6013074,0.11204616725444794,0.9301397204399109,0.738747775554657
YMR105C,YOR334W,0,1.6011305,0.1120326966047287,0.9301397204399109,0.7388477921485901
YJL021C,YOR027W,0,1.6009017,0.11201923340559006,0.9301397204399109,0.7389478087425232
YMR270C,YDR470C,0,1.6000695,0.11200577020645142,0.9301397204399109,0.7390478253364563
YBR268W,YMR182C,0,1.599719,0.11199230700731277,0.9301397204399109,0.7391478419303894
YNL314W,YOL062C,0,1.5987808,0.11197885125875473,0.9301397204399109,0.7392478585243225
YLR450W,YGR026W,0,1.5978563,0.11196540296077728,0.9301397204399109,0.7393478751182556
YOL095C,YCL035C,0,1.5971901,0.11195195466279984,0.9301397204399109,0.7394478917121887
YER044C-A,YDR313C,0,1.5971432,0.11193850636482239,0.9301397204399109,0.7395479083061218
YIL108W,YBR028C,0,1.5969157,0.11192506551742554,0.9301397204399109,0.7396479249000549
YJR025C,YJR041C,0,1.5965977,0.11191162467002869,0.9301397204399109,0.739747941493988
YDL240W,YLR143W,0,1.5964719,0.11189818382263184,0.9301397204399109,0.7398479580879211
YDL175C,YBR240C,0,1.5955733,0.11188475042581558,0.9301397204399109,0.7399479746818542
YKL088W,YFL034C-A,1,1.5943911,0.11199136078357697,0.93113774061203,0.7399479746818542
YBR287W,YML133C,0,1.5942383,0.11197791993618011,0.93113774061203,0.7400479912757874
YLR131C,YGL085W,0,1.5941772,0.11196447908878326,0.93113774061203,0.7401480078697205
YKL171W,YJR058C,0,1.5941154,0.11195104569196701,0.93113774061203,0.7402480244636536
YNR038W,YLR080W,0,1.5938823,0.11193761229515076,0.93113774061203,0.7403480410575867
YJR084W,YOR120W,0,1.5936322,0.1119241863489151,0.93113774061203,0.7404481172561646
YHR009C,YMR034C,0,1.5932145,0.11191076040267944,0.93113774061203,0.7405481338500977
YDR054C,YER176W,0,1.5931754,0.11189733445644379,0.93113774061203,0.7406481504440308
YLR246W,YPL104W,0,1.593147,0.11188391596078873,0.93113774061203,0.7407481670379639
YER029C,YOR301W,0,1.5928931,0.11187050491571426,0.93113774061203,0.740848183631897
YDR297W,YKL199C,0,1.5918369,0.1118570938706398,0.93113774061203,0.7409482002258301
YPL225W,YDR435C,0,1.591182,0.11184368282556534,0.93113774061203,0.7410482168197632
YMR177W,YDR227W,0,1.5898451,0.11183027923107147,0.93113774061203,0.7411482334136963
YGR272C,YOR061W,1,1.5896306,0.11193671822547913,0.9321357011795044,0.7411482334136963
YJR028W,YPL135W,0,1.5893476,0.11192330718040466,0.9321357011795044,0.7412482500076294
YJR149W,YIL177C,0,1.5887444,0.1119098961353302,0.9321357011795044,0.7413482666015625
YML040W,YDL040C,0,1.5886757,0.11189649254083633,0.9321357011795044,0.7414482831954956
YGR078C,YNL015W,0,1.5879202,0.11188308894634247,0.9321357011795044,0.7415482997894287
YOR236W,YJR029W,0,1.5875413,0.1118696853518486,0.9321357011795044,0.7416483163833618
YPL147W,YMR045C,0,1.586756,0.11185628920793533,0.9321357011795044,0.7417483329772949
YLR004C,YBR233W-A,0,1.5865328,0.11184289306402206,0.9321357011795044,0.741848349571228
YEL043W,YDR195W,0,1.5863801,0.11182950437068939,0.9321357011795044,0.7419483661651611
YDL129W,YOR295W,1,1.5859023,0.11193583160638809,0.9331337213516235,0.7419483661651611
YAL007C,YKL140W,0,1.5851852,0.11192243546247482,0.9331337213516235,0.7420483827590942
YCR098C,YJL085W,0,1.5844077,0.11190903931856155,0.9331337213516235,0.7421484589576721
YCL001W,YNL306W,0,1.5835769,0.11189564317464828,0.9331337213516235,0.7422484755516052
YCR014C,YCR047C,0,1.5830714,0.11188225448131561,0.9331337213516235,0.7423484921455383
YHR194W,YDL204W,0,1.5828972,0.11186886578798294,0.9331337213516235,0.7424485087394714
YDL206W,YKL060C,0,1.5826492,0.11185548454523087,0.9331337213516235,0.7425485253334045
YDR019C,YDR031W,0,1.5821689,0.11184210330247879,0.9331337213516235,0.7426485419273376
YOR069W,YPL138C,0,1.581832,0.11182872951030731,0.9331337213516235,0.7427485585212708
YBR082C,YEL022W,0,1.5815206,0.11181535571813583,0.9331337213516235,0.7428485751152039
YDR101C,YDL133C-A,0,1.5814486,0.11180198192596436,0.9331337213516235,0.742948591709137
YGL071W,YLR224W,0,1.581213,0.11178861558437347,0.9331337213516235,0.7430486083030701
YCL027W,YOL096C,0,1.5811934,0.11177525669336319,0.9331337213516235,0.7431486248970032
YHR168W,YIL039W,0,1.5805216,0.11176189035177231,0.9331337213516235,0.7432486414909363
YBR096W,YLR165C,0,1.5799944,0.11174853891134262,0.9331337213516235,0.7433486580848694
YPR080W,YHR012W,0,1.5794904,0.11173518002033234,0.9331337213516235,0.7434486746788025
YPL209C,YPR049C,0,1.5787723,0.11172182857990265,0.9331337213516235,0.7435486912727356
YDR116C,YMR034C,0,1.5760968,0.11170848459005356,0.9331337213516235,0.7436487078666687
YPL189C-A,YOL149W,0,1.5757475,0.11169514060020447,0.9331337213516235,0.7437487244606018
YJR158W,YNL250W,0,1.575356,0.11168179661035538,0.9331337213516235,0.7438487410545349
YPR005C,YGR221C,0,1.5749526,0.11166846007108688,0.9331337213516235,0.7439488172531128
YKL088W,YHR039C-B,1,1.5749235,0.11177454143762589,0.9341317415237427,0.7439488172531128
YPR003C,YIL056W,0,1.5747085,0.1117611974477768,0.9341317415237427,0.7440488338470459
YLR228C,YHL044W,0,1.5737292,0.1117478534579277,0.9341317415237427,0.744148850440979
YDR065W,YDR054C,0,1.5733535,0.11173450946807861,0.9341317415237427,0.7442488670349121
YIL070C,YKL006W,0,1.5727601,0.11172117292881012,0.9341317415237427,0.7443488836288452
YOR039W,YLR450W,0,1.5721608,0.11170784384012222,0.9341317415237427,0.7444489002227783
YIL011W,YMR115W,0,1.571558,0.11169450730085373,0.9341317415237427,0.7445489168167114
YIL080W,YNL041C,0,1.5708632,0.11168118566274643,0.9341317415237427,0.7446489334106445
YDR235W,YBR105C,0,1.5705733,0.11166785657405853,0.9341317415237427,0.7447489500045776
YPR160W,YBR274W,0,1.5702853,0.11165454238653183,0.9341317415237427,0.7448489665985107
YOR120W,YGL223C,0,1.5699161,0.11164122074842453,0.9341317415237427,0.7449489831924438
YOR249C,YIR002C,0,1.5694411,0.11162790656089783,0.9341317415237427,0.745048999786377
YJL200C,YOR240W,0,1.5681294,0.11161459237337112,0.9341317415237427,0.7451490163803101
YBL014C,YHR001W-A,0,1.5659392,0.11160128563642502,0.9341317415237427,0.7452490329742432
YKR002W,YGR007W,0,1.5643163,0.11158798635005951,0.9341317415237427,0.7453490495681763
YDL142C,YDL216C,0,1.5631034,0.1115746796131134,0.9341317415237427,0.7454490661621094
YIL008W,YBR125C,0,1.5622412,0.1115613803267479,0.9341317415237427,0.7455490827560425
YKL125W,YGR272C,1,1.5616494,0.11166726052761078,0.9351297616958618,0.7455490827560425
YJR049C,YNR041C,0,1.5610925,0.11165395379066467,0.9351297616958618,0.7456491589546204
YEL030W,YLR327C,0,1.561079,0.11164065450429916,0.9351297616958618,0.7457491755485535
YER071C,YGR076C,0,1.5606008,0.11162735521793365,0.9351297616958618,0.7458491921424866
YHR201C,YER123W,0,1.5604442,0.11161405593156815,0.9351297616958618,0.7459492087364197
YGL236C,YDL112W,0,1.5601687,0.11160076409578323,0.9351297616958618,0.7460492253303528
YBR207W,YLR120C,0,1.5595968,0.11158747225999832,0.9351297616958618,0.7461492419242859
YBL061C,YML081W,0,1.558157,0.111574187874794,0.9351297616958618,0.746249258518219
YML004C,YDR064W,0,1.5580091,0.11156090348958969,0.9351297616958618,0.7463492751121521
YNR011C,YER167W,0,1.5572244,0.11154761910438538,0.9351297616958618,0.7464492917060852
YJL127C,YJL094C,0,1.556289,0.11153434216976166,0.9351297616958618,0.7465493083000183
YOR319W,YHR039C-B,1,1.5560356,0.1116400882601738,0.9361277222633362,0.7465493083000183
YGR098C,YHR072W-A,1,1.5558074,0.11174580454826355,0.9371257424354553,0.7465493083000183
YNL317W,YLR439W,0,1.555071,0.11173250526189804,0.9371257424354553,0.7466493248939514
YHR039C-B,YOR039W,1,1.5550137,0.1118381917476654,0.9381237626075745,0.7466493248939514
YGR283C,YDL140C,0,1.5536673,0.1118248850107193,0.9381237626075745,0.7467493414878845
YPR037C,YPR003C,0,1.5529475,0.11181158572435379,0.9381237626075745,0.7468493580818176
YLR249W,YDL018C,0,1.5526073,0.11179828643798828,0.9381237626075745,0.7469493746757507
YHR061C,YLR164W,0,1.5523198,0.11178499460220337,0.9381237626075745,0.7470493912696838
YML028W,YDR044W,0,1.5506825,0.11177170276641846,0.9381237626075745,0.7471494078636169
YML039W,YIL027C,0,1.5500312,0.11175841093063354,0.9381237626075745,0.74724942445755
YPL078C,YHR029C,0,1.549787,0.11174512654542923,0.9381237626075745,0.7473494410514832
YDR131C,YJR034W,0,1.5495963,0.11173184216022491,0.9381237626075745,0.747449517250061
YGR204W,YMR250W,0,1.548379,0.1117185652256012,0.9381237626075745,0.7475495338439941
YFL066C,YDR145W,0,1.5480115,0.11170528829097748,0.9381237626075745,0.7476495504379272
YML015C,YGR071C,0,1.5467926,0.11169201880693436,0.9381237626075745,0.7477495670318604
YHR072W-A,YMR042W,1,1.5466444,0.11179755628108978,0.9391217827796936,0.7477495670318604
YNL036W,YGR095C,0,1.5461158,0.11178427189588547,0.9391217827796936,0.7478495836257935
YJL103C,YOR087W,0,1.5453506,0.11177099496126175,0.9391217827796936,0.7479496002197266
YNL306W,YLR154C,0,1.54531,0.11175771802663803,0.9391217827796936,0.7480496168136597
YJL149W,YOR032C,0,1.5451745,0.11174444854259491,0.9391217827796936,0.7481496334075928
YDL015C,YBR009C,0,1.5451334,0.11173117905855179,0.9391217827796936,0.7482496500015259
YLR207W,YML107C,0,1.5450737,0.11171791702508926,0.9391217827796936,0.748349666595459
YDR110W,YHR010W,0,1.54481,0.11170465499162674,0.9391217827796936,0.7484496831893921
YKL079W,YOR002W,0,1.5445161,0.11169139295816422,0.9391217827796936,0.7485496997833252
YDL105W,YPR178W,0,1.5444152,0.11167813837528229,0.9391217827796936,0.7486497163772583
YHR036W,YLL050C,0,1.5443311,0.11166488379240036,0.9391217827796936,0.7487497329711914
YFL005W,YMR118C,0,1.5442795,0.11165163666009903,0.9391217827796936,0.7488497495651245
YGR156W,YPR155C,0,1.5440004,0.1116383895277977,0.9391217827796936,0.7489497661590576
YKL067W,YDL134C-A,0,1.543604,0.11162514984607697,0.9391217827796936,0.7490497827529907
YBR058C-A,YDL247W,0,1.5434575,0.11161191016435623,0.9391217827796936,0.7491498589515686
YGR165W,YBR093C,0,1.5430549,0.1115986704826355,0.9391217827796936,0.7492498755455017
YPR086W,YDR222W,0,1.5427568,0.11158543825149536,0.9391217827796936,0.7493498921394348
YAL011W,YKL056C,0,1.5425122,0.11157220602035522,0.9391217827796936,0.7494499087333679
YGL174W,YMR226C,0,1.5420759,0.11155898123979568,0.9391217827796936,0.749549925327301
YNL217W,YOL098C,0,1.5417669,0.11154575645923615,0.9391217827796936,0.7496499419212341
YDR100W,YHR117W,0,1.5412982,0.1115325316786766,0.9391217827796936,0.7497499585151672
YMR264W,YOR157C,0,1.5407228,0.11151931434869766,0.9391217827796936,0.7498499751091003
YOR393W,YDR389W,0,1.540674,0.11150610446929932,0.9391217827796936,0.7499499917030334
YBL079W,YMR234W,0,1.5405707,0.11149289458990097,0.9391217827796936,0.7500500082969666
YFL013C,YHL021C,0,1.5405113,0.11147968471050262,0.9391217827796936,0.7501500248908997
YDR545W,YGR118W,0,1.5403296,0.11146647483110428,0.9391217827796936,0.7502500414848328
YPL019C,YCR039C,0,1.5389292,0.11145327240228653,0.9391217827796936,0.7503500580787659
YPR191W,YJR131W,0,1.538543,0.11144007742404938,0.9391217827796936,0.750450074672699
YFR010W,YLR143W,0,1.5380814,0.11142688244581223,0.9391217827796936,0.7505500912666321
YJR117W,YAL012W,0,1.5380466,0.11141368746757507,0.9391217827796936,0.7506501078605652
YGR017W,YNL059C,0,1.5373759,0.11140049993991852,0.9391217827796936,0.7507501244544983
YLR442C,YHR017W,0,1.5372862,0.11138731241226196,0.9391217827796936,0.7508501410484314
YDR212W,YHR202W,0,1.5372036,0.11137412488460541,0.9391217827796936,0.7509502172470093
YGR001C,YMR208W,0,1.5370028,0.11136094480752945,0.9391217827796936,0.7510502338409424
YFL035C,YOR047C,0,1.5355363,0.11134777218103409,0.9391217827796936,0.7511502504348755
YDL189W,YGR193C,0,1.5353562,0.11133459210395813,0.9391217827796936,0.7512502670288086
YOR273C,YDR299W,0,1.5350575,0.11132142692804337,0.9391217827796936,0.7513502836227417
YNR071C,YCL036W,0,1.5348202,0.111308254301548,0.9391217827796936,0.7514503002166748
YDL109C,YFL038C,0,1.533773,0.11129508912563324,0.9391217827796936,0.7515503168106079
YCR037C,YMR158W,0,1.5334983,0.11128193140029907,0.9391217827796936,0.751650333404541
YHR039C-B,YIL035C,1,1.5329792,0.11138701438903809,0.940119743347168,0.751650333404541
YOR230W,YOR080W,0,1.5329177,0.11137384921312332,0.940119743347168,0.7517503499984741
YKR002W,YDR407C,0,1.5327616,0.11136068403720856,0.940119743347168,0.7518503665924072
YDR400W,YPR028W,0,1.5319438,0.11134751886129379,0.940119743347168,0.7519503831863403
YDR273W,YEL044W,0,1.5319006,0.11133436113595963,0.940119743347168,0.7520503997802734
YDR439W,YPL180W,0,1.5316825,0.11132120341062546,0.940119743347168,0.7521504163742065
YGR085C,YGR235C,0,1.5314904,0.11130804568529129,0.940119743347168,0.7522504329681396
YGL220W,YOR074C,0,1.5304155,0.11129489541053772,0.940119743347168,0.7523504495620728
YMR205C,YPL253C,0,1.5301006,0.11128174513578415,0.940119743347168,0.7524504661560059
YIL140W,YOR124C,0,1.5298555,0.11126860231161118,0.940119743347168,0.752550482749939
YGL136C,YGL148W,0,1.5297017,0.1112554594874382,0.940119743347168,0.7526505589485168
YHR206W,YNL175C,0,1.5296619,0.11124232411384583,0.940119743347168,0.75275057554245
YHR002W,YGR012W,0,1.529089,0.11122918874025345,0.940119743347168,0.7528505921363831
YAR031W,YHR110W,0,1.5288806,0.11121605336666107,0.940119743347168,0.7529506087303162
YGR054W,YBR066C,0,1.5276883,0.11120292544364929,0.940119743347168,0.7530506253242493
YDL098C,YDR393W,0,1.5275657,0.11118980497121811,0.940119743347168,0.7531506419181824
YGR185C,YDL217C,0,1.5272907,0.11117667704820633,0.940119743347168,0.7532506585121155
YOR253W,YAR010C,0,1.5268581,0.11116355657577515,0.940119743347168,0.7533506751060486
YFR024C,YPR032W,0,1.5267893,0.11115044355392456,0.940119743347168,0.7534506916999817
YJL109C,YPR022C,1,1.5262436,0.11125531047582626,0.9411177635192871,0.7534506916999817
YNL240C,YDR528W,0,1.5259285,0.11124218255281448,0.9411177635192871,0.7535507082939148
YKL197C,YLR096W,0,1.5258651,0.1112290620803833,0.9411177635192871,0.7536507248878479
YMR290C,YDR090C,0,1.5256613,0.11121594160795212,0.9411177635192871,0.753750741481781
YKL067W,YLR023C,0,1.5255208,0.11120282858610153,0.9411177635192871,0.7538507580757141
YNL328C,YDR430C,0,1.5248383,0.11118971556425095,0.9411177635192871,0.7539507746696472
YLR157C,YER048W-A,0,1.5244379,0.11117660999298096,0.9411177635192871,0.7540507912635803
YJL108C,YHR014W,0,1.5243721,0.11116350442171097,0.9411177635192871,0.7541508078575134
YPL042C,YDR129C,0,1.522831,0.11115039885044098,0.9411177635192871,0.7542508244514465
YJL221C,YOL121C,0,1.5226493,0.11113730072975159,0.9411177635192871,0.7543508410453796
YBR001C,YOR240W,0,1.5225303,0.1111242026090622,0.9411177635192871,0.7544509172439575
YER164W,YGL231C,0,1.5224802,0.1111111119389534,0.9411177635192871,0.7545509338378906
YLR050C,YGR184C,0,1.5208418,0.1110980212688446,0.9411177635192871,0.7546509504318237
YGL049C,YCL075W,0,1.519321,0.11108493059873581,0.9411177635192871,0.7547509670257568
YCR097WB,YOR193W,0,1.51914,0.11107184737920761,0.9411177635192871,0.7548509836196899
YCR055C,YBR160W,0,1.5175852,0.11105877161026001,0.9411177635192871,0.754951000213623
YER171W,YBL092W,0,1.5169625,0.11104568839073181,0.9411177635192871,0.7550510168075562
YDL043C,YPL154C,0,1.5166408,0.11103261262178421,0.9411177635192871,0.7551510334014893
YBL079W,YBL028C,0,1.5164956,0.1110195443034172,0.9411177635192871,0.7552510499954224
YNL190W,YML088W,0,1.515593,0.1110064759850502,0.9411177635192871,0.7553510665893555
YGL161C,YMR098C,0,1.5155357,0.1109934076666832,0.9411177635192871,0.7554510831832886
YGR080W,YKL096W-A,0,1.5151277,0.11098034679889679,0.9411177635192871,0.7555510997772217
YLR266C,YPL100W,0,1.5150267,0.11096728593111038,0.9411177635192871,0.7556511163711548
YMR088C,YDR437W,0,1.5148115,0.11095423251390457,0.9411177635192871,0.7557511329650879
YML120C,YNL046W,0,1.5147787,0.11094117909669876,0.9411177635192871,0.755851149559021
YNR031C,YCR098C,0,1.5143387,0.11092812567949295,0.9411177635192871,0.7559511661529541
YER151C,YMR267W,0,1.5140476,0.11091507971286774,0.9411177635192871,0.7560511827468872
YBR055C,YDR138W,0,1.5139278,0.11090203374624252,0.9411177635192871,0.7561512589454651
YDL077C,YAL033W,0,1.5134273,0.1108889952301979,0.9411177635192871,0.7562512755393982
YGL053W,YOL004W,0,1.5133625,0.11087595671415329,0.9411177635192871,0.7563512921333313
YDR032C,YOR254C,0,1.5130823,0.11086291819810867,0.9411177635192871,0.7564513087272644
YBR075W,YJR065C,0,1.5127246,0.11084988713264465,0.9411177635192871,0.7565513253211975
YEL038W,YKL063C,0,1.512387,0.11083685606718063,0.9411177635192871,0.7566513419151306
YKL093W,YJR158W,0,1.5122335,0.11082383245229721,0.9411177635192871,0.7567513585090637
YKR062W,YHL036W,0,1.5121155,0.11081080883741379,0.9411177635192871,0.7568513751029968
YLR381W,YLR356W,0,1.5107002,0.11079779267311096,0.9411177635192871,0.7569513916969299
YGR099W,YNL172W,0,1.5106974,0.11078477650880814,0.9411177635192871,0.757051408290863
YBL010C,YLR330W,0,1.5105968,0.11077176034450531,0.9411177635192871,0.7571514248847961
YLL043W,YKR105C,0,1.5091317,0.11075875163078308,0.9411177635192871,0.7572514414787292
YKL199C,YOR285W,0,1.5091064,0.11074574291706085,0.9411177635192871,0.7573514580726624
YNL314W,YDL192W,0,1.508963,0.11073274165391922,0.9411177635192871,0.7574514746665955
YDR373W,YBL013W,0,1.5084387,0.11071974039077759,0.9411177635192871,0.7575514912605286
YNL079C,YEL050C,0,1.5075808,0.11070673912763596,0.9411177635192871,0.7576515078544617
YER149C,YLR045C,0,1.5071199,0.11069374531507492,0.9411177635192871,0.7577515244483948
YJL097W,YAL030W,0,1.5068524,0.11068075150251389,0.9411177635192871,0.7578515410423279
YJR145C,YHR002W,0,1.506249,0.11066776514053345,0.9411177635192871,0.7579516172409058
YDR131C,YMR086W,0,1.5039377,0.11065477877855301,0.9411177635192871,0.7580516338348389
YDL217C,YMR237W,0,1.5037861,0.11064179241657257,0.9411177635192871,0.758151650428772
YDR251W,YMR074C,0,1.5026194,0.11062881350517273,0.9411177635192871,0.7582516670227051
YGR054W,YER148W,0,1.5021838,0.11061583459377289,0.9411177635192871,0.7583516836166382
YER180C,YJL026W,0,1.5011399,0.11060286313295364,0.9411177635192871,0.7584517002105713
YGR097W,YBL057C,0,1.5009392,0.1105898916721344,0.9411177635192871,0.7585517168045044
YDL055C,YOR285W,0,1.5001615,0.11057692021131516,0.9411177635192871,0.7586517333984375
YDR328C,YOR240W,0,1.5000341,0.11056395620107651,0.9411177635192871,0.7587517499923706
YFR024C-A,YDL211C,0,1.4998827,0.11055099964141846,0.9411177635192871,0.7588517665863037
YOL043C,YLR141W,0,1.4994696,0.11053803563117981,0.9411177635192871,0.7589517831802368
YGL089C,YLR327C,0,1.4993387,0.11052507907152176,0.9411177635192871,0.7590517997741699
YMR143W,YLR126C,0,1.498994,0.1105121299624443,0.9411177635192871,0.759151816368103
YOL140W,YLR347C,0,1.4984074,0.11049918085336685,0.9411177635192871,0.7592518329620361
YBL026W,YLR092W,0,1.4977489,0.1104862317442894,0.9411177635192871,0.7593518495559692
YOR224C,YHR039C-B,1,1.4970796,0.11059044301509857,0.9421157836914062,0.7593518495559692
YDR100W,YHL004W,0,1.496495,0.11057748645544052,0.9421157836914062,0.7594518661499023
YMR076C,YBR218C,0,1.4958216,0.11056453734636307,0.9421157836914062,0.7595518827438354
YPL059W,YOL149W,0,1.4957699,0.11055158823728561,0.9421157836914062,0.7596519589424133
YAL044C,YPR133C,0,1.4952192,0.11053863912820816,0.9421157836914062,0.7597519755363464
YLR121C,YOR262W,0,1.4947602,0.1105256974697113,0.9421157836914062,0.7598519921302795
YCL057C-A,YKL032C,0,1.494432,0.11051276326179504,0.9421157836914062,0.7599520087242126
YOL086C,YBR189W,0,1.4944284,0.11049982160329819,0.9421157836914062,0.7600520253181458
YJL001W,YPR133W-A,0,1.494407,0.11048689484596252,0.9421157836914062,0.7601520419120789
YHR039C-A,YBR213W,1,1.4940813,0.11059098690748215,0.9431137442588806,0.7601520419120789
YOR120W,YGR170W,0,1.4937801,0.11057804524898529,0.9431137442588806,0.760252058506012
YDR329C,YPL021W,0,1.493623,0.11056511104106903,0.9431137442588806,0.7603520750999451
YKR062W,YER140W,0,1.4933733,0.11055217683315277,0.9431137442588806,0.7604520916938782
YFR032C-A,YPL214C,0,1.4931691,0.11053924262523651,0.9431137442588806,0.7605521082878113
YNL094W,YPR097W,0,1.4925218,0.11052631586790085,0.9431137442588806,0.7606521248817444
YCR038C,YDR248C,0,1.4907105,0.11051338911056519,0.9431137442588806,0.7607521414756775
YMR268W-A,YNR060W,0,1.4902387,0.11050046980381012,0.9431137442588806,0.7608521580696106
YOR014W,YJR107W,0,1.4897285,0.11048755049705505,0.9431137442588806,0.7609521746635437
YML039W,YJL212C,0,1.4896437,0.11047463119029999,0.9431137442588806,0.7610521912574768
YLR201C,YJL170C,0,1.4890965,0.11046171933412552,0.9431137442588806,0.7611522078514099
YGL104C,YER087C-B,0,1.4889745,0.11044880747795105,0.9431137442588806,0.761252224445343
YLR201C,YBR046C,0,1.4887018,0.11043590307235718,0.9431137442588806,0.7613522410392761
YIL173W,YPL022W,0,1.4886794,0.1104229986667633,0.9431137442588806,0.761452317237854
YGL210W,YOR382W,0,1.4876375,0.11041009426116943,0.9431137442588806,0.7615523338317871
YOL104C,YMR035W,0,1.4873648,0.11039719730615616,0.9431137442588806,0.7616523504257202
YGL141W,YOR087W,0,1.4866332,0.11038430035114288,0.9431137442588806,0.7617523670196533
YKR008W,YLR328W,0,1.4863982,0.1103714108467102,0.9431137442588806,0.7618523836135864
YLR377C,YLL029W,0,1.4863241,0.11035852134227753,0.9431137442588806,0.7619524002075195
YNL023C,YJL048C,0,1.4857457,0.11034563183784485,0.9431137442588806,0.7620524168014526
YGR113W,YDR224C,0,1.4845259,0.11033274978399277,0.9431137442588806,0.7621524333953857
YDR005C,YDR367W,0,1.4843892,0.11031986773014069,0.9431137442588806,0.7622524499893188
YLR337C,YDR523C,0,1.4843819,0.1103069931268692,0.9431137442588806,0.762352466583252
YHR116W,YFL014W,0,1.4835432,0.11029411852359772,0.9431137442588806,0.7624524831771851
YDL120W,YKL063C,0,1.4831941,0.11028124392032623,0.9431137442588806,0.7625524997711182
YEL051W,YNL095C,0,1.48309,0.11026837676763535,0.9431137442588806,0.7626525163650513
YNL232W,YOR264W,0,1.4830219,0.11025550961494446,0.9431137442588806,0.7627525329589844
YPL209C,YOL030W,0,1.4825144,0.11024264991283417,0.9431137442588806,0.7628525495529175
YGR212W,YPR149W,0,1.4819112,0.11022979021072388,0.9431137442588806,0.7629525661468506
YJL066C,YHR167W,0,1.4818445,0.11021693795919418,0.9431137442588806,0.7630525827407837
YLR006C,YNL117W,0,1.4806343,0.11020407825708389,0.9431137442588806,0.7631526589393616
YJL212C,YJR026W,0,1.4802525,0.1101912334561348,0.9431137442588806,0.7632526755332947
YNL084C,YOL125W,0,1.4795495,0.1101783812046051,0.9431137442588806,0.7633526921272278
YAR044W,YDR371W,0,1.4790823,0.110165536403656,0.9431137442588806,0.7634527087211609
YLR050C,YGL003C,0,1.4787297,0.1101526990532875,0.9431137442588806,0.763552725315094
YOR373W,YKR096W,0,1.4776239,0.110139861702919,0.9431137442588806,0.7636527419090271
YCL075W,YLR145W,0,1.4775778,0.1101270243525505,0.9431137442588806,0.7637527585029602
YMR262W,YJL164C,0,1.4773371,0.1101141944527626,0.9431137442588806,0.7638527750968933
YKL200C,YDL197C,0,1.475913,0.1101013645529747,0.9431137442588806,0.7639527916908264
YDL117W,YIL135C,0,1.4755254,0.1100885346531868,0.9431137442588806,0.7640528082847595
YHR039C-B,YNL191W,1,1.4755073,0.1101921945810318,0.9441117644309998,0.7640528082847595
YKR007W,YER137C,1,1.4754598,0.11029583215713501,0.9451097846031189,0.7640528082847595
YDR173C,YDR030C,0,1.4749655,0.11028298735618591,0.9451097846031189,0.7641528248786926
YLR345W,YJR117W,0,1.4744489,0.11027014255523682,0.9451097846031189,0.7642528414726257
YLR079W,YCL060C,0,1.4744475,0.11025730520486832,0.9451097846031189,0.7643528580665588
YOR258W,YLR258W,0,1.4736171,0.11024446785449982,0.9451097846031189,0.7644528746604919
YHR006W,YIR039C,0,1.4734069,0.11023163795471191,0.9451097846031189,0.764552891254425
YOR317W,YNL146W,0,1.4732752,0.11021880805492401,0.9451097846031189,0.7646529078483582
YGR009C,YLR024C,0,1.4729307,0.11020597815513611,0.9451097846031189,0.7647529244422913
YML037C,YDR365C,0,1.47212,0.1101931557059288,0.9451097846031189,0.7648529410362244
YGL116W,YPR131C,0,1.4718497,0.1101803407073021,0.9451097846031189,0.7649530172348022
YOL126C,YFL002W-A,0,1.4709744,0.11016751825809479,0.9451097846031189,0.7650530338287354
YMR321C,YLR452C,0,1.4708352,0.11015470325946808,0.9451097846031189,0.7651530504226685
YJL011C,YNR050C,0,1.4703673,0.11014189571142197,0.9451097846031189,0.7652530670166016
YHL004W,YDR014W,0,1.4702936,0.11012908816337585,0.9451097846031189,0.7653530836105347
YOR341W,YJR107W,0,1.4696021,0.11011628061532974,0.9451097846031189,0.7654531002044678
YDR090C,YLR059C,0,1.4683809,0.11010347306728363,0.9451097846031189,0.7655531167984009
YGL220W,YNL068C,0,1.4683746,0.11009067296981812,0.9451097846031189,0.765653133392334
YLR188W,YJL103C,0,1.4656813,0.1100778803229332,0.9451097846031189,0.7657531499862671
YJL052W,YFR003C,0,1.4654183,0.11006508767604828,0.9451097846031189,0.7658531665802002
YAR044W,YHR005C,0,1.4650214,0.11005229502916336,0.9451097846031189,0.7659531831741333
YDR533C,YDR418W,0,1.4649888,0.11003950983285904,0.9451097846031189,0.7660531997680664
YGR288W,YNL095C,0,1.4644618,0.11002672463655472,0.9451097846031189,0.7661532163619995
YLR370C,YBR065C,0,1.4640398,0.1100139394402504,0.9451097846031189,0.7662532329559326
YNL212W,YKL063C,0,1.4631121,0.11000116169452667,0.9451097846031189,0.7663532495498657
YBR301W,YIR009W,0,1.4628583,0.10998838394880295,0.9451097846031189,0.7664532661437988
YPR180W,YHL050C,0,1.4619405,0.10997561365365982,0.9451097846031189,0.7665532827377319
YKL074C,YMR223W,0,1.4616587,0.1099628433585167,0.9451097846031189,0.7666533589363098
YBR188C,YGL231C,0,1.4609244,0.10995007306337357,0.9451097846031189,0.7667533755302429
YOR242C,YNR040W,0,1.4608681,0.10993731021881104,0.9451097846031189,0.766853392124176
YBR238C,YNL180C,0,1.459614,0.1099245473742485,0.9451097846031189,0.7669534087181091
YKL062W,YPL174C,0,1.4592757,0.10991179198026657,0.9451097846031189,0.7670534253120422
YDL114W,YPR180W,0,1.458631,0.10989903658628464,0.9451097846031189,0.7671534419059753
YNL181W,YLR414C,0,1.4584509,0.1098862811923027,0.9451097846031189,0.7672534584999084
YGR029W,YGR034W,0,1.4579827,0.10987353324890137,0.9451097846031189,0.7673534750938416
YJL176C,YOR192C,0,1.4572937,0.10986078530550003,0.9451097846031189,0.7674534916877747
YGR262C,YOR138C,0,1.4569898,0.10984804481267929,0.9451097846031189,0.7675535082817078
YDR524C,YNL183C,0,1.4569898,0.10983530431985855,0.9451097846031189,0.7676535248756409
YPL225W,YGR181W,0,1.4547663,0.10982256382703781,0.9451097846031189,0.767753541469574
YNR002C,YEL053C,0,1.4547184,0.10980983078479767,0.9451097846031189,0.7678535580635071
YAL023C,YMR262W,0,1.4547024,0.10979709774255753,0.9451097846031189,0.7679535746574402
YPL033C,YHL008C,0,1.4544736,0.10978437215089798,0.9451097846031189,0.7680535912513733
YDR222W,YDR195W,0,1.4542227,0.10977164655923843,0.9451097846031189,0.7681536078453064
YFL057C,YOR338W,0,1.4536886,0.10975892096757889,0.9451097846031189,0.7682536244392395
YFL057C,YKR044W,0,1.4527687,0.10974620282649994,0.9451097846031189,0.7683536410331726
YOR340C,YDR233C,0,1.4516916,0.10973348468542099,0.9451097846031189,0.7684537172317505
YER020W,YML041C,0,1.4515659,0.10972077399492264,0.9451097846031189,0.7685537338256836
YDR022C,YGR035C,0,1.4515357,0.10970806330442429,0.9451097846031189,0.7686537504196167
YDR234W,YMR046C,0,1.4502456,0.10969535261392593,0.9451097846031189,0.7687537670135498
YDR479C,YBR012W-A,0,1.4501216,0.10968264937400818,0.9451097846031189,0.7688537836074829
YOR046C,YHR149C,0,1.4452703,0.10966994613409042,0.9451097846031189,0.768953800201416
YLR099C,YJR127C,0,1.4452543,0.10965725034475327,0.9451097846031189,0.7690538167953491
YFL035C,YIR039C,0,1.4450505,0.10964455455541611,0.9451097846031189,0.7691538333892822
YCL048W,YBR100W,0,1.4450475,0.10963185876607895,0.9451097846031189,0.7692538499832153
YFR032C-A,YPL056C,0,1.444348,0.10961917042732239,0.9451097846031189,0.7693538665771484
YJL174W,YNL280C,0,1.4437312,0.10960648208856583,0.9451097846031189,0.7694538831710815
YJR119C,YLR048W,0,1.4436125,0.10959379374980927,0.9451097846031189,0.7695538997650146
YLR090W,YDL209C,0,1.4431282,0.1095811128616333,0.9451097846031189,0.7696539163589478
YPL096C-A,YPL065W,0,1.4427731,0.10956843942403793,0.9451097846031189,0.7697539329528809
YDR473C,YLR115W,0,1.4426868,0.10955575853586197,0.9451097846031189,0.769853949546814
YDR204W,YDR368W,0,1.441464,0.1095430850982666,0.9451097846031189,0.7699539661407471
YDL102W,YOR267C,0,1.4403979,0.10953041911125183,0.9451097846031189,0.7700539827346802
YLR055C,YIL056W,0,1.4377866,0.10951775312423706,0.9451097846031189,0.7701540589332581
YPL131W,YMR322C,0,1.4376805,0.10950508713722229,0.9451097846031189,0.7702540755271912
YJL206C,YFR013W,0,1.4367851,0.10949242860078812,0.9451097846031189,0.7703540921211243
YLR441C,YCR009C,0,1.4360198,0.10947977006435394,0.9451097846031189,0.7704541087150574
YMR016C,YGR200C,0,1.4360139,0.10946711152791977,0.9451097846031189,0.7705541253089905
YOR228C,YOL076W,0,1.4356035,0.10945446044206619,0.9451097846031189,0.7706541419029236
YNL230C,YNL221C,0,1.4347718,0.10944180935621262,0.9451097846031189,0.7707541584968567
YGL233W,YGL076C,0,1.4343832,0.10942916572093964,0.9451097846031189,0.7708541750907898
YMR171C,YKR027W,0,1.4337511,0.10941652208566666,0.9451097846031189,0.7709541916847229
YHR117W,YDR473C,0,1.4333186,0.10940387845039368,0.9451097846031189,0.771054208278656
YDR040C,YJR145C,0,1.433043,0.1093912422657013,0.9451097846031189,0.7711542248725891
YJR065C,YOR179C,0,1.4327615,0.10937860608100891,0.9451097846031189,0.7712542414665222
YBR238C,YJR149W,0,1.4321969,0.10936597734689713,0.9451097846031189,0.7713542580604553
YML018C,YLR356W,0,1.4321176,0.10935334861278534,0.9451097846031189,0.7714542746543884
YGR204W,YLR251W,0,1.4320339,0.10934071987867355,0.9451097846031189,0.7715542912483215
YER007W,YKL039W,0,1.4314067,0.10932809859514236,0.9451097846031189,0.7716543078422546
YBL021C,YOL002C,1,1.4303294,0.10943091660737991,0.946107804775238,0.7716543078422546
YNL079C,YAL060W,0,1.4299117,0.10941828042268753,0.946107804775238,0.7717543244361877
YBR045C,YFR047C,0,1.4290141,0.10940565168857574,0.946107804775238,0.7718544006347656
YNL284C-B,YML063W,0,1.4277834,0.10939303040504456,0.946107804775238,0.7719544172286987
YBL063W,YLR042C,0,1.4266021,0.10938040912151337,0.946107804775238,0.7720544338226318
YNR059W,YDL115C,0,1.4260471,0.10936778783798218,0.946107804775238,0.7721544504165649
YPL089C,YDR364C,0,1.4259329,0.10935517400503159,0.946107804775238,0.772254467010498
YGL241W,YPR204W,0,1.4254005,0.109342560172081,0.946107804775238,0.7723544836044312
YDR341C,YMR149W,0,1.4251918,0.109329953789711,0.946107804775238,0.7724545001983643
YML097C,YNR021W,0,1.4242121,0.1093173399567604,0.946107804775238,0.7725545167922974
YDR420W,YGR279C,0,1.4239347,0.10930474102497101,0.946107804775238,0.7726545333862305
YOR045W,YLR327C,0,1.4237765,0.10929213464260101,0.946107804775238,0.7727545499801636
YDL030W,YDR418W,0,1.4235082,0.10927953571081161,0.946107804775238,0.7728545665740967
YPR102C,YLL061W,0,1.4233029,0.10926694422960281,0.946107804775238,0.7729545831680298
YKL218C,YJL141C,0,1.4231942,0.10925435274839401,0.946107804775238,0.7730545997619629
YJR036C,YMR210W,0,1.4227483,0.10924176126718521,0.946107804775238,0.773154616355896
YNL085W,YKL200C,0,1.4224797,0.109229177236557,0.946107804775238,0.7732546329498291
YJL153C,YER161C,0,1.4218214,0.1092165932059288,0.946107804775238,0.7733546495437622
YOL105C,YDR439W,0,1.4216348,0.1092040091753006,0.946107804775238,0.7734546661376953
YGR017W,YBR213W,0,1.4210181,0.10919143259525299,0.946107804775238,0.7735546827316284
YFL033C,YAL013W,0,1.4206524,0.10917885601520538,0.946107804775238,0.7736547589302063
YPR133C,YDR320C,0,1.4204855,0.10916627943515778,0.946107804775238,0.7737547755241394
YDR501W,YPL276W,0,1.420395,0.10915371030569077,0.946107804775238,0.7738547921180725
YOL125W,YMR182C,0,1.4191418,0.10914114862680435,0.946107804775238,0.7739548087120056
YER099C,YOR317W,0,1.4190876,0.10912857949733734,0.946107804775238,0.7740548253059387
YGR286C,YGL113W,0,1.4183445,0.10911602526903152,0.946107804775238,0.7741548418998718
YML016C,YBR035C,0,1.418058,0.10910346359014511,0.946107804775238,0.7742548584938049
YJR053W,YNL158W,0,1.41788,0.1090909093618393,0.946107804775238,0.774354875087738
YLR050C,YBL024W,0,1.4175981,0.10907835513353348,0.946107804775238,0.7744548916816711
YKL116C,YKL199C,0,1.4161353,0.10906580835580826,0.946107804775238,0.7745549082756042
YOL031C,YGR035C,0,1.4160657,0.10905326157808304,0.946107804775238,0.7746549248695374
YNL284C-B,YHR133C,0,1.4158599,0.10904071480035782,0.946107804775238,0.7747549414634705
YCL004W,YPR036W,0,1.4155587,0.1090281754732132,0.946107804775238,0.7748549580574036
YBR092C,YOL092W,0,1.4145596,0.10901563614606857,0.946107804775238,0.7749549746513367
YCL012W,YEL054C,0,1.4141963,0.10900310426950455,0.946107804775238,0.7750549912452698
YPL195W,YOR025W,0,1.4141736,0.10899057239294052,0.946107804775238,0.7751550078392029
YLR118C,YER184C,0,1.4140112,0.1089780405163765,0.946107804775238,0.775255024433136
YBL088C,YCR098C,0,1.413337,0.10896551609039307,0.946107804775238,0.7753551006317139
YDR071C,YGR135W,0,1.4131572,0.10895299166440964,0.946107804775238,0.775455117225647
YJR120W,YBR150C,0,1.4129902,0.1089404746890068,0.946107804775238,0.7755551338195801
YPR005C,YOR251C,0,1.4128482,0.10892795771360397,0.946107804775238,0.7756551504135132
YJR098C,YMR130W,0,1.4127679,0.10891544073820114,0.946107804775238,0.7757551670074463
YGR143W,YBR041W,0,1.410032,0.1089029312133789,0.946107804775238,0.7758551836013794
YDR056C,YBR020W,0,1.4096836,0.10889042168855667,0.946107804775238,0.7759552001953125
YML081C-A,YMR159C,0,1.4084731,0.10887791216373444,0.946107804775238,0.7760552167892456
YAR027W,YDR207C,0,1.408421,0.1088654100894928,0.946107804775238,0.7761552333831787
YBR182C,YKL161C,0,1.4083376,0.10885290801525116,0.946107804775238,0.7762552499771118
YBR271W,YHR193C,0,1.4080334,0.10884041339159012,0.946107804775238,0.7763552665710449
YAL019W,YBR066C,0,1.4069526,0.10882791876792908,0.946107804775238,0.776455283164978
YMR050C,YBR042C,0,1.4065778,0.10881542414426804,0.946107804775238,0.7765552997589111
YER099C,YPR194C,0,1.4057486,0.10880293697118759,0.946107804775238,0.7766553163528442
YLR221C,YOR317W,0,1.4053717,0.10879044979810715,0.946107804775238,0.7767553329467773
YLR035C-A,YML004C,0,1.4049505,0.1087779700756073,0.946107804775238,0.7768553495407104
YCL034W,YOL154W,0,1.4041075,0.10876549035310745,0.946107804775238,0.7769553661346436
YEL043W,YDL197C,0,1.4034154,0.1087530106306076,0.946107804775238,0.7770553827285767
YFL018W-A,YJR060W,0,1.403296,0.10874053835868835,0.946107804775238,0.7771554589271545
YOR374W,YGL167C,0,1.4029875,0.1087280660867691,0.946107804775238,0.7772554755210876
YLR141W,YDL095W,0,1.4027562,0.10871559381484985,0.946107804775238,0.7773554921150208
YOL030W,YOR069W,0,1.4015174,0.1087031289935112,0.946107804775238,0.7774555087089539
YMR192W,YIL124W,0,1.4002231,0.10869066417217255,0.946107804775238,0.777555525302887
YLR384C,YHR008C,0,1.3993363,0.10867820680141449,0.946107804775238,0.7776555418968201
YGR171C,YHR025W,0,1.3990123,0.10866574943065643,0.946107804775238,0.7777555584907532
YKR094C,YHR206W,0,1.3989127,0.10865329205989838,0.946107804775238,0.7778555750846863
YOR120W,YLR460C,0,1.3989105,0.10864084213972092,0.946107804775238,0.7779555916786194
YFL041W,YMR247C,0,1.39808,0.10862839221954346,0.946107804775238,0.7780556082725525
YPR128C,YCL005W-A,0,1.3957939,0.1086159497499466,0.946107804775238,0.7781556248664856
YBR283C,YMR118C,0,1.3952122,0.10860350728034973,0.946107804775238,0.7782556414604187
YDL114W,YGL062W,0,1.3946682,0.10859106481075287,0.946107804775238,0.7783556580543518
YHR197W,YNL173C,0,1.394586,0.1085786297917366,0.946107804775238,0.7784556746482849
YHR154W,YOR386W,0,1.3944176,0.10856619477272034,0.946107804775238,0.778555691242218
YCR030C,YER123W,0,1.3943911,0.10855375975370407,0.946107804775238,0.7786557078361511
YGL027C,YIL160C,0,1.3938814,0.1085413321852684,0.946107804775238,0.7787557244300842
YGR254W,YIL069C,0,1.3934114,0.10852890461683273,0.946107804775238,0.7788558006286621
YJR006W,YER074W,0,1.3930907,0.10851648449897766,0.946107804775238,0.7789558172225952
YDR420W,YLR330W,0,1.3924816,0.10850406438112259,0.946107804775238,0.7790558338165283
YML096W,YKL020C,0,1.3923763,0.10849164426326752,0.946107804775238,0.7791558504104614
YDL140C,YBR213W,1,1.3921393,0.1085936576128006,0.9471057653427124,0.7791558504104614
YMR211W,YIL021W,0,1.3920202,0.10858123749494553,0.9471057653427124,0.7792558670043945
YMR238W,YGL107C,0,1.392003,0.10856880992650986,0.9471057653427124,0.7793558835983276
YJR155W,YOL032W,0,1.3911314,0.10855639725923538,0.9471057653427124,0.7794559001922607
YDR373W,YDR499W,0,1.3905101,0.10854397714138031,0.9471057653427124,0.7795559167861938
YGL004C,YDR030C,0,1.3901632,0.10853156447410583,0.9471057653427124,0.779655933380127
YKR061W,YAR018C,0,1.3898634,0.10851915180683136,0.9471057653427124,0.7797559499740601
YHR067W,YOL040C,0,1.3896976,0.10850674659013748,0.9471057653427124,0.7798559665679932
YKR071C,YGR205W,0,1.3873707,0.1084943413734436,0.9471057653427124,0.7799559831619263
YJR120W,YGR120C,0,1.3872737,0.10848193615674973,0.9471057653427124,0.7800559997558594
YDR403W,YHR020W,0,1.3868866,0.10846953839063644,0.9471057653427124,0.7801560163497925
YPR127W,YFL037W,0,1.3853964,0.10845714062452316,0.9471057653427124,0.7802560329437256
YER164W,YML124C,0,1.3843746,0.10844475030899048,0.9471057653427124,0.7803560495376587
YGR001C,YKL156W,0,1.3843038,0.1084323599934578,0.9471057653427124,0.7804560661315918
YPL129W,YLR451W,0,1.3839008,0.10841996967792511,0.9471057653427124,0.7805560827255249
YGR271C-A,YHR039C-B,1,1.3836298,0.10852181911468506,0.9481037855148315,0.7805560827255249
YLL040C,YOR131C,0,1.3832903,0.10850942134857178,0.9481037855148315,0.7806561589241028
YHR072W-A,YEL016C,1,1.3830348,0.10861124098300934,0.9491018056869507,0.7806561589241028
YLR045C,YOR262W,0,1.3830336,0.10859883576631546,0.9491018056869507,0.7807561755180359
YGL191W,YGR086C,0,1.3826623,0.10858643800020218,0.9491018056869507,0.780856192111969
YBL082C,YGR239C,0,1.3824385,0.1085740402340889,0.9491018056869507,0.7809562087059021
YBR297W,YDR280W,0,1.3818312,0.10856164246797562,0.9491018056869507,0.7810562252998352
YBR181C,YHR106W,0,1.3805106,0.10854925215244293,0.9491018056869507,0.7811562418937683
YLR325C,YCR012W,0,1.3802924,0.10853686183691025,0.9491018056869507,0.7812562584877014
YDL119C,YMR227C,0,1.3801441,0.10852447897195816,0.9491018056869507,0.7813562750816345
YPR034W,YBL026W,0,1.3782142,0.10851209610700607,0.9491018056869507,0.7814562916755676
YLR201C,YKL199C,0,1.3778517,0.10849971324205399,0.9491018056869507,0.7815563082695007
YJR033C,YLR014C,0,1.3773553,0.1084873378276825,0.9491018056869507,0.7816563248634338
YPL169C,YKL079W,0,1.3763497,0.108474962413311,0.9491018056869507,0.7817563414573669
YBR112C,YML070W,0,1.3748707,0.10846259444952011,0.9491018056869507,0.7818563580513
YBR170C,YDR211W,0,1.372731,0.10845021903514862,0.9491018056869507,0.7819563746452332
YPL096C-A,YOR109W,0,1.3727243,0.10843785852193832,0.9491018056869507,0.7820563912391663
YDR303C,YLR039C,0,1.3726373,0.10842549055814743,0.9491018056869507,0.7821564078330994
YNL247W,YJL019W,0,1.3721818,0.10841313004493713,0.9491018056869507,0.7822564244270325
YIL120W,YDR090C,0,1.3716323,0.10840077698230743,0.9491018056869507,0.7823565006256104
YDR372C,YIL035C,0,1.3700936,0.10838842391967773,0.9491018056869507,0.7824565172195435
YOR292C,YGR229C,0,1.3695941,0.10837607085704803,0.9491018056869507,0.7825565338134766
YOR071C,YBR218C,0,1.3694541,0.10836371779441833,0.9491018056869507,0.7826565504074097
YDR306C,YDR301W,0,1.368413,0.10835137218236923,0.9491018056869507,0.7827565670013428
YPL051W,YCR087C-A,0,1.366404,0.10833902657032013,0.9491018056869507,0.7828565835952759
YIL107C,YDR283C,0,1.3658714,0.10832668840885162,0.9491018056869507,0.782956600189209
YER023W,YLR163C,0,1.365547,0.10831435024738312,0.9491018056869507,0.7830566167831421
YPL150W,YMR101C,0,1.3653166,0.10830201208591461,0.9491018056869507,0.7831566333770752
YCR044C,YAL051W,0,1.3651308,0.1082896813750267,0.9491018056869507,0.7832566499710083
YBR195C,YGL031C,0,1.3649732,0.1082773506641388,0.9491018056869507,0.7833566665649414
YDL055C,YMR269W,0,1.3645924,0.10826502740383148,0.9491018056869507,0.7834566831588745
YFL011W,YPR166C,0,1.363646,0.10825270414352417,0.9491018056869507,0.7835566997528076
YOL055C,YFR036W,0,1.3636074,0.10824038088321686,0.9491018056869507,0.7836567163467407
YNL328C,YFR007W,0,1.3634791,0.10822806507349014,0.9491018056869507,0.7837567329406738
YBR075W,YML127W,0,1.3633174,0.10821574926376343,0.9491018056869507,0.7838567495346069
YHL040C,YNR013C,0,1.3632411,0.10820343345403671,0.9491018056869507,0.78395676612854
YGR086C,YMR012W,0,1.3628037,0.1081911250948906,0.9491018056869507,0.7840567827224731
YPL189C-A,YCL024W,0,1.3627682,0.10817881673574448,0.9491018056869507,0.784156858921051
YPR137W,YML040W,0,1.3627181,0.10816651582717896,0.9491018056869507,0.7842568755149841
YJR133W,YPL048W,0,1.3626579,0.10815421491861343,0.9491018056869507,0.7843568921089172
YEL048C,YFR047C,0,1.3624804,0.10814191401004791,0.9491018056869507,0.7844569087028503
YPL161C,YGL039W,0,1.3620297,0.10812962055206299,0.9491018056869507,0.7845569252967834
YDR065W,YOL032W,0,1.3619871,0.10811732709407806,0.9491018056869507,0.7846569418907166
YLR234W,YMR063W,0,1.3607261,0.10810503363609314,0.9491018056869507,0.7847569584846497
YHR179W,YLR419W,0,1.3605745,0.10809274762868881,0.9491018056869507,0.7848569750785828
YJR006W,YMR241W,0,1.3605336,0.10808046162128448,0.9491018056869507,0.7849569916725159
YOL011W,YCL003W,0,1.3599653,0.10806818306446075,0.9491018056869507,0.785057008266449
YNL302C,YKL022C,0,1.3595431,0.10805590450763702,0.9491018056869507,0.7851570248603821
YFL035C-B,YML077W,1,1.3594401,0.10815723985433578,0.9500998258590698,0.7851570248603821
YDL185W,YLR312C-B,0,1.3592565,0.10814495384693146,0.9500998258590698,0.7852570414543152
YDL205C,YNL289W,0,1.3590946,0.10813266783952713,0.9500998258590698,0.7853570580482483
YDR046C,YLL009C,0,1.3587663,0.1081203892827034,0.9500998258590698,0.7854570746421814
YLR391W,YDL030W,0,1.3577603,0.10810811072587967,0.9500998258590698,0.7855570912361145
YOR132W,YKR089C,0,1.3575392,0.10809583216905594,0.9500998258590698,0.7856571078300476
YMR224C,YHR009C,0,1.3574507,0.1080835610628128,0.9500998258590698,0.7857571244239807
YJR155W,YKL088W,0,1.3569608,0.10807128995656967,0.9500998258590698,0.7858572006225586
YPL221W,YBL091C-A,0,1.3569181,0.10805902630090714,0.9500998258590698,0.7859572172164917
YJL206C,YIL076W,0,1.355585,0.1080467626452446,0.9500998258590698,0.7860572338104248
YHR209W,YDR460W,0,1.3553522,0.10803449898958206,0.9500998258590698,0.7861572504043579
YOR273C,YBR080C,0,1.3551219,0.10802224278450012,0.9500998258590698,0.786257266998291
YMR006C,YEL044W,0,1.3550181,0.10800998657941818,0.9500998258590698,0.7863572835922241
YBR149W,YDL109C,0,1.3547622,0.10799773037433624,0.9500998258590698,0.7864573001861572
YLR035C-A,YMR110C,0,1.354697,0.1079854816198349,0.9500998258590698,0.7865573167800903
YKL166C,YNL146W,0,1.3545808,0.10797323286533356,0.9500998258590698,0.7866573333740234
YLR337W,YPL160W,0,1.3539026,0.10796099156141281,0.9500998258590698,0.7867573499679565
YMR262W,YER062C,0,1.3538462,0.10794875025749207,0.9500998258590698,0.7868573665618896
YDL054C,YOR261C,0,1.3534272,0.10793650895357132,0.9500998258590698,0.7869573831558228
YFR019W,YHR009C,0,1.3532865,0.10792427510023117,0.9500998258590698,0.7870573997497559
YKL194C,YGL174W,0,1.3532267,0.10791204124689102,0.9500998258590698,0.787157416343689
YGR212W,YGL092W,0,1.3531358,0.10789980739355087,0.9500998258590698,0.7872574329376221
YOR009W,YDR503C,0,1.3522825,0.10788758099079132,0.9500998258590698,0.7873574495315552
YKL178C,YOR069W,0,1.3522474,0.10787535458803177,0.9500998258590698,0.7874574661254883
YCL034W,YML015C,0,1.3517165,0.10786312818527222,0.9500998258590698,0.7875574827194214
YDR492W,YNL160W,0,1.3517115,0.10785090923309326,0.9500998258590698,0.7876575589179993
YBR214W,YJR052W,0,1.3515022,0.1078386977314949,0.9500998258590698,0.7877575755119324
YAL038W,YNL239W,0,1.3514006,0.10782647877931595,0.9500998258590698,0.7878575921058655
YML094W,YLL066C,0,1.3512969,0.10781426727771759,0.9500998258590698,0.7879576086997986
YGL161C,YDR150W,0,1.3504374,0.10780206322669983,0.9500998258590698,0.7880576252937317
YJL149W,YKL043W,0,1.349631,0.10778985172510147,0.9500998258590698,0.7881576418876648
YNL291C,YLR194C,0,1.3493553,0.1077776551246643,0.9500998258590698,0.7882576584815979
YDR262W,YLR268W,0,1.348949,0.10776545107364655,0.9500998258590698,0.788357675075531
YNL217W,YBR087W,0,1.3488265,0.10775325447320938,0.9500998258590698,0.7884576916694641
YDR217C,YIL142W,0,1.3487449,0.10774105787277222,0.9500998258590698,0.7885577082633972
YMR195W,YMR211W,0,1.3480253,0.10772886872291565,0.9500998258590698,0.7886577248573303
YNL142W,YIL017W,0,1.3475738,0.10771667957305908,0.9500998258590698,0.7887577414512634
YOR378W,YDR256C,0,1.3444831,0.10770449042320251,0.9500998258590698,0.7888577580451965
YEL048C,YFL002W-B,0,1.3440943,0.10769230872392654,0.9500998258590698,0.7889577746391296
YMR228W,YGR058W,0,1.3435266,0.10768012702465057,0.9500998258590698,0.7890577912330627
YJL133W,YMR210W,0,1.3433444,0.1076679453253746,0.9500998258590698,0.7891578078269958
YGL058W,YPR162C,0,1.3432305,0.10765577107667923,0.9500998258590698,0.789257824420929
YGR272C,YNL330C,1,1.343012,0.10775667428970337,0.9510977864265442,0.789257824420929
YHR113W,YGL158W,0,1.3417096,0.1077444851398468,0.9510977864265442,0.7893579006195068
YDR297W,YER081W,0,1.341675,0.10773231089115143,0.9510977864265442,0.7894579172134399
YJL012C-A,YJR041C,0,1.341372,0.10772012919187546,0.9510977864265442,0.789557933807373
YBL100W-B,YOR167C,0,1.3403382,0.10770795494318008,0.9510977864265442,0.7896579504013062
YJL197W,YER165W,0,1.3397226,0.10769578814506531,0.9510977864265442,0.7897579669952393
YDR513W,YBR241C,0,1.3393152,0.10768361389636993,0.9510977864265442,0.7898579835891724
YOR358W,YDR534C,0,1.3392925,0.10767144709825516,0.9510977864265442,0.7899580001831055
YFL035C-B,YBL025W,1,1.338752,0.10777225345373154,0.9520958065986633,0.7899580001831055
YDR315C,YIL106W,0,1.3385152,0.10776007920503616,0.9520958065986633,0.7900580167770386
YLR441C,YBL061C,0,1.3384185,0.10774791240692139,0.9520958065986633,0.7901580333709717
YGR009C,YNL020C,0,1.3382337,0.10773574560880661,0.9520958065986633,0.7902580499649048
YGR124W,YMR037C,0,1.3380473,0.10772357881069183,0.9520958065986633,0.7903580665588379
YBL005W,YGL062W,0,1.3355635,0.10771141201257706,0.9520958065986633,0.790458083152771
YFR024C,YLR295C,0,1.3354472,0.10769925266504288,0.9520958065986633,0.7905580997467041
YGR174C,YDL134C-A,0,1.3354144,0.1076871007680893,0.9520958065986633,0.7906581163406372
YGL098W,YLL006W,0,1.3351374,0.10767494142055511,0.9520958065986633,0.7907581329345703
YPL076W,YDR120C,0,1.3348364,0.10766278952360153,0.9520958065986633,0.7908581495285034
YJR104C,YBR081C,0,1.3346565,0.10765064507722855,0.9520958065986633,0.7909581661224365
YEL020W-A,YNL280C,0,1.3340163,0.10763850063085556,0.9520958065986633,0.7910581827163696
YPR106W,YOR274W,0,1.3334045,0.10762635618448257,0.9520958065986633,0.7911582589149475
YIL132C,YOL023W,0,1.3326795,0.10761421173810959,0.9520958065986633,0.7912582755088806
YLR158C,YCR080W,0,1.3326502,0.1076020747423172,0.9520958065986633,0.7913582921028137
YDR242W,YGL021W,0,1.3325977,0.10758993774652481,0.9520958065986633,0.7914583086967468
YKL210W,YBR046C,0,1.3323221,0.10757780820131302,0.9520958065986633,0.7915583252906799
YMR246W,YBR183W,0,1.3308235,0.10756567865610123,0.9520958065986633,0.791658341884613
YER060W-A,YKR007W,1,1.3306887,0.10766629129648209,0.9530938267707825,0.791658341884613
YHR039C-B,YGL129C,0,1.3306441,0.1076541543006897,0.9530938267707825,0.7917583584785461
YPL131W,YPL189C-A,0,1.3302999,0.10764201730489731,0.9530938267707825,0.7918583750724792
YDR390C,YMR188C,0,1.3293278,0.10762988775968552,0.9530938267707825,0.7919583916664124
YJL089W,YML127W,0,1.3290988,0.10761775821447372,0.9530938267707825,0.7920584082603455
YDL225W,YMR201C,0,1.3284578,0.10760563611984253,0.9530938267707825,0.7921584248542786
YIR002C,YKL199C,0,1.3271261,0.10759351402521133,0.9530938267707825,0.7922584414482117
YAL015C,YIL134W,0,1.3270428,0.10758139193058014,0.9530938267707825,0.7923584580421448
YKL088W,YMR042W,1,1.3264997,0.10768190771341324,0.9540917873382568,0.7923584580421448
YCR081W,YKL158W,0,1.326344,0.10766978561878204,0.9540917873382568,0.7924584746360779
YLR304C,YPR141C,0,1.3262771,0.10765765607357025,0.9540917873382568,0.792558491230011
YPR063C,YBL091C-A,0,1.3258874,0.10764553397893906,0.9540917873382568,0.7926585078239441
YDR159W,YKL110C,0,1.3250487,0.10763341933488846,0.9540917873382568,0.7927585244178772
YLL017W,YDR490C,0,1.3248807,0.10762129724025726,0.9540917873382568,0.7928586006164551
YIL064W,YPL123C,0,1.3248537,0.10760918259620667,0.9540917873382568,0.7929586172103882
YML080W,YDL247W,0,1.324251,0.10759707540273666,0.9540917873382568,0.7930586338043213
YPR080W,YLR396C,0,1.3237917,0.10758496820926666,0.9540917873382568,0.7931586503982544
YLR102C,YML088W,0,1.3219129,0.10757286101579666,0.9540917873382568,0.7932586669921875
YLR068W,YJR149W,0,1.3219043,0.10756075382232666,0.9540917873382568,0.7933586835861206
YHR064C,YDL204W,0,1.3218969,0.10754865407943726,0.9540917873382568,0.7934587001800537
YMR220W,YLL019C,0,1.3217611,0.10753655433654785,0.9540917873382568,0.7935587167739868
YPL141C,YLR435W,0,1.3213954,0.10752446204423904,0.9540917873382568,0.7936587333679199
YCR081W,YNR004W,0,1.3211501,0.10751236975193024,0.9540917873382568,0.793758749961853
YER046W,YPL100W,0,1.3185742,0.10750027745962143,0.9540917873382568,0.7938587665557861
YNL213C,YLL001W,0,1.3161098,0.10748819261789322,0.9540917873382568,0.7939587831497192
YPR001W,YBR028C,0,1.3160878,0.10747610777616501,0.9540917873382568,0.7940587997436523
YOR343W-A,YBR031W,0,1.3160803,0.1074640303850174,0.9540917873382568,0.7941588163375854
YOR381W,YPL013C,0,1.3150874,0.10745195299386978,0.9540917873382568,0.7942588329315186
YJL012C,YLL019C,0,1.3147829,0.10743987560272217,0.9540917873382568,0.7943588495254517
YEL036C,YDR510W,0,1.3146145,0.10742779821157455,0.9540917873382568,0.7944588661193848
YLL053C,YMR077C,0,1.3137176,0.10741572827100754,0.9540917873382568,0.7945588827133179
YLR139C,YHR133C,0,1.3137062,0.10740366578102112,0.9540917873382568,0.7946589589118958
YKL007W,YOR120W,0,1.3136249,0.1073915958404541,0.9540917873382568,0.7947589755058289
YPR060C,YJL181W,0,1.3131714,0.10737953335046768,0.9540917873382568,0.794858992099762
YOR236W,YJL165C,0,1.3123295,0.10736747831106186,0.9540917873382568,0.7949590086936951
YJR132W,YML095C,0,1.3117038,0.10735541582107544,0.9540917873382568,0.7950590252876282
YAR007C,YNL016W,0,1.3112409,0.10734336078166962,0.9540917873382568,0.7951590418815613
YPR162C,YCL055W,0,1.3110918,0.10733131319284439,0.9540917873382568,0.7952590584754944
YCL005W-A,YOR211C,0,1.309457,0.10731926560401917,0.9540917873382568,0.7953590750694275
YJL044C,YOR027W,0,1.3093717,0.10730721801519394,0.9540917873382568,0.7954590916633606
YDR403W,YJR070C,0,1.308984,0.10729517042636871,0.9540917873382568,0.7955591082572937
YMR297W,YIL039W,0,1.3088653,0.10728313028812408,0.9540917873382568,0.7956591248512268
YPR022C,YKL139W,1,1.3084917,0.10738330334424973,0.955089807510376,0.7956591248512268
YGL158W,YBR111W-A,0,1.3082306,0.1073712557554245,0.955089807510376,0.7957591414451599
YBR112C,YMR321C,0,1.3080239,0.10735920816659927,0.955089807510376,0.795859158039093
YER184C,YOR270C,0,1.307766,0.10734716802835464,0.955089807510376,0.7959591746330261
YGR188C,YKL158W,0,1.3071438,0.10733512789011002,0.955089807510376,0.7960591912269592
YOR075W,YPR071W,0,1.3066688,0.10732308775186539,0.955089807510376,0.7961592078208923
YIL030C,YLR213C,0,1.3065326,0.10731105506420135,0.955089807510376,0.7962592244148254
YGL004C,YOR249C,0,1.3060211,0.10729902237653732,0.955089807510376,0.7963593006134033
YDL143W,YBR072W,0,1.3033209,0.10728699713945389,0.955089807510376,0.7964593172073364
YOR001W,YML040W,0,1.3032396,0.10727497190237045,0.955089807510376,0.7965593338012695
YGR105W,YGR001C,0,1.3029109,0.10726294666528702,0.955089807510376,0.7966593503952026
YPL274W,YDR170W-A,0,1.3028567,0.10725092142820358,0.955089807510376,0.7967593669891357
YFR006W,YLR223C,0,1.3025249,0.10723890364170074,0.955089807510376,0.7968593835830688
YPR149W,YFL037W,0,1.3017031,0.1072268933057785,0.955089807510376,0.796959400177002
YKL145W,YGR188C,0,1.301527,0.10721487551927567,0.955089807510376,0.7970594167709351
YCR097WB,YBR035C,0,1.301084,0.10720286518335342,0.955089807510376,0.7971594333648682
YHR061C,YHR143W,0,1.3010678,0.10719086229801178,0.955089807510376,0.7972594499588013
YGR062C,YLR105C,0,1.3008637,0.10717885196208954,0.955089807510376,0.7973594665527344
YOL133W,YJL181W,0,1.3000998,0.10716685652732849,0.955089807510376,0.7974594831466675
YGL120C,YBL075C,0,1.2996213,0.10715485364198685,0.955089807510376,0.7975594997406006
YDR375C,YLR419W,0,1.2986417,0.1071428582072258,0.955089807510376,0.7976595163345337
YLL006W,YPL096C-A,0,1.2985337,0.10713086277246475,0.955089807510376,0.7977595329284668
YDR021W,YBR121C,0,1.2974732,0.1071188747882843,0.955089807510376,0.7978595495223999
YOL086W-A,YBL058W,0,1.2973526,0.10710687935352325,0.955089807510376,0.797959566116333
YIL069C,YOL154W,0,1.2969409,0.1070948988199234,0.955089807510376,0.7980595827102661
YPL026C,YGR262C,0,1.2968273,0.10708291083574295,0.955089807510376,0.798159658908844
YNR027W,YIL107C,0,1.2967491,0.1070709303021431,0.955089807510376,0.7982596755027771
YOR341W,YPR022C,1,1.2955723,0.10717082768678665,0.9560878276824951,0.7982596755027771
YBL058W,YBR072W,0,1.295213,0.1071588397026062,0.9560878276824951,0.7983596920967102
YLR079W,YIL080W,0,1.2947822,0.10714685171842575,0.9560878276824951,0.7984597086906433
YLR448W,YOR212W,0,1.2940882,0.1071348711848259,0.9560878276824951,0.7985597252845764
YJR104C,YNL180C,0,1.2931383,0.10712289065122604,0.9560878276824951,0.7986597418785095
YBR156C,YLR207W,0,1.292704,0.10711091011762619,0.9560878276824951,0.7987597584724426
YLR141W,YDL130W-A,0,1.2922883,0.10709893703460693,0.9560878276824951,0.7988597750663757
YLR131C,YER033C,0,1.2916334,0.10708696395158768,0.9560878276824951,0.7989597916603088
YLR394W,YLR330W,0,1.291565,0.10707499831914902,0.9560878276824951,0.7990598082542419
YGL031C,YLR364W,0,1.2903892,0.10706303268671036,0.9560878276824951,0.799159824848175
YFL035C-B,YBR272C,0,1.2903173,0.1070510670542717,0.9560878276824951,0.7992598414421082
YOR381W,YIL144W,0,1.2896457,0.10703910887241364,0.9560878276824951,0.7993598580360413
YOL103W-B,YNR033W,0,1.2895429,0.10702715069055557,0.9560878276824951,0.7994598746299744
YJL181W,YHR150W,0,1.2894802,0.10701519250869751,0.9560878276824951,0.7995598912239075
YER072W,YGL046W,0,1.2885308,0.10700324177742004,0.9560878276824951,0.7996599078178406
YLR078C,YLR377C,0,1.2873662,0.10699129104614258,0.9560878276824951,0.7997599244117737
YML005W,YIL033C,0,1.2872717,0.10697934031486511,0.9560878276824951,0.7998600006103516
YCL057W,YCR087C-A,0,1.2866719,0.10696739703416824,0.9560878276824951,0.7999600172042847
YNL182C,YKR096W,0,1.286602,0.10695545375347137,0.9560878276824951,0.8000600337982178
YBR205W,YLR005W,0,1.2860831,0.1069435104727745,0.9560878276824951,0.8001600503921509
YOL082W,YJL190C,0,1.2860465,0.10693157464265823,0.9560878276824951,0.800260066986084
YOR244W,YKL026C,0,1.2854953,0.10691964626312256,0.9560878276824951,0.8003600835800171
YJL127C,YLR459W,0,1.2854731,0.10690771043300629,0.9560878276824951,0.8004601001739502
YDL080C,YGR238C,0,1.2836603,0.10689578205347061,0.9560878276824951,0.8005601167678833
YDL113C,YOR131C,0,1.2833381,0.10688385367393494,0.9560878276824951,0.8006601333618164
YDR156W,YKL088W,1,1.2830513,0.1069834902882576,0.9570858478546143,0.8006601333618164
YDR323C,YOR228C,0,1.2824199,0.10697155445814133,0.9570858478546143,0.8007601499557495
YOR373W,YJL171C,0,1.2824028,0.10695962607860565,0.9570858478546143,0.8008601665496826
YBL060W,YER052C,0,1.2821546,0.10694769769906998,0.9570858478546143,0.8009601831436157
YOR240W,YOR113W,0,1.2817733,0.1069357693195343,0.9570858478546143,0.8010601997375488
YPL123C,YDR130C,0,1.2812644,0.10692384839057922,0.9570858478546143,0.8011602163314819
YMR061W,YER108C,0,1.2812024,0.10691192746162415,0.9570858478546143,0.801260232925415
YHL026C,YBR247C,0,1.2795107,0.10690001398324966,0.9570858478546143,0.8013602495193481
YBR092C,YBR012W-A,0,1.2792501,0.10688809305429459,0.9570858478546143,0.8014602661132812
YGL151W,YCR065W,0,1.2779459,0.1068761870265007,0.9570858478546143,0.8015602827072144
YNL304W,YHL044W,0,1.277533,0.10686427354812622,0.9570858478546143,0.8016603589057922
YGR012W,YOL152W,0,1.2771969,0.10685236752033234,0.9570858478546143,0.8017603754997253
YBR067C,YGL211W,0,1.2771236,0.10684046149253845,0.9570858478546143,0.8018603920936584
YPL144W,YDR334W,0,1.2770609,0.10682856291532516,0.9570858478546143,0.8019604086875916
YIL108W,YLR126C,0,1.2761923,0.10681666433811188,0.9570858478546143,0.8020604252815247
YJL112W,YGR235C,0,1.2755232,0.10680476576089859,0.9570858478546143,0.8021604418754578
YMR086W,YBR130C,0,1.275135,0.1067928746342659,0.9570858478546143,0.8022604584693909
YGL142C,YPL163C,0,1.2746619,0.10678098350763321,0.9570858478546143,0.802360475063324
YPL202C,YMR118C,0,1.2744226,0.10676909238100052,0.9570858478546143,0.8024604916572571
YKR101W,YHR079C-B,0,1.2741404,0.10675720870494843,0.9570858478546143,0.8025605082511902
YMR276W,YBL024W,0,1.2741282,0.10674532502889633,0.9570858478546143,0.8026605248451233
YLR054C,YAL043C,0,1.2732298,0.10673344135284424,0.9570858478546143,0.8027605414390564
YJL128C,YIL047C,0,1.2730762,0.10672156512737274,0.9570858478546143,0.8028605580329895
YML018C,YPR133W-A,0,1.2724812,0.10670968890190125,0.9570858478546143,0.8029605746269226
YFL054C,YGR077C,0,1.27242,0.10669782012701035,0.9570858478546143,0.8030605912208557
YGR027W-B,YDR304C,0,1.2721875,0.10668595135211945,0.9570858478546143,0.8031606078147888
YJL192C,YGR161C-D,0,1.2721875,0.10667408257722855,0.9570858478546143,0.8032606244087219
YBL063W,YFL035C-A,0,1.2721059,0.10666222125291824,0.9570858478546143,0.8033607006072998
YGL003C,YGR205W,0,1.2718,0.10665035247802734,0.9570858478546143,0.8034607172012329
YIR038C,YER087C-B,0,1.2706144,0.10663849860429764,0.9570858478546143,0.803560733795166
YLL002W,YBR012W-A,0,1.2703333,0.10662663727998734,0.9570858478546143,0.8036607503890991
YJL060W,YDL190C,0,1.2698495,0.10661478340625763,0.9570858478546143,0.8037607669830322
YLR100W,YMR089C,0,1.2691523,0.10660293698310852,0.9570858478546143,0.8038607835769653
YLR452C,YDR387C,0,1.2687933,0.10659108310937881,0.9570858478546143,0.8039608001708984
YDR347W,YOL152W,0,1.2685244,0.1065792366862297,0.9570858478546143,0.8040608167648315
YJR145C,YPL089C,0,1.2681823,0.1065673977136612,0.9570858478546143,0.8041608333587646
YML037C,YJR036C,0,1.2674606,0.10655555874109268,0.9570858478546143,0.8042608499526978
YPL189C-A,YGL103W,0,1.2670939,0.10654371976852417,0.9570858478546143,0.8043608665466309
YLL026W,YKL149C,0,1.266413,0.10653188079595566,0.9570858478546143,0.804460883140564
YDR025W,YPL172C,0,1.2659628,0.10652004927396774,0.9570858478546143,0.8045608997344971
YNL138W-A,YLR314C,0,1.2637514,0.10650821775197983,0.9570858478546143,0.8046609163284302
YDR361C,YOL065C,0,1.2628975,0.10649639368057251,0.9570858478546143,0.8047609329223633
YHR113W,YPR186C,0,1.2627589,0.1064845621585846,0.9570858478546143,0.8048609495162964
YPL028W,YFR031C-A,0,1.2620564,0.10647274553775787,0.9570858478546143,0.8049609661102295
YDL217C,YLR160C,0,1.2618356,0.10646092146635056,0.9570858478546143,0.8050609827041626
YBL057C,YBR120C,0,1.2607371,0.10644910484552383,0.9570858478546143,0.8051610589027405
YHR039C-B,YOL002C,1,1.2603011,0.10654827952384949,0.9580838084220886,0.8051610589027405
YER014C-A,YGR002C,0,1.2584198,0.10653645545244217,0.9580838084220886,0.8052610754966736
YBR114W,YOR240W,0,1.2582729,0.10652463138103485,0.9580838084220886,0.8053610920906067
YOL069W,YDL019C,0,1.2570169,0.10651281476020813,0.9580838084220886,0.8054611086845398
YGR124W,YMR268W-A,0,1.2559282,0.10650099813938141,0.9580838084220886,0.8055611252784729
YLR100W,YGR255C,0,1.2550355,0.10648918151855469,0.9580838084220886,0.805661141872406
YER137C,YCR073C,1,1.2549183,0.10658828914165497,0.9590818285942078,0.805661141872406
YGL021W,YDR490C,0,1.254532,0.10657646507024765,0.9590818285942078,0.8057611584663391
YMR195W,YPR182W,0,1.2540069,0.10656464844942093,0.9590818285942078,0.8058611750602722
YOR187W,YER052C,0,1.2537353,0.10655283182859421,0.9590818285942078,0.8059611916542053
YGR060W,YIL042C,0,1.2532934,0.10654102265834808,0.9590818285942078,0.8060612082481384
YDR372C,YIL036W,0,1.2525666,0.10652920603752136,0.9590818285942078,0.8061612248420715
YLR337W,YGR044C,0,1.2504151,0.10651740431785583,0.9590818285942078,0.8062612414360046
YKL001C,YNL146W,0,1.2502265,0.10650559514760971,0.9590818285942078,0.8063612580299377
YGL128C,YER017C,0,1.2501819,0.10649379342794418,0.9590818285942078,0.8064612746238708
YEL062W,YLR181C,0,1.2494447,0.10648199170827866,0.9590818285942078,0.806561291217804
YBR055C,YDR239C,0,1.2456117,0.10647019743919373,0.9590818285942078,0.8066613078117371
YLR277C,YNL188W,0,1.2455838,0.1064584031701088,0.9590818285942078,0.8067613244056702
YCL005W-A,YDR076W,0,1.2450837,0.10644660890102386,0.9590818285942078,0.806861400604248
YLR017W,YDR369C,0,1.2448848,0.10643482208251953,0.9590818285942078,0.8069614171981812
YDR262W,YML077W,0,1.2445543,0.1064230352640152,0.9590818285942078,0.8070614337921143
YBR067C,YDR406W,0,1.2438861,0.10641124844551086,0.9590818285942078,0.8071614503860474
YOL070C,YNL202W,0,1.2437521,0.10639946907758713,0.9590818285942078,0.8072614669799805
YDL129W,YNL056W,1,1.243506,0.10649839788675308,0.9600798487663269,0.8072614669799805
YDR536W,YDL087C,0,1.2426227,0.10648660361766815,0.9600798487663269,0.8073614835739136
YDL154W,YEL040W,0,1.2420366,0.10647481679916382,0.9600798487663269,0.8074615001678467
YDR100W,YLR019W,0,1.2419264,0.10646303743124008,0.9600798487663269,0.8075615167617798
YNL024C,YDR481C,0,1.2416234,0.10645125806331635,0.9600798487663269,0.8076615333557129
YBR002C,YGR034W,0,1.2414637,0.10643947869539261,0.9600798487663269,0.807761549949646
YDR242W,YJR139C,0,1.2410847,0.10642769932746887,0.9600798487663269,0.8078615665435791
YLL041C,YLR129W,0,1.2401887,0.10641592741012573,0.9600798487663269,0.8079615831375122
YBR207W,YFR015C,0,1.2400949,0.10640415549278259,0.9600798487663269,0.8080615997314453
YDR170W-A,YCR018C,0,1.2400119,0.10639239102602005,0.9600798487663269,0.8081616163253784
YER137C,YHL008C,0,1.23985,0.10638062655925751,0.9600798487663269,0.8082616329193115
YBR289W,YBR075W,0,1.2386799,0.10636886209249496,0.9600798487663269,0.8083616495132446
YOL053C-A,YNL129W,0,1.238597,0.10635710507631302,0.9600798487663269,0.8084616661071777
YBL025W,YBR049C,1,1.2376511,0.10645589232444763,0.961077868938446,0.8084616661071777
YHL026C,YKL009W,0,1.2370994,0.10644412785768509,0.961077868938446,0.8085616827011108
YMR221C,YDR242W,0,1.2370902,0.10643236339092255,0.961077868938446,0.8086617588996887
YNL008C,YLL051C,0,1.2354128,0.10642059892416,0.961077868938446,0.8087617754936218
YLR460C,YLR160C,0,1.235373,0.10640884190797806,0.961077868938446,0.8088617920875549
YFR024C,YDL108W,0,1.235208,0.10639708489179611,0.961077868938446,0.808961808681488
YPL231W,YNR006W,0,1.2340338,0.10638532787561417,0.961077868938446,0.8090618252754211
YNL138W-A,YGL087C,0,1.2338687,0.10637357831001282,0.961077868938446,0.8091618418693542
YGL107C,YNL054W,0,1.2334602,0.10636182874441147,0.961077868938446,0.8092618584632874
YGR101W,YGR281W,0,1.231169,0.10635007917881012,0.961077868938446,0.8093618750572205
YBR275C,YIR014W,0,1.2310755,0.10633833706378937,0.961077868938446,0.8094618916511536
YBR156C,YAR009C,0,1.2296826,0.10632659494876862,0.961077868938446,0.8095619082450867
YGL161C,YER155C,0,1.2291743,0.10631486028432846,0.961077868938446,0.8096619248390198
YGL226C-A,YDR145W,0,1.229058,0.1063031256198883,0.961077868938446,0.8097619414329529
YHR117W,YMR319C,0,1.228525,0.10629139095544815,0.961077868938446,0.809861958026886
YGR253C,YOL003C,0,1.227965,0.10627966374158859,0.961077868938446,0.8099619746208191
YPL208W,YBR048W,0,1.2277503,0.10626792907714844,0.961077868938446,0.8100619912147522
YOR142W-A,YJL190C,0,1.2272986,0.10625620931386948,0.961077868938446,0.8101620078086853
YBR097W,YLL057C,0,1.2272881,0.10624448210000992,0.961077868938446,0.8102620244026184
YLR126C,YEL044W,0,1.2263107,0.10623276233673096,0.961077868938446,0.8103621006011963
YHR039C-A,YNR071C,0,1.2261232,0.106221042573452,0.961077868938446,0.8104621171951294
YHR035W,YJL005W,0,1.2257447,0.10620933026075363,0.961077868938446,0.8105621337890625
YNR074C,YDR490C,0,1.223829,0.10619761794805527,0.961077868938446,0.8106621503829956
YNL046W,YJR040W,0,1.2236583,0.1061859056353569,0.961077868938446,0.8107621669769287
YJL012C-A,YIL038C,0,1.222233,0.10617420077323914,0.961077868938446,0.8108621835708618
YPR095C,YHR072W-A,1,1.218813,0.10627273470163345,0.9620758295059204,0.8108621835708618
YLL012W,YBR012W-B,0,1.2182834,0.10626102238893509,0.9620758295059204,0.8109622001647949
YPL065W,YGR205W,0,1.217381,0.10624931007623672,0.9620758295059204,0.811062216758728
YBR286W,YMR193W,0,1.217203,0.10623760521411896,0.9620758295059204,0.8111622333526611
YLL004W,YEL020W-A,0,1.2162473,0.1062258929014206,0.9620758295059204,0.8112622499465942
YDL129W,YBL072C,0,1.2158592,0.10621418803930283,0.9620758295059204,0.8113622665405273
YJR021C,YOR322C,0,1.2153904,0.10620249062776566,0.9620758295059204,0.8114622831344604
YFR019W,YOL076W,0,1.2149935,0.10619079321622849,0.9620758295059204,0.8115622997283936
YHR202W,YPR068C,0,1.2149537,0.10617909580469131,0.9620758295059204,0.8116623163223267
YBL021C,YHR039C-A,1,1.2147446,0.10627753287553787,0.9630738496780396,0.8116623163223267
YBR294W,YGR026W,0,1.2145705,0.1062658280134201,0.9630738496780396,0.8117623329162598
YDL246C,YNL077W,0,1.2141255,0.10625413060188293,0.9630738496780396,0.8118623495101929
YGL106W,YGR076C,0,1.2140014,0.10624243319034576,0.9630738496780396,0.811962366104126
YIL042C,YNR047W,0,1.2139122,0.1062307357788086,0.9630738496780396,0.8120623826980591
YGR062C,YAL060W,0,1.2137833,0.10621904581785202,0.9630738496780396,0.812162458896637
YDR234W,YDR513W,0,1.2130295,0.10620734840631485,0.9630738496780396,0.8122624754905701
YCR055C,YLR432W,0,1.2123915,0.10619566589593887,0.9630738496780396,0.8123624920845032
YBR281C,YHR086W,0,1.2120565,0.1061839759349823,0.9630738496780396,0.8124625086784363
YDR170W-A,YPL036W,0,1.2103649,0.10617229342460632,0.9630738496780396,0.8125625252723694
YNL010W,YAL033W,0,1.2099816,0.10616061836481094,0.9630738496780396,0.8126625418663025
YPL189C-A,YML094W,0,1.2098252,0.10614893585443497,0.9630738496780396,0.8127625584602356
YFL002W-A,YPL021W,0,1.2091646,0.10613726079463959,0.9630738496780396,0.8128625750541687
YLR352W,YML107C,0,1.2066005,0.1061255931854248,0.9630738496780396,0.8129625916481018
YKR068C,YFR036W,0,1.2062318,0.10611391812562943,0.9630738496780396,0.8130626082420349
YHR035W,YNR019W,0,1.205571,0.10610225051641464,0.9630738496780396,0.813162624835968
YPL082C,YHR039C-B,1,1.2054937,0.10620053112506866,0.9640718698501587,0.813162624835968
YKR080W,YDR174W,1,1.2054608,0.1062987819314003,0.9650698900222778,0.813162624835968
YPL100W,YER015W,0,1.2053744,0.10628709942102432,0.9650698900222778,0.8132626414299011
YMR284W,YOR206W,0,1.2048957,0.10627541691064835,0.9650698900222778,0.8133626580238342
YGL123W,YGR161C-D,0,1.2045071,0.10626373440027237,0.9650698900222778,0.8134626746177673
YHR039C-B,YJR083C,0,1.2038804,0.10625205934047699,0.9650698900222778,0.8135626912117004
YGR296W,YNL284C,0,1.2031803,0.10624038428068161,0.9650698900222778,0.8136627078056335
YIR005W,YFL038C,0,1.2030083,0.10622871667146683,0.9650698900222778,0.8137627243995667
YMR099C,YLR098C,0,1.2024674,0.10621704906225204,0.9650698900222778,0.8138628005981445
YCR091W,YDR139C,0,1.2023859,0.10620538145303726,0.9650698900222778,0.8139628171920776
YHR142W,YNL242W,0,1.2018826,0.10619372129440308,0.9650698900222778,0.8140628337860107
YLR312C-B,YOL052C,0,1.201859,0.10618206113576889,0.9650698900222778,0.8141628503799438
YLR141W,YMR051C,0,1.2015394,0.1061704009771347,0.9650698900222778,0.814262866973877
YKL006C-A,YGR272C,1,1.2009573,0.10626852512359619,0.9660678505897522,0.814262866973877
YDR261W-A,YLR237W,0,1.2001412,0.10625685751438141,0.9660678505897522,0.8143628835678101
YOR116C,YJR016C,0,1.1968709,0.10624519735574722,0.9660678505897522,0.8144629001617432
YBL041W,YKL090W,0,1.196619,0.10623353719711304,0.9660678505897522,0.8145629167556763
YDR164C,YGR193C,0,1.1965705,0.10622188448905945,0.9660678505897522,0.8146629333496094
YBL013W,YDR376W,0,1.1964514,0.10621022433042526,0.9660678505897522,0.8147629499435425
YPL178W,YDR478W,0,1.1962547,0.10619857162237167,0.9660678505897522,0.8148629665374756
YKL134C,YOR396W,0,1.1961048,0.10618692636489868,0.9660678505897522,0.8149629831314087
YKR002W,YDR476C,0,1.1954243,0.10617527365684509,0.9660678505897522,0.8150629997253418
YDR170C,YOR080W,0,1.1953789,0.1061636358499527,0.9660678505897522,0.8151630163192749
YPL033C,YMR301C,0,1.1938692,0.1061519905924797,0.9660678505897522,0.815263032913208
YLR143W,YLR404W,0,1.1915991,0.10614035278558731,0.9660678505897522,0.8153630495071411
YJR004C,YER178W,0,1.1899335,0.10612871497869492,0.9660678505897522,0.8154630661010742
YCL025C,YGR129W,0,1.1895205,0.10611707717180252,0.9660678505897522,0.8155631422996521
YNL261W,YCL014W,0,1.189196,0.10610544681549072,0.9660678505897522,0.8156631588935852
YFR021W,YDR343C,0,1.1890787,0.10609381645917892,0.9660678505897522,0.8157631754875183
YBR065C,YFL011W-A,0,1.188328,0.10608219355344772,0.9660678505897522,0.8158631920814514
YFL002W-B,YKR026C,0,1.1873887,0.10607057064771652,0.9660678505897522,0.8159632086753845
YJL103C,YCL060C,0,1.1871707,0.10605894774198532,0.9660678505897522,0.8160632252693176
YHL012W,YLR353W,0,1.1868765,0.10604732483625412,0.9660678505897522,0.8161632418632507
YDL123W,YML081C-A,0,1.186017,0.10603570938110352,0.9660678505897522,0.8162632584571838
YNR003C,YMR045C,0,1.1860142,0.10602409392595291,0.9660678505897522,0.8163632750511169
YBL100W-B,YOR001W,0,1.1854751,0.1060124859213829,0.9660678505897522,0.81646329164505
YGR046W,YLR414C,0,1.1852422,0.1060008779168129,0.9660678505897522,0.8165633082389832
YIL064W,YDR439W,0,1.1839027,0.10598926991224289,0.9660678505897522,0.8166633248329163
YDR515W,YGR218W,0,1.1836246,0.10597766935825348,0.9660678505897522,0.8167633414268494
YKL186C,YIL013C,0,1.1834397,0.10596606135368347,0.9660678505897522,0.8168633580207825
YEL041W,YDL087C,0,1.1833494,0.10595446825027466,0.9660678505897522,0.8169633746147156
YPR041W,YJL053W,0,1.1822371,0.10594286769628525,0.9660678505897522,0.8170633912086487
YNL117W,YGR199W,0,1.1817946,0.10593127459287643,0.9660678505897522,0.8171634078025818
YPL274W,YLR024C,0,1.1814191,0.10591968148946762,0.9660678505897522,0.8172634243965149
YFL066C,YOL122C,0,1.1812596,0.1059080958366394,0.9660678505897522,0.8173635005950928
YKL197C,YGL113W,0,1.1807344,0.10589651018381119,0.9660678505897522,0.8174635171890259
YDR116C,YJL030W,0,1.1799184,0.10588492453098297,0.9660678505897522,0.817563533782959
YBR030W,YCR058C,0,1.179835,0.10587334632873535,0.9660678505897522,0.8176635503768921
YPL257W-A,YLR344W,0,1.1796546,0.10586176812648773,0.9660678505897522,0.8177635669708252
YDR323C,YBL013W,0,1.1787843,0.10585018992424011,0.9660678505897522,0.8178635835647583
YNL176C,YNR024W,0,1.177741,0.10583861917257309,0.9660678505897522,0.8179636001586914
YNL330C,YML077W,1,1.1776432,0.10593637079000473,0.9670658707618713,0.8179636001586914
YOR386W,YLR010C,0,1.1765658,0.10592479258775711,0.9670658707618713,0.8180636167526245
YOR343W-B,YDR447C,0,1.1763018,0.10591321438550949,0.9670658707618713,0.8181636333465576
YDR134C,YJL081C,0,1.1753945,0.10590163618326187,0.9670658707618713,0.8182636499404907
YDR140W,YJR083C,0,1.1740316,0.10589006543159485,0.9670658707618713,0.8183636665344238
YIR019C,YAL043C,0,1.1740177,0.10587849467992783,0.9670658707618713,0.8184636831283569
YDR316W-A,YGR158C,0,1.1732919,0.1058669313788414,0.9670658707618713,0.81856369972229
YGL231C,YLR293C,0,1.1716231,0.10585536062717438,0.9670658707618713,0.8186637163162231
YKL116C,YCR093W,0,1.171253,0.10584380477666855,0.9670658707618713,0.8187637329101562
YJR126C,YGL157W,0,1.1709198,0.10583224147558212,0.9670658707618713,0.8188637495040894
YHL012W,YJR083C,0,1.1707407,0.1058206856250763,0.9670658707618713,0.8189637660980225
YGL014W,YMR304W,0,1.1685755,0.10580912977457047,0.9670658707618713,0.8190638422966003
YGR193C,YGR214W,0,1.1675106,0.10579757392406464,0.9670658707618713,0.8191638588905334
YMR246W,YDL180W,0,1.1668949,0.1057860255241394,0.9670658707618713,0.8192638754844666
YMR016C,YDR003W,0,1.1667655,0.10577447712421417,0.9670658707618713,0.8193638920783997
YOR065W,YJR010C-A,0,1.1657858,0.10576293617486954,0.9670658707618713,0.8194639086723328
YOR138C,YOR099W,0,1.1657401,0.1057513877749443,0.9670658707618713,0.8195639252662659
YGR054W,YKL126W,0,1.1653285,0.10573985427618027,0.9670658707618713,0.819663941860199
YMR269W,YLR224W,0,1.1644738,0.10572831332683563,0.9670658707618713,0.8197639584541321
YDR457W,YNL158W,0,1.1638722,0.1057167798280716,0.9670658707618713,0.8198639750480652
YNL008C,YKL192C,0,1.1637845,0.10570524632930756,0.9670658707618713,0.8199639916419983
YDR238C,YFR001W,0,1.1632147,0.10569372028112411,0.9670658707618713,0.8200640082359314
YDR261C-D,YHR005C-A,0,1.1616251,0.10568218678236008,0.9670658707618713,0.8201640248298645
YLR446W,YJL134W,0,1.1612139,0.10567066818475723,0.9670658707618713,0.8202640414237976
YER161C,YMR223W,0,1.1587912,0.10565914213657379,0.9670658707618713,0.8203640580177307
YOR123C,YBL092W,0,1.1582019,0.10564762353897095,0.9670658707618713,0.8204640746116638
YCL035C,YKR030W,0,1.1581247,0.1056361049413681,0.9670658707618713,0.8205640912055969
YLR304C,YMR074C,0,1.1574552,0.10562459379434586,0.9670658707618713,0.82066410779953
YBR238C,YDR128W,0,1.1570287,0.10561308264732361,0.9670658707618713,0.8207641243934631
YHR061C,YAL068C,0,1.1569625,0.10560157150030136,0.9670658707618713,0.820864200592041
YBL052C,YER178W,0,1.1568722,0.10559006035327911,0.9670658707618713,0.8209642171859741
YGR169C,YER184C,0,1.1558002,0.10557855665683746,0.9670658707618713,0.8210642337799072
YJR021C,YPL168W,0,1.1557304,0.10556705296039581,0.9670658707618713,0.8211642503738403
YFL002W-A,YIL036W,0,1.1534183,0.10555555671453476,0.9670658707618713,0.8212642669677734
YPL257W-A,YNR038W,0,1.1533601,0.1055440604686737,0.9670658707618713,0.8213642835617065
YOR359W,YBR192W,0,1.1532264,0.10553256422281265,0.9670658707618713,0.8214643001556396
YML055W,YOR230W,0,1.1531129,0.1055210679769516,0.9670658707618713,0.8215643167495728
YLR183C,YHR044C,0,1.1523994,0.10550957918167114,0.9670658707618713,0.8216643333435059
YLL021W,YMR173W,0,1.1523229,0.10549809783697128,0.9670658707618713,0.821764349937439
YDR026C,YER087C-B,0,1.1518974,0.10548660904169083,0.9670658707618713,0.8218643665313721
YCL025C,YGR246C,0,1.1517986,0.10547512769699097,0.9670658707618713,0.8219643831253052
YIL136W,YEL038W,0,1.1517441,0.10546364635229111,0.9670658707618713,0.8220643997192383
YFL035C-A,YDL059C,0,1.1515374,0.10545217245817184,0.9670658707618713,0.8221644163131714
YDR188W,YER028C,0,1.151372,0.10544069856405258,0.9670658707618713,0.8222644329071045
YLR212C,YFL038C,0,1.1512249,0.10542922466993332,0.9670658707618713,0.8223644495010376
YJL165C,YER137C,0,1.1511176,0.10541775822639465,0.9670658707618713,0.8224644660949707
YLR410W-A,YER041W,0,1.1507275,0.10540628433227539,0.9670658707618713,0.8225645422935486
YOL057W,YBR146W,0,1.1499395,0.10539482533931732,0.9670658707618713,0.8226645588874817
YFL002W-A,YER178W,0,1.1494062,0.10538335889577866,0.9670658707618713,0.8227645754814148
YML082W,YOL071W,0,1.1493124,0.10537189990282059,0.9670658707618713,0.8228645920753479
YMR220W,YAR007C,0,1.1491215,0.10536044090986252,0.9670658707618713,0.822964608669281
YBR231C,YNL210W,0,1.14859,0.10534898936748505,0.9670658707618713,0.8230646252632141
YDR439W,YGR162W,0,1.148397,0.10533753782510757,0.9670658707618713,0.8231646418571472
YGL196W,YNL122C,0,1.1462559,0.1053260862827301,0.9670658707618713,0.8232646584510803
YMR226C,YML041C,0,1.145906,0.10531464219093323,0.9670658707618713,0.8233646750450134
YGL053W,YOL145C,0,1.1458249,0.10530319809913635,0.9670658707618713,0.8234646916389465
YOL054W,YER137C-A,0,1.1458066,0.10529175400733948,0.9670658707618713,0.8235647082328796
YLR158C,YJL110C,0,1.1451889,0.1052803099155426,0.9670658707618713,0.8236647248268127
YBL056W,YBR075W,0,1.1451669,0.10526887327432632,0.9670658707618713,0.8237647414207458
YMR264W,YHR004C,0,1.1449053,0.10525744408369064,0.9670658707618713,0.823864758014679
YER139C,YBR038W,0,1.1446583,0.10524600744247437,0.9670658707618713,0.8239647746086121
YGL113W,YOR011W,0,1.1446483,0.10523457825183868,0.9670658707618713,0.8240647912025452
YDR420W,YHR039C-B,1,1.1437587,0.10533174127340317,0.9680638909339905,0.8240647912025452
YLR337W,YDR320C,0,1.1434414,0.10532030463218689,0.9680638909339905,0.8241648077964783
YEL036C,YOR250C,0,1.1428612,0.10530886799097061,0.9680638909339905,0.8242648243904114
YDR398W,YML040W,0,1.1420088,0.10529743880033493,0.9680638909339905,0.8243649005889893
YKL132C,YKR058W,0,1.1416633,0.10528600960969925,0.9680638909339905,0.8244649171829224
YFL054C,YLR404W,0,1.1405421,0.10527458041906357,0.9680638909339905,0.8245649337768555
YPL203W,YPR199C,0,1.1400142,0.10526315867900848,0.9680638909339905,0.8246649503707886
YFR045W,YJR135W-A,0,1.1395369,0.1052517369389534,0.9680638909339905,0.8247649669647217
YOL038W,YOR381W,0,1.1382232,0.10524031519889832,0.9680638909339905,0.8248649835586548
YMR172W,YLR165C,0,1.138191,0.10522890090942383,0.9680638909339905,0.8249650001525879
YJL129C,YLR446W,0,1.1366167,0.10521748661994934,0.9680638909339905,0.825065016746521
YBR182C,YML106W,0,1.136238,0.10520607233047485,0.9680638909339905,0.8251650333404541
YOL086W-A,YDR251W,0,1.1359619,0.10519466549158096,0.9680638909339905,0.8252650499343872
YPL096C-A,YLL004W,0,1.1359222,0.10518325865268707,0.9680638909339905,0.8253650665283203
YOR011W,YOR313C,0,1.1358194,0.10517185181379318,0.9680638909339905,0.8254650831222534
YLR287C-A,YDR210W-B,0,1.1356826,0.10516045242547989,0.9680638909339905,0.8255650997161865
YJL149W,YER087C-B,0,1.1352422,0.1051490530371666,0.9680638909339905,0.8256651163101196
YLL006W,YIL011W,0,1.1350789,0.1051376536488533,0.9680638909339905,0.8257651329040527
YPL235W,YGR255C,0,1.1342667,0.1051262617111206,0.9680638909339905,0.8258651494979858
YLR004C,YNR018W,0,1.1341234,0.10511486977338791,0.9680638909339905,0.825965166091919
YOR172W,YMR045C,0,1.1338665,0.10510347783565521,0.9680638909339905,0.8260652422904968
YGR179C,YFR005C,0,1.1325605,0.10509209334850311,0.9680638909339905,0.8261652588844299
YJR078W,YCL047C,0,1.1297188,0.10508070886135101,0.9680638909339905,0.826265275478363
YFL035C,YIL030C,0,1.129411,0.10506932437419891,0.9680638909339905,0.8263652920722961
YBR183W,YNL238W,0,1.1291956,0.10505794733762741,0.9680638909339905,0.8264653086662292
YCR081W,YGL231C,0,1.1287174,0.10504657030105591,0.9680638909339905,0.8265653252601624
YHR023W,YPL163C,0,1.1287072,0.1050351932644844,0.9680638909339905,0.8266653418540955
YDL189W,YPL159C,0,1.1285968,0.1050238162279129,0.9680638909339905,0.8267653584480286
YLR227W-A,YCR106W,0,1.128538,0.105012446641922,0.9680638909339905,0.8268653750419617
YKL052C,YIL064W,0,1.128532,0.10500108450651169,0.9680638909339905,0.8269653916358948
YDL091C,YCL029C,0,1.1273639,0.10498971492052078,0.9680638909339905,0.8270654082298279
YMR036C,YJL114W,0,1.1272469,0.10497835278511047,0.9680638909339905,0.827165424823761
YOL029C,YDL100C,0,1.1271467,0.10496699810028076,0.9680638909339905,0.8272654414176941
YKL006C-A,YFL035C-B,1,1.126261,0.10506384074687958,0.9690618515014648,0.8272654414176941
YGL170C,YIL013C,0,1.1257584,0.10505247116088867,0.9690618515014648,0.8273654580116272
YER130C,YIL074C,0,1.1255572,0.10504110902547836,0.9690618515014648,0.8274654746055603
YGL014W,YPL097W,0,1.1255143,0.10502974689006805,0.9690618515014648,0.8275654911994934
YLR058C,YLR306W,0,1.1254842,0.10501838475465775,0.9690618515014648,0.8276655077934265
YJR098C,YDL085W,0,1.1253936,0.10500703006982803,0.9690618515014648,0.8277655243873596
YCR052W,YKL022C,0,1.1251417,0.10499567538499832,0.9690618515014648,0.8278656005859375
YFL018W-A,YKL108W,0,1.1240058,0.10498432070016861,0.9690618515014648,0.8279656171798706
YML039W,YJR104C,0,1.1233647,0.1049729734659195,0.9690618515014648,0.8280656337738037
YDL123W,YNL010W,0,1.1199889,0.10496162623167038,0.9690618515014648,0.8281656503677368
YMR235C,YDL146W,0,1.1192112,0.10495027899742126,0.9690618515014648,0.8282656669616699
YOR039W,YDR369C,0,1.1191356,0.10493893921375275,0.9690618515014648,0.828365683555603
YER184C,YLR015W,0,1.1188692,0.10492759943008423,0.9690618515014648,0.8284657001495361
YNL248C,YNL045W,0,1.1182072,0.10491625964641571,0.9690618515014648,0.8285657167434692
YEL022W,YGR075C,0,1.1176738,0.10490492731332779,0.9690618515014648,0.8286657333374023
YDL128W,YMR213W,0,1.1171963,0.10489359498023987,0.9690618515014648,0.8287657499313354
YKR057W,YFR013W,0,1.1158298,0.10488226264715195,0.9690618515014648,0.8288657665252686
YKL171W,YGR276C,0,1.1153631,0.10487093776464462,0.9690618515014648,0.8289657831192017
YIL072W,YML021C,0,1.1138915,0.1048596128821373,0.9690618515014648,0.8290657997131348
YOR119C,YIL046W,0,1.1133823,0.10484828799962997,0.9690618515014648,0.8291658163070679
YDR034C-C,YEL027W,0,1.1130588,0.10483697056770325,0.9690618515014648,0.829265832901001
YLR258W,YDR454C,0,1.1119483,0.10482565313577652,0.9690618515014648,0.8293658494949341
YGR080W,YML067C,0,1.110635,0.10481433570384979,0.9690618515014648,0.8294658660888672
YBL082C,YJL206C,0,1.1102651,0.10480302572250366,0.9690618515014648,0.8295659422874451
YHR138C,YMR257C,0,1.1084588,0.10479170829057693,0.9690618515014648,0.8296659588813782
YDR315C,YDR261W-A,0,1.1082462,0.1047804057598114,0.9690618515014648,0.8297659754753113
YNL092W,YDL115C,0,1.1079485,0.10476909577846527,0.9690618515014648,0.8298659920692444
YCL025C,YKL170W,0,1.1077833,0.10475779324769974,0.9690618515014648,0.8299660086631775
YFR008W,YDR289C,0,1.1075968,0.1047464907169342,0.9690618515014648,0.8300660252571106
YER150W,YDR383C,0,1.1073922,0.10473519563674927,0.9690618515014648,0.8301660418510437
YNL185C,YGR161C-D,0,1.1072862,0.10472390055656433,0.9690618515014648,0.8302660584449768
YDR422C,YDR210W-B,0,1.1069658,0.1047126054763794,0.9690618515014648,0.8303660750389099
YGR254W,YDL229W,0,1.1069126,0.10470131784677505,0.9690618515014648,0.830466091632843
YNL008C,YDR072C,0,1.1064013,0.10469003021717072,0.9690618515014648,0.8305661082267761
YMR262W,YLR044C,0,1.1063447,0.10467874258756638,0.9690618515014648,0.8306661248207092
YDR499W,YJR026W,0,1.1055313,0.10466745495796204,0.9690618515014648,0.8307661414146423
YHL026C,YOR346W,0,1.1052477,0.1046561747789383,0.9690618515014648,0.8308661580085754
YJR028W,YMR213W,0,1.1052259,0.10464489459991455,0.9690618515014648,0.8309661746025085
YDR168W,YOR349W,0,1.1044959,0.1046336218714714,0.9690618515014648,0.8310661911964417
YBR049C,YML070W,0,1.1037081,0.10462234914302826,0.9690618515014648,0.8311662077903748
YNL250W,YFL002W-A,0,1.1029713,0.10461107641458511,0.9690618515014648,0.8312662243843079
YJR009C,YGR286C,0,1.099519,0.10459980368614197,0.9690618515014648,0.8313663005828857
YFL002W-A,YDL148C,0,1.0993531,0.10458853840827942,0.9690618515014648,0.8314663171768188
YER005W,YFR003C,0,1.0985385,0.10457727313041687,0.9690618515014648,0.831566333770752
YML045W,YDR435C,0,1.0972712,0.10456601530313492,0.9690618515014648,0.8316663503646851
YML018C,YDR529C,0,1.0970811,0.10455475747585297,0.9690618515014648,0.8317663669586182
YDL075W,YDR138W,0,1.0969586,0.10454349964857101,0.9690618515014648,0.8318663835525513
YPR119W,YAL008W,0,1.096472,0.10453224182128906,0.9690618515014648,0.8319664001464844
YPR024W,YMR122W-A,0,1.0962722,0.10452099144458771,0.9690618515014648,0.8320664167404175
YJR005W,YML128C,0,1.0958881,0.10450974106788635,0.9690618515014648,0.8321664333343506
YPL091W,YLR350W,0,1.0957687,0.104498490691185,0.9690618515014648,0.8322664499282837
YPL099C,YLR419W,0,1.0952733,0.10448724776506424,0.9690618515014648,0.8323664665222168
YDR236C,YGR246C,0,1.0945371,0.10447600483894348,0.9690618515014648,0.8324664831161499
YDR457W,YDR122W,0,1.0943359,0.10446476936340332,0.9690618515014648,0.832566499710083
YGR010W,YBR237W,0,1.0941603,0.10445352643728256,0.9690618515014648,0.8326665163040161
YDR453C,YML085C,0,1.0939602,0.1044422909617424,0.9690618515014648,0.8327665328979492
YGL226C-A,YJL030W,0,1.09353,0.10443106293678284,0.9690618515014648,0.8328665494918823
YLR466W,YCR039C,0,1.0933952,0.10441982746124268,0.9690618515014648,0.8329665660858154
YPR007C,YPL153C,0,1.093357,0.10440859943628311,0.9690618515014648,0.8330666422843933
YLR212C,YJR096W,0,1.0930588,0.10439737886190414,0.9690618515014648,0.8331666588783264
YCL001W,YGR004W,0,1.09262,0.10438615083694458,0.9690618515014648,0.8332666754722595
YOL120C,YKL200C,0,1.0924647,0.10437493026256561,0.9690618515014648,0.8333666920661926
YOR048C,YML058W-A,0,1.0914154,0.10436371713876724,0.9690618515014648,0.8334667086601257
YDL217C,YNL189W,0,1.0909628,0.10435249656438828,0.9690618515014648,0.8335667252540588
YDR466W,YHR205W,0,1.0904044,0.1043412834405899,0.9690618515014648,0.8336667418479919
YDL024C,YCR020C,0,1.090148,0.10433007776737213,0.9690618515014648,0.833766758441925
YKR066C,YPR097W,0,1.0892023,0.10431886464357376,0.9690618515014648,0.8338667750358582
YJR035W,YNR018W,0,1.0884945,0.10430765897035599,0.9690618515014648,0.8339667916297913
YML047C,YGR095C,0,1.0876961,0.10429645329713821,0.9690618515014648,0.8340668082237244
YJL206C,YBR191W,0,1.08732,0.10428525507450104,0.9690618515014648,0.8341668248176575
YMR008C,YDL197C,0,1.0866525,0.10427405685186386,0.9690618515014648,0.8342668414115906
YGR224W,YNL138W-A,0,1.0860944,0.10426285862922668,0.9690618515014648,0.8343668580055237
YKL007W,YMR198W,0,1.0859123,0.1042516678571701,0.9690618515014648,0.8344668745994568
YGL098W,YIL006W,0,1.0848222,0.10424046963453293,0.9690618515014648,0.8345668911933899
YCR012W,YNL111C,0,1.0842756,0.10422928631305695,0.9690618515014648,0.834666907787323
YFL035C,YKR066C,0,1.082737,0.10421809554100037,0.9690618515014648,0.8347669243812561
YOR306C,YMR210W,0,1.0826535,0.10420691221952438,0.9690618515014648,0.834867000579834
YDR517W,YGR134W,0,1.0823629,0.1041957288980484,0.9690618515014648,0.8349670171737671
YPR175W,YOL122C,0,1.0805572,0.10418455302715302,0.9690618515014648,0.8350670337677002
YAL039C,YNL280C,0,1.0790067,0.10417336970567703,0.9690618515014648,0.8351670503616333
YOR127W,YLR040C,0,1.078144,0.10416219383478165,0.9690618515014648,0.8352670669555664
YJL006C,YHR039C-B,1,1.0777469,0.10425828397274017,0.970059871673584,0.8352670669555664
YNR045W,YNR016C,0,1.0773877,0.10424710065126419,0.970059871673584,0.8353670835494995
YOR087W,YER159C,0,1.0764043,0.1042359247803688,0.970059871673584,0.8354671001434326
YOL059W,YJL181W,0,1.075562,0.10422474890947342,0.970059871673584,0.8355671167373657
YDL220C,YAL039C,0,1.0752616,0.10421357303857803,0.970059871673584,0.8356671333312988
YER014C-A,YPL193W,0,1.0751188,0.10420240461826324,0.970059871673584,0.8357671499252319
YIL018W,YER082C,0,1.0744659,0.10419122874736786,0.970059871673584,0.835867166519165
YOR291W,YDR126W,0,1.0740798,0.10418006777763367,0.970059871673584,0.8359671831130981
YOR215C,YDR441C,0,1.0736549,0.10416889935731888,0.970059871673584,0.8360671997070312
YKL088W,YIL030C,0,1.073653,0.10415773838758469,0.970059871673584,0.8361672163009644
YOR138C,YHR164C,0,1.073463,0.1041465774178505,0.970059871673584,0.8362672328948975
YHL009W-B,YDL054C,0,1.0730653,0.1041354164481163,0.970059871673584,0.8363672494888306
YIL124W,YIL047C,0,1.0723674,0.10412426292896271,0.970059871673584,0.8364672660827637
YER049W,YML040W,0,1.0716786,0.10411310940980911,0.970059871673584,0.8365673422813416
YPR158W-B,YML009C,0,1.0696399,0.10410196334123611,0.970059871673584,0.8366673588752747
YMR297W,YAL007C,0,1.0691755,0.10409080982208252,0.970059871673584,0.8367673754692078
YNL274C,YDL029W,0,1.0684481,0.10407966375350952,0.970059871673584,0.8368673920631409
YMR205C,YLR312C-B,0,1.0682964,0.10406852513551712,0.970059871673584,0.836967408657074
YNL015W,YBL013W,0,1.0681369,0.10405737906694412,0.970059871673584,0.8370674252510071
YML112W,YOR070C,0,1.0678579,0.10404624044895172,0.970059871673584,0.8371674418449402
YJL059W,YLR042C,0,1.0674384,0.10403510928153992,0.970059871673584,0.8372674584388733
YGL225W,YDR356W,0,1.0673689,0.10402397066354752,0.970059871673584,0.8373674750328064
YML081C-A,YPR003C,0,1.066508,0.10401283949613571,0.970059871673584,0.8374674916267395
YLR348C,YKL028W,0,1.0662954,0.10400170832872391,0.970059871673584,0.8375675082206726
YPL225W,YDR081C,0,1.0656842,0.1039905846118927,0.970059871673584,0.8376675248146057
YFL034C-A,YPR022C,1,1.065383,0.10408643633127213,0.9710578918457031,0.8376675248146057
YPL141C,YLR348C,0,1.0646592,0.10407530516386032,0.9710578918457031,0.8377675414085388
YLR352W,YDL195W,0,1.0634379,0.10406417399644852,0.9710578918457031,0.8378675580024719
YLL003W,YGR055W,0,1.0633581,0.10405304282903671,0.9710578918457031,0.837967574596405
YGL172W,YDL197C,0,1.0621253,0.1040419191122055,0.9710578918457031,0.8380675911903381
YDL223C,YNL046W,0,1.0611793,0.1040307953953743,0.9710578918457031,0.8381676077842712
YPR167C,YOL065C,0,1.0610859,0.10401967167854309,0.9710578918457031,0.8382676243782043
YLR247C,YPL083C,0,1.0610307,0.10400854796171188,0.9710578918457031,0.8383677005767822
YFR024C,YFL047W,0,1.0606059,0.10399743169546127,0.9710578918457031,0.8384677171707153
YDR030C,YKL140W,0,1.0597185,0.10398632287979126,0.9710578918457031,0.8385677337646484
YFR008W,YHR009C,0,1.0595751,0.10397520661354065,0.9710578918457031,0.8386677503585815
YLR287C-A,YDR103W,0,1.0558596,0.10396409779787064,0.9710578918457031,0.8387677669525146
YHR110W,YCR098C,0,1.0554181,0.10395298898220062,0.9710578918457031,0.8388677835464478
YOR120W,YLR099C,0,1.0550382,0.1039418876171112,0.9710578918457031,0.8389678001403809
YCL069W,YKL144C,0,1.0544802,0.10393078625202179,0.9710578918457031,0.839067816734314
YGR089W,YGL128C,0,1.054146,0.10391968488693237,0.9710578918457031,0.8391678333282471
YLR005W,YGR120C,0,1.054121,0.10390858352184296,0.9710578918457031,0.8392678499221802
YOR066W,YNL194C,0,1.053932,0.10389748960733414,0.9710578918457031,0.8393678665161133
YOR299W,YOL086W-A,0,1.0538987,0.10388639569282532,0.9710578918457031,0.8394678831100464
YNL147W,YLR312C-B,0,1.0533853,0.1038753092288971,0.9710578918457031,0.8395678997039795
YOR343W-B,YJR119C,0,1.0528979,0.10386421531438828,0.9710578918457031,0.8396679162979126
YFR034C,YOR251C,0,1.0525876,0.10385313630104065,0.9710578918457031,0.8397679328918457
YML104C,YNR040W,0,1.0521498,0.10384204983711243,0.9710578918457031,0.8398679494857788
YDL076C,YDL160C,0,1.0513396,0.1038309708237648,0.9710578918457031,0.8399679660797119
YER140W,YOR323C,0,1.0512153,0.10381989181041718,0.9710578918457031,0.8400680422782898
YOR126C,YIR005W,0,1.0496944,0.10380881279706955,0.9710578918457031,0.8401680588722229
YAR009C,YDR231C,0,1.0488504,0.10379774123430252,0.9710578918457031,0.840268075466156
YPL189C-A,YOL127W,0,1.0486686,0.10378666967153549,0.9710578918457031,0.8403680920600891
YHR012W,YER045C,0,1.0482099,0.10377559810876846,0.9710578918457031,0.8404681086540222
YMR150C,YNL092W,0,1.0475342,0.10376452654600143,0.9710578918457031,0.8405681252479553
YPL068C,YEL044W,0,1.0472739,0.103753462433815,0.9710578918457031,0.8406681418418884
YGR035C,YGR205W,0,1.0466515,0.10374240577220917,0.9710578918457031,0.8407681584358215
YNR028W,YMR097C,0,1.0465314,0.10373134166002274,0.9710578918457031,0.8408681750297546
YGR001C,YBR202W,0,1.0455959,0.1037202849984169,0.9710578918457031,0.8409681916236877
YKL154W,YOR228C,0,1.044726,0.10370922833681107,0.9710578918457031,0.8410682082176208
YJL162C,YBL113C,0,1.0446482,0.10369817912578583,0.9710578918457031,0.841168224811554
YPL225W,YKR028W,0,1.0441923,0.10368712991476059,0.9710578918457031,0.8412682414054871
YDR098C-B,YBL028C,0,1.0439379,0.10367608070373535,0.9710578918457031,0.8413682579994202
YGL244W,YDR031W,0,1.0430455,0.10366503149271011,0.9710578918457031,0.8414682745933533
YLL041C,YNL191W,0,1.0429907,0.10365398973226547,0.9710578918457031,0.8415682911872864
YGR068C,YPR022C,1,1.0422937,0.10374946892261505,0.9720559120178223,0.8415682911872864
YLR167W,YDR464W,0,1.0411332,0.10373841971158981,0.9720559120178223,0.8416683077812195
YGL009C,YFR040W,0,1.0410087,0.10372737050056458,0.9720559120178223,0.8417683243751526
YPL200W,YLR327C,0,1.040873,0.10371632128953934,0.9720559120178223,0.8418684005737305
YHR011W,YKR036C,0,1.0407677,0.1037052795290947,0.9720559120178223,0.8419684171676636
YFL035C-B,YJL025W,1,1.0400286,0.1038006991147995,0.9730538725852966,0.8419684171676636
YDR050C,YGR214W,0,1.0400121,0.10378964990377426,0.9730538725852966,0.8420684337615967
YJL133W,YDR246W,0,1.0396917,0.10377860814332962,0.9730538725852966,0.8421684503555298
YER137C,YOL002C,1,1.0395739,0.10387399047613144,0.9740518927574158,0.8421684503555298
YPR158W-B,YGL151W,0,1.0380961,0.1038629338145256,0.9740518927574158,0.8422684669494629
YMR086W,YCR055C,0,1.0380776,0.10385188460350037,0.9740518927574158,0.842368483543396
YDR069C,YML133C,0,1.0375803,0.10384083539247513,0.9740518927574158,0.8424685001373291
YFR033C,YFL011W-A,0,1.0374846,0.10382978618144989,0.9740518927574158,0.8425685167312622
YJR130C,YGR161W-A,0,1.0371815,0.10381874442100525,0.9740518927574158,0.8426685333251953
YMR298W,YOR057W,0,1.0367253,0.10380770266056061,0.9740518927574158,0.8427685499191284
YLR016C,YLR283W,0,1.0365145,0.10379666090011597,0.9740518927574158,0.8428685665130615
YHR133C,YOR150W,0,1.0364954,0.10378562659025192,0.9740518927574158,0.8429685831069946
YBR273C,YBL072C,0,1.036026,0.10377458482980728,0.9740518927574158,0.8430685997009277
YJL136C,YFR015C,0,1.0357696,0.10376355797052383,0.9740518927574158,0.8431686162948608
YKR075C,YOR181W,0,1.034809,0.10375252366065979,0.9740518927574158,0.843268632888794
YML054C,YNL111C,0,1.0345497,0.10374149680137634,0.9740518927574158,0.843368649482727
YER007C-A,YBR287W,0,1.034124,0.1037304699420929,0.9740518927574158,0.8434686660766602
YKL200C,YGL126W,0,1.0337709,0.10371945053339005,0.9740518927574158,0.843568742275238
YBR045C,YLR404W,0,1.0334855,0.1037084236741066,0.9740518927574158,0.8436687588691711
YPL095C,YFL054C,0,1.0331855,0.10369740426540375,0.9740518927574158,0.8437687754631042
YIL005W,YHL034C,0,1.0328568,0.1036863923072815,0.9740518927574158,0.8438687920570374
YGR099W,YBR086C,0,1.0318266,0.10367538034915924,0.9740518927574158,0.8439688086509705
YKL150W,YEL017C-A,0,1.0291326,0.10366436839103699,0.9740518927574158,0.8440688252449036
YNL301C,YNL244C,0,1.0282952,0.10365335643291473,0.9740518927574158,0.8441688418388367
YFR050C,YLR207W,0,1.0281057,0.10364235192537308,0.9740518927574158,0.8442688584327698
YOR027W,YBL054W,0,1.0279752,0.10363134741783142,0.9740518927574158,0.8443688750267029
YJL171C,YLR357W,0,1.0278091,0.10362034291028976,0.9740518927574158,0.844468891620636
YNL092W,YKR094C,0,1.0276837,0.10360933840274811,0.9740518927574158,0.8445689082145691
YHR080C,YGL058W,0,1.0276796,0.10359834134578705,0.9740518927574158,0.8446689248085022
YPL150W,YGL163C,0,1.026654,0.10358735173940659,0.9740518927574158,0.8447689414024353
YCL018W,YNL192W,0,1.0264647,0.10357635468244553,0.9740518927574158,0.8448689579963684
YJR034W,YIL076W,0,1.0257137,0.10356536507606506,0.9740518927574158,0.8449689745903015
YMR065W,YPR002W,0,1.0257031,0.1035543754696846,0.9740518927574158,0.8450689911842346
YLR278C,YDR487C,0,1.0252093,0.10354339331388474,0.9740518927574158,0.8451690077781677
YER147C,YDR195W,0,1.0249584,0.10353240370750427,0.9740518927574158,0.8452690243721008
YPR028W,YJL096W,0,1.0247004,0.103521429002285,0.9740518927574158,0.8453691005706787
YDR197W,YML041C,0,1.0246811,0.10351044684648514,0.9740518927574158,0.8454691171646118
YBR191W,YLR467W,0,1.0243447,0.10349947214126587,0.9740518927574158,0.8455691337585449
YOR195W,YML102W,0,1.0236206,0.1034884974360466,0.9740518927574158,0.845669150352478
YLR158C,YOL084W,0,1.0233805,0.10347752273082733,0.9740518927574158,0.8457691669464111
YPL167C,YFL035C,0,1.0227592,0.10346655547618866,0.9740518927574158,0.8458691835403442
YPR158W-B,YGR030C,0,1.0218183,0.10345558822154999,0.9740518927574158,0.8459692001342773
YOL122C,YML096W,0,1.0207314,0.10344462096691132,0.9740518927574158,0.8460692167282104
YKL045W,YDL015C,0,1.0200284,0.10343366116285324,0.9740518927574158,0.8461692333221436
YLR429W,YIL061C,0,1.019603,0.10342270135879517,0.9740518927574158,0.8462692499160767
YPL155C,YGL076C,0,1.0194119,0.10341174155473709,0.9740518927574158,0.8463692665100098
YDR359C,YML133C,0,1.0193814,0.10340078175067902,0.9740518927574158,0.8464692831039429
YDL067C,YPL021W,0,1.0190582,0.10338982939720154,0.9740518927574158,0.846569299697876
YFL026W,YCR030C,0,1.0186168,0.10337887704372406,0.9740518927574158,0.8466693162918091
YLR391W,YBR122C,0,1.0178697,0.10336793214082718,0.9740518927574158,0.8467693328857422
YDR261C,YNL194C,0,1.017641,0.1033569872379303,0.9740518927574158,0.8468693494796753
YBR243C,YNL046W,0,1.0164145,0.10334604233503342,0.9740518927574158,0.8469693660736084
YML027W,YER027C,0,1.0162383,0.10333509743213654,0.9740518927574158,0.8470694422721863
YGL142C,YFL035C-A,0,1.016171,0.10332415997982025,0.9740518927574158,0.8471694588661194
YJL149W,YLR313C,0,1.0151694,0.10331322252750397,0.9740518927574158,0.8472694754600525
YML128C,YPR137C-A,0,1.0133926,0.10330228507518768,0.9740518927574158,0.8473694920539856
YGR060W,YML045W,0,1.0122573,0.103291355073452,0.9740518927574158,0.8474695086479187
YMR020W,YOR191W,0,1.0115223,0.10328042507171631,0.9740518927574158,0.8475695252418518
YCL057W,YLR006C,0,1.0111943,0.10326949506998062,0.9740518927574158,0.8476695418357849
YJR094W-A,YDL124W,0,1.0105176,0.10325857251882553,0.9740518927574158,0.847769558429718
YGL053W,YDR261W-B,0,1.0091958,0.10324764996767044,0.9740518927574158,0.8478695750236511
YBL005W,YLR040C,0,1.0088995,0.10323672741651535,0.9740518927574158,0.8479695916175842
YJR054W,YDR337W,0,1.0082712,0.10322580486536026,0.9740518927574158,0.8480696082115173
YER159C-A,YKL190W,0,1.0079962,0.10321488976478577,0.9740518927574158,0.8481696248054504
YGL004C,YNL137C,0,1.0079169,0.10320397466421127,0.9740518927574158,0.8482696413993835
YCR087C-A,YDR121W,0,1.0070894,0.10319306701421738,0.9740518927574158,0.8483696579933167
YOL157C,YLR157C,0,1.0067453,0.10318215191364288,0.9740518927574158,0.8484696745872498
YGL071W,YMR137C,0,1.0051218,0.10317124426364899,0.9740518927574158,0.8485696911811829
YAR044W,YML095C,0,1.0044041,0.10316034406423569,0.9740518927574158,0.848669707775116
YHR072W-A,YNL191W,1,1.0029736,0.10325512290000916,0.9750499129295349,0.848669707775116
YGR217W,YHR039C-B,1,1.0028874,0.10334988683462143,0.976047933101654,0.848669707775116
YOL003C,YDL109C,0,1.0022694,0.10333897173404694,0.976047933101654,0.8487697243690491
YIL136W,YGR177C,0,1.0021943,0.10332804918289185,0.976047933101654,0.848869800567627
YGR234W,YOR067C,0,1.0018685,0.10331713408231735,0.976047933101654,0.8489698171615601
YBR045C,YDR441C,0,1.0012641,0.10330621898174286,0.976047933101654,0.8490698337554932
YDR405W,YFL017W-A,0,1.0011888,0.10329531133174896,0.976047933101654,0.8491698503494263
YPL206C,YML085C,0,0.9992968,0.10328440368175507,0.976047933101654,0.8492698669433594
YLR044C,YDR065W,0,0.9989362,0.10327349603176117,0.976047933101654,0.8493698835372925
YOR260W,YMR074C,0,0.99861455,0.10326258838176727,0.976047933101654,0.8494699001312256
YDR098C-A,YPL011C,0,0.99850726,0.10325168818235397,0.976047933101654,0.8495699167251587
YGR044C,YJL057C,0,0.99759936,0.10324078798294067,0.976047933101654,0.8496699333190918
YGR288W,YDL130W,0,0.99758387,0.10322989523410797,0.976047933101654,0.8497699499130249
YLR305C,YDR363W-A,0,0.9972342,0.10321899503469467,0.976047933101654,0.849869966506958
YAL016W,YER123W,0,0.9959734,0.10320810228586197,0.976047933101654,0.8499699831008911
YLR350W,YJL114W,0,0.9955018,0.10319721698760986,0.976047933101654,0.8500699996948242
YNL302C,YDL142C,0,0.99488825,0.10318632423877716,0.976047933101654,0.8501700162887573
YOR343W-A,YPR174C,0,0.9934993,0.10317543894052505,0.976047933101654,0.8502700328826904
YMR270C,YHR190W,0,0.9931874,0.10316455364227295,0.976047933101654,0.8503700494766235
YHR211W,YMR237W,0,0.9919703,0.10315367579460144,0.976047933101654,0.8504700660705566
YDL143W,YLR105C,0,0.9908484,0.10314279794692993,0.976047933101654,0.8505701422691345
YAR015W,YBL028C,0,0.9907769,0.10313192009925842,0.976047933101654,0.8506701588630676
YJR109C,YPR003C,0,0.99073523,0.10312104225158691,0.976047933101654,0.8507701754570007
YPL018W,YPL257W-B,0,0.9905568,0.103110171854496,0.976047933101654,0.8508701920509338
YBR120C,YKR030W,0,0.99053025,0.10309930145740509,0.976047933101654,0.8509702086448669
YBL075C,YGR012W,0,0.9889354,0.10308843851089478,0.976047933101654,0.8510702252388
YJR028W,YBR237W,0,0.9888903,0.10307756811380386,0.976047933101654,0.8511702418327332
YDR279W,YPL048W,0,0.9886551,0.10306670516729355,0.976047933101654,0.8512702584266663
YNR031C,YHR096C,0,0.9885726,0.10305584967136383,0.976047933101654,0.8513702750205994
YGR258C,YGL025C,0,0.98808676,0.10304498672485352,0.976047933101654,0.8514702916145325
YDR494W,YDL012C,0,0.9877441,0.1030341312289238,0.976047933101654,0.8515703082084656
YDR118W,YGR161W-A,0,0.9870459,0.10302328318357468,0.976047933101654,0.8516703248023987
YKL108W,YPL149W,0,0.98558944,0.10301242768764496,0.976047933101654,0.8517703413963318
YNL113W,YHR039C-B,1,0.9854139,0.10310690104961395,0.9770458936691284,0.8517703413963318
YPL068C,YNL162W,0,0.9849261,0.10309603810310364,0.9770458936691284,0.8518703579902649
YNL138W-A,YDR285W,0,0.98462737,0.10308518260717392,0.9770458936691284,0.851970374584198
YGL053W,YDR288W,0,0.9844357,0.1030743345618248,0.9770458936691284,0.8520703911781311
YDL142C,YAL011W,0,0.9836581,0.10306347906589508,0.9770458936691284,0.8521704077720642
YGL084C,YFL021W,0,0.9832064,0.10305263102054596,0.9770458936691284,0.8522704243659973
YOL133W,YBR009C,0,0.98311794,0.10304178297519684,0.9770458936691284,0.8523705005645752
YNL054W-A,YOR230W,0,0.9823655,0.10303094238042831,0.9770458936691284,0.8524705171585083
YER033C,YER008C,0,0.98221624,0.10302010178565979,0.9770458936691284,0.8525705337524414
YBL082C,YBR100W,0,0.9813518,0.10300926119089127,0.9770458936691284,0.8526705503463745
YDR497C,YNL156C,0,0.98106205,0.10299842059612274,0.9770458936691284,0.8527705669403076
YGR181W,YGL005C,0,0.9801778,0.10298758745193481,0.9770458936691284,0.8528705835342407
YDL140C,YPR098C,0,0.97945225,0.10297675430774689,0.9770458936691284,0.8529706001281738
YCR036W,YLR096W,0,0.9793844,0.10296592116355896,0.9770458936691284,0.8530706167221069
YER111C,YDR350C,0,0.97863996,0.10295509546995163,0.9770458936691284,0.85317063331604
YJL106W,YHL009W-B,0,0.9785161,0.1029442697763443,0.9770458936691284,0.8532706499099731
YHL009W-B,YOR327C,0,0.97761726,0.10293344408273697,0.9770458936691284,0.8533706665039062
YPR158C-D,YOR250C,0,0.9764224,0.10292262583971024,0.9770458936691284,0.8534706830978394
YFR024C,YGL119W,0,0.9759357,0.1029118075966835,0.9770458936691284,0.8535706996917725
YKL218C,YGR075C,0,0.97588205,0.10290098935365677,0.9770458936691284,0.8536707162857056
YIL136W,YKR068C,0,0.97412616,0.10289017111063004,0.9770458936691284,0.8537707328796387
YPL002C,YIR031C,0,0.9722823,0.1028793603181839,0.9770458936691284,0.8538707494735718
YLR313C,YGR218W,0,0.9720966,0.10286854952573776,0.9770458936691284,0.8539707660675049
YPL206C,YJL059W,0,0.97207177,0.10285774618387222,0.9770458936691284,0.8540708422660828
YFR024C,YOL152W,0,0.97165406,0.10284693539142609,0.9770458936691284,0.8541708588600159
YCL018W,YDR412W,0,0.97143096,0.10283613204956055,0.9770458936691284,0.854270875453949
YBR006W,YIR023W,0,0.96999574,0.1028253361582756,0.9770458936691284,0.8543708920478821
YCL039W,YDR300C,0,0.9692247,0.10281453281641006,0.9770458936691284,0.8544709086418152
YIL036W,YPR196W,0,0.9686612,0.10280373692512512,0.9770458936691284,0.8545709252357483
YJL066C,YBR191W,0,0.96853817,0.10279294103384018,0.9770458936691284,0.8546709418296814
YPL126W,YOL023W,0,0.9676813,0.10278215259313583,0.9770458936691284,0.8547709584236145
YDR362C,YBR012W-A,0,0.96757996,0.10277136415243149,0.9770458936691284,0.8548709750175476
YPR037C,YNL284C,0,0.9675777,0.10276057571172714,0.9770458936691284,0.8549709916114807
YKL170W,YCR094W,0,0.9668576,0.1027497872710228,0.9770458936691284,0.8550710082054138
YNR045W,YJR028W,0,0.9664428,0.10273900628089905,0.9770458936691284,0.8551710247993469
YDR057W,YER093C,0,0.9657167,0.1027282252907753,0.9770458936691284,0.85527104139328
YOL043C,YGR274C,0,0.9657114,0.10271745175123215,0.9770458936691284,0.8553710579872131
YOR155C,YNR057C,0,0.9641285,0.1027066707611084,0.9770458936691284,0.8554710745811462
YLR300W,YER143W,0,0.9641025,0.10269589722156525,0.9770458936691284,0.8555710911750793
YOR292C,YPR057W,0,0.9622631,0.1026851236820221,0.9770458936691284,0.8556711077690125
YOR386W,YFL036W,0,0.9601089,0.10267435759305954,0.9770458936691284,0.8557711839675903
YLL024C,YOL158C,0,0.95989347,0.10266359150409698,0.9770458936691284,0.8558712005615234
YBR087W,YNL077W,0,0.9587237,0.10265282541513443,0.9770458936691284,0.8559712171554565
YJL117W,YGL205W,0,0.95848906,0.10264206677675247,0.9770458936691284,0.8560712337493896
YNL208W,YBR192W,0,0.9581339,0.10263130068778992,0.9770458936691284,0.8561712503433228
YDR351W,YKL039W,0,0.95771444,0.10262054204940796,0.9770458936691284,0.8562712669372559
YER103W,YLL017W,0,0.95724404,0.1026097908616066,0.9770458936691284,0.856371283531189
YLR038C,YDL146W,0,0.95706,0.10259903222322464,0.9770458936691284,0.8564713001251221
YOR155C,YMR149W,0,0.95663327,0.10258828103542328,0.9770458936691284,0.8565713167190552
YGL040C,YAL035W,0,0.95662475,0.10257753729820251,0.9770458936691284,0.8566713333129883
YHR214C-B,YNL207W,0,0.9561275,0.10256678611040115,0.9770458936691284,0.8567713499069214
YDR252W,YMR049C,0,0.9560121,0.10255604237318039,0.9770458936691284,0.8568713665008545
YMR238W,YDR315C,0,0.9549562,0.10254529863595963,0.9770458936691284,0.8569713830947876
YKR101W,YEL043W,0,0.95491785,0.10253456234931946,0.9770458936691284,0.8570713996887207
YOL103W-A,YOR311C,0,0.9527677,0.10252382606267929,0.9770458936691284,0.8571714162826538
YJL066C,YKL009W,0,0.9524403,0.10251308977603912,0.9770458936691284,0.8572714328765869
YBL022C,YGR034W,0,0.95207465,0.10250235348939896,0.9770458936691284,0.85737144947052
YMR081C,YDR179C,0,0.9520358,0.10249162465333939,0.9770458936691284,0.8574714660644531
YNL073W,YDR369C,0,0.9515301,0.10248089581727982,0.9770458936691284,0.857571542263031
YLR363C,YHL044W,0,0.9513205,0.10247016698122025,0.9770458936691284,0.8576715588569641
YLR391W,YKL206C,0,0.9512737,0.10245944559574127,0.9770458936691284,0.8577715754508972
YGR271W,YDR236C,0,0.95104855,0.1024487242102623,0.9770458936691284,0.8578715920448303
YGR098C,YGR272C,1,0.9499726,0.10254263877868652,0.9780439138412476,0.8578715920448303
YDL007W,YBR111W-A,0,0.94963014,0.10253190994262695,0.9780439138412476,0.8579716086387634
YNL065W,YPR158C-C,0,0.94930285,0.10252118110656738,0.9780439138412476,0.8580716252326965
YOR292C,YNL016W,0,0.9487433,0.10251045972108841,0.9780439138412476,0.8581716418266296
YGL104C,YGL142C,0,0.94793886,0.10249973833560944,0.9780439138412476,0.8582716584205627
YOR260W,YLR314C,0,0.9472204,0.10248901695013046,0.9780439138412476,0.8583716750144958
YLR411W,YML039W,0,0.94690335,0.10247830301523209,0.9780439138412476,0.858471691608429
YGL180W,YJR036C,0,0.946807,0.10246758908033371,0.9780439138412476,0.8585717082023621
YMR274C,YGR161W-B,0,0.9467367,0.10245687514543533,0.9780439138412476,0.8586717247962952
YGR001C,YOR272W,0,0.9464263,0.10244616121053696,0.9780439138412476,0.8587717413902283
YDR131C,YPR191W,0,0.9449403,0.10243545472621918,0.9780439138412476,0.8588717579841614
YEL061C,YMR118C,0,0.9449104,0.1024247482419014,0.9780439138412476,0.8589717745780945
YFR052W,YER013W,0,0.94345295,0.10241404175758362,0.9780439138412476,0.8590717911720276
YML039W,YOR391C,0,0.94263923,0.10240334272384644,0.9780439138412476,0.8591718077659607
YBL005W-B,YOL103W-A,0,0.94214916,0.10239264369010925,0.9780439138412476,0.8592718839645386
YML043C,YHR039C-B,1,0.94081897,0.10248641669750214,0.9790419340133667,0.8592718839645386
YNL210W,YMR226C,0,0.9405767,0.10247571021318436,0.9790419340133667,0.8593719005584717
YJR052W,YGL039W,0,0.94054556,0.10246501117944717,0.9790419340133667,0.8594719171524048
YNL101W,YHR047C,0,0.94019604,0.1024543046951294,0.9790419340133667,0.8595719337463379
YOR343W-B,YJL035C,0,0.9398713,0.10244360566139221,0.9790419340133667,0.859671950340271
YAL031C,YDR030C,0,0.9389625,0.10243291407823563,0.9790419340133667,0.8597719669342041
YPR001W,YML092C,0,0.937806,0.10242221504449844,0.9790419340133667,0.8598719835281372
YER149C,YDR071C,0,0.93705726,0.10241152346134186,0.9790419340133667,0.8599720001220703
YIL084C,YDR098C-A,0,0.9367877,0.10240083187818527,0.9790419340133667,0.8600720167160034
YMR322C,YDR392W,0,0.93571764,0.10239014774560928,0.9790419340133667,0.8601720333099365
YNL076W,YBR276C,0,0.9354986,0.1023794636130333,0.9790419340133667,0.8602720499038696
YNR018W,YPL083C,0,0.93469554,0.1023687794804573,0.9790419340133667,0.8603720664978027
YOR192C-B,YMR045C,0,0.93443286,0.10235809534788132,0.9790419340133667,0.8604720830917358
YER117W,YJL181W,0,0.9343728,0.10234741866588593,0.9790419340133667,0.860572099685669
YMR315W,YDR463W,0,0.934283,0.10233674198389053,0.9790419340133667,0.860672116279602
YOR378W,YPR133W-A,0,0.9336225,0.10232606530189514,0.9790419340133667,0.8607721328735352
YMR110C,YDL211C,0,0.93288386,0.10231539607048035,0.9790419340133667,0.8608721494674683
YER159C-A,YLR467W,0,0.9323895,0.10230472683906555,0.9790419340133667,0.8609721660614014
YMR076C,YBR260C,0,0.93158954,0.10229405760765076,0.9790419340133667,0.8610722422599792
YDR109C,YDR427W,0,0.9311192,0.10228338837623596,0.9790419340133667,0.8611722588539124
YML012W,YDR390C,0,0.9297522,0.10227272659540176,0.9790419340133667,0.8612722754478455
YDL139C,YDR479C,0,0.9292306,0.10226206481456757,0.9790419340133667,0.8613722920417786
YGR235C,YOR241W,0,0.9292289,0.10225141048431396,0.9790419340133667,0.8614723086357117
YOR369C,YBL112C,0,0.9290587,0.10224074870347977,0.9790419340133667,0.8615723252296448
YDL108W,YHR106W,0,0.92825633,0.10223009437322617,0.9790419340133667,0.8616723418235779
YGR055W,YGR222W,0,0.9269089,0.10221944004297256,0.9790419340133667,0.861772358417511
YIL064W,YLR460C,0,0.92655385,0.10220879316329956,0.9790419340133667,0.8618723750114441
YDR098C-B,YDR044W,0,0.92583555,0.10219814628362656,0.9790419340133667,0.8619723916053772
YER060W-A,YHR072W-A,1,0.9256334,0.10229166597127914,0.9800398945808411,0.8619723916053772
YML082W,YOR251C,0,0.92282695,0.10228101164102554,0.9800398945808411,0.8620724081993103
YBL035C,YJL114W,0,0.92253494,0.10227035731077194,0.9800398945808411,0.8621724247932434
YIL170W,YGR116W,0,0.92208296,0.10225971043109894,0.9800398945808411,0.8622724413871765
YPR024W,YER044C-A,0,0.921951,0.10224906355142593,0.9800398945808411,0.8623724579811096
YLR345W,YKL145W,0,0.9210522,0.10223841667175293,0.9800398945808411,0.8624724745750427
YEL059C-A,YOR288C,0,0.92086905,0.10222777724266052,0.9800398945808411,0.8625724911689758
YBL041W,YCR045C,0,0.92062217,0.10221713036298752,0.9800398945808411,0.8626725077629089
YGL144C,YPR114W,0,0.92021775,0.10220649093389511,0.9800398945808411,0.8627725839614868
YBL056W,YDR210W-B,0,0.9201553,0.1021958589553833,0.9800398945808411,0.8628726005554199
YGR097W,YLR025W,0,0.91948426,0.10218522697687149,0.9800398945808411,0.862972617149353
YKL210W,YOL144W,0,0.9189954,0.10217459499835968,0.9800398945808411,0.8630726337432861
YMR289W,YOR192C-B,0,0.9188365,0.10216396301984787,0.9800398945808411,0.8631726503372192
YMR321C,YGL018C,0,0.91862094,0.10215333104133606,0.9800398945808411,0.8632726669311523
YGL195W,YMR295C,0,0.91774285,0.10214270651340485,0.9800398945808411,0.8633726835250854
YOR374W,YJL134W,0,0.91608274,0.10213208198547363,0.9800398945808411,0.8634727001190186
YLR035C-A,YJL156C,0,0.91530395,0.10212146490812302,0.9800398945808411,0.8635727167129517
YHR080C,YOR353C,0,0.9149577,0.1021108478307724,0.9800398945808411,0.8636727333068848
YER103W,YNL094W,0,0.9124651,0.10210023075342178,0.9800398945808411,0.8637727499008179
YER046W,YER113C,0,0.9123088,0.10208961367607117,0.9800398945808411,0.863872766494751
YMR205C,YOL096C,0,0.9122783,0.10207900404930115,0.9800398945808411,0.8639727830886841
YGL104C,YNL202W,0,0.9108617,0.10206839442253113,0.9800398945808411,0.8640727996826172
YBL035C,YDR369C,0,0.9101087,0.10205778479576111,0.9800398945808411,0.8641728162765503
YDR118W,YBR241C,0,0.90989804,0.10204717516899109,0.9800398945808411,0.8642728328704834
YOL108C,YPL027W,0,0.9089176,0.10203657299280167,0.9800398945808411,0.8643728494644165
YOL043C,YMR240C,0,0.9088727,0.10202597081661224,0.9800398945808411,0.8644728660583496
YDR436W,YDR285W,0,0.908759,0.10201537609100342,0.9800398945808411,0.8645729422569275
YMR059W,YJL021C,0,0.9087386,0.10200478136539459,0.9800398945808411,0.8646729588508606
YJL153C,YCL001W,0,0.90794224,0.10199418663978577,0.9800398945808411,0.8647729754447937
YNL051W,YNL166C,0,0.9078877,0.10198359191417694,0.9800398945808411,0.8648729920387268
YIL072W,YMR273C,0,0.90733933,0.10197300463914871,0.9800398945808411,0.8649730086326599
YDR090C,YPL123C,0,0.90717983,0.10196240991353989,0.9800398945808411,0.865073025226593
YLR394W,YCR026C,0,0.9061079,0.10195183008909225,0.9800398945808411,0.8651730418205261
YOR020C,YGR144W,0,0.90595037,0.10194124281406403,0.9800398945808411,0.8652730584144592
YCL034W,YOR016C,0,0.90554845,0.1019306629896164,0.9800398945808411,0.8653730750083923
YML100W,YHR060W,0,0.9045967,0.10192008316516876,0.9800398945808411,0.8654730916023254
YPR127W,YOL051W,0,0.9044055,0.10190950334072113,0.9800398945808411,0.8655731081962585
YBR301W,YPR137C-A,0,0.9041025,0.1018989309668541,0.9800398945808411,0.8656731247901917
YFR024C,YGR003W,0,0.9027265,0.10188835859298706,0.9800398945808411,0.8657731413841248
YGL009C,YAL068C,0,0.90126425,0.10187778621912003,0.9800398945808411,0.8658731579780579
YPL198W,YOR216C,0,0.9002569,0.10186722129583359,0.9800398945808411,0.865973174571991
YOR275C,YDR248C,0,0.90009135,0.10185665637254715,0.9800398945808411,0.8660731911659241
YDL229W,YOR143C,0,0.8998296,0.10184609144926071,0.9800398945808411,0.8661732077598572
YIL124W,YOL105C,0,0.89981556,0.10183552652597427,0.9800398945808411,0.8662732839584351
YFR024C,YLR048W,0,0.8997394,0.10182496905326843,0.9800398945808411,0.8663733005523682
YER159C-A,YLL040C,0,0.89958674,0.10181441158056259,0.9800398945808411,0.8664733171463013
YKR054C,YDR365W-A,0,0.89945376,0.10180385410785675,0.9800398945808411,0.8665733337402344
YER174C,YDR129C,0,0.8992343,0.1017933040857315,0.9800398945808411,0.8666733503341675
YDR312W,YLR293C,0,0.89907706,0.10178275406360626,0.9800398945808411,0.8667733669281006
YHR201C,YOR215C,0,0.8984047,0.10177220404148102,0.9800398945808411,0.8668733835220337
YOR292C,YOL030W,0,0.8976747,0.10176166146993637,0.9800398945808411,0.8669734001159668
YMR090W,YHR214C-C,0,0.8973376,0.10175111144781113,0.9800398945808411,0.8670734167098999
YDR259C,YKL149C,0,0.89705646,0.10174056887626648,0.9800398945808411,0.867173433303833
YDR316W-A,YNL081C,0,0.896013,0.10173003375530243,0.9800398945808411,0.8672734498977661
YKL097W-A,YNL311C,0,0.8953425,0.10171949118375778,0.9800398945808411,0.8673734664916992
YBL091C-A,YDR222W,0,0.89532185,0.10170895606279373,0.9800398945808411,0.8674734830856323
YNL243W,YOR192C-A,0,0.8943008,0.10169842839241028,0.9800398945808411,0.8675734996795654
YBR299W,YGR161C-D,0,0.89377785,0.10168789327144623,0.9800398945808411,0.8676735162734985
YDL149W,YGR070W,0,0.89242923,0.10167736560106277,0.9800398945808411,0.8677735328674316
YJR097W,YDR098C-A,0,0.89207214,0.10166683793067932,0.9800398945808411,0.8678735494613647
YIL026C,YLR328W,0,0.8920372,0.10165631771087646,0.9800398945808411,0.8679735660552979
YPR073C,YPL163C,0,0.89199483,0.10164579004049301,0.9800398945808411,0.8680736422538757
YBR028C,YIR014W,0,0.8917323,0.10163526982069016,0.9800398945808411,0.8681736588478088
YGR017W,YAL026C,0,0.89153385,0.1016247570514679,0.9800398945808411,0.8682736754417419
YNL050C,YNL016W,0,0.8896482,0.10161423683166504,0.9800398945808411,0.868373692035675
YLR352W,YOR142W,0,0.8893869,0.10160372406244278,0.9800398945808411,0.8684737086296082
YLL017W,YMR152W,0,0.8889413,0.10159321129322052,0.9800398945808411,0.8685737252235413
YBR055C,YHR214C-C,0,0.8865475,0.10158270597457886,0.9800398945808411,0.8686737418174744
YLR227W-A,YPR122W,0,0.8857604,0.1015722006559372,0.9800398945808411,0.8687737584114075
YOR124C,YNR024W,0,0.88554037,0.10156169533729553,0.9800398945808411,0.8688737750053406
YBR036C,YDL215C,0,0.88551253,0.10155119001865387,0.9800398945808411,0.8689737915992737
YCL039W,YKL061W,0,0.88332003,0.1015406921505928,0.9800398945808411,0.8690738081932068
YJL157C,YKL194C,0,0.88172257,0.10153018683195114,0.9800398945808411,0.8691738247871399
YHR117W,YHR039C-B,0,0.88168144,0.10151969641447067,0.9800398945808411,0.869273841381073
YNR052C,YLL050C,0,0.8816795,0.1015091985464096,0.9800398945808411,0.8693738579750061
YDR069C,YJL167W,0,0.88166946,0.10149870812892914,0.9800398945808411,0.8694738745689392
YLR183C,YOR192C-B,0,0.8814955,0.10148821771144867,0.9800398945808411,0.8695738911628723
YAR031W,YOR250C,0,0.88134444,0.1014777272939682,0.9800398945808411,0.8696739077568054
YDR350C,YNL158W,0,0.88046813,0.10146724432706833,0.9800398945808411,0.8697739839553833
YBR069C,YPL257W-A,0,0.8791783,0.10145676136016846,0.9800398945808411,0.8698740005493164
YMR008C,YGR031C-A,0,0.8790885,0.10144627839326859,0.9800398945808411,0.8699740171432495
YDR090C,YDL197C,0,0.87862337,0.10143580287694931,0.9800398945808411,0.8700740337371826
YJL071W,YIL133C,0,0.8783349,0.10142532736063004,0.9800398945808411,0.8701740503311157
YJL062W-A,YKL206C,0,0.8774488,0.10141485184431076,0.9800398945808411,0.8702740669250488
YGR181W,YJL062W-A,0,0.8758553,0.10140437632799149,0.9800398945808411,0.8703740835189819
YDR306C,YPR196W,0,0.87510836,0.10139390826225281,0.9800398945808411,0.870474100112915
YIL154C,YKL138C-A,0,0.8747214,0.10138344019651413,0.9800398945808411,0.8705741167068481
YBR003W,YER174C,0,0.8744024,0.10137297213077545,0.9800398945808411,0.8706741333007812
YDR100W,YGR212W,0,0.8742435,0.10136251151561737,0.9800398945808411,0.8707741498947144
YDR316W-A,YDR292C,0,0.8735109,0.10135205090045929,0.9800398945808411,0.8708741664886475
YML070W,YBR111W-A,0,0.87325704,0.10134159028530121,0.9800398945808411,0.8709741830825806
YEL001C,YDR368W,0,0.8730545,0.10133112967014313,0.9800398945808411,0.8710741996765137
YMR311C,YCL005W-A,0,0.8728337,0.10132067650556564,0.9800398945808411,0.8711742162704468
YPL007C,YJL062W-A,0,0.8723108,0.10131022334098816,0.9800398945808411,0.8712742328643799
YOR265W,YBR146W,0,0.87195814,0.10129977017641068,0.9800398945808411,0.871374249458313
YHR179W,YIR002C,0,0.87155306,0.10128932446241379,0.9800398945808411,0.8714742660522461
YPR114W,YBR026C,0,0.8713019,0.1012788787484169,0.9800398945808411,0.871574342250824
YDR435C,YKR007W,0,0.8712655,0.10126843303442001,0.9800398945808411,0.8716743588447571
YER147C,YLR391W-A,0,0.86956716,0.10125799477100372,0.9800398945808411,0.8717743754386902
YDL097C,YCL061C,0,0.8693412,0.10124754905700684,0.9800398945808411,0.8718743920326233
YFL018W-A,YLR017W,0,0.86885107,0.10123711079359055,0.9800398945808411,0.8719744086265564
YER137C-A,YML042W,0,0.8682322,0.10122667998075485,0.9800398945808411,0.8720744252204895
YJR067C,YHR072W-A,1,0.867566,0.1013193130493164,0.9810379147529602,0.8720744252204895
YKL077W,YNL094W,0,0.86753154,0.10130887478590012,0.9810379147529602,0.8721744418144226
YGL227W,YFL035C-A,0,0.86590034,0.10129843652248383,0.9810379147529602,0.8722744584083557
YHR072W-A,YPR022C,1,0.8658145,0.1013910323381424,0.9820359349250793,0.8722744584083557
YOR142W-B,YDR353W,0,0.8654332,0.10138058662414551,0.9820359349250793,0.8723744750022888
YOR195W,YDR254W,0,0.864396,0.10137014836072922,0.9820359349250793,0.8724744915962219
YHR129C,YIL107C,0,0.8639289,0.10135970264673233,0.9820359349250793,0.872574508190155
YCR005C,YDR236C,0,0.8638589,0.10134926438331604,0.9820359349250793,0.8726745247840881
YOR101W,YAL060W,0,0.8632053,0.10133882611989975,0.9820359349250793,0.8727745413780212
YFL038C,YBR169C,0,0.86286724,0.10132838785648346,0.9820359349250793,0.8728745579719543
YJL179W,YPL281C,0,0.8628376,0.10131795704364777,0.9820359349250793,0.8729745745658875
YDR034C-C,YDL047W,0,0.86268187,0.10130752623081207,0.9820359349250793,0.8730745911598206
YDR265W,YDL069C,0,0.8624779,0.10129709541797638,0.9820359349250793,0.8731746077537537
YOL101C,YLR227W-B,0,0.8616961,0.10128667205572128,0.9820359349250793,0.8732746839523315
YBR145W,YLR256W-A,0,0.8616961,0.10127624869346619,0.9820359349250793,0.8733747005462646
YML012W,YPL135W,0,0.8601447,0.10126582533121109,0.9820359349250793,0.8734747171401978
YGL210W,YDR261C-D,0,0.86011803,0.101255401968956,0.9820359349250793,0.8735747337341309
YBR268W,YGR177C,0,0.85971904,0.1012449860572815,0.9820359349250793,0.873674750328064
YPL083C,YGR161C-D,0,0.85939765,0.101234570145607,0.9820359349250793,0.8737747669219971
YMR114C,YKL009W,0,0.8592446,0.1012241542339325,0.9820359349250793,0.8738747835159302
YHR207C,YKL059C,0,0.8586463,0.101213738322258,0.9820359349250793,0.8739748001098633
YHR172W,YKL145W,0,0.857904,0.10120332986116409,0.9820359349250793,0.8740748167037964
YFR024C,YER129W,0,0.8560741,0.10119292140007019,0.9820359349250793,0.8741748332977295
YHR194W,YDR261C-D,0,0.8554486,0.10118252038955688,0.9820359349250793,0.8742748498916626
YER056C-A,YDL114W,0,0.85461813,0.10117211937904358,0.9820359349250793,0.8743748664855957
YJL062W-A,YER091C,0,0.85424256,0.10116171836853027,0.9820359349250793,0.8744748830795288
YLR227W-A,YJR151C,0,0.8532927,0.10115131735801697,0.9820359349250793,0.8745748996734619
YJL026W,YOR241W,0,0.8530597,0.10114091634750366,0.9820359349250793,0.874674916267395
YLR410W-A,YMR304W,0,0.8529346,0.10113052278757095,0.9820359349250793,0.8747749328613281
YGR109W-B,YDR091C,0,0.85260975,0.10112012922763824,0.9820359349250793,0.8748749494552612
YDR361C,YPL259C,0,0.8519427,0.10110974311828613,0.9820359349250793,0.8749749660491943
YLR201C,YER087C-A,0,0.85194254,0.10109934955835342,0.9820359349250793,0.8750750422477722
YCL035C,YMR131C,0,0.8508221,0.10108896344900131,0.9820359349250793,0.8751750588417053
YNL046W,YNL190W,0,0.84924626,0.1010785847902298,0.9820359349250793,0.8752750754356384
YKL088W,YDR228C,0,0.84915304,0.10106819868087769,0.9820359349250793,0.8753750920295715
YMR221C,YLR102C,0,0.84909123,0.10105782002210617,0.9820359349250793,0.8754751086235046
YKL203C,YJL001W,0,0.8489457,0.10104744136333466,0.9820359349250793,0.8755751252174377
YDL138W,YPL042C,0,0.84874517,0.10103707015514374,0.9820359349250793,0.8756751418113708
YGR062C,YBR181C,0,0.8484707,0.10102669149637222,0.9820359349250793,0.875775158405304
YGL094C,YOR091W,0,0.8484669,0.1010163202881813,0.9820359349250793,0.8758751749992371
YPL059W,YDR135C,0,0.8484223,0.10100595653057098,0.9820359349250793,0.8759751915931702
YIL107C,YEL017C-A,0,0.8474348,0.10099558532238007,0.9820359349250793,0.8760752081871033
YML112W,YHR072W-A,1,0.84665596,0.10108784586191177,0.9830339550971985,0.8760752081871033
YKR095W-A,YDR490C,0,0.846161,0.10107747465372086,0.9830339550971985,0.8761752247810364
YDR482C,YOR120W,0,0.84553516,0.10106710344552994,0.9830339550971985,0.8762752413749695
YER149C,YLR446W,0,0.84477335,0.10105673223733902,0.9830339550971985,0.8763752579689026
YPL061W,YGL026C,0,0.84427786,0.1010463684797287,0.9830339550971985,0.8764752745628357
YPR158C-D,YDL056W,0,0.8437141,0.10103600472211838,0.9830339550971985,0.8765752911567688
YGL058W,YMR156C,0,0.8426949,0.10102564096450806,0.9830339550971985,0.8766753077507019
YAR009C,YDR060W,0,0.84190327,0.10101527720689774,0.9830339550971985,0.8767753839492798
YEL041W,YMR045C,0,0.83937865,0.10100492089986801,0.9830339550971985,0.8768754005432129
YHR044C,YMR257C,0,0.8390284,0.10099456459283829,0.9830339550971985,0.876975417137146
YGL094C,YML115C,0,0.83893204,0.10098420828580856,0.9830339550971985,0.8770754337310791
YOL165C,YHR170W,0,0.8376793,0.10097385942935944,0.9830339550971985,0.8771754503250122
YGR088W,YDL076C,0,0.83726895,0.10096351057291031,0.9830339550971985,0.8772754669189453
YDR365W-A,YOR157C,0,0.8353366,0.10095316171646118,0.9830339550971985,0.8773754835128784
YBR156C,YDR329C,0,0.8352705,0.10094281286001205,0.9830339550971985,0.8774755001068115
YGL155W,YNR006W,0,0.83520216,0.10093247145414352,0.9830339550971985,0.8775755167007446
YPR102C,YKR014C,0,0.8346028,0.100922130048275,0.9830339550971985,0.8776755332946777
YCL012W,YDR285W,0,0.83393073,0.10091178864240646,0.9830339550971985,0.8777755498886108
YOL156W,YLR414C,0,0.83284855,0.10090145468711853,0.9830339550971985,0.877875566482544
YJR057W,YDR256C,0,0.83280605,0.1008911207318306,0.9830339550971985,0.877975583076477
YJR006W,YPL004C,0,0.83181137,0.10088078677654266,0.9830339550971985,0.8780755996704102
YJR029W,YDL209C,0,0.83166337,0.10087045282125473,0.9830339550971985,0.8781756162643433
YOL103W-B,YNL259C,0,0.8308216,0.1008601263165474,0.9830339550971985,0.8782756328582764
YPL144W,YKL158W,0,0.82933354,0.10084979981184006,0.9830339550971985,0.8783756494522095
YKL109W,YGL070C,0,0.8291558,0.10083947330713272,0.9830339550971985,0.8784756660461426
YHR184W,YNL056W,0,0.8283499,0.10082915425300598,0.9830339550971985,0.8785757422447205
YDL012C,YOR372C,0,0.82753307,0.10081883519887924,0.9830339550971985,0.8786757588386536
YGL040C,YPR005C,0,0.82737017,0.1008085161447525,0.9830339550971985,0.8787757754325867
YER179W,YLR256W-A,0,0.8269576,0.10079819709062576,0.9830339550971985,0.8788757920265198
YGR161W-B,YFR052W,0,0.8267333,0.10078788548707962,0.9830339550971985,0.8789758086204529
YNL261W,YPL257W-A,0,0.8263973,0.10077757388353348,0.9830339550971985,0.879075825214386
YOL111C,YNR021W,0,0.8262718,0.10076726227998734,0.9830339550971985,0.8791758418083191
YER014C-A,YIL043C,0,0.8256365,0.10075695812702179,0.9830339550971985,0.8792758584022522
YGR217W,YCR073C,1,0.825485,0.10084892809391022,0.9840319156646729,0.8792758584022522
YIL145C,YGL161C,0,0.82521063,0.10083861649036407,0.9840319156646729,0.8793758749961853
YMR281W,YGL046W,0,0.82473433,0.10082830488681793,0.9840319156646729,0.8794758915901184
YHR122W,YLR306W,0,0.82462466,0.10081799328327179,0.9840319156646729,0.8795759081840515
YBR040W,YFL011W-A,0,0.82418334,0.10080768913030624,0.9840319156646729,0.8796759247779846
YFL037W,YLR097C,0,0.82402325,0.1007973849773407,0.9840319156646729,0.8797759413719177
YLR295C,YGR217W,0,0.8238977,0.10078708082437515,0.9840319156646729,0.8798759579658508
YKL103C,YKL053C-A,0,0.8234521,0.1007767766714096,0.9840319156646729,0.8799759745597839
YPL051W,YHR039C-B,1,0.8226458,0.10086867958307266,0.985029935836792,0.8799759745597839
YER063W,YFR007W,0,0.82160574,0.10085836797952652,0.985029935836792,0.880075991153717
YHR174W,YGR282C,0,0.82102954,0.10084806382656097,0.985029935836792,0.8801760077476501
YNL291C,YJR139C,0,0.820344,0.10083775967359543,0.985029935836792,0.880276083946228
YMR221C,YLR256W-A,0,0.81834877,0.10082746297121048,0.985029935836792,0.8803761005401611
YHR039C-B,YPL226W,0,0.81799006,0.10081715881824493,0.985029935836792,0.8804761171340942
YMR026C,YFR040W,0,0.8179795,0.10080686211585999,0.985029935836792,0.8805761337280273
YIL022W,YJR026W,0,0.8159174,0.10079656541347504,0.985029935836792,0.8806761503219604
YGR058W,YNL127W,0,0.81587946,0.10078627616167068,0.985029935836792,0.8807761669158936
YGR003W,YMR122W-A,0,0.81527156,0.10077598690986633,0.985029935836792,0.8808761835098267
YDR109C,YMR098C,0,0.81492954,0.10076569765806198,0.985029935836792,0.8809762001037598
YLR004C,YDL175C,0,0.81482035,0.10075540840625763,0.985029935836792,0.8810762166976929
YHR210C,YOL009C,0,0.81349874,0.10074512660503387,0.985029935836792,0.881176233291626
YDR350C,YPR035W,0,0.8130743,0.10073484480381012,0.985029935836792,0.8812762498855591
YCR037C,YGR109W-B,0,0.81185055,0.10072456300258636,0.985029935836792,0.8813762664794922
YOL086C,YPL135W,0,0.8113415,0.1007142886519432,0.985029935836792,0.8814762830734253
YDR261C-D,YIL106W,0,0.81038016,0.10070400685071945,0.985029935836792,0.8815762996673584
YMR051C,YHR114W,0,0.8100604,0.1006937325000763,0.985029935836792,0.8816763162612915
YLR035C-A,YJR110W,0,0.8095159,0.10068346560001373,0.985029935836792,0.8817763328552246
YOR054C,YDR002W,0,0.8091676,0.10067319124937057,0.985029935836792,0.8818763494491577
YGL111W,YDR380W,0,0.80891347,0.10066292434930801,0.985029935836792,0.8819763660430908
YLL040C,YGL021W,0,0.8087305,0.10065266489982605,0.985029935836792,0.8820764422416687
YOR222W,YDR261W-B,0,0.8084395,0.10064239799976349,0.985029935836792,0.8821764588356018
YPR007C,YDR288W,0,0.80792856,0.10063213855028152,0.985029935836792,0.8822764754295349
YDR534C,YOL122C,0,0.8074559,0.10062187910079956,0.985029935836792,0.882376492023468
YDR261C-D,YDR011W,0,0.8071536,0.1006116196513176,0.985029935836792,0.8824765086174011
YOR343W-A,YLR170C,0,0.8065842,0.10060136765241623,0.985029935836792,0.8825765252113342
YOR142W-A,YER165W,0,0.80639255,0.10059111565351486,0.985029935836792,0.8826765418052673
YIL042C,YKR053C,0,0.8062909,0.1005808636546135,0.985029935836792,0.8827765583992004
YGR082W,YKL060C,0,0.8054949,0.10057061165571213,0.985029935836792,0.8828765749931335
YHL047C,YDR034C-C,0,0.8052193,0.10056036710739136,0.985029935836792,0.8829765915870667
YDR316W-B,YJL181W,0,0.8049693,0.10055012255907059,0.985029935836792,0.8830766081809998
YCR080W,YOL108C,0,0.80336356,0.10053987801074982,0.985029935836792,0.8831766247749329
YGR109W-A,YNL119W,0,0.80238605,0.10052964091300964,0.985029935836792,0.883276641368866
YBL060W,YDR261C,0,0.8018337,0.10051940381526947,0.985029935836792,0.8833766579627991
YMR093W,YOR343W-A,0,0.80153227,0.1005091667175293,0.985029935836792,0.8834766745567322
YDR146C,YBR296C,0,0.80130756,0.10049892961978912,0.985029935836792,0.8835766911506653
YEL043W,YPR198W,0,0.80087227,0.10048869997262955,0.985029935836792,0.8836767077445984
YNL138W,YPL257W-B,0,0.80005336,0.10047847032546997,0.985029935836792,0.8837767839431763
YPL194W,YOR079C,0,0.79980814,0.1004682406783104,0.985029935836792,0.8838768005371094
YBR208C,YJL004C,0,0.799763,0.10045801848173141,0.985029935836792,0.8839768171310425
YEL030W,YER104W,0,0.7986914,0.10044778883457184,0.985029935836792,0.8840768337249756
YDR078C,YLR256W-A,0,0.79819083,0.10043756663799286,0.985029935836792,0.8841768503189087
YGL064C,YDR261W-A,0,0.7975725,0.10042735189199448,0.985029935836792,0.8842768669128418
YEL031W,YGL067W,0,0.7968344,0.1004171296954155,0.985029935836792,0.8843768835067749
YOL156W,YGR080W,0,0.79627687,0.10040691494941711,0.985029935836792,0.884476900100708
YMR127C,YDR342C,0,0.79522693,0.10039670765399933,0.985029935836792,0.8845769166946411
YLR390W-A,YOR240W,0,0.79509795,0.10038649290800095,0.985029935836792,0.8846769332885742
YPR073C,YJR060W,0,0.79382515,0.10037628561258316,0.985029935836792,0.8847769498825073
YLR287C-A,YHR024C,0,0.7937844,0.10036607831716537,0.985029935836792,0.8848769664764404
YPL257W-A,YPL019C,0,0.7936349,0.10035587102174759,0.985029935836792,0.8849769830703735
YDR131C,YMR237W,0,0.7935205,0.1003456711769104,0.985029935836792,0.8850769996643066
YHR179W,YOR059C,0,0.792145,0.10033547133207321,0.985029935836792,0.8851770162582397
YOL103W-B,YHR009C,0,0.7919049,0.10032527148723602,0.985029935836792,0.8852770328521729
YJL176C,YOL086C,0,0.79161555,0.10031507164239883,0.985029935836792,0.885377049446106
YDR210C-C,YBL022C,0,0.7914095,0.10030487924814224,0.985029935836792,0.8854770660400391
YKL079W,YER071C,0,0.7914047,0.10029468685388565,0.985029935836792,0.8855771422386169
YCL064C,YHR140W,0,0.79075795,0.10028449445962906,0.985029935836792,0.88567715883255
YHR005C,YJL167W,0,0.79040504,0.10027430951595306,0.985029935836792,0.8857771754264832
YDR238C,YOL135C,0,0.789665,0.10026411712169647,0.985029935836792,0.8858771920204163
YPL259C,YDL216C,0,0.78878546,0.10025393962860107,0.985029935836792,0.8859772086143494
YBR150C,YGR012W,0,0.788672,0.10024375468492508,0.985029935836792,0.8860772252082825
YGR224W,YGR008C,0,0.78818274,0.10023357719182968,0.985029935836792,0.8861772418022156
YNL049C,YBR050C,0,0.7881748,0.10022339224815369,0.985029935836792,0.8862772583961487
YJL030W,YJL056C,0,0.7879907,0.10021322220563889,0.985029935836792,0.8863772749900818
YJL214W,YDR512C,0,0.787951,0.10020304471254349,0.985029935836792,0.8864772915840149
YAL038W,YHR047C,0,0.7870033,0.10019287467002869,0.985029935836792,0.886577308177948
YBR272C,YDR103W,0,0.7863076,0.10018270462751389,0.985029935836792,0.8866773247718811
YOR020C,YGR109W-B,0,0.7861619,0.10017253458499908,0.985029935836792,0.8867773413658142
YPR011C,YDR041W,0,0.7859329,0.10016237199306488,0.985029935836792,0.8868773579597473
YER159C-A,YGR288W,0,0.785565,0.10015220940113068,0.985029935836792,0.8869773745536804
YCL025C,YOR192C-A,0,0.785565,0.10014204680919647,0.985029935836792,0.8870773911476135
YNL317W,YKL024C,0,0.78433144,0.10013188421726227,0.985029935836792,0.8871774077415466
YLR410W-B,YOR204W,0,0.78357375,0.10012172907590866,0.985029935836792,0.8872774839401245
YOR129C,YNL263C,0,0.7832309,0.10011157393455505,0.985029935836792,0.8873775005340576
YOR054C,YER032W,0,0.7823242,0.10010141879320145,0.985029935836792,0.8874775171279907
YEL058W,YFL035C-A,0,0.7813827,0.10009127110242844,0.985029935836792,0.8875775337219238
YLR193C,YGR161W-A,0,0.77916634,0.10008111596107483,0.985029935836792,0.8876775503158569
YNL085W,YJL158C,0,0.7788794,0.10007097572088242,0.985029935836792,0.88777756690979
YAL024C,YPL048W,0,0.7780201,0.1000608280301094,0.985029935836792,0.8878775835037231
YNL159C,YNR017W,0,0.7779912,0.10005068778991699,0.985029935836792,0.8879776000976562
YDR268W,YPL231W,0,0.7779152,0.10004054009914398,0.985029935836792,0.8880776166915894
YNL054W-B,YJR103W,0,0.7772505,0.10003040730953217,0.985029935836792,0.8881776332855225
YPL126W,YDR098C-A,0,0.7764981,0.10002026706933975,0.985029935836792,0.8882776498794556
YJR013W,YLR256W-A,0,0.7758958,0.10001013427972794,0.985029935836792,0.8883776664733887
YAL034W-A,YGL119W,0,0.7747614,0.10000000149011612,0.985029935836792,0.8884776830673218
YLR410W-A,YBL051C,0,0.773479,0.0999898687005043,0.985029935836792,0.8885776996612549
YAL053W,YDR213W,0,0.77339923,0.09997974336147308,0.985029935836792,0.888677716255188
YBR012W-B,YLL011W,0,0.7721772,0.09996961057186127,0.985029935836792,0.8887777328491211
YKR062W,YIL033C,0,0.7712096,0.09995949268341064,0.985029935836792,0.8888777494430542
YHR209W,YGR031C-A,0,0.7710227,0.09994936734437943,0.985029935836792,0.8889777660369873
YDR056C,YCR038C,0,0.7704214,0.0999392494559288,0.985029935836792,0.8890778422355652
YOL103W-B,YPR071W,0,0.7701422,0.09992913156747818,0.985029935836792,0.8891778588294983
YGL237C,YLR390W,0,0.7700573,0.09991901367902756,0.985029935836792,0.8892778754234314
YKL174C,YDR210W-B,0,0.76913226,0.09990889579057693,0.985029935836792,0.8893778920173645
YMR153W,YHR079C-B,0,0.7689862,0.09989878535270691,0.985029935836792,0.8894779086112976
YIL137C,YDR210W-B,0,0.7684431,0.09988867491483688,0.985029935836792,0.8895779252052307
YBR090C-A,YJR070C,0,0.7681134,0.09987856447696686,0.985029935836792,0.8896779417991638
YHR011W,YDR320C,0,0.7647285,0.09986846148967743,0.985029935836792,0.8897779583930969
YMR090W,YLR370C,0,0.76444864,0.099858358502388,0.985029935836792,0.88987797498703
YNL208W,YLR106C,0,0.7641579,0.09984825551509857,0.985029935836792,0.8899779915809631
YGL190C,YMR022W,0,0.76400983,0.09983815252780914,0.985029935836792,0.8900780081748962
YOR240W,YGR205W,0,0.7639316,0.09982805699110031,0.985029935836792,0.8901780247688293
YJL021C,YER129W,0,0.7638072,0.09981796145439148,0.985029935836792,0.8902780413627625
YAL039C,YDR256C,0,0.76351213,0.09980786591768265,0.985029935836792,0.8903780579566956
YCL074W,YDR210W-B,0,0.7626461,0.09979777783155441,0.985029935836792,0.8904780745506287
YDR122W,YCR087C-A,0,0.76195586,0.09978768229484558,0.985029935836792,0.8905780911445618
YOL019W,YCL057C-A,0,0.76142454,0.09977760165929794,0.985029935836792,0.8906781077384949
YDR342C,YDR460W,0,0.75887215,0.09976751357316971,0.985029935836792,0.8907781839370728
YLR410W-B,YDL164C,0,0.75733703,0.09975742548704147,0.985029935836792,0.8908782005310059
YMR322C,YOR192C-B,0,0.757254,0.09974734485149384,0.985029935836792,0.890978217124939
YGL147C,YEL065W,0,0.75558126,0.0997372642159462,0.985029935836792,0.8910782337188721
YNR001C,YLR312C-B,0,0.75542796,0.09972719103097916,0.985029935836792,0.8911782503128052
YPL051W,YKR089C,0,0.7546947,0.09971711784601212,0.985029935836792,0.8912782669067383
YDR217C,YGR161C-D,0,0.754371,0.09970704466104507,0.985029935836792,0.8913782835006714
YMR311C,YBR282W,0,0.7536917,0.09969697147607803,0.985029935836792,0.8914783000946045
YHR039C-B,YNL101W,0,0.7533865,0.09968689829111099,0.985029935836792,0.8915783166885376
YDL198C,YDR246W,0,0.7532875,0.09967683255672455,0.985029935836792,0.8916783332824707
YOR326W,YDL154W,0,0.7524877,0.0996667668223381,0.985029935836792,0.8917783498764038
YGR109W-A,YPL259C,0,0.7523639,0.09965670108795166,0.985029935836792,0.8918783664703369
YBL082C,YLL004W,0,0.75218636,0.09964664280414581,0.985029935836792,0.89197838306427
YBL037W,YNR047W,0,0.7519412,0.09963658452033997,0.985029935836792,0.8920783996582031
YPL098C,YER063W,0,0.75163615,0.09962652623653412,0.985029935836792,0.8921784162521362
YGR161W-B,YKR044W,0,0.7513158,0.09961646795272827,0.985029935836792,0.8922784328460693
YDR316W-B,YPL221W,0,0.75098085,0.09960641711950302,0.985029935836792,0.8923784494400024
YDR188W,YBR109C,0,0.74989,0.09959636628627777,0.985029935836792,0.8924784660339355
YKL197C,YPR043W,0,0.7496307,0.09958631545305252,0.985029935836792,0.8925785422325134
YGR161W-B,YML042W,0,0.7479985,0.09957627207040787,0.985029935836792,0.8926785588264465
YNL128W,YER087W,0,0.7475953,0.09956622868776321,0.985029935836792,0.8927785754203796
YLR410W-B,YNR008W,0,0.74733007,0.09955618530511856,0.985029935836792,0.8928785920143127
YLR024C,YOR027W,0,0.7465302,0.09954614192247391,0.985029935836792,0.8929786086082458
YCR012W,YKL061W,0,0.7456093,0.09953610599040985,0.985029935836792,0.893078625202179
YKR035W-A,YMR246W,0,0.7455493,0.0995260700583458,0.985029935836792,0.8931786417961121
YOR258W,YDL134C,0,0.74537003,0.09951603412628174,0.985029935836792,0.8932786583900452
YGR109W-B,YKL173W,0,0.7446837,0.09950599819421768,0.985029935836792,0.8933786749839783
YDR316W-B,YJL128C,0,0.74397266,0.09949596971273422,0.985029935836792,0.8934786915779114
YGR161W-B,YDR412W,0,0.7435342,0.09948594123125076,0.985029935836792,0.8935787081718445
YBR149W,YDR498C,0,0.74245775,0.0994759127497673,0.985029935836792,0.8936787247657776
YEL024W,YLR256W-A,0,0.7423212,0.09946588426828384,0.985029935836792,0.8937787413597107
YDR210C-C,YEL002C,0,0.74095976,0.09945586323738098,0.985029935836792,0.8938787579536438
YNL054W-A,YDR160W,0,0.7373577,0.09944584220647812,0.985029935836792,0.8939787745475769
YLR154W-A,YOL101C,0,0.7367624,0.09943582862615585,0.985029935836792,0.89407879114151
YJR057W,YOR142W-B,0,0.73673534,0.09942580759525299,0.985029935836792,0.8941788077354431
YCR055C,YLL006W,0,0.7356282,0.09941579401493073,0.985029935836792,0.894278883934021
YLR191W,YDR376W,0,0.73532313,0.09940578043460846,0.985029935836792,0.8943789005279541
YDR096W,YPR137C-A,0,0.7349571,0.0993957668542862,0.985029935836792,0.8944789171218872
YBR155W,YHR174W,0,0.7348664,0.09938576072454453,0.985029935836792,0.8945789337158203
YHL009W-B,YMR215W,0,0.7347028,0.09937575459480286,0.985029935836792,0.8946789503097534
YJR049C,YER137C-A,0,0.7340402,0.09936574846506119,0.985029935836792,0.8947789669036865
YDR316W-A,YDR228C,0,0.73328644,0.09935574978590012,0.985029935836792,0.8948789834976196
YMR250W,YOR241W,0,0.73068637,0.09934574365615845,0.985029935836792,0.8949790000915527
YGL049C,YLR256W-A,0,0.73052186,0.09933575242757797,0.985029935836792,0.8950790166854858
YMR076C,YNL036W,0,0.7303777,0.0993257537484169,0.985029935836792,0.895179033279419
YPL257W-A,YHR082C,0,0.7303647,0.09931575506925583,0.985029935836792,0.895279049873352
YDR473C,YJL128C,0,0.73018837,0.09930576384067535,0.985029935836792,0.8953790664672852
YHR118C,YOR343W-A,0,0.7298628,0.09929577261209488,0.985029935836792,0.8954790830612183
YLR163C,YHL050C,0,0.7287073,0.099285788834095,0.985029935836792,0.8955790996551514
YMR304W,YNL095C,0,0.7284252,0.09927579760551453,0.985029935836792,0.8956791162490845
YPL257W-A,YMR112C,0,0.7281999,0.09926581382751465,0.985029935836792,0.8957791328430176
YER074W,YGR193C,0,0.7270945,0.09925583004951477,0.985029935836792,0.8958791494369507
YFL061W,YDR239C,0,0.72703165,0.09924585372209549,0.985029935836792,0.8959792256355286
YJR158W,YMR117C,0,0.72664046,0.09923587739467621,0.985029935836792,0.8960792422294617
YHR147C,YOR343W-A,0,0.72657466,0.09922589361667633,0.985029935836792,0.8961792588233948
YHR061C,YOR228C,0,0.72642165,0.09921592473983765,0.985029935836792,0.8962792754173279
YJL012C-A,YNL185C,0,0.72636855,0.09920594841241837,0.985029935836792,0.896379292011261
YGL211W,YBR168W,0,0.7261009,0.09919597953557968,0.985029935836792,0.8964793086051941
YEL029C,YIR011C,0,0.72533154,0.099186010658741,0.985029935836792,0.8965793251991272
YLR410W-A,YDR075W,0,0.72524256,0.09917604178190231,0.985029935836792,0.8966793417930603
YLR189C,YLR042C,0,0.72516364,0.09916608035564423,0.985029935836792,0.8967793583869934
YDR287W,YNL268W,0,0.7250574,0.09915611892938614,0.985029935836792,0.8968793749809265
YPR158C-C,YDR226W,0,0.7247255,0.09914615750312805,0.985029935836792,0.8969793915748596
YKL200C,YMR109W,0,0.7240344,0.09913619607686996,0.985029935836792,0.8970794081687927
YOR142W-B,YMR176W,0,0.7213571,0.09912624210119247,0.985029935836792,0.8971794247627258
YCR060W,YEL039C,0,0.7212891,0.09911628812551498,0.985029935836792,0.8972794413566589
YDR098C-B,YBR169C,0,0.7212403,0.0991063341498375,0.985029935836792,0.897379457950592
YMR061W,YGR161W-B,0,0.72100556,0.0990963876247406,0.985029935836792,0.8974794745445251
YNL054W-B,YNL153C,0,0.7205554,0.09908643364906311,0.985029935836792,0.8975794911384583
YEL012W,YCL024W,0,0.72054756,0.09907648712396622,0.985029935836792,0.8976795077323914
YJL129C,YNL054W-B,0,0.7205366,0.09906654804944992,0.985029935836792,0.8977795839309692
YLR363C,YFL011W-A,0,0.72015333,0.09905660152435303,0.985029935836792,0.8978796005249023
YLR448W,YBR166C,0,0.7190879,0.09904666244983673,0.985029935836792,0.8979796171188354
YDR421W,YJL167W,0,0.7187774,0.09903672337532043,0.985029935836792,0.8980796337127686
YBR205W,YLR299W,0,0.71867466,0.09902679175138474,0.985029935836792,0.8981796503067017
YOR174W,YDR098C-A,0,0.71790975,0.09901685267686844,0.985029935836792,0.8982796669006348
YDR316W-A,YIL084C,0,0.71763206,0.09900692105293274,0.985029935836792,0.8983796834945679
YGL142C,YDR074W,0,0.7160586,0.09899698942899704,0.985029935836792,0.898479700088501
YOR343W-A,YAL054C,0,0.71579236,0.09898706525564194,0.985029935836792,0.8985797166824341
YPR158W-B,YJL095W,0,0.7152048,0.09897713363170624,0.985029935836792,0.8986797332763672
YCR091W,YMR099C,0,0.71347404,0.09896720945835114,0.985029935836792,0.8987797498703003
YGL084C,YGR161W-B,0,0.7129849,0.09895728528499603,0.985029935836792,0.8988797664642334
YML120C,YCR094W,0,0.7129737,0.09894736856222153,0.985029935836792,0.8989797830581665
YDR018C,YGR161W-B,0,0.71210015,0.09893745183944702,0.985029935836792,0.8990797996520996
YDR365W-A,YNL048W,0,0.7116114,0.09892753511667252,0.985029935836792,0.8991798162460327
YDR316W-B,YAL068C,0,0.7114388,0.09891761839389801,0.985029935836792,0.8992798328399658
YPL085W,YPR158C-C,0,0.71133256,0.0989077091217041,0.985029935836792,0.8993798494338989
YNR052C,YFL002W-B,0,0.7101778,0.0988977923989296,0.985029935836792,0.8994799256324768
YJL117W,YKL064W,0,0.70959604,0.09888789057731628,0.985029935836792,0.8995799422264099
YKL058W,YJL056C,0,0.7094058,0.09887798130512238,0.985029935836792,0.899679958820343
YGR161W-A,YDR233C,0,0.7093219,0.09886807203292847,0.985029935836792,0.8997799754142761
YBR052C,YLR175W,0,0.7093158,0.09885817021131516,0.985029935836792,0.8998799920082092
YDR056C,YPR097W,0,0.70901227,0.09884827584028244,0.985029935836792,0.8999800086021423
YDR347W,YDR236C,0,0.70701206,0.09883837401866913,0.985029935836792,0.9000800251960754
YGL084C,YBR118W,0,0.70604235,0.09882847964763641,0.985029935836792,0.9001800417900085
YNR002C,YDR210C-D,0,0.70597243,0.0988185852766037,0.985029935836792,0.9002800583839417
YNL176C,YGR035C,0,0.70562696,0.09880869090557098,0.985029935836792,0.9003800749778748
YGR068C,YNL056W,1,0.7054957,0.09889890253543854,0.9860279560089111,0.9003800749778748
YOR087W,YDR424C,0,0.70542145,0.09888900071382523,0.9860279560089111,0.9004800915718079
YDR098C-B,YER171W,0,0.705285,0.09887910634279251,0.9860279560089111,0.900580108165741
YDR210C-D,YER171W,0,0.70337605,0.0988692119717598,0.9860279560089111,0.9006801247596741
YDL076C,YLR006C,0,0.70336545,0.09885931760072708,0.9860279560089111,0.9007801413536072
YOL103W-A,YNL231C,0,0.70287585,0.09884942322969437,0.9860279560089111,0.9008801579475403
YOR348C,YDR098C-A,0,0.70268023,0.09883953630924225,0.9860279560089111,0.9009801745414734
YGL136C,YAR070W-A,0,0.70183706,0.09882964938879013,0.9860279560089111,0.9010801911354065
YBR286W,YDR381C-A,0,0.70183706,0.09881976246833801,0.9860279560089111,0.9011802077293396
YAR070W-A,YER013W,0,0.70183706,0.09880988299846649,0.9860279560089111,0.9012802839279175
YHR214W-G,YHR190W,0,0.70183706,0.09880000352859497,0.9860279560089111,0.9013803005218506
YAR070W-A,YGR217W,0,0.70183706,0.09879012405872345,0.9860279560089111,0.9014803171157837
YBR115C,YGL258W-A,0,0.70183706,0.09878024458885193,0.9860279560089111,0.9015803337097168
YHR214W-G,YNL081C,0,0.70183706,0.098770372569561,0.9860279560089111,0.9016803503036499
YJL062W-A,YJL144W,0,0.70183706,0.09876049309968948,0.9860279560089111,0.901780366897583
YDR014W-A,YNL212W,0,0.70183706,0.09875062108039856,0.9860279560089111,0.9018803834915161
YGL258W-A,YDR483W,0,0.70183706,0.09874075651168823,0.9860279560089111,0.9019804000854492
YBL101W-A,YLR403W,0,0.70183706,0.0987308919429779,0.9860279560089111,0.9020804166793823
YBR233W-A,YHR020W,0,0.70183706,0.09872101992368698,0.9860279560089111,0.9021804332733154
YGL226C-A,YAR070W-A,0,0.70183706,0.09871116280555725,0.9860279560089111,0.9022804498672485
YGL006W,YLR227W-B,0,0.70183706,0.09870129823684692,0.9860279560089111,0.9023804664611816
YHR059W,YAR070W-A,0,0.70183706,0.0986914411187172,0.9860279560089111,0.9024804830551147
YMR243C,YDR210W-C,0,0.70183706,0.09868158400058746,0.9860279560089111,0.9025804996490479
YKR101W,YCL048W-A,0,0.70183706,0.09867172688245773,0.9860279560089111,0.902680516242981
YKL183W,YNL284C-A,0,0.70183706,0.098661869764328,0.9860279560089111,0.9027805328369141
YHR039C-B,YPR022C,1,0.70183706,0.09875187277793884,0.9870259761810303,0.9027805328369141
YOR343C-A,YBL024W,0,0.70183706,0.09874201565980911,0.9870259761810303,0.9028805494308472
YFL066C,YJL133C-A,0,0.70183706,0.09873215854167938,0.9870259761810303,0.902980625629425
YER137C-A,YCL026C-B,0,0.70183706,0.09872230142354965,0.9870259761810303,0.9030806422233582
YNL284C-A,YIL064W,0,0.70183706,0.09871244430541992,0.9870259761810303,0.9031806588172913
YAL021C,YER053C-A,0,0.70183706,0.09870259463787079,0.9870259761810303,0.9032806754112244
YCR077C,YCL048W-A,0,0.70183706,0.09869274497032166,0.9870259761810303,0.9033806920051575
YBL101W-A,YKL196C,0,0.70183706,0.09868289530277252,0.9870259761810303,0.9034807085990906
YBL101W-B,YLR115W,0,0.70183706,0.09867305308580399,0.9870259761810303,0.9035807251930237
YDR362C,YML045W-A,0,0.70183706,0.09866321086883545,0.9870259761810303,0.9036807417869568
YGR081C,YJL133C-A,0,0.70183706,0.09865336865186691,0.9870259761810303,0.9037807583808899
YHR214W-G,YMR065W,0,0.70183706,0.09864352643489838,0.9870259761810303,0.903880774974823
YFR024C,YDR365W-A,0,0.70183706,0.09863369166851044,0.9870259761810303,0.9039807915687561
YNL117W,YML045W-A,0,0.70183706,0.0986238569021225,0.9870259761810303,0.9040808081626892
YDR074W,YDR210W-C,0,0.70183706,0.09861402213573456,0.9870259761810303,0.9041808247566223
YCL048W-A,YBL085W,0,0.70183706,0.09860418736934662,0.9870259761810303,0.9042808413505554
YDR014W-A,YMR303C,0,0.70183706,0.09859436005353928,0.9870259761810303,0.9043808579444885
YKR009C,YHR214W-G,0,0.70183706,0.09858453273773193,0.9870259761810303,0.9044808745384216
YKR095W-A,YMR226C,0,0.70183706,0.09857470542192459,0.9870259761810303,0.9045808911323547
YDL129W,YHR039C-B,1,0.70183706,0.0986645370721817,0.9880239367485046,0.9045808911323547
YNL128W,YER053C-A,0,0.70183706,0.09865470975637436,0.9880239367485046,0.9046809077262878
YFR008W,YGL258W-A,0,0.70183706,0.09864487498998642,0.9880239367485046,0.9047809839248657
YDR449C,YDR381C-A,0,0.70183706,0.09863504767417908,0.9880239367485046,0.9048810005187988
YDR014W-A,YDL208W,0,0.70183706,0.09862522780895233,0.9880239367485046,0.9049810171127319
YOL053C-A,YMR210W,0,0.70183706,0.09861540049314499,0.9880239367485046,0.905081033706665
YLR158C,YMR122W-A,0,0.70183706,0.09860558062791824,0.9880239367485046,0.9051810503005981
YBL101W-B,YMR225C,0,0.70183706,0.0985957607626915,0.9880239367485046,0.9052810668945312
YCL048W-A,YNL119W,0,0.70183706,0.09858594089746475,0.9880239367485046,0.9053810834884644
YCL012W,YMR226C,0,0.70183706,0.098576121032238,0.9880239367485046,0.9054811000823975
YBL029C-A,YLR023C,0,0.70183706,0.09856630861759186,0.9880239367485046,0.9055811166763306
YPL189C-A,YAR009C,0,0.70183706,0.09855649620294571,0.9880239367485046,0.9056811332702637
YLR154W-A,YNL190W,0,0.70183706,0.09854668378829956,0.9880239367485046,0.9057811498641968
YOR343C-A,YIL115C,0,0.70183706,0.09853687882423401,0.9880239367485046,0.9058811664581299
YKL096W-A,YCL048W-A,0,0.70183706,0.09852706640958786,0.9880239367485046,0.905981183052063
YHR214W-G,YHR039C-A,0,0.70183706,0.0985172688961029,0.9880239367485046,0.9060811996459961
YBR074W,YJL133C-A,0,0.70183706,0.09850746393203735,0.9880239367485046,0.9061812162399292
YOR262W,YJL133C-A,0,0.70183706,0.0984976589679718,0.9880239367485046,0.9062812328338623
YCL003W,YDR387C,0,0.70183706,0.09848786145448685,0.9880239367485046,0.9063812494277954
YCR107W,YER053C-A,0,0.70183706,0.09847806394100189,0.9880239367485046,0.9064813256263733
YDR057W,YML045W-A,0,0.70183706,0.09846827387809753,0.9880239367485046,0.9065813422203064
YLR329W,YDR014W-A,0,0.70183706,0.09845847636461258,0.9880239367485046,0.9066813588142395
YDL134C-A,YMR045C,0,0.70183706,0.09844868630170822,0.9880239367485046,0.9067813754081726
YBR200W-A,YPL002C,0,0.70183706,0.09843889623880386,0.9880239367485046,0.9068813920021057
YKL010C,YOR142W-B,0,0.70183706,0.0984291136264801,0.9880239367485046,0.9069814085960388
YDR381C-A,YCR087C-A,0,0.70183706,0.09841932356357574,0.9880239367485046,0.9070814251899719
YPL203W,YGL258W-A,0,0.70183706,0.09840954095125198,0.9880239367485046,0.907181441783905
YMR195W,YNL284C-A,0,0.70183706,0.09839975833892822,0.9880239367485046,0.9072814583778381
YGR054W,YER053C-A,0,0.70183706,0.09838998317718506,0.9880239367485046,0.9073814749717712
YOR343C-A,YDR487C,0,0.70183706,0.0983802080154419,0.9880239367485046,0.9074814915657043
YMR051C,YPL096C-A,0,0.70183706,0.09837043285369873,0.9880239367485046,0.9075815081596375
YCR002C,YJL133C-A,0,0.70183706,0.09836065769195557,0.9880239367485046,0.9076815247535706
YHR214W-G,YLR391W-A,0,0.70183706,0.0983508825302124,0.9880239367485046,0.9077815413475037
YJR033C,YGR161C-D,0,0.70183706,0.09834111481904984,0.9880239367485046,0.9078815579414368
YKL097W-A,YGL010W,0,0.70183706,0.09833134710788727,0.9880239367485046,0.9079815745353699
YGL258W-A,YDL175C,0,0.70183706,0.0983215793967247,0.9880239367485046,0.908081591129303
YAR070W-A,YHL034C,0,0.70183706,0.09831181913614273,0.9880239367485046,0.9081816077232361
YDR014W-A,YHR073W,0,0.70183706,0.09830205887556076,0.9880239367485046,0.908281683921814
YLR318W,YOR343C-A,0,0.70183706,0.09829229861497879,0.9880239367485046,0.9083817005157471
YOL053C-A,YNL146W,0,0.70183706,0.09828253835439682,0.9880239367485046,0.9084817171096802
YCR055C,YLR256W-A,0,0.70183706,0.09827277809381485,0.9880239367485046,0.9085817337036133
YHR214W-G,YKL173W,0,0.70183706,0.09826302528381348,0.9880239367485046,0.9086817502975464
YDR244W,YGL258W-A,0,0.70183706,0.0982532724738121,0.9880239367485046,0.9087817668914795
YLR154W-A,YDL245C,0,0.70183706,0.09824352711439133,0.9880239367485046,0.9088817834854126
YKR049C,YDR381C-A,0,0.70183706,0.09823377430438995,0.9880239367485046,0.9089818000793457
YMR078C,YBL101W-B,0,0.70183706,0.09822402894496918,0.9880239367485046,0.9090818166732788
YBL029C-A,YAR009C,0,0.70183706,0.0982142835855484,0.9880239367485046,0.9091818332672119
YBL029C-A,YCL036W,0,0.70183706,0.09820454567670822,0.9880239367485046,0.909281849861145
YCL066W,YDR381C-A,0,0.70183706,0.09819480031728745,0.9880239367485046,0.9093818664550781
YCL025C,YDR381C-A,0,0.70183706,0.09818506240844727,0.9880239367485046,0.9094818830490112
YHR214W-G,YLR227W-A,0,0.70183706,0.09817532449960709,0.9880239367485046,0.9095818996429443
YPL161C,YJL133C-A,0,0.70183706,0.0981655940413475,0.9880239367485046,0.9096819162368774
YKL138C-A,YDR115W,0,0.70183706,0.09815585613250732,0.9880239367485046,0.9097819328308105
YDL098C,YGL258W-A,0,0.70183706,0.09814612567424774,0.9880239367485046,0.9098819494247437
YCR097WB,YNL054W-B,0,0.70183706,0.09813640266656876,0.9880239367485046,0.9099820256233215
YOL126C,YDR210W-C,0,0.70183706,0.09812667220830917,0.9880239367485046,0.9100820422172546
YNL212W,YML045W-A,0,0.70183706,0.09811694920063019,0.9880239367485046,0.9101820588111877
YOL053C-A,YDR365W-A,0,0.70183706,0.0981072261929512,0.9880239367485046,0.9102820754051208
YBR233W-A,YBL112C,0,0.70183706,0.09809750318527222,0.9880239367485046,0.910382091999054
YDR082W,YAR070W-A,0,0.70183706,0.09808778017759323,0.9880239367485046,0.9104821085929871
YJL045W,YCR058C,0,0.70183706,0.09807806462049484,0.9880239367485046,0.9105821251869202
YGR272C,YNL046W,0,0.70183706,0.09806834906339645,0.9880239367485046,0.9106821417808533
YCR058C,YOL092W,0,0.70183706,0.09805863350629807,0.9880239367485046,0.9107821583747864
YER108C,YLR040C,0,0.70183706,0.09804892539978027,0.9880239367485046,0.9108821749687195
YOL107W,YKR095W-A,0,0.70183706,0.09803921729326248,0.9880239367485046,0.9109821915626526
YCL048W-A,YDR325W,0,0.70183706,0.09802950918674469,0.9880239367485046,0.9110822081565857
YBL101W-B,YKL110C,0,0.70183706,0.0980198010802269,0.9880239367485046,0.9111822247505188
YOR343C-A,YNL055C,0,0.70183706,0.0980101004242897,0.9880239367485046,0.9112822413444519
YHR214W-G,YDR451C,0,0.70183706,0.09800039231777191,0.9880239367485046,0.911382257938385
YOL086W-A,YMR046C,0,0.70183706,0.09799069911241531,0.9880239367485046,0.9114822745323181
YGR272C,YDL129W,1,0.70183706,0.09807997196912766,0.9890219569206238,0.9114822745323181
YMR127C,YCL048W-A,0,0.70183706,0.09807026386260986,0.9890219569206238,0.9115822911262512
YBL101W-B,YJR082C,0,0.70183706,0.09806055575609207,0.9890219569206238,0.9116823077201843
YER164W,YDR098C-A,0,0.70183706,0.09805085510015488,0.9890219569206238,0.9117823839187622
YNL284C-A,YAL068C,0,0.70183706,0.09804115444421768,0.9890219569206238,0.9118824005126953
YJR134C,YCL048W-A,0,0.70183706,0.09803145378828049,0.9890219569206238,0.9119824171066284
YGL258W-A,YBL023C,0,0.70183706,0.09802176058292389,0.9890219569206238,0.9120824337005615
YDL038C,YHL009W-B,0,0.70183706,0.09801206737756729,0.9890219569206238,0.9121824502944946
YKL199C,YKR096W,0,0.70183706,0.0980023741722107,0.9890219569206238,0.9122824668884277
YDR210W-C,YHR073W,0,0.70183706,0.0979926809668541,0.9890219569206238,0.9123824834823608
YHR013C,YER053C-A,0,0.70183706,0.0979829952120781,0.9890219569206238,0.912482500076294
YDR098C-A,YOR396W,0,0.70183706,0.0979733094573021,0.9890219569206238,0.912582516670227
YER017C,YJL133C-A,0,0.70183706,0.09796362370252609,0.9890219569206238,0.9126825332641602
YDL021W,YGL139W,0,0.70171344,0.09795393794775009,0.9890219569206238,0.9127825498580933
YPR158C-C,YNL135C,0,0.7015631,0.09794425964355469,0.9890219569206238,0.9128825664520264
YOR389W,YCL043C,0,0.7015529,0.09793458133935928,0.9890219569206238,0.9129825830459595
YNL291C,YMR115W,0,0.70117295,0.09792490303516388,0.9890219569206238,0.9130825996398926
YDL217C,YPR137C-A,0,0.69933563,0.09791522473096848,0.9890219569206238,0.9131826162338257
YDR365W-A,YER102W,0,0.6993182,0.09790555387735367,0.9890219569206238,0.9132826328277588
YLR292C,YKL158W,0,0.6993073,0.09789588302373886,0.9890219569206238,0.9133826494216919
YLL043W,YAL017W,0,0.6989078,0.09788621217012405,0.9890219569206238,0.9134827256202698
YGR161W-B,YHR129C,0,0.69878614,0.09787654131650925,0.9890219569206238,0.9135827422142029
YPL257W-B,YAL013W,0,0.69865716,0.09786687791347504,0.9890219569206238,0.913682758808136
YKL029C,YEL062W,0,0.6982068,0.09785721451044083,0.9890219569206238,0.9137827754020691
YGR020C,YJR022W,0,0.6980693,0.09784755110740662,0.9890219569206238,0.9138827919960022
YDR419W,YGR109W-B,0,0.6975761,0.0978378877043724,0.9890219569206238,0.9139828085899353
YDR034C-C,YER048W-A,0,0.697561,0.09782823175191879,0.9890219569206238,0.9140828251838684
YDR316W-A,YGL093W,0,0.6968976,0.09781857579946518,0.9890219569206238,0.9141828417778015
YOR078W,YLR227W-A,0,0.69651306,0.09780891984701157,0.9890219569206238,0.9142828583717346
YGL098W,YPL113C,0,0.6961895,0.09779927134513855,0.9890219569206238,0.9143828749656677
YDR009W,YNR043W,0,0.69533527,0.09778961539268494,0.9890219569206238,0.9144828915596008
YLR004C,YEL048C,0,0.6946267,0.09777996689081192,0.9890219569206238,0.9145829081535339
YNL175C,YDR261W-B,0,0.69441116,0.0977703258395195,0.9890219569206238,0.914682924747467
YER159C-A,YBR162C,0,0.6942328,0.09776067733764648,0.9890219569206238,0.9147829413414001
YML034W,YPR196W,0,0.69410527,0.09775103628635406,0.9890219569206238,0.9148829579353333
YPR158C-C,YER102W,0,0.6933526,0.09774139523506165,0.9890219569206238,0.9149829745292664
YPR137C-B,YDR028C,0,0.6924797,0.09773175418376923,0.9890219569206238,0.9150829911231995
YOL129W,YDR179C,0,0.6922138,0.0977221205830574,0.9890219569206238,0.9151830077171326
YOL103W-A,YLR050C,0,0.6918875,0.09771247953176498,0.9890219569206238,0.9152830839157104
YLR448W,YOR262W,0,0.6904658,0.09770284593105316,0.9890219569206238,0.9153831005096436
YGL123W,YLR277C,0,0.6894751,0.09769321978092194,0.9890219569206238,0.9154831171035767
YKR078W,YGR056W,0,0.6894176,0.09768358618021011,0.9890219569206238,0.9155831336975098
YNL054W-A,YAL039C,0,0.6882951,0.09767396003007889,0.9890219569206238,0.9156831502914429
YMR290C,YMR087W,0,0.6873903,0.09766433387994766,0.9890219569206238,0.915783166885376
YGR161W-B,YNR047W,0,0.68714267,0.09765470772981644,0.9890219569206238,0.9158831834793091
YKR066C,YGL157W,0,0.68691015,0.09764508903026581,0.9890219569206238,0.9159832000732422
YNL054W-B,YHR207C,0,0.6867767,0.09763547033071518,0.9890219569206238,0.9160832166671753
YNR031C,YHL009W-B,0,0.68609166,0.09762585163116455,0.9890219569206238,0.9161832332611084
YHL038C,YNL024C,0,0.68587786,0.09761623293161392,0.9890219569206238,0.9162832498550415
YDR365W-A,YNL159C,0,0.6852879,0.09760662168264389,0.9890219569206238,0.9163832664489746
YNL054W-B,YOR206W,0,0.68455565,0.09759700298309326,0.9890219569206238,0.9164832830429077
YER137C-A,YHR207C,0,0.684424,0.09758739173412323,0.9890219569206238,0.9165832996368408
YGR161W-B,YHR001W-A,0,0.68357944,0.0975777879357338,0.9890219569206238,0.9166833162307739
YBL063W,YGR161C-D,0,0.68353814,0.09756817668676376,0.9890219569206238,0.916783332824707
YDR365W-A,YER129W,0,0.682696,0.09755857288837433,0.9890219569206238,0.9168833494186401
YDR172W,YDR210C-D,0,0.68229735,0.0975489690899849,0.9890219569206238,0.916983425617218
YGR109W-A,YIL108W,0,0.6821631,0.09753937274217606,0.9890219569206238,0.9170834422111511
YDR210C-C,YDR170W-A,0,0.68201625,0.09752976894378662,0.9890219569206238,0.9171834588050842
YMR211W,YIL094C,0,0.68144333,0.09752017259597778,0.9890219569206238,0.9172834753990173
YDL085W,YER123W,0,0.68126965,0.09751057624816895,0.9890219569206238,0.9173834919929504
YPR034W,YLR256W-A,0,0.6802691,0.0975009873509407,0.9890219569206238,0.9174835085868835
YML104C,YFL002W-B,0,0.6802385,0.09749139100313187,0.9890219569206238,0.9175835251808167
YNL145W,YDL130W-A,0,0.68009496,0.09748180210590363,0.9890219569206238,0.9176835417747498
YNL325C,YDR365W-A,0,0.67971814,0.09747221320867538,0.9890219569206238,0.9177835583686829
YPR137C-B,YJR022W,0,0.6793673,0.09746262431144714,0.9890219569206238,0.917883574962616
YLR410W-B,YNL001W,0,0.678865,0.0974530428647995,0.9890219569206238,0.9179835915565491
YIR037W,YDR093W,0,0.67863774,0.09744346141815186,0.9890219569206238,0.9180836081504822
YOR343W-B,YPR192W,0,0.6784284,0.09743387997150421,0.9890219569206238,0.9181836247444153
YML021C,YKR034W,0,0.6783852,0.09742429852485657,0.9890219569206238,0.9182836413383484
YCR024C,YPL131W,0,0.67816126,0.09741472452878952,0.9890219569206238,0.9183836579322815
YPR158C-D,YOR193W,0,0.6780124,0.09740515053272247,0.9890219569206238,0.9184836745262146
YIL035C,YHR072W-A,1,0.67782545,0.09749385714530945,0.9900199770927429,0.9184836745262146
YNL054W-A,YOR209C,0,0.6775105,0.0974842756986618,0.9900199770927429,0.9185836911201477
YDR137W,YLR208W,0,0.6774734,0.09747469425201416,0.9900199770927429,0.9186837077140808
YEL019C,YOR142W-B,0,0.6774056,0.09746512025594711,0.9900199770927429,0.9187837839126587
YGR057C,YPL163C,0,0.67653847,0.09745554625988007,0.9900199770927429,0.9188838005065918
YPL007C,YJL053W,0,0.6763554,0.09744597226381302,0.9900199770927429,0.9189838171005249
YOR192C-A,YER087W,0,0.6748352,0.09743639826774597,0.9900199770927429,0.919083833694458
YHR129C,YDR210W-B,0,0.6747977,0.09742683172225952,0.9900199770927429,0.9191838502883911
YER126C,YER159C-A,0,0.6746882,0.09741726517677307,0.9900199770927429,0.9192838668823242
YLR410W-A,YJR046W,0,0.6744323,0.09740769863128662,0.9900199770927429,0.9193838834762573
YPR158C-D,YNL102W,0,0.6744253,0.09739813208580017,0.9900199770927429,0.9194839000701904
YPR158C-C,YDR371W,0,0.6742668,0.09738857299089432,0.9900199770927429,0.9195839166641235
YDR210C-C,YMR242C,0,0.67334646,0.09737901389598846,0.9900199770927429,0.9196839332580566
YLR258W,YOR343W-A,0,0.6731049,0.09736945480108261,0.9900199770927429,0.9197839498519897
YOR272W,YNL010W,0,0.6725807,0.09735989570617676,0.9900199770927429,0.9198839664459229
YPR158W-B,YEL013W,0,0.6723876,0.0973503440618515,0.9900199770927429,0.919983983039856
YIL172C,YDR098C-B,0,0.6715058,0.09734079241752625,0.9900199770927429,0.9200839996337891
YDR098C-A,YOR356W,0,0.6714603,0.09733124077320099,0.9900199770927429,0.9201840162277222
YDR210C-D,YMR168C,0,0.6712589,0.09732168912887573,0.9900199770927429,0.9202840328216553
YCL017C,YGR161C-D,0,0.6711776,0.09731214493513107,0.9900199770927429,0.9203840494155884
YKL080W,YJR013W,0,0.6711525,0.09730260074138641,0.9900199770927429,0.9204841256141663
YBR149W,YDR098C-A,0,0.6703354,0.09729305654764175,0.9900199770927429,0.9205841422080994
YGR020C,YGR109W-B,0,0.6702186,0.0972835123538971,0.9900199770927429,0.9206841588020325
YOL086W-A,YDR416W,0,0.67007315,0.09727397561073303,0.9900199770927429,0.9207841753959656
YCL044C,YLL048C,0,0.6698184,0.09726443886756897,0.9900199770927429,0.9208841919898987
YPR158C-C,YER168C,0,0.66960895,0.09725490212440491,0.9900199770927429,0.9209842085838318
YDR098C-A,YIL079C,0,0.66930926,0.09724536538124084,0.9900199770927429,0.9210842251777649
YDR365W-A,YHL016C,0,0.6692797,0.09723583608865738,0.9900199770927429,0.921184241771698
YLR227W-A,YFR038W,0,0.6691779,0.09722630679607391,0.9900199770927429,0.9212842583656311
YFR052W,YPL018W,0,0.66906935,0.09721677750349045,0.9900199770927429,0.9213842749595642
YML054C,YDR098C-A,0,0.66893166,0.09720724821090698,0.9900199770927429,0.9214842915534973
YHR214C-C,YDR222W,0,0.66891015,0.09719772636890411,0.9900199770927429,0.9215843081474304
YML045W,YLR045C,0,0.6687926,0.09718820452690125,0.9900199770927429,0.9216843247413635
YGR161W-A,YGR218W,0,0.6687598,0.09717868268489838,0.9900199770927429,0.9217843413352966
YNL007C,YHR110W,0,0.66875494,0.09716916084289551,0.9900199770927429,0.9218843579292297
YJR031C,YPL257W-A,0,0.66836,0.09715964645147324,0.9900199770927429,0.9219843745231628
YGR253C,YFL002W-B,0,0.66795594,0.09715013206005096,0.9900199770927429,0.922084391117096
YOR142W-A,YPR068C,0,0.6676134,0.09714061766862869,0.9900199770927429,0.922184407711029
YNL054W-A,YIL052C,0,0.66754276,0.09713111072778702,0.9900199770927429,0.9222844839096069
YDR316W-B,YOR162C,0,0.66738594,0.09712159633636475,0.9900199770927429,0.92238450050354
YNL213C,YDR261C-D,0,0.6669406,0.09711208939552307,0.9900199770927429,0.9224845170974731
YGR161W-B,YCR005C,0,0.6668676,0.0971025824546814,0.9900199770927429,0.9225845336914062
YKL095W,YDR210C-D,0,0.6668507,0.09709308296442032,0.9900199770927429,0.9226845502853394
YNL054W-A,YOR244W,0,0.66651237,0.09708357602357864,0.9900199770927429,0.9227845668792725
YGL231C,YOR249C,0,0.66648865,0.09707407653331757,0.9900199770927429,0.9228845834732056
YDR170W-A,YKL085W,0,0.6662432,0.09706457704305649,0.9900199770927429,0.9229846000671387
YBL052C,YER137C-A,0,0.66607904,0.09705508500337601,0.9900199770927429,0.9230846166610718
YNL054W-B,YBR198C,0,0.66586816,0.09704558551311493,0.9900199770927429,0.9231846332550049
YDR381W,YER137C-A,0,0.66559505,0.09703609347343445,0.9900199770927429,0.923284649848938
YMR282C,YOL103W-A,0,0.6655748,0.09702660143375397,0.9900199770927429,0.9233846664428711
YDR316W-A,YMR094W,0,0.6655357,0.09701711684465408,0.9900199770927429,0.9234846830368042
YMR042W,YGR161W-B,0,0.6653937,0.0970076248049736,0.9900199770927429,0.9235846996307373
YDR316W-A,YNL243W,0,0.66526556,0.09699814021587372,0.9900199770927429,0.9236847162246704
YGL151W,YDR052C,0,0.66519094,0.09698865562677383,0.9900199770927429,0.9237847328186035
YJL221C,YPR137C-B,0,0.66502583,0.09697917848825455,0.9900199770927429,0.9238847494125366
YDR018C,YPL257W-B,0,0.6650077,0.09696969389915466,0.9900199770927429,0.9239848256111145
YNL284C-B,YNL166C,0,0.66483206,0.09696021676063538,0.9900199770927429,0.9240848422050476
YLR410W-B,YGL129C,0,0.66482943,0.09695073962211609,0.9900199770927429,0.9241848587989807
YOR343W-B,YCR004C,0,0.66478574,0.0969412699341774,0.9900199770927429,0.9242848753929138
YPL038W,YLR410W-B,0,0.66474044,0.09693179279565811,0.9900199770927429,0.9243848919868469
YPL126W,YPR137C-A,0,0.66472626,0.09692232310771942,0.9900199770927429,0.92448490858078
YEL037C,YLR227W-B,0,0.66460764,0.09691285341978073,0.9900199770927429,0.9245849251747131
YOR142W,YFL002W-B,0,0.664587,0.09690339118242264,0.9900199770927429,0.9246849417686462
YDR316W-B,YFR027W,0,0.6644486,0.09689392149448395,0.9900199770927429,0.9247849583625793
YHR080C,YJL094C,0,0.66432554,0.09688445925712585,0.9900199770927429,0.9248849749565125
YDR273W,YFL002W-B,0,0.664245,0.09687499701976776,0.9900199770927429,0.9249849915504456
YNL218W,YPR137C-B,0,0.6642313,0.09686554223299026,0.9900199770927429,0.9250850081443787
YPL257W-B,YBR026C,0,0.66422963,0.09685607999563217,0.9900199770927429,0.9251850247383118
YDR034C-C,YNR028W,0,0.664199,0.09684662520885468,0.9900199770927429,0.9252850413322449
YPR158C-D,YJL102W,0,0.6641923,0.09683717042207718,0.9900199770927429,0.925385057926178
YPL031C,YNR048W,0,0.6635207,0.09682772308588028,0.9900199770927429,0.9254850745201111
YMR316W,YMR099C,0,0.6618259,0.09681826829910278,0.9900199770927429,0.9255850911140442
YKL125W,YCR073C,1,0.6599051,0.09690640866756439,0.9910179376602173,0.9255850911140442
YPL098C,YJL062W-A,0,0.6596824,0.0968969538807869,0.9910179376602173,0.9256851077079773
YDR518W,YCR087C-A,0,0.659291,0.0968874990940094,0.9910179376602173,0.9257851839065552
YAL010C,YNR004W,0,0.65839666,0.0968780517578125,0.9910179376602173,0.9258852005004883
YER110C,YCL060C,0,0.6567755,0.096868596971035,0.9910179376602173,0.9259852170944214
YBR130C,YLR270W,0,0.6557124,0.0968591496348381,0.9910179376602173,0.9260852336883545
YKR038C,YLR097C,0,0.65447235,0.0968497022986412,0.9910179376602173,0.9261852502822876
YPL059W,YGL061C,0,0.65377146,0.0968402549624443,0.9910179376602173,0.9262852668762207
YNL221C,YIR039C,0,0.6523107,0.096830815076828,0.9910179376602173,0.9263852834701538
YAL068C,YKL039W,0,0.65217566,0.0968213751912117,0.9910179376602173,0.9264853000640869
YML032C,YJL062W-A,0,0.65091157,0.0968119353055954,0.9910179376602173,0.92658531665802
YCL057C-A,YFL010W-A,0,0.6503782,0.0968024954199791,0.9910179376602173,0.9266853332519531
YJL073W,YLR193C,0,0.6483867,0.09679306298494339,0.9910179376602173,0.9267853498458862
YBL041W,YJR078W,0,0.6479014,0.09678362309932709,0.9910179376602173,0.9268853664398193
YHR209W,YCL074W,0,0.64769375,0.09677419066429138,0.9910179376602173,0.9269853830337524
YPL274W,YBR231C,0,0.6470326,0.09676476567983627,0.9910179376602173,0.9270853996276855
YFR013W,YPR178W,0,0.6460494,0.09675533324480057,0.9910179376602173,0.9271854162216187
YNL145W,YEL056W,0,0.6427629,0.09674590826034546,0.9910179376602173,0.9272854328155518
YOR019W,YGL076C,0,0.64149845,0.09673648327589035,0.9910179376602173,0.9273854494094849
YKL126W,YLR080W,0,0.6408913,0.09672705829143524,0.9910179376602173,0.9274855256080627
YGL037C,YKR083C,0,0.64025044,0.09671764075756073,0.9910179376602173,0.9275855422019958
YDR473C,YLR460C,0,0.63994026,0.09670822322368622,0.9910179376602173,0.927685558795929
YMR290C,YBR075W,0,0.6398304,0.0966988056898117,0.9910179376602173,0.9277855753898621
YKL045W,YDL235C,0,0.6394508,0.0966893881559372,0.9910179376602173,0.9278855919837952
YDR270W,YLR323C,0,0.6393566,0.09667997062206268,0.9910179376602173,0.9279856085777283
YGL251C,YJL172W,0,0.63707244,0.09667056053876877,0.9910179376602173,0.9280856251716614
YOR177C,YLL051C,0,0.6357973,0.09666115045547485,0.9910179376602173,0.9281856417655945
YPR118W,YBR233W-A,0,0.63429916,0.09665174037218094,0.9910179376602173,0.9282856583595276
YFL054C,YLR010C,0,0.63406086,0.09664233773946762,0.9910179376602173,0.9283856749534607
YJL221C,YOL026C,0,0.6328498,0.0966329276561737,0.9910179376602173,0.9284856915473938
YGR031C-A,YDL164C,0,0.6301633,0.09662352502346039,0.9910179376602173,0.9285857081413269
YKR103W,YBR075W,0,0.6294159,0.09661412984132767,0.9910179376602173,0.92868572473526
YJL110C,YBR100W,0,0.62939894,0.09660472720861435,0.9910179376602173,0.9287857413291931
YOL086W-A,YJR065C,0,0.629289,0.09659533202648163,0.9910179376602173,0.9288857579231262
YBR043C,YPR171W,0,0.6287987,0.09658593684434891,0.9910179376602173,0.9289857745170593
YBR173C,YMR122W-A,0,0.62826747,0.09657654166221619,0.9910179376602173,0.9290857911109924
YGL070C,YER061C,0,0.6281491,0.09656714648008347,0.9910179376602173,0.9291858077049255
YOR119C,YBR084W,0,0.6276249,0.09655775874853134,0.9910179376602173,0.9292858839035034
YNL056W,YPR100W,0,0.6272342,0.09654837101697922,0.9910179376602173,0.9293859004974365
YDR473C,YML031W,0,0.6258458,0.0965389832854271,0.9910179376602173,0.9294859170913696
YDR368W,YOR217W,0,0.62572265,0.09652960300445557,0.9910179376602173,0.9295859336853027
YMR156C,YDR168W,0,0.6248171,0.09652021527290344,0.9910179376602173,0.9296859502792358
YAR007C,YFL011W-A,0,0.6243075,0.09651083499193192,0.9910179376602173,0.929785966873169
YFL054C,YOL151W,0,0.6234936,0.09650145471096039,0.9910179376602173,0.929885983467102
YIL154C,YNL188W,0,0.6222272,0.09649208188056946,0.9910179376602173,0.9299860000610352
YOR136W,YCL075W,0,0.6217637,0.09648270159959793,0.9910179376602173,0.9300860166549683
YKL200C,YLR356W,0,0.62124294,0.096473328769207,0.9910179376602173,0.9301860332489014
YOL157C,YCR040W,0,0.6211144,0.09646395593881607,0.9910179376602173,0.9302860498428345
YPL082C,YCR073C,1,0.62032235,0.09655172377824783,0.9920159578323364,0.9302860498428345
YGR031C-A,YBR030W,0,0.6197198,0.0965423434972763,0.9920159578323364,0.9303860664367676
YIL042C,YGR165W,0,0.619419,0.09653297066688538,0.9920159578323364,0.9304860830307007
YLR102C,YDL038C,0,0.6173278,0.09652359783649445,0.9920159578323364,0.9305860996246338
YNL115C,YNL098C,0,0.6161579,0.09651422500610352,0.9920159578323364,0.9306861162185669
YGL004C,YGR031C-A,0,0.6135767,0.09650485217571259,0.9920159578323364,0.9307861328125
YCL032W,YML056C,0,0.6131058,0.09649548679590225,0.9920159578323364,0.9308861494064331
YEL019C,YDR531W,0,0.61103904,0.09648612141609192,0.9920159578323364,0.930986225605011
YIL136W,YFR032C-A,0,0.6098269,0.09647675603628159,0.9920159578323364,0.9310862421989441
YFR001W,YMR045C,0,0.6094672,0.09646739065647125,0.9920159578323364,0.9311862587928772
YDL061C,YLR239C,0,0.6086688,0.09645803272724152,0.9920159578323364,0.9312862753868103
YDR078C,YLL055W,0,0.6077147,0.09644866734743118,0.9920159578323364,0.9313862919807434
YLR295C,YHR058C,0,0.6074459,0.09643930941820145,0.9920159578323364,0.9314863085746765
YMR192W,YFR025C,0,0.60712457,0.09642995893955231,0.9920159578323364,0.9315863251686096
YER103W,YDR410C,0,0.6064235,0.09642060101032257,0.9920159578323364,0.9316863417625427
YNL240C,YPL179W,0,0.6058482,0.09641125053167343,0.9920159578323364,0.9317863583564758
YPL019C,YFL033C,0,0.6041542,0.09640190005302429,0.9920159578323364,0.9318863749504089
YJR057W,YML071C,0,0.6023261,0.09639254957437515,0.9920159578323364,0.931986391544342
YJL171C,YJL094C,0,0.60142815,0.09638320654630661,0.9920159578323364,0.9320864081382751
YLL041C,YML052W,0,0.6008061,0.09637386351823807,0.9920159578323364,0.9321864247322083
YKR049C,YJL183W,0,0.6008059,0.09636452049016953,0.9920159578323364,0.9322864413261414
YBR036C,YDR148C,0,0.5993115,0.09635517746210098,0.9920159578323364,0.9323864579200745
YHR196W,YPR022C,1,0.59663117,0.09644276648759842,0.9930139780044556,0.9323864579200745
YBL075C,YLR357W,0,0.59543717,0.09643341600894928,0.9930139780044556,0.9324864745140076
YER014C-A,YNR004W,0,0.59389764,0.09642407298088074,0.9930139780044556,0.9325864911079407
YDR251W,YNL194C,0,0.59264034,0.0964147299528122,0.9930139780044556,0.9326865077018738
YEL043W,YDL246C,0,0.5926197,0.09640538692474365,0.9930139780044556,0.9327865839004517
YDR304C,YER171W,0,0.5926196,0.09639604389667511,0.9930139780044556,0.9328866004943848
YDL017W,YLR163C,0,0.59253216,0.09638670831918716,0.9930139780044556,0.9329866170883179
YNR040W,YBR114W,0,0.5920708,0.09637737274169922,0.9930139780044556,0.933086633682251
YBL058W,YHR146W,0,0.58959687,0.09636803716421127,0.9930139780044556,0.9331866502761841
YCR030C,YBR054W,0,0.58790606,0.09635870903730392,0.9930139780044556,0.9332866668701172
YGL237C,YOR009W,0,0.5873736,0.09634937345981598,0.9930139780044556,0.9333866834640503
YBL090W,YCR047C,0,0.5870225,0.09634004533290863,0.9930139780044556,0.9334867000579834
YPR134W,YER020W,0,0.5869311,0.09633071720600128,0.9930139780044556,0.9335867166519165
YCR024C,YCR028C,0,0.58672386,0.09632139652967453,0.9930139780044556,0.9336867332458496
YLR201C,YER019C-A,0,0.5858233,0.09631206840276718,0.9930139780044556,0.9337867498397827
YBL052C,YAL062W,0,0.58508134,0.09630274772644043,0.9930139780044556,0.9338867664337158
YLR411W,YIL046W,0,0.5844771,0.09629342705011368,0.9930139780044556,0.9339867830276489
YDR320C-A,YDR388W,0,0.58055586,0.09628411382436752,0.9930139780044556,0.934086799621582
YDR322W,YBR162W-A,0,0.57868624,0.09627479314804077,0.9930139780044556,0.9341868162155151
YGL231C,YLR017W,0,0.5784719,0.09626547992229462,0.9930139780044556,0.9342868328094482
YER112W,YMR045C,0,0.575667,0.09625616669654846,0.9930139780044556,0.9343868494033813
YDR098C,YAL033W,0,0.5746275,0.09624685347080231,0.9930139780044556,0.9344869256019592
YJR149W,YPL210C,0,0.572518,0.09623754769563675,0.9930139780044556,0.9345869421958923
YDR263C,YEL044W,0,0.57188785,0.09622824192047119,0.9930139780044556,0.9346869587898254
YOR249C,YPR028W,0,0.57060313,0.09621893614530563,0.9930139780044556,0.9347869753837585
YCL008C,YPL042C,0,0.5697937,0.09620963037014008,0.9930139780044556,0.9348869919776917
YCL001W,YDL124W,0,0.567885,0.09620033204555511,0.9930139780044556,0.9349870085716248
YJL062W-A,YKL048C,0,0.5678206,0.09619102627038956,0.9930139780044556,0.9350870251655579
YCR053W,YGR181W,0,0.5677954,0.0961817279458046,0.9930139780044556,0.935187041759491
YIL124W,YDL137W,0,0.5670039,0.09617243707180023,0.9930139780044556,0.9352870583534241
YPL252C,YNL115C,0,0.5635011,0.09616313874721527,0.9930139780044556,0.9353870749473572
YLR154W-A,YHR037W,0,0.5632125,0.09615384787321091,0.9930139780044556,0.9354870915412903
YJL062W-A,YMR257C,0,0.56237817,0.09614455699920654,0.9930139780044556,0.9355871081352234
YKL097W-A,YJR153W,0,0.56127393,0.09613526612520218,0.9930139780044556,0.9356871247291565
YER056C-A,YNL274C,0,0.5598034,0.09612597525119781,0.9930139780044556,0.9357871413230896
YOR110W,YDR263C,0,0.5584092,0.09611669182777405,0.9930139780044556,0.9358871579170227
YGL219C,YPR204W,0,0.55602443,0.09610740840435028,0.9930139780044556,0.9359871745109558
YPR035W,YIL087C,0,0.5539165,0.09609812498092651,0.9930139780044556,0.9360871911048889
YGL004C,YDL145C,0,0.5535351,0.09608884900808334,0.9930139780044556,0.936187207698822
YJR096W,YKL181W,0,0.5514947,0.09607956558465958,0.9930139780044556,0.9362872838973999
YOR373W,YHL021C,0,0.5514711,0.0960702896118164,0.9930139780044556,0.936387300491333
YGR088W,YLR385C,0,0.5501996,0.09606101363897324,0.9930139780044556,0.9364873170852661
YJL062W-A,YDR030C,0,0.5496955,0.09605174511671066,0.9930139780044556,0.9365873336791992
YML021C,YJR025C,0,0.5488565,0.09604246914386749,0.9930139780044556,0.9366873502731323
YNL092W,YDR047W,0,0.54839444,0.09603320062160492,0.9930139780044556,0.9367873668670654
YDR494W,YDR107C,0,0.5482011,0.09602393209934235,0.9930139780044556,0.9368873834609985
YPR022C,YER148W,1,0.54786134,0.09611116349697113,0.9940119981765747,0.9368873834609985
YOR315W,YGR214W,0,0.54776525,0.09610188752412796,0.9940119981765747,0.9369874000549316
YPR180W,YKL171W,0,0.5468422,0.09609261900186539,0.9940119981765747,0.9370874166488647
YLR154W-A,YGL259W,0,0.54551566,0.09608335047960281,0.9940119981765747,0.9371874332427979
YBR024W,YML133C,0,0.5443147,0.09607408195734024,0.9940119981765747,0.937287449836731
YDL078C,YDR468C,0,0.5429901,0.09606481343507767,0.9940119981765747,0.9373874664306641
YDR351W,YMR302C,0,0.5421425,0.09605555236339569,0.9940119981765747,0.9374874830245972
YIL130W,YDL124W,0,0.54202414,0.09604628384113312,0.9940119981765747,0.9375874996185303
YOL124C,YLR172C,0,0.54143846,0.09603702276945114,0.9940119981765747,0.9376875162124634
YNL301C,YDR031W,0,0.53929377,0.09602776914834976,0.9940119981765747,0.9377875328063965
YJL021C,YOL145C,0,0.53921866,0.09601850807666779,0.9940119981765747,0.9378875494003296
YOR322C,YLL057C,0,0.5379051,0.0960092544555664,0.9940119981765747,0.9379876255989075
YLR154W-A,YNL052W,0,0.53582156,0.09600000083446503,0.9940119981765747,0.9380876421928406
YHR090C,YJL062W-A,0,0.5356667,0.09599074721336365,0.9940119981765747,0.9381876587867737
YOL055C,YHL008C,0,0.5350511,0.09598150104284286,0.9940119981765747,0.9382876753807068
YOL155C,YDR404C,0,0.5342034,0.09597224742174149,0.9940119981765747,0.9383876919746399
YML070W,YOL062C,0,0.53375304,0.0959630012512207,0.9940119981765747,0.938487708568573
YOR278W,YPR134W,0,0.53350073,0.09595375508069992,0.9940119981765747,0.9385877251625061
YFL035C,YJR083C,0,0.5332508,0.09594451636075974,0.9940119981765747,0.9386877417564392
YER060W-A,YMR264W,0,0.53249335,0.09593527019023895,0.9940119981765747,0.9387877583503723
YDR436W,YPL224C,0,0.5323283,0.09592603147029877,0.9940119981765747,0.9388877749443054
YOR103C,YIL135C,0,0.53225,0.09591679275035858,0.9940119981765747,0.9389877915382385
YBL041W,YOL117W,0,0.530482,0.09590756148099899,0.9940119981765747,0.9390878081321716
YNL086W,YDR439W,0,0.52884054,0.09589832276105881,0.9940119981765747,0.9391878247261047
YER131W,YAL060W,0,0.52808666,0.09588909149169922,0.9940119981765747,0.9392878413200378
YIL007C,YDR423C,0,0.5277789,0.09587986022233963,0.9940119981765747,0.939387857913971
YDR257C,YER031C,0,0.5274189,0.09587062895298004,0.9940119981765747,0.939487874507904
YOL070C,YER138C,0,0.52584493,0.09586140513420105,0.9940119981765747,0.9395878911018372
YHR105W,YGL076C,0,0.52439046,0.09585218131542206,0.9940119981765747,0.939687967300415
YML112W,YDR422C,0,0.5241946,0.09584295749664307,0.9940119981765747,0.9397879838943481
YLR381W,YKL161C,0,0.5238286,0.09583373367786407,0.9940119981765747,0.9398880004882812
YKL125W,YHR039C-B,1,0.5223961,0.09592072665691376,0.9950099587440491,0.9398880004882812
YCR097WB,YMR213W,0,0.518689,0.09591149538755417,0.9950099587440491,0.9399880170822144
YDL069C,YPR174C,0,0.51614434,0.09590227156877518,0.9950099587440491,0.9400880336761475
YGR009C,YKL069W,0,0.5161412,0.09589304774999619,0.9950099587440491,0.9401880502700806
YOR155C,YOR353C,0,0.5151625,0.0958838239312172,0.9950099587440491,0.9402880668640137
YLR304C,YDL047W,0,0.5144458,0.0958746001124382,0.9950099587440491,0.9403880834579468
YDR173C,YOL145C,0,0.5129525,0.09586538374423981,0.9950099587440491,0.9404881000518799
YGR191W,YER030W,0,0.5120213,0.09585616737604141,0.9950099587440491,0.940588116645813
YIL026C,YKL040C,0,0.511274,0.09584695100784302,0.9950099587440491,0.9406881332397461
YGL094C,YJR134C,0,0.51080436,0.09583774209022522,0.9950099587440491,0.9407881498336792
YDL022W,YDR434W,0,0.5093993,0.09582852572202682,0.9950099587440491,0.9408881664276123
YGR296W,YLR080W,0,0.5087431,0.09581931680440903,0.9950099587440491,0.9409881830215454
YNL258C,YJL155C,0,0.50760275,0.09581010788679123,0.9950099587440491,0.9410881996154785
YFL044C,YAR031W,0,0.50644064,0.09580090641975403,0.9950099587440491,0.9411882162094116
YBL098W,YOL107W,0,0.5028487,0.09579169750213623,0.9950099587440491,0.9412882328033447
YOL055C,YBR233W-A,0,0.5011436,0.09578249603509903,0.9950099587440491,0.9413882493972778
YKL138C-A,YIL101C,0,0.50082505,0.09577329456806183,0.9950099587440491,0.9414883255958557
YGL031C,YBR090C-A,0,0.50081515,0.09576409310102463,0.9950099587440491,0.9415883421897888
YGL144C,YHR194W,0,0.50046426,0.09575489908456802,0.9950099587440491,0.9416883587837219
YFL018W-A,YPR190C,0,0.5000036,0.09574570506811142,0.9950099587440491,0.941788375377655
YDL195W,YDR075W,0,0.49960566,0.09573651105165482,0.9950099587440491,0.9418883919715881
YLR284C,YPL011C,0,0.49904498,0.09572731703519821,0.9950099587440491,0.9419884085655212
YJL004C,YLL019C,0,0.4984035,0.09571812301874161,0.9950099587440491,0.9420884251594543
YPL115C,YDR533C,0,0.49669307,0.0957089364528656,0.9950099587440491,0.9421884417533875
YHR185C,YLR367W,0,0.49504292,0.0956997498869896,0.9950099587440491,0.9422884583473206
YNL092W,YDR463W,0,0.4940957,0.09569056332111359,0.9950099587440491,0.9423884749412537
YLR035C-A,YHR011W,0,0.49367106,0.09568138420581818,0.9950099587440491,0.9424884915351868
YBR245C,YPR002W,0,0.4930433,0.09567219763994217,0.9950099587440491,0.9425885081291199
YER106W,YNL135C,0,0.49292904,0.09566301852464676,0.9950099587440491,0.942688524723053
YGL168W,YIL155C,0,0.4924582,0.09565383940935135,0.9950099587440491,0.9427885413169861
YMR114C,YER048W-A,0,0.4903885,0.09564466774463654,0.9950099587440491,0.9428885579109192
YOR287C,YDL022W,0,0.48708403,0.09563548862934113,0.9950099587440491,0.9429885745048523
YBR233W-A,YJL079C,0,0.48696148,0.09562631696462631,0.9950099587440491,0.9430885910987854
YFL013C,YJR132W,0,0.4858062,0.0956171452999115,0.9950099587440491,0.9431886672973633
YOL059W,YGL194C,0,0.48565036,0.09560798108577728,0.9950099587440491,0.9432886838912964
YMR156C,YLR328W,0,0.48401225,0.09559880942106247,0.9950099587440491,0.9433887004852295
YBR238C,YPL127C,0,0.48296523,0.09558964520692825,0.9950099587440491,0.9434887170791626
YGR255C,YOL152W,0,0.4814005,0.09558048099279404,0.9950099587440491,0.9435887336730957
YPR008W,YJR139C,0,0.48130843,0.09557131677865982,0.9950099587440491,0.9436887502670288
YER161C,YHR207C,0,0.48094735,0.0955621600151062,0.9950099587440491,0.9437887668609619
YDL134C-A,YOR246C,0,0.47939348,0.09555300325155258,0.9950099587440491,0.943888783454895
YLR394W,YNL127W,0,0.47736174,0.09554384648799896,0.9950099587440491,0.9439888000488281
YPL001W,YOR131C,0,0.4769274,0.09553468972444534,0.9950099587440491,0.9440888166427612
YML059C,YHR009C,0,0.4767006,0.09552553296089172,0.9950099587440491,0.9441888332366943
YDL129W,YFL034C-A,1,0.4765202,0.09561218321323395,0.9960079789161682,0.9441888332366943
YGR260W,YNL212W,0,0.47645354,0.09560302644968033,0.9960079789161682,0.9442888498306274
YJR108W,YIL037C,0,0.47455925,0.09559386968612671,0.9960079789161682,0.9443888664245605
YEL043W,YOL062C,0,0.47302312,0.09558471292257309,0.9960079789161682,0.9444888830184937
YER081W,YMR226C,0,0.47288376,0.09557556360960007,0.9960079789161682,0.9445888996124268
YER147C,YMR166C,0,0.4728317,0.09556640684604645,0.9960079789161682,0.9446889162063599
YNL206C,YKR096W,0,0.4726327,0.09555725753307343,0.9960079789161682,0.944788932800293
YKL096W-A,YAL068C,0,0.4716816,0.0955481082201004,0.9960079789161682,0.9448889493942261
YDL175C,YER038C,0,0.47089842,0.09553895890712738,0.9960079789161682,0.944989025592804
YKL100C,YNL236W,0,0.46677113,0.09552981704473495,0.9960079789161682,0.9450890421867371
YKL174C,YBR082C,0,0.4662797,0.09552067518234253,0.9960079789161682,0.9451890587806702
YBR129C,YOL030W,0,0.46588665,0.0955115333199501,0.9960079789161682,0.9452890753746033
YOL031C,YBL038W,0,0.46494353,0.09550239145755768,0.9960079789161682,0.9453890919685364
YOR067C,YJL114W,0,0.4648404,0.09549325704574585,0.9960079789161682,0.9454891085624695
YIL150C,YIL087C,0,0.4644846,0.09548411518335342,0.9960079789161682,0.9455891251564026
YGL026C,YNL066W,0,0.46428078,0.0954749807715416,0.9960079789161682,0.9456891417503357
YIR011C,YHR047C,0,0.46378684,0.09546585381031036,0.9960079789161682,0.9457891583442688
YIR017C,YLR059C,0,0.4632214,0.09545671939849854,0.9960079789161682,0.9458891749382019
YLR264W,YDR236C,0,0.4609297,0.0954475924372673,0.9960079789161682,0.945989191532135
YHL026C,YNL012W,0,0.4588485,0.09543846547603607,0.9960079789161682,0.9460892081260681
YGR099W,YHR158C,0,0.4586412,0.09542933851480484,0.9960079789161682,0.9461892247200012
YDR423C,YPL116W,0,0.45765635,0.09542021155357361,0.9960079789161682,0.9462892413139343
YBL011W,YBR296C,0,0.45707342,0.09541109204292297,0.9960079789161682,0.9463892579078674
YNL292W,YOR386W,0,0.45606506,0.09540197253227234,0.9960079789161682,0.9464892745018005
YAL048C,YFL011W-A,0,0.4490817,0.0953928530216217,0.9960079789161682,0.9465892910957336
YBR129C,YLR259C,0,0.4476892,0.09538373351097107,0.9960079789161682,0.9466893672943115
YGL222C,YLR025W,0,0.44735286,0.09537462145090103,0.9960079789161682,0.9467893838882446
YPL157W,YDR425W,0,0.44632432,0.0953655019402504,0.9960079789161682,0.9468894004821777
YNL208W,YPL133C,0,0.4461431,0.09535638988018036,0.9960079789161682,0.9469894170761108
YDL205C,YLL004W,0,0.4459116,0.09534728527069092,0.9960079789161682,0.947089433670044
YJL012C,YHR174W,0,0.44521272,0.09533817321062088,0.9960079789161682,0.947189450263977
YCL060C,YIR011C,0,0.44514155,0.09532906860113144,0.9960079789161682,0.9472894668579102
YLR194C,YML060W,0,0.4446436,0.095319963991642,0.9960079789161682,0.9473894834518433
YIL135C,YAR018C,0,0.44150275,0.09531085938215256,0.9960079789161682,0.9474895000457764
YCR097WB,YPL139C,0,0.44090468,0.09530175477266312,0.9960079789161682,0.9475895166397095
YML036W,YNL026W,0,0.4407078,0.09529265761375427,0.9960079789161682,0.9476895332336426
YLR448W,YPR152C,0,0.43842557,0.09528356045484543,0.9960079789161682,0.9477895498275757
YLR266C,YLR314C,0,0.43678516,0.09527446329593658,0.9960079789161682,0.9478895664215088
YOR019W,YJL044C,0,0.43448806,0.09526536613702774,0.9960079789161682,0.9479895830154419
YOR075W,YJL085W,0,0.43417358,0.0952562764286995,0.9960079789161682,0.948089599609375
YFL035C-B,YHR215W,0,0.43180573,0.09524718672037125,0.9960079789161682,0.9481896162033081
YMR173W,YOR157C,0,0.42887694,0.095238097012043,0.9960079789161682,0.9482896327972412
YNL130C,YMR037C,0,0.42716447,0.09522900730371475,0.9960079789161682,0.9483896493911743
YNR013C,YFR007W,0,0.42546332,0.0952199250459671,0.9960079789161682,0.9484897255897522
YLR016C,YDR320C,0,0.4229492,0.09521083533763885,0.9960079789161682,0.9485897421836853
YIR032C,YIL046W,0,0.42251027,0.0952017530798912,0.9960079789161682,0.9486897587776184
YKR085C,YMR013C,0,0.42191935,0.09519267827272415,0.9960079789161682,0.9487897753715515
YJL012C-A,YPL042C,0,0.41998398,0.0951835960149765,0.9960079789161682,0.9488897919654846
YPR149W,YDR299W,0,0.4196023,0.09517452120780945,0.9960079789161682,0.9489898085594177
YBR149W,YMR215W,0,0.41926903,0.0951654464006424,0.9960079789161682,0.9490898251533508
YKR085C,YMR097C,0,0.41894025,0.09515637159347534,0.9960079789161682,0.9491898417472839
YBL021C,YGR271W,0,0.41817388,0.09514729678630829,0.9960079789161682,0.949289858341217
YHR002W,YER062C,0,0.41667727,0.09513822942972183,0.9960079789161682,0.9493898749351501
YNL094W,YGR070W,0,0.41366088,0.09512915462255478,0.9960079789161682,0.9494898915290833
YDR499W,YIL107C,0,0.41364914,0.09512009471654892,0.9960079789161682,0.9495899081230164
YBR257W,YBL047C,0,0.41348734,0.09511102735996246,0.9960079789161682,0.9496899247169495
YKL203C,YGR044C,0,0.4129469,0.09510196000337601,0.9960079789161682,0.9497899413108826
YDR076W,YGR094W,0,0.4098665,0.09509290009737015,0.9960079789161682,0.9498899579048157
YIR039C,YNL054W,0,0.40963134,0.09508384019136429,0.9960079789161682,0.9499899744987488
YPL209C,YNL166C,0,0.40927783,0.09507478028535843,0.9960079789161682,0.9500899910926819
YER142C,YER145C,0,0.40907377,0.09506572782993317,0.9960079789161682,0.9501900672912598
YER051W,YGL226W,0,0.4071087,0.0950566753745079,0.9960079789161682,0.9502900838851929
YCR029C-A,YBR120C,0,0.4067089,0.09504761546850204,0.9960079789161682,0.950390100479126
YDR088C,YLR312C-B,0,0.40570325,0.09503857046365738,0.9960079789161682,0.9504901170730591
YAR007C,YGR178C,0,0.4049912,0.09502951800823212,0.9960079789161682,0.9505901336669922
YFL038C,YGR272C,0,0.4048221,0.09502047300338745,0.9960079789161682,0.9506901502609253
YLR005W,YKL180W,0,0.4032663,0.09501142054796219,0.9960079789161682,0.9507901668548584
YFL037W,YPL010W,0,0.40207553,0.09500238299369812,0.9960079789161682,0.9508901834487915
YLR329W,YOR228C,0,0.39907458,0.09499333798885345,0.9960079789161682,0.9509902000427246
YJL012C-A,YGR112W,0,0.39884493,0.09498429298400879,0.9960079789161682,0.9510902166366577
YDR359C,YFL056C,0,0.3961263,0.09497525542974472,0.9960079789161682,0.9511902332305908
YBR291C,YOR002W,0,0.39460716,0.09496621787548065,0.9960079789161682,0.9512902498245239
YML059C,YDR476C,0,0.39349854,0.09495718032121658,0.9960079789161682,0.951390266418457
YGR080W,YGL127C,0,0.38783723,0.09494815021753311,0.9960079789161682,0.9514902830123901
YFL036W,YDL146W,0,0.3845783,0.09493912011384964,0.9960079789161682,0.9515902996063232
YHR076W,YDR236C,0,0.3830452,0.09493009001016617,0.9960079789161682,0.9516903162002563
YAL048C,YGL163C,0,0.38278556,0.0949210599064827,0.9960079789161682,0.9517903327941895
YJR151C,YHR149C,0,0.3826994,0.09491202980279922,0.9960079789161682,0.9518903493881226
YDL114W,YDL117W,0,0.3822688,0.09490300714969635,0.9960079789161682,0.9519904255867004
YOL059W,YNL146W,0,0.38209462,0.09489398449659348,0.9960079789161682,0.9520904421806335
YBR301W,YJL141C,0,0.3814125,0.0948849618434906,0.9960079789161682,0.9521904587745667
YOR384W,YDR168W,0,0.3813352,0.09487593919038773,0.9960079789161682,0.9522904753684998
YPL027W,YCR087C-A,0,0.38106775,0.09486691653728485,0.9960079789161682,0.9523904919624329
YBR075W,YPL101W,0,0.3757491,0.09485790133476257,0.9960079789161682,0.952490508556366
YJL143W,YGL139W,0,0.3736457,0.0948488861322403,0.9960079789161682,0.9525905251502991
YDR469W,YNL012W,0,0.37295586,0.09483987092971802,0.9960079789161682,0.9526905417442322
YBR029C,YJL071W,0,0.3702542,0.09483086317777634,0.9960079789161682,0.9527905583381653
YOL132W,YHR010W,0,0.36983082,0.09482185542583466,0.9960079789161682,0.9528905749320984
YDR359C,YIL064W,0,0.36938184,0.09481284767389297,0.9960079789161682,0.9529905915260315
YHL008C,YMR169C,0,0.36498123,0.0948038399219513,0.9960079789161682,0.9530906081199646
YEL031W,YHL021C,0,0.36439767,0.09479483217000961,0.9960079789161682,0.9531906247138977
YJR028W,YBR122C,0,0.36320162,0.09478583186864853,0.9960079789161682,0.9532906413078308
YML088W,YDL146W,0,0.36171448,0.09477683156728745,0.9960079789161682,0.9533906579017639
YHR066W,YML039W,0,0.36153752,0.09476783126592636,0.9960079789161682,0.953490674495697
YEL024W,YFL035C-B,0,0.35880405,0.09475883096456528,0.9960079789161682,0.9535906910896301
YNL007C,YIL126W,0,0.35730526,0.0947498306632042,0.9960079789161682,0.953690767288208
YMR125W,YBL091C-A,0,0.3570983,0.0947408378124237,0.9960079789161682,0.9537907838821411
YLR006C,YAL056W,0,0.35665923,0.09473184496164322,0.9960079789161682,0.9538908004760742
YDR507C,YAL016W,0,0.35630634,0.09472285211086273,0.9960079789161682,0.9539908170700073
YNL073W,YIR014W,0,0.35557976,0.09471386671066284,0.9960079789161682,0.9540908336639404
YOR260W,YIR017C,0,0.35499233,0.09470488131046295,0.9960079789161682,0.9541908502578735
YKL003C,YDR387C,0,0.35253054,0.09469588845968246,0.9960079789161682,0.9542908668518066
YDR057W,YCR093W,0,0.35114568,0.09468691051006317,0.9960079789161682,0.9543908834457397
YKL041W,YGR199W,0,0.34733245,0.09467792510986328,0.9960079789161682,0.9544909000396729
YBR069C,YJL071W,0,0.34667876,0.09466893970966339,0.9960079789161682,0.954590916633606
YGL128C,YJR004C,0,0.3459612,0.0946599617600441,0.9960079789161682,0.9546909332275391
YNL084C,YDR265W,0,0.34500128,0.0946509838104248,0.9960079789161682,0.9547909498214722
YGL236C,YMR097C,0,0.34383732,0.09464201331138611,0.9960079789161682,0.9548909664154053
YLR033W,YLR150W,0,0.34200126,0.09463303536176682,0.9960079789161682,0.9549909830093384
YJL006C,YLR154W-C,0,0.33528477,0.09462406486272812,0.9960079789161682,0.9550909996032715
YEL022W,YKL117W,0,0.33313024,0.09461509436368942,0.9960079789161682,0.9551910161972046
YGL115W,YER167W,0,0.33307526,0.09460612386465073,0.9960079789161682,0.9552910327911377
YFR049W,YGR056W,0,0.3322571,0.09459715336561203,0.9960079789161682,0.9553910493850708
YOL112W,YPR155C,0,0.3318108,0.09458819031715393,0.9960079789161682,0.9554911255836487
YLR134W,YJR034W,0,0.33166277,0.09457922726869583,0.9960079789161682,0.9555911421775818
YDL108W,YIR014W,0,0.32696533,0.09457026422023773,0.9960079789161682,0.9556911587715149
YKL085W,YFL001W,0,0.32639998,0.09456130117177963,0.9960079789161682,0.955791175365448
YJR109C,YGL063W,0,0.32290542,0.09455234557390213,0.9960079789161682,0.9558911919593811
YOR038C,YAL068C,0,0.32279396,0.09454338997602463,0.9960079789161682,0.9559912085533142
YEL036C,YNL242W,0,0.3197659,0.09453443437814713,0.9960079789161682,0.9560912251472473
YGR046W,YJR139C,0,0.31790394,0.09452547878026962,0.9960079789161682,0.9561912417411804
YCR016W,YBL091C-A,0,0.31783944,0.09451652318239212,0.9960079789161682,0.9562912583351135
YCR012W,YOR084W,0,0.3168976,0.09450757503509521,0.9960079789161682,0.9563912749290466
YJL213W,YFR003C,0,0.31634593,0.09449862688779831,0.9960079789161682,0.9564912915229797
YBL078C,YOL121C,0,0.3159442,0.0944896787405014,0.9960079789161682,0.9565913081169128
YPR055W,YFR041C,0,0.31520206,0.0944807380437851,0.9960079789161682,0.956691324710846
YDR421W,YOL076W,0,0.31512547,0.09447178989648819,0.9960079789161682,0.956791341304779
YGL236C,YJR050W,0,0.31418994,0.09446284919977188,0.9960079789161682,0.9568913578987122
YOR047C,YNL130C,0,0.3124684,0.09445390850305557,0.9960079789161682,0.9569913744926453
YPL176C,YBR020W,0,0.31246412,0.09444496780633926,0.9960079789161682,0.9570913910865784
YPR182W,YOR126C,0,0.31171247,0.09443603456020355,0.9960079789161682,0.9571914672851562
YIL137C,YML058W-A,0,0.31112933,0.09442710131406784,0.9960079789161682,0.9572914838790894
YFL054C,YNL230C,0,0.3103853,0.09441816806793213,0.9960079789161682,0.9573915004730225
YPL091W,YDR129C,0,0.31036437,0.09440923482179642,0.9960079789161682,0.9574915170669556
YGL171W,YIR039C,0,0.30949372,0.0944003015756607,0.9960079789161682,0.9575915336608887
YBR149W,YOR206W,0,0.30935234,0.09439137578010559,0.9960079789161682,0.9576915502548218
YGR080W,YNL138W-A,0,0.3092879,0.09438244998455048,0.9960079789161682,0.9577915668487549
YML057W,YNL078W,0,0.30763274,0.09437352418899536,0.9960079789161682,0.957891583442688
YMR022W,YBR035C,0,0.30594543,0.09436459839344025,0.9960079789161682,0.9579916000366211
YPR041W,YJL114W,0,0.3047639,0.09435568004846573,0.9960079789161682,0.9580916166305542
YGR089W,YIR025W,0,0.3043953,0.09434675425291061,0.9960079789161682,0.9581916332244873
YDL038C,YBR164C,0,0.30401295,0.0943378359079361,0.9960079789161682,0.9582916498184204
YNL250W,YJL110C,0,0.30247566,0.09432892501354218,0.9960079789161682,0.9583916664123535
YBR078W,YGR094W,0,0.29904974,0.09432000666856766,0.9960079789161682,0.9584916830062866
YBL041W,YIL167W,0,0.29815394,0.09431109577417374,0.9960079789161682,0.9585916996002197
YGL172W,YGL087C,0,0.29688632,0.09430218487977982,0.9960079789161682,0.9586917161941528
YJR076C,YGL006W,0,0.29527456,0.0942932739853859,0.9960079789161682,0.9587917327880859
YBR207W,YKR049C,0,0.2921609,0.09428436309099197,0.9960079789161682,0.958891749382019
YER041W,YDR246W,0,0.29182234,0.09427545964717865,0.9960079789161682,0.9589918255805969
YGR175C,YGR112W,0,0.29156125,0.09426655620336533,0.9960079789161682,0.95909184217453
YPR055W,YLR425W,0,0.2912065,0.094257652759552,0.9960079789161682,0.9591918587684631
YNL073W,YKL026C,0,0.2860262,0.09424874931573868,0.9960079789161682,0.9592918753623962
YGR260W,YBL058W,0,0.28546983,0.09423984587192535,0.9960079789161682,0.9593918919563293
YLR430W,YMR315W,0,0.2831641,0.09423094987869263,0.9960079789161682,0.9594919085502625
YPL203W,YML043C,0,0.282734,0.0942220538854599,0.9960079789161682,0.9595919251441956
YDL216C,YBR177C,0,0.28035504,0.09421315789222717,0.9960079789161682,0.9596919417381287
YDR279W,YHR109W,0,0.27920872,0.09420426934957504,0.9960079789161682,0.9597919583320618
YML125C,YDL022W,0,0.2752484,0.09419537335634232,0.9960079789161682,0.9598919749259949
YIL037C,YDR231C,0,0.27490786,0.09418648481369019,0.9960079789161682,0.959991991519928
YCR037C,YLL062C,0,0.2747344,0.09417759627103806,0.9960079789161682,0.9600920081138611
YHR154W,YPL234C,0,0.27300996,0.09416870772838593,0.9960079789161682,0.9601920247077942
YIL052C,YDR080W,0,0.27050662,0.09415982663631439,0.9960079789161682,0.9602920413017273
YNR040W,YOL032W,0,0.27035034,0.09415094554424286,0.9960079789161682,0.9603920578956604
YDR244W,YLR158C,0,0.26814038,0.09414206445217133,0.9960079789161682,0.9604920744895935
YPL194W,YDR376W,0,0.26706767,0.09413318336009979,0.9960079789161682,0.9605920910835266
YGL238W,YDR031W,0,0.26645163,0.09412430226802826,0.9960079789161682,0.9606921672821045
YLL029W,YLL048C,0,0.26635295,0.09411542862653732,0.9960079789161682,0.9607921838760376
YDR318W,YER129W,0,0.26451346,0.09410655498504639,0.9960079789161682,0.9608922004699707
YDL140C,YGL243W,1,0.2641079,0.09419196844100952,0.9970059990882874,0.9608922004699707
YOL018C,YDR065W,0,0.26398775,0.09418308734893799,0.9970059990882874,0.9609922170639038
YAL015C,YGR084C,0,0.2612799,0.09417420625686646,0.9970059990882874,0.9610922336578369
YMR315W,YIL013C,0,0.26119822,0.09416533261537552,0.9970059990882874,0.96119225025177
YML032C,YJL012C,0,0.25695118,0.09415645897388458,0.9970059990882874,0.9612922668457031
YEL020W-A,YDR476C,0,0.25596493,0.09414758533239365,0.9970059990882874,0.9613922834396362
YMR130W,YER090W,0,0.25308514,0.09413871169090271,0.9970059990882874,0.9614923000335693
YDR440W,YBL092W,0,0.2520966,0.09412983804941177,0.9970059990882874,0.9615923166275024
YLR209C,YKL005C,0,0.25152245,0.09412097185850143,0.9970059990882874,0.9616923332214355
YML121W,YHR072W-A,1,0.24996197,0.0942063108086586,0.9980040192604065,0.9616923332214355
YBR177C,YDL087C,0,0.24981384,0.09419743716716766,0.9980040192604065,0.9617923498153687
YER027C,YMR168C,0,0.24337824,0.09418856352567673,0.9980040192604065,0.9618923664093018
YLR037C,YER129W,0,0.23618858,0.09417969733476639,0.9980040192604065,0.9619923830032349
YAL023C,YLR360W,0,0.22558919,0.09417082369327545,0.9980040192604065,0.962092399597168
YDR045C,YGL018C,0,0.22062708,0.09416195750236511,0.9980040192604065,0.9621924161911011
YER103W,YKL082C,0,0.21956292,0.09415309131145477,0.9980040192604065,0.9622924327850342
YOR126C,YOR162C,0,0.21949963,0.09414423257112503,0.9980040192604065,0.9623924493789673
YHR136C,YPL040C,0,0.21518824,0.09413536638021469,0.9980040192604065,0.9624925255775452
YDR436W,YGL212W,0,0.21355942,0.09412650763988495,0.9980040192604065,0.9625925421714783
YGR225W,YOL121C,0,0.21211088,0.0941176488995552,0.9980040192604065,0.9626925587654114
YFL039C,YEL013W,0,0.20876,0.09410879015922546,0.9980040192604065,0.9627925753593445
YFL014W,YMR006C,0,0.19908369,0.09409993141889572,0.9980040192604065,0.9628925919532776
YCL034W,YPL253C,0,0.19416925,0.09409108012914658,0.9980040192604065,0.9629926085472107
YDR383C,YDR517W,0,0.19213335,0.09408222883939743,0.9980040192604065,0.9630926251411438
YAL002W,YKL158W,0,0.18936731,0.09407337754964828,0.9980040192604065,0.9631926417350769
YLR328W,YER020W,0,0.18780276,0.09406452625989914,0.9980040192604065,0.96329265832901
YLR075W,YMR203W,0,0.18648191,0.09405568242073059,0.9980040192604065,0.9633926749229431
YML082W,YAL017W,0,0.18551414,0.09404683858156204,0.9980040192604065,0.9634926915168762
YBR125C,YGR216C,0,0.18251707,0.0940379947423935,0.9980040192604065,0.9635927081108093
YBR061C,YER087W,0,0.18251485,0.09402915090322495,0.9980040192604065,0.9636927247047424
YGL237C,YDL100C,0,0.18144903,0.0940203070640564,0.9980040192604065,0.9637927412986755
YML067C,YKL005C,0,0.17962068,0.09401147067546844,0.9980040192604065,0.9638927578926086
YNL307C,YDL087C,0,0.17743745,0.0940026342868805,0.9980040192604065,0.9639927744865417
YBR286W,YMR257C,0,0.17417242,0.09399379789829254,0.9980040192604065,0.9640927910804749
YKL026C,YAR018C,0,0.1741603,0.09398496150970459,0.9980040192604065,0.9641928672790527
YCL052C,YDL231C,0,0.17300332,0.09397613257169724,0.9980040192604065,0.9642928838729858
YER072W,YGR008C,0,0.17272833,0.09396729618310928,0.9980040192604065,0.964392900466919
YPL220W,YBR145W,0,0.17207101,0.09395846724510193,0.9980040192604065,0.964492917060852
YOR008C,YNL284C,0,0.1716378,0.09394964575767517,0.9980040192604065,0.9645929336547852
YDR030C,YJL168C,0,0.1709279,0.09394081681966782,0.9980040192604065,0.9646929502487183
YNL020C,YDR200C,0,0.17067184,0.09393199533224106,0.9980040192604065,0.9647929668426514
YOR383C,YMR036C,0,0.1699354,0.0939231738448143,0.9980040192604065,0.9648929834365845
YDR055W,YLR007W,0,0.16956508,0.09391435235738754,0.9980040192604065,0.9649930000305176
YER044C-A,YPL048W,0,0.1683256,0.09390553086996078,0.9980040192604065,0.9650930166244507
YDR067C,YCL003W,0,0.16651422,0.09389671683311462,0.9980040192604065,0.9651930332183838
YGR020C,YCL060C,0,0.16522826,0.09388789534568787,0.9980040192604065,0.9652930498123169
YMR207C,YEL044W,0,0.16488886,0.0938790813088417,0.9980040192604065,0.96539306640625
YKL171W,YLR023C,0,0.16177891,0.09387027472257614,0.9980040192604065,0.9654930830001831
YAL016W,YDR054C,0,0.16101538,0.09386146068572998,0.9980040192604065,0.9655930995941162
YGR055W,YGL062W,0,0.15873457,0.09385265409946442,0.9980040192604065,0.9656931161880493
YGL196W,YJL143W,0,0.15860395,0.09384384751319885,0.9980040192604065,0.9657931327819824
YHL035C,YDR483W,0,0.15753016,0.09383504092693329,0.9980040192604065,0.9658931493759155
YGL244W,YDR077W,0,0.15439011,0.09382623434066772,0.9980040192604065,0.9659932255744934
YIL064W,YGL148W,0,0.15430453,0.09381742775440216,0.9980040192604065,0.9660932421684265
YJR036C,YDR304C,0,0.15033203,0.0938086286187172,0.9980040192604065,0.9661932587623596
YNL173C,YHL008C,0,0.14728504,0.09379982948303223,0.9980040192604065,0.9662932753562927
YJL101C,YDR213W,0,0.144268,0.09379103034734726,0.9980040192604065,0.9663932919502258
YBL100W-B,YPR180W,0,0.14049304,0.09378223866224289,0.9980040192604065,0.9664933085441589
YNL063W,YKL217W,0,0.14006542,0.09377344697713852,0.9980040192604065,0.966593325138092
YKR080W,YFR034C,1,0.1386804,0.09385841339826584,0.9990019798278809,0.966593325138092
YPL112C,YJL172W,0,0.13834769,0.09384961426258087,0.9990019798278809,0.9666933417320251
YAR007C,YDL110C,0,0.13735302,0.0938408151268959,0.9990019798278809,0.9667933583259583
YAL023C,YBR094W,0,0.13527648,0.09383202344179153,0.9990019798278809,0.9668933749198914
YLL040C,YPL075W,0,0.13092959,0.09382322430610657,0.9990019798278809,0.9669933915138245
YGR194C,YBL047C,0,0.1281034,0.0938144326210022,0.9990019798278809,0.9670934081077576
YGL222C,YDR380W,0,0.12453318,0.09380564093589783,0.9990019798278809,0.9671934247016907
YJR022W,YOL127W,0,0.12158361,0.09379684925079346,0.9990019798278809,0.9672934412956238
YML092C,YOR191W,0,0.121472776,0.09378806501626968,0.9990019798278809,0.9673934578895569
YAL053W,YDR517W,0,0.12035563,0.09377927333116531,0.9990019798278809,0.96749347448349
YJR084W,YPL105C,0,0.11707464,0.09377048909664154,0.9990019798278809,0.9675934910774231
YEL038W,YHR051W,0,0.11524822,0.09376170486211777,0.9990019798278809,0.967693567276001
YEL051W,YCL003W,0,0.11401541,0.09375292807817459,0.9990019798278809,0.9677935838699341
YKL011C,YJL158C,0,0.112611234,0.09374414384365082,0.9990019798278809,0.9678936004638672
YBR297W,YDR253C,0,0.111142784,0.09373536705970764,0.9990019798278809,0.9679936170578003
YDR375C,YDL230W,0,0.103686675,0.09372659027576447,0.9990019798278809,0.9680936336517334
YER071C,YGR178C,0,0.10133176,0.09371781349182129,0.9990019798278809,0.9681936502456665
YBR264C,YDL021W,0,0.097694695,0.09370904415845871,0.9990019798278809,0.9682936668395996
YJR153W,YJL057C,0,0.09558711,0.09370027482509613,0.9990019798278809,0.9683936834335327
YDR268W,YER086W,0,0.095425524,0.09369149804115295,0.9990019798278809,0.9684937000274658
YOL059W,YDR196C,0,0.094799906,0.09368273615837097,0.9990019798278809,0.9685937166213989
YLR068W,YGR071C,0,0.09355457,0.09367396682500839,0.9990019798278809,0.968693733215332
YOR120W,YMR227C,0,0.09328093,0.09366519749164581,0.9990019798278809,0.9687937498092651
YDL115C,YER087C-B,0,0.09110433,0.09365643560886383,0.9990019798278809,0.9688937664031982
YBR301W,YMR218C,0,0.08381304,0.09364767372608185,0.9990019798278809,0.9689937829971313
YEL061C,YDR328C,0,0.08069247,0.09363891184329987,0.9990019798278809,0.9690937995910645
YIL053W,YDR356W,0,0.07905595,0.09363015741109848,0.9990019798278809,0.9691938161849976
YKR059W,YLR299W,0,0.07384652,0.0936213955283165,0.9990019798278809,0.9692938327789307
YER014W,YIR002C,0,0.072168164,0.09361264109611511,0.9990019798278809,0.9693938493728638
YOR380W,YDR343C,0,0.07120271,0.09360388666391373,0.9990019798278809,0.9694939255714417
YMR289W,YLR370C,0,0.0686443,0.09359513968229294,0.9990019798278809,0.9695939421653748
YCR057C,YNL010W,0,0.06792228,0.09358638525009155,0.9990019798278809,0.9696939587593079
YJL081C,YMR298W,0,0.06756537,0.09357763826847076,0.9990019798278809,0.969793975353241
YJL073W,YBR198C,0,0.06671317,0.09356889128684998,0.9990019798278809,0.9698939919471741
YHR105W,YPR148C,0,0.06655115,0.09356014430522919,0.9990019798278809,0.9699940085411072
YCL001W,YOR059C,0,0.065906435,0.093551404774189,0.9990019798278809,0.9700940251350403
YJL083W,YGR178C,0,0.06523058,0.0935426577925682,0.9990019798278809,0.9701940417289734
YBR052C,YBL011W,0,0.0598415,0.09353391826152802,0.9990019798278809,0.9702940583229065
YCL032W,YBR162C,0,0.059606582,0.09352517873048782,0.9990019798278809,0.9703940749168396
YDR297W,YOL122C,0,0.056145847,0.09351643919944763,0.9990019798278809,0.9704940915107727
YCR012W,YDR281C,0,0.05570121,0.09350770711898804,0.9990019798278809,0.9705941081047058
YPL007C,YER074W,0,0.05303158,0.09349897503852844,0.9990019798278809,0.9706941246986389
YLR086W,YFL033C,0,0.051320747,0.09349024295806885,0.9990019798278809,0.970794141292572
YDR116C,YAL063C,0,0.048365742,0.09348151087760925,0.9990019798278809,0.9708941578865051
YHL044W,YLL051C,0,0.045805894,0.09347277879714966,0.9990019798278809,0.9709941744804382
YOR120W,YLR190W,0,0.044275925,0.09346405416727066,0.9990019798278809,0.9710941910743713
YPL148C,YGR044C,0,0.042862967,0.09345532953739166,0.9990019798278809,0.9711942672729492
YMR239C,YMR152W,0,0.041331872,0.09344660490751266,0.9990019798278809,0.9712942838668823
YML032C,YIR019C,0,0.037962448,0.09343788027763367,0.9990019798278809,0.9713943004608154
YKL093W,YOR287C,0,0.036878735,0.09342915564775467,0.9990019798278809,0.9714943170547485
YNL086W,YPL194W,0,0.026796743,0.09342043846845627,0.9990019798278809,0.9715943336486816
YMR289W,YJL004C,0,0.022586655,0.09341172128915787,0.9990019798278809,0.9716943502426147
YNL199C,YDR322W,0,0.018672809,0.09340300410985947,0.9990019798278809,0.9717943668365479
YGR156W,YHR209W,0,0.01683686,0.09339428693056107,0.9990019798278809,0.971894383430481
YMR281W,YAR015W,0,0.015591919,0.09338557720184326,0.9990019798278809,0.9719944000244141
YBL063W,YPL151C,0,0.014777407,0.09337686747312546,0.9990019798278809,0.9720944166183472
YLR447C,YGL073W,0,0.014029346,0.09336815774440765,0.9990019798278809,0.9721944332122803
YKL022C,YMR284W,0,0.013242155,0.09335944801568985,0.9990019798278809,0.9722944498062134
YOR227W,YBR168W,0,0.010438532,0.09335073828697205,0.9990019798278809,0.9723944664001465
YIL004C,YER120W,0,0.0026172847,0.09334203600883484,0.9990019798278809,0.9724944829940796
YJL102W,YKL043W,0,0.00116238,0.09333333373069763,0.9990019798278809,0.9725944995880127
YPL206C,YGL129C,0,-0.0002039671,0.09332463145256042,0.9990019798278809,0.9726945161819458
YGR238C,YLR090W,0,-0.001135692,0.09331592917442322,0.9990019798278809,0.9727945327758789
YKR068C,YBR295W,0,-0.0020483434,0.09330723434686661,0.9990019798278809,0.972894549369812
YIL090W,YAL038W,0,-0.004912317,0.09329853951931,0.9990019798278809,0.9729946255683899
YKR049C,YNL298W,0,-0.006045621,0.09328984469175339,0.9990019798278809,0.973094642162323
YDL123W,YER008C,0,-0.006471172,0.09328114986419678,0.9990019798278809,0.9731946587562561
YHL047C,YNL207W,0,-0.006558586,0.09327245503664017,0.9990019798278809,0.9732946753501892
YML124C,YHR037W,0,-0.009165317,0.09326376765966415,0.9990019798278809,0.9733946919441223
YOL116W,YKL149C,0,-0.010926545,0.09325508028268814,0.9990019798278809,0.9734947085380554
YNL223W,YGR044C,0,-0.01325722,0.09324639290571213,0.9990019798278809,0.9735947251319885
YJL082W,YCR020C,0,-0.013784632,0.09323770552873611,0.9990019798278809,0.9736947417259216
YNL142W,YOR131C,0,-0.013894938,0.0932290181517601,0.9990019798278809,0.9737947583198547
YOR216C,YMR173W,0,-0.014022544,0.09322033822536469,0.9990019798278809,0.9738947749137878
YDL054C,YMR246W,0,-0.014321767,0.09321165829896927,0.9990019798278809,0.973994791507721
YNL208W,YDR503C,0,-0.01580925,0.09320297837257385,0.9990019798278809,0.974094808101654
YCL024W,YKL210W,0,-0.01881212,0.09319430589675903,0.9990019798278809,0.9741948246955872
YCL026C-B,YDR288W,0,-0.021534093,0.09318562597036362,0.9990019798278809,0.9742948412895203
YMR285C,YGR282C,0,-0.024754897,0.0931769534945488,0.9990019798278809,0.9743948578834534
YPL061W,YAL060W,0,-0.02602613,0.09316828101873398,0.9990019798278809,0.9744948744773865
YNL307C,YDR200C,0,-0.028050028,0.09315960854291916,0.9990019798278809,0.9745948910713196
YNL251C,YLR037C,0,-0.032226652,0.09315094351768494,0.9990019798278809,0.9746949672698975
YGL172W,YJL216C,0,-0.033880383,0.09314227104187012,0.9990019798278809,0.9747949838638306
YDR174W,YGL092W,0,-0.03981769,0.0931336060166359,0.9990019798278809,0.9748950004577637
YCL060C,YBR060C,0,-0.040874727,0.09312494099140167,0.9990019798278809,0.9749950170516968
YPR173C,YOR132W,0,-0.041238554,0.09311627596616745,0.9990019798278809,0.9750950336456299
YDR536W,YDL115C,0,-0.04709947,0.09310761839151382,0.9990019798278809,0.975195050239563
YIL075C,YHR179W,0,-0.050195366,0.0930989608168602,0.9990019798278809,0.9752950668334961
YER029C,YFR047C,0,-0.056994002,0.09309030324220657,0.9990019798278809,0.9753950834274292
YDR077W,YGL232W,0,-0.06383664,0.09308164566755295,0.9990019798278809,0.9754951000213623
YDR212W,YGR260W,0,-0.06660709,0.09307298809289932,0.9990019798278809,0.9755951166152954
YOL141W,YPL078C,0,-0.06967059,0.0930643379688263,0.9990019798278809,0.9756951332092285
YKL150W,YOR313C,0,-0.072689615,0.09305568784475327,0.9990019798278809,0.9757951498031616
YER007W,YPR132W,0,-0.07710096,0.09304703772068024,0.9990019798278809,0.9758951663970947
YHR058C,YDR387C,0,-0.0777138,0.09303838759660721,0.9990019798278809,0.9759951829910278
YFR018C,YFR007W,0,-0.079244286,0.09302973747253418,0.9990019798278809,0.9760951995849609
YPL059W,YOR127W,0,-0.08395399,0.09302109479904175,0.9990019798278809,0.976195216178894
YDL047W,YDR529C,0,-0.08622587,0.09301245212554932,0.9990019798278809,0.9762952327728271
YCR002C,YLR005W,0,-0.088208616,0.09300380945205688,0.9990019798278809,0.9763952493667603
YDR501W,YLR058C,0,-0.088571295,0.09299516677856445,0.9990019798278809,0.9764953255653381
YMR230W,YLR098C,0,-0.091033846,0.09298653155565262,0.9990019798278809,0.9765953421592712
YBR214W,YLR187W,0,-0.093255594,0.09297789633274078,0.9990019798278809,0.9766953587532043
YCR040W,YKR006C,0,-0.09445998,0.09296926110982895,0.9990019798278809,0.9767953753471375
YLR312C-B,YLR015W,0,-0.096727505,0.09296062588691711,0.9990019798278809,0.9768953919410706
YCR072C,YOL065C,0,-0.09685822,0.09295199066400528,0.9990019798278809,0.9769954085350037
YPR141C,YAL030W,0,-0.097422265,0.09294336289167404,0.9990019798278809,0.9770954251289368
YMR117C,YOL100W,0,-0.09950511,0.0929347351193428,0.9990019798278809,0.9771954417228699
YFL029C,YDL138W,0,-0.10033592,0.09292610734701157,0.9990019798278809,0.977295458316803
YOR018W,YOR079C,0,-0.1019133,0.09291747957468033,0.9990019798278809,0.9773954749107361
YKL082C,YLL016W,0,-0.10980952,0.09290885180234909,0.9990019798278809,0.9774954915046692
YML028W,YEL018W,0,-0.11020481,0.09290023148059845,0.9990019798278809,0.9775955080986023
YPL106C,YPL147W,0,-0.11393726,0.09289161115884781,0.9990019798278809,0.9776955246925354
YOR076C,YDR481C,0,-0.11715501,0.09288299083709717,0.9990019798278809,0.9777955412864685
YBR240C,YPL231W,0,-0.119255826,0.09287437051534653,0.9990019798278809,0.9778955578804016
YLR078C,YAL062W,0,-0.12087527,0.09286575764417648,0.9990019798278809,0.9779955744743347
YPL148C,YLR206W,0,-0.12999055,0.09285714477300644,0.9990019798278809,0.9780955910682678
YML028W,YOR232W,0,-0.13161282,0.0928485319018364,0.9990019798278809,0.9781956672668457
YPR198W,YNL176C,0,-0.13163194,0.09283991903066635,0.9990019798278809,0.9782956838607788
YLL041C,YFL045C,0,-0.13667488,0.09283130615949631,0.9990019798278809,0.9783957004547119
YLL050C,YML074C,0,-0.13873209,0.09282270073890686,0.9990019798278809,0.978495717048645
YDL142C,YLL009C,0,-0.13997668,0.09281409531831741,0.9990019798278809,0.9785957336425781
YIL107C,YDR288W,0,-0.14224274,0.09280548989772797,0.9990019798278809,0.9786957502365112
YDR471W,YLR467W,0,-0.1433581,0.09279688447713852,0.9990019798278809,0.9787957668304443
YMR159C,YDR039C,0,-0.14424756,0.09278828650712967,0.9990019798278809,0.9788957834243774
YDL170W,YDR069C,0,-0.14963317,0.09277968108654022,0.9990019798278809,0.9789958000183105
YDR259C,YDR434W,0,-0.15194902,0.09277108311653137,0.9990019798278809,0.9790958166122437
YOR109W,YJL030W,0,-0.15886828,0.09276248514652252,0.9990019798278809,0.9791958332061768
YOR119C,YBL087C,0,-0.15897244,0.09275389462709427,0.9990019798278809,0.9792958498001099
YNL302C,YDR148C,0,-0.16488898,0.09274529665708542,0.9990019798278809,0.979395866394043
YLR037C,YPR068C,0,-0.16571562,0.09273670613765717,0.9990019798278809,0.9794958829879761
YBR009C,YGR268C,0,-0.16670372,0.09272811561822891,0.9990019798278809,0.9795958995819092
YER070W,YLR193C,0,-0.1731911,0.09271952509880066,0.9990019798278809,0.9796959161758423
YDR436W,YNR048W,0,-0.17399275,0.0927109345793724,0.9990019798278809,0.9797959327697754
YGR222W,YGR095C,0,-0.18136998,0.09270235151052475,0.9990019798278809,0.9798960089683533
YMR152W,YLR330W,0,-0.18677709,0.0926937684416771,0.9990019798278809,0.9799960255622864
YDL097C,YJL097W,0,-0.19403751,0.09268518537282944,0.9990019798278809,0.9800960421562195
YPL155C,YER074W,0,-0.19463502,0.09267660230398178,0.9990019798278809,0.9801960587501526
YBR159W,YNL243W,0,-0.19730291,0.09266802668571472,0.9990019798278809,0.9802960753440857
YGL210W,YPL161C,0,-0.19878595,0.09265944361686707,0.9990019798278809,0.9803960919380188
YCL057W,YKR105C,0,-0.2023593,0.0926508679986,0.9990019798278809,0.9804961085319519
YJR145C,YOR187W,0,-0.20675744,0.09264229238033295,0.9990019798278809,0.980596125125885
YGR238C,YDR310C,0,-0.20951977,0.09263372421264648,0.9990019798278809,0.9806961417198181
YDR003W,YGL129C,0,-0.20969033,0.09262514859437943,0.9990019798278809,0.9807961583137512
YMR114C,YPL234C,0,-0.21107686,0.09261658042669296,0.9990019798278809,0.9808961749076843
YIL048W,YAL062W,0,-0.21197972,0.0926080122590065,0.9990019798278809,0.9809961915016174
YGR088W,YNR004W,0,-0.22351311,0.09259944409132004,0.9990019798278809,0.9810962080955505
YMR198W,YIL005W,0,-0.23467419,0.09259088337421417,0.9990019798278809,0.9811962246894836
YPL204W,YER140W,0,-0.23762155,0.09258231520652771,0.9990019798278809,0.9812962412834167
YPL110C,YNR047W,0,-0.23946473,0.09257375448942184,0.9990019798278809,0.9813962578773499
YML128C,YNL153C,0,-0.23951536,0.09256519377231598,0.9990019798278809,0.981496274471283
YOR374W,YBL057C,0,-0.23976858,0.09255663305521011,0.9990019798278809,0.9815962910652161
YER113C,YOR347C,0,-0.2412845,0.09254807978868484,0.9990019798278809,0.981696367263794
YOR110W,YJL192C,0,-0.24276985,0.09253951907157898,0.9990019798278809,0.981796383857727
YIL007C,YPL189C-A,0,-0.2457218,0.09253096580505371,0.9990019798278809,0.9818964004516602
YDR205W,YLR097C,0,-0.24577329,0.09252241253852844,0.9990019798278809,0.9819964170455933
YKL165C,YER017C,0,-0.24734971,0.09251386672258377,0.9990019798278809,0.9820964336395264
YJR054W,YNL185C,0,-0.2476324,0.0925053134560585,0.9990019798278809,0.9821964502334595
YKR094C,YLR032W,0,-0.25070286,0.09249676764011383,0.9990019798278809,0.9822964668273926
YBR177C,YCR044C,0,-0.25460017,0.09248822182416916,0.9990019798278809,0.9823964834213257
YNL129W,YKL085W,0,-0.25739023,0.09247967600822449,0.9990019798278809,0.9824965000152588
YMR262W,YNL073W,0,-0.25884196,0.09247113019227982,0.9990019798278809,0.9825965166091919
YDL206W,YCL064C,0,-0.2626297,0.09246259182691574,0.9990019798278809,0.982696533203125
YPR102C,YDR197W,0,-0.26275373,0.09245405346155167,0.9990019798278809,0.9827965497970581
YHR023W,YFR047C,0,-0.26399964,0.09244551509618759,0.9990019798278809,0.9828965663909912
YFR052W,YDR497C,0,-0.26896763,0.09243697673082352,0.9990019798278809,0.9829965829849243
YGL004C,YLR357W,0,-0.27333006,0.09242843836545944,0.9990019798278809,0.9830965995788574
YJR033C,YER145C,0,-0.27584592,0.09241990745067596,0.9990019798278809,0.9831966161727905
YMR022W,YHR012W,0,-0.27857178,0.09241137653589249,0.9990019798278809,0.9832966327667236
YCL024W,YBR086C,0,-0.28245813,0.09240284562110901,0.9990019798278809,0.9833967089653015
YDR078C,YDL100C,0,-0.28419062,0.09239431470632553,0.9990019798278809,0.9834967255592346
YNL086W,YOR175C,0,-0.28827092,0.09238578379154205,0.9990019798278809,0.9835967421531677
YOR267C,YNL160W,0,-0.28937852,0.09237726032733917,0.9990019798278809,0.9836967587471008
YJR139C,YFR013W,0,-0.28998935,0.09236873686313629,0.9990019798278809,0.9837967753410339
YJL148W,YIL033C,0,-0.29411113,0.09236021339893341,0.9990019798278809,0.983896791934967
YHR194W,YCL050C,0,-0.29485446,0.09235168993473053,0.9990019798278809,0.9839968085289001
YPL202C,YGR034W,0,-0.29789704,0.09234317392110825,0.9990019798278809,0.9840968251228333
YDR317W,YPR019W,0,-0.30356735,0.09233465790748596,0.9990019798278809,0.9841968417167664
YIL170W,YGR208W,0,-0.3063575,0.09232614189386368,0.9990019798278809,0.9842968583106995
YML005W,YER102W,0,-0.3080115,0.0923176258802414,0.9990019798278809,0.9843968749046326
YDL072C,YDR297W,0,-0.31155038,0.09230910986661911,0.9990019798278809,0.9844968914985657
YBL026W,YFR049W,0,-0.311814,0.09230060130357742,0.9990019798278809,0.9845969080924988
YDR315C,YJL117W,0,-0.31234142,0.09229209274053574,0.9990019798278809,0.9846969246864319
YIL026C,YCL008C,0,-0.31251243,0.09228358417749405,0.9990019798278809,0.984796941280365
YPL110C,YBR093C,0,-0.31737596,0.09227507561445236,0.9990019798278809,0.9848969578742981
YLL006W,YLR060W,0,-0.32252172,0.09226656705141068,0.9990019798278809,0.9849969744682312
YPR174C,YPL133C,0,-0.3254324,0.09225806593894958,0.9990019798278809,0.9850969910621643
YPL259C,YCL055W,0,-0.3273029,0.0922495648264885,0.9990019798278809,0.9851970672607422
YPL095C,YHR103W,0,-0.33012557,0.0922410637140274,0.9990019798278809,0.9852970838546753
YOR074C,YJR048W,0,-0.33215904,0.09223256260156631,0.9990019798278809,0.9853971004486084
YBL060W,YJL189W,0,-0.3390973,0.09222406148910522,0.9990019798278809,0.9854971170425415
YGL220W,YGR225W,0,-0.34124082,0.09221556782722473,0.9990019798278809,0.9855971336364746
YGR002C,YLR330W,0,-0.34273535,0.09220707416534424,0.9990019798278809,0.9856971502304077
YAL028W,YPL111W,0,-0.3626293,0.09219858050346375,0.9990019798278809,0.9857971668243408
YNL138W,YEL001C,0,-0.3657096,0.09219008684158325,0.9990019798278809,0.9858971834182739
YER113C,YJL052W,0,-0.36886436,0.09218160063028336,0.9990019798278809,0.985997200012207
YCL044C,YBR175W,0,-0.3704793,0.09217311441898346,0.9990019798278809,0.9860972166061401
YLR249W,YGR254W,0,-0.3715483,0.09216462820768356,0.9990019798278809,0.9861972332000732
YOR004W,YAL008W,0,-0.3873349,0.09215614199638367,0.9990019798278809,0.9862972497940063
YPL156C,YMR314W,0,-0.3912171,0.09214765578508377,0.9990019798278809,0.9863972663879395
YNL151C,YER178W,0,-0.39255476,0.09213917702436447,0.9990019798278809,0.9864972829818726
YPL176C,YBL034C,0,-0.39582288,0.09213069826364517,0.9990019798278809,0.9865972995758057
YGR194C,YBR153W,0,-0.3965839,0.09212221950292587,0.9990019798278809,0.9866973161697388
YLR207W,YLR467W,0,-0.40463558,0.09211374074220657,0.9990019798278809,0.9867973327636719
YDR032C,YNR053C,0,-0.4081947,0.09210526198148727,0.9990019798278809,0.9868974089622498
YLR131C,YGR086C,0,-0.41619802,0.09209679067134857,0.9990019798278809,0.9869974255561829
YNL044W,YMR173W,0,-0.42538843,0.09208831936120987,0.9990019798278809,0.987097442150116
YCL004W,YDR138W,0,-0.4261796,0.09207984805107117,0.9990019798278809,0.9871974587440491
YOR123C,YJL048C,0,-0.42688623,0.09207137674093246,0.9990019798278809,0.9872974753379822
YDR347W,YBR118W,0,-0.42827702,0.09206290543079376,0.9990019798278809,0.9873974919319153
YJR010W,YFL014W,0,-0.43007678,0.09205444157123566,0.9990019798278809,0.9874975085258484
YBL052C,YMR035W,0,-0.43316722,0.09204597771167755,0.9990019798278809,0.9875975251197815
YDL046W,YBL034C,0,-0.45660013,0.09203751385211945,0.9990019798278809,0.9876975417137146
YKL003C,YNR057C,0,-0.45810363,0.09202904999256134,0.9990019798278809,0.9877975583076477
YAL023C,YFR047C,0,-0.46489412,0.09202059358358383,0.9990019798278809,0.9878975749015808
YJR050W,YAL028W,0,-0.46537766,0.09201213717460632,0.9990019798278809,0.9879975914955139
YLR099C,YNL039W,0,-0.46913162,0.09200367331504822,0.9990019798278809,0.988097608089447
YKL194C,YIL147C,0,-0.47516847,0.0919952243566513,0.9990019798278809,0.9881976246833801
YPR008W,YHR215W,0,-0.4861896,0.0919867679476738,0.9990019798278809,0.9882976412773132
YBL023C,YDR122W,0,-0.4867189,0.09197831153869629,0.9990019798278809,0.9883976578712463
YOL067C,YOR127W,0,-0.4924197,0.09196986258029938,0.9990019798278809,0.9884976744651794
YDL141W,YGL096W,0,-0.49502355,0.09196141362190247,0.9990019798278809,0.9885976910591125
YPL231W,YDR330W,0,-0.4982156,0.09195296466350555,0.9990019798278809,0.9886977672576904
YFR015C,YJR135C,0,-0.5059183,0.09194452315568924,0.9990019798278809,0.9887977838516235
YDR032C,YJL186W,0,-0.50825083,0.09193607419729233,0.9990019798278809,0.9888978004455566
YDL078C,YER176W,0,-0.53123903,0.09192763268947601,0.9990019798278809,0.9889978170394897
YER082C,YEL050C,0,-0.53244346,0.0919191911816597,0.9990019798278809,0.9890978336334229
YGR105W,YLR093C,0,-0.53561294,0.09191074967384338,0.9990019798278809,0.989197850227356
YCL032W,YDL100C,0,-0.54042673,0.09190231561660767,0.9990019798278809,0.9892978668212891
YLR026C,YPL147W,0,-0.55234945,0.09189387410879135,0.9990019798278809,0.9893978834152222
YBR112C,YPL123C,0,-0.5604052,0.09188544005155563,0.9990019798278809,0.9894979000091553
YGR199W,YAL041W,0,-0.5609656,0.09187700599431992,0.9990019798278809,0.9895979166030884
YLR442C,YIL135C,0,-0.56435597,0.0918685719370842,0.9990019798278809,0.9896979331970215
YIR036C,YOR247W,0,-0.566045,0.09186014533042908,0.9990019798278809,0.9897979497909546
YGR036C,YLR090W,0,-0.5668075,0.09185171872377396,0.9990019798278809,0.9898979663848877
YOR142W,YPR178W,0,-0.5707606,0.09184328466653824,0.9990019798278809,0.9899979829788208
YGR185C,YLR005W,0,-0.5746153,0.09183486551046371,0.9990019798278809,0.9900979995727539
YLR370C,YNL289W,0,-0.58223397,0.0918264389038086,0.9990019798278809,0.990198016166687
YDR430C,YGR086C,0,-0.58503807,0.09181801229715347,0.9990019798278809,0.9902980327606201
YCR040W,YPL013C,0,-0.5977518,0.09180959314107895,0.9990019798278809,0.990398108959198
YDR486C,YFL056C,0,-0.6024804,0.09180117398500443,0.9990019798278809,0.9904981255531311
YAR007C,YPL221W,0,-0.6029806,0.0917927548289299,0.9990019798278809,0.9905981421470642
YPR184W,YML041C,0,-0.6127399,0.09178433567285538,0.9990019798278809,0.9906981587409973
YHR116W,YPR167C,0,-0.61374056,0.09177592396736145,0.9990019798278809,0.9907981753349304
YPR148C,YLR006C,0,-0.62120914,0.09176751226186752,0.9990019798278809,0.9908981919288635
YLR442C,YGR194C,0,-0.6362724,0.0917591005563736,0.9990019798278809,0.9909982085227966
YHR092C,YDR062W,0,-0.63726336,0.09175068885087967,0.9990019798278809,0.9910982251167297
YDR077W,YBL034C,0,-0.6496769,0.09174227714538574,0.9990019798278809,0.9911982417106628
YOL077C,YJL164C,0,-0.6586944,0.09173387289047241,0.9990019798278809,0.991298258304596
YER061C,YGL076C,0,-0.66159725,0.09172546863555908,0.9990019798278809,0.991398274898529
YDR415C,YDL137W,0,-0.67595553,0.09171706438064575,0.9990019798278809,0.9914982914924622
YDR176W,YMR302C,0,-0.6816682,0.09170866012573242,0.9990019798278809,0.9915983080863953
YPL240C,YLR264W,0,-0.70323753,0.09170025587081909,0.9990019798278809,0.9916983246803284
YMR304W,YLR380W,0,-0.70441043,0.09169185906648636,0.9990019798278809,0.9917983412742615
YLR441C,YNL160W,0,-0.72170424,0.09168345481157303,0.9990019798278809,0.9918983578681946
YKL171W,YKR088C,0,-0.7225078,0.09167506545782089,0.9990019798278809,0.9919983744621277
YPL178W,YAR027W,0,-0.7399204,0.09166666865348816,0.9990019798278809,0.9920983910560608
YGR224W,YDL029W,0,-0.74194294,0.09165827184915543,0.9990019798278809,0.9921984672546387
YGR161C,YPL234C,0,-0.75300056,0.09164988249540329,0.9990019798278809,0.9922984838485718
YAL021C,YPL033C,0,-0.7538935,0.09164149314165115,0.9990019798278809,0.9923985004425049
YJL066C,YNL259C,0,-0.7567898,0.09163310378789902,0.9990019798278809,0.992498517036438
YBL017C,YPR002W,0,-0.75711286,0.09162471443414688,0.9990019798278809,0.9925985336303711
YGL037C,YLR106C,0,-0.77573335,0.09161632508039474,0.9990019798278809,0.9926985502243042
YOR127W,YJL155C,0,-0.775928,0.0916079431772232,0.9990019798278809,0.9927985668182373
YML092C,YPR141C,0,-0.78831553,0.09159956127405167,0.9990019798278809,0.9928985834121704
YER095W,YLR163C,0,-0.7968831,0.09159117937088013,0.9990019798278809,0.9929986000061035
YOL133W,YGR234W,0,-0.8058846,0.09158279746770859,0.9990019798278809,0.9930986166000366
YDR351W,YMR053C,0,-0.8086741,0.09157442301511765,0.9990019798278809,0.9931986331939697
YGL127C,YNL020C,0,-0.81997544,0.0915660411119461,0.9990019798278809,0.9932986497879028
YER190W,YDR388W,0,-0.82693577,0.09155766665935516,0.9990019798278809,0.9933986663818359
YBR010W,YLR251W,0,-0.84014404,0.09154929220676422,0.9990019798278809,0.993498682975769
YPL194W,YIR019C,0,-0.84792984,0.09154092520475388,0.9990019798278809,0.9935986995697021
YDL097C,YOL102C,0,-0.85063297,0.09153255075216293,0.9990019798278809,0.9936987161636353
YJR073C,YJL025W,0,-0.8629254,0.09152418375015259,0.9990019798278809,0.9937987327575684
YKL154W,YJL026W,0,-0.86531234,0.09151581674814224,0.9990019798278809,0.9938988089561462
YOL040C,YAL017W,0,-0.88397866,0.0915074497461319,0.9990019798278809,0.9939988255500793
YOR315W,YDL022W,0,-0.8903672,0.09149908274412155,0.9990019798278809,0.9940988421440125
YML073C,YKL085W,0,-0.8953987,0.0914907231926918,0.9990019798278809,0.9941988587379456
YOR239W,YBR119W,0,-0.9569176,0.09148236364126205,0.9990019798278809,0.9942988753318787
YDR259C,YMR071C,0,-0.97216433,0.0914740040898323,0.9990019798278809,0.9943988919258118
YBR043C,YEL038W,0,-0.9798794,0.09146564453840256,0.9990019798278809,0.9944989085197449
YOR155C,YDR419W,0,-1.0092559,0.09145728498697281,0.9990019798278809,0.994598925113678
YDL140C,YNL330C,1,-1.0123465,0.09154029190540314,1.0,0.994598925113678
YJL081C,YKL017C,0,-1.0165565,0.09153192490339279,1.0,0.9946989417076111
YOR069W,YGL030W,0,-1.0368037,0.09152356535196304,1.0,0.9947989583015442
YML006C,YKL210W,0,-1.0444522,0.0915152058005333,1.0,0.9948989748954773
YGR070W,YML023C,0,-1.0605705,0.09150684624910355,1.0,0.9949989914894104
YJL079C,YLR182W,0,-1.0869539,0.0914984941482544,1.0,0.9950990080833435
YDR207C,YLL055W,0,-1.0905507,0.09149014204740524,1.0,0.9951990246772766
YPL063W,YLR344W,0,-1.1017941,0.0914817824959755,1.0,0.9952990412712097
YML012W,YNL284C,0,-1.1076431,0.09147343784570694,1.0,0.9953990578651428
YGL027C,YDR356W,0,-1.1195942,0.09146508574485779,1.0,0.9954990744590759
YER102W,YLR090W,0,-1.1276009,0.09145673364400864,1.0,0.995599091053009
YEL030W,YNL162W,0,-1.1340734,0.09144838899374008,1.0,0.9956991672515869
YER173W,YPR106W,0,-1.1595788,0.09144004434347153,1.0,0.99579918384552
YLR328W,YHR017W,0,-1.1625447,0.09143169969320297,1.0,0.9958992004394531
YMR017W,YLR075W,0,-1.1673862,0.09142335504293442,1.0,0.9959992170333862
YPR155C,YDR213W,0,-1.1845696,0.09141501784324646,1.0,0.9960992336273193
YGR154C,YLR080W,0,-1.1858191,0.0914066806435585,1.0,0.9961992502212524
YJR065C,YMR041C,0,-1.2310975,0.09139834344387054,1.0,0.9962992668151855
YPR155C,YBL091C,0,-1.2334028,0.09139000624418259,1.0,0.9963992834091187
YDR343C,YGL063W,0,-1.2421048,0.09138166904449463,1.0,0.9964993000030518
YCL024W,YKL016C,0,-1.2488003,0.09137333929538727,1.0,0.9965993165969849
YPL091W,YDR233C,0,-1.2599832,0.09136500209569931,1.0,0.996699333190918
YHR029C,YNL066W,0,-1.281042,0.09135667234659195,1.0,0.9967993497848511
YCL064C,YNL160W,0,-1.2940326,0.09134834259748459,1.0,0.9968993663787842
YGL068W,YER027C,0,-1.3151014,0.09134002029895782,1.0,0.9969993829727173
YDR259C,YDR047W,0,-1.3360779,0.09133169054985046,1.0,0.9970993995666504
YDR205W,YNL008C,0,-1.3866112,0.0913233682513237,1.0,0.9971994161605835
YDR481C,YKL195W,0,-1.386652,0.09131504595279694,1.0,0.9972994327545166
YBR222C,YPL172C,0,-1.431696,0.09130672365427017,1.0,0.9973995089530945
YOL005C,YPR131C,0,-1.4444624,0.091298408806324,1.0,0.9974995255470276
YKL079W,YDR169C,0,-1.4463022,0.09129008650779724,1.0,0.9975995421409607
YLR251W,YBR191W,0,-1.4653077,0.09128177165985107,1.0,0.9976995587348938
YMR040W,YER145C,0,-1.4933565,0.09127345681190491,1.0,0.9977995753288269
YGL004C,YDL175C,0,-1.4976542,0.09126514196395874,1.0,0.99789959192276
YOL066C,YHL021C,0,-1.5309966,0.09125682711601257,1.0,0.9979996085166931
YPR169W,YJL045W,0,-1.5543802,0.091248519718647,1.0,0.9980996251106262
YLR147C,YOR264W,0,-1.5607862,0.09124021232128143,1.0,0.9981996417045593
YLR190W,YFR003C,0,-1.6101328,0.09123190492391586,1.0,0.9982996582984924
YDL171C,YJL059W,0,-1.7212436,0.09122359752655029,1.0,0.9983996748924255
YLR333C,YHR139C,0,-1.7329066,0.09121529012918472,1.0,0.9984996914863586
YER099C,YEL036C,0,-1.7941558,0.09120699018239975,1.0,0.9985997080802917
YCL035C,YMR218C,0,-1.8218408,0.09119869023561478,1.0,0.9986997246742249
YGR070W,YLR214W,0,-1.838232,0.0911903902888298,1.0,0.998799741268158
YNR020C,YLR350W,0,-1.8556951,0.09118209034204483,1.0,0.9988997578620911
YER143W,YOL105C,0,-1.9310257,0.09117379784584045,1.0,0.9989997744560242
YHR174W,YDR075W,0,-2.3035226,0.09116549789905548,1.0,0.9990997910499573
YKL103C,YOL105C,0,-2.3606257,0.0911572054028511,1.0,0.9991998672485352
YIL144W,YDL029W,0,-2.3791018,0.09114891290664673,1.0,0.9992998838424683
YNR001C,YER072W,0,-2.4666085,0.09114062041044235,1.0,0.9993999004364014
YGL220W,YAL008W,0,-2.5169046,0.09113233536481857,1.0,0.9994999170303345
YHR030C,YDR219C,0,-2.520453,0.0911240428686142,1.0,0.9995999336242676
YDR310C,YHR139C,0,-2.9250448,0.09111575782299042,1.0,0.9996999502182007
YDR364C,YMR303C,0,-2.9411278,0.09110747277736664,1.0,0.9997999668121338
YDR447C,YDR380W,0,-2.9781327,0.09109918773174286,1.0,0.9998999834060669
YML006C,YDR453C,0,-3.501051,0.09109091013669968,1.0,1.0
