Gene A,Gene B,Label,Score,Precision,Recall,False Positive Rate
YHR106W,YNL069C,0,14.599978,0.0,0.0,0.00010036129970103502
YBL039C,YJR019C,1,14.515955,0.5,0.000965250947047025,0.00010036129970103502
YML042W,YER070W,0,14.385544,0.3333333432674408,0.000965250947047025,0.00020072259940207005
YMR105C,YNL132W,0,14.1815605,0.25,0.000965250947047025,0.00030108389910310507
YGR161C,YOR045W,0,14.107552,0.20000000298023224,0.000965250947047025,0.0004014451988041401
YBL064C,YPR110C,0,13.993679,0.1666666716337204,0.000965250947047025,0.0005018064985051751
YGL156W,YPR110C,0,13.891075,0.1428571492433548,0.000965250947047025,0.0006021677982062101
YIL007C,YGR159C,0,13.615563,0.125,0.000965250947047025,0.0007025290979072452
YPL230W,YLR448W,0,13.612251,0.1111111119389534,0.000965250947047025,0.0008028903976082802
YJL148W,YPL154C,0,13.589173,0.10000000149011612,0.000965250947047025,0.0009032516973093152
YDL110C,YHR072W,0,13.582775,0.09090909361839294,0.000965250947047025,0.0010036129970103502
YIL111W,YHR089C,0,13.532428,0.0833333358168602,0.000965250947047025,0.0011039742967113853
YKL218C,YAL003W,0,13.5126095,0.07692307978868484,0.000965250947047025,0.0012043355964124203
YPL100W,YOR224C,0,13.484089,0.0714285746216774,0.000965250947047025,0.0013046968961134553
YDR031W,YOR271C,0,13.482477,0.06666667014360428,0.000965250947047025,0.0014050581958144903
YDR418W,YOR386W,0,13.42314,0.0625,0.000965250947047025,0.0015054194955155253
YLR372W,YMR170C,0,13.208263,0.05882352963089943,0.000965250947047025,0.0016057807952165604
YCL054W,YKL035W,0,13.085464,0.0555555559694767,0.000965250947047025,0.0017061420949175954
YER054C,YNL061W,0,13.01796,0.05263157933950424,0.000965250947047025,0.0018065033946186304
YKL181W,YOR386W,0,12.974091,0.05000000074505806,0.000965250947047025,0.0019068646943196654
YMR139W,YGR030C,0,12.972494,0.0476190485060215,0.000965250947047025,0.0020072259940207005
YHR106W,YLR333C,0,12.952147,0.04545454680919647,0.000965250947047025,0.0021075874101370573
YOR295W,YKL035W,0,12.923939,0.043478261679410934,0.000965250947047025,0.0022079485934227705
YER142C,YOR091W,0,12.745338,0.0416666679084301,0.000965250947047025,0.0023083100095391273
YLR175W,YGL156W,0,12.6844845,0.03999999910593033,0.000965250947047025,0.0024086711928248405
YOL097C,YDL110C,0,12.681921,0.03846153989434242,0.000965250947047025,0.0025090326089411974
YDR313C,YOR361C,0,12.625637,0.03703703731298447,0.000965250947047025,0.0026093937922269106
YNL151C,YMR297W,0,12.578018,0.0357142873108387,0.000965250947047025,0.0027097552083432674
YOL077C,YJL164C,0,12.542099,0.03448275849223137,0.000965250947047025,0.0028101163916289806
YGR159C,YKL213C,0,12.506657,0.03333333507180214,0.000965250947047025,0.0029104778077453375
YHR065C,YGL208W,0,12.466188,0.032258063554763794,0.000965250947047025,0.0030108389910310507
YGL196W,YER006W,0,12.423807,0.03125,0.000965250947047025,0.0031112004071474075
YML004C,YPL079W,0,12.410854,0.03030303120613098,0.000965250947047025,0.0032115615904331207
YJL177W,YER033C,0,12.31245,0.029411764815449715,0.000965250947047025,0.0033119230065494776
YCR034W,YPL087W,1,12.297575,0.05714285746216774,0.00193050189409405,0.0033119230065494776
YIL034C,YKL021C,0,12.21269,0.0555555559694767,0.00193050189409405,0.0034122841898351908
YIL099W,YOR167C,0,12.18541,0.054054055362939835,0.00193050189409405,0.0035126456059515476
YGR208W,YML042W,0,12.183102,0.05263157933950424,0.00193050189409405,0.003613006789237261
YMR297W,YLR068W,0,12.110882,0.05128205195069313,0.00193050189409405,0.0037133682053536177
YAL061W,YGR103W,0,12.092663,0.05000000074505806,0.00193050189409405,0.003813729388639331
YGR159C,YBL050W,0,12.078216,0.04878048598766327,0.00193050189409405,0.003914090804755688
YGL227W,YPL210C,0,12.074738,0.0476190485060215,0.00193050189409405,0.004014451988041401
YDR001C,YDL166C,0,12.064161,0.04651162773370743,0.00193050189409405,0.004114813171327114
YGR159C,YKL140W,0,12.057766,0.04545454680919647,0.00193050189409405,0.004215174820274115
YEL042W,YML042W,0,12.033148,0.04444444552063942,0.00193050189409405,0.004315536003559828
YBR189W,YGR154C,0,12.032478,0.043478261679410934,0.00193050189409405,0.004415897186845541
YFR053C,YNL308C,0,12.012362,0.042553190141916275,0.00193050189409405,0.004516258370131254
YDR330W,YHR007C,0,12.006413,0.0416666679084301,0.00193050189409405,0.004616620019078255
YDR533C,YBR121C,0,11.979068,0.040816325694322586,0.00193050189409405,0.004716981202363968
YEL060C,YOL061W,0,11.960106,0.03999999910593033,0.00193050189409405,0.004817342385649681
YDR361C,YOL013C,0,11.926832,0.03921568766236305,0.00193050189409405,0.004917703568935394
YKL165C,YML042W,1,11.921881,0.057692307978868484,0.002895752899348736,0.004917703568935394
YGR154C,YLR185W,0,11.914749,0.056603774428367615,0.002895752899348736,0.005018065217882395
YJR019C,YKL156W,0,11.843289,0.0555555559694767,0.002895752899348736,0.005118426401168108
YGR088W,YNL301C,0,11.806206,0.05454545468091965,0.002895752899348736,0.005218787584453821
YML022W,YER035W,0,11.793276,0.0535714291036129,0.002895752899348736,0.005319148767739534
YMR006C,YPR140W,1,11.784958,0.07017543911933899,0.0038610037881881,0.005319148767739534
YDR293C,YOL139C,0,11.677494,0.06896551698446274,0.0038610037881881,0.005419510416686535
YPR033C,YIL125W,0,11.630976,0.06779661029577255,0.0038610037881881,0.005519871599972248
YKL034W,YPL012W,0,11.610978,0.06666667014360428,0.0038610037881881,0.005620232783257961
YGL156W,YNL132W,0,11.592425,0.06557376682758331,0.0038610037881881,0.0057205939665436745
YFL022C,YMR322C,0,11.535034,0.06451612710952759,0.0038610037881881,0.005820955615490675
YLR133W,YHR007C,1,11.509945,0.0793650820851326,0.004826254677027464,0.005820955615490675
YOR173W,YML010W,0,11.506157,0.078125,0.004826254677027464,0.005921316798776388
YDR280W,YGL208W,0,11.505634,0.07692307978868484,0.004826254677027464,0.006021677982062101
YDL004W,YML130C,0,11.498854,0.07575757801532745,0.004826254677027464,0.0061220391653478146
YOL065C,YNR043W,1,11.483391,0.08955223858356476,0.005791505798697472,0.0061220391653478146
YDR178W,YNL002C,0,11.474503,0.0882352963089943,0.005791505798697472,0.006222400814294815
YNL113W,YOL032W,0,11.467605,0.08695652335882187,0.005791505798697472,0.006322761997580528
YDL115C,YOR224C,0,11.466734,0.08571428805589676,0.005791505798697472,0.0064231231808662415
YBR154C,YMR297W,0,11.46523,0.0845070406794548,0.005791505798697472,0.006523484364151955
YNR037C,YNL015W,0,11.464233,0.0833333358168602,0.005791505798697472,0.006623846013098955
YLR186W,YGL048C,0,11.44088,0.08219178020954132,0.005791505798697472,0.006724207196384668
YOR347C,YPR169W,0,11.406012,0.0810810774564743,0.005791505798697472,0.0068245683796703815
YNL061W,YHR028C,0,11.379343,0.07999999821186066,0.005791505798697472,0.006924929562956095
YLR324W,YMR309C,0,11.373956,0.07894736528396606,0.005791505798697472,0.007025291211903095
YHR106W,YJR007W,0,11.373663,0.07792207598686218,0.005791505798697472,0.0071256523951888084
YLR196W,YIL125W,0,11.334419,0.07692307978868484,0.005791505798697472,0.007226013578474522
YKL157W,YDL014W,0,11.330166,0.07594936341047287,0.005791505798697472,0.007326374761760235
YOR100C,YDL082W,0,11.299444,0.07500000298023224,0.005791505798697472,0.007426736410707235
YLR372W,YAL051W,1,11.289965,0.08641975373029709,0.006756756920367479,0.007426736410707235
YCL052C,YGR177C,1,11.282625,0.09756097197532654,0.0077220075763762,0.007426736410707235
YHR139C,YLR441C,0,11.274738,0.09638553857803345,0.0077220075763762,0.0075270975939929485
YKR081C,YOR227W,0,11.260233,0.095238097012043,0.0077220075763762,0.007627458777278662
YHR149C,YDL110C,0,11.260055,0.0941176488995552,0.0077220075763762,0.007727819960564375
YDR085C,YNL207W,0,11.2547,0.09302325546741486,0.0077220075763762,0.007828181609511375
YOL065C,YKL182W,1,11.253621,0.1034482792019844,0.008687258698046207,0.007828181609511375
YEL050C,YMR008C,1,11.1929655,0.11363636702299118,0.009652509354054928,0.007828181609511375
YDR330W,YLR221C,0,11.161906,0.11235955357551575,0.009652509354054928,0.007928542792797089
YJR094W-A,YGL053W,0,11.159153,0.1111111119389534,0.009652509354054928,0.008028903976082802
YBL039C,YGR154C,0,11.142773,0.10989011079072952,0.009652509354054928,0.008129265159368515
YDL194W,YLR435W,0,11.134545,0.10869564861059189,0.009652509354054928,0.008229626342654228
YBL101C,YBR162C,0,11.066942,0.10752688348293304,0.009652509354054928,0.008329987525939941
YPR001W,YMR202W,1,11.05438,0.11702127754688263,0.010617760941386223,0.008329987525939941
YBL064C,YLR214W,0,11.052336,0.11578947305679321,0.010617760941386223,0.00843034964054823
YKL129C,YDR465C,0,11.034807,0.1145833358168602,0.010617760941386223,0.008530710823833942
YOR155C,YKL143W,0,11.031646,0.11340206116437912,0.010617760941386223,0.008631072007119656
YPL123C,YIL043C,0,11.010937,0.11224489659070969,0.010617760941386223,0.008731433190405369
YKR092C,YLR102C,0,11.0018215,0.1111111119389534,0.010617760941386223,0.008831794373691082
YPL004C,YKL021C,0,11.001568,0.10999999940395355,0.010617760941386223,0.008932155556976795
YBL078C,YNL066W,0,10.995014,0.10891088843345642,0.010617760941386223,0.009032516740262508
YGR060W,YBR003W,1,10.988951,0.11764705926179886,0.011583011597394943,0.009032516740262508
YCR091W,YLR432W,0,10.988239,0.11650485545396805,0.011583011597394943,0.009132877923548222
YBR171W,YBR169C,0,10.970759,0.11538461595773697,0.011583011597394943,0.00923324003815651
YBR046C,YMR199W,0,10.943664,0.11428571492433548,0.011583011597394943,0.009333601221442223
YGR194C,YOR001W,0,10.938887,0.11320754885673523,0.011583011597394943,0.009433962404727936
YOL097C,YPL206C,0,10.910294,0.11214952915906906,0.011583011597394943,0.009534323588013649
YDR533C,YDR234W,0,10.877736,0.1111111119389534,0.011583011597394943,0.009634684771299362
YML026C,YOR059C,0,10.870258,0.11009174585342407,0.011583011597394943,0.009735045954585075
YBL087C,YOR245C,0,10.867252,0.1090909093618393,0.011583011597394943,0.009835407137870789
YIL017C,YGR280C,0,10.861752,0.10810811072587967,0.011583011597394943,0.009935768321156502
YIL097W,YJL002C,0,10.837759,0.1071428582072258,0.011583011597394943,0.01003613043576479
YBR191W,YOL084W,0,10.836805,0.10619468986988068,0.011583011597394943,0.010136491619050503
YMR256C,YNR075W,0,10.832871,0.10526315867900848,0.011583011597394943,0.010236852802336216
YLR327C,YOR253W,0,10.817655,0.104347825050354,0.011583011597394943,0.01033721398562193
YIL040W,YMR261C,0,10.811777,0.1034482792019844,0.011583011597394943,0.010437575168907642
YDR122W,YMR235C,0,10.807991,0.10256410390138626,0.011583011597394943,0.010537936352193356
YIR026C,YMR152W,0,10.802208,0.10169491171836853,0.011583011597394943,0.010638297535479069
YHR007C,YDR435C,0,10.793391,0.10084033757448196,0.011583011597394943,0.010738658718764782
YDL091C,YNL066W,0,10.781654,0.10000000149011612,0.011583011597394943,0.01083902083337307
YPL206C,YLR056W,1,10.765843,0.10743801295757294,0.012548262253403664,0.01083902083337307
YFR015C,YJL122W,0,10.760441,0.10655737668275833,0.012548262253403664,0.010939382016658783
YML004C,YLR432W,0,10.738451,0.10569106042385101,0.012548262253403664,0.011039743199944496
YGL171W,YIL099W,0,10.738031,0.10483870655298233,0.012548262253403664,0.01114010438323021
YCL059C,YOR374W,0,10.7304535,0.10400000214576721,0.012548262253403664,0.011240465566515923
YBR291C,YJL164C,0,10.7094345,0.1031746044754982,0.012548262253403664,0.011340826749801636
YOR341W,YKL150W,0,10.685737,0.10236220806837082,0.012548262253403664,0.011441187933087349
YOR035C,YHR007C,0,10.681705,0.1015625,0.012548262253403664,0.011541549116373062
YDL122W,YMR105C,0,10.678348,0.10077519714832306,0.012548262253403664,0.01164191123098135
YBR070C,YOR374W,0,10.675366,0.10000000149011612,0.012548262253403664,0.011742272414267063
YMR175W,YER006W,0,10.67091,0.09923664480447769,0.012548262253403664,0.011842633597552776
YOL119C,YDR500C,0,10.653421,0.09848485141992569,0.012548262253403664,0.01194299478083849
YIL097W,YDL051W,0,10.653416,0.09774436056613922,0.012548262253403664,0.012043355964124203
YML008C,YLR189C,1,10.652979,0.10447761416435242,0.013513513840734959,0.012043355964124203
YLR212C,YGL156W,0,10.651926,0.10370370000600815,0.013513513840734959,0.012143717147409916
YMR037C,YGL058W,0,10.64995,0.10294117778539658,0.013513513840734959,0.012244078330695629
YDR279W,YKL035W,0,10.639057,0.10218977928161621,0.013513513840734959,0.012344440445303917
YMR092C,YNL069C,0,10.624554,0.10144927352666855,0.013513513840734959,0.01244480162858963
YPL212C,YMR278W,0,10.620253,0.10071942210197449,0.013513513840734959,0.012545162811875343
YER131W,YLR246W,0,10.598926,0.10000000149011612,0.013513513840734959,0.012645523995161057
YIL154C,YMR116C,0,10.591707,0.09929078072309494,0.013513513840734959,0.01274588517844677
YML009C,YDR293C,0,10.532019,0.09859155118465424,0.013513513840734959,0.012846246361732483
YHR096C,YKR081C,0,10.528218,0.0979020968079567,0.013513513840734959,0.012946607545018196
YBR286W,YLR367W,0,10.52728,0.0972222238779068,0.013513513840734959,0.01304696872830391
YBL064C,YKL032C,0,10.51193,0.09655172377824783,0.013513513840734959,0.013147330842912197
YDR178W,YER110C,0,10.5116005,0.09589041024446487,0.013513513840734959,0.01324769202619791
YOR124C,YLR409C,0,10.507165,0.095238097012043,0.013513513840734959,0.013348053209483624
YDR214W,YBR189W,0,10.503368,0.09459459781646729,0.013513513840734959,0.013448414392769337
YIL107C,YDR119W,0,10.478723,0.0939597338438034,0.013513513840734959,0.01354877557605505
YLR248W,YDL003W,0,10.477702,0.09333333373069763,0.013513513840734959,0.013649136759340763
YDR074W,YOL020W,0,10.469286,0.09271523356437683,0.013513513840734959,0.013749497942626476
YIL155C,YPR132W,0,10.468891,0.09210526198148727,0.013513513840734959,0.01384985912591219
YLR435W,YJR104C,0,10.46402,0.09150326997041702,0.013513513840734959,0.013950221240520477
YBR189W,YMR030W,0,10.450512,0.09090909361839294,0.013513513840734959,0.01405058242380619
YHR072W,YKR009C,1,10.432283,0.09677419066429138,0.014478764496743679,0.01405058242380619
YDR025W,YLR258W,0,10.414049,0.09615384787321091,0.014478764496743679,0.014150943607091904
YDL222C,YDL192W,0,10.370306,0.09554140269756317,0.014478764496743679,0.014251304790377617
YMR175W,YOR167C,0,10.362436,0.09493670612573624,0.014478764496743679,0.01435166597366333
YDR060W,YOR120W,0,10.355322,0.09433962404727936,0.014478764496743679,0.014452027156949043
YHR019C,YER033C,0,10.337963,0.09375,0.014478764496743679,0.014552388340234756
YGR049W,YPL031C,0,10.337336,0.09316769987344742,0.014478764496743679,0.01465274952352047
YER096W,YOR312C,0,10.321075,0.09259258955717087,0.014478764496743679,0.014753111638128757
YGL096W,YJR145C,0,10.3055105,0.0920245423913002,0.014478764496743679,0.01485347282141447
YDL130W-A,YLR221C,0,10.276081,0.09146341681480408,0.014478764496743679,0.014953834004700184
YGL055W,YBR234C,0,10.260557,0.09090909361839294,0.014478764496743679,0.015054195187985897
YJL097W,YNL009W,1,10.257486,0.09638553857803345,0.0154440151527524,0.015054195187985897
YOL146W,YBR169C,0,10.246506,0.09580838680267334,0.0154440151527524,0.01515455637127161
YPL159C,YLR172C,0,10.245889,0.095238097012043,0.0154440151527524,0.015254917554557323
YGL111W,YGL121C,0,10.224697,0.09467455744743347,0.0154440151527524,0.015355278737843037
YLR074C,YPL206C,0,10.219151,0.0941176488995552,0.0154440151527524,0.01545563992112875
YGR177C,YKR009C,1,10.203746,0.09941520541906357,0.016409266740083694,0.01545563992112875
YPR155C,YBR069C,0,10.202831,0.09883721172809601,0.016409266740083694,0.015556002035737038
YPR155C,YPL043W,0,10.202386,0.09826589375734329,0.016409266740083694,0.01565636321902275
YNR051C,YDR011W,0,10.189075,0.09770114719867706,0.016409266740083694,0.015756724402308464
YCL054W,YIL062C,0,10.185215,0.09714286029338837,0.016409266740083694,0.015857085585594177
YMR242C,YOR391C,0,10.182996,0.09659090638160706,0.016409266740083694,0.01595744676887989
YGL076C,YNL009W,0,10.165234,0.09604519605636597,0.016409266740083694,0.016057807952165604
YGR060W,YLR239C,1,10.161839,0.10112359374761581,0.017374517396092415,0.016057807952165604
YBL018C,YDR166C,0,10.149107,0.10055866092443466,0.017374517396092415,0.016158169135451317
YGR030C,YBR169C,0,10.14188,0.10000000149011612,0.017374517396092415,0.01625853031873703
YCR034W,YBR003W,1,10.132622,0.10497237741947174,0.018339768052101135,0.01625853031873703
YOL126C,YDL166C,0,10.118635,0.10439560562372208,0.018339768052101135,0.016358891502022743
YDL052C,YBR183W,1,10.104718,0.10928961634635925,0.019305018708109856,0.016358891502022743
YDR101C,YMR152W,0,10.102171,0.10869564861059189,0.019305018708109856,0.016459252685308456
YHR188C,YGL055W,1,10.098885,0.1135135143995285,0.020270269364118576,0.016459252685308456
YNL322C,YIL103W,0,10.091333,0.11290322244167328,0.020270269364118576,0.01655961386859417
YDR533C,YGL077C,0,10.081139,0.11229946464300156,0.020270269364118576,0.016659975051879883
YGL189C,YOR002W,0,10.08042,0.11170212924480438,0.020270269364118576,0.016760338097810745
YDR025W,YDR074W,0,10.068203,0.1111111119389534,0.020270269364118576,0.01686069928109646
YNL012W,YJL168C,0,10.0620575,0.11052631586790085,0.020270269364118576,0.01696106046438217
YEL060C,YIL009W,0,10.061817,0.10994764417409897,0.020270269364118576,0.017061421647667885
YGL181W,YOR091W,0,10.058981,0.109375,0.020270269364118576,0.017161782830953598
YFL062W,YPR143W,0,10.052923,0.10880828648805618,0.020270269364118576,0.01726214401423931
YDR075W,YLL026W,0,10.051371,0.10824742168188095,0.020270269364118576,0.017362505197525024
YCR083W,YNR053C,0,10.047743,0.10769230872392654,0.020270269364118576,0.017462866380810738
YJL137C,YKL081W,0,10.046156,0.1071428582072258,0.020270269364118576,0.01756322756409645
YNR016C,YFL029C,0,10.039053,0.10659898817539215,0.020270269364118576,0.017663588747382164
YOR115C,YDR148C,0,10.014353,0.10606060922145844,0.020270269364118576,0.017763949930667877
YDL201W,YFL062W,0,9.986643,0.10552763938903809,0.020270269364118576,0.01786431111395359
YDR294C,YMR246W,1,9.952648,0.10999999940395355,0.021235521882772446,0.01786431111395359
YGR260W,YPL214C,0,9.951683,0.1094527393579483,0.021235521882772446,0.017964672297239304
YBR091C,YOR155C,0,9.94396,0.10891088843345642,0.021235521882772446,0.018065033480525017
YGR177C,YGL084C,1,9.941664,0.11330049484968185,0.022200772538781166,0.018065033480525017
YIL156W,YGR057C,0,9.941431,0.11274509876966476,0.022200772538781166,0.01816539466381073
YFR031C-A,YJL001W,0,9.923716,0.11219511926174164,0.022200772538781166,0.018265755847096443
YPL017C,YKL081W,0,9.919914,0.1116504818201065,0.022200772538781166,0.018366118893027306
YDL031W,YGL161C,0,9.916281,0.1111111119389534,0.022200772538781166,0.01846648007631302
YGL171W,YBL075C,0,9.911758,0.11057692021131516,0.022200772538781166,0.018566841259598732
YKL165C,YOR317W,1,9.906666,0.11483253538608551,0.023166023194789886,0.018566841259598732
YML129C,YDL051W,0,9.901949,0.11428571492433548,0.023166023194789886,0.018667202442884445
YCR054C,YDR516C,0,9.8983555,0.11374407261610031,0.023166023194789886,0.01876756362617016
YDR156W,YIL136W,0,9.893653,0.11320754885673523,0.023166023194789886,0.01886792480945587
YKR025W,YBR024W,0,9.891361,0.11267605423927307,0.023166023194789886,0.018968285992741585
YBL075C,YDR465C,0,9.883741,0.11214952915906906,0.023166023194789886,0.019068647176027298
YOR273C,YGL171W,0,9.882854,0.11162790656089783,0.023166023194789886,0.01916900835931301
YDR258C,YHL020C,0,9.881571,0.1111111119389534,0.023166023194789886,0.019269369542598724
YBR189W,YKL039W,0,9.879015,0.1105990782380104,0.023166023194789886,0.019369730725884438
YIL009W,YML042W,1,9.873404,0.11467889696359634,0.024131273850798607,0.019369730725884438
YER030W,YCR010C,0,9.870844,0.11415524780750275,0.024131273850798607,0.01947009190917015
YDR242W,YBR181C,0,9.86527,0.11363636702299118,0.024131273850798607,0.019570453092455864
YCL059C,YJL048C,0,9.823177,0.11312217265367508,0.024131273850798607,0.019670814275741577
YLR276C,YGL161C,0,9.784396,0.11261261254549026,0.024131273850798607,0.01977117545902729
YMR092C,YJL080C,0,9.781586,0.11210761964321136,0.024131273850798607,0.019871536642313004
YOR178C,YGR200C,0,9.7754,0.1116071417927742,0.024131273850798607,0.019971899688243866
YFR014C,YOR293W,0,9.769951,0.1111111119389534,0.024131273850798607,0.02007226087152958
YOL120C,YDR032C,0,9.763724,0.11061947047710419,0.024131273850798607,0.020172622054815292
YGR124W,YDR074W,0,9.755425,0.11013215780258179,0.024131273850798607,0.020272983238101006
YDR293C,YLR249W,0,9.754115,0.10964912176132202,0.024131273850798607,0.02037334442138672
YPR118W,YHL021C,0,9.750839,0.10917030274868011,0.024131273850798607,0.020473705604672432
YGR162W,YLR109W,0,9.74711,0.10869564861059189,0.024131273850798607,0.020574066787958145
YDL085W,YNR024W,0,9.740761,0.10822510719299316,0.024131273850798607,0.02067442797124386
YIL007C,YNL161W,0,9.705246,0.10775861889123917,0.024131273850798607,0.02077478915452957
YLR240W,YCL054W,0,9.699068,0.10729613900184631,0.024131273850798607,0.020875150337815285
YOR065W,YML125C,0,9.697964,0.10683760792016983,0.024131273850798607,0.020975511521100998
YMR015C,YGR231C,0,9.670515,0.10638298094272614,0.024131273850798607,0.02107587270438671
YMR217W,YNL012W,0,9.667354,0.10593220591545105,0.024131273850798607,0.021176233887672424
YLR380W,YBR035C,1,9.663395,0.1097046434879303,0.025096524506807327,0.021176233887672424
YPL266W,YHR194W,0,9.649019,0.10924369841814041,0.025096524506807327,0.021276595070958138
YNR012W,YLR133W,0,9.64205,0.10878661274909973,0.025096524506807327,0.02137695625424385
YPR154W,YCR086W,0,9.636576,0.10833333432674408,0.025096524506807327,0.021477317437529564
YKL120W,YLR216C,0,9.633753,0.10788381844758987,0.025096524506807327,0.021577680483460426
YML057W,YBL072C,0,9.620567,0.10743801295757294,0.025096524506807327,0.02167804166674614
YAL028W,YMR235C,0,9.616083,0.10699588805437088,0.025096524506807327,0.021778402850031853
YNL069C,YGL250W,0,9.600056,0.10655737668275833,0.025096524506807327,0.021878764033317566
YNR001C,YDR037W,0,9.595643,0.1061224490404129,0.025096524506807327,0.02197912521660328
YBR181C,YMR297W,0,9.588606,0.10569106042385101,0.025096524506807327,0.022079486399888992
YDL200C,YPL037C,0,9.588572,0.10526315867900848,0.025096524506807327,0.022179847583174706
YDR058C,YLR056W,1,9.583745,0.1088709682226181,0.026061775162816048,0.022179847583174706
YHR146W,YPL173W,0,9.573946,0.10843373835086823,0.026061775162816048,0.02228020876646042
YMR119W,YOR361C,0,9.565435,0.1080000028014183,0.026061775162816048,0.022380569949746132
YPL103C,YMR015C,1,9.548855,0.11155378818511963,0.027027027681469917,0.022380569949746132
YJL080C,YNR047W,0,9.545389,0.1111111119389534,0.027027027681469917,0.022480931133031845
YEL055C,YHR161C,0,9.53936,0.11067193746566772,0.027027027681469917,0.02258129231631756
YGR159C,YDL223C,0,9.538349,0.11023622006177902,0.027027027681469917,0.02268165349960327
YBR030W,YOL013C,0,9.532275,0.10980392247438431,0.027027027681469917,0.022782014682888985
YHR007C,YBR035C,1,9.527481,0.11328125,0.027992278337478638,0.022782014682888985
YML120C,YBR296C,0,9.524799,0.11284046620130539,0.027992278337478638,0.022882375866174698
YHR043C,YHR128W,0,9.514262,0.11240310221910477,0.027992278337478638,0.02298273704946041
YGL077C,YLR284C,0,9.508941,0.11196911334991455,0.027992278337478638,0.023083098232746124
YPL081W,YHL002W,0,9.502537,0.11153846234083176,0.027992278337478638,0.023183461278676987
YML022W,YER178W,0,9.502304,0.1111111119389534,0.027992278337478638,0.0232838224619627
YHR149C,YGL136C,0,9.501179,0.1106870248913765,0.027992278337478638,0.023384183645248413
YPL117C,YOR059C,1,9.498947,0.11406844109296799,0.028957528993487358,0.023384183645248413
YNL156C,YOL140W,0,9.497768,0.11363636702299118,0.028957528993487358,0.023484544828534126
YDR330W,YDR075W,0,9.484671,0.11320754885673523,0.028957528993487358,0.02358490601181984
YDR388W,YDR280W,0,9.477487,0.11278195679187775,0.028957528993487358,0.023685267195105553
YJR001W,YDR384C,0,9.465811,0.11235955357551575,0.028957528993487358,0.023785628378391266
YJL121C,YHR190W,0,9.459091,0.11194030195474625,0.028957528993487358,0.02388598956167698
YML022W,YKL039W,0,9.4589815,0.11152416467666626,0.028957528993487358,0.023986350744962692
YOR133W,YNL009W,0,9.457266,0.1111111119389534,0.028957528993487358,0.024086711928248405
YGR037C,YML075C,1,9.457088,0.11439114063978195,0.02992277964949608,0.024086711928248405
YDR171W,YPL246C,0,9.455458,0.11397058516740799,0.02992277964949608,0.02418707311153412
YOL151W,YLR304C,1,9.429167,0.11721611768007278,0.0308880303055048,0.02418707311153412
YDR037W,YMR119W,0,9.417728,0.11678832024335861,0.0308880303055048,0.024287434294819832
YBR272C,YKR092C,0,9.417614,0.11636363714933395,0.0308880303055048,0.024387795478105545
YKL150W,YKL182W,1,9.404835,0.1195652186870575,0.03185328096151352,0.024387795478105545
YFL062W,YKL056C,0,9.399125,0.11913357675075531,0.03185328096151352,0.024488156661391258
YOR347C,YOR167C,0,9.392391,0.11870503425598145,0.03185328096151352,0.02458851784467697
YGR256W,YJR077C,0,9.3854475,0.11827956885099411,0.03185328096151352,0.024688880890607834
YGR177C,YNL009W,1,9.381776,0.12142857164144516,0.03281853348016739,0.024688880890607834
YHR072W,YCR009C,0,9.378115,0.12099643796682358,0.03281853348016739,0.024789242073893547
YAL042W,YPL203W,0,9.376971,0.12056737393140793,0.03281853348016739,0.02488960325717926
YNL101W,YGR148C,0,9.3751135,0.12014134228229523,0.03281853348016739,0.024989964440464973
YER053C,YGL211W,0,9.370684,0.11971831321716309,0.03281853348016739,0.025090325623750687
YMR006C,YJL100W,1,9.367577,0.12280701845884323,0.03378378227353096,0.025090325623750687
YLR120C,YLR432W,0,9.365076,0.12237761914730072,0.03378378227353096,0.0251906868070364
YOR056C,YDR231C,0,9.355965,0.12195122241973877,0.03378378227353096,0.025291047990322113
YDL019C,YOR149C,1,9.351047,0.125,0.03474903479218483,0.025291047990322113
YPL006W,YML126C,1,9.331776,0.12802767753601074,0.0357142873108387,0.025291047990322113
YPL262W,YCR034W,0,9.3280525,0.12758620083332062,0.0357142873108387,0.025391409173607826
YJL158C,YDR197W,0,9.318762,0.12714776396751404,0.0357142873108387,0.02549177035689354
YBR221C,YKL116C,0,9.3123455,0.12671232223510742,0.0357142873108387,0.025592131540179253
YPL186C,YDR302W,0,9.311021,0.12627986073493958,0.0357142873108387,0.025692492723464966
YGL087C,YPL211W,0,9.307117,0.12585033476352692,0.0357142873108387,0.02579285390675068
YPR112C,YNL293W,0,9.305849,0.12542372941970825,0.0357142873108387,0.025893215090036392
YLR056W,YPR008W,0,9.304511,0.125,0.0357142873108387,0.025993576273322105
YHR133C,YBR035C,1,9.296703,0.12794612348079681,0.03667953610420227,0.025993576273322105
YDR516C,YMR220W,0,9.294477,0.12751677632331848,0.03667953610420227,0.02609393745660782
YLR228C,YPL087W,1,9.290239,0.1304347813129425,0.03764478862285614,0.02609393745660782
YCR079W,YOR260W,0,9.289875,0.12999999523162842,0.03764478862285614,0.026194298639893532
YGL257C,YDR074W,0,9.289587,0.12956809997558594,0.03764478862285614,0.026294661685824394
YDR372C,YMR056C,0,9.279731,0.12913906574249268,0.03764478862285614,0.026395022869110107
YPL031C,YER118C,0,9.2792,0.12871287763118744,0.03764478862285614,0.02649538405239582
YFR010W,YPL157W,0,9.275434,0.12828947603702545,0.03764478862285614,0.026595745235681534
YEL005C,YGR200C,0,9.270755,0.12786884605884552,0.03764478862285614,0.026696106418967247
YDR471W,YOR221C,0,9.263449,0.12745098769664764,0.03764478862285614,0.02679646760225296
YLR372W,YGL142C,1,9.26226,0.13029316067695618,0.03861003741621971,0.02679646760225296
YOL077C,YIL087C,0,9.256838,0.12987013161182404,0.03861003741621971,0.026896828785538673
YBR272C,YNR054C,0,9.256005,0.12944984436035156,0.03861003741621971,0.026997189968824387
YNR041C,YLR450W,1,9.254819,0.13225805759429932,0.03957528993487358,0.026997189968824387
YPL015C,YGR148C,0,9.252472,0.1318327933549881,0.03957528993487358,0.0270975511521101
YHR096C,YKL191W,0,9.244196,0.13141025602817535,0.03957528993487358,0.027197912335395813
YDR122W,YKL139W,0,9.241316,0.1309904158115387,0.03957528993487358,0.027298273518681526
YGR086C,YBL018C,0,9.234229,0.13057324290275574,0.03957528993487358,0.02739863470196724
YDR294C,YHR042W,1,9.229624,0.13333334028720856,0.04054053872823715,0.02739863470196724
YHR106W,YJL097W,0,9.215078,0.13291139900684357,0.04054053872823715,0.027498995885252953
YPL170W,YOR260W,0,9.214922,0.13249211013317108,0.04054053872823715,0.027599357068538666
YLR017W,YGL229C,0,9.211427,0.1320754736661911,0.04054053872823715,0.02769971825182438
YHR013C,YHL021C,0,9.207633,0.13166144490242004,0.04054053872823715,0.027800079435110092
YLR154C,YER119C,0,9.189846,0.13124999403953552,0.04054053872823715,0.027900442481040955
YER004W,YDR450W,0,9.183192,0.13084112107753754,0.04054053872823715,0.028000803664326668
YDL192W,YLR174W,0,9.178837,0.1304347813129425,0.04054053872823715,0.02810116484761238
YDR515W,YLR304C,0,9.178009,0.13003095984458923,0.04054053872823715,0.028201526030898094
YJL099W,YNL031C,0,9.177887,0.12962962687015533,0.04054053872823715,0.028301887214183807
YDR085C,YCR063W,0,9.174301,0.12923076748847961,0.04054053872823715,0.02840224839746952
YHR133C,YBR132C,1,9.1732025,0.1319018453359604,0.04150579124689102,0.02840224839746952
YNR053C,YPL206C,0,9.166292,0.13149847090244293,0.04150579124689102,0.028502609580755234
YDL213C,YLR089C,0,9.163021,0.13109755516052246,0.04150579124689102,0.028602970764040947
YGL111W,YIL099W,0,9.15697,0.13069908320903778,0.04150579124689102,0.02870333194732666
YLR431C,YLR409C,0,9.154259,0.1303030252456665,0.04150579124689102,0.028803693130612373
YAL002W,YMR256C,0,9.150263,0.12990936636924744,0.04150579124689102,0.028904054313898087
YNR007C,YEL061C,0,9.149501,0.1295180767774582,0.04150579124689102,0.0290044154971838
YOL007C,YGL156W,0,9.137021,0.12912912666797638,0.04150579124689102,0.029104776680469513
YPL101W,YMR105C,0,9.110054,0.128742516040802,0.04150579124689102,0.029205137863755226
YOR227W,YLR388W,0,9.109289,0.12835821509361267,0.04150579124689102,0.02930549904704094
YJR045C,YOR341W,0,9.103841,0.127976194024086,0.04150579124689102,0.029405860230326653
YBR002C,YBR183W,1,9.101036,0.13056379556655884,0.04247104376554489,0.029405860230326653
YPL237W,YDR517W,0,9.100916,0.13017751276493073,0.04247104376554489,0.029506223276257515
YLR070C,YIL019W,0,9.097822,0.12979350984096527,0.04247104376554489,0.029606584459543228
YGL001C,YBR179C,0,9.089348,0.12941177189350128,0.04247104376554489,0.02970694564282894
YIL125W,YHR169W,0,9.087647,0.12903225421905518,0.04247104376554489,0.029807306826114655
YOR011W,YPR023C,0,9.082244,0.12865497171878815,0.04247104376554489,0.029907668009400368
YFR044C,YNL067W,0,9.079707,0.1282798796892166,0.04247104376554489,0.03000802919268608
YDL106C,YEL054C,0,9.079559,0.12790697813034058,0.04247104376554489,0.030108390375971794
YKL065C,YER082C,0,9.073461,0.12753623723983765,0.04247104376554489,0.030208751559257507
YML126C,YGL048C,0,9.071142,0.12716762721538544,0.04247104376554489,0.03030911274254322
YML130C,YBR169C,0,9.068495,0.12680114805698395,0.04247104376554489,0.030409473925828934
YER039C,YHR021C,0,9.067791,0.12643678486347198,0.04247104376554489,0.030509835109114647
YBR036C,YLR409C,0,9.062649,0.12607449293136597,0.04247104376554489,0.03061019629240036
YGL096W,YGL031C,0,9.057666,0.1257142871618271,0.04247104376554489,0.030710557475686073
YDR342C,YML014W,0,9.035501,0.12535612285137177,0.04247104376554489,0.030810918658971786
YLR435W,YGR241C,0,9.029123,0.125,0.04247104376554489,0.0309112798422575
YGL055W,YJL099W,0,9.008089,0.1246458888053894,0.04247104376554489,0.031011641025543213
YLR304C,YNL036W,0,9.00277,0.12429378181695938,0.04247104376554489,0.031112004071474075
YLR403W,YKL065C,0,9.001398,0.12394366413354874,0.04247104376554489,0.03121236525475979
YKL054C,YGR284C,0,8.998045,0.12359550595283508,0.04247104376554489,0.0313127264380455
YOR026W,YKL163W,0,8.995235,0.12324929982423782,0.04247104376554489,0.031413085758686066
YOL120C,YER139C,0,8.989338,0.12290503084659576,0.04247104376554489,0.03151344880461693
YPR075C,YOR315W,0,8.97563,0.12256267666816711,0.04247104376554489,0.03161380812525749
YHL033C,YDR481C,0,8.96822,0.12222222238779068,0.04247104376554489,0.031714171171188354
YIL160C,YDR331W,1,8.965923,0.12465374171733856,0.04343629255890846,0.031714171171188354
YKL032C,YAL056W,0,8.96254,0.12430939078330994,0.04343629255890846,0.03181453049182892
YGR138C,YJL158C,0,8.961878,0.12396693974733353,0.04343629255890846,0.03191489353775978
YGR177C,YCR044C,1,8.952589,0.12637363374233246,0.04440154507756233,0.03191489353775978
YOL023W,YHR072W,0,8.951649,0.12602739036083221,0.04440154507756233,0.03201525658369064
YOR177C,YPL090C,0,8.938871,0.12568305432796478,0.04440154507756233,0.03211561590433121
YCR048W,YBR003W,1,8.93774,0.12806539237499237,0.0453667938709259,0.03211561590433121
YGL055W,YNL106C,1,8.936127,0.1304347813129425,0.04633204638957977,0.03211561590433121
YNL158W,YJL100W,1,8.933111,0.13279132544994354,0.04729729890823364,0.03211561590433121
YDR012W,YGL179C,0,8.924246,0.13243243098258972,0.04729729890823364,0.03221597895026207
YMR081C,YPL255W,0,8.921146,0.1320754736661911,0.04729729890823364,0.032316338270902634
YNL015W,YOL125W,0,8.9031105,0.1317204236984253,0.04729729890823364,0.032416701316833496
YMR105C,YGR142W,0,8.897884,0.1313672959804535,0.04729729890823364,0.03251706063747406
YPL043W,YDL181W,0,8.896563,0.13101604580879211,0.04729729890823364,0.03261742368340492
YNR036C,YHR197W,0,8.890696,0.13066667318344116,0.04729729890823364,0.032717783004045486
YNL156C,YOR375C,0,8.88741,0.13031914830207825,0.04729729890823364,0.03281814604997635
YPL120W,YOL002C,1,8.886856,0.1326259970664978,0.048262547701597214,0.03281814604997635
YGR280C,YLR070C,0,8.883311,0.13227513432502747,0.048262547701597214,0.03291850537061691
YBR042C,YOR245C,1,8.878403,0.13456463813781738,0.04922780022025108,0.03291850537061691
YER143W,YER082C,0,8.872723,0.1342105269432068,0.04922780022025108,0.033018868416547775
YML024W,YJR161C,0,8.87216,0.13385826349258423,0.04922780022025108,0.03311922773718834
YLR097C,YPR070W,0,8.860781,0.1335078477859497,0.04922780022025108,0.0332195907831192
YOL002C,YKR067W,1,8.84606,0.13577023148536682,0.050193049013614655,0.0332195907831192
YLL006W,YIL148W,0,8.834608,0.1354166716337204,0.050193049013614655,0.033319950103759766
YDL223C,YKR077W,0,8.834063,0.13506492972373962,0.050193049013614655,0.03342031314969063
YLR120C,YBR039W,0,8.830704,0.1347150206565857,0.050193049013614655,0.03352067619562149
YMR290C,YLR128W,0,8.828514,0.1343669295310974,0.050193049013614655,0.033621035516262054
YJL125C,YDR435C,0,8.827814,0.1340206116437912,0.050193049013614655,0.03372139856219292
YER060W,YBR169C,0,8.813313,0.13367609679698944,0.050193049013614655,0.03382175788283348
YJL014W,YJL164C,0,8.806672,0.13333334028720856,0.050193049013614655,0.03392212092876434
YLR056W,YKR031C,1,8.805922,0.1355498731136322,0.051158301532268524,0.03392212092876434
YLR100W,YDR036C,0,8.804946,0.13520407676696777,0.051158301532268524,0.03402248024940491
YMR022W,YOR101W,0,8.8028145,0.1348600536584854,0.051158301532268524,0.03412284329533577
YLR056W,YDR130C,0,8.797869,0.13451775908470154,0.051158301532268524,0.034223202615976334
YGR074W,YCL033C,0,8.797177,0.13417720794677734,0.051158301532268524,0.034323565661907196
YBR162C,YHR017W,0,8.792315,0.13383838534355164,0.051158301532268524,0.03442392498254776
YEL027W,YPL258C,0,8.789958,0.13350126147270203,0.051158301532268524,0.03452428802847862
YBR105C,YHR121W,0,8.787537,0.13316583633422852,0.051158301532268524,0.034624647349119186
YDR169C,YOR236W,0,8.783514,0.13283208012580872,0.051158301532268524,0.03472501039505005
YMR202W,YER015W,1,8.783352,0.13500000536441803,0.052123550325632095,0.03472501039505005
YHR166C,YBR179C,0,8.77839,0.13466334342956543,0.052123550325632095,0.03482536971569061
YDR361C,YNR045W,0,8.773996,0.13432836532592773,0.052123550325632095,0.034925732761621475
YPR140W,YOR321W,0,8.771648,0.13399504125118256,0.052123550325632095,0.03502609208226204
YER004W,YGL135W,0,8.770929,0.1336633712053299,0.052123550325632095,0.0351264551281929
YPL266W,YDR406W,0,8.76355,0.13333334028720856,0.052123550325632095,0.035226818174123764
YDR406W,YER003C,0,8.760862,0.13300491869449615,0.052123550325632095,0.03532717749476433
YNL012W,YBL082C,1,8.7596035,0.13513512909412384,0.053088802844285965,0.03532717749476433
YFR008W,YBL072C,0,8.754482,0.1348039209842682,0.053088802844285965,0.03542754054069519
YDR171W,YJR118C,0,8.75171,0.13447432219982147,0.053088802844285965,0.035527899861335754
YML012W,YDR284C,0,8.738966,0.13414634764194489,0.053088802844285965,0.03562826290726662
YMR079W,YGR202C,1,8.73439,0.13625304400920868,0.054054055362939835,0.03562826290726662
YGR138C,YAL012W,0,8.727368,0.13592232763767242,0.054054055362939835,0.03572862222790718
YLR299W,YNL207W,0,8.724289,0.1355932205915451,0.054054055362939835,0.03582898527383804
YPL187W,YBL002W,0,8.709257,0.13526569306850433,0.054054055362939835,0.03592934459447861
YNL322C,YEL050C,0,8.705731,0.1349397599697113,0.054054055362939835,0.03602970764040947
YCR083W,YBL009W,0,8.704815,0.13461539149284363,0.054054055362939835,0.036130066961050034
YHR123W,YGR037C,1,8.703941,0.1366906464099884,0.055019304156303406,0.036130066961050034
YNR016C,YOR059C,1,8.702464,0.13875597715377808,0.055984556674957275,0.036130066961050034
YKL129C,YDL212W,0,8.70232,0.138424813747406,0.055984556674957275,0.036230430006980896
YNR043W,YOR059C,1,8.69664,0.14047619700431824,0.05694980546832085,0.036230430006980896
YKL148C,YLR226W,0,8.684414,0.1401425153017044,0.05694980546832085,0.03633078932762146
YBL087C,YGL124C,0,8.682026,0.13981042802333832,0.05694980546832085,0.03643115237355232
YDR297W,YKL192C,1,8.680328,0.1418439745903015,0.057915057986974716,0.03643115237355232
YJL125C,YER177W,0,8.6783695,0.14150942862033844,0.057915057986974716,0.036531511694192886
YGR060W,YPR140W,1,8.674778,0.14352941513061523,0.058880310505628586,0.036531511694192886
YNR016C,YNL012W,1,8.673626,0.14553990960121155,0.05984555929899216,0.036531511694192886
YOR358W,YLR222C,0,8.670824,0.14519906044006348,0.05984555929899216,0.03663187474012375
YOR120W,YOL127W,0,8.668801,0.14485980570316315,0.05984555929899216,0.03673223778605461
YMR165C,YFL025C,1,8.664412,0.14685314893722534,0.06081081181764603,0.03673223778605461
YLR248W,YML126C,0,8.651926,0.14651162922382355,0.06081081181764603,0.036832597106695175
YPL037C,YDR003W,0,8.649922,0.1461716890335083,0.06081081181764603,0.03693296015262604
YMR296C,YNL156C,1,8.647179,0.14814814925193787,0.0617760606110096,0.03693296015262604
YPL103C,YOL002C,1,8.644323,0.1501154750585556,0.06274130940437317,0.03693296015262604
YOR059C,YAL003W,0,8.643948,0.149769589304924,0.06274130940437317,0.0370333194732666
YKL138C,YDR482C,0,8.642167,0.14942528307437897,0.06274130940437317,0.037133682519197464
YER091C,YKL017C,0,8.633955,0.14908257126808167,0.06274130940437317,0.03723404183983803
YMR242C,YMR071C,0,8.626455,0.14874142408370972,0.06274130940437317,0.03733440488576889
YKL148C,YHL015W,0,8.626276,0.14840182662010193,0.06274130940437317,0.037434764206409454
YDL204W,YLR373C,0,8.624327,0.1480637788772583,0.06274130940437317,0.03753512725234032
YML075C,YKL065C,0,8.623536,0.14772726595401764,0.06274130940437317,0.03763548657298088
YOR075W,YHR007C,0,8.615841,0.14739228785037994,0.06274130940437317,0.03773584961891174
YKL193C,YPL220W,0,8.612484,0.14705882966518402,0.06274130940437317,0.03783620893955231
YER142C,YMR243C,0,8.611731,0.14672686159610748,0.06274130940437317,0.03793657198548317
YLR449W,YBR139W,0,8.609121,0.14639639854431152,0.06274130940437317,0.038036931306123734
YLL012W,YLR189C,1,8.607309,0.14831461012363434,0.06370656192302704,0.038036931306123734
YML029W,YOR253W,0,8.605259,0.14798206090927124,0.06370656192302704,0.038137294352054596
YHR072W,YHR161C,0,8.6015625,0.14765100181102753,0.06370656192302704,0.03823765739798546
YPL138C,YIL157C,0,8.601256,0.1473214328289032,0.06370656192302704,0.03833801671862602
YBR298C,YEL026W,0,8.598883,0.14699332416057587,0.06370656192302704,0.038438379764556885
YER044C,YLR239C,1,8.595348,0.14888888597488403,0.06467181444168091,0.038438379764556885
YCR054C,YDR085C,0,8.584288,0.14855876564979553,0.06467181444168091,0.03853873908519745
YEL024W,YKL211C,0,8.583578,0.14823009073734283,0.06467181444168091,0.03863910213112831
YPR132W,YHL009C,0,8.578729,0.14790287613868713,0.06467181444168091,0.038739461451768875
YNR036C,YLR336C,0,8.573908,0.14757709205150604,0.06467181444168091,0.03883982449769974
YFR024C-A,YLL042C,0,8.563775,0.14725275337696075,0.06467181444168091,0.0389401838183403
YHR039C,YHR083W,0,8.56078,0.14692983031272888,0.06467181444168091,0.039040546864271164
YJR095W,YNL129W,0,8.5557,0.14660830795764923,0.06467181444168091,0.03914090618491173
YOL061W,YDR513W,0,8.553583,0.1462882161140442,0.06467181444168091,0.03924126923084259
YHR007C,YLR189C,1,8.549669,0.14814814925193787,0.06563706696033478,0.03924126923084259
YBR026C,YLR100W,1,8.544371,0.15000000596046448,0.06660231947898865,0.03924126923084259
YKR009C,YBR135W,0,8.544296,0.14967462420463562,0.06660231947898865,0.039341628551483154
YLR355C,YGL005C,0,8.537554,0.14935064315795898,0.06660231947898865,0.03944199159741402
YNL151C,YJR033C,0,8.53717,0.14902807772159576,0.06660231947898865,0.03954235091805458
YNL164C,YDR513W,0,8.5357895,0.14870689809322357,0.06660231947898865,0.03964271396398544
YDR169C,YDR334W,0,8.532806,0.1483870893716812,0.06660231947898865,0.03974307328462601
YHR104W,YHL007C,0,8.531591,0.14806866645812988,0.06660231947898865,0.03984343633055687
YNL321W,YPR143W,0,8.531314,0.1477515995502472,0.06660231947898865,0.03994379937648773
YOR001W,YAL062W,0,8.525291,0.14743590354919434,0.06660231947898865,0.040044158697128296
YLR363C,YKL148C,0,8.521817,0.14712153375148773,0.06660231947898865,0.04014452174305916
YOR035C,YGR082W,0,8.520176,0.14680850505828857,0.06660231947898865,0.04024488106369972
YDL078C,YDR331W,1,8.519293,0.14861996471881866,0.06756756454706192,0.04024488106369972
YPL262W,YPR103W,0,8.517746,0.14830508828163147,0.06756756454706192,0.040345244109630585
YKL218C,YOR004W,0,8.514292,0.14799153804779053,0.06756756454706192,0.04044560343027115
YJR104C,YOR141C,0,8.510995,0.14767932891845703,0.06756756454706192,0.04054596647620201
YLR167W,YBR237W,0,8.5081625,0.1473684161901474,0.06756756454706192,0.040646325796842575
YER179W,YGL147C,0,8.5055,0.14705882966518402,0.06756756454706192,0.04074668884277344
YBR042C,YGR170W,1,8.503441,0.14884695410728455,0.06853281706571579,0.04074668884277344
YBL066C,YJR102C,0,8.50161,0.1485355645418167,0.06853281706571579,0.040847048163414
YOL065C,YGL001C,1,8.499632,0.15031315386295319,0.06949806958436966,0.040847048163414
YCR042C,YDL120W,0,8.492615,0.15000000596046448,0.06949806958436966,0.040947411209344864
YBR001C,YKL154W,0,8.490854,0.14968815445899963,0.06949806958436966,0.04104777052998543
YBR122C,YBR083W,0,8.487364,0.14937759935855865,0.06949806958436966,0.04114813357591629
YBR030W,YNL036W,0,8.487286,0.14906832575798035,0.06949806958436966,0.041248492896556854
YJL157C,YGL104C,0,8.48288,0.1487603336572647,0.06949806958436966,0.04134885594248772
YNR037C,YHR089C,0,8.482418,0.14845360815525055,0.06949806958436966,0.04144921898841858
YKL016C,YKR097W,0,8.482352,0.14814814925193787,0.06949806958436966,0.04154957830905914
YHR007C,YPL103C,1,8.48191,0.14989733695983887,0.07046332210302353,0.04154957830905914
YCR096C,YBR154C,0,8.4783535,0.1495901644229889,0.07046332210302353,0.041649941354990005
YNL220W,YPR081C,0,8.473675,0.1492842584848404,0.07046332210302353,0.04175030067563057
YDL046W,YGR120C,0,8.472853,0.14897958934307098,0.07046332210302353,0.04185066372156143
YDR168W,YNL185C,0,8.458116,0.14867617189884186,0.07046332210302353,0.041951023042201996
YHR072W,YAL010C,0,8.456335,0.14837397634983063,0.07046332210302353,0.04205138608813286
YDR246W,YBL003C,0,8.454809,0.1480730175971985,0.07046332210302353,0.04215174540877342
YNL331C,YHL011C,0,8.451675,0.14777328073978424,0.07046332210302353,0.042252108454704285
YMR242C,YOL002C,0,8.4460335,0.1474747508764267,0.07046332210302353,0.04235246777534485
YLR089C,YPL217C,0,8.445068,0.14717741310596466,0.07046332210302353,0.04245283082127571
YGR177C,YLR239C,1,8.440911,0.1488933563232422,0.0714285746216774,0.04245283082127571
YJL125C,YFL016C,0,8.439844,0.14859437942504883,0.0714285746216774,0.042553190141916275
YBR057C,YNL149C,0,8.420041,0.14829659461975098,0.0714285746216774,0.04265355318784714
YGL023C,YPL092W,0,8.416556,0.14800000190734863,0.0714285746216774,0.0427539125084877
YLR448W,YDR264C,0,8.413138,0.1477045863866806,0.0714285746216774,0.042854275554418564
YGL084C,YPL268W,1,8.404169,0.14940239489078522,0.07239381968975067,0.042854275554418564
YNL280C,YKR009C,1,8.402903,0.15109343826770782,0.07335907220840454,0.042854275554418564
YMR081C,YNL197C,0,8.395586,0.15079365670681,0.07335907220840454,0.04295463487505913
YKL010C,YJR145C,0,8.393487,0.15049505233764648,0.07335907220840454,0.04305499792098999
YKR067W,YBR135W,0,8.392166,0.15019762516021729,0.07335907220840454,0.04315536096692085
YER120W,YDR058C,1,8.388257,0.15187376737594604,0.07432432472705841,0.04315536096692085
YIL123W,YLR118C,0,8.378876,0.15157480537891388,0.07432432472705841,0.04325572028756142
YDL223C,YGL021W,0,8.378749,0.15127702057361603,0.07432432472705841,0.04335608333349228
YKR003W,YGL054C,0,8.375341,0.1509803980588913,0.07432432472705841,0.04345644265413284
YDR062W,YML042W,1,8.374563,0.1526418775320053,0.07528957724571228,0.04345644265413284
YER141W,YOR096W,0,8.371671,0.15234375,0.07528957724571228,0.043556805700063705
YMR088C,YEL038W,0,8.369638,0.1520467847585678,0.07528957724571228,0.04365716502070427
YOL147C,YBR183W,1,8.368616,0.15369649231433868,0.07625482976436615,0.04365716502070427
YGL142C,YMR202W,1,8.3652725,0.1553398072719574,0.07722007483243942,0.04365716502070427
YLR066W,YAL008W,0,8.364017,0.1550387591123581,0.07722007483243942,0.04375752806663513
YPL220W,YOR288C,0,8.363611,0.1547388732433319,0.07722007483243942,0.043857887387275696
YML091C,YDL100C,0,8.36323,0.15444014966487885,0.07722007483243942,0.04395825043320656
YFL025C,YOL148C,0,8.363056,0.1541425883769989,0.07722007483243942,0.04405860975384712
YBR161W,YNR030W,1,8.361693,0.1557692289352417,0.07818532735109329,0.04405860975384712
YOL094C,YGL156W,0,8.3607235,0.15547025203704834,0.07818532735109329,0.044158972799777985
YLR378C,YGL115W,0,8.354456,0.1551724076271057,0.07818532735109329,0.04425933212041855
YLR237W,YMR110C,0,8.352375,0.154875710606575,0.07818532735109329,0.04435969516634941
YDR171W,YPL193W,0,8.345598,0.15458014607429504,0.07818532735109329,0.044460054486989975
YJL013C,YMR243C,0,8.344819,0.1542857140302658,0.07818532735109329,0.04456041753292084
YDR279W,YPL203W,0,8.341343,0.1539923995733261,0.07818532735109329,0.0446607805788517
YGL061C,YBR054W,0,8.340686,0.15370018780231476,0.07818532735109329,0.044761139899492264
YBR154C,YLR423C,0,8.338957,0.15340909361839294,0.07818532735109329,0.044861502945423126
YIL125W,YJL072C,0,8.334682,0.15311908721923828,0.07818532735109329,0.04496186226606369
YMR006C,YGL205W,1,8.333171,0.15471698343753815,0.07915057986974716,0.04496186226606369
YMR015C,YBL050W,0,8.3303,0.15442560613155365,0.07915057986974716,0.04506222531199455
YPL164C,YNL054W,0,8.33028,0.1541353315114975,0.07915057986974716,0.04516258463263512
YPL143W,YPR042C,0,8.321074,0.1538461595773697,0.07915057986974716,0.04526294767856598
YEL050C,YLL031C,1,8.317469,0.15543070435523987,0.08011583238840103,0.04526294767856598
YPL170W,YMR125W,0,8.315443,0.15514019131660461,0.08011583238840103,0.04536330699920654
YHR007C,YCR003W,0,8.314698,0.15485075116157532,0.08011583238840103,0.045463670045137405
YHR190W,YPR183W,1,8.313555,0.15642458200454712,0.0810810774564743,0.045463670045137405
YLR380W,YML075C,1,8.307653,0.15799257159233093,0.08204632997512817,0.045463670045137405
YBL103C,YJL026W,0,8.300459,0.15769945085048676,0.08204632997512817,0.04556402936577797
YER110C,YKL059C,0,8.299594,0.15740740299224854,0.08204632997512817,0.04566439241170883
YNL256W,YER170W,0,8.29895,0.15711645781993866,0.08204632997512817,0.045764751732349396
YDR388W,YIL069C,0,8.28895,0.15682657063007355,0.08204632997512817,0.04586511477828026
YBL014C,YBL099W,0,8.28152,0.1565377563238144,0.08204632997512817,0.04596547409892082
YNR012W,YDR294C,0,8.281059,0.15625,0.08204632997512817,0.046065837144851685
YLR118C,YNR043W,1,8.279234,0.157798171043396,0.08301158249378204,0.046065837144851685
YJL098W,YDR517W,0,8.274174,0.15750916302204132,0.08301158249378204,0.04616619646549225
YFR047C,YCL011C,0,8.273032,0.1572212129831314,0.08301158249378204,0.04626655951142311
YJR094W-A,YGL011C,0,8.265155,0.15693430602550507,0.08301158249378204,0.04636692255735397
YKL156W,YLR299W,0,8.258076,0.1566484570503235,0.08301158249378204,0.04646728187799454
YMR015C,YJR073C,1,8.252897,0.1581818163394928,0.08397683501243591,0.04646728187799454
YOR063W,YHR044C,0,8.250559,0.15789473056793213,0.08397683501243591,0.0465676449239254
YJR073C,YKR009C,1,8.248101,0.15942029654979706,0.08494208753108978,0.0465676449239254
YDL093W,YDL200C,0,8.246798,0.1591320037841797,0.08494208753108978,0.046668004244565964
YLR259C,YBR161W,0,8.245239,0.15884476900100708,0.08494208753108978,0.046768367290496826
YOL151W,YOL002C,1,8.244194,0.16036036610603333,0.08590733259916306,0.046768367290496826
YLR240W,YDL130W,0,8.240646,0.1600719392299652,0.08590733259916306,0.04686872661113739
YJR155W,YAR008W,0,8.237471,0.15978455543518066,0.08590733259916306,0.04696908965706825
YBL075C,YDR075W,0,8.227802,0.1594982147216797,0.08590733259916306,0.047069448977708817
YGR234W,YFL062W,0,8.227802,0.1592128872871399,0.08590733259916306,0.04716981202363968
YHR096C,YNL059C,0,8.224432,0.15892857313156128,0.08590733259916306,0.04727017134428024
YJL045W,YMR070W,0,8.219931,0.15864527225494385,0.08590733259916306,0.047370534390211105
YNR038W,YIL098C,0,8.219412,0.1583629846572876,0.08590733259916306,0.04747089371085167
YJL177W,YDR264C,0,8.218381,0.15808171033859253,0.08590733259916306,0.04757125675678253
YGL104C,YKR094C,0,8.214108,0.15780141949653625,0.08590733259916306,0.047671616077423096
YBR212W,YGR279C,0,8.214092,0.15752212703227997,0.08590733259916306,0.04777197912335396
YER125W,YPL028W,1,8.212422,0.1590106040239334,0.08687258511781693,0.04777197912335396
YBL004W,YOL013C,0,8.208047,0.1587301641702652,0.08687258511781693,0.04787234216928482
YIL118W,YPL224C,0,8.206637,0.15845070779323578,0.08687258511781693,0.047972701489925385
YFL026W,YKR009C,0,8.205265,0.15817223489284515,0.08687258511781693,0.04807306453585625
YLR378C,YGL156W,0,8.204932,0.15789473056793213,0.08687258511781693,0.04817342385649681
YDR346C,YER142C,0,8.203787,0.1576182097196579,0.08687258511781693,0.04827378690242767
YNL221C,YKL051W,0,8.203099,0.15734265744686127,0.08687258511781693,0.04837414622306824
YBR160W,YPR184W,0,8.201475,0.15706805884838104,0.08687258511781693,0.0484745092689991
YIL008W,YDR077W,0,8.201078,0.15679442882537842,0.08687258511781693,0.048574868589639664
YPL266W,YDR481C,0,8.199,0.156521737575531,0.08687258511781693,0.048675231635570526
YCR092C,YNL009W,0,8.194718,0.15625,0.08687258511781693,0.04877559095621109
YJL074C,YOR136W,0,8.194218,0.1559792011976242,0.08687258511781693,0.04887595400214195
YOL126C,YOR103C,0,8.193193,0.15570934116840363,0.08687258511781693,0.048976313322782516
YGL106W,YDL194W,0,8.192771,0.15544041991233826,0.08687258511781693,0.04907667636871338
YOL101C,YKR067W,1,8.189055,0.15689654648303986,0.0878378376364708,0.04907667636871338
YOR100C,YER030W,0,8.187904,0.15662650763988495,0.0878378376364708,0.04917703568935394
YMR104C,YLR185W,0,8.187173,0.15635739266872406,0.0878378376364708,0.049277398735284805
YNR037C,YHR133C,0,8.1837015,0.156089186668396,0.0878378376364708,0.04937776178121567
YOL041C,YKR098C,0,8.183201,0.15582191944122314,0.0878378376364708,0.04947812110185623
YMR307W,YPR151C,0,8.182585,0.15555556118488312,0.0878378376364708,0.049578484147787094
YKL148C,YDL231C,0,8.182538,0.15529009699821472,0.0878378376364708,0.04967884346842766
YLR292C,YDL223C,0,8.182171,0.15502555668354034,0.0878378376364708,0.04977920651435852
YIL078W,YKR067W,0,8.180801,0.1547619104385376,0.0878378376364708,0.049879565834999084
YJL183W,YML029W,0,8.179241,0.15449915826320648,0.0878378376364708,0.04997992888092995
YBR089C-A,YBR092C,0,8.179087,0.1542372852563858,0.0878378376364708,0.05008028820157051
YDR372C,YPL214C,0,8.175381,0.15397630631923676,0.0878378376364708,0.05018065124750137
YGR193C,YOR167C,0,8.173769,0.15371622145175934,0.0878378376364708,0.05028101056814194
YLL022C,YLR393W,0,8.173757,0.15345700085163116,0.0878378376364708,0.0503813736140728
YGL098W,YML063W,0,8.167521,0.15319865942001343,0.0878378376364708,0.050481732934713364
YBR029C,YDR058C,1,8.161748,0.15462185442447662,0.08880309015512466,0.050481732934713364
YDR178W,YNL300W,0,8.160375,0.15436241030693054,0.08880309015512466,0.050582095980644226
YKL040C,YML075C,0,8.158977,0.1541038453578949,0.08880309015512466,0.05068245530128479
YPR070W,YGL208W,0,8.15261,0.1538461595773697,0.08880309015512466,0.05078281834721565
YML115C,YMR237W,0,8.152449,0.15358930826187134,0.08880309015512466,0.050883177667856216
YFR053C,YPL193W,0,8.149832,0.15333333611488342,0.08880309015512466,0.05098354071378708
YHL013C,YGL053W,0,8.147403,0.15307819843292236,0.08880309015512466,0.05108390375971794
YBR161W,YOL002C,1,8.141245,0.1544850468635559,0.08976834267377853,0.05108390375971794
YMR071C,YCL054W,0,8.139561,0.15422885119915009,0.08976834267377853,0.051184263080358505
YMR303C,YER109C,0,8.139185,0.1539735049009323,0.08976834267377853,0.05128462612628937
YKL195W,YGR158C,0,8.135235,0.1537190079689026,0.08976834267377853,0.05138498544692993
YDR123C,YNL202W,1,8.133329,0.1551155149936676,0.0907335877418518,0.05138498544692993
YBL003C,YMR156C,0,8.1332655,0.15485996007919312,0.0907335877418518,0.051485348492860794
YGR189C,YNL014W,0,8.132777,0.15460526943206787,0.0907335877418518,0.05158570781350136
YOR129C,YIL154C,0,8.131847,0.1543513983488083,0.0907335877418518,0.05168607085943222
YOR358W,YNL090W,0,8.130028,0.15409836173057556,0.0907335877418518,0.051786430180072784
YDL004W,YDR323C,0,8.129455,0.1538461595773697,0.0907335877418518,0.05188679322600365
YNL012W,YER026C,1,8.12253,0.15522876381874084,0.09169884026050568,0.05188679322600365
YDR129C,YOR009W,0,8.117382,0.1549755334854126,0.09169884026050568,0.05198715254664421
YLR006C,YJR077C,0,8.116885,0.15472312271595,0.09169884026050568,0.05208751559257507
YMR127C,YIL062C,0,8.115834,0.15447154641151428,0.09169884026050568,0.05218787491321564
YMR015C,YNL069C,0,8.113384,0.15422077476978302,0.09169884026050568,0.0522882379591465
YBR162C,YBR044C,0,8.113289,0.15397082269191742,0.09169884026050568,0.052388597279787064
YHR160C,YOR188W,0,8.11068,0.15372169017791748,0.09169884026050568,0.052488960325717926
YOL071W,YEL017C-A,0,8.105736,0.15347334742546082,0.09169884026050568,0.05258932337164879
YMR313C,YGR103W,0,8.105103,0.15322580933570862,0.09169884026050568,0.05268968269228935
YLR178C,YGR198W,0,8.102553,0.1529790610074997,0.09169884026050568,0.052790045738220215
YBL009W,YDR155C,0,8.102269,0.15273311734199524,0.09169884026050568,0.05289040505886078
YAL062W,YIR012W,0,8.100559,0.15248796343803406,0.09169884026050568,0.05299076810479164
YNR032W,YLR450W,0,8.099371,0.15224358439445496,0.09169884026050568,0.053091127425432205
YER159C,YMR030W,0,8.09852,0.15199999511241913,0.09169884026050568,0.05319149047136307
YLR044C,YGR088W,0,8.098291,0.15175719559192657,0.09169884026050568,0.05329184979200363
YNL048W,YGL055W,1,8.093389,0.15311004221439362,0.09266409277915955,0.05329184979200363
YGR183C,YDL082W,0,8.092263,0.15286624431610107,0.09266409277915955,0.053392212837934494
YGL141W,YBR048W,0,8.083999,0.15262320637702942,0.09266409277915955,0.05349257215857506
YLR038C,YGL131C,0,8.083315,0.15238095819950104,0.09266409277915955,0.05359293520450592
YLR100W,YGR132C,0,8.081148,0.15213945508003235,0.09266409277915955,0.053693294525146484
YKR003W,YPR033C,0,8.079849,0.15189872682094574,0.09266409277915955,0.05379365757107735
YER169W,YOL039W,0,8.077761,0.1516587734222412,0.09266409277915955,0.05389401689171791
YKL035W,YNL066W,0,8.075691,0.15141956508159637,0.09266409277915955,0.05399437993764877
YLR070C,YOR306C,0,8.075418,0.15118110179901123,0.09266409277915955,0.05409473925828934
YEL050C,YOR100C,1,8.070683,0.1525157243013382,0.09362934529781342,0.05409473925828934
YCL030C,YPL046C,0,8.068171,0.15227629244327545,0.09362934529781342,0.0541951023042202
YDR197W,YHR170W,0,8.062489,0.1520376205444336,0.09362934529781342,0.05429546535015106
YLL018C,YNL156C,0,8.06114,0.15179969370365143,0.09362934529781342,0.054395824670791626
YNR043W,YDR058C,1,8.053995,0.15312500298023224,0.09459459781646729,0.054395824670791626
YIL097W,YGL257C,0,8.053458,0.15288612246513367,0.09459459781646729,0.05449618771672249
YKL084W,YOL052C-A,0,8.051313,0.1526479721069336,0.09459459781646729,0.05459654703736305
YOR067C,YBR183W,1,8.049755,0.1539657860994339,0.09555984288454056,0.05459654703736305
YKL148C,YHR111W,0,8.0488615,0.1537267118692398,0.09555984288454056,0.054696910083293915
YEL042W,YPR066W,0,8.047895,0.1534883677959442,0.09555984288454056,0.05479726940393448
YBR245C,YKL034W,0,8.043059,0.1532507687807083,0.09555984288454056,0.05489763244986534
YPR041W,YHL019C,0,8.040605,0.1530139148235321,0.09555984288454056,0.054997991770505905
YHR018C,YPL226W,0,8.039814,0.1527777761220932,0.09555984288454056,0.05509835481643677
YAL007C,YDR264C,0,8.037061,0.1525423675775528,0.09555984288454056,0.05519871413707733
YPL206C,YHL020C,1,8.031851,0.1538461595773697,0.09652509540319443,0.05519871413707733
YHR206W,YIL157C,0,8.031178,0.15360982716083527,0.09652509540319443,0.055299077183008194
YBL039C,YKR019C,1,8.030266,0.1549079716205597,0.0974903479218483,0.055299077183008194
YBR035C,YDR156W,0,8.0301895,0.15467074513435364,0.0974903479218483,0.05539943650364876
YNL111C,YOR354C,0,8.024619,0.15443424880504608,0.0974903479218483,0.05549979954957962
YLR306W,YBR114W,0,8.023854,0.15419846773147583,0.0974903479218483,0.055600158870220184
YBR003W,YPR009W,0,8.02175,0.15396341681480408,0.0974903479218483,0.05570052191615105
YDR452W,YJL062W,0,8.016188,0.15372906625270844,0.0974903479218483,0.05580088496208191
YDL007W,YDL081C,0,8.012871,0.1534954458475113,0.0974903479218483,0.05590124428272247
YHR197W,YNL071W,0,8.000958,0.15326252579689026,0.0974903479218483,0.056001607328653336
YER146W,YDL110C,0,7.9992294,0.15303030610084534,0.0974903479218483,0.0561019666492939
YHR037W,YDR156W,0,7.997215,0.15279878675937653,0.0974903479218483,0.05620232969522476
YOR253W,YLR120C,0,7.997011,0.15256798267364502,0.0974903479218483,0.056302689015865326
YDL064W,YJL057C,0,7.986827,0.15233786404132843,0.0974903479218483,0.05640305206179619
YLR333C,YOR081C,0,7.986491,0.15210843086242676,0.0974903479218483,0.05650341138243675
YJL098W,YOL009C,0,7.9827714,0.1518796980381012,0.0974903479218483,0.056603774428367615
YER044C,YNL097C,0,7.981491,0.15165165066719055,0.0974903479218483,0.05670413374900818
YGL124C,YGR082W,0,7.981135,0.15142428874969482,0.0974903479218483,0.05680449679493904
YDR153C,YDR214W,0,7.9802217,0.15119759738445282,0.0974903479218483,0.056904856115579605
YGR057C,YER058W,0,7.977459,0.15097160637378693,0.0974903479218483,0.05700521916151047
YPL212C,YBR286W,0,7.9760246,0.15074627101421356,0.0974903479218483,0.05710557848215103
YMR040W,YDR225W,0,7.974635,0.15052160620689392,0.0974903479218483,0.057205941528081894
YNL308C,YNL142W,0,7.9712276,0.150297611951828,0.0974903479218483,0.05730630084872246
YGR059W,YDL236W,0,7.9684997,0.1500742882490158,0.0974903479218483,0.05740666389465332
YML075C,YKR009C,1,7.9659224,0.15133531391620636,0.09845560044050217,0.05740666389465332
YMR037C,YNL158W,0,7.9652605,0.15111111104488373,0.09845560044050217,0.05750702694058418
YDR001C,YDR206W,0,7.964976,0.15088757872581482,0.09845560044050217,0.05760738626122475
YML010W,YBR214W,0,7.9595747,0.15066470205783844,0.09845560044050217,0.05770774930715561
YNL081C,YJL069C,0,7.958439,0.1504424810409546,0.09845560044050217,0.05780810862779617
YOL088C,YML129C,0,7.9570274,0.15022091567516327,0.09845560044050217,0.057908471673727036
YHR094C,YGR289C,0,7.951356,0.15000000596046448,0.09845560044050217,0.0580088309943676
YGL045W,YDR382W,0,7.950324,0.14977973699569702,0.09845560044050217,0.05810919404029846
YOL127W,YCL044C,0,7.945073,0.1495601236820221,0.09845560044050217,0.058209553360939026
YJL083W,YLR100W,1,7.9388714,0.15080526471138,0.09942085295915604,0.058209553360939026
YLR142W,YOR182C,0,7.937887,0.15058480203151703,0.09942085295915604,0.05830991640686989
YGL002W,YAL003W,0,7.934126,0.1503649652004242,0.09942085295915604,0.05841027572751045
YDL204W,YNL049C,0,7.9327035,0.1501457691192627,0.09942085295915604,0.058510638773441315
YDL159W,YLR167W,0,7.931317,0.14992721378803253,0.09942085295915604,0.05861099809408188
YNR051C,YHR028C,0,7.9284267,0.1497092992067337,0.09942085295915604,0.05871136114001274
YKL059C,YGR109C,0,7.9275084,0.14949201047420502,0.09942085295915604,0.058811720460653305
YKL032C,YDR011W,0,7.9270577,0.14927536249160767,0.09942085295915604,0.05891208350658417
YBR146W,YDL164C,0,7.9265885,0.14905934035778046,0.09942085295915604,0.05901244655251503
YFL022C,YBR199W,0,7.9260674,0.1488439291715622,0.09942085295915604,0.059112805873155594
YBR297W,YOL089C,0,7.923068,0.14862914383411407,0.09942085295915604,0.059213168919086456
YGR106C,YER177W,0,7.9191313,0.1484149843454361,0.09942085295915604,0.05931352823972702
YCR096C,YNL162W,0,7.913004,0.14820143580436707,0.09942085295915604,0.05941389128565788
YKL006W,YGL098W,0,7.910554,0.14798851311206818,0.09942085295915604,0.05951425060629845
YHR129C,YMR150C,0,7.9093456,0.14777618646621704,0.09942085295915604,0.05961461365222931
YLR299W,YML124C,0,7.904239,0.14756447076797485,0.09942085295915604,0.05971497297286987
YPL005W,YJL136C,0,7.8987894,0.1473533660173416,0.09942085295915604,0.059815336018800735
YDR302W,YOR100C,1,7.897324,0.1485714316368103,0.10038609802722931,0.059815336018800735
YJL123C,YGL022W,0,7.895357,0.1483594924211502,0.10038609802722931,0.0599156953394413
YMR006C,YDR208W,1,7.894622,0.14957265555858612,0.10135135054588318,0.0599156953394413
YOL126C,YJR060W,0,7.8933606,0.14935988187789917,0.10135135054588318,0.06001605838537216
YPL230W,YER001W,0,7.8928723,0.14914773404598236,0.10135135054588318,0.060116417706012726
YGL254W,YDR297W,0,7.8879013,0.1489361673593521,0.10135135054588318,0.06021678075194359
YBR054W,YML021C,0,7.8840523,0.1487252116203308,0.10135135054588318,0.06031714007258415
YNL001W,YDL019C,0,7.8802247,0.14851485192775726,0.10135135054588318,0.060417503118515015
YBR160W,YGR256W,0,7.8794794,0.14830508828163147,0.10135135054588318,0.06051786616444588
YOR249C,YHR021C,0,7.878398,0.14809590578079224,0.10135135054588318,0.06061822548508644
YPR041W,YKL059C,0,7.8769937,0.14788731932640076,0.10135135054588318,0.0607185885310173
YOR242C,YGR231C,0,7.876734,0.14767932891845703,0.10135135054588318,0.06081894785165787
YHL035C,YLR150W,0,7.8752604,0.14747190475463867,0.10135135054588318,0.06091931089758873
YKR099W,YIL034C,0,7.870059,0.14726507663726807,0.10135135054588318,0.061019670218229294
YIL039W,YIL033C,0,7.8673797,0.14705882966518402,0.10135135054588318,0.061120033264160156
YKL194C,YHR046C,0,7.8672647,0.14685314893722534,0.10135135054588318,0.06122039258480072
YHR089C,YDR379W,0,7.8670416,0.14664804935455322,0.10135135054588318,0.06132075563073158
YOR155C,YLR388W,0,7.8669915,0.14644351601600647,0.10135135054588318,0.06142111495137215
YML042W,YDR113C,0,7.8642125,0.14623954892158508,0.10135135054588318,0.06152147799730301
YIL075C,YGL008C,0,7.8627033,0.14603616297245026,0.10135135054588318,0.06162183731794357
YDR284C,YAR008W,0,7.8616457,0.1458333283662796,0.10135135054588318,0.061722200363874435
YHL036W,YGL189C,0,7.8566566,0.1456310749053955,0.10135135054588318,0.061822559684515
YDR302W,YLR099C,1,7.8530216,0.14681440591812134,0.10231660306453705,0.061822559684515
YHL003C,YPL028W,1,7.851222,0.14799447357654572,0.10328185558319092,0.061822559684515
YDR425W,YMR307W,0,7.848336,0.1477900594472885,0.10328185558319092,0.06192292273044586
YJR014W,YDR204W,0,7.8475933,0.14758621156215668,0.10328185558319092,0.062023282051086426
YNR043W,YGR202C,1,7.846389,0.1487603336572647,0.10424710065126419,0.062023282051086426
YBL039C,YER026C,1,7.845567,0.14993122220039368,0.10521235316991806,0.062023282051086426
YMR156C,YNL067W,0,7.8450813,0.1497252732515335,0.10521235316991806,0.06212364509701729
YOL127W,YPL026C,0,7.8447695,0.1495198905467987,0.10521235316991806,0.06222400814294815
YKL043W,YKL163W,0,7.841139,0.14931507408618927,0.10521235316991806,0.062324367463588715
YHR166C,YMR079W,0,7.8405585,0.149110808968544,0.10521235316991806,0.06242473050951958
YLR020C,YCR044C,1,7.8399706,0.15027321875095367,0.10617760568857193,0.06242473050951958
YFL034C-B,YMR175W,0,7.839102,0.15006820857524872,0.10617760568857193,0.06252509355545044
YBR121C,YIL056W,0,7.8367248,0.14986376464366913,0.10617760568857193,0.062625452876091
YDR178W,YPL169C,0,7.8315,0.14965985715389252,0.10617760568857193,0.06272581219673157
YBR008C,YKL163W,0,7.830332,0.14945651590824127,0.10617760568857193,0.06282617151737213
YMR313C,YDR395W,0,7.8291755,0.1492537260055542,0.10617760568857193,0.06292653828859329
YHL032C,YKR067W,0,7.8271313,0.1490514874458313,0.10617760568857193,0.06302689760923386
YIL154C,YGR234W,0,7.825302,0.14884980022907257,0.10617760568857193,0.06312725692987442
YNL322C,YPR108W,0,7.8240614,0.14864864945411682,0.10617760568857193,0.06322761625051498
YJL190C,YDR197W,0,7.820777,0.14844805002212524,0.10617760568857193,0.06332798302173615
YGR124W,YER119C,0,7.8190846,0.14824797213077545,0.10617760568857193,0.06342834234237671
YDL052C,YJL062W,1,7.818577,0.14939434826374054,0.1071428582072258,0.06342834234237671
YKL138C,YGR241C,0,7.8168793,0.14919355511665344,0.1071428582072258,0.06352870166301727
YPR184W,YNL300W,0,7.816787,0.14899328351020813,0.1071428582072258,0.06362906098365784
YGL001C,YBR183W,1,7.8142414,0.15013404190540314,0.10810811072587967,0.06362906098365784
YDR142C,YGR280C,0,7.8127165,0.1499330699443817,0.10810811072587967,0.063729427754879
YOR128C,YNR050C,0,7.812476,0.14973261952400208,0.10810811072587967,0.06382978707551956
YER177W,YGL135W,0,7.8105717,0.14953270554542542,0.10810811072587967,0.06393014639616013
YBR171W,YDL049C,0,7.8098593,0.14933332800865173,0.10810811072587967,0.06403051316738129
YML008C,YDR421W,0,7.8093185,0.14913448691368103,0.10810811072587967,0.06413087248802185
YJL148W,YFR008W,0,7.8058333,0.1489361673593521,0.10810811072587967,0.06423123180866241
YDL123W,YOR198C,0,7.805822,0.14873838424682617,0.10810811072587967,0.06433159112930298
YER056C-A,YJL048C,0,7.8056307,0.14854110777378082,0.10810811072587967,0.06443195790052414
YJR064W,YKL109W,0,7.804183,0.14834436774253845,0.10810811072587967,0.0645323172211647
YKL164C,YLR023C,0,7.7982645,0.14814814925193787,0.10810811072587967,0.06463267654180527
YKL069W,YKR098C,0,7.794054,0.14795243740081787,0.10810811072587967,0.06473303586244583
YOR335C,YMR022W,0,7.791791,0.14775726199150085,0.10810811072587967,0.06483340263366699
YGR162W,YLR207W,0,7.78507,0.14756257832050323,0.10810811072587967,0.06493376195430756
YMR208W,YOL032W,1,7.784002,0.14868420362472534,0.10907335579395294,0.06493376195430756
YOR064C,YDR099W,0,7.783324,0.1484888345003128,0.10907335579395294,0.06503412127494812
YDR031W,YDL092W,0,7.7831225,0.14829395711421967,0.10907335579395294,0.06513448059558868
YNL088W,YGL250W,0,7.7804246,0.1480996012687683,0.10907335579395294,0.06523484736680984
YBL009W,YBR161W,0,7.775272,0.14790575206279755,0.10907335579395294,0.06533520668745041
YDR231C,YLR045C,0,7.7746973,0.14771242439746857,0.10907335579395294,0.06543556600809097
YAL032C,YLR304C,0,7.76862,0.14751958847045898,0.10907335579395294,0.06553593277931213
YDR471W,YKL086W,0,7.767898,0.1473272442817688,0.10907335579395294,0.0656362920999527
YOR128C,YBR038W,0,7.766161,0.1471354216337204,0.10907335579395294,0.06573665142059326
YER096W,YOL027C,0,7.762988,0.1469440758228302,0.10907335579395294,0.06583701074123383
YJR084W,YER036C,0,7.762295,0.1467532515525818,0.10907335579395294,0.06593737751245499
YER044C,YHR031C,0,7.7620955,0.14656290411949158,0.10907335579395294,0.06603773683309555
YLR327C,YIL004C,0,7.760542,0.14637306332588196,0.10907335579395294,0.06613809615373611
YKL024C,YMR251W-A,0,7.755315,0.14618369936943054,0.10907335579395294,0.06623845547437668
YFL037W,YDR107C,0,7.754857,0.14599482715129852,0.10907335579395294,0.06633882224559784
YPL270W,YIR012W,0,7.750971,0.1458064466714859,0.10907335579395294,0.0664391815662384
YOR119C,YER033C,0,7.75093,0.14561855792999268,0.10907335579395294,0.06653954088687897
YNR032W,YOR034C,0,7.7474422,0.14543114602565765,0.10907335579395294,0.06663990020751953
YGL178W,YDR450W,0,7.7445564,0.14524421095848083,0.10907335579395294,0.06674026697874069
YHR196W,YGR013W,0,7.7423277,0.1450577676296234,0.10907335579395294,0.06684062629938126
YFR015C,YOL002C,0,7.7376323,0.1448718011379242,0.10907335579395294,0.06694098562002182
YHR128W,YGR202C,0,7.7333965,0.14468629658222198,0.10907335579395294,0.06704135239124298
YDR503C,YKL099C,0,7.7314134,0.14450128376483917,0.10907335579395294,0.06714171171188354
YER142C,YBL082C,0,7.7277703,0.14431673288345337,0.10907335579395294,0.06724207103252411
YJL098W,YOL109W,0,7.725393,0.14413265883922577,0.10907335579395294,0.06734243035316467
YOR109W,YNR043W,1,7.7216873,0.14522293210029602,0.11003860831260681,0.06734243035316467
YML106W,YLR370C,0,7.718867,0.1450381726026535,0.11003860831260681,0.06744279712438583
YLR226W,YGL093W,0,7.7179527,0.144853875041008,0.11003860831260681,0.0675431564450264
YOR073W,YCL040W,0,7.7169485,0.1446700543165207,0.11003860831260681,0.06764351576566696
YGR245C,YDL124W,0,7.714628,0.1444866955280304,0.11003860831260681,0.06774387508630753
YAR019C,YOR332W,0,7.711791,0.1443037986755371,0.11003860831260681,0.06784424185752869
YKR081C,YCL051W,0,7.7039785,0.14412136375904083,0.11003860831260681,0.06794460117816925
YJR048W,YMR135C,0,7.7035627,0.14393939077854156,0.11003860831260681,0.06804496049880981
YHR188C,YBL082C,1,7.7015944,0.14501892030239105,0.11100386083126068,0.06804496049880981
YDL141W,YNL162W,0,7.7010527,0.14483627676963806,0.11100386083126068,0.06814531981945038
YFR014C,YHR013C,0,7.698913,0.14465409517288208,0.11100386083126068,0.06824568659067154
YML008C,YOR171C,1,7.693533,0.14572864770889282,0.11196911334991455,0.06824568659067154
YPL103C,YPR143W,0,7.692919,0.14554579555988312,0.11196911334991455,0.0683460459113121
YDR246W,YML061C,0,7.6901045,0.14536340534687042,0.11196911334991455,0.06844640523195267
YOR100C,YNL275W,0,7.683136,0.14518147706985474,0.11196911334991455,0.06854677200317383
YNL072W,YJL154C,0,7.679158,0.14499999582767487,0.11196911334991455,0.06864713132381439
YDR324C,YJL047C,0,7.6770573,0.144818976521492,0.11196911334991455,0.06874749064445496
YMR079W,YMR015C,1,7.6752706,0.14588528871536255,0.11293436586856842,0.06874749064445496
YHR123W,YJL100W,1,7.6683216,0.1469489485025406,0.1138996109366417,0.06874749064445496
YNL049C,YOL052C-A,0,7.6677604,0.14676617085933685,0.1138996109366417,0.06884784996509552
YPL237W,YLR304C,0,7.6662464,0.14658385515213013,0.1138996109366417,0.06894821673631668
YLR324W,YKL048C,0,7.6647015,0.14640198647975922,0.1138996109366417,0.06904857605695724
YDR284C,YPL171C,0,7.6645803,0.14622056484222412,0.1138996109366417,0.06914893537759781
YNL133C,YDR255C,0,7.664098,0.14603960514068604,0.1138996109366417,0.06924929469823837
YGR037C,YPL226W,0,7.6607256,0.14585909247398376,0.1138996109366417,0.06934966146945953
YDL078C,YIL049W,1,7.6582136,0.1469135731458664,0.11486486345529556,0.06934966146945953
YOL031C,YNL325C,0,7.6548986,0.14673243463039398,0.11486486345529556,0.0694500207901001
YLR327C,YDR228C,0,7.648941,0.1465517282485962,0.11486486345529556,0.06955038011074066
YDL123W,YHR133C,0,7.646377,0.14637146890163422,0.11486486345529556,0.06965073943138123
YJR019C,YMR266W,0,7.642986,0.14619164168834686,0.11486486345529556,0.06975110620260239
YKL182W,YPR183W,1,7.642849,0.14723926782608032,0.11583011597394943,0.06975110620260239
YKL181W,YPR042C,0,7.6411734,0.14705882966518402,0.11583011597394943,0.06985146552324295
YKL150W,YKR053C,1,7.6383677,0.14810281991958618,0.1167953684926033,0.06985146552324295
YDR425W,YFL022C,0,7.638323,0.14792175590991974,0.1167953684926033,0.06995182484388351
YBL011W,YGR037C,1,7.63682,0.14896215498447418,0.11776062101125717,0.06995182484388351
YDR197W,YOR361C,0,7.6366377,0.14878049492835999,0.11776062101125717,0.07005218416452408
YDR380W,YML008C,0,7.6342454,0.1485992670059204,0.11776062101125717,0.07015255093574524
YIL037C,YBR132C,0,7.6320357,0.14841848611831665,0.11776062101125717,0.0702529102563858
YML075C,YMR281W,1,7.6290836,0.14945322275161743,0.11872586607933044,0.0702529102563858
YPL234C,YPL186C,0,7.626323,0.14927184581756592,0.11872586607933044,0.07035326957702637
YLR323C,YAL055W,0,7.6260185,0.14909091591835022,0.11872586607933044,0.07045363634824753
YHR139C,YLR336C,0,7.6257753,0.14891041815280914,0.11872586607933044,0.07055399566888809
YHR094C,YKR089C,0,7.623847,0.1487303525209427,0.11872586607933044,0.07065435498952866
YML091C,YJR121W,0,7.6233306,0.14855071902275085,0.11872586607933044,0.07075471431016922
YNL256W,YOR177C,0,7.618934,0.14837153255939484,0.11872586607933044,0.07085508108139038
YNL123W,YNL137C,0,7.614492,0.14819277822971344,0.11872586607933044,0.07095544040203094
YKL165C,YGL205W,1,7.613782,0.14921781420707703,0.11969111859798431,0.07095544040203094
YIL066C,YDR116C,0,7.612504,0.14903846383094788,0.11969111859798431,0.07105579972267151
YNR016C,YBR026C,1,7.611127,0.1500600278377533,0.12065637111663818,0.07105579972267151
YLR190W,YOR059C,0,7.6067405,0.14988009631633759,0.12065637111663818,0.07115615904331207
YNL162W,YDL181W,0,7.6054206,0.1497005969285965,0.12065637111663818,0.07125652581453323
YPR007C,YBL072C,0,7.604425,0.14952152967453003,0.12065637111663818,0.0713568851351738
YDR516C,YMR161W,0,7.604336,0.14934289455413818,0.12065637111663818,0.07145724445581436
YCR005C,YLR432W,0,7.6030993,0.14916467666625977,0.12065637111663818,0.07155760377645493
YOR065W,YPL161C,0,7.601115,0.14898689091205597,0.12065637111663818,0.07165797054767609
YIL107C,YPL028W,0,7.599198,0.1488095223903656,0.12065637111663818,0.07175832986831665
YEL050C,YCR073C,0,7.597862,0.14863258600234985,0.12065637111663818,0.07185868918895721
YGL100W,YPL170W,0,7.5978394,0.14845605194568634,0.12065637111663818,0.07195905596017838
YML034W,YNL054W,0,7.5920067,0.14827995002269745,0.12065637111663818,0.07205941528081894
YHL032C,YNL300W,0,7.589301,0.14810426533222198,0.12065637111663818,0.0721597746014595
YHR134W,YBR214W,0,7.589056,0.14792899787425995,0.12065637111663818,0.07226013392210007
YDR408C,YDL193W,0,7.588351,0.14775413274765015,0.12065637111663818,0.07236050069332123
YDR519W,YMR012W,0,7.5862923,0.14757969975471497,0.12065637111663818,0.07246086001396179
YPR122W,YHL015W,0,7.5837073,0.14740565419197083,0.12065637111663818,0.07256121933460236
YDL127W,YDL181W,0,7.579715,0.1472320407629013,0.12065637111663818,0.07266157865524292
YMR104C,YHL020C,0,7.5774927,0.14705882966518402,0.12065637111663818,0.07276194542646408
YPR046W,YDR258C,0,7.5748653,0.14688602089881897,0.12065637111663818,0.07286230474710464
YBL064C,YOR002W,0,7.572284,0.14671361446380615,0.12065637111663818,0.07296266406774521
YOL077C,YNR036C,0,7.5714455,0.14654162526130676,0.12065637111663818,0.07306302338838577
YLR056W,YGR286C,0,7.5654926,0.1463700234889984,0.12065637111663818,0.07316339015960693
YPR028W,YIL023C,0,7.565297,0.1461988240480423,0.12065637111663818,0.0732637494802475
YNL233W,YJR073C,0,7.564355,0.1460280418395996,0.12065637111663818,0.07336410880088806
YHR042W,YML075C,1,7.5633388,0.1470244973897934,0.12162162363529205,0.07336410880088806
YKR089C,YBR004C,1,7.561284,0.14801864326000214,0.12258687615394592,0.07336410880088806
YOL065C,YGR060W,1,7.560456,0.14901047945022583,0.1235521212220192,0.07336410880088806
YIL093C,YDR006C,0,7.558457,0.14883720874786377,0.1235521212220192,0.07346447557210922
YNL061W,YLR337C,0,7.5571775,0.14866434037685394,0.1235521212220192,0.07356483489274979
YCR068W,YJR145C,0,7.5559196,0.14849187433719635,0.1235521212220192,0.07366519421339035
YLL028W,YBR191W,0,7.5540004,0.148319810628891,0.1235521212220192,0.07376555353403091
YBR003W,YGR188C,0,7.549904,0.14814814925193787,0.1235521212220192,0.07386592030525208
YNL077W,YJR043C,0,7.5494485,0.14797687530517578,0.1235521212220192,0.07396627962589264
YNR053C,YMR251W-A,0,7.5493326,0.14780600368976593,0.1235521212220192,0.0740666389465332
YOR197W,YFR041C,0,7.5460157,0.14763551950454712,0.1235521212220192,0.07416699826717377
YGR189C,YNL321W,0,7.545616,0.14746543765068054,0.1235521212220192,0.07426736503839493
YIL115C,YPL214C,0,7.544459,0.147295743227005,0.1235521212220192,0.07436772435903549
YBL054W,YNL055C,0,7.543807,0.1471264362335205,0.1235521212220192,0.07446808367967606
YMR092C,YPL161C,0,7.53938,0.14695751667022705,0.1235521212220192,0.07456844300031662
YBR109C,YJL080C,0,7.534358,0.14678898453712463,0.1235521212220192,0.07466880977153778
YDR380W,YGR257C,0,7.5333815,0.14662085473537445,0.1235521212220192,0.07476916909217834
YML126C,YOR149C,1,7.529661,0.14759725332260132,0.12451737374067307,0.07476916909217834
YDR171W,YHR031C,0,7.529518,0.14742857217788696,0.12451737374067307,0.07486952841281891
YDR242W,YML048W,0,7.5282474,0.14726027846336365,0.12451737374067307,0.07496989518404007
YJL102W,YGR057C,0,7.527387,0.14709235727787018,0.12451737374067307,0.07507025450468063
YBL039C,YGR157W,1,7.52452,0.1480637788772583,0.12548261880874634,0.07507025450468063
YJL148W,YLR259C,0,7.5241,0.14789533615112305,0.12548261880874634,0.0751706138253212
YOR067C,YPR081C,0,7.5240993,0.14772726595401764,0.12548261880874634,0.07527097314596176
YPR178W,YHL011C,0,7.5227513,0.14755959808826447,0.12548261880874634,0.07537133991718292
YLR106C,YMR053C,0,7.5224967,0.14739228785037994,0.12548261880874634,0.07547169923782349
YFR047C,YOR096W,0,7.5221763,0.14722536504268646,0.12548261880874634,0.07557205855846405
YLR142W,YNL048W,0,7.5214844,0.14705882966518402,0.12548261880874634,0.07567241787910461
YFR051C,YOR249C,0,7.52098,0.14689265191555023,0.12548261880874634,0.07577278465032578
YNR019W,YJL153C,1,7.5200343,0.14785553514957428,0.1264478713274002,0.07577278465032578
YML001W,YLR120C,0,7.51628,0.1476888358592987,0.1264478713274002,0.07587314397096634
YPR001W,YPL117C,1,7.515188,0.14864864945411682,0.12741312384605408,0.07587314397096634
YPL075W,YKL134C,0,7.514778,0.14848144352436066,0.12741312384605408,0.0759735032916069
YBR029C,YGL205W,1,7.513651,0.14943820238113403,0.12837837636470795,0.0759735032916069
YPL089C,YHL020C,0,7.5111313,0.14927048981189728,0.12837837636470795,0.07607386261224747
YDL149W,YPL117C,0,7.5092535,0.14910313487052917,0.12837837636470795,0.07617422938346863
YBR272C,YDR412W,0,7.5079947,0.1489361673593521,0.12837837636470795,0.07627458870410919
YMR116C,YOL019W,0,7.5068827,0.1487695723772049,0.12837837636470795,0.07637494802474976
YDR486C,YOR004W,0,7.5050154,0.14860334992408752,0.12837837636470795,0.07647531479597092
YDR166C,YHL015W,0,7.504463,0.1484375,0.12837837636470795,0.07657567411661148
YPL090C,YOL001W,0,7.5043297,0.14827202260494232,0.12837837636470795,0.07667603343725204
YOL011W,YDR208W,1,7.502083,0.14922049641609192,0.12934362888336182,0.07667603343725204
YER003C,YDR107C,0,7.5008326,0.14905451238155365,0.12934362888336182,0.07677639275789261
YNR007C,YOR061W,0,7.500616,0.14888888597488403,0.12934362888336182,0.07687675952911377
YKR049C,YFR041C,0,7.498433,0.14872364699840546,0.12934362888336182,0.07697711884975433
YGR133W,YIL162W,0,7.496553,0.14855876564979553,0.12934362888336182,0.0770774781703949
YHR001W-A,YMR201C,0,7.496526,0.14839424192905426,0.12934362888336182,0.07717783749103546
YMR037C,YIR026C,0,7.4953194,0.14823009073734283,0.12934362888336182,0.07727820426225662
YGR063C,YPR061C,0,7.491315,0.14806629717350006,0.12934362888336182,0.07737856358289719
YOR231W,YDL008W,0,7.489771,0.14790287613868713,0.12934362888336182,0.07747892290353775
YOR033C,YML042W,0,7.4890413,0.14773979783058167,0.12934362888336182,0.07757928222417831
YJR113C,YGR097W,0,7.488549,0.14757709205150604,0.12934362888336182,0.07767964899539948
YGR106C,YBL066C,0,7.4878263,0.14741474390029907,0.12934362888336182,0.07778000831604004
YGL187C,YML123C,0,7.486498,0.14725275337696075,0.12934362888336182,0.0778803676366806
YOR045W,YOR005C,0,7.484395,0.1470911055803299,0.12934362888336182,0.07798072695732117
YHR076W,YJL050W,0,7.483201,0.14692983031272888,0.12934362888336182,0.07808109372854233
YIL005W,YJL196C,0,7.4785986,0.14676889777183533,0.12934362888336182,0.07818145304918289
YNR027W,YOL033W,0,7.4774246,0.14660830795764923,0.12934362888336182,0.07828181236982346
YGR086C,YJL080C,0,7.4769154,0.14644809067249298,0.12934362888336182,0.07838217914104462
YIR010W,YKR009C,0,7.4767942,0.1462882161140442,0.12934362888336182,0.07848253846168518
YKL141W,YER131W,0,7.4765773,0.14612868428230286,0.12934362888336182,0.07858289778232574
YGL104C,YNL082W,0,7.4750433,0.14596949517726898,0.12934362888336182,0.07868325710296631
YHR181W,YNL094W,0,7.4704275,0.14581066370010376,0.12934362888336182,0.07878362387418747
YCR037C,YPL159C,0,7.4677696,0.145652174949646,0.12934362888336182,0.07888398319482803
YMR303C,YMR067C,0,7.466595,0.1454940289258957,0.12934362888336182,0.0789843425154686
YJL173C,YNL162W,0,7.4657273,0.14533622562885284,0.12934362888336182,0.07908470183610916
YER178W,YPR181C,0,7.4606752,0.14517876505851746,0.12934362888336182,0.07918506860733032
YDR204W,YPR020W,0,7.458847,0.14502164721488953,0.12934362888336182,0.07928542792797089
YGL201C,YLR093C,0,7.458601,0.14486487209796906,0.12934362888336182,0.07938578724861145
YJL153C,YLR002C,0,7.458455,0.14470842480659485,0.12934362888336182,0.07948614656925201
YIL074C,YOR004W,0,7.457014,0.1445523202419281,0.12934362888336182,0.07958651334047318
YKL125W,YKL059C,0,7.4560146,0.1443965584039688,0.12934362888336182,0.07968687266111374
YDR424C,YIL125W,0,7.4534206,0.1442411243915558,0.12934362888336182,0.0797872319817543
YDL154W,YOR373W,0,7.4530506,0.14408601820468903,0.12934362888336182,0.07988759875297546
YJR143C,YMR067C,0,7.451128,0.14393125474452972,0.12934362888336182,0.07998795807361603
YLR240W,YGL001C,1,7.447736,0.14484979212284088,0.13030888140201569,0.07998795807361603
YNL111C,YLR118C,1,7.44393,0.14576634764671326,0.13127413392066956,0.07998795807361603
YDL230W,YMR183C,0,7.4426136,0.1456102728843689,0.13127413392066956,0.08008831739425659
YPL149W,YLL050C,0,7.4425287,0.145454540848732,0.13127413392066956,0.08018867671489716
YMR296C,YMR015C,1,7.439948,0.14636752009391785,0.13223938643932343,0.08018867671489716
YDL072C,YNR024W,0,7.438964,0.14621131122112274,0.13223938643932343,0.08028904348611832
YML120C,YMR266W,0,7.4388237,0.1460554301738739,0.13223938643932343,0.08038940280675888
YHR216W,YDR534C,0,7.4386797,0.14589989185333252,0.13223938643932343,0.08048976212739944
YHL015W,YOR049C,0,7.4346085,0.1457446813583374,0.13223938643932343,0.08059012144804001
YDR380W,YPL092W,0,7.434332,0.14558979868888855,0.13223938643932343,0.08069048821926117
YPL255W,YIL101C,0,7.4327717,0.14543524384498596,0.13223938643932343,0.08079084753990173
YMR015C,YOL108C,1,7.4284296,0.1463414579629898,0.1332046389579773,0.08079084753990173
YPL058C,YBR132C,1,7.4268513,0.14724576473236084,0.13416989147663116,0.08079084753990173
YMR220W,YOL032W,1,7.4266486,0.14814814925193787,0.13513512909412384,0.08079084753990173
YEL047C,YMR060C,0,7.4207582,0.14799153804779053,0.13513512909412384,0.0808912068605423
YDL052C,YHL020C,1,7.4204197,0.14889124035835266,0.1361003816127777,0.0808912068605423
YPL262W,YNL209W,0,7.4199505,0.1487341821193695,0.1361003816127777,0.08099156618118286
YKR049C,YEL044W,0,7.4140286,0.14857745170593262,0.1361003816127777,0.08109193295240402
YHL024W,YBR009C,0,7.4139585,0.148421049118042,0.1361003816127777,0.08119229227304459
YPL081W,YNL049C,0,7.4127274,0.14826498925685883,0.1361003816127777,0.08129265159368515
YDR212W,YLR248W,0,7.4122424,0.14810924232006073,0.1361003816127777,0.08139301836490631
YCR031C,YJL020C,0,7.410033,0.1479538232088089,0.1361003816127777,0.08149337768554688
YLR328W,YDR479C,0,7.409238,0.14779874682426453,0.1361003816127777,0.08159373700618744
YAR071W,YML123C,0,7.4079065,0.14764398336410522,0.1361003816127777,0.081694096326828
YGL144C,YOR065W,0,7.406642,0.147489532828331,0.1361003816127777,0.08179446309804916
YDR354W,YPL224C,0,7.400737,0.14733542501926422,0.1361003816127777,0.08189482241868973
YGL123W,YML130C,0,7.399791,0.14718163013458252,0.1361003816127777,0.08199518173933029
YGL253W,YIR037W,0,7.3994746,0.1470281481742859,0.1361003816127777,0.08209554105997086
YOL055C,YGL070C,0,7.3990655,0.14687499403953552,0.1361003816127777,0.08219590783119202
YLR406C,YDR255C,0,7.398787,0.14672216773033142,0.1361003816127777,0.08229626715183258
YOR065W,YER070W,0,7.396698,0.1465696394443512,0.1361003816127777,0.08239662647247314
YLR158C,YPL126W,0,7.392899,0.14641743898391724,0.1361003816127777,0.08249698579311371
YKL195W,YKL143W,0,7.3924265,0.14626556634902954,0.1361003816127777,0.08259735256433487
YOR341W,YDR069C,0,7.389882,0.14611399173736572,0.1361003816127777,0.08269771188497543
YPL232W,YOR066W,0,7.388815,0.14596273005008698,0.1361003816127777,0.082798071205616
YGR165W,YNL123W,0,7.3860445,0.1458117961883545,0.1361003816127777,0.08289843797683716
YPR141C,YDR322W,0,7.383195,0.1456611603498459,0.1361003816127777,0.08299879729747772
YDR198C,YPR023C,0,7.382968,0.14551083743572235,0.1361003816127777,0.08309915661811829
YKL110C,YGR295C,0,7.3822055,0.1453608274459839,0.1361003816127777,0.08319951593875885
YAL055W,YGR060W,0,7.377675,0.1452111154794693,0.1361003816127777,0.08329988270998001
YHL032C,YBL072C,0,7.377657,0.14506173133850098,0.1361003816127777,0.08340024203062057
YPR001W,YJR073C,1,7.3765984,0.1459403932094574,0.13706563413143158,0.08340024203062057
YDR294C,YML126C,1,7.3741264,0.14681725203990936,0.13803088665008545,0.08340024203062057
YLR003C,YNL005C,0,7.3739405,0.14666666090488434,0.13803088665008545,0.08350060135126114
YOR196C,YAR042W,1,7.3737364,0.14754098653793335,0.13899613916873932,0.08350060135126114
YDL019C,YOR002W,1,7.3728714,0.1484135091304779,0.1399613916873932,0.08350060135126114
YOR016C,YGR048W,0,7.3711557,0.14826175570487976,0.1399613916873932,0.0836009606719017
YOR348C,YLR304C,0,7.370799,0.1481103152036667,0.1399613916873932,0.08370132744312286
YGR172C,YLL001W,0,7.3650827,0.14795918762683868,0.1399613916873932,0.08380168676376343
YHR001W,YGL084C,1,7.3648367,0.14882773160934448,0.14092664420604706,0.08380168676376343
YOL151W,YOL101C,1,7.363271,0.1496945023536682,0.14189189672470093,0.08380168676376343
YNR023W,YLR220W,0,7.354867,0.1495422124862671,0.14189189672470093,0.08390204608440399
YCR053W,YDR316W,0,7.353419,0.14939025044441223,0.14189189672470093,0.08400240540504456
YDR204W,YPL038W,0,7.3529825,0.14923857152462006,0.14189189672470093,0.08410277217626572
YGL078C,YLR158C,0,7.3474445,0.14908722043037415,0.14189189672470093,0.08420313149690628
YML130C,YEL050C,0,7.3455024,0.1489361673593521,0.14189189672470093,0.08430349081754684
YFL025C,YGL005C,0,7.344696,0.14878542721271515,0.14189189672470093,0.084403857588768
YKL141W,YBL054W,0,7.342377,0.14863498508930206,0.14189189672470093,0.08450421690940857
YFL036W,YJL048C,0,7.3420053,0.14848485589027405,0.14189189672470093,0.08460457623004913
YCR068W,YOR182C,0,7.341585,0.14833500981330872,0.14189189672470093,0.0847049355506897
YOR115C,YJR045C,0,7.3413796,0.14818547666072845,0.14189189672470093,0.08480530232191086
YJR090C,YER007C-A,0,7.3406663,0.14803625643253326,0.14189189672470093,0.08490566164255142
YIL115C,YGL196W,0,7.3375177,0.14788731932640076,0.14189189672470093,0.08500602096319199
YDR105C,YPR141C,0,7.3345456,0.14773869514465332,0.14189189672470093,0.08510638028383255
YLR061W,YML016C,0,7.3267965,0.14759035408496857,0.14189189672470093,0.08520674705505371
YER032W,YMR313C,0,7.3246098,0.14744232594966888,0.14189189672470093,0.08530710637569427
YLR327C,YNL287W,0,7.3200293,0.14729459583759308,0.14189189672470093,0.08540746569633484
YDR399W,YLR246W,0,7.3199472,0.14714714884757996,0.14189189672470093,0.0855078250169754
YNL103W,YLL026W,0,7.317161,0.1469999998807907,0.14189189672470093,0.08560819178819656
YPL001W,YMR195W,0,7.3168964,0.14685314893722534,0.14189189672470093,0.08570855110883713
YLL028W,YDR515W,0,7.312702,0.14670658111572266,0.14189189672470093,0.08580891042947769
YDL106C,YNR037C,0,7.310116,0.14656032621860504,0.14189189672470093,0.08590926975011826
YKR089C,YGL001C,1,7.309889,0.14741036295890808,0.1428571492433548,0.08590926975011826
YOR321W,YER170W,0,7.3082404,0.14726367592811584,0.1428571492433548,0.08600963652133942
YLR178C,YML116W,0,7.307803,0.14711730182170868,0.1428571492433548,0.08610999584197998
YAL051W,YGL021W,0,7.3033743,0.146971195936203,0.1428571492433548,0.08621035516262054
YMR208W,YMR165C,1,7.3018427,0.147817462682724,0.14382238686084747,0.08621035516262054
YGL130W,YOR133W,0,7.2986,0.1476709544658661,0.14382238686084747,0.0863107219338417
YMR202W,YFR019W,1,7.2968216,0.14851485192775726,0.14478763937950134,0.0863107219338417
YCR044C,YNR043W,1,7.2961082,0.14935706555843353,0.1457528918981552,0.0863107219338417
YGR157W,YAR035W,1,7.2957997,0.15019762516021729,0.14671814441680908,0.0863107219338417
YGL018C,YLR403W,0,7.2929897,0.1500493586063385,0.14671814441680908,0.08641108125448227
YJL115W,YGL196W,0,7.292091,0.1499013751745224,0.14671814441680908,0.08651144057512283
YPL084W,YKL114C,0,7.2920294,0.14975368976593018,0.14671814441680908,0.0866117998957634
YFL037W,YNL128W,0,7.290104,0.14960630238056183,0.14671814441680908,0.08671216666698456
YHR143W,YNL240C,0,7.289938,0.14945919811725616,0.14671814441680908,0.08681252598762512
YPR154W,YJL072C,0,7.289896,0.14931237697601318,0.14671814441680908,0.08691288530826569
YGL055W,YOR032C,0,7.2893796,0.14916585385799408,0.14671814441680908,0.08701324462890625
YER176W,YGR194C,0,7.2861977,0.14901961386203766,0.14671814441680908,0.08711361140012741
YEL009C,YER041W,0,7.2846613,0.14887365698814392,0.14671814441680908,0.08721397072076797
YLR459W,YLR056W,1,7.284462,0.14970645308494568,0.14768339693546295,0.08721397072076797
YOR150W,YKR027W,0,7.284403,0.1495601236820221,0.14768339693546295,0.08731433004140854
YGL055W,YDR173C,1,7.2836256,0.150390625,0.14864864945411682,0.08731433004140854
YMR092C,YDR407C,0,7.2835255,0.15024390816688538,0.14864864945411682,0.0874146893620491
YFL037W,YMR068W,0,7.2834697,0.15009745955467224,0.14864864945411682,0.08751505613327026
YDR116C,YBL106C,0,7.281029,0.14995130896568298,0.14864864945411682,0.08761541545391083
YDR394W,YGL099W,0,7.2805834,0.1498054414987564,0.14864864945411682,0.08771577477455139
YBL039C,YNR033W,0,7.2769303,0.14965985715389252,0.14864864945411682,0.08781614154577255
YDR005C,YML094W,0,7.276738,0.1495145559310913,0.14864864945411682,0.08791650086641312
YDR440W,YGL156W,0,7.275682,0.14936953783035278,0.14864864945411682,0.08801686018705368
YDR400W,YLR399C,0,7.274396,0.14922480285167694,0.14864864945411682,0.08811721950769424
YOL154W,YLR286C,0,7.273953,0.14908035099506378,0.14864864945411682,0.0882175862789154
YHR007C,YDR191W,1,7.2722754,0.1499032825231552,0.1496139019727707,0.0882175862789154
YNL101W,YHR010W,0,7.272217,0.1497584581375122,0.1496139019727707,0.08831794559955597
YMR298W,YKR053C,1,7.266857,0.15057915449142456,0.15057915449142456,0.08831794559955597
YBR110W,YMR246W,1,7.263818,0.15139827132225037,0.15154440701007843,0.08831794559955597
YKL080W,YBL030C,0,7.2622604,0.1512524038553238,0.15154440701007843,0.08841830492019653
YPL026C,YOL080C,0,7.261092,0.1511068344116211,0.15154440701007843,0.0885186642408371
YKL197C,YJL104W,0,7.2608857,0.15096153318881989,0.15154440701007843,0.08861903101205826
YLL010C,YJL026W,0,7.256153,0.15081652998924255,0.15154440701007843,0.08871939033269882
YPL164C,YJR043C,0,7.2553134,0.15067178010940552,0.15154440701007843,0.08881974965333939
YPR165W,YPL012W,0,7.253774,0.15052732825279236,0.15154440701007843,0.08892010897397995
YOR061W,YLR284C,0,7.2512817,0.1503831446170807,0.15154440701007843,0.08902047574520111
YDR237W,YLR450W,0,7.2510777,0.1502392292022705,0.15154440701007843,0.08912083506584167
YGR175C,YLR284C,1,7.2508082,0.1510516256093979,0.1525096595287323,0.08912083506584167
YKL146W,YCR028C-A,0,7.2489214,0.15090735256671906,0.1525096595287323,0.08922119438648224
YLR066W,YNL111C,0,7.2467585,0.1507633626461029,0.1525096595287323,0.0893215611577034
YLR121C,YBR123C,0,7.245715,0.15061964094638824,0.1525096595287323,0.08942192047834396
YAR007C,YLR332W,0,7.243409,0.15047618746757507,0.1525096595287323,0.08952227979898453
YCL026C-A,YHR096C,0,7.2422976,0.15033301711082458,0.1525096595287323,0.08962263911962509
YKL113C,YCR039C,0,7.241132,0.15019011497497559,0.1525096595287323,0.08972300589084625
YDR482C,YKL192C,0,7.2398863,0.15004748106002808,0.1525096595287323,0.08982336521148682
YGR036C,YGR157W,1,7.238426,0.15085388720035553,0.15347489714622498,0.08982336521148682
YJL051W,YFL041W,0,7.23615,0.15071089565753937,0.15347489714622498,0.08992372453212738
YML019W,YDL010W,0,7.23461,0.1505681872367859,0.15347489714622498,0.09002408385276794
YGL141W,YBR267W,0,7.234031,0.1504257321357727,0.15347489714622498,0.0901244506239891
YOL019W,YDR517W,0,7.2333193,0.1502835601568222,0.15347489714622498,0.09022480994462967
YLR181C,YOL016C,0,7.2330885,0.150141641497612,0.15347489714622498,0.09032516926527023
YLR100W,YNL154C,0,7.2324076,0.15000000596046448,0.15347489714622498,0.0904255285859108
YDL223C,YMR288W,0,7.2310677,0.14985862374305725,0.15347489714622498,0.09052589535713196
YDL204W,YLR139C,0,7.230571,0.1497175097465515,0.15347489714622498,0.09062625467777252
YOL060C,YGL207W,0,7.230034,0.14957666397094727,0.15347489714622498,0.09072661399841309
YDR388W,YPR169W,0,7.229821,0.1494360864162445,0.15347489714622498,0.09082698076963425
YDR318W,YHR114W,0,7.229424,0.14929577708244324,0.15347489714622498,0.09092734009027481
YOR143C,YGL013C,0,7.2291603,0.14915572106838226,0.15347489714622498,0.09102769941091537
YFR053C,YLR448W,0,7.2285495,0.14901593327522278,0.15347489714622498,0.09112805873155594
YOR205C,YPL004C,0,7.228401,0.1488763988018036,0.15347489714622498,0.0912284255027771
YOL147C,YOR059C,1,7.2267904,0.14967259764671326,0.15444014966487885,0.0912284255027771
YML008C,YDR393W,0,7.2261934,0.14953270554542542,0.15444014966487885,0.09132878482341766
YNL128W,YML075C,1,7.2228804,0.15032680332660675,0.15540540218353271,0.09132878482341766
YBL018C,YKL109W,0,7.215991,0.15018656849861145,0.15540540218353271,0.09142914414405823
YDR300C,YLR345W,0,7.215935,0.15004660189151764,0.15540540218353271,0.09152950346469879
YLR368W,YDL232W,0,7.214552,0.14990688860416412,0.15540540218353271,0.09162987023591995
YMR275C,YKL032C,0,7.2142944,0.1497674435377121,0.15540540218353271,0.09173022955656052
YER083C,YNR022C,0,7.2135973,0.14962825179100037,0.15540540218353271,0.09183058887720108
YLR204W,YOL016C,0,7.2134504,0.14948932826519012,0.15540540218353271,0.09193094819784164
YPR016C,YFL041W,0,7.211787,0.14935064315795898,0.15540540218353271,0.0920313149690628
YPR133C,YJL104W,0,7.206427,0.14921222627162933,0.15540540218353271,0.09213167428970337
YDR057W,YAL007C,0,7.2048993,0.14907407760620117,0.15540540218353271,0.09223203361034393
YOR100C,YMR198W,0,7.1993465,0.1489361673593521,0.15540540218353271,0.0923323929309845
YNL012W,YKL004W,1,7.1979322,0.14972274005413055,0.15637065470218658,0.0923323929309845
YDR297W,YER015W,1,7.197571,0.150507852435112,0.15733590722084045,0.0923323929309845
YMR202W,YJL196C,1,7.1969147,0.15129151940345764,0.15830115973949432,0.0923323929309845
YOR180C,YHR042W,1,7.1959343,0.1520737260580063,0.1592664122581482,0.0923323929309845
YJL035C,YJL137C,0,7.195652,0.1519336998462677,0.1592664122581482,0.09243275970220566
YLL031C,YJL167W,1,7.195636,0.15271389484405518,0.16023166477680206,0.09243275970220566
YDR058C,YHL007C,0,7.194846,0.15257352590560913,0.16023166477680206,0.09253311902284622
YDL239C,YBL106C,0,7.191466,0.15243342518806458,0.16023166477680206,0.09263347834348679
YOR065W,YNL263C,0,7.1899714,0.15229357779026031,0.16023166477680206,0.09273384511470795
YKR079C,YDL137W,0,7.188674,0.15215398371219635,0.16023166477680206,0.09283420443534851
YMR303C,YMR287C,0,7.1881056,0.15201465785503387,0.16023166477680206,0.09293456375598907
YDR097C,YNR022C,0,7.186368,0.1518755704164505,0.16023166477680206,0.09303492307662964
YHR102W,YNL124W,0,7.1852202,0.15173675119876862,0.16023166477680206,0.0931352898478508
YER126C,YKL002W,0,7.184389,0.15159817039966583,0.16023166477680206,0.09323564916849136
YKL054C,YDR100W,0,7.1836553,0.15145985782146454,0.16023166477680206,0.09333600848913193
YOR317W,YBL082C,1,7.1800623,0.15223336219787598,0.16119691729545593,0.09333600848913193
YDR184C,YCL051W,0,7.1800222,0.15209472179412842,0.16119691729545593,0.09343636780977249
YKL028W,YBR033W,0,7.1794786,0.15195631980895996,0.16119691729545593,0.09353673458099365
YER021W,YOR341W,0,7.178266,0.151818186044693,0.16119691729545593,0.09363709390163422
YOR027W,YBL075C,0,7.176567,0.15168029069900513,0.16119691729545593,0.09373745322227478
YJR075W,YOR049C,0,7.1760044,0.15154264867305756,0.16119691729545593,0.09383781254291534
YDL049C,YER001W,0,7.1746206,0.15140525996685028,0.16119691729545593,0.0939381793141365
YKR001C,YDR465C,0,7.1734815,0.1512681096792221,0.16119691729545593,0.09403853863477707
YBR068C,YOR030W,0,7.171509,0.15113122761249542,0.16119691729545593,0.09413889795541763
YOR391C,YDR465C,0,7.1703753,0.15099456906318665,0.16119691729545593,0.0942392647266388
YGR227W,YJR103W,1,7.1685705,0.1517615169286728,0.1621621549129486,0.0942392647266388
YCR068W,YPL144W,0,7.167978,0.15162454545497894,0.1621621549129486,0.09433962404727936
YOL137W,YDR071C,0,7.1676784,0.1514878273010254,0.1621621549129486,0.09443998336791992
YNL096C,YOL122C,0,7.1661043,0.15135134756565094,0.1621621549129486,0.09454034268856049
YBR273C,YDR039C,0,7.1600294,0.15121512115001678,0.1621621549129486,0.09464070945978165
YOR026W,YDR294C,0,7.159952,0.15107913315296173,0.1621621549129486,0.09474106878042221
YOL012C,YFL016C,0,7.1577244,0.15094339847564697,0.1621621549129486,0.09484142810106277
YIL138C,YLR216C,0,7.1572638,0.15080790221691132,0.1621621549129486,0.09494178742170334
YJL145W,YDR200C,0,7.15411,0.15067264437675476,0.1621621549129486,0.0950421541929245
YMR070W,YBR043C,0,7.153339,0.1505376398563385,0.1621621549129486,0.09514251351356506
YER040W,YBR179C,0,7.152029,0.15040285885334015,0.1621621549129486,0.09524287283420563
YDR182W,YMR303C,0,7.151906,0.1502683311700821,0.1621621549129486,0.09534323215484619
YJR009C,YGL006W,0,7.1459675,0.15013404190540314,0.1621621549129486,0.09544359892606735
YDR105C,YKL114C,0,7.145361,0.15000000596046448,0.1621621549129486,0.09554395824670792
YNL111C,YOR017W,0,7.1452646,0.14986619353294373,0.1621621549129486,0.09564431756734848
YHR042W,YGL126W,1,7.144761,0.1506238877773285,0.16312740743160248,0.09564431756734848
YJL167W,YBR036C,1,7.141078,0.15138022601604462,0.16409265995025635,0.09564431756734848
YDR382W,YGL142C,0,7.1406946,0.15124554932117462,0.16409265995025635,0.09574468433856964
YDL134C,YLR083C,0,7.1397486,0.15111111104488373,0.16409265995025635,0.0958450436592102
YMR302C,YLR265C,0,7.1395874,0.15097691118717194,0.16409265995025635,0.09594540297985077
YPR025C,YNR001C,0,7.138996,0.15084294974803925,0.16409265995025635,0.09604576230049133
YMR305C,YPR108W,0,7.1362944,0.15070922672748566,0.16409265995025635,0.0961461290717125
YNL088W,YOL122C,0,7.135074,0.15057572722434998,0.16409265995025635,0.09624648839235306
YHR183W,YIL123W,0,7.135066,0.1504424810409546,0.16409265995025635,0.09634684771299362
YDL136W,YNL142W,0,7.1329374,0.1503094583749771,0.16409265995025635,0.09644720703363419
YBR109C,YOR100C,1,7.132839,0.1510600745677948,0.16505791246891022,0.09644720703363419
YPL013C,YOL011W,0,7.1297827,0.15092673897743225,0.16505791246891022,0.09654757380485535
YIR028W,YKL192C,0,7.1263847,0.15079365670681,0.16505791246891022,0.09664793312549591
YHR146W,YPL079W,0,7.124632,0.15066079795360565,0.16505791246891022,0.09674829244613647
YBR102C,YML008C,0,7.1245775,0.1505281627178192,0.16505791246891022,0.09684865176677704
YMR260C,YMR119W,0,7.1244273,0.15039578080177307,0.16505791246891022,0.0969490185379982
YGL096W,YNL197C,0,7.1242456,0.15026362240314484,0.16505791246891022,0.09704937785863876
YJR086W,YOR140W,0,7.1236095,0.1501316875219345,0.16505791246891022,0.09714973717927933
YOR202W,YPL076W,0,7.1191773,0.15000000596046448,0.16505791246891022,0.09725010395050049
YGR044C,YMR277W,0,7.118634,0.14986853301525116,0.16505791246891022,0.09735046327114105
YEL027W,YGL011C,0,7.118534,0.14973729848861694,0.16505791246891022,0.09745082259178162
YDR178W,YMR234W,0,7.118098,0.14960630238056183,0.16505791246891022,0.09755118191242218
YPR113W,YOL101C,1,7.1162376,0.15034964680671692,0.1660231649875641,0.09755118191242218
YKR059W,YOL055C,0,7.1157074,0.15021833777427673,0.1660231649875641,0.09765154868364334
YFR044C,YAL042W,0,7.1150064,0.15008726716041565,0.1660231649875641,0.0977519080042839
YBR105C,YLR398C,0,7.113076,0.14995640516281128,0.1660231649875641,0.09785226732492447
YHR167W,YOR132W,0,7.1126637,0.149825781583786,0.1660231649875641,0.09795262664556503
YHR067W,YGL055W,1,7.1102266,0.1505657136440277,0.16698841750621796,0.09795262664556503
YJL164C,YOR067C,0,7.1074076,0.15043477714061737,0.16698841750621796,0.0980529934167862
YEL063C,YPR175W,0,7.1054897,0.15030407905578613,0.16698841750621796,0.09815335273742676
YDR050C,YJL168C,0,7.1054726,0.1501736044883728,0.16698841750621796,0.09825371205806732
YGL078C,YAL009W,0,7.1050177,0.15004336833953857,0.16698841750621796,0.09835407137870789
YGL136C,YHL011C,0,7.1027126,0.14991334080696106,0.16698841750621796,0.09845443814992905
YKL138C,YNL125C,0,7.1018505,0.14978355169296265,0.16698841750621796,0.09855479747056961
YER120W,YLR240W,1,7.1003838,0.15051902830600739,0.16795367002487183,0.09855479747056961
YGR094W,YHR001W-A,0,7.100054,0.1503889411687851,0.16795367002487183,0.09865515679121017
YBR054W,YGL211W,0,7.0988503,0.15025906264781952,0.16795367002487183,0.09875552356243134
YPL145C,YML126C,1,7.0979195,0.1509922295808792,0.1689189225435257,0.09875552356243134
YOR293W,YKL025C,0,7.096133,0.15086206793785095,0.1689189225435257,0.0988558828830719
YPR113W,YNL012W,1,7.0953093,0.15159344673156738,0.16988417506217957,0.0988558828830719
YKR024C,YNL306W,0,7.092027,0.15146300196647644,0.16988417506217957,0.09895624220371246
YMR237W,YMR312W,0,7.090316,0.1513327658176422,0.16988417506217957,0.09905660152435303
YLR363C,YBL064C,0,7.087338,0.1512027531862259,0.16988417506217957,0.09915696829557419
YPL010W,YER033C,0,7.0838137,0.15107296407222748,0.16988417506217957,0.09925732761621475
YPL089C,YLR368W,0,7.082897,0.15094339847564697,0.16988417506217957,0.09935768693685532
YKL004W,YKR003W,1,7.0810575,0.15167094767093658,0.17084942758083344,0.09935768693685532
YDR452W,YNR041C,0,7.079634,0.1515410989522934,0.17084942758083344,0.09945804625749588
YDR432W,YPR061C,0,7.0791373,0.15141145884990692,0.17084942758083344,0.09955841302871704
YEL071W,YDL099W,0,7.0787373,0.15128205716609955,0.17084942758083344,0.0996587723493576
YGL047W,YOL101C,1,7.078721,0.1520068347454071,0.1718146651983261,0.0996587723493576
YNL077W,YOL002C,0,7.0764647,0.15187713503837585,0.1718146651983261,0.09975913166999817
YNL154C,YML075C,0,7.0754023,0.1517476588487625,0.1718146651983261,0.09985949099063873
YER048C,YKR093W,0,7.0747623,0.15161839127540588,0.1718146651983261,0.0999598577618599
YGL099W,YLR466W,0,7.0743084,0.15148936212062836,0.1718146651983261,0.10006021708250046
YNL082W,YJL048C,0,7.074073,0.15136054158210754,0.1718146651983261,0.10016057640314102
YLR212C,YNL015W,0,7.073681,0.15123194456100464,0.1718146651983261,0.10026093572378159
YNR016C,YBR132C,1,7.0736494,0.15195246040821075,0.17277991771697998,0.10026093572378159
YKL192C,YBR265W,1,7.0721736,0.15267175436019897,0.17374517023563385,0.10026093572378159
YPR185W,YOR269W,0,7.0716987,0.1525423675775528,0.17374517023563385,0.10036130249500275
YAL061W,YJL186W,0,7.0700994,0.15241320431232452,0.17374517023563385,0.10046166181564331
YML091C,YMR006C,0,7.0599785,0.15228426456451416,0.17374517023563385,0.10056202113628387
YBR207W,YBR135W,0,7.0594006,0.1521555334329605,0.17374517023563385,0.10066238790750504
YOR064C,YCL035C,0,7.0590687,0.15202702581882477,0.17374517023563385,0.1007627472281456
YJL203W,YKR089C,0,7.057769,0.15189872682094574,0.17374517023563385,0.10086310654878616
YML075C,YIL123W,0,7.0509953,0.15177065134048462,0.17374517023563385,0.10096346586942673
YHL019C,YIL148W,0,7.049734,0.1516427993774414,0.17374517023563385,0.10106383264064789
YPL145C,YJL153C,1,7.0496006,0.15235690772533417,0.17471042275428772,0.10106383264064789
YNL280C,YDR173C,1,7.04947,0.15306980907917023,0.1756756752729416,0.10106383264064789
YDR492W,YNL325C,1,7.0493584,0.15378151834011078,0.17664092779159546,0.10106383264064789
YPL181W,YDR365C,0,7.0485907,0.1536523997783661,0.17664092779159546,0.10116419196128845
YOR319W,YEL039C,0,7.047347,0.1535234898328781,0.17664092779159546,0.10126455128192902
YMR281W,YGL077C,0,7.0462503,0.15339480340480804,0.17664092779159546,0.10136491060256958
YHR117W,YDR085C,0,7.04508,0.1532663255929947,0.17664092779159546,0.10146527737379074
YGL173C,YJL097W,0,7.0434837,0.15313807129859924,0.17664092779159546,0.1015656366944313
YNL169C,YMR281W,1,7.041317,0.1538461595773697,0.17760618031024933,0.1015656366944313
YNR043W,YOL147C,1,7.0411787,0.15455305576324463,0.1785714328289032,0.1015656366944313
YMR220W,YHR194W,0,7.0405574,0.1544240415096283,0.1785714328289032,0.10166599601507187
YBL002W,YCL030C,0,7.0395555,0.15429525077342987,0.1785714328289032,0.10176635533571243
YER031C,YGL134W,0,7.0395327,0.15416666865348816,0.1785714328289032,0.1018667221069336
YMR261C,YHR142W,0,7.038233,0.15403829514980316,0.1785714328289032,0.10196708142757416
YGR241C,YMR017W,0,7.036665,0.15391014516353607,0.1785714328289032,0.10206744074821472
YDR168W,YJL143W,0,7.036141,0.1537822037935257,0.1785714328289032,0.10216780751943588
YML025C,YOL016C,0,7.033272,0.15365448594093323,0.1785714328289032,0.10226816684007645
YOR030W,YMR009W,0,7.0315323,0.15352697670459747,0.1785714328289032,0.10236852616071701
YOR070C,YJR043C,0,7.0282974,0.15339966118335724,0.1785714328289032,0.10246888548135757
YLR069C,YGR078C,0,7.027979,0.1532725840806961,0.1785714328289032,0.10256925225257874
YOR202W,YBR169C,0,7.0277653,0.1531457006931305,0.1785714328289032,0.1026696115732193
YML019W,YCL051W,0,7.0267572,0.1530190259218216,0.1785714328289032,0.10276997089385986
YLR304C,YPL153C,0,7.0218124,0.1528925597667694,0.1785714328289032,0.10287033021450043
YHR188C,YHR039C,1,7.0188794,0.1535920798778534,0.17953668534755707,0.10287033021450043
YGR154C,YCL030C,0,7.0177746,0.15346534550189972,0.17953668534755707,0.10297069698572159
YBR162W-A,YKL109W,0,7.016677,0.15333883464336395,0.17953668534755707,0.10307105630636215
YGL195W,YAL001C,0,7.015019,0.1532125174999237,0.17953668534755707,0.10317141562700272
YHR001W-A,YCR018C,0,7.0141697,0.15308642387390137,0.17953668534755707,0.10327177494764328
YOR273C,YHL013C,0,7.014119,0.15296052396297455,0.17953668534755707,0.10337214171886444
YKL080W,YFR015C,0,7.012725,0.15283483266830444,0.17953668534755707,0.103472501039505
YNL242W,YBR069C,0,7.010605,0.15270936489105225,0.17953668534755707,0.10357286036014557
YHR134W,YKL109W,0,7.0072336,0.15258409082889557,0.17953668534755707,0.10367322713136673
YDR284C,YLR242C,1,7.0045667,0.15327869355678558,0.18050193786621094,0.10367322713136673
YGR161C,YPL270W,0,7.004198,0.15315315127372742,0.18050193786621094,0.1037735864520073
YML123C,YOR049C,0,7.003071,0.15302781760692596,0.18050193786621094,0.10387394577264786
YPL081W,YKL002W,0,7.000476,0.15290269255638123,0.18050193786621094,0.10397430509328842
YFR044C,YIL145C,0,6.9977093,0.1527777761220932,0.18050193786621094,0.10407467186450958
YDR320C,YDR316W,0,6.996793,0.1526530683040619,0.18050193786621094,0.10417503118515015
YIL138C,YPR100W,0,6.9967575,0.1525285542011261,0.18050193786621094,0.10427539050579071
YLR371W,YHR042W,0,6.99598,0.15240423381328583,0.18050193786621094,0.10437574982643127
YDR080W,YDL191W,0,6.995095,0.15228013694286346,0.18050193786621094,0.10447611659765244
YGR161C,YPL253C,0,6.9944077,0.15215621888637543,0.18050193786621094,0.104576475918293
YHR113W,YJL177W,0,6.9937162,0.1520325243473053,0.18050193786621094,0.10467683523893356
YBR299W,YMR079W,0,6.990739,0.1519090235233307,0.18050193786621094,0.10477719455957413
YOR197W,YPR192W,0,6.986354,0.1517857164144516,0.18050193786621094,0.10487756133079529
YMR040W,YHR091C,0,6.9859695,0.15166261792182922,0.18050193786621094,0.10497792065143585
YBR161W,YGR263C,1,6.985788,0.15235008299350739,0.1814671754837036,0.10497792065143585
YGL250W,YJL072C,0,6.9853344,0.15222671627998352,0.1814671754837036,0.10507827997207642
YPL221W,YMR260C,0,6.984237,0.15210355818271637,0.1814671754837036,0.10517864674329758
YNL270C,YOR167C,0,6.9817133,0.15198059380054474,0.1814671754837036,0.10527900606393814
YOR158W,YBR102C,0,6.9788303,0.15185783803462982,0.1814671754837036,0.1053793653845787
YMR296C,YJL100W,1,6.9763603,0.1525423675775528,0.18243242800235748,0.1053793653845787
YML008C,YDR058C,1,6.9754157,0.15322580933570862,0.18339768052101135,0.1053793653845787
YLR144C,YJR077C,0,6.971101,0.1531023383140564,0.18339768052101135,0.10547972470521927
YGL105W,YHR114W,0,6.970547,0.1529790610074997,0.18339768052101135,0.10558009147644043
YHR154W,YGL166W,0,6.969801,0.1528559923171997,0.18339768052101135,0.105680450797081
YHR064C,YBR234C,0,6.968623,0.15273311734199524,0.18339768052101135,0.10578081011772156
YOL126C,YMR205C,0,6.967825,0.1526104360818863,0.18339768052101135,0.10588116943836212
YDR033W,YML123C,0,6.965307,0.15248796343803406,0.18339768052101135,0.10598153620958328
YGR124W,YDR520C,0,6.965131,0.15236568450927734,0.18339768052101135,0.10608189553022385
YKR039W,YHR169W,0,6.964905,0.15224358439445496,0.18339768052101135,0.10618225485086441
YKR049C,YLR343W,0,6.964183,0.15212169289588928,0.18339768052101135,0.10628261417150497
YJL099W,YPL254W,0,6.9641657,0.15199999511241913,0.18339768052101135,0.10638298094272614
YPL095C,YGR037C,1,6.961693,0.15267786383628845,0.18436293303966522,0.10638298094272614
YIL072W,YGL076C,0,6.960494,0.152555912733078,0.18436293303966522,0.1064833402633667
YMR230W,YAL010C,0,6.9587293,0.15243415534496307,0.18436293303966522,0.10658369958400726
YJL184W,YML034W,0,6.957357,0.15231260657310486,0.18436293303966522,0.10668405890464783
YJL033W,YMR030W,0,6.956938,0.15219123661518097,0.18436293303966522,0.10678442567586899
YLR100W,YMR119W,0,6.954406,0.1520700603723526,0.18436293303966522,0.10688478499650955
YKR003W,YLR242C,1,6.9527836,0.15274463593959808,0.1853281855583191,0.10688478499650955
YER149C,YDR430C,0,6.950294,0.15262320637702942,0.1853281855583191,0.10698514431715012
YGR068C,YER141W,0,6.949895,0.15250198543071747,0.1853281855583191,0.10708551108837128
YOR369C,YMR009W,0,6.9493666,0.15238095819950104,0.1853281855583191,0.10718587040901184
YDR529C,YGR132C,0,6.9486237,0.15226010978221893,0.1853281855583191,0.1072862297296524
YJL091C,YIL111W,0,6.9471207,0.15213945508003235,0.1853281855583191,0.10738658905029297
YDR162C,YMR303C,0,6.9450984,0.15201900899410248,0.1853281855583191,0.10748695582151413
YPL177C,YDR384C,0,6.9450436,0.15189872682094574,0.1853281855583191,0.1075873151421547
YIL005W,YGR024C,0,6.943773,0.15177865326404572,0.1853281855583191,0.10768767446279526
YHR039C,YGL191W,0,6.9426675,0.1516587734222412,0.1853281855583191,0.10778803378343582
YLR248W,YER112W,0,6.94152,0.15153907239437103,0.1853281855583191,0.10788840055465698
YMR215W,YML130C,0,6.941096,0.15141956508159637,0.1853281855583191,0.10798875987529755
YKL029C,YLR023C,0,6.939663,0.15130023658275604,0.1853281855583191,0.10808911919593811
YMR188C,YDR481C,0,6.9367986,0.15118110179901123,0.1853281855583191,0.10818947851657867
YNL012W,YOR326W,0,6.9366217,0.15106216073036194,0.1853281855583191,0.10828984528779984
YJR001W,YPR065W,0,6.9353228,0.15094339847564697,0.1853281855583191,0.1083902046084404
YLR438C-A,YDR231C,0,6.9350004,0.15082482993602753,0.1853281855583191,0.10849056392908096
YOR036W,YPL018W,0,6.9341717,0.1507064402103424,0.1853281855583191,0.10859093070030212
YOR036W,YLR438C-A,0,6.92997,0.1505882292985916,0.1853281855583191,0.10869129002094269
YLR196W,YBR019C,0,6.929901,0.15047021210193634,0.1853281855583191,0.10879164934158325
YPL095C,YDR517W,0,6.929776,0.1503523886203766,0.1853281855583191,0.10889200866222382
YDR484W,YKL012W,0,6.9293656,0.15023474395275116,0.1853281855583191,0.10899237543344498
YNL068C,YER100W,0,6.9291906,0.15011727809906006,0.1853281855583191,0.10909273475408554
YGR263C,YDR173C,1,6.929142,0.15078124403953552,0.18629343807697296,0.10909273475408554
YLR276C,YHR083W,0,6.92841,0.15066353976726532,0.18629343807697296,0.1091930940747261
YEL050C,YPR128C,1,6.9271774,0.15132606029510498,0.18725869059562683,0.1091930940747261
YDL100C,YBR088C,0,6.923435,0.15120810270309448,0.18725869059562683,0.10929345339536667
YER143W,YMR243C,0,6.9229813,0.1510903388261795,0.18725869059562683,0.10939382016658783
YOR257W,YKR089C,0,6.9218206,0.15097276866436005,0.18725869059562683,0.1094941794872284
YOL041C,YDR270W,0,6.921709,0.15085536241531372,0.18725869059562683,0.10959453880786896
YLR134W,YDR243C,0,6.917838,0.15073814988136292,0.18725869059562683,0.10969489812850952
YBR205W,YKR053C,0,6.916418,0.15062111616134644,0.18725869059562683,0.10979526489973068
YIR021W,YKL140W,0,6.916319,0.15050426125526428,0.18725869059562683,0.10989562422037125
YDR212W,YJL019W,0,6.9161367,0.15038760006427765,0.18725869059562683,0.10999598354101181
YBR296C,YHR024C,0,6.9157486,0.15027110278606415,0.18725869059562683,0.11009635031223297
YBR130C,YDR511W,0,6.915731,0.15015479922294617,0.18725869059562683,0.11019670963287354
YDR171W,YDR143C,0,6.915266,0.1500386744737625,0.18725869059562683,0.1102970689535141
YJR155W,YDL155W,0,6.9147787,0.149922713637352,0.18725869059562683,0.11039742827415466
YOR115C,YKL087C,0,6.9130497,0.149806946516037,0.18725869059562683,0.11049779504537582
YNR012W,YBR251W,0,6.9128513,0.1496913582086563,0.18725869059562683,0.11059815436601639
YFL044C,YIL022W,0,6.9121456,0.14957594871520996,0.18725869059562683,0.11069851368665695
YEL001C,YOR175C,0,6.9114823,0.14946070313453674,0.18725869059562683,0.11079887300729752
YHR086W,YDR400W,0,6.9088054,0.14934565126895905,0.18725869059562683,0.11089923977851868
YPR155C,YLR210W,0,6.9071064,0.14923076331615448,0.18725869059562683,0.11099959909915924
YPR006C,YOR245C,1,6.9050436,0.14988470077514648,0.1882239431142807,0.11099959909915924
YBR106W,YDR345C,0,6.902034,0.149769589304924,0.1882239431142807,0.1110999584197998
YDR148C,YML107C,0,6.899929,0.14965464174747467,0.1882239431142807,0.11120031774044037
YCL052C,YHR067W,1,6.898856,0.15030674636363983,0.18918919563293457,0.11120031774044037
YLR059C,YGL003C,0,6.8978796,0.15019157528877258,0.18918919563293457,0.11130068451166153
YGL229C,YMR076C,0,6.896675,0.15007656812667847,0.18918919563293457,0.1114010438323021
YHR181W,YML042W,0,6.895253,0.14996173977851868,0.18918919563293457,0.11150140315294266
YGR099W,YPL214C,0,6.89472,0.1498470902442932,0.18918919563293457,0.11160176992416382
YAR015W,YER005W,0,6.894651,0.14973261952400208,0.18918919563293457,0.11170212924480438
YDR408C,YML127W,0,6.8946266,0.14961832761764526,0.18918919563293457,0.11180248856544495
YML013W,YLL048C,0,6.8916407,0.14950419962406158,0.18918919563293457,0.11190284788608551
YKR099W,YBR169C,0,6.8913083,0.14939025044441223,0.18918919563293457,0.11200321465730667
YDR359C,YKL049C,0,6.891135,0.149276465177536,0.18918919563293457,0.11210357397794724
YDR259C,YGR116W,0,6.8905845,0.14916285872459412,0.18918919563293457,0.1122039332985878
YDR231C,YKL065C,0,6.8899236,0.14904943108558655,0.18918919563293457,0.11230429261922836
YOR090C,YPR046W,0,6.889574,0.1489361673593521,0.18918919563293457,0.11240465939044952
YNL280C,YLR304C,1,6.8892584,0.1495823860168457,0.19015443325042725,0.11240465939044952
YPL149W,YIL052C,0,6.8891106,0.14946889877319336,0.19015443325042725,0.11250501871109009
YOL154W,YGL055W,0,6.888133,0.14935557544231415,0.19015443325042725,0.11260537803173065
YDR153C,YML007W,0,6.88799,0.14924243092536926,0.19015443325042725,0.11270573735237122
YJL026W,YDL076C,0,6.8868504,0.1491294503211975,0.19015443325042725,0.11280610412359238
YBR084W,YIL065C,0,6.8863754,0.14901664853096008,0.19015443325042725,0.11290646344423294
YPL013C,YGL139W,0,6.8842854,0.1489040106534958,0.19015443325042725,0.1130068227648735
YDL126C,YDR127W,0,6.884129,0.14879153668880463,0.19015443325042725,0.11310718953609467
YLL028W,YBL087C,0,6.884036,0.1486792415380478,0.19015443325042725,0.11320754885673523
YGL013C,YPL211W,0,6.882616,0.14856712520122528,0.19015443325042725,0.1133079081773758
YHR169W,YER139C,0,6.882369,0.1484551578760147,0.19015443325042725,0.11340826749801636
YDR456W,YLR265C,0,6.8763394,0.14834336936473846,0.19015443325042725,0.11350863426923752
YOR374W,YOR149C,0,6.875884,0.14823175966739655,0.19015443325042725,0.11360899358987808
YMR001C,YDL103C,0,6.875626,0.14812029898166656,0.19015443325042725,0.11370935291051865
YPR199C,YGR204W,0,6.875305,0.1480090171098709,0.19015443325042725,0.11380971223115921
YMR070W,YJR123W,0,6.8739223,0.1478978991508484,0.19015443325042725,0.11391007900238037
YBL011W,YGL001C,1,6.870635,0.14853712916374207,0.19111968576908112,0.11391007900238037
YPR005C,YIL019W,0,6.8705482,0.14842578768730164,0.19111968576908112,0.11401043832302094
YOR255W,YKL218C,0,6.868191,0.14831461012363434,0.19111968576908112,0.1141107976436615
YDL185W,YLR075W,0,6.867236,0.14820359647274017,0.19111968576908112,0.11421115696430206
YOR155C,YPR101W,0,6.8663473,0.14809274673461914,0.19111968576908112,0.11431152373552322
YNL315C,YKL163W,0,6.865122,0.14798206090927124,0.19111968576908112,0.11441188305616379
YAR015W,YER035W,0,6.8636923,0.14787153899669647,0.19111968576908112,0.11451224237680435
YCR033W,YMR256C,0,6.862215,0.14776119589805603,0.19111968576908112,0.11461260169744492
YLL028W,YNR037C,0,6.8603687,0.14765100181102753,0.19111968576908112,0.11471296846866608
YGL001C,YOR175C,1,6.8589764,0.1482861340045929,0.19208493828773499,0.11471296846866608
YOR253W,YIL162W,0,6.8584905,0.14817573130130768,0.19208493828773499,0.11481332778930664
YDR084C,YER155C,0,6.8581147,0.1480654776096344,0.19208493828773499,0.1149136871099472
YEL058W,YGR209C,0,6.8570347,0.14795538783073425,0.19208493828773499,0.11501405388116837
YIL009W,YBR132C,1,6.855282,0.1485884040594101,0.19305019080638885,0.11501405388116837
YMR316W,YHR016C,0,6.853734,0.14847810566425323,0.19305019080638885,0.11511441320180893
YBR015C,YKR085C,0,6.8535204,0.1483679562807083,0.19305019080638885,0.1152147725224495
YOR180C,YKL212W,1,6.853036,0.14899925887584686,0.19401544332504272,0.1152147725224495
YBL039C,YLR118C,1,6.852623,0.1496296226978302,0.1949806958436966,0.1152147725224495
YBR212W,YNL056W,0,6.851783,0.14951887726783752,0.1949806958436966,0.11531513184309006
YFR028C,YER081W,0,6.8503456,0.1494082808494568,0.1949806958436966,0.11541549861431122
YLR328W,YBR265W,0,6.849044,0.14929786324501038,0.1949806958436966,0.11551585793495178
YPR113W,YER093C,1,6.8454404,0.14992614090442657,0.19594594836235046,0.11551585793495178
YMR280C,YER127W,0,6.8449154,0.14981549978256226,0.19594594836235046,0.11561621725559235
YNL279W,YPL040C,0,6.8428063,0.14970500767230988,0.19594594836235046,0.11571657657623291
YBR177C,YMR220W,1,6.8427205,0.15033161640167236,0.19691120088100433,0.11571657657623291
YKL156W,YGL240W,0,6.8391433,0.15022091567516327,0.19691120088100433,0.11581694334745407
YFR025C,YJR013W,0,6.8376827,0.1501103788614273,0.19691120088100433,0.11591730266809464
YOR344C,YNL082W,0,6.8375864,0.15000000596046448,0.19691120088100433,0.1160176619887352
YPL215W,YNL064C,0,6.836732,0.1498897820711136,0.19691120088100433,0.11611802130937576
YHR028C,YBR180W,0,6.8352365,0.14977973699569702,0.19691120088100433,0.11621838808059692
YPL265W,YHL032C,0,6.833988,0.1496698409318924,0.19691120088100433,0.11631874740123749
YIL040W,YOL126C,0,6.833794,0.1495601236820221,0.19691120088100433,0.11641910672187805
YLR134W,YDR280W,0,6.8328285,0.14945055544376373,0.19691120088100433,0.11651947349309921
YGL232W,YNL094W,0,6.8317313,0.1493411362171173,0.19691120088100433,0.11661983281373978
YIR015W,YLR372W,0,6.831338,0.1492318958044052,0.19691120088100433,0.11672019213438034
YHR005C,YKL127W,0,6.828171,0.14912280440330505,0.19691120088100433,0.1168205514550209
YLR144C,YDR044W,0,6.8280773,0.14901387691497803,0.19691120088100433,0.11692091822624207
YHR063C,YML110C,0,6.8223267,0.14890511333942413,0.19691120088100433,0.11702127754688263
YGL173C,YLR220W,0,6.822047,0.14879649877548218,0.19691120088100433,0.1171216368675232
YOL030W,YLR398C,0,6.818845,0.14868804812431335,0.19691120088100433,0.11722199618816376
YNL069C,YJR052W,0,6.8156376,0.14857974648475647,0.19691120088100433,0.11732236295938492
YFL004W,YFL029C,0,6.815055,0.14847160875797272,0.19691120088100433,0.11742272228002548
YER110C,YOR130C,0,6.814906,0.1483636349439621,0.19691120088100433,0.11752308160066605
YDL003W,YDL115C,0,6.8136096,0.14825581014156342,0.19691120088100433,0.11762344092130661
YNL310C,YHR046C,0,6.812421,0.14814814925193787,0.19691120088100433,0.11772380769252777
YMR113W,YLR304C,0,6.810478,0.14804063737392426,0.19691120088100433,0.11782416701316833
YHR133C,YER026C,1,6.8090677,0.14865845441818237,0.1978764533996582,0.11782416701316833
YHR039C,YGR263C,1,6.806205,0.14927536249160767,0.19884170591831207,0.11782416701316833
YPR186C,YHR176W,0,6.8057404,0.1491672694683075,0.19884170591831207,0.1179245263338089
YBR200W,YGR088W,0,6.8032217,0.14905934035778046,0.19884170591831207,0.11802489310503006
YOR348C,YML081C-A,0,6.8026514,0.14895156025886536,0.19884170591831207,0.11812525242567062
YNL031C,YMR170C,0,6.8005114,0.1488439291715622,0.19884170591831207,0.11822561174631119
YNL256W,YER069W,0,6.8001747,0.14873646199703217,0.19884170591831207,0.11832597106695175
YKL193C,YEL044W,0,6.79885,0.14862914383411407,0.19884170591831207,0.11842633783817291
YPL030W,YIL105C,0,6.798618,0.14852198958396912,0.19884170591831207,0.11852669715881348
YPL069C,YDR204W,0,6.7980757,0.1484149843454361,0.19884170591831207,0.11862705647945404
YPR036W,YER012W,0,6.7977962,0.14830812811851501,0.19884170591831207,0.1187274158000946
YJR161C,YFL036W,0,6.7976475,0.14820143580436707,0.19884170591831207,0.11882778257131577
YOL002C,YKL220C,0,6.7968583,0.14809489250183105,0.19884170591831207,0.11892814189195633
YDR394W,YHR143W-A,0,6.7940893,0.14798851311206818,0.19884170591831207,0.1190285012125969
YNL159C,YOR322C,0,6.790574,0.14788226783275604,0.19884170591831207,0.11912886053323746
YML072C,YIR036C,0,6.7890024,0.14777618646621704,0.19884170591831207,0.11922922730445862
YPR185W,YNL066W,0,6.787364,0.14767025411128998,0.19884170591831207,0.11932958662509918
YOR236W,YMR208W,0,6.7840157,0.14756447076797485,0.19884170591831207,0.11942994594573975
YBR084W,YPR140W,0,6.782324,0.14745883643627167,0.19884170591831207,0.11953031271696091
YIL160C,YER072W,0,6.7808456,0.1473533660173416,0.19884170591831207,0.11963067203760147
YNL323W,YDL193W,0,6.7807593,0.1472480297088623,0.19884170591831207,0.11973103135824203
YAR015W,YPR178W,0,6.7763968,0.14714285731315613,0.19884170591831207,0.1198313906788826
YPL145C,YAL051W,1,6.7763195,0.1477515995502472,0.19980694353580475,0.1198313906788826
YMR079W,YDR057W,0,6.7739944,0.1476462185382843,0.19980694353580475,0.11993175745010376
YOR181W,YPL269W,0,6.772868,0.14754098653793335,0.19980694353580475,0.12003211677074432
YOL089C,YGR275W,0,6.769696,0.14743590354919434,0.19980694353580475,0.12013247609138489
YMR242C,YNL037C,0,6.7692604,0.14733095467090607,0.19980694353580475,0.12023283541202545
YJR019C,YHR142W,0,6.7679577,0.14722616970539093,0.19980694353580475,0.12033320218324661
YOL137W,YNL173C,0,6.767516,0.14712153375148773,0.19980694353580475,0.12043356150388718
YGR121C,YEL027W,0,6.766974,0.14701704680919647,0.19980694353580475,0.12053392082452774
YPR141C,YDR477W,0,6.76696,0.14691270887851715,0.19980694353580475,0.1206342801451683
YPL265W,YNL124W,0,6.7649918,0.14680850505828857,0.19980694353580475,0.12073464691638947
YLR099C,YHR010W,0,6.76268,0.14670446515083313,0.19980694353580475,0.12083500623703003
YAR014C,YPL084W,0,6.7616367,0.14660055935382843,0.19980694353580475,0.1209353655576706
YDL222C,YHR200W,0,6.759591,0.14649681746959686,0.19980694353580475,0.12103573232889175
YDR515W,YPR184W,0,6.7585125,0.14639320969581604,0.19980694353580475,0.12113609164953232
YNL327W,YBR082C,0,6.757188,0.14628975093364716,0.19980694353580475,0.12123645097017288
YBL031W,YER035W,0,6.7554045,0.1461864411830902,0.19980694353580475,0.12133681029081345
YJR110W,YGL001C,1,6.755254,0.14678898453712463,0.20077219605445862,0.12133681029081345
YDL033C,YMR029C,0,6.754156,0.14668546617031097,0.20077219605445862,0.1214371770620346
YGR172C,YGL166W,0,6.7539377,0.14658209681510925,0.20077219605445862,0.12153753638267517
YMR282C,YBL078C,0,6.753704,0.14647887647151947,0.20077219605445862,0.12163789570331573
YPL215W,YPL026C,0,6.752638,0.14637579023838043,0.20077219605445862,0.1217382550239563
YOR100C,YDR238C,0,6.750046,0.14627285301685333,0.20077219605445862,0.12183862179517746
YOR079C,YDR003W,0,6.7492113,0.14617006480693817,0.20077219605445862,0.12193898111581802
YPL032C,YDR534C,0,6.747298,0.14606741070747375,0.20077219605445862,0.12203934043645859
YPL206C,YNL207W,0,6.7459097,0.14596490561962128,0.20077219605445862,0.12213969975709915
YDR204W,YER026C,0,6.745184,0.14586254954338074,0.20077219605445862,0.12224006652832031
YLR002C,YBL047C,0,6.7404394,0.14576034247875214,0.20077219605445862,0.12234042584896088
YGL178W,YDL049C,0,6.7399836,0.14565826952457428,0.20077219605445862,0.12244078516960144
YMR281W,YPL028W,1,6.7371225,0.14625611901283264,0.2017374485731125,0.12244078516960144
YBR189W,YKR013W,0,6.736776,0.14615385234355927,0.2017374485731125,0.122541144490242
YLR196W,YDR253C,0,6.736103,0.14605170488357544,0.2017374485731125,0.12264151126146317
YBL002W,YNL326C,0,6.733909,0.14594972133636475,0.2017374485731125,0.12274187058210373
YHR183W,YPL004C,0,6.733388,0.1458478718996048,0.2017374485731125,0.1228422299027443
YIR015W,YJR145C,0,6.7324114,0.1457461714744568,0.2017374485731125,0.12294259667396545
YPR102C,YBR218C,0,6.731769,0.14564460515975952,0.2017374485731125,0.12304295599460602
YMR088C,YDL115C,0,6.728986,0.145543172955513,0.2017374485731125,0.12314331531524658
YJL184W,YDR534C,0,6.7274857,0.14544188976287842,0.2017374485731125,0.12324367463588715
YML092C,YBL039C,0,6.724453,0.14534075558185577,0.2017374485731125,0.1233440414071083
YPL156C,YDL056W,0,6.7227516,0.14523975551128387,0.2017374485731125,0.12344440072774887
YAL055W,YHR216W,0,6.721308,0.14513888955116272,0.2017374485731125,0.12354476004838943
YML009C,YGR198W,0,6.721035,0.1450381726026535,0.2017374485731125,0.12364511936903
YPL145C,YBR035C,1,6.72097,0.1456310749053955,0.20270270109176636,0.12364511936903
YLR293C,YGL133W,0,6.72062,0.14553014934062958,0.20270270109176636,0.12374548614025116
YML021C,YGL196W,0,6.7206044,0.1454293578863144,0.20270270109176636,0.12384584546089172
YDR046C,YPR166C,0,6.720334,0.14532871544361115,0.20270270109176636,0.12394620478153229
YNL065W,YGR135W,0,6.718708,0.14522822201251984,0.20270270109176636,0.12404656410217285
YPR183W,YMR313C,1,6.7182655,0.14581893384456635,0.20366795361042023,0.12404656410217285
YER062C,YBR169C,0,6.7175627,0.14571823179721832,0.20366795361042023,0.12414693087339401
YOL152W,YBR008C,0,6.7171116,0.14561766386032104,0.20366795361042023,0.12424729019403458
YDR503C,YAR035W,1,6.7165446,0.14620690047740936,0.2046332061290741,0.12424729019403458
YBL084C,YDL076C,0,6.713606,0.14610613882541656,0.2046332061290741,0.12434764951467514
YAL020C,YHL001W,0,6.7119865,0.1460055112838745,0.2046332061290741,0.1244480162858963
YPL248C,YPL105C,0,6.710208,0.1459050178527832,0.2046332061290741,0.12454837560653687
YPL138C,YDL232W,0,6.710038,0.14580467343330383,0.2046332061290741,0.12464873492717743
YEL046C,YIL113W,0,6.70973,0.1457044631242752,0.2046332061290741,0.124749094247818
YML009C,YDR425W,0,6.709362,0.14560440182685852,0.2046332061290741,0.12484946101903915
YCR038C,YLR449W,0,6.709297,0.14550445973873138,0.2046332061290741,0.12494982033967972
YPL120W,YDR434W,1,6.7082014,0.1460905373096466,0.20559845864772797,0.12494982033967972
YOR362C,YIR028W,0,6.707383,0.14599040150642395,0.20559845864772797,0.12505018711090088
YDR038C,YJR145C,0,6.7070413,0.14589041471481323,0.20559845864772797,0.12515054643154144
YGL151W,YMR072W,0,6.7059226,0.14579054713249207,0.20559845864772797,0.125250905752182
YLR017W,YOR363C,0,6.7058535,0.14569082856178284,0.20559845864772797,0.12535126507282257
YDL149W,YER113C,0,6.705639,0.14559124410152435,0.20559845864772797,0.12545162439346313
YOL030W,YJL137C,0,6.7055054,0.1454918086528778,0.20559845864772797,0.1255519837141037
YLR205C,YHR215W,0,6.7048855,0.1453924924135208,0.20559845864772797,0.12565234303474426
YDR259C,YJL168C,0,6.704563,0.14529331028461456,0.20559845864772797,0.12575270235538483
YGR109C,YJL052W,0,6.703489,0.14519427716732025,0.20559845864772797,0.12585307657718658
YMR220W,YLR240W,1,6.7017946,0.14577656984329224,0.20656371116638184,0.12585307657718658
YNL310C,YKR027W,0,6.700859,0.1456773281097412,0.20656371116638184,0.12595343589782715
YCR034W,YOL101C,1,6.700674,0.14625850319862366,0.2075289636850357,0.12595343589782715
YOL011W,YLR239C,1,6.6996064,0.14683888852596283,0.20849420130252838,0.12595343589782715
YPR048W,YDR270W,0,6.6982217,0.14673912525177002,0.20849420130252838,0.1260537952184677
YML082W,YGL227W,0,6.6972275,0.14663951098918915,0.20849420130252838,0.12615415453910828
YIL039W,YJL221C,0,6.6968794,0.14654003083705902,0.20849420130252838,0.12625451385974884
YKR019C,YER026C,1,6.6968536,0.14711864292621613,0.20945945382118225,0.12625451385974884
YER026C,YOR377W,1,6.696706,0.14769648015499115,0.21042470633983612,0.12625451385974884
YML013W,YHR172W,0,6.6960354,0.14759647846221924,0.21042470633983612,0.1263548731803894
YGR123C,YGL191W,0,6.6948495,0.14749661087989807,0.21042470633983612,0.12645523250102997
YPR154W,YOR007C,0,6.692281,0.14739689230918884,0.21042470633983612,0.12655560672283173
YOR371C,YDL212W,0,6.6921277,0.14729729294776917,0.21042470633983612,0.1266559660434723
YDL200C,YHR001W-A,0,6.6864333,0.14719784259796143,0.21042470633983612,0.12675632536411285
YLR228C,YDR058C,1,6.6832304,0.14777328073978424,0.21138995885849,0.12675632536411285
YJR013W,YLR118C,1,6.6829777,0.14834794402122498,0.21235521137714386,0.12675632536411285
YIL137C,YOR295W,0,6.6828227,0.14824797213077545,0.21235521137714386,0.12685668468475342
YOR129C,YCR071C,0,6.6823115,0.14814814925193787,0.21235521137714386,0.12695704400539398
YDR400W,YPR067W,0,6.6811886,0.14804844558238983,0.21235521137714386,0.12705740332603455
YOL077C,YMR101C,0,6.680759,0.14794889092445374,0.21235521137714386,0.1271577626466751
YDR452W,YGL255W,0,6.6765504,0.1478494554758072,0.21235521137714386,0.12725812196731567
YNL331C,YPR184W,0,6.676241,0.14775016903877258,0.21235521137714386,0.12735849618911743
YBR009C,YDL132W,0,6.6753964,0.14765100181102753,0.21235521137714386,0.127458855509758
YFR010W,YKL081W,0,6.6727343,0.1475519835948944,0.21235521137714386,0.12755921483039856
YGR062C,YBR104W,0,6.672563,0.14745308458805084,0.21235521137714386,0.12765957415103912
YKR064W,YDR150W,0,6.672206,0.14735431969165802,0.21235521137714386,0.1277599334716797
YPL103C,YJL002C,0,6.6713653,0.14725568890571594,0.21235521137714386,0.12786029279232025
YHR006W,YIL069C,0,6.670865,0.1471571922302246,0.21235521137714386,0.12796065211296082
YIL069C,YOR057W,0,6.670776,0.14705882966518402,0.21235521137714386,0.12806102633476257
YPL206C,YGL012W,1,6.669509,0.14762859046459198,0.21332046389579773,0.12806102633476257
YBR018C,YDR524C,0,6.6689873,0.14753003418445587,0.21332046389579773,0.12816138565540314
YPL169C,YHL021C,0,6.6688128,0.1474316269159317,0.21332046389579773,0.1282617449760437
YJR145C,YKL002W,0,6.66568,0.14733333885669708,0.21332046389579773,0.12836210429668427
YLR020C,YKL140W,1,6.6642475,0.14790140092372894,0.2142857164144516,0.12836210429668427
YLR355C,YOR374W,0,6.6639767,0.14780293405056,0.2142857164144516,0.12846246361732483
YLR372W,YMR298W,1,6.6617126,0.1483699232339859,0.21525096893310547,0.12846246361732483
YIL129C,YBR088C,0,6.661536,0.14827127754688263,0.21525096893310547,0.1285628229379654
YOR065W,YHL006C,0,6.6614623,0.1481727510690689,0.21525096893310547,0.12866318225860596
YOL068C,YMR256C,0,6.6601458,0.14807437360286713,0.21525096893310547,0.12876354157924652
YOL147C,YJL219W,0,6.6577883,0.1479761153459549,0.21525096893310547,0.12886391580104828
YMR220W,YGL055W,1,6.6577387,0.14854110777378082,0.21621622145175934,0.12886391580104828
YOL006C,YPL015C,0,6.655715,0.14844267070293427,0.21621622145175934,0.12896427512168884
YIL004C,YOR386W,0,6.6553216,0.14834436774253845,0.21621622145175934,0.1290646344423294
YJL145W,YMR088C,0,6.6526065,0.14824619889259338,0.21621622145175934,0.12916499376296997
YJL158C,YPR058W,0,6.650627,0.14814814925193787,0.21621622145175934,0.12926535308361053
YPL206C,YAR035W,1,6.6467524,0.1487111747264862,0.2171814739704132,0.12926535308361053
YLR022C,YIL157C,0,6.6465006,0.14861294627189636,0.2171814739704132,0.1293657124042511
YMR161W,YMR150C,0,6.644184,0.14851485192775726,0.2171814739704132,0.12946607172489166
YDR443C,YNL301C,0,6.6440377,0.1484168916940689,0.2171814739704132,0.12956644594669342
YNL315C,YMR216C,0,6.6408277,0.1483190506696701,0.2171814739704132,0.12966680526733398
YPL175W,YDR173C,1,6.640527,0.14888010919094086,0.21814671158790588,0.12966680526733398
YGR040W,YHR037W,0,6.640517,0.14878208935260773,0.21814671158790588,0.12976716458797455
YGL245W,YFL044C,0,6.6401544,0.14868420362472534,0.21814671158790588,0.1298675239086151
YLR178C,YDL005C,0,6.6400824,0.1485864520072937,0.21814671158790588,0.12996788322925568
YBL080C,YLR100W,0,6.64007,0.1484888345003128,0.21814671158790588,0.13006824254989624
YNR032W,YGL135W,0,6.63896,0.14839133620262146,0.21814671158790588,0.1301686018705368
YAR015W,YDR356W,0,6.637248,0.14829395711421967,0.21814671158790588,0.13026896119117737
YJL204C,YHR089C,0,6.6371427,0.1481967270374298,0.21814671158790588,0.13036933541297913
YMR262W,YNL162W,0,6.636896,0.1480996012687683,0.21814671158790588,0.1304696947336197
YLR084C,YBR298C,0,6.6363325,0.14800262451171875,0.21814671158790588,0.13057005405426025
YER045C,YNL012W,0,6.6358724,0.14790575206279755,0.21814671158790588,0.13067041337490082
YGR204W,YNL293W,0,6.634116,0.14780902862548828,0.21814671158790588,0.13077077269554138
YKL167C,YDL030W,0,6.633483,0.14771242439746857,0.21814671158790588,0.13087113201618195
YDR507C,YOR211C,0,6.632369,0.1476159393787384,0.21814671158790588,0.1309714913368225
YDR293C,YLR274W,0,6.6323214,0.14751958847045898,0.21814671158790588,0.13107186555862427
YNR041C,YBR132C,1,6.632097,0.148075670003891,0.21911196410655975,0.13107186555862427
YKR083C,YDR422C,0,6.6317577,0.14797914028167725,0.21911196410655975,0.13117222487926483
YIL002C,YJL167W,1,6.6315594,0.14853420853614807,0.22007721662521362,0.13117222487926483
YGL224C,YOL126C,0,6.6303854,0.1484375,0.22007721662521362,0.1312725841999054
YMR306W,YGL191W,0,6.626458,0.14834092557430267,0.22007721662521362,0.13137294352054596
YNL327W,YMR156C,0,6.625191,0.1482444703578949,0.22007721662521362,0.13147330284118652
YOR065W,YNL076W,0,6.623729,0.14814814925193787,0.22007721662521362,0.1315736621618271
YDR265W,YOR260W,0,6.623479,0.14805194735527039,0.22007721662521362,0.13167402148246765
YOL007C,YJL212C,0,6.62132,0.14795587956905365,0.22007721662521362,0.13177438080310822
YNL293W,YLR418C,0,6.621202,0.14785991609096527,0.22007721662521362,0.13187475502490997
YLR139C,YPL135W,0,6.61872,0.14776410162448883,0.22007721662521362,0.13197511434555054
YHR026W,YMR170C,0,6.6161947,0.14766839146614075,0.22007721662521362,0.1320754736661911
YDR100W,YAL007C,0,6.6151447,0.1475728154182434,0.22007721662521362,0.13217583298683167
YDR142C,YDR184C,0,6.6128016,0.14747735857963562,0.22007721662521362,0.13227619230747223
YJL097W,YGL001C,1,6.612694,0.1480284482240677,0.2210424691438675,0.13227619230747223
YOL001W,YPR017C,0,6.6107354,0.14793281257152557,0.2210424691438675,0.1323765516281128
YPL030W,YLR201C,0,6.610439,0.1478373110294342,0.2210424691438675,0.13247691094875336
YJR090C,YPR009W,0,6.6104374,0.14774192869663239,0.2210424691438675,0.13257728517055511
YJL106W,YGL238W,0,6.610385,0.1476466804742813,0.2210424691438675,0.13267764449119568
YGR005C,YLR081W,0,6.610018,0.1475515514612198,0.2210424691438675,0.13277800381183624
YMR071C,YLR147C,0,6.6100116,0.14745654165744781,0.2210424691438675,0.1328783631324768
YLR226W,YNL185C,0,6.6068196,0.1473616510629654,0.2210424691438675,0.13297872245311737
YIL074C,YGL111W,0,6.606728,0.14726687967777252,0.2210424691438675,0.13307908177375793
YHR111W,YDL018C,0,6.605179,0.1471722424030304,0.2210424691438675,0.1331794410943985
YOL044W,YJL138C,0,6.604291,0.14707770943641663,0.2210424691438675,0.13327980041503906
YER065C,YKL192C,0,6.603669,0.1469833105802536,0.2210424691438675,0.13338017463684082
YLR045C,YMR021C,0,6.601818,0.14688903093338013,0.2210424691438675,0.13348053395748138
YAR007C,YMR016C,0,6.60126,0.1467948704957962,0.2210424691438675,0.13358089327812195
YJL121C,YER033C,0,6.5991383,0.14670082926750183,0.2210424691438675,0.1336812525987625
YOR077W,YLR075W,0,6.5989156,0.146606907248497,0.2210424691438675,0.13378161191940308
YJL127C,YGR188C,0,6.5977793,0.14651311933994293,0.2210424691438675,0.13388197124004364
YOR047C,YDL049C,0,6.597249,0.1464194357395172,0.2210424691438675,0.1339823305606842
YJR009C,YEL016C,0,6.5969725,0.14632587134838104,0.2210424691438675,0.13408270478248596
YMR232W,YGR241C,0,6.596065,0.14623244106769562,0.2210424691438675,0.13418306410312653
YOR144C,YDL115C,0,6.5954676,0.14613911509513855,0.2210424691438675,0.1342834234237671
YDL100C,YNR001C,0,6.5952196,0.14604592323303223,0.2210424691438675,0.13438378274440765
YGR284C,YML063W,0,6.5947647,0.14595283567905426,0.2210424691438675,0.13448414206504822
YBR070C,YDR284C,1,6.593634,0.14649681746959686,0.22200772166252136,0.13448414206504822
YGL055W,YNL054W,1,6.5929003,0.14704009890556335,0.22297297418117523,0.13448414206504822
YJL137C,YDR158W,0,6.5926285,0.14694656431674957,0.22297297418117523,0.13458450138568878
YOR065W,YKL183W,0,6.5925627,0.14685314893722534,0.22297297418117523,0.13468486070632935
YAL062W,YPL172C,0,6.5922556,0.14675985276699066,0.22297297418117523,0.1347852200269699
YBR083W,YDR255C,0,6.591712,0.14666666090488434,0.22297297418117523,0.13488559424877167
YEL005C,YNL244C,0,6.5914245,0.14657360315322876,0.22297297418117523,0.13498595356941223
YMR083W,YBR161W,0,6.591236,0.14648066461086273,0.22297297418117523,0.1350863128900528
YLR380W,YMR272C,1,6.590754,0.14702154695987701,0.2239382266998291,0.1350863128900528
YOR155C,YEL003W,0,6.5907173,0.14692842960357666,0.2239382266998291,0.13518667221069336
YHR133C,YKL008C,1,6.5902195,0.14746835827827454,0.22490347921848297,0.13518667221069336
YKL033W,YGR076C,0,6.5879555,0.14737507700920105,0.22490347921848297,0.13528703153133392
YDL066W,YJR035W,0,6.587213,0.14728191494941711,0.22490347921848297,0.1353873908519745
YBR026C,YIR033W,1,6.587117,0.1478205919265747,0.22586873173713684,0.1353873908519745
YBR036C,YGL135W,0,6.586913,0.14772726595401764,0.22586873173713684,0.13548775017261505
YGL198W,YNL221C,0,6.5861206,0.14763407409191132,0.22586873173713684,0.1355881243944168
YMR139W,YHR026W,0,6.582797,0.14754098653793335,0.22586873173713684,0.13568848371505737
YJL051W,YKL010C,0,6.5826526,0.14744801819324493,0.22586873173713684,0.13578884303569794
YER091C,YJL035C,0,6.5823812,0.14735516905784607,0.22586873173713684,0.1358892023563385
YDR361C,YCL027W,0,6.581998,0.14726242423057556,0.22586873173713684,0.13598956167697906
YBL021C,YJL091C,0,6.5819974,0.1471698135137558,0.22586873173713684,0.13608992099761963
YOR153W,YNL007C,0,6.581167,0.1470773071050644,0.22586873173713684,0.1361902803182602
YFL002C,YPL280W,0,6.5809917,0.14698491990566254,0.22586873173713684,0.13629063963890076
YGL032C,YDL193W,0,6.5808125,0.14689265191555023,0.22586873173713684,0.13639101386070251
YPL215W,YER015W,0,6.5803843,0.14680050313472748,0.22586873173713684,0.13649137318134308
YKR089C,YMR013C,1,6.5802426,0.14733542501926422,0.2268339842557907,0.13649137318134308
YKL062W,YGR192C,0,6.5799,0.14724311232566833,0.2268339842557907,0.13659173250198364
YKL181W,YPR036W,0,6.579278,0.1471509039402008,0.2268339842557907,0.1366920918226242
YDR331W,YPL087W,1,6.578498,0.14768460392951965,0.2277992218732834,0.1366920918226242
YLR288C,YDR190C,0,6.576836,0.14759224653244019,0.2277992218732834,0.13679245114326477
YDR177W,YDR434W,0,6.5759106,0.14749999344348907,0.2277992218732834,0.13689281046390533
YKL156W,YGL142C,0,6.5754223,0.1474078744649887,0.2277992218732834,0.1369931697845459
YDL235C,YOR256C,0,6.5741377,0.1473158597946167,0.2277992218732834,0.13709354400634766
YBL067C,YHR006W,0,6.5735645,0.14722394943237305,0.2277992218732834,0.13719390332698822
YBR054W,YHR103W,0,6.571587,0.14713217318058014,0.2277992218732834,0.13729426264762878
YKL146W,YJL138C,0,6.571418,0.1470405012369156,0.2277992218732834,0.13739462196826935
YGR116W,YMR105C,0,6.570983,0.1469489485025406,0.2277992218732834,0.1374949812889099
YPL040C,YNL020C,0,6.5700955,0.14685750007629395,0.2277992218732834,0.13759534060955048
YJR049C,YPR082C,0,6.569831,0.14676617085933685,0.2277992218732834,0.13769569993019104
YJL083W,YML126C,1,6.5690007,0.1472964584827423,0.22876447439193726,0.13769569993019104
YOR372C,YGR223C,0,6.568453,0.14720496535301208,0.22876447439193726,0.1377960592508316
YER044C,YHL020C,1,6.5677137,0.14773432910442352,0.22972972691059113,0.1377960592508316
YOR193W,YIL131C,0,6.567221,0.14764268696308136,0.22972972691059113,0.13789643347263336
YNL096C,YPL171C,0,6.567062,0.14755114912986755,0.22972972691059113,0.13799679279327393
YDR381W,YDR435C,0,6.5645323,0.1474597305059433,0.22972972691059113,0.1380971521139145
YKL026C,YBL005W,0,6.5644484,0.1473684161901474,0.22972972691059113,0.13819751143455505
YOR064C,YNL321W,0,6.5641146,0.14727722108364105,0.22972972691059113,0.13829787075519562
YPL005W,YOL140W,0,6.563571,0.14718614518642426,0.22972972691059113,0.13839823007583618
YER093C,YIL018W,0,6.562625,0.14709517359733582,0.22972972691059113,0.13849858939647675
YMR197C,YPL193W,0,6.561265,0.14700432121753693,0.22972972691059113,0.1385989636182785
YPR016C,YFL039C,0,6.560622,0.1469135731458664,0.22972972691059113,0.13869932293891907
YGL144C,YMR202W,1,6.559557,0.1474398523569107,0.230694979429245,0.13869932293891907
YJR035W,YPL207W,0,6.5581903,0.14734895527362823,0.230694979429245,0.13879968225955963
YOL068C,YNL159C,0,6.555801,0.14725816249847412,0.230694979429245,0.1389000415802002
YIL027C,YDL185W,0,6.5549197,0.14716748893260956,0.230694979429245,0.13900040090084076
YLR441C,YKL002W,0,6.5542073,0.14707691967487335,0.230694979429245,0.13910076022148132
YPL149W,YOL013C,0,6.552079,0.1469864696264267,0.230694979429245,0.1392011195421219
YPL076W,YKL150W,1,6.5519447,0.14751075208187103,0.23166023194789886,0.1392011195421219
YDL106C,YJR095W,0,6.55151,0.14742015302181244,0.23166023194789886,0.13930147886276245
YNL275W,YGL166W,0,6.5494223,0.147329643368721,0.23166023194789886,0.1394018530845642
YMR280C,YGL175C,0,6.5492077,0.14723926782608032,0.23166023194789886,0.13950221240520477
YOL011W,YER033C,0,6.549109,0.1471489816904068,0.23166023194789886,0.13960257172584534
YPL155C,YJL180C,0,6.548768,0.14705882966518402,0.23166023194789886,0.1397029310464859
YGL005C,YLR110C,0,6.547998,0.1469687670469284,0.23166023194789886,0.13980329036712646
YBR042C,YGL047W,1,6.547095,0.14749081432819366,0.23262548446655273,0.13980329036712646
YDR479C,YKR085C,0,6.5463896,0.1474006175994873,0.23262548446655273,0.13990364968776703
YDR291W,YPL061W,0,6.5455866,0.1473105102777481,0.23262548446655273,0.1400040090084076
YPL148C,YPR183W,1,6.545183,0.14783139526844025,0.2335907369852066,0.1400040090084076
YMR311C,YMR058W,0,6.543746,0.1477411538362503,0.2335907369852066,0.14010436832904816
YGL084C,YDR050C,1,6.5430365,0.14826112985610962,0.23455598950386047,0.14010436832904816
YIL010W,YJR104C,0,6.5427723,0.14817072451114655,0.23455598950386047,0.14020474255084991
YBR005W,YGL189C,0,6.5427036,0.14808043837547302,0.23455598950386047,0.14030510187149048
YKL028W,YHR158C,0,6.542308,0.14799025654792786,0.23455598950386047,0.14040546119213104
YOR027W,YPR184W,0,6.5392885,0.14790017902851105,0.23455598950386047,0.1405058205127716
YNL113W,YOR357C,0,6.5392056,0.1478102207183838,0.23455598950386047,0.14060617983341217
YML126C,YPR140W,1,6.5388756,0.1483282744884491,0.23552124202251434,0.14060617983341217
YDR256C,YNL126W,0,6.5387735,0.1482381522655487,0.23552124202251434,0.14070653915405273
YDL193W,YLR287C-A,0,6.5381446,0.14814814925193787,0.23552124202251434,0.1408068984746933
YLR286C,YBL024W,0,6.5368643,0.14805825054645538,0.23552124202251434,0.14090727269649506
YDR092W,YGR279C,0,6.5347667,0.14796847105026245,0.23552124202251434,0.14100763201713562
YOR256C,YJL019W,0,6.5327764,0.14787878096103668,0.23552124202251434,0.14110799133777618
YPL161C,YJR049C,0,6.530761,0.14778922498226166,0.23552124202251434,0.14120835065841675
YAL041W,YDR294C,0,6.5306253,0.1476997584104538,0.23552124202251434,0.1413087099790573
YDL149W,YLR450W,0,6.5276985,0.14761041104793549,0.23552124202251434,0.14140906929969788
YLR292C,YHL047C,0,6.5272717,0.14752116799354553,0.23552124202251434,0.14150942862033844
YNL169C,YLR386W,1,6.527188,0.14803625643253326,0.23648647964000702,0.14150942862033844
YOL077C,YOL002C,0,6.52499,0.14794686436653137,0.23648647964000702,0.141609787940979
YGL008C,YDR486C,0,6.523876,0.14785757660865784,0.23648647964000702,0.14171016216278076
YDR425W,YBR289W,0,6.523266,0.14776839315891266,0.23648647964000702,0.14181052148342133
YBR229C,YHR025W,0,6.5191793,0.14767932891845703,0.23648647964000702,0.1419108808040619
YJL091C,YOR064C,0,6.5165567,0.14759035408496857,0.23648647964000702,0.14201124012470245
YJR049C,YNL214W,0,6.5135994,0.14750149846076965,0.23648647964000702,0.14211159944534302
YNL312W,YOR118W,0,6.5134153,0.1474127620458603,0.23648647964000702,0.14221195876598358
YJR113C,YOR030W,0,6.5123363,0.1473241150379181,0.23648647964000702,0.14231231808662415
YPR140W,YIR004W,0,6.511405,0.14723557233810425,0.23648647964000702,0.1424126923084259
YJR013W,YGL084C,1,6.510744,0.14774775505065918,0.2374517321586609,0.1424126923084259
YCR033W,YDL147W,0,6.510417,0.1476590633392334,0.2374517321586609,0.14251305162906647
YHR171W,YMR153W,0,6.510292,0.14757049083709717,0.2374517321586609,0.14261341094970703
YLR115W,YKR053C,0,6.508069,0.1474820077419281,0.2374517321586609,0.1427137702703476
YLR328W,YDL236W,0,6.5079126,0.14739364385604858,0.2374517321586609,0.14281412959098816
YER120W,YHR039C,1,6.507874,0.1479041874408722,0.23841698467731476,0.14281412959098816
YIL090W,YMR072W,0,6.5070086,0.14781567454338074,0.23841698467731476,0.14291448891162872
YNL103W,YAR071W,0,6.5027437,0.14772726595401764,0.23841698467731476,0.1430148482322693
YPL026C,YNR054C,0,6.502578,0.1476389765739441,0.23841698467731476,0.14311520755290985
YJL074C,YNL012W,0,6.5025644,0.1475507766008377,0.23841698467731476,0.1432155817747116
YHR039C,YMR220W,1,6.50179,0.1480596959590912,0.23938223719596863,0.1432155817747116
YDL130W-A,YHR019C,0,6.501587,0.14797136187553406,0.23938223719596863,0.14331594109535217
YPL057C,YLR240W,1,6.501114,0.1484794318675995,0.2403474897146225,0.14331594109535217
YDR191W,YML042W,1,6.5009713,0.14898689091205597,0.24131274223327637,0.14331594109535217
YHL016C,YDR300C,0,6.5007987,0.1488981544971466,0.24131274223327637,0.14341630041599274
YJL072C,YDR128W,0,6.4998803,0.1488095223903656,0.24131274223327637,0.1435166597366333
YBR089C-A,YOR267C,0,6.498884,0.14872099459171295,0.24131274223327637,0.14361701905727386
YGL025C,YHR197W,0,6.4986944,0.14863258600234985,0.24131274223327637,0.14371737837791443
YDR092W,YPR112C,0,6.4984527,0.14854426681995392,0.24131274223327637,0.143817737698555
YOR087W,YEL054C,0,6.498347,0.14845605194568634,0.24131274223327637,0.14391811192035675
YAR003W,YDR047W,0,6.497731,0.1483679562807083,0.24131274223327637,0.14401847124099731
YMR008C,YLR056W,1,6.4962535,0.14887307584285736,0.24227799475193024,0.14401847124099731
YDR394W,YPR020W,0,6.495775,0.1487848311662674,0.24227799475193024,0.14411883056163788
YGL257C,YDR256C,0,6.49386,0.1486966758966446,0.24227799475193024,0.14421918988227844
YNL206C,YGR193C,0,6.493375,0.14860863983631134,0.24227799475193024,0.144319549202919
YMR092C,YJR022W,0,6.4913454,0.14852070808410645,0.24227799475193024,0.14441990852355957
YER096W,YOR217W,0,6.490856,0.1484328806400299,0.24227799475193024,0.14452026784420013
YBR265W,YGL226W,0,6.4889317,0.14834515750408173,0.24227799475193024,0.1446206271648407
YIL160C,YDL117W,0,6.4883966,0.1482575237751007,0.24227799475193024,0.14472100138664246
YOR242C,YOL060C,0,6.485914,0.14817000925540924,0.24227799475193024,0.14482136070728302
YBR054W,YBR087W,0,6.484727,0.14808259904384613,0.24227799475193024,0.14492172002792358
YDR043C,YKL018W,0,6.483982,0.14799527823925018,0.24227799475193024,0.14502207934856415
YPR001W,YOL147C,1,6.483256,0.1484973430633545,0.2432432472705841,0.14502207934856415
YOR025W,YDR096W,1,6.482973,0.14899882674217224,0.24420849978923798,0.14502207934856415
YJL153C,YMR246W,1,6.4819794,0.14949969947338104,0.24517375230789185,0.14502207934856415
YLR155C,YGR005C,0,6.4800987,0.14941176772117615,0.24517375230789185,0.1451224386692047
YLR167W,YMR197C,0,6.480094,0.14932392537593842,0.24517375230789185,0.14522279798984528
YPL262W,YAL008W,0,6.4792814,0.14923618733882904,0.24517375230789185,0.14532315731048584
YLR058C,YGL229C,0,6.4789147,0.14914856851100922,0.24517375230789185,0.1454235315322876
YFR024C-A,YJR144W,0,6.4785213,0.14906103909015656,0.24517375230789185,0.14552389085292816
YLR342W,YDR096W,0,6.4782686,0.14897361397743225,0.24517375230789185,0.14562425017356873
YNL264C,YBR026C,1,6.4777336,0.1494724452495575,0.24613898992538452,0.14562425017356873
YGR227W,YER015W,1,6.47752,0.14997071027755737,0.2471042424440384,0.14562425017356873
YOL027C,YER015W,0,6.477415,0.14988289773464203,0.2471042424440384,0.1457246094942093
YNL289W,YCR069W,0,6.476223,0.14979520440101624,0.2471042424440384,0.14582496881484985
YOL058W,YLR310C,0,6.474454,0.1497076004743576,0.2471042424440384,0.14592532813549042
YDR105C,YIL145C,0,6.4739923,0.14962010085582733,0.2471042424440384,0.14602568745613098
YAL032C,YJL168C,0,6.4738517,0.14953270554542542,0.2471042424440384,0.14612604677677155
YBR036C,YPL057C,1,6.4724736,0.15002918243408203,0.24806949496269226,0.14612604677677155
YDR320C,YDL092W,0,6.47216,0.14994165301322937,0.24806949496269226,0.1462264209985733
YDL230W,YMR012W,0,6.471968,0.14985422790050507,0.24806949496269226,0.14632678031921387
YLR288C,YDR046C,0,6.4696817,0.14976690709590912,0.24806949496269226,0.14642713963985443
YFR014C,YMR011W,0,6.469037,0.14967967569828033,0.24806949496269226,0.146527498960495
YDR434W,YOR100C,1,6.46632,0.15017461776733398,0.24903474748134613,0.146527498960495
YFR047C,YJL104W,0,6.4635267,0.15008726716041565,0.24903474748134613,0.14662785828113556
YOR362C,YKR046C,0,6.462764,0.15000000596046448,0.24903474748134613,0.14672821760177612
YEL001C,YOL130W,0,6.462735,0.14991283416748047,0.24903474748134613,0.1468285769224167
YCL044C,YAL003W,0,6.4618797,0.149825781583786,0.24903474748134613,0.14692895114421844
YJL153C,YJL165C,0,6.458209,0.1497388333082199,0.24903474748134613,0.147029310464859
YNL009W,YCR017C,1,6.4573455,0.15023201704025269,0.25,0.147029310464859
YJR139C,YBR094W,0,6.456437,0.15014493465423584,0.25,0.14712966978549957
YGL145W,YHL021C,0,6.4563885,0.15005794167518616,0.25,0.14723002910614014
YLR216C,YMR150C,0,6.4558306,0.14997105300426483,0.25,0.1473303884267807
YLR221C,YBR019C,0,6.450954,0.14988425374031067,0.25,0.14743074774742126
YNL087W,YGR181W,0,6.450781,0.14979757368564606,0.25,0.14753110706806183
YDR044W,YJL054W,0,6.4505587,0.1497109830379486,0.25,0.1476314663887024
YOR122C,YHR088W,0,6.4503503,0.14962449669837952,0.25,0.14773184061050415
YLR055C,YML129C,0,6.4495163,0.1495380997657776,0.25,0.14783219993114471
YNL210W,YLR109W,0,6.447632,0.1494518220424652,0.25,0.14793255925178528
YER081W,YKL021C,0,6.4469385,0.14936563372612,0.25,0.14803291857242584
YER180C,YFR024C-A,0,6.4459853,0.14927953481674194,0.25,0.1481332778930664
YGR157W,YHR215W,0,6.443668,0.14919355511665344,0.25,0.14823363721370697
YMR098C,YHR013C,0,6.4432864,0.1491076499223709,0.25,0.14833399653434753
YNL156C,YMR015C,1,6.4429545,0.14959724247455597,0.2509652376174927,0.14833399653434753
YPR070W,YLR127C,0,6.442873,0.1495112180709839,0.2509652376174927,0.1484343707561493
YKR080W,YGL227W,0,6.4402547,0.14942528307437897,0.2509652376174927,0.14853473007678986
YIL016W,YNL243W,0,6.4396553,0.1493394672870636,0.2509652376174927,0.14863508939743042
YLR384C,YDR246W,0,6.438992,0.1492537260055542,0.2509652376174927,0.14873544871807098
YNL009W,YNR008W,1,6.437932,0.14974182844161987,0.25193050503730774,0.14873544871807098
YHR086W,YPL262W,0,6.4378204,0.14965596795082092,0.25193050503730774,0.14883580803871155
YHR001W-A,YNL162W,0,6.437496,0.14957019686698914,0.25193050503730774,0.1489361673593521
YHR072W,YOL002C,1,6.4368067,0.15005727112293243,0.2528957426548004,0.1489361673593521
YLR345W,YLR172C,0,6.436679,0.1499713808298111,0.2528957426548004,0.14903652667999268
YER048C,YDR538W,0,6.435321,0.14988557994365692,0.2528957426548004,0.14913688600063324
YHR143W-A,YDL134C,0,6.4352207,0.1497998833656311,0.2528957426548004,0.149237260222435
YKL028W,YAL053W,0,6.433736,0.14971429109573364,0.2528957426548004,0.14933761954307556
YMR208W,YLR450W,1,6.432927,0.15019989013671875,0.2538610100746155,0.14933761954307556
YOR335C,YDL139C,0,6.4314566,0.15011414885520935,0.2538610100746155,0.14943797886371613
YOR298W,YBR026C,1,6.4310074,0.15059897303581238,0.25482624769210815,0.14943797886371613
YKL051W,YGL055W,1,6.4293494,0.15108323097229004,0.2557915151119232,0.14943797886371613
YER061C,YLR380W,1,6.4291267,0.15156695246696472,0.2567567527294159,0.14943797886371613
YPL148C,YDL014W,0,6.428297,0.15148064494132996,0.2567567527294159,0.1495383381843567
YPL085W,YDL204W,0,6.4280844,0.15139442682266235,0.2567567527294159,0.14963869750499725
YBR216C,YER006W,0,6.4259186,0.15130829811096191,0.2567567527294159,0.14973905682563782
YCR107W,YIL052C,0,6.424934,0.15122228860855103,0.2567567527294159,0.14983941614627838
YLR304C,YOR149C,1,6.424253,0.1517045497894287,0.25772202014923096,0.14983941614627838
YHR017W,YNR016C,0,6.4235086,0.15161839127540588,0.25772202014923096,0.14993979036808014
YML025C,YJR118C,0,6.4225416,0.1515323519706726,0.25772202014923096,0.1500401496887207
YGR206W,YPL092W,0,6.4214544,0.1514464020729065,0.25772202014923096,0.15014050900936127
YBL045C,YJL019W,0,6.4211287,0.15136054158210754,0.25772202014923096,0.15024086833000183
YIR010W,YBR298C,0,6.4206085,0.15127478539943695,0.25772202014923096,0.1503412276506424
YER044C,YOR100C,1,6.4203515,0.15175537765026093,0.25868725776672363,0.1503412276506424
YER044C,YER125W,1,6.419839,0.15223543345928192,0.2596524953842163,0.1503412276506424
YDR062W,YKL140W,1,6.418018,0.15271493792533875,0.26061776280403137,0.1503412276506424
YJR014W,YER095W,0,6.4175963,0.1526286005973816,0.26061776280403137,0.15044158697128296
YER093C,YLR185W,0,6.4167705,0.1525423675775528,0.26061776280403137,0.15054194629192352
YPL148C,YLR380W,1,6.415451,0.15302088856697083,0.26158300042152405,0.15054194629192352
YHR104W,YBR213W,0,6.4143987,0.15293453633785248,0.26158300042152405,0.1506423056125641
YGR234W,YDR231C,0,6.413105,0.1528482735157013,0.26158300042152405,0.15074267983436584
YPL237W,YJR102C,0,6.412833,0.15276211500167847,0.26158300042152405,0.1508430391550064
YDL056W,YMR211W,0,6.411888,0.152676060795784,0.26158300042152405,0.15094339847564697
YPL090C,YEL063C,0,6.4115877,0.1525900959968567,0.26158300042152405,0.15104375779628754
YML014W,YBR110W,0,6.4112253,0.15250422060489655,0.26158300042152405,0.1511441171169281
YPR032W,YER170W,0,6.4101677,0.15241844952106476,0.26158300042152405,0.15124447643756866
YOR267C,YML010W,0,6.409216,0.15233276784420013,0.26158300042152405,0.15134483575820923
YHR101C,YER068W,0,6.4085326,0.15224719047546387,0.26158300042152405,0.151445209980011
YLR027C,YJL096W,0,6.4084053,0.15216170251369476,0.26158300042152405,0.15154556930065155
YNR019W,YKL212W,1,6.4082403,0.15263748168945312,0.2625482678413391,0.15154556930065155
YDL226C,YOR231W,0,6.4062824,0.15255187451839447,0.2625482678413391,0.15164592862129211
YHR073W,YCR034W,1,6.405119,0.15302690863609314,0.2635135054588318,0.15164592862129211
YGR177C,YBR204C,1,6.404317,0.15350140631198883,0.26447877287864685,0.15164592862129211
YGL012W,YDL019C,1,6.4034977,0.15397536754608154,0.2654440104961395,0.15164592862129211
YJL111W,YNR043W,0,6.403366,0.15388919413089752,0.2654440104961395,0.15174628794193268
YJR086W,YLR222C,0,6.401662,0.15380312502384186,0.2654440104961395,0.15184664726257324
YOR122C,YNL233W,0,6.3978443,0.15371716022491455,0.2654440104961395,0.1519470065832138
YJL156C,YKL086W,0,6.3976808,0.1536312848329544,0.2654440104961395,0.15204736590385437
YLR260W,YNL015W,0,6.3972616,0.15354549884796143,0.2654440104961395,0.15214772522449493
YMR251W-A,YDR002W,0,6.397048,0.1534598171710968,0.2654440104961395,0.1522480994462967
YML113W,YAL030W,0,6.3967,0.15337423980236053,0.2654440104961395,0.15234845876693726
YOR036W,YNL137C,0,6.3962774,0.15328873693943024,0.2654440104961395,0.15244881808757782
YHR146W,YKL146W,0,6.3954573,0.1532033383846283,0.2654440104961395,0.15254917740821838
YHR136C,YDR160W,0,6.3947988,0.1531180441379547,0.2654440104961395,0.15264953672885895
YJL102W,YPR175W,0,6.393971,0.1530328392982483,0.2654440104961395,0.1527498960494995
YDR044W,YLL023C,0,6.3937154,0.15294772386550903,0.2654440104961395,0.15285025537014008
YOL065C,YOL011W,1,6.391842,0.15341857075691223,0.2664092779159546,0.15285025537014008
YKR088C,YIL033C,0,6.391254,0.15333333611488342,0.2664092779159546,0.15295062959194183
YDR044W,YHR117W,0,6.3903127,0.15324819087982178,0.2664092779159546,0.1530509889125824
YNR019W,YPL105C,0,6.3868194,0.1531631499528885,0.2664092779159546,0.15315134823322296
YBR033W,YPL209C,0,6.3861823,0.15307819843292236,0.2664092779159546,0.15325170755386353
YNL048W,YJR013W,1,6.385499,0.15354767441749573,0.26737451553344727,0.15325170755386353
YPL210C,YMR184W,0,6.3844724,0.15346260368824005,0.26737451553344727,0.1533520668745041
YBL101C,YOR306C,0,6.381695,0.15337763726711273,0.26737451553344727,0.15345242619514465
YNL130C,YOR172W,0,6.381215,0.15329274535179138,0.26737451553344727,0.15355278551578522
YDR050C,YDR456W,0,6.3806057,0.1532079577445984,0.26737451553344727,0.15365314483642578
YPL170W,YHR193C,0,6.3779383,0.15312327444553375,0.26737451553344727,0.15375351905822754
YCR065W,YLR120C,0,6.3778067,0.15303868055343628,0.26737451553344727,0.1538538783788681
YOR101W,YPR057W,0,6.3751235,0.15295417606830597,0.26737451553344727,0.15395423769950867
YER062C,YPL187W,0,6.3747706,0.15286976099014282,0.26737451553344727,0.15405459702014923
YOR157C,YNL124W,0,6.3732576,0.15278543531894684,0.26737451553344727,0.1541549563407898
YDR298C,YCR067C,0,6.3730993,0.1527012139558792,0.26737451553344727,0.15425531566143036
YNL310C,YLR221C,0,6.372573,0.15261708199977875,0.26737451553344727,0.15435567498207092
YDL110C,YDR325W,0,6.3713927,0.15253303945064545,0.26737451553344727,0.1544560343027115
YLR248W,YNR075W,0,6.3705144,0.1524490863084793,0.26737451553344727,0.15455640852451324
YDR130C,YBR121C,0,6.3664246,0.15236523747444153,0.26737451553344727,0.1546567678451538
YOR064C,YIL037C,0,6.3662944,0.1522814780473709,0.26737451553344727,0.15475712716579437
YHR107C,YDR388W,0,6.3659725,0.15219780802726746,0.26737451553344727,0.15485748648643494
YGL141W,YJL189W,0,6.3654795,0.15211422741413116,0.26737451553344727,0.1549578458070755
YDR017C,YLR421C,0,6.3631964,0.15203073620796204,0.26737451553344727,0.15505820512771606
YJR132W,YKL109W,0,6.362941,0.15194733440876007,0.26737451553344727,0.15515856444835663
YOR336W,YFL005W,0,6.3610864,0.15186403691768646,0.26737451553344727,0.1552589386701584
YDR437W,YEL050C,1,6.3609343,0.15232877433300018,0.26833978295326233,0.1552589386701584
YHR206W,YBR149W,0,6.3590846,0.15224534273147583,0.26833978295326233,0.15535929799079895
YPL076W,YKL008C,1,6.358888,0.15270936489105225,0.269305020570755,0.15535929799079895
YKR086W,YBR272C,0,6.3575935,0.15262581408023834,0.269305020570755,0.15545965731143951
YIR028W,YBR135W,0,6.357567,0.1525423675775528,0.269305020570755,0.15556001663208008
YBR026C,YMR281W,1,6.357482,0.1530054658651352,0.2702702581882477,0.15556001663208008
YNL294C,YGR029W,0,6.3563395,0.1529219001531601,0.2702702581882477,0.15566037595272064
YDL235C,YBR244W,0,6.3554945,0.15283842384815216,0.2702702581882477,0.1557607352733612
YCR068W,YJR013W,1,6.353733,0.15330059826374054,0.27123552560806274,0.1557607352733612
YBR070C,YER015W,1,6.350864,0.15376226603984833,0.2722007632255554,0.1557607352733612
YHR184W,YGR202C,0,6.347433,0.15367847681045532,0.2722007632255554,0.15586109459400177
YLR083C,YFL050C,0,6.3474174,0.15359477698802948,0.2722007632255554,0.15596145391464233
YGR174C,YOR007C,0,6.345478,0.1535111665725708,0.2722007632255554,0.1560618281364441
YDR058C,YDR096W,1,6.344812,0.15397170186042786,0.2731660306453705,0.1560618281364441
YDL106C,YCR031C,0,6.3422313,0.15388798713684082,0.2731660306453705,0.15616218745708466
YBL038W,YHL032C,0,6.34219,0.15380434691905975,0.2731660306453705,0.15626254677772522
YER070W,YDR071C,0,6.341304,0.15372081100940704,0.2731660306453705,0.15636290609836578
YNL315C,YDL139C,0,6.3406806,0.1536373496055603,0.2731660306453705,0.15646326541900635
YDL185W,YPL117C,0,6.340443,0.15355399250984192,0.2731660306453705,0.1565636247396469
YNL072W,YIL051C,0,6.3401394,0.1534707099199295,0.2731660306453705,0.15666398406028748
YHR039C,YJL196C,1,6.3399115,0.15392954647541046,0.27413126826286316,0.15666398406028748
YPL126W,YEL013W,0,6.3396473,0.1538461595773697,0.27413126826286316,0.15676435828208923
YOR122C,YBR060C,0,6.3381977,0.15376286208629608,0.27413126826286316,0.1568647176027298
YFL004W,YOL088C,0,6.338147,0.15367965400218964,0.27413126826286316,0.15696507692337036
YCR048W,YLR304C,1,6.3362885,0.15413737297058105,0.2750965356826782,0.15696507692337036
YDR194C,YML116W,0,6.3359976,0.15405406057834625,0.2750965356826782,0.15706543624401093
YGR175C,YMR015C,1,6.3345323,0.15451107919216156,0.2760617733001709,0.15706543624401093
YOL031C,YER035W,0,6.3339815,0.1544276475906372,0.2760617733001709,0.1571657955646515
YMR261C,YPL209C,0,6.3339376,0.15434430539608002,0.2760617733001709,0.15726615488529205
YNL227C,YDR166C,0,6.3334084,0.15426105260849,0.2760617733001709,0.15736651420593262
YPL032C,YNL218W,0,6.3306313,0.15417790412902832,0.2760617733001709,0.15746687352657318
YDR477W,YMR205C,0,6.3304696,0.15409483015537262,0.2760617733001709,0.15756724774837494
YDR339C,YNL306W,0,6.3302593,0.15401184558868408,0.2760617733001709,0.1576676070690155
YPR201W,YNL069C,0,6.329503,0.1539289504289627,0.2760617733001709,0.15776796638965607
YBR042C,YLR450W,1,6.328018,0.1543840765953064,0.27702704071998596,0.15776796638965607
YBR133C,YNL099C,0,6.3278303,0.15430107712745667,0.27702704071998596,0.15786832571029663
YDR399W,YNL005C,0,6.3271475,0.1542181670665741,0.27702704071998596,0.1579686850309372
YFL029C,YPL269W,0,6.3258643,0.1541353315114975,0.27702704071998596,0.15806904435157776
YML130C,YFR040W,0,6.3245497,0.15405260026454926,0.27702704071998596,0.15816940367221832
YKL016C,YDR016C,0,6.3243513,0.15396995842456818,0.27702704071998596,0.15826977789402008
YNL119W,YPR032W,0,6.321979,0.15388740599155426,0.27702704071998596,0.15837013721466064
YKL220C,YOL109W,0,6.3217325,0.1538049280643463,0.27702704071998596,0.1584704965353012
YFR005C,YDR456W,0,6.321284,0.15372255444526672,0.27702704071998596,0.15857085585594177
YOR081C,YKL165C,1,6.320855,0.15417559444904327,0.27799227833747864,0.15857085585594177
YJL196C,YGR286C,0,6.318657,0.15409310162067413,0.27799227833747864,0.15867121517658234
YHR123W,YKR100C,0,6.315778,0.15401069819927216,0.27799227833747864,0.1587715744972229
YPR181C,YLR246W,0,6.3151894,0.15392838418483734,0.27799227833747864,0.15887193381786346
YMR208W,YDR314C,0,6.314927,0.1538461595773697,0.27799227833747864,0.15897229313850403
YGR129W,YER095W,0,6.3128386,0.153764009475708,0.27799227833747864,0.1590726673603058
YGL111W,YGR038W,0,6.3115664,0.15368196368217468,0.27799227833747864,0.15917302668094635
YHR013C,YER011W,0,6.311125,0.15360000729560852,0.27799227833747864,0.15927338600158691
YDR400W,YNL039W,0,6.3103647,0.15351812541484833,0.27799227833747864,0.15937374532222748
YLL024C,YKL188C,0,6.310232,0.1534363329410553,0.27799227833747864,0.15947410464286804
YDL184C,YMR042W,0,6.309123,0.15335462987422943,0.27799227833747864,0.1595744639635086
YPL190C,YOL016C,0,6.3087187,0.15327301621437073,0.27799227833747864,0.15967482328414917
YDR503C,YJL134W,1,6.30787,0.15372340381145477,0.2789575159549713,0.15967482328414917
YMR055C,YOR348C,0,6.307226,0.1536416858434677,0.2789575159549713,0.15977519750595093
YCR024C-A,YGL179C,0,6.3066854,0.15356004238128662,0.2789575159549713,0.1598755568265915
YLR259C,YDL080C,0,6.306323,0.1534784883260727,0.2789575159549713,0.15997591614723206
YOR198C,YDL193W,0,6.3040247,0.15339702367782593,0.2789575159549713,0.16007627546787262
YOR043W,YGR068C,0,6.3014975,0.15331564843654633,0.2789575159549713,0.16017663478851318
YNL219C,YMR165C,1,6.301146,0.15376457571983337,0.2799227833747864,0.16017663478851318
YMR261C,YLR287C-A,0,6.300624,0.15368309617042542,0.2799227833747864,0.16027699410915375
YDR142C,YBR171W,0,6.300392,0.15360169112682343,0.2799227833747864,0.1603773534297943
YDR334W,YFR037C,0,6.299802,0.1535203754901886,0.2799227833747864,0.16047771275043488
YDR377W,YOR091W,0,6.2980766,0.15343914926052094,0.2799227833747864,0.16057808697223663
YKR019C,YLR304C,1,6.297512,0.1538868397474289,0.28088802099227905,0.16057808697223663
YKL191W,YER100W,0,6.297451,0.15380549430847168,0.28088802099227905,0.1606784462928772
YDR046C,YDR452W,0,6.2972507,0.15372425317764282,0.28088802099227905,0.16077880561351776
YPL032C,YPL280W,0,6.296543,0.15364308655261993,0.28088802099227905,0.16087916493415833
YLR052W,YGR142W,0,6.2963886,0.1535620093345642,0.28088802099227905,0.1609795242547989
YNL048W,YLR189C,1,6.2945623,0.1540084332227707,0.2818532884120941,0.1609795242547989
YLR205C,YDL049C,0,6.2945213,0.1539272516965866,0.2818532884120941,0.16107988357543945
YGL123W,YKL135C,0,6.293506,0.1538461595773697,0.2818532884120941,0.16118024289608002
YLL015W,YML113W,0,6.2931933,0.15376514196395874,0.2818532884120941,0.16128061711788177
YJL097W,YGL126W,1,6.291169,0.15421052277088165,0.2828185260295868,0.16128061711788177
YFL062W,YKL183W,0,6.2907753,0.15412940084934235,0.2828185260295868,0.16138097643852234
YPL097W,YHR136C,0,6.2866173,0.1540483683347702,0.2828185260295868,0.1614813357591629
YOL030W,YLR120C,0,6.286171,0.15396742522716522,0.2828185260295868,0.16158169507980347
YGL045W,YDR021W,0,6.2855096,0.1538865566253662,0.2828185260295868,0.16168205440044403
YNL009W,YPL028W,1,6.2838116,0.15433071553707123,0.28378379344940186,0.16168205440044403
YIL022W,YNL055C,0,6.283367,0.15424974262714386,0.28378379344940186,0.1617824137210846
YGL106W,YLR069C,0,6.2809906,0.15416884422302246,0.28378379344940186,0.16188277304172516
YMR125W,YNL270C,0,6.2799664,0.15408805012702942,0.28378379344940186,0.16198313236236572
YKL043W,YKR067W,0,6.2796984,0.15400733053684235,0.28378379344940186,0.16208350658416748
YFR047C,YIR004W,0,6.2793665,0.15392670035362244,0.28378379344940186,0.16218386590480804
YMR208W,YPL120W,1,6.2778435,0.15436944365501404,0.28474903106689453,0.16218386590480804
YPL237W,YLL018C-A,0,6.2753744,0.15428870916366577,0.28474903106689453,0.1622842252254486
YMR257C,YBR083W,0,6.274996,0.15420804917812347,0.28474903106689453,0.16238458454608917
YPL021W,YDR028C,0,6.274065,0.15412747859954834,0.28474903106689453,0.16248494386672974
YDL193W,YNL030W,0,6.273961,0.15404699742794037,0.28474903106689453,0.1625853031873703
YNL112W,YKL002W,0,6.2735243,0.15396659076213837,0.28474903106689453,0.16268566250801086
YAL013W,YKL034W,0,6.2729025,0.15388627350330353,0.28474903106689453,0.16278603672981262
YKL060C,YGL196W,0,6.27234,0.15380604565143585,0.28474903106689453,0.16288639605045319
YLR019W,YDR345C,0,6.2717624,0.15372589230537415,0.28474903106689453,0.16298675537109375
YML024W,YGR049W,0,6.270145,0.1536458283662796,0.28474903106689453,0.16308711469173431
YDR288W,YNL075W,0,6.2700095,0.15356585383415222,0.28474903106689453,0.16318747401237488
YDR362C,YLR083C,0,6.2697906,0.1534859538078308,0.28474903106689453,0.16328783333301544
YCL055W,YDL236W,0,6.2692266,0.15340614318847656,0.28474903106689453,0.163388192653656
YBL074C,YLR432W,0,6.2686033,0.15332640707492828,0.28474903106689453,0.16348855197429657
YDL200C,YFL050C,0,6.2652974,0.15324676036834717,0.28474903106689453,0.16358892619609833
YLR205C,YOL120C,0,6.2646446,0.15316718816757202,0.28474903106689453,0.1636892855167389
YDL052C,YPR001W,1,6.2636633,0.15360663831233978,0.2857142984867096,0.1636892855167389
YAL014C,YBL099W,0,6.2626143,0.15352697670459747,0.2857142984867096,0.16378964483737946
YPR031W,YER088C,0,6.262384,0.15344737470149994,0.2857142984867096,0.16389000415802002
YDR141C,YOR242C,0,6.2621107,0.15336787700653076,0.2857142984867096,0.16399036347866058
YDR238C,YJL096W,0,6.261709,0.15328845381736755,0.2857142984867096,0.16409072279930115
YDL091C,YJL197W,0,6.258051,0.15320910513401031,0.2857142984867096,0.1641910821199417
YLR396C,YHR021C,0,6.2554846,0.15312984585762024,0.2857142984867096,0.16429145634174347
YBR057C,YPL203W,0,6.254365,0.15305067598819733,0.2857142984867096,0.16439181566238403
YML092C,YNL098C,0,6.2531023,0.15297158062458038,0.2857142984867096,0.1644921749830246
YOL031C,YMR048W,0,6.251797,0.1528925597667694,0.2857142984867096,0.16459253430366516
YDR276C,YBR131W,0,6.250763,0.1528136283159256,0.2857142984867096,0.16469289362430573
YMR142C,YOR057W,0,6.2492433,0.15273477137088776,0.2857142984867096,0.1647932529449463
YPR102C,YOR181W,0,6.2488575,0.15265600383281708,0.2857142984867096,0.16489361226558685
YER120W,YNL015W,0,6.2484193,0.15257732570171356,0.2857142984867096,0.16499397158622742
YPL220W,YNL045W,0,6.2483773,0.15249870717525482,0.2857142984867096,0.16509434580802917
YLL022C,YDR246W,0,6.2474694,0.15242017805576324,0.2857142984867096,0.16519470512866974
YBR268W,YMR288W,0,6.2473125,0.15234173834323883,0.2857142984867096,0.1652950644493103
YDR084C,YLR117C,0,6.246731,0.15226337313652039,0.2857142984867096,0.16539542376995087
YOR087W,YHR128W,0,6.244827,0.1521850973367691,0.2857142984867096,0.16549578309059143
YHL003C,YCR098C,0,6.2429647,0.1521068811416626,0.2857142984867096,0.165596142411232
YBR299W,YGR054W,0,6.2426066,0.15202876925468445,0.2857142984867096,0.16569650173187256
YKL120W,YNL093W,0,6.240507,0.15195071697235107,0.2857142984867096,0.16579687595367432
YPL058C,YNL132W,0,6.240284,0.15187275409698486,0.2857142984867096,0.16589723527431488
YMR183C,YDR345C,0,6.2400446,0.15179486572742462,0.2857142984867096,0.16599759459495544
YHR190W,YKR090W,0,6.2395825,0.15171706676483154,0.2857142984867096,0.166097953915596
YOR109W,YPR128C,1,6.239483,0.15215164422988892,0.28667953610420227,0.166097953915596
YHR143W,YNL007C,0,6.2380867,0.1520737260580063,0.28667953610420227,0.16619831323623657
YFL055W,YGR148C,0,6.2373457,0.15199591219425201,0.28667953610420227,0.16629867255687714
YKR031C,YIL145C,0,6.2351303,0.15191815793514252,0.28667953610420227,0.1663990318775177
YHR092C,YCR073C,0,6.2337584,0.15184049308300018,0.28667953610420227,0.16649939119815826
YIL063C,YJL069C,0,6.2336144,0.15176290273666382,0.28667953610420227,0.16659976541996002
YPL206C,YDR072C,1,6.233132,0.15219612419605255,0.28764477372169495,0.16659976541996002
YER011W,YMR119W,0,6.2326345,0.15211842954158783,0.28764477372169495,0.16670012474060059
YDR005C,YGR279C,0,6.231246,0.15204080939292908,0.28764477372169495,0.16680048406124115
YDR384C,YLR079W,0,6.231044,0.1519632786512375,0.28764477372169495,0.1669008433818817
YDR242W,YGR271C-A,0,6.230627,0.15188583731651306,0.28764477372169495,0.16700120270252228
YJR046W,YIL069C,0,6.230336,0.1518084555864334,0.28764477372169495,0.16710156202316284
YBL023C,YBR280C,0,6.2303247,0.15173116326332092,0.28764477372169495,0.1672019213438034
YPR100W,YPL153C,0,6.229603,0.1516539454460144,0.28764477372169495,0.16730229556560516
YLR039C,YAR003W,0,6.2291603,0.15157680213451385,0.28764477372169495,0.16740265488624573
YAL055W,YNL135C,0,6.228329,0.15149974822998047,0.28764477372169495,0.1675030142068863
YGR038W,YNL162W,0,6.2246904,0.15142276883125305,0.28764477372169495,0.16760337352752686
YDR452W,YJL074C,0,6.223504,0.1513458639383316,0.28764477372169495,0.16770373284816742
YIL066C,YNL169C,0,6.2224054,0.15126903355121613,0.28764477372169495,0.16780409216880798
YNL183C,YDR436W,0,6.222126,0.1511922925710678,0.28764477372169495,0.16790445148944855
YNL145W,YOL016C,0,6.2214,0.15111562609672546,0.28764477372169495,0.1680048108100891
YGR029W,YOR344C,0,6.221286,0.1510390341281891,0.28764477372169495,0.16810518503189087
YNL279W,YDL075W,0,6.2202415,0.15096251666545868,0.28764477372169495,0.16820554435253143
YDR253C,YGR108W,0,6.2198544,0.15088607370853424,0.28764477372169495,0.168305903673172
YGR204W,YBL022C,0,6.219373,0.15080972015857697,0.28764477372169495,0.16840626299381256
YML126C,YDL030W,0,6.2149634,0.15073344111442566,0.28764477372169495,0.16850662231445312
YLR144C,YCL011C,0,6.2148,0.15065723657608032,0.28764477372169495,0.1686069816350937
YGR060W,YIL160C,1,6.2147017,0.15108640491962433,0.28861004114151,0.1686069816350937
YJR102C,YDR156W,0,6.2116575,0.15101009607315063,0.28861004114151,0.16870734095573425
YDL201W,YHR143W,0,6.2110214,0.1509338766336441,0.28861004114151,0.168807715177536
YOR337W,YDL132W,0,6.20963,0.15085771679878235,0.28861004114151,0.16890807449817657
YJL174W,YNL185C,0,6.209415,0.15078164637088776,0.28861004114151,0.16900843381881714
YMR135C,YPR181C,0,6.2069435,0.15070565044879913,0.28861004114151,0.1691087931394577
YDR435C,YMR285C,0,6.2065315,0.15062972903251648,0.28861004114151,0.16920915246009827
YLR044C,YOL071W,0,6.20651,0.1505538821220398,0.28861004114151,0.16930951178073883
YHR026W,YBR110W,0,6.20597,0.15047810971736908,0.28861004114151,0.1694098711013794
YKR060W,YBR110W,0,6.2049217,0.15040241181850433,0.28861004114151,0.16951023042201996
YDL137W,YDL132W,0,6.2047653,0.15032680332660675,0.28861004114151,0.16961060464382172
YLR406C,YEL065W,0,6.2033014,0.15025125443935394,0.28861004114151,0.16971096396446228
YDL064W,YLR004C,0,6.2027445,0.1501757949590683,0.28861004114151,0.16981132328510284
YGR083C,YPR057W,0,6.202073,0.15010039508342743,0.28861004114151,0.1699116826057434
YKL209C,YIL110W,0,6.2018995,0.15002508461475372,0.28861004114151,0.17001204192638397
YGL251C,YHR128W,0,6.201722,0.149949848651886,0.28861004114151,0.17011240124702454
YBR004C,YMR029C,0,6.199868,0.14987468719482422,0.28861004114151,0.1702127605676651
YBL045C,YOL017W,0,6.199774,0.14979960024356842,0.28861004114151,0.17031311988830566
YDL146W,YOR306C,0,6.1986103,0.1497245877981186,0.28861004114151,0.17041349411010742
YNL322C,YGL092W,0,6.1981726,0.14964964985847473,0.28861004114151,0.17051385343074799
YMR290C,YGL136C,0,6.1971703,0.14957478642463684,0.28861004114151,0.17061421275138855
YIL118W,YAL056W,0,6.1971416,0.14949999749660492,0.28861004114151,0.1707145720720291
YDR038C,YPR103W,0,6.196757,0.14942528307437897,0.28861004114151,0.17081493139266968
YLR396C,YML126C,0,6.196406,0.14935064315795898,0.28861004114151,0.17091529071331024
YEL042W,YKL192C,0,6.196143,0.14927609264850616,0.28861004114151,0.1710156500339508
YHR084W,YOR017W,0,6.1954155,0.14920160174369812,0.28861004114151,0.17111602425575256
YGL125W,YPL079W,0,6.1945868,0.14912718534469604,0.28861004114151,0.17121638357639313
YAL047C,YIL033C,0,6.194291,0.14905284345149994,0.28861004114151,0.1713167428970337
YER091C,YPR124W,0,6.1916933,0.1489785760641098,0.28861004114151,0.17141710221767426
YKR099W,YDR036C,0,6.191475,0.14890438318252563,0.28861004114151,0.17151746153831482
YKR007W,YHR027C,0,6.190569,0.14883026480674744,0.28861004114151,0.17161782085895538
YFR044C,YCL031C,0,6.1905327,0.1487562209367752,0.28861004114151,0.17171818017959595
YLR134W,YDR058C,0,6.1896453,0.14868225157260895,0.28861004114151,0.1718185395002365
YDR523C,YGL226W,0,6.1893187,0.14860835671424866,0.28861004114151,0.17191891372203827
YGL142C,YML075C,1,6.187812,0.14903129637241364,0.2895752787590027,0.17191891372203827
YJR001W,YDR191W,0,6.1872406,0.148957297205925,0.2895752787590027,0.17201927304267883
YHL020C,YKL020C,1,6.186448,0.1493796557188034,0.29054054617881775,0.17201927304267883
YPL242C,YDL103C,0,6.185749,0.1493055522441864,0.29054054617881775,0.1721196323633194
YGL038C,YNR026C,0,6.1854215,0.14923153817653656,0.29054054617881775,0.17221999168395996
YDR477W,YPL253C,0,6.1853275,0.1491575837135315,0.29054054617881775,0.17232035100460052
YPL016W,YDR032C,0,6.1851506,0.1490837037563324,0.29054054617881775,0.1724207103252411
YBR009C,YPL176C,0,6.184102,0.14900989830493927,0.29054054617881775,0.17252106964588165
YLR181C,YPL048W,0,6.182686,0.1489361673593521,0.29054054617881775,0.1726214438676834
YKL062W,YDR156W,0,6.18262,0.14886251091957092,0.29054054617881775,0.17272180318832397
YLR070C,YDR243C,0,6.182231,0.1487889289855957,0.29054054617881775,0.17282216250896454
YLR405W,YAL002W,0,6.1815233,0.14871542155742645,0.29054054617881775,0.1729225218296051
YIL147C,YMR150C,0,6.1804905,0.14864197373390198,0.29054054617881775,0.17302288115024567
YBR265W,YCR069W,0,6.1803694,0.14856861531734467,0.29054054617881775,0.17312324047088623
YDL015C,YGL142C,1,6.1785707,0.14898864924907684,0.2915057837963104,0.17312324047088623
YNL123W,YJL165C,0,6.1769996,0.14891518652439117,0.2915057837963104,0.1732235997915268
YNL072W,YDR425W,0,6.1768513,0.14884179830551147,0.2915057837963104,0.17332395911216736
YPL097W,YBR094W,0,6.176812,0.14876846969127655,0.2915057837963104,0.17342433333396912
YKL008C,YOR100C,1,6.175205,0.1491875946521759,0.2924710512161255,0.17342433333396912
YPL126W,YNL177C,0,6.1739016,0.14911417663097382,0.2924710512161255,0.17352469265460968
YDL239C,YKL198C,0,6.1729593,0.1490408331155777,0.2924710512161255,0.17362505197525024
YJL196C,YKL146W,0,6.1723638,0.14896754920482635,0.2924710512161255,0.1737254112958908
YNL310C,YLR100W,0,6.1721797,0.14889435470104218,0.2924710512161255,0.17382577061653137
YDR036C,YMR208W,0,6.169731,0.14882121980190277,0.2924710512161255,0.17392612993717194
YBR251W,YJL122W,0,6.168519,0.14874815940856934,0.2924710512161255,0.1740264892578125
YBR171W,YLR069C,0,6.1683164,0.14867517352104187,0.2924710512161255,0.17412686347961426
YDR331W,YER065C,0,6.168197,0.14860226213932037,0.2924710512161255,0.17422722280025482
YDR480W,YHR019C,0,6.168024,0.14852941036224365,0.2924710512161255,0.17432758212089539
YOR231W,YDR303C,0,6.166687,0.1484566330909729,0.2924710512161255,0.17442794144153595
YNL219C,YPL028W,1,6.1659784,0.14887365698814392,0.29343628883361816,0.17442794144153595
YDR202C,YHR120W,0,6.165173,0.148800790309906,0.29343628883361816,0.1745283007621765
YOR101W,YBR244W,0,6.163763,0.14872798323631287,0.29343628883361816,0.17462866008281708
YDR091C,YNL310C,0,6.1635485,0.1486552506685257,0.29343628883361816,0.17472901940345764
YER124C,YDL112W,0,6.163544,0.1485826075077057,0.29343628883361816,0.1748293787240982
YDR399W,YGL178W,0,6.1631994,0.14851000905036926,0.29343628883361816,0.17492975294589996
YFR038W,YNL293W,0,6.1624928,0.1484375,0.29343628883361816,0.17503011226654053
YHR091C,YBR181C,0,6.162122,0.1483650505542755,0.29343628883361816,0.1751304715871811
YPR001W,YMR298W,1,6.1589966,0.14878049492835999,0.2944015562534332,0.1751304715871811
YOR032C,YMR225C,0,6.1582313,0.14870794117450714,0.2944015562534332,0.17523083090782166
YHR167W,YDR216W,0,6.1580706,0.14863547682762146,0.2944015562534332,0.17533119022846222
YNL240C,YDR150W,0,6.157886,0.14856307208538055,0.2944015562534332,0.17543154954910278
YMR047C,YCL064C,0,6.1564546,0.1484907567501068,0.2944015562534332,0.17553190886974335
YHR110W,YNR008W,0,6.1554527,0.14841848611831665,0.2944015562534332,0.1756322830915451
YBR015C,YJR118C,0,6.155267,0.14834630489349365,0.2944015562534332,0.17573264241218567
YNL111C,YHR067W,1,6.1535454,0.1487603336572647,0.2953667938709259,0.17573264241218567
YML001W,YML126C,0,6.153245,0.14868804812431335,0.2953667938709259,0.17583300173282623
YOR081C,YBR110W,1,6.1529512,0.14910151064395905,0.2963320314884186,0.17583300173282623
YNL251C,YNL036W,0,6.1528234,0.14902912080287933,0.2963320314884186,0.1759333610534668
YHR043C,YCR063W,0,6.151845,0.14895682036876678,0.2963320314884186,0.17603372037410736
YJR109C,YHR107C,0,6.150612,0.148884579539299,0.2963320314884186,0.17613407969474792
YER093C,YMR208W,1,6.150034,0.14929713308811188,0.29729729890823364,0.17613407969474792
YNL145W,YHL011C,0,6.14946,0.14922480285167694,0.29729729890823364,0.1762344390153885
YJL091C,YBR024W,0,6.145314,0.14915254712104797,0.29729729890823364,0.17633479833602905
YBR109C,YML023C,0,6.1432686,0.14908035099506378,0.29729729890823364,0.1764351725578308
YDR217C,YJL048C,0,6.1424303,0.14900822937488556,0.29729729890823364,0.17653553187847137
YBL093C,YER023W,0,6.141641,0.1489361673593521,0.29729729890823364,0.17663589119911194
YGR033C,YER089C,0,6.1413765,0.14886417984962463,0.29729729890823364,0.1767362505197525
YBL084C,YFL031W,0,6.140358,0.14879226684570312,0.29729729890823364,0.17683660984039307
YKL181W,YBR207W,0,6.140212,0.14872042834758759,0.29729729890823364,0.17693696916103363
YOR036W,YDR198C,0,6.13977,0.14864864945411682,0.29729729890823364,0.1770373284816742
YDL195W,YDL214C,0,6.138409,0.14857694506645203,0.29729729890823364,0.17713770270347595
YIL153W,YOR375C,0,6.135654,0.148505300283432,0.29729729890823364,0.17723806202411652
YIL155C,YKL160W,0,6.1352634,0.14843373000621796,0.29729729890823364,0.17733842134475708
YDR145W,YMR004W,0,6.1341605,0.14836223423480988,0.29729729890823364,0.17743878066539764
YDR380W,YDR481C,0,6.133695,0.14829079806804657,0.29729729890823364,0.1775391399860382
YPR031W,YMR017W,0,6.1334,0.14821943640708923,0.29729729890823364,0.17763949930667877
YLR100W,YPL170W,1,6.1331863,0.14862914383411407,0.2982625365257263,0.17763949930667877
YGL232W,YPL017C,0,6.132416,0.14855769276618958,0.2982625365257263,0.17773985862731934
YNL159C,YFR030W,0,6.1293716,0.14848630130290985,0.2982625365257263,0.1778402179479599
YGR165W,YGR142W,0,6.1285396,0.1484149843454361,0.2982625365257263,0.17794059216976166
YHL028W,YPR108W,0,6.1284094,0.1483437418937683,0.2982625365257263,0.17804095149040222
YLR039C,YBR166C,0,6.12766,0.1482725590467453,0.2982625365257263,0.17814131081104279
YNL106C,YPL193W,0,6.127557,0.14820143580436707,0.2982625365257263,0.17824167013168335
YDR443C,YGR037C,0,6.1248474,0.1481303870677948,0.2982625365257263,0.1783420294523239
YER174C,YNL312W,0,6.1246557,0.1480594128370285,0.2982625365257263,0.17844238877296448
YDR213W,YDL132W,0,6.1231914,0.14798851311206818,0.2982625365257263,0.17854274809360504
YLL031C,YDR284C,1,6.122736,0.1483963578939438,0.2992278039455414,0.17854274809360504
YIL148W,YJL089W,0,6.1223125,0.1483253538608551,0.2992278039455414,0.1786431223154068
YLR058C,YLR310C,0,6.122136,0.1482544243335724,0.2992278039455414,0.17874348163604736
YDL134C,YEL003W,0,6.121438,0.14818355441093445,0.2992278039455414,0.17884384095668793
YLR430W,YHR216W,0,6.120715,0.14811275899410248,0.2992278039455414,0.1789442002773285
YLR306W,YER118C,0,6.1206408,0.14804202318191528,0.2992278039455414,0.17904455959796906
YKR083C,YNL071W,0,6.119703,0.14797136187553406,0.2992278039455414,0.17914491891860962
YPL069C,YOL032W,1,6.117587,0.14837786555290222,0.30019304156303406,0.17914491891860962
YGL155W,YDL052C,0,6.117508,0.14830709993839264,0.30019304156303406,0.17924527823925018
YGR009C,YMR070W,0,6.1173887,0.14823640882968903,0.30019304156303406,0.17934563755989075
YHL019C,YPR131C,0,6.117244,0.14816579222679138,0.30019304156303406,0.1794460117816925
YDR313C,YML070W,0,6.116413,0.1480952352285385,0.30019304156303406,0.17954637110233307
YJL108C,YGL120C,0,6.1156,0.1480247527360916,0.30019304156303406,0.17964673042297363
YHR206W,YJR044C,0,6.115536,0.1479543298482895,0.30019304156303406,0.1797470897436142
YDR214W,YOR207C,0,6.1145287,0.14788398146629333,0.30019304156303406,0.17984744906425476
YJL002C,YOR002W,0,6.1142015,0.14781369268894196,0.30019304156303406,0.17994780838489532
YEL058W,YOR357C,0,6.113952,0.14774346351623535,0.30019304156303406,0.1800481677055359
YPL018W,YIL049W,0,6.1133585,0.14767330884933472,0.30019304156303406,0.18014854192733765
YIL007C,YGL134W,0,6.1125326,0.14760322868824005,0.30019304156303406,0.1802489012479782
YKR060W,YLR259C,0,6.112048,0.14753320813179016,0.30019304156303406,0.18034926056861877
YOR329C,YNL164C,0,6.110428,0.14746324717998505,0.30019304156303406,0.18044961988925934
YLR166C,YNR050C,0,6.1098785,0.1473933607339859,0.30019304156303406,0.1805499792098999
YPR001W,YMR296C,1,6.108922,0.14779725670814514,0.3011583089828491,0.1805499792098999
YGR037C,YIL111W,0,6.104065,0.14772726595401764,0.3011583089828491,0.18065033853054047
YBR101C,YGR284C,0,6.100769,0.1476573646068573,0.3011583089828491,0.18075069785118103
YOR380W,YNL177C,0,6.0985394,0.14758750796318054,0.3011583089828491,0.1808510571718216
YGL126W,YIL114C,0,6.0984597,0.14751772582530975,0.3011583089828491,0.18095143139362335
YOL005C,YIL155C,0,6.096824,0.14744801819324493,0.3011583089828491,0.18105179071426392
YNL096C,YOR191W,0,6.0946665,0.1473783701658249,0.3011583089828491,0.18115215003490448
YHR076W,YJL154C,0,6.0937786,0.14730878174304962,0.3011583089828491,0.18125250935554504
YLR093C,YJR046W,0,6.0920467,0.14723926782608032,0.3011583089828491,0.1813528686761856
YLR427W,YOL002C,0,6.09138,0.1471698135137558,0.3011583089828491,0.18145322799682617
YDL188C,YLR242C,0,6.0908365,0.14710041880607605,0.3011583089828491,0.18155358731746674
YJR160C,YGL003C,0,6.090541,0.14703109860420227,0.3011583089828491,0.1816539615392685
YMR277W,YLR201C,0,6.0878754,0.14696185290813446,0.3011583089828491,0.18175432085990906
YOR182C,YMR009W,0,6.087555,0.14689265191555023,0.3011583089828491,0.18185468018054962
YGR097W,YNR024W,0,6.0867734,0.14682352542877197,0.3011583089828491,0.18195503950119019
YPL063W,YPL031C,0,6.0865383,0.14675447344779968,0.3011583089828491,0.18205539882183075
YPL079W,YKL100C,0,6.0852976,0.14668546617031097,0.3011583089828491,0.1821557581424713
YOR117W,YOR269W,0,6.08434,0.14661654829978943,0.3011583089828491,0.18225611746311188
YFR008W,YOR011W,0,6.084237,0.14654767513275146,0.3011583089828491,0.18235647678375244
YGR116W,YIR028W,0,6.0835648,0.14647887647151947,0.3011583089828491,0.1824568510055542
YCR004C,YER023W,0,6.0826206,0.14641013741493225,0.3011583089828491,0.18255721032619476
YJR103W,YPL175W,1,6.08243,0.14681050181388855,0.3021235466003418,0.18255721032619476
YDR127W,YLL039C,0,6.0821714,0.14674167335033417,0.3021235466003418,0.18265756964683533
YOR321W,YGL167C,0,6.081848,0.14667291939258575,0.3021235466003418,0.1827579289674759
YGL055W,YER015W,1,6.081794,0.14707259833812714,0.30308881402015686,0.1827579289674759
YDR284C,YAR042W,1,6.0813828,0.14747190475463867,0.30405405163764954,0.1827579289674759
YDR194C,YPL100W,0,6.081093,0.14740289747714996,0.30405405163764954,0.18285828828811646
YKR038C,YGL027C,0,6.0797544,0.14733394980430603,0.30405405163764954,0.18295864760875702
YDR471W,YBL099W,0,6.0794415,0.14726507663726807,0.30405405163764954,0.18305900692939758
YMR272C,YNL106C,1,6.0794325,0.14766354858875275,0.3050193190574646,0.18305900692939758
YER040W,YDR003W,0,6.0790987,0.14759458601474762,0.3050193190574646,0.18315938115119934
YIL053W,YGL219C,0,6.0790486,0.14752568304538727,0.3050193190574646,0.1832597404718399
YPR128C,YPR166C,0,6.0789595,0.1474568396806717,0.3050193190574646,0.18336009979248047
YGL098W,YDR156W,0,6.0777483,0.1473880559206009,0.3050193190574646,0.18346045911312103
YDR259C,YDR511W,0,6.0747595,0.14731934666633606,0.3050193190574646,0.1835608184337616
YGR240C,YER118C,0,6.0747375,0.147250697016716,0.3050193190574646,0.18366117775440216
YML104C,YHR114W,0,6.074334,0.14718212187290192,0.3050193190574646,0.18376153707504272
YDL100C,YOR081C,0,6.0715666,0.1471135914325714,0.3050193190574646,0.1838618963956833
YDR098C,YMR205C,0,6.07076,0.14704513549804688,0.3050193190574646,0.18396227061748505
YER060W,YBR077C,0,6.068226,0.14697673916816711,0.3050193190574646,0.1840626299381256
YBR089C-A,YER169W,0,6.0673075,0.14690841734409332,0.3050193190574646,0.18416298925876617
YIL043C,YPR183W,0,6.067192,0.1468401551246643,0.3050193190574646,0.18426334857940674
YGL012W,YHR007C,1,6.066615,0.1472364217042923,0.3059845566749573,0.18426334857940674
YDL235C,YOR290C,0,6.066221,0.14716805517673492,0.3059845566749573,0.1843637079000473
YFL025C,YGR220C,0,6.0655355,0.14709976315498352,0.3059845566749573,0.18446406722068787
YLR190W,YIL065C,0,6.0646515,0.14703154563903809,0.3059845566749573,0.18456442654132843
YLL018C,YDL239C,0,6.064394,0.14696337282657623,0.3059845566749573,0.184664785861969
YNL222W,YOR348C,0,6.064351,0.14689527451992035,0.3059845566749573,0.18476516008377075
YHR039C,YGL126W,1,6.058515,0.1472904086112976,0.30694979429244995,0.18476516008377075
YGR170W,YKL192C,1,6.0573635,0.1476851850748062,0.307915061712265,0.18476516008377075
YGL141W,YCR039C,0,6.0573125,0.14761684834957123,0.307915061712265,0.18486551940441132
YEL063C,YCL033C,0,6.0564785,0.14754857122898102,0.307915061712265,0.18496587872505188
YML115C,YDR221W,0,6.0559096,0.14748035371303558,0.307915061712265,0.18506623804569244
YOR157C,YLR451W,0,6.055892,0.14741219580173492,0.307915061712265,0.185166597366333
YOR129C,YDL019C,0,6.0550222,0.14734411239624023,0.307915061712265,0.18526695668697357
YOR109W,YLR020C,1,6.0545435,0.1477377712726593,0.3088802993297577,0.18526695668697357
YKR022C,YBL075C,0,6.0543075,0.14766958355903625,0.3088802993297577,0.18536731600761414
YLR027C,YDR197W,0,6.0539813,0.14760147035121918,0.3088802993297577,0.1854676902294159
YGR249W,YPL193W,0,6.053438,0.14753343164920807,0.3088802993297577,0.18556804955005646
YHR190W,YHR042W,1,6.052823,0.14792627096176147,0.30984556674957275,0.18556804955005646
YML094W,YGR254W,0,6.0524406,0.147858127951622,0.30984556674957275,0.18566840887069702
YHR064C,YHL022C,0,6.050694,0.1477900594472885,0.30984556674957275,0.18576876819133759
YKL182W,YOR175C,1,6.0499334,0.1481822431087494,0.31081080436706543,0.18576876819133759
YBR161W,YPL268W,1,6.049404,0.14857405424118042,0.3117760717868805,0.18576876819133759
YFR046C,YGL205W,0,6.0490746,0.14850574731826782,0.3117760717868805,0.18586912751197815
YNL064C,YNL053W,0,6.0475607,0.1484375,0.3117760717868805,0.1859694868326187
YLR288C,YOR198C,0,6.045148,0.14836931228637695,0.3117760717868805,0.18606984615325928
YPL140C,YNL030W,0,6.044259,0.14830119907855988,0.3117760717868805,0.18617020547389984
YLR380W,YNL169C,1,6.043782,0.1486920565366745,0.31274130940437317,0.18617020547389984
YMR313C,YAR003W,0,6.043399,0.14862385392189026,0.31274130940437317,0.1862705796957016
YGR163W,YPL019C,0,6.0432634,0.1485557109117508,0.31274130940437317,0.18637093901634216
YIL154C,YLR343W,0,6.0430837,0.1484876275062561,0.31274130940437317,0.18647129833698273
YPR052C,YER157W,0,6.0427656,0.1484196037054062,0.31274130940437317,0.1865716576576233
YPR041W,YDR103W,0,6.039583,0.14835165441036224,0.31274130940437317,0.18667201697826385
YBR280C,YBR112C,0,6.038636,0.14828374981880188,0.31274130940437317,0.18677237629890442
YPL232W,YNL111C,0,6.0384126,0.14821591973304749,0.31274130940437317,0.18687273561954498
YJL020C,YOR061W,0,6.0380917,0.14814814925193787,0.31274130940437317,0.18697310984134674
YKL150W,YMR167W,0,6.035215,0.14808043837547302,0.31274130940437317,0.1870734691619873
YDL092W,YMR201C,0,6.0352144,0.14801278710365295,0.31274130940437317,0.18717382848262787
YCR054C,YGL153W,0,6.033967,0.14794521033763885,0.31274130940437317,0.18727418780326843
YNR041C,YDR434W,1,6.0339622,0.1483341008424759,0.31370657682418823,0.18727418780326843
YDR308C,YOR303W,0,6.0334682,0.14826641976833344,0.31370657682418823,0.187374547123909
YJL186W,YLR148W,0,6.033352,0.14819881319999695,0.31370657682418823,0.18747490644454956
YDL189W,YPL135W,0,6.033019,0.14813126623630524,0.31370657682418823,0.18757526576519012
YOL147C,YBR234C,0,6.03251,0.1480637788772583,0.31370657682418823,0.1876756250858307
YMR242C,YOL122C,0,6.032359,0.14799635112285614,0.31370657682418823,0.18777599930763245
YJR105W,YHL035C,0,6.030074,0.14792899787425995,0.31370657682418823,0.187876358628273
YGR154C,YLR210W,0,6.030061,0.14786168932914734,0.31370657682418823,0.18797671794891357
YLR060W,YPL138C,0,6.0296764,0.1477944552898407,0.31370657682418823,0.18807707726955414
YGL178W,YLR448W,0,6.0289392,0.14772726595401764,0.31370657682418823,0.1881774365901947
YPL081W,YKL005C,0,6.028612,0.14766015112400055,0.31370657682418823,0.18827779591083527
YOR269W,YMR053C,0,6.027729,0.14759309589862823,0.31370657682418823,0.18837815523147583
YLL021W,YPR005C,0,6.026533,0.1475261002779007,0.31370657682418823,0.1884785294532776
YKL148C,YHR072W-A,0,6.0261474,0.14745916426181793,0.31370657682418823,0.18857888877391815
YLL009C,YOR067C,0,6.024228,0.14739228785037994,0.31370657682418823,0.18867924809455872
YKL073W,YHR215W,0,6.02421,0.14732547104358673,0.31370657682418823,0.18877960741519928
YNL251C,YHL011C,0,6.023396,0.1472587287425995,0.31370657682418823,0.18887996673583984
YFL056C,YDR309C,0,6.0230827,0.14719203114509583,0.31370657682418823,0.1889803260564804
YMR278W,YGL125W,0,6.0228643,0.14712539315223694,0.31370657682418823,0.18908068537712097
YLR110C,YGL013C,0,6.0226917,0.14705882966518402,0.31370657682418823,0.18918104469776154
YMR152W,YCR017C,0,6.0224304,0.14699231088161469,0.31370657682418823,0.1892814189195633
YDR324C,YBR082C,0,6.0224075,0.14692585170269012,0.31370657682418823,0.18938177824020386
YMR261C,YGL107C,0,6.0215063,0.14685946702957153,0.31370657682418823,0.18948213756084442
YNL212W,YBL072C,0,6.020562,0.14679314196109772,0.31370657682418823,0.18958249688148499
YML005W,YJL189W,0,6.020441,0.14672686159610748,0.31370657682418823,0.18968285620212555
YDR194C,YDL243C,0,6.019536,0.14666065573692322,0.31370657682418823,0.1897832155227661
YDL106C,YGL070C,0,6.018051,0.14659449458122253,0.31370657682418823,0.18988357484340668
YHR091C,YBL082C,0,6.0177345,0.14652840793132782,0.31370657682418823,0.18998394906520844
YBR109C,YDR200C,0,6.0172787,0.1464623659849167,0.31370657682418823,0.190084308385849
YAR035W,YNL106C,1,6.017249,0.14684684574604034,0.3146718144416809,0.190084308385849
YMR001C,YPR165W,0,6.0158215,0.14678072929382324,0.3146718144416809,0.19018466770648956
YNL240C,YLR176C,0,6.0148478,0.14671467244625092,0.3146718144416809,0.19028502702713013
YDL052C,YCR034W,1,6.0134225,0.14709851145744324,0.3156370520591736,0.19028502702713013
YPR006C,YIL160C,1,6.0133467,0.1474820077419281,0.31660231947898865,0.19028502702713013
YOL012C,YLR097C,0,6.011732,0.14741572737693787,0.31660231947898865,0.1903853863477707
YGR086C,YOL059W,0,6.011485,0.1473495066165924,0.31660231947898865,0.19048574566841125
YIL119C,YGL098W,0,6.00772,0.14728334546089172,0.31660231947898865,0.19058610498905182
YHR153C,YKR098C,0,6.0072985,0.14721722900867462,0.31660231947898865,0.19068646430969238
YDR361C,YOR344C,0,6.005616,0.1471511870622635,0.31660231947898865,0.19078683853149414
YHR187W,YNL051W,0,6.0049734,0.14708520472049713,0.31660231947898865,0.1908871978521347
YOL091W,YPL143W,0,6.0046163,0.14701926708221436,0.31660231947898865,0.19098755717277527
YIL144W,YLR293C,0,6.004571,0.14695340394973755,0.31660231947898865,0.19108791649341583
YJL151C,YPR124W,0,6.004472,0.14688760042190552,0.31660231947898865,0.1911882758140564
YAR015W,YJL062W,0,6.0024643,0.14682184159755707,0.31660231947898865,0.19128863513469696
YPL169C,YLL057C,0,6.0022206,0.1467561572790146,0.31660231947898865,0.19138899445533752
YOR256C,YER069W,0,6.0021276,0.1466905176639557,0.31660231947898865,0.19148936867713928
YBR089C-A,YDR297W,0,6.0015264,0.14662493765354156,0.31660231947898865,0.19158972799777985
YKL188C,YMR076C,0,6.000803,0.1465594321489334,0.31660231947898865,0.1916900873184204
YCR072C,YGL093W,0,6.000681,0.14649397134780884,0.31660231947898865,0.19179044663906097
YHR196W,YPL248C,0,6.000268,0.14642857015132904,0.31660231947898865,0.19189080595970154
YJL073W,YHR190W,0,5.998023,0.14636322855949402,0.31660231947898865,0.1919911652803421
YOL044W,YLR045C,0,5.9972715,0.14629794657230377,0.31660231947898865,0.19209152460098267
YLL057C,YGL005C,0,5.9961023,0.1462327241897583,0.31660231947898865,0.19219188392162323
YPR128C,YKR067W,1,5.996064,0.1466131955385208,0.3175675570964813,0.19219188392162323
YIL099W,YOR264W,0,5.993806,0.14654788374900818,0.3175675570964813,0.192292258143425
YJR075W,YER065C,0,5.9933825,0.14648263156414032,0.3175675570964813,0.19239261746406555
YLR097C,YER026C,0,5.992836,0.14641743898391724,0.3175675570964813,0.19249297678470612
YMR281W,YOR125C,0,5.9927464,0.14635230600833893,0.3175675570964813,0.19259333610534668
YPR061C,YMR283C,0,5.9915433,0.1462872326374054,0.3175675570964813,0.19269369542598724
YJL078C,YBR085W,0,5.991395,0.14622221887111664,0.3175675570964813,0.1927940547466278
YDL161W,YKL163W,0,5.9910984,0.14615726470947266,0.3175675570964813,0.19289441406726837
YPL170W,YDR420W,0,5.9907017,0.14609235525131226,0.3175675570964813,0.19299478828907013
YPR052C,YDR283C,0,5.9901457,0.14602752029895782,0.3175675570964813,0.1930951476097107
YDR342C,YJR089W,0,5.989731,0.14596273005008698,0.3175675570964813,0.19319550693035126
YIL031W,YML063W,0,5.9893284,0.1458979994058609,0.3175675570964813,0.19329586625099182
YKL056C,YNL180C,0,5.9891305,0.1458333283662796,0.3175675570964813,0.19339622557163239
YMR311C,YDR381W,0,5.989008,0.14576871693134308,0.3175675570964813,0.19349658489227295
YPR008W,YBR154C,0,5.9882345,0.14570416510105133,0.3175675570964813,0.1935969442129135
YDL076C,YHR016C,0,5.987895,0.14563965797424316,0.3175675570964813,0.19369730353355408
YNL270C,YLR432W,0,5.985771,0.14557522535324097,0.3175675570964813,0.19379767775535583
YIL153W,YDL153C,0,5.9846306,0.14551083743572235,0.3175675570964813,0.1938980370759964
YPL059W,YGL211W,0,5.983345,0.1454465091228485,0.3175675570964813,0.19399839639663696
YOR372C,YKR067W,0,5.9831734,0.14538224041461945,0.3175675570964813,0.19409875571727753
YCR033W,YOR244W,0,5.981414,0.14531801640987396,0.3175675570964813,0.1941991150379181
YPL255W,YBR122C,0,5.9802933,0.14525386691093445,0.3175675570964813,0.19429947435855865
YBL080C,YML011C,0,5.9802284,0.14518976211547852,0.3175675570964813,0.19439983367919922
YCR097W,YFR038W,0,5.9795775,0.14512571692466736,0.3175675570964813,0.19450020790100098
YKL167C,YMR170C,0,5.979517,0.14506173133850098,0.3175675570964813,0.19460056722164154
YGR208W,YJR052W,0,5.9760504,0.14499779045581818,0.3175675570964813,0.1947009265422821
YKL140W,YOL019W,0,5.973985,0.14493392407894135,0.3175675570964813,0.19480128586292267
YKL055C,YAR035W,1,5.9739003,0.1453104317188263,0.3185328245162964,0.19480128586292267
YOR306C,YDR150W,0,5.97387,0.1452464759349823,0.3185328245162964,0.19490164518356323
YML126C,YDR503C,1,5.9737654,0.14562252163887024,0.31949806213378906,0.19490164518356323
YPR184W,YPR067W,0,5.9715643,0.14555849134922028,0.31949806213378906,0.1950020045042038
YPL258C,YPL173W,0,5.971535,0.1454945057630539,0.31949806213378906,0.19510236382484436
YNL048W,YMR313C,1,5.971056,0.14586994051933289,0.3204633295536041,0.19510236382484436
YLR074C,YJL167W,0,5.970916,0.14580588042736053,0.3204633295536041,0.19520272314548492
YJR049C,YMR298W,0,5.970501,0.14574187994003296,0.3204633295536041,0.19530309736728668
YGR249W,YBR023C,0,5.970212,0.14567792415618896,0.3204633295536041,0.19540345668792725
YMR261C,YIR022W,0,5.9693995,0.14561402797698975,0.3204633295536041,0.1955038160085678
YPR037C,YGL048C,0,5.9679217,0.1455501914024353,0.3204633295536041,0.19560417532920837
YJL090C,YHR216W,0,5.9679008,0.14548641443252563,0.3204633295536041,0.19570453464984894
YBR070C,YMR079W,1,5.967434,0.1458607167005539,0.3214285671710968,0.19570453464984894
YER028C,YKR061W,0,5.966279,0.14579685032367706,0.3214285671710968,0.1958048939704895
YBR227C,YGR279C,0,5.965541,0.145733043551445,0.3214285671710968,0.19590525329113007
YOR100C,YER124C,0,5.9650507,0.14566929638385773,0.3214285671710968,0.19600562751293182
YNL116W,YLR013W,0,5.96461,0.14560559391975403,0.3214285671710968,0.1961059868335724
YLR136C,YGR193C,0,5.964346,0.1455419510602951,0.3214285671710968,0.19620634615421295
YJL035C,YDR481C,0,5.962225,0.14547836780548096,0.3214285671710968,0.19630670547485352
YOR258W,YIL119C,0,5.9621468,0.14541484415531158,0.3214285671710968,0.19640706479549408
YDR540C,YDR345C,0,5.9616857,0.145351380109787,0.3214285671710968,0.19650742411613464
YGR209C,YNL326C,0,5.960225,0.14528796076774597,0.3214285671710968,0.1966077834367752
YDR208W,YJR143C,0,5.960182,0.14522460103034973,0.3214285671710968,0.19670814275741577
YER174C,YOR007C,0,5.9581976,0.14516128599643707,0.3214285671710968,0.19680851697921753
YBR161W,YPR140W,1,5.955352,0.14553377032279968,0.32239383459091187,0.19680851697921753
YLR099C,YKL140W,1,5.9547415,0.14590592682361603,0.32335907220840454,0.19680851697921753
YML025C,YPL269W,0,5.954424,0.14584240317344666,0.32335907220840454,0.1969088762998581
YAL062W,YJR093C,0,5.953423,0.14577893912792206,0.32335907220840454,0.19700923562049866
YML131W,YGR128C,0,5.9525137,0.14571553468704224,0.32335907220840454,0.19710959494113922
YKL069W,YDR169C,0,5.9507904,0.145652174949646,0.32335907220840454,0.19720995426177979
YJL145W,YLR118C,0,5.950583,0.14558887481689453,0.32335907220840454,0.19731031358242035
YLR364W,YBR126C,0,5.94808,0.14552563428878784,0.32335907220840454,0.1974106729030609
YJL091C,YDR341C,0,5.947837,0.14546243846416473,0.32335907220840454,0.19751104712486267
YOL151W,YBR004C,1,5.947583,0.1458333283662796,0.3243243098258972,0.19751104712486267
YDR294C,YLR228C,1,5.947175,0.1462039053440094,0.3252895772457123,0.19751104712486267
YLR084C,YHR200W,0,5.946431,0.14614050090312958,0.3252895772457123,0.19761140644550323
YLR118C,YOL147C,1,5.945982,0.14651061594486237,0.32625481486320496,0.19761140644550323
YER081W,YPR023C,0,5.945625,0.14644713699817657,0.32625481486320496,0.1977117657661438
YGL049C,YFL031W,0,5.9455986,0.14638371765613556,0.32625481486320496,0.19781212508678436
YPL270W,YML064C,0,5.9436088,0.14632034301757812,0.32625481486320496,0.19791248440742493
YDR091C,YJL026W,0,5.9433355,0.14625702798366547,0.32625481486320496,0.1980128437280655
YPL149W,YPL091W,0,5.9431486,0.14619377255439758,0.32625481486320496,0.19811320304870605
YIL097W,YPR186C,0,5.941572,0.14613056182861328,0.32625481486320496,0.19821356236934662
YKL185W,YGR200C,0,5.9410543,0.14606741070747375,0.32625481486320496,0.19831393659114838
YJR094W-A,YML007W,0,5.9405584,0.146004319190979,0.32625481486320496,0.19841429591178894
YLR355C,YML131W,0,5.9402866,0.14594127237796783,0.32625481486320496,0.1985146552324295
YDR487C,YOR247W,0,5.9399567,0.14587828516960144,0.32625481486320496,0.19861501455307007
YBR273C,YDR098C,0,5.9389963,0.14581535756587982,0.32625481486320496,0.19871537387371063
YCR071C,YGL156W,0,5.937896,0.14575247466564178,0.32625481486320496,0.1988157331943512
YCR021C,YJL129C,0,5.935959,0.14568965137004852,0.32625481486320496,0.19891609251499176
YPR036W,YDR139C,0,5.934875,0.14562688767910004,0.32625481486320496,0.19901645183563232
YJL091C,YNL169C,1,5.9328117,0.14599482715129852,0.32722008228302,0.19901645183563232
YMR260C,YMR156C,0,5.932102,0.14593198895454407,0.32722008228302,0.19911682605743408
YLR056W,YML114C,0,5.931076,0.1458691954612732,0.32722008228302,0.19921718537807465
YGR135W,YMR266W,0,5.930379,0.1458064466714859,0.32722008228302,0.1993175446987152
YJL196C,YDR301W,0,5.929719,0.14574377238750458,0.32722008228302,0.19941790401935577
YCR033W,YDL069C,0,5.9296055,0.14568112790584564,0.32722008228302,0.19951826333999634
YKL194C,YAL047C,0,5.927621,0.14561855792999268,0.32722008228302,0.1996186226606369
YGL226W,YDR283C,0,5.9274254,0.1455560326576233,0.32722008228302,0.19971898198127747
YDR300C,YOR298C-A,0,5.92735,0.14549356698989868,0.32722008228302,0.19981935620307922
YFL056C,YHR170W,0,5.926506,0.14543114602565765,0.32722008228302,0.1999197155237198
YPL248C,YGL191W,0,5.925735,0.1453687846660614,0.32722008228302,0.20002007484436035
YFL004W,YGR078C,0,5.924859,0.14530646800994873,0.32722008228302,0.20012043416500092
YMR282C,YLR102C,0,5.9245987,0.14524421095848083,0.32722008228302,0.20022079348564148
YBR234C,YMR231W,0,5.9239674,0.14518201351165771,0.32722008228302,0.20032115280628204
YDR385W,YIR009W,0,5.9236794,0.14511986076831818,0.32722008228302,0.2004215121269226
YER148W,YDL010W,0,5.9233837,0.1450577676296234,0.32722008228302,0.20052187144756317
YGR007W,YGR177C,1,5.921336,0.14542344212532043,0.3281853199005127,0.20052187144756317
YLR133W,YLR020C,1,5.921052,0.14578880369663239,0.32915058732032776,0.20052187144756317
YEL050C,YDL020C,0,5.920931,0.1457265019416809,0.32915058732032776,0.20062224566936493
YCR024C-A,YPL084W,0,5.9198704,0.145664244890213,0.32915058732032776,0.2007226049900055
YLL012W,YDR284C,1,5.919326,0.1460290402173996,0.33011582493782043,0.2007226049900055
YPL148C,YMR202W,1,5.9189177,0.14639350771903992,0.3310810923576355,0.2007226049900055
YCR054C,YGL126W,0,5.918355,0.1463310569524765,0.3310810923576355,0.20082296431064606
YPL018W,YJL189W,0,5.9180775,0.14626865088939667,0.3310810923576355,0.20092332363128662
YBR280C,YNL311C,0,5.917853,0.1462063044309616,0.3310810923576355,0.20102368295192719
YOR155C,YOL027C,0,5.9171906,0.14614401757717133,0.3310810923576355,0.20112404227256775
YCR038C,YOR236W,0,5.916499,0.14608177542686462,0.3310810923576355,0.2012244015932083
YJL167W,YKL008C,1,5.9159155,0.14644528925418854,0.3320463299751282,0.2012244015932083
YDR376W,YAL007C,0,5.914321,0.14638297259807587,0.3320463299751282,0.20132477581501007
YLR449W,YAL021C,0,5.91224,0.14632071554660797,0.3320463299751282,0.20142513513565063
YGR060W,YOR126C,1,5.9121284,0.1466836780309677,0.33301159739494324,0.20142513513565063
YMR158W,YBL005W,0,5.911419,0.14662133157253265,0.33301159739494324,0.2015254944562912
YLR136C,YBR127C,0,5.911292,0.14655904471874237,0.33301159739494324,0.20162585377693176
YMR092C,YML064C,0,5.9101124,0.14649681746959686,0.33301159739494324,0.20172621309757233
YBR185C,YOR083W,0,5.90971,0.14643463492393494,0.33301159739494324,0.2018265724182129
YOR372C,YHR096C,0,5.9095883,0.14637251198291779,0.33301159739494324,0.20192693173885345
YEL051W,YGR037C,0,5.9095063,0.14631043374538422,0.33301159739494324,0.20202729105949402
YML094W,YBR237W,0,5.9078274,0.14624841511249542,0.33301159739494324,0.20212766528129578
YDL079C,YDR017C,0,5.9072156,0.1461864411830902,0.33301159739494324,0.20222802460193634
YCR081W,YMR135C,0,5.907201,0.14612452685832977,0.33301159739494324,0.2023283839225769
YPL164C,YKR099W,0,5.9059916,0.14606265723705292,0.33301159739494324,0.20242874324321747
YGR138C,YOL132W,0,5.9051857,0.14600084722042084,0.33301159739494324,0.20252910256385803
YML088W,YMR318C,0,5.9049077,0.14593908190727234,0.33301159739494324,0.2026294618844986
YOL128C,YOR151C,0,5.9037256,0.14587737619876862,0.33301159739494324,0.20272982120513916
YDR044W,YIL113W,0,5.9031224,0.14581573009490967,0.33301159739494324,0.20283019542694092
YDR217C,YGR138C,0,5.9028625,0.1457541137933731,0.33301159739494324,0.20293055474758148
YDR122W,YGL223C,0,5.9025183,0.14569257199764252,0.33301159739494324,0.20303091406822205
YJL159W,YNL164C,0,5.902229,0.1456310749053955,0.33301159739494324,0.2031312733888626
YCL004W,YPL170W,1,5.902104,0.14599156379699707,0.3339768350124359,0.2031312733888626
YDR098C,YER147C,0,5.9015784,0.1459299921989441,0.3339768350124359,0.20323163270950317
YIR021W,YFR055W,0,5.9015703,0.1458684653043747,0.3339768350124359,0.20333199203014374
YER166W,YOR080W,0,5.900679,0.14580699801445007,0.3339768350124359,0.2034323513507843
YMR043W,YFL039C,0,5.900156,0.14574557542800903,0.3339768350124359,0.20353271067142487
YJR095W,YMR113W,0,5.899004,0.14568421244621277,0.3339768350124359,0.20363308489322662
YBR149W,YKL042W,0,5.8977747,0.14562289416790009,0.3339768350124359,0.2037334442138672
YLR239C,YPL231W,1,5.897273,0.14598232507705688,0.3349420726299286,0.2037334442138672
YHR117W,YPL133C,0,5.8968983,0.14592094719409943,0.3349420726299286,0.20383380353450775
YPL028W,YOL052C-A,0,5.896428,0.14585959911346436,0.3349420726299286,0.20393416285514832
YKL208W,YNL149C,0,5.8954945,0.14579832553863525,0.3349420726299286,0.20403452217578888
YNL103W,YPR183W,0,5.895241,0.14573708176612854,0.3349420726299286,0.20413488149642944
YOR196C,YHR007C,1,5.8914413,0.14609572291374207,0.33590734004974365,0.20413488149642944
YJL186W,YJL165C,0,5.8901377,0.14603440463542938,0.33590734004974365,0.20423524081707
YIL010W,YBR296C,0,5.8896484,0.14597316086292267,0.33590734004974365,0.20433561503887177
YLR089C,YIR008C,0,5.888919,0.14591194689273834,0.33590734004974365,0.20443597435951233
YNR032W,YDR528W,0,5.888729,0.1458507925271988,0.33590734004974365,0.2045363336801529
YLR118C,YMR208W,1,5.888587,0.14620862901210785,0.33687257766723633,0.2045363336801529
YPR007C,YPL169C,0,5.8882856,0.14614740014076233,0.33687257766723633,0.20463669300079346
YDR165W,YBL066C,0,5.887377,0.14608623087406158,0.33687257766723633,0.20473705232143402
YKL055C,YGL035C,0,5.8872414,0.14602510631084442,0.33687257766723633,0.20483741164207458
YJL196C,YDR033W,0,5.887088,0.14596402645111084,0.33687257766723633,0.20493777096271515
YPR052C,YGL207W,0,5.886471,0.14590300619602203,0.33687257766723633,0.2050381302833557
YGL116W,YER018C,0,5.885605,0.145842045545578,0.33687257766723633,0.20513850450515747
YKR053C,YDR501W,0,5.885311,0.14578111469745636,0.33687257766723633,0.20523886382579803
YHR062C,YIL121W,0,5.8853054,0.1457202434539795,0.33687257766723633,0.2053392231464386
YPL253C,YEL024W,0,5.8841677,0.1456594318151474,0.33687257766723633,0.20543958246707916
YDR237W,YNL142W,0,5.883152,0.1455986648797989,0.33687257766723633,0.20553994178771973
YOR181W,YNL129W,0,5.8831434,0.14553794264793396,0.33687257766723633,0.2056403011083603
YLL031C,YNR008W,1,5.883108,0.1458941251039505,0.3378378450870514,0.2056403011083603
YIL030C,YOR182C,0,5.8830304,0.1458333283662796,0.3378378450870514,0.20574066042900085
YBL101C,YLR242C,0,5.882961,0.14577259123325348,0.3378378450870514,0.2058410346508026
YDR242W,YML123C,0,5.8826227,0.14571191370487213,0.3378378450870514,0.20594139397144318
YPL224C,YBR123C,0,5.8814125,0.14565126597881317,0.3378378450870514,0.20604175329208374
YJR009C,YPL235W,0,5.881238,0.145590677857399,0.3378378450870514,0.2061421126127243
YDR047W,YGR061C,0,5.8802505,0.14553014934062958,0.3378378450870514,0.20624247193336487
YAL055W,YOR256C,0,5.87802,0.14546966552734375,0.3378378450870514,0.20634283125400543
YCR021C,YML034W,0,5.875408,0.1454092264175415,0.3378378450870514,0.206443190574646
YOR360C,YNR007C,0,5.8749084,0.14534883201122284,0.3378378450870514,0.20654354989528656
YDR105C,YKL069W,0,5.874221,0.14528849720954895,0.3378378450870514,0.20664392411708832
YCR068W,YEL044W,0,5.8741198,0.14522822201251984,0.3378378450870514,0.20674428343772888
YCR088W,YDR156W,0,5.8732133,0.1451679766178131,0.3378378450870514,0.20684464275836945
YDL064W,YDL025C,0,5.8706427,0.14510779082775116,0.3378378450870514,0.20694500207901
YMR042W,YNR022C,0,5.8704624,0.14504766464233398,0.3378378450870514,0.20704536139965057
YBR264C,YER113C,0,5.869523,0.1449875682592392,0.3378378450870514,0.20714572072029114
YIL008W,YJL062W,0,5.8689213,0.14492753148078918,0.3378378450870514,0.2072460800409317
YIL097W,YLR265C,0,5.868538,0.14486755430698395,0.3378378450870514,0.20734645426273346
YGL210W,YOR288C,0,5.8664165,0.1448076069355011,0.3378378450870514,0.20744681358337402
YKR010C,YIR017C,0,5.8662014,0.14474771916866302,0.3378378450870514,0.2075471729040146
YGR086C,YDR084C,0,5.866096,0.14468789100646973,0.3378378450870514,0.20764753222465515
YAR033W,YBR038W,0,5.8660593,0.14462809264659882,0.3378378450870514,0.20774789154529572
YLR361C,YDL043C,0,5.865773,0.14456835389137268,0.3378378450870514,0.20784825086593628
YNR039C,YNR047W,0,5.86476,0.14450867474079132,0.3378378450870514,0.20794861018657684
YPL075W,YGR132C,0,5.863739,0.14444902539253235,0.3378378450870514,0.2080489695072174
YML075C,YLR450W,1,5.8630915,0.14480197429656982,0.33880308270454407,0.2080489695072174
YEL050C,YOR057W,0,5.8630686,0.14474226534366608,0.33880308270454407,0.20814934372901917
YLR037C,YPR175W,0,5.8624516,0.1446826010942459,0.33880308270454407,0.20824970304965973
YDR398W,YBR146W,0,5.8613696,0.14462299644947052,0.33880308270454407,0.2083500623703003
YOR177C,YGL040C,0,5.8612537,0.14456342160701752,0.33880308270454407,0.20845042169094086
YLR134W,YJL106W,0,5.8604965,0.1445039063692093,0.33880308270454407,0.20855078101158142
YJL051W,YDR100W,0,5.8604355,0.14444445073604584,0.33880308270454407,0.20865114033222198
YDR033W,YGL070C,0,5.8600388,0.14438502490520477,0.33880308270454407,0.20875149965286255
YKR038C,YDR484W,0,5.8599854,0.14432565867900848,0.33880308270454407,0.2088518738746643
YHR149C,YOR332W,0,5.8596287,0.14426633715629578,0.33880308270454407,0.20895223319530487
YEL016C,YJR143C,0,5.859575,0.14420706033706665,0.33880308270454407,0.20905259251594543
YPR112C,YEL038W,0,5.857712,0.1441478431224823,0.33880308270454407,0.209152951836586
YMR150C,YJR044C,0,5.8566127,0.14408867061138153,0.33880308270454407,0.20925331115722656
YML116W,YOR080W,0,5.856555,0.14402954280376434,0.33880308270454407,0.20935367047786713
YIL040W,YDL185W,0,5.854995,0.14397047460079193,0.33880308270454407,0.2094540297985077
YAL058W,YKL163W,0,5.8537483,0.1439114362001419,0.33880308270454407,0.20955438911914825
YBR029C,YNR041C,1,5.8537207,0.14426229894161224,0.33976835012435913,0.20955438911914825
YHR148W,YOR267C,0,5.853179,0.14420320093631744,0.33976835012435913,0.20965476334095
YOR175C,YBR288C,0,5.8526473,0.14414414763450623,0.33976835012435913,0.20975512266159058
YDL168W,YBL022C,0,5.8517485,0.1440851390361786,0.33976835012435913,0.20985548198223114
YER173W,YPR067W,0,5.850823,0.14402619004249573,0.33976835012435913,0.2099558413028717
YIL110W,YLL031C,0,5.8499804,0.14396728575229645,0.33976835012435913,0.21005620062351227
YHR150W,YER141W,0,5.8495207,0.14390842616558075,0.33976835012435913,0.21015655994415283
YLR058C,YNL071W,0,5.849395,0.14384961128234863,0.33976835012435913,0.2102569192647934
YGR289C,YFR027W,0,5.8488536,0.1437908560037613,0.33976835012435913,0.21035729348659515
YBL101C,YKR087C,0,5.848014,0.14373213052749634,0.33976835012435913,0.21045765280723572
YGL243W,YJL164C,0,5.847966,0.14367346465587616,0.33976835012435913,0.21055801212787628
YDR178W,YDR004W,0,5.8463936,0.14361485838890076,0.33976835012435913,0.21065837144851685
YDR225W,YIL173W,0,5.8455763,0.14355628192424774,0.33976835012435913,0.2107587307691574
YOR129C,YCR107W,0,5.844721,0.1434977650642395,0.33976835012435913,0.21085909008979797
YNL280C,YER015W,1,5.844263,0.1438467800617218,0.3407335877418518,0.21085909008979797
YIL124W,YOR126C,1,5.843958,0.14419551193714142,0.34169885516166687,0.21085909008979797
YOR076C,YKR013W,0,5.843553,0.14413680136203766,0.34169885516166687,0.21095944941043854
YBR045C,YBL051C,0,5.8434095,0.14407815039157867,0.34169885516166687,0.2110598087310791
YPL220W,YIL062C,0,5.84235,0.14401952922344208,0.34169885516166687,0.21116018295288086
YGL126W,YOL147C,1,5.8421926,0.14436763525009155,0.34266409277915955,0.21116018295288086
YOR081C,YMR272C,1,5.8420362,0.14471544325351715,0.3436293303966522,0.21116018295288086
YDR273W,YML091C,0,5.841942,0.14465664327144623,0.3436293303966522,0.21126054227352142
YOR174W,YBR041W,0,5.8415933,0.1445978879928589,0.3436293303966522,0.211360901594162
YIL144W,YPL161C,0,5.841407,0.14453917741775513,0.3436293303966522,0.21146126091480255
YDL015C,YPL120W,1,5.839279,0.14488635957241058,0.3445945978164673,0.21146126091480255
YLR100W,YOR175C,1,5.8380084,0.14523325860500336,0.34555983543395996,0.21146126091480255
YER143W,YNL326C,0,5.837727,0.14517436921596527,0.34555983543395996,0.21156162023544312
YMR305C,YGL147C,0,5.835396,0.14511552453041077,0.34555983543395996,0.21166197955608368
YGR211W,YLR345W,0,5.8351307,0.14505672454833984,0.34555983543395996,0.21176233887672424
YDL159W,YIR026C,0,5.8345404,0.1449979692697525,0.34555983543395996,0.211862713098526
YJL036W,YJL035C,0,5.833812,0.14493927359580994,0.34555983543395996,0.21196307241916656
YLR427W,YJL179W,0,5.833413,0.14488060772418976,0.34555983543395996,0.21206343173980713
YDR294C,YHR067W,1,5.8327646,0.14522653818130493,0.346525102853775,0.21206343173980713
YBR005W,YJL168C,0,5.8314238,0.14516781270503998,0.346525102853775,0.2121637910604477
YBR036C,YPL028W,1,5.831037,0.14551334083080292,0.3474903404712677,0.2121637910604477
YOR344C,YHR088W,0,5.8303475,0.145454540848732,0.3474903404712677,0.21226415038108826
YJR121W,YMR113W,0,5.8298016,0.14539580047130585,0.3474903404712677,0.21236450970172882
YIL053W,YLR115W,0,5.829487,0.14533710479736328,0.3474903404712677,0.21246486902236938
YGR033C,YML104C,0,5.8273983,0.1452784538269043,0.3474903404712677,0.21256522834300995
YGL232W,YNL093W,0,5.8271036,0.1452198475599289,0.3474903404712677,0.2126656025648117
YPR188C,YPL006W,0,5.826832,0.14516128599643707,0.3474903404712677,0.21276596188545227
YDR257C,YDR017C,0,5.8256526,0.14510278403759003,0.3474903404712677,0.21286632120609283
YOR036W,YJR139C,0,5.8254113,0.14504431188106537,0.3474903404712677,0.2129666805267334
YGR295C,YPL217C,0,5.8249016,0.14498589932918549,0.3474903404712677,0.21306703984737396
YER061C,YHL004W,0,5.8246093,0.14492753148078918,0.3474903404712677,0.21316739916801453
YBR293W,YML014W,0,5.8240438,0.14486920833587646,0.3474903404712677,0.2132677584886551
YBR299W,YHR111W,0,5.821905,0.14481094479560852,0.3474903404712677,0.21336811780929565
YJR096W,YGL135W,0,5.8202868,0.14475271105766296,0.3474903404712677,0.2134684920310974
YBR008C,YMR235C,0,5.819128,0.14469453692436218,0.3474903404712677,0.21356885135173798
YBR004C,YML075C,1,5.8177443,0.1450381726026535,0.34845560789108276,0.21356885135173798
YOL002C,YDL236W,0,5.8155336,0.14497992396354675,0.34845560789108276,0.21366921067237854
YJR095W,YOR332W,0,5.8151226,0.14492172002792358,0.34845560789108276,0.2137695699930191
YER161C,YLL039C,0,5.8134775,0.144863560795784,0.34845560789108276,0.21386992931365967
YOR010C,YDR073W,0,5.8129354,0.14480546116828918,0.34845560789108276,0.21397028863430023
YHR037W,YJR010C-A,0,5.8126063,0.14474739134311676,0.34845560789108276,0.2140706479549408
YMR092C,YDR345C,0,5.8114233,0.1446893811225891,0.34845560789108276,0.21417102217674255
YGR065C,YOR103C,0,5.8110323,0.14463141560554504,0.34845560789108276,0.21427138149738312
YBR162C,YDR155C,0,5.8097005,0.14457349479198456,0.34845560789108276,0.21437174081802368
YBR029C,YLR450W,1,5.809071,0.14491593837738037,0.34942084550857544,0.21437174081802368
YOR030W,YKL192C,0,5.80737,0.14485794305801392,0.34942084550857544,0.21447210013866425
YDL102W,YJR099W,0,5.8057556,0.14480000734329224,0.34942084550857544,0.2145724594593048
YHR124W,YJL111W,0,5.8052254,0.14474210143089294,0.34942084550857544,0.21467281877994537
YKL008C,YGR120C,0,5.804966,0.14468425512313843,0.34942084550857544,0.21477317810058594
YJL158C,YEL065W,0,5.8044205,0.1446264535188675,0.34942084550857544,0.2148735374212265
YML130C,YOR361C,0,5.803799,0.14456869661808014,0.34942084550857544,0.21497391164302826
YNL212W,YLR340W,0,5.8032765,0.14451098442077637,0.34942084550857544,0.21507427096366882
YGR044C,YKL042W,0,5.80256,0.14445331692695618,0.34942084550857544,0.2151746302843094
YCL052C,YPR183W,1,5.8020763,0.14479456841945648,0.3503861129283905,0.2151746302843094
YPL203W,YDR520C,0,5.802065,0.14473684132099152,0.3503861129283905,0.21527498960494995
YDR200C,YOL011W,0,5.8008223,0.14467915892601013,0.3503861129283905,0.21537534892559052
YIL155C,YDR217C,0,5.799146,0.14462152123451233,0.3503861129283905,0.21547570824623108
YGL033W,YPR173C,0,5.798398,0.14456391334533691,0.3503861129283905,0.21557606756687164
YLL031C,YOR363C,1,5.798232,0.1449044644832611,0.3513513505458832,0.21557606756687164
YOR254C,YOR380W,0,5.7982287,0.14484679698944092,0.3513513505458832,0.2156764417886734
YML038C,YAL048C,0,5.797146,0.1447891741991043,0.3513513505458832,0.21577680110931396
YBR177C,YOR100C,1,5.796857,0.1451292186975479,0.35231658816337585,0.21577680110931396
YBL011W,YBR132C,1,5.796523,0.14546899497509003,0.3532818555831909,0.21577680110931396
YGR099W,YOR094W,0,5.796307,0.14541120827198029,0.3532818555831909,0.21587716042995453
YOR171C,YHR133C,1,5.7960978,0.14575059711933136,0.3542470932006836,0.21587716042995453
YPL115C,YCL033C,0,5.7957582,0.14569273591041565,0.3542470932006836,0.2159775197505951
YFL008W,YHL015W,0,5.7948074,0.14563491940498352,0.3542470932006836,0.21607787907123566
YPR049C,YDL191W,0,5.793533,0.14557714760303497,0.3542470932006836,0.21617823839187622
YOL005C,YKR050W,0,5.7934465,0.1455194354057312,0.3542470932006836,0.21627859771251678
YPL095C,YBR036C,1,5.793074,0.14585810899734497,0.35521236062049866,0.21627859771251678
YMR162C,YBR001C,0,5.792675,0.14580032229423523,0.35521236062049866,0.21637895703315735
YLR155C,YOR028C,0,5.7911167,0.14574258029460907,0.35521236062049866,0.2164793312549591
YDR097C,YOR244W,0,5.7902527,0.1456848829984665,0.35521236062049866,0.21657969057559967
YGL178W,YER124C,0,5.7901087,0.1456272304058075,0.35521236062049866,0.21668004989624023
YNR019W,YKL126W,1,5.789519,0.14596518874168396,0.35617759823799133,0.21668004989624023
YPL028W,YPL183C,0,5.789129,0.1459074765443802,0.35617759823799133,0.2167804092168808
YGR207C,YLR372W,0,5.788885,0.14584980905056,0.35617759823799133,0.21688076853752136
YHR063C,YOR247W,0,5.7884655,0.1457921713590622,0.35617759823799133,0.21698112785816193
YML009C,YOL088C,0,5.7866693,0.14573459327220917,0.35617759823799133,0.2170814871788025
YBL004W,YDR162C,0,5.7866592,0.14567705988883972,0.35617759823799133,0.21718186140060425
YHR091C,YDL136W,0,5.7864723,0.14561957120895386,0.35617759823799133,0.2172822207212448
YDR479C,YIL031W,0,5.7853737,0.14556212723255157,0.35617759823799133,0.21738258004188538
YNL031C,YMR175W,0,5.7847967,0.14550472795963287,0.35617759823799133,0.21748293936252594
YPR018W,YPL059W,0,5.7844667,0.14544737339019775,0.35617759823799133,0.2175832986831665
YGR189C,YGL106W,0,5.783682,0.14539006352424622,0.35617759823799133,0.21768365800380707
YML011C,YMR154C,0,5.782732,0.14533281326293945,0.35617759823799133,0.21778401732444763
YJL044C,YNL082W,0,5.782398,0.14527559280395508,0.35617759823799133,0.2178843766450882
YPL271W,YDR247W,0,5.781731,0.14521841704845428,0.35617759823799133,0.21798475086688995
YCR066W,YEL026W,0,5.7794,0.14516128599643707,0.35617759823799133,0.21808511018753052
YGR244C,YHR108W,0,5.7782536,0.14510421454906464,0.35617759823799133,0.21818546950817108
YKL146W,YDR462W,0,5.778164,0.1450471729040146,0.35617759823799133,0.21828582882881165
YLR249W,YMR118C,0,5.777774,0.14499017596244812,0.35617759823799133,0.2183861881494522
YER044C,YNR011C,0,5.777186,0.14493322372436523,0.35617759823799133,0.21848654747009277
YBL067C,YJL026W,0,5.775275,0.14487633109092712,0.35617759823799133,0.21858690679073334
YCL039W,YDL100C,0,5.774227,0.1448194682598114,0.35617759823799133,0.2186872810125351
YPL074W,YBL027W,0,5.772606,0.14476265013217926,0.35617759823799133,0.21878764033317566
YCL050C,YHR101C,0,5.772212,0.1447058767080307,0.35617759823799133,0.21888799965381622
YOR044W,YGR106C,0,5.77159,0.14464916288852692,0.35617759823799133,0.2189883589744568
YNL241C,YHR001W-A,0,5.771514,0.14459247887134552,0.35617759823799133,0.21908871829509735
YJL097W,YER044C,1,5.771088,0.14492753148078918,0.3571428656578064,0.21908871829509735
YOL127W,YCR077C,0,5.7707806,0.144870787858963,0.3571428656578064,0.21918907761573792
YHR091C,YDR243C,0,5.770729,0.14481408894062042,0.3571428656578064,0.21928943693637848
YOR271C,YLR155C,0,5.7691784,0.1447574347257614,0.3571428656578064,0.21938979625701904
YDR259C,YGR170W,0,5.769002,0.144700825214386,0.3571428656578064,0.2194901704788208
YCR044C,YKR009C,1,5.7688684,0.14503517746925354,0.3581081032752991,0.2194901704788208
YPL237W,YEL047C,0,5.768422,0.14497850835323334,0.3581081032752991,0.21959052979946136
YIL037C,YPL031C,0,5.767197,0.14492186903953552,0.3581081032752991,0.21969088912010193
YDR293C,YHR070W,0,5.7667813,0.14486528933048248,0.3581081032752991,0.2197912484407425
YCL004W,YIL009W,1,5.766446,0.14519906044006348,0.35907337069511414,0.2197912484407425
YKL005C,YIL117C,0,5.765977,0.14514240622520447,0.35907337069511414,0.21989160776138306
YOL001W,YNL066W,0,5.7656355,0.14508579671382904,0.35907337069511414,0.21999196708202362
YBR267W,YLR421C,0,5.7649794,0.1450292468070984,0.35907337069511414,0.22009232640266418
YKR083C,YGR037C,0,5.7640896,0.14497272670269012,0.35907337069511414,0.22019270062446594
YOL011W,YML075C,1,5.7638493,0.145305797457695,0.3600386083126068,0.22019270062446594
YKL185W,YLR372W,0,5.763545,0.14524921774864197,0.3600386083126068,0.2202930599451065
YKL192C,YDR208W,1,5.763497,0.1455819457769394,0.3610038757324219,0.2202930599451065
YHL038C,YNL036W,0,5.763377,0.14552529156208038,0.3610038757324219,0.22039341926574707
YAL053W,YLR333C,0,5.763282,0.14546868205070496,0.3610038757324219,0.22049377858638763
YML054C,YJL089W,0,5.7626505,0.1454121321439743,0.3610038757324219,0.2205941379070282
YJR139C,YER001W,0,5.762512,0.14535561203956604,0.3610038757324219,0.22069449722766876
YDL194W,YKL046C,0,5.7600946,0.14529915153980255,0.3610038757324219,0.22079485654830933
YNL316C,YOR284W,0,5.7596846,0.14524272084236145,0.3610038757324219,0.2208952158689499
YJL042W,YLR069C,0,5.759634,0.14518633484840393,0.3610038757324219,0.22099559009075165
YOL126C,YKR007W,0,5.7593303,0.14512999355793,0.3610038757324219,0.2210959494113922
YLR368W,YER119C,0,5.758873,0.14507369697093964,0.3610038757324219,0.22119630873203278
YNL007C,YMR220W,0,5.757433,0.14501744508743286,0.3610038757324219,0.22129666805267334
YPR055W,YNL091W,0,5.756998,0.14496123790740967,0.3610038757324219,0.2213970273733139
YBR068C,YDR243C,0,5.7559843,0.14490507543087006,0.3610038757324219,0.22149738669395447
YHR150W,YBR085W,0,5.754592,0.14484895765781403,0.3610038757324219,0.22159774601459503
YDR246W,YJL110C,0,5.7544813,0.14479286968708038,0.3610038757324219,0.2216981202363968
YBL103C,YJR117W,0,5.754325,0.14473684132099152,0.3610038757324219,0.22179847955703735
YDR126W,YDR003W,0,5.754209,0.14468085765838623,0.3610038757324219,0.22189883887767792
YHL025W,YBL102W,0,5.751377,0.14462490379810333,0.3610038757324219,0.22199919819831848
YNL063W,YBR156C,0,5.7502728,0.14456899464130402,0.3610038757324219,0.22209955751895905
YML057W,YBR073W,0,5.748703,0.14451313018798828,0.3610038757324219,0.2221999168395996
YGR227W,YPL087W,1,5.748686,0.14484356343746185,0.36196911334991455,0.2221999168395996
YJL001W,YML031W,0,5.7481365,0.14478763937950134,0.36196911334991455,0.22230027616024017
YCR031C,YDR513W,0,5.7476983,0.14473176002502441,0.36196911334991455,0.22240063548088074
YMR043W,YDR175C,0,5.7449656,0.14467592537403107,0.36196911334991455,0.2225010097026825
YKL059C,YLR098C,0,5.743846,0.1446201354265213,0.36196911334991455,0.22260136902332306
YLR377C,YJL212C,0,5.7435803,0.14456437528133392,0.36196911334991455,0.22270172834396362
YBR227C,YNL051W,0,5.7432704,0.14450867474079132,0.36196911334991455,0.2228020876646042
YPL144W,YNL091W,0,5.7432194,0.1444530040025711,0.36196911334991455,0.22290244698524475
YOL110W,YMR021C,0,5.742201,0.14439737796783447,0.36196911334991455,0.22300280630588531
YOR181W,YDR368W,0,5.7420454,0.14434179663658142,0.36196911334991455,0.22310316562652588
YHR196W,YGL166W,0,5.7417746,0.14428626000881195,0.36196911334991455,0.22320353984832764
YBR009C,YPL224C,0,5.74061,0.14423076808452606,0.36196911334991455,0.2233038991689682
YGL126W,YCR048W,1,5.740304,0.14455978572368622,0.3629343509674072,0.2233038991689682
YGR262C,YKR030W,0,5.738469,0.14450423419475555,0.3629343509674072,0.22340425848960876
YLR109W,YMR164C,0,5.737959,0.14444871246814728,0.3629343509674072,0.22350461781024933
YML004C,YOR189W,0,5.737314,0.14439323544502258,0.3629343509674072,0.2236049771308899
YBR121C,YKL132C,0,5.7359023,0.14433781802654266,0.3629343509674072,0.22370533645153046
YML091C,YNL023C,0,5.7348824,0.14428243041038513,0.3629343509674072,0.22380569577217102
YBR045C,YLR249W,0,5.7327147,0.14422708749771118,0.3629343509674072,0.22390605509281158
YKL008C,YEL026W,0,5.731332,0.14417177438735962,0.3629343509674072,0.22400642931461334
YLR120C,YGL063W,0,5.7302847,0.14411652088165283,0.3629343509674072,0.2241067886352539
YDR001C,YLR032W,0,5.729704,0.14406129717826843,0.3629343509674072,0.22420714795589447
YOR069W,YLR367W,0,5.728963,0.1440061330795288,0.3629343509674072,0.22430750727653503
YER061C,YOR067C,1,5.727874,0.1443338394165039,0.3638996183872223,0.22430750727653503
YBL087C,YPL281C,0,5.7275705,0.1442786008119583,0.3638996183872223,0.2244078665971756
YMR083W,YDL082W,0,5.727172,0.1442234069108963,0.3638996183872223,0.22450822591781616
YHL016C,YKR049C,0,5.7261343,0.14416825771331787,0.3638996183872223,0.22460858523845673
YAL014C,YHR128W,0,5.726093,0.14411315321922302,0.3638996183872223,0.22470895946025848
YGL124C,YGR279C,0,5.725442,0.14405807852745056,0.3638996183872223,0.22480931878089905
YML123C,YHR169W,0,5.7253017,0.14400304853916168,0.3638996183872223,0.2249096781015396
YDR234W,YPL057C,0,5.725279,0.14394807815551758,0.3638996183872223,0.22501003742218018
YDL099W,YIL157C,0,5.72464,0.14389312267303467,0.3638996183872223,0.22511039674282074
YMR063W,YPR020W,0,5.723798,0.14383822679519653,0.3638996183872223,0.2252107560634613
YNL202W,YOL147C,1,5.723012,0.14416475594043732,0.36486485600471497,0.2252107560634613
YPL177C,YDR322W,0,5.722783,0.1441098004579544,0.36486485600471497,0.22531111538410187
YHL038C,YBR169C,0,5.7193274,0.14405487477779388,0.36486485600471497,0.22541147470474243
YPR055W,YBR050C,0,5.7189364,0.14399999380111694,0.36486485600471497,0.2255118489265442
YDR395W,YOR249C,0,5.718028,0.14394515752792358,0.36486485600471497,0.22561220824718475
YMR268C,YDL195W,0,5.717229,0.1438903659582138,0.36486485600471497,0.22571256756782532
YOR372C,YDL113C,0,5.7160816,0.1438356190919876,0.36486485600471497,0.22581292688846588
YGL044C,YDR258C,0,5.7158937,0.1437809020280838,0.36486485600471497,0.22591328620910645
YMR083W,YER111C,0,5.7151594,0.14372622966766357,0.36486485600471497,0.226013645529747
YGL137W,YPR151C,0,5.7150373,0.14367160201072693,0.36486485600471497,0.22611400485038757
YDR343C,YPR020W,0,5.713147,0.14361701905727386,0.36486485600471497,0.22621437907218933
YDL174C,YMR205C,0,5.712905,0.14356248080730438,0.36486485600471497,0.2263147383928299
YOR229W,YBR161W,0,5.712104,0.1435079723596573,0.36486485600471497,0.22641509771347046
YER144C,YOR122C,0,5.7114754,0.14345350861549377,0.36486485600471497,0.22651545703411102
YGR208W,YIL070C,0,5.7113895,0.14339908957481384,0.36486485600471497,0.2266158163547516
YNR069C,YER023W,0,5.7113523,0.1433447152376175,0.36486485600471497,0.22671617567539215
YIL122W,YLR023C,0,5.711239,0.14329037070274353,0.36486485600471497,0.22681653499603271
YGR135W,YGL097W,0,5.710296,0.14323607087135315,0.36486485600471497,0.22691689431667328
YML107C,YDR490C,0,5.70998,0.14318181574344635,0.36486485600471497,0.22701726853847504
YGL086W,YHR139C,0,5.7097063,0.14312760531902313,0.36486485600471497,0.2271176278591156
YER019W,YML042W,1,5.7096148,0.14345192909240723,0.36583012342453003,0.2271176278591156
YEL034W,YBL099W,0,5.7085123,0.14339765906333923,0.36583012342453003,0.22721798717975616
YLR134W,YLR266C,0,5.707056,0.14334341883659363,0.36583012342453003,0.22731834650039673
YJL091C,YOR221C,1,5.7064753,0.1436672955751419,0.3667953610420227,0.22731834650039673
YJR094W-A,YOR049C,0,5.705139,0.14361299574375153,0.3667953610420227,0.2274187058210373
YPL023C,YBR088C,0,5.704515,0.14355874061584473,0.3667953610420227,0.22751906514167786
YDR424C,YER119C,0,5.704414,0.1435045301914215,0.3667953610420227,0.22761942446231842
YER091C,YCR018C,0,5.7034473,0.14345036447048187,0.3667953610420227,0.22771979868412018
YOR293W,YOL059W,0,5.7031975,0.14339622855186462,0.3667953610420227,0.22782015800476074
YIL074C,YLR453C,0,5.70226,0.14334213733673096,0.3667953610420227,0.2279205173254013
YLR081W,YGR007W,0,5.7016654,0.14328809082508087,0.3667953610420227,0.22802087664604187
YFL056C,YGL021W,0,5.7009773,0.14323407411575317,0.3667953610420227,0.22812123596668243
YEL005C,YEL002C,0,5.70096,0.14318010210990906,0.3667953610420227,0.228221595287323
YML011C,YGR254W,0,5.7006583,0.14312617480754852,0.3667953610420227,0.22832195460796356
YPL003W,YDR397C,0,5.7004194,0.14307229220867157,0.3667953610420227,0.22842231392860413
YJR125C,YJL189W,0,5.700212,0.143018439412117,0.3667953610420227,0.22852268815040588
YJR089W,YOL105C,0,5.699562,0.14296463131904602,0.3667953610420227,0.22862304747104645
YJR009C,YLR214W,0,5.699226,0.14291086792945862,0.3667953610420227,0.228723406791687
YKR094C,YDR051C,0,5.6987524,0.1428571492433548,0.3667953610420227,0.22882376611232758
YBR142W,YER028C,0,5.6959724,0.14280346035957336,0.3667953610420227,0.22892412543296814
YBR070C,YMR220W,1,5.6958685,0.1431254744529724,0.36776062846183777,0.22892412543296814
YHR104W,YBR102C,0,5.6952744,0.1430717259645462,0.36776062846183777,0.2290244847536087
YGL008C,YKL146W,0,5.694256,0.14301802217960358,0.36776062846183777,0.22912484407424927
YPL015C,YER029C,0,5.6942244,0.14296434819698334,0.36776062846183777,0.22922520339488983
YBR101C,YIL125W,0,5.6935086,0.14291073381900787,0.36776062846183777,0.2293255776166916
YKR034W,YHR169W,0,5.6932316,0.1428571492433548,0.36776062846183777,0.22942593693733215
YDR382W,YKR039W,0,5.693126,0.1428035944700241,0.36776062846183777,0.22952629625797272
YJL073W,YLR110C,0,5.692792,0.1427500993013382,0.36776062846183777,0.22962665557861328
YEL046C,YNL051W,0,5.687956,0.14269663393497467,0.36776062846183777,0.22972701489925385
YEL006W,YPL079W,0,5.687899,0.14264319837093353,0.36776062846183777,0.2298273742198944
YLR120C,YNL189W,0,5.6876082,0.14258982241153717,0.36776062846183777,0.22992773354053497
YGL245W,YDL005C,0,5.6869345,0.1425364762544632,0.36776062846183777,0.23002810776233673
YGL023C,YMR322C,0,5.686588,0.1424831748008728,0.36776062846183777,0.2301284670829773
YBL017C,YKR093W,0,5.6857014,0.1424299031496048,0.36776062846183777,0.23022882640361786
YER038C,YKL220C,0,5.6855183,0.14237667620182037,0.36776062846183777,0.23032918572425842
YLR133W,YER120W,1,5.68538,0.1426970511674881,0.36872586607933044,0.23032918572425842
YIL121W,YLR008C,0,5.6852903,0.1426437646150589,0.36872586607933044,0.230429545044899
YPL076W,YDL135C,0,5.6844263,0.14259052276611328,0.36872586607933044,0.23052990436553955
YMR202W,YPR183W,1,5.6828995,0.1429104506969452,0.3696911334991455,0.23052990436553955
YJL045W,YNL132W,0,5.68198,0.1428571492433548,0.3696911334991455,0.23063026368618011
YDR492W,YLR304C,1,5.681866,0.14317673444747925,0.3706563711166382,0.23063026368618011
YNL012W,YNR030W,1,5.6814995,0.1434960812330246,0.37162160873413086,0.23063026368618011
YGL104C,YMR207C,0,5.6808653,0.14344261586666107,0.37162160873413086,0.23073062300682068
YER005W,YPR140W,1,5.6808496,0.14376163482666016,0.3725868761539459,0.23073062300682068
YOR372C,YGL181W,0,5.679923,0.14370810985565186,0.3725868761539459,0.23083099722862244
YLL022C,YPL040C,0,5.67968,0.14365462958812714,0.3725868761539459,0.230931356549263
YDR270W,YJL050W,0,5.6781373,0.143601194024086,0.3725868761539459,0.23103171586990356
YDL120W,YHR001W,0,5.6777973,0.14354778826236725,0.3725868761539459,0.23113207519054413
YPL232W,YDL141W,0,5.6771293,0.14349442720413208,0.3725868761539459,0.2312324345111847
YGL144C,YKL191W,0,5.676953,0.1434410959482193,0.3725868761539459,0.23133279383182526
YGR028W,YPL204W,0,5.676545,0.1433878093957901,0.3725868761539459,0.23143315315246582
YHR216W,YMR223W,0,5.6764107,0.14333456754684448,0.3725868761539459,0.23153352737426758
YDL193W,YFL009W,0,5.6763835,0.14328137040138245,0.3725868761539459,0.23163388669490814
YNL173C,YJR110W,0,5.676311,0.1432282030582428,0.3725868761539459,0.2317342460155487
YIL124W,YDL075W,0,5.6761494,0.14317508041858673,0.3725868761539459,0.23183460533618927
YHR001W-A,YDL113C,0,5.6744604,0.14312198758125305,0.3725868761539459,0.23193496465682983
YDR434W,YOR067C,1,5.67441,0.14343959093093872,0.3735521137714386,0.23193496465682983
YML059C,YMR313C,1,5.67411,0.1437569409608841,0.37451738119125366,0.23193496465682983
YKL080W,YPL117C,0,5.6740704,0.14370369911193848,0.37451738119125366,0.2320353239774704
YOR372C,YML116W,0,5.673133,0.14365050196647644,0.37451738119125366,0.23213568329811096
YER178W,YMR274C,0,5.6729918,0.1435973346233368,0.37451738119125366,0.23223604261875153
YFL044C,YGL250W,0,5.672254,0.14354421198368073,0.37451738119125366,0.23233641684055328
YBL006C,YEL001C,0,5.6702595,0.14349111914634705,0.37451738119125366,0.23243677616119385
YPR086W,YNL135C,0,5.66868,0.14343807101249695,0.37451738119125366,0.2325371354818344
YBR036C,YNL280C,1,5.6685266,0.14375461637973785,0.37548261880874634,0.2325371354818344
YOR372C,YMR056C,0,5.6681824,0.14370150864124298,0.37548261880874634,0.23263749480247498
YKL138C,YCR034W,0,5.667823,0.1436484456062317,0.37548261880874634,0.23273785412311554
YEL051W,YJR158W,0,5.666649,0.14359542727470398,0.37548261880874634,0.2328382134437561
YBR049C,YGR178C,0,5.6666384,0.14354243874549866,0.37548261880874634,0.23293857276439667
YNL036W,YGL127C,0,5.666623,0.14348948001861572,0.37548261880874634,0.23303894698619843
YLR368W,YJL019W,0,5.664999,0.14343658089637756,0.37548261880874634,0.233139306306839
YGR049W,YOR319W,0,5.6647263,0.1433837115764618,0.37548261880874634,0.23323966562747955
YKL178C,YDR078C,0,5.664196,0.1433308720588684,0.37548261880874634,0.23334002494812012
YLR234W,YHR021C,0,5.663097,0.1432780921459198,0.37548261880874634,0.23344038426876068
YPR037C,YMR154C,0,5.6628866,0.14322532713413239,0.37548261880874634,0.23354074358940125
YIL074C,YBR078W,0,5.6623716,0.14317262172698975,0.37548261880874634,0.2336411029100418
YLR328W,YCL038C,0,5.6613417,0.1431199461221695,0.37548261880874634,0.23374146223068237
YNL321W,YKL149C,0,5.660056,0.14306730031967163,0.37548261880874634,0.23384183645248413
YOR173W,YMR056C,0,5.659961,0.14301469922065735,0.37548261880874634,0.2339421957731247
YER021W,YOR373W,0,5.658699,0.14296214282512665,0.37548261880874634,0.23404255509376526
YLR377C,YMR012W,0,5.6586947,0.14290963113307953,0.37548261880874634,0.23414291441440582
YJL044C,YHL013C,0,5.6578813,0.1428571492433548,0.37548261880874634,0.2342432737350464
YER015W,YEL024W,0,5.6578093,0.14280469715595245,0.37548261880874634,0.23434363305568695
YHL016C,YJL109C,0,5.657383,0.1427522897720337,0.37548261880874634,0.23444399237632751
YGL054C,YDL020C,0,5.6570835,0.1426999270915985,0.37548261880874634,0.23454436659812927
YLR084C,YLR119W,0,5.6552525,0.14264759421348572,0.37548261880874634,0.23464472591876984
YGR183C,YKR031C,0,5.655099,0.1425953060388565,0.37548261880874634,0.2347450852394104
YDR276C,YBR033W,0,5.654071,0.14254306256771088,0.37548261880874634,0.23484544456005096
YNL242W,YOL072W,0,5.6535053,0.14249084889888763,0.37548261880874634,0.23494580388069153
YKL006W,YML005W,0,5.6531954,0.14243866503238678,0.37548261880874634,0.2350461632013321
YBR164C,YPL003W,0,5.6528597,0.1423865258693695,0.37548261880874634,0.23514652252197266
YIL129C,YPL271W,0,5.6505833,0.14233443140983582,0.37548261880874634,0.23524688184261322
YPL159C,YPR181C,0,5.6496177,0.1422823667526245,0.37548261880874634,0.23534725606441498
YMR262W,YDR312W,0,5.649077,0.1422303467988968,0.37548261880874634,0.23544761538505554
YKL182W,YLR056W,1,5.6477156,0.14254385232925415,0.3764478862285614,0.23544761538505554
YDL247W,YBL061C,0,5.6473074,0.14249177277088165,0.3764478862285614,0.2355479747056961
YFR049W,YDR013W,0,5.645048,0.14243973791599274,0.3764478862285614,0.23564833402633667
YHL007C,YKL096W,0,5.6445045,0.1423877328634262,0.3764478862285614,0.23574869334697723
YPL049C,YMR017W,0,5.6436367,0.14233577251434326,0.3764478862285614,0.2358490526676178
YJL102W,YBR084C-A,0,5.6430054,0.1422838419675827,0.3764478862285614,0.23594941198825836
YHR139C,YOL017W,0,5.6420946,0.14223194122314453,0.3764478862285614,0.23604978621006012
YCL026C-A,YKL051W,1,5.6417856,0.14254465699195862,0.3774131238460541,0.23604978621006012
YJR009C,YML070W,0,5.641391,0.14249271154403687,0.3774131238460541,0.23615014553070068
YPR192W,YKL145W,0,5.641103,0.1424407958984375,0.3774131238460541,0.23625050485134125
YJR108W,YPL231W,0,5.640473,0.14238892495632172,0.3774131238460541,0.2363508641719818
YPL084W,YIL062C,0,5.6403427,0.14233709871768951,0.3774131238460541,0.23645122349262238
YHL025W,YMR127C,0,5.6403017,0.1422853022813797,0.3774131238460541,0.23655158281326294
YNR019W,YGL084C,1,5.6397314,0.14259730279445648,0.37837839126586914,0.23655158281326294
YNL218W,YFR025C,0,5.6396856,0.14254546165466309,0.37837839126586914,0.2366519421339035
YIL156W,YML014W,0,5.6392374,0.14249363541603088,0.37837839126586914,0.23675230145454407
YBR041W,YNL169C,1,5.6380634,0.14280523359775543,0.3793436288833618,0.23675230145454407
YGL168W,YER094C,0,5.6379366,0.14275336265563965,0.3793436288833618,0.23685267567634583
YMR101C,YJL019W,0,5.6376944,0.14270152151584625,0.3793436288833618,0.2369530349969864
YBR065C,YLR293C,0,5.636143,0.14264972507953644,0.3793436288833618,0.23705339431762695
YMR199W,YGL084C,0,5.635802,0.1425979733467102,0.3793436288833618,0.23715375363826752
YOL077C,YAL021C,0,5.63542,0.14254625141620636,0.3793436288833618,0.23725411295890808
YER096W,YDR303C,0,5.6333303,0.1424945592880249,0.3793436288833618,0.23735447227954865
YDR402C,YAR008W,0,5.631075,0.14244291186332703,0.3793436288833618,0.2374548316001892
YOL061W,YMR256C,0,5.6298513,0.14239130914211273,0.3793436288833618,0.23755520582199097
YGL012W,YNL130C,1,5.6283374,0.1427019238471985,0.3803088665008545,0.23755520582199097
YHR072W,YKL006C-A,0,5.6282606,0.14265024662017822,0.3803088665008545,0.23765556514263153
YOR028C,YOR057W,0,5.6278524,0.14259862899780273,0.3803088665008545,0.2377559244632721
YIL074C,YNL088W,0,5.6275835,0.14254702627658844,0.3803088665008545,0.23785628378391266
YIL009W,YLR450W,1,5.626173,0.1428571492433548,0.38127413392066956,0.23785628378391266
YOR252W,YDR175C,0,5.6252823,0.14280550181865692,0.38127413392066956,0.23795664310455322
YLR449W,YPR036W,0,5.6244845,0.14275388419628143,0.38127413392066956,0.2380570024251938
YJL102W,YGL089C,0,5.6242414,0.14270231127738953,0.38127413392066956,0.23815736174583435
YNR046W,YDL141W,0,5.623083,0.1426507830619812,0.38127413392066956,0.23825772106647491
YLR136C,YHL015W,0,5.6223583,0.14259928464889526,0.38127413392066956,0.23835809528827667
YNL037C,YPR009W,0,5.622118,0.1425478160381317,0.38127413392066956,0.23845845460891724
YDR276C,YJL123C,0,5.622097,0.14249639213085175,0.38127413392066956,0.2385588139295578
YBR057C,YML123C,0,5.621969,0.14244499802589417,0.38127413392066956,0.23865917325019836
YGR257C,YPL048W,0,5.621951,0.14239364862442017,0.38127413392066956,0.23875953257083893
YBR036C,YJL139C,0,5.6213818,0.14234234392642975,0.38127413392066956,0.2388598918914795
YGL156W,YLR117C,0,5.621264,0.14229106903076172,0.38127413392066956,0.23896025121212006
YLR100W,YGL195W,0,5.620674,0.14223982393741608,0.38127413392066956,0.23906062543392181
YPL177C,YEL065W,0,5.6199946,0.14218862354755402,0.38127413392066956,0.23916098475456238
YER018C,YDL185W,0,5.619917,0.14213745296001434,0.38127413392066956,0.23926134407520294
YKL089W,YLR204W,0,5.6190004,0.14208632707595825,0.38127413392066956,0.2393617033958435
YMR233W,YKR088C,0,5.617812,0.14203524589538574,0.38127413392066956,0.23946206271648407
YGL045W,YCR028C-A,0,5.617608,0.14198417961597443,0.38127413392066956,0.23956242203712463
YOR270C,YBL090W,0,5.61672,0.14193317294120789,0.38127413392066956,0.2396627813577652
YPL022W,YJR047C,0,5.616317,0.14188218116760254,0.38127413392066956,0.23976314067840576
YDR446W,YJR065C,0,5.616111,0.14183123409748077,0.38127413392066956,0.23986351490020752
YER014W,YAL056W,0,5.6144934,0.1417803317308426,0.38127413392066956,0.23996387422084808
YLR060W,YJL173C,0,5.613667,0.1417294591665268,0.38127413392066956,0.24006423354148865
YCR038C,YLR459W,0,5.613164,0.1416786164045334,0.38127413392066956,0.2401645928621292
YOR357C,YBR082C,0,5.6126595,0.14162781834602356,0.38127413392066956,0.24026495218276978
YPL095C,YGL012W,1,5.6122284,0.14193548262119293,0.38223937153816223,0.24026495218276978
YKL192C,YNL202W,1,5.611617,0.1422429233789444,0.3832046389579773,0.24026495218276978
YER060W,YGL027C,0,5.611338,0.14219197630882263,0.3832046389579773,0.24036531150341034
YMR207C,YAR035W,1,5.6108694,0.14249910414218903,0.38416987657546997,0.24036531150341034
YDR118W,YNL132W,0,5.610487,0.14244809746742249,0.38416987657546997,0.2404656708240509
YLR205C,YMR059W,0,5.6101303,0.14239713549613953,0.38416987657546997,0.24056604504585266
YKL167C,YFL044C,0,5.610106,0.14234620332717896,0.38416987657546997,0.24066640436649323
YJL170C,YPR067W,0,5.609262,0.14229531586170197,0.38416987657546997,0.2407667636871338
YPL234C,YCR008W,0,5.6091366,0.14224445819854736,0.38416987657546997,0.24086712300777435
YNR053C,YDR434W,0,5.6079874,0.14219364523887634,0.38416987657546997,0.24096748232841492
YHL016C,YHR170W,0,5.604923,0.1421428620815277,0.38416987657546997,0.24106784164905548
YLL022C,YIL050W,0,5.604115,0.14209210872650146,0.38416987657546997,0.24116820096969604
YBL020W,YJR047C,0,5.603516,0.1420414000749588,0.38416987657546997,0.2412685602903366
YNL135C,YDR376W,0,5.603094,0.14199072122573853,0.38416987657546997,0.24136893451213837
YCR096C,YDL184C,0,5.602629,0.14194008708000183,0.38416987657546997,0.24146929383277893
YJL153C,YKL026C,0,5.602044,0.14188948273658752,0.38416987657546997,0.2415696531534195
YHR134W,YML127W,0,5.601085,0.1418389230966568,0.38416987657546997,0.24167001247406006
YLR292C,YMR243C,0,5.6008253,0.14178839325904846,0.38416987657546997,0.24177037179470062
YHR178W,YPL126W,0,5.6003284,0.1417378932237625,0.38416987657546997,0.2418707311153412
YIR003W,YOL139C,0,5.599633,0.14168743789196014,0.38416987657546997,0.24197109043598175
YIL129C,YNL207W,0,5.598935,0.14163701236248016,0.38416987657546997,0.2420714646577835
YNL278W,YML005W,0,5.597786,0.14158661663532257,0.38416987657546997,0.24217182397842407
YHR076W,YMR036C,0,5.597202,0.14153628051280975,0.38416987657546997,0.24227218329906464
YDR208W,YOR067C,1,5.5971794,0.14184145629405975,0.38513514399528503,0.24227218329906464
YJR067C,YPR079W,0,5.596059,0.14179104566574097,0.38513514399528503,0.2423725426197052
YMR275C,YDL193W,0,5.59473,0.14174067974090576,0.38513514399528503,0.24247290194034576
YNR019W,YNL106C,1,5.593933,0.14204545319080353,0.3861003816127777,0.24247290194034576
YBR208C,YMR297W,0,5.5938144,0.14199502766132355,0.3861003816127777,0.24257326126098633
YBR236C,YKL039W,0,5.5926943,0.14194464683532715,0.3861003816127777,0.2426736205816269
YFR027W,YOR002W,0,5.592588,0.14189429581165314,0.3861003816127777,0.24277397990226746
YMR035W,YGL099W,0,5.5913844,0.1418439745903015,0.3861003816127777,0.2428743541240692
YJL190C,YGL035C,0,5.590877,0.14179368317127228,0.3861003816127777,0.24297471344470978
YNL251C,YKL109W,0,5.5908413,0.14174345135688782,0.3861003816127777,0.24307507276535034
YJL001W,YBR112C,0,5.5900793,0.14169323444366455,0.3861003816127777,0.2431754320859909
YMR318C,YGR057C,0,5.58897,0.14164306223392487,0.3861003816127777,0.24327579140663147
YMR164C,YER058W,0,5.588731,0.14159291982650757,0.3861003816127777,0.24337615072727203
YGL234W,YPL262W,0,5.5882277,0.14154282212257385,0.3861003816127777,0.2434765100479126
YGR170W,YOL147C,1,5.5881805,0.14184647798538208,0.3870656490325928,0.2434765100479126
YNL299W,YDR256C,0,5.587642,0.1417963206768036,0.3870656490325928,0.24357686936855316
YAL020C,YHR143W-A,0,5.5873632,0.14174619317054749,0.3870656490325928,0.24367724359035492
YKL054C,YPR156C,0,5.586813,0.14169611036777496,0.3870656490325928,0.24377760291099548
YML131W,YPL079W,0,5.586528,0.14164605736732483,0.3870656490325928,0.24387796223163605
YHL028W,YOR320C,0,5.586066,0.14159604907035828,0.3870656490325928,0.2439783215522766
YOR115C,YJL013C,0,5.5856047,0.1415460705757141,0.3870656490325928,0.24407868087291718
YGR165W,YBR043C,0,5.585182,0.14149612188339233,0.3870656490325928,0.24417904019355774
YJL026W,YLR068W,0,5.584833,0.14144620299339294,0.3870656490325928,0.2442793995141983
YJL014W,YGR295C,0,5.5828342,0.14139632880687714,0.3870656490325928,0.24437977373600006
YNL048W,YNL128W,1,5.58261,0.14169897139072418,0.38803088665008545,0.24437977373600006
YNL312W,YNR045W,0,5.581764,0.1416490525007248,0.38803088665008545,0.24448013305664062
YGL105W,YPL036W,0,5.581084,0.1415991485118866,0.38803088665008545,0.2445804923772812
YGL144C,YDR007W,0,5.5805073,0.14154928922653198,0.38803088665008545,0.24468085169792175
YIL030C,YDR247W,0,5.5803223,0.14149947464466095,0.38803088665008545,0.24478121101856232
YGR078C,YMR156C,0,5.5802703,0.1414496898651123,0.38803088665008545,0.24488157033920288
YFR010W,YMR247C,0,5.5797544,0.14139993488788605,0.38803088665008545,0.24498192965984344
YLR258W,YOL148C,0,5.5794497,0.14135020971298218,0.38803088665008545,0.245082288980484
YML046W,YHL028W,0,5.5787477,0.1413005292415619,0.38803088665008545,0.24518266320228577
YMR247C,YKL016C,0,5.577985,0.141250878572464,0.38803088665008545,0.24528302252292633
YBL027W,YPL171C,0,5.5773325,0.14120125770568848,0.38803088665008545,0.2453833818435669
YJL151C,YIL049W,0,5.5751476,0.14115168154239655,0.38803088665008545,0.24548374116420746
YDL223C,YIL030C,0,5.5740495,0.141102135181427,0.38803088665008545,0.24558410048484802
YMR198W,YNL030W,0,5.573618,0.14105263352394104,0.38803088665008545,0.2456844598054886
YER044C,YER019W,1,5.573205,0.14135390520095825,0.3889961242675781,0.2456844598054886
YKL028W,YJL094C,0,5.569852,0.14130434393882751,0.3889961242675781,0.24578481912612915
YJL221C,YPL269W,0,5.5657754,0.14125481247901917,0.3889961242675781,0.2458851933479309
YOR011W,YFL002C,0,5.5656223,0.1412053257226944,0.3889961242675781,0.24598555266857147
YKL069W,YHL002W,0,5.5655127,0.14115586876869202,0.3889961242675781,0.24608591198921204
YMR047C,YJL048C,0,5.5652227,0.14110644161701202,0.3889961242675781,0.2461862713098526
YHR158C,YDL181W,0,5.564941,0.1410570591688156,0.3889961242675781,0.24628663063049316
YJR086W,YJL059W,0,5.563952,0.1410076916217804,0.3889961242675781,0.24638698995113373
YNR024W,YBL019W,0,5.56378,0.14095838367938995,0.3889961242675781,0.2464873492717743
YDR330W,YPR124W,0,5.563245,0.1409090906381607,0.3889961242675781,0.24658770859241486
YOL013C,YLR442C,0,5.563128,0.14085984230041504,0.3889961242675781,0.2466880828142166
YER061C,YGL142C,1,5.561968,0.1411600261926651,0.3899613916873932,0.2466880828142166
YFL004W,YML062C,0,5.5618505,0.14111071825027466,0.3899613916873932,0.24678844213485718
YNL111C,YLR100W,1,5.5614557,0.14141061902046204,0.39092662930488586,0.24678844213485718
YBR293W,YDR441C,0,5.56112,0.14136125147342682,0.39092662930488586,0.24688880145549774
YML015C,YMR175W,0,5.56042,0.14131192862987518,0.39092662930488586,0.2469891607761383
YGL192W,YOR125C,0,5.560107,0.14126265048980713,0.39092662930488586,0.24708952009677887
YDR158W,YGL131C,0,5.5592146,0.14121338725090027,0.39092662930488586,0.24718987941741943
YBR161W,YPL209C,0,5.558844,0.141164168715477,0.39092662930488586,0.24729023873806
YBR042C,YGR037C,1,5.557585,0.14146341383457184,0.3918918967247009,0.24729023873806
YBR244W,YDR434W,0,5.5564623,0.14141413569450378,0.3918918967247009,0.24739061295986176
YBR082C,YLL001W,0,5.5561624,0.1413649022579193,0.3918918967247009,0.24749097228050232
YBR022W,YGL205W,0,5.554096,0.14131569862365723,0.3918918967247009,0.24759133160114288
YPR025C,YPL269W,0,5.553466,0.14126652479171753,0.3918918967247009,0.24769169092178345
YDL164C,YDR251W,0,5.552849,0.1412173956632614,0.3918918967247009,0.247792050242424
YKL087C,YDR345C,0,5.5528436,0.14116829633712769,0.3918918967247009,0.24789240956306458
YCR020C,YDL033C,0,5.552369,0.14111922681331635,0.3918918967247009,0.24799276888370514
YHL003C,YPL268W,1,5.552338,0.14141765236854553,0.3928571343421936,0.24799276888370514
YDR268W,YHL025W,0,5.5517864,0.1413685381412506,0.3928571343421936,0.2480931282043457
YKR098C,YNL038W,0,5.5514736,0.14131943881511688,0.3928571343421936,0.24819350242614746
YAL044C,YJR093C,0,5.5509057,0.14127039909362793,0.3928571343421936,0.24829386174678802
YDL123W,YEL064C,0,5.5502195,0.14122137427330017,0.3928571343421936,0.2483942210674286
YKL152C,YNL280C,0,5.55004,0.141172394156456,0.3928571343421936,0.24849458038806915
YOL137W,YLR418C,0,5.5497875,0.1411234438419342,0.3928571343421936,0.24859493970870972
YDL243C,YAL034W-A,0,5.549669,0.1410745233297348,0.3928571343421936,0.24869529902935028
YPR007C,YPL173W,0,5.548959,0.14102564752101898,0.3928571343421936,0.24879565834999084
YML048W,YMR072W,0,5.5485272,0.14097678661346436,0.3928571343421936,0.2488960325717926
YOR371C,YGL115W,0,5.5485134,0.1409279704093933,0.3928571343421936,0.24899639189243317
YPL206C,YJR110W,1,5.545909,0.14122533798217773,0.39382240176200867,0.24899639189243317
YLR328W,YDL082W,0,5.5455565,0.1411764770746231,0.39382240176200867,0.24909675121307373
YER048C,YPL214C,0,5.545135,0.14112763106822968,0.39382240176200867,0.2491971105337143
YLR188W,YNR032W,0,5.5449996,0.14107884466648102,0.39382240176200867,0.24929746985435486
YDL015C,YLR228C,1,5.543212,0.14137573540210724,0.39478763937950134,0.24929746985435486
YOL147C,YCL038C,0,5.5425406,0.1413268893957138,0.39478763937950134,0.24939782917499542
YKL150W,YGL205W,1,5.5417576,0.14162348210811615,0.3957529067993164,0.24939782917499542
YIL038C,YOL009C,0,5.5416727,0.14157459139823914,0.3957529067993164,0.249498188495636
YEL034W,YIR022W,0,5.5386534,0.14152571558952332,0.3957529067993164,0.24959854781627655
YBR213W,YPL048W,0,5.5373135,0.14147688448429108,0.3957529067993164,0.2496989220380783
YNL169C,YGR191W,0,5.5368547,0.14142808318138123,0.3957529067993164,0.24979928135871887
YLR133W,YJL100W,1,5.536787,0.1417241394519806,0.3967181444168091,0.24979928135871887
YJL003W,YDR482C,0,5.5367403,0.14167527854442596,0.3967181444168091,0.24989964067935944
YHL025W,YBR181C,0,5.5357943,0.14162646234035492,0.3967181444168091,0.25
YFL026W,YAL019W,0,5.5345826,0.14157767593860626,0.3967181444168091,0.25010037422180176
YDL168W,YGL224C,0,5.5344543,0.14152891933918,0.3967181444168091,0.25020071864128113
YJR132W,YMR067C,0,5.534164,0.1414802074432373,0.3967181444168091,0.2503010928630829
YCR088W,YBR021W,0,5.533419,0.141431525349617,0.3967181444168091,0.25040143728256226
YBR054W,YPR029C,0,5.533375,0.1413828730583191,0.3967181444168091,0.250501811504364
YEL002C,YNL225C,0,5.5333295,0.14133425056934357,0.3967181444168091,0.2506021559238434
YOL144W,YOL049W,0,5.532935,0.14128565788269043,0.3967181444168091,0.25070253014564514
YAL032C,YPL233W,0,5.5326242,0.14123710989952087,0.3967181444168091,0.2508029043674469
YKR089C,YPL087W,1,5.531618,0.14153212308883667,0.39768341183662415,0.2508029043674469
YNL183C,YOR321W,0,5.5313396,0.14148351550102234,0.39768341183662415,0.25090324878692627
YPR025C,YMR088C,0,5.5309973,0.1414349526166916,0.39768341183662415,0.251003623008728
YDL230W,YCR048W,0,5.530991,0.14138640463352203,0.39768341183662415,0.2511039674282074
YPL075W,YKR099W,0,5.530709,0.14133790135383606,0.39768341183662415,0.25120434165000916
YGL084C,YOR100C,1,5.5283995,0.14163237810134888,0.3986486494541168,0.25120434165000916
YKL129C,YAL042W,0,5.52821,0.14158381521701813,0.3986486494541168,0.2513046860694885
YMR311C,YDL231C,0,5.527683,0.14153529703617096,0.3986486494541168,0.2514050602912903
YGL001C,YGL065C,1,5.5268383,0.14182938635349274,0.3996138870716095,0.2514050602912903
YER111C,YLR367W,0,5.5267506,0.141780823469162,0.3996138870716095,0.25150540471076965
YGR163W,YKL014C,0,5.526409,0.14173229038715363,0.3996138870716095,0.2516057789325714
YDR308C,YOL089C,0,5.526203,0.14168377220630646,0.3996138870716095,0.25170615315437317
YPR005C,YBR121C,0,5.5260715,0.14163531363010406,0.3996138870716095,0.25180649757385254
YEL006W,YHR147C,0,5.525347,0.14158686995506287,0.3996138870716095,0.2519068717956543
YLR337C,YFR038W,0,5.524576,0.14153845608234406,0.3996138870716095,0.25200721621513367
YCR089W,YAR071W,0,5.5241766,0.14149008691310883,0.3996138870716095,0.2521075904369354
YAL055W,YNR049C,0,5.523407,0.14144174754619598,0.3996138870716095,0.2522079348564148
YFR047C,YJL025W,0,5.5231986,0.14139343798160553,0.3996138870716095,0.25230830907821655
YDR253C,YDR156W,0,5.522975,0.14134517312049866,0.3996138870716095,0.2524086833000183
YHR160C,YGL145W,0,5.5225267,0.14129692316055298,0.3996138870716095,0.2525090277194977
YBR082C,YLR068W,0,5.521885,0.14124871790409088,0.3996138870716095,0.25260940194129944
YCL052C,YOR002W,1,5.5216885,0.14154161512851715,0.40057915449142456,0.25260940194129944
YGR183C,YNL154C,0,5.5212297,0.14149335026741028,0.40057915449142456,0.2527097463607788
YPL246C,YJL072C,0,5.5203705,0.141445130109787,0.40057915449142456,0.25281012058258057
YBR119W,YDL229W,0,5.5203037,0.14139693975448608,0.40057915449142456,0.25291046500205994
YGL005C,YGL153W,0,5.519305,0.14134877920150757,0.40057915449142456,0.2530108392238617
YDR466W,YDL150W,0,5.5184784,0.14130064845085144,0.40057915449142456,0.25311121344566345
YLR055C,YDR287W,0,5.51801,0.1412525475025177,0.40057915449142456,0.2532115578651428
YHR203C,YMR015C,0,5.5176845,0.14120449125766754,0.40057915449142456,0.2533119320869446
YBR133C,YJL014W,0,5.517331,0.14115646481513977,0.40057915449142456,0.25341227650642395
YIL101C,YHR118C,0,5.5169463,0.1411084681749344,0.40057915449142456,0.2535126507282257
YNL289W,YGR159C,0,5.516513,0.1410605013370514,0.40057915449142456,0.2536129951477051
YML019W,YKR095W,0,5.516412,0.14101257920265198,0.40057915449142456,0.25371336936950684
YDL232W,YGL126W,0,5.5156927,0.14096467196941376,0.40057915449142456,0.2538137435913086
YER048C,YNR075W,0,5.515441,0.14091680943965912,0.40057915449142456,0.25391408801078796
YBL006C,YGL063W,0,5.5145082,0.14086897671222687,0.40057915449142456,0.2540144622325897
YDR311W,YEL011W,0,5.5145054,0.140821173787117,0.40057915449142456,0.2541148066520691
YLR096W,YCL033C,0,5.514083,0.14077340066432953,0.40057915449142456,0.25421518087387085
YLR342W,YLL023C,0,5.5138206,0.14072567224502563,0.40057915449142456,0.2543155252933502
YCL026C-A,YGL084C,1,5.5134354,0.14101694524288177,0.40154439210891724,0.2543155252933502
YDR243C,YLR388W,0,5.513124,0.1409691572189331,0.40154439210891724,0.254415899515152
YLR410W,YDL214C,0,5.512165,0.14092141389846802,0.40154439210891724,0.25451624393463135
YPR140W,YBR084C-A,0,5.5118246,0.14087368547916412,0.40154439210891724,0.2546166181564331
YMR022W,YJL189W,0,5.510846,0.1408260017633438,0.40154439210891724,0.25471699237823486
YBR289W,YDL020C,0,5.5107956,0.1407783478498459,0.40154439210891724,0.25481733679771423
YPL268W,YKL087C,0,5.510789,0.14073072373867035,0.40154439210891724,0.254917711019516
YOR315W,YER026C,0,5.509774,0.1406831294298172,0.40154439210891724,0.25501805543899536
YDR315C,YDR150W,0,5.5085154,0.14063556492328644,0.40154439210891724,0.2551184296607971
YLR099C,YNL267W,1,5.5084352,0.14092598855495453,0.4025096595287323,0.2551184296607971
YOR255W,YPL145C,0,5.5072937,0.14087837934494019,0.4025096595287323,0.2552187740802765
YLR017W,YIL011W,0,5.5061903,0.14083079993724823,0.4025096595287323,0.25531914830207825
YNL167C,YLR277C,0,5.505683,0.14078325033187866,0.4025096595287323,0.25541952252388
YDL075W,YMR223W,0,5.505041,0.14073574542999268,0.4025096595287323,0.2555198669433594
YKL014C,YLR421C,0,5.504797,0.14068825542926788,0.4025096595287323,0.25562024116516113
YDR019C,YCL051W,0,5.50358,0.14064081013202667,0.4025096595287323,0.2557205855846405
YKR072C,YOR265W,0,5.5026674,0.14059339463710785,0.4025096595287323,0.25582095980644226
YBR162C,YIL056W,0,5.501255,0.1405460089445114,0.4025096595287323,0.25592130422592163
YNL327W,YBR069C,0,5.501037,0.14049865305423737,0.4025096595287323,0.2560216784477234
YBR156C,YOL122C,0,5.5003405,0.1404513269662857,0.4025096595287323,0.25612205266952515
YNL077W,YER170W,0,5.5001097,0.14040404558181763,0.4025096595287323,0.2562223970890045
YCR077C,YHR128W,0,5.500101,0.14035677909851074,0.4025096595287323,0.2563227713108063
YNL116W,YBL007C,0,5.4996395,0.14030955731868744,0.4025096595287323,0.25642311573028564
YDR043C,YLL042C,0,5.4994698,0.14026236534118652,0.4025096595287323,0.2565234899520874
YDR096W,YOR002W,1,5.4988766,0.14055144786834717,0.403474897146225,0.2565234899520874
YJL156C,YLR193C,0,5.498274,0.14050419628620148,0.403474897146225,0.2566238343715668
YGL084C,YDR213W,1,5.498,0.14079301059246063,0.40444016456604004,0.2566238343715668
YMR022W,YDL136W,0,5.4968643,0.14074571430683136,0.40444016456604004,0.25672420859336853
YOR174W,YER177W,0,5.49655,0.14069846272468567,0.40444016456604004,0.2568245828151703
YLR427W,YKL146W,0,5.496455,0.14065122604370117,0.40444016456604004,0.25692492723464966
YKL179C,YPL040C,0,5.4960365,0.14060403406620026,0.40444016456604004,0.2570253014564514
YNL265C,YMR149W,0,5.4958405,0.14055685698986053,0.40444016456604004,0.2571256458759308
YPL262W,YER179W,0,5.494236,0.1405097246170044,0.40444016456604004,0.25722602009773254
YGR099W,YDR177W,0,5.4937763,0.14046262204647064,0.40444016456604004,0.2573263645172119
YMR083W,YMR197C,0,5.492367,0.14041554927825928,0.40444016456604004,0.25742673873901367
YDL136W,YGL134W,0,5.4919577,0.1403685063123703,0.40444016456604004,0.25752708315849304
YBR146W,YGL093W,0,5.4918947,0.1403214931488037,0.40444016456604004,0.2576274573802948
YDR122W,YIR023W,0,5.4916973,0.1402745246887207,0.40444016456604004,0.25772783160209656
YLR256W,YCR086W,0,5.4909964,0.1402275711297989,0.40444016456604004,0.2578281760215759
YLR085C,YBL037W,0,5.490905,0.14018066227436066,0.40444016456604004,0.2579285502433777
YER018C,YER033C,0,5.4901524,0.1401337832212448,0.40444016456604004,0.25802889466285706
YBR210W,YLR418C,0,5.4893527,0.14008693397045135,0.40444016456604004,0.2581292688846588
YLR017W,YPR122W,0,5.489172,0.1400400996208191,0.40444016456604004,0.2582296133041382
YBR114W,YIR034C,0,5.488063,0.1399933248758316,0.40444016456604004,0.25832998752593994
YGL245W,YDR438W,0,5.4867992,0.1399465650320053,0.40444016456604004,0.2584303617477417
YNL288W,YDR085C,0,5.4866962,0.1398998349905014,0.40444016456604004,0.25853070616722107
YPL085W,YMR232W,0,5.4861555,0.13985313475131989,0.40444016456604004,0.2586310803890228
YGR129W,YDR503C,0,5.482534,0.13980647921562195,0.40444016456604004,0.2587314248085022
YGR215W,YOL032W,0,5.482128,0.1397598385810852,0.40444016456604004,0.25883179903030396
YLR242C,YLR056W,1,5.4811087,0.14004668593406677,0.4054054021835327,0.25883179903030396
YIL043C,YER011W,0,5.48088,0.14000000059604645,0.4054054021835327,0.2589321434497833
YGR234W,YKL134C,0,5.480265,0.1399533450603485,0.4054054021835327,0.2590325176715851
YIL023C,YCL035C,0,5.4801702,0.13990673422813416,0.4054054021835327,0.25913289189338684
YLR233C,YHR190W,0,5.4780636,0.139860138297081,0.4054054021835327,0.2592332363128662
YBR267W,YDR375C,0,5.477954,0.1398135870695114,0.4054054021835327,0.25933361053466797
YKL140W,YML008C,1,5.4774556,0.14009983837604523,0.4063706696033478,0.25933361053466797
YMR044W,YPL170W,0,5.476841,0.14005322754383087,0.4063706696033478,0.25943395495414734
YOR109W,YDL046W,0,5.476413,0.1400066465139389,0.4063706696033478,0.2595343291759491
YHL025W,YJL100W,0,5.4753714,0.13996011018753052,0.4063706696033478,0.25963467359542847
YLR019W,YKL211C,0,5.475237,0.13991358876228333,0.4063706696033478,0.2597350478172302
YHR086W,YML043C,0,5.474766,0.13986711204051971,0.4063706696033478,0.259835422039032
YLR185W,YNL328C,0,5.4738817,0.1398206502199173,0.4063706696033478,0.25993576645851135
YOR383C,YKL048C,0,5.473375,0.13977423310279846,0.4063706696033478,0.2600361406803131
YOR109W,YBL039C,1,5.4728837,0.14005973935127258,0.40733590722084045,0.2600361406803131
YDR092W,YHL002W,0,5.472332,0.14001327753067017,0.40733590722084045,0.2601364850997925
YCR038C,YNL031C,0,5.4720535,0.13996683061122894,0.40733590722084045,0.26023685932159424
YMR292W,YAL044C,0,5.4711018,0.1399204283952713,0.40733590722084045,0.2603372037410736
YOR120W,YMR024W,0,5.47068,0.13987404108047485,0.40733590722084045,0.26043757796287537
YGR124W,YML123C,0,5.468937,0.139827698469162,0.40733590722084045,0.26053792238235474
YOL044W,YMR312W,0,5.4683647,0.1397813856601715,0.40733590722084045,0.2606382966041565
YOR312C,YGR038W,0,5.4683037,0.13973510265350342,0.40733590722084045,0.26073867082595825
YHR039C,YNL142W,0,5.467537,0.13968884944915771,0.40733590722084045,0.2608390152454376
YKL089W,YBR189W,0,5.4674635,0.1396426260471344,0.40733590722084045,0.2609393894672394
YNL116W,YPL224C,0,5.4674463,0.13959643244743347,0.40733590722084045,0.26103973388671875
YDR334W,YER173W,0,5.467394,0.13955026865005493,0.40733590722084045,0.2611401081085205
YDR322W,YDR150W,0,5.467016,0.13950413465499878,0.40733590722084045,0.2612404525279999
YMR011W,YGL251C,0,5.4662895,0.13945803046226501,0.40733590722084045,0.26134082674980164
YDR294C,YJL153C,1,5.4660206,0.13974231481552124,0.40830114483833313,0.26134082674980164
YOL011W,YPL117C,1,5.4650984,0.14002642035484314,0.4092664122581482,0.26134082674980164
YDR036C,YHR034C,0,5.4640713,0.13998019695281982,0.4092664122581482,0.2614412009716034
YOL044W,YOR087W,0,5.462983,0.1399339884519577,0.4092664122581482,0.26154154539108276
YNR059W,YPR048W,0,5.4628253,0.13988782465457916,0.4092664122581482,0.2616419196128845
YBR004C,YBR035C,1,5.462493,0.14017149806022644,0.41023164987564087,0.2616419196128845
YKL164C,YLR148W,0,5.4620967,0.14012528955936432,0.41023164987564087,0.2617422640323639
YPR068C,YLR336C,0,5.461284,0.14007911086082458,0.41023164987564087,0.26184263825416565
YDR422C,YPL028W,0,5.4605775,0.14003294706344604,0.41023164987564087,0.261942982673645
YOL016C,YMR205C,0,5.460043,0.1399868279695511,0.41023164987564087,0.2620433568954468
YOR180C,YNL280C,1,5.4598227,0.14027000963687897,0.41119691729545593,0.2620433568954468
YDL213C,YKL100C,0,5.4590654,0.14022383093833923,0.41119691729545593,0.26214373111724854
YGR008C,YFR044C,0,5.4583015,0.14017769694328308,0.41119691729545593,0.2622440755367279
YOL044W,YOL033W,0,5.4578657,0.14013157784938812,0.41119691729545593,0.26234444975852966
YFR010W,YER141W,0,5.457675,0.14008550345897675,0.41119691729545593,0.26244479417800903
YOR197W,YKL046C,0,5.4571867,0.14003944396972656,0.41119691729545593,0.2625451683998108
YOL149W,YIL056W,0,5.4568233,0.13999342918395996,0.41119691729545593,0.26264551281929016
YNL264C,YBR183W,1,5.455881,0.1402759552001953,0.4121621549129486,0.26264551281929016
YPL001W,YOR058C,0,5.4555492,0.14022988080978394,0.4121621549129486,0.2627458870410919
YJL026W,YOR210W,0,5.454914,0.14018385112285614,0.4121621549129486,0.2628462612628937
YPL095C,YNR041C,1,5.454006,0.14046603441238403,0.41312742233276367,0.2628462612628937
YER153C,YLL013C,0,5.453773,0.14041994512081146,0.41312742233276367,0.26294660568237305
YAL053W,YCR008W,0,5.4531116,0.14037388563156128,0.41312742233276367,0.2630469799041748
YMR208W,YOR096W,0,5.4505363,0.14032787084579468,0.41312742233276367,0.2631473243236542
YJL042W,YMR052W,0,5.4485874,0.14028187096118927,0.41312742233276367,0.26324769854545593
YBR130C,YNL326C,0,5.448226,0.14023591578006744,0.41312742233276367,0.2633480429649353
YOR288C,YPL116W,0,5.4480553,0.1401899755001068,0.41312742233276367,0.26344841718673706
YPR086W,YDL019C,0,5.4479628,0.14014407992362976,0.41312742233276367,0.26354876160621643
YDR231C,YJR152W,0,5.44755,0.1400981992483139,0.41312742233276367,0.2636491358280182
YPL061W,YJL101C,0,5.4466867,0.14005236327648163,0.41312742233276367,0.26374951004981995
YMR289W,YPL028W,0,5.4463873,0.14000654220581055,0.41312742233276367,0.2638498544692993
YPL026C,YDR538W,0,5.4458733,0.13996076583862305,0.41312742233276367,0.2639502286911011
YBL009W,YBR083W,0,5.4443855,0.13991500437259674,0.41312742233276367,0.26405057311058044
YPR086W,YPL172C,0,5.44428,0.13986928761005402,0.41312742233276367,0.2641509473323822
YMR002W,YLR342W,0,5.4432592,0.13982358574867249,0.41312742233276367,0.2642512917518616
YJR125C,YGR284C,0,5.4431467,0.13977792859077454,0.41312742233276367,0.26435166597366333
YDR358W,YPR101W,0,5.439784,0.13973228633403778,0.41312742233276367,0.2644520401954651
YOR175C,YHL036W,0,5.4396887,0.1396866887807846,0.41312742233276367,0.26455238461494446
YDR298C,YPL231W,0,5.4382315,0.13964110612869263,0.41312742233276367,0.2646527588367462
YPL262W,YDR099W,0,5.4371557,0.13959556818008423,0.41312742233276367,0.2647531032562256
YIL007C,YLR377C,0,5.436774,0.13955004513263702,0.41312742233276367,0.26485347747802734
YKR065C,YGR253C,0,5.436632,0.1395045667886734,0.41312742233276367,0.2649538218975067
YJL091C,YBL055C,0,5.434628,0.13945910334587097,0.41312742233276367,0.26505419611930847
YGL198W,YER065C,0,5.4339147,0.13941368460655212,0.41312742233276367,0.26515457034111023
YFL029C,YMR058W,0,5.4321146,0.13936828076839447,0.41312742233276367,0.2652549147605896
YHR043C,YGL133W,0,5.430747,0.1393229216337204,0.41312742233276367,0.26535528898239136
YDR298C,YLR275W,0,5.4304,0.13927757740020752,0.41312742233276367,0.2654556334018707
YGR044C,YPL072W,0,5.4303813,0.13923227787017822,0.41312742233276367,0.2655560076236725
YER120W,YDL141W,0,5.4301567,0.13918699324131012,0.41312742233276367,0.26565635204315186
YOR244W,YLR133W,0,5.429852,0.1391417384147644,0.41312742233276367,0.2657567262649536
YAL061W,YPL092W,0,5.428749,0.13909652829170227,0.41312742233276367,0.265857070684433
YBR240C,YHR183W,0,5.4287486,0.13905133306980133,0.41312742233276367,0.26595744490623474
YDR297W,YAL013W,1,5.427371,0.13933095335960388,0.41409265995025635,0.26595744490623474
YOR190W,YNL154C,0,5.4270477,0.13928571343421936,0.41409265995025635,0.2660578191280365
YPL089C,YBR154C,0,5.426195,0.13924050331115723,0.41409265995025635,0.26615816354751587
YOR045W,YER083C,0,5.4257255,0.13919532299041748,0.41409265995025635,0.2662585377693176
YLR127C,YGL022W,0,5.424801,0.13915017247200012,0.41409265995025635,0.266358882188797
YCR065W,YGR202C,0,5.424477,0.13910505175590515,0.41409265995025635,0.26645925641059875
YBL090W,YOR058C,0,5.423108,0.13905996084213257,0.41409265995025635,0.2665596008300781
YKL017C,YER118C,0,5.422904,0.13901489973068237,0.41409265995025635,0.2666599750518799
YMR002W,YDR105C,0,5.421649,0.13896986842155457,0.41409265995025635,0.26676034927368164
YDL099W,YGR024C,0,5.421589,0.13892486691474915,0.41409265995025635,0.266860693693161
YML012W,YHL009C,0,5.4215393,0.1388798952102661,0.41409265995025635,0.26696106791496277
YPL097W,YLR441C,0,5.4207363,0.13883495330810547,0.41409265995025635,0.26706141233444214
YHR076W,YBL007C,0,5.420392,0.1387900412082672,0.41409265995025635,0.2671617865562439
YML092C,YMR026C,0,5.418661,0.13874514400959015,0.41409265995025635,0.26726213097572327
YOR174W,YPL171C,0,5.4181366,0.13870029151439667,0.41409265995025635,0.267362505197525
YMR072W,YBR086C,0,5.4171066,0.13865546882152557,0.41409265995025635,0.2674628794193268
YLR380W,YPL069C,1,5.416399,0.13893376290798187,0.4150579273700714,0.2674628794193268
YFL004W,YLL001W,0,5.415394,0.1388888955116272,0.4150579273700714,0.26756322383880615
YMR230W,YER155C,0,5.4152794,0.13884404301643372,0.4150579273700714,0.2676635980606079
YLR058C,YOL123W,0,5.414053,0.13879922032356262,0.4150579273700714,0.2677639424800873
YHR091C,YOR210W,0,5.414048,0.1387544423341751,0.4150579273700714,0.26786431670188904
YHL006C,YOR354C,0,5.4139833,0.1387096792459488,0.4150579273700714,0.2679646611213684
YOR339C,YBR024W,0,5.41312,0.13866494596004486,0.4150579273700714,0.26806503534317017
YEL058W,YIL009W,0,5.4124546,0.13862024247646332,0.4150579273700714,0.2681654095649719
YHL020C,YMR015C,1,5.411022,0.1388978362083435,0.4160231649875641,0.2681654095649719
YBR127C,YDL014W,0,5.410762,0.13885308802127838,0.4160231649875641,0.2682657539844513
YAL042W,YKL012W,0,5.4100885,0.13880836963653564,0.4160231649875641,0.26836612820625305
YDR267C,YMR030W,0,5.4099627,0.1387636810541153,0.4160231649875641,0.2684664726257324
YMR023C,YOR061W,0,5.4097548,0.13871902227401733,0.4160231649875641,0.2685668468475342
YBL101C,YEL065W,0,5.409052,0.13867439329624176,0.4160231649875641,0.26866719126701355
YJR139C,YCR008W,0,5.408323,0.13862977921962738,0.4160231649875641,0.2687675654888153
YOR156C,YCL030C,0,5.4053574,0.13858520984649658,0.4160231649875641,0.2688679099082947
YPL270W,YDR318W,0,5.4052224,0.13854065537452698,0.4160231649875641,0.26896828413009644
YKR003W,YDR538W,0,5.403948,0.13849614560604095,0.4160231649875641,0.2690686583518982
YOR241W,YML101C,0,5.403428,0.13845165073871613,0.4160231649875641,0.26916900277137756
YER122C,YAL051W,0,5.402323,0.13840720057487488,0.4160231649875641,0.2692693769931793
YDL104C,YJR058C,0,5.4014854,0.13836276531219482,0.4160231649875641,0.2693697214126587
YIL121W,YOR391C,0,5.4014826,0.13831835985183716,0.4160231649875641,0.26947009563446045
YKL029C,YKR013W,0,5.400895,0.13827398419380188,0.4160231649875641,0.2695704400539398
YKL112W,YHL031C,0,5.40066,0.138229638338089,0.4160231649875641,0.2696708142757416
YLL012W,YOR298W,1,5.4002113,0.1385059356689453,0.41698840260505676,0.2696708142757416
YPL207W,YNL257C,0,5.3992777,0.13846154510974884,0.41698840260505676,0.26977118849754333
YGR009C,YBR086C,0,5.3984585,0.13841716945171356,0.41698840260505676,0.2698715329170227
YHR110W,YMR236W,0,5.3983946,0.13837283849716187,0.41698840260505676,0.26997190713882446
YGL044C,YNL191W,0,5.3983088,0.13832853734493256,0.41698840260505676,0.27007225155830383
YIL121W,YIL125W,0,5.397609,0.13828425109386444,0.41698840260505676,0.2701726257801056
YJL008C,YLR298C,0,5.397171,0.1382399946451187,0.41698840260505676,0.27027297019958496
YKL051W,YNL038W,1,5.3971143,0.1385156810283661,0.4179536700248718,0.27027297019958496
YDR235W,YIL123W,0,5.397027,0.13847137987613678,0.4179536700248718,0.2703733444213867
YKL035W,YPL092W,0,5.39625,0.13842710852622986,0.4179536700248718,0.2704737186431885
YPR037C,YBR293W,0,5.3958006,0.13838286697864532,0.4179536700248718,0.27057406306266785
YHR042W,YDR208W,1,5.3949456,0.13865815103054047,0.4189189076423645,0.27057406306266785
YFR005C,YPL092W,0,5.3949313,0.13861386477947235,0.4189189076423645,0.2706744372844696
YGL201C,YPL100W,0,5.394661,0.13856960833072662,0.4189189076423645,0.270774781703949
YKR058W,YBL093C,0,5.3926716,0.13852538168430328,0.4189189076423645,0.27087515592575073
YDR265W,YJL168C,0,5.392173,0.13848116993904114,0.4189189076423645,0.2709755003452301
YPR037C,YML066C,0,5.3912954,0.13843700289726257,0.4189189076423645,0.27107587456703186
YGL129C,YDL051W,0,5.3909855,0.1383928507566452,0.4189189076423645,0.2711762487888336
YAR071W,YLR078C,0,5.390058,0.1383487433195114,0.4189189076423645,0.271276593208313
YGL198W,YJR089W,0,5.3900084,0.13830465078353882,0.4189189076423645,0.27137696743011475
YMR292W,YIL173W,0,5.3893337,0.1382605880498886,0.4189189076423645,0.2714773118495941
YJL020C,YNL225C,0,5.388465,0.1382165551185608,0.4189189076423645,0.2715776860713959
YPL031C,YLR417W,0,5.3880253,0.13817255198955536,0.4189189076423645,0.27167803049087524
YKR042W,YPL017C,0,5.3879166,0.13812857866287231,0.4189189076423645,0.271778404712677
YOR344C,YPL203W,0,5.387562,0.13808463513851166,0.4189189076423645,0.27187874913215637
YOL016C,YML065W,0,5.38649,0.1380407065153122,0.4189189076423645,0.27197912335395813
YML048W,YHR105W,0,5.3818874,0.1379968225955963,0.4189189076423645,0.2720794975757599
YLR027C,YLR448W,0,5.381054,0.13795295357704163,0.4189189076423645,0.27217984199523926
YDR055W,YLR007W,0,5.3801966,0.13790911436080933,0.4189189076423645,0.272280216217041
YJL127C,YBL090W,0,5.3796253,0.13786530494689941,0.4189189076423645,0.2723805606365204
YIL053W,YDL240W,0,5.378622,0.1378215253353119,0.4189189076423645,0.27248093485832214
YKR099W,YBR204C,0,5.378216,0.13777777552604675,0.4189189076423645,0.2725812792778015
YCR004C,YPL269W,0,5.378168,0.137734055519104,0.4189189076423645,0.27268165349960327
YGL187C,YOL008W,0,5.377081,0.13769035041332245,0.4189189076423645,0.27278202772140503
YLL001W,YOR028C,0,5.3767567,0.13764669001102448,0.4189189076423645,0.2728823721408844
YPL202C,YGL133W,0,5.3766365,0.1376030445098877,0.4189189076423645,0.27298274636268616
YDL243C,YML081C-A,0,5.3761873,0.1375594288110733,0.4189189076423645,0.2730830907821655
YDL204W,YMR009W,0,5.3757286,0.1375158429145813,0.4189189076423645,0.2731834650039673
YPL242C,YKL141W,0,5.37481,0.13747228682041168,0.4189189076423645,0.27328380942344666
YIL015W,YMR271C,0,5.374672,0.13742874562740326,0.4189189076423645,0.2733841836452484
YDL010W,YIL109C,0,5.37459,0.13738524913787842,0.4189189076423645,0.27348455786705017
YOL059W,YPR058W,0,5.3724413,0.13734176754951477,0.4189189076423645,0.27358490228652954
YGL126W,YDR463W,0,5.372237,0.1372983306646347,0.4189189076423645,0.2736852765083313
YDR322C-A,YDR016C,0,5.370417,0.13725490868091583,0.4189189076423645,0.27378562092781067
YGL017W,YDR155C,0,5.3702493,0.13721150159835815,0.4189189076423645,0.2738859951496124
YHL035C,YMR063W,0,5.369749,0.13716813921928406,0.4189189076423645,0.2739863395690918
YPR107C,YKL099C,0,5.369421,0.13712480664253235,0.4189189076423645,0.27408671379089355
YIL026C,YBR029C,0,5.368765,0.13708148896694183,0.4189189076423645,0.2741870880126953
YPR168W,YGR206W,0,5.367495,0.1370382010936737,0.4189189076423645,0.2742874324321747
YGL064C,YIL117C,0,5.3668795,0.13699494302272797,0.4189189076423645,0.27438780665397644
YMR323W,YPR020W,0,5.3662176,0.13695171475410461,0.4189189076423645,0.2744881510734558
YIL097W,YDR318W,0,5.365739,0.13690851628780365,0.4189189076423645,0.27458852529525757
YOL077W-A,YCR054C,0,5.365258,0.13686534762382507,0.4189189076423645,0.27468886971473694
YJL170C,YOL109W,0,5.3650317,0.1368221938610077,0.4189189076423645,0.2747892439365387
YMR154C,YOL137W,0,5.364401,0.1367790699005127,0.4189189076423645,0.27488958835601807
YKL212W,YKL012W,0,5.364279,0.1367359757423401,0.4189189076423645,0.2749899625778198
YDR191W,YOL108C,1,5.3630915,0.13700787723064423,0.41988417506217957,0.2749899625778198
YOR295W,YJR035W,0,5.362941,0.13696473836898804,0.41988417506217957,0.2750903367996216
YPL019C,YEL038W,0,5.3629045,0.13692162930965424,0.41988417506217957,0.27519068121910095
YNL280C,YLR364W,0,5.362669,0.13687853515148163,0.41988417506217957,0.2752910554409027
YBR283C,YGL002W,0,5.3625326,0.1368354856967926,0.41988417506217957,0.2753913998603821
YIR019C,YNL067W,0,5.3597403,0.13679245114326477,0.41988417506217957,0.27549177408218384
YCR068W,YOL105C,0,5.3592014,0.13674944639205933,0.41988417506217957,0.2755921185016632
YOL042W,YER025W,0,5.3588076,0.13670647144317627,0.41988417506217957,0.27569249272346497
YDL052C,YDR437W,1,5.357669,0.1369776874780655,0.42084941267967224,0.27569249272346497
YHR110W,YER018C,0,5.3572044,0.13693466782569885,0.42084941267967224,0.2757928669452667
YLR058C,YIL050W,0,5.3571134,0.1368916779756546,0.42084941267967224,0.2758932113647461
YMR023C,YIL052C,0,5.357027,0.13684871792793274,0.42084941267967224,0.27599358558654785
YNL113W,YDL220C,0,5.3557816,0.13680577278137207,0.42084941267967224,0.2760939300060272
YMR110C,YDL181W,0,5.35509,0.1367628574371338,0.42084941267967224,0.276194304227829
YDR482C,YJR131W,0,5.353406,0.1367199718952179,0.42084941267967224,0.27629464864730835
YKL020C,YLR100W,1,5.3529854,0.13699059188365936,0.4218146800994873,0.27629464864730835
YCR081W,YPL138C,0,5.352958,0.1369476616382599,0.4218146800994873,0.2763950228691101
YML042W,YKR009C,1,5.352602,0.13721804320812225,0.42277991771698,0.2763950228691101
YDL098C,YNL145W,0,5.352556,0.1371750682592392,0.42277991771698,0.27649539709091187
YKL167C,YGR278W,0,5.349743,0.13713212311267853,0.42277991771698,0.27659574151039124
YMR277W,YNL137C,0,5.349229,0.13708920776844025,0.42277991771698,0.276696115732193
YPR046W,YGL048C,0,5.3476896,0.13704630732536316,0.42277991771698,0.27679646015167236
YGR254W,YOR058C,0,5.346428,0.13700343668460846,0.42277991771698,0.2768968343734741
YMR116C,YDL058W,0,5.346362,0.13696059584617615,0.42277991771698,0.2769971787929535
YOR258W,YLR435W,0,5.345602,0.13691778481006622,0.42277991771698,0.27709755301475525
YIL087C,YDR098C,0,5.3451366,0.1368750035762787,0.42277991771698,0.277197927236557
YNL220W,YNL037C,0,5.3450265,0.13683223724365234,0.42277991771698,0.2772982716560364
YHR101C,YLR022C,0,5.3447,0.1367895007133484,0.42277991771698,0.27739864587783813
YDR130C,YDL137W,0,5.344114,0.13674679398536682,0.42277991771698,0.2774989902973175
YJL174W,YGR048W,0,5.3440976,0.13670411705970764,0.42277991771698,0.27759936451911926
YDL046W,YDR200C,0,5.3438835,0.13666146993637085,0.42277991771698,0.27769970893859863
YPR107C,YOR064C,0,5.3435383,0.13661883771419525,0.42277991771698,0.2778000831604004
YHL035C,YIL167W,0,5.343211,0.13657623529434204,0.42277991771698,0.27790042757987976
YHR099W,YIL117C,0,5.3414,0.13653366267681122,0.42277991771698,0.2780008018016815
YLR308W,YBR039W,0,5.341277,0.13649111986160278,0.42277991771698,0.2781011760234833
YBR176W,YNL091W,0,5.341256,0.13644859194755554,0.42277991771698,0.27820152044296265
YHR037W,YDL135C,0,5.3410025,0.13640610873699188,0.42277991771698,0.2783018946647644
YPL160W,YOR174W,0,5.3402023,0.13636364042758942,0.42277991771698,0.2784022390842438
YDR163W,YGR057C,0,5.340171,0.13632120192050934,0.42277991771698,0.27850261330604553
YLL024C,YER088C,0,5.3399267,0.13627877831459045,0.42277991771698,0.2786029577255249
YOL042W,YLR466W,0,5.3388815,0.13623638451099396,0.42277991771698,0.27870333194732666
YIL073C,YLR432W,0,5.337369,0.13619403541088104,0.42277991771698,0.2788037061691284
YGL005C,YJL019W,0,5.336904,0.13615170121192932,0.42277991771698,0.2789040505886078
YOR217W,YMR184W,0,5.3360863,0.1361093819141388,0.42277991771698,0.27900442481040955
YDR237W,YBL003C,0,5.335561,0.13606710731983185,0.42277991771698,0.2791047692298889
YIL015W,YDR376W,0,5.33506,0.1360248476266861,0.42277991771698,0.2792051434516907
YBR248C,YOL067C,0,5.334812,0.13598261773586273,0.42277991771698,0.27930548787117004
YNR041C,YOR059C,1,5.334432,0.13625077903270721,0.42374518513679504,0.27930548787117004
YKR079C,YPR121W,0,5.3333225,0.13620850443840027,0.42374518513679504,0.2794058620929718
YKL120W,YMR263W,0,5.33216,0.1361662596464157,0.42374518513679504,0.27950623631477356
YDR294C,YKR030W,0,5.3320284,0.13612402975559235,0.42374518513679504,0.27960658073425293
YBR229C,YJR014W,0,5.3316784,0.13608182966709137,0.42374518513679504,0.2797069549560547
YDR228C,YCR098C,0,5.331164,0.13603965938091278,0.42374518513679504,0.27980729937553406
YKR031C,YDR227W,0,5.3296223,0.13599751889705658,0.42374518513679504,0.2799076735973358
YOR070C,YMR234W,0,5.329617,0.13595540821552277,0.42374518513679504,0.2800080180168152
YPR201W,YHR169W,0,5.329293,0.13591331243515015,0.42374518513679504,0.28010839223861694
YNR046W,YJL212C,0,5.328354,0.13587124645709991,0.42374518513679504,0.2802087366580963
YDR103W,YGR128C,0,5.3281097,0.13582921028137207,0.42374518513679504,0.28030911087989807
YNL126W,YGL135W,0,5.3278437,0.13578718900680542,0.42374518513679504,0.28040948510169983
YCL026C-A,YGR170W,1,5.3275137,0.13605442643165588,0.4247104227542877,0.28040948510169983
YKR083C,YLR424W,0,5.3269672,0.13601236045360565,0.4247104227542877,0.2805098295211792
YML104C,YIL148W,0,5.326518,0.135970339179039,0.4247104227542877,0.28061020374298096
YPR107C,YLR017W,0,5.3256607,0.13592833280563354,0.4247104227542877,0.2807105481624603
YGR003W,YDR452W,0,5.3252068,0.13588635623455048,0.4247104227542877,0.2808109223842621
YDR212W,YGL100W,0,5.32466,0.1358443945646286,0.4247104227542877,0.28091126680374146
YDL130W-A,YNL099C,0,5.32441,0.1358024626970291,0.4247104227542877,0.2810116410255432
YGR038W,YIL101C,0,5.3242273,0.13576056063175201,0.4247104227542877,0.28111201524734497
YLR210W,YDL220C,0,5.3242083,0.1357186883687973,0.4247104227542877,0.28121235966682434
YDR253C,YOR065W,0,5.323783,0.13567684590816498,0.4247104227542877,0.2813127338886261
YMR164C,YDL044C,0,5.3235903,0.13563501834869385,0.4247104227542877,0.28141307830810547
YML008C,YNL106C,1,5.3235846,0.13590139150619507,0.4256756901741028,0.28141307830810547
YNL289W,YBR015C,0,5.323383,0.13585951924324036,0.4256756901741028,0.2815134525299072
YLL015W,YML114C,0,5.323127,0.13581767678260803,0.4256756901741028,0.2816137969493866
YBR154C,YJR052W,0,5.323118,0.1357758641242981,0.4256756901741028,0.28171417117118835
YGR060W,YLR459W,1,5.3224506,0.13604186475276947,0.42664092779159546,0.28171417117118835
YOL064C,YIL098C,0,5.321734,0.13600000739097595,0.42664092779159546,0.2818145453929901
YER063W,YDR213W,0,5.3204603,0.13595816493034363,0.42664092779159546,0.2819148898124695
YER081W,YDR216W,0,5.3203154,0.1359163522720337,0.42664092779159546,0.28201526403427124
YCR068W,YDL188C,0,5.318989,0.13587458431720734,0.42664092779159546,0.2821156084537506
YGR138C,YPL193W,0,5.317484,0.13583281636238098,0.42664092779159546,0.28221598267555237
YGR007W,YGL012W,1,5.316765,0.13609831035137177,0.42760616540908813,0.28221598267555237
YOR201C,YMR268C,0,5.3163276,0.13605651259422302,0.42760616540908813,0.28231632709503174
YMR029C,YBL045C,0,5.3159804,0.13601474463939667,0.42760616540908813,0.2824167013168335
YDR536W,YOR207C,0,5.315806,0.1359729915857315,0.42760616540908813,0.28251707553863525
YBR142W,YLR220W,0,5.3153677,0.13593126833438873,0.42760616540908813,0.2826174199581146
YPR007C,YDR302W,0,5.314926,0.13588957488536835,0.42760616540908813,0.2827177941799164
YER062C,YJR155W,0,5.3145194,0.13584789633750916,0.42760616540908813,0.28281813859939575
YGR116W,YDR345C,0,5.3131332,0.13580624759197235,0.42760616540908813,0.2829185128211975
YIR006C,YLR409C,0,5.312832,0.13576462864875793,0.42760616540908813,0.2830188572406769
YPR054W,YJR043C,0,5.3125677,0.1357230395078659,0.42760616540908813,0.28311923146247864
YER021W,YJL044C,0,5.311915,0.13568146526813507,0.42760616540908813,0.283219575881958
YDR510W,YMR068W,0,5.3115015,0.13563992083072662,0.42760616540908813,0.28331995010375977
YHL038C,YGR088W,0,5.3104057,0.13559840619564056,0.42760616540908813,0.2834203243255615
YOL059W,YOL060C,0,5.3089437,0.1355569213628769,0.42760616540908813,0.2835206687450409
YER075C,YOL132W,0,5.3088183,0.13551545143127441,0.42760616540908813,0.28362104296684265
YDR231C,YAL056W,0,5.308797,0.13547401130199432,0.42760616540908813,0.283721387386322
YDL132W,YOR326W,0,5.308314,0.13543258607387543,0.42760616540908813,0.2838217616081238
YAL047C,YOR167C,0,5.308068,0.13539119064807892,0.42760616540908813,0.28392210602760315
YDR014W,YNL071W,0,5.3079443,0.1353498250246048,0.42760616540908813,0.2840224802494049
YNL051W,YDL247W,0,5.307522,0.13530848920345306,0.42760616540908813,0.28412285447120667
YJL076W,YMR298W,0,5.3070345,0.13526716828346252,0.42760616540908813,0.28422319889068604
YPL005W,YKR065C,0,5.305031,0.13522589206695557,0.42760616540908813,0.2843235731124878
YHR110W,YOR136W,0,5.304224,0.1351846158504486,0.42760616540908813,0.28442391753196716
YDL120W,YJR104C,0,5.3039694,0.13514338433742523,0.42760616540908813,0.2845242917537689
YKL152C,YMR091C,0,5.302829,0.13510216772556305,0.42760616540908813,0.2846246361732483
YBR265W,YDR483W,0,5.302392,0.13506098091602325,0.42760616540908813,0.28472501039505005
YGR260W,YPR100W,0,5.301512,0.13501980900764465,0.42760616540908813,0.2848253846168518
YLR262C,YAR033W,0,5.300702,0.13497866690158844,0.42760616540908813,0.2849257290363312
YOL030W,YBR082C,0,5.3006988,0.13493755459785461,0.42760616540908813,0.28502610325813293
YGR007W,YLR189C,1,5.2999344,0.13520097732543945,0.4285714328289032,0.28502610325813293
YBR176W,YDR447C,0,5.299392,0.13515982031822205,0.4285714328289032,0.2851264476776123
YDR113C,YHR010W,0,5.299347,0.13511867821216583,0.4285714328289032,0.28522682189941406
YHR123W,YBL082C,1,5.299019,0.1353818029165268,0.4295366704463959,0.28522682189941406
YER088C,YNL246W,0,5.2988214,0.1353406310081482,0.4295366704463959,0.28532716631889343
YDR177W,YKL049C,0,5.298574,0.13529948890209198,0.4295366704463959,0.2854275405406952
YDL150W,YAR050W,0,5.298109,0.13525836169719696,0.4295366704463959,0.28552791476249695
YCR071C,YGL006W,0,5.2976966,0.13521726429462433,0.4295366704463959,0.2856282591819763
YDR228C,YPR058W,0,5.296824,0.1351761817932129,0.4295366704463959,0.2857286334037781
YHR123W,YNL030W,0,5.296788,0.13513512909412384,0.4295366704463959,0.28582897782325745
YIL090W,YDR388W,0,5.2965384,0.13509410619735718,0.4295366704463959,0.2859293520450592
YDR506C,YOR096W,0,5.29626,0.1350531131029129,0.4295366704463959,0.2860296964645386
YDL130W-A,YOR007C,0,5.2962465,0.13501213490962982,0.4295366704463959,0.28613007068634033
YNR059W,YDR408C,0,5.2959824,0.13497118651866913,0.4295366704463959,0.2862304151058197
YGR029W,YDL030W,0,5.2956886,0.13493026793003082,0.4295366704463959,0.28633078932762146
YOR128C,YLR181C,0,5.2949805,0.1348893642425537,0.4295366704463959,0.2864311635494232
YER062C,YOR229W,0,5.2947073,0.134848490357399,0.4295366704463959,0.2865315079689026
YPL058C,YGR023W,0,5.294216,0.13480763137340546,0.4295366704463959,0.28663188219070435
YDL004W,YKL035W,0,5.293789,0.13476680219173431,0.4295366704463959,0.2867322266101837
YBR034C,YGL223C,0,5.2926216,0.13472600281238556,0.4295366704463959,0.2868326008319855
YOR372C,YJL020C,0,5.292557,0.1346852332353592,0.4295366704463959,0.28693294525146484
YNR056C,YDR002W,0,5.292427,0.13464447855949402,0.4295366704463959,0.2870333194732666
YLR175W,YML091C,0,5.2924137,0.13460375368595123,0.4295366704463959,0.28713369369506836
YBL078C,YLR403W,0,5.291642,0.13456304371356964,0.4295366704463959,0.28723403811454773
YOL110W,YOL128C,0,5.291099,0.13452236354351044,0.4295366704463959,0.2873344123363495
YBR267W,YLR118C,0,5.2907524,0.13448171317577362,0.4295366704463959,0.28743475675582886
YJL010C,YJL026W,0,5.2903194,0.1344410926103592,0.4295366704463959,0.2875351309776306
YER026C,YIL049W,1,5.288891,0.13470250368118286,0.43050193786621094,0.2875351309776306
YKL109W,YPL020C,0,5.288821,0.13466183841228485,0.43050193786621094,0.28763547539711
YLR190W,YDL122W,0,5.2867594,0.13462118804454803,0.43050193786621094,0.28773584961891174
YDR298C,YPL183C,0,5.2842016,0.1345805674791336,0.43050193786621094,0.2878362238407135
YMR177W,YML016C,0,5.2840767,0.13453997671604156,0.43050193786621094,0.28793656826019287
YPL063W,YPL209C,0,5.283408,0.13449940085411072,0.43050193786621094,0.28803694248199463
YDR452W,YDR077W,0,5.28336,0.13445885479450226,0.43050193786621094,0.288137286901474
YBR267W,YPR124W,0,5.2832003,0.134418323636055,0.43050193786621094,0.28823766112327576
YKR089C,YKR067W,1,5.2816114,0.13467912375926971,0.4314671754837036,0.28823766112327576
YBR299W,YKL073W,0,5.2814074,0.13463854789733887,0.4314671754837036,0.2883380055427551
YPL018W,YLR450W,0,5.2803745,0.1345980167388916,0.4314671754837036,0.2884383797645569
YCL069W,YGL093W,0,5.2799497,0.13455750048160553,0.4314671754837036,0.28853875398635864
YLR249W,YLR044C,0,5.2774706,0.13451699912548065,0.4314671754837036,0.288639098405838
YDR062W,YBL091C-A,1,5.2771606,0.13477738201618195,0.4324324429035187,0.288639098405838
YOR278W,YBR273C,0,5.2762675,0.1347368359565735,0.4324324429035187,0.28873947262763977
YOR115C,YLR417W,0,5.2758646,0.1346963346004486,0.4324324429035187,0.28883981704711914
YBR036C,YDL193W,0,5.274806,0.13465584814548492,0.4324324429035187,0.2889401912689209
YOL044W,YGR090W,0,5.2746153,0.13461539149284363,0.4324324429035187,0.28904053568840027
YJL013C,YOR011W,0,5.2745547,0.13457494974136353,0.4324324429035187,0.289140909910202
YIL050W,YLR307W,0,5.2735796,0.1345345377922058,0.4324324429035187,0.2892412543296814
YDR077W,YNL275W,0,5.2720413,0.1344941407442093,0.4324324429035187,0.28934162855148315
YML054C,YCR105W,0,5.2717905,0.13445378839969635,0.4324324429035187,0.2894420027732849
YER035W,YBL099W,0,5.2695255,0.1344134360551834,0.4324324429035187,0.2895423471927643
YBR251W,YPL248C,0,5.2681923,0.13437312841415405,0.4324324429035187,0.28964272141456604
YMR008C,YML075C,1,5.2680626,0.1346326768398285,0.43339768052101135,0.28964272141456604
YGL001C,YDR028C,0,5.2677813,0.13459232449531555,0.43339768052101135,0.2897430658340454
YCR106W,YOR312C,0,5.2674055,0.1345519870519638,0.43339768052101135,0.28984344005584717
YDL044C,YBR008C,0,5.2672358,0.13451167941093445,0.43339768052101135,0.28994378447532654
YDR406W,YPR165W,0,5.2665825,0.13447140157222748,0.43339768052101135,0.2900441586971283
YJL001W,YGL067W,0,5.2653713,0.1344311386346817,0.43339768052101135,0.29014453291893005
YIL112W,YDR303C,0,5.2649727,0.1343909054994583,0.43339768052101135,0.2902448773384094
YBR177C,YER093C,1,5.2645955,0.13464991748332977,0.4343629479408264,0.2902448773384094
YBR177C,YOR237W,1,5.2633934,0.1349087655544281,0.4353281855583191,0.2902448773384094
YDL102W,YPR047W,0,5.2621207,0.13486842811107635,0.4353281855583191,0.2903452515602112
YDR301W,YOR103C,0,5.261072,0.1348281055688858,0.4353281855583191,0.29044559597969055
YEL046C,YHR183W,0,5.2610188,0.13478781282901764,0.4353281855583191,0.2905459702014923
YER081W,YDR468C,0,5.2608056,0.13474753499031067,0.4353281855583191,0.2906463146209717
YNL251C,YIL039W,0,5.258443,0.1347072869539261,0.4353281855583191,0.29074668884277344
YHL040C,YBR114W,0,5.2582765,0.1346670687198639,0.4353281855583191,0.2908470630645752
YDL223C,YNL329C,0,5.2572308,0.1346268653869629,0.4353281855583191,0.29094740748405457
YBR046C,YNL005C,0,5.2568545,0.13458669185638428,0.4353281855583191,0.2910477817058563
YPL095C,YPL231W,1,5.256226,0.13484486937522888,0.43629342317581177,0.2910477817058563
YHR160C,YKR013W,0,5.2556934,0.1348046511411667,0.43629342317581177,0.2911481261253357
YDR324C,YAR071W,0,5.255478,0.13476446270942688,0.43629342317581177,0.29124850034713745
YOR241W,YLR079W,0,5.255327,0.13472428917884827,0.43629342317581177,0.2913488447666168
YGR065C,YDR247W,0,5.2546606,0.13468414545059204,0.43629342317581177,0.2914492189884186
YGL253W,YGL226W,0,5.25443,0.1346440315246582,0.43629342317581177,0.29154959321022034
YNL286W,YDR017C,0,5.2544155,0.13460393249988556,0.43629342317581177,0.2916499376296997
YML093W,YOR259C,0,5.254247,0.1345638632774353,0.43629342317581177,0.29175031185150146
YOR249C,YOL109W,0,5.253207,0.13452380895614624,0.43629342317581177,0.29185065627098083
YBR127C,YFL003C,0,5.252186,0.13448378443717957,0.43629342317581177,0.2919510304927826
YER129W,YPR067W,0,5.251647,0.13444378972053528,0.43629342317581177,0.29205137491226196
YCR065W,YKR080W,0,5.2516108,0.13440380990505219,0.43629342317581177,0.2921517491340637
YJR105W,YBR208C,0,5.251109,0.13436385989189148,0.43629342317581177,0.2922520935535431
YHR034C,YKL163W,0,5.250269,0.13432392477989197,0.43629342317581177,0.29235246777534485
YKL008C,YPL148C,1,5.2497277,0.13458110392093658,0.43725869059562683,0.29235246777534485
YGL205W,YPR001W,1,5.2496605,0.13483813405036926,0.4382239282131195,0.29235246777534485
YDR156W,YMR167W,0,5.2495666,0.1347980946302414,0.4382239282131195,0.2924528419971466
YBR082C,YHR027C,0,5.249284,0.1347580850124359,0.4382239282131195,0.292553186416626
YOL019W,YBR201W,0,5.248716,0.13471810519695282,0.4382239282131195,0.29265356063842773
YML058W,YMR201C,0,5.2480583,0.13467814028263092,0.4382239282131195,0.2927539050579071
YLR006C,YOL103W,0,5.2479486,0.13463819026947021,0.4382239282131195,0.29285427927970886
YKL086W,YMR042W,0,5.247813,0.1345982849597931,0.4382239282131195,0.29295462369918823
YDR092W,YCL010C,0,5.246896,0.13455839455127716,0.4382239282131195,0.29305499792099
YDL205C,YAR003W,0,5.246149,0.13451851904392242,0.4382239282131195,0.29315537214279175
YJL153C,YKR050W,0,5.245701,0.13447867333889008,0.4382239282131195,0.2932557165622711
YIR014W,YNL119W,0,5.2452097,0.13443885743618011,0.4382239282131195,0.2933560907840729
YPL234C,YKR013W,0,5.2450395,0.13439905643463135,0.4382239282131195,0.29345643520355225
YGR108W,YDR236C,0,5.2449584,0.13435928523540497,0.4382239282131195,0.293556809425354
YDR148C,YGL003C,0,5.2445807,0.13431952893733978,0.4382239282131195,0.2936571538448334
YGL224C,YGR080W,0,5.2445374,0.13427980244159698,0.4382239282131195,0.29375752806663513
YGR166W,YOR211C,0,5.243191,0.13424009084701538,0.4382239282131195,0.2938579022884369
YJL207C,YNL097C,0,5.2424774,0.13420040905475616,0.4382239282131195,0.29395824670791626
YKL008C,YIL014W,0,5.242134,0.13416075706481934,0.4382239282131195,0.294058620929718
YOL126C,YGR007W,0,5.242099,0.1341211199760437,0.4382239282131195,0.2941589653491974
YOR221C,YJL168C,0,5.2419157,0.13408151268959045,0.4382239282131195,0.29425933957099915
YDR238C,YOR049C,0,5.2413282,0.1340419203042984,0.4382239282131195,0.2943596839904785
YNL289W,YNL151C,0,5.2410045,0.13400235772132874,0.4382239282131195,0.2944600582122803
YOR026W,YAL044C,0,5.239852,0.13396282494068146,0.4382239282131195,0.29456040263175964
YGR177C,YLR459W,1,5.2367373,0.13421829044818878,0.43918919563293457,0.29456040263175964
YFL004W,YOL146W,0,5.2366915,0.13417871296405792,0.43918919563293457,0.2946607768535614
YOR077W,YDL247W,0,5.2359915,0.13413915038108826,0.43918919563293457,0.29476115107536316
YHR013C,YPL013C,0,5.234499,0.13409961760044098,0.43918919563293457,0.29486149549484253
YPL057C,YNL123W,1,5.234485,0.13435474038124084,0.44015443325042725,0.29486149549484253
YGR181W,YKL129C,0,5.2342978,0.13431516289710999,0.44015443325042725,0.2949618697166443
YNL264C,YMR208W,1,5.233799,0.13457007706165314,0.4411197006702423,0.2949618697166443
YDR025W,YGL128C,0,5.2334914,0.1345304697751999,0.4411197006702423,0.29506221413612366
YCR083W,YBR217W,0,5.233285,0.13449087738990784,0.4411197006702423,0.2951625883579254
YPL117C,YLR011W,0,5.2322083,0.13445131480693817,0.4411197006702423,0.2952629327774048
YDL160C,YFL009W,0,5.2307625,0.1344117671251297,0.4411197006702423,0.29536330699920654
YER125W,YNL106C,1,5.2286787,0.13466627895832062,0.442084938287735,0.29536330699920654
YBR205W,YMR036C,0,5.227088,0.13462668657302856,0.442084938287735,0.2954636812210083
YML058W,YER007C-A,0,5.2267103,0.1345871239900589,0.442084938287735,0.29556402564048767
YOR241W,YBR070C,0,5.225334,0.13454759120941162,0.442084938287735,0.29566439986228943
YGR227W,YBR109C,1,5.2253294,0.13480176031589508,0.44305020570755005,0.29566439986228943
YGR295C,YNL263C,0,5.223344,0.13476218283176422,0.44305020570755005,0.2957647442817688
YKR048C,YML110C,0,5.223222,0.13472263514995575,0.44305020570755005,0.29586511850357056
YIR026C,YGR046W,0,5.222623,0.13468310236930847,0.44305020570755005,0.2959654629230499
YOR100C,YLR013W,0,5.222387,0.1346435844898224,0.44305020570755005,0.2960658371448517
YMR313C,YLR373C,0,5.221875,0.13460411131381989,0.44305020570755005,0.29616621136665344
YNL130C,YHL004W,0,5.221633,0.13456463813781738,0.44305020570755005,0.2962665557861328
YAL044C,YDR386W,0,5.221055,0.13452520966529846,0.44305020570755005,0.29636693000793457
YLR110C,YBL005W,0,5.2209125,0.13448579609394073,0.44305020570755005,0.29646727442741394
YCR033W,YDR033W,0,5.2197986,0.1344463974237442,0.44305020570755005,0.2965676486492157
YPL239W,YNL330C,0,5.218641,0.13440702855587006,0.44305020570755005,0.29666799306869507
YER129W,YKR092C,0,5.2181005,0.1343676745891571,0.44305020570755005,0.2967683672904968
YBR229C,YOR380W,0,5.217985,0.13432836532592773,0.44305020570755005,0.2968687415122986
YFL037W,YNR041C,0,5.2179585,0.13428905606269836,0.44305020570755005,0.29696908593177795
YKR086W,YGL087C,0,5.21766,0.13424977660179138,0.44305020570755005,0.2970694601535797
YMR012W,YKL052C,0,5.2175646,0.1342105269432068,0.44305020570755005,0.2971698045730591
YLR360W,YDR123C,0,5.2158856,0.1341712921857834,0.44305020570755005,0.29727017879486084
YDR091C,YCR039C,0,5.2157764,0.13413208723068237,0.44305020570755005,0.2973705232143402
YKR042W,YOL008W,0,5.215158,0.13409289717674255,0.44305020570755005,0.29747089743614197
YPL043W,YDR256C,0,5.2150116,0.13405373692512512,0.44305020570755005,0.29757124185562134
YAL032C,YDR197W,0,5.2143927,0.13401459157466888,0.44305020570755005,0.2976716160774231
YDR484W,YJL167W,0,5.212471,0.13397547602653503,0.44305020570755005,0.29777199029922485
YBL105C,YMR029C,0,5.211751,0.13393639028072357,0.44305020570755005,0.2978723347187042
YFR010W,YDR243C,0,5.2105856,0.1338973194360733,0.44305020570755005,0.297972708940506
YCL026C-A,YER125W,1,5.209076,0.13414989411830902,0.4440154433250427,0.297972708940506
YOR027W,YDR434W,0,5.2084923,0.13411079347133636,0.4440154433250427,0.29807305335998535
YML095C,YAR050W,0,5.208087,0.1340716928243637,0.4440154433250427,0.2981734275817871
YKL150W,YDR058C,1,5.2070146,0.13432401418685913,0.4449806809425354,0.2981734275817871
YDR242W,YLR382C,0,5.206348,0.1342848837375641,0.4449806809425354,0.2982737720012665
YDR343C,YDL049C,0,5.205684,0.13424578309059143,0.4449806809425354,0.29837414622306824
YNL014W,YKL149C,0,5.2054195,0.13420669734477997,0.4449806809425354,0.29847452044487
YDL052C,YNR016C,1,5.2052183,0.13445867598056793,0.44594594836235046,0.29847452044487
YHL001W,YMR163C,0,5.204334,0.1344195455312729,0.44594594836235046,0.29857486486434937
YOR332W,YJL002C,0,5.2036443,0.13438045978546143,0.44594594836235046,0.2986752390861511
YMR125W,YBR014C,0,5.203594,0.13434137403964996,0.44594594836235046,0.2987755835056305
YFR005C,YNL336W,0,5.2033243,0.13430233299732208,0.44594594836235046,0.29887595772743225
YPR025C,YML031W,0,5.2025013,0.1342632919549942,0.44594594836235046,0.2989763021469116
YMR139W,YLR210W,0,5.202382,0.1342242956161499,0.44594594836235046,0.2990766763687134
YLR058C,YHR017W,0,5.202259,0.1341852992773056,0.44594594836235046,0.29917705059051514
YPL189W,YKL127W,0,5.2014923,0.13414634764194489,0.44594594836235046,0.2992773950099945
YDR284C,YPL148C,1,5.200507,0.13439767062664032,0.44691118597984314,0.2992773950099945
YBR136W,YPR058W,0,5.199375,0.13435867428779602,0.44691118597984314,0.29937776923179626
YDR202C,YGL096W,0,5.1990914,0.13431969285011292,0.44691118597984314,0.29947811365127563
YPL164C,YDR235W,0,5.198695,0.1342807412147522,0.44691118597984314,0.2995784878730774
YLL048C,YPL116W,0,5.198041,0.13424180448055267,0.44691118597984314,0.29967883229255676
YBR070C,YGL208W,0,5.197577,0.13420289754867554,0.44691118597984314,0.2997792065143585
YER159C,YDL192W,0,5.197304,0.1341640055179596,0.44691118597984314,0.2998795807361603
YGR212W,YAR042W,0,5.1968975,0.13412514328956604,0.44691118597984314,0.29997992515563965
YHR166C,YMR230W,0,5.196499,0.13408629596233368,0.44691118597984314,0.3000802993774414
YEL071W,YDR201W,0,5.1943135,0.1340474784374237,0.44691118597984314,0.3001806437969208
YIL050W,YOL105C,0,5.1942134,0.13400867581367493,0.44691118597984314,0.30028101801872253
YNL106C,YNL090W,0,5.193126,0.13396990299224854,0.44691118597984314,0.3003813624382019
YGL245W,YML086C,0,5.1921644,0.13393115997314453,0.44691118597984314,0.30048173666000366
YNL116W,YGR212W,0,5.1919127,0.13389241695404053,0.44691118597984314,0.30058208107948303
YMR316W,YOL009C,0,5.190264,0.1338537186384201,0.44691118597984314,0.3006824553012848
YGL012W,YPR128C,1,5.190119,0.13410404324531555,0.4478764533996582,0.3006824553012848
YBR065C,YPL016W,0,5.189799,0.13406530022621155,0.4478764533996582,0.30078282952308655
YOR247W,YDL178W,0,5.1884117,0.13402657210826874,0.4478764533996582,0.3008831739425659
YHR037W,YGL179C,0,5.1877975,0.13398787379264832,0.4478764533996582,0.3009835481643677
YDR297W,YLR450W,1,5.1874266,0.1342378705739975,0.4488416910171509,0.3009835481643677
YPL101W,YGR068C,0,5.187396,0.1341991275548935,0.4488416910171509,0.30108389258384705
YHL016C,YGL055W,0,5.187148,0.13416041433811188,0.4488416910171509,0.3011842668056488
YOL064C,YDL150W,0,5.1863546,0.13412171602249146,0.4488416910171509,0.3012846112251282
YHR190W,YNL225C,0,5.1862326,0.13408304750919342,0.4488416910171509,0.30138498544692993
YGL018C,YPR008W,0,5.186194,0.13404439389705658,0.4488416910171509,0.3014853596687317
YOL151W,YOR025W,1,5.1860943,0.13429394364356995,0.44980695843696594,0.3014853596687317
YGL147C,YGL035C,0,5.186054,0.13425526022911072,0.44980695843696594,0.30158570408821106
YBL039C,YJR107W,1,5.1860194,0.13450460135936737,0.4507721960544586,0.30158570408821106
YPL084W,YMR277W,0,5.1854267,0.13446587324142456,0.4507721960544586,0.3016860783100128
YLR376C,YKL051W,0,5.1849184,0.13442717492580414,0.4507721960544586,0.3017864227294922
YLR393W,YML123C,0,5.184763,0.1343884915113449,0.4507721960544586,0.30188679695129395
YCR068W,YGR055W,0,5.1847134,0.13434982299804688,0.4507721960544586,0.3019871413707733
YDR101C,YHR157W,0,5.184681,0.13431118428707123,0.4507721960544586,0.3020875155925751
YEL050C,YFL031W,1,5.183835,0.13456009328365326,0.4517374634742737,0.3020875155925751
YDR028C,YGR041W,0,5.18139,0.13452140986919403,0.4517374634742737,0.30218788981437683
YDR231C,YGL131C,0,5.180603,0.1344827562570572,0.4517374634742737,0.3022882342338562
YER095W,YKL051W,0,5.1805058,0.13444413244724274,0.4517374634742737,0.30238860845565796
YML085C,YAR007C,0,5.180176,0.13440550863742828,0.4517374634742737,0.30248895287513733
YPL061W,YLR225C,0,5.179846,0.1343669295310974,0.4517374634742737,0.3025893270969391
YMR192W,YER041W,0,5.177286,0.13432836532592773,0.4517374634742737,0.30268967151641846
YBR286W,YGL192W,0,5.177146,0.13428981602191925,0.4517374634742737,0.3027900457382202
YGR220C,YAL014C,0,5.1762285,0.13425129652023315,0.4517374634742737,0.302890419960022
YIL090W,YGL161C,0,5.176117,0.13421279191970825,0.4517374634742737,0.30299076437950134
YBR268W,YNL056W,0,5.1742277,0.13417431712150574,0.4517374634742737,0.3030911386013031
YER014W,YOR001W,0,5.173907,0.13413585722446442,0.4517374634742737,0.30319148302078247
YEL027W,YIL117C,0,5.1731586,0.13409742712974548,0.4517374634742737,0.30329185724258423
YAL013W,YEL002C,0,5.172684,0.13405901193618774,0.4517374634742737,0.3033922016620636
YDR091C,YDR538W,0,5.1725864,0.1340206116437912,0.4517374634742737,0.30349257588386536
YKR089C,YOR025W,1,5.172479,0.13426853716373444,0.45270270109176636,0.30349257588386536
YKL185W,YML125C,0,5.1719847,0.1342301070690155,0.45270270109176636,0.3035929203033447
YOL044W,YML102W,0,5.1687946,0.13419170677661896,0.45270270109176636,0.3036932945251465
YFL036W,YBL045C,0,5.168209,0.1341533213853836,0.45270270109176636,0.30379366874694824
YCL064C,YHL032C,0,5.167917,0.13411495089530945,0.45270270109176636,0.3038940131664276
YJR126C,YKR061W,0,5.1678505,0.13407661020755768,0.45270270109176636,0.30399438738822937
YLR070C,YER014W,0,5.1669955,0.1340382993221283,0.45270270109176636,0.30409473180770874
YMR198W,YGL077C,0,5.166795,0.1340000033378601,0.45270270109176636,0.3041951060295105
YBR248C,YKR007W,0,5.166726,0.1339617222547531,0.45270270109176636,0.30429545044898987
YML118W,YLR357W,0,5.1666913,0.1339234709739685,0.45270270109176636,0.3043958246707916
YLR120C,YOR087W,0,5.1650925,0.1338852345943451,0.45270270109176636,0.3044961988925934
YHL025W,YKR045C,0,5.1634283,0.13384702801704407,0.45270270109176636,0.30459654331207275
YOR361C,YIL041W,0,5.1634054,0.13380885124206543,0.45270270109176636,0.3046969175338745
YGL078C,YDL101C,0,5.163045,0.1337706744670868,0.45270270109176636,0.3047972619533539
YLL052C,YLR085C,0,5.1618443,0.13373252749443054,0.45270270109176636,0.30489763617515564
YDR533C,YDL058W,0,5.1615496,0.13369441032409668,0.45270270109176636,0.304997980594635
YER027C,YPR156C,0,5.1612015,0.133656308054924,0.45270270109176636,0.30509835481643677
YIR033W,YBR003W,1,5.160239,0.1339031308889389,0.4536679685115814,0.30509835481643677
YDR456W,YOR151C,0,5.160221,0.13386499881744385,0.4536679685115814,0.3051987290382385
YKL196C,YJL106W,0,5.1595697,0.13382688164710999,0.4536679685115814,0.3052990734577179
YGL001C,YIL049W,1,5.159169,0.1340734362602234,0.4546332061290741,0.3052990734577179
YJR110W,YGL065C,1,5.1587873,0.13431985676288605,0.4555984437465668,0.3052990734577179
YDR004W,YDR012W,0,5.158697,0.13428165018558502,0.4555984437465668,0.30539944767951965
YHR169W,YKL048C,0,5.158527,0.1342434585094452,0.4555984437465668,0.305499792098999
YMR220W,YOR149C,1,5.1583247,0.13448962569236755,0.45656371116638184,0.305499792098999
YML058W,YBR060C,0,5.1582813,0.13445138931274414,0.45656371116638184,0.3056001663208008
YPL033C,YDR283C,0,5.1573052,0.13441318273544312,0.45656371116638184,0.30570051074028015
YDR234W,YKL012W,0,5.156685,0.13437500596046448,0.45656371116638184,0.3058008849620819
YAL010C,YPR009W,0,5.1562023,0.13433682918548584,0.45656371116638184,0.30590125918388367
YGL144C,YGL084C,1,5.155882,0.13458262383937836,0.4575289487838745,0.30590125918388367
YGL136C,YOR030W,0,5.1558666,0.13454441726207733,0.4575289487838745,0.30600160360336304
YOR317W,YKL008C,1,5.154439,0.13479001820087433,0.4584942162036896,0.30600160360336304
YGL227W,YCR018C,0,5.1542063,0.13475176692008972,0.4584942162036896,0.3061019778251648
YKL028W,YBR213W,0,5.1538973,0.1347135603427887,0.4584942162036896,0.30620232224464417
YPL198W,YHR141C,0,5.1534595,0.13467536866664886,0.4584942162036896,0.3063026964664459
YBR030W,YDR244W,0,5.153246,0.13463719189167023,0.4584942162036896,0.3064030408859253
YMR092C,YJR093C,0,5.15197,0.13459903001785278,0.4584942162036896,0.30650341510772705
YJL104W,YCL033C,0,5.15192,0.13456091284751892,0.4584942162036896,0.3066037595272064
YJL073W,YDR384C,0,5.151106,0.13452279567718506,0.4584942162036896,0.3067041337490082
YDL149W,YPL171C,0,5.1509504,0.13448470830917358,0.4584942162036896,0.30680450797080994
YML018C,YDL181W,0,5.1508245,0.1344466507434845,0.4584942162036896,0.3069048523902893
YKR018C,YPL143W,0,5.1508007,0.1344086080789566,0.4584942162036896,0.30700522661209106
YMR195W,YDR084C,0,5.1497774,0.1343705803155899,0.4584942162036896,0.30710557103157043
YOL003C,YJR007W,0,5.1477942,0.1343325823545456,0.4584942162036896,0.3072059452533722
YDR284C,YDR507C,0,5.1476755,0.13429459929466248,0.4584942162036896,0.30730628967285156
YKL184W,YGL130W,0,5.1476507,0.13425664603710175,0.4584942162036896,0.3074066638946533
YDL015C,YNL267W,1,5.1473093,0.13450127840042114,0.45945945382118225,0.3074066638946533
YHR139C,YBR021W,0,5.147172,0.13446328043937683,0.45945945382118225,0.3075070381164551
YOR295W,YNL250W,0,5.147042,0.1344252973794937,0.45945945382118225,0.30760738253593445
YHR124W,YDR009W,0,5.1455145,0.13438735902309418,0.45945945382118225,0.3077077567577362
YPL018W,YJL096W,0,5.144723,0.13434942066669464,0.45945945382118225,0.3078081011772156
YNL251C,YNL148C,0,5.1445484,0.1343115121126175,0.45945945382118225,0.30790847539901733
YKR077W,YGL053W,0,5.1438875,0.13427361845970154,0.45945945382118225,0.3080088198184967
YGR157W,YKL006C-A,0,5.142934,0.13423575460910797,0.45945945382118225,0.30810919404029846
YPR105C,YOL049W,0,5.142591,0.1341979205608368,0.45945945382118225,0.3082095682621002
YDR148C,YMR067C,0,5.142011,0.1341600865125656,0.45945945382118225,0.3083099126815796
YJR160C,YOL115W,0,5.1418867,0.13412228226661682,0.45945945382118225,0.30841028690338135
YNL264C,YLR099C,1,5.141341,0.1343661993741989,0.4604247212409973,0.30841028690338135
YCL048W,YGR260W,0,5.140441,0.13432836532592773,0.4604247212409973,0.3085106313228607
YER054C,YBR231C,0,5.140334,0.13429054617881775,0.4604247212409973,0.3086110055446625
YNL039W,YPR128C,0,5.1403103,0.13425274193286896,0.4604247212409973,0.30871134996414185
YDR108W,YOR210W,0,5.1401067,0.13421496748924255,0.4604247212409973,0.3088117241859436
YDL069C,YPL115C,0,5.140029,0.13417720794677734,0.4604247212409973,0.308912068605423
YPL123C,YNL289W,0,5.1398816,0.13413947820663452,0.4604247212409973,0.30901244282722473
YIL103W,YLR310C,0,5.139041,0.1341017782688141,0.4604247212409973,0.3091128170490265
YCR008W,YJR131W,0,5.1384706,0.13406407833099365,0.4604247212409973,0.30921316146850586
YPL018W,YHR013C,0,5.1368675,0.1340264081954956,0.4604247212409973,0.3093135356903076
YCR098C,YHR042W,0,5.136854,0.13398876786231995,0.4604247212409973,0.309413880109787
YIL122W,YBL099W,0,5.1366243,0.13395114243030548,0.4604247212409973,0.30951425433158875
YBR286W,YPL153C,0,5.1356583,0.1339135318994522,0.4604247212409973,0.3096145987510681
YPL075W,YFL029C,0,5.135626,0.13387595117092133,0.4604247212409973,0.3097149729728699
YJL062W,YAR042W,1,5.134612,0.1341189742088318,0.46138995885849,0.3097149729728699
YGL012W,YBR109C,1,5.1344724,0.1343618482351303,0.46235522627830505,0.3097149729728699
YNL233W,YML121W,0,5.1337366,0.13432417809963226,0.46235522627830505,0.30981534719467163
YGL257C,YHR011W,0,5.133705,0.13428650796413422,0.46235522627830505,0.309915691614151
YMR081C,YLL009C,0,5.1331644,0.13424888253211975,0.46235522627830505,0.31001606583595276
YBR258C,YER091C,0,5.132633,0.13421125710010529,0.46235522627830505,0.31011641025543213
YBR001C,YDR323C,0,5.1324673,0.1341736763715744,0.46235522627830505,0.3102167844772339
YLR035C,YJR016C,0,5.131001,0.13413609564304352,0.46235522627830505,0.31031712889671326
YOR259C,YDR402C,0,5.1306324,0.13409854471683502,0.46235522627830505,0.310417503118515
YGL201C,YLR193C,0,5.1297193,0.13406100869178772,0.46235522627830505,0.3105178773403168
YNL264C,YKR031C,1,5.1296034,0.13430330157279968,0.46332046389579773,0.3105178773403168
YNL148C,YDR032C,0,5.129557,0.13426573574543,0.46332046389579773,0.31061822175979614
YLR221C,YNL049C,0,5.1286216,0.1342281848192215,0.46332046389579773,0.3107185959815979
YOL091W,YOR073W,0,5.128437,0.1341906636953354,0.46332046389579773,0.31081894040107727
YER081W,YKL043W,0,5.1276636,0.13415315747261047,0.46332046389579773,0.31091931462287903
YAR033W,YPL106C,0,5.126961,0.13411568105220795,0.46332046389579773,0.3110196590423584
YDR471W,YLR131C,0,5.1264606,0.1340782195329666,0.46332046389579773,0.31112003326416016
YDR013W,YFR040W,0,5.1247234,0.13404077291488647,0.46332046389579773,0.3112204074859619
YER146W,YGR263C,0,5.1246233,0.13400335609912872,0.46332046389579773,0.3113207519054413
YOR047C,YDL069C,0,5.1245546,0.13396595418453217,0.46332046389579773,0.31142112612724304
YLR134W,YNL077W,0,5.124554,0.1339285671710968,0.46332046389579773,0.3115214705467224
YDR050C,YNL225C,0,5.1243467,0.13389120995998383,0.46332046389579773,0.31162184476852417
YCR033W,YGL107C,0,5.124031,0.13385388255119324,0.46332046389579773,0.31172218918800354
YER062C,YDL155W,0,5.1236286,0.13381655514240265,0.46332046389579773,0.3118225634098053
YDR129C,YBR057C,0,5.1230145,0.13377925753593445,0.46332046389579773,0.31192290782928467
YPL118W,YPR121W,0,5.120299,0.13374198973178864,0.46332046389579773,0.3120232820510864
YDL155W,YIL041W,0,5.1202188,0.13370473682880402,0.46332046389579773,0.3121236562728882
YOR272W,YNL275W,0,5.120042,0.1336674988269806,0.46332046389579773,0.31222400069236755
YAR035W,YPL175W,1,5.119852,0.1339086890220642,0.4642857015132904,0.31222400069236755
YLR449W,YMR070W,0,5.1198053,0.1338714212179184,0.4642857015132904,0.3123243749141693
YLR323C,YCR069W,0,5.119503,0.13383416831493378,0.4642857015132904,0.3124247193336487
YMR113W,YAL042W,0,5.118794,0.13379694521427155,0.4642857015132904,0.31252509355545044
YGL144C,YGL055W,1,5.1181593,0.1340378224849701,0.46525096893310547,0.31252509355545044
YNL241C,YPL158C,0,5.1179576,0.13400055468082428,0.46525096893310547,0.3126254379749298
YGL178W,YBL064C,0,5.11689,0.13396331667900085,0.46525096893310547,0.31272581219673157
YHR094C,YDL188C,0,5.1168537,0.13392609357833862,0.46525096893310547,0.3128261864185333
YAL051W,YMR008C,1,5.1168456,0.1341666728258133,0.46621620655059814,0.3128261864185333
YAL012W,YCR098C,0,5.1164885,0.13412940502166748,0.46621620655059814,0.3129265308380127
YDR127W,YDL175C,0,5.116182,0.13409216701984406,0.46621620655059814,0.31302690505981445
YER146W,YLR095C,0,5.115985,0.13405495882034302,0.46621620655059814,0.3131272494792938
YOR311C,YKL051W,1,5.115076,0.13429522514343262,0.4671814739704132,0.3131272494792938
YDR381W,YDR501W,0,5.1149006,0.134257972240448,0.4671814739704132,0.3132276237010956
YOL058W,YMR060C,0,5.1136937,0.13422074913978577,0.4671814739704132,0.31332796812057495
YDR386W,YFL047W,0,5.1136026,0.13418352603912354,0.4671814739704132,0.3134283423423767
YJR094W-A,YLR001C,0,5.1134663,0.13414634764194489,0.4671814739704132,0.31352871656417847
YGL142C,YLR304C,1,5.112214,0.13438625633716583,0.4681467115879059,0.31352871656417847
YGR253C,YER089C,0,5.1108685,0.1343490332365036,0.4681467115879059,0.31362906098365784
YJR017C,YPL004C,0,5.110589,0.13431182503700256,0.4681467115879059,0.3137294352054596
YDR363W,YHR141C,0,5.110135,0.1342746466398239,0.4681467115879059,0.31382977962493896
YBR286W,YIL050W,0,5.1100583,0.13423748314380646,0.4681467115879059,0.3139301538467407
YOL144W,YML058W,0,5.108676,0.1342003345489502,0.4681467115879059,0.3140304982662201
YOR122C,YPR199C,0,5.108252,0.13416321575641632,0.4681467115879059,0.31413087248802185
YDR279W,YHL020C,0,5.108227,0.13412611186504364,0.4681467115879059,0.3142312467098236
YLR305C,YNL106C,1,5.1081066,0.1343654990196228,0.46911197900772095,0.3142312467098236
YKL164C,YJL047C,0,5.1076603,0.13432836532592773,0.46911197900772095,0.314331591129303
YLR259C,YDR156W,0,5.1076374,0.13429124653339386,0.46911197900772095,0.31443196535110474
YHR115C,YML124C,0,5.1075706,0.13425414264202118,0.46911197900772095,0.3145323097705841
YNL316C,YLR077W,0,5.1069274,0.1342170685529709,0.46911197900772095,0.31463268399238586
YAL030W,YNL082W,0,5.106867,0.1341800093650818,0.46911197900772095,0.31473302841186523
YIL106W,YOR227W,0,5.10643,0.13414297997951508,0.46911197900772095,0.314833402633667
YER133W,YDR104C,0,5.1063147,0.13410596549510956,0.46911197900772095,0.31493374705314636
YOR312C,YDR177W,0,5.103963,0.13406896591186523,0.46911197900772095,0.3150341212749481
YHR123W,YMR030W,0,5.1036706,0.1340319961309433,0.46911197900772095,0.3151344954967499
YKL138C,YGR256W,0,5.10334,0.13399504125118256,0.46911197900772095,0.31523483991622925
YJR095W,YIL084C,0,5.1021347,0.133958101272583,0.46911197900772095,0.315335214138031
YNR036C,YBR191W,0,5.101729,0.13392119109630585,0.46911197900772095,0.3154355585575104
YIL098C,YHR010W,0,5.1017094,0.13388429582118988,0.46911197900772095,0.31553593277931213
YLL006W,YGR057C,0,5.100993,0.1338474303483963,0.46911197900772095,0.3156362771987915
YGR038W,YDL075W,0,5.0998354,0.13381057977676392,0.46911197900772095,0.31573665142059326
YML070W,YHR098C,0,5.0984697,0.13377374410629272,0.46911197900772095,0.315837025642395
YEL015W,YIR031C,0,5.0984592,0.13373692333698273,0.46911197900772095,0.3159373700618744
YGL130W,YMR318C,0,5.0959435,0.13370013236999512,0.46911197900772095,0.31603774428367615
YPL174C,YHR039C,0,5.0955563,0.1336633712053299,0.46911197900772095,0.3161380887031555
YCR068W,YMR298W,1,5.0950284,0.13390156626701355,0.4700772166252136,0.3161380887031555
YKL194C,YOR245C,0,5.093763,0.13386476039886475,0.4700772166252136,0.3162384629249573
YBL016W,YCL033C,0,5.093567,0.13382796943187714,0.4700772166252136,0.31633880734443665
YPL095C,YOL065C,1,5.0934296,0.13406594097614288,0.4710424840450287,0.31633880734443665
YDL120W,YGL196W,0,5.0924883,0.13402912020683289,0.4710424840450287,0.3164391815662384
YLR406C,YDL065C,0,5.0914993,0.13399231433868408,0.4710424840450287,0.31653955578804016
YDL168W,YOR156C,0,5.0911884,0.13395553827285767,0.4710424840450287,0.31663990020751953
YLR044C,YHL020C,0,5.0899987,0.13391877710819244,0.4710424840450287,0.3167402744293213
YOR320C,YPL226W,0,5.088566,0.13388203084468842,0.4710424840450287,0.31684061884880066
YAL035W,YDR118W,0,5.088172,0.13384531438350677,0.4710424840450287,0.3169409930706024
YHR136C,YBR203W,0,5.0880604,0.13380861282348633,0.4710424840450287,0.3170413374900818
YBR146W,YPL269W,0,5.087489,0.13377192616462708,0.4710424840450287,0.31714171171188354
YHR013C,YKL060C,0,5.0869923,0.1337352693080902,0.4710424840450287,0.3172420859336853
YOR334W,YOR136W,0,5.0869713,0.13369862735271454,0.4710424840450287,0.3173424303531647
YJL221C,YPR081C,0,5.086933,0.13366201519966125,0.4710424840450287,0.31744280457496643
YOL018C,YGR041W,0,5.0858536,0.13362541794776917,0.4710424840450287,0.3175431489944458
YGL016W,YOL008W,0,5.084627,0.13358883559703827,0.4710424840450287,0.31764352321624756
YLR398C,YIL019W,0,5.0846004,0.13355226814746857,0.4710424840450287,0.31774386763572693
YDL051W,YDR143C,0,5.0843196,0.13351573050022125,0.4710424840450287,0.3178442418575287
YPR075C,YOR384W,0,5.0841866,0.13347920775413513,0.4710424840450287,0.31794458627700806
YOR315W,YDR379W,0,5.084173,0.1334427148103714,0.4710424840450287,0.3180449604988098
YJL174W,YNR050C,0,5.083846,0.13340623676776886,0.4710424840450287,0.3181453347206116
YKL040C,YDL137W,0,5.0829697,0.13336977362632751,0.4710424840450287,0.31824567914009094
YBR070C,YNL012W,1,5.082942,0.13360655307769775,0.47200772166252136,0.31824567914009094
YBR018C,YDR110W,0,5.082664,0.13357006013393402,0.47200772166252136,0.3183460533618927
YMR006C,YHR007C,1,5.080684,0.13380666077136993,0.47297295928001404,0.3183460533618927
YKL113C,YGR002C,0,5.0800524,0.1337701380252838,0.47297295928001404,0.31844639778137207
YFL011W,YPL037C,0,5.079545,0.1337336301803589,0.47297295928001404,0.31854677200317383
YPL075W,YPL202C,0,5.079305,0.13369713723659515,0.47297295928001404,0.3186471164226532
YDL052C,YJL091C,1,5.078821,0.1339334398508072,0.4739382266998291,0.3186471164226532
YKR058W,YGR223C,0,5.078329,0.13389691710472107,0.4739382266998291,0.31874749064445496
YNL289W,YMR004W,0,5.0783215,0.13386040925979614,0.4739382266998291,0.3188478648662567
YMR280C,YNL185C,0,5.0777993,0.1338239312171936,0.4739382266998291,0.3189482092857361
YHR107C,YLR004C,0,5.0776033,0.13378746807575226,0.4739382266998291,0.31904858350753784
YNL125C,YDR256C,0,5.077542,0.1337510198354721,0.4739382266998291,0.3191489279270172
YDR145W,YOR066W,0,5.0767765,0.13371460139751434,0.4739382266998291,0.31924930214881897
YDR031W,YDR213W,0,5.0761395,0.13367819786071777,0.4739382266998291,0.31934964656829834
YDL161W,YGR174C,0,5.075817,0.1336418092250824,0.4739382266998291,0.3194500207901001
YNL128W,YGR177C,1,5.0743895,0.13387754559516907,0.4749034643173218,0.3194500207901001
YCR065W,YFL031W,0,5.0741634,0.1338411271572113,0.4749034643173218,0.31955039501190186
YPL170W,YPL175W,1,5.0738425,0.13407669961452484,0.47586873173713684,0.31955039501190186
YLR307W,YIL136W,0,5.0734644,0.1340402364730835,0.47586873173713684,0.3196507394313812
YPL110C,YOL108C,1,5.0730877,0.1342756152153015,0.4768339693546295,0.3196507394313812
YNL065W,YNR030W,0,5.072695,0.13423913717269897,0.4768339693546295,0.319751113653183
YML113W,YMR177W,0,5.0724783,0.13420265913009644,0.4768339693546295,0.31985145807266235
YKL051W,YLR242C,1,5.071724,0.13443779945373535,0.4777992367744446,0.31985145807266235
YGL058W,YCR073C,0,5.071668,0.13440130650997162,0.4777992367744446,0.3199518322944641
YGR120C,YOR011W,0,5.0714455,0.13436481356620789,0.4777992367744446,0.3200521767139435
YER040W,YLR045C,0,5.0710306,0.13432836532592773,0.4777992367744446,0.32015255093574524
YLR188W,YPR098C,0,5.070562,0.13429191708564758,0.4777992367744446,0.320252925157547
YML011C,YOR303W,0,5.070527,0.13425549864768982,0.4777992367744446,0.32035326957702637
YMR311C,YLR077W,0,5.070271,0.13421909511089325,0.4777992367744446,0.3204536437988281
YDR148C,YMR216C,0,5.0696793,0.13418270647525787,0.4777992367744446,0.3205539882183075
YDR046C,YHR089C,0,5.068385,0.13414634764194489,0.4777992367744446,0.32065436244010925
YPL016W,YBR033W,0,5.0675874,0.1341100037097931,0.4777992367744446,0.3207547068595886
YDR492W,YLR228C,1,5.0652966,0.13434453308582306,0.47876447439193726,0.3207547068595886
YHR072W,YPL268W,1,5.065017,0.13457892835140228,0.4797297418117523,0.3207547068595886
YGL065C,YPR173C,1,5.064999,0.13481320440769196,0.480694979429245,0.3207547068595886
YNL111C,YGL144C,1,5.0649796,0.13504736125469208,0.48166021704673767,0.3207547068595886
YLR396C,YNR036C,0,5.0641737,0.13501082360744476,0.48166021704673767,0.3208550810813904
YNL210W,YNL257C,0,5.064052,0.13497430086135864,0.48166021704673767,0.32095542550086975
YMR278W,YLL014W,0,5.064025,0.1349378079175949,0.48166021704673767,0.3210557997226715
YKL212W,YBR086C,0,5.061599,0.13490132987499237,0.48166021704673767,0.32115617394447327
YDR214W,YLR176C,0,5.061364,0.13486486673355103,0.48166021704673767,0.32125651836395264
YJL059W,YGL087C,0,5.0611115,0.13482841849327087,0.48166021704673767,0.3213568925857544
YDL230W,YLR403W,0,5.060849,0.1347920000553131,0.48166021704673767,0.32145723700523376
YFL056C,YPR031W,0,5.0600395,0.13475559651851654,0.48166021704673767,0.3215576112270355
YJL042W,YIL065C,0,5.0595922,0.13471922278404236,0.48166021704673767,0.3216579556465149
YJR113C,YJL139C,0,5.0590935,0.13468286395072937,0.48166021704673767,0.32175832986831665
YMR012W,YLR007W,0,5.059,0.13464652001857758,0.48166021704673767,0.3218587040901184
YER061C,YJR013W,1,5.0573626,0.1348799616098404,0.48262548446655273,0.3218587040901184
YGR227W,YKL220C,0,5.0572557,0.1348435878753662,0.48262548446655273,0.3219590485095978
YPR192W,YEL013W,0,5.057137,0.13480722904205322,0.48262548446655273,0.32205942273139954
YKL054C,YKL091C,0,5.056757,0.13477088510990143,0.48262548446655273,0.3221597671508789
YOL032W,YOR100C,1,5.056306,0.13500404357910156,0.4835907220840454,0.3221597671508789
YLR061W,YLR115W,0,5.056259,0.13496766984462738,0.4835907220840454,0.32226014137268066
YOR244W,YPL058C,0,5.0555534,0.13493132591247559,0.4835907220840454,0.32236048579216003
YOL151W,YNL054W,1,5.0543113,0.13516424596309662,0.4845559895038605,0.32236048579216003
YLR328W,YDR054C,0,5.054185,0.13512785732746124,0.4845559895038605,0.3224608600139618
YOR237W,YOR175C,1,5.0534477,0.13536059856414795,0.48552122712135315,0.3224608600139618
YNL039W,YLR238W,0,5.053132,0.13532418012619019,0.48552122712135315,0.32256123423576355
YOR081C,YOR002W,1,5.0530577,0.13555675745010376,0.4864864945411682,0.32256123423576355
YPR033C,YOL103W,0,5.0528736,0.13552029430866241,0.4864864945411682,0.3226615786552429
YER044C-A,YIL034C,0,5.0522327,0.13548387587070465,0.4864864945411682,0.3227619528770447
YPR095C,YER127W,0,5.0516195,0.1354474574327469,0.4864864945411682,0.32286229729652405
YBR258C,YBR301W,0,5.051011,0.1354110687971115,0.4864864945411682,0.3229626715183258
YBR033W,YML127W,0,5.0499954,0.13537469506263733,0.4864864945411682,0.3230630159378052
YPR031W,YOL033W,0,5.049939,0.13533835113048553,0.4864864945411682,0.32316339015960693
YOL065C,YBR070C,1,5.0497723,0.1355704665184021,0.4874517321586609,0.32316339015960693
YLR066W,YDR450W,0,5.0496087,0.13553407788276672,0.4874517321586609,0.3232637643814087
YHR039C,YOR025W,1,5.0494785,0.13576602935791016,0.48841699957847595,0.3232637643814087
YDR126W,YOR383C,0,5.04758,0.1357296109199524,0.48841699957847595,0.32336410880088806
YJR094W-A,YOL033W,0,5.0470924,0.13569322228431702,0.48841699957847595,0.3234644830226898
YIR019C,YJL156C,0,5.046873,0.13565683364868164,0.48841699957847595,0.3235648274421692
YHR086W,YMR204C,0,5.0459585,0.13562047481536865,0.48841699957847595,0.32366520166397095
YDR148C,YDR541C,0,5.0452356,0.13558413088321686,0.48841699957847595,0.3237655460834503
YIL097W,YDR481C,0,5.045217,0.13554781675338745,0.48841699957847595,0.3238659203052521
YER146W,YMR150C,0,5.045136,0.13551151752471924,0.48841699957847595,0.32396626472473145
YPL231W,YLR386W,1,5.0446377,0.13574297726154327,0.48938223719596863,0.32396626472473145
YML126C,YKL154W,0,5.0442743,0.13570663332939148,0.48938223719596863,0.3240666389465332
YGL001C,YFL031W,1,5.0439825,0.1359379142522812,0.4903475046157837,0.3240666389465332
YDR400W,YOL003C,0,5.04377,0.1359015554189682,0.4903475046157837,0.32416701316833496
YHR123W,YOR067C,1,5.0435543,0.13613265752792358,0.49131274223327637,0.32416701316833496
YOR228C,YLR214W,0,5.043354,0.13609625399112701,0.49131274223327637,0.32426735758781433
YML059C,YKL212W,1,5.042849,0.13632719218730927,0.49227797985076904,0.32426735758781433
YNL294C,YPR104C,0,5.0427823,0.1362907588481903,0.49227797985076904,0.3243677318096161
YIL038C,YER042W,0,5.0409045,0.13625434041023254,0.49227797985076904,0.32446807622909546
YOR129C,YJL096W,0,5.040612,0.13621795177459717,0.49227797985076904,0.3245684504508972
YDR052C,YDL223C,0,5.040578,0.13618157804012299,0.49227797985076904,0.3246687948703766
YDR408C,YNL051W,0,5.0403953,0.13614521920681,0.49227797985076904,0.32476916909217834
YER112W,YDR481C,0,5.0390377,0.1361088901758194,0.49227797985076904,0.3248695433139801
YLL050C,YOR130C,0,5.038433,0.13607257604599,0.49227797985076904,0.3249698877334595
YOR237W,YLR260W,1,5.038287,0.13630300760269165,0.4932432472705841,0.3249698877334595
YHL019C,YKR077W,0,5.0377054,0.13626666367053986,0.4932432472705841,0.32507026195526123
YHL028W,YJR077C,0,5.037573,0.13623033463954926,0.4932432472705841,0.3251706063747406
YDR267C,YHR011W,0,5.037469,0.13619403541088104,0.4932432472705841,0.32527098059654236
YER159C,YKR062W,0,5.037401,0.13615773618221283,0.4932432472705841,0.32537132501602173
YMR149W,YJR118C,0,5.037319,0.136121466755867,0.4932432472705841,0.3254716992378235
YIL107C,YMR184W,0,5.036416,0.13608522713184357,0.4932432472705841,0.32557207345962524
YPL145C,YAR035W,1,5.0363636,0.1363152265548706,0.4942084848880768,0.32557207345962524
YOR367W,YDL132W,0,5.036099,0.1362789422273636,0.4942084848880768,0.3256724178791046
YPR056W,YMR043W,0,5.035761,0.13624268770217896,0.4942084848880768,0.32577279210090637
YMR055C,YDR490C,0,5.0356846,0.13620643317699432,0.4942084848880768,0.32587313652038574
YOR039W,YOR315W,0,5.03514,0.13617020845413208,0.4942084848880768,0.3259735107421875
YKR010C,YDR430C,0,5.0347095,0.13613401353359222,0.4942084848880768,0.32607385516166687
YCR088W,YNL250W,0,5.034258,0.13609781861305237,0.4942084848880768,0.32617422938346863
YOR267C,YDR468C,0,5.034164,0.1360616534948349,0.4942084848880768,0.326274573802948
YGL044C,YGR231C,0,5.034151,0.13602550327777863,0.4942084848880768,0.32637494802474976
YMR071C,YGL053W,0,5.0338354,0.13598938286304474,0.4942084848880768,0.3264753222465515
YDR347W,YJL207C,0,5.0336647,0.13595326244831085,0.4942084848880768,0.3265756666660309
YHR026W,YIL098C,0,5.0326257,0.13591717183589935,0.4942084848880768,0.32667604088783264
YBR204C,YHR052W,0,5.0321364,0.13588111102581024,0.4942084848880768,0.326776385307312
YOR298W,YPL069C,1,5.031745,0.13611038029193878,0.49517375230789185,0.326776385307312
YKL135C,YKR100C,0,5.0312047,0.1360742747783661,0.49517375230789185,0.32687675952911377
YDR318W,YDL174C,0,5.030549,0.1360381841659546,0.49517375230789185,0.32697710394859314
YBR293W,YPL209C,0,5.0299845,0.13600212335586548,0.49517375230789185,0.3270774781703949
YGL194C,YPL183C,0,5.0295906,0.13596607744693756,0.49517375230789185,0.32717785239219666
YLL009C,YKL025C,0,5.0291586,0.13593004643917084,0.49517375230789185,0.327278196811676
YGL219C,YNL037C,0,5.028928,0.1358940452337265,0.49517375230789185,0.3273785710334778
YJL063C,YBR289W,0,5.028784,0.13585804402828217,0.49517375230789185,0.32747891545295715
YOL144W,YDL044C,0,5.028535,0.1358220875263214,0.49517375230789185,0.3275792896747589
YML129C,YBL019W,0,5.0283613,0.13578613102436066,0.49517375230789185,0.3276796340942383
YLR399C,YBL024W,0,5.0279107,0.1357502043247223,0.49517375230789185,0.32778000831604004
YJR042W,YER041W,0,5.0274916,0.13571429252624512,0.49517375230789185,0.3278803825378418
YLR100W,YMR298W,1,5.027275,0.13594287633895874,0.4961389899253845,0.3278803825378418
YPL141C,YNR001C,0,5.026445,0.13590693473815918,0.4961389899253845,0.32798072695732117
YPL022W,YPL057C,0,5.02619,0.1358710080385208,0.4961389899253845,0.3280811011791229
YBR175W,YDR328C,0,5.025708,0.13583509624004364,0.4961389899253845,0.3281814455986023
YDR025W,YDR051C,0,5.0256166,0.13579921424388885,0.4961389899253845,0.32828181982040405
YCL044C,YLR044C,0,5.0244455,0.13576333224773407,0.4961389899253845,0.3283821642398834
YOL058W,YML042W,0,5.0242176,0.13572749495506287,0.4961389899253845,0.3284825384616852
YLR332W,YOR167C,0,5.020589,0.13569165766239166,0.4961389899253845,0.32858291268348694
YLR099C,YMR246W,1,5.0198746,0.13591976463794708,0.4971042573451996,0.32858291268348694
YJR126C,YNL133C,0,5.0194445,0.13588391244411469,0.4971042573451996,0.3286832571029663
YIL073C,YML021C,0,5.0179024,0.1358480602502823,0.4971042573451996,0.32878363132476807
YOL021C,YGR279C,0,5.017252,0.13581223785877228,0.4971042573451996,0.32888397574424744
YDR118W,YNL162W,0,5.0169935,0.13577643036842346,0.4971042573451996,0.3289843499660492
YKL138C,YLR249W,0,5.0163493,0.13574063777923584,0.4971042573451996,0.32908469438552856
YMR220W,YMR313C,1,5.0162363,0.1359683722257614,0.49806949496269226,0.32908469438552856
YKL101W,YLR368W,0,5.0153837,0.1359325647354126,0.49806949496269226,0.3291850686073303
YER060W,YDR004W,0,5.014759,0.13589675724506378,0.49806949496269226,0.3292854130268097
YGR059W,YAL032C,0,5.0140905,0.13586097955703735,0.49806949496269226,0.32938578724861145
YLR116W,YLR201C,0,5.014044,0.13582521677017212,0.49806949496269226,0.3294861614704132
YFR049W,YDR143C,0,5.013851,0.13578946888446808,0.49806949496269226,0.3295865058898926
YML082W,YDR168W,0,5.013764,0.13575375080108643,0.49806949496269226,0.32968688011169434
YDL143W,YOL017W,0,5.013282,0.13571804761886597,0.49806949496269226,0.3297872245311737
YLR323C,YKL155C,0,5.012752,0.1356823593378067,0.49806949496269226,0.32988759875297546
YDR422C,YMR199W,0,5.0120535,0.13564668595790863,0.49806949496269226,0.32998794317245483
YER061C,YOR126C,1,5.011782,0.13587385416030884,0.4990347623825073,0.32998794317245483
YNL164C,YHR139C,0,5.009604,0.13583815097808838,0.4990347623825073,0.3300883173942566
YAL053W,YPL160W,0,5.008358,0.1358024626970291,0.4990347623825073,0.33018869161605835
YPL253C,YJL083W,0,5.0077195,0.13576680421829224,0.4990347623825073,0.3302890360355377
YNL315C,YJL212C,0,5.004894,0.13573116064071655,0.4990347623825073,0.3303894102573395
YBR034C,YOR192C,0,5.004779,0.13569553196430206,0.4990347623825073,0.33048975467681885
YBR091C,YDR202C,0,5.004188,0.13565993309020996,0.4990347623825073,0.3305901288986206
YNL219C,YLR450W,1,5.0039425,0.13588666915893555,0.5,0.3305901288986206
YML023C,YDL056W,0,5.003746,0.13585104048252106,0.5,0.3306904733181
YNL339C,YNL132W,0,5.0021267,0.13581541180610657,0.5,0.33079084753990173
YDL155W,YOL127W,0,5.001947,0.13577981293201447,0.5,0.3308912217617035
YHR102W,YDR408C,0,5.0018625,0.13574422895908356,0.5,0.33099156618118286
YDR046C,YIL040W,0,5.001443,0.13570867478847504,0.5,0.3310919404029846
YBR088C,YNL177C,0,5.001388,0.13567312061786652,0.5,0.331192284822464
YNL246W,YNL161W,0,5.0007095,0.13563759624958038,0.5,0.33129265904426575
YGL130W,YDL145C,0,5.000454,0.13560210168361664,0.5,0.3313930034637451
YKL099C,YPR036W,0,4.998935,0.1355666071176529,0.5,0.3314933776855469
YPR019W,YPL091W,0,4.9986963,0.13553114235401154,0.5,0.33159375190734863
YJR067C,YMR150C,0,4.997757,0.13549567759037018,0.5,0.331694096326828
YNL068C,YHR084W,0,4.997735,0.1354602575302124,0.5,0.33179447054862976
YPL187W,YGR260W,0,4.9975395,0.13542483747005463,0.5,0.33189481496810913
YLL031C,YPL183C,0,4.997423,0.13538944721221924,0.5,0.3319951891899109
YOL148C,YER056C-A,0,4.996543,0.13535405695438385,0.5,0.33209553360939026
YPR178W,YLR116W,0,4.9946957,0.13531871140003204,0.5,0.332195907831192
YIL036W,YIL026C,0,4.993593,0.13528336584568024,0.5,0.3322962522506714
YHR146W,YPR065W,0,4.993059,0.13524803519248962,0.5,0.33239662647247314
YBL039C,YOR298W,1,4.9921756,0.13547377288341522,0.5009652376174927,0.33239662647247314
YDR390C,YKL116C,0,4.9918303,0.13543841242790222,0.5009652376174927,0.3324970006942749
YOL138C,YPR143W,0,4.990638,0.1354030817747116,0.5009652376174927,0.3325973451137543
YPR168W,YFL044C,0,4.990488,0.1353677660226822,0.5009652376174927,0.33269771933555603
YER019W,YMR158W,0,4.990421,0.13533246517181396,0.5009652376174927,0.3327980637550354
YCR009C,YOR080W,0,4.9902716,0.13529717922210693,0.5009652376174927,0.33289843797683716
YPR049C,YGL134W,0,4.989682,0.1352619230747223,0.5009652376174927,0.33299878239631653
YHL035C,YPL195W,0,4.9893,0.13522668182849884,0.5009652376174927,0.3330991566181183
YKR064W,YER056C-A,0,4.9888167,0.13519145548343658,0.5009652376174927,0.33319953083992004
YER012W,YBL051C,0,4.9882493,0.13515624403953552,0.5009652376174927,0.3332998752593994
YPL103C,YML010W,0,4.988055,0.13512106239795685,0.5009652376174927,0.33340024948120117
YJR155W,YOR257W,0,4.987747,0.13508589565753937,0.5009652376174927,0.33350059390068054
YGR004W,YOL120C,0,4.9874887,0.13505074381828308,0.5009652376174927,0.3336009681224823
YNL068C,YJR089W,0,4.9861164,0.135015606880188,0.5009652376174927,0.33370131254196167
YCR044C,YJL153C,1,4.9859886,0.1352405697107315,0.5019304752349854,0.33370131254196167
YNL065W,YOR046C,0,4.985392,0.13520540297031403,0.5019304752349854,0.3338016867637634
YHR102W,YKL034W,0,4.985319,0.13517026603221893,0.5019304752349854,0.3339020609855652
YBR188C,YPL140C,0,4.9851055,0.13513512909412384,0.5019304752349854,0.33400240540504456
YPL063W,YDR163W,0,4.9846396,0.13510002195835114,0.5019304752349854,0.3341027796268463
YBR078W,YOR369C,0,4.984332,0.13506492972373962,0.5019304752349854,0.3342031240463257
YNL247W,YJR073C,0,4.9815636,0.1350298672914505,0.5019304752349854,0.33430349826812744
YER148W,YLR127C,0,4.981559,0.13499480485916138,0.5019304752349854,0.3344038426876068
YNL244C,YFL034C-B,0,4.9808583,0.13495977222919464,0.5019304752349854,0.33450421690940857
YOR381W,YGL021W,0,4.98071,0.1349247545003891,0.5019304752349854,0.3346045911312103
YLR158C,YPL028W,0,4.980596,0.13488975167274475,0.5019304752349854,0.3347049355506897
YBR103W,YOR035C,0,4.980528,0.1348547786474228,0.5019304752349854,0.33480530977249146
YDR408C,YCR028C,0,4.9799175,0.13481980562210083,0.5019304752349854,0.3349056541919708
YMR041C,YML092C,0,4.9785376,0.13478486239910126,0.5019304752349854,0.3350060284137726
YLR147C,YAL021C,0,4.9775367,0.13474993407726288,0.5019304752349854,0.33510637283325195
YLR328W,YCR098C,0,4.977,0.1347150206565857,0.5019304752349854,0.3352067470550537
YHR188C,YLR239C,1,4.9766703,0.13493913412094116,0.5028957724571228,0.3352067470550537
YIL156W,YLR116W,0,4.976451,0.1349041908979416,0.5028957724571228,0.3353070914745331
YHR200W,YGL213C,0,4.9763403,0.1348692774772644,0.5028957724571228,0.33540746569633484
YPL061W,YMR309C,0,4.9760385,0.13483436405658722,0.5028957724571228,0.3355078399181366
YBR160W,YBL057C,0,4.9759197,0.13479948043823242,0.5028957724571228,0.33560818433761597
YPL076W,YDR297W,1,4.9750404,0.13502328097820282,0.5038610100746155,0.33560818433761597
YCL052C,YDR191W,1,4.974348,0.13524696230888367,0.5048262476921082,0.33560818433761597
YJR158W,YPL157W,0,4.9742956,0.1352119892835617,0.5048262476921082,0.3357085585594177
YPL178W,YER113C,0,4.9739847,0.13517704606056213,0.5048262476921082,0.3358089029788971
YDR448W,YGL195W,0,4.9738555,0.13514211773872375,0.5048262476921082,0.33590927720069885
YLR361C,YKL052C,0,4.973283,0.13510720431804657,0.5048262476921082,0.3360096216201782
YKL092C,YOR189W,0,4.972803,0.13507232069969177,0.5048262476921082,0.33610999584198
YML069W,YGR028W,0,4.9725924,0.13503743708133698,0.5048262476921082,0.33621037006378174
YHR020W,YBL050W,0,4.971832,0.13500258326530457,0.5048262476921082,0.3363107144832611
YNL083W,YPL220W,0,4.9717474,0.13496774435043335,0.5048262476921082,0.33641108870506287
YFR050C,YHR190W,0,4.9716616,0.13493292033672333,0.5048262476921082,0.33651143312454224
YGR159C,YJR158W,0,4.971406,0.1348981112241745,0.5048262476921082,0.336611807346344
YLL052C,YGR041W,0,4.9713264,0.13486333191394806,0.5048262476921082,0.33671215176582336
YGR055W,YNL007C,0,4.971115,0.1348285675048828,0.5048262476921082,0.3368125259876251
YPR054W,YPL234C,0,4.9707108,0.13479381799697876,0.5048262476921082,0.3369129002094269
YKR034W,YJL019W,0,4.970511,0.1347590833902359,0.5048262476921082,0.33701324462890625
YFR028C,YOR179C,0,4.9686966,0.13472436368465424,0.5048262476921082,0.337113618850708
YML077W,YDR044W,0,4.968305,0.13468967378139496,0.5048262476921082,0.3372139632701874
YBL016W,YAR007C,0,4.968022,0.13465499877929688,0.5048262476921082,0.33731433749198914
YMR217W,YKL080W,0,4.964287,0.13462033867835999,0.5048262476921082,0.3374146819114685
YDL079C,YHR006W,0,4.963849,0.1345856934785843,0.5048262476921082,0.33751505613327026
YMR314W,YFR030W,0,4.9631586,0.1345510631799698,0.5048262476921082,0.337615430355072
YKL006W,YOR037W,0,4.9612856,0.13451646268367767,0.5048262476921082,0.3377157747745514
YIR033W,YHR123W,1,4.9612823,0.1347390115261078,0.5057914853096008,0.3377157747745514
YOL007C,YNL115C,0,4.961187,0.1347043663263321,0.5057914853096008,0.33781614899635315
YNL156C,YOR377W,1,4.9602385,0.13492675125598907,0.5067567825317383,0.33781614899635315
YKR030W,YIL041W,0,4.9601703,0.13489209115505219,0.5067567825317383,0.3379164934158325
YFL029C,YGL107C,0,4.957957,0.1348574310541153,0.5067567825317383,0.3380168676376343
YNL325C,YDR516C,0,4.9572964,0.1348228007555008,0.5067567825317383,0.33811721205711365
YMR298W,YKR009C,1,4.9571953,0.13504493236541748,0.507722020149231,0.33811721205711365
YHL009C,YDR013W,0,4.9570084,0.1350102722644806,0.507722020149231,0.3382175862789154
YER026C,YKL212W,1,4.9563007,0.13523222506046295,0.5086872577667236,0.3382175862789154
YHR203C,YGR241C,0,4.956151,0.13519753515720367,0.5086872577667236,0.3383179306983948
YNR056C,YML025C,0,4.9554415,0.1351628601551056,0.5086872577667236,0.33841830492019653
YER091C,YLR421C,0,4.9554224,0.1351282000541687,0.5086872577667236,0.3385186791419983
YNL093W,YLR193C,0,4.955291,0.1350935697555542,0.5086872577667236,0.33861902356147766
YLR368W,YJR041C,0,4.9542274,0.1350589394569397,0.5086872577667236,0.3387193977832794
YPL061W,YDR219C,0,4.9539413,0.13502433896064758,0.5086872577667236,0.3388197422027588
YDL130W,YKL116C,0,4.95368,0.13498975336551666,0.5086872577667236,0.33892011642456055
YGR009C,YLR226W,0,4.953497,0.13495518267154694,0.5086872577667236,0.3390204608440399
YOR328W,YDR441C,0,4.9528613,0.1349206417798996,0.5086872577667236,0.3391208350658417
YMR286W,YPL169C,0,4.9525733,0.13488610088825226,0.5086872577667236,0.33922120928764343
YNL315C,YGR202C,0,4.952048,0.1348515897989273,0.5086872577667236,0.3393215537071228
YLR139C,YDR236C,0,4.951989,0.13481709361076355,0.5086872577667236,0.33942192792892456
YNR019W,YFL029C,0,4.9514165,0.134782612323761,0.5086872577667236,0.33952227234840393
YCR044C,YOR175C,1,4.950144,0.13500383496284485,0.5096524953842163,0.33952227234840393
YJR158W,YOL016C,0,4.949604,0.1349693238735199,0.5096524953842163,0.3396226465702057
YDR160W,YPL231W,0,4.9494286,0.13493482768535614,0.5096524953842163,0.33972299098968506
YCL061C,YPR075C,0,4.949329,0.13490036129951477,0.5096524953842163,0.3398233652114868
YDR480W,YNR059W,0,4.949027,0.1348658949136734,0.5096524953842163,0.3399237394332886
YMR281W,YPL192C,0,4.9485407,0.13483145833015442,0.5096524953842163,0.34002408385276794
YPL156C,YGR280C,0,4.948304,0.13479703664779663,0.5096524953842163,0.3401244580745697
YJR126C,YKR027W,0,4.947819,0.13476262986660004,0.5096524953842163,0.3402248024940491
YCR088W,YER060W-A,0,4.947385,0.13472825288772583,0.5096524953842163,0.34032517671585083
YDR487C,YDR054C,0,4.947284,0.13469387590885162,0.5096524953842163,0.3404255211353302
YJL083W,YLR304C,1,4.947037,0.1349145621061325,0.510617733001709,0.3404255211353302
YHR042W,YPL117C,1,4.9462233,0.13513512909412384,0.5115830302238464,0.3404255211353302
YGL224C,YKL167C,0,4.9451,0.13510069251060486,0.5115830302238464,0.34052589535713196
YKR065C,YOR028C,0,4.945022,0.13506625592708588,0.5115830302238464,0.34062623977661133
YLR256W,YNL256W,0,4.945012,0.13503184914588928,0.5115830302238464,0.3407266139984131
YML095C,YML129C,0,4.944373,0.13499745726585388,0.5115830302238464,0.34082698822021484
YPL148C,YOR059C,1,4.943984,0.13521772623062134,0.5125482678413391,0.34082698822021484
YLR056W,YOR149C,1,4.942737,0.13543787598609924,0.5135135054588318,0.34082698822021484
YJL167W,YOR067C,1,4.9425135,0.1356579214334488,0.5144787430763245,0.34082698822021484
YGR218W,YEL059C-A,0,4.941655,0.13562341034412384,0.5144787430763245,0.3409273326396942
YMR044W,YIL085C,0,4.9410877,0.13558891415596008,0.5144787430763245,0.34102770686149597
YPL074W,YDL014W,0,4.940276,0.13555441796779633,0.5144787430763245,0.34112805128097534
YNL128W,YNR016C,1,4.938874,0.13577422499656677,0.5154440402984619,0.34112805128097534
YML012W,YER148W,0,4.9388013,0.13573969900608063,0.5154440402984619,0.3412284255027771
YPR113W,YDR503C,1,4.938451,0.13595934212207794,0.5164092779159546,0.3412284255027771
YOR321W,YJR065C,0,4.9380827,0.1359248012304306,0.5164092779159546,0.34132876992225647
YNR027W,YJL045W,0,4.9379244,0.13589027523994446,0.5164092779159546,0.3414291441440582
YIL160C,YOR100C,1,4.9378276,0.13610969483852386,0.5173745155334473,0.3414291441440582
YPL057C,YNL264C,1,4.937112,0.13632901012897491,0.5183397531509399,0.3414291441440582
YLR215C,YKR009C,0,4.93584,0.1362944096326828,0.5183397531509399,0.34152951836586
YDR342C,YFR032C-A,0,4.9345446,0.13625983893871307,0.5183397531509399,0.34162986278533936
YNL294C,YMR156C,0,4.934497,0.13622526824474335,0.5183397531509399,0.3417302370071411
YER111C,YML127W,0,4.9318094,0.13619071245193481,0.5183397531509399,0.3418305814266205
YOR271C,YNL225C,0,4.9313207,0.13615618646144867,0.5183397531509399,0.34193095564842224
YGL192W,YPR101W,0,4.929746,0.13612167537212372,0.5183397531509399,0.3420313000679016
YDR147W,YPR173C,1,4.92902,0.13634060323238373,0.5193049907684326,0.3420313000679016
YMR008C,YDR173C,1,4.928541,0.1365594118833542,0.5202702879905701,0.3420313000679016
YOL001W,YGL213C,0,4.9284973,0.13652482628822327,0.5202702879905701,0.34213167428970337
YGL058W,YGR033C,0,4.928352,0.13649025559425354,0.5202702879905701,0.3422320485115051
YKL004W,YDR434W,1,4.9281816,0.13670885562896729,0.5212355256080627,0.3422320485115051
YPL074W,YLR433C,0,4.9278426,0.13667425513267517,0.5212355256080627,0.3423323929309845
YML106W,YIR019C,0,4.9274244,0.13663966953754425,0.5212355256080627,0.34243276715278625
YBR030W,YNL039W,0,4.9271803,0.13660511374473572,0.5212355256080627,0.3425331115722656
YOR255W,YDR320C,0,4.9268003,0.13657055795192719,0.5212355256080627,0.3426334857940674
YIL160C,YOR149C,1,4.9263163,0.13678887486457825,0.5222007632255554,0.3426334857940674
YBR024W,YGR121C,0,4.926034,0.13675430417060852,0.5222007632255554,0.34273383021354675
YGR165W,YGL087C,0,4.925984,0.1367197334766388,0.5222007632255554,0.3428342044353485
YOL058W,YDR156W,0,4.925949,0.13668519258499146,0.5222007632255554,0.34293457865715027
YDR145W,YPR145W,0,4.9258285,0.1366506665945053,0.5222007632255554,0.34303492307662964
YBR127C,YCR106W,0,4.9255695,0.13661615550518036,0.5222007632255554,0.3431352972984314
YLR451W,YJR058C,0,4.925302,0.1365816742181778,0.5222007632255554,0.34323564171791077
YDR471W,YIL039W,0,4.925194,0.13654719293117523,0.5222007632255554,0.3433360159397125
YKR022C,YKR080W,0,4.9249787,0.13651274144649506,0.5222007632255554,0.3434363603591919
YOL064C,YML010W,0,4.9245434,0.13647830486297607,0.5222007632255554,0.34353673458099365
YPL047W,YER026C,0,4.9243517,0.1364438831806183,0.5222007632255554,0.343637079000473
YDR179C,YPL207W,0,4.923843,0.1364094763994217,0.5222007632255554,0.3437374532222748
YBL103C,YGL129C,0,4.923356,0.13637509942054749,0.5222007632255554,0.34383782744407654
YDL122W,YDR016C,0,4.9225645,0.13634072244167328,0.5222007632255554,0.3439381718635559
YPL013C,YOL113W,0,4.922217,0.13630637526512146,0.5222007632255554,0.34403854608535767
YEL027W,YGR194C,0,4.9216137,0.13627204298973083,0.5222007632255554,0.34413889050483704
YJL159W,YPL018W,0,4.9214935,0.1362377256155014,0.5222007632255554,0.3442392647266388
YIL074C,YHR107C,0,4.9203196,0.13620342314243317,0.5222007632255554,0.34433960914611816
YDR522C,YLL057C,0,4.920101,0.13616913557052612,0.5222007632255554,0.3444399833679199
YOL007C,YHL047C,0,4.919965,0.13613487780094147,0.5222007632255554,0.3445403575897217
YNL025C,YIL041W,0,4.9175663,0.136100634932518,0.5222007632255554,0.34464070200920105
YKL213C,YNL055C,0,4.9172,0.13606639206409454,0.5222007632255554,0.3447410762310028
YIR022W,YMR009W,0,4.9171276,0.13603217899799347,0.5222007632255554,0.3448414206504822
YPL058C,YHR039C,1,4.9171133,0.136249378323555,0.5231660008430481,0.3448414206504822
YFL005W,YLR010C,0,4.91675,0.13621513545513153,0.5231660008430481,0.34494179487228394
YCR106W,YER083C,0,4.916317,0.13618090748786926,0.5231660008430481,0.3450421392917633
YBR186W,YBL024W,0,4.916314,0.1361466944217682,0.5231660008430481,0.34514251351356506
YCR021C,YLR385C,0,4.9155846,0.1361125111579895,0.5231660008430481,0.3452428877353668
YOR174W,YKL197C,0,4.915362,0.13607832789421082,0.5231660008430481,0.3453432321548462
YDL108W,YGR202C,0,4.914442,0.13604417443275452,0.5231660008430481,0.34544360637664795
YDL078C,YPR002W,1,4.9138947,0.1362609714269638,0.5241312980651855,0.34544360637664795
YOL137W,YOL113W,0,4.913574,0.13622678816318512,0.5241312980651855,0.3455439507961273
YBR046C,YIL062C,0,4.912163,0.13619261980056763,0.5241312980651855,0.3456443250179291
YBR036C,YGR212W,0,4.9119015,0.13615848124027252,0.5241312980651855,0.34574466943740845
YDL081C,YOR290C,0,4.9115877,0.13612434267997742,0.5241312980651855,0.3458450436592102
YNL275W,YOR090C,0,4.9106655,0.1360902190208435,0.5241312980651855,0.34594541788101196
YDR480W,YOR033C,0,4.910371,0.13605612516403198,0.5241312980651855,0.34604576230049133
YBR103W,YDR406W,0,4.9086456,0.13602204620838165,0.5241312980651855,0.3461461365222931
YML029W,YOL110W,0,4.9085035,0.13598798215389252,0.5241312980651855,0.34624648094177246
YML121W,YML064C,0,4.9077744,0.13595393300056458,0.5241312980651855,0.3463468551635742
YML038C,YLR439W,0,4.90732,0.13591989874839783,0.5241312980651855,0.3464471995830536
YNL264C,YOR311C,1,4.9073005,0.13613612949848175,0.5250965356826782,0.3464471995830536
YCR054C,YPL023C,0,4.906126,0.1361020803451538,0.5250965356826782,0.34654757380485535
YBR272C,YPL153C,0,4.9058504,0.13606803119182587,0.5250965356826782,0.3466479182243347
YBR005W,YHL019C,0,4.9053802,0.1360340118408203,0.5250965356826782,0.3467482924461365
YLR229C,YBR207W,0,4.9051933,0.13600000739097595,0.5250965356826782,0.34684866666793823
YDR471W,YOL058W,0,4.904661,0.1359660029411316,0.5250965356826782,0.3469490110874176
YGR103W,YPR100W,0,4.9037495,0.13593202829360962,0.5250965356826782,0.34704938530921936
YFL029C,YCL016C,0,4.9034405,0.13589808344841003,0.5250965356826782,0.34714972972869873
YML005W,YLR448W,0,4.903163,0.13586413860321045,0.5250965356826782,0.3472501039505005
YOR372C,YGL115W,0,4.9030304,0.13583020865917206,0.5250965356826782,0.34735044836997986
YNL130C,YIL008W,0,4.902508,0.13579630851745605,0.5250965356826782,0.3474508225917816
YOR171C,YKL008C,1,4.901983,0.1360119730234146,0.5260617733001709,0.3474508225917816
YIL013C,YLR266C,0,4.901416,0.13597804307937622,0.5260617733001709,0.3475511968135834
YOR086C,YLR336C,0,4.9012394,0.13594412803649902,0.5260617733001709,0.34765154123306274
YDR038C,YOR359W,0,4.9008822,0.13591022789478302,0.5260617733001709,0.3477519154548645
YGL022W,YDR221W,0,4.900751,0.1358763426542282,0.5260617733001709,0.34785225987434387
YJR067C,YNL036W,0,4.900672,0.1358424723148346,0.5260617733001709,0.34795263409614563
YGL025C,YOL146W,0,4.9004345,0.13580861687660217,0.5260617733001709,0.348052978515625
YOR086C,YHL038C,0,4.900011,0.13577479124069214,0.5260617733001709,0.34815335273742676
YDR439W,YKL149C,0,4.8996925,0.1357409656047821,0.5260617733001709,0.3482537269592285
YCR092C,YBR166C,0,4.898863,0.13570716977119446,0.5260617733001709,0.3483540713787079
YOR332W,YBR048W,0,4.897909,0.135673388838768,0.5260617733001709,0.34845444560050964
YFR051C,YOR334W,0,4.8968735,0.13563962280750275,0.5260617733001709,0.348554790019989
YDL100C,YOR155C,0,4.8966556,0.13560587167739868,0.5260617733001709,0.34865516424179077
YLR142W,YNR075W,0,4.8961554,0.1355721354484558,0.5260617733001709,0.34875550866127014
YIL008W,YIL121W,0,4.8955927,0.13553842902183533,0.5260617733001709,0.3488558828830719
YPR049C,YMR261C,0,4.895362,0.13550472259521484,0.5260617733001709,0.34895625710487366
YMR291W,YLR367W,0,4.894965,0.13547104597091675,0.5260617733001709,0.349056601524353
YOR064C,YFR046C,0,4.8945837,0.13543736934661865,0.5260617733001709,0.3491569757461548
YOR229W,YOR125C,0,4.8941174,0.13540372252464294,0.5260617733001709,0.34925732016563416
YPR005C,YDR329C,0,4.893882,0.13537009060382843,0.5260617733001709,0.3493576943874359
YPL169C,YIL121W,0,4.8925123,0.1353364735841751,0.5260617733001709,0.3494580388069153
YML106W,YDR408C,0,4.8887386,0.13530288636684418,0.5260617733001709,0.34955841302871704
YNR045W,YDR437W,0,4.8886137,0.13526929914951324,0.5260617733001709,0.3496587574481964
YIL090W,YOR117W,0,4.888135,0.1352357268333435,0.5260617733001709,0.34975913166999817
YOL006C,YOR092W,0,4.887616,0.13520218431949615,0.5260617733001709,0.3498595058917999
YOR096W,YDR501W,0,4.887144,0.13516865670681,0.5260617733001709,0.3499598503112793
YBL091C-A,YNL106C,1,4.8866577,0.13538308441638947,0.5270270109176636,0.3499598503112793
YJL196C,YPR070W,0,4.8862743,0.13534952700138092,0.5270270109176636,0.35006022453308105
YJL121C,YLR127C,0,4.885892,0.13531598448753357,0.5270270109176636,0.3501605689525604
YOR037W,YPL254W,0,4.8856735,0.1352824568748474,0.5270270109176636,0.3502609431743622
YPL164C,YNR059W,0,4.8854184,0.13524894416332245,0.5270270109176636,0.35036128759384155
YNL289W,YPR183W,0,4.884593,0.13521544635295868,0.5270270109176636,0.3504616618156433
YCR038C,YNL292W,0,4.8837156,0.1351819783449173,0.5270270109176636,0.35056203603744507
YMR251W-A,YDL065C,0,4.8834476,0.13514851033687592,0.5270270109176636,0.35066238045692444
YGR106C,YOR140W,0,4.88258,0.13511507213115692,0.5270270109176636,0.3507627546787262
YOR010C,YOL127W,0,4.881489,0.13508164882659912,0.5270270109176636,0.35086309909820557
YNL210W,YMR058W,0,4.8808894,0.13504822552204132,0.5270270109176636,0.3509634733200073
YPR049C,YLR238W,0,4.880807,0.1350148320198059,0.5270270109176636,0.3510638177394867
YGL116W,YPL018W,0,4.8793373,0.1349814534187317,0.5270270109176636,0.35116419196128845
YNR041C,YLR367W,0,4.8790703,0.13494808971881866,0.5270270109176636,0.3512645661830902
YDR171W,YLR079W,0,4.878839,0.13491475582122803,0.5270270109176636,0.3513649106025696
YDR422C,YKL062W,0,4.8784113,0.1348814219236374,0.5270270109176636,0.35146528482437134
YIL007C,YBR055C,0,4.8774023,0.13484811782836914,0.5270270109176636,0.3515656292438507
YPL095C,YOR016C,0,4.875424,0.1348148137331009,0.5270270109176636,0.35166600346565247
YBR177C,YBR026C,1,4.8744073,0.1350283920764923,0.5279922485351562,0.35166600346565247
YPR169W,YLR135W,0,4.874191,0.13499505817890167,0.5279922485351562,0.35176634788513184
YDR091C,YDL220C,0,4.8741627,0.13496175408363342,0.5279922485351562,0.3518667221069336
YDR279W,YGL077C,0,4.873082,0.13492846488952637,0.5279922485351562,0.35196709632873535
YDR099W,YOR049C,0,4.8727756,0.1348951905965805,0.5279922485351562,0.3520674407482147
YDL164C,YNL129W,0,4.8723006,0.13486193120479584,0.5279922485351562,0.3521678149700165
YKR086W,YGL253W,0,4.8720484,0.13482868671417236,0.5279922485351562,0.35226815938949585
YEL020C,YKL043W,0,4.87204,0.13479547202587128,0.5279922485351562,0.3523685336112976
YOR237W,YBR265W,1,4.87121,0.13500861823558807,0.5289575457572937,0.3523685336112976
YDR339C,YJL045W,0,4.870976,0.1349753737449646,0.5289575457572937,0.352468878030777
YPL189W,YLR128W,0,4.8704834,0.13494212925434113,0.5289575457572937,0.35256925225257874
YOR258W,YBL020W,0,4.870098,0.13490891456604004,0.5289575457572937,0.3526695966720581
YNL315C,YAL021C,0,4.869827,0.13487571477890015,0.5289575457572937,0.35276997089385986
YKR059W,YMR208W,0,4.8694096,0.13484251499176025,0.5289575457572937,0.3528703451156616
YER061C,YDR143C,0,4.869299,0.13480934500694275,0.5289575457572937,0.352970689535141
YML085C,YDL139C,0,4.868932,0.13477618992328644,0.5289575457572937,0.35307106375694275
YMR081C,YGR076C,0,4.86856,0.13474304974079132,0.5289575457572937,0.3531714081764221
YMR113W,YPR005C,0,4.8681927,0.1347099244594574,0.5289575457572937,0.3532717823982239
YJL207C,YDR409W,0,4.86781,0.13467682898044586,0.5289575457572937,0.35337212681770325
YMR006C,YMR272C,1,4.8675833,0.13488943874835968,0.5299227833747864,0.35337212681770325
YOR290C,YDR166C,0,4.8672304,0.13485629856586456,0.5299227833747864,0.353472501039505
YER021W,YML086C,0,4.8669887,0.13482318818569183,0.5299227833747864,0.35357287526130676
YLR178C,YGR138C,0,4.866375,0.1347900778055191,0.5299227833747864,0.35367321968078613
YHR005C,YMR195W,0,4.866035,0.13475699722766876,0.5299227833747864,0.3537735939025879
YCR018C,YBR110W,0,4.8654084,0.13472393155097961,0.5299227833747864,0.35387393832206726
YHR062C,YKR007W,0,4.8649673,0.13469088077545166,0.5299227833747864,0.353974312543869
YMR287C,YLR367W,0,4.863839,0.1346578299999237,0.5299227833747864,0.3540746569633484
YPL198W,YJR047C,0,4.863496,0.13462480902671814,0.5299227833747864,0.35417503118515015
YOR155C,YKL087C,0,4.863345,0.13459181785583496,0.5299227833747864,0.3542754054069519
YOR256C,YOR047C,0,4.86332,0.13455882668495178,0.5299227833747864,0.3543757498264313
YLR405W,YOR257W,0,4.8633003,0.1345258504152298,0.5299227833747864,0.35447612404823303
YPL030W,YDR047W,0,4.8632517,0.134492889046669,0.5299227833747864,0.3545764684677124
YML023C,YDL020C,0,4.8628736,0.1344599574804306,0.5299227833747864,0.35467684268951416
YOL077W-A,YNL164C,0,4.862148,0.1344270259141922,0.5299227833747864,0.35477718710899353
YEL018W,YJR153W,0,4.8612514,0.13439412415027618,0.5299227833747864,0.3548775613307953
YGR278W,YIL125W,0,4.8610973,0.13436123728752136,0.5299227833747864,0.35497790575027466
YIL153W,YJL008C,0,4.86015,0.13432836532592773,0.5299227833747864,0.3550782799720764
YER143W,YJR093C,0,4.860077,0.1342954933643341,0.5299227833747864,0.3551786541938782
YDR176W,YJR152W,0,4.8598046,0.13426265120506287,0.5299227833747864,0.35527899861335754
YHR188C,YOL095C,0,4.858974,0.13422982394695282,0.5299227833747864,0.3553793728351593
YJL057C,YKL069W,0,4.8580704,0.13419701159000397,0.5299227833747864,0.35547971725463867
YHR073W,YPL170W,1,4.8579926,0.1344086080789566,0.530888020992279,0.35547971725463867
YGR007W,YNL264C,1,4.8577614,0.1346200853586197,0.5318532586097717,0.35547971725463867
YOR191W,YGR279C,0,4.857538,0.13458719849586487,0.5318532586097717,0.35558009147644043
YJL151C,YNL125C,0,4.8570137,0.13455434143543243,0.5318532586097717,0.3556804358959198
YGR013W,YDL137W,0,4.85626,0.134521484375,0.5318532586097717,0.35578081011772156
YDR012W,YOL008W,0,4.8561344,0.13448865711688995,0.5318532586097717,0.3558811843395233
YLR098C,YER012W,0,4.8556485,0.1344558298587799,0.5318532586097717,0.3559815287590027
YMR247C,YHR215W,0,4.854945,0.13442303240299225,0.5318532586097717,0.35608190298080444
YNL278W,YAL026C,0,4.854088,0.13439024984836578,0.5318532586097717,0.3561822474002838
YNL049C,YJR125C,0,4.853938,0.13435746729373932,0.5318532586097717,0.35628262162208557
YOR312C,YDR175C,0,4.8535547,0.13432471454143524,0.5318532586097717,0.35638296604156494
YOR010C,YOR143C,0,4.85221,0.13429197669029236,0.5318532586097717,0.3564833402633667
YIR037W,YPL192C,0,4.851885,0.13425925374031067,0.5318532586097717,0.35658371448516846
YPR128C,YNR069C,0,4.8511004,0.13422654569149017,0.5318532586097717,0.3566840589046478
YLR181C,YGL131C,0,4.8498125,0.13419386744499207,0.5318532586097717,0.3567844331264496
YGL150C,YML058W,0,4.849581,0.13416118919849396,0.5318532586097717,0.35688477754592896
YAL068C,YOR045W,0,4.8494754,0.13412852585315704,0.5318532586097717,0.3569851517677307
YJR009C,YDR292C,0,4.8485346,0.13409589231014252,0.5318532586097717,0.3570854961872101
YOR016C,YDR315C,0,4.847779,0.134063258767128,0.5318532586097717,0.35718587040901184
YER099C,YGR247W,0,4.847691,0.13403065502643585,0.5318532586097717,0.3572862446308136
YOR360C,YJR143C,0,4.8471584,0.1339980512857437,0.5318532586097717,0.35738658905029297
YER028C,YPR100W,0,4.8469887,0.13396547734737396,0.5318532586097717,0.3574869632720947
YOR201C,YBR088C,0,4.846793,0.1339329183101654,0.5318532586097717,0.3575873076915741
YML066C,YMR072W,0,4.8467455,0.13390035927295685,0.5318532586097717,0.35768768191337585
YIL099W,YBL046W,0,4.845374,0.13386783003807068,0.5318532586097717,0.3577880263328552
YJL123C,YJL221C,0,4.844291,0.1338353157043457,0.5318532586097717,0.357888400554657
YMR192W,YGL053W,0,4.843384,0.13380281627178192,0.5318532586097717,0.35798874497413635
YNR041C,YJL100W,1,4.842826,0.1340131163597107,0.5328185558319092,0.35798874497413635
YIR012W,YPL173W,0,4.8424206,0.13398058712482452,0.5328185558319092,0.3580891191959381
YOR373W,YDR315C,0,4.8421764,0.13394807279109955,0.5328185558319092,0.35818949341773987
YLL038C,YLR077W,0,4.8414173,0.13391557335853577,0.5328185558319092,0.35828983783721924
YPL248C,YGR284C,0,4.8411965,0.13388308882713318,0.5328185558319092,0.358390212059021
YNL039W,YGL208W,0,4.8410015,0.13385063409805298,0.5328185558319092,0.35849055647850037
YDR055W,YPR161C,0,4.8404937,0.13381817936897278,0.5328185558319092,0.3585909307003021
YPL248C,YIL033C,0,4.840016,0.13378575444221497,0.5328185558319092,0.3586912751197815
YOR384W,YGL223C,0,4.839762,0.13375332951545715,0.5328185558319092,0.35879164934158325
YGL210W,YCR028C,0,4.8394213,0.13372093439102173,0.5328185558319092,0.358892023563385
YBL006C,YLR360W,0,4.8392267,0.1336885392665863,0.5328185558319092,0.3589923679828644
YBL084C,YIL069C,0,4.8389616,0.13365617394447327,0.5328185558319092,0.35909274220466614
YLR189C,YPL170W,1,4.8383274,0.13386589288711548,0.5337837934494019,0.35909274220466614
YML106W,YHR024C,0,4.838228,0.13383349776268005,0.5337837934494019,0.3591930866241455
YEL020W-A,YBR198C,0,4.837327,0.13380111753940582,0.5337837934494019,0.35929346084594727
YDR381W,YPL195W,0,4.837082,0.13376875221729279,0.5337837934494019,0.35939380526542664
YMR055C,YOR227W,0,4.8367186,0.13373640179634094,0.5337837934494019,0.3594941794872284
YDL066W,YGR263C,0,4.8356285,0.1337040662765503,0.5337837934494019,0.35959455370903015
YGR099W,YBR244W,0,4.835434,0.13367174565792084,0.5337837934494019,0.3596948981285095
YFL016C,YDR485C,0,4.8350306,0.13363943994045258,0.5337837934494019,0.3597952723503113
YOR311C,YNL106C,1,4.8348246,0.13384875655174255,0.5347490310668945,0.3597952723503113
YHL038C,YNL094W,0,4.834651,0.1338164210319519,0.5347490310668945,0.35989561676979065
YDR529C,YNL164C,0,4.834471,0.13378411531448364,0.5347490310668945,0.3599959909915924
YKR052C,YDL115C,0,4.8337374,0.13375180959701538,0.5347490310668945,0.3600963354110718
YLR102C,YER012W,0,4.833645,0.1337195336818695,0.5347490310668945,0.36019670963287354
YDL205C,YNL308C,0,4.8319798,0.13368725776672363,0.5347490310668945,0.3602970838546753
YBR035C,YMR165C,1,4.831662,0.13389626145362854,0.5357142686843872,0.3602970838546753
YOR032C,YLR377C,0,4.8316135,0.13386397063732147,0.5357142686843872,0.36039742827415466
YOR271C,YNL106C,0,4.830903,0.1338316798210144,0.5357142686843872,0.3604978024959564
YMR080C,YDR219C,0,4.828865,0.13379941880702972,0.5357142686843872,0.3605981469154358
YDL222C,YAR003W,0,4.8281956,0.13376717269420624,0.5357142686843872,0.36069852113723755
YCR024C-A,YJL008C,0,4.8264556,0.13373494148254395,0.5357142686843872,0.3607988655567169
YPR128C,YAL059W,0,4.8261194,0.13370272517204285,0.5357142686843872,0.3608992397785187
YDR257C,YDR545W,0,4.8258133,0.13367052376270294,0.5357142686843872,0.36099958419799805
YHR031C,YMR275C,0,4.8257523,0.13363833725452423,0.5357142686843872,0.3610999584197998
YCR081W,YLR010C,0,4.8255224,0.1336061656475067,0.5357142686843872,0.36120033264160156
YPL206C,YPL015C,0,4.825433,0.1335740089416504,0.5357142686843872,0.36130067706108093
YNL063W,YJL111W,0,4.825272,0.13354186713695526,0.5357142686843872,0.3614010512828827
YPL059W,YJL100W,0,4.824629,0.13350974023342133,0.5357142686843872,0.36150139570236206
YDR407C,YBR078W,0,4.8245974,0.13347762823104858,0.5357142686843872,0.3616017699241638
YHR007C,YPL069C,1,4.8242874,0.13368597626686096,0.5366795659065247,0.3616017699241638
YIL040W,YHL035C,0,4.82355,0.13365384936332703,0.5366795659065247,0.3617021143436432
YBR176W,YLR070C,0,4.8230658,0.1336217224597931,0.5366795659065247,0.36180248856544495
YOR229W,YKL021C,0,4.823034,0.13358962535858154,0.5366795659065247,0.3619028627872467
YBR041W,YDR356W,0,4.822951,0.13355752825737,0.5366795659065247,0.3620032072067261
YML060W,YIR033W,0,4.8228498,0.13352546095848083,0.5366795659065247,0.36210358142852783
YBL102W,YMR058W,0,4.8213243,0.13349339365959167,0.5366795659065247,0.3622039258480072
YKL209C,YLR307W,0,4.8208275,0.1334613561630249,0.5366795659065247,0.36230430006980896
YJR132W,YKR030W,0,4.820654,0.13342931866645813,0.5366795659065247,0.36240464448928833
YPR086W,YER005W,0,4.820565,0.13339731097221375,0.5366795659065247,0.3625050187110901
YJL221C,YDL212W,0,4.8202553,0.13336531817913055,0.5366795659065247,0.36260539293289185
YLR390W-A,YIR031C,0,4.820017,0.13333334028720856,0.5366795659065247,0.3627057373523712
YGR068C,YPL091W,0,4.8197374,0.13330136239528656,0.5366795659065247,0.362806111574173
YER120W,YBR042C,1,4.819129,0.13350911438465118,0.5376448035240173,0.362806111574173
YCL001W,YDL091C,0,4.8187656,0.133477121591568,0.5376448035240173,0.36290645599365234
YLR017W,YAL015C,0,4.8186193,0.133445143699646,0.5376448035240173,0.3630068302154541
YDR238C,YKL045W,0,4.8181524,0.1334131807088852,0.5376448035240173,0.36310717463493347
YDL195W,YLR249W,0,4.817358,0.13338123261928558,0.5376448035240173,0.36320754885673523
YMR290C,YGL160W,0,4.817236,0.13334929943084717,0.5376448035240173,0.363307923078537
YOR278W,YDL101C,0,4.816808,0.13331738114356995,0.5376448035240173,0.36340826749801636
YLR364W,YER025W,0,4.8159604,0.13328547775745392,0.5376448035240173,0.3635086417198181
YER072W,YGL175C,0,4.815545,0.13325358927249908,0.5376448035240173,0.3636089861392975
YOR156C,YHR114W,0,4.8146706,0.13322171568870544,0.5376448035240173,0.36370936036109924
YMR242C,YBR082C,0,4.8133307,0.133189857006073,0.5376448035240173,0.3638097047805786
YKR087C,YNL291C,0,4.813143,0.13315801322460175,0.5376448035240173,0.36391007900238037
YGL196W,YKR095W,0,4.8130956,0.13312619924545288,0.5376448035240173,0.36401042342185974
YOR056C,YLR328W,0,4.8124237,0.13309438526630402,0.5376448035240173,0.3641107976436615
YDR452W,YIR004W,0,4.811781,0.13306258618831635,0.5376448035240173,0.36421117186546326
YNL124W,YGL249W,0,4.811738,0.13303081691265106,0.5376448035240173,0.3643115162849426
YDR354W,YLR037C,0,4.8112946,0.13299904763698578,0.5376448035240173,0.3644118905067444
YOR180C,YMR298W,1,4.811145,0.13320600986480713,0.53861004114151,0.3644118905067444
YGR181W,YLR299W,0,4.810788,0.13317422568798065,0.53861004114151,0.36451223492622375
YER129W,YAL032C,0,4.810384,0.13314244151115417,0.53861004114151,0.3646126091480255
YBR003W,YDR420W,0,4.809976,0.13311068713665009,0.53861004114151,0.3647129535675049
YHR187W,YDR486C,0,4.809761,0.1330789476633072,0.53861004114151,0.36481332778930664
YNL063W,YHR001W,0,4.809389,0.1330472081899643,0.53861004114151,0.3649137020111084
YHR188C,YLR088W,1,4.809201,0.13325387239456177,0.5395752787590027,0.3649137020111084
YPL023C,YGL054C,0,4.8089705,0.13322211802005768,0.5395752787590027,0.36501404643058777
YLL012W,YPL268W,1,4.8078375,0.1334286332130432,0.5405405163764954,0.36501404643058777
YHR120W,YGR037C,0,4.807721,0.13339684903621674,0.5405405163764954,0.3651144206523895
YDR130C,YPR166C,0,4.807482,0.13336507976055145,0.5405405163764954,0.3652147650718689
YJL092W,YEL013W,0,4.807202,0.13333334028720856,0.5405405163764954,0.36531513929367065
YIL066C,YOR078W,0,4.806898,0.13330160081386566,0.5405405163764954,0.36541548371315
YML074C,YGL038C,0,4.8067617,0.13326987624168396,0.5405405163764954,0.3655158579349518
YBR211C,YBL082C,0,4.806673,0.13323816657066345,0.5405405163764954,0.36561623215675354
YER015W,YMR072W,0,4.806272,0.13320647180080414,0.5405405163764954,0.3657165765762329
YBL066C,YEL064C,0,4.8061867,0.13317479193210602,0.5405405163764954,0.36581695079803467
YER018C,YDR462W,0,4.8059845,0.1331431269645691,0.5405405163764954,0.36591729521751404
YBR146W,YHR026W,0,4.8058558,0.13311147689819336,0.5405405163764954,0.3660176694393158
YLR006C,YLR284C,0,4.8056045,0.13307984173297882,0.5405405163764954,0.36611801385879517
YDL072C,YNR069C,0,4.8054757,0.13304823637008667,0.5405405163764954,0.3662183880805969
YBR036C,YMR165C,1,4.805207,0.13325415551662445,0.5415058135986328,0.3662183880805969
YCR106W,YDL136W,0,4.8051825,0.13322250545024872,0.5415058135986328,0.3663187623023987
YIL072W,YDR013W,0,4.8050704,0.13319088518619537,0.5415058135986328,0.36641910672187805
YIL138C,YGR206W,0,4.8048964,0.13315926492214203,0.5415058135986328,0.3665194809436798
YDR238C,YER035W,0,4.8035307,0.13312767446041107,0.5415058135986328,0.3666198253631592
YGR240C,YBR158W,0,4.803454,0.13309608399868011,0.5415058135986328,0.36672019958496094
YPL076W,YMR121C,0,4.803133,0.13306452333927155,0.5415058135986328,0.3668205440044403
YOR257W,YDR128W,0,4.8030252,0.13303296267986298,0.5415058135986328,0.36692091822624207
YJL154C,YGR033C,0,4.8027983,0.1330014169216156,0.5415058135986328,0.36702126264572144
YPR107C,YJR131W,0,4.8026285,0.1329699009656906,0.5415058135986328,0.3671216368675232
YMR055C,YER114C,0,4.8019905,0.13293838500976562,0.5415058135986328,0.36722201108932495
YIL112W,YDL174C,0,4.8018274,0.13290689885616302,0.5415058135986328,0.3673223555088043
YIL018W,YPR057W,0,4.8017097,0.13287541270256042,0.5415058135986328,0.3674227297306061
YEL032W,YBL090W,0,4.8016863,0.1328439563512802,0.5415058135986328,0.36752307415008545
YKR058W,YGL254W,0,4.8005905,0.1328125,0.5415058135986328,0.3676234483718872
YHR124W,YJR158W,0,4.8005905,0.13278105854988098,0.5415058135986328,0.3677237927913666
YBR110W,YNR008W,1,4.8005085,0.13298627734184265,0.5424710512161255,0.3677237927913666
YHR092C,YNL030W,0,4.8000646,0.13295482099056244,0.5424710512161255,0.36782416701316833
YMR060C,YFL049W,0,4.7992764,0.13292336463928223,0.5424710512161255,0.3679245412349701
YGR059W,YPL237W,0,4.7982507,0.1328919380903244,0.5424710512161255,0.36802488565444946
YOR124C,YDL010W,0,4.7980967,0.13286052644252777,0.5424710512161255,0.3681252598762512
YMR139W,YDR276C,0,4.7980566,0.13282911479473114,0.5424710512161255,0.3682256042957306
YOR363C,YOL002C,1,4.7976193,0.13303402066230774,0.5434362888336182,0.3682256042957306
YBL021C,YGL245W,0,4.7975616,0.13300259411334991,0.5434362888336182,0.36832597851753235
YLR006C,YHR102W,0,4.79749,0.13297118246555328,0.5434362888336182,0.3684263229370117
YJR109C,YLR384C,0,4.7969418,0.13293978571891785,0.5434362888336182,0.3685266971588135
YBL087C,YOR172W,0,4.7968664,0.1329084038734436,0.5434362888336182,0.36862707138061523
YPR104C,YMR293C,0,4.796826,0.13287703692913055,0.5434362888336182,0.3687274158000946
YDR347W,YKL096W,0,4.7966614,0.1328456848859787,0.5434362888336182,0.36882779002189636
YGL053W,YBR023C,0,4.7965803,0.13281434774398804,0.5434362888336182,0.36892813444137573
YJR093C,YHR014W,0,4.795979,0.13278302550315857,0.5434362888336182,0.3690285086631775
YOR202W,YPR143W,0,4.795927,0.1327517032623291,0.5434362888336182,0.36912885308265686
YGL001C,YGL222C,0,4.793609,0.13272041082382202,0.5434362888336182,0.3692292273044586
YPR107C,YNL243W,0,4.7933235,0.13268913328647614,0.5434362888336182,0.369329571723938
YMR142C,YLR347C,0,4.793236,0.13265787065029144,0.5434362888336182,0.36942994594573975
YKL016C,YDR204W,0,4.7927485,0.13262662291526794,0.5434362888336182,0.3695303201675415
YJL063C,YPR103W,0,4.7922034,0.13259539008140564,0.5434362888336182,0.3696306645870209
YHR102W,YNL071W,0,4.7917614,0.13256415724754333,0.5434362888336182,0.36973103880882263
YHR190W,YBR003W,1,4.791662,0.13276836276054382,0.5444015264511108,0.36973103880882263
YEL058W,YLL050C,0,4.791253,0.13273711502552032,0.5444015264511108,0.369831383228302
YDR284C,YJL197W,0,4.79095,0.13270588219165802,0.5444015264511108,0.36993175745010376
YER019W,YOR001W,0,4.790463,0.1326746642589569,0.5444015264511108,0.37003210186958313
YGL098W,YBL014C,0,4.7891903,0.132643461227417,0.5444015264511108,0.3701324760913849
YOR083W,YOR068C,0,4.7889605,0.13261227309703827,0.5444015264511108,0.37023285031318665
YMR236W,YPL190C,0,4.788639,0.13258109986782074,0.5444015264511108,0.370333194732666
YML085C,YPL018W,0,4.788186,0.1325499415397644,0.5444015264511108,0.3704335689544678
YGL009C,YDL092W,0,4.787853,0.13251879811286926,0.5444015264511108,0.37053391337394714
YOL147C,YFL050C,0,4.786193,0.13248766958713531,0.5444015264511108,0.3706342875957489
YKR003W,YCR017C,1,4.7861447,0.1326913982629776,0.5453668236732483,0.3706342875957489
YOR196C,YJL012C,0,4.786067,0.13266025483608246,0.5453668236732483,0.37073463201522827
YBL105C,YER053C,0,4.785893,0.13262911140918732,0.5453668236732483,0.37083500623703003
YGL173C,YPR021C,0,4.7855577,0.13259798288345337,0.5453668236732483,0.3709353804588318
YDR005C,YLR418C,0,4.7853503,0.13256686925888062,0.5453668236732483,0.37103572487831116
YCR094W,YBR212W,0,4.783932,0.13253577053546906,0.5453668236732483,0.3711360991001129
YML059C,YBL103C,0,4.783751,0.1325046867132187,0.5453668236732483,0.3712364435195923
YLR014C,YMR088C,0,4.7823534,0.13247361779212952,0.5453668236732483,0.37133681774139404
YLL024C,YOR193W,0,4.7823477,0.13244256377220154,0.5453668236732483,0.3714371621608734
YJR117W,YLR399C,0,4.782096,0.13241152465343475,0.5453668236732483,0.37153753638267517
YLR056W,YNL058C,0,4.781969,0.13238050043582916,0.5453668236732483,0.37163791060447693
YEL047C,YLL036C,0,4.781705,0.13234949111938477,0.5453668236732483,0.3717382550239563
YDR173C,YNL267W,1,4.781549,0.13255269825458527,0.546332061290741,0.3717382550239563
YHR067W,YDR173C,1,4.7812405,0.1327558010816574,0.5472972989082336,0.3717382550239563
YJL098W,YDL069C,0,4.780012,0.13272471725940704,0.5472972989082336,0.37183862924575806
YJL133W,YOR087W,0,4.7790294,0.13269366323947906,0.5472972989082336,0.3719389736652374
YJR139C,YMR029C,0,4.77848,0.1326626092195511,0.5472972989082336,0.3720393478870392
YDL122W,YLR204W,0,4.7777166,0.1326315850019455,0.5472972989082336,0.37213969230651855
YOR374W,YJR135W-A,0,4.7769113,0.1326005607843399,0.5472972989082336,0.3722400665283203
YMR192W,YLR017W,0,4.776711,0.1325695514678955,0.5472972989082336,0.3723404109477997
YGR078C,YHR143W,0,4.77566,0.1325385719537735,0.5472972989082336,0.37244078516960144
YPR108W,YJR102C,0,4.7753124,0.1325075924396515,0.5472972989082336,0.3725411593914032
YJL154C,YDR464W,0,4.7739105,0.13247664272785187,0.5472972989082336,0.37264150381088257
YBR127C,YHR114W,0,4.7726655,0.13244569301605225,0.5472972989082336,0.3727418780326843
YPR134W,YDR107C,0,4.7724733,0.13241475820541382,0.5472972989082336,0.3728422224521637
YMR083W,YOR189W,0,4.772372,0.13238383829593658,0.5472972989082336,0.37294259667396545
YLL018C,YNL241C,0,4.772167,0.13235294818878174,0.5472972989082336,0.3730429410934448
YIL112W,YLL048C,0,4.7719836,0.1323220580816269,0.5472972989082336,0.3731433153152466
YJL044C,YMR076C,0,4.7718725,0.13229118287563324,0.5472972989082336,0.37324368953704834
YIL106W,YOL132W,0,4.771798,0.13226032257080078,0.5472972989082336,0.3733440339565277
YDR259C,YHR215W,0,4.7710304,0.13222947716712952,0.5472972989082336,0.37344440817832947
YML008C,YDR191W,1,4.7709846,0.13243180513381958,0.5482625365257263,0.37344440817832947
YGR274C,YNL005C,0,4.770875,0.13240092992782593,0.5482625365257263,0.37354475259780884
YGR037C,YER005W,1,4.770708,0.13260312378406525,0.549227774143219,0.37354475259780884
YLR069C,YHR045W,0,4.7704315,0.1325722336769104,0.549227774143219,0.3736451268196106
YHR206W,YIL011W,0,4.770249,0.13254134356975555,0.549227774143219,0.37374547123908997
YDL004W,YOR063W,0,4.7702436,0.1325104832649231,0.549227774143219,0.3738458454608917
YPR141C,YPL106C,0,4.769217,0.13247962296009064,0.549227774143219,0.3739462196826935
YBR109C,YKR042W,0,4.7691307,0.13244879245758057,0.549227774143219,0.37404656410217285
YHR067W,YOR149C,1,4.7690597,0.132650688290596,0.5501930713653564,0.37404656410217285
YOR064C,YGL178W,0,4.7686844,0.13261982798576355,0.5501930713653564,0.3741469383239746
YOR016C,YGL167C,0,4.7685657,0.1325889676809311,0.5501930713653564,0.374247282743454
YOL058W,YDR354W,0,4.7681217,0.13255813717842102,0.5501930713653564,0.37434765696525574
YIL053W,YDR341C,0,4.7680235,0.13252732157707214,0.5501930713653564,0.3744480013847351
YOL031C,YJR144W,0,4.767689,0.13249650597572327,0.5501930713653564,0.37454837560653687
YCR079W,YPR055W,0,4.7671194,0.13246572017669678,0.5501930713653564,0.3746487498283386
YLR190W,YKL004W,0,4.7670536,0.13243494927883148,0.5501930713653564,0.374749094247818
YDR018C,YHR133C,1,4.7641425,0.13263647258281708,0.5511583089828491,0.374749094247818
YER180C,YDR127W,0,4.7636356,0.1326056718826294,0.5511583089828491,0.37484946846961975
YDR257C,YCL054W,0,4.76352,0.1325748711824417,0.5511583089828491,0.3749498128890991
YPR054W,YOR205C,0,4.762839,0.13254410028457642,0.5511583089828491,0.3750501871109009
YDR482C,YDL143W,0,4.762322,0.13251334428787231,0.5511583089828491,0.37515053153038025
YDL078C,YGR202C,1,4.7621994,0.13271461427211761,0.5521235466003418,0.37515053153038025
YDR213W,YLR239C,1,4.7615476,0.13291579484939575,0.5530887842178345,0.37515053153038025
YLR008C,YJR117W,0,4.761278,0.13288497924804688,0.5530887842178345,0.375250905752182
YCR089W,YHR001W,0,4.7600937,0.132854163646698,0.5530887842178345,0.3753512501716614
YOR177C,YGL016W,0,4.7588806,0.13282336294651031,0.5530887842178345,0.37545162439346313
YOL126C,YDR039C,0,4.758135,0.13279257714748383,0.5530887842178345,0.3755519986152649
YJR129C,YEL013W,0,4.7580786,0.13276182115077972,0.5530887842178345,0.37565234303474426
YGR158C,YCR077C,0,4.7578993,0.13273106515407562,0.5530887842178345,0.375752717256546
YIL115C,YDR166C,0,4.757702,0.13270032405853271,0.5530887842178345,0.3758530616760254
YCL010C,YDL065C,0,4.757647,0.132669597864151,0.5530887842178345,0.37595343589782715
YKR050W,YDR135C,0,4.757616,0.13263888657093048,0.5530887842178345,0.3760537803173065
YHR150W,YOR002W,0,4.75733,0.13260819017887115,0.5530887842178345,0.3761541545391083
YOR270C,YDR375C,0,4.7566996,0.13257750868797302,0.5530887842178345,0.37625452876091003
YJL065C,YBL030C,0,4.756669,0.13254684209823608,0.5530887842178345,0.3763548731803894
YJL096W,YOR308C,0,4.75664,0.13251619040966034,0.5530887842178345,0.37645524740219116
YPL013C,YDR255C,0,4.7555475,0.1324855536222458,0.5530887842178345,0.37655559182167053
YLR256W,YKL039W,0,4.754903,0.13245491683483124,0.5530887842178345,0.3766559660434723
YGL009C,YGR192C,0,4.7548895,0.13242430984973907,0.5530887842178345,0.37675631046295166
YPL232W,YOR057W,0,4.754368,0.1323937177658081,0.5530887842178345,0.3768566846847534
YOR247W,YJL051W,0,4.753847,0.13236312568187714,0.5530887842178345,0.3769570589065552
YCR048W,YBR070C,1,4.7537537,0.132563516497612,0.5540540814399719,0.3769570589065552
YOR016C,YAR018C,0,4.753435,0.13253290951251984,0.5540540814399719,0.37705740332603455
YMR017W,YKR027W,0,4.7533407,0.13250230252742767,0.5540540814399719,0.3771577775478363
YMR225C,YFL002C,0,4.7528563,0.1324717253446579,0.5540540814399719,0.3772581219673157
YFL037W,YHR117W,0,4.7518263,0.13244116306304932,0.5540540814399719,0.37735849618911743
YER119C,YOR336W,0,4.751429,0.13241061568260193,0.5540540814399719,0.3774588406085968
YFR010W,YDL154W,0,4.750735,0.13238006830215454,0.5540540814399719,0.37755921483039856
YOR237W,YNL264C,1,4.7503824,0.13258013129234314,0.5550193190574646,0.37755921483039856
YPL169C,YOR009W,0,4.7501793,0.13254956901073456,0.5550193190574646,0.3776595890522003
YDR280W,YER139C,0,4.750149,0.13251900672912598,0.5550193190574646,0.3777599334716797
YLR015W,YPR095C,0,4.7498198,0.13248847424983978,0.5550193190574646,0.37786030769348145
YGL198W,YDR256C,0,4.7498183,0.13245795667171478,0.5550193190574646,0.3779606521129608
YNL222W,YCR037C,0,4.7491064,0.13242745399475098,0.5550193190574646,0.3780610263347626
YGL257C,YOR208W,0,4.749074,0.13239696621894836,0.5550193190574646,0.37816137075424194
YLR239C,YFL018C,0,4.7486424,0.13236647844314575,0.5550193190574646,0.3782617449760437
YOR003W,YHR165C,0,4.7482233,0.13233602046966553,0.5550193190574646,0.37836208939552307
YML120C,YKL042W,0,4.748193,0.1323055624961853,0.5550193190574646,0.37846246361732483
YDR437W,YHR042W,1,4.7479296,0.13250517845153809,0.5559845566749573,0.37846246361732483
YLR181C,YBL013W,0,4.7470083,0.13247470557689667,0.5559845566749573,0.3785628378391266
YGR065C,YMR017W,0,4.746002,0.13244423270225525,0.5559845566749573,0.37866318225860596
YLR398C,YIL123W,0,4.745565,0.13241378962993622,0.5559845566749573,0.3787635564804077
YLR015W,YNL125C,0,4.745495,0.13238336145877838,0.5559845566749573,0.3788639008998871
YJR134C,YDR017C,0,4.7453527,0.13235294818878174,0.5559845566749573,0.37896427512168884
YPL033C,YNL149C,0,4.744836,0.1323225349187851,0.5559845566749573,0.3790646195411682
YCR031C,YBR208C,0,4.744808,0.13229215145111084,0.5559845566749573,0.37916499376296997
YGL173C,YBR264C,0,4.743293,0.13226176798343658,0.5559845566749573,0.37926536798477173
YER065C,YCR048W,0,4.742977,0.13223139941692352,0.5559845566749573,0.3793657124042511
YKL164C,YPR018W,0,4.7424955,0.13220106065273285,0.5559845566749573,0.37946608662605286
YOR009W,YER026C,0,4.741455,0.13217072188854218,0.5559845566749573,0.3795664310455322
YOR001W,YJR013W,0,4.7409115,0.1321403980255127,0.5559845566749573,0.379666805267334
YPL145C,YML055W,0,4.7400904,0.1321100890636444,0.5559845566749573,0.37976714968681335
YJL056C,YDR520C,0,4.7400866,0.13207979500293732,0.5559845566749573,0.3798675239086151
YDR479C,YNL225C,0,4.739298,0.13204951584339142,0.5559845566749573,0.37996789813041687
YPR120C,YEL006W,0,4.739235,0.1320192515850067,0.5559845566749573,0.38006824254989624
YBL023C,YEL065W,0,4.7387753,0.1319890022277832,0.5559845566749573,0.380168616771698
YPL242C,YJR105W,0,4.7382197,0.1319587677717209,0.5559845566749573,0.38026896119117737
YHR191C,YDR409W,0,4.7372904,0.13192853331565857,0.5559845566749573,0.3803693354129791
YKL212W,YLR075W,0,4.7367163,0.13189832866191864,0.5559845566749573,0.3804696798324585
YOL005C,YNL248C,0,4.73607,0.1318681389093399,0.5559845566749573,0.38057005405426025
YDR386W,YOL109W,0,4.735977,0.13183794915676117,0.5559845566749573,0.380670428276062
YOR171C,YGR263C,1,4.735795,0.13203661143779755,0.55694979429245,0.380670428276062
YBR089C-A,YPL217C,0,4.735583,0.13200640678405762,0.55694979429245,0.3807707726955414
YIR014W,YDR339C,0,4.7352242,0.13197621703147888,0.55694979429245,0.38087114691734314
YOR035C,YOL001W,0,4.734885,0.13194602727890015,0.55694979429245,0.3809714913368225
YJL101C,YGR104C,0,4.734212,0.1319158673286438,0.55694979429245,0.38107186555862427
YPL194W,YML077W,0,4.7337523,0.13188570737838745,0.55694979429245,0.38117220997810364
YOR229W,YML101C,0,4.7331076,0.1318555772304535,0.55694979429245,0.3812725841999054
YNL003C,YER093C,0,4.7329693,0.13182544708251953,0.55694979429245,0.38137292861938477
YKL194C,YER007W,0,4.7321606,0.13179534673690796,0.55694979429245,0.3814733028411865
YNL188W,YML047C,0,4.7321377,0.1317652463912964,0.55694979429245,0.3815736770629883
YHR096C,YIL112W,0,4.731947,0.131735160946846,0.55694979429245,0.38167402148246765
YDR180W,YMR264W,0,4.7317486,0.13170509040355682,0.55694979429245,0.3817743957042694
YIR004W,YOL152W,0,4.73148,0.13167503476142883,0.55694979429245,0.3818747401237488
YJR109C,YMR042W,0,4.7314434,0.13164499402046204,0.55694979429245,0.38197511434555054
YGL187C,YHR196W,0,4.731118,0.13161496818065643,0.55694979429245,0.3820754587650299
YBL037W,YPR058W,0,4.730381,0.13158494234085083,0.55694979429245,0.38217583298683167
YPL202C,YER041W,0,4.730179,0.13155494630336761,0.55694979429245,0.3822762072086334
YDR288W,YOR151C,0,4.7299213,0.1315249651670456,0.55694979429245,0.3823765516281128
YNL099C,YHR193C,0,4.729133,0.13149498403072357,0.55694979429245,0.38247692584991455
YDR213W,YMR298W,1,4.729029,0.13169287145137787,0.5579150319099426,0.38247692584991455
YGR278W,YOL056W,0,4.7288284,0.13166287541389465,0.5579150319099426,0.3825772702693939
YCR033W,YGL246C,0,4.7282057,0.13163287937641144,0.5579150319099426,0.3826776444911957
YMR280C,YOL071W,0,4.7277966,0.1316029131412506,0.5579150319099426,0.38277798891067505
YDR387C,YOL080C,0,4.727152,0.13157296180725098,0.5579150319099426,0.3828783631324768
YML019W,YHR201C,0,4.7269125,0.13154301047325134,0.5579150319099426,0.38297873735427856
YOR196C,YNL045W,1,4.726722,0.13174061477184296,0.5588803291320801,0.38297873735427856
YHR178W,YDL178W,0,4.7265635,0.13171064853668213,0.5588803291320801,0.38307908177375793
YKR064W,YPR081C,0,4.726341,0.1316806972026825,0.5588803291320801,0.3831794559955597
YOL065C,YNL219C,1,4.726249,0.13187812268733978,0.5598455667495728,0.3831794559955597
YLR371W,YER016W,0,4.726127,0.13184814155101776,0.5598455667495728,0.38327980041503906
YBR005W,YKR007W,0,4.7246532,0.13181817531585693,0.5598455667495728,0.3833801746368408
YLR001C,YHR021C,0,4.722765,0.1317882239818573,0.5598455667495728,0.3834805190563202
YML024W,YDR372C,0,4.7221484,0.13175828754901886,0.5598455667495728,0.38358089327812195
YDL076C,YGR244C,0,4.722061,0.1317283660173416,0.5598455667495728,0.3836812376976013
YNR053C,YFR025C,0,4.7210665,0.13169845938682556,0.5598455667495728,0.3837816119194031
YJL145W,YPL059W,0,4.7206497,0.1316685527563095,0.5598455667495728,0.38388198614120483
YLR423C,YIR031C,0,4.720078,0.13163867592811584,0.5598455667495728,0.3839823305606842
YKR104W,YPR122W,0,4.7200756,0.13160879909992218,0.5598455667495728,0.38408270478248596
YDL051W,YER058W,0,4.71949,0.1315789520740509,0.5598455667495728,0.38418304920196533
YPL194W,YHR118C,0,4.7194586,0.13154910504817963,0.5598455667495728,0.3842834234237671
YAL023C,YIR031C,0,4.718355,0.13151927292346954,0.5598455667495728,0.38438376784324646
YBR180W,YAR050W,0,4.7178855,0.13148945569992065,0.5598455667495728,0.3844841420650482
YEL058W,YNR026C,0,4.717038,0.13145965337753296,0.5598455667495728,0.38458451628685
YDR078C,YBL061C,0,4.7170134,0.13142986595630646,0.5598455667495728,0.38468486070632935
YDR394W,YIL099W,0,4.7151713,0.13140009343624115,0.5598455667495728,0.3847852349281311
YMR080C,YMR202W,0,4.7143917,0.13137033581733704,0.5598455667495728,0.3848855793476105
YJL180C,YGR202C,0,4.7134695,0.13134057819843292,0.5598455667495728,0.38498595356941223
YLR342W,YEL017C-A,0,4.712778,0.1313108503818512,0.5598455667495728,0.3850862979888916
YCL050C,YOR384W,0,4.7127023,0.13128112256526947,0.5598455667495728,0.38518667221069336
YLR315W,YGL207W,0,4.712679,0.13125140964984894,0.5598455667495728,0.3852870464324951
YIL085C,YCR003W,0,4.7120113,0.1312217265367508,0.5598455667495728,0.3853873908519745
YKL156W,YBR251W,0,4.711002,0.13119204342365265,0.5598455667495728,0.38548776507377625
YPL049C,YDR397C,0,4.7107253,0.1311623752117157,0.5598455667495728,0.3855881094932556
YGL105W,YNL069C,0,4.710701,0.13113272190093994,0.5598455667495728,0.3856884837150574
YKL137W,YML114C,0,4.710498,0.13110306859016418,0.5598455667495728,0.38578882813453674
YNL072W,YNL142W,0,4.7102313,0.13107344508171082,0.5598455667495728,0.3858892023563385
YBR036C,YMR017W,0,4.709649,0.13104383647441864,0.5598455667495728,0.38598957657814026
YDR194C,YMR106C,0,4.709568,0.13101422786712646,0.5598455667495728,0.38608992099761963
YMR236W,YBL066C,0,4.709372,0.13098464906215668,0.5598455667495728,0.3861902952194214
YJL138C,YDL231C,0,4.709337,0.1309550702571869,0.5598455667495728,0.38629063963890076
YKL080W,YLR266C,0,4.708553,0.1309255063533783,0.5598455667495728,0.3863910138607025
YJL097W,YBR048W,0,4.7082176,0.1308959573507309,0.5598455667495728,0.3864913582801819
YJR084W,YBR199W,0,4.706577,0.1308664232492447,0.5598455667495728,0.38659173250198364
YGL156W,YDL135C,0,4.7062273,0.13083690404891968,0.5598455667495728,0.386692076921463
YLL006W,YLR201C,0,4.705219,0.13080739974975586,0.5598455667495728,0.38679245114326477
YIL013C,YDR096W,0,4.7051916,0.13077791035175323,0.5598455667495728,0.38689282536506653
YBL046W,YPL226W,0,4.7051473,0.1307484209537506,0.5598455667495728,0.3869931697845459
YDR463W,YGL161C,0,4.7049403,0.13071896135807037,0.5598455667495728,0.38709354400634766
YOL119C,YIL090W,0,4.70494,0.13068950176239014,0.5598455667495728,0.387193888425827
YDR318W,YER033C,0,4.704715,0.1306600570678711,0.5598455667495728,0.3872942626476288
YER015W,YDR438W,0,4.7044516,0.13063062727451324,0.5598455667495728,0.38739460706710815
YER120W,YEL050C,1,4.7039814,0.13082638382911682,0.5608108043670654,0.38739460706710815
YMR015C,YOR326W,0,4.70378,0.13079693913459778,0.5608108043670654,0.3874949812889099
YCR106W,YML008C,0,4.7020297,0.13076749444007874,0.5608108043670654,0.38759535551071167
YNL133C,YJL136C,0,4.7005663,0.13073807954788208,0.5608108043670654,0.38769569993019104
YMR247C,YOR231W,0,4.69959,0.13070866465568542,0.5608108043670654,0.3877960741519928
YNL257C,YOR028C,0,4.6990457,0.13067926466464996,0.5608108043670654,0.38789641857147217
YOR266W,YHL020C,0,4.697982,0.1306498795747757,0.5608108043670654,0.3879967927932739
YMR142C,YMR289W,0,4.696995,0.13062050938606262,0.5608108043670654,0.3880971372127533
YGR231C,YPR073C,0,4.695635,0.13059113919734955,0.5608108043670654,0.38819751143455505
YNL310C,YGR094W,0,4.695285,0.13056179881095886,0.5608108043670654,0.3882978856563568
YBR038W,YBR153W,0,4.695162,0.13053245842456818,0.5608108043670654,0.3883982300758362
YDR077W,YBL106C,0,4.6942606,0.13050314784049988,0.5608108043670654,0.38849860429763794
YPL058C,YER019W,1,4.693762,0.13069841265678406,0.5617760419845581,0.38849860429763794
YDR208W,YGL153W,0,4.6937027,0.13066905736923218,0.5617760419845581,0.3885989487171173
YPL028W,YDR326C,0,4.69345,0.13063973188400269,0.5617760419845581,0.38869932293891907
YHL033C,YDR316W,0,4.691121,0.1306104063987732,0.5617760419845581,0.38879966735839844
YJR110W,YDR050C,1,4.690815,0.13080547749996185,0.5627413392066956,0.38879966735839844
YOL019W,YHR114W,0,4.690759,0.13077613711357117,0.5627413392066956,0.3889000415802002
YGR003W,YLR459W,0,4.6907444,0.13074681162834167,0.5627413392066956,0.38900041580200195
YOL064C,YOR271C,0,4.6903105,0.13071748614311218,0.5627413392066956,0.3891007602214813
YLR039C,YKL109W,0,4.6897597,0.13068819046020508,0.5627413392066956,0.3892011344432831
YGL070C,YMR017W,0,4.6891146,0.13065889477729797,0.5627413392066956,0.38930147886276245
YNL275W,YPR108W,0,4.6888885,0.13062961399555206,0.5627413392066956,0.3894018530845642
YDR088C,YHR141C,0,4.6887646,0.13060036301612854,0.5627413392066956,0.3895021975040436
YAL032C,YKL116C,0,4.6884646,0.13057111203670502,0.5627413392066956,0.38960257172584534
YLR181C,YNL209W,0,4.6873393,0.1305418759584427,0.5627413392066956,0.3897029161453247
YML085C,YBL067C,0,4.6872787,0.13051265478134155,0.5627413392066956,0.38980329036712646
YCR092C,YHR034C,0,4.686234,0.13048343360424042,0.5627413392066956,0.3899036645889282
YNR026C,YHR081W,0,4.6861563,0.13045424222946167,0.5627413392066956,0.3900040090084076
YGL008C,YMR275C,0,4.6851463,0.13042505085468292,0.5627413392066956,0.39010438323020935
YHR167W,YMR035W,0,4.6850786,0.13039588928222656,0.5627413392066956,0.3902047276496887
YBR153W,YLR131C,0,4.684506,0.1303667277097702,0.5627413392066956,0.3903051018714905
YOR109W,YPL029W,0,4.683613,0.13033758103847504,0.5627413392066956,0.39040544629096985
YPR107C,YMR208W,0,4.6836023,0.13030844926834106,0.5627413392066956,0.3905058205127716
YHR110W,YLR256W,0,4.683386,0.1302793323993683,0.5627413392066956,0.39060619473457336
YLL035W,YNL030W,0,4.683349,0.1302502304315567,0.5627413392066956,0.39070653915405273
YKR099W,YKR100C,0,4.6821575,0.13022112846374512,0.5627413392066956,0.3908069133758545
YMR014W,YHR105W,0,4.6813745,0.13019205629825592,0.5627413392066956,0.39090725779533386
YDL213C,YBR201W,0,4.6811466,0.13016298413276672,0.5627413392066956,0.3910076320171356
YMR230W,YLR234W,0,4.679881,0.13013392686843872,0.5627413392066956,0.391107976436615
YGR157W,YDR486C,0,4.679839,0.1301048845052719,0.5627413392066956,0.39120835065841675
YKL084W,YHL015W,0,4.679644,0.1300758570432663,0.5627413392066956,0.3913087248802185
YIL070C,YGL213C,0,4.679121,0.13004684448242188,0.5627413392066956,0.3914090692996979
YIL074C,YGR033C,0,4.678383,0.13001784682273865,0.5627413392066956,0.39150944352149963
YGL211W,YOL132W,0,4.677114,0.12998884916305542,0.5627413392066956,0.391609787940979
YNL268W,YHR165C,0,4.6769915,0.12995988130569458,0.5627413392066956,0.39171016216278076
YLR039C,YML069W,0,4.676573,0.12993091344833374,0.5627413392066956,0.39181050658226013
YLR167W,YLR170C,0,4.6765385,0.1299019604921341,0.5627413392066956,0.3919108808040619
YDR515W,YKR098C,0,4.6763725,0.12987302243709564,0.5627413392066956,0.39201125502586365
YDL010W,YPL224C,0,4.6762857,0.12984409928321838,0.5627413392066956,0.392111599445343
YKL101W,YOR362C,0,4.675457,0.12981519103050232,0.5627413392066956,0.3922119736671448
YER129W,YER044C,0,4.6739917,0.12978628277778625,0.5627413392066956,0.39231231808662415
YEL058W,YLR262C,0,4.673629,0.12975740432739258,0.5627413392066956,0.3924126923084259
YNL263C,YAL009W,0,4.672599,0.1297285258769989,0.5627413392066956,0.3925130367279053
YDL165W,YLR320W,0,4.672413,0.12969966232776642,0.5627413392066956,0.39261341094970703
YJL008C,YDR528W,0,4.6719446,0.12967081367969513,0.5627413392066956,0.3927137553691864
YAL015C,YHR019C,0,4.6716843,0.12964197993278503,0.5627413392066956,0.39281412959098816
YLR120C,YDR191W,0,4.6715717,0.12961316108703613,0.5627413392066956,0.3929145038127899
YMR216C,YAL030W,0,4.670986,0.12958435714244843,0.5627413392066956,0.3930148482322693
YIR015W,YER003C,0,4.669646,0.12955555319786072,0.5627413392066956,0.39311522245407104
YKL164C,YIL027C,0,4.6694326,0.1295267790555954,0.5627413392066956,0.3932155668735504
YPL138C,YPR065W,0,4.6688943,0.12949800491333008,0.5627413392066956,0.3933159410953522
YPL060W,YBR004C,0,4.668616,0.12946924567222595,0.5627413392066956,0.39341628551483154
YGR097W,YDL043C,0,4.6680894,0.12944050133228302,0.5627413392066956,0.3935166597366333
YDR055W,YNL038W,0,4.6678677,0.12941177189350128,0.5627413392066956,0.39361703395843506
YNL045W,YLR044C,0,4.6676817,0.12938304245471954,0.5627413392066956,0.39371737837791443
YKL087C,YML127W,0,4.66737,0.1293543428182602,0.5627413392066956,0.3938177525997162
YGR223C,YER170W,0,4.6672387,0.12932564318180084,0.5627413392066956,0.39391809701919556
YOL088C,YPR169W,0,4.6671805,0.12929695844650269,0.5627413392066956,0.3940184712409973
YBR149W,YPL046C,0,4.66625,0.12926828861236572,0.5627413392066956,0.3941188156604767
YLR355C,YNL054W,0,4.665827,0.12923963367938995,0.5627413392066956,0.39421918988227844
YKR089C,YCL052C,1,4.664755,0.12943261861801147,0.5637065768241882,0.39421918988227844
YMR071C,YOL055C,0,4.6628695,0.1294039487838745,0.5637065768241882,0.3943195641040802
YLR304C,YDR434W,1,4.6627436,0.12959681451320648,0.5646718144416809,0.3943195641040802
YBL007C,YJL138C,0,4.6624823,0.12956809997558594,0.5646718144416809,0.39441990852355957
YLR066W,YBR102C,0,4.6617975,0.12953941524028778,0.5646718144416809,0.39452028274536133
YDR040C,YHR142W,0,4.6616797,0.12951073050498962,0.5646718144416809,0.3946206271648407
YBR002C,YBR161W,1,4.6613364,0.12970340251922607,0.5656370520591736,0.3946206271648407
YPL063W,YMR288W,0,4.661251,0.12967470288276672,0.5656370520591736,0.39472100138664246
YMR044W,YJL072C,0,4.660433,0.12964601814746857,0.5656370520591736,0.3948213458061218
YPL069C,YLR239C,1,4.6596212,0.12983852624893188,0.5666022896766663,0.3948213458061218
YMR287C,YPL207W,0,4.6591215,0.12980981171131134,0.5666022896766663,0.3949217200279236
YKL218C,YGL207W,0,4.6580706,0.129781112074852,0.5666022896766663,0.39502209424972534
YDL126C,YFR053C,0,4.658061,0.12975242733955383,0.5666022896766663,0.3951224386692047
YHL031C,YNR030W,0,4.657857,0.12972375750541687,0.5666022896766663,0.39522281289100647
YPL169C,YOR320C,0,4.6576576,0.1296950876712799,0.5666022896766663,0.39532315731048584
YNL241C,YPR108W,0,4.657259,0.12966644763946533,0.5666022896766663,0.3954235315322876
YJR091C,YHR096C,0,4.6572585,0.12963780760765076,0.5666022896766663,0.39552387595176697
YMR162C,YFL018C,0,4.656562,0.12960918247699738,0.5666022896766663,0.3956242501735687
YOL148C,YDL134C,0,4.6560693,0.1295805722475052,0.5666022896766663,0.3957245945930481
YDR345C,YGL093W,0,4.6547904,0.1295519769191742,0.5666022896766663,0.39582496881484985
YDL220C,YNL047C,0,4.654358,0.1295233964920044,0.5666022896766663,0.3959253430366516
YDR175C,YDR258C,0,4.6540594,0.1294948160648346,0.5666022896766663,0.396025687456131
YJL115W,YLR200W,0,4.653823,0.129466250538826,0.5666022896766663,0.39612606167793274
YOR059C,YGR178C,0,4.6534567,0.12943769991397858,0.5666022896766663,0.3962264060974121
YFR046C,YDR490C,0,4.6533575,0.12940916419029236,0.5666022896766663,0.39632678031921387
YFR047C,YBR208C,0,4.652238,0.12938064336776733,0.5666022896766663,0.39642712473869324
YLR088W,YMR246W,1,4.651724,0.12957249581813812,0.5675675868988037,0.39642712473869324
YDL052C,YLR305C,1,4.6516685,0.12976425886154175,0.5685328245162964,0.39642712473869324
YLR006C,YDR108W,0,4.6509447,0.12973567843437195,0.5685328245162964,0.396527498960495
YDL210W,YNL064C,0,4.6508203,0.12970711290836334,0.5685328245162964,0.39662787318229675
YOR009W,YNL025C,0,4.6501226,0.12967856228351593,0.5685328245162964,0.3967282176017761
YMR016C,YGR206W,0,4.64956,0.12965001165866852,0.5685328245162964,0.3968285918235779
YHR062C,YLR011W,0,4.649232,0.1296214759349823,0.5685328245162964,0.39692893624305725
YGR108W,YMR128W,0,4.647897,0.12959295511245728,0.5685328245162964,0.397029310464859
YML048W,YNL139C,0,4.6476746,0.12956444919109344,0.5685328245162964,0.3971296548843384
YDR529C,YDR007W,0,4.6472836,0.1295359581708908,0.5685328245162964,0.39723002910614014
YDL164C,YBR203W,0,4.647054,0.12950748205184937,0.5685328245162964,0.3973304033279419
YML077W,YGR133W,0,4.646993,0.12947900593280792,0.5685328245162964,0.39743074774742126
YOL023W,YER006W,0,4.6459684,0.12945054471492767,0.5685328245162964,0.397531121969223
YHL001W,YHR166C,0,4.64596,0.12942209839820862,0.5685328245162964,0.3976314663887024
YLR450W,YOR059C,1,4.645645,0.12961335480213165,0.5694980621337891,0.3976314663887024
YPL207W,YLR115W,0,4.6455655,0.1295848935842514,0.5694980621337891,0.39773184061050415
YLR074C,YDR007W,0,4.6448736,0.12955643236637115,0.5694980621337891,0.3978321850299835
YOR156C,YML005W,0,4.6444416,0.1295279860496521,0.5694980621337891,0.3979325592517853
YDR297W,YBR161W,1,4.643779,0.12971904873847961,0.5704632997512817,0.3979325592517853
YBR091C,YOL056W,0,4.6436763,0.12969058752059937,0.5704632997512817,0.39803290367126465
YML059C,YLR442C,0,4.642988,0.12966212630271912,0.5704632997512817,0.3981332778930664
YKR042W,YNL288W,0,4.6419563,0.12963369488716125,0.5704632997512817,0.39823365211486816
YJR009C,YIL150C,0,4.6416483,0.1296052634716034,0.5704632997512817,0.39833399653434753
YOR149C,YBL082C,1,4.63685,0.129796102643013,0.5714285969734192,0.39833399653434753
YGL089C,YGL196W,0,4.636718,0.12976764142513275,0.5714285969734192,0.3984343707561493
YHR094C,YCR073C,0,4.6363273,0.1297392100095749,0.5714285969734192,0.39853471517562866
YEL027W,YBR180W,0,4.635294,0.12971077859401703,0.5714285969734192,0.3986350893974304
YNL051W,YDL052C,0,4.633908,0.12968236207962036,0.5714285969734192,0.3987354338169098
YOR081C,YDR208W,1,4.633831,0.12987297773361206,0.5723938345909119,0.3987354338169098
YIL039W,YJR017C,0,4.633807,0.129844531416893,0.5723938345909119,0.39883580803871155
YDR014W,YPL092W,0,4.6326427,0.12981611490249634,0.5723938345909119,0.3989361822605133
YPL270W,YAL009W,0,4.6322107,0.12978769838809967,0.5723938345909119,0.3990365266799927
YGR245C,YKL006C-A,0,4.631484,0.1297592967748642,0.5723938345909119,0.39913690090179443
YOR307C,YDL043C,0,4.631109,0.12973091006278992,0.5723938345909119,0.3992372453212738
YMR161W,YPL183C,0,4.631084,0.12970253825187683,0.5723938345909119,0.39933761954307556
YML013W,YHR124W,0,4.6310244,0.12967418134212494,0.5723938345909119,0.39943796396255493
YGL096W,YLR090W,0,4.6307597,0.12964582443237305,0.5723938345909119,0.3995383381843567
YDL093W,YNL270C,0,4.6307364,0.12961748242378235,0.5723938345909119,0.39963871240615845
YDL153C,YNL270C,0,4.629898,0.12958915531635284,0.5723938345909119,0.3997390568256378
YDL015C,YNL111C,1,4.6296787,0.12977933883666992,0.5733590722084045,0.3997390568256378
YCL052C,YIL002C,1,4.628863,0.12996941804885864,0.5743243098258972,0.3997390568256378
YOR381W,YPR151C,0,4.628435,0.12994103133678436,0.5743243098258972,0.3998394310474396
YDR300C,YBL040C,0,4.6283026,0.12991265952587128,0.5743243098258972,0.39993977546691895
YJR110W,YOR100C,1,4.6280904,0.13010260462760925,0.5752895474433899,0.39993977546691895
YNL088W,YNL301C,0,4.6280546,0.13007420301437378,0.5752895474433899,0.4000401496887207
YNL331C,YBL040C,0,4.6267,0.1300458163022995,0.5752895474433899,0.4001404941082001
YPL155C,YEL054C,0,4.6265388,0.1300174593925476,0.5752895474433899,0.40024086833000183
YJR132W,YNR030W,0,4.626081,0.12998908758163452,0.5752895474433899,0.4003412425518036
YHR021C,YPL209C,0,4.625515,0.12996074557304382,0.5752895474433899,0.40044158697128296
YDR529C,YOR371C,0,4.625367,0.12993241846561432,0.5752895474433899,0.4005419611930847
YLR427W,YOL091W,0,4.624572,0.12990409135818481,0.5752895474433899,0.4006423056125641
YOL110W,YNL097C,0,4.6245174,0.1298757940530777,0.5752895474433899,0.40074267983436584
YDR484W,YDR155C,0,4.6233597,0.12984749674797058,0.5752895474433899,0.4008430242538452
YLR284C,YNL137C,0,4.622925,0.12981921434402466,0.5752895474433899,0.400943398475647
YDL165W,YCL067C,0,4.621708,0.12979094684123993,0.5752895474433899,0.40104374289512634
YML076C,YBL057C,0,4.6215076,0.1297626793384552,0.5752895474433899,0.4011441171169281
YDR291W,YLR127C,0,4.619878,0.12973444163799286,0.5752895474433899,0.40124449133872986
YGL028C,YBR092C,0,4.618805,0.12970620393753052,0.5752895474433899,0.40134483575820923
YCR038C,YDR110W,0,4.618802,0.12967798113822937,0.5752895474433899,0.401445209980011
YMR298W,YMR281W,1,4.6183033,0.1298673003911972,0.5762548446655273,0.401445209980011
YPL006W,YJL091C,1,4.61771,0.13005654513835907,0.57722008228302,0.401445209980011
YGL210W,YKL192C,0,4.617481,0.13002826273441315,0.57722008228302,0.40154555439949036
YGL029W,YLR071C,0,4.6168823,0.12999999523162842,0.57722008228302,0.4016459286212921
YMR055C,YKR013W,0,4.616575,0.12997174263000488,0.57722008228302,0.4017462730407715
YDR268W,YML005W,0,4.6162777,0.12994350492954254,0.57722008228302,0.40184664726257324
YGR286C,YJR153W,0,4.6160526,0.1299152672290802,0.57722008228302,0.401947021484375
YHR188C,YBR035C,1,4.616025,0.13010425865650177,0.5781853199005127,0.401947021484375
YDR058C,YMR285C,0,4.6155744,0.13007600605487823,0.5781853199005127,0.40204736590385437
YDL220C,YDR465C,0,4.6152134,0.1300477683544159,0.5781853199005127,0.40214774012565613
YOR070C,YKL042W,0,4.614275,0.13001953065395355,0.5781853199005127,0.4022480845451355
YDR217C,YLR131C,0,4.6142654,0.1299913227558136,0.5781853199005127,0.40234845876693726
YFR009W,YFL036W,0,4.6134167,0.12996311485767365,0.5781853199005127,0.4024488031864166
YKR038C,YGR048W,0,4.6132355,0.12993492186069489,0.5781853199005127,0.4025491774082184
YHR104W,YLR039C,0,4.6131687,0.12990674376487732,0.5781853199005127,0.40264955163002014
YKR089C,YMR281W,1,4.612938,0.13009540736675262,0.5791505575180054,0.40264955163002014
YLL005C,YHL015W,0,4.612238,0.13006719946861267,0.5791505575180054,0.4027498960494995
YBR119W,YGR002C,0,4.6119814,0.1300390064716339,0.5791505575180054,0.40285027027130127
YKL178C,YPL090C,0,4.6113405,0.13001082837581635,0.5791505575180054,0.40295061469078064
YLR277C,YBR058C,0,4.611271,0.12998266518115997,0.5791505575180054,0.4030509889125824
YFR046C,YER056C-A,0,4.6111817,0.1299545168876648,0.5791505575180054,0.40315133333206177
YKL195W,YHL015W,0,4.6111393,0.12992636859416962,0.5791505575180054,0.4032517075538635
YPL155C,YDL103C,0,4.6109705,0.12989825010299683,0.5791505575180054,0.4033520817756653
YGL250W,YKR009C,0,4.610537,0.12987013161182404,0.5791505575180054,0.40345242619514465
YAL005C,YMR041C,0,4.6095724,0.12984202802181244,0.5791505575180054,0.4035528004169464
YJL092W,YMR256C,0,4.6082153,0.12981393933296204,0.5791505575180054,0.4036531448364258
YIL023C,YGR215W,0,4.6079407,0.12978585064411163,0.5791505575180054,0.40375351905822754
YMR247C,YPL253C,0,4.6077895,0.12975779175758362,0.5791505575180054,0.4038538634777069
YGL168W,YHR147C,0,4.6077833,0.1297297328710556,0.5791505575180054,0.40395423769950867
YBR199W,YLR320W,0,4.6069303,0.12970168888568878,0.5791505575180054,0.40405458211898804
YDR372C,YMR277W,0,4.606429,0.12967365980148315,0.5791505575180054,0.4041549563407898
YDR407C,YGR262C,0,4.6063037,0.12964563071727753,0.5791505575180054,0.40425533056259155
YGL098W,YMR017W,0,4.606187,0.1296176314353943,0.5791505575180054,0.4043556749820709
YMR076C,YGL213C,0,4.605584,0.12958963215351105,0.5791505575180054,0.4044560492038727
YOR158W,YGR249W,0,4.605491,0.129561647772789,0.5791505575180054,0.40455639362335205
YNL245C,YJR059W,0,4.604668,0.12953367829322815,0.5791505575180054,0.4046567678451538
YHR042W,YGL144C,1,4.6041193,0.12972156703472137,0.5801158547401428,0.4046567678451538
YOR367W,YHL020C,0,4.6032333,0.12969356775283813,0.5801158547401428,0.4047571122646332
YGL223C,YML043C,0,4.603205,0.1296655833721161,0.5801158547401428,0.40485748648643494
YER161C,YOL138C,0,4.602539,0.12963761389255524,0.5801158547401428,0.4049578607082367
YOR298W,YER015W,1,4.602297,0.12982532382011414,0.5810810923576355,0.4049578607082367
YHR007C,YPL117C,1,4.6016564,0.13001292943954468,0.5820463299751282,0.4049578607082367
YHR089C,YNL129W,0,4.601183,0.12998491525650024,0.5820463299751282,0.40505820512771606
YPL152W,YDR219C,0,4.600634,0.1299569010734558,0.5820463299751282,0.4051585793495178
YDR536W,YDL105W,0,4.5998917,0.12992890179157257,0.5820463299751282,0.4052589237689972
YBR004C,YPR001W,1,4.599571,0.1301163285970688,0.5830115675926208,0.4052589237689972
YLR133W,YFR007W,0,4.5987797,0.13008829951286316,0.5830115675926208,0.40535929799079895
YGL028C,YPL266W,0,4.598608,0.13006030023097992,0.5830115675926208,0.4054596424102783
YKL209C,YFL002C,0,4.5984173,0.13003228604793549,0.5830115675926208,0.4055600166320801
YDL168W,YGR133W,0,4.5983114,0.13000430166721344,0.5830115675926208,0.40566039085388184
YOL127W,YBR022W,0,4.5983105,0.1299763321876526,0.5830115675926208,0.4057607352733612
YPL115C,YMR314W,0,4.5981293,0.12994836270809174,0.5830115675926208,0.40586110949516296
YGR170W,YMR079W,1,4.5971403,0.13013550639152527,0.5839768052101135,0.40586110949516296
YNL287W,YJL165C,0,4.5969853,0.13010752201080322,0.5839768052101135,0.40596145391464233
YGL045W,YBL040C,0,4.596858,0.13007955253124237,0.5839768052101135,0.4060618281364441
YPL181W,YPR073C,0,4.5952463,0.1300515979528427,0.5839768052101135,0.40616217255592346
YMR309C,YDR545W,0,4.594697,0.13002364337444305,0.5839768052101135,0.4062625467777252
YKL005C,YHR027C,0,4.594268,0.1299957036972046,0.5839768052101135,0.406362920999527
YBR286W,YKL155C,0,4.593854,0.12996777892112732,0.5839768052101135,0.40646326541900635
YOR156C,YOR346W,0,4.5935307,0.12993986904621124,0.5839768052101135,0.4065636396408081
YNL275W,YKL060C,0,4.5920105,0.12991195917129517,0.5839768052101135,0.4066639840602875
YHR037W,YPL138C,0,4.5919733,0.12988406419754028,0.5839768052101135,0.40676435828208923
YGL012W,YNL231C,1,4.591492,0.13007083535194397,0.584942102432251,0.40676435828208923
YER020W,YER051W,0,4.591246,0.1300429254770279,0.584942102432251,0.4068647027015686
YJL044C,YCL059C,0,4.5904818,0.13001501560211182,0.584942102432251,0.40696507692337036
YER091C,YGL097W,0,4.5903053,0.12998713552951813,0.584942102432251,0.40706542134284973
YGL137W,YGL213C,0,4.589822,0.12995925545692444,0.584942102432251,0.4071657955646515
YLR017W,YLR306W,0,4.5891504,0.12993139028549194,0.584942102432251,0.40726616978645325
YHL001W,YLR132C,0,4.589016,0.12990354001522064,0.584942102432251,0.4073665142059326
YDR213W,YPR173C,1,4.5889177,0.13009001314640045,0.5859073400497437,0.4073665142059326
YOR153W,YAL058W,0,4.58875,0.13006213307380676,0.5859073400497437,0.4074668884277344
YBR186W,YDL223C,0,4.587631,0.13003428280353546,0.5859073400497437,0.40756723284721375
YOR201C,YGR037C,0,4.5875263,0.13000643253326416,0.5859073400497437,0.4076676070690155
YER054C,YPR114W,0,4.587412,0.12997858226299286,0.5859073400497437,0.4077679514884949
YAL011W,YOR079C,0,4.5865088,0.12995076179504395,0.5859073400497437,0.40786832571029663
YCL061C,YNL125C,0,4.586169,0.12992294132709503,0.5859073400497437,0.4079686999320984
YBR057C,YDR027C,0,4.5861626,0.1298951357603073,0.5859073400497437,0.40806904435157776
YIL008W,YOL113W,0,4.5857716,0.1298673450946808,0.5859073400497437,0.4081694185733795
YKR064W,YPR175W,0,4.5856123,0.12983956933021545,0.5859073400497437,0.4082697629928589
YFL026W,YHR123W,0,4.5831556,0.12981180846691132,0.5859073400497437,0.40837013721466064
YHR067W,YGL084C,1,4.583145,0.1299978643655777,0.5868725776672363,0.40837013721466064
YOR298W,YKR053C,1,4.583133,0.1301838457584381,0.587837815284729,0.40837013721466064
YDR088C,YDL164C,0,4.58228,0.130156010389328,0.587837815284729,0.40847048163414
YGL038C,YBR058C-A,0,4.58217,0.13012820482254028,0.587837815284729,0.4085708558559418
YLR424W,YPL132W,0,4.5814714,0.13010039925575256,0.587837815284729,0.40867123007774353
YDR128W,YGL017W,0,4.5811176,0.13007262349128723,0.587837815284729,0.4087715744972229
YLR093C,YDR409W,0,4.581106,0.1300448477268219,0.587837815284729,0.40887194871902466
YFR028C,YJL156C,0,4.5807962,0.13001708686351776,0.587837815284729,0.40897229313850403
YCL050C,YOR344C,0,4.579697,0.12998932600021362,0.587837815284729,0.4090726673603058
YDL166C,YPR067W,0,4.5783553,0.12996159493923187,0.587837815284729,0.40917301177978516
YMR008C,YJL153C,1,4.577839,0.13014721870422363,0.5888031125068665,0.40917301177978516
YML077W,YPR164W,0,4.5755043,0.1301194578409195,0.5888031125068665,0.4092733860015869
YHR188C,YHR115C,0,4.5753117,0.13009169697761536,0.5888031125068665,0.40937376022338867
YGL257C,YCL067C,0,4.574927,0.1300639659166336,0.5888031125068665,0.40947410464286804
YCR003W,YGL099W,0,4.574478,0.13003623485565186,0.5888031125068665,0.4095744788646698
YER030W,YIL075C,0,4.57438,0.1300085186958313,0.5888031125068665,0.40967482328414917
YDL130W,YER170W,0,4.574082,0.12998081743717194,0.5888031125068665,0.4097751975059509
YHL020C,YER019W,1,4.574048,0.1301661729812622,0.5897683501243591,0.4097751975059509
YOL140W,YJL104W,0,4.5739,0.13013844192028046,0.5897683501243591,0.4098755419254303
YPR068C,YBL099W,0,4.573888,0.1301107257604599,0.5897683501243591,0.40997591614723206
YIL097W,YNL176C,0,4.573556,0.13008302450180054,0.5897683501243591,0.4100762605667114
YJR113C,YER038C,0,4.5732346,0.13005533814430237,0.5897683501243591,0.4101766347885132
YMR292W,YBR200W,0,4.572534,0.1300276666879654,0.5897683501243591,0.41027700901031494
YBR114W,YOR189W,0,4.5725203,0.12999999523162842,0.5897683501243591,0.4103773534297943
YHR148W,YMR070W,0,4.57167,0.12997235357761383,0.5897683501243591,0.41047772765159607
YMR080C,YBR161W,0,4.570956,0.12994469702243805,0.5897683501243591,0.41057807207107544
YNR039C,YLR364W,0,4.5708404,0.12991707026958466,0.5897683501243591,0.4106784462928772
YJL170C,YIR008C,0,4.570116,0.12988945841789246,0.5897683501243591,0.41077879071235657
YNR011C,YML027W,0,4.5693765,0.12986184656620026,0.5897683501243591,0.4108791649341583
YGL009C,YDR349C,0,4.5686603,0.12983424961566925,0.5897683501243591,0.4109795391559601
YGL207W,YLR117C,0,4.56857,0.12980666756629944,0.5897683501243591,0.41107988357543945
YBR087W,YLL031C,0,4.5685444,0.12977910041809082,0.5897683501243591,0.4111802577972412
YGL150C,YGR098C,0,4.567234,0.1297515332698822,0.5897683501243591,0.4112806022167206
YDR380W,YGL063W,0,4.566898,0.12972399592399597,0.5897683501243591,0.41138097643852234
YMR079W,YOL108C,1,4.566719,0.1299087256193161,0.5907335877418518,0.41138097643852234
YOR158W,YJL156C,0,4.5662293,0.12988115847110748,0.5907335877418518,0.4114813208580017
YCR054C,YNL286W,0,4.565384,0.12985359132289886,0.5907335877418518,0.41158169507980347
YNL134C,YMR016C,0,4.56452,0.12982605397701263,0.5907335877418518,0.4116820693016052
YML111W,YBR092C,0,4.562722,0.1297985166311264,0.5907335877418518,0.4117824137210846
YGL065C,YGR215W,0,4.562148,0.12977099418640137,0.5907335877418518,0.41188278794288635
YDR080W,YHR134W,0,4.5620203,0.12974348664283752,0.5907335877418518,0.4119831323623657
YLR085C,YPR075C,0,4.5612526,0.12971597909927368,0.5907335877418518,0.4120835065841675
YDR121W,YER035W,0,4.561001,0.12968848645687103,0.5907335877418518,0.41218385100364685
YKL079W,YIL162W,0,4.560351,0.12966102361679077,0.5907335877418518,0.4122842252254486
YML107C,YGR023W,0,4.560274,0.12963354587554932,0.5907335877418518,0.412384569644928
YGL253W,YDR303C,0,4.5602193,0.12960609793663025,0.5907335877418518,0.41248494386672974
YGR159C,YLR138W,0,4.5593834,0.12957866489887238,0.5907335877418518,0.4125853180885315
YLR306W,YLL036C,0,4.5586452,0.1295512318611145,0.5907335877418518,0.41268566250801086
YGR188C,YMR106C,0,4.558504,0.12952381372451782,0.5907335877418518,0.4127860367298126
YER051W,YHR172W,0,4.5584717,0.12949639558792114,0.5907335877418518,0.412886381149292
YLR435W,YDL141W,0,4.5581713,0.12946900725364685,0.5907335877418518,0.41298675537109375
YOR065W,YMR026C,0,4.558111,0.12944161891937256,0.5907335877418518,0.4130870997905731
YFL041W,YDR075W,0,4.5573053,0.12941424548625946,0.5907335877418518,0.4131874740123749
YDR292C,YKL002W,0,4.557225,0.12938688695430756,0.5907335877418518,0.41328784823417664
YDR495C,YLR078C,0,4.5566664,0.12935954332351685,0.5907335877418518,0.413388192653656
YCL048W,YIL103W,0,4.5565376,0.12933219969272614,0.5907335877418518,0.41348856687545776
YNL161W,YBR014C,0,4.555768,0.1293048858642578,0.5907335877418518,0.41358891129493713
YOR329C,YAL026C,0,4.5550337,0.1292775720357895,0.5907335877418518,0.4136892855167389
YJL115W,YLR233C,0,4.55447,0.12925025820732117,0.5907335877418518,0.41378962993621826
YGL061C,YDL120W,0,4.5523415,0.12922297418117523,0.5907335877418518,0.41389000415802
YIL038C,YGL253W,0,4.552264,0.1291956901550293,0.5907335877418518,0.4139903783798218
YBR176W,YDR041W,0,4.550716,0.12916842103004456,0.5907335877418518,0.41409072279930115
YOR119C,YIL123W,0,4.5502157,0.129141166806221,0.5907335877418518,0.4141910970211029
YNL063W,YER089C,0,4.550089,0.12911392748355865,0.5907335877418518,0.4142914414405823
YKL165C,YDR331W,1,4.549972,0.12929761409759521,0.5916988253593445,0.4142914414405823
YDR350C,YER081W,0,4.549317,0.12927034497261047,0.5916988253593445,0.41439181566238403
YOR011W,YHR133C,0,4.549165,0.12924309074878693,0.5916988253593445,0.4144921600818634
YJL198W,YKR029C,0,4.5486097,0.12921585142612457,0.5916988253593445,0.41459253430366516
YDL207W,YHR044C,0,4.5482197,0.1291886270046234,0.5916988253593445,0.4146929085254669
YCL026C-A,YER014W,0,4.54806,0.12916140258312225,0.5916988253593445,0.4147932529449463
YBR136W,YGL134W,0,4.5479183,0.1291341930627823,0.5916988253593445,0.41489362716674805
YBL088C,YPL175W,0,4.546858,0.12910699844360352,0.5916988253593445,0.4149939715862274
YML104C,YBL090W,0,4.5465136,0.12907980382442474,0.5916988253593445,0.4150943458080292
YIL073C,YPR046W,0,4.5462427,0.12905263900756836,0.5916988253593445,0.41519469022750854
YBR089C-A,YKL024C,0,4.546117,0.12902547419071198,0.5916988253593445,0.4152950644493103
YFR051C,YLR448W,0,4.5458007,0.1289983093738556,0.5916988253593445,0.4153954088687897
YGR260W,YKL096W,0,4.5446343,0.1289711743593216,0.5916988253593445,0.41549578309059143
YBR127C,YPL013C,0,4.5441103,0.1289440542459488,0.5916988253593445,0.4155961573123932
YIL015W,YDL060W,0,4.543047,0.128916934132576,0.5916988253593445,0.41569650173187256
YJR103W,YJR073C,1,4.5426273,0.12910008430480957,0.5926640629768372,0.41569650173187256
YGL033W,YPL206C,0,4.5418243,0.12907294929027557,0.5926640629768372,0.4157968759536743
YDL209C,YDL103C,0,4.5416665,0.12904581427574158,0.5926640629768372,0.4158972203731537
YGR220C,YNL278W,0,4.541123,0.12901869416236877,0.5926640629768372,0.41599759459495544
YBR158W,YOR019W,0,4.540498,0.12899160385131836,0.5926640629768372,0.4160979390144348
YIL008W,YIL031W,0,4.540403,0.12896449863910675,0.5926640629768372,0.4161983132362366
YNL264C,YLR020C,1,4.5403214,0.12914741039276123,0.5936293601989746,0.4161983132362366
YBR084W,YER070W,0,4.5403023,0.12912030518054962,0.5936293601989746,0.41629868745803833
YML126C,YCR077C,0,4.5399313,0.129093199968338,0.5936293601989746,0.4163990318775177
YOL144W,YPR019W,0,4.539711,0.1290661096572876,0.5936293601989746,0.41649940609931946
YPR173C,YPL003W,0,4.539204,0.12903901934623718,0.5936293601989746,0.41659975051879883
YBR297W,YHR124W,0,4.5376873,0.12901195883750916,0.5936293601989746,0.4167001247406006
YGR055W,YMR133W,0,4.537389,0.12898489832878113,0.5936293601989746,0.41680046916007996
YGR099W,YDR002W,0,4.5372467,0.1289578527212143,0.5936293601989746,0.4169008433818817
YDR482C,YGR123C,0,4.5371995,0.12893082201480865,0.5936293601989746,0.41700121760368347
YBR122C,YPL038W,0,4.537002,0.12890379130840302,0.5936293601989746,0.41710156202316284
YPL206C,YOR196C,1,4.5363226,0.12908633053302765,0.5945945978164673,0.41710156202316284
YLR361C,YMR071C,0,4.535415,0.12905928492546082,0.5945945978164673,0.4172019362449646
YAL044C,YPL048W,0,4.535389,0.12903225421905518,0.5945945978164673,0.41730228066444397
YML012W,YER023W,0,4.5341897,0.12900523841381073,0.5945945978164673,0.4174026548862457
YNL325C,YJL153C,1,4.5341024,0.12918759882450104,0.59555983543396,0.4174026548862457
YBL088C,YDR393W,0,4.53359,0.1291605681180954,0.59555983543396,0.4175029993057251
YGR129W,YKR104W,0,4.532835,0.12913352251052856,0.59555983543396,0.41760337352752686
YPR106W,YML067C,0,4.5321903,0.12910650670528412,0.59555983543396,0.4177037477493286
YAL020C,YIL070C,0,4.531721,0.12907949090003967,0.59555983543396,0.417804092168808
YGR257C,YDR036C,0,4.531382,0.12905250489711761,0.59555983543396,0.41790446639060974
YGR262C,YBR279W,0,4.5304413,0.12902551889419556,0.59555983543396,0.4180048108100891
YNL280C,YGL225W,1,4.530037,0.12920761108398438,0.5965250730514526,0.4180048108100891
YPL156C,YPL069C,0,4.529321,0.12918059527873993,0.5965250730514526,0.41810518503189087
YEL058W,YLR222C,0,4.5291224,0.12915360927581787,0.5965250730514526,0.41820552945137024
YGL126W,YPR145W,0,4.528645,0.1291266232728958,0.5965250730514526,0.418305903673172
YOR257W,YLR138W,0,4.5284114,0.12909965217113495,0.5965250730514526,0.41840624809265137
YBR112C,YPR042C,0,4.528139,0.12907268106937408,0.5965250730514526,0.4185066223144531
YML115C,YPR031W,0,4.5277653,0.12904572486877441,0.5965250730514526,0.4186069965362549
YDR147W,YOR002W,1,4.527648,0.12922756373882294,0.5974903702735901,0.4186069965362549
YCR068W,YOR197W,0,4.52726,0.12920057773590088,0.5974903702735901,0.41870734095573425
YHR036W,YKL160W,0,4.5260897,0.1291736215353012,0.5974903702735901,0.418807715177536
YCL017C,YGL100W,0,4.5258656,0.12914666533470154,0.5974903702735901,0.4189080595970154
YCR081W,YPR031W,0,4.5251513,0.12911973893642426,0.5974903702735901,0.41900843381881714
YKR058W,YHR067W,0,4.5249367,0.12909279763698578,0.5974903702735901,0.4191087782382965
YNL119W,YNL329C,0,4.523822,0.1290658861398697,0.5974903702735901,0.41920915246009827
YPL055C,YBR001C,0,4.5236425,0.1290389895439148,0.5974903702735901,0.4193095266819
YML078W,YDL192W,0,4.5235415,0.1290120929479599,0.5974903702735901,0.4194098711013794
YOR150W,YNL224C,0,4.523519,0.1289852112531662,0.5974903702735901,0.41951024532318115
YER141W,YDR326C,0,4.5232143,0.1289583295583725,0.5974903702735901,0.4196105897426605
YDR060W,YMR055C,0,4.5231857,0.12893147766590118,0.5974903702735901,0.4197109639644623
YHR073W,YHR157W,0,4.5223413,0.12890462577342987,0.5974903702735901,0.41981130838394165
YOR316C,YNL272C,0,4.5222855,0.12887778878211975,0.5974903702735901,0.4199116826057434
YMR306W,YPR009W,0,4.5220556,0.12885095179080963,0.5974903702735901,0.42001205682754517
YDL235C,YMR199W,0,4.5216293,0.1288241446018219,0.5974903702735901,0.42011240124702454
YPL022W,YOR045W,0,4.52114,0.12879733741283417,0.5974903702735901,0.4202127754688263
YIL016W,YDR130C,0,4.5207357,0.12877054512500763,0.5974903702735901,0.42031311988830566
YGL222C,YKL048C,0,4.5206966,0.12874376773834229,0.5974903702735901,0.4204134941101074
YNL191W,YGL168W,0,4.5199795,0.12871699035167694,0.5974903702735901,0.4205138385295868
YLR121C,YER025W,0,4.519719,0.1286902278661728,0.5974903702735901,0.42061421275138855
YPL249C-A,YKL091C,0,4.51967,0.12866348028182983,0.5974903702735901,0.4207145869731903
YIR015W,YBR162W-A,0,4.519314,0.12863674759864807,0.5974903702735901,0.4208149313926697
YMR047C,YHR115C,0,4.5191474,0.1286100149154663,0.5974903702735901,0.42091530561447144
YBR004C,YJL134W,1,4.5179687,0.12879101932048798,0.5984556078910828,0.42091530561447144
YPL190C,YGL207W,0,4.5178213,0.12876427173614502,0.5984556078910828,0.4210156500339508
YIL074C,YDR163W,0,4.517722,0.12873753905296326,0.5984556078910828,0.42111602425575256
YLR054C,YDR326C,0,4.5174417,0.1287108212709427,0.5984556078910828,0.42121636867523193
YGR261C,YGL161C,0,4.5171533,0.12868410348892212,0.5984556078910828,0.4213167428970337
YKL196C,YOL001W,0,4.5170827,0.12865740060806274,0.5984556078910828,0.42141708731651306
YPR008W,YEL059C-A,0,4.516947,0.12863071262836456,0.5984556078910828,0.4215174615383148
YOL007C,YJR017C,0,4.516814,0.12860402464866638,0.5984556078910828,0.4216178357601166
YFL005W,YDL014W,0,4.5166273,0.1285773515701294,0.5984556078910828,0.42171818017959595
YDR019C,YIL107C,0,4.5153513,0.1285506933927536,0.5984556078910828,0.4218185544013977
YPL101W,YPR025C,0,4.515321,0.128524050116539,0.5984556078910828,0.4219188988208771
YKL152C,YHR136C,0,4.5141478,0.1284974068403244,0.5984556078910828,0.42201927304267883
YDR346C,YAR071W,0,4.5137033,0.128470778465271,0.5984556078910828,0.4221196174621582
YPL120W,YPR188C,0,4.5135098,0.12844416499137878,0.5984556078910828,0.42221999168395996
YER099C,YLR466W,0,4.512659,0.12841756641864777,0.5984556078910828,0.4223203659057617
YNL229C,YER041W,0,4.512458,0.12839096784591675,0.5984556078910828,0.4224207103252411
YDR273W,YOR018W,0,4.5103807,0.12836438417434692,0.5984556078910828,0.42252108454704285
YDL064W,YKR086W,0,4.5100656,0.1283378154039383,0.5984556078910828,0.4226214289665222
YIL124W,YBR036C,1,4.509558,0.128518208861351,0.5994208455085754,0.4226214289665222
YML008C,YOR359W,0,4.5090923,0.1284916251897812,0.5994208455085754,0.422721803188324
YCR038C,YGR094W,0,4.508829,0.12846504151821136,0.5994208455085754,0.42282214760780334
YDL100C,YNL015W,0,4.508827,0.12843847274780273,0.5994208455085754,0.4229225218296051
YKR097W,YJR137C,0,4.5082855,0.1284119039773941,0.5994208455085754,0.42302289605140686
YML060W,YGR279C,0,4.5069675,0.12838536500930786,0.5994208455085754,0.42312324047088623
YKR099W,YER012W,0,4.5068626,0.12835882604122162,0.5994208455085754,0.423223614692688
YDR256C,YNL227C,0,4.506049,0.12833230197429657,0.5994208455085754,0.42332395911216736
YDR317W,YFL050C,0,4.5053964,0.12830577790737152,0.5994208455085754,0.4234243333339691
YLR240W,YFR019W,1,4.5036726,0.12848584353923798,0.6003860831260681,0.4234243333339691
YJL151C,YIL153W,0,4.5033684,0.12845931947231293,0.6003860831260681,0.4235246777534485
YOR201C,YPL171C,0,4.503004,0.12843279540538788,0.6003860831260681,0.42362505197525024
YPL160W,YBL002W,0,4.502837,0.12840627133846283,0.6003860831260681,0.423725426197052
YPL137C,YHR176W,0,4.5027533,0.12837977707386017,0.6003860831260681,0.42382577061653137
YJL184W,YER124C,0,4.5021544,0.1283532828092575,0.6003860831260681,0.42392614483833313
YOR259C,YGR068C,0,4.502111,0.12832680344581604,0.6003860831260681,0.4240264892578125
YJL159W,YER091C,0,4.500209,0.12830032408237457,0.6003860831260681,0.42412686347961426
YNR055C,YGR132C,0,4.499133,0.1282738745212555,0.6003860831260681,0.42422720789909363
YDL232W,YFL031W,0,4.4978757,0.1282474249601364,0.6003860831260681,0.4243275821208954
YMR079W,YBR265W,1,4.497816,0.12842713296413422,0.6013513803482056,0.4243275821208954
YNL128W,YPR002W,1,4.496336,0.12860676646232605,0.6023166179656982,0.4243275821208954
YKR079C,YDL056W,0,4.496072,0.1285802572965622,0.6023166179656982,0.42442792654037476
YGL184C,YPL269W,0,4.4953704,0.12855376303195953,0.6023166179656982,0.4245283007621765
YLR066W,YER161C,0,4.4943266,0.12852729856967926,0.6023166179656982,0.42462867498397827
YJL094C,YLR385C,0,4.4942675,0.1285008192062378,0.6023166179656982,0.42472901940345764
YMR092C,YOR290C,0,4.4942045,0.1284743696451187,0.6023166179656982,0.4248293936252594
YPL189W,YLR347C,0,4.4931397,0.12844792008399963,0.6023166179656982,0.42492973804473877
YER029C,YPR175W,0,4.4924736,0.12842148542404175,0.6023166179656982,0.4250301122665405
YKL059C,YER177W,0,4.4922905,0.12839506566524506,0.6023166179656982,0.4251304566860199
YLR066W,YOR258W,0,4.49197,0.12836864590644836,0.6023166179656982,0.42523083090782166
YOR109W,YLR373C,0,4.4919415,0.12834224104881287,0.6023166179656982,0.4253312051296234
YGL013C,YJR022W,0,4.4914317,0.12831585109233856,0.6023166179656982,0.4254315495491028
YDL115C,YNL128W,0,4.489463,0.12828947603702545,0.6023166179656982,0.42553192377090454
YJL209W,YDR468C,0,4.489236,0.12826310098171234,0.6023166179656982,0.4256322681903839
YOL091W,YJL092W,0,4.4885864,0.12823674082756042,0.6023166179656982,0.42573264241218567
YPR037C,YPR110C,0,4.488429,0.1282103955745697,0.6023166179656982,0.42583298683166504
YPL120W,YGR143W,1,4.487113,0.12838947772979736,0.6032818555831909,0.42583298683166504
YCR086W,YGL240W,0,4.4862084,0.12836311757564545,0.6032818555831909,0.4259333610534668
YLR355C,YDR257C,0,4.4859395,0.12833675742149353,0.6032818555831909,0.42603373527526855
YDR165W,YDL067C,0,4.485915,0.1283104121685028,0.6032818555831909,0.4261340796947479
YEL001C,YPR133C,0,4.485299,0.12828406691551208,0.6032818555831909,0.4262344539165497
YPL074W,YMR058W,0,4.483329,0.12825775146484375,0.6032818555831909,0.42633479833602905
YOR278W,YIL049W,0,4.483177,0.12823143601417542,0.6032818555831909,0.4264351725578308
YMR291W,YBL020W,0,4.482691,0.12820513546466827,0.6032818555831909,0.4265355169773102
YNL312W,YDR121W,0,4.482633,0.12817883491516113,0.6032818555831909,0.42663589119911194
YNL325C,YER019W,1,4.4823627,0.12835760414600372,0.6042470932006836,0.42663589119911194
YLR373C,YDR118W,0,4.4812675,0.1283312886953354,0.6042470932006836,0.4267362356185913
YLR032W,YKL008C,0,4.480847,0.12830497324466705,0.6042470932006836,0.42683660984039307
YNL315C,YDR057W,0,4.4786735,0.1282786875963211,0.6042470932006836,0.4269369840621948
YDR168W,YPL013C,0,4.4784374,0.12825240194797516,0.6042470932006836,0.4270373284816742
YER113C,YOR002W,0,4.4769516,0.1282261312007904,0.6042470932006836,0.42713770270347595
YBR103W,YOR249C,0,4.476447,0.12819987535476685,0.6042470932006836,0.4272380471229553
YGL023C,YBR186W,0,4.4760094,0.12817363440990448,0.6042470932006836,0.4273384213447571
YOR348C,YDL117W,0,4.4755783,0.12814739346504211,0.6042470932006836,0.42743876576423645
YIL097W,YGR116W,0,4.4751062,0.12812116742134094,0.6042470932006836,0.4275391399860382
YLR092W,YJR118C,0,4.4747624,0.12809494137763977,0.6042470932006836,0.42763951420783997
YPL076W,YOL108C,1,4.4727116,0.12827332317829132,0.6052123308181763,0.42763951420783997
YHR013C,YGR024C,0,4.4725494,0.12824708223342896,0.6052123308181763,0.42773985862731934
YBR015C,YLL042C,0,4.4723034,0.12822085618972778,0.6052123308181763,0.4278402328491211
YKL112W,YOL138C,0,4.472031,0.1281946450471878,0.6052123308181763,0.42794057726860046
YMR091C,YBR208C,0,4.4714384,0.12816843390464783,0.6052123308181763,0.4280409514904022
YBL008W,YDR113C,0,4.4711094,0.12814223766326904,0.6052123308181763,0.4281412959098816
YCR106W,YOR217W,0,4.4688168,0.12811605632305145,0.6052123308181763,0.42824167013168335
YPL016W,YLR417W,0,4.468388,0.12808988988399506,0.6052123308181763,0.4283420443534851
YGL008C,YKR087C,0,4.4674397,0.12806372344493866,0.6052123308181763,0.4284423887729645
YAL044C,YDR075W,0,4.4672003,0.12803757190704346,0.6052123308181763,0.42854276299476624
YDR072C,YKL140W,1,4.4671483,0.12821559607982635,0.6061776280403137,0.42854276299476624
YDR099W,YDR179C,0,4.466918,0.12818942964076996,0.6061776280403137,0.4286431074142456
YNL041C,YEL059C-A,0,4.466482,0.12816326320171356,0.6061776280403137,0.42874348163604736
YDL165W,YOR028C,0,4.466367,0.12813711166381836,0.6061776280403137,0.42884382605552673
YOL122C,YER063W,0,4.4654617,0.12811097502708435,0.6061776280403137,0.4289442002773285
YDR147W,YDR050C,1,4.4651546,0.12828880548477173,0.6071428656578064,0.4289442002773285
YLR204W,YER124C,0,4.4648123,0.12826263904571533,0.6071428656578064,0.42904457449913025
YOR116C,YBR097W,0,4.464591,0.12823648750782013,0.6071428656578064,0.4291449189186096
YPR101W,YBL024W,0,4.4643183,0.12821035087108612,0.6071428656578064,0.4292452931404114
YDL192W,YMR230W,0,4.4641,0.1281842291355133,0.6071428656578064,0.42934563755989075
YML047C,YDR465C,0,4.463613,0.1281581073999405,0.6071428656578064,0.4294460117816925
YDR363W,YDL178W,0,4.4635887,0.12813200056552887,0.6071428656578064,0.4295463562011719
YPL085W,YOR128C,0,4.463401,0.12810590863227844,0.6071428656578064,0.42964673042297363
YGL028C,YOR328W,0,4.4627705,0.12807981669902802,0.6071428656578064,0.429747074842453
YNR036C,YPR081C,0,4.4623265,0.12805373966693878,0.6071428656578064,0.42984744906425476
YDR289C,YHL016C,0,4.4622993,0.12802767753601074,0.6071428656578064,0.4299478232860565
YOR046C,YNL082W,0,4.462215,0.1280016303062439,0.6071428656578064,0.4300481677055359
YKR083C,YOL154W,0,4.4613476,0.12797558307647705,0.6071428656578064,0.43014854192733765
YDL154W,YKL221W,0,4.4604955,0.1279495507478714,0.6071428656578064,0.430248886346817
YKL195W,YNL328C,0,4.4602876,0.12792353332042694,0.6071428656578064,0.4303492605686188
YOL088C,YKL079W,0,4.459732,0.12789751589298248,0.6071428656578064,0.43044960498809814
YDR105C,YFR051C,0,4.4595194,0.12787151336669922,0.6071428656578064,0.4305499792098999
YKL165C,YPL268W,1,4.4594774,0.12804877758026123,0.6081081032752991,0.4305499792098999
YLL021W,YPL048W,0,4.457052,0.12802276015281677,0.6081081032752991,0.43065035343170166
YGR060W,YLR386W,1,4.4568486,0.12819992005825043,0.6090733408927917,0.43065035343170166
YDL139C,YIL136W,0,4.456071,0.12817387282848358,0.6090733408927917,0.43075069785118103
YEL009C,YDR039C,0,4.4553246,0.12814784049987793,0.6090733408927917,0.4308510720729828
YLR188W,YGL255W,0,4.4549255,0.12812182307243347,0.6090733408927917,0.43095141649246216
YMR244C-A,YLR075W,0,4.453738,0.1280958205461502,0.6090733408927917,0.4310517907142639
YNL128W,YGR216C,1,4.453511,0.12827278673648834,0.6100386381149292,0.4310517907142639
YKL108W,YGL208W,0,4.453303,0.1282467544078827,0.6100386381149292,0.4311521351337433
YPL111W,YFL016C,0,4.4531584,0.12822073698043823,0.6100386381149292,0.43125250935554504
YFR032C-A,YJL173C,0,4.453083,0.12819471955299377,0.6100386381149292,0.4313528835773468
YJL041W,YOL116W,0,4.451926,0.1281687319278717,0.6100386381149292,0.43145322799682617
YBR097W,YNL082W,0,4.450941,0.12814274430274963,0.6100386381149292,0.43155360221862793
YDR341C,YNL328C,0,4.45072,0.12811677157878876,0.6100386381149292,0.4316539466381073
YOR221C,YPL209C,0,4.4506044,0.12809079885482788,0.6100386381149292,0.43175432085990906
YBR176W,YGR014W,0,4.4495907,0.1280648410320282,0.6100386381149292,0.4318546652793884
YDR129C,YGR224W,0,4.449363,0.1280388981103897,0.6100386381149292,0.4319550395011902
YCL044C,YAL062W,0,4.448762,0.12801297008991241,0.6100386381149292,0.43205541372299194
YNR056C,YOL067C,0,4.448759,0.12798704206943512,0.6100386381149292,0.4321557581424713
YOR180C,YNL054W,1,4.4480476,0.12816359102725983,0.6110038757324219,0.4321557581424713
YHR216W,YIL109C,0,4.4478674,0.12813764810562134,0.6110038757324219,0.43225613236427307
YJR105W,YBR231C,0,4.447752,0.12811172008514404,0.6110038757324219,0.43235647678375244
YDR298C,YDR393W,0,4.447461,0.12808579206466675,0.6110038757324219,0.4324568510055542
YLR259C,YPL033C,0,4.4465065,0.12805987894535065,0.6110038757324219,0.43255719542503357
YJR013W,YHR133C,1,4.4445786,0.12823624908924103,0.6119691133499146,0.43255719542503357
YNL103W,YCR098C,0,4.4444,0.12821030616760254,0.6119691133499146,0.4326575696468353
YKL113C,YDR108W,0,4.4442015,0.12818439304828644,0.6119691133499146,0.4327579140663147
YML012W,YLR121C,0,4.444129,0.12815847992897034,0.6119691133499146,0.43285828828811646
YPL060W,YOR202W,0,4.444127,0.12813258171081543,0.6119691133499146,0.4329586625099182
YPR128C,YMR167W,0,4.4430943,0.12810668349266052,0.6119691133499146,0.4330590069293976
YDL190C,YKR061W,0,4.4429474,0.128080815076828,0.6119691133499146,0.43315938115119934
YPL212C,YGL012W,0,4.4429073,0.1280549317598343,0.6119691133499146,0.4332597255706787
YKL108W,YDL214C,0,4.4429054,0.12802907824516296,0.6119691133499146,0.43336009979248047
YDL122W,YAL043C,0,4.442828,0.12800322473049164,0.6119691133499146,0.43346044421195984
YDR488C,YPL036W,0,4.4425697,0.1279773861169815,0.6119691133499146,0.4335608184337616
YOR236W,YMR264W,0,4.4423113,0.12795156240463257,0.6119691133499146,0.43366119265556335
YPR016C,YJR158W,0,4.442173,0.12792575359344482,0.6119691133499146,0.4337615370750427
YIL093C,YCR034W,0,4.4420795,0.12789994478225708,0.6119691133499146,0.4338619112968445
YDR128W,YPR121W,0,4.441972,0.12787413597106934,0.6119691133499146,0.43396225571632385
YGR091W,YOL125W,0,4.44186,0.12784835696220398,0.6119691133499146,0.4340626299381256
YPL060W,YNL218W,0,4.4418435,0.12782257795333862,0.6119691133499146,0.434162974357605
YOR320C,YLR110C,0,4.4417486,0.12779681384563446,0.6119691133499146,0.43426334857940674
YOR027W,YDR379W,0,4.4412527,0.1277710646390915,0.6119691133499146,0.4343637228012085
YCR077C,YHR016C,0,4.4406986,0.12774531543254852,0.6119691133499146,0.43446406722068787
YDR334W,YLL026W,0,4.439204,0.12771958112716675,0.6119691133499146,0.4345644414424896
YLR288C,YIL124W,0,4.4390616,0.12769386172294617,0.6119691133499146,0.434664785861969
YHR072W,YOR025W,1,4.4388227,0.12786951661109924,0.6129343509674072,0.434664785861969
YBL004W,YOR046C,0,4.438175,0.12784376740455627,0.6129343509674072,0.43476516008377075
YDR540C,YNL154C,0,4.4371514,0.1278180330991745,0.6129343509674072,0.4348655045032501
YLL012W,YER044C,1,4.436562,0.12799355387687683,0.6138995885848999,0.4348655045032501
YAR035W,YKL008C,1,4.4364676,0.1281690150499344,0.6148648858070374,0.4348655045032501
YPR075C,YOL049W,0,4.4363813,0.12814323604106903,0.6148648858070374,0.4349658787250519
YDR077W,YMR288W,0,4.43629,0.12811745703220367,0.6148648858070374,0.43506625294685364
YER129W,YER177W,0,4.435416,0.1280916929244995,0.6148648858070374,0.435166597366333
YOL088C,YBR058C,0,4.4353294,0.12806594371795654,0.6148648858070374,0.43526697158813477
YDR359C,YDR013W,0,4.4352217,0.12804019451141357,0.6148648858070374,0.43536731600761414
YBR092C,YBL106C,0,4.434888,0.128014475107193,0.6148648858070374,0.4354676902294159
YBL021C,YLR340W,0,4.43327,0.12798874080181122,0.6148648858070374,0.43556803464889526
YDR178W,YGR224W,0,4.4329176,0.12796303629875183,0.6148648858070374,0.435668408870697
YMR013C,YNL231C,1,4.432822,0.12813818454742432,0.61583012342453,0.435668408870697
YNL061W,YGL025C,0,4.432209,0.12811245024204254,0.61583012342453,0.4357687532901764
YML069W,YOR257W,0,4.4314623,0.12808673083782196,0.61583012342453,0.43586912751197815
YKL101W,YPL089C,0,4.431296,0.12806102633476257,0.61583012342453,0.4359695017337799
YAL020C,YPL117C,0,4.4305983,0.12803532183170319,0.61583012342453,0.4360698461532593
YHR001W,YKR019C,1,4.4300394,0.12821027636528015,0.6167953610420227,0.4360698461532593
YGR138C,YDL030W,0,4.4295025,0.12818455696105957,0.6167953610420227,0.43617022037506104
YBR136W,YCL030C,0,4.4283514,0.128158837556839,0.6167953610420227,0.4362705647945404
YGL107C,YDR501W,0,4.4283476,0.1281331479549408,0.6167953610420227,0.43637093901634216
YMR208W,YGR202C,1,4.427904,0.12830793857574463,0.6177605986595154,0.43637093901634216
YLR092W,YJL035C,0,4.426383,0.12828221917152405,0.6177605986595154,0.43647128343582153
YKL011C,YFL024C,0,4.42624,0.12825651466846466,0.6177605986595154,0.4365716576576233
YDL205C,YMR035W,0,4.426151,0.12823081016540527,0.6177605986595154,0.43667203187942505
YGR036C,YGL065C,1,4.4257417,0.12840545177459717,0.6187258958816528,0.43667203187942505
YJR126C,YIL109C,0,4.4257374,0.1283797323703766,0.6187258958816528,0.4367723762989044
YBR136W,YPL186C,0,4.42492,0.1283540278673172,0.6187258958816528,0.4368727505207062
YBR166C,YMR251W-A,0,4.424875,0.1283283233642578,0.6187258958816528,0.43697309494018555
YCR097W,YDR135C,0,4.424128,0.1283026486635208,0.6187258958816528,0.4370734691619873
YOR110W,YJR064W,0,4.4234524,0.12827695906162262,0.6187258958816528,0.4371738135814667
YJL097W,YHR073W,1,4.4229097,0.1284513771533966,0.6196911334991455,0.4371738135814667
YPL061W,YDR037W,0,4.4224253,0.1284256875514984,0.6196911334991455,0.43727418780326843
YOL023W,YLR328W,0,4.4221344,0.12839999794960022,0.6196911334991455,0.4373745620250702
YOR259C,YHR115C,0,4.4220705,0.12837432324886322,0.6196911334991455,0.43747490644454956
YNR048W,YDR434W,0,4.4219465,0.12834866344928741,0.6196911334991455,0.4375752806663513
YGR142W,YGL067W,0,4.4217534,0.1283230036497116,0.6196911334991455,0.4376756250858307
YPL239W,YGL065C,0,4.42101,0.128297358751297,0.6196911334991455,0.43777599930763245
YPL081W,YOR128C,0,4.4207344,0.12827172875404358,0.6196911334991455,0.4378763437271118
YDR331W,YGR076C,0,4.4195876,0.12824609875679016,0.6196911334991455,0.4379767179489136
YNL244C,YIL123W,0,4.419451,0.12822049856185913,0.6196911334991455,0.43807709217071533
YHR072W,YDL080C,0,4.419094,0.1281948834657669,0.6196911334991455,0.4381774365901947
YLR363C,YJR118C,0,4.418029,0.12816929817199707,0.6196911334991455,0.43827781081199646
YDR231C,YIR031C,0,4.4174757,0.12814371287822723,0.6196911334991455,0.43837815523147583
YOL067C,YDL195W,0,4.416786,0.1281181424856186,0.6196911334991455,0.4384785294532776
YOR033C,YBR060C,0,4.415686,0.12809257209300995,0.6196911334991455,0.43857887387275696
YGL045W,YBL060W,0,4.4140577,0.1280670315027237,0.6196911334991455,0.4386792480945587
YPL049C,YJL048C,0,4.4139137,0.12804149091243744,0.6196911334991455,0.4387795925140381
YBR068C,YJR050W,0,4.412986,0.12801595032215118,0.6196911334991455,0.43887996673583984
YDL127W,YDR213W,0,4.4127884,0.12799042463302612,0.6196911334991455,0.4389803409576416
YOR017W,YPR017C,0,4.412279,0.12796491384506226,0.6196911334991455,0.43908068537712097
YGL001C,YBR265W,1,4.411952,0.1281387060880661,0.6206563711166382,0.43908068537712097
YDL127W,YIL173W,0,4.4117737,0.12811316549777985,0.6206563711166382,0.43918105959892273
YOL152W,YGL035C,0,4.4106684,0.12808765470981598,0.6206563711166382,0.4392814040184021
YGR123C,YJR066W,0,4.4102097,0.1280621439218521,0.6206563711166382,0.43938177824020386
YBL009W,YPL120W,0,4.409419,0.12803663313388824,0.6206563711166382,0.4394821226596832
YIR017C,YGL222C,0,4.409353,0.12801115214824677,0.6206563711166382,0.439582496881485
YER164W,YJR131W,0,4.4092445,0.12798567116260529,0.6206563711166382,0.43968287110328674
YKL006C-A,YFL031W,0,4.4086776,0.127960205078125,0.6206563711166382,0.4397832155227661
YCL017C,YLR239C,0,4.407731,0.12793473899364471,0.6206563711166382,0.43988358974456787
YHL036W,YOL060C,0,4.4074745,0.12790928781032562,0.6206563711166382,0.43998393416404724
YOR155C,YKL173W,0,4.407163,0.12788385152816772,0.6206563711166382,0.440084308385849
YJR084W,YGL139W,0,4.407048,0.12785841524600983,0.6206563711166382,0.44018465280532837
YNR011C,YIL015W,0,4.406986,0.12783300876617432,0.6206563711166382,0.4402850270271301
YPR128C,YDR393W,0,4.406351,0.1278075873851776,0.6206563711166382,0.4403854012489319
YDL093W,YDR158W,0,4.4061375,0.1277821958065033,0.6206563711166382,0.44048574566841125
YDL108W,YDL046W,0,4.405992,0.12775680422782898,0.6206563711166382,0.440586119890213
YDR407C,YOR231W,0,4.4059234,0.12773142755031586,0.6206563711166382,0.4406864643096924
YBL023C,YLR433C,0,4.404983,0.12770605087280273,0.6206563711166382,0.44078683853149414
YCR035C,YDR098C,0,4.404808,0.127680703997612,0.6206563711166382,0.4408871829509735
YCR024C,YJL048C,0,4.40475,0.12765535712242126,0.6206563711166382,0.44098755717277527
YIL122W,YIL103W,0,4.4047165,0.12763001024723053,0.6206563711166382,0.441087931394577
YOL138C,YOR224C,0,4.4044266,0.127604678273201,0.6206563711166382,0.4411882758140564
YJL203W,YGR217W,0,4.403614,0.12757936120033264,0.6206563711166382,0.44128865003585815
YOR063W,YHR193C,0,4.4033756,0.1275540590286255,0.6206563711166382,0.4413889944553375
YER120W,YMR198W,0,4.401408,0.12752875685691833,0.6206563711166382,0.4414893686771393
YMR311C,YIL068C,0,4.401325,0.12750346958637238,0.6206563711166382,0.44158971309661865
YDR139C,YOL009C,0,4.400095,0.1274781972169876,0.6206563711166382,0.4416900873184204
YGR013W,YEL065W,0,4.3994203,0.12745292484760284,0.6206563711166382,0.4417904317378998
YNL326C,YNL209W,0,4.3990054,0.12742766737937927,0.6206563711166382,0.44189080595970154
YOR025W,YNL106C,1,4.3987617,0.1276005506515503,0.6216216087341309,0.44189080595970154
YPL212C,YGR204W,0,4.3982477,0.12757527828216553,0.6216216087341309,0.4419911801815033
YHR139C,YIL062C,0,4.3976145,0.12755000591278076,0.6216216087341309,0.44209152460098267
YPL249C,YNL306W,0,4.3970175,0.1275247484445572,0.6216216087341309,0.4421918988227844
YNR059W,YDR406W,0,4.3967066,0.1274995058774948,0.6216216087341309,0.4422922432422638
YPL237W,YPL268W,0,4.396548,0.12747426331043243,0.6216216087341309,0.44239261746406555
YOL007C,YFR007W,0,4.395679,0.12744903564453125,0.6216216087341309,0.4424929618835449
YDR265W,YKL040C,0,4.39528,0.12742382287979126,0.6216216087341309,0.4425933361053467
YJL125C,YOL122C,0,4.394993,0.12739861011505127,0.6216216087341309,0.44269371032714844
YFL003C,YMR297W,0,4.3948116,0.12737341225147247,0.6216216087341309,0.4427940547466278
YPR100W,YLR079W,0,4.394781,0.12734822928905487,0.6216216087341309,0.44289442896842957
YBL006C,YKL198C,0,4.3946466,0.12732304632663727,0.6216216087341309,0.44299477338790894
YJL101C,YLR431C,0,4.394086,0.12729787826538086,0.6216216087341309,0.4430951476097107
YJL097W,YPR183W,1,4.393791,0.12747035920619965,0.6225868463516235,0.4430951476097107
YPR007C,YMR171C,0,4.393541,0.12744517624378204,0.6225868463516235,0.44319549202919006
YDR077W,YHL047C,0,4.393486,0.12741999328136444,0.6225868463516235,0.4432958662509918
YGR007W,YOR180C,1,4.3928437,0.12759234011173248,0.623552143573761,0.4432958662509918
YMR071C,YMR280C,0,4.392609,0.1275671422481537,0.623552143573761,0.4433962404727936
YDR190C,YDR073W,0,4.3920016,0.12754195928573608,0.623552143573761,0.44349658489227295
YHR103W,YPR065W,0,4.3912325,0.12751677632331848,0.623552143573761,0.4435969591140747
YLR154C,YNL240C,0,4.390073,0.12749160826206207,0.623552143573761,0.4436973035335541
YBL091C-A,YOR175C,1,4.3898306,0.1276637762784958,0.6245173811912537,0.4436973035335541
YGL205W,YOR377W,1,4.3889685,0.12783586978912354,0.6254826188087463,0.4436973035335541
YKL193C,YCR071C,0,4.388801,0.12781065702438354,0.6254826188087463,0.44379767775535583
YLR084C,YDR235W,0,4.3883924,0.12778544425964355,0.6254826188087463,0.4438980221748352
YDR406W,YKL043W,0,4.3883,0.12776024639606476,0.6254826188087463,0.44399839639663696
YCR016W,YNL081C,0,4.387141,0.12773506343364716,0.6254826188087463,0.44409874081611633
YFL031W,YCR017C,1,4.3869915,0.12790697813034058,0.626447856426239,0.44409874081611633
YLR134W,YDR315C,0,4.384682,0.12788178026676178,0.626447856426239,0.4441991150379181
YEL046C,YIL009C-A,0,4.384512,0.12785658240318298,0.626447856426239,0.44429948925971985
YMR158W,YDR490C,0,4.3844776,0.12783139944076538,0.626447856426239,0.4443998336791992
YEL005C,YLR320W,0,4.381976,0.12780621647834778,0.626447856426239,0.444500207901001
YKL020C,YPL170W,1,4.3819337,0.12797795236110687,0.6274131536483765,0.444500207901001
YIL038C,YPL187W,0,4.3817883,0.12795275449752808,0.6274131536483765,0.44460055232048035
YOR065W,YPL024W,0,4.3816357,0.12792757153511047,0.6274131536483765,0.4447009265422821
YGR059W,YBR228W,0,4.3815145,0.12790240347385406,0.6274131536483765,0.4448012709617615
YDR005C,YML007W,0,4.3812532,0.12787723541259766,0.6274131536483765,0.44490164518356323
YDR519W,YPR114W,0,4.3803425,0.12785208225250244,0.6274131536483765,0.445002019405365
YER146W,YIR019C,0,4.379756,0.12782694399356842,0.6274131536483765,0.44510236382484436
YGR204W,YJL097W,0,4.379278,0.1278018057346344,0.6274131536483765,0.4452027380466461
YOR010C,YJR135C,0,4.378889,0.12777668237686157,0.6274131536483765,0.4453030824661255
YIL040W,YBR175W,0,4.3788004,0.12775157392024994,0.6274131536483765,0.44540345668792725
YHL001W,YHR010W,0,4.378778,0.1277264654636383,0.6274131536483765,0.4455038011074066
YNL251C,YDL154W,0,4.3786364,0.12770137190818787,0.6274131536483765,0.4456041753292084
YNL083W,YHL001W,0,4.3786197,0.12767629325389862,0.6274131536483765,0.44570454955101013
YHR158C,YIL145C,0,4.378186,0.12765121459960938,0.6274131536483765,0.4458048939704895
YOR201C,YPL090C,0,4.377795,0.12762615084648132,0.6274131536483765,0.44590526819229126
YJR086W,YDR041W,0,4.3767405,0.12760110199451447,0.6274131536483765,0.44600561261177063
YDR350C,YIL031W,0,4.3766665,0.1275760531425476,0.6274131536483765,0.4461059868335724
YCR107W,YHR005C,0,4.3765383,0.12755101919174194,0.6274131536483765,0.44620633125305176
YBR186W,YBR077C,0,4.3764114,0.12752600014209747,0.6274131536483765,0.4463067054748535
YLR240W,YGR068C,0,4.375581,0.127500981092453,0.6274131536483765,0.4464070796966553
YAL053W,YCR088W,0,4.3753376,0.12747597694396973,0.6274131536483765,0.44650742411613464
YDR099W,YBL025W,0,4.3748474,0.12745098769664764,0.6274131536483765,0.4466077983379364
YBR036C,YDR173C,1,4.3746986,0.12762203812599182,0.6283783912658691,0.4466077983379364
YBR253W,YGR046W,0,4.373642,0.12759701907634735,0.6283783912658691,0.44670814275741577
YPL031C,YLR466W,0,4.373214,0.12757201492786407,0.6283783912658691,0.44680851697921753
YER110C,YPL270W,0,4.372795,0.127547025680542,0.6283783912658691,0.4469088613986969
YML082W,YDR533C,0,4.372096,0.1275220364332199,0.6283783912658691,0.44700923562049866
YDL095W,YDL138W,0,4.37132,0.12749706208705902,0.6283783912658691,0.447109580039978
YDR086C,YER124C,0,4.37095,0.12747210264205933,0.6283783912658691,0.4472099542617798
YMR047C,YDR448W,0,4.3702497,0.12744714319705963,0.6283783912658691,0.44731032848358154
YLR210W,YFR025C,0,4.3696423,0.12742219865322113,0.6283783912658691,0.4474106729030609
YDR050C,YGL090W,0,4.3687973,0.12739725410938263,0.6283783912658691,0.44751104712486267
YHR018C,YCR037C,0,4.3679156,0.12737233936786652,0.6283783912658691,0.44761139154434204
YHR205W,YLL013C,0,4.3677645,0.1273474246263504,0.6283783912658691,0.4477117657661438
YOR334W,YLR319C,0,4.367635,0.1273225098848343,0.6283783912658691,0.44781211018562317
YDR092W,YJL139C,0,4.367307,0.12729761004447937,0.6283783912658691,0.4479124844074249
YDR492W,YKR053C,1,4.36709,0.12746822834014893,0.6293436288833618,0.4479124844074249
YOR249C,YKL046C,0,4.3669844,0.1274433135986328,0.6293436288833618,0.4480128586292267
YEL016C,YBR253W,0,4.366777,0.1274184137582779,0.6293436288833618,0.44811320304870605
YPL268W,YDR256C,0,4.366746,0.12739351391792297,0.6293436288833618,0.4482135772705078
YPR006C,YKR019C,1,4.3657947,0.1275639832019806,0.6303088665008545,0.4482135772705078
YOR025W,YGR202C,1,4.365293,0.12773437798023224,0.6312741041183472,0.4482135772705078
YDR171W,YGR121C,0,4.3648853,0.12770943343639374,0.6312741041183472,0.4483139216899872
YDR394W,YPR192W,0,4.364209,0.12768450379371643,0.6312741041183472,0.44841429591178894
YGL137W,YER068W,0,4.363764,0.12765957415103912,0.6312741041183472,0.4485146403312683
YOR201C,YNR032W,0,4.3628783,0.127634659409523,0.6312741041183472,0.44861501455307007
YER026C,YMR285C,0,4.362582,0.1276097595691681,0.6312741041183472,0.4487153887748718
YLR144C,YJR076C,0,4.3618765,0.12758485972881317,0.6312741041183472,0.4488157331943512
YLR127C,YDR478W,0,4.3607316,0.12755997478961945,0.6312741041183472,0.44891610741615295
YPL198W,YNR051C,0,4.3604984,0.12753510475158691,0.6312741041183472,0.4490164518356323
YOR196C,YKR019C,1,4.359182,0.12770520150661469,0.6322394013404846,0.4490164518356323
YCR091W,YLR019W,0,4.359169,0.12768031656742096,0.6322394013404846,0.4491168260574341
YAR050W,YDR057W,0,4.3591557,0.12765543162822723,0.6322394013404846,0.44921717047691345
YJL100W,YIL026C,0,4.3590794,0.1276305466890335,0.6322394013404846,0.4493175446987152
YMR100W,YPL173W,0,4.3589983,0.12760569155216217,0.6322394013404846,0.44941791892051697
YFL011W,YHL036W,0,4.35877,0.12758083641529083,0.6322394013404846,0.44951826333999634
YDR074W,YBR237W,0,4.358239,0.1275559812784195,0.6322394013404846,0.4496186375617981
YGR036C,YBL082C,1,4.3574038,0.12772585451602936,0.6332046389579773,0.4496186375617981
YPL154C,YHR014W,0,4.356759,0.12770099937915802,0.6332046389579773,0.44971898198127747
YDR309C,YGL131C,0,4.356599,0.12767614424228668,0.6332046389579773,0.4498193562030792
YIL087C,YAL044C,0,4.3565474,0.12765128910541534,0.6332046389579773,0.4499197006225586
YAR019C,YCR020W-B,0,4.355714,0.1276264637708664,0.6332046389579773,0.45002007484436035
YKL157W,YER083C,0,4.3551416,0.12760163843631744,0.6332046389579773,0.4501204192638397
YDL017W,YAR015W,0,4.3539047,0.1275768131017685,0.6332046389579773,0.4502207934856415
YLR006C,YPR161C,0,4.3537087,0.12755201756954193,0.6332046389579773,0.45032116770744324
YLR190W,YPL228W,0,4.35341,0.12752722203731537,0.6332046389579773,0.4504215121269226
YCR008W,YOL016C,0,4.35334,0.1275024265050888,0.6332046389579773,0.45052188634872437
YOL156W,YBR060C,0,4.353163,0.12747764587402344,0.6332046389579773,0.45062223076820374
YML042W,YPL120W,1,4.352726,0.12764717638492584,0.63416987657547,0.45062223076820374
YPR056W,YCR066W,0,4.352465,0.12762238085269928,0.63416987657547,0.4507226049900055
YDR047W,YML125C,0,4.3524485,0.12759758532047272,0.63416987657547,0.45082294940948486
YJR135C,YOR288C,0,4.350931,0.12757281959056854,0.63416987657547,0.4509233236312866
YDR242W,YPR140W,0,4.350211,0.12754805386066437,0.63416987657547,0.4510236978530884
YGL126W,YMR313C,1,4.3502088,0.12771739065647125,0.6351351141929626,0.4510236978530884
YJL108C,YDL020C,0,4.34983,0.12769261002540588,0.6351351141929626,0.45112404227256775
YNL097C,YNL321W,0,4.3496084,0.12766782939434052,0.6351351141929626,0.4512244164943695
YML082W,YLR001C,0,4.349514,0.12764306366443634,0.6351351141929626,0.4513247609138489
YJR001W,YBL031W,0,4.3487396,0.12761831283569336,0.6351351141929626,0.45142513513565063
YFR046C,YOR334W,0,4.348126,0.12759356200695038,0.6351351141929626,0.45152547955513
YGR286C,YBR135W,0,4.348034,0.1275688260793686,0.6351351141929626,0.45162585377693176
YCL026C-A,YJL083W,1,4.3470316,0.12773793935775757,0.6361004114151001,0.45162585377693176
YBR003W,YDR009W,0,4.3465915,0.1277131736278534,0.6361004114151001,0.4517262279987335
YBR286W,YMR156C,0,4.3458214,0.1276884377002716,0.6361004114151001,0.4518265724182129
YLR408C,YLR286C,0,4.345745,0.12766370177268982,0.6361004114151001,0.45192694664001465
YHL001W,YLL022C,0,4.3453646,0.12763896584510803,0.6361004114151001,0.452027291059494
YER030W,YDR257C,0,4.3446946,0.12761425971984863,0.6361004114151001,0.4521276652812958
YAL055W,YJL127C,0,4.3436255,0.12758953869342804,0.6361004114151001,0.45222800970077515
YNL053W,YNL123W,0,4.343088,0.12756484746932983,0.6361004114151001,0.4523283839225769
YNL161W,YIR034C,0,4.3430853,0.12754015624523163,0.6361004114151001,0.45242875814437866
YGR033C,YOL113W,0,4.342951,0.12751547992229462,0.6361004114151001,0.45252910256385803
YJR155W,YJR017C,0,4.3425655,0.1274908035993576,0.6361004114151001,0.4526294767856598
YLR288C,YGL133W,0,4.3424187,0.12746615707874298,0.6361004114151001,0.45272982120513916
YDR162C,YKR094C,0,4.342395,0.12744149565696716,0.6361004114151001,0.4528301954269409
YKL101W,YOL002C,0,4.3421474,0.12741686403751373,0.6361004114151001,0.4529305398464203
YCL059C,YFL003C,0,4.3421154,0.1273922324180603,0.6361004114151001,0.45303091406822205
YLR242C,YER019W,1,4.341476,0.12756088376045227,0.6370656490325928,0.45303091406822205
YDL072C,YMR287C,0,4.340687,0.12753623723983765,0.6370656490325928,0.4531312584877014
YOR190W,YBR036C,0,4.340535,0.12751159071922302,0.6370656490325928,0.4532316327095032
YDR388W,YDR409W,0,4.339768,0.1274869590997696,0.6370656490325928,0.45333200693130493
YGR209C,YBL057C,0,4.339478,0.12746234238147736,0.6370656490325928,0.4534323513507843
YDR318W,YBR041W,0,4.3393474,0.12743772566318512,0.6370656490325928,0.45353272557258606
YLL012W,YOR126C,1,4.3392973,0.12760618329048157,0.6380308866500854,0.45353272557258606
YBR171W,YGR048W,0,4.3391857,0.12758155167102814,0.6380308866500854,0.45363306999206543
YFR055W,YDL099W,0,4.3390694,0.1275569349527359,0.6380308866500854,0.4537334442138672
YPL215W,YJR007W,0,4.33873,0.12753231823444366,0.6380308866500854,0.45383378863334656
YJL003W,YOL034W,0,4.338539,0.12750771641731262,0.6380308866500854,0.4539341628551483
YKL164C,YJL012C,0,4.338348,0.12748312950134277,0.6380308866500854,0.4540345370769501
YGL045W,YJL036W,0,4.338346,0.12745854258537292,0.6380308866500854,0.45413488149642944
YER060W-A,YDL092W,0,4.337862,0.12743397057056427,0.6380308866500854,0.4542352557182312
YGL055W,YKL149C,0,4.3378286,0.1274094134569168,0.6380308866500854,0.45433560013771057
YPL001W,YLR424W,0,4.337639,0.12738485634326935,0.6380308866500854,0.45443597435951233
YDR354W,YKR077W,0,4.3376083,0.12736031413078308,0.6380308866500854,0.4545363187789917
YPL170W,YPL195W,0,4.3374667,0.12733577191829681,0.6380308866500854,0.45463669300079346
YLR382C,YMR281W,0,4.3368597,0.12731124460697174,0.6380308866500854,0.4547370672225952
YDL106C,YMR184W,0,4.3367815,0.12728673219680786,0.6380308866500854,0.4548374116420746
YHL019C,YFL049W,0,4.335834,0.12726221978664398,0.6380308866500854,0.45493778586387634
YHR123W,YJL062W,1,4.335763,0.12743021547794342,0.6389961242675781,0.45493778586387634
YGL084C,YJL047C,0,4.3354006,0.12740570306777954,0.6389961242675781,0.4550381302833557
YMR214W,YAR003W,0,4.3352957,0.12738117575645447,0.6389961242675781,0.45513850450515747
YGR183C,YPL091W,0,4.335058,0.12735667824745178,0.6389961242675781,0.45523884892463684
YGL157W,YIL125W,0,4.3350368,0.1273321807384491,0.6389961242675781,0.4553392231464386
YLR368W,YKL033W,0,4.334812,0.1273076981306076,0.6389961242675781,0.45543959736824036
YHR178W,YLR310C,0,4.334754,0.1272832155227661,0.6389961242675781,0.4555399417877197
YKL008C,YFL034C-B,0,4.3345323,0.12725874781608582,0.6389961242675781,0.4556403160095215
YCL026C-A,YLL031C,1,4.3339944,0.12742649018764496,0.6399613618850708,0.4556403160095215
YDR123C,YPL117C,1,4.3338566,0.12759415805339813,0.6409266591072083,0.4556403160095215
YBR094W,YGR262C,0,4.332183,0.12756964564323425,0.6409266591072083,0.45574066042900085
YPL095C,YBR161W,1,4.3320475,0.12773722410202026,0.6418918967247009,0.45574066042900085
YAL028W,YNL125C,0,4.3319907,0.1277126967906952,0.6418918967247009,0.4558410346508026
YMR183C,YNL030W,0,4.3318787,0.12768816947937012,0.6418918967247009,0.455941379070282
YLR459W,YPR173C,1,4.331558,0.12785562872886658,0.6428571343421936,0.455941379070282
YIR017C,YKL127W,0,4.331118,0.1278311014175415,0.6428571343421936,0.45604175329208374
YGL023C,YOL055C,0,4.3305054,0.12780655920505524,0.6428571343421936,0.4561420977115631
YMR224C,YOR175C,0,4.329149,0.12778204679489136,0.6428571343421936,0.45624247193336487
YGL137W,YLR221C,0,4.328568,0.12775753438472748,0.6428571343421936,0.4563428461551666
YKR048C,YGR223C,0,4.328101,0.1277330219745636,0.6428571343421936,0.456443190574646
YNL158W,YLR100W,1,4.327835,0.12790028750896454,0.6438223719596863,0.456443190574646
YOL072W,YML072C,0,4.3276467,0.12787576019763947,0.6438223719596863,0.45654356479644775
YJL002C,YJL212C,0,4.3269005,0.12785126268863678,0.6438223719596863,0.4566439092159271
YLL009C,YFR049W,0,4.3268547,0.1278267502784729,0.6438223719596863,0.4567442834377289
YLL010C,YNL142W,0,4.3268547,0.1278022676706314,0.6438223719596863,0.45684462785720825
YLR323C,YLR092W,0,4.3258896,0.12777778506278992,0.6438223719596863,0.45694500207901
YPR055W,YGR033C,0,4.3258452,0.12775330245494843,0.6438223719596863,0.45704537630081177
YHR067W,YOR377W,1,4.3244934,0.12792034447193146,0.6447876691818237,0.45704537630081177
YOR081C,YOR237W,1,4.324357,0.12808731198310852,0.6457529067993164,0.45704537630081177
YPL148C,YLR088W,1,4.3233776,0.12825420498847961,0.6467181444168091,0.45704537630081177
YOL152W,YHL007C,0,4.3232718,0.12822966277599335,0.6467181444168091,0.45714572072029114
YMR023C,YLR373C,0,4.3221397,0.12820513546466827,0.6467181444168091,0.4572460949420929
YBR054W,YGL023C,0,4.3215876,0.1281806081533432,0.6467181444168091,0.45734643936157227
YDL017W,YJL121C,0,4.3214283,0.12815608084201813,0.6467181444168091,0.457446813583374
YGR175C,YAL013W,1,4.3206744,0.1283228099346161,0.6476833820343018,0.457446813583374
YNL069C,YML063W,0,4.3206134,0.12829828262329102,0.6476833820343018,0.4575471580028534
YKR097W,YDR314C,0,4.320056,0.12827375531196594,0.6476833820343018,0.45764753222465515
YER029C,YGR041W,0,4.319975,0.12824924290180206,0.6476833820343018,0.4577479064464569
YER069W,YML124C,0,4.3197136,0.12822473049163818,0.6476833820343018,0.4578482508659363
YOR201C,YDR055W,0,4.319564,0.1282002329826355,0.6476833820343018,0.45794862508773804
YGR194C,YJL089W,0,4.3191133,0.1281757354736328,0.6476833820343018,0.4580489695072174
YCL048W,YBR203W,0,4.318345,0.12815126776695251,0.6476833820343018,0.45814934372901917
YML131W,YLR150W,0,4.318265,0.12812678515911102,0.6476833820343018,0.45824968814849854
YIL053W,YDL124W,0,4.3169327,0.12810233235359192,0.6476833820343018,0.4583500623703003
YBR055C,YIR009W,0,4.3168106,0.12807787954807281,0.6476833820343018,0.45845040678977966
YBR258C,YHL003C,0,4.3164625,0.1280534416437149,0.6476833820343018,0.4585507810115814
YNR056C,YOR320C,0,4.316416,0.128029003739357,0.6476833820343018,0.4586511552333832
YKR037C,YHR081W,0,4.3156037,0.12800458073616028,0.6476833820343018,0.45875149965286255
YEL001C,YKR037C,0,4.3147593,0.12798015773296356,0.6476833820343018,0.4588518738746643
YPR028W,YGR082W,0,4.3142905,0.12795576453208923,0.6476833820343018,0.4589522182941437
YOR087W,YPL047W,0,4.3140855,0.1279313564300537,0.6476833820343018,0.45905259251594543
YJR125C,YBR295W,0,4.31277,0.12790697813034058,0.6476833820343018,0.4591529369354248
YMR231W,YKL002W,0,4.3124804,0.12788259983062744,0.6476833820343018,0.45925331115722656
YOR362C,YGL131C,0,4.312443,0.1278582364320755,0.6476833820343018,0.4593536853790283
YER072W,YMR263W,0,4.312142,0.12783387303352356,0.6476833820343018,0.4594540297985077
YCL055W,YMR012W,0,4.3119354,0.1278095245361328,0.6476833820343018,0.45955440402030945
YIL075C,YOR081C,0,4.311341,0.12778519093990326,0.6476833820343018,0.4596547484397888
YBL002W,YGR286C,0,4.3111825,0.1277608573436737,0.6476833820343018,0.4597551226615906
YNL048W,YKL008C,1,4.310295,0.12792690098285675,0.6486486196517944,0.4597551226615906
YMR280C,YBL074C,0,4.309872,0.127902552485466,0.6486486196517944,0.45985546708106995
YPL095C,YDR363W-A,0,4.3098116,0.12787820398807526,0.6486486196517944,0.4599558413028717
YPL055C,YBR234C,0,4.309487,0.1278538852930069,0.6486486196517944,0.46005621552467346
YIL034C,YFR030W,0,4.309164,0.12782956659793854,0.6486486196517944,0.46015655994415283
YPR057W,YPL241C,0,4.3088665,0.12780524790287018,0.6486486196517944,0.4602569341659546
YER053C,YLR176C,0,4.3085184,0.127780944108963,0.6486486196517944,0.46035727858543396
YBR054W,YOL078W,0,4.3078814,0.12775665521621704,0.6486486196517944,0.4604576528072357
YJR019C,YKL146W,0,4.3058224,0.12773236632347107,0.6486486196517944,0.4605579972267151
YNL031C,YKL139W,0,4.3053436,0.1277080923318863,0.6486486196517944,0.46065837144851685
YHR161C,YKR007W,0,4.3049674,0.1276838332414627,0.6486486196517944,0.4607587456703186
YBR161W,YKL051W,1,4.303384,0.1278495490550995,0.6496139168739319,0.4607587456703186
YPR029C,YHR108W,0,4.3027472,0.12782526016235352,0.6496139168739319,0.460859090089798
YNL257C,YOL130W,0,4.3026414,0.12780098617076874,0.6496139168739319,0.46095946431159973
YLR189C,YBR168W,0,4.302568,0.12777672708034515,0.6496139168739319,0.4610598087310791
YHR042W,YDR397C,0,4.302095,0.12775246798992157,0.6496139168739319,0.46116018295288086
YER120W,YMR006C,1,4.3019085,0.12791800498962402,0.6505791544914246,0.46116018295288086
YGR078C,YDR356W,0,4.3013525,0.12789373099803925,0.6505791544914246,0.46126052737236023
YGR075C,YBL022C,0,4.301028,0.12786947190761566,0.6505791544914246,0.461360901594162
YKL185W,YPR007C,0,4.300851,0.12784521281719208,0.6505791544914246,0.46146124601364136
YAL019W,YGL131C,0,4.3003283,0.1278209686279297,0.6505791544914246,0.4615616202354431
YOR059C,YGR046W,0,4.299885,0.1277967393398285,0.6505791544914246,0.4616619944572449
YKL141W,YLR417W,0,4.2994843,0.1277725100517273,0.6505791544914246,0.46176233887672424
YJL054W,YPL015C,0,4.2991433,0.1277482956647873,0.6505791544914246,0.461862713098526
YDL165W,YDR377W,0,4.2990665,0.1277240812778473,0.6505791544914246,0.46196305751800537
YML019W,YJL089W,0,4.2990026,0.12769988179206848,0.6505791544914246,0.46206343173980713
YFL003C,YPL210C,0,4.298306,0.12767569720745087,0.6505791544914246,0.4621637761592865
YBR211C,YER056C-A,0,4.2977314,0.12765151262283325,0.6505791544914246,0.46226415038108826
YAL032C,YDL188C,0,4.2971363,0.12762734293937683,0.6505791544914246,0.46236452460289
YLR205C,YDR507C,0,4.2970905,0.1276031732559204,0.6505791544914246,0.4624648690223694
YKR045C,YKR024C,0,4.2964683,0.12757903337478638,0.6505791544914246,0.46256524324417114
YIL010W,YGL090W,0,4.2957897,0.12755487859249115,0.6505791544914246,0.4626655876636505
YGR007W,YPL006W,1,4.2955093,0.1277199685573578,0.6515443921089172,0.4626655876636505
YMR091C,YEL018W,0,4.2952437,0.12769579887390137,0.6515443921089172,0.46276596188545227
YGR094W,YDR495C,0,4.293047,0.12767164409160614,0.6515443921089172,0.46286630630493164
YDL210W,YER114C,0,4.292477,0.1276475042104721,0.6515443921089172,0.4629666805267334
YPR105C,YDR316W,0,4.2924457,0.12762336432933807,0.6515443921089172,0.46306705474853516
YNL316C,YLR239C,0,4.2922235,0.12759923934936523,0.6515443921089172,0.4631673991680145
YBL039C,YNL212W,0,4.2919765,0.1275751292705536,0.6515443921089172,0.4632677733898163
YGR208W,YHL020C,0,4.2917733,0.12755101919174194,0.6515443921089172,0.46336811780929565
YPR073C,YIL062C,0,4.2913847,0.1275269240140915,0.6515443921089172,0.4634684920310974
YDL161W,YLR424W,0,4.2897215,0.12750282883644104,0.6515443921089172,0.4635688364505768
YGL044C,YOR016C,0,4.2891054,0.12747874855995178,0.6515443921089172,0.46366921067237854
YDR238C,YNL137C,0,4.288151,0.12745468318462372,0.6515443921089172,0.4637695848941803
YGL195W,YKR001C,0,4.287961,0.12743061780929565,0.6515443921089172,0.46386992931365967
YLR248W,YLR451W,0,4.287909,0.12740656733512878,0.6515443921089172,0.4639703035354614
YLL039C,YKR030W,0,4.2871466,0.1273825317621231,0.6515443921089172,0.4640706479549408
YLR431C,YKL132C,0,4.2870107,0.12735849618911743,0.6515443921089172,0.46417102217674255
YMR086W,YGL043W,0,4.287004,0.12733446061611176,0.6515443921089172,0.4642713665962219
YPR010C,YCL047C,0,4.2869463,0.12731045484542847,0.6515443921089172,0.4643717408180237
YHR188C,YPL148C,1,4.2867107,0.12747500836849213,0.6525096297264099,0.4643717408180237
YCL026C-A,YPR180W,0,4.285198,0.12745098769664764,0.6525096297264099,0.46447208523750305
YJR084W,YOR329C,0,4.2851343,0.12742695212364197,0.6525096297264099,0.4645724594593048
YPL215W,YOR140W,0,4.285084,0.12740294635295868,0.6525096297264099,0.46467283368110657
YBL040C,YDR255C,0,4.2847357,0.1273789405822754,0.6525096297264099,0.46477317810058594
YPR166C,YDR247W,0,4.2844734,0.1273549348115921,0.6525096297264099,0.4648735523223877
YJR088C,YOR245C,0,4.2844424,0.12733094394207,0.6525096297264099,0.46497389674186707
YEL063C,YHR108W,0,4.2843723,0.1273069679737091,0.6525096297264099,0.4650742709636688
YLR109W,YNL014W,0,4.284175,0.1272829920053482,0.6525096297264099,0.4651746153831482
YDL067C,YDR139C,0,4.283978,0.1272590309381485,0.6525096297264099,0.46527498960494995
YER131W,YHR154W,0,4.2832613,0.12723508477210999,0.6525096297264099,0.4653753638267517
YMR266W,YML016C,0,4.283144,0.12721113860607147,0.6525096297264099,0.4654757082462311
YDR536W,YDR407C,0,4.2829294,0.12718720734119415,0.6525096297264099,0.46557608246803284
YBR109C,YER149C,0,4.282588,0.12716327607631683,0.6525096297264099,0.4656764268875122
YFR038W,YER111C,0,4.2816696,0.1271393597126007,0.6525096297264099,0.46577680110931396
YKR086W,YOR087W,0,4.2809505,0.12711545825004578,0.6525096297264099,0.46587714552879333
YGL123W,YDR522C,0,4.2802696,0.12709155678749084,0.6525096297264099,0.4659775197505951
YMR094W,YDR200C,0,4.279603,0.1270676702260971,0.6525096297264099,0.46607789397239685
YMR305C,YDR244W,0,4.2793465,0.12704378366470337,0.6525096297264099,0.4661782383918762
YDR362C,YML102W,0,4.278963,0.12701991200447083,0.6525096297264099,0.466278612613678
YJR042W,YKR048C,0,4.2783365,0.12699605524539948,0.6525096297264099,0.46637895703315735
YGL144C,YMR237W,0,4.2781844,0.12697219848632812,0.6525096297264099,0.4664793312549591
YLR258W,YKL087C,0,4.27789,0.12694835662841797,0.6525096297264099,0.4665796756744385
YOR014W,YBR009C,0,4.277512,0.1269245147705078,0.6525096297264099,0.46668004989624023
YMR268C,YLR216C,0,4.2772236,0.12690068781375885,0.6525096297264099,0.466780424118042
YBR142W,YHR083W,0,4.27719,0.12687687575817108,0.6525096297264099,0.46688076853752136
YDL110C,YPL072W,0,4.276988,0.1268530637025833,0.6525096297264099,0.4669811427593231
YFL003C,YDR238C,0,4.2765,0.12682926654815674,0.6525096297264099,0.4670814871788025
YPL232W,YMR201C,0,4.276393,0.12680548429489136,0.6525096297264099,0.46718186140060425
YHR034C,YJR089W,0,4.2763605,0.12678170204162598,0.6525096297264099,0.4672822058200836
YDR484W,YMR280C,0,4.2753615,0.1267579197883606,0.6525096297264099,0.4673825800418854
YAR033W,YAR008W,0,4.2751837,0.1267341524362564,0.6525096297264099,0.46748292446136475
YKL154W,YBL005W,0,4.275134,0.12671039998531342,0.6525096297264099,0.4675832986831665
YAL053W,YOR120W,0,4.27485,0.12668666243553162,0.6525096297264099,0.46768367290496826
YDL006W,YGR109C,0,4.274726,0.12666292488574982,0.6525096297264099,0.46778401732444763
YCL026C-A,YNL130C,1,4.2746563,0.12682652473449707,0.6534749269485474,0.46778401732444763
YHR152W,YEL039C,0,4.2733707,0.12680277228355408,0.6534749269485474,0.4678843915462494
YNL256W,YBR175W,0,4.2732606,0.12677901983261108,0.6534749269485474,0.46798473596572876
YKR079C,YGR068C,0,4.2724047,0.12675528228282928,0.6534749269485474,0.4680851101875305
YJL145W,YGR254W,0,4.2719364,0.12673155963420868,0.6534749269485474,0.4681854546070099
YMR024W,YFL029C,0,4.271821,0.12670783698558807,0.6534749269485474,0.46828582882881165
YBR105C,YGR241C,0,4.2714577,0.12668412923812866,0.6534749269485474,0.4683862030506134
YIR006C,YOR332W,0,4.270094,0.12666043639183044,0.6534749269485474,0.4684865474700928
YPL068C,YKL212W,0,4.268878,0.12663674354553223,0.6534749269485474,0.46858692169189453
YER038C,YKR038C,0,4.2679954,0.126613050699234,0.6534749269485474,0.4686872661113739
YDR395W,YDR098C,0,4.2676888,0.12658937275409698,0.6534749269485474,0.46878764033317566
YOR136W,YJL197W,0,4.2667108,0.12656570971012115,0.6534749269485474,0.46888798475265503
YBL022C,YNL007C,0,4.266589,0.12654206156730652,0.6534749269485474,0.4689883589744568
YCR005C,YCL069W,0,4.265877,0.12651841342449188,0.6534749269485474,0.46908873319625854
YLR293C,YDR363W-A,0,4.2658186,0.12649476528167725,0.6534749269485474,0.4691890776157379
YIR021W,YCR035C,0,4.2651057,0.1264711320400238,0.6534749269485474,0.4692894518375397
YMR313C,YJL127C,0,4.2648687,0.12644751369953156,0.6534749269485474,0.46938979625701904
YDR092W,YOR155C,0,4.2647767,0.1264239102602005,0.6534749269485474,0.4694901704788208
YNL103W,YLR215C,0,4.264671,0.12640029191970825,0.6534749269485474,0.46959051489830017
YBR122C,YDR054C,0,4.2633677,0.1263767033815384,0.6534749269485474,0.46969088912010193
YLR305C,YAR035W,1,4.263193,0.12653975188732147,0.65444016456604,0.46969088912010193
YNL243W,YMR201C,0,4.2624345,0.12651614844799042,0.65444016456604,0.4697912633419037
YNL065W,YPL189W,0,4.2618465,0.12649253010749817,0.65444016456604,0.46989160776138306
YOR337W,YKL054C,0,4.261796,0.1264689415693283,0.65444016456604,0.4699919819831848
YKL028W,YDR036C,0,4.261708,0.12644535303115845,0.65444016456604,0.4700923264026642
YPR075C,YHR045W,0,4.261138,0.12642177939414978,0.65444016456604,0.47019270062446594
YLR017W,YBL088C,0,4.259139,0.1263982057571411,0.65444016456604,0.4702930450439453
YBR026C,YHR073W,1,4.2578697,0.12656104564666748,0.6554054021835327,0.4702930450439453
YDR052C,YBR210W,0,4.257826,0.12653745710849762,0.6554054021835327,0.47039341926574707
YJR013W,YJL083W,1,4.257738,0.12670020759105682,0.6563706398010254,0.47039341926574707
YCL052C,YNR041C,1,4.257682,0.12686289846897125,0.6573359370231628,0.47039341926574707
YDR126W,YMR316W,0,4.2576127,0.1268392652273178,0.6573359370231628,0.47049376368522644
YPL145C,YNL130C,1,4.257433,0.12700186669826508,0.6583011746406555,0.47049376368522644
YIL044C,YPL004C,0,4.2571006,0.12697821855545044,0.6583011746406555,0.4705941379070282
YBR042C,YOR149C,1,4.2566195,0.12714073061943054,0.6592664122581482,0.4705941379070282
YJL057C,YGL005C,0,4.256586,0.1271170675754547,0.6592664122581482,0.47069451212882996
YPL028W,YER019W,1,4.255838,0.12727949023246765,0.6602316498756409,0.47069451212882996
YIL171W,YMR110C,0,4.254962,0.12725581228733063,0.6602316498756409,0.4707948565483093
YNL240C,YAL019W,0,4.2536683,0.1272321492433548,0.6602316498756409,0.4708952307701111
YNL161W,YER072W,0,4.2532196,0.12720848619937897,0.6602316498756409,0.47099557518959045
YLR363C,YOR002W,0,4.2529283,0.12718482315540314,0.6602316498756409,0.4710959494113922
YMR152W,YOR374W,0,4.2519293,0.1271611750125885,0.6602316498756409,0.4711962938308716
YHL036W,YGR170W,0,4.2518244,0.12713754177093506,0.6602316498756409,0.47129666805267334
YOR070C,YMR271C,0,4.251812,0.1271139234304428,0.6602316498756409,0.4713970422744751
YOR109W,YEL063C,0,4.251708,0.12709030508995056,0.6602316498756409,0.47149738669395447
YJL041W,YER004W,0,4.2508187,0.1270666867494583,0.6602316498756409,0.4715977609157562
YDR227W,YCR073C,0,4.25049,0.12704308331012726,0.6602316498756409,0.4716981053352356
YOR158W,YDL239C,0,4.2502146,0.1270194947719574,0.6602316498756409,0.47179847955703735
YNL152W,YMR150C,0,4.250061,0.12699592113494873,0.6602316498756409,0.4718988239765167
YBL006C,YMR256C,0,4.2493443,0.12697234749794006,0.6602316498756409,0.4719991981983185
YLR414C,YGL035C,0,4.2488027,0.1269487738609314,0.6602316498756409,0.47209957242012024
YNR012W,YDR434W,0,4.2484603,0.12692521512508392,0.6602316498756409,0.4721999168395996
YNL180C,YEL026W,0,4.2479653,0.12690167129039764,0.6602316498756409,0.47230029106140137
YDL044C,YHR193C,0,4.247562,0.12687812745571136,0.6602316498756409,0.47240063548088074
YOL030W,YHL022C,0,4.246798,0.12685459852218628,0.6602316498756409,0.4725010097026825
YOL065C,YNR019W,1,4.2467093,0.12701649963855743,0.6611968874931335,0.4725010097026825
YNL161W,YKL062W,0,4.246536,0.12699295580387115,0.6611968874931335,0.47260135412216187
YHR079C-A,YNR039C,0,4.2463245,0.12696941196918488,0.6611968874931335,0.4727017283439636
YOR173W,YKR037C,0,4.2459946,0.1269458830356598,0.6611968874931335,0.472802072763443
YPL124W,YMR184W,0,4.244107,0.1269223690032959,0.6611968874931335,0.47290244698524475
YPR068C,YJR045C,0,4.2439218,0.126898854970932,0.6611968874931335,0.4730028212070465
YNR070W,YLR083C,0,4.2437162,0.12687534093856812,0.6611968874931335,0.4731031656265259
YER060W,YNL270C,0,4.2426543,0.1268518567085266,0.6611968874931335,0.47320353984832764
YBL016W,YER112W,0,4.2422743,0.1268283724784851,0.6611968874931335,0.473303884267807
YCL027W,YDR375C,0,4.241613,0.1268048882484436,0.6611968874931335,0.47340425848960876
YBR024W,YAL010C,0,4.241251,0.1267814189195633,0.6611968874931335,0.47350460290908813
YPL036W,YKL173W,0,4.24116,0.12675796449184418,0.6611968874931335,0.4736049771308899
YER019W,YKR098C,0,4.2404237,0.12673451006412506,0.6611968874931335,0.47370535135269165
YNL048W,YPR006C,1,4.239889,0.12689603865146637,0.662162184715271,0.47370535135269165
YDR147W,YPR128C,1,4.239598,0.1270575225353241,0.6631274223327637,0.47370535135269165
YBR142W,YLR188W,0,4.2391224,0.1270340234041214,0.6631274223327637,0.473805695772171
YDR425W,YPR168W,0,4.2388935,0.1270105391740799,0.6631274223327637,0.4739060699939728
YDL127W,YGL107C,0,4.2386446,0.1269870549440384,0.6631274223327637,0.47400641441345215
YOR174W,YOL076W,0,4.237285,0.12696358561515808,0.6631274223327637,0.4741067886352539
YIR010W,YGR208W,0,4.2370815,0.12694013118743896,0.6631274223327637,0.4742071330547333
YJR161C,YHR092C,0,4.2369223,0.12691667675971985,0.6631274223327637,0.47430750727653503
YPL231W,YGL225W,1,4.236914,0.12707795202732086,0.6640926599502563,0.47430750727653503
YOR178C,YPL091W,0,4.236458,0.12705448269844055,0.6640926599502563,0.4744078814983368
YGR047C,YPR151C,0,4.2349925,0.12703101336956024,0.6640926599502563,0.47450822591781616
YGL076C,YIL068C,0,4.2342825,0.12700757384300232,0.6640926599502563,0.4746086001396179
YHR143W,YCR044C,0,4.2338943,0.1269841343164444,0.6640926599502563,0.4747089445590973
YOR267C,YML025C,0,4.2337184,0.12696069478988647,0.6640926599502563,0.47480931878089905
YIL129C,YGR166W,0,4.2330756,0.12693727016448975,0.6640926599502563,0.4749096632003784
YIL049W,YNL106C,1,4.2330303,0.12709832191467285,0.665057897567749,0.4749096632003784
YLR450W,YJL156C,0,4.2325263,0.12707488238811493,0.665057897567749,0.4750100374221802
YCR089W,YOR110W,0,4.232337,0.127051442861557,0.665057897567749,0.47511041164398193
YHR143W-A,YJR013W,0,4.232049,0.12702801823616028,0.665057897567749,0.4752107560634613
YMR281W,YOR067C,1,4.2319884,0.12718893587589264,0.6660231947898865,0.4752107560634613
YMR282C,YIL009W,0,4.231985,0.12716549634933472,0.6660231947898865,0.47531113028526306
YBR251W,YMR116C,0,4.231336,0.127142071723938,0.6660231947898865,0.47541147470474243
YER054C,YCL064C,0,4.2306995,0.12711864709854126,0.6660231947898865,0.4755118489265442
YOR030W,YGL098W,0,4.230654,0.12709522247314453,0.6660231947898865,0.47561219334602356
YLR196W,YKL008C,0,4.2301283,0.1270718276500702,0.6660231947898865,0.4757125675678253
YCL004W,YLR118C,1,4.229021,0.12723255157470703,0.6669884324073792,0.4757125675678253
YFL034C-B,YLR367W,0,4.228942,0.1272091269493103,0.6669884324073792,0.4758129119873047
YLR139C,YBL051C,0,4.2282534,0.12718571722507477,0.6669884324073792,0.47591328620910645
YLR116W,YML102W,0,4.2282405,0.12716230750083923,0.6669884324073792,0.4760136604309082
YDL078C,YJL153C,1,4.227928,0.12732291221618652,0.6679536700248718,0.4760136604309082
YJL098W,YBR040W,0,4.227394,0.1272994875907898,0.6679536700248718,0.4761140048503876
YML074C,YDR372C,0,4.2271667,0.12727607786655426,0.6679536700248718,0.47621437907218933
YHR067W,YML124C,0,4.227078,0.12725266814231873,0.6679536700248718,0.4763147234916687
YLR266C,YDL132W,0,4.2268844,0.12722927331924438,0.6679536700248718,0.47641509771347046
YGL018C,YDR421W,0,4.2267866,0.12720587849617004,0.6679536700248718,0.47651544213294983
YPL149W,YHR020W,0,4.226248,0.1271824985742569,0.6679536700248718,0.4766158163547516
YGL245W,YDR350C,0,4.2252803,0.12715913355350494,0.6679536700248718,0.47671619057655334
YBL102W,YJR109C,0,4.224869,0.127135768532753,0.6679536700248718,0.4768165349960327
YIL153W,YNL272C,0,4.2244687,0.12711241841316223,0.6679536700248718,0.4769169092178345
YDL161W,YML024W,0,4.224287,0.12708906829357147,0.6679536700248718,0.47701725363731384
YGR278W,YHR194W,0,4.2241354,0.1270657330751419,0.6679536700248718,0.4771176278591156
YER106W,YKL176C,0,4.2241316,0.12704241275787354,0.6679536700248718,0.47721797227859497
YJL062W,YLR242C,1,4.224097,0.12720264494419098,0.6689189076423645,0.47721797227859497
YOL032W,YKL163W,0,4.2236047,0.12717929482460022,0.6689189076423645,0.47731834650039673
YMR079W,YPL090C,0,4.2232647,0.12715595960617065,0.6689189076423645,0.4774187207221985
YGR121C,YDR435C,0,4.2232146,0.12713263928890228,0.6689189076423645,0.47751906514167786
YOL097C,YER129W,0,4.2225847,0.1271093189716339,0.6689189076423645,0.4776194393634796
YLR027C,YEL063C,0,4.221851,0.12708601355552673,0.6689189076423645,0.477719783782959
YPL204W,YGR026W,0,4.221506,0.12706270813941956,0.6689189076423645,0.47782015800476074
YDR448W,YFL029C,0,4.2207313,0.12703941762447357,0.6689189076423645,0.4779205024242401
YOR368W,YMR277W,0,4.2205048,0.1270161271095276,0.6689189076423645,0.47802087664604187
YJL099W,YKR046C,0,4.2203116,0.1269928514957428,0.6689189076423645,0.47812125086784363
YMR023C,YMR234W,0,4.220074,0.1269695907831192,0.6689189076423645,0.478221595287323
YDR147W,YKR100C,0,4.2191205,0.1269463300704956,0.6689189076423645,0.47832196950912476
YDR301W,YGR271C-A,0,4.218277,0.1269230842590332,0.6689189076423645,0.4784223139286041
YDL159W,YOR348C,0,4.2171564,0.1268998384475708,0.6689189076423645,0.4785226881504059
YBL014C,YFR041C,0,4.216595,0.1268766075372696,0.6689189076423645,0.47862303256988525
YHR028C,YJR066W,0,4.2162886,0.12685337662696838,0.6689189076423645,0.478723406791687
YER172C,YJL203W,0,4.215706,0.12683016061782837,0.6689189076423645,0.4788237512111664
YPL115C,YIR013C,0,4.215699,0.12680695950984955,0.6689189076423645,0.47892412543296814
YDR394W,YJR067C,0,4.215438,0.12678375840187073,0.6689189076423645,0.4790244996547699
YOR004W,YPL051W,0,4.2144156,0.1267605572938919,0.6689189076423645,0.47912484407424927
YGR129W,YDR406W,0,4.213332,0.12673738598823547,0.6689189076423645,0.479225218296051
YPL202C,YBL082C,0,4.21256,0.12671421468257904,0.6689189076423645,0.4793255627155304
YLR088W,YJL062W,1,4.211358,0.12687385082244873,0.6698841452598572,0.4793255627155304
YDR036C,YGL022W,0,4.2111154,0.1268506646156311,0.6698841452598572,0.47942593693733215
YBL006C,YJL143W,0,4.2110324,0.12682747840881348,0.6698841452598572,0.4795262813568115
YER030W,YIL103W,0,4.2107744,0.12680430710315704,0.6698841452598572,0.4796266555786133
YNL173C,YAR042W,0,4.210601,0.1267811506986618,0.6698841452598572,0.47972702980041504
YPR105C,YAL014C,0,4.2102523,0.12675799429416656,0.6698841452598572,0.4798273742198944
YNR016C,YNR008W,1,4.209651,0.12691745162010193,0.6708494424819946,0.4798273742198944
YHR024C,YOL017W,0,4.2092113,0.1268942803144455,0.6708494424819946,0.47992774844169617
YNL275W,YGR165W,0,4.208008,0.12687112390995026,0.6708494424819946,0.48002809286117554
YJL186W,YLR378C,0,4.2072163,0.12684796750545502,0.6708494424819946,0.4801284670829773
YGR116W,YDR234W,0,4.2068777,0.12682481110095978,0.6708494424819946,0.48022881150245667
YLR238W,YGL205W,0,4.2066445,0.12680168449878693,0.6708494424819946,0.4803291857242584
YLR332W,YDR073W,0,4.206531,0.12677854299545288,0.6708494424819946,0.4804295599460602
YOR357C,YPR121W,0,4.206359,0.12675543129444122,0.6708494424819946,0.48052990436553955
YDL079C,YLR166C,0,4.2059083,0.12673231959342957,0.6708494424819946,0.4806302785873413
YDR163W,YGL136C,0,4.20522,0.1267092078924179,0.6708494424819946,0.4807306230068207
YFL056C,YOR173W,0,4.2051773,0.12668611109256744,0.6708494424819946,0.48083099722862244
YJL204C,YLL001W,0,4.204888,0.12666301429271698,0.6708494424819946,0.4809313416481018
YGL009C,YDR532C,0,4.2047253,0.1266399472951889,0.6708494424819946,0.48103171586990356
YMR230W,YDR341C,0,4.204664,0.12661686539649963,0.6708494424819946,0.4811320900917053
YDL141W,YJL165C,0,4.2040205,0.12659381330013275,0.6708494424819946,0.4812324345111847
YNR027W,YMR017W,0,4.203681,0.12657074630260468,0.6708494424819946,0.48133280873298645
YLR341W,YHR157W,0,4.203554,0.126547709107399,0.6708494424819946,0.4814331531524658
YGR186W,YOR269W,0,4.2027445,0.1265246719121933,0.6708494424819946,0.4815335273742676
YOR306C,YOR290C,0,4.2026963,0.1265016347169876,0.6708494424819946,0.48163387179374695
YGR058W,YDR177W,0,4.2026224,0.12647861242294312,0.6708494424819946,0.4817342460155487
YML123C,YIL069C,0,4.2023034,0.12645560503005981,0.6708494424819946,0.4818345904350281
YFL039C,YER035W,0,4.201685,0.1264325976371765,0.6708494424819946,0.48193496465682983
YHL009C,YOR205C,0,4.201618,0.1264096051454544,0.6708494424819946,0.4820353388786316
YKR089C,YNL325C,1,4.201314,0.12656846642494202,0.6718146800994873,0.4820353388786316
YJL204C,YBR279W,0,4.2011137,0.12654545903205872,0.6718146800994873,0.48213568329811096
YDR256C,YDR100W,0,4.2004027,0.12652245163917542,0.6718146800994873,0.4822360575199127
YPL228W,YDL166C,0,4.20038,0.1264994591474533,0.6718146800994873,0.4823364019393921
YOR173W,YDR128W,0,4.2002773,0.1264764666557312,0.6718146800994873,0.48243677616119385
YIR014W,YKL006W,0,4.199911,0.1264534890651703,0.6718146800994873,0.4825371205806732
YLR069C,YNL225C,0,4.199538,0.12643051147460938,0.6718146800994873,0.482637494802475
YDR219C,YIL041W,0,4.1990824,0.12640754878520966,0.6718146800994873,0.48273786902427673
YPL234C,YMR024W,0,4.199068,0.12638460099697113,0.6718146800994873,0.4828382134437561
YBR229C,YNL129W,0,4.1986704,0.1263616532087326,0.6718146800994873,0.48293858766555786
YIL156W,YHR165C,0,4.197012,0.12633872032165527,0.6718146800994873,0.48303893208503723
YOR124C,YDR139C,0,4.1965685,0.12631578743457794,0.6718146800994873,0.483139306306839
YIR033W,YMR313C,1,4.196474,0.1264743208885193,0.67277991771698,0.483139306306839
YHR143W-A,YBL013W,0,4.196375,0.12645137310028076,0.67277991771698,0.48323965072631836
YKL071W,YNL301C,0,4.195813,0.12642844021320343,0.67277991771698,0.4833400249481201
YOR070C,YAL041W,0,4.1957884,0.1264055073261261,0.67277991771698,0.4834403991699219
YNL244C,YKL116C,0,4.1957183,0.12638258934020996,0.67277991771698,0.48354074358940125
YNL135C,YPR057W,0,4.1951056,0.12635968625545502,0.67277991771698,0.483641117811203
YOR359W,YNL094W,0,4.1947494,0.12633678317070007,0.67277991771698,0.4837414622306824
YPR140W,YKL140W,1,4.194544,0.1264951080083847,0.6737451553344727,0.4837414622306824
YNL161W,YIL026C,0,4.1938434,0.12647219002246857,0.6737451553344727,0.48384183645248413
YBR158W,YCR020W-B,0,4.193668,0.12644927203655243,0.6737451553344727,0.4839421808719635
YPL148C,YNL024C,0,4.192426,0.12642636895179749,0.6737451553344727,0.48404255509376526
YPL170W,YNL020C,0,4.1919127,0.12640348076820374,0.6737451553344727,0.484142929315567
YML107C,YBR295W,0,4.1916814,0.12638059258460999,0.6737451553344727,0.4842432737350464
YNL329C,YPL020C,0,4.191304,0.12635770440101624,0.6737451553344727,0.48434364795684814
YJL094C,YPR079W,0,4.1906796,0.12633484601974487,0.6737451553344727,0.4844439923763275
YJL042W,YHR110W,0,4.1902537,0.12631197273731232,0.6737451553344727,0.4845443665981293
YNL256W,YNL135C,0,4.1901226,0.12628912925720215,0.6737451553344727,0.48464471101760864
YDL056W,YPL118W,0,4.1899714,0.12626628577709198,0.6737451553344727,0.4847450852394104
YGR166W,YDR071C,0,4.1890535,0.1262434422969818,0.6737451553344727,0.48484542965888977
YMR280C,YER083C,0,4.188913,0.12622061371803284,0.6737451553344727,0.48494580388069153
YJR077C,YHR170W,0,4.1884212,0.12619780004024506,0.6737451553344727,0.4850461781024933
YML095C,YDR107C,0,4.1882052,0.12617498636245728,0.6737451553344727,0.48514652252197266
YJL174W,YGL017W,0,4.187649,0.1261521726846695,0.6737451553344727,0.4852468967437744
YOR087W,YEL024W,0,4.187644,0.1261293888092041,0.6737451553344727,0.4853472411632538
YDR055W,YCR023C,0,4.1876183,0.12610659003257751,0.6737451553344727,0.48544761538505554
YDR188W,YHR050W,0,4.1872215,0.12608382105827332,0.6737451553344727,0.4855479598045349
YLR158C,YMR201C,0,4.1856346,0.12606103718280792,0.6737451553344727,0.48564833402633667
YLR061W,YMR060C,0,4.18536,0.12603828310966492,0.6737451553344727,0.4857487082481384
YLR315W,YPL249C-A,0,4.185151,0.1260155290365219,0.6737451553344727,0.4858490526676178
YBR160W,YGR023W,0,4.1845865,0.1259927749633789,0.6737451553344727,0.48594942688941956
YDR212W,YBR044C,0,4.184368,0.1259700357913971,0.6737451553344727,0.4860497713088989
YBR176W,YDL099W,0,4.1843343,0.12594731152057648,0.6737451553344727,0.4861501455307007
YIL038C,YKL056C,0,4.184292,0.12592458724975586,0.6737451553344727,0.48625048995018005
YLR207W,YGL011C,0,4.1838937,0.12590187788009644,0.6737451553344727,0.4863508641719818
YLR362W,YLR385C,0,4.1835546,0.125879168510437,0.6737451553344727,0.48645123839378357
YHR107C,YIL023C,0,4.182486,0.12585647404193878,0.6737451553344727,0.48655158281326294
YOR354C,YDR323C,0,4.1822405,0.12583377957344055,0.6737451553344727,0.4866519570350647
YML059C,YNR008W,1,4.181179,0.1259913444519043,0.6747104525566101,0.4866519570350647
YDL165W,YOR136W,0,4.1805634,0.12596864998340607,0.6747104525566101,0.48675230145454407
YBR193C,YPL204W,0,4.1800685,0.12594594061374664,0.6747104525566101,0.4868526756763458
YDL165W,YGR218W,0,4.179814,0.1259232610464096,0.6747104525566101,0.4869530200958252
YMR306W,YOR067C,0,4.179755,0.12590058147907257,0.6747104525566101,0.48705339431762695
YPL100W,YHR014W,0,4.179631,0.12587790191173553,0.6747104525566101,0.4871537387371063
YIR021W,YNR051C,0,4.179308,0.1258552372455597,0.6747104525566101,0.4872541129589081
YPL043W,YBR014C,0,4.1786747,0.12583258748054504,0.6747104525566101,0.48735448718070984
YLR074C,YNL225C,0,4.1785817,0.1258099377155304,0.6747104525566101,0.4874548316001892
YER015W,YER074W-A,0,4.177121,0.12578728795051575,0.6747104525566101,0.48755520582199097
YDR362C,YNL326C,0,4.176705,0.1257646679878235,0.6747104525566101,0.48765555024147034
YER161C,YOL080C,0,4.1766415,0.12574203312397003,0.6747104525566101,0.4877559244632721
YIL064W,YPL258C,0,4.1761484,0.12571942806243896,0.6747104525566101,0.48785626888275146
YKR083C,YAL010C,0,4.1760545,0.1256968230009079,0.6747104525566101,0.4879566431045532
YLR058C,YER148W,0,4.1758246,0.12567421793937683,0.6747104525566101,0.488057017326355
YJR110W,YDR058C,1,4.175593,0.12583138048648834,0.6756756901741028,0.488057017326355
YPL085W,YHR081W,0,4.174425,0.12580877542495728,0.6756756901741028,0.48815736174583435
YMR190C,YHR092C,0,4.1741786,0.1257861703634262,0.6756756901741028,0.4882577359676361
YBR001C,YPL124W,0,4.174137,0.12576356530189514,0.6756756901741028,0.4883580803871155
YCR072C,YBL017C,0,4.173554,0.12574097514152527,0.6756756901741028,0.48845845460891724
YER044C-A,YHR091C,0,4.17338,0.1257183849811554,0.6756756901741028,0.4885587990283966
YBR159W,YML042W,1,4.1731644,0.12587538361549377,0.6766409277915955,0.4885587990283966
YGL077C,YBL097W,0,4.1731615,0.1258527785539627,0.6766409277915955,0.48865917325019836
YIL004C,YPL022W,0,4.1722717,0.12583018839359283,0.6766409277915955,0.4887595474720001
YMR214W,YDR365C,0,4.171118,0.12580761313438416,0.6766409277915955,0.4888598918914795
YMR063W,YKR037C,0,4.1699696,0.12578503787517548,0.6766409277915955,0.48896026611328125
YOL003C,YOR211C,0,4.169732,0.1257624626159668,0.6766409277915955,0.4890606105327606
YEL021W,YJR160C,0,4.169708,0.1257399171590805,0.6766409277915955,0.4891609847545624
YOR117W,YMR318C,0,4.1696253,0.12571735680103302,0.6766409277915955,0.48926132917404175
YOL012C,YER095W,0,4.1695366,0.12569481134414673,0.6766409277915955,0.4893617033958435
YFL025C,YPL121C,0,4.1692576,0.12567228078842163,0.6766409277915955,0.48946207761764526
YLR373C,YKL129C,0,4.169052,0.12564976513385773,0.6766409277915955,0.48956242203712463
YGR059W,YDR246W,0,4.16891,0.12562723457813263,0.6766409277915955,0.4896627962589264
YOL068C,YOR177C,0,4.168811,0.12560473382472992,0.6766409277915955,0.48976314067840576
YER015W,YNL058C,0,4.1677113,0.1255822330713272,0.6766409277915955,0.4898635149002075
YML013W,YGL059W,0,4.1675496,0.1255597323179245,0.6766409277915955,0.4899638593196869
YCL064C,YOR264W,0,4.1665354,0.12553724646568298,0.6766409277915955,0.49006423354148865
YBR160W,YOR308C,0,4.16546,0.12551477551460266,0.6766409277915955,0.490164577960968
YMR037C,YGR261C,0,4.165386,0.12549230456352234,0.6766409277915955,0.4902649521827698
YDR252W,YJL033W,0,4.1648827,0.12546983361244202,0.6766409277915955,0.49036532640457153
YDR479C,YLR201C,0,4.164757,0.12544739246368408,0.6766409277915955,0.4904656708240509
YER019W,YMR204C,0,4.1641984,0.12542493641376495,0.6766409277915955,0.49056604504585266
YLL031C,YIR013C,0,4.162263,0.1254025101661682,0.6766409277915955,0.49066638946533203
YJL179W,YBR139W,0,4.1621237,0.12538006901741028,0.6766409277915955,0.4907667636871338
YDR045C,YPL132W,0,4.161766,0.12535765767097473,0.6766409277915955,0.49086710810661316
YDR129C,YEL024W,0,4.160946,0.12533524632453918,0.6766409277915955,0.4909674823284149
YOL149W,YLR432W,0,4.160557,0.12531283497810364,0.6766409277915955,0.4910678565502167
YIL153W,YLR260W,0,4.158743,0.12529043853282928,0.6766409277915955,0.49116820096969604
YLR014C,YGR092W,0,4.158478,0.12526804208755493,0.6766409277915955,0.4912685751914978
YDR312W,YLL018C-A,0,4.158063,0.12524566054344177,0.6766409277915955,0.4913689196109772
YBR110W,YER019W,1,4.1561756,0.12540192902088165,0.6776061654090881,0.4913689196109772
YKR003W,YKL086W,0,4.1560597,0.1253795325756073,0.6776061654090881,0.49146929383277893
YAR014C,YMR113W,0,4.155409,0.12535713613033295,0.6776061654090881,0.4915696382522583
YHR166C,YMR287C,0,4.154937,0.1253347545862198,0.6776061654090881,0.49167001247406006
YER100W,YIR033W,0,4.154045,0.12531238794326782,0.6776061654090881,0.4917703866958618
YDR147W,YPL190C,0,4.153756,0.12529002130031586,0.6776061654090881,0.4918707311153412
YBR244W,YDR356W,0,4.153232,0.12526766955852509,0.6776061654090881,0.49197110533714294
YIL097W,YDR468C,0,4.1532116,0.12524531781673431,0.6776061654090881,0.4920714497566223
YFL003C,YGR140W,0,4.152666,0.12522298097610474,0.6776061654090881,0.4921718239784241
YDR235W,YHL036W,0,4.152553,0.12520064413547516,0.6776061654090881,0.49227216839790344
YER174C,YOL011W,0,4.152437,0.12517832219600677,0.6776061654090881,0.4923725426197052
YOR047C,YDL212W,0,4.1510944,0.1251560002565384,0.6776061654090881,0.49247291684150696
YFL003C,YCL001W,0,4.1509147,0.1251336932182312,0.6776061654090881,0.49257326126098633
YNL009W,YKR067W,1,4.1504903,0.12528960406780243,0.6785714030265808,0.49257326126098633
YBR158W,YLR194C,0,4.150465,0.12526728212833405,0.6785714030265808,0.4926736354827881
YDL010W,YNL014W,0,4.1501155,0.12524496018886566,0.6785714030265808,0.49277397990226746
YMR037C,YJR161C,0,4.149332,0.12522265315055847,0.6785714030265808,0.4928743541240692
YOL072W,YLR237W,0,4.149315,0.12520036101341248,0.6785714030265808,0.4929746985435486
YDL159W,YPL179W,0,4.14814,0.12517806887626648,0.6785714030265808,0.49307507276535034
YDR009W,YHR118C,0,4.1476555,0.12515577673912048,0.6785714030265808,0.4931754171848297
YNL169C,YKL116C,0,4.146788,0.12513349950313568,0.6785714030265808,0.49327579140663147
YOL065C,YKL005C,0,4.146289,0.12511123716831207,0.6785714030265808,0.4933761656284332
YNL210W,YPR007C,0,4.145797,0.12508897483348846,0.6785714030265808,0.4934765100479126
YBR004C,YBL082C,1,4.145604,0.1252446174621582,0.6795367002487183,0.4934765100479126
YNR056C,YKL099C,0,4.144761,0.1252223402261734,0.6795367002487183,0.49357688426971436
YKL132C,YPL072W,0,4.1443777,0.1252000778913498,0.6795367002487183,0.4936772286891937
YDR407C,YPL117C,0,4.144356,0.12517781555652618,0.6795367002487183,0.4937776029109955
YPR155C,YLR126C,0,4.14047,0.12515555322170258,0.6795367002487183,0.49387794733047485
YGR099W,YOR326W,0,4.1403017,0.12513330578804016,0.6795367002487183,0.4939783215522766
YBR298C,YGL194C,0,4.1402035,0.12511107325553894,0.6795367002487183,0.49407869577407837
YIL002C,YBR036C,1,4.139899,0.12526652216911316,0.6805019378662109,0.49407869577407837
YPR065W,YML063W,0,4.1398416,0.12524427473545074,0.6805019378662109,0.49417904019355774
YDR142C,YOL094C,0,4.139679,0.12522202730178833,0.6805019378662109,0.4942794144153595
YML088W,YHR176W,0,4.1390395,0.12519977986812592,0.6805019378662109,0.49437975883483887
YDR432W,YAL053W,0,4.138586,0.1251775622367859,0.6805019378662109,0.4944801330566406
YCR071C,YPL214C,0,4.1381793,0.12515532970428467,0.6805019378662109,0.49458047747612
YBR185C,YJL072C,0,4.138113,0.12513312697410583,0.6805019378662109,0.49468085169792175
YDR303C,YGL128C,0,4.138012,0.1251109093427658,0.6805019378662109,0.4947812259197235
YMR023C,YGR186W,0,4.137456,0.12508872151374817,0.6805019378662109,0.4948815703392029
YER093C,YPL043W,0,4.1372733,0.12506651878356934,0.6805019378662109,0.49498194456100464
YAL032C,YDL247W,0,4.1366587,0.1250443458557129,0.6805019378662109,0.495082288980484
YEL048C,YER058W,0,4.1361275,0.12502217292785645,0.6805019378662109,0.49518266320228577
YGR256W,YHL031C,0,4.13608,0.125,0.6805019378662109,0.49528300762176514
YBR218C,YDR331W,0,4.1355486,0.12497784197330475,0.6805019378662109,0.4953833818435669
YNL069C,YKL073W,0,4.135227,0.1249556913971901,0.6805019378662109,0.49548375606536865
YIL106W,YER006W,0,4.135014,0.12493354827165604,0.6805019378662109,0.495584100484848
YKR050W,YAL042W,0,4.134743,0.12491141259670258,0.6805019378662109,0.4956844747066498
YHR201C,YBR041W,0,4.1343527,0.12488928437232971,0.6805019378662109,0.49578481912612915
YMR022W,YHR045W,0,4.134201,0.12486716359853745,0.6805019378662109,0.4958851933479309
YOR244W,YOR011W,0,4.1341486,0.12484505027532578,0.6805019378662109,0.4959855377674103
YKR080W,YMR017W,0,4.1336107,0.1248229444026947,0.6805019378662109,0.49608591198921204
YMR237W,YLR368W,0,4.1331377,0.12480085343122482,0.6805019378662109,0.4961862564086914
YHR063C,YLR343W,0,4.1325016,0.12477876245975494,0.6805019378662109,0.49628663063049316
YDR208W,YOR059C,1,4.13158,0.1249336376786232,0.6814671754837036,0.49628663063049316
YDR522C,YDR087C,0,4.130367,0.12491153925657272,0.6814671754837036,0.4963870048522949
YDR483W,YJR058C,0,4.129223,0.12488944083452225,0.6814671754837036,0.4964873492717743
YOR242C,YNL321W,0,4.1286697,0.12486734986305237,0.6814671754837036,0.49658772349357605
YPL283C,YJR152W,0,4.128308,0.12484526634216309,0.6814671754837036,0.4966880679130554
YNL188W,YJL001W,0,4.12741,0.124823197722435,0.6814671754837036,0.4967884421348572
YLL057C,YNL180C,0,4.126994,0.12480112910270691,0.6814671754837036,0.49688878655433655
YOR272W,YDR322C-A,0,4.1265707,0.12477907538414001,0.6814671754837036,0.4969891607761383
YOR033C,YCR065W,0,4.1265397,0.12475702166557312,0.6814671754837036,0.49708953499794006
YOR246C,YER031C,0,4.1262455,0.12473498284816742,0.6814671754837036,0.49718987941741943
YBL088C,YOR266W,0,4.1256447,0.12471295148134232,0.6814671754837036,0.4972902536392212
YNL063W,YDL193W,0,4.125491,0.12469092011451721,0.6814671754837036,0.49739059805870056
YBR079C,YLR058C,0,4.125255,0.1246689036488533,0.6814671754837036,0.4974909722805023
YNR032W,YKL058W,0,4.1251173,0.12464689463376999,0.6814671754837036,0.4975913166999817
YML057W,YDR329C,0,4.1250668,0.12462489306926727,0.6814671754837036,0.49769169092178345
YOR237W,YLR242C,1,4.1250453,0.12477938830852509,0.6824324131011963,0.49769169092178345
YLR441C,YER113C,0,4.1249113,0.12475736439228058,0.6824324131011963,0.4977920651435852
YDL220C,YIL136W,0,4.1238537,0.12473535537719727,0.6824324131011963,0.4978924095630646
YMR198W,YIL113W,0,4.1237416,0.12471335381269455,0.6824324131011963,0.49799278378486633
YDR074W,YCR040W,0,4.1220565,0.12469135969877243,0.6824324131011963,0.4980931282043457
YCR077C,YOR057W,0,4.121725,0.12466937303543091,0.6824324131011963,0.49819350242614746
YBL084C,YGL136C,0,4.120179,0.12464739382266998,0.6824324131011963,0.49829384684562683
YKL165C,YMR207C,1,4.119399,0.12480169534683228,0.6833977103233337,0.49829384684562683
YER032W,YHR215W,0,4.1193733,0.12477969378232956,0.6833977103233337,0.4983942210674286
YDR117C,YBR130C,0,4.1192727,0.12475770711898804,0.6833977103233337,0.49849459528923035
YCL004W,YLR020C,1,4.1191607,0.12491191178560257,0.6843629479408264,0.49849459528923035
YJL210W,YER063W,0,4.119002,0.12488991022109985,0.6843629479408264,0.4985949397087097
YOR083W,YBL042C,0,4.119001,0.12486790865659714,0.6843629479408264,0.4986953139305115
YHR129C,YIL117C,0,4.1189632,0.12484592199325562,0.6843629479408264,0.49879565834999084
YDL230W,YIL015W,0,4.1188655,0.12482394278049469,0.6843629479408264,0.4988960325717926
YPR055W,YPR021C,0,4.1187205,0.12480197101831436,0.6843629479408264,0.498996376991272
YFR032C-A,YER111C,0,4.1176767,0.12478000670671463,0.6843629479408264,0.49909675121307373
YNR041C,YLR242C,1,4.1171093,0.12493401020765305,0.6853281855583191,0.49909675121307373
YPL206C,YER083C,0,4.1165643,0.12491203099489212,0.6853281855583191,0.4991970956325531
YHR023W,YNR041C,0,4.1164217,0.12489005923271179,0.6853281855583191,0.49929746985435486
YDR377W,YHR165C,0,4.1163044,0.12486809492111206,0.6853281855583191,0.4993978440761566
YNL091W,YDL174C,0,4.1161137,0.12484613806009293,0.6853281855583191,0.499498188495636
YGR040W,YLR098C,0,4.1158776,0.12482418864965439,0.6853281855583191,0.49959856271743774
YFL004W,YPL157W,0,4.1152306,0.12480224668979645,0.6853281855583191,0.4996989071369171
YBR186W,YDL081C,0,4.115206,0.1247803196310997,0.6853281855583191,0.49979928135871887
YDL232W,YPL045W,0,4.1145754,0.12475839257240295,0.6853281855583191,0.49989962577819824
YML074C,YAR018C,0,4.1144485,0.1247364729642868,0.6853281855583191,0.5
YLL012W,YML008C,1,4.1137924,0.12489021569490433,0.6862934231758118,0.5
YNL158W,YOR221C,1,4.1135783,0.12504389882087708,0.6872586607933044,0.5
YNL048W,YLR242C,1,4.1128845,0.12519754469394684,0.6882239580154419,0.5
YPR095C,YNL123W,0,4.112831,0.1251755654811859,0.6882239580154419,0.5001003742218018
YBL088C,YAL034W-A,0,4.1126194,0.125153586268425,0.6882239580154419,0.5002007484436035
YPR004C,YPL048W,0,4.111797,0.12513162195682526,0.6882239580154419,0.5003010630607605
YPL160W,YLR307W,0,4.1116724,0.12510967254638672,0.6882239580154419,0.5004014372825623
YDR038C,YDR517W,0,4.1114254,0.12508772313594818,0.6882239580154419,0.500501811504364
YDL159W,YBR233W-A,0,4.1111975,0.12506577372550964,0.6882239580154419,0.5006021857261658
YDL102W,YML041C,0,4.1107335,0.1250438392162323,0.6882239580154419,0.5007025003433228
YNL123W,YDL015C,1,4.1102915,0.12519726157188416,0.6891891956329346,0.5007025003433228
YDR105C,YNL272C,0,4.1100674,0.12517531216144562,0.6891891956329346,0.5008028745651245
YPR007C,YPR082C,0,4.1096706,0.12515337765216827,0.6891891956329346,0.5009032487869263
YDR098C,YBL014C,0,4.109267,0.12513144314289093,0.6891891956329346,0.501003623008728
YBL038W,YBL037W,0,4.109024,0.1251095086336136,0.6891891956329346,0.5011039972305298
YDR212W,YOR260W,0,4.108012,0.12508758902549744,0.6891891956329346,0.5012043118476868
YDR406W,YOR330C,0,4.107588,0.12506568431854248,0.6891891956329346,0.5013046860694885
YLR382C,YDR177W,0,4.1075754,0.12504377961158752,0.6891891956329346,0.5014050602912903
YPL145C,YDL058W,0,4.107491,0.12502188980579376,0.6891891956329346,0.501505434513092
YBR215W,YIL126W,0,4.107433,0.125,0.6891891956329346,0.5016058087348938
YDR273W,YJL186W,0,4.1073833,0.12497811764478683,0.6891891956329346,0.5017061233520508
YIL121W,YER063W,0,4.107337,0.12495625019073486,0.6891891956329346,0.5018064975738525
YCR024C,YOR172W,0,4.1069593,0.12493438273668289,0.6891891956329346,0.5019068717956543
YGR177C,YNL130C,1,4.1064568,0.12508746981620789,0.6901544332504272,0.5019068717956543
YJR014W,YPL124W,0,4.1056466,0.12506559491157532,0.6901544332504272,0.502007246017456
YLR010C,YGL011C,0,4.1055717,0.12504372000694275,0.6901544332504272,0.502107560634613
YPL095C,YNL128W,1,4.1051855,0.12519671022891998,0.6911196708679199,0.502107560634613
YER166W,YNL119W,0,4.1050057,0.12517482042312622,0.6911196708679199,0.5022079348564148
YLL022C,YLR096W,0,4.1043463,0.12515294551849365,0.6911196708679199,0.5023083090782166
YIL002C,YJL134W,1,4.1033306,0.12530583143234253,0.6920849680900574,0.5023083090782166
YPR067W,YPR161C,0,4.1030555,0.12528394162654877,0.6920849680900574,0.5024086833000183
YKL148C,YOR066W,0,4.1027627,0.125262051820755,0.6920849680900574,0.5025090575218201
YCL035C,YLR418C,0,4.1015816,0.12524017691612244,0.6920849680900574,0.502609372138977
YER042W,YLR333C,0,4.101069,0.12521830201148987,0.6920849680900574,0.5027097463607788
YOL012C,YDR071C,0,4.099496,0.1251964420080185,0.6920849680900574,0.5028101205825806
YLR204W,YKR029C,0,4.0990973,0.12517458200454712,0.6920849680900574,0.5029104948043823
YNL279W,YMR022W,0,4.0981483,0.12515273690223694,0.6920849680900574,0.5030108094215393
YDR118W,YGL115W,0,4.0977693,0.12513089179992676,0.6920849680900574,0.5031111836433411
YNL128W,YDL019C,1,4.096794,0.12528353929519653,0.69305020570755,0.5031111836433411
YPL103C,YAL013W,1,4.0966253,0.12543614208698273,0.6940154433250427,0.5031111836433411
YMR298W,YDR038C,0,4.09652,0.12541426718235016,0.6940154433250427,0.5032115578651428
YBR094W,YER048C,0,4.0958652,0.1253923922777176,0.6940154433250427,0.5033119320869446
YBR289W,YDR465C,0,4.0955687,0.12537053227424622,0.6940154433250427,0.5034123063087463
YKL138C,YER131W,0,4.095484,0.12534867227077484,0.6940154433250427,0.5035126209259033
YBR024W,YFL039C,0,4.093503,0.12532682716846466,0.6940154433250427,0.5036129951477051
YBL038W,YLR148W,0,4.093012,0.12530498206615448,0.6940154433250427,0.5037133693695068
YNR001C,YLR414C,0,4.092072,0.1252831518650055,0.6940154433250427,0.5038137435913086
YDL017W,YAR007C,0,4.092014,0.1252613216638565,0.6940154433250427,0.5039141178131104
YBR121C,YOR326W,0,4.09197,0.1252395063638687,0.6940154433250427,0.5040144324302673
YEL016C,YNL037C,0,4.091854,0.12521769106388092,0.6940154433250427,0.5041148066520691
YML004C,YJR139C,0,4.0909557,0.12519589066505432,0.6940154433250427,0.5042151808738708
YKL084W,YGR138C,0,4.090584,0.12517409026622772,0.6940154433250427,0.5043155550956726
YJL083W,YGR202C,1,4.0895214,0.12532636523246765,0.6949806809425354,0.5043155550956726
YOR273C,YPL138C,0,4.0890045,0.12530456483364105,0.6949806809425354,0.5044158697128296
YFL004W,YGL238W,0,4.0889482,0.12528274953365326,0.6949806809425354,0.5045162439346313
YOR035C,YGR062C,0,4.0879254,0.12526096403598785,0.6949806809425354,0.5046166181564331
YDL003W,YOR359W,0,4.0878477,0.12523917853832245,0.6949806809425354,0.5047169923782349
YLR467W,YBL031W,0,4.0876875,0.12521739304065704,0.6949806809425354,0.5048173666000366
YLR376C,YKR037C,0,4.087571,0.12519562244415283,0.6949806809425354,0.5049176812171936
YLR341W,YKR085C,0,4.0873036,0.12517385184764862,0.6949806809425354,0.5050180554389954
YGR059W,YKL084W,0,4.0872703,0.1251520961523056,0.6949806809425354,0.5051184296607971
YDR439W,YKL033W,0,4.0866547,0.12513034045696259,0.6949806809425354,0.5052188038825989
YPL202C,YOR151C,0,4.086514,0.12510859966278076,0.6949806809425354,0.5053191781044006
YDR009W,YDR150W,0,4.0860386,0.12508685886859894,0.6949806809425354,0.5054194927215576
YCL064C,YKR061W,0,4.0845995,0.1250651329755783,0.6949806809425354,0.5055198669433594
YNL001W,YBL046W,0,4.084246,0.12504342198371887,0.6949806809425354,0.5056202411651611
YGL257C,YDR201W,0,4.0839524,0.12502171099185944,0.6949806809425354,0.5057206153869629
YNL183C,YOR151C,0,4.0837193,0.125,0.6949806809425354,0.5058209300041199
YLR099C,YIL160C,1,4.082798,0.1251518875360489,0.6959459185600281,0.5058209300041199
YCR004C,YML127W,0,4.082548,0.12513016164302826,0.6959459185600281,0.5059213042259216
YJL111W,YKR050W,0,4.0822687,0.12510845065116882,0.6959459185600281,0.5060216784477234
YPL059W,YGL161C,0,4.0821137,0.1250867396593094,0.6959459185600281,0.5061220526695251
YOR035C,YJR153W,0,4.0819845,0.12506504356861115,0.6959459185600281,0.5062224268913269
YBR212W,YMR314W,0,4.081475,0.1250433623790741,0.6959459185600281,0.5063227415084839
YOR244W,YDR318W,0,4.081277,0.12502168118953705,0.6959459185600281,0.5064231157302856
YMR307W,YLR343W,0,4.0809073,0.125,0.6959459185600281,0.5065234899520874
YPR107C,YGR256W,0,4.079368,0.12497833371162415,0.6959459185600281,0.5066238641738892
YLR077W,YBL056W,0,4.079199,0.12495667487382889,0.6959459185600281,0.5067241787910461
YDR166C,YIL041W,0,4.0791173,0.12493502348661423,0.6959459185600281,0.5068245530128479
YLR185W,YDR016C,0,4.0790234,0.12491337209939957,0.6959459185600281,0.5069249272346497
YPL212C,YNL251C,0,4.078992,0.1248917356133461,0.6959459185600281,0.5070253014564514
YLR266C,YNL075W,0,4.0788574,0.12487010657787323,0.6959459185600281,0.5071256756782532
YBR055C,YGR075C,0,4.07848,0.12484848499298096,0.6959459185600281,0.5072259902954102
YBR234C,YGL003C,0,4.0783725,0.12482687085866928,0.6959459185600281,0.5073263645172119
YOL148C,YCR038C,0,4.0782957,0.1248052641749382,0.6959459185600281,0.5074267387390137
YMR149W,YLR147C,0,4.077694,0.12478366494178772,0.6959459185600281,0.5075271129608154
YPL226W,YPR161C,0,4.0773277,0.12476207315921783,0.6959459185600281,0.5076274871826172
YHR031C,YDL098C,0,4.076918,0.12474048137664795,0.6959459185600281,0.5077278017997742
YMR079W,YPR183W,1,4.0768967,0.12489188462495804,0.6969112157821655,0.5077278017997742
YNL323W,YOR005C,0,4.0767045,0.12487028539180756,0.6969112157821655,0.5078281760215759
YLR088W,YOR377W,1,4.076481,0.12502162158489227,0.6978764533996582,0.5078281760215759
YOR242C,YOR381W,0,4.075619,0.125,0.6978764533996582,0.5079285502433777
YNL247W,YBR050C,0,4.0754595,0.12497839331626892,0.6978764533996582,0.5080289244651794
YJL148W,YPL256C,0,4.075268,0.12495679408311844,0.6978764533996582,0.5081292390823364
YJR109C,YDR520C,0,4.0752015,0.12493520230054855,0.6978764533996582,0.5082296133041382
YLR315W,YOR149C,0,4.07496,0.12491361796855927,0.6978764533996582,0.5083299875259399
YGR055W,YPL140C,0,4.074735,0.12489203363656998,0.6978764533996582,0.5084303617477417
YMR230W,YLR001C,0,4.0742617,0.12487046420574188,0.6978764533996582,0.5085307359695435
YOR242C,YER131W,0,4.0742507,0.12484890222549438,0.6978764533996582,0.5086310505867004
YBR119W,YLR214W,0,4.073187,0.12482734769582748,0.6978764533996582,0.5087314248085022
YOR070C,YML104C,0,4.0721917,0.12480580061674118,0.6978764533996582,0.508831799030304
YPR031W,YGL032C,0,4.0720344,0.12478426098823547,0.6978764533996582,0.5089321732521057
YDR545W,YPR048W,0,4.0718555,0.12476272881031036,0.6978764533996582,0.5090324878692627
YJL091C,YJL168C,0,4.071828,0.12474120408296585,0.6978764533996582,0.5091328620910645
YLL021W,YDR108W,0,4.0714397,0.12471967935562134,0.6978764533996582,0.5092332363128662
YMR142C,YHR020W,0,4.071234,0.12469816952943802,0.6978764533996582,0.509333610534668
YBR181C,YBR016W,0,4.0703125,0.1246766671538353,0.6978764533996582,0.5094339847564697
YDR182W,YDR270W,0,4.0702496,0.12465517222881317,0.6978764533996582,0.5095342993736267
YAL015C,YPL157W,0,4.0699997,0.12463368475437164,0.6978764533996582,0.5096346735954285
YLR166C,YKL049C,0,4.069746,0.12461220473051071,0.6978764533996582,0.5097350478172302
YDR105C,YLR234W,0,4.069509,0.12459073215723038,0.6978764533996582,0.509835422039032
YNL190W,YDR294C,0,4.0693955,0.12456925958395004,0.6978764533996582,0.5099357962608337
YLR207W,YBR236C,0,4.068884,0.1245478019118309,0.6978764533996582,0.5100361108779907
YDR450W,YPL040C,0,4.0676947,0.12452635169029236,0.6978764533996582,0.5101364850997925
YCR024C-A,YKR085C,0,4.0673814,0.12450490891933441,0.6978764533996582,0.5102368593215942
YDR190C,YNL306W,0,4.0670753,0.12448347359895706,0.6978764533996582,0.510337233543396
YDR538W,YBL055C,0,4.0668464,0.12446203827857971,0.6978764533996582,0.510437548160553
YMR237W,YBR286W,0,4.066401,0.12444061785936356,0.6978764533996582,0.5105379223823547
YEL032W,YKL081W,0,4.0661883,0.124419204890728,0.6978764533996582,0.5106382966041565
YNL048W,YOR171C,1,4.0658426,0.1245698556303978,0.6988416910171509,0.5106382966041565
YDR298C,YOR303W,0,4.065464,0.12454842776060104,0.6988416910171509,0.5107386708259583
YLL031C,YBR003W,1,4.065196,0.12469900399446487,0.6998069286346436,0.5107386708259583
YPR054W,YDL143W,0,4.065133,0.12467756122350693,0.6998069286346436,0.51083904504776
YMR247C,YJR041C,0,4.064333,0.12465611845254898,0.6998069286346436,0.510939359664917
YJR025C,YPL059W,0,4.0637026,0.12463469058275223,0.6998069286346436,0.5110397338867188
YPR201W,YBL055C,0,4.06367,0.12461327016353607,0.6998069286346436,0.5111401081085205
YLL057C,YNL221C,0,4.0635247,0.12459185719490051,0.6998069286346436,0.5112404823303223
YAL020C,YNL229C,0,4.0625787,0.12457044422626495,0.6998069286346436,0.511340856552124
YPL085W,YNL330C,0,4.0624084,0.12454904615879059,0.6998069286346436,0.511441171169281
YJR150C,YJL047C,0,4.062071,0.12452765554189682,0.6998069286346436,0.5115415453910828
YPL194W,YHL006C,0,4.060538,0.12450626492500305,0.6998069286346436,0.5116419196128845
YBR127C,YIL036W,0,4.0598245,0.12448488920927048,0.6998069286346436,0.5117422938346863
YKL137W,YIL063C,0,4.0593553,0.1244635209441185,0.6998069286346436,0.5118426084518433
YJR017C,YJL189W,0,4.059121,0.12444215267896652,0.6998069286346436,0.511942982673645
YBR055C,YLR204W,0,4.058878,0.12442079931497574,0.6998069286346436,0.5120433568954468
YBR229C,YKL157W,0,4.058093,0.12439945340156555,0.6998069286346436,0.5121437311172485
YER166W,YER127W,0,4.0579495,0.12437810748815536,0.6998069286346436,0.5122441053390503
YKR081C,YNR070W,0,4.057658,0.12435677647590637,0.6998069286346436,0.5123444199562073
YBR105C,YJL012C,0,4.057622,0.12433544546365738,0.6998069286346436,0.512444794178009
YMR047C,YDL019C,0,4.0573044,0.12431412935256958,0.6998069286346436,0.5125451683998108
YDR139C,YGL213C,0,4.057011,0.12429281324148178,0.6998069286346436,0.5126455426216125
YKL017C,YJL197W,0,4.0565515,0.12427151203155518,0.6998069286346436,0.5127458572387695
YMR024W,YHR165C,0,4.0565424,0.12425021082162857,0.6998069286346436,0.5128462314605713
YER133W,YNR032W,0,4.056524,0.12422892451286316,0.6998069286346436,0.512946605682373
YHR141C,YDR051C,0,4.0562677,0.12420763820409775,0.6998069286346436,0.5130469799041748
YLR430W,YOL001W,0,4.0558276,0.12418636679649353,0.6998069286346436,0.5131473541259766
YHL016C,YBL021C,0,4.055764,0.12416509538888931,0.6998069286346436,0.5132476687431335
YCR024C,YDR052C,0,4.055429,0.12414383888244629,0.6998069286346436,0.5133480429649353
YGL119W,YNL005C,0,4.0553284,0.12412258237600327,0.6998069286346436,0.5134484171867371
YNR032W,YHR105W,0,4.05517,0.12410133332014084,0.6998069286346436,0.5135487914085388
YLR158C,YHR216W,0,4.054873,0.1240800991654396,0.6998069286346436,0.5136491656303406
YAL053W,YPL024W,0,4.0547547,0.12405886501073837,0.6998069286346436,0.5137494802474976
YGL001C,YFL025C,1,4.0544953,0.1242087259888649,0.700772225856781,0.5137494802474976
YJL074C,YDR359C,0,4.053788,0.12418747693300247,0.700772225856781,0.5138498544692993
YNL326C,YPR081C,0,4.0531836,0.12416624277830124,0.700772225856781,0.5139502286911011
YKR018C,YDR381W,0,4.052882,0.1241450086236,0.700772225856781,0.5140506029129028
YKL006C-A,YAL012W,0,4.0524645,0.12412378191947937,0.700772225856781,0.5141509175300598
YDL066W,YPL031C,0,4.0516915,0.12410256266593933,0.700772225856781,0.5142512917518616
YGR193C,YCL066W,0,4.051681,0.12408135086297989,0.700772225856781,0.5143516659736633
YLR037C,YCR105W,0,4.051536,0.12406015396118164,0.700772225856781,0.5144520401954651
YLR371W,YML121W,0,4.051368,0.12403895705938339,0.700772225856781,0.5145524144172668
YMR275C,YHL004W,0,4.050855,0.12401776760816574,0.700772225856781,0.5146527290344238
YKL016C,YLR430W,0,4.0500774,0.12399658560752869,0.700772225856781,0.5147531032562256
YMR052W,YDR267C,0,4.0499926,0.12397541105747223,0.700772225856781,0.5148534774780273
YOR143C,YML123C,0,4.049989,0.12395424395799637,0.700772225856781,0.5149538516998291
YIL173W,YLR117C,0,4.0497823,0.1239330843091011,0.700772225856781,0.5150541663169861
YGR143W,YOR245C,1,4.0493536,0.12408261001110077,0.7017374634742737,0.5150541663169861
YDR510W,YIL098C,0,4.0491195,0.12406143546104431,0.7017374634742737,0.5151545405387878
YKR089C,YGL129C,0,4.0491104,0.12404026836156845,0.7017374634742737,0.5152549147605896
YGR086C,YPL006W,0,4.0485506,0.12401910871267319,0.7017374634742737,0.5153552889823914
YGR172C,YNL339C,0,4.0484443,0.12399795651435852,0.7017374634742737,0.5154556632041931
YCR096C,YBR097W,0,4.0467596,0.12397680431604385,0.7017374634742737,0.5155559778213501
YDR163W,YDR388W,0,4.046588,0.12395566701889038,0.7017374634742737,0.5156563520431519
YCR027C,YLR100W,0,4.046411,0.1239345371723175,0.7017374634742737,0.5157567262649536
YLR414C,YBR214W,0,4.0461216,0.12391341477632523,0.7017374634742737,0.5158571004867554
YDR421W,YBL019W,0,4.045833,0.12389229983091354,0.7017374634742737,0.5159574747085571
YOR208W,YLR343W,0,4.0439644,0.12387118488550186,0.7017374634742737,0.5160577893257141
YLR010C,YJL083W,0,4.043589,0.12385008484125137,0.7017374634742737,0.5161581635475159
YOR172W,YOR245C,0,4.0435038,0.12382899224758148,0.7017374634742737,0.5162585377693176
YPL149W,YOL078W,0,4.0432043,0.12380789965391159,0.7017374634742737,0.5163589119911194
YJL093C,YGL250W,0,4.041768,0.1237868219614029,0.7017374634742737,0.5164592266082764
YKL182W,YNL231C,1,4.0414658,0.1239359900355339,0.7027027010917664,0.5164592266082764
YBR042C,YNR043W,1,4.0409083,0.12408510595560074,0.703667938709259,0.5164592266082764
YBR127C,YGR278W,0,4.040844,0.12406399101018906,0.703667938709259,0.5165596008300781
YDL207W,YNL065W,0,4.040412,0.12404287606477737,0.703667938709259,0.5166599750518799
YJR044C,YPL051W,0,4.040216,0.12402177602052689,0.703667938709259,0.5167603492736816
YGL009C,YFL061W,0,4.0396633,0.124000683426857,0.703667938709259,0.5168607234954834
YNL101W,YPR178W,0,4.0392857,0.1239795908331871,0.703667938709259,0.5169610381126404
YHR080C,YLR022C,0,4.0391226,0.1239585131406784,0.703667938709259,0.5170614123344421
YGR108W,YPL145C,0,4.039099,0.12393743544816971,0.703667938709259,0.5171617865562439
YML107C,YER072W,0,4.0383286,0.1239163726568222,0.703667938709259,0.5172621607780457
YLR058C,YDL214C,0,4.0377274,0.1238953098654747,0.703667938709259,0.5173624753952026
YCR067C,YBL097W,0,4.037161,0.1238742545247078,0.703667938709259,0.5174628496170044
YDR169C,YCR066W,0,4.036283,0.12385321408510208,0.703667938709259,0.5175632238388062
YOR032C,YNL086W,0,4.036192,0.12383217364549637,0.703667938709259,0.5176635980606079
YML096W,YDR358W,0,4.0357656,0.12381114065647125,0.703667938709259,0.5177639722824097
YNL252C,YPR114W,0,4.035676,0.12379011511802673,0.703667938709259,0.5178642868995667
YOR369C,YGL022W,0,4.0345106,0.12376909703016281,0.703667938709259,0.5179646611213684
YER007W,YLR051C,0,4.033708,0.12374809384346008,0.703667938709259,0.5180650353431702
YOR193W,YDR247W,0,4.033654,0.12372709065675735,0.703667938709259,0.5181654095649719
YER125W,YER093C,1,4.0335717,0.12387578189373016,0.7046331763267517,0.5181654095649719
YKR001C,YDR032C,0,4.0332384,0.12385477125644684,0.7046331763267517,0.5182657837867737
YBR103W,YBR207W,0,4.0330763,0.12383376061916351,0.7046331763267517,0.5183660984039307
YKL017C,YNL328C,0,4.033039,0.12381275743246078,0.7046331763267517,0.5184664726257324
YGR254W,YDL135C,0,4.032166,0.12379176169633865,0.7046331763267517,0.5185668468475342
YDR488C,YPR145W,0,4.031802,0.12377077341079712,0.7046331763267517,0.5186672210693359
YML034W,YDL153C,0,4.031768,0.12374978512525558,0.7046331763267517,0.5187675356864929
YDR399W,YNL058C,0,4.029457,0.12372881174087524,0.7046331763267517,0.5188679099082947
YBR088C,YLR448W,0,4.0291843,0.1237078458070755,0.7046331763267517,0.5189682841300964
YFR055W,YHL011C,0,4.02911,0.12368688732385635,0.7046331763267517,0.5190686583518982
YKL110C,YDR363W-A,0,4.028735,0.1236659362912178,0.7046331763267517,0.5191690325737
YJR134C,YLR095C,0,4.0276985,0.12364498525857925,0.7046331763267517,0.5192693471908569
YDR519W,YPR183W,0,4.0273046,0.1236240491271019,0.7046331763267517,0.5193697214126587
YHR167W,YER109C,0,4.026543,0.12360311299562454,0.7046331763267517,0.5194700956344604
YBL087C,YDL120W,0,4.0264883,0.12358219176530838,0.7046331763267517,0.5195704698562622
YDR377W,YPL047W,0,4.025171,0.12356127053499222,0.7046331763267517,0.519670844078064
YDR056C,YOR171C,0,4.0247526,0.12354036420583725,0.7046331763267517,0.519771158695221
YPL053C,YMR017W,0,4.023932,0.12351945787668228,0.7046331763267517,0.5198715329170227
YBR078W,YOL146W,0,4.023902,0.12349855899810791,0.7046331763267517,0.5199719071388245
YIL038C,YFL003C,0,4.023877,0.12347767502069473,0.7046331763267517,0.5200722813606262
YNR020C,YHR181W,0,4.0237436,0.12345679104328156,0.7046331763267517,0.5201725959777832
YGL257C,YHR133C,0,4.0233154,0.12343591451644897,0.7046331763267517,0.520272970199585
YAL009W,YOR319W,0,4.022699,0.12341504544019699,0.7046331763267517,0.5203733444213867
YKL006C-A,YMR118C,0,4.021509,0.1233941838145256,0.7046331763267517,0.5204737186431885
YOR155C,YBL017C,0,4.0213065,0.12337332963943481,0.7046331763267517,0.5205740928649902
YDL192W,YKL212W,0,4.021205,0.12335248291492462,0.7046331763267517,0.5206744074821472
YML095C,YKL014C,0,4.0210586,0.12333164364099503,0.7046331763267517,0.520774781703949
YKL209C,YGL251C,0,4.0206857,0.12331081181764603,0.7046331763267517,0.5208751559257507
YOR036W,YOL019W,0,4.02067,0.12328998744487762,0.7046331763267517,0.5209755301475525
YER129W,YPL133C,0,4.020643,0.12326916307210922,0.7046331763267517,0.5210758447647095
YCR008W,YEL064C,0,4.0204906,0.12324835360050201,0.7046331763267517,0.5211762189865112
YDR301W,YHR001W,0,4.020455,0.1232275515794754,0.7046331763267517,0.521276593208313
YJL041W,YLR136C,0,4.020069,0.12320674955844879,0.7046331763267517,0.5213769674301147
YDR037W,YGL238W,0,4.019656,0.12318596243858337,0.7046331763267517,0.5214773416519165
YDL004W,YGL039W,0,4.0189486,0.12316517531871796,0.7046331763267517,0.5215776562690735
YIL171W,YIL101C,0,4.018926,0.12314440310001373,0.7046331763267517,0.5216780304908752
YDR126W,YHR128W,0,4.018143,0.12312363088130951,0.7046331763267517,0.521778404712677
YPL206C,YIL091C,0,4.01769,0.12310286611318588,0.7046331763267517,0.5218787789344788
YDL056W,YIL049W,0,4.01763,0.12308210879564285,0.7046331763267517,0.5219791531562805
YMR002W,YGL201C,0,4.017621,0.12306135892868042,0.7046331763267517,0.5220794677734375
YBR188C,YJL136C,0,4.01643,0.12304062396287918,0.7046331763267517,0.5221798419952393
YGL029W,YKR013W,0,4.016369,0.12301988899707794,0.7046331763267517,0.522280216217041
YOR284W,YML038C,0,4.015976,0.1229991540312767,0.7046331763267517,0.5223805904388428
YDR261C,YGR245C,0,4.0152836,0.12297843396663666,0.7046331763267517,0.5224809050559998
YDL243C,YMR261C,0,4.0149527,0.12295772135257721,0.7046331763267517,0.5225812792778015
YGR295C,YOR197W,0,4.014805,0.12293701618909836,0.7046331763267517,0.5226816534996033
YDR450W,YLR007W,0,4.0145087,0.1229163184762001,0.7046331763267517,0.522782027721405
YPR134W,YPR103W,0,4.014105,0.12289562076330185,0.7046331763267517,0.5228824019432068
YNL264C,YOR317W,1,4.0136633,0.12304326146841049,0.7055984735488892,0.5228824019432068
YJR139C,YLR003C,0,4.0136547,0.12302254885435104,0.7055984735488892,0.5229827165603638
YBR079C,YDR314C,0,4.012741,0.12300185114145279,0.7055984735488892,0.5230830907821655
YLR405W,YMR183C,0,4.012379,0.12298116087913513,0.7055984735488892,0.5231834650039673
YJL062W,YBR014C,0,4.0116053,0.12296047061681747,0.7055984735488892,0.523283839225769
YLR064W,YER011W,0,4.011167,0.12293978780508041,0.7055984735488892,0.523384153842926
YGR109C,YKL055C,0,4.011135,0.12291911989450455,0.7055984735488892,0.5234845280647278
YEL019C,YDR420W,0,4.0103717,0.12289845198392868,0.7055984735488892,0.5235849022865295
YJR103W,YER015W,1,4.010085,0.1230458915233612,0.7065637111663818,0.5235849022865295
YAL009W,YDL020C,0,4.009599,0.12302520871162415,0.7065637111663818,0.5236852765083313
YDL007W,YBR102C,0,4.0094805,0.12300453335046768,0.7065637111663818,0.5237856507301331
YER048C,YMR236W,0,4.0090923,0.12298387289047241,0.7065637111663818,0.52388596534729
YDR288W,YER062C,0,4.0078125,0.12296321243047714,0.7065637111663818,0.5239863395690918
YJR013W,YKR064W,1,4.0075474,0.12311051040887833,0.7075289487838745,0.5239863395690918
YLR293C,YLR381W,0,4.0071507,0.12308984249830246,0.7075289487838745,0.5240867137908936
YLR364W,YOR330C,0,4.0067515,0.12306917458772659,0.7075289487838745,0.5241870880126953
YOR118W,YER018C,0,4.0065484,0.12304851412773132,0.7075289487838745,0.5242874622344971
YDR409W,YOR228C,0,4.005696,0.12302786111831665,0.7075289487838745,0.524387776851654
YPR122W,YER139C,0,4.0056014,0.12300721555948257,0.7075289487838745,0.5244881510734558
YDR108W,YNL054W,0,4.005199,0.1229865774512291,0.7075289487838745,0.5245885252952576
YKR050W,YPR184W,0,4.004757,0.12296594679355621,0.7075289487838745,0.5246888995170593
YJL159W,YPR114W,0,4.0037084,0.12294532358646393,0.7075289487838745,0.5247892141342163
YPL170W,YIL031W,0,4.0033264,0.12292470037937164,0.7075289487838745,0.5248895883560181
YBR210W,YPL121C,0,4.0033193,0.12290409207344055,0.7075289487838745,0.5249899625778198
YOR202W,YNL132W,0,4.002564,0.12288348376750946,0.7075289487838745,0.5250903367996216
YBR077C,YHR115C,0,4.002283,0.12286289036273956,0.7075289487838745,0.5251907110214233
YBR058C-A,YNL156C,1,4.002111,0.12300989031791687,0.7084941864013672,0.5251907110214233
YDR147W,YIL049W,1,4.001736,0.12315683811903,0.7094594836235046,0.5251907110214233
YMR224C,YBL031W,0,4.0013943,0.12313620001077652,0.7094594836235046,0.5252910256385803
YDR044W,YNL256W,0,4.0013623,0.12311557680368423,0.7094594836235046,0.5253913998603821
YDL130W,YDR186C,0,4.0011716,0.12309496104717255,0.7094594836235046,0.5254917740821838
YDL200C,YIL105C,0,4.0010924,0.12307434529066086,0.7094594836235046,0.5255921483039856
YIL074C,YKL026C,0,4.0007515,0.12305374443531036,0.7094594836235046,0.5256925225257874
YER161C,YJL129C,0,4.0006804,0.12303314357995987,0.7094594836235046,0.5257928371429443
YNL113W,YDR407C,0,4.000421,0.12301255017518997,0.7094594836235046,0.5258932113647461
YBR119W,YLR315W,0,3.9997463,0.12299196422100067,0.7094594836235046,0.5259935855865479
YIR006C,YOR171C,0,3.999744,0.12297139316797256,0.7094594836235046,0.5260939598083496
YOR030W,YCR044C,0,3.999235,0.12295082211494446,0.7094594836235046,0.5261942744255066
YCL044C,YMR266W,0,3.9985518,0.12293025851249695,0.7094594836235046,0.5262946486473083
YGR218W,YHR197W,0,3.998064,0.12290970236063004,0.7094594836235046,0.5263950228691101
YCL048W,YDR314C,0,3.9977818,0.12288914620876312,0.7094594836235046,0.5264953970909119
YJL091C,YJR144W,0,3.9977155,0.1228686049580574,0.7094594836235046,0.5265957713127136
YNL264C,YDR208W,1,3.9975686,0.12301521003246307,0.7104247212409973,0.5265957713127136
YHR128W,YOR359W,0,3.9974265,0.12299465388059616,0.7104247212409973,0.5266960859298706
YOR025W,YKR064W,1,3.9971762,0.12314118444919586,0.71138995885849,0.5266960859298706
YMR225C,YPL121C,0,3.99712,0.12312061339616776,0.71138995885849,0.5267964601516724
YLR276C,YHR210C,0,3.9967318,0.12310004979372025,0.71138995885849,0.5268968343734741
YMR022W,YJR110W,0,3.995868,0.12307949364185333,0.71138995885849,0.5269972085952759
YER125W,YDR147W,1,3.995579,0.12322591245174408,0.7123551964759827,0.5269972085952759
YLR055C,YNR033W,0,3.995151,0.12320534139871597,0.7123551964759827,0.5270975232124329
YOR128C,YFL018C,0,3.9946768,0.12318477779626846,0.7123551964759827,0.5271978974342346
YHR001W,YPR002W,1,3.9946117,0.12333110719919205,0.7133204340934753,0.5271978974342346
YMR080C,YLR372W,0,3.9944918,0.12331052869558334,0.7133204340934753,0.5272982716560364
YBR297W,YJL173C,0,3.993094,0.12328995764255524,0.7133204340934753,0.5273986458778381
YBR218C,YNL257C,0,3.9927292,0.12326939404010773,0.7133204340934753,0.5274990200996399
YDR288W,YLR034C,0,3.9910455,0.12324883043766022,0.7133204340934753,0.5275993347167969
YLR204W,YPR023C,0,3.9906468,0.1232282817363739,0.7133204340934753,0.5276997089385986
YNR011C,YOR005C,0,3.9906464,0.12320773303508759,0.7133204340934753,0.5278000831604004
YEL020C,YNL024C,0,3.990364,0.12318719923496246,0.7133204340934753,0.5279004573822021
YGR284C,YFR040W,0,3.9901512,0.12316666543483734,0.7133204340934753,0.5280008316040039
YIL118W,YLR390W-A,0,3.9893632,0.12314613908529282,0.7133204340934753,0.5281011462211609
YCR096C,YLR399C,0,3.9891949,0.12312562763690948,0.7133204340934753,0.5282015204429626
YBR029C,YIL009W,1,3.989042,0.12327169626951218,0.7142857313156128,0.5282015204429626
YJL129C,YLR185W,0,3.9890404,0.12325116246938705,0.7142857313156128,0.5283018946647644
YDR267C,YJR047C,0,3.9882302,0.12323064357042313,0.7142857313156128,0.5284022688865662
YIL101C,YPR042C,0,3.9882228,0.1232101246714592,0.7142857313156128,0.5285025835037231
YFL008W,YML101C,0,3.987871,0.12318961322307587,0.7142857313156128,0.5286029577255249
YDR204W,YBR050C,0,3.9876363,0.12316910922527313,0.7142857313156128,0.5287033319473267
YNL329C,YJR143C,0,3.9869623,0.123148612678051,0.7142857313156128,0.5288037061691284
YBR034C,YGL035C,0,3.9853964,0.12312811613082886,0.7142857313156128,0.5289040803909302
YLR233C,YJL104W,0,3.985035,0.12310763448476791,0.7142857313156128,0.5290043950080872
YNL103W,YMR235C,0,3.9849477,0.12308716028928757,0.7142857313156128,0.5291047692298889
YNR036C,YLR174W,0,3.9847863,0.12306668609380722,0.7142857313156128,0.5292051434516907
YHR104W,YDR533C,0,3.984541,0.12304622679948807,0.7142857313156128,0.5293055176734924
YNL116W,YAL058W,0,3.9842389,0.12302576750516891,0.7142857313156128,0.5294058322906494
YCR024C,YPR018W,0,3.9839911,0.12300531566143036,0.7142857313156128,0.5295062065124512
YNL156C,YLR098C,0,3.9819317,0.122984878718853,0.7142857313156128,0.5296065807342529
YAL061W,YJL156C,0,3.9808466,0.12296444177627563,0.7142857313156128,0.5297069549560547
YGR278W,YGR087C,0,3.9808304,0.12294401228427887,0.7142857313156128,0.5298073291778564
YMR101C,YKL049C,0,3.9805012,0.1229235902428627,0.7142857313156128,0.5299076437950134
YPL100W,YDR482C,0,3.9804406,0.12290317565202713,0.7142857313156128,0.5300080180168152
YBR119W,YDL139C,0,3.9793673,0.12288276106119156,0.7142857313156128,0.5301083922386169
YOL007C,YDR524C,0,3.9792295,0.12286236137151718,0.7142857313156128,0.5302087664604187
YER125W,YML059C,1,3.97921,0.12300796806812286,0.7152509689331055,0.5302087664604187
YGL136C,YPL048W,0,3.9780893,0.12298755347728729,0.7152509689331055,0.5303091406822205
YBL063W,YGR212W,0,3.9768825,0.12296713888645172,0.7152509689331055,0.5304094552993774
YOR190W,YMR307W,0,3.9757237,0.12294673919677734,0.7152509689331055,0.5305098295211792
YNL286W,YDL006W,0,3.975363,0.12292634695768356,0.7152509689331055,0.530610203742981
YML091C,YML131W,0,3.9752374,0.12290595471858978,0.7152509689331055,0.5307105779647827
YMR225C,YGL205W,0,3.9750395,0.1228855699300766,0.7152509689331055,0.5308108925819397
YMR257C,YLL028W,0,3.9748993,0.12286520004272461,0.7152509689331055,0.5309112668037415
YOR257W,YJL138C,0,3.9748592,0.12284483015537262,0.7152509689331055,0.5310116410255432
YIL168W,YDR158W,0,3.974236,0.12282446771860123,0.7152509689331055,0.531112015247345
YJL153C,YLR413W,0,3.973281,0.12280411273241043,0.7152509689331055,0.5312123894691467
YHL036W,YDR379W,0,3.9732194,0.12278375774621964,0.7152509689331055,0.5313127040863037
YIL115C,YGR202C,0,3.9731445,0.12276341766119003,0.7152509689331055,0.5314130783081055
YER180C,YDR189W,0,3.9729996,0.12274308502674103,0.7152509689331055,0.5315134525299072
YGL047W,YPL203W,0,3.9728844,0.12272275239229202,0.7152509689331055,0.531613826751709
YHR033W,YJR041C,0,3.9720666,0.12270243465900421,0.7152509689331055,0.531714141368866
YKR059W,YDL075W,0,3.971126,0.1226821169257164,0.7152509689331055,0.5318145155906677
YGR154C,YEL013W,0,3.971002,0.12266181409358978,0.7152509689331055,0.5319148898124695
YLR190W,YNL233W,0,3.970182,0.12264151126146317,0.7152509689331055,0.5320152640342712
YMR291W,YGL008C,0,3.968263,0.12262121587991714,0.7152509689331055,0.532115638256073
YKL209C,YHR146W,0,3.9674644,0.12260092794895172,0.7152509689331055,0.53221595287323
YNL221C,YHL006C,0,3.966909,0.1225806474685669,0.7152509689331055,0.5323163270950317
YDR339C,YDL122W,0,3.9660065,0.12256036698818207,0.7152509689331055,0.5324167013168335
YBR036C,YIL160C,1,3.965959,0.12270547449588776,0.7162162065505981,0.5324167013168335
YAR007C,YEL061C,0,3.96544,0.12268518656492233,0.7162162065505981,0.5325170755386353
YDL161W,YDR108W,0,3.9648347,0.1226649060845375,0.7162162065505981,0.532617449760437
YPL194W,YDR175C,0,3.964818,0.12264462560415268,0.7162162065505981,0.532717764377594
YHR118C,YGR057C,0,3.9647985,0.12262436002492905,0.7162162065505981,0.5328181385993958
YOR259C,YNR059W,0,3.9647627,0.12260409444570541,0.7162162065505981,0.5329185128211975
YOR193W,YNR049C,0,3.96464,0.12258384376764297,0.7162162065505981,0.5330188870429993
YEL005C,YDR071C,0,3.9644916,0.12256359308958054,0.7162162065505981,0.5331192016601562
YHR043C,YLR266C,0,3.964476,0.1225433498620987,0.7162162065505981,0.533219575881958
YDR017C,YDR384C,0,3.9642992,0.12252311408519745,0.7162162065505981,0.5333199501037598
YCR033W,YGL238W,0,3.9640584,0.1225028857588768,0.7162162065505981,0.5334203243255615
YAL015C,YHR025W,0,3.9640312,0.12248266488313675,0.7162162065505981,0.5335206985473633
YMR036C,YPL176C,0,3.963569,0.1224624514579773,0.7162162065505981,0.5336210131645203
YLR056W,YNL123W,1,3.961672,0.1226072609424591,0.7171814441680908,0.5336210131645203
YDL030W,YPL038W,0,3.961369,0.12258703261613846,0.7171814441680908,0.533721387386322
YBR296C,YDR307W,0,3.96064,0.12256681174039841,0.7171814441680908,0.5338217616081238
YMR113W,YDL212W,0,3.9606068,0.12254659086465836,0.7171814441680908,0.5339221358299255
YHR160C,YAR050W,0,3.9599195,0.1225263848900795,0.7171814441680908,0.5340225100517273
YLR286C,YMR072W,0,3.9590087,0.12250618636608124,0.7171814441680908,0.5341228246688843
YEL058W,YDR253C,0,3.9580402,0.12248598784208298,0.7171814441680908,0.534223198890686
YKR089C,YLR260W,1,3.9575927,0.12263062596321106,0.7181467413902283,0.534223198890686
YKL055C,YKL165C,1,3.9572575,0.12277521193027496,0.719111979007721,0.534223198890686
YJL174W,YKR092C,0,3.9569855,0.12275498360395432,0.719111979007721,0.5343235731124878
YER073W,YPR054W,0,3.9567046,0.12273476272821426,0.719111979007721,0.5344239473342896
YER060W-A,YJR047C,0,3.956662,0.12271454185247421,0.719111979007721,0.5345242619514465
YGL032C,YOR130C,0,3.9555364,0.12269433587789536,0.719111979007721,0.5346246361732483
YLR189C,YPR006C,1,3.9554164,0.12283879518508911,0.7200772166252136,0.5346246361732483
YDR025W,YOR260W,0,3.9551034,0.12281857430934906,0.7200772166252136,0.53472501039505
YER061C,YDR213W,1,3.9549577,0.12296296656131744,0.7210424542427063,0.53472501039505
YLR306W,YDR214W,0,3.9547968,0.1229427233338356,0.7210424542427063,0.5348253846168518
YDR259C,YDR085C,0,3.952136,0.12292249500751495,0.7210424542427063,0.5349257588386536
YDR079C-A,YIL073C,0,3.9517872,0.1229022741317749,0.7210424542427063,0.5350260734558105
YMR217W,YHR207C,0,3.9511676,0.12288205325603485,0.7210424542427063,0.5351264476776123
YIL144W,YGR014W,0,3.9509525,0.1228618398308754,0.7210424542427063,0.5352268218994141
YDR395W,YML038C,0,3.95015,0.12284164130687714,0.7210424542427063,0.5353271961212158
YOR259C,YLR376C,0,3.9489212,0.12282144278287888,0.7210424542427063,0.5354275107383728
YJR086W,YOL116W,0,3.9488654,0.12280125170946121,0.7210424542427063,0.5355278849601746
YMR290C,YBR211C,0,3.9486554,0.12278106808662415,0.7210424542427063,0.5356282591819763
YPR031W,YNL002C,0,3.9485788,0.12276088446378708,0.7210424542427063,0.5357286334037781
YIL066C,YMR223W,0,3.9479618,0.1227407157421112,0.7210424542427063,0.5358290076255798
YBR207W,YLR418C,0,3.9479227,0.12272055447101593,0.7210424542427063,0.5359293222427368
YOR025W,YGL084C,1,3.9469705,0.12286464869976044,0.7220077514648438,0.5359293222427368
YKL026C,YER170W,0,3.9466481,0.12284447252750397,0.7220077514648438,0.5360296964645386
YDR100W,YER095W,0,3.9461708,0.1228243038058281,0.7220077514648438,0.5361300706863403
YAL032C,YGR047C,0,3.946128,0.12280413508415222,0.7220077514648438,0.5362304449081421
YJL057C,YLR138W,0,3.9450722,0.12278398126363754,0.7220077514648438,0.5363308191299438
YGR257C,YLR385C,0,3.9448867,0.12276382744312286,0.7220077514648438,0.5364311337471008
YGR224W,YJL139C,0,3.9448361,0.12274368107318878,0.7220077514648438,0.5365315079689026
YDL155W,YDL044C,0,3.9428,0.1227235421538353,0.7220077514648438,0.5366318821907043
YHR020W,YPL173W,0,3.9424686,0.12270341068506241,0.7220077514648438,0.5367322564125061
YDL056W,YBR185C,0,3.9424593,0.12268328666687012,0.7220077514648438,0.5368325710296631
YMR060C,YPL203W,0,3.9412508,0.12266317009925842,0.7220077514648438,0.5369329452514648
YLR221C,YGR133W,0,3.9411926,0.12264305353164673,0.7220077514648438,0.5370333194732666
YJR077C,YGR191W,0,3.9408405,0.12262295186519623,0.7220077514648438,0.5371336936950684
YDR204W,YNL330C,0,3.9406,0.12260285019874573,0.7220077514648438,0.5372340679168701
YKL055C,YNL106C,1,3.9405553,0.12274663895368576,0.7229729890823364,0.5372340679168701
YGL025C,YEL017C-A,0,3.9394445,0.12272652983665466,0.7229729890823364,0.5373343825340271
YPL145C,YBL082C,1,3.9393802,0.12287025153636932,0.7239382266998291,0.5373343825340271
YPR021C,YMR163C,0,3.9384465,0.12285012006759644,0.7239382266998291,0.5374347567558289
YJR009C,YJL174W,0,3.9375658,0.12283000349998474,0.7239382266998291,0.5375351309776306
YBR088C,YBR152W,0,3.9367237,0.12280988693237305,0.7239382266998291,0.5376355051994324
YDR208W,YBR198C,0,3.9366326,0.12278978526592255,0.7239382266998291,0.5377358198165894
YGR109C,YDR441C,0,3.9361873,0.12276968359947205,0.7239382266998291,0.5378361940383911
YLR260W,YJL204C,0,3.9352486,0.12274958938360214,0.7239382266998291,0.5379365682601929
YER113C,YDR501W,0,3.9350436,0.12272950261831284,0.7239382266998291,0.5380369424819946
YJL058C,YDR107C,0,3.9349742,0.12270942330360413,0.7239382266998291,0.5381373167037964
YBR029C,YPL145C,1,3.9343338,0.12285293638706207,0.7249034643173218,0.5381373167037964
YGL211W,YGR148C,0,3.9333968,0.12283284217119217,0.7249034643173218,0.5382376313209534
YML054C,YKL052C,0,3.9330635,0.12281275540590286,0.7249034643173218,0.5383380055427551
YMR313C,YPR101W,0,3.9324336,0.12279267609119415,0.7249034643173218,0.5384383797645569
YKR059W,YGL145W,0,3.9319572,0.12277260422706604,0.7249034643173218,0.5385387539863586
YOR010C,YPR165W,0,3.931694,0.12275253236293793,0.7249034643173218,0.5386391282081604
YOR247W,YOR067C,0,3.9314156,0.12273247539997101,0.7249034643173218,0.5387394428253174
YMR094W,YER095W,0,3.9305377,0.12271241843700409,0.7249034643173218,0.5388398170471191
YNL247W,YGL045W,0,3.9301744,0.12269236892461777,0.7249034643173218,0.5389401912689209
YNL257C,YNL005C,0,3.93006,0.12267232686281204,0.7249034643173218,0.5390405654907227
YMR052W,YGL128C,0,3.929984,0.12265229225158691,0.7249034643173218,0.5391408801078796
YPR028W,YML047C,0,3.929683,0.12263226509094238,0.7249034643173218,0.5392412543296814
YEL058W,YKL073W,0,3.929588,0.12261224538087845,0.7249034643173218,0.5393416285514832
YML010W,YMR118C,0,3.929446,0.12259223312139511,0.7249034643173218,0.5394420027732849
YGR028W,YNR008W,0,3.9294229,0.12257222086191177,0.7249034643173218,0.5395423769950867
YEL011W,YJL165C,0,3.9290533,0.12255221605300903,0.7249034643173218,0.5396426916122437
YDL033C,YJL145W,0,3.9286642,0.12253222614526749,0.7249034643173218,0.5397430658340454
YNL093W,YBR280C,0,3.9284801,0.12251223623752594,0.7249034643173218,0.5398434400558472
YHR042W,YIL049W,1,3.9279914,0.12265535444021225,0.7258687019348145,0.5398434400558472
YEL009C,YPL141C,0,3.9267979,0.1226353570818901,0.7258687019348145,0.5399438142776489
YDL205C,YKL017C,0,3.925945,0.12261535972356796,0.7258687019348145,0.5400441884994507
YBR217W,YOR003W,0,3.9252431,0.12259536981582642,0.7258687019348145,0.5401445031166077
YOR311C,YHR067W,1,3.9242945,0.12273838371038437,0.7268339991569519,0.5401445031166077
YNL077W,YGL098W,0,3.9238665,0.12271838635206223,0.7268339991569519,0.5402448773384094
YMR207C,YDR160W,0,3.9237516,0.12269838899374008,0.7268339991569519,0.5403452515602112
YOL007C,YGL065C,0,3.923593,0.12267839908599854,0.7268339991569519,0.5404456257820129
YIR037W,YCL067C,0,3.923102,0.12265841662883759,0.7268339991569519,0.5405459403991699
YHR072W,YNL045W,1,3.922948,0.12280130386352539,0.7277992367744446,0.5405459403991699
YBR279W,YPL133C,0,3.9220986,0.12278130650520325,0.7277992367744446,0.5406463146209717
YNL317W,YDL042C,0,3.9216943,0.1227613165974617,0.7277992367744446,0.5407466888427734
YER032W,YDL018C,0,3.9206274,0.12274133414030075,0.7277992367744446,0.5408470630645752
YDR446W,YKL040C,0,3.9203362,0.1227213516831398,0.7277992367744446,0.540947437286377
YLL054C,YBR016W,0,3.9202805,0.12270138412714005,0.7277992367744446,0.5410477519035339
YBR042C,YLR228C,1,3.9196706,0.12284412980079651,0.7287644743919373,0.5410477519035339
YDR349C,YLR367W,0,3.9195695,0.12282413989305496,0.7287644743919373,0.5411481261253357
YBR288C,YJR047C,0,3.9188867,0.12280416488647461,0.7287644743919373,0.5412485003471375
YLL022C,YBR121C,0,3.91594,0.12278418987989426,0.7287644743919373,0.5413488745689392
YHR064C,YOR191W,0,3.9157383,0.1227642297744751,0.7287644743919373,0.5414491891860962
YML082W,YOR178C,0,3.9155388,0.12274426966905594,0.7287644743919373,0.541549563407898
YHR005C,YLR106C,0,3.915267,0.12272431701421738,0.7287644743919373,0.5416499376296997
YIL168W,YJR022W,0,3.9148889,0.12270437180995941,0.7287644743919373,0.5417503118515015
YGL001C,YPL170W,1,3.914576,0.12284693121910095,0.7297297120094299,0.5417503118515015
YOL127W,YPL117C,0,3.9143767,0.1228269711136818,0.7297297120094299,0.5418506860733032
YKL028W,YPL053C,0,3.9136684,0.12280701845884323,0.7297297120094299,0.5419510006904602
YPL138C,YKR014C,0,3.9125981,0.12278707325458527,0.7297297120094299,0.542051374912262
YPL133C,YAL048C,0,3.9124932,0.1227671355009079,0.7297297120094299,0.5421517491340637
YNL136W,YPR048W,0,3.9118524,0.12274719774723053,0.7297297120094299,0.5422521233558655
YML113W,YJL104W,0,3.911847,0.12272727489471436,0.7297297120094299,0.5423524975776672
YIR006C,YGL227W,0,3.9111893,0.12270735204219818,0.7297297120094299,0.5424528121948242
YGL032C,YLR086W,0,3.9106026,0.1226874366402626,0.7297297120094299,0.542553186416626
YDL120W,YIL051C,0,3.9105978,0.12266752868890762,0.7297297120094299,0.5426535606384277
YIL105C,YML088W,0,3.9104848,0.12264762818813324,0.7297297120094299,0.5427539348602295
YPR068C,YGR253C,0,3.9098783,0.12262773513793945,0.7297297120094299,0.5428542494773865
YEL042W,YCR077C,0,3.9096782,0.12260784953832626,0.7297297120094299,0.5429546236991882
YDR536W,YAL061W,0,3.9094892,0.12258797138929367,0.7297297120094299,0.54305499792099
YDR331W,YHR185C,0,3.9092546,0.12256809324026108,0.7297297120094299,0.5431553721427917
YDR044W,YNL213C,0,3.9086046,0.12254822254180908,0.7297297120094299,0.5432557463645935
YOL029C,YKR061W,0,3.9082723,0.12252836674451828,0.7297297120094299,0.5433560609817505
YLR427W,YBR201W,0,3.907977,0.12250851094722748,0.7297297120094299,0.5434564352035522
YMR091C,YPL013C,0,3.907186,0.12248865514993668,0.7297297120094299,0.543556809425354
YHR064C,YMR011W,0,3.9069672,0.12246881425380707,0.7297297120094299,0.5436571836471558
YGR094W,YCR047C,0,3.906219,0.12244898080825806,0.7297297120094299,0.5437574982643127
YCR024C-A,YGL067W,0,3.905847,0.12242914736270905,0.7297297120094299,0.5438578724861145
YOR064C,YGR183C,0,3.905706,0.12240932881832123,0.7297297120094299,0.5439582467079163
YGR206W,YNL005C,0,3.9055943,0.12238951027393341,0.7297297120094299,0.544058620929718
YOR201C,YKR030W,0,3.9055228,0.12236969918012619,0.7297297120094299,0.5441589951515198
YOR270C,YAR042W,0,3.904815,0.12234989553689957,0.7297297120094299,0.5442593097686768
YBR153W,YLR204W,0,3.904263,0.12233009934425354,0.7297297120094299,0.5443596839904785
YGR086C,YPR165W,0,3.9036577,0.12231030315160751,0.7297297120094299,0.5444600582122803
YKR007W,YLR172C,0,3.9033697,0.12229052186012268,0.7297297120094299,0.544560432434082
YPR055W,YMR150C,0,3.9030106,0.12227074056863785,0.7297297120094299,0.5446608066558838
YGR046W,YLR399C,0,3.902616,0.12225096672773361,0.7297297120094299,0.5447611212730408
YAL005C,YDL087C,0,3.9025085,0.12223120778799057,0.7297297120094299,0.5448614954948425
YMR048W,YOR004W,0,3.9021206,0.12221144884824753,0.7297297120094299,0.5449618697166443
YNL167C,YOL123W,0,3.9012365,0.12219168990850449,0.7297297120094299,0.545062243938446
YHR117W,YGL070C,0,3.900951,0.12217194586992264,0.7297297120094299,0.545162558555603
YDR329C,YNL339C,0,3.9009204,0.12215220183134079,0.7297297120094299,0.5452629327774048
YLR371W,YJL048C,0,3.900289,0.12213247269392014,0.7297297120094299,0.5453633069992065
YLR056W,YML059C,1,3.8999612,0.12227427214384079,0.7306950092315674,0.5453633069992065
YDR291W,YNL270C,0,3.8997865,0.12225452065467834,0.7306950092315674,0.5454636812210083
YIR004W,YKL181W,0,3.898593,0.1222347840666771,0.7306950092315674,0.5455640554428101
YJR143C,YJR158W,0,3.8984928,0.12221504747867584,0.7306950092315674,0.545664370059967
YDL005C,YAR003W,0,3.8983717,0.12219531834125519,0.7306950092315674,0.5457647442817688
YNL023C,YLR372W,0,3.8983293,0.12217559665441513,0.7306950092315674,0.5458651185035706
YJL035C,YDR117C,0,3.8980412,0.12215588241815567,0.7306950092315674,0.5459654927253723
YER172C,YDR069C,0,3.8956645,0.1221361756324768,0.7306950092315674,0.5460658073425293
YCR054C,YOR192C,0,3.8954315,0.12211646884679794,0.7306950092315674,0.546166181564331
YPL076W,YPR066W,0,3.8952932,0.12209677696228027,0.7306950092315674,0.5462665557861328
YCR033W,YJL092W,0,3.895183,0.1220770850777626,0.7306950092315674,0.5463669300079346
YGL018C,YDL075W,0,3.8939857,0.12205740064382553,0.7306950092315674,0.5464673042297363
YDL093W,YJL091C,0,3.8935895,0.12203772366046906,0.7306950092315674,0.5465676188468933
YOL058W,YMR083W,0,3.8928232,0.12201805412769318,0.7306950092315674,0.5466679930686951
YHR148W,YBL008W,0,3.8926725,0.1219983920454979,0.7306950092315674,0.5467683672904968
YBR070C,YPL140C,0,3.8911686,0.12197872996330261,0.7306950092315674,0.5468687415122986
YBR009C,YML043C,0,3.8909106,0.12195907533168793,0.7306950092315674,0.5469691157341003
YPR100W,YNL252C,0,3.8899097,0.12193943560123444,0.7306950092315674,0.5470694303512573
YJR094W-A,YNL218W,0,3.889686,0.12191979587078094,0.7306950092315674,0.5471698045730591
YLR096W,YMR063W,0,3.8894367,0.12190016359090805,0.7306950092315674,0.5472701787948608
YDR381W,YPL234C,0,3.8893127,0.12188053131103516,0.7306950092315674,0.5473705530166626
YML004C,YMR232W,0,3.8891826,0.12186091393232346,0.7306950092315674,0.5474708676338196
YDR363W,YLR336C,0,3.888739,0.12184130400419235,0.7306950092315674,0.5475712418556213
YDR247W,YOR288C,0,3.887879,0.12182169407606125,0.7306950092315674,0.5476716160774231
YDR400W,YOR030W,0,3.8870997,0.12180209159851074,0.7306950092315674,0.5477719902992249
YEL019C,YOL116W,0,3.8869994,0.12178249657154083,0.7306950092315674,0.5478723645210266
YOR092W,YJR117W,0,3.886623,0.12176290899515152,0.7306950092315674,0.5479726791381836
YJR134C,YBR244W,0,3.885683,0.1217433288693428,0.7306950092315674,0.5480730533599854
YOL109W,YAL003W,0,3.885394,0.12172374874353409,0.7306950092315674,0.5481734275817871
YDR291W,YFL041W,0,3.885225,0.12170418351888657,0.7306950092315674,0.5482738018035889
YLR310C,YGR076C,0,3.8840709,0.12168461829423904,0.7306950092315674,0.5483741760253906
YBR094W,YML062C,0,3.8836076,0.12166506052017212,0.7306950092315674,0.5484744906425476
YNL111C,YHR133C,1,3.8828952,0.12180620431900024,0.7316602468490601,0.5484744906425476
YGR284C,YBR110W,0,3.8821933,0.12178663164377213,0.7316602468490601,0.5485748648643494
YLR390W-A,YLR283W,0,3.8821588,0.1217670664191246,0.7316602468490601,0.5486752390861511
YCR072C,YJR137C,0,3.8819323,0.12174750864505768,0.7316602468490601,0.5487756133079529
YDR079C-A,YPL156C,0,3.8816423,0.12172795832157135,0.7316602468490601,0.5488759279251099
YOR332W,YPR032W,0,3.8811166,0.12170841544866562,0.7316602468490601,0.5489763021469116
YPL006W,YIL049W,1,3.8811116,0.1218494176864624,0.7326254844665527,0.5489763021469116
YKL110C,YMR048W,0,3.8809388,0.12182985246181488,0.7326254844665527,0.5490766763687134
YDR058C,YFL029C,0,3.8808284,0.12181030213832855,0.7326254844665527,0.5491770505905151
YLR370C,YDR246W,0,3.8808138,0.12179075926542282,0.7326254844665527,0.5492774248123169
YJR066W,YDR420W,0,3.8805008,0.12177121639251709,0.7326254844665527,0.5493777394294739
YNL124W,YGL128C,0,3.8794773,0.12175168097019196,0.7326254844665527,0.5494781136512756
YDL108W,YPL146C,0,3.8793375,0.12173216044902802,0.7326254844665527,0.5495784878730774
YDL130W-A,YDR202C,0,3.8791544,0.12171263992786407,0.7326254844665527,0.5496788620948792
YKL048C,YKR061W,0,3.8790767,0.12169311940670013,0.7326254844665527,0.5497791767120361
YEL015W,YLR138W,0,3.8776076,0.12167361378669739,0.7326254844665527,0.5498795509338379
YIL085C,YGL128C,0,3.876793,0.12165410816669464,0.7326254844665527,0.5499799251556396
YBR258C,YFL062W,0,3.8767452,0.12163461744785309,0.7326254844665527,0.5500802993774414
YGR205W,YGR083C,0,3.876308,0.12161512672901154,0.7326254844665527,0.5501806735992432
YGR138C,YGR188C,0,3.876231,0.12159564346075058,0.7326254844665527,0.5502809882164001
YLR196W,YLR315W,0,3.8757908,0.12157616764307022,0.7326254844665527,0.5503813624382019
YML126C,YDR270W,0,3.8744817,0.12155669182538986,0.7326254844665527,0.5504817366600037
YJL216C,YGL167C,0,3.8730946,0.1215372309088707,0.7326254844665527,0.5505821108818054
YPR140W,YJR054W,0,3.8724895,0.12151776999235153,0.7326254844665527,0.5506824851036072
YOL031C,YPL249C-A,0,3.8724813,0.12149831652641296,0.7326254844665527,0.5507827997207642
YDL098C,YGR014W,0,3.871665,0.12147887051105499,0.7326254844665527,0.5508831739425659
YPL265W,YCR067C,0,3.870938,0.12145943194627762,0.7326254844665527,0.5509835481643677
YDR294C,YER093C,1,3.8705635,0.12160000205039978,0.7335907220840454,0.5509835481643677
YOR311C,YJL091C,1,3.8705468,0.12174052000045776,0.7345559597015381,0.5509835481643677
YNL023C,YJR145C,0,3.86994,0.121721051633358,0.7345559597015381,0.5510839223861694
YKL049C,YBL106C,0,3.8690987,0.12170158326625824,0.7345559597015381,0.5511842370033264
YBR201W,YHL015W,0,3.8685489,0.12168212234973907,0.7345559597015381,0.5512846112251282
YML085C,YDL211C,0,3.8684263,0.1216626688838005,0.7345559597015381,0.5513849854469299
YAL013W,YLR204W,0,3.8681479,0.12164322286844254,0.7345559597015381,0.5514853596687317
YFR038W,YNL263C,0,3.8680367,0.12162378430366516,0.7345559597015381,0.5515857338905334
YLR071C,YKL211C,0,3.867803,0.12160434573888779,0.7345559597015381,0.5516860485076904
YMR070W,YBL025W,0,3.8655634,0.12158491462469101,0.7345559597015381,0.5517864227294922
YCR068W,YKL140W,1,3.8651958,0.12172523885965347,0.7355212569236755,0.5517864227294922
YOL006C,YOL060C,0,3.865133,0.1217058002948761,0.7355212569236755,0.551886796951294
YMR190C,YOR068C,0,3.864832,0.12168636173009872,0.7355212569236755,0.5519871711730957
YNL083W,YDR424C,0,3.8646808,0.12166693061590195,0.7355212569236755,0.5520874857902527
YNL091W,YPL036W,0,3.8637877,0.12164750695228577,0.7355212569236755,0.5521878600120544
YGR143W,YKR067W,1,3.863192,0.12178771197795868,0.7364864945411682,0.5521878600120544
YPL029W,YNL037C,0,3.862563,0.1217682734131813,0.7364864945411682,0.5522882342338562
YKR059W,YNL134C,0,3.8623729,0.12174884229898453,0.7364864945411682,0.552388608455658
YDR273W,YJL047C,0,3.8622856,0.12172941863536835,0.7364864945411682,0.5524889826774597
YER131W,YPR017C,0,3.8616643,0.12171000242233276,0.7364864945411682,0.5525892972946167
YNL308C,YMR149W,0,3.8615408,0.12169059365987778,0.7364864945411682,0.5526896715164185
YOR347C,YKR104W,0,3.8614001,0.12167118489742279,0.7364864945411682,0.5527900457382202
YCL017C,YPL228W,0,3.8613696,0.1216517835855484,0.7364864945411682,0.552890419960022
YEL016C,YMR223W,0,3.8611932,0.12163238972425461,0.7364864945411682,0.5529907941818237
YER157W,YBR153W,0,3.860585,0.12161300331354141,0.7364864945411682,0.5530911087989807
YMR092C,YNL055C,0,3.8602314,0.12159362435340881,0.7364864945411682,0.5531914830207825
YPL018W,YOR334W,0,3.8600483,0.12157425284385681,0.7364864945411682,0.5532918572425842
YER140W,YHR138C,0,3.8592296,0.12155488133430481,0.7364864945411682,0.553392231464386
YGL150C,YNL068C,0,3.8591728,0.1215355172753334,0.7364864945411682,0.553492546081543
YHR113W,YKL154W,0,3.8587244,0.1215161681175232,0.7364864945411682,0.5535929203033447
YPL095C,YJL134W,1,3.8581862,0.12165605276823044,0.7374517321586609,0.5535929203033447
YDR408C,YAL007C,0,3.857306,0.12163668125867844,0.7374517321586609,0.5536932945251465
YLR216C,YDR043C,0,3.8571587,0.12161731719970703,0.7374517321586609,0.5537936687469482
YBR299W,YJL058C,0,3.8567452,0.12159796059131622,0.7374517321586609,0.55389404296875
YER044C-A,YDR399W,0,3.8567271,0.12157861143350601,0.7374517321586609,0.553994357585907
YOR375C,YFR037C,0,3.856304,0.1215592697262764,0.7374517321586609,0.5540947318077087
YGR224W,YGR215W,0,3.8559802,0.12153992801904678,0.7374517321586609,0.5541951060295105
YPL269W,YDR078C,0,3.8553538,0.12152060121297836,0.7374517321586609,0.5542954802513123
YOR175C,YFL055W,0,3.8552408,0.12150127440690994,0.7374517321586609,0.554395854473114
YCR091W,YDR402C,0,3.8551793,0.12148195505142212,0.7374517321586609,0.554496169090271
YLR324W,YOR290C,0,3.8545985,0.1214626356959343,0.7374517321586609,0.5545965433120728
YCL067C,YBR152W,0,3.854515,0.12144333124160767,0.7374517321586609,0.5546969175338745
YLR099C,YDR054C,0,3.8543568,0.12142403423786163,0.7374517321586609,0.5547972917556763
YCR079W,YDL247W,0,3.85293,0.1214047372341156,0.7374517321586609,0.5548976063728333
YHR070W,YHR165C,0,3.8527179,0.12138544768095016,0.7374517321586609,0.554997980594635
YOR312C,YER003C,0,3.8513274,0.12136616557836533,0.7374517321586609,0.5550983548164368
YHR184W,YLR128W,0,3.8511658,0.12134688347578049,0.7374517321586609,0.5551987290382385
YNL045W,YDR111C,0,3.85101,0.12132761627435684,0.7374517321586609,0.5552991032600403
YDR141C,YIL019W,0,3.8505526,0.1213083490729332,0.7374517321586609,0.5553994178771973
YDR004W,YGL238W,0,3.8499193,0.12128909677267075,0.7374517321586609,0.555499792098999
YNR027W,YPR081C,0,3.849868,0.1212698444724083,0.7374517321586609,0.5556001663208008
YHR112C,YGL219C,0,3.849856,0.12125059217214584,0.7374517321586609,0.5557005405426025
YOR208W,YHR205W,0,3.8490815,0.12123135477304459,0.7374517321586609,0.5558008551597595
YDR135C,YBR295W,0,3.848243,0.12121212482452393,0.7374517321586609,0.5559012293815613
YGR216C,YLR459W,1,3.84817,0.12135152518749237,0.7384169697761536,0.5559012293815613
YOR265W,YHR011W,0,3.8481102,0.12133227288722992,0.7384169697761536,0.556001603603363
YER179W,YJR043C,0,3.8480124,0.12131303548812866,0.7384169697761536,0.5561019778251648
YDR463W,YNL180C,0,3.8479419,0.1212937980890274,0.7384169697761536,0.5562023520469666
YPL058C,YKL145W,0,3.8479412,0.12127457559108734,0.7384169697761536,0.5563026666641235
YEL016C,YIR017C,0,3.8478732,0.12125535309314728,0.7384169697761536,0.5564030408859253
YGR227W,YMR079W,1,3.8470416,0.12139461189508438,0.739382266998291,0.5564030408859253
YML130C,YBR130C,0,3.8470056,0.12137537449598312,0.739382266998291,0.556503415107727
YBL037W,YPR108W,0,3.8468149,0.12135614454746246,0.739382266998291,0.5566037893295288
YNL041C,YDL210W,0,3.8461685,0.1213369220495224,0.739382266998291,0.5567041635513306
YNL327W,YLR304C,0,3.8454354,0.12131770700216293,0.739382266998291,0.5568044781684875
YER087C-A,YDR251W,0,3.8443055,0.12129849195480347,0.739382266998291,0.5569048523902893
YPL124W,YNL185C,0,3.8439863,0.1212792918086052,0.739382266998291,0.5570052266120911
YER041W,YBR152W,0,3.843617,0.12126009166240692,0.739382266998291,0.5571056008338928
YDR312W,YHR014W,0,3.8435285,0.12124089896678925,0.739382266998291,0.5572059154510498
YBR167C,YLL018C-A,0,3.8433676,0.12122171372175217,0.739382266998291,0.5573062896728516
YKR022C,YHR121W,0,3.8433146,0.12120252847671509,0.739382266998291,0.5574066638946533
YHR190W,YOL011W,1,3.8431954,0.12134155631065369,0.7403475046157837,0.5574066638946533
YLR328W,YLR450W,0,3.8430743,0.12132236361503601,0.7403475046157837,0.5575070381164551
YJR107W,YBL082C,1,3.8423877,0.12146133184432983,0.7413127422332764,0.5575070381164551
YLR313C,YOR067C,0,3.8423657,0.12144212424755096,0.7413127422332764,0.5576074123382568
YPL206C,YKL020C,1,3.8418798,0.12158102542161942,0.742277979850769,0.5576074123382568
YMR113W,YJR102C,0,3.8416963,0.12156181037425995,0.742277979850769,0.5577077269554138
YOR077W,YNL322C,0,3.8402498,0.12154259532690048,0.742277979850769,0.5578081011772156
YKL208W,YBR073W,0,3.8399525,0.12152338773012161,0.742277979850769,0.5579084753990173
YDL017W,YLR237W,0,3.8396196,0.12150418758392334,0.742277979850769,0.5580088496208191
YLR240W,YDR486C,0,3.8395114,0.12148499488830566,0.742277979850769,0.5581091642379761
YPL210C,YPL153C,0,3.839245,0.12146580219268799,0.742277979850769,0.5582095384597778
YBR288C,YHR065C,0,3.8387036,0.12144661694765091,0.742277979850769,0.5583099126815796
YML106W,YHR197W,0,3.8384695,0.12142744660377502,0.742277979850769,0.5584102869033813
YPL187W,YHR098C,0,3.8383627,0.12140827625989914,0.742277979850769,0.5585106611251831
YBR253W,YDL080C,0,3.8382936,0.12138910591602325,0.742277979850769,0.5586109757423401
YPL130W,YDR251W,0,3.836338,0.12136995047330856,0.742277979850769,0.5587113499641418
YBR044C,YHR114W,0,3.8359947,0.12135079503059387,0.742277979850769,0.5588117241859436
YNL167C,YDR345C,0,3.8359056,0.12133164703845978,0.742277979850769,0.5589120984077454
YJL063C,YBR130C,0,3.835178,0.12131250649690628,0.742277979850769,0.5590124726295471
YJL008C,YBR295W,0,3.8351002,0.12129337340593338,0.742277979850769,0.5591127872467041
YPR185W,YMR221C,0,3.835044,0.12127424776554108,0.742277979850769,0.5592131614685059
YOR233W,YKR029C,0,3.8341951,0.12125512212514877,0.742277979850769,0.5593135356903076
YBR107C,YOR227W,0,3.833867,0.12123601138591766,0.742277979850769,0.5594139099121094
YMR006C,YOR311C,1,3.8331728,0.12137452512979507,0.7432432174682617,0.5594139099121094
YER119C,YJL118W,0,3.8331347,0.12135539948940277,0.7432432174682617,0.5595142245292664
YCL061C,YLR194C,0,3.8330731,0.12133627384901047,0.7432432174682617,0.5596145987510681
YNL031C,YPL271W,0,3.8328032,0.12131715565919876,0.7432432174682617,0.5597149729728699
YKL164C,YBR038W,0,3.8319883,0.12129804491996765,0.7432432174682617,0.5598153471946716
YOR237W,YHR039C,1,3.8319569,0.12143644690513611,0.7442085146903992,0.5598153471946716
YPL145C,YNL045W,1,3.8319361,0.12157480418682098,0.7451737523078918,0.5598153471946716
YDR409W,YML031W,0,3.831894,0.12155566364526749,0.7451737523078918,0.5599157214164734
YNL265C,YLR307W,0,3.8315954,0.12153652310371399,0.7451737523078918,0.5600160360336304
YPR055W,YDR448W,0,3.8312898,0.12151739001274109,0.7451737523078918,0.5601164102554321
YPL194W,YLR019W,0,3.8308473,0.12149827182292938,0.7451737523078918,0.5602167844772339
YLR287C-A,YOR151C,0,3.8304768,0.12147915363311768,0.7451737523078918,0.5603171586990356
YIL098C,YPL004C,0,3.830324,0.12146003544330597,0.7451737523078918,0.5604174733161926
YDR253C,YGL099W,0,3.830162,0.12144093215465546,0.7451737523078918,0.5605178475379944
YFL024C,YMR109W,0,3.8299465,0.12142182886600494,0.7451737523078918,0.5606182217597961
YKL055C,YHL003C,1,3.8289063,0.1215599924325943,0.7461389899253845,0.5606182217597961
YDR190C,YER058W,0,3.8285563,0.12154088169336319,0.7461389899253845,0.5607185959815979
YGL243W,YOR341W,0,3.8281145,0.12152177095413208,0.7461389899253845,0.5608189702033997
YKR052C,YNL048W,0,3.8280478,0.12150267511606216,0.7461389899253845,0.5609192848205566
YPL063W,YHR185C,0,3.8273206,0.12148357927799225,0.7461389899253845,0.5610196590423584
YHR143W,YPR121W,0,3.8272977,0.12146449089050293,0.7461389899253845,0.5611200332641602
YFL056C,YLR275W,0,3.8271995,0.12144540250301361,0.7461389899253845,0.5612204074859619
YDR086C,YIL138C,0,3.8271108,0.12142632901668549,0.7461389899253845,0.5613207817077637
YBR229C,YGR038W,0,3.827056,0.12140725553035736,0.7461389899253845,0.5614210963249207
YGL028C,YOR202W,0,3.8266714,0.12138818949460983,0.7461389899253845,0.5615214705467224
YDR398W,YLR266C,0,3.8262076,0.1213691309094429,0.7461389899253845,0.5616218447685242
YNL063W,YLL010C,0,3.826074,0.12135007977485657,0.7461389899253845,0.5617222189903259
YBL103C,YCR008W,0,3.825954,0.12133102864027023,0.7461389899253845,0.5618225336074829
YHR124W,YKL069W,0,3.8258665,0.12131199240684509,0.7461389899253845,0.5619229078292847
YLL011W,YOR368W,0,3.8252935,0.12129295617341995,0.7461389899253845,0.5620232820510864
YGL207W,YNL082W,0,3.825109,0.12127392739057541,0.7461389899253845,0.5621236562728882
YBR070C,YPL249C-A,0,3.8245997,0.12125489860773087,0.7461389899253845,0.5622240304946899
YJR104C,YCR039C,0,3.8243403,0.12123588472604752,0.7461389899253845,0.5623243451118469
YMR247C,YPR048W,0,3.8239512,0.12121687084436417,0.7461389899253845,0.5624247193336487
YMR264W,YPL116W,0,3.8222005,0.12119786441326141,0.7461389899253845,0.5625250935554504
YBR084W,YDR541C,0,3.8219376,0.12117886543273926,0.7461389899253845,0.5626254677772522
YHR124W,YDL043C,0,3.8216834,0.1211598739027977,0.7461389899253845,0.562725841999054
YNL112W,YOR149C,0,3.8215194,0.12114088982343674,0.7461389899253845,0.5628261566162109
YNL096C,YDR384C,0,3.8214085,0.12112190574407578,0.7461389899253845,0.5629265308380127
YPL174C,YPR031W,0,3.821309,0.12110292911529541,0.7461389899253845,0.5630269050598145
YBR162C,YOL109W,0,3.8211658,0.12108395993709564,0.7461389899253845,0.5631272792816162
YHL009C,YDR113C,0,3.820995,0.12106499820947647,0.7461389899253845,0.5632275938987732
YJR073C,YKL212W,1,3.8207905,0.12120263278484344,0.7471042275428772,0.5632275938987732
YNL021W,YGR170W,0,3.8197823,0.12118365615606308,0.7471042275428772,0.563327968120575
YDL087C,YML107C,0,3.8195276,0.12116468697786331,0.7471042275428772,0.5634283423423767
YIL004C,YBL022C,0,3.8185656,0.12114571779966354,0.7471042275428772,0.5635287165641785
YGR289C,YOR192C,0,3.8185635,0.12112676352262497,0.7471042275428772,0.5636290907859802
YDL033C,YDR021W,0,3.8182268,0.1211078092455864,0.7471042275428772,0.5637294054031372
YNL128W,YOR126C,1,3.8180559,0.12124530971050262,0.7480695247650146,0.5637294054031372
YER026C,YOR094W,0,3.8178158,0.12122634053230286,0.7480695247650146,0.563829779624939
YIL101C,YMR263W,0,3.8176713,0.12120737880468369,0.7480695247650146,0.5639301538467407
YOR067C,YGL225W,1,3.8171837,0.12134479731321335,0.7490347623825073,0.5639301538467407
YBR210W,YOL061W,0,3.8167076,0.12132582813501358,0.7490347623825073,0.5640305280685425
YLR449W,YGR047C,0,3.8164015,0.12130685895681381,0.7490347623825073,0.5641308426856995
YDL210W,YPR073C,0,3.8161805,0.12128790467977524,0.7490347623825073,0.5642312169075012
YDR448W,YBR092C,0,3.8160863,0.12126895040273666,0.7490347623825073,0.564331591129303
YDL127W,YOR078W,0,3.816022,0.12125000357627869,0.7490347623825073,0.5644319653511047
YDR488C,YMR305C,0,3.8157792,0.12123105674982071,0.7490347623825073,0.5645323395729065
YLR260W,YBR058C-A,1,3.8157592,0.12136831879615784,0.75,0.5645323395729065
YDL046W,YDR085C,0,3.8146853,0.12134936451911926,0.75,0.5646326541900635
YPR154W,YBR293W,0,3.8139725,0.12133041769266129,0.75,0.5647330284118652
YJR035W,YHR194W,0,3.8139675,0.1213114783167839,0.75,0.564833402633667
YGL099W,YMR223W,0,3.8139086,0.12129253894090652,0.75,0.5649337768554688
YKL092C,YLR150W,0,3.813178,0.12127360701560974,0.75,0.5650341510772705
YNL247W,YOR362C,0,3.8131762,0.12125468254089355,0.75,0.5651344656944275
YOR016C,YPL046C,0,3.8128815,0.12123576551675797,0.75,0.5652348399162292
YLL018C-A,YER102W,0,3.8124573,0.12121684849262238,0.75,0.565335214138031
YJR126C,YMR109W,0,3.810938,0.12119793891906738,0.75,0.5654355883598328
YGR166W,YGR058W,0,3.810733,0.12117903679609299,0.75,0.5655359029769897
YCR054C,YJL092W,0,3.8102806,0.12116014212369919,0.75,0.5656362771987915
YOR335C,YEL006W,0,3.8101263,0.12114125490188599,0.75,0.5657366514205933
YDR312W,YOL059W,0,3.809474,0.12112236768007278,0.75,0.565837025642395
YGR063C,YDR334W,0,3.8094127,0.12110348790884018,0.75,0.5659373998641968
YBR218C,YJL044C,0,3.8094122,0.12108461558818817,0.75,0.5660377144813538
YLR308W,YGL043W,0,3.8094096,0.12106575071811676,0.75,0.5661380887031555
YOL061W,YLR194C,0,3.8093576,0.12104689329862595,0.75,0.5662384629249573
YGL028C,YNL327W,0,3.808631,0.12102803587913513,0.75,0.566338837146759
YNL158W,YJR158W,0,3.808428,0.12100918591022491,0.75,0.566439151763916
YGR067C,YGL022W,0,3.807022,0.1209903433918953,0.75,0.5665395259857178
YLR427W,YFL050C,0,3.806993,0.12097150832414627,0.75,0.5666399002075195
YMR043W,YML014W,0,3.8062978,0.12095268070697784,0.75,0.5667402744293213
YKR003W,YBR272C,0,3.8059683,0.12093385308980942,0.75,0.566840648651123
YJL083W,YBL091C-A,1,3.8056157,0.12107065320014954,0.7509652376174927,0.566840648651123
YLR118C,YER005W,1,3.805184,0.12120740860700607,0.7519304752349854,0.566840648651123
YJL042W,YJR056C,0,3.8039849,0.12118855118751526,0.7519304752349854,0.56694096326828
YGR278W,YLR399C,0,3.8037553,0.12116970121860504,0.7519304752349854,0.5670413374900818
YML024W,YIL123W,0,3.8034816,0.12115085870027542,0.7519304752349854,0.5671417117118835
YKR048C,YDR338C,0,3.8027575,0.1211320161819458,0.7519304752349854,0.5672420859336853
YDR060W,YAR014C,0,3.8026774,0.12111318111419678,0.7519304752349854,0.5673424601554871
YMR323W,YGR244C,0,3.8023725,0.12109435349702835,0.7519304752349854,0.567442774772644
YDR446W,YDR200C,0,3.8020763,0.12107553333044052,0.7519304752349854,0.5675431489944458
YCL050C,YMR164C,0,3.8017612,0.12105672061443329,0.7519304752349854,0.5676435232162476
YDL146W,YFL036W,0,3.8011622,0.12103791534900665,0.7519304752349854,0.5677438974380493
YOL032W,YDR032C,0,3.8009717,0.12101911008358002,0.7519304752349854,0.5678442120552063
YJL058C,YOR195W,0,3.8000798,0.12100031226873398,0.7519304752349854,0.5679445862770081
YLR406C,YPL128C,0,3.8000202,0.12098152190446854,0.7519304752349854,0.5680449604988098
YLR405W,YLR167W,0,3.7989836,0.1209627315402031,0.7519304752349854,0.5681453347206116
YPL030W,YBR014C,0,3.7989426,0.12094395607709885,0.7519304752349854,0.5682457089424133
YOL088C,YDR309C,0,3.7987232,0.1209251806139946,0.7519304752349854,0.5683460235595703
YHR006W,YLL014W,0,3.7983031,0.12090641260147095,0.7519304752349854,0.5684463977813721
YKL167C,YFL061W,0,3.7976832,0.1208876445889473,0.7519304752349854,0.5685467720031738
YOR202W,YDR325W,0,3.7975965,0.12086889147758484,0.7519304752349854,0.5686471462249756
YNL152W,YBL106C,0,3.7974353,0.12085013836622238,0.7519304752349854,0.5687475204467773
YOR109W,YKR053C,1,3.7971463,0.12098650634288788,0.7528957724571228,0.5687475204467773
YOR252W,YPR188C,0,3.7967727,0.12096773833036423,0.7528957724571228,0.5688478350639343
YNL047C,YPR009W,0,3.7955244,0.12094898521900177,0.7528957724571228,0.5689482092857361
YKL054C,YGR123C,0,3.7953727,0.12093023210763931,0.7528957724571228,0.5690485835075378
YDL165W,YOR253W,0,3.7944694,0.12091148644685745,0.7528957724571228,0.5691489577293396
YGR256W,YDR041W,0,3.7943492,0.12089274823665619,0.7528957724571228,0.5692492723464966
YLR382C,YDR186C,0,3.793405,0.12087401002645493,0.7528957724571228,0.5693496465682983
YPL101W,YIL109C,0,3.7928338,0.12085528671741486,0.7528957724571228,0.5694500207901001
YGR116W,YGL147C,0,3.7923608,0.12083656340837479,0.7528957724571228,0.5695503950119019
YDR298C,YOR188W,0,3.79218,0.12081784754991531,0.7528957724571228,0.5696507692337036
YMR116C,YPR183W,0,3.792141,0.12079913169145584,0.7528957724571228,0.5697510838508606
YJR113C,YIL018W,0,3.7919242,0.12078043073415756,0.7528957724571228,0.5698514580726624
YGR245C,YGL065C,0,3.7916608,0.12076172977685928,0.7528957724571228,0.5699518322944641
YNL083W,YBL060W,0,3.7914274,0.1207430362701416,0.7528957724571228,0.5700522065162659
YJR109C,YHR184W,0,3.791306,0.12072434276342392,0.7528957724571228,0.5701525211334229
YJR110W,YKL008C,1,3.791287,0.12086041271686554,0.7538610100746155,0.5701525211334229
YPL074W,YOL126C,0,3.7907095,0.12084171175956726,0.7538610100746155,0.5702528953552246
YDR244W,YNR030W,0,3.7900906,0.12082301825284958,0.7538610100746155,0.5703532695770264
YKL132C,YMR068W,0,3.7898805,0.1208043321967125,0.7538610100746155,0.5704536437988281
YLL048C,YFR030W,0,3.7894769,0.12078564614057541,0.7538610100746155,0.5705540180206299
YDR088C,YJL212C,0,3.7893653,0.12076696753501892,0.7538610100746155,0.5706543326377869
YHR094C,YBR213W,0,3.7883067,0.12074829638004303,0.7538610100746155,0.5707547068595886
YNL330C,YCR066W,0,3.7881699,0.12072963267564774,0.7538610100746155,0.5708550810813904
YIL127C,YGR002C,0,3.787951,0.12071097642183304,0.7538610100746155,0.5709554553031921
YMR313C,YNL331C,0,3.7876263,0.12069232016801834,0.7538610100746155,0.5710558295249939
YDR128W,YPR180W,0,3.7875783,0.12067367136478424,0.7538610100746155,0.5711561441421509
YDR251W,YOR005C,0,3.7868738,0.12065503001213074,0.7538610100746155,0.5712565183639526
YHR044C,YPL003W,0,3.786817,0.12063638865947723,0.7538610100746155,0.5713568925857544
YGR007W,YPR183W,1,3.7865925,0.12077219784259796,0.7548262476921082,0.5713568925857544
YJR155W,YKL084W,0,3.7864509,0.12075354903936386,0.7548262476921082,0.5714572668075562
YOR237W,YOR109W,1,3.785773,0.12088929861783981,0.7557914853096008,0.5714572668075562
YDR178W,YNL055C,0,3.785573,0.12087064236402512,0.7557914853096008,0.5715575814247131
YPL106C,YJR093C,0,3.7855709,0.12085198611021042,0.7557914853096008,0.5716579556465149
YDR437W,YKL126W,1,3.784132,0.1209876537322998,0.7567567825317383,0.5716579556465149
YKL110C,YIL049W,0,3.7840552,0.12096898257732391,0.7567567825317383,0.5717583298683167
YPL021W,YGL035C,0,3.7828684,0.12095032632350922,0.7567567825317383,0.5718587040901184
YER161C,YHR024C,0,3.7822804,0.12093167006969452,0.7567567825317383,0.5719590783119202
YNL065W,YOR035C,0,3.782246,0.12091301381587982,0.7567567825317383,0.5720593929290771
YBR298C,YKL129C,0,3.7816052,0.12089437246322632,0.7567567825317383,0.5721597671508789
YLR128W,YHR011W,0,3.7811494,0.12087573111057281,0.7567567825317383,0.5722601413726807
YML021C,YLR378C,0,3.7808247,0.12085709720849991,0.7567567825317383,0.5723605155944824
YML018C,YGL005C,0,3.780745,0.1208384707570076,0.7567567825317383,0.5724608302116394
YNL207W,YMR048W,0,3.78051,0.12081985175609589,0.7567567825317383,0.5725612044334412
YGL012W,YHR140W,0,3.780371,0.12080123275518417,0.7567567825317383,0.5726615786552429
YER005W,YER026C,1,3.780198,0.12093668431043625,0.757722020149231,0.5726615786552429
YDR011W,YML102W,0,3.7791746,0.12091805040836334,0.757722020149231,0.5727619528770447
YPR049C,YNL128W,0,3.779026,0.12089943140745163,0.757722020149231,0.5728623270988464
YDR482C,YPL117C,0,3.777894,0.12088081240653992,0.757722020149231,0.5729626417160034
YNL081C,YLR393W,0,3.7756345,0.1208622008562088,0.757722020149231,0.5730630159378052
YKL084W,YKR022C,0,3.7749796,0.12084359675645828,0.757722020149231,0.5731633901596069
YNL217W,YHR183W,0,3.77479,0.12082499265670776,0.757722020149231,0.5732637643814087
YLR248W,YHL035C,0,3.7739317,0.12080640345811844,0.757722020149231,0.5733641386032104
YGR156W,YMR293C,0,3.7739234,0.12078781425952911,0.757722020149231,0.5734644532203674
YIL008W,YGL253W,0,3.773746,0.12076923251152039,0.757722020149231,0.5735648274421692
YDL205C,YPL280W,0,3.7730837,0.12075065076351166,0.757722020149231,0.573665201663971
YOR118W,YIL103W,0,3.7730598,0.12073208391666412,0.757722020149231,0.5737655758857727
YDR052C,YLR414C,0,3.771953,0.12071351706981659,0.757722020149231,0.5738658905029297
YNL323W,YAL007C,0,3.771307,0.12069495767354965,0.757722020149231,0.5739662647247314
YMR104C,YDR150W,0,3.771111,0.12067640572786331,0.757722020149231,0.5740666389465332
YNL219C,YPR183W,1,3.769542,0.12081155925989151,0.7586872577667236,0.5740666389465332
YAR003W,YHR187W,0,3.768794,0.12079299241304398,0.7586872577667236,0.574167013168335
YLR229C,YCR008W,0,3.7687163,0.12077443301677704,0.7586872577667236,0.5742673873901367
YOR290C,YGL153W,0,3.7686539,0.1207558736205101,0.7586872577667236,0.5743677020072937
YDR406W,YLL009C,0,3.7681012,0.12073732912540436,0.7586872577667236,0.5744680762290955
YHR086W,YER021W,0,3.7680411,0.12071878463029861,0.7586872577667236,0.5745684504508972
YLR260W,YGL207W,0,3.7672124,0.12070024758577347,0.7586872577667236,0.574668824672699
YLR067C,YHR136C,0,3.7669468,0.12068171054124832,0.7586872577667236,0.574769139289856
YNL229C,YOL137W,0,3.765859,0.12066318839788437,0.7586872577667236,0.5748695135116577
YOL140W,YNL300W,0,3.7658014,0.12064466625452042,0.7586872577667236,0.5749698877334595
YJR123W,YHR019C,0,3.7649035,0.12062615156173706,0.7586872577667236,0.5750702619552612
YML092C,YOL095C,0,3.7636828,0.1206076443195343,0.7586872577667236,0.575170636177063
YDR300C,YMR012W,0,3.7631721,0.12058913707733154,0.7586872577667236,0.57527095079422
YGL096W,YPL158C,0,3.7627525,0.12057063728570938,0.7586872577667236,0.5753713250160217
YML121W,YER029C,0,3.7620766,0.12055214494466782,0.7586872577667236,0.5754716992378235
YCR102C,YDR307W,0,3.7608633,0.12053366005420685,0.7586872577667236,0.5755720734596252
YPR049C,YFL050C,0,3.7592149,0.12051518261432648,0.7586872577667236,0.575672447681427
YHR026W,YJR002W,0,3.7587347,0.1204967051744461,0.7586872577667236,0.575772762298584
YLR048W,YGL054C,0,3.7587075,0.12047823518514633,0.7586872577667236,0.5758731365203857
YGL141W,YOR193W,0,3.758336,0.12045977264642715,0.7586872577667236,0.5759735107421875
YKL004W,YLR386W,1,3.7574883,0.12059454619884491,0.7596524953842163,0.5759735107421875
YMR076C,YFL047W,0,3.757298,0.12057606875896454,0.7596524953842163,0.5760738849639893
YNR069C,YMR035W,0,3.7570233,0.12055759876966476,0.7596524953842163,0.5761741995811462
YHR191C,YBR050C,0,3.7564404,0.12053913623094559,0.7596524953842163,0.576274573802948
YER012W,YMR068W,0,3.7561483,0.12052067369222641,0.7596524953842163,0.5763749480247498
YMR272C,YER019W,1,3.7560897,0.12065533548593521,0.760617733001709,0.5763749480247498
YNR026C,YDR130C,0,3.7559655,0.12063686549663544,0.760617733001709,0.5764753222465515
YKR104W,YDL098C,0,3.7554646,0.12061839550733566,0.760617733001709,0.5765756964683533
YAL041W,YLR368W,0,3.755366,0.12059994041919708,0.760617733001709,0.5766760110855103
YOR258W,YDR533C,0,3.7551465,0.1205814853310585,0.760617733001709,0.576776385307312
YJL145W,YDR071C,0,3.7546225,0.12056303769350052,0.760617733001709,0.5768767595291138
YPR166C,YBR106W,0,3.7545538,0.12054459005594254,0.760617733001709,0.5769771337509155
YDR179C,YMR235C,0,3.754537,0.12052615731954575,0.760617733001709,0.5770775079727173
YNL225C,YHR172W,0,3.7545185,0.12050772458314896,0.760617733001709,0.5771778225898743
YGL089C,YBL009W,0,3.7521605,0.12048929929733276,0.760617733001709,0.577278196811676
YDR009W,YBR168W,0,3.75173,0.12047087401151657,0.760617733001709,0.5773785710334778
YHR191C,YPL187W,0,3.7512398,0.12045246362686157,0.760617733001709,0.5774789452552795
YKL192C,YKR067W,1,3.7503648,0.12058688700199127,0.7615830302238464,0.5774789452552795
YGL142C,YML021C,0,3.750083,0.12056846171617508,0.7615830302238464,0.5775792598724365
YDR147W,YKR031C,1,3.7494693,0.12070282548666,0.7625482678413391,0.5775792598724365
YDR437W,YNL267W,1,3.7479234,0.12083715200424194,0.7635135054588318,0.5775792598724365
YDR536W,YLR246W,0,3.7472353,0.12081869691610336,0.7635135054588318,0.5776796340942383
YOR122C,YCL040W,0,3.746469,0.12080024182796478,0.7635135054588318,0.57778000831604
YGL243W,YPL048W,0,3.7458768,0.1207818016409874,0.7635135054588318,0.5778803825378418
YNL111C,YLR002C,0,3.745806,0.12076336145401001,0.7635135054588318,0.5779807567596436
YPR106W,YPL137C,0,3.7453961,0.12074492126703262,0.7635135054588318,0.5780810713768005
YDR052C,YLR246W,0,3.7453136,0.12072649598121643,0.7635135054588318,0.5781814455986023
YNL123W,YER019W,1,3.7452931,0.12086067348718643,0.7644787430763245,0.5781814455986023
YGL257C,YBR207W,0,3.7449925,0.12084223330020905,0.7644787430763245,0.578281819820404
YOL001W,YPL020C,0,3.7449899,0.12082380056381226,0.7644787430763245,0.5783821940422058
YIL173W,YMR068W,0,3.7442043,0.12080536782741547,0.7644787430763245,0.5784825086593628
YLR390W-A,YDL105W,0,3.743641,0.12078694254159927,0.7644787430763245,0.5785828828811646
YDR522C,YKR061W,0,3.7432733,0.12076852470636368,0.7644787430763245,0.5786832571029663
YDL210W,YMR163C,0,3.7432184,0.12075011432170868,0.7644787430763245,0.5787836313247681
YDR202C,YPR121W,0,3.7427988,0.12073170393705368,0.7644787430763245,0.5788840055465698
YLR409C,YGR026W,0,3.7426069,0.12071330845355988,0.7644787430763245,0.5789843201637268
YPL085W,YIL123W,0,3.7425349,0.12069491297006607,0.7644787430763245,0.5790846943855286
YBR102C,YCR066W,0,3.742031,0.12067651748657227,0.7644787430763245,0.5791850686073303
YDL239C,YIL030C,0,3.7420058,0.12065813690423965,0.7644787430763245,0.5792854428291321
YBR029C,YHR007C,1,3.7412233,0.12079207599163055,0.7654440402984619,0.5792854428291321
YDR437W,YLR088W,1,3.7411995,0.12092598527669907,0.7664092779159546,0.5792854428291321
YPR054W,YNL213C,0,3.7399783,0.12090756744146347,0.7664092779159546,0.5793858170509338
YBL091C,YML046W,0,3.739789,0.12088915705680847,0.7664092779159546,0.5794861316680908
YLR430W,YMR205C,0,3.7382948,0.12087075412273407,0.7664092779159546,0.5795865058898926
YGR080W,YLL018C-A,0,3.7382007,0.12085235863924026,0.7664092779159546,0.5796868801116943
YIL052C,YDL240W,0,3.737635,0.12083397060632706,0.7664092779159546,0.5797872543334961
YOL139C,YLR367W,0,3.7370038,0.12081558257341385,0.7664092779159546,0.5798875689506531
YHR039C,YGR202C,1,3.7360811,0.12094933539628983,0.7673745155334473,0.5798875689506531
YLR306W,YGR142W,0,3.7358568,0.12093093991279602,0.7673745155334473,0.5799879431724548
YJL012C,YNR012W,0,3.734992,0.12091254442930222,0.7673745155334473,0.5800883173942566
YLR377C,YJL059W,0,3.73497,0.1208941638469696,0.7673745155334473,0.5801886916160583
YPL008W,YGR059W,0,3.734967,0.1208757758140564,0.7673745155334473,0.5802890658378601
YHR023W,YDR437W,0,3.734919,0.12085740268230438,0.7673745155334473,0.5803893804550171
YPL043W,YDL105W,0,3.7344818,0.12083903700113297,0.7673745155334473,0.5804897546768188
YMR312W,YDR248C,0,3.7337713,0.12082067131996155,0.7673745155334473,0.5805901288986206
YOR095C,YML107C,0,3.7327452,0.12080231308937073,0.7673745155334473,0.5806905031204224
YNL247W,YOR380W,0,3.7325099,0.12078395485877991,0.7673745155334473,0.5807908177375793
YMR109W,YDR084C,0,3.7317548,0.12076561152935028,0.7673745155334473,0.5808911919593811
YPL118W,YNL025C,0,3.731556,0.12074726819992065,0.7673745155334473,0.5809915661811829
YOR265W,YBL103C,0,3.7308109,0.12072893232107162,0.7673745155334473,0.5810919404029846
YGR116W,YLR433C,0,3.7307937,0.1207105964422226,0.7673745155334473,0.5811923146247864
YMR188C,YJR002W,0,3.7299151,0.12069227546453476,0.7673745155334473,0.5812926292419434
YIL154C,YBR302C,0,3.7297273,0.12067395448684692,0.7673745155334473,0.5813930034637451
YHR080C,YNR024W,0,3.7286088,0.12065564095973969,0.7673745155334473,0.5814933776855469
YIR033W,YOR126C,1,3.7276304,0.12078907340765,0.7683397531509399,0.5814933776855469
YGR007W,YNL106C,1,3.7272782,0.12092246860265732,0.7693049907684326,0.5814933776855469
YDR503C,YIL049W,1,3.7271724,0.12105582654476166,0.7702702879905701,0.5814933776855469
YBR055C,YOR136W,0,3.7270746,0.12103746086359024,0.7702702879905701,0.5815937519073486
YDR213W,YHR042W,1,3.7267814,0.1211707592010498,0.7712355256080627,0.5815937519073486
YMR215W,YMR263W,0,3.72674,0.12115238606929779,0.7712355256080627,0.5816941261291504
YDR147W,YGL195W,0,3.726638,0.12113402038812637,0.7712355256080627,0.5817944407463074
YCR077C,YDR043C,0,3.7259233,0.12111566215753555,0.7712355256080627,0.5818948149681091
YBL038W,YJL013C,0,3.7259016,0.12109730392694473,0.7712355256080627,0.5819951891899109
YGR278W,YDR292C,0,3.7249665,0.12107895314693451,0.7712355256080627,0.5820955634117126
YCL047C,YIL148W,0,3.724529,0.12106060236692429,0.7712355256080627,0.5821958780288696
YER106W,YDR375C,0,3.7234893,0.12104226648807526,0.7712355256080627,0.5822962522506714
YFL026W,YDR088C,0,3.7234025,0.12102393060922623,0.7712355256080627,0.5823966264724731
YDR299W,YDR468C,0,3.722923,0.1210056021809578,0.7712355256080627,0.5824970006942749
YIL030C,YBL035C,0,3.7228518,0.12098728120326996,0.7712355256080627,0.5825973749160767
YIL156W,YBR302C,0,3.7222705,0.12096896022558212,0.7712355256080627,0.5826976895332336
YHR191C,YLR075W,0,3.721784,0.12095065414905548,0.7712355256080627,0.5827980637550354
YBR109C,YGR014W,0,3.7213054,0.12093234807252884,0.7712355256080627,0.5828984379768372
YDL108W,YLR139C,0,3.721296,0.1209140419960022,0.7712355256080627,0.5829988121986389
YBR216C,YDR283C,0,3.7202525,0.12089575082063675,0.7712355256080627,0.5830991864204407
YMR152W,YDL141W,0,3.7202184,0.1208774596452713,0.7712355256080627,0.5831995010375977
YOR109W,YAR042W,1,3.7197282,0.1210104376077652,0.7722007632255554,0.5831995010375977
YKR050W,YOR306C,0,3.7184896,0.12099213898181915,0.7722007632255554,0.5832998752593994
YHR073W,YMR264W,0,3.7169316,0.12097384035587311,0.7722007632255554,0.5834002494812012
YPL095C,YJL196C,1,3.7163944,0.12110674381256104,0.7731660008430481,0.5834002494812012
YDR147W,YMR100W,0,3.7163806,0.1210884377360344,0.7731660008430481,0.5835006237030029
YCR096C,YML046W,0,3.7150156,0.12107013165950775,0.7731660008430481,0.5836009383201599
YLR002C,YAL009W,0,3.7140121,0.1210518330335617,0.7731660008430481,0.5837013125419617
YIL052C,YJR022W,0,3.712544,0.12103354185819626,0.7731660008430481,0.5838016867637634
YLR089C,YOR037W,0,3.7119117,0.12101525813341141,0.7731660008430481,0.5839020609855652
YBR171W,YML127W,0,3.7117648,0.12099698185920715,0.7731660008430481,0.5840024352073669
YFL034C-A,YNR070W,0,3.710868,0.1209787055850029,0.7731660008430481,0.5841027498245239
YMR305C,YLR110C,0,3.7106633,0.12096043676137924,0.7731660008430481,0.5842031240463257
YHR136C,YAL012W,0,3.7103176,0.12094216793775558,0.7731660008430481,0.5843034982681274
YIL122W,YDR265W,0,3.7102997,0.12092391401529312,0.7731660008430481,0.5844038724899292
YLR039C,YLL009C,0,3.7098868,0.12090566009283066,0.7731660008430481,0.5845041871070862
YDR182W,YDR407C,0,3.7098055,0.12088741362094879,0.7731660008430481,0.5846045613288879
YER093C,YNL014W,0,3.7093182,0.12086917459964752,0.7731660008430481,0.5847049355506897
YDR086C,YBL103C,0,3.7087116,0.12085093557834625,0.7731660008430481,0.5848053097724915
YMR086W,YNR051C,0,3.7083387,0.12083270400762558,0.7731660008430481,0.5849056839942932
YGL150C,YNR056C,0,3.7082777,0.1208144798874855,0.7731660008430481,0.5850059986114502
YDL155W,YLR078C,0,3.7079568,0.12079626321792603,0.7731660008430481,0.585106372833252
YIR021W,YOL042W,0,3.706306,0.12077804654836655,0.7731660008430481,0.5852067470550537
YPL249C,YDL147W,0,3.7060208,0.12075983732938766,0.7731660008430481,0.5853071212768555
YDL092W,YJR043C,0,3.7043045,0.12074163556098938,0.7731660008430481,0.5854074954986572
YAL014C,YHR136C,0,3.7039866,0.1207234337925911,0.7731660008430481,0.5855078101158142
YKL195W,YBR253W,0,3.7038074,0.120705246925354,0.7731660008430481,0.585608184337616
YPR079W,YOL113W,0,3.7036185,0.12068706005811691,0.7731660008430481,0.5857085585594177
YGL223C,YDR325W,0,3.7033534,0.12066887319087982,0.7731660008430481,0.5858089327812195
YOR156C,YOR140W,0,3.7033324,0.12065070122480392,0.7731660008430481,0.5859092473983765
YBR046C,YPR068C,0,3.7020917,0.12063252925872803,0.7731660008430481,0.5860096216201782
YDR214W,YLR102C,0,3.7018127,0.12061436474323273,0.7731660008430481,0.58610999584198
YIL066C,YOR132W,0,3.7016711,0.12059620767831802,0.7731660008430481,0.5862103700637817
YPR156C,YGL013C,0,3.7014544,0.12057805061340332,0.7731660008430481,0.5863107442855835
YAL014C,YLR310C,0,3.701417,0.12055990099906921,0.7731660008430481,0.5864110589027405
YOL030W,YML086C,0,3.701168,0.1205417588353157,0.7731660008430481,0.5865114331245422
YML022W,YPL047W,0,3.700624,0.12052362412214279,0.7731660008430481,0.586611807346344
YOR334W,YPL105C,0,3.6998103,0.12050548940896988,0.7731660008430481,0.5867121815681458
YJL157C,YGL226W,0,3.6992788,0.12048736214637756,0.7731660008430481,0.5868124961853027
YER060W,YEL018W,0,3.698783,0.12046924233436584,0.7731660008430481,0.5869128704071045
YDR100W,YOL003C,0,3.6981518,0.12045112997293472,0.7731660008430481,0.5870132446289062
YGL171W,YDR488C,0,3.697228,0.1204330176115036,0.7731660008430481,0.587113618850708
YBR056W,YDL052C,0,3.6971307,0.12041491270065308,0.7731660008430481,0.5872139930725098
YMR133W,YCL063W,0,3.695557,0.12039681524038315,0.7731660008430481,0.5873143076896667
YPL058C,YOR171C,1,3.695228,0.12052900344133377,0.7741312980651855,0.5873143076896667
YIL168W,YDR437W,0,3.6950164,0.12051089107990265,0.7741312980651855,0.5874146819114685
YBL082C,YLR386W,1,3.6949944,0.12064302712678909,0.7750965356826782,0.5874146819114685
YLR167W,YML063W,0,3.6946955,0.12062490731477737,0.7750965356826782,0.5875150561332703
YMR135C,YBR098W,0,3.6944942,0.12060678750276566,0.7750965356826782,0.587615430355072
YHR191C,YGR194C,0,3.6941233,0.12058867514133453,0.7750965356826782,0.5877158045768738
YGL058W,YMR029C,0,3.6932645,0.12057057023048401,0.7750965356826782,0.5878161191940308
YNL327W,YHR166C,0,3.6929016,0.12055247277021408,0.7750965356826782,0.5879164934158325
YER159C,YHR064C,0,3.691275,0.12053437530994415,0.7750965356826782,0.5880168676376343
YDR087C,YOL091W,0,3.6908872,0.12051628530025482,0.7750965356826782,0.588117241859436
YML005W,YNR070W,0,3.690792,0.12049820274114609,0.7750965356826782,0.588217556476593
YLR256W,YAL062W,0,3.6888862,0.12048012018203735,0.7750965356826782,0.5883179306983948
YER045C,YBR098W,0,3.6886432,0.12046204507350922,0.7750965356826782,0.5884183049201965
YNR052C,YPL210C,0,3.6882591,0.12044397741556168,0.7750965356826782,0.5885186791419983
YFL037W,YCR028C-A,0,3.688059,0.12042591720819473,0.7750965356826782,0.5886190533638
YEL015W,YER040W,0,3.6879702,0.12040785700082779,0.7750965356826782,0.588719367980957
YOL018C,YHL002W,0,3.6873674,0.12038980424404144,0.7750965356826782,0.5888197422027588
YDL136W,YCL011C,0,3.6871378,0.1203717589378357,0.7750965356826782,0.5889201164245605
YOL027C,YLR090W,0,3.6871362,0.12035371363162994,0.7750965356826782,0.5890204906463623
YOR182C,YLR336C,0,3.6864982,0.12033568322658539,0.7750965356826782,0.5891208052635193
YGR129W,YJL127C,0,3.6862116,0.12031765282154083,0.7750965356826782,0.589221179485321
YHR188C,YPL076W,1,3.685461,0.12044943869113922,0.7760617733001709,0.589221179485321
YGL227W,YGL126W,0,3.6850324,0.12043139338493347,0.7760617733001709,0.5893215537071228
YFR055W,YGR296W,0,3.6846595,0.12041336297988892,0.7760617733001709,0.5894219279289246
YJR019C,YDR243C,0,3.6843405,0.12039532512426376,0.7760617733001709,0.5895223021507263
YGR028W,YEL059C-A,0,3.6839333,0.1203773021697998,0.7760617733001709,0.5896226167678833
YGR188C,YHR092C,0,3.6837707,0.12035927921533585,0.7760617733001709,0.5897229909896851
YIR015W,YAL055W,0,3.6824207,0.12034126371145248,0.7760617733001709,0.5898233652114868
YLR136C,YJL054W,0,3.682068,0.12032325565814972,0.7760617733001709,0.5899237394332886
YAL062W,YNL094W,0,3.681607,0.12030525505542755,0.7760617733001709,0.5900241136550903
YOR278W,YGL157W,0,3.6812725,0.12028725445270538,0.7760617733001709,0.5901244282722473
YDL085W,YFL044C,0,3.6808398,0.12026926130056381,0.7760617733001709,0.5902248024940491
YOR358W,YPL140C,0,3.6808228,0.12025126814842224,0.7760617733001709,0.5903251767158508
YBR009C,YDL019C,0,3.6807551,0.12023328989744186,0.7760617733001709,0.5904255509376526
YCL044C,YGL129C,0,3.6800928,0.12021531164646149,0.7760617733001709,0.5905258655548096
YLR234W,YHL022C,0,3.6796255,0.1201973408460617,0.7760617733001709,0.5906262397766113
YHR129C,YHL047C,0,3.679587,0.12017937004566193,0.7760617733001709,0.5907266139984131
YBR293W,YMR167W,0,3.679493,0.12016141414642334,0.7760617733001709,0.5908269882202148
YNL286W,YDL120W,0,3.6790178,0.12014345824718475,0.7760617733001709,0.5909273624420166
YNR043W,YHR081W,0,3.6784258,0.12012550234794617,0.7760617733001709,0.5910276770591736
YHR062C,YGR024C,0,3.677557,0.12010756134986877,0.7760617733001709,0.5911280512809753
YHR206W,YPR161C,0,3.6772401,0.12008962035179138,0.7760617733001709,0.5912284255027771
YDL058W,YMR235C,0,3.6761057,0.12007168680429459,0.7760617733001709,0.5913287997245789
YBR217W,YLR310C,0,3.675466,0.12005375325679779,0.7760617733001709,0.5914291739463806
YIL090W,YKR080W,0,3.6752555,0.12003583461046219,0.7760617733001709,0.5915294885635376
YER177W,YDR007W,0,3.6747036,0.12001791596412659,0.7760617733001709,0.5916298627853394
YJR084W,YDR456W,0,3.674667,0.11999999731779099,0.7760617733001709,0.5917302370071411
YNL243W,YNR001C,0,3.67446,0.11998209357261658,0.7760617733001709,0.5918306112289429
YLL062C,YOR057W,0,3.6744506,0.11996418982744217,0.7760617733001709,0.5919309258460999
YNR039C,YAL014C,0,3.6743712,0.11994629353284836,0.7760617733001709,0.5920313000679016
YLR015W,YKL155C,0,3.6738205,0.11992839723825455,0.7760617733001709,0.5921316742897034
YOR100C,YOR256C,0,3.673625,0.11991051584482193,0.7760617733001709,0.5922320485115051
YBR208C,YBR014C,0,3.6729064,0.11989263445138931,0.7760617733001709,0.5923324227333069
YOR180C,YCR044C,1,3.672871,0.12002385407686234,0.7770270109176636,0.5923324227333069
YCR031C,YBL055C,0,3.672736,0.12000596523284912,0.7770270109176636,0.5924327373504639
YGR204W,YBL046W,0,3.672188,0.11998807638883591,0.7770270109176636,0.5925331115722656
YIL052C,YDL135C,0,3.6716657,0.11997019499540329,0.7770270109176636,0.5926334857940674
YOL116W,YJL165C,0,3.6714737,0.11995231360197067,0.7770270109176636,0.5927338600158691
YIL037C,YGR148C,0,3.6711245,0.11993444710969925,0.7770270109176636,0.5928341746330261
YNL318C,YDR437W,0,3.671102,0.11991658061742783,0.7770270109176636,0.5929345488548279
YBL091C-A,YBR109C,1,3.670803,0.1200476586818695,0.7779922485351562,0.5929345488548279
YOR322C,YHR215W,0,3.6702564,0.12002978473901749,0.7779922485351562,0.5930349230766296
YER172C,YDR323C,0,3.6701965,0.12001191079616547,0.7779922485351562,0.5931352972984314
YOR321W,YDR074W,0,3.6701856,0.11999404430389404,0.7779922485351562,0.5932356715202332
YBL035C,YDL117W,0,3.6683836,0.11997618526220322,0.7779922485351562,0.5933359861373901
YDR320C,YKR034W,0,3.66718,0.11995832622051239,0.7779922485351562,0.5934363603591919
YER149C,YOR144C,0,3.6669917,0.11994047462940216,0.7779922485351562,0.5935367345809937
YFL037W,YJL143W,0,3.6666975,0.11992263048887253,0.7779922485351562,0.5936371088027954
YKL091C,YDL147W,0,3.6663628,0.11990479379892349,0.7779922485351562,0.5937374830245972
YNL098C,YLR075W,0,3.6653776,0.11988695710897446,0.7779922485351562,0.5938377976417542
YBL021C,YOR065W,0,3.6647558,0.11986912786960602,0.7779922485351562,0.5939381718635559
YGL219C,YLR071C,0,3.664365,0.11985129863023758,0.7779922485351562,0.5940385460853577
YBR046C,YGR257C,0,3.6638849,0.11983348429203033,0.7779922485351562,0.5941389203071594
YJL101C,YKL221W,0,3.6625314,0.11981566995382309,0.7779922485351562,0.5942392349243164
YOR180C,YOR100C,1,3.662526,0.11994649469852448,0.7789575457572937,0.5942392349243164
YMR236W,YJR132W,0,3.6624222,0.11992866545915604,0.7789575457572937,0.5943396091461182
YBR149W,YGR028W,0,3.6623673,0.1199108436703682,0.7789575457572937,0.5944399833679199
YHR197W,YPL269W,0,3.662044,0.11989302933216095,0.7789575457572937,0.5945403575897217
YLR260W,YBR132C,1,3.6604621,0.12002376466989517,0.7799227833747864,0.5945403575897217
YLR178C,YDR402C,0,3.660315,0.12000594288110733,0.7799227833747864,0.5946407318115234
YGR024C,YGL135W,0,3.6582465,0.11998812109231949,0.7799227833747864,0.5947410464286804
YPL211W,YDL058W,0,3.6576836,0.11997030675411224,0.7799227833747864,0.5948414206504822
YNL134C,YJL096W,0,3.6573405,0.119952492415905,0.7799227833747864,0.5949417948722839
YGR097W,YBL064C,0,3.6573048,0.11993468552827835,0.7799227833747864,0.5950421690940857
YOR367W,YPR018W,0,3.6570857,0.1199168860912323,0.7799227833747864,0.5951424837112427
YMR035W,YJR065C,0,3.6565893,0.11989909410476685,0.7799227833747864,0.5952428579330444
YDR268W,YDR270W,0,3.656331,0.11988130211830139,0.7799227833747864,0.5953432321548462
YPR100W,YPL124W,0,3.6552336,0.11986352503299713,0.7799227833747864,0.595443606376648
YGL021W,YIL044C,0,3.6540308,0.11984574049711227,0.7799227833747864,0.5955439805984497
YNL072W,YDL122W,0,3.6527073,0.11982797086238861,0.7799227833747864,0.5956442952156067
YOL011W,YKL008C,1,3.6524217,0.11995848268270493,0.780888020992279,0.5956442952156067
YIL008W,YJL080C,0,3.6520844,0.11994069814682007,0.780888020992279,0.5957446694374084
YJL013C,YER095W,0,3.6512842,0.11992291361093521,0.780888020992279,0.5958450436592102
YOR011W,YPR181C,0,3.6511998,0.11990514397621155,0.780888020992279,0.595945417881012
YCR072C,YDR309C,0,3.6506348,0.11988737434148788,0.780888020992279,0.5960457921028137
YLR373C,YJL058C,0,3.6487164,0.11986961215734482,0.780888020992279,0.5961461067199707
YGR080W,YIL068C,0,3.648666,0.11985184997320175,0.780888020992279,0.5962464809417725
YDR104C,YDR256C,0,3.6483197,0.11983409523963928,0.780888020992279,0.5963468551635742
YNL134C,YML043C,0,3.648217,0.11981634795665741,0.780888020992279,0.596447229385376
YNL124W,YHR042W,0,3.6476462,0.11979860812425613,0.780888020992279,0.596547544002533
YCL031C,YNL145W,0,3.6475668,0.11978086829185486,0.780888020992279,0.5966479182243347
YEL015W,YOR189W,0,3.6473637,0.11976313591003418,0.780888020992279,0.5967482924461365
YDL226C,YOR143C,0,3.6473074,0.1197454109787941,0.780888020992279,0.5968486666679382
YKL028W,YLR277C,0,3.6467202,0.11972769349813461,0.780888020992279,0.59694904088974
YBR272C,YOR371C,0,3.6465564,0.11970997601747513,0.780888020992279,0.597049355506897
YCR075C,YNR063W,0,3.645813,0.11969225853681564,0.780888020992279,0.5971497297286987
YML004C,YML054C,0,3.6456072,0.11967455595731735,0.780888020992279,0.5972501039505005
YHL016C,YPL190C,0,3.6449683,0.11965685337781906,0.780888020992279,0.5973504781723022
YKL108W,YPL256C,0,3.6447196,0.11963915824890137,0.780888020992279,0.597450852394104
YCL035C,YIL050W,0,3.6441393,0.11962147057056427,0.780888020992279,0.597551167011261
YKR059W,YOR234C,0,3.6436315,0.11960378289222717,0.780888020992279,0.5976515412330627
YCR068W,YPL076W,1,3.6434023,0.11973392218351364,0.7818532586097717,0.5976515412330627
YLL042C,YDL105W,0,3.643008,0.11971622705459595,0.7818532586097717,0.5977519154548645
YPL137C,YGL128C,0,3.6419067,0.11969853937625885,0.7818532586097717,0.5978522896766663
YOL068C,YDL007W,0,3.6415122,0.11968085169792175,0.7818532586097717,0.5979526042938232
YIL027C,YNL300W,0,3.6406121,0.11966317147016525,0.7818532586097717,0.598052978515625
YLR362W,YBR207W,0,3.640458,0.11964549124240875,0.7818532586097717,0.5981533527374268
YGR295C,YER100W,0,3.6402965,0.11962782591581345,0.7818532586097717,0.5982537269592285
YML085C,YOL113W,0,3.6400042,0.11961016058921814,0.7818532586097717,0.5983541011810303
YDL060W,YPL172C,0,3.6399026,0.11959250271320343,0.7818532586097717,0.5984544157981873
YBR087W,YJR022W,0,3.639891,0.11957484483718872,0.7818532586097717,0.598554790019989
YLR410W,YER060W-A,0,3.6397505,0.11955719441175461,0.7818532586097717,0.5986551642417908
YOR190W,YGR223C,0,3.6395824,0.11953955143690109,0.7818532586097717,0.5987555384635925
YHR117W,YGL251C,0,3.6395078,0.11952191591262817,0.7818532586097717,0.5988558530807495
YBR005W,YDR166C,0,3.63944,0.11950428038835526,0.7818532586097717,0.5989562273025513
YBL020W,YDL030W,0,3.6389966,0.11948665231466293,0.7818532586097717,0.599056601524353
YBR070C,YIL009W,1,3.637661,0.11961651593446732,0.7828185558319092,0.599056601524353
YLR008C,YIR035C,0,3.6371222,0.1195988804101944,0.7828185558319092,0.5991569757461548
YPR067W,YNL024C,0,3.6369805,0.11958124488592148,0.7828185558319092,0.5992573499679565
YFL056C,YAL001C,0,3.636839,0.11956361681222916,0.7828185558319092,0.5993576645851135
YKR104W,YNR012W,0,3.6367407,0.11954598873853683,0.7828185558319092,0.5994580388069153
YNR020C,YBR142W,0,3.6361198,0.11952836811542511,0.7828185558319092,0.599558413028717
YBL054W,YFL049W,0,3.636024,0.11951075494289398,0.7828185558319092,0.5996587872505188
YBL006C,YIL069C,0,3.6355023,0.11949314922094345,0.7828185558319092,0.5997591614723206
YKL084W,YJL058C,0,3.635394,0.11947554349899292,0.7828185558319092,0.5998594760894775
YFL011W,YGR120C,0,3.6347237,0.11945794522762299,0.7828185558319092,0.5999598503112793
YCR106W,YFR041C,0,3.634191,0.11944035440683365,0.7828185558319092,0.600060224533081
YJL019W,YPL153C,0,3.6340342,0.11942276358604431,0.7828185558319092,0.6001605987548828
YGR055W,YOR354C,0,3.6337497,0.11940518021583557,0.7828185558319092,0.6002609133720398
YCR068W,YMR323W,0,3.6336946,0.11938760429620743,0.7828185558319092,0.6003612875938416
YLR411W,YHR024C,0,3.6333141,0.11937003582715988,0.7828185558319092,0.6004616618156433
YOR022C,YIL049W,1,3.6331964,0.11949963122606277,0.7837837934494019,0.6004616618156433
YLL031C,YIL002C,1,3.6319485,0.11962919682264328,0.7847490310668945,0.6004616618156433
YPL262W,YOR049C,0,3.6313396,0.11961159110069275,0.7847490310668945,0.6005620360374451
YNL299W,YGR097W,0,3.631197,0.11959400027990341,0.7847490310668945,0.6006624102592468
YDR381W,YJL092W,0,3.630722,0.11957640945911407,0.7847490310668945,0.6007627248764038
YHR191C,YOR205C,0,3.6303253,0.11955882608890533,0.7847490310668945,0.6008630990982056
YLR438C-A,YLR418C,0,3.6293616,0.1195412427186966,0.7847490310668945,0.6009634733200073
YLR023C,YNL082W,0,3.6291132,0.11952366679906845,0.7847490310668945,0.6010638475418091
YGL047W,YLR239C,1,3.62853,0.11965309083461761,0.7857142686843872,0.6010638475418091
YNR041C,YJR054W,0,3.6275327,0.11963550746440887,0.7857142686843872,0.6011641621589661
YHR184W,YCR073C,0,3.626645,0.11961793154478073,0.7857142686843872,0.6012645363807678
YMR006C,YLR372W,1,3.6261773,0.11974728107452393,0.7866795659065247,0.6012645363807678
YNL240C,YBR131W,0,3.6260815,0.11972969025373459,0.7866795659065247,0.6013649106025696
YML124C,YER089C,0,3.6260386,0.11971210688352585,0.7866795659065247,0.6014652848243713
YDR040C,YDL120W,0,3.6259692,0.11969452351331711,0.7866795659065247,0.6015656590461731
YOR077W,YGL150C,0,3.6255805,0.11967694759368896,0.7866795659065247,0.6016659736633301
YOR078W,YMR226C,0,3.6243634,0.11965937167406082,0.7866795659065247,0.6017663478851318
YPR055W,YFR041C,0,3.62433,0.11964181065559387,0.7866795659065247,0.6018667221069336
YMR161W,YPR145W,0,3.6231859,0.11962424963712692,0.7866795659065247,0.6019670963287354
YFL041W,YGR212W,0,3.6224344,0.11960668861865997,0.7866795659065247,0.6020674705505371
YMR215W,YJR094W-A,0,3.6216993,0.11958914250135422,0.7866795659065247,0.6021677851676941
YER153C,YBR162C,0,3.6216054,0.11957159638404846,0.7866795659065247,0.6022681593894958
YOR357C,YNL330C,0,3.6208746,0.1195540577173233,0.7866795659065247,0.6023685336112976
YIL112W,YLR431C,0,3.620854,0.11953651905059814,0.7866795659065247,0.6024689078330994
YKL135C,YOR153W,0,3.6206775,0.11951898783445358,0.7866795659065247,0.6025692224502563
YMR037C,YJL033W,0,3.6205049,0.11950146406888962,0.7866795659065247,0.6026695966720581
YIL096C,YLR064W,0,3.6196456,0.11948394775390625,0.7866795659065247,0.6027699708938599
YHR017W,YOR290C,0,3.61933,0.11946643143892288,0.7866795659065247,0.6028703451156616
YMR274C,YNL177C,0,3.6189282,0.11944892257452011,0.7866795659065247,0.6029707193374634
YDR022C,YLR127C,0,3.6186035,0.11943142116069794,0.7866795659065247,0.6030710339546204
YLR286C,YMR118C,0,3.6183236,0.11941391974687576,0.7866795659065247,0.6031714081764221
YLR175W,YOR129C,0,3.6180139,0.11939642578363419,0.7866795659065247,0.6032717823982239
YJL148W,YDR478W,0,3.6177812,0.1193789392709732,0.7866795659065247,0.6033721566200256
YKR077W,YOR369C,0,3.6175265,0.11936145275831223,0.7866795659065247,0.6034724712371826
YER044C-A,YDR107C,0,3.617489,0.11934397369623184,0.7866795659065247,0.6035728454589844
YGR253C,YLR204W,0,3.6149664,0.11932650208473206,0.7866795659065247,0.6036732196807861
YEL009C,YPL179W,0,3.6149442,0.11930903047323227,0.7866795659065247,0.6037735939025879
YKL101W,YKR100C,0,3.61488,0.11929156631231308,0.7866795659065247,0.6038739681243896
YLR308W,YKL045W,0,3.6147,0.11927410960197449,0.7866795659065247,0.6039742827415466
YER123W,YOR260W,0,3.614378,0.11925666034221649,0.7866795659065247,0.6040746569633484
YCL044C,YIL030C,0,3.613216,0.1192392110824585,0.7866795659065247,0.6041750311851501
YHL025W,YLR201C,0,3.612894,0.1192217692732811,0.7866795659065247,0.6042754054069519
YER120W,YMR298W,1,3.6125607,0.11935058981180191,0.7876448035240173,0.6042754054069519
YFL026W,YLR181C,0,3.6120515,0.11933314055204391,0.7876448035240173,0.6043757796287537
YKL155C,YIL069C,0,3.611689,0.11931569129228592,0.7876448035240173,0.6044760942459106
YKL017C,YPL269W,0,3.6116123,0.11929824203252792,0.7876448035240173,0.6045764684677124
YML059C,YNL054W,1,3.6112344,0.11942698806524277,0.78861004114151,0.6045764684677124
YHR196W,YBR131W,0,3.6110668,0.11940953135490417,0.78861004114151,0.6046768426895142
YDR448W,YDL051W,0,3.6089563,0.11939208209514618,0.78861004114151,0.6047772169113159
YML009C,YNL312W,0,3.6085186,0.11937463283538818,0.78861004114151,0.6048775315284729
YMR016C,YDR368W,0,3.6085148,0.11935719847679138,0.78861004114151,0.6049779057502747
YLR438C-A,YER007W,0,3.607516,0.11933976411819458,0.78861004114151,0.6050782799720764
YJL183W,YLR019W,0,3.6071837,0.11932232975959778,0.78861004114151,0.6051786541938782
YOR019W,YPR143W,0,3.607053,0.11930490285158157,0.78861004114151,0.6052790284156799
YLR242C,YIL168W,0,3.6065562,0.11928749084472656,0.78861004114151,0.6053793430328369
YGL116W,YOL059W,0,3.6063604,0.11927007138729095,0.78861004114151,0.6054797172546387
YOR149C,YFL025C,1,3.6057675,0.11939863115549088,0.7895752787590027,0.6054797172546387
YNL064C,YBR180W,0,3.605743,0.11938120424747467,0.7895752787590027,0.6055800914764404
YLR139C,YIL103W,0,3.6053562,0.11936378479003906,0.7895752787590027,0.6056804656982422
YDR110W,YKR087C,0,3.6052105,0.11934636533260345,0.7895752787590027,0.605780839920044
YGR080W,YLL039C,0,3.6048656,0.11932895332574844,0.7895752787590027,0.6058811545372009
YIL004C,YOR067C,0,3.6047907,0.11931154876947403,0.7895752787590027,0.6059815287590027
YDR052C,YCR034W,0,3.6047711,0.11929415166378021,0.7895752787590027,0.6060819029808044
YKR089C,YDR173C,1,3.6044316,0.11942256987094879,0.7905405163764954,0.6060819029808044
YBR085W,YHR046C,0,3.6035438,0.11940515786409378,0.7905405163764954,0.6061822772026062
YHL001W,YOR009W,0,3.6034074,0.11938775330781937,0.7905405163764954,0.6062825918197632
YLR406C,YMR202W,0,3.6024237,0.11937035620212555,0.7905405163764954,0.6063829660415649
YMR149W,YPR097W,0,3.6023488,0.11935295909643173,0.7905405163764954,0.6064833402633667
YOL120C,YGR104C,0,3.6019833,0.11933556944131851,0.7905405163764954,0.6065837144851685
YCL026C-A,YGL012W,1,3.6018384,0.11946386843919754,0.7915058135986328,0.6065837144851685
YJL122W,YMR263W,0,3.6016924,0.11944646388292313,0.7915058135986328,0.6066840887069702
YDR422C,YLL006W,0,3.6004224,0.1194290742278099,0.7915058135986328,0.6067844033241272
YHR171W,YDL043C,0,3.6004128,0.11941167712211609,0.7915058135986328,0.606884777545929
YDL144C,YOR321W,0,3.6002135,0.11939429491758347,0.7915058135986328,0.6069851517677307
YGR218W,YAL009W,0,3.6001406,0.11937691271305084,0.7915058135986328,0.6070855259895325
YOR172W,YGL124C,0,3.5997894,0.11935953050851822,0.7915058135986328,0.6071858406066895
YCL069W,YOR078W,0,3.5997484,0.11934216320514679,0.7915058135986328,0.6072862148284912
YBR026C,YKL051W,1,3.5993605,0.11947031319141388,0.7924710512161255,0.6072862148284912
YGR235C,YJL122W,0,3.5979004,0.11945293098688126,0.7924710512161255,0.607386589050293
YCR027C,YOL095C,0,3.5965004,0.11943555623292923,0.7924710512161255,0.6074869632720947
YDL154W,YER035W,0,3.5960693,0.1194181814789772,0.7924710512161255,0.6075873374938965
YER183C,YHL033C,0,3.595177,0.11940081417560577,0.7924710512161255,0.6076876521110535
YLR362W,YDR438W,0,3.5949411,0.11938345432281494,0.7924710512161255,0.6077880263328552
YBR227C,YGR101W,0,3.5947163,0.11936609447002411,0.7924710512161255,0.607888400554657
YKL004W,YOR022C,1,3.593234,0.11949411034584045,0.7934362888336182,0.607888400554657
YGR090W,YMR263W,0,3.5926337,0.11947674304246902,0.7934362888336182,0.6079887747764587
YML005W,YBL019W,0,3.592093,0.11945938318967819,0.7934362888336182,0.6080891489982605
YDR323C,YOR057W,0,3.5920181,0.11944202333688736,0.7934362888336182,0.6081894636154175
YJL208C,YGR041W,0,3.5919137,0.11942467093467712,0.7934362888336182,0.6082898378372192
YCR054C,YLR340W,0,3.59174,0.11940731853246689,0.7934362888336182,0.608390212059021
YNL219C,YGL126W,1,3.591392,0.11953522264957428,0.7944015264511108,0.608390212059021
YMR100W,YMR233W,0,3.591348,0.11951786279678345,0.7944015264511108,0.6084905862808228
YPL235W,YDR006C,0,3.590736,0.11950051039457321,0.7944015264511108,0.6085909008979797
YJL129C,YHL003C,0,3.5904305,0.11948315799236298,0.7944015264511108,0.6086912751197815
YDR334W,YLR210W,0,3.5901427,0.11946581304073334,0.7944015264511108,0.6087916493415833
YBR133C,YER025W,0,3.5897758,0.1194484755396843,0.7944015264511108,0.608892023563385
YJL045W,YCR069W,0,3.5894012,0.11943114548921585,0.7944015264511108,0.6089923977851868
YDR237W,YHR099W,0,3.5890994,0.1194138154387474,0.7944015264511108,0.6090927124023438
YLL057C,YOL009C,0,3.5883098,0.11939649283885956,0.7944015264511108,0.6091930866241455
YJR093C,YER127W,0,3.5880494,0.11937917023897171,0.7944015264511108,0.6092934608459473
YPR141C,YEL006W,0,3.5874918,0.11936185508966446,0.7944015264511108,0.609393835067749
YKL178C,YGR094W,0,3.5871327,0.1193445473909378,0.7944015264511108,0.609494149684906
YIL113W,YLR079W,0,3.586688,0.11932724714279175,0.7944015264511108,0.6095945239067078
YDR242W,YFL029C,0,3.5860739,0.11930994689464569,0.7944015264511108,0.6096948981285095
YMR216C,YAL043C,0,3.5859065,0.11929265409708023,0.7944015264511108,0.6097952723503113
YDR284C,YDR058C,1,3.5845985,0.11942028999328613,0.7953668236732483,0.6097952723503113
YER159C,YMR232W,0,3.5835116,0.11940298229455948,0.7953668236732483,0.609895646572113
YKR042W,YCR063W,0,3.5823903,0.11938568204641342,0.7953668236732483,0.60999596118927
YBR253W,YER061C,0,3.5816946,0.11936838924884796,0.7953668236732483,0.6100963354110718
YHR072W,YMR266W,0,3.581579,0.1193511039018631,0.7953668236732483,0.6101967096328735
YER166W,YCL059C,0,3.5797997,0.11933381855487823,0.7953668236732483,0.6102970838546753
YOR131C,YLR058C,0,3.5790384,0.11931653320789337,0.7953668236732483,0.610397458076477
YKR077W,YJR110W,0,3.5788517,0.1192992627620697,0.7953668236732483,0.610497772693634
YGL001C,YDL127W,0,3.577031,0.11928199231624603,0.7953668236732483,0.6105981469154358
YKL129C,YPR086W,0,3.5767426,0.11926472932100296,0.7953668236732483,0.6106985211372375
YOR014W,YER011W,0,3.576154,0.11924746632575989,0.7953668236732483,0.6107988953590393
YDL060W,YML107C,0,3.575541,0.11923021078109741,0.7953668236732483,0.6108992099761963
YGL206C,YDR027C,0,3.5736876,0.11921296268701553,0.7953668236732483,0.610999584197998
YAR071W,YJL046W,0,3.573658,0.11919571459293365,0.7953668236732483,0.6110999584197998
YHR160C,YDR485C,0,3.5726142,0.11917848140001297,0.7953668236732483,0.6112003326416016
YGL257C,YDR103W,0,3.5725336,0.11916124075651169,0.7953668236732483,0.6113007068634033
YBL004W,YCL067C,0,3.571907,0.1191440150141716,0.7953668236732483,0.6114010214805603
YNL101W,YML019W,0,3.5705261,0.11912678927183151,0.7953668236732483,0.6115013957023621
YJL158C,YJR145C,0,3.5704818,0.11910957098007202,0.7953668236732483,0.6116017699241638
YOR298C-A,YJR091C,0,3.5703046,0.11909235268831253,0.7953668236732483,0.6117021441459656
YKR003W,YMR119W,0,3.570015,0.11907514184713364,0.7953668236732483,0.6118025183677673
YLR210W,YKL032C,0,3.5699255,0.11905793845653534,0.7953668236732483,0.6119028329849243
YNL213C,YPR131C,0,3.5698752,0.11904074251651764,0.7953668236732483,0.6120032072067261
YDR019C,YOR128C,0,3.5694818,0.11902354657649994,0.7953668236732483,0.6121035814285278
YLR239C,YDL067C,0,3.5688984,0.11900635808706284,0.7953668236732483,0.6122039556503296
YKR038C,YMR154C,0,3.5687323,0.11898916959762573,0.7953668236732483,0.6123042702674866
YBR191W,YHL017W,0,3.5685987,0.11897198855876923,0.7953668236732483,0.6124046444892883
YOR026W,YGL120C,0,3.5668848,0.11895481497049332,0.7953668236732483,0.6125050187110901
YNR052C,YNL075W,0,3.5651555,0.11893764138221741,0.7953668236732483,0.6126053929328918
YAR018C,YOR011W,0,3.564916,0.11892048269510269,0.7953668236732483,0.6127057671546936
YIL153W,YDR027C,0,3.5646653,0.11890331655740738,0.7953668236732483,0.6128060817718506
YOR290C,YMR283C,0,3.5640106,0.11888616532087326,0.7953668236732483,0.6129064559936523
YJL080C,YLR095C,0,3.5630593,0.11886901408433914,0.7953668236732483,0.6130068302154541
YHR183W,YDR409W,0,3.5630078,0.11885187029838562,0.7953668236732483,0.6131072044372559
YLR360W,YPR079W,0,3.562293,0.1188347265124321,0.7953668236732483,0.6132075190544128
YDR506C,YOL001W,0,3.5619996,0.11881759017705917,0.7953668236732483,0.6133078932762146
YOL058W,YKL178C,0,3.5613537,0.11880046129226685,0.7953668236732483,0.6134082674980164
YPR031W,YBL054W,0,3.5612268,0.11878333240747452,0.7953668236732483,0.6135086417198181
YCL048W,YER161C,0,3.56108,0.11876621842384338,0.7953668236732483,0.6136090159416199
YDR058C,YLR004C,0,3.5608077,0.11874909698963165,0.7953668236732483,0.6137093305587769
YJR047C,YKL077W,0,3.5600464,0.11873199045658112,0.7953668236732483,0.6138097047805786
YPL239W,YCR047C,0,3.5599685,0.11871488392353058,0.7953668236732483,0.6139100790023804
YGL005C,YER072W,0,3.5595622,0.11869778484106064,0.7953668236732483,0.6140104532241821
YMR192W,YOR270C,0,3.5590513,0.1186806857585907,0.7953668236732483,0.6141108274459839
YPL023C,YLR442C,0,3.5589576,0.11866359412670135,0.7953668236732483,0.6142111420631409
YGR181W,YLR287C-A,0,3.5586338,0.11864650994539261,0.7953668236732483,0.6143115162849426
YDR301W,YHR143W,0,3.558317,0.11862942576408386,0.7953668236732483,0.6144118905067444
YEL059C-A,YAL009W,0,3.558303,0.11861234903335571,0.7953668236732483,0.6145122647285461
YJL097W,YJR107W,1,3.5579052,0.11873920261859894,0.796332061290741,0.6145122647285461
YGR080W,YLR023C,0,3.5575953,0.11872211843729019,0.796332061290741,0.6146125793457031
YLR260W,YDR231C,0,3.5574765,0.11870503425598145,0.796332061290741,0.6147129535675049
YCL054W,YML124C,0,3.5574474,0.1186879575252533,0.796332061290741,0.6148133277893066
YPL144W,YER007W,0,3.557385,0.11867088824510574,0.796332061290741,0.6149137020111084
YKR038C,YGR191W,0,3.557302,0.11865381896495819,0.796332061290741,0.6150140762329102
YER054C,YBL078C,0,3.5572646,0.11863675713539124,0.796332061290741,0.6151143908500671
YNL065W,YGL093W,0,3.5570464,0.11861969530582428,0.796332061290741,0.6152147650718689
YNR024W,YOR266W,0,3.5568652,0.11860264837741852,0.796332061290741,0.6153151392936707
YPL005W,YIL136W,0,3.5560093,0.11858559399843216,0.796332061290741,0.6154155135154724
YIL144W,YPL211W,0,3.5553389,0.118568554520607,0.796332061290741,0.6155158281326294
YDR023W,YNL197C,0,3.5553308,0.11855151504278183,0.796332061290741,0.6156162023544312
YMR001C,YPL175W,0,3.554926,0.11853448301553726,0.796332061290741,0.6157165765762329
YIR037W,YBR110W,0,3.5536466,0.1185174509882927,0.796332061290741,0.6158169507980347
YPL076W,YOL115W,0,3.5524,0.11850043386220932,0.796332061290741,0.6159173250198364
YBR279W,YAL003W,0,3.551753,0.11848340928554535,0.796332061290741,0.6160176396369934
YER133W,YCR044C,0,3.5517027,0.11846639961004257,0.796332061290741,0.6161180138587952
YML055W,YJL110C,0,3.5512495,0.1184493899345398,0.796332061290741,0.6162183880805969
YHR120W,YPL121C,0,3.5512443,0.11843238770961761,0.796332061290741,0.6163187623023987
YPL049C,YER035W,0,3.5509737,0.11841538548469543,0.796332061290741,0.6164191365242004
YHR073W,YPR006C,1,3.5506458,0.1185419037938118,0.7972972989082336,0.6164191365242004
YBR055C,YML126C,0,3.550499,0.11852489411830902,0.7972972989082336,0.6165194511413574
YDR120C,YKR013W,0,3.5498462,0.11850789189338684,0.7972972989082336,0.6166198253631592
YBR102C,YLL050C,0,3.549463,0.11849088966846466,0.7972972989082336,0.6167201995849609
YLR032W,YGR152C,0,3.5489607,0.11847389489412308,0.7972972989082336,0.6168205738067627
YHL001W,YDR139C,0,3.5488863,0.11845690757036209,0.7972972989082336,0.6169208884239197
YLR384C,YPL133C,0,3.5485032,0.1184399202466011,0.7972972989082336,0.6170212626457214
YOR103C,YDR315C,0,3.5482922,0.11842294037342072,0.7972972989082336,0.6171216368675232
YMR298W,YNL231C,1,3.5480394,0.11854930967092514,0.7982625365257263,0.6171216368675232
YIR015W,YER087C-A,0,3.5472012,0.11853232234716415,0.7982625365257263,0.617222011089325
YLR238W,YNR041C,0,3.5471706,0.11851533502340317,0.7982625365257263,0.6173223853111267
YPL089C,YAL047C,0,3.5471227,0.11849835515022278,0.7982625365257263,0.6174226999282837
YMR037C,YGR274C,0,3.546731,0.11848137527704239,0.7982625365257263,0.6175230741500854
YIL078W,YBR021W,0,3.5457253,0.1184644028544426,0.7982625365257263,0.6176234483718872
YER031C,YJL019W,0,3.5450935,0.1184474378824234,0.7982625365257263,0.617723822593689
YML021C,YFR038W,0,3.5435827,0.1184304729104042,0.7982625365257263,0.617824137210846
YIL126W,YHR167W,0,3.5435293,0.1184135153889656,0.7982625365257263,0.6179245114326477
YMR275C,YCR063W,0,3.5432448,0.1183965653181076,0.7982625365257263,0.6180248856544495
YBL082C,YDL143W,0,3.542098,0.1183796152472496,0.7982625365257263,0.6181252598762512
YOR180C,YBR132C,1,3.541508,0.1185057982802391,0.799227774143219,0.6181252598762512
YEL051W,YDL135C,0,3.5406604,0.1184888407588005,0.799227774143219,0.618225634098053
YOR270C,YOL060C,0,3.5404468,0.11847188323736191,0.799227774143219,0.61832594871521
YKL179C,YMR153W,0,3.5403287,0.1184549331665039,0.799227774143219,0.6184263229370117
YER045C,YGL211W,0,3.5396547,0.1184379905462265,0.799227774143219,0.6185266971588135
YMR149W,YHR083W,0,3.538365,0.1184210553765297,0.799227774143219,0.6186270713806152
YDL146W,YGL194C,0,3.5382004,0.11840412020683289,0.799227774143219,0.618727445602417
YDR050C,YPL132W,0,3.537569,0.11838719248771667,0.799227774143219,0.618827760219574
YOL154W,YER179W,0,3.5364738,0.11837026476860046,0.799227774143219,0.6189281344413757
YMR044W,YOR175C,0,3.5362735,0.11835334450006485,0.799227774143219,0.6190285086631775
YBR215W,YDR040C,0,3.534556,0.11833643168210983,0.799227774143219,0.6191288828849792
YKL208W,YIL044C,0,3.5326567,0.11831951886415482,0.799227774143219,0.6192291975021362
YIR014W,YEL046C,0,3.5325499,0.1183026134967804,0.799227774143219,0.619329571723938
YDR440W,YER161C,0,3.5325048,0.11828571557998657,0.799227774143219,0.6194299459457397
YNL186W,YOR011W,0,3.5315099,0.11826881766319275,0.799227774143219,0.6195303201675415
YER164W,YBR021W,0,3.5310497,0.11825192719697952,0.799227774143219,0.6196306943893433
YER068W,YMR207C,0,3.530994,0.1182350441813469,0.799227774143219,0.6197310090065002
YIR015W,YBR094W,0,3.5308409,0.11821816116571426,0.799227774143219,0.619831383228302
YDR448W,YJL069C,0,3.5308104,0.11820128560066223,0.799227774143219,0.6199317574501038
YCR020C,YOR227W,0,3.5304408,0.1181844100356102,0.799227774143219,0.6200321316719055
YML038C,YLR001C,0,3.5303276,0.11816754937171936,0.799227774143219,0.6201325058937073
YJL074C,YLL036C,0,3.530183,0.11815068125724792,0.799227774143219,0.6202328205108643
YJL059W,YJR046W,0,3.530129,0.11813382804393768,0.799227774143219,0.620333194732666
YPL144W,YOL125W,0,3.5295472,0.11811697483062744,0.799227774143219,0.6204335689544678
YFR010W,YBR056W,0,3.5288863,0.1181001290678978,0.799227774143219,0.6205339431762695
YBR160W,YMR285C,0,3.528223,0.11808328330516815,0.799227774143219,0.6206342577934265
YDR323C,YBR295W,0,3.5280032,0.1180664449930191,0.799227774143219,0.6207346320152283
YLR118C,YPL175W,1,3.5264528,0.11819218844175339,0.8001930713653564,0.6207346320152283
YBR001C,YGR009C,0,3.525819,0.11817533522844315,0.8001930713653564,0.62083500623703
YBR127C,YDR018C,0,3.5256238,0.1181584969162941,0.8001930713653564,0.6209353804588318
YOL011W,YCR105W,0,3.5247552,0.11814165860414505,0.8001930713653564,0.6210357546806335
YOL042W,YIR008C,0,3.5239124,0.118124820291996,0.8001930713653564,0.6211360692977905
YLR373C,YMR298W,0,3.5237374,0.11810798943042755,0.8001930713653564,0.6212364435195923
YDR302W,YDR037W,0,3.52336,0.1180911660194397,0.8001930713653564,0.621336817741394
YLR223C,YMR058W,0,3.5229726,0.11807435005903244,0.8001930713653564,0.6214371919631958
YDR482C,YLR045C,0,3.5223365,0.11805753409862518,0.8001930713653564,0.6215375065803528
YCL031C,YDL195W,0,3.5222692,0.11804072558879852,0.8001930713653564,0.6216378808021545
YNL063W,YGL181W,0,3.5217395,0.11802391707897186,0.8001930713653564,0.6217382550239563
YDR399W,YNL162W,0,3.5214596,0.1180071160197258,0.8001930713653564,0.6218386292457581
YDL033C,YML027W,0,3.5213885,0.11799032241106033,0.8001930713653564,0.6219390034675598
YNL233W,YJR047C,0,3.5211487,0.11797352880239487,0.8001930713653564,0.6220393180847168
YEL046C,YLR297W,0,3.520866,0.11795674264431,0.8001930713653564,0.6221396923065186
YDL209C,YGR057C,0,3.5190187,0.11793996393680573,0.8001930713653564,0.6222400665283203
YMR197C,YBR204C,0,3.5182345,0.11792318522930145,0.8001930713653564,0.6223404407501221
YPL130W,YLR246W,0,3.517977,0.11790641397237778,0.8001930713653564,0.6224408149719238
YPL177C,YHR031C,0,3.5174332,0.1178896501660347,0.8001930713653564,0.6225411295890808
YOR306C,YIL173W,0,3.5172858,0.11787288635969162,0.8001930713653564,0.6226415038108826
YDR265W,YDR051C,0,3.5171108,0.11785613000392914,0.8001930713653564,0.6227418780326843
YOL044W,YBR050C,0,3.5147338,0.11783937364816666,0.8001930713653564,0.6228422522544861
YIL147C,YPL256C,0,3.5140448,0.11782262474298477,0.8001930713653564,0.6229425668716431
YOR044W,YDR057W,0,3.5122151,0.11780588328838348,0.8001930713653564,0.6230429410934448
YNL317W,YIL150C,0,3.511291,0.1177891418337822,0.8001930713653564,0.6231433153152466
YLR459W,YPL175W,1,3.5103364,0.11791447550058365,0.8011583089828491,0.6231433153152466
YDL056W,YNL263C,0,3.5095057,0.11789772659540176,0.8011583089828491,0.6232436895370483
YER096W,YOL095C,0,3.5093455,0.11788098514080048,0.8011583089828491,0.6233440637588501
YPL074W,YBR098W,0,3.5084147,0.11786424368619919,0.8011583089828491,0.6234443783760071
YIL010W,YOR035C,0,3.5073018,0.1178475096821785,0.8011583089828491,0.6235447525978088
YDR540C,YJR150C,0,3.5061617,0.1178307756781578,0.8011583089828491,0.6236451268196106
YJR102C,YBR168W,0,3.5053878,0.11781404912471771,0.8011583089828491,0.6237455010414124
YHR116W,YNR033W,0,3.5041986,0.11779733002185822,0.8011583089828491,0.6238458156585693
YDR307W,YPR114W,0,3.503839,0.11778061836957932,0.8011583089828491,0.6239461898803711
YLR096W,YIL063C,0,3.5023253,0.11776390671730042,0.8011583089828491,0.6240465641021729
YKR064W,YDR322C-A,0,3.502081,0.11774719506502151,0.8011583089828491,0.6241469383239746
YML088W,YGL067W,0,3.5014124,0.11773049831390381,0.8011583089828491,0.6242473125457764
YGR116W,YPR181C,0,3.499702,0.1177138015627861,0.8011583089828491,0.6243476271629333
YMR217W,YOR127W,0,3.4992104,0.1176971048116684,0.8011583089828491,0.6244480013847351
YIL113W,YKL132C,0,3.4985921,0.11768042296171188,0.8011583089828491,0.6245483756065369
YJR135W-A,YNR054C,0,3.4979818,0.11766373366117477,0.8011583089828491,0.6246487498283386
YBR268W,YBR098W,0,3.4979773,0.11764705926179886,0.8011583089828491,0.6247491240501404
YJL097W,YLR386W,1,3.4977863,0.11777210980653763,0.8021235466003418,0.6247491240501404
YDR079C-A,YDR040C,0,3.4975147,0.11775542050600052,0.8021235466003418,0.6248494386672974
YOR208W,YBR014C,0,3.4966834,0.117738738656044,0.8021235466003418,0.6249498128890991
YBL037W,YMR314W,0,3.4957345,0.1177220568060875,0.8021235466003418,0.6250501871109009
YKL092C,YDL042C,0,3.494142,0.11770538240671158,0.8021235466003418,0.6251505613327026
YNL023C,YAR050W,0,3.4937918,0.11768871545791626,0.8021235466003418,0.6252508759498596
YJL108C,YMR133W,0,3.493718,0.11767204850912094,0.8021235466003418,0.6253512501716614
YGR193C,YDR246W,0,3.4926875,0.11765538901090622,0.8021235466003418,0.6254516243934631
YPR086W,YDL232W,0,3.4913795,0.1176387295126915,0.8021235466003418,0.6255519986152649
YDR153C,YKL110C,0,3.490189,0.11762207746505737,0.8021235466003418,0.6256523728370667
YJL159W,YLR010C,0,3.4901648,0.11760543286800385,0.8021235466003418,0.6257526874542236
YER110C,YBR008C,0,3.4899893,0.11758879572153091,0.8021235466003418,0.6258530616760254
YOR192C,YGR057C,0,3.4892383,0.11757215857505798,0.8021235466003418,0.6259534358978271
YDR536W,YGL013C,0,3.4891448,0.11755552142858505,0.8021235466003418,0.6260538101196289
YIL120W,YGR292W,0,3.4884815,0.11753889918327332,0.8021235466003418,0.6261541843414307
YKL063C,YMR105C,0,3.4881253,0.11752227693796158,0.8021235466003418,0.6262544989585876
YOL149W,YDR139C,0,3.4880097,0.11750565469264984,0.8021235466003418,0.6263548731803894
YFR019W,YKR031C,1,3.4879942,0.11763042211532593,0.8030887842178345,0.6263548731803894
YLR293C,YJL129C,0,3.4876213,0.11761379987001419,0.8030887842178345,0.6264552474021912
YER122C,YMR161W,0,3.4866285,0.11759717017412186,0.8030887842178345,0.6265556216239929
YGL219C,YDR406W,0,3.4863646,0.11758055537939072,0.8030887842178345,0.6266559362411499
YKR059W,YBR131W,0,3.4860938,0.11756394058465958,0.8030887842178345,0.6267563104629517
YMR278W,YHR101C,0,3.4858031,0.11754733324050903,0.8030887842178345,0.6268566846847534
YPL237W,YLR064W,0,3.484898,0.11753072589635849,0.8030887842178345,0.6269570589065552
YJL158C,YDL229W,0,3.484684,0.11751412600278854,0.8030887842178345,0.6270574331283569
YNL046W,YKR001C,0,3.4846802,0.1174975261092186,0.8030887842178345,0.6271577477455139
YJL051W,YPR095C,0,3.4844537,0.11748094111680984,0.8030887842178345,0.6272581219673157
YBR069C,YDR488C,0,3.483818,0.1174643486738205,0.8030887842178345,0.6273584961891174
YOR295W,YIL009C-A,0,3.482998,0.11744777113199234,0.8030887842178345,0.6274588704109192
YOL007C,YKL216W,0,3.4824018,0.11743119359016418,0.8030887842178345,0.6275591850280762
YIR002C,YPR161C,0,3.4822192,0.11741462349891663,0.8030887842178345,0.6276595592498779
YKL129C,YIL009C-A,0,3.481289,0.11739805340766907,0.8030887842178345,0.6277599334716797
YGR080W,YJR089W,0,3.4810672,0.1173814907670021,0.8030887842178345,0.6278603076934814
YOR201C,YNL305C,0,3.4809442,0.11736492812633514,0.8030887842178345,0.6279606819152832
YDR354W,YJR135C,0,3.4808369,0.11734838038682938,0.8030887842178345,0.6280609965324402
YDL012C,YFL031W,0,3.480753,0.11733183264732361,0.8030887842178345,0.6281613707542419
YOR298C-A,YDR313C,0,3.4805927,0.11731528490781784,0.8030887842178345,0.6282617449760437
YGR207C,YLR287C-A,0,3.4800231,0.11729874461889267,0.8030887842178345,0.6283621191978455
YBR094W,YHL044W,0,3.4797912,0.1172822117805481,0.8030887842178345,0.6284624934196472
YER004W,YGR253C,0,3.4782467,0.11726567894220352,0.8030887842178345,0.6285628080368042
YGL123W,YHL008C,0,3.4782286,0.11724915355443954,0.8030887842178345,0.628663182258606
YBR186W,YMR307W,0,3.4780407,0.11723263561725616,0.8030887842178345,0.6287635564804077
YMR224C,YPR180W,0,3.4778857,0.11721611768007278,0.8030887842178345,0.6288639307022095
YER148W,YER070W,0,3.477423,0.11719960719347,0.8030887842178345,0.6289642453193665
YDL109C,YGR263C,1,3.4767854,0.11732394248247147,0.8040540814399719,0.6289642453193665
YOR311C,YNL280C,1,3.4767497,0.11744824796915054,0.8050193190574646,0.6289642453193665
YBL056W,YNR007C,0,3.4756083,0.11743170768022537,0.8050193190574646,0.6290646195411682
YLR085C,YLR393W,0,3.4755268,0.1174151748418808,0.8050193190574646,0.62916499376297
YJR155W,YBR045C,0,3.475256,0.11739864945411682,0.8050193190574646,0.6292653679847717
YLR345W,YDR520C,0,3.4752507,0.11738212406635284,0.8050193190574646,0.6293657422065735
YHR121W,YDR463W,0,3.4752274,0.11736560612916946,0.8050193190574646,0.6294660568237305
YOL120C,YMR288W,0,3.4750874,0.11734909564256668,0.8050193190574646,0.6295664310455322
YER169W,YBR024W,0,3.4748974,0.1173325851559639,0.8050193190574646,0.629666805267334
YCL031C,YLL013C,0,3.474801,0.11731607466936111,0.8050193190574646,0.6297671794891357
YOR259C,YER119C,0,3.473977,0.11729957908391953,0.8050193190574646,0.6298674941062927
YJL111W,YMR001C,0,3.473704,0.11728308349847794,0.8050193190574646,0.6299678683280945
YBL067C,YPL133C,0,3.4724348,0.11726659536361694,0.8050193190574646,0.6300682425498962
YGR275W,YKR105C,0,3.4724245,0.11725010722875595,0.8050193190574646,0.630168616771698
YDR361C,YML102W,0,3.4721231,0.11723362654447556,0.8050193190574646,0.6302689909934998
YDL109C,YCR044C,1,3.471824,0.11735769361257553,0.8059845566749573,0.6302689909934998
YLR424W,YPL045W,0,3.4717612,0.11734120547771454,0.8059845566749573,0.6303693056106567
YMR023C,YMR297W,0,3.4716907,0.11732471734285355,0.8059845566749573,0.6304696798324585
YGR075C,YOR384W,0,3.4714606,0.11730822920799255,0.8059845566749573,0.6305700540542603
YHR167W,YIL070C,0,3.4714446,0.11729175597429276,0.8059845566749573,0.630670428276062
YCR054C,YGL063W,0,3.4706323,0.11727528274059296,0.8059845566749573,0.6307708024978638
YPR156C,YLR286C,0,3.4704952,0.11725880950689316,0.8059845566749573,0.6308711171150208
YPL126W,YGL145W,0,3.4701326,0.11724235117435455,0.8059845566749573,0.6309714913368225
YDR235W,YLR189C,0,3.4687347,0.11722588539123535,0.8059845566749573,0.6310718655586243
YBR073W,YCL016C,0,3.468642,0.11720943450927734,0.8059845566749573,0.631172239780426
YDR104C,YBL014C,0,3.4675636,0.11719298362731934,0.8059845566749573,0.631272554397583
YJR001W,YGL128C,0,3.4675174,0.11717654019594193,0.8059845566749573,0.6313729286193848
YFL031W,YNR008W,1,3.4674098,0.11730040609836578,0.80694979429245,0.6313729286193848
YPL055C,YFR007W,0,3.4670095,0.11728394776582718,0.80694979429245,0.6314733028411865
YIL066C,YMR175W,0,3.4666064,0.11726749688386917,0.80694979429245,0.6315736770629883
YFR010W,YNL328C,0,3.466566,0.11725105345249176,0.80694979429245,0.63167405128479
YOR043W,YFR038W,0,3.4662077,0.11723461002111435,0.80694979429245,0.631774365901947
YHR023W,YMR312W,0,3.4657192,0.11721817404031754,0.80694979429245,0.6318747401237488
YPR075C,YLR373C,0,3.4657128,0.11720173805952072,0.80694979429245,0.6319751143455505
YMR156C,YGR247W,0,3.4655867,0.1171853095293045,0.80694979429245,0.6320754885673523
YGR003W,YPR070W,0,3.465556,0.11716888844966888,0.80694979429245,0.632175862789154
YDL052C,YKL192C,1,3.465466,0.11729259788990021,0.8079150319099426,0.632175862789154
YGL059W,YFL024C,0,3.4654162,0.11727616935968399,0.8079150319099426,0.632276177406311
YOR321W,YLR007W,0,3.465404,0.11725973337888718,0.8079150319099426,0.6323765516281128
YJR113C,YBL037W,0,3.4651842,0.11724331229925156,0.8079150319099426,0.6324769258499146
YPL177C,YDR160W,0,3.4639163,0.11722689121961594,0.8079150319099426,0.6325773000717163
YGR275W,YJL033W,0,3.4633946,0.11721047759056091,0.8079150319099426,0.6326776146888733
YNR075W,YJR065C,0,3.4628806,0.11719406396150589,0.8079150319099426,0.632777988910675
YPL029W,YLR229C,0,3.4625664,0.11717765778303146,0.8079150319099426,0.6328783631324768
YBR029C,YML047C,0,3.4622374,0.11716125160455704,0.8079150319099426,0.6329787373542786
YDR363W,YMR067C,0,3.4609342,0.11714485287666321,0.8079150319099426,0.6330791115760803
YML100W,YKR022C,0,3.4598923,0.11712846159934998,0.8079150319099426,0.6331794261932373
YIL168W,YJR017C,0,3.4596343,0.11711207777261734,0.8079150319099426,0.6332798004150391
YOR016C,YDR156W,0,3.4590378,0.1170956939458847,0.8079150319099426,0.6333801746368408
YPR052C,YNL275W,0,3.4586134,0.11707931011915207,0.8079150319099426,0.6334805488586426
YIL013C,YGR125W,0,3.4582262,0.11706293374300003,0.8079150319099426,0.6335808634757996
YEL006W,YLR343W,0,3.4581556,0.11704656481742859,0.8079150319099426,0.6336812376976013
YHR073W,YPL268W,1,3.4580257,0.11717002093791962,0.8088803291320801,0.6336812376976013
YGL224C,YLR060W,0,3.457528,0.11715364456176758,0.8088803291320801,0.6337816119194031
YDR080W,YGL027C,0,3.455808,0.11713726818561554,0.8088803291320801,0.6338819861412048
YDR347W,YOR368W,0,3.4556255,0.1171208918094635,0.8088803291320801,0.6339823603630066
YGL028C,YDR361C,0,3.454719,0.11710453033447266,0.8088803291320801,0.6340826749801636
YMR013C,YBR109C,1,3.4532654,0.11722788959741592,0.8098455667495728,0.6340826749801636
YPL148C,YGL065C,1,3.4520612,0.1173512190580368,0.8108108043670654,0.6340826749801636
YNL063W,YPR154W,0,3.4519799,0.11733482033014297,0.8108108043670654,0.6341830492019653
YKR081C,YJR047C,0,3.4519453,0.11731843650341034,0.8108108043670654,0.6342834234237671
YHR194W,YHR011W,0,3.4513607,0.1173020526766777,0.8108108043670654,0.6343837976455688
YBR286W,YGL223C,0,3.4512858,0.11728567630052567,0.8108108043670654,0.6344841718673706
YFL056C,YLR413W,0,3.4512167,0.11726929992437363,0.8108108043670654,0.6345844864845276
YMR106C,YBR135W,0,3.4510877,0.11725293099880219,0.8108108043670654,0.6346848607063293
YKR038C,YDL051W,0,3.4510713,0.11723656952381134,0.8108108043670654,0.6347852349281311
YKL126W,YLR239C,1,3.4506507,0.11735975742340088,0.8117760419845581,0.6347852349281311
YHL020C,YMR079W,1,3.4496288,0.11748290807008743,0.8127413392066956,0.6347852349281311
YNL158W,YHR073W,1,3.4490485,0.1176060289144516,0.8137065768241882,0.6347852349281311
YOR271C,YKR027W,0,3.44877,0.11758962273597717,0.8137065768241882,0.6348856091499329
YOL077C,YBL090W,0,3.4486609,0.11757322400808334,0.8137065768241882,0.6349859237670898
YOR322C,YDL184C,0,3.448245,0.11755682528018951,0.8137065768241882,0.6350862979888916
YLL005C,YER081W,0,3.4476411,0.11754043400287628,0.8137065768241882,0.6351866722106934
YOR339C,YMR244C-A,0,3.4470735,0.11752405017614365,0.8137065768241882,0.6352870464324951
YHR203C,YIL068C,0,3.4469166,0.11750766634941101,0.8137065768241882,0.6353874206542969
YPL210C,YDR071C,0,3.4466622,0.11749128997325897,0.8137065768241882,0.6354877352714539
YPL206C,YLL053C,0,3.4457958,0.11747491359710693,0.8137065768241882,0.6355881094932556
YMR177W,YGL185C,0,3.4443793,0.11745854467153549,0.8137065768241882,0.6356884837150574
YPL008W,YOL009C,0,3.4427524,0.11744218319654465,0.8137065768241882,0.6357888579368591
YML069W,YNL152W,0,3.4416,0.1174258217215538,0.8137065768241882,0.6358891725540161
YER164W,YNR070W,0,3.4406662,0.11740946769714355,0.8137065768241882,0.6359895467758179
YNL159C,YMR189W,0,3.4404292,0.1173931211233139,0.8137065768241882,0.6360899209976196
YKL132C,YOL123W,0,3.4392753,0.11737677454948425,0.8137065768241882,0.6361902952194214
YLR167W,YDR397C,0,3.4391463,0.1173604354262352,0.8137065768241882,0.6362906694412231
YPL220W,YOR354C,0,3.4387717,0.11734409630298615,0.8137065768241882,0.6363909840583801
YAR003W,YDR501W,0,3.4381154,0.11732776463031769,0.8137065768241882,0.6364913582801819
YIL017C,YPR103W,0,3.437731,0.11731144040822983,0.8137065768241882,0.6365917325019836
YKR095W-A,YJR073C,0,3.4375591,0.11729511618614197,0.8137065768241882,0.6366921067237854
YER173W,YCR036W,0,3.437142,0.1172787994146347,0.8137065768241882,0.6367924809455872
YDL108W,YJR067C,0,3.436903,0.11726248264312744,0.8137065768241882,0.6368927955627441
YHR147C,YLL067C,0,3.4367814,0.11724617332220078,0.8137065768241882,0.6369931697845459
YIL124W,YBR041W,1,3.436376,0.11736893653869629,0.8146718144416809,0.6369931697845459
YNL132W,YLR343W,0,3.43604,0.11735261231660843,0.8146718144416809,0.6370935440063477
YDR531W,YHL033C,0,3.4359946,0.11733629554510117,0.8146718144416809,0.6371939182281494
YLR017W,YLR297W,0,3.4356294,0.1173199862241745,0.8146718144416809,0.6372942328453064
YGR097W,YJL221C,0,3.4355683,0.11730368435382843,0.8146718144416809,0.6373946070671082
YGR257C,YBR119W,0,3.4352117,0.11728738248348236,0.8146718144416809,0.6374949812889099
YGR133W,YOR383C,0,3.4348264,0.11727108806371689,0.8146718144416809,0.6375953555107117
YKR064W,YPL117C,1,3.4335017,0.11739371716976166,0.8156370520591736,0.6375953555107117
YPL121C,YJL110C,0,3.4330306,0.11737741529941559,0.8156370520591736,0.6376957297325134
YER069W,YDR318W,0,3.4326768,0.11736111342906952,0.8156370520591736,0.6377960443496704
YCL027W,YMR072W,0,3.4324913,0.11734481155872345,0.8156370520591736,0.6378964185714722
YHR169W,YCL016C,0,3.4322972,0.11732851713895798,0.8156370520591736,0.6379967927932739
YKL196C,YML088W,0,3.432253,0.1173122301697731,0.8156370520591736,0.6380971670150757
YDL222C,YER178W,0,3.4322383,0.11729594320058823,0.8156370520591736,0.6381974816322327
YPR122W,YLR343W,0,3.4315834,0.11727966368198395,0.8156370520591736,0.6382978558540344
YMR009W,YBR132C,0,3.4314802,0.11726339161396027,0.8156370520591736,0.6383982300758362
YAL042W,YPL086C,0,3.4311802,0.11724711954593658,0.8156370520591736,0.6384986042976379
YOR356W,YLR336C,0,3.4310446,0.1172308549284935,0.8156370520591736,0.6385989785194397
YDR436W,YLR399C,0,3.4303746,0.11721459031105042,0.8156370520591736,0.6386992931365967
YBR153W,YKR094C,0,3.4300518,0.11719833314418793,0.8156370520591736,0.6387996673583984
YCR106W,YHR172W,0,3.4290762,0.11718208342790604,0.8156370520591736,0.6389000415802002
YDL207W,YMR048W,0,3.4271214,0.11716583371162415,0.8156370520591736,0.639000415802002
YHL026C,YNL287W,0,3.4269114,0.11714959144592285,0.8156370520591736,0.6391007900238037
YGR278W,YER053C,0,3.4260836,0.11713334918022156,0.8156370520591736,0.6392011046409607
YCL026C-A,YNL038W,1,3.426047,0.11725571751594543,0.8166022896766663,0.6392011046409607
YLR242C,YGL065C,1,3.4259996,0.11737804859876633,0.8175675868988037,0.6392011046409607
YBR200W,YNL142W,0,3.425883,0.11736178398132324,0.8175675868988037,0.6393014788627625
YDR216W,YDR427W,0,3.4257903,0.11734552681446075,0.8175675868988037,0.6394018530845642
YBR159W,YJL153C,1,3.4248137,0.11746779084205627,0.8185328245162964,0.6394018530845642
YGL210W,YHL044W,0,3.4247286,0.11745152622461319,0.8185328245162964,0.639502227306366
YOR115C,YDR314C,0,3.4232917,0.1174352616071701,0.8185328245162964,0.639602541923523
YER016W,YIL114C,0,3.4232407,0.11741899698972702,0.8185328245162964,0.6397029161453247
YGL059W,YGR202C,0,3.4212751,0.11740273982286453,0.8185328245162964,0.6398032903671265
YDR201W,YDR244W,0,3.4204407,0.11738649010658264,0.8185328245162964,0.6399036645889282
YPR063C,YHL044W,0,3.420279,0.11737024039030075,0.8185328245162964,0.64000403881073
YGR234W,YNL086W,0,3.4202018,0.11735399812459946,0.8185328245162964,0.640104353427887
YER042W,YOR045W,0,3.419477,0.11733776330947876,0.8185328245162964,0.6402047276496887
YBR139W,YER147C,0,3.4190528,0.11732152849435806,0.8185328245162964,0.6403051018714905
YLR096W,YOL095C,0,3.418888,0.11730530112981796,0.8185328245162964,0.6404054760932922
YOR119C,YHL008C,0,3.418703,0.11728907376527786,0.8185328245162964,0.640505850315094
YLR015W,YOL078W,0,3.4180884,0.11727285385131836,0.8185328245162964,0.640606164932251
YJL074C,YOR205C,0,3.4179127,0.11725663393735886,0.8185328245162964,0.6407065391540527
YFR031C-A,YLR277C,0,3.4176452,0.11724042892456055,0.8185328245162964,0.6408069133758545
YDR118W,YCL051W,0,3.4170117,0.11722421646118164,0.8185328245162964,0.6409072875976562
YCR066W,YDL042C,0,3.4168363,0.11720801889896393,0.8185328245162964,0.6410076022148132
YGR183C,YIR035C,0,3.4159327,0.11719182133674622,0.8185328245162964,0.641107976436615
YER078C,YLR192C,0,3.4147978,0.1171756237745285,0.8185328245162964,0.6412083506584167
YDR520C,YHR176W,0,3.4145775,0.11715943366289139,0.8185328245162964,0.6413087248802185
YBR107C,YNL191W,0,3.4141793,0.11714325100183487,0.8185328245162964,0.6414090991020203
YER019W,YOR260W,0,3.4141688,0.11712706834077835,0.8185328245162964,0.6415094137191772
YMR280C,YDR541C,0,3.4133086,0.11711089313030243,0.8185328245162964,0.641609787940979
YHR129C,YMR290C,0,3.4126463,0.1170947253704071,0.8185328245162964,0.6417101621627808
YIL052C,YJR135W-A,0,3.4125314,0.11707855761051178,0.8185328245162964,0.6418105363845825
YNL315C,YOL052C-A,0,3.4124107,0.11706239730119705,0.8185328245162964,0.6419108510017395
YPR178W,YOR157C,0,3.410569,0.11704623699188232,0.8185328245162964,0.6420112252235413
YOR129C,YDR153C,0,3.4099464,0.1170300841331482,0.8185328245162964,0.642111599445343
YDR394W,YOL096C,0,3.4098854,0.11701393872499466,0.8185328245162964,0.6422119736671448
YLR372W,YNL038W,1,3.4089704,0.11713576316833496,0.8194980621337891,0.6422119736671448
YJR139C,YDL214C,0,3.4082854,0.11711960285902023,0.8194980621337891,0.6423123478889465
YML077W,YMR275C,0,3.4070613,0.1171034500002861,0.8194980621337891,0.6424126625061035
YIL085C,YKL132C,0,3.4064126,0.11708729714155197,0.8194980621337891,0.6425130367279053
YDR545W,YPL248C,0,3.406117,0.11707115173339844,0.8194980621337891,0.642613410949707
YPR001W,YOL032W,1,3.4060378,0.11719288676977158,0.8204632997512817,0.642613410949707
YJR134C,YDL051W,0,3.4057508,0.11717672646045685,0.8204632997512817,0.6427137851715088
YHR106W,YMR122W-A,0,3.4041042,0.11716058105230331,0.8204632997512817,0.6428141593933105
YKL071W,YNL177C,0,3.403469,0.11714443564414978,0.8204632997512817,0.6429144740104675
YNR040W,YOR198C,0,3.4030452,0.11712829023599625,0.8204632997512817,0.6430148482322693
YGL243W,YDL075W,0,3.403007,0.11711215227842331,0.8204632997512817,0.643115222454071
YAL032C,YML064C,0,3.401495,0.11709602177143097,0.8204632997512817,0.6432155966758728
YOR233W,YOR375C,0,3.4005744,0.11707989126443863,0.8204632997512817,0.6433159112930298
YKR086W,YLR328W,0,3.3993144,0.11706376820802689,0.8204632997512817,0.6434162855148315
YLR450W,YLR414C,0,3.3969777,0.11704764515161514,0.8204632997512817,0.6435166597366333
YKL148C,YHR032W,0,3.3963976,0.117031529545784,0.8204632997512817,0.6436170339584351
YER040W,YBL097W,0,3.395662,0.11701542139053345,0.8204632997512817,0.6437174081802368
YCR038C,YMR170C,0,3.3953857,0.1169993132352829,0.8204632997512817,0.6438177227973938
YBR036C,YLR132C,0,3.3930187,0.11698321253061295,0.8204632997512817,0.6439180970191956
YER062C,YPR075C,0,3.3928356,0.116967111825943,0.8204632997512817,0.6440184712409973
YGR096W,YPR066W,0,3.3921254,0.11695101857185364,0.8204632997512817,0.6441188454627991
YPR168W,YIR002C,0,3.3920486,0.11693493276834488,0.8204632997512817,0.644219160079956
YFL029C,YOR288C,0,3.3919497,0.11691884696483612,0.8204632997512817,0.6443195343017578
YHR134W,YER139C,0,3.3911126,0.11690276116132736,0.8204632997512817,0.6444199085235596
YNL242W,YKR048C,0,3.390748,0.1168866902589798,0.8204632997512817,0.6445202827453613
YLR355C,YPL145C,0,3.3902676,0.11687061935663223,0.8204632997512817,0.6446206569671631
YNL123W,YHR073W,1,3.3897197,0.1169920265674591,0.8214285969734192,0.6446206569671631
YJL090C,YGR215W,0,3.3896394,0.11697594821453094,0.8214285969734192,0.6447209715843201
YGL178W,YBR131W,0,3.3894837,0.11695986986160278,0.8214285969734192,0.6448213458061218
YIL096C,YDL137W,0,3.389249,0.11694379895925522,0.8214285969734192,0.6449217200279236
YDR466W,YAL062W,0,3.3881977,0.11692772805690765,0.8214285969734192,0.6450220942497253
YDR056C,YLR002C,0,3.387928,0.11691166460514069,0.8214285969734192,0.6451224684715271
YML131W,YGR254W,0,3.3877735,0.11689560115337372,0.8214285969734192,0.6452227830886841
YKL079W,YCR036W,0,3.3859768,0.11687955260276794,0.8214285969734192,0.6453231573104858
YOR076C,YCL044C,0,3.3859434,0.11686349660158157,0.8214285969734192,0.6454235315322876
YBL039C,YLR088W,1,3.385716,0.1169847622513771,0.8223938345909119,0.6454235315322876
YPR036W,YDR318W,0,3.3851933,0.11696869879961014,0.8223938345909119,0.6455239057540894
YNL279W,YIL063C,0,3.384772,0.11695264279842377,0.8223938345909119,0.6456242203712463
YIL038C,YHR152W,0,3.3840902,0.116936594247818,0.8223938345909119,0.6457245945930481
YOR335C,YJR143C,0,3.3839407,0.11692054569721222,0.8223938345909119,0.6458249688148499
YMR215W,YJR075W,0,3.3837101,0.11690449714660645,0.8223938345909119,0.6459253430366516
YFL004W,YNR051C,0,3.383679,0.11688846349716187,0.8223938345909119,0.6460257172584534
YGR008C,YHR017W,0,3.3819919,0.11687242984771729,0.8223938345909119,0.6461260318756104
YIL074C,YIL075C,0,3.3809428,0.1168563961982727,0.8223938345909119,0.6462264060974121
YMR242C,YOR079C,0,3.3807182,0.11684036999940872,0.8223938345909119,0.6463267803192139
YML024W,YNL166C,0,3.3805509,0.11682435125112534,0.8223938345909119,0.6464271545410156
YMR006C,YKL008C,1,3.3799596,0.11694543808698654,0.8233590722084045,0.6464271545410156
YIL090W,YJL139C,0,3.37982,0.11692940443754196,0.8233590722084045,0.6465275287628174
YJL041W,YFR028C,0,3.3794432,0.11691337823867798,0.8233590722084045,0.6466278433799744
YMR127C,YDL006W,0,3.379218,0.116897352039814,0.8233590722084045,0.6467282176017761
YPL111W,YGR178C,0,3.3791282,0.1168813407421112,0.8233590722084045,0.6468285918235779
YHR027C,YMR030W,0,3.378232,0.11686532199382782,0.8233590722084045,0.6469289660453796
YIL155C,YBL007C,0,3.3771822,0.11684931814670563,0.8233590722084045,0.6470292806625366
YHR161C,YOR037W,0,3.3759708,0.11683330684900284,0.8233590722084045,0.6471296548843384
YCR089W,YMR056C,0,3.3755922,0.11681731045246124,0.8233590722084045,0.6472300291061401
YMR016C,YJR002W,0,3.3748653,0.11680131405591965,0.8233590722084045,0.6473304033279419
YOL068C,YGR078C,0,3.3747995,0.11678532510995865,0.8233590722084045,0.6474307775497437
YKR097W,YDR210W,0,3.3746376,0.11676933616399765,0.8233590722084045,0.6475310921669006
YDR302W,YDR018C,1,3.3741355,0.11689022928476334,0.8243243098258972,0.6475310921669006
YHR136C,YLL023C,0,3.374105,0.11687423288822174,0.8243243098258972,0.6476314663887024
YHR166C,YOR171C,0,3.3738909,0.11685823649168015,0.8243243098258972,0.6477318406105042
YGR058W,YDL103C,0,3.3737018,0.11684224754571915,0.8243243098258972,0.6478322148323059
YHR136C,YDR013W,0,3.373347,0.11682626605033875,0.8243243098258972,0.6479325294494629
YMR113W,YHR133C,0,3.3727198,0.11681028455495834,0.8243243098258972,0.6480329036712646
YOR201C,YKL091C,0,3.372644,0.11679431051015854,0.8243243098258972,0.6481332778930664
YLR188W,YHR215W,0,3.3720608,0.11677833646535873,0.8243243098258972,0.6482336521148682
YDL149W,YOR358W,0,3.3715255,0.11676236987113953,0.8243243098258972,0.6483340263366699
YER061C,YJR019C,1,3.3714342,0.11688311398029327,0.8252895474433899,0.6483340263366699
YIL067C,YGR183C,0,3.3703537,0.11686713993549347,0.8252895474433899,0.6484343409538269
YJL010C,YOL128C,0,3.3701868,0.11685116589069366,0.8252895474433899,0.6485347151756287
YPL023C,YML076C,0,3.3701472,0.11683519929647446,0.8252895474433899,0.6486350893974304
YLR284C,YNL270C,0,3.3685055,0.11681924015283585,0.8252895474433899,0.6487354636192322
YBL069W,YMR231W,0,3.367366,0.11680328100919724,0.8252895474433899,0.6488358378410339
YNL007C,YHL021C,0,3.3670573,0.11678732186555862,0.8252895474433899,0.6489361524581909
YDL046W,YLR297W,0,3.366331,0.11677137762308121,0.8252895474433899,0.6490365266799927
YBR070C,YLR347C,0,3.3655934,0.1167554259300232,0.8252895474433899,0.6491369009017944
YNL317W,YOR079C,0,3.3649335,0.11673948913812637,0.8252895474433899,0.6492372751235962
YJL097W,YMR079W,1,3.36358,0.11686006933450699,0.8262548446655273,0.6492372751235962
YEL018W,YDR478W,0,3.3633547,0.11684411764144897,0.8262548446655273,0.6493375897407532
YGL201C,YFL036W,0,3.3629375,0.11682817339897156,0.8262548446655273,0.6494379639625549
YHR181W,YGR054W,0,3.3628516,0.11681222915649414,0.8262548446655273,0.6495383381843567
YGR198W,YJL065C,0,3.3616939,0.11679629236459732,0.8262548446655273,0.6496387124061584
YML066C,YOR193W,0,3.3615189,0.1167803555727005,0.8262548446655273,0.6497390866279602
YNR037C,YLR001C,0,3.3613696,0.11676442623138428,0.8262548446655273,0.6498394012451172
YNR007C,YIL173W,0,3.36135,0.11674849689006805,0.8262548446655273,0.649939775466919
YNL048W,YHR073W,1,3.360633,0.11686895042657852,0.82722008228302,0.649939775466919
YOR253W,YIL063C,0,3.3603015,0.1168530136346817,0.82722008228302,0.6500401496887207
YCR054C,YOL027C,0,3.3594458,0.11683708429336548,0.82722008228302,0.6501405239105225
YPR063C,YDL226C,0,3.3576994,0.11682115495204926,0.82722008228302,0.6502408385276794
YCR067C,YNL082W,0,3.3575506,0.11680523306131363,0.82722008228302,0.6503412127494812
YBR258C,YBR044C,0,3.357544,0.1167893186211586,0.82722008228302,0.650441586971283
YJR047C,YJL156C,0,3.357283,0.11677340418100357,0.82722008228302,0.6505419611930847
YMR152W,YFR042W,0,3.3571932,0.11675748974084854,0.82722008228302,0.6506423354148865
YBR176W,YML023C,0,3.3568401,0.1167415902018547,0.82722008228302,0.6507426500320435
YDR331W,YPL021W,0,3.3562565,0.11672569066286087,0.82722008228302,0.6508430242538452
YLR451W,YBR201W,0,3.3561163,0.11670979112386703,0.82722008228302,0.650943398475647
YDR402C,YHL004W,0,3.355977,0.1166938990354538,0.82722008228302,0.6510437726974487
YOR284W,YGR212W,0,3.3543408,0.11667801439762115,0.82722008228302,0.6511441469192505
YNL038W,YER051W,0,3.3539932,0.11666212975978851,0.82722008228302,0.6512444615364075
YHR067W,YJL062W,1,3.3531704,0.11678235977888107,0.8281853199005127,0.6512444615364075
YGR204W,YLR013W,0,3.3522592,0.11676646769046783,0.8281853199005127,0.6513448357582092
YAL026C,YJR145C,0,3.3513815,0.1167505756020546,0.8281853199005127,0.651445209980011
YDR179C,YOR080W,0,3.3513365,0.11673469096422195,0.8281853199005127,0.6515455842018127
YGL001C,YHR032W,0,3.3505688,0.11671881377696991,0.8281853199005127,0.6516458988189697
YDR180W,YHR170W,0,3.3502805,0.11670293658971786,0.8281853199005127,0.6517462730407715
YMR214W,YMR287C,0,3.350194,0.11668706685304642,0.8281853199005127,0.6518466472625732
YDL200C,YIL167W,0,3.348369,0.11667119711637497,0.8281853199005127,0.651947021484375
YOR307C,YDR412W,0,3.3483202,0.11665533483028412,0.8281853199005127,0.6520473957061768
YDR384C,YLR385C,0,3.348287,0.11663947999477386,0.8281853199005127,0.6521477103233337
YBR035C,YPL045W,0,3.3476377,0.11662362515926361,0.8281853199005127,0.6522480845451355
YNL106C,YEL065W,0,3.3469784,0.11660777032375336,0.8281853199005127,0.6523484587669373
YPL031C,YDR118W,0,3.3463395,0.1165919303894043,0.8281853199005127,0.652448832988739
YDR437W,YBR158W,0,3.3458853,0.11657609045505524,0.8281853199005127,0.652549147605896
YCR008W,YBR280C,0,3.3456252,0.11656025052070618,0.8281853199005127,0.6526495218276978
YJL196C,YDR531W,0,3.3452811,0.11654441803693771,0.8281853199005127,0.6527498960494995
YJL099W,YBR168W,0,3.345171,0.11652858555316925,0.8281853199005127,0.6528502702713013
YOR070C,YHR118C,0,3.3441906,0.11651276797056198,0.8281853199005127,0.652950644493103
YHR123W,YGL126W,1,3.3434088,0.11663272231817245,0.8291505575180054,0.652950644493103
YEL001C,YDR243C,0,3.342976,0.11661688983440399,0.8291505575180054,0.65305095911026
YOR103C,YGR148C,0,3.3424659,0.11660105735063553,0.8291505575180054,0.6531513333320618
YBL014C,YKL127W,0,3.3423252,0.11658523231744766,0.8291505575180054,0.6532517075538635
YNL233W,YML124C,0,3.3419695,0.1165694147348404,0.8291505575180054,0.6533520817756653
YDR317W,YBR030W,0,3.3414688,0.11655359715223312,0.8291505575180054,0.653452455997467
YGL001C,YKL212W,1,3.3393962,0.11667344719171524,0.8301158547401428,0.653452455997467
YBR038W,YKR094C,0,3.3390832,0.11665762215852737,0.8301158547401428,0.653552770614624
YOR335C,YOR191W,0,3.3368087,0.1166418045759201,0.8301158547401428,0.6536531448364258
YER093C,YNL299W,0,3.3361392,0.11662597954273224,0.8301158547401428,0.6537535190582275
YDR489W,YBR267W,0,3.335847,0.11661016941070557,0.8301158547401428,0.6538538932800293
YLR396C,YHR207C,0,3.3356295,0.1165943592786789,0.8301158547401428,0.6539542078971863
YNL081C,YKL213C,0,3.335483,0.11657855659723282,0.8301158547401428,0.654054582118988
YDR080W,YOL156W,0,3.335398,0.11656275391578674,0.8301158547401428,0.6541549563407898
YGR059W,YMR048W,0,3.3350017,0.11654695868492126,0.8301158547401428,0.6542553305625916
YJL094C,YMR063W,0,3.3349123,0.11653116345405579,0.8301158547401428,0.6543557047843933
YCR035C,YMR268C,0,3.3332486,0.1165153756737709,0.8301158547401428,0.6544560194015503
YDR398W,YPL047W,0,3.3319821,0.11649959534406662,0.8301158547401428,0.654556393623352
YJL010C,YML038C,0,3.3319702,0.11648381501436234,0.8301158547401428,0.6546567678451538
YDR105C,YKL052C,0,3.3319273,0.11646804213523865,0.8301158547401428,0.6547571420669556
YGR257C,YOR259C,0,3.3315444,0.11645226925611496,0.8301158547401428,0.6548575162887573
YML011C,YGR188C,0,3.3314989,0.11643650382757187,0.8301158547401428,0.6549578309059143
YLL018C-A,YDL147W,0,3.3312325,0.11642073839902878,0.8301158547401428,0.6550582051277161
YOL072W,YPR106W,0,3.3301864,0.11640498042106628,0.8301158547401428,0.6551585793495178
YMR322C,YJL047C,0,3.3299909,0.11638922989368439,0.8301158547401428,0.6552589535713196
YPL140C,YDL018C,0,3.329794,0.11637347936630249,0.8301158547401428,0.6553592681884766
YMR022W,YGR278W,0,3.329159,0.1163577288389206,0.8301158547401428,0.6554596424102783
YEL055C,YCR106W,0,3.3284283,0.11634199321269989,0.8301158547401428,0.6555600166320801
YDL229W,YLR022C,0,3.327693,0.11632625758647919,0.8301158547401428,0.6556603908538818
YOR190W,YOR272W,0,3.3254662,0.11631052196025848,0.8301158547401428,0.6557607650756836
YNL210W,YPR110C,0,3.325265,0.11629479378461838,0.8301158547401428,0.6558610796928406
YLR315W,YDR388W,0,3.3251882,0.11627907305955887,0.8301158547401428,0.6559614539146423
YLL042C,YNL291C,0,3.3244708,0.11626335233449936,0.8301158547401428,0.6560618281364441
YDR213W,YLR242C,1,3.3239622,0.11638280749320984,0.8310810923576355,0.6560618281364441
YBR055C,YKR077W,0,3.3236504,0.11636707931756973,0.8310810923576355,0.6561622023582458
YOR060C,YBR024W,0,3.323188,0.11635135114192963,0.8310810923576355,0.6562625169754028
YLR427W,YHR014W,0,3.3223948,0.11633563041687012,0.8310810923576355,0.6563628911972046
YDR147W,YOR126C,1,3.3223557,0.11645501106977463,0.8320463299751282,0.6563628911972046
YDR175C,YOR151C,0,3.322011,0.11643928289413452,0.8320463299751282,0.6564632654190063
YLR362W,YAL056W,0,3.3217282,0.11642355471849442,0.8320463299751282,0.6565636396408081
YMR313C,YPL181W,0,3.321526,0.1164078339934349,0.8320463299751282,0.6566640138626099
YGL040C,YOR211C,0,3.3210678,0.1163921132683754,0.8320463299751282,0.6567643284797668
YMR113W,YPR186C,0,3.3209212,0.11637639999389648,0.8320463299751282,0.6568647027015686
YOR257W,YDR341C,0,3.320839,0.11636069416999817,0.8320463299751282,0.6569650769233704
YMR014W,YMR016C,0,3.320026,0.11634498834609985,0.8320463299751282,0.6570654511451721
YOR196C,YOR189W,0,3.3190038,0.11632928252220154,0.8320463299751282,0.6571658253669739
YOR356W,YJR135C,0,3.3189287,0.11631359159946442,0.8320463299751282,0.6572661399841309
YHR191C,YHR052W,0,3.3186336,0.1162978932261467,0.8320463299751282,0.6573665142059326
YOR125C,YOL033W,0,3.3181806,0.11628220975399017,0.8320463299751282,0.6574668884277344
YDL139C,YOR189W,0,3.3180413,0.11626652628183365,0.8320463299751282,0.6575672626495361
YNL181W,YJR035W,0,3.3175006,0.11625084280967712,0.8320463299751282,0.6576675772666931
YPL145C,YHL003C,1,3.3173969,0.11637000739574432,0.8330115675926208,0.6576675772666931
YPR068C,YDL132W,0,3.3173018,0.1163543239235878,0.8330115675926208,0.6577679514884949
YML013W,YNL159C,0,3.314804,0.11633863300085068,0.8330115675926208,0.6578683257102966
YMR040W,YLR120C,0,3.3145924,0.11632295697927475,0.8330115675926208,0.6579686999320984
YLR181C,YKL056C,0,3.3138094,0.11630728095769882,0.8330115675926208,0.6580690741539001
YMR281W,YDR322W,0,3.3137276,0.1162916049361229,0.8330115675926208,0.6581693887710571
YKL049C,YPL157W,0,3.3133206,0.11627593636512756,0.8330115675926208,0.6582697629928589
YFR046C,YER089C,0,3.3128037,0.11626027524471283,0.8330115675926208,0.6583701372146606
YGL187C,YLR052W,0,3.3125074,0.1162446141242981,0.8330115675926208,0.6584705114364624
YML120C,YDR406W,0,3.312335,0.11622895300388336,0.8330115675926208,0.6585708260536194
YMR016C,YNL037C,0,3.311903,0.11621330678462982,0.8330115675926208,0.6586712002754211
YNL115C,YML047C,0,3.3113594,0.11619766056537628,0.8330115675926208,0.6587715744972229
YBR156C,YMR244C-A,0,3.3093634,0.11618201434612274,0.8330115675926208,0.6588719487190247
YKL156W,YGR104C,0,3.3086572,0.1161663755774498,0.8330115675926208,0.6589723229408264
YMR164C,YPR186C,0,3.30739,0.11615073680877686,0.8330115675926208,0.6590726375579834
YGL043W,YGR047C,0,3.3063061,0.1161351129412651,0.8330115675926208,0.6591730117797852
YOL135C,YMR223W,0,3.3059363,0.11611948162317276,0.8330115675926208,0.6592733860015869
YOR377W,YCR017C,1,3.3058643,0.11623839288949966,0.8339768052101135,0.6592733860015869
YPL036W,YKL086W,0,3.3056638,0.11622276157140732,0.8339768052101135,0.6593737602233887
YNL263C,YOL117W,0,3.3055892,0.11620713025331497,0.8339768052101135,0.6594741344451904
YER143W,YJL118W,0,3.3052592,0.11619149893522263,0.8339768052101135,0.6595744490623474
YOL072W,YOL021C,0,3.3051915,0.11617587506771088,0.8339768052101135,0.6596748232841492
YJL091C,YJR143C,0,3.304481,0.11616025865077972,0.8339768052101135,0.6597751975059509
YDL104C,YNL134C,0,3.3030396,0.11614464223384857,0.8339768052101135,0.6598755717277527
YNL329C,YGL098W,0,3.3029633,0.11612903326749802,0.8339768052101135,0.6599758863449097
YER032W,YLL023C,0,3.3016992,0.11611342430114746,0.8339768052101135,0.6600762605667114
YER111C,YOL041C,0,3.3009953,0.1160978227853775,0.8339768052101135,0.6601766347885132
YGL032C,YDR386W,0,3.3004756,0.11608222126960754,0.8339768052101135,0.6602770090103149
YKL028W,YHL001W,0,3.2996778,0.11606662720441818,0.8339768052101135,0.6603773832321167
YLR205C,YAL008W,0,3.2993393,0.11605104058980942,0.8339768052101135,0.6604776978492737
YNR020C,YLR061W,0,3.2991478,0.11603545397520065,0.8339768052101135,0.6605780720710754
YJR046W,YKR095W,0,3.2988625,0.11601987481117249,0.8339768052101135,0.6606784462928772
YIR008C,YDL231C,0,3.298611,0.11600429564714432,0.8339768052101135,0.660778820514679
YOL154W,YLL023C,0,3.2986038,0.11598872393369675,0.8339768052101135,0.6608791947364807
YOR171C,YGR170W,1,3.2983465,0.11610738188028336,0.834942102432251,0.6608791947364807
YLR095C,YDR021W,0,3.2979264,0.11609180271625519,0.834942102432251,0.6609795093536377
YBR030W,YKL084W,0,3.296981,0.11607622355222702,0.834942102432251,0.6610798835754395
YDR253C,YML129C,0,3.2964325,0.11606064438819885,0.834942102432251,0.6611802577972412
YJL111W,YLR078C,0,3.2960563,0.11604508012533188,0.834942102432251,0.661280632019043
YLR393W,YDR057W,0,3.2950354,0.11602950841188431,0.834942102432251,0.6613809466362
YBL056W,YLL026W,0,3.2944608,0.11601395159959793,0.834942102432251,0.6614813208580017
YGR060W,YBR060C,0,3.2933993,0.11599838733673096,0.834942102432251,0.6615816950798035
YDR110W,YKL212W,0,3.292027,0.11598283797502518,0.834942102432251,0.6616820693016052
YCR068W,YPL268W,1,3.2903383,0.11610135436058044,0.8359073400497437,0.6616820693016052
YER060W-A,YPL124W,0,3.288658,0.11608579009771347,0.8359073400497437,0.661782443523407
YLR431C,YNR048W,0,3.288279,0.1160702332854271,0.8359073400497437,0.661882758140564
YNR069C,YBL075C,0,3.286749,0.11605467647314072,0.8359073400497437,0.6619831323623657
YCR027C,YDR468C,0,3.2861643,0.11603912711143494,0.8359073400497437,0.6620835065841675
YMR274C,YNL056W,0,3.2834454,0.11602357774972916,0.8359073400497437,0.6621838808059692
YHR086W,YHL004W,0,3.2832172,0.11600803583860397,0.8359073400497437,0.6622841954231262
YDR253C,YGR231C,0,3.2827086,0.11599250137805939,0.8359073400497437,0.662384569644928
YNL151C,YJR143C,0,3.282282,0.1159769669175148,0.8359073400497437,0.6624849438667297
YOR362C,YOR127W,0,3.282271,0.11596143245697021,0.8359073400497437,0.6625853180885315
YIL008W,YDR510W,0,3.2819176,0.11594591289758682,0.8359073400497437,0.6626856923103333
YCL048W,YPL033C,0,3.2815099,0.11593038588762283,0.8359073400497437,0.6627860069274902
YDL109C,YCR034W,1,3.28123,0.11604872345924377,0.8368725776672363,0.6627860069274902
YJR120W,YOL042W,0,3.2810178,0.11603318899869919,0.8368725776672363,0.662886381149292
YER040W,YEL071W,0,3.2802057,0.1160176619887352,0.8368725776672363,0.6629867553710938
YDL205C,YPL088W,0,3.2793758,0.1160021424293518,0.8368725776672363,0.6630871295928955
YNL113W,YLR332W,0,3.2793007,0.11598662286996841,0.8368725776672363,0.6631875038146973
YDR448W,YDR316W,0,3.2788172,0.11597111076116562,0.8368725776672363,0.6632878184318542
YPL212C,YML087C,0,3.2786727,0.11595559865236282,0.8368725776672363,0.663388192653656
YGR156W,YMR208W,0,3.2784982,0.11594009399414062,0.8368725776672363,0.6634885668754578
YOR269W,YMR305C,0,3.2776117,0.11592458933591843,0.8368725776672363,0.6635889410972595
YPL141C,YBR203W,0,3.276606,0.11590909212827682,0.8368725776672363,0.6636892557144165
YLR373C,YGR235C,0,3.2764192,0.11589359492063522,0.8368725776672363,0.6637896299362183
YPR041W,YBR073W,0,3.2754595,0.11587810516357422,0.8368725776672363,0.66389000415802
YOR332W,YJL056C,0,3.2754393,0.11586262285709381,0.8368725776672363,0.6639903783798218
YIL040W,YPL101W,0,3.2749171,0.1158471405506134,0.8368725776672363,0.6640907526016235
YNL088W,YPL227C,0,3.2742102,0.11583166569471359,0.8368725776672363,0.6641910672187805
YJR025C,YMR297W,0,3.2740514,0.11581619083881378,0.8368725776672363,0.6642914414405823
YGR044C,YJR150C,0,3.2733915,0.11580072343349457,0.8368725776672363,0.664391815662384
YHR037W,YGL249W,0,3.272204,0.11578525602817535,0.8368725776672363,0.6644921898841858
YEL016C,YNL049C,0,3.2721434,0.11576979607343674,0.8368725776672363,0.6645925045013428
YLR207W,YNR033W,0,3.2721272,0.11575433611869812,0.8368725776672363,0.6646928787231445
YIL063C,YBL055C,0,3.2720509,0.1157388836145401,0.8368725776672363,0.6647932529449463
YHR147C,YHR072W-A,0,3.2716584,0.11572343856096268,0.8368725776672363,0.664893627166748
YGL210W,YOL149W,0,3.270885,0.11570799350738525,0.8368725776672363,0.6649940013885498
YMR183C,YBR181C,0,3.270461,0.11569255590438843,0.8368725776672363,0.6650943160057068
YGR001C,YEL038W,0,3.268686,0.1156771183013916,0.8368725776672363,0.6651946902275085
YLR380W,YGL225W,1,3.2677474,0.1157950907945633,0.837837815284729,0.6651946902275085
YIL148W,YER006W,0,3.2666316,0.11577964574098587,0.837837815284729,0.6652950644493103
YPR094W,YML063W,0,3.2634115,0.11576420068740845,0.837837815284729,0.6653954386711121
YCR075C,YMR226C,0,3.2625613,0.11574876308441162,0.837837815284729,0.6654958128929138
YDR427W,YPL158C,0,3.2615519,0.11573333293199539,0.837837815284729,0.6655961275100708
YOR255W,YLR247C,0,3.2607365,0.11571790277957916,0.837837815284729,0.6656965017318726
YOR182C,YJR068W,0,3.260616,0.11570248007774353,0.837837815284729,0.6657968759536743
YLR258W,YBR024W,0,3.2588294,0.1156870573759079,0.837837815284729,0.6658972501754761
YLL036C,YKL021C,0,3.2587397,0.11567164212465286,0.837837815284729,0.6659975647926331
YFL062W,YPL100W,0,3.257596,0.11565622687339783,0.837837815284729,0.6660979390144348
YOL117W,YHR122W,0,3.2567856,0.11564081907272339,0.837837815284729,0.6661983132362366
YGR170W,YER005W,1,3.2555046,0.11575862765312195,0.8388031125068665,0.6661983132362366
YDL150W,YJL143W,0,3.2540717,0.11574320495128632,0.8388031125068665,0.6662986874580383
YOR196C,YOL108C,1,3.2540507,0.1158609688282013,0.8397683501243591,0.6662986874580383
YMR131C,YMR162C,0,3.253234,0.11584553867578506,0.8397683501243591,0.6663990616798401
YMR015C,YLR194C,0,3.2525272,0.11583011597394943,0.8397683501243591,0.6664993762969971
YML008C,YOR188W,0,3.2523174,0.1158146932721138,0.8397683501243591,0.6665997505187988
YHR094C,YNR011C,0,3.2521384,0.11579927802085876,0.8397683501243591,0.6667001247406006
YGR059W,YHR139C,0,3.2503626,0.11578387022018433,0.8397683501243591,0.6668004989624023
YEL059C-A,YLL067C,0,3.2503605,0.11576846241950989,0.8397683501243591,0.6669008135795593
YJL098W,YER075C,0,3.250132,0.11575306206941605,0.8397683501243591,0.6670011878013611
YPL198W,YFL002C,0,3.2500873,0.1157376617193222,0.8397683501243591,0.6671015620231628
YBR164C,YLR095C,0,3.249736,0.11572226881980896,0.8397683501243591,0.6672019362449646
YEL004W,YLR414C,0,3.2496877,0.11570687592029572,0.8397683501243591,0.6673023104667664
YMR134W,YGL157W,0,3.249558,0.11569149047136307,0.8397683501243591,0.6674026250839233
YGL095C,YGR076C,0,3.2489855,0.11567610502243042,0.8397683501243591,0.6675029993057251
YJL164C,YDR532C,0,3.2474456,0.11566072702407837,0.8397683501243591,0.6676033735275269
YOR136W,YBR044C,0,3.246865,0.11564535647630692,0.8397683501243591,0.6677037477493286
YGL054C,YLR399C,0,3.2466435,0.11562998592853546,0.8397683501243591,0.6678041219711304
YDR121W,YJL129C,0,3.24618,0.11561461538076401,0.8397683501243591,0.6679044365882874
YBR188C,YCR028C-A,0,3.2461495,0.11559925228357315,0.8397683501243591,0.6680048108100891
YDR394W,YKL173W,0,3.24577,0.11558389663696289,0.8397683501243591,0.6681051850318909
YDR533C,YPL159C,0,3.244944,0.11556854099035263,0.8397683501243591,0.6682055592536926
YNL217W,YNL012W,0,3.2445655,0.11555319279432297,0.8397683501243591,0.6683058738708496
YGL129C,YDR258C,0,3.243918,0.1155378520488739,0.8397683501243591,0.6684062480926514
YML019W,YBL009W,0,3.2434616,0.11552250385284424,0.8397683501243591,0.6685066223144531
YIL002C,YJL196C,1,3.243022,0.11563993990421295,0.8407335877418518,0.6685066223144531
YLL015W,YIL064W,0,3.242848,0.11562458425760269,0.8407335877418518,0.6686069965362549
YDR257C,YGL251C,0,3.2422652,0.11560923606157303,0.8407335877418518,0.6687073707580566
YGR135W,YIL173W,0,3.2419682,0.11559389531612396,0.8407335877418518,0.6688076853752136
YKL069W,YML124C,0,3.2417612,0.1155785545706749,0.8407335877418518,0.6689080595970154
YDR437W,YOR363C,1,3.2410152,0.11569590121507645,0.8416988253593445,0.6689080595970154
YJL091C,YMR296C,1,3.2409325,0.11581321060657501,0.8426640629768372,0.6689080595970154
YER044C,YPL175W,1,3.240748,0.11593049764633179,0.8436293601989746,0.6689080595970154
YDR104C,YHR028C,0,3.2406766,0.11591511964797974,0.8436293601989746,0.6690084338188171
YOR156C,YML129C,0,3.2403624,0.11589974910020828,0.8436293601989746,0.6691088080406189
YJR096W,YBR152W,0,3.2400944,0.11588437855243683,0.8436293601989746,0.6692091822624207
YML133C,YLR360W,0,3.2394438,0.11586901545524597,0.8436293601989746,0.6693094968795776
YJR144W,YOR004W,0,3.238736,0.11585365980863571,0.8436293601989746,0.6694098711013794
YDR047W,YBL013W,0,3.2385364,0.11583830416202545,0.8436293601989746,0.6695102453231812
YML013W,YOR070C,0,3.237905,0.11582295596599579,0.8436293601989746,0.6696106195449829
YMR306W,YNL001W,0,3.2368228,0.11580760776996613,0.8436293601989746,0.6697109341621399
YDR014W,YDR088C,0,3.2367039,0.11579225957393646,0.8436293601989746,0.6698113083839417
YOR221C,YKL221W,0,3.2365599,0.115776926279068,0.8436293601989746,0.6699116826057434
YPL177C,YOL071W,0,3.2362695,0.11576159298419952,0.8436293601989746,0.6700120568275452
YMR290C,YDR153C,0,3.2359376,0.11574625968933105,0.8436293601989746,0.6701124310493469
YBR210W,YGR098C,0,3.235868,0.11573093384504318,0.8436293601989746,0.6702127456665039
YPR063C,YPL140C,0,3.2348745,0.11571560800075531,0.8436293601989746,0.6703131198883057
YLR355C,YPR048W,0,3.2346554,0.11570028960704803,0.8436293601989746,0.6704134941101074
YDR189W,YPL009C,0,3.23463,0.11568497866392136,0.8436293601989746,0.6705138683319092
YDR446W,YLR078C,0,3.2337954,0.11566966772079468,0.8436293601989746,0.6706141829490662
YGL089C,YCL067C,0,3.233139,0.115654356777668,0.8436293601989746,0.6707145571708679
YKL146W,YBR044C,0,3.2327337,0.11563906073570251,0.8436293601989746,0.6708149313926697
YGL047W,YGL232W,0,3.2322822,0.11562375724315643,0.8436293601989746,0.6709153056144714
YML034W,YLR382C,0,3.231811,0.11560846865177155,0.8436293601989746,0.6710156798362732
YMR059W,YLR058C,0,3.2317445,0.11559317260980606,0.8436293601989746,0.6711159944534302
YBL087C,YDR217C,0,3.2310858,0.11557789146900177,0.8436293601989746,0.6712163686752319
YGR266W,YFR003C,0,3.2301507,0.11556261032819748,0.8436293601989746,0.6713167428970337
YOR157C,YER129W,0,3.2299225,0.11554732918739319,0.8436293601989746,0.6714171171188354
YLR240W,YMR008C,1,3.229434,0.11566424369812012,0.8445945978164673,0.6714171171188354
YPL074W,YLR413W,0,3.2289755,0.11564895510673523,0.8445945978164673,0.6715174913406372
YLR118C,YJR089W,0,3.228847,0.11563367396593094,0.8445945978164673,0.6716178059577942
YDR456W,YDR270W,0,3.2281122,0.11561839282512665,0.8445945978164673,0.671718180179596
YMR072W,YPR133C,0,3.22807,0.11560311913490295,0.8445945978164673,0.6718185544013977
YOR140W,YPR133C,0,3.2279365,0.11558784544467926,0.8445945978164673,0.6719189286231995
YBL038W,YBL050W,0,3.2278438,0.11557257920503616,0.8445945978164673,0.6720192432403564
YBL093C,YOL016C,0,3.2272756,0.11555731296539307,0.8445945978164673,0.6721196174621582
YDR372C,YNL133C,0,3.2271798,0.11554205417633057,0.8445945978164673,0.67221999168396
YPL177C,YPL021W,0,3.22687,0.11552680283784866,0.8445945978164673,0.6723203659057617
YER061C,YBR004C,1,3.226819,0.11564356088638306,0.84555983543396,0.6723203659057617
YJR150C,YOR319W,0,3.2267237,0.11562830209732056,0.84555983543396,0.6724207401275635
YML059C,YBR204C,1,3.2266324,0.11574501544237137,0.8465250730514526,0.6724207401275635
YJR076C,YBL016W,0,3.224116,0.11572974175214767,0.8465250730514526,0.6725210547447205
YJL209W,YDR318W,0,3.2231758,0.11571447551250458,0.8465250730514526,0.6726214289665222
YPR140W,YOR245C,1,3.2228918,0.11583113670349121,0.8474903702735901,0.6726214289665222
YPL023C,YLR201C,0,3.2217827,0.11581585556268692,0.8474903702735901,0.672721803188324
YGR266W,YGR192C,0,3.2212229,0.11580058187246323,0.8474903702735901,0.6728221774101257
YBR029C,YDR213W,1,3.2208278,0.11591718345880508,0.8484556078910828,0.6728221774101257
YPL144W,YLL035W,0,3.2199767,0.1159019023180008,0.8484556078910828,0.6729224920272827
YPR140W,YIL136W,0,3.2196133,0.1158866211771965,0.8484556078910828,0.6730228662490845
YDR200C,YGL227W,0,3.219327,0.11587134003639221,0.8484556078910828,0.6731232404708862
YLR341W,YHL040C,0,3.2193131,0.11585606634616852,0.8484556078910828,0.673223614692688
YDR408C,YNL152W,0,3.2191193,0.11584080010652542,0.8484556078910828,0.6733239889144897
YDR329C,YLR090W,0,3.2189164,0.11582553386688232,0.8484556078910828,0.6734243035316467
YKL179C,YLR364W,0,3.2176557,0.11581027507781982,0.8484556078910828,0.6735246777534485
YGL025C,YMR197C,0,3.215876,0.11579502373933792,0.8484556078910828,0.6736250519752502
YGL104C,YBR280C,0,3.2157161,0.11577976495027542,0.8484556078910828,0.673725426197052
YER086W,YFR016C,0,3.2155519,0.11576452106237411,0.8484556078910828,0.6738258004188538
YLR356W,YML059C,0,3.2150364,0.11574927717447281,0.8484556078910828,0.6739261150360107
YLR370C,YMR050C,0,3.212672,0.1157340332865715,0.8484556078910828,0.6740264892578125
YPL089C,YFR015C,0,3.2111425,0.1157187968492508,0.8484556078910828,0.6741268634796143
YDR515W,YNL097C,0,3.2104204,0.11570356786251068,0.8484556078910828,0.674227237701416
YMR311C,YML055W,0,3.2103443,0.11568833887577057,0.8484556078910828,0.674327552318573
YGL039W,YLR287C-A,0,3.2103293,0.11567311733961105,0.8484556078910828,0.6744279265403748
YIL144W,YDR507C,0,3.209907,0.11565789580345154,0.8484556078910828,0.6745283007621765
YKL028W,YGL076C,0,3.2098818,0.11564268171787262,0.8484556078910828,0.6746286749839783
YDR381W,YDR139C,0,3.209634,0.1156274676322937,0.8484556078910828,0.67472904920578
YNL287W,YNR032C-A,0,3.209122,0.11561226099729538,0.8484556078910828,0.674829363822937
YMR060C,YPL178W,0,3.209105,0.11559705436229706,0.8484556078910828,0.6749297380447388
YJR019C,YKL140W,1,3.2085898,0.11571334302425385,0.8494208455085754,0.6749297380447388
YDR255C,YNL094W,0,3.2078264,0.11569813638925552,0.8494208455085754,0.6750301122665405
YLR052W,YMR021C,0,3.2076502,0.1156829223036766,0.8494208455085754,0.6751304864883423
YBR176W,YGR078C,0,3.2069407,0.11566771566867828,0.8494208455085754,0.675230860710144
YOR367W,YDR379W,0,3.2066128,0.11565251648426056,0.8494208455085754,0.675331175327301
YMR047C,YJL008C,0,3.205585,0.11563731729984283,0.8494208455085754,0.6754315495491028
YNL251C,YLL031C,0,3.2053351,0.1156221255660057,0.8494208455085754,0.6755319237709045
YER166W,YGL131C,0,3.2043262,0.11560693383216858,0.8494208455085754,0.6756322979927063
YLL014W,YLR044C,0,3.2041106,0.11559174954891205,0.8494208455085754,0.6757326126098633
YNL246W,YBR049C,0,3.2024927,0.11557657271623611,0.8494208455085754,0.675832986831665
YKR060W,YJL197W,0,3.2024293,0.11556138843297958,0.8494208455085754,0.6759333610534668
YJL093C,YGR278W,0,3.2021456,0.11554621905088425,0.8494208455085754,0.6760337352752686
YER106W,YNR038W,0,3.2010767,0.11553104966878891,0.8494208455085754,0.6761341094970703
YJL139C,YNL339C,0,3.2008271,0.11551588028669357,0.8494208455085754,0.6762344241142273
YPL148C,YBL019W,0,3.1981177,0.11550071835517883,0.8494208455085754,0.676334798336029
YBR091C,YML113W,0,3.1981173,0.11548556387424469,0.8494208455085754,0.6764351725578308
YJR017C,YKR085C,0,3.1970878,0.11547040939331055,0.8494208455085754,0.6765355467796326
YML011C,YPR003C,0,3.197033,0.115455262362957,0.8494208455085754,0.6766358613967896
YDR180W,YBR254C,0,3.1967502,0.11544011533260345,0.8494208455085754,0.6767362356185913
YKR065C,YDR065W,0,3.1966507,0.1154249757528305,0.8494208455085754,0.6768366098403931
YPL055C,YLR371W,0,3.1965737,0.11540983617305756,0.8494208455085754,0.6769369840621948
YOR298W,YJL062W,1,3.1964164,0.11552583426237106,0.8503860831260681,0.6769369840621948
YDL093W,YAR014C,0,3.1963277,0.11551068723201752,0.8503860831260681,0.6770373582839966
YLR240W,YDR096W,1,3.1952796,0.11562664061784744,0.8513513803482056,0.6770373582839966
YLL052C,YGL155W,0,3.1952598,0.1156114861369133,0.8513513803482056,0.6771376729011536
YMR163C,YMR312W,0,3.194789,0.11559633165597916,0.8513513803482056,0.6772380471229553
YGR189C,YHR003C,0,3.1945043,0.11558118462562561,0.8513513803482056,0.6773384213447571
YDL072C,YDL065C,0,3.1936102,0.11556603759527206,0.8513513803482056,0.6774387955665588
YDR466W,YDL247W,0,3.1929135,0.11555089801549911,0.8513513803482056,0.6775391697883606
YDR264C,YKL149C,0,3.192596,0.11553575843572617,0.8513513803482056,0.6776394844055176
YMR130W,YGL208W,0,3.1917448,0.11552062630653381,0.8513513803482056,0.6777398586273193
YDL222C,YIL067C,0,3.191457,0.11550550162792206,0.8513513803482056,0.6778402328491211
YER147C,YDR065W,0,3.1914358,0.1154903769493103,0.8513513803482056,0.6779406070709229
YPR140W,YBR056W,0,3.1905873,0.11547525227069855,0.8513513803482056,0.6780409216880798
YPL033C,YPL209C,0,3.1902804,0.11546013504266739,0.8513513803482056,0.6781412959098816
YKR083C,YGR262C,0,3.1898665,0.11544502526521683,0.8513513803482056,0.6782416701316833
YDL159W,YIL050W,0,3.1895518,0.11542991548776627,0.8513513803482056,0.6783420443534851
YGL173C,YHL019C,0,3.1891541,0.1154148131608963,0.8513513803482056,0.6784424185752869
YOL077W-A,YML095C,0,3.1888256,0.11539971083402634,0.8513513803482056,0.6785427331924438
YDL030W,YOL115W,0,3.1883345,0.11538461595773697,0.8513513803482056,0.6786431074142456
YLR214W,YOR061W,0,3.1874866,0.1153695210814476,0.8513513803482056,0.6787434816360474
YJL159W,YJL083W,0,3.187416,0.11535443365573883,0.8513513803482056,0.6788438558578491
YAL053W,YLR240W,0,3.186672,0.11533934623003006,0.8513513803482056,0.6789441704750061
YNL156C,YCR008W,0,3.1863818,0.11532426625490189,0.8513513803482056,0.6790445446968079
YCR016W,YJR099W,0,3.1857426,0.11530919373035431,0.8513513803482056,0.6791449189186096
YNL023C,YLR307W,0,3.185307,0.11529412120580673,0.8513513803482056,0.6792452931404114
YAL041W,YMR170C,0,3.1850953,0.11527904868125916,0.8513513803482056,0.6793456673622131
YGR170W,YNL189W,0,3.185072,0.11526398360729218,0.8513513803482056,0.6794459819793701
YNL308C,YOR079C,0,3.1850228,0.1152489185333252,0.8513513803482056,0.6795463562011719
YJL002C,YDR280W,0,3.1848683,0.11523386836051941,0.8513513803482056,0.6796467304229736
YDL164C,YPL057C,0,3.184339,0.11521881073713303,0.8513513803482056,0.6797471046447754
YOL005C,YOR016C,0,3.1841416,0.11520376056432724,0.8513513803482056,0.6798474788665771
YMR121C,YNL209W,0,3.1836858,0.11518871784210205,0.8513513803482056,0.6799477934837341
YDL211C,YMR017W,0,3.1833858,0.11517367511987686,0.8513513803482056,0.6800481677055359
YCL017C,YER051W,0,3.1833467,0.11515863984823227,0.8513513803482056,0.6801485419273376
YER157W,YDR379W,0,3.1831126,0.11514360457658768,0.8513513803482056,0.6802489161491394
YGR165W,YJR058C,0,3.1828017,0.11512857675552368,0.8513513803482056,0.6803492307662964
YJR108W,YML127W,0,3.1819417,0.11511354893445969,0.8513513803482056,0.6804496049880981
YDR224C,YKL006C-A,0,3.1818922,0.11509852856397629,0.8513513803482056,0.6805499792098999
YLL031C,YNL115C,0,3.1817455,0.11508350819349289,0.8513513803482056,0.6806503534317017
YLR071C,YMR223W,0,3.1814537,0.11506849527359009,0.8513513803482056,0.6807507276535034
YKL101W,YHR206W,0,3.1810236,0.11505348235368729,0.8513513803482056,0.6808510422706604
YNL064C,YJL069C,0,3.1806169,0.11503847688436508,0.8513513803482056,0.6809514164924622
YDL120W,YDL150W,0,3.1804094,0.11502347141504288,0.8513513803482056,0.6810517907142639
YLR308W,YIL105C,0,3.1799195,0.11500847339630127,0.8513513803482056,0.6811521649360657
YOL144W,YBL090W,0,3.1795921,0.11499348282814026,0.8513513803482056,0.6812524795532227
YBR290W,YCR083W,0,3.179214,0.11497849225997925,0.8513513803482056,0.6813528537750244
YJR135C,YPR036W,0,3.178931,0.11496350169181824,0.8513513803482056,0.6814532279968262
YIL144W,YDR293C,0,3.1778436,0.11494851857423782,0.8513513803482056,0.6815536022186279
YCL026C-A,YGR205W,0,3.1774013,0.114933542907238,0.8513513803482056,0.6816539764404297
YDL002C,YBR218C,0,3.1773262,0.11491856724023819,0.8513513803482056,0.6817542910575867
YDR444W,YBR183W,1,3.1767597,0.11503387242555618,0.8523166179656982,0.6817542910575867
YPR010C,YPR052C,0,3.1767097,0.11501888930797577,0.8523166179656982,0.6818546652793884
YLR071C,YDR356W,0,3.175758,0.11500390619039536,0.8523166179656982,0.6819550395011902
YHR089C,YGL213C,0,3.175453,0.11498893052339554,0.8523166179656982,0.6820554137229919
YHR023W,YIL013C,0,3.1752412,0.11497395485639572,0.8523166179656982,0.6821557879447937
YDL012C,YCL031C,0,3.1744528,0.1149589866399765,0.8523166179656982,0.6822561025619507
YOL152W,YJR022W,0,3.1737518,0.11494402587413788,0.8523166179656982,0.6823564767837524
YOL065C,YOR180C,1,3.1733322,0.11505921930074692,0.8532818555831909,0.6823564767837524
YOR032C,YGL043W,0,3.1732883,0.1150442510843277,0.8532818555831909,0.6824568510055542
YNL286W,YKL116C,0,3.1727114,0.11502927541732788,0.8532818555831909,0.682557225227356
YMR257C,YPL059W,0,3.1724312,0.11501431465148926,0.8532818555831909,0.6826575398445129
YOR047C,YOR188W,0,3.1719363,0.11499934643507004,0.8532818555831909,0.6827579140663147
YHR134W,YJL014W,0,3.171019,0.11498439311981201,0.8532818555831909,0.6828582882881165
YDR142C,YPL049C,0,3.1706648,0.11496943980455399,0.8532818555831909,0.6829586625099182
YCL075W,YOL011W,0,3.1699514,0.11495448648929596,0.8532818555831909,0.68305903673172
YDL138W,YNL009W,0,3.1696358,0.11493954062461853,0.8532818555831909,0.683159351348877
YGL016W,YNL197C,0,3.1687126,0.1149245947599411,0.8532818555831909,0.6832597255706787
YER133W,YGL054C,0,3.1679106,0.11490965634584427,0.8532818555831909,0.6833600997924805
YOR273C,YIL017C,0,3.1677117,0.11489472538232803,0.8532818555831909,0.6834604740142822
YLR120C,YAL056W,0,3.1676416,0.1148797944188118,0.8532818555831909,0.683560848236084
YDR120C,YPL009C,0,3.1676357,0.11486486345529556,0.8532818555831909,0.683661162853241
YIL014W,YLR409C,0,3.1675708,0.11484993994235992,0.8532818555831909,0.6837615370750427
YKL116C,YIL069C,0,3.166034,0.11483502388000488,0.8532818555831909,0.6838619112968445
YDR176W,YER007W,0,3.1653368,0.11482010781764984,0.8532818555831909,0.6839622855186462
YOR241W,YLL018C-A,0,3.1648917,0.1148051917552948,0.8532818555831909,0.6840626001358032
YPL194W,YOL091W,0,3.1647792,0.11479029059410095,0.8532818555831909,0.684162974357605
YMR106C,YHR194W,0,3.163868,0.11477538198232651,0.8532818555831909,0.6842633485794067
YIL040W,YKR081C,0,3.1638317,0.11476048082113266,0.8532818555831909,0.6843637228012085
YOR173W,YJR089W,0,3.1634002,0.11474558711051941,0.8532818555831909,0.6844640970230103
YGL232W,YDR519W,0,3.16313,0.11473069339990616,0.8532818555831909,0.6845644116401672
YOR208W,YNL009W,0,3.162317,0.1147158071398735,0.8532818555831909,0.684664785861969
YKR064W,YNL118C,0,3.162304,0.11470092087984085,0.8532818555831909,0.6847651600837708
YGL142C,YKR067W,1,3.161734,0.11481577903032303,0.8542470932006836,0.6847651600837708
YBR026C,YJL100W,1,3.1616306,0.11493059992790222,0.8552123308181763,0.6847651600837708
YOL156W,YLR399C,0,3.161253,0.11491569131612778,0.8552123308181763,0.6848655343055725
YDR387C,YLR419W,0,3.1607246,0.11490079015493393,0.8552123308181763,0.6849658489227295
YPL022W,YBL103C,0,3.1601672,0.11488588899374008,0.8552123308181763,0.6850662231445312
YEL019C,YOR188W,0,3.159628,0.11487099528312683,0.8552123308181763,0.685166597366333
YGR162W,YNL146W,0,3.1591954,0.11485610902309418,0.8552123308181763,0.6852669715881348
YOL094C,YMR231W,0,3.1585908,0.11484121531248093,0.8552123308181763,0.6853673458099365
YPL022W,YLR439W,0,3.1578348,0.11482633650302887,0.8552123308181763,0.6854676604270935
YPL001W,YKR061W,0,3.1569757,0.11481145769357681,0.8552123308181763,0.6855680346488953
YDR367W,YDR485C,0,3.1566517,0.11479657888412476,0.8552123308181763,0.685668408870697
YMR086W,YPL157W,0,3.1564355,0.1147817075252533,0.8552123308181763,0.6857687830924988
YDR110W,YNL180C,0,3.1561894,0.11476683616638184,0.8552123308181763,0.6858691573143005
YDR253C,YDR338C,0,3.1561847,0.11475197225809097,0.8552123308181763,0.6859694719314575
YFR042W,YLR013W,0,3.15526,0.1147371158003807,0.8552123308181763,0.6860698461532593
YDL122W,YOR068C,0,3.1546462,0.11472225934267044,0.8552123308181763,0.686170220375061
YGL038C,YGL044C,0,3.1544995,0.11470740288496017,0.8552123308181763,0.6862705945968628
YER122C,YDR329C,0,3.1536984,0.1146925538778305,0.8552123308181763,0.6863709092140198
YHL013C,YPL088W,0,3.1531959,0.11467771232128143,0.8552123308181763,0.6864712834358215
YDR506C,YOR009W,0,3.153088,0.11466287076473236,0.8552123308181763,0.6865716576576233
YJL121C,YMR236W,0,3.1525254,0.11464803665876389,0.8552123308181763,0.686672031879425
YLL021W,YLR138W,0,3.1525073,0.11463320255279541,0.8552123308181763,0.6867724061012268
YIL016W,YDL130W,0,3.151949,0.11461836844682693,0.8552123308181763,0.6868727207183838
YLR017W,YNL275W,0,3.1517143,0.11460354179143906,0.8552123308181763,0.6869730949401855
YIL157C,YJL104W,0,3.1516933,0.11458872258663177,0.8552123308181763,0.6870734691619873
YBR168W,YCR044C,0,3.1492553,0.1145739033818245,0.8552123308181763,0.6871738433837891
YNL212W,YEL064C,0,3.14897,0.11455909162759781,0.8552123308181763,0.687274158000946
YGR106C,YLR343W,0,3.1481872,0.11454427987337112,0.8552123308181763,0.6873745322227478
YFR016C,YPL181W,0,3.147867,0.11452947556972504,0.8552123308181763,0.6874749064445496
YER078C,YIL015W,0,3.1478434,0.11451467126607895,0.8552123308181763,0.6875752806663513
YPL155C,YHR201C,0,3.1474848,0.11449987441301346,0.8552123308181763,0.6876756548881531
YPR007C,YJL026W,0,3.1466227,0.11448507755994797,0.8552123308181763,0.6877759695053101
YBR123C,YAL021C,0,3.1449795,0.11447028070688248,0.8552123308181763,0.6878763437271118
YDR346C,YLR293C,0,3.144167,0.11445549875497818,0.8552123308181763,0.6879767179489136
YLR207W,YLR102C,0,3.1438413,0.11444070935249329,0.8552123308181763,0.6880770921707153
YBR078W,YBL082C,0,3.1436262,0.11442593485116959,0.8552123308181763,0.6881774663925171
YJR091C,YPL003W,0,3.1436198,0.11441116034984589,0.8552123308181763,0.6882777810096741
YDR265W,YGR013W,0,3.1424732,0.11439638584852219,0.8552123308181763,0.6883781552314758
YJR089W,YDL031W,0,3.1422074,0.11438161879777908,0.8552123308181763,0.6884785294532776
YIL002C,YOR317W,1,3.141708,0.11449593305587769,0.8561776280403137,0.6884785294532776
YDR115W,YGR123C,0,3.1409483,0.11448115855455399,0.8561776280403137,0.6885789036750793
YML093W,YGR098C,0,3.1402557,0.11446638405323029,0.8561776280403137,0.6886792182922363
YGL124C,YOR059C,0,3.140162,0.11445160955190659,0.8561776280403137,0.6887795925140381
YJR042W,YML127W,0,3.13943,0.11443684995174408,0.8561776280403137,0.6888799667358398
YOR130C,YPL006W,0,3.1389606,0.11442208290100098,0.8561776280403137,0.6889803409576416
YPR096C,YHL044W,0,3.138891,0.11440732330083847,0.8561776280403137,0.6890807151794434
YPL017C,YPL048W,0,3.1373491,0.11439257115125656,0.8561776280403137,0.6891810297966003
YBR218C,YPL226W,0,3.136852,0.11437781900167465,0.8561776280403137,0.6892814040184021
YOR241W,YCL059C,0,3.136629,0.11436307430267334,0.8561776280403137,0.6893817782402039
YGL018C,YBR160W,0,3.1365054,0.11434832960367203,0.8561776280403137,0.6894821524620056
YKR086W,YML022W,0,3.1358771,0.11433359235525131,0.8561776280403137,0.6895825266838074
YMR060C,YJL189W,0,3.1352687,0.1143188551068306,0.8561776280403137,0.6896828413009644
YJR042W,YPL192C,0,3.1335778,0.11430412530899048,0.8561776280403137,0.6897832155227661
YGL125W,YBR236C,0,3.131833,0.11428939551115036,0.8561776280403137,0.6898835897445679
YKR098C,YMR156C,0,3.131796,0.11427467316389084,0.8561776280403137,0.6899839639663696
YGL059W,YNL139C,0,3.1304345,0.11425995081663132,0.8561776280403137,0.6900842785835266
YBR042C,YBL011W,1,3.1302915,0.11437403410673141,0.8571428656578064,0.6900842785835266
YHR013C,YBL023C,0,3.1298847,0.1143593043088913,0.8571428656578064,0.6901846528053284
YJR065C,YOR211C,0,3.12979,0.11434458196163177,0.8571428656578064,0.6902850270271301
YHL050C,YER127W,0,3.129358,0.11432985961437225,0.8571428656578064,0.6903854012489319
YDR162C,YJR089W,0,3.1279633,0.11431513726711273,0.8571428656578064,0.6904857754707336
YDR147W,YHL020C,1,3.1268265,0.11442913860082626,0.8581081032752991,0.6904857754707336
YOR025W,YOR377W,1,3.1266437,0.114543117582798,0.8590733408927917,0.6904857754707336
YMR278W,YAL015C,0,3.126587,0.11452837288379669,0.8590733408927917,0.6905860900878906
YHR206W,YPR016C,0,3.1264057,0.11451363563537598,0.8590733408927917,0.6906864643096924
YJR054W,YDR323C,0,3.1260188,0.11449890583753586,0.8590733408927917,0.6907868385314941
YJR126C,YKL059C,0,3.1256201,0.11448417603969574,0.8590733408927917,0.6908872127532959
YGR067C,YJR041C,0,3.1254985,0.11446945369243622,0.8590733408927917,0.6909875273704529
YER048C,YNR033W,0,3.1253638,0.1144547313451767,0.8590733408927917,0.6910879015922546
YHL009C,YIL098C,0,3.1252465,0.11444001644849777,0.8590733408927917,0.6911882758140564
YMR079W,YBR098W,0,3.1250577,0.11442530155181885,0.8590733408927917,0.6912886500358582
YPL030W,YJL104W,0,3.124319,0.11441059410572052,0.8590733408927917,0.6913890242576599
YGR262C,YDL092W,0,3.1238542,0.11439588665962219,0.8590733408927917,0.6914893388748169
YER074W-A,YBL022C,0,3.123713,0.11438118666410446,0.8590733408927917,0.6915897130966187
YBR208C,YCR020W-B,0,3.1236496,0.11436648666858673,0.8590733408927917,0.6916900873184204
YDL124W,YJR088C,0,3.123066,0.1143517941236496,0.8590733408927917,0.6917904615402222
YDR463W,YER041W,0,3.122793,0.11433710157871246,0.8590733408927917,0.6918908357620239
YLR288C,YBR112C,0,3.1219363,0.11432241648435593,0.8590733408927917,0.6919911503791809
YEL048C,YBL051C,0,3.121129,0.11430773138999939,0.8590733408927917,0.6920915246009827
YGR062C,YPR098C,0,3.1209397,0.11429305374622345,0.8590733408927917,0.6921918988227844
YMR048W,YKL081W,0,3.1206446,0.11427837610244751,0.8590733408927917,0.6922922730445862
YDR176W,YHR118C,0,3.1201272,0.11426370590925217,0.8590733408927917,0.6923925876617432
YGL047W,YGR223C,0,3.1196315,0.11424903571605682,0.8590733408927917,0.6924929618835449
YGR177C,YGR216C,1,3.1170552,0.11436272412538528,0.8600386381149292,0.6924929618835449
YER093C,YNL058C,0,3.116631,0.11434804648160934,0.8600386381149292,0.6925933361053467
YPL097W,YMR221C,0,3.1147711,0.114333376288414,0.8600386381149292,0.6926937103271484
YGL115W,YPL024W,0,3.1146681,0.11431870609521866,0.8600386381149292,0.6927940845489502
YDR191W,YNR038W,0,3.1135216,0.11430404335260391,0.8600386381149292,0.6928943991661072
YLL011W,YNL054W,0,3.1132693,0.11428938060998917,0.8600386381149292,0.6929947733879089
YMR023C,YEL065W,0,3.1130092,0.11427471786737442,0.8600386381149292,0.6930951476097107
YNR033W,YMR288W,0,3.112773,0.11426007002592087,0.8600386381149292,0.6931955218315125
YDR301W,YPL040C,0,3.1127646,0.11424541473388672,0.8600386381149292,0.6932958364486694
YDL060W,YPL158C,0,3.1125147,0.11423076689243317,0.8600386381149292,0.6933962106704712
YCR094W,YGL232W,0,3.112309,0.11421612650156021,0.8600386381149292,0.693496584892273
YBR018C,YOL092W,0,3.1115794,0.11420148611068726,0.8600386381149292,0.6935969591140747
YCR065W,YLR023C,0,3.1105418,0.1141868531703949,0.8600386381149292,0.6936973333358765
YFR005C,YPR133C,0,3.1097922,0.11417222023010254,0.8600386381149292,0.6937976479530334
YOR246C,YMR133W,0,3.109118,0.11415759474039078,0.8600386381149292,0.6938980221748352
YMR127C,YDL231C,0,3.109033,0.11414296925067902,0.8600386381149292,0.693998396396637
YJL198W,YOR330C,0,3.1089306,0.11412834376096725,0.8600386381149292,0.6940987706184387
YFR010W,YDL204W,0,3.107525,0.11411373317241669,0.8600386381149292,0.6941991448402405
YPL089C,YHR034C,0,3.1072245,0.11409911513328552,0.8600386381149292,0.6942994594573975
YBR119W,YPL221W,0,3.10709,0.11408450454473495,0.8600386381149292,0.6943998336791992
YDR447C,YBR164C,0,3.1065717,0.11406990140676498,0.8600386381149292,0.694500207901001
YNL053W,YGR014W,0,3.106512,0.11405529826879501,0.8600386381149292,0.6946005821228027
YCL010C,YEL026W,0,3.1059585,0.11404070258140564,0.8600386381149292,0.6947008967399597
YER148W,YIL110W,0,3.105337,0.11402610689401627,0.8600386381149292,0.6948012709617615
YOR180C,YOR221C,1,3.1051295,0.11413947492837906,0.8610038757324219,0.6948012709617615
YHR009C,YNL275W,0,3.1044745,0.11412487179040909,0.8610038757324219,0.6949016451835632
YAR018C,YKL127W,0,3.104113,0.11411027610301971,0.8610038757324219,0.695002019405365
YIL150C,YLR449W,0,3.1039698,0.11409567296504974,0.8610038757324219,0.6951023936271667
YKR019C,YOL101C,1,3.103187,0.11420898139476776,0.8619691133499146,0.6951023936271667
YIL013C,YIL082W-A,0,3.103163,0.1141943708062172,0.8619691133499146,0.6952027082443237
YHR036W,YKR037C,0,3.1029367,0.11417977511882782,0.8619691133499146,0.6953030824661255
YDR198C,YGL044C,0,3.1027899,0.11416517198085785,0.8619691133499146,0.6954034566879272
YMR165C,YNL181W,0,3.1020718,0.11415058374404907,0.8619691133499146,0.695503830909729
YIL090W,YHR113W,0,3.1018991,0.1141359955072403,0.8619691133499146,0.695604145526886
YHL009C,YLL001W,0,3.1008797,0.11412140727043152,0.8619691133499146,0.6957045197486877
YGL076C,YLR413W,0,3.1008363,0.11410682648420334,0.8619691133499146,0.6958048939704895
YBR045C,YGR142W,0,3.1004753,0.11409224569797516,0.8619691133499146,0.6959052681922913
YGR283C,YOL113W,0,3.1003306,0.11407767236232758,0.8619691133499146,0.696005642414093
YFL037W,YAL043C,0,3.1002336,0.11406309902667999,0.8619691133499146,0.69610595703125
YHL024W,YHL019C,0,3.0992627,0.114048533141613,0.8619691133499146,0.6962063312530518
YDR342C,YKR085C,0,3.0985475,0.11403396725654602,0.8619691133499146,0.6963067054748535
YDR489W,YDL025C,0,3.0984635,0.11401940882205963,0.8619691133499146,0.6964070796966553
YCL048W,YOR384W,0,3.0983455,0.11400485038757324,0.8619691133499146,0.696507453918457
YOL127W,YER031C,0,3.0979946,0.11399029940366745,0.8619691133499146,0.696607768535614
YGL100W,YNL090W,0,3.0974913,0.11397574841976166,0.8619691133499146,0.6967081427574158
YDR347W,YDL066W,0,3.0969565,0.11396120488643646,0.8619691133499146,0.6968085169792175
YBR065C,YKL213C,0,3.0964131,0.11394666135311127,0.8619691133499146,0.6969088912010193
YLR006C,YOL128C,0,3.095857,0.11393212527036667,0.8619691133499146,0.6970092058181763
YGL232W,YMR156C,0,3.0952144,0.11391758918762207,0.8619691133499146,0.697109580039978
YIL130W,YCR068W,0,3.0949492,0.11390306055545807,0.8619691133499146,0.6972099542617798
YCR027C,YDL136W,0,3.0948696,0.11388853192329407,0.8619691133499146,0.6973103284835815
YLR071C,YFL009W,0,3.0947402,0.11387401074171066,0.8619691133499146,0.6974107027053833
YPL061W,YDR280W,0,3.0941496,0.11385948956012726,0.8619691133499146,0.6975110173225403
YOL096C,YGL153W,0,3.0941308,0.11384497582912445,0.8619691133499146,0.697611391544342
YMR015C,YJR054W,0,3.0933878,0.11383046209812164,0.8619691133499146,0.6977117657661438
YBL102W,YIL157C,0,3.092299,0.11381595581769943,0.8619691133499146,0.6978121399879456
YIL127C,YLR446W,0,3.0920632,0.11380144953727722,0.8619691133499146,0.6979125142097473
YHL050C,YKL114C,0,3.0899591,0.11378695070743561,0.8619691133499146,0.6980128288269043
YKL045W,YDL127W,0,3.0897803,0.113772451877594,0.8619691133499146,0.698113203048706
YJR150C,YLR044C,0,3.0880704,0.11375796049833298,0.8619691133499146,0.6982135772705078
YMR215W,YBL071W-A,0,3.088068,0.11374346911907196,0.8619691133499146,0.6983139514923096
YIL093C,YEL051W,0,3.0876675,0.11372898519039154,0.8619691133499146,0.6984142661094666
YJL203W,YPL023C,0,3.0863547,0.11371450126171112,0.8619691133499146,0.6985146403312683
YBR211C,YPL153C,0,3.0853477,0.1137000247836113,0.8619691133499146,0.6986150145530701
YJR135W-A,YDL231C,0,3.0853262,0.11368554830551147,0.8619691133499146,0.6987153887748718
YDR536W,YOR113W,0,3.0847206,0.11367107927799225,0.8619691133499146,0.6988157629966736
YGL144C,YKL182W,1,3.0844507,0.11378388851881027,0.8629343509674072,0.6988157629966736
YKL134C,YGR194C,0,3.0842333,0.11376940459012985,0.8629343509674072,0.6989160776138306
YDR287W,YLR127C,0,3.0833294,0.11375492811203003,0.8629343509674072,0.6990164518356323
YMR236W,YCR105W,0,3.0826461,0.1137404590845108,0.8629343509674072,0.6991168260574341
YOR269W,YGL126W,0,3.081756,0.11372599005699158,0.8629343509674072,0.6992172002792358
YCL052C,YAL013W,1,3.0808287,0.11383871734142303,0.8638995885848999,0.6992172002792358
YDL243C,YBR175W,0,3.0806932,0.11382424086332321,0.8638995885848999,0.6993175148963928
YJR110W,YNL267W,1,3.0805554,0.11393693089485168,0.8648648858070374,0.6993175148963928
YGR218W,YPR185W,0,3.0791721,0.11392243951559067,0.8648648858070374,0.6994178891181946
YMR015C,YML018C,0,3.0790195,0.11390795558691025,0.8648648858070374,0.6995182633399963
YER005W,YKR019C,1,3.0788345,0.11402059346437454,0.86583012342453,0.6995182633399963
YNL065W,YNL152W,0,3.07873,0.11400610208511353,0.86583012342453,0.6996186375617981
YGR223C,YJL137C,0,3.0768607,0.11399161070585251,0.86583012342453,0.6997190117835999
YPR033C,YDL229W,0,3.0767689,0.11397712677717209,0.86583012342453,0.6998193264007568
YBL037W,YPL246C,0,3.0760238,0.11396265029907227,0.86583012342453,0.6999197006225586
YHR203C,YMR024W,0,3.075568,0.11394817382097244,0.86583012342453,0.7000200748443604
YNL106C,YKL042W,0,3.0755248,0.11393369734287262,0.86583012342453,0.7001204490661621
YNL310C,YLR319C,0,3.0754142,0.1139192283153534,0.86583012342453,0.7002208232879639
YGR004W,YKL216W,0,3.074986,0.11390475928783417,0.86583012342453,0.7003211379051208
YNL039W,YMR216C,0,3.0748687,0.11389029771089554,0.86583012342453,0.7004215121269226
YDR289C,YDR191W,0,3.074791,0.1138758435845375,0.86583012342453,0.7005218863487244
YDR231C,YOL071W,0,3.0743942,0.11386138945817947,0.86583012342453,0.7006222605705261
YMR002W,YHR203C,0,3.073689,0.11384693533182144,0.86583012342453,0.7007225751876831
YKL141W,YOL084W,0,3.0724869,0.113832488656044,0.86583012342453,0.7008229494094849
YHR072W,YBR265W,1,3.072431,0.11394493281841278,0.8667953610420227,0.7008229494094849
YBR158W,YMR221C,0,3.0723393,0.11393047124147415,0.8667953610420227,0.7009233236312866
YER087C-A,YMR074C,0,3.0716538,0.11391602456569672,0.8667953610420227,0.7010236978530884
YGL076C,YEL020W-A,0,3.0711467,0.11390157043933868,0.8667953610420227,0.7011240720748901
YNL317W,YIL162W,0,3.0710673,0.11388712376356125,0.8667953610420227,0.7012243866920471
YLR207W,YMR135C,0,3.0703812,0.11387268453836441,0.8667953610420227,0.7013247609138489
YNL072W,YBR205W,0,3.0702295,0.11385824531316757,0.8667953610420227,0.7014251351356506
YBR110W,YOR245C,1,3.0695038,0.11397058516740799,0.8677605986595154,0.7014251351356506
YOR090C,YMR293C,0,3.0684743,0.11395613849163055,0.8677605986595154,0.7015255093574524
YDR398W,YOR016C,0,3.068319,0.11394169926643372,0.8677605986595154,0.7016258239746094
YGR186W,YGR017W,0,3.0681205,0.11392726004123688,0.8677605986595154,0.7017261981964111
YLR362W,YGR005C,0,3.0673473,0.11391282081604004,0.8677605986595154,0.7018265724182129
YOR075W,YKR018C,0,3.0668895,0.1138983890414238,0.8677605986595154,0.7019269466400146
YER071C,YNL326C,0,3.0667105,0.11388396471738815,0.8677605986595154,0.7020273208618164
YBR160W,YLR119W,0,3.065802,0.11386954039335251,0.8677605986595154,0.7021276354789734
YGR007W,YMR296C,1,3.0654664,0.11398176103830338,0.8687258958816528,0.7021276354789734
YJL062W,YHR031C,0,3.0649214,0.11396732926368713,0.8687258958816528,0.7022280097007751
YER144C,YIL090W,0,3.0640492,0.11395289748907089,0.8687258958816528,0.7023283839225769
YPL212C,YLR233C,0,3.0632823,0.11393847316503525,0.8687258958816528,0.7024287581443787
YOL100W,YFL055W,0,3.061295,0.1139240488409996,0.8687258958816528,0.7025291323661804
YFR032C-A,YDR379W,0,3.0600572,0.11390963196754456,0.8687258958816528,0.7026294469833374
YIR008C,YJR002W,0,3.0586584,0.11389521509408951,0.8687258958816528,0.7027298212051392
YPL079W,YKL116C,0,3.057614,0.11388080567121506,0.8687258958816528,0.7028301954269409
YPR168W,YKR042W,0,3.0568645,0.1138663962483406,0.8687258958816528,0.7029305696487427
YIL148W,YKL149C,0,3.0558748,0.11385199427604675,0.8687258958816528,0.7030308842658997
YPL063W,YFL024C,0,3.055401,0.1138375923037529,0.8687258958816528,0.7031312584877014
YDR338C,YER026C,0,3.0552366,0.11382319778203964,0.8687258958816528,0.7032316327095032
YAR014C,YNL301C,0,3.0540671,0.11380880326032639,0.8687258958816528,0.7033320069313049
YPL164C,YGR098C,0,3.0539002,0.11379440873861313,0.8687258958816528,0.7034323811531067
YNL190W,YOR207C,0,3.052137,0.11378002166748047,0.8687258958816528,0.7035326957702637
YDR085C,YBR132C,0,3.0513248,0.1137656420469284,0.8687258958816528,0.7036330699920654
YEL050C,YGL070C,0,3.051206,0.11375126242637634,0.8687258958816528,0.7037334442138672
YER119C,YJL181W,0,3.0510817,0.11373689025640488,0.8687258958816528,0.703833818435669
YBR097W,YGR087C,0,3.0510495,0.11372251808643341,0.8687258958816528,0.7039341926574707
YGL231C,YJR046W,0,3.048442,0.11370814591646194,0.8687258958816528,0.7040345072746277
YLR318W,YGR295C,0,3.048132,0.11369378119707108,0.8687258958816528,0.7041348814964294
YOR076C,YLR413W,0,3.0475805,0.1136794239282608,0.8687258958816528,0.7042352557182312
YCL029C,YBR180W,0,3.0474653,0.11366506665945053,0.8687258958816528,0.704335629940033
YLR355C,YLR333C,0,3.0468388,0.11365071684122086,0.8687258958816528,0.7044359445571899
YNL103W,YKL008C,0,3.0467162,0.11363636702299118,0.8687258958816528,0.7045363187789917
YGR061C,YJR056C,0,3.0464158,0.1136220172047615,0.8687258958816528,0.7046366930007935
YMR224C,YER139C,0,3.0462694,0.11360767483711243,0.8687258958816528,0.7047370672225952
YEL024W,YPR097W,0,3.0449882,0.11359333246946335,0.8687258958816528,0.704837441444397
YLR102C,YGR247W,0,3.0438266,0.11357899755239487,0.8687258958816528,0.704937756061554
YLR272C,YDR011W,0,3.0430875,0.11356467008590698,0.8687258958816528,0.7050381302833557
YKL062W,YML104C,0,3.0428839,0.1135503426194191,0.8687258958816528,0.7051385045051575
YIL013C,YOR303W,0,3.0415268,0.11353601515293121,0.8687258958816528,0.7052388787269592
YJR029W,YPR004C,0,3.0412323,0.11352169513702393,0.8687258958816528,0.7053391933441162
YLR242C,YBL082C,1,3.0408387,0.11363349854946136,0.8696911334991455,0.7053391933441162
YML127W,YER139C,0,3.0407481,0.11361917108297348,0.8696911334991455,0.705439567565918
YJR091C,YAL012W,0,3.0396407,0.1136048436164856,0.8696911334991455,0.7055399417877197
YLR118C,YLR364W,0,3.039486,0.11359051614999771,0.8696911334991455,0.7056403160095215
YJL151C,YDR200C,0,3.0393848,0.11357620358467102,0.8696911334991455,0.7057406902313232
YER032W,YLR170C,0,3.0393724,0.11356188356876373,0.8696911334991455,0.7058410048484802
YBL054W,YBL045C,0,3.037876,0.11354757100343704,0.8696911334991455,0.705941379070282
YMR076C,YFR027W,0,3.0376096,0.11353326588869095,0.8696911334991455,0.7060417532920837
YPL021W,YFL009W,0,3.0366068,0.11351896077394485,0.8696911334991455,0.7061421275138855
YKL062W,YLL026W,0,3.036306,0.11350466310977936,0.8696911334991455,0.7062425017356873
YPL006W,YLR386W,1,3.0353384,0.11361632496118546,0.8706563711166382,0.7062425017356873
YOR014W,YBR058C-A,0,3.034937,0.11360201239585876,0.8706563711166382,0.7063428163528442
YFR010W,YMR053C,0,3.0348878,0.11358770728111267,0.8706563711166382,0.706443190574646
YLR222C,YDL175C,0,3.0348406,0.11357340961694717,0.8706563711166382,0.7065435647964478
YKR001C,YDR175C,0,3.034667,0.11355911195278168,0.8706563711166382,0.7066439390182495
YLR067C,YGR090W,0,3.0330594,0.11354481428861618,0.8706563711166382,0.7067442536354065
YGL092W,YHR140W,0,3.0328774,0.11353052407503128,0.8706563711166382,0.7068446278572083
YKL017C,YBR028C,0,3.0322778,0.11351623386144638,0.8706563711166382,0.70694500207901
YNL001W,YIL069C,0,3.0319262,0.11350195109844208,0.8706563711166382,0.7070453763008118
YAL035W,YPL045W,0,3.0316823,0.11348766833543777,0.8706563711166382,0.7071457505226135
YBR245C,YIL114C,0,3.0313911,0.11347339302301407,0.8706563711166382,0.7072460651397705
YJR086W,YPL047W,0,3.030315,0.11345911771059036,0.8706563711166382,0.7073464393615723
YDL239C,YCR010C,0,3.0301318,0.11344484984874725,0.8706563711166382,0.707446813583374
YJL186W,YBR069C,0,3.0300097,0.11343058198690414,0.8706563711166382,0.7075471878051758
YNL292W,YMR283C,0,3.0295253,0.11341632157564163,0.8706563711166382,0.7076475024223328
YNR024W,YPL088W,0,3.0290337,0.11340206116437912,0.8706563711166382,0.7077478766441345
YMR204C,YKL039W,0,3.028267,0.1133878082036972,0.8706563711166382,0.7078482508659363
YMR234W,YPL057C,0,3.0282302,0.11337355524301529,0.8706563711166382,0.707948625087738
YGR040W,YFL025C,0,3.0260255,0.11335930973291397,0.8706563711166382,0.7080489993095398
YCL039W,YDR128W,0,3.0257027,0.11334506422281265,0.8706563711166382,0.7081493139266968
YNL041C,YDR128W,0,3.0255795,0.11333081871271133,0.8706563711166382,0.7082496881484985
YGR003W,YBL009W,0,3.0249345,0.11331658065319061,0.8706563711166382,0.7083500623703003
YCL026C-A,YGL142C,1,3.0239923,0.11342795938253403,0.8716216087341309,0.7083500623703003
YLR190W,YAL011W,0,3.0238705,0.11341371387243271,0.8716216087341309,0.708450436592102
YOR358W,YNL098C,0,3.0236335,0.11339947581291199,0.8716216087341309,0.7085508108139038
YLR433C,YHL011C,0,3.0230787,0.11338523030281067,0.8716216087341309,0.7086511254310608
YBR022W,YKL154W,0,3.0228066,0.11337099969387054,0.8716216087341309,0.7087514996528625
YNL183C,YBR272C,0,3.022521,0.11335676908493042,0.8716216087341309,0.7088518738746643
YHR033W,YDR107C,0,3.0224643,0.1133425384759903,0.8716216087341309,0.7089522480964661
YLR216C,YDL129W,0,3.0221348,0.11332831531763077,0.8716216087341309,0.709052562713623
YEL009C,YIL026C,0,3.0218282,0.11331409215927124,0.8716216087341309,0.7091529369354248
YML131W,YDR463W,0,3.0211859,0.11329987645149231,0.8716216087341309,0.7092533111572266
YKR062W,YDR328C,0,3.0210257,0.11328566074371338,0.8716216087341309,0.7093536853790283
YIL008W,YNL076W,0,3.0207443,0.11327145248651505,0.8716216087341309,0.7094540596008301
YDR176W,YNL336W,0,3.02068,0.11325724422931671,0.8716216087341309,0.7095543742179871
YER063W,YGR074W,0,3.0199537,0.11324304342269897,0.8716216087341309,0.7096547484397888
YOR019W,YDL058W,0,3.0198696,0.11322884261608124,0.8716216087341309,0.7097551226615906
YHR167W,YDR341C,0,3.019486,0.1132146418094635,0.8716216087341309,0.7098554968833923
YCR106W,YOR151C,0,3.0187528,0.11320044845342636,0.8716216087341309,0.7099558115005493
YER044C-A,YLR332W,0,3.017841,0.11318626254796982,0.8716216087341309,0.7100561857223511
YDR515W,YGL084C,0,3.0174112,0.11317207664251328,0.8716216087341309,0.7101565599441528
YDL003W,YPL038W,0,3.017376,0.11315789818763733,0.8716216087341309,0.7102569341659546
YCR028C-A,YBL003C,0,3.0171974,0.11314371973276138,0.8716216087341309,0.7103573083877563
YDR288W,YPL268W,0,3.0170555,0.11312954127788544,0.8716216087341309,0.7104576230049133
YDR027C,YDR003W,0,3.0157084,0.11311537027359009,0.8716216087341309,0.7105579972267151
YFR028C,YML087C,0,3.0141668,0.11310119926929474,0.8716216087341309,0.7106583714485168
YJL083W,YJL165C,0,3.014141,0.11308703571557999,0.8716216087341309,0.7107587456703186
YKR083C,YPR114W,0,3.0131412,0.11307287961244583,0.8716216087341309,0.7108591198921204
YGR006W,YJL168C,0,3.0123134,0.11305872350931168,0.8716216087341309,0.7109594345092773
YIL148W,YKL018W,0,3.0122776,0.11304456740617752,0.8716216087341309,0.7110598087310791
YGL206C,YHL021C,0,3.011753,0.11303041875362396,0.8716216087341309,0.7111601829528809
YGL095C,YOR383C,0,3.0104733,0.1130162701010704,0.8716216087341309,0.7112605571746826
YPR154W,YKL077W,0,3.0103016,0.11300212889909744,0.8716216087341309,0.7113608717918396
YLR158C,YOL009C,0,3.009969,0.11298798769712448,0.8716216087341309,0.7114612460136414
YPR061C,YLR399C,0,3.009796,0.11297385394573212,0.8716216087341309,0.7115616202354431
YER048C,YDR096W,0,3.0097837,0.11295972019433975,0.8716216087341309,0.7116619944572449
YHR073W,YDR018C,1,3.0097132,0.11307066679000854,0.8725868463516235,0.7116619944572449
YDL212W,YBR135W,0,3.0094504,0.11305652558803558,0.8725868463516235,0.7117623686790466
YDR444W,YPL103C,1,3.0092049,0.11316743493080139,0.873552143573761,0.7117623686790466
YLR357W,YPL051W,0,3.009036,0.11315328627824783,0.873552143573761,0.7118626832962036
YER074W-A,YPL120W,0,3.0089033,0.11313914507627487,0.873552143573761,0.7119630575180054
YJL174W,YJR068W,0,3.0084844,0.11312499642372131,0.873552143573761,0.7120634317398071
YOR131C,YOR046C,0,3.0080285,0.11311086267232895,0.873552143573761,0.7121638059616089
YHR160C,YDL156W,0,3.0079598,0.11309672892093658,0.873552143573761,0.7122641801834106
YGR235C,YDR180W,0,3.0077648,0.11308259516954422,0.873552143573761,0.7123644948005676
YLR313C,YOR233W,0,3.0071983,0.11306846886873245,0.873552143573761,0.7124648690223694
YLR453C,YLR390W-A,0,3.0059452,0.11305434256792068,0.873552143573761,0.7125652432441711
YEL001C,YNL246W,0,3.0047178,0.11304021626710892,0.873552143573761,0.7126656174659729
YCR058C,YJL129C,0,3.0045073,0.11302610486745834,0.873552143573761,0.7127659320831299
YDR001C,YER133W,0,3.0038724,0.11301198601722717,0.873552143573761,0.7128663063049316
YDR208W,YCL038C,0,3.003748,0.1129978746175766,0.873552143573761,0.7129666805267334
YAR014C,YML102W,0,3.003237,0.11298377066850662,0.873552143573761,0.7130670547485352
YJR045C,YMR067C,0,3.0029464,0.11296966671943665,0.873552143573761,0.7131674289703369
YJR047C,YOR058C,0,3.0019164,0.11295557022094727,0.873552143573761,0.7132677435874939
YLL053C,YFR042W,0,3.0012956,0.11294147372245789,0.873552143573761,0.7133681178092957
YIL150C,YKL155C,0,3.001103,0.1129273772239685,0.873552143573761,0.7134684920310974
YIL097W,YLR345W,0,3.0001678,0.11291328817605972,0.873552143573761,0.7135688662528992
YLR071C,YDL080C,0,2.999515,0.11289919912815094,0.873552143573761,0.7136691808700562
YLR258W,YKL065C,0,2.9988065,0.11288511753082275,0.873552143573761,0.7137695550918579
YHR033W,YDR180W,0,2.9980686,0.11287104338407516,0.873552143573761,0.7138699293136597
YDR093W,YDR334W,0,2.9979281,0.11285696178674698,0.873552143573761,0.7139703035354614
YLR328W,YHR118C,0,2.9975896,0.11284289509057999,0.873552143573761,0.7140706777572632
YJL047C,YLR385C,0,2.9975615,0.1128288209438324,0.873552143573761,0.7141709923744202
YOR254C,YNL067W,0,2.9967551,0.112814761698246,0.873552143573761,0.7142713665962219
YOR110W,YJL096W,0,2.9966042,0.11280069500207901,0.873552143573761,0.7143717408180237
YNL076W,YNL123W,0,2.9963017,0.11278664320707321,0.873552143573761,0.7144721150398254
YPL022W,YDR265W,0,2.9957702,0.11277258396148682,0.873552143573761,0.7145724892616272
YBR105C,YER083C,0,2.9953835,0.11275853216648102,0.873552143573761,0.7146728038787842
YMR207C,YDL143W,0,2.9952974,0.11274448782205582,0.873552143573761,0.7147731781005859
YPR003C,YOL122C,0,2.9943933,0.11273044347763062,0.873552143573761,0.7148735523223877
YMR133W,YLR220W,0,2.9930077,0.11271640658378601,0.873552143573761,0.7149739265441895
YOR356W,YPR199C,0,2.9923182,0.1127023696899414,0.873552143573761,0.7150742411613464
YDR456W,YHR194W,0,2.9913619,0.1126883327960968,0.873552143573761,0.7151746153831482
YGL105W,YDR163W,0,2.9911253,0.1126743033528328,0.873552143573761,0.71527498960495
YLR059C,YNL048W,0,2.9910583,0.11266027390956879,0.873552143573761,0.7153753638267517
YEL051W,YOR330C,0,2.9909644,0.11264625191688538,0.873552143573761,0.7154757380485535
YDR201W,YGR128C,0,2.990458,0.11263223737478256,0.873552143573761,0.7155760526657104
YPL016W,YER102W,0,2.990398,0.11261821538209915,0.873552143573761,0.7156764268875122
YJL057C,YDR135C,0,2.989415,0.11260420829057693,0.873552143573761,0.715776801109314
YGR166W,YDR301W,0,2.9891515,0.11259019374847412,0.873552143573761,0.7158771753311157
YMR224C,YER113C,0,2.9888005,0.1125761941075325,0.873552143573761,0.7159774899482727
YNL046W,YJL002C,0,2.988678,0.11256218701601028,0.873552143573761,0.7160778641700745
YFR005C,YNL112W,0,2.9873857,0.11254818737506866,0.873552143573761,0.7161782383918762
YDR145W,YHR146W,0,2.9872847,0.11253419518470764,0.873552143573761,0.716278612613678
YGR157W,YJR098C,1,2.9869907,0.11264453828334808,0.8745173811912537,0.716278612613678
YGL009C,YGL184C,0,2.9869623,0.11263053119182587,0.8745173811912537,0.7163789868354797
YBR217W,YNL054W,0,2.9844775,0.11261653155088425,0.8745173811912537,0.7164793014526367
YLR363C,YMR177W,0,2.9840717,0.11260253190994263,0.8745173811912537,0.7165796756744385
YDR120C,YGR005C,0,2.9829488,0.1125885397195816,0.8745173811912537,0.7166800498962402
YGL124C,YCR105W,0,2.9821825,0.11257455497980118,0.8745173811912537,0.716780424118042
YMR198W,YDR303C,0,2.9817977,0.11256057024002075,0.8745173811912537,0.7168807983398438
YBR005W,YEL015W,0,2.9816556,0.11254658550024033,0.8745173811912537,0.7169811129570007
YPL040C,YKL150W,0,2.9812074,0.1125326082110405,0.8745173811912537,0.7170814871788025
YPL026C,YOL098C,0,2.9809246,0.11251863092184067,0.8745173811912537,0.7171818614006042
YAL051W,YBR136W,0,2.9805565,0.11250465363264084,0.8745173811912537,0.717282235622406
YIL026C,YDR438W,0,2.979068,0.1124906912446022,0.8745173811912537,0.717382550239563
YCL050C,YMR130W,0,2.9785397,0.11247672140598297,0.8745173811912537,0.7174829244613647
YGR188C,YDR012W,0,2.9781137,0.11246275901794434,0.8745173811912537,0.7175832986831665
YKL173W,YOL128C,0,2.9776402,0.1124488040804863,0.8745173811912537,0.7176836729049683
YIL167W,YPR081C,0,2.977087,0.11243484914302826,0.8745173811912537,0.71778404712677
YHR191C,YIL085C,0,2.9758599,0.11242089420557022,0.8745173811912537,0.717884361743927
YBR105C,YLL066C,0,2.975623,0.11240694671869278,0.8745173811912537,0.7179847359657288
YDR330W,YJL048C,0,2.975575,0.11239300668239594,0.8745173811912537,0.7180851101875305
YJL065C,YLR432W,0,2.9740648,0.1123790591955185,0.8745173811912537,0.7181854844093323
YBL069W,YOR079C,0,2.9731016,0.11236512660980225,0.8745173811912537,0.718285858631134
YKL024C,YOR058C,0,2.972331,0.112351194024086,0.8745173811912537,0.718386173248291
YGR277C,YMR226C,0,2.972231,0.11233726143836975,0.8745173811912537,0.7184865474700928
YNL194C,YER060W,0,2.9719205,0.1123233288526535,0.8745173811912537,0.7185869216918945
YAR018C,YGR090W,0,2.9714758,0.11230941116809845,0.8745173811912537,0.7186872959136963
YLR323C,YDR397C,0,2.9710596,0.1122954860329628,0.8745173811912537,0.7187876105308533
YMR048W,YPL176C,0,2.9707375,0.11228156834840775,0.8745173811912537,0.718887984752655
YDL200C,YIL119C,0,2.9702086,0.11226765811443329,0.8745173811912537,0.7189883589744568
YML077W,YCR040W,0,2.9700243,0.11225374788045883,0.8745173811912537,0.7190887331962585
YMR041C,YHR139C,0,2.9697032,0.11223984509706497,0.8745173811912537,0.7191891074180603
YLR057W,YER005W,0,2.9683294,0.11222593486309052,0.8745173811912537,0.7192894220352173
YDR320C-A,YDR126W,0,2.967126,0.11221203953027725,0.8745173811912537,0.719389796257019
YPL095C,YBL050W,0,2.9662662,0.11219814419746399,0.8745173811912537,0.7194901704788208
YKL028W,YGR060W,0,2.9662461,0.11218424886465073,0.8745173811912537,0.7195905447006226
YOR306C,YMR221C,0,2.9659185,0.11217036098241806,0.8745173811912537,0.7196908593177795
YGR203W,YOL123W,0,2.9653997,0.1121564731001854,0.8745173811912537,0.7197912335395813
YML087C,YIL136W,0,2.9649758,0.11214259266853333,0.8745173811912537,0.7198916077613831
YKL134C,YMR167W,0,2.9639611,0.11212871223688126,0.8745173811912537,0.7199919819831848
YKL125W,YDR350C,0,2.963392,0.11211483925580978,0.8745173811912537,0.7200923562049866
YOR329C,YDL185W,0,2.9631815,0.11210096627473831,0.8745173811912537,0.7201926708221436
YOR270C,YOL132W,0,2.963083,0.11208709329366684,0.8745173811912537,0.7202930450439453
YER032W,YOR019W,0,2.9620028,0.11207322776317596,0.8745173811912537,0.7203934192657471
YNR020C,YKR018C,0,2.9619997,0.11205936968326569,0.8745173811912537,0.7204937934875488
YBR018C,YFR016C,0,2.9617243,0.11204551160335541,0.8745173811912537,0.7205941677093506
YLR341W,YJL058C,0,2.9615097,0.11203165352344513,0.8745173811912537,0.7206944823265076
YLR166C,YJL116C,0,2.9608874,0.11201780289411545,0.8745173811912537,0.7207948565483093
YKR018C,YBR086C,0,2.9606872,0.11200395226478577,0.8745173811912537,0.7208952307701111
YHR118C,YER058W,0,2.9597268,0.11199010908603668,0.8745173811912537,0.7209956049919128
YMR232W,YER005W,0,2.9594388,0.1119762733578682,0.8745173811912537,0.7210959196090698
YJL036W,YGL002W,0,2.9587812,0.11196243017911911,0.8745173811912537,0.7211962938308716
YLR154C,YBR166C,0,2.9571688,0.11194859445095062,0.8745173811912537,0.7212966680526733
YJR025C,YJR161C,0,2.9541717,0.11193476617336273,0.8745173811912537,0.7213970422744751
YHR035W,YHR193C,0,2.9539828,0.11192093789577484,0.8745173811912537,0.7214974164962769
YJL127C,YJR068W,0,2.9534163,0.11190711706876755,0.8745173811912537,0.7215977311134338
YDL031W,YPL115C,0,2.9532652,0.11189329624176025,0.8745173811912537,0.7216981053352356
YCR042C,YIL084C,0,2.9523258,0.11187947541475296,0.8745173811912537,0.7217984795570374
YKR092C,YLL062C,0,2.9517653,0.11186566203832626,0.8745173811912537,0.7218988537788391
YKL071W,YDR365C,0,2.9513803,0.11185184866189957,0.8745173811912537,0.7219991683959961
YDR523C,YGL167C,0,2.9505215,0.11183804273605347,0.8745173811912537,0.7220995426177979
YFL003C,YPL148C,0,2.94945,0.11182424426078796,0.8745173811912537,0.7221999168395996
YML081C-A,YIL173W,0,2.9487028,0.11181043833494186,0.8745173811912537,0.7223002910614014
YKR045C,YPR067W,0,2.9479976,0.11179664731025696,0.8745173811912537,0.7224006652832031
YFR004W,YPR042C,0,2.9472647,0.11178284883499146,0.8745173811912537,0.7225009799003601
YER039C,YLR132C,0,2.9470212,0.11176905781030655,0.8745173811912537,0.7226013541221619
YPL177C,YOL152W,0,2.9467223,0.11175527423620224,0.8745173811912537,0.7227017283439636
YLR345W,YDR118W,0,2.9464579,0.11174149066209793,0.8745173811912537,0.7228021025657654
YHR005C,YML098W,0,2.945034,0.11172770708799362,0.8745173811912537,0.7229024767875671
YHR161C,YFL039C,0,2.944714,0.11171393096446991,0.8745173811912537,0.7230027914047241
YIL027C,YPL126W,0,2.9446998,0.1117001622915268,0.8745173811912537,0.7231031656265259
YBR026C,YKL140W,1,2.9445426,0.11180966347455978,0.8754826188087463,0.7231031656265259
YOL067C,YOL016C,0,2.9443069,0.11179587990045547,0.8754826188087463,0.7232035398483276
YML111W,YOR256C,0,2.94417,0.11178210377693176,0.8754826188087463,0.7233039140701294
YBR088C,YGR090W,0,2.943768,0.11176832765340805,0.8754826188087463,0.7234042286872864
YOR155C,YKL039W,0,2.9434376,0.11175455898046494,0.8754826188087463,0.7235046029090881
YJR107W,YDL019C,1,2.9417844,0.11186398565769196,0.876447856426239,0.7235046029090881
YJL094C,YMR287C,0,2.9412422,0.11185020953416824,0.876447856426239,0.7236049771308899
YEL018W,YDR322W,0,2.9402194,0.11183643341064453,0.876447856426239,0.7237053513526917
YGR227W,YEL026W,0,2.9400163,0.11182265728712082,0.876447856426239,0.7238057255744934
YHR167W,YHR020W,0,2.9399834,0.1118088886141777,0.876447856426239,0.7239060401916504
YFL004W,YCR028C,0,2.9388738,0.11179512739181519,0.876447856426239,0.7240064144134521
YJR052W,YOR192C,0,2.938629,0.11178135871887207,0.876447856426239,0.7241067886352539
YKL107W,YHR046C,0,2.9382453,0.11176760494709015,0.876447856426239,0.7242071628570557
YCL001W,YAL047C,0,2.9380052,0.11175384372472763,0.876447856426239,0.7243074774742126
YJL183W,YOR039W,0,2.9373033,0.11174008995294571,0.876447856426239,0.7244078516960144
YNL146W,YIL052C,0,2.9368846,0.11172634363174438,0.876447856426239,0.7245082259178162
YLR221C,YJR046W,0,2.9363704,0.11171259731054306,0.876447856426239,0.7246086001396179
YGR272C,YMR119W,0,2.9354985,0.11169885843992233,0.876447856426239,0.7247089743614197
YJL109C,YNL199C,0,2.9352593,0.1116851195693016,0.876447856426239,0.7248092889785767
YCR073C,YOR034C,0,2.9340477,0.11167138069868088,0.876447856426239,0.7249096632003784
YPL174C,YAL025C,0,2.9334078,0.11165764927864075,0.876447856426239,0.7250100374221802
YOR129C,YHR128W,0,2.9333856,0.11164391785860062,0.876447856426239,0.7251104116439819
YDR005C,YDR438W,0,2.9320269,0.11163019388914108,0.876447856426239,0.7252107858657837
YNL014W,YCR023C,0,2.9315653,0.11161646991968155,0.876447856426239,0.7253111004829407
YOR244W,YGR029W,0,2.9310112,0.11160275340080261,0.876447856426239,0.7254114747047424
YPR037C,YGR058W,0,2.930869,0.11158903688192368,0.876447856426239,0.7255118489265442
YHR112C,YGL157W,0,2.9307516,0.11157532781362534,0.876447856426239,0.725612223148346
YAR003W,YGL251C,0,2.9306488,0.111561618745327,0.876447856426239,0.7257125377655029
YGR067C,YDR524C,0,2.930637,0.11154790967702866,0.876447856426239,0.7258129119873047
YMR264W,YMR036C,0,2.9290724,0.11153420805931091,0.876447856426239,0.7259132862091064
YDL161W,YIL036W,0,2.9289377,0.11152051389217377,0.876447856426239,0.7260136604309082
YDR018C,YNL106C,1,2.9282722,0.11162962019443512,0.8774131536483765,0.7260136604309082
YHR190W,YJL100W,1,2.9282403,0.11173870414495468,0.8783783912658691,0.7260136604309082
YDR315C,YDL135C,0,2.9262733,0.11172498762607574,0.8783783912658691,0.72611403465271
YER056C,YDL164C,0,2.9261422,0.11171127110719681,0.8783783912658691,0.7262143492698669
YDR097C,YPR096C,0,2.925725,0.11169755458831787,0.8783783912658691,0.7263147234916687
YDR129C,YNL058C,0,2.9255857,0.11168384552001953,0.8783783912658691,0.7264150977134705
YNL136W,YBL050W,0,2.925176,0.11167014390230179,0.8783783912658691,0.7265154719352722
YBR290W,YDR247W,0,2.924038,0.11165644228458405,0.8783783912658691,0.726615846157074
YNL059C,YPL072W,0,2.9239068,0.1116427406668663,0.8783783912658691,0.726716160774231
YNL275W,YLR450W,0,2.9225845,0.11162904649972916,0.8783783912658691,0.7268165349960327
YOR391C,YLR413W,0,2.9208512,0.11161535978317261,0.8783783912658691,0.7269169092178345
YNR061C,YNL126W,0,2.920746,0.11160166561603546,0.8783783912658691,0.7270172834396362
YGR215W,YLR185W,0,2.9193437,0.11158798635005951,0.8783783912658691,0.7271175980567932
YER042W,YGL129C,0,2.9187818,0.11157429963350296,0.8783783912658691,0.727217972278595
YIL082W-A,YER058W,0,2.918602,0.11156062036752701,0.8783783912658691,0.7273183465003967
YFL034C-A,YDL129W,0,2.9184828,0.11154694855213165,0.8783783912658691,0.7274187207221985
YOL144W,YDR004W,0,2.9177961,0.1115332767367363,0.8783783912658691,0.7275190949440002
YLR106C,YER056C-A,0,2.9176216,0.11151960492134094,0.8783783912658691,0.7276194095611572
YMR291W,YDR054C,0,2.9175942,0.11150594055652618,0.8783783912658691,0.727719783782959
YDR536W,YJR135W-A,0,2.9174538,0.11149228364229202,0.8783783912658691,0.7278201580047607
YDL119C,YLR131C,0,2.9166698,0.11147862672805786,0.8783783912658691,0.7279205322265625
YBL027W,YNR032C-A,0,2.9166174,0.1114649698138237,0.8783783912658691,0.7280208468437195
YHR187W,YAL058W,0,2.9162617,0.11145131289958954,0.8783783912658691,0.7281212210655212
YBR279W,YDR270W,0,2.9159455,0.11143767088651657,0.8783783912658691,0.728221595287323
YML029W,YIL121W,0,2.9158726,0.111424021422863,0.8783783912658691,0.7283219695091248
YDR398W,YML111W,0,2.9155931,0.11141037940979004,0.8783783912658691,0.7284223437309265
YDR301W,YBR084C-A,0,2.9147487,0.11139674484729767,0.8783783912658691,0.7285226583480835
YHR112C,YJL013C,0,2.9145384,0.1113831102848053,0.8783783912658691,0.7286230325698853
YNL164C,YGL189C,0,2.9145303,0.11136947572231293,0.8783783912658691,0.728723406791687
YOR191W,YPL235W,0,2.9131799,0.11135584861040115,0.8783783912658691,0.7288237810134888
YDR021W,YNL311C,0,2.9124417,0.11134222149848938,0.8783783912658691,0.7289241552352905
YOR189W,YJR056C,0,2.9122214,0.1113286018371582,0.8783783912658691,0.7290244698524475
YOR264W,YJR110W,0,2.911562,0.11131498217582703,0.8783783912658691,0.7291248440742493
YDR408C,YJL033W,0,2.9103856,0.11130136996507645,0.8783783912658691,0.729225218296051
YFL009W,YKL018W,0,2.910266,0.11128775775432587,0.8783783912658691,0.7293255925178528
YCL027W,YLR332W,0,2.90982,0.11127415299415588,0.8783783912658691,0.7294259071350098
YEL060C,YGL104C,0,2.909152,0.1112605482339859,0.8783783912658691,0.7295262813568115
YML067C,YGL027C,0,2.9081488,0.11124694347381592,0.8783783912658691,0.7296266555786133
YGR283C,YDR155C,0,2.9073224,0.11123334616422653,0.8783783912658691,0.729727029800415
YAL059W,YJR022W,0,2.906608,0.11121974885463715,0.8783783912658691,0.7298274040222168
YMR207C,YJL134W,1,2.9054766,0.1113283634185791,0.8793436288833618,0.7298274040222168
YNL072W,YJR022W,0,2.9045877,0.11131475865840912,0.8793436288833618,0.7299277186393738
YOR120W,YPR098C,0,2.903378,0.11130116134881973,0.8793436288833618,0.7300280928611755
YBL039C,YMR006C,1,2.9026146,0.11140972375869751,0.8803088665008545,0.7300280928611755
YER140W,YGR212W,0,2.9016893,0.11139611899852753,0.8803088665008545,0.7301284670829773
YOL088C,YGL089C,0,2.9009807,0.11138251423835754,0.8803088665008545,0.730228841304779
YHR129C,YDR489W,0,2.8998613,0.11136890947818756,0.8803088665008545,0.730329155921936
YDR025W,YNL246W,0,2.89922,0.11135531216859818,0.8803088665008545,0.7304295301437378
YOR172W,YNR070W,0,2.8986952,0.11134171485900879,0.8803088665008545,0.7305299043655396
YML127W,YDR307W,0,2.8986785,0.111328125,0.8803088665008545,0.7306302785873413
YNL325C,YCL004W,1,2.8958368,0.11143659055233002,0.8812741041183472,0.7306302785873413
YBR239C,YMR322C,0,2.895452,0.11142299324274063,0.8812741041183472,0.7307306528091431
YMR072W,YFR003C,0,2.894961,0.11140939593315125,0.8812741041183472,0.7308309674263
YML008C,YDR018C,1,2.8948994,0.11151781678199768,0.8822394013404846,0.7308309674263
YPR118W,YGL147C,0,2.8947449,0.1115042120218277,0.8822394013404846,0.7309313416481018
YBL006C,YPL105C,0,2.8941975,0.11149060726165771,0.8822394013404846,0.7310317158699036
YMR275C,YCR036W,0,2.8940449,0.11147700995206833,0.8822394013404846,0.7311320900917053
YBL088C,YKR098C,0,2.8936944,0.11146341264247894,0.8822394013404846,0.7312324643135071
YCR021C,YDR129C,0,2.8913627,0.11144982278347015,0.8822394013404846,0.7313327789306641
YOR196C,YGL128C,0,2.8906686,0.11143623292446136,0.8822394013404846,0.7314331531524658
YBR102C,YDL180W,0,2.8905067,0.11142265051603317,0.8822394013404846,0.7315335273742676
YML125C,YOR167C,0,2.8903317,0.11140906810760498,0.8822394013404846,0.7316339015960693
YJL156C,YOR078W,0,2.8894663,0.11139549314975739,0.8822394013404846,0.7317342162132263
YDR208W,YGL249W,0,2.8870897,0.11138191819190979,0.8822394013404846,0.7318345904350281
YBL091C-A,YNL156C,1,2.8866956,0.11149019002914429,0.8832046389579773,0.7318345904350281
YNL068C,YIL056W,0,2.8862839,0.1114766076207161,0.8832046389579773,0.7319349646568298
YIR014W,YER129W,0,2.8858697,0.1114630252122879,0.8832046389579773,0.7320353388786316
YAL020C,YJL099W,0,2.8858104,0.11144945025444031,0.8832046389579773,0.7321357131004333
YBR228W,YDR402C,0,2.885513,0.11143587529659271,0.8832046389579773,0.7322360277175903
YPR201W,YER063W,0,2.8849292,0.11142230778932571,0.8832046389579773,0.7323364019393921
YCR021C,YHR112C,0,2.8847508,0.11140874028205872,0.8832046389579773,0.7324367761611938
YNR056C,YHR115C,0,2.8841414,0.11139518022537231,0.8832046389579773,0.7325371503829956
YBR239C,YJR073C,0,2.8834786,0.11138162016868591,0.8832046389579773,0.7326375246047974
YFR016C,YPL020C,0,2.88329,0.11136806011199951,0.8832046389579773,0.7327378392219543
YER161C,YPR098C,0,2.882999,0.11135450750589371,0.8832046389579773,0.7328382134437561
YLR092W,YKR077W,0,2.8827267,0.1113409623503685,0.8832046389579773,0.7329385876655579
YER030W,YER082C,0,2.882461,0.1113274097442627,0.8832046389579773,0.7330389618873596
YHR107C,YER031C,0,2.8819041,0.11131387203931808,0.8832046389579773,0.7331392765045166
YGL095C,YLL050C,0,2.8818753,0.11130032688379288,0.8832046389579773,0.7332396507263184
YHR073W,YGL084C,1,2.8816106,0.11140841990709305,0.88416987657547,0.7332396507263184
YLR398C,YDR075W,0,2.8803763,0.11139486730098724,0.88416987657547,0.7333400249481201
YPL249C-A,YNL118C,0,2.8802397,0.11138132214546204,0.88416987657547,0.7334403991699219
YOR046C,YOL115W,0,2.8799849,0.11136778444051743,0.88416987657547,0.7335407733917236
YBR034C,YKL018W,0,2.8791075,0.11135423928499222,0.88416987657547,0.7336410880088806
YKL191W,YDR119W,0,2.878912,0.1113407090306282,0.88416987657547,0.7337414622306824
YBR181C,YKL155C,0,2.8788419,0.11132717877626419,0.88416987657547,0.7338418364524841
YML012W,YPR098C,0,2.878749,0.11131364852190018,0.88416987657547,0.7339422106742859
YGL002W,YER094C,0,2.8784032,0.11130011826753616,0.88416987657547,0.7340425252914429
YFR009W,YMR234W,0,2.8783312,0.11128660291433334,0.88416987657547,0.7341428995132446
YIL002C,YLR189C,1,2.878128,0.11139455437660217,0.8851351141929626,0.7341428995132446
YBR094W,YML072C,0,2.8761759,0.11138102412223816,0.8851351141929626,0.7342432737350464
YMR202W,YBR104W,0,2.8760004,0.11136750131845474,0.8851351141929626,0.7343436479568481
YDR180W,YGR026W,0,2.8750358,0.11135397851467133,0.8851351141929626,0.7344440221786499
YOL127W,YLL036C,0,2.8745472,0.11134045571088791,0.8851351141929626,0.7345443367958069
YNL003C,YIL072W,0,2.8742814,0.11132694035768509,0.8851351141929626,0.7346447110176086
YLR109W,YBR179C,0,2.8738518,0.11131342500448227,0.8851351141929626,0.7347450852394104
YOR196C,YPL231W,1,2.8726873,0.11142128705978394,0.8861004114151001,0.7347450852394104
YHL024W,YOR090C,0,2.8722148,0.11140776425600052,0.8861004114151001,0.7348454594612122
YOR035C,YGR013W,0,2.8719585,0.1113942489027977,0.8861004114151001,0.7349458336830139
YGR036C,YLR242C,1,2.8716984,0.11150206625461578,0.8870656490325928,0.7349458336830139
YIL078W,YDL058W,0,2.871119,0.11148853600025177,0.8870656490325928,0.7350461483001709
YJL203W,YJL190C,0,2.8710525,0.11147501319646835,0.8870656490325928,0.7351465225219727
YGR211W,YOL097C,0,2.8707993,0.11146149039268494,0.8870656490325928,0.7352468967437744
YKR075C,YJL221C,0,2.8705006,0.11144797503948212,0.8870656490325928,0.7353472709655762
YJL035C,YLR210W,0,2.8704238,0.1114344596862793,0.8870656490325928,0.7354475855827332
YDL119C,YGR274C,0,2.870248,0.11142095178365707,0.8870656490325928,0.7355479598045349
YPR056W,YDR217C,0,2.8701992,0.11140744388103485,0.8870656490325928,0.7356483340263367
YDL110C,YMR072W,0,2.8701406,0.11139393597841263,0.8870656490325928,0.7357487082481384
YGL098W,YLR297W,0,2.8698654,0.111380435526371,0.8870656490325928,0.7358490824699402
YDR147W,YDR308C,0,2.8698401,0.11136694252490997,0.8870656490325928,0.7359493970870972
YKL108W,YJL212C,0,2.869484,0.11135344952344894,0.8870656490325928,0.7360497713088989
YBR004C,YLL067C,0,2.8682404,0.11133995652198792,0.8870656490325928,0.7361501455307007
YCL051W,YIL136W,0,2.8681638,0.11132647097110748,0.8870656490325928,0.7362505197525024
YOR266W,YOR096W,0,2.8679876,0.11131298542022705,0.8870656490325928,0.7363508343696594
YGR266W,YML019W,0,2.8671174,0.11129949986934662,0.8870656490325928,0.7364512085914612
YNL181W,YOR130C,0,2.867026,0.11128602921962738,0.8870656490325928,0.7365515828132629
YOR022C,YHR203C,0,2.865528,0.11127255111932755,0.8870656490325928,0.7366519570350647
YBR283C,YLR297W,0,2.8652713,0.1112590804696083,0.8870656490325928,0.7367523312568665
YBR022W,YER155C,0,2.8631577,0.11124560981988907,0.8870656490325928,0.7368526458740234
YBR217W,YNL076W,0,2.8631148,0.11123214662075043,0.8870656490325928,0.7369530200958252
YPL154C,YOL071W,0,2.8627737,0.11121868342161179,0.8870656490325928,0.737053394317627
YBR207W,YEL020W-A,0,2.862694,0.11120522767305374,0.8870656490325928,0.7371537685394287
YCL055W,YML087C,0,2.8620682,0.1111917719244957,0.8870656490325928,0.7372541427612305
YIL068C,YIR035C,0,2.8618386,0.11117832362651825,0.8870656490325928,0.7373544573783875
YKR064W,YDR235W,0,2.8614125,0.1111648753285408,0.8870656490325928,0.7374548316001892
YPL013C,YNL233W,0,2.861247,0.11115142703056335,0.8870656490325928,0.737555205821991
YGR172C,YLR297W,0,2.8594608,0.1111379861831665,0.8870656490325928,0.7376555800437927
YLL014W,YNR048W,0,2.8584862,0.11112454533576965,0.8870656490325928,0.7377558946609497
YFR009W,YCR073C,0,2.855727,0.1111111119389534,0.8870656490325928,0.7378562688827515
YOR306C,YPL183C,0,2.8555827,0.11109767854213715,0.8870656490325928,0.7379566431045532
YOL119C,YKL222C,0,2.8549805,0.11108425259590149,0.8870656490325928,0.738057017326355
YLL053C,YNL001W,0,2.8540332,0.11107082664966583,0.8870656490325928,0.7381573915481567
YKL116C,YML063W,0,2.853551,0.11105740070343018,0.8870656490325928,0.7382577061653137
YER007W,YAL034W-A,0,2.8533056,0.11104398220777512,0.8870656490325928,0.7383580803871155
YCR097W,YKL148C,0,2.852839,0.11103056371212006,0.8870656490325928,0.7384584546089172
YDR110W,YLR007W,0,2.8526406,0.1110171526670456,0.8870656490325928,0.738558828830719
YOR064C,YKL011C,0,2.8508768,0.11100374162197113,0.8870656490325928,0.738659143447876
YHR152W,YPR148C,0,2.8502488,0.11099033802747726,0.8870656490325928,0.7387595176696777
YPR003C,YJR135C,0,2.849698,0.1109769344329834,0.8870656490325928,0.7388598918914795
YBR012W-A,YBL072C,0,2.8492393,0.11096353828907013,0.8870656490325928,0.7389602661132812
YMR040W,YKL012W,0,2.8489404,0.11095014214515686,0.8870656490325928,0.739060640335083
YML094W,YER109C,0,2.8485923,0.11093674600124359,0.8870656490325928,0.73916095495224
YEL050C,YLR204W,0,2.8475914,0.11092335730791092,0.8870656490325928,0.7392613291740417
YDR198C,YFL035C-B,0,2.8473063,0.11090996861457825,0.8870656490325928,0.7393617033958435
YBR210W,YMR221C,0,2.847288,0.11089658737182617,0.8870656490325928,0.7394620776176453
YLR074C,YKL077W,0,2.8464508,0.1108832061290741,0.8870656490325928,0.739562451839447
YNL146W,YLR377C,0,2.8462105,0.11086982488632202,0.8870656490325928,0.739662766456604
YNL111C,YBR159W,1,2.845295,0.11097708344459534,0.8880308866500854,0.739662766456604
YCL026C-A,YJR098C,1,2.8446503,0.11108430474996567,0.8889961242675781,0.739662766456604
YBR180W,YHR205W,0,2.8444593,0.1110709086060524,0.8889961242675781,0.7397631406784058
YGR216C,YMR296C,1,2.8444076,0.11117810010910034,0.8899613618850708,0.7397631406784058
YPL190C,YHR113W,0,2.8443885,0.11116469651460648,0.8899613618850708,0.7398635149002075
YIL120W,YBR210W,0,2.8435822,0.11115129292011261,0.8899613618850708,0.7399638891220093
YIL130W,YKR022C,0,2.8416944,0.11113789677619934,0.8899613618850708,0.7400642037391663
YCR034W,YHR210C,0,2.8409164,0.11112450063228607,0.8899613618850708,0.740164577960968
YDR387C,YOL056W,0,2.8408594,0.1111111119389534,0.8899613618850708,0.7402649521827698
YMR220W,YNL045W,1,2.8407624,0.11121822148561478,0.8909266591072083,0.7402649521827698
YBR167C,YNL115C,0,2.8404536,0.11120481789112091,0.8909266591072083,0.7403653264045715
YOR196C,YMR051C,0,2.8401074,0.11119142174720764,0.8909266591072083,0.7404657006263733
YLR144C,YBR235W,0,2.8398554,0.11117803305387497,0.8909266591072083,0.7405660152435303
YDR189W,YDR303C,0,2.8398304,0.1111646369099617,0.8909266591072083,0.740666389465332
YCL059C,YML088W,0,2.8393857,0.11115125566720963,0.8909266591072083,0.7407667636871338
YDR495C,YML121W,0,2.8392627,0.11113786697387695,0.8909266591072083,0.7408671379089355
YNL219C,YDR018C,1,2.838986,0.11124487966299057,0.8918918967247009,0.7408671379089355
YDR038C,YOR019W,0,2.836166,0.1112314909696579,0.8918918967247009,0.7409675121307373
YML034W,YBR213W,0,2.8349814,0.11121810227632523,0.8918918967247009,0.7410678267478943
YKR025W,YPL133C,0,2.8349357,0.11120472103357315,0.8918918967247009,0.741168200969696
YGL067W,YMR226C,0,2.8344579,0.11119133234024048,0.8918918967247009,0.7412685751914978
YNL229C,YML087C,0,2.8339353,0.111177958548069,0.8918918967247009,0.7413689494132996
YNR041C,YOR022C,1,2.8330262,0.11128488928079605,0.8928571343421936,0.7413689494132996
YOR334W,YKL092C,0,2.8318982,0.11127150058746338,0.8928571343421936,0.7414692640304565
YLR067C,YBL023C,0,2.8313832,0.1112581193447113,0.8928571343421936,0.7415696382522583
YHL044W,YDL156W,0,2.8311872,0.11124473810195923,0.8928571343421936,0.7416700124740601
YIL154C,YDL025C,0,2.830876,0.11123136430978775,0.8928571343421936,0.7417703866958618
YCR042C,YMR135C,0,2.829598,0.11121799051761627,0.8928571343421936,0.7418707609176636
YBR119W,YIL091C,0,2.8287559,0.1112046167254448,0.8928571343421936,0.7419710755348206
YBR241C,YEL071W,0,2.8281975,0.11119125038385391,0.8928571343421936,0.7420714497566223
YPR071W,YLR222C,0,2.8272197,0.11117788404226303,0.8928571343421936,0.7421718239784241
YDR239C,YDL184C,0,2.8270674,0.11116452515125275,0.8928571343421936,0.7422721982002258
YMR311C,YDL005C,0,2.8264499,0.11115116626024246,0.8928571343421936,0.7423725128173828
YBR045C,YPL258C,0,2.8261814,0.11113780736923218,0.8928571343421936,0.7424728870391846
YDR180W,YDR338C,0,2.8256626,0.11112445592880249,0.8928571343421936,0.7425732612609863
YDR265W,YDR534C,0,2.8254333,0.1111111119389534,0.8928571343421936,0.7426736354827881
YMR214W,YBR159W,0,2.8252983,0.11109776794910431,0.8928571343421936,0.7427740097045898
YCR071C,YNL045W,0,2.824901,0.11108442395925522,0.8928571343421936,0.7428743243217468
YOR383C,YLR284C,0,2.8248813,0.11107108741998672,0.8928571343421936,0.7429746985435486
YDL114W,YMR076C,0,2.8243508,0.11105775088071823,0.8928571343421936,0.7430750727653503
YIL040W,YNL002C,0,2.8241148,0.11104441434144974,0.8928571343421936,0.7431754469871521
YNL134C,YPL056C,0,2.8239303,0.11103108525276184,0.8928571343421936,0.7432758212089539
YNR027W,YFR005C,0,2.8234577,0.11101776361465454,0.8928571343421936,0.7433761358261108
YJR029W,YPL079W,0,2.8227494,0.11100444197654724,0.8928571343421936,0.7434765100479126
YPL220W,YGL231C,0,2.821838,0.11099112033843994,0.8928571343421936,0.7435768842697144
YBR149W,YKR098C,0,2.8216953,0.11097780615091324,0.8928571343421936,0.7436772584915161
YNL145W,YJR002W,0,2.8211756,0.11096449196338654,0.8928571343421936,0.7437775731086731
YDR400W,YNL115C,0,2.8184075,0.11095117777585983,0.8928571343421936,0.7438779473304749
YGR275W,YKR029C,0,2.8182178,0.11093787848949432,0.8928571343421936,0.7439783215522766
YDR025W,YGR286C,0,2.8168464,0.11092457175254822,0.8928571343421936,0.7440786957740784
YER039C,YBR149W,0,2.8161235,0.11091127246618271,0.8928571343421936,0.7441790699958801
YER140W,YMR149W,0,2.8159509,0.1108979731798172,0.8928571343421936,0.7442793846130371
YDR178W,YOR155C,0,2.8158898,0.11088468134403229,0.8928571343421936,0.7443797588348389
YMR041C,YGR017W,0,2.8153844,0.11087138950824738,0.8928571343421936,0.7444801330566406
YJL181W,YJR050W,0,2.8138282,0.11085810512304306,0.8928571343421936,0.7445805072784424
YJL059W,YDR501W,0,2.8129299,0.11084482073783875,0.8928571343421936,0.7446808218955994
YPR108W,YPL158C,0,2.8128119,0.11083153635263443,0.8928571343421936,0.7447811961174011
YGL144C,YPL268W,1,2.8115797,0.11093806475400925,0.8938223719596863,0.7447811961174011
YLR055C,YPL241C,0,2.8111022,0.11092477291822433,0.8938223719596863,0.7448815703392029
YNL247W,YLR174W,0,2.8108025,0.11091148853302002,0.8938223719596863,0.7449819445610046
YPL212C,YKL110C,0,2.8107219,0.1108982041478157,0.8938223719596863,0.7450823187828064
YCL039W,YDR348C,0,2.8105779,0.11088492721319199,0.8938223719596863,0.7451826333999634
YFL061W,YHL006C,0,2.8092284,0.11087165027856827,0.8938223719596863,0.7452830076217651
YER023W,YLR413W,0,2.8063416,0.11085837334394455,0.8938223719596863,0.7453833818435669
YNR073C,YIR034C,0,2.806295,0.11084510385990143,0.8938223719596863,0.7454837560653687
YKL222C,YOR228C,0,2.8062632,0.1108318343758583,0.8938223719596863,0.7455841302871704
YJL181W,YHR065C,0,2.8060086,0.11081857234239578,0.8938223719596863,0.7456844449043274
YBR164C,YLR364W,0,2.8059566,0.11080531030893326,0.8938223719596863,0.7457848191261292
YLR034C,YLR176C,0,2.8057113,0.11079205572605133,0.8938223719596863,0.7458851933479309
YGR204W,YJR135C,0,2.805478,0.1107788011431694,0.8938223719596863,0.7459855675697327
YDR091C,YOR058C,0,2.805119,0.11076554656028748,0.8938223719596863,0.7460858821868896
YJR120W,YMR285C,0,2.8047552,0.11075229942798615,0.8938223719596863,0.7461862564086914
YGL063W,YPR114W,0,2.8039923,0.11073905974626541,0.8938223719596863,0.7462866306304932
YMR130W,YPR151C,0,2.8026137,0.11072581261396408,0.8938223719596863,0.7463870048522949
YGR262C,YPL128C,0,2.8020005,0.11071258038282394,0.8938223719596863,0.7464873790740967
YCR067C,YLR413W,0,2.801796,0.11069934070110321,0.8938223719596863,0.7465876936912537
YOR295W,YHR210C,0,2.8016915,0.11068610846996307,0.8938223719596863,0.7466880679130554
YDR033W,YDR210W,0,2.8016677,0.11067288368940353,0.8938223719596863,0.7467884421348572
YDR394W,YGR023W,0,2.8015451,0.110659658908844,0.8938223719596863,0.7468888163566589
YOR188W,YKL176C,0,2.801434,0.11064643412828445,0.8938223719596863,0.7469891905784607
YHR112C,YGR191W,0,2.8011253,0.11063321679830551,0.8938223719596863,0.7470895051956177
YBR272C,YBL074C,0,2.8007672,0.11061999946832657,0.8938223719596863,0.7471898794174194
YML040W,YLR081W,0,2.8001318,0.11060678213834763,0.8938223719596863,0.7472902536392212
YHL009C,YOL008W,0,2.799755,0.11059357225894928,0.8938223719596863,0.747390627861023
YPL268W,YLR450W,1,2.7989817,0.11069978773593903,0.8947876691818237,0.747390627861023
YIR017C,YHR032W,0,2.798689,0.11068657040596008,0.8947876691818237,0.7474909424781799
YDR365C,YBL042C,0,2.7983384,0.11067335307598114,0.8947876691818237,0.7475913166999817
YDR213W,YBR161W,1,2.7981858,0.11077951639890671,0.8957529067993164,0.7475913166999817
YDR349C,YPL192C,0,2.7976346,0.11076629161834717,0.8957529067993164,0.7476916909217834
YNR039C,YLR442C,0,2.7976017,0.11075307428836823,0.8957529067993164,0.7477920651435852
YLR373C,YGR188C,0,2.7975378,0.11073985695838928,0.8957529067993164,0.747892439365387
YDL155W,YNL278W,0,2.79696,0.11072664707899094,0.8957529067993164,0.747992753982544
YLR258W,YNL125C,0,2.7969065,0.11071343719959259,0.8957529067993164,0.7480931282043457
YJL041W,YDL124W,0,2.7954383,0.11070022732019424,0.8957529067993164,0.7481935024261475
YML095C,YGL240W,0,2.795032,0.1106870248913765,0.8957529067993164,0.7482938766479492
YMR127C,YER056C,0,2.7949667,0.11067382246255875,0.8957529067993164,0.7483941912651062
YDL159W,YGL185C,0,2.7942114,0.1106606274843216,0.8957529067993164,0.748494565486908
YDL230W,YBL019W,0,2.7940948,0.11064743250608444,0.8957529067993164,0.7485949397087097
YKL178C,YFL050C,0,2.793507,0.11063423752784729,0.8957529067993164,0.7486953139305115
YDL072C,YNL134C,0,2.7904975,0.11062105000019073,0.8957529067993164,0.7487956881523132
YDL109C,YLR242C,1,2.790432,0.11072705686092377,0.8967181444168091,0.7487956881523132
YDR301W,YIR033W,0,2.7904296,0.11071386188268661,0.8967181444168091,0.7488960027694702
YGR058W,YFL041W,0,2.7891822,0.11070066690444946,0.8967181444168091,0.748996376991272
YBL091C,YAL043C,0,2.789092,0.11068747937679291,0.8967181444168091,0.7490967512130737
YHR033W,YNL190W,0,2.7890573,0.11067429184913635,0.8967181444168091,0.7491971254348755
YLR099C,YBR016W,0,2.7884035,0.1106611043214798,0.8967181444168091,0.7492974996566772
YDL146W,YDR358W,0,2.7881556,0.11064792424440384,0.8967181444168091,0.7493978142738342
YLR378C,YPL211W,0,2.7878742,0.11063475161790848,0.8967181444168091,0.749498188495636
YNL250W,YJR068W,0,2.7876697,0.11062157899141312,0.8967181444168091,0.7495985627174377
YNR032W,YBL013W,0,2.7874088,0.11060840636491776,0.8967181444168091,0.7496989369392395
YMR216C,YDR325W,0,2.7865906,0.11059524118900299,0.8967181444168091,0.7497992515563965
YNL251C,YGR098C,0,2.7862415,0.11058207601308823,0.8967181444168091,0.7498996257781982
YNR012W,YOR073W,0,2.7861333,0.11056891083717346,0.8967181444168091,0.75
YKL179C,YBR058C-A,0,2.785665,0.1105557531118393,0.8967181444168091,0.7501003742218018
YPL069C,YMR021C,0,2.7849283,0.11054259538650513,0.8967181444168091,0.7502007484436035
YKL027W,YBR244W,0,2.7843318,0.11052944511175156,0.8967181444168091,0.7503010630607605
YLR014C,YBL025W,0,2.7837818,0.11051629483699799,0.8967181444168091,0.7504014372825623
YGR277C,YDR412W,0,2.7834256,0.11050315201282501,0.8967181444168091,0.750501811504364
YBL007C,YER005W,0,2.7830908,0.11049000918865204,0.8967181444168091,0.7506021857261658
YER172C,YER113C,0,2.7826982,0.11047686636447906,0.8967181444168091,0.7507025003433228
YKR003W,YBR258C,0,2.7823143,0.11046373099088669,0.8967181444168091,0.7508028745651245
YJR047C,YOL121C,0,2.7819026,0.11045060306787491,0.8967181444168091,0.7509032487869263
YIL036W,YLR079W,0,2.7811403,0.11043746769428253,0.8967181444168091,0.751003623008728
YLR453C,YCR028C-A,0,2.7807202,0.11042433977127075,0.8967181444168091,0.7511039972305298
YKL005C,YOR058C,0,2.7803879,0.11041121929883957,0.8967181444168091,0.7512043118476868
YDL110C,YDR219C,0,2.7800164,0.11039809882640839,0.8967181444168091,0.7513046860694885
YGR218W,YNL245C,0,2.7780075,0.1103849783539772,0.8967181444168091,0.7514050602912903
YAL011W,YNL268W,0,2.7776098,0.11037186533212662,0.8967181444168091,0.751505434513092
YJL054W,YMR035W,0,2.7774336,0.11035875231027603,0.8967181444168091,0.7516058087348938
YER071C,YDL193W,0,2.7764204,0.11034564673900604,0.8967181444168091,0.7517061233520508
YNL190W,YHR101C,0,2.776319,0.11033254116773605,0.8967181444168091,0.7518064975738525
YOR244W,YHL018W,0,2.7762747,0.11031944304704666,0.8967181444168091,0.7519068717956543
YBR089C-A,YOR368W,0,2.7753167,0.11030633747577667,0.8967181444168091,0.752007246017456
YDL087C,YER143W,0,2.7751398,0.11029324680566788,0.8967181444168091,0.752107560634613
YER112W,YDR485C,0,2.7748652,0.11028014868497849,0.8967181444168091,0.7522079348564148
YOR368W,YDR316W,0,2.7748432,0.11026706546545029,0.8967181444168091,0.7523083090782166
YNR027W,YGL043W,0,2.7744598,0.11025397479534149,0.8967181444168091,0.7524086833000183
YLL035W,YNL118C,0,2.7742827,0.1102408915758133,0.8967181444168091,0.7525090575218201
YJR075W,YMR260C,0,2.7742581,0.1102278083562851,0.8967181444168091,0.752609372138977
YDR257C,YBR098W,0,2.7740316,0.1102147325873375,0.8967181444168091,0.7527097463607788
YNL299W,YHR201C,0,2.7738488,0.11020166426897049,0.8967181444168091,0.7528101205825806
YJR086W,YHL018W,0,2.773308,0.11018858850002289,0.8967181444168091,0.7529104948043823
YPR063C,YGR240C,0,2.7714348,0.11017552018165588,0.8967181444168091,0.7530108094215393
YNL224C,YMR030W,0,2.7699866,0.11016245931386948,0.8967181444168091,0.7531111836433411
YOR237W,YGR216C,1,2.7695036,0.11026795953512192,0.8976833820343018,0.7531111836433411
YLR356W,YDL137W,0,2.7691593,0.11025489121675491,0.8976833820343018,0.7532115578651428
YDR519W,YML096W,0,2.7682326,0.11024182289838791,0.8976833820343018,0.7533119320869446
YHR090C,YJL008C,0,2.767874,0.1102287545800209,0.8976833820343018,0.7534123063087463
YDL109C,YOR126C,1,2.767372,0.11033420264720917,0.8986486196517944,0.7534123063087463
YKR075C,YBL074C,0,2.7669291,0.11032112687826157,0.8986486196517944,0.7535126209259033
YAL028W,YPL154C,0,2.766853,0.11030805855989456,0.8986486196517944,0.7536129951477051
YBR241C,YDR338C,0,2.7664938,0.11029499024152756,0.8986486196517944,0.7537133693695068
YBR264C,YLR414C,0,2.7663574,0.11028192192316055,0.8986486196517944,0.7538137435913086
YFR016C,YIL158W,0,2.765377,0.11026886105537415,0.8986486196517944,0.7539141178131104
YIR017C,YKR096W,0,2.7649314,0.11025580018758774,0.8986486196517944,0.7540144324302673
YKL046C,YCL067C,0,2.764751,0.11024274677038193,0.8986486196517944,0.7541148066520691
YMR244C-A,YOL013C,0,2.7643085,0.11022969335317612,0.8986486196517944,0.7542151808738708
YOR374W,YMR029C,0,2.7641573,0.1102166473865509,0.8986486196517944,0.7543155550956726
YOR381W,YCL044C,0,2.7635217,0.11020360141992569,0.8986486196517944,0.7544158697128296
YPL032C,YGR014W,0,2.7630181,0.11019055545330048,0.8986486196517944,0.7545162439346313
YDR395W,YPL246C,0,2.7628875,0.11017751693725586,0.8986486196517944,0.7546166181564331
YPL249C,YAL002W,0,2.762213,0.11016447842121124,0.8986486196517944,0.7547169923782349
YGL033W,YDL139C,0,2.7616434,0.11015143990516663,0.8986486196517944,0.7548173666000366
YOR262W,YDR016C,0,2.7610629,0.1101384088397026,0.8986486196517944,0.7549176812171936
YDR153C,YHR201C,0,2.7605088,0.11012538522481918,0.8986486196517944,0.7550180554389954
YBL037W,YKL213C,0,2.7600412,0.11011236160993576,0.8986486196517944,0.7551184296607971
YMR312W,YPR145W,0,2.7599137,0.11009933799505234,0.8986486196517944,0.7552188038825989
YOR254C,YGL135W,0,2.7582693,0.11008632183074951,0.8986486196517944,0.7553191781044006
YGL061C,YMR277W,0,2.756026,0.11007330566644669,0.8986486196517944,0.7554194927215576
YGR140W,YPR058W,0,2.7557318,0.11006028950214386,0.8986486196517944,0.7555198669433594
YDR517W,YLR320W,0,2.7553654,0.11004728078842163,0.8986486196517944,0.7556202411651611
YOL005C,YNL152W,0,2.7551866,0.1100342720746994,0.8986486196517944,0.7557206153869629
YDR188W,YBL005W,0,2.7549958,0.11002127081155777,0.8986486196517944,0.7558209300041199
YER078C,YPR036W,0,2.754404,0.11000826954841614,0.8986486196517944,0.7559213042259216
YOR158W,YDR334W,0,2.754178,0.1099952757358551,0.8986486196517944,0.7560216784477234
YBR105C,YNL020C,0,2.7539277,0.10998228192329407,0.8986486196517944,0.7561220526695251
YPR055W,YCR045C,0,2.7533958,0.10996928811073303,0.8986486196517944,0.7562224268913269
YJL057C,YNL243W,0,2.7503357,0.1099563017487526,0.8986486196517944,0.7563227415084839
YIR034C,YPR022C,0,2.7503023,0.10994331538677216,0.8986486196517944,0.7564231157302856
YOR228C,YNL055C,0,2.7489629,0.10993033647537231,0.8986486196517944,0.7565234899520874
YOL157C,YGL219C,0,2.746612,0.10991735756397247,0.8986486196517944,0.7566238641738892
YOL027C,YOR210W,0,2.7462883,0.10990437865257263,0.8986486196517944,0.7567241787910461
YNL152W,YLR001C,0,2.745883,0.10989140719175339,0.8986486196517944,0.7568245530128479
YDL201W,YKL222C,0,2.7450554,0.10987843573093414,0.8986486196517944,0.7569249272346497
YDR062W,YOL011W,1,2.744103,0.10998348146677017,0.8996139168739319,0.7569249272346497
YJR120W,YDR085C,0,2.743949,0.10997050255537033,0.8996139168739319,0.7570253014564514
YGR174C,YGR044C,0,2.7438333,0.10995752364397049,0.8996139168739319,0.7571256756782532
YHR020W,YCR039C,0,2.743482,0.10994455218315125,0.8996139168739319,0.7572259902954102
YCR102C,YBL074C,0,2.7421644,0.1099315881729126,0.8996139168739319,0.7573263645172119
YGL039W,YLR222C,0,2.7415316,0.10991862416267395,0.8996139168739319,0.7574267387390137
YNL045W,YLR088W,1,2.7410798,0.11002358794212341,0.9005791544914246,0.7574267387390137
YOL148C,YOR037W,0,2.7404861,0.11001060903072357,0.9005791544914246,0.7575271129608154
YDL212W,YPL241C,0,2.7404783,0.10999764502048492,0.9005791544914246,0.7576274871826172
YIL087C,YER011W,0,2.74022,0.10998467355966568,0.9005791544914246,0.7577278017997742
YLR306W,YJL026W,0,2.7398753,0.10997170954942703,0.9005791544914246,0.7578281760215759
YJL133W,YGR058W,0,2.739461,0.10995875298976898,0.9005791544914246,0.7579285502433777
YDL044C,YDL143W,0,2.7393637,0.10994579643011093,0.9005791544914246,0.7580289244651794
YDL109C,YMR011W,0,2.7391973,0.10993283987045288,0.9005791544914246,0.7581292390823364
YNL081C,YCR065W,0,2.7385044,0.10991988331079483,0.9005791544914246,0.7582296133041382
YHR167W,YHR147C,0,2.7384448,0.10990694165229797,0.9005791544914246,0.7583299875259399
YLR061W,YDR210W,0,2.7363386,0.10989399254322052,0.9005791544914246,0.7584303617477417
YJR084W,YKL213C,0,2.7361612,0.10988105088472366,0.9005791544914246,0.7585307359695435
YDL064W,YDL236W,0,2.7355905,0.1098681092262268,0.9005791544914246,0.7586310505867004
YBR267W,YGL155W,0,2.7344272,0.10985517501831055,0.9005791544914246,0.7587314248085022
YLR356W,YDR009W,0,2.733437,0.10984224081039429,0.9005791544914246,0.758831799030304
YMR109W,YMR050C,0,2.733408,0.10982931405305862,0.9005791544914246,0.7589321732521057
YDR279W,YDR184C,0,2.7320313,0.10981638729572296,0.9005791544914246,0.7590324878692627
YBL060W,YDL209C,0,2.7303634,0.1098034605383873,0.9005791544914246,0.7591328620910645
YPL123C,YFR024C-A,0,2.7301273,0.10979054123163223,0.9005791544914246,0.7592332363128662
YMR278W,YLR128W,0,2.727884,0.10977762192487717,0.9005791544914246,0.759333610534668
YCR089W,YER139C,0,2.7276626,0.1097647026181221,0.9005791544914246,0.7594339847564697
YGR013W,YMR068W,0,2.7263322,0.10975179076194763,0.9005791544914246,0.7595342993736267
YOR157C,YAL043C,0,2.726103,0.10973888635635376,0.9005791544914246,0.7596346735954285
YPL095C,YGR202C,1,2.7256436,0.10984358191490173,0.9015443921089172,0.7596346735954285
YGR227W,YMR211W,0,2.7252164,0.10983067005872726,0.9015443921089172,0.7597350478172302
YDR506C,YPR103W,0,2.724775,0.1098177507519722,0.9015443921089172,0.759835422039032
YCL039W,YDR495C,0,2.72337,0.10980484634637833,0.9015443921089172,0.7599357962608337
YDR020C,YNL001W,0,2.722569,0.10979193449020386,0.9015443921089172,0.7600361108779907
YGL061C,YOR153W,0,2.722435,0.10977903008460999,0.9015443921089172,0.7601364850997925
YBL010C,YGR279C,0,2.7216737,0.10976613312959671,0.9015443921089172,0.7602368593215942
YIL085C,YBL008W,0,2.7215,0.10975322872400284,0.9015443921089172,0.760337233543396
YGL012W,YNL106C,1,2.7212853,0.10985782742500305,0.9025096297264099,0.760337233543396
YBR215W,YMR074C,0,2.7198699,0.10984492301940918,0.9025096297264099,0.760437548160553
YFL044C,YCR023C,0,2.7192929,0.10983201861381531,0.9025096297264099,0.7605379223823547
YDL209C,YMR307W,0,2.7186916,0.10981912165880203,0.9025096297264099,0.7606382966041565
YCL027W,YJL203W,0,2.7184777,0.10980622470378876,0.9025096297264099,0.7607386708259583
YIL156W,YJR135W-A,0,2.7180388,0.10979332774877548,0.9025096297264099,0.76083904504776
YBR241C,YLR054C,0,2.7173274,0.1097804382443428,0.9025096297264099,0.760939359664917
YMR086W,YDR201W,0,2.7173042,0.10976754873991013,0.9025096297264099,0.7610397338867188
YPL174C,YCR036W,0,2.716672,0.10975466668605804,0.9025096297264099,0.7611401081085205
YGL133W,YKL107W,0,2.7165892,0.10974178463220596,0.9025096297264099,0.7612404823303223
YOR259C,YLR176C,0,2.7154074,0.10972890257835388,0.9025096297264099,0.761340856552124
YGL219C,YEL006W,0,2.715296,0.1097160279750824,0.9025096297264099,0.761441171169281
YIL124W,YGL087C,0,2.7144809,0.10970315337181091,0.9025096297264099,0.7615415453910828
YDL108W,YIR003W,0,2.7140603,0.10969028621912003,0.9025096297264099,0.7616419196128845
YBR293W,YLL023C,0,2.7140582,0.10967741906642914,0.9025096297264099,0.7617422938346863
YDR099W,YGR071C,0,2.713747,0.10966455191373825,0.9025096297264099,0.7618426084518433
YKR088C,YNL094W,0,2.7128956,0.10965169221162796,0.9025096297264099,0.761942982673645
YLR305C,YKL182W,1,2.7127137,0.10975609719753265,0.9034749269485474,0.761942982673645
YDR129C,YPL004C,0,2.71199,0.10974323004484177,0.9034749269485474,0.7620433568954468
YJR013W,YDR147W,1,2.7110662,0.10984759777784348,0.90444016456604,0.7620433568954468
YCR016W,YKL024C,0,2.7107043,0.10983472317457199,0.90444016456604,0.7621437311172485
YBR154C,YOR264W,0,2.710487,0.1098218485713005,0.90444016456604,0.7622441053390503
YNL194C,YGR165W,0,2.7098937,0.10980897396802902,0.90444016456604,0.7623444199562073
YOL088C,YHL017W,0,2.7097497,0.10979610681533813,0.90444016456604,0.762444794178009
YLR373C,YBL025W,0,2.7093415,0.10978324711322784,0.90444016456604,0.7625451683998108
YMR256C,YHR210C,0,2.7080853,0.10977038741111755,0.90444016456604,0.7626455426216125
YLR260W,YOR059C,1,2.7080173,0.1098746657371521,0.9054054021835327,0.7626455426216125
YMR060C,YDR441C,0,2.70755,0.10986179113388062,0.9054054021835327,0.7627458572387695
YGL095C,YMR042W,0,2.7065077,0.10984893143177032,0.9054054021835327,0.7628462314605713
YPL101W,YKL048C,0,2.7060795,0.10983606427907944,0.9054054021835327,0.762946605682373
YNL046W,YBR204C,0,2.7048898,0.10982320457696915,0.9054054021835327,0.7630469799041748
YLR093C,YOR124C,0,2.703984,0.10981035232543945,0.9054054021835327,0.7631473541259766
YDR342C,YKL138C,0,2.7037706,0.10979749262332916,0.9054054021835327,0.7632476687431335
YJR094W-A,YLR442C,0,2.7034507,0.10978464782238007,0.9054054021835327,0.7633480429649353
YLR304C,YKL100C,0,2.7032628,0.10977179557085037,0.9054054021835327,0.7634484171867371
YDL155W,YEL042W,0,2.702715,0.10975895076990128,0.9054054021835327,0.7635487914085388
YOL094C,YHR197W,0,2.7019966,0.10974611341953278,0.9054054021835327,0.7636491656303406
YBL067C,YML072C,0,2.701954,0.10973326861858368,0.9054054021835327,0.7637494802474976
YOL029C,YBR175W,0,2.701703,0.10972043871879578,0.9054054021835327,0.7638498544692993
YBR185C,YLL014W,0,2.7006168,0.10970760136842728,0.9054054021835327,0.7639502286911011
YBL006C,YGR253C,0,2.7000828,0.10969477146863937,0.9054054021835327,0.7640506029129028
YIL031W,YGL127C,0,2.6995628,0.10968194901943207,0.9054054021835327,0.7641509175300598
YDR506C,YNR063W,0,2.698382,0.10966911911964417,0.9054054021835327,0.7642512917518616
YPR169W,YNL082W,0,2.6980376,0.10965630412101746,0.9054054021835327,0.7643516659736633
YBL036C,YGL191W,0,2.6978443,0.10964348167181015,0.9054054021835327,0.7644520401954651
YOL075C,YGR088W,0,2.6974072,0.10963066667318344,0.9054054021835327,0.7645524144172668
YDR308C,YNL308C,0,2.696859,0.10961785912513733,0.9054054021835327,0.7646527290344238
YPR168W,YPR070W,0,2.6961355,0.10960505157709122,0.9054054021835327,0.7647531032562256
YNR038W,YDL067C,0,2.6957688,0.1095922440290451,0.9054054021835327,0.7648534774780273
YBR162C,YKL014C,0,2.6950707,0.10957943648099899,0.9054054021835327,0.7649538516998291
YOR131C,YDR036C,0,2.6942627,0.10956663638353348,0.9054054021835327,0.7650541663169861
YDR432W,YDR176W,0,2.693634,0.10955384373664856,0.9054054021835327,0.7651545405387878
YMR237W,YIL101C,0,2.6924186,0.10954105108976364,0.9054054021835327,0.7652549147605896
YBL004W,YKR010C,0,2.6922064,0.10952825844287872,0.9054054021835327,0.7653552889823914
YDR148C,YNL243W,0,2.6913502,0.1095154732465744,0.9054054021835327,0.7654556632041931
YFL061W,YFR050C,0,2.6911252,0.10950268805027008,0.9054054021835327,0.7655559778213501
YAL035W,YDR037W,0,2.689779,0.10948990285396576,0.9054054021835327,0.7656563520431519
YJL002C,YNL001W,0,2.6892705,0.10947712510824203,0.9054054021835327,0.7657567262649536
YGL106W,YDR021W,0,2.6886706,0.10946434736251831,0.9054054021835327,0.7658571004867554
YGR275W,YLR409C,0,2.6873636,0.10945157706737518,0.9054054021835327,0.7659574747085571
YGL018C,YGL145W,0,2.6873474,0.10943880677223206,0.9054054021835327,0.7660577893257141
YNL134C,YFR050C,0,2.6867661,0.10942603647708893,0.9054054021835327,0.7661581635475159
YMR164C,YMR223W,0,2.6864529,0.1094132736325264,0.9054054021835327,0.7662585377693176
YAL041W,YGL044C,0,2.6860337,0.10940051078796387,0.9054054021835327,0.7663589119911194
YMR188C,YML055W,0,2.685474,0.10938775539398193,0.9054054021835327,0.7664592266082764
YGL255W,YBR102C,0,2.6848176,0.109375,0.9054054021835327,0.7665596008300781
YOL002C,YEL048C,0,2.6844184,0.10936224460601807,0.9054054021835327,0.7666599750518799
YMR043W,YMR197C,0,2.684186,0.10934949666261673,0.9054054021835327,0.7667603492736816
YIL064W,YER170W,0,2.6840162,0.10933675616979599,0.9054054021835327,0.7668607234954834
YHL044W,YDL010W,0,2.6837144,0.10932400822639465,0.9054054021835327,0.7669610381126404
YGL196W,YGR241C,0,2.6836743,0.10931126773357391,0.9054054021835327,0.7670614123344421
YDL087C,YML102W,0,2.683507,0.10929853469133377,0.9054054021835327,0.7671617865562439
YMR237W,YML081W,0,2.6835003,0.10928579419851303,0.9054054021835327,0.7672621607780457
YFR005C,YNR061C,0,2.6831603,0.10927306860685349,0.9054054021835327,0.7673624753952026
YER140W,YDR200C,0,2.682279,0.10926033556461334,0.9054054021835327,0.7674628496170044
YBR159W,YPL103C,1,2.68158,0.10936407744884491,0.9063706398010254,0.7674628496170044
YKL156W,YOL027C,0,2.6812296,0.10935134440660477,0.9063706398010254,0.7675632238388062
YNL180C,YMR234W,0,2.6801348,0.10933861136436462,0.9063706398010254,0.7676635980606079
YDR409W,YLL013C,0,2.679174,0.10932587832212448,0.9063706398010254,0.7677639722824097
YPR067W,YNR022C,0,2.6791544,0.10931315273046494,0.9063706398010254,0.7678642868995667
YHR117W,YER007W,0,2.6788216,0.10930042713880539,0.9063706398010254,0.7679646611213684
YGR038W,YPR114W,0,2.6781373,0.10928770899772644,0.9063706398010254,0.7680650353431702
YOR298W,YLR386W,1,2.677977,0.10939136147499084,0.9073359370231628,0.7680650353431702
YOR316C,YEL038W,0,2.6779766,0.1093786358833313,0.9073359370231628,0.7681654095649719
YOR077W,YCL017C,0,2.6778638,0.10936591029167175,0.9073359370231628,0.7682657837867737
YML088W,YJR068W,0,2.677853,0.10935318470001221,0.9073359370231628,0.7683660984039307
YER018C,YGL249W,0,2.6775968,0.10934046655893326,0.9073359370231628,0.7684664726257324
YOL030W,YAL058W,0,2.6766899,0.10932774841785431,0.9073359370231628,0.7685668468475342
YPR104C,YJR145C,0,2.6757448,0.10931503772735596,0.9073359370231628,0.7686672210693359
YDR115W,YNL086W,0,2.674418,0.1093023270368576,0.9073359370231628,0.7687675356864929
YBL011W,YLR228C,1,2.6730452,0.10940588265657425,0.9083011746406555,0.7687675356864929
YDR208W,YLR070C,0,2.6710696,0.1093931645154953,0.9083011746406555,0.7688679099082947
YJL183W,YHR020W,0,2.6710305,0.10938044637441635,0.9083011746406555,0.7689682841300964
YMR247C,YPL236C,0,2.670335,0.109367735683918,0.9083011746406555,0.7690686583518982
YNL308C,YBR106W,0,2.6693945,0.10935502499341965,0.9083011746406555,0.7691690325737
YHL007C,YBR245C,0,2.668553,0.10934232175350189,0.9083011746406555,0.7692693471908569
YIL121W,YPL009C,0,2.6681867,0.10932961851358414,0.9083011746406555,0.7693697214126587
YCL011C,YHR141C,0,2.6675858,0.10931691527366638,0.9083011746406555,0.7694700956344604
YDR200C,YDR541C,0,2.6675787,0.10930421948432922,0.9083011746406555,0.7695704698562622
YGR224W,YLR115W,0,2.6667213,0.10929152369499207,0.9083011746406555,0.769670844078064
YHR037W,YLL053C,0,2.666715,0.10927882790565491,0.9083011746406555,0.769771158695221
YHR160C,YER119C,0,2.6660695,0.10926613956689835,0.9083011746406555,0.7698715329170227
YHR206W,YBR204C,0,2.6652668,0.10925345122814178,0.9083011746406555,0.7699719071388245
YKL063C,YPL015C,0,2.6650949,0.10924077033996582,0.9083011746406555,0.7700722813606262
YGR152C,YGL211W,0,2.6636071,0.10922808945178986,0.9083011746406555,0.7701725959777832
YKL156W,YGR217W,0,2.663597,0.10921541601419449,0.9083011746406555,0.770272970199585
YDR390C,YAL058W,0,2.6618965,0.10920273512601852,0.9083011746406555,0.7703733444213867
YDR363W,YCL016C,0,2.6614318,0.10919006913900375,0.9083011746406555,0.7704737186431885
YBR200W,YHL018W,0,2.660758,0.10917739570140839,0.9083011746406555,0.7705740928649902
YDL109C,YDR280W,0,2.6605525,0.10916472971439362,0.9083011746406555,0.7706744074821472
YGR283C,YOL039W,0,2.6603026,0.10915207117795944,0.9083011746406555,0.770774781703949
YMR232W,YLR426W,0,2.6601973,0.10913941264152527,0.9083011746406555,0.7708751559257507
YNL323W,YPL051W,0,2.656975,0.1091267541050911,0.9083011746406555,0.7709755301475525
YDR289C,YDL085W,0,2.655868,0.10911410301923752,0.9083011746406555,0.7710758447647095
YMR290C,YOR246C,0,2.6541762,0.10910145193338394,0.9083011746406555,0.7711762189865112
YLR262C,YER042W,0,2.654014,0.10908880084753036,0.9083011746406555,0.771276593208313
YNR007C,YKL052C,0,2.6534243,0.10907615721225739,0.9083011746406555,0.7713769674301147
YKR034W,YOR322C,0,2.6531367,0.1090635135769844,0.9083011746406555,0.7714773416519165
YFL034C-A,YDL166C,0,2.6526265,0.10905087739229202,0.9083011746406555,0.7715776562690735
YOR086C,YDR017C,0,2.6523347,0.10903824120759964,0.9083011746406555,0.7716780304908752
YOR143C,YNL197C,0,2.6523347,0.10902560502290726,0.9083011746406555,0.771778404712677
YDR111C,YPR148C,0,2.6519716,0.10901297628879547,0.9083011746406555,0.7718787789344788
YLR323C,YJL025W,0,2.6515303,0.10900034755468369,0.9083011746406555,0.7719791531562805
YMR026C,YJL110C,0,2.651269,0.1089877262711525,0.9083011746406555,0.7720794677734375
YPR055W,YJL219W,0,2.6496234,0.10897510498762131,0.9083011746406555,0.7721798419952393
YPR105C,YGL049C,0,2.6495087,0.10896248370409012,0.9083011746406555,0.772280216217041
YDR027C,YCL033C,0,2.6492047,0.10894986987113953,0.9083011746406555,0.7723805904388428
YLR070C,YHL019C,0,2.6485682,0.10893725603818893,0.9083011746406555,0.7724809050559998
YNL158W,YPL069C,1,2.648129,0.10904040187597275,0.9092664122581482,0.7724809050559998
YCR102C,YGL005C,0,2.6470768,0.10902778059244156,0.9092664122581482,0.7725812792778015
YDR316W,YJR056C,0,2.6468234,0.10901515930891037,0.9092664122581482,0.7726816534996033
YBR272C,YOL044W,0,2.6455152,0.10900254547595978,0.9092664122581482,0.772782027721405
YNL058C,YHR115C,0,2.645382,0.10898993164300919,0.9092664122581482,0.7728824019432068
YLR259C,YLR204W,0,2.645302,0.10897732526063919,0.9092664122581482,0.7729827165603638
YDR238C,YFL047W,0,2.644865,0.1089647188782692,0.9092664122581482,0.7730830907821655
YER123W,YER122C,0,2.6424327,0.1089521199464798,0.9092664122581482,0.7731834650039673
YNL222W,YOR094W,0,2.6423068,0.1089395135641098,0.9092664122581482,0.773283839225769
YHR003C,YBR029C,0,2.641354,0.108926922082901,0.9092664122581482,0.773384153842926
YLR336C,YLR340W,0,2.6410444,0.1089143231511116,0.9092664122581482,0.7734845280647278
YGR277C,YKR046C,0,2.6406612,0.1089017316699028,0.9092664122581482,0.7735849022865295
YDR259C,YHL017W,0,2.6403165,0.1088891476392746,0.9092664122581482,0.7736852765083313
YDL005C,YHR034C,0,2.6402428,0.10887656360864639,0.9092664122581482,0.7737856507301331
YDR317W,YNR073C,0,2.6398828,0.10886397957801819,0.9092664122581482,0.77388596534729
YGR186W,YBR056W,0,2.6388834,0.10885139554738998,0.9092664122581482,0.7739863395690918
YLR040C,YPR079W,0,2.6379364,0.10883881896734238,0.9092664122581482,0.7740867137908936
YHR035W,YBR078W,0,2.6370406,0.10882624983787537,0.9092664122581482,0.7741870880126953
YCL027W,YGL210W,0,2.6369054,0.10881367325782776,0.9092664122581482,0.7742874622344971
YGL032C,YOL034W,0,2.6358283,0.10880111157894135,0.9092664122581482,0.774387776851654
YIR003W,YLR286C,0,2.6354969,0.10878854244947433,0.9092664122581482,0.7744881510734558
YNL181W,YOR059C,0,2.6345556,0.10877598077058792,0.9092664122581482,0.7745885252952576
YDR182W,YOR266W,0,2.633487,0.10876341909170151,0.9092664122581482,0.7746888995170593
YNL217W,YDR065W,0,2.6331582,0.10875086486339569,0.9092664122581482,0.7747892141342163
YPL068C,YNL288W,0,2.630311,0.10873831063508987,0.9092664122581482,0.7748895883560181
YNL146W,YKR059W,0,2.6283374,0.10872576385736465,0.9092664122581482,0.7749899625778198
YGL195W,YJR054W,0,2.6280293,0.10871321707963943,0.9092664122581482,0.7750903367996216
YER140W,YAL047C,0,2.627797,0.10870067030191422,0.9092664122581482,0.7751907110214233
YIL096C,YJR077C,0,2.626831,0.10868813097476959,0.9092664122581482,0.7752910256385803
YDR309C,YBR098W,0,2.6264796,0.10867559164762497,0.9092664122581482,0.7753913998603821
YLL016W,YPL045W,0,2.6262727,0.10866305232048035,0.9092664122581482,0.7754917740821838
YBR215W,YDR356W,0,2.6259575,0.10865052044391632,0.9092664122581482,0.7755921483039856
YNL289W,YDR307W,0,2.6253557,0.1086379885673523,0.9092664122581482,0.7756925225257874
YPR124W,YBR098W,0,2.6251693,0.10862546414136887,0.9092664122581482,0.7757928371429443
YDR091C,YDR266C,0,2.6249256,0.10861293971538544,0.9092664122581482,0.7758932113647461
YKR058W,YGL222C,0,2.6246781,0.10860041528940201,0.9092664122581482,0.7759935855865479
YOR026W,YLR220W,0,2.6242313,0.10858789831399918,0.9092664122581482,0.7760939598083496
YBR087W,YHR052W,0,2.624104,0.10857538133859634,0.9092664122581482,0.7761942744255066
YOR066W,YER113C,0,2.6226053,0.10856286436319351,0.9092664122581482,0.7762946486473083
YHR027C,YDR054C,0,2.6224134,0.10855035483837128,0.9092664122581482,0.7763950228691101
YBR293W,YGL240W,0,2.6222148,0.10853785276412964,0.9092664122581482,0.7764953970909119
YFL018W-A,YDR148C,0,2.622212,0.1085253432393074,0.9092664122581482,0.7765957713127136
YBR056W,YMR150C,0,2.6217017,0.10851284116506577,0.9092664122581482,0.7766960859298706
YOR389W,YDR409W,0,2.6213593,0.10850034654140472,0.9092664122581482,0.7767964601516724
YDL213C,YER174C,0,2.620829,0.10848785191774368,0.9092664122581482,0.7768968343734741
YJR076C,YPL160W,0,2.6205769,0.10847535729408264,0.9092664122581482,0.7769972085952759
YGR174C,YIL082W-A,0,2.6201558,0.1084628701210022,0.9092664122581482,0.7770975232124329
YOR171C,YKL051W,1,2.6193724,0.10856550931930542,0.9102316498756409,0.7770975232124329
YLR297W,YJL048C,0,2.6191025,0.10855300724506378,0.9102316498756409,0.7771978974342346
YER007W,YNR032C-A,0,2.6182559,0.10854051262140274,0.9102316498756409,0.7772982716560364
YPL068C,YPL033C,0,2.6179423,0.1085280254483223,0.9102316498756409,0.7773986458778381
YBR016W,YNL030W,0,2.61763,0.10851553827524185,0.9102316498756409,0.7774990200996399
YOR334W,YDR201W,0,2.6175408,0.10850305110216141,0.9102316498756409,0.7775993347167969
YER180C,YNL088W,0,2.6170335,0.10849056392908096,0.9102316498756409,0.7776997089385986
YPL145C,YJL174W,0,2.616714,0.10847808420658112,0.9102316498756409,0.7778000831604004
YJL057C,YCL047C,0,2.6164162,0.10846561193466187,0.9102316498756409,0.7779004573822021
YOR356W,YHR187W,0,2.6164045,0.10845313221216202,0.9102316498756409,0.7780008316040039
YHL013C,YLR096W,0,2.616189,0.10844065994024277,0.9102316498756409,0.7781011462211609
YNL015W,YPR097W,0,2.61616,0.10842819511890411,0.9102316498756409,0.7782015204429626
YDR531W,YIL022W,0,2.615724,0.10841573029756546,0.9102316498756409,0.7783018946647644
YMR080C,YDR420W,0,2.614407,0.1084032654762268,0.9102316498756409,0.7784022688865662
YKR075C,YER014W,0,2.6132832,0.10839080810546875,0.9102316498756409,0.7785025835037231
YHR106W,YDL147W,0,2.6119351,0.1083783507347107,0.9102316498756409,0.7786029577255249
YIL002C,YOR109W,1,2.6118603,0.10848081111907959,0.9111968874931335,0.7786029577255249
YLR059C,YNL292W,0,2.610961,0.10846834629774094,0.9111968874931335,0.7787033319473267
YPL061W,YFR016C,0,2.6109483,0.10845588147640228,0.9111968874931335,0.7788037061691284
YPR118W,YHR032W,0,2.610374,0.10844342410564423,0.9111968874931335,0.7789040803909302
YDR484W,YIL091C,0,2.6103325,0.10843096673488617,0.9111968874931335,0.7790043950080872
YHR133C,YML063W,0,2.609825,0.10841851681470871,0.9111968874931335,0.7791047692298889
YMR247C,YPR097W,0,2.609661,0.10840606689453125,0.9111968874931335,0.7792051434516907
YGL160W,YGL128C,0,2.609177,0.10839361697435379,0.9111968874931335,0.7793055176734924
YDR506C,YDR342C,0,2.6069055,0.10838117450475693,0.9111968874931335,0.7794058322906494
YNL189W,YPL241C,0,2.6055455,0.10836873203516006,0.9111968874931335,0.7795062065124512
YDL235C,YDR320C,0,2.6049,0.1083562895655632,0.9111968874931335,0.7796065807342529
YDL025C,YBL099W,0,2.6045995,0.10834385454654694,0.9111968874931335,0.7797069549560547
YNL081C,YNR061C,0,2.603775,0.10833141952753067,0.9111968874931335,0.7798073291778564
YPR082C,YPR101W,0,2.6035595,0.108318991959095,0.9111968874931335,0.7799076437950134
YOL056W,YBR139W,0,2.6023648,0.10830656439065933,0.9111968874931335,0.7800080180168152
YGR217W,YEL063C,0,2.6020749,0.10829413682222366,0.9111968874931335,0.7801083922386169
YBR240C,YOR011W,0,2.6014833,0.10828171670436859,0.9111968874931335,0.7802087664604187
YLR196W,YNL217W,0,2.6014633,0.10826929658651352,0.9111968874931335,0.7803091406822205
YGR029W,YLL067C,0,2.6010594,0.10825688391923904,0.9111968874931335,0.7804094552993774
YDR288W,YCR008W,0,2.5999327,0.10824446380138397,0.9111968874931335,0.7805098295211792
YDR425W,YEL004W,0,2.599892,0.1082320585846901,0.9111968874931335,0.780610203742981
YHL003C,YJR107W,1,2.5995789,0.10833428800106049,0.912162184715271,0.780610203742981
YDL222C,YHR001W,0,2.5993042,0.10832186788320541,0.912162184715271,0.7807105779647827
YDL015C,YLR305C,1,2.5991497,0.10842406749725342,0.9131274223327637,0.7807105779647827
YIR034C,YOR308C,0,2.5990996,0.10841163992881775,0.9131274223327637,0.7808108925819397
YDR201W,YJL110C,0,2.5987637,0.10839921981096268,0.9131274223327637,0.7809112668037415
YDR018C,YCR044C,1,2.5984774,0.1085013747215271,0.9140926599502563,0.7809112668037415
YDR191W,YLR185W,0,2.5976214,0.10848894715309143,0.9140926599502563,0.7810116410255432
YEL051W,YJL033W,0,2.5969424,0.10847651958465576,0.9140926599502563,0.781112015247345
YNR063W,YMR163C,0,2.596246,0.10846409201622009,0.9140926599502563,0.7812123894691467
YDR322W,YOL115W,0,2.5960057,0.10845167189836502,0.9140926599502563,0.7813127040863037
YMR260C,YJL096W,0,2.5952077,0.10843925178050995,0.9140926599502563,0.7814130783081055
YGR156W,YML125C,0,2.5951715,0.10842683911323547,0.9140926599502563,0.7815134525299072
YER016W,YML062C,0,2.5950065,0.108414426445961,0.9140926599502563,0.781613826751709
YJL057C,YEL050C,0,2.5948792,0.10840201377868652,0.9140926599502563,0.781714141368866
YJR027W,YLR328W,0,2.5931313,0.10838960856199265,0.9140926599502563,0.7818145155906677
YLR319C,YHR133C,0,2.5916023,0.10837720334529877,0.9140926599502563,0.7819148898124695
YPL053C,YLR068W,0,2.5905495,0.10836479812860489,0.9140926599502563,0.7820152640342712
YMR311C,YNL167C,0,2.5894978,0.10835240036249161,0.9140926599502563,0.782115638256073
YBR171W,YHR187W,0,2.5889986,0.10834001004695892,0.9140926599502563,0.78221595287323
YHR088W,YLL067C,0,2.5888908,0.10832761228084564,0.9140926599502563,0.7823163270950317
YIL144W,YMR130W,0,2.5882013,0.10831522196531296,0.9140926599502563,0.7824167013168335
YLR306W,YNL082W,0,2.587569,0.10830283910036087,0.9140926599502563,0.7825170755386353
YML118W,YJR019C,0,2.5866308,0.10829044878482819,0.9140926599502563,0.782617449760437
YGR026W,YKR095W,0,2.5863566,0.1082780733704567,0.9140926599502563,0.782717764377594
YER169W,YKL221W,0,2.5859795,0.10826569050550461,0.9140926599502563,0.7828181385993958
YOR236W,YPL241C,0,2.5845304,0.10825331509113312,0.9140926599502563,0.7829185128211975
YNL186W,YKL191W,0,2.5843391,0.10824093967676163,0.9140926599502563,0.7830188870429993
YIR019C,YEL046C,0,2.5835524,0.10822857171297073,0.9140926599502563,0.7831192016601562
YNL229C,YNL190W,0,2.5831387,0.10821620374917984,0.9140926599502563,0.783219575881958
YOR262W,YBR236C,0,2.5826898,0.10820383578538895,0.9140926599502563,0.7833199501037598
YJL183W,YJR017C,0,2.5823367,0.10819147527217865,0.9140926599502563,0.7834203243255615
YML024W,YEL026W,0,2.5822437,0.10817911475896835,0.9140926599502563,0.7835206985473633
YBR156C,YMR116C,0,2.5811002,0.10816676169633865,0.9140926599502563,0.7836210131645203
YDL006W,YLR110C,0,2.5799065,0.10815440863370895,0.9140926599502563,0.783721387386322
YOR022C,YDR541C,0,2.5794296,0.10814205557107925,0.9140926599502563,0.7838217616081238
YNL164C,YJL216C,0,2.5787868,0.10812970995903015,0.9140926599502563,0.7839221358299255
YLR057W,YMR056C,0,2.5785625,0.10811736434698105,0.9140926599502563,0.7840225100517273
YOR128C,YGR067C,0,2.57824,0.10810502618551254,0.9140926599502563,0.7841228246688843
YDR153C,YER139C,0,2.577794,0.10809268057346344,0.9140926599502563,0.784223198890686
YOL061W,YDR441C,0,2.5776029,0.10808034986257553,0.9140926599502563,0.7843235731124878
YDR197W,YJR088C,0,2.5774753,0.10806801170110703,0.9140926599502563,0.7844239473342896
YMR166C,YDR495C,0,2.577447,0.10805568099021912,0.9140926599502563,0.7845242619514465
YPL074W,YHR120W,0,2.577301,0.1080433577299118,0.9140926599502563,0.7846246361732483
YPR174C,YER089C,0,2.5772686,0.1080310270190239,0.9140926599502563,0.78472501039505
YBR030W,YLR467W,0,2.577156,0.10801870375871658,0.9140926599502563,0.7848253846168518
YBL084C,YMR274C,0,2.5770297,0.10800638794898987,0.9140926599502563,0.7849257588386536
YPR071W,YOR066W,0,2.5761766,0.10799407213926315,0.9140926599502563,0.7850260734558105
YLR064W,YKR022C,0,2.576047,0.10798175632953644,0.9140926599502563,0.7851264476776123
YGL016W,YDR210W,0,2.575801,0.10796944797039032,0.9140926599502563,0.7852268218994141
YOL018C,YDL010W,0,2.5757618,0.1079571396112442,0.9140926599502563,0.7853271961212158
YER060W-A,YHR141C,0,2.5749946,0.10794483125209808,0.9140926599502563,0.7854275107383728
YDR320C-A,YGL227W,0,2.5748138,0.10793253034353256,0.9140926599502563,0.7855278849601746
YJR035W,YKL062W,0,2.574368,0.10792022943496704,0.9140926599502563,0.7856282591819763
YOL088C,YDL139C,0,2.571971,0.10790792852640152,0.9140926599502563,0.7857286334037781
YNL031C,YPR114W,0,2.5715556,0.1078956350684166,0.9140926599502563,0.7858290076255798
YML113W,YPL086C,0,2.571494,0.10788334161043167,0.9140926599502563,0.7859293222427368
YOR047C,YML062C,0,2.571074,0.10787105560302734,0.9140926599502563,0.7860296964645386
YCL027W,YDR179C,0,2.570618,0.10785876959562302,0.9140926599502563,0.7861300706863403
YML118W,YDR246W,0,2.570563,0.10784648358821869,0.9140926599502563,0.7862304449081421
YBR210W,YPL210C,0,2.5695176,0.10783420503139496,0.9140926599502563,0.7863308191299438
YJL160C,YGL205W,0,2.568075,0.10782192647457123,0.9140926599502563,0.7864311337471008
YPR086W,YCL067C,0,2.5680742,0.1078096553683281,0.9140926599502563,0.7865315079689026
YLR341W,YNL112W,0,2.5675511,0.10779738426208496,0.9140926599502563,0.7866318821907043
YOL127W,YOR359W,0,2.5663137,0.10778511315584183,0.9140926599502563,0.7867322564125061
YIL093C,YKL192C,0,2.5662365,0.10777284950017929,0.9140926599502563,0.7868325710296631
YPL013C,YPR020W,0,2.5653992,0.10776058584451675,0.9140926599502563,0.7869329452514648
YBL031W,YHR121W,0,2.5640616,0.10774832218885422,0.9140926599502563,0.7870333194732666
YLL053C,YGL135W,0,2.5628552,0.10773606598377228,0.9140926599502563,0.7871336936950684
YML113W,YJL197W,0,2.562437,0.10772380977869034,0.9140926599502563,0.7872340679168701
YOR271C,YKL110C,0,2.5623946,0.1077115535736084,0.9140926599502563,0.7873343825340271
YHR117W,YLR001C,0,2.5622706,0.10769930481910706,0.9140926599502563,0.7874347567558289
YLR001C,YBR049C,0,2.5618455,0.10768705606460571,0.9140926599502563,0.7875351309776306
YCL039W,YGR001C,0,2.5616155,0.10767481476068497,0.9140926599502563,0.7876355051994324
YDR421W,YJL065C,0,2.5615487,0.10766257345676422,0.9140926599502563,0.7877358198165894
YHR084W,YGL079W,0,2.5613995,0.10765033215284348,0.9140926599502563,0.7878361940383911
YKL024C,YHL020C,0,2.5611799,0.10763809829950333,0.9140926599502563,0.7879365682601929
YPR063C,YMR091C,0,2.5608382,0.10762586444616318,0.9140926599502563,0.7880369424819946
YKR089C,YHR001W,1,2.560307,0.10772727429866791,0.915057897567749,0.7880369424819946
YIR010W,YNL046W,0,2.5599298,0.10771503299474716,0.915057897567749,0.7881373167037964
YJL092W,YBL106C,0,2.5595598,0.10770279169082642,0.915057897567749,0.7882376313209534
YJR132W,YPR181C,0,2.559488,0.10769055783748627,0.915057897567749,0.7883380055427551
YNL299W,YJL209W,0,2.557083,0.10767833143472672,0.915057897567749,0.7884383797645569
YER106W,YHR026W,0,2.555743,0.10766609758138657,0.915057897567749,0.7885387539863586
YNL331C,YPL158C,0,2.555388,0.10765387117862701,0.915057897567749,0.7886391282081604
YDR500C,YMR121C,0,2.5546885,0.10764165222644806,0.915057897567749,0.7887394428253174
YHR035W,YFR030W,0,2.5545292,0.10762942582368851,0.915057897567749,0.7888398170471191
YPR098C,YGL205W,0,2.5544372,0.10761720687150955,0.915057897567749,0.7889401912689209
YDR399W,YNL086W,0,2.5542378,0.1076049953699112,0.915057897567749,0.7890405654907227
YER087C-A,YLR138W,0,2.5536032,0.10759278386831284,0.915057897567749,0.7891408801078796
YMR262W,YLR011W,0,2.553576,0.10758057236671448,0.915057897567749,0.7892412543296814
YLR297W,YGL191W,0,2.5520663,0.10756836831569672,0.915057897567749,0.7893416285514832
YDR480W,YPL146C,0,2.551455,0.10755616426467896,0.915057897567749,0.7894420027732849
YML041C,YGR007W,0,2.5509815,0.1075439602136612,0.915057897567749,0.7895423769950867
YMR214W,YCR035C,0,2.5496993,0.10753176361322403,0.915057897567749,0.7896426916122437
YBR005W,YGR218W,0,2.5495524,0.10751956701278687,0.915057897567749,0.7897430658340454
YOL056W,YIR013C,0,2.548386,0.1075073704123497,0.915057897567749,0.7898434400558472
YBR050C,YPR004C,0,2.5482256,0.10749518126249313,0.915057897567749,0.7899438142776489
YMR059W,YCR018C,0,2.5464687,0.10748299211263657,0.915057897567749,0.7900441884994507
YPL236C,YHL031C,0,2.5453935,0.1074708104133606,0.915057897567749,0.7901445031166077
YMR236W,YPR143W,0,2.544679,0.10745862871408463,0.915057897567749,0.7902448773384094
YPL234C,YIL167W,0,2.5427907,0.10744644701480865,0.915057897567749,0.7903452515602112
YDR004W,YMR163C,0,2.5419226,0.10743427276611328,0.915057897567749,0.7904456257820129
YHR099W,YJL097W,0,2.5418334,0.10742209851741791,0.915057897567749,0.7905459403991699
YMR125W,YMR050C,0,2.541548,0.10740992426872253,0.915057897567749,0.7906463146209717
YOL007C,YEL077C,0,2.5411706,0.10739775747060776,0.915057897567749,0.7907466888427734
YJL083W,YOR022C,1,2.5411205,0.10749886929988861,0.9160231947898865,0.7907466888427734
YLR308W,YKL059C,0,2.5409443,0.10748669505119324,0.9160231947898865,0.7908470630645752
YJR014W,YPR082C,0,2.5408103,0.10747452080249786,0.9160231947898865,0.790947437286377
YKR025W,YNL286W,0,2.5407512,0.10746234655380249,0.9160231947898865,0.7910477519035339
YPL047W,YGR046W,0,2.5396302,0.10745017975568771,0.9160231947898865,0.7911481261253357
YOR363C,YBR159W,1,2.5366292,0.10755123198032379,0.9169884324073792,0.7911481261253357
YPL074W,YHR020W,0,2.5360742,0.10753905028104782,0.9169884324073792,0.7912485003471375
YJL010C,YGL167C,0,2.5360568,0.10752688348293304,0.9169884324073792,0.7913488745689392
YKL158W,YBR273C,0,2.5359483,0.10751470923423767,0.9169884324073792,0.7914491891860962
YBR003W,YOR059C,1,2.5359292,0.10761570930480957,0.9179536700248718,0.7914491891860962
YJL098W,YIL052C,0,2.534624,0.1076035276055336,0.9179536700248718,0.791549563407898
YOR075W,YIL044C,0,2.5325217,0.10759135335683823,0.9179536700248718,0.7916499376296997
YPL055C,YOR075W,0,2.5322332,0.10757918655872345,0.9179536700248718,0.7917503118515015
YBR258C,YLR320W,0,2.5316994,0.10756701976060867,0.9179536700248718,0.7918506860733032
YML034W,YBR012W-A,0,2.5313187,0.1075548529624939,0.9179536700248718,0.7919510006904602
YBR241C,YER007W,0,2.531217,0.10754268616437912,0.9179536700248718,0.792051374912262
YFR010W,YJR134C,0,2.5308852,0.10753052681684494,0.9179536700248718,0.7921517491340637
YBR177C,YAL013W,1,2.5308428,0.10763143002986908,0.9189189076423645,0.7921517491340637
YBL105C,YJR076C,0,2.5305882,0.1076192632317543,0.9189189076423645,0.7922521233558655
YML077W,YNL286W,0,2.5299358,0.10760709643363953,0.9189189076423645,0.7923524975776672
YLR215C,YNL164C,0,2.5295973,0.10759493708610535,0.9189189076423645,0.7924528121948242
YOR267C,YDR435C,0,2.5286932,0.10758277773857117,0.9189189076423645,0.792553186416626
YCR035C,YBR208C,0,2.5282106,0.10757061839103699,0.9189189076423645,0.7926535606384277
YML045W,YER102W,0,2.5277567,0.1075584664940834,0.9189189076423645,0.7927539348602295
YPR071W,YNL075W,0,2.5275939,0.10754631459712982,0.9189189076423645,0.7928542494773865
YLR438C-A,YGR055W,0,2.5268936,0.10753417015075684,0.9189189076423645,0.7929546236991882
YBR088C,YER109C,0,2.52626,0.10752202570438385,0.9189189076423645,0.79305499792099
YNL316C,YOR001W,0,2.5260806,0.10750988125801086,0.9189189076423645,0.7931553721427917
YNR063W,YDR258C,0,2.5252132,0.10749774426221848,0.9189189076423645,0.7932557463645935
YHR073W,YNL202W,1,2.52476,0.10759851336479187,0.9198841452598572,0.7932557463645935
YGR120C,YJR088C,0,2.524648,0.10758636146783829,0.9198841452598572,0.7933560609817505
YLR118C,YBR058C-A,1,2.524242,0.1076871007680893,0.9208494424819946,0.7933560609817505
YDR394W,YHR146W,0,2.523473,0.10767494142055511,0.9208494424819946,0.7934564352035522
YOR254C,YMR234W,0,2.522779,0.10766278952360153,0.9208494424819946,0.793556809425354
YOR016C,YBL018C,0,2.5214257,0.10765064507722855,0.9208494424819946,0.7936571836471558
YCL038C,YCR009C,0,2.5209637,0.10763850063085556,0.9208494424819946,0.7937574982643127
YDL205C,YER099C,0,2.5195847,0.10762635618448257,0.9208494424819946,0.7938578724861145
YLL066C,YMR235C,0,2.519288,0.10761421173810959,0.9208494424819946,0.7939582467079163
YMR262W,YDL154W,0,2.51875,0.1076020747423172,0.9208494424819946,0.794058620929718
YNL113W,YBL069W,0,2.517356,0.10758993774652481,0.9208494424819946,0.7941589951515198
YDR121W,YDR186C,0,2.5127432,0.10757780820131302,0.9208494424819946,0.7942593097686768
YDR108W,YGR205W,0,2.5120323,0.10756567865610123,0.9208494424819946,0.7943596839904785
YGL144C,YLR242C,1,2.511416,0.10766629129648209,0.9218146800994873,0.7943596839904785
YDL232W,YOL125W,0,2.5109305,0.1076541543006897,0.9218146800994873,0.7944600582122803
YNL045W,YKR067W,1,2.5088408,0.10775473713874817,0.92277991771698,0.7944600582122803
YER071C,YMR125W,0,2.508132,0.10774259269237518,0.92277991771698,0.794560432434082
YLR015W,YLR249W,0,2.506122,0.1077304482460022,0.92277991771698,0.7946608066558838
YDR091C,YKR094C,0,2.504908,0.10771831125020981,0.92277991771698,0.7947611212730408
YEL009C,YDR283C,0,2.5034847,0.10770617425441742,0.92277991771698,0.7948614954948425
YNL210W,YNL075W,0,2.5028176,0.10769403725862503,0.92277991771698,0.7949618697166443
YDR253C,YGR017W,0,2.5023885,0.10768190771341324,0.92277991771698,0.795062243938446
YCR016W,YOR330C,0,2.5016632,0.10766978561878204,0.92277991771698,0.795162558555603
YLR399C,YCR069W,0,2.50067,0.10765765607357025,0.92277991771698,0.7952629327774048
YNL134C,YHR028C,0,2.50052,0.10764553397893906,0.92277991771698,0.7953633069992065
YDR437W,YDR465C,0,2.4997084,0.10763341933488846,0.92277991771698,0.7954636812210083
YGL029W,YOR061W,0,2.4984972,0.10762129724025726,0.92277991771698,0.7955640554428101
YDR147W,YLR364W,0,2.4981003,0.10760918259620667,0.92277991771698,0.795664370059967
YBR211C,YHR201C,0,2.4980125,0.10759707540273666,0.92277991771698,0.7957647442817688
YJR027W,YDR041W,0,2.4975271,0.10758496820926666,0.92277991771698,0.7958651185035706
YOL075C,YHR113W,0,2.4963145,0.10757286101579666,0.92277991771698,0.7959654927253723
YOR143C,YBR254C,0,2.4959369,0.10756075382232666,0.92277991771698,0.7960658073425293
YCR027C,YJR089W,0,2.494028,0.10754865407943726,0.92277991771698,0.796166181564331
YMR091C,YGR024C,0,2.4939737,0.10753655433654785,0.92277991771698,0.7962665557861328
YER149C,YLR277C,0,2.4930575,0.10752446204423904,0.92277991771698,0.7963669300079346
YLR154C,YIL019W,0,2.492796,0.10751236975193024,0.92277991771698,0.7964673042297363
YDR239C,YPL248C,0,2.4915836,0.10750027745962143,0.92277991771698,0.7965676188468933
YBR065C,YHR080C,0,2.4915304,0.10748819261789322,0.92277991771698,0.7966679930686951
YDR056C,YDR251W,0,2.4915032,0.10747610777616501,0.92277991771698,0.7967683672904968
YBR083W,YDR186C,0,2.491117,0.1074640303850174,0.92277991771698,0.7968687415122986
YCR066W,YER041W,0,2.4908314,0.10745195299386978,0.92277991771698,0.7969691157341003
YHR167W,YPL051W,0,2.4907444,0.10743987560272217,0.92277991771698,0.7970694303512573
YHR191C,YHR112C,0,2.4889894,0.10742779821157455,0.92277991771698,0.7971698045730591
YJL041W,YBL008W,0,2.4885707,0.10741572827100754,0.92277991771698,0.7972701787948608
YIL099W,YJR160C,0,2.4876437,0.10740366578102112,0.92277991771698,0.7973705530166626
YKL006W,YGL054C,0,2.4873877,0.1073915958404541,0.92277991771698,0.7974708676338196
YKL197C,YDL138W,0,2.4872284,0.10737953335046768,0.92277991771698,0.7975712418556213
YGR075C,YPR094W,0,2.4870582,0.10736747831106186,0.92277991771698,0.7976716160774231
YGL219C,YDR545W,0,2.4853487,0.10735541582107544,0.92277991771698,0.7977719902992249
YGR262C,YJL122W,0,2.4839911,0.10734336078166962,0.92277991771698,0.7978723645210266
YLR451W,YMR088C,0,2.4838085,0.10733131319284439,0.92277991771698,0.7979726791381836
YBR210W,YPR025C,0,2.48317,0.10731926560401917,0.92277991771698,0.7980730533599854
YDR506C,YPL168W,0,2.4826252,0.10730721801519394,0.92277991771698,0.7981734275817871
YDL093W,YLR015W,0,2.481948,0.10729517042636871,0.92277991771698,0.7982738018035889
YIL008W,YGL111W,0,2.4818501,0.10728313028812408,0.92277991771698,0.7983741760253906
YDR110W,YKL079W,0,2.480205,0.10727109760046005,0.92277991771698,0.7984744906425476
YER180C,YDR446W,0,2.4801986,0.10725905746221542,0.92277991771698,0.7985748648643494
YOR241W,YJL108C,0,2.4801185,0.10724702477455139,0.92277991771698,0.7986752390861511
YIL067C,YGR037C,0,2.4796343,0.10723499953746796,0.92277991771698,0.7987756133079529
YJL139C,YLR446W,0,2.4794421,0.10722296684980392,0.92277991771698,0.7988759279251099
YAL053W,YLR361C,0,2.4783516,0.10721094906330109,0.92277991771698,0.7989763021469116
YNL289W,YPL128C,0,2.4778042,0.10719892382621765,0.92277991771698,0.7990766763687134
YPL085W,YKL048C,0,2.477569,0.10718690603971481,0.92277991771698,0.7991770505905151
YLR134W,YNR041C,0,2.4775648,0.10717488825321198,0.92277991771698,0.7992774248123169
YNL194C,YNL029C,0,2.4772432,0.10716287046670914,0.92277991771698,0.7993777394294739
YJL125C,YPL209C,0,2.477178,0.1071508601307869,0.92277991771698,0.7994781136512756
YDR039C,YJR015W,0,2.476859,0.10713885724544525,0.92277991771698,0.7995784878730774
YDR477W,YBR012W-A,0,2.4764137,0.10712684690952301,0.92277991771698,0.7996788620948792
YJL076W,YMR021C,0,2.4761677,0.10711484402418137,0.92277991771698,0.7997791767120361
YPL237W,YPL016W,0,2.475903,0.10710284858942032,0.92277991771698,0.7998795509338379
YJR076C,YBR158W,0,2.4756312,0.10709084570407867,0.92277991771698,0.7999799251556396
YHR080C,YBL023C,0,2.4754498,0.10707885026931763,0.92277991771698,0.8000802993774414
YLR178C,YOR019W,0,2.4749203,0.10706686228513718,0.92277991771698,0.8001806735992432
YGL243W,YNL291C,0,2.4744806,0.10705487430095673,0.92277991771698,0.8002809882164001
YDL109C,YDR208W,1,2.4732478,0.10715485364198685,0.9237451553344727,0.8002809882164001
YNL113W,YJR016C,0,2.4724422,0.1071428582072258,0.9237451553344727,0.8003813624382019
YDL201W,YGR283C,0,2.4716935,0.10713086277246475,0.9237451553344727,0.8004817366600037
YPL141C,YJL091C,0,2.4713821,0.1071188747882843,0.9237451553344727,0.8005821108818054
YLR396C,YKL176C,0,2.4709153,0.10710687935352325,0.9237451553344727,0.8006824851036072
YIR019C,YIR017C,0,2.4707427,0.1070948988199234,0.9237451553344727,0.8007827997207642
YGR096W,YGR098C,0,2.4692502,0.10708291083574295,0.9237451553344727,0.8008831739425659
YGR001C,YGR202C,0,2.4682126,0.1070709303021431,0.9237451553344727,0.8009835481643677
YHR176W,YDR358W,0,2.4678192,0.10705895721912384,0.9237451553344727,0.8010839223861694
YFL062W,YPR071W,0,2.467805,0.10704697668552399,0.9237451553344727,0.8011842370033264
YJR054W,YMR121C,0,2.467804,0.10703500360250473,0.9237451553344727,0.8012846112251282
YER123W,YMR076C,0,2.467586,0.10702303797006607,0.9237451553344727,0.8013849854469299
YDR267C,YDR121W,0,2.4674926,0.10701107233762741,0.9237451553344727,0.8014853596687317
YHR185C,YNR070W,0,2.466148,0.10699910670518875,0.9237451553344727,0.8015857338905334
YDL043C,YNL225C,0,2.4658356,0.10698714107275009,0.9237451553344727,0.8016860485076904
YOR033C,YKL006C-A,0,2.465338,0.10697518289089203,0.9237451553344727,0.8017864227294922
YER032W,YKL092C,0,2.46412,0.10696322470903397,0.9237451553344727,0.801886796951294
YPL206C,YLR284C,1,2.4635353,0.10706303268671036,0.9247104525566101,0.801886796951294
YOR381W,YOR228C,0,2.4633849,0.1070510670542717,0.9247104525566101,0.8019871711730957
YOR190W,YOR359W,0,2.4632702,0.10703910887241364,0.9247104525566101,0.8020874857902527
YBL021C,YIL127C,0,2.461685,0.10702715069055557,0.9247104525566101,0.8021878600120544
YMR166C,YDR506C,0,2.4602191,0.10701519250869751,0.9247104525566101,0.8022882342338562
YHL050C,YLR246W,0,2.4598713,0.10700324177742004,0.9247104525566101,0.802388608455658
YDL209C,YNL082W,0,2.4586754,0.10699129104614258,0.9247104525566101,0.8024889826774597
YDR320C-A,YDL099W,0,2.4571009,0.10697934031486511,0.9247104525566101,0.8025892972946167
YKL073W,YOL130W,0,2.4568763,0.10696739703416824,0.9247104525566101,0.8026896715164185
YJL183W,YOL061W,0,2.4563546,0.10695545375347137,0.9247104525566101,0.8027900457382202
YGL232W,YOL078W,0,2.4563503,0.1069435104727745,0.9247104525566101,0.802890419960022
YCL029C,YJR145C,0,2.456044,0.10693157464265823,0.9247104525566101,0.8029907941818237
YJR027W,YER110C,0,2.456039,0.10691964626312256,0.9247104525566101,0.8030911087989807
YDL025C,YHL044W,0,2.455675,0.10690771043300629,0.9247104525566101,0.8031914830207825
YDL124W,YJL065C,0,2.455371,0.10689578205347061,0.9247104525566101,0.8032918572425842
YDR292C,YDR071C,0,2.4550786,0.10688385367393494,0.9247104525566101,0.803392231464386
YBR159W,YMR015C,1,2.4531283,0.1069834902882576,0.9256756901741028,0.803392231464386
YLR376C,YOL007C,0,2.4530091,0.10697155445814133,0.9256756901741028,0.803492546081543
YNR016C,YBR254C,0,2.4508364,0.10695962607860565,0.9256756901741028,0.8035929203033447
YNL048W,YAL013W,1,2.4503946,0.10705921798944473,0.9266409277915955,0.8035929203033447
YEL042W,YHL033C,0,2.4501193,0.10704728215932846,0.9266409277915955,0.8036932945251465
YOR347C,YMR086W,0,2.4498053,0.10703534632921219,0.9266409277915955,0.8037936687469482
YPR022C,YIL145C,0,2.4497108,0.10702341049909592,0.9266409277915955,0.80389404296875
YJR084W,YNL059C,0,2.4493294,0.10701148211956024,0.9266409277915955,0.803994357585907
YJL170C,YOL092W,0,2.449226,0.10699955374002457,0.9266409277915955,0.8040947318077087
YJL160C,YDR528W,0,2.4488878,0.10698763281106949,0.9266409277915955,0.8041951060295105
YGR189C,YNR075W,0,2.4482534,0.10697570443153381,0.9266409277915955,0.8042954802513123
YBR030W,YJL110C,0,2.4481213,0.10696379095315933,0.9266409277915955,0.804395854473114
YLR288C,YJL160C,0,2.4469733,0.10695187002420425,0.9266409277915955,0.804496169090271
YER149C,YCL001W,0,2.445014,0.10693995654582977,0.9266409277915955,0.8045965433120728
YNR041C,YLR460C,0,2.4450083,0.10692804306745529,0.9266409277915955,0.8046969175338745
YHR031C,YKR087C,0,2.4438915,0.10691613703966141,0.9266409277915955,0.8047972917556763
YHL003C,YDR018C,1,2.4438546,0.10701558738946915,0.9276061654090881,0.8047972917556763
YJL207C,YJR010C-A,0,2.4437006,0.10700367391109467,0.9276061654090881,0.8048976063728333
YBL075C,YDL091C,0,2.443471,0.10699176043272018,0.9276061654090881,0.804997980594635
YEL048C,YJL143W,0,2.4432788,0.1069798544049263,0.9276061654090881,0.8050983548164368
YGL232W,YMR230W,0,2.442851,0.10696794092655182,0.9276061654090881,0.8051987290382385
YMR207C,YFL025C,1,2.4419923,0.10706733167171478,0.9285714030265808,0.8051987290382385
YDR320C-A,YOR306C,0,2.4409106,0.1070554181933403,0.9285714030265808,0.8052991032600403
YDL012C,YLR371W,0,2.4408317,0.10704350471496582,0.9285714030265808,0.8053994178771973
YMR086W,YJR099W,0,2.4397511,0.10703159868717194,0.9285714030265808,0.805499792098999
YLR381W,YLR226W,0,2.4388576,0.10701969265937805,0.9285714030265808,0.8056001663208008
YLR313C,YOR016C,0,2.4388072,0.10700778663158417,0.9285714030265808,0.8057005405426025
YGR046W,YMR074C,0,2.4383943,0.10699588805437088,0.9285714030265808,0.8058008551597595
YGR156W,YLL011W,0,2.4380217,0.10698398947715759,0.9285714030265808,0.8059012293815613
YGR129W,YKL079W,0,2.4359622,0.1069720908999443,0.9285714030265808,0.806001603603363
YGL076C,YML065W,0,2.435619,0.10696019232273102,0.9285714030265808,0.8061019778251648
YGR283C,YNL038W,0,2.4350364,0.10694830119609833,0.9285714030265808,0.8062023520469666
YPR022C,YBR086C,0,2.4348946,0.10693641752004623,0.9285714030265808,0.8063026666641235
YDR087C,YNL190W,0,2.433672,0.10692453384399414,0.9285714030265808,0.8064030408859253
YNL190W,YKR034W,0,2.4334679,0.10691265016794205,0.9285714030265808,0.806503415107727
YCL033C,YKR046C,0,2.4333816,0.10690076649188995,0.9285714030265808,0.8066037893295288
YBR297W,YNL305C,0,2.4323554,0.10688889026641846,0.9285714030265808,0.8067041635513306
YHR072W-A,YLR075W,0,2.4322205,0.10687701404094696,0.9285714030265808,0.8068044781684875
YLL052C,YGR266W,0,2.4319205,0.10686513781547546,0.9285714030265808,0.8069048523902893
YPR100W,YGR017W,0,2.4311595,0.10685326904058456,0.9285714030265808,0.8070052266120911
YGL151W,YPR097W,0,2.430706,0.10684140026569366,0.9285714030265808,0.8071056008338928
YBR079C,YKL110C,0,2.4306054,0.10682953894138336,0.9285714030265808,0.8072059154510498
YPR168W,YOL027C,0,2.4304683,0.10681767761707306,0.9285714030265808,0.8073062896728516
YNL023C,YKL173W,0,2.4301968,0.10680581629276276,0.9285714030265808,0.8074066638946533
YHR171W,YAL030W,0,2.4299345,0.10679396241903305,0.9285714030265808,0.8075070381164551
YDL109C,YOR317W,1,2.4298139,0.10689310729503632,0.9295367002487183,0.8075070381164551
YDR469W,YJL111W,0,2.4285398,0.10688124597072601,0.9295367002487183,0.8076074123382568
YHR084W,YDR528W,0,2.428051,0.10686938464641571,0.9295367002487183,0.8077077269554138
YDR469W,YDL108W,0,2.427948,0.10685752332210541,0.9295367002487183,0.8078081011772156
YPL281C,YOR005C,0,2.4275355,0.1068456694483757,0.9295367002487183,0.8079084753990173
YML081W,YDR450W,0,2.4266977,0.106833815574646,0.9295367002487183,0.8080088496208191
YER093C,YML065W,0,2.4261756,0.10682196170091629,0.9295367002487183,0.8081091642379761
YDL012C,YDR293C,0,2.425777,0.10681011527776718,0.9295367002487183,0.8082095384597778
YIL010W,YJL058C,0,2.4247844,0.10679826885461807,0.9295367002487183,0.8083099126815796
YBR035C,YOL108C,1,2.4246216,0.10689731687307358,0.9305019378662109,0.8083099126815796
YML038C,YLR223C,0,2.424376,0.10688546299934387,0.9305019378662109,0.8084102869033813
YPL081W,YJL104W,0,2.4240267,0.10687361657619476,0.9305019378662109,0.8085106611251831
YCR058C,YNL106C,0,2.423486,0.10686177015304565,0.9305019378662109,0.8086109757423401
YEL020C,YBR045C,0,2.423382,0.10684992372989655,0.9305019378662109,0.8087113499641418
YNL113W,YNL038W,0,2.4218,0.10683807730674744,0.9305019378662109,0.8088117241859436
YLL032C,YDR005C,0,2.4190862,0.10682623833417892,0.9305019378662109,0.8089120984077454
YAR066W,YGL133W,0,2.4187398,0.10681440681219101,0.9305019378662109,0.8090124726295471
YPR133C,YBL008W,0,2.4186478,0.1068025678396225,0.9305019378662109,0.8091127872467041
YGR274C,YDR186C,0,2.4185514,0.10679073631763458,0.9305019378662109,0.8092131614685059
YPL103C,YKL192C,1,2.4184506,0.10688968002796173,0.9314671754837036,0.8092131614685059
YFL002W-A,YGR262C,0,2.4175472,0.10687784105539322,0.9314671754837036,0.8093135356903076
YKR098C,YER033C,0,2.4153495,0.10686600208282471,0.9314671754837036,0.8094139099121094
YOR092W,YGL128C,0,2.4150004,0.10685417056083679,0.9314671754837036,0.8095142245292664
YNL036W,YLR446W,0,2.414999,0.10684233903884888,0.9314671754837036,0.8096145987510681
YNL217W,YMR015C,0,2.414805,0.10683050751686096,0.9314671754837036,0.8097149729728699
YPR104C,YJL143W,0,2.4147859,0.10681868344545364,0.9314671754837036,0.8098153471946716
YGR128C,YKL077W,0,2.414517,0.10680685937404633,0.9314671754837036,0.8099157214164734
YPL030W,YIL145C,0,2.4132679,0.1067950427532196,0.9314671754837036,0.8100160360336304
YAL015C,YDR084C,0,2.4129703,0.10678322613239288,0.9314671754837036,0.8101164102554321
YBR079C,YCR020W-B,0,2.412961,0.10677140951156616,0.9314671754837036,0.8102167844772339
YHR138C,YKR029C,0,2.4122248,0.10675960034132004,0.9314671754837036,0.8103171586990356
YPL085W,YDR365C,0,2.4106917,0.10674779117107391,0.9314671754837036,0.8104174733161926
YDR079C-A,YBL038W,0,2.4105196,0.10673598200082779,0.9314671754837036,0.8105178475379944
YDR039C,YLR446W,0,2.4103281,0.10672417283058167,0.9314671754837036,0.8106182217597961
YDL104C,YHR005C,0,2.4091501,0.10671237111091614,0.9314671754837036,0.8107185959815979
YJL046W,YJR010C-A,0,2.4088726,0.10670057684183121,0.9314671754837036,0.8108189702033997
YDR018C,YLR088W,1,2.4088533,0.10679933428764343,0.9324324131011963,0.8108189702033997
YGR287C,YOR028C,0,2.408623,0.1067875325679779,0.9324324131011963,0.8109192848205566
YOL044W,YJL216C,0,2.4082642,0.10677572339773178,0.9324324131011963,0.8110196590423584
YLR408C,YIL119C,0,2.4077368,0.10676392912864685,0.9324324131011963,0.8111200332641602
YBR110W,YOR025W,1,2.4076214,0.1068626344203949,0.9333977103233337,0.8111200332641602
YLR118C,YDL138W,0,2.4074316,0.10685082525014877,0.9333977103233337,0.8112204074859619
YJR121W,YOR228C,0,2.407341,0.10683902353048325,0.9333977103233337,0.8113207817077637
YGR099W,YPL146C,0,2.4067638,0.10682722181081772,0.9333977103233337,0.8114210963249207
YCR102C,YDR488C,0,2.4063644,0.10681542009115219,0.9333977103233337,0.8115214705467224
YJL170C,YKL188C,0,2.4058232,0.10680362582206726,0.9333977103233337,0.8116218447685242
YCR063W,YLR446W,0,2.404935,0.10679182410240173,0.9333977103233337,0.8117222189903259
YLL014W,YDL130W,0,2.404632,0.1067800372838974,0.9333977103233337,0.8118225336074829
YGL067W,YHR118C,0,2.404331,0.10676824301481247,0.9333977103233337,0.8119229078292847
YOL075C,YNL224C,0,2.4038882,0.10675645619630814,0.9333977103233337,0.8120232820510864
YHR063C,YCR023C,0,2.4033139,0.1067446768283844,0.9333977103233337,0.8121236562728882
YDR115W,YOR384W,0,2.4031737,0.10673289000988007,0.9333977103233337,0.8122240304946899
YAL047C,YJL028W,0,2.4030337,0.10672111064195633,0.9333977103233337,0.8123243451118469
YOL077C,YGL063W,0,2.4029367,0.10670933872461319,0.9333977103233337,0.8124247193336487
YDL232W,YIR007W,0,2.4026628,0.10669755935668945,0.9333977103233337,0.8125250935554504
YNL181W,YLR002C,0,2.4006834,0.10668578743934631,0.9333977103233337,0.8126254677772522
YOL044W,YER012W,0,2.4005685,0.10667402297258377,0.9333977103233337,0.812725841999054
YKR075C,YGL090W,0,2.4000907,0.10666225105524063,0.9333977103233337,0.8128261566162109
YOL077W-A,YML022W,0,2.399098,0.10665049403905869,0.9333977103233337,0.8129265308380127
YOR016C,YDR021W,0,2.398923,0.10663872957229614,0.9333977103233337,0.8130269050598145
YCR027C,YKL033W,0,2.3985476,0.1066269725561142,0.9333977103233337,0.8131272792816162
YNL325C,YFR049W,0,2.398315,0.10661521553993225,0.9333977103233337,0.8132275938987732
YDR432W,YIL138C,0,2.3981123,0.1066034585237503,0.9333977103233337,0.813327968120575
YML082W,YGR138C,0,2.396675,0.10659170895814896,0.9333977103233337,0.8134283423423767
YAL013W,YAL048C,0,2.3966255,0.10657995939254761,0.9333977103233337,0.8135287165641785
YGL104C,YPL159C,0,2.3953452,0.10656821727752686,0.9333977103233337,0.8136290907859802
YEL019C,YHR115C,0,2.395243,0.1065564751625061,0.9333977103233337,0.8137294054031372
YDR367W,YNL048W,0,2.3943224,0.10654473304748535,0.9333977103233337,0.813829779624939
YIR006C,YHR003C,0,2.3935857,0.1065329983830452,0.9333977103233337,0.8139301538467407
YAL019W,YLR347C,0,2.3930404,0.10652126371860504,0.9333977103233337,0.8140305280685425
YJR047C,YPR048W,0,2.3928413,0.10650952905416489,0.9333977103233337,0.8141308426856995
YML018C,YDR438W,0,2.3928032,0.10649779438972473,0.9333977103233337,0.8142312169075012
YJR134C,YLR115W,0,2.3914654,0.10648606717586517,0.9333977103233337,0.814331591129303
YJR048W,YLR364W,0,2.3913884,0.10647434741258621,0.9333977103233337,0.8144319653511047
YNR051C,YLR132C,0,2.3899465,0.10646262019872665,0.9333977103233337,0.8145323395729065
YKR099W,YJL129C,0,2.3897438,0.10645090043544769,0.9333977103233337,0.8146326541900635
YBR033W,YBL047C,0,2.3888514,0.10643918812274933,0.9333977103233337,0.8147330284118652
YGL104C,YMR322C,0,2.3878021,0.10642746835947037,0.9333977103233337,0.814833402633667
YHL007C,YOR205C,0,2.3876557,0.106415756046772,0.9333977103233337,0.8149337768554688
YCR024C-A,YLL016W,0,2.3874495,0.10640405118465424,0.9333977103233337,0.8150341510772705
YMR285C,YJR043C,0,2.3868208,0.10639233887195587,0.9333977103233337,0.8151344656944275
YNL081C,YBR126C,0,2.3864515,0.1063806414604187,0.9333977103233337,0.8152348399162292
YAL028W,YOR032C,0,2.3852305,0.10636893659830093,0.9333977103233337,0.815335214138031
YNL086W,YNL270C,0,2.3850722,0.10635723918676376,0.9333977103233337,0.8154355883598328
YKR045C,YCR018C,0,2.3846638,0.10634554177522659,0.9333977103233337,0.8155359029769897
YFR053C,YHR113W,0,2.3839905,0.10633384436368942,0.9333977103233337,0.8156362771987915
YDR004W,YCR028C,0,2.3839495,0.10632215440273285,0.9333977103233337,0.8157366514205933
YHR072W-A,YLR220W,0,2.3838487,0.10631046444177628,0.9333977103233337,0.815837025642395
YLR377C,YBR139W,0,2.3815062,0.1062987819314003,0.9333977103233337,0.8159373998641968
YOR022C,YGR003W,0,2.3808508,0.10628709942102432,0.9333977103233337,0.8160377144813538
YBR204C,YKR067W,1,2.3801448,0.10638532042503357,0.9343629479408264,0.8160377144813538
YDR516C,YLR466W,0,2.3797922,0.1063736230134964,0.9343629479408264,0.8161380887031555
YOR081C,YNL280C,1,2.3785105,0.10647181421518326,0.9353281855583191,0.8161380887031555
YNL064C,YKL222C,0,2.3783922,0.10646011680364609,0.9353281855583191,0.8162384629249573
YPR128C,YER029C,0,2.3776488,0.10644842684268951,0.9353281855583191,0.816338837146759
YKL027W,YCR072C,0,2.376986,0.10643672943115234,0.9353281855583191,0.816439151763916
YNL189W,YPL009C,0,2.376348,0.10642503947019577,0.9353281855583191,0.8165395259857178
YDR259C,YOR389W,0,2.3756547,0.1064133569598198,0.9353281855583191,0.8166399002075195
YJR029W,YNL305C,0,2.3755398,0.10640166699886322,0.9353281855583191,0.8167402744293213
YPL249C,YNL159C,0,2.3753142,0.10638998448848724,0.9353281855583191,0.816840648651123
YJL162C,YDR439W,0,2.3753066,0.10637830942869186,0.9353281855583191,0.81694096326828
YOR272W,YFR038W,0,2.3748822,0.10636662691831589,0.9353281855583191,0.8170413374900818
YER071C,YOR308C,0,2.3744328,0.10635495185852051,0.9353281855583191,0.8171417117118835
YJL186W,YMR043W,0,2.373678,0.10634328424930573,0.9353281855583191,0.8172420859336853
YPR164W,YCR043C,0,2.3731232,0.10633161664009094,0.9353281855583191,0.8173424601554871
YFR009W,YLR068W,0,2.373085,0.10631994903087616,0.9353281855583191,0.817442774772644
YER012W,YPL009C,0,2.3728914,0.10630828142166138,0.9353281855583191,0.8175431489944458
YJR135C,YHR205W,0,2.3714857,0.10629662126302719,0.9353281855583191,0.8176435232162476
YPR120C,YJR134C,0,2.3705797,0.106284961104393,0.9353281855583191,0.8177438974380493
YOR081C,YBR159W,1,2.3704896,0.10638298094272614,0.9362934231758118,0.8177438974380493
YOR060C,YKL197C,0,2.3696957,0.10637131333351135,0.9362934231758118,0.8178442120552063
YGR023W,YER033C,0,2.3693628,0.10635964572429657,0.9362934231758118,0.8179445862770081
YPR199C,YCL067C,0,2.368888,0.10634798556566238,0.9362934231758118,0.8180449604988098
YAR066W,YHR098C,0,2.3688078,0.1063363328576088,0.9362934231758118,0.8181453347206116
YCR020C,YER071C,0,2.3684845,0.10632467269897461,0.9362934231758118,0.8182457089424133
YIL016W,YFR016C,0,2.368199,0.10631301999092102,0.9362934231758118,0.8183460235595703
YOL075C,YMR050C,0,2.3671713,0.10630136728286743,0.9362934231758118,0.8184463977813721
YJL051W,YLR132C,0,2.366193,0.10628972202539444,0.9362934231758118,0.8185467720031738
YKL107W,YJR010C-A,0,2.3658564,0.10627807676792145,0.9362934231758118,0.8186471462249756
YDL192W,YAR008W,0,2.3656797,0.10626643151044846,0.9362934231758118,0.8187475204467773
YLR134W,YHR214W,0,2.3652287,0.10625479370355606,0.9362934231758118,0.8188478350639343
YJR029W,YPR097W,0,2.3637004,0.10624315589666367,0.9362934231758118,0.8189482092857361
YER143W,YLL023C,0,2.3636203,0.10623151808977127,0.9362934231758118,0.8190485835075378
YBR239C,YOL128C,0,2.3634923,0.10621988773345947,0.9362934231758118,0.8191489577293396
YGL227W,YKR009C,0,2.3634477,0.10620825737714767,0.9362934231758118,0.8192492723464966
YMR070W,YCL045C,0,2.3633544,0.10619662702083588,0.9362934231758118,0.8193496465682983
YDR191W,YGL189C,0,2.362786,0.10618500411510468,0.9362934231758118,0.8194500207901001
YDR039C,YPL115C,0,2.3622828,0.10617338120937347,0.9362934231758118,0.8195503950119019
YOR131C,YLR433C,0,2.3620353,0.10616175830364227,0.9362934231758118,0.8196507692337036
YCR004C,YDR202C,0,2.3611603,0.10615014284849167,0.9362934231758118,0.8197510838508606
YGR017W,YOR081C,0,2.3604162,0.10613852739334106,0.9362934231758118,0.8198514580726624
YDR302W,YBR002C,1,2.3590343,0.10623632371425629,0.9372586607933044,0.8198514580726624
YLR405W,YER113C,0,2.3572927,0.10622470080852509,0.9372586607933044,0.8199518322944641
YAL068C,YGL053W,0,2.3571663,0.10621308535337448,0.9372586607933044,0.8200522065162659
YJL065C,YER127W,0,2.3569536,0.10620146244764328,0.9372586607933044,0.8201525211334229
YKR042W,YMR113W,0,2.3566704,0.10618985444307327,0.9372586607933044,0.8202528953552246
YNR039C,YER060W-A,0,2.356131,0.10617823898792267,0.9372586607933044,0.8203532695770264
YPL108W,YBR160W,0,2.3554769,0.10616663098335266,0.9372586607933044,0.8204536437988281
YLR032W,YMR244C-A,0,2.3542035,0.10615502297878265,0.9372586607933044,0.8205540180206299
YER167W,YCR029C-A,0,2.3529022,0.10614342242479324,0.9372586607933044,0.8206543326377869
YGR203W,YER127W,0,2.3528934,0.10613181442022324,0.9372586607933044,0.8207547068595886
YGL160W,YPL195W,0,2.352479,0.10612022131681442,0.9372586607933044,0.8208550810813904
YBR104W,YPL153C,0,2.3514566,0.10610862076282501,0.9372586607933044,0.8209554553031921
YLL054C,YNL015W,0,2.351416,0.1060970276594162,0.9372586607933044,0.8210558295249939
YPL038W,YKL012W,0,2.3509445,0.10608543455600739,0.9372586607933044,0.8211561441421509
YOL075C,YOR116C,0,2.3507614,0.10607384890317917,0.9372586607933044,0.8212565183639526
YJL113W,YOR140W,0,2.3482618,0.10606226325035095,0.9372586607933044,0.8213568925857544
YIL127C,YIL019W,0,2.3476605,0.10605067759752274,0.9372586607933044,0.8214572668075562
YOL049W,YKR089C,0,2.3469825,0.10603909939527512,0.9372586607933044,0.8215575814247131
YGR007W,YHR073W,1,2.3452125,0.10613670945167542,0.9382239580154419,0.8215575814247131
YIL118W,YPL038W,0,2.3445094,0.1061251237988472,0.9382239580154419,0.8216579556465149
YKR048C,YNL176C,0,2.344326,0.10611353814601898,0.9382239580154419,0.8217583298683167
YGR227W,YBL030C,0,2.341638,0.10610195249319077,0.9382239580154419,0.8218587040901184
YFL037W,YBR028C,0,2.3414028,0.10609037429094315,0.9382239580154419,0.8219590783119202
YGR266W,YNL007C,0,2.340997,0.10607879608869553,0.9382239580154419,0.8220593929290771
YCL062W,YNL159C,0,2.3404999,0.1060672178864479,0.9382239580154419,0.8221597671508789
YNR024W,YHR108W,0,2.3399816,0.10605564713478088,0.9382239580154419,0.8222601413726807
YNL061W,YML038C,0,2.3397608,0.10604407638311386,0.9382239580154419,0.8223605155944824
YAL068C,YOR011W,0,2.3389766,0.10603250563144684,0.9382239580154419,0.8224608302116394
YPL283C,YML111W,0,2.3386831,0.10602094233036041,0.9382239580154419,0.8225612044334412
YGR162W,YPL079W,0,2.337916,0.10600937902927399,0.9382239580154419,0.8226615786552429
YLR154C,YBR028C,0,2.3376193,0.10599781572818756,0.9382239580154419,0.8227619528770447
YPL008W,YMR086W,0,2.3362997,0.10598625987768173,0.9382239580154419,0.8228623270988464
YIL007C,YIL036W,0,2.335002,0.1059747040271759,0.9382239580154419,0.8229626417160034
YFL016C,YLR189C,0,2.3348024,0.10596315562725067,0.9382239580154419,0.8230630159378052
YER053C,YKL146W,0,2.3347754,0.10595159977674484,0.9382239580154419,0.8231633901596069
YNL068C,YML088W,0,2.3344445,0.10594005137681961,0.9382239580154419,0.8232637643814087
YHR033W,YDR477W,0,2.3343446,0.10592851042747498,0.9382239580154419,0.8233641386032104
YLR205C,YGR215W,0,2.3340297,0.10591696947813034,0.9382239580154419,0.8234644532203674
YDR056C,YPL183C,0,2.3337092,0.1059054285287857,0.9382239580154419,0.8235648274421692
YLR299W,YGL166W,0,2.3330975,0.10589388757944107,0.9382239580154419,0.823665201663971
YDL012C,YPR068C,0,2.332446,0.10588235408067703,0.9382239580154419,0.8237655758857727
YKL193C,YGR028W,0,2.3323143,0.105870820581913,0.9382239580154419,0.8238658905029297
YNL181W,YDR073W,0,2.3313546,0.10585928708314896,0.9382239580154419,0.8239662647247314
YDL106C,YFR027W,0,2.330492,0.10584776103496552,0.9382239580154419,0.8240666389465332
YLR194C,YDR501W,0,2.3303466,0.10583623498678207,0.9382239580154419,0.824167013168335
YDR210W,YGR204W,0,2.3302555,0.10582471638917923,0.9382239580154419,0.8242673873901367
YCR081W,YDL109C,0,2.329628,0.10581319034099579,0.9382239580154419,0.8243677020072937
YPL118W,YDR363W-A,0,2.3290143,0.10580167919397354,0.9382239580154419,0.8244680762290955
YCR045C,YER109C,0,2.3285425,0.1057901605963707,0.9382239580154419,0.8245684504508972
YJL076W,YCR047C,0,2.3279948,0.10577864944934845,0.9382239580154419,0.824668824672699
YCR097W,YGL104C,0,2.326644,0.1057671383023262,0.9382239580154419,0.824769139289856
YBR085W,YGL246C,0,2.3262784,0.10575562715530396,0.9382239580154419,0.8248695135116577
YHR003C,YER012W,0,2.32617,0.1057441234588623,0.9382239580154419,0.8249698877334595
YGR001C,YJR131W,0,2.3258886,0.10573261976242065,0.9382239580154419,0.8250702619552612
YBL004W,YJL190C,0,2.3258314,0.1057211235165596,0.9382239580154419,0.825170636177063
YGR266W,YHR188C,0,2.3241298,0.10570962727069855,0.9382239580154419,0.82527095079422
YNL213C,YDR439W,0,2.3229885,0.1056981310248375,0.9382239580154419,0.8253713250160217
YGR057C,YGL097W,0,2.322072,0.10568663477897644,0.9382239580154419,0.8254716992378235
YDR330W,YKR018C,0,2.3218815,0.10567514598369598,0.9382239580154419,0.8255720734596252
YOR316C,YPR021C,0,2.320105,0.10566365718841553,0.9382239580154419,0.825672447681427
YKL020C,YJR019C,1,2.319721,0.10576087236404419,0.9391891956329346,0.825672447681427
YDR176W,YLR225C,0,2.3192687,0.10574937611818314,0.9391891956329346,0.825772762298584
YFL018C,YJR015W,0,2.3184683,0.10573787987232208,0.9391891956329346,0.8258731365203857
YDR162C,YOR374W,0,2.3182263,0.10572639107704163,0.9391891956329346,0.8259735107421875
YBL002W,YNL233W,0,2.3180256,0.10571490973234177,0.9391891956329346,0.8260738849639893
YCR021C,YBL036C,0,2.317706,0.10570342093706131,0.9391891956329346,0.8261741995811462
YOR115C,YLR367W,0,2.3176417,0.10569193959236145,0.9391891956329346,0.826274573802948
YHL026C,YFL003C,0,2.3131561,0.10568045824766159,0.9391891956329346,0.8263749480247498
YOR363C,YBR204C,1,2.313078,0.10577758401632309,0.9401544332504272,0.8263749480247498
YPR098C,YLR037C,0,2.3116224,0.10576609522104263,0.9401544332504272,0.8264753222465515
YER078C,YOR143C,0,2.3106892,0.10575461387634277,0.9401544332504272,0.8265756964683533
YLL032C,YKL129C,0,2.3098655,0.10574313253164291,0.9401544332504272,0.8266760110855103
YKL125W,YLR060W,0,2.3095222,0.10573165118694305,0.9401544332504272,0.826776385307312
YIL072W,YKL040C,0,2.3080568,0.10572017729282379,0.9401544332504272,0.8268767595291138
YIL007C,YCR023C,0,2.3073006,0.10570870339870453,0.9401544332504272,0.8269771337509155
YBR139W,YPL152W,0,2.306898,0.10569722950458527,0.9401544332504272,0.8270775079727173
YGL124C,YOR256C,0,2.3064508,0.1056857630610466,0.9401544332504272,0.8271778225898743
YCR034W,YGR083C,0,2.3056264,0.10567429661750793,0.9401544332504272,0.827278196811676
YPL253C,YDR123C,0,2.3054857,0.10566283017396927,0.9401544332504272,0.8273785710334778
YHR090C,YIL172C,0,2.304268,0.1056513711810112,0.9401544332504272,0.8274789452552795
YLR015W,YDR065W,0,2.3039386,0.10563991218805313,0.9401544332504272,0.8275792598724365
YBR001C,YHR194W,0,2.3019905,0.10562845319509506,0.9401544332504272,0.8276796340942383
YBL054W,YNL288W,0,2.301172,0.10561700165271759,0.9401544332504272,0.82778000831604
YDR315C,YMR029C,0,2.3009915,0.10560555011034012,0.9401544332504272,0.8278803825378418
YOR396W,YBR289W,0,2.3006778,0.10559410601854324,0.9401544332504272,0.8279807567596436
YJR033C,YKL048C,0,2.3002985,0.10558265447616577,0.9401544332504272,0.8280810713768005
YNL025C,YCR069W,0,2.3000407,0.1055712103843689,0.9401544332504272,0.8281814455986023
YGL023C,YPL021W,0,2.2991915,0.10555977374315262,0.9401544332504272,0.828281819820404
YDL188C,YBR214W,0,2.2990823,0.10554832965135574,0.9401544332504272,0.8283821940422058
YNL142W,YGR098C,0,2.2987452,0.10553689301013947,0.9401544332504272,0.8284825086593628
YNL045W,YPR180W,0,2.2986727,0.10552546381950378,0.9401544332504272,0.8285828828811646
YIL124W,YDL194W,0,2.2982335,0.1055140271782875,0.9401544332504272,0.8286832571029663
YAR014C,YGL175C,0,2.2977672,0.10550259798765182,0.9401544332504272,0.8287836313247681
YFR031C-A,YHR036W,0,2.2976284,0.10549117624759674,0.9401544332504272,0.8288840055465698
YNL056W,YIR007W,0,2.2971425,0.10547974705696106,0.9401544332504272,0.8289843201637268
YNL158W,YDR115W,0,2.296378,0.10546832531690598,0.9401544332504272,0.8290846943855286
YHR045W,YIL114C,0,2.2962809,0.10545691102743149,0.9401544332504272,0.8291850686073303
YOL012C,YNR070W,0,2.2962255,0.1054454892873764,0.9401544332504272,0.8292854428291321
YMR210W,YNL325C,1,2.2959685,0.10554232448339462,0.9411196708679199,0.8292854428291321
YER120W,YDR464W,0,2.295883,0.10553090274333954,0.9411196708679199,0.8293858170509338
YDR400W,YNL128W,0,2.2947168,0.10551948100328445,0.9411196708679199,0.8294861316680908
YHR106W,YPL214C,0,2.2936325,0.10550805926322937,0.9411196708679199,0.8295865058898926
YDR056C,YGL093W,0,2.292614,0.10549664497375488,0.9411196708679199,0.8296868801116943
YDR381W,YDR201W,0,2.2922435,0.1054852306842804,0.9411196708679199,0.8297872543334961
YGL039W,YLR081W,0,2.2899394,0.1054738238453865,0.9411196708679199,0.8298875689506531
YBR227C,YHR196W,0,2.2895184,0.10546240955591202,0.9411196708679199,0.8299879431724548
YBL025W,YLR220W,0,2.2892115,0.10545100271701813,0.9411196708679199,0.8300883173942566
YDR268W,YHL019C,0,2.2888024,0.10543960332870483,0.9411196708679199,0.8301886916160583
YDR075W,YPR181C,0,2.2867112,0.10542820394039154,0.9411196708679199,0.8302890658378601
YPR063C,YMR225C,0,2.2866254,0.10541680455207825,0.9411196708679199,0.8303893804550171
YLR084C,YIL052C,0,2.286189,0.10540540516376495,0.9411196708679199,0.8304897546768188
YOR188W,YBR279W,0,2.2839699,0.10539401322603226,0.9411196708679199,0.8305901288986206
YGL039W,YER071C,0,2.2836661,0.10538262128829956,0.9411196708679199,0.8306905031204224
YPL001W,YKL149C,0,2.282971,0.10537122935056686,0.9411196708679199,0.8307908177375793
YIL016W,YDR302W,0,2.2824857,0.10535984486341476,0.9411196708679199,0.8308911919593811
YPL097W,YOR017W,0,2.281479,0.10534846037626266,0.9411196708679199,0.8309915661811829
YNL293W,YGR247W,0,2.2812052,0.10533707588911057,0.9411196708679199,0.8310919404029846
YPL132W,YDR338C,0,2.281107,0.10532569885253906,0.9411196708679199,0.8311923146247864
YDR361C,YBR283C,0,2.2804017,0.10531432181596756,0.9411196708679199,0.8312926292419434
YKL100C,YDR003W,0,2.2803426,0.10530294477939606,0.9411196708679199,0.8313930034637451
YKL110C,YIR035C,0,2.2800903,0.10529157519340515,0.9411196708679199,0.8314933776855469
YER125W,YOR025W,1,2.2786815,0.10538818687200546,0.9420849680900574,0.8314933776855469
YJR160C,YJR098C,0,2.2785933,0.10537680983543396,0.9420849680900574,0.8315937519073486
YNR012W,YPL266W,0,2.276004,0.10536543279886246,0.9420849680900574,0.8316941261291504
YLR008C,YKL081W,0,2.2758975,0.10535405576229095,0.9420849680900574,0.8317944407463074
YNL247W,YPL133C,0,2.2752862,0.10534268617630005,0.9420849680900574,0.8318948149681091
YGL025C,YIL112W,0,2.2749047,0.10533131659030914,0.9420849680900574,0.8319951891899109
YOL058W,YGL039W,0,2.2743435,0.10531995445489883,0.9420849680900574,0.8320955634117126
YML096W,YJL028W,0,2.2738245,0.10530859231948853,0.9420849680900574,0.8321958780288696
YML009C,YNL115C,0,2.273727,0.10529723018407822,0.9420849680900574,0.8322962522506714
YPL126W,YGR082W,0,2.273621,0.10528586804866791,0.9420849680900574,0.8323966264724731
YMR152W,YDR096W,0,2.2734113,0.1052745133638382,0.9420849680900574,0.8324970006942749
YBR004C,YDL109C,1,2.2710505,0.10537100583314896,0.94305020570755,0.8324970006942749
YPL146C,YLR441C,0,2.2710025,0.10535964369773865,0.94305020570755,0.8325973749160767
YER087C-A,YML124C,0,2.2706046,0.10534828901290894,0.94305020570755,0.8326976895332336
YER073W,YGR061C,0,2.2703876,0.10533692687749863,0.94305020570755,0.8327980637550354
YDR141C,YKL138C-A,0,2.269199,0.10532557219266891,0.94305020570755,0.8328984379768372
YHR190W,YGR017W,0,2.268176,0.1053142175078392,0.94305020570755,0.8329988121986389
YKR045C,YBR237W,0,2.2679822,0.10530287027359009,0.94305020570755,0.8330991864204407
YMR221C,YLR439W,0,2.2669792,0.10529151558876038,0.94305020570755,0.8331995010375977
YIL039W,YDR338C,0,2.2667994,0.10528017580509186,0.94305020570755,0.8332998752593994
YJL164C,YBL100W-B,0,2.2666228,0.10526882857084274,0.94305020570755,0.8334002494812012
YDL064W,YLR078C,0,2.2634861,0.10525748878717422,0.94305020570755,0.8335006237030029
YDL025C,YGL178W,0,2.2634635,0.1052461490035057,0.94305020570755,0.8336009383201599
YNL119W,YOR079C,0,2.2624857,0.10523480921983719,0.94305020570755,0.8337013125419617
YGR071C,YER118C,0,2.2609673,0.10522347688674927,0.94305020570755,0.8338016867637634
YML005W,YPL088W,0,2.2601638,0.10521214455366135,0.94305020570755,0.8339020609855652
YOR090C,YLR381W,0,2.2594695,0.10520081967115402,0.94305020570755,0.8340024352073669
YDR468C,YNR024W,0,2.2588592,0.1051894947886467,0.94305020570755,0.8341027498245239
YDR018C,YOR069W,0,2.2585254,0.10517816990613937,0.94305020570755,0.8342031240463257
YDR001C,YDR115W,0,2.257454,0.10516684502363205,0.94305020570755,0.8343034982681274
YOR195W,YJR088C,0,2.2572858,0.10515552759170532,0.94305020570755,0.8344038724899292
YPL015C,YCL051W,0,2.2562506,0.1051442101597786,0.94305020570755,0.8345041871070862
YOR140W,YNL254C,0,2.2559595,0.10513289272785187,0.94305020570755,0.8346045613288879
YDR330W,YPL017C,0,2.2551503,0.10512158274650574,0.94305020570755,0.8347049355506897
YGL033W,YCL019W,0,2.2542372,0.1051102727651596,0.94305020570755,0.8348053097724915
YMR232W,YLR451W,0,2.2539158,0.10509897023439407,0.94305020570755,0.8349056839942932
YML048W,YNR071C,0,2.2538662,0.10508766025304794,0.94305020570755,0.8350059986114502
YOL044W,YML066C,0,2.2531195,0.10507635772228241,0.94305020570755,0.835106372833252
YPL141C,YDR186C,0,2.252149,0.10506506264209747,0.94305020570755,0.8352067470550537
YGR017W,YCR039C,0,2.2503662,0.10505376011133194,0.94305020570755,0.8353071212768555
YBR101C,YPL283C,0,2.2498806,0.105042465031147,0.94305020570755,0.8354074954986572
YBL023C,YLR336C,0,2.2490828,0.10503117740154266,0.94305020570755,0.8355078101158142
YMR171C,YLR466W,0,2.248568,0.10501988977193832,0.94305020570755,0.835608184337616
YDL145C,YDR143C,0,2.2484877,0.10500860214233398,0.94305020570755,0.8357085585594177
YPL069C,YCL020W,0,2.2468107,0.10499731451272964,0.94305020570755,0.8358089327812195
YIL138C,YIL145C,0,2.2456431,0.1049860268831253,0.94305020570755,0.8359092473983765
YJL162C,YDL117W,0,2.244252,0.10497474670410156,0.94305020570755,0.8360096216201782
YFR051C,YER112W,0,2.2436223,0.10496347397565842,0.94305020570755,0.83610999584198
YBR273C,YIR035C,0,2.242754,0.10495219379663467,0.94305020570755,0.8362103700637817
YER063W,YOR240W,0,2.2425427,0.10494092106819153,0.94305020570755,0.8363107442855835
YER093C,YNL267W,1,2.2424994,0.10503705590963364,0.9440154433250427,0.8363107442855835
YBR213W,YMR118C,0,2.2423568,0.1050257757306099,0.9440154433250427,0.8364110589027405
YBL097W,YNL209W,0,2.2416072,0.10501449555158615,0.9440154433250427,0.8365114331245422
YDR302W,YGL065C,1,2.2407303,0.10511058568954468,0.9449806809425354,0.8365114331245422
YBR028C,YDR051C,0,2.2403848,0.10509930551052094,0.9449806809425354,0.836611807346344
YGR156W,YDR434W,0,2.2394042,0.1050880178809166,0.9449806809425354,0.8367121815681458
YDL038C,YLR435W,0,2.2390287,0.10507674515247345,0.9449806809425354,0.8368124961853027
YGR166W,YHR081W,0,2.2377796,0.10506546497344971,0.9449806809425354,0.8369128704071045
YEL032W,YNL112W,0,2.236493,0.10505419224500656,0.9449806809425354,0.8370132446289062
YNL317W,YEL059C-A,0,2.236431,0.10504291951656342,0.9449806809425354,0.837113618850708
YBL100W-B,YEL026W,0,2.2364016,0.10503164678812027,0.9449806809425354,0.8372139930725098
YDR201W,YCL054W,0,2.2357426,0.10502038151025772,0.9449806809425354,0.8373143076896667
YEL019C,YER173W,0,2.235178,0.10500911623239517,0.9449806809425354,0.8374146819114685
YKL092C,YGR007W,0,2.2343125,0.10499785840511322,0.9449806809425354,0.8375150561332703
YBR106W,YJL143W,0,2.2338572,0.10498659312725067,0.9449806809425354,0.837615430355072
YOR257W,YHR112C,0,2.2335105,0.10497533529996872,0.9449806809425354,0.8377158045768738
YNR040W,YOL152W,0,2.2314525,0.10496408492326736,0.9449806809425354,0.8378161191940308
YGL039W,YAL041W,0,2.2311325,0.10495282709598541,0.9449806809425354,0.8379164934158325
YPR174C,YMR323W,0,2.2285552,0.10494157671928406,0.9449806809425354,0.8380168676376343
YNL217W,YNL180C,0,2.2279823,0.1049303337931633,0.9449806809425354,0.838117241859436
YDR522C,YCR020W-B,0,2.227847,0.10491908341646194,0.9449806809425354,0.838217556476593
YDR541C,YNL056W,0,2.2275064,0.10490784049034119,0.9449806809425354,0.8383179306983948
YEL021W,YMR208W,0,2.2263036,0.10489660501480103,0.9449806809425354,0.8384183049201965
YNL278W,YPL168W,0,2.2261002,0.10488536208868027,0.9449806809425354,0.8385186791419983
YML075C,YJR029W,0,2.225494,0.1048741266131401,0.9449806809425354,0.8386190533638
YLR424W,YLR064W,0,2.2246995,0.10486289858818054,0.9449806809425354,0.838719367980957
YCL027C-A,YDR075W,0,2.2236776,0.10485166311264038,0.9449806809425354,0.8388197422027588
YML085C,YOR242C,0,2.223527,0.10484043508768082,0.9449806809425354,0.8389201164245605
YDR288W,YPL233W,0,2.2229679,0.10482921451330185,0.9449806809425354,0.8390204906463623
YPR003C,YOR197W,0,2.2221842,0.10481798648834229,0.9449806809425354,0.8391208052635193
YOR056C,YBR235W,0,2.2221646,0.10480676591396332,0.9449806809425354,0.839221179485321
YMR236W,YOR295W,0,2.2221546,0.10479554533958435,0.9449806809425354,0.8393215537071228
YBR114W,YPR098C,0,2.2220714,0.10478433221578598,0.9449806809425354,0.8394219279289246
YOR254C,YML065W,0,2.2220616,0.10477311909198761,0.9449806809425354,0.8395223021507263
YPR063C,YJL123C,0,2.2217746,0.10476190596818924,0.9449806809425354,0.8396226167678833
YDR266C,YPL227C,0,2.221428,0.10475069284439087,0.9449806809425354,0.8397229909896851
YNR063W,YLR352W,0,2.221367,0.1047394871711731,0.9449806809425354,0.8398233652114868
YDR367W,YIR008C,0,2.2188597,0.10472828149795532,0.9449806809425354,0.8399237394332886
YBL014C,YPL178W,0,2.2183256,0.10471708327531815,0.9449806809425354,0.8400241136550903
YBL060W,YJR029W,0,2.218133,0.10470588505268097,0.9449806809425354,0.8401244282722473
YOR034C,YLR446W,0,2.216534,0.10469468683004379,0.9449806809425354,0.8402248024940491
YGR038W,YOL098C,0,2.216496,0.10468348860740662,0.9449806809425354,0.8403251767158508
YJL078C,YJL028W,0,2.2149162,0.10467229783535004,0.9449806809425354,0.8404255509376526
YNL308C,YDR007W,0,2.2145948,0.10466110706329346,0.9449806809425354,0.8405258655548096
YCR029C-A,YDR258C,0,2.2130685,0.10464991629123688,0.9449806809425354,0.8406262397766113
YKR018C,YLR142W,0,2.2125134,0.1046387329697609,0.9449806809425354,0.8407266139984131
YIL026C,YJR088C,0,2.212421,0.10462754964828491,0.9449806809425354,0.8408269882202148
YOR077W,YOR295W,0,2.2098231,0.10461637377738953,0.9449806809425354,0.8409273624420166
YGR152C,YBR254C,0,2.2085958,0.10460519045591354,0.9449806809425354,0.8410276770591736
YLR378C,YDR365C,0,2.2077837,0.10459401458501816,0.9449806809425354,0.8411280512809753
YJR107W,YGR202C,1,2.2063627,0.10468967258930206,0.9459459185600281,0.8411280512809753
YML037C,YOR011W,0,2.2058425,0.10467848926782608,0.9459459185600281,0.8412284255027771
YKR045C,YJR059W,0,2.2046928,0.1046673059463501,0.9459459185600281,0.8413287997245789
YDR510W,YLR352W,0,2.2046728,0.10465613007545471,0.9459459185600281,0.8414291739463806
YBR058C,YHR118C,0,2.2033556,0.10464495420455933,0.9459459185600281,0.8415294885635376
YML118W,YDR122W,0,2.2031538,0.10463377833366394,0.9459459185600281,0.8416298627853394
YMR104C,YOR228C,0,2.2025619,0.10462260991334915,0.9459459185600281,0.8417302370071411
YPR107C,YOR131C,0,2.2021484,0.10461144149303436,0.9459459185600281,0.8418306112289429
YPL141C,YER155C,0,2.201741,0.10460028052330017,0.9459459185600281,0.8419309258460999
YJR001W,YBL084C,0,2.2009034,0.10458911210298538,0.9459459185600281,0.8420313000679016
YOL041C,YMR074C,0,2.2008474,0.10457795113325119,0.9459459185600281,0.8421316742897034
YOL031C,YOR258W,0,2.199637,0.1045667976140976,0.9459459185600281,0.8422320485115051
YKL088W,YJL160C,0,2.1994524,0.1045556366443634,0.9459459185600281,0.8423324227333069
YLR293C,YOR322C,0,2.1983538,0.10454448312520981,0.9459459185600281,0.8424327373504639
YOR336W,YJL047C,0,2.1955347,0.10453333705663681,0.9459459185600281,0.8425331115722656
YBR159W,YDL008W,0,2.195246,0.10452218353748322,0.9459459185600281,0.8426334857940674
YIR014W,YOR284W,0,2.1947248,0.10451103746891022,0.9459459185600281,0.8427338600158691
YKL208W,YOL096C,0,2.1930108,0.10449989140033722,0.9459459185600281,0.8428341746330261
YIR026C,YOR140W,0,2.1925914,0.10448875278234482,0.9459459185600281,0.8429345488548279
YIL091C,YKL211C,0,2.1914077,0.10447761416435242,0.9459459185600281,0.8430349230766296
YDR121W,YCR040W,0,2.1904163,0.10446647554636002,0.9459459185600281,0.8431352972984314
YFR005C,YGL005C,0,2.1900413,0.10445533692836761,0.9459459185600281,0.8432356715202332
YHR064C,YER126C,0,2.189889,0.10444420576095581,0.9459459185600281,0.8433359861373901
YKL089W,YIR023W,0,2.1896412,0.104433074593544,0.9459459185600281,0.8434363603591919
YCR023C,YNL328C,0,2.1888704,0.1044219508767128,0.9459459185600281,0.8435367345809937
YIL091C,YLR381W,0,2.188217,0.10441082715988159,0.9459459185600281,0.8436371088027954
YCR079W,YPR008W,0,2.1871946,0.10439970344305038,0.9459459185600281,0.8437374830245972
YJL210W,YJR096W,0,2.1855993,0.10438857972621918,0.9459459185600281,0.8438377976417542
YBR012W-B,YPR097W,0,2.1852105,0.10437746345996857,0.9459459185600281,0.8439381718635559
YLR459W,YBR198C,0,2.1843588,0.10436634719371796,0.9459459185600281,0.8440385460853577
YLL053C,YDR532C,0,2.1841614,0.10435523092746735,0.9459459185600281,0.8441389203071594
YDR469W,YGL020C,0,2.1833239,0.10434412211179733,0.9459459185600281,0.8442392349243164
YLR216C,YDR307W,0,2.183195,0.10433301329612732,0.9459459185600281,0.8443396091461182
YLR098C,YMR297W,0,2.1816823,0.1043219044804573,0.9459459185600281,0.8444399833679199
YBR159W,YDL156W,0,2.1812677,0.10431080311536789,0.9459459185600281,0.8445403575897217
YNL186W,YHL033C,0,2.1806097,0.10429970175027847,0.9459459185600281,0.8446407318115234
YLR336C,YPR004C,0,2.1785665,0.10428860038518906,0.9459459185600281,0.8447410464286804
YGR200C,YLR446W,0,2.1784396,0.10427750647068024,0.9459459185600281,0.8448414206504822
YER028C,YML081W,0,2.1782408,0.10426641255617142,0.9459459185600281,0.8449417948722839
YGL085W,YGL250W,0,2.1765864,0.1042553186416626,0.9459459185600281,0.8450421690940857
YLR017W,YPR118W,0,2.1764805,0.10424423217773438,0.9459459185600281,0.8451424837112427
YDR489W,YLR106C,0,2.1758142,0.10423313826322556,0.9459459185600281,0.8452428579330444
YGL039W,YER094C,0,2.1744266,0.10422205924987793,0.9459459185600281,0.8453432321548462
YGL021W,YOR214C,0,2.1741462,0.10421097278594971,0.9459459185600281,0.845443606376648
YDL109C,YOR237W,1,2.1740987,0.10430622100830078,0.9469112157821655,0.845443606376648
YBR159W,YMR296C,1,2.1726847,0.10440144687891006,0.9478764533996582,0.845443606376648
YPR178W,YEL077C,0,2.172018,0.10439034551382065,0.9478764533996582,0.8455439805984497
YBR158W,YMR045C,0,2.1717105,0.10437925159931183,0.9478764533996582,0.8456442952156067
YML098W,YDR227W,0,2.1696715,0.10436815768480301,0.9478764533996582,0.8457446694374084
YGR175C,YJR098C,1,2.1687176,0.10446333885192871,0.9488416910171509,0.8457446694374084
YDL124W,YJL137C,0,2.1686475,0.1044522374868393,0.9488416910171509,0.8458450436592102
YOL075C,YBR139W,0,2.1686423,0.10444113612174988,0.9488416910171509,0.845945417881012
YKR019C,YLR284C,1,2.1683862,0.1045362800359726,0.9498069286346436,0.845945417881012
YDR253C,YOR007C,0,2.1682713,0.10452517867088318,0.9498069286346436,0.8460457921028137
YLR277C,YNL197C,0,2.168263,0.10451406985521317,0.9498069286346436,0.8461461067199707
YER032W,YPR071W,0,2.1677299,0.10450297594070435,0.9498069286346436,0.8462464809417725
YJR027W,YGL016W,0,2.1666088,0.10449187457561493,0.9498069286346436,0.8463468551635742
YJL162C,YDL058W,0,2.1658845,0.10448078066110611,0.9498069286346436,0.846447229385376
YJL198W,YIL118W,0,2.164765,0.10446968674659729,0.9498069286346436,0.846547544002533
YBL035C,YPL079W,0,2.1641872,0.10445860028266907,0.9498069286346436,0.8466479182243347
YNL088W,YPL051W,0,2.162624,0.10444751381874084,0.9498069286346436,0.8467482924461365
YNR063W,YOR140W,0,2.161058,0.10443642735481262,0.9498069286346436,0.8468486666679382
YCR092C,YPR114W,0,2.160685,0.1044253408908844,0.9498069286346436,0.84694904088974
YHR033W,YIR003W,0,2.1604111,0.10441426187753677,0.9498069286346436,0.847049355506897
YFR024C-A,YER033C,0,2.1597023,0.10440318286418915,0.9498069286346436,0.8471497297286987
YML015C,YLR342W,0,2.1596432,0.10439210385084152,0.9498069286346436,0.8472501039505005
YPL058C,YPL148C,1,2.1595383,0.1044871136546135,0.950772225856781,0.8472501039505005
YGL160W,YDL184C,0,2.159406,0.10447602719068527,0.950772225856781,0.8473504781723022
YFL016C,YKL002W,0,2.1594021,0.10446494817733765,0.950772225856781,0.847450852394104
YIL067C,YDR375C,0,2.158968,0.10445386916399002,0.950772225856781,0.847551167011261
YKR099W,YAL032C,0,2.1578293,0.10444279760122299,0.950772225856781,0.8476515412330627
YML037C,YLR039C,0,2.1576233,0.10443171858787537,0.950772225856781,0.8477519154548645
YOR191W,YPL158C,0,2.1575582,0.10442065447568893,0.950772225856781,0.8478522896766663
YDR130C,YHL002W,0,2.1575003,0.1044095829129219,0.950772225856781,0.8479526042938232
YDR495C,YMR133W,0,2.1574388,0.10439851880073547,0.950772225856781,0.848052978515625
YBR012W-A,YPL210C,0,2.1573265,0.10438745468854904,0.950772225856781,0.8481533527374268
YDL114W,YDR038C,0,2.1572447,0.10437639057636261,0.950772225856781,0.8482537269592285
YGL119W,YLR446W,0,2.155962,0.10436533391475677,0.950772225856781,0.8483541011810303
YDR014W,YDR065W,0,2.1557832,0.10435427725315094,0.950772225856781,0.8484544157981873
YGR162W,YPL193W,0,2.1553454,0.1043432205915451,0.950772225856781,0.848554790019989
YBR267W,YLL053C,0,2.154736,0.10433217138051987,0.950772225856781,0.8486551642417908
YKL135C,YPL168W,0,2.15378,0.10432111471891403,0.950772225856781,0.8487555384635925
YEL020C,YDR156W,0,2.1537488,0.10431007295846939,0.950772225856781,0.8488558530807495
YML007W,YCL051W,0,2.1536086,0.10429902374744415,0.950772225856781,0.8489562273025513
YBR016W,YER100W,0,2.1534936,0.10428798198699951,0.950772225856781,0.849056601524353
YGL219C,YER177W,0,2.1531527,0.10427694022655487,0.950772225856781,0.8491569757461548
YER161C,YDR038C,0,2.1530666,0.10426590591669083,0.950772225856781,0.8492573499679565
YDL004W,YKL155C,0,2.1527064,0.10425487160682678,0.950772225856781,0.8493576645851135
YMR311C,YOR005C,0,2.1509578,0.10424383729696274,0.950772225856781,0.8494580388069153
YDR001C,YGL179C,0,2.1499052,0.1042328029870987,0.950772225856781,0.849558413028717
YHR044C,YGL194C,0,2.1497643,0.10422177612781525,0.950772225856781,0.8496587872505188
YPL066W,YGR090W,0,2.1492686,0.1042107492685318,0.950772225856781,0.8497591614723206
YLR039C,YDR239C,0,2.147942,0.10419972240924835,0.950772225856781,0.8498594760894775
YDR147W,YBL013W,0,2.1479123,0.1041887030005455,0.950772225856781,0.8499598503112793
YDR217C,YGR195W,0,2.1478212,0.10417768359184265,0.950772225856781,0.850060224533081
YDR107C,YHR118C,0,2.1477702,0.1041666641831398,0.950772225856781,0.8501605987548828
YPR098C,YKR093W,0,2.1477299,0.10415565222501755,0.950772225856781,0.8502609133720398
YPR174C,YDR126W,0,2.1464865,0.1041446402668953,0.950772225856781,0.8503612875938416
YLR448W,YJL104W,0,2.144776,0.10413362830877304,0.950772225856781,0.8504616618156433
YHR009C,YBL010C,0,2.1440046,0.10412262380123138,0.950772225856781,0.8505620360374451
YML074C,YLR276C,0,2.1422448,0.10411161929368973,0.950772225856781,0.8506624102592468
YDL012C,YOR091W,0,2.140993,0.10410061478614807,0.950772225856781,0.8507627248764038
YOL119C,YBR045C,0,2.1404147,0.10408961027860641,0.950772225856781,0.8508630990982056
YCL031C,YMR048W,0,2.1400628,0.10407861322164536,0.950772225856781,0.8509634733200073
YHR154W,YCL012W,0,2.1397865,0.1040676161646843,0.950772225856781,0.8510638475418091
YLR034C,YMR323W,0,2.138916,0.10405662655830383,0.950772225856781,0.8511641621589661
YLR093C,YKL079W,0,2.1384463,0.10404562950134277,0.950772225856781,0.8512645363807678
YIL138C,YDR267C,0,2.1383622,0.10403463989496231,0.950772225856781,0.8513649106025696
YMR311C,YOR380W,0,2.138355,0.10402365773916245,0.950772225856781,0.8514652848243713
YHR020W,YAL058W,0,2.137886,0.10401266813278198,0.950772225856781,0.8515656590461731
YDR339C,YIL018W,0,2.1371808,0.10400168597698212,0.950772225856781,0.8516659736633301
YHL026C,YOL152W,0,2.135534,0.10399071127176285,0.950772225856781,0.8517663478851318
YDR120C,YLR277C,0,2.1336482,0.10397972911596298,0.950772225856781,0.8518667221069336
YKL156W,YNL176C,0,2.13325,0.10396875441074371,0.950772225856781,0.8519670963287354
YDR308C,YIL145C,0,2.1332176,0.10395778715610504,0.950772225856781,0.8520674705505371
YER169W,YGR006W,0,2.13275,0.10394681245088577,0.950772225856781,0.8521677851676941
YOL041C,YPR110C,0,2.1323109,0.1039358451962471,0.950772225856781,0.8522681593894958
YGL111W,YPL226W,0,2.1313004,0.10392487794160843,0.950772225856781,0.8523685336112976
YPL053C,YGL128C,0,2.1300325,0.10391391813755035,0.950772225856781,0.8524689078330994
YBR091C,YJR145C,0,2.1300144,0.10390295088291168,0.950772225856781,0.8525692224502563
YMR177W,YOL076W,0,2.1294827,0.10389199107885361,0.950772225856781,0.8526695966720581
YGR001C,YKR038C,0,2.1283717,0.10388103872537613,0.950772225856781,0.8527699708938599
YPR086W,YLL066C,0,2.1281626,0.10387008637189865,0.950772225856781,0.8528703451156616
YPL123C,YMR045C,0,2.1280704,0.10385913401842117,0.950772225856781,0.8529707193374634
YGL063W,YER126C,0,2.1275861,0.1038481816649437,0.950772225856781,0.8530710339546204
YCR035C,YBR291C,0,2.1247308,0.10383723676204681,0.950772225856781,0.8531714081764221
YDR147W,YHR003C,0,2.1246693,0.10382629185914993,0.950772225856781,0.8532717823982239
YKR095W-A,YKR007W,0,2.124582,0.10381534695625305,0.950772225856781,0.8533721566200256
YOR260W,YCR020W-B,0,2.1245487,0.10380440205335617,0.950772225856781,0.8534724712371826
YPR019W,YGR235C,0,2.1240919,0.10379346460103989,0.950772225856781,0.8535728454589844
YNR063W,YGL121C,0,2.1240478,0.1037825271487236,0.950772225856781,0.8536732196807861
YOR363C,YLR143W,0,2.1236567,0.10377159714698792,0.950772225856781,0.8537735939025879
YDR043C,YBL047C,0,2.1236386,0.10376066714525223,0.950772225856781,0.8538739681243896
YLR015W,YLL053C,0,2.1229653,0.10374973714351654,0.950772225856781,0.8539742827415466
YGR001C,YGL155W,0,2.1215258,0.10373880714178085,0.950772225856781,0.8540746569633484
YMR305C,YOR019W,0,2.120654,0.10372788459062576,0.950772225856781,0.8541750311851501
YDL210W,YLR277C,0,2.12026,0.10371696203947067,0.950772225856781,0.8542754054069519
YIL067C,YPL153C,0,2.118988,0.10370604693889618,0.950772225856781,0.8543757796287537
YIL051C,YPL275W,0,2.118311,0.10369512438774109,0.950772225856781,0.8544760942459106
YOL061W,YLR126C,0,2.1171608,0.1036842092871666,0.950772225856781,0.8545764684677124
YDL193W,YLR225C,0,2.1169915,0.1036732941865921,0.950772225856781,0.8546768426895142
YHR167W,YMR125W,0,2.1149335,0.1036623865365982,0.950772225856781,0.8547772169113159
YJL045W,YPL275W,0,2.11441,0.10365147888660431,0.950772225856781,0.8548775315284729
YML023C,YOR214C,0,2.114409,0.10364057123661041,0.950772225856781,0.8549779057502747
YDL223C,YAR066W,0,2.1124434,0.10362967103719711,0.950772225856781,0.8550782799720764
YAL015C,YOL117W,0,2.111586,0.10361876338720322,0.950772225856781,0.8551786541938782
YOR188W,YGL238W,0,2.1113515,0.10360787063837051,0.950772225856781,0.8552790284156799
YEL032W,YLR225C,0,2.1113183,0.10359697043895721,0.950772225856781,0.8553793430328369
YDL156W,YJR065C,0,2.110939,0.10358607769012451,0.950772225856781,0.8554797172546387
YML111W,YPL091W,0,2.110713,0.10357518494129181,0.950772225856781,0.8555800914764404
YLL032C,YOR245C,0,2.1106405,0.1035642921924591,0.950772225856781,0.8556804656982422
YBR241C,YDR252W,0,2.1105986,0.103553406894207,0.950772225856781,0.855780839920044
YPR005C,YPR098C,0,2.1086986,0.1035425215959549,0.950772225856781,0.8558811545372009
YLR032W,YPL108W,0,2.1076608,0.10353163629770279,0.950772225856781,0.8559815287590027
YIL022W,YLR449W,0,2.1074934,0.10352075845003128,0.950772225856781,0.8560819029808044
YLR186W,YNR054C,0,2.1068304,0.10350988060235977,0.950772225856781,0.8561822772026062
YLR100W,YLR225C,0,2.1064668,0.10349900275468826,0.950772225856781,0.8562825918197632
YDR320C-A,YJL184W,0,2.106446,0.10348812490701675,0.950772225856781,0.8563829660415649
YOR228C,YIL062C,0,2.1058948,0.10347725450992584,0.950772225856781,0.8564833402633667
YIR015W,YHR080C,0,2.1053746,0.10346638411283493,0.950772225856781,0.8565837144851685
YER096W,YMR050C,0,2.1045136,0.10345552116632462,0.950772225856781,0.8566840887069702
YDR054C,YLR132C,0,2.103663,0.1034446507692337,0.950772225856781,0.8567844033241272
YNL251C,YLL053C,0,2.1035566,0.10343379527330399,0.950772225856781,0.856884777545929
YHR104W,YOR329C,0,2.1035562,0.10342293232679367,0.950772225856781,0.8569851517677307
YML133C,YGL249W,0,2.103395,0.10341207683086395,0.950772225856781,0.8570855259895325
YDR387C,YLR298C,0,2.1022253,0.10340122133493423,0.950772225856781,0.8571858406066895
YML045W,YMR017W,0,2.1013963,0.10339036583900452,0.950772225856781,0.8572862148284912
YNL181W,YNL227C,0,2.1010687,0.1033795103430748,0.950772225856781,0.857386589050293
YFL018C,YKL100C,0,2.100748,0.10336866229772568,0.950772225856781,0.8574869632720947
YOL032W,YJL018W,0,2.1007426,0.10335781425237656,0.950772225856781,0.8575873374938965
YMR210W,YGL126W,1,2.1004763,0.10345189273357391,0.9517374634742737,0.8575873374938965
YNR039C,YOR198C,0,2.100311,0.1034410372376442,0.9517374634742737,0.8576876521110535
YKL116C,YOR319W,0,2.0997057,0.10343018919229507,0.9517374634742737,0.8577880263328552
YFL018W-A,YKL079W,0,2.0987573,0.10341934114694595,0.9517374634742737,0.857888400554657
YIR014W,YJR050W,0,2.097941,0.10340849310159683,0.9517374634742737,0.8579887747764587
YOR044W,YPL100W,0,2.0964966,0.10339765250682831,0.9517374634742737,0.8580891489982605
YER045C,YKR086W,0,2.095524,0.10338681191205978,0.9517374634742737,0.8581894636154175
YLR265C,YER173W,0,2.0954096,0.10337597131729126,0.9517374634742737,0.8582898378372192
YGR075C,YHR214W,0,2.095231,0.10336513072252274,0.9517374634742737,0.858390212059021
YHL001W,YGR283C,0,2.0939486,0.10335429757833481,0.9517374634742737,0.8584905862808228
YER122C,YJL113W,0,2.0938547,0.10334346443414688,0.9517374634742737,0.8585909008979797
YLR297W,YOL105C,0,2.0936975,0.10333263128995895,0.9517374634742737,0.8586912751197815
YBR091C,YMR230W,0,2.093031,0.10332180559635162,0.9517374634742737,0.8587916493415833
YKR018C,YBR203W,0,2.0923781,0.1033109799027443,0.9517374634742737,0.858892023563385
YMR197C,YJL164C,0,2.0922296,0.10330015420913696,0.9517374634742737,0.8589923977851868
YOR198C,YDR367W,0,2.0913339,0.10328933596611023,0.9517374634742737,0.8590927124023438
YNL097C,YGR122W,0,2.0912607,0.1032785177230835,0.9517374634742737,0.8591930866241455
YOL031C,YMR050C,0,2.090971,0.10326769948005676,0.9517374634742737,0.8592934608459473
YDL080C,YBL082C,0,2.0906494,0.10325688868761063,0.9517374634742737,0.859393835067749
YLL053C,YHR010W,0,2.0900872,0.10324607044458389,0.9517374634742737,0.859494149684906
YKL028W,YCL016C,0,2.090006,0.10323525965213776,0.9517374634742737,0.8595945239067078
YLR098C,YBL019W,0,2.0895596,0.10322445631027222,0.9517374634742737,0.8596948981285095
YNL146W,YEL015W,0,2.087986,0.10321365296840668,0.9517374634742737,0.8597952723503113
YDR311W,YGR266W,0,2.0878773,0.10320284962654114,0.9517374634742737,0.859895646572113
YLR048W,YPL275W,0,2.0865839,0.1031920462846756,0.9517374634742737,0.85999596118927
YBR210W,YBR058C-A,0,2.0861077,0.10318125039339066,0.9517374634742737,0.8600963354110718
YHR107C,YKL191W,0,2.0859911,0.10317045450210571,0.9517374634742737,0.8601967096328735
YDR393W,YDR041W,0,2.0852032,0.10315965861082077,0.9517374634742737,0.8602970838546753
YMR236W,YOR205C,0,2.083483,0.10314886271953583,0.9517374634742737,0.860397458076477
YOR201C,YDR121W,0,2.08324,0.10313807427883148,0.9517374634742737,0.860497772693634
YCL019W,YIL070C,0,2.0831661,0.10312728583812714,0.9517374634742737,0.8605981469154358
YGR129W,YGR059W,0,2.0809157,0.10311650484800339,0.9517374634742737,0.8606985211372375
YLR327C,YHR214W,0,2.0802047,0.10310571640729904,0.9517374634742737,0.8607988953590393
YCR024C,YHR026W,0,2.079455,0.10309494286775589,0.9517374634742737,0.8608992099761963
YHL038C,YPR114W,0,2.0792131,0.10308416187763214,0.9517374634742737,0.860999584197998
YBR280C,YEL039C,0,2.0778484,0.10307338833808899,0.9517374634742737,0.8610999584197998
YDR273W,YPR148C,0,2.0773165,0.10306260734796524,0.9517374634742737,0.8612003326416016
YGR266W,YHR154W,0,2.0764995,0.10305184125900269,0.9517374634742737,0.8613007068634033
YDR288W,YGR026W,0,2.0762486,0.10304106771945953,0.9517374634742737,0.8614010214805603
YER180C,YHL013C,0,2.0744588,0.10303030163049698,0.9517374634742737,0.8615013957023621
YDR036C,YNL115C,0,2.0715067,0.10301953554153442,0.9517374634742737,0.8616017699241638
YDR110W,YDR325W,0,2.0714326,0.10300877690315247,0.9517374634742737,0.8617021441459656
YOR198C,YBR090C-A,0,2.0691824,0.10299801826477051,0.9517374634742737,0.8618025183677673
YPL096C-A,YBR268W,0,2.0681264,0.10298725962638855,0.9517374634742737,0.8619028329849243
YMR217W,YER087C-A,0,2.067421,0.10297650098800659,0.9517374634742737,0.8620032072067261
YOL021C,YPL158C,0,2.0673282,0.10296574980020523,0.9517374634742737,0.8621035814285278
YOR371C,YPR148C,0,2.0662389,0.10295499861240387,0.9517374634742737,0.8622039556503296
YER179W,YLR414C,0,2.0658154,0.10294424742460251,0.9517374634742737,0.8623042702674866
YPL068C,YJL143W,0,2.065126,0.10293350368738174,0.9517374634742737,0.8624046444892883
YKR083C,YNR040W,0,2.065023,0.10292275249958038,0.9517374634742737,0.8625050187110901
YHR062C,YML133C,0,2.0639267,0.10291201621294022,0.9517374634742737,0.8626053929328918
YGL085W,YJL008C,0,2.06178,0.10290127247571945,0.9517374634742737,0.8627057671546936
YDL201W,YBR092C,0,2.0605578,0.10289053618907928,0.9517374634742737,0.8628060817718506
YBR036C,YBL091C-A,1,2.0584931,0.10298413783311844,0.9527027010917664,0.8628060817718506
YML115C,YDR239C,0,2.0582945,0.10297339409589767,0.9527027010917664,0.8629064559936523
YPL162C,YDR037W,0,2.057856,0.10296265035867691,0.9527027010917664,0.8630068302154541
YGL043W,YBL097W,0,2.057201,0.10295191407203674,0.9527027010917664,0.8631072044372559
YPL140C,YBR057C,0,2.0556335,0.10294117778539658,0.9527027010917664,0.8632075190544128
YLL014W,YGR017W,0,2.0541084,0.10293044149875641,0.9527027010917664,0.8633078932762146
YJR067C,YOL098C,0,2.0538623,0.10291970521211624,0.9527027010917664,0.8634082674980164
YMR285C,YNL225C,0,2.0531793,0.10290897637605667,0.9527027010917664,0.8635086417198181
YGR186W,YDR134C,0,2.0528085,0.1028982475399971,0.9527027010917664,0.8636090159416199
YER159C,YLL067C,0,2.0516653,0.10288751870393753,0.9527027010917664,0.8637093305587769
YOR319W,YHL011C,0,2.0508206,0.10287679731845856,0.9527027010917664,0.8638097047805786
YOR056C,YGL092W,0,2.0500093,0.10286607593297958,0.9527027010917664,0.8639100790023804
YER183C,YGR165W,0,2.0497751,0.10285535454750061,0.9527027010917664,0.8640104532241821
YML092C,YBR016W,0,2.0496662,0.10284464061260223,0.9527027010917664,0.8641108274459839
YDR210W,YHR157W,0,2.0495138,0.10283392667770386,0.9527027010917664,0.8642111420631409
YOR396W,YDR153C,0,2.049032,0.10282321274280548,0.9527027010917664,0.8643115162849426
YDL081C,YLR419W,0,2.0482464,0.1028124988079071,0.9527027010917664,0.8644118905067444
YPR096C,YGR120C,0,2.0478368,0.10280179232358932,0.9527027010917664,0.8645122647285461
YMR051C,YAL043C,0,2.0466895,0.10279108583927155,0.9527027010917664,0.8646125793457031
YOL031C,YGL079W,0,2.0439477,0.10278037935495377,0.9527027010917664,0.8647129535675049
YDR312W,YOL076W,0,2.0420456,0.10276968032121658,0.9527027010917664,0.8648133277893066
YLR356W,YMR135C,0,2.0420413,0.1027589812874794,0.9527027010917664,0.8649137020111084
YFR004W,YLR119W,0,2.041967,0.10274828225374222,0.9527027010917664,0.8650140762329102
YHR001W,YPL096C-A,1,2.0415752,0.10284167528152466,0.953667938709259,0.8650140762329102
YJL216C,YPL051W,0,2.0413704,0.10283097624778748,0.953667938709259,0.8651143908500671
YGR227W,YKL055C,1,2.04108,0.10292433947324753,0.9546331763267517,0.8651143908500671
YGR200C,YJR016C,0,2.0401025,0.10291363298892975,0.9546331763267517,0.8652147650718689
YDR096W,YPR148C,0,2.0384355,0.10290292650461197,0.9546331763267517,0.8653151392936707
YCR027C,YBR028C,0,2.033775,0.10289222002029419,0.9546331763267517,0.8654155135154724
YLR408C,YOL122C,0,2.032412,0.10288151353597641,0.9546331763267517,0.8655158281326294
YOL065C,YOR022C,1,2.0310724,0.10297483205795288,0.9555984735488892,0.8655158281326294
YBL036C,YML113W,0,2.030173,0.1029641181230545,0.9555984735488892,0.8656162023544312
YOR369C,YEL026W,0,2.029986,0.10295341163873672,0.9555984735488892,0.8657165765762329
YJL106W,YCL040W,0,2.0299816,0.10294270515441895,0.9555984735488892,0.8658169507980347
YPL189C-A,YLR369W,0,2.029329,0.10293200612068176,0.9555984735488892,0.8659173250198364
YPL038W,YDL105W,0,2.028697,0.10292129963636398,0.9555984735488892,0.8660176396369934
YER040W,YJL028W,0,2.0281188,0.1029106006026268,0.9555984735488892,0.8661180138587952
YOR155C,YPR184W,0,2.0261307,0.10289990901947021,0.9555984735488892,0.8662183880805969
YBR077C,YJR089W,0,2.0258882,0.10288920998573303,0.9555984735488892,0.8663187623023987
YBR015C,YNL139C,0,2.024977,0.10287851840257645,0.9555984735488892,0.8664191365242004
YDR087C,YKR099W,0,2.0243008,0.10286782681941986,0.9555984735488892,0.8665194511413574
YGL157W,YNR048W,0,2.0241008,0.10285714268684387,0.9555984735488892,0.8666198253631592
YDR168W,YER139C,0,2.0240827,0.10284645855426788,0.9555984735488892,0.8667201995849609
YIL004C,YDR441C,0,2.0239565,0.1028357744216919,0.9555984735488892,0.8668205738067627
YNL278W,YLR096W,0,2.023322,0.1028250902891159,0.9555984735488892,0.8669208884239197
YNL077W,YKL071W,0,2.023101,0.10281441360712051,0.9555984735488892,0.8670212626457214
YLR362W,YML067C,0,2.0227962,0.10280373692512512,0.9555984735488892,0.8671216368675232
YPR102C,YPL212C,0,2.0215874,0.10279306769371033,0.9555984735488892,0.867222011089325
YGL092W,YKL099C,0,2.0209994,0.10278239101171494,0.9555984735488892,0.8673223853111267
YOL094C,YJR002W,0,2.0207772,0.10277172178030014,0.9555984735488892,0.8674226999282837
YGR037C,YER048W-A,0,2.020138,0.10276105254888535,0.9555984735488892,0.8675230741500854
YDL213C,YJL054W,0,2.0185068,0.10275039076805115,0.9555984735488892,0.8676234483718872
YHR206W,YLR419W,0,2.0179257,0.10273972898721695,0.9555984735488892,0.867723822593689
YML062C,YGR195W,0,2.0175943,0.10272906720638275,0.9555984735488892,0.867824137210846
YDR362C,YPR097W,0,2.016667,0.10271840542554855,0.9555984735488892,0.8679245114326477
YKL071W,YBR049C,0,2.016246,0.10270775109529495,0.9555984735488892,0.8680248856544495
YOR064C,YGR061C,0,2.0161333,0.10269709676504135,0.9555984735488892,0.8681252598762512
YDL201W,YPL207W,0,2.0161088,0.10268644243478775,0.9555984735488892,0.868225634098053
YHR181W,YJL160C,0,2.0141659,0.10267579555511475,0.9555984735488892,0.86832594871521
YMR166C,YOR308C,0,2.013947,0.10266514867544174,0.9555984735488892,0.8684263229370117
YJL025W,YOR224C,0,2.0127382,0.10265450179576874,0.9555984735488892,0.8685266971588135
YHR206W,YNL076W,0,2.011237,0.10264385491609573,0.9555984735488892,0.8686270713806152
YBR231C,YAL034W-A,0,2.0111265,0.10263321548700333,0.9555984735488892,0.868727445602417
YPL111W,YML096W,0,2.0105333,0.10262257605791092,0.9555984735488892,0.868827760219574
YFL052W,YOL116W,0,2.0101736,0.10261193662881851,0.9555984735488892,0.8689281344413757
YGR047C,YLR320W,0,2.008684,0.1026013046503067,0.9555984735488892,0.8690285086631775
YCR023C,YOR326W,0,2.0079086,0.10259067267179489,0.9555984735488892,0.8691288828849792
YOR321W,YBR056W,0,2.0066938,0.10258004069328308,0.9555984735488892,0.8692291975021362
YLR061W,YER074W-A,0,2.0056715,0.10256941616535187,0.9555984735488892,0.869329571723938
YBL039C,YIR035C,0,2.005171,0.10255879163742065,0.9555984735488892,0.8694299459457397
YML013W,YCR088W,0,2.0049744,0.10254816710948944,0.9555984735488892,0.8695303201675415
YIL156W,YDR348C,0,2.0049481,0.10253754258155823,0.9555984735488892,0.8696306943893433
YHR076W,YDR020C,0,2.0043554,0.10252692550420761,0.9555984735488892,0.8697310090065002
YNL286W,YBL040C,0,2.0036206,0.102516308426857,0.9555984735488892,0.869831383228302
YAR066W,YGR262C,0,2.0034466,0.10250569134950638,0.9555984735488892,0.8699317574501038
YBR058C-A,YGL065C,1,2.0018706,0.10259861499071121,0.9565637111663818,0.8699317574501038
YMR188C,YJL046W,0,2.0003474,0.10258799046278,0.9565637111663818,0.8700321316719055
YFL025C,YML014W,0,2.0002637,0.10257737338542938,0.9565637111663818,0.8701325058937073
YKL125W,YJR135C,0,1.9993987,0.10256675630807877,0.9565637111663818,0.8702328205108643
YML082W,YJL072C,0,1.9979537,0.10255613923072815,0.9565637111663818,0.870333194732666
YDR020C,YOR332W,0,1.9977086,0.10254552960395813,0.9565637111663818,0.8704335689544678
YDR027C,YCL020W,0,1.9971333,0.10253491997718811,0.9565637111663818,0.8705339431762695
YHR033W,YOR043W,0,1.9964852,0.10252431035041809,0.9565637111663818,0.8706342577934265
YDL031W,YGR061C,0,1.9941978,0.10251370817422867,0.9565637111663818,0.8707346320152283
YDL130W-A,YMR104C,0,1.9928983,0.10250310599803925,0.9565637111663818,0.87083500623703
YDL138W,YOL138C,0,1.9928257,0.10249250382184982,0.9565637111663818,0.8709353804588318
YBL008W,YPR057W,0,1.9911118,0.1024819016456604,0.9565637111663818,0.8710357546806335
YER140W,YMR167W,0,1.9903784,0.10247130692005157,0.9565637111663818,0.8711360692977905
YNL086W,YHR114W,0,1.9903728,0.10246071219444275,0.9565637111663818,0.8712364435195923
YBR146W,YKR096W,0,1.9901102,0.10245011746883392,0.9565637111663818,0.871336817741394
YCR058C,YHR111W,0,1.9894531,0.1024395301938057,0.9565637111663818,0.8714371919631958
YCL005W-A,YML025C,0,1.9886131,0.10242894291877747,0.9565637111663818,0.8715375065803528
YOL016C,YNL305C,0,1.98804,0.10241835564374924,0.9565637111663818,0.8716378808021545
YGL129C,YCR043C,0,1.9866705,0.10240776836872101,0.9565637111663818,0.8717382550239563
YBL003C,YDR280W,0,1.9860251,0.10239718854427338,0.9565637111663818,0.8718386292457581
YDR128W,YKL138C-A,0,1.9857543,0.10238660871982574,0.9565637111663818,0.8719390034675598
YJL025W,YDR121W,0,1.9856155,0.10237603634595871,0.9565637111663818,0.8720393180847168
YLR312C-B,YFL018C,0,1.9846532,0.10236545652151108,0.9565637111663818,0.8721396923065186
YKR045C,YIL123W,0,1.9837903,0.10235488414764404,0.9565637111663818,0.8722400665283203
YNL035C,YGR009C,0,1.9810245,0.10234431177377701,0.9565637111663818,0.8723404407501221
YNL289W,YIL126W,0,1.9799151,0.10233374685049057,0.9565637111663818,0.8724408149719238
YKL100C,YDR155C,0,1.9799144,0.10232318192720413,0.9565637111663818,0.8725411295890808
YNL256W,YCL057C-A,0,1.9783368,0.1023126170039177,0.9565637111663818,0.8726415038108826
YOR278W,YML131W,0,1.976263,0.10230205208063126,0.9565637111663818,0.8727418780326843
YOR003W,YLR345W,0,1.9755287,0.10229149460792542,0.9565637111663818,0.8728422522544861
YJR107W,YER019W,1,1.9746029,0.10238415002822876,0.9575289487838745,0.8728422522544861
YLR064W,YPL091W,0,1.9733605,0.10237357765436172,0.9575289487838745,0.8729425668716431
YDR031W,YJR125C,0,1.9730918,0.10236302018165588,0.9575289487838745,0.8730429410934448
YOL044W,YFR006W,0,1.9726605,0.10235245525836945,0.9575289487838745,0.8731433153152466
YCR071C,YGR071C,0,1.9718777,0.1023418977856636,0.9575289487838745,0.8732436895370483
YCL005W-A,YDL103C,0,1.970938,0.10233134031295776,0.9575289487838745,0.8733440637588501
YKR072C,YOR116C,0,1.9708462,0.10232078284025192,0.9575289487838745,0.8734443783760071
YHR106W,YPL236C,0,1.9704527,0.10231023281812668,0.9575289487838745,0.8735447525978088
YCL027C-A,YGR014W,0,1.9704171,0.10229968279600143,0.9575289487838745,0.8736451268196106
YEL020C,YJR125C,0,1.9700598,0.10228913277387619,0.9575289487838745,0.8737455010414124
YGR055W,YLR200W,0,1.9698278,0.10227858275175095,0.9575289487838745,0.8738458156585693
YMR060C,YGR203W,0,1.9692242,0.1022680401802063,0.9575289487838745,0.8739461898803711
YBR248C,YJR007W,0,1.9688898,0.10225749760866165,0.9575289487838745,0.8740465641021729
YDR312W,YLL011W,0,1.9682162,0.1022469624876976,0.9575289487838745,0.8741469383239746
YBL097W,YNR008W,0,1.9675832,0.10223641991615295,0.9575289487838745,0.8742473125457764
YFR037C,YDL051W,0,1.9669394,0.1022258847951889,0.9575289487838745,0.8743476271629333
YPR094W,YLR352W,0,1.9666622,0.10221534967422485,0.9575289487838745,0.8744480013847351
YGL139W,YKR024C,0,1.9665177,0.1022048220038414,0.9575289487838745,0.8745483756065369
YFR027W,YNL082W,0,1.9665096,0.10219429433345795,0.9575289487838745,0.8746487498283386
YJL028W,YGL127C,0,1.9656531,0.1021837666630745,0.9575289487838745,0.8747491240501404
YDR180W,YLR320W,0,1.9647827,0.10217323899269104,0.9575289487838745,0.8748494386672974
YHR123W,YJR098C,1,1.9646542,0.10226570814847946,0.9584941864013672,0.8748494386672974
YGR103W,YDR507C,0,1.9640806,0.10225517302751541,0.9584941864013672,0.8749498128890991
YJR120W,YEL077C,0,1.9629221,0.10224464535713196,0.9584941864013672,0.8750501871109009
YDL114W,YPL153C,0,1.9619482,0.1022341176867485,0.9584941864013672,0.8751505613327026
YBR139W,YPL048W,0,1.9592915,0.10222359746694565,0.9584941864013672,0.8752508759498596
YGL039W,YDR134C,0,1.9591602,0.1022130697965622,0.9584941864013672,0.8753512501716614
YOR369C,YLR460C,0,1.9586258,0.10220254957675934,0.9584941864013672,0.8754516243934631
YGR266W,YDL066W,0,1.9575657,0.10219203680753708,0.9584941864013672,0.8755519986152649
YPR037C,YOR267C,0,1.9563968,0.10218151658773422,0.9584941864013672,0.8756523728370667
YCL003W,YJL167W,1,1.9562135,0.10227389633655548,0.9594594836235046,0.8756523728370667
YJR108W,YBR233W-A,0,1.9561216,0.10226337611675262,0.9594594836235046,0.8757526874542236
YHL008C,YPR052C,0,1.9556985,0.10225285589694977,0.9594594836235046,0.8758530616760254
YMR262W,YOL116W,0,1.954174,0.10224233567714691,0.9594594836235046,0.8759534358978271
YHR035W,YMR283C,0,1.9540327,0.10223182290792465,0.9594594836235046,0.8760538101196289
YBL100W-A,YGL098W,0,1.9538183,0.10222131013870239,0.9594594836235046,0.8761541843414307
YIL172C,YBL045C,0,1.9535483,0.10221079736948013,0.9594594836235046,0.8762544989585876
YMR208W,YBR058C-A,1,1.9500294,0.10230310261249542,0.9604247212409973,0.8762544989585876
YHR202W,YLR174W,0,1.9477162,0.10229258984327316,0.9604247212409973,0.8763548731803894
YBL100W-A,YGL027C,0,1.9474365,0.1022820696234703,0.9604247212409973,0.8764552474021912
YLR403W,YNR073C,0,1.9458172,0.10227155685424805,0.9604247212409973,0.8765556216239929
YMR118C,YDR186C,0,1.945693,0.10226105153560638,0.9604247212409973,0.8766559362411499
YHR102W,YHR140W,0,1.945615,0.10225053876638412,0.9604247212409973,0.8767563104629517
YBL100W-A,YNR043W,0,1.945595,0.10224003344774246,0.9604247212409973,0.8768566846847534
YMR210W,YJL167W,1,1.9454933,0.10233227163553238,0.96138995885849,0.8768566846847534
YGR261C,YPL168W,0,1.9454696,0.10232175886631012,0.96138995885849,0.8769570589065552
YLR413W,YOR048C,0,1.9452176,0.10231124609708786,0.96138995885849,0.8770574331283569
YMR101C,YNL014W,0,1.9445527,0.1023007407784462,0.96138995885849,0.8771577477455139
YGR001C,YNL106C,0,1.9445097,0.10229023545980453,0.96138995885849,0.8772581219673157
YDR347W,YMR130W,0,1.9437807,0.10227973014116287,0.96138995885849,0.8773584961891174
YDR017C,YPL217C,0,1.9432094,0.10226922482252121,0.96138995885849,0.8774588704109192
YDR303C,YHR197W,0,1.9431461,0.10225872695446014,0.96138995885849,0.8775591850280762
YDR259C,YHR116W,0,1.943037,0.10224822908639908,0.96138995885849,0.8776595592498779
YFL008W,YDL129W,0,1.9416339,0.10223773121833801,0.96138995885849,0.8777599334716797
YJL028W,YDR358W,0,1.9413071,0.10222724080085754,0.96138995885849,0.8778603076934814
YML037C,YOR149C,0,1.9390206,0.10221675038337708,0.96138995885849,0.8779606819152832
YFL034C-A,YBR028C,0,1.9389968,0.1022062599658966,0.96138995885849,0.8780609965324402
YBR030W,YER016W,0,1.9388223,0.10219576954841614,0.96138995885849,0.8781613707542419
YDR060W,YLR003C,0,1.9380362,0.10218528658151627,0.96138995885849,0.8782617449760437
YDR126W,YDR266C,0,1.9377211,0.1021748036146164,0.96138995885849,0.8783621191978455
YIL082W-A,YDL220C,0,1.9371533,0.10216432809829712,0.96138995885849,0.8784624934196472
YLR414C,YJR098C,0,1.935802,0.10215384513139725,0.96138995885849,0.8785628080368042
YOL065C,YMR210W,1,1.935626,0.10224592685699463,0.9623551964759827,0.8785628080368042
YDL168W,YBL005W-A,0,1.9351254,0.10223543643951416,0.9623551964759827,0.878663182258606
YHR035W,YBL036C,0,1.9339659,0.10222495347261429,0.9623551964759827,0.8787635564804077
YKL137W,YIL098C,0,1.9322839,0.10221447795629501,0.9623551964759827,0.8788639307022095
YNL045W,YDR406W,0,1.928411,0.10220399498939514,0.9623551964759827,0.8789642453193665
YMR122W-A,YOL130W,0,1.9282705,0.10219351947307587,0.9623551964759827,0.8790646195411682
YMR153W,YBR060C,0,1.9256217,0.10218305140733719,0.9623551964759827,0.87916499376297
YBR239C,YNL077W,0,1.9243377,0.10217257589101791,0.9623551964759827,0.8792653679847717
YMR086W,YLR131C,0,1.9242198,0.10216210782527924,0.9623551964759827,0.8793657422065735
YOL029C,YPL192C,0,1.9233972,0.10215163975954056,0.9623551964759827,0.8794660568237305
YNL159C,YGL053W,0,1.9231972,0.10214117169380188,0.9623551964759827,0.8795664310455322
YDR308C,YHR081W,0,1.9229753,0.1021307110786438,0.9623551964759827,0.879666805267334
YCL019W,YFL034C-B,0,1.9226524,0.10212025046348572,0.9623551964759827,0.8797671794891357
YGR091W,YPR097W,0,1.92242,0.10210978984832764,0.9623551964759827,0.8798674941062927
YDR382W,YOR341W,0,1.9213159,0.10209933668375015,0.9623551964759827,0.8799678683280945
YGR059W,YCL045C,0,1.9212646,0.10208887606859207,0.9623551964759827,0.8800682425498962
YHR039C,YKL222C,0,1.9204588,0.10207843035459518,0.9623551964759827,0.880168616771698
YML058W,YLR381W,0,1.9195575,0.1020679771900177,0.9623551964759827,0.8802689909934998
YBR060C,YLL067C,0,1.9153808,0.10205753147602081,0.9623551964759827,0.8803693056106567
YNL103W,YBL097W,0,1.9133755,0.10204708576202393,0.9623551964759827,0.8804696798324585
YHL009C,YPR185W,0,1.9119925,0.10203664004802704,0.9623551964759827,0.8805700540542603
YMR262W,YNL025C,0,1.9119579,0.10202619433403015,0.9623551964759827,0.880670428276062
YIL007C,YKL209C,0,1.9112706,0.10201575607061386,0.9623551964759827,0.8807708024978638
YGL157W,YIL084C,0,1.9104022,0.10200531780719757,0.9623551964759827,0.8808711171150208
YER159C,YGR041W,0,1.9103568,0.10199488699436188,0.9623551964759827,0.8809714913368225
YJL041W,YGL157W,0,1.9100546,0.10198444873094559,0.9623551964759827,0.8810718655586243
YMR166C,YML027W,0,1.9096549,0.1019740179181099,0.9623551964759827,0.881172239780426
YML023C,YPR096C,0,1.9093642,0.1019635945558548,0.9623551964759827,0.881272554397583
YIL036W,YMR030W,0,1.9092848,0.1019531637430191,0.9623551964759827,0.8813729286193848
YPR037C,YOR047C,0,1.9091126,0.10194274038076401,0.9623551964759827,0.8814733028411865
YLR032W,YLR357W,0,1.9088461,0.10193231701850891,0.9623551964759827,0.8815736770629883
YIL093C,YDR363W-A,0,1.9086536,0.10192189365625381,0.9623551964759827,0.88167405128479
YIL153W,YMR323W,0,1.9078352,0.10191147774457932,0.9623551964759827,0.881774365901947
YJL109C,YKL012W,0,1.9057939,0.10190106183290482,0.9623551964759827,0.8818747401237488
YHR073W,YDL124W,0,1.9054241,0.10189064592123032,0.9623551964759827,0.8819751143455505
YLL016W,YPL051W,0,1.9052236,0.10188023746013641,0.9623551964759827,0.8820754885673523
YPL043W,YDR279W,0,1.9036459,0.10186982899904251,0.9623551964759827,0.882175862789154
YKR078W,YPL202C,0,1.9025426,0.10185942053794861,0.9623551964759827,0.882276177406311
YMR204C,YER100W,0,1.9024527,0.1018490120768547,0.9623551964759827,0.8823765516281128
YDL079C,YGR154C,0,1.9020448,0.1018386110663414,0.9623551964759827,0.8824769258499146
YPL103C,YBR056W,0,1.9007685,0.1018282100558281,0.9623551964759827,0.8825773000717163
YLR262C,YGR104C,0,1.9007597,0.10181780904531479,0.9623551964759827,0.8826776146888733
YKR045C,YGR203W,0,1.8982097,0.10180741548538208,0.9623551964759827,0.882777988910675
YLR055C,YNL126W,0,1.8976536,0.10179702192544937,0.9623551964759827,0.8828783631324768
YOR347C,YKL107W,0,1.8967557,0.10178662836551666,0.9623551964759827,0.8829787373542786
YKL167C,YPR148C,0,1.8956954,0.10177623480558395,0.9623551964759827,0.8830791115760803
YIL118W,YCR023C,0,1.8937471,0.10176584869623184,0.9623551964759827,0.8831794261932373
YCL062W,YNR008W,0,1.8920399,0.10175546258687973,0.9623551964759827,0.8832798004150391
YDR134C,YMR163C,0,1.890909,0.10174507647752762,0.9623551964759827,0.8833801746368408
YBR045C,YBL050W,0,1.8891671,0.1017346903681755,0.9623551964759827,0.8834805488586426
YDR079C-A,YER089C,0,1.888861,0.10172431170940399,0.9623551964759827,0.8835808634757996
YOL157C,YDL211C,0,1.8884304,0.10171393305063248,0.9623551964759827,0.8836812376976013
YBL105C,YOL029C,0,1.8876318,0.10170356184244156,0.9623551964759827,0.8837816119194031
YNR051C,YPL178W,0,1.887,0.10169318318367004,0.9623551964759827,0.8838819861412048
YMR050C,YCR098C,0,1.8865709,0.10168281197547913,0.9623551964759827,0.8839823603630066
YIL082W-A,YMR171C,0,1.885874,0.1016724482178688,0.9623551964759827,0.8840826749801636
YDR480W,YJR056C,0,1.8849404,0.10166207700967789,0.9623551964759827,0.8841830492019653
YHL019C,YLR466W,0,1.8847888,0.10165171325206757,0.9623551964759827,0.8842834234237671
YJL113W,YJR016C,0,1.8843706,0.10164134949445724,0.9623551964759827,0.8843837976455688
YGR266W,YIL075C,0,1.8830019,0.10163098573684692,0.9623551964759827,0.8844841718673706
YGL145W,YDR221W,0,1.881347,0.1016206294298172,0.9623551964759827,0.8845844864845276
YHR104W,YJL021C,0,1.8812805,0.10161027312278748,0.9623551964759827,0.8846848607063293
YLR205C,YNL045W,0,1.8812531,0.10159991681575775,0.9623551964759827,0.8847852349281311
YDR291W,YJL197W,0,1.8805468,0.10158956795930862,0.9623551964759827,0.8848856091499329
YMR014W,YML015C,0,1.879725,0.1015792191028595,0.9623551964759827,0.8849859237670898
YHL018W,YNL118C,0,1.8795346,0.10156887024641037,0.9623551964759827,0.8850862979888916
YCR072C,YGL070C,0,1.8794756,0.10155852138996124,0.9623551964759827,0.8851866722106934
YPR118W,YPL096C-A,0,1.8793392,0.10154817998409271,0.9623551964759827,0.8852870464324951
YOR339C,YAR010C,0,1.8791581,0.10153783112764359,0.9623551964759827,0.8853874206542969
YOR242C,YDR021W,0,1.8781662,0.10152749717235565,0.9623551964759827,0.8854877352714539
YMR139W,YHR113W,0,1.8778232,0.10151715576648712,0.9623551964759827,0.8855881094932556
YKR086W,YPL193W,0,1.877747,0.10150682181119919,0.9623551964759827,0.8856884837150574
YHR086W,YGR203W,0,1.8776821,0.10149648785591125,0.9623551964759827,0.8857888579368591
YLR256W,YGR283C,0,1.8763916,0.10148615390062332,0.9623551964759827,0.8858891725540161
YOR246C,YCL044C,0,1.8759375,0.10147582739591599,0.9623551964759827,0.8859895467758179
YBL102W,YOR019W,0,1.8758899,0.10146550089120865,0.9623551964759827,0.8860899209976196
YBL084C,YAR007C,0,1.8744829,0.10145517438650131,0.9623551964759827,0.8861902952194214
YNL046W,YHL028W,0,1.8738091,0.10144484788179398,0.9623551964759827,0.8862906694412231
YLR015W,YOL121C,0,1.872418,0.10143452882766724,0.9623551964759827,0.8863909840583801
YMR306W,YNL045W,0,1.8722506,0.1014242097735405,0.9623551964759827,0.8864913582801819
YPR174C,YNR048W,0,1.8719852,0.10141389816999435,0.9623551964759827,0.8865917325019836
YNL224C,YBR279W,0,1.870826,0.10140357911586761,0.9623551964759827,0.8866921067237854
YAR009C,YBR153W,0,1.8707821,0.10139326751232147,0.9623551964759827,0.8867924809455872
YBR100W,YKL138C-A,0,1.8707278,0.10138295590877533,0.9623551964759827,0.8868927955627441
YGR055W,YBR235W,0,1.8707185,0.10137265175580978,0.9623551964759827,0.8869931697845459
YLR051C,YMR285C,0,1.8695264,0.10136234015226364,0.9623551964759827,0.8870935440063477
YJR103W,YLR240W,1,1.8680015,0.10145369172096252,0.9633204340934753,0.8870935440063477
YAL061W,YBR211C,0,1.8665824,0.10144338011741638,0.9633204340934753,0.8871939182281494
YGR188C,YBR106W,0,1.8654292,0.10143307596445084,0.9633204340934753,0.8872942328453064
YJL108C,YMR045C,0,1.8647205,0.1014227643609047,0.9633204340934753,0.8873946070671082
YML085C,YBR239C,0,1.8646469,0.10141246020793915,0.9633204340934753,0.8874949812889099
YNL058C,YPL269W,0,1.8637726,0.1014021560549736,0.9633204340934753,0.8875953555107117
YPR156C,YKL100C,0,1.8629065,0.10139185190200806,0.9633204340934753,0.8876957297325134
YMR133W,YKL048C,0,1.8628474,0.10138155519962311,0.9633204340934753,0.8877960443496704
YPL146C,YJL002C,0,1.8626673,0.10137125104665756,0.9633204340934753,0.8878964185714722
YOR066W,YBR235W,0,1.8619311,0.10136096179485321,0.9633204340934753,0.8879967927932739
YJR019C,YMR118C,0,1.8617873,0.10135066509246826,0.9633204340934753,0.8880971670150757
YER087C-A,YPR156C,0,1.8609273,0.10134037584066391,0.9633204340934753,0.8881974816322327
YHR202W,YKR014C,0,1.8595246,0.10133008658885956,0.9633204340934753,0.8882978558540344
YER133W,YBR012W-A,0,1.8576868,0.1013197973370552,0.9633204340934753,0.8883982300758362
YMR183C,YBL097W,0,1.8560688,0.10130950808525085,0.9633204340934753,0.8884986042976379
YLR403W,YNL233W,0,1.8558038,0.1012992262840271,0.9633204340934753,0.8885989785194397
YHR202W,YOR214C,0,1.8533906,0.10128894448280334,0.9633204340934753,0.8886992931365967
YJR108W,YOR383C,0,1.8521003,0.10127867013216019,0.9633204340934753,0.8887996673583984
YNL115C,YDR356W,0,1.8511251,0.10126838833093643,0.9633204340934753,0.8889000415802002
YOL027C,YGR120C,0,1.8509765,0.10125811398029327,0.9633204340934753,0.889000415802002
YKR064W,YNL049C,0,1.8505511,0.10124784708023071,0.9633204340934753,0.8891007900238037
YOR063W,YDL184C,0,1.8505332,0.10123757272958755,0.9633204340934753,0.8892011046409607
YBR279W,YDR243C,0,1.8505199,0.101227305829525,0.9633204340934753,0.8893014788627625
YDR213W,YLR143W,0,1.8502672,0.10121703892946243,0.9633204340934753,0.8894018530845642
YDL109C,YJL118W,0,1.8497272,0.10120677202939987,0.9633204340934753,0.889502227306366
YKR075C,YJR110W,0,1.8488398,0.10119651257991791,0.9633204340934753,0.889602541923523
YIL173W,YMR042W,0,1.8481467,0.10118625313043594,0.9633204340934753,0.8897029161453247
YDR028C,YDR041W,0,1.846368,0.10117599368095398,0.9633204340934753,0.8898032903671265
YDR239C,YNR027W,0,1.8458477,0.10116573423147202,0.9633204340934753,0.8899036645889282
YJL106W,YNL058C,0,1.8450304,0.10115548223257065,0.9633204340934753,0.89000403881073
YPR096C,YNL189W,0,1.8441428,0.10114523023366928,0.9633204340934753,0.890104353427887
YPL141C,YGL021W,0,1.8438866,0.10113497823476791,0.9633204340934753,0.8902047276496887
YCL019W,YDR495C,0,1.8432469,0.10112473368644714,0.9633204340934753,0.8903051018714905
YGL085W,YBL035C,0,1.8429439,0.10111448913812637,0.9633204340934753,0.8904054760932922
YGR205W,YDL115C,0,1.8426054,0.1011042445898056,0.9633204340934753,0.890505850315094
YLR262C,YKL222C,0,1.8396391,0.10109400004148483,0.9633204340934753,0.890606164932251
YPR082C,YIL148W,0,1.8394698,0.10108376294374466,0.9633204340934753,0.8907065391540527
YPR003C,YPR097W,0,1.8392985,0.10107352584600449,0.9633204340934753,0.8908069133758545
YOR246C,YPL126W,0,1.8391037,0.10106328874826431,0.9633204340934753,0.8909072875976562
YHR035W,YGR194C,0,1.8382919,0.10105305910110474,0.9633204340934753,0.8910076022148132
YHR106W,YLR284C,0,1.8382213,0.10104282945394516,0.9633204340934753,0.891107976436615
YGR046W,YJL110C,0,1.8376732,0.10103259980678558,0.9633204340934753,0.8912083506584167
YPL160W,YPL227C,0,1.8374183,0.10102237015962601,0.9633204340934753,0.8913087248802185
YMR312W,YOL125W,0,1.8366857,0.10101214796304703,0.9633204340934753,0.8914090991020203
YGR001C,YJL047C,0,1.8359423,0.10100192576646805,0.9633204340934753,0.8915094137191772
YBR254C,YOR264W,0,1.8356915,0.10099170356988907,0.9633204340934753,0.891609787940979
YLL066C,YBR203W,0,1.8344219,0.10098148137331009,0.9633204340934753,0.8917101621627808
YBL036C,YHR108W,0,1.8329797,0.1009712666273117,0.9633204340934753,0.8918105363845825
YAR066W,YDL166C,0,1.8324248,0.10096105188131332,0.9633204340934753,0.8919108510017395
YDR189W,YPL275W,0,1.831662,0.10095083713531494,0.9633204340934753,0.8920112252235413
YJL046W,YJL221C,0,1.8300985,0.10094062983989716,0.9633204340934753,0.892111599445343
YML077W,YJR060W,0,1.8299242,0.10093042254447937,0.9633204340934753,0.8922119736671448
YLR115W,YDL098C,0,1.8293785,0.10092021524906158,0.9633204340934753,0.8923123478889465
YNL014W,YPL275W,0,1.8293517,0.1009100079536438,0.9633204340934753,0.8924126625061035
YDR037W,YDL129W,0,1.8280945,0.10089980810880661,0.9633204340934753,0.8925130367279053
YPL123C,YBL036C,0,1.8271883,0.10088960826396942,0.9633204340934753,0.892613410949707
YBR258C,YDR531W,0,1.8254943,0.10087940841913223,0.9633204340934753,0.8927137851715088
YIL114C,YPL088W,0,1.8251384,0.10086921602487564,0.9633204340934753,0.8928141593933105
YPR063C,YPR112C,0,1.8241363,0.10085901618003845,0.9633204340934753,0.8929144740104675
YMR134W,YPL254W,0,1.8239846,0.10084883123636246,0.9633204340934753,0.8930148482322693
YNL118C,YGR054W,0,1.8238224,0.10083863884210587,0.9633204340934753,0.893115222454071
YNL046W,YBL031W,0,1.8229828,0.10082845389842987,0.9633204340934753,0.8932155966758728
YMR079W,YPL153C,0,1.8228889,0.10081826150417328,0.9633204340934753,0.8933159112930298
YBL020W,YIR035C,0,1.8223531,0.10080808401107788,0.9633204340934753,0.8934162855148315
YJR019C,YLR239C,1,1.8222432,0.10089889913797379,0.9642857313156128,0.8934162855148315
YDR387C,YDR439W,0,1.8220971,0.1008887067437172,0.9642857313156128,0.8935166597366333
YGR177C,YDR123C,1,1.8220767,0.10097949951887131,0.9652509689331055,0.8935166597366333
YJR107W,YOR149C,1,1.8218639,0.10107027739286423,0.9662162065505981,0.8935166597366333
YBR280C,YGR247W,0,1.8211243,0.10106007009744644,0.9662162065505981,0.8936170339584351
YPL148C,YAR044W,1,1.8202182,0.10115081816911697,0.9671814441680908,0.8936170339584351
YOL075C,YBR021W,0,1.8193709,0.10114061087369919,0.9671814441680908,0.8937174081802368
YDR163W,YJL046W,0,1.8189602,0.1011303961277008,0.9671814441680908,0.8938177227973938
YPL075W,YIL031W,0,1.8177443,0.10112019628286362,0.9671814441680908,0.8939180970191956
YLR423C,YER011W,0,1.8177158,0.10110998898744583,0.9671814441680908,0.8940184712409973
YOR076C,YLR352W,0,1.8152466,0.10109978914260864,0.9671814441680908,0.8941188454627991
YBL037W,YGR067C,0,1.8141657,0.10108958929777145,0.9671814441680908,0.894219160079956
YKL027W,YML001W,0,1.8137935,0.10107938945293427,0.9671814441680908,0.8943195343017578
YPR063C,YLR313C,0,1.8137348,0.10106919705867767,0.9671814441680908,0.8944199085235596
YLL038C,YAR044W,0,1.8135751,0.10105900466442108,0.9671814441680908,0.8945202827453613
YCR058C,YDR052C,0,1.8128855,0.10104881227016449,0.9671814441680908,0.8946206569671631
YDR407C,YNL176C,0,1.8125774,0.1010386198759079,0.9671814441680908,0.8947209715843201
YDR338C,YJL047C,0,1.8123968,0.1010284349322319,0.9671814441680908,0.8948213458061218
YDL144C,YIL041W,0,1.8121818,0.10101824998855591,0.9671814441680908,0.8949217200279236
YJL098W,YDR348C,0,1.8120902,0.10100806504487991,0.9671814441680908,0.8950220942497253
YHR186C,YCR043C,0,1.8113861,0.10099788010120392,0.9671814441680908,0.8951224684715271
YLR460C,YNL024C,0,1.811202,0.10098770260810852,0.9671814441680908,0.8952227830886841
YOL006C,YJR152W,0,1.8110023,0.10097752511501312,0.9671814441680908,0.8953231573104858
YLR051C,YDR065W,0,1.8095151,0.10096735507249832,0.9671814441680908,0.8954235315322876
YCR092C,YML038C,0,1.8089395,0.10095717757940292,0.9671814441680908,0.8955239057540894
YFL035C-B,YIR036C,0,1.8082038,0.10094700753688812,0.9671814441680908,0.8956242203712463
YML088W,YJR108W,0,1.8075511,0.10093683749437332,0.9671814441680908,0.8957245945930481
YPL120W,YAR044W,1,1.8075398,0.10102739930152893,0.9681467413902283,0.8957245945930481
YLR020C,YBR002C,1,1.8074346,0.10111793875694275,0.969111979007721,0.8957245945930481
YIL005W,YFL041W,0,1.8066255,0.10110775381326675,0.969111979007721,0.8958249688148499
YML133C,YBR065C,0,1.8051822,0.10109757632017136,0.969111979007721,0.8959253430366516
YLR133W,YJR098C,1,1.8050262,0.10118807852268219,0.9700772166252136,0.8959253430366516
YNL212W,YOR240W,0,1.8030498,0.1011778935790062,0.9700772166252136,0.8960257172584534
YLL032C,YJR152W,0,1.8028624,0.1011677086353302,0.9700772166252136,0.8961260318756104
YER140W,YKL154W,0,1.8020966,0.1011575236916542,0.9700772166252136,0.8962264060974121
YDL007W,YNR032C-A,0,1.801883,0.10114734619855881,0.9700772166252136,0.8963267803192139
YPL203W,YDR338C,0,1.8018448,0.10113716125488281,0.9700772166252136,0.8964271545410156
YPR134W,YCR083W,0,1.8014501,0.10112698376178741,0.9700772166252136,0.8965275287628174
YPL066W,YGL167C,0,1.8013375,0.10111681371927261,0.9700772166252136,0.8966278433799744
YDL159W,YDR214W,0,1.7993741,0.10110663622617722,0.9700772166252136,0.8967282176017761
YDR382W,YDR478W,0,1.7988139,0.10109646618366241,0.9700772166252136,0.8968285918235779
YEL020W-A,YML101C,0,1.7965636,0.10108630359172821,0.9700772166252136,0.8969289660453796
YOL075C,YJL056C,0,1.794913,0.10107613354921341,0.9700772166252136,0.8970292806625366
YFR032C-A,YLR200W,0,1.7948976,0.1010659709572792,0.9700772166252136,0.8971296548843384
YLR223C,YOR133W,0,1.7947475,0.101055808365345,0.9700772166252136,0.8972300291061401
YIL091C,YGR275W,0,1.7942102,0.1010456457734108,0.9700772166252136,0.8973304033279419
YMR262W,YKR050W,0,1.7939255,0.10103549063205719,0.9700772166252136,0.8974307775497437
YML118W,YBR302C,0,1.7922109,0.10102532804012299,0.9700772166252136,0.8975310921669006
YPL105C,YDR412W,0,1.7904801,0.10101518034934998,0.9700772166252136,0.8976314663887024
YKL008C,YOR233W,0,1.7894313,0.10100502520799637,0.9700772166252136,0.8977318406105042
YNL194C,YFL002W-A,0,1.7893033,0.10099487751722336,0.9700772166252136,0.8978322148323059
YOR077W,YDL115C,0,1.7879006,0.10098472982645035,0.9700772166252136,0.8979325294494629
YBL014C,YOR326W,0,1.7874801,0.10097458213567734,0.9700772166252136,0.8980329036712646
YGR211W,YNL113W,0,1.7871935,0.10096443444490433,0.9700772166252136,0.8981332778930664
YNR073C,YDR255C,0,1.7864914,0.10095429420471191,0.9700772166252136,0.8982336521148682
YJR134C,YIL082W-A,0,1.7861526,0.1009441539645195,0.9700772166252136,0.8983340263366699
YER048C,YBR235W,0,1.7861362,0.10093401372432709,0.9700772166252136,0.8984343409538269
YDL064W,YKL006C-A,0,1.7860202,0.10092388093471527,0.9700772166252136,0.8985347151756287
YNL035C,YOR192C,0,1.7857141,0.10091374814510345,0.9700772166252136,0.8986350893974304
YHL017W,YDR314C,0,1.7836096,0.10090361535549164,0.9700772166252136,0.8987354636192322
YGL092W,YOR214C,0,1.782598,0.10089348256587982,0.9700772166252136,0.8988358378410339
YNL035C,YHL009C,0,1.7805002,0.1008833572268486,0.9700772166252136,0.8989361524581909
YBL105C,YGR203W,0,1.7804298,0.10087323188781738,0.9700772166252136,0.8990365266799927
YJR035W,YKL173W,0,1.7800784,0.10086310654878616,0.9700772166252136,0.8991369009017944
YGR001C,YIL068C,0,1.7800004,0.10085298866033554,0.9700772166252136,0.8992372751235962
YGR109C,YNL291C,0,1.778839,0.10084286332130432,0.9700772166252136,0.8993375897407532
YGL166W,YPL280W,0,1.7781425,0.1008327454328537,0.9700772166252136,0.8994379639625549
YBR239C,YLR451W,0,1.7777321,0.10082263499498367,0.9700772166252136,0.8995383381843567
YBR133C,YCR029C-A,0,1.7776054,0.10081251710653305,0.9700772166252136,0.8996387124061584
YHR009C,YDR437W,0,1.7772132,0.10080240666866302,0.9700772166252136,0.8997390866279602
YHL017W,YDL051W,0,1.7761269,0.100792296230793,0.9700772166252136,0.8998394012451172
YER120W,YDR299W,0,1.7758029,0.10078219324350357,0.9700772166252136,0.899939775466919
YDL038C,YMR029C,0,1.7754409,0.10077208280563354,0.9700772166252136,0.9000401496887207
YKL092C,YHR140W,0,1.7741675,0.10076197981834412,0.9700772166252136,0.9001405239105225
YHR045W,YDL080C,0,1.7722821,0.10075187683105469,0.9700772166252136,0.9002408385276794
YBR114W,YGL079W,0,1.7719026,0.10074178129434586,0.9700772166252136,0.9003412127494812
YNL024C,YGR254W,0,1.7710261,0.10073168575763702,0.9700772166252136,0.900441586971283
YJR117W,YIR007W,0,1.7699707,0.10072159022092819,0.9700772166252136,0.9005419611930847
YDL130W,YJL028W,0,1.7689406,0.10071149468421936,0.9700772166252136,0.9006423354148865
YPL215W,YPR067W,0,1.76737,0.10070139914751053,0.9700772166252136,0.9007426500320435
YPL281C,YLR143W,0,1.7673526,0.1006913110613823,0.9700772166252136,0.9008430242538452
YHL040C,YDL038C,0,1.7650166,0.10068122297525406,0.9700772166252136,0.900943398475647
YLR185W,YML043C,0,1.7639326,0.10067114233970642,0.9700772166252136,0.9010437726974487
YOR205C,YLR352W,0,1.7619531,0.10066105425357819,0.9700772166252136,0.9011441469192505
YGL063W,YCR043C,0,1.7616444,0.10065097361803055,0.9700772166252136,0.9012444615364075
YMR291W,YBR024W,0,1.7606766,0.10064090043306351,0.9700772166252136,0.9013448357582092
YHL007C,YLR272C,0,1.7602894,0.10063081979751587,0.9700772166252136,0.901445209980011
YBL100W-B,YLR399C,0,1.7597785,0.10062074661254883,0.9700772166252136,0.9015455842018127
YML111W,YMR048W,0,1.7592214,0.10061067342758179,0.9700772166252136,0.9016458988189697
YDL113C,YPL225W,0,1.7572541,0.10060060024261475,0.9700772166252136,0.9017462730407715
YDL102W,YDL236W,0,1.7569215,0.1005905345082283,0.9700772166252136,0.9018466472625732
YOL109W,YIR035C,0,1.7547338,0.10058046132326126,0.9700772166252136,0.901947021484375
YOR022C,YOR329C,0,1.7536163,0.10057039558887482,0.9700772166252136,0.9020473957061768
YJR150C,YCR043C,0,1.7523792,0.10056033730506897,0.9700772166252136,0.9021477103233337
YDR375C,YGR132C,0,1.7523184,0.10055027157068253,0.9700772166252136,0.9022480845451355
YLL014W,YMR274C,0,1.7520722,0.10054021328687668,0.9700772166252136,0.9023484587669373
YGL130W,YFR025C,0,1.7510402,0.10053016245365143,0.9700772166252136,0.902448832988739
YBR126C,YJL216C,0,1.7510399,0.10052010416984558,0.9700772166252136,0.902549147605896
YJL041W,YJL113W,0,1.7509243,0.10051005333662033,0.9700772166252136,0.9026495218276978
YLR116W,YGL238W,0,1.7506821,0.10050000250339508,0.9700772166252136,0.9027498960494995
YIL072W,YKR096W,0,1.748385,0.10048995167016983,0.9700772166252136,0.9028502702713013
YER069W,YJL216C,0,1.7482548,0.10047990083694458,0.9700772166252136,0.902950644493103
YDR099W,YKL088W,0,1.7476163,0.10046985745429993,0.9700772166252136,0.90305095911026
YOL023W,YPL132W,0,1.747238,0.10045981407165527,0.9700772166252136,0.9031513333320618
YLR323C,YML062C,0,1.7471254,0.10044977813959122,0.9700772166252136,0.9032517075538635
YPR107C,YGR207C,0,1.7438853,0.10043973475694656,0.9700772166252136,0.9033520817756653
YIR026C,YNL186W,0,1.74377,0.10042969882488251,0.9700772166252136,0.903452455997467
YIL043C,YMR234W,0,1.7437264,0.10041966289281845,0.9700772166252136,0.903552770614624
YDL102W,YGR122W,0,1.7437143,0.10040963441133499,0.9700772166252136,0.9036531448364258
YGR217W,YLR442C,0,1.7436502,0.10039959847927094,0.9700772166252136,0.9037535190582275
YLR138W,YCR029C-A,0,1.743286,0.10038956999778748,0.9700772166252136,0.9038538932800293
YJR107W,YMR208W,1,1.7408113,0.10047942399978638,0.9710424542427063,0.9038538932800293
YMR166C,YOL068C,0,1.7407863,0.10046938806772232,0.9710424542427063,0.9039542078971863
YML037C,YLR172C,0,1.7373512,0.10045935958623886,0.9710424542427063,0.904054582118988
YDL211C,YDR166C,0,1.7372613,0.1004493236541748,0.9710424542427063,0.9041549563407898
YBR098W,YDL129W,0,1.7370281,0.10043929517269135,0.9710424542427063,0.9042553305625916
YMR306W,YOR389W,0,1.7341852,0.10042926669120789,0.9710424542427063,0.9043557047843933
YBL100W-A,YLR023C,0,1.7336042,0.10041924566030502,0.9710424542427063,0.9044560194015503
YLL014W,YJR010C-A,0,1.7333388,0.10040922462940216,0.9710424542427063,0.904556393623352
YPL249C-A,YMR183C,0,1.7322599,0.1003992035984993,0.9710424542427063,0.9046567678451538
YOR109W,YJR056C,0,1.7311492,0.10038918256759644,0.9710424542427063,0.9047571420669556
YDR210W,YDR243C,0,1.7308483,0.10037916898727417,0.9710424542427063,0.9048575162887573
YPL005W,YML131W,0,1.7306981,0.10036914795637131,0.9710424542427063,0.9049578309059143
YLR283W,YDR166C,0,1.7306528,0.10035913437604904,0.9710424542427063,0.9050582051277161
YDR395W,YCL012W,0,1.7301395,0.10034912824630737,0.9710424542427063,0.9051585793495178
YJR129C,YPR019W,0,1.7292745,0.10033911466598511,0.9710424542427063,0.9052589535713196
YGL232W,YOR045W,0,1.7286651,0.10032910853624344,0.9710424542427063,0.9053592681884766
YDL166C,YDR478W,0,1.7273037,0.10031910985708237,0.9710424542427063,0.9054596424102783
YCL062W,YPL057C,0,1.7248552,0.1003091037273407,0.9710424542427063,0.9055600166320801
YBR030W,YNL256W,0,1.7237222,0.10029910504817963,0.9710424542427063,0.9056603908538818
YDR231C,YNL177C,0,1.7233844,0.10028910636901855,0.9710424542427063,0.9057607650756836
YOR231W,YMR042W,0,1.723237,0.10027910768985748,0.9710424542427063,0.9058610796928406
YML009C,YDR316W,0,1.7227831,0.10026910901069641,0.9710424542427063,0.9059614539146423
YJL143W,YMR050C,0,1.7227302,0.10025911778211594,0.9710424542427063,0.9060618281364441
YCL019W,YGR058W,0,1.7222095,0.10024912655353546,0.9710424542427063,0.9061622023582458
YPL108W,YAL013W,0,1.7207925,0.10023914277553558,0.9710424542427063,0.9062625169754028
YOR088W,YKR034W,0,1.718987,0.10022915154695511,0.9710424542427063,0.9063628911972046
YLR373C,YDL156W,0,1.7187755,0.10021916776895523,0.9710424542427063,0.9064632654190063
YBR084W,YOR295W,0,1.7184712,0.10020918399095535,0.9710424542427063,0.9065636396408081
YNL082W,YDR528W,0,1.7183831,0.10019920021295547,0.9710424542427063,0.9066640138626099
YEL020C,YDL113C,0,1.7165096,0.1001892238855362,0.9710424542427063,0.9067643284797668
YAR010C,YOR151C,0,1.7161281,0.10017924755811691,0.9710424542427063,0.9068647027015686
YNL069C,YOR233W,0,1.7148111,0.10016927123069763,0.9710424542427063,0.9069650769233704
YML045W,YNL292W,0,1.7138388,0.10015930235385895,0.9710424542427063,0.9070654511451721
YKR099C-A,YGR245C,0,1.713134,0.10014932602643967,0.9710424542427063,0.9071658253669739
YPL108W,YHR197W,0,1.7127023,0.10013935714960098,0.9710424542427063,0.9072661399841309
YKL113C,YNL035C,0,1.7120233,0.1001293882727623,0.9710424542427063,0.9073665142059326
YBR121C,YBL008W,0,1.7112803,0.10011942684650421,0.9710424542427063,0.9074668884277344
YPL074W,YJL160C,0,1.7112021,0.10010946542024612,0.9710424542427063,0.9075672626495361
YHR116W,YOR211C,0,1.710567,0.10009950399398804,0.9710424542427063,0.9076675772666931
YOR360C,YOR030W,0,1.7099563,0.10008954256772995,0.9710424542427063,0.9077679514884949
YHR016C,YLR446W,0,1.7088886,0.10007958859205246,0.9710424542427063,0.9078683257102966
YDL069C,YLR297W,0,1.7042421,0.10006963461637497,0.9710424542427063,0.9079686999320984
YMR262W,YBR041W,0,1.7020295,0.10005968064069748,0.9710424542427063,0.9080690741539001
YMR210W,YDR191W,1,1.7013497,0.10014917701482773,0.9720077514648438,0.9080690741539001
YNL227C,YNR024W,0,1.7012296,0.10013922303915024,0.9720077514648438,0.9081693887710571
YLR057W,YIL064W,0,1.6998687,0.10012926161289215,0.9720077514648438,0.9082697629928589
YMR210W,YGR227W,1,1.6996984,0.10021872818470001,0.9729729890823364,0.9082697629928589
YDL017W,YAR010C,0,1.699234,0.10020876675844193,0.9729729890823364,0.9083701372146606
YMR188C,YDR266C,0,1.6972413,0.10019880533218384,0.9729729890823364,0.9084705114364624
YDR242W,YDL080C,0,1.6965985,0.10018885135650635,0.9729729890823364,0.9085708260536194
YCR097W,YML033W,0,1.6965718,0.10017888993024826,0.9729729890823364,0.9086712002754211
YIR021W,YPL013C,0,1.696404,0.10016893595457077,0.9729729890823364,0.9087715744972229
YNL206C,YLR052W,0,1.694646,0.10015898197889328,0.9729729890823364,0.9088719487190247
YOL139C,YOR214C,0,1.6939361,0.10014902800321579,0.9729729890823364,0.9089723229408264
YOL075C,YIL010W,0,1.6928903,0.1001390814781189,0.9729729890823364,0.9090726375579834
YJR054W,YML064C,0,1.6924777,0.100129134953022,0.9729729890823364,0.9091730117797852
YML087C,YPR151C,0,1.6919265,0.10011918842792511,0.9729729890823364,0.9092733860015869
YMR131C,YDR075W,0,1.6901627,0.10010924935340881,0.9729729890823364,0.9093737602233887
YLL032C,YDR194C,0,1.6897502,0.10009930282831192,0.9729729890823364,0.9094741344451904
YHR202W,YAR033W,0,1.6885052,0.10008936375379562,0.9729729890823364,0.9095744490623474
YOR113W,YOR228C,0,1.6881516,0.10007942467927933,0.9729729890823364,0.9096748232841492
YDR469W,YOR214C,0,1.6874552,0.10006949305534363,0.9729729890823364,0.9097751975059509
YOL059W,YDR541C,0,1.6848176,0.10005956143140793,0.9729729890823364,0.9098755717277527
YIL130W,YDR387C,0,1.6814501,0.10004962980747223,0.9729729890823364,0.9099758863449097
YDR025W,YHR214W,0,1.6809908,0.10003969818353653,0.9729729890823364,0.9100762605667114
YER061C,YHL018W,0,1.6809847,0.10002977401018143,0.9729729890823364,0.9101766347885132
YER159C,YMR051C,0,1.6783347,0.10001984238624573,0.9729729890823364,0.9102770090103149
YLR275W,YOL098C,0,1.6783063,0.10000991821289062,0.9729729890823364,0.9103773832321167
YPL137C,YNR071C,0,1.6760755,0.10000000149011612,0.9729729890823364,0.9104776978492737
YDR239C,YLL018C-A,0,1.671211,0.09999007731676102,0.9729729890823364,0.9105780720710754
YKL088W,YKL046C,0,1.6702898,0.09998016059398651,0.9729729890823364,0.9106784462928772
YEL077C,YDL212W,0,1.6669122,0.099970243871212,0.9729729890823364,0.910778820514679
YBR026C,YPL096C-A,1,1.6663678,0.10005950182676315,0.9739382266998291,0.910778820514679
YGL246C,YOR319W,0,1.6654341,0.10004957765340805,0.9739382266998291,0.9108791947364807
YBR234C,YKL100C,0,1.6635624,0.10003966093063354,0.9739382266998291,0.9109795093536377
YCR081W,YLR453C,0,1.6622448,0.10002974420785904,0.9739382266998291,0.9110798835754395
YNR054C,YCR043C,0,1.6613994,0.10001982748508453,0.9739382266998291,0.9111802577972412
YPL275W,YOR048C,0,1.6603062,0.10000991076231003,0.9739382266998291,0.911280632019043
YLR067C,YNL185C,0,1.6597669,0.10000000149011612,0.9739382266998291,0.9113809466362
YGL144C,YOL006C,0,1.6595197,0.09999009221792221,0.9739382266998291,0.9114813208580017
YDR432W,YOR315W,0,1.6565784,0.0999801829457283,0.9739382266998291,0.9115816950798035
YDR398W,YKL028W,0,1.6564128,0.0999702736735344,0.9739382266998291,0.9116820693016052
YGL073W,YEL019C,0,1.6549313,0.09996037185192108,0.9739382266998291,0.911782443523407
YMR268C,YER006W,0,1.6543972,0.09995047003030777,0.9739382266998291,0.911882758140564
YPL266W,YPR020W,0,1.6539884,0.09994056820869446,0.9739382266998291,0.9119831323623657
YDL211C,YPR095C,0,1.6538854,0.09993067383766174,0.9739382266998291,0.9120835065841675
YGL100W,YLR126C,0,1.6519244,0.09992077946662903,0.9739382266998291,0.9121838808059692
YOR231W,YBR028C,0,1.6508325,0.09991088509559631,0.9739382266998291,0.9122841954231262
YJR001W,YJR027W,0,1.6469824,0.0999009907245636,0.9739382266998291,0.912384569644928
YIR004W,YDR110W,0,1.6467761,0.09989109635353088,0.9739382266998291,0.9124849438667297
YMR291W,YDL247W,0,1.6461823,0.09988120943307877,0.9739382266998291,0.9125853180885315
YNR019W,YBR204C,1,1.6455019,0.09997030347585678,0.9749034643173218,0.9125853180885315
YML133C,YDR060W,0,1.6453584,0.09996040910482407,0.9749034643173218,0.9126856923103333
YPR019W,YAR010C,0,1.6445901,0.09995052218437195,0.9749034643173218,0.9127860069274902
YJR108W,YDR513W,0,1.6436961,0.09994062781333923,0.9749034643173218,0.912886381149292
YBR167C,YOR096W,0,1.643196,0.09993074089288712,0.9749034643173218,0.9129867553710938
YLR384C,YEL048C,0,1.6429269,0.099920853972435,0.9749034643173218,0.9130871295928955
YOR039W,YIR003W,0,1.6425624,0.09991096705198288,0.9749034643173218,0.9131875038146973
YJR143C,YCL063W,0,1.6414688,0.09990108758211136,0.9749034643173218,0.9132878184318542
YER074W-A,YHR021C,0,1.6407186,0.09989120811223984,0.9749034643173218,0.913388192653656
YPL236C,YGL205W,0,1.6405008,0.09988132864236832,0.9749034643173218,0.9134885668754578
YCL019W,YOL069W,0,1.6404493,0.0998714491724968,0.9749034643173218,0.9135889410972595
YBR101C,YJL113W,0,1.638637,0.09986157715320587,0.9749034643173218,0.9136892557144165
YNL210W,YML081W,0,1.637435,0.09985170513391495,0.9749034643173218,0.9137896299362183
YPR118W,YDR465C,0,1.6363385,0.09984183311462402,0.9749034643173218,0.91389000415802
YLR071C,YML081C-A,0,1.6351404,0.0998319685459137,0.9749034643173218,0.9139903783798218
YER088C,YHR214W,0,1.6322031,0.09982209652662277,0.9749034643173218,0.9140907526016235
YGR280C,YLR378C,0,1.6290585,0.09981223195791245,0.9749034643173218,0.9141910672187805
YBR084W,YJL050W,0,1.6276169,0.09980237483978271,0.9749034643173218,0.9142914414405823
YLR337W,YBL106C,0,1.625979,0.09979251027107239,0.9749034643173218,0.914391815662384
YBR291C,YNL024C,0,1.6257772,0.09978265315294266,0.9749034643173218,0.9144921898841858
YMR286W,YDL114W,0,1.625525,0.09977279603481293,0.9749034643173218,0.9145925045013428
YNL247W,YPL138C,0,1.6254395,0.0997629389166832,0.9749034643173218,0.9146928787231445
YOR177C,YER028C,0,1.6229556,0.09975308924913406,0.9749034643173218,0.9147932529449463
YOR143C,YDR280W,0,1.6226413,0.09974323213100433,0.9749034643173218,0.914893627166748
YCR067C,YMR050C,0,1.6218584,0.0997333824634552,0.9749034643173218,0.9149940013885498
YML037C,YDR409W,0,1.6200423,0.09972354024648666,0.9749034643173218,0.9150943160057068
YAL008W,YNL086W,0,1.6189909,0.09971369057893753,0.9749034643173218,0.9151946902275085
YLR427W,YOR389W,0,1.6183811,0.099703848361969,0.9749034643173218,0.9152950644493103
YAL051W,YDL038C,0,1.6180446,0.09969400614500046,0.9749034643173218,0.9153954386711121
YDR210W,YFR027W,0,1.6176195,0.09968417137861252,0.9749034643173218,0.9154958128929138
YOL029C,YPL146C,0,1.6159725,0.09967432916164398,0.9749034643173218,0.9155961275100708
YDR020C,YER102W,0,1.615581,0.09966449439525604,0.9749034643173218,0.9156965017318726
YML034W,YLR297W,0,1.6129572,0.0996546596288681,0.9749034643173218,0.9157968759536743
YLL032C,YPR007C,0,1.6118968,0.09964483231306076,0.9749034643173218,0.9158972501754761
YNL212W,YMR221C,0,1.6114345,0.09963499754667282,0.9749034643173218,0.9159975647926331
YCL017C,YMR086W,0,1.6105313,0.09962517023086548,0.9749034643173218,0.9160979390144348
YKL063C,YER007W,0,1.6079152,0.09961535036563873,0.9749034643173218,0.9161983132362366
YHR080C,YOR149C,0,1.6055926,0.09960552304983139,0.9749034643173218,0.9162986874580383
YER125W,YDR444W,1,1.6022937,0.09969431161880493,0.9758687019348145,0.9162986874580383
YAR066W,YDL052C,0,1.6016243,0.09968447685241699,0.9758687019348145,0.9163990616798401
YDL146W,YIR007W,0,1.6010556,0.09967464953660965,0.9758687019348145,0.9164993762969971
YBR216C,YJR096W,0,1.6001391,0.0996648296713829,0.9758687019348145,0.9165997505187988
YOR208W,YPL137C,0,1.5994141,0.09965500235557556,0.9758687019348145,0.9167001247406006
YDL130W-A,YDL025C,0,1.5949407,0.09964518249034882,0.9758687019348145,0.9168004989624023
YAR010C,YDR463W,0,1.5929658,0.09963536262512207,0.9758687019348145,0.9169008135795593
YGR123C,YMR277W,0,1.5926578,0.09962554275989532,0.9758687019348145,0.9170011878013611
YLR077W,YBL100W-A,0,1.592434,0.09961572289466858,0.9758687019348145,0.9171015620231628
YHR107C,YHR169W,0,1.589479,0.09960591048002243,0.9758687019348145,0.9172019362449646
YHR160C,YIL062C,0,1.5889901,0.09959609806537628,0.9758687019348145,0.9173023104667664
YKR018C,YGL121C,0,1.5868783,0.09958628565073013,0.9758687019348145,0.9174026250839233
YJR107W,YKR031C,1,1.5851531,0.09967496991157532,0.9768339991569519,0.9174026250839233
YCR081W,YBL100W-B,0,1.581516,0.09966515749692917,0.9768339991569519,0.9175029993057251
YAR009C,YGR002C,0,1.581421,0.09965534508228302,0.9768339991569519,0.9176033735275269
YMR100W,YOR240W,0,1.5807966,0.09964553266763687,0.9768339991569519,0.9177037477493286
YGR154C,YDR248C,0,1.5805585,0.09963572025299072,0.9768339991569519,0.9178041219711304
YDR387C,YDR028C,0,1.5782335,0.09962590783834457,0.9768339991569519,0.9179044365882874
YPR022C,YIL026C,0,1.5781195,0.09961610287427902,0.9768339991569519,0.9180048108100891
YDR087C,YNL301C,0,1.5775199,0.09960629791021347,0.9768339991569519,0.9181051850318909
YKR059W,YIL127C,0,1.576647,0.09959649294614792,0.9768339991569519,0.9182055592536926
YDR367W,YDL042C,0,1.5752723,0.09958669543266296,0.9768339991569519,0.9183058738708496
YBR041W,YML059C,1,1.5736499,0.09967529028654099,0.9777992367744446,0.9183058738708496
YGL206C,YBL005W-A,0,1.5732157,0.09966548532247543,0.9777992367744446,0.9184062480926514
YML009C,YKR099C-A,0,1.5700316,0.09965568035840988,0.9777992367744446,0.9185066223144531
YHR143W,YGL021W,0,1.5676138,0.09964587539434433,0.9777992367744446,0.9186069965362549
YBR012W-A,YNL148C,0,1.566536,0.09963607788085938,0.9777992367744446,0.9187073707580566
YMR059W,YCR040W,0,1.5664252,0.09962628036737442,0.9777992367744446,0.9188076853752136
YDR492W,YCL003W,1,1.5639019,0.09971482306718826,0.9787644743919373,0.9188076853752136
YOR255W,YGR024C,0,1.563583,0.09970501810312271,0.9787644743919373,0.9189080595970154
YBR041W,YBR204C,1,1.5626829,0.09979353100061417,0.9797297120094299,0.9189080595970154
YER108C,YGL048C,0,1.5620778,0.09978371858596802,0.9797297120094299,0.9190084338188171
YOR136W,YPL275W,0,1.56106,0.09977391362190247,0.9797297120094299,0.9191088080406189
YPL096C-A,YDR058C,1,1.5608706,0.09986239671707153,0.9806950092315674,0.9191088080406189
YBR239C,YCL061C,0,1.5606003,0.09985257685184479,0.9806950092315674,0.9192091822624207
YKR077W,YDR507C,0,1.5601649,0.09984276443719864,0.9806950092315674,0.9193094968795776
YLR262C,YEL048C,0,1.5598167,0.09983295947313309,0.9806950092315674,0.9194098711013794
YPL132W,YOR193W,0,1.5598118,0.09982314705848694,0.9806950092315674,0.9195102453231812
YBR079C,YLR385C,0,1.5587938,0.09981334209442139,0.9806950092315674,0.9196106195449829
YML012W,YLR446W,0,1.5581856,0.09980353713035583,0.9806950092315674,0.9197109341621399
YKR060W,YOR269W,0,1.5566382,0.09979373216629028,0.9806950092315674,0.9198113083839417
YOR207C,YJR002W,0,1.5549359,0.09978393465280533,0.9806950092315674,0.9199116826057434
YHL050C,YJL219W,0,1.5543444,0.09977412968873978,0.9806950092315674,0.9200120568275452
YJR132W,YNL086W,0,1.5526292,0.09976433962583542,0.9806950092315674,0.9201124310493469
YCR094W,YPL275W,0,1.5521647,0.09975454211235046,0.9806950092315674,0.9202127456665039
YNL176C,YPL192C,0,1.5506065,0.09974474459886551,0.9806950092315674,0.9203131198883057
YOL029C,YIL158W,0,1.5500622,0.09973495453596115,0.9806950092315674,0.9204134941101074
YBR267W,YER160C,0,1.550009,0.0997251644730568,0.9806950092315674,0.9205138683319092
YPL210C,YIR012W,0,1.5479052,0.09971538186073303,0.9806950092315674,0.9206141829490662
YJL118W,YNL301C,0,1.5465493,0.09970559179782867,0.9806950092315674,0.9207145571708679
YPR022C,YDR234W,0,1.5460596,0.09969580918550491,0.9806950092315674,0.9208149313926697
YDR025W,YBR239C,0,1.5450051,0.09968602657318115,0.9806950092315674,0.9209153056144714
YCR035C,YAR010C,0,1.544647,0.09967625141143799,0.9806950092315674,0.9210156798362732
YEL055C,YLR442C,0,1.5446248,0.09966646879911423,0.9806950092315674,0.9211159944534302
YIR019C,YGR026W,0,1.5441628,0.09965669363737106,0.9806950092315674,0.9212163686752319
YPL086C,YPR082C,0,1.5434108,0.0996469184756279,0.9806950092315674,0.9213167428970337
YHR014W,YGR122W,0,1.5432615,0.09963715076446533,0.9806950092315674,0.9214171171188354
YDL243C,YLR283W,0,1.5428417,0.09962737560272217,0.9806950092315674,0.9215174913406372
YML087C,YFR016C,0,1.5425174,0.0996176078915596,0.9806950092315674,0.9216178059577942
YNL213C,YDR244W,0,1.5414166,0.09960784018039703,0.9806950092315674,0.921718180179596
YCL019W,YDR075W,0,1.5405288,0.09959807991981506,0.9806950092315674,0.9218185544013977
YEL077C,YCR018C,0,1.5402982,0.0995883196592331,0.9806950092315674,0.9219189286231995
YCR058C,YEL034W,0,1.5398976,0.09957855194807053,0.9806950092315674,0.9220192432403564
YLR355C,YIL064W,0,1.5389996,0.09956879913806915,0.9806950092315674,0.9221196174621582
YGR001C,YNR012W,0,1.5385919,0.09955903887748718,0.9806950092315674,0.92221999168396
YFL036W,YDR322W,0,1.5382955,0.09954928606748581,0.9806950092315674,0.9223203659057617
YDR541C,YIL043C,0,1.5381715,0.09953953325748444,0.9806950092315674,0.9224207401275635
YPL189C-A,YBR186W,0,1.537833,0.09952978044748306,0.9806950092315674,0.9225210547447205
YGL092W,YPL217C,0,1.5326406,0.09952002763748169,0.9806950092315674,0.9226214289665222
YOR081C,YAR044W,1,1.5302429,0.09960822761058807,0.9816602468490601,0.9226214289665222
YNL181W,YGL119W,0,1.5276822,0.0995984748005867,0.9816602468490601,0.922721803188324
YBR065C,YBR090C-A,0,1.5271853,0.09958872199058533,0.9816602468490601,0.9228221774101257
YGR047C,YBL005W-A,0,1.5266843,0.09957896918058395,0.9816602468490601,0.9229224920272827
YLL032C,YNL210W,0,1.523644,0.09956921637058258,0.9816602468490601,0.9230228662490845
YIL106W,YPL051W,0,1.523097,0.0995594710111618,0.9816602468490601,0.9231232404708862
YML031W,YPL275W,0,1.521841,0.09954972565174103,0.9816602468490601,0.923223614692688
YLL066C,YMR285C,0,1.5209816,0.09953998029232025,0.9816602468490601,0.9233239889144897
YLR467W,YMR231W,0,1.5194771,0.09953024238348007,0.9816602468490601,0.9234243035316467
YJR129C,YPL169C,0,1.5164087,0.09952050447463989,0.9816602468490601,0.9235246777534485
YLR435W,YHL018W,0,1.516298,0.09951076656579971,0.9816602468490601,0.9236250519752502
YGL086W,YER074W-A,0,1.5155203,0.09950102865695953,0.9816602468490601,0.923725426197052
YGR207C,YDR393W,0,1.511531,0.09949129074811935,0.9816602468490601,0.9238258004188538
YKL042W,YLR385C,0,1.5107665,0.09948156028985977,0.9816602468490601,0.9239261150360107
YJL123C,YMR050C,0,1.51057,0.09947182983160019,0.9816602468490601,0.9240264892578125
YKL140W,YKR031C,1,1.5085713,0.09955990314483643,0.9826254844665527,0.9240264892578125
YPL066W,YHL017W,0,1.5084043,0.09955016523599625,0.9826254844665527,0.9241268634796143
YPR003C,YDL058W,0,1.5075088,0.09954043477773666,0.9826254844665527,0.924227237701416
YDL102W,YLR449W,0,1.506165,0.09953069686889648,0.9826254844665527,0.924327552318573
YPL128C,YNL133C,0,1.5061344,0.0995209664106369,0.9826254844665527,0.9244279265403748
YER184C,YBL055C,0,1.5056257,0.09951124340295792,0.9826254844665527,0.9245283007621765
YPR063C,YMR323W,0,1.5043069,0.09950151294469833,0.9826254844665527,0.9246286749839783
YMR080C,YBR058C-A,0,1.5019603,0.09949178993701935,0.9826254844665527,0.92472904920578
YKR038C,YML040W,0,1.5003772,0.09948206692934036,0.9826254844665527,0.924829363822937
YPL126W,YNL069C,0,1.4997654,0.09947234392166138,0.9826254844665527,0.9249297380447388
YGL023C,YFL034C-B,0,1.4992206,0.09946262836456299,0.9826254844665527,0.9250301122665405
YGR003W,YPL068C,0,1.4975436,0.0994529128074646,0.9826254844665527,0.9251304864883423
YIL172C,YDR231C,0,1.4964007,0.09944319725036621,0.9826254844665527,0.925230860710144
YNR011C,YLR221C,0,1.4957166,0.09943348169326782,0.9826254844665527,0.925331175327301
YKL063C,YMR122W-A,0,1.4957052,0.09942377358675003,0.9826254844665527,0.9254315495491028
YDL235C,YCL012W,0,1.4925174,0.09941406548023224,0.9826254844665527,0.9255319237709045
YPL023C,YDR266C,0,1.4924624,0.09940435737371445,0.9826254844665527,0.9256322979927063
YPL061W,YFL002W-A,0,1.4923701,0.09939464926719666,0.9826254844665527,0.9257326126098633
YOR087W,YBL100W-B,0,1.491032,0.09938494861125946,0.9826254844665527,0.925832986831665
YDR348C,YMR016C,0,1.4899822,0.09937524050474167,0.9826254844665527,0.9259333610534668
YOR260W,YPL096C-A,0,1.4886737,0.09936554729938507,0.9826254844665527,0.9260337352752686
YIL138C,YBL061C,0,1.4885175,0.09935584664344788,0.9826254844665527,0.9261341094970703
YBR239C,YER061C,0,1.4883105,0.09934615343809128,0.9826254844665527,0.9262344241142273
YER112W,YJL113W,0,1.4876606,0.09933645278215408,0.9826254844665527,0.926334798336029
YKL107W,YGR088W,0,1.4872438,0.09932676702737808,0.9826254844665527,0.9264351725578308
YBR162W-A,YBR100W,0,1.486928,0.09931707382202148,0.9826254844665527,0.9265355467796326
YOR308C,YBR198C,0,1.4829456,0.09930738806724548,0.9826254844665527,0.9266358613967896
YKL150W,YAR044W,1,1.4815704,0.09939523786306381,0.9835907220840454,0.9266358613967896
YDR300C,YCL027C-A,0,1.4811919,0.09938554465770721,0.9835907220840454,0.9267362356185913
YCL057C-A,YNL212W,0,1.4795566,0.09937585145235062,0.9835907220840454,0.9268366098403931
YNL318C,YJL113W,0,1.4782207,0.09936616569757462,0.9835907220840454,0.9269369840621948
YCL005W-A,YDL082W,0,1.4756956,0.09935647249221802,0.9835907220840454,0.9270373582839966
YLR448W,YJL050W,0,1.4714003,0.09934678673744202,0.9835907220840454,0.9271376729011536
YML100W,YAR050W,0,1.4705955,0.09933710098266602,0.9835907220840454,0.9272380471229553
YDR320C-A,YGL096W,0,1.4705158,0.09932742267847061,0.9835907220840454,0.9273384213447571
YNL247W,YPL040C,0,1.4703784,0.09931773692369461,0.9835907220840454,0.9274387955665588
YGL155W,YCL005W-A,0,1.4701236,0.0993080586194992,0.9835907220840454,0.9275391697883606
YBR019C,YJL018W,0,1.4673073,0.0992983803153038,0.9835907220840454,0.9276394844055176
YML094W,YML125C,0,1.464333,0.099288709461689,0.9835907220840454,0.9277398586273193
YKR078W,YDR314C,0,1.4627163,0.09927903115749359,0.9835907220840454,0.9278402328491211
YCL005W-A,YNL254C,0,1.4618622,0.09926936030387878,0.9835907220840454,0.9279406070709229
YAL008W,YKR078W,0,1.4593091,0.09925968945026398,0.9835907220840454,0.9280409216880798
YHR043C,YGR287C,0,1.4587978,0.09925002604722977,0.9835907220840454,0.9281412959098816
YML037C,YMR142C,0,1.4563265,0.09924035519361496,0.9835907220840454,0.9282416701316833
YDR427W,YPL009C,0,1.4529879,0.09923069179058075,0.9835907220840454,0.9283420443534851
YML130C,YIL037C,0,1.452373,0.09922103583812714,0.9835907220840454,0.9284424185752869
YDR478W,YLR126C,0,1.4506578,0.09921137243509293,0.9835907220840454,0.9285427331924438
YIL154C,YDR170W-A,0,1.4496017,0.09920171648263931,0.9835907220840454,0.9286431074142456
YBR218C,YGR203W,0,1.4492881,0.0991920605301857,0.9835907220840454,0.9287434816360474
YOR119C,YLR221C,0,1.4486014,0.09918240457773209,0.9835907220840454,0.9288438558578491
YPL068C,YGL213C,0,1.4481432,0.09917274862527847,0.9835907220840454,0.9289441704750061
YNL251C,YCL012W,0,1.4478772,0.09916310012340546,0.9835907220840454,0.9290445446968079
YML093W,YML045W,0,1.4459755,0.09915345162153244,0.9835907220840454,0.9291449189186096
YER144C,YLR283W,0,1.4375303,0.09914380311965942,0.9835907220840454,0.9292452931404114
YLR372W,YAR044W,1,1.4354076,0.09923144429922104,0.9845559597015381,0.9292452931404114
YLR372W,YNR024W,0,1.4329602,0.09922178834676743,0.9845559597015381,0.9293456673622131
YML037C,YDR450W,0,1.4315298,0.09921213984489441,0.9845559597015381,0.9294459819793701
YNR027W,YFR055W,0,1.4300549,0.09920249134302139,0.9845559597015381,0.9295463562011719
YNL181W,YNR019W,0,1.4294612,0.09919284284114838,0.9845559597015381,0.9296467304229736
YBR301W,YPL033C,0,1.428564,0.09918319433927536,0.9845559597015381,0.9297471046447754
YNL038W,YBR204C,1,1.4244697,0.0992707833647728,0.9855212569236755,0.9297471046447754
YCL027C-A,YFR027W,0,1.4232597,0.09926113486289978,0.9855212569236755,0.9298474788665771
YPL063W,YBR146W,0,1.4222634,0.09925147891044617,0.9855212569236755,0.9299477934837341
YMR142C,YNR024W,0,1.4215922,0.09924183785915375,0.9855212569236755,0.9300481677055359
YLR074C,YKL191W,0,1.4204342,0.09923218935728073,0.9855212569236755,0.9301485419273376
YGR163W,YLR426W,0,1.420332,0.09922254830598831,0.9855212569236755,0.9302489161491394
YPR022C,YML121W,0,1.4122581,0.09921290725469589,0.9855212569236755,0.9303492307662964
YDL211C,YDR420W,0,1.4109054,0.09920326620340347,0.9855212569236755,0.9304496049880981
YKL069W,YLR419W,0,1.4093193,0.09919362515211105,0.9855212569236755,0.9305499792098999
YOR396W,YKL039W,0,1.4079746,0.09918399155139923,0.9855212569236755,0.9306503534317017
YMR011W,YOR224C,0,1.4077678,0.09917435795068741,0.9855212569236755,0.9307507276535034
YJR144W,YNL001W,0,1.4057608,0.09916472434997559,0.9855212569236755,0.9308510422706604
YNL263C,YDL180W,0,1.4006333,0.09915509074926376,0.9855212569236755,0.9309514164924622
YHR099W,YEL048C,0,1.4003956,0.09914546459913254,0.9855212569236755,0.9310517907142639
YMR177W,YKL138C-A,0,1.400003,0.09913583844900131,0.9855212569236755,0.9311521649360657
YNL148C,YHR122W,0,1.3984361,0.09912621229887009,0.9855212569236755,0.9312524795532227
YNL242W,YPL249C,0,1.3983977,0.09911659359931946,0.9855212569236755,0.9313528537750244
YBR012W-A,YMR029C,0,1.3980534,0.09910696744918823,0.9855212569236755,0.9314532279968262
YNR063W,YKR077W,0,1.3977144,0.0990973487496376,0.9855212569236755,0.9315536022186279
YDR320C-A,YGR120C,0,1.3966783,0.09908773005008698,0.9855212569236755,0.9316539764404297
YHR204W,YIL082W-A,0,1.3965471,0.09907811880111694,0.9855212569236755,0.9317542910575867
YLL053C,YIR012W,0,1.3941951,0.09906850010156631,0.9855212569236755,0.9318546652793884
YEL001C,YLR312C-B,0,1.393362,0.09905888885259628,0.9855212569236755,0.9319550395011902
YNL181W,YNL292W,0,1.3925447,0.09904928505420685,0.9855212569236755,0.9320554137229919
YML100W,YBR016W,0,1.3913157,0.09903967380523682,0.9855212569236755,0.9321557879447937
YCL005W-A,YER051W,0,1.3910639,0.09903007000684738,0.9855212569236755,0.9322561025619507
YDL156W,YBR058C-A,0,1.3898083,0.09902046620845795,0.9855212569236755,0.9323564767837524
YPL255W,YIL096C,0,1.3891158,0.09901086241006851,0.9855212569236755,0.9324568510055542
YPL146C,YBR092C,0,1.3872123,0.09900125861167908,0.9855212569236755,0.932557225227356
YIL158W,YPL072W,0,1.386521,0.09899166226387024,0.9855212569236755,0.9326575398445129
YGR125W,YIL036W,0,1.385786,0.0989820659160614,0.9855212569236755,0.9327579140663147
YBL010C,YFL009W,0,1.3845923,0.09897246956825256,0.9855212569236755,0.9328582882881165
YBR216C,YDR534C,0,1.3840551,0.09896287322044373,0.9855212569236755,0.9329586625099182
YJL010C,YML033W,0,1.383803,0.09895328432321548,0.9855212569236755,0.93305903673172
YDR056C,YAL001C,0,1.3818874,0.09894369542598724,0.9855212569236755,0.933159351348877
YIL172C,YEL060C,0,1.3803852,0.098934106528759,0.9855212569236755,0.9332597255706787
YPL117C,YDR412W,0,1.3759868,0.09892452508211136,0.9855212569236755,0.9333600997924805
YDL017W,YPL047W,0,1.3738761,0.09891493618488312,0.9855212569236755,0.9334604740142822
YGR271C-A,YHL033C,0,1.3706131,0.09890535473823547,0.9855212569236755,0.933560848236084
YDR298C,YML087C,0,1.3680773,0.09889577329158783,0.9855212569236755,0.933661162853241
YPL145C,YJR098C,1,1.3631679,0.0989830493927002,0.9864864945411682,0.933661162853241
YIR015W,YGR026W,0,1.3555001,0.09897346794605255,0.9864864945411682,0.9337615370750427
YER070W,YBR058C-A,0,1.3554134,0.09896387904882431,0.9864864945411682,0.9338619112968445
YJL109C,YNL166C,0,1.3532944,0.09895429760217667,0.9864864945411682,0.9339622855186462
YMR016C,YML096W,0,1.3531675,0.09894471615552902,0.9864864945411682,0.9340626001358032
YGL064C,YGL076C,0,1.3522055,0.09893514215946198,0.9864864945411682,0.934162974357605
YDR387C,YDR244W,0,1.3495407,0.09892556071281433,0.9864864945411682,0.9342633485794067
YCR020C,YOR064C,0,1.3486953,0.09891598671674728,0.9864864945411682,0.9343637228012085
YDR079C-A,YBL019W,0,1.3455572,0.09890641272068024,0.9864864945411682,0.9344640970230103
YDR194C,YOR167C,0,1.344727,0.09889684617519379,0.9864864945411682,0.9345644116401672
YBR161W,YLR337W,0,1.3428588,0.09888727962970734,0.9864864945411682,0.934664785861969
YHL017W,YOR005C,0,1.3407521,0.09887770563364029,0.9864864945411682,0.9347651600837708
YHR019C,YPL157W,0,1.33881,0.09886814653873444,0.9864864945411682,0.9348655343055725
YHR019C,YER006W,0,1.3384147,0.09885857999324799,0.9864864945411682,0.9349658489227295
YKL033W,YHR081W,0,1.3376875,0.09884902089834213,0.9864864945411682,0.9350662231445312
YNR038W,YHR032W,0,1.3332846,0.09883946180343628,0.9864864945411682,0.935166597366333
YLR345W,YJL216C,0,1.331408,0.09882990270853043,0.9864864945411682,0.9352669715881348
YFL035C-A,YKL026C,0,1.3312738,0.09882034361362457,0.9864864945411682,0.9353673458099365
YLR298C,YML081W,0,1.3280334,0.09881079196929932,0.9864864945411682,0.9354676604270935
YML093W,YOL139C,0,1.3243423,0.09880124032497406,0.9864864945411682,0.9355680346488953
YPL023C,YJR056C,0,1.3203399,0.0987916886806488,0.9864864945411682,0.935668408870697
YOR039W,YCL012W,0,1.3202837,0.09878213703632355,0.9864864945411682,0.9357687830924988
YDR320C-A,YJL062W,0,1.3190192,0.09877259284257889,0.9864864945411682,0.9358691573143005
YMR122W-A,YER124C,0,1.3160455,0.09876304864883423,0.9864864945411682,0.9359694719314575
YFL018W-A,YLR090W,0,1.3115163,0.09875350445508957,0.9864864945411682,0.9360698461532593
YFR032C-A,YMR059W,0,1.3108127,0.09874396026134491,0.9864864945411682,0.936170220375061
YDR348C,YDL166C,0,1.3085761,0.09873442351818085,0.9864864945411682,0.9362705945968628
YDR311W,YPR105C,0,1.3056611,0.09872488677501678,0.9864864945411682,0.9363709092140198
YBR090C-A,YMR288W,0,1.3050675,0.09871535003185272,0.9864864945411682,0.9364712834358215
YHR020W,YIR013C,0,1.3050532,0.09870581328868866,0.9864864945411682,0.9365716576576233
YBL020W,YPL211W,0,1.3036544,0.0986962839961052,0.9864864945411682,0.936672031879425
YCL039W,YHR039C-B,0,1.302931,0.09868675470352173,0.9864864945411682,0.9367724061012268
YCR058C,YLR081W,0,1.2994536,0.09867722541093826,0.9864864945411682,0.9368727207183838
YKR072C,YNR011C,0,1.2983848,0.0986676961183548,0.9864864945411682,0.9369730949401855
YGL116W,YBL036C,0,1.2967489,0.09865817427635193,0.9864864945411682,0.9370734691619873
YOR252W,YOR063W,0,1.2949717,0.09864864498376846,0.9864864945411682,0.9371738433837891
YHR206W,YER087C-A,0,1.2945278,0.09863913059234619,0.9864864945411682,0.937274158000946
YHR185C,YCL020W,0,1.2919282,0.09862960875034332,0.9864864945411682,0.9373745322227478
YOR174W,YIL082W-A,0,1.2918618,0.09862009435892105,0.9864864945411682,0.9374749064445496
YLR459W,YJR098C,1,1.2884015,0.09870706498622894,0.9874517321586609,0.9374749064445496
YPL189C-A,YOL128C,0,1.288127,0.09869754314422607,0.9874517321586609,0.9375752806663513
YJR029W,YPR032W,0,1.2864075,0.0986880213022232,0.9874517321586609,0.9376756548881531
YIL172C,YLR095C,0,1.2859772,0.09867849946022034,0.9874517321586609,0.9377759695053101
YGR096W,YBL010C,0,1.2852894,0.09866898506879807,0.9874517321586609,0.9378763437271118
YGR205W,YGR035C,0,1.284898,0.0986594632267952,0.9874517321586609,0.9379767179489136
YJL153C,YAR044W,1,1.2831767,0.09874638170003891,0.9884169697761536,0.9379767179489136
YMR116C,YDL164C,0,1.2816055,0.09873685985803604,0.9884169697761536,0.9380770921707153
YBL084C,YDR294C,0,1.2814803,0.09872734546661377,0.9884169697761536,0.9381774663925171
YHL016C,YJR029W,0,1.281215,0.0987178236246109,0.9884169697761536,0.9382777810096741
YOR341W,YDR184C,0,1.2810754,0.09870830923318863,0.9884169697761536,0.9383781552314758
YPL072W,YNR071C,0,1.2791057,0.09869879484176636,0.9884169697761536,0.9384785294532776
YKR045C,YLR341W,0,1.2762508,0.09868928045034409,0.9884169697761536,0.9385789036750793
YNR063W,YPL038W,0,1.2742962,0.09867977350950241,0.9884169697761536,0.9386792182922363
YGL171W,YPR143W,0,1.2718258,0.09867026656866074,0.9884169697761536,0.9387795925140381
YLR337C,YDL113C,0,1.2657325,0.09866075962781906,0.9884169697761536,0.9388799667358398
YBL056W,YLR446W,0,1.2635396,0.09865125268697739,0.9884169697761536,0.9389803409576416
YBR079C,YBR154C,0,1.2621229,0.09864174574613571,0.9884169697761536,0.9390807151794434
YKR064W,YDR338C,0,1.2608032,0.09863224625587463,0.9884169697761536,0.9391810297966003
YNL294C,YDR486C,0,1.2599685,0.09862274676561356,0.9884169697761536,0.9392814040184021
YDR536W,YGR205W,0,1.2573311,0.09861325472593307,0.9884169697761536,0.9393817782402039
YPL189C-A,YDL184C,0,1.2554789,0.098603755235672,0.9884169697761536,0.9394821524620056
YOL031C,YLR446W,0,1.2510066,0.09859426319599152,0.9884169697761536,0.9395825266838074
YNL072W,YMR221C,0,1.2373395,0.09858477115631104,0.9884169697761536,0.9396828413009644
YEL015W,YBL010C,0,1.2360618,0.09857527911663055,0.9884169697761536,0.9397832155227661
YKL054C,YLR419W,0,1.2359693,0.09856578707695007,0.9884169697761536,0.9398835897445679
YCR058C,YPL254W,0,1.2333391,0.09855630248785019,0.9884169697761536,0.9399839639663696
YLR424W,YFR024C,0,1.2318678,0.0985468178987503,0.9884169697761536,0.9400842785835266
YGL257C,YLL067C,0,1.2306749,0.09853733330965042,0.9884169697761536,0.9401846528053284
YJL162C,YGR283C,0,1.2305566,0.09852785617113113,0.9884169697761536,0.9402850270271301
YNR046W,YGL120C,0,1.2303346,0.09851837903261185,0.9884169697761536,0.9403854012489319
YLR292C,YDL184C,0,1.2282493,0.09850890189409256,0.9884169697761536,0.9404857754707336
YOL144W,YIL118W,0,1.2274511,0.09849942475557327,0.9884169697761536,0.9405860900878906
YGL201C,YJR120W,0,1.2273604,0.09848994761705399,0.9884169697761536,0.9406864643096924
YPL255W,YBL100W-B,0,1.226825,0.0984804779291153,0.9884169697761536,0.9407868385314941
YFL035C-B,YML010W,0,1.221486,0.0984710082411766,0.9884169697761536,0.9408872127532959
YAL001C,YGL161C,0,1.2211294,0.09846153855323792,0.9884169697761536,0.9409875273704529
YHL001W,YDR465C,0,1.2202941,0.09845206886529922,0.9884169697761536,0.9410879015922546
YIL087C,YPR061C,0,1.2195666,0.09844260662794113,0.9884169697761536,0.9411882758140564
YCR070W,YOL139C,0,1.2180438,0.09843314439058304,0.9884169697761536,0.9412886500358582
YER110C,YIR012W,0,1.2175056,0.09842368215322495,0.9884169697761536,0.9413890242576599
YBR034C,YBR100W,0,1.2134521,0.09841422736644745,0.9884169697761536,0.9414893388748169
YPL255W,YCR043C,0,1.2112625,0.09840476512908936,0.9884169697761536,0.9415897130966187
YML126C,YCL012W,0,1.2061701,0.09839531034231186,0.9884169697761536,0.9416900873184204
YHR152W,YBR233W-A,0,1.205312,0.09838585555553436,0.9884169697761536,0.9417904615402222
YKR099C-A,YER060W-A,0,1.2036391,0.09837640821933746,0.9884169697761536,0.9418908357620239
YLR121C,YLR337W,0,1.2012565,0.09836695343255997,0.9884169697761536,0.9419911503791809
YGL044C,YFR006W,0,1.1987329,0.09835750609636307,0.9884169697761536,0.9420915246009827
YNL247W,YIL126W,0,1.1984184,0.09834805876016617,0.9884169697761536,0.9421918988227844
YPL177C,YAR044W,0,1.1960205,0.09833861887454987,0.9884169697761536,0.9422922730445862
YNL113W,YHL013C,0,1.1950262,0.09832917153835297,0.9884169697761536,0.9423925876617432
YPL242C,YER005W,0,1.1937773,0.09831973165273666,0.9884169697761536,0.9424929618835449
YCR072C,YBL024W,0,1.1902562,0.09831029176712036,0.9884169697761536,0.9425933361053467
YGR224W,YPL225W,0,1.1884632,0.09830085188150406,0.9884169697761536,0.9426937103271484
YBL071W-A,YNL244C,0,1.1871186,0.09829141944646835,0.9884169697761536,0.9427940845489502
YBR167C,YLR276C,0,1.184314,0.09828198701143265,0.9884169697761536,0.9428943991661072
YLL032C,YDR489W,0,1.1809385,0.09827255457639694,0.9884169697761536,0.9429947733879089
YKR099C-A,YLR441C,0,1.1776371,0.09826312214136124,0.9884169697761536,0.9430951476097107
YCL003W,YDR058C,1,1.167609,0.09834964573383331,0.989382266998291,0.9430951476097107
YDR217C,YCL012W,0,1.1656313,0.09834020584821701,0.989382266998291,0.9431955218315125
YFR042W,YKL138C-A,0,1.1623905,0.0983307734131813,0.989382266998291,0.9432958364486694
YPL189C-A,YLR004C,0,1.1603761,0.0983213409781456,0.989382266998291,0.9433962106704712
YBR166C,YPL047W,0,1.1508466,0.09831191599369049,0.989382266998291,0.943496584892273
YDR079C-A,YBR094W,0,1.150449,0.09830248355865479,0.989382266998291,0.9435969591140747
YLL032C,YLR176C,0,1.149435,0.09829305857419968,0.989382266998291,0.9436973333358765
YJL106W,YIR007W,0,1.1480937,0.09828363358974457,0.989382266998291,0.9437976479530334
YMR051C,YKR090W,0,1.1413863,0.09827420860528946,0.989382266998291,0.9438980221748352
YLR093C,YDL134C-A,0,1.1412431,0.09826479107141495,0.989382266998291,0.943998396396637
YFL002W-A,YAL002W,0,1.1393572,0.09825536608695984,0.989382266998291,0.9440987706184387
YLL032C,YGL016W,0,1.1356974,0.09824594855308533,0.989382266998291,0.9441991448402405
YIL009W,YBR100W,0,1.1353438,0.09823653101921082,0.989382266998291,0.9442994594573975
YMR122W-A,YHL018W,0,1.1342502,0.0982271209359169,0.989382266998291,0.9443998336791992
YDR087C,YOL115W,0,1.1318669,0.09821771085262299,0.989382266998291,0.944500207901001
YMR133W,YAR044W,0,1.1308956,0.09820830076932907,0.989382266998291,0.9446005821228027
YOR088W,YDR520C,0,1.1298227,0.09819889068603516,0.989382266998291,0.9447008967399597
YOR088W,YPL239W,0,1.1227777,0.09818948060274124,0.989382266998291,0.9448012709617615
YPL096C-A,YOR359W,0,1.1214387,0.09818007797002792,0.989382266998291,0.9449016451835632
YDL123W,YOR262W,0,1.1179016,0.0981706753373146,0.989382266998291,0.945002019405365
YLR384C,YLR336C,0,1.1177752,0.09816127270460129,0.989382266998291,0.9451023936271667
YLL032C,YML102W,0,1.115596,0.09815187007188797,0.989382266998291,0.9452027082443237
YDL123W,YCL057C-A,0,1.1153961,0.09814247488975525,0.989382266998291,0.9453030824661255
YHL017W,YER048W-A,0,1.1142182,0.09813307970762253,0.989382266998291,0.9454034566879272
YBR239C,YGL065C,0,1.1127367,0.09812368452548981,0.989382266998291,0.945503830909729
YDL231C,YBR152W,0,1.1119056,0.09811428934335709,0.989382266998291,0.945604145526886
YCL003W,YBL091C-A,1,1.1109431,0.09820061177015305,0.9903475046157837,0.945604145526886
YNL244C,YML033W,0,1.1095437,0.09819121658802032,0.9903475046157837,0.9457045197486877
YNR036C,YBR146W,0,1.1080137,0.0981818214058876,0.9903475046157837,0.9458048939704895
YER038C,YPR097W,0,1.1071639,0.09817242622375488,0.9903475046157837,0.9459052681922913
YMR014W,YNL292W,0,1.103923,0.09816303104162216,0.9903475046157837,0.946005642414093
YML060W,YER074W-A,0,1.1025496,0.09815364331007004,0.9903475046157837,0.94610595703125
YER126C,YDL051W,0,1.102137,0.09814424812793732,0.9903475046157837,0.9462063312530518
YDL109C,YKR067W,1,1.1019495,0.0982305109500885,0.9913127422332764,0.9462063312530518
YJR067C,YJL018W,0,1.0958347,0.09822111576795578,0.9913127422332764,0.9463067054748535
YOL058W,YPL096C-A,0,1.0950692,0.09821172058582306,0.9913127422332764,0.9464070796966553
YDL114W,YJR125C,0,1.0943948,0.09820233285427094,0.9913127422332764,0.946507453918457
YDR129C,YCR070W,0,1.0933448,0.09819294512271881,0.9913127422332764,0.946607768535614
YNL289W,YMR277W,0,1.0926865,0.09818355739116669,0.9913127422332764,0.9467081427574158
YGR272C,YKL197C,0,1.0782593,0.09817416965961456,0.9913127422332764,0.9468085169792175
YLR225C,YDR434W,0,1.0778832,0.09816478937864304,0.9913127422332764,0.9469088912010193
YKL138C-A,YDR356W,0,1.0764585,0.09815540164709091,0.9913127422332764,0.9470092058181763
YGL053W,YLR035C-A,0,1.0753658,0.09814602136611938,0.9913127422332764,0.947109580039978
YCL061C,YNL328C,0,1.0749177,0.09813664853572845,0.9913127422332764,0.9472099542617798
YGR272C,YGR024C,0,1.0720377,0.09812726825475693,0.9913127422332764,0.9473103284835815
YFL018W-A,YNL185C,0,1.0697436,0.098117895424366,0.9913127422332764,0.9474107027053833
YBR084W,YOR088W,0,1.0695617,0.09810852259397507,0.9913127422332764,0.9475110173225403
YKL027W,YKL092C,0,1.0691234,0.09809914976358414,0.9913127422332764,0.947611391544342
YLR143W,YLR007W,0,1.0538985,0.0980897769331932,0.9913127422332764,0.9477117657661438
YDL213C,YNL181W,0,1.0411456,0.09808041155338287,0.9913127422332764,0.9478121399879456
YPL096C-A,YBL082C,1,1.0352954,0.09816654026508331,0.992277979850769,0.9478121399879456
YDR482C,YLR337W,0,1.0350895,0.09815716743469238,0.992277979850769,0.9479125142097473
YFL002W-A,YDR027C,0,1.0243981,0.09814779460430145,0.992277979850769,0.9480128288269043
YLR276C,YHR187W,0,1.0236471,0.09813842177391052,0.992277979850769,0.948113203048706
YEL077C,YGL098W,0,1.0155551,0.09812905639410019,0.992277979850769,0.9482135772705078
YPL001W,YJL021C,0,1.0070044,0.09811969101428986,0.992277979850769,0.9483139514923096
YML019W,YLR226W,0,1.0037442,0.09811032563447952,0.992277979850769,0.9484142661094666
YKL110C,YOL086W-A,0,0.99680233,0.09810096025466919,0.992277979850769,0.9485146403312683
YNL083W,YOR240W,0,0.97675896,0.09809160232543945,0.992277979850769,0.9486150145530701
YPL255W,YLR337W,0,0.9759157,0.09808224439620972,0.992277979850769,0.9487153887748718
YPL189C-A,YFR025C,0,0.97288674,0.09807288646697998,0.992277979850769,0.9488157629966736
YOR236W,YER074W-A,0,0.97059,0.09806352853775024,0.992277979850769,0.9489160776138306
YCL003W,YMR246W,1,0.9682876,0.09814956039190292,0.9932432174682617,0.9489160776138306
YMR122W-A,YLL050C,0,0.96800303,0.09814020246267319,0.9932432174682617,0.9490164518356323
YGR071C,YBL097W,0,0.96561944,0.09813084453344345,0.9932432174682617,0.9491168260574341
YDL093W,YCL012W,0,0.9624451,0.09812148660421371,0.9932432174682617,0.9492172002792358
YBL045C,YAR044W,0,0.95464486,0.09811212867498398,0.9932432174682617,0.9493175148963928
YGR082W,YDL184C,0,0.951661,0.09810277074575424,0.9932432174682617,0.9494178891181946
YER061C,YCR029C-A,0,0.9499123,0.0980934202671051,0.9932432174682617,0.9495182633399963
YCL062W,YPL170W,0,0.9492392,0.09808406978845596,0.9932432174682617,0.9496186375617981
YBR090C-A,YPL135W,0,0.94918466,0.09807472676038742,0.9932432174682617,0.9497190117835999
YHR079C-B,YDR184C,0,0.9487468,0.09806537628173828,0.9932432174682617,0.9498193264007568
YDR320C-A,YMR233W,0,0.9485724,0.09805603325366974,0.9932432174682617,0.9499197006225586
YPL169C,YBR090C-A,0,0.9483894,0.0980466902256012,0.9932432174682617,0.9500200748443604
YBL061C,YPL157W,0,0.9476475,0.09803734719753265,0.9932432174682617,0.9501204490661621
YGR128C,YER118C,0,0.9468359,0.09802801162004471,0.9932432174682617,0.9502208232879639
YDR129C,YNL305C,0,0.9426787,0.09801866859197617,0.9932432174682617,0.9503211379051208
YNL151C,YJR041C,0,0.9426782,0.09800933301448822,0.9932432174682617,0.9504215121269226
YDR079C-A,YIL085C,0,0.9409776,0.09799999743700027,0.9932432174682617,0.9505218863487244
YGR038C-B,YER056C-A,0,0.93867946,0.09799066931009293,0.9932432174682617,0.9506222605705261
YCL003W,YOR126C,1,0.9331331,0.09807655960321426,0.9942085146903992,0.9506222605705261
YLR272C,YOR346W,0,0.92444754,0.09806721657514572,0.9942085146903992,0.9507225751876831
YDL038C,YCL051W,0,0.9228223,0.09805788099765778,0.9942085146903992,0.9508229494094849
YDR312W,YML098W,0,0.91955554,0.09804854542016983,0.9942085146903992,0.9509233236312866
YOR196C,YLR035C-A,0,0.91949725,0.09803921729326248,0.9942085146903992,0.9510236978530884
YFL035C-A,YDL019C,0,0.9184469,0.09802988171577454,0.9942085146903992,0.9511240720748901
YCR102C,YHR214C-C,0,0.9149936,0.09802055358886719,0.9942085146903992,0.9512243866920471
YGL139W,YDL112W,0,0.9149841,0.09801122546195984,0.9942085146903992,0.9513247609138489
YDR001C,YJL018W,0,0.9109964,0.09800190478563309,0.9942085146903992,0.9514251351356506
YHR167W,YBR135W,0,0.91027486,0.09799257665872574,0.9942085146903992,0.9515255093574524
YFL035C-A,YBR102C,0,0.90930945,0.09798325598239899,0.9942085146903992,0.9516258239746094
YPL108W,YMR059W,0,0.90626323,0.09797393530607224,0.9942085146903992,0.9517261981964111
YOR217W,YNR024W,0,0.89770246,0.09796462208032608,0.9942085146903992,0.9518265724182129
YNL284C-B,YDL130W,0,0.8947503,0.09795530140399933,0.9942085146903992,0.9519269466400146
YCR029C-A,YOR045W,0,0.892588,0.09794598817825317,0.9942085146903992,0.9520273208618164
YKL154W,YNR032C-A,0,0.8898112,0.09793667495250702,0.9942085146903992,0.9521276354789734
YKR095W-A,YBR112C,0,0.88766956,0.09792736172676086,0.9942085146903992,0.9522280097007751
YFL035C-A,YLR423C,0,0.88557875,0.0979180559515953,0.9942085146903992,0.9523283839225769
YDR266C,YOR195W,0,0.8797481,0.09790874272584915,0.9942085146903992,0.9524287581443787
YLR148W,YAR044W,0,0.8739928,0.0978994369506836,0.9942085146903992,0.9525291323661804
YDR510W,YJL160C,0,0.8709662,0.09789013862609863,0.9942085146903992,0.9526294469833374
YNL299W,YDR110W,0,0.87055695,0.09788083285093307,0.9942085146903992,0.9527298212051392
YDR320C-A,YIL138C,0,0.86458796,0.09787153452634811,0.9942085146903992,0.9528301954269409
YIL156W,YCR077C,0,0.86294556,0.09786223620176315,0.9942085146903992,0.9529305696487427
YBR026C,YCL003W,1,0.8537164,0.09794794023036957,0.9951737523078918,0.9529305696487427
YFL004W,YLR337W,0,0.85335994,0.09793863445520401,0.9951737523078918,0.9530308842658997
YLR154W-C,YLR150W,0,0.8514632,0.09792932868003845,0.9951737523078918,0.9531312584877014
YPR112C,YER118C,0,0.84454864,0.09792003035545349,0.9951737523078918,0.9532316327095032
YBL071W-A,YOR369C,0,0.8444146,0.09791073203086853,0.9951737523078918,0.9533320069313049
YDR284C,YGR027W-A,0,0.836122,0.09790143370628357,0.9951737523078918,0.9534323811531067
YFL002W-A,YFR030W,0,0.8300881,0.09789213538169861,0.9951737523078918,0.9535326957702637
YER149C,YMR122W-A,0,0.8287978,0.09788284450769424,0.9951737523078918,0.9536330699920654
YCR058C,YNL069C,0,0.82522696,0.09787355363368988,0.9951737523078918,0.9537334442138672
YIL122W,YEL077C,0,0.8222641,0.09786426275968552,0.9951737523078918,0.953833818435669
YCL062W,YNL048W,0,0.82152164,0.09785497188568115,0.9951737523078918,0.9539341926574707
YJR094W-A,YLR035C-A,0,0.8194473,0.09784568846225739,0.9951737523078918,0.9540345072746277
YFL018W-A,YLR008C,0,0.8137101,0.09783640503883362,0.9951737523078918,0.9541348814964294
YPL144W,YBR233W-A,0,0.8056129,0.09782712161540985,0.9951737523078918,0.9542352557182312
YFL002W-A,YMR184W,0,0.80475587,0.09781783819198608,0.9951737523078918,0.954335629940033
YNL151C,YGR158C,0,0.8039961,0.09780855476856232,0.9951737523078918,0.9544359445571899
YDL038C,YOR101W,0,0.80067796,0.09779927879571915,0.9951737523078918,0.9545363187789917
YOR257W,YKL114C,0,0.8003337,0.09779000282287598,0.9951737523078918,0.9546366930007935
YDR079C-A,YOR073W,0,0.79871124,0.0977807268500328,0.9951737523078918,0.9547370672225952
YPL096C-A,YNL202W,1,0.7968764,0.09786628931760788,0.9961389899253845,0.9547370672225952
YFL018W-A,YLR051C,0,0.7938073,0.09785700589418411,0.9961389899253845,0.954837441444397
YLR336C,YBR049C,0,0.7902603,0.09784772992134094,0.9961389899253845,0.954937756061554
YGL145W,YCL027C-A,0,0.78945124,0.09783845394849777,0.9961389899253845,0.9550381302833557
YNL247W,YER048W-A,0,0.78641486,0.0978291779756546,0.9961389899253845,0.9551385045051575
YKR099C-A,YLR377C,0,0.78426844,0.09781990200281143,0.9961389899253845,0.9552388787269592
YCL057C-A,YDR255C,0,0.7813685,0.09781063348054886,0.9961389899253845,0.9553391933441162
YER149C,YOL103W-A,0,0.77634525,0.09780136495828629,0.9961389899253845,0.955439567565918
YGL029W,YLR154W-C,0,0.77359873,0.09779209643602371,0.9961389899253845,0.9555399417877197
YDR477W,YDR513W,0,0.7625786,0.09778282791376114,0.9961389899253845,0.9556403160095215
YLR239C,YLR090W,0,0.7623884,0.09777356684207916,0.9961389899253845,0.9557406902313232
YHR079C-B,YHR021C,0,0.7563494,0.09776430577039719,0.9961389899253845,0.9558410048484802
YLR342W,YDR034C-C,0,0.75557804,0.09775504469871521,0.9961389899253845,0.955941379070282
YGL116W,YLR223C,0,0.75109845,0.09774578362703323,0.9961389899253845,0.9560417532920837
YPR168W,YCL005W-A,0,0.75048745,0.09773653000593185,0.9961389899253845,0.9561421275138855
YOR036W,YFR024C,0,0.74810636,0.09772727638483047,0.9961389899253845,0.9562425017356873
YPL096C-A,YML016C,0,0.7438668,0.0977180227637291,0.9961389899253845,0.9563428163528442
YDR210C-D,YBR121C,0,0.7426274,0.09770876914262772,0.9961389899253845,0.956443190574646
YDR365W-B,YMR195W,0,0.7254045,0.09769951552152634,0.9961389899253845,0.9565435647964478
YLR060W,YHR079C-B,0,0.71895266,0.09769026935100555,0.9961389899253845,0.9566439390182495
YPR137C-B,YOR167C,0,0.7147983,0.09768102318048477,0.9961389899253845,0.9567442536354065
YHR120W,YNL244C,0,0.7138646,0.09767177700996399,0.9961389899253845,0.9568446278572083
YOL088C,YDR034C-C,0,0.7115314,0.0976625308394432,0.9961389899253845,0.95694500207901
YGR240C,YFL035C-A,0,0.70793796,0.09765329211950302,0.9961389899253845,0.9570453763008118
YGR161C-C,YNL330C,0,0.70583147,0.09764405339956284,0.9961389899253845,0.9571457505226135
YPL126W,YLR083C,0,0.6980443,0.09763481467962265,0.9961389899253845,0.9572460651397705
YLR337W,YOL008W,0,0.6926583,0.09762557595968246,0.9961389899253845,0.9573464393615723
YGR038C-A,YIL111W,0,0.6916183,0.09761634469032288,0.9961389899253845,0.957446813583374
YMR262W,YGR178C,0,0.6908193,0.09760711342096329,0.9961389899253845,0.9575471878051758
YFL018W-A,YOR017W,0,0.68902284,0.0975978821516037,0.9961389899253845,0.9576475024223328
YDR055W,YGR038C-A,0,0.6851075,0.09758865088224411,0.9961389899253845,0.9577478766441345
YHL001W,YPL146C,0,0.67901075,0.09757942706346512,0.9961389899253845,0.9578482508659363
YCL005W-A,YLR045C,0,0.676806,0.09757019579410553,0.9961389899253845,0.957948625087738
YCL057C-A,YLR132C,0,0.67154884,0.09756097197532654,0.9961389899253845,0.9580489993095398
YDR287W,YHR079C-B,0,0.6713336,0.09755175560712814,0.9961389899253845,0.9581493139266968
YMR015C,YAR044W,1,0.6682995,0.09763704985380173,0.9971042275428772,0.9581493139266968
YAR044W,YPL158C,0,0.66616964,0.09762782603502274,0.9971042275428772,0.9582496881484985
YGR027W-A,YDR032C,0,0.664356,0.09761859476566315,0.9971042275428772,0.9583500623703003
YLR276C,YMR079W,0,0.66126704,0.09760937094688416,0.9971042275428772,0.958450436592102
YER074W-A,YOL125W,0,0.6534416,0.09760015457868576,0.9971042275428772,0.9585508108139038
YAL007C,YER127W,0,0.6528901,0.09759093075990677,0.9971042275428772,0.9586511254310608
YFL002W-A,YJL118W,0,0.6515577,0.09758171439170837,0.9971042275428772,0.9587514996528625
YLR293C,YLR035C-A,0,0.6494241,0.09757249802350998,0.9971042275428772,0.9588518738746643
YCL005W-A,YLR075W,0,0.6472836,0.09756328165531158,0.9971042275428772,0.9589522480964661
YPL257W-A,YKL120W,0,0.6449274,0.09755406528711319,0.9971042275428772,0.959052562713623
YHR013C,YMR312W,0,0.6364568,0.09754485636949539,0.9971042275428772,0.9591529369354248
YML023C,YKR099C-A,0,0.63585615,0.097535640001297,0.9971042275428772,0.9592533111572266
YMR079W,YNL075W,0,0.63389415,0.0975264385342598,0.9971042275428772,0.9593536853790283
YOR357C,YJL118W,0,0.63286895,0.097517229616642,0.9971042275428772,0.9594540596008301
YDR365W-B,YOR181W,0,0.6304386,0.0975080206990242,0.9971042275428772,0.9595543742179871
YDL103C,YDL134C-A,0,0.62844133,0.097498819231987,0.9971042275428772,0.9596547484397888
YGR161C-D,YJR059W,0,0.6250267,0.0974896177649498,0.9971042275428772,0.9597551226615906
YDR320C-A,YDR377W,0,0.6193851,0.0974804162979126,0.9971042275428772,0.9598554968833923
YPR112C,YJL008C,0,0.61419225,0.097471222281456,0.9971042275428772,0.9599558115005493
YDR098C-B,YFL008W,0,0.6134569,0.09746202826499939,0.9971042275428772,0.9600561857223511
YFL026W,YDR365W-B,0,0.6095127,0.09745282679796219,0.9971042275428772,0.9601565599441528
YIL126W,YDR170W-A,0,0.6074257,0.09744364023208618,0.9971042275428772,0.9602569341659546
YPR020W,YOR192C-A,0,0.6028391,0.09743444621562958,0.9971042275428772,0.9603573083877563
YLR074C,YLR154W-C,0,0.6013338,0.09742525964975357,0.9971042275428772,0.9604576230049133
YKL158W,YNL139C,0,0.59863687,0.09741607308387756,0.9971042275428772,0.9605579972267151
YOR343W-A,YPL235W,0,0.5910901,0.09740688651800156,0.9971042275428772,0.9606583714485168
YCL075W,YOL095C,0,0.58930707,0.09739769995212555,0.9971042275428772,0.9607587456703186
YOR088W,YMR236W,0,0.5881134,0.09738851338624954,0.9971042275428772,0.9608591198921204
YER086W,YLR157C-B,0,0.58796346,0.09737933427095413,0.9971042275428772,0.9609594345092773
YLR312C-B,YPR151C,0,0.5871371,0.09737015515565872,0.9971042275428772,0.9610598087310791
YKL086W,YGR161W-A,0,0.5774567,0.09736098349094391,0.9971042275428772,0.9611601829528809
YLR154W-C,YGR178C,0,0.5766545,0.0973518043756485,0.9971042275428772,0.9612605571746826
YPR112C,YOR346W,0,0.5740197,0.09734263271093369,0.9971042275428772,0.9613608717918396
YKL181W,YDL038C,0,0.5685643,0.09733346104621887,0.9971042275428772,0.9614612460136414
YKL158W,YHR147C,0,0.5672686,0.09732428938150406,0.9971042275428772,0.9615616202354431
YOR192C-B,YDR376W,0,0.56461024,0.09731511771678925,0.9971042275428772,0.9616619944572449
YDR005C,YPR137C-B,0,0.5629411,0.09730595350265503,0.9971042275428772,0.9617623686790466
YDR320C-A,YDL135C,0,0.56282634,0.09729678928852081,0.9971042275428772,0.9618626832962036
YFL036W,YDL134C-A,0,0.5611494,0.0972876250743866,0.9971042275428772,0.9619630575180054
YPR112C,YNR053C,0,0.56065553,0.09727846086025238,0.9971042275428772,0.9620634317398071
YGL061C,YLR312C-B,0,0.5546681,0.09726930409669876,0.9971042275428772,0.9621638059616089
YGR109W-A,YER012W,0,0.55127233,0.09726014733314514,0.9971042275428772,0.9622641801834106
YNL181W,YJR135W-A,0,0.55050784,0.09725099056959152,0.9971042275428772,0.9623644948005676
YHR039C-B,YPR161C,0,0.54998344,0.0972418338060379,0.9971042275428772,0.9624648690223694
YDR361C,YJL208C,0,0.5498437,0.09723267704248428,0.9971042275428772,0.9625652432441711
YER038C,YOL103W-A,0,0.53724146,0.09722352772951126,0.9971042275428772,0.9626656174659729
YOR192C-B,YOL138C,0,0.53590345,0.09721437841653824,0.9971042275428772,0.9627659320831299
YGR220C,YKL158W,0,0.51848984,0.09720522910356522,0.9971042275428772,0.9628663063049316
YKL134C,YGL210W-A,0,0.5135432,0.09719608724117279,0.9971042275428772,0.9629666805267334
YPR137C-B,YDR358W,0,0.50761676,0.09718693792819977,0.9971042275428772,0.9630670547485352
YGL240W,YDR170W-A,0,0.505713,0.09717779606580734,0.9971042275428772,0.9631674289703369
YOL086W-A,YLR127C,0,0.49957353,0.09716865420341492,0.9971042275428772,0.9632677435874939
YNL300W,YDL134C-A,0,0.4970284,0.09715951979160309,0.9971042275428772,0.9633681178092957
YDR261W-B,YOL077W-A,0,0.49550265,0.09715037792921066,0.9971042275428772,0.9634684920310974
YBL037W,YLR035C-A,0,0.494482,0.09714124351739883,0.9971042275428772,0.9635688662528992
YDR261W-B,YBR214W,0,0.49399394,0.097132109105587,0.9971042275428772,0.9636691808700562
YNL054W-B,YCL047C,0,0.49357688,0.09712298214435577,0.9971042275428772,0.9637695550918579
YDR210W-B,YLR304C,0,0.49136102,0.09711384773254395,0.9971042275428772,0.9638699293136597
YPL189C-A,YGR060W,0,0.4902662,0.09710472077131271,0.9971042275428772,0.9639703035354614
YMR322C,YHL009W-B,0,0.48948476,0.09709559381008148,0.9971042275428772,0.9640706777572632
YER036C,YDL038C,0,0.48650366,0.09708646684885025,0.9971042275428772,0.9641709923744202
YCL062W,YOR236W,0,0.48402238,0.09707733988761902,0.9971042275428772,0.9642713665962219
YMR192W,YOR192C-A,0,0.48387688,0.09706822037696838,0.9971042275428772,0.9643717408180237
YOL103W-A,YML058W,0,0.4801503,0.09705910086631775,0.9971042275428772,0.9644721150398254
YPL140C,YLR154W-C,0,0.4762921,0.09704998135566711,0.9971042275428772,0.9645724892616272
YGR161C-C,YPR114W,0,0.47570324,0.09704086184501648,0.9971042275428772,0.9646728038787842
YDR289C,YGL013C,0,0.4656517,0.09703174978494644,0.9971042275428772,0.9647731781005859
YOR396W,YBR073W,0,0.45956135,0.0970226377248764,0.9971042275428772,0.9648735523223877
YPL221W,YER159C-A,0,0.45605698,0.09701352566480637,0.9971042275428772,0.9649739265441895
YOR030W,YDR034C-C,0,0.45122242,0.09700441360473633,0.9971042275428772,0.9650742411613464
YPL096C-A,YKL008C,1,0.45018357,0.09708920121192932,0.9980695247650146,0.9650742411613464
YOL103W-A,YKL099C,0,0.445073,0.09708008915185928,0.9980695247650146,0.9651746153831482
YHR188C,YAR044W,1,0.44319704,0.09716485440731049,0.9990347623825073,0.9651746153831482
YFL035C-A,YGL107C,0,0.43523914,0.09715572744607925,0.9990347623825073,0.96527498960495
YFL018W-A,YIL173W,0,0.42779332,0.09714660793542862,0.9990347623825073,0.9653753638267517
YMR225C,YCL057C-A,0,0.4261282,0.09713749587535858,0.9990347623825073,0.9654757380485535
YLR417W,YDR034C-D,0,0.42439735,0.09712837636470795,0.9990347623825073,0.9655760526657104
YDR012W,YDR210W-B,0,0.42439735,0.09711926430463791,0.9990347623825073,0.9656764268875122
YLL031C,YER159C-A,0,0.4236915,0.09711015224456787,0.9990347623825073,0.965776801109314
YGR027W-A,YBR048W,0,0.4222532,0.09710104018449783,0.9990347623825073,0.9658771753311157
YGR038C-A,YLR214W,0,0.41871017,0.09709193557500839,0.9990347623825073,0.9659774899482727
YOL086W-A,YDR251W,0,0.41463804,0.09708282351493835,0.9990347623825073,0.9660778641700745
YPL060C-A,YBR122C,0,0.4134838,0.09707371890544891,0.9990347623825073,0.9661782383918762
YLR435W,YER127W,0,0.4049662,0.09706461429595947,0.9990347623825073,0.966278612613678
YDR316W-B,YNR051C,0,0.399906,0.09705551713705063,0.9990347623825073,0.9663789868354797
YGR280C,YDR316W-A,0,0.3992199,0.09704641252756119,0.9990347623825073,0.9664793014526367
YGR159C,YNL207W,0,0.39835936,0.09703731536865234,0.9990347623825073,0.9665796756744385
YLR014C,YCL005W-A,0,0.3926782,0.0970282182097435,0.9990347623825073,0.9666800498962402
YGL255W,YGR161C-C,0,0.3906905,0.09701912105083466,0.9990347623825073,0.966780424118042
YER110C,YGR038C-A,0,0.38520297,0.09701003134250641,0.9990347623825073,0.9668807983398438
YPL257W-A,YJR143C,0,0.38433996,0.09700093418359756,0.9990347623825073,0.9669811129570007
YDR365W-B,YGL067W,0,0.3803808,0.09699184447526932,0.9990347623825073,0.9670814871788025
YDR261W-B,YPR156C,0,0.37840074,0.09698276221752167,0.9990347623825073,0.9671818614006042
YKL045W,YCR029C-A,0,0.36784908,0.09697367250919342,0.9990347623825073,0.967282235622406
YHR076W,YLR154W-C,0,0.3673848,0.09696459025144577,0.9990347623825073,0.967382550239563
YER159C-A,YJL189W,0,0.36448798,0.09695550054311752,0.9990347623825073,0.9674829244613647
YER112W,YLR154W-C,0,0.36104172,0.09694641828536987,0.9990347623825073,0.9675832986831665
YOR217W,YLR157C-B,0,0.3600181,0.09693734347820282,0.9990347623825073,0.9676836729049683
YDR098C-A,YIL084C,0,0.35937005,0.09692826122045517,0.9990347623825073,0.96778404712677
YDR359C,YGR027W-A,0,0.3592776,0.09691918641328812,0.9990347623825073,0.967884361743927
YDR485C,YGR161W-A,0,0.3590464,0.09691011160612106,0.9990347623825073,0.9679847359657288
YPL060W,YPR158W-B,0,0.35830325,0.09690103679895401,0.9990347623825073,0.9680851101875305
YOR336W,YGR027W-A,0,0.35797918,0.09689196944236755,0.9990347623825073,0.9681854844093323
YDL085W,YOL086W-A,0,0.34520727,0.0968828946352005,0.9990347623825073,0.968285858631134
YDR316W-B,YDR280W,0,0.3447988,0.09687382727861404,0.9990347623825073,0.968386173248291
YHR214C-C,YHR032W,0,0.34156072,0.09686476737260818,0.9990347623825073,0.9684865474700928
YDR425W,YLR227W-A,0,0.3401208,0.09685570001602173,0.9990347623825073,0.9685869216918945
YPR158W-B,YKR105C,0,0.33467042,0.09684663265943527,0.9990347623825073,0.9686872959136963
YPL096C-A,YOR224C,0,0.3343752,0.09683757275342941,0.9990347623825073,0.9687876105308533
YDR210W-B,YCL051W,0,0.33404988,0.09682851284742355,0.9990347623825073,0.968887984752655
YPR158W-A,YDR302W,0,0.33312187,0.09681946039199829,0.9990347623825073,0.9689883589744568
YBL071W-A,YER172C,0,0.33071518,0.09681040048599243,0.9990347623825073,0.9690887331962585
YHR214C-C,YIL103W,0,0.33047056,0.09680134803056717,0.9990347623825073,0.9691891074180603
YDR097C,YGR109W-A,0,0.3291173,0.0967922955751419,0.9990347623825073,0.9692894220352173
YBL084C,YFR024C,0,0.32862568,0.09678324311971664,0.9990347623825073,0.969389796257019
YPL257W-A,YDR266C,0,0.3266647,0.09677419066429138,0.9990347623825073,0.9694901704788208
YJR046W,YGR027W-B,0,0.3260539,0.09676514565944672,0.9990347623825073,0.9695905447006226
YFR010W,YNL284C-B,0,0.3196651,0.09675610065460205,0.9990347623825073,0.9696908593177795
YGR161C-C,YGL240W,0,0.3196651,0.09674705564975739,0.9990347623825073,0.9697912335395813
YMR224C,YJL018W,0,0.31752378,0.09673801064491272,0.9990347623825073,0.9698916077613831
YFL035C-A,YDL164C,0,0.31188542,0.09672897309064865,0.9990347623825073,0.9699919819831848
YJL062W-A,YMR125W,0,0.30964738,0.09671993553638458,0.9990347623825073,0.9700923562049866
YNL054W-A,YGR266W,0,0.30861917,0.09671089798212051,0.9990347623825073,0.9701926708221436
YDR316W-B,YHR001W,0,0.30802518,0.09670186042785645,0.9990347623825073,0.9702930450439453
YPR158W-A,YDR088C,0,0.30614954,0.09669282287359238,0.9990347623825073,0.9703934192657471
YNL124W,YOR192C-B,0,0.30183342,0.0966837927699089,0.9990347623825073,0.9704937934875488
YDR261W-B,YOR253W,0,0.29899323,0.09667476266622543,0.9990347623825073,0.9705941677093506
YNL284C-B,YOR190W,0,0.29576063,0.09666573256254196,0.9990347623825073,0.9706944823265076
YNL054W-A,YNL310C,0,0.2953378,0.09665670245885849,0.9990347623825073,0.9707948565483093
YPL257W-A,YOL011W,0,0.28977036,0.09664767980575562,0.9990347623825073,0.9708952307701111
YOR278W,YER159C-A,0,0.28921443,0.09663865715265274,0.9990347623825073,0.9709956049919128
YDL127W,YDR034C-C,0,0.2888078,0.09662963449954987,0.9990347623825073,0.9710959196090698
YGR038C-A,YJR050W,0,0.28782058,0.09662061184644699,0.9990347623825073,0.9711962938308716
YBL088C,YHR079C-B,0,0.2872367,0.09661159664392471,0.9990347623825073,0.9712966680526733
YDL193W,YGR161W-A,0,0.28559947,0.09660257399082184,0.9990347623825073,0.9713970422744751
YDR098C-B,YPR169W,0,0.2852403,0.09659355878829956,0.9990347623825073,0.9714974164962769
YMR264W,YHL009W-B,0,0.28332302,0.09658454358577728,0.9990347623825073,0.9715977311134338
YPL033C,YDR034C-D,0,0.2820074,0.0965755358338356,0.9990347623825073,0.9716981053352356
YDR261W-B,YJL110C,0,0.27971452,0.09656652063131332,0.9990347623825073,0.9717984795570374
YAL062W,YPR137C-B,0,0.2749226,0.09655751287937164,0.9990347623825073,0.9718988537788391
YMR303C,YDR316W-A,0,0.27237815,0.09654850512742996,0.9990347623825073,0.9719991683959961
YHR005C,YGR161C-D,0,0.26525557,0.09653950482606888,0.9990347623825073,0.9720995426177979
YDR261W-B,YKL039W,0,0.26476115,0.0965304970741272,0.9990347623825073,0.9721999168395996
YDR034C-C,YML124C,0,0.26401934,0.09652149677276611,0.9990347623825073,0.9723002910614014
YDR450W,YDR034C-D,0,0.26291403,0.09651249647140503,0.9990347623825073,0.9724006652832031
YDR169C,YGR027W-A,0,0.26133448,0.09650349617004395,0.9990347623825073,0.9725009799003601
YOL086W-A,YML129C,0,0.25849828,0.09649449586868286,0.9990347623825073,0.9726013541221619
YDR316W-B,YHL028W,0,0.25787503,0.09648550301790237,0.9990347623825073,0.9727017283439636
YDL189W,YHR214C-C,0,0.2571271,0.09647651016712189,0.9990347623825073,0.9728021025657654
YGR109W-A,YIL075C,0,0.25282055,0.0964675173163414,0.9990347623825073,0.9729024767875671
YDR316W-A,YKR014C,0,0.2523137,0.09645852446556091,0.9990347623825073,0.9730027914047241
YMR055C,YHL009W-B,0,0.25121054,0.09644953906536102,0.9990347623825073,0.9731031656265259
YGL210W,YOR343W-A,0,0.24740279,0.09644055366516113,0.9990347623825073,0.9732035398483276
YGL059W,YDR210W-A,0,0.24650873,0.09643156826496124,0.9990347623825073,0.9733039140701294
YFL002W-A,YDR038C,0,0.24461949,0.09642258286476135,0.9990347623825073,0.9734042286872864
YPR158W-A,YOR360C,0,0.24456804,0.09641359746456146,0.9990347623825073,0.9735046029090881
YDR261W-B,YMR232W,0,0.24038813,0.09640461951494217,0.9990347623825073,0.9736049771308899
YNL284C-B,YEL061C,0,0.23889638,0.09639564156532288,0.9990347623825073,0.9737053513526917
YPL257W-A,YHL028W,0,0.23743382,0.09638666361570358,0.9990347623825073,0.9738057255744934
YDR098C-B,YPR004C,0,0.23667026,0.09637768566608429,0.9990347623825073,0.9739060401916504
YGR055W,YLR157C-B,0,0.23475164,0.0963687151670456,0.9990347623825073,0.9740064144134521
YOR339C,YER159C-A,0,0.23433173,0.0963597446680069,0.9990347623825073,0.9741067886352539
YGR038C-B,YBL074C,0,0.23274739,0.0963507741689682,0.9990347623825073,0.9742071628570557
YIL030C,YPR158W-B,0,0.2317673,0.0963418036699295,0.9990347623825073,0.9743074774742126
YLR408C,YOR192C-A,0,0.23115371,0.0963328406214714,0.9990347623825073,0.9744078516960144
YDR210W-A,YDL105W,0,0.22802624,0.09632387012243271,0.9990347623825073,0.9745082259178162
YDR098C-B,YGL184C,0,0.2270444,0.09631490707397461,0.9990347623825073,0.9746086001396179
YNL054W-A,YKL077W,0,0.22283134,0.09630594402551651,0.9990347623825073,0.9747089743614197
YNL054W-A,YMR043W,0,0.22262898,0.09629698842763901,0.9990347623825073,0.9748092889785767
YOR367W,YHR079C-B,0,0.22117496,0.09628802537918091,0.9990347623825073,0.9749096632003784
YDR316W-B,YBR291C,0,0.22003403,0.0962790697813034,0.9990347623825073,0.9750100374221802
YJR084W,YLR154W-C,0,0.21728295,0.0962701141834259,0.9990347623825073,0.9751104116439819
YBL010C,YGR161C-D,0,0.21549407,0.0962611585855484,0.9990347623825073,0.9752107858657837
YKL113C,YGR161C-D,0,0.21466824,0.0962522104382515,0.9990347623825073,0.9753111004829407
YNL054W-B,YHR210C,0,0.21104783,0.09624325484037399,0.9990347623825073,0.9754114747047424
YBR135W,YER159C-A,0,0.21017227,0.09623430669307709,0.9990347623825073,0.9755118489265442
YNL054W-A,YHR184W,0,0.20991124,0.09622536599636078,0.9990347623825073,0.975612223148346
YDR261W-B,YOR005C,0,0.20838062,0.09621641784906387,0.9990347623825073,0.9757125377655029
YKR062W,YOL086W-A,0,0.20701352,0.09620747715234756,0.9990347623825073,0.9758129119873047
YHR129C,YGR038C-B,0,0.2053949,0.09619852900505066,0.9990347623825073,0.9759132862091064
YGR028W,YDR261C-C,0,0.20366967,0.09618958830833435,0.9990347623825073,0.9760136604309082
YDR210W-A,YBL051C,0,0.20343527,0.09618065506219864,0.9990347623825073,0.97611403465271
YDR080W,YJL062W-A,0,0.20337312,0.09617171436548233,0.9990347623825073,0.9762143492698669
YOR192C-B,YOL123W,0,0.20274961,0.09616278111934662,0.9990347623825073,0.9763147234916687
YJR123W,YOR192C-A,0,0.19780761,0.09615384787321091,0.9990347623825073,0.9764150977134705
YOL094C,YNL284C-B,0,0.19692633,0.0961449146270752,0.9990347623825073,0.9765154719352722
YNL054W-A,YDR118W,0,0.19680873,0.09613598138093948,0.9990347623825073,0.976615846157074
YGL160W,YGR038C-B,0,0.19340777,0.09612705558538437,0.9990347623825073,0.976716160774231
YMR211W,YFR024C,0,0.19249457,0.09611812978982925,0.9990347623825073,0.9768165349960327
YLR227W-A,YMR133W,0,0.19024386,0.09610920399427414,0.9990347623825073,0.9769169092178345
YPR199C,YLR227W-A,0,0.1900781,0.09610027819871902,0.9990347623825073,0.9770172834396362
YGL009C,YOR192C-A,0,0.1900781,0.0960913598537445,0.9990347623825073,0.9771175980567932
YPL149W,YJL062W-A,0,0.18814577,0.09608243405818939,0.9990347623825073,0.977217972278595
YBR070C,YGR038C-A,0,0.18768099,0.09607351571321487,0.9990347623825073,0.9773183465003967
YDR480W,YDR034C-C,0,0.18730456,0.09606459736824036,0.9990347623825073,0.9774187207221985
YGL085W,YKL138C-A,0,0.18424875,0.09605568647384644,0.9990347623825073,0.9775190949440002
YDL190C,YLR157C-B,0,0.18401894,0.09604676812887192,0.9990347623825073,0.9776194095611572
YDR261C-C,YDR468C,0,0.18356961,0.096037857234478,0.9990347623825073,0.977719783782959
YJL062W-A,YNL272C,0,0.18218067,0.09602894634008408,0.9990347623825073,0.9778201580047607
YLR144C,YOR192C-A,0,0.1821011,0.09602003544569016,0.9990347623825073,0.9779205322265625
YNL275W,YDR034C-C,0,0.18174474,0.09601113200187683,0.9990347623825073,0.9780208468437195
YPR158W-A,YNL065W,0,0.17947993,0.09600222855806351,0.9990347623825073,0.9781212210655212
YLR410W,YLR227W-A,0,0.17657831,0.09599332511425018,0.9990347623825073,0.978221595287323
YHR214C-C,YCL044C,0,0.17626897,0.09598442167043686,0.9990347623825073,0.9783219695091248
YDR406W,YIL101C,0,0.17559744,0.09597551822662354,0.9990347623825073,0.9784223437309265
YLR453C,YPR137C-B,0,0.17530611,0.09596662223339081,0.9990347623825073,0.9785226583480835
YNL284C-B,YOR367W,0,0.17470744,0.09595772624015808,0.9990347623825073,0.9786230325698853
YDR316W-B,YMR302C,0,0.17204514,0.09594883024692535,0.9990347623825073,0.978723406791687
YLR323C,YNL284C-B,0,0.17073129,0.09593993425369263,0.9990347623825073,0.9788237810134888
YDR040C,YLR157C-B,0,0.16914937,0.0959310382604599,0.9990347623825073,0.9789241552352905
YDR365W-B,YFL061W,0,0.16873743,0.09592214971780777,0.9990347623825073,0.9790244698524475
YOR010C,YOR192C-B,0,0.16734135,0.09591326117515564,0.9990347623825073,0.9791248440742493
YPL256C,YER159C-A,0,0.16627006,0.09590437263250351,0.9990347623825073,0.979225218296051
YPL257W-A,YLR431C,0,0.16594858,0.09589549154043198,0.9990347623825073,0.9793255925178528
YKL193C,YDR210W-A,0,0.16576597,0.09588660299777985,0.9990347623825073,0.9794259071350098
YNL054W-A,YBR028C,0,0.16444609,0.09587772190570831,0.9990347623825073,0.9795262813568115
YLR227W-A,YPL106C,0,0.16442928,0.09586884081363678,0.9990347623825073,0.9796266555786133
YBR198C,YHL009W-B,0,0.16342463,0.09585995972156525,0.9990347623825073,0.979727029800415
YPR158C-D,YJL076W,0,0.16233498,0.09585108608007431,0.9990347623825073,0.9798274040222168
YKL178C,YDR034C-C,0,0.16095674,0.09584220498800278,0.9990347623825073,0.9799277186393738
YMR244C-A,YGR038C-B,0,0.15999593,0.09583333134651184,0.9990347623825073,0.9800280928611755
YHR105W,YGR027W-B,0,0.15787177,0.0958244577050209,0.9990347623825073,0.9801284670829773
YPR158W-A,YGL185C,0,0.15747732,0.09581559151411057,0.9990347623825073,0.980228841304779
YIL106W,YOR343W-A,0,0.15676567,0.09580671787261963,0.9990347623825073,0.980329155921936
YGR109W-A,YPR047W,0,0.15574512,0.09579785168170929,0.9990347623825073,0.9804295301437378
YDR210C-D,YGL084C,0,0.15568492,0.09578898549079895,0.9990347623825073,0.9805299043655396
YNL054W-B,YGR038W,0,0.15555692,0.09578011929988861,0.9990347623825073,0.9806302785873413
YGR055W,YOL086W-A,0,0.15551306,0.09577126055955887,0.9990347623825073,0.9807306528091431
YBR087W,YDR210W-B,0,0.15501896,0.09576240181922913,0.9990347623825073,0.9808309674263
YDR210W-B,YIR012W,0,0.15438089,0.09575353562831879,0.9990347623825073,0.9809313416481018
YDL185W,YDR316W-A,0,0.15353462,0.09574468433856964,0.9990347623825073,0.9810317158699036
YMR292W,YHR214C-C,0,0.153454,0.0957358255982399,0.9990347623825073,0.9811320900917053
YER174C,YGR038C-B,0,0.15338507,0.09572696685791016,0.9990347623825073,0.9812324643135071
YLR240W,YHR214C-C,0,0.15233475,0.09571811556816101,0.9990347623825073,0.9813327789306641
YDR261W-B,YPL126W,0,0.15199128,0.09570926427841187,0.9990347623825073,0.9814331531524658
YPL257W-A,YFL011W,0,0.15141553,0.09570041298866272,0.9990347623825073,0.9815335273742676
YPR158W-B,YDL119C,0,0.15137574,0.09569156914949417,0.9990347623825073,0.9816339015960693
YDR034C-C,YBR060C,0,0.15029356,0.09568272531032562,0.9990347623825073,0.9817342162132263
YPR158W-A,YML005W,0,0.15011425,0.09567387402057648,0.9990347623825073,0.9818345904350281
YLR154W-C,YGR006W,0,0.14902847,0.09566503018140793,0.9990347623825073,0.9819349646568298
YJL062W-A,YER048W-A,0,0.14894612,0.09565619379281998,0.9990347623825073,0.9820353388786316
YPL101W,YLR227W-A,0,0.14887965,0.09564734995365143,0.9990347623825073,0.9821357131004333
YDR316W-B,YKR009C,0,0.14858988,0.09563851356506348,0.9990347623825073,0.9822360277175903
YLL038C,YDR365W-B,0,0.14699174,0.09562967717647552,0.9990347623825073,0.9823364019393921
YMR220W,YPL096C-A,1,0.1466659,0.09571322798728943,1.0,0.9823364019393921
YFR051C,YOR192C-A,0,0.14651936,0.09570439159870148,1.0,0.9824367761611938
YIL017C,YDR261C-C,0,0.14632246,0.09569554775953293,1.0,0.9825371503829956
YLR406C,YDR365W-B,0,0.14603138,0.09568671137094498,1.0,0.9826375246047974
YNL054W-B,YIL014W,0,0.14571545,0.09567787498235703,1.0,0.9827378392219543
YJL203W,YPR158C-D,0,0.14556374,0.09566903859376907,1.0,0.9828382134437561
YDR111C,YDR098C-A,0,0.14516234,0.09566020220518112,1.0,0.9829385876655579
YDR365W-B,YKL045W,0,0.14440048,0.09565137326717377,1.0,0.9830389618873596
YDR365W-A,YPL256C,0,0.14418411,0.09564254432916641,1.0,0.9831392765045166
YGR109W-A,YHR043C,0,0.14413038,0.09563371539115906,1.0,0.9832396507263184
YDR437W,YOR343W-A,0,0.14399366,0.0956248864531517,1.0,0.9833400249481201
YGR161C-C,YOR198C,0,0.14377785,0.09561605751514435,1.0,0.9834403991699219
YPL133C,YPR137C-B,0,0.14360765,0.09560723602771759,1.0,0.9835407733917236
YOR343W-A,YPL056C,0,0.14346027,0.09559841454029083,1.0,0.9836410880088806
YMR047C,YDR098C-A,0,0.14317228,0.09558959305286407,1.0,0.9837414622306824
YHR214C-C,YLR246W,0,0.14266959,0.09558077156543732,1.0,0.9838418364524841
YOL077W-A,YLR283W,0,0.14265656,0.09557195752859116,1.0,0.9839422106742859
YGR006W,YHL009W-B,0,0.14258371,0.095563143491745,1.0,0.9840425252914429
YCL005W-A,YIL158W,0,0.14239877,0.09555432945489883,1.0,0.9841428995132446
YPR158W-A,YNR070W,0,0.1423621,0.09554551541805267,1.0,0.9842432737350464
YPL189C-A,YLR467W,0,0.1423621,0.09553670138120651,1.0,0.9843436479568481
YDR524C-B,YDR349C,0,0.1423621,0.09552789479494095,1.0,0.9844440221786499
YBR200W-A,YOL007C,0,0.1423621,0.09551908820867538,1.0,0.9845443367958069
YGR266W,YKR099C-A,0,0.1423621,0.09551028162240982,1.0,0.9846447110176086
YHR140W,YLR312C-B,0,0.1423621,0.09550147503614426,1.0,0.9847450852394104
YIL017C,YNL024C-A,0,0.1423621,0.09549266844987869,1.0,0.9848454594612122
YHR157W,YOR343C-B,0,0.1423621,0.09548386931419373,1.0,0.9849458336830139
YLR034C,YGL258W-A,0,0.1423621,0.09547507017850876,1.0,0.9850461483001709
YDR079C-A,YPR114W,0,0.1423621,0.09546627104282379,1.0,0.9851465225219727
YAR070W-A,YBR221C,0,0.1423621,0.09545747935771942,1.0,0.9852468967437744
YDR079C-A,YPR174C,0,0.1423621,0.09544868022203445,1.0,0.9853472709655762
YHR105W,YOR343C-A,0,0.1423621,0.09543988853693008,1.0,0.9854475855827332
YCL048W-A,YNL135C,0,0.1423621,0.09543109685182571,1.0,0.9855479598045349
YIL154C,YBL008W-A,0,0.1423621,0.09542230516672134,1.0,0.9856483340263367
YJR135C,YBL101W-A,0,0.1423621,0.09541352093219757,1.0,0.9857487082481384
YKL158W,YNR061C,0,0.1423621,0.0954047366976738,1.0,0.9858490824699402
YPL068C,YPL189C-A,0,0.1423621,0.09539594501256943,1.0,0.9859493970870972
YDR524C-B,YIL085C,0,0.1423621,0.09538716822862625,1.0,0.9860497713088989
YLL042C,YOR343C-A,0,0.1423621,0.09537838399410248,1.0,0.9861501455307007
YOR396W,YNL217W,0,0.1423621,0.0953695997595787,1.0,0.9862505197525024
YER053C-A,YBR289W,0,0.1423621,0.09536082297563553,1.0,0.9863508343696594
YLR403W,YJL133C-A,0,0.1423621,0.09535204619169235,1.0,0.9864512085914612
YER053C-A,YPL004C,0,0.1423621,0.09534326940774918,1.0,0.9865515828132629
YAR070W-A,YMR058W,0,0.1423621,0.0953345000743866,1.0,0.9866519570350647
YHR039C-B,YJR029W,0,0.1423621,0.09532572329044342,1.0,0.9867523312568665
YDR210W-C,YLR132C,0,0.1423621,0.09531695395708084,1.0,0.9868526458740234
YIR034C,YBL101W-A,0,0.1423621,0.09530818462371826,1.0,0.9869530200958252
YLR157C-A,YMR190C,0,0.1423621,0.09529942274093628,1.0,0.987053394317627
YKR099C-A,YHR214W-G,0,0.1423621,0.0952906534075737,1.0,0.9871537685394287
YOL086W-A,YLR126C,0,0.1423621,0.09528189152479172,1.0,0.9872541427612305
YGR220C,YOR343C-A,0,0.1423621,0.09527312964200974,1.0,0.9873544573783875
YDR021W,YDR210W-C,0,0.1423621,0.09526436775922775,1.0,0.9874548316001892
YDR524C-B,YEL059C-A,0,0.1423621,0.09525560587644577,1.0,0.987555205821991
YDR524C-B,YMR152W,0,0.1423621,0.09524685144424438,1.0,0.9876555800437927
YOR337W,YER053C-A,0,0.1423621,0.095238097012043,1.0,0.9877558946609497
YDR056C,YLR312C-B,0,0.1423621,0.09522934257984161,1.0,0.9878562688827515
YGL258W-A,YJL139C,0,0.1423621,0.09522058814764023,1.0,0.9879566431045532
YDL038C,YLL053C,0,0.1423621,0.09521183371543884,1.0,0.988057017326355
YBR176W,YBR200W-A,0,0.1423621,0.09520308673381805,1.0,0.9881573915481567
YHL009W-A,YLR096W,0,0.1423621,0.09519433975219727,1.0,0.9882577061653137
YBL008W-A,YKR087C,0,0.1423621,0.09518559277057648,1.0,0.9883580803871155
YKL077W,YJL133C-A,0,0.1423621,0.09517684578895569,1.0,0.9884584546089172
YLR223C,YDR316W-A,0,0.1423621,0.0951681062579155,1.0,0.988558828830719
YGL258W-A,YNL191W,0,0.1423621,0.0951593667268753,1.0,0.988659143447876
YKL010C,YOR192C-A,0,0.1423621,0.09515062719583511,1.0,0.9887595176696777
YDR210W-C,YER011W,0,0.1423621,0.09514188766479492,1.0,0.9888598918914795
YDR524C-B,YLR170C,0,0.1423621,0.09513314813375473,1.0,0.9889602661132812
YHL009W-A,YDL209C,0,0.1423621,0.09512441605329514,1.0,0.989060640335083
YDR239C,YER053C-A,0,0.1423621,0.09511568397283554,1.0,0.98916095495224
YOR389W,YKL138C-A,0,0.1423621,0.09510695189237595,1.0,0.9892613291740417
YNL132W,YOR343C-B,0,0.1423621,0.09509821981191635,1.0,0.9893617033958435
YFL029C,YER159C-A,0,0.1423621,0.09508948773145676,1.0,0.9894620776176453
YGL258W-A,YPR106W,0,0.1423621,0.09508076310157776,1.0,0.989562451839447
YDL124W,YCL012W,0,0.1423621,0.09507203847169876,1.0,0.989662766456604
YBL082C,YOR343C-B,0,0.1423621,0.09506331384181976,1.0,0.9897631406784058
YPL177C,YCL048W-A,0,0.1423621,0.09505458921194077,1.0,0.9898635149002075
YNL015W,YOR343C-B,0,0.1423621,0.09504587203264236,1.0,0.9899638891220093
YNL024C-A,YNR075W,0,0.1423621,0.09503715485334396,1.0,0.9900642037391663
YBR200W-A,YPR188C,0,0.1423621,0.09502843767404556,1.0,0.990164577960968
YIL072W,YER053C-A,0,0.1423621,0.09501972049474716,1.0,0.9902649521827698
YER053C-A,YDR021W,0,0.1423621,0.09501100331544876,1.0,0.9903653264045715
YHL009W-A,YCR008W,0,0.1423621,0.09500229358673096,1.0,0.9904657006263733
YCL027C-A,YHL017W,0,0.1423621,0.09499358385801315,1.0,0.9905660152435303
YFL018W-A,YGR035C,0,0.1423621,0.09498487412929535,1.0,0.990666389465332
YAR070W-A,YML081W,0,0.1423621,0.09497616440057755,1.0,0.9907667636871338
YDR210W-C,YGL168W,0,0.1423621,0.09496745467185974,1.0,0.9908671379089355
YIL007C,YDR210W-D,0,0.1423621,0.09495875239372253,1.0,0.9909675121307373
YBR200W-A,YOL116W,0,0.1423621,0.09495005011558533,1.0,0.9910678267478943
YER053C-A,YDL156W,0,0.1423621,0.09494134783744812,1.0,0.991168200969696
YDR324C,YOR343C-B,0,0.1423621,0.09493264555931091,1.0,0.9912685751914978
YHL009W-A,YGL211W,0,0.1423621,0.0949239507317543,1.0,0.9913689494132996
YMR130W,YFR024C,0,0.1423621,0.09491525590419769,1.0,0.9914692640304565
YOL103W-A,YJR135C,0,0.1423621,0.09490656107664108,1.0,0.9915696382522583
YNL024C-A,YDR150W,0,0.1423621,0.09489786624908447,1.0,0.9916700124740601
YKL158W,YLR194C,0,0.1423621,0.09488917142152786,1.0,0.9917703866958618
YLR408C,YCL048W-A,0,0.1423621,0.09488048404455185,1.0,0.9918707609176636
YHR214W-G,YBL090W,0,0.1423621,0.09487179666757584,1.0,0.9919710755348206
YCL048W-A,YGL048C,0,0.1423621,0.09486310929059982,1.0,0.9920714497566223
YDR524C-B,YPR131C,0,0.1423621,0.09485442191362381,1.0,0.9921718239784241
YOR043W,YLR157C-A,0,0.1423621,0.0948457419872284,1.0,0.9922721982002258
YNR071C,YOR240W,0,0.1423621,0.09483705461025238,1.0,0.9923725128173828
YGL257C,YER053C-A,0,0.1423621,0.09482837468385696,1.0,0.9924728870391846
YHR080C,YOR343C-A,0,0.1423621,0.09481969475746155,1.0,0.9925732612609863
YOR088W,YMR074C,0,0.1423621,0.09481102228164673,1.0,0.9926736354827881
YNL024C-A,YDR541C,0,0.1423621,0.09480234235525131,1.0,0.9927740097045898
YLR157C-A,YKR060W,0,0.1423621,0.09479366987943649,1.0,0.9928743243217468
YCL048W-A,YNR019W,0,0.1423621,0.09478499740362167,1.0,0.9929746985435486
YBL008W-A,YOR004W,0,0.1423621,0.09477632492780685,1.0,0.9930750727653503
YGL206C,YDR210W-D,0,0.1423621,0.09476765245199203,1.0,0.9931754469871521
YBR200W-A,YMR150C,0,0.1423621,0.09475898742675781,1.0,0.9932758212089539
YCL048W-A,YGR038W,0,0.1423621,0.09475032240152359,1.0,0.9933761358261108
YHR112C,YJL133C-A,0,0.1423621,0.09474165737628937,1.0,0.9934765100479126
YNL190W,YBR233W-A,0,0.1423621,0.09473299235105515,1.0,0.9935768842697144
YKL112W,YHR214W-G,0,0.1423621,0.09472432732582092,1.0,0.9936772584915161
YJR120W,YJL133C-A,0,0.1423621,0.0947156697511673,1.0,0.9937775731086731
YGL151W,YBL008W-A,0,0.1423621,0.09470701217651367,1.0,0.9938779473304749
YNL054W-B,YKL138C-A,0,0.1423621,0.09469835460186005,1.0,0.9939783215522766
YBR200W-A,YIL110W,0,0.1423621,0.09468969702720642,1.0,0.9940786957740784
YDR169C,YOR343C-A,0,0.1423621,0.09468104690313339,1.0,0.9941790699958801
YER053C-A,YGR286C,0,0.1423621,0.09467239677906036,1.0,0.9942793846130371
YFL018W-A,YDR316W-B,0,0.1423621,0.09466373920440674,1.0,0.9943797588348389
YDL079C,YCL048W-A,0,0.1423621,0.0946550965309143,1.0,0.9944801330566406
YGR109W-A,YJR110W,0,0.1423621,0.09464644640684128,1.0,0.9945805072784424
YDR524C-B,YLR384C,0,0.1423621,0.09463780373334885,1.0,0.9946808218955994
YER053C-A,YKL100C,0,0.1423621,0.09462915360927582,1.0,0.9947811961174011
YCL048W-A,YLR154W-C,0,0.1423621,0.09462051093578339,1.0,0.9948815703392029
YNL024C-A,YDR013W,0,0.1423621,0.09461187571287155,1.0,0.9949819445610046
YDL104C,YBL101W-A,0,0.1423621,0.09460323303937912,1.0,0.9950823187828064
YER184C,YLR154W-C,0,0.1423621,0.09459459781646729,1.0,0.9951826333999634
YMR004W,YJL133C-A,0,0.1423621,0.09458595514297485,1.0,0.9952830076217651
YOR086C,YGL258W-A,0,0.1423621,0.09457731992006302,1.0,0.9953833818435669
YHL009W-A,YNR033W,0,0.1423621,0.09456869214773178,1.0,0.9954837560653687
YAR070W-A,YLR256W,0,0.1423621,0.09456005692481995,1.0,0.9955841302871704
YCR079W,YGL258W-A,0,0.1423621,0.09455142915248871,1.0,0.9956844449043274
YFR024C-A,YBL101W-A,0,0.1423621,0.09454280138015747,1.0,0.9957848191261292
YOR069W,YOR343C-B,0,0.1423621,0.09453417360782623,1.0,0.9958851933479309
YOR343C-B,YDL082W,0,0.1423621,0.094525545835495,1.0,0.9959855675697327
YLR058C,YBL101W-A,0,0.1423621,0.09451692551374435,1.0,0.9960858821868896
YAR070W-A,YER087C-A,0,0.1423621,0.09450829774141312,1.0,0.9961862564086914
YIR002C,YBL101W-A,0,0.1423621,0.09449967741966248,1.0,0.9962866306304932
YPR063C,YPL189C-A,0,0.1423621,0.09449106454849243,1.0,0.9963870048522949
YBR181C,YOR343C-A,0,0.1423621,0.09448244422674179,1.0,0.9964873790740967
YGR067C,YJL133C-A,0,0.1423621,0.09447383135557175,1.0,0.9965876936912537
YLR453C,YOR343C-A,0,0.1423621,0.0944652110338211,1.0,0.9966880679130554
YDR524C-B,YLL066C,0,0.1423621,0.09445659816265106,1.0,0.9967884421348572
YDL114W,YLR337W,0,0.1423621,0.09444799274206161,1.0,0.9968888163566589
YDR179C,YNL024C-A,0,0.1423621,0.09443937987089157,1.0,0.9969891905784607
YDR210W-C,YGR161W-A,0,0.1423621,0.09443077445030212,1.0,0.9970895051956177
YOR070C,YNL024C-A,0,0.1423621,0.09442216902971268,1.0,0.9971898794174194
YCL055W,YER159C-A,0,0.14215909,0.09441356360912323,1.0,0.9972902536392212
YOL103W-A,YLR222C,0,0.141795,0.09440495818853378,1.0,0.997390627861023
YNL054W-B,YMR086W,0,0.14156578,0.09439635276794434,1.0,0.9974909424781799
YPR158C-D,YFL047W,0,0.14123906,0.09438775479793549,1.0,0.9975913166999817
YNL054W-B,YHR045W,0,0.14117599,0.09437915682792664,1.0,0.9976916909217834
YOR032C,YPR158C-D,0,0.14086719,0.09437055885791779,1.0,0.9977920651435852
YNL284C-B,YPL215W,0,0.14060634,0.09436196088790894,1.0,0.997892439365387
YDR210W-B,YNL001W,0,0.14041841,0.09435337036848068,1.0,0.997992753982544
YEL071W,YDR210W-A,0,0.14041038,0.09434477984905243,1.0,0.9980931282043457
YDR210C-D,YGL093W,0,0.1403104,0.09433618932962418,1.0,0.9981935024261475
YDR098C-B,YGR188C,0,0.13999599,0.09432759881019592,1.0,0.9982938766479492
YDR098C-B,YDL012C,0,0.13997626,0.09431900829076767,1.0,0.9983941912651062
YJL062W-A,YDR363W,0,0.13992606,0.09431042522192001,1.0,0.998494565486908
YKR086W,YGR161C-C,0,0.13992128,0.09430184215307236,1.0,0.9985949397087097
YLL032C,YDR365W-B,0,0.13984665,0.0942932590842247,1.0,0.9986953139305115
YPL145C,YDR210W-A,0,0.13983648,0.09428467601537704,1.0,0.9987956881523132
YLL042C,YGR161C-D,0,0.13982278,0.09427609294652939,1.0,0.9988960027694702
YOR343W-A,YKR092C,0,0.13979676,0.09426751732826233,1.0,0.998996376991272
YGR215W,YDR034C-D,0,0.13962045,0.09425894170999527,1.0,0.9990967512130737
YDR098C-B,YDR489W,0,0.13952833,0.09425036609172821,1.0,0.9991971254348755
YDR098C-A,YPL059W,0,0.13952222,0.09424179047346115,1.0,0.9992974996566772
YHR013C,YDR210W-A,0,0.13948584,0.09423321485519409,1.0,0.9993978142738342
YDR365W-B,YLR403W,0,0.13945234,0.09422464668750763,1.0,0.999498188495636
YJR132W,YDR365C,0,0.09522889,0.09421607851982117,1.0,0.9995985627174377
YGR245C,YJR132W,0,0.041763596,0.0942075103521347,1.0,0.9996989369392395
YIL103W,YLR051C,0,-0.038335964,0.09419894218444824,1.0,0.9997992515563965
YML010W,YJR097W,0,-0.51975477,0.09419038146734238,1.0,0.9998996257781982
YLR106C,YHR072W-A,0,-0.6851338,0.09418182075023651,1.0,1.0
