Gene A,Gene B,Label,Score,Precision,Recall,False Positive Rate
YLL041C,YHR051W,1,11.665982,1.0,0.0018939394503831863,0.0
YPR191W,YMR145C,1,11.238212,1.0,0.0037878789007663727,0.0
YLL041C,YMR145C,1,10.580808,1.0,0.005681818351149559,0.0
YLL041C,YNL052W,1,10.454051,1.0,0.007575757801532745,0.0
YLR395C,YLL041C,1,10.156616,1.0,0.009469697251915932,0.0
YPR191W,YLL041C,1,9.586387,1.0,0.011363636702299118,0.0
YJL103C,YHR051W,1,9.560748,1.0,0.013257576152682304,0.0
YMR145C,YHR051W,1,9.211755,1.0,0.01515151560306549,0.0
YLR395C,YPR191W,1,9.1579485,1.0,0.017045455053448677,0.0
YKL085W,YHR051W,1,9.1256695,1.0,0.018939394503831863,0.0
YJL103C,YNL052W,1,9.119164,1.0,0.02083333395421505,0.0
YPR191W,YJL103C,1,9.059276,1.0,0.022727273404598236,0.0
YLR395C,YJL103C,1,8.961841,1.0,0.024621212854981422,0.0
YJL166W,YMR145C,1,8.933879,1.0,0.02651515230536461,0.0
YLR395C,YMR145C,1,8.822278,1.0,0.028409091755747795,0.0
YNL052W,YHR051W,1,8.525202,1.0,0.03030303120613098,0.0
YOR142W,YHR051W,1,8.299579,1.0,0.03219696879386902,0.0
YPR191W,YJL166W,1,8.19525,1.0,0.034090910106897354,0.0
YMR145C,YNL052W,1,8.181659,1.0,0.03598484769463539,0.0
YLR395C,YPL183W-A,1,8.154246,1.0,0.03787878900766373,0.0
YPR191W,YPL183W-A,1,8.075955,1.0,0.039772726595401764,0.0
YPR191W,YKL085W,1,7.987059,1.0,0.0416666679084301,0.0
YLL041C,YGL068W,1,7.9286323,1.0,0.04356060549616814,0.0
YNL052W,YKL085W,1,7.829028,1.0,0.04545454680919647,0.0
YOR142W,YNL052W,1,7.814667,1.0,0.04734848439693451,0.0
YPR191W,YHR051W,1,7.8104315,1.0,0.049242425709962845,0.0
YJL103C,YMR145C,1,7.785166,1.0,0.05113636329770088,0.0
YDL078C,YOR142W,1,7.7341924,1.0,0.05303030461072922,0.0
YLL041C,YKL085W,1,7.6827393,1.0,0.054924242198467255,0.0
YLR395C,YJL166W,1,7.592625,1.0,0.05681818351149559,0.0
YNL117W,YPR001W,1,7.5819335,1.0,0.05871212109923363,0.0
YDR079W,YHR051W,1,7.5215654,1.0,0.06060606241226196,0.0
YJL166W,YNL052W,1,7.495792,1.0,0.0625,0.0
YDR079W,YPR191W,1,7.4952197,1.0,0.06439393758773804,0.0
YPR191W,YLR312W-A,1,7.448911,1.0,0.06628787517547607,0.0
YPR191W,YNL052W,1,7.354586,1.0,0.06818182021379471,0.0
YNL117W,YFR033C,1,7.3236337,1.0,0.07007575780153275,0.0
YMR145C,YKL085W,1,7.2531304,1.0,0.07196969538927078,0.0
YLR395C,YKL085W,1,7.206842,1.0,0.07386363297700882,0.0
YPR191W,YGL068W,1,7.201134,1.0,0.07575757801532745,0.0
YLR395C,YNL052W,1,7.189151,1.0,0.07765151560306549,0.0
YPL183W-A,YHR051W,1,7.1816382,1.0,0.07954545319080353,0.0
YPR191W,YFR033C,1,7.0704737,1.0,0.08143939077854156,0.0
YJL166W,YHR051W,1,7.037875,1.0,0.0833333358168602,0.0
YMR145C,YFR033C,1,7.0227017,1.0,0.08522727340459824,0.0
YJL166W,YKR006C,1,6.955621,1.0,0.08712121099233627,0.0
YKL093W,YMR145C,1,6.9246535,1.0,0.08901514858007431,0.0
YKL093W,YFR033C,1,6.9106574,1.0,0.09090909361839294,0.0
YOR142W,YKR006C,1,6.902556,1.0,0.09280303120613098,0.0
YDL078C,YNL052W,1,6.8763194,1.0,0.09469696879386902,0.0
YLL041C,YFR033C,1,6.85346,1.0,0.09659090638160706,0.0
YMR145C,YGR112W,1,6.838576,1.0,0.09848485141992569,0.0
YNL117W,YOR142W,1,6.838203,1.0,0.10037878900766373,0.0
YLL041C,YKR006C,1,6.8306684,1.0,0.10227272659540176,0.0
YJL166W,YJL103C,1,6.824654,1.0,0.1041666641831398,0.0
YLR395C,YHR051W,1,6.799693,1.0,0.10606060922145844,0.0
YNL117W,YMR145C,1,6.7912164,1.0,0.10795454680919647,0.0
YLR395C,YDR079W,1,6.7836013,1.0,0.10984848439693451,0.0
YGL068W,YBR026C,1,6.7774696,1.0,0.11174242198467255,0.0
YJL166W,YNL117W,1,6.6232324,1.0,0.11363636702299118,0.0
YGR112W,YNL052W,1,6.5727124,1.0,0.11553030461072922,0.0
YGL068W,YOR142W,1,6.5616612,1.0,0.11742424219846725,0.0
YDL078C,YHR051W,1,6.5602746,1.0,0.11931817978620529,0.0
YOR142W,YKL085W,1,6.485041,1.0,0.12121212482452393,0.0
YNL117W,YHR051W,1,6.4780374,1.0,0.12310606241226196,0.0
YNL052W,YBR026C,1,6.4086547,1.0,0.125,0.0
YFL014W,YHR059W,0,6.390166,0.9850746393203735,0.125,0.00018939393339678645
YLL041C,YOR142W,1,6.3691907,0.9852941036224365,0.12689393758773804,0.00018939393339678645
YGL068W,YHR051W,1,6.3396916,0.9855072498321533,0.12878787517547607,0.00018939393339678645
YDR079W,YNL117W,1,6.3173623,0.9857142567634583,0.1306818127632141,0.00018939393339678645
YGL068W,YGR112W,1,6.317307,0.98591548204422,0.13257575035095215,0.00018939393339678645
YLR312W-A,YMR145C,1,6.316805,0.9861111044883728,0.13446970283985138,0.00018939393339678645
YPR191W,YOR142W,1,6.2920074,0.9863013625144958,0.13636364042758942,0.00018939393339678645
YLR312W-A,YHR051W,1,6.287616,0.9864864945411682,0.13825757801532745,0.00018939393339678645
YOR142W,YMR145C,1,6.2776294,0.9866666793823242,0.1401515156030655,0.00018939393339678645
YGL068W,YJL166W,1,6.2669406,0.9868420958518982,0.14204545319080353,0.00018939393339678645
YLL041C,YPL183W-A,1,6.2666564,0.9870129823684692,0.14393939077854156,0.00018939393339678645
YKL093W,YHR051W,1,6.2291026,0.9871794581413269,0.1458333283662796,0.00018939393339678645
YPR001W,YNL052W,1,6.182159,0.9873417615890503,0.14772726595401764,0.00018939393339678645
YDR079W,YNL052W,1,6.156229,0.987500011920929,0.14962121844291687,0.00018939393339678645
YPR191W,YKR006C,1,6.1311126,0.9876543283462524,0.1515151560306549,0.00018939393339678645
YFR033C,YBR026C,1,6.1295524,0.9878048896789551,0.15340909361839294,0.00018939393339678645
YLR395C,YBR026C,1,6.1078534,0.9879518151283264,0.15530303120613098,0.00018939393339678645
YKL093W,YOR142W,1,6.103666,0.988095223903656,0.15719696879386902,0.00018939393339678645
YMR145C,YBR026C,1,6.0938315,0.9882352948188782,0.15909090638160706,0.00018939393339678645
YBR183W,YMR203W,0,6.0893483,0.9767441749572754,0.15909090638160706,0.0003787878667935729
YLL041C,YLR312W-A,1,6.0489993,0.977011501789093,0.1609848439693451,0.0003787878667935729
YGR112W,YHR051W,1,5.982076,0.9772727489471436,0.16287878155708313,0.0003787878667935729
YFR033C,YHR051W,1,5.9719634,0.9775280952453613,0.16477273404598236,0.0003787878667935729
YKR006C,YHR051W,1,5.961597,0.9777777791023254,0.1666666716337204,0.0003787878667935729
YBR026C,YHR051W,1,5.9173427,0.9780219793319702,0.16856060922145844,0.0003787878667935729
YKL085W,YKR006C,1,5.9149203,0.97826087474823,0.17045454680919647,0.0003787878667935729
YKL093W,YPR001W,1,5.894563,0.9784946441650391,0.1723484843969345,0.0003787878667935729
YPR001W,YFR033C,1,5.865963,0.978723406791687,0.17424242198467255,0.0003787878667935729
YLR395C,YLR312W-A,1,5.849018,0.9789473414421082,0.17613635957241058,0.0003787878667935729
YOR142W,YBR026C,1,5.83195,0.9791666865348816,0.17803029716014862,0.0003787878667935729
YPR191W,YNL117W,1,5.8301406,0.9793814420700073,0.17992424964904785,0.0003787878667935729
YGL068W,YNL117W,1,5.829615,0.9795918464660645,0.1818181872367859,0.0003787878667935729
YJL166W,YKL085W,1,5.8217125,0.9797979593276978,0.18371212482452393,0.0003787878667935729
YOR142W,YJL103C,1,5.8081756,0.9800000190734863,0.18560606241226196,0.0003787878667935729
YLR395C,YNL117W,1,5.7645106,0.9801980257034302,0.1875,0.0003787878667935729
YDL078C,YMR145C,1,5.7611985,0.9803921580314636,0.18939393758773804,0.0003787878667935729
YLR395C,YFR033C,1,5.743136,0.9805825352668762,0.19128787517547607,0.0003787878667935729
YLL041C,YJL166W,1,5.7373023,0.9807692170143127,0.1931818127632141,0.0003787878667935729
YPR191W,YDL078C,1,5.7145734,0.9809523820877075,0.19507575035095215,0.0003787878667935729
YMR145C,YMR267W,1,5.6987977,0.9811320900917053,0.19696970283985138,0.0003787878667935729
YLR395C,YDL078C,1,5.697846,0.9813084006309509,0.19886364042758942,0.0003787878667935729
YGL068W,YFR033C,1,5.693768,0.9814814925193787,0.20075757801532745,0.0003787878667935729
YLR312W-A,YOR142W,1,5.681154,0.9816513657569885,0.2026515156030655,0.0003787878667935729
YDR079W,YOR142W,1,5.6466565,0.9818181991577148,0.20454545319080353,0.0003787878667935729
YLL041C,YOR147W,1,5.6192465,0.9819819927215576,0.20643939077854156,0.0003787878667935729
YOR142W,YPL183W-A,1,5.615954,0.9821428656578064,0.2083333283662796,0.0003787878667935729
YKL093W,YPR191W,1,5.6018534,0.982300877571106,0.21022726595401764,0.0003787878667935729
YGL068W,YMR267W,1,5.5997305,0.9824561476707458,0.21212121844291687,0.0003787878667935729
YLR312W-A,YJL103C,1,5.588675,0.9826086759567261,0.2140151560306549,0.0003787878667935729
YDR079W,YLL041C,1,5.58085,0.982758641242981,0.21590909361839294,0.0003787878667935729
YMR145C,YPL183W-A,1,5.566585,0.9829059839248657,0.21780303120613098,0.0003787878667935729
YDR079W,YFR033C,1,5.565209,0.9830508232116699,0.21969696879386902,0.0003787878667935729
YLR395C,YOR142W,1,5.5609,0.9831932783126831,0.22159090638160706,0.0003787878667935729
YGL068W,YDL078C,1,5.549249,0.9833333492279053,0.2234848439693451,0.0003787878667935729
YLR312W-A,YNL052W,1,5.538611,0.9834710955619812,0.22537878155708313,0.0003787878667935729
YLL041C,YDL078C,1,5.5348,0.9836065769195557,0.22727273404598236,0.0003787878667935729
YGL068W,YKL085W,1,5.5314813,0.9837398529052734,0.2291666716337204,0.0003787878667935729
YLR395C,YGL068W,1,5.507669,0.9838709831237793,0.23106060922145844,0.0003787878667935729
YPL183W-A,YNL052W,1,5.4898577,0.984000027179718,0.23295454680919647,0.0003787878667935729
YKL093W,YNL117W,1,5.45573,0.9841269850730896,0.2348484843969345,0.0003787878667935729
YNL117W,YNL052W,1,5.4546633,0.9842519760131836,0.23674242198467255,0.0003787878667935729
YLL041C,YJL103C,1,5.4209094,0.984375,0.23863635957241058,0.0003787878667935729
YLR395C,YPR001W,1,5.3848457,0.9844961166381836,0.24053029716014862,0.0003787878667935729
YDL078C,YPR001W,1,5.3685946,0.9846153855323792,0.24242424964904785,0.0003787878667935729
YKL093W,YNL052W,1,5.3578706,0.9847328066825867,0.2443181872367859,0.0003787878667935729
YHR059W,YHR008C,0,5.354036,0.9772727489471436,0.2443181872367859,0.0005681818001903594
YNL117W,YLR312W-A,1,5.336506,0.9774436354637146,0.24621212482452393,0.0005681818001903594
YNL052W,YKR006C,1,5.330316,0.9776119589805603,0.24810606241226196,0.0005681818001903594
YJL166W,YLR312W-A,1,5.3284364,0.9777777791023254,0.25,0.0005681818001903594
YKL182W,YKL067W,0,5.328398,0.970588207244873,0.25,0.0007575757335871458
YGL068W,YJL103C,1,5.3279653,0.970802903175354,0.25189393758773804,0.0007575757335871458
YLL041C,YPR001W,1,5.325868,0.9710144996643066,0.2537878751754761,0.0007575757335871458
YKL093W,YLR395C,1,5.2990003,0.971222996711731,0.2556818127632141,0.0007575757335871458
YOR142W,YFR033C,1,5.295071,0.9714285731315613,0.25757575035095215,0.0007575757335871458
YLR395C,YGR112W,1,5.2798977,0.9716312289237976,0.2594696879386902,0.0007575757335871458
YPR191W,YBR026C,1,5.2489,0.9718309640884399,0.2613636255264282,0.0007575757335871458
YGR112W,YBR026C,1,5.2394524,0.9720279574394226,0.26325756311416626,0.0007575757335871458
YFR033C,YNL052W,1,5.2126727,0.9722222089767456,0.2651515007019043,0.0007575757335871458
YNL117W,YJL103C,1,5.212523,0.9724137783050537,0.2670454680919647,0.0007575757335871458
YDR079W,YGR112W,1,5.212022,0.9726027250289917,0.26893940567970276,0.0007575757335871458
YPR191W,YPR001W,1,5.2107377,0.9727891087532043,0.2708333432674408,0.0007575757335871458
YPR001W,YMR145C,1,5.2083993,0.9729729890823364,0.27272728085517883,0.0007575757335871458
YGL068W,YPR001W,1,5.1947155,0.9731543660163879,0.27462121844291687,0.0007575757335871458
YLR395C,YKR006C,1,5.193354,0.9733333587646484,0.2765151560306549,0.0007575757335871458
YOR142W,YMR267W,1,5.1821837,0.9735099077224731,0.27840909361839294,0.0007575757335871458
YPR191W,YOR147W,1,5.1819673,0.9736841917037964,0.280303031206131,0.0007575757335871458
YDL078C,YKR006C,1,5.181182,0.9738562107086182,0.282196968793869,0.0007575757335871458
YPR191W,YGR112W,1,5.174322,0.9740259647369385,0.28409090638160706,0.0007575757335871458
YJL103C,YFR033C,1,5.160151,0.9741935729980469,0.2859848439693451,0.0007575757335871458
YKL093W,YGL068W,1,5.1583323,0.9743589758872986,0.28787878155708313,0.0007575757335871458
YPR001W,YOR142W,1,5.1384606,0.9745222926139832,0.28977271914482117,0.0007575757335871458
YJL103C,YKR006C,1,5.0455713,0.9746835231781006,0.2916666567325592,0.0007575757335871458
YJL103C,YPL183W-A,1,5.0023646,0.9748427867889404,0.29356059432029724,0.0007575757335871458
YOL086C,YAL038W,0,5.000402,0.96875,0.29356059432029724,0.0009469697251915932
YLL041C,YNL117W,1,4.9580336,0.9689440727233887,0.2954545319080353,0.0009469697251915932
YPR001W,YHR051W,1,4.9385743,0.9691358208656311,0.2973484992980957,0.0009469697251915932
YMR203W,YAL017W,0,4.9256096,0.9631901979446411,0.2973484992980957,0.0011363636003807187
YHR059W,YNL274C,0,4.9022465,0.957317054271698,0.2973484992980957,0.001325757591985166
YGR112W,YKL085W,1,4.860666,0.9575757384300232,0.29924243688583374,0.001325757591985166
YKL093W,YLL041C,1,4.853847,0.9578313231468201,0.3011363744735718,0.001325757591985166
YPL183W-A,YMR267W,1,4.835529,0.9580838084220886,0.3030303120613098,0.001325757591985166
YNL117W,YPL183W-A,1,4.8354406,0.9583333134651184,0.30492424964904785,0.001325757591985166
YMR145C,YKR006C,1,4.8289847,0.9585798978805542,0.3068181872367859,0.001325757591985166
YFR033C,YKL085W,1,4.8276277,0.9588235020637512,0.3087121248245239,0.001325757591985166
YDR079W,YMR145C,1,4.8042693,0.9590643048286438,0.31060606241226196,0.001325757591985166
YKR006C,YBR026C,1,4.7864966,0.9593023061752319,0.3125,0.001325757591985166
YDR079W,YJL103C,1,4.778956,0.9595375657081604,0.31439393758773804,0.001325757591985166
YDR492W,YNR002C,0,4.766788,0.954023003578186,0.31439393758773804,0.0015151514671742916
YKL013C,YOR187W,0,4.7639976,0.9485714435577393,0.31439393758773804,0.001704545458778739
YOR147W,YNL052W,1,4.7359247,0.9488636255264282,0.3162878751754761,0.001704545458778739
YGL068W,YNL052W,1,4.7286267,0.9491525292396545,0.3181818127632141,0.001704545458778739
YNL044W,YOR317W,0,4.7226744,0.9438202381134033,0.3181818127632141,0.0018939394503831863
YLR395C,YMR267W,1,4.721209,0.9441340565681458,0.32007575035095215,0.0018939394503831863
YOR142W,YGR112W,1,4.7028794,0.9444444179534912,0.3219696879386902,0.0018939394503831863
YPL078C,YKL053C-A,0,4.6799655,0.939226508140564,0.3219696879386902,0.0020833334419876337
YPR001W,YBR026C,1,4.647469,0.9395604133605957,0.3238636255264282,0.0020833334419876337
YOR147W,YHR051W,1,4.622025,0.9398906826972961,0.32575756311416626,0.0020833334419876337
YLL041C,YGR112W,1,4.6131024,0.9402173757553101,0.3276515007019043,0.0020833334419876337
YFR033C,YKR006C,1,4.608418,0.9405405521392822,0.3295454680919647,0.0020833334419876337
YOR147W,YJL166W,1,4.5993137,0.9408602118492126,0.33143940567970276,0.0020833334419876337
YJL066C,YMR203W,0,4.5723114,0.9358288645744324,0.33143940567970276,0.0022727272007614374
YDR296W,YMR193W,0,4.5703998,0.9308510422706604,0.33143940567970276,0.0024621211923658848
YDL078C,YFR033C,1,4.5442033,0.9312169551849365,0.3333333432674408,0.0024621211923658848
YGR112W,YKR006C,1,4.4819875,0.9315789341926575,0.33522728085517883,0.0024621211923658848
YPL183W-A,YFR033C,1,4.47969,0.9319371581077576,0.33712121844291687,0.0024621211923658848
YDR079W,YPR001W,1,4.4613476,0.9322916865348816,0.3390151560306549,0.0024621211923658848
YPL223C,YOR020C,0,4.4556875,0.9274611473083496,0.3390151560306549,0.002651515183970332
YNL117W,YGR112W,1,4.4428916,0.9278350472450256,0.34090909361839294,0.002651515183970332
YMR267W,YHR051W,1,4.421368,0.928205132484436,0.342803031206131,0.002651515183970332
YJL066C,YJR034W,0,4.4024043,0.9234693646430969,0.342803031206131,0.0028409091755747795
YJL166W,YGR112W,1,4.3864217,0.9238578677177429,0.344696968793869,0.0028409091755747795
YJL103C,YKL085W,1,4.3512807,0.9242424368858337,0.34659090638160706,0.0028409091755747795
YJL166W,YMR267W,1,4.325339,0.9246231317520142,0.3484848439693451,0.0028409091755747795
YJL166W,YDL078C,1,4.297708,0.925000011920929,0.35037878155708313,0.0028409091755747795
YLR395C,YOR147W,1,4.2940984,0.9253731369972229,0.35227271914482117,0.0028409091755747795
YLR312W-A,YKL085W,1,4.285693,0.9257425665855408,0.3541666567325592,0.0028409091755747795
YMR267W,YKR006C,1,4.2601285,0.9261083602905273,0.35606059432029724,0.0028409091755747795
YLR312W-A,YGR112W,1,4.243627,0.9264705777168274,0.3579545319080353,0.0028409091755747795
YJL166W,YOR142W,1,4.2424974,0.9268292784690857,0.3598484992980957,0.0028409091755747795
YDL078C,YGR112W,1,4.2386622,0.9271844625473022,0.36174243688583374,0.0028409091755747795
YDR079W,YGL068W,1,4.2317924,0.9275362491607666,0.3636363744735718,0.0028409091755747795
YOR147W,YOR142W,1,4.2190003,0.9278846383094788,0.3655303120613098,0.0028409091755747795
YNL202W,YIL006W,0,4.184516,0.9234449863433838,0.3655303120613098,0.0030303029343485832
YOR297C,YNL117W,1,4.1778245,0.9238095283508301,0.36742424964904785,0.0030303029343485832
YDR405W,YER150W,0,4.1756063,0.9194312691688538,0.36742424964904785,0.0032196969259530306
YFR033C,YMR267W,1,4.1594605,0.9198113083839417,0.3693181872367859,0.0032196969259530306
YLL041C,YBR026C,1,4.1569943,0.920187771320343,0.3712121248245239,0.0032196969259530306
YLL055W,YNL284C,0,4.1471004,0.9158878326416016,0.3712121248245239,0.003409090917557478
YJL155C,YIL006W,0,4.1256075,0.9116278886795044,0.3712121248245239,0.0035984849091619253
YDR079W,YJL166W,1,4.108128,0.9120370149612427,0.37310606241226196,0.0035984849091619253
YLR080W,YLR153C,0,4.0982623,0.9078341126441956,0.37310606241226196,0.0037878789007663727
YJL166W,YPR001W,1,4.091331,0.9082568883895874,0.375,0.0037878789007663727
YKL217W,YDL045W-A,0,4.0876718,0.9041095972061157,0.375,0.003977272659540176
YGL068W,YLR312W-A,1,4.0798526,0.9045454263687134,0.37689393758773804,0.003977272659540176
YJL166W,YPL183W-A,1,4.073474,0.9049773812294006,0.3787878751754761,0.003977272659540176
YPR001W,YKL085W,1,4.0684543,0.9054054021835327,0.3806818127632141,0.003977272659540176
YKL093W,YJL166W,1,4.0481753,0.9058296084403992,0.38257575035095215,0.003977272659540176
YLL002W,YKL182W,0,4.045601,0.9017857313156128,0.38257575035095215,0.004166666883975267
YGL068W,YMR145C,1,4.0332794,0.902222216129303,0.3844696879386902,0.004166666883975267
YOR147W,YPR001W,1,4.0328712,0.9026548862457275,0.3863636255264282,0.004166666883975267
YLR295C,YDR470C,0,4.0159254,0.8986784219741821,0.3863636255264282,0.004356060642749071
YNL117W,YKL085W,1,4.010123,0.8991228342056274,0.38825756311416626,0.004356060642749071
YPL183W-A,YBR026C,1,4.0006733,0.8995633125305176,0.3901515007019043,0.004356060642749071
YGR112W,YFR033C,1,3.9895816,0.8999999761581421,0.3920454680919647,0.004356060642749071
YPR001W,YJL103C,1,3.9792068,0.9004328846931458,0.39393940567970276,0.004356060642749071
YPR191W,YOR297C,1,3.9766364,0.9008620977401733,0.3958333432674408,0.004356060642749071
YLR312W-A,YFR033C,1,3.9585464,0.9012875556945801,0.39772728085517883,0.004356060642749071
YDR079W,YPL183W-A,1,3.907948,0.9017093777656555,0.39962121844291687,0.004356060642749071
YMR295C,YDR262W,0,3.9046576,0.8978723287582397,0.39962121844291687,0.004545454401522875
YAR035W,YLL055W,0,3.8951945,0.8940678238868713,0.39962121844291687,0.004734848625957966
YPL183W-A,YKL085W,1,3.8876266,0.8945147395133972,0.4015151560306549,0.004734848625957966
YNL073W,YOR020C,0,3.886653,0.8907563090324402,0.4015151560306549,0.0049242423847317696
YKL093W,YJL103C,1,3.8842626,0.8912134170532227,0.40340909361839294,0.0049242423847317696
YLR312W-A,YMR267W,1,3.8768187,0.8916666507720947,0.405303031206131,0.0049242423847317696
YJL103C,YMR267W,1,3.86834,0.8921161890029907,0.407196968793869,0.0049242423847317696
YNL026W,YLR348C,0,3.8555665,0.8884297609329224,0.407196968793869,0.005113636143505573
YJL191W,YOL158C,0,3.8420053,0.8847736716270447,0.407196968793869,0.005303030367940664
YOR147W,YNL117W,1,3.82826,0.8852459192276001,0.40909090638160706,0.005303030367940664
YOR297C,YHR051W,1,3.8264692,0.8857142925262451,0.4109848439693451,0.005303030367940664
YGR175C,YHR008C,0,3.8129234,0.8821138143539429,0.4109848439693451,0.005492424126714468
YLR312W-A,YBR026C,1,3.8054519,0.8825910687446594,0.41287878155708313,0.005492424126714468
YNL052W,YMR267W,1,3.786835,0.8830645084381104,0.41477271914482117,0.005492424126714468
YJL166W,YFR033C,1,3.7504852,0.8835341334342957,0.4166666567325592,0.005492424126714468
YOR147W,YJL103C,1,3.7432349,0.8840000033378601,0.41856059432029724,0.005492424126714468
YNL117W,YKR006C,1,3.7097955,0.8844621777534485,0.4204545319080353,0.005492424126714468
YOR297C,YJL166W,1,3.7051108,0.8849206566810608,0.4223484992980957,0.005492424126714468
YLR289W,YJL172W,0,3.6907706,0.8814229369163513,0.4223484992980957,0.005681818351149559
YPL183W-A,YKR006C,1,3.677532,0.8818897604942322,0.42424243688583374,0.005681818351149559
YKL170W,YJL079C,0,3.6768293,0.8784313797950745,0.42424243688583374,0.005871212109923363
YIL006W,YLR350W,0,3.6550276,0.875,0.42424243688583374,0.0060606058686971664
YMR284W,YGR171C,0,3.6407008,0.8715953230857849,0.42424243688583374,0.0062500000931322575
YJL103C,YGR112W,1,3.6302748,0.8720930218696594,0.4261363744735718,0.0062500000931322575
YLR395C,YOR297C,1,3.6047728,0.8725868463516235,0.4280303120613098,0.0062500000931322575
YLL041C,YMR267W,1,3.602915,0.8730769157409668,0.42992424964904785,0.0062500000931322575
YDR079W,YOR147W,1,3.5998538,0.8735632300376892,0.4318181872367859,0.0062500000931322575
YMR267W,YBR026C,1,3.583827,0.8740457892417908,0.4337121248245239,0.0062500000931322575
YOR147W,YKL085W,1,3.5768719,0.874524712562561,0.43560606241226196,0.0062500000931322575
YKL093W,YLR312W-A,1,3.5718353,0.875,0.4375,0.0062500000931322575
YKL093W,YKL085W,1,3.5708659,0.8754717111587524,0.43939393758773804,0.0062500000931322575
YDR492W,YGR222W,0,3.5590909,0.8721804618835449,0.43939393758773804,0.006439393851906061
YPR191W,YMR267W,1,3.5497227,0.8726591467857361,0.4412878751754761,0.006439393851906061
YOR147W,YMR145C,1,3.532072,0.8731343150138855,0.4431818127632141,0.006439393851906061
YGR112W,YPL183W-A,1,3.5291312,0.8736059665679932,0.44507575035095215,0.006439393851906061
YDR079W,YDL078C,1,3.5222259,0.8740741014480591,0.4469696879386902,0.006439393851906061
YNL314W,YGL162W,0,3.5142298,0.8708487153053284,0.4469696879386902,0.006628788076341152
YDR059C,YPR160W,0,3.5093834,0.8676470518112183,0.4469696879386902,0.006818181835114956
YNL153C,YDR353W,0,3.504239,0.8644688725471497,0.4469696879386902,0.00700757559388876
YKL093W,YPL183W-A,1,3.4815047,0.8649635314941406,0.4488636255264282,0.00700757559388876
YLR312W-A,YKR006C,1,3.4730916,0.8654545545578003,0.45075756311416626,0.00700757559388876
YPR113W,YOR317W,0,3.4385571,0.8623188138008118,0.45075756311416626,0.007196969818323851
YOR317W,YIR032C,0,3.4368362,0.8592057824134827,0.45075756311416626,0.007386363577097654
YKL093W,YBR026C,1,3.4337094,0.8597122430801392,0.4526515007019043,0.007386363577097654
YPL223C,YCR052W,0,3.43101,0.856630802154541,0.4526515007019043,0.007575757801532745
YNL284C,YOL151W,0,3.4222345,0.8535714149475098,0.4526515007019043,0.007765151560306549
YDR296W,YLL019C,0,3.41121,0.8505337834358215,0.4526515007019043,0.007954545319080353
YOR147W,YFR033C,1,3.4111142,0.8510638475418091,0.4545454680919647,0.007954545319080353
YNL131W,YOL151W,0,3.4004412,0.8480565547943115,0.4545454680919647,0.008143939077854156
YDR079W,YKL085W,1,3.3904834,0.8485915660858154,0.45643940567970276,0.008143939077854156
YDR405W,YCR046C,0,3.360693,0.8456140160560608,0.45643940567970276,0.008333333767950535
YHR179W,YLR009W,0,3.3474445,0.8426573276519775,0.45643940567970276,0.008522727526724339
YNL117W,YBR026C,1,3.3421195,0.8432055711746216,0.4583333432674408,0.008522727526724339
YPL134C,YHR004C,0,3.3274393,0.8402777910232544,0.4583333432674408,0.008712121285498142
YDL078C,YPL183W-A,1,3.3255596,0.8408304452896118,0.46022728085517883,0.008712121285498142
YHR132C,YDR059C,0,3.323469,0.8379310369491577,0.46022728085517883,0.008901515044271946
YAL054C,YJR101W,0,3.3175159,0.8350515365600586,0.46022728085517883,0.00909090880304575
YBR177C,YMR193W,0,3.313031,0.8321917653083801,0.46022728085517883,0.009280303493142128
YNL117W,YDL078C,1,3.2863212,0.8327645063400269,0.46212121844291687,0.009280303493142128
YGR032W,YGR084C,0,3.2832818,0.8299319744110107,0.46212121844291687,0.009469697251915932
YIL006W,YKL168C,0,3.2752593,0.8271186351776123,0.46212121844291687,0.009659091010689735
YDR079W,YBR026C,1,3.2385044,0.8277027010917664,0.4640151560306549,0.009659091010689735
YDR405W,YDL215C,0,3.209621,0.8249158263206482,0.4640151560306549,0.009848484769463539
YDR059C,YGL236C,0,3.197668,0.8221476674079895,0.4640151560306549,0.010037878528237343
YOR297C,YNL052W,1,3.1877403,0.8227424621582031,0.46590909361839294,0.010037878528237343
YBR177C,YCL025C,0,3.1629868,0.8199999928474426,0.46590909361839294,0.010227272287011147
YDL078C,YMR267W,1,3.1396453,0.8205980062484741,0.467803031206131,0.010227272287011147
YHR002W,YJL005W,0,3.134772,0.8178808093070984,0.467803031206131,0.010416666977107525
YKL093W,YDR079W,1,3.1326032,0.8184818625450134,0.469696968793869,0.010416666977107525
YJR127C,YLR203C,0,3.1255124,0.8157894611358643,0.469696968793869,0.010606060735881329
YEL052W,YOR298W,0,3.1170805,0.8131147623062134,0.469696968793869,0.010795454494655132
YER050C,YDL198C,0,3.1137195,0.8104575276374817,0.469696968793869,0.010984848253428936
YGL180W,YFR045W,0,3.1097307,0.8078175783157349,0.469696968793869,0.01117424201220274
YDL078C,YJL103C,1,3.1008577,0.8084415793418884,0.47159090638160706,0.01117424201220274
YGL068W,YPL183W-A,1,3.0919623,0.8090614676475525,0.4734848439693451,0.01117424201220274
YGR171C,YLL040C,0,3.0761833,0.8064516186714172,0.4734848439693451,0.011363636702299118
YLR390W,YDR337W,0,3.0479045,0.8038585186004639,0.4734848439693451,0.011553030461072922
YHR179W,YKL180W,0,3.0305972,0.8012820482254028,0.4734848439693451,0.011742424219846725
YDL078C,YKL085W,1,3.0280964,0.8019169569015503,0.47537878155708313,0.011742424219846725
YGR112W,YMR267W,1,3.0133078,0.8025477528572083,0.47727271914482117,0.011742424219846725
YOR297C,YFR033C,1,2.9912024,0.803174614906311,0.4791666567325592,0.011742424219846725
YIR038C,YGR084C,0,2.9805667,0.800632894039154,0.4791666567325592,0.01193181797862053
YPL134C,YNL070W,0,2.9666238,0.7981072664260864,0.4791666567325592,0.012121211737394333
YMR145C,YOR355W,1,2.9624002,0.7987421154975891,0.48106059432029724,0.012121211737394333
YBR120C,YBR287W,0,2.9585118,0.7962382435798645,0.48106059432029724,0.012310606427490711
YDR079W,YLR312W-A,1,2.9434526,0.796875,0.4829545319080353,0.012310606427490711
YMR176W,YBR037C,0,2.934944,0.7943925261497498,0.4829545319080353,0.012500000186264515
YOR084W,YAL038W,0,2.9310913,0.7919254899024963,0.4829545319080353,0.012689393945038319
YMR025W,YDR497C,0,2.9185178,0.7894737124443054,0.4829545319080353,0.012878787703812122
YBR182C,YBR230C,0,2.9006526,0.7870370149612427,0.4829545319080353,0.013068181462585926
YOR237W,YGR177C,0,2.8945384,0.7846153974533081,0.4829545319080353,0.013257576152682304
YLR028C,YMR267W,1,2.8926806,0.7852760553359985,0.4848484992980957,0.013257576152682304
YGR282C,YIL108W,0,2.8766117,0.7828746438026428,0.4848484992980957,0.013446969911456108
YOR147W,YDL078C,1,2.8611846,0.7835366129875183,0.48674243688583374,0.013446969911456108
YGR084C,YKR035W-A,0,2.8553042,0.781154990196228,0.48674243688583374,0.013636363670229912
YPR080W,YKL096W-A,0,2.8497028,0.7787878513336182,0.48674243688583374,0.013825757429003716
YKL201C,YMR143W,0,2.8478482,0.7764350175857544,0.48674243688583374,0.01401515118777752
YLR203C,YGR077C,0,2.8407433,0.7740963697433472,0.48674243688583374,0.014204545877873898
YPR001W,YPL183W-A,1,2.8386483,0.7747747898101807,0.4886363744735718,0.014204545877873898
YPR001W,YGR112W,1,2.8300228,0.7754490971565247,0.4905303120613098,0.014204545877873898
YDR492W,YGR155W,0,2.8202107,0.7731343507766724,0.4905303120613098,0.014393939636647701
YDR405W,YOR162C,0,2.8070116,0.7708333134651184,0.4905303120613098,0.014583333395421505
YJL005W,YNL262W,0,2.80645,0.7685459852218628,0.4905303120613098,0.014772727154195309
YOL045W,YDL148C,0,2.7778563,0.7662721872329712,0.4905303120613098,0.014962120912969112
YKL093W,YGR112W,1,2.768857,0.7669616341590881,0.49242424964904785,0.014962120912969112
YPR002W,YLR163C,0,2.7606068,0.7647058963775635,0.49242424964904785,0.01515151560306549
YBR183W,YKR103W,0,2.756859,0.7624633312225342,0.49242424964904785,0.015340909361839294
YAL016W,YHL034C,0,2.7258549,0.7602339386940002,0.49242424964904785,0.015530303120613098
YER074W,YDR508C,0,2.708785,0.7580174803733826,0.49242424964904785,0.015719696879386902
YDR079W,YMR267W,1,2.705204,0.7587209343910217,0.4943181872367859,0.015719696879386902
YKL093W,YKR006C,1,2.7036088,0.7594202756881714,0.4962121248245239,0.015719696879386902
YPR182W,YIL042C,0,2.6990366,0.7572254538536072,0.4962121248245239,0.015909090638160706
YNL236W,YJL171C,0,2.6948047,0.7550432085990906,0.4962121248245239,0.01609848439693451
YKL217W,YOR226C,0,2.6911082,0.7528735399246216,0.4962121248245239,0.016287878155708313
YOR317W,YDL039C,0,2.6819415,0.7507163286209106,0.4962121248245239,0.016477271914482117
YNL178W,YGL203C,0,2.6780143,0.7485714554786682,0.4962121248245239,0.01666666753590107
YIL135C,YPL147W,0,2.6691663,0.74643874168396,0.4962121248245239,0.016856061294674873
YJL166W,YBR026C,1,2.667964,0.7471590638160706,0.49810606241226196,0.016856061294674873
YNL238W,YKR026C,0,2.6661057,0.7450425028800964,0.49810606241226196,0.017045455053448677
YGR175C,YLR390W,0,2.6657715,0.7429378628730774,0.49810606241226196,0.01723484881222248
YGR177C,YLR153C,0,2.6611395,0.7408450841903687,0.49810606241226196,0.017424242570996284
YOR147W,YGR112W,1,2.6602874,0.7415730357170105,0.5,0.017424242570996284
YGL180W,YGL236C,0,2.652877,0.7394958138465881,0.5,0.017613636329770088
YPL196W,YBR037C,0,2.6516273,0.7374301552772522,0.5,0.017803030088543892
YMR295C,YMR099C,0,2.606254,0.7353760600090027,0.5,0.017992423847317696
YDL021W,YLR151C,0,2.604894,0.7333333492279053,0.5,0.0181818176060915
YLR312W-A,YPL183W-A,1,2.5933967,0.7340720295906067,0.501893937587738,0.0181818176060915
YJR101W,YNR028W,0,2.5854175,0.7320442199707031,0.501893937587738,0.018371211364865303
YGR180C,YGR268C,0,2.5736065,0.7300275564193726,0.501893937587738,0.018560606986284256
YFL014W,YLR160C,0,2.5662432,0.7280219793319702,0.501893937587738,0.01875000074505806
YOR147W,YKR006C,1,2.563968,0.7287670969963074,0.5037878751754761,0.01875000074505806
YJL079C,YGL226C-A,0,2.5553942,0.7267759442329407,0.5037878751754761,0.018939394503831863
YGR032W,YMR115W,0,2.5475779,0.7247956395149231,0.5037878751754761,0.019128788262605667
YOL086C,YOR226C,0,2.5429518,0.7228260636329651,0.5037878751754761,0.01931818202137947
YGR281W,YBR120C,0,2.5389864,0.7208672165870667,0.5037878751754761,0.019507575780153275
YGL172W,YBR066C,0,2.5337245,0.7189189195632935,0.5037878751754761,0.019696969538927078
YOR147W,YMR267W,1,2.5335755,0.7196765542030334,0.5056818127632141,0.019696969538927078
YLR080W,YHR214C-B,0,2.5327134,0.7177419066429138,0.5056818127632141,0.019886363297700882
YKL170W,YMR272C,0,2.5215166,0.7158176898956299,0.5056818127632141,0.020075757056474686
YDR030C,YKL053C-A,0,2.5197268,0.7139037251472473,0.5056818127632141,0.02026515081524849
YJL103C,YBR026C,1,2.5192463,0.7146666646003723,0.5075757503509521,0.02026515081524849
YOR147W,YGL068W,1,2.5158038,0.7154255509376526,0.5094696879386902,0.02026515081524849
YPL183W-A,YOR355W,1,2.5152133,0.7161803841590881,0.5113636255264282,0.02026515081524849
YJR036C,YIL042C,0,2.5069656,0.7142857313156128,0.5113636255264282,0.020454544574022293
YKL093W,YOR147W,1,2.4988723,0.7150395512580872,0.5132575631141663,0.020454544574022293
YOR084W,YJL053W,0,2.4973526,0.7131578922271729,0.5132575631141663,0.020643940195441246
YDL022W,YLR386W,0,2.4858353,0.7112860679626465,0.5132575631141663,0.02083333395421505
YCR030C,YKL217W,0,2.4855955,0.7094240784645081,0.5132575631141663,0.021022727712988853
YDR026C,YGL244W,0,2.481779,0.707571804523468,0.5132575631141663,0.021212121471762657
YOR355W,YBR026C,1,2.4763992,0.7083333134651184,0.5151515007019043,0.021212121471762657
YBR230C,YBR096W,0,2.472708,0.7064934968948364,0.5151515007019043,0.02140151523053646
YNL073W,YKL124W,0,2.4635255,0.7046632170677185,0.5151515007019043,0.021590908989310265
YKL182W,YBR052C,0,2.4633226,0.7028423547744751,0.5151515007019043,0.02178030274808407
YOR084W,YLR348C,0,2.4548738,0.7010309100151062,0.5151515007019043,0.021969696506857872
YHR174W,YKL124W,0,2.4516814,0.6992287635803223,0.5151515007019043,0.022159090265631676
YDL061C,YDL070W,0,2.4513428,0.6974359154701233,0.5151515007019043,0.02234848402440548
YOR147W,YLR312W-A,1,2.4495463,0.6982097029685974,0.5170454382896423,0.02234848402440548
YOR297C,YDL078C,1,2.4444675,0.6989796161651611,0.5189393758773804,0.02234848402440548
YDR151C,YJR063W,0,2.429902,0.6972010135650635,0.5189393758773804,0.022537879645824432
YDL078C,YOR355W,1,2.4209685,0.6979695558547974,0.5208333134651184,0.022537879645824432
YMR089C,YDL097C,0,2.4190788,0.6962025165557861,0.5208333134651184,0.022727273404598236
YGR282C,YKL217W,0,2.4179873,0.6944444179534912,0.5208333134651184,0.02291666716337204
YNL117W,YOR355W,1,2.4172125,0.6952140927314758,0.5227272510528564,0.02291666716337204
YOR147W,YBR026C,1,2.4169793,0.69597989320755,0.5246211886405945,0.02291666716337204
YJL172W,YFL033C,0,2.4163713,0.6942355632781982,0.5246211886405945,0.023106060922145844
YMR228W,YPR149W,0,2.415029,0.6924999952316284,0.5246211886405945,0.023295454680919647
YMR145C,YLR028C,1,2.4070127,0.6932668089866638,0.5265151262283325,0.023295454680919647
YKR102W,YMR034C,0,2.4041944,0.6915422677993774,0.5265151262283325,0.02348484843969345
YDR306C,YGR222W,0,2.3989713,0.6898263096809387,0.5265151262283325,0.023674242198467255
YPL134C,YFR052W,0,2.3975563,0.6881188154220581,0.5265151262283325,0.02386363595724106
YIL088C,YOR148C,0,2.3957806,0.6864197254180908,0.5265151262283325,0.024053029716014862
YMR284W,YPL113C,0,2.3927422,0.6847290396690369,0.5265151262283325,0.024242423474788666
YLR295C,YPL252C,0,2.3922906,0.6830466985702515,0.5265151262283325,0.02443181909620762
YDR460W,YAL063C,0,2.380928,0.6813725233078003,0.5265151262283325,0.024621212854981422
YDR530C,YIL006W,0,2.378192,0.6797065734863281,0.5265151262283325,0.024810606613755226
YHR047C,YMR304W,0,2.3698459,0.6780487895011902,0.5265151262283325,0.02500000037252903
YLR312W-A,YLR028C,1,2.3624444,0.6788321137428284,0.5284090638160706,0.02500000037252903
YKL085W,YMR267W,1,2.3622293,0.6796116232872009,0.5303030014038086,0.02500000037252903
YDR030C,YLR153C,0,2.3553236,0.6779661178588867,0.5303030014038086,0.025189394131302834
YLR386W,YOL151W,0,2.3515973,0.6763284802436829,0.5303030014038086,0.025378787890076637
YOR388C,YDR337W,0,2.3445022,0.6746987700462341,0.5303030014038086,0.02556818164885044
YBR261C,YMR093W,0,2.3391397,0.6730769276618958,0.5303030014038086,0.025757575407624245
YJR107W,YGR010W,0,2.337816,0.6714628338813782,0.5303030014038086,0.02594696916639805
YPL127C,YNL131W,0,2.3371124,0.6698564887046814,0.5303030014038086,0.026136362925171852
YDR492W,YDR499W,0,2.3205435,0.6682577729225159,0.5303030014038086,0.026325756683945656
YNL307C,YGR222W,0,2.3154776,0.6666666865348816,0.5303030014038086,0.02651515230536461
YPR191W,YOR355W,1,2.3111258,0.6674584150314331,0.5321969985961914,0.02651515230536461
YIL006W,YGL259W,0,2.310039,0.6658768057823181,0.5321969985961914,0.026704546064138412
YMR319C,YDR494W,0,2.306079,0.6643025875091553,0.5321969985961914,0.026893939822912216
YOL054W,YLR348C,0,2.3035526,0.6627358198165894,0.5321969985961914,0.02708333358168602
YOR126C,YIR039C,0,2.300947,0.6611764430999756,0.5321969985961914,0.027272727340459824
YBR261C,YDR472W,0,2.2999701,0.6596243977546692,0.5321969985961914,0.027462121099233627
YKL182W,YKL096W-A,0,2.2978978,0.6580796241760254,0.5321969985961914,0.02765151485800743
YNL052W,YOR355W,1,2.2899618,0.65887850522995,0.5340909361839294,0.02765151485800743
YNL070W,YGR255C,0,2.2816207,0.6573426723480225,0.5340909361839294,0.027840908616781235
YNL070W,YJR103W,0,2.2773066,0.6558139324188232,0.5340909361839294,0.02803030237555504
YJR149W,YBR230C,0,2.2767665,0.6542923450469971,0.5340909361839294,0.028219696134328842
YPR026W,YJR034W,0,2.2763734,0.6527777910232544,0.5340909361839294,0.028409091755747795
YLR312W-A,YPR001W,1,2.2762027,0.6535796523094177,0.5359848737716675,0.028409091755747795
YLR103C,YCR087C-A,0,2.2717671,0.6520737409591675,0.5359848737716675,0.0285984855145216
YMR089C,YPR006C,0,2.2681532,0.6505746841430664,0.5359848737716675,0.028787879273295403
YKL053C-A,YDL045C,0,2.252041,0.6490825414657593,0.5359848737716675,0.028977273032069206
YOR297C,YKL085W,1,2.2501261,0.6498855948448181,0.5378788113594055,0.028977273032069206
YEL052W,YJR147W,0,2.2468417,0.6484017968177795,0.5378788113594055,0.02916666679084301
YGL068W,YLR028C,1,2.2449975,0.6492027044296265,0.5397727489471436,0.02916666679084301
YPR083W,YKL124W,0,2.2363873,0.6477272510528564,0.5397727489471436,0.029356060549616814
YLR157C,YOR294W,0,2.2323267,0.646258533000946,0.5397727489471436,0.029545454308390617
YDR131C,YLR394W,0,2.2282352,0.6447963714599609,0.5397727489471436,0.02973484806716442
YGL068W,YKR006C,1,2.227006,0.6455981731414795,0.5416666865348816,0.02973484806716442
YNL281W,YDR218C,0,2.2264736,0.6441441178321838,0.5416666865348816,0.029924241825938225
YOR297C,YBR026C,1,2.2208784,0.6449438333511353,0.5435606241226196,0.029924241825938225
YER098W,YER017C,0,2.2131095,0.6434977650642395,0.5435606241226196,0.03011363558471203
YFL014W,YOR230W,0,2.197642,0.6420581936836243,0.5435606241226196,0.03030303120613098
YPL110C,YPR149W,0,2.1955118,0.640625,0.5435606241226196,0.030492424964904785
YBR072W,YGL216W,0,2.1949818,0.6391982436180115,0.5435606241226196,0.03068181872367859
YKL085W,YBR026C,1,2.1892338,0.6399999856948853,0.5454545617103577,0.03068181872367859
YLR389C,YOR085W,0,2.1832724,0.6385809183120728,0.5454545617103577,0.030871212482452393
YBR026C,YLR164W,1,2.177672,0.6393805146217346,0.5473484992980957,0.030871212482452393
YPL119C,YNL335W,0,2.1725113,0.6379690766334534,0.5473484992980957,0.031060606241226196
YLL041C,YOR297C,1,2.1575236,0.6387665271759033,0.5492424368858337,0.031060606241226196
YPR072W,YAL024C,0,2.1563277,0.6373626589775085,0.5492424368858337,0.03125
YOR382W,YMR250W,0,2.152573,0.6359649300575256,0.5492424368858337,0.031439393758773804
YAL017W,YMR136W,0,2.151005,0.6345732808113098,0.5492424368858337,0.03162878751754761
YCL057W,YNL208W,0,2.1483877,0.6331877708435059,0.5492424368858337,0.03181818127632141
YPR162C,YML056C,0,2.1478841,0.6318082809448242,0.5492424368858337,0.032007575035095215
YER087W,YLR386W,0,2.1448846,0.6304348111152649,0.5492424368858337,0.03219696879386902
YLR244C,YOR084W,0,2.1391237,0.6290672421455383,0.5492424368858337,0.03238636255264282
YPR080W,YLR344W,0,2.1330981,0.6277056336402893,0.5492424368858337,0.032575756311416626
YMR008C,YML052W,0,2.1310444,0.6263498663902283,0.5492424368858337,0.03276515007019043
YDR079W,YKR006C,1,2.131038,0.6271551847457886,0.5511363744735718,0.03276515007019043
YLR080W,YMR200W,0,2.1294136,0.625806450843811,0.5511363744735718,0.03295454382896423
YPR006C,YCR012W,0,2.1281419,0.6244634985923767,0.5511363744735718,0.03314393758773804
YHR175W,YGR143W,0,2.1252327,0.6231263279914856,0.5511363744735718,0.03333333507180214
YKR057W,YMR143W,0,2.1236937,0.6217948794364929,0.5511363744735718,0.03352272883057594
YCL018W,YDL045W-A,0,2.123176,0.6204690933227539,0.5511363744735718,0.03371212258934975
YAL063C,YBL011W,0,2.116692,0.6191489100456238,0.5511363744735718,0.03390151634812355
YOR142W,YOR355W,1,2.1162136,0.6199575662612915,0.5530303120613098,0.03390151634812355
YNR018W,YKL096W-A,0,2.112286,0.6186440587043762,0.5530303120613098,0.034090910106897354
YBR072W,YDR508C,0,2.1117897,0.6173361539840698,0.5530303120613098,0.03428030386567116
YDR423C,YCR046C,0,2.1036081,0.6160337328910828,0.5530303120613098,0.03446969762444496
YIL094C,YKL180W,0,2.100246,0.6147368550300598,0.5530303120613098,0.034659091383218765
YDL024C,YNL092W,0,2.0971763,0.6134454011917114,0.5530303120613098,0.03484848514199257
YPL223C,YML028W,0,2.0896316,0.6121593117713928,0.5530303120613098,0.03503787890076637
YKL182W,YKL003C,0,2.088767,0.6108786463737488,0.5530303120613098,0.035227272659540176
YOL129W,YOR084W,0,2.0871372,0.6096033453941345,0.5530303120613098,0.03541666641831398
YOR084W,YOL151W,0,2.086131,0.6083333492279053,0.5530303120613098,0.035606060177087784
YOR142W,YLR164W,1,2.0853188,0.6091476082801819,0.5549242496490479,0.035606060177087784
YDL198C,YMR210W,0,2.081798,0.6078838109970093,0.5549242496490479,0.03579545393586159
YDR059C,YMR238W,0,2.0811121,0.6066252589225769,0.5549242496490479,0.03598484769463539
YDR131C,YAR031W,0,2.0735943,0.60537189245224,0.5549242496490479,0.036174241453409195
YMR193W,YKL064W,0,2.0705895,0.6041237115859985,0.5549242496490479,0.036363635212183
YOL136C,YEL056W,0,2.0684893,0.6028806567192078,0.5549242496490479,0.0365530289709568
YIL143C,YGL183C,0,2.0677826,0.6016427278518677,0.5549242496490479,0.036742422729730606
YEL052W,YDR090C,0,2.0668774,0.6004098653793335,0.5549242496490479,0.03693181648850441
YDL179W,YNL297C,0,2.0649896,0.5991820096969604,0.5549242496490479,0.03712121397256851
YLR157C,YOL052C,0,2.064291,0.5979591608047485,0.5549242496490479,0.037310607731342316
YBR294W,YDL024C,0,2.0635061,0.5967413187026978,0.5549242496490479,0.03750000149011612
YPL147W,YLL040C,0,2.0571613,0.5955284833908081,0.5549242496490479,0.03768939524888992
YJL171C,YKL096W-A,0,2.05458,0.5943204760551453,0.5549242496490479,0.03787878900766373
YER175C,YDR403W,0,2.0517719,0.5931174159049988,0.5549242496490479,0.03806818276643753
YMR315W,YFR018C,0,2.051693,0.5919191837310791,0.5549242496490479,0.038257576525211334
YPL274W,YNR035C,0,2.050962,0.5907257795333862,0.5549242496490479,0.03844697028398514
YER101C,YDR306C,0,2.0502028,0.5895372033119202,0.5549242496490479,0.03863636404275894
YMR038C,YML056C,0,2.0499399,0.5883533954620361,0.5549242496490479,0.038825757801532745
YBR096W,YOL151W,0,2.043523,0.5871743559837341,0.5549242496490479,0.03901515156030655
YJL124C,YJL085W,0,2.0314436,0.5860000252723694,0.5549242496490479,0.03920454531908035
YGR185C,YIL133C,0,2.0296757,0.5848303437232971,0.5549242496490479,0.039393939077854156
YDR530C,YLL019C,0,2.0275612,0.5836653113365173,0.5549242496490479,0.03958333283662796
YLR394W,YOR285W,0,2.024087,0.5825049877166748,0.5549242496490479,0.039772726595401764
YDR306C,YMR087W,0,2.0231695,0.5813491940498352,0.5549242496490479,0.03996212035417557
YLR353W,YFR019W,0,2.0224729,0.5801980495452881,0.5549242496490479,0.04015151411294937
YMR032W,YDR404C,0,2.0209522,0.5790513753890991,0.5549242496490479,0.040340907871723175
YBR238C,YOR355W,1,2.020462,0.5798816680908203,0.5568181872367859,0.040340907871723175
YHR047C,YGL037C,0,2.0137644,0.5787401795387268,0.5568181872367859,0.04053030163049698
YDR146C,YPL112C,0,2.012871,0.5776031613349915,0.5568181872367859,0.04071969538927078
YGL236C,YMR180C,0,2.0106845,0.5764706134796143,0.5568181872367859,0.040909089148044586
YER098W,YNL073W,0,2.0073357,0.5753424763679504,0.5568181872367859,0.04109848663210869
YNL026W,YMR272C,0,2.0035477,0.57421875,0.5568181872367859,0.04128788039088249
YGR268C,YML052W,0,1.9987657,0.5730994343757629,0.5568181872367859,0.041477274149656296
YLR394W,YIL047C,0,1.9958279,0.5719844102859497,0.5568181872367859,0.0416666679084301
YOL082W,YNL192W,0,1.9911146,0.5708737969398499,0.5568181872367859,0.0418560616672039
YBR006W,YJL214W,0,1.9905732,0.569767415523529,0.5568181872367859,0.04204545542597771
YHR041C,YHR057C,0,1.9895897,0.5686653852462769,0.5568181872367859,0.04223484918475151
YNL281W,YLR348C,0,1.9849021,0.5675675868988037,0.5568181872367859,0.042424242943525314
YKR057W,YOR187W,0,1.9790071,0.5664739608764648,0.5568181872367859,0.04261363670229912
YBR067C,YNL335W,0,1.9679861,0.5653846263885498,0.5568181872367859,0.04280303046107292
YER185W,YFL014W,0,1.9657493,0.5642994046211243,0.5568181872367859,0.042992424219846725
YMR078C,YDR497C,0,1.9613557,0.5632184147834778,0.5568181872367859,0.04318181797862053
YMR315W,YMR228W,0,1.9594859,0.562141478061676,0.5568181872367859,0.04337121173739433
YLR009W,YOR377W,0,1.9556975,0.5610687136650085,0.5568181872367859,0.04356060549616814
YDR405W,YER104W,0,1.9550841,0.5600000023841858,0.5568181872367859,0.04374999925494194
YER013W,YBR150C,0,1.9533365,0.5589353442192078,0.5568181872367859,0.043939393013715744
YPL150W,YOR285W,0,1.9524848,0.5578747391700745,0.5568181872367859,0.04412878677248955
YBR276C,YPL093W,0,1.9524372,0.5568181872367859,0.5568181872367859,0.04431818053126335
YBR006W,YHR132C,0,1.9475327,0.5557655692100525,0.5568181872367859,0.044507574290037155
YOR297C,YJL103C,1,1.9426516,0.5566037893295288,0.5587121248245239,0.044507574290037155
YNL271C,YDR285W,0,1.9386024,0.5555555820465088,0.5587121248245239,0.04469696804881096
YML032C,YPR160W,0,1.9305234,0.5545112490653992,0.5587121248245239,0.04488636180758476
YER185W,YJR149W,0,1.9299248,0.5534709095954895,0.5587121248245239,0.045075759291648865
YNR003C,YGR185C,0,1.9279708,0.5524344444274902,0.5587121248245239,0.04526515305042267
YGR221C,YNL102W,0,1.9169998,0.5514018535614014,0.5587121248245239,0.04545454680919647
YBR230C,YNL307C,0,1.9129469,0.5503731369972229,0.5587121248245239,0.045643940567970276
YNL117W,YMR267W,1,1.9082544,0.5512104034423828,0.560606062412262,0.045643940567970276
YJR151C,YGR238C,0,1.9039983,0.5501858592033386,0.560606062412262,0.04583333432674408
YKL093W,YDL078C,1,1.8974992,0.5510203838348389,0.5625,0.04583333432674408
YGL162W,YMR300C,0,1.8921453,0.550000011920929,0.5625,0.04602272808551788
YER154W,YDL197C,0,1.8904943,0.5489833354949951,0.5625,0.04621212184429169
YMR186W,YBR192W,0,1.8884431,0.5479704737663269,0.5625,0.04640151560306549
YJL155C,YDL171C,0,1.8833019,0.5469613075256348,0.5625,0.046590909361839294
YPL259C,YMR186W,0,1.8815053,0.5459558963775635,0.5625,0.0467803031206131
YLR203C,YDL128W,0,1.8777306,0.5449541211128235,0.5625,0.0469696968793869
YAL038W,YPL082C,0,1.8768392,0.5439560413360596,0.5625,0.047159090638160706
YOL101C,YOR085W,0,1.8712497,0.542961597442627,0.5625,0.04734848439693451
YNL006W,YAR035W,0,1.8675041,0.5419707894325256,0.5625,0.04753787815570831
YLR187W,YHR156C,0,1.8652493,0.5409836173057556,0.5625,0.04772727191448212
YAL063C,YJL213W,0,1.8637112,0.5400000214576721,0.5625,0.04791666567325592
YMR046C,YBR145W,0,1.8610516,0.5390199422836304,0.5625,0.048106059432029724
YNL178W,YNR057C,0,1.8577211,0.5380434989929199,0.5625,0.04829545319080353
YNL073W,YDL202W,0,1.8576871,0.5370705127716064,0.5625,0.04848484694957733
YBR275C,YKL165C,0,1.8572241,0.5361011028289795,0.5625,0.048674240708351135
YDL097C,YIL042C,0,1.8553534,0.5351351499557495,0.5625,0.04886363819241524
YML058W-A,YLR153C,0,1.852159,0.5341726541519165,0.5625,0.04905303195118904
YLR312W-A,YDL078C,1,1.8455508,0.53500896692276,0.564393937587738,0.04905303195118904
YCL025C,YJR103W,0,1.8435407,0.5340501666069031,0.564393937587738,0.049242425709962845
YER175C,YDR072C,0,1.8404756,0.5330948233604431,0.564393937587738,0.04943181946873665
YJR138W,YLR295C,0,1.8390962,0.5321428775787354,0.564393937587738,0.04962121322751045
YMR078C,YNL078W,0,1.8345072,0.531194269657135,0.564393937587738,0.049810606986284256
YBR067C,YLR160C,0,1.8286341,0.5302491188049316,0.564393937587738,0.05000000074505806
YER185W,YJR028W,0,1.8283944,0.5293073058128357,0.564393937587738,0.05018939450383186
YOR378W,YPR006C,0,1.8277082,0.5283687710762024,0.564393937587738,0.05037878826260567
YHR175W,YGL233W,0,1.8238983,0.5274336338043213,0.564393937587738,0.05056818202137947
YOR237W,YGR216C,0,1.8236799,0.5265017747879028,0.564393937587738,0.050757575780153275
YNL274C,YEL056W,0,1.8199369,0.525573194026947,0.564393937587738,0.05094696953892708
YAL016W,YLR209C,0,1.8193985,0.5246478915214539,0.564393937587738,0.05113636329770088
YDL197C,YLR353W,0,1.8192453,0.5237258076667786,0.564393937587738,0.051325757056474686
YIL006W,YNL006W,0,1.8158345,0.5228070020675659,0.564393937587738,0.05151515081524849
YOL111C,YOR008C,0,1.8106507,0.5218914151191711,0.564393937587738,0.05170454457402229
YGR281W,YGL220W,0,1.8091555,0.5209790468215942,0.564393937587738,0.0518939383327961
YNL026W,YJR133W,0,1.8065976,0.5200698375701904,0.564393937587738,0.0520833320915699
YPR127W,YFL013C,0,1.802926,0.5191637873649597,0.564393937587738,0.052272725850343704
YNL283C,YFL054C,0,1.8021091,0.5182608962059021,0.564393937587738,0.05246211960911751
YJR010W,YEL040W,0,1.8013699,0.5173611044883728,0.564393937587738,0.05265151336789131
YCR011C,YPL027W,0,1.7975733,0.5164644718170166,0.564393937587738,0.052840910851955414
YPR001W,YMR267W,1,1.7974081,0.5173010230064392,0.5662878751754761,0.052840910851955414
YPR001W,YKR006C,1,1.795953,0.5181347131729126,0.5681818127632141,0.052840910851955414
YDR497C,YLR151C,0,1.7939938,0.517241358757019,0.5681818127632141,0.05303030461072922
YNL010W,YMR321C,0,1.7869775,0.5163511037826538,0.5681818127632141,0.05321969836950302
YMR087W,YDR195W,0,1.7831365,0.5154638886451721,0.5681818127632141,0.053409092128276825
YDL179W,YLR404W,0,1.7831235,0.5145797729492188,0.5681818127632141,0.05359848588705063
YJL034W,YGR282C,0,1.778871,0.5136986374855042,0.5681818127632141,0.05378787964582443
YPR113W,YNL122C,0,1.7739561,0.5128205418586731,0.5681818127632141,0.053977273404598236
YJR034W,YPL096W,0,1.7720617,0.511945366859436,0.5681818127632141,0.05416666716337204
YJL087C,YLL045C,0,1.7714418,0.5110732316970825,0.5681818127632141,0.054356060922145844
YML071C,YJL171C,0,1.7697908,0.5102040767669678,0.5681818127632141,0.05454545468091965
YOR317W,YGL256W,0,1.7682587,0.509337842464447,0.5681818127632141,0.05473484843969345
YMR013C,YLR291C,0,1.7577662,0.508474588394165,0.5681818127632141,0.054924242198467255
YOR226C,YDR281C,0,1.7538451,0.5076141953468323,0.5681818127632141,0.05511363595724106
YBR195C,YBL068W,0,1.7516961,0.5067567825317383,0.5681818127632141,0.05530302971601486
YOR099W,YOL101C,0,1.7438347,0.5059021711349487,0.5681818127632141,0.055492423474788666
YIL143C,YER150W,0,1.7433586,0.5050504803657532,0.5681818127632141,0.05568181723356247
YGR010W,YDR337W,0,1.7416612,0.5042017102241516,0.5681818127632141,0.05587121099233627
YGR180C,YDL111C,0,1.7377496,0.5033556818962097,0.5681818127632141,0.05606060475111008
YPL104W,YDR229W,0,1.73547,0.5025125741958618,0.5681818127632141,0.05624999850988388
YDL197C,YBR271W,0,1.7345217,0.5016722679138184,0.5681818127632141,0.056439392268657684
YMR179W,YJR130C,0,1.7338263,0.5008347034454346,0.5681818127632141,0.05662878602743149
YLR270W,YIL076W,0,1.732286,0.5,0.5681818127632141,0.05681818351149559
YKL161C,YOR349W,0,1.7289565,0.4991680383682251,0.5681818127632141,0.057007577270269394
YPL122C,YCR087C-A,0,1.7284219,0.49833887815475464,0.5681818127632141,0.0571969710290432
YLR395C,YOR355W,1,1.7282954,0.49917080998420715,0.5700757503509521,0.0571969710290432
YGR032W,YOR285W,0,1.7278898,0.498344361782074,0.5700757503509521,0.057386364787817
YDR369C,YIR039C,0,1.7267305,0.49752065539360046,0.5700757503509521,0.057575758546590805
YIL088C,YDL015C,0,1.7192497,0.49669966101646423,0.5700757503509521,0.05776515230536461
YHR047C,YDR173C,0,1.7178507,0.4958813786506653,0.5700757503509521,0.05795454606413841
YER103W,YFL048C,0,1.7166622,0.4950657784938812,0.5700757503509521,0.058143939822912216
YOR317W,YKL094W,0,1.7150807,0.49425286054611206,0.5700757503509521,0.05833333358168602
YPR127W,YBL089W,0,1.7114755,0.4934426248073578,0.5700757503509521,0.058522727340459824
YER098W,YFL054C,0,1.7080774,0.49263501167297363,0.5700757503509521,0.05871212109923363
YMR090W,YBR192W,0,1.7064044,0.491830050945282,0.5700757503509521,0.05890151485800743
YJL004C,YER104W,0,1.7033477,0.49102774262428284,0.5700757503509521,0.059090908616781235
YPL110C,YBR128C,0,1.7033424,0.4902280271053314,0.5700757503509521,0.05928030237555504
YGL172W,YLR285W,0,1.699023,0.48943090438842773,0.5700757503509521,0.05946969613432884
YGL037C,YEL041W,0,1.6977952,0.4886363744735718,0.5700757503509521,0.059659089893102646
YAL063C,YDR222W,0,1.6967925,0.48784440755844116,0.5700757503509521,0.05984848365187645
YLR395C,YLR164W,1,1.6931167,0.4886731505393982,0.5719696879386902,0.05984848365187645
YKL168C,YLR163C,0,1.6930103,0.48788368701934814,0.5719696879386902,0.06003787741065025
YOR071C,YHR077C,0,1.6911165,0.48709678649902344,0.5719696879386902,0.06022727116942406
YPR194C,YEL040W,0,1.6806825,0.4863123893737793,0.5719696879386902,0.06041666492819786
YDR415C,YCL057W,0,1.6806396,0.4855305552482605,0.5719696879386902,0.06060606241226196
YPR113W,YCR057C,0,1.6790704,0.4847511947154999,0.5719696879386902,0.06079545617103577
YMR315W,YLR153C,0,1.6782032,0.4839743673801422,0.5719696879386902,0.06098484992980957
YGL209W,YJL081C,0,1.677086,0.4832000136375427,0.5719696879386902,0.061174243688583374
YER014C-A,YML080W,0,1.6714671,0.48242810368537903,0.5719696879386902,0.06136363744735718
YDL142C,YCL025C,0,1.6694653,0.4816586971282959,0.5719696879386902,0.06155303120613098
YDL128W,YDL039C,0,1.6642148,0.48089173436164856,0.5719696879386902,0.061742424964904785
YMR114C,YKR101W,0,1.6616008,0.4801271855831146,0.5719696879386902,0.06193181872367859
YKL093W,YMR267W,1,1.6599895,0.4809523820877075,0.5738636255264282,0.06193181872367859
YLR244C,YLR160C,0,1.6586673,0.4801901876926422,0.5738636255264282,0.06212121248245239
YOR388C,YCR093W,0,1.654805,0.4794303774833679,0.5738636255264282,0.062310606241226196
YDL045W-A,YFL021W,0,1.6524365,0.47867298126220703,0.5738636255264282,0.0625
YPR026W,YAL063C,0,1.651818,0.47791796922683716,0.5738636255264282,0.0626893937587738
YKL093W,YLR164W,1,1.6508181,0.4787401556968689,0.5757575631141663,0.0626893937587738
YKL061W,YOR187W,0,1.644635,0.4779874086380005,0.5757575631141663,0.06287878751754761
YLR270W,YDR218C,0,1.6438637,0.4772370457649231,0.5757575631141663,0.06306818127632141
YDL061C,YNR072W,0,1.6410322,0.47648903727531433,0.5757575631141663,0.06325757503509521
YNR057C,YDL040C,0,1.6406689,0.4757433533668518,0.5757575631141663,0.06344696879386902
YPR162C,YGL256W,0,1.6406107,0.4749999940395355,0.5757575631141663,0.06363636255264282
YAR035W,YJR130C,0,1.6401948,0.4742589592933655,0.5757575631141663,0.06382575631141663
YJR151C,YDL198C,0,1.6383626,0.4735202491283417,0.5757575631141663,0.06401515007019043
YJL034W,YNR021W,0,1.6368318,0.4727838337421417,0.5757575631141663,0.06420454382896423
YHR047C,YBR096W,0,1.636644,0.47204968333244324,0.5757575631141663,0.06439393758773804
YLL041C,YOR355W,1,1.635189,0.4728682041168213,0.5776515007019043,0.06439393758773804
YOR283W,YDL021W,0,1.6343632,0.4721362292766571,0.5776515007019043,0.06458333134651184
YGL169W,YBR238C,1,1.6343148,0.47295209765434265,0.5795454382896423,0.06458333134651184
YDR263C,YEL022W,0,1.6320647,0.4722222089767456,0.5795454382896423,0.06477272510528564
YPR194C,YHR077C,0,1.6285944,0.4714946150779724,0.5795454382896423,0.06496211886405945
YHR029C,YGR052W,0,1.6232985,0.4707692265510559,0.5795454382896423,0.06515151262283325
YJL171C,YFR052W,0,1.622214,0.4700460731983185,0.5795454382896423,0.06534090638160706
YNL302C,YJR034W,0,1.6215092,0.46932515501976013,0.5795454382896423,0.06553030014038086
YKL117W,YGR032W,0,1.6214805,0.46860644221305847,0.5795454382896423,0.06571969389915466
YER171W,YBR072W,0,1.621228,0.4678899049758911,0.5795454382896423,0.06590908765792847
YLR028C,YPL183W-A,1,1.620463,0.4687022864818573,0.5814393758773804,0.06590908765792847
YHR175W,YDR373W,0,1.6191888,0.4679878056049347,0.5814393758773804,0.06609848141670227
YLR389C,YPL093W,0,1.6144714,0.4672755002975464,0.5814393758773804,0.06628787517547607
YPL113C,YMR250W,0,1.6143963,0.46656534075737,0.5814393758773804,0.06647727638483047
YGR177C,YGL060W,0,1.6125792,0.4658573567867279,0.5814393758773804,0.06666667014360428
YHR214C-B,YPR149W,0,1.6121825,0.46515151858329773,0.5814393758773804,0.06685606390237808
YCR026C,YMR099C,0,1.6085718,0.4644477963447571,0.5814393758773804,0.06704545766115189
YDL246C,YJR010W,0,1.6061891,0.46374621987342834,0.5814393758773804,0.06723485141992569
YNL202W,YOR353C,0,1.6051762,0.46304675936698914,0.5814393758773804,0.0674242451786995
YMR020W,YPR006C,0,1.602657,0.46234938502311707,0.5814393758773804,0.0676136389374733
YPL240C,YJL214W,0,1.5992464,0.4616541266441345,0.5814393758773804,0.0678030326962471
YPL098C,YOR008C,0,1.5977494,0.4609609544277191,0.5814393758773804,0.0679924264550209
YKL041W,YER002W,0,1.5974851,0.46026986837387085,0.5814393758773804,0.06818182021379471
YGR089W,YDL148C,0,1.5961767,0.45958083868026733,0.5814393758773804,0.06837121397256851
YLR386W,YMR090W,0,1.5959607,0.45889386534690857,0.5814393758773804,0.06856060773134232
YJL066C,YLR203C,0,1.5944287,0.45820894837379456,0.5814393758773804,0.06875000149011612
YMR090W,YER130C,0,1.594371,0.4575260877609253,0.5814393758773804,0.06893939524888992
YIL088C,YPR127W,0,1.5938029,0.456845223903656,0.5814393758773804,0.06912878900766373
YBR238C,YBR243C,1,1.5928293,0.4576523005962372,0.5833333134651184,0.06912878900766373
YPR011C,YER098W,0,1.5921931,0.45697328448295593,0.5833333134651184,0.06931818276643753
YHR005C-A,YNL138W,0,1.5894885,0.45629629492759705,0.5833333134651184,0.06950757652521133
YOR230W,YMR099C,0,1.5863633,0.45562130212783813,0.5833333134651184,0.06969697028398514
YDR131C,YFL010W-A,0,1.5842077,0.4549483060836792,0.5833333134651184,0.06988636404275894
YMR315W,YKR066C,0,1.5789906,0.45427727699279785,0.5833333134651184,0.07007575780153275
YLR047C,YGR239C,0,1.5771568,0.4536082446575165,0.5833333134651184,0.07026515156030655
YPL099C,YHR109W,0,1.5734698,0.4529411792755127,0.5833333134651184,0.07045454531908035
YLR395C,YLR028C,1,1.5717723,0.453744500875473,0.5852272510528564,0.07045454531908035
YHR056C,YIR011C,0,1.571518,0.4530791640281677,0.5852272510528564,0.07064393907785416
YDR079W,YOR355W,1,1.5671194,0.4538799524307251,0.5871211886405945,0.07064393907785416
YDR296W,YNL084C,0,1.5662484,0.4532163739204407,0.5871211886405945,0.07083333283662796
YOR089C,YFR052W,0,1.5659311,0.45255473256111145,0.5871211886405945,0.07102272659540176
YKL217W,YIL046W,0,1.5656562,0.4518950581550598,0.5871211886405945,0.07121212035417557
YHR029C,YBR037C,0,1.5654465,0.4512372612953186,0.5871211886405945,0.07140151411294937
YML030W,YMR114C,0,1.5637895,0.4505814015865326,0.5871211886405945,0.07159090787172318
YLR160C,YJR034W,0,1.5605177,0.449927419424057,0.5871211886405945,0.07178030163049698
YLR197W,YKL201C,0,1.5596727,0.4492753744125366,0.5871211886405945,0.07196969538927078
YNL172W,YNR002C,0,1.5575618,0.4486251771450043,0.5871211886405945,0.07215908914804459
YJL006C,YJL149W,0,1.5570328,0.44797688722610474,0.5871211886405945,0.07234848290681839
YMR295C,YDR109C,0,1.5568783,0.44733044505119324,0.5871211886405945,0.0725378766655922
YMR315W,YPL064C,0,1.5567086,0.44668588042259216,0.5871211886405945,0.072727270424366
YLR390W,YOR219C,0,1.5557673,0.4460431635379791,0.5871211886405945,0.0729166641831398
YMR090W,YOR299W,0,1.5515512,0.4454022943973541,0.5871211886405945,0.0731060579419136
YMR160W,YPL096W,0,1.5506543,0.44476327300071716,0.5871211886405945,0.07329545170068741
YKR066C,YKR002W,0,1.544638,0.44412606954574585,0.5871211886405945,0.07348484545946121
YKL009W,YOL158C,0,1.5410928,0.4434907138347626,0.5871211886405945,0.07367423921823502
YBR223C,YPL113C,0,1.5395877,0.44285714626312256,0.5871211886405945,0.07386363297700882
YJR151C,YBR072W,0,1.5378492,0.4422253966331482,0.5871211886405945,0.07405302673578262
YDL198C,YNR002C,0,1.5377507,0.4415954351425171,0.5871211886405945,0.07424242794513702
YER014C-A,YKL144C,0,1.5346522,0.44096729159355164,0.5871211886405945,0.07443182170391083
YBR125C,YJL206C,0,1.5335348,0.44034090638160706,0.5871211886405945,0.07462121546268463
YMR300C,YLL012W,0,1.5329646,0.43971630930900574,0.5871211886405945,0.07481060922145844
YLR289W,YKL022C,0,1.5282648,0.4390934705734253,0.5871211886405945,0.07500000298023224
YMR019W,YFL014W,0,1.5276093,0.4384724199771881,0.5871211886405945,0.07518939673900604
YNR021W,YIL021W,0,1.5203855,0.4378530979156494,0.5871211886405945,0.07537879049777985
YJL200C,YBR238C,1,1.5129197,0.43864598870277405,0.5890151262283325,0.07537879049777985
YGL237C,YOR232W,0,1.5101748,0.43802815675735474,0.5890151262283325,0.07556818425655365
YDR476C,YIL076W,0,1.5092856,0.4374120831489563,0.5890151262283325,0.07575757801532745
YJL172W,YLR163C,0,1.5088038,0.43679773807525635,0.5890151262283325,0.07594697177410126
YDL021W,YER046W,0,1.5086904,0.4361851215362549,0.5890151262283325,0.07613636553287506
YIL021W,YAL024C,0,1.5079069,0.4355742335319519,0.5890151262283325,0.07632575929164886
YKL020C,YOL151W,0,1.5061758,0.434965044260025,0.5890151262283325,0.07651515305042267
YKL201C,YML109W,0,1.505829,0.43435755372047424,0.5890151262283325,0.07670454680919647
YDR196C,YAL039C,0,1.5057139,0.4337517321109772,0.5890151262283325,0.07689394056797028
YPL127C,YOR275C,0,1.5037612,0.4331476390361786,0.5890151262283325,0.07708333432674408
YIL002C,YDR196C,0,1.5031385,0.4325452148914337,0.5890151262283325,0.07727272808551788
YDR030C,YKR035W-A,0,1.5009177,0.43194442987442017,0.5890151262283325,0.07746212184429169
YER014C-A,YJR133W,0,1.4992269,0.4313453435897827,0.5890151262283325,0.07765151560306549
YCL024W,YKL038W,0,1.4935201,0.430747926235199,0.5890151262283325,0.0778409093618393
YER050C,YLR160C,0,1.4914597,0.43015214800834656,0.5890151262283325,0.0780303031206131
YDR415C,YER090W,0,1.4829267,0.42955800890922546,0.5890151262283325,0.0782196968793869
YPL252C,YOR382W,0,1.4804248,0.4289655089378357,0.5890151262283325,0.0784090906381607
YLR028C,YLR164W,1,1.4763763,0.42975205183029175,0.5909090638160706,0.0784090906381607
YPL150W,YAR027W,0,1.4745711,0.4291609227657318,0.5909090638160706,0.07859848439693451
YDR304C,YGR214W,0,1.4705684,0.4285714328289032,0.5909090638160706,0.07878787815570831
YOL158C,YER104W,0,1.4696935,0.4279835522174835,0.5909090638160706,0.07897727191448212
YKR056W,YOL111C,0,1.4686489,0.4273972511291504,0.5909090638160706,0.07916666567325592
YIL108W,YNR018W,0,1.4663728,0.4268125891685486,0.5909090638160706,0.07935605943202972
YLR020C,YMR246W,0,1.4656276,0.4262295067310333,0.5909090638160706,0.07954545319080353
YOR382W,YBR061C,0,1.4641968,0.425648033618927,0.5909090638160706,0.07973484694957733
YJL166W,YOR355W,1,1.4641147,0.42643052339553833,0.5928030014038086,0.07973484694957733
YER162C,YIL080W,0,1.4640265,0.4258503317832947,0.5928030014038086,0.07992424070835114
YGL062W,YIL170W,0,1.4630759,0.42527174949645996,0.5928030014038086,0.08011363446712494
YOR274W,YLR394W,0,1.4586684,0.4246947169303894,0.5928030014038086,0.08030302822589874
YOR317W,YGR027C,0,1.4575996,0.424119234085083,0.5928030014038086,0.08049242198467255
YDR229W,YFR019W,0,1.4569956,0.42354533076286316,0.5928030014038086,0.08068181574344635
YFL010W-A,YMR250W,0,1.4562197,0.42297297716140747,0.5928030014038086,0.08087120950222015
YER150W,YGR012W,0,1.455981,0.42240217328071594,0.5928030014038086,0.08106060326099396
YDL078C,YLR164W,1,1.453573,0.42318058013916016,0.5946969985961914,0.08106060326099396
YPL127C,YJL081C,0,1.450367,0.4226110279560089,0.5946969985961914,0.08124999701976776
YML049C,YBR230C,0,1.4488848,0.4220430254936218,0.5946969985961914,0.08143939077854156
YDR429C,YOL111C,0,1.448738,0.4214765131473541,0.5946969985961914,0.08162878453731537
YKL041W,YPL276W,0,1.4458761,0.4209115207195282,0.5946969985961914,0.08181817829608917
YLR447C,YCR046C,0,1.4439553,0.42034804821014404,0.5946969985961914,0.08200757205486298
YER165W,YAL031C,0,1.4422197,0.41978609561920166,0.5946969985961914,0.08219697326421738
YGL209W,YDR072C,0,1.4418533,0.41922563314437866,0.5946969985961914,0.08238636702299118
YOR084W,YOL062C,0,1.4402975,0.41866666078567505,0.5946969985961914,0.08257576078176498
YMR194W,YGR246C,0,1.4393295,0.4181091785430908,0.5946969985961914,0.08276515454053879
YBL091C-A,YJL024C,0,1.4392195,0.417553186416626,0.5946969985961914,0.08295454829931259
YJL005W,YEL043W,0,1.4376558,0.4169986844062805,0.5946969985961914,0.0831439420580864
YHR056C,YBL112C,0,1.436723,0.41644561290740967,0.5946969985961914,0.0833333358168602
YDR405W,YEL043W,0,1.4359257,0.4158940315246582,0.5946969985961914,0.083522729575634
YNR044W,YDL083C,0,1.4327831,0.41534391045570374,0.5946969985961914,0.0837121233344078
YPR111W,YMR304W,0,1.43238,0.41479524970054626,0.5946969985961914,0.08390151709318161
YOR297C,YPR001W,1,1.4312544,0.4155672788619995,0.5965909361839294,0.08390151709318161
YOL082W,YCL057W,0,1.4297243,0.4150197505950928,0.5965909361839294,0.08409091085195541
YOR291W,YDR353W,0,1.4281037,0.41447368264198303,0.5965909361839294,0.08428030461072922
YKL189W,YLR050C,0,1.4274826,0.4139290452003479,0.5965909361839294,0.08446969836950302
YOR074C,YOR304C-A,0,1.4262464,0.4133858382701874,0.5965909361839294,0.08465909212827682
YPR204W,YOR304W,0,1.424439,0.4128440320491791,0.5965909361839294,0.08484848588705063
YBR150C,YMR172W,0,1.4240053,0.4123036563396454,0.5965909361839294,0.08503787964582443
YDL142C,YER150W,0,1.4231293,0.4117647111415863,0.5965909361839294,0.08522727340459824
YER049W,YBR271W,0,1.4223137,0.41122716665267944,0.5965909361839294,0.08541666716337204
YBR120C,YML052W,0,1.4216251,0.4106909930706024,0.5965909361839294,0.08560606092214584
YDR512C,YPR138C,0,1.4212973,0.41015625,0.5965909361839294,0.08579545468091965
YNL236W,YBR072W,0,1.4212213,0.4096228778362274,0.5965909361839294,0.08598484843969345
YDR378C,YGR179C,0,1.4205698,0.40909090638160706,0.5965909361839294,0.08617424219846725
YLR009W,YGL203C,0,1.4196737,0.40856030583381653,0.5965909361839294,0.08636363595724106
YDR281C,YGL113W,0,1.4187448,0.40803107619285583,0.5965909361839294,0.08655302971601486
YOR299W,YNL092W,0,1.4163674,0.40750324726104736,0.5965909361839294,0.08674242347478867
YBR093C,YDR222W,0,1.416354,0.40697672963142395,0.5965909361839294,0.08693181723356247
YGL094C,YGR225W,0,1.4155102,0.40645161271095276,0.5965909361839294,0.08712121099233627
YOR138C,YBR072W,0,1.4151151,0.405927836894989,0.5965909361839294,0.08731060475111008
YDL133C-A,YMR296C,0,1.4145043,0.4054054021835327,0.5965909361839294,0.08749999850988388
YDR411C,YML058W-A,0,1.4102393,0.40488430857658386,0.5965909361839294,0.08768939226865768
YLR228C,YOR204W,0,1.4098696,0.40436455607414246,0.5965909361839294,0.08787878602743149
YDL029W,YMR295C,0,1.4089861,0.4038461446762085,0.5965909361839294,0.08806817978620529
YOR145C,YKL201C,0,1.4062759,0.403329074382782,0.5965909361839294,0.0882575735449791
YMR046C,YBL098W,0,1.4041878,0.40281328558921814,0.5965909361839294,0.0884469673037529
YKR103W,YMR008C,0,1.4017677,0.40229883790016174,0.5965909361839294,0.0886363610625267
YMR173W,YPL065W,0,1.4000463,0.4017857015132904,0.5965909361839294,0.0888257548213005
YDR229W,YGL233W,0,1.3998234,0.4012738764286041,0.5965909361839294,0.08901514858007431
YER074W,YLR016C,0,1.3997946,0.4007633626461029,0.5965909361839294,0.08920454233884811
YGL010W,YPR160W,0,1.399197,0.40025413036346436,0.5965909361839294,0.08939393609762192
YHR211W,YJR028W,0,1.3980483,0.3997461795806885,0.5965909361839294,0.08958332985639572
YMR019W,YPR002W,0,1.3965803,0.39923954010009766,0.5965909361839294,0.08977272361516953
YNR002C,YOR353C,0,1.3946143,0.3987341821193695,0.5965909361839294,0.08996212482452393
YLR300W,YNR002C,0,1.3925695,0.39823007583618164,0.5965909361839294,0.09015151858329773
YNR017W,YGR246C,0,1.3925139,0.39772728085517883,0.5965909361839294,0.09034091234207153
YLR141W,YOR311C,0,1.3907015,0.3972257375717163,0.5965909361839294,0.09053030610084534
YDR079W,YOR297C,1,1.3898848,0.39798489212989807,0.5984848737716675,0.09053030610084534
YEL012W,YEL043W,0,1.3888288,0.39748427271842957,0.5984848737716675,0.09071969985961914
YKL093W,YOR297C,1,1.3884299,0.39824119210243225,0.6003788113594055,0.09071969985961914
YLR016C,YMR034C,0,1.3870997,0.39774152636528015,0.6003788113594055,0.09090909361839294
YGR084C,YLR301W,0,1.3864596,0.39724311232566833,0.6003788113594055,0.09109848737716675
YGR032W,YKR044W,0,1.386169,0.3967459201812744,0.6003788113594055,0.09128788113594055
YMR238W,YIL140W,0,1.3837852,0.39625000953674316,0.6003788113594055,0.09147727489471436
YGR221C,YDR492W,0,1.3826623,0.3957552909851074,0.6003788113594055,0.09166666865348816
YDR476C,YOR085W,0,1.3812691,0.39526185393333435,0.6003788113594055,0.09185606241226196
YGL083W,YDR429C,0,1.3809732,0.3947696089744568,0.6003788113594055,0.09204545617103577
YDR090C,YPL096W,0,1.380203,0.3942786157131195,0.6003788113594055,0.09223484992980957
YBR006W,YIR025W,0,1.3797467,0.39378881454467773,0.6003788113594055,0.09242424368858337
YMR020W,YGR276C,0,1.3791951,0.39330023527145386,0.6003788113594055,0.09261363744735718
YNL282W,YCR012W,0,1.3776643,0.3928128778934479,0.6003788113594055,0.09280303120613098
YDR461W,YDR353W,0,1.3769159,0.3923267424106598,0.6003788113594055,0.09299242496490479
YLR028C,YHR051W,1,1.3768786,0.39307788014411926,0.6022727489471436,0.09299242496490479
YPL042C,YDL206W,0,1.3761544,0.39259257912635803,0.6022727489471436,0.09318181872367859
YDL029W,YMR228W,0,1.3740752,0.3921085000038147,0.6022727489471436,0.09337121248245239
YDR460W,YER137C,0,1.3734404,0.39162561297416687,0.6022727489471436,0.0935606062412262
YOR382W,YPL188W,0,1.3729126,0.39114391803741455,0.6022727489471436,0.09375
YMR136W,YMR210W,0,1.3725823,0.39066338539123535,0.6022727489471436,0.0939393937587738
YIL108W,YNR072W,0,1.372523,0.39018404483795166,0.6022727489471436,0.09412878751754761
YDR454C,YPL011C,0,1.3681192,0.3897058963775635,0.6022727489471436,0.09431818127632141
YLR228C,YNL006W,0,1.3677902,0.389228880405426,0.6022727489471436,0.09450757503509521
YMR319C,YOR194C,0,1.3665421,0.3887530565261841,0.6022727489471436,0.09469696879386902
YOR304C-A,YDL197C,0,1.3654323,0.38827839493751526,0.6022727489471436,0.09488636255264282
YDR306C,YAL029C,0,1.361568,0.38780486583709717,0.6022727489471436,0.09507575631141663
YBR223C,YKR035W-A,0,1.3608992,0.3873325288295746,0.6022727489471436,0.09526515007019043
YJR004C,YLR401C,0,1.3607146,0.38686132431030273,0.6022727489471436,0.09545454382896423
YKR006C,YLR164W,1,1.3600347,0.38760632276535034,0.6041666865348816,0.09545454382896423
YPR030W,YJL192C,0,1.3581101,0.38713592290878296,0.6041666865348816,0.09564393758773804
YJL087C,YML006C,0,1.3576196,0.3866666555404663,0.6041666865348816,0.09583333134651184
YNL073W,YKL061W,0,1.3570583,0.3861985504627228,0.6041666865348816,0.09602272510528564
YOR299W,YDL040C,0,1.3567548,0.3857315480709076,0.6041666865348816,0.09621211886405945
YGR032W,YDR472W,0,1.3561774,0.3852657079696655,0.6041666865348816,0.09640151262283325
YJR010W,YEL022W,0,1.3552969,0.3848009705543518,0.6041666865348816,0.09659090638160706
YOR187W,YDL047W,0,1.3548107,0.38433733582496643,0.6041666865348816,0.09678030014038086
YKL013C,YGR077C,0,1.3547382,0.3838748633861542,0.6041666865348816,0.09696969389915466
YDR076W,YNL006W,0,1.3541036,0.3834134638309479,0.6041666865348816,0.09715908765792847
YOR297C,YOR142W,1,1.3538712,0.38415366411209106,0.6060606241226196,0.09715908765792847
YLR165C,YBR059C,0,1.351681,0.38369303941726685,0.6060606241226196,0.09734848141670227
YPL110C,YDR470C,0,1.3500773,0.38323354721069336,0.6060606241226196,0.09753787517547607
YBR202W,YIL132C,0,1.3497272,0.38277512788772583,0.6060606241226196,0.09772727638483047
YOR283W,YKL175W,0,1.3488235,0.38231781125068665,0.6060606241226196,0.09791667014360428
YNL121C,YCR026C,0,1.3474615,0.3818615674972534,0.6060606241226196,0.09810606390237808
YLR203C,YGL183C,0,1.3468032,0.38140642642974854,0.6060606241226196,0.09829545766115189
YLL008W,YLL055W,0,1.3456247,0.380952388048172,0.6060606241226196,0.09848485141992569
YML071C,YDR476C,0,1.345163,0.38049939274787903,0.6060606241226196,0.0986742451786995
YMR321C,YGL050W,0,1.3423655,0.3800475001335144,0.6060606241226196,0.0988636389374733
YEL052W,YDR492W,0,1.3414371,0.37959668040275574,0.6060606241226196,0.0990530326962471
YBR066C,YLR208W,0,1.3401785,0.379146933555603,0.6060606241226196,0.0992424264550209
YPL042C,YLL055W,0,1.3392369,0.3786982297897339,0.6060606241226196,0.09943182021379471
YDR079W,YLR028C,1,1.3348825,0.3794326186180115,0.6079545617103577,0.09943182021379471
YMR087W,YNL122C,0,1.3337057,0.378984659910202,0.6079545617103577,0.09962121397256851
YMR176W,YNR044W,0,1.3329777,0.37853774428367615,0.6079545617103577,0.09981060773134232
YPL274W,YJR034W,0,1.3322409,0.37809187173843384,0.6079545617103577,0.10000000149011612
YER050C,YDL045C,0,1.3313255,0.3776470720767975,0.6079545617103577,0.10018939524888992
YGR112W,YOR355W,1,1.331186,0.37837839126586914,0.6098484992980957,0.10018939524888992
YLR429W,YKL186C,0,1.3307929,0.3779342770576477,0.6098484992980957,0.10037878900766373
YDL070W,YDR353W,0,1.3298447,0.37749120593070984,0.6098484992980957,0.10056818276643753
YJR078W,YJL206C,0,1.3290008,0.37704917788505554,0.6098484992980957,0.10075757652521133
YKL186C,YFL045C,0,1.328203,0.3766081929206848,0.6098484992980957,0.10094697028398514
YDR530C,YLR390W,0,1.3277385,0.37616822123527527,0.6098484992980957,0.10113636404275894
YBR145W,YDR229W,0,1.3260546,0.3757292926311493,0.6098484992980957,0.10132575780153275
YLR028C,YKR006C,1,1.32509,0.3764568865299225,0.6117424368858337,0.10132575780153275
YPL276W,YBR120C,0,1.3218395,0.37601861357688904,0.6117424368858337,0.10151515156030655
YPR060C,YLR145W,0,1.3200539,0.37558138370513916,0.6117424368858337,0.10170454531908035
YLR425W,YKR102W,0,1.3198727,0.37514516711235046,0.6117424368858337,0.10189393907785416
YDL059C,YNL335W,0,1.3181581,0.37470996379852295,0.6117424368858337,0.10208333283662796
YCR030C,YMR210W,0,1.3175719,0.3742757737636566,0.6117424368858337,0.10227272659540176
YOR187W,YBR187W,0,1.3170333,0.37384259700775146,0.6117424368858337,0.10246212035417557
YDR476C,YHR059W,0,1.3145809,0.3734104037284851,0.6117424368858337,0.10265151411294937
YJL085W,YDR281C,0,1.3144414,0.37297922372817993,0.6117424368858337,0.10284090787172318
YOR239W,YNL230C,0,1.313765,0.37254902720451355,0.6117424368858337,0.10303030163049698
YKL201C,YKL003C,0,1.3101306,0.37211981415748596,0.6117424368858337,0.10321969538927078
YOR084W,YDL128W,0,1.3093827,0.37169161438941956,0.6117424368858337,0.10340908914804459
YIL080W,YOL101C,0,1.3088807,0.37126436829566956,0.6117424368858337,0.10359848290681839
YGR221C,YMR273C,0,1.3066483,0.37083810567855835,0.6117424368858337,0.1037878766655922
YNL070W,YNR044W,0,1.3066008,0.3704128563404083,0.6117424368858337,0.103977270424366
YGL062W,YOR299W,0,1.3016429,0.3699885308742523,0.6117424368858337,0.1041666641831398
YBL058W,YPR035W,0,1.3001795,0.3695652186870575,0.6117424368858337,0.1043560579419136
YOL086C,YNL267W,0,1.2999334,0.3691428601741791,0.6117424368858337,0.10454545170068741
YMR123W,YLL045C,0,1.2984997,0.36872145533561707,0.6117424368858337,0.10473484545946121
YDR090C,YOR327C,0,1.2975756,0.36830103397369385,0.6117424368858337,0.10492423921823502
YMR046C,YKL064W,0,1.2972779,0.36788153648376465,0.6117424368858337,0.10511363297700882
YLR289W,YLR309C,0,1.2966856,0.36746302247047424,0.6117424368858337,0.10530302673578262
YCR052W,YKR068C,0,1.2948039,0.36704546213150024,0.6117424368858337,0.10549242794513702
YGR012W,YOR377W,0,1.2921546,0.36662882566452026,0.6117424368858337,0.10568182170391083
YFR018C,YHR156C,0,1.2912166,0.3662131428718567,0.6117424368858337,0.10587121546268463
YOR176W,YBR129C,0,1.2911913,0.3657984137535095,0.6117424368858337,0.10606060922145844
YOR355W,YHR051W,1,1.290309,0.3665158450603485,0.6136363744735718,0.10606060922145844
YKL190W,YHR002W,0,1.2895491,0.3661016821861267,0.6136363744735718,0.10625000298023224
YFL045C,YJR103W,0,1.2882023,0.3656884729862213,0.6136363744735718,0.10643939673900604
YNR018W,YLR160C,0,1.2844381,0.3652762174606323,0.6136363744735718,0.10662879049777985
YOR297C,YLR312W-A,1,1.28439,0.3659909963607788,0.6155303120613098,0.10662879049777985
YJL004C,YML056C,0,1.2840611,0.3655793070793152,0.6155303120613098,0.10681818425655365
YDL140C,YMR246W,0,1.2815514,0.3651685416698456,0.6155303120613098,0.10700757801532745
YMR117C,YBR187W,0,1.2788806,0.36475870013237,0.6155303120613098,0.10719697177410126
YDR371W,YPR127W,0,1.2785916,0.3643497824668884,0.6155303120613098,0.10738636553287506
YNL102W,YNR035C,0,1.2779121,0.3639417588710785,0.6155303120613098,0.10757575929164886
YER150W,YGR105W,0,1.2773517,0.36353468894958496,0.6155303120613098,0.10776515305042267
YPR182W,YLR187W,0,1.2767553,0.3631284832954407,0.6155303120613098,0.10795454680919647
YFR031C,YOR204W,0,1.2752707,0.3627232015132904,0.6155303120613098,0.10814394056797028
YDR512C,YDR131C,0,1.2747034,0.36231884360313416,0.6155303120613098,0.10833333432674408
YJL130C,YBR257W,0,1.2745351,0.36191537976264954,0.6155303120613098,0.10852272808551788
YPR191W,YLR028C,1,1.2741487,0.3626251518726349,0.6174242496490479,0.10852272808551788
YBR271W,YMR246W,0,1.2729856,0.36222222447395325,0.6174242496490479,0.10871212184429169
YML073C,YBL085W,0,1.2712252,0.36182019114494324,0.6174242496490479,0.10890151560306549
YOL155C,YHR005C-A,0,1.271141,0.36141908168792725,0.6174242496490479,0.1090909093618393
YGR268C,YNL026W,0,1.2702074,0.3610188364982605,0.6174242496490479,0.1092803031206131
YDR530C,YLR042C,0,1.2696488,0.360619455575943,0.6174242496490479,0.1094696968793869
YBR066C,YOL066C,0,1.268059,0.3602209985256195,0.6174242496490479,0.1096590906381607
YAL016W,YPL096W,0,1.2660862,0.35982340574264526,0.6174242496490479,0.10984848439693451
YMR039C,YJL024C,0,1.2653861,0.35942667722702026,0.6174242496490479,0.11003787815570831
YLR270W,YKL001C,0,1.2653346,0.3590308427810669,0.6174242496490479,0.11022727191448212
YBL058W,YFR052W,0,1.2652422,0.35863587260246277,0.6174242496490479,0.11041666567325592
YKL180W,YBR145W,0,1.2644036,0.3582417666912079,0.6174242496490479,0.11060605943202972
YMR315W,YKL015W,0,1.2635893,0.35784852504730225,0.6174242496490479,0.11079545319080353
YGL010W,YDL170W,0,1.2609155,0.35745614767074585,0.6174242496490479,0.11098484694957733
YDR389W,YBR072W,0,1.2588401,0.3570646345615387,0.6174242496490479,0.11117424070835114
YBR067C,YIL159W,0,1.2584015,0.3566739559173584,0.6174242496490479,0.11136363446712494
YJR026W,YDR218C,0,1.2576276,0.35628414154052734,0.6174242496490479,0.11155302822589874
YMR039C,YIL035C,0,1.2576263,0.35589519143104553,0.6174242496490479,0.11174242198467255
YLR329W,YDR262W,0,1.2569512,0.3555070757865906,0.6174242496490479,0.11193181574344635
YKL190W,YOL062C,0,1.2568974,0.35511982440948486,0.6174242496490479,0.11212120950222015
YOL107W,YPL050C,0,1.2566952,0.354733407497406,0.6174242496490479,0.11231060326099396
YOR378W,YMR176W,0,1.2562557,0.354347825050354,0.6174242496490479,0.11249999701976776
YBR172C,YPR002W,0,1.2561531,0.35396307706832886,0.6174242496490479,0.11268939077854156
YDR457W,YLL027W,0,1.2530751,0.35357916355133057,0.6174242496490479,0.11287878453731537
YLL003W,YBR072W,0,1.2498832,0.3531961143016815,0.6174242496490479,0.11306817829608917
YML051W,YEL012W,0,1.2498026,0.35281383991241455,0.6174242496490479,0.11325757205486298
YCL018W,YGR185C,0,1.2492497,0.3524324297904968,0.6174242496490479,0.11344697326421738
YOR147W,YLR164W,1,1.2470843,0.3531317412853241,0.6193181872367859,0.11344697326421738
YMR117C,YNR004W,0,1.2451751,0.3527508080005646,0.6193181872367859,0.11363636702299118
YDL021W,YFR019W,0,1.244152,0.3523706793785095,0.6193181872367859,0.11382576078176498
YMR077C,YGR268C,0,1.2438247,0.3519913852214813,0.6193181872367859,0.11401515454053879
YML006C,YJL149W,0,1.2431598,0.3516128957271576,0.6193181872367859,0.11420454829931259
YBL058W,YNR067C,0,1.2431571,0.3512352406978607,0.6193181872367859,0.1143939420580864
YOL141W,YKL001C,0,1.242794,0.3508583605289459,0.6193181872367859,0.1145833358168602
YKL174C,YLR380W,0,1.2394549,0.350482314825058,0.6193181872367859,0.114772729575634
YLR452C,YGL148W,0,1.236361,0.3501070737838745,0.6193181872367859,0.1149621233344078
YFL038C,YDL045C,0,1.2359976,0.3497326076030731,0.6193181872367859,0.11515151709318161
YJR107W,YLR390W,0,1.2357067,0.3493589758872986,0.6193181872367859,0.11534091085195541
YPR196W,YCL025C,0,1.235686,0.34898611903190613,0.6193181872367859,0.11553030461072922
YDL022W,YGR089W,0,1.2337432,0.34861406683921814,0.6193181872367859,0.11571969836950302
YFL057C,YOL028C,0,1.2335911,0.3482428193092346,0.6193181872367859,0.11590909212827682
YMR013C,YGR214W,0,1.2327173,0.3478723466396332,0.6193181872367859,0.11609848588705063
YGR288W,YGR175C,0,1.2322705,0.3475026488304138,0.6193181872367859,0.11628787964582443
YLR191W,YOL155C,0,1.2316394,0.3471337556838989,0.6193181872367859,0.11647727340459824
YDR196C,YLR228C,0,1.2314088,0.3467656373977661,0.6193181872367859,0.11666666716337204
YAR035W,YBL068W,0,1.2307918,0.3463982939720154,0.6193181872367859,0.11685606092214584
YAR031W,YGL004C,0,1.2305729,0.3460317552089691,0.6193181872367859,0.11704545468091965
YER165W,YJL082W,0,1.2296314,0.34566596150398254,0.6193181872367859,0.11723484843969345
YLR264W,YGR118W,0,1.2294786,0.34530094265937805,0.6193181872367859,0.11742424219846725
YPL119C,YML132W,0,1.2274759,0.34493669867515564,0.6193181872367859,0.11761363595724106
YJR004C,YOR176W,0,1.2262754,0.3445732295513153,0.6193181872367859,0.11780302971601486
YPL042C,YPL139C,0,1.225967,0.34421053528785706,0.6193181872367859,0.11799242347478867
YDR530C,YOR377W,0,1.2258141,0.3438485860824585,0.6193181872367859,0.11818181723356247
YGR180C,YNL095C,0,1.2240229,0.34348738193511963,0.6193181872367859,0.11837121099233627
YOR304C-A,YDR429C,0,1.2234845,0.34312695264816284,0.6193181872367859,0.11856060475111008
YIL128W,YMR321C,0,1.2230163,0.34276729822158813,0.6193181872367859,0.11874999850988388
YJL103C,YLR164W,1,1.2209554,0.3434554934501648,0.6212121248245239,0.11874999850988388
YGR012W,YLR344W,0,1.2203715,0.34309622645378113,0.6212121248245239,0.11893939226865768
YOR283W,YKL165C,0,1.2202077,0.34273773431777954,0.6212121248245239,0.11912878602743149
YLR305C,YCR087C-A,0,1.2183964,0.34237995743751526,0.6212121248245239,0.11931817978620529
YNL178W,YBL092W,0,1.2183425,0.34202295541763306,0.6212121248245239,0.1195075735449791
YFL057C,YDR403W,0,1.2144039,0.34166666865348816,0.6212121248245239,0.1196969673037529
YNL261W,YER103W,0,1.2143028,0.34131112694740295,0.6212121248245239,0.1198863610625267
YOR237W,YGR105W,0,1.2131568,0.34095633029937744,0.6212121248245239,0.1200757548213005
YOR297C,YMR145C,1,1.2120371,0.3416407108306885,0.623106062412262,0.1200757548213005
YAL038W,YFR036W,0,1.2107801,0.341286301612854,0.623106062412262,0.12026514858007431
YNL095C,YER168C,0,1.2100159,0.3409326374530792,0.623106062412262,0.12045454233884811
YMR203W,YPL163C,0,1.2098669,0.34057971835136414,0.623106062412262,0.12064393609762192
YGR056W,YNL095C,0,1.2094505,0.34022751450538635,0.623106062412262,0.12083332985639572
YLL051C,YBL005W-B,0,1.2073114,0.3398760259151459,0.623106062412262,0.12102272361516953
YMR321C,YNL239W,0,1.2061045,0.3395252823829651,0.623106062412262,0.12121212482452393
YDR411C,YNL262W,0,1.2043905,0.3391752541065216,0.623106062412262,0.12140151858329773
YDR067C,YGR134W,0,1.201179,0.33882594108581543,0.623106062412262,0.12159091234207153
YPR024W,YOR008C,0,1.200654,0.33847737312316895,0.623106062412262,0.12178030610084534
YNL102W,YBR281C,0,1.2002784,0.3381294906139374,0.623106062412262,0.12196969985961914
YJR028W,YDL035C,0,1.199272,0.3377823531627655,0.623106062412262,0.12215909361839294
YHR029C,YNL092W,0,1.1991534,0.33743590116500854,0.623106062412262,0.12234848737716675
YDR174W,YOL108C,0,1.1986804,0.3370901644229889,0.623106062412262,0.12253788113594055
YPR191W,YBR243C,1,1.1981016,0.33776867389678955,0.625,0.12253788113594055
YJL079C,YDR109C,0,1.1977062,0.33742332458496094,0.625,0.12272727489471436
YDR082W,YMR193W,0,1.1972148,0.33707866072654724,0.625,0.12291666865348816
YMR159C,YLR330W,0,1.1944944,0.33673468232154846,0.625,0.12310606241226196
YDR026C,YBR276C,0,1.1943568,0.3363914489746094,0.625,0.12329545617103577
YBR223C,YGL233W,0,1.193913,0.3360488712787628,0.625,0.12348484992980957
YMR227C,YMR114C,0,1.193452,0.33570700883865356,0.625,0.12367424368858337
YKL038W,YGL163C,0,1.1933888,0.3353658616542816,0.625,0.12386363744735718
YLR028C,YNL052W,1,1.1931987,0.3360406160354614,0.626893937587738,0.12386363744735718
YGR258C,YOL151W,0,1.1930285,0.33569979667663574,0.626893937587738,0.12405303120613098
YER013W,YDR109C,0,1.1923957,0.335359662771225,0.626893937587738,0.12424242496490479
YER185W,YDR457W,0,1.1922804,0.3350202441215515,0.626893937587738,0.12443181872367859
YGL062W,YPR152C,0,1.1915649,0.33468151092529297,0.626893937587738,0.12462121248245239
YNL073W,YLR043C,0,1.1911386,0.33434343338012695,0.626893937587738,0.1248106062412262
YML049C,YDL140C,0,1.1899443,0.33400604128837585,0.626893937587738,0.125
YNL231C,YOR230W,0,1.1871624,0.33366936445236206,0.626893937587738,0.1251893937587738
YOL112W,YLR005W,0,1.1849489,0.3333333432674408,0.626893937587738,0.1253787875175476
YFR033C,YBR243C,1,1.1848003,0.3340040147304535,0.6287878751754761,0.1253787875175476
YDR072C,YLR390W,0,1.1808257,0.3336683511734009,0.6287878751754761,0.1255681812763214
YPR001W,YLR164W,1,1.1793864,0.33433735370635986,0.6306818127632141,0.1255681812763214
YGL010W,YMR193W,0,1.1791519,0.3340020179748535,0.6306818127632141,0.12575757503509521
YGR084C,YHR168W,0,1.1787248,0.3336673378944397,0.6306818127632141,0.12594696879386902
YHR164C,YGR134W,0,1.1767824,0.3333333432674408,0.6306818127632141,0.12613636255264282
YOR226C,YLR073C,0,1.1765784,0.3330000042915344,0.6306818127632141,0.12632575631141663
YMR054W,YFL010W-A,0,1.1763505,0.3326673209667206,0.6306818127632141,0.12651515007019043
YPL119C,YIL170W,0,1.1743467,0.33233532309532166,0.6306818127632141,0.12670454382896423
YLR300W,YPR160W,0,1.1742325,0.33200398087501526,0.6306818127632141,0.12689393758773804
YLL061W,YJL128C,0,1.1740909,0.3316732943058014,0.6306818127632141,0.12708333134651184
YGR214W,YER087C-B,0,1.1732539,0.33134329319000244,0.6306818127632141,0.12727272510528564
YPR002W,YEL030W,0,1.1732328,0.33101391792297363,0.6306818127632141,0.12746211886405945
YER103W,YCL025C,0,1.1722282,0.33068519830703735,0.6306818127632141,0.12765151262283325
YDR026C,YOR237W,0,1.1716577,0.3303571343421936,0.6306818127632141,0.12784090638160706
YDL215C,YBR042C,0,1.1711081,0.3300297260284424,0.6306818127632141,0.12803030014038086
YCL018W,YLR344W,0,1.1680722,0.3297029733657837,0.6306818127632141,0.12821969389915466
YOL054W,YMR034C,0,1.1672628,0.32937684655189514,0.6306818127632141,0.12840908765792847
YDR082W,YKL217W,0,1.1634812,0.3290513753890991,0.6306818127632141,0.12859848141670227
YDR131C,YKL022C,0,1.1624893,0.32872655987739563,0.6306818127632141,0.12878787517547607
YCR060W,YDR262W,0,1.1623178,0.3284023702144623,0.6306818127632141,0.12897726893424988
YPR137W,YHR039C-A,0,1.1621964,0.3280788064002991,0.6306818127632141,0.12916666269302368
YPL110C,YKR035W-A,0,1.1620632,0.3277558982372284,0.6306818127632141,0.12935605645179749
YJL155C,YMR034C,0,1.161818,0.32743361592292786,0.6306818127632141,0.1295454502105713
YOR317W,YPL196W,0,1.1611855,0.32711198925971985,0.6306818127632141,0.1297348439693451
YPL131W,YDR389W,0,1.1610991,0.3267909586429596,0.6306818127632141,0.1299242377281189
YJL144W,YOL136C,0,1.1609465,0.32647058367729187,0.6306818127632141,0.1301136314868927
YPL276W,YGR238C,0,1.159346,0.3261508345603943,0.6306818127632141,0.1303030252456665
YHL034C,YJL214W,0,1.1593391,0.32583171129226685,0.6306818127632141,0.1304924190044403
YDR415C,YBR031W,0,1.1588806,0.32551318407058716,0.6306818127632141,0.1306818127632141
YLR394W,YHL027W,0,1.158398,0.3251953125,0.6306818127632141,0.13087120652198792
YPR024W,YER104W,0,1.1573858,0.3248780369758606,0.6306818127632141,0.13106060028076172
YOR338W,YOR098C,0,1.1558485,0.3245614171028137,0.6306818127632141,0.13124999403953552
YBR020W,YGR010W,0,1.1554835,0.3242453634738922,0.6306818127632141,0.13143938779830933
YJR055W,YBR172C,0,1.1552964,0.32392996549606323,0.6306818127632141,0.13162878155708313
YGL010W,YLR103C,0,1.1528634,0.323615163564682,0.6306818127632141,0.13181817531585693
YPR024W,YER117W,0,1.1512771,0.32330095767974854,0.6306818127632141,0.13200756907463074
YDR304C,YER074W,0,1.1512063,0.3229873776435852,0.6306818127632141,0.13219696283340454
YLR314C,YKL206C,0,1.151078,0.322674423456192,0.6306818127632141,0.13238635659217834
YHR004C,YJL178C,0,1.1508169,0.3223620653152466,0.6306818127632141,0.13257575035095215
YHR132C,YFL057C,0,1.1497498,0.3220503032207489,0.6306818127632141,0.13276514410972595
YFL038C,YLR153C,0,1.1463028,0.321739137172699,0.6306818127632141,0.13295455276966095
YMR032W,YKL182W,0,1.1457391,0.3214285671710968,0.6306818127632141,0.13314394652843475
YKL174C,YOL062C,0,1.1452475,0.32111862301826477,0.6306818127632141,0.13333334028720856
YPL163C,YPL188W,0,1.1437218,0.3208092451095581,0.6306818127632141,0.13352273404598236
YMR008C,YNL010W,0,1.143476,0.3205004930496216,0.6306818127632141,0.13371212780475616
YJR028W,YLR309C,0,1.1434233,0.3201923072338104,0.6306818127632141,0.13390152156352997
YFL014W,YBR080C,0,1.1430577,0.319884717464447,0.6306818127632141,0.13409091532230377
YDL015C,YMR034C,0,1.142997,0.31957772374153137,0.6306818127632141,0.13428030908107758
YFR018C,YKL095W,0,1.142769,0.3192713260650635,0.6306818127632141,0.13446970283985138
YHR085W,YKR102W,0,1.1410587,0.31896552443504333,0.6306818127632141,0.13465909659862518
YAL054C,YBR052C,0,1.140434,0.31866028904914856,0.6306818127632141,0.134848490357399
YOL082W,YDR403W,0,1.1391146,0.31835564970970154,0.6306818127632141,0.1350378841161728
YDL202W,YDL015C,0,1.1374776,0.3180515766143799,0.6306818127632141,0.1352272778749466
YDR476C,YOR089C,0,1.135985,0.317748099565506,0.6306818127632141,0.1354166716337204
YOR382W,YDR138W,0,1.1359737,0.31744518876075745,0.6306818127632141,0.1356060653924942
YLR353W,YLR219W,0,1.1353619,0.3171428442001343,0.6306818127632141,0.135795459151268
YGR175C,YMR046C,0,1.135195,0.31684109568595886,0.6306818127632141,0.1359848529100418
YKL201C,YPR159W,0,1.1349766,0.3165399134159088,0.6306818127632141,0.1361742466688156
YGL162W,YPR080W,0,1.1347446,0.3162393271923065,0.6306818127632141,0.13636364042758942
YOR209C,YNL274C,0,1.1343277,0.3159392774105072,0.6306818127632141,0.13655303418636322
YPL134C,YLR025W,0,1.1342881,0.31563982367515564,0.6306818127632141,0.13674242794513702
YDL198C,YGL233W,0,1.1339465,0.31534090638160706,0.6306818127632141,0.13693182170391083
YJL087C,YPR060C,0,1.133631,0.3150425851345062,0.6306818127632141,0.13712121546268463
YMR315W,YDR415C,0,1.1319638,0.3147448003292084,0.6306818127632141,0.13731060922145844
YNL231C,YLR163C,0,1.1307042,0.3144475817680359,0.6306818127632141,0.13750000298023224
YBR275C,YNL095C,0,1.1304233,0.31415092945098877,0.6306818127632141,0.13768939673900604
YGR010W,YKL064W,0,1.1299785,0.313854843378067,0.6306818127632141,0.13787879049777985
YKL190W,YJR151C,0,1.129788,0.31355932354927063,0.6306818127632141,0.13806818425655365
YHR164C,YFL057C,0,1.1293194,0.3132643401622772,0.6306818127632141,0.13825757801532745
YHR132C,YDR306C,0,1.127371,0.3129699230194092,0.6306818127632141,0.13844697177410126
YDL121C,YOR294W,0,1.1253422,0.3126760423183441,0.6306818127632141,0.13863636553287506
YOL124C,YOL101C,0,1.1247036,0.3123827278614044,0.6306818127632141,0.13882575929164886
YOR283W,YPL163C,0,1.1245911,0.3120899796485901,0.6306818127632141,0.13901515305042267
YJL103C,YOR355W,1,1.12361,0.31273409724235535,0.6325757503509521,0.13901515305042267
YNL267W,YJR028W,0,1.1231384,0.31244152784347534,0.6325757503509521,0.13920454680919647
YJL200C,YOR355W,1,1.1231244,0.31308412551879883,0.6344696879386902,0.13920454680919647
YBR238C,YFR033C,1,1.1213279,0.3137255012989044,0.6363636255264282,0.13920454680919647
YOR219C,YJL144W,0,1.1213173,0.31343284249305725,0.6363636255264282,0.13939394056797028
YJL060W,YAL038W,0,1.120545,0.31314072012901306,0.6363636255264282,0.13958333432674408
YPR113W,YLR264W,0,1.1201115,0.31284916400909424,0.6363636255264282,0.13977272808551788
YJR010W,YDL084W,0,1.1196866,0.3125581443309784,0.6363636255264282,0.1399621218442917
YOR212W,YER002W,0,1.1195368,0.3122676610946655,0.6363636255264282,0.1401515156030655
YDL061C,YGL216W,0,1.1193043,0.31197771430015564,0.6363636255264282,0.1403409093618393
YNL302C,YPR159W,0,1.1171137,0.31168830394744873,0.6363636255264282,0.1405303031206131
YPR035W,YGL203C,0,1.1166214,0.3113994300365448,0.6363636255264282,0.1407196968793869
YBR275C,YLR429W,0,1.1153983,0.31111112236976624,0.6363636255264282,0.1409090906381607
YOL045W,YBL098W,0,1.1146688,0.31082332134246826,0.6363636255264282,0.1410984843969345
YOL107W,YDR140W,0,1.1142052,0.31053605675697327,0.6363636255264282,0.1412878781557083
YPR196W,YJR055W,0,1.1105641,0.31024929881095886,0.6363636255264282,0.14147727191448212
YIL094C,YOR222W,0,1.1104989,0.3099631071090698,0.6363636255264282,0.14166666567325592
YJL172W,YJL149W,0,1.110494,0.3096774220466614,0.6363636255264282,0.14185605943202972
YHR030C,YLR141W,0,1.1096792,0.3093922734260559,0.6363636255264282,0.14204545319080353
YKL130C,YNL138W,0,1.1081878,0.30910763144493103,0.6363636255264282,0.14223484694957733
YDR164C,YDR353W,0,1.10653,0.30882352590560913,0.6363636255264282,0.14242424070835114
YKR071C,YDR461W,0,1.1059117,0.3085399568080902,0.6363636255264282,0.14261363446712494
YLL017W,YMR213W,0,1.1039482,0.3082568943500519,0.6363636255264282,0.14280302822589874
YCR087C-A,YGR027C,0,1.1029668,0.30797433853149414,0.6363636255264282,0.14299242198467255
YOR230W,YPL096W,0,1.1028641,0.3076923191547394,0.6363636255264282,0.14318181574344635
YDR079W,YLR164W,1,1.1019194,0.30832570791244507,0.6382575631141663,0.14318181574344635
YOR275C,YMR304W,0,1.100781,0.30804386734962463,0.6382575631141663,0.14337120950222015
YOR071C,YHR164C,0,1.1004995,0.3077625632286072,0.6382575631141663,0.14356060326099396
YLL004W,YBR096W,0,1.096266,0.3074817657470703,0.6382575631141663,0.14374999701976776
YKR054C,YKL201C,0,1.0960913,0.30720144510269165,0.6382575631141663,0.14393939077854156
YIL083C,YNL274C,0,1.095875,0.30692166090011597,0.6382575631141663,0.14412878453731537
YDR263C,YGL060W,0,1.0936862,0.30664241313934326,0.6382575631141663,0.14431817829608917
YHR074W,YKL171W,0,1.092309,0.30636364221572876,0.6382575631141663,0.14450757205486298
YML056C,YDR062W,0,1.0900888,0.30608537793159485,0.6382575631141663,0.14469696581363678
YAL038W,YBR222C,0,1.0891371,0.30580762028694153,0.6382575631141663,0.14488635957241058
YHR039C-A,YKL172W,0,1.0889666,0.3055303692817688,0.6382575631141663,0.1450757533311844
YKL201C,YLL033W,0,1.0886725,0.30525362491607666,0.6382575631141663,0.1452651470899582
YBR196C,YOR313C,0,1.0886004,0.3049773871898651,0.6382575631141663,0.145454540848732
YNL304W,YIL177C,0,1.0881643,0.30470162630081177,0.6382575631141663,0.1456439346075058
YFR029W,YMR194W,0,1.0876327,0.304426372051239,0.6382575631141663,0.1458333283662796
YGL068W,YLR164W,1,1.0871543,0.3050541579723358,0.6401515007019043,0.1458333283662796
YFL054C,YHR168W,0,1.0870183,0.3047790825366974,0.6401515007019043,0.1460227221250534
YCL074W,YIL061C,0,1.0868574,0.30450451374053955,0.6401515007019043,0.1462121158838272
YLR042C,YBR072W,0,1.0865877,0.3042304217815399,0.6401515007019043,0.146401509642601
YIL177C,YOL108C,0,1.0862889,0.3039568364620209,0.6401515007019043,0.14659090340137482
YJR151C,YJR028W,0,1.08288,0.30368372797966003,0.6401515007019043,0.14678029716014862
YLR429W,YKL201C,0,1.0798874,0.3034111261367798,0.6401515007019043,0.14696969091892242
YDR034C,YPL078C,0,1.0779917,0.30313900113105774,0.6401515007019043,0.14715908467769623
YGL233W,YNL122C,0,1.0774616,0.3028673827648163,0.6401515007019043,0.14734847843647003
YDL133C-A,YOL124C,0,1.075876,0.30259624123573303,0.6401515007019043,0.14753787219524384
YML051W,YOR089C,0,1.075024,0.302325576543808,0.6401515007019043,0.14772726595401764
YGR171C,YDR353W,0,1.0736696,0.3020554184913635,0.6401515007019043,0.14791665971279144
YDL215C,YIL083C,0,1.0716367,0.3017857074737549,0.6401515007019043,0.14810605347156525
YBR260C,YJR149W,0,1.0715916,0.30151650309562683,0.6401515007019043,0.14829544723033905
YIL159W,YOR230W,0,1.0714424,0.301247775554657,0.6401515007019043,0.14848485589027405
YDR512C,YER098W,0,1.0699089,0.30097952485084534,0.6401515007019043,0.14867424964904785
YNL202W,YFL021W,0,1.069596,0.3007117509841919,0.6401515007019043,0.14886364340782166
YGR225W,YLR088W,0,1.0693688,0.30044445395469666,0.6401515007019043,0.14905303716659546
YDL084W,YKL201C,0,1.0693614,0.3001776337623596,0.6401515007019043,0.14924243092536926
YIL076W,YDR508C,0,1.0671369,0.2999112606048584,0.6401515007019043,0.14943182468414307
YPL093W,YBR072W,0,1.066474,0.29964539408683777,0.6401515007019043,0.14962121844291687
YOL057W,YKL170W,0,1.066211,0.29937997460365295,0.6401515007019043,0.14981061220169067
YKL119C,YGR118W,0,1.0659398,0.29911503195762634,0.6401515007019043,0.15000000596046448
YMR025W,YMR114C,0,1.0651085,0.29885056614875793,0.6401515007019043,0.15018939971923828
YGL050W,YBL098W,0,1.065093,0.29858657717704773,0.6401515007019043,0.15037879347801208
YJL114W,YOR054C,0,1.0643524,0.29832303524017334,0.6401515007019043,0.1505681872367859
YBR261C,YKL201C,0,1.0628383,0.29805997014045715,0.6401515007019043,0.1507575809955597
YBR067C,YPR125W,0,1.0627927,0.2977973520755768,0.6401515007019043,0.1509469747543335
YIL170W,YML132W,0,1.0627811,0.2975352108478546,0.6401515007019043,0.1511363685131073
YKL103C,YDR196C,0,1.0625536,0.29727351665496826,0.6401515007019043,0.1513257622718811
YIL080W,YML132W,0,1.0607466,0.2970122992992401,0.6401515007019043,0.1515151560306549
YGL186C,YPL094C,0,1.0603671,0.2967515289783478,0.6401515007019043,0.1517045497894287
YNL282W,YGL203C,0,1.0599965,0.29649123549461365,0.6401515007019043,0.15189394354820251
YCL036W,YDL140C,0,1.0594984,0.29623138904571533,0.6401515007019043,0.15208333730697632
YMR276W,YAL040C,0,1.059351,0.29597198963165283,0.6401515007019043,0.15227273106575012
YGR010W,YPR006C,0,1.0588747,0.29571303725242615,0.6401515007019043,0.15246212482452393
YOR292C,YOR025W,0,1.058724,0.2954545319080353,0.6401515007019043,0.15265151858329773
YLR050C,YFL017W-A,0,1.0566628,0.2951965034008026,0.6401515007019043,0.15284091234207153
YOL107W,YIR039C,0,1.0559918,0.29493892192840576,0.6401515007019043,0.15303030610084534
YCL008C,YMR193W,0,1.0532612,0.2946817874908447,0.6401515007019043,0.15321969985961914
YIL135C,YLR264W,0,1.0530876,0.2944251000881195,0.6401515007019043,0.15340909361839294
YBR271W,YGL050W,0,1.0509851,0.2941688299179077,0.6401515007019043,0.15359848737716675
YNL010W,YLR264W,0,1.0506005,0.2939130365848541,0.6401515007019043,0.15378788113594055
YOL070C,YNR017W,0,1.0476406,0.29365769028663635,0.6401515007019043,0.15397727489471436
YIL061C,YER145C,0,1.0475289,0.2934027910232544,0.6401515007019043,0.15416666865348816
YJR051W,YLR380W,0,1.0465143,0.29314830899238586,0.6401515007019043,0.15435606241226196
YNR004W,YKL203C,0,1.0449461,0.29289427399635315,0.6401515007019043,0.15454545617103577
YNL309W,YKR028W,0,1.0448558,0.29264068603515625,0.6401515007019043,0.15473484992980957
YFR031C,YJR026W,0,1.0418311,0.29238754510879517,0.6401515007019043,0.15492424368858337
YJL030W,YOR292C,0,1.0411086,0.2921348214149475,0.6401515007019043,0.15511363744735718
YNL050C,YDR392W,0,1.0402731,0.29188254475593567,0.6401515007019043,0.15530303120613098
YLL029W,YAL040C,0,1.039886,0.29163071513175964,0.6401515007019043,0.15549242496490479
YER098W,YDR146C,0,1.039713,0.29137930274009705,0.6401515007019043,0.1556818187236786
YMR296C,YPR163C,0,1.039038,0.29112833738327026,0.6401515007019043,0.1558712124824524
YMR038C,YPL129W,0,1.038886,0.2908777892589569,0.6401515007019043,0.1560606062412262
YDR196C,YNL122C,0,1.0387621,0.29062768816947937,0.6401515007019043,0.15625
YCR087C-A,YJL085W,0,1.038652,0.29037800431251526,0.6401515007019043,0.1564393937587738
YFR045W,YJL128C,0,1.0385318,0.29012876749038696,0.6401515007019043,0.1566287875175476
YDR159W,YNL208W,0,1.0384977,0.2898799180984497,0.6401515007019043,0.1568181812763214
YJR051W,YAL029C,0,1.0370855,0.28963154554367065,0.6401515007019043,0.15700757503509521
YPR200C,YMR114C,0,1.0361284,0.28938356041908264,0.6401515007019043,0.15719696879386902
YOL158C,YKL001C,0,1.0350487,0.28913602232933044,0.6401515007019043,0.15738636255264282
YJL114W,YDR196C,0,1.0343217,0.2888889014720917,0.6401515007019043,0.15757575631141663
YOL086C,YJR028W,0,1.0334078,0.28864219784736633,0.6401515007019043,0.15776515007019043
YLR404W,YNL192W,0,1.0327743,0.2883959114551544,0.6401515007019043,0.15795454382896423
YHR211W,YDL206W,0,1.0323563,0.28815004229545593,0.6401515007019043,0.15814393758773804
YER013W,YDR419W,0,1.0323366,0.2879045903682709,0.6401515007019043,0.15833333134651184
YMR145C,YBR243C,1,1.0321987,0.28851065039634705,0.6420454382896423,0.15833333134651184
YOR283W,YER087C-B,0,1.0313334,0.28826531767845154,0.6420454382896423,0.15852272510528564
YML099C,YAR031W,0,1.0310845,0.28802040219306946,0.6420454382896423,0.15871211886405945
YPL042C,YNL079C,0,1.0282001,0.2877759039402008,0.6420454382896423,0.15890151262283325
YJR070C,YHR168W,0,1.0279272,0.2875317931175232,0.6420454382896423,0.15909090638160706
YPL098C,YGR214W,0,1.0271341,0.2872881293296814,0.6420454382896423,0.15928030014038086
YNL273W,YLR389C,0,1.0250396,0.287044882774353,0.6420454382896423,0.15946969389915466
YMR300C,YBR061C,0,1.0247216,0.2868020236492157,0.6420454382896423,0.15965908765792847
YGL172W,YFL054C,0,1.0230306,0.2865595817565918,0.6420454382896423,0.15984848141670227
YDR030C,YMR295C,0,1.0220696,0.2863175570964813,0.6420454382896423,0.16003787517547607
YGR282C,YHR057C,0,1.0218859,0.2860759496688843,0.6420454382896423,0.16022726893424988
YDR030C,YJL082W,0,1.019071,0.28583472967147827,0.6420454382896423,0.16041666269302368
YGL237C,YGL062W,0,1.0184104,0.2855939269065857,0.6420454382896423,0.16060605645179749
YGL162W,YPL200W,0,1.0181459,0.28535354137420654,0.6420454382896423,0.1607954502105713
YPR113W,YBR222C,0,1.0179366,0.28511354327201843,0.6420454382896423,0.1609848439693451
YFL014W,YNL274C,0,1.0174329,0.28487396240234375,0.6420454382896423,0.1611742377281189
YPL011C,YDR364C,0,1.0173874,0.2846347689628601,0.6420454382896423,0.1613636314868927
YCR052W,YAR031W,0,1.0163312,0.2843959629535675,0.6420454382896423,0.1615530252456665
YNR067C,YEL056W,0,1.0155,0.28415757417678833,0.6420454382896423,0.1617424190044403
YBR202W,YMR193W,0,1.0154188,0.2839196026325226,0.6420454382896423,0.1619318127632141
YMR321C,YDR062W,0,1.0143493,0.2836820185184479,0.6420454382896423,0.16212120652198792
YER165W,YKR068C,0,1.0138197,0.2834448218345642,0.6420454382896423,0.16231060028076172
YKL171W,YBR115C,0,1.0133181,0.2832080125808716,0.6420454382896423,0.16249999403953552
YDL078C,YBR026C,1,1.0131366,0.28380635380744934,0.6439393758773804,0.16249999403953552
YJR107W,YAL039C,0,1.0130204,0.2835696339607239,0.6439393758773804,0.16268938779830933
YLL008W,YNL281W,0,1.012646,0.28333333134651184,0.6439393758773804,0.16287878155708313
YNL314W,YJL066C,0,1.0125213,0.28309741616249084,0.6439393758773804,0.16306817531585693
YIR005W,YMR246W,0,1.0101289,0.2828618884086609,0.6439393758773804,0.16325756907463074
YDR082W,YHR030C,0,1.0094634,0.28262677788734436,0.6439393758773804,0.16344696283340454
YIL002C,YGR222W,0,1.0090032,0.2823920249938965,0.6439393758773804,0.16363635659217834
YNL307C,YML039W,0,1.0061142,0.28215768933296204,0.6439393758773804,0.16382575035095215
YDR371W,YKL171W,0,1.0060534,0.28192371129989624,0.6439393758773804,0.16401514410972595
YBR155W,YPL011C,0,1.003768,0.28169015049934387,0.6439393758773804,0.16420455276966095
YHR030C,YPL131W,0,1.0037153,0.28145694732666016,0.6439393758773804,0.16439394652843475
YOR071C,YDR423C,0,1.0032215,0.28122416138648987,0.6439393758773804,0.16458334028720856
YLR353W,YHR057C,0,1.0024318,0.28099173307418823,0.6439393758773804,0.16477273404598236
YPR194C,YNL290W,0,1.0006988,0.28075969219207764,0.6439393758773804,0.16496212780475616
YOR071C,YLR394W,0,1.0002542,0.2805280387401581,0.6439393758773804,0.16515152156352997
YBR183W,YHR058C,0,1.0001574,0.28029677271842957,0.6439393758773804,0.16534091532230377
YOR071C,YGL112C,0,0.99981445,0.2800658941268921,0.6439393758773804,0.16553030908107758
YER014C-A,YBR230C,0,0.9995492,0.27983540296554565,0.6439393758773804,0.16571970283985138
YJL079C,YER087C-B,0,0.9995045,0.27960526943206787,0.6439393758773804,0.16590909659862518
YMR194W,YJL085W,0,0.99829453,0.27937552332878113,0.6439393758773804,0.166098490357399
YGR109W-B,YDL061C,0,0.99821264,0.27914613485336304,0.6439393758773804,0.1662878841161728
YOR301W,YOR338W,0,0.9981168,0.278917133808136,0.6439393758773804,0.1664772778749466
YDR306C,YFL013C,0,0.9954575,0.2786885201931,0.6439393758773804,0.1666666716337204
YJL103C,YBR243C,1,0.99504596,0.27927929162979126,0.6458333134651184,0.1666666716337204
YKL168C,YMR200W,0,0.9939253,0.2790507376194,0.6458333134651184,0.1668560653924942
YPR191W,YBR238C,1,0.9935067,0.27964022755622864,0.6477272510528564,0.1668560653924942
YIL006W,YOR194C,0,0.991293,0.27941176295280457,0.6477272510528564,0.167045459151268
YBR196C,YCR011C,0,0.9912662,0.27918368577957153,0.6477272510528564,0.1672348529100418
YFL066C,YHR079C,0,0.99122447,0.27895596623420715,0.6477272510528564,0.1674242466688156
YBR125C,YJL066C,0,0.9906288,0.2787286043167114,0.6477272510528564,0.16761364042758942
YHR029C,YGL148W,0,0.98983294,0.27850162982940674,0.6477272510528564,0.16780303418636322
YPR113W,YBR059C,0,0.9896657,0.2782750129699707,0.6477272510528564,0.16799242794513702
YGR175C,YAL040C,0,0.9881621,0.2780487835407257,0.6477272510528564,0.16818182170391083
YGR281W,YPL027W,0,0.98773414,0.27782291173934937,0.6477272510528564,0.16837121546268463
YKL078W,YLR160C,0,0.9870804,0.2775973975658417,0.6477272510528564,0.16856060922145844
YPR204W,YGR032W,0,0.9857058,0.277372270822525,0.6477272510528564,0.16875000298023224
YOR138C,YML052W,0,0.98335797,0.277147501707077,0.6477272510528564,0.16893939673900604
YMR087W,YOL004W,0,0.98274904,0.2769230902194977,0.6477272510528564,0.16912879049777985
YDL061C,YER090W,0,0.9793568,0.276699036359787,0.6477272510528564,0.16931818425655365
YDR353W,YMR304W,0,0.9788186,0.27647534012794495,0.6477272510528564,0.16950757801532745
YGR221C,YFL045C,0,0.97801477,0.27625203132629395,0.6477272510528564,0.16969697177410126
YOL141W,YDR444W,0,0.9774148,0.2760290503501892,0.6477272510528564,0.16988636553287506
YBR238C,YPL183W-A,1,0.97686446,0.27661290764808655,0.6496211886405945,0.16988636553287506
YLR244C,YPR162C,0,0.9749265,0.276390016078949,0.6496211886405945,0.17007575929164886
YPR191W,YLR164W,1,0.9748259,0.27697262167930603,0.6515151262283325,0.17007575929164886
YKL201C,YOR085W,0,0.9744808,0.27674978971481323,0.6515151262283325,0.17026515305042267
YLR009W,YKR035W-A,0,0.9731496,0.2765273451805115,0.6515151262283325,0.17045454680919647
YBR145W,YPL087W,0,0.97310835,0.276305228471756,0.6515151262283325,0.17064394056797028
YPR091C,YHR079C,0,0.97290725,0.27608346939086914,0.6515151262283325,0.17083333432674408
YNL127W,YCR030C,0,0.9724864,0.27586206793785095,0.6515151262283325,0.17102272808551788
YOR142W,YLR028C,1,0.9720963,0.2764423191547394,0.6534090638160706,0.17102272808551788
YIL135C,YBR080C,0,0.97019917,0.27622097730636597,0.6534090638160706,0.1712121218442917
YNL008C,YGL225W,0,0.9680409,0.2759999930858612,0.6534090638160706,0.1714015156030655
YDR494W,YJR040W,0,0.967318,0.2757793664932251,0.6534090638160706,0.1715909093618393
YNL079C,YLR151C,0,0.96640736,0.27555909752845764,0.6534090638160706,0.1717803031206131
YGL162W,YGR179C,0,0.9653596,0.27533918619155884,0.6534090638160706,0.1719696968793869
YLR157C,YER125W,0,0.9647287,0.2751196026802063,0.6534090638160706,0.1721590906381607
YEL043W,YNL006W,0,0.96440434,0.2749004065990448,0.6534090638160706,0.1723484843969345
YMR087W,YAL039C,0,0.96436137,0.27468153834342957,0.6534090638160706,0.1725378781557083
YPL259C,YEL041W,0,0.96427053,0.2744629979133606,0.6534090638160706,0.17272727191448212
YLR228C,YJR034W,0,0.9639946,0.27424484491348267,0.6534090638160706,0.17291666567325592
YMR145C,YLR164W,1,0.9633284,0.27482128143310547,0.6553030014038086,0.17291666567325592
YIL083C,YDR260C,0,0.9631195,0.2746031880378723,0.6553030014038086,0.17310605943202972
YGL083W,YNR074C,0,0.96286243,0.2743854224681854,0.6553030014038086,0.17329545319080353
YMR315W,YEL040W,0,0.9628074,0.2741679847240448,0.6553030014038086,0.17348484694957733
YLR080W,YHR082C,0,0.9615379,0.2739509046077728,0.6553030014038086,0.17367424070835114
YNR044W,YBR074W,0,0.95894086,0.2737341821193695,0.6553030014038086,0.17386363446712494
YKL174C,YGL236C,0,0.9582656,0.27351778745651245,0.6553030014038086,0.17405302822589874
YNL085W,YNR004W,0,0.95779735,0.27330175042152405,0.6553030014038086,0.17424242198467255
YER125W,YPR091C,0,0.95729536,0.2730860412120819,0.6553030014038086,0.17443181574344635
YJR006W,YKL007W,0,0.95381886,0.27287065982818604,0.6553030014038086,0.17462120950222015
YOL054W,YLR213C,0,0.9534415,0.2726556360721588,0.6553030014038086,0.17481060326099396
YBL113C,YNL006W,0,0.95335495,0.27244094014167786,0.6553030014038086,0.17499999701976776
YLR009W,YOR311C,0,0.9525428,0.27222660183906555,0.6553030014038086,0.17518939077854156
YCL018W,YPL188W,0,0.9517922,0.2720125913619995,0.6553030014038086,0.17537878453731537
YHR164C,YGR281W,0,0.9515639,0.27179890871047974,0.6553030014038086,0.17556817829608917
YPR204W,YJL024C,0,0.951314,0.2715855538845062,0.6553030014038086,0.17575757205486298
YMR227C,YMR038C,0,0.9491706,0.27137255668640137,0.6553030014038086,0.17594696581363678
YIL061C,YKR019C,0,0.94895345,0.2711598873138428,0.6553030014038086,0.17613635957241058
YPL099C,YLL017W,0,0.94655913,0.27094754576683044,0.6553030014038086,0.1763257533311844
YOR291W,YHR041C,0,0.94634706,0.2707355320453644,0.6553030014038086,0.1765151470899582
YER087W,YGL060W,0,0.9456227,0.2705238461494446,0.6553030014038086,0.176704540848732
YHR029C,YNL302C,0,0.94447154,0.27031248807907104,0.6553030014038086,0.1768939346075058
YPR113W,YDL170W,0,0.9434555,0.27010148763656616,0.6553030014038086,0.1770833283662796
YLR197W,YCR002C,0,0.943096,0.26989078521728516,0.6553030014038086,0.1772727221250534
YDR353W,YNL284C,0,0.9422364,0.2696804404258728,0.6553030014038086,0.1774621158838272
YPL078C,YOR251C,0,0.9412564,0.2694703936576843,0.6553030014038086,0.177651509642601
YGL203C,YMR295C,0,0.9380247,0.2692607045173645,0.6553030014038086,0.17784090340137482
YJR028W,YHR156C,0,0.9371812,0.26905131340026855,0.6553030014038086,0.17803029716014862
YER049W,YDL206W,0,0.93682194,0.26884227991104126,0.6553030014038086,0.17821969091892242
YJR010W,YOR275C,0,0.9362704,0.26863354444503784,0.6553030014038086,0.17840908467769623
YKL171W,YGR246C,0,0.9362461,0.2684251368045807,0.6553030014038086,0.17859847843647003
YJR151C,YJL225C,0,0.93602395,0.2682170569896698,0.6553030014038086,0.17878787219524384
YLL041C,YLR164W,1,0.93477803,0.26878389716148376,0.6571969985961914,0.17878787219524384
YGR251W,YIL047C,0,0.93408227,0.26857584714889526,0.6571969985961914,0.17897726595401764
YAL040C,YGR185C,0,0.9325262,0.268368124961853,0.6571969985961914,0.17916665971279144
YMR272C,YNL122C,0,0.93213576,0.26816073060035706,0.6571969985961914,0.17935605347156525
YER014C-A,YKL130C,0,0.9313436,0.26795366406440735,0.6571969985961914,0.17954544723033905
YGR144W,YLR183C,0,0.9295773,0.2677469253540039,0.6571969985961914,0.17973485589027405
YLR182W,YML039W,0,0.92937434,0.26754048466682434,0.6571969985961914,0.17992424964904785
YDR371W,YDR410C,0,0.92737764,0.26733437180519104,0.6571969985961914,0.18011364340782166
YNL281W,YNR006W,0,0.9271803,0.2671285569667816,0.6571969985961914,0.18030303716659546
YER014C-A,YJL213W,0,0.9265683,0.26692306995391846,0.6571969985961914,0.18049243092536926
YOR291W,YPL127C,0,0.9257269,0.26671791076660156,0.6571969985961914,0.18068182468414307
YOR304C-A,YNL267W,0,0.9235537,0.26651304960250854,0.6571969985961914,0.18087121844291687
YER087W,YDL047W,0,0.9227088,0.2663085162639618,0.6571969985961914,0.18106061220169067
YHR119W,YCR002C,0,0.92204994,0.2661042809486389,0.6571969985961914,0.18125000596046448
YMR054W,YGR271W,0,0.9202625,0.2659003734588623,0.6571969985961914,0.18143939971923828
YDL206W,YOR393W,0,0.91874534,0.26569679379463196,0.6571969985961914,0.18162879347801208
YJL144W,YAL040C,0,0.91846967,0.2654934823513031,0.6571969985961914,0.1818181872367859
YEL069C,YOR304C-A,0,0.9184174,0.2652905285358429,0.6571969985961914,0.1820075809955597
YOR283W,YCL025C,0,0.9177032,0.2650878429412842,0.6571969985961914,0.1821969747543335
YMR172W,YDR109C,0,0.9162036,0.26488548517227173,0.6571969985961914,0.1823863685131073
YIL142W,YLR301W,0,0.9156217,0.26468345522880554,0.6571969985961914,0.1825757622718811
YLL051C,YLR380W,0,0.9153408,0.26448169350624084,0.6571969985961914,0.1827651560306549
YLL003W,YAR035W,0,0.9146492,0.2642802596092224,0.6571969985961914,0.1829545497894287
YER050C,YKL175W,0,0.91447824,0.26407915353775024,0.6571969985961914,0.18314394354820251
YOR147W,YPL183W-A,1,0.91246617,0.2646387815475464,0.6590909361839294,0.18314394354820251
YML051W,YJR151C,0,0.91217417,0.2644376754760742,0.6590909361839294,0.18333333730697632
YBR238C,YNL052W,1,0.9119952,0.264996200799942,0.6609848737716675,0.18333333730697632
YJL200C,YMR145C,1,0.9113162,0.26555386185646057,0.6628788113594055,0.18333333730697632
YKL090W,YKL171W,0,0.91066134,0.2653525471687317,0.6628788113594055,0.18352273106575012
YDR195W,YML039W,0,0.9101423,0.2651515007019043,0.6628788113594055,0.18371212482452393
YIL047C,YML128C,0,0.909704,0.26495078206062317,0.6628788113594055,0.18390151858329773
YJL171C,YPL011C,0,0.909478,0.2647503912448883,0.6628788113594055,0.18409091234207153
YJL149W,YNL219C,0,0.90921503,0.26455026865005493,0.6628788113594055,0.18428030610084534
YBR177C,YKL124W,0,0.90879804,0.26435044407844543,0.6628788113594055,0.18446969985961914
YPL150W,YNL122C,0,0.905238,0.2641509473323822,0.6628788113594055,0.18465909361839294
YGR268C,YBR192W,0,0.9051321,0.26395174860954285,0.6628788113594055,0.18484848737716675
YDL179W,YHR041C,0,0.9043148,0.263752818107605,0.6628788113594055,0.18503788113594055
YCR093W,YOL165C,0,0.9038525,0.2635542154312134,0.6628788113594055,0.18522727489471436
YJR036C,YCL024W,0,0.9032083,0.26335591077804565,0.6628788113594055,0.18541666865348816
YML052W,YBR093C,0,0.9026527,0.2631579041481018,0.6628788113594055,0.18560606241226196
YAR031W,YFL023W,0,0.90194273,0.26296016573905945,0.6628788113594055,0.18579545617103577
YJR078W,YFL057C,0,0.9016845,0.26276275515556335,0.6628788113594055,0.18598484992980957
YMR173W,YGR179C,0,0.9012536,0.26256564259529114,0.6628788113594055,0.18617424368858337
YGR216C,YML128C,0,0.900907,0.2623688280582428,0.6628788113594055,0.18636363744735718
YLR208W,YDR498C,0,0.9007469,0.26217228174209595,0.6628788113594055,0.18655303120613098
YER103W,YCL034W,0,0.9002246,0.261976033449173,0.6628788113594055,0.18674242496490479
YER154W,YDL128W,0,0.89934933,0.26178011298179626,0.6628788113594055,0.1869318187236786
YLR029C,YML132W,0,0.8989045,0.26158446073532104,0.6628788113594055,0.1871212124824524
YGR252W,YDR306C,0,0.8982444,0.2613891065120697,0.6628788113594055,0.1873106062412262
YKR020W,YML128C,0,0.8979397,0.26119402050971985,0.6628788113594055,0.1875
YHR214C-B,YLR016C,0,0.897816,0.26099926233291626,0.6628788113594055,0.1876893937587738
YJL087C,YJL114W,0,0.89764374,0.26080477237701416,0.6628788113594055,0.1878787875175476
YEL030W,YHR174W,0,0.8975864,0.26061058044433594,0.6628788113594055,0.1880681812763214
YOL057W,YPR006C,0,0.8969096,0.2604166567325592,0.6628788113594055,0.18825757503509521
YKL170W,YBR052C,0,0.89600945,0.26022306084632874,0.6628788113594055,0.18844696879386902
YBR282W,YDR353W,0,0.89486736,0.26002970337867737,0.6628788113594055,0.18863636255264282
YPL218W,YGR222W,0,0.894036,0.25983667373657227,0.6628788113594055,0.18882575631141663
YHR179W,YJL213W,0,0.8936716,0.25964391231536865,0.6628788113594055,0.18901515007019043
YMR112C,YIL140W,0,0.89127016,0.2594514489173889,0.6628788113594055,0.18920454382896423
YBR115C,YNR018W,0,0.89111894,0.25925925374031067,0.6628788113594055,0.18939393758773804
YKL217W,YJL144W,0,0.8903287,0.2590673565864563,0.6628788113594055,0.18958333134651184
YLR390W,YBR010W,0,0.8896241,0.2588757276535034,0.6628788113594055,0.18977272510528564
YJR028W,YKR035W-A,0,0.8891175,0.2586843967437744,0.6628788113594055,0.18996211886405945
YDL227C,YLR325C,0,0.88869447,0.2584933638572693,0.6628788113594055,0.19015151262283325
YMR269W,YBR141C,0,0.8884118,0.25830256938934326,0.6628788113594055,0.19034090638160706
YCR011C,YDR222W,0,0.8882678,0.2581121027469635,0.6628788113594055,0.19053030014038086
YLR187W,YNL092W,0,0.8855101,0.25792187452316284,0.6628788113594055,0.19071969389915466
YDR254W,YOR099W,0,0.88448226,0.25773194432258606,0.6628788113594055,0.19090908765792847
YJL225C,YLR005W,0,0.88425606,0.25754231214523315,0.6628788113594055,0.19109848141670227
YJR036C,YLR440C,0,0.88416266,0.25735294818878174,0.6628788113594055,0.19128787517547607
YMR227C,YLR301W,0,0.8835373,0.2571638524532318,0.6628788113594055,0.19147726893424988
YDL121C,YER090W,0,0.8820668,0.2569750249385834,0.6628788113594055,0.19166666269302368
YHL012W,YOR243C,0,0.8800973,0.2567864954471588,0.6628788113594055,0.19185605645179749
YEL037C,YFL033C,0,0.87971056,0.25659823417663574,0.6628788113594055,0.1920454502105713
YJL066C,YKL168C,0,0.87885064,0.25641027092933655,0.6628788113594055,0.1922348439693451
YMR123W,YGR012W,0,0.8783552,0.25622254610061646,0.6628788113594055,0.1924242377281189
YOL057W,YLL003W,0,0.87818366,0.25603511929512024,0.6628788113594055,0.1926136314868927
YKL165C,YDR262W,0,0.8775827,0.2558479607105255,0.6628788113594055,0.1928030252456665
YKL067W,YLR268W,0,0.87707835,0.2556610703468323,0.6628788113594055,0.1929924190044403
YPR204W,YNR060W,0,0.8764907,0.2554744482040405,0.6628788113594055,0.1931818127632141
YNL095C,YPR160W,0,0.8761557,0.25528812408447266,0.6628788113594055,0.19337120652198792
YEL043W,YOR187W,0,0.876034,0.2551020383834839,0.6628788113594055,0.19356060028076172
YKR055W,YJL172W,0,0.87568235,0.254916250705719,0.6628788113594055,0.19374999403953552
YDR263C,YJR149W,0,0.8754869,0.2547307014465332,0.6628788113594055,0.19393938779830933
YOL043C,YPR138C,0,0.87507886,0.2545454502105713,0.6628788113594055,0.19412878155708313
YPL273W,YOR251C,0,0.87478334,0.25436046719551086,0.6628788113594055,0.19431817531585693
YDR457W,YER162C,0,0.8744944,0.25417575240135193,0.6628788113594055,0.19450756907463074
YJL114W,YKL165C,0,0.8734245,0.2539913058280945,0.6628788113594055,0.19469696283340454
YMR087W,YDR497C,0,0.87333804,0.25380709767341614,0.6628788113594055,0.19488635659217834
YGR105W,YDR498C,0,0.8712594,0.25362318754196167,0.6628788113594055,0.19507575035095215
YER185W,YBR115C,0,0.8706909,0.2534395456314087,0.6628788113594055,0.19526514410972595
YEL037C,YPR152C,0,0.8705196,0.2532561421394348,0.6628788113594055,0.19545455276966095
YLL003W,YFL057C,0,0.87037057,0.2530730366706848,0.6628788113594055,0.19564394652843475
YNL273W,YJR031C,0,0.86954135,0.2528901696205139,0.6628788113594055,0.19583334028720856
YIL061C,YHR082C,0,0.8684338,0.2527075707912445,0.6628788113594055,0.19602273404598236
YKL013C,YBR282W,0,0.86646485,0.2525252401828766,0.6628788113594055,0.19621212780475616
YGR255C,YGL019W,0,0.86561316,0.25234317779541016,0.6628788113594055,0.19640152156352997
YPR196W,YNR031C,0,0.86461097,0.2521613836288452,0.6628788113594055,0.19659091532230377
YPR196W,YDL045W-A,0,0.86217475,0.2519798278808594,0.6628788113594055,0.19678030908107758
YJL187C,YGR118W,0,0.8617654,0.2517985701560974,0.6628788113594055,0.19696970283985138
YGL200C,YNL092W,0,0.8614949,0.25161755084991455,0.6628788113594055,0.19715909659862518
YEL070W,YNL208W,0,0.8608075,0.2514367699623108,0.6628788113594055,0.197348490357399
YOR378W,YLR359W,0,0.8584852,0.2512562870979309,0.6628788113594055,0.1975378841161728
YNL262W,YBL052C,0,0.8581477,0.2510760426521301,0.6628788113594055,0.1977272778749466
YIL083C,YHL027W,0,0.8575077,0.25089606642723083,0.6628788113594055,0.1979166716337204
YBR238C,YKR006C,1,0.85721695,0.2514326572418213,0.6647727489471436,0.1979166716337204
YFR018C,YGR143W,0,0.85647184,0.251252681016922,0.6647727489471436,0.1981060653924942
YJR028W,YKL067W,0,0.85421306,0.2510729730129242,0.6647727489471436,0.198295459151268
YPL257W-B,YLR227W-B,0,0.8541599,0.2508935034275055,0.6647727489471436,0.1984848529100418
YPR080W,YNL307C,0,0.8537586,0.2507142722606659,0.6647727489471436,0.1986742466688156
YHR002W,YOR148C,0,0.85172224,0.25053533911705017,0.6647727489471436,0.19886364042758942
YOR298W,YDL208W,0,0.85108465,0.25035664439201355,0.6647727489471436,0.19905303418636322
YMR049C,YGR185C,0,0.8503844,0.25017818808555603,0.6647727489471436,0.19924242794513702
YFL057C,YKL165C,0,0.8493869,0.25,0.6647727489471436,0.19943182170391083
YDR492W,YPL139C,0,0.84825796,0.24982206523418427,0.6647727489471436,0.19962121546268463
YDR207C,YPR160W,0,0.84766847,0.24964438378810883,0.6647727489471436,0.19981060922145844
YPR127W,YOR340C,0,0.84763294,0.24946695566177368,0.6647727489471436,0.20000000298023224
YJL187C,YMR176W,0,0.8472539,0.24928976595401764,0.6647727489471436,0.20018939673900604
YNL172W,YHR004C,0,0.8469897,0.24911284446716309,0.6647727489471436,0.20037879049777985
YJL087C,YDL198C,0,0.8469504,0.24893617630004883,0.6647727489471436,0.20056818425655365
YDR411C,YDR497C,0,0.84466916,0.24875974655151367,0.6647727489471436,0.20075757801532745
YOL010W,YLL033W,0,0.8442562,0.2485835701227188,0.6647727489471436,0.20094697177410126
YMR240C,YBR061C,0,0.8434734,0.24840764701366425,0.6647727489471436,0.20113636553287506
YHR214C-B,YML099C,0,0.84280413,0.24823196232318878,0.6647727489471436,0.20132575929164886
YHR209W,YGR216C,0,0.8420821,0.2480565309524536,0.6647727489471436,0.20151515305042267
YGR251W,YOL158C,0,0.8410177,0.24788135290145874,0.6647727489471436,0.20170454680919647
YIL088C,YLR219W,0,0.8389561,0.24770642817020416,0.6647727489471436,0.20189394056797028
YKL126W,YML039W,0,0.838901,0.2475317418575287,0.6647727489471436,0.20208333432674408
YDR151C,YMR239C,0,0.8379953,0.2473572939634323,0.6647727489471436,0.20227272808551788
YER185W,YDR403W,0,0.83614415,0.24718309938907623,0.6647727489471436,0.2024621218442917
YER175C,YNR044W,0,0.83590794,0.24700914323329926,0.6647727489471436,0.2026515156030655
YPR149W,YNL138W,0,0.8358038,0.24683544039726257,0.6647727489471436,0.2028409093618393
YDL036C,YOR226C,0,0.8339563,0.246661975979805,0.6647727489471436,0.2030303031206131
YGL209W,YAR002C-A,0,0.83351797,0.2464887648820877,0.6647727489471436,0.2032196968793869
YDR415C,YKL189W,0,0.8331618,0.24631579220294952,0.6647727489471436,0.2034090906381607
YOR291W,YOR180C,0,0.83184,0.24614305794239044,0.6647727489471436,0.2035984843969345
YGR252W,YGL220W,0,0.8303547,0.24597056210041046,0.6647727489471436,0.2037878781557083
YEL012W,YNL297C,0,0.82973415,0.24579831957817078,0.6647727489471436,0.20397727191448212
YML097C,YGR199W,0,0.8284785,0.2456263154745102,0.6647727489471436,0.20416666567325592
YKR057W,YKR026C,0,0.8282124,0.2454545497894287,0.6647727489471436,0.20435605943202972
YJR021C,YDR207C,0,0.82813394,0.24528302252292633,0.6647727489471436,0.20454545319080353
YOR323C,YIL083C,0,0.8279616,0.24511173367500305,0.6647727489471436,0.20473484694957733
YFL054C,YOL062C,0,0.82648504,0.24494068324565887,0.6647727489471436,0.20492424070835114
YBR278W,YDL206W,0,0.8261718,0.2447698712348938,0.6647727489471436,0.20511363446712494
YKL174C,YNL138W,0,0.8242418,0.24459929764270782,0.6647727489471436,0.20530302822589874
YKL171W,YLR425W,0,0.82373357,0.24442896246910095,0.6647727489471436,0.20549242198467255
YOR304C-A,YOR209C,0,0.823467,0.24425886571407318,0.6647727489471436,0.20568181574344635
YPR080W,YGL174W,0,0.8232921,0.2440890073776245,0.6647727489471436,0.20587120950222015
YHR179W,YDR226W,0,0.8225947,0.24391938745975494,0.6647727489471436,0.20606060326099396
YAL022C,YCL018W,0,0.8223255,0.24375000596046448,0.6647727489471436,0.20624999701976776
YMR273C,YMR304W,0,0.8216539,0.24358084797859192,0.6647727489471436,0.20643939077854156
YGR052W,YJL095W,0,0.8211464,0.24341192841529846,0.6647727489471436,0.20662878453731537
YLR026C,YCL032W,0,0.8208366,0.2432432472705841,0.6647727489471436,0.20681817829608917
YER050C,YGR144W,0,0.8200628,0.24307478964328766,0.6647727489471436,0.20700757205486298
YGR144W,YHR004C,0,0.8197528,0.2429065704345703,0.6647727489471436,0.20719696581363678
YPL276W,YFL066C,0,0.81819296,0.24273858964443207,0.6647727489471436,0.20738635957241058
YOR212W,YNR017W,0,0.81596535,0.24257083237171173,0.6647727489471436,0.2075757533311844
YOR304W,YLR033W,0,0.815862,0.2424033135175705,0.6647727489471436,0.2077651470899582
YDR034C,YOR283W,0,0.8153636,0.24223601818084717,0.6647727489471436,0.207954540848732
YJR010W,YFL033C,0,0.8152043,0.24206896126270294,0.6647727489471436,0.2081439346075058
YDR457W,YHR135C,0,0.81479734,0.24190214276313782,0.6647727489471436,0.2083333283662796
YPR011C,YLR182W,0,0.8146121,0.2417355328798294,0.6647727489471436,0.2085227221250534
YDL245C,YER130C,0,0.81367105,0.2415691614151001,0.6647727489471436,0.2087121158838272
YGR221C,YDL083C,0,0.81342083,0.2414030283689499,0.6647727489471436,0.208901509642601
YNR017W,YDR457W,0,0.8132637,0.2412371188402176,0.6647727489471436,0.20909090340137482
YNL297C,YHR082C,0,0.8131198,0.2410714328289032,0.6647727489471436,0.20928029716014862
YHR029C,YNL163C,0,0.8110523,0.2409059703350067,0.6647727489471436,0.20946969091892242
YLL051C,YHL012W,0,0.81032276,0.24074074625968933,0.6647727489471436,0.20965908467769623
YJL171C,YGL174W,0,0.8102823,0.24057573080062866,0.6647727489471436,0.20984847843647003
YER138C,YDR229W,0,0.8095365,0.2404109537601471,0.6647727489471436,0.21003787219524384
YBR243C,YHR051W,1,0.80888575,0.24093087017536163,0.6666666865348816,0.21003787219524384
YOR393W,YLL040C,0,0.80862844,0.24076607823371887,0.6666666865348816,0.21022726595401764
YNL117W,YBR243C,1,0.80807465,0.2412850260734558,0.6685606241226196,0.21022726595401764
YDR512C,YDR233C,0,0.8071961,0.24112021923065186,0.6685606241226196,0.21041665971279144
YIL108W,YGR027C,0,0.80695283,0.2409556359052658,0.6685606241226196,0.21060605347156525
YLR228C,YNL010W,0,0.80581254,0.24079127609729767,0.6685606241226196,0.21079544723033905
YNL202W,YBR282W,0,0.80523914,0.24062712490558624,0.6685606241226196,0.21098485589027405
YLR153C,YGL103W,0,0.80369556,0.24046321213245392,0.6685606241226196,0.21117424964904785
YKR057W,YDL202W,0,0.80357355,0.2402995228767395,0.6685606241226196,0.21136364340782166
YGR144W,YOL107W,0,0.802651,0.240136057138443,0.6685606241226196,0.21155303716659546
YOR323C,YKL201C,0,0.80226356,0.2399728149175644,0.6685606241226196,0.21174243092536926
YPR196W,YJL034W,0,0.8022441,0.2398097813129425,0.6685606241226196,0.21193182468414307
YER087W,YCL004W,0,0.80214304,0.23964698612689972,0.6685606241226196,0.21212121844291687
YDR067C,YOR285W,0,0.802023,0.23948439955711365,0.6685606241226196,0.21231061220169067
YNL314W,YJL225C,0,0.8019529,0.23932203650474548,0.6685606241226196,0.21250000596046448
YMR123W,YER090W,0,0.8016847,0.23915989696979523,0.6685606241226196,0.21268939971923828
YIL094C,YOR209C,0,0.8005102,0.23899796605110168,0.6685606241226196,0.21287879347801208
YBR002C,YOR099W,0,0.80007744,0.23883625864982605,0.6685606241226196,0.2130681872367859
YLR113W,YDL227C,0,0.7991014,0.23867477476596832,0.6685606241226196,0.2132575809955597
YML099C,YOR020C,0,0.7984508,0.2385135143995285,0.6685606241226196,0.2134469747543335
YBL058W,YOR304C-A,0,0.79821175,0.2383524626493454,0.6685606241226196,0.2136363685131073
YOL101C,YOR222W,0,0.79710746,0.2381916344165802,0.6685606241226196,0.2138257622718811
YEL043W,YDR195W,0,0.79620874,0.23803101480007172,0.6685606241226196,0.2140151560306549
YMR300C,YCR052W,0,0.7956676,0.23787061870098114,0.6685606241226196,0.2142045497894287
YPL099C,YFL010W-A,0,0.7950179,0.23771043121814728,0.6685606241226196,0.21439394354820251
YLL029W,YGR239C,0,0.7941948,0.23755046725273132,0.6685606241226196,0.21458333730697632
YOR301W,YGR246C,0,0.79267573,0.23739072680473328,0.6685606241226196,0.21477273106575012
YDR030C,YDL047W,0,0.78991085,0.23723118007183075,0.6685606241226196,0.21496212482452393
YKL203C,YLR160C,0,0.78988665,0.23707185685634613,0.6685606241226196,0.21515151858329773
YGL158W,YKL038W,0,0.7888857,0.23691275715827942,0.6685606241226196,0.21534091234207153
YCR060W,YDR222W,0,0.7861138,0.23675385117530823,0.6685606241226196,0.21553030610084534
YOR180C,YLR251W,0,0.78555125,0.23659516870975494,0.6685606241226196,0.21571969985961914
YPR200C,YGR246C,0,0.78519595,0.23643670976161957,0.6685606241226196,0.21590909361839294
YOR147W,YLR028C,1,0.7847683,0.23694778978824615,0.6704545617103577,0.21590909361839294
YOR291W,YNL273W,0,0.7842923,0.2367893010377884,0.6704545617103577,0.21609848737716675
YLR107W,YKL009W,0,0.78351945,0.23663102090358734,0.6704545617103577,0.21628788113594055
YLL019C,YEL056W,0,0.7823978,0.236472949385643,0.6704545617103577,0.21647727489471436
YDR090C,YNR004W,0,0.78177935,0.23631508648395538,0.6704545617103577,0.21666666865348816
YMR049C,YDR364C,0,0.7816924,0.23615743219852448,0.6704545617103577,0.21685606241226196
YOR297C,YPL183W-A,1,0.778349,0.23666666448116302,0.6723484992980957,0.21685606241226196
YKL119C,YPR080W,0,0.77684015,0.23650899529457092,0.6723484992980957,0.21704545617103577
YLR268W,YMR301C,0,0.7767356,0.23635153472423553,0.6723484992980957,0.21723484992980957
YGR180C,YDL128W,0,0.77459615,0.23619428277015686,0.6723484992980957,0.21742424368858337
YJR031C,YHR039C-A,0,0.7735094,0.2360372394323349,0.6723484992980957,0.21761363744735718
YPR196W,YOR074C,0,0.7731517,0.23588040471076965,0.6723484992980957,0.21780303120613098
YIL143C,YJR149W,0,0.77313983,0.23572377860546112,0.6723484992980957,0.21799242496490479
YMR284W,YIL142W,0,0.7722225,0.2355673462152481,0.6723484992980957,0.2181818187236786
YBR128C,YMR186W,0,0.7720911,0.235411137342453,0.6723484992980957,0.2183712124824524
YNR044W,YJL128C,0,0.7716828,0.2352551370859146,0.6723484992980957,0.2185606062412262
YOR025W,YNL122C,0,0.7712316,0.23509933054447174,0.6723484992980957,0.21875
YDR451C,YLR151C,0,0.7703088,0.23494374752044678,0.6723484992980957,0.2189393937587738
YLR141W,YIL177C,0,0.77026826,0.23478835821151733,0.6723484992980957,0.2191287875175476
YBR243C,YBR026C,1,0.7700157,0.23529411852359772,0.6742424368858337,0.2191287875175476
YBR183W,YNL274C,0,0.7697881,0.2351386994123459,0.6742424368858337,0.2193181812763214
YLR043C,YOR099W,0,0.7686914,0.23498350381851196,0.6742424368858337,0.21950757503509521
YOR209C,YNL092W,0,0.7683766,0.23482850193977356,0.6742424368858337,0.21969696879386902
YDR423C,YMR273C,0,0.76714444,0.23467369377613068,0.6742424368858337,0.21988636255264282
YKL171W,YPR127W,0,0.76693714,0.2345191091299057,0.6742424368858337,0.22007575631141663
YDL140C,YEL062W,0,0.76568013,0.23436471819877625,0.6742424368858337,0.22026515007019043
YNL080C,YGL071W,0,0.7656099,0.2342105209827423,0.6742424368858337,0.22045454382896423
YHR214C-B,YMR039C,0,0.7655608,0.23405654728412628,0.6742424368858337,0.22064393758773804
YLR244C,YJL213W,0,0.7654325,0.23390275239944458,0.6742424368858337,0.22083333134651184
YMR115W,YLR330W,0,0.7653082,0.2337491810321808,0.6742424368858337,0.22102272510528564
YPR083W,YGL051W,0,0.7643086,0.2335958033800125,0.6742424368858337,0.22121211886405945
YAL024C,YPR160W,0,0.7632231,0.23344261944293976,0.6742424368858337,0.22140151262283325
YGR169C,YPR080W,0,0.76284206,0.23328964412212372,0.6742424368858337,0.22159090638160706
YMR228W,YOL111C,0,0.7623964,0.2331368625164032,0.6742424368858337,0.22178030014038086
YNL016W,YML056C,0,0.76086444,0.2329842895269394,0.6742424368858337,0.22196969389915466
YOR239W,YLR160C,0,0.760008,0.2328319102525711,0.6742424368858337,0.22215908765792847
YMR054W,YMR034C,0,0.75989026,0.23267973959445953,0.6742424368858337,0.22234848141670227
YDL227C,YBR145W,0,0.75899976,0.23252776265144348,0.6742424368858337,0.22253787517547607
YOL028C,YBR222C,0,0.75872374,0.23237597942352295,0.6742424368858337,0.22272726893424988
YOR304C-A,YGL060W,0,0.7569816,0.23222438991069794,0.6742424368858337,0.22291666269302368
YJR034W,YBR141C,0,0.75671464,0.23207300901412964,0.6742424368858337,0.22310605645179749
YMR039C,YMR061W,0,0.75515616,0.23192182183265686,0.6742424368858337,0.2232954502105713
YNL236W,YAL024C,0,0.7541975,0.2317708283662796,0.6742424368858337,0.2234848439693451
YJL060W,YCR046C,0,0.7531601,0.23162004351615906,0.6742424368858337,0.2236742377281189
YOR291W,YFR045W,0,0.75246525,0.23146943747997284,0.6742424368858337,0.2238636314868927
YFR001W,YMR300C,0,0.7523117,0.23131904006004333,0.6742424368858337,0.2240530252456665
YGR077C,YNL078W,0,0.75222534,0.23116883635520935,0.6742424368858337,0.2242424190044403
YPR011C,YPL151C,0,0.7502969,0.2310188263654709,0.6742424368858337,0.2244318127632141
YNL079C,YMR114C,0,0.7500772,0.23086899518966675,0.6742424368858337,0.22462120652198792
YPL127C,YNL258C,0,0.7488122,0.23071937263011932,0.6742424368858337,0.22481060028076172
YMR137C,YPL087W,0,0.7483787,0.23056994378566742,0.6742424368858337,0.22499999403953552
YDL202W,YPR091C,0,0.74782056,0.23042070865631104,0.6742424368858337,0.22518938779830933
YMR218C,YNL238W,0,0.74762875,0.23027166724205017,0.6742424368858337,0.22537878155708313
YER103W,YGR070W,0,0.7473951,0.23012281954288483,0.6742424368858337,0.22556817531585693
YBR031W,YNL080C,0,0.7472512,0.229974165558815,0.6742424368858337,0.22575756907463074
YOL057W,YOL026C,0,0.74723655,0.2298256903886795,0.6742424368858337,0.22594696283340454
YPR011C,YDL070W,0,0.7464806,0.22967742383480072,0.6742424368858337,0.22613635659217834
YOR168W,YNL302C,0,0.74585825,0.22952933609485626,0.6742424368858337,0.22632575035095215
YJR107W,YDL097C,0,0.7446016,0.22938144207000732,0.6742424368858337,0.22651514410972595
YPR144C,YPL257W-B,0,0.74417955,0.2292337417602539,0.6742424368858337,0.22670455276966095
YKL174C,YFR045W,0,0.7435759,0.229086235165596,0.6742424368858337,0.22689394652843475
YGR214W,YIL042C,0,0.74277204,0.22893890738487244,0.6742424368858337,0.22708334028720856
YFL057C,YKL082C,0,0.7410861,0.22879177331924438,0.6742424368858337,0.22727273404598236
YGR070W,YNR060W,0,0.74072534,0.22864483296871185,0.6742424368858337,0.22746212780475616
YMR210W,YLR088W,0,0.73999417,0.22849807143211365,0.6742424368858337,0.22765152156352997
YOL165C,YML112W,0,0.7372981,0.22835150361061096,0.6742424368858337,0.22784091532230377
YLR164W,YHR051W,1,0.7368667,0.22884614765644073,0.6761363744735718,0.22784091532230377
YDL107W,YHR168W,0,0.73668313,0.22869955003261566,0.6761363744735718,0.22803030908107758
YER138C,YMR172W,0,0.7357061,0.22855313122272491,0.6761363744735718,0.22821970283985138
YDR026C,YMR025W,0,0.73460114,0.2284069061279297,0.6761363744735718,0.22840909659862518
YLL002W,YDR245W,0,0.7344361,0.22826087474822998,0.6761363744735718,0.228598490357399
YLR208W,YLR300W,0,0.73370355,0.2281150221824646,0.6761363744735718,0.2287878841161728
YNL085W,YHL012W,0,0.73314875,0.22796934843063354,0.6761363744735718,0.2289772778749466
YPL150W,YHR002W,0,0.73296636,0.227823868393898,0.6761363744735718,0.2291666716337204
YOR343W-B,YJL141C,0,0.73281044,0.2276785671710968,0.6761363744735718,0.2293560653924942
YNR002C,YGL190C,0,0.7328059,0.2275334596633911,0.6761363744735718,0.229545459151268
YBR067C,YPR060C,0,0.73275834,0.22738853096961975,0.6761363744735718,0.2297348529100418
YMR112C,YOR287C,0,0.73234195,0.2272437959909439,0.6761363744735718,0.2299242466688156
YLR182W,YCL034W,0,0.73081475,0.2270992398262024,0.6761363744735718,0.23011364042758942
YOR274W,YLR009W,0,0.73079866,0.2269548624753952,0.6761363744735718,0.23030303418636322
YOR239W,YNL238W,0,0.7307363,0.22681067883968353,0.6761363744735718,0.23049242794513702
YDR233C,YAL017W,0,0.73053545,0.2266666740179062,0.6761363744735718,0.23068182170391083
YFL057C,YGL220W,0,0.7297023,0.22652284801006317,0.6761363744735718,0.23087121546268463
YER055C,YDR423C,0,0.72969455,0.22637920081615448,0.6761363744735718,0.23106060922145844
YHR005C-A,YPL093W,0,0.7292635,0.2262357473373413,0.6761363744735718,0.23125000298023224
YMR020W,YIL094C,0,0.7288281,0.22609245777130127,0.6761363744735718,0.23143939673900604
YHR174W,YER087C-B,0,0.7279019,0.22594936192035675,0.6761363744735718,0.23162879049777985
YPL274W,YJL006C,0,0.72784346,0.22580644488334656,0.6761363744735718,0.23181818425655365
YER022W,YMR143W,0,0.72745216,0.22566372156143188,0.6761363744735718,0.23200757801532745
YDR174W,YFR045W,0,0.72597986,0.22552116215229034,0.6761363744735718,0.23219697177410126
YEL030W,YDL140C,0,0.72506964,0.22537878155708313,0.6761363744735718,0.23238636553287506
YIL108W,YKL095W,0,0.72442937,0.22523659467697144,0.6761363744735718,0.23257575929164886
YEL030W,YGR155W,0,0.7240281,0.22509457170963287,0.6761363744735718,0.23276515305042267
YMR114C,YLR301W,0,0.7230864,0.22495274245738983,0.6761363744735718,0.23295454680919647
YFR033C,YLR164W,1,0.7228407,0.22544080018997192,0.6780303120613098,0.23295454680919647
YBR059C,YDR353W,0,0.72158283,0.2252989262342453,0.6780303120613098,0.23314394056797028
YGR077C,YML128C,0,0.7214692,0.225157231092453,0.6780303120613098,0.23333333432674408
YMR136W,YMR273C,0,0.71972984,0.22501571476459503,0.6780303120613098,0.23352272808551788
YOL165C,YDL215C,0,0.71964794,0.2248743772506714,0.6780303120613098,0.2337121218442917
YDR137W,YBR093C,0,0.719075,0.22473320364952087,0.6780303120613098,0.2339015156030655
YMR315W,YLR130C,0,0.7190422,0.22459222376346588,0.6780303120613098,0.2340909093618393
YEL030W,YER052C,0,0.71807367,0.22445140779018402,0.6780303120613098,0.2342803031206131
YDR310C,YJL172W,0,0.7177583,0.2243107706308365,0.6780303120613098,0.2344696968793869
YHR029C,YKL067W,0,0.7171578,0.22417031228542328,0.6780303120613098,0.2346590906381607
YGR012W,YKL168C,0,0.7148314,0.2240300327539444,0.6780303120613098,0.2348484843969345
YOR187W,YBR192W,0,0.714671,0.22388993203639984,0.6780303120613098,0.2350378781557083
YLR440C,YOR298W,0,0.71462375,0.22374999523162842,0.6780303120613098,0.23522727191448212
YDL111C,YNL208W,0,0.7143706,0.22361023724079132,0.6780303120613098,0.23541666567325592
YER175C,YGL148W,0,0.71427697,0.22347065806388855,0.6780303120613098,0.23560605943202972
YDR076W,YOR393W,0,0.71419746,0.2233312577009201,0.6780303120613098,0.23579545319080353
YFL033C,YOL158C,0,0.7141688,0.2231920212507248,0.6780303120613098,0.23598484694957733
YDR164C,YPL167C,0,0.7136969,0.2230529636144638,0.6780303120613098,0.23617424070835114
YLR113W,YMR229C,0,0.7132364,0.22291406989097595,0.6780303120613098,0.23636363446712494
YJR051W,YHR005C-A,0,0.71214193,0.22277535498142242,0.6780303120613098,0.23655302822589874
YOR187W,YOR338W,0,0.7117635,0.22263681888580322,0.6780303120613098,0.23674242198467255
YCR030C,YOR275C,0,0.7113006,0.22249844670295715,0.6780303120613098,0.23693181574344635
YJL141C,YBR192W,0,0.71097887,0.2223602533340454,0.6780303120613098,0.23712120950222015
YOL043C,YIR032C,0,0.71058947,0.2222222238779068,0.6780303120613098,0.23731060326099396
YMR019W,YLR160C,0,0.7103078,0.22208437323570251,0.6780303120613098,0.23749999701976776
YML071C,YPR159W,0,0.70787865,0.22194668650627136,0.6780303120613098,0.23768939077854156
YLR080W,YCL018W,0,0.7067923,0.22180916368961334,0.6780303120613098,0.23787878453731537
YPR111W,YOR343W-B,0,0.70527107,0.22167181968688965,0.6780303120613098,0.23806817829608917
YDR405W,YPL276W,0,0.7050553,0.22153465449810028,0.6780303120613098,0.23825757205486298
YGL186C,YIL083C,0,0.7046386,0.22139765322208405,0.6780303120613098,0.23844696581363678
YGR010W,YNL138W,0,0.70409715,0.22126081585884094,0.6780303120613098,0.23863635957241058
YAL016W,YBR257W,0,0.7039498,0.22112415730953217,0.6780303120613098,0.2388257533311844
YPR204W,YGR239C,0,0.70340574,0.22098764777183533,0.6780303120613098,0.2390151470899582
YPR011C,YPR119W,0,0.7023106,0.220851331949234,0.6780303120613098,0.239204540848732
YKL130C,YLR042C,0,0.7019428,0.22071516513824463,0.6780303120613098,0.2393939346075058
YPL276W,YJR053W,0,0.70129806,0.22057917714118958,0.6780303120613098,0.2395833283662796
YDR261C-D,YIL046W,0,0.70025617,0.22044335305690765,0.6780303120613098,0.2397727221250534
YNL131W,YMR295C,0,0.69686854,0.22030769288539886,0.6780303120613098,0.2399621158838272
YDR373W,YLR151C,0,0.69685775,0.2201721966266632,0.6780303120613098,0.240151509642601
YDL170W,YJR112W,0,0.6963174,0.22003687918186188,0.6780303120613098,0.24034090340137482
YOL112W,YDR496C,0,0.6962369,0.21990172564983368,0.6780303120613098,0.24053029716014862
YLR312W-A,YJL200C,1,0.6959271,0.22038060426712036,0.6799242496490479,0.24053029716014862
YOR054C,YJL206C,0,0.6958109,0.22024540603160858,0.6799242496490479,0.24071969091892242
YCR014C,YFL033C,0,0.695274,0.22011035680770874,0.6799242496490479,0.24090908467769623
YOR301W,YOR382W,0,0.69460243,0.21997548639774323,0.6799242496490479,0.24109847843647003
YLR429W,YHR174W,0,0.6929607,0.21984077990055084,0.6799242496490479,0.24128787219524384
YGR112W,YLR164W,1,0.6925326,0.2203182429075241,0.6818181872367859,0.24128787219524384
YOR351C,YJL082W,0,0.69230217,0.22018349170684814,0.6818181872367859,0.24147726595401764
YPL259C,YNR018W,0,0.6921595,0.2200489044189453,0.6818181872367859,0.24166665971279144
YOL112W,YGR089W,0,0.6903992,0.2199144810438156,0.6818181872367859,0.24185605347156525
YER074W,YFR036W,0,0.6903555,0.21978022158145905,0.6818181872367859,0.24204544723033905
YDL133C-A,YKL053C-A,0,0.69028383,0.2196461260318756,0.6818181872367859,0.24223485589027405
YJL114W,YDL021W,0,0.6895906,0.2195121943950653,0.6818181872367859,0.24242424964904785
YJR138W,YGL183C,0,0.68878525,0.21937842667102814,0.6818181872367859,0.24261364340782166
YNL239W,YJR063W,0,0.6875568,0.2192448228597641,0.6818181872367859,0.24280303716659546
YBR172C,YOR338W,0,0.6875487,0.2191113829612732,0.6818181872367859,0.24299243092536926
YLR206W,YLR160C,0,0.68634254,0.21897810697555542,0.6818181872367859,0.24318182468414307
YBR066C,YGR185C,0,0.6861957,0.21884498000144958,0.6818181872367859,0.24337121844291687
YLR043C,YFL054C,0,0.6858264,0.21871203184127808,0.6818181872367859,0.24356061220169067
YLR228C,YML006C,0,0.68319446,0.2185792326927185,0.6818181872367859,0.24375000596046448
YDR064W,YIL061C,0,0.68314034,0.21844659745693207,0.6818181872367859,0.24393939971923828
YKL093W,YBR243C,1,0.6827774,0.21892055869102478,0.6837121248245239,0.24393939971923828
YCL014W,YKL180W,0,0.68243843,0.21878787875175476,0.6837121248245239,0.24412879347801208
YJL004C,YPL104W,0,0.6814255,0.21865536272525787,0.6837121248245239,0.2443181872367859
YDR498C,YMR143W,0,0.681302,0.21852299571037292,0.6837121248245239,0.2445075809955597
YMR146C,YPL027W,0,0.6801278,0.2183908075094223,0.6837121248245239,0.2446969747543335
YPL002C,YJL029C,0,0.67992955,0.21825876832008362,0.6837121248245239,0.2448863685131073
YPL150W,YBL113C,0,0.6796549,0.21812689304351807,0.6837121248245239,0.2450757622718811
YDR492W,YDL040C,0,0.6776622,0.21799516677856445,0.6837121248245239,0.2452651560306549
YOR239W,YIL076W,0,0.6772602,0.21786360442638397,0.6837121248245239,0.2454545497894287
YNR006W,YML030W,0,0.6759655,0.21773220598697662,0.6837121248245239,0.24564394354820251
YNR004W,YBL091C-A,0,0.6756924,0.2176009714603424,0.6837121248245239,0.24583333730697632
YPL064C,YKR019C,0,0.67487913,0.21746988594532013,0.6837121248245239,0.24602273106575012
YKL171W,YOR194C,0,0.6744428,0.2173389494419098,0.6837121248245239,0.24621212482452393
YOL057W,YKR068C,0,0.6741724,0.21720817685127258,0.6837121248245239,0.24640151858329773
YNL208W,YFL023W,0,0.6740646,0.2170775681734085,0.6837121248245239,0.24659091234207153
YOR239W,YPR159W,0,0.6733168,0.21694710850715637,0.6837121248245239,0.24678030610084534
YBR002C,YOL151W,0,0.6729496,0.21681681275367737,0.6837121248245239,0.24696969985961914
YMR319C,YKL130C,0,0.67294765,0.2166866809129715,0.6837121248245239,0.24715909361839294
YBR202W,YER101C,0,0.6710978,0.21655668318271637,0.6837121248245239,0.24734848737716675
YOL045W,YBR196C,0,0.670811,0.21642686426639557,0.6837121248245239,0.24753788113594055
YKR056W,YMR321C,0,0.6706991,0.2162971794605255,0.6837121248245239,0.24772727489471436
YKR054C,YKL206C,0,0.6701134,0.2161676585674286,0.6837121248245239,0.24791666865348816
YPL252C,YBR115C,0,0.66868854,0.2160383015871048,0.6837121248245239,0.24810606241226196
YOR212W,YGR169C,0,0.66691047,0.21590909361839294,0.6837121248245239,0.24829545617103577
YHR056C,YPL151C,0,0.66661507,0.21578003466129303,0.6837121248245239,0.24848484992980957
YIL108W,YLR389C,0,0.66561174,0.21565113961696625,0.6837121248245239,0.24867424368858337
YLR295C,YAL063C,0,0.6655064,0.2155223935842514,0.6837121248245239,0.24886363744735718
YDR026C,YPL065W,0,0.6641523,0.2153937965631485,0.6837121248245239,0.24905303120613098
YMR136W,YGR027C,0,0.6637925,0.21526534855365753,0.6837121248245239,0.24924242496490479
YMR276W,YKL161C,0,0.66372263,0.2151370644569397,0.6837121248245239,0.2494318187236786
YGL183C,YLL033W,0,0.6629704,0.2150089293718338,0.6837121248245239,0.2496212124824524
YGR171C,YMR137C,0,0.6628786,0.21488095819950104,0.6837121248245239,0.2498106062412262
YLR224W,YLR309C,0,0.66235155,0.21475312113761902,0.6837121248245239,0.25
YMR173W,YNR010W,0,0.6623218,0.21462544798851013,0.6837121248245239,0.2501893937587738
YDL054C,YIL177C,0,0.66202605,0.21449792385101318,0.6837121248245239,0.2503787875175476
YBL112C,YDR403W,0,0.660495,0.21437054872512817,0.6837121248245239,0.2505681812763214
YFR045W,YBR093C,0,0.6601166,0.2142433226108551,0.6837121248245239,0.2507575750350952
YEL031W,YPL002C,0,0.65885156,0.21411624550819397,0.6837121248245239,0.250946968793869
YDR131C,YKL124W,0,0.65813833,0.21398933231830597,0.6837121248245239,0.2511363625526428
YAR027W,YKL096W-A,0,0.6576994,0.2138625532388687,0.6837121248245239,0.2513257563114166
YPR162C,YNR018W,0,0.6572868,0.2137359380722046,0.6837121248245239,0.25151515007019043
YNR004W,YMR090W,0,0.6571368,0.2136094719171524,0.6837121248245239,0.25170454382896423
YAR002C-A,YCR087C-A,0,0.65684366,0.21348313987255096,0.6837121248245239,0.25189393758773804
YLR005W,YLR224W,0,0.6557135,0.21335697174072266,0.6837121248245239,0.25208333134651184
YBR093C,YDR262W,0,0.65541226,0.2132309526205063,0.6837121248245239,0.25227272510528564
YDR453C,YIL177C,0,0.6552809,0.21310508251190186,0.6837121248245239,0.25246211886405945
YDR423C,YFL002W-B,0,0.65492874,0.21297934651374817,0.6837121248245239,0.25265151262283325
YPR043W,YDR261W-A,0,0.65472,0.21285377442836761,0.6837121248245239,0.25284090638160706
YBR195C,YDR453C,0,0.65455645,0.212728351354599,0.6837121248245239,0.25303030014038086
YHR179W,YJR103W,0,0.6542482,0.21260306239128113,0.6837121248245239,0.25321969389915466
YKR103W,YGR281W,0,0.65377575,0.2124779224395752,0.6837121248245239,0.25340908765792847
YJR004C,YDR494W,0,0.65359014,0.2123529464006424,0.6837121248245239,0.25359848141670227
YKL061W,YMR246W,0,0.6532909,0.21222810447216034,0.6837121248245239,0.2537878751754761
YLR028C,YOR355W,1,0.6521971,0.21269094944000244,0.685606062412262,0.2537878751754761
YJL194W,YML058W-A,0,0.6519505,0.2125660628080368,0.685606062412262,0.2539772689342499
YOR239W,YLL012W,0,0.6513178,0.2124413102865219,0.685606062412262,0.2541666626930237
YPL276W,YCR011C,0,0.6502384,0.21231672167778015,0.685606062412262,0.2543560564517975
YER168C,YAL029C,0,0.64770454,0.21219226717948914,0.685606062412262,0.2545454502105713
YMR276W,YKL171W,0,0.64700615,0.21206796169281006,0.685606062412262,0.2547348439693451
YKR002W,YIR038C,0,0.6469987,0.21194379031658173,0.685606062412262,0.2549242377281189
YPR196W,YOR142W-B,0,0.646789,0.21181978285312653,0.685606062412262,0.2551136314868927
YMR013C,YMR180C,0,0.64649045,0.21169590950012207,0.685606062412262,0.2553030252456665
YJL114W,YKL206C,0,0.6462798,0.21157218515872955,0.685606062412262,0.2554924190044403
YPR191W,YJL200C,1,0.64593476,0.21203270554542542,0.6875,0.2554924190044403
YPL276W,YDR353W,0,0.64526147,0.21190893650054932,0.6875,0.2556818127632141
YBR052C,YBR192W,0,0.64505893,0.21178530156612396,0.6875,0.2558712065219879
YBR037C,YCL032W,0,0.6443093,0.21166180074214935,0.6875,0.2560606002807617
YGR175C,YNL182C,0,0.6441885,0.21153846383094788,0.6875,0.2562499940395355
YLR141W,YMR099C,0,0.6440541,0.21141526103019714,0.6875,0.2564393877983093
YHR179W,YBR282W,0,0.64148134,0.21129220724105835,0.6875,0.25662878155708313
YKR054C,YLR391W-A,0,0.6414271,0.2111692875623703,0.6875,0.25681817531585693
YBR052C,YHR174W,0,0.64069754,0.2110465168952942,0.6875,0.25700756907463074
YKR066C,YIR018W,0,0.6406968,0.21092388033866882,0.6875,0.25719696283340454
YNL160W,YOR251C,0,0.64061207,0.2108013927936554,0.6875,0.25738635659217834
YPR035W,YIL140W,0,0.6402162,0.2106790542602539,0.6875,0.25757575035095215
YDL084W,YIL061C,0,0.64012784,0.21055684983730316,0.6875,0.25776514410972595
YER150W,YIL083C,0,0.639439,0.21043477952480316,0.6875,0.25795453786849976
YGL212W,YNL290W,0,0.6391222,0.2103128582239151,0.6875,0.25814393162727356
YMR112C,YMR180C,0,0.63766813,0.21019108593463898,0.6875,0.25833332538604736
YDR144C,YPR080W,0,0.63757175,0.2100694477558136,0.6875,0.25852271914482117
YLL019C,YFL002W-B,0,0.6375014,0.20994794368743896,0.6875,0.25871211290359497
YLR191W,YDL206W,0,0.63747466,0.20982658863067627,0.6875,0.2589015066623688
YBR150C,YHR209W,0,0.6368608,0.20970536768436432,0.6875,0.2590909004211426
YJL200C,YFR033C,1,0.63668245,0.21016165614128113,0.689393937587738,0.2590909004211426
YMR090W,YMR099C,0,0.63595384,0.2100403904914856,0.689393937587738,0.2592802941799164
YDL070W,YOR123C,0,0.6358995,0.2099192589521408,0.689393937587738,0.2594696879386902
YLR353W,YMR203W,0,0.63391453,0.20979827642440796,0.689393937587738,0.259659081697464
YCL043C,YLR278C,0,0.6337727,0.20967741310596466,0.689393937587738,0.2598484754562378
YJR147W,YER145C,0,0.6337624,0.2095567137002945,0.689393937587738,0.2600378692150116
YLL034C,YMR300C,0,0.63341254,0.20943613350391388,0.689393937587738,0.2602272629737854
YER098W,YIL046W,0,0.63288087,0.2093157023191452,0.689393937587738,0.2604166567325592
YBR294W,YDR062W,0,0.6325142,0.20919540524482727,0.689393937587738,0.260606050491333
YGL083W,YER117W,0,0.63220847,0.20907524228096008,0.689393937587738,0.2607954442501068
YNL223W,YMR034C,0,0.6317939,0.20895522832870483,0.689393937587738,0.2609848380088806
YBL112C,YMR272C,0,0.63159,0.20883534848690033,0.689393937587738,0.2611742317676544
YAL063C,YLR025W,0,0.63154435,0.20871560275554657,0.689393937587738,0.2613636255264282
YLR256W-A,YLR033W,0,0.6310566,0.20859599113464355,0.689393937587738,0.261553019285202
YBR278W,YDR222W,0,0.63086087,0.20847651362419128,0.689393937587738,0.26174241304397583
YDR034C,YGR072W,0,0.63018113,0.20835718512535095,0.689393937587738,0.26193180680274963
YOL057W,YER014C-A,0,0.62877584,0.20823799073696136,0.689393937587738,0.26212120056152344
YJL178C,YDL047W,0,0.6287683,0.20811893045902252,0.689393937587738,0.26231059432029724
YLR209C,YGR222W,0,0.62870187,0.20800000429153442,0.689393937587738,0.26249998807907104
YHR211W,YKL001C,0,0.62832206,0.20788121223449707,0.689393937587738,0.26268938183784485
YGR252W,YJR112W,0,0.6273869,0.20776255428791046,0.689393937587738,0.26287877559661865
YGR238C,YLR224W,0,0.627312,0.2076440453529358,0.689393937587738,0.26306816935539246
YBR294W,YLR401C,0,0.62712383,0.20752565562725067,0.689393937587738,0.26325756311416626
YCL074W,YOR187W,0,0.6271002,0.2074074000120163,0.689393937587738,0.26344695687294006
YDR034C,YLR213C,0,0.626741,0.20728929340839386,0.689393937587738,0.26363635063171387
YJR004C,YDR449C,0,0.62602437,0.20717132091522217,0.689393937587738,0.26382574439048767
YJL144W,YLR026C,0,0.62528825,0.20705346763134003,0.689393937587738,0.2640151381492615
YLR264W,YIL177C,0,0.62494916,0.20693576335906982,0.689393937587738,0.2642045319080353
YOR251C,YDR392W,0,0.6247996,0.20681817829608917,0.689393937587738,0.2643939256668091
YJR149W,YLR440C,0,0.62419707,0.20670074224472046,0.689393937587738,0.2645833194255829
YGR288W,YIL080W,0,0.6234594,0.2065834254026413,0.689393937587738,0.2647727131843567
YLR025W,YOL108C,0,0.62345827,0.20646625757217407,0.689393937587738,0.2649621069431305
YGL122C,YDL128W,0,0.62284654,0.2063492089509964,0.689393937587738,0.2651515007019043
YDR254W,YER185W,0,0.6225045,0.20623229444026947,0.689393937587738,0.2653408944606781
YLL002W,YPL042C,0,0.62226635,0.2061155140399933,0.689393937587738,0.2655302882194519
YHR164C,YDR261W-A,0,0.6203429,0.20599886775016785,0.689393937587738,0.2657197117805481
YOR297C,YBR238C,1,0.61959785,0.20644795894622803,0.6912878751754761,0.2657197117805481
YGL158W,YCR093W,0,0.6193657,0.206331267952919,0.6912878751754761,0.2659091055393219
YDL206W,YPL094C,0,0.6193412,0.20621469616889954,0.6912878751754761,0.2660984992980957
YJR034W,YGL190C,0,0.6190688,0.20609824359416962,0.6912878751754761,0.2662878930568695
YOR084W,YMR034C,0,0.61865467,0.20598194003105164,0.6912878751754761,0.2664772868156433
YAL054C,YBR271W,0,0.6182653,0.2058657705783844,0.6912878751754761,0.2666666805744171
YNL258C,YPR163C,0,0.6175127,0.2057497203350067,0.6912878751754761,0.2668560743331909
YOR343W-B,YGR145W,0,0.61690897,0.20563380420207977,0.6912878751754761,0.2670454680919647
YFR013W,YJR119C,0,0.616371,0.20551802217960358,0.6912878751754761,0.2672348618507385
YNL281W,YOR294W,0,0.61511606,0.20540235936641693,0.6912878751754761,0.26742425560951233
YDR072C,YML128C,0,0.61506397,0.20528684556484222,0.6912878751754761,0.26761364936828613
YPR196W,YMR038C,0,0.614227,0.20517145097255707,0.6912878751754761,0.26780304312705994
YER087W,YPL167C,0,0.61350125,0.20505617558956146,0.6912878751754761,0.26799243688583374
YDL246C,YLR301W,0,0.6131206,0.2049410492181778,0.6912878751754761,0.26818183064460754
YAL033W,YLR113W,0,0.6125583,0.20482604205608368,0.6912878751754761,0.26837122440338135
YJL006C,YLR042C,0,0.61181384,0.2047111541032791,0.6912878751754761,0.26856061816215515
YOL052C,YLR390W,0,0.6114909,0.2045964151620865,0.6912878751754761,0.26875001192092896
YBL005W-B,YLR383W,0,0.61110616,0.2044817954301834,0.6912878751754761,0.26893940567970276
YGR255C,YCR002C,0,0.60901254,0.20436729490756989,0.6912878751754761,0.26912879943847656
YGL158W,YIL006W,0,0.6084098,0.2042529433965683,0.6912878751754761,0.26931819319725037
YBR006W,YBL113C,0,0.6083133,0.20413869619369507,0.6912878751754761,0.26950758695602417
YCL043C,YOR209C,0,0.6080553,0.20402459800243378,0.6912878751754761,0.269696980714798
YMR194W,YPR119W,0,0.6074972,0.20391061902046204,0.6912878751754761,0.2698863744735718
YLL003W,YCR087C-A,0,0.6073271,0.20379675924777985,0.6912878751754761,0.2700757682323456
YBR080C,YNL258C,0,0.6067689,0.2036830335855484,0.6912878751754761,0.2702651619911194
YLR312W-A,YBR238C,1,0.60658014,0.20412716269493103,0.6931818127632141,0.2702651619911194
YDR151C,YGL019W,0,0.6065423,0.2040133774280548,0.6931818127632141,0.2704545557498932
YNL010W,YHR174W,0,0.6062575,0.20389972627162933,0.6931818127632141,0.270643949508667
YOL165C,YFL002W-B,0,0.60462993,0.2037861943244934,0.6931818127632141,0.2708333432674408
YCL008C,YKL003C,0,0.60245806,0.20367278158664703,0.6931818127632141,0.2710227370262146
YGL225W,YLL055W,0,0.60183746,0.2035595178604126,0.6931818127632141,0.2712121307849884
YHR074W,YML052W,0,0.60125196,0.20344635844230652,0.6931818127632141,0.2714015245437622
YMR038C,YDR146C,0,0.60078883,0.20333333313465118,0.6931818127632141,0.271590918302536
YOR138C,YMR160W,0,0.60029894,0.2032204270362854,0.6931818127632141,0.2717803120613098
YCL004W,YDL097C,0,0.6001709,0.20310765504837036,0.6931818127632141,0.2719697058200836
YMR300C,YDR337W,0,0.59918356,0.20299500226974487,0.6931818127632141,0.2721590995788574
YHR039C-A,YDL083C,0,0.5986063,0.20288248360157013,0.6931818127632141,0.2723484933376312
YFR001W,YMR272C,0,0.59829915,0.20277008414268494,0.6931818127632141,0.27253788709640503
YPR171W,YLL061W,0,0.59716505,0.2026578038930893,0.6931818127632141,0.27272728085517883
YDR109C,YBL079W,0,0.5971155,0.2025456577539444,0.6931818127632141,0.27291667461395264
YLR028C,YBR238C,1,0.5967386,0.2029867321252823,0.6950757503509521,0.27291667461395264
YOR142W-B,YDR059C,0,0.5967214,0.20287451148033142,0.6950757503509521,0.27310606837272644
YFL013C,YMR099C,0,0.59547406,0.2027624249458313,0.6950757503509521,0.27329546213150024
YBL112C,YDR364C,0,0.5935584,0.20265047252178192,0.6950757503509521,0.27348485589027405
YGL237C,YMR321C,0,0.5935397,0.2025386244058609,0.6950757503509521,0.27367424964904785
YNL044W,YHR060W,0,0.5935372,0.20242691040039062,0.6950757503509521,0.27386364340782166
YDL061C,YOR299W,0,0.5924377,0.2023153305053711,0.6950757503509521,0.27405303716659546
YDR457W,YJL128C,0,0.59189206,0.20220385491847992,0.6950757503509521,0.27424243092536926
YKL093W,YOR355W,1,0.5912338,0.20264317095279694,0.6969696879386902,0.27424243092536926
YKL097W-A,YHR057C,0,0.5905703,0.20253165066242218,0.6969696879386902,0.27443182468414307
YPL223C,YLR073C,0,0.5885932,0.20242023468017578,0.6969696879386902,0.27462121844291687
YML028W,YMR115W,0,0.58805615,0.20230896770954132,0.6969696879386902,0.2748106122016907
YJL114W,YJL225C,0,0.5878358,0.20219780504703522,0.6969696879386902,0.2750000059604645
YBR260C,YOL165C,0,0.5876427,0.20208676159381866,0.6969696879386902,0.2751893997192383
YOR176W,YGR105W,0,0.5870151,0.20197585225105286,0.6969696879386902,0.2753787934780121
YNL262W,YDR262W,0,0.5869793,0.2018650621175766,0.6969696879386902,0.2755681872367859
YDL029W,YDR494W,0,0.5843606,0.2017543911933899,0.6969696879386902,0.2757575809955597
YOR283W,YJL206C,0,0.58363193,0.20164383947849274,0.6969696879386902,0.2759469747543335
YOL090W,YKR035W-A,0,0.581856,0.20153340697288513,0.6969696879386902,0.2761363685131073
YPR137C-A,YOR377W,0,0.5804158,0.20142309367656708,0.6969696879386902,0.2763257622718811
YER171W,YLR278C,0,0.580334,0.20131291449069977,0.6969696879386902,0.2765151560306549
YOR232W,YDR262W,0,0.5803334,0.20120283961296082,0.6969696879386902,0.2767045497894287
YLR153C,YMR210W,0,0.5796025,0.2010928988456726,0.6969696879386902,0.2768939435482025
YCL036W,YOL141W,0,0.5789545,0.20098306238651276,0.6969696879386902,0.2770833373069763
YBR196C,YPL134C,0,0.5784684,0.20087336003780365,0.6969696879386902,0.2772727310657501
YMR241W,YNL219C,0,0.57810634,0.2007637768983841,0.6969696879386902,0.2774621248245239
YPR194C,YBL098W,0,0.5780799,0.2006543129682541,0.6969696879386902,0.27765151858329773
YDR207C,YNL208W,0,0.5779852,0.20054495334625244,0.6969696879386902,0.27784091234207153
YNL231C,YKL020C,0,0.5767879,0.20043572783470154,0.6969696879386902,0.27803030610084534
YNL127W,YOR343W-B,0,0.5762239,0.20032662153244019,0.6969696879386902,0.27821969985961914
YOR106W,YKL097W-A,0,0.57552165,0.20021763443946838,0.6969696879386902,0.27840909361839294
YOR274W,YKR035W-A,0,0.57438487,0.20010875165462494,0.6969696879386902,0.27859848737716675
YNL273W,YBR074W,0,0.57431126,0.20000000298023224,0.6969696879386902,0.27878788113594055
YKR054C,YOR142W-A,0,0.5736932,0.1998913586139679,0.6969696879386902,0.27897727489471436
YOR142W-A,YBR222C,0,0.573473,0.1997828483581543,0.6969696879386902,0.27916666865348816
YNR057C,YNL092W,0,0.5732582,0.19967444241046906,0.6969696879386902,0.27935606241226196
YDR245W,YDR218C,0,0.5716195,0.19956615567207336,0.6969696879386902,0.27954545617103577
YPR158C-C,YPR137W,0,0.5706102,0.19945798814296722,0.6969696879386902,0.27973484992980957
YML058W-A,YCR097WB,0,0.5703673,0.19934993982315063,0.6969696879386902,0.2799242436885834
YDR449C,YMR300C,0,0.5694185,0.1992420107126236,0.6969696879386902,0.2801136374473572
YMR319C,YLR103C,0,0.56929463,0.1991342008113861,0.6969696879386902,0.280303031206131
YKR066C,YOR226C,0,0.56895626,0.19902649521827698,0.6969696879386902,0.2804924249649048
YJL140W,YMR295C,0,0.56884223,0.1989189237356186,0.6969696879386902,0.2806818187236786
YCR080W,YKL015W,0,0.5687411,0.19881145656108856,0.6969696879386902,0.2808712124824524
YBR080C,YLR088W,0,0.5683632,0.19870410859584808,0.6969696879386902,0.2810606062412262
YMR117C,YMR008C,0,0.56809086,0.19859686493873596,0.6969696879386902,0.28125
YDR030C,YDR210C-C,0,0.56774753,0.19848975539207458,0.6969696879386902,0.2814393937587738
YCR057C,YLR224W,0,0.5674024,0.19838275015354156,0.6969696879386902,0.2816287875175476
YLR410W-A,YOL028C,0,0.5664263,0.1982758641242981,0.6969696879386902,0.2818181812763214
YOL103W-B,YKR055W,0,0.56609595,0.19816909730434418,0.6969696879386902,0.2820075750350952
YJL192C,YDL170W,0,0.56576675,0.19806243479251862,0.6969696879386902,0.282196968793869
YDL061C,YFL054C,0,0.5656736,0.1979558914899826,0.6969696879386902,0.2823863625526428
YDR261C-D,YDL216C,0,0.5655454,0.19784946739673615,0.6969696879386902,0.2825757563114166
YDR196C,YMR176W,0,0.5653612,0.19774314761161804,0.6969696879386902,0.28276515007019043
YKR071C,YBR261C,0,0.5650812,0.1976369470357895,0.6969696879386902,0.28295454382896423
YPR137C-A,YJL214W,0,0.56444436,0.1975308656692505,0.6969696879386902,0.28314393758773804
YDL039C,YGL148W,0,0.5640087,0.19742488861083984,0.6969696879386902,0.28333333134651184
YLR380W,YOL040C,0,0.56326735,0.19731903076171875,0.6969696879386902,0.28352272510528564
YPL122C,YMR246W,0,0.56294745,0.1972132921218872,0.6969696879386902,0.28371211886405945
YER098W,YGR175C,0,0.5626487,0.19710765779018402,0.6969696879386902,0.28390151262283325
YER168C,YJR063W,0,0.56158227,0.19700214266777039,0.6969696879386902,0.28409090638160706
YLR391W,YGL163C,0,0.560898,0.1968967318534851,0.6969696879386902,0.28428030014038086
YJR082C,YDR451C,0,0.560613,0.19679144024848938,0.6969696879386902,0.28446969389915466
YMR300C,YDR403W,0,0.56005853,0.1966862678527832,0.6969696879386902,0.28465908765792847
YMR172W,YER052C,0,0.5592707,0.19658119976520538,0.6969696879386902,0.28484848141670227
YOL103W-B,YJL024C,0,0.55893207,0.19647623598575592,0.6969696879386902,0.2850378751754761
YJL117W,YDR109C,0,0.55800825,0.196371391415596,0.6969696879386902,0.2852272689342499
YGR271W,YDR281C,0,0.5561617,0.19626666605472565,0.6969696879386902,0.2854166626930237
YDL029W,YLR391W,0,0.5547764,0.19616204500198364,0.6969696879386902,0.2856060564517975
YCL074W,YMR300C,0,0.554758,0.1960575431585312,0.6969696879386902,0.2857954502105713
YHR002W,YML056C,0,0.5544664,0.1959531456232071,0.6969696879386902,0.2859848439693451
YHL012W,YLR264W,0,0.55369455,0.19584885239601135,0.6969696879386902,0.2861742377281189
YGR180C,YFL002W-B,0,0.55280733,0.19574467837810516,0.6969696879386902,0.2863636314868927
YCL004W,YNL230C,0,0.55194,0.19564062356948853,0.6969696879386902,0.2865530252456665
YOL043C,YML056C,0,0.551938,0.19553665816783905,0.6969696879386902,0.2867424190044403
YER087W,YER052C,0,0.55154735,0.19543282687664032,0.6969696879386902,0.2869318127632141
YJR026W,YER087C-B,0,0.5514703,0.19532908499240875,0.6969696879386902,0.2871212065219879
YDL133C-A,YJR063W,0,0.5513425,0.19522546231746674,0.6969696879386902,0.2873106002807617
YKR103W,YJL005W,0,0.55055356,0.19512194395065308,0.6969696879386902,0.2874999940395355
YGL209W,YBL058W,0,0.54982626,0.19501854479312897,0.6969696879386902,0.2876893877983093
YJR151C,YAR002C-A,0,0.54973394,0.19491524994373322,0.6969696879386902,0.28787878155708313
YBR294W,YPL257W-B,0,0.5462963,0.19481207430362701,0.6969696879386902,0.28806817531585693
YOR304C-A,YLL055W,0,0.5458631,0.19470898807048798,0.6969696879386902,0.28825756907463074
YEL031W,YNL232W,0,0.5457794,0.19460603594779968,0.6969696879386902,0.28844696283340454
YLR145W,YJL149W,0,0.5453343,0.19450317323207855,0.6969696879386902,0.28863635659217834
YNL283C,YER137C-A,0,0.54469615,0.19440042972564697,0.6969696879386902,0.28882575035095215
YLR107W,YCL060C,0,0.54437155,0.19429777562618256,0.6969696879386902,0.28901514410972595
YHR029C,YPR043W,0,0.54429144,0.19419525563716888,0.6969696879386902,0.28920453786849976
YOR378W,YKL165C,0,0.5434285,0.19409282505512238,0.6969696879386902,0.28939393162727356
YDR261W-A,YNL182C,0,0.54337186,0.19399051368236542,0.6969696879386902,0.28958332538604736
YAL054C,YLR228C,0,0.54314554,0.19388830661773682,0.6969696879386902,0.28977271914482117
YDR351W,YPL150W,0,0.5428612,0.19378620386123657,0.6969696879386902,0.28996211290359497
YDR383C,YPL257W-B,0,0.5427672,0.19368420541286469,0.6969696879386902,0.2901515066623688
YML097C,YFL014W,0,0.54250646,0.19358232617378235,0.6969696879386902,0.2903409004211426
YER150W,YKL175W,0,0.54214483,0.19348055124282837,0.6969696879386902,0.2905302941799164
YER125W,YMR193W,0,0.5417877,0.19337888062000275,0.6969696879386902,0.2907196879386902
YDL197C,YBR141C,0,0.5416567,0.19327731430530548,0.6969696879386902,0.290909081697464
YNL273W,YGR199W,0,0.541537,0.19317585229873657,0.6969696879386902,0.2910984754562378
YDL133C-A,YMR186W,0,0.5412833,0.19307449460029602,0.6969696879386902,0.2912878692150116
YFR031C,YOR148C,0,0.53990394,0.19297325611114502,0.6969696879386902,0.2914772629737854
YLR289W,YER013W,0,0.5394457,0.19287212193012238,0.6969696879386902,0.2916666567325592
YNL117W,YLR164W,1,0.5392051,0.19329491257667542,0.6988636255264282,0.2916666567325592
YIL177C,YJR112W,0,0.53821117,0.193193718791008,0.6988636255264282,0.291856050491333
YBR182C,YML028W,0,0.5380339,0.19309261441230774,0.6988636255264282,0.2920454442501068
YOL107W,YAL029C,0,0.5376231,0.19299162924289703,0.6988636255264282,0.2922348380088806
YOL053C-A,YDL208W,0,0.53504133,0.19289074838161469,0.6988636255264282,0.2924242317676544
YLR391W-A,YFR019W,0,0.53467566,0.1927899718284607,0.6988636255264282,0.2926136255264282
YGR177C,YMR061W,0,0.5345451,0.19268929958343506,0.6988636255264282,0.292803019285202
YPR113W,YJR051W,0,0.5337234,0.19258873164653778,0.6988636255264282,0.29299241304397583
YOL112W,YER074W,0,0.5331463,0.19248826801776886,0.6988636255264282,0.29318180680274963
YCL018W,YLR353W,0,0.5328384,0.1923879086971283,0.6988636255264282,0.29337120056152344
YNL008C,YIL076W,0,0.53228205,0.1922876536846161,0.6988636255264282,0.29356059432029724
YGR036C,YKL053C-A,0,0.5315599,0.19218750298023224,0.6988636255264282,0.29374998807907104
YDL216C,YDR508C,0,0.5308587,0.19208745658397675,0.6988636255264282,0.29393938183784485
YPR011C,YGR032W,0,0.5304708,0.1919875144958496,0.6988636255264282,0.29412877559661865
YPR080W,YDR415C,0,0.53027135,0.19188767671585083,0.6988636255264282,0.29431816935539246
YFR036W,YIR032C,0,0.52942663,0.1917879432439804,0.6988636255264282,0.29450756311416626
YJL124C,YER168C,0,0.5285282,0.19168831408023834,0.6988636255264282,0.29469695687294006
YBR002C,YNL107W,0,0.527917,0.19158878922462463,0.6988636255264282,0.29488635063171387
YEL043W,YCL043C,0,0.5273467,0.19148936867713928,0.6988636255264282,0.29507574439048767
YDR076W,YKL130C,0,0.5271961,0.1913900375366211,0.6988636255264282,0.2952651381492615
YPR137C-A,YGL062W,0,0.5270403,0.19129082560539246,0.6988636255264282,0.2954545319080353
YCR052W,YMR250W,0,0.52687156,0.19119170308113098,0.6988636255264282,0.2956439256668091
YOR261C,YKL096W-A,0,0.5261393,0.19109269976615906,0.6988636255264282,0.2958333194255829
YKR056W,YKR028W,0,0.5258078,0.1909937858581543,0.6988636255264282,0.2960227131843567
YGR282C,YLR251W,0,0.5245306,0.1908949762582779,0.6988636255264282,0.2962121069431305
YKL201C,YGL060W,0,0.52385944,0.19079627096652985,0.6988636255264282,0.2964015007019043
YIL061C,YPL218W,0,0.523543,0.19069766998291016,0.6988636255264282,0.2965908944606781
YER013W,YJR028W,0,0.5234079,0.19059917330741882,0.6988636255264282,0.2967802882194519
YDR416W,YBL098W,0,0.52277774,0.19050078094005585,0.6988636255264282,0.2969697117805481
YKL182W,YBL089W,0,0.52135175,0.19040247797966003,0.6988636255264282,0.2971591055393219
YPR113W,YLR389C,0,0.52104527,0.19030427932739258,0.6988636255264282,0.2973484992980957
YLR182W,YDL179W,0,0.521043,0.19020618498325348,0.6988636255264282,0.2975378930568695
YOR216C,YOR142W-A,0,0.5208619,0.19010819494724274,0.6988636255264282,0.2977272868156433
YPL200W,YIL177C,0,0.5208075,0.19001029431819916,0.6988636255264282,0.2979166805744171
YNL102W,YER074W,0,0.52038366,0.18991251289844513,0.6988636255264282,0.2981060743331909
YNL010W,YBR170C,0,0.52004987,0.18981482088565826,0.6988636255264282,0.2982954680919647
YLR410W-A,YHR119W,0,0.5185601,0.18971721827983856,0.6988636255264282,0.2984848618507385
YDR405W,YGR169C,0,0.51854587,0.1896197348833084,0.6988636255264282,0.29867425560951233
YHR002W,YLL061W,0,0.5184532,0.18952234089374542,0.6988636255264282,0.29886364936828613
YKL103C,YFL035C,0,0.5181189,0.1894250512123108,0.6988636255264282,0.29905304312705994
YLR227W-B,YLR251W,0,0.5177076,0.18932786583900452,0.6988636255264282,0.29924243688583374
YOR301W,YNL026W,0,0.51767683,0.1892307698726654,0.6988636255264282,0.29943183064460754
YMR168C,YLR227W-B,0,0.5172808,0.18913377821445465,0.6988636255264282,0.29962122440338135
YJR107W,YDR451C,0,0.5172712,0.18903689086437225,0.6988636255264282,0.29981061816215515
YIR005W,YER190W,0,0.5168683,0.18894009292125702,0.6988636255264282,0.30000001192092896
YGL200C,YGL019W,0,0.515966,0.18884339928627014,0.6988636255264282,0.30018940567970276
YOR239W,YJR040W,0,0.51551145,0.18874680995941162,0.6988636255264282,0.30037879943847656
YJR010W,YGL259W,0,0.5154302,0.18865031003952026,0.6988636255264282,0.30056819319725037
YJL194W,YBR141C,0,0.5148959,0.18855391442775726,0.6988636255264282,0.30075758695602417
YGR268C,YLR227W-B,0,0.5144157,0.18845760822296143,0.6988636255264282,0.300946980714798
YLR305C,YDL197C,0,0.5128802,0.18836140632629395,0.6988636255264282,0.3011363744735718
YNL117W,YBR238C,1,0.51265174,0.18877550959587097,0.7007575631141663,0.3011363744735718
YLR295C,YLR330W,0,0.51258606,0.18867924809455872,0.7007575631141663,0.3013257682323456
YNL050C,YHL034C,0,0.512569,0.18858307600021362,0.7007575631141663,0.3015151619911194
YDR245W,YPR127W,0,0.512474,0.1884870082139969,0.7007575631141663,0.3017045557498932
YGR225W,YGR185C,0,0.5120911,0.1883910447359085,0.7007575631141663,0.301893949508667
YKL041W,YKR028W,0,0.51178914,0.1882951706647873,0.7007575631141663,0.3020833432674408
YOL057W,YMR240C,0,0.5116723,0.18819938600063324,0.7007575631141663,0.3022727370262146
YMR112C,YJL172W,0,0.5112594,0.18810370564460754,0.7007575631141663,0.3024621307849884
YKL200C,YDL097C,0,0.51010484,0.1880081295967102,0.7007575631141663,0.3026515245437622
YBR067C,YJR112W,0,0.50928944,0.18791264295578003,0.7007575631141663,0.302840918302536
YLR410W-B,YEL070W,0,0.50856906,0.1878172606229782,0.7007575631141663,0.3030303120613098
YNL314W,YJR057W,0,0.5081926,0.18772196769714355,0.7007575631141663,0.3032197058200836
YDR211W,YMR075W,0,0.5080087,0.18762677907943726,0.7007575631141663,0.3034090995788574
YDL054C,YIL017W,0,0.5067536,0.18753167986869812,0.7007575631141663,0.3035984933376312
YKL119C,YJL117W,0,0.5065984,0.18743667006492615,0.7007575631141663,0.30378788709640503
YHR164C,YPL104W,0,0.5059589,0.18734177947044373,0.7007575631141663,0.30397728085517883
YNL085W,YGR161W-B,0,0.5059444,0.18724696338176727,0.7007575631141663,0.30416667461395264
YOR148C,YCR055C,0,0.50544584,0.18715225160121918,0.7007575631141663,0.30435606837272644
YDL206W,YGR113W,0,0.5053822,0.18705762922763824,0.7007575631141663,0.30454546213150024
YKR020W,YOR261C,0,0.5048435,0.18696311116218567,0.7007575631141663,0.30473485589027405
YFR013W,YIL142W,0,0.5044686,0.18686868250370026,0.7007575631141663,0.30492424964904785
YLR447C,YMR054W,0,0.50414526,0.1867743581533432,0.7007575631141663,0.30511364340782166
YDL217C,YFL011W-A,0,0.5040273,0.1866801232099533,0.7007575631141663,0.30530303716659546
YKL096W-A,YNR010W,0,0.5037555,0.18658597767353058,0.7007575631141663,0.30549243092536926
YGL062W,YPL167C,0,0.5036445,0.1864919364452362,0.7007575631141663,0.30568182468414307
YDR245W,YML039W,0,0.503064,0.186397984623909,0.7007575631141663,0.30587121844291687
YPL240C,YDL225W,0,0.5029246,0.18630412220954895,0.7007575631141663,0.3060606122016907
YBR170C,YCL060C,0,0.5027527,0.18621036410331726,0.7007575631141663,0.3062500059604645
YBR075W,YBR037C,0,0.5026093,0.18611669540405273,0.7007575631141663,0.3064393997192383
YDR090C,YJR119C,0,0.5024617,0.18602313101291656,0.7007575631141663,0.3066287934780121
YPR167C,YDR369C,0,0.50214267,0.18592964112758636,0.7007575631141663,0.3068181872367859
YER008C,YJL082W,0,0.5019347,0.18583627045154572,0.7007575631141663,0.3070075809955597
YKL097W-A,YNL230C,0,0.5017546,0.18574297428131104,0.7007575631141663,0.3071969747543335
YDL061C,YPL082C,0,0.49965343,0.18564976751804352,0.7007575631141663,0.3073863685131073
YDR261C-D,YGL190C,0,0.49910733,0.18555666506290436,0.7007575631141663,0.3075757622718811
YPR083W,YDR497C,0,0.49876574,0.18546365201473236,0.7007575631141663,0.3077651560306549
YIL139C,YLR410W-B,0,0.49768206,0.18537074327468872,0.7007575631141663,0.3079545497894287
YMR025W,YEL040W,0,0.49752203,0.18527792394161224,0.7007575631141663,0.3081439435482025
YPR158C-C,YPL007C,0,0.49737224,0.18518517911434174,0.7007575631141663,0.3083333373069763
YNR021W,YKR002W,0,0.4966214,0.18509255349636078,0.7007575631141663,0.3085227310657501
YKR054C,YNL192W,0,0.496492,0.1850000023841858,0.7007575631141663,0.3087121248245239
YMR250W,YIR005W,0,0.49635717,0.18490754067897797,0.7007575631141663,0.30890151858329773
YPR190C,YLR359W,0,0.4962382,0.1848151832818985,0.7007575631141663,0.30909091234207153
YGL200C,YBR093C,0,0.49541906,0.1847229152917862,0.7007575631141663,0.30928030610084534
YJL178C,YLL027W,0,0.49527004,0.18463073670864105,0.7007575631141663,0.30946969985961914
YGR109W-B,YNR044W,0,0.4950795,0.18453864753246307,0.7007575631141663,0.30965909361839294
YKL161C,YFL013C,0,0.49493125,0.18444666266441345,0.7007575631141663,0.30984848737716675
YER137C-A,YJL134W,0,0.49445984,0.1843547523021698,0.7007575631141663,0.31003788113594055
YNL283C,YPL110C,0,0.49390593,0.1842629462480545,0.7007575631141663,0.31022727489471436
YGR255C,YOR222W,0,0.4926524,0.18417122960090637,0.7007575631141663,0.31041666865348816
YNL085W,YDR210C-C,0,0.4917024,0.1840796023607254,0.7007575631141663,0.31060606241226196
YFL035C,YMR136W,0,0.4913536,0.1839880645275116,0.7007575631141663,0.31079545617103577
YMR089C,YLR330W,0,0.49071047,0.18389661610126495,0.7007575631141663,0.31098484992980957
YLR206W,YOL004W,0,0.48998496,0.18380527198314667,0.7007575631141663,0.3111742436885834
YNL095C,YMR078C,0,0.48934034,0.18371400237083435,0.7007575631141663,0.3113636374473572
YPL098C,YDR444W,0,0.4887047,0.1836228221654892,0.7007575631141663,0.311553031206131
YMR273C,YCL032W,0,0.48870233,0.1835317462682724,0.7007575631141663,0.3117424249649048
YDR210C-C,YER104W,0,0.48848012,0.18344075977802277,0.7007575631141663,0.3119318187236786
YHL012W,YLR410W-B,0,0.48782954,0.1833498477935791,0.7007575631141663,0.3121212124824524
YOR343W-B,YDR159W,0,0.48779854,0.1832590401172638,0.7007575631141663,0.3123106062412262
YGR109W-B,YML099C,0,0.4873958,0.18316832184791565,0.7007575631141663,0.3125
YBR080C,YBL076C,0,0.4873347,0.18307767808437347,0.7007575631141663,0.3126893937587738
YPL150W,YCL032W,0,0.4843485,0.18298713862895966,0.7007575631141663,0.3128787875175476
YPR091C,YDR444W,0,0.48286548,0.182896688580513,0.7007575631141663,0.3130681812763214
YOR138C,YMR272C,0,0.48182824,0.1828063279390335,0.7007575631141663,0.3132575750350952
YFL057C,YER104W,0,0.480696,0.18271605670452118,0.7007575631141663,0.313446968793869
YDR072C,YMR210W,0,0.48016122,0.18262585997581482,0.7007575631141663,0.3136363625526428
YLR182W,YBR223C,0,0.48011324,0.18253576755523682,0.7007575631141663,0.3138257563114166
YLR395C,YLR154W-A,1,0.47980353,0.1829388588666916,0.7026515007019043,0.3138257563114166
YOR393W,YHR057C,0,0.47880104,0.18284869194030762,0.7026515007019043,0.31401515007019043
YOR291W,YDR245W,0,0.47773793,0.1827586144208908,0.7026515007019043,0.31420454382896423
YER154W,YJL149W,0,0.4775608,0.18266864120960236,0.7026515007019043,0.31439393758773804
YGR264C,YCL018W,0,0.4775229,0.18257874250411987,0.7026515007019043,0.31458333134651184
YIR025W,YGR271W,0,0.4773899,0.18248893320560455,0.7026515007019043,0.31477272510528564
YDL107W,YBR075W,0,0.47714135,0.1823992133140564,0.7026515007019043,0.31496211886405945
YJR092W,YPL127C,0,0.47708723,0.1823095828294754,0.7026515007019043,0.31515151262283325
YJR147W,YOR294W,0,0.47649992,0.18222004175186157,0.7026515007019043,0.31534090638160706
YJL114W,YJL029C,0,0.47581956,0.1821305900812149,0.7026515007019043,0.31553030014038086
YJR070C,YKR028W,0,0.47564387,0.1820412129163742,0.7026515007019043,0.31571969389915466
YOR145C,YER137C-A,0,0.47551715,0.18195194005966187,0.7026515007019043,0.31590908765792847
YGR161W-B,YPR171W,0,0.47530058,0.1818627417087555,0.7026515007019043,0.31609848141670227
YHR004C,YDR261W-A,0,0.47457984,0.18177364766597748,0.7026515007019043,0.3162878751754761
YOR355W,YLR154W-A,1,0.47401607,0.18217433989048004,0.7045454382896423,0.3162878751754761
YGR109W-B,YBR150C,0,0.4735697,0.18208517134189606,0.7045454382896423,0.3164772689342499
YKL013C,YLR410W-A,0,0.4724333,0.18199609220027924,0.7045454382896423,0.3166666626930237
YHR056C,YDR530C,0,0.4722626,0.18190708756446838,0.7045454382896423,0.3168560564517975
YPR113W,YDR210C-C,0,0.47161248,0.1818181872367859,0.7045454382896423,0.3170454502105713
YPL110C,YKL064W,0,0.47052297,0.18172936141490936,0.7045454382896423,0.3172348439693451
YJR053W,YOR353C,0,0.46927056,0.181640625,0.7045454382896423,0.3174242377281189
YKR006C,YLR154W-A,1,0.46916988,0.1820400208234787,0.7064393758773804,0.3174242377281189
YOR251C,YDR218C,0,0.46885005,0.18195122480392456,0.7064393758773804,0.3176136314868927
YMR008C,YHR082C,0,0.46883872,0.1818625032901764,0.7064393758773804,0.3178030252456665
YOR297C,YLR154W-A,1,0.46875152,0.18226121366024017,0.7083333134651184,0.3178030252456665
YOR355W,YLR164W,1,0.46829656,0.18265952169895172,0.7102272510528564,0.3178030252456665
YDR195W,YOL101C,0,0.4677865,0.18257059156894684,0.7102272510528564,0.3179924190044403
YOR176W,YOR313C,0,0.46725726,0.18248175084590912,0.7102272510528564,0.3181818127632141
YOR287C,YIL095W,0,0.46714142,0.18239299952983856,0.7102272510528564,0.3183712065219879
YJL178C,YJL085W,0,0.46626562,0.18230432271957397,0.7102272510528564,0.3185606002807617
YDL227C,YGR084C,0,0.4662144,0.18221575021743774,0.7102272510528564,0.3187499940395355
YLR043C,YLR429W,0,0.4661724,0.18212725222110748,0.7102272510528564,0.3189393877983093
YOL043C,YMR304W,0,0.465601,0.1820388287305832,0.7102272510528564,0.31912878155708313
YHR211W,YKL061W,0,0.46535212,0.18195050954818726,0.7102272510528564,0.31931817531585693
YMR034C,YPL208W,0,0.4647062,0.1818622648715973,0.7102272510528564,0.31950756907463074
YMR115W,YLR042C,0,0.46457914,0.1817741096019745,0.7102272510528564,0.31969696283340454
YHR005C-A,YIL035C,0,0.464366,0.18168604373931885,0.7102272510528564,0.31988635659217834
YMR008C,YOR085W,0,0.46429724,0.18159806728363037,0.7102272510528564,0.32007575035095215
YNL281W,YDL216C,0,0.46420154,0.18151016533374786,0.7102272510528564,0.32026514410972595
YBR183W,YER190W,0,0.4641421,0.18142235279083252,0.7102272510528564,0.32045453786849976
YKL093W,YLR154W-A,1,0.4640625,0.1818181872367859,0.7121211886405945,0.32045453786849976
YMR145C,YBR238C,1,0.46391752,0.18221363425254822,0.7140151262283325,0.32045453786849976
YOR159C,YIL170W,0,0.46304104,0.18212559819221497,0.7140151262283325,0.32064393162727356
YGR161W-B,YGR143W,0,0.4629645,0.18203766644001007,0.7140151262283325,0.32083332538604736
YGR161W-B,YMR065W,0,0.46205083,0.18194980919361115,0.7140151262283325,0.32102271914482117
YPR162C,YNL283C,0,0.46189705,0.18186204135417938,0.7140151262283325,0.32121211290359497
YGL170C,YBR294W,0,0.46150786,0.1817743480205536,0.7140151262283325,0.3214015066623688
YMR145C,YLR154W-A,1,0.4607601,0.18216867744922638,0.7159090638160706,0.3214015066623688
YER022W,YMR046C,0,0.46071973,0.1820809245109558,0.7159090638160706,0.3215909004211426
YBR282W,YER115C,0,0.4606426,0.1819932609796524,0.7159090638160706,0.3217802941799164
YDL015C,YJL081C,0,0.46049157,0.18190567195415497,0.7159090638160706,0.3219696879386902
YIL017W,YKL095W,0,0.45919392,0.1818181872367859,0.7159090638160706,0.322159081697464
YPL180W,YLR073C,0,0.458994,0.18173076212406158,0.7159090638160706,0.3223484754562378
YML058W-A,YNL258C,0,0.45898923,0.18164344131946564,0.7159090638160706,0.3225378692150116
YBR120C,YLR227W-B,0,0.45855358,0.18155619502067566,0.7159090638160706,0.3227272629737854
YKL200C,YHR135C,0,0.45835683,0.18146903812885284,0.7159090638160706,0.3229166567325592
YDR211W,YPR159W,0,0.4576838,0.181381955742836,0.7159090638160706,0.323106050491333
YNR031C,YDR476C,0,0.4572009,0.18129496276378632,0.7159090638160706,0.3232954442501068
YDL061C,YJR040W,0,0.45691904,0.1812080591917038,0.7159090638160706,0.3234848380088806
YNL273W,YBL011W,0,0.45663187,0.18112123012542725,0.7159090638160706,0.3236742317676544
YGR010W,YDL040C,0,0.45607927,0.18103447556495667,0.7159090638160706,0.3238636255264282
YGL068W,YLR154W-A,1,0.45603225,0.1814265251159668,0.7178030014038086,0.3238636255264282
YLR395C,YBR238C,1,0.45600405,0.1818181872367859,0.7196969985961914,0.3238636255264282
YJR004C,YDR444W,0,0.4555978,0.1817312240600586,0.7196969985961914,0.324053019285202
YGR214W,YLR309C,0,0.45544362,0.18164436519145966,0.7196969985961914,0.32424241304397583
YIL094C,YDL128W,0,0.4553369,0.1815575659275055,0.7196969985961914,0.32443180680274963
YPR035W,YBL112C,0,0.45526114,0.1814708709716797,0.7196969985961914,0.32462120056152344
YOL103W-B,YGL256W,0,0.45444173,0.18138425052165985,0.7196969985961914,0.32481059432029724
YLR043C,YGL046W,0,0.4537186,0.18129770457744598,0.7196969985961914,0.32499998807907104
YDR210C-C,YKR056W,0,0.4536749,0.18121124804019928,0.7196969985961914,0.32518938183784485
YOR187W,YCL060C,0,0.4535533,0.18112488090991974,0.7196969985961914,0.32537877559661865
YEL022W,YFL066C,0,0.4534434,0.18103858828544617,0.7196969985961914,0.32556816935539246
YJL112W,YGL200C,0,0.45341703,0.18095238506793976,0.7196969985961914,0.32575756311416626
YNL122C,YFL001W,0,0.45280617,0.18086625635623932,0.7196969985961914,0.32594695687294006
YKR008W,YLR359W,0,0.45277393,0.18078020215034485,0.7196969985961914,0.32613635063171387
YLR312W-A,YLR154W-A,1,0.4525405,0.1811697632074356,0.7215909361839294,0.32613635063171387
YOR147W,YLR154W-A,1,0.45241687,0.18155893683433533,0.7234848737716675,0.32613635063171387
YPR137C-A,YJR083C,0,0.4521673,0.18147268891334534,0.7234848737716675,0.32632574439048767
YDR205W,YPR138C,0,0.45211014,0.18138651549816132,0.7234848737716675,0.3265151381492615
YNR072W,YPR133W-A,0,0.45147058,0.18130043148994446,0.7234848737716675,0.3267045319080353
YDR351W,YKL053C-A,0,0.45077226,0.18121442198753357,0.7234848737716675,0.3268939256668091
YMR160W,YER019C-A,0,0.45068428,0.18112850189208984,0.7234848737716675,0.3270833194255829
YGL174W,YDR261W-A,0,0.44919655,0.1810426563024521,0.7234848737716675,0.3272727131843567
YJL103C,YLR154W-A,1,0.44898686,0.1814306080341339,0.7253788113594055,0.3272727131843567
YFR033C,YLR154W-A,1,0.44869336,0.1818181872367859,0.7272727489471436,0.3272727131843567
YLL019C,YMR228W,0,0.4485241,0.18173213303089142,0.7272727489471436,0.3274621069431305
YOR377W,YLR151C,0,0.4477852,0.1816461682319641,0.7272727489471436,0.3276515007019043
YER098W,YOR142W-A,0,0.44774768,0.18156027793884277,0.7272727489471436,0.3278408944606781
YCL014W,YBR145W,0,0.4476754,0.1814744770526886,0.7272727489471436,0.3280302882194519
YKL166C,YPL257W-B,0,0.44693077,0.1813887506723404,0.7272727489471436,0.3282197117805481
YOR297C,YMR267W,1,0.44683948,0.1817752569913864,0.7291666865348816,0.3282197117805481
YOR215C,YDL170W,0,0.4460256,0.18168947100639343,0.7291666865348816,0.3284091055393219
YIR025W,YNL073W,0,0.4453298,0.18160377442836761,0.7291666865348816,0.3285984992980957
YKL166C,YOL053C-A,0,0.4452209,0.18151815235614777,0.7291666865348816,0.3287878930568695
YKL041W,YMR020W,0,0.44442475,0.1814326047897339,0.7291666865348816,0.3289772868156433
YMR180C,YOR251C,0,0.44395134,0.18134714663028717,0.7291666865348816,0.3291666805744171
YMR065W,YFL054C,0,0.4436576,0.18126176297664642,0.7291666865348816,0.3293560743331909
YKL165C,YIL140W,0,0.44347572,0.18117646872997284,0.7291666865348816,0.3295454680919647
YMR321C,YOR180C,0,0.44324812,0.18109124898910522,0.7291666865348816,0.3297348618507385
YLL019C,YGL071W,0,0.4429951,0.18100611865520477,0.7291666865348816,0.32992425560951233
YLL045C,YKL201C,0,0.44260994,0.1809210479259491,0.7291666865348816,0.33011364936828613
YGL209W,YMR065W,0,0.4425852,0.18083606660366058,0.7291666865348816,0.33030304312705994
YML058W-A,YPL180W,0,0.4415346,0.18075117468833923,0.7291666865348816,0.33049243688583374
YOR298W,YKL001C,0,0.44016698,0.18066635727882385,0.7291666865348816,0.33068183064460754
YPL119C,YLR187W,0,0.44012836,0.18058161437511444,0.7291666865348816,0.33087122440338135
YMR315W,YNL050C,0,0.43939257,0.180496945977211,0.7291666865348816,0.33106061816215515
YKL126W,YER104W,0,0.4393807,0.18041236698627472,0.7291666865348816,0.33125001192092896
YNR004W,YJR026W,0,0.4391794,0.1803278625011444,0.7291666865348816,0.33143940567970276
YBL112C,YDR304C,0,0.4383512,0.18024344742298126,0.7291666865348816,0.33162879943847656
YGR020C,YOR209C,0,0.4382597,0.18015910685062408,0.7291666865348816,0.33181819319725037
YGL200C,YEL062W,0,0.4374657,0.18007484078407288,0.7291666865348816,0.33200758695602417
YGL186C,YER137C-A,0,0.43712285,0.17999064922332764,0.7291666865348816,0.332196980714798
YBL026W,YGL046W,0,0.4368079,0.17990654706954956,0.7291666865348816,0.3323863744735718
YJL194W,YOL062C,0,0.43639645,0.17982251942157745,0.7291666865348816,0.3325757682323456
YFL002W-B,YPL196W,0,0.43629488,0.17973856627941132,0.7291666865348816,0.3327651619911194
YIL108W,YGL051W,0,0.43629065,0.17965468764305115,0.7291666865348816,0.3329545557498932
YAL033W,YDR415C,0,0.43457067,0.17957089841365814,0.7291666865348816,0.333143949508667
YAL060W,YBR222C,0,0.43428966,0.1794871836900711,0.7291666865348816,0.3333333432674408
YPL151C,YDR453C,0,0.43404862,0.17940354347229004,0.7291666865348816,0.3335227370262146
YLR312W-A,YOR355W,1,0.43395373,0.17978574335575104,0.7310606241226196,0.3335227370262146
YKR002W,YDL198C,0,0.43360785,0.1797020435333252,0.7310606241226196,0.3337121307849884
YBL041W,YFR052W,0,0.43346027,0.17961843311786652,0.7310606241226196,0.3339015245437622
YNL110C,YOR311C,0,0.43333393,0.1795348823070526,0.7310606241226196,0.334090918302536
YMR049C,YDL040C,0,0.4332805,0.17945142090320587,0.7310606241226196,0.3342803120613098
YGR031C-A,YBR061C,0,0.4327458,0.1793680340051651,0.7310606241226196,0.3344697058200836
YDL133C-A,YBR282W,0,0.4326357,0.1792847216129303,0.7310606241226196,0.3346590995788574
YGR031C-A,YKL067W,0,0.43224832,0.17920148372650146,0.7310606241226196,0.3348484933376312
YGR031C-A,YGR214W,0,0.4318103,0.1791183352470398,0.7310606241226196,0.33503788709640503
YOR176W,YNR067C,0,0.43134785,0.1790352463722229,0.7310606241226196,0.33522728085517883
YGR031C-A,YDR405W,0,0.4312802,0.17895224690437317,0.7310606241226196,0.33541667461395264
YPR137C-A,YGR246C,0,0.43067273,0.1788693219423294,0.7310606241226196,0.33560606837272644
YJL012C-A,YNL259C,0,0.43062437,0.1787864714860916,0.7310606241226196,0.33579546213150024
YKR054C,YDL206W,0,0.43015102,0.17870371043682098,0.7310606241226196,0.33598485589027405
YFR033C,YOR355W,1,0.4301434,0.17908376455307007,0.7329545617103577,0.33598485589027405
YGR031C-A,YJR036C,0,0.42957547,0.17900092899799347,0.7329545617103577,0.33617424964904785
YBL029C-A,YPL011C,0,0.42909423,0.17891816794872284,0.7329545617103577,0.33636364340782166
YNL284C-A,YJL071W,0,0.42909423,0.17883549630641937,0.7329545617103577,0.33655303716659546
YER175C,YDR381C-A,0,0.42909423,0.17875288426876068,0.7329545617103577,0.33674243092536926
YDR014W-A,YNL307C,0,0.42909423,0.17867036163806915,0.7329545617103577,0.33693182468414307
YBL101W-B,YDR404C,0,0.42909423,0.1785879135131836,0.7329545617103577,0.33712121844291687
YJL114W,YMR268W-A,0,0.42909423,0.178505539894104,0.7329545617103577,0.3373106122016907
YPL150W,YMR268W-A,0,0.42909423,0.17842324078083038,0.7329545617103577,0.3375000059604645
YNL284C-A,YKR028W,0,0.42909423,0.17834101617336273,0.7329545617103577,0.3376893997192383
YDR131C,YLR391W-A,0,0.42909423,0.17825886607170105,0.7329545617103577,0.3378787934780121
YDR014W-A,YIL079C,0,0.42909423,0.17817679047584534,0.7329545617103577,0.3380681872367859
YPL099C,YML045W-A,0,0.42909423,0.1780948042869568,0.7329545617103577,0.3382575809955597
YMR008C,YDR014W-A,0,0.42909423,0.178012877702713,0.7329545617103577,0.3384469747543335
YMR087W,YCL060C,0,0.42909423,0.1779310405254364,0.7329545617103577,0.3386363685131073
YOL165C,YDR014W-A,0,0.42909423,0.17784926295280457,0.7329545617103577,0.3388257622718811
YDR014W-A,YOR261C,0,0.42909423,0.1777675747871399,0.7329545617103577,0.3390151560306549
YDL121C,YCR055C,0,0.42909423,0.17768594622612,0.7329545617103577,0.3392045497894287
YJL134W,YDR381C-A,0,0.42909423,0.17760440707206726,0.7329545617103577,0.3393939435482025
YJR092W,YLR410W-A,0,0.42909423,0.1775229424238205,0.7329545617103577,0.3395833373069763
YGR161W-B,YDR530C,0,0.42909423,0.1774415373802185,0.7329545617103577,0.3397727310657501
YKR071C,YBL029C-A,0,0.42909423,0.17736022174358368,0.7329545617103577,0.3399621248245239
YDR381C-A,YOR285W,0,0.42909423,0.17727898061275482,0.7329545617103577,0.34015151858329773
YAL063C,YML045W-A,0,0.42909423,0.17719779908657074,0.7329545617103577,0.34034091234207153
YPR011C,YKL200C,0,0.42909423,0.17711670696735382,0.7329545617103577,0.34053030610084534
YGR031C-A,YJR107W,0,0.42909423,0.17703567445278168,0.7329545617103577,0.34071969985961914
YKL097W-A,YBR141C,0,0.42909423,0.1769547313451767,0.7329545617103577,0.34090909361839294
YDR014W-A,YLR386W,0,0.42909423,0.17687386274337769,0.7329545617103577,0.34109848737716675
YKR103W,YNL284C-A,0,0.42909423,0.17679305374622345,0.7329545617103577,0.34128788113594055
YGL180W,YDR381C-A,0,0.42909423,0.17671233415603638,0.7329545617103577,0.34147727489471436
YDR131C,YCR055C,0,0.42909423,0.17663167417049408,0.7329545617103577,0.34166666865348816
YFR045W,YBL101W-B,0,0.42909423,0.17655108869075775,0.7329545617103577,0.34185606241226196
YDR014W-A,YNL175C,0,0.42909423,0.1764705926179886,0.7329545617103577,0.34204545617103577
YDR196C,YDR014W-A,0,0.42909423,0.1763901561498642,0.7329545617103577,0.34223484992980957
YML045W-A,YAR035W,0,0.42909423,0.17630979418754578,0.7329545617103577,0.3424242436885834
YML045W-A,YLR330W,0,0.42909423,0.17622950673103333,0.7329545617103577,0.3426136374473572
YDL029W,YDR381C-A,0,0.42909423,0.17614929378032684,0.7329545617103577,0.342803031206131
YBR238C,YLR154W-A,1,0.42909423,0.1765241175889969,0.7348484992980957,0.342803031206131
YBL029C-A,YDR392W,0,0.42909423,0.17644384503364563,0.7348484992980957,0.3429924249649048
YGR031C-A,YPR091C,0,0.42909423,0.17636363208293915,0.7348484992980957,0.3431818187236786
YNL284C-A,YPR119W,0,0.42909423,0.17628350853919983,0.7348484992980957,0.3433712124824524
YBL101W-B,YMR115W,0,0.42909423,0.17620344460010529,0.7348484992980957,0.3435606062412262
YDL055C,YDR381C-A,0,0.42909423,0.1761234700679779,0.7348484992980957,0.34375
YNL284C-A,YDR429C,0,0.42909423,0.1760435551404953,0.7348484992980957,0.3439393937587738
YML045W-A,YOR085W,0,0.42909423,0.17596371471881866,0.7348484992980957,0.3441287875175476
YDR014W-A,YKR044W,0,0.42909423,0.175883948802948,0.7348484992980957,0.3443181812763214
YKL182W,YML045W-A,0,0.42909423,0.1758042573928833,0.7348484992980957,0.3445075750350952
YNL138W-A,YMR034C,0,0.42909423,0.17572464048862457,0.7348484992980957,0.344696968793869
YKL020C,YBL101W-B,0,0.42909423,0.17564508318901062,0.7348484992980957,0.3448863625526428
YOR283W,YLR391W-A,0,0.42909423,0.17556561529636383,0.7348484992980957,0.3450757563114166
YBR111W-A,YGL010W,0,0.42909423,0.17548620700836182,0.7348484992980957,0.34526515007019043
YPL129W,YDR381C-A,0,0.42909423,0.17540687322616577,0.7348484992980957,0.34545454382896423
YDR014W-A,YFR036W,0,0.42909423,0.1753276139497757,0.7348484992980957,0.34564393758773804
YJL030W,YBL101W-B,0,0.42909423,0.1752484142780304,0.7348484992980957,0.34583333134651184
YLR410W-A,YOL158C,0,0.42909423,0.17516930401325226,0.7348484992980957,0.34602272510528564
YBR111W-A,YBR096W,0,0.42909423,0.1750902533531189,0.7348484992980957,0.34621211886405945
YDL206W,YCR055C,0,0.42909423,0.1750112771987915,0.7348484992980957,0.34640151262283325
YBL101W-B,YKL061W,0,0.42909423,0.17493237555027008,0.7348484992980957,0.34659090638160706
YBR066C,YDR014W-A,0,0.42909423,0.17485353350639343,0.7348484992980957,0.34678030014038086
YDL107W,YDR014W-A,0,0.42909423,0.17477478086948395,0.7348484992980957,0.34696969389915466
YML045W-A,YOL101C,0,0.42909423,0.17469608783721924,0.7348484992980957,0.34715908765792847
YBR002C,YNL284C-A,0,0.42909423,0.1746174544095993,0.7348484992980957,0.34734848141670227
YDR014W-A,YKL094W,0,0.42909423,0.17453891038894653,0.7348484992980957,0.3475378751754761
YPR182W,YBL029C-A,0,0.42909423,0.17446042597293854,0.7348484992980957,0.3477272689342499
YDL084W,YDR381C-A,0,0.42909423,0.1743820160627365,0.7348484992980957,0.3479166626930237
YOR283W,YNL284C-A,0,0.42909423,0.17430368065834045,0.7348484992980957,0.3481060564517975
YJR149W,YBR111W-A,0,0.42909423,0.17422541975975037,0.7348484992980957,0.3482954502105713
YCL008C,YGL051W,0,0.42905247,0.17414721846580505,0.7348484992980957,0.3484848439693451
YLR447C,YKL103C,0,0.42901903,0.1740690916776657,0.7348484992980957,0.3486742377281189
YDR146C,YOL028C,0,0.4286621,0.17399102449417114,0.7348484992980957,0.3488636314868927
YCR080W,YDL047W,0,0.4286304,0.17391304671764374,0.7348484992980957,0.3490530252456665
YDR146C,YNL259C,0,0.42828724,0.1738351285457611,0.7348484992980957,0.3492424190044403
YKL170W,YGR179C,0,0.42707333,0.17375726997852325,0.7348484992980957,0.3494318127632141
YNL095C,YNL298W,0,0.42496362,0.17367950081825256,0.7348484992980957,0.3496212065219879
YMR046C,YDL148C,0,0.4249086,0.17360179126262665,0.7348484992980957,0.3498106002807617
YBR118W,YNL122C,0,0.42472324,0.1735241562128067,0.7348484992980957,0.3499999940395355
YLR410W-B,YKL064W,0,0.42439297,0.17344658076763153,0.7348484992980957,0.3501893877983093
YPL240C,YKL168C,0,0.42432907,0.17336907982826233,0.7348484992980957,0.35037878155708313
YNL102W,YPR162C,0,0.4241064,0.1732916533946991,0.7348484992980957,0.35056817531585693
YJL200C,YLR164W,1,0.4240056,0.17366071045398712,0.7367424368858337,0.35056817531585693
YMR054W,YPL273W,0,0.4237403,0.1735832244157791,0.7367424368858337,0.35075756907463074
YPL150W,YLR321C,0,0.42303553,0.17350579798221588,0.7367424368858337,0.35094696283340454
YLR278C,YKR026C,0,0.42290452,0.17342844605445862,0.7367424368858337,0.35113635659217834
YOR243C,YPR171W,0,0.42284033,0.17335115373134613,0.7367424368858337,0.35132575035095215
YOR377W,YDL047W,0,0.42264867,0.1732739359140396,0.7367424368858337,0.35151514410972595
YOL053C-A,YDL097C,0,0.42263663,0.17319679260253906,0.7367424368858337,0.35170453786849976
YBR278W,YBR118W,0,0.42243513,0.1731197088956833,0.7367424368858337,0.35189393162727356
YKR103W,YLR227W-B,0,0.42231706,0.17304269969463348,0.7367424368858337,0.35208332538604736
YNL095C,YKR066C,0,0.4215731,0.17296576499938965,0.7367424368858337,0.35227271914482117
YGL186C,YGL174W,0,0.42126948,0.1728888899087906,0.7367424368858337,0.35246211290359497
YAL060W,YNR072W,0,0.42108312,0.1728120893239975,0.7367424368858337,0.3526515066623688
YBL005W-B,YNL273W,0,0.42029062,0.17273534834384918,0.7367424368858337,0.3528409004211426
YKR057W,YLR256W-A,0,0.42024425,0.17265868186950684,0.7367424368858337,0.3530302941799164
YER103W,YPR127W,0,0.41997376,0.17258207499980927,0.7367424368858337,0.3532196879386902
YDR371W,YJL012C-A,0,0.41977534,0.17250554263591766,0.7367424368858337,0.353409081697464
YGR031C-A,YLR129W,0,0.41722247,0.17242908477783203,0.7367424368858337,0.3535984754562378
YBR202W,YGL103W,0,0.41692707,0.17235268652439117,0.7367424368858337,0.3537878692150116
YJR149W,YPR152C,0,0.41669643,0.1722763478755951,0.7367424368858337,0.3539772629737854
YCR093W,YML056C,0,0.41638857,0.17220008373260498,0.7367424368858337,0.3541666567325592
YGR161W-B,YLR440C,0,0.4163666,0.17212389409542084,0.7367424368858337,0.354356050491333
YMR267W,YLR164W,1,0.41622695,0.17249004542827606,0.7386363744735718,0.354356050491333
YER049W,YBR075W,0,0.4161602,0.17241379618644714,0.7386363744735718,0.3545454442501068
YLR264W,YNL298W,0,0.41609946,0.172337606549263,0.7386363744735718,0.3547348380088806
YLR154W-A,YHR051W,1,0.41607913,0.17270317673683167,0.7405303120613098,0.3547348380088806
YOR237W,YDL059C,0,0.415052,0.17262692749500275,0.7405303120613098,0.3549242317676544
YBR276C,YDR261W-A,0,0.4149488,0.1725507527589798,0.7405303120613098,0.3551136255264282
YGL103W,YNL092W,0,0.41479138,0.17247463762760162,0.7405303120613098,0.355303019285202
YDR351W,YNR003C,0,0.41443977,0.17239858210086823,0.7405303120613098,0.35549241304397583
YKL200C,YOL066C,0,0.41440856,0.172322615981102,0.7405303120613098,0.35568180680274963
YGL148W,YDR470C,0,0.41375664,0.17224669456481934,0.7405303120613098,0.35587120056152344
YOL038W,YFL021W,0,0.4133568,0.17217084765434265,0.7405303120613098,0.35606059432029724
YOR159C,YOR285W,0,0.41313738,0.17209507524967194,0.7405303120613098,0.35624998807907104
YGL237C,YLR410W-B,0,0.4125744,0.172019362449646,0.7405303120613098,0.35643938183784485
YPR158C-C,YLR042C,0,0.41241214,0.17194370925426483,0.7405303120613098,0.35662877559661865
YDR210C-C,YLR153C,0,0.41158366,0.17186813056468964,0.7405303120613098,0.35681816935539246
YLL002W,YNR031C,0,0.41013956,0.17179261147975922,0.7405303120613098,0.35700756311416626
YER185W,YBR052C,0,0.40987164,0.17171716690063477,0.7405303120613098,0.35719695687294006
YOR291W,YJL079C,0,0.4093214,0.17164179682731628,0.7405303120613098,0.35738635063171387
YOL165C,YOR311C,0,0.4088806,0.17156647145748138,0.7405303120613098,0.35757574439048767
YGL068W,YOR355W,1,0.4085584,0.17192982137203217,0.7424242496490479,0.35757574439048767
YLR141W,YCR097WB,0,0.40851405,0.17185445129871368,0.7424242496490479,0.3577651381492615
YDL107W,YNL084C,0,0.40764487,0.17177914083003998,0.7424242496490479,0.3579545319080353
YIL134W,YGR031C-A,0,0.4070424,0.17170390486717224,0.7424242496490479,0.3581439256668091
YBR238C,YMR267W,1,0.40669104,0.1720665544271469,0.7443181872367859,0.3581439256668091
YPL213W,YGR084C,0,0.40631634,0.1719912439584732,0.7443181872367859,0.3583333194255829
YAR002C-A,YJL012C-A,0,0.40615195,0.17191600799560547,0.7443181872367859,0.3585227131843567
YHR211W,YLR024C,0,0.4059852,0.1718408465385437,0.7443181872367859,0.3587121069431305
YJR032W,YCL060C,0,0.40594622,0.17176572978496552,0.7443181872367859,0.3589015007019043
YER137C-A,YNL230C,0,0.4057643,0.1716906875371933,0.7443181872367859,0.3590908944606781
YGR109W-B,YFR019W,0,0.4055584,0.17161571979522705,0.7443181872367859,0.3592802882194519
YOR301W,YPL188W,0,0.40555558,0.17154081165790558,0.7443181872367859,0.3594697117805481
YPL139C,YOR142W-A,0,0.40554127,0.17146596312522888,0.7443181872367859,0.3596591055393219
YPL127C,YGL010W,0,0.40501913,0.17139118909835815,0.7443181872367859,0.3598484992980957
YDR492W,YOR340C,0,0.40476176,0.1713164746761322,0.7443181872367859,0.3600378930568695
YGL236C,YOL053C-A,0,0.40424603,0.17124183475971222,0.7443181872367859,0.3602272868156433
YJL004C,YOR219C,0,0.40412724,0.171167254447937,0.7443181872367859,0.3604166805744171
YDL246C,YIL017W,0,0.40396768,0.17109273374080658,0.7443181872367859,0.3606060743331909
YGR113W,YJL192C,0,0.40160426,0.17101827263832092,0.7443181872367859,0.3607954680919647
YMR321C,YMR173W,0,0.40088806,0.17094388604164124,0.7443181872367859,0.3609848618507385
YKL119C,YAL017W,0,0.40049323,0.17086955904960632,0.7443181872367859,0.36117425560951233
YPR198W,YJL081C,0,0.39994067,0.17079530656337738,0.7443181872367859,0.36136364936828613
YCL074W,YLR244C,0,0.39974877,0.1707211136817932,0.7443181872367859,0.36155304312705994
YBR075W,YGL019W,0,0.39936343,0.17064698040485382,0.7443181872367859,0.36174243688583374
YBL058W,YLR410W-A,0,0.39905867,0.1705729216337204,0.7443181872367859,0.36193183064460754
YPL064C,YLR103C,0,0.3987069,0.17049892246723175,0.7443181872367859,0.36212122440338135
YNL309W,YAR035W,0,0.3985227,0.17042498290538788,0.7443181872367859,0.36231061816215515
YJL012C-A,YKL074C,0,0.39786783,0.17035110294818878,0.7443181872367859,0.36250001192092896
YOL111C,YGL233W,0,0.3977608,0.17027729749679565,0.7443181872367859,0.36268940567970276
YKR103W,YOR251C,0,0.3973046,0.1702035516500473,0.7443181872367859,0.36287879943847656
YGL014W,YLR410W-B,0,0.3963382,0.17012986540794373,0.7443181872367859,0.36306819319725037
YMR295C,YBR093C,0,0.39579904,0.17005625367164612,0.7443181872367859,0.36325758695602417
YHR164C,YIL080W,0,0.3954896,0.1699827015399933,0.7443181872367859,0.363446980714798
YFL035C,YLL027W,0,0.3949732,0.16990920901298523,0.7443181872367859,0.3636363744735718
YLR256W-A,YMR193W,0,0.394427,0.16983577609062195,0.7443181872367859,0.3638257682323456
YPR137C-A,YGL183C,0,0.39415148,0.16976241767406464,0.7443181872367859,0.3640151619911194
YPR111W,YLR300W,0,0.394143,0.1696891188621521,0.7443181872367859,0.3642045557498932
YOL103W-B,YPR035W,0,0.3938932,0.16961587965488434,0.7443181872367859,0.364393949508667
YGL026C,YKL074C,0,0.39380962,0.16954271495342255,0.7443181872367859,0.3645833432674408
YOL086C,YER019C-A,0,0.39357045,0.16946959495544434,0.7443181872367859,0.3647727370262146
YJL024C,YBR096W,0,0.39317408,0.1693965494632721,0.7443181872367859,0.3649621307849884
YMR238W,YPL050C,0,0.3929624,0.16932356357574463,0.7443181872367859,0.3651515245437622
YOL086C,YDL206W,0,0.39258465,0.16925065219402313,0.7443181872367859,0.365340918302536
YKR008W,YGL183C,0,0.39219278,0.16917778551578522,0.7443181872367859,0.3655303120613098
YGL241W,YLL061W,0,0.39203873,0.16910499334335327,0.7443181872367859,0.3657197058200836
YOR148C,YFR018C,0,0.39141393,0.1690322607755661,0.7443181872367859,0.3659090995788574
YLR256W-A,YDL225W,0,0.39075956,0.1689595878124237,0.7443181872367859,0.3660984933376312
YLR113W,YBR075W,0,0.3907594,0.1688869744539261,0.7443181872367859,0.36628788709640503
YFL002W-B,YMR075W,0,0.39010525,0.16881443560123444,0.7443181872367859,0.36647728085517883
YLR295C,YNL092W,0,0.3899732,0.16874195635318756,0.7443181872367859,0.36666667461395264
YHR214C-B,YJL214W,0,0.38995865,0.16866952180862427,0.7443181872367859,0.36685606837272644
YPR191W,YLR154W-A,1,0.38968483,0.16902616620063782,0.7462121248245239,0.36685606837272644
YOR232W,YJL128C,0,0.3889982,0.16895368695259094,0.7462121248245239,0.36704546213150024
YLL002W,YGR010W,0,0.38877684,0.16888126730918884,0.7462121248245239,0.36723485589027405
YOR304C-A,YIL046W,0,0.3885809,0.16880890727043152,0.7462121248245239,0.36742424964904785
YOL158C,YIL159W,0,0.38855788,0.16873662173748016,0.7462121248245239,0.36761364340782166
YDL179W,YDL208W,0,0.38773966,0.1686643809080124,0.7462121248245239,0.36780303716659546
YLR429W,YHR008C,0,0.38717553,0.16859221458435059,0.7462121248245239,0.36799243092536926
YGL158W,YNL050C,0,0.3871272,0.16852010786533356,0.7462121248245239,0.36818182468414307
YLL055W,YBR141C,0,0.3870759,0.1684480607509613,0.7462121248245239,0.36837121844291687
YGR167W,YIR038C,0,0.38692334,0.16837607324123383,0.7462121248245239,0.3685606122016907
YOL102C,YNL202W,0,0.38628992,0.16830414533615112,0.7462121248245239,0.3687500059604645
YPL213W,YOR351C,0,0.3860225,0.1682322770357132,0.7462121248245239,0.3689393997192383
YDR414C,YJR051W,0,0.3860065,0.16816048324108124,0.7462121248245239,0.3691287934780121
YBR145W,YJL206C,0,0.3851489,0.16808873414993286,0.7462121248245239,0.3693181872367859
YKL180W,YBR192W,0,0.3851479,0.16801705956459045,0.7462121248245239,0.3695075809955597
YJL214W,YOL108C,0,0.3851463,0.16794544458389282,0.7462121248245239,0.3696969747543335
YLR026C,YCR055C,0,0.38511643,0.16787387430667877,0.7462121248245239,0.3698863685131073
YEL052W,YFL002W-B,0,0.38493243,0.1678023785352707,0.7462121248245239,0.3700757622718811
YOR297C,YLR028C,1,0.38492712,0.1681566685438156,0.748106062412262,0.3700757622718811
YOR239W,YKR044W,0,0.38478106,0.16808511316776276,0.748106062412262,0.3702651560306549
YMR241W,YCL018W,0,0.38439336,0.16801361739635468,0.748106062412262,0.3704545497894287
YNL267W,YMR038C,0,0.3842915,0.16794218122959137,0.748106062412262,0.3706439435482025
YDL179W,YBR115C,0,0.3838683,0.16787080466747284,0.748106062412262,0.3708333373069763
YGR161W-B,YKR044W,0,0.38379347,0.16779948770999908,0.748106062412262,0.3710227310657501
YDR030C,YPL244C,0,0.3833913,0.1677282303571701,0.748106062412262,0.3712121248245239
YOR142W-A,YDL074C,0,0.38334474,0.1676570475101471,0.748106062412262,0.37140151858329773
YNL236W,YPL096W,0,0.3821997,0.16758590936660767,0.748106062412262,0.37159091234207153
YLR153C,YNR015W,0,0.38199696,0.1675148457288742,0.748106062412262,0.37178030610084534
YNL236W,YOL155C,0,0.3819729,0.16744382679462433,0.748106062412262,0.37196969985961914
YPR163C,YMR099C,0,0.38187554,0.16737288236618042,0.748106062412262,0.37215909361839294
YPR198W,YKR044W,0,0.38099924,0.1673019975423813,0.748106062412262,0.37234848737716675
YBL076C,YCL003W,0,0.3805958,0.16723115742206573,0.748106062412262,0.37253788113594055
YOL103W-B,YBL026W,0,0.38048008,0.16716039180755615,0.748106062412262,0.37272727489471436
YFR031C,YJL206C,0,0.38035056,0.16708968579769135,0.748106062412262,0.37291666865348816
YIR038C,YLR130C,0,0.3800352,0.16701902449131012,0.748106062412262,0.37310606241226196
YNL052W,YLR164W,1,0.37956083,0.16737109422683716,0.75,0.37310606241226196
YOR301W,YPL096W,0,0.37921187,0.16730037331581116,0.75,0.37329545617103577
YHR214C-B,YLR103C,0,0.37841508,0.16722972691059113,0.75,0.37348484992980957
YPR111W,YKL097W-A,0,0.37824753,0.16715914011001587,0.75,0.3736742436885834
YFL011W-A,YMR179W,0,0.37822953,0.1670886129140854,0.75,0.3738636374473572
YGR084C,YFL045C,0,0.37802425,0.1670181304216385,0.75,0.374053031206131
YLL003W,YLR391W-A,0,0.37704027,0.16694772243499756,0.75,0.3742424249649048
YHR002W,YKL189W,0,0.3768553,0.1668773740530014,0.75,0.3744318187236786
YPL050C,YPL098C,0,0.37681553,0.16680707037448883,0.75,0.3746212124824524
YNL095C,YMR296C,0,0.37614256,0.16673684120178223,0.75,0.3748106062412262
YOR142W-B,YDR497C,0,0.37534127,0.1666666716337204,0.75,0.375
YPR113W,YKL189W,0,0.37528503,0.16659654676914215,0.75,0.3751893937587738
YNL079C,YEL062W,0,0.37505582,0.16652649641036987,0.75,0.3753787875175476
YDL198C,YBR173C,0,0.37439796,0.16645649075508118,0.75,0.3755681812763214
YMR114C,YOR251C,0,0.3720078,0.16638655960559845,0.75,0.3757575750350952
YJL225C,YIL076W,0,0.37100664,0.1663166731595993,0.75,0.375946968793869
YMR284W,YML071C,0,0.3705096,0.16624684631824493,0.75,0.3761363625526428
YJR005W,YER165W,0,0.3703854,0.16617709398269653,0.75,0.3763257563114166
YDL179W,YGL051W,0,0.37033018,0.1661073863506317,0.75,0.37651515007019043
YKR057W,YIR032C,0,0.36992818,0.16603773832321167,0.75,0.37670454382896423
YNL073W,YOR298W,0,0.36882982,0.1659681499004364,0.75,0.37689393758773804
YPR137W,YFR018C,0,0.3686366,0.1658986210823059,0.75,0.37708333134651184
YOL057W,YDR081C,0,0.36836547,0.1658291518688202,0.75,0.37727272510528564
YNL232W,YJR028W,0,0.36756277,0.16575972735881805,0.75,0.37746211886405945
YBR294W,YJL053W,0,0.36746117,0.1656903773546219,0.75,0.37765151262283325
YCL024W,YDR353W,0,0.36703426,0.1656210720539093,0.75,0.37784090638160706
YPL276W,YNL258C,0,0.36688647,0.16555184125900269,0.75,0.37803030014038086
YGL203C,YAR031W,0,0.36585188,0.16548265516757965,0.75,0.37821969389915466
YGR225W,YLR383W,0,0.36450648,0.1654135286808014,0.75,0.37840908765792847
YOR297C,YOR355W,1,0.36433586,0.1657620072364807,0.751893937587738,0.37840908765792847
YGR288W,YLR256W-A,0,0.36430144,0.16569282114505768,0.751893937587738,0.37859848141670227
YBR238C,YHR051W,1,0.36390528,0.16604088246822357,0.7537878751754761,0.37859848141670227
YBR075W,YIL042C,0,0.3634875,0.16597163677215576,0.7537878751754761,0.3787878751754761
YDL215C,YBR093C,0,0.36279073,0.16590246558189392,0.7537878751754761,0.3789772689342499
YKL174C,YER137C,0,0.36245012,0.16583333909511566,0.7537878751754761,0.3791666626930237
YOR215C,YMR301C,0,0.36219814,0.16576427221298218,0.7537878751754761,0.3793560564517975
YCR055C,YIL042C,0,0.36195156,0.16569525003433228,0.7537878751754761,0.3795454502105713
YOR388C,YGR171C,0,0.36115006,0.16562630236148834,0.7537878751754761,0.3797348439693451
YAL060W,YMR172W,0,0.3608439,0.165557399392128,0.7537878751754761,0.3799242377281189
YLL012W,YIL042C,0,0.36080858,0.1654885709285736,0.7537878751754761,0.3801136314868927
YGR252W,YMR308C,0,0.36076567,0.1654197871685028,0.7537878751754761,0.3803030252456665
YCR060W,YPL147W,0,0.3606245,0.16535106301307678,0.7537878751754761,0.3804924190044403
YKL217W,YOL053C-A,0,0.36037055,0.16528239846229553,0.7537878751754761,0.3806818127632141
YNL010W,YGR143W,0,0.3603603,0.16521377861499786,0.7537878751754761,0.3808712065219879
YOR138C,YMR268W-A,0,0.3599265,0.16514523327350616,0.7537878751754761,0.3810606002807617
YML006C,YCL060C,0,0.35941872,0.16507673263549805,0.7537878751754761,0.3812499940395355
YIL108W,YER052C,0,0.35935956,0.1650082916021347,0.7537878751754761,0.3814393877983093
YDR460W,YNR060W,0,0.35915902,0.16493991017341614,0.7537878751754761,0.38162878155708313
YEL053C,YLR224W,0,0.3588765,0.16487158834934235,0.7537878751754761,0.38181817531585693
YHR164C,YBR257W,0,0.3587308,0.16480331122875214,0.7537878751754761,0.38200756907463074
YPR072W,YJL225C,0,0.358694,0.1647350937128067,0.7537878751754761,0.38219696283340454
YOL107W,YPR083W,0,0.3585229,0.16466693580150604,0.7537878751754761,0.38238635659217834
YFL035C,YER104W,0,0.3574678,0.16459883749485016,0.7537878751754761,0.38257575035095215
YNL231C,YBR172C,0,0.35708532,0.16453079879283905,0.7537878751754761,0.38276514410972595
YLR029C,YBR177C,0,0.35669103,0.16446280479431152,0.7537878751754761,0.38295453786849976
YDL140C,YCL057W,0,0.35668185,0.16439488530158997,0.7537878751754761,0.38314393162727356
YJL225C,YPR043W,0,0.3561566,0.1643269956111908,0.7537878751754761,0.38333332538604736
YKL165C,YKL206C,0,0.35583517,0.1642591804265976,0.7537878751754761,0.38352271914482117
YMR182C,YML109W,0,0.35538933,0.16419142484664917,0.7537878751754761,0.38371211290359497
YMR169C,YMR176W,0,0.3552501,0.16412371397018433,0.7537878751754761,0.3839015066623688
YDL055C,YFR036W,0,0.35518226,0.16405606269836426,0.7537878751754761,0.3840909004211426
YOL010W,YNL208W,0,0.35448217,0.16398845613002777,0.7537878751754761,0.3842802941799164
YDR196C,YJR070C,0,0.35429376,0.16392092406749725,0.7537878751754761,0.3844696879386902
YPL131W,YOR351C,0,0.35378987,0.16385343670845032,0.7537878751754761,0.384659081697464
YER137C-A,YOR025W,0,0.353764,0.16378600895404816,0.7537878751754761,0.3848484754562378
YOR142W-B,YBR192W,0,0.353764,0.16371864080429077,0.7537878751754761,0.3850378692150116
YLR005W,YOR020C,0,0.35349596,0.16365131735801697,0.7537878751754761,0.3852272629737854
YNL147W,YJL149W,0,0.3531007,0.16358405351638794,0.7537878751754761,0.3854166567325592
YPR137C-A,YLR080W,0,0.35245636,0.1635168492794037,0.7537878751754761,0.385606050491333
YIL017W,YJR034W,0,0.35210678,0.16344968974590302,0.7537878751754761,0.3857954442501068
YOL057W,YNL182C,0,0.35171202,0.16338258981704712,0.7537878751754761,0.3859848380088806
YDL142C,YNR067C,0,0.351297,0.163315549492836,0.7537878751754761,0.3861742317676544
YIL061C,YLR043C,0,0.35110956,0.16324856877326965,0.7537878751754761,0.3863636255264282
YLR129W,YJL012C-A,0,0.35094795,0.1631816327571869,0.7537878751754761,0.386553019285202
YOR377W,YGR134W,0,0.35081676,0.1631147563457489,0.7537878751754761,0.38674241304397583
YGR109W-B,YPL240C,0,0.3507358,0.1630479246377945,0.7537878751754761,0.38693180680274963
YDR072C,YMR246W,0,0.35055843,0.16298116743564606,0.7537878751754761,0.38712120056152344
YDR082W,YNR018W,0,0.34993044,0.1629144549369812,0.7537878751754761,0.38731059432029724
YDR210C-C,YBR182C,0,0.34990993,0.16284778714179993,0.7537878751754761,0.38749998807907104
YPR158C-C,YMR273C,0,0.34970343,0.16278117895126343,0.7537878751754761,0.38768938183784485
YBR276C,YJR130C,0,0.34943447,0.1627146303653717,0.7537878751754761,0.38787877559661865
YLR285W,YGL174W,0,0.34824607,0.16264814138412476,0.7537878751754761,0.38806816935539246
YGR246C,YKL094W,0,0.3476306,0.1625816971063614,0.7537878751754761,0.38825756311416626
YPL150W,YDR195W,0,0.3467894,0.1625153124332428,0.7537878751754761,0.38844695687294006
YIL135C,YCR046C,0,0.3464345,0.1624489724636078,0.7537878751754761,0.38863635063171387
YLR256W-A,YDR337W,0,0.34564295,0.16238270699977875,0.7537878751754761,0.38882574439048767
YKL180W,YCL034W,0,0.34404257,0.1623164713382721,0.7537878751754761,0.3890151381492615
YBL058W,YPL274W,0,0.34367844,0.1622503101825714,0.7537878751754761,0.3892045319080353
YDR137W,YCL034W,0,0.3422689,0.1621841937303543,0.7537878751754761,0.3893939256668091
YOR274W,YBR118W,0,0.34159866,0.1621181219816208,0.7537878751754761,0.3895833194255829
YFL066C,YFL021W,0,0.3413743,0.16205210983753204,0.7537878751754761,0.3897727131843567
YGL112C,YBR145W,0,0.34128413,0.16198615729808807,0.7537878751754761,0.3899621069431305
YER151C,YKL097W-A,0,0.34077907,0.16192026436328888,0.7537878751754761,0.3901515007019043
YML058W-A,YOR285W,0,0.34063128,0.16185441613197327,0.7537878751754761,0.3903408944606781
YIL143C,YGL051W,0,0.34015116,0.16178861260414124,0.7537878751754761,0.3905302882194519
YNL085W,YOL090W,0,0.33977973,0.16172288358211517,0.7537878751754761,0.3907197117805481
YCL060C,YNL219C,0,0.33957484,0.1616571843624115,0.7537878751754761,0.3909091055393219
YKR071C,YKL186C,0,0.33871347,0.1615915596485138,0.7537878751754761,0.3910984992980957
YOL107W,YPL167C,0,0.33788827,0.16152597963809967,0.7537878751754761,0.3912878930568695
YOR291W,YDL133C-A,0,0.33694574,0.16146044433116913,0.7537878751754761,0.3914772868156433
YGL172W,YGR143W,0,0.33672562,0.16139496862888336,0.7537878751754761,0.3916666805744171
YJR112W,YDR497C,0,0.33663306,0.16132955253124237,0.7537878751754761,0.3918560743331909
YOR089C,YMR099C,0,0.3353101,0.16126418113708496,0.7537878751754761,0.3920454680919647
YNR003C,YOL053C-A,0,0.33498242,0.16119886934757233,0.7537878751754761,0.3922348618507385
YCL036W,YDL133C-A,0,0.3349099,0.16113360226154327,0.7537878751754761,0.39242425560951233
YHR119W,YCR097WB,0,0.33481225,0.161068394780159,0.7537878751754761,0.39261364936828613
YPL183W-A,YLR154W-A,1,0.33385092,0.16140776872634888,0.7556818127632141,0.39261364936828613
YJL214W,YLR391W,0,0.33379507,0.16134250164031982,0.7556818127632141,0.39280304312705994
YLL012W,YMR075W,0,0.33350456,0.16127727925777435,0.7556818127632141,0.39299243688583374
YPL131W,YGR072W,0,0.33347288,0.16121211647987366,0.7556818127632141,0.39318183064460754
YGR161W-B,YPL096W,0,0.3331668,0.16114701330661774,0.7556818127632141,0.39337122440338135
YMR169C,YDR229W,0,0.33302823,0.1610819548368454,0.7556818127632141,0.39356061816215515
YGL170C,YDR449C,0,0.33249393,0.16101695597171783,0.7556818127632141,0.39375001192092896
YNL138W-A,YOR098C,0,0.33240774,0.16095200181007385,0.7556818127632141,0.39393940567970276
YHR074W,YDL171C,0,0.33218798,0.16088709235191345,0.7556818127632141,0.39412879943847656
YNR067C,YMR176W,0,0.33200136,0.16082224249839783,0.7556818127632141,0.39431819319725037
YIL080W,YLR224W,0,0.33198223,0.16075745224952698,0.7556818127632141,0.39450758695602417
YOR219C,YLR024C,0,0.3308985,0.1606927067041397,0.7556818127632141,0.394696980714798
YML112W,YBR080C,0,0.33049604,0.16062802076339722,0.7556818127632141,0.3948863744735718
YPR072W,YIL080W,0,0.3293871,0.1605633795261383,0.7556818127632141,0.3950757682323456
YBL052C,YML056C,0,0.3285111,0.16049879789352417,0.7556818127632141,0.3952651619911194
YKL082C,YOR123C,0,0.3284784,0.16043426096439362,0.7556818127632141,0.3954545557498932
YDR261C-D,YHR174W,0,0.32827142,0.16036976873874664,0.7556818127632141,0.395643949508667
YNL079C,YMR078C,0,0.32788265,0.16030533611774445,0.7556818127632141,0.3958333432674408
YBR275C,YMR065W,0,0.32768244,0.16024096310138702,0.7556818127632141,0.3960227370262146
YFL002W-B,YPL112C,0,0.32765022,0.16017663478851318,0.7556818127632141,0.3962121307849884
YDR067C,YLL043W,0,0.32747522,0.16011236608028412,0.7556818127632141,0.3964015245437622
YPL098C,YDR472W,0,0.3273202,0.16004814207553864,0.7556818127632141,0.396590918302536
YMR146C,YLR410W-B,0,0.32716697,0.15998396277427673,0.7556818127632141,0.3967803120613098
YER014C-A,YPL011C,0,0.32692114,0.1599198430776596,0.7556818127632141,0.3969697058200836
YKL041W,YNL080C,0,0.32645962,0.15985576808452606,0.7556818127632141,0.3971590995788574
YDR210C-C,YNL219C,0,0.3263423,0.1597917526960373,0.7556818127632141,0.3973484933376312
YKR071C,YNL010W,0,0.32564777,0.1597277820110321,0.7556818127632141,0.39753788709640503
YBR183W,YDR210C-C,0,0.32512936,0.1596638709306717,0.7556818127632141,0.39772728085517883
YGR271W,YOR162C,0,0.3250401,0.15960000455379486,0.7556818127632141,0.39791667461395264
YJL214W,YMR246W,0,0.32502732,0.1595361828804016,0.7556818127632141,0.39810606837272644
YKR002W,YBL113C,0,0.3243191,0.15947242081165314,0.7556818127632141,0.39829546213150024
YDR304C,YNL274C,0,0.32391542,0.15940870344638824,0.7556818127632141,0.39848485589027405
YMR090W,YGL019W,0,0.32384837,0.15934504568576813,0.7556818127632141,0.39867424964904785
YOL053C-A,YHR085W,0,0.32338917,0.1592814326286316,0.7556818127632141,0.39886364340782166
YDR518W,YCR055C,0,0.32335576,0.15921787917613983,0.7556818127632141,0.39905303716659546
YDL021W,YER137C,0,0.32321694,0.15915437042713165,0.7556818127632141,0.39924243092536926
YMR193W,YCR097WB,0,0.32206506,0.15909090638160706,0.7556818127632141,0.39943182468414307
YJL114W,YGR084C,0,0.32181612,0.15902750194072723,0.7556818127632141,0.39962121844291687
YDL133C-A,YJL012C-A,0,0.32175276,0.158964142203331,0.7556818127632141,0.3998106122016907
YNL178W,YNL262W,0,0.32167724,0.15890084207057953,0.7556818127632141,0.4000000059604645
YGR034W,YPR190C,0,0.32155177,0.15883758664131165,0.7556818127632141,0.4001893997192383
YKL085W,YLR164W,1,0.3212892,0.15917231142520905,0.7575757503509521,0.4001893997192383
YKL093W,YLR028C,1,0.32093602,0.15950676798820496,0.7594696879386902,0.4001893997192383
YFL048C,YKL168C,0,0.32077572,0.15944333374500275,0.7594696879386902,0.4003787934780121
YJL172W,YJL053W,0,0.32000354,0.1593799740076065,0.7594696879386902,0.4005681872367859
YKL206C,YBL052C,0,0.31975427,0.15931664407253265,0.7594696879386902,0.4007575809955597
YPR167C,YDR138W,0,0.31900606,0.15925337374210358,0.7594696879386902,0.4009469747543335
YKL210W,YML109W,0,0.31864497,0.15919014811515808,0.7594696879386902,0.4011363685131073
YEL052W,YER017C,0,0.31844708,0.15912698209285736,0.7594696879386902,0.4013257622718811
YLR165C,YOR162C,0,0.3176262,0.15906386077404022,0.7594696879386902,0.4015151560306549
YOR142W-B,YLR300W,0,0.31702742,0.15900079905986786,0.7594696879386902,0.4017045497894287
YPR149W,YLR088W,0,0.31701508,0.15893776714801788,0.7594696879386902,0.4018939435482025
YPL011C,YMR136W,0,0.3169284,0.15887479484081268,0.7594696879386902,0.4020833373069763
YLL040C,YNL080C,0,0.31653985,0.15881188213825226,0.7594696879386902,0.4022727310657501
YMR321C,YDR138W,0,0.31602815,0.15874901413917542,0.7594696879386902,0.4024621248245239
YGR109W-B,YPR035W,0,0.31437084,0.15868619084358215,0.7594696879386902,0.40265151858329773
YDR072C,YDR261C-D,0,0.31430095,0.15862341225147247,0.7594696879386902,0.40284091234207153
YLR312W-A,YBR243C,1,0.31389308,0.1589561104774475,0.7613636255264282,0.40284091234207153
YPL150W,YBR096W,0,0.31374687,0.15889328718185425,0.7613636255264282,0.40303030610084534
YNL006W,YMR273C,0,0.31367332,0.15883050858974457,0.7613636255264282,0.40321969985961914
YLR256W-A,YNL274C,0,0.31255326,0.15876777470111847,0.7613636255264282,0.40340909361839294
YML036W,YJL128C,0,0.31214687,0.15870508551597595,0.7613636255264282,0.40359848737716675
YFL011W-A,YHR082C,0,0.31210127,0.1586424559354782,0.7613636255264282,0.40378788113594055
YDL054C,YGL200C,0,0.31122264,0.15857988595962524,0.7613636255264282,0.40397727489471436
YGR282C,YMR112C,0,0.31099233,0.15851734578609467,0.7613636255264282,0.40416666865348816
YDL055C,YML006C,0,0.31048253,0.15845486521720886,0.7613636255264282,0.40435606241226196
YLR391W,YFR052W,0,0.31011775,0.15839242935180664,0.7613636255264282,0.40454545617103577
YEL069C,YNL182C,0,0.30979908,0.1583300530910492,0.7613636255264282,0.40473484992980957
YGL010W,YOR194C,0,0.30939788,0.15826772153377533,0.7613636255264282,0.4049242436885834
YPR200C,YLR394W,0,0.30938008,0.15820543467998505,0.7613636255264282,0.4051136374473572
YKL200C,YML006C,0,0.30892047,0.15814319252967834,0.7613636255264282,0.405303031206131
YGL112C,YOR393W,0,0.30881605,0.15808100998401642,0.7613636255264282,0.4054924249649048
YNL304W,YLR410W-B,0,0.3087064,0.15801887214183807,0.7613636255264282,0.4056818187236786
YNL050C,YLR151C,0,0.30827555,0.1579567790031433,0.7613636255264282,0.4058712124824524
YER175C,YFL054C,0,0.30816257,0.15789473056793213,0.7613636255264282,0.4060606062412262
YPR111W,YAL040C,0,0.30785602,0.15783274173736572,0.7613636255264282,0.40625
YGR109W-B,YOR327C,0,0.30744576,0.1577707976102829,0.7613636255264282,0.4064393937587738
YPL119C,YCL060C,0,0.30733615,0.15770889818668365,0.7613636255264282,0.4066287875175476
YDR083W,YPL257W-B,0,0.3071656,0.1576470583677292,0.7613636255264282,0.4068181812763214
YGL122C,YNR021W,0,0.30649155,0.1575852632522583,0.7613636255264282,0.4070075750350952
YGL162W,YBR118W,0,0.30638033,0.157523512840271,0.7613636255264282,0.407196968793869
YJL081C,YGL233W,0,0.30570006,0.15746180713176727,0.7613636255264282,0.4073863625526428
YEL036C,YPR200C,0,0.30434772,0.15740016102790833,0.7613636255264282,0.4075757563114166
YNL283C,YOL004W,0,0.30406514,0.15733854472637177,0.7613636255264282,0.40776515007019043
YDR285W,YGR239C,0,0.30401725,0.15727698802947998,0.7613636255264282,0.40795454382896423
YPR060C,YLR016C,0,0.3038487,0.15721549093723297,0.7613636255264282,0.40814393758773804
YGR109W-B,YJL066C,0,0.30373573,0.15715402364730835,0.7613636255264282,0.40833333134651184
YPL129W,YDL225W,0,0.30337605,0.1570926159620285,0.7613636255264282,0.40852272510528564
YOR142W-A,YNL262W,0,0.30331627,0.15703125298023224,0.7613636255264282,0.40871211886405945
YLR410W-B,YLR005W,0,0.30317646,0.15696993470191956,0.7613636255264282,0.40890151262283325
YDR261W-A,YNL092W,0,0.30303666,0.15690866112709045,0.7613636255264282,0.40909090638160706
YBR120C,YKL061W,0,0.30270758,0.15684744715690613,0.7613636255264282,0.40928030014038086
YIL170W,YJL149W,0,0.30245623,0.15678627789020538,0.7613636255264282,0.40946969389915466
YDL055C,YJL149W,0,0.30191946,0.15672515332698822,0.7613636255264282,0.40965908765792847
YPL163C,YMR240C,0,0.3018367,0.15666407346725464,0.7613636255264282,0.40984848141670227
YGR161W-B,YER087W,0,0.30170843,0.15660303831100464,0.7613636255264282,0.4100378751754761
YOR274W,YIR032C,0,0.3016467,0.15654206275939941,0.7613636255264282,0.4102272689342499
YBL028C,YGL113W,0,0.3014302,0.15648111701011658,0.7613636255264282,0.4104166626930237
YNR074C,YNL008C,0,0.30131796,0.15642023086547852,0.7613636255264282,0.4106060564517975
YCL008C,YLR359W,0,0.30013204,0.15635938942432404,0.7613636255264282,0.4107954502105713
YFL066C,YOL090W,0,0.29994422,0.15629860758781433,0.7613636255264282,0.4109848439693451
YOR343W-B,YBR187W,0,0.2994015,0.15623785555362701,0.7613636255264282,0.4111742377281189
YBR243C,YLR154W-A,1,0.2992985,0.15656565129756927,0.7632575631141663,0.4111742377281189
YPR137C-A,YBL041W,0,0.29877234,0.15650485455989838,0.7632575631141663,0.4113636314868927
YHL012W,YDR205W,0,0.29863212,0.15644410252571106,0.7632575631141663,0.4115530252456665
YJL030W,YNL070W,0,0.29846558,0.15638339519500732,0.7632575631141663,0.4117424190044403
YDL036C,YDR109C,0,0.2975628,0.15632273256778717,0.7632575631141663,0.4119318127632141
YML112W,YAR031W,0,0.29732564,0.1562621146440506,0.7632575631141663,0.4121212065219879
YAL040C,YFL017W-A,0,0.29695353,0.1562015563249588,0.7632575631141663,0.4123106002807617
YDR240C,YBR061C,0,0.29679275,0.1561410278081894,0.7632575631141663,0.4124999940395355
YDL078C,YLR154W-A,1,0.29641783,0.15646785497665405,0.7651515007019043,0.4124999940395355
YOR159C,YLR278C,0,0.29607856,0.15640728175640106,0.7651515007019043,0.4126893877983093
YJL140W,YGR034W,0,0.2958589,0.15634675323963165,0.7651515007019043,0.41287878155708313
YKL117W,YPR200C,0,0.295795,0.15628626942634583,0.7651515007019043,0.41306817531585693
YPR158C-C,YER098W,0,0.2956265,0.15622583031654358,0.7651515007019043,0.41325756907463074
YMR267W,YLR154W-A,1,0.2955614,0.15655198693275452,0.7670454382896423,0.41325756907463074
YKL097W-A,YGL233W,0,0.29533356,0.1564915031194687,0.7670454382896423,0.41344696283340454
YLR295C,YEL031W,0,0.29515758,0.15643104910850525,0.7670454382896423,0.41363635659217834
YLR410W-A,YDR369C,0,0.2944381,0.15637065470218658,0.7670454382896423,0.41382575035095215
YKL171W,YOR294W,0,0.2943063,0.1563103049993515,0.7670454382896423,0.41401514410972595
YDR210C-C,YLR005W,0,0.293739,0.15625,0.7670454382896423,0.41420453786849976
YLR129W,YNL178W,0,0.29341373,0.15618973970413208,0.7670454382896423,0.41439393162727356
YLR312W-A,YGL169W,1,0.29275522,0.15651503205299377,0.7689393758773804,0.41439393162727356
YGR161W-B,YOR212W,0,0.29192144,0.15645472705364227,0.7689393758773804,0.41458332538604736
YOR142W,YLR154W-A,1,0.2914351,0.15677966177463531,0.7708333134651184,0.41458332538604736
YLR009W,YGR199W,0,0.2913457,0.15671929717063904,0.7708333134651184,0.41477271914482117
YPR137C-A,YNL027W,0,0.29080293,0.15665896236896515,0.7708333134651184,0.41496211290359497
YPL078C,YCR097WB,0,0.29019728,0.15659868717193604,0.7708333134651184,0.4151515066623688
YLR197W,YLR316C,0,0.29013112,0.1565384566783905,0.7708333134651184,0.4153409004211426
YJL194W,YIL017W,0,0.29003003,0.15647827088832855,0.7708333134651184,0.4155302941799164
YDL074C,YPL027W,0,0.29002154,0.15641814470291138,0.7708333134651184,0.4157196879386902
YMR046C,YPR125W,0,0.28927547,0.1563580483198166,0.7708333134651184,0.415909081697464
YKL203C,YCL026C-B,0,0.2881491,0.15629799664020538,0.7708333134651184,0.4160984754562378
YOR126C,YOR251C,0,0.28748652,0.15623800456523895,0.7708333134651184,0.4162878692150116
YHR012W,YGL046W,0,0.2874787,0.1561780571937561,0.7708333134651184,0.4164772629737854
YDL206W,YDR457W,0,0.28734383,0.15611813962459564,0.7708333134651184,0.4166666567325592
YIL080W,YOR230W,0,0.28726014,0.15605828166007996,0.7708333134651184,0.416856050491333
YDR460W,YMR238W,0,0.286501,0.15599846839904785,0.7708333134651184,0.4170454442501068
YFL014W,YPL244C,0,0.28497317,0.15593869984149933,0.7708333134651184,0.4172348380088806
YPL042C,YLR182W,0,0.2849532,0.1558789759874344,0.7708333134651184,0.4174242317676544
YPL150W,YGR085C,0,0.28423885,0.15581929683685303,0.7708333134651184,0.4176136255264282
YGL203C,YER019C-A,0,0.28413332,0.15575966238975525,0.7708333134651184,0.417803019285202
YLR047C,YLL061W,0,0.28399682,0.15570007264614105,0.7708333134651184,0.41799241304397583
YBR026C,YLR154W-A,1,0.28372738,0.15602295100688934,0.7727272510528564,0.41799241304397583
YDR059C,YBR192W,0,0.28353044,0.15596330165863037,0.7727272510528564,0.41818180680274963
YOR343W-B,YML049C,0,0.28283358,0.15590371191501617,0.7727272510528564,0.41837120056152344
YKL171W,YBL076C,0,0.2826288,0.15584415197372437,0.7727272510528564,0.41856059432029724
YOL103W-B,YPL151C,0,0.28255394,0.15578465163707733,0.7727272510528564,0.41874998807907104
YMR284W,YJL079C,0,0.28240186,0.15572519600391388,0.7727272510528564,0.41893938183784485
YPR137C-A,YDR378C,0,0.28227434,0.15566577017307281,0.7727272510528564,0.41912877559661865
YNL110C,YJL213W,0,0.28224215,0.15560640394687653,0.7727272510528564,0.41931816935539246
YKL180W,YIR032C,0,0.28164643,0.15554708242416382,0.7727272510528564,0.41950756311416626
YDR076W,YER087C-B,0,0.28149977,0.1554878056049347,0.7727272510528564,0.41969695687294006
YLR016C,YGL030W,0,0.28098753,0.15542857348918915,0.7727272510528564,0.41988635063171387
YBR183W,YGL050W,0,0.28091457,0.15536938607692719,0.7727272510528564,0.42007574439048767
YGR246C,YKR026C,0,0.2807692,0.1553102433681488,0.7727272510528564,0.4202651381492615
YGR161W-B,YLR183C,0,0.28045675,0.155251145362854,0.7727272510528564,0.4204545319080353
YOR287C,YNL070W,0,0.28032774,0.15519209206104279,0.7727272510528564,0.4206439256668091
YJR051W,YKL067W,0,0.27977172,0.15513308346271515,0.7727272510528564,0.4208333194255829
YHR047C,YDR306C,0,0.27849045,0.1550741195678711,0.7727272510528564,0.4210227131843567
YKL061W,YGL216W,0,0.27811754,0.15501520037651062,0.7727272510528564,0.4212121069431305
YOL103W-B,YGR175C,0,0.2779401,0.15495632588863373,0.7727272510528564,0.4214015007019043
YFR001W,YCL025C,0,0.27736914,0.15489749610424042,0.7727272510528564,0.4215908944606781
YGL068W,YBR238C,1,0.2772968,0.1552182137966156,0.7746211886405945,0.4215908944606781
YER154W,YDL097C,0,0.27720174,0.1551593393087387,0.7746211886405945,0.4217802882194519
YNR067C,YMR173W,0,0.27698871,0.1551004946231842,0.7746211886405945,0.4219697117805481
YLR107W,YDR389W,0,0.2768715,0.15504169464111328,0.7746211886405945,0.4221591055393219
YBR183W,YER137C,0,0.27615607,0.15498295426368713,0.7746211886405945,0.4223484992980957
YPL002C,YOR393W,0,0.27592397,0.15492424368858337,0.7746211886405945,0.4225378930568695
YER137C-A,YML128C,0,0.27570307,0.1548655778169632,0.7746211886405945,0.4227272868156433
YPR158C-C,YGR052W,0,0.275004,0.1548069715499878,0.7746211886405945,0.4229166805744171
YPR137W,YBR282W,0,0.27428553,0.15474839508533478,0.7746211886405945,0.4231060743331909
YER165W,YJL206C,0,0.2740074,0.15468986332416534,0.7746211886405945,0.4232954680919647
YGR012W,YOR187W,0,0.27399868,0.1546313762664795,0.7746211886405945,0.4234848618507385
YDR310C,YDR170C,0,0.2738289,0.15457293391227722,0.7746211886405945,0.42367425560951233
YNL102W,YKL165C,0,0.27371505,0.15451455116271973,0.7746211886405945,0.42386364936828613
YMR049C,YLR043C,0,0.2734556,0.15445619821548462,0.7746211886405945,0.42405304312705994
YPL147W,YMR250W,0,0.27325246,0.1543978899717331,0.7746211886405945,0.42424243688583374
YMR077C,YBL011W,0,0.27312338,0.15433962643146515,0.7746211886405945,0.42443183064460754
YNL273W,YPR149W,0,0.27278352,0.1542814075946808,0.7746211886405945,0.42462122440338135
YCL074W,YEL036C,0,0.2726145,0.15422323346138,0.7746211886405945,0.42481061816215515
YCL025C,YLR026C,0,0.27218965,0.1541650891304016,0.7746211886405945,0.42500001192092896
YGL169W,YLR154W-A,1,0.2717174,0.15448379516601562,0.7765151262283325,0.42500001192092896
YOR025W,YOL136C,0,0.270949,0.15442560613155365,0.7765151262283325,0.42518940567970276
YOR098C,YNL239W,0,0.27009228,0.15436747670173645,0.7765151262283325,0.42537879943847656
YLR113W,YIL135C,0,0.27006027,0.15430937707424164,0.7765151262283325,0.42556819319725037
YLR009W,YER171W,0,0.26971692,0.1542513221502304,0.7765151262283325,0.42575758695602417
YHR211W,YGL094C,0,0.26897234,0.15419331192970276,0.7765151262283325,0.425946980714798
YKR008W,YMR210W,0,0.2689604,0.1541353315114975,0.7765151262283325,0.4261363744735718
YLR410W-B,YOR327C,0,0.2678735,0.154077410697937,0.7765151262283325,0.4263257682323456
YJL225C,YPL113C,0,0.2675039,0.1540195345878601,0.7765151262283325,0.4265151619911194
YDL121C,YNL178W,0,0.2673982,0.15396170318126678,0.7765151262283325,0.4267045557498932
YDL121C,YAL017W,0,0.26715255,0.15390390157699585,0.7765151262283325,0.426893949508667
YLL045C,YFL021W,0,0.26678202,0.1538461595773697,0.7765151262283325,0.4270833432674408
YDL217C,YKL020C,0,0.26645204,0.15378844738006592,0.7765151262283325,0.4272727370262146
YGR012W,YOR142W-A,0,0.2647976,0.15373077988624573,0.7765151262283325,0.4274621307849884
YBR195C,YDR205W,0,0.2641857,0.15367315709590912,0.7765151262283325,0.4276515245437622
YFL054C,YJR063W,0,0.2627511,0.1536155790090561,0.7765151262283325,0.427840918302536
YOR142W-B,YER046W,0,0.26242077,0.15355804562568665,0.7765151262283325,0.4280303120613098
YER137C-A,YPL087W,0,0.26228097,0.15350055694580078,0.7765151262283325,0.4282197058200836
YFL011W-A,YBR182C,0,0.26203364,0.1534431129693985,0.7765151262283325,0.4284090995788574
YGL026C,YNL080C,0,0.26198977,0.1533857136964798,0.7765151262283325,0.4285984933376312
YOL052C,YMR160W,0,0.2618957,0.15332834422588348,0.7765151262283325,0.42878788709640503
YLL041C,YLR154W-A,1,0.26181057,0.153644859790802,0.7784090638160706,0.42878788709640503
YEL022W,YJL144W,0,0.2611615,0.1535874456167221,0.7784090638160706,0.42897728085517883
YIL108W,YMR246W,0,0.2609587,0.1535300761461258,0.7784090638160706,0.42916667461395264
YDR285W,YGR012W,0,0.26051602,0.15347273647785187,0.7784090638160706,0.42935606837272644
YMR269W,YLR103C,0,0.2601362,0.15341545641422272,0.7784090638160706,0.42954546213150024
YAL024C,YGR246C,0,0.25943524,0.15335820615291595,0.7784090638160706,0.42973485589027405
YLR028C,YLR154W-A,1,0.25928062,0.15367400646209717,0.7803030014038086,0.42973485589027405
YJR051W,YNL273W,0,0.2591612,0.15361669659614563,0.7803030014038086,0.42992424964904785
YNL052W,YLR154W-A,1,0.25899956,0.15393216907978058,0.7821969985961914,0.42992424964904785
YJR005W,YLR353W,0,0.25752285,0.15387481451034546,0.7821969985961914,0.43011364340782166
YOR222W,YMR268W-A,0,0.25677356,0.15381750464439392,0.7821969985961914,0.43030303716659546
YFL014W,YOR194C,0,0.25627202,0.15376023948192596,0.7821969985961914,0.43049243092536926
YHR066W,YLR329W,0,0.25611922,0.1537030190229416,0.7821969985961914,0.43068182468414307
YPR060C,YDR364C,0,0.25479862,0.1536458283662796,0.7821969985961914,0.43087121844291687
YOR291W,YGR180C,0,0.25469816,0.1535886973142624,0.7821969985961914,0.4310606122016907
YDR083W,YOR142W-A,0,0.25445136,0.15353159606456757,0.7821969985961914,0.4312500059604645
YML030W,YBL092W,0,0.2542872,0.15347453951835632,0.7821969985961914,0.4314393997192383
YKL090W,YLL019C,0,0.25408834,0.15341752767562866,0.7821969985961914,0.4316287934780121
YGR161W-B,YDR518W,0,0.2534727,0.15336056053638458,0.7821969985961914,0.4318181872367859
YMR228W,YLR285W,0,0.25296804,0.15330363810062408,0.7821969985961914,0.4320075809955597
YLR386W,YIL048W,0,0.25263336,0.15324676036834717,0.7821969985961914,0.4321969747543335
YBR170C,YAL038W,0,0.2521141,0.15318991243839264,0.7821969985961914,0.4323863685131073
YOL141W,YMR268W-A,0,0.25201395,0.1531331092119217,0.7821969985961914,0.4325757622718811
YOL103W-B,YLR129W,0,0.25179496,0.15307635068893433,0.7821969985961914,0.4327651560306549
YER098W,YCR097WB,0,0.25153697,0.15301963686943054,0.7821969985961914,0.4329545497894287
YGR105W,YLL061W,0,0.251521,0.15296296775341034,0.7821969985961914,0.4331439435482025
YDR067C,YOR089C,0,0.2511826,0.15290632843971252,0.7821969985961914,0.4333333373069763
YER022W,YGR229C,0,0.249957,0.1528497338294983,0.7821969985961914,0.4335227310657501
YNL236W,YDL024C,0,0.24994797,0.15279319882392883,0.7821969985961914,0.4337121248245239
YIL006W,YDR138W,0,0.24945572,0.15273669362068176,0.7821969985961914,0.43390151858329773
YDR451C,YGL200C,0,0.24912101,0.15268021821975708,0.7821969985961914,0.43409091234207153
YJL024C,YBR141C,0,0.24892423,0.15262380242347717,0.7821969985961914,0.43428030610084534
YNL006W,YGR271W,0,0.24875799,0.15256741642951965,0.7821969985961914,0.43446969985961914
YLL055W,YPR159W,0,0.2475752,0.15251107513904572,0.7821969985961914,0.43465909361839294
YJL225C,YBR095C,0,0.24741209,0.15245477855205536,0.7821969985961914,0.43484848737716675
YDR512C,YGR027C,0,0.24710932,0.15239852666854858,0.7821969985961914,0.43503788113594055
YJR051W,YDR416W,0,0.24637982,0.1523423045873642,0.7821969985961914,0.43522727489471436
YJL166W,YLR154W-A,1,0.24620911,0.15265487134456635,0.7840909361839294,0.43522727489471436
YNR074C,YNL304W,0,0.24615625,0.15259860455989838,0.7840909361839294,0.43541666865348816
YER013W,YDR170C,0,0.24569887,0.1525423675775528,0.7840909361839294,0.43560606241226196
YKL186C,YOR123C,0,0.24471176,0.152486190199852,0.7840909361839294,0.43579545617103577
YDR453C,YLR187W,0,0.24421242,0.15243004262447357,0.7840909361839294,0.43598484992980957
YDL133C-A,YER052C,0,0.24407259,0.15237393975257874,0.7840909361839294,0.4361742436885834
YDR090C,YML052W,0,0.2436764,0.15231788158416748,0.7840909361839294,0.4363636374473572
YFR021W,YCR087C-A,0,0.24217281,0.1522618681192398,0.7840909361839294,0.436553031206131
YDR082W,YJL225C,0,0.24146867,0.15220588445663452,0.7840909361839294,0.4367424249649048
YDR196C,YOR304C-A,0,0.23896071,0.15214994549751282,0.7840909361839294,0.4369318187236786
YGL050W,YJR053W,0,0.23864552,0.1520940512418747,0.7840909361839294,0.4371212124824524
YPL200W,YGL190C,0,0.23832107,0.15203818678855896,0.7840909361839294,0.4373106062412262
YNR018W,YOL104C,0,0.23822987,0.151982381939888,0.7840909361839294,0.4375
YLR208W,YPL257W-B,0,0.23739019,0.15192660689353943,0.7840909361839294,0.4376893937587738
YGL030W,YLR391W,0,0.23738214,0.15187087655067444,0.7840909361839294,0.4378787875175476
YNR021W,YOR215C,0,0.23653746,0.15181517601013184,0.7840909361839294,0.4380681812763214
YKL053C-A,YDL035C,0,0.23628375,0.151759535074234,0.7840909361839294,0.4382575750350952
YLR314C,YMR176W,0,0.23534924,0.15170392394065857,0.7840909361839294,0.438446968793869
YGR010W,YAL040C,0,0.23526615,0.1516483575105667,0.7840909361839294,0.4386363625526428
YER150W,YDR261W-A,0,0.23516613,0.15159282088279724,0.7840909361839294,0.4388257563114166
YML051W,YOR226C,0,0.23424464,0.15153732895851135,0.7840909361839294,0.43901515007019043
YCL074W,YDR332W,0,0.23385653,0.15148188173770905,0.7840909361839294,0.43920454382896423
YGR010W,YFL010W-A,0,0.2338179,0.15142647922039032,0.7840909361839294,0.43939393758773804
YNL231C,YML097C,0,0.23359844,0.15137112140655518,0.7840909361839294,0.43958333134651184
YJR028W,YOL101C,0,0.23357853,0.15131579339504242,0.7840909361839294,0.43977272510528564
YGR282C,YFR019W,0,0.23287132,0.15126051008701324,0.7840909361839294,0.43996211886405945
YNL236W,YIL048W,0,0.23201627,0.15120525658130646,0.7840909361839294,0.44015151262283325
YBR111W-A,YPL082C,0,0.2310057,0.15115004777908325,0.7840909361839294,0.44034090638160706
YER137C-A,YJL144W,0,0.23084885,0.15109488368034363,0.7840909361839294,0.44053030014038086
YNL283C,YLR073C,0,0.22969332,0.15103976428508759,0.7840909361839294,0.44071969389915466
YDR083W,YJL171C,0,0.22955558,0.15098468959331512,0.7840909361839294,0.44090908765792847
YKL085W,YLR154W-A,1,0.22906159,0.15129420161247253,0.7859848737716675,0.44090908765792847
YOL103W-B,YAL022C,0,0.22783983,0.1512390673160553,0.7859848737716675,0.44109848141670227
YJL200C,YLR154W-A,1,0.22681269,0.15154826641082764,0.7878788113594055,0.44109848141670227
YGR112W,YLR154W-A,1,0.22667214,0.15185724198818207,0.7897727489471436,0.44109848141670227
YOR310C,YFL035C,0,0.22593838,0.1518019586801529,0.7897727489471436,0.4412878751754761
YPR011C,YLR325C,0,0.2257336,0.1517467200756073,0.7897727489471436,0.4414772689342499
YEL022W,YJR026W,0,0.22559944,0.1516915261745453,0.7897727489471436,0.4416666626930237
YKL174C,YPL131W,0,0.22514561,0.15163636207580566,0.7897727489471436,0.4418560564517975
YNL298W,YML128C,0,0.22479537,0.15158124268054962,0.7897727489471436,0.4420454502105713
YOR349W,YIL048W,0,0.22417924,0.15152616798877716,0.7897727489471436,0.4422348439693451
YGR180C,YEL036C,0,0.22380611,0.1514711230993271,0.7897727489471436,0.4424242377281189
YHR029C,YER104W,0,0.22362584,0.1514161229133606,0.7897727489471436,0.4426136314868927
YLR024C,YBR257W,0,0.22326437,0.15136116743087769,0.7897727489471436,0.4428030252456665
YGR012W,YDR261C-D,0,0.2220835,0.15130624175071716,0.7897727489471436,0.4429924190044403
YOL103W-B,YDL045W-A,0,0.22195268,0.15125136077404022,0.7897727489471436,0.4431818127632141
YAL022C,YFL066C,0,0.22193496,0.15119652450084686,0.7897727489471436,0.4433712065219879
YGR251W,YCL043C,0,0.22186264,0.1511417180299759,0.7897727489471436,0.4435606002807617
YOR297C,YGR112W,1,0.22116086,0.1514492779970169,0.7916666865348816,0.4435606002807617
YLR390W,YGR246C,0,0.22097862,0.15139442682266235,0.7916666865348816,0.4437499940395355
YML028W,YPL257W-B,0,0.22077522,0.1513396054506302,0.7916666865348816,0.4439393877983093
YPR024W,YNR072W,0,0.22050926,0.1512848287820816,0.7916666865348816,0.44412878155708313
YFL066C,YBL052C,0,0.22050442,0.1512300968170166,0.7916666865348816,0.44431817531585693
YHR061C,YKR069W,0,0.21994081,0.15117540955543518,0.7916666865348816,0.44450756907463074
YDL246C,YCR057C,0,0.2196891,0.15112075209617615,0.7916666865348816,0.44469696283340454
YOR142W,YBR238C,1,0.21951589,0.15142753720283508,0.7935606241226196,0.44469696283340454
YBR260C,YKR008W,0,0.21947485,0.15137283504009247,0.7935606241226196,0.44488635659217834
YDR454C,YLL017W,0,0.21866028,0.15131816267967224,0.7935606241226196,0.44507575035095215
YIL139C,YGL244W,0,0.21818045,0.1512635350227356,0.7935606241226196,0.44526514410972595
YDR144C,YJR101W,0,0.21759173,0.15120895206928253,0.7935606241226196,0.44545453786849976
YOL070C,YER103W,0,0.21745314,0.15115439891815186,0.7935606241226196,0.44564393162727356
YMR061W,YCR055C,0,0.21721525,0.15109989047050476,0.7935606241226196,0.44583332538604736
YLR447C,YPR060C,0,0.21709077,0.15104542672634125,0.7935606241226196,0.44602271914482117
YKL009W,YCR097WB,0,0.21602927,0.15099099278450012,0.7935606241226196,0.44621211290359497
YMR284W,YOR377W,0,0.2155604,0.15093660354614258,0.7935606241226196,0.4464015066623688
YOR377W,YPR149W,0,0.21535507,0.15088224411010742,0.7935606241226196,0.4465909004211426
YGR246C,YEL056W,0,0.21501341,0.15082792937755585,0.7935606241226196,0.4467802941799164
YPL200W,YBR067C,0,0.21484253,0.15077365934848785,0.7935606241226196,0.4469696879386902
YNL284C,YIL047C,0,0.2145761,0.15071941912174225,0.7935606241226196,0.447159081697464
YPR001W,YLR154W-A,1,0.214444,0.15102481842041016,0.7954545617103577,0.447159081697464
YDR411C,YJL213W,0,0.2136508,0.15097051858901978,0.7954545617103577,0.4473484754562378
YLR285W,YDL198C,0,0.21344975,0.15091627836227417,0.7954545617103577,0.4475378692150116
YOL142W,YDR419W,0,0.2130892,0.15086206793785095,0.7954545617103577,0.4477272629737854
YNL138W-A,YOL028C,0,0.21283762,0.15080790221691132,0.7954545617103577,0.4479166567325592
YDL074C,YMR065W,0,0.21187487,0.15075376629829407,0.7954545617103577,0.448106050491333
YKL074C,YIL159W,0,0.21162462,0.1506996750831604,0.7954545617103577,0.4482954442501068
YMR228W,YOR222W,0,0.21080479,0.15064562857151031,0.7954545617103577,0.4484848380088806
YMR078C,YML052W,0,0.21080324,0.15059161186218262,0.7954545617103577,0.4486742317676544
YFL035C,YLR344W,0,0.21066496,0.1505376398563385,0.7954545617103577,0.4488636255264282
YOR243C,YJL171C,0,0.21021074,0.15048369765281677,0.7954545617103577,0.449053019285202
YPL183W-A,YLR164W,1,0.20953844,0.15078796446323395,0.7973484992980957,0.449053019285202
YOR324C,YNL302C,0,0.20887867,0.15073397755622864,0.7973484992980957,0.44924241304397583
YMR273C,YGL190C,0,0.20830211,0.1506800353527069,0.7973484992980957,0.44943180680274963
YDR222W,YIL133C,0,0.20683268,0.15062612295150757,0.7973484992980957,0.44962120056152344
YJL130C,YKL189W,0,0.20678654,0.15057224035263062,0.7973484992980957,0.44981059432029724
YPR137C-A,YIL108W,0,0.20610577,0.15051841735839844,0.7973484992980957,0.44999998807907104
YHR012W,YDR026C,0,0.20607336,0.15046462416648865,0.7973484992980957,0.45018938183784485
YPR160W,YMR240C,0,0.20539734,0.15041086077690125,0.7973484992980957,0.45037877559661865
YDL078C,YBR238C,1,0.20536578,0.15071429312229156,0.7992424368858337,0.45037877559661865
YJL194W,YOR098C,0,0.20509562,0.15066048502922058,0.7992424368858337,0.45056816935539246
YML051W,YAL033W,0,0.20460616,0.15060670673847198,0.7992424368858337,0.45075756311416626
YFL011W-A,YNL084C,0,0.2043901,0.15055297315120697,0.7992424368858337,0.45094695687294006
YER103W,YDL121C,0,0.2033898,0.15049928426742554,0.7992424368858337,0.45113635063171387
YGL026C,YPL110C,0,0.2031366,0.15044564008712769,0.7992424368858337,0.45132574439048767
YLR024C,YOL053C-A,0,0.20228907,0.15039201080799103,0.7992424368858337,0.4515151381492615
YHR211W,YGR281W,0,0.2021485,0.15033844113349915,0.7992424368858337,0.4517045319080353
YDR460W,YIL083C,0,0.20089097,0.15028490126132965,0.7992424368858337,0.4518939256668091
YNL044W,YEL043W,0,0.19988269,0.15023140609264374,0.7992424368858337,0.4520833194255829
YOR323C,YMR159C,0,0.19966426,0.1501779407262802,0.7992424368858337,0.4522727131843567
YGR036C,YMR272C,0,0.19943997,0.15012450516223907,0.7992424368858337,0.4524621069431305
YOR343W-B,YHR057C,0,0.19912055,0.1500711292028427,0.7992424368858337,0.4526515007019043
YOL054W,YBL098W,0,0.19858697,0.15001776814460754,0.7992424368858337,0.4528408944606781
YMR090W,YDL148C,0,0.198196,0.14996446669101715,0.7992424368858337,0.4530302882194519
YER022W,YFL035C,0,0.19762453,0.14991119503974915,0.7992424368858337,0.4532197117805481
YDL202W,YNL208W,0,0.19665146,0.14985795319080353,0.7992424368858337,0.4534091055393219
YJL066C,YOL151W,0,0.19597855,0.1498047560453415,0.7992424368858337,0.4535984992980957
YER117W,YPL257W-B,0,0.19595745,0.14975160360336304,0.7992424368858337,0.4537878930568695
YDR079W,YLR154W-A,1,0.1959472,0.1500532031059265,0.8011363744735718,0.4537878930568695
YOR355W,YKR006C,1,0.19569835,0.15035460889339447,0.8030303120613098,0.4537878930568695
YLR291C,YPL110C,0,0.19547722,0.15030130743980408,0.8030303120613098,0.4539772868156433
YOR355W,YBR243C,1,0.19503993,0.15060241520404816,0.8049242496490479,0.4539772868156433
YJR070C,YMR090W,0,0.19408414,0.150549054145813,0.8049242496490479,0.4541666805744171
YOR301W,YOR239W,0,0.1939697,0.1504957526922226,0.8049242496490479,0.4543560743331909
YLR154W-A,YLR164W,1,0.19374691,0.15079645812511444,0.8068181872367859,0.4543560743331909
YKR071C,YCR055C,0,0.19290447,0.15074309706687927,0.8068181872367859,0.4545454680919647
YNL079C,YMR179W,0,0.191335,0.15068978071212769,0.8068181872367859,0.4547348618507385
YIR038C,YHR079C,0,0.1906689,0.1506364941596985,0.8068181872367859,0.45492425560951233
YCL057W,YJL117W,0,0.19054759,0.15058325231075287,0.8068181872367859,0.45511364936828613
YNL117W,YLR154W-A,1,0.19037315,0.15088339149951935,0.8087121248245239,0.45511364936828613
YPR191W,YGL169W,1,0.19021234,0.1511833220720291,0.810606062412262,0.45511364936828613
YLR105C,YFR031C,0,0.18769176,0.15112994611263275,0.810606062412262,0.45530304312705994
YOR274W,YOR204W,0,0.18759653,0.15107659995555878,0.810606062412262,0.45549243688583374
YGR109W-B,YDR499W,0,0.18698493,0.1510232836008072,0.810606062412262,0.45568183064460754
YPL002C,YBR042C,0,0.18654945,0.15097001194953918,0.810606062412262,0.45587122440338135
YML052W,YNR013C,0,0.18625584,0.15091678500175476,0.810606062412262,0.45606061816215515
YKL200C,YGR238C,0,0.18563643,0.15086358785629272,0.810606062412262,0.45625001192092896
YPR187W,YML071C,0,0.18548009,0.15081043541431427,0.810606062412262,0.45643940567970276
YJR004C,YNL026W,0,0.18412882,0.1507573127746582,0.810606062412262,0.45662879943847656
YBR170C,YBL068W,0,0.18357554,0.15070421993732452,0.810606062412262,0.45681819319725037
YKL217W,YGR072W,0,0.18353572,0.15065117180347443,0.810606062412262,0.45700758695602417
YLR047C,YHR058C,0,0.1830307,0.1505981683731079,0.810606062412262,0.457196980714798
YKL117W,YGR134W,0,0.1812875,0.15054519474506378,0.810606062412262,0.4573863744735718
YOR194C,YER145C,0,0.18078169,0.15049226582050323,0.810606062412262,0.4575757682323456
YER137C-A,YOR338W,0,0.1807815,0.15043936669826508,0.810606062412262,0.4577651619911194
YNL079C,YDR081C,0,0.18068448,0.1503865122795105,0.810606062412262,0.4579545557498932
YPL113C,YJL095W,0,0.17946315,0.1503336876630783,0.810606062412262,0.458143949508667
YLL041C,YBR243C,1,0.17875424,0.15063202381134033,0.8125,0.458143949508667
YBR066C,YIR011C,0,0.17856255,0.15057915449142456,0.8125,0.4583333432674408
YPL183W-A,YBR243C,1,0.17848529,0.1508771926164627,0.814393937587738,0.4583333432674408
YER050C,YMR229C,0,0.1783518,0.15082427859306335,0.814393937587738,0.4585227370262146
YHR066W,YLR227W-B,0,0.17810273,0.1507713943719864,0.814393937587738,0.4587121307849884
YLL045C,YGR032W,0,0.17808929,0.1507185399532318,0.814393937587738,0.4589015245437622
YDL206W,YGR145W,0,0.17798004,0.15066573023796082,0.814393937587738,0.459090918302536
YCR087C-A,YKL053C-A,0,0.17711538,0.1506129652261734,0.814393937587738,0.4592803120613098
YLR228C,YMR136W,0,0.17696732,0.15056023001670837,0.814393937587738,0.4594697058200836
YMR020W,YBR261C,0,0.17676643,0.15050752460956573,0.814393937587738,0.4596590995788574
YPL213W,YGL236C,0,0.1759218,0.15045486390590668,0.814393937587738,0.4598484933376312
YMR077C,YDL022W,0,0.1754727,0.15040223300457,0.814393937587738,0.46003788709640503
YFR013W,YML073C,0,0.17528461,0.15034964680671692,0.814393937587738,0.46022728085517883
YIR025W,YDR261W-A,0,0.17514203,0.1502971053123474,0.814393937587738,0.46041667461395264
YIL088C,YDR470C,0,0.17484513,0.1502445787191391,0.814393937587738,0.46060606837272644
YDR351W,YKL189W,0,0.174559,0.15019211173057556,0.814393937587738,0.46079546213150024
YDR414C,YBL005W-B,0,0.17412469,0.15013965964317322,0.814393937587738,0.46098485589027405
YKL007W,YNR004W,0,0.17401938,0.15008726716041565,0.814393937587738,0.46117424964904785
YBR271W,YOR349W,0,0.17271198,0.15003488957881927,0.814393937587738,0.46136364340782166
YMR169C,YJL192C,0,0.17238614,0.14998255670070648,0.814393937587738,0.46155303716659546
YPR001W,YLR028C,1,0.17113125,0.1502789407968521,0.8162878751754761,0.46155303716659546
YGR246C,YDR496C,0,0.17104372,0.15022656321525574,0.8162878751754761,0.46174243092536926
YOR142W,YBR243C,1,0.170795,0.1505226492881775,0.8181818127632141,0.46174243092536926
YKL020C,YLL027W,0,0.17076823,0.15047021210193634,0.8181818127632141,0.46193182468414307
YDR472W,YOL151W,0,0.17046288,0.15041783452033997,0.8181818127632141,0.46212121844291687
YKL166C,YIL046W,0,0.16945827,0.15036547183990479,0.8181818127632141,0.4623106122016907
YPR204W,YBL089W,0,0.16857058,0.15031315386295319,0.8181818127632141,0.4625000059604645
YHR056C,YBR287W,0,0.16741341,0.15026086568832397,0.8181818127632141,0.4626893997192383
YCR093W,YJR010W,0,0.16718724,0.15020862221717834,0.8181818127632141,0.4628787934780121
YMR270C,YGL103W,0,0.16710824,0.1501564085483551,0.8181818127632141,0.4630681872367859
YKL190W,YHR109W,0,0.16694096,0.15010423958301544,0.8181818127632141,0.4632575809955597
YDR473C,YJL134W,0,0.16690302,0.15005210041999817,0.8181818127632141,0.4634469747543335
YGL237C,YIL083C,0,0.16662362,0.15000000596046448,0.8181818127632141,0.4636363685131073
YBL112C,YIL020C,0,0.16657758,0.14994794130325317,0.8181818127632141,0.4638257622718811
YJR032W,YAL040C,0,0.16642527,0.14989590644836426,0.8181818127632141,0.4640151560306549
YPR011C,YHR214C-B,0,0.16569026,0.14984391629695892,0.8181818127632141,0.4642045497894287
YBL091C-A,YCR052W,0,0.1654852,0.14979195594787598,0.8181818127632141,0.4643939435482025
YFL002W-B,YLL061W,0,0.16470903,0.1497400403022766,0.8181818127632141,0.4645833373069763
YJL214W,YLR050C,0,0.16457865,0.14968815445899963,0.8181818127632141,0.4647727310657501
YDR196C,YMR296C,0,0.16457252,0.14963629841804504,0.8181818127632141,0.4649621248245239
YGL050W,YLL017W,0,0.16450535,0.14958448708057404,0.8181818127632141,0.46515151858329773
YOR216C,YMR193W,0,0.16437799,0.14953270554542542,0.8181818127632141,0.46534091234207153
YGR143W,YLR350W,0,0.16427343,0.14948096871376038,0.8181818127632141,0.46553030610084534
YJL066C,YPL196W,0,0.16425112,0.14942926168441772,0.8181818127632141,0.46571969985961914
YLR213C,YIL048W,0,0.16350862,0.14937759935855865,0.8181818127632141,0.46590909361839294
YOR084W,YLR353W,0,0.16327187,0.14932595193386078,0.8181818127632141,0.46609848737716675
YAL033W,YLL017W,0,0.1632672,0.14927436411380768,0.8181818127632141,0.46628788113594055
YLR043C,YLR330W,0,0.16319095,0.14922279119491577,0.8181818127632141,0.46647727489471436
YMR239C,YLR145W,0,0.16295625,0.14917127788066864,0.8181818127632141,0.46666666865348816
YNL138W-A,YGL183C,0,0.16281065,0.1491197794675827,0.8181818127632141,0.46685606241226196
YDR210C-C,YJR133W,0,0.16188931,0.14906832575798035,0.8181818127632141,0.46704545617103577
YPL252C,YOL053C-A,0,0.16175324,0.14901690185070038,0.8181818127632141,0.46723484992980957
YJL012C-A,YFL014W,0,0.16131577,0.148965522646904,0.8181818127632141,0.4674242436885834
YPR024W,YGR085C,0,0.16113272,0.14891417324543,0.8181818127632141,0.4676136374473572
YGL183C,YDL074C,0,0.16056031,0.14886285364627838,0.8181818127632141,0.467803031206131
YGL071W,YER190W,0,0.16017045,0.14881157875061035,0.8181818127632141,0.4679924249649048
YOL103W-B,YOL010W,0,0.15949254,0.1487603336572647,0.8181818127632141,0.4681818187236786
YKL161C,YPL112C,0,0.15921757,0.14870911836624146,0.8181818127632141,0.4683712124824524
YBL026W,YOR008C,0,0.1575526,0.14865794777870178,0.8181818127632141,0.4685606062412262
YMR013C,YKL067W,0,0.1575276,0.1486068069934845,0.8181818127632141,0.46875
YJL060W,YDR170C,0,0.15722576,0.1485557109117508,0.8181818127632141,0.4689393937587738
YBL028C,YNL138W,0,0.15365988,0.14850464463233948,0.8181818127632141,0.4691287875175476
YLR391W,YMR143W,0,0.15322594,0.14845360815525055,0.8181818127632141,0.4693181812763214
YFL057C,YDR449C,0,0.15244302,0.1484026163816452,0.8181818127632141,0.4695075750350952
YDR371W,YIR038C,0,0.15212467,0.14835165441036224,0.8181818127632141,0.469696968793869
YLL029W,YHR156C,0,0.15176278,0.14830072224140167,0.8181818127632141,0.4698863625526428
YNL282W,YLL027W,0,0.15170807,0.14824983477592468,0.8181818127632141,0.4700757563114166
YER098W,YDR498C,0,0.15156463,0.14819897711277008,0.8181818127632141,0.47026515007019043
YAR002C-A,YOL101C,0,0.15110323,0.14814814925193787,0.8181818127632141,0.47045454382896423
YHR004C,YMR034C,0,0.15090293,0.14809736609458923,0.8181818127632141,0.47064393758773804
YGR112W,YLR028C,1,0.1503858,0.1483893096446991,0.8200757503509521,0.47064393758773804
YBR182C,YOR025W,0,0.14991161,0.1483384668827057,0.8200757503509521,0.47083333134651184
YOR287C,YHL034C,0,0.14932686,0.14828766882419586,0.8200757503509521,0.47102272510528564
YMR112C,YDL059C,0,0.1489827,0.14823690056800842,0.8200757503509521,0.47121211886405945
YPR135W,YBL098W,0,0.14879301,0.14818617701530457,0.8200757503509521,0.47140151262283325
YMR054W,YMR136W,0,0.14875019,0.1481354832649231,0.8200757503509521,0.47159090638160706
YMR300C,YOL054W,0,0.14870563,0.148084819316864,0.8200757503509521,0.47178030014038086
YHR077C,YBR031W,0,0.14866275,0.14803418517112732,0.8200757503509521,0.47196969389915466
YPL027W,YDL045C,0,0.1479421,0.1479835957288742,0.8200757503509521,0.47215908765792847
YPR171W,YNR060W,0,0.14778216,0.14793303608894348,0.8200757503509521,0.47234848141670227
YGL225W,YMR087W,0,0.1477134,0.14788250625133514,0.8200757503509521,0.4725378751754761
YNL010W,YBR192W,0,0.14677706,0.1478320211172104,0.8200757503509521,0.4727272689342499
YOR382W,YFL017W-A,0,0.1459966,0.14778156578540802,0.8200757503509521,0.4729166626930237
YOR232W,YNL238W,0,0.14573175,0.14773115515708923,0.8200757503509521,0.4731060564517975
YNL026W,YLR227W-B,0,0.14412498,0.14768075942993164,0.8200757503509521,0.4732954502105713
YPL094C,YIL177C,0,0.14406721,0.14763040840625763,0.8200757503509521,0.4734848439693451
YER008C,YBR172C,0,0.14353004,0.1475801020860672,0.8200757503509521,0.4736742377281189
YDR494W,YDL035C,0,0.1420956,0.14752981066703796,0.8200757503509521,0.4738636314868927
YIL006W,YJL029C,0,0.1420925,0.1474795639514923,0.8200757503509521,0.4740530252456665
YLR391W-A,YLR163C,0,0.14098878,0.14742934703826904,0.8200757503509521,0.4742424190044403
YNL122C,YPL027W,0,0.13897878,0.14737917482852936,0.8200757503509521,0.4744318127632141
YCL014W,YOR239W,0,0.13856262,0.14732901751995087,0.8200757503509521,0.4746212065219879
YKR057W,YFR018C,0,0.13693383,0.14727890491485596,0.8200757503509521,0.4748106002807617
YPL163C,YIL046W,0,0.13678345,0.14722883701324463,0.8200757503509521,0.4749999940395355
YGL209W,YBR276C,0,0.13653398,0.1471787840127945,0.8200757503509521,0.4751893877983093
YFR001W,YJL081C,0,0.13610083,0.14712877571582794,0.8200757503509521,0.47537878155708313
YNL026W,YCL060C,0,0.13538834,0.14707879722118378,0.8200757503509521,0.47556817531585693
YKL200C,YNR044W,0,0.13495806,0.1470288634300232,0.8200757503509521,0.47575756907463074
YMR077C,YPR133W-A,0,0.13438484,0.146978959441185,0.8200757503509521,0.47594696283340454
YDR240C,YPR091C,0,0.1336442,0.1469290852546692,0.8200757503509521,0.47613635659217834
YGL237C,YKL013C,0,0.13349521,0.14687924087047577,0.8200757503509521,0.47632575035095215
YDR076W,YFL035C,0,0.13297056,0.14682942628860474,0.8200757503509521,0.47651514410972595
YGR167W,YGR143W,0,0.13277836,0.14677965641021729,0.8200757503509521,0.47670453786849976
YGR109W-B,YHR214C-B,0,0.13228214,0.14672991633415222,0.8200757503509521,0.47689393162727356
YJR107W,YPL011C,0,0.13224256,0.14668022096157074,0.8200757503509521,0.47708332538604736
YJL079C,YGL046W,0,0.13170473,0.14663054049015045,0.8200757503509521,0.47727271914482117
YDR453C,YCL032W,0,0.13161674,0.14658090472221375,0.8200757503509521,0.47746211290359497
YNL309W,YMR295C,0,0.13117589,0.14653129875659943,0.8200757503509521,0.4776515066623688
YOR206W,YDL015C,0,0.1303252,0.1464817374944687,0.8200757503509521,0.4778409004211426
YOR304W,YPL078C,0,0.13023499,0.14643219113349915,0.8200757503509521,0.4780302941799164
YKL186C,YPL011C,0,0.13000515,0.14638268947601318,0.8200757503509521,0.4782196879386902
YKL020C,YBR096W,0,0.12864125,0.1463332176208496,0.8200757503509521,0.478409081697464
YDL202W,YJR063W,0,0.12862527,0.14628379046916962,0.8200757503509521,0.4785984754562378
YGL122C,YDL215C,0,0.12827006,0.14623437821865082,0.8200757503509521,0.4787878692150116
YDR144C,YHR132C,0,0.12658554,0.1461850106716156,0.8200757503509521,0.4789772629737854
YOL102C,YNL219C,0,0.12582716,0.14613567292690277,0.8200757503509521,0.4791666567325592
YPR171W,YDR159W,0,0.12503126,0.14608636498451233,0.8200757503509521,0.479356050491333
YNL302C,YLR389C,0,0.12495279,0.14603710174560547,0.8200757503509521,0.4795454442501068
YGR081C,YCL003W,0,0.124631524,0.145987868309021,0.8200757503509521,0.4797348380088806
YOR297C,YLR164W,1,0.12443891,0.14627569913864136,0.8219696879386902,0.4797348380088806
YDR451C,YHR079C,0,0.123637676,0.1462264209985733,0.8219696879386902,0.4799242317676544
YDR473C,YNL006W,0,0.123424456,0.14617715775966644,0.8219696879386902,0.4801136255264282
YER130C,YBL092W,0,0.12323612,0.14612793922424316,0.8219696879386902,0.480303019285202
YBL112C,YHL027W,0,0.12294102,0.14607876539230347,0.8219696879386902,0.48049241304397583
YJR078W,YKR028W,0,0.12266673,0.14602960646152496,0.8219696879386902,0.48068180680274963
YJL155C,YKL175W,0,0.12265834,0.14598049223423004,0.8219696879386902,0.48087120056152344
YBL005W-B,YJR112W,0,0.12250781,0.1459314078092575,0.8219696879386902,0.48106059432029724
YDL206W,YOR085W,0,0.12241417,0.14588235318660736,0.8219696879386902,0.48124998807907104
YJL194W,YBR271W,0,0.12201315,0.1458333283662796,0.8219696879386902,0.48143938183784485
YJL114W,YER137C,0,0.122012615,0.14578434824943542,0.8219696879386902,0.48162877559661865
YOR298W,YBR192W,0,0.12165049,0.14573539793491364,0.8219696879386902,0.48181816935539246
YPL180W,YDR062W,0,0.12082328,0.14568647742271423,0.8219696879386902,0.48200756311416626
YKL082C,YCL026C-B,0,0.1207543,0.14563758671283722,0.8219696879386902,0.48219695687294006
YNL102W,YLR130C,0,0.120659664,0.1455887258052826,0.8219696879386902,0.48238635063171387
YNL297C,YDR497C,0,0.1201992,0.14553990960121155,0.8219696879386902,0.48257574439048767
YLR107W,YLL040C,0,0.11947256,0.1454911231994629,0.8219696879386902,0.4827651381492615
YOR168W,YDR164C,0,0.11942226,0.14544236660003662,0.8219696879386902,0.4829545319080353
YLR316C,YML039W,0,0.11873725,0.14539363980293274,0.8219696879386902,0.4831439256668091
YMR038C,YMR240C,0,0.117298245,0.14534494280815125,0.8219696879386902,0.4833333194255829
YOL093W,YCR055C,0,0.116416335,0.14529629051685333,0.8219696879386902,0.4835227131843567
YJL166W,YLR164W,1,0.11637309,0.14558233320713043,0.8238636255264282,0.4835227131843567
YNL032W,YFL001W,0,0.11569023,0.14553362131118774,0.8238636255264282,0.4837121069431305
YKL074C,YJL206C,0,0.115127325,0.14548495411872864,0.8238636255264282,0.4839015007019043
YOR304W,YIL083C,0,0.11493187,0.14543630182743073,0.8238636255264282,0.4840908944606781
YER117W,YJR031C,0,0.11326304,0.1453876942396164,0.8238636255264282,0.4842802882194519
YLR401C,YFL002W-B,0,0.11282599,0.14533913135528564,0.8238636255264282,0.4844697117805481
YDL215C,YKL001C,0,0.112579376,0.1452905833721161,0.8238636255264282,0.4846591055393219
YDR067C,YDR034C,0,0.11257842,0.14524206519126892,0.8238636255264282,0.4848484992980957
YKL206C,YPL274W,0,0.11252195,0.14519359171390533,0.8238636255264282,0.4850378930568695
YBR195C,YOR215C,0,0.11231959,0.14514514803886414,0.8238636255264282,0.4852272868156433
YKL020C,YOR298W,0,0.11206959,0.14509673416614532,0.8238636255264282,0.4854166805744171
YKR036C,YKR056W,0,0.11195284,0.1450483500957489,0.8238636255264282,0.4856060743331909
YGL026C,YDR159W,0,0.11095348,0.14499999582767487,0.8238636255264282,0.4857954680919647
YDR414C,YLR224W,0,0.11082347,0.1449516862630844,0.8238636255264282,0.4859848618507385
YDL061C,YMR172W,0,0.11031416,0.14490339159965515,0.8238636255264282,0.48617425560951233
YCR030C,YHR057C,0,0.109825164,0.14485514163970947,0.8238636255264282,0.48636364936828613
YOR261C,YFR019W,0,0.10960567,0.14480692148208618,0.8238636255264282,0.48655304312705994
YCL074W,YKR102W,0,0.10955235,0.14475873112678528,0.8238636255264282,0.48674243688583374
YLR289W,YBL034C,0,0.109176904,0.14471058547496796,0.8238636255264282,0.48693183064460754
YPL042C,YLR391W-A,0,0.10893628,0.14466245472431183,0.8238636255264282,0.48712122440338135
YLR353W,YKL180W,0,0.10890213,0.14461436867713928,0.8238636255264282,0.48731061816215515
YGL200C,YPR152C,0,0.1088803,0.14456629753112793,0.8238636255264282,0.48750001192092896
YDR233C,YGR027C,0,0.108667195,0.14451827108860016,0.8238636255264282,0.48768940567970276
YKR019C,YHR077C,0,0.10863906,0.14447027444839478,0.8238636255264282,0.48787879943847656
YGR105W,YPL104W,0,0.10858354,0.14442230761051178,0.8238636255264282,0.48806819319725037
YGR285C,YHR174W,0,0.10843429,0.14437437057495117,0.8238636255264282,0.48825758695602417
YDR196C,YGL030W,0,0.10796435,0.14432647824287415,0.8238636255264282,0.488446980714798
YNR035C,YKL094W,0,0.107795715,0.1442786008119583,0.8238636255264282,0.4886363744735718
YMR054W,YEL053C,0,0.10776287,0.14423076808452606,0.8238636255264282,0.4888257682323456
YOR237W,YNL304W,0,0.10751751,0.1441829651594162,0.8238636255264282,0.4890151619911194
YPR035W,YNL080C,0,0.10694918,0.14413519203662872,0.8238636255264282,0.4892045557498932
YOL043C,YLL043W,0,0.10647273,0.14408744871616364,0.8238636255264282,0.489393949508667
YBR052C,YBL089W,0,0.105005085,0.14403973519802094,0.8238636255264282,0.4895833432674408
YMR246W,YML039W,0,0.10472557,0.14399205148220062,0.8238636255264282,0.4897727370262146
YOR106W,YFR045W,0,0.10424887,0.1439444124698639,0.8238636255264282,0.4899621307849884
YDL084W,YFL057C,0,0.104139715,0.14389678835868835,0.8238636255264282,0.4901515245437622
YKL180W,YNL208W,0,0.10408266,0.1438492089509964,0.8238636255264282,0.490340918302536
YGR285C,YHR057C,0,0.10361579,0.14380165934562683,0.8238636255264282,0.4905303120613098
YOL145C,YJR133W,0,0.10320757,0.14375412464141846,0.8238636255264282,0.4907197058200836
YHR214C-B,YDR498C,0,0.1031474,0.14370663464069366,0.8238636255264282,0.4909090995788574
YJL114W,YPR119W,0,0.10312645,0.14365917444229126,0.8238636255264282,0.4910984933376312
YJR004C,YOR126C,0,0.103090316,0.14361175894737244,0.8238636255264282,0.49128788709640503
YOR243C,YDR262W,0,0.102995574,0.1435643583536148,0.8238636255264282,0.49147728085517883
YNR074C,YJL079C,0,0.102963954,0.14351698756217957,0.8238636255264282,0.49166667461395264
YBR075W,YDL040C,0,0.102057666,0.1434696614742279,0.8238636255264282,0.49185606837272644
YEL031W,YGR113W,0,0.10153097,0.14342235028743744,0.8238636255264282,0.49204546213150024
YER137C-A,YMR200W,0,0.10098314,0.14337508380413055,0.8238636255264282,0.49223485589027405
YMR182C,YLR291C,0,0.10027322,0.14332784712314606,0.8238636255264282,0.49242424964904785
YBR182C,YHR168W,0,0.1000385,0.14328062534332275,0.8238636255264282,0.49261364340782166
YGR118W,YKL003C,0,0.09996945,0.14323344826698303,0.8238636255264282,0.49280303716659546
YGR180C,YKL210W,0,0.09927063,0.1431863009929657,0.8238636255264282,0.49299243092536926
YJL172W,YLR016C,0,0.09920941,0.14313918352127075,0.8238636255264282,0.49318182468414307
YDL179W,YPL093W,0,0.0990518,0.1430921107530594,0.8238636255264282,0.49337121844291687
YDR159W,YIR039C,0,0.09890041,0.14304505288600922,0.8238636255264282,0.4935606122016907
YLL003W,YMR304W,0,0.098742425,0.14299802482128143,0.8238636255264282,0.4937500059604645
YNL008C,YJR140C,0,0.097996086,0.14295104146003723,0.8238636255264282,0.4939393997192383
YHR059W,YJR112W,0,0.09726027,0.14290407299995422,0.8238636255264282,0.4941287934780121
YDR423C,YHR079C,0,0.097151786,0.1428571492433548,0.8238636255264282,0.4943181872367859
YLR191W,YCR087C-A,0,0.09694612,0.14281024038791656,0.8238636255264282,0.4945075809955597
YKL174C,YLR130C,0,0.09689847,0.14276337623596191,0.8238636255264282,0.4946969747543335
YGR171C,YLR278C,0,0.09662342,0.14271654188632965,0.8238636255264282,0.4948863685131073
YLL045C,YOR261C,0,0.09495583,0.14266972243785858,0.8238636255264282,0.4950757622718811
YOR378W,YBR061C,0,0.09349665,0.1426229476928711,0.8238636255264282,0.4952651560306549
YJL005W,YLR429W,0,0.092944115,0.142576202750206,0.8238636255264282,0.4954545497894287
YBR002C,YDR419W,0,0.09258111,0.14252948760986328,0.8238636255264282,0.4956439435482025
YLR165C,YNL079C,0,0.09232314,0.14248280227184296,0.8238636255264282,0.4958333373069763
YHR211W,YDR444W,0,0.09218803,0.14243614673614502,0.8238636255264282,0.4960227310657501
YGR252W,YPL208W,0,0.09206049,0.14238952100276947,0.8238636255264282,0.4962121248245239
YBR195C,YAL016W,0,0.091935605,0.1423429250717163,0.8238636255264282,0.49640151858329773
YPR194C,YJL024C,0,0.09179291,0.14229637384414673,0.8238636255264282,0.49659091234207153
YJR107W,YLR316C,0,0.08979142,0.14224983751773834,0.8238636255264282,0.49678030610084534
YML071C,YBR080C,0,0.08978626,0.14220333099365234,0.8238636255264282,0.49696969985961914
YKL200C,YOR285W,0,0.08832595,0.14215686917304993,0.8238636255264282,0.49715909361839294
YJL200C,YGL169W,1,0.088056505,0.14243711531162262,0.8257575631141663,0.49715909361839294
YJL194W,YOL107W,0,0.086913854,0.14239059388637543,0.8257575631141663,0.49734848737716675
YMR112C,YPR149W,0,0.08570334,0.14234410226345062,0.8257575631141663,0.49753788113594055
YNR035C,YJR140C,0,0.08504176,0.1422976553440094,0.8257575631141663,0.49772727489471436
YFR031C,YLR103C,0,0.08463779,0.14225122332572937,0.8257575631141663,0.49791666865348816
YLR314C,YDR262W,0,0.08454625,0.14220482110977173,0.8257575631141663,0.49810606241226196
YER175C,YNL307C,0,0.08415401,0.14215846359729767,0.8257575631141663,0.49829545617103577
YJL066C,YNL006W,0,0.08414474,0.1421121209859848,0.8257575631141663,0.49848484992980957
YLR329W,YAL040C,0,0.083602875,0.14206582307815552,0.8257575631141663,0.4986742436885834
YGR180C,YFL038C,0,0.08335328,0.14201954007148743,0.8257575631141663,0.4988636374473572
YMR077C,YCR057C,0,0.082944185,0.14197330176830292,0.8257575631141663,0.499053031206131
YFR021W,YFL045C,0,0.08224453,0.1419270783662796,0.8257575631141663,0.4992424249649048
YMR093W,YMR090W,0,0.08210859,0.14188089966773987,0.8257575631141663,0.4994318187236786
YGR282C,YKL053C-A,0,0.08188301,0.14183473587036133,0.8257575631141663,0.4996212124824524
YHR005C-A,YNL258C,0,0.08141294,0.14178861677646637,0.8257575631141663,0.4998106062412262
YMR117C,YMR075W,0,0.08132228,0.1417425274848938,0.8257575631141663,0.5
YNL314W,YGL030W,0,0.08126369,0.14169645309448242,0.8257575631141663,0.5001894235610962
YNL231C,YOR393W,0,0.08031854,0.14165042340755463,0.8257575631141663,0.5003787875175476
YGL094C,YJL141C,0,0.08018534,0.14160442352294922,0.8257575631141663,0.5005682110786438
YFR029W,YPR133W-A,0,0.07908642,0.141558438539505,0.8257575631141663,0.5007575750350952
YKL200C,YIL143C,0,0.07894498,0.14151249825954437,0.8257575631141663,0.5009469985961914
YLR264W,YOR008C,0,0.0785276,0.14146657288074493,0.8257575631141663,0.5011363625526428
YDR494W,YOR299W,0,0.07844469,0.14142069220542908,0.8257575631141663,0.501325786113739
YDR518W,YHR174W,0,0.07839215,0.1413748413324356,0.8257575631141663,0.5015151500701904
YPL122C,YMR087W,0,0.07782242,0.14132900536060333,0.8257575631141663,0.5017045736312866
YKL180W,YMR114C,0,0.077709645,0.14128321409225464,0.8257575631141663,0.501893937587738
YHR060W,YMR203W,0,0.076948315,0.14123745262622833,0.8257575631141663,0.5020833611488342
YGR177C,YGR012W,0,0.076612666,0.14119170606136322,0.8257575631141663,0.5022727251052856
YER154W,YNL258C,0,0.075853586,0.1411460041999817,0.8257575631141663,0.5024621486663818
YCR087C-A,YKL175W,0,0.075651094,0.14110031723976135,0.8257575631141663,0.5026515126228333
YDR151C,YGR222W,0,0.074795395,0.1410546749830246,0.8257575631141663,0.5028409361839294
YML071C,YOR251C,0,0.074159,0.14100906252861023,0.8257575631141663,0.5030303001403809
YDR131C,YML071C,0,0.073957786,0.14096346497535706,0.8257575631141663,0.503219723701477
YHR047C,YMR193W,0,0.07324463,0.14091791212558746,0.8257575631141663,0.5034090876579285
YIL061C,YGL103W,0,0.07263887,0.14087237417697906,0.8257575631141663,0.5035985112190247
YAR002C-A,YER052C,0,0.071643054,0.14082686603069305,0.8257575631141663,0.5037878751754761
YER046W,YNL298W,0,0.07144809,0.14078140258789062,0.8257575631141663,0.5039772987365723
YGR288W,YPR167C,0,0.07115269,0.1407359540462494,0.8257575631141663,0.5041666626930237
YKL096W-A,YOR180C,0,0.07029989,0.14069055020809174,0.8257575631141663,0.5043560862541199
YMR194W,YJR028W,0,0.06991671,0.14064516127109528,0.8257575631141663,0.5045454502105713
YLR073C,YNR002C,0,0.06960562,0.1405998021364212,0.8257575631141663,0.5047348737716675
YFL066C,YLR033W,0,0.06847957,0.1405544877052307,0.8257575631141663,0.5049242377281189
YLR073C,YHR057C,0,0.06769848,0.14050918817520142,0.8257575631141663,0.5051136612892151
YCR030C,YLR429W,0,0.06760146,0.1404639184474945,0.8257575631141663,0.5053030252456665
YDL015C,YLL043W,0,0.06724328,0.14041867852210999,0.8257575631141663,0.5054924488067627
YGR113W,YOR194C,0,0.066536605,0.14037346839904785,0.8257575631141663,0.5056818127632141
YOR377W,YHR079C,0,0.06592268,0.1403282880783081,0.8257575631141663,0.5058712363243103
YKL013C,YLR386W,0,0.06482178,0.14028313755989075,0.8257575631141663,0.5060606002807617
YJR051W,YGR276C,0,0.064455,0.14023801684379578,0.8257575631141663,0.5062500238418579
YOR239W,YJR032W,0,0.063832104,0.1401929259300232,0.8257575631141663,0.5064393877983093
YEL053C,YMR295C,0,0.06357415,0.140147864818573,0.8257575631141663,0.5066288113594055
YPL259C,YOR351C,0,0.06282815,0.1401028335094452,0.8257575631141663,0.5068181753158569
YJL114W,YOR327C,0,0.061137546,0.14005781710147858,0.8257575631141663,0.5070075988769531
YPR072W,YBR111W-A,0,0.060223375,0.14001284539699554,0.8257575631141663,0.5071969628334045
YJL071W,YGR229C,0,0.05908126,0.1399679034948349,0.8257575631141663,0.5073863863945007
YDR494W,YPL167C,0,0.059048895,0.13992297649383545,0.8257575631141663,0.5075757503509521
YBR125C,YBR260C,0,0.058946405,0.13987809419631958,0.8257575631141663,0.5077651739120483
YJL200C,YBR243C,1,0.05881155,0.1401539444923401,0.8276515007019043,0.5077651739120483
YDR233C,YHR168W,0,0.05822933,0.14010900259017944,0.8276515007019043,0.5079545378684998
YCL024W,YGR271W,0,0.05760618,0.14006410539150238,0.8276515007019043,0.508143961429596
YGR252W,YKL180W,0,0.05661309,0.1400192230939865,0.8276515007019043,0.5083333253860474
YLR228C,YML039W,0,0.055968557,0.13997437059879303,0.8276515007019043,0.5085227489471436
YBR223C,YFR036W,0,0.055929814,0.13992954790592194,0.8276515007019043,0.508712112903595
YPL064C,YNL230C,0,0.05589873,0.13988476991653442,0.8276515007019043,0.5089015364646912
YDR062W,YPR138C,0,0.055419806,0.1398400068283081,0.8276515007019043,0.5090909004211426
YGL236C,YKL203C,0,0.05419207,0.13979525864124298,0.8276515007019043,0.5092803239822388
YLR429W,YJL095W,0,0.052696113,0.13975055515766144,0.8276515007019043,0.5094696879386902
YGL200C,YOL054W,0,0.050809596,0.13970588147640228,0.8276515007019043,0.5096591114997864
YLR105C,YDR285W,0,0.049508292,0.13966123759746552,0.8276515007019043,0.5098484754562378
YKL126W,YOR008C,0,0.04934943,0.13961660861968994,0.8276515007019043,0.510037899017334
YOR283W,YDR146C,0,0.049094755,0.13957202434539795,0.8276515007019043,0.5102272629737854
YJL087C,YBR247C,0,0.049029294,0.13952745497226715,0.8276515007019043,0.5104166865348816
YKR020W,YLR073C,0,0.047772724,0.13948293030261993,0.8276515007019043,0.510606050491333
YOL102C,YJL117W,0,0.047607217,0.1394384205341339,0.8276515007019043,0.5107954740524292
YLL002W,YIL108W,0,0.047433447,0.13939394056797028,0.8276515007019043,0.5109848380088806
YBL058W,YGR077C,0,0.046044294,0.13934949040412903,0.8276515007019043,0.5111742615699768
YDL121C,YGL200C,0,0.045564774,0.13930507004261017,0.8276515007019043,0.5113636255264282
YKL200C,YEL062W,0,0.044072274,0.1392606794834137,0.8276515007019043,0.5115530490875244
YGR271W,YDR138W,0,0.042665605,0.13921630382537842,0.8276515007019043,0.5117424130439758
YJR026W,YLR073C,0,0.042607922,0.13917197287082672,0.8276515007019043,0.511931836605072
YKL210W,YMR160W,0,0.042477522,0.1391276717185974,0.8276515007019043,0.5121212005615234
YJL176C,YPR152C,0,0.04198775,0.1390833854675293,0.8276515007019043,0.5123106241226196
YNL085W,YGR185C,0,0.040538553,0.13903912901878357,0.8276515007019043,0.512499988079071
YKL085W,YOR355W,1,0.040133614,0.1393129825592041,0.8295454382896423,0.512499988079071
YIL061C,YBR172C,0,0.03933168,0.1392686814069748,0.8295454382896423,0.5126894116401672
YLR165C,YPL110C,0,0.03933165,0.13922441005706787,0.8295454382896423,0.5128787755966187
YGR167W,YMR295C,0,0.039236937,0.13918016850948334,0.8295454382896423,0.5130681991577148
YFR045W,YFL001W,0,0.038992215,0.1391359567642212,0.8295454382896423,0.5132575631141663
YML051W,YER019C-A,0,0.037443493,0.13909177482128143,0.8295454382896423,0.5134469866752625
YMR172W,YLR380W,0,0.03700122,0.13904762268066406,0.8295454382896423,0.5136363506317139
YMR087W,YJR112W,0,0.036956433,0.13900348544120789,0.8295454382896423,0.5138257741928101
YBR150C,YGR105W,0,0.03669322,0.1389593929052353,0.8295454382896423,0.5140151381492615
YBR271W,YFR019W,0,0.036626283,0.1389153152704239,0.8295454382896423,0.5142045617103577
YMR054W,YOL151W,0,0.036019716,0.13887126743793488,0.8295454382896423,0.5143939256668091
YLR043C,YOR338W,0,0.034866173,0.13882726430892944,0.8295454382896423,0.5145833492279053
YPR189W,YIL128W,0,0.032848988,0.1387832760810852,0.8295454382896423,0.5147727131843567
YBR195C,YIL142W,0,0.03258631,0.13873930275440216,0.8295454382896423,0.5149621367454529
YOL066C,YOR168W,0,0.03139508,0.1386953741312027,0.8295454382896423,0.5151515007019043
YHR056C,YKR056W,0,0.031215493,0.13865147531032562,0.8295454382896423,0.5153409242630005
YNL163C,YFL013C,0,0.031198654,0.13860759139060974,0.8295454382896423,0.5155302882194519
YPL188W,YPL027W,0,0.03105912,0.13856375217437744,0.8295454382896423,0.5157197117805481
YOL111C,YDR229W,0,0.030391995,0.13851992785930634,0.8295454382896423,0.5159090757369995
YER165W,YBR096W,0,0.030117694,0.13847613334655762,0.8295454382896423,0.5160984992980957
YDR140W,YLR301W,0,0.029047865,0.1384323686361313,0.8295454382896423,0.5162878632545471
YIL061C,YOR020C,0,0.02887543,0.13838861882686615,0.8295454382896423,0.5164772868156433
YJL187C,YJR036C,0,0.028809343,0.1383449137210846,0.8295454382896423,0.5166666507720947
YGL068W,YJL200C,1,0.028674696,0.13861699402332306,0.8314393758773804,0.5166666507720947
YGL236C,YDR444W,0,0.028389487,0.13857322931289673,0.8314393758773804,0.5168560743331909
YDR195W,YDL097C,0,0.028380487,0.13852950930595398,0.8314393758773804,0.5170454382896423
YOR291W,YOR340C,0,0.028301928,0.13848580420017242,0.8314393758773804,0.5172348618507385
YJR070C,YGL051W,0,0.028136436,0.13844212889671326,0.8314393758773804,0.5174242258071899
YOL158C,YBL079W,0,0.027841274,0.13839848339557648,0.8314393758773804,0.5176136493682861
YDR170C,YER115C,0,0.027692545,0.13835486769676208,0.8314393758773804,0.5178030133247375
YJR149W,YGL226C-A,0,0.027184252,0.13831128180027008,0.8314393758773804,0.5179924368858337
YPL042C,YFL021W,0,0.027174119,0.13826771080493927,0.8314393758773804,0.5181818008422852
YPL127C,YLR224W,0,0.026950482,0.13822418451309204,0.8314393758773804,0.5183712244033813
YNR003C,YOR338W,0,0.02659342,0.138180673122406,0.8314393758773804,0.5185605883598328
YDR090C,YIL035C,0,0.026457127,0.13813719153404236,0.8314393758773804,0.518750011920929
YNL102W,YLR251W,0,0.025859926,0.1380937397480011,0.8314393758773804,0.5189393758773804
YDR218C,YEL056W,0,0.024852071,0.13805031776428223,0.8314393758773804,0.5191287994384766
YOR084W,YOL043C,0,0.02482288,0.13800691068172455,0.8314393758773804,0.519318163394928
YNL073W,YLR073C,0,0.024633083,0.13796354830265045,0.8314393758773804,0.5195075869560242
YKR008W,YDR211W,0,0.024523217,0.13792020082473755,0.8314393758773804,0.5196969509124756
YDR411C,YMR039C,0,0.023380581,0.13787688314914703,0.8314393758773804,0.5198863744735718
YPR001W,YOR355W,1,0.0229314,0.13814756274223328,0.8333333134651184,0.5198863744735718
YPL274W,YDR151C,0,0.022782747,0.13810420036315918,0.8333333134651184,0.5200757384300232
YOL141W,YER087C-B,0,0.021980796,0.13806086778640747,0.8333333134651184,0.5202651619911194
YKR102W,YDR218C,0,0.021681521,0.13801756501197815,0.8333333134651184,0.5204545259475708
YKL085W,YBR243C,1,0.02043951,0.13828785717487335,0.8352272510528564,0.5204545259475708
YMR169C,YDR170C,0,0.019406248,0.13824450969696045,0.8352272510528564,0.520643949508667
YOL052C,YCR026C,0,0.01854441,0.13820119202136993,0.8352272510528564,0.5208333134651184
YOR323C,YLR348C,0,0.01825625,0.1381578892469406,0.8352272510528564,0.5210227370262146
YLR312W-A,YLR164W,1,0.01782253,0.13842780888080597,0.8371211886405945,0.5210227370262146
YDL015C,YOR219C,0,0.01686633,0.13838447630405426,0.8371211886405945,0.521212100982666
YDR411C,YGL051W,0,0.015622426,0.13834115862846375,0.8371211886405945,0.5214015245437622
YLL051C,YOR138C,0,0.013879094,0.13829787075519562,0.8371211886405945,0.5215908885002136
YMR193W,YEL056W,0,0.013817135,0.13825461268424988,0.8371211886405945,0.5217803120613098
YER150W,YPL011C,0,0.013736788,0.13821138441562653,0.8371211886405945,0.5219696760177612
YOR378W,YNR003C,0,0.013673712,0.13816817104816437,0.8371211886405945,0.5221590995788574
YNL095C,YPL131W,0,0.013249431,0.1381250023841858,0.8371211886405945,0.5223484635353088
YLR028C,YFR033C,1,0.012644801,0.13839425146579742,0.8390151262283325,0.5223484635353088
YDR405W,YFL054C,0,0.012336273,0.13835102319717407,0.8390151262283325,0.522537887096405
YGL162W,YKR028W,0,0.012116704,0.1383078396320343,0.8390151262283325,0.5227272510528564
YDR389W,YNL182C,0,0.011482868,0.13826467096805573,0.8390151262283325,0.5229166746139526
YNL102W,YBL098W,0,0.011148814,0.13822153210639954,0.8390151262283325,0.523106038570404
YOR194C,YKL003C,0,0.010884989,0.13817840814590454,0.8390151262283325,0.5232954621315002
YJL140W,YGL051W,0,0.010120768,0.13813532888889313,0.8390151262283325,0.5234848260879517
YEL043W,YPL139C,0,0.010083739,0.1380922645330429,0.8390151262283325,0.5236742496490479
YPL252C,YAR031W,0,0.009941731,0.13804922997951508,0.8390151262283325,0.5238636136054993
YPL150W,YML030W,0,0.008698184,0.13800622522830963,0.8390151262283325,0.5240530371665955
YGR251W,YGR185C,0,0.0085643865,0.13796325027942657,0.8390151262283325,0.5242424011230469
YML032C,YHR214C-B,0,0.0083680935,0.1379203051328659,0.8390151262283325,0.5244318246841431
YMR218C,YDR262W,0,0.007811878,0.13787737488746643,0.8390151262283325,0.5246211886405945
YGL244W,YNL121C,0,0.007277433,0.13783447444438934,0.8390151262283325,0.5248106122016907
YPL213W,YML109W,0,0.0067063905,0.13779160380363464,0.8390151262283325,0.5249999761581421
YOL158C,YPL167C,0,0.006339837,0.13774876296520233,0.8390151262283325,0.5251893997192383
YHR179W,YBL011W,0,0.0049549676,0.1377059370279312,0.8390151262283325,0.5253787636756897
YNL008C,YMR200W,0,0.0045904256,0.13766314089298248,0.8390151262283325,0.5255681872367859
YMR267W,YOR355W,1,0.0042458363,0.13793103396892548,0.8409090638160706,0.5255681872367859
YJL034W,YGL046W,0,0.003952626,0.13788819313049316,0.8409090638160706,0.5257575511932373
YML099C,YPL244C,0,0.0038961358,0.13784539699554443,0.8409090638160706,0.5259469747543335
YPL259C,YPL027W,0,0.0038677044,0.1378026008605957,0.8409090638160706,0.5261363387107849
YPR001W,YBR238C,1,0.003582392,0.13807012140750885,0.8428030014038086,0.5261363387107849
YIL080W,YIL133C,0,0.003568653,0.13802729547023773,0.8428030014038086,0.5263257622718811
YPR133W-A,YFL023W,0,0.0023429133,0.137984499335289,0.8428030014038086,0.5265151262283325
YDR410C,YBR281C,0,0.0021127798,0.13794171810150146,0.8428030014038086,0.5267045497894287
YDL028C,YJL117W,0,0.0019533671,0.1378989815711975,0.8428030014038086,0.5268939137458801
YNL131W,YAL024C,0,0.0009775497,0.13785625994205475,0.8428030014038086,0.5270833373069763
YOL142W,YNL314W,0,0.00092193857,0.13781356811523438,0.8428030014038086,0.5272727012634277
YDR067C,YJL112W,0,0.00024012104,0.1377708911895752,0.8428030014038086,0.5274621248245239
YCR093W,YDR306C,0,0.00014840439,0.1377282589673996,0.8428030014038086,0.5276514887809753
YJR010W,YMR112C,0,-0.00045886263,0.1376856416463852,0.8428030014038086,0.5278409123420715
YFR018C,YDL070W,0,-0.0014529042,0.13764305412769318,0.8428030014038086,0.528030276298523
YJR138W,YGL233W,0,-0.0017596297,0.13760049641132355,0.8428030014038086,0.5282196998596191
YKL161C,YKR020W,0,-0.0018764995,0.1375579535961151,0.8428030014038086,0.5284090638160706
YCL024W,YMR193W,0,-0.0033792667,0.13751545548439026,0.8428030014038086,0.5285984873771667
YJR107W,YER019C-A,0,-0.003531944,0.1374729722738266,0.8428030014038086,0.5287878513336182
YER138C,YBR281C,0,-0.0037959777,0.13743051886558533,0.8428030014038086,0.5289772748947144
YBR238C,YKL085W,1,-0.0042565726,0.13769681751728058,0.8446969985961914,0.5289772748947144
YLR113W,YJR133W,0,-0.004738774,0.13765431940555573,0.8446969985961914,0.5291666388511658
YOL165C,YDR195W,0,-0.004813265,0.13761185109615326,0.8446969985961914,0.529356062412262
YLR163C,YNL219C,0,-0.0053942017,0.137569397687912,0.8446969985961914,0.5295454263687134
YPR072W,YBR010W,0,-0.007161554,0.1375269740819931,0.8446969985961914,0.5297348499298096
YLR270W,YNR072W,0,-0.008366074,0.1374845802783966,0.8446969985961914,0.529924213886261
YGR288W,YMR019W,0,-0.00949138,0.1374422162771225,0.8446969985961914,0.5301136374473572
YBR111W-A,YBL052C,0,-0.009795781,0.13739988207817078,0.8446969985961914,0.5303030014038086
YHR004C,YBL026W,0,-0.010050621,0.13735756278038025,0.8446969985961914,0.5304924249649048
YDL246C,YLR391W,0,-0.011667792,0.1373152732849121,0.8446969985961914,0.5306817889213562
YJL141C,YDL045C,0,-0.012470033,0.13727301359176636,0.8446969985961914,0.5308712124824524
YDL171C,YKR028W,0,-0.0129429065,0.1372307687997818,0.8446969985961914,0.5310605764389038
YOR226C,YDR392W,0,-0.014179613,0.13718855381011963,0.8446969985961914,0.53125
YLR395C,YJL200C,1,-0.0147910975,0.1374538689851761,0.8465909361839294,0.53125
YPR072W,YGL200C,0,-0.014895733,0.13741162419319153,0.8465909361839294,0.5314394235610962
YNL050C,YOL090W,0,-0.01497278,0.13736939430236816,0.8465909361839294,0.5316287875175476
YDL070W,YLR309C,0,-0.014977898,0.1373271942138672,0.8465909361839294,0.5318182110786438
YLR050C,YDR404C,0,-0.016541835,0.1372850090265274,0.8465909361839294,0.5320075750350952
YLR386W,YBR129C,0,-0.016900387,0.1372428685426712,0.8465909361839294,0.5321969985961914
YML073C,YDL097C,0,-0.017281678,0.1372007429599762,0.8465909361839294,0.5323863625526428
YGR281W,YLR088W,0,-0.017969474,0.13715863227844238,0.8465909361839294,0.532575786113739
YOL145C,YLL033W,0,-0.01820017,0.13711656630039215,0.8465909361839294,0.5327651500701904
YGR288W,YDR389W,0,-0.018223967,0.1370745152235031,0.8465909361839294,0.5329545736312866
YKL174C,YPL007C,0,-0.01862016,0.13703249394893646,0.8465909361839294,0.533143937587738
YDR195W,YAR031W,0,-0.019235518,0.1369905024766922,0.8465909361839294,0.5333333611488342
YCR060W,YLR329W,0,-0.019519057,0.13694852590560913,0.8465909361839294,0.5335227251052856
YJL144W,YGL019W,0,-0.019665156,0.13690657913684845,0.8465909361839294,0.5337121486663818
YPL134C,YJL095W,0,-0.021630567,0.13686466217041016,0.8465909361839294,0.5339015126228333
YKL210W,YER190W,0,-0.021866169,0.13682277500629425,0.8465909361839294,0.5340909361839294
YDR164C,YLR353W,0,-0.021888461,0.13678090274333954,0.8465909361839294,0.5342803001403809
YCL074W,YPR159W,0,-0.02194066,0.13673906028270721,0.8465909361839294,0.534469723701477
YOR071C,YNL079C,0,-0.022063043,0.13669724762439728,0.8465909361839294,0.5346590876579285
YLR305C,YBR037C,0,-0.022516694,0.13665544986724854,0.8465909361839294,0.5348485112190247
YIL139C,YAR027W,0,-0.023371246,0.13661369681358337,0.8465909361839294,0.5350378751754761
YJR055W,YHR085W,0,-0.023709025,0.1365719586610794,0.8465909361839294,0.5352272987365723
YNL016W,YLR224W,0,-0.023861635,0.13653023540973663,0.8465909361839294,0.5354166626930237
YEL012W,YDR222W,0,-0.024640065,0.13648855686187744,0.8465909361839294,0.5356060862541199
YBR183W,YLR025W,0,-0.02517661,0.13644689321517944,0.8465909361839294,0.5357954502105713
YGL237C,YOR351C,0,-0.025198337,0.13640524446964264,0.8465909361839294,0.5359848737716675
YHR004C,YPR152C,0,-0.02556714,0.13636364042758942,0.8465909361839294,0.5361742377281189
YJR070C,YOL101C,0,-0.027040388,0.1363220512866974,0.8465909361839294,0.5363636612892151
YAL024C,YER019C-A,0,-0.027402814,0.13628049194812775,0.8465909361839294,0.5365530252456665
YLL003W,YKL130C,0,-0.027972426,0.1362389475107193,0.8465909361839294,0.5367424488067627
YKR071C,YJR149W,0,-0.028370943,0.13619744777679443,0.8465909361839294,0.5369318127632141
YJL012C-A,YPL252C,0,-0.02840225,0.13615594804286957,0.8465909361839294,0.5371212363243103
YCL074W,YOR123C,0,-0.028443154,0.13611449301242828,0.8465909361839294,0.5373106002807617
YEL069C,YDL045W-A,0,-0.028488439,0.1360730528831482,0.8465909361839294,0.5375000238418579
YGR282C,YLR291C,0,-0.028805282,0.1360316425561905,0.8465909361839294,0.5376893877983093
YJL053W,YER190W,0,-0.02885155,0.13599026203155518,0.8465909361839294,0.5378788113594055
YOR054C,YKL074C,0,-0.029512014,0.13594891130924225,0.8465909361839294,0.5380681753158569
YOR237W,YFR045W,0,-0.029685374,0.13590757548809052,0.8465909361839294,0.5382575988769531
YIL094C,YKL053C-A,0,-0.030384626,0.13586625456809998,0.8465909361839294,0.5384469628334045
YBR111W-A,YGL050W,0,-0.030676212,0.13582497835159302,0.8465909361839294,0.5386363863945007
YIL159W,YMR099C,0,-0.031014051,0.13578371703624725,0.8465909361839294,0.5388257503509521
YJR070C,YOL026C,0,-0.03125226,0.13574248552322388,0.8465909361839294,0.5390151739120483
YER151C,YOR243C,0,-0.031641986,0.1357012689113617,0.8465909361839294,0.5392045378684998
YKL201C,YEL029C,0,-0.03206834,0.1356600970029831,0.8465909361839294,0.539393961429596
YER017C,YKR044W,0,-0.03247842,0.1356189250946045,0.8465909361839294,0.5395833253860474
YER049W,YMR268W-A,0,-0.03475937,0.13557779788970947,0.8465909361839294,0.5397727489471436
YNL138W,YNL230C,0,-0.035552915,0.13553668558597565,0.8465909361839294,0.539962112903595
YEL040W,YDR170C,0,-0.036371913,0.1354956030845642,0.8465909361839294,0.5401515364646912
YIL140W,YER104W,0,-0.038097393,0.13545455038547516,0.8465909361839294,0.5403409004211426
YMR038C,YLR187W,0,-0.039859574,0.1354135125875473,0.8465909361839294,0.5405303239822388
YLR020C,YCL032W,0,-0.040009584,0.13537250459194183,0.8465909361839294,0.5407196879386902
YPL180W,YBL092W,0,-0.041479465,0.13533151149749756,0.8465909361839294,0.5409091114997864
YOR126C,YDR233C,0,-0.04197676,0.13529056310653687,0.8465909361839294,0.5410984754562378
YHR179W,YMR114C,0,-0.042006936,0.13524961471557617,0.8465909361839294,0.541287899017334
YJR004C,YOR323C,0,-0.04229931,0.13520871102809906,0.8465909361839294,0.5414772629737854
YGL200C,YMR032W,0,-0.04268336,0.13516782224178314,0.8465909361839294,0.5416666865348816
YGR032W,YPR043W,0,-0.04422578,0.1351269632577896,0.8465909361839294,0.541856050491333
YDL246C,YMR179W,0,-0.044669595,0.13508613407611847,0.8465909361839294,0.5420454740524292
YDL215C,YDR476C,0,-0.0446898,0.13504531979560852,0.8465909361839294,0.5422348380088806
YJL103C,YLR028C,1,-0.045426633,0.13530655205249786,0.8484848737716675,0.5422348380088806
YGL183C,YJR026W,0,-0.045432296,0.13526569306850433,0.8484848737716675,0.5424242615699768
YLR009W,YJR140C,0,-0.04689118,0.13522487878799438,0.8484848737716675,0.5426136255264282
YBR066C,YIL017W,0,-0.046924632,0.13518406450748444,0.8484848737716675,0.5428030490875244
YJR028W,YJL095W,0,-0.047286194,0.13514329493045807,0.8484848737716675,0.5429924130439758
YIL088C,YDR518W,0,-0.049190607,0.1351025402545929,0.8484848737716675,0.543181836605072
YCL074W,YOL107W,0,-0.049358275,0.13506180047988892,0.8484848737716675,0.5433712005615234
YOR393W,YDR392W,0,-0.050339986,0.13502109050750732,0.8484848737716675,0.5435606241226196
YLR047C,YOL052C,0,-0.0503754,0.13498041033744812,0.8484848737716675,0.543749988079071
YMR276W,YGR239C,0,-0.050478663,0.1349397599697113,0.8484848737716675,0.5439394116401672
YPR035W,YBL091C-A,0,-0.051153805,0.13489912450313568,0.8484848737716675,0.5441287755966187
YBR067C,YDR498C,0,-0.051522817,0.13485851883888245,0.8484848737716675,0.5443181991577148
YMR182C,YOR098C,0,-0.051674064,0.1348179429769516,0.8484848737716675,0.5445075631141663
YDR518W,YMR272C,0,-0.051750366,0.13477738201618195,0.8484848737716675,0.5446969866752625
YMR038C,YDR416W,0,-0.05178969,0.1347368359565735,0.8484848737716675,0.5448863506317139
YBL011W,YJL130C,0,-0.052716073,0.1346963346004486,0.8484848737716675,0.5450757741928101
YCR011C,YDL083C,0,-0.054126766,0.13465584814548492,0.8484848737716675,0.5452651381492615
YDR429C,YNL230C,0,-0.05443416,0.13461539149284363,0.8484848737716675,0.5454545617103577
YOR388C,YDR476C,0,-0.05614173,0.13457494974136353,0.8484848737716675,0.5456439256668091
YMR179W,YBR129C,0,-0.05614954,0.1345345377922058,0.8484848737716675,0.5458333492279053
YPL151C,YPL104W,0,-0.05669179,0.1344941407442093,0.8484848737716675,0.5460227131843567
YDR030C,YDR254W,0,-0.056905594,0.13445378839969635,0.8484848737716675,0.5462121367454529
YKL217W,YGR052W,0,-0.05719259,0.1344134360551834,0.8484848737716675,0.5464015007019043
YER154W,YBR031W,0,-0.05830836,0.13437312841415405,0.8484848737716675,0.5465909242630005
YOR304W,YNR060W,0,-0.058934417,0.1343328356742859,0.8484848737716675,0.5467802882194519
YML006C,YKR028W,0,-0.06110781,0.1342925727367401,0.8484848737716675,0.5469697117805481
YJL187C,YLR285W,0,-0.061520424,0.13425232470035553,0.8484848737716675,0.5471590757369995
YHR164C,YGL226C-A,0,-0.061573368,0.13421210646629333,0.8484848737716675,0.5473484992980957
YER125W,YBR276C,0,-0.062573165,0.13417190313339233,0.8484848737716675,0.5475378632545471
YKR036C,YCR014C,0,-0.06271279,0.13413172960281372,0.8484848737716675,0.5477272868156433
YGR052W,YLR268W,0,-0.06378755,0.1340915858745575,0.8484848737716675,0.5479166507720947
YMR025W,YNR018W,0,-0.06528705,0.13405147194862366,0.8484848737716675,0.5481060743331909
YDR034C,YEL036C,0,-0.06557268,0.134011372923851,0.8484848737716675,0.5482954382896423
YLR208W,YKL189W,0,-0.0673389,0.13397128880023956,0.8484848737716675,0.5484848618507385
YDR144C,YEL012W,0,-0.06734142,0.1339312344789505,0.8484848737716675,0.5486742258071899
YGR281W,YGR216C,0,-0.06754097,0.13389120995998383,0.8484848737716675,0.5488636493682861
YER055C,YGL233W,0,-0.06763956,0.13385121524333954,0.8484848737716675,0.5490530133247375
YBR287W,YDR353W,0,-0.0682053,0.13381123542785645,0.8484848737716675,0.5492424368858337
YOL004W,YDR392W,0,-0.06828669,0.13377127051353455,0.8484848737716675,0.5494318008422852
YML080W,YDR062W,0,-0.068837136,0.13373135030269623,0.8484848737716675,0.5496212244033813
YBR195C,YLL045C,0,-0.06890458,0.1336914300918579,0.8484848737716675,0.5498105883598328
YPR187W,YJL191W,0,-0.06917527,0.13365155458450317,0.8484848737716675,0.550000011920929
YKL186C,YLR153C,0,-0.06950459,0.13361169397830963,0.8484848737716675,0.5501893758773804
YLR314C,YOR123C,0,-0.071897924,0.13357184827327728,0.8484848737716675,0.5503787994384766
YDR383C,YEL053C,0,-0.07237136,0.13353204727172852,0.8484848737716675,0.550568163394928
YEL031W,YIL094C,0,-0.07258555,0.13349224627017975,0.8484848737716675,0.5507575869560242
YLR165C,YGL220W,0,-0.073335946,0.13345248997211456,0.8484848737716675,0.5509469509124756
YDR083W,YDR159W,0,-0.073442325,0.13341274857521057,0.8484848737716675,0.5511363744735718
YDR461W,YGL113W,0,-0.07456775,0.13337302207946777,0.8484848737716675,0.5513257384300232
YPL002C,YOR324C,0,-0.07480408,0.13333334028720856,0.8484848737716675,0.5515151619911194
YEL022W,YDL061C,0,-0.07639174,0.13329365849494934,0.8484848737716675,0.5517045259475708
YKL206C,YGR271W,0,-0.07681477,0.1332540214061737,0.8484848737716675,0.551893949508667
YBR238C,YBR026C,1,-0.07720256,0.1335117518901825,0.8503788113594055,0.551893949508667
YIR025W,YBR141C,0,-0.078073785,0.13347205519676208,0.8503788113594055,0.5520833134651184
YLR028C,YBR243C,1,-0.078391045,0.13372956216335297,0.8522727489471436,0.5520833134651184
YER022W,YIL080W,0,-0.0784796,0.13368983566761017,0.8522727489471436,0.5522727370262146
YDL054C,YNL274C,0,-0.079116285,0.13365013897418976,0.8522727489471436,0.552462100982666
YDR138W,YNL078W,0,-0.08142641,0.13361045718193054,0.8522727489471436,0.5526515245437622
YNR057C,YJL128C,0,-0.0817669,0.13357079029083252,0.8522727489471436,0.5528408885002136
YOR209C,YBR072W,0,-0.08178553,0.13353115320205688,0.8522727489471436,0.5530303120613098
YNL261W,YAR031W,0,-0.08218141,0.13349154591560364,0.8522727489471436,0.5532196760177612
YDL202W,YOR194C,0,-0.08272663,0.13345195353031158,0.8522727489471436,0.5534090995788574
YDR449C,YKR035W-A,0,-0.08289018,0.13341239094734192,0.8522727489471436,0.5535984635353088
YBL113C,YML036W,0,-0.0839161,0.13337285816669464,0.8522727489471436,0.553787887096405
YOL082W,YDR281C,0,-0.08391622,0.13333334028720856,0.8522727489471436,0.5539772510528564
YDL133C-A,YDR062W,0,-0.084022075,0.13329383730888367,0.8522727489471436,0.5541666746139526
YNR006W,YLR429W,0,-0.08402312,0.13325436413288116,0.8522727489471436,0.554356038570404
YGR229C,YMR273C,0,-0.08412561,0.13321492075920105,0.8522727489471436,0.5545454621315002
YDR170C,YLL012W,0,-0.08473921,0.13317549228668213,0.8522727489471436,0.5547348260879517
YKR056W,YPL093W,0,-0.084952444,0.1331360936164856,0.8522727489471436,0.5549242496490479
YPL240C,YFR001W,0,-0.08516893,0.13309670984745026,0.8522727489471436,0.5551136136054993
YCL024W,YDR146C,0,-0.08577192,0.1330573558807373,0.8522727489471436,0.5553030371665955
YBR271W,YDL216C,0,-0.086221755,0.13301803171634674,0.8522727489471436,0.5554924011230469
YOR085W,YDR444W,0,-0.0866836,0.13297872245311737,0.8522727489471436,0.5556818246841431
YML112W,YDR518W,0,-0.08675632,0.1329394429922104,0.8522727489471436,0.5558711886405945
YHR211W,YIL159W,0,-0.08720037,0.1329001784324646,0.8522727489471436,0.5560606122016907
YKR008W,YMR087W,0,-0.08732067,0.1328609436750412,0.8522727489471436,0.5562499761581421
YLR187W,YBR031W,0,-0.08739516,0.132821723818779,0.8522727489471436,0.5564393997192383
YKL190W,YDR137W,0,-0.089068726,0.13278253376483917,0.8522727489471436,0.5566287636756897
YDR064W,YMR020W,0,-0.08937153,0.13274335861206055,0.8522727489471436,0.5568181872367859
YLR187W,YHR085W,0,-0.08971076,0.1327042132616043,0.8522727489471436,0.5570075511932373
YGR221C,YHR109W,0,-0.090016484,0.13266509771347046,0.8522727489471436,0.5571969747543335
YER074W,YPR159W,0,-0.09019293,0.1326259970664978,0.8522727489471436,0.5573863387107849
YGL026C,YGL190C,0,-0.090587884,0.13258691132068634,0.8522727489471436,0.5575757622718811
YER165W,YFL013C,0,-0.09071472,0.13254787027835846,0.8522727489471436,0.5577651262283325
YJL006C,YBR173C,0,-0.09100431,0.13250882923603058,0.8522727489471436,0.5579545497894287
YOR148C,YJL029C,0,-0.0910756,0.13246983289718628,0.8522727489471436,0.5581439137458801
YCR093W,YNR018W,0,-0.09111507,0.13243083655834198,0.8522727489471436,0.5583333373069763
YGR288W,YDR404C,0,-0.091906786,0.13239188492298126,0.8522727489471436,0.5585227012634277
YKR035W-A,YMR200W,0,-0.092196226,0.13235294818878174,0.8522727489471436,0.5587121248245239
YLR016C,YDR496C,0,-0.09261599,0.1323140263557434,0.8522727489471436,0.5589014887809753
YDR499W,YJL130C,0,-0.092689484,0.13227513432502747,0.8522727489471436,0.5590909123420715
YDL036C,YCL018W,0,-0.092760086,0.13223625719547272,0.8522727489471436,0.559280276298523
YNL223W,YMR033W,0,-0.09315947,0.13219740986824036,0.8522727489471436,0.5594696998596191
YGL256W,YIL006W,0,-0.0936397,0.13215859234333038,0.8522727489471436,0.5596590638160706
YBR282W,YGL019W,0,-0.09368755,0.1321197897195816,0.8522727489471436,0.5598484873771667
YMR046C,YGL259W,0,-0.09373413,0.1320810168981552,0.8522727489471436,0.5600378513336182
YOR382W,YJR053W,0,-0.09395659,0.13204225897789001,0.8522727489471436,0.5602272748947144
YCL003W,YLL043W,0,-0.09403074,0.132003515958786,0.8522727489471436,0.5604166388511658
YPL078C,YPR125W,0,-0.09469733,0.1319648027420044,0.8522727489471436,0.560606062412262
YOL038W,YNL078W,0,-0.09571013,0.13192611932754517,0.8522727489471436,0.5607954263687134
YDR527W,YFR001W,0,-0.09593487,0.13188745081424713,0.8522727489471436,0.5609848499298096
YBL011W,YGR143W,0,-0.09602384,0.13184881210327148,0.8522727489471436,0.561174213886261
YER022W,YGL212W,0,-0.097182795,0.13181018829345703,0.8522727489471436,0.5613636374473572
YCL004W,YGR089W,0,-0.09760025,0.13177159428596497,0.8522727489471436,0.5615530014038086
YNL079C,YIL047C,0,-0.09779194,0.1317330151796341,0.8522727489471436,0.5617424249649048
YMR078C,YGR089W,0,-0.098122746,0.1316944658756256,0.8522727489471436,0.5619317889213562
YER145C,YGL019W,0,-0.098264515,0.13165594637393951,0.8522727489471436,0.5621212124824524
YOR291W,YPR159W,0,-0.0989725,0.13161742687225342,0.8522727489471436,0.5623105764389038
YLL002W,YNL110C,0,-0.099500805,0.1315789520740509,0.8522727489471436,0.5625
YDR416W,YGR134W,0,-0.101003915,0.13154049217700958,0.8522727489471436,0.5626894235610962
YBR223C,YNL138W-A,0,-0.10103367,0.13150204718112946,0.8522727489471436,0.5628787875175476
YEL031W,YKR068C,0,-0.10107368,0.13146363198757172,0.8522727489471436,0.5630682110786438
YCR011C,YDR062W,0,-0.10116646,0.13142523169517517,0.8522727489471436,0.5632575750350952
YLR295C,YGL170C,0,-0.10356146,0.131386861205101,0.8522727489471436,0.5634469985961914
YDR296W,YOL124C,0,-0.10407069,0.13134850561618805,0.8522727489471436,0.5636363625526428
YJR005W,YDL055C,0,-0.10524753,0.13131017982959747,0.8522727489471436,0.563825786113739
YER125W,YPL112C,0,-0.105493516,0.13127188384532928,0.8522727489471436,0.5640151500701904
YIR011C,YIR018W,0,-0.105909884,0.1312336027622223,0.8522727489471436,0.5642045736312866
YNL070W,YBL034C,0,-0.106212705,0.1311953365802765,0.8522727489471436,0.564393937587738
YDR389W,YNL121C,0,-0.10623503,0.13115710020065308,0.8522727489471436,0.5645833611488342
YNL262W,YER087C-B,0,-0.10634875,0.13111887872219086,0.8522727489471436,0.5647727251052856
YBR002C,YAL063C,0,-0.10716623,0.13108068704605103,0.8522727489471436,0.5649621486663818
YDR034C,YLL040C,0,-0.10747379,0.1310425102710724,0.8522727489471436,0.5651515126228333
YDR167W,YGL220W,0,-0.10796681,0.13100436329841614,0.8522727489471436,0.5653409361839294
YIL095W,YML052W,0,-0.10827196,0.13096624612808228,0.8522727489471436,0.5655303001403809
YPR002W,YEL056W,0,-0.11000675,0.1309281289577484,0.8522727489471436,0.565719723701477
YBR111W-A,YOR239W,0,-0.11032553,0.13089005649089813,0.8522727489471436,0.5659090876579285
YKR054C,YDR226W,0,-0.11043382,0.13085199892520905,0.8522727489471436,0.5660985112190247
YBL028C,YGL019W,0,-0.110471934,0.13081395626068115,0.8522727489471436,0.5662878751754761
YNR003C,YDR262W,0,-0.1128829,0.13077594339847565,0.8522727489471436,0.5664772987365723
YOL102C,YOR239W,0,-0.11332604,0.13073794543743134,0.8522727489471436,0.5666666626930237
YDR229W,YBR281C,0,-0.114147455,0.1306999772787094,0.8522727489471436,0.5668560862541199
YNL283C,YPL180W,0,-0.11526224,0.13066202402114868,0.8522727489471436,0.5670454502105713
YNL138W-A,YJL134W,0,-0.11608349,0.13062408566474915,0.8522727489471436,0.5672348737716675
YOR340C,YNL259C,0,-0.11673859,0.1305861920118332,0.8522727489471436,0.5674242377281189
YKL144C,YDR404C,0,-0.11732456,0.13054829835891724,0.8522727489471436,0.5676136612892151
YNL032W,YLL061W,0,-0.11765134,0.13051043450832367,0.8522727489471436,0.5678030252456665
YJL166W,YBR243C,1,-0.120747,0.13076254725456238,0.8541666865348816,0.5678030252456665
YNL010W,YAR031W,0,-0.12188512,0.13072463870048523,0.8541666865348816,0.5679924488067627
YER087C-B,YAL029C,0,-0.12209925,0.13068675994873047,0.8541666865348816,0.5681818127632141
YER090W,YHR109W,0,-0.12223253,0.1306488960981369,0.8541666865348816,0.5683712363243103
YDL054C,YDR304C,0,-0.12282413,0.13061106204986572,0.8541666865348816,0.5685606002807617
YOL129W,YLR088W,0,-0.12366976,0.13057324290275574,0.8541666865348816,0.5687500238418579
YER090W,YNL016W,0,-0.123950034,0.13053545355796814,0.8541666865348816,0.5689393877983093
YOR089C,YGL163C,0,-0.12608868,0.13049767911434174,0.8541666865348816,0.5691288113594055
YNL314W,YOR162C,0,-0.12610534,0.13045993447303772,0.8541666865348816,0.5693181753158569
YML028W,YIL133C,0,-0.12639865,0.1304222047328949,0.8541666865348816,0.5695075988769531
YLR129W,YOR251C,0,-0.126646,0.13038450479507446,0.8541666865348816,0.5696969628334045
YMR182C,YGR171C,0,-0.126991,0.13034681975841522,0.8541666865348816,0.5698863863945007
YPR189W,YNL261W,0,-0.12804595,0.13030916452407837,0.8541666865348816,0.5700757503509521
YPL094C,YNR060W,0,-0.12809026,0.1302715241909027,0.8541666865348816,0.5702651739120483
YDL061C,YNL298W,0,-0.12941661,0.13023389875888824,0.8541666865348816,0.5704545378684998
YML051W,YPL223C,0,-0.12946507,0.13019630312919617,0.8541666865348816,0.570643961429596
YOR279C,YMR159C,0,-0.12986346,0.13015873730182648,0.8541666865348816,0.5708333253860474
YDL024C,YKR102W,0,-0.12997225,0.1301211714744568,0.8541666865348816,0.5710227489471436
YGR251W,YLR183C,0,-0.13009202,0.13008365035057068,0.8541666865348816,0.571212112903595
YDL111C,YJL029C,0,-0.13023642,0.13004612922668457,0.8541666865348816,0.5714015364646912
YOR297C,YKR006C,1,-0.13031751,0.13029691576957703,0.8560606241226196,0.5714015364646912
YPR182W,YMR077C,0,-0.13123176,0.13025936484336853,0.8560606241226196,0.5715909004211426
YCR057C,YMR246W,0,-0.13186511,0.13022184371948242,0.8560606241226196,0.5717803239822388
YIL002C,YCR002C,0,-0.13200781,0.1301843374967575,0.8560606241226196,0.5719696879386902
YNL006W,YPL129W,0,-0.13211703,0.1301468461751938,0.8560606241226196,0.5721591114997864
YNL236W,YKL053C-A,0,-0.13255325,0.13010938465595245,0.8560606241226196,0.5723484754562378
YKL093W,YBR238C,1,-0.13375051,0.1303597092628479,0.8579545617103577,0.5723484754562378
YBR196C,YIL143C,0,-0.1348457,0.13032220304012299,0.8579545617103577,0.572537899017334
YNL102W,YHR060W,0,-0.13577184,0.13028472661972046,0.8579545617103577,0.5727272629737854
YPL113C,YGR155W,0,-0.13619071,0.13024726510047913,0.8579545617103577,0.5729166865348816
YJL200C,YHR051W,1,-0.13704559,0.1304972618818283,0.8598484992980957,0.5729166865348816
YBR120C,YLR386W,0,-0.13755748,0.1304597705602646,0.8598484992980957,0.573106050491333
YLR208W,YNL297C,0,-0.13881072,0.13042229413986206,0.8598484992980957,0.5732954740524292
YJL225C,YGL220W,0,-0.13982862,0.13038483262062073,0.8598484992980957,0.5734848380088806
YDL245C,YHR004C,0,-0.13994291,0.13034740090370178,0.8598484992980957,0.5736742615699768
YBR243C,YLR164W,1,-0.14010964,0.13059701025485992,0.8617424368858337,0.5736742615699768
YFL066C,YLR300W,0,-0.14304109,0.1305595338344574,0.8617424368858337,0.5738636255264282
YPR167C,YPL259C,0,-0.14349058,0.13052208721637726,0.8617424368858337,0.5740530490875244
YNL335W,YDR140W,0,-0.14402407,0.1304846554994583,0.8617424368858337,0.5742424130439758
YLR165C,YMR268W-A,0,-0.14429674,0.13044725358486176,0.8617424368858337,0.574431836605072
YOR216C,YGL256W,0,-0.14491469,0.1304098665714264,0.8617424368858337,0.5746212005615234
YOR187W,YOR025W,0,-0.14502475,0.13037249445915222,0.8617424368858337,0.5748106241226196
YDR229W,YOR351C,0,-0.14527857,0.13033515214920044,0.8617424368858337,0.574999988079071
YJL030W,YJR101W,0,-0.14550006,0.13029782474040985,0.8617424368858337,0.5751894116401672
YGL158W,YBL079W,0,-0.14563406,0.13026052713394165,0.8617424368858337,0.5753787755966187
YNL044W,YBR271W,0,-0.14580974,0.13022324442863464,0.8617424368858337,0.5755681991577148
YEL022W,YNR067C,0,-0.1468007,0.13018597662448883,0.8617424368858337,0.5757575631141663
YMR039C,YCR002C,0,-0.14730841,0.1301487386226654,0.8617424368858337,0.5759469866752625
YBR247C,YJR092W,0,-0.14773315,0.13011153042316437,0.8617424368858337,0.5761363506317139
YGR221C,YLR020C,0,-0.14806983,0.13007432222366333,0.8617424368858337,0.5763257741928101
YIL134W,YEL041W,0,-0.1482952,0.13003715872764587,0.8617424368858337,0.5765151381492615
YOL124C,YCR057C,0,-0.14985195,0.12999999523162842,0.8617424368858337,0.5767045617103577
YMR172W,YFR036W,0,-0.15008862,0.12996286153793335,0.8617424368858337,0.5768939256668091
YKR019C,YPL099C,0,-0.1508561,0.12992575764656067,0.8617424368858337,0.5770833492279053
YNL008C,YMR136W,0,-0.15132171,0.12988866865634918,0.8617424368858337,0.5772727131843567
YIL088C,YDL216C,0,-0.15160874,0.1298515945672989,0.8617424368858337,0.5774621367454529
YDL029W,YOR327C,0,-0.15181932,0.12981455028057098,0.8617424368858337,0.5776515007019043
YHR041C,YLR390W,0,-0.15198407,0.12977752089500427,0.8617424368858337,0.5778409242630005
YPL150W,YKL144C,0,-0.15256432,0.12974052131175995,0.8617424368858337,0.5780302882194519
YCL004W,YKL189W,0,-0.15325555,0.12970353662967682,0.8617424368858337,0.5782197117805481
YOR283W,YKR057W,0,-0.15337586,0.12966656684875488,0.8617424368858337,0.5784090757369995
YKR066C,YOR025W,0,-0.1537095,0.12962962687015533,0.8617424368858337,0.5785984992980957
YIL143C,YLR380W,0,-0.1544793,0.12959270179271698,0.8617424368858337,0.5787878632545471
YDR174W,YOL107W,0,-0.15448341,0.129555806517601,0.8617424368858337,0.5789772868156433
YGR056W,YCL057W,0,-0.15469602,0.12951892614364624,0.8617424368858337,0.5791666507720947
YDR172W,YCL032W,0,-0.15474889,0.12948207557201385,0.8617424368858337,0.5793560743331909
YMR077C,YJL178C,0,-0.15526795,0.12944523990154266,0.8617424368858337,0.5795454382896423
YPL064C,YEL056W,0,-0.1556533,0.12940841913223267,0.8617424368858337,0.5797348618507385
YLL033W,YMR143W,0,-0.15571404,0.12937162816524506,0.8617424368858337,0.5799242258071899
YKL096W-A,YDR138W,0,-0.15608218,0.12933485209941864,0.8617424368858337,0.5801136493682861
YDL039C,YHR039C-A,0,-0.15616548,0.12929809093475342,0.8617424368858337,0.5803030133247375
YCL036W,YER090W,0,-0.15808761,0.12926135957241058,0.8617424368858337,0.5804924368858337
YOL129W,YDL245C,0,-0.15815172,0.12922465801239014,0.8617424368858337,0.5806818008422852
YIL088C,YER162C,0,-0.15856443,0.1291879564523697,0.8617424368858337,0.5808712244033813
YOR301W,YDR392W,0,-0.15895364,0.12915128469467163,0.8617424368858337,0.5810605883598328
YBR093C,YOR008C,0,-0.16126998,0.12911464273929596,0.8617424368858337,0.581250011920929
YOR292C,YKL166C,0,-0.16181973,0.12907801568508148,0.8617424368858337,0.5814393758773804
YJR119C,YDR369C,0,-0.16196412,0.1290414035320282,0.8617424368858337,0.5816287994384766
YDL028C,YLR151C,0,-0.16277286,0.1290048211812973,0.8617424368858337,0.581818163394928
YER008C,YMR200W,0,-0.1630429,0.1289682537317276,0.8617424368858337,0.5820075869560242
YNL084C,YLR300W,0,-0.16315481,0.12893171608448029,0.8617424368858337,0.5821969509124756
YDR371W,YKR069W,0,-0.16328162,0.12889517843723297,0.8617424368858337,0.5823863744735718
YPR113W,YNL175C,0,-0.16346154,0.12885868549346924,0.8617424368858337,0.5825757384300232
YIL134W,YIR039C,0,-0.16347921,0.1288221925497055,0.8617424368858337,0.5827651619911194
YML049C,YPL098C,0,-0.1654782,0.12878572940826416,0.8617424368858337,0.5829545259475708
YGL062W,YBR155W,0,-0.16599092,0.1287492960691452,0.8617424368858337,0.583143949508667
YBL113C,YIL035C,0,-0.16624233,0.12871287763118744,0.8617424368858337,0.5833333134651184
YMR186W,YOL040C,0,-0.16627419,0.12867647409439087,0.8617424368858337,0.5835227370262146
YBR066C,YOR162C,0,-0.16674538,0.1286400854587555,0.8617424368858337,0.583712100982666
YBR067C,YBL098W,0,-0.16776365,0.1286037266254425,0.8617424368858337,0.5839015245437622
YPR187W,YOL052C,0,-0.16827407,0.1285673975944519,0.8617424368858337,0.5840908885002136
YOR219C,YOR025W,0,-0.16848606,0.1285310685634613,0.8617424368858337,0.5842803120613098
YOR378W,YGL060W,0,-0.16959919,0.1284947693347931,0.8617424368858337,0.5844696760177612
YDL197C,YGL113W,0,-0.17016748,0.12845849990844727,0.8617424368858337,0.5846590995788574
YOL052C,YDR218C,0,-0.17025259,0.12842224538326263,0.8617424368858337,0.5848484635353088
YJL200C,YOR142W,1,-0.17174098,0.1286681741476059,0.8636363744735718,0.5848484635353088
YJL030W,YGR020C,0,-0.1720407,0.12863187491893768,0.8636363744735718,0.585037887096405
YDR306C,YMR270C,0,-0.17386733,0.12859560549259186,0.8636363744735718,0.5852272510528564
YMR284W,YLR386W,0,-0.17461696,0.12855935096740723,0.8636363744735718,0.5854166746139526
YDL059C,YNR035C,0,-0.17507009,0.1285231113433838,0.8636363744735718,0.585606038570404
YKL126W,YBR271W,0,-0.17523889,0.12848690152168274,0.8636363744735718,0.5857954621315002
YDR207C,YCR055C,0,-0.17564353,0.12845070660114288,0.8636363744735718,0.5859848260879517
YHR061C,YKL003C,0,-0.17570242,0.12841452658176422,0.8636363744735718,0.5861742496490479
YKL038W,YLR330W,0,-0.17648613,0.12837837636470795,0.8636363744735718,0.5863636136054993
YML071C,YCL004W,0,-0.17717108,0.12834224104881287,0.8636363744735718,0.5865530371665955
YDR419W,YLR165C,0,-0.17811498,0.12830613553524017,0.8636363744735718,0.5867424011230469
YGR221C,YKL217W,0,-0.17843372,0.12827004492282867,0.8636363744735718,0.5869318246841431
YGL062W,YPL274W,0,-0.1790592,0.12823396921157837,0.8636363744735718,0.5871211886405945
YDL197C,YOL104C,0,-0.17955527,0.12819792330265045,0.8636363744735718,0.5873106122016907
YHR211W,YOR283W,0,-0.1795853,0.12816189229488373,0.8636363744735718,0.5874999761581421
YPR035W,YNL084C,0,-0.17980835,0.1281258761882782,0.8636363744735718,0.5876893997192383
YIL139C,YLL004W,0,-0.18047002,0.12808988988399506,0.8636363744735718,0.5878787636756897
YGL180W,YDR226W,0,-0.18124923,0.1280539184808731,0.8636363744735718,0.5880681872367859
YDR498C,YLR316C,0,-0.1817009,0.12801796197891235,0.8636363744735718,0.5882575511932373
YDR079W,YBR238C,1,-0.18187031,0.1282626986503601,0.8655303120613098,0.5882575511932373
YOL045W,YGR282C,0,-0.1825917,0.12822671234607697,0.8655303120613098,0.5884469747543335
YJR051W,YDL015C,0,-0.18263483,0.12819074094295502,0.8655303120613098,0.5886363387107849
YHR029C,YPL167C,0,-0.18278053,0.12815479934215546,0.8655303120613098,0.5888257622718811
YAR031W,YGR214W,0,-0.18321225,0.1281188726425171,0.8655303120613098,0.5890151262283325
YMR146C,YDL245C,0,-0.18333715,0.12808296084403992,0.8655303120613098,0.5892045497894287
YNR067C,YLR389C,0,-0.18345633,0.12804707884788513,0.8655303120613098,0.5893939137458801
YER185W,YAR035W,0,-0.18391529,0.12801121175289154,0.8655303120613098,0.5895833373069763
YNL107W,YER115C,0,-0.18426192,0.12797535955905914,0.8655303120613098,0.5897727012634277
YGR285C,YPL082C,0,-0.18456042,0.12793952226638794,0.8655303120613098,0.5899621248245239
YCR060W,YOL112W,0,-0.1852512,0.12790372967720032,0.8655303120613098,0.5901514887809753
YGL122C,YOR351C,0,-0.18550187,0.1278679370880127,0.8655303120613098,0.5903409123420715
YKL190W,YLL004W,0,-0.1855734,0.12783217430114746,0.8655303120613098,0.590530276298523
YBR247C,YPR138C,0,-0.18568057,0.12779642641544342,0.8655303120613098,0.5907196998596191
YCR030C,YNL259C,0,-0.18592806,0.12776069343090057,0.8655303120613098,0.5909090638160706
YER046W,YOR351C,0,-0.18607941,0.12772499024868011,0.8655303120613098,0.5910984873771667
YHR012W,YDR034C,0,-0.18621513,0.12768930196762085,0.8655303120613098,0.5912878513336182
YDR207C,YGL060W,0,-0.18724911,0.12765362858772278,0.8655303120613098,0.5914772748947144
YNR003C,YGL051W,0,-0.18726575,0.1276179850101471,0.8655303120613098,0.5916666388511658
YCL074W,YDL055C,0,-0.18901087,0.1275823563337326,0.8655303120613098,0.591856062412262
YFL066C,YLR264W,0,-0.18975954,0.1275467425584793,0.8655303120613098,0.5920454263687134
YNL267W,YNL238W,0,-0.19010161,0.1275111585855484,0.8655303120613098,0.5922348499298096
YMR321C,YDL216C,0,-0.1911766,0.1274755895137787,0.8655303120613098,0.592424213886261
YKL022C,YNR072W,0,-0.19133998,0.12744005024433136,0.8655303120613098,0.5926136374473572
YHR209W,YGL046W,0,-0.19137733,0.12740451097488403,0.8655303120613098,0.5928030014038086
YCL014W,YJL192C,0,-0.1922671,0.1273690015077591,0.8655303120613098,0.5929924249649048
YJR107W,YGL094C,0,-0.19247237,0.12733352184295654,0.8655303120613098,0.5931817889213562
YCR093W,YNL102W,0,-0.19301373,0.12729805707931519,0.8655303120613098,0.5933712124824524
YDL054C,YBL068W,0,-0.19336155,0.12726260721683502,0.8655303120613098,0.5935605764389038
YNL223W,YDR159W,0,-0.193795,0.12722717225551605,0.8655303120613098,0.59375
YJL060W,YJR112W,0,-0.19523945,0.12719176709651947,0.8655303120613098,0.5939394235610962
YJL178C,YLR073C,0,-0.19742754,0.12715637683868408,0.8655303120613098,0.5941287875175476
YCL024W,YKL003C,0,-0.19764176,0.1271210014820099,0.8655303120613098,0.5943182110786438
YBR223C,YPL082C,0,-0.19781223,0.12708565592765808,0.8655303120613098,0.5945075750350952
YMR241W,YDL142C,0,-0.19858363,0.12705032527446747,0.8655303120613098,0.5946969985961914
YKL053C-A,YIL133C,0,-0.19906515,0.12701500952243805,0.8655303120613098,0.5948863625526428
YMR039C,YMR308C,0,-0.19915375,0.12697972357273102,0.8655303120613098,0.595075786113739
YOL070C,YPL200W,0,-0.19928995,0.126944437623024,0.8655303120613098,0.5952651500701904
YBR187W,YBR276C,0,-0.19933023,0.12690919637680054,0.8655303120613098,0.5954545736312866
YDL029W,YNL231C,0,-0.1994048,0.1268739551305771,0.8655303120613098,0.595643937587738
YJL112W,YOR351C,0,-0.19946828,0.12683874368667603,0.8655303120613098,0.5958333611488342
YDL107W,YJR053W,0,-0.20006737,0.12680354714393616,0.8655303120613098,0.5960227251052856
YOR194C,YOL151W,0,-0.20038599,0.12676838040351868,0.8655303120613098,0.5962121486663818
YGR221C,YGL060W,0,-0.20112807,0.1267332285642624,0.8655303120613098,0.5964015126228333
YOL101C,YMR239C,0,-0.20114219,0.1266980916261673,0.8655303120613098,0.5965909361839294
YBR111W-A,YOR099W,0,-0.20169808,0.1266629695892334,0.8655303120613098,0.5967803001403809
YKR020W,YPL065W,0,-0.2026548,0.1266278773546219,0.8655303120613098,0.596969723701477
YDR211W,YAL031C,0,-0.20342734,0.12659280002117157,0.8655303120613098,0.5971590876579285
YGR020C,YLR088W,0,-0.2035622,0.12655773758888245,0.8655303120613098,0.5973485112190247
YJR006W,YDR146C,0,-0.20455654,0.1265227049589157,0.8655303120613098,0.5975378751754761
YLR309C,YFL021W,0,-0.20455953,0.12648768723011017,0.8655303120613098,0.5977272987365723
YBR080C,YIL042C,0,-0.20570496,0.12645268440246582,0.8655303120613098,0.5979166626930237
YDL074C,YLR026C,0,-0.20581615,0.12641771137714386,0.8655303120613098,0.5981060862541199
YDL077C,YCL026C-B,0,-0.20793432,0.1263827383518219,0.8655303120613098,0.5982954502105713
YMR013C,YGL019W,0,-0.20798771,0.12634779512882233,0.8655303120613098,0.5984848737716675
YDR296W,YLR209C,0,-0.20845021,0.12631288170814514,0.8655303120613098,0.5986742377281189
YMR046C,YFR036W,0,-0.20864661,0.12627798318862915,0.8655303120613098,0.5988636612892151
YIL035C,YER130C,0,-0.20897543,0.12624309957027435,0.8655303120613098,0.5990530252456665
YNL283C,YLR329W,0,-0.2092131,0.12620823085308075,0.8655303120613098,0.5992424488067627
YPL150W,YNL147W,0,-0.20974213,0.12617339193820953,0.8655303120613098,0.5994318127632141
YKL170W,YGR229C,0,-0.21029541,0.12613855302333832,0.8655303120613098,0.5996212363243103
YNR004W,YFR052W,0,-0.2107146,0.12610375881195068,0.8655303120613098,0.5998106002807617
YBR276C,YMR143W,0,-0.21183513,0.12606896460056305,0.8655303120613098,0.6000000238418579
YBR195C,YLR203C,0,-0.21202984,0.1260342001914978,0.8655303120613098,0.6001893877983093
YCL036W,YMR272C,0,-0.21206419,0.12599945068359375,0.8655303120613098,0.6003788113594055
YFR013W,YDL202W,0,-0.21274847,0.1259647160768509,0.8655303120613098,0.6005681753158569
YJL140W,YDR472W,0,-0.214708,0.12593001127243042,0.8655303120613098,0.6007575988769531
YLL008W,YLR394W,0,-0.21611097,0.12589532136917114,0.8655303120613098,0.6009469628334045
YLR404W,YFL013C,0,-0.21627538,0.12586064636707306,0.8655303120613098,0.6011363863945007
YMR145C,YGL169W,1,-0.21636882,0.1261013150215149,0.8674242496490479,0.6011363863945007
YJR036C,YMR136W,0,-0.21655741,0.12606661021709442,0.8674242496490479,0.6013257503509521
YNL261W,YHR059W,0,-0.21750441,0.12603192031383514,0.8674242496490479,0.6015151739120483
YBR002C,YLR219W,0,-0.21895751,0.12599724531173706,0.8674242496490479,0.6017045378684998
YOR317W,YJL149W,0,-0.21976833,0.12596260011196136,0.8674242496490479,0.601893961429596
YOL043C,YOR313C,0,-0.22043209,0.12592796981334686,0.8674242496490479,0.6020833253860474
YLR394W,YLR187W,0,-0.22062322,0.12589335441589355,0.8674242496490479,0.6022727489471436
YGR264C,YNL107W,0,-0.22066128,0.12585875391960144,0.8674242496490479,0.602462112903595
YOL066C,YLR197W,0,-0.2208264,0.1258241832256317,0.8674242496490479,0.6026515364646912
YBL076C,YCR055C,0,-0.22170067,0.125789612531662,0.8674242496490479,0.6028409004211426
YMR061W,YMR300C,0,-0.2219589,0.12575508654117584,0.8674242496490479,0.6030303239822388
YJL130C,YGL060W,0,-0.22263053,0.1257205605506897,0.8674242496490479,0.6032196879386902
YJR051W,YPL259C,0,-0.22290632,0.12568606436252594,0.8674242496490479,0.6034091114997864
YGL200C,YGL060W,0,-0.22297835,0.12565158307552338,0.8674242496490479,0.6035984754562378
YKR103W,YIL035C,0,-0.2233809,0.125617116689682,0.8674242496490479,0.603787899017334
YKL161C,YDL198C,0,-0.22403546,0.12558266520500183,0.8674242496490479,0.6039772629737854
YCR093W,YOR285W,0,-0.22531572,0.12554824352264404,0.8674242496490479,0.6041666865348816
YPR133W-A,YLR309C,0,-0.22614571,0.12551383674144745,0.8674242496490479,0.604356050491333
YLL051C,YIR038C,0,-0.22635564,0.12547944486141205,0.8674242496490479,0.6045454740524292
YOR168W,YDL035C,0,-0.22695383,0.12544508278369904,0.8674242496490479,0.6047348380088806
YHR029C,YDR173C,0,-0.2277285,0.12541073560714722,0.8674242496490479,0.6049242615699768
YDR245W,YOL158C,0,-0.22803098,0.1253764033317566,0.8674242496490479,0.6051136255264282
YOR388C,YOR239W,0,-0.22812119,0.12534208595752716,0.8674242496490479,0.6053030490875244
YOR388C,YLR182W,0,-0.22830749,0.12530779838562012,0.8674242496490479,0.6054924130439758
YLR105C,YOL158C,0,-0.22971436,0.12527352571487427,0.8674242496490479,0.605681836605072
YNL178W,YLR224W,0,-0.22994709,0.1252392679452896,0.8674242496490479,0.6058712005615234
YPR189W,YDR226W,0,-0.23034474,0.12520502507686615,0.8674242496490479,0.6060606241226196
YOL142W,YOR239W,0,-0.23038724,0.12517081201076508,0.8674242496490479,0.606249988079071
YLR300W,YDR195W,0,-0.2307288,0.1251366138458252,0.8674242496490479,0.6064394116401672
YCR052W,YLR145W,0,-0.23099288,0.1251024305820465,0.8674242496490479,0.6066287755966187
YNL258C,YBL068W,0,-0.2312688,0.12506826221942902,0.8674242496490479,0.6068181991577148
YOR209C,YDR159W,0,-0.2325029,0.1250341236591339,0.8674242496490479,0.6070075631141663
YLR383W,YML006C,0,-0.23266977,0.125,0.8674242496490479,0.6071969866752625
YLL061W,YEL029C,0,-0.23351508,0.12496589124202728,0.8674242496490479,0.6073863506317139
YDL074C,YPL093W,0,-0.23361874,0.12493180483579636,0.8674242496490479,0.6075757741928101
YOR159C,YNL050C,0,-0.234085,0.12489773333072662,0.8674242496490479,0.6077651381492615
YJR021C,YPR002W,0,-0.23409605,0.12486368417739868,0.8674242496490479,0.6079545617103577
YDL216C,YER046W,0,-0.23449075,0.12482965737581253,0.8674242496490479,0.6081439256668091
YBR195C,YHR119W,0,-0.23451279,0.12479563802480698,0.8674242496490479,0.6083333492279053
YHR041C,YCL004W,0,-0.23455548,0.12476164847612381,0.8674242496490479,0.6085227131843567
YBR187W,YPR030W,0,-0.23581043,0.12472766637802124,0.8674242496490479,0.6087121367454529
YOL053C-A,YIR039C,0,-0.23601879,0.12469371408224106,0.8674242496490479,0.6089015007019043
YGR169C,YCR055C,0,-0.23641604,0.12465976923704147,0.8674242496490479,0.6090909242630005
YNL131W,YMR172W,0,-0.23653051,0.12462584674358368,0.8674242496490479,0.6092802882194519
YDL245C,YOR219C,0,-0.23688734,0.12459194660186768,0.8674242496490479,0.6094697117805481
YGR252W,YNL107W,0,-0.23775521,0.12455806136131287,0.8674242496490479,0.6096590757369995
YBR287W,YJL124C,0,-0.23911694,0.12452419847249985,0.8674242496490479,0.6098484992980957
YPL180W,YDR403W,0,-0.23914887,0.12449035048484802,0.8674242496490479,0.6100378632545471
YKL174C,YOR204W,0,-0.23926201,0.12445652484893799,0.8674242496490479,0.6102272868156433
YMR194W,YBR128C,0,-0.24007437,0.12442271411418915,0.8674242496490479,0.6104166507720947
YHR029C,YFR031C,0,-0.24016103,0.1243889182806015,0.8674242496490479,0.6106060743331909
YDR245W,YLR359W,0,-0.24016541,0.12435514479875565,0.8674242496490479,0.6107954382896423
YKR008W,YNR015W,0,-0.2406869,0.12432138621807098,0.8674242496490479,0.6109848618507385
YIL143C,YNR002C,0,-0.24069929,0.12428764998912811,0.8674242496490479,0.6111742258071899
YLR029C,YIL083C,0,-0.24071653,0.12425393611192703,0.8674242496490479,0.6113636493682861
YKL182W,YOL054W,0,-0.24123438,0.12422022968530655,0.8674242496490479,0.6115530133247375
YPL110C,YGL174W,0,-0.2415584,0.12418655306100845,0.8674242496490479,0.6117424368858337
YPL151C,YKR069W,0,-0.24262053,0.12415288388729095,0.8674242496490479,0.6119318008422852
YKR036C,YNL078W,0,-0.24262565,0.12411924451589584,0.8674242496490479,0.6121212244033813
YPR182W,YPR119W,0,-0.24295202,0.12408561259508133,0.8674242496490479,0.6123105883598328
YDR304C,YOR222W,0,-0.24332973,0.1240520030260086,0.8674242496490479,0.612500011920929
YDL208W,YOR285W,0,-0.24335483,0.12401841580867767,0.8674242496490479,0.6126893758773804
YJR149W,YOR340C,0,-0.24344447,0.12398484349250793,0.8674242496490479,0.6128787994384766
YNR017W,YDR332W,0,-0.24347082,0.12395128607749939,0.8674242496490479,0.613068163394928
YJL144W,YFL001W,0,-0.24403343,0.12391775101423264,0.8674242496490479,0.6132575869560242
YCR030C,YIR018W,0,-0.24455354,0.12388423085212708,0.8674242496490479,0.6134469509124756
YMR179W,YMR295C,0,-0.24494433,0.1238507330417633,0.8674242496490479,0.6136363744735718
YLR224W,YLR145W,0,-0.24505323,0.12381725013256073,0.8674242496490479,0.6138257384300232
YFL057C,YMR173W,0,-0.24529752,0.12378378212451935,0.8674242496490479,0.6140151619911194
YPL274W,YOR008C,0,-0.24582991,0.12375033646821976,0.8674242496490479,0.6142045259475708
YOR074C,YDL216C,0,-0.2459085,0.12371691316366196,0.8674242496490479,0.614393949508667
YEL062W,YOR162C,0,-0.24640271,0.12368349730968475,0.8674242496490479,0.6145833134651184
YNR004W,YGL244W,0,-0.24653928,0.12365011125802994,0.8674242496490479,0.6147727370262146
YER171W,YNL078W,0,-0.24670541,0.12361673265695572,0.8674242496490479,0.614962100982666
YJR092W,YFL038C,0,-0.24688375,0.12358337640762329,0.8674242496490479,0.6151515245437622
YBR202W,YIL142W,0,-0.24786755,0.12355004251003265,0.8674242496490479,0.6153408885002136
YMR173W,YKL175W,0,-0.24789879,0.12351672351360321,0.8674242496490479,0.6155303120613098
YKR068C,YMR210W,0,-0.2488009,0.12348341941833496,0.8674242496490479,0.6157196760177612
YJR005W,YOL054W,0,-0.25234985,0.1234501376748085,0.8674242496490479,0.6159090995788574
YKR069W,YDR470C,0,-0.25271255,0.12341687083244324,0.8674242496490479,0.6160984635353088
YJL030W,YOR008C,0,-0.2528877,0.12338361889123917,0.8674242496490479,0.616287887096405
YNR017W,YER074W,0,-0.25457016,0.12335038930177689,0.8674242496490479,0.6164772510528564
YIL134W,YGR070W,0,-0.25471917,0.1233171746134758,0.8674242496490479,0.6166666746139526
YNL284C,YPR159W,0,-0.2551615,0.1232839822769165,0.8674242496490479,0.616856038570404
YLR009W,YMR213W,0,-0.2553859,0.1232508048415184,0.8674242496490479,0.6170454621315002
YAL040C,YNR013C,0,-0.2558759,0.12321764975786209,0.8674242496490479,0.6172348260879517
YNL138W-A,YKR044W,0,-0.2560853,0.12318450957536697,0.8674242496490479,0.6174242496490479
YKR071C,YCR002C,0,-0.25624922,0.12315138429403305,0.8674242496490479,0.6176136136054993
YGR238C,YNL182C,0,-0.25671604,0.12311828136444092,0.8674242496490479,0.6178030371665955
YNL052W,YBR243C,1,-0.2568754,0.12335393577814102,0.8693181872367859,0.6178030371665955
YER168C,YLR301W,0,-0.25698844,0.1233207955956459,0.8693181872367859,0.6179924011230469
YDR371W,YLR208W,0,-0.2572335,0.12328767031431198,0.8693181872367859,0.6181818246841431
YKL174C,YBR080C,0,-0.257711,0.12325456738471985,0.8693181872367859,0.6183711886405945
YGL225W,YMR210W,0,-0.25835064,0.12322147935628891,0.8693181872367859,0.6185606122016907
YIL002C,YCR014C,0,-0.25835446,0.12318840622901917,0.8693181872367859,0.6187499761581421
YJL124C,YGL190C,0,-0.25860986,0.12315535545349121,0.8693181872367859,0.6189393997192383
YDR473C,YKR035W-A,0,-0.25972667,0.12312231957912445,0.8693181872367859,0.6191287636756897
YOR071C,YMR182C,0,-0.26029143,0.12308929860591888,0.8693181872367859,0.6193181872367859
YFL038C,YGR175C,0,-0.26080936,0.12305629998445511,0.8693181872367859,0.6195075511932373
YLR113W,YPL112C,0,-0.26106957,0.12302331626415253,0.8693181872367859,0.6196969747543335
YLR005W,YJL214W,0,-0.26176727,0.12299035489559174,0.8693181872367859,0.6198863387107849
YPR189W,YFL066C,0,-0.26406333,0.12295740842819214,0.8693181872367859,0.6200757622718811
YOL010W,YPR133W-A,0,-0.26424342,0.12292447686195374,0.8693181872367859,0.6202651262283325
YDL208W,YCR002C,0,-0.2660315,0.12289156764745712,0.8693181872367859,0.6204545497894287
YBL028C,YEL070W,0,-0.26658946,0.1228586733341217,0.8693181872367859,0.6206439137458801
YIL128W,YOR232W,0,-0.2668403,0.12282579392194748,0.8693181872367859,0.6208333373069763
YGR288W,YCL034W,0,-0.26687422,0.12279293686151505,0.8693181872367859,0.6210227012634277
YJR070C,YML097C,0,-0.26762205,0.1227600947022438,0.8693181872367859,0.6212121248245239
YDR205W,YER168C,0,-0.26880762,0.12272727489471436,0.8693181872367859,0.6214014887809753
YDR310C,YBR187W,0,-0.26893505,0.1226944699883461,0.8693181872367859,0.6215909123420715
YKL074C,YIL047C,0,-0.26951894,0.12266167998313904,0.8693181872367859,0.621780276298523
YGL083W,YOR340C,0,-0.26973465,0.12262890487909317,0.8693181872367859,0.6219696998596191
YGR246C,YLR209C,0,-0.27076003,0.12259615212678909,0.8693181872367859,0.6221590638160706
YCL008C,YIR018W,0,-0.2708172,0.12256341427564621,0.8693181872367859,0.6223484873771667
YDR285W,YAL029C,0,-0.27121964,0.12253069877624512,0.8693181872367859,0.6225378513336182
YNL044W,YDR138W,0,-0.27184787,0.12249799817800522,0.8693181872367859,0.6227272748947144
YMR169C,YLR107W,0,-0.27248544,0.12246531248092651,0.8693181872367859,0.6229166388511658
YDR451C,YDL128W,0,-0.27426627,0.1224326491355896,0.8693181872367859,0.623106062412262
YGL094C,YLR329W,0,-0.27461043,0.12240000069141388,0.8693181872367859,0.6232954263687134
YMR039C,YCL014W,0,-0.27563858,0.12236736714839935,0.8693181872367859,0.6234848499298096
YDR460W,YMR227C,0,-0.27668336,0.12233475595712662,0.8693181872367859,0.623674213886261
YGL186C,YDL047W,0,-0.2768877,0.12230215966701508,0.8693181872367859,0.6238636374473572
YPR144C,YMR272C,0,-0.27723038,0.12226957827806473,0.8693181872367859,0.6240530014038086
YJR127C,YPL065W,0,-0.27763987,0.12223701924085617,0.8693181872367859,0.6242424249649048
YHR047C,YNL070W,0,-0.27778193,0.12220447510480881,0.8693181872367859,0.6244317889213562
YDR034C,YJL134W,0,-0.27801895,0.12217194586992264,0.8693181872367859,0.6246212124824524
YDR172W,YGL225W,0,-0.27838126,0.12213943898677826,0.8693181872367859,0.6248105764389038
YPL151C,YIL061C,0,-0.2783815,0.12210694700479507,0.8693181872367859,0.625
YDL028C,YDR470C,0,-0.27864134,0.12207446992397308,0.8693181872367859,0.6251894235610962
YER151C,YNL016W,0,-0.2792676,0.12204200774431229,0.8693181872367859,0.6253787875175476
YJL034W,YOR194C,0,-0.27946422,0.12200956791639328,0.8693181872367859,0.6255682110786438
YJL114W,YCR002C,0,-0.28006646,0.12197714298963547,0.8693181872367859,0.6257575750350952
YMR039C,YKR044W,0,-0.28077698,0.12194474041461945,0.8693181872367859,0.6259469985961914
YBR074W,YOR008C,0,-0.28220788,0.12191235274076462,0.8693181872367859,0.6261363625526428
YPL078C,YER052C,0,-0.282287,0.12187997996807098,0.8693181872367859,0.626325786113739
YDR067C,YDR415C,0,-0.28269824,0.12184762209653854,0.8693181872367859,0.6265151500701904
YNL258C,YBL089W,0,-0.2827497,0.1218152865767479,0.8693181872367859,0.6267045736312866
YER185W,YLR141W,0,-0.28309122,0.12178296595811844,0.8693181872367859,0.626893937587738
YML049C,YNR060W,0,-0.2834212,0.12175066024065018,0.8693181872367859,0.6270833611488342
YNL073W,YGR229C,0,-0.28354177,0.1217183768749237,0.8693181872367859,0.6272727251052856
YDR512C,YDL061C,0,-0.28368834,0.12168610841035843,0.8693181872367859,0.6274621486663818
YKR071C,YFR018C,0,-0.2847946,0.12165385484695435,0.8693181872367859,0.6276515126228333
YDL107W,YJL178C,0,-0.28484353,0.12162162363529205,0.8693181872367859,0.6278409361839294
YOR304C-A,YMR054W,0,-0.28512228,0.12158940732479095,0.8693181872367859,0.6280303001403809
YDL198C,YGR089W,0,-0.28512403,0.12155720591545105,0.8693181872367859,0.628219723701477
YGR252W,YBR223C,0,-0.28607973,0.12152501940727234,0.8693181872367859,0.6284090876579285
YNL273W,YOR085W,0,-0.28614566,0.12149285525083542,0.8693181872367859,0.6285985112190247
YBR238C,YLR164W,1,-0.2864589,0.12172532081604004,0.8712121248245239,0.6285985112190247
YDR072C,YBR287W,0,-0.28731647,0.12169311940670013,0.8712121248245239,0.6287878751754761
YPL050C,YMR075W,0,-0.28769732,0.12166093289852142,0.8712121248245239,0.6289772987365723
YGL225W,YMR301C,0,-0.28819194,0.1216287687420845,0.8712121248245239,0.6291666626930237
YJR034W,YPR152C,0,-0.28908262,0.12159661948680878,0.8712121248245239,0.6293560862541199
YER175C,YJL155C,0,-0.2891747,0.12156448513269424,0.8712121248245239,0.6295454502105713
YMR172W,YLR251W,0,-0.28958246,0.1215323656797409,0.8712121248245239,0.6297348737716675
YOR126C,YMR273C,0,-0.28974673,0.12150026112794876,0.8712121248245239,0.6299242377281189
YKR057W,YDR240C,0,-0.2908187,0.12146817892789841,0.8712121248245239,0.6301136612892151
YOL112W,YKL203C,0,-0.2910044,0.12143611162900925,0.8712121248245239,0.6303030252456665
YHR030C,YLR344W,0,-0.2924566,0.12140406668186188,0.8712121248245239,0.6304924488067627
YNR013C,YNR002C,0,-0.29374072,0.1213720291852951,0.8712121248245239,0.6306818127632141
YAR035W,YDL040C,0,-0.29420105,0.12134001404047012,0.8712121248245239,0.6308712363243103
YPR171W,YJL134W,0,-0.2950572,0.12130801379680634,0.8712121248245239,0.6310606002807617
YHR002W,YDR226W,0,-0.2951751,0.12127603590488434,0.8712121248245239,0.6312500238418579
YML099C,YGL259W,0,-0.29529753,0.12124407291412354,0.8712121248245239,0.6314393877983093
YOL165C,YGR252W,0,-0.29578358,0.12121212482452393,0.8712121248245239,0.6316288113594055
YJR092W,YGR020C,0,-0.29691553,0.12118019163608551,0.8712121248245239,0.6318181753158569
YIL140W,YBL089W,0,-0.29728845,0.12114827334880829,0.8712121248245239,0.6320075988769531
YNL223W,YMR180C,0,-0.29773816,0.12111637741327286,0.8712121248245239,0.6321969628334045
YMR179W,YDR229W,0,-0.29775634,0.12108449637889862,0.8712121248245239,0.6323863863945007
YPL011C,YGL019W,0,-0.29827634,0.12105263024568558,0.8712121248245239,0.6325757503509521
YER150W,YLR197W,0,-0.29878733,0.12102078646421432,0.8712121248245239,0.6327651739120483
YCR093W,YLR024C,0,-0.299112,0.12098895013332367,0.8712121248245239,0.6329545378684998
YGL170C,YFL048C,0,-0.29983547,0.1209571361541748,0.8712121248245239,0.633143961429596
YGL220W,YJL149W,0,-0.3001996,0.12092534452676773,0.8712121248245239,0.6333333253860474
YPR006C,YOR294W,0,-0.30094337,0.12089356034994125,0.8712121248245239,0.6335227489471436
YML097C,YPL104W,0,-0.30171165,0.12086179852485657,0.8712121248245239,0.633712112903595
YJR057W,YGR246C,0,-0.30217502,0.12083005160093307,0.8712121248245239,0.6339015364646912
YDL045W-A,YPR200C,0,-0.30237454,0.12079831957817078,0.8712121248245239,0.6340909004211426
YDL061C,YMR034C,0,-0.30248454,0.12076660245656967,0.8712121248245239,0.6342803239822388
YBR274W,YNL238W,0,-0.3028352,0.12073490768671036,0.8712121248245239,0.6344696879386902
YPL064C,YLL040C,0,-0.30310923,0.12070322781801224,0.8712121248245239,0.6346591114997864
YJL194W,YJR133W,0,-0.30403304,0.12067156285047531,0.8712121248245239,0.6348484754562378
YGL241W,YCR052W,0,-0.3041775,0.12063991278409958,0.8712121248245239,0.635037899017334
YJR004C,YGR246C,0,-0.30501115,0.12060828506946564,0.8712121248245239,0.6352272629737854
YHR211W,YML058W-A,0,-0.30760905,0.12057667225599289,0.8712121248245239,0.6354166865348816
YNL079C,YNL016W,0,-0.3080133,0.12054507434368134,0.8712121248245239,0.635606050491333
YKL126W,YOR099W,0,-0.30825958,0.12051349133253098,0.8712121248245239,0.6357954740524292
YGR221C,YGR177C,0,-0.30844003,0.1204819306731224,0.8712121248245239,0.6359848380088806
YDR072C,YIL021W,0,-0.30850044,0.12045037746429443,0.8712121248245239,0.6361742615699768
YDR337W,YKR026C,0,-0.3088844,0.12041884660720825,0.8712121248245239,0.6363636255264282
YLR206W,YHR082C,0,-0.31097874,0.12038733065128326,0.8712121248245239,0.6365530490875244
YJR010W,YGL200C,0,-0.31258136,0.12035583704710007,0.8712121248245239,0.6367424130439758
YNL016W,YER190W,0,-0.3128018,0.12032435089349747,0.8712121248245239,0.636931836605072
YGR216C,YOR008C,0,-0.31285694,0.12029288709163666,0.8712121248245239,0.6371212005615234
YGR143W,YDR444W,0,-0.31294316,0.12026143819093704,0.8712121248245239,0.6373106241226196
YMR115W,YFL013C,0,-0.31334567,0.12023000419139862,0.8712121248245239,0.637499988079071
YPL112C,YDL035C,0,-0.3143033,0.12019859254360199,0.8712121248245239,0.6376894116401672
YKL190W,YJL176C,0,-0.3145868,0.12016718834638596,0.8712121248245239,0.6378787755966187
YJR149W,YPL050C,0,-0.31581235,0.12013580650091171,0.8712121248245239,0.6380681991577148
YIR018W,YJL082W,0,-0.31649822,0.12010443955659866,0.8712121248245239,0.6382575631141663
YLR103C,YPL027W,0,-0.31750458,0.12007308751344681,0.8712121248245239,0.6384469866752625
YMR269W,YDR306C,0,-0.31803706,0.12004175037145615,0.8712121248245239,0.6386363506317139
YML112W,YLR024C,0,-0.31895342,0.12001043558120728,0.8712121248245239,0.6388257741928101
YGR010W,YNL223W,0,-0.31897396,0.1199791356921196,0.8712121248245239,0.6390151381492615
YIL135C,YGL004C,0,-0.3192552,0.11994785070419312,0.8712121248245239,0.6392045617103577
YKR055W,YOR311C,0,-0.32052502,0.11991658061742783,0.8712121248245239,0.6393939256668091
YLR025W,YKL175W,0,-0.32124573,0.11988532543182373,0.8712121248245239,0.6395833492279053
YDR059C,YOL158C,0,-0.3218374,0.11985409259796143,0.8712121248245239,0.6397727131843567
YKR071C,YJR107W,0,-0.32228094,0.11982286721467972,0.8712121248245239,0.6399621367454529
YKL038W,YLR145W,0,-0.32231638,0.1197916641831398,0.8712121248245239,0.6401515007019043
YBR111W-A,YOR279C,0,-0.32358757,0.11976047605276108,0.8712121248245239,0.6403409242630005
YER049W,YML039W,0,-0.32380536,0.11972931027412415,0.8712121248245239,0.6405302882194519
YJL081C,YDR226W,0,-0.32396993,0.11969815194606781,0.8712121248245239,0.6407197117805481
YNL084C,YJL004C,0,-0.32447907,0.11966701596975327,0.8712121248245239,0.6409090757369995
YBR222C,YMR308C,0,-0.3261722,0.11963588744401932,0.8712121248245239,0.6410984992980957
YOR279C,YPR160W,0,-0.32654545,0.11960478127002716,0.8712121248245239,0.6412878632545471
YBR195C,YJL053W,0,-0.32691178,0.1195736974477768,0.8712121248245239,0.6414772868156433
YOL165C,YDR304C,0,-0.3272844,0.11954262107610703,0.8712121248245239,0.6416666507720947
YMR238W,YPR163C,0,-0.3273259,0.11951155960559845,0.8712121248245239,0.6418560743331909
YGL010W,YGR214W,0,-0.328087,0.11948052048683167,0.8712121248245239,0.6420454382896423
YOR206W,YMR218C,0,-0.32853732,0.11944949626922607,0.8712121248245239,0.6422348618507385
YMR169C,YDL215C,0,-0.32938567,0.11941848695278168,0.8712121248245239,0.6424242258071899
YMR019W,YHR039C-A,0,-0.32985485,0.11938749253749847,0.8712121248245239,0.6426136493682861
YOL124C,YGR072W,0,-0.3302986,0.11935651302337646,0.8712121248245239,0.6428030133247375
YOR297C,YBR243C,1,-0.3303539,0.11958495527505875,0.873106062412262,0.6428030133247375
YGL244W,YKL182W,0,-0.3303832,0.11955393850803375,0.873106062412262,0.6429924368858337
YMR019W,YPR111W,0,-0.3307739,0.11952294409275055,0.873106062412262,0.6431818008422852
YMR054W,YJL024C,0,-0.33084768,0.11949196457862854,0.873106062412262,0.6433712244033813
YDR205W,YDR062W,0,-0.33096644,0.11946099996566772,0.873106062412262,0.6435605883598328
YNL102W,YGR225W,0,-0.33155677,0.1194300502538681,0.873106062412262,0.643750011920929
YMR172W,YKL203C,0,-0.33201227,0.11939912289381027,0.873106062412262,0.6439393758773804
YPL104W,YDR207C,0,-0.33243886,0.11936820298433304,0.873106062412262,0.6441287994384766
YIL002C,YDR527W,0,-0.33300206,0.1193373054265976,0.873106062412262,0.644318163394928
YJL214W,YPL011C,0,-0.33305115,0.11930641531944275,0.873106062412262,0.6445075869560242
YLR353W,YLR285W,0,-0.3330649,0.1192755475640297,0.873106062412262,0.6446969509124756
YPR072W,YFL014W,0,-0.33386937,0.11924469470977783,0.873106062412262,0.6448863744735718
YBR282W,YLR213C,0,-0.3339982,0.11921386420726776,0.873106062412262,0.6450757384300232
YER049W,YNR004W,0,-0.3347816,0.11918304115533829,0.873106062412262,0.6452651619911194
YJL124C,YEL062W,0,-0.33519688,0.11915223300457001,0.873106062412262,0.6454545259475708
YJR119C,YNL284C,0,-0.33584487,0.11912144720554352,0.873106062412262,0.645643949508667
YDL028C,YKR035W-A,0,-0.33687612,0.11909067630767822,0.873106062412262,0.6458333134651184
YER055C,YJL079C,0,-0.337254,0.11905992031097412,0.873106062412262,0.6460227370262146
YDR067C,YHL027W,0,-0.33756313,0.11902917921543121,0.873106062412262,0.646212100982666
YNL107W,YJR133W,0,-0.33775535,0.1189984530210495,0.873106062412262,0.6464015245437622
YPL134C,YJL128C,0,-0.3386442,0.11896774172782898,0.873106062412262,0.6465908885002136
YBR006W,YML099C,0,-0.33927765,0.11893704533576965,0.873106062412262,0.6467803120613098
YJR032W,YPR030W,0,-0.33995804,0.11890637129545212,0.873106062412262,0.6469696760177612
YOL155C,YPR198W,0,-0.34063554,0.11887571215629578,0.873106062412262,0.6471590995788574
YGL014W,YAL031C,0,-0.3413187,0.11884506046772003,0.873106062412262,0.6473484635353088
YGL010W,YLR325C,0,-0.3426427,0.11881443113088608,0.873106062412262,0.647537887096405
YJL194W,YBR095C,0,-0.3433449,0.11878381669521332,0.873106062412262,0.6477272510528564
YEL069C,YER090W,0,-0.3439029,0.11875321716070175,0.873106062412262,0.6479166746139526
YJL011C,YLL040C,0,-0.34508124,0.11872263997793198,0.873106062412262,0.648106038570404
YIL159W,YOL004W,0,-0.345619,0.1186920702457428,0.873106062412262,0.6482954621315002
YMR117C,YGR238C,0,-0.34598807,0.11866151541471481,0.873106062412262,0.6484848260879517
YKR008W,YBL112C,0,-0.34646904,0.11863098293542862,0.873106062412262,0.6486742496490479
YHR030C,YGR214W,0,-0.34650472,0.11860046535730362,0.873106062412262,0.6488636136054993
YNL230C,YDL077C,0,-0.34771737,0.11856995522975922,0.873106062412262,0.6490530371665955
YGL083W,YNL274C,0,-0.34899879,0.1185394674539566,0.873106062412262,0.6492424011230469
YCL024W,YLR386W,0,-0.35015327,0.11850899457931519,0.873106062412262,0.6494318246841431
YNL314W,YCL004W,0,-0.35024965,0.11847853660583496,0.873106062412262,0.6496211886405945
YBR155W,YBL091C-A,0,-0.3506733,0.11844810098409653,0.873106062412262,0.6498106122016907
YDR310C,YPR030W,0,-0.35187805,0.11841767281293869,0.873106062412262,0.6499999761581421
YMR173W,YPL112C,0,-0.35372064,0.11838725954294205,0.873106062412262,0.6501893997192383
YGL226C-A,YHR135C,0,-0.35487652,0.1183568686246872,0.873106062412262,0.6503787636756897
YAL033W,YKR103W,0,-0.35558388,0.11832648515701294,0.873106062412262,0.6505681872367859
YJL200C,YNL052W,1,-0.35558704,0.11855272948741913,0.875,0.6505681872367859
YJR147W,YKL082C,0,-0.35590196,0.11852231621742249,0.875,0.6507575511932373
YDR067C,YKL041W,0,-0.3564561,0.11849191784858704,0.875,0.6509469747543335
YKR103W,YBR170C,0,-0.3571935,0.11846154183149338,0.875,0.6511363387107849
YIR018W,YDR211W,0,-0.35719618,0.11843117326498032,0.875,0.6513257622718811
YGR167W,YGR070W,0,-0.3584403,0.11840081959962845,0.875,0.6515151262283325
YBL011W,YMR137C,0,-0.35951817,0.11837048083543777,0.875,0.6517045497894287
YEL037C,YLR270W,0,-0.35955366,0.11834016442298889,0.875,0.6518939137458801
YNL070W,YNL259C,0,-0.3604144,0.1183098554611206,0.875,0.6520833373069763
YDR072C,YNL304W,0,-0.36058176,0.11827956885099411,0.875,0.6522727012634277
YLR105C,YDR353W,0,-0.36083648,0.11824929714202881,0.875,0.6524621248245239
YOR126C,YKL015W,0,-0.36089388,0.1182190403342247,0.875,0.6526514887809753
YMR025W,YKL074C,0,-0.361064,0.11818879842758179,0.875,0.6528409123420715
YNR031C,YKL175W,0,-0.36134863,0.11815857142210007,0.875,0.653030276298523
YGR145W,YDR109C,0,-0.3623357,0.11812835931777954,0.875,0.6532196998596191
YKR020W,YPL078C,0,-0.36236876,0.11809816211462021,0.875,0.6534090638160706
YDL246C,YLR251W,0,-0.3626947,0.11806797981262207,0.875,0.6535984873771667
YFR013W,YGL062W,0,-0.36280295,0.11803781241178513,0.875,0.6537878513336182
YCR057C,YCL004W,0,-0.3628188,0.11800765991210938,0.875,0.6539772748947144
YGR010W,YMR250W,0,-0.3631134,0.11797752976417542,0.875,0.6541666388511658
YCL018W,YPL208W,0,-0.36345342,0.11794740706682205,0.875,0.654356062412262
YLR005W,YNL302C,0,-0.36381167,0.11791730672121048,0.875,0.6545454263687134
YDL047W,YPL065W,0,-0.36405203,0.1178872138261795,0.875,0.6547348499298096
YLR026C,YER052C,0,-0.3646186,0.11785714328289032,0.875,0.654924213886261
YDR083W,YLR187W,0,-0.36613914,0.11782708764076233,0.875,0.6551136374473572
YLR429W,YGL148W,0,-0.36694503,0.11779703944921494,0.875,0.6553030014038086
YEL012W,YEL037C,0,-0.3670668,0.11776701360940933,0.875,0.6554924249649048
YBR172C,YDL140C,0,-0.36747366,0.11773700267076492,0.875,0.6556817889213562
YGL169W,YFR033C,1,-0.36856863,0.11796178668737411,0.876893937587738,0.6556817889213562
YOL102C,YOR382W,0,-0.3687581,0.11793173849582672,0.876893937587738,0.6558712124824524
YDR527W,YKL180W,0,-0.3694834,0.11790170520544052,0.876893937587738,0.6560605764389038
YGR171C,YBL085W,0,-0.36955014,0.11787168681621552,0.876893937587738,0.65625
YMR319C,YGL183C,0,-0.36977816,0.1178416907787323,0.876893937587738,0.6564394235610962
YMR097C,YGL122C,0,-0.36984113,0.11781170219182968,0.876893937587738,0.6566287875175476
YJL187C,YMR180C,0,-0.3702099,0.11778173595666885,0.876893937587738,0.6568182110786438
YGL200C,YPL139C,0,-0.3706874,0.11775177717208862,0.876893937587738,0.6570075750350952
YGR010W,YOL101C,0,-0.37100777,0.11772184073925018,0.876893937587738,0.6571969985961914
YIL134W,YBL089W,0,-0.37115437,0.11769191920757294,0.876893937587738,0.6573863625526428
YDR205W,YGR089W,0,-0.37165123,0.11766200512647629,0.876893937587738,0.657575786113739
YOR176W,YOR299W,0,-0.37176982,0.11763211339712143,0.876893937587738,0.6577651500701904
YBR042C,YMR213W,0,-0.37251848,0.11760223656892776,0.876893937587738,0.6579545736312866
YGL169W,YPL183W-A,1,-0.37259144,0.11782630532979965,0.8787878751754761,0.6579545736312866
YMR039C,YML028W,0,-0.37559032,0.1177963986992836,0.8787878751754761,0.658143937587738
YDR337W,YLR042C,0,-0.37567902,0.11776649951934814,0.8787878751754761,0.6583333611488342
YBR202W,YPL252C,0,-0.37664023,0.11773661524057388,0.8787878751754761,0.6585227251052856
YLR244C,YMR087W,0,-0.3771505,0.11770674586296082,0.8787878751754761,0.6587121486663818
YML032C,YKL205W,0,-0.37851226,0.11767689883708954,0.8787878751754761,0.6589015126228333
YNL073W,YIL021W,0,-0.37856272,0.11764705926179886,0.8787878751754761,0.6590909361839294
YLL002W,YER175C,0,-0.37897608,0.11761723458766937,0.8787878751754761,0.6592803001403809
YOR025W,YDR062W,0,-0.3790061,0.11758743226528168,0.8787878751754761,0.659469723701477
YOR287C,YFL014W,0,-0.37985143,0.11755763739347458,0.8787878751754761,0.6596590876579285
YFL010W-A,YLR389C,0,-0.38112816,0.11752786487340927,0.8787878751754761,0.6598485112190247
YOR147W,YOR297C,1,-0.38154832,0.11775133013725281,0.8806818127632141,0.6598485112190247
YLL017W,YJR063W,0,-0.38274798,0.11772152036428452,0.8806818127632141,0.6600378751754761
YGL212W,YEL062W,0,-0.38439316,0.11769172549247742,0.8806818127632141,0.6602272987365723
YGR056W,YER008C,0,-0.38462195,0.11766194552183151,0.8806818127632141,0.6604166626930237
YBR275C,YDL227C,0,-0.3850441,0.1176321804523468,0.8806818127632141,0.6606060862541199
YLR395C,YBR243C,1,-0.3858092,0.11785533279180527,0.8825757503509521,0.6606060862541199
YDR499W,YML132W,0,-0.38619122,0.11782553791999817,0.8825757503509521,0.6607954502105713
YOR323C,YDL208W,0,-0.38659182,0.11779575049877167,0.8825757503509521,0.6609848737716675
YLR383W,YBR282W,0,-0.38672897,0.11776598542928696,0.8825757503509521,0.6611742377281189
YKL020C,YMR143W,0,-0.38687402,0.11773622781038284,0.8825757503509521,0.6613636612892151
YGL236C,YLR224W,0,-0.3877829,0.11770649254322052,0.8825757503509521,0.6615530252456665
YOR261C,YGR070W,0,-0.38812205,0.1176767647266388,0.8825757503509521,0.6617424488067627
YPR001W,YBR243C,1,-0.38901275,0.11789952218532562,0.8844696879386902,0.6617424488067627
YGR221C,YDL054C,0,-0.3895188,0.11786976456642151,0.8844696879386902,0.6619318127632141
YKL064W,YGR070W,0,-0.38985828,0.11784002184867859,0.8844696879386902,0.6621212363243103
YOR212W,YLR329W,0,-0.39034134,0.11781029403209686,0.8844696879386902,0.6623106002807617
YCR060W,YHR135C,0,-0.39083335,0.11778058111667633,0.8844696879386902,0.6625000238418579
YIL035C,YIL042C,0,-0.39133772,0.11775088310241699,0.8844696879386902,0.6626893877983093
YBR081C,YGR085C,0,-0.39134875,0.11772119998931885,0.8844696879386902,0.6628788113594055
YNL283C,YOR351C,0,-0.39161608,0.1176915317773819,0.8844696879386902,0.6630681753158569
YAL016W,YDL083C,0,-0.39207718,0.11766187846660614,0.8844696879386902,0.6632575988769531
YIL080W,YOL052C,0,-0.39210856,0.11763224005699158,0.8844696879386902,0.6634469628334045
YKL174C,YPR043W,0,-0.39305058,0.11760261654853821,0.8844696879386902,0.6636363863945007
YLR080W,YER104W,0,-0.39354196,0.11757300794124603,0.8844696879386902,0.6638257503509521
YDL061C,YJL124C,0,-0.3938384,0.11754342168569565,0.8844696879386902,0.6640151739120483
YPR072W,YLR386W,0,-0.39450607,0.11751384288072586,0.8844696879386902,0.6642045378684998
YOR089C,YPR006C,0,-0.39463744,0.11748427897691727,0.8844696879386902,0.664393961429596
YNL102W,YCR052W,0,-0.3948064,0.11745472997426987,0.8844696879386902,0.6645833253860474
YOL129W,YJR005W,0,-0.39552668,0.11742519587278366,0.8844696879386902,0.6647727489471436
YDR499W,YOL038W,0,-0.3958399,0.11739567667245865,0.8844696879386902,0.664962112903595
YML099C,YOL043C,0,-0.39603183,0.11736617237329483,0.8844696879386902,0.6651515364646912
YCL057W,YLR130C,0,-0.398307,0.1173366829752922,0.8844696879386902,0.6653409004211426
YGR177C,YOR327C,0,-0.39992484,0.11730720847845078,0.8844696879386902,0.6655303239822388
YGR271W,YMR159C,0,-0.39993522,0.11727774888277054,0.8844696879386902,0.6657196879386902
YPR200C,YDR508C,0,-0.40059748,0.1172483041882515,0.8844696879386902,0.6659091114997864
YJL085W,YOL151W,0,-0.4009569,0.11721887439489365,0.8844696879386902,0.6660984754562378
YLR028C,YKL085W,1,-0.40277725,0.11744040250778198,0.8863636255264282,0.6660984754562378
YMR168C,YFL066C,0,-0.40331277,0.11741093546152115,0.8863636255264282,0.666287899017334
YJL011C,YLR380W,0,-0.40397194,0.1173814907670021,0.8863636255264282,0.6664772629737854
YBR261C,YGR118W,0,-0.40407607,0.11735205352306366,0.8863636255264282,0.6666666865348816
YPL244C,YKR102W,0,-0.40454882,0.117322638630867,0.8863636255264282,0.666856050491333
YMR065W,YPR043W,0,-0.40456054,0.11729323118925095,0.8863636255264282,0.6670454740524292
YAL022C,YMR218C,0,-0.40520093,0.11726384609937668,0.8863636255264282,0.6672348380088806
YOR283W,YEL053C,0,-0.4060776,0.11723446846008301,0.8863636255264282,0.6674242615699768
YIL006W,YKL165C,0,-0.40727675,0.11720510572195053,0.8863636255264282,0.6676136255264282
YOL054W,YOR351C,0,-0.40734965,0.11717576533555984,0.8863636255264282,0.6678030490875244
YNL304W,YDL070W,0,-0.40761694,0.11714643239974976,0.8863636255264282,0.6679924130439758
YPR072W,YKR068C,0,-0.41057965,0.11711711436510086,0.8863636255264282,0.668181836605072
YLR425W,YER101C,0,-0.4107454,0.11708781868219376,0.8863636255264282,0.6683712005615234
YDL217C,YKL161C,0,-0.41104358,0.11705853044986725,0.8863636255264282,0.6685606241226196
YDL045W-A,YCL024W,0,-0.41121864,0.11702925711870193,0.8863636255264282,0.668749988079071
YLL041C,YBR238C,1,-0.4115859,0.1172500029206276,0.8882575631141663,0.668749988079071
YER074W,YOR353C,0,-0.41227365,0.1172206923365593,0.8882575631141663,0.6689394116401672
YFL033C,YHR156C,0,-0.41302583,0.11719140410423279,0.8882575631141663,0.6691287755966187
YGL158W,YOR340C,0,-0.41322836,0.11716213077306747,0.8882575631141663,0.6693181991577148
YLR025W,YDR404C,0,-0.41374668,0.11713286489248276,0.8882575631141663,0.6695075631141663
YGL122C,YGL030W,0,-0.41409886,0.11710362136363983,0.8882575631141663,0.6696969866752625
YER125W,YGR020C,0,-0.4143536,0.1170743852853775,0.8882575631141663,0.6698863506317139
YDR164C,YNR035C,0,-0.415021,0.11704517155885696,0.8882575631141663,0.6700757741928101
YML097C,YBL091C-A,0,-0.4150477,0.11701596528291702,0.8882575631141663,0.6702651381492615
YGR144W,YMR159C,0,-0.41586882,0.11698678135871887,0.8882575631141663,0.6704545617103577
YIL170W,YMR075W,0,-0.41608608,0.11695760488510132,0.8882575631141663,0.6706439256668091
YGR010W,YPL087W,0,-0.41618702,0.11692844331264496,0.8882575631141663,0.6708333492279053
YHR056C,YDR137W,0,-0.41618833,0.11689930409193039,0.8882575631141663,0.6710227131843567
YOL045W,YHR057C,0,-0.4166284,0.11687017232179642,0.8882575631141663,0.6712121367454529
YDL036C,YDR470C,0,-0.41728774,0.11684105545282364,0.8882575631141663,0.6714015007019043
YER154W,YEL053C,0,-0.41821605,0.11681195348501205,0.8882575631141663,0.6715909242630005
YJL140W,YMR090W,0,-0.41828105,0.11678286641836166,0.8882575631141663,0.6717802882194519
YJL187C,YNL032W,0,-0.41910428,0.11675379425287247,0.8882575631141663,0.6719697117805481
YOR147W,YBR238C,1,-0.41979653,0.11697361618280411,0.8901515007019043,0.6719697117805481
YFL048C,YMR159C,0,-0.42080536,0.11694451421499252,0.8901515007019043,0.6721590757369995
YDR389W,YDL216C,0,-0.42155412,0.11691541969776154,0.8901515007019043,0.6723484992980957
YFR013W,YCL032W,0,-0.42314726,0.11688634753227234,0.8901515007019043,0.6725378632545471
YBR183W,YDR473C,0,-0.4232178,0.11685728281736374,0.8901515007019043,0.6727272868156433
YMR180C,YGL259W,0,-0.4238083,0.11682824045419693,0.8901515007019043,0.6729166507720947
YHR061C,YKL166C,0,-0.42391917,0.11679920554161072,0.8901515007019043,0.6731060743331909
YJL103C,YBR238C,1,-0.4244627,0.11701863259077072,0.8920454382896423,0.6731060743331909
YOR106W,YDR498C,0,-0.42490366,0.11698956787586212,0.8920454382896423,0.6732954382896423
YBR202W,YHR058C,0,-0.42579636,0.11696051806211472,0.8920454382896423,0.6734848618507385
YKL174C,YKR069W,0,-0.42635015,0.1169314831495285,0.8920454382896423,0.6736742258071899
YOR147W,YOR355W,1,-0.42706978,0.11715065687894821,0.8939393758773804,0.6736742258071899
YLR264W,YML039W,0,-0.4271622,0.11712158471345901,0.8939393758773804,0.6738636493682861
YDR170C,YOL028C,0,-0.42722622,0.11709253489971161,0.8939393758773804,0.6740530133247375
YNL309W,YFL023W,0,-0.42802703,0.1170634925365448,0.8939393758773804,0.6742424368858337
YJL066C,YNL102W,0,-0.4284666,0.11703446507453918,0.8939393758773804,0.6744318008422852
YDL028C,YGR118W,0,-0.42895612,0.11700545251369476,0.8939393758773804,0.6746212244033813
YJL200C,YKR006C,1,-0.42949405,0.11722429096698761,0.8958333134651184,0.6746212244033813
YJR127C,YIL021W,0,-0.42971,0.1171952411532402,0.8958333134651184,0.6748105883598328
YJL128C,YEL029C,0,-0.42992035,0.11716621369123459,0.8958333134651184,0.675000011920929
YDL215C,YGL190C,0,-0.43045938,0.11713719367980957,0.8958333134651184,0.6751893758773804
YGR282C,YNL107W,0,-0.43140063,0.11710819602012634,0.8958333134651184,0.6753787994384766
YCL024W,YOL104C,0,-0.4323459,0.11707920581102371,0.8958333134651184,0.675568163394928
YGL169W,YKR006C,1,-0.43265066,0.1172977015376091,0.8977272510528564,0.675568163394928
YOR301W,YLL034C,0,-0.433017,0.11726868152618408,0.8977272510528564,0.6757575869560242
YJL082W,YER104W,0,-0.4337938,0.11723967641592026,0.8977272510528564,0.6759469509124756
YMR173W,YGR185C,0,-0.43449417,0.11721068620681763,0.8977272510528564,0.6761363744735718
YMR090W,YOR313C,0,-0.43467364,0.1171817034482956,0.8977272510528564,0.6763257384300232
YIR018W,YBR010W,0,-0.43517706,0.11715274304151535,0.8977272510528564,0.6765151619911194
YGR285C,YHL034C,0,-0.43547115,0.1171237975358963,0.8977272510528564,0.6767045259475708
YKR008W,YPL208W,0,-0.43613324,0.11709485948085785,0.8977272510528564,0.676893949508667
YEL029C,YCR012W,0,-0.4373518,0.11706594377756119,0.8977272510528564,0.6770833134651184
YPR162C,YJR034W,0,-0.43755284,0.11703703552484512,0.8977272510528564,0.6772727370262146
YDR082W,YPL163C,0,-0.4377243,0.11700814962387085,0.8977272510528564,0.677462100982666
YLR291C,YLL017W,0,-0.43832466,0.11697927117347717,0.8977272510528564,0.6776515245437622
YMR077C,YKR066C,0,-0.43866447,0.11695040762424469,0.8977272510528564,0.6778408885002136
YGL200C,YMR038C,0,-0.43876475,0.1169215589761734,0.8977272510528564,0.6780303120613098
YPL027W,YDR404C,0,-0.43987134,0.1168927252292633,0.8977272510528564,0.6782196760177612
YKR066C,YOL053C-A,0,-0.44009796,0.1168639063835144,0.8977272510528564,0.6784090995788574
YJL141C,YDR140W,0,-0.4424211,0.1168351024389267,0.8977272510528564,0.6785984635353088
YDR137W,YFR021W,0,-0.44306135,0.11680630594491959,0.8977272510528564,0.678787887096405
YOR147W,YJL200C,1,-0.44307458,0.11702390015125275,0.8996211886405945,0.678787887096405
YLR314C,YER055C,0,-0.44311187,0.11699507385492325,0.8996211886405945,0.6789772510528564
YHR174W,YKL175W,0,-0.44316,0.11696626245975494,0.8996211886405945,0.6791666746139526
YBR093C,YIL048W,0,-0.44354203,0.11693746596574783,0.8996211886405945,0.679356038570404
YDL133C-A,YDR083W,0,-0.4442122,0.11690869182348251,0.8996211886405945,0.6795454621315002
YOL086C,YMR077C,0,-0.444297,0.1168799176812172,0.8996211886405945,0.6797348260879517
YNL231C,YGL050W,0,-0.4450795,0.11685116589069366,0.8996211886405945,0.6799242496490479
YDL021W,YGL241W,0,-0.44540238,0.11682242900133133,0.8996211886405945,0.6801136136054993
YOL104C,YML132W,0,-0.4455901,0.11679370701313019,0.8996211886405945,0.6803030371665955
YKL009W,YPR080W,0,-0.44562927,0.11676499247550964,0.8996211886405945,0.6804924011230469
YGL170C,YNL284C,0,-0.44581458,0.11673630028963089,0.8996211886405945,0.6806818246841431
YPR035W,YNR057C,0,-0.44619378,0.11670761555433273,0.8996211886405945,0.6808711886405945
YPL096W,YDL045C,0,-0.4473845,0.11667894572019577,0.8996211886405945,0.6810606122016907
YOL124C,YDL040C,0,-0.447965,0.1166502982378006,0.8996211886405945,0.6812499761581421
YHR002W,YBL085W,0,-0.44814846,0.11662165820598602,0.8996211886405945,0.6814393997192383
YDR211W,YOR025W,0,-0.44857416,0.11659302562475204,0.8996211886405945,0.6816287636756897
YOR168W,YLR213C,0,-0.44861415,0.11656441539525986,0.8996211886405945,0.6818181872367859
YHR132C,YOR353C,0,-0.4490022,0.11653582006692886,0.8996211886405945,0.6820075511932373
YLL041C,YJL200C,1,-0.44911936,0.1167525127530098,0.9015151262283325,0.6820075511932373
YNR074C,YOL142W,0,-0.449802,0.11672388762235641,0.9015151262283325,0.6821969747543335
YDL036C,YMR169C,0,-0.44983253,0.11669526994228363,0.9015151262283325,0.6823863387107849
YGR222W,YCL052C,0,-0.45124242,0.11666666716337204,0.9015151262283325,0.6825757622718811
YOR074C,YGL026C,0,-0.4513074,0.11663807928562164,0.9015151262283325,0.6827651262283325
YLR383W,YGR199W,0,-0.45201445,0.11660950630903244,0.9015151262283325,0.6829545497894287
YAR002C-A,YHR041C,0,-0.4520147,0.11658094823360443,0.9015151262283325,0.6831439137458801
YOL112W,YBR145W,0,-0.45217368,0.11655239760875702,0.9015151262283325,0.6833333373069763
YDR460W,YCR014C,0,-0.45349985,0.1165238693356514,0.9015151262283325,0.6835227012634277
YFR036W,YMR210W,0,-0.45488048,0.11649534851312637,0.9015151262283325,0.6837121248245239
YJR005W,YKR020W,0,-0.45574614,0.11646684259176254,0.9015151262283325,0.6839014887809753
YDL133C-A,YKR066C,0,-0.45606878,0.1164383590221405,0.9015151262283325,0.6840909123420715
YDR211W,YDL015C,0,-0.4568798,0.11640988290309906,0.9015151262283325,0.684280276298523
YKR008W,YBL091C-A,0,-0.45740005,0.11638142168521881,0.9015151262283325,0.6844696998596191
YOR304C-A,YDR497C,0,-0.4575331,0.11635296791791916,0.9015151262283325,0.6846590638160706
YLR270W,YIL047C,0,-0.45759937,0.1163245365023613,0.9015151262283325,0.6848484873771667
YGL083W,YBR182C,0,-0.45821604,0.11629611253738403,0.9015151262283325,0.6850378513336182
YJR107W,YCL008C,0,-0.4588316,0.11626771092414856,0.9015151262283325,0.6852272748947144
YDR082W,YBR020W,0,-0.4593394,0.11623931676149368,0.9015151262283325,0.6854166388511658
YOL155C,YNL080C,0,-0.46016917,0.1162109375,0.9015151262283325,0.685606062412262
YMR193W,YNL080C,0,-0.46029267,0.11618257313966751,0.9015151262283325,0.6857954263687134
YPL213W,YOR230W,0,-0.46037182,0.11615422368049622,0.9015151262283325,0.6859848499298096
YGR179C,YNL138W,0,-0.46066177,0.11612588167190552,0.9015151262283325,0.686174213886261
YOR145C,YHR135C,0,-0.46094027,0.11609756201505661,0.9015151262283325,0.6863636374473572
YPL223C,YGR179C,0,-0.46125063,0.1160692498087883,0.9015151262283325,0.6865530014038086
YHR179W,YKL206C,0,-0.46151707,0.11604095250368118,0.9015151262283325,0.6867424249649048
YKL061W,YJL095W,0,-0.4615655,0.11601267009973526,0.9015151262283325,0.6869317889213562
YER014C-A,YLR329W,0,-0.46184316,0.11598440259695053,0.9015151262283325,0.6871212124824524
YPR043W,YDR109C,0,-0.46263492,0.115956149995327,0.9015151262283325,0.6873105764389038
YBL041W,YKL015W,0,-0.4632021,0.11592791229486465,0.9015151262283325,0.6875
YPL064C,YJL024C,0,-0.4634545,0.11589968204498291,0.9015151262283325,0.6876894235610962
YNL127W,YHR039C-A,0,-0.46359298,0.11587146669626236,0.9015151262283325,0.6878787875175476
YDL121C,YGL014W,0,-0.46493527,0.1158432736992836,0.9015151262283325,0.6880682110786438
YPL223C,YKR028W,0,-0.46493888,0.11581508815288544,0.9015151262283325,0.6882575750350952
YLR130C,YJL149W,0,-0.46614426,0.11578691005706787,0.9015151262283325,0.6884469985961914
YMR078C,YLR026C,0,-0.46625814,0.1157587543129921,0.9015151262283325,0.6886363625526428
YML071C,YDR151C,0,-0.46676123,0.11573061347007751,0.9015151262283325,0.688825786113739
YIL020C,YPL274W,0,-0.46698245,0.11570248007774353,0.9015151262283325,0.6890151500701904
YJL200C,YMR267W,1,-0.4672837,0.1159173771739006,0.9034090638160706,0.6890151500701904
YNR031C,YDR254W,0,-0.4672866,0.11588921397924423,0.9034090638160706,0.6892045736312866
YAL033W,YJL128C,0,-0.46810892,0.11586106568574905,0.9034090638160706,0.689393937587738
YNL026W,YMR270C,0,-0.46903947,0.11583293229341507,0.9034090638160706,0.6895833611488342
YDR082W,YGR281W,0,-0.46910265,0.11580480635166168,0.9034090638160706,0.6897727251052856
YBR020W,YOL038W,0,-0.46935728,0.11577669531106949,0.9034090638160706,0.6899621486663818
YOR243C,YFR045W,0,-0.4695517,0.11574860662221909,0.9034090638160706,0.6901515126228333
YMR115W,YGR222W,0,-0.46982172,0.11572052538394928,0.9034090638160706,0.6903409361839294
YGR056W,YLR285W,0,-0.47019777,0.11569245904684067,0.9034090638160706,0.6905303001403809
YCL008C,YEL030W,0,-0.4711968,0.11566440016031265,0.9034090638160706,0.690719723701477
YDR263C,YDR072C,0,-0.47291154,0.11563636362552643,0.9034090638160706,0.6909090876579285
YGR258C,YGL163C,0,-0.47320482,0.1156083345413208,0.9034090638160706,0.6910985112190247
YFR001W,YDR109C,0,-0.4757609,0.11558032780885696,0.9034090638160706,0.6912878751754761
YML112W,YLR268W,0,-0.47578946,0.11555232852697372,0.9034090638160706,0.6914772987365723
YJR147W,YCL032W,0,-0.47617754,0.11552433669567108,0.9034090638160706,0.6916666626930237
YDL128W,YOR294W,0,-0.47633955,0.11549636721611023,0.9034090638160706,0.6918560862541199
YPR072W,YNL006W,0,-0.4780609,0.11546841263771057,0.9034090638160706,0.6920454502105713
YFR045W,YDR472W,0,-0.47929886,0.11544046550989151,0.9034090638160706,0.6922348737716675
YMR013C,YBR067C,0,-0.47957972,0.11541253328323364,0.9034090638160706,0.6924242377281189
YOL102C,YPL259C,0,-0.47963485,0.11538461595773697,0.9034090638160706,0.6926136612892151
YDR254W,YIL046W,0,-0.48174354,0.11535671353340149,0.9034090638160706,0.6928030252456665
YGR238C,YDR494W,0,-0.48190168,0.1153288185596466,0.9034090638160706,0.6929924488067627
YDR351W,YLR219W,0,-0.4821585,0.11530094593763351,0.9034090638160706,0.6931818127632141
YGR167W,YPR171W,0,-0.4822705,0.11527308076620102,0.9034090638160706,0.6933712363243103
YJL029C,YGR229C,0,-0.4827871,0.11524523049592972,0.9034090638160706,0.6935606002807617
YDL107W,YKL001C,0,-0.48311558,0.11521738767623901,0.9034090638160706,0.6937500238418579
YPR200C,YNL298W,0,-0.48351648,0.1151895672082901,0.9034090638160706,0.6939393877983093
YDR030C,YLR389C,0,-0.48371848,0.11516175419092178,0.9034090638160706,0.6941288113594055
YDR383C,YLR047C,0,-0.4846413,0.11513396352529526,0.9034090638160706,0.6943181753158569
YDL059C,YCR046C,0,-0.48611507,0.11510618031024933,0.9034090638160706,0.6945075988769531
YMR269W,YKR068C,0,-0.48774543,0.115078404545784,0.9034090638160706,0.6946969628334045
YKL117W,YNR013C,0,-0.4877811,0.11505065113306046,0.9034090638160706,0.6948863863945007
YDR067C,YDR494W,0,-0.48846644,0.11502290517091751,0.9034090638160706,0.6950757503509521
YDR174W,YDR260C,0,-0.4884972,0.11499518156051636,0.9034090638160706,0.6952651739120483
YJL112W,YIL135C,0,-0.48864463,0.1149674654006958,0.9034090638160706,0.6954545378684998
YGL169W,YOR355W,1,-0.48884842,0.11518072336912155,0.9053030014038086,0.6954545378684998
YLR187W,YER090W,0,-0.48923996,0.11515297740697861,0.9053030014038086,0.695643961429596
YDL083C,YGL190C,0,-0.48978922,0.11512523889541626,0.9053030014038086,0.6958333253860474
YLR359W,YJL081C,0,-0.49122226,0.1150975227355957,0.9053030014038086,0.6960227489471436
YCL025C,YDL148C,0,-0.4917846,0.11506981402635574,0.9053030014038086,0.696212112903595
YDR492W,YPR171W,0,-0.49202102,0.11504212021827698,0.9053030014038086,0.6964015364646912
YKL203C,YAL039C,0,-0.49217308,0.11501443386077881,0.9053030014038086,0.6965909004211426
YER008C,YGR255C,0,-0.49217707,0.11498676985502243,0.9053030014038086,0.6967803239822388
YPL213W,YER162C,0,-0.49239603,0.11495911329984665,0.9053030014038086,0.6969696879386902
YLR289W,YGL200C,0,-0.4927158,0.11493147164583206,0.9053030014038086,0.6971591114997864
YNL085W,YOR232W,0,-0.49281454,0.11490384489297867,0.9053030014038086,0.6973484754562378
YDR034C,YER162C,0,-0.4930447,0.11487623304128647,0.9053030014038086,0.697537899017334
YMR146C,YNL314W,0,-0.49350742,0.11484862864017487,0.9053030014038086,0.6977272629737854
YIL142W,YNR017W,0,-0.4949068,0.11482103914022446,0.9053030014038086,0.6979166865348816
YLR005W,YLR309C,0,-0.49751416,0.11479346454143524,0.9053030014038086,0.698106050491333
YJR070C,YER137C,0,-0.49775875,0.11476590484380722,0.9053030014038086,0.6982954740524292
YEL030W,YPR198W,0,-0.49791506,0.1147383600473404,0.9053030014038086,0.6984848380088806
YOL142W,YJL029C,0,-0.49895355,0.11471082270145416,0.9053030014038086,0.6986742615699768
YGL163C,YNL259C,0,-0.49970505,0.11468330025672913,0.9053030014038086,0.6988636255264282
YPL050C,YCR012W,0,-0.49986297,0.11465579271316528,0.9053030014038086,0.6990530490875244
YOR261C,YDL225W,0,-0.5011061,0.11462830007076263,0.9053030014038086,0.6992424130439758
YOL066C,YMR020W,0,-0.5012498,0.11460081487894058,0.9053030014038086,0.699431836605072
YGR036C,YOR327C,0,-0.50212467,0.11457334458827972,0.9053030014038086,0.6996212005615234
YOR323C,YCL008C,0,-0.5036911,0.11454588919878006,0.9053030014038086,0.6998106241226196
YJR119C,YMR203W,0,-0.50401187,0.11451844871044159,0.9053030014038086,0.699999988079071
YLL017W,YOR294W,0,-0.50432014,0.11449101567268372,0.9053030014038086,0.7001894116401672
YDR415C,YKL124W,0,-0.5047027,0.11446360498666763,0.9053030014038086,0.7003787755966187
YDR454C,YML052W,0,-0.50584567,0.11443620175123215,0.9053030014038086,0.7005681991577148
YLR389C,YEL029C,0,-0.5059015,0.11440880596637726,0.9053030014038086,0.7007575631141663
YIL076W,YDL225W,0,-0.5078399,0.11438143253326416,0.9053030014038086,0.7009469866752625
YMR182C,YGL183C,0,-0.50876564,0.11435406655073166,0.9053030014038086,0.7011363506317139
YBR155W,YNL302C,0,-0.50897604,0.11432671546936035,0.9053030014038086,0.7013257741928101
YNL110C,YOL107W,0,-0.5095189,0.11429937928915024,0.9053030014038086,0.7015151381492615
YLR314C,YOR378W,0,-0.51068836,0.11427205055952072,0.9053030014038086,0.7017045617103577
YBR195C,YBL085W,0,-0.5109255,0.114244744181633,0.9053030014038086,0.7018939256668091
YOR323C,YEL043W,0,-0.51116097,0.11421744525432587,0.9053030014038086,0.7020833492279053
YMR097C,YHR058C,0,-0.51132727,0.11419016122817993,0.9053030014038086,0.7022727131843567
YER117W,YDR306C,0,-0.51135784,0.1141628846526146,0.9053030014038086,0.7024621367454529
YNR057C,YFL021W,0,-0.51138425,0.11413562297821045,0.9053030014038086,0.7026515007019043
YEL036C,YIL140W,0,-0.5114493,0.1141083762049675,0.9053030014038086,0.7028409242630005
YDR226W,YML109W,0,-0.51218057,0.11408114433288574,0.9053030014038086,0.7030302882194519
YOL102C,YGL233W,0,-0.51250273,0.11405392736196518,0.9053030014038086,0.7032197117805481
YHR004C,YCR002C,0,-0.5129136,0.11402671784162521,0.9053030014038086,0.7034090757369995
YOR297C,YJL200C,1,-0.51310873,0.11423801630735397,0.9071969985961914,0.7034090757369995
YER074W,YCL052C,0,-0.51330507,0.11421077698469162,0.9071969985961914,0.7035984992980957
YCL008C,YNL080C,0,-0.51410663,0.11418355256319046,0.9071969985961914,0.7037878632545471
YDR072C,YBL034C,0,-0.51414454,0.1141563430428505,0.9071969985961914,0.7039772868156433
YKR101W,YPR152C,0,-0.51421154,0.11412914097309113,0.9071969985961914,0.7041666507720947
YOL129W,YDR451C,0,-0.5145549,0.11410195380449295,0.9071969985961914,0.7043560743331909
YBR247C,YBL112C,0,-0.51485586,0.11407478153705597,0.9071969985961914,0.7045454382896423
YJL166W,YBR238C,1,-0.517419,0.11428571492433548,0.9090909361839294,0.7045454382896423
YMR276W,YDL040C,0,-0.51744217,0.11425851285457611,0.9090909361839294,0.7047348618507385
YDR030C,YDR195W,0,-0.51768476,0.11423131823539734,0.9090909361839294,0.7049242258071899
YOR222W,YMR159C,0,-0.51778346,0.11420413851737976,0.9090909361839294,0.7051136493682861
YOR071C,YGR056W,0,-0.51789635,0.11417697370052338,0.9090909361839294,0.7053030133247375
YJR055W,YOR274W,0,-0.5183233,0.11414982378482819,0.9090909361839294,0.7054924368858337
YBR066C,YIR038C,0,-0.51834756,0.11412268131971359,0.9090909361839294,0.7056818008422852
YGL226C-A,YPR159W,0,-0.51916593,0.11409555375576019,0.9090909361839294,0.7058712244033813
YOL155C,YNL238W,0,-0.5214149,0.11406844109296799,0.9090909361839294,0.7060605883598328
YBR081C,YOL104C,0,-0.52166975,0.11404134333133698,0.9090909361839294,0.706250011920929
YAL033W,YOL101C,0,-0.5220836,0.11401425302028656,0.9090909361839294,0.7064393758773804
YHR164C,YDL208W,0,-0.52275777,0.11398717761039734,0.9090909361839294,0.7066287994384766
YFR013W,YJR034W,0,-0.5229588,0.11396011710166931,0.9090909361839294,0.706818163394928
YNL010W,YBR257W,0,-0.5230804,0.11393306404352188,0.9090909361839294,0.7070075869560242
YLR380W,YKL094W,0,-0.5232366,0.11390602588653564,0.9090909361839294,0.7071969509124756
YJL200C,YPR001W,1,-0.5232866,0.11411625146865845,0.9109848737716675,0.7071969509124756
YPR011C,YHR135C,0,-0.52360284,0.11408918350934982,0.9109848737716675,0.7073863744735718
YKR066C,YER017C,0,-0.5236055,0.11406213045120239,0.9109848737716675,0.7075757384300232
YIL143C,YDR072C,0,-0.5237535,0.11403508484363556,0.9109848737716675,0.7077651619911194
YMR008C,YPL180W,0,-0.5239876,0.11400806158781052,0.9109848737716675,0.7079545259475708
YNL230C,YDL035C,0,-0.52497745,0.11398104578256607,0.9109848737716675,0.708143949508667
YNR031C,YLR329W,0,-0.52592134,0.11395403742790222,0.9109848737716675,0.7083333134651184
YER165W,YFL017W-A,0,-0.52622557,0.11392705142498016,0.9109848737716675,0.7085227370262146
YLR203C,YGL014W,0,-0.5266834,0.1139000728726387,0.9109848737716675,0.708712100982666
YEL037C,YBR276C,0,-0.5269509,0.11387310922145844,0.9109848737716675,0.7089015245437622
YKR036C,YNL281W,0,-0.5273567,0.11384615302085876,0.9109848737716675,0.7090908885002136
YMR019W,YJL187C,0,-0.52779347,0.11381921172142029,0.9109848737716675,0.7092803120613098
YDR351W,YKR044W,0,-0.52870154,0.113792285323143,0.9109848737716675,0.7094696760177612
YGL014W,YPL065W,0,-0.5290914,0.11376537382602692,0.9109848737716675,0.7096590995788574
YLR329W,YDL083C,0,-0.5293291,0.11373846977949142,0.9109848737716675,0.7098484635353088
YHR059W,YBR187W,0,-0.529376,0.11371158063411713,0.9109848737716675,0.710037887096405
YHR132C,YER137C,0,-0.5294265,0.11368470638990402,0.9109848737716675,0.7102272510528564
YGL014W,YNL304W,0,-0.530027,0.11365784704685211,0.9109848737716675,0.7104166746139526
YDL040C,YPL208W,0,-0.53020084,0.1136309951543808,0.9109848737716675,0.710606038570404
YMR315W,YGL170C,0,-0.5303445,0.11360415816307068,0.9109848737716675,0.7107954621315002
YLR295C,YDR310C,0,-0.53110915,0.11357732862234116,0.9109848737716675,0.7109848260879517
YLL003W,YBR230C,0,-0.5318401,0.11355052143335342,0.9109848737716675,0.7111742496490479
YJR092W,YDR233C,0,-0.53184175,0.11352372169494629,0.9109848737716675,0.7113636136054993
YDL036C,YGR081C,0,-0.5318997,0.11349692940711975,0.9109848737716675,0.7115530371665955
YDL054C,YGL220W,0,-0.53342223,0.113470159471035,0.9109848737716675,0.7117424011230469
YIL002C,YBR282W,0,-0.5348962,0.11344339698553085,0.9109848737716675,0.7119318246841431
YMR038C,YBL068W,0,-0.5360478,0.1134166494011879,0.9109848737716675,0.7121211886405945
YLR305C,YPL180W,0,-0.5370798,0.11338990926742554,0.9109848737716675,0.7123106122016907
YER013W,YGR167W,0,-0.5379781,0.11336318403482437,0.9109848737716675,0.7124999761581421
YDL084W,YJL172W,0,-0.53802645,0.1133364737033844,0.9109848737716675,0.7126893997192383
YNL335W,YKL172W,0,-0.5388583,0.11330977827310562,0.9109848737716675,0.7128787636756897
YER162C,YLL012W,0,-0.5390431,0.11328309029340744,0.9109848737716675,0.7130681872367859
YMR005W,YKL144C,0,-0.5398769,0.11325641721487045,0.9109848737716675,0.7132575511932373
YLR291C,YJL130C,0,-0.5401083,0.11322975158691406,0.9109848737716675,0.7134469747543335
YCL036W,YBL076C,0,-0.5401221,0.11320310831069946,0.9109848737716675,0.7136363387107849
YHR069C,YDL140C,0,-0.54017025,0.11317647248506546,0.9109848737716675,0.7138257622718811
YDR205W,YNL110C,0,-0.5409482,0.11314984411001205,0.9109848737716675,0.7140151262283325
YGL162W,YOR239W,0,-0.54121476,0.11312323808670044,0.9109848737716675,0.7142045497894287
YKR056W,YBR274W,0,-0.5412797,0.11309663951396942,0.9109848737716675,0.7143939137458801
YKL203C,YIL035C,0,-0.54268104,0.113070048391819,0.9109848737716675,0.7145833373069763
YOR274W,YER171W,0,-0.54301864,0.11304347962141037,0.9109848737716675,0.7147727012634277
YNL079C,YMR176W,0,-0.5432492,0.11301691830158234,0.9109848737716675,0.7149621248245239
YLL041C,YLR028C,1,-0.5433745,0.11322527378797531,0.9128788113594055,0.7149621248245239
YOR378W,YIL133C,0,-0.5437375,0.11319868266582489,0.9128788113594055,0.7151514887809753
YLR295C,YIL061C,0,-0.5444601,0.11317210644483566,0.9128788113594055,0.7153409123420715
YDR460W,YBR129C,0,-0.54454,0.11314553767442703,0.9128788113594055,0.715530276298523
YKL041W,YNL016W,0,-0.5448121,0.1131189838051796,0.9128788113594055,0.7157196998596191
YLR043C,YBL011W,0,-0.5454471,0.11309244483709335,0.9128788113594055,0.7159090638160706
YGR252W,YPL167C,0,-0.5457645,0.11306591331958771,0.9128788113594055,0.7160984873771667
YJL130C,YDL225W,0,-0.54625744,0.11303939670324326,0.9128788113594055,0.7162878513336182
YBR223C,YDR416W,0,-0.5476839,0.11301289498806,0.9128788113594055,0.7164772748947144
YDL040C,YER190W,0,-0.54924273,0.11298640072345734,0.9128788113594055,0.7166666388511658
YOR106W,YDL074C,0,-0.54942256,0.11295992136001587,0.9128788113594055,0.716856062412262
YOR388C,YKR002W,0,-0.54945534,0.1129334568977356,0.9128788113594055,0.7170454263687134
YDR164C,YOL052C,0,-0.5500396,0.11290700733661652,0.9128788113594055,0.7172348499298096
YMR039C,YNL273W,0,-0.5502883,0.11288056522607803,0.9128788113594055,0.717424213886261
YKR006C,YBR243C,1,-0.5504915,0.11308827251195908,0.9147727489471436,0.717424213886261
YBR260C,YOR085W,0,-0.5505401,0.1130618005990982,0.9147727489471436,0.7176136374473572
YLR228C,YLR386W,0,-0.55144167,0.11303533613681793,0.9147727489471436,0.7178030014038086
YDR144C,YAR031W,0,-0.5516341,0.11300889402627945,0.9147727489471436,0.7179924249649048
YDR371W,YER022W,0,-0.5519125,0.11298245936632156,0.9147727489471436,0.7181817889213562
YML112W,YKL174C,0,-0.5520828,0.11295603215694427,0.9147727489471436,0.7183712124824524
YGR056W,YDR064W,0,-0.55304295,0.11292961984872818,0.9147727489471436,0.7185605764389038
YER022W,YOL108C,0,-0.55331904,0.11290322244167328,0.9147727489471436,0.71875
YMR227C,YJL117W,0,-0.5543102,0.11287683993577957,0.9147727489471436,0.7189394235610962
YDR254W,YEL062W,0,-0.55431837,0.11285046488046646,0.9147727489471436,0.7191287875175476
YMR267W,YBR243C,1,-0.554391,0.1130576953291893,0.9166666865348816,0.7191287875175476
YGL050W,YKL124W,0,-0.55491465,0.1130312904715538,0.9166666865348816,0.7193182110786438
YBL005W-B,YKL144C,0,-0.5550382,0.1130049005150795,0.9166666865348816,0.7195075750350952
YDL208W,YJR034W,0,-0.55569243,0.11297852545976639,0.9166666865348816,0.7196969985961914
YMR117C,YOL040C,0,-0.5563556,0.11295215785503387,0.9166666865348816,0.7198863625526428
YAL033W,YJL005W,0,-0.55676895,0.11292580515146255,0.9166666865348816,0.720075786113739
YAR027W,YBR281C,0,-0.55808836,0.11289945989847183,0.9166666865348816,0.7202651500701904
YBR150C,YGR199W,0,-0.5582835,0.1128731369972229,0.9166666865348816,0.7204545736312866
YJR138W,YBL092W,0,-0.55911297,0.11284681409597397,0.9166666865348816,0.720643937587738
YOL093W,YLR389C,0,-0.55947655,0.11282051354646683,0.9166666865348816,0.7208333611488342
YMR049C,YJR147W,0,-0.56004316,0.11279422044754028,0.9166666865348816,0.7210227251052856
YFL045C,YMR296C,0,-0.56031543,0.11276794224977493,0.9166666865348816,0.7212121486663818
YHR077C,YJR032W,0,-0.5608676,0.11274167150259018,0.9166666865348816,0.7214015126228333
YCR052W,YDL040C,0,-0.5615651,0.11271541565656662,0.9166666865348816,0.7215909361839294
YGR180C,YDR416W,0,-0.56206465,0.11268917471170425,0.9166666865348816,0.7217803001403809
YGL225W,YDL074C,0,-0.5626934,0.11266294121742249,0.9166666865348816,0.721969723701477
YDR281C,YNR060W,0,-0.5627735,0.11263672262430191,0.9166666865348816,0.7221590876579285
YDL055C,YJL214W,0,-0.5628442,0.11261051893234253,0.9166666865348816,0.7223485112190247
YIL006W,YGL071W,0,-0.56360257,0.11258432269096375,0.9166666865348816,0.7225378751754761
YLR103C,YHR079C,0,-0.5641444,0.11255814135074615,0.9166666865348816,0.7227272987365723
YJL085W,YFL001W,0,-0.5642912,0.11253196746110916,0.9166666865348816,0.7229166626930237
YFR031C,YBR155W,0,-0.5649131,0.11250580847263336,0.9166666865348816,0.7231060862541199
YJR051W,YPL252C,0,-0.565472,0.11247966438531876,0.9166666865348816,0.7232954502105713
YGR221C,YDL142C,0,-0.56632966,0.11245353519916534,0.9166666865348816,0.7234848737716675
YLR129W,YLL012W,0,-0.56637496,0.11242741346359253,0.9166666865348816,0.7236742377281189
YGR118W,YER087C-B,0,-0.5666258,0.11240129917860031,0.9166666865348816,0.7238636612892151
YJR006W,YKL067W,0,-0.5671795,0.11237519979476929,0.9166666865348816,0.7240530252456665
YML051W,YFR013W,0,-0.5686,0.11234911531209946,0.9166666865348816,0.7242424488067627
YNL223W,YMR078C,0,-0.57027656,0.11232304573059082,0.9166666865348816,0.7244318127632141
YOR054C,YPL167C,0,-0.57030493,0.11229698359966278,0.9166666865348816,0.7246212363243103
YDL128W,YBR074W,0,-0.57129306,0.11227093636989594,0.9166666865348816,0.7248106002807617
YML052W,YOR123C,0,-0.57194287,0.11224489659070969,0.9166666865348816,0.7250000238418579
YFL038C,YJR031C,0,-0.572341,0.11221887171268463,0.9166666865348816,0.7251893877983093
YOL112W,YGR070W,0,-0.5732232,0.11219286173582077,0.9166666865348816,0.7253788113594055
YKL130C,YPL050C,0,-0.57325536,0.1121668592095375,0.9166666865348816,0.7255681753158569
YKR054C,YML073C,0,-0.57395256,0.11214087158441544,0.9166666865348816,0.7257575988769531
YJL030W,YKL206C,0,-0.57499826,0.11211489140987396,0.9166666865348816,0.7259469628334045
YKL161C,YOL093W,0,-0.5750919,0.11208893358707428,0.9166666865348816,0.7261363863945007
YJR107W,YER049W,0,-0.5753011,0.1120629757642746,0.9166666865348816,0.7263257503509521
YLR113W,YNL084C,0,-0.5761964,0.1120370402932167,0.9166666865348816,0.7265151739120483
YGL225W,YDR195W,0,-0.57630265,0.11201110482215881,0.9166666865348816,0.7267045378684998
YDR518W,YPL083C,0,-0.57642514,0.11198519170284271,0.9166666865348816,0.726893961429596
YBR125C,YCR014C,0,-0.5764611,0.11195928603410721,0.9166666865348816,0.7270833253860474
YIL020C,YBL079W,0,-0.57685536,0.1119333952665329,0.9166666865348816,0.7272727489471436
YLR028C,YBR026C,1,-0.5774204,0.11213872581720352,0.9185606241226196,0.7272727489471436
YLR270W,YOR313C,0,-0.57916164,0.11211280524730682,0.9185606241226196,0.727462112903595
YOL026C,YNL080C,0,-0.5791736,0.11208689957857132,0.9185606241226196,0.7276515364646912
YDR172W,YPL078C,0,-0.58050865,0.11206100136041641,0.9185606241226196,0.7278409004211426
YKL180W,YOR261C,0,-0.58289796,0.1120351105928421,0.9185606241226196,0.7280303239822388
YGL169W,YMR267W,1,-0.58342695,0.11224018782377243,0.9204545617103577,0.7280303239822388
YDR164C,YOR148C,0,-0.5844349,0.11221426725387573,0.9204545617103577,0.7282196879386902
YKL190W,YLR073C,0,-0.58534616,0.11218836903572083,0.9204545617103577,0.7284091114997864
YNR010W,YDR496C,0,-0.58622676,0.11216247081756592,0.9204545617103577,0.7285984754562378
YJR082C,YER117W,0,-0.58700526,0.1121365949511528,0.9204545617103577,0.728787899017334
YPL252C,YOL043C,0,-0.5878044,0.11211072653532028,0.9204545617103577,0.7289772629737854
YLR043C,YKR056W,0,-0.5878835,0.11208487302064896,0.9204545617103577,0.7291666865348816
YDL245C,YMR308C,0,-0.5879224,0.11205902695655823,0.9204545617103577,0.729356050491333
YFR013W,YJL053W,0,-0.58861023,0.11203319579362869,0.9204545617103577,0.7295454740524292
YNL236W,YHR109W,0,-0.5895639,0.11200737208127975,0.9204545617103577,0.7297348380088806
YHR061C,YDL225W,0,-0.59010446,0.11198156327009201,0.9204545617103577,0.7299242615699768
YMR005W,YGL256W,0,-0.5901651,0.11195576936006546,0.9204545617103577,0.7301136255264282
YDR499W,YPL002C,0,-0.5907312,0.1119299829006195,0.9204545617103577,0.7303030490875244
YGL068W,YOR297C,1,-0.590972,0.11213447153568268,0.9223484992980957,0.7303030490875244
YOR323C,YDR229W,0,-0.5915766,0.11210865527391434,0.9223484992980957,0.7304924130439758
YFL066C,YFL001W,0,-0.5925405,0.11208285391330719,0.9223484992980957,0.730681836605072
YGR112W,YBR238C,1,-0.5932016,0.11228716373443604,0.9242424368858337,0.730681836605072
YMR112C,YDL040C,0,-0.59432954,0.1122613325715065,0.9242424368858337,0.7308712005615234
YHR066W,YML109W,0,-0.59442407,0.11223550885915756,0.9242424368858337,0.7310606241226196
YOL145C,YBL026W,0,-0.5947708,0.11220970004796982,0.9242424368858337,0.731249988079071
YMR146C,YNL309W,0,-0.5965117,0.11218390613794327,0.9242424368858337,0.7314394116401672
YAL022C,YOR313C,0,-0.59754413,0.11215812712907791,0.9242424368858337,0.7316287755966187
YDL024C,YKL124W,0,-0.59825724,0.11213235557079315,0.9242424368858337,0.7318181991577148
YDL111C,YBL076C,0,-0.5983339,0.11210659146308899,0.9242424368858337,0.7320075631141663
YJL124C,YOR275C,0,-0.5995795,0.11208084225654602,0.9242424368858337,0.7321969866752625
YER008C,YDR076W,0,-0.5997731,0.11205510795116425,0.9242424368858337,0.7323863506317139
YLR425W,YGR034W,0,-0.59984016,0.11202938109636307,0.9242424368858337,0.7325757741928101
YLR005W,YPR043W,0,-0.6012182,0.11200366914272308,0.9242424368858337,0.7327651381492615
YDR159W,YNL290W,0,-0.602771,0.1119779720902443,0.9242424368858337,0.7329545617103577
YBL058W,YGR255C,0,-0.60311615,0.1119522824883461,0.9242424368858337,0.7331439256668091
YPR194C,YDR151C,0,-0.6032368,0.1119266077876091,0.9242424368858337,0.7333333492279053
YOL104C,YOR311C,0,-0.6043958,0.1119009405374527,0.9242424368858337,0.7335227131843567
YNL147W,YPL082C,0,-0.6053473,0.11187528818845749,0.9242424368858337,0.7337121367454529
YGR221C,YPL167C,0,-0.6059652,0.11184964329004288,0.9242424368858337,0.7339015007019043
YNL271C,YDR457W,0,-0.6064229,0.11182401329278946,0.9242424368858337,0.7340909242630005
YNL304W,YNL080C,0,-0.6064569,0.11179839819669724,0.9242424368858337,0.7342802882194519
YGR252W,YKL082C,0,-0.6065253,0.11177279055118561,0.9242424368858337,0.7344697117805481
YER190W,YPL208W,0,-0.6073636,0.11174719780683517,0.9242424368858337,0.7346590757369995
YOR388C,YJL187C,0,-0.60807085,0.11172161251306534,0.9242424368858337,0.7348484992980957
YPL110C,YGL190C,0,-0.60901016,0.1116960421204567,0.9242424368858337,0.7350378632545471
YOL145C,YHR074W,0,-0.609093,0.11167047917842865,0.9242424368858337,0.7352272868156433
YNR074C,YBR276C,0,-0.6091324,0.1116449311375618,0.9242424368858337,0.7354166507720947
YER168C,YLR016C,0,-0.6098382,0.11161939799785614,0.9242424368858337,0.7356060743331909
YMR033W,YCL004W,0,-0.6103519,0.11159387230873108,0.9242424368858337,0.7357954382896423
YJL166W,YLR028C,1,-0.6114458,0.11179698258638382,0.9261363744735718,0.7357954382896423
YIL079C,YOR215C,0,-0.6118595,0.11177142709493637,0.9261363744735718,0.7359848618507385
YJL066C,YLR314C,0,-0.6133917,0.11174588650465012,0.9261363744735718,0.7361742258071899
YDR138W,YMR099C,0,-0.61350775,0.11172035336494446,0.9261363744735718,0.7363636493682861
YGL014W,YLR440C,0,-0.6142072,0.1116948351264,0.9261363744735718,0.7365530133247375
YHR061C,YMR301C,0,-0.6155242,0.11166933178901672,0.9261363744735718,0.7367424368858337
YKR019C,YDR389W,0,-0.6156482,0.11164383590221405,0.9261363744735718,0.7369318008422852
YNL070W,YAL031C,0,-0.6161091,0.11161835491657257,0.9261363744735718,0.7371212244033813
YML099C,YOL093W,0,-0.6161904,0.11159288138151169,0.9261363744735718,0.7373105883598328
YIL095W,YDR476C,0,-0.6165486,0.111567422747612,0.9261363744735718,0.737500011920929
YMR013C,YLR103C,0,-0.6187397,0.11154197156429291,0.9261363744735718,0.7376893758773804
YNL032W,YGR070W,0,-0.61920804,0.11151653528213501,0.9261363744735718,0.7378787994384766
YPL213W,YDR410C,0,-0.6192464,0.11149110645055771,0.9261363744735718,0.738068163394928
YJL134W,YOR219C,0,-0.6193793,0.1114656925201416,0.9261363744735718,0.7382575869560242
YOR159C,YJR036C,0,-0.6198172,0.11144029349088669,0.9261363744735718,0.7384469509124756
YNL172W,YPR137W,0,-0.62024057,0.11141490191221237,0.9261363744735718,0.7386363744735718
YBR172C,YOR038C,0,-0.62064904,0.11138952523469925,0.9261363744735718,0.7388257384300232
YGL169W,YLR164W,1,-0.62078685,0.1115918904542923,0.9280303120613098,0.7388257384300232
YDR453C,YOR194C,0,-0.6216361,0.11156648397445679,0.9280303120613098,0.7390151619911194
YDR383C,YDL245C,0,-0.6217782,0.11154108494520187,0.9280303120613098,0.7392045259475708
YAL060W,YJL060W,0,-0.62267303,0.11151570081710815,0.9280303120613098,0.739393949508667
YEL040W,YOR089C,0,-0.62302184,0.11149033159017563,0.9280303120613098,0.7395833134651184
YMR005W,YDR332W,0,-0.62311494,0.1114649698138237,0.9280303120613098,0.7397727370262146
YBR247C,YMR272C,0,-0.6235282,0.11143961548805237,0.9280303120613098,0.739962100982666
YPL180W,YPL273W,0,-0.6240429,0.11141427606344223,0.9280303120613098,0.7401515245437622
YKL038W,YBR042C,0,-0.62441975,0.11138895153999329,0.9280303120613098,0.7403408885002136
YLR295C,YGR179C,0,-0.62489086,0.11136363446712494,0.9280303120613098,0.7405303120613098
YGL226C-A,YHL027W,0,-0.62492937,0.11133833229541779,0.9280303120613098,0.7407196760177612
YGR282C,YJR070C,0,-0.6260751,0.11131303757429123,0.9280303120613098,0.7409090995788574
YMR013C,YLR206W,0,-0.62710434,0.11128775775432587,0.9280303120613098,0.7410984635353088
YMR301C,YPR163C,0,-0.6271649,0.1112624853849411,0.9280303120613098,0.741287887096405
YHR029C,YNL298W,0,-0.62732476,0.11123722791671753,0.9280303120613098,0.7414772510528564
YER013W,YPR187W,0,-0.62766457,0.11121198534965515,0.9280303120613098,0.7416666746139526
YBR195C,YNL073W,0,-0.627991,0.11118675023317337,0.9280303120613098,0.741856038570404
YMR186W,YNR044W,0,-0.6285121,0.11116152256727219,0.9280303120613098,0.7420454621315002
YGR252W,YLR353W,0,-0.63024956,0.1111363098025322,0.9280303120613098,0.7422348260879517
YER117W,YML052W,0,-0.63053375,0.1111111119389534,0.9280303120613098,0.7424242496490479
YJR138W,YGL170C,0,-0.631471,0.1110859215259552,0.9280303120613098,0.7426136136054993
YJR057W,YJR103W,0,-0.6323785,0.1110607460141182,0.9280303120613098,0.7428030371665955
YFR029W,YDR172W,0,-0.6326579,0.11103557795286179,0.9280303120613098,0.7429924011230469
YLR329W,YKL206C,0,-0.6329321,0.11101042479276657,0.9280303120613098,0.7431818246841431
YLR329W,YHR085W,0,-0.6335203,0.11098527908325195,0.9280303120613098,0.7433711886405945
YNL085W,YDR496C,0,-0.63422984,0.11096014827489853,0.9280303120613098,0.7435606122016907
YLR329W,YGR229C,0,-0.6345613,0.1109350249171257,0.9280303120613098,0.7437499761581421
YPR190C,YLR016C,0,-0.6347423,0.11090991646051407,0.9280303120613098,0.7439393997192383
YGR036C,YLR380W,0,-0.63484055,0.11088481545448303,0.9280303120613098,0.7441287636756897
YJR055W,YDR260C,0,-0.6356813,0.11085972934961319,0.9280303120613098,0.7443181872367859
YLL008W,YLL017W,0,-0.6358145,0.11083465069532394,0.9280303120613098,0.7445075511932373
YHR056C,YDL179W,0,-0.6359175,0.11080958694219589,0.9280303120613098,0.7446969747543335
YBR120C,YOR239W,0,-0.63651794,0.11078453809022903,0.9280303120613098,0.7448863387107849
YNL117W,YLR028C,1,-0.6367603,0.11098553240299225,0.9299242496490479,0.7448863387107849
YNL309W,YLR330W,0,-0.63722306,0.110960453748703,0.9299242496490479,0.7450757622718811
YLL003W,YNL026W,0,-0.63724166,0.11093538254499435,0.9299242496490479,0.7452651262283325
YLR213C,YOR294W,0,-0.63758564,0.1109103262424469,0.9299242496490479,0.7454545497894287
YOR324C,YAL029C,0,-0.63770217,0.11088527739048004,0.9299242496490479,0.7456439137458801
YHR060W,YDR470C,0,-0.6382739,0.11086023598909378,0.9299242496490479,0.7458333373069763
YOR261C,YBR281C,0,-0.63891536,0.11083521693944931,0.9299242496490479,0.7460227012634277
YLR191W,YML097C,0,-0.64036185,0.11081019788980484,0.9299242496490479,0.7462121248245239
YDR030C,YJR127C,0,-0.6424746,0.11078520119190216,0.9299242496490479,0.7464014887809753
YJL005W,YJL128C,0,-0.6430541,0.11076020449399948,0.9299242496490479,0.7465909123420715
YNL271C,YNR072W,0,-0.64312035,0.11073523014783859,0.9299242496490479,0.746780276298523
YDR137W,YPL134C,0,-0.64321274,0.1107102558016777,0.9299242496490479,0.7469696998596191
YGL122C,YOL101C,0,-0.6435848,0.1106853038072586,0.9299242496490479,0.7471590638160706
YPL042C,YHR061C,0,-0.64443547,0.1106603592634201,0.9299242496490479,0.7473484873771667
YGL203C,YIR005W,0,-0.6444575,0.1106354221701622,0.9299242496490479,0.7475378513336182
YPR113W,YMR005W,0,-0.6460888,0.11061049997806549,0.9299242496490479,0.7477272748947144
YLR395C,YGL169W,1,-0.64612275,0.11081080883741379,0.9318181872367859,0.7477272748947144
YJL112W,YOL052C,0,-0.646481,0.11078585684299469,0.9318181872367859,0.7479166388511658
YPR144C,YMR038C,0,-0.6472616,0.11076091974973679,0.9318181872367859,0.748106062412262
YLL019C,YDR151C,0,-0.64830375,0.11073599010705948,0.9318181872367859,0.7482954263687134
YNL110C,YHR168W,0,-0.6502605,0.11071106791496277,0.9318181872367859,0.7484848499298096
YDL171C,YDL047W,0,-0.6509693,0.11068616062402725,0.9318181872367859,0.748674213886261
YJL192C,YMR143W,0,-0.65140253,0.11066126823425293,0.9318181872367859,0.7488636374473572
YJL200C,YGR112W,1,-0.6514564,0.11086125671863556,0.9337121248245239,0.7488636374473572
YLR289W,YGR264C,0,-0.65169036,0.11083633452653885,0.9337121248245239,0.7490530014038086
YDR072C,YML006C,0,-0.6518362,0.11081141978502274,0.9337121248245239,0.7492424249649048
YJR055W,YPL112C,0,-0.65269727,0.11078651994466782,0.9337121248245239,0.7494317889213562
YDR371W,YEL062W,0,-0.65388936,0.1107616275548935,0.9337121248245239,0.7496212124824524
YMR078C,YMR075W,0,-0.65392876,0.11073675006628036,0.9337121248245239,0.7498105764389038
YPL188W,YOR089C,0,-0.6544332,0.11071188002824783,0.9337121248245239,0.75
YIL080W,YBR061C,0,-0.6545637,0.1106870248913765,0.9337121248245239,0.7501894235610962
YMR013C,YDR137W,0,-0.6558177,0.11066217720508575,0.9337121248245239,0.7503787875175476
YJL029C,YDR403W,0,-0.65639395,0.11063734441995621,0.9337121248245239,0.7505682110786438
YDR144C,YBR080C,0,-0.6568143,0.11061251908540726,0.9337121248245239,0.7507575750350952
YNL085W,YFR019W,0,-0.6569403,0.1105877086520195,0.9337121248245239,0.7509469985961914
YMR146C,YNR031C,0,-0.65839195,0.11056290566921234,0.9337121248245239,0.7511363625526428
YMR123W,YBR150C,0,-0.65873516,0.11053811758756638,0.9337121248245239,0.751325786113739
YKR008W,YIL079C,0,-0.6613682,0.11051333695650101,0.9337121248245239,0.7515151500701904
YLR107W,YMR117C,0,-0.66166645,0.11048857122659683,0.9337121248245239,0.7517045736312866
YDR233C,YBL113C,0,-0.66174024,0.11046381294727325,0.9337121248245239,0.751893937587738
YGR175C,YKR102W,0,-0.6628542,0.11043906956911087,0.9337121248245239,0.7520833611488342
YHR029C,YGR095C,0,-0.66355294,0.11041433364152908,0.9337121248245239,0.7522727251052856
YGR118W,YNR060W,0,-0.664378,0.11038961261510849,0.9337121248245239,0.7524621486663818
YIL142W,YDR444W,0,-0.66444904,0.1103648990392685,0.9337121248245239,0.7526515126228333
YOL155C,YML080W,0,-0.66496485,0.11034020036458969,0.9337121248245239,0.7528409361839294
YMR168C,YGR167W,0,-0.66522723,0.11031550914049149,0.9337121248245239,0.7530303001403809
YMR065W,YMR239C,0,-0.6656799,0.11029082536697388,0.9337121248245239,0.753219723701477
YLR447C,YML109W,0,-0.6657882,0.11026615649461746,0.9337121248245239,0.7534090876579285
YOR274W,YOR310C,0,-0.66582775,0.11024150252342224,0.9337121248245239,0.7535985112190247
YNL274C,YGR276C,0,-0.6676366,0.11021685600280762,0.9337121248245239,0.7537878751754761
YFL013C,YNR002C,0,-0.6679936,0.11019222438335419,0.9337121248245239,0.7539772987365723
YDL246C,YER098W,0,-0.6700619,0.11016760021448135,0.9337121248245239,0.7541666626930237
YGR118W,YFR019W,0,-0.67114645,0.11014298349618912,0.9337121248245239,0.7543560862541199
YGL203C,YLR348C,0,-0.67162025,0.11011838167905807,0.9337121248245239,0.7545454502105713
YBR247C,YBR095C,0,-0.67200404,0.11009379476308823,0.9337121248245239,0.7547348737716675
YDL245C,YDR059C,0,-0.67216367,0.11006921529769897,0.9337121248245239,0.7549242377281189
YLR105C,YJL124C,0,-0.6727472,0.11004464328289032,0.9337121248245239,0.7551136612892151
YMR227C,YOR219C,0,-0.6734471,0.11002008616924286,0.9337121248245239,0.7553030252456665
YGR169C,YJL128C,0,-0.6735449,0.109995536506176,0.9337121248245239,0.7554924488067627
YCR046C,YNL219C,0,-0.67423683,0.10997100174427032,0.9337121248245239,0.7556818127632141
YHR056C,YGL071W,0,-0.674285,0.10994647443294525,0.9337121248245239,0.7558712363243103
YAL063C,YMR075W,0,-0.67447,0.10992196202278137,0.9337121248245239,0.7560606002807617
YBR095C,YHL034C,0,-0.6750927,0.10989745706319809,0.9337121248245239,0.7562500238418579
YKR068C,YDR081C,0,-0.67511505,0.109872967004776,0.9337121248245239,0.7564393877983093
YKR066C,YOR311C,0,-0.675891,0.10984848439693451,0.9337121248245239,0.7566288113594055
YOL155C,YGL241W,0,-0.67593926,0.10982401669025421,0.9337121248245239,0.7568181753158569
YJR092W,YGR095C,0,-0.6764006,0.10979955643415451,0.9337121248245239,0.7570075988769531
YLL029W,YJL004C,0,-0.6764047,0.1097751036286354,0.9337121248245239,0.7571969628334045
YDL246C,YLR182W,0,-0.67746896,0.1097506657242775,0.9337121248245239,0.7573863863945007
YGL244W,YBL091C-A,0,-0.67790574,0.10972624272108078,0.9337121248245239,0.7575757503509521
YLR163C,YNR035C,0,-0.6782945,0.10970182716846466,0.9337121248245239,0.7577651739120483
YKR020W,YDR173C,0,-0.678971,0.10967741906642914,0.9337121248245239,0.7579545378684998
YGR221C,YMR005W,0,-0.6801481,0.10965302586555481,0.9337121248245239,0.758143961429596
YGR081C,YBR276C,0,-0.68016595,0.10962864011526108,0.9337121248245239,0.7583333253860474
YNL178W,YHR085W,0,-0.6805454,0.10960426926612854,0.9337121248245239,0.7585227489471436
YOL028C,YOR285W,0,-0.68095034,0.1095799058675766,0.9337121248245239,0.758712112903595
YLL003W,YJR034W,0,-0.68200284,0.10955555737018585,0.9337121248245239,0.7589015364646912
YBR042C,YLR160C,0,-0.684275,0.1095312163233757,0.9337121248245239,0.7590909004211426
YPL002C,YIL159W,0,-0.6856131,0.10950688272714615,0.9337121248245239,0.7592803239822388
YER049W,YOL107W,0,-0.68706334,0.10948256403207779,0.9337121248245239,0.7594696879386902
YOR304W,YFL045C,0,-0.6875054,0.10945826023817062,0.9337121248245239,0.7596591114997864
YJL071W,YML049C,0,-0.68845016,0.10943396389484406,0.9337121248245239,0.7598484754562378
YPL042C,YLR129W,0,-0.6888243,0.10940967500209808,0.9337121248245239,0.760037899017334
YJL004C,YMR240C,0,-0.6896196,0.1093854010105133,0.9337121248245239,0.7602272629737854
YJR055W,YFR052W,0,-0.6899418,0.10936113446950912,0.9337121248245239,0.7604166865348816
YMR025W,YAL031C,0,-0.69014287,0.10933688282966614,0.9337121248245239,0.760606050491333
YOR054C,YHR077C,0,-0.6913487,0.10931263864040375,0.9337121248245239,0.7607954740524292
YDR460W,YNL281W,0,-0.6915954,0.10928840935230255,0.9337121248245239,0.7609848380088806
YBR282W,YGL163C,0,-0.6929833,0.10926418751478195,0.9337121248245239,0.7611742615699768
YKR044W,YOR085W,0,-0.69298846,0.10923997312784195,0.9337121248245239,0.7613636255264282
YPL064C,YGL162W,0,-0.6942964,0.10921577364206314,0.9337121248245239,0.7615530490875244
YKR019C,YNR072W,0,-0.6947264,0.10919158160686493,0.9337121248245239,0.7617424130439758
YIL061C,YIL046W,0,-0.695096,0.10916740447282791,0.9337121248245239,0.761931836605072
YMR089C,YGL060W,0,-0.69512177,0.10914323478937149,0.9337121248245239,0.7621212005615234
YOR274W,YDR470C,0,-0.6951683,0.10911908000707626,0.9337121248245239,0.7623106241226196
YGR171C,YPR125W,0,-0.6956368,0.10909493267536163,0.9337121248245239,0.762499988079071
YER013W,YBL058W,0,-0.69656295,0.1090707927942276,0.9337121248245239,0.7626894116401672
YBR002C,YDR211W,0,-0.69686866,0.10904666781425476,0.9337121248245239,0.7628787755966187
YLR206W,YOR261C,0,-0.6979901,0.10902255773544312,0.9337121248245239,0.7630681991577148
YOL038W,YCR026C,0,-0.69951814,0.10899845510721207,0.9337121248245239,0.7632575631141663
YGR085C,YPL083C,0,-0.6998617,0.10897435992956161,0.9337121248245239,0.7634469866752625
YJR083C,YOL108C,0,-0.7009099,0.10895027965307236,0.9337121248245239,0.7636363506317139
YCR026C,YER104W,0,-0.7009284,0.1089262068271637,0.9337121248245239,0.7638257741928101
YMR019W,YNL230C,0,-0.700936,0.10890214145183563,0.9337121248245239,0.7640151381492615
YER049W,YGR052W,0,-0.7013379,0.10887809097766876,0.9337121248245239,0.7642045617103577
YJR119C,YOR349W,0,-0.7031062,0.10885404795408249,0.9337121248245239,0.7643939256668091
YGR056W,YBR202W,0,-0.7040679,0.10883001983165741,0.9337121248245239,0.7645833492279053
YOL026C,YGR089W,0,-0.70417947,0.10880600661039352,0.9337121248245239,0.7647727131843567
YKL144C,YLR016C,0,-0.7052919,0.10878199338912964,0.9337121248245239,0.7649621367454529
YNL147W,YML036W,0,-0.70552593,0.10875799506902695,0.9337121248245239,0.7651515007019043
YEL070W,YGL163C,0,-0.70555025,0.10873401165008545,0.9337121248245239,0.7653409242630005
YGL200C,YOR351C,0,-0.7061261,0.10871003568172455,0.9337121248245239,0.7655302882194519
YDL171C,YDR429C,0,-0.7064843,0.10868606716394424,0.9337121248245239,0.7657197117805481
YOR054C,YJL187C,0,-0.70936614,0.10866211354732513,0.9337121248245239,0.7659090757369995
YEL053C,YPL099C,0,-0.709542,0.10863816738128662,0.9337121248245239,0.7660984992980957
YPR043W,YDL148C,0,-0.7101467,0.1086142286658287,0.9337121248245239,0.7662878632545471
YGR113W,YHR082C,0,-0.7104171,0.10859030485153198,0.9337121248245239,0.7664772868156433
YGR199W,YMR301C,0,-0.7117764,0.10856639593839645,0.9337121248245239,0.7666666507720947
YOR304W,YML056C,0,-0.7122279,0.10854249447584152,0.9337121248245239,0.7668560743331909
YHR047C,YBR080C,0,-0.712282,0.10851860046386719,0.9337121248245239,0.7670454382896423
YGR288W,YNL050C,0,-0.713269,0.10849472135305405,0.9337121248245239,0.7672348618507385
YLR401C,YDL198C,0,-0.71369225,0.1084708496928215,0.9337121248245239,0.7674242258071899
YEL022W,YPL050C,0,-0.71514404,0.10844698548316956,0.9337121248245239,0.7676136493682861
YOL136C,YER171W,0,-0.7158113,0.1084231361746788,0.9337121248245239,0.7678030133247375
YAL016W,YLR329W,0,-0.71621233,0.10839929431676865,0.9337121248245239,0.7679924368858337
YJL004C,YLR213C,0,-0.71682554,0.10837546736001968,0.9337121248245239,0.7681818008422852
YDL061C,YDL040C,0,-0.71704036,0.10835164785385132,0.9337121248245239,0.7683712244033813
YDL078C,YGL169W,1,-0.7190938,0.10854756832122803,0.935606062412262,0.7683712244033813
YBR195C,YOR212W,0,-0.7198569,0.10852372646331787,0.935606062412262,0.7685605883598328
YMR049C,YCL024W,0,-0.7205517,0.10849989205598831,0.935606062412262,0.768750011920929
YPL134C,YLR183C,0,-0.72103244,0.10847606509923935,0.935606062412262,0.7689393758773804
YNL131W,YIL133C,0,-0.72191757,0.10845225304365158,0.935606062412262,0.7691287994384766
YDR419W,YNL302C,0,-0.7223587,0.10842844843864441,0.935606062412262,0.769318163394928
YIL134W,YPL244C,0,-0.723233,0.10840465128421783,0.935606062412262,0.7695075869560242
YDR423C,YJR083C,0,-0.7237604,0.10838086903095245,0.935606062412262,0.7696969509124756
YDL133C-A,YNR072W,0,-0.72411406,0.10835709422826767,0.935606062412262,0.7698863744735718
YLR107W,YGL256W,0,-0.72564584,0.10833333432674408,0.935606062412262,0.7700757384300232
YOR327C,YEL056W,0,-0.7264194,0.10830958187580109,0.935606062412262,0.7702651619911194
YFR029W,YBR196C,0,-0.7276538,0.10828583687543869,0.935606062412262,0.7704545259475708
YJL140W,YKR102W,0,-0.72773474,0.10826210677623749,0.935606062412262,0.770643949508667
YPL110C,YFR036W,0,-0.72869045,0.10823838412761688,0.935606062412262,0.7708333134651184
YGR251W,YNL121C,0,-0.7290205,0.10821467638015747,0.935606062412262,0.7710227370262146
YJL112W,YLR425W,0,-0.72907597,0.10819097608327866,0.935606062412262,0.771212100982666
YDR137W,YBR257W,0,-0.7294125,0.10816729068756104,0.935606062412262,0.7714015245437622
YLL004W,YNL307C,0,-0.72947794,0.10814360529184341,0.935606062412262,0.7715908885002136
YOR089C,YHR079C,0,-0.7303019,0.10811994224786758,0.935606062412262,0.7717803120613098
YPL134C,YGR020C,0,-0.730426,0.10809627920389175,0.935606062412262,0.7719696760177612
YEL037C,YAR002C-A,0,-0.7306834,0.10807263106107712,0.935606062412262,0.7721590995788574
YPR072W,YNL121C,0,-0.7320527,0.10804899036884308,0.935606062412262,0.7723484635353088
YKL203C,YML056C,0,-0.7320555,0.10802536457777023,0.935606062412262,0.772537887096405
YMR008C,YHR077C,0,-0.7320783,0.10800174623727798,0.935606062412262,0.7727272510528564
YNL085W,YGL220W,0,-0.73352903,0.10797814279794693,0.935606062412262,0.7729166746139526
YMR049C,YFL066C,0,-0.7340434,0.10795454680919647,0.935606062412262,0.773106038570404
YJL187C,YDR173C,0,-0.7340682,0.10793095827102661,0.935606062412262,0.7732954621315002
YPR137W,YJR005W,0,-0.73575634,0.10790738463401794,0.935606062412262,0.7734848260879517
YJR070C,YFR001W,0,-0.7364465,0.10788381844758987,0.935606062412262,0.7736742496490479
YDR460W,YOL112W,0,-0.7383109,0.1078602597117424,0.935606062412262,0.7738636136054993
YDR174W,YMR229C,0,-0.7384741,0.10783671587705612,0.935606062412262,0.7740530371665955
YKL206C,YPL208W,0,-0.73848146,0.10781317949295044,0.935606062412262,0.7742424011230469
YMR112C,YMR077C,0,-0.7393498,0.10778965801000595,0.935606062412262,0.7744318246841431
YJR051W,YML071C,0,-0.73941785,0.10776614397764206,0.935606062412262,0.7746211886405945
YGL209W,YDR310C,0,-0.739641,0.10774263739585876,0.935606062412262,0.7748106122016907
YNR035C,YOR340C,0,-0.73978895,0.10771914571523666,0.935606062412262,0.7749999761581421
YKL117W,YCR052W,0,-0.7399255,0.10769566148519516,0.935606062412262,0.7751893997192383
YGR199W,YDR332W,0,-0.74085695,0.10767218470573425,0.935606062412262,0.7753787636756897
YMR321C,YAR035W,0,-0.7408802,0.10764872282743454,0.935606062412262,0.7755681872367859
YER103W,YGR072W,0,-0.7410355,0.10762527585029602,0.935606062412262,0.7757575511932373
YPR113W,YMR115W,0,-0.7422425,0.1076018288731575,0.935606062412262,0.7759469747543335
YDL097C,YJL176C,0,-0.74380684,0.10757839679718018,0.935606062412262,0.7761363387107849
YMR146C,YBR223C,0,-0.74384654,0.10755497217178345,0.935606062412262,0.7763257622718811
YCR011C,YDL170W,0,-0.74590796,0.10753156244754791,0.935606062412262,0.7765151262283325
YMR097C,YLR043C,0,-0.74681795,0.10750816017389297,0.935606062412262,0.7767045497894287
YDR351W,YNL084C,0,-0.74783677,0.10748477280139923,0.935606062412262,0.7768939137458801
YLR353W,YBR276C,0,-0.7486614,0.10746138542890549,0.935606062412262,0.7770833373069763
YDL179W,YMR137C,0,-0.7490382,0.10743801295757294,0.935606062412262,0.7772727012634277
YPL240C,YMR136W,0,-0.75036234,0.10741465538740158,0.935606062412262,0.7774621248245239
YJR005W,YKL180W,0,-0.75059587,0.10739130526781082,0.935606062412262,0.7776514887809753
YPL002C,YGR036C,0,-0.7525659,0.10736796259880066,0.935606062412262,0.7778409123420715
YPL163C,YLR145W,0,-0.7545946,0.10734463483095169,0.935606062412262,0.778030276298523
YKL166C,YPL129W,0,-0.7553528,0.10732131451368332,0.935606062412262,0.7782196998596191
YDR076W,YJR140C,0,-0.7575844,0.10729800164699554,0.935606062412262,0.7784090638160706
YDR034C,YLR182W,0,-0.75874376,0.10727470368146896,0.935606062412262,0.7785984873771667
YEL070W,YFL048C,0,-0.7593069,0.10725141316652298,0.935606062412262,0.7787878513336182
YPR171W,YMR200W,0,-0.7600557,0.10722813010215759,0.935606062412262,0.7789772748947144
YLR289W,YHR211W,0,-0.7606103,0.1072048619389534,0.935606062412262,0.7791666388511658
YBR192W,YMR229C,0,-0.7629216,0.1071816012263298,0.935606062412262,0.779356062412262
YGR285C,YER168C,0,-0.7633192,0.1071583479642868,0.935606062412262,0.7795454263687134
YPR171W,YGL233W,0,-0.7637339,0.107135109603405,0.935606062412262,0.7797348499298096
YHR179W,YMR176W,0,-0.7651088,0.10711187869310379,0.935606062412262,0.779924213886261
YPL218W,YMR115W,0,-0.765689,0.10708866268396378,0.935606062412262,0.7801136374473572
YHR175W,YLR005W,0,-0.767736,0.10706545412540436,0.935606062412262,0.7803030014038086
YDL111C,YDR304C,0,-0.76791537,0.10704225301742554,0.935606062412262,0.7804924249649048
YMR146C,YGR036C,0,-0.7684141,0.10701906681060791,0.935606062412262,0.7806817889213562
YML097C,YAL024C,0,-0.7690516,0.10699588805437088,0.935606062412262,0.7808712124824524
YCL025C,YBR074W,0,-0.769111,0.10697271674871445,0.935606062412262,0.7810605764389038
YMR284W,YCR002C,0,-0.76933724,0.10694955289363861,0.935606062412262,0.78125
YPL104W,YDR449C,0,-0.7694015,0.10692640393972397,0.935606062412262,0.7814394235610962
YNL297C,YMR115W,0,-0.7701436,0.10690326988697052,0.935606062412262,0.7816287875175476
YBR020W,YLR033W,0,-0.7737313,0.10688013583421707,0.935606062412262,0.7818182110786438
YNL032W,YBR128C,0,-0.77446085,0.10685701668262482,0.935606062412262,0.7820075750350952
YGR020C,YDR470C,0,-0.77529806,0.10683391243219376,0.935606062412262,0.7821969985961914
YGR010W,YGR179C,0,-0.7760072,0.1068108081817627,0.935606062412262,0.7823863625526428
YDR263C,YBR276C,0,-0.7765223,0.10678771883249283,0.935606062412262,0.782575786113739
YDR034C,YGL226C-A,0,-0.77685976,0.10676464438438416,0.935606062412262,0.7827651500701904
YJL194W,YPL007C,0,-0.7771571,0.10674156993627548,0.935606062412262,0.7829545736312866
YGR214W,YGL004C,0,-0.7790082,0.106718510389328,0.935606062412262,0.783143937587738
YOL038W,YBR170C,0,-0.779265,0.10669546574354172,0.935606062412262,0.7833333611488342
YIR025W,YNL080C,0,-0.77993536,0.10667242854833603,0.935606062412262,0.7835227251052856
YJR010W,YMR159C,0,-0.7804797,0.10664939880371094,0.935606062412262,0.7837121486663818
YDR451C,YCL008C,0,-0.7804828,0.10662637650966644,0.935606062412262,0.7839015126228333
YLR113W,YOL043C,0,-0.7805201,0.10660336911678314,0.935606062412262,0.7840909361839294
YMR117C,YNR006W,0,-0.7805942,0.10658036917448044,0.935606062412262,0.7842803001403809
YPL223C,YGR185C,0,-0.7810783,0.10655737668275833,0.935606062412262,0.784469723701477
YKL090W,YDR527W,0,-0.7820845,0.10653439909219742,0.935606062412262,0.7846590876579285
YCR046C,YCR002C,0,-0.7833882,0.1065114289522171,0.935606062412262,0.7848485112190247
YNR017W,YNR072W,0,-0.7841743,0.10648846626281738,0.935606062412262,0.7850378751754761
YPR200C,YNL258C,0,-0.78513426,0.10646551847457886,0.935606062412262,0.7852272987365723
YER022W,YHR082C,0,-0.7856552,0.10644257813692093,0.935606062412262,0.7854166626930237
YJL124C,YOR098C,0,-0.7863227,0.1064196452498436,0.935606062412262,0.7856060862541199
YPR026W,YER175C,0,-0.7871466,0.10639672726392746,0.935606062412262,0.7857954502105713
YPR167C,YLR208W,0,-0.7874794,0.10637381672859192,0.935606062412262,0.7859848737716675
YNL153C,YPL223C,0,-0.78856236,0.10635091364383698,0.935606062412262,0.7861742377281189
YKL170W,YOR123C,0,-0.7898008,0.10632802546024323,0.935606062412262,0.7863636612892151
YGR081C,YOL052C,0,-0.79153746,0.10630514472723007,0.935606062412262,0.7865530252456665
YML071C,YKR044W,0,-0.7917745,0.10628227144479752,0.935606062412262,0.7867424488067627
YML028W,YDL074C,0,-0.7921991,0.10625941306352615,0.935606062412262,0.7869318127632141
YMR194W,YKL168C,0,-0.79350865,0.10623656213283539,0.935606062412262,0.7871212363243103
YBR247C,YLR208W,0,-0.79393214,0.10621371865272522,0.935606062412262,0.7873106002807617
YMR038C,YBR287W,0,-0.7947609,0.10619088262319565,0.935606062412262,0.7875000238418579
YMR077C,YPL273W,0,-0.79520637,0.10616806149482727,0.935606062412262,0.7876893877983093
YMR168C,YOR353C,0,-0.7956489,0.10614524781703949,0.935606062412262,0.7878788113594055
YKL126W,YDR260C,0,-0.796624,0.1061224490404129,0.935606062412262,0.7880681753158569
YDR411C,YHR077C,0,-0.7972127,0.10609965771436691,0.935606062412262,0.7882575988769531
YGR271W,YNL016W,0,-0.7973284,0.10607687383890152,0.935606062412262,0.7884469628334045
YGL169W,YNL052W,1,-0.797339,0.10626878589391708,0.9375,0.7884469628334045
YJL128C,YPL096W,0,-0.7975232,0.1062459722161293,0.9375,0.7886363863945007
YHR077C,YGL259W,0,-0.79808575,0.10622317343950272,0.9375,0.7888257503509521
YLR291C,YJL029C,0,-0.79824466,0.10620038956403732,0.9375,0.7890151739120483
YKL217W,YGR089W,0,-0.7985552,0.10617760568857193,0.9375,0.7892045378684998
YOR106W,YBR150C,0,-0.79941905,0.10615483671426773,0.9375,0.789393961429596
YER049W,YNL335W,0,-0.79955107,0.10613207519054413,0.9375,0.7895833253860474
YBR202W,YOR313C,0,-0.7997941,0.10610932111740112,0.9375,0.7897727489471436
YGL225W,YCL014W,0,-0.80058706,0.10608658194541931,0.9375,0.789962112903595
YNL073W,YCL026C-B,0,-0.80124384,0.1060638502240181,0.9375,0.7901515364646912
YBL041W,YER074W,0,-0.80139893,0.10604113340377808,0.9375,0.7903409004211426
YNL261W,YKL022C,0,-0.80309814,0.10601841658353806,0.9375,0.7905303239822388
YHR109W,YNL182C,0,-0.8051633,0.10599571466445923,0.9375,0.7907196879386902
YLR452C,YPL098C,0,-0.8060749,0.1059730276465416,0.9375,0.7909091114997864
YPL122C,YNL027W,0,-0.8069437,0.10595034062862396,0.9375,0.7910984754562378
YDL054C,YDR472W,0,-0.80725706,0.10592766851186752,0.9375,0.791287899017334
YBR274W,YPR200C,0,-0.8077603,0.10590500384569168,0.9375,0.7914772629737854
YPR190C,YOR020C,0,-0.8080337,0.10588235408067703,0.9375,0.7916666865348816
YKR071C,YKL007W,0,-0.8094208,0.10585971176624298,0.9375,0.791856050491333
YJL117W,YGR143W,0,-0.8106552,0.10583707690238953,0.9375,0.7920454740524292
YJR005W,YFL010W-A,0,-0.8112319,0.10581444948911667,0.9375,0.7922348380088806
YKL078W,YPR091C,0,-0.81194115,0.105791836977005,0.9375,0.7924242615699768
YDL208W,YPL096W,0,-0.8140572,0.10576923191547394,0.9375,0.7926136255264282
YKR054C,YOL010W,0,-0.81528264,0.10574663430452347,0.9375,0.7928030490875244
YIL139C,YGR199W,0,-0.81637424,0.10572405159473419,0.9375,0.7929924130439758
YOR243C,YPL131W,0,-0.81666046,0.10570147633552551,0.9375,0.793181836605072
YDR167W,YGL203C,0,-0.81778926,0.10567890852689743,0.9375,0.7933712005615234
YLR452C,YBR010W,0,-0.81826496,0.10565634816884995,0.9375,0.7935606241226196
YLR105C,YHR061C,0,-0.8194117,0.10563380271196365,0.9375,0.793749988079071
YEL030W,YMR137C,0,-0.82087284,0.10561126470565796,0.9375,0.7939394116401672
YDR429C,YLL012W,0,-0.82173127,0.10558873414993286,0.9375,0.7941287755966187
YOR324C,YNR072W,0,-0.8221529,0.10556621849536896,0.9375,0.7943181991577148
YHR056C,YLR390W,0,-0.82246715,0.10554371029138565,0.9375,0.7945075631141663
YOL155C,YLL033W,0,-0.8226101,0.10552120953798294,0.9375,0.7946969866752625
YJL004C,YOL136C,0,-0.82270014,0.10549872368574142,0.9375,0.7948863506317139
YNL223W,YOR298W,0,-0.8241918,0.10547623783349991,0.9375,0.7950757741928101
YDL070W,YOR351C,0,-0.8250926,0.10545377433300018,0.9375,0.7952651381492615
YBR006W,YJL060W,0,-0.82680434,0.10543131083250046,0.9375,0.7954545617103577
YNL297C,YJL085W,0,-0.8287229,0.10540886223316193,0.9375,0.7956439256668091
YJR101W,YNL182C,0,-0.82998383,0.1053864136338234,0.9375,0.7958333492279053
YHR119W,YFR052W,0,-0.8316718,0.10536398738622665,0.9375,0.7960227131843567
YJR138W,YBR274W,0,-0.83222806,0.10534156113862991,0.9375,0.7962121367454529
YMR319C,YJL095W,0,-0.8322858,0.10531914979219437,0.9375,0.7964015007019043
YOL070C,YNL274C,0,-0.8325438,0.10529674589633942,0.9375,0.7965909242630005
YBR020W,YKR102W,0,-0.83264303,0.10527434945106506,0.9375,0.7967802882194519
YCR093W,YBR261C,0,-0.8345949,0.1052519679069519,0.9375,0.7969697117805481
YJL187C,YOR126C,0,-0.8368834,0.10522959381341934,0.9375,0.7971590757369995
YKL074C,YDL097C,0,-0.8370406,0.10520722717046738,0.9375,0.7973484992980957
YGL226C-A,YKR102W,0,-0.837232,0.10518486797809601,0.9375,0.7975378632545471
YGR216C,YIL046W,0,-0.8376332,0.10516252368688583,0.9375,0.7977272868156433
YIR011C,YGL014W,0,-0.83856595,0.10514018684625626,0.9375,0.7979166507720947
YIL095W,YHR135C,0,-0.83966017,0.10511785745620728,0.9375,0.7981060743331909
YDR527W,YPL163C,0,-0.84023845,0.10509554296731949,0.9375,0.7982954382896423
YER154W,YOR353C,0,-0.8413258,0.1050732359290123,0.9375,0.7984848618507385
YBL058W,YDR518W,0,-0.842501,0.1050509363412857,0.9375,0.7986742258071899
YOR243C,YIL006W,0,-0.84297293,0.10502864420413971,0.9375,0.7988636493682861
YBL034C,YBR173C,0,-0.8432177,0.10500636696815491,0.9375,0.7990530133247375
YER050C,YOR311C,0,-0.84323066,0.1049840897321701,0.9375,0.7992424368858337
YPL252C,YOL026C,0,-0.8432347,0.1049618348479271,0.9375,0.7994318008422852
YDR499W,YPL099C,0,-0.8438641,0.10493957996368408,0.9375,0.7996212244033813
YGL010W,YJR063W,0,-0.8442406,0.10491733998060226,0.9375,0.7998105883598328
YKL041W,YNL281W,0,-0.8442746,0.10489510744810104,0.9375,0.800000011920929
YOL070C,YPL196W,0,-0.84491885,0.10487288236618042,0.9375,0.8001893758773804
YDR454C,YGR077C,0,-0.844956,0.1048506647348404,0.9375,0.8003787994384766
YDR499W,YOL124C,0,-0.845469,0.10482846200466156,0.9375,0.800568163394928
YDL246C,YDR304C,0,-0.8457481,0.10480626672506332,0.9375,0.8007575869560242
YML051W,YKL001C,0,-0.8460407,0.10478407889604568,0.9375,0.8009469509124756
YLR113W,YNL307C,0,-0.84625864,0.10476190596818924,0.9375,0.8011363744735718
YJR051W,YJL214W,0,-0.8474114,0.10473974049091339,0.9375,0.8013257384300232
YBR287W,YER171W,0,-0.8480013,0.10471758246421814,0.9375,0.8015151619911194
YLR401C,YPR200C,0,-0.8485626,0.10469543188810349,0.9375,0.8017045259475708
YNL153C,YDL061C,0,-0.8504799,0.10467328876256943,0.9375,0.801893949508667
YPR162C,YHR156C,0,-0.8511808,0.10465116053819656,0.9375,0.8020833134651184
YMR013C,YBL089W,0,-0.85136074,0.1046290397644043,0.9375,0.8022727370262146
YJR004C,YLR325C,0,-0.8522457,0.10460693389177322,0.9375,0.802462100982666
YCR093W,YGL103W,0,-0.85318786,0.10458482801914215,0.9375,0.8026515245437622
YHR069C,YDR496C,0,-0.8538087,0.10456273704767227,0.9375,0.8028408885002136
YNL153C,YDR457W,0,-0.85390633,0.10454065352678299,0.9375,0.8030303120613098
YKL013C,YLR113W,0,-0.85426915,0.1045185774564743,0.9375,0.8032196760177612
YOL086C,YLR213C,0,-0.8544998,0.10449651628732681,0.9375,0.8034090995788574
YLL003W,YLL040C,0,-0.856258,0.10447446256875992,0.9375,0.8035984635353088
YCR093W,YGL233W,0,-0.85651916,0.10445241630077362,0.9375,0.803787887096405
YJR053W,YDL039C,0,-0.856625,0.10443037748336792,0.9375,0.8039772510528564
YHR061C,YDR369C,0,-0.8572449,0.10440835356712341,0.9375,0.8041666746139526
YMR065W,YKL205W,0,-0.85736847,0.1043863371014595,0.9375,0.804356038570404
YGR175C,YGL190C,0,-0.8579453,0.10436432808637619,0.9375,0.8045454621315002
YCL008C,YDR211W,0,-0.8584072,0.10434232652187347,0.9375,0.8047348260879517
YOR099W,YIR032C,0,-0.8586816,0.10432033985853195,0.9375,0.8049242496490479
YAL029C,YDL045C,0,-0.8592027,0.10429835319519043,0.9375,0.8051136136054993
YBR128C,YNL258C,0,-0.85924685,0.1042763814330101,0.9375,0.8053030371665955
YIR011C,YNR072W,0,-0.86020035,0.10425442457199097,0.9375,0.8054924011230469
YPR144C,YDL021W,0,-0.8604136,0.10423246771097183,0.9375,0.8056818246841431
YCL057W,YER019C-A,0,-0.8611912,0.10421052575111389,0.9375,0.8058711886405945
YDL171C,YMR213W,0,-0.86371905,0.10418859124183655,0.9375,0.8060606122016907
YPR162C,YDR076W,0,-0.8637797,0.1041666641831398,0.9375,0.8062499761581421
YER049W,YOR274W,0,-0.8664251,0.10414475202560425,0.9375,0.8064393997192383
YOL086C,YBR080C,0,-0.8666833,0.10412284731864929,0.9375,0.8066287636756897
YDL217C,YMR077C,0,-0.8668173,0.10410095006227493,0.9375,0.8068181872367859
YNL102W,YDR146C,0,-0.8669417,0.10407906025648117,0.9375,0.8070075511932373
YJL200C,YPL183W-A,1,-0.8672808,0.10426739603281021,0.939393937587738,0.8070075511932373
YDL055C,YLL012W,0,-0.867533,0.10424548387527466,0.939393937587738,0.8071969747543335
YJR070C,YLR088W,0,-0.8691475,0.1042235791683197,0.939393937587738,0.8073863387107849
YLR244C,YPL083C,0,-0.8708556,0.10420168191194534,0.939393937587738,0.8075757622718811
YPL139C,YLR300W,0,-0.8711535,0.10417979210615158,0.939393937587738,0.8077651262283325
YGL203C,YML036W,0,-0.87214845,0.10415791720151901,0.939393937587738,0.8079545497894287
YMR301C,YHL027W,0,-0.8722796,0.10413604974746704,0.939393937587738,0.8081439137458801
YKL130C,YML006C,0,-0.87256736,0.10411418974399567,0.939393937587738,0.8083333373069763
YDR211W,YOL151W,0,-0.87367874,0.10409233719110489,0.939393937587738,0.8085227012634277
YBR080C,YHR057C,0,-0.87724674,0.1040704995393753,0.939393937587738,0.8087121248245239
YBR247C,YKL161C,0,-0.87844855,0.10404866933822632,0.939393937587738,0.8089014887809753
YPL094C,YPL099C,0,-0.878464,0.10402684658765793,0.939393937587738,0.8090909123420715
YNL192W,YDL148C,0,-0.87855893,0.10400503128767014,0.939393937587738,0.809280276298523
YPL104W,YJR063W,0,-0.8800046,0.10398323088884354,0.939393937587738,0.8094696998596191
YLR183C,YJL192C,0,-0.880671,0.10396143049001694,0.939393937587738,0.8096590638160706
YER150W,YPR060C,0,-0.8817249,0.10393964499235153,0.939393937587738,0.8098484873771667
YOR126C,YDL070W,0,-0.8818138,0.10391787439584732,0.939393937587738,0.8100378513336182
YDL215C,YCR002C,0,-0.8824599,0.10389610379934311,0.939393937587738,0.8102272748947144
YDL061C,YJL141C,0,-0.8833326,0.10387434810400009,0.939393937587738,0.8104166388511658
YMR097C,YER165W,0,-0.8833528,0.10385259985923767,0.939393937587738,0.810606062412262
YGR252W,YNL262W,0,-0.88399583,0.10383085906505585,0.939393937587738,0.8107954263687134
YPL196W,YPL050C,0,-0.8840056,0.10380912572145462,0.939393937587738,0.8109848499298096
YLR452C,YIL046W,0,-0.8841793,0.10378739982843399,0.939393937587738,0.811174213886261
YIR025W,YFR031C,0,-0.8852033,0.10376568883657455,0.939393937587738,0.8113636374473572
YBL011W,YMR075W,0,-0.88601714,0.10374398529529572,0.939393937587738,0.8115530014038086
YGR225W,YMR033W,0,-0.88696843,0.10372228920459747,0.939393937587738,0.8117424249649048
YOR145C,YOR239W,0,-0.887071,0.10370060801506042,0.939393937587738,0.8119317889213562
YNL085W,YMR308C,0,-0.88988364,0.10367892682552338,0.939393937587738,0.8121212124824524
YKL206C,YLL061W,0,-0.8901741,0.10365726053714752,0.939393937587738,0.8123105764389038
YFR036W,YER087C-B,0,-0.890905,0.10363560169935226,0.939393937587738,0.8125
YEL062W,YDR281C,0,-0.8909848,0.1036139577627182,0.939393937587738,0.8126894235610962
YLR197W,YER087C-B,0,-0.8914551,0.10359231382608414,0.939393937587738,0.8128787875175476
YDL036C,YLL040C,0,-0.8926398,0.10357068479061127,0.939393937587738,0.8130682110786438
YGR010W,YNL006W,0,-0.892817,0.103549063205719,0.939393937587738,0.8132575750350952
YDR167W,YDR403W,0,-0.8932549,0.10352744907140732,0.939393937587738,0.8134469985961914
YEL036C,YPR043W,0,-0.89569294,0.10350584238767624,0.939393937587738,0.8136363625526428
YDR453C,YLR440C,0,-0.8966481,0.10348425060510635,0.939393937587738,0.813825786113739
YMR089C,YMR213W,0,-0.89698744,0.10346265882253647,0.939393937587738,0.8140151500701904
YIL042C,YBR257W,0,-0.8986724,0.10344108194112778,0.939393937587738,0.8142045736312866
YLR314C,YPL252C,0,-0.89872736,0.10341951996088028,0.939393937587738,0.814393937587738
YMR218C,YJL176C,0,-0.8999567,0.10339795798063278,0.939393937587738,0.8145833611488342
YMR054W,YGR070W,0,-0.90008694,0.10337640345096588,0.939393937587738,0.8147727251052856
YMR194W,YHR085W,0,-0.90021294,0.10335486382246017,0.939393937587738,0.8149621486663818
YLR389C,YLR145W,0,-0.9003795,0.10333333164453506,0.939393937587738,0.8151515126228333
YJL134W,YMR213W,0,-0.90096456,0.10331180691719055,0.939393937587738,0.8153409361839294
YNL232W,YNL259C,0,-0.90119106,0.10329029709100723,0.939393937587738,0.8155303001403809
YIL143C,YOR145C,0,-0.90237325,0.10326878726482391,0.939393937587738,0.815719723701477
YNL032W,YLR390W,0,-0.9044238,0.10324729233980179,0.939393937587738,0.8159090876579285
YDR254W,YPR190C,0,-0.90468866,0.10322580486536026,0.939393937587738,0.8160985112190247
YKL205W,YPR043W,0,-0.90492123,0.10320432484149933,0.939393937587738,0.8162878751754761
YER101C,YER125W,0,-0.90581566,0.10318285971879959,0.939393937587738,0.8164772987365723
YGL174W,YBR257W,0,-0.9060005,0.10316139459609985,0.939393937587738,0.8166666626930237
YGL183C,YPL027W,0,-0.9061688,0.10313994437456131,0.939393937587738,0.8168560862541199
YIL128W,YPL151C,0,-0.9063156,0.10311850160360336,0.939393937587738,0.8170454502105713
YMR123W,YJL206C,0,-0.90695435,0.10309706628322601,0.939393937587738,0.8172348737716675
YNL117W,YGL169W,1,-0.90732485,0.10328345745801926,0.9412878751754761,0.8172348737716675
YLR383W,YHR008C,0,-0.90791434,0.10326199978590012,0.9412878751754761,0.8174242377281189
YBL085W,YPL011C,0,-0.9094401,0.10324054956436157,0.9412878751754761,0.8176136612892151
YGR036C,YDL074C,0,-0.9100783,0.10321910679340363,0.9412878751754761,0.8178030252456665
YOL104C,YKL015W,0,-0.9101432,0.10319767147302628,0.9412878751754761,0.8179924488067627
YDR254W,YER165W,0,-0.9103249,0.10317625105381012,0.9412878751754761,0.8181818127632141
YOR212W,YPR006C,0,-0.9112881,0.10315483808517456,0.9412878751754761,0.8183712363243103
YMR172W,YPL050C,0,-0.911475,0.1031334325671196,0.9412878751754761,0.8185606002807617
YOR388C,YDL029W,0,-0.9118585,0.10311203449964523,0.9412878751754761,0.8187500238418579
YOL145C,YOL136C,0,-0.91425604,0.10309064388275146,0.9412878751754761,0.8189393877983093
YGL083W,YOR074C,0,-0.9163601,0.10306926816701889,0.9412878751754761,0.8191288113594055
YJR140C,YDR081C,0,-0.9168106,0.10304789245128632,0.9412878751754761,0.8193181753158569
YHR061C,YGR113W,0,-0.9172006,0.10302653163671494,0.9412878751754761,0.8195075988769531
YIL142W,YLL012W,0,-0.91795063,0.10300517827272415,0.9412878751754761,0.8196969628334045
YJL187C,YLR025W,0,-0.91798216,0.10298383980989456,0.9412878751754761,0.8198863863945007
YOR304W,YLR325C,0,-0.9193685,0.10296250134706497,0.9412878751754761,0.8200757503509521
YJR083C,YPR125W,0,-0.9200298,0.10294117778539658,0.9412878751754761,0.8202651739120483
YJR082C,YER101C,0,-0.92171437,0.10291986167430878,0.9412878751754761,0.8204545378684998
YIR038C,YDR461W,0,-0.92243266,0.10289855301380157,0.9412878751754761,0.820643961429596
YHR179W,YKL175W,0,-0.9228588,0.10287725180387497,0.9412878751754761,0.8208333253860474
YNL271C,YJL081C,0,-0.92327744,0.10285595804452896,0.9412878751754761,0.8210227489471436
YDL097C,YDL170W,0,-0.92348903,0.10283467918634415,0.9412878751754761,0.821212112903595
YNR057C,YNR010W,0,-0.92359346,0.10281340777873993,0.9412878751754761,0.8214015364646912
YFL045C,YER115C,0,-0.9243167,0.10279214382171631,0.9412878751754761,0.8215909004211426
YMR172W,YLR033W,0,-0.9247095,0.10277088731527328,0.9412878751754761,0.8217803239822388
YBR287W,YBL092W,0,-0.9261375,0.10274963825941086,0.9412878751754761,0.8219696879386902
YJR057W,YLR329W,0,-0.9261777,0.10272839665412903,0.9412878751754761,0.8221591114997864
YPL050C,YLL040C,0,-0.926388,0.10270716995000839,0.9412878751754761,0.8223484754562378
YEL036C,YGR185C,0,-0.92739964,0.10268595069646835,0.9412878751754761,0.822537899017334
YKR057W,YBR128C,0,-0.9277081,0.10266473889350891,0.9412878751754761,0.8227272629737854
YNL160W,YKL082C,0,-0.92923576,0.10264353454113007,0.9412878751754761,0.8229166865348816
YOR219C,YKL175W,0,-0.9299674,0.10262234508991241,0.9412878751754761,0.823106050491333
YLR206W,YGR185C,0,-0.9301234,0.10260115563869476,0.9412878751754761,0.8232954740524292
YIL159W,YJR034W,0,-0.9311705,0.1025799810886383,0.9412878751754761,0.8234848380088806
YEL031W,YGR216C,0,-0.9346015,0.10255881398916245,0.9412878751754761,0.8236742615699768
YGR052W,YHR069C,0,-0.9351473,0.10253765434026718,0.9412878751754761,0.8238636255264282
YOR206W,YBL092W,0,-0.9355941,0.10251650214195251,0.9412878751754761,0.8240530490875244
YKL186C,YIL076W,0,-0.93595624,0.10249535739421844,0.9412878751754761,0.8242424130439758
YPL196W,YKL015W,0,-0.9381845,0.10247422754764557,0.9412878751754761,0.824431836605072
YKL009W,YML109W,0,-0.94022816,0.10245310515165329,0.9412878751754761,0.8246212005615234
YER125W,YKL082C,0,-0.9403587,0.10243199020624161,0.9412878751754761,0.8248106241226196
YAL016W,YLR325C,0,-0.94089526,0.10241088271141052,0.9412878751754761,0.824999988079071
YCL032W,YIL047C,0,-0.9409445,0.10238978266716003,0.9412878751754761,0.8251894116401672
YGL241W,YGL019W,0,-0.9409764,0.10236869007349014,0.9412878751754761,0.8253787755966187
YNL261W,YNL232W,0,-0.9420418,0.10234761238098145,0.9412878751754761,0.8255681991577148
YJR119C,YLR440C,0,-0.9425407,0.10232654213905334,0.9412878751754761,0.8257575631141663
YLR105C,YMR276W,0,-0.9433104,0.10230547189712524,0.9412878751754761,0.8259469866752625
YNL163C,YLR390W,0,-0.9446121,0.10228442400693893,0.9412878751754761,0.8261363506317139
YLL033W,YKL124W,0,-0.9447771,0.10226337611675262,0.9412878751754761,0.8263257741928101
YBR059C,YNR060W,0,-0.94495326,0.10224233567714691,0.9412878751754761,0.8265151381492615
YLR043C,YER171W,0,-0.945946,0.10222131013870239,0.9412878751754761,0.8267045617103577
YLR107W,YDL225W,0,-0.9460152,0.10220028460025787,0.9412878751754761,0.8268939256668091
YLR452C,YKL015W,0,-0.94603425,0.10217927396297455,0.9412878751754761,0.8270833492279053
YDL036C,YAL054C,0,-0.9462064,0.10215827077627182,0.9412878751754761,0.8272727131843567
YOL038W,YJR112W,0,-0.9465799,0.10213728249073029,0.9412878751754761,0.8274621367454529
YLL045C,YDR170C,0,-0.94695467,0.10211629420518875,0.9412878751754761,0.8276515007019043
YHR030C,YDR472W,0,-0.94703907,0.10209531337022781,0.9412878751754761,0.8278409242630005
YLR183C,YOL158C,0,-0.9483748,0.10207434743642807,0.9412878751754761,0.8280302882194519
YDR429C,YGL103W,0,-0.94857883,0.10205338895320892,0.9412878751754761,0.8282197117805481
YER151C,YBR177C,0,-0.94885904,0.10203243792057037,0.9412878751754761,0.8284090757369995
YGR105W,YDR229W,0,-0.9497004,0.10201149433851242,0.9412878751754761,0.8285984992980957
YLR080W,YBR278W,0,-0.9510587,0.10199055820703506,0.9412878751754761,0.8287878632545471
YGR036C,YOL104C,0,-0.9516813,0.1019696369767189,0.9412878751754761,0.8289772868156433
YMR123W,YBR230C,0,-0.9534376,0.10194871574640274,0.9412878751754761,0.8291666507720947
YOR274W,YML099C,0,-0.9537651,0.10192780941724777,0.9412878751754761,0.8293560743331909
YLR401C,YFL045C,0,-0.95472604,0.1019069105386734,0.9412878751754761,0.8295454382896423
YBL034C,YHR057C,0,-0.9551675,0.10188601911067963,0.9412878751754761,0.8297348618507385
YJR005W,YDL040C,0,-0.95558155,0.10186513513326645,0.9412878751754761,0.8299242258071899
YOL124C,YOR038C,0,-0.956782,0.10184425860643387,0.9412878751754761,0.8301136493682861
YNL153C,YDL059C,0,-0.9569149,0.10182339698076248,0.9412878751754761,0.8303030133247375
YOL038W,YNL267W,0,-0.95713145,0.10180254280567169,0.9412878751754761,0.8304924368858337
YOR168W,YOR123C,0,-0.9580881,0.1017816886305809,0.9412878751754761,0.8306818008422852
YEL070W,YMR213W,0,-0.95884925,0.1017608493566513,0.9412878751754761,0.8308712244033813
YAL033W,YOR279C,0,-0.95969313,0.10174001753330231,0.9412878751754761,0.8310605883598328
YPL119C,YMR075W,0,-0.9599339,0.1017192006111145,0.9412878751754761,0.831250011920929
YDR138W,YIR005W,0,-0.96202964,0.1016983836889267,0.9412878751754761,0.8314393758773804
YEL052W,YJL006C,0,-0.9630342,0.10167757421731949,0.9412878751754761,0.8316287994384766
YNL102W,YDR389W,0,-0.9639842,0.10165677964687347,0.9412878751754761,0.831818163394928
YGL244W,YBL068W,0,-0.96526426,0.10163599252700806,0.9412878751754761,0.8320075869560242
YGR282C,YDR226W,0,-0.9681035,0.10161521285772324,0.9412878751754761,0.8321969509124756
YPL087W,YPL093W,0,-0.9694678,0.10159444063901901,0.9412878751754761,0.8323863744735718
YOR388C,YLR291C,0,-0.970451,0.10157367587089539,0.9412878751754761,0.8325757384300232
YBR118W,YLR129W,0,-0.97047967,0.10155291855335236,0.9412878751754761,0.8327651619911194
YDL227C,YOR085W,0,-0.9709274,0.10153217613697052,0.9412878751754761,0.8329545259475708
YHR175W,YGL241W,0,-0.97123486,0.10151144117116928,0.9412878751754761,0.833143949508667
YDL246C,YGL174W,0,-0.9723123,0.10149070620536804,0.9412878751754761,0.8333333134651184
YDL078C,YLR028C,1,-0.9740656,0.1016741544008255,0.9431818127632141,0.8333333134651184
YDR240C,YMR200W,0,-0.97820747,0.10165339708328247,0.9431818127632141,0.8335227370262146
YIL061C,YNL032W,0,-0.9784559,0.10163265466690063,0.9431818127632141,0.833712100982666
YLR197W,YIL048W,0,-0.9786033,0.1016119122505188,0.9431818127632141,0.8339015245437622
YKR055W,YJL128C,0,-0.9790243,0.10159118473529816,0.9431818127632141,0.8340908885002136
YIR011C,YLR359W,0,-0.97962284,0.10157046467065811,0.9431818127632141,0.8342803120613098
YIL142W,YOR279C,0,-0.98006237,0.10154975205659866,0.9431818127632141,0.8344696760177612
YJL011C,YDR473C,0,-0.9813776,0.10152905434370041,0.9431818127632141,0.8346590995788574
YCL057W,YBR031W,0,-0.9825144,0.10150835663080215,0.9431818127632141,0.8348484635353088
YNR057C,YOR351C,0,-0.982632,0.1014876738190651,0.9431818127632141,0.835037887096405
YOR147W,YBR243C,1,-0.98371315,0.10167074203491211,0.9450757503509521,0.835037887096405
YDR378C,YNL282W,0,-0.98406094,0.10165002942085266,0.9450757503509521,0.8352272510528564
YMR078C,YEL030W,0,-0.98497015,0.10162932425737381,0.9450757503509521,0.8354166746139526
YLR020C,YER190W,0,-0.98501855,0.10160863399505615,0.9450757503509521,0.835606038570404
YKR102W,YFL013C,0,-0.98568916,0.10158795118331909,0.9450757503509521,0.8357954621315002
YPL064C,YOR349W,0,-0.98664683,0.10156726837158203,0.9450757503509521,0.8359848260879517
YDR205W,YBR170C,0,-0.98719066,0.10154660046100616,0.9450757503509521,0.8361742496490479
YDR460W,YJL060W,0,-0.9885078,0.1015259400010109,0.9450757503509521,0.8363636136054993
YPR113W,YAR031W,0,-0.98924285,0.10150528699159622,0.9450757503509521,0.8365530371665955
YLL033W,YDL225W,0,-0.99167013,0.10148464143276215,0.9450757503509521,0.8367424011230469
YKL217W,YNL182C,0,-0.99170035,0.10146401077508926,0.9450757503509521,0.8369318246841431
YDR174W,YLR145W,0,-0.991829,0.10144338011741638,0.9450757503509521,0.8371211886405945
YMR182C,YDR304C,0,-0.99323606,0.1014227643609047,0.9450757503509521,0.8373106122016907
YJL191W,YBR276C,0,-0.9937349,0.1014021560549736,0.9450757503509521,0.8374999761581421
YNL232W,YMR075W,0,-0.9954808,0.10138155519962311,0.9450757503509521,0.8376893997192383
YIL139C,YIL048W,0,-0.995581,0.10136096179485321,0.9450757503509521,0.8378787636756897
YMR238W,YNR044W,0,-0.99630946,0.10134037584066391,0.9450757503509521,0.8380681872367859
YML049C,YBR173C,0,-0.9963909,0.1013197973370552,0.9450757503509521,0.8382575511932373
YKL013C,YNR067C,0,-0.99639976,0.1012992262840271,0.9450757503509521,0.8384469747543335
YDL061C,YDR496C,0,-0.9966482,0.10127867013216019,0.9450757503509521,0.8386363387107849
YLR228C,YOR349W,0,-0.997004,0.10125811398029327,0.9450757503509521,0.8388257622718811
YML099C,YOR340C,0,-0.9970818,0.10123757272958755,0.9450757503509521,0.8390151262283325
YMR218C,YDL097C,0,-0.99797195,0.10121703892946243,0.9450757503509521,0.8392045497894287
YOR176W,YFL017W-A,0,-0.99854493,0.10119651257991791,0.9450757503509521,0.8393939137458801
YGL186C,YDR218C,0,-0.9986511,0.10117599368095398,0.9450757503509521,0.8395833373069763
YGR010W,YFL045C,0,-0.99865514,0.10115548223257065,0.9450757503509521,0.8397727012634277
YNL297C,YER002W,0,-0.99961454,0.10113497823476791,0.9450757503509521,0.8399621248245239
YPL112C,YPL007C,0,-1.0000116,0.10111448913812637,0.9450757503509521,0.8401514887809753
YDR263C,YKL190W,0,-1.0027124,0.10109400004148483,0.9450757503509521,0.8403409123420715
YER017C,YBR010W,0,-1.0038891,0.10107352584600449,0.9450757503509521,0.840530276298523
YKL175W,YGR089W,0,-1.0063443,0.10105305910110474,0.9450757503509521,0.8407196998596191
YOR323C,YPL002C,0,-1.008352,0.10103259980678558,0.9450757503509521,0.8409090638160706
YBL052C,YGL148W,0,-1.0095671,0.10101214796304703,0.9450757503509521,0.8410984873771667
YER165W,YMR273C,0,-1.0111922,0.10099170356988907,0.9450757503509521,0.8412878513336182
YDR460W,YBL079W,0,-1.0121958,0.1009712666273117,0.9450757503509521,0.8414772748947144
YOR206W,YGR118W,0,-1.0124662,0.10095083713531494,0.9450757503509521,0.8416666388511658
YER125W,YDR527W,0,-1.0124745,0.10093042254447937,0.9450757503509521,0.841856062412262
YEL062W,YLR088W,0,-1.0133365,0.1009100079536438,0.9450757503509521,0.8420454263687134
YKR036C,YIR039C,0,-1.0139996,0.10088960826396942,0.9450757503509521,0.8422348499298096
YGL112C,YHL027W,0,-1.016893,0.10086921602487564,0.9450757503509521,0.842424213886261
YJL029C,YLL040C,0,-1.0180149,0.10084883123636246,0.9450757503509521,0.8426136374473572
YLR390W,YGR089W,0,-1.01861,0.10082845389842987,0.9450757503509521,0.8428030014038086
YLR187W,YGL060W,0,-1.0214309,0.10080808401107788,0.9450757503509521,0.8429924249649048
YNL282W,YEL056W,0,-1.0217068,0.10078772157430649,0.9450757503509521,0.8431817889213562
YOR106W,YNL078W,0,-1.0220286,0.10076736658811569,0.9450757503509521,0.8433712124824524
YAR002C-A,YLR390W,0,-1.0246074,0.1007470190525055,0.9450757503509521,0.8435605764389038
YDR030C,YNL078W,0,-1.0266598,0.10072668641805649,0.9450757503509521,0.84375
YLR386W,YBL079W,0,-1.0273995,0.10070635378360748,0.9450757503509521,0.8439394235610962
YLL034C,YPL065W,0,-1.0276511,0.10068603605031967,0.9450757503509521,0.8441287875175476
YEL037C,YDR416W,0,-1.0295625,0.10066572576761246,0.9450757503509521,0.8443182110786438
YDR211W,YJR063W,0,-1.0299393,0.10064542293548584,0.9450757503509521,0.8445075750350952
YOL165C,YJL095W,0,-1.0305235,0.10062512755393982,0.9450757503509521,0.8446969985961914
YMR008C,YPR060C,0,-1.030813,0.1006048396229744,0.9450757503509521,0.8448863625526428
YGR264C,YDR081C,0,-1.0308897,0.10058455914258957,0.9450757503509521,0.845075786113739
YNL127W,YKL096W-A,0,-1.0316122,0.10056428611278534,0.9450757503509521,0.8452651500701904
YML097C,YKR028W,0,-1.0316473,0.1005440279841423,0.9450757503509521,0.8454545736312866
YBR287W,YDL208W,0,-1.031908,0.10052376985549927,0.9450757503509521,0.845643937587738
YML097C,YJL085W,0,-1.0323529,0.10050352662801743,0.9450757503509521,0.8458333611488342
YPR171W,YMR239C,0,-1.03285,0.10048328340053558,0.9450757503509521,0.8460227251052856
YKL090W,YBL026W,0,-1.0357813,0.10046305507421494,0.9450757503509521,0.8462121486663818
YOL010W,YOL093W,0,-1.0360967,0.10044283419847488,0.9450757503509521,0.8464015126228333
YGL220W,YPL065W,0,-1.0368278,0.10042262077331543,0.9450757503509521,0.8465909361839294
YPR189W,YEL052W,0,-1.0373794,0.10040241479873657,0.9450757503509521,0.8467803001403809
YJR070C,YGR134W,0,-1.0375264,0.10038221627473831,0.9450757503509521,0.846969723701477
YIL061C,YJL141C,0,-1.0381639,0.10036202520132065,0.9450757503509521,0.8471590876579285
YDR082W,YDR174W,0,-1.0389712,0.10034184902906418,0.9450757503509521,0.8473485112190247
YOR106W,YDL035C,0,-1.0392436,0.10032167285680771,0.9450757503509521,0.8475378751754761
YOL066C,YMR273C,0,-1.0396645,0.10030150413513184,0.9450757503509521,0.8477272987365723
YBR115C,YGR143W,0,-1.039705,0.10028135031461716,0.9450757503509521,0.8479166626930237
YJR119C,YAL031C,0,-1.0400777,0.10026120394468307,0.9450757503509521,0.8481060862541199
YCR060W,YDR172W,0,-1.0406716,0.10024105757474899,0.9450757503509521,0.8482954502105713
YDL215C,YBL085W,0,-1.043785,0.1002209261059761,0.9450757503509521,0.8484848737716675
YEL036C,YIL035C,0,-1.044948,0.10020080208778381,0.9450757503509521,0.8486742377281189
YGR216C,YDR496C,0,-1.0464444,0.10018068552017212,0.9450757503509521,0.8488636612892151
YLR208W,YGL071W,0,-1.046699,0.10016057640314102,0.9450757503509521,0.8490530252456665
YKL166C,YDL015C,0,-1.0471029,0.10014047473669052,0.9450757503509521,0.8492424488067627
YEL037C,YPR198W,0,-1.0472732,0.10012038797140121,0.9450757503509521,0.8494318127632141
YHR058C,YNL175C,0,-1.0478384,0.10010030120611191,0.9450757503509521,0.8496212363243103
YGL014W,YDL227C,0,-1.0490178,0.1000802218914032,0.9450757503509521,0.8498106002807617
YNL117W,YJL200C,1,-1.0491843,0.1002606749534607,0.9469696879386902,0.8498106002807617
YLR291C,YPL218W,0,-1.0496395,0.10024058073759079,0.9469696879386902,0.8500000238418579
YOR159C,YGL233W,0,-1.049904,0.10022048652172089,0.9469696879386902,0.8501893877983093
YEL012W,YBR274W,0,-1.0500698,0.10020039975643158,0.9469696879386902,0.8503788113594055
YFR029W,YBR282W,0,-1.0506456,0.10018032789230347,0.9469696879386902,0.8505681753158569
YDR371W,YER104W,0,-1.0507163,0.10016025602817535,0.9469696879386902,0.8507575988769531
YDR030C,YCL026C-B,0,-1.0507793,0.10014019906520844,0.9469696879386902,0.8509469628334045
YKL007W,YDR310C,0,-1.051211,0.10012014210224152,0.9469696879386902,0.8511363863945007
YDL245C,YLR141W,0,-1.0513217,0.10010010004043579,0.9469696879386902,0.8513257503509521
YNL236W,YDL059C,0,-1.0520257,0.10008006542921066,0.9469696879386902,0.8515151739120483
YGL174W,YHR079C,0,-1.0549654,0.10006003826856613,0.9469696879386902,0.8517045378684998
YLR404W,YOL124C,0,-1.0563116,0.1000400185585022,0.9469696879386902,0.851893961429596
YKR008W,YOR126C,0,-1.0563364,0.10002000629901886,0.9469696879386902,0.8520833253860474
YOR168W,YPL196W,0,-1.0563836,0.10000000149011612,0.9469696879386902,0.8522727489471436
YKR019C,YNL298W,0,-1.0565734,0.09998000413179398,0.9469696879386902,0.852462112903595
YLL019C,YJL071W,0,-1.0571027,0.09996001422405243,0.9469696879386902,0.8526515364646912
YIR025W,YPR171W,0,-1.0577893,0.09994003921747208,0.9469696879386902,0.8528409004211426
YGR095C,YLL027W,0,-1.0578887,0.09992006421089172,0.9469696879386902,0.8530303239822388
YOR388C,YKR028W,0,-1.0585434,0.09990009665489197,0.9469696879386902,0.8532196879386902
YJL172W,YFL023W,0,-1.0591986,0.0998801440000534,0.9469696879386902,0.8534091114997864
YLL051C,YIL035C,0,-1.0596035,0.09986019879579544,0.9469696879386902,0.8535984754562378
YDR414C,YOL052C,0,-1.06023,0.09984025359153748,0.9469696879386902,0.853787899017334
YGR238C,YGL174W,0,-1.0614678,0.0998203232884407,0.9469696879386902,0.8539772629737854
YDR229W,YCR026C,0,-1.0618548,0.09980040043592453,0.9469696879386902,0.8541666865348816
YJL024C,YKL130C,0,-1.0627666,0.09978048503398895,0.9469696879386902,0.854356050491333
YOL111C,YHR039C-A,0,-1.0635998,0.09976057708263397,0.9469696879386902,0.8545454740524292
YBR275C,YLR009W,0,-1.0645466,0.09974067658185959,0.9469696879386902,0.8547348380088806
YNR003C,YOR226C,0,-1.0648066,0.0997207835316658,0.9469696879386902,0.8549242615699768
YBR002C,YBR080C,0,-1.0649906,0.09970089793205261,0.9469696879386902,0.8551136255264282
YER117W,YEL070W,0,-1.0651584,0.09968101978302002,0.9469696879386902,0.8553030490875244
YEL036C,YDR226W,0,-1.0652342,0.09966114908456802,0.9469696879386902,0.8554924130439758
YDR229W,YJL006C,0,-1.066715,0.09964129328727722,0.9469696879386902,0.855681836605072
YIL061C,YOR194C,0,-1.0701,0.09962143748998642,0.9469696879386902,0.8558712005615234
YGL068W,YGL169W,1,-1.070734,0.09980079531669617,0.9488636255264282,0.8558712005615234
YMR061W,YDL047W,0,-1.071357,0.09978091716766357,0.9488636255264282,0.8560606241226196
YGL004C,YJL176C,0,-1.0727121,0.09976105391979218,0.9488636255264282,0.856249988079071
YDL216C,YNL070W,0,-1.0728159,0.09974119067192078,0.9488636255264282,0.8564394116401672
YBR170C,YKR069W,0,-1.0733098,0.09972133487462997,0.9488636255264282,0.8566287755966187
YOR168W,YCL008C,0,-1.0739377,0.09970149397850037,0.9488636255264282,0.8568181991577148
YKR103W,YKL172W,0,-1.0740639,0.09968165308237076,0.9488636255264282,0.8570075631141663
YOR275C,YBL068W,0,-1.074075,0.09966182708740234,0.9488636255264282,0.8571969866752625
YBL058W,YPR190C,0,-1.074408,0.09964200109243393,0.9488636255264282,0.8573863506317139
YDR310C,YMR270C,0,-1.0746217,0.09962218999862671,0.9488636255264282,0.8575757741928101
YFL048C,YBR192W,0,-1.0750355,0.09960238635540009,0.9488636255264282,0.8577651381492615
YMR025W,YKR002W,0,-1.0765278,0.09958259016275406,0.9488636255264282,0.8579545617103577
YOR304W,YGR169C,0,-1.0771427,0.09956280142068863,0.9488636255264282,0.8581439256668091
YDR067C,YFL045C,0,-1.077929,0.0995430126786232,0.9488636255264282,0.8583333492279053
YOR025W,YGR155W,0,-1.0786359,0.09952323883771896,0.9488636255264282,0.8585227131843567
YLR165C,YKL205W,0,-1.079145,0.09950347244739532,0.9488636255264282,0.8587121367454529
YJR082C,YGL200C,0,-1.0801439,0.09948372095823288,0.9488636255264282,0.8589015007019043
YMR180C,YNR035C,0,-1.0802541,0.09946396946907043,0.9488636255264282,0.8590909242630005
YHR119W,YNR028W,0,-1.0803246,0.09944422543048859,0.9488636255264282,0.8592802882194519
YKR057W,YNL147W,0,-1.0811131,0.09942448884248734,0.9488636255264282,0.8594697117805481
YJR057W,YOL043C,0,-1.0815161,0.09940475970506668,0.9488636255264282,0.8596590757369995
YKL020C,YMR137C,0,-1.0818079,0.09938504546880722,0.9488636255264282,0.8598484992980957
YOR323C,YJR031C,0,-1.0818802,0.09936533123254776,0.9488636255264282,0.8600378632545471
YKL041W,YLR383W,0,-1.083199,0.0993456244468689,0.9488636255264282,0.8602272868156433
YLR130C,YGL190C,0,-1.0849905,0.09932593256235123,0.9488636255264282,0.8604166507720947
YPR060C,YLR213C,0,-1.0855267,0.09930624067783356,0.9488636255264282,0.8606060743331909
YCL014W,YGR143W,0,-1.0861363,0.09928656369447708,0.9488636255264282,0.8607954382896423
YKL180W,YFL048C,0,-1.086797,0.0992668941617012,0.9488636255264282,0.8609848618507385
YDR460W,YBR177C,0,-1.0876575,0.09924722462892532,0.9488636255264282,0.8611742258071899
YEL036C,YDR081C,0,-1.0892903,0.09922756999731064,0.9488636255264282,0.8613636493682861
YOR311C,YNL259C,0,-1.0894468,0.09920792281627655,0.9488636255264282,0.8615530133247375
YML112W,YMR039C,0,-1.0905337,0.09918828308582306,0.9488636255264282,0.8617424368858337
YNL314W,YNL290W,0,-1.0908804,0.09916864335536957,0.9488636255264282,0.8619318008422852
YGL162W,YLR009W,0,-1.0917916,0.09914901852607727,0.9488636255264282,0.8621212244033813
YOL066C,YDR457W,0,-1.0919067,0.09912940114736557,0.9488636255264282,0.8623105883598328
YMR049C,YOR323C,0,-1.0921557,0.09910979121923447,0.9488636255264282,0.862500011920929
YPR026W,YLL004W,0,-1.0932119,0.09909018874168396,0.9488636255264282,0.8626893758773804
YOR038C,YLR024C,0,-1.0937427,0.09907059371471405,0.9488636255264282,0.8628787994384766
YPR198W,YFL023W,0,-1.094372,0.09905100613832474,0.9488636255264282,0.863068163394928
YKR020W,YGL183C,0,-1.0955322,0.09903142601251602,0.9488636255264282,0.8632575869560242
YOR301W,YHR085W,0,-1.0956002,0.0990118607878685,0.9488636255264282,0.8634469509124756
YLL034C,YOL151W,0,-1.0956473,0.09899229556322098,0.9488636255264282,0.8636363744735718
YMR019W,YDL024C,0,-1.0959512,0.09897273778915405,0.9488636255264282,0.8638257384300232
YOR310C,YOR098C,0,-1.0972039,0.09895318746566772,0.9488636255264282,0.8640151619911194
YGR081C,YDL059C,0,-1.097469,0.09893365204334259,0.9488636255264282,0.8642045259475708
YML051W,YFL001W,0,-1.0983407,0.09891411662101746,0.9488636255264282,0.864393949508667
YGL220W,YNR028W,0,-1.0996971,0.09889458864927292,0.9488636255264282,0.8645833134651184
YOR106W,YER151C,0,-1.0997823,0.09887507557868958,0.9488636255264282,0.8647727370262146
YLL051C,YNL259C,0,-1.0999187,0.09885556250810623,0.9488636255264282,0.864962100982666
YIL002C,YER022W,0,-1.1007807,0.09883606433868408,0.9488636255264282,0.8651515245437622
YML036W,YKR026C,0,-1.1014596,0.09881656616926193,0.9488636255264282,0.8653408885002136
YEL037C,YDR470C,0,-1.1030252,0.09879708290100098,0.9488636255264282,0.8655303120613098
YML073C,YPL163C,0,-1.1036837,0.09877759963274002,0.9488636255264282,0.8657196760177612
YIR005W,YOR180C,0,-1.1040761,0.09875813126564026,0.9488636255264282,0.8659090995788574
YJL112W,YJL140W,0,-1.1041667,0.0987386703491211,0.9488636255264282,0.8660984635353088
YGR288W,YOR162C,0,-1.1044917,0.09871920943260193,0.9488636255264282,0.866287887096405
YNL236W,YGR171C,0,-1.1049702,0.09869976341724396,0.9488636255264282,0.8664772510528564
YOL151W,YIL133C,0,-1.1050515,0.09868032485246658,0.9488636255264282,0.8666666746139526
YML032C,YIL134W,0,-1.1052564,0.0986608937382698,0.9488636255264282,0.866856038570404
YCR060W,YDL217C,0,-1.1058197,0.09864146262407303,0.9488636255264282,0.8670454621315002
YLR383W,YJL053W,0,-1.1066246,0.09862204641103745,0.9488636255264282,0.8672348260879517
YNL273W,YDR218C,0,-1.1070141,0.09860263764858246,0.9488636255264282,0.8674242496490479
YDL111C,YML049C,0,-1.1071082,0.09858323633670807,0.9488636255264282,0.8676136136054993
YLR440C,YGL113W,0,-1.107763,0.09856384247541428,0.9488636255264282,0.8678030371665955
YLL041C,YGL169W,1,-1.1081262,0.09874115139245987,0.9507575631141663,0.8678030371665955
YIL079C,YER171W,0,-1.1083328,0.09872172772884369,0.9507575631141663,0.8679924011230469
YBL058W,YNL290W,0,-1.1085776,0.0987023189663887,0.9507575631141663,0.8681818246841431
YDL217C,YGL004C,0,-1.1087853,0.09868291765451431,0.9507575631141663,0.8683711886405945
YBR081C,YGL112C,0,-1.109077,0.09866352379322052,0.9507575631141663,0.8685606122016907
YNL127W,YIL021W,0,-1.1106658,0.09864413738250732,0.9507575631141663,0.8687499761581421
YMR061W,YPR006C,0,-1.1109741,0.09862475097179413,0.9507575631141663,0.8689393997192383
YBR223C,YMR240C,0,-1.1125209,0.09860537946224213,0.9507575631141663,0.8691287636756897
YJL130C,YKL124W,0,-1.1140875,0.09858601540327072,0.9507575631141663,0.8693181872367859
YGL162W,YIL142W,0,-1.1158938,0.09856665879487991,0.9507575631141663,0.8695075511932373
YKL090W,YLR145W,0,-1.1165975,0.0985473096370697,0.9507575631141663,0.8696969747543335
YOR159C,YIL140W,0,-1.1168787,0.09852796792984009,0.9507575631141663,0.8698863387107849
YLR452C,YMR193W,0,-1.1172132,0.09850863367319107,0.9507575631141663,0.8700757622718811
YNL153C,YMR194W,0,-1.1172361,0.09848930686712265,0.9507575631141663,0.8702651262283325
YGL162W,YIL139C,0,-1.1182864,0.09846998751163483,0.9507575631141663,0.8704545497894287
YDL217C,YNL267W,0,-1.1214471,0.0984506756067276,0.9507575631141663,0.8706439137458801
YDR245W,YJL095W,0,-1.1228685,0.09843137115240097,0.9507575631141663,0.8708333373069763
YOL093W,YDL077C,0,-1.123118,0.09841207414865494,0.9507575631141663,0.8710227012634277
YGR276C,YJR063W,0,-1.1237403,0.0983927845954895,0.9507575631141663,0.8712121248245239
YPL151C,YNL102W,0,-1.1262444,0.09837350249290466,0.9507575631141663,0.8714014887809753
YLR383W,YDL047W,0,-1.1270311,0.09835423529148102,0.9507575631141663,0.8715909123420715
YGR056W,YGL190C,0,-1.127584,0.09833496809005737,0.9507575631141663,0.871780276298523
YGR251W,YNR015W,0,-1.1277434,0.09831570833921432,0.9507575631141663,0.8719696998596191
YCL014W,YBR037C,0,-1.1298054,0.09829645603895187,0.9507575631141663,0.8721590638160706
YLR383W,YMR143W,0,-1.1305484,0.09827721118927002,0.9507575631141663,0.8723484873771667
YHR061C,YNR017W,0,-1.1311479,0.09825797379016876,0.9507575631141663,0.8725378513336182
YGR264C,YEL041W,0,-1.1315391,0.0982387438416481,0.9507575631141663,0.8727272748947144
YPL042C,YDR310C,0,-1.1336036,0.09821952879428864,0.9507575631141663,0.8729166388511658
YOL111C,YNL192W,0,-1.1337756,0.09820031374692917,0.9507575631141663,0.873106062412262
YOL052C,YGL004C,0,-1.1343765,0.0981811061501503,0.9507575631141663,0.8732954263687134
YKL090W,YDL225W,0,-1.1352265,0.09816190600395203,0.9507575631141663,0.8734848499298096
YBR095C,YOR008C,0,-1.1363347,0.09814272075891495,0.9507575631141663,0.873674213886261
YDL036C,YPR111W,0,-1.1379809,0.09812353551387787,0.9507575631141663,0.8738636374473572
YDL084W,YMR019W,0,-1.1383426,0.09810435771942139,0.9507575631141663,0.8740530014038086
YLR197W,YPR030W,0,-1.1397532,0.0980851873755455,0.9507575631141663,0.8742424249649048
YHR002W,YMR061W,0,-1.1411043,0.09806603193283081,0.9507575631141663,0.8744317889213562
YNR010W,YOR351C,0,-1.1417601,0.09804687649011612,0.9507575631141663,0.8746212124824524
YGR167W,YER017C,0,-1.1421056,0.09802772849798203,0.9507575631141663,0.8748105764389038
YDR146C,YOR327C,0,-1.1423718,0.09800858795642853,0.9507575631141663,0.875
YLL019C,YPL244C,0,-1.1466331,0.09798946231603622,0.9507575631141663,0.8751894235610962
YIL094C,YJL085W,0,-1.1467154,0.09797033667564392,0.9507575631141663,0.8753787875175476
YGR085C,YDR240C,0,-1.1474178,0.09795121848583221,0.9507575631141663,0.8755682110786438
YNL261W,YMR240C,0,-1.1483493,0.0979321077466011,0.9507575631141663,0.8757575750350952
YDR082W,YLR197W,0,-1.1486299,0.09791301190853119,0.9507575631141663,0.8759469985961914
YPL273W,YOR085W,0,-1.1505456,0.09789391607046127,0.9507575631141663,0.8761363625526428
YOL165C,YNR035C,0,-1.1512513,0.09787482768297195,0.9507575631141663,0.876325786113739
YPR137W,YGL190C,0,-1.1524067,0.09785575419664383,0.9507575631141663,0.8765151500701904
YJL200C,YJL103C,1,-1.1524541,0.09803157299757004,0.9526515007019043,0.8765151500701904
YJR138W,YPL112C,0,-1.1534021,0.09801246970891953,0.9526515007019043,0.8767045736312866
YPR144C,YGR185C,0,-1.1542308,0.09799337387084961,0.9526515007019043,0.876893937587738
YOR388C,YKL015W,0,-1.1547477,0.09797428548336029,0.9526515007019043,0.8770833611488342
YGL203C,YOL004W,0,-1.15662,0.09795521199703217,0.9526515007019043,0.8772727251052856
YFR013W,YGL112C,0,-1.1568344,0.09793613851070404,0.9526515007019043,0.8774621486663818
YJL024C,YGL060W,0,-1.1572037,0.09791707247495651,0.9526515007019043,0.8776515126228333
YNL163C,YEL030W,0,-1.1576383,0.09789801388978958,0.9526515007019043,0.8778409361839294
YDR240C,YPL098C,0,-1.1585872,0.09787896275520325,0.9526515007019043,0.8780303001403809
YKL103C,YNL110C,0,-1.1589622,0.09785991907119751,0.9526515007019043,0.878219723701477
YBR081C,YOR194C,0,-1.1592736,0.09784089028835297,0.9526515007019043,0.8784090876579285
YDL029W,YGR214W,0,-1.160733,0.09782186150550842,0.9526515007019043,0.8785985112190247
YKR071C,YPR043W,0,-1.1617812,0.09780284017324448,0.9526515007019043,0.8787878751754761
YML071C,YNR010W,0,-1.1624496,0.09778382629156113,0.9526515007019043,0.8789772987365723
YKL041W,YNR010W,0,-1.1633222,0.09776481986045837,0.9526515007019043,0.8791666626930237
YDR454C,YLR353W,0,-1.1641138,0.09774582087993622,0.9526515007019043,0.8793560862541199
YLL008W,YML056C,0,-1.1642374,0.09772682934999466,0.9526515007019043,0.8795454502105713
YMR146C,YMR159C,0,-1.1651828,0.0977078452706337,0.9526515007019043,0.8797348737716675
YGL169W,YBR026C,1,-1.1657736,0.09788308292627335,0.9545454382896423,0.8797348737716675
YJL011C,YDR062W,0,-1.1670504,0.0978640764951706,0.9545454382896423,0.8799242377281189
YGL169W,YBR243C,1,-1.167172,0.09803921729326248,0.9564393758773804,0.8799242377281189
YPL163C,YDL070W,0,-1.1676247,0.09802018851041794,0.9564393758773804,0.8801136612892151
YDL216C,YDR392W,0,-1.168334,0.09800116717815399,0.9564393758773804,0.8803030252456665
YLL029W,YNL138W,0,-1.1683785,0.09798215329647064,0.9564393758773804,0.8804924488067627
YMR172W,YDR081C,0,-1.1720015,0.09796313941478729,0.9564393758773804,0.8806818127632141
YKL217W,YGR034W,0,-1.172461,0.09794414043426514,0.9564393758773804,0.8808712363243103
YNR074C,YCR002C,0,-1.174093,0.09792514890432358,0.9564393758773804,0.8810606002807617
YPR144C,YLR268W,0,-1.1743331,0.09790616482496262,0.9564393758773804,0.8812500238418579
YLL003W,YNL238W,0,-1.174572,0.09788718819618225,0.9564393758773804,0.8814393877983093
YNL172W,YDR496C,0,-1.1779258,0.09786821901798248,0.9564393758773804,0.8816288113594055
YDR207C,YJR063W,0,-1.178255,0.09784925729036331,0.9564393758773804,0.8818181753158569
YJR006W,YBL041W,0,-1.1786582,0.09783029556274414,0.9564393758773804,0.8820075988769531
YPL122C,YLR163C,0,-1.1790757,0.09781134873628616,0.9564393758773804,0.8821969628334045
YNL138W,YDR081C,0,-1.1796474,0.09779240936040878,0.9564393758773804,0.8823863863945007
YDL036C,YPL259C,0,-1.1801145,0.097773477435112,0.9564393758773804,0.8825757503509521
YOR054C,YNR013C,0,-1.1816864,0.09775454550981522,0.9564393758773804,0.8827651739120483
YDL061C,YBR187W,0,-1.1827033,0.09773562848567963,0.9564393758773804,0.8829545378684998
YGL169W,YHR051W,1,-1.1836251,0.09791021794080734,0.9583333134651184,0.8829545378684998
YMR169C,YLL008W,0,-1.1844199,0.09789127856492996,0.9583333134651184,0.883143961429596
YGL180W,YOL040C,0,-1.1846606,0.09787233918905258,0.9583333134651184,0.8833333253860474
YOR159C,YKL078W,0,-1.1852841,0.0978534147143364,0.9583333134651184,0.8835227489471436
YLR305C,YKL205W,0,-1.1864909,0.09783449023962021,0.9583333134651184,0.883712112903595
YFR019W,YGL216W,0,-1.186587,0.09781558066606522,0.9583333134651184,0.8839015364646912
YDL059C,YOR232W,0,-1.1874046,0.09779667854309082,0.9583333134651184,0.8840909004211426
YPL064C,YMR143W,0,-1.187501,0.09777777642011642,0.9583333134651184,0.8842803239822388
YHR085W,YIR039C,0,-1.1886222,0.09775888919830322,0.9583333134651184,0.8844696879386902
YDR172W,YKL067W,0,-1.1886706,0.09774000197649002,0.9583333134651184,0.8846591114997864
YOL070C,YOR126C,0,-1.188886,0.09772112965583801,0.9583333134651184,0.8848484754562378
YOR310C,YNL223W,0,-1.18989,0.097702257335186,0.9583333134651184,0.885037899017334
YMR284W,YIL159W,0,-1.1908857,0.09768339991569519,0.9583333134651184,0.8852272629737854
YOR301W,YGL170C,0,-1.1934806,0.09766454249620438,0.9583333134651184,0.8854166865348816
YIL088C,YPR163C,0,-1.194096,0.09764569997787476,0.9583333134651184,0.885606050491333
YNL314W,YMR061W,0,-1.1943139,0.09762685745954514,0.9583333134651184,0.8857954740524292
YLR025W,YLR005W,0,-1.1947194,0.09760802239179611,0.9583333134651184,0.8859848380088806
YPL110C,YBL085W,0,-1.195792,0.09758920222520828,0.9583333134651184,0.8861742615699768
YDL197C,YPL196W,0,-1.1959298,0.09757038205862045,0.9583333134651184,0.8863636255264282
YLR316C,YGL216W,0,-1.1971875,0.09755156934261322,0.9583333134651184,0.8865530490875244
YOL054W,YMR075W,0,-1.1976463,0.09753277152776718,0.9583333134651184,0.8867424130439758
YAL033W,YLR386W,0,-1.1977019,0.09751397371292114,0.9583333134651184,0.886931836605072
YJL200C,YKL085W,1,-1.1978071,0.09768786281347275,0.9602272510528564,0.886931836605072
YGL180W,YBR275C,0,-1.1982404,0.09766904264688492,0.9602272510528564,0.8871212005615234
YLR025W,YNL138W,0,-1.1988788,0.09765022993087769,0.9602272510528564,0.8873106241226196
YER008C,YOR327C,0,-1.2019852,0.09763142466545105,0.9602272510528564,0.887499988079071
YGL241W,YGR143W,0,-1.2044764,0.09761262685060501,0.9602272510528564,0.8876894116401672
YNR072W,YNL290W,0,-1.205491,0.09759384393692017,0.9602272510528564,0.8878787755966187
YER098W,YGL014W,0,-1.2055781,0.09757506102323532,0.9602272510528564,0.8880681991577148
YKL020C,YKR044W,0,-1.2061328,0.09755628556013107,0.9602272510528564,0.8882575631141663
YBR170C,YIL048W,0,-1.2066994,0.09753751754760742,0.9602272510528564,0.8884469866752625
YER150W,YDR151C,0,-1.2078897,0.09751875698566437,0.9602272510528564,0.8886363506317139
YGL094C,YFL017W-A,0,-1.2084062,0.09749999642372131,0.9602272510528564,0.8888257741928101
YNL258C,YDR337W,0,-1.2088687,0.09748125076293945,0.9602272510528564,0.8890151381492615
YNL032W,YIL079C,0,-1.2094845,0.09746251255273819,0.9602272510528564,0.8892045617103577
YDR245W,YJL140W,0,-1.2095851,0.09744378179311752,0.9602272510528564,0.8893939256668091
YLR105C,YKR008W,0,-1.2102214,0.09742505848407745,0.9602272510528564,0.8895833492279053
YLR182W,YDL148C,0,-1.2131667,0.09740634262561798,0.9602272510528564,0.8897727131843567
YER049W,YPL110C,0,-1.2140394,0.09738762676715851,0.9602272510528564,0.8899621367454529
YDR081C,YOR313C,0,-1.2159294,0.09736892580986023,0.9602272510528564,0.8901515007019043
YOR216C,YMR272C,0,-1.2164657,0.09735023230314255,0.9602272510528564,0.8903409242630005
YEL037C,YGR032W,0,-1.2168748,0.09733153879642487,0.9602272510528564,0.8905302882194519
YBR172C,YBR061C,0,-1.218237,0.09731286019086838,0.9602272510528564,0.8907197117805481
YGR167W,YMR075W,0,-1.218642,0.09729418903589249,0.9602272510528564,0.8909090757369995
YOL010W,YKL095W,0,-1.2193483,0.0972755178809166,0.9602272510528564,0.8910984992980957
YPR144C,YKL189W,0,-1.2198827,0.0972568541765213,0.9602272510528564,0.8912878632545471
YJR055W,YLL027W,0,-1.2214648,0.0972382053732872,0.9602272510528564,0.8914772868156433
YDR233C,YNL078W,0,-1.2215112,0.0972195565700531,0.9602272510528564,0.8916666507720947
YDR429C,YBR257W,0,-1.222084,0.0972009226679802,0.9602272510528564,0.8918560743331909
YNL298W,YLR151C,0,-1.222368,0.09718228876590729,0.9602272510528564,0.8920454382896423
YKR008W,YDR337W,0,-1.2233894,0.09716366231441498,0.9602272510528564,0.8922348618507385
YMR049C,YKR066C,0,-1.2253922,0.09714504331350327,0.9602272510528564,0.8924242258071899
YCR057C,YGL030W,0,-1.225816,0.09712643921375275,0.9602272510528564,0.8926136493682861
YML049C,YHL027W,0,-1.2263933,0.09710783511400223,0.9602272510528564,0.8928030133247375
YGL112C,YKL022C,0,-1.2269185,0.0970892384648323,0.9602272510528564,0.8929924368858337
YOR159C,YDR245W,0,-1.2272055,0.09707064926624298,0.9602272510528564,0.8931818008422852
YDR167W,YDL197C,0,-1.227347,0.09705206751823425,0.9602272510528564,0.8933712244033813
YER050C,YDR496C,0,-1.228059,0.09703349322080612,0.9602272510528564,0.8935605883598328
YDL045C,YOR162C,0,-1.2282937,0.09701492637395859,0.9602272510528564,0.893750011920929
YGL259W,YDR404C,0,-1.2283914,0.09699636697769165,0.9602272510528564,0.8939393758773804
YMR159C,YGL216W,0,-1.2297614,0.09697781503200531,0.9602272510528564,0.8941287994384766
YIL076W,YMR270C,0,-1.2301581,0.09695926308631897,0.9602272510528564,0.894318163394928
YOR237W,YJL155C,0,-1.2309848,0.09694072604179382,0.9602272510528564,0.8945075869560242
YOL010W,YBL058W,0,-1.2311043,0.09692219644784927,0.9602272510528564,0.8946969509124756
YPL112C,YLR145W,0,-1.2324607,0.09690366685390472,0.9602272510528564,0.8948863744735718
YGL236C,YCR052W,0,-1.2333412,0.09688515216112137,0.9602272510528564,0.8950757384300232
YNL258C,YOL054W,0,-1.234526,0.09686663746833801,0.9602272510528564,0.8952651619911194
YKL166C,YDR373W,0,-1.235694,0.09684813767671585,0.9602272510528564,0.8954545259475708
YKL090W,YDL070W,0,-1.2363362,0.09682963788509369,0.9602272510528564,0.895643949508667
YMR241W,YGR281W,0,-1.2371387,0.09681115299463272,0.9602272510528564,0.8958333134651184
YBR095C,YJR034W,0,-1.2372897,0.09679266810417175,0.9602272510528564,0.8960227370262146
YPR137W,YGR134W,0,-1.2378063,0.09677419066429138,0.9602272510528564,0.896212100982666
YNL032W,YEL030W,0,-1.2388805,0.0967557281255722,0.9602272510528564,0.8964015245437622
YBR010W,YAL029C,0,-1.2404687,0.09673726558685303,0.9602272510528564,0.8965908885002136
YGL186C,YIL076W,0,-1.2406298,0.09671881049871445,0.9602272510528564,0.8967803120613098
YDR034C,YFR021W,0,-1.2411876,0.09670036286115646,0.9602272510528564,0.8969696760177612
YGL083W,YGL112C,0,-1.2440612,0.09668192267417908,0.9602272510528564,0.8971590995788574
YPL180W,YJL081C,0,-1.2443279,0.09666348993778229,0.9602272510528564,0.8973484635353088
YDR205W,YPR163C,0,-1.2454264,0.0966450646519661,0.9602272510528564,0.897537887096405
YCL036W,YNL262W,0,-1.2466348,0.0966266468167305,0.9602272510528564,0.8977272510528564
YPL082C,YNL192W,0,-1.2483962,0.0966082289814949,0.9602272510528564,0.8979166746139526
YPL129W,YFL017W-A,0,-1.2496893,0.0965898260474205,0.9602272510528564,0.898106038570404
YLL002W,YPR111W,0,-1.2501135,0.0965714305639267,0.9602272510528564,0.8982954621315002
YGL122C,YDR310C,0,-1.2505965,0.09655303508043289,0.9602272510528564,0.8984848260879517
YGL162W,YNL298W,0,-1.2508246,0.09653465449810028,0.9602272510528564,0.8986742496490479
YGL112C,YDL215C,0,-1.2525356,0.09651627391576767,0.9602272510528564,0.8988636136054993
YDR383C,YPL083C,0,-1.252949,0.09649790823459625,0.9602272510528564,0.8990530371665955
YOR230W,YBR074W,0,-1.2539015,0.09647954255342484,0.9602272510528564,0.8992424011230469
YLL027W,YPR060C,0,-1.2544715,0.09646118432283401,0.9602272510528564,0.8994318246841431
YLR016C,YMR304W,0,-1.2546257,0.09644284099340439,0.9602272510528564,0.8996211886405945
YLR203C,YBR275C,0,-1.2549275,0.09642449766397476,0.9602272510528564,0.8998106122016907
YGR095C,YBR287W,0,-1.2552571,0.09640616178512573,0.9602272510528564,0.8999999761581421
YNL192W,YJR063W,0,-1.2557505,0.0963878333568573,0.9602272510528564,0.9001893997192383
YMR227C,YOL043C,0,-1.2558491,0.09636951237916946,0.9602272510528564,0.9003787636756897
YDR404C,YDR496C,0,-1.2559435,0.09635119885206223,0.9602272510528564,0.9005681872367859
YMR250W,YLR026C,0,-1.2562506,0.09633289277553558,0.9602272510528564,0.9007575511932373
YKR036C,YMR054W,0,-1.2562726,0.09631458669900894,0.9602272510528564,0.9009469747543335
YGR255C,YNL182C,0,-1.2563257,0.0962962955236435,0.9602272510528564,0.9011363387107849
YOR301W,YMR093W,0,-1.2580985,0.09627801179885864,0.9602272510528564,0.9013257622718811
YJL087C,YDR081C,0,-1.2582359,0.09625972807407379,0.9602272510528564,0.9015151262283325
YDR310C,YPL007C,0,-1.2597729,0.09624145925045013,0.9602272510528564,0.9017045497894287
YBR059C,YMR115W,0,-1.26057,0.09622319042682648,0.9602272510528564,0.9018939137458801
YMR284W,YOR089C,0,-1.261884,0.09620493650436401,0.9602272510528564,0.9020833373069763
YKL174C,YER052C,0,-1.263689,0.09618668258190155,0.9602272510528564,0.9022727012634277
YAR027W,YDR404C,0,-1.2639835,0.09616843611001968,0.9602272510528564,0.9024621248245239
YCL014W,YKL168C,0,-1.2653046,0.09615019708871841,0.9602272510528564,0.9026514887809753
YOL066C,YBR173C,0,-1.2662575,0.09613196551799774,0.9602272510528564,0.9028409123420715
YBR223C,YDR240C,0,-1.2668369,0.09611374139785767,0.9602272510528564,0.903030276298523
YPL110C,YJR063W,0,-1.2673519,0.09609552472829819,0.9602272510528564,0.9032196998596191
YHR156C,YJL192C,0,-1.2689359,0.0960773155093193,0.9602272510528564,0.9034090638160706
YPL131W,YPL129W,0,-1.26948,0.09605911374092102,0.9602272510528564,0.9035984873771667
YBR278W,YJL178C,0,-1.269804,0.09604091942310333,0.9602272510528564,0.9037878513336182
YAL017W,YNR013C,0,-1.2705978,0.09602272510528564,0.9602272510528564,0.9039772748947144
YHR012W,YKL124W,0,-1.2711372,0.09600454568862915,0.9602272510528564,0.9041666388511658
YPL122C,YMR270C,0,-1.2727457,0.09598636627197266,0.9602272510528564,0.904356062412262
YNL008C,YGL113W,0,-1.2729754,0.09596820175647736,0.9602272510528564,0.9045454263687134
YPR072W,YMR123W,0,-1.2754161,0.09595003724098206,0.9602272510528564,0.9047348499298096
YPR072W,YKL064W,0,-1.2769,0.09593188017606735,0.9602272510528564,0.904924213886261
YIL061C,YKL022C,0,-1.2773099,0.09591373801231384,0.9602272510528564,0.9051136374473572
YPR137W,YGL037C,0,-1.2807264,0.09589559584856033,0.9602272510528564,0.9053030014038086
YGR167W,YKL172W,0,-1.2817641,0.09587746113538742,0.9602272510528564,0.9054924249649048
YGR271W,YFL017W-A,0,-1.2818573,0.0958593338727951,0.9602272510528564,0.9056817889213562
YFR029W,YJR006W,0,-1.2824302,0.09584120661020279,0.9602272510528564,0.9058712124824524
YBR118W,YJL124C,0,-1.2833352,0.09582309424877167,0.9602272510528564,0.9060605764389038
YIR025W,YGL060W,0,-1.2852703,0.09580498933792114,0.9602272510528564,0.90625
YDL029W,YOR311C,0,-1.2865916,0.09578689187765121,0.9602272510528564,0.9064394235610962
YNL027W,YOR162C,0,-1.2896054,0.09576879441738129,0.9602272510528564,0.9066287875175476
YAR027W,YLR325C,0,-1.290093,0.09575071185827255,0.9602272510528564,0.9068182110786438
YLR043C,YJL191W,0,-1.2901607,0.09573262929916382,0.9602272510528564,0.9070075750350952
YAL022C,YML080W,0,-1.2916088,0.09571455419063568,0.9602272510528564,0.9071969985961914
YPR162C,YER017C,0,-1.2925116,0.09569648653268814,0.9602272510528564,0.9073863625526428
YKL093W,YJL200C,1,-1.2937393,0.09586714208126068,0.9621211886405945,0.9073863625526428
YLR043C,YOR239W,0,-1.2966915,0.09584905952215195,0.9621211886405945,0.907575786113739
YJR005W,YFL013C,0,-1.2982266,0.09583097696304321,0.9621211886405945,0.9077651500701904
YBR278W,YDL077C,0,-1.3002803,0.09581290185451508,0.9621211886405945,0.9079545736312866
YOR310C,YBR222C,0,-1.3006092,0.09579483419656754,0.9621211886405945,0.908143937587738
YMR089C,YMR075W,0,-1.3049587,0.09577677398920059,0.9621211886405945,0.9083333611488342
YMR089C,YLR145W,0,-1.3100777,0.09575872123241425,0.9621211886405945,0.9085227251052856
YLR386W,YIL047C,0,-1.3110332,0.0957406684756279,0.9621211886405945,0.9087121486663818
YOR038C,YIR032C,0,-1.3129882,0.09572263062000275,0.9621211886405945,0.9089015126228333
YMR180C,YAL031C,0,-1.3129936,0.09570460021495819,0.9621211886405945,0.9090909361839294
YCR057C,YMR179W,0,-1.3141687,0.09568656980991364,0.9621211886405945,0.9092803001403809
YNL102W,YMR159C,0,-1.3157266,0.09566854685544968,0.9621211886405945,0.909469723701477
YER074W,YAR031W,0,-1.3171152,0.09565053880214691,0.9621211886405945,0.9096590876579285
YMR146C,YEL041W,0,-1.3175627,0.09563253074884415,0.9621211886405945,0.9098485112190247
YKL126W,YOR340C,0,-1.3181698,0.09561453014612198,0.9621211886405945,0.9100378751754761
YOL010W,YNL307C,0,-1.3193965,0.09559653699398041,0.9621211886405945,0.9102272987365723
YCL024W,YPR190C,0,-1.3197936,0.09557855129241943,0.9621211886405945,0.9104166626930237
YMR019W,YOR216C,0,-1.3217456,0.09556057304143906,0.9621211886405945,0.9106060862541199
YIL128W,YOR123C,0,-1.3255302,0.09554260224103928,0.9621211886405945,0.9107954502105713
YKL217W,YBL092W,0,-1.3272017,0.0955246314406395,0.9621211886405945,0.9109848737716675
YMR168C,YOR340C,0,-1.3273712,0.09550667554140091,0.9621211886405945,0.9111742377281189
YDR030C,YDR140W,0,-1.3273802,0.09548871964216232,0.9621211886405945,0.9113636612892151
YDL028C,YOR313C,0,-1.3282261,0.09547077864408493,0.9621211886405945,0.9115530252456665
YIL020C,YOR020C,0,-1.3317311,0.09545283764600754,0.9621211886405945,0.9117424488067627
YJR112W,YNL182C,0,-1.3319783,0.09543490409851074,0.9621211886405945,0.9119318127632141
YNL232W,YDL111C,0,-1.3319905,0.09541697800159454,0.9621211886405945,0.9121212363243103
YMR049C,YOR099W,0,-1.3333796,0.09539905935525894,0.9621211886405945,0.9123106002807617
YPR137W,YKL210W,0,-1.3334697,0.09538114815950394,0.9621211886405945,0.9125000238418579
YOR216C,YOR089C,0,-1.334163,0.09536324441432953,0.9621211886405945,0.9126893877983093
YGL209W,YHR079C,0,-1.3349272,0.09534534811973572,0.9621211886405945,0.9128788113594055
YER162C,YPL252C,0,-1.3361424,0.0953274518251419,0.9621211886405945,0.9130681753158569
YLL051C,YHR039C-A,0,-1.3366518,0.09530957043170929,0.9621211886405945,0.9132575988769531
YPR080W,YGL256W,0,-1.3369879,0.09529168903827667,0.9621211886405945,0.9134469628334045
YPL273W,YFL045C,0,-1.3380811,0.09527381509542465,0.9621211886405945,0.9136363863945007
YNL304W,YMR213W,0,-1.338907,0.09525595605373383,0.9621211886405945,0.9138257503509521
YOL028C,YNL259C,0,-1.3399034,0.095238097012043,0.9621211886405945,0.9140151739120483
YKL166C,YIL159W,0,-1.3399346,0.09522024542093277,0.9621211886405945,0.9142045378684998
YOR106W,YLL012W,0,-1.3427929,0.09520240128040314,0.9621211886405945,0.914393961429596
YDR429C,YDL225W,0,-1.3433076,0.0951845571398735,0.9621211886405945,0.9145833253860474
YGL060W,YER104W,0,-1.3438344,0.09516672790050507,0.9621211886405945,0.9147727489471436
YFL038C,YHR060W,0,-1.344377,0.09514890611171722,0.9621211886405945,0.914962112903595
YJR021C,YOL093W,0,-1.344943,0.09513108432292938,0.9621211886405945,0.9151515364646912
YEL031W,YIL079C,0,-1.3477443,0.09511327743530273,0.9621211886405945,0.9153409004211426
YDR211W,YPR060C,0,-1.3477621,0.09509547054767609,0.9621211886405945,0.9155303239822388
YBR129C,YDR364C,0,-1.3508704,0.09507767111063004,0.9621211886405945,0.9157196879386902
YOL129W,YJL130C,0,-1.354234,0.09505987912416458,0.9621211886405945,0.9159091114997864
YEL030W,YDR392W,0,-1.3553226,0.09504209458827972,0.9621211886405945,0.9160984754562378
YNL085W,YOR162C,0,-1.3553963,0.09502431750297546,0.9621211886405945,0.916287899017334
YGR095C,YOR327C,0,-1.3570354,0.0950065478682518,0.9621211886405945,0.9164772629737854
YJL187C,YDL216C,0,-1.3578174,0.09498877823352814,0.9621211886405945,0.9166666865348816
YDR530C,YJR082C,0,-1.3579211,0.09497102349996567,0.9621211886405945,0.916856050491333
YLR425W,YPR043W,0,-1.3582132,0.0949532687664032,0.9621211886405945,0.9170454740524292
YMR194W,YKL172W,0,-1.3600491,0.09493552893400192,0.9621211886405945,0.9172348380088806
YHR119W,YOL062C,0,-1.3616471,0.09491778910160065,0.9621211886405945,0.9174242615699768
YDL111C,YIL020C,0,-1.3663957,0.09490005671977997,0.9621211886405945,0.9176136255264282
YLL051C,YDL029W,0,-1.3664091,0.09488233178853989,0.9621211886405945,0.9178030490875244
YDR371W,YDR429C,0,-1.3667554,0.0948646143078804,0.9621211886405945,0.9179924130439758
YKL074C,YDR410C,0,-1.3682786,0.09484690427780151,0.9621211886405945,0.918181836605072
YFR031C,YCR057C,0,-1.3695719,0.09482919424772263,0.9621211886405945,0.9183712005615234
YGL071W,YOR008C,0,-1.3735936,0.09481149911880493,0.9621211886405945,0.9185606241226196
YIL002C,YOR038C,0,-1.3740928,0.09479380398988724,0.9621211886405945,0.918749988079071
YBL041W,YCL014W,0,-1.3752754,0.09477611631155014,0.9621211886405945,0.9189394116401672
YIL128W,YCL032W,0,-1.3783149,0.09475844353437424,0.9621211886405945,0.9191287755966187
YER098W,YPL129W,0,-1.3784251,0.09474077075719833,0.9621211886405945,0.9193181991577148
YLL055W,YJL006C,0,-1.3816154,0.09472310543060303,0.9621211886405945,0.9195075631141663
YKR056W,YBR120C,0,-1.3826896,0.09470544010400772,0.9621211886405945,0.9196969866752625
YFL038C,YNR003C,0,-1.3848162,0.09468778967857361,0.9621211886405945,0.9198863506317139
YOR168W,YMR179W,0,-1.3851023,0.09467014670372009,0.9621211886405945,0.9200757741928101
YER087C-B,YDR470C,0,-1.3877934,0.09465250372886658,0.9621211886405945,0.9202651381492615
YCR093W,YNL084C,0,-1.3880919,0.09463487565517426,0.9621211886405945,0.9204545617103577
YDR460W,YDR173C,0,-1.3884424,0.09461724758148193,0.9621211886405945,0.9206439256668091
YLR344W,YPL196W,0,-1.3884966,0.09459962695837021,0.9621211886405945,0.9208333492279053
YBR155W,YER017C,0,-1.3902551,0.09458201378583908,0.9621211886405945,0.9210227131843567
YDL111C,YBL079W,0,-1.3917291,0.09456440806388855,0.9621211886405945,0.9212121367454529
YDL217C,YPR198W,0,-1.3932195,0.09454680979251862,0.9621211886405945,0.9214015007019043
YHR002W,YMR180C,0,-1.3963197,0.09452921152114868,0.9621211886405945,0.9215909242630005
YAL033W,YLL033W,0,-1.3982704,0.09451162815093994,0.9621211886405945,0.9217802882194519
YLL034C,YDR240C,0,-1.4010078,0.0944940447807312,0.9621211886405945,0.9219697117805481
YOL090W,YOL136C,0,-1.4012964,0.09447647631168365,0.9621211886405945,0.9221590757369995
YBL058W,YGL174W,0,-1.4020965,0.09445890784263611,0.9621211886405945,0.9223484992980957
YPR189W,YKL103C,0,-1.4024185,0.09444134682416916,0.9621211886405945,0.9225378632545471
YGL037C,YMR065W,0,-1.4032762,0.0944237932562828,0.9621211886405945,0.9227272868156433
YKL090W,YNL032W,0,-1.4034436,0.09440624713897705,0.9621211886405945,0.9229166507720947
YJL166W,YJL200C,1,-1.404707,0.09457451105117798,0.9640151262283325,0.9229166507720947
YER151C,YLR005W,0,-1.4050097,0.09455693513154984,0.9640151262283325,0.9231060743331909
YDR454C,YMR229C,0,-1.4052653,0.09453937411308289,0.9640151262283325,0.9232954382896423
YOL070C,YJR031C,0,-1.4072917,0.09452182054519653,0.9640151262283325,0.9234848618507385
YPR189W,YJR082C,0,-1.4078894,0.09450426697731018,0.9640151262283325,0.9236742258071899
YOR388C,YNR003C,0,-1.4115312,0.09448672831058502,0.9640151262283325,0.9238636493682861
YPL180W,YCR011C,0,-1.4118192,0.09446918964385986,0.9640151262283325,0.9240530133247375
YDR064W,YBL026W,0,-1.4138308,0.0944516584277153,0.9640151262283325,0.9242424368858337
YKR101W,YBR192W,0,-1.4154917,0.09443413466215134,0.9640151262283325,0.9244318008422852
YLR244C,YIR005W,0,-1.4179573,0.09441661834716797,0.9640151262283325,0.9246212244033813
YLR452C,YBR276C,0,-1.4191839,0.0943991094827652,0.9640151262283325,0.9248105883598328
YOL141W,YOR351C,0,-1.4192894,0.09438160806894302,0.9640151262283325,0.925000011920929
YDR081C,YNL284C,0,-1.4222214,0.09436410665512085,0.9640151262283325,0.9251893758773804
YOL145C,YMR093W,0,-1.4224212,0.09434662014245987,0.9640151262283325,0.9253787994384766
YPR187W,YDL022W,0,-1.4264616,0.09432913362979889,0.9640151262283325,0.925568163394928
YNL163C,YBL026W,0,-1.4270256,0.0943116545677185,0.9640151262283325,0.9257575869560242
YMR284W,YFR036W,0,-1.4283135,0.09429418295621872,0.9640151262283325,0.9259469509124756
YHR066W,YLR182W,0,-1.4305767,0.09427671879529953,0.9640151262283325,0.9261363744735718
YLR383W,YOR194C,0,-1.4368703,0.09425926208496094,0.9640151262283325,0.9263257384300232
YPR072W,YER002W,0,-1.4397283,0.09424180537462234,0.9640151262283325,0.9265151619911194
YDL054C,YMR093W,0,-1.4410288,0.09422436356544495,0.9640151262283325,0.9267045259475708
YFR031C,YLR325C,0,-1.441172,0.09420692175626755,0.9640151262283325,0.926893949508667
YKR008W,YLR025W,0,-1.4417663,0.09418948739767075,0.9640151262283325,0.9270833134651184
YNL153C,YJL004C,0,-1.441965,0.09417206048965454,0.9640151262283325,0.9272727370262146
YGR112W,YGL169W,1,-1.4427392,0.09433962404727936,0.9659090638160706,0.9272727370262146
YML112W,YHR061C,0,-1.4434978,0.09432217478752136,0.9659090638160706,0.927462100982666
YPL259C,YIL047C,0,-1.4441524,0.09430473297834396,0.9659090638160706,0.9276515245437622
YLR028C,YGL169W,1,-1.4476857,0.09447217732667923,0.9678030014038086,0.9276515245437622
YER162C,YNR015W,0,-1.450767,0.09445471316576004,0.9678030014038086,0.9278408885002136
YPL099C,YPL208W,0,-1.4510252,0.09443725645542145,0.9678030014038086,0.9280303120613098
YJR036C,YPL208W,0,-1.4515812,0.09441980719566345,0.9678030014038086,0.9282196760177612
YFR036W,YDL039C,0,-1.4528933,0.09440236538648605,0.9678030014038086,0.9284090995788574
YNL236W,YDR076W,0,-1.4537053,0.09438493102788925,0.9678030014038086,0.9285984635353088
YGL083W,YHR119W,0,-1.4563928,0.09436749666929245,0.9678030014038086,0.928787887096405
YIL021W,YHL027W,0,-1.4569466,0.09435007721185684,0.9678030014038086,0.9289772510528564
YHR012W,YGL236C,0,-1.4569552,0.09433265775442123,0.9678030014038086,0.9291666746139526
YBL085W,YPR125W,0,-1.4574053,0.09431524574756622,0.9678030014038086,0.929356038570404
YGL172W,YFL017W-A,0,-1.457782,0.09429784119129181,0.9678030014038086,0.9295454621315002
YPL188W,YNL262W,0,-1.4586277,0.09428044408559799,0.9678030014038086,0.9297348260879517
YIL142W,YOL040C,0,-1.4634173,0.09426305443048477,0.9678030014038086,0.9299242496490479
YMR054W,YIL095W,0,-1.4663223,0.09424566477537155,0.9678030014038086,0.9301136136054993
YOR138C,YMR032W,0,-1.4667926,0.09422829002141953,0.9678030014038086,0.9303030371665955
YCR060W,YDR496C,0,-1.467957,0.0942109152674675,0.9678030014038086,0.9304924011230469
YPR144C,YBR222C,0,-1.4703727,0.09419354796409607,0.9678030014038086,0.9306818246841431
YIL002C,YGL112C,0,-1.4704431,0.09417618811130524,0.9678030014038086,0.9308711886405945
YIL048W,YFL023W,0,-1.4715112,0.094158835709095,0.9678030014038086,0.9310606122016907
YNL314W,YER019C-A,0,-1.4728334,0.09414149075746536,0.9678030014038086,0.9312499761581421
YCL034W,YDL148C,0,-1.4759456,0.09412414580583572,0.9678030014038086,0.9314393997192383
YFR029W,YKR035W-A,0,-1.4772763,0.09410681575536728,0.9678030014038086,0.9316287636756897
YNL131W,YJR063W,0,-1.4781215,0.09408948570489883,0.9678030014038086,0.9318181872367859
YNL172W,YDR473C,0,-1.4782047,0.09407216310501099,0.9678030014038086,0.9320075511932373
YJL011C,YEL053C,0,-1.4785842,0.09405484795570374,0.9678030014038086,0.9321969747543335
YGR167W,YNL236W,0,-1.481621,0.09403754025697708,0.9678030014038086,0.9323863387107849
YMR049C,YEL012W,0,-1.4844623,0.09402024000883102,0.9678030014038086,0.9325757622718811
YEL031W,YPL167C,0,-1.4845489,0.09400293976068497,0.9678030014038086,0.9327651262283325
YBL076C,YOR230W,0,-1.4856116,0.0939856544137001,0.9678030014038086,0.9329545497894287
YJL140W,YMR213W,0,-1.4890802,0.09396836906671524,0.9678030014038086,0.9331439137458801
YDR454C,YGR010W,0,-1.4898405,0.09395109117031097,0.9678030014038086,0.9333333373069763
YHR085W,YLL040C,0,-1.4909205,0.0939338207244873,0.9678030014038086,0.9335227012634277
YAL040C,YAL039C,0,-1.4918098,0.09391655772924423,0.9678030014038086,0.9337121248245239
YKR002W,YER171W,0,-1.4921885,0.09389930218458176,0.9678030014038086,0.9339014887809753
YGL112C,YER017C,0,-1.4932299,0.09388204663991928,0.9678030014038086,0.9340909123420715
YHR004C,YOL040C,0,-1.4938693,0.093864805996418,0.9678030014038086,0.934280276298523
YIL143C,YOL004W,0,-1.4948997,0.09384756535291672,0.9678030014038086,0.9344696998596191
YDR137W,YOL054W,0,-1.4964852,0.09383033215999603,0.9678030014038086,0.9346590638160706
YML080W,YBL079W,0,-1.4971657,0.09381310641765594,0.9678030014038086,0.9348484873771667
YLR383W,YNR010W,0,-1.4972246,0.09379588812589645,0.9678030014038086,0.9350378513336182
YHR012W,YBR115C,0,-1.4979573,0.09377867728471756,0.9678030014038086,0.9352272748947144
YLR183C,YOR123C,0,-1.4998218,0.09376146644353867,0.9678030014038086,0.9354166388511658
YPL087W,YMR270C,0,-1.5004078,0.09374427050352097,0.9678030014038086,0.935606062412262
YLR105C,YPL259C,0,-1.502115,0.09372707456350327,0.9678030014038086,0.9357954263687134
YDR079W,YGL169W,1,-1.5023346,0.09389326721429825,0.9696969985961914,0.9357954263687134
YNL131W,YDR496C,0,-1.5027767,0.09387605637311935,0.9696969985961914,0.9359848499298096
YOL052C,YIL076W,0,-1.5055315,0.09385884553194046,0.9696969985961914,0.936174213886261
YOR176W,YHR077C,0,-1.5109274,0.09384164214134216,0.9696969985961914,0.9363636374473572
YDR167W,YLR151C,0,-1.511765,0.09382444620132446,0.9696969985961914,0.9365530014038086
YFR001W,YGL226C-A,0,-1.5118736,0.09380725771188736,0.9696969985961914,0.9367424249649048
YDL078C,YBR243C,1,-1.5120528,0.09397325664758682,0.9715909361839294,0.9367424249649048
YDR138W,YJR130C,0,-1.5151863,0.09395604580640793,0.9715909361839294,0.9369317889213562
YCR060W,YGL004C,0,-1.5169685,0.09393884241580963,0.9715909361839294,0.9371212124824524
YDL047W,YMR273C,0,-1.5175163,0.09392163902521133,0.9715909361839294,0.9373105764389038
YLL034C,YGR276C,0,-1.5197021,0.09390445053577423,0.9715909361839294,0.9375
YOL028C,YHR058C,0,-1.5206348,0.09388726204633713,0.9715909361839294,0.9376894235610962
YGR238C,YHR156C,0,-1.5233074,0.09387008100748062,0.9715909361839294,0.9378787875175476
YNL232W,YCL052C,0,-1.5234263,0.09385290741920471,0.9715909361839294,0.9380682110786438
YKL041W,YNL262W,0,-1.5234796,0.0938357412815094,0.9715909361839294,0.9382575750350952
YBR195C,YPR135W,0,-1.524427,0.09381858259439468,0.9715909361839294,0.9384469985961914
YMR137C,YEL029C,0,-1.5263491,0.09380142390727997,0.9715909361839294,0.9386363625526428
YAL060W,YLR113W,0,-1.5277963,0.09378428012132645,0.9715909361839294,0.938825786113739
YJR053W,YIR039C,0,-1.5287406,0.09376713633537292,0.9715909361839294,0.9390151500701904
YLL019C,YBL076C,0,-1.5303507,0.09375,0.9715909361839294,0.9392045736312866
YJR082C,YMR159C,0,-1.5316172,0.09373287111520767,0.9715909361839294,0.939393937587738
YJR004C,YGR145W,0,-1.5319014,0.09371574968099594,0.9715909361839294,0.9395833611488342
YHR077C,YMR270C,0,-1.5322263,0.09369862824678421,0.9715909361839294,0.9397727251052856
YOR142W,YGL169W,1,-1.5325758,0.09386413544416428,0.9734848737716675,0.9397727251052856
YOR145C,YGL037C,0,-1.5332108,0.09384699910879135,0.9734848737716675,0.9399621486663818
YLR291C,YJR031C,0,-1.533366,0.09382986277341843,0.9734848737716675,0.9401515126228333
YMR284W,YIL047C,0,-1.5350721,0.0938127413392067,0.9734848737716675,0.9403409361839294
YHR069C,YPL147W,0,-1.5363034,0.09379561990499496,0.9734848737716675,0.9405303001403809
YHR209W,YPL273W,0,-1.5382075,0.09377850592136383,0.9734848737716675,0.940719723701477
YOR297C,YGL169W,1,-1.5385532,0.09394381940364838,0.9753788113594055,0.940719723701477
YJL011C,YKR054C,0,-1.5390959,0.09392668306827545,0.9753788113594055,0.9409090876579285
YIL143C,YKL210W,0,-1.5398728,0.09390955418348312,0.9753788113594055,0.9410985112190247
YDR527W,YLR389C,0,-1.5406352,0.09389243274927139,0.9753788113594055,0.9412878751754761
YGR112W,YBR243C,1,-1.5423623,0.0940576046705246,0.9772727489471436,0.9412878751754761
YPL011C,YNL121C,0,-1.543156,0.09404046088457108,0.9772727489471436,0.9414772987365723
YML071C,YNL078W,0,-1.5435357,0.09402332454919815,0.9772727489471436,0.9416666626930237
YPL083C,YML109W,0,-1.5454149,0.09400619566440582,0.9772727489471436,0.9418560862541199
YJL200C,YLR028C,1,-1.5481386,0.09417121857404709,0.9791666865348816,0.9418560862541199
YMR089C,YOR098C,0,-1.549655,0.09415406733751297,0.9791666865348816,0.9420454502105713
YOL010W,YKL020C,0,-1.5510021,0.09413692355155945,0.9791666865348816,0.9422348737716675
YDL111C,YOL043C,0,-1.5512435,0.09411978721618652,0.9791666865348816,0.9424242377281189
YKL093W,YGL169W,1,-1.5524819,0.09428467601537704,0.9810606241226196,0.9424242377281189
YEL036C,YKL175W,0,-1.5528184,0.09426751732826233,0.9810606241226196,0.9426136612892151
YDL217C,YLR024C,0,-1.5528758,0.09425036609172821,0.9810606241226196,0.9428030252456665
YGL203C,YKL003C,0,-1.5539148,0.09423321485519409,0.9810606241226196,0.9429924488067627
YKR054C,YOR311C,0,-1.555419,0.09421607851982117,0.9810606241226196,0.9431818127632141
YLR191W,YKL078W,0,-1.556194,0.09419894218444824,0.9810606241226196,0.9433712363243103
YGL068W,YBR243C,1,-1.5574143,0.09436363726854324,0.9829545617103577,0.9433712363243103
YFR036W,YNR013C,0,-1.5581238,0.09434648603200912,0.9829545617103577,0.9435606002807617
YOR310C,YER019C-A,0,-1.560938,0.094329334795475,0.9829545617103577,0.9437500238418579
YDR083W,YPL208W,0,-1.5613267,0.09431219100952148,0.9829545617103577,0.9439393877983093
YKL020C,YER115C,0,-1.5631052,0.09429505467414856,0.9829545617103577,0.9441288113594055
YPL087W,YDR496C,0,-1.5644155,0.09427792578935623,0.9829545617103577,0.9443181753158569
YBR118W,YNL182C,0,-1.568356,0.0942608043551445,0.9829545617103577,0.9445075988769531
YDL111C,YNL078W,0,-1.5731928,0.09424369037151337,0.9829545617103577,0.9446969628334045
YIR011C,YML109W,0,-1.5745474,0.09422657638788223,0.9829545617103577,0.9448863863945007
YHR061C,YGR276C,0,-1.5778657,0.09420947730541229,0.9829545617103577,0.9450757503509521
YOR349W,YDL077C,0,-1.5864483,0.09419237822294235,0.9829545617103577,0.9452651739120483
YCR057C,YOR123C,0,-1.5866244,0.09417528659105301,0.9829545617103577,0.9454545378684998
YBR287W,YPL129W,0,-1.5880547,0.09415820240974426,0.9829545617103577,0.945643961429596
YPL099C,YGR095C,0,-1.5883803,0.09414111822843552,0.9829545617103577,0.9458333253860474
YOL082W,YAL031C,0,-1.5912774,0.09412404894828796,0.9829545617103577,0.9460227489471436
YGR169C,YJR005W,0,-1.5918553,0.09410697966814041,0.9829545617103577,0.946212112903595
YPL151C,YNL032W,0,-1.5934346,0.09408991783857346,0.9829545617103577,0.9464015364646912
YMR168C,YIL134W,0,-1.5937402,0.0940728634595871,0.9829545617103577,0.9465909004211426
YIR025W,YNL273W,0,-1.5938302,0.09405581653118134,0.9829545617103577,0.9467803239822388
YPL002C,YNL282W,0,-1.5955977,0.09403877705335617,0.9829545617103577,0.9469696879386902
YEL022W,YIR005W,0,-1.601035,0.094021737575531,0.9829545617103577,0.9471591114997864
YGR052W,YGR145W,0,-1.6036159,0.09400471299886703,0.9829545617103577,0.9473484754562378
YBR173C,YML109W,0,-1.604594,0.09398768842220306,0.9829545617103577,0.947537899017334
YDR527W,YGL233W,0,-1.6046503,0.09397067129611969,0.9829545617103577,0.9477272629737854
YIR011C,YJR051W,0,-1.6090002,0.09395365417003632,0.9829545617103577,0.9479166865348816
YDR167W,YGR089W,0,-1.6098636,0.09393665194511414,0.9829545617103577,0.948106050491333
YOL010W,YGR052W,0,-1.613342,0.09391964972019196,0.9829545617103577,0.9482954740524292
YKL130C,YJR112W,0,-1.6135268,0.09390266239643097,0.9829545617103577,0.9484848380088806
YJL011C,YGL113W,0,-1.6143012,0.09388567507266998,0.9829545617103577,0.9486742615699768
YKR002W,YJL006C,0,-1.6160043,0.0938686951994896,0.9829545617103577,0.9488636255264282
YGR020C,YIL159W,0,-1.6228514,0.0938517153263092,0.9829545617103577,0.9490530490875244
YOL142W,YER101C,0,-1.6248095,0.09383475035429001,0.9829545617103577,0.9492424130439758
YNL232W,YLR386W,0,-1.6288236,0.09381778538227081,0.9829545617103577,0.949431836605072
YMR146C,YMR229C,0,-1.6291851,0.09380082786083221,0.9829545617103577,0.9496212005615234
YMR078C,YKL124W,0,-1.629393,0.09378387778997421,0.9829545617103577,0.9498106241226196
YOR126C,YMR229C,0,-1.6363715,0.09376693516969681,0.9829545617103577,0.949999988079071
YGL180W,YPL139C,0,-1.6386114,0.09375,0.9829545617103577,0.9501894116401672
YLR206W,YNR035C,0,-1.6388392,0.09373306483030319,0.9829545617103577,0.9503787755966187
YER022W,YDR151C,0,-1.641603,0.09371614456176758,0.9829545617103577,0.9505681991577148
YGL050W,YHR082C,0,-1.643384,0.09369922429323196,0.9829545617103577,0.9507575631141663
YAR027W,YGL071W,0,-1.6438191,0.09368231147527695,0.9829545617103577,0.9509469866752625
YHR066W,YNL102W,0,-1.6446031,0.09366540610790253,0.9829545617103577,0.9511363506317139
YAL033W,YJR021C,0,-1.6446338,0.0936485007405281,0.9829545617103577,0.9513257741928101
YGL190C,YBR061C,0,-1.6449018,0.09363161027431488,0.9829545617103577,0.9515151381492615
YJR055W,YNR002C,0,-1.6465721,0.09361471980810165,0.9829545617103577,0.9517045617103577
YER151C,YKL203C,0,-1.6502886,0.09359783679246902,0.9829545617103577,0.9518939256668091
YDR079W,YBR243C,1,-1.6525165,0.09376127272844315,0.9848484992980957,0.9518939256668091
YJR021C,YNR003C,0,-1.6558506,0.09374436736106873,0.9848484992980957,0.9520833492279053
YDR067C,YAR002C-A,0,-1.6565106,0.0937274694442749,0.9848484992980957,0.9522727131843567
YER165W,YDL148C,0,-1.6597021,0.09371057897806168,0.9848484992980957,0.9524621367454529
YBR287W,YPR060C,0,-1.6644793,0.09369369596242905,0.9848484992980957,0.9526515007019043
YER008C,YLR130C,0,-1.6645008,0.09367681294679642,0.9848484992980957,0.9528409242630005
YMR097C,YGL030W,0,-1.6647004,0.09365994483232498,0.9848484992980957,0.9530302882194519
YJR147W,YLR251W,0,-1.6651089,0.09364307671785355,0.9848484992980957,0.9532197117805481
YOL045W,YNL267W,0,-1.6657073,0.09362621605396271,0.9848484992980957,0.9534090757369995
YHR041C,YKR026C,0,-1.6658748,0.09360936284065247,0.9848484992980957,0.9535984992980957
YLR033W,YLR251W,0,-1.6659102,0.09359250962734222,0.9848484992980957,0.9537878632545471
YOR206W,YGR271W,0,-1.6665624,0.09357567131519318,0.9848484992980957,0.9539772868156433
YOL124C,YPL096W,0,-1.6666206,0.09355883300304413,0.9848484992980957,0.9541666507720947
YHL034C,YJR112W,0,-1.6709888,0.09354200214147568,0.9848484992980957,0.9543560743331909
YPL042C,YGR169C,0,-1.6713305,0.09352517873048782,0.9848484992980957,0.9545454382896423
YKR020W,YML080W,0,-1.6719882,0.09350836277008057,0.9848484992980957,0.9547348618507385
YLR452C,YDR195W,0,-1.674293,0.09349154680967331,0.9848484992980957,0.9549242258071899
YBR260C,YMR115W,0,-1.6750827,0.09347474575042725,0.9848484992980957,0.9551136493682861
YKL078W,YNR015W,0,-1.6780255,0.09345794469118118,0.9848484992980957,0.9553030133247375
YPR135W,YDR472W,0,-1.6780362,0.09344115108251572,0.9848484992980957,0.9554924368858337
YHR119W,YOR353C,0,-1.6799617,0.09342436492443085,0.9848484992980957,0.9556818008422852
YGR081C,YBL085W,0,-1.6844145,0.09340757876634598,0.9848484992980957,0.9558712244033813
YDR470C,YER002W,0,-1.6896695,0.0933908075094223,0.9848484992980957,0.9560605883598328
YEL012W,YLR129W,0,-1.6911513,0.09337403625249863,0.9848484992980957,0.956250011920929
YLR208W,YPR043W,0,-1.6942458,0.09335727244615555,0.9848484992980957,0.9564393758773804
YDR030C,YLR321C,0,-1.6960032,0.09334051609039307,0.9848484992980957,0.9566287994384766
YDR144C,YMR304W,0,-1.6970011,0.09332375973463058,0.9848484992980957,0.956818163394928
YOR230W,YLL012W,0,-1.7010942,0.0933070182800293,0.9848484992980957,0.9570075869560242
YJL166W,YGL169W,1,-1.7021825,0.09346967935562134,0.9867424368858337,0.9570075869560242
YGR258C,YNL298W,0,-1.703811,0.09345291554927826,0.9867424368858337,0.9571969509124756
YLR107W,YBL034C,0,-1.7048491,0.09343615174293518,0.9867424368858337,0.9573863744735718
YOR176W,YBL092W,0,-1.707751,0.0934194028377533,0.9867424368858337,0.9575757384300232
YMR033W,YOL124C,0,-1.7107654,0.09340265393257141,0.9867424368858337,0.9577651619911194
YHR164C,YDR240C,0,-1.714993,0.09338591247797012,0.9867424368858337,0.9579545259475708
YEL031W,YLR316C,0,-1.7193066,0.09336917847394943,0.9867424368858337,0.958143949508667
YJR070C,YJL141C,0,-1.7269124,0.09335244446992874,0.9867424368858337,0.9583333134651184
YDR137W,YNL298W,0,-1.7276788,0.09333572536706924,0.9867424368858337,0.9585227370262146
YMR269W,YNL175C,0,-1.7297087,0.09331900626420975,0.9867424368858337,0.958712100982666
YOR243C,YMR176W,0,-1.7299415,0.09330229461193085,0.9867424368858337,0.9589015245437622
YBR052C,YOL054W,0,-1.7303438,0.09328558295965195,0.9867424368858337,0.9590908885002136
YEL056W,YDL148C,0,-1.7307198,0.09326888620853424,0.9867424368858337,0.9592803120613098
YPR026W,YER165W,0,-1.731306,0.09325218945741653,0.9867424368858337,0.9594696760177612
YPR001W,YGL169W,1,-1.7322193,0.09341446310281754,0.9886363744735718,0.9594696760177612
YMR078C,YCL032W,0,-1.7345586,0.09339774399995804,0.9886363744735718,0.9596590995788574
YIR011C,YIR005W,0,-1.7383451,0.09338103979825974,0.9886363744735718,0.9598484635353088
YOR138C,YNL175C,0,-1.738413,0.09336433559656143,0.9886363744735718,0.960037887096405
YLR305C,YDR083W,0,-1.7417514,0.09334763884544373,0.9886363744735718,0.9602272510528564
YCR057C,YDR389W,0,-1.7429347,0.09333094954490662,0.9886363744735718,0.9604166746139526
YGR185C,YML132W,0,-1.7439988,0.0933142676949501,0.9886363744735718,0.960606038570404
YJR101W,YMR075W,0,-1.745666,0.09329758584499359,0.9886363744735718,0.9607954621315002
YNL107W,YMR270C,0,-1.7524339,0.09328091144561768,0.9886363744735718,0.9609848260879517
YGL169W,YKL085W,1,-1.7532051,0.09344291687011719,0.9905303120613098,0.9609848260879517
YNL314W,YDR240C,0,-1.7542562,0.09342622011899948,0.9905303120613098,0.9611742496490479
YNL261W,YKL117W,0,-1.7593079,0.09340953826904297,0.9905303120613098,0.9613636136054993
YDR460W,YCL052C,0,-1.7605016,0.09339285641908646,0.9905303120613098,0.9615530371665955
YDR137W,YER090W,0,-1.7619146,0.09337618201971054,0.9905303120613098,0.9617424011230469
YIR025W,YER019C-A,0,-1.7635715,0.09335951507091522,0.9905303120613098,0.9619318246841431
YLL029W,YOL038W,0,-1.7663778,0.0933428555727005,0.9905303120613098,0.9621211886405945
YER175C,YMR033W,0,-1.7683344,0.09332619607448578,0.9905303120613098,0.9623106122016907
YEL037C,YKR044W,0,-1.7710527,0.09330954402685165,0.9905303120613098,0.9624999761581421
YOL038W,YPL112C,0,-1.7721243,0.09329289942979813,0.9905303120613098,0.9626893997192383
YMR005W,YGR113W,0,-1.7725146,0.0932762622833252,0.9905303120613098,0.9628787636756897
YHR132C,YDR404C,0,-1.7727766,0.09325963258743286,0.9905303120613098,0.9630681872367859
YFR021W,YBR095C,0,-1.7732549,0.09324300289154053,0.9905303120613098,0.9632575511932373
YOR310C,YCL052C,0,-1.7744921,0.09322638064622879,0.9905303120613098,0.9634469747543335
YDR472W,YJR034W,0,-1.7761904,0.09320976585149765,0.9905303120613098,0.9636363387107849
YJR051W,YDR403W,0,-1.7789434,0.0931931585073471,0.9905303120613098,0.9638257622718811
YNL261W,YNL304W,0,-1.7828228,0.09317655116319656,0.9905303120613098,0.9640151262283325
YGL062W,YGR285C,0,-1.7872993,0.09315995872020721,0.9905303120613098,0.9642045497894287
YMR241W,YBR294W,0,-1.7907016,0.09314336627721786,0.9905303120613098,0.9643939137458801
YDL045W-A,YGL050W,0,-1.7973105,0.09312678128480911,0.9905303120613098,0.9645833373069763
YOR206W,YCL032W,0,-1.7998188,0.09311020374298096,0.9905303120613098,0.9647727012634277
YML006C,YIR005W,0,-1.8025209,0.0930936262011528,0.9905303120613098,0.9649621248245239
YDL035C,YBL052C,0,-1.8032341,0.09307706356048584,0.9905303120613098,0.9651514887809753
YLL034C,YBR120C,0,-1.804389,0.09306050091981888,0.9905303120613098,0.9653409123420715
YGR285C,YKL094W,0,-1.8049484,0.09304394572973251,0.9905303120613098,0.965530276298523
YDL142C,YGL050W,0,-1.8128632,0.09302739053964615,0.9905303120613098,0.9657196998596191
YNL172W,YMR239C,0,-1.8137265,0.09301085025072098,0.9905303120613098,0.9659090638160706
YKL082C,YDL083C,0,-1.8139986,0.0929943099617958,0.9905303120613098,0.9660984873771667
YMR169C,YKR056W,0,-1.8141773,0.09297777712345123,0.9905303120613098,0.9662878513336182
YKL117W,YGR089W,0,-1.8215545,0.09296125173568726,0.9905303120613098,0.9664772748947144
YDR254W,YGR285C,0,-1.8233395,0.09294473379850388,0.9905303120613098,0.9666666388511658
YOL142W,YGR258C,0,-1.8242271,0.0929282158613205,0.9905303120613098,0.966856062412262
YHR066W,YOL052C,0,-1.8258187,0.09291170537471771,0.9905303120613098,0.9670454263687134
YMR146C,YBR275C,0,-1.8277752,0.09289520233869553,0.9905303120613098,0.9672348499298096
YJR032W,YBL085W,0,-1.8354316,0.09287870675325394,0.9905303120613098,0.967424213886261
YGL112C,YDR473C,0,-1.8376344,0.09286221861839294,0.9905303120613098,0.9676136374473572
YIL076W,YFL017W-A,0,-1.8380408,0.09284573048353195,0.9905303120613098,0.9678030014038086
YBR052C,YDR081C,0,-1.841205,0.09282924979925156,0.9905303120613098,0.9679924249649048
YLL019C,YDR081C,0,-1.8412962,0.09281277656555176,0.9905303120613098,0.9681817889213562
YGL233W,YIL048W,0,-1.842834,0.09279631078243256,0.9905303120613098,0.9683712124824524
YIL142W,YER074W,0,-1.8461323,0.09277984499931335,0.9905303120613098,0.9685605764389038
YPL002C,YOR162C,0,-1.8490446,0.09276339411735535,0.9905303120613098,0.96875
YFR013W,YPL007C,0,-1.8599744,0.09274694323539734,0.9905303120613098,0.9689394235610962
YGL050W,YKL067W,0,-1.861913,0.09273049980401993,0.9905303120613098,0.9691287875175476
YDR414C,YMR115W,0,-1.8636059,0.09271405637264252,0.9905303120613098,0.9693182110786438
YOR147W,YGL169W,1,-1.8727016,0.09287486970424652,0.9924242496490479,0.9693182110786438
YNL232W,YDR449C,0,-1.8766692,0.09285841137170792,0.9924242496490479,0.9695075750350952
YNL044W,YKL166C,0,-1.8810081,0.09284195303916931,0.9924242496490479,0.9696969985961914
YCR030C,YMR078C,0,-1.8816369,0.0928255096077919,0.9924242496490479,0.9698863625526428
YLR228C,YDL171C,0,-1.8822756,0.09280906617641449,0.9924242496490479,0.970075786113739
YJR138W,YAL029C,0,-1.8824182,0.09279263019561768,0.9924242496490479,0.9702651500701904
YBR281C,YOR162C,0,-1.8838837,0.09277620166540146,0.9924242496490479,0.9704545736312866
YMR019W,YLR025W,0,-1.8872443,0.09275978058576584,0.9924242496490479,0.970643937587738
YDR454C,YKL013C,0,-1.8980467,0.09274335950613022,0.9924242496490479,0.9708333611488342
YAL054C,YBL076C,0,-1.8987999,0.09272695332765579,0.9924242496490479,0.9710227251052856
YLR029C,YOR243C,0,-1.899748,0.09271054714918137,0.9924242496490479,0.9712121486663818
YMR123W,YKL117W,0,-1.9029522,0.09269414842128754,0.9924242496490479,0.9714015126228333
YPL050C,YLR151C,0,-1.9077394,0.09267774969339371,0.9924242496490479,0.9715909361839294
YDL111C,YAL016W,0,-1.9086866,0.09266135841608047,0.9924242496490479,0.9717803001403809
YNL026W,YDR195W,0,-1.9148314,0.09264498203992844,0.9924242496490479,0.971969723701477
YLL008W,YKL189W,0,-1.917839,0.0926285982131958,0.9924242496490479,0.9721590876579285
YDR083W,YER162C,0,-1.9256659,0.09261222928762436,0.9924242496490479,0.9723485112190247
YGR258C,YJR063W,0,-1.925984,0.09259586781263351,0.9924242496490479,0.9725378751754761
YIL143C,YJR083C,0,-1.9305263,0.09257950633764267,0.9924242496490479,0.9727272987365723
YJL053W,YDR449C,0,-1.9358916,0.09256315231323242,0.9924242496490479,0.9729166626930237
YKR068C,YKL001C,0,-1.9359863,0.09254680573940277,0.9924242496490479,0.9731060862541199
YKL009W,YNL223W,0,-1.9369258,0.09253045916557312,0.9924242496490479,0.9732954502105713
YPR162C,YMR213W,0,-1.9378195,0.09251412749290466,0.9924242496490479,0.9734848737716675
YHR069C,YLL008W,0,-1.93899,0.0924977958202362,0.9924242496490479,0.9736742377281189
YBR155W,YLR268W,0,-1.9405003,0.09248147159814835,0.9924242496490479,0.9738636612892151
YNL153C,YOL093W,0,-1.942714,0.09246514737606049,0.9924242496490479,0.9740530252456665
YLL034C,YDR392W,0,-1.9450412,0.09244883805513382,0.9924242496490479,0.9742424488067627
YDL216C,YIL159W,0,-1.9459879,0.09243252873420715,0.9924242496490479,0.9744318127632141
YJL130C,YEL041W,0,-1.9475694,0.09241622686386108,0.9924242496490479,0.9746212363243103
YBR052C,YBR115C,0,-1.9481682,0.09239993244409561,0.9924242496490479,0.9748106002807617
YER049W,YGL220W,0,-1.9568024,0.09238363802433014,0.9924242496490479,0.9750000238418579
YNL178W,YKL124W,0,-1.9580086,0.09236735105514526,0.9924242496490479,0.9751893877983093
YMR112C,YDR240C,0,-1.9603145,0.09235107153654099,0.9924242496490479,0.9753788113594055
YHR074W,YGL026C,0,-1.9621592,0.0923347994685173,0.9924242496490479,0.9755681753158569
YDR254W,YGL030W,0,-1.9628168,0.09231853485107422,0.9924242496490479,0.9757575988769531
YGR145W,YOR194C,0,-1.9638826,0.09230227023363113,0.9924242496490479,0.9759469628334045
YLL002W,YJR119C,0,-1.964731,0.09228601306676865,0.9924242496490479,0.9761363863945007
YMR115W,YMR240C,0,-1.9698519,0.09226976335048676,0.9924242496490479,0.9763257503509521
YDR512C,YER171W,0,-1.9714038,0.09225352108478546,0.9924242496490479,0.9765151739120483
YDR079W,YJL200C,1,-1.9777967,0.09241330623626709,0.9943181872367859,0.9765151739120483
YJR119C,YNL307C,0,-1.978092,0.092397041618824,0.9943181872367859,0.9767045378684998
YMR061W,YNR006W,0,-1.9813952,0.09238078445196152,0.9943181872367859,0.976893961429596
YFL038C,YKL009W,0,-1.9863459,0.09236453473567963,0.9943181872367859,0.9770833253860474
YCR060W,YGR264C,0,-1.990821,0.09234828501939774,0.9943181872367859,0.9772727489471436
YMR137C,YMR270C,0,-1.9932934,0.09233204275369644,0.9943181872367859,0.977462112903595
YGL083W,YPR159W,0,-1.9959915,0.09231580793857574,0.9943181872367859,0.9776515364646912
YJL155C,YPL050C,0,-1.999745,0.09229958057403564,0.9943181872367859,0.9778409004211426
YLR285W,YJR130C,0,-2.0067549,0.09228335320949554,0.9943181872367859,0.9780303239822388
YGR145W,YHL027W,0,-2.0149317,0.09226713329553604,0.9943181872367859,0.9782196879386902
YMR123W,YOL108C,0,-2.0160427,0.09225092083215714,0.9943181872367859,0.9784091114997864
YJL200C,YDL078C,1,-2.0165155,0.09241040050983429,0.9962121248245239,0.9784091114997864
YBR155W,YGL037C,0,-2.016811,0.09239416569471359,0.9962121248245239,0.9785984754562378
YOL066C,YOR038C,0,-2.0175655,0.09237793833017349,0.9962121248245239,0.978787899017334
YMR049C,YHR058C,0,-2.0177715,0.09236171841621399,0.9962121248245239,0.9789772629737854
YLR129W,YLR330W,0,-2.01953,0.09234550595283508,0.9962121248245239,0.9791666865348816
YNL110C,YKL130C,0,-2.0203974,0.09232929348945618,0.9962121248245239,0.979356050491333
YOR138C,YNR006W,0,-2.0339057,0.09231309592723846,0.9962121248245239,0.9795454740524292
YOR212W,YLL004W,0,-2.035459,0.09229689091444016,0.9962121248245239,0.9797348380088806
YCL008C,YLR130C,0,-2.0371003,0.09228070080280304,0.9962121248245239,0.9799242615699768
YDL047W,YDL148C,0,-2.0386415,0.09226451814174652,0.9962121248245239,0.9801136255264282
YGR072W,YGL060W,0,-2.043026,0.09224833548069,0.9962121248245239,0.9803030490875244
YER162C,YLR145W,0,-2.0435357,0.09223216027021408,0.9962121248245239,0.9804924130439758
YMR146C,YML109W,0,-2.0561738,0.09221598505973816,0.9962121248245239,0.980681836605072
YLR206W,YNL290W,0,-2.0594027,0.09219982475042343,0.9962121248245239,0.9808712005615234
YPL139C,YJL006C,0,-2.0616465,0.0921836644411087,0.9962121248245239,0.9810606241226196
YDL070W,YNR028W,0,-2.064919,0.09216751158237457,0.9962121248245239,0.981249988079071
YGR095C,YPL218W,0,-2.0683708,0.09215136617422104,0.9962121248245239,0.9814394116401672
YCR030C,YGR179C,0,-2.0690737,0.0921352282166481,0.9962121248245239,0.9816287755966187
YIR011C,YBL052C,0,-2.0742335,0.09211909025907516,0.9962121248245239,0.9818181991577148
YPL087W,YGL148W,0,-2.0780492,0.09210295975208282,0.9962121248245239,0.9820075631141663
YER022W,YMR213W,0,-2.0886993,0.09208683669567108,0.9962121248245239,0.9821969866752625
YDR082W,YBL079W,0,-2.0894065,0.09207071363925934,0.9962121248245239,0.9823863506317139
YHR002W,YJL134W,0,-2.0894237,0.09205460548400879,0.9962121248245239,0.9825757741928101
YNL223W,YOR025W,0,-2.0898156,0.09203849732875824,0.9962121248245239,0.9827651381492615
YIR011C,YCL024W,0,-2.094387,0.09202239662408829,0.9962121248245239,0.9829545617103577
YBR080C,YOR311C,0,-2.0980754,0.09200629591941833,0.9962121248245239,0.9831439256668091
YIL128W,YNL219C,0,-2.1026945,0.09199020266532898,0.9962121248245239,0.9833333492279053
YJR083C,YDR472W,0,-2.1030626,0.09197412431240082,0.9962121248245239,0.9835227131843567
YDR082W,YDR240C,0,-2.1132612,0.09195803850889206,0.9962121248245239,0.9837121367454529
YMR033W,YGR145W,0,-2.1150599,0.0919419676065445,0.9962121248245239,0.9839015007019043
YGR229C,YCL034W,0,-2.1154518,0.09192589670419693,0.9962121248245239,0.9840909242630005
YCL024W,YIL079C,0,-2.1223993,0.09190984070301056,0.9962121248245239,0.9842802882194519
YLR219W,YNL290W,0,-2.1245925,0.09189377725124359,0.9962121248245239,0.9844697117805481
YDL097C,YNL175C,0,-2.1269646,0.09187772870063782,0.9962121248245239,0.9846590757369995
YOR089C,YBR074W,0,-2.137043,0.09186168015003204,0.9962121248245239,0.9848484992980957
YLR009W,YEL056W,0,-2.1402261,0.09184564650058746,0.9962121248245239,0.9850378632545471
YLR197W,YCL057W,0,-2.143684,0.09182960540056229,0.9962121248245239,0.9852272868156433
YER022W,YKL189W,0,-2.143724,0.0918135792016983,0.9962121248245239,0.9854166507720947
YFR021W,YIL159W,0,-2.144854,0.09179755300283432,0.9962121248245239,0.9856060743331909
YHR069C,YGL004C,0,-2.1481628,0.09178154170513153,0.9962121248245239,0.9857954382896423
YKR056W,YOR099W,0,-2.1490123,0.09176553040742874,0.9962121248245239,0.9859848618507385
YBR125C,YNL282W,0,-2.1610248,0.09174951910972595,0.9962121248245239,0.9861742258071899
YGR145W,YDL097C,0,-2.1631126,0.09173352271318436,0.9962121248245239,0.9863636493682861
YOR025W,YOR294W,0,-2.1693816,0.09171752631664276,0.9962121248245239,0.9865530133247375
YOL082W,YIR038C,0,-2.1742797,0.09170153737068176,0.9962121248245239,0.9867424368858337
YER050C,YGR089W,0,-2.175534,0.09168554842472076,0.9962121248245239,0.9869318008422852
YJL112W,YPR137W,0,-2.1846738,0.09166957437992096,0.9962121248245239,0.9871212244033813
YEL053C,YOR275C,0,-2.1884844,0.09165360033512115,0.9962121248245239,0.9873105883598328
YHR002W,YNR003C,0,-2.1939726,0.09163763374090195,0.9962121248245239,0.987500011920929
YLR165C,YNL175C,0,-2.197252,0.09162166714668274,0.9962121248245239,0.9876893758773804
YIR025W,YFL001W,0,-2.199661,0.09160571545362473,0.9962121248245239,0.9878787994384766
YHR059W,YDL074C,0,-2.206336,0.09158976376056671,0.9962121248245239,0.988068163394928
YOR106W,YNL261W,0,-2.2079446,0.0915738195180893,0.9962121248245239,0.9882575869560242
YLL019C,YIL159W,0,-2.2213576,0.09155787527561188,0.9962121248245239,0.9884469509124756
YBR287W,YIL079C,0,-2.222207,0.09154194593429565,0.9962121248245239,0.9886363744735718
YDR457W,YPR060C,0,-2.2267742,0.09152601659297943,0.9962121248245239,0.9888257384300232
YDL142C,YLR020C,0,-2.2327657,0.09151008725166321,0.9962121248245239,0.9890151619911194
YDR083W,YHR059W,0,-2.2329412,0.09149417281150818,0.9962121248245239,0.9892045259475708
YER162C,YPL129W,0,-2.2410479,0.09147825837135315,0.9962121248245239,0.989393949508667
YDL036C,YDL215C,0,-2.2437806,0.09146235138177872,0.9962121248245239,0.9895833134651184
YLR291C,YLR350W,0,-2.2614212,0.09144645184278488,0.9962121248245239,0.9897727370262146
YJL011C,YPL110C,0,-2.2817192,0.09143055975437164,0.9962121248245239,0.989962100982666
YDR172W,YCL008C,0,-2.2841463,0.0914146676659584,0.9962121248245239,0.9901515245437622
YNL084C,YOL124C,0,-2.2873507,0.09139878302812576,0.9962121248245239,0.9903408885002136
YKL210W,YGL174W,0,-2.299172,0.09138290584087372,0.9962121248245239,0.9905303120613098
YPL139C,YEL029C,0,-2.3032656,0.09136702865362167,0.9962121248245239,0.9907196760177612
YCR060W,YFR031C,0,-2.306186,0.09135116636753082,0.9962121248245239,0.9909090995788574
YGR081C,YOR138C,0,-2.3130383,0.09133530408143997,0.9962121248245239,0.9910984635353088
YFR001W,YOR294W,0,-2.3232923,0.09131944179534912,0.9962121248245239,0.991287887096405
YLR285W,YGL004C,0,-2.3291008,0.09130359441041946,0.9962121248245239,0.9914772510528564
YBR006W,YLR145W,0,-2.342381,0.09128774702548981,0.9962121248245239,0.9916666746139526
YLR080W,YOR243C,0,-2.3429985,0.09127190709114075,0.9962121248245239,0.991856038570404
YBR081C,YLR401C,0,-2.3532333,0.09125607460737228,0.9962121248245239,0.9920454621315002
YJL200C,YBR026C,1,-2.3654387,0.0914137065410614,0.998106062412262,0.9920454621315002
YMR180C,YGL174W,0,-2.3801146,0.09139785170555115,0.998106062412262,0.9922348260879517
YPL064C,YBR061C,0,-2.3813033,0.09138200432062149,0.998106062412262,0.9924242496490479
YGR169C,YOR025W,0,-2.401021,0.09136615693569183,0.998106062412262,0.9926136136054993
YJL005W,YOL124C,0,-2.412868,0.09135031700134277,0.998106062412262,0.9928030371665955
YOL093W,YOR327C,0,-2.417543,0.09133449196815491,0.998106062412262,0.9929924011230469
YCR057C,YKL124W,0,-2.4175744,0.09131865948438644,0.998106062412262,0.9931818246841431
YDR527W,YBR095C,0,-2.4196253,0.09130284190177917,0.998106062412262,0.9933711886405945
YPR144C,YCL024W,0,-2.4261708,0.0912870243191719,0.998106062412262,0.9935606122016907
YGL037C,YKL082C,0,-2.436802,0.09127121418714523,0.998106062412262,0.9937499761581421
YHR066W,YDR174W,0,-2.4371407,0.09125541150569916,0.998106062412262,0.9939393997192383
YOR148C,YDR472W,0,-2.4473405,0.09123960882425308,0.998106062412262,0.9941287636756897
YDR369C,YMR239C,0,-2.4515576,0.0912238210439682,0.998106062412262,0.9943181872367859
YOL066C,YMR097C,0,-2.47016,0.09120803326368332,0.998106062412262,0.9945075511932373
YBR261C,YER162C,0,-2.4750662,0.09119224548339844,0.998106062412262,0.9946969747543335
YNL153C,YDR449C,0,-2.496859,0.09117647260427475,0.998106062412262,0.9948863387107849
YNL163C,YEL029C,0,-2.507172,0.09116069972515106,0.998106062412262,0.9950757622718811
YBR155W,YLR163C,0,-2.5303326,0.09114493429660797,0.998106062412262,0.9952651262283325
YHR047C,YNL182C,0,-2.5345197,0.09112916886806488,0.998106062412262,0.9954545497894287
YDL055C,YGL037C,0,-2.5347636,0.09111341834068298,0.998106062412262,0.9956439137458801
YKL166C,YMR270C,0,-2.5362031,0.09109766781330109,0.998106062412262,0.9958333373069763
YJL103C,YGL169W,1,-2.5475361,0.09125475585460663,1.0,0.9958333373069763
YMR137C,YHR085W,0,-2.5621748,0.09123898297548294,1.0,0.9960227012634277
YBR074W,YLR088W,0,-2.5673552,0.09122321754693985,1.0,0.9962121248245239
YDR454C,YDL024C,0,-2.5687823,0.09120745956897736,1.0,0.9964014887809753
YDL024C,YOL040C,0,-2.5910857,0.09119170904159546,1.0,0.9965909123420715
YLL019C,YFR001W,0,-2.612393,0.09117596596479416,1.0,0.996780276298523
YJL011C,YMR020W,0,-2.616327,0.09116022288799286,1.0,0.9969696998596191
YHR061C,YLR285W,0,-2.6565936,0.09114448726177216,1.0,0.9971590638160706
YOR310C,YIR039C,0,-2.6742096,0.09112875163555145,1.0,0.9973484873771667
YDR144C,YPL196W,0,-2.6820178,0.09111303091049194,1.0,0.9975378513336182
YBR059C,YIL079C,0,-2.7574813,0.09109731018543243,1.0,0.9977272748947144
YDR059C,YPL093W,0,-2.7751038,0.09108159691095352,1.0,0.9979166388511658
YER098W,YOL093W,0,-2.8262973,0.09106588363647461,1.0,0.998106062412262
YPL112C,YMR239C,0,-2.8853068,0.0910501778125763,1.0,0.9982954263687134
YNL127W,YKR056W,0,-2.9352744,0.09103447943925858,1.0,0.9984848499298096
YKL013C,YPR060C,0,-2.9552708,0.09101878851652145,1.0,0.998674213886261
YPR137W,YOR162C,0,-2.9589982,0.09100310504436493,1.0,0.9988636374473572
YPR187W,YLR251W,0,-2.9636436,0.0909874215722084,1.0,0.9990530014038086
YKL205W,YBR257W,0,-2.9910262,0.09097174555063248,1.0,0.9992424249649048
YJL011C,YAL016W,0,-3.0461946,0.09095606952905655,1.0,0.9994317889213562
YAL017W,YBR061C,0,-3.14171,0.09094040840864182,1.0,0.9996212124824524
YDL029W,YPR190C,0,-3.2736354,0.09092474728822708,1.0,0.9998105764389038
YOR294W,YOR162C,0,-3.5369897,0.09090909361839294,1.0,1.0
