Gene A,Gene B,Label,Score,Precision,Recall,False Positive Rate
YJL011C,YJL130C,0,21.015505,0.0,0.0,0.0001349527738057077
YPR135W,YPR152C,0,13.5055275,0.0,0.0,0.0002699055476114154
YER089C,YPL137C,1,11.243267,0.3333333432674408,0.001349527621641755,0.0002699055476114154
YGR123C,YGR161C,1,10.443907,0.5,0.00269905524328351,0.0002699055476114154
YGR123C,YCR079W,1,9.507068,0.6000000238418579,0.004048583097755909,0.0002699055476114154
YIR026C,YCR079W,1,8.966454,0.6666666865348816,0.00539811048656702,0.0002699055476114154
YGR161C,YIR026C,1,8.90871,0.7142857313156128,0.006747638341039419,0.0002699055476114154
YGR123C,YFR003C,1,7.859537,0.75,0.008097166195511818,0.0002699055476114154
YGR255C,YOR294W,0,7.5161343,0.6666666865348816,0.008097166195511818,0.0004048582923132926
YEL012W,YLR401C,0,7.229623,0.6000000238418579,0.008097166195511818,0.0005398110952228308
YBR183W,YML080W,0,7.0682325,0.5454545617103577,0.008097166195511818,0.0006747638108208776
YDL021W,YNL182C,0,7.0432096,0.5,0.008097166195511818,0.0008097165846265852
YLR401C,YOR215C,0,7.042763,0.4615384638309479,0.008097166195511818,0.0009446693584322929
YIL113W,YGR123C,1,6.9351974,0.5,0.00944669358432293,0.0009446693584322929
YER133W,YDR481C,1,6.7256184,0.5333333611488342,0.01079622097313404,0.0009446693584322929
YMR173W,YCR057C,0,6.275196,0.5,0.01079622097313404,0.0010796221904456615
YDR075W,YGR161C,1,6.1389236,0.529411792755127,0.012145749293267727,0.0010796221904456615
YMR315W,YDL208W,0,5.8795867,0.5,0.012145749293267727,0.0012145749060437083
YMR114C,YER090W,0,5.7797804,0.4736842215061188,0.012145749293267727,0.001349527621641755
YBL056W,YDR481C,1,5.741346,0.5,0.013495276682078838,0.001349527621641755
YIL113W,YIR026C,1,5.72242,0.523809552192688,0.01484480407088995,0.001349527621641755
YOL142W,YNL274C,0,5.7182283,0.5,0.01484480407088995,0.0014844804536551237
YOR208W,YDR075W,1,5.6876717,0.52173912525177,0.016194332391023636,0.0014844804536551237
YGR123C,YNR032W,1,5.5559883,0.5416666865348816,0.017543859779834747,0.0014844804536551237
YPL087W,YOR294W,0,5.5357647,0.5199999809265137,0.017543859779834747,0.0016194331692531705
YHR066W,YBR026C,0,5.527453,0.5,0.017543859779834747,0.001754386001266539
YOR310C,YGR255C,0,5.4432964,0.48148149251937866,0.017543859779834747,0.0018893387168645859
YGR161C,YFR028C,1,5.4182787,0.5,0.01889338716864586,0.0018893387168645859
YDL230W,YGR161C,1,5.3162136,0.517241358757019,0.02024291455745697,0.0018893387168645859
YER075C,YDL134C,1,5.276969,0.5333333611488342,0.02159244194626808,0.0018893387168645859
YPL179W,YDL006W,1,5.2641196,0.5483871102333069,0.022941971197724342,0.0018893387168645859
YOR208W,YER075C,1,5.252236,0.5625,0.024291498586535454,0.0018893387168645859
YDL022W,YPR190C,0,5.2476597,0.5454545617103577,0.024291498586535454,0.0020242915488779545
YJR070C,YOR215C,0,5.245481,0.529411792755127,0.024291498586535454,0.002159244380891323
YER103W,YIL047C,0,5.205167,0.5142857432365417,0.024291498586535454,0.002294196980074048
YIL113W,YDL236W,1,5.199156,0.5277777910232544,0.025641025975346565,0.002294196980074048
YGR123C,YDL134C,1,5.1819983,0.5405405163764954,0.026990553364157677,0.002294196980074048
YGR123C,YDL006W,1,5.12912,0.5526315569877625,0.028340080752968788,0.002294196980074048
YGR161C,YPL179W,1,5.089633,0.5641025900840759,0.0296896081417799,0.002294196980074048
YOR014W,YDR481C,1,5.0360956,0.574999988079071,0.03103913553059101,0.002294196980074048
YBR287W,YPR060C,0,5.0344563,0.5609756112098694,0.03103913553059101,0.0024291498120874166
YPL179W,YDR481C,1,5.0078707,0.5714285969734192,0.03238866478204727,0.0024291498120874166
YDL134C,YDL236W,1,4.9592876,0.5813953280448914,0.03373819217085838,0.0024291498120874166
YDR075W,YBL056W,1,4.8903217,0.5909090638160706,0.035087719559669495,0.0024291498120874166
YER103W,YKL144C,0,4.887889,0.5777778029441833,0.035087719559669495,0.0025641026441007853
YDL134C,YDR481C,1,4.8719707,0.5869565010070801,0.036437246948480606,0.0025641026441007853
YIL113W,YDL230W,1,4.8450975,0.5957446694374084,0.03778677433729172,0.0025641026441007853
YMR315W,YLR197W,0,4.822564,0.5833333134651184,0.03778677433729172,0.00269905524328351
YKR056W,YBR026C,0,4.7803345,0.5714285969734192,0.03778677433729172,0.002834008075296879
YOR208W,YDL236W,1,4.769224,0.5799999833106995,0.03913630172610283,0.002834008075296879
YGR161C,YLR361C,1,4.7013597,0.5882353186607361,0.04048582911491394,0.002834008075296879
YMR315W,YMR301C,0,4.679509,0.5769230723381042,0.04048582911491394,0.0029689609073102474
YCR079W,YFR028C,1,4.656646,0.5849056839942932,0.04183535650372505,0.0029689609073102474
YGR161C,YDL188C,1,4.6474633,0.5925925970077515,0.04318488389253616,0.0029689609073102474
YER054C,YGR123C,1,4.627672,0.6000000238418579,0.044534411281347275,0.0029689609073102474
YNL053W,YDR481C,1,4.582704,0.6071428656578064,0.045883942395448685,0.0029689609073102474
YIR026C,YNR032W,1,4.551111,0.6140350699424744,0.047233469784259796,0.0029689609073102474
YNL095C,YDL022W,0,4.518071,0.6034482717514038,0.047233469784259796,0.003103913739323616
YMR169C,YLL008W,0,4.5053573,0.5932203531265259,0.047233469784259796,0.003238866338506341
YOR208W,YFR028C,1,4.5038514,0.6000000238418579,0.04858299717307091,0.003238866338506341
YGL190C,YDR481C,1,4.39639,0.6065573692321777,0.04993252456188202,0.003238866338506341
YLL008W,YHR004C,0,4.394635,0.5967742204666138,0.04993252456188202,0.0033738191705197096
YGR161C,YBR125C,1,4.3850794,0.60317462682724,0.05128205195069313,0.0033738191705197096
YER103W,YFR001W,0,4.3794675,0.59375,0.05128205195069313,0.003508772002533078
YGR161C,YDL236W,1,4.376055,0.6000000238418579,0.05263157933950424,0.003508772002533078
YDL236W,YCR079W,1,4.3521404,0.6060606241226196,0.05398110672831535,0.003508772002533078
YOR208W,YIR026C,1,4.3298845,0.611940324306488,0.055330634117126465,0.003508772002533078
YGR161C,YNL053W,1,4.305415,0.6176470518112183,0.056680161505937576,0.003508772002533078
YLR401C,YDL021W,0,4.28253,0.6086956262588501,0.056680161505937576,0.003643724601715803
YMR114C,YOR294W,0,4.2755504,0.6000000238418579,0.056680161505937576,0.0037786774337291718
YMR277W,YCR079W,1,4.2603483,0.6056337952613831,0.05802968889474869,0.0037786774337291718
YER054C,YFR028C,1,4.2568464,0.6111111044883728,0.0593792162835598,0.0037786774337291718
YDL134C,YNL128W,1,4.1605244,0.6164383292198181,0.06072874367237091,0.0037786774337291718
YDL021W,YDL040C,0,4.1604624,0.6081081032752991,0.06072874367237091,0.00391363026574254
YOR208W,YGR123C,1,4.148939,0.6133333444595337,0.06207827106118202,0.00391363026574254
YDL134C,YFR028C,1,4.092802,0.6184210777282715,0.06342779844999313,0.00391363026574254
YBR125C,YDR481C,1,4.084019,0.6233766078948975,0.06477732956409454,0.00391363026574254
YGR123C,YPL137C,1,4.0607414,0.6282051205635071,0.06612685322761536,0.00391363026574254
YBL046W,YCR079W,1,4.0538034,0.6329113841056824,0.06747638434171677,0.00391363026574254
YGR177C,YBR230C,0,3.981298,0.625,0.06747638434171677,0.004048583097755909
YDR527W,YGR255C,0,3.9638994,0.6172839403152466,0.06747638434171677,0.004183535929769278
YNL223W,YDR496C,0,3.9585173,0.6097561120986938,0.06747638434171677,0.004318488761782646
YKL013C,YKL165C,0,3.9509115,0.6024096608161926,0.06747638434171677,0.0044534411281347275
YBR172C,YBR230C,0,3.9386792,0.5952380895614624,0.06747638434171677,0.004588393960148096
YDL230W,YPL137C,1,3.8983462,0.6000000238418579,0.06882590800523758,0.004588393960148096
YGL169W,YMR210W,0,3.8965979,0.5930232405662537,0.06882590800523758,0.004723346792161465
YGR268C,YKL180W,0,3.8871396,0.5862069129943848,0.06882590800523758,0.004858299624174833
YMR315W,YDL121C,0,3.8681078,0.5795454382896423,0.06882590800523758,0.004993252456188202
YNL131W,YMR046C,0,3.8628578,0.5730336904525757,0.06882590800523758,0.0051282052882015705
YGR161C,YDL134C,1,3.8621597,0.5777778029441833,0.07017543911933899,0.0051282052882015705
YDR211W,YBR026C,0,3.8253484,0.5714285969734192,0.07017543911933899,0.005263158120214939
YDR075W,YCR079W,1,3.8238146,0.5760869383811951,0.0715249627828598,0.005263158120214939
YOR208W,YBR045C,1,3.8203056,0.5806451439857483,0.07287449389696121,0.005263158120214939
YOL082W,YLR224W,0,3.8112447,0.5744680762290955,0.07287449389696121,0.00539811048656702
YBR247C,YDL045C,0,3.8013167,0.5684210658073425,0.07287449389696121,0.005533063318580389
YIR026C,YPR073C,1,3.7925186,0.5729166865348816,0.07422402501106262,0.005533063318580389
YFR003C,YFR028C,1,3.7829618,0.5773195624351501,0.07557354867458344,0.005533063318580389
YBR247C,YMR090W,0,3.7444503,0.5714285969734192,0.07557354867458344,0.005668016150593758
YGR123C,YMR036C,1,3.7396436,0.5757575631141663,0.07692307978868484,0.005668016150593758
YER103W,YMR301C,0,3.7363143,0.5699999928474426,0.07692307978868484,0.005802968982607126
YOR168W,YKR066C,0,3.72278,0.5643564462661743,0.07692307978868484,0.005937921814620495
YER089C,YNR032W,1,3.71377,0.5686274766921997,0.07827260345220566,0.005937921814620495
YGR264C,YGL062W,0,3.7130916,0.5631067752838135,0.07827260345220566,0.0060728746466338634
YCR079W,YDR481C,1,3.6725023,0.567307710647583,0.07962213456630707,0.0060728746466338634
YOR208W,YDL006W,1,3.6639414,0.5714285969734192,0.08097165822982788,0.0060728746466338634
YDL107W,YHL012W,0,3.647892,0.5660377144813538,0.08097165822982788,0.006207827478647232
YKL103C,YLL004W,0,3.6185906,0.5607476830482483,0.08097165822982788,0.006342779844999313
YBR045C,YNL128W,1,3.601001,0.5648148059844971,0.08232118934392929,0.006342779844999313
YKL103C,YIL079C,0,3.5873904,0.5596330165863037,0.08232118934392929,0.006477732677012682
YDL188C,YDR481C,1,3.5779667,0.5636363625526428,0.0836707130074501,0.006477732677012682
YOR208W,YMR277W,1,3.559206,0.5675675868988037,0.08502024412155151,0.006477732677012682
YER133W,YBR125C,1,3.5552764,0.5714285969734192,0.08636976778507233,0.006477732677012682
YLR244C,YGR010W,0,3.5544248,0.5663716793060303,0.08636976778507233,0.006612685509026051
YOR014W,YGR161C,1,3.5153284,0.5701754093170166,0.08771929889917374,0.006612685509026051
YDL111C,YNL092W,0,3.4910302,0.5652173757553101,0.08771929889917374,0.006747638341039419
YER054C,YPL179W,1,3.4884071,0.568965494632721,0.08906882256269455,0.006747638341039419
YGR123C,YPR073C,1,3.4877315,0.5726495981216431,0.09041835367679596,0.006747638341039419
YDL006W,YDR481C,1,3.4858494,0.5762711763381958,0.09176788479089737,0.006747638341039419
YOR208W,YDL230W,1,3.4802375,0.5798319578170776,0.09311740845441818,0.006747638341039419
YDL188C,YNL128W,1,3.4684262,0.5833333134651184,0.09446693956851959,0.006747638341039419
YLR285W,YNL274C,0,3.436587,0.5785123705863953,0.09446693956851959,0.006882591173052788
YGR177C,YNL208W,0,3.432523,0.5737704634666443,0.09446693956851959,0.007017544005066156
YER089C,YPR073C,1,3.4173534,0.577235758304596,0.0958164632320404,0.007017544005066156
YDL021W,YDR062W,0,3.4129202,0.5725806355476379,0.0958164632320404,0.007152496837079525
YAL016W,YDL006W,1,3.410236,0.5759999752044678,0.09716599434614182,0.007152496837079525
YDL134C,YDL006W,1,3.395721,0.579365074634552,0.09851551800966263,0.007152496837079525
YOR208W,YBR125C,1,3.3940217,0.5826771855354309,0.09986504912376404,0.007152496837079525
YGL062W,YIL133C,0,3.3718312,0.578125,0.09986504912376404,0.007287449203431606
YFR003C,YIR026C,1,3.367065,0.5813953280448914,0.10121457278728485,0.007287449203431606
YMR169C,YNR021W,0,3.3655484,0.5769230723381042,0.10121457278728485,0.007422402035444975
YJL079C,YBR238C,0,3.3567972,0.572519063949585,0.10121457278728485,0.0075573548674583435
YNL239W,YER002W,0,3.3344786,0.5681818127632141,0.10121457278728485,0.007692307699471712
YGR255C,YKR026C,0,3.3044882,0.5639097690582275,0.10121457278728485,0.00782726053148508
YGR161C,YCR079W,1,3.3001668,0.5671641826629639,0.10256410390138626,0.00782726053148508
YOR208W,YDR481C,1,3.2900016,0.5703703761100769,0.10391362756490707,0.00782726053148508
YNR032W,YDR481C,1,3.281363,0.5735294222831726,0.10526315867900848,0.00782726053148508
YOR230W,YKL172W,0,3.2772512,0.569343090057373,0.10526315867900848,0.007962212897837162
YNL095C,YOR215C,0,3.2698328,0.5652173757553101,0.10526315867900848,0.008097166195511818
YAL016W,YER075C,1,3.2374654,0.568345308303833,0.1066126823425293,0.008097166195511818
YAL016W,YDL230W,1,3.2293415,0.5714285969734192,0.1079622134566307,0.008097166195511818
YDR075W,YER054C,1,3.2185946,0.5744680762290955,0.10931174457073212,0.008097166195511818
YKL090W,YIL108W,0,3.216373,0.5704225301742554,0.10931174457073212,0.0082321185618639
YBL046W,YNR032W,1,3.193527,0.5734265446662903,0.11066126823425293,0.0082321185618639
YOR014W,YNL128W,1,3.1761813,0.5763888955116272,0.11201079934835434,0.0082321185618639
YOR014W,YDL006W,1,3.1714811,0.5793103575706482,0.11336032301187515,0.0082321185618639
YKL103C,YHR077C,0,3.1665113,0.5753424763679504,0.11336032301187515,0.008367071859538555
YER054C,YDL236W,1,3.1330416,0.5782312750816345,0.11470985412597656,0.008367071859538555
YER054C,YNL053W,1,3.1095214,0.5810810923576355,0.11605937778949738,0.008367071859538555
YDL134C,YBR276C,1,3.0983353,0.5838926434516907,0.11740890890359879,0.008367071859538555
YLL027W,YEL056W,0,3.097857,0.5799999833106995,0.11740890890359879,0.008502024225890636
YPR144C,YDR254W,0,3.0954032,0.5761589407920837,0.11740890890359879,0.008636977523565292
YGR134W,YLR350W,0,3.0933125,0.5723684430122375,0.11740890890359879,0.008771929889917374
YBL056W,YDL230W,1,3.086359,0.5751634240150452,0.1187584325671196,0.008771929889917374
YMR046C,YNL274C,0,3.0811236,0.5714285969734192,0.1187584325671196,0.008906882256269455
YMR036C,YCR079W,1,3.0778491,0.57419353723526,0.12010796368122101,0.008906882256269455
YOR014W,YBR045C,1,3.0430508,0.5769230723381042,0.12145748734474182,0.008906882256269455
YMR277W,YDL134C,1,3.0391965,0.5796178579330444,0.12280701845884323,0.008906882256269455
YDL230W,YFR003C,1,3.0367134,0.5822784900665283,0.12415654212236404,0.008906882256269455
YGL212W,YOL136C,0,3.0140328,0.5786163806915283,0.12415654212236404,0.009041835553944111
YMR173W,YDR416W,0,3.0042412,0.574999988079071,0.12415654212236404,0.009176787920296192
YBR052C,YNR013C,0,3.0041058,0.5714285969734192,0.12415654212236404,0.009311741217970848
YLR401C,YPL240C,0,2.9995308,0.5679012537002563,0.12415654212236404,0.00944669358432293
YPL179W,YAL031C,1,2.995614,0.5705521702766418,0.12550607323646545,0.00944669358432293
YER075C,YNR032W,1,2.9925232,0.5731707215309143,0.12685559689998627,0.00944669358432293
YGR264C,YKL061W,0,2.9799557,0.5696969628334045,0.12685559689998627,0.009581646881997585
YDR026C,YDR059C,0,2.9373307,0.5662650465965271,0.12685559689998627,0.009716599248349667
YER075C,YDL230W,1,2.9276059,0.56886225938797,0.12820513546466827,0.009716599248349667
YGR123C,YDL188C,1,2.9263449,0.5714285969734192,0.1295546591281891,0.009716599248349667
YBL056W,YFR028C,1,2.9259415,0.5739644765853882,0.1309041827917099,0.009716599248349667
YDL021W,YGR027C,0,2.92296,0.570588231086731,0.1309041827917099,0.009851551614701748
YBR026C,YNL175C,0,2.9122458,0.567251443862915,0.1309041827917099,0.009986504912376404
YPL119C,YGR113W,0,2.9038577,0.5639534592628479,0.1309041827917099,0.010121457278728485
YOL010W,YDR173C,0,2.9034252,0.560693621635437,0.1309041827917099,0.010256410576403141
YJR028W,YDR415C,0,2.9022522,0.5574712753295898,0.1309041827917099,0.010391362942755222
YMR277W,YFR003C,1,2.8936238,0.5600000023841858,0.1322537064552307,0.010391362942755222
YDL230W,YIR026C,1,2.8907576,0.5625,0.13360324501991272,0.010391362942755222
YBR045C,YDL134C,1,2.882237,0.5649717450141907,0.13495276868343353,0.010391362942755222
YMR173W,YDL083C,0,2.8817444,0.5617977380752563,0.13495276868343353,0.010526316240429878
YNL283C,YJR036C,0,2.8777835,0.5586591958999634,0.13495276868343353,0.01066126860678196
YDL036C,YCR011C,0,2.8744402,0.5555555820465088,0.13495276868343353,0.01079622097313404
YDR075W,YOR014W,1,2.8737888,0.5580110549926758,0.13630229234695435,0.01079622097313404
YDR026C,YFL033C,0,2.8715248,0.5549450516700745,0.13630229234695435,0.010931174270808697
YBR238C,YPR127W,0,2.8695111,0.5519125461578369,0.13630229234695435,0.011066126637160778
YDR075W,YDL134C,1,2.8572087,0.554347813129425,0.13765181601047516,0.011066126637160778
YMR036C,YIR026C,1,2.8342175,0.5567567348480225,0.13900135457515717,0.011066126637160778
YNL262W,YLR026C,0,2.8335214,0.5537634491920471,0.13900135457515717,0.011201079934835434
YBL056W,YNL053W,1,2.8331923,0.5561497211456299,0.14035087823867798,0.011201079934835434
YJR055W,YGR180C,0,2.8284016,0.5531914830207825,0.14035087823867798,0.011336032301187515
YJL171C,YER171W,0,2.8270664,0.5502645373344421,0.14035087823867798,0.011470985598862171
YKR066C,YBR187W,0,2.818412,0.5473684072494507,0.14035087823867798,0.011605937965214252
YML112W,YBR052C,0,2.8170652,0.5445026159286499,0.14035087823867798,0.011740890331566334
YOR014W,YER075C,1,2.8164272,0.546875,0.1417004019021988,0.011740890331566334
YLR244C,YOR219C,0,2.8157246,0.5440414547920227,0.1417004019021988,0.01187584362924099
YDL230W,YNR032W,1,2.815361,0.5463917255401611,0.1430499255657196,0.01187584362924099
YDR075W,YDL230W,1,2.813078,0.5487179756164551,0.1443994641304016,0.01187584362924099
YGR268C,YPR060C,0,2.8047173,0.545918345451355,0.1443994641304016,0.012010795995593071
YDR075W,YNR032W,1,2.8034983,0.5482233762741089,0.14574898779392242,0.012010795995593071
YLR197W,YGR268C,0,2.7984335,0.5454545617103577,0.14574898779392242,0.012145749293267727
YLR285W,YCL057W,0,2.790999,0.5427135825157166,0.14574898779392242,0.012280701659619808
YER054C,YIR026C,1,2.7863936,0.5450000166893005,0.14709851145744324,0.012280701659619808
YJR147W,YKL067W,0,2.768635,0.5422885417938232,0.14709851145744324,0.012415654957294464
YPL050C,YHR008C,0,2.7529907,0.5396039485931396,0.14709851145744324,0.012550607323646545
YBL076C,YFR019W,0,2.7528238,0.5369458198547363,0.14709851145744324,0.012685559689998627
YIL113W,YGR161C,1,2.7447143,0.5392156839370728,0.14844805002212524,0.012685559689998627
YDR481C,YAL031C,1,2.7326372,0.5414634346961975,0.14979757368564606,0.012685559689998627
YDR405W,YEL062W,0,2.7238083,0.5388349294662476,0.14979757368564606,0.012820512987673283
YFR003C,YDL236W,1,2.7172136,0.5410627722740173,0.15114709734916687,0.012820512987673283
YKL007W,YGR145W,0,2.7113123,0.5384615659713745,0.15114709734916687,0.012955465354025364
YMR186W,YNR018W,0,2.6923256,0.5358851552009583,0.15114709734916687,0.01309041865170002
YJR138W,YER013W,0,2.6916904,0.5333333611488342,0.15114709734916687,0.013225371018052101
YPL151C,YDL078C,0,2.6874762,0.5308057069778442,0.15114709734916687,0.013360324315726757
YIL113W,YMR277W,1,2.686008,0.5330188870429993,0.15249662101268768,0.013360324315726757
YGR143W,YMR229C,0,2.6830916,0.5305164456367493,0.15249662101268768,0.013495276682078838
YFL054C,YLR309C,0,2.6757584,0.5280373692512512,0.15249662101268768,0.01363022904843092
YER133W,YNR032W,1,2.6732702,0.5302325487136841,0.1538461595773697,0.01363022904843092
YIR026C,YPL137C,1,2.67319,0.5324074029922485,0.1551956832408905,0.01363022904843092
YIL142W,YLR251W,0,2.6715097,0.5299538969993591,0.1551956832408905,0.013765182346105576
YBR125C,YDL134C,1,2.6674821,0.5321100950241089,0.15654520690441132,0.013765182346105576
YDR075W,YDL188C,1,2.6575289,0.534246563911438,0.15789473056793213,0.013765182346105576
YPR144C,YDL045C,0,2.6549745,0.5318182110786438,0.15789473056793213,0.013900134712457657
YBR125C,YDR364C,0,2.6439223,0.529411792755127,0.15789473056793213,0.014035088010132313
YDL134C,YOR090C,1,2.6411018,0.5315315127372742,0.15924426913261414,0.014035088010132313
YDL230W,YDR481C,1,2.640154,0.5336322784423828,0.16059379279613495,0.014035088010132313
YOL038W,YDL083C,0,2.6358628,0.53125,0.16059379279613495,0.014170040376484394
YGR123C,YDL230W,1,2.6358352,0.5333333611488342,0.16194331645965576,0.014170040376484394
YBL046W,YDL134C,1,2.6351464,0.5353982448577881,0.16329284012317657,0.014170040376484394
YDL134C,YPL179W,1,2.6338482,0.5374449491500854,0.16464237868785858,0.014170040376484394
YLR270W,YOR085W,0,2.6289866,0.5350877046585083,0.16464237868785858,0.01430499367415905
YLR291C,YOR285W,0,2.622271,0.5327510833740234,0.16464237868785858,0.014439946040511131
YDR075W,YMR036C,1,2.6220922,0.5347825884819031,0.1659919023513794,0.014439946040511131
YER049W,YJL103C,0,2.6073537,0.5324675440788269,0.1659919023513794,0.014574898406863213
YGR123C,YLR361C,1,2.603637,0.5344827771186829,0.1673414260149002,0.014574898406863213
YKR066C,YPL244C,0,2.5994468,0.5321888327598572,0.1673414260149002,0.014709851704537868
YAL016W,YGR123C,1,2.5903735,0.5341880321502686,0.16869096457958221,0.014709851704537868
YOR054C,YNR003C,0,2.5879018,0.5319148898124695,0.16869096457958221,0.01484480407088995
YBR223C,YDR109C,0,2.5707169,0.5296609997749329,0.16869096457958221,0.014979757368564606
YOR275C,YGR185C,0,2.5610805,0.5274261832237244,0.16869096457958221,0.015114709734916687
YPL078C,YER137C,0,2.5597298,0.5252100825309753,0.16869096457958221,0.015249663032591343
YER075C,YCR079W,1,2.5597234,0.5271966457366943,0.17004048824310303,0.015249663032591343
YBR145W,YOR261C,0,2.5596502,0.5249999761581421,0.17004048824310303,0.015384615398943424
YLR187W,YLR251W,0,2.5572166,0.5228216052055359,0.17004048824310303,0.015519567765295506
YBR202W,YOR327C,0,2.5555887,0.5206611752510071,0.17004048824310303,0.01565452106297016
YLR383W,YDL022W,0,2.5511394,0.5185185074806213,0.17004048824310303,0.015789473429322243
YLR344W,YDL083C,0,2.547627,0.5163934230804443,0.17004048824310303,0.015924425795674324
YPR091C,YDR496C,0,2.5466332,0.5142857432365417,0.17004048824310303,0.016059380024671555
YMR114C,YBR243C,0,2.538254,0.5121951103210449,0.17004048824310303,0.016194332391023636
YDL230W,YPR073C,1,2.5375721,0.5141700506210327,0.17139001190662384,0.016194332391023636
YER075C,YGR161C,1,2.533411,0.5161290168762207,0.17273953557014465,0.016194332391023636
YIR038C,YNL016W,0,2.5269566,0.5140562057495117,0.17273953557014465,0.016329284757375717
YCR011C,YKL094W,0,2.5186877,0.5120000243186951,0.17273953557014465,0.0164642371237278
YDR411C,YDL074C,0,2.5150833,0.5099601745605469,0.17273953557014465,0.01659918949007988
YDL236W,YNR032W,1,2.5131352,0.511904776096344,0.17408907413482666,0.01659918949007988
YBR238C,YMR099C,0,2.5127609,0.5098814368247986,0.17408907413482666,0.01673414371907711
YPR035W,YDL148C,0,2.5106502,0.5078740119934082,0.17408907413482666,0.01686909608542919
YGL062W,YDL040C,0,2.5031288,0.5058823823928833,0.17408907413482666,0.017004048451781273
YMR020W,YER168C,0,2.497685,0.50390625,0.17408907413482666,0.017139000818133354
YER075C,YDL006W,1,2.4971204,0.505836546421051,0.17543859779834747,0.017139000818133354
YCL036W,YLR251W,0,2.4917984,0.5038759708404541,0.17543859779834747,0.017273955047130585
YJL171C,YDR364C,0,2.4867473,0.5019304752349854,0.17543859779834747,0.017408907413482666
YCL043C,YIL035C,0,2.472465,0.5,0.17543859779834747,0.017543859779834747
YMR049C,YMR210W,0,2.4695373,0.49808427691459656,0.17543859779834747,0.01767881214618683
YOR208W,YPL179W,1,2.4652395,0.5,0.1767881214618683,0.01767881214618683
YGR161C,YNL128W,1,2.4647686,0.5019011497497559,0.1781376451253891,0.01767881214618683
YDL236W,YDL006W,1,2.4641688,0.5037878751754761,0.1794871836900711,0.01767881214618683
YIL108W,YPL007C,0,2.4615312,0.501886785030365,0.1794871836900711,0.01781376451253891
YPR190C,YCL052C,0,2.44771,0.5,0.1794871836900711,0.01794871874153614
YHR030C,YLR213C,0,2.4475977,0.4981273412704468,0.1794871836900711,0.018083671107888222
YLR264W,YIL042C,0,2.4439187,0.4962686598300934,0.1794871836900711,0.018218623474240303
YJR149W,YGL051W,0,2.4435835,0.4944238066673279,0.1794871836900711,0.018353575840592384
YPL179W,YOR090C,1,2.4420357,0.4962962865829468,0.18083670735359192,0.018353575840592384
YER150W,YKL078W,0,2.433677,0.4944649338722229,0.18083670735359192,0.018488528206944466
YGL212W,YFR001W,0,2.4318066,0.49264705181121826,0.18083670735359192,0.018623482435941696
YLR401C,YJL004C,0,2.4312139,0.4908424913883209,0.18083670735359192,0.018758434802293777
YOR145C,YOR285W,0,2.4200187,0.48905110359191895,0.18083670735359192,0.01889338716864586
YJL171C,YNL175C,0,2.4177845,0.4872727394104004,0.18083670735359192,0.01902833953499794
YAL016W,YBR045C,1,2.4166439,0.489130437374115,0.18218623101711273,0.01902833953499794
YGL180W,YHR175W,0,2.4152157,0.48736461997032166,0.18218623101711273,0.01916329376399517
YHR030C,YOR180C,0,2.4132938,0.4856114983558655,0.18218623101711273,0.019298246130347252
YDL083C,YNL239W,0,2.4074762,0.4838709533214569,0.18218623101711273,0.019433198496699333
YBL046W,YGR161C,1,2.4051604,0.48571428656578064,0.18353576958179474,0.019433198496699333
YLL008W,YML132W,0,2.4008753,0.4839857518672943,0.18353576958179474,0.019568150863051414
YAL016W,YDR481C,1,2.3927906,0.4858156144618988,0.18488529324531555,0.019568150863051414
YPL093W,YDL045C,0,2.389287,0.4840989410877228,0.18488529324531555,0.019703103229403496
YDL230W,YCR079W,1,2.3791602,0.48591548204421997,0.18623481690883636,0.019703103229403496
YMR308C,YJR103W,0,2.367708,0.4842105209827423,0.18623481690883636,0.019838057458400726
YAL016W,YDR075W,1,2.3676517,0.4860139787197113,0.18758434057235718,0.019838057458400726
YKL009W,YBR067C,0,2.366827,0.4843205511569977,0.18758434057235718,0.019973009824752808
YIR026C,YDL006W,1,2.3664553,0.4861111044883728,0.18893387913703918,0.019973009824752808
YMR210W,YPL093W,0,2.3634038,0.4844290614128113,0.18893387913703918,0.02010796219110489
YDL230W,YDL134C,1,2.360045,0.48620688915252686,0.19028340280056,0.02010796219110489
YGL190C,YNL128W,1,2.35452,0.4879724979400635,0.1916329264640808,0.02010796219110489
YLL034C,YBR026C,0,2.3467054,0.48630136251449585,0.1916329264640808,0.02024291455745697
YDR075W,YDL006W,1,2.3463073,0.4880546033382416,0.19298245012760162,0.02024291455745697
YJR028W,YOL090W,0,2.3442466,0.4863945543766022,0.19298245012760162,0.02037786692380905
YJR055W,YAL016W,0,2.3436587,0.4847457706928253,0.19298245012760162,0.020512821152806282
YNL232W,YCL025C,0,2.339057,0.4831081032752991,0.19298245012760162,0.020647773519158363
YDR304C,YNR060W,0,2.3382766,0.48148149251937866,0.19298245012760162,0.020782725885510445
YDL036C,YER101C,0,2.3381283,0.47986575961112976,0.19298245012760162,0.020917678251862526
YDL134C,YIR026C,1,2.3380892,0.4816053509712219,0.19433198869228363,0.020917678251862526
YPR024W,YIL080W,0,2.3369021,0.47999998927116394,0.19433198869228363,0.021052632480859756
YFR028C,YNR032W,1,2.327239,0.48172757029533386,0.19568151235580444,0.021052632480859756
YOL045W,YDR067C,0,2.3181934,0.48013246059417725,0.19568151235580444,0.021187584847211838
YMR087W,YDR392W,0,2.3179913,0.4785478413105011,0.19568151235580444,0.02132253721356392
YBR045C,YCR079W,1,2.3167286,0.4802631437778473,0.19703103601932526,0.02132253721356392
YER103W,YKL165C,0,2.314884,0.4786885380744934,0.19703103601932526,0.021457489579916
YGR251W,YGR255C,0,2.311172,0.4771241843700409,0.19703103601932526,0.02159244194626808
YML049C,YOR338W,0,2.302094,0.47557002305984497,0.19703103601932526,0.021727396175265312
YGR123C,YOR090C,1,2.3015494,0.47727271914482117,0.19838055968284607,0.021727396175265312
YMR277W,YNL053W,1,2.2991247,0.4789643883705139,0.19973009824752808,0.021727396175265312
YER054C,YDR481C,1,2.2944021,0.48064514994621277,0.2010796219110489,0.021727396175265312
YER089C,YGR161C,1,2.2926621,0.4823151230812073,0.2024291455745697,0.021727396175265312
YNL053W,YDL236W,1,2.2864218,0.4839743673801422,0.2037786841392517,0.021727396175265312
YNR015W,YKL095W,0,2.2848415,0.48242810368537903,0.2037786841392517,0.021862348541617393
YDR076W,YEL056W,0,2.2701602,0.48089173436164856,0.2037786841392517,0.021997300907969475
YDL230W,YDL006W,1,2.2656472,0.48253968358039856,0.20512820780277252,0.021997300907969475
YOR208W,YGR161C,1,2.2649066,0.48417720198631287,0.20647773146629333,0.021997300907969475
YER089C,YDR481C,1,2.2595506,0.48580440878868103,0.20782725512981415,0.021997300907969475
YER075C,YOR090C,1,2.2582147,0.4874213933944702,0.20917679369449615,0.021997300907969475
YDR481C,YOR090C,1,2.2532344,0.4890282154083252,0.21052631735801697,0.021997300907969475
YER133W,YOR090C,1,2.2471845,0.4906249940395355,0.21187584102153778,0.021997300907969475
YLR361C,YCR079W,1,2.2443113,0.49221184849739075,0.2132253646850586,0.021997300907969475
YBL046W,YER133W,1,2.23722,0.49378880858421326,0.2145749032497406,0.021997300907969475
YDR076W,YOL040C,0,2.231721,0.49226006865501404,0.2145749032497406,0.022132253274321556
YER133W,YFR028C,1,2.230601,0.4938271641731262,0.2159244269132614,0.022132253274321556
YKR071C,YDL246C,0,2.2299485,0.4923076927661896,0.2159244269132614,0.022267205640673637
YBR006W,YML097C,0,2.2291558,0.4907975494861603,0.2159244269132614,0.022402159869670868
YDL142C,YKL172W,0,2.2288632,0.48929664492607117,0.2159244269132614,0.02253711223602295
YLL051C,YDR196C,0,2.2250097,0.4878048896789551,0.2159244269132614,0.02267206460237503
YOR317W,YBR093C,0,2.2237217,0.48632219433784485,0.2159244269132614,0.022807016968727112
YOR208W,YNL128W,1,2.2037458,0.48787879943847656,0.21727395057678223,0.022807016968727112
YPL050C,YDR173C,0,2.1981213,0.4864048361778259,0.21727395057678223,0.022941971197724342
YGR145W,YOR382W,0,2.1963115,0.4849397540092468,0.21727395057678223,0.023076923564076424
YAL016W,YPL179W,1,2.1952977,0.4864864945411682,0.21862348914146423,0.023076923564076424
YER075C,YBR125C,1,2.1935234,0.488023966550827,0.21997301280498505,0.023076923564076424
YPR144C,YLR028C,0,2.1919117,0.4865671694278717,0.21997301280498505,0.023211875930428505
YPL096W,YPR163C,0,2.190464,0.4851190447807312,0.21997301280498505,0.023346828296780586
YMR099C,YLR348C,0,2.1799664,0.48367953300476074,0.21997301280498505,0.023481780663132668
YAL016W,YDL236W,1,2.1781826,0.48520711064338684,0.22132253646850586,0.023481780663132668
YPL259C,YBR276C,0,2.1759322,0.4837758243083954,0.22132253646850586,0.023616734892129898
YDL188C,YDL236W,1,2.1754673,0.4852941036224365,0.22267206013202667,0.023616734892129898
YMR218C,YJL079C,0,2.1712124,0.4838709533214569,0.22267206013202667,0.02375168725848198
YIR038C,YOR294W,0,2.1660092,0.48245614767074585,0.22267206013202667,0.02388663962483406
YGR012W,YNR035C,0,2.1556876,0.4810495674610138,0.22267206013202667,0.024021591991186142
YBR287W,YDL074C,0,2.1542068,0.47965115308761597,0.22267206013202667,0.024156544357538223
YOL142W,YDR453C,0,2.1519575,0.47826087474823,0.22267206013202667,0.024291498586535454
YDL230W,YER133W,1,2.1518116,0.4797687828540802,0.22402159869670868,0.024291498586535454
YDR076W,YOL043C,0,2.151658,0.47838616371154785,0.22402159869670868,0.024426450952887535
YMR300C,YER137C,0,2.1454682,0.477011501789093,0.22402159869670868,0.024561403319239616
YKL013C,YNR003C,0,2.143099,0.47564470767974854,0.22402159869670868,0.024696355685591698
YBL056W,YNL128W,1,2.1382322,0.477142870426178,0.2253711223602295,0.024696355685591698
YIL113W,YFR028C,1,2.1378343,0.47863247990608215,0.2267206460237503,0.024696355685591698
YER075C,YPR073C,1,2.1375666,0.4801136255264282,0.22807016968727112,0.024696355685591698
YBL046W,YDR481C,1,2.1344151,0.48158639669418335,0.22941970825195312,0.024696355685591698
YOR208W,YER054C,1,2.1338408,0.4830508530139923,0.23076923191547394,0.024696355685591698
YGL190C,YPR073C,1,2.130532,0.4845070540904999,0.23211875557899475,0.024696355685591698
YEL012W,YHR058C,0,2.129808,0.483146071434021,0.23211875557899475,0.024831309914588928
YOL052C,YGL190C,0,2.1264718,0.48179271817207336,0.23211875557899475,0.02496626228094101
YER054C,YOR090C,1,2.118772,0.4832402169704437,0.23346827924251556,0.02496626228094101
YGR145W,YFL021W,0,2.1158588,0.4818941652774811,0.23346827924251556,0.02510121464729309
YNL128W,YNR032W,1,2.1133173,0.4833333194255829,0.23481781780719757,0.02510121464729309
YJR055W,YGL212W,0,2.1132853,0.4819944500923157,0.23481781780719757,0.025236167013645172
YGR118W,YAL031C,0,2.1088355,0.4806629717350006,0.23481781780719757,0.025371119379997253
YBL056W,YOR014W,1,2.10467,0.4820936620235443,0.23616734147071838,0.025371119379997253
YJL030W,YDL140C,0,2.0892286,0.48076921701431274,0.23616734147071838,0.025506073608994484
YBL046W,YOR208W,1,2.0890276,0.4821917712688446,0.2375168651342392,0.025506073608994484
YBR080C,YOR279C,0,2.088829,0.48087432980537415,0.2375168651342392,0.025641025975346565
YGL094C,YJL149W,0,2.0868728,0.47956404089927673,0.2375168651342392,0.025775978341698647
YCL043C,YNL258C,0,2.0845582,0.47826087474823,0.2375168651342392,0.025910930708050728
YDR075W,YBR045C,1,2.080217,0.4796747863292694,0.2388664036989212,0.025910930708050728
YGR161C,YDR481C,1,2.0761504,0.4810810685157776,0.24021592736244202,0.025910930708050728
YBR125C,YDL006W,1,2.0737145,0.4824797809123993,0.24156545102596283,0.025910930708050728
YNL102W,YOL151W,0,2.0733666,0.4811827838420868,0.24156545102596283,0.02604588307440281
YLR113W,YMR090W,0,2.0686078,0.479892760515213,0.24156545102596283,0.02618083730340004
YLR219W,YPR190C,0,2.061595,0.4786096215248108,0.24156545102596283,0.02631578966975212
YDL230W,YBR125C,1,2.0603666,0.47999998927116394,0.24291497468948364,0.02631578966975212
YGR123C,YOR014W,1,2.0581963,0.48138296604156494,0.24426451325416565,0.02631578966975212
YBR045C,YMR036C,1,2.0577805,0.48275861144065857,0.24561403691768646,0.02631578966975212
YAL016W,YGR161C,1,2.053556,0.4841269850730896,0.24696356058120728,0.02631578966975212
YBL056W,YBR276C,1,2.0526643,0.4854881167411804,0.2483130842447281,0.02631578966975212
YER075C,YDL188C,1,2.0521743,0.4868420958518982,0.2496626228094101,0.02631578966975212
YJL112W,YJL171C,0,2.049457,0.48556429147720337,0.2496626228094101,0.026450742036104202
YLR107W,YKL013C,0,2.0475078,0.4842931926250458,0.2496626228094101,0.026585694402456284
YBR125C,YPR073C,1,2.0422385,0.48563969135284424,0.2510121464729309,0.026585694402456284
YGL162W,YGL037C,0,2.0417678,0.484375,0.2510121464729309,0.026720648631453514
YOR014W,YDL230W,1,2.028253,0.48571428656578064,0.2523616850376129,0.026720648631453514
YDR518W,YKL124W,0,2.0281045,0.48445597290992737,0.2523616850376129,0.026855600997805595
YIL108W,YMR033W,0,2.025721,0.4832041263580322,0.2523616850376129,0.026990553364157677
YGR258C,YNR015W,0,2.0234003,0.4819587767124176,0.2523616850376129,0.027125505730509758
YLR404W,YDR059C,0,2.0198083,0.48071980476379395,0.2523616850376129,0.02726045809686184
YBL056W,YPL137C,1,2.0158386,0.482051283121109,0.25371119379997253,0.02726045809686184
YER054C,YMR036C,1,2.0157936,0.4833759665489197,0.25506073236465454,0.02726045809686184
YPR190C,YKL061W,0,2.015423,0.4821428656578064,0.25506073236465454,0.02739541232585907
YDR090C,YLR285W,0,2.0144105,0.48091602325439453,0.25506073236465454,0.02753036469221115
YJR147W,YOR142W,0,2.012792,0.4796954393386841,0.25506073236465454,0.027665317058563232
YDL111C,YDR373W,0,2.0089316,0.4784810245037079,0.25506073236465454,0.027800269424915314
YHR004C,YER171W,0,2.000617,0.47727271914482117,0.25506073236465454,0.027935221791267395
YDR172W,YER046W,0,1.9989834,0.4760705232620239,0.25506073236465454,0.028070176020264626
YDL188C,YPL179W,1,1.9960502,0.4773869216442108,0.25641027092933655,0.028070176020264626
YOL038W,YML080W,0,1.9951417,0.4761904776096344,0.25641027092933655,0.028205128386616707
YBL058W,YOR349W,0,1.9945824,0.4749999940395355,0.25641027092933655,0.028340080752968788
YMR049C,YDR353W,0,1.9910395,0.4738154709339142,0.25641027092933655,0.02847503311932087
YJR147W,YPR149W,0,1.9909254,0.4726368188858032,0.25641027092933655,0.0286099873483181
YER075C,YDR481C,1,1.9863743,0.47394540905952454,0.25775977969169617,0.0286099873483181
YBR247C,YPL104W,0,1.9854748,0.4727722704410553,0.25775977969169617,0.02874493971467018
YER133W,YPL137C,1,1.9846578,0.4740740656852722,0.2591093182563782,0.02874493971467018
YDL029W,YHR077C,0,1.9778531,0.4729064106941223,0.2591093182563782,0.028879892081022263
YBR125C,YNL128W,1,1.976805,0.4742014706134796,0.2604588270187378,0.028879892081022263
YDR196C,YDR476C,0,1.9759383,0.4730392098426819,0.2604588270187378,0.029014844447374344
YBR006W,YIL094C,0,1.9692134,0.4718826413154602,0.2604588270187378,0.029149796813726425
YHL012W,YPL134C,0,1.9614788,0.4707317054271698,0.2604588270187378,0.029284751042723656
YKL078W,YKL189W,0,1.95717,0.4695863723754883,0.2604588270187378,0.029419703409075737
YHL034C,YDL208W,0,1.9504423,0.46844661235809326,0.2604588270187378,0.02955465577542782
YDR423C,YER171W,0,1.9457328,0.4673123359680176,0.2604588270187378,0.0296896081417799
YDL111C,YAR027W,0,1.9395275,0.4661835730075836,0.2604588270187378,0.02982456050813198
YBL068W,YFR052W,0,1.9373649,0.4650602340698242,0.2604588270187378,0.02995951473712921
YOR054C,YER171W,0,1.93433,0.4639423191547394,0.2604588270187378,0.030094467103481293
YMR277W,YGR161C,1,1.9341722,0.46522781252861023,0.2618083655834198,0.030094467103481293
YPL151C,YLR359W,0,1.9339671,0.46411484479904175,0.2618083655834198,0.030229419469833374
YBR125C,YHR004C,0,1.9305604,0.4630071520805359,0.2618083655834198,0.030364371836185455
YGR012W,YPR138C,0,1.930414,0.46190476417541504,0.2618083655834198,0.030499326065182686
YDR075W,YOR090C,1,1.9238225,0.46318289637565613,0.2631579041481018,0.030499326065182686
YER150W,YLR386W,0,1.9228635,0.4620853066444397,0.2631579041481018,0.030634278431534767
YML006C,YJR103W,0,1.9191234,0.4609929025173187,0.2631579041481018,0.03076923079788685
YDL236W,YAL031C,1,1.9132259,0.46226415038108826,0.2645074129104614,0.03076923079788685
YPL087W,YFL001W,0,1.9024495,0.46117648482322693,0.2645074129104614,0.03090418316423893
YOL052C,YKL015W,0,1.8999392,0.4600938856601715,0.2645074129104614,0.03103913553059101
YPL213W,YLR224W,0,1.8934512,0.4590163826942444,0.2645074129104614,0.03117408975958824
YDR075W,YAL031C,1,1.892815,0.4602803885936737,0.26585695147514343,0.03117408975958824
YMR173W,YOR180C,0,1.8917253,0.4592074453830719,0.26585695147514343,0.03130904212594032
YOR014W,YNR032W,1,1.8891953,0.46046510338783264,0.26720649003982544,0.03130904212594032
YCL074W,YLR300W,0,1.8846271,0.45939674973487854,0.26720649003982544,0.031443994492292404
YJL079C,YKR044W,0,1.8833871,0.4583333432674408,0.26720649003982544,0.031578946858644485
YOR176W,YMR180C,0,1.8782517,0.45727482438087463,0.26720649003982544,0.03171389922499657
YML051W,YLR080W,0,1.8782492,0.45622119307518005,0.26720649003982544,0.03184885159134865
YBR045C,YGR161C,1,1.8781495,0.45747125148773193,0.26855599880218506,0.03184885159134865
YDL202W,YLR350W,0,1.8780137,0.45642203092575073,0.26855599880218506,0.03198380395770073
YPL151C,YDL142C,0,1.8738942,0.45537757873535156,0.26855599880218506,0.03211876004934311
YGR034W,YCL025C,0,1.8712953,0.4543378949165344,0.26855599880218506,0.03225371241569519
YMR238W,YHR057C,0,1.8636088,0.45330294966697693,0.26855599880218506,0.03238866478204727
YKL166C,YKL067W,0,1.8634851,0.4522727131843567,0.26855599880218506,0.03252361714839935
YPR035W,YDR496C,0,1.8611948,0.4512471556663513,0.26855599880218506,0.032658569514751434
YKL090W,YMR200W,0,1.8595896,0.4502262473106384,0.26855599880218506,0.032793521881103516
YJL114W,YJL194W,0,1.8592265,0.44920992851257324,0.26855599880218506,0.0329284742474556
YDL236W,YMR036C,1,1.8590996,0.45045045018196106,0.26990553736686707,0.0329284742474556
YBR045C,YPL179W,1,1.8584557,0.4516853988170624,0.2712550461292267,0.0329284742474556
YJL005W,YHR066W,0,1.8569133,0.4506726562976837,0.2712550461292267,0.03306342661380768
YKL210W,YOR226C,0,1.8541001,0.449664443731308,0.2712550461292267,0.03319837898015976
YKL189W,YNL182C,0,1.853096,0.4486607015132904,0.2712550461292267,0.03333333507180214
YKL130C,YFL054C,0,1.8486587,0.44766145944595337,0.2712550461292267,0.03346828743815422
YNR044W,YJL149W,0,1.8485924,0.4466666579246521,0.2712550461292267,0.0336032398045063
YJL060W,YLR380W,0,1.844567,0.4456762671470642,0.2712550461292267,0.03373819217085838
YLR183C,YKR069W,0,1.8432481,0.4446902573108673,0.2712550461292267,0.033873144537210464
YMR315W,YDR146C,0,1.84306,0.443708598613739,0.2712550461292267,0.034008096903562546
YDR460W,YGL241W,0,1.8422849,0.4427312910556793,0.2712550461292267,0.03414304926991463
YKL082C,YLR028C,0,1.8408159,0.44175824522972107,0.2712550461292267,0.03427800163626671
YLR361C,YDR481C,1,1.8386025,0.4429824650287628,0.2726045846939087,0.03427800163626671
YDR026C,YEL037C,0,1.8376824,0.44201311469078064,0.2726045846939087,0.03441295400261879
YMR277W,YER054C,1,1.8375216,0.4432314336299896,0.2739541232585907,0.03441295400261879
YDR075W,YFR003C,1,1.8341196,0.4444444477558136,0.2753036320209503,0.03441295400261879
YBR243C,YHR008C,0,1.8323165,0.4434782564640045,0.2753036320209503,0.03454791009426117
YER098W,YGR118W,0,1.8160924,0.4425162672996521,0.2753036320209503,0.03468286246061325
YGL190C,YNR032W,1,1.8156357,0.4437229335308075,0.2766531705856323,0.03468286246061325
YBR276C,YDL006W,1,1.81231,0.44492441415786743,0.27800270915031433,0.03468286246061325
YGL209W,YBR061C,0,1.8079576,0.44396552443504333,0.27800270915031433,0.03481781482696533
YGL180W,YPL244C,0,1.8067667,0.44301074743270874,0.27800270915031433,0.03495276719331741
YBL056W,YDL236W,1,1.8044705,0.44420599937438965,0.27935221791267395,0.03495276719331741
YLR264W,YLR151C,0,1.8022306,0.44325482845306396,0.27935221791267395,0.035087719559669495
YLR285W,YCR011C,0,1.7968516,0.4423076808452606,0.27935221791267395,0.035222671926021576
YFR003C,YPL179W,1,1.790272,0.44349679350852966,0.28070175647735596,0.035222671926021576
YLR291C,YBR037C,0,1.7882613,0.44255319237709045,0.28070175647735596,0.03535762429237366
YER103W,YOL112W,0,1.7865005,0.4416135847568512,0.28070175647735596,0.03549257665872574
YPL065W,YDR262W,0,1.7862859,0.4406779706478119,0.28070175647735596,0.03562752902507782
YER089C,YDL134C,1,1.7841902,0.44186046719551086,0.28205129504203796,0.03562752902507782
YGR123C,YDR481C,1,1.780517,0.4430379867553711,0.2834008038043976,0.03562752902507782
YDR414C,YGL037C,0,1.7783592,0.4421052634716034,0.2834008038043976,0.0357624813914299
YFR003C,YDR481C,1,1.7760854,0.4432772994041443,0.2847503423690796,0.0357624813914299
YML109W,YHR051W,0,1.7727141,0.44234800338745117,0.2847503423690796,0.03589743748307228
YNL085W,YER019C-A,0,1.7716238,0.44142258167266846,0.2847503423690796,0.03603238984942436
YDR460W,YGR084C,0,1.771209,0.44050103425979614,0.2847503423690796,0.036167342215776443
YAL016W,YBR125C,1,1.7691786,0.4416666626930237,0.2860998511314392,0.036167342215776443
YPR035W,YBR238C,0,1.7691514,0.4407484531402588,0.2860998511314392,0.036302294582128525
YDL230W,YPL179W,1,1.7618946,0.44190871715545654,0.2874493896961212,0.036302294582128525
YHR041C,YIL076W,0,1.7603443,0.4409937858581543,0.2874493896961212,0.036437246948480606
YOR014W,YDL134C,1,1.7602676,0.44214877486228943,0.2887989282608032,0.036437246948480606
YKL117W,YDL208W,0,1.7571572,0.44123712182044983,0.2887989282608032,0.03657219931483269
YDL059C,YNL178W,0,1.7561604,0.4403292238712311,0.2887989282608032,0.03670715168118477
YDR172W,YBL085W,0,1.7552733,0.4394250512123108,0.2887989282608032,0.03684210404753685
YBL056W,YBR045C,1,1.7502899,0.4405737817287445,0.29014843702316284,0.03684210404753685
YGR161C,YAL031C,1,1.7491418,0.44171780347824097,0.29149797558784485,0.03684210404753685
YBR045C,YNR032W,1,1.7488017,0.44285714626312256,0.29284751415252686,0.03684210404753685
YDL236W,YPL137C,1,1.7443361,0.44399183988571167,0.2941970229148865,0.03684210404753685
YER089C,YPL179W,1,1.7442434,0.4451219439506531,0.2955465614795685,0.03684210404753685
YBL068W,YDR109C,0,1.7438952,0.44421905279159546,0.2955465614795685,0.03697705641388893
YDR090C,YBL068W,0,1.7413791,0.44331982731819153,0.2955465614795685,0.03711201250553131
YER075C,YAL031C,1,1.7396451,0.4444444477558136,0.2968961000442505,0.03711201250553131
YER133W,YNL128W,1,1.7345425,0.44556450843811035,0.2982456088066101,0.03711201250553131
YDL006W,YPL137C,1,1.7333901,0.44668006896972656,0.2995951473712921,0.03711201250553131
YHR132C,YBR096W,0,1.7284217,0.4457831382751465,0.2995951473712921,0.03724696487188339
YGL094C,YPL119C,0,1.727248,0.44488978385925293,0.2995951473712921,0.037381917238235474
YNL281W,YBR287W,0,1.7256768,0.4440000057220459,0.2995951473712921,0.037516869604587555
YDR072C,YER087W,0,1.7210324,0.443113774061203,0.2995951473712921,0.037651821970939636
YIL108W,YER104W,0,1.7202356,0.44223108887672424,0.2995951473712921,0.03778677433729172
YKR036C,YGR112W,0,1.7198777,0.44135189056396484,0.2995951473712921,0.0379217267036438
YBL085W,YKL189W,0,1.7182021,0.4404761791229248,0.2995951473712921,0.03805667906999588
YOR106W,YDL197C,0,1.7120479,0.4396039545536041,0.2995951473712921,0.03819163143634796
YLR447C,YNL231C,0,1.7095871,0.4387351870536804,0.2995951473712921,0.03832658752799034
YKL130C,YNL274C,0,1.7082282,0.4378698170185089,0.2995951473712921,0.03846153989434242
YBL046W,YNL128W,1,1.7057178,0.43897637724876404,0.30094465613365173,0.03846153989434242
YER133W,YDL134C,1,1.7042108,0.44007858633995056,0.30229419469833374,0.03846153989434242
YER054C,YOR014W,1,1.700294,0.44117647409439087,0.30364373326301575,0.03846153989434242
YDL230W,YNL053W,1,1.6986351,0.44227007031440735,0.30499324202537537,0.03846153989434242
YGR123C,YNL128W,1,1.6979306,0.443359375,0.3063427805900574,0.03846153989434242
YBR006W,YJL053W,0,1.6955462,0.4424951374530792,0.3063427805900574,0.038596492260694504
YGR268C,YPL188W,0,1.6952608,0.44163423776626587,0.3063427805900574,0.038731444627046585
YOR212W,YKL061W,0,1.6920252,0.4407767057418823,0.3063427805900574,0.038866396993398666
YNR017W,YGR113W,0,1.6912415,0.4399224817752838,0.3063427805900574,0.03900134935975075
YPL259C,YDL035C,0,1.6870041,0.43907156586647034,0.3063427805900574,0.03913630172610283
YDR082W,YLR026C,0,1.6858473,0.4382239282131195,0.3063427805900574,0.03927125409245491
YDL215C,YER165W,0,1.6856561,0.4373795688152313,0.3063427805900574,0.03940620645880699
YBR125C,YDL236W,1,1.6834605,0.4384615421295166,0.3076923191547394,0.03940620645880699
YDL134C,YLR361C,1,1.6829499,0.4395393431186676,0.309041827917099,0.03940620645880699
YGL062W,YPL122C,0,1.6821022,0.43869730830192566,0.309041827917099,0.03954115882515907
YOR176W,YDL208W,0,1.6798118,0.437858521938324,0.309041827917099,0.03967611491680145
YOR216C,YOL062C,0,1.6780355,0.4370228946208954,0.309041827917099,0.039811067283153534
YJL144W,YBR238C,0,1.6777872,0.43619048595428467,0.309041827917099,0.039946019649505615
YDR530C,YDL197C,0,1.6757618,0.43536120653152466,0.309041827917099,0.0400809720158577
YDL236W,YPL179W,1,1.6733812,0.4364326298236847,0.310391366481781,0.0400809720158577
YDR164C,YKL189W,0,1.6724601,0.43560606241226196,0.310391366481781,0.04021592438220978
YBR223C,YKL064W,0,1.6717278,0.43478259444236755,0.310391366481781,0.04035087674856186
YBR045C,YDR481C,1,1.6705875,0.43584907054901123,0.311740905046463,0.04035087674856186
YER089C,YER133W,1,1.670008,0.4369114935398102,0.31309041380882263,0.04035087674856186
YJL155C,YBR141C,0,1.6680342,0.43609023094177246,0.31309041380882263,0.04048582911491394
YNL032W,YGR161C,1,1.665703,0.43714821338653564,0.31443995237350464,0.04048582911491394
YBL046W,YBL056W,1,1.6648209,0.43820226192474365,0.31578946113586426,0.04048582911491394
YDR245W,YIL170W,0,1.6645119,0.43738317489624023,0.31578946113586426,0.04062078148126602
YOR219C,YOR226C,0,1.6640449,0.43656715750694275,0.31578946113586426,0.0407557338476181
YDL230W,YMR036C,1,1.6609112,0.43761637806892395,0.31713899970054626,0.0407557338476181
YLR361C,YPL179W,1,1.6565411,0.43866172432899475,0.31848853826522827,0.0407557338476181
YIR026C,YOR090C,1,1.6541493,0.43970316648483276,0.3198380470275879,0.0407557338476181
YNL053W,YNR032W,1,1.653024,0.4407407343387604,0.3211875855922699,0.0407557338476181
YBL056W,YDL134C,1,1.6520336,0.44177448749542236,0.3225371241569519,0.0407557338476181
YBR202W,YGR239C,0,1.6469445,0.4409594237804413,0.3225371241569519,0.04089068993926048
YNL032W,YGR077C,0,1.6469203,0.440147340297699,0.3225371241569519,0.041025642305612564
YDR451C,YMR077C,0,1.6460041,0.43933823704719543,0.3225371241569519,0.041160594671964645
YLR187W,YPL188W,0,1.645582,0.43853211402893066,0.3225371241569519,0.04129554703831673
YIL142W,YPR030W,0,1.6408832,0.4377289414405823,0.3225371241569519,0.04143049940466881
YNL053W,YDL134C,1,1.6403157,0.4387568533420563,0.3238866329193115,0.04143049940466881
YGL172W,YBR287W,0,1.6385741,0.43795621395111084,0.3238866329193115,0.04156545177102089
YOR014W,YDL236W,1,1.6306777,0.43897995352745056,0.32523617148399353,0.04156545177102089
YKL190W,YIL140W,0,1.6228786,0.4381818175315857,0.32523617148399353,0.04170040413737297
YOL045W,YGR112W,0,1.6204734,0.43738657236099243,0.32523617148399353,0.04183535650372505
YOL142W,YNR006W,0,1.6165445,0.4365941882133484,0.32523617148399353,0.04197030887007713
YDR172W,YML052W,0,1.6127645,0.43580469489097595,0.32523617148399353,0.04210526496171951
YBL026W,YFL054C,0,1.6114749,0.43501806259155273,0.32523617148399353,0.042240217328071594
YBR031W,YMR136W,0,1.6111951,0.43423423171043396,0.32523617148399353,0.042375169694423676
YNL053W,YCR079W,1,1.6095524,0.43525180220603943,0.32658568024635315,0.042375169694423676
YDR075W,YDR481C,1,1.6083196,0.4362657070159912,0.32793521881103516,0.042375169694423676
YLR113W,YJR040W,0,1.6070826,0.4354838728904724,0.32793521881103516,0.04251012206077576
YGL180W,YGL200C,0,1.6053343,0.43470484018325806,0.32793521881103516,0.04264507442712784
YGL190C,YDL006W,1,1.6034124,0.4357142746448517,0.32928475737571716,0.04264507442712784
YKL175W,YOL151W,0,1.6032155,0.43493762612342834,0.32928475737571716,0.04278002679347992
YLR025W,YDL198C,0,1.6030769,0.4341636896133423,0.32928475737571716,0.042914979159832
YMR020W,YFL048C,0,1.601654,0.43339255452156067,0.32928475737571716,0.04304993152618408
YER103W,YPL252C,0,1.6012919,0.43262410163879395,0.32928475737571716,0.04318488389253616
YJL166W,YDL208W,0,1.5978328,0.4318584203720093,0.32928475737571716,0.043319836258888245
YLL008W,YKL061W,0,1.597292,0.4310953915119171,0.32928475737571716,0.043454792350530624
YDL215C,YMR114C,0,1.5961726,0.4303351044654846,0.32928475737571716,0.043589744716882706
YJR040W,YDR496C,0,1.5902418,0.42957746982574463,0.32928475737571716,0.04372469708323479
YHL027W,YBR192W,0,1.5899487,0.42882248759269714,0.32928475737571716,0.04385964944958687
YJL079C,YKL015W,0,1.5891128,0.42807018756866455,0.32928475737571716,0.04399460181593895
YER054C,YCR079W,1,1.5890377,0.4290718138217926,0.3306342661380768,0.04399460181593895
YAR031W,YBR281C,0,1.5871354,0.4283216893672943,0.3306342661380768,0.04412955418229103
YNL032W,YDR481C,1,1.5836196,0.4293193817138672,0.3319838047027588,0.04412955418229103
YDL006W,YOR090C,1,1.5826316,0.4303135871887207,0.3333333432674408,0.04412955418229103
YBR183W,YPR198W,0,1.573842,0.4295652210712433,0.3333333432674408,0.04426450654864311
YJL030W,YNL208W,0,1.5720874,0.4288194477558136,0.3333333432674408,0.044399458914995193
YKR071C,YLR404W,0,1.5716788,0.42807626724243164,0.3333333432674408,0.044534411281347275
YBR223C,YLR129W,0,1.5688206,0.427335649728775,0.3333333432674408,0.044669367372989655
YJR147W,YPL196W,0,1.567632,0.42659759521484375,0.3333333432674408,0.044804319739341736
YKL189W,YOR355W,0,1.5637014,0.42586207389831543,0.3333333432674408,0.04493927210569382
YDR337W,YNR013C,0,1.5622902,0.42512908577919006,0.3333333432674408,0.0450742244720459
YNL070W,YNR044W,0,1.5590812,0.42439863085746765,0.3333333432674408,0.04520917683839798
YNL128W,YOR090C,1,1.5556732,0.4253859221935272,0.3346828520298004,0.04520917683839798
YMR123W,YIL088C,0,1.5549589,0.42465752363204956,0.3346828520298004,0.04534412920475006
YGR161C,YBR276C,1,1.554497,0.4256410300731659,0.3360323905944824,0.04534412920475006
YIL108W,YBL034C,0,1.5541174,0.424914687871933,0.3360323905944824,0.04547908157110214
YPL240C,YLR389C,0,1.55404,0.42419078946113586,0.3360323905944824,0.045614033937454224
YBR006W,YMR115W,0,1.5532026,0.4234693944454193,0.3360323905944824,0.045748986303806305
YFR045W,YER125W,0,1.5528481,0.42275041341781616,0.3360323905944824,0.045883942395448685
YGR238C,YBR173C,0,1.551681,0.4220339059829712,0.3360323905944824,0.046018894761800766
YGR123C,YBR125C,1,1.5515975,0.423011839389801,0.33738192915916443,0.046018894761800766
YBL056W,YOR090C,1,1.5491047,0.4239864945411682,0.33873143792152405,0.046018894761800766
YGL190C,YER075C,1,1.5484248,0.42495784163475037,0.34008097648620605,0.046018894761800766
YKR054C,YAL024C,0,1.5474918,0.42424243688583374,0.34008097648620605,0.04615384712815285
YHR002W,YNL219C,0,1.5434145,0.42352941632270813,0.34008097648620605,0.04628879949450493
YER054C,YBR276C,1,1.541544,0.4244966506958008,0.3414304852485657,0.04628879949450493
YMR114C,YOL040C,0,1.5383934,0.42378559708595276,0.3414304852485657,0.04642375186085701
YOR208W,YBL056W,1,1.5379322,0.4247491657733917,0.3427800238132477,0.04642375186085701
YGR123C,YAL031C,1,1.5344541,0.4257095158100128,0.3441295623779297,0.04642375186085701
YER090W,YDR373W,0,1.5326728,0.42500001192092896,0.3441295623779297,0.04655870422720909
YAL016W,YMR228W,0,1.5320647,0.42429283261299133,0.3441295623779297,0.04669365659356117
YNR032W,YOR090C,1,1.5294899,0.4252491593360901,0.3454790711402893,0.04669365659356117
YER125W,YER017C,0,1.5239563,0.42454394698143005,0.3454790711402893,0.046828608959913254
YIL021W,YML128C,0,1.519939,0.42384105920791626,0.3454790711402893,0.046963561326265335
YLR107W,YGR264C,0,1.518436,0.4231404960155487,0.3454790711402893,0.047098513692617416
YHR069C,YCL043C,0,1.5163851,0.4224422574043274,0.3454790711402893,0.047233469784259796
YMR194W,YDL022W,0,1.5149417,0.42174628376960754,0.3454790711402893,0.04736842215061188
YMR194W,YGL103W,0,1.5145009,0.42105263471603394,0.3454790711402893,0.04750337451696396
YGR081C,YIL006W,0,1.5135716,0.4203612506389618,0.3454790711402893,0.04763832688331604
YDR473C,YPR127W,0,1.5110769,0.4196721315383911,0.3454790711402893,0.04777327924966812
YPR024W,YDR473C,0,1.510241,0.4189852774143219,0.3454790711402893,0.0479082316160202
YOL112W,YGL037C,0,1.5096633,0.41830065846443176,0.3454790711402893,0.048043183982372284
YBL056W,YGR123C,1,1.507801,0.41924959421157837,0.3468286097049713,0.048043183982372284
YDL215C,YNL010W,0,1.5068023,0.4185667634010315,0.3468286097049713,0.048178136348724365
YOR145C,YHR074W,0,1.5030344,0.4178861677646637,0.3468286097049713,0.04831308871507645
YMR093W,YAL031C,0,1.5028675,0.4172077775001526,0.3468286097049713,0.048448044806718826
YAL060W,YHL027W,0,1.5019577,0.41653159260749817,0.3468286097049713,0.04858299717307091
YER103W,YIL046W,0,1.500792,0.41585761308670044,0.3468286097049713,0.04871794953942299
YBR172C,YJR103W,0,1.498662,0.4151857793331146,0.3468286097049713,0.04885290190577507
YKL041W,YGL051W,0,1.4957217,0.4145161211490631,0.3468286097049713,0.04898785427212715
YAL016W,YDL045C,0,1.4954908,0.4138486385345459,0.3468286097049713,0.04912280663847923
YGR264C,YDR131C,0,1.4952507,0.4131832718849182,0.3468286097049713,0.049257759004831314
YBL046W,YOR014W,1,1.4931318,0.4141252040863037,0.3481781482696533,0.049257759004831314
YGL190C,YGR161C,1,1.4886408,0.41506409645080566,0.34952765703201294,0.049257759004831314
YDL134C,YNR032W,1,1.4876469,0.41600000858306885,0.35087719559669495,0.049257759004831314
YKL078W,YJL141C,0,1.4857049,0.415335476398468,0.35087719559669495,0.049392711371183395
YLR163C,YLL043W,0,1.4847817,0.4146730601787567,0.35087719559669495,0.04952766373753548
YBR045C,YFR028C,1,1.48311,0.4156050980091095,0.35222673416137695,0.04952766373753548
YLR361C,YNR032W,1,1.4790481,0.4165341854095459,0.3535762429237366,0.04952766373753548
YDR530C,YCR002C,0,1.478269,0.4158730208873749,0.3535762429237366,0.049662619829177856
YLR295C,YOR180C,0,1.4725664,0.415213942527771,0.3535762429237366,0.04979757219552994
YBL026W,YKR044W,0,1.4701486,0.41455695033073425,0.3535762429237366,0.04993252456188202
YPL259C,YGR089W,0,1.4668603,0.41390204429626465,0.3535762429237366,0.0500674769282341
YDR131C,YLR383W,0,1.4579237,0.4132492244243622,0.3535762429237366,0.05020242929458618
YBR125C,YPR149W,0,1.452203,0.4125984311103821,0.3535762429237366,0.05033738166093826
YDR351W,YDL035C,0,1.4518876,0.41194969415664673,0.3535762429237366,0.050472334027290344
YOR230W,YNR028W,0,1.4507415,0.41130298376083374,0.3535762429237366,0.050607286393642426
YBR247C,YDR173C,0,1.450741,0.4106582999229431,0.3535762429237366,0.05074223875999451
YNL010W,YAL031C,0,1.4504828,0.41001564264297485,0.3535762429237366,0.05087719112634659
YOR014W,YCR079W,1,1.4480759,0.41093748807907104,0.3549257814884186,0.05087719112634659
YDL230W,YDL236W,1,1.4433597,0.411856472492218,0.3562752902507782,0.05087719112634659
YDR410C,YOR089C,0,1.4407973,0.4112149477005005,0.3562752902507782,0.05101214721798897
YOR382W,YGL060W,0,1.4383305,0.41057541966438293,0.3562752902507782,0.05114709958434105
YGR268C,YMR240C,0,1.4355268,0.40993788838386536,0.3562752902507782,0.05128205195069313
YDR034C,YLR380W,0,1.433207,0.40930232405662537,0.3562752902507782,0.05141700431704521
YLR219W,YDR211W,0,1.4331017,0.40866872668266296,0.3562752902507782,0.05155195668339729
YER133W,YNL053W,1,1.4330745,0.4095826745033264,0.3576248288154602,0.05155195668339729
YGR143W,YMR308C,0,1.4314197,0.4089506268501282,0.3576248288154602,0.051686909049749374
YDR167W,YLR028C,0,1.4313843,0.40832048654556274,0.3576248288154602,0.051821861416101456
YDR453C,YOR209C,0,1.4306557,0.4076923131942749,0.3576248288154602,0.05195681378245354
YIL113W,YOR090C,1,1.428541,0.40860214829444885,0.3589743673801422,0.05195681378245354
YBR141C,YNL092W,0,1.4282762,0.4079754650592804,0.3589743673801422,0.05209176614880562
YER054C,YDL230W,1,1.427244,0.4088820815086365,0.36032387614250183,0.05209176614880562
YKR056W,YPR091C,0,1.4243748,0.4082568883895874,0.36032387614250183,0.052226722240448
YMR315W,YOR237W,0,1.4238696,0.40763360261917114,0.36032387614250183,0.05236167460680008
YOR014W,YNL053W,1,1.4233054,0.4085365831851959,0.36167341470718384,0.05236167460680008
YDL230W,YBR276C,1,1.4200201,0.40943682193756104,0.36302295327186584,0.05236167460680008
YKL013C,YPL094C,0,1.4193087,0.40881457924842834,0.36302295327186584,0.05249662697315216
YGR185C,YGL259W,0,1.4191971,0.40819424390792847,0.36302295327186584,0.05263157933950424
YDL121C,YCL057W,0,1.4180079,0.4075757563114166,0.36302295327186584,0.05276653170585632
YIL088C,YER165W,0,1.4174192,0.4069591462612152,0.36302295327186584,0.052901484072208405
YBL028C,YIR039C,0,1.4169171,0.4063444137573242,0.36302295327186584,0.053036436438560486
YEL053C,YPL087W,0,1.4162401,0.40573152899742126,0.36302295327186584,0.05317138880491257
YOR089C,YMR136W,0,1.411029,0.40512049198150635,0.36302295327186584,0.05330634117126465
YOR014W,YPL179W,1,1.4098676,0.4060150384902954,0.36437246203422546,0.05330634117126465
YKR020W,YEL040W,0,1.4092517,0.4054054021835327,0.36437246203422546,0.05344129726290703
YKL038W,YNL092W,0,1.4052927,0.40479761362075806,0.36437246203422546,0.05357624962925911
YPL223C,YHR135C,0,1.4047263,0.40419161319732666,0.36437246203422546,0.05371120199561119
YOL124C,YOR187W,0,1.403207,0.4035874307155609,0.36437246203422546,0.05384615436196327
YKR006C,YDR062W,0,1.4028325,0.4029850661754608,0.36437246203422546,0.05398110672831535
YOR216C,YNL239W,0,1.4023805,0.402384489774704,0.36437246203422546,0.054116059094667435
YNL128W,YPL137C,1,1.4023433,0.4032738208770752,0.36572200059890747,0.054116059094667435
YBR045C,YDL006W,1,1.4015676,0.4041604697704315,0.3670715391635895,0.054116059094667435
YPR113W,YER175C,0,1.400944,0.4035608172416687,0.3670715391635895,0.054251011461019516
YKL126W,YMR061W,0,1.396249,0.40296295285224915,0.3670715391635895,0.0543859638273716
YGR161C,YOR090C,1,1.3958545,0.4038461446762085,0.3684210479259491,0.0543859638273716
YDL188C,YDL006W,1,1.3946115,0.4047267436981201,0.3697705864906311,0.0543859638273716
YDR492W,YKL067W,0,1.394397,0.4041298031806946,0.3697705864906311,0.05452091619372368
YER133W,YCR079W,1,1.3942275,0.40500736236572266,0.3711200952529907,0.05452091619372368
YDR090C,YDR260C,0,1.3942137,0.40441176295280457,0.3711200952529907,0.05465587228536606
YBR125C,YOR090C,1,1.3937789,0.40528634190559387,0.37246963381767273,0.05465587228536606
YLR219W,YOL136C,0,1.391575,0.4046920835971832,0.37246963381767273,0.05479082465171814
YDR481C,YPL137C,1,1.3897834,0.40556368231773376,0.37381917238235474,0.05479082465171814
YLR440C,YOL151W,0,1.3897007,0.40497076511383057,0.37381917238235474,0.05492577701807022
YJR028W,YFR052W,0,1.3890185,0.40437957644462585,0.37381917238235474,0.0550607293844223
YOR209C,YPL093W,0,1.3871353,0.40379008650779724,0.37381917238235474,0.055195681750774384
YER162C,YJL191W,0,1.3869663,0.4032023251056671,0.37381917238235474,0.055330634117126465
YMR090W,YBR238C,0,1.3862619,0.4026162922382355,0.37381917238235474,0.055465586483478546
YDR411C,YJL053W,0,1.385374,0.40203192830085754,0.37381917238235474,0.05560053884983063
YLR203C,YFL001W,0,1.3839285,0.4014492630958557,0.37381917238235474,0.05573549121618271
YMR315W,YEL056W,0,1.3832489,0.40086829662323,0.37381917238235474,0.05587044358253479
YOR208W,YBR276C,1,1.3773465,0.4017341136932373,0.37516868114471436,0.05587044358253479
YLL034C,YOL151W,0,1.373076,0.40115439891815186,0.37516868114471436,0.05600539967417717
YBL056W,YPL179W,1,1.3730288,0.4020172953605652,0.37651821970939636,0.05600539967417717
YBR006W,YOR089C,0,1.372246,0.4014388620853424,0.37651821970939636,0.05614035204052925
YMR136W,YNL284C,0,1.3717202,0.40086206793785095,0.37651821970939636,0.05627530440688133
YEL052W,YHR109W,0,1.3712451,0.4002869427204132,0.37651821970939636,0.056410256773233414
YML051W,YMR114C,0,1.3698261,0.3997134566307068,0.37651821970939636,0.056545209139585495
YOL043C,YNL307C,0,1.3683665,0.3991416394710541,0.37651821970939636,0.056680161505937576
YLR105C,YDL179W,0,1.3668664,0.3985714316368103,0.37651821970939636,0.05681511387228966
YGR251W,YLR113W,0,1.3644992,0.39800286293029785,0.37651821970939636,0.05695006623864174
YER089C,YNL053W,1,1.3636514,0.3988603949546814,0.37786775827407837,0.05695006623864174
YGR123C,YPL179W,1,1.360506,0.39971551299095154,0.379217267036438,0.05695006623864174
YMR173W,YGL203C,0,1.3599777,0.39914771914482117,0.379217267036438,0.05708501860499382
YGL190C,YDL236W,1,1.3591535,0.4000000059604645,0.38056680560112,0.05708501860499382
YBR155W,YPL096W,0,1.3569973,0.399433434009552,0.38056680560112,0.0572199746966362
YOL066C,YAL031C,0,1.3535858,0.39886847138404846,0.38056680560112,0.05735492706298828
YEL012W,YBL052C,0,1.352282,0.39830508828163147,0.38056680560112,0.05748987942934036
YER162C,YIL079C,0,1.3511274,0.3977433145046234,0.38056680560112,0.057624831795692444
YAL016W,YNR032W,1,1.3484895,0.398591548204422,0.381916344165802,0.057624831795692444
YGR161C,YPL137C,1,1.3475181,0.39943739771842957,0.3832658529281616,0.057624831795692444
YMR114C,YNL262W,0,1.347167,0.3988763988018036,0.3832658529281616,0.057759784162044525
YIL080W,YDL083C,0,1.3461574,0.39831697940826416,0.3832658529281616,0.057894736528396606
YGR281W,YLR291C,0,1.3452804,0.3977591097354889,0.3832658529281616,0.05802968889474869
YGL162W,YDL021W,0,1.3451453,0.3972027897834778,0.3832658529281616,0.05816464126110077
YER054C,YDL134C,1,1.3435018,0.3980447053909302,0.38461539149284363,0.05816464126110077
YBR066C,YBL028C,0,1.3387755,0.3974895477294922,0.38461539149284363,0.05829959362745285
YER089C,YER054C,1,1.3369033,0.3983286917209625,0.38596490025520325,0.05829959362745285
YLL029W,YDL206W,0,1.3368945,0.39777469635009766,0.38596490025520325,0.05843454971909523
YJL066C,YGL244W,0,1.3366456,0.39722222089767456,0.38596490025520325,0.05856950208544731
YMR046C,YHR008C,0,1.3365529,0.3966712951660156,0.38596490025520325,0.05870445445179939
YKL165C,YFL013C,0,1.3361393,0.39612188935279846,0.38596490025520325,0.058839406818151474
YMR020W,YLR016C,0,1.3355162,0.39557400345802307,0.38596490025520325,0.058974359184503555
YCR079W,YPL179W,1,1.335401,0.3964088261127472,0.38731443881988525,0.058974359184503555
YEL022W,YIL094C,0,1.3352209,0.39586207270622253,0.38731443881988525,0.05910931155085564
YPR024W,YJL149W,0,1.3340656,0.39531680941581726,0.38731443881988525,0.05924426391720772
YAL054C,YKR056W,0,1.3331741,0.39477303624153137,0.38731443881988525,0.0593792162835598
YLL003W,YNL006W,0,1.328237,0.39423078298568726,0.38731443881988525,0.05951416864991188
YDL236W,YOR090C,1,1.3268418,0.395061731338501,0.38866397738456726,0.05951416864991188
YOR206W,YFR052W,0,1.3226542,0.3945205509662628,0.38866397738456726,0.05964912101626396
YDR414C,YER162C,0,1.321367,0.39398086071014404,0.38866397738456726,0.05978407710790634
YBR276C,YCR079W,1,1.3197806,0.39480873942375183,0.3900134861469269,0.05978407710790634
YOL010W,YJL171C,0,1.3193592,0.394270122051239,0.3900134861469269,0.05991902947425842
YBR045C,YER133W,1,1.3168155,0.3950953781604767,0.3913630247116089,0.05991902947425842
YOR261C,YBL089W,0,1.3159525,0.3945578336715698,0.3913630247116089,0.060053981840610504
YKL093W,YDR081C,0,1.3143188,0.39402174949645996,0.3913630247116089,0.060188934206962585
YDR059C,YDR170C,0,1.3115501,0.3934870958328247,0.3913630247116089,0.06032388657331467
YPL131W,YLR151C,0,1.3109045,0.39295393228530884,0.3913630247116089,0.06045883893966675
YBL068W,YOR353C,0,1.3089803,0.3924221992492676,0.3913630247116089,0.06059379130601883
YER162C,YGL030W,0,1.3048537,0.3918918967247009,0.3913630247116089,0.06072874367237091
YDL246C,YIL133C,0,1.3039157,0.3913630247116089,0.3913630247116089,0.06086369603872299
YER050C,YGL014W,0,1.3012809,0.39083558320999146,0.3913630247116089,0.06099865213036537
YBL068W,YHR168W,0,1.2991265,0.39030954241752625,0.3913630247116089,0.06113360449671745
YMR300C,YJL149W,0,1.2971718,0.38978493213653564,0.3913630247116089,0.061268556863069534
YER089C,YAL031C,1,1.2956429,0.39060401916503906,0.3927125632762909,0.061268556863069534
YHR012W,YMR093W,0,1.2888795,0.39008042216300964,0.3927125632762909,0.061403509229421616
YGR171C,YOL136C,0,1.2866124,0.38955822587013245,0.3927125632762909,0.0615384615957737
YOR291W,YDR492W,0,1.2851688,0.38903743028640747,0.3927125632762909,0.06167341396212578
YOL066C,YDR403W,0,1.2844204,0.3885180354118347,0.3927125632762909,0.06180836632847786
YBR074W,YLR309C,0,1.2832599,0.3880000114440918,0.3927125632762909,0.06194331869482994
YOR208W,YLR361C,1,1.2804376,0.38881492614746094,0.3940620720386505,0.06194331869482994
YER098W,YDR062W,0,1.2794495,0.3882978856563568,0.3940620720386505,0.06207827106118202
YIL113W,YOR014W,1,1.2763029,0.3891102373600006,0.3954116106033325,0.06207827106118202
YEL012W,YPR119W,0,1.27583,0.3885941505432129,0.3954116106033325,0.0622132271528244
YGL190C,YBR045C,1,1.273238,0.38940396904945374,0.39676111936569214,0.0622132271528244
YMR277W,YDR481C,1,1.2726904,0.39021164178848267,0.39811065793037415,0.0622132271528244
YDL134C,YPR073C,1,1.272487,0.3910171687602997,0.39946019649505615,0.0622132271528244
YDR373W,YNL182C,0,1.271591,0.39050132036209106,0.39946019649505615,0.06234817951917648
YJR138W,YPL259C,0,1.270654,0.3899868130683899,0.39946019649505615,0.062483131885528564
YNL335W,YBL092W,0,1.2669331,0.38947367668151855,0.39946019649505615,0.06261808425188065
YER089C,YBL056W,1,1.2656238,0.3902759552001953,0.40080970525741577,0.06261808425188065
YNL232W,YHR174W,0,1.2629672,0.3897637724876404,0.40080970525741577,0.06275303661823273
YGR161C,YDL006W,1,1.259629,0.39056357741355896,0.4021592438220978,0.06275303661823273
YLR344W,YJR103W,0,1.2594929,0.39005234837532043,0.4021592438220978,0.06288798898458481
YBL046W,YNL053W,1,1.2577298,0.39084967970848083,0.4035087823867798,0.06288798898458481
YGL050W,YNL208W,0,1.2545725,0.3903394341468811,0.4035087823867798,0.06302294135093689
YML097C,YLL055W,0,1.2544148,0.38983049988746643,0.4035087823867798,0.06315789371728897
YPL273W,YOR089C,0,1.2539089,0.3893229067325592,0.4035087823867798,0.06329284608364105
YDL236W,YLR361C,1,1.2528973,0.3901170492172241,0.4048582911491394,0.06329284608364105
YMR013C,YAL017W,0,1.2503422,0.3896103799343109,0.4048582911491394,0.06342779844999313
YPR127W,YER137C,0,1.2496638,0.38910505175590515,0.4048582911491394,0.06356275081634521
YJL128C,YOR285W,0,1.2492521,0.38860103487968445,0.4048582911491394,0.0636977031826973
YKL168C,YNL219C,0,1.2487557,0.3880983293056488,0.4048582911491394,0.06383265554904938
YBR150C,YGL163C,0,1.2474666,0.38759690523147583,0.4048582911491394,0.06396760791540146
YGL190C,YER089C,1,1.2454693,0.3883870840072632,0.4062078297138214,0.06396760791540146
YPR190C,YLR359W,0,1.2421575,0.38788658380508423,0.4062078297138214,0.06410256773233414
YNL160W,YJR006W,0,1.240313,0.38738739490509033,0.4062078297138214,0.06423752009868622
YDR460W,YMR114C,0,1.2392772,0.3868894577026367,0.4062078297138214,0.0643724724650383
YMR146C,YBR006W,0,1.23844,0.3863928020000458,0.4062078297138214,0.06450742483139038
YIL113W,YER054C,1,1.2363663,0.38717949390411377,0.4075573682785034,0.06450742483139038
YNL053W,YOR090C,1,1.2353542,0.3879641592502594,0.40890687704086304,0.06450742483139038
YBR006W,YPR137W,0,1.232681,0.38746803998947144,0.40890687704086304,0.06464237719774246
YFR021W,YBR061C,0,1.232647,0.38697317242622375,0.40890687704086304,0.06477732956409454
YOR206W,YNL026W,0,1.2323782,0.38647958636283875,0.40890687704086304,0.06491228193044662
YNL274C,YGL216W,0,1.2316632,0.385987251996994,0.40890687704086304,0.0650472342967987
YDL111C,YOR261C,0,1.2311347,0.3854961693286896,0.40890687704086304,0.06518218666315079
YNR067C,YBR243C,0,1.2303452,0.3850063383579254,0.40890687704086304,0.06531713902950287
YGL190C,YFR028C,1,1.229936,0.3857868015766144,0.41025641560554504,0.06531713902950287
YNL127W,YKL093W,0,1.2293638,0.38529783487319946,0.41025641560554504,0.06545209139585495
YBR125C,YNR032W,1,1.2277739,0.3860759437084198,0.41160592436790466,0.06545209139585495
YAL017W,YMR295C,0,1.2256575,0.3855878710746765,0.41160592436790466,0.06558704376220703
YIR026C,YAL031C,1,1.2248396,0.3863636255264282,0.41295546293258667,0.06558704376220703
YCR079W,YOR090C,1,1.2237401,0.38713744282722473,0.4143050014972687,0.06558704376220703
YKL038W,YDR140W,0,1.2219734,0.38664987683296204,0.4143050014972687,0.06572199612855911
YIL135C,YBR238C,0,1.2212319,0.38616353273391724,0.4143050014972687,0.0658569484949112
YPR149W,YNR015W,0,1.2207778,0.38567838072776794,0.4143050014972687,0.06599190086126328
YBR118W,YCR014C,0,1.2191043,0.38519448041915894,0.4143050014972687,0.06612685322761536
YDR476C,YPL259C,0,1.2177958,0.38471177220344543,0.4143050014972687,0.06626180559396744
YBR125C,YPL179W,1,1.2174212,0.3854818642139435,0.4156545102596283,0.06626180559396744
YIL006W,YMR200W,0,1.2159281,0.38499999046325684,0.4156545102596283,0.06639675796031952
YOR208W,YAL031C,1,1.2143561,0.38576778769493103,0.4170040488243103,0.06639675796031952
YNL271C,YKR066C,0,1.2134106,0.38528677821159363,0.4170040488243103,0.0665317103266716
YDR164C,YPL188W,0,1.2111895,0.38480696082115173,0.4170040488243103,0.06666667014360428
YBL056W,YDL006W,1,1.2106395,0.3855721354484558,0.4183535873889923,0.06666667014360428
YDR473C,YNL219C,0,1.2105353,0.38509318232536316,0.4183535873889923,0.06680162250995636
YIR026C,YDR481C,1,1.2101368,0.38585609197616577,0.41970309615135193,0.06680162250995636
YOR014W,YDL188C,1,1.2100928,0.38661709427833557,0.42105263471603394,0.06680162250995636
YKL168C,YNL262W,0,1.2094059,0.3861386179924011,0.42105263471603394,0.06693657487630844
YDL245C,YNL163C,0,1.2083962,0.3856613039970398,0.42105263471603394,0.06707152724266052
YER125W,YMR137C,0,1.2072511,0.385185182094574,0.42105263471603394,0.0672064796090126
YDR090C,YNR035C,0,1.2049923,0.3847102224826813,0.42105263471603394,0.06734143197536469
YBL056W,YMR277W,1,1.2049825,0.3854679763317108,0.42240217328071594,0.06734143197536469
YJR040W,YDR260C,0,1.2044086,0.38499385118484497,0.42240217328071594,0.06747638434171677
YLR107W,YJR005W,0,1.2033055,0.38452088832855225,0.42240217328071594,0.06761133670806885
YBL046W,YAL031C,1,1.2023822,0.38527607917785645,0.42375168204307556,0.06761133670806885
YGR095C,YJL095W,0,1.1995611,0.3848039209842682,0.42375168204307556,0.06774628907442093
YOL045W,YPL196W,0,1.1989434,0.38433292508125305,0.42375168204307556,0.06788124144077301
YOR327C,YGR027C,0,1.1965336,0.38386309146881104,0.42375168204307556,0.06801619380712509
YOR297C,YKR102W,0,1.1946753,0.38339439034461975,0.42375168204307556,0.06815114617347717
YAL016W,YBR276C,1,1.1938319,0.3841463327407837,0.42510122060775757,0.06815114617347717
YDR062W,YDL225W,0,1.1930159,0.3836784362792969,0.42510122060775757,0.06828609853982925
YBR125C,YGR221C,0,1.1929651,0.3832116723060608,0.42510122060775757,0.06842105090618134
YOR014W,YLR361C,1,1.1921663,0.38396111130714417,0.4264507293701172,0.06842105090618134
YER133W,YAL031C,1,1.1913111,0.3847087323665619,0.4278002679347992,0.06842105090618134
YDR423C,YKL182W,0,1.1908418,0.3842424154281616,0.4278002679347992,0.06855600327253342
YML051W,YBR287W,0,1.1904233,0.3837772309780121,0.4278002679347992,0.0686909556388855
YPL104W,YDL128W,0,1.1865739,0.3833131790161133,0.4278002679347992,0.06882590800523758
YOL124C,YCL052C,0,1.1833344,0.3828502297401428,0.4278002679347992,0.06896086037158966
YMR078C,YGR171C,0,1.1830697,0.3823884129524231,0.4278002679347992,0.06909582018852234
YDR460W,YIL143C,0,1.1827097,0.3819276988506317,0.4278002679347992,0.06923077255487442
YJR082C,YKL189W,0,1.1816822,0.38146811723709106,0.4278002679347992,0.0693657249212265
YPL223C,YOR008C,0,1.1797376,0.38100960850715637,0.4278002679347992,0.06950067728757858
YPR137W,YJR130C,0,1.1757944,0.3805522322654724,0.4278002679347992,0.06963562965393066
YDL215C,YPL087W,0,1.1757423,0.3800959289073944,0.4278002679347992,0.06977058202028275
YDL188C,YBR276C,1,1.1755035,0.3808383345603943,0.4291498064994812,0.06977058202028275
YGL200C,YDR373W,0,1.1730316,0.380382776260376,0.4291498064994812,0.06990553438663483
YDR530C,YPR163C,0,1.1726097,0.379928320646286,0.4291498064994812,0.07004048675298691
YDL236W,YPR073C,1,1.1702832,0.3806682527065277,0.4304993152618408,0.07004048675298691
YGL083W,YOR209C,0,1.169127,0.38021454215049744,0.4304993152618408,0.07017543911933899
YBR202W,YLR165C,0,1.1689162,0.3797619044780731,0.4304993152618408,0.07031039148569107
YGL190C,YDR075W,1,1.1680744,0.38049939274787903,0.4318488538265228,0.07031039148569107
YDR172W,YPL078C,0,1.1678759,0.3800475001335144,0.4318488538265228,0.07044534385204315
YGL148W,YLR151C,0,1.167752,0.37959668040275574,0.4318488538265228,0.07058029621839523
YML051W,YJL141C,0,1.1660824,0.379146933555603,0.4318488538265228,0.07071524858474731
YBR045C,YFR003C,1,1.1659731,0.3798816502094269,0.43319839239120483,0.07071524858474731
YHR030C,YBR238C,0,1.16593,0.3794326186180115,0.43319839239120483,0.0708502009510994
YLR028C,YDR410C,0,1.1651669,0.378984659910202,0.43319839239120483,0.07098515331745148
YHR012W,YPR137W,0,1.1644306,0.37853774428367615,0.43319839239120483,0.07112010568380356
YPL196W,YPL050C,0,1.1626601,0.37809187173843384,0.43319839239120483,0.07125505805015564
YDR059C,YBR093C,0,1.1624439,0.3776470720767975,0.43319839239120483,0.07139001041650772
YNL261W,YGR222W,0,1.1619594,0.3772032856941223,0.43319839239120483,0.0715249627828598
YLR183C,YKL007W,0,1.1612277,0.3767605721950531,0.43319839239120483,0.07165992259979248
YLR183C,YDL111C,0,1.1602956,0.37631887197494507,0.43319839239120483,0.07179487496614456
YBR195C,YNR074C,0,1.1594343,0.3758782148361206,0.43319839239120483,0.07192982733249664
YKL103C,YOR180C,0,1.1590092,0.3754386007785797,0.43319839239120483,0.07206477969884872
YLR452C,YOR274W,0,1.1578931,0.375,0.43319839239120483,0.0721997320652008
YGR095C,YNL239W,0,1.1578312,0.37456241250038147,0.43319839239120483,0.07233468443155289
YBL046W,YFR003C,1,1.1566398,0.3752913773059845,0.43454790115356445,0.07233468443155289
YER075C,YFR028C,1,1.1547116,0.37601861357688904,0.43589743971824646,0.07233468443155289
YDL246C,YGR027C,0,1.1531337,0.37558138370513916,0.43589743971824646,0.07246963679790497
YDL216C,YML036W,0,1.1524892,0.37514516711235046,0.43589743971824646,0.07260458916425705
YNL032W,YNR032W,1,1.1496999,0.37587007880210876,0.43724697828292847,0.07260458916425705
YBR282W,YLR073C,0,1.1490289,0.3754345178604126,0.43724697828292847,0.07273954153060913
YBL056W,YPR073C,1,1.148956,0.37615740299224854,0.4385964870452881,0.07273954153060913
YFR028C,YDR481C,1,1.1477848,0.37687861919403076,0.4399460256099701,0.07273954153060913
YCR030C,YCR057C,0,1.1459837,0.37644341588020325,0.4399460256099701,0.07287449389696121
YPL163C,YOL028C,0,1.1439815,0.3760092258453369,0.4399460256099701,0.0730094462633133
YER165W,YKL095W,0,1.1439468,0.37557604908943176,0.4399460256099701,0.07314439862966537
YBR278W,YDL039C,0,1.1428814,0.3751438558101654,0.4399460256099701,0.07327935099601746
YMR315W,YPL113C,0,1.1406912,0.37471264600753784,0.4399460256099701,0.07341430336236954
YDL188C,YNL053W,1,1.1397574,0.37543055415153503,0.4412955343723297,0.07341430336236954
YBR150C,YLR291C,0,1.1397071,0.375,0.4412955343723297,0.07354925572872162
YDL170W,YOL151W,0,1.1378362,0.37457045912742615,0.4412955343723297,0.0736842080950737
YNR032W,YDL006W,1,1.1377732,0.3752860426902771,0.4426450729370117,0.0736842080950737
YOR212W,YKL067W,0,1.1368899,0.3748571574687958,0.4426450729370117,0.07381916046142578
YGL241W,YBR257W,0,1.1331146,0.37442922592163086,0.4426450729370117,0.07395411282777786
YGL190C,YDL230W,1,1.131784,0.37514254450798035,0.4439946115016937,0.07395411282777786
YAL016W,YFR028C,1,1.1301696,0.3758542239665985,0.44534412026405334,0.07395411282777786
YGL083W,YMR065W,0,1.1286057,0.37542662024497986,0.44534412026405334,0.07408906519412994
YLR203C,YMR114C,0,1.125358,0.375,0.44534412026405334,0.07422402501106262
YJR149W,YKL067W,0,1.1231459,0.37457433342933655,0.44534412026405334,0.0743589773774147
YER171W,YBR173C,0,1.1219537,0.3741496503353119,0.44534412026405334,0.07449392974376678
YBR120C,YNL298W,0,1.121282,0.37372592091560364,0.44534412026405334,0.07462888211011887
YGR177C,YNL092W,0,1.1178916,0.3733031749725342,0.44534412026405334,0.07476383447647095
YBR260C,YHR175W,0,1.1176027,0.37288135290145874,0.44534412026405334,0.07489878684282303
YGR095C,YOR085W,0,1.116993,0.3724604845046997,0.44534412026405334,0.07503373920917511
YMR036C,YDL006W,1,1.1164062,0.3731679916381836,0.44669365882873535,0.07503373920917511
YDL084W,YKL201C,0,1.1159029,0.3727477490901947,0.44669365882873535,0.07516869157552719
YDL059C,YDL078C,0,1.1138737,0.3723284602165222,0.44669365882873535,0.07530364394187927
YNL128W,YDR481C,1,1.1138281,0.37303370237350464,0.44804319739341736,0.07530364394187927
YPL151C,YGL010W,0,1.1123818,0.3726150393486023,0.44804319739341736,0.07543859630823135
YDL236W,YDR481C,1,1.1115671,0.3733183741569519,0.449392706155777,0.07543859630823135
YOR071C,YGL190C,0,1.1098926,0.3729003369808197,0.449392706155777,0.07557354867458344
YBL112C,YBR173C,0,1.1080643,0.3724832236766815,0.449392706155777,0.07570850104093552
YEL037C,YGL190C,0,1.1076183,0.37206703424453735,0.449392706155777,0.0758434534072876
YIL113W,YCR079W,1,1.1076034,0.3727678656578064,0.450742244720459,0.0758434534072876
YEL052W,YLR380W,0,1.1064491,0.37235227227211,0.450742244720459,0.07597840577363968
YOR014W,YER133W,1,1.1052523,0.3730512261390686,0.4520917534828186,0.07597840577363968
YDR075W,YNL128W,1,1.104814,0.3737486004829407,0.4534412920475006,0.07597840577363968
YHR004C,YEL053C,0,1.1042327,0.3733333349227905,0.4534412920475006,0.07611335813999176
YER117W,YLR270W,0,1.103527,0.3729189932346344,0.4534412920475006,0.07624831050634384
YGL212W,YEL030W,0,1.1022618,0.3725055456161499,0.4534412920475006,0.07638326287269592
YPR011C,YBR294W,0,1.0990243,0.3720930218696594,0.4534412920475006,0.076518215239048
YER089C,YER075C,1,1.097342,0.37278762459754944,0.4547908306121826,0.076518215239048
YJL053W,YGL216W,0,1.096895,0.3723756968975067,0.4547908306121826,0.07665317505598068
YDR059C,YKL015W,0,1.0940723,0.371964693069458,0.4547908306121826,0.07678812742233276
YBR006W,YOL054W,0,1.0935259,0.37155458331108093,0.4547908306121826,0.07692307978868484
YDR419W,YGL004C,0,1.0933007,0.3711453676223755,0.4547908306121826,0.07705803215503693
YBR006W,YPR198W,0,1.0928116,0.37073707580566406,0.4547908306121826,0.07719298452138901
YBR183W,YJR103W,0,1.0920161,0.37032967805862427,0.4547908306121826,0.07732793688774109
YEL012W,YGL169W,0,1.0914862,0.3699231743812561,0.4547908306121826,0.07746288925409317
YIL113W,YLR361C,1,1.091455,0.37061402201652527,0.45614033937454224,0.07746288925409317
YNL053W,YFR028C,1,1.0907121,0.37130340933799744,0.45748987793922424,0.07746288925409317
YLR383W,YOR299W,0,1.0896019,0.3708971440792084,0.45748987793922424,0.07759784162044525
YIL094C,YDR461W,0,1.0876073,0.37049180269241333,0.45748987793922424,0.07773279398679733
YGR052W,YJL187C,0,1.087542,0.37008732557296753,0.45748987793922424,0.07786774635314941
YEL037C,YAL016W,0,1.0866078,0.36968374252319336,0.45748987793922424,0.0780026987195015
YBL056W,YER075C,1,1.0833349,0.37037035822868347,0.45883941650390625,0.0780026987195015
YML056C,YMR099C,0,1.0828774,0.36996734142303467,0.45883941650390625,0.07813765108585358
YBL046W,YIL113W,1,1.0812693,0.3706521689891815,0.46018892526626587,0.07813765108585358
YLR164W,YLR350W,0,1.0807426,0.3702497184276581,0.46018892526626587,0.07827260345220566
YBR155W,YDR457W,0,1.0796913,0.3698481619358063,0.46018892526626587,0.07840755581855774
YOR208W,YDL134C,1,1.078599,0.3705308735370636,0.4615384638309479,0.07840755581855774
YJR119C,YPL078C,0,1.0783619,0.37012988328933716,0.4615384638309479,0.07854250818490982
YAL024C,YPL096W,0,1.0743545,0.3697297275066376,0.4615384638309479,0.0786774605512619
YDR453C,YPL087W,0,1.0734504,0.3693304657936096,0.4615384638309479,0.07881241291761398
YLR157C,YOR355W,0,1.0719924,0.3689320385456085,0.4615384638309479,0.07894736528396606
YDR460W,YDL021W,0,1.0611532,0.36853447556495667,0.4615384638309479,0.07908231765031815
YMR114C,YOL151W,0,1.0574849,0.36813777685165405,0.4615384638309479,0.07921727746725082
YFR028C,YNL128W,1,1.0559003,0.36881721019744873,0.4628880023956299,0.07921727746725082
YPL151C,YGR034W,0,1.0548375,0.3684210479259491,0.4628880023956299,0.0793522298336029
YDL024C,YDR062W,0,1.053673,0.3680257499217987,0.4628880023956299,0.07948718219995499
YDL206W,YKL201C,0,1.0523474,0.36763128638267517,0.4628880023956299,0.07962213456630707
YJR149W,YKL175W,0,1.0512428,0.3672376871109009,0.4628880023956299,0.07975708693265915
YDL036C,YLR394W,0,1.0504904,0.36684492230415344,0.4628880023956299,0.07989203929901123
YHR074W,YDL078C,0,1.0492166,0.36645299196243286,0.4628880023956299,0.08002699166536331
YMR036C,YNL128W,1,1.0487279,0.3671291470527649,0.4642375111579895,0.08002699166536331
YKL126W,YPL087W,0,1.0481395,0.3667377531528473,0.4642375111579895,0.0801619440317154
YMR315W,YOR147W,0,1.0480586,0.36634716391563416,0.4642375111579895,0.08029689639806747
YML128C,YPR138C,0,1.0475012,0.36595743894577026,0.4642375111579895,0.08043184876441956
YOR147W,YPL147W,0,1.047363,0.3655685484409332,0.4642375111579895,0.08056680113077164
YHR085W,YJR034W,0,1.044853,0.36518046259880066,0.4642375111579895,0.08070175349712372
YPR035W,YOR168W,0,1.0431828,0.36479321122169495,0.4642375111579895,0.0808367058634758
YIL128W,YER162C,0,1.0431427,0.3644067943096161,0.4642375111579895,0.08097165822982788
YMR173W,YER168C,0,1.0427785,0.3640211522579193,0.4642375111579895,0.08110661059617996
YLR005W,YNL192W,0,1.0412576,0.3636363744735718,0.4642375111579895,0.08124156296253204
YJL060W,YDL170W,0,1.0389371,0.3632523715496063,0.4642375111579895,0.08137651532888412
YDR090C,YHR004C,0,1.0376925,0.3628692030906677,0.4642375111579895,0.0815114676952362
YOR138C,YBR173C,0,1.0369264,0.3624868392944336,0.4642375111579895,0.08164642006158829
YNL084C,YKL095W,0,1.0348698,0.36210525035858154,0.4642375111579895,0.08178137987852097
YLR182W,YGL256W,0,1.0345821,0.36172449588775635,0.4642375111579895,0.08191633224487305
YOL043C,YLL043W,0,1.0306625,0.3613445460796356,0.4642375111579895,0.08205128461122513
YDR075W,YER133W,1,1.028652,0.36201468110084534,0.4655870497226715,0.08205128461122513
YGL094C,YJL144W,0,1.0283674,0.3616352081298828,0.4655870497226715,0.08218623697757721
YGR258C,YDR364C,0,1.0280933,0.36125653982162476,0.4655870497226715,0.08232118934392929
YAL054C,YIL020C,0,1.0252826,0.3608786463737488,0.4655870497226715,0.08245614171028137
YJR036C,YNL309W,0,1.0210042,0.36050155758857727,0.4655870497226715,0.08259109407663345
YGR255C,YDL170W,0,1.0208209,0.36012527346611023,0.4655870497226715,0.08272604644298553
YHR179W,YCR002C,0,1.0203781,0.3597497344017029,0.4655870497226715,0.08286099880933762
YBR026C,YOL040C,0,1.0199834,0.359375,0.4655870497226715,0.0829959511756897
YDR454C,YBL041W,0,1.0198524,0.3590010404586792,0.4655870497226715,0.08313090354204178
YNR067C,YNL138W,0,1.019102,0.3586278557777405,0.4655870497226715,0.08326585590839386
YDR263C,YIL088C,0,1.0186915,0.35825544595718384,0.4655870497226715,0.08340080827474594
YNL032W,YCR079W,1,1.0184013,0.3589211702346802,0.46693655848503113,0.08340080827474594
YPL274W,YCL052C,0,1.017658,0.35854923725128174,0.46693655848503113,0.08353576064109802
YDR075W,YPR073C,1,1.0170015,0.359213262796402,0.46828609704971313,0.08353576064109802
YER054C,YPL137C,1,1.0156014,0.3598759174346924,0.46963563561439514,0.08353576064109802
YNL160W,YEL029C,0,1.0136645,0.3595041334629059,0.46963563561439514,0.0836707130074501
YDR416W,YGR143W,0,1.0120639,0.35913312435150146,0.46963563561439514,0.08380566537380219
YGL062W,YDR174W,0,1.0070878,0.3587628901004791,0.46963563561439514,0.08394061774015427
YER090W,YMR267W,0,1.0059645,0.3583934009075165,0.46963563561439514,0.08407557010650635
YOR208W,YER089C,1,1.0057955,0.35905349254608154,0.47098514437675476,0.08407557010650635
YDL188C,YOR090C,1,1.0051606,0.35971224308013916,0.47233468294143677,0.08407557010650635
YLR009W,YDL045C,0,1.0033338,0.35934290289878845,0.47233468294143677,0.08421052992343903
YLR395C,YHR209W,0,1.0025718,0.3589743673801422,0.47233468294143677,0.08434548228979111
YOL038W,YIL020C,0,1.0018734,0.3586065471172333,0.47233468294143677,0.08448043465614319
YLR224W,YLR251W,0,1.0007964,0.3582395017147064,0.47233468294143677,0.08461538702249527
YDR389W,YLR386W,0,1.0000477,0.35787320137023926,0.47233468294143677,0.08475033938884735
YGR281W,YLR224W,0,0.9988251,0.3575076460838318,0.47233468294143677,0.08488529175519943
YGL170C,YBR170C,0,0.9982057,0.3571428656578064,0.47233468294143677,0.08502024412155151
YGR123C,YER075C,1,0.9973242,0.35779815912246704,0.4736842215061188,0.08502024412155151
YDR518W,YGR179C,0,0.9957543,0.3574337959289551,0.4736842215061188,0.0851551964879036
YBL076C,YMR137C,0,0.9957316,0.3570702075958252,0.4736842215061188,0.08529014885425568
YNL131W,YKL009W,0,0.9947792,0.35670730471611023,0.4736842215061188,0.08542510122060776
YIL088C,YCL024W,0,0.9923659,0.35634517669677734,0.4736842215061188,0.08556005358695984
YDL107W,YKL009W,0,0.9921833,0.35598376393318176,0.4736842215061188,0.08569500595331192
YGL190C,YLR361C,1,0.99027824,0.35663628578186035,0.4750337302684784,0.08569500595331192
YLR244C,YDR137W,0,0.99002016,0.3562752902507782,0.4750337302684784,0.085829958319664
YGL004C,YBR072W,0,0.9889878,0.3559150695800781,0.4750337302684784,0.08596491068601608
YHR175W,YOL101C,0,0.9884268,0.35555556416511536,0.4750337302684784,0.08609986305236816
YFL014W,YDL055C,0,0.9855363,0.3551967740058899,0.4750337302684784,0.08623481541872025
YDR076W,YCR057C,0,0.9851688,0.35483869910240173,0.4750337302684784,0.08636976778507233
YEL012W,YDL206W,0,0.98464704,0.35448136925697327,0.4750337302684784,0.08650472015142441
YDR414C,YLR219W,0,0.9833977,0.3541247546672821,0.4750337302684784,0.08663967251777649
YMR112C,YDL171C,0,0.9828303,0.35376885533332825,0.4750337302684784,0.08677463233470917
YNL032W,YGL190C,1,0.98254824,0.35441768169403076,0.4763832688331604,0.08677463233470917
YDR389W,YBL026W,0,0.9821969,0.35406219959259033,0.4763832688331604,0.08690958470106125
YML051W,YDR059C,0,0.9820397,0.3537074029445648,0.4763832688331604,0.08704453706741333
YGR268C,YGR271W,0,0.9820179,0.353353351354599,0.4763832688331604,0.08717948943376541
YDL142C,YMR218C,0,0.9811279,0.3529999852180481,0.4763832688331604,0.08731444180011749
YBR006W,YHR059W,0,0.9761692,0.3526473641395569,0.4763832688331604,0.08744939416646957
YNR067C,YPL163C,0,0.9752161,0.3522953987121582,0.4763832688331604,0.08758434653282166
YPR026W,YOL093W,0,0.9744881,0.3519441783428192,0.4763832688331604,0.08771929889917374
YLR105C,YDL246C,0,0.97360754,0.35159361362457275,0.4763832688331604,0.08785425126552582
YAL016W,YBL046W,1,0.97302634,0.35223880410194397,0.4777328073978424,0.08785425126552582
YMR272C,YKR044W,0,0.9724847,0.35188865661621094,0.4777328073978424,0.0879892036318779
YIL113W,YMR036C,1,0.9700483,0.3525322675704956,0.479082316160202,0.0879892036318779
YPL064C,YOR209C,0,0.9691198,0.352182537317276,0.479082316160202,0.08812415599822998
YEL052W,YGR229C,0,0.96900517,0.3518334925174713,0.479082316160202,0.08825910836458206
YER075C,YDL236W,1,0.9670639,0.35247525572776794,0.48043185472488403,0.08825910836458206
YBR274W,YNL138W,0,0.966814,0.3521265983581543,0.48043185472488403,0.08839406073093414
YDR527W,YKR102W,0,0.9662914,0.35177865624427795,0.48043185472488403,0.08852901309728622
YNL095C,YPR160W,0,0.9648479,0.35143139958381653,0.48043185472488403,0.0886639654636383
YKR066C,YMR238W,0,0.96430767,0.35108479857444763,0.48043185472488403,0.08879891782999039
YBR045C,YOR090C,1,0.9636458,0.35172414779663086,0.48178136348724365,0.08879891782999039
YNL032W,YDL230W,1,0.9636053,0.3523622155189514,0.48313090205192566,0.08879891782999039
YBR287W,YMR179W,0,0.96336615,0.35201573371887207,0.48313090205192566,0.08893387019634247
YDL029W,YBR276C,0,0.9629414,0.35166993737220764,0.48313090205192566,0.08906882256269455
YOR226C,YGL004C,0,0.9626095,0.35132482647895813,0.48313090205192566,0.08920378237962723
YBR183W,YFR031C,0,0.962011,0.35098040103912354,0.48313090205192566,0.08933873474597931
YER089C,YNL128W,1,0.96134937,0.3516160547733307,0.48448044061660767,0.08933873474597931
YKL189W,YOL062C,0,0.95914423,0.35127201676368713,0.48448044061660767,0.08947368711233139
YBL056W,YER133W,1,0.9567977,0.3519061505794525,0.4858299493789673,0.08947368711233139
YNL160W,YDR196C,0,0.95645523,0.3515625,0.4858299493789673,0.08960863947868347
YJR036C,YNR003C,0,0.95578766,0.35121950507164,0.4858299493789673,0.08974359184503555
YMR173W,YKR006C,0,0.95578194,0.35087719559669495,0.4858299493789673,0.08987854421138763
YOR291W,YDR498C,0,0.95386666,0.3505355417728424,0.4858299493789673,0.09001349657773972
YIL002C,YDL206W,0,0.9535101,0.3501945436000824,0.4858299493789673,0.0901484489440918
YLR157C,YBL052C,0,0.95243806,0.3498542308807373,0.4858299493789673,0.09028340131044388
YLL033W,YCL034W,0,0.95044017,0.34951457381248474,0.4858299493789673,0.09041835367679596
YIL002C,YBR095C,0,0.9483789,0.3491755723953247,0.4858299493789673,0.09055330604314804
YMR049C,YNL281W,0,0.9465687,0.3488371968269348,0.4858299493789673,0.09068825840950012
YNL107W,YDR151C,0,0.94477355,0.34849950671195984,0.4858299493789673,0.0908232107758522
YJR057W,YLR219W,0,0.94128704,0.3481624722480774,0.4858299493789673,0.09095816314220428
YML056C,YHR057C,0,0.9400001,0.3478260934352875,0.4858299493789673,0.09109311550855637
YLR028C,YOR222W,0,0.93834955,0.3474903404712677,0.4858299493789673,0.09122806787490845
YMR168C,YDL024C,0,0.9381584,0.34715524315834045,0.4858299493789673,0.09136302024126053
YKL078W,YGR222W,0,0.9374012,0.34682080149650574,0.4858299493789673,0.09149797260761261
YJL004C,YDL070W,0,0.93605375,0.34648701548576355,0.4858299493789673,0.09163292497396469
YDR518W,YDR140W,0,0.935065,0.3461538553237915,0.4858299493789673,0.09176788479089737
YOR388C,YDR373W,0,0.9343127,0.3458213210105896,0.4858299493789673,0.09190283715724945
YDL078C,YDL225W,0,0.9334509,0.3454894423484802,0.4858299493789673,0.09203778952360153
YIL113W,YBR045C,1,0.93230313,0.34611696004867554,0.4871794879436493,0.09203778952360153
YGL071W,YLR213C,0,0.93082356,0.3457854390144348,0.4871794879436493,0.09217274188995361
YCR057C,YPR091C,0,0.9302783,0.34545454382896423,0.4871794879436493,0.0923076942563057
YPR111W,YLR350W,0,0.928612,0.3451242744922638,0.4871794879436493,0.09244264662265778
YBR276C,YNR032W,1,0.9280634,0.34574976563453674,0.4885290265083313,0.09244264662265778
YIL108W,YLR141W,0,0.92802763,0.34541985392570496,0.4885290265083313,0.09257759898900986
YLR165C,YLR042C,0,0.92455024,0.3450905680656433,0.4885290265083313,0.09271255135536194
YHR156C,YAR031W,0,0.9240146,0.3447619080543518,0.4885290265083313,0.09284750372171402
YKL126W,YLR394W,0,0.92395806,0.34443387389183044,0.4885290265083313,0.0929824560880661
YLR113W,YJL128C,0,0.9237152,0.3441064655780792,0.4885290265083313,0.09311740845441818
YDR174W,YLR047C,0,0.92335665,0.34377968311309814,0.4885290265083313,0.09325236082077026
YMR277W,YDL230W,1,0.9212984,0.3444022834300995,0.4898785352706909,0.09325236082077026
YAL054C,YER052C,0,0.9186221,0.3440758287906647,0.4898785352706909,0.09338731318712234
YLR380W,YLR151C,0,0.91810334,0.34375,0.4898785352706909,0.09352226555347443
YOR208W,YOR090C,1,0.91749823,0.34437087178230286,0.4912280738353729,0.09352226555347443
YPR073C,YPL179W,1,0.91693866,0.3449905514717102,0.49257761240005493,0.09352226555347443
YNL160W,YDR159W,0,0.9161129,0.3446647822856903,0.49257761240005493,0.09365721791982651
YJR130C,YER104W,0,0.91553724,0.34433960914611816,0.49257761240005493,0.09379217028617859
YKR071C,YEL052W,0,0.9153869,0.34401509165763855,0.49257761240005493,0.09392712265253067
YLR452C,YOR212W,0,0.9094831,0.3436911404132843,0.49257761240005493,0.09406207501888275
YLR228C,YDR131C,0,0.9094645,0.3433678150177002,0.49257761240005493,0.09419702738523483
YDL188C,YIR026C,1,0.9092593,0.3439849615097046,0.49392712116241455,0.09419702738523483
YAR027W,YOL090W,0,0.90854836,0.34366196393966675,0.49392712116241455,0.09433198720216751
YLL017W,YER002W,0,0.908182,0.34333959221839905,0.49392712116241455,0.09446693956851959
YBR128C,YMR296C,0,0.90783477,0.3430178165435791,0.49392712116241455,0.09460189193487167
YJL029C,YMR179W,0,0.90642154,0.3426966369152069,0.49392712116241455,0.09473684430122375
YAL016W,YNL128W,1,0.90615135,0.34331151843070984,0.49527665972709656,0.09473684430122375
YJR021C,YBR274W,0,0.90396446,0.3429906666278839,0.49527665972709656,0.09487179666757584
YIL139C,YOR275C,0,0.9027947,0.34267041087150574,0.49527665972709656,0.09500674903392792
YHR029C,YEL041W,0,0.9026449,0.3423507511615753,0.49527665972709656,0.09514170140028
YJR021C,YDL035C,0,0.90186137,0.34203168749809265,0.49527665972709656,0.09527665376663208
YKL074C,YLR187W,0,0.90090674,0.34171321988105774,0.49527665972709656,0.09541160613298416
YLR344W,YIL076W,0,0.9004557,0.3413953483104706,0.49527665972709656,0.09554655849933624
YER133W,YBR276C,1,0.8999445,0.34200742840766907,0.4966261684894562,0.09554655849933624
YDL142C,YDL208W,0,0.89941394,0.3416898846626282,0.4966261684894562,0.09568151086568832
YNL281W,YGL169W,0,0.8986317,0.34137290716171265,0.4966261684894562,0.0958164632320404
YER075C,YPL179W,1,0.89850473,0.3419833183288574,0.4979757070541382,0.0958164632320404
YJR055W,YBR274W,0,0.8974323,0.34166666865348816,0.4979757070541382,0.09595141559839249
YGR036C,YGR072W,0,0.8970833,0.34135061502456665,0.4979757070541382,0.09608636796474457
YNL032W,YAL031C,1,0.8968207,0.3419593274593353,0.4993252456188202,0.09608636796474457
YLR080W,YBR202W,0,0.8964015,0.3416435718536377,0.4993252456188202,0.09622132033109665
YAL016W,YOR090C,1,0.896158,0.34225091338157654,0.5006747841835022,0.09622132033109665
YLR206W,YJL117W,0,0.8951942,0.34193548560142517,0.5006747841835022,0.09635627269744873
YHR179W,YML030W,0,0.8949897,0.34162062406539917,0.5006747841835022,0.09649122506380081
YCR079W,YPL137C,1,0.8941449,0.3422262966632843,0.5020242929458618,0.09649122506380081
YDR499W,YOL028C,0,0.8939639,0.34191176295280457,0.5020242929458618,0.0966261774301529
YGL190C,YPL137C,1,0.89244497,0.34251606464385986,0.5033738017082214,0.0966261774301529
YNL273W,YNR035C,0,0.89220506,0.342201828956604,0.5033738017082214,0.09676113724708557
YBL056W,YLR361C,1,0.8900349,0.34280475974082947,0.5047233700752258,0.09676113724708557
YER075C,YIR026C,1,0.88950056,0.3434065878391266,0.5060728788375854,0.09676113724708557
YIR018W,YLR209C,0,0.88879687,0.3430924117565155,0.5060728788375854,0.09689608961343765
YDR411C,YGL148W,0,0.8887597,0.3427788019180298,0.5060728788375854,0.09703104197978973
YAL054C,YCL025C,0,0.8871649,0.34246575832366943,0.5060728788375854,0.09716599434614182
YLR203C,YGL244W,0,0.8862613,0.34215328097343445,0.5060728788375854,0.0973009467124939
YPL042C,YPR006C,0,0.8851068,0.3418413996696472,0.5060728788375854,0.09743589907884598
YBR230C,YPR083W,0,0.8850478,0.34153005480766296,0.5060728788375854,0.09757085144519806
YOR216C,YDL039C,0,0.8846805,0.3412192761898041,0.5060728788375854,0.09770580381155014
YGL010W,YAL017W,0,0.8834472,0.34090909361839294,0.5060728788375854,0.09784075617790222
YFL038C,YJL079C,0,0.882929,0.3405994474887848,0.5060728788375854,0.0979757085442543
YHR109W,YLR026C,0,0.88292086,0.340290367603302,0.5060728788375854,0.09811066091060638
YNL283C,YGR070W,0,0.8823234,0.3399818539619446,0.5060728788375854,0.09824561327695847
YJL141C,YKL201C,0,0.88194805,0.3396739065647125,0.5060728788375854,0.09838056564331055
YGL014W,YGR246C,0,0.8819438,0.33936652541160583,0.5060728788375854,0.09851551800966263
YAL054C,YJL206C,0,0.8819288,0.3390596807003021,0.5060728788375854,0.09865047037601471
YIL113W,YPL137C,1,0.8809674,0.3396567404270172,0.5074223875999451,0.09865047037601471
YOL010W,YAL054C,0,0.8800022,0.3393501937389374,0.5074223875999451,0.09878542274236679
YJL124C,YML052W,0,0.8795345,0.3390441834926605,0.5074223875999451,0.09892037510871887
YMR090W,YKL085W,0,0.87888306,0.33873873949050903,0.5074223875999451,0.09905532747507095
YHL012W,YLR157C,0,0.8741763,0.3384338319301605,0.5074223875999451,0.09919027984142303
YBR125C,YGR180C,0,0.8731154,0.3381294906139374,0.5074223875999451,0.09932523965835571
YGL190C,YPL179W,1,0.87297785,0.33872416615486145,0.5087719559669495,0.09932523965835571
YDL198C,YDR151C,0,0.87269235,0.3384200930595398,0.5087719559669495,0.0994601920247078
YML051W,YHR085W,0,0.8726922,0.3381165862083435,0.5087719559669495,0.09959514439105988
YDR454C,YGR072W,0,0.8711739,0.3378136157989502,0.5087719559669495,0.09973009675741196
YDL107W,YNL232W,0,0.8708485,0.33751118183135986,0.5087719559669495,0.09986504912376404
YDL188C,YFR028C,1,0.8706703,0.3381037712097168,0.5101214647293091,0.09986504912376404
YKL009W,YML039W,0,0.86923224,0.33780160546302795,0.5101214647293091,0.10000000149011612
YEL036C,YGL051W,0,0.86909485,0.3375000059604645,0.5101214647293091,0.1001349538564682
YPR035W,YIL142W,0,0.86805564,0.337198942899704,0.5101214647293091,0.10026990622282028
YLR219W,YLR073C,0,0.86225975,0.3368983864784241,0.5101214647293091,0.10040485858917236
YOR176W,YNL078W,0,0.8620071,0.33659839630126953,0.5101214647293091,0.10053981095552444
YPL119C,YOL151W,0,0.86160994,0.33629894256591797,0.5101214647293091,0.10067476332187653
YDR460W,YPR111W,0,0.8613019,0.335999995470047,0.5101214647293091,0.10080971568822861
YDL029W,YLL043W,0,0.8608608,0.335701584815979,0.5101214647293091,0.10094466805458069
YER133W,YPL179W,1,0.8608567,0.33629104495048523,0.5114709734916687,0.10094466805458069
YDR389W,YPR159W,0,0.86003804,0.3359929025173187,0.5114709734916687,0.10107962042093277
YKL038W,YPL188W,0,0.8580651,0.3356952965259552,0.5114709734916687,0.10121457278728485
YMR241W,YOL151W,0,0.8576697,0.33539822697639465,0.5114709734916687,0.10134952515363693
YBR271W,YDR403W,0,0.85726225,0.3351016938686371,0.5114709734916687,0.10148447751998901
YNL016W,YLR350W,0,0.85681736,0.3348056674003601,0.5114709734916687,0.1016194298863411
YNL010W,YIL076W,0,0.85535276,0.3345101475715637,0.5114709734916687,0.10175438225269318
YGR255C,YDL077C,0,0.85472393,0.3342151641845703,0.5114709734916687,0.10188934206962585
YGL037C,YOR239W,0,0.8543925,0.3339207172393799,0.5114709734916687,0.10202429443597794
YER054C,YER075C,1,0.8543354,0.3345070481300354,0.5128205418586731,0.10202429443597794
YFR028C,YDL006W,1,0.8542979,0.33509233593940735,0.5141700506210327,0.10202429443597794
YDR419W,YAR027W,0,0.8542346,0.3347978889942169,0.5141700506210327,0.10215924680233002
YER089C,YMR036C,1,0.85394895,0.3353819251060486,0.5155195593833923,0.10215924680233002
YIL128W,YGL004C,0,0.85352623,0.33508771657943726,0.5155195593833923,0.1022941991686821
YJL114W,YPR138C,0,0.8509934,0.3347940444946289,0.5155195593833923,0.10242915153503418
YBL046W,YPL179W,1,0.84967935,0.3353765308856964,0.516869068145752,0.10242915153503418
YHR069C,YLR182W,0,0.8485577,0.33508312702178955,0.516869068145752,0.10256410390138626
YOR208W,YNL053W,1,0.84814817,0.3356643319129944,0.5182186365127563,0.10256410390138626
YJR021C,YGR239C,0,0.8480795,0.3353711664676666,0.5182186365127563,0.10269905626773834
YDR414C,YBR128C,0,0.846233,0.33507853746414185,0.5182186365127563,0.10283400863409042
YDR164C,YOL043C,0,0.8456867,0.33478638529777527,0.5182186365127563,0.1029689610004425
YDR059C,YLR330W,0,0.8442107,0.33449476957321167,0.5182186365127563,0.10310391336679459
YPL113C,YCL052C,0,0.84335864,0.33420366048812866,0.5182186365127563,0.10323886573314667
YIR032C,YDR444W,0,0.84318054,0.33391305804252625,0.5182186365127563,0.10337381809949875
YGR113W,YOR209C,0,0.8421879,0.33362293243408203,0.5182186365127563,0.10350877046585083
YGR161C,YNR032W,1,0.8419281,0.3342013955116272,0.519568145275116,0.10350877046585083
YOR168W,YDL216C,0,0.84111995,0.3339115381240845,0.519568145275116,0.10364372283220291
YDR353W,YPR043W,0,0.84092975,0.33362218737602234,0.519568145275116,0.10377867519855499
YPR191W,YLR020C,0,0.8402134,0.3333333432674408,0.519568145275116,0.10391362756490707
YOL082W,YJR006W,0,0.83930045,0.33304497599601746,0.519568145275116,0.10404857993125916
YGR225W,YKR044W,0,0.83830523,0.3327571451663971,0.519568145275116,0.10418353229761124
YFR029W,YOR020C,0,0.83690226,0.33246976137161255,0.519568145275116,0.10431849211454391
YBR006W,YHR082C,0,0.83662736,0.332182914018631,0.519568145275116,0.104453444480896
YPL151C,YDR140W,0,0.83571583,0.3318965435028076,0.519568145275116,0.10458839684724808
YJL005W,YOR294W,0,0.8345343,0.33161067962646484,0.519568145275116,0.10472334921360016
YFR003C,YCR079W,1,0.8337848,0.33218589425086975,0.5209176540374756,0.10472334921360016
YDL188C,YLR361C,1,0.83243155,0.3327600955963135,0.52226722240448,0.10472334921360016
YOL045W,YGR077C,0,0.8319584,0.3324742317199707,0.52226722240448,0.10485830157995224
YEL052W,YPR030W,0,0.831135,0.33218884468078613,0.52226722240448,0.10499325394630432
YCL034W,YLR251W,0,0.8310386,0.33190393447875977,0.52226722240448,0.1051282063126564
YHR082C,YDL047W,0,0.82977957,0.331619530916214,0.52226722240448,0.10526315867900848
YLR197W,YOL062C,0,0.8276161,0.3313356041908264,0.52226722240448,0.10539811104536057
YBR238C,YKL172W,0,0.8274156,0.33105218410491943,0.52226722240448,0.10553306341171265
YKR020W,YER090W,0,0.8249408,0.33076924085617065,0.52226722240448,0.10566801577806473
YNL026W,YDR364C,0,0.8240597,0.3304867744445801,0.52226722240448,0.10580296814441681
YGR258C,YDR470C,0,0.8234154,0.3302047848701477,0.52226722240448,0.10593792051076889
YDL188C,YER133W,1,0.8225863,0.33077579736709595,0.5236167311668396,0.10593792051076889
YNL053W,YMR036C,1,0.82028186,0.3313458263874054,0.5249662399291992,0.10593792051076889
YLR361C,YDL006W,1,0.8202102,0.33191490173339844,0.5263158082962036,0.10593792051076889
YBR196C,YOR313C,0,0.82007205,0.3316326439380646,0.5263158082962036,0.10607287287712097
YOL045W,YGR169C,0,0.81344706,0.3313508927822113,0.5263158082962036,0.10620782524347305
YPR127W,YOR338W,0,0.81217813,0.33106961846351624,0.5263158082962036,0.10634277760982513
YOR208W,YER133W,1,0.8116703,0.3316369950771332,0.5276653170585632,0.10634277760982513
YBR173C,YER104W,0,0.8103421,0.3313559293746948,0.5276653170585632,0.10647772997617722
YGR161C,YMR036C,1,0.80744606,0.33192211389541626,0.5290148258209229,0.10647772997617722
YBL046W,YDL236W,1,0.80676854,0.3324873149394989,0.5303643941879272,0.10647772997617722
YDL206W,YGL233W,0,0.80607694,0.33220624923706055,0.5303643941879272,0.1066126823425293
YLR289W,YGL216W,0,0.80590653,0.3319256901741028,0.5303643941879272,0.10674763470888138
YOR014W,YBR125C,1,0.80560327,0.3324894607067108,0.5317139029502869,0.10674763470888138
YDL246C,YGL162W,0,0.80303884,0.33220911026000977,0.5317139029502869,0.10688259452581406
YDL197C,YOR251C,0,0.8022095,0.3319292366504669,0.5317139029502869,0.10701754689216614
YDR378C,YNL261W,0,0.80207753,0.3316498398780823,0.5317139029502869,0.10715249925851822
YOR232W,YBR243C,0,0.80127984,0.33137089014053345,0.5317139029502869,0.1072874516248703
YOR014W,YBR276C,1,0.8011365,0.33193278312683105,0.5330634117126465,0.1072874516248703
YDR371W,YDL070W,0,0.8000089,0.33165407180786133,0.5330634117126465,0.10742240399122238
YNL271C,YLL040C,0,0.7980081,0.3313758373260498,0.5330634117126465,0.10755735635757446
YBR125C,YLR361C,1,0.79684484,0.3319362998008728,0.5344129800796509,0.10755735635757446
YLR080W,YBR170C,0,0.7944258,0.3316583037376404,0.5344129800796509,0.10769230872392654
YCR030C,YPL129W,0,0.7936089,0.3313807547092438,0.5344129800796509,0.10782726109027863
YNL223W,YGR134W,0,0.7932118,0.33110368251800537,0.5344129800796509,0.1079622134566307
YGL190C,YGR123C,1,0.79130375,0.33166247606277466,0.5357624888420105,0.1079622134566307
YNL006W,YHR174W,0,0.79085684,0.33138564229011536,0.5357624888420105,0.10809716582298279
YDL230W,YFR028C,1,0.79041827,0.3319432735443115,0.5371119976043701,0.10809716582298279
YGL244W,YOR215C,0,0.7903679,0.3316666781902313,0.5371119976043701,0.10823211818933487
YNR067C,YLR153C,0,0.7899365,0.33139050006866455,0.5371119976043701,0.10836707055568695
YBL041W,YCR057C,0,0.78978664,0.331114798784256,0.5371119976043701,0.10850202292203903
YML080W,YEL041W,0,0.78942823,0.3308395743370056,0.5371119976043701,0.10863697528839111
YER089C,YOR014W,1,0.7884618,0.33139535784721375,0.5384615659713745,0.10863697528839111
YLL051C,YGL172W,0,0.7874719,0.3311203420162201,0.5384615659713745,0.1087719276547432
YKL038W,YMR065W,0,0.7843994,0.33084577322006226,0.5384615659713745,0.10890688002109528
YGL068W,YJL144W,0,0.7839732,0.33057165145874023,0.5384615659713745,0.10904183238744736
YGR288W,YNL208W,0,0.78051394,0.3302980065345764,0.5384615659713745,0.10917678475379944
YGL190C,YBR125C,1,0.77903473,0.3308519423007965,0.5398110747337341,0.10917678475379944
YCR079W,YDL006W,1,0.7780518,0.3314049541950226,0.5411605834960938,0.10917678475379944
YDR460W,YJL187C,0,0.77749205,0.33113130927085876,0.5411605834960938,0.10931174457073212
YBR125C,YFR028C,1,0.774637,0.3316831588745117,0.5425100922584534,0.10931174457073212
YGR144W,YJR036C,0,0.7744933,0.3314097225666046,0.5425100922584534,0.1094466969370842
YHR066W,YPL099C,0,0.77409494,0.3311367332935333,0.5425100922584534,0.10958164930343628
YJL071W,YLR224W,0,0.7737344,0.33086419105529785,0.5425100922584534,0.10971660166978836
YER022W,YGR238C,0,0.7735839,0.3305920958518982,0.5425100922584534,0.10985155403614044
YFR003C,YOR090C,1,0.77291155,0.3311421573162079,0.5438596606254578,0.10985155403614044
YNL297C,YMR296C,0,0.7716074,0.33087027072906494,0.5438596606254578,0.10998650640249252
YDL074C,YPR127W,0,0.7714647,0.3305988609790802,0.5438596606254578,0.1101214587688446
YJR004C,YDR306C,0,0.77094454,0.3303278684616089,0.5438596606254578,0.11025641113519669
YIL088C,YGL241W,0,0.7705922,0.3300573229789734,0.5438596606254578,0.11039136350154877
YPR072W,YOR294W,0,0.77048206,0.3297872245311737,0.5438596606254578,0.11052631586790085
YCR011C,YDR195W,0,0.7679375,0.32951757311820984,0.5438596606254578,0.11066126823425293
YEL036C,YHR051W,0,0.7667414,0.3292483687400818,0.5438596606254578,0.11079622060060501
YPL151C,YLR163C,0,0.76630807,0.32897958159446716,0.5438596606254578,0.11093117296695709
YOL090W,YLR251W,0,0.76629055,0.32871124148368835,0.5438596606254578,0.11106612533330917
YGR077C,YOL090W,0,0.7654096,0.32844334840774536,0.5438596606254578,0.11120107769966125
YLR244C,YHR209W,0,0.76533514,0.3281759023666382,0.5438596606254578,0.11133603006601334
YHR004C,YPL188W,0,0.7649049,0.32790887355804443,0.5438596606254578,0.11147098243236542
YGR281W,YOR008C,0,0.7643542,0.3276422619819641,0.5438596606254578,0.1116059347987175
YMR182C,YPR191W,0,0.7643105,0.327376127243042,0.5438596606254578,0.11174088716506958
YJR149W,YER101C,0,0.7639715,0.3271103799343109,0.5438596606254578,0.11187584698200226
YMR168C,YKL094W,0,0.7633357,0.32684507966041565,0.5438596606254578,0.11201079934835434
YBR278W,YOL026C,0,0.7620511,0.3265802264213562,0.5438596606254578,0.11214575171470642
YIL108W,YER101C,0,0.7620116,0.3263157904148102,0.5438596606254578,0.1122807040810585
YDR076W,YLL027W,0,0.7616943,0.3260517716407776,0.5438596606254578,0.11241565644741058
YDR306C,YEL029C,0,0.7616607,0.3257881999015808,0.5438596606254578,0.11255060881376266
YOR279C,YGL203C,0,0.76123977,0.32552504539489746,0.5438596606254578,0.11268556118011475
YDR518W,YBL098W,0,0.7610223,0.32526230812072754,0.5438596606254578,0.11282051354646683
YPR198W,YNL258C,0,0.76056385,0.32499998807907104,0.5438596606254578,0.11295546591281891
YDR137W,YAR031W,0,0.7601992,0.32473811507225037,0.5438596606254578,0.11309041827917099
YML097C,YDR170C,0,0.7594232,0.3244766592979431,0.5438596606254578,0.11322537064552307
YHR002W,YMR061W,0,0.7581355,0.3242156207561493,0.5438596606254578,0.11336032301187515
YHR002W,YCL004W,0,0.75655234,0.3239549696445465,0.5438596606254578,0.11349527537822723
YDL107W,YOL054W,0,0.75645745,0.32369476556777954,0.5438596606254578,0.11363022774457932
YGL026C,YDR081C,0,0.7556008,0.323434978723526,0.5438596606254578,0.1137651801109314
YAL016W,YDL134C,1,0.75530326,0.3239775598049164,0.5452091693878174,0.1137651801109314
YJL141C,YGR246C,0,0.7533268,0.32371795177459717,0.5452091693878174,0.11390013247728348
YBR287W,YMR270C,0,0.75316215,0.3234587609767914,0.5452091693878174,0.11403508484363556
YMR033W,YDL170W,0,0.7522345,0.323199987411499,0.5452091693878174,0.11417003720998764
YLR107W,YDR140W,0,0.7519431,0.3229416608810425,0.5452091693878174,0.11430498957633972
YLR270W,YJR112W,0,0.7509175,0.3226836919784546,0.5452091693878174,0.1144399493932724
YBL098W,YGR276C,0,0.75047773,0.3224261701107025,0.5452091693878174,0.11457490175962448
YJR070C,YGR179C,0,0.7498343,0.32216906547546387,0.5452091693878174,0.11470985412597656
YOL070C,YJL144W,0,0.7494478,0.32191234827041626,0.5452091693878174,0.11484480649232864
YOR074C,YKL085W,0,0.7451453,0.3216560482978821,0.5452091693878174,0.11497975885868073
YOR304C-A,YOR187W,0,0.7450924,0.32140016555786133,0.5452091693878174,0.1151147112250328
YKL020C,YPR127W,0,0.7439214,0.3211446702480316,0.5452091693878174,0.11524966359138489
YIR026C,YPL179W,1,0.741636,0.3216838836669922,0.546558678150177,0.11524966359138489
YCR014C,YCL052C,0,0.74100137,0.3214285671710968,0.546558678150177,0.11538461595773697
YJL004C,YNL182C,0,0.7397869,0.32117366790771484,0.546558678150177,0.11551956832408905
YML032C,YMR210W,0,0.7394675,0.3209191858768463,0.546558678150177,0.11565452069044113
YIL140W,YHR079C,0,0.7390621,0.3206650912761688,0.546558678150177,0.11578947305679321
YKL067W,YKL210W,0,0.73852706,0.3204113841056824,0.546558678150177,0.1159244254231453
YCL008C,YDL035C,0,0.73683643,0.32015809416770935,0.546558678150177,0.11605937778949738
YDL035C,YBR243C,0,0.73591727,0.31990522146224976,0.546558678150177,0.11619433015584946
YOR208W,YDL188C,1,0.7356765,0.32044199109077454,0.5479082465171814,0.11619433015584946
YGL190C,YCR079W,1,0.73537135,0.32097792625427246,0.549257755279541,0.11619433015584946
YOL136C,YNR010W,0,0.73449063,0.3207249939441681,0.549257755279541,0.11632928252220154
YFR045W,YJR031C,0,0.73347735,0.32047244906425476,0.549257755279541,0.11646423488855362
YPL122C,YGL259W,0,0.73260057,0.32022029161453247,0.549257755279541,0.1165991872549057
YJL130C,YAL031C,0,0.73255587,0.3199685513973236,0.549257755279541,0.11673413962125778
YKL093W,YER013W,0,0.7314441,0.3197171986103058,0.549257755279541,0.11686909943819046
YGL190C,YIR026C,1,0.73129845,0.3202511668205261,0.5506072640419006,0.11686909943819046
YJL172W,YBR192W,0,0.7298621,0.3199999928474426,0.5506072640419006,0.11700405180454254
YHR214C-B,YMR228W,0,0.7276274,0.31974920630455017,0.5506072640419006,0.11713900417089462
YNL006W,YDL039C,0,0.72758317,0.31949883699417114,0.5506072640419006,0.1172739565372467
YJR127C,YKR056W,0,0.72728205,0.31924882531166077,0.5506072640419006,0.11740890890359879
YJR130C,YDL148C,0,0.7269106,0.3189992308616638,0.5506072640419006,0.11754386126995087
YNL085W,YDR079W,0,0.72670865,0.3187499940395355,0.5506072640419006,0.11767881363630295
YLL012W,YMR304W,0,0.72647196,0.31850117444992065,0.5506072640419006,0.11781376600265503
YBL058W,YPL110C,0,0.7264573,0.3182527422904968,0.5506072640419006,0.11794871836900711
YOR377W,YPR125W,0,0.72444123,0.31800466775894165,0.5506072640419006,0.11808367073535919
YNL261W,YBR095C,0,0.72355247,0.3177570104598999,0.5506072640419006,0.11821862310171127
YJL194W,YKL074C,0,0.7233135,0.3175097405910492,0.5506072640419006,0.11835357546806335
YPR035W,YOR382W,0,0.7226541,0.31726282835006714,0.5506072640419006,0.11848852783441544
YFR031C,YJL149W,0,0.7180985,0.3170163035392761,0.5506072640419006,0.11862348020076752
YDR499W,YGR143W,0,0.7179445,0.31677019596099854,0.5506072640419006,0.1187584325671196
YBR150C,YOL026C,0,0.7176844,0.3165244460105896,0.5506072640419006,0.11889338493347168
YDL036C,YBL058W,0,0.7151168,0.3162790834903717,0.5506072640419006,0.11902833729982376
YKL190W,YNL283C,0,0.7146847,0.31603407859802246,0.5506072640419006,0.11916328966617584
YLL003W,YIL108W,0,0.7132027,0.31578946113586426,0.5506072640419006,0.11929824203252792
YJL172W,YBR042C,0,0.7125541,0.3155452311038971,0.5506072640419006,0.1194332018494606
YNL160W,YBR093C,0,0.71141064,0.31530138850212097,0.5506072640419006,0.11956815421581268
YBL056W,YIR026C,1,0.711254,0.3158301115036011,0.551956832408905,0.11956815421581268
YPR024W,YMR300C,0,0.70983106,0.3155864179134369,0.551956832408905,0.11970310658216476
YAL017W,YIL035C,0,0.7093525,0.31534311175346375,0.551956832408905,0.11983805894851685
YBR223C,YPR002W,0,0.7093094,0.31510016322135925,0.551956832408905,0.11997301131486893
YBL056W,YMR036C,1,0.7091106,0.31562739610671997,0.5533063411712646,0.11997301131486893
YGR052W,YDR451C,0,0.70593965,0.3153846263885498,0.5533063411712646,0.12010796368122101
YDL148C,YMR143W,0,0.70566475,0.3151421844959259,0.5533063411712646,0.12024291604757309
YBR150C,YKL206C,0,0.70557785,0.31490015983581543,0.5533063411712646,0.12037786841392517
YNL307C,YMR210W,0,0.7036525,0.3146584928035736,0.5533063411712646,0.12051282078027725
YKL174C,YDL022W,0,0.7021061,0.31441718339920044,0.5533063411712646,0.12064777314662933
YBL056W,YAL031C,1,0.70143276,0.31494253873825073,0.5546558499336243,0.12064777314662933
YKR002W,YCL004W,0,0.70087755,0.3147013783454895,0.5546558499336243,0.12078272551298141
YIL113W,YBR276C,1,0.6993547,0.3152257204055786,0.5560054183006287,0.12078272551298141
YHR074W,YNL044W,0,0.6984836,0.3149847090244293,0.5560054183006287,0.1209176778793335
YMR032W,YDL128W,0,0.69832724,0.31474408507347107,0.5560054183006287,0.12105263024568558
YDR530C,YJR112W,0,0.69512266,0.31450381875038147,0.5560054183006287,0.12118758261203766
YCR030C,YKL161C,0,0.6937152,0.3142639100551605,0.5560054183006287,0.12132253497838974
YER168C,YKL085W,0,0.693504,0.3140243887901306,0.5560054183006287,0.12145748734474182
YOR084W,YIL021W,0,0.6929334,0.31378522515296936,0.5560054183006287,0.1215924397110939
YOL043C,YPR091C,0,0.6925484,0.31354641914367676,0.5560054183006287,0.12172739207744598
YER098W,YER168C,0,0.69196963,0.3133079707622528,0.5560054183006287,0.12186235189437866
YHR030C,YAL024C,0,0.69082195,0.3130699098110199,0.5560054183006287,0.12199730426073074
YBR045C,YDL188C,1,0.6907868,0.31359151005744934,0.5573549270629883,0.12199730426073074
YER075C,YPL137C,1,0.69073427,0.3141123056411743,0.5587044358253479,0.12199730426073074
YNL274C,YJR133W,0,0.68937236,0.31387415528297424,0.5587044358253479,0.12213225662708282
YPR011C,YGL169W,0,0.6888829,0.3136363625526428,0.5587044358253479,0.1222672089934349
YFR021W,YDL225W,0,0.68625176,0.31339892745018005,0.5587044358253479,0.12240216135978699
YNR031C,YLR183C,0,0.68601066,0.3131618797779083,0.5587044358253479,0.12253711372613907
YBR115C,YIR039C,0,0.6858306,0.31292515993118286,0.5587044358253479,0.12267206609249115
YJR083C,YGR239C,0,0.6853149,0.31268882751464844,0.5587044358253479,0.12280701845884323
YOR074C,YDR285W,0,0.6843811,0.3124528229236603,0.5587044358253479,0.12294197082519531
YGR123C,YBR276C,1,0.68417585,0.3129713535308838,0.5600540041923523,0.12294197082519531
YBR128C,YKL074C,0,0.6828182,0.31273549795150757,0.5600540041923523,0.1230769231915474
YOL052C,YJR083C,0,0.68190014,0.3125,0.5600540041923523,0.12321187555789948
YDR072C,YDR416W,0,0.680666,0.3122648596763611,0.5600540041923523,0.12334682792425156
YBL056W,YCR079W,1,0.68038523,0.31278195977211,0.5614035129547119,0.12334682792425156
YIL113W,YOR208W,1,0.6799306,0.3132982850074768,0.5627530217170715,0.12334682792425156
YOR215C,YER145C,0,0.67989695,0.3130630552768707,0.5627530217170715,0.12348178029060364
YIL046W,YIL133C,0,0.6798049,0.3128282129764557,0.5627530217170715,0.12361673265695572
YLR042C,YJL082W,0,0.6788378,0.3125936985015869,0.5627530217170715,0.1237516850233078
YOR239W,YLR213C,0,0.67879635,0.3123595416545868,0.5627530217170715,0.12388663738965988
YJR010W,YLR285W,0,0.67860866,0.3121257424354553,0.5627530217170715,0.12402158975601196
YJL087C,YLR151C,0,0.678198,0.3118923008441925,0.5627530217170715,0.12415654212236404
YJL172W,YIL135C,0,0.6781533,0.31165918707847595,0.5627530217170715,0.12429149448871613
YOR071C,YNL117W,0,0.678145,0.31142643094062805,0.5627530217170715,0.1244264543056488
YEL053C,YEL041W,0,0.6756946,0.3111940324306488,0.5627530217170715,0.12456140667200089
YAL016W,YPL137C,1,0.6756814,0.31170767545700073,0.5641025900840759,0.12456140667200089
YJL155C,YER168C,0,0.67498195,0.31147539615631104,0.5641025900840759,0.12469635903835297
YIL080W,YER171W,0,0.6735009,0.31124347448349,0.5641025900840759,0.12483131140470505
YDL230W,YDL188C,1,0.67309856,0.3117559552192688,0.5654520988464355,0.12483131140470505
YKL009W,YDL055C,0,0.67226344,0.3115241527557373,0.5654520988464355,0.12496626377105713
YMR097C,YDR494W,0,0.6720001,0.31129270792007446,0.5654520988464355,0.1251012086868286
YPL002C,YMR136W,0,0.67194897,0.3110616207122803,0.5654520988464355,0.1252361685037613
YEL052W,YOR098C,0,0.6715059,0.31083086133003235,0.5654520988464355,0.12537111341953278
YPR073C,YDR481C,1,0.67035466,0.3113417327404022,0.5668016076087952,0.12537111341953278
YIL128W,YBR173C,0,0.66968054,0.31111112236976624,0.5668016076087952,0.12550607323646545
YER089C,YFR003C,1,0.6696204,0.3116210103034973,0.5681511759757996,0.12550607323646545
YAL033W,YGL037C,0,0.6688976,0.3113905191421509,0.5681511759757996,0.12564103305339813
YOR025W,YKL189W,0,0.6684138,0.3111603856086731,0.5681511759757996,0.12577597796916962
YBL046W,YPR073C,1,0.667504,0.31166914105415344,0.5695006847381592,0.12577597796916962
YHR030C,YPL087W,0,0.6673041,0.3114391267299652,0.5695006847381592,0.1259109377861023
YMR284W,YGR095C,0,0.66716474,0.31120944023132324,0.5695006847381592,0.12604588270187378
YOR147W,YNR044W,0,0.66660607,0.3109801113605499,0.5695006847381592,0.12618084251880646
YBR223C,YNR035C,0,0.6657286,0.3107511103153229,0.5695006847381592,0.12631578743457794
YFR003C,YMR036C,1,0.66361237,0.3112582862377167,0.5708501935005188,0.12631578743457794
YHR004C,YOR232W,0,0.6630381,0.3110294044017792,0.5708501935005188,0.12645074725151062
YGL190C,YBR276C,1,0.6624285,0.31153562664985657,0.5721997022628784,0.12645074725151062
YEL037C,YER162C,0,0.66221476,0.311306893825531,0.5721997022628784,0.1265856921672821
YER168C,YLL017W,0,0.6617244,0.3110784888267517,0.5721997022628784,0.12672065198421478
YPL002C,YPL147W,0,0.66071045,0.31085044145584106,0.5721997022628784,0.12685559689998627
YNL302C,YOL040C,0,0.65945536,0.3106227219104767,0.5721997022628784,0.12699055671691895
YGL190C,YER133W,1,0.65874135,0.31112736463546753,0.5735492706298828,0.12699055671691895
YHR047C,YER019C-A,0,0.65766,0.3108997941017151,0.5735492706298828,0.12712550163269043
YLR361C,YAL031C,1,0.6569841,0.3114035129547119,0.5748987793922424,0.12712550163269043
YNR067C,YMR099C,0,0.6569737,0.31117603182792664,0.5748987793922424,0.1272604614496231
YDR414C,YDR476C,0,0.6569457,0.31094890832901,0.5748987793922424,0.1273954063653946
YIR011C,YGR012W,0,0.65596044,0.31072211265563965,0.5748987793922424,0.12753036618232727
YFR003C,YER133W,1,0.65582865,0.31122449040412903,0.576248288154602,0.12753036618232727
YOR297C,YNR010W,0,0.6554812,0.3109978139400482,0.576248288154602,0.12766531109809875
YPL119C,YLR330W,0,0.65403634,0.31077146530151367,0.576248288154602,0.12780027091503143
YOL129W,YNL302C,0,0.65385354,0.3105454444885254,0.576248288154602,0.12793521583080292
YJR055W,YOR299W,0,0.65353775,0.31031978130340576,0.576248288154602,0.1280701756477356
YDR285W,YPL244C,0,0.6534274,0.31009441614151,0.576248288154602,0.12820513546466827
YDL055C,YMR090W,0,0.6532214,0.3098693788051605,0.576248288154602,0.12834008038043976
YDL215C,YDR404C,0,0.6526883,0.3096446692943573,0.576248288154602,0.12847504019737244
YER013W,YNL261W,0,0.65266204,0.30942028760910034,0.576248288154602,0.12860998511314392
YDR079W,YDL040C,0,0.65204155,0.30919623374938965,0.576248288154602,0.1287449449300766
YGL162W,YHR057C,0,0.6517326,0.3089725077152252,0.576248288154602,0.12887988984584808
YGL190C,YBL056W,1,0.6516458,0.3094721734523773,0.5775978565216064,0.12887988984584808
YMR146C,YER098W,0,0.6515229,0.30924856662750244,0.5775978565216064,0.12901484966278076
YDL188C,YPL137C,1,0.65098643,0.30974727869033813,0.5789473652839661,0.12901484966278076
YAL016W,YOR208W,1,0.64879483,0.3102453052997589,0.5802968740463257,0.12901484966278076
YOR209C,YKL168C,0,0.6482216,0.31002163887023926,0.5802968740463257,0.12914979457855225
YBR125C,YEL062W,0,0.6477064,0.3097982704639435,0.5802968740463257,0.12928475439548492
YMR145C,YAL031C,0,0.64766914,0.30957522988319397,0.5802968740463257,0.1294196993112564
YOR138C,YGR255C,0,0.64695144,0.3093525171279907,0.5802968740463257,0.1295546591281891
YER133W,YLR361C,1,0.6463156,0.3098490238189697,0.5816464424133301,0.1295546591281891
YDL179W,YIL094C,0,0.6437245,0.30962643027305603,0.5816464424133301,0.12968960404396057
YBL056W,YGR161C,1,0.64361894,0.3101220428943634,0.5829959511756897,0.12968960404396057
YDR067C,YDR233C,0,0.6422204,0.30989956855773926,0.5829959511756897,0.12982456386089325
YGL225W,YOL062C,0,0.64152306,0.3096774220466614,0.5829959511756897,0.12995950877666473
YER055C,YER104W,0,0.64109266,0.3094555735588074,0.5829959511756897,0.1300944685935974
YNL172W,YJL141C,0,0.6408633,0.309234082698822,0.5829959511756897,0.1302294135093689
YDR222W,YFR052W,0,0.6384417,0.30901288986206055,0.5829959511756897,0.13036437332630157
YGL225W,YDL128W,0,0.63650954,0.30879199504852295,0.5829959511756897,0.13049931824207306
YDR059C,YGR239C,0,0.6360147,0.3085714280605316,0.5829959511756897,0.13063427805900574
YDR351W,YKL094W,0,0.63599217,0.30835118889808655,0.5829959511756897,0.13076923787593842
YKL103C,YFR018C,0,0.6357441,0.30813124775886536,0.5829959511756897,0.1309041827917099
YBL056W,YNR032W,1,0.6349379,0.30862438678741455,0.5843454599380493,0.1309041827917099
YMR203W,YMR115W,0,0.6329379,0.3084045648574829,0.5843454599380493,0.13103914260864258
YNL052W,YKL001C,0,0.6324549,0.30818504095077515,0.5843454599380493,0.13117408752441406
YDR527W,YKL124W,0,0.6323081,0.30796587467193604,0.5843454599380493,0.13130904734134674
YOL086C,YLR020C,0,0.6307112,0.3077469766139984,0.5843454599380493,0.13144399225711823
YPL151C,YPL104W,0,0.6305071,0.30752840638160706,0.5843454599380493,0.1315789520740509
YBR202W,YMR039C,0,0.6302078,0.3073101341724396,0.5843454599380493,0.1317138969898224
YMR277W,YNR032W,1,0.6301906,0.30780142545700073,0.5856950283050537,0.1317138969898224
YNL006W,YGL163C,0,0.6290816,0.3075832724571228,0.5856950283050537,0.13184885680675507
YMR020W,YKR026C,0,0.6281405,0.30736544728279114,0.5856950283050537,0.13198380172252655
YDL061C,YIL080W,0,0.6280311,0.30714792013168335,0.5856950283050537,0.13211876153945923
YOR215C,YOR393W,0,0.6253112,0.30693069100379944,0.5856950283050537,0.1322537064552307
YIL143C,YML132W,0,0.6243701,0.3067137897014618,0.5856950283050537,0.1323886662721634
YLR228C,YOR304C-A,0,0.62416303,0.306497186422348,0.5856950283050537,0.13252361118793488
YGR084C,YBR276C,0,0.62305707,0.30628088116645813,0.5856950283050537,0.13265857100486755
YOR243C,YLR348C,0,0.62067723,0.3060648739337921,0.5856950283050537,0.13279351592063904
YNL084C,YIL170W,0,0.61794126,0.30584919452667236,0.5856950283050537,0.13292847573757172
YPL223C,YJR133W,0,0.61783683,0.3056338131427765,0.5856950283050537,0.1330634206533432
YLR197W,YGL220W,0,0.6173746,0.3054187297821045,0.5856950283050537,0.13319838047027588
YGL180W,YOR299W,0,0.6171522,0.30520394444465637,0.5856950283050537,0.13333334028720856
YOR279C,YGL148W,0,0.61650705,0.30498945713043213,0.5856950283050537,0.13346828520298004
YOR275C,YIL133C,0,0.61577356,0.30477526783943176,0.5856950283050537,0.13360324501991272
YKR066C,YNL016W,0,0.6155194,0.30456140637397766,0.5856950283050537,0.1337381899356842
YOR014W,YFR003C,1,0.6142889,0.3050490915775299,0.5870445370674133,0.1337381899356842
YHR077C,YJR040W,0,0.6141647,0.30483531951904297,0.5870445370674133,0.13387314975261688
YER125W,YNL262W,0,0.61395824,0.3046218454837799,0.5870445370674133,0.13400809466838837
YLL029W,YGL037C,0,0.612976,0.3044086694717407,0.5870445370674133,0.13414305448532104
YNL271C,YPL002C,0,0.612044,0.3041957914829254,0.5870445370674133,0.13427799940109253
YLL034C,YKL094W,0,0.611767,0.30398324131965637,0.5870445370674133,0.1344129592180252
YER089C,YCR079W,1,0.61153924,0.3044692873954773,0.588394045829773,0.1344129592180252
YDR494W,YAL031C,0,0.61140454,0.304256796836853,0.588394045829773,0.1345479041337967
YBL056W,YBR125C,1,0.6110221,0.3047419786453247,0.5897436141967773,0.1345479041337967
YFR021W,YLL033W,0,0.6106832,0.30452960729599,0.5897436141967773,0.13468286395072937
YGR180C,YKL124W,0,0.6097821,0.30431753396987915,0.5897436141967773,0.13481780886650085
YFL033C,YHR079C,0,0.60943544,0.3041057884693146,0.5897436141967773,0.13495276868343353
YNL044W,YBR173C,0,0.60941446,0.3038943111896515,0.5897436141967773,0.13508771359920502
YGR285C,YOR275C,0,0.6088741,0.3036831021308899,0.5897436141967773,0.1352226734161377
YMR169C,YMR228W,0,0.60882515,0.30347222089767456,0.5897436141967773,0.13535761833190918
YNR067C,YDR496C,0,0.60868627,0.3032616376876831,0.5897436141967773,0.13549257814884186
YAL016W,YDL188C,1,0.6086422,0.3037447929382324,0.591093122959137,0.13549257814884186
YHR066W,YOR261C,0,0.60779583,0.30353429913520813,0.591093122959137,0.13562752306461334
YDR034C,YMR180C,0,0.60750216,0.3033241033554077,0.591093122959137,0.13576248288154602
YOR168W,YDR218C,0,0.6065306,0.3031141757965088,0.591093122959137,0.1358974426984787
YGL062W,YOL101C,0,0.60622406,0.30290457606315613,0.591093122959137,0.13603238761425018
YJR040W,YOR294W,0,0.60299057,0.30269524455070496,0.591093122959137,0.13616734743118286
YBR177C,YJR028W,0,0.60246676,0.3024861812591553,0.591093122959137,0.13630229234695435
YBR118W,YGR072W,0,0.60227966,0.30227744579315186,0.591093122959137,0.13643725216388702
YOR292C,YKR028W,0,0.6014966,0.3020689785480499,0.591093122959137,0.1365721970796585
YML051W,YPL065W,0,0.6012808,0.3018607795238495,0.591093122959137,0.1367071568965912
YGL225W,YDR496C,0,0.5996605,0.3016528785228729,0.591093122959137,0.13684210181236267
YOR014W,YFR028C,1,0.59889615,0.3021335303783417,0.5924426317214966,0.13684210181236267
YJL155C,YOR324C,0,0.5976301,0.3019257187843323,0.5924426317214966,0.13697706162929535
YKR036C,YHR004C,0,0.59752256,0.30171820521354675,0.5924426317214966,0.13711200654506683
YNL008C,YKL206C,0,0.59643835,0.3015109896659851,0.5924426317214966,0.1372469663619995
YLL040C,YPR043W,0,0.59561485,0.30130404233932495,0.5924426317214966,0.137381911277771
YDR512C,YDR281C,0,0.595112,0.30109739303588867,0.5924426317214966,0.13751687109470367
YNL202W,YLR073C,0,0.594344,0.3008910119533539,0.5924426317214966,0.13765181601047516
YOL082W,YJR057W,0,0.5942366,0.30068492889404297,0.5924426317214966,0.13778677582740784
YFR028C,YPL179W,1,0.5927617,0.30116358399391174,0.593792200088501,0.13778677582740784
YDR473C,YBL098W,0,0.5926937,0.300957590341568,0.593792200088501,0.13792172074317932
YOR382W,YNL219C,0,0.59244365,0.30075186491012573,0.593792200088501,0.138056680560112
YGR144W,YKL130C,0,0.59189737,0.30054643750190735,0.593792200088501,0.13819164037704468
YOR212W,YDR373W,0,0.5917095,0.30034130811691284,0.593792200088501,0.13832658529281616
YDL070W,YER104W,0,0.59118927,0.30013641715049744,0.593792200088501,0.13846154510974884
YMR123W,YIL108W,0,0.59102166,0.2999318242073059,0.593792200088501,0.13859649002552032
YOR275C,YOR020C,0,0.58957684,0.29972752928733826,0.593792200088501,0.138731449842453
YNL261W,YKL013C,0,0.5891973,0.2995234727859497,0.593792200088501,0.1388663947582245
YMR277W,YAL031C,1,0.58797735,0.30000001192092896,0.5951417088508606,0.1388663947582245
YDR076W,YPL098C,0,0.5876553,0.29979604482650757,0.5951417088508606,0.13900135457515717
YPL240C,YMR308C,0,0.587595,0.29959240555763245,0.5951417088508606,0.13913629949092865
YPR030W,YKL015W,0,0.5863111,0.2993890047073364,0.5951417088508606,0.13927125930786133
YKR057W,YKL210W,0,0.58593565,0.2991859018802643,0.5951417088508606,0.1394062042236328
YOL054W,YOR008C,0,0.58591425,0.29898303747177124,0.5951417088508606,0.1395411640405655
YCR079W,YAL031C,1,0.5833069,0.29945799708366394,0.5964912176132202,0.1395411640405655
YDR144C,YLR209C,0,0.58166564,0.29925525188446045,0.5964912176132202,0.13967610895633698
YDL230W,YNL128W,1,0.58124495,0.2997293770313263,0.5978407263755798,0.13967610895633698
YDL015C,YBL079W,0,0.5802476,0.29952672123908997,0.5978407263755798,0.13981106877326965
YGR134W,YLR151C,0,0.5798284,0.2993243336677551,0.5978407263755798,0.13994601368904114
YOL045W,YOR025W,0,0.5777982,0.2991222143173218,0.5978407263755798,0.14008097350597382
YOL102C,YFL013C,0,0.5761963,0.2989203631877899,0.5978407263755798,0.1402159184217453
YKL180W,YEL070W,0,0.5757818,0.29871881008148193,0.5978407263755798,0.14035087823867798
YOL129W,YLR042C,0,0.5745238,0.29851752519607544,0.5978407263755798,0.14048582315444946
YPL180W,YLR050C,0,0.5739538,0.29831650853157043,0.5978407263755798,0.14062078297138214
YJR107W,YFR052W,0,0.5735381,0.2981157600879669,0.5978407263755798,0.14075574278831482
YDR109C,YGL030W,0,0.57323647,0.2979152798652649,0.5978407263755798,0.1408906877040863
YOR283W,YJR040W,0,0.57290745,0.29771506786346436,0.5978407263755798,0.14102564752101898
YJL192C,YPL011C,0,0.57265925,0.2975151240825653,0.5978407263755798,0.14116059243679047
YBR276C,YPR073C,1,0.57236373,0.29798656702041626,0.5991902947425842,0.14116059243679047
YLR447C,YOR349W,0,0.56922656,0.2977867126464844,0.5991902947425842,0.14129555225372314
YNR067C,YJR040W,0,0.56649053,0.297587126493454,0.5991902947425842,0.14143049716949463
YJL130C,YDR461W,0,0.5658055,0.2973878085613251,0.5991902947425842,0.1415654569864273
YOR301W,YGL186C,0,0.56502455,0.29718875885009766,0.5991902947425842,0.1417004019021988
YLR401C,YOR008C,0,0.5606594,0.29698997735977173,0.5991902947425842,0.14183536171913147
YDR364C,YOR351C,0,0.5593116,0.2967914342880249,0.5991902947425842,0.14197030663490295
YMR277W,YDL188C,1,0.55908227,0.29726117849349976,0.6005398035049438,0.14197030663490295
YDR411C,YDR369C,0,0.5584085,0.2970627546310425,0.6005398035049438,0.14210526645183563
YMR036C,YDR481C,1,0.5581357,0.29753169417381287,0.6018893122673035,0.14210526645183563
YMR269W,YOL151W,0,0.5580063,0.29733332991600037,0.6018893122673035,0.14224021136760712
YBL052C,YDR381C-A,0,0.55795693,0.29713523387908936,0.6018893122673035,0.1423751711845398
YER098W,YPL274W,0,0.5567966,0.29693740606307983,0.6018893122673035,0.14251011610031128
YIR011C,YDR416W,0,0.5560512,0.2967398464679718,0.6018893122673035,0.14264507591724396
YOL057W,YBR066C,0,0.55598646,0.29654255509376526,0.6018893122673035,0.14278002083301544
YIL094C,YLR390W,0,0.55368394,0.2963455021381378,0.6018893122673035,0.14291498064994812
YDR174W,YOR327C,0,0.5533451,0.29614874720573425,0.6018893122673035,0.1430499255657196
YOL129W,YNR010W,0,0.55149305,0.2959522306919098,0.6018893122673035,0.14318488538265228
YGL169W,YNL208W,0,0.5510999,0.2957559823989868,0.6018893122673035,0.14331984519958496
YER089C,YDL230W,1,0.55081666,0.29622265696525574,0.6032388806343079,0.14331984519958496
YLR291C,YMR160W,0,0.5506592,0.2960264980792999,0.6032388806343079,0.14345479011535645
YGL190C,YDL134C,1,0.5504956,0.29649239778518677,0.6045883893966675,0.14345479011535645
YNL073W,YHR135C,0,0.55042195,0.29629629850387573,0.6045883893966675,0.14358974993228912
YOL107W,YOR025W,0,0.55028445,0.2961004674434662,0.6045883893966675,0.1437246948480606
YPL274W,YHR008C,0,0.5500084,0.29590487480163574,0.6045883893966675,0.1438596546649933
YHR168W,YHR051W,0,0.5491181,0.2957095801830292,0.6045883893966675,0.14399459958076477
YHR029C,YPR026W,0,0.54824555,0.2955145239830017,0.6045883893966675,0.14412955939769745
YMR123W,YBR006W,0,0.5479102,0.29531970620155334,0.6045883893966675,0.14426450431346893
YHR074W,YOR180C,0,0.5473392,0.29512515664100647,0.6045883893966675,0.1443994641304016
YIR039C,YDR444W,0,0.54732025,0.2949308753013611,0.6045883893966675,0.1445344090461731
YJL087C,YOR226C,0,0.5451679,0.2947368323802948,0.6045883893966675,0.14466936886310577
YER075C,YER133W,1,0.54371434,0.29520052671432495,0.6059378981590271,0.14466936886310577
YPR144C,YER145C,0,0.5432979,0.29500657320022583,0.6059378981590271,0.14480431377887726
YDR405W,YNL107W,0,0.5428146,0.2948128581047058,0.6059378981590271,0.14493927359580994
YML099C,YGR255C,0,0.5425537,0.2946194112300873,0.6059378981590271,0.14507421851158142
YDR371W,YPR190C,0,0.5412236,0.29442623257637024,0.6059378981590271,0.1452091783285141
YJL172W,YCR002C,0,0.54114705,0.2942332923412323,0.6059378981590271,0.14534412324428558
YDR461W,YER019C-A,0,0.5403096,0.29404059052467346,0.6059378981590271,0.14547908306121826
YER133W,YDL236W,1,0.54029447,0.2945026159286499,0.6072874665260315,0.14547908306121826
YOR071C,YMR061W,0,0.54016894,0.2943100035190582,0.6072874665260315,0.14561402797698975
YLR107W,YLR005W,0,0.5399413,0.29411765933036804,0.6072874665260315,0.14574898779392242
YDL084W,YLR208W,0,0.5394639,0.29392555356025696,0.6072874665260315,0.1458839476108551
YGR010W,YBR172C,0,0.53925323,0.293733686208725,0.6072874665260315,0.1460188925266266
YMR227C,YGL212W,0,0.5390904,0.2935420870780945,0.6072874665260315,0.14615385234355927
YDR082W,YKL189W,0,0.53852177,0.2933507263660431,0.6072874665260315,0.14628879725933075
YBR196C,YOR162C,0,0.5374347,0.2931596040725708,0.6072874665260315,0.14642375707626343
YPL134C,YDR416W,0,0.5350604,0.29296875,0.6072874665260315,0.1465587019920349
YCR079W,YNL128W,1,0.5341274,0.2934287488460541,0.6086369752883911,0.1465587019920349
YGR171C,YJR063W,0,0.5334408,0.29323798418045044,0.6086369752883911,0.1466936618089676
YGR171C,YGL216W,0,0.5320287,0.2930474281311035,0.6086369752883911,0.14682860672473907
YHR082C,YPR163C,0,0.53174716,0.2928571403026581,0.6086369752883911,0.14696356654167175
YDR090C,YOR168W,0,0.5317109,0.29266709089279175,0.6086369752883911,0.14709851145744324
YPL065W,YFL023W,0,0.52742183,0.2924773097038269,0.6086369752883911,0.14723347127437592
YOR230W,YBL052C,0,0.5260057,0.2922877371311188,0.6086369752883911,0.1473684161901474
YOL070C,YDR207C,0,0.5257243,0.29209843277931213,0.6086369752883911,0.14750337600708008
YJL066C,YMR203W,0,0.52515763,0.291909396648407,0.6086369752883911,0.14763832092285156
YOR014W,YMR036C,1,0.5242182,0.2923673987388611,0.6099864840507507,0.14763832092285156
YMR054W,YGL051W,0,0.5239298,0.2921784222126007,0.6099864840507507,0.14777328073978424
YMR284W,YPL252C,0,0.52257615,0.29198965430259705,0.6099864840507507,0.14790822565555573
YLR244C,YGR222W,0,0.5224988,0.2918011546134949,0.6099864840507507,0.1480431854724884
YOR074C,YLR330W,0,0.51909864,0.2916128933429718,0.6099864840507507,0.1481781303882599
YMR112C,YPL252C,0,0.51867104,0.2914249002933502,0.6099864840507507,0.14831309020519257
YNL027W,YMR296C,0,0.51833117,0.29123711585998535,0.6099864840507507,0.14844805002212524
YOL066C,YDR109C,0,0.51762104,0.2910495698451996,0.6099864840507507,0.14858299493789673
YMR020W,YDL202W,0,0.51590395,0.2908622920513153,0.6099864840507507,0.1487179547548294
YNL032W,YBR125C,1,0.5147475,0.2913183271884918,0.6113360524177551,0.1487179547548294
YOL045W,YDL024C,0,0.51367307,0.2911311089992523,0.6113360524177551,0.1488528996706009
YJR092W,YMR250W,0,0.51336145,0.2909441292285919,0.6113360524177551,0.14898785948753357
YLR395C,YOL107W,0,0.51285803,0.2907573878765106,0.6113360524177551,0.14912280440330505
YMR114C,YDR218C,0,0.5127684,0.2905708849430084,0.6113360524177551,0.14925776422023773
YBR125C,YCR079W,1,0.51123214,0.29102563858032227,0.6126855611801147,0.14925776422023773
YDR472W,YBR026C,0,0.50978255,0.29083919525146484,0.6126855611801147,0.14939270913600922
YNL006W,YDR195W,0,0.50956947,0.2906530201435089,0.6126855611801147,0.1495276689529419
YGR264C,YIL177C,0,0.5094517,0.2904670536518097,0.6126855611801147,0.14966261386871338
YPR187W,YMR272C,0,0.508758,0.2902813255786896,0.6126855611801147,0.14979757368564606
YBR059C,YGL190C,0,0.5085794,0.29009583592414856,0.6126855611801147,0.14993251860141754
YDR172W,YMR038C,0,0.50735563,0.28991061449050903,0.6126855611801147,0.15006747841835022
YDR090C,YGR072W,0,0.5072707,0.2897256016731262,0.6126855611801147,0.1502024233341217
YMR250W,YDL077C,0,0.5058926,0.2895408272743225,0.6126855611801147,0.15033738315105438
YLR401C,YOR085W,0,0.5056059,0.2893562912940979,0.6126855611801147,0.15047232806682587
YOL111C,YOR215C,0,0.5054893,0.28917196393013,0.6126855611801147,0.15060728788375854
YFR029W,YDR072C,0,0.50520235,0.2889879047870636,0.6126855611801147,0.15074223279953003
YER125W,YOL151W,0,0.5032033,0.2888040840625763,0.6126855611801147,0.1508771926164627
YDR072C,YJL155C,0,0.5020012,0.2886204719543457,0.6126855611801147,0.15101215243339539
YJL225C,YMR229C,0,0.50181395,0.2884370982646942,0.6126855611801147,0.15114709734916687
YOR291W,YKL015W,0,0.5016499,0.2882539629936218,0.6126855611801147,0.15128205716609955
YJL128C,YEL056W,0,0.5012233,0.28807106614112854,0.6126855611801147,0.15141700208187103
YHR074W,YGL216W,0,0.5011956,0.28788840770721436,0.6126855611801147,0.1515519618988037
YGL094C,YLR380W,0,0.501142,0.2877059578895569,0.6126855611801147,0.1516869068145752
YNL008C,YJL103C,0,0.5000193,0.2875237464904785,0.6126855611801147,0.15182186663150787
YKR026C,YKL015W,0,0.49951243,0.28734177350997925,0.6126855611801147,0.15195681154727936
YCL057W,YBR093C,0,0.4988107,0.2871600389480591,0.6126855611801147,0.15209177136421204
YDR146C,YJL079C,0,0.49713993,0.28697851300239563,0.6126855611801147,0.15222671627998352
YBR125C,YGL019W,0,0.49694747,0.2867972254753113,0.6126855611801147,0.1523616760969162
YJL178C,YBL098W,0,0.49664778,0.28661617636680603,0.6126855611801147,0.15249662101268768
YNL178W,YER137C,0,0.49637043,0.2864353358745575,0.6126855611801147,0.15263158082962036
YGR169C,YJR040W,0,0.49572334,0.28625473380088806,0.6126855611801147,0.15276652574539185
YDR392W,YDL045C,0,0.49539185,0.28607434034347534,0.6126855611801147,0.15290148556232452
YDR072C,YJL141C,0,0.49446002,0.2858942151069641,0.6126855611801147,0.153036430478096
YDR405W,YLR042C,0,0.49387163,0.2857142984867096,0.6126855611801147,0.1531713902950287
YHR175W,YOR142W,0,0.4928968,0.2855345904827118,0.6126855611801147,0.15330635011196136
YLL027W,YPR160W,0,0.49274215,0.2853551208972931,0.6126855611801147,0.15344129502773285
YKR056W,YJL004C,0,0.49206206,0.2851758897304535,0.6126855611801147,0.15357625484466553
YBR202W,YNL073W,0,0.49156615,0.2849968671798706,0.6126855611801147,0.153711199760437
YGL186C,YDR353W,0,0.49063602,0.28481805324554443,0.6126855611801147,0.1538461595773697
YGR052W,YPR160W,0,0.48958832,0.28463950753211975,0.6126855611801147,0.15398110449314117
YAL016W,YNL053W,1,0.48928827,0.2850877046585083,0.6140350699424744,0.15398110449314117
YML049C,YBR192W,0,0.48906037,0.2849092185497284,0.6140350699424744,0.15411606431007385
YNL032W,YOR090C,1,0.48840958,0.28535670042037964,0.6153846383094788,0.15411606431007385
YER087W,YBR276C,0,0.48807976,0.2851782441139221,0.6153846383094788,0.15425100922584534
YOR377W,YDR304C,0,0.48727927,0.2849999964237213,0.6153846383094788,0.15438596904277802
YDR030C,YIR039C,0,0.48662013,0.2848219871520996,0.6153846383094788,0.1545209139585495
YHR002W,YER168C,0,0.48578575,0.2846441864967346,0.6153846383094788,0.15465587377548218
YAL033W,YJR040W,0,0.48576596,0.28446662425994873,0.6153846383094788,0.15479081869125366
YPR171W,YMR046C,0,0.4857059,0.28428927063941956,0.6153846383094788,0.15492577850818634
YML028W,YFL023W,0,0.48521808,0.2841121554374695,0.6153846383094788,0.15506072342395782
YKR066C,YKL064W,0,0.48515943,0.2839352488517761,0.6153846383094788,0.1551956832408905
YAL016W,YGL190C,1,0.48514676,0.28438082337379456,0.6167341470718384,0.1551956832408905
YPL240C,YPL112C,0,0.48395237,0.28420397639274597,0.6167341470718384,0.155330628156662
YDR067C,YKR101W,0,0.48176283,0.2840273380279541,0.6167341470718384,0.15546558797359467
YFL033C,YPL129W,0,0.48171553,0.28385093808174133,0.6167341470718384,0.15560053288936615
YHR041C,YPR138C,0,0.48111555,0.2836747467517853,0.6167341470718384,0.15573549270629883
YHR058C,YPL208W,0,0.48081768,0.28349876403808594,0.6167341470718384,0.1558704525232315
YML112W,YOR187W,0,0.4804103,0.2833229899406433,0.6167341470718384,0.156005397439003
YNL008C,YER175C,0,0.48026377,0.2831474542617798,0.6167341470718384,0.15614035725593567
YJL187C,YGR255C,0,0.47945988,0.282972127199173,0.6167341470718384,0.15627530217170715
YMR182C,YCL052C,0,0.47900027,0.28279703855514526,0.6167341470718384,0.15641026198863983
YBR067C,YOR215C,0,0.4779153,0.2826221287250519,0.6167341470718384,0.15654520690441132
YIL140W,YPR138C,0,0.47739774,0.2824474573135376,0.6167341470718384,0.156680166721344
YEL022W,YLR028C,0,0.47642004,0.28227299451828003,0.6167341470718384,0.15681511163711548
YKL206C,YOL104C,0,0.47593623,0.28209877014160156,0.6167341470718384,0.15695007145404816
YBR002C,YNL107W,0,0.47416982,0.2819247245788574,0.6167341470718384,0.15708501636981964
YBR037C,YDR109C,0,0.4735856,0.2817509174346924,0.6167341470718384,0.15721997618675232
YOR292C,YCL024W,0,0.47309798,0.28157731890678406,0.6167341470718384,0.1573549211025238
YDR527W,YDR444W,0,0.47252357,0.28140392899513245,0.6167341470718384,0.15748988091945648
YBR230C,YOL101C,0,0.47067535,0.28123077750205994,0.6167341470718384,0.15762482583522797
YKR026C,YCR012W,0,0.47026762,0.28105780482292175,0.6167341470718384,0.15775978565216064
YGL241W,YHL027W,0,0.4695865,0.28088507056236267,0.6167341470718384,0.15789473056793213
YBR118W,YJR101W,0,0.4690903,0.2807125449180603,0.6167341470718384,0.1580296903848648
YNL314W,YBR182C,0,0.4690436,0.28054019808769226,0.6167341470718384,0.1581646353006363
YOR168W,YDL227C,0,0.4673831,0.2803680896759033,0.6167341470718384,0.15829959511756897
YJR057W,YKR066C,0,0.46703488,0.2801961898803711,0.6167341470718384,0.15843455493450165
YOR298W,YER130C,0,0.46692306,0.2800244987010956,0.6167341470718384,0.15856949985027313
YBR260C,YHR109W,0,0.46571982,0.27985304594039917,0.6167341470718384,0.1587044596672058
YJL172W,YGL103W,0,0.46568897,0.2796817719936371,0.6167341470718384,0.1588394045829773
YER165W,YLL027W,0,0.4641972,0.2795107066631317,0.6167341470718384,0.15897436439990997
YDR451C,YBL076C,0,0.46273708,0.27933984994888306,0.6167341470718384,0.15910930931568146
YOL052C,YKL082C,0,0.46191844,0.2791692018508911,0.6167341470718384,0.15924426913261414
YDR245W,YMR210W,0,0.46058887,0.27899879217147827,0.6167341470718384,0.15937921404838562
YJL087C,YPL094C,0,0.45943034,0.27882856130599976,0.6167341470718384,0.1595141738653183
YOL158C,YPL096W,0,0.4588753,0.27865853905677795,0.6167341470718384,0.15964911878108978
YBR278W,YJL200C,0,0.45885116,0.27848872542381287,0.6167341470718384,0.15978407859802246
YDL202W,YMR173W,0,0.45838872,0.2783191204071045,0.6167341470718384,0.15991902351379395
YIL143C,YKL095W,0,0.45790374,0.27814972400665283,0.6167341470718384,0.16005398333072662
YBL034C,YOR313C,0,0.45695388,0.2779805362224579,0.6167341470718384,0.1601889282464981
YNL147W,YDR140W,0,0.45658433,0.27781155705451965,0.6167341470718384,0.1603238880634308
YHR061C,YGR012W,0,0.45584822,0.27764275670051575,0.6167341470718384,0.16045883297920227
YPR198W,YMR179W,0,0.45390236,0.27747419476509094,0.6167341470718384,0.16059379279613495
YPL223C,YHR079C,0,0.45345616,0.27730581164360046,0.6167341470718384,0.16072873771190643
YER075C,YNL128W,1,0.4526742,0.2777440845966339,0.618083655834198,0.16072873771190643
YOR292C,YJL081C,0,0.450994,0.2775757610797882,0.618083655834198,0.1608636975288391
YLR157C,YNR067C,0,0.45026425,0.2774076461791992,0.618083655834198,0.1609986573457718
YBR125C,YOL129W,0,0.4494412,0.27723971009254456,0.618083655834198,0.16113360226154327
YDL246C,YGL014W,0,0.44883537,0.2770719826221466,0.618083655834198,0.16126856207847595
YKL007W,YMR033W,0,0.44647002,0.27690446376800537,0.618083655834198,0.16140350699424744
YGL186C,YJL178C,0,0.4455454,0.27673715353012085,0.618083655834198,0.16153846681118011
YOL010W,YGR012W,0,0.44445804,0.27657005190849304,0.618083655834198,0.1616734117269516
YBR125C,YLR005W,0,0.44354498,0.27640312910079956,0.618083655834198,0.16180837154388428
YER185W,YER090W,0,0.44341415,0.2762364149093628,0.618083655834198,0.16194331645965576
YPR149W,YBR115C,0,0.44292837,0.27606990933418274,0.618083655834198,0.16207827627658844
YOL151W,YOR180C,0,0.4420914,0.2759036123752594,0.618083655834198,0.16221322119235992
YKL161C,YGL071W,0,0.4412029,0.2757374942302704,0.618083655834198,0.1623481810092926
YLL003W,YOR279C,0,0.44077072,0.2755716145038605,0.618083655834198,0.1624831259250641
YNR074C,YLL033W,0,0.44071907,0.2754058837890625,0.618083655834198,0.16261808574199677
YAL016W,YER133W,1,0.4403004,0.2758413553237915,0.6194332242012024,0.16261808574199677
YPR083W,YDR159W,0,0.43980372,0.2756756842136383,0.6194332242012024,0.16275303065776825
YNL032W,YER089C,1,0.43951565,0.27611044049263,0.620782732963562,0.16275303065776825
YJL112W,YMR173W,0,0.4394512,0.2759447991847992,0.620782732963562,0.16288799047470093
YDR075W,YBR125C,1,0.43892732,0.27637889981269836,0.6221322417259216,0.16288799047470093
YDR497C,YDR173C,0,0.438514,0.27621328830718994,0.6221322417259216,0.1630229353904724
YKR057W,YJL117W,0,0.4375541,0.2760479152202606,0.6221322417259216,0.1631578952074051
YDR059C,YOR251C,0,0.4371907,0.27588269114494324,0.6221322417259216,0.16329284012317657
YDR405W,YLR187W,0,0.4368589,0.27571770548820496,0.6221322417259216,0.16342779994010925
YBR125C,YLL040C,0,0.43680167,0.275552898645401,0.6221322417259216,0.16356275975704193
YOR261C,YCR026C,0,0.4365998,0.27538830041885376,0.6221322417259216,0.16369770467281342
YBL046W,YDR075W,1,0.43594384,0.27582088112831116,0.623481810092926,0.16369770467281342
YOR279C,YMR065W,0,0.43547127,0.2756563127040863,0.623481810092926,0.1638326644897461
YMR036C,YFR028C,1,0.4353132,0.27608826756477356,0.6248313188552856,0.1638326644897461
YNL128W,YPL179W,1,0.43415353,0.27651965618133545,0.6261808276176453,0.1638326644897461
YMR033W,YNL006W,0,0.4338745,0.27635496854782104,0.6261808276176453,0.16396760940551758
YDR196C,YLR073C,0,0.4333862,0.27619048953056335,0.6261808276176453,0.16410256922245026
YML051W,YOL112W,0,0.43330115,0.27602618932724,0.6261808276176453,0.16423751413822174
YGL158W,YGR145W,0,0.43318677,0.27586206793785095,0.6261808276176453,0.16437247395515442
YMR090W,YKR102W,0,0.43145224,0.27569815516471863,0.6261808276176453,0.1645074188709259
YLR105C,YMR112C,0,0.43119293,0.275534451007843,0.6261808276176453,0.16464237868785858
YEL012W,YGR276C,0,0.43015587,0.27537092566490173,0.6261808276176453,0.16477732360363007
YJR004C,YAL063C,0,0.42964336,0.2752075791358948,0.6261808276176453,0.16491228342056274
YGL236C,YJL141C,0,0.42821765,0.2750444710254669,0.6261808276176453,0.16504722833633423
YDL134C,YCR079W,1,0.42747405,0.2754739224910736,0.6275303363800049,0.16504722833633423
YAL016W,YFR003C,1,0.42726558,0.2759028971195221,0.6288799047470093,0.16504722833633423
YNL084C,YBR042C,0,0.4258093,0.2757396399974823,0.6288799047470093,0.1651821881532669
YLR107W,YDR072C,0,0.42547154,0.2755765914916992,0.6288799047470093,0.1653171330690384
YML051W,YDR449C,0,0.42476642,0.27541372179985046,0.6288799047470093,0.16545209288597107
YPL180W,YLR153C,0,0.42407718,0.27525103092193604,0.6288799047470093,0.16558703780174255
YER089C,YDL006W,1,0.42407075,0.2756788730621338,0.6302294135093689,0.16558703780174255
YBL058W,YPL119C,0,0.42395955,0.27551621198654175,0.6302294135093689,0.16572199761867523
YDR137W,YNL027W,0,0.42264456,0.2753537595272064,0.6302294135093689,0.1658569574356079
YAL060W,YOL151W,0,0.4221964,0.2751915156841278,0.6302294135093689,0.1659919023513794
YER098W,YEL031W,0,0.4217218,0.2750294506549835,0.6302294135093689,0.16612686216831207
YML032C,YBL089W,0,0.4214689,0.27486756443977356,0.6302294135093689,0.16626180708408356
YDR530C,YGL244W,0,0.42072883,0.2747058868408203,0.6302294135093689,0.16639676690101624
YGL169W,YDL225W,0,0.4206329,0.2745443880558014,0.6302294135093689,0.16653171181678772
YJR119C,YLL055W,0,0.42053235,0.2743830680847168,0.6302294135093689,0.1666666716337204
YFL013C,YFR052W,0,0.4199252,0.2742219567298889,0.6302294135093689,0.16680161654949188
YNR031C,YKL013C,0,0.4190927,0.27406102418899536,0.6302294135093689,0.16693657636642456
YHR030C,YER008C,0,0.41841543,0.2739003002643585,0.6302294135093689,0.16707152128219604
YIR026C,YNL128W,1,0.4171819,0.2743259072303772,0.6315789222717285,0.16707152128219604
YFR028C,YPL137C,1,0.41712236,0.27475103735923767,0.6329284906387329,0.16707152128219604
YDL035C,YNL284C,0,0.4170371,0.2745901644229889,0.6329284906387329,0.16720648109912872
YGR258C,YLR005W,0,0.41442144,0.2744295001029968,0.6329284906387329,0.1673414260149002
YCL032W,YPR160W,0,0.41350564,0.2742690145969391,0.6329284906387329,0.16747638583183289
YGR161C,YER133W,1,0.4128129,0.27469316124916077,0.6342779994010925,0.16747638583183289
YAR002C-A,YIL076W,0,0.4127704,0.2745327055454254,0.6342779994010925,0.16761133074760437
YDR304C,YML056C,0,0.41258523,0.2743724584579468,0.6342779994010925,0.16774629056453705
YIL140W,YLR350W,0,0.4111598,0.2742123603820801,0.6342779994010925,0.16788123548030853
YOR230W,YHR058C,0,0.41110647,0.2740524709224701,0.6342779994010925,0.1680161952972412
YER168C,YDR226W,0,0.41109544,0.27389276027679443,0.6342779994010925,0.1681511402130127
YPL179W,YNR032W,1,0.4103604,0.27431565523147583,0.6356275081634521,0.1681511402130127
YCL008C,YKL189W,0,0.40958592,0.27415600419044495,0.6356275081634521,0.16828610002994537
YPL223C,YMR034C,0,0.40886366,0.273996502161026,0.6356275081634521,0.16842105984687805
YJL079C,YOR353C,0,0.40795752,0.27383720874786377,0.6356275081634521,0.16855600476264954
YBR260C,YDR415C,0,0.40710402,0.27367809414863586,0.6356275081634521,0.16869096457958221
YDL206W,YDR062W,0,0.40693438,0.2735191583633423,0.6356275081634521,0.1688259094953537
YGR264C,YDR492W,0,0.40639013,0.2733604311943054,0.6356275081634521,0.16896086931228638
YOL086C,YLR325C,0,0.40580285,0.2732018530368805,0.6356275081634521,0.16909581422805786
YER075C,YNL053W,1,0.40566325,0.27362319827079773,0.6369770765304565,0.16909581422805786
YPL094C,YCL032W,0,0.40528858,0.2734646499156952,0.6369770765304565,0.16923077404499054
YPR111W,YBR095C,0,0.40454328,0.27330631017684937,0.6369770765304565,0.16936571896076202
YDL236W,YNL128W,1,0.40399536,0.27372685074806213,0.6383265852928162,0.16936571896076202
YHR174W,YJR112W,0,0.4039011,0.2735685408115387,0.6383265852928162,0.1695006787776947
YDR499W,YNL084C,0,0.40289474,0.2734104096889496,0.6383265852928162,0.1696356236934662
YDR140W,YJL206C,0,0.40235147,0.2732524573802948,0.6383265852928162,0.16977058351039886
YNL231C,YDR174W,0,0.40226486,0.27309468388557434,0.6383265852928162,0.16990552842617035
YER125W,YML030W,0,0.40169725,0.2729370892047882,0.6383265852928162,0.17004048824310303
YNL138W,YFL023W,0,0.4002607,0.2727797031402588,0.6383265852928162,0.1701754331588745
YFL033C,YBR276C,0,0.40010697,0.2726224660873413,0.6383265852928162,0.1703103929758072
YNL032W,YBL056W,1,0.39836198,0.2730414867401123,0.6396760940551758,0.1703103929758072
YJR119C,YGL030W,0,0.39786947,0.2728842794895172,0.6396760940551758,0.17044533789157867
YMR020W,YBL052C,0,0.39687,0.27272728085517883,0.6396760940551758,0.17058029770851135
YJL134W,YDR081C,0,0.3951128,0.2725704312324524,0.6396760940551758,0.17071524262428284
YBR042C,YAL031C,0,0.39421335,0.27241379022598267,0.6396760940551758,0.17085020244121552
YER089C,YGR123C,1,0.39390978,0.2728317081928253,0.6410256624221802,0.17085020244121552
YOL145C,YGR084C,0,0.39368337,0.272675096988678,0.6410256624221802,0.1709851622581482
YKL093W,YMR173W,0,0.3932184,0.2725186347961426,0.6410256624221802,0.17112010717391968
YLR165C,YBR274W,0,0.3931905,0.2723623812198639,0.6410256624221802,0.17125506699085236
YIL113W,YPL179W,1,0.39223292,0.2727793753147125,0.6423751711845398,0.17125506699085236
YLR047C,YLR251W,0,0.39200008,0.2726231515407562,0.6423751711845398,0.17139001190662384
YMR039C,YHR082C,0,0.39185768,0.27246707677841187,0.6423751711845398,0.17152497172355652
YMR295C,YNL175C,0,0.39071348,0.2723112106323242,0.6423751711845398,0.171659916639328
YKL126W,YDL198C,0,0.39032385,0.2721555233001709,0.6423751711845398,0.17179487645626068
YER162C,YAL039C,0,0.3900168,0.2720000147819519,0.6423751711845398,0.17192982137203217
YPR144C,YMR054W,0,0.38888174,0.27184465527534485,0.6423751711845398,0.17206478118896484
YLR165C,YPR125W,0,0.38805637,0.2716895043849945,0.6423751711845398,0.17219972610473633
YAL024C,YOR313C,0,0.38779896,0.2715345025062561,0.6423751711845398,0.172334685921669
YFR033C,YNL219C,0,0.3875078,0.2713797092437744,0.6423751711845398,0.1724696308374405
YBR006W,YKL022C,0,0.3854443,0.27122506499290466,0.6423751711845398,0.17260459065437317
YEL037C,YDR392W,0,0.38453767,0.2710706293582916,0.6423751711845398,0.17273953557014465
YPL274W,YNL078W,0,0.3841344,0.2709163427352905,0.6423751711845398,0.17287449538707733
YAL016W,YMR277W,1,0.3834288,0.2713310718536377,0.6437246799468994,0.17287449538707733
YOR206W,YHR005C-A,0,0.38317335,0.271176815032959,0.6437246799468994,0.17300944030284882
YMR036C,YNR032W,1,0.38283348,0.271590918302536,0.6450742483139038,0.17300944030284882
YKL093W,YNL107W,0,0.38096255,0.2714366912841797,0.6450742483139038,0.1731444001197815
YGR161C,YPR073C,1,0.37965995,0.2718501687049866,0.6464237570762634,0.1731444001197815
YDL206W,YNR067C,0,0.37955004,0.27169597148895264,0.6464237570762634,0.17327934503555298
YBR128C,YBR192W,0,0.3792935,0.271541953086853,0.6464237570762634,0.17341430485248566
YPR198W,YPL259C,0,0.37666574,0.27138811349868774,0.6464237570762634,0.17354926466941833
YDL083C,YBR010W,0,0.37573642,0.2712344229221344,0.6464237570762634,0.17368420958518982
YOR071C,YIL142W,0,0.37456387,0.27108094096183777,0.6464237570762634,0.1738191694021225
YMR087W,YKR101W,0,0.37385458,0.2709276080131531,0.6464237570762634,0.17395411431789398
YMR173W,YER162C,0,0.37240893,0.2707744538784027,0.6464237570762634,0.17408907413482666
YGL094C,YDR285W,0,0.37238723,0.27062147855758667,0.6464237570762634,0.17422401905059814
YER150W,YCR026C,0,0.37160534,0.27046865224838257,0.6464237570762634,0.17435897886753082
YNL274C,YBR192W,0,0.37064642,0.2703160345554352,0.6464237570762634,0.1744939237833023
YDR414C,YLR080W,0,0.36944807,0.27016356587409973,0.6464237570762634,0.17462888360023499
YOR147W,YDR499W,0,0.36836213,0.2700112760066986,0.6464237570762634,0.17476382851600647
YGR081C,YJR103W,0,0.36834526,0.2698591649532318,0.6464237570762634,0.17489878833293915
YLR203C,YMR227C,0,0.36825383,0.26970720291137695,0.6464237570762634,0.17503373324871063
YDL134C,YMR036C,1,0.36763164,0.27011817693710327,0.647773265838623,0.17503373324871063
YLR145W,YNL078W,0,0.3675715,0.2699662446975708,0.647773265838623,0.1751686930656433
YDL036C,YDR416W,0,0.36627772,0.26981449127197266,0.647773265838623,0.1753036379814148
YDR499W,YDR151C,0,0.36580238,0.26966291666030884,0.647773265838623,0.17543859779834747
YJR107W,YKL175W,0,0.36472362,0.26951152086257935,0.647773265838623,0.17557354271411896
YGR171C,YGL174W,0,0.3645857,0.2693602740764618,0.647773265838623,0.17570850253105164
YCR011C,YPL087W,0,0.36426517,0.26920920610427856,0.647773265838623,0.17584344744682312
YAL060W,YER101C,0,0.36407658,0.2690582871437073,0.647773265838623,0.1759784072637558
YGR180C,YIL108W,0,0.36360657,0.2689075767993927,0.647773265838623,0.17611336708068848
YGL225W,YKR101W,0,0.36224282,0.2687569856643677,0.647773265838623,0.17624831199645996
YGL170C,YBR173C,0,0.3621323,0.26860660314559937,0.647773265838623,0.17638327181339264
YPL252C,YNL006W,0,0.36126113,0.268456369638443,0.647773265838623,0.17651821672916412
YDR174W,YFL021W,0,0.3599119,0.26830631494522095,0.647773265838623,0.1766531765460968
YFL057C,YNL298W,0,0.35979998,0.2681564390659332,0.647773265838623,0.1767881214618683
YPL213W,YNR015W,0,0.35928094,0.26800671219825745,0.647773265838623,0.17692308127880096
YER054C,YBR045C,1,0.3585539,0.2684151828289032,0.6491228342056274,0.17692308127880096
YIR018W,YJR083C,0,0.35849172,0.2682654857635498,0.6491228342056274,0.17705802619457245
YFR028C,YOR090C,1,0.3579206,0.2686733603477478,0.6504723429679871,0.17705802619457245
YGR167W,YOL052C,0,0.3573299,0.2685236632823944,0.6504723429679871,0.17719298601150513
YGL158W,YOR020C,0,0.3569821,0.26837417483329773,0.6504723429679871,0.1773279309272766
YGR072W,YLL040C,0,0.35692343,0.2682248055934906,0.6504723429679871,0.1774628907442093
YKR071C,YBR275C,0,0.35661086,0.2680756449699402,0.6504723429679871,0.17759783565998077
YJR010W,YGL212W,0,0.356174,0.2679266333580017,0.6504723429679871,0.17773279547691345
YKR057W,YGL148W,0,0.35608882,0.26777777075767517,0.6504723429679871,0.17786774039268494
YAL016W,YCR079W,1,0.3559066,0.2681843340396881,0.6518218517303467,0.17786774039268494
YNL032W,YDL134C,1,0.35352525,0.26859045028686523,0.6531713604927063,0.17786774039268494
YEL037C,YLR389C,0,0.35346493,0.26844149827957153,0.6531713604927063,0.17800270020961761
YOL045W,YDR109C,0,0.3523774,0.26829269528388977,0.6531713604927063,0.1781376451253891
YDR492W,YOL052C,0,0.3522107,0.26814404129981995,0.6531713604927063,0.17827260494232178
YNL208W,YAL039C,0,0.35179776,0.26799556612968445,0.6531713604927063,0.17840756475925446
YGR010W,YJL128C,0,0.35164958,0.2678472697734833,0.6531713604927063,0.17854250967502594
YGL158W,YOR298W,0,0.35151428,0.26769912242889404,0.6531713604927063,0.17867746949195862
YHR061C,YPR159W,0,0.35129356,0.26755112409591675,0.6531713604927063,0.1788124144077301
YNL053W,YLR361C,1,0.35031724,0.26795580983161926,0.6545209288597107,0.1788124144077301
YDR389W,YFL013C,0,0.35025778,0.26780784130096436,0.6545209288597107,0.17894737422466278
YPL151C,YLR390W,0,0.35014272,0.2676600515842438,0.6545209288597107,0.17908231914043427
YHR060W,YDR173C,0,0.34991172,0.26751241087913513,0.6545209288597107,0.17921727895736694
YJR107W,YDL078C,0,0.34976918,0.2673649489879608,0.6545209288597107,0.17935222387313843
YMR054W,YJR031C,0,0.34952405,0.26721763610839844,0.6545209288597107,0.1794871836900711
YNL298W,YJR103W,0,0.349256,0.267070472240448,0.6545209288597107,0.1796221286058426
YDR419W,YNL298W,0,0.34889,0.2669234871864319,0.6545209288597107,0.17975708842277527
YAL060W,YOR085W,0,0.34849706,0.2667766809463501,0.6545209288597107,0.17989203333854675
YOR208W,YMR036C,1,0.34802938,0.2671797573566437,0.6558704376220703,0.17989203333854675
YJR149W,YMR115W,0,0.34694487,0.2670329809188843,0.6558704376220703,0.18002699315547943
YER103W,YDR173C,0,0.3459022,0.26688632369041443,0.6558704376220703,0.18016193807125092
YBR066C,YDR404C,0,0.34492826,0.2667398452758789,0.6558704376220703,0.1802968978881836
YPR191W,YDR332W,0,0.34476927,0.2665935158729553,0.6558704376220703,0.18043184280395508
YDR138W,YDR173C,0,0.3441069,0.26644736528396606,0.6558704376220703,0.18056680262088776
YIL094C,YJR034W,0,0.34406728,0.26630136370658875,0.6558704376220703,0.18070174753665924
YGR264C,YDR081C,0,0.34270138,0.26615554094314575,0.6558704376220703,0.18083670735359192
YKR068C,YFL023W,0,0.34100923,0.2660098373889923,0.6558704376220703,0.1809716671705246
YJL192C,YEL041W,0,0.3405941,0.2658643424510956,0.6558704376220703,0.18110661208629608
YKL082C,YBL098W,0,0.3403222,0.2657189667224884,0.6558704376220703,0.18124157190322876
YDR423C,YFR036W,0,0.33882168,0.26557376980781555,0.6558704376220703,0.18137651681900024
YBR096W,YDL045C,0,0.33880952,0.26542872190475464,0.6558704376220703,0.18151147663593292
YKL126W,YML039W,0,0.3387735,0.26528385281562805,0.6558704376220703,0.1816464215517044
YAL040C,YNR028W,0,0.33866486,0.265139102935791,0.6558704376220703,0.18178138136863708
YDL097C,YGL004C,0,0.3385992,0.2649945616722107,0.6558704376220703,0.18191632628440857
YER125W,YDR476C,0,0.33840972,0.2648501396179199,0.6558704376220703,0.18205128610134125
YMR169C,YGL203C,0,0.3378563,0.2647058963775635,0.6558704376220703,0.18218623101711273
YLR404W,YGR258C,0,0.3373787,0.2645617723464966,0.6558704376220703,0.1823211908340454
YMR277W,YPL137C,1,0.3369003,0.26496192812919617,0.6572199463844299,0.1823211908340454
YOR323C,YNL273W,0,0.33636177,0.26481783390045166,0.6572199463844299,0.1824561357498169
YGR288W,YNL290W,0,0.33570272,0.2646739184856415,0.6572199463844299,0.18259109556674957
YMR203W,YDL035C,0,0.3355874,0.26453015208244324,0.6572199463844299,0.18272604048252106
YLR278C,YLR050C,0,0.33479536,0.26438653469085693,0.6572199463844299,0.18286100029945374
YLL061W,YBR173C,0,0.33409745,0.26424309611320496,0.6572199463844299,0.18299594521522522
YBR045C,YDL230W,1,0.33329022,0.2646420896053314,0.6585695147514343,0.18299594521522522
YDR137W,YKL205W,0,0.33320522,0.26449865102767944,0.6585695147514343,0.1831309050321579
YCL074W,YDL216C,0,0.3329406,0.2643553614616394,0.6585695147514343,0.18326584994792938
YOL129W,YJR036C,0,0.33222425,0.2642122507095337,0.6585695147514343,0.18340080976486206
YER022W,YDL021W,0,0.33212206,0.26406925916671753,0.6585695147514343,0.18353576958179474
YER133W,YDL006W,1,0.33180815,0.2644672691822052,0.659919023513794,0.18353576958179474
YDL245C,YLL034C,0,0.33060044,0.2643243372440338,0.659919023513794,0.18367071449756622
YLR219W,YOL054W,0,0.33041465,0.264181524515152,0.659919023513794,0.1838056743144989
YLR219W,YLR264W,0,0.33008382,0.26403889060020447,0.659919023513794,0.18394061923027039
YPL150W,YDR392W,0,0.32995552,0.2638963758945465,0.659919023513794,0.18407557904720306
YPR080W,YIR005W,0,0.3298335,0.2637540400028229,0.659919023513794,0.18421052396297455
YDL070W,YKR006C,0,0.32858247,0.2636118531227112,0.659919023513794,0.18434548377990723
YKL090W,YDR332W,0,0.32642892,0.2634698152542114,0.659919023513794,0.1844804286956787
YGL014W,YGL236C,0,0.3262745,0.263327956199646,0.659919023513794,0.1846153885126114
YNL010W,YKL172W,0,0.32556778,0.2631862163543701,0.659919023513794,0.18475033342838287
YDL230W,YOR090C,1,0.3248503,0.2635825574398041,0.6612685322761536,0.18475033342838287
YKR069W,YJL213W,0,0.32374272,0.2634408473968506,0.6612685322761536,0.18488529324531555
YOR216C,YAL038W,0,0.3235199,0.2632993161678314,0.6612685322761536,0.18502023816108704
YBR145W,YKR069W,0,0.32327604,0.2631579041481018,0.6612685322761536,0.18515519797801971
YMR186W,YPR125W,0,0.3230054,0.26301664113998413,0.6612685322761536,0.1852901428937912
YER133W,YPR073C,1,0.32115895,0.2634120285511017,0.662618100643158,0.1852901428937912
YDL202W,YGR229C,0,0.32106906,0.263270765542984,0.662618100643158,0.18542510271072388
YPL252C,YPL093W,0,0.320025,0.26312968134880066,0.662618100643158,0.18556004762649536
YGL158W,YML032C,0,0.3199569,0.26298874616622925,0.662618100643158,0.18569500744342804
YDR034C,YIL142W,0,0.31988585,0.2628479599952698,0.662618100643158,0.18582995235919952
YGL014W,YKL015W,0,0.3194359,0.26270732283592224,0.662618100643158,0.1859649121761322
YGR052W,YJL079C,0,0.31937036,0.26256683468818665,0.662618100643158,0.18609987199306488
YPL240C,YLR088W,0,0.31918788,0.262426495552063,0.662618100643158,0.18623481690883636
YLR183C,YCR046C,0,0.31889084,0.26228633522987366,0.662618100643158,0.18636977672576904
YKL067W,YKR069W,0,0.31884786,0.2621462941169739,0.662618100643158,0.18650472164154053
YGR281W,YDL022W,0,0.3181716,0.26200640201568604,0.662618100643158,0.1866396814584732
YOL054W,YLL012W,0,0.3176161,0.26186665892601013,0.662618100643158,0.1867746263742447
YMR169C,YPL119C,0,0.31742573,0.26172706484794617,0.662618100643158,0.18690958619117737
YML028W,YPL099C,0,0.31719604,0.26158764958381653,0.662618100643158,0.18704453110694885
YBR276C,YAL031C,1,0.31431007,0.2619808316230774,0.6639676094055176,0.18704453110694885
YOR292C,YIL159W,0,0.3132121,0.26184141635894775,0.6639676094055176,0.18717949092388153
YFR031C,YNL230C,0,0.31278414,0.26170212030410767,0.6639676094055176,0.18731443583965302
YJR004C,YMR090W,0,0.31262583,0.2615630030632019,0.6639676094055176,0.1874493956565857
YBR118W,YNL273W,0,0.31246483,0.2614240050315857,0.6639676094055176,0.18758434057235718
YMR169C,YLR080W,0,0.31238142,0.2612851858139038,0.6639676094055176,0.18771930038928986
YLR300W,YBR061C,0,0.3121636,0.2611464858055115,0.6639676094055176,0.18785424530506134
YDR131C,YOR349W,0,0.31143895,0.26100796461105347,0.6639676094055176,0.18798920512199402
YNL160W,YLR264W,0,0.31008548,0.260869562625885,0.6639676094055176,0.1881241500377655
YKL126W,YHR074W,0,0.31005132,0.2607313096523285,0.6639676094055176,0.18825910985469818
YBR081C,YLR359W,0,0.30891487,0.2605932056903839,0.6639676094055176,0.18839405477046967
YDL128W,YDR508C,0,0.3086811,0.26045528054237366,0.6639676094055176,0.18852901458740234
YDR075W,YBR276C,1,0.30840048,0.2608465552330017,0.6653171181678772,0.18852901458740234
YPL134C,YBL085W,0,0.30500093,0.26070863008499146,0.6653171181678772,0.18866397440433502
YAL016W,YIR026C,1,0.30422553,0.26109936833381653,0.6666666865348816,0.18866397440433502
YMR228W,YNR035C,0,0.30389187,0.2609614431858063,0.6666666865348816,0.1887989193201065
YNL032W,YAL016W,1,0.3037703,0.26135164499282837,0.6680161952972412,0.1887989193201065
YAL016W,YLR361C,1,0.3036656,0.26174142956733704,0.6693657040596008,0.1887989193201065
YGL200C,YER171W,0,0.303062,0.26160338521003723,0.6693657040596008,0.18893387913703918
YHR175W,YPR125W,0,0.30279672,0.261465460062027,0.6693657040596008,0.18906882405281067
YJL128C,YDR260C,0,0.30173787,0.26132771372795105,0.6693657040596008,0.18920378386974335
YPR073C,YNR032W,1,0.30110312,0.26171669363975525,0.6707152724266052,0.18920378386974335
YKL013C,YLR329W,0,0.30107152,0.2615789473056793,0.6707152724266052,0.18933872878551483
YFL057C,YNL016W,0,0.3008849,0.26144134998321533,0.6707152724266052,0.1894736886024475
YLR330W,YDL077C,0,0.30082855,0.2613039016723633,0.6707152724266052,0.189608633518219
YFR003C,YBR276C,1,0.3007585,0.261692076921463,0.6720647811889648,0.189608633518219
YJR026W,YDR496C,0,0.3006032,0.26155462861061096,0.6720647811889648,0.18974359333515167
YDR067C,YMR078C,0,0.30046737,0.26141732931137085,0.6720647811889648,0.18987853825092316
YOR274W,YMR115W,0,0.29928267,0.2612801790237427,0.6720647811889648,0.19001349806785583
YKL067W,YMR300C,0,0.29911068,0.26114314794540405,0.6720647811889648,0.19014844298362732
YGR282C,YHL034C,0,0.29909652,0.26100629568099976,0.6720647811889648,0.19028340280056
YPL078C,YDR461W,0,0.298972,0.260869562625885,0.6720647811889648,0.19041834771633148
YLR129W,YEL062W,0,0.298694,0.2607329785823822,0.6720647811889648,0.19055330753326416
YDL142C,YGL051W,0,0.29852742,0.26059654355049133,0.6720647811889648,0.19068825244903564
YDR263C,YMR115W,0,0.29816955,0.2604602575302124,0.6720647811889648,0.19082321226596832
YDR494W,YGL060W,0,0.29814535,0.260324090719223,0.6720647811889648,0.190958172082901
YNL309W,YKL186C,0,0.29780054,0.2601880729198456,0.6720647811889648,0.19109311699867249
YNL271C,YGR113W,0,0.29740018,0.26005223393440247,0.6720647811889648,0.19122807681560516
YMR038C,YGR229C,0,0.29734945,0.2599164843559265,0.6720647811889648,0.19136302173137665
YBR195C,YJR107W,0,0.2970154,0.2597809135913849,0.6720647811889648,0.19149798154830933
YHR175W,YOR299W,0,0.29631412,0.2596454620361328,0.6720647811889648,0.1916329264640808
YCR093W,YNL078W,0,0.29619384,0.2595101594924927,0.6720647811889648,0.1917678862810135
YOR208W,YOR014W,1,0.29550692,0.25989583134651184,0.6734142899513245,0.1917678862810135
YER089C,YDL236W,1,0.29547048,0.26028111577033997,0.6747638583183289,0.1917678862810135
YGR113W,YLR163C,0,0.29538462,0.2601456940174103,0.6747638583183289,0.19190283119678497
YNL053W,YBR276C,1,0.29498488,0.26053041219711304,0.6761133670806885,0.19190283119678497
YBR095C,YBR243C,0,0.29460797,0.26039502024650574,0.6761133670806885,0.19203779101371765
YDR423C,YNR060W,0,0.29427895,0.260259747505188,0.6761133670806885,0.19217273592948914
YDL074C,YBR074W,0,0.29374158,0.2601246237754822,0.6761133670806885,0.19230769574642181
YNR060W,YGR276C,0,0.29254904,0.2599896192550659,0.6761133670806885,0.1924426406621933
YEL037C,YKR066C,0,0.29225877,0.2598547637462616,0.6761133670806885,0.19257760047912598
YDL036C,YER104W,0,0.29149777,0.2597200572490692,0.6761133670806885,0.19271254539489746
YJL144W,YPL087W,0,0.28899175,0.25958549976348877,0.6761133670806885,0.19284750521183014
YJL166W,YGL163C,0,0.28792495,0.2594510614871979,0.6761133670806885,0.19298245012760162
YHR066W,YLR309C,0,0.28740197,0.2593167722225189,0.6761133670806885,0.1931174099445343
YJL087C,YAL029C,0,0.28685468,0.2591826319694519,0.6761133670806885,0.1932523548603058
YJL149W,YPR138C,0,0.28675246,0.25904861092567444,0.6761133670806885,0.19338731467723846
YBR096W,YNR035C,0,0.28646463,0.2589147388935089,0.6761133670806885,0.19352227449417114
YOL124C,YNL230C,0,0.28573567,0.25878098607063293,0.6761133670806885,0.19365721940994263
YHL034C,YMR136W,0,0.28536275,0.2586473822593689,0.6761133670806885,0.1937921792268753
YCL008C,YBR187W,0,0.28513953,0.2585139274597168,0.6761133670806885,0.1939271241426468
YGR288W,YKL082C,0,0.2840361,0.25838062167167664,0.6761133670806885,0.19406208395957947
YLR020C,YPR030W,0,0.28301257,0.258247435092926,0.6761133670806885,0.19419702887535095
YER103W,YDR392W,0,0.28293875,0.25811436772346497,0.6761133670806885,0.19433198869228363
YDR332W,YLL043W,0,0.2821998,0.25798144936561584,0.6761133670806885,0.19446693360805511
YPL240C,YBL011W,0,0.28180957,0.25784868001937866,0.6761133670806885,0.1946018934249878
YBR287W,YPL082C,0,0.28163195,0.2577160596847534,0.6761133670806885,0.19473683834075928
YJL117W,YPL218W,0,0.28112993,0.2575835585594177,0.6761133670806885,0.19487179815769196
YBL046W,YER054C,1,0.28075236,0.2579650580883026,0.6774628758430481,0.19487179815769196
YHR074W,YKL205W,0,0.28001624,0.2578325569629669,0.6774628758430481,0.19500674307346344
YBL046W,YGR123C,1,0.2791495,0.2582135498523712,0.6788124442100525,0.19500674307346344
YPR196W,YPR083W,0,0.2787173,0.2580810785293579,0.6788124442100525,0.19514170289039612
YLR206W,YOR209C,0,0.27789798,0.25794872641563416,0.6788124442100525,0.1952766478061676
YCL057W,YHR058C,0,0.2764755,0.25781649351119995,0.6788124442100525,0.19541160762310028
YFR003C,YBR125C,1,0.27546516,0.25819671154022217,0.6801619529724121,0.19541160762310028
YNL053W,YDL006W,1,0.27494848,0.25857654213905334,0.6815114617347717,0.19541160762310028
YDL206W,YDL171C,0,0.2749291,0.258444219827652,0.6815114617347717,0.19554655253887177
YBL041W,YBR271W,0,0.27456975,0.25831201672554016,0.6815114617347717,0.19568151235580444
YJL034W,YNL010W,0,0.27454278,0.2581799626350403,0.6815114617347717,0.19581645727157593
YNL283C,YPL252C,0,0.27358904,0.25804802775382996,0.6815114617347717,0.1959514170885086
YNL053W,YAL031C,1,0.2733333,0.2584269642829895,0.6828609704971313,0.1959514170885086
YMR173W,YDR332W,0,0.27178767,0.25829505920410156,0.6828609704971313,0.19608637690544128
YBR172C,YFL021W,0,0.27166194,0.2581632733345032,0.6828609704971313,0.19622132182121277
YEL037C,YNR021W,0,0.26862013,0.25803160667419434,0.6828609704971313,0.19635628163814545
YMR284W,YJR040W,0,0.2669056,0.25790008902549744,0.6828609704971313,0.19649122655391693
YLR452C,YGL050W,0,0.26660648,0.2577687203884125,0.6828609704971313,0.1966261863708496
YER089C,YDL188C,1,0.264849,0.25814664363861084,0.6842105388641357,0.1966261863708496
YDR170C,YLR130C,0,0.26451942,0.2580152750015259,0.6842105388641357,0.1967611312866211
YPL188W,YNR035C,0,0.26285213,0.25788402557373047,0.6842105388641357,0.19689609110355377
YAR035W,YGL060W,0,0.26284462,0.257752925157547,0.6842105388641357,0.19703103601932526
YKL180W,YLR301W,0,0.26184338,0.2576219439506531,0.6842105388641357,0.19716599583625793
YBR278W,YNL282W,0,0.26087308,0.2574911117553711,0.6842105388641357,0.19730094075202942
YIL113W,YNL053W,1,0.26025343,0.2578680217266083,0.6855600476264954,0.19730094075202942
YCL052C,YDR508C,0,0.25979885,0.2577371895313263,0.6855600476264954,0.1974359005689621
YKL170W,YBR118W,0,0.2593262,0.25760647654533386,0.6855600476264954,0.19757084548473358
YJR070C,YJL192C,0,0.25913623,0.25747591257095337,0.6855600476264954,0.19770580530166626
YBL046W,YBR125C,1,0.25886083,0.25785207748413086,0.686909556388855,0.19770580530166626
YGR252W,YER052C,0,0.25869927,0.25772151350975037,0.686909556388855,0.19784075021743774
YKL126W,YMR087W,0,0.25832734,0.2575910985469818,0.686909556388855,0.19797571003437042
YJR040W,YKL205W,0,0.25744936,0.2574608027935028,0.686909556388855,0.1981106549501419
YAL054C,YNR017W,0,0.25665566,0.25733062624931335,0.686909556388855,0.19824561476707458
YDR137W,YDL047W,0,0.25642732,0.25720059871673584,0.686909556388855,0.19838055968284607
YDR285W,YGL169W,0,0.25601694,0.25707072019577026,0.686909556388855,0.19851551949977875
YCL018W,YPL180W,0,0.2558148,0.25694093108177185,0.686909556388855,0.19865047931671143
YNL006W,YOR085W,0,0.25525546,0.2568112909793854,0.686909556388855,0.1987854242324829
YKL001C,YLR325C,0,0.25452197,0.25668179988861084,0.686909556388855,0.1989203840494156
YPR196W,YJL128C,0,0.25408646,0.25655242800712585,0.686909556388855,0.19905532896518707
YPL007C,YNL298W,0,0.25288486,0.2564231753349304,0.686909556388855,0.19919028878211975
YGL256W,YPR160W,0,0.25241908,0.2562940716743469,0.686909556388855,0.19932523369789124
YGR095C,YLR151C,0,0.2520386,0.256165087223053,0.686909556388855,0.1994601935148239
YEL043W,YKL003C,0,0.25080743,0.2560362219810486,0.686909556388855,0.1995951384305954
YOR208W,YCR079W,1,0.25065556,0.25641027092933655,0.6882591247558594,0.1995951384305954
YGL225W,YIL046W,0,0.24982578,0.25628140568733215,0.6882591247558594,0.19973009824752808
YKL217W,YHR066W,0,0.24962804,0.2561526894569397,0.6882591247558594,0.19986504316329956
YGL236C,YFL048C,0,0.24953018,0.2560240924358368,0.6882591247558594,0.20000000298023224
YBR067C,YKL022C,0,0.24936454,0.2558956444263458,0.6882591247558594,0.20013494789600372
YNL223W,YMR160W,0,0.24875343,0.2557673156261444,0.6882591247558594,0.2002699077129364
YGR020C,YLR268W,0,0.24832043,0.25563910603523254,0.6882591247558594,0.20040485262870789
YMR020W,YEL056W,0,0.24824898,0.25551101565361023,0.6882591247558594,0.20053981244564056
YKR055W,YPL240C,0,0.24811894,0.25538307428359985,0.6882591247558594,0.20067475736141205
YLL019C,YML036W,0,0.24809824,0.25525525212287903,0.6882591247558594,0.20080971717834473
YJL155C,YPL218W,0,0.24782817,0.25512754917144775,0.6882591247558594,0.2009446620941162
YER101C,YLR429W,0,0.24756613,0.2549999952316284,0.6882591247558594,0.2010796219110489
YKL093W,YKL064W,0,0.24668014,0.25487256050109863,0.6882591247558594,0.20121458172798157
YPL151C,YBL098W,0,0.24649556,0.2547452449798584,0.6882591247558594,0.20134952664375305
YNL281W,YKL189W,0,0.2458668,0.2546180784702301,0.6882591247558594,0.20148448646068573
YPL104W,YKL189W,0,0.24550769,0.25449103116989136,0.6882591247558594,0.20161943137645721
YLL008W,YDR159W,0,0.24531665,0.25436410307884216,0.6882591247558594,0.2017543911933899
YIR011C,YIL095W,0,0.2446875,0.2542372941970825,0.6882591247558594,0.20188933610916138
YJR127C,YAL024C,0,0.24410552,0.2541106045246124,0.6882591247558594,0.20202429592609406
YBR125C,YMR036C,1,0.2440668,0.25448206067085266,0.689608633518219,0.20202429592609406
YAL016W,YOR014W,1,0.24332768,0.25485315918922424,0.6909581422805786,0.20202429592609406
YMR054W,YDR173C,0,0.24319786,0.254726380109787,0.6909581422805786,0.20215924084186554
YOL112W,YOR285W,0,0.24279341,0.2545996904373169,0.6909581422805786,0.20229420065879822
YER054C,YAL031C,1,0.24262868,0.2549701929092407,0.692307710647583,0.20229420065879822
YPL244C,YOR162C,0,0.24251127,0.25484350323677063,0.692307710647583,0.2024291455745697
YPR191W,YDR389W,0,0.2420486,0.25471699237823486,0.692307710647583,0.20256410539150238
YIL108W,YIL159W,0,0.24074501,0.25459057092666626,0.692307710647583,0.20269905030727386
YOR054C,YMR172W,0,0.24059659,0.2544642984867096,0.692307710647583,0.20283401012420654
YDR196C,YPR160W,0,0.2405825,0.2543381154537201,0.692307710647583,0.20296895503997803
YGL026C,YGL103W,0,0.24042827,0.25421208143234253,0.692307710647583,0.2031039148569107
YDL230W,YAL031C,1,0.24007241,0.254581481218338,0.6936572194099426,0.2031039148569107
YPL244C,YOR008C,0,0.23949157,0.25445544719696045,0.6936572194099426,0.2032388597726822
YDL054C,YNR067C,0,0.23888877,0.25432953238487244,0.6936572194099426,0.20337381958961487
YJL171C,YFL054C,0,0.23827653,0.25420376658439636,0.6936572194099426,0.20350876450538635
YLR130C,YNR010W,0,0.23774366,0.25407809019088745,0.6936572194099426,0.20364372432231903
YPR072W,YDR492W,0,0.23722512,0.2539525628089905,0.6936572194099426,0.2037786841392517
YBR274W,YOL052C,0,0.2367645,0.25382715463638306,0.6936572194099426,0.2039136290550232
YLR157C,YPL083C,0,0.23578963,0.2537018656730652,0.6936572194099426,0.20404858887195587
YOR145C,YEL022W,0,0.2324397,0.25357672572135925,0.6936572194099426,0.20418353378772736
YDL170W,YPR159W,0,0.23197578,0.2534516751766205,0.6936572194099426,0.20431849360466003
YNL231C,YDR423C,0,0.23144636,0.25332677364349365,0.6936572194099426,0.20445343852043152
YAL016W,YMR036C,1,0.23092821,0.2536945939064026,0.6950067281723022,0.20445343852043152
YBR045C,YDL236W,1,0.23083293,0.2540620267391205,0.6963562965393066,0.20445343852043152
YPL252C,YMR114C,0,0.23066351,0.2539370059967041,0.6963562965393066,0.2045883983373642
YGL083W,YCL008C,0,0.23066278,0.25381210446357727,0.6963562965393066,0.20472334325313568
YMR008C,YDR527W,0,0.23020487,0.25368732213974,0.6963562965393066,0.20485830307006836
YER075C,YLR361C,1,0.22998083,0.2540540397167206,0.6977058053016663,0.20485830307006836
YMR276W,YDR530C,0,0.22989228,0.2539292871952057,0.6977058053016663,0.20499324798583984
YJR010W,YJR053W,0,0.22887571,0.25380462408065796,0.6977058053016663,0.20512820780277252
YBR081C,YCL008C,0,0.22855085,0.2536800801753998,0.6977058053016663,0.205263152718544
YDR332W,YNL298W,0,0.22802801,0.25355565547943115,0.6977058053016663,0.20539811253547668
YKL074C,YOR180C,0,0.22734651,0.25343137979507446,0.6977058053016663,0.20553305745124817
YPL223C,YNL239W,0,0.22692671,0.25330719351768494,0.6977058053016663,0.20566801726818085
YGR255C,YJL176C,0,0.22638117,0.25318315625190735,0.6977058053016663,0.20580296218395233
YPR149W,YIL047C,0,0.22583991,0.2530592381954193,0.6977058053016663,0.205937922000885
YDR512C,YER125W,0,0.22563784,0.25293540954589844,0.6977058053016663,0.2060728818178177
YPR043W,YLR151C,0,0.225568,0.2528117299079895,0.6977058053016663,0.20620782673358917
YJR119C,YDR245W,0,0.22475258,0.2526881694793701,0.6977058053016663,0.20634278655052185
YLR289W,YIL079C,0,0.2244396,0.2525647282600403,0.6977058053016663,0.20647773146629333
YJR051W,YOR393W,0,0.22410893,0.25244140625,0.6977058053016663,0.206612691283226
YLR316C,YLR350W,0,0.22408627,0.25231820344924927,0.6977058053016663,0.2067476361989975
YHR179W,YDL111C,0,0.22358513,0.2521951198577881,0.6977058053016663,0.20688259601593018
YGR180C,YNL079C,0,0.22347167,0.25207215547561646,0.6977058053016663,0.20701754093170166
YJR010W,YHR119W,0,0.22182642,0.2519493103027344,0.6977058053016663,0.20715250074863434
YDR075W,YER075C,1,0.22120869,0.25231367349624634,0.6990553140640259,0.20715250074863434
YKL190W,YBR115C,0,0.22090437,0.25219085812568665,0.6990553140640259,0.20728744566440582
YLR073C,YNR028W,0,0.22023955,0.2520681321620941,0.6990553140640259,0.2074224054813385
YOR317W,YGL051W,0,0.21863562,0.25194552540779114,0.6990553140640259,0.20755735039710999
YFL033C,YEL062W,0,0.21780813,0.2518230378627777,0.6990553140640259,0.20769231021404266
YPR149W,YOR098C,0,0.21778502,0.25170066952705383,0.6990553140640259,0.20782725512981415
YHR012W,YDR415C,0,0.21744454,0.2515784502029419,0.6990553140640259,0.20796221494674683
YIR011C,YOR168W,0,0.21737015,0.2514563202857971,0.6990553140640259,0.2080971598625183
YDL236W,YFR028C,1,0.21675801,0.2518194913864136,0.7004048824310303,0.2080971598625183
YIL094C,YDR072C,0,0.21660805,0.2516973912715912,0.7004048824310303,0.208232119679451
YJR119C,YOR338W,0,0.21531348,0.25157538056373596,0.7004048824310303,0.20836706459522247
YKL013C,YPR135W,0,0.21521422,0.2514534890651703,0.7004048824310303,0.20850202441215515
YML051W,YNL297C,0,0.21493691,0.25133171677589417,0.7004048824310303,0.20863698422908783
YDR075W,YPL137C,1,0.21104953,0.25169408321380615,0.7017543911933899,0.20863698422908783
YMR227C,YDL078C,0,0.21090086,0.2515723407268524,0.7017543911933899,0.20877192914485931
YGR143W,YLR348C,0,0.21070734,0.25145068764686584,0.7017543911933899,0.208906888961792
YBR202W,YKL175W,0,0.21043438,0.2513291537761688,0.7017543911933899,0.20904183387756348
YOR212W,YJL085W,0,0.20972872,0.25120773911476135,0.7017543911933899,0.20917679369449615
YFR021W,YDL215C,0,0.209324,0.25108644366264343,0.7017543911933899,0.20931173861026764
YOR208W,YNR032W,1,0.20851026,0.2514478862285614,0.7031038999557495,0.20931173861026764
YDL035C,YNL239W,0,0.20749319,0.2513265907764435,0.7031038999557495,0.20944669842720032
YDR353W,YGR155W,0,0.20582785,0.2512054145336151,0.7031038999557495,0.2095816433429718
YGR123C,YER133W,1,0.20531157,0.2515662610530853,0.7044534683227539,0.2095816433429718
YPL276W,YMR020W,0,0.20400995,0.25144508481025696,0.7044534683227539,0.20971660315990448
YNL153C,YBR059C,0,0.20252842,0.25132402777671814,0.7044534683227539,0.20985154807567596
YMR203W,YMR180C,0,0.20210257,0.25120308995246887,0.7044534683227539,0.20998650789260864
YML073C,YLR145W,0,0.20169549,0.25108224153518677,0.7044534683227539,0.21012145280838013
YDR072C,YKL205W,0,0.20145887,0.2509615421295166,0.7044534683227539,0.2102564126253128
YMR315W,YGR010W,0,0.20124674,0.2508409321308136,0.7044534683227539,0.2103913575410843
YPR073C,YPL137C,1,0.20106944,0.25120076537132263,0.7058029770851135,0.2103913575410843
YAR027W,YML006C,0,0.20022869,0.251080185174942,0.7058029770851135,0.21052631735801697
YDR530C,YCR087C-A,0,0.19915453,0.25095969438552856,0.7058029770851135,0.21066126227378845
YBR045C,YAL031C,1,0.19846319,0.25131893157958984,0.7071524858474731,0.21066126227378845
YPL259C,YNL219C,0,0.19792756,0.2511984705924988,0.7071524858474731,0.21079622209072113
YGR246C,YLR164W,0,0.1978881,0.2510780990123749,0.7071524858474731,0.21093116700649261
YOR323C,YGL062W,0,0.19778179,0.2509578466415405,0.7071524858474731,0.2110661268234253
YDL028C,YOR089C,0,0.19664378,0.2508377134799957,0.7071524858474731,0.21120108664035797
YGR105W,YAL039C,0,0.19649042,0.2507176995277405,0.7071524858474731,0.21133603155612946
YKR054C,YMR020W,0,0.19642407,0.2505978047847748,0.7071524858474731,0.21147099137306213
YIL113W,YAL031C,1,0.19577333,0.2509560286998749,0.7085019946098328,0.21147099137306213
YMR019W,YKL095W,0,0.19501624,0.2508361339569092,0.7085019946098328,0.21160593628883362
YKL217W,YGR027C,0,0.19500552,0.25071632862091064,0.7085019946098328,0.2117408961057663
YCL018W,YJR006W,0,0.19270533,0.25059667229652405,0.7085019946098328,0.21187584102153778
YDR449C,YJR034W,0,0.19240898,0.2504771053791046,0.7085019946098328,0.21201080083847046
YDR351W,YER050C,0,0.19176365,0.25035765767097473,0.7085019946098328,0.21214574575424194
YFR028C,YPR073C,1,0.19113311,0.2507149577140808,0.7098515629768372,0.21214574575424194
YOR148C,YPR200C,0,0.19045928,0.2505955100059509,0.7098515629768372,0.21228070557117462
YMR112C,YHR066W,0,0.19000338,0.2504761815071106,0.7098515629768372,0.2124156504869461
YDR383C,YDR207C,0,0.18910566,0.2503569722175598,0.7098515629768372,0.21255061030387878
YJL172W,YBR080C,0,0.18867216,0.2502378821372986,0.7098515629768372,0.21268555521965027
YNL044W,YDR109C,0,0.18807946,0.2501188814640045,0.7098515629768372,0.21282051503658295
YPR200C,YGR034W,0,0.18744765,0.25,0.7098515629768372,0.21295545995235443
YMR020W,YPR163C,0,0.18718612,0.24988123774528503,0.7098515629768372,0.2130904197692871
YOR212W,YLR088W,0,0.18657853,0.24976257979869843,0.7098515629768372,0.2132253646850586
YGR123C,YBR045C,1,0.18643834,0.2501186430454254,0.7112010717391968,0.2132253646850586
YOL057W,YML112W,0,0.18596792,0.25,0.7112010717391968,0.21336032450199127
YGR251W,YIL080W,0,0.18254834,0.24988146126270294,0.7112010717391968,0.21349526941776276
YDR173C,YKR044W,0,0.18227594,0.24976302683353424,0.7112010717391968,0.21363022923469543
YDR263C,YLR429W,0,0.18174776,0.2496447116136551,0.7112010717391968,0.2137651890516281
YDL059C,YOL040C,0,0.18097816,0.2495265156030655,0.7112010717391968,0.2139001339673996
YDR075W,YER089C,1,0.1794137,0.24988168478012085,0.7125505805015564,0.2139001339673996
YER089C,YIR026C,1,0.17914176,0.25023651123046875,0.7139001488685608,0.2139001339673996
YKL205W,YKL001C,0,0.1776052,0.2501181960105896,0.7139001488685608,0.21403509378433228
YLR203C,YLL008W,0,0.17594506,0.25,0.7139001488685608,0.21417003870010376
YDR167W,YMR136W,0,0.1748381,0.24988190829753876,0.7139001488685608,0.21430499851703644
YGR144W,YNR002C,0,0.17345384,0.24976392090320587,0.7139001488685608,0.21443994343280792
YER101C,YGR036C,0,0.17315114,0.24964605271816254,0.7139001488685608,0.2145749032497406
YGR072W,YJR063W,0,0.17263208,0.24952830374240875,0.7139001488685608,0.21470984816551208
YDR527W,YOR089C,0,0.1712251,0.24941065907478333,0.7139001488685608,0.21484480798244476
YFR031C,YNR010W,0,0.17119436,0.24929311871528625,0.7139001488685608,0.21497975289821625
YLR129W,YDR415C,0,0.17066815,0.24917569756507874,0.7139001488685608,0.21511471271514893
YOR074C,YCR011C,0,0.17034549,0.24905838072299957,0.7139001488685608,0.2152496576309204
YLR209C,YJL206C,0,0.1698334,0.24894118309020996,0.7139001488685608,0.2153846174478531
YKR101W,YDR508C,0,0.16911185,0.2488240897655487,0.7139001488685608,0.21551956236362457
YDL230W,YLR361C,1,0.16871975,0.2491772472858429,0.7152496576309204,0.21551956236362457
YKL103C,YKR028W,0,0.16843332,0.24906015396118164,0.7152496576309204,0.21565452218055725
YKL090W,YGL190C,0,0.168246,0.24894316494464874,0.7152496576309204,0.21578946709632874
YJR055W,YMR273C,0,0.16799366,0.2488262951374054,0.7152496576309204,0.2159244269132614
YHR164C,YDR109C,0,0.16688043,0.2487095296382904,0.7152496576309204,0.2160593718290329
YBR170C,YBL098W,0,0.16660385,0.24859286844730377,0.7152496576309204,0.21619433164596558
YHR029C,YOR209C,0,0.16559201,0.2484763264656067,0.7152496576309204,0.21632929146289825
YIL061C,YDR310C,0,0.16523409,0.24835988879203796,0.7152496576309204,0.21646423637866974
YGL019W,YLR145W,0,0.16334856,0.2482435554265976,0.7152496576309204,0.21659919619560242
YNR006W,YKL144C,0,0.16262284,0.24812734127044678,0.7152496576309204,0.2167341411113739
YFR031C,YPR160W,0,0.16166702,0.24801123142242432,0.7152496576309204,0.21686910092830658
YNL085W,YGL062W,0,0.16152981,0.2478952258825302,0.7152496576309204,0.21700404584407806
YMR115W,YDL040C,0,0.16152912,0.24777933955192566,0.7152496576309204,0.21713900566101074
YHR119W,YOR089C,0,0.16143233,0.24766355752944946,0.7152496576309204,0.21727395057678223
YAL060W,YIL048W,0,0.16075265,0.24754787981510162,0.7152496576309204,0.2174089103937149
YGR052W,YBL052C,0,0.1599642,0.24743230640888214,0.7152496576309204,0.2175438553094864
YDR229W,YBL034C,0,0.1598308,0.2473168522119522,0.7152496576309204,0.21767881512641907
YML071C,YOR180C,0,0.15936998,0.24720148742198944,0.7152496576309204,0.21781376004219055
YBR125C,YPL137C,1,0.15882476,0.24755245447158813,0.71659916639328,0.21781376004219055
YCR079W,YNR032W,1,0.15860616,0.24790307879447937,0.7179487347602844,0.21781376004219055
YDR059C,YJR036C,0,0.15828973,0.24778760969638824,0.7179487347602844,0.21794871985912323
YJL103C,YDR497C,0,0.15746161,0.24767225980758667,0.7179487347602844,0.21808366477489471
YLR107W,YFR031C,0,0.15699211,0.24755699932575226,0.7179487347602844,0.2182186245918274
YNL281W,YNL092W,0,0.15676814,0.2474418580532074,0.7179487347602844,0.21835356950759888
YBR278W,YBR052C,0,0.15669978,0.2473268210887909,0.7179487347602844,0.21848852932453156
YDR137W,YPL208W,0,0.1522241,0.24721190333366394,0.7179487347602844,0.21862348914146423
YNL314W,YOR274W,0,0.15100455,0.24709707498550415,0.7179487347602844,0.21875843405723572
YIL061C,YLR268W,0,0.15011951,0.2469823658466339,0.7179487347602844,0.2188933938741684
YBR278W,YPR111W,0,0.15006424,0.24686774611473083,0.7179487347602844,0.21902833878993988
YEL053C,YMR272C,0,0.14919698,0.2467532455921173,0.7179487347602844,0.21916329860687256
YPL151C,YPL099C,0,0.14910537,0.24663884937763214,0.7179487347602844,0.21929824352264404
YOR148C,YLL027W,0,0.1485095,0.24652455747127533,0.7179487347602844,0.21943320333957672
YPR002W,YKL189W,0,0.14815046,0.24641036987304688,0.7179487347602844,0.2195681482553482
YJR092W,YIL140W,0,0.14788541,0.24629630148410797,0.7179487347602844,0.21970310807228088
YMR115W,YER137C,0,0.14717421,0.24618232250213623,0.7179487347602844,0.21983805298805237
YOR388C,YBR230C,0,0.14614676,0.24606844782829285,0.7179487347602844,0.21997301280498505
YBR276C,YOR090C,1,0.14476392,0.24641701579093933,0.719298243522644,0.21997301280498505
YJR149W,YBR074W,0,0.14475568,0.24630314111709595,0.719298243522644,0.22010795772075653
YHL012W,YKR102W,0,0.14425069,0.24618937075138092,0.719298243522644,0.2202429175376892
YDL170W,YBR061C,0,0.14378446,0.24607571959495544,0.719298243522644,0.2203778624534607
YLL017W,YER104W,0,0.14359076,0.24596215784549713,0.719298243522644,0.22051282227039337
YDR131C,YLR353W,0,0.14136328,0.24584871530532837,0.719298243522644,0.22064776718616486
YGR199W,YIL080W,0,0.14130205,0.24573536217212677,0.719298243522644,0.22078272700309753
YDR429C,YKL203C,0,0.13958046,0.24562211334705353,0.719298243522644,0.22091767191886902
YIL142W,YJL004C,0,0.1395777,0.24550898373126984,0.719298243522644,0.2210526317358017
YPR191W,YNL230C,0,0.13860795,0.2453959435224533,0.719298243522644,0.22118759155273438
YGR144W,YML097C,0,0.13851404,0.24528302252292633,0.719298243522644,0.22132253646850586
YLR024C,YGL004C,0,0.1363354,0.24517019093036652,0.719298243522644,0.22145749628543854
YGR095C,YNL258C,0,0.13567333,0.24505747854709625,0.719298243522644,0.22159244120121002
YNL304W,YPL093W,0,0.13556173,0.24494485557079315,0.719298243522644,0.2217274010181427
YKL119C,YBR145W,0,0.13542074,0.2448323369026184,0.719298243522644,0.22186234593391418
YJL029C,YIL140W,0,0.13532929,0.24471992254257202,0.719298243522644,0.22199730575084686
YDL246C,YMR269W,0,0.1349061,0.244607612490654,0.719298243522644,0.22213225066661835
YMR077C,YDR403W,0,0.13372952,0.24449540674686432,0.719298243522644,0.22226721048355103
YBR125C,YBR061C,0,0.13351169,0.244383305311203,0.719298243522644,0.2224021553993225
YOL101C,YDR508C,0,0.13311133,0.24427130818367004,0.719298243522644,0.2225371152162552
YML032C,YBR066C,0,0.13269204,0.24415941536426544,0.719298243522644,0.22267206013202667
YGR246C,YKL175W,0,0.13265456,0.244047611951828,0.719298243522644,0.22280701994895935
YPR011C,YHR085W,0,0.13118792,0.24393592774868011,0.719298243522644,0.22294196486473083
YJL144W,YJL082W,0,0.13082868,0.2438243329524994,0.719298243522644,0.2230769246816635
YOR014W,YAL031C,1,0.13039535,0.24417009949684143,0.7206477522850037,0.2230769246816635
YPL223C,YOL124C,0,0.12999308,0.2440585047006607,0.7206477522850037,0.223211869597435
YGL026C,YML071C,0,0.12989786,0.24394701421260834,0.7206477522850037,0.22334682941436768
YPL151C,YER104W,0,0.12966388,0.24383561313152313,0.7206477522850037,0.22348177433013916
YJR026W,YPR127W,0,0.12861717,0.24372433125972748,0.7206477522850037,0.22361673414707184
YDL055C,YNL298W,0,0.12792075,0.243613138794899,0.7206477522850037,0.22375169396400452
YNL283C,YBL085W,0,0.12783161,0.24350205063819885,0.7206477522850037,0.223886638879776
YOL066C,YOR299W,0,0.12767255,0.24339106678962708,0.7206477522850037,0.22402159869670868
YBR080C,YPL188W,0,0.12715618,0.24328018724918365,0.7206477522850037,0.22415654361248016
YIL159W,YPL065W,0,0.12648754,0.2431693971157074,0.7206477522850037,0.22429150342941284
YER154W,YNR035C,0,0.12617838,0.2430587112903595,0.7206477522850037,0.22442644834518433
YEL069C,YBR281C,0,0.1244595,0.24294812977313995,0.7206477522850037,0.224561408162117
YLR295C,YDL047W,0,0.12437983,0.24283765256404877,0.7206477522850037,0.2246963530778885
YMR146C,YHR008C,0,0.12416534,0.24272727966308594,0.7206477522850037,0.22483131289482117
YGR288W,YIL108W,0,0.12347241,0.24261699616909027,0.7206477522850037,0.22496625781059265
YOL165C,YPR083W,0,0.12256654,0.24250681698322296,0.7206477522850037,0.22510121762752533
YJL060W,YJR032W,0,0.121801734,0.24239672720432281,0.7206477522850037,0.22523616254329681
YOL129W,YIL076W,0,0.12111673,0.24228675663471222,0.7206477522850037,0.2253711223602295
YIL108W,YOR232W,0,0.1209609,0.2421768754720688,0.7206477522850037,0.22550606727600098
YMR097C,YKL061W,0,0.119773,0.24206708371639252,0.7206477522850037,0.22564102709293365
YGL162W,YDR159W,0,0.11965576,0.2419574111700058,0.7206477522850037,0.22577597200870514
YNR015W,YJL213W,0,0.11843253,0.24184782803058624,0.7206477522850037,0.22591093182563782
YBL076C,YNL026W,0,0.11766076,0.24173834919929504,0.7206477522850037,0.2260458767414093
YHR132C,YBR177C,0,0.11721664,0.241628959774971,0.7206477522850037,0.22618083655834198
YOR243C,YGR020C,0,0.11547598,0.24151967465877533,0.7206477522850037,0.22631579637527466
YNL267W,YIL046W,0,0.11502738,0.241410493850708,0.7206477522850037,0.22645074129104614
YNR013C,YLL043W,0,0.11473903,0.24130140244960785,0.7206477522850037,0.22658570110797882
YOR275C,YNL258C,0,0.11456598,0.24119241535663605,0.7206477522850037,0.2267206460237503
YOL111C,YBR173C,0,0.11448233,0.2410835176706314,0.7206477522850037,0.22685560584068298
YLR165C,YDL059C,0,0.114425145,0.24097472429275513,0.7206477522850037,0.22699055075645447
YOL093W,YOR085W,0,0.11379257,0.2408660352230072,0.7206477522850037,0.22712551057338715
YIR011C,YPR091C,0,0.11363304,0.24075743556022644,0.7206477522850037,0.22726045548915863
YER098W,YPR160W,0,0.1133894,0.24064894020557404,0.7206477522850037,0.2273954153060913
YMR277W,YER133W,1,0.11298156,0.2409909963607788,0.7219973206520081,0.2273954153060913
YBR037C,YIL042C,0,0.11161888,0.2408824861049652,0.7219973206520081,0.2275303602218628
YNL147W,YBR287W,0,0.110988885,0.24077408015727997,0.7219973206520081,0.22766532003879547
YLR203C,YPR127W,0,0.11086742,0.2406657636165619,0.7219973206520081,0.22780026495456696
YGR171C,YNL016W,0,0.10892151,0.24055755138397217,0.7219973206520081,0.22793522477149963
YOR071C,YGR268C,0,0.10873259,0.2404494434595108,0.7219973206520081,0.22807016968727112
YGR089W,YAL031C,0,0.10865314,0.2403414249420166,0.7219973206520081,0.2282051295042038
YNL032W,YBL046W,1,0.10823863,0.24068252742290497,0.7233468294143677,0.2282051295042038
YLR080W,YDR222W,0,0.10791782,0.24057450890541077,0.7233468294143677,0.22834007441997528
YBR183W,YJR130C,0,0.1070038,0.24046657979488373,0.7233468294143677,0.22847503423690796
YCR014C,YGL236C,0,0.10449757,0.24035874009132385,0.7233468294143677,0.22860997915267944
YMR036C,YPR073C,1,0.1039512,0.24069923162460327,0.7246963381767273,0.22860997915267944
YGR010W,YNR035C,0,0.10395,0.2405913919210434,0.7246963381767273,0.22874493896961212
YPR011C,YLR330W,0,0.10344702,0.24048365652561188,0.7246963381767273,0.2288798987865448
YLR203C,YHR209W,0,0.10334149,0.24037601053714752,0.7246963381767273,0.22901484370231628
YMR182C,YOR251C,0,0.10200371,0.24026845395565033,0.7246963381767273,0.22914980351924896
YPL139C,YCL008C,0,0.10086559,0.2401610016822815,0.7246963381767273,0.22928474843502045
YJR051W,YLR005W,0,0.10072106,0.24005363881587982,0.7246963381767273,0.22941970825195312
YBR276C,YOL062C,0,0.10051221,0.2399463802576065,0.7246963381767273,0.2295546531677246
YBR276C,YOR327C,0,0.0992938,0.23983921110630035,0.7246963381767273,0.2296896129846573
YJL011C,YDL045C,0,0.09862165,0.23973214626312256,0.7246963381767273,0.22982455790042877
YOL062C,YKR044W,0,0.09750809,0.23962517082691193,0.7246963381767273,0.22995951771736145
YBR118W,YER002W,0,0.09697333,0.23951828479766846,0.7246963381767273,0.23009446263313293
YBL046W,YBR045C,1,0.0966803,0.23985733091831207,0.7260459065437317,0.23009446263313293
YGL170C,YLL055W,0,0.09618404,0.2397504448890686,0.7260459065437317,0.2302294224500656
YJL128C,YOR353C,0,0.09573817,0.2396436482667923,0.7260459065437317,0.2303643673658371
YMR186W,YIL177C,0,0.09432691,0.23953695595264435,0.7260459065437317,0.23049932718276978
YGL158W,YOL111C,0,0.09363568,0.23943035304546356,0.7260459065437317,0.23063427209854126
YBR045C,YPR073C,1,0.09361379,0.23976868391036987,0.7273954153060913,0.23063427209854126
YPL276W,YDL022W,0,0.093429625,0.2396620661020279,0.7273954153060913,0.23076923191547394
YDR498C,YMR246W,0,0.09322812,0.23955555260181427,0.7273954153060913,0.23090417683124542
YDR378C,YOR275C,0,0.09284897,0.2394491285085678,0.7273954153060913,0.2310391366481781
YMR013C,YOR327C,0,0.09211323,0.2393428087234497,0.7273954153060913,0.23117409646511078
YLL002W,YDR059C,0,0.092002675,0.23923657834529877,0.7273954153060913,0.23130904138088226
YDL036C,YGL220W,0,0.091906816,0.239130437374115,0.7273954153060913,0.23144400119781494
YDR067C,YMR227C,0,0.09132746,0.23902438580989838,0.7273954153060913,0.23157894611358643
YPR002W,YER145C,0,0.091230065,0.23891843855381012,0.7273954153060913,0.2317139059305191
YDR262W,YJL082W,0,0.0907905,0.23881258070468903,0.7273954153060913,0.2318488508462906
YGR177C,YPL099C,0,0.09039146,0.2387068271636963,0.7273954153060913,0.23198381066322327
YKR101W,YBR222C,0,0.08937615,0.23860114812850952,0.7273954153060913,0.23211875557899475
YNL283C,YDR353W,0,0.089131564,0.2384955734014511,0.7273954153060913,0.23225371539592743
YDR172W,YBR095C,0,0.089006945,0.23839008808135986,0.7273954153060913,0.2323886603116989
YLR191W,YKL013C,0,0.08894776,0.23828470706939697,0.7273954153060913,0.2325236201286316
YGL071W,YOR351C,0,0.08805913,0.23817940056324005,0.7273954153060913,0.23265856504440308
YLR191W,YLR163C,0,0.08742562,0.2380741983652115,0.7273954153060913,0.23279352486133575
YNL128W,YPR073C,1,0.087368585,0.2384105920791626,0.7287449240684509,0.23279352486133575
YDR172W,YMR143W,0,0.08712874,0.23830538988113403,0.7287449240684509,0.23292846977710724
YCL032W,YDR364C,0,0.08711341,0.23820026218891144,0.7287449240684509,0.23306342959403992
YJL034W,YKL064W,0,0.08697176,0.2380952388048172,0.7287449240684509,0.2331983745098114
YMR005W,YKL174C,0,0.086702116,0.23799030482769012,0.7287449240684509,0.23333333432674408
YBR202W,YJR036C,0,0.0865116,0.2378854602575302,0.7287449240684509,0.23346827924251556
YBR020W,YKR066C,0,0.08635315,0.23778071999549866,0.7287449240684509,0.23360323905944824
YBR222C,YGL004C,0,0.08627918,0.23767605423927307,0.7287449240684509,0.23373819887638092
YGR177C,YDR494W,0,0.08574204,0.23757149279117584,0.7287449240684509,0.2338731437921524
YBR261C,YLR025W,0,0.085737795,0.23746702075004578,0.7287449240684509,0.23400810360908508
YBR271W,YML030W,0,0.08567624,0.23736263811588287,0.7287449240684509,0.23414304852485657
YPL147W,YOR219C,0,0.084556445,0.23725834488868713,0.7287449240684509,0.23427800834178925
YNL032W,YGR123C,1,0.084519744,0.23759332299232483,0.7300944924354553,0.23427800834178925
YGR143W,YIL047C,0,0.08341546,0.2374890297651291,0.7300944924354553,0.23441295325756073
YER022W,YGL220W,0,0.08166192,0.23738481104373932,0.7300944924354553,0.2345479130744934
YKL206C,YIR039C,0,0.08113085,0.2372806966304779,0.7300944924354553,0.2346828579902649
YGR084C,YER145C,0,0.08103975,0.23717667162418365,0.7300944924354553,0.23481781780719757
YLL004W,YBR282W,0,0.080553606,0.23707273602485657,0.7300944924354553,0.23495276272296906
YGR251W,YBR278W,0,0.08019619,0.23696890473365784,0.7300944924354553,0.23508772253990173
YGL236C,YLR219W,0,0.07978168,0.23686514794826508,0.7300944924354553,0.23522266745567322
YLR157C,YBR115C,0,0.07911303,0.23676148056983948,0.7300944924354553,0.2353576272726059
YGL172W,YDR423C,0,0.07703142,0.23665791749954224,0.7300944924354553,0.23549257218837738
YDL036C,YCL004W,0,0.07677891,0.23655444383621216,0.7300944924354553,0.23562753200531006
YJL172W,YNL302C,0,0.07583319,0.23645104467868805,0.7300944924354553,0.23576247692108154
YLR386W,YLL055W,0,0.07525334,0.2363477498292923,0.7300944924354553,0.23589743673801422
YDR205W,YAL017W,0,0.074725226,0.2362445443868637,0.7300944924354553,0.2360323816537857
YPR190C,YGL216W,0,0.07446599,0.23614142835140228,0.7300944924354553,0.23616734147071838
YPR200C,YDR449C,0,0.074338675,0.23603840172290802,0.7300944924354553,0.23630230128765106
YPR200C,YDR262W,0,0.07419631,0.23593544960021973,0.7300944924354553,0.23643724620342255
YOR275C,YDL047W,0,0.07320775,0.2358326017856598,0.7300944924354553,0.23657220602035522
YDR423C,YIL046W,0,0.073098846,0.23572984337806702,0.7300944924354553,0.2367071509361267
YBR275C,YPL065W,0,0.07225843,0.2356271743774414,0.7300944924354553,0.2368421107530594
YDR172W,YOR187W,0,0.07192147,0.23552459478378296,0.7300944924354553,0.23697705566883087
YAL016W,YIL113W,1,0.07134622,0.2358572632074356,0.7314440011978149,0.23697705566883087
YBR066C,YNL259C,0,0.07131143,0.23575466871261597,0.7314440011978149,0.23711201548576355
YIL002C,YBL058W,0,0.07088293,0.23565217852592468,0.7314440011978149,0.23724696040153503
YMR180C,YPL078C,0,0.07031856,0.23554976284503937,0.7314440011978149,0.2373819202184677
YAL016W,YNL084C,0,0.070001155,0.23544743657112122,0.7314440011978149,0.2375168651342392
YER171W,YPR006C,0,0.069759056,0.23534519970417023,0.7314440011978149,0.23765182495117188
YJL081C,YJL171C,0,0.06975746,0.2352430522441864,0.7314440011978149,0.23778676986694336
YDR090C,YMR203W,0,0.06914455,0.23514099419116974,0.7314440011978149,0.23792172968387604
YOL129W,YOR099W,0,0.06578276,0.23503902554512024,0.7314440011978149,0.23805667459964752
YOR243C,YIL021W,0,0.06539473,0.2349371463060379,0.7314440011978149,0.2381916344165802
YLR033W,YIL076W,0,0.065380126,0.23483535647392273,0.7314440011978149,0.23832657933235168
YHR214C-B,YMR033W,0,0.06489918,0.23473365604877472,0.7314440011978149,0.23846153914928436
YOR232W,YFL023W,0,0.06439552,0.23463203012943268,0.7314440011978149,0.23859648406505585
YMR039C,YIL047C,0,0.06393418,0.234530508518219,0.7314440011978149,0.23873144388198853
YBR020W,YDL022W,0,0.06354361,0.23442906141281128,0.7314440011978149,0.2388664036989212
YIL002C,YOR283W,0,0.063412406,0.23432771861553192,0.7314440011978149,0.2390013486146927
YER101C,YLR141W,0,0.062500924,0.23422645032405853,0.7314440011978149,0.23913630843162537
YDL246C,YLR103C,0,0.061917275,0.2341252714395523,0.7314440011978149,0.23927125334739685
YMR296C,YHL027W,0,0.061745092,0.23402418196201324,0.7314440011978149,0.23940621316432953
YKL074C,YDR195W,0,0.060867637,0.23392318189144135,0.7314440011978149,0.239541158080101
YEL031W,YER115C,0,0.060322367,0.23382225632667542,0.7314440011978149,0.2396761178970337
YER075C,YBR276C,1,0.059845194,0.2341526448726654,0.7327935099601746,0.2396761178970337
YBR183W,YDL216C,0,0.059332125,0.23405171930789948,0.7327935099601746,0.23981106281280518
YER103W,YMR034C,0,0.05841898,0.2339508831501007,0.7327935099601746,0.23994602262973785
YJL124C,YDR081C,0,0.058130085,0.2338501363992691,0.7327935099601746,0.24008096754550934
YMR093W,YDR337W,0,0.057614833,0.23374946415424347,0.7327935099601746,0.24021592736244202
YNL127W,YNL163C,0,0.057137433,0.233648881316185,0.7327935099601746,0.2403508722782135
YDR245W,YMR228W,0,0.057035133,0.2335483878850937,0.7327935099601746,0.24048583209514618
YOR287C,YGR167W,0,0.056724504,0.23344798386096954,0.7327935099601746,0.24062077701091766
YDR492W,YIL170W,0,0.056273058,0.23334765434265137,0.7327935099601746,0.24075573682785034
YDR174W,YPL113C,0,0.05597791,0.23324742913246155,0.7327935099601746,0.24089068174362183
YPL002C,YGR118W,0,0.055920303,0.2331472784280777,0.7327935099601746,0.2410256415605545
YJL081C,YBR173C,0,0.05568806,0.233047217130661,0.7327935099601746,0.241160586476326
YLR165C,YLR026C,0,0.054282755,0.2329472303390503,0.7327935099601746,0.24129554629325867
YAL016W,YBL056W,1,0.05370219,0.2332761585712433,0.734143078327179,0.24129554629325867
YMR137C,YGL004C,0,0.052880347,0.23317617177963257,0.734143078327179,0.24143050611019135
YDR144C,YNL092W,0,0.052724272,0.23307625949382782,0.734143078327179,0.24156545102596283
YDR026C,YLR270W,0,0.052716374,0.23297645151615143,0.734143078327179,0.2417004108428955
YMR137C,YNL080C,0,0.052272007,0.232876718044281,0.734143078327179,0.241835355758667
YGR251W,YMR284W,0,0.052056503,0.23277705907821655,0.734143078327179,0.24197031557559967
YER054C,YBR125C,1,0.051674888,0.23310521245002747,0.7354925870895386,0.24197031557559967
YHR012W,YDL078C,0,0.050542884,0.233005553483963,0.7354925870895386,0.24210526049137115
YDR419W,YDR211W,0,0.0497223,0.23290598392486572,0.7354925870895386,0.24224022030830383
YHR002W,YFR021W,0,0.049623363,0.2328064888715744,0.7354925870895386,0.24237516522407532
YNL271C,YPL134C,0,0.049413085,0.23270708322525024,0.7354925870895386,0.242510125041008
YJL114W,YMR229C,0,0.04851094,0.23260776698589325,0.7354925870895386,0.24264506995677948
YPL276W,YMR193W,0,0.048319504,0.23250852525234222,0.7354925870895386,0.24278002977371216
YOR168W,YBR120C,0,0.04759585,0.23240938782691956,0.7354925870895386,0.24291497468948364
YIL128W,YGL180W,0,0.047065467,0.23231031000614166,0.7354925870895386,0.24304993450641632
YGR085C,YLR187W,0,0.04676424,0.23221133649349213,0.7354925870895386,0.2431848794221878
YLL034C,YIL006W,0,0.046550572,0.23211243748664856,0.7354925870895386,0.24331983923912048
YGL256W,YAL029C,0,0.045975678,0.23201362788677216,0.7354925870895386,0.24345478415489197
YBR080C,YKL144C,0,0.04477094,0.23191489279270172,0.7354925870895386,0.24358974397182465
YBR145W,YLR350W,0,0.04368183,0.23181624710559845,0.7354925870895386,0.24372470378875732
YMR046C,YER190W,0,0.043023363,0.23171769082546234,0.7354925870895386,0.2438596487045288
YGL209W,YBR223C,0,0.042990983,0.2316192090511322,0.7354925870895386,0.2439946085214615
YPL078C,YKR102W,0,0.042455614,0.23152081668376923,0.7354925870895386,0.24412955343723297
YDR082W,YBR177C,0,0.041497674,0.23142249882221222,0.7354925870895386,0.24426451325416565
YGR258C,YNR035C,0,0.040762708,0.23132428526878357,0.7354925870895386,0.24439945816993713
YDR371W,YJL079C,0,0.03971848,0.2312261313199997,0.7354925870895386,0.2445344179868698
YNL032W,YGL256W,0,0.039688393,0.23112808167934418,0.7354925870895386,0.2446693629026413
YNR044W,YHR109W,0,0.038813382,0.23103009164333344,0.7354925870895386,0.24480432271957397
YLR401C,YJL192C,0,0.038559794,0.23093220591545105,0.7354925870895386,0.24493926763534546
YBR223C,YCR052W,0,0.03847429,0.23083439469337463,0.7354925870895386,0.24507422745227814
YHR211W,YPR125W,0,0.03789398,0.2307366579771042,0.7354925870895386,0.24520917236804962
YOL070C,YJR040W,0,0.037690543,0.2306390255689621,0.7354925870895386,0.2453441321849823
YGL172W,YOR311C,0,0.03736937,0.23054145276546478,0.7354925870895386,0.24547907710075378
YER054C,YDL188C,1,0.037018374,0.23086680471897125,0.7368420958518982,0.24547907710075378
YAL054C,YBL028C,0,0.03681785,0.23076923191547394,0.7368420958518982,0.24561403691768646
YER054C,YNL128W,1,0.03681247,0.23109421133995056,0.7381916046142578,0.24561403691768646
YGL083W,YOR142W,0,0.036413655,0.23099662363529205,0.7381916046142578,0.24574898183345795
YDL188C,YAL031C,1,0.033407696,0.23132123053073883,0.7395411729812622,0.24574898183345795
YPL064C,YLR028C,0,0.032731876,0.23122362792491913,0.7395411729812622,0.24588394165039062
YOL155C,YGR229C,0,0.032219306,0.2311260998249054,0.7395411729812622,0.2460188865661621
YAL016W,YGR089W,0,0.03189668,0.23102866113185883,0.7395411729812622,0.2461538463830948
YCL008C,YNR002C,0,0.03171073,0.23093131184577942,0.7395411729812622,0.24628880620002747
YLR359W,YNL258C,0,0.031509653,0.23083403706550598,0.7395411729812622,0.24642375111579895
YNL281W,YDR159W,0,0.031412218,0.2307368367910385,0.7395411729812622,0.24655871093273163
YPL151C,YOR294W,0,0.030745849,0.2306397259235382,0.7395411729812622,0.2466936558485031
YGR123C,YNL053W,1,0.030565545,0.23096339404582977,0.7408906817436218,0.2466936558485031
YDL246C,YMR099C,0,0.030307852,0.23086626827716827,0.7408906817436218,0.2468286156654358
YLR383W,YNL335W,0,0.030055797,0.23076923191547394,0.7408906817436218,0.24696356058120728
YDR419W,YDR496C,0,0.028264478,0.23067227005958557,0.7408906817436218,0.24709852039813995
YKR054C,YJL053W,0,0.028108805,0.23057538270950317,0.7408906817436218,0.24723346531391144
YHR179W,YPL027W,0,0.02727668,0.23047858476638794,0.7408906817436218,0.24736842513084412
YKL190W,YGR084C,0,0.026884153,0.23038187623023987,0.7408906817436218,0.2475033700466156
YGR288W,YKL078W,0,0.026862636,0.23028524219989777,0.7408906817436218,0.24763832986354828
YKR054C,YJR032W,0,0.026388198,0.23018868267536163,0.7408906817436218,0.24777327477931976
YJL095W,YMR304W,0,0.026334234,0.23009219765663147,0.7408906817436218,0.24790823459625244
YBL052C,YHL027W,0,0.024302404,0.22999581694602966,0.7408906817436218,0.24804317951202393
YKL074C,YOR089C,0,0.023448884,0.22989949584007263,0.7408906817436218,0.2481781393289566
YLR425W,YMR173W,0,0.022721332,0.22980326414108276,0.7408906817436218,0.2483130842447281
YGL190C,YDL188C,1,0.022665262,0.2301255166530609,0.7422401905059814,0.2483130842447281
YGL162W,YDR423C,0,0.022122754,0.23002927005290985,0.7422401905059814,0.24844804406166077
YJL060W,YMR193W,0,0.021082088,0.22993311285972595,0.7422401905059814,0.24858298897743225
YNR072W,YDR470C,0,0.02055487,0.22983703017234802,0.7422401905059814,0.24871794879436493
YHR214C-B,YDR470C,0,0.020513728,0.22974102199077606,0.7422401905059814,0.2488529086112976
YER054C,YDL006W,1,0.020281032,0.23006263375282288,0.7435897588729858,0.2488529086112976
YNL117W,YDL039C,0,0.020161107,0.22996661067008972,0.7435897588729858,0.2489878535270691
YGR145W,YHR051W,0,0.019509137,0.22987067699432373,0.7435897588729858,0.24912281334400177
YNL084C,YDR389W,0,0.018935168,0.2297748178243637,0.7435897588729858,0.24925775825977325
YBL098W,YBR173C,0,0.018906504,0.22967903316020966,0.7435897588729858,0.24939271807670593
YNL297C,YLR197W,0,0.01853539,0.22958333790302277,0.7435897588729858,0.24952766299247742
YOL145C,YOR297C,0,0.017784923,0.22948771715164185,0.7435897588729858,0.2496626228094101
YDR371W,YLL033W,0,0.0173392,0.2293921709060669,0.7435897588729858,0.24979756772518158
YKR066C,YOL028C,0,0.015178151,0.2292967140674591,0.7435897588729858,0.24993252754211426
YLR183C,YLR429W,0,0.013923412,0.2292013317346573,0.7435897588729858,0.25006747245788574
YDR285W,YLR219W,0,0.013784967,0.22910602390766144,0.7435897588729858,0.2502024173736572
YKR071C,YBR037C,0,0.013703525,0.22901080548763275,0.7435897588729858,0.2503373920917511
YDR079W,YMR123W,0,0.013586044,0.22891566157341003,0.7435897588729858,0.2504723370075226
YER054C,YLR361C,1,0.012636799,0.22923588752746582,0.7449392676353455,0.2504723370075226
YGR144W,YMR097C,0,0.012234673,0.2291407287120819,0.7449392676353455,0.25060728192329407
YBR095C,YJL214W,0,0.011811763,0.22904564440250397,0.7449392676353455,0.25074222683906555
YBR177C,YDL024C,0,0.011453837,0.2289506494998932,0.7449392676353455,0.2508772015571594
YKL041W,YJL117W,0,0.010492042,0.22885571420192719,0.7449392676353455,0.2510121464729309
YDR137W,YFL001W,0,0.0096600205,0.22876088321208954,0.7449392676353455,0.2511470913887024
YKL201C,YER002W,0,0.009562567,0.22866611182689667,0.7449392676353455,0.25128206610679626
YOL010W,YJR028W,0,0.008777361,0.22857142984867096,0.7449392676353455,0.25141701102256775
YDR473C,YDR109C,0,0.008646309,0.22847682237625122,0.7449392676353455,0.25155195593833923
YDL215C,YGR258C,0,0.0083975345,0.22838228940963745,0.7449392676353455,0.2516869008541107
YJL066C,YBL011W,0,0.007949635,0.22828784584999084,0.7449392676353455,0.2518218755722046
YOL052C,YLR164W,0,0.0076442137,0.228193461894989,0.7449392676353455,0.2519568204879761
YLR447C,YDR067C,0,0.007529812,0.22809916734695435,0.7449392676353455,0.25209176540374756
YGR180C,YLR047C,0,0.007336989,0.22800496220588684,0.7449392676353455,0.25222671031951904
YPL259C,YBR093C,0,0.0068697035,0.2279108166694641,0.7449392676353455,0.2523616850376129
YDL054C,YIL094C,0,0.006731853,0.22781676054000854,0.7449392676353455,0.2524966299533844
YCL025C,YML052W,0,0.0062560737,0.22772277891635895,0.7449392676353455,0.2526315748691559
YDR306C,YMR078C,0,0.005794069,0.22762887179851532,0.7449392676353455,0.25276651978492737
YLR208W,YDR416W,0,0.005768463,0.22753503918647766,0.7449392676353455,0.25290149450302124
YNL010W,YOR230W,0,0.005625684,0.22744128108024597,0.7449392676353455,0.2530364394187927
YML051W,YIL042C,0,0.0044723134,0.22734761238098145,0.7449392676353455,0.2531713843345642
YPL252C,YFL013C,0,0.002292335,0.2272540181875229,0.7449392676353455,0.2533063292503357
YJL095W,YFL017W-A,0,0.00228104,0.2271604984998703,0.7449392676353455,0.25344130396842957
YOR084W,YDL208W,0,0.0020770505,0.22706705331802368,0.7449392676353455,0.25357624888420105
YPR111W,YDL059C,0,0.0019791722,0.22697368264198303,0.7449392676353455,0.25371119379997253
YOR301W,YOL026C,0,0.0012812316,0.22688040137290955,0.7449392676353455,0.2538461685180664
YGL183C,YGL174W,0,-0.0005080104,0.22678717970848083,0.7449392676353455,0.2539811134338379
YKR055W,YHR082C,0,-0.0023564454,0.2266940474510193,0.7449392676353455,0.2541160583496094
YFR029W,YDR496C,0,-0.0025160015,0.2266009896993637,0.7449392676353455,0.25425100326538086
YGR238C,YER130C,0,-0.002815269,0.2265080064535141,0.7449392676353455,0.25438597798347473
YHR041C,YOR382W,0,-0.0029139668,0.22641509771347046,0.7449392676353455,0.2545209228992462
YMR169C,YPL131W,0,-0.0033657849,0.2263222634792328,0.7449392676353455,0.2546558678150177
YLL002W,YJL171C,0,-0.0042424053,0.2262295037508011,0.7449392676353455,0.2547908127307892
YNL107W,YNL262W,0,-0.004689291,0.22613683342933655,0.7449392676353455,0.25492578744888306
YKR055W,YAL039C,0,-0.005019188,0.22604422271251678,0.7449392676353455,0.25506073236465454
YKR066C,YMR099C,0,-0.00554746,0.22595170140266418,0.7449392676353455,0.255195677280426
YJR006W,YLR291C,0,-0.006645266,0.22585923969745636,0.7449392676353455,0.2553306221961975
YPL151C,YJR149W,0,-0.0071118027,0.2257668673992157,0.7449392676353455,0.2554655969142914
YER098W,YKL082C,0,-0.0072755814,0.225674569606781,0.7449392676353455,0.25560054183006287
YDR207C,YJL149W,0,-0.007380113,0.22558234632015228,0.7449392676353455,0.25573548674583435
YEL012W,YMR296C,0,-0.0075600147,0.22549019753932953,0.7449392676353455,0.25587043166160583
YKL190W,YBR096W,0,-0.008880187,0.22539812326431274,0.7449392676353455,0.2560054063796997
YJR130C,YDL039C,0,-0.0095201135,0.22530612349510193,0.7449392676353455,0.2561403512954712
YJL192C,YPR163C,0,-0.010042727,0.22521419823169708,0.7449392676353455,0.2562752962112427
YJR138W,YGL163C,0,-0.01048319,0.2251223474740982,0.7449392676353455,0.25641027092933655
YJR138W,YMR173W,0,-0.0106566325,0.2250305712223053,0.7449392676353455,0.25654521584510803
YLR025W,YER115C,0,-0.010959923,0.22493886947631836,0.7449392676353455,0.2566801607608795
YPL213W,YER049W,0,-0.01127179,0.22484725713729858,0.7449392676353455,0.256815105676651
YDL170W,YLR073C,0,-0.011857413,0.22475570440292358,0.7449392676353455,0.2569500803947449
YGR169C,YJL082W,0,-0.012024596,0.22466422617435455,0.7449392676353455,0.25708502531051636
YER089C,YLR361C,1,-0.0127444565,0.22497965395450592,0.7462887763977051,0.25708502531051636
YNL283C,YCR046C,0,-0.013021648,0.2248881608247757,0.7462887763977051,0.25721997022628784
YJR151C,YKL161C,0,-0.013032079,0.22479674220085144,0.7462887763977051,0.2573549151420593
YGL186C,YKR002W,0,-0.0134416,0.22470539808273315,0.7462887763977051,0.2574898898601532
YCR093W,YDR457W,0,-0.013793737,0.22461412847042084,0.7462887763977051,0.2576248347759247
YGL209W,YNL273W,0,-0.013968386,0.2245229333639145,0.7462887763977051,0.25775977969169617
YIL046W,YPL273W,0,-0.014448717,0.2244318127632141,0.7462887763977051,0.25789472460746765
YDL197C,YNR067C,0,-0.014688844,0.2243407666683197,0.7462887763977051,0.2580296993255615
YDR498C,YDR416W,0,-0.015126087,0.22424979507923126,0.7462887763977051,0.258164644241333
YJL130C,YHR109W,0,-0.015349671,0.2241588979959488,0.7462887763977051,0.2582995891571045
YBR243C,YLR145W,0,-0.015966859,0.2240680754184723,0.7462887763977051,0.258434534072876
YBR125C,YBR276C,1,-0.016094256,0.22438234090805054,0.7476383447647095,0.258434534072876
YDR451C,YER090W,0,-0.01954846,0.22429150342941284,0.7476383447647095,0.25856950879096985
YKL171W,YNR002C,0,-0.019636914,0.22420072555541992,0.7476383447647095,0.25870445370674133
YOR239W,YGR271W,0,-0.020921081,0.22411003708839417,0.7476383447647095,0.2588393986225128
YLR165C,YLR113W,0,-0.022122866,0.22401940822601318,0.7476383447647095,0.2589743733406067
YDR454C,YEL040W,0,-0.02215395,0.22392885386943817,0.7476383447647095,0.2591093182563782
YLR404W,YBR170C,0,-0.022457436,0.22383838891983032,0.7476383447647095,0.25924426317214966
YGL190C,YFR003C,1,-0.023400927,0.2241518646478653,0.7489878535270691,0.25924426317214966
YOL158C,YIL076W,0,-0.024226777,0.22406136989593506,0.7489878535270691,0.25937920808792114
YML051W,YLR129W,0,-0.024319649,0.2239709496498108,0.7489878535270691,0.259514182806015
YBR150C,YML128C,0,-0.024369165,0.2238806039094925,0.7489878535270691,0.2596491277217865
YPR026W,YJR036C,0,-0.025563613,0.22379031777381897,0.7489878535270691,0.259784072637558
YNR017W,YLR219W,0,-0.027168393,0.2237001210451126,0.7489878535270691,0.25991901755332947
YDL217C,YLR183C,0,-0.027976155,0.22360999882221222,0.7489878535270691,0.26005399227142334
YGR123C,YDL236W,1,-0.0280343,0.22392266988754272,0.7503373622894287,0.26005399227142334
YOL043C,YOR038C,0,-0.028089888,0.22383253276348114,0.7503373622894287,0.2601889371871948
YBR271W,YOR020C,0,-0.029068328,0.22374245524406433,0.7503373622894287,0.2603238821029663
YDL107W,YDL045C,0,-0.029139727,0.2236524522304535,0.7503373622894287,0.2604588270187378
YDR030C,YLR183C,0,-0.029739816,0.22356252372264862,0.7503373622894287,0.26059380173683167
YBL046W,YDL230W,1,-0.030034237,0.22387459874153137,0.7516869306564331,0.26059380173683167
YGR081C,YDL054C,0,-0.030273471,0.2237846553325653,0.7516869306564331,0.26072874665260315
YCR030C,YDR351W,0,-0.030321322,0.2236947864294052,0.7516869306564331,0.26086369156837463
YDR090C,YDR167W,0,-0.030563597,0.2236049771308899,0.7516869306564331,0.2609986364841461
YDL121C,YER137C,0,-0.030603737,0.22351524233818054,0.7516869306564331,0.26113361120224
YMR193W,YER137C,0,-0.030720029,0.22342559695243835,0.7516869306564331,0.2612685561180115
YJR055W,YPL065W,0,-0.03072244,0.22333601117134094,0.7516869306564331,0.26140350103378296
YDL036C,YBR010W,0,-0.030724034,0.2232464998960495,0.7516869306564331,0.26153847575187683
YJL178C,YNR010W,0,-0.030748636,0.22315704822540283,0.7516869306564331,0.2616734206676483
YNL032W,YFR003C,1,-0.030913435,0.22346815466880798,0.7530364394187927,0.2616734206676483
YDR419W,YNL232W,0,-0.03155028,0.22337870299816132,0.7530364394187927,0.2618083655834198
YLL051C,YMR272C,0,-0.031883784,0.22328931093215942,0.7530364394187927,0.2619433104991913
YKL093W,YBR031W,0,-0.033635408,0.2231999933719635,0.7530364394187927,0.26207828521728516
YGL241W,YOR085W,0,-0.03402196,0.22311075031757355,0.7530364394187927,0.26221323013305664
YPL139C,YBR095C,0,-0.034060523,0.22302158176898956,0.7530364394187927,0.2623481750488281
YOR176W,YOL155C,0,-0.03607206,0.22293248772621155,0.7530364394187927,0.2624831199645996
YGL062W,YJR133W,0,-0.036589764,0.2228434532880783,0.7530364394187927,0.2626180946826935
YCL057W,YBR243C,0,-0.03698325,0.22275449335575104,0.7530364394187927,0.26275303959846497
YOL142W,YBL058W,0,-0.03773804,0.22266560792922974,0.7530364394187927,0.26288798451423645
YKR008W,YER104W,0,-0.038109526,0.2225767821073532,0.7530364394187927,0.26302292943000793
YHR047C,YOR085W,0,-0.03934139,0.22248804569244385,0.7530364394187927,0.2631579041481018
YBL085W,YJL085W,0,-0.039760247,0.22239936888217926,0.7530364394187927,0.2632928490638733
YLR452C,YCL008C,0,-0.03998342,0.22231075167655945,0.7530364394187927,0.2634277939796448
YCR002C,YIL048W,0,-0.040752575,0.2222222238779068,0.7530364394187927,0.26356273889541626
YFL014W,YOR142W,0,-0.040894657,0.22213375568389893,0.7530364394187927,0.26369771361351013
YPR024W,YOR237W,0,-0.04151222,0.22204536199569702,0.7530364394187927,0.2638326585292816
YDR174W,YLR130C,0,-0.041606486,0.2219570428133011,0.7530364394187927,0.2639676034450531
YEL012W,YMR099C,0,-0.04222986,0.22186878323554993,0.7530364394187927,0.264102578163147
YJL066C,YDR381C-A,0,-0.042858317,0.22178059816360474,0.7530364394187927,0.26423752307891846
YOR304C-A,YDR423C,0,-0.04289326,0.22169248759746552,0.7530364394187927,0.26437246799468994
YDR461W,YNL284C,0,-0.043218,0.22160445153713226,0.7530364394187927,0.2645074129104614
YOL145C,YLR219W,0,-0.043646425,0.2215164750814438,0.7530364394187927,0.2646423876285553
YDR170C,YBR141C,0,-0.04384035,0.22142857313156128,0.7530364394187927,0.2647773325443268
YBR278W,YGR032W,0,-0.04413888,0.22134073078632355,0.7530364394187927,0.26491227746009827
YFR031C,YPL129W,0,-0.044545103,0.22125297784805298,0.7530364394187927,0.26504722237586975
YMR020W,YPR091C,0,-0.04529444,0.22116528451442719,0.7530364394187927,0.2651821970939636
YMR136W,YJL213W,0,-0.04530696,0.22107765078544617,0.7530364394187927,0.2653171420097351
YDL021W,YJR031C,0,-0.045424145,0.22099009156227112,0.7530364394187927,0.2654520869255066
YOR291W,YDR351W,0,-0.04640335,0.22090260684490204,0.7530364394187927,0.2655870318412781
YDL083C,YHR057C,0,-0.04649848,0.22081519663333893,0.7530364394187927,0.26572200655937195
YBR278W,YJL006C,0,-0.0469942,0.2207278460264206,0.7530364394187927,0.26585695147514343
YHR061C,YCL025C,0,-0.047210947,0.22064056992530823,0.7530364394187927,0.2659918963909149
YDL188C,YCR079W,1,-0.047542185,0.22094862163066864,0.7543859481811523,0.2659918963909149
YBR081C,YIR038C,0,-0.048124924,0.2208613157272339,0.7543859481811523,0.2661268413066864
YGL026C,YPL188W,0,-0.048539042,0.2207740843296051,0.7543859481811523,0.2662618160247803
YOR054C,YLR251W,0,-0.0488604,0.2206869274377823,0.7543859481811523,0.26639676094055176
YMR250W,YDL225W,0,-0.048867047,0.22059984505176544,0.7543859481811523,0.26653170585632324
YKL090W,YHR214C-B,0,-0.049267072,0.22051282227039337,0.7543859481811523,0.2666666805744171
YLL029W,YCR012W,0,-0.05113265,0.22042587399482727,0.7543859481811523,0.2668016254901886
YNL073W,YCR014C,0,-0.05173266,0.22033898532390594,0.7543859481811523,0.2669365704059601
YNL302C,YMR099C,0,-0.05311665,0.2202521711587906,0.7543859481811523,0.26707151532173157
YOR279C,YFL023W,0,-0.054261893,0.22016541659832,0.7543859481811523,0.26720649003982544
YDR072C,YKR044W,0,-0.054380286,0.2200787365436554,0.7543859481811523,0.2673414349555969
YIL113W,YNR032W,1,-0.05438952,0.22038567066192627,0.7557355165481567,0.2673414349555969
YGR288W,YOL040C,0,-0.054930195,0.22029897570610046,0.7557355165481567,0.2674763798713684
YNL163C,YOL107W,0,-0.055312492,0.22021234035491943,0.7557355165481567,0.2676113247871399
YPL011C,YKL124W,0,-0.055574935,0.22012577950954437,0.7557355165481567,0.26774629950523376
YPL094C,YLL061W,0,-0.05639878,0.22003929316997528,0.7557355165481567,0.26788124442100525
YOL155C,YBR096W,0,-0.057030387,0.21995286643505096,0.7557355165481567,0.26801618933677673
YNL117W,YKL096W-A,0,-0.057331055,0.21986651420593262,0.7557355165481567,0.2681511342525482
YER175C,YJL117W,0,-0.057631925,0.21978022158145905,0.7557355165481567,0.2682861089706421
YPR072W,YCR026C,0,-0.058508962,0.21969400346279144,0.7557355165481567,0.2684210538864136
YNL298W,YCR002C,0,-0.058812633,0.21960784494876862,0.7557355165481567,0.26855599880218506
YJR149W,YPR083W,0,-0.06006269,0.21952176094055176,0.7557355165481567,0.26869094371795654
YPL188W,YPR133W-A,0,-0.060481414,0.21943573653697968,0.7557355165481567,0.2688259184360504
YAL016W,YER052C,0,-0.062378205,0.21934978663921356,0.7557355165481567,0.2689608633518219
YBR182C,YDR076W,0,-0.062433362,0.21926389634609222,0.7557355165481567,0.2690958082675934
YNL172W,YKL038W,0,-0.062473983,0.21917808055877686,0.7557355165481567,0.26923078298568726
YHR085W,YMR075W,0,-0.062474504,0.21909232437610626,0.7557355165481567,0.26936572790145874
YOR261C,YBR026C,0,-0.06315762,0.21900664269924164,0.7557355165481567,0.2695006728172302
YDR530C,YJL214W,0,-0.063204885,0.21892103552818298,0.7557355165481567,0.2696356177330017
YML051W,YIL088C,0,-0.063260004,0.2188354879617691,0.7557355165481567,0.2697705924510956
YOL129W,YOR283W,0,-0.06370978,0.21875,0.7557355165481567,0.26990553736686707
YJL114W,YBR141C,0,-0.06375682,0.21866458654403687,0.7557355165481567,0.27004048228263855
YPL122C,YOR285W,0,-0.06397118,0.2185792326927185,0.7557355165481567,0.27017542719841003
YFL048C,YOR232W,0,-0.06466113,0.21849395334720612,0.7557355165481567,0.2703104019165039
YMR038C,YBL026W,0,-0.06473303,0.2184087336063385,0.7557355165481567,0.2704453468322754
YLL003W,YIR038C,0,-0.06692284,0.21832358837127686,0.7557355165481567,0.2705802917480469
YAL060W,YBR261C,0,-0.06711583,0.21823850274085999,0.7557355165481567,0.27071523666381836
YBR294W,YLR300W,0,-0.067201614,0.21815349161624908,0.7557355165481567,0.27085021138191223
YMR173W,YDR170C,0,-0.06736691,0.21806854009628296,0.7557355165481567,0.2709851562976837
YLR157C,YLR321C,0,-0.06744064,0.2179836481809616,0.7557355165481567,0.2711201012134552
YDR392W,YJL206C,0,-0.06784891,0.21789883077144623,0.7557355165481567,0.2712550461292267
YBL056W,YFR003C,1,-0.068047374,0.21820303797721863,0.7570850253105164,0.2712550461292267
YLR005W,YMR160W,0,-0.06822409,0.21811819076538086,0.7570850253105164,0.27139002084732056
YBL046W,YDL006W,1,-0.068304844,0.218422070145607,0.758434534072876,0.27139002084732056
YDR460W,YLR141W,0,-0.06848054,0.21833722293376923,0.758434534072876,0.27152496576309204
YLR105C,YJL128C,0,-0.06905827,0.21825242042541504,0.758434534072876,0.2716599106788635
YIL006W,YPR127W,0,-0.069164604,0.21816770732402802,0.758434534072876,0.2717948853969574
YLL055W,YKL144C,0,-0.06958759,0.21808303892612457,0.758434534072876,0.2719298303127289
YIR011C,YNL121C,0,-0.0697041,0.2179984450340271,0.758434534072876,0.27206477522850037
YGL226C-A,YDL039C,0,-0.06980756,0.2179139256477356,0.758434534072876,0.27219972014427185
YKL103C,YDL197C,0,-0.07002917,0.21782945096492767,0.758434534072876,0.2723346948623657
YGL209W,YKL190W,0,-0.071118444,0.21774506568908691,0.758434534072876,0.2724696397781372
YMR182C,YER125W,0,-0.072880365,0.21766072511672974,0.758434534072876,0.2726045846939087
YNL314W,YEL022W,0,-0.073204,0.21757645905017853,0.758434534072876,0.2727395296096802
YMR137C,YOR089C,0,-0.07352202,0.2174922674894333,0.758434534072876,0.27287450432777405
YNR006W,YIL047C,0,-0.074539915,0.21740812063217163,0.758434534072876,0.27300944924354553
YDR172W,YKL203C,0,-0.07546662,0.21732404828071594,0.758434534072876,0.273144394159317
YOR298W,YER168C,0,-0.07690753,0.21724005043506622,0.758434534072876,0.2732793390750885
YBR276C,YDL236W,1,-0.07795817,0.21754249930381775,0.7597841024398804,0.2732793390750885
YIL142W,YKL064W,0,-0.078093894,0.21745847165584564,0.7597841024398804,0.2734143137931824
YBR247C,YDR164C,0,-0.07869333,0.2173745185136795,0.7597841024398804,0.27354925870895386
YDR512C,YOR382W,0,-0.07924648,0.21729062497615814,0.7597841024398804,0.27368420362472534
YDL246C,YJL166W,0,-0.08013135,0.21720679104328156,0.7597841024398804,0.2738191485404968
YOL052C,YHR174W,0,-0.08020979,0.21712301671504974,0.7597841024398804,0.2739541232585907
YOL107W,YJL130C,0,-0.080435544,0.2170393168926239,0.7597841024398804,0.2740890681743622
YFR029W,YPL099C,0,-0.08058077,0.21695567667484283,0.7597841024398804,0.27422401309013367
YIL108W,YPR127W,0,-0.08155253,0.21687211096286774,0.7597841024398804,0.27435898780822754
YPR001W,YFR052W,0,-0.081722915,0.21678860485553741,0.7597841024398804,0.274493932723999
YER151C,YFL021W,0,-0.081750184,0.21670515835285187,0.7597841024398804,0.2746288776397705
YPR006C,YGL030W,0,-0.08194134,0.2166217714548111,0.7597841024398804,0.274763822555542
YNL026W,YJL192C,0,-0.08201072,0.2165384590625763,0.7597841024398804,0.27489879727363586
YLL041C,YER162C,0,-0.082589895,0.21645520627498627,0.7597841024398804,0.27503374218940735
YKL067W,YNL259C,0,-0.08279377,0.2163720279932022,0.7597841024398804,0.27516868710517883
YOR208W,YFR003C,1,-0.08302969,0.2166730761528015,0.76113361120224,0.27516868710517883
YJR010W,YNL122C,0,-0.083826356,0.21658986806869507,0.76113361120224,0.2753036320209503
YPL094C,YLR187W,0,-0.084702425,0.2165067195892334,0.76113361120224,0.2754386067390442
YGR258C,YJL071W,0,-0.08482912,0.2164236307144165,0.76113361120224,0.2755735516548157
YHR074W,YLR291C,0,-0.08493936,0.21634061634540558,0.76113361120224,0.27570849657058716
YDL040C,YMR034C,0,-0.085020185,0.21625766158103943,0.76113361120224,0.27584344148635864
YGL190C,YNL053W,1,-0.085241735,0.2165580689907074,0.7624831199645996,0.27584344148635864
YNL304W,YOR085W,0,-0.08531957,0.21647509932518005,0.7624831199645996,0.2759784162044525
YOL038W,YKL205W,0,-0.08555574,0.21639218926429749,0.7624831199645996,0.276113361120224
YPR080W,YGL233W,0,-0.08635211,0.2163093388080597,0.7624831199645996,0.2762483060359955
YBR066C,YJL071W,0,-0.086429246,0.21622656285762787,0.7624831199645996,0.27638328075408936
YBL058W,YMR240C,0,-0.08648875,0.21614384651184082,0.7624831199645996,0.27651822566986084
YBR230C,YDR389W,0,-0.08685137,0.21606118977069855,0.7624831199645996,0.2766531705856323
YOR106W,YKL182W,0,-0.087030016,0.21597859263420105,0.7624831199645996,0.2767881155014038
YPR026W,YDR461W,0,-0.08743094,0.21589607000350952,0.7624831199645996,0.2769230902194977
YOR147W,YCL014W,0,-0.08795871,0.21581359207630157,0.7624831199645996,0.27705803513526917
YIL135C,YLL017W,0,-0.088311136,0.2157311886548996,0.7624831199645996,0.27719298005104065
YEL070W,YNL006W,0,-0.08859679,0.2156488597393036,0.7624831199645996,0.27732792496681213
YNL261W,YKL074C,0,-0.08914164,0.21556657552719116,0.7624831199645996,0.277462899684906
YAL033W,YEL037C,0,-0.08955449,0.2154843658208847,0.7624831199645996,0.2775978446006775
YJL155C,YPR138C,0,-0.09028746,0.21540221571922302,0.7624831199645996,0.277732789516449
YNL160W,YPL082C,0,-0.0904035,0.21532012522220612,0.7624831199645996,0.27786773443222046
YPL259C,YKL201C,0,-0.090606555,0.21523809432983398,0.7624831199645996,0.27800270915031433
YNL008C,YER052C,0,-0.09102043,0.21515613794326782,0.7624831199645996,0.2781376540660858
YNL032W,YBR276C,1,-0.09112273,0.21545489132404327,0.763832688331604,0.2781376540660858
YNL032W,YDL236W,1,-0.09183954,0.21575342118740082,0.7651821970939636,0.2781376540660858
YBR170C,YLR160C,0,-0.092007875,0.2156713604927063,0.7651821970939636,0.2782725989818573
YIR025W,YLR157C,0,-0.09262045,0.21558935940265656,0.7651821970939636,0.2784075438976288
YDL133C-A,YDR476C,0,-0.09269452,0.2155074179172516,0.7651821970939636,0.27854251861572266
YHR069C,YER090W,0,-0.092728406,0.2154255360364914,0.7651821970939636,0.27867746353149414
YIL113W,YDR481C,1,-0.09292585,0.21572351455688477,0.7665317058563232,0.27867746353149414
YLR394W,YDR415C,0,-0.09299235,0.21564160287380219,0.7665317058563232,0.2788124084472656
YJR082C,YMR039C,0,-0.09305124,0.21555976569652557,0.7665317058563232,0.2789473831653595
YJR127C,YER049W,0,-0.09323898,0.21547800302505493,0.7665317058563232,0.279082328081131
YNR006W,YLR020C,0,-0.093342185,0.21539628505706787,0.7665317058563232,0.27921727299690247
YBL076C,YBL098W,0,-0.095184505,0.21531462669372559,0.7665317058563232,0.27935221791267395
YLR295C,YLR024C,0,-0.09612553,0.21523304283618927,0.7665317058563232,0.2794871926307678
YLR289W,YOR084W,0,-0.09624,0.21515151858329773,0.7665317058563232,0.2796221375465393
YPR190C,YNR010W,0,-0.09721589,0.21507005393505096,0.7665317058563232,0.2797570824623108
YBR274W,YOL124C,0,-0.09726687,0.21498864889144897,0.7665317058563232,0.2798920273780823
YPL002C,YLR251W,0,-0.09757369,0.21490730345249176,0.7665317058563232,0.28002700209617615
YHR047C,YKL003C,0,-0.09842068,0.21482601761817932,0.7665317058563232,0.28016194701194763
YNR074C,YBL098W,0,-0.09979865,0.21474480628967285,0.7665317058563232,0.2802968919277191
YAL016W,YER089C,1,-0.10034746,0.21504157781600952,0.7678812146186829,0.2802968919277191
YIL143C,YJL079C,0,-0.100486144,0.21496033668518066,0.7678812146186829,0.2804318368434906
YER185W,YER087W,0,-0.10128295,0.21487915515899658,0.7678812146186829,0.2805668115615845
YCL074W,YDR351W,0,-0.101742044,0.21479803323745728,0.7678812146186829,0.28070175647735596
YPR137W,YPL218W,0,-0.102028154,0.21471698582172394,0.7678812146186829,0.28083670139312744
YJR004C,YEL041W,0,-0.10207031,0.21463598310947418,0.7678812146186829,0.2809716463088989
YAL060W,YGR167W,0,-0.102235466,0.2145550549030304,0.7678812146186829,0.2811066210269928
YBR031W,YER019C-A,0,-0.10272223,0.21447418630123138,0.7678812146186829,0.2812415659427643
YDR461W,YNR015W,0,-0.10279041,0.21439336240291595,0.7678812146186829,0.28137651085853577
YHR074W,YBR177C,0,-0.102843985,0.2143126130104065,0.7678812146186829,0.28151148557662964
YDL024C,YDL170W,0,-0.103296176,0.2142319232225418,0.7678812146186829,0.2816464304924011
YGR285C,YJR053W,0,-0.10344987,0.2141512930393219,0.7678812146186829,0.2817813754081726
YGR118W,YDL097C,0,-0.10371673,0.21407072246074677,0.7678812146186829,0.2819163203239441
YDR512C,YML036W,0,-0.10383666,0.2139902263879776,0.7678812146186829,0.28205129504203796
YDR207C,YFL013C,0,-0.10474081,0.21390977501869202,0.7678812146186829,0.28218623995780945
YOL141W,YDR076W,0,-0.10483613,0.2138293832540512,0.7678812146186829,0.28232118487358093
YDR530C,YGL200C,0,-0.105337895,0.21374906599521637,0.7678812146186829,0.2824561297893524
YOL165C,YGL233W,0,-0.10575115,0.2136687934398651,0.7678812146186829,0.2825911045074463
YCL074W,YOR378W,0,-0.106902994,0.21358859539031982,0.7678812146186829,0.2827260494232178
YKR071C,YOR294W,0,-0.10735069,0.21350844204425812,0.7678812146186829,0.28286099433898926
YBR059C,YMR213W,0,-0.10794965,0.21342836320400238,0.7678812146186829,0.28299593925476074
YOR138C,YBL034C,0,-0.108607255,0.21334832906723022,0.7678812146186829,0.2831309139728546
YLR353W,YMR065W,0,-0.10902031,0.21326836943626404,0.7678812146186829,0.2832658588886261
YDL188C,YNR032W,1,-0.109751046,0.21356312930583954,0.7692307829856873,0.2832658588886261
YBR195C,YNL027W,0,-0.10977712,0.21348313987255096,0.7692307829856873,0.2834008038043976
YJL117W,YER115C,0,-0.11018966,0.21340322494506836,0.7692307829856873,0.28353574872016907
YPR162C,YCL008C,0,-0.110502034,0.21332335472106934,0.7692307829856873,0.28367072343826294
YGL010W,YDR415C,0,-0.111313745,0.2132435441017151,0.7692307829856873,0.2838056683540344
YGR077C,YLR224W,0,-0.111452825,0.21316379308700562,0.7692307829856873,0.2839406132698059
YLL041C,YMR295C,0,-0.11175397,0.2130841165781021,0.7692307829856873,0.2840755879878998
YCL036W,YBR202W,0,-0.11187655,0.2130044847726822,0.7692307829856873,0.28421053290367126
YLR080W,YGR070W,0,-0.11222045,0.21292491257190704,0.7692307829856873,0.28434547781944275
YHR074W,YPL208W,0,-0.112624265,0.21284539997577667,0.7692307829856873,0.28448042273521423
YDR131C,YCR002C,0,-0.1142983,0.21276596188545227,0.7692307829856873,0.2846153974533081
YDR173C,YFR052W,0,-0.11524237,0.21268656849861145,0.7692307829856873,0.2847503423690796
YMR039C,YER115C,0,-0.11541512,0.2126072347164154,0.7692307829856873,0.2848852872848511
YDL022W,YNR044W,0,-0.116106376,0.21252796053886414,0.7692307829856873,0.28502023220062256
YNR067C,YER137C,0,-0.11622269,0.21244874596595764,0.7692307829856873,0.28515520691871643
YOR071C,YHR030C,0,-0.11639611,0.21236959099769592,0.7692307829856873,0.2852901518344879
YPL163C,YPL183W-A,0,-0.11680461,0.21229049563407898,0.7692307829856873,0.2854250967502594
YKL117W,YDR076W,0,-0.1173593,0.2122114598751068,0.7692307829856873,0.2855600416660309
YBR261C,YHR085W,0,-0.11811368,0.21213248372077942,0.7692307829856873,0.28569501638412476
YOR324C,YMR137C,0,-0.11836418,0.2120535671710968,0.7692307829856873,0.28582996129989624
YLR208W,YKL117W,0,-0.118659765,0.21197471022605896,0.7692307829856873,0.2859649062156677
YPR083W,YCR052W,0,-0.11882309,0.2118959128856659,0.7692307829856873,0.2860998511314392
YER150W,YNL027W,0,-0.119138256,0.2118171751499176,0.7692307829856873,0.2862348258495331
YJL144W,YGR089W,0,-0.11928898,0.2117384821176529,0.7692307829856873,0.28636977076530457
YGL183C,YBR222C,0,-0.11944169,0.21165986359119415,0.7692307829856873,0.28650471568107605
YMR038C,YDL035C,0,-0.11951827,0.211581289768219,0.7692307829856873,0.2866396903991699
YBL046W,YER089C,1,-0.12023549,0.2118738442659378,0.7705802917480469,0.2866396903991699
YBR170C,YJL024C,0,-0.12079552,0.21179525554180145,0.7705802917480469,0.2867746353149414
YOR304W,YPL276W,0,-0.121205986,0.21171672642230988,0.7705802917480469,0.2869095802307129
YMR039C,YKL144C,0,-0.12130129,0.21163825690746307,0.7705802917480469,0.2870445251464844
YDR075W,YPL179W,1,-0.12195659,0.21193034946918488,0.7719298005104065,0.2870445251464844
YMR137C,YPR133W-A,0,-0.12227472,0.21185185015201569,0.7719298005104065,0.28717949986457825
YOR261C,YBR010W,0,-0.12257065,0.21177341043949127,0.7719298005104065,0.28731444478034973
YGL037C,YNL192W,0,-0.12288427,0.21169504523277283,0.7719298005104065,0.2874493896961212
YDL197C,YCR002C,0,-0.12310633,0.21161672472953796,0.7719298005104065,0.2875843346118927
YKL180W,YHR008C,0,-0.12358338,0.21153846383094788,0.7719298005104065,0.2877193093299866
YMR097C,YHL027W,0,-0.12462759,0.21146026253700256,0.7719298005104065,0.28785425424575806
YJR005W,YIL046W,0,-0.124682926,0.21138212084770203,0.7719298005104065,0.28798919916152954
YBR278W,YNL230C,0,-0.12526922,0.21130402386188507,0.7719298005104065,0.288124144077301
YFR031C,YMR114C,0,-0.12535307,0.21122600138187408,0.7719298005104065,0.2882591187953949
YGR155W,YPR060C,0,-0.12537909,0.21114802360534668,0.7719298005104065,0.2883940637111664
YLL029W,YJL079C,0,-0.12588283,0.21107010543346405,0.7719298005104065,0.28852900862693787
YMR089C,YER002W,0,-0.12598705,0.2109922468662262,0.7719298005104065,0.28866395354270935
YNR067C,YDR164C,0,-0.1259959,0.21091444790363312,0.7719298005104065,0.2887989282608032
YEL043W,YBR145W,0,-0.1259974,0.21083670854568481,0.7719298005104065,0.2889338731765747
YHR079C,YPL096W,0,-0.12618057,0.2107590287923813,0.7719298005104065,0.2890688180923462
YMR114C,YDR207C,0,-0.12706167,0.21068139374256134,0.7719298005104065,0.28920379281044006
YEL053C,YLR278C,0,-0.12772685,0.21060383319854736,0.7719298005104065,0.28933873772621155
YGR239C,YDR496C,0,-0.12803122,0.21052631735801697,0.7719298005104065,0.28947368264198303
YGR169C,YMR087W,0,-0.12844434,0.21044886112213135,0.7719298005104065,0.2896086275577545
YDL133C-A,YBR238C,0,-0.1285145,0.2103714644908905,0.7719298005104065,0.2897436022758484
YJR036C,YPL180W,0,-0.12867776,0.21029411256313324,0.7719298005104065,0.2898785471916199
YOR292C,YAL038W,0,-0.12870479,0.21021683514118195,0.7719298005104065,0.29001349210739136
YPL200W,YPL094C,0,-0.1289592,0.21013960242271423,0.7719298005104065,0.29014843702316284
YGL112C,YLR429W,0,-0.12930441,0.2100624293088913,0.7719298005104065,0.2902834117412567
YDR454C,YPL139C,0,-0.1305559,0.20998531579971313,0.7719298005104065,0.2904183566570282
YJR006W,YLR130C,0,-0.13076814,0.20990826189517975,0.7719298005104065,0.2905533015727997
YNL283C,YIL170W,0,-0.13212511,0.20983125269412994,0.7719298005104065,0.29068824648857117
YFL057C,YDL216C,0,-0.13213074,0.20975430309772491,0.7719298005104065,0.29082322120666504
YPL078C,YER145C,0,-0.13287729,0.20967741310596466,0.7719298005104065,0.2909581661224365
YDL188C,YDL134C,1,-0.13312607,0.2099670171737671,0.7732793688774109,0.2909581661224365
YHR132C,YOR292C,0,-0.13313586,0.20989011228084564,0.7732793688774109,0.291093111038208
YNL304W,YBR072W,0,-0.13381132,0.20981325209140778,0.7732793688774109,0.2912280559539795
YGL094C,YDL047W,0,-0.1343487,0.20973645150661469,0.7732793688774109,0.29136303067207336
YBR276C,YNL128W,1,-0.13463536,0.2100256085395813,0.7746288776397705,0.29136303067207336
YOR212W,YGR012W,0,-0.1347939,0.20994879305362701,0.7746288776397705,0.29149797558784485
YBR150C,YBR287W,0,-0.13699408,0.2098720222711563,0.7746288776397705,0.29163292050361633
YLR228C,YKR035W-A,0,-0.13699818,0.20979532599449158,0.7746288776397705,0.2917678952217102
YDL121C,YDL202W,0,-0.13734166,0.20971867442131042,0.7746288776397705,0.2919028401374817
YEL012W,YGL174W,0,-0.13734582,0.20964206755161285,0.7746288776397705,0.2920377850532532
YDL217C,YHR004C,0,-0.13746639,0.20956553518772125,0.7746288776397705,0.29217272996902466
YDR371W,YNR006W,0,-0.13827616,0.20948904752731323,0.7746288776397705,0.29230770468711853
YPL083C,YKL009W,0,-0.13834791,0.20941261947155,0.7746288776397705,0.29244264960289
YGL172W,YNL182C,0,-0.13841936,0.20933625102043152,0.7746288776397705,0.2925775945186615
YDR369C,YLR224W,0,-0.13876393,0.20925992727279663,0.7746288776397705,0.292712539434433
YPR073C,YDL006W,1,-0.1389558,0.20954810082912445,0.7759783864021301,0.292712539434433
YPL064C,YLR005W,0,-0.1393367,0.20947176218032837,0.7759783864021301,0.29284751415252686
YHR059W,YMR239C,0,-0.1394688,0.20939548313617706,0.7759783864021301,0.29298245906829834
YFL066C,YDR415C,0,-0.1398893,0.20931926369667053,0.7759783864021301,0.2931174039840698
YHR179W,YIR005W,0,-0.13991617,0.20924308896064758,0.7759783864021301,0.2932523488998413
YFR018C,YHL027W,0,-0.14066952,0.2091669738292694,0.7759783864021301,0.2933873236179352
YFL066C,YMR145C,0,-0.14078376,0.20909090340137482,0.7759783864021301,0.29352226853370667
YML052W,YDR496C,0,-0.14094728,0.2090149074792862,0.7759783864021301,0.29365721344947815
YIL061C,YGL225W,0,-0.14355877,0.20893895626068115,0.7759783864021301,0.29379215836524963
YJL071W,YOR194C,0,-0.14435892,0.2088630646467209,0.7759783864021301,0.2939271330833435
YJL171C,YBR141C,0,-0.14523178,0.2087872177362442,0.7759783864021301,0.294062077999115
YNL223W,YJL082W,0,-0.1455282,0.2087114304304123,0.7759783864021301,0.2941970229148865
YKR008W,YNR004W,0,-0.14605689,0.20863570272922516,0.7759783864021301,0.29433199763298035
YER101C,YAL016W,0,-0.1461008,0.2085600346326828,0.7759783864021301,0.29446694254875183
YOR230W,YER130C,0,-0.14648998,0.20848441123962402,0.7759783864021301,0.2946018874645233
YCR014C,YDL055C,0,-0.14669324,0.20840884745121002,0.7759783864021301,0.2947368323802948
YLR289W,YLL019C,0,-0.14729004,0.2083333283662796,0.7759783864021301,0.29487180709838867
YDR378C,YBL026W,0,-0.14793973,0.20825788378715515,0.7759783864021301,0.29500675201416016
YOL045W,YGL237C,0,-0.14808524,0.20818248391151428,0.7759783864021301,0.29514169692993164
YKL170W,YIL170W,0,-0.14813416,0.208107128739357,0.7759783864021301,0.2952766418457031
YEL070W,YIL133C,0,-0.14911601,0.20803183317184448,0.7759783864021301,0.295411616563797
YER165W,YMR246W,0,-0.14945376,0.20795659720897675,0.7759783864021301,0.2955465614795685
YLR285W,YHR039C-A,0,-0.1495382,0.20788142085075378,0.7759783864021301,0.29568150639533997
YML028W,YOR349W,0,-0.1497189,0.2078062891960144,0.7759783864021301,0.29581645131111145
YHR074W,YGL174W,0,-0.15055542,0.2077312171459198,0.7759783864021301,0.2959514260292053
YNL238W,YJR040W,0,-0.15145336,0.20765618979930878,0.7759783864021301,0.2960863709449768
YKL013C,YFL033C,0,-0.1515471,0.20758122205734253,0.7759783864021301,0.2962213158607483
YPL151C,YNL122C,0,-0.15204585,0.20750631392002106,0.7759783864021301,0.2963562607765198
YOR310C,YCL025C,0,-0.15268049,0.20743145048618317,0.7759783864021301,0.29649123549461365
YLR197W,YGL030W,0,-0.15309834,0.20735664665699005,0.7759783864021301,0.29662618041038513
YBR020W,YOR378W,0,-0.15383628,0.2072819024324417,0.7759783864021301,0.2967611253261566
YHR164C,YKL119C,0,-0.15472347,0.20720720291137695,0.7759783864021301,0.2968961000442505
YDR453C,YLR028C,0,-0.15555817,0.20713256299495697,0.7759783864021301,0.297031044960022
YJR051W,YOR304C-A,0,-0.1561644,0.20705798268318176,0.7759783864021301,0.29716598987579346
YMR276W,YDR233C,0,-0.15620151,0.20698344707489014,0.7759783864021301,0.29730093479156494
YOR071C,YBR282W,0,-0.15639313,0.2069089561700821,0.7759783864021301,0.2974359095096588
YDL217C,YHR119W,0,-0.15658706,0.20683453977108002,0.7759783864021301,0.2975708544254303
YDR082W,YFL033C,0,-0.15683503,0.20676015317440033,0.7759783864021301,0.2977057993412018
YGR036C,YDL047W,0,-0.15756951,0.2066858410835266,0.7759783864021301,0.29784074425697327
YLR183C,YLR348C,0,-0.15762134,0.20661157369613647,0.7759783864021301,0.29797571897506714
YKR054C,YGR171C,0,-0.1582241,0.20653735101222992,0.7759783864021301,0.2981106638908386
YHR060W,YLR348C,0,-0.15855363,0.20646320283412933,0.7759783864021301,0.2982456088066101
YPL011C,YGR089W,0,-0.158772,0.20638908445835114,0.7759783864021301,0.2983805537223816
YPL244C,YKL003C,0,-0.15907648,0.2063150405883789,0.7759783864021301,0.29851552844047546
YJR130C,YCL052C,0,-0.15918365,0.20624102652072906,0.7759783864021301,0.29865047335624695
YNL335W,YOR180C,0,-0.16019955,0.2061670869588852,0.7759783864021301,0.29878541827201843
YHR041C,YGR072W,0,-0.16078192,0.2060931921005249,0.7759783864021301,0.2989203631877899
YGL050W,YNL192W,0,-0.16098806,0.2060193419456482,0.7759783864021301,0.2990553379058838
YJL081C,YDR381C-A,0,-0.16114046,0.20594555139541626,0.7759783864021301,0.2991902828216553
YGL062W,YNL122C,0,-0.16150428,0.2058718204498291,0.7759783864021301,0.29932522773742676
YNL032W,YDL188C,1,-0.16182083,0.20615604519844055,0.7773279547691345,0.29932522773742676
YKL217W,YPL188W,0,-0.16224577,0.206082284450531,0.7773279547691345,0.29946020245552063
YOL054W,YMR304W,0,-0.16245013,0.20600858330726624,0.7773279547691345,0.2995951473712921
YBR274W,YHR061C,0,-0.1631587,0.20593492686748505,0.7773279547691345,0.2997300922870636
YDL170W,YPR138C,0,-0.16337784,0.20586133003234863,0.7773279547691345,0.2998650372028351
YCL032W,YCR046C,0,-0.16353741,0.2057877779006958,0.7773279547691345,0.30000001192092896
YBR045C,YNL053W,1,-0.1645084,0.2060714215040207,0.7786774635314941,0.30000001192092896
YPR011C,YML099C,0,-0.16517717,0.20599785447120667,0.7786774635314941,0.30013495683670044
YGL062W,YKR069W,0,-0.16570233,0.20592434704303741,0.7786774635314941,0.3002699017524719
YGR282C,YBR052C,0,-0.16583154,0.20585086941719055,0.7786774635314941,0.3004048466682434
YBR195C,YER013W,0,-0.16678903,0.20577746629714966,0.7786774635314941,0.3005398213863373
YNL016W,YJL176C,0,-0.16683304,0.20570409297943115,0.7786774635314941,0.30067476630210876
YKR020W,YDL047W,0,-0.16863912,0.20563079416751862,0.7786774635314941,0.30080971121788025
YER054C,YGR161C,1,-0.16878518,0.20591378211975098,0.7800269722938538,0.30080971121788025
YDR030C,YFL048C,0,-0.1688343,0.20584045350551605,0.7800269722938538,0.30094465613365173
YKL074C,YLR042C,0,-0.1689676,0.2057671695947647,0.7800269722938538,0.3010796308517456
YKR036C,YGR238C,0,-0.16903913,0.20569394528865814,0.7800269722938538,0.3012145757675171
YFL057C,YJL149W,0,-0.1693063,0.20562078058719635,0.7800269722938538,0.3013495206832886
YBR282W,YKL144C,0,-0.16935273,0.20554764568805695,0.7800269722938538,0.30148446559906006
YDL140C,YNL121C,0,-0.17088845,0.2054745852947235,0.7800269722938538,0.30161944031715393
YIL128W,YOL052C,0,-0.17147936,0.20540156960487366,0.7800269722938538,0.3017543852329254
YKL013C,YBL005W-B,0,-0.17180422,0.20532859861850739,0.7800269722938538,0.3018893301486969
YEL053C,YNL052W,0,-0.17190643,0.2052556872367859,0.7800269722938538,0.30202430486679077
YDR081C,YDL083C,0,-0.17357649,0.20518282055854797,0.7800269722938538,0.30215924978256226
YNL044W,YMR246W,0,-0.17431563,0.20511001348495483,0.7800269722938538,0.30229419469833374
YJL060W,YNL238W,0,-0.17451286,0.20503725111484528,0.7800269722938538,0.3024291396141052
YMR315W,YGL183C,0,-0.17533422,0.2049645334482193,0.7800269722938538,0.3025641143321991
YLL033W,YOR222W,0,-0.17626393,0.2048918753862381,0.7800269722938538,0.3026990592479706
YDR222W,YJR063W,0,-0.17672423,0.20481927692890167,0.7800269722938538,0.30283400416374207
YDR137W,YDL202W,0,-0.17674166,0.20474672317504883,0.7800269722938538,0.30296894907951355
YFR021W,YBL052C,0,-0.17681575,0.20467421412467957,0.7800269722938538,0.3031039237976074
YMR036C,YPL179W,1,-0.17731442,0.20495575666427612,0.7813765406608582,0.3031039237976074
YNL053W,YPR073C,1,-0.17784446,0.20523709058761597,0.7827260494232178,0.3031039237976074
YLR452C,YDR131C,0,-0.1783446,0.20516449213027954,0.7827260494232178,0.3032388687133789
YIL020C,YER087W,0,-0.17914969,0.2050919383764267,0.7827260494232178,0.3033738136291504
YGL026C,YLR264W,0,-0.17980838,0.20501944422721863,0.7827260494232178,0.3035087585449219
YBR129C,YOR230W,0,-0.18005367,0.20494699478149414,0.7827260494232178,0.30364373326301575
YJL225C,YBR155W,0,-0.18034913,0.20487460494041443,0.7827260494232178,0.30377867817878723
YDL059C,YKL015W,0,-0.18082549,0.2048022598028183,0.7827260494232178,0.3039136230945587
YGR175C,YBL098W,0,-0.18087372,0.20472997426986694,0.7827260494232178,0.3040485978126526
YOR323C,YDR137W,0,-0.1813822,0.20465773344039917,0.7827260494232178,0.3041835427284241
YJL024C,YNL298W,0,-0.18224302,0.20458553731441498,0.7827260494232178,0.30431848764419556
YNL153C,YOR299W,0,-0.18224978,0.20451340079307556,0.7827260494232178,0.30445343255996704
YKR102W,YGL051W,0,-0.18288422,0.20444130897521973,0.7827260494232178,0.3045884072780609
YEL022W,YKL096W-A,0,-0.1832674,0.20436927676200867,0.7827260494232178,0.3047233521938324
YEL040W,YOR194C,0,-0.18371758,0.2042972892522812,0.7827260494232178,0.3048582971096039
YNL010W,YJL206C,0,-0.18399638,0.2042253464460373,0.7827260494232178,0.30499324202537537
YER103W,YJL081C,0,-0.1839964,0.20415346324443817,0.7827260494232178,0.30512821674346924
YLR025W,YDR281C,0,-0.18423331,0.20408163964748383,0.7827260494232178,0.3052631616592407
YER075C,YMR036C,1,-0.18429369,0.20436158776283264,0.7840755581855774,0.3052631616592407
YMR228W,YDR151C,0,-0.184645,0.2042897343635559,0.7840755581855774,0.3053981065750122
YOR323C,YPR083W,0,-0.18490413,0.20421792566776276,0.7840755581855774,0.3055330514907837
YMR005W,YLL017W,0,-0.18509215,0.20414617657661438,0.7840755581855774,0.30566802620887756
YMR036C,YOR090C,1,-0.18524791,0.20442570745944977,0.7854251265525818,0.30566802620887756
YFR003C,YLR361C,1,-0.18558183,0.20470505952835083,0.7867746353149414,0.30566802620887756
YIL035C,YGL190C,0,-0.18606628,0.2046332061290741,0.7867746353149414,0.30580297112464905
YOR388C,YMR272C,0,-0.18735915,0.20456139743328094,0.7867746353149414,0.30593791604042053
YOL043C,YGL169W,0,-0.18776576,0.20448964834213257,0.7867746353149414,0.306072860956192
YPR072W,YNL223W,0,-0.19092119,0.20441795885562897,0.7867746353149414,0.3062078356742859
YBR275C,YDL111C,0,-0.1912948,0.20434629917144775,0.7867746353149414,0.3063427805900574
YPR072W,YDR470C,0,-0.19173343,0.20427469909191132,0.7867746353149414,0.30647772550582886
YBL112C,YNR035C,0,-0.19232012,0.20420315861701965,0.7867746353149414,0.30661270022392273
YMR227C,YDR281C,0,-0.1924607,0.20413164794445038,0.7867746353149414,0.3067476451396942
YLL041C,YKL074C,0,-0.19248308,0.20406019687652588,0.7867746353149414,0.3068825900554657
YKL171W,YNL016W,0,-0.1925915,0.20398880541324615,0.7867746353149414,0.3070175349712372
YML049C,YLR164W,0,-0.1934244,0.20391745865345,0.7867746353149414,0.30715250968933105
YDR419W,YDR076W,0,-0.19348207,0.20384615659713745,0.7867746353149414,0.30728745460510254
YLR401C,YDL225W,0,-0.194007,0.20377489924430847,0.7867746353149414,0.307422399520874
YCR011C,YLR316C,0,-0.19412453,0.20370370149612427,0.7867746353149414,0.3075573444366455
YNL202W,YOL158C,0,-0.19460404,0.20363254845142365,0.7867746353149414,0.3076923191547394
YIR018W,YNL110C,0,-0.1946668,0.2035614550113678,0.7867746353149414,0.30782726407051086
YEL069C,YOR351C,0,-0.1954688,0.20349040627479553,0.7867746353149414,0.30796220898628235
YDL084W,YDR423C,0,-0.19600865,0.20341940224170685,0.7867746353149414,0.30809715390205383
YNL070W,YGR143W,0,-0.19624683,0.20334844291210175,0.7867746353149414,0.3082321286201477
YBR260C,YDR410C,0,-0.19677159,0.20327754318714142,0.7867746353149414,0.3083670735359192
YLR361C,YIR026C,1,-0.19677365,0.20355524122714996,0.788124144077301,0.3083670735359192
YBR118W,YOR351C,0,-0.19683458,0.20348432660102844,0.788124144077301,0.3085020184516907
YAL033W,YDR404C,0,-0.19748831,0.2034134417772293,0.788124144077301,0.30863696336746216
YLL055W,YGR143W,0,-0.19776168,0.20334261655807495,0.788124144077301,0.30877193808555603
YDL021W,YOR382W,0,-0.19778815,0.20327183604240417,0.788124144077301,0.3089068830013275
YGR145W,YOR232W,0,-0.19893052,0.20320111513137817,0.788124144077301,0.309041827917099
YNL128W,YAL031C,1,-0.1994927,0.20347826182842255,0.7894737124443054,0.309041827917099
YHR002W,YGL163C,0,-0.20052257,0.20340751111507416,0.7894737124443054,0.30917680263519287
YGL237C,YER138C,0,-0.20176123,0.20333680510520935,0.7894737124443054,0.30931174755096436
YNL172W,YPR006C,0,-0.20298707,0.20326615869998932,0.7894737124443054,0.30944669246673584
YJR004C,YDL047W,0,-0.2030549,0.20319555699825287,0.7894737124443054,0.3095816373825073
YKL090W,YER151C,0,-0.2045216,0.203125,0.7894737124443054,0.3097166121006012
YOR297C,YLR383W,0,-0.20462939,0.2030544877052307,0.7894737124443054,0.3098515570163727
YLR224W,YOR313C,0,-0.2052269,0.2029840350151062,0.7894737124443054,0.30998650193214417
YNL107W,YDR415C,0,-0.20588061,0.20291362702846527,0.7894737124443054,0.31012144684791565
YLR042C,YLR151C,0,-0.20608637,0.20284327864646912,0.7894737124443054,0.3102564215660095
YOR377W,YBR173C,0,-0.20613223,0.20277296006679535,0.7894737124443054,0.310391366481781
YNL032W,YPL179W,1,-0.20617142,0.2030491977930069,0.790823221206665,0.310391366481781
YDR285W,YNL107W,0,-0.20662744,0.20297886431217194,0.790823221206665,0.3105263113975525
YIR025W,YER104W,0,-0.20706238,0.20290859043598175,0.790823221206665,0.310661256313324
YLL051C,YOL038W,0,-0.20756076,0.20283834636211395,0.790823221206665,0.31079623103141785
YAR027W,YOL043C,0,-0.20783916,0.20276816189289093,0.790823221206665,0.31093117594718933
YGR052W,YLL034C,0,-0.20888318,0.2026980221271515,0.790823221206665,0.3110661208629608
YIR038C,YOR020C,0,-0.2094913,0.20262794196605682,0.790823221206665,0.3112010657787323
YPL213W,YJR083C,0,-0.20957115,0.20255789160728455,0.790823221206665,0.31133604049682617
YOR014W,YIR026C,1,-0.20971622,0.20283344388008118,0.7921727299690247,0.31133604049682617
YOR298W,YHR058C,0,-0.20975876,0.2027633786201477,0.7921727299690247,0.31147098541259766
YDR245W,YFL013C,0,-0.21052596,0.202693372964859,0.7921727299690247,0.31160593032836914
YDR137W,YKL038W,0,-0.2111491,0.2026233971118927,0.7921727299690247,0.311740905046463
YLL041C,YPL200W,0,-0.21165721,0.20255348086357117,0.7921727299690247,0.3118758499622345
YKL103C,YGR084C,0,-0.21167791,0.20248360931873322,0.7921727299690247,0.312010794878006
YBR278W,YOL028C,0,-0.21224011,0.20241379737854004,0.7921727299690247,0.31214573979377747
YMR228W,YGR246C,0,-0.21241018,0.20234401524066925,0.7921727299690247,0.31228071451187134
YGL190C,YOR208W,1,-0.213259,0.20261888206005096,0.7935222387313843,0.31228071451187134
YBL005W-B,YNL175C,0,-0.21334916,0.20254908502101898,0.7935222387313843,0.3124156594276428
YMR203W,YKL061W,0,-0.21349493,0.20247933268547058,0.7935222387313843,0.3125506043434143
YMR159C,YOR098C,0,-0.21367508,0.20240963995456696,0.7935222387313843,0.3126855492591858
YBL046W,YGL190C,1,-0.2137318,0.20268410444259644,0.7948718070983887,0.3126855492591858
YNL032W,YNL053W,1,-0.21374393,0.2029583752155304,0.7962213158607483,0.3126855492591858
YGL183C,YBR095C,0,-0.2140539,0.2028885781764984,0.7962213158607483,0.31282052397727966
YAL024C,YMR272C,0,-0.21449631,0.2028188407421112,0.7962213158607483,0.31295546889305115
YNL219C,YNL239W,0,-0.21475512,0.20274914801120758,0.7962213158607483,0.31309041380882263
YPR080W,YNR057C,0,-0.21494144,0.20267948508262634,0.7962213158607483,0.3132253587245941
YOR377W,YDR229W,0,-0.21546985,0.20260989665985107,0.7962213158607483,0.313360333442688
YMR182C,YLR157C,0,-0.21610501,0.2025403380393982,0.7962213158607483,0.3134952783584595
YJL200C,YDL227C,0,-0.21661939,0.2024708241224289,0.7962213158607483,0.31363022327423096
YNL192W,YBR037C,0,-0.21705844,0.20240136981010437,0.7962213158607483,0.31376516819000244
YKL090W,YOR162C,0,-0.21721937,0.20233196020126343,0.7962213158607483,0.3139001429080963
YGR112W,YNR002C,0,-0.21730182,0.20226259529590607,0.7962213158607483,0.3140350878238678
YLL045C,YBR115C,0,-0.21750253,0.20219328999519348,0.7962213158607483,0.3141700327396393
YGR180C,YNL202W,0,-0.21781027,0.20212401449680328,0.7962213158607483,0.31430500745773315
YAL060W,YER151C,0,-0.21782419,0.20205479860305786,0.7962213158607483,0.31443995237350464
YBL046W,YMR036C,1,-0.21784742,0.20232796669006348,0.7975708246231079,0.31443995237350464
YJR082C,YFL048C,0,-0.21798547,0.20225872099399567,0.7975708246231079,0.3145748972892761
YDR207C,YDL045C,0,-0.21815445,0.20218953490257263,0.7975708246231079,0.3147098422050476
YLR203C,YBR115C,0,-0.21831289,0.20212037861347198,0.7975708246231079,0.3148448169231415
YDR453C,YLR268W,0,-0.21883032,0.2020512819290161,0.7975708246231079,0.31497976183891296
YDL054C,YFR019W,0,-0.2193515,0.20198222994804382,0.7975708246231079,0.31511470675468445
YKL170W,YDR453C,0,-0.22055095,0.20191322267055511,0.7975708246231079,0.31524965167045593
YMR296C,YMR075W,0,-0.22059895,0.20184426009655,0.7975708246231079,0.3153846263885498
YNL160W,YPR187W,0,-0.22176075,0.20177535712718964,0.7975708246231079,0.3155195713043213
YNL282W,YGR179C,0,-0.22324584,0.20170648396015167,0.7975708246231079,0.3156545162200928
YNL032W,YEL040W,0,-0.22329526,0.20163767039775848,0.7975708246231079,0.31578946113586426
YOL165C,YOR085W,0,-0.22413166,0.20156890153884888,0.7975708246231079,0.31592443585395813
YDR144C,YOR194C,0,-0.22429459,0.20150017738342285,0.7975708246231079,0.3160593807697296
YPL151C,YNR004W,0,-0.22458115,0.2014314979314804,0.7975708246231079,0.3161943256855011
YPL183W-A,YPL050C,0,-0.22467276,0.20136286318302155,0.7975708246231079,0.3163292706012726
YHR029C,YER008C,0,-0.22469914,0.20129427313804626,0.7975708246231079,0.31646424531936646
YGR282C,YPR006C,0,-0.2258457,0.20122574269771576,0.7975708246231079,0.31659919023513794
YBR170C,YKL175W,0,-0.22688036,0.20115725696086884,0.7975708246231079,0.3167341351509094
YOL070C,YOR085W,0,-0.2281314,0.2010888010263443,0.7975708246231079,0.3168691098690033
YDL142C,YHR058C,0,-0.22854424,0.20102040469646454,0.7975708246231079,0.3170040547847748
YDR369C,YHR051W,0,-0.2286187,0.20095205307006836,0.7975708246231079,0.31713899970054626
YGR070W,YNL239W,0,-0.22880225,0.20088374614715576,0.7975708246231079,0.31727394461631775
YML028W,YNL282W,0,-0.22930247,0.20081549882888794,0.7975708246231079,0.3174089193344116
YDR527W,YEL030W,0,-0.23059656,0.2007472813129425,0.7975708246231079,0.3175438642501831
YJR151C,YOR311C,0,-0.23091696,0.20067912340164185,0.7975708246231079,0.3176788091659546
YML030W,YMR172W,0,-0.23093899,0.20061099529266357,0.7975708246231079,0.3178137540817261
YMR200W,YNL175C,0,-0.23101902,0.20054292678833008,0.7975708246231079,0.31794872879981995
YLR361C,YNL128W,1,-0.23136508,0.2008141130208969,0.7989203929901123,0.31794872879981995
YDL006W,YAL031C,1,-0.23148634,0.20108512043952942,0.8002699017524719,0.31794872879981995
YFR028C,YAL031C,1,-0.23163588,0.2013559341430664,0.8016194105148315,0.31794872879981995
YEL043W,YGR268C,0,-0.23164843,0.20128770172595978,0.8016194105148315,0.31808367371559143
YMR061W,YMR034C,0,-0.2317946,0.20121951401233673,0.8016194105148315,0.3182186186313629
YJL117W,YNL284C,0,-0.23244758,0.20115137100219727,0.8016194105148315,0.3183535635471344
YLR429W,YJL053W,0,-0.23251295,0.20108327269554138,0.8016194105148315,0.31848853826522827
YPL240C,YIR038C,0,-0.2328498,0.20101523399353027,0.8016194105148315,0.31862348318099976
YGL256W,YLR209C,0,-0.23291904,0.20094722509384155,0.8016194105148315,0.31875842809677124
YNR074C,YGR036C,0,-0.23331448,0.2008792757987976,0.8016194105148315,0.3188933730125427
YPR191W,YPR119W,0,-0.23418102,0.20081135630607605,0.8016194105148315,0.3190283477306366
YGR246C,YOR285W,0,-0.2342995,0.20074349641799927,0.8016194105148315,0.3191632926464081
YDR075W,YFR028C,1,-0.23434335,0.20101352035999298,0.8029689788818359,0.3191632926464081
YOR388C,YKL061W,0,-0.2349717,0.2009456306695938,0.8029689788818359,0.31929823756217957
YNL231C,YLR380W,0,-0.23508814,0.20087778568267822,0.8029689788818359,0.31943321228027344
YKL103C,YBR287W,0,-0.23587638,0.20080998539924622,0.8029689788818359,0.3195681571960449
YPL082C,YBL089W,0,-0.23633726,0.20074224472045898,0.8029689788818359,0.3197031021118164
YOR291W,YLR244C,0,-0.23662397,0.20067453384399414,0.8029689788818359,0.3198380470275879
YIL061C,YHL034C,0,-0.23689818,0.20060688257217407,0.8029689788818359,0.31997302174568176
YDL140C,YHR168W,0,-0.23705328,0.2005392611026764,0.8029689788818359,0.32010796666145325
YIL113W,YBR125C,1,-0.23713723,0.20080862939357758,0.8043184876441956,0.32010796666145325
YIL132C,YGR070W,0,-0.23839234,0.2007409930229187,0.8043184876441956,0.32024291157722473
YER154W,YPR006C,0,-0.23862284,0.2006734013557434,0.8043184876441956,0.3203778564929962
YNR028W,YBR141C,0,-0.23881872,0.2006058543920517,0.8043184876441956,0.3205128312110901
YNR057C,YPR133W-A,0,-0.23886597,0.20053835213184357,0.8043184876441956,0.3206477761268616
YGL209W,YDR373W,0,-0.2397378,0.2004709094762802,0.8043184876441956,0.32078272104263306
YDL107W,YBR182C,0,-0.24058606,0.20040349662303925,0.8043184876441956,0.32091766595840454
YLR330W,YPL208W,0,-0.24117579,0.20033612847328186,0.8043184876441956,0.3210526406764984
YKR071C,YLR394W,0,-0.24119003,0.20026881992816925,0.8043184876441956,0.3211875855922699
YOR126C,YOR226C,0,-0.24187924,0.20020154118537903,0.8043184876441956,0.3213225305080414
YHR004C,YHR109W,0,-0.2422289,0.20013432204723358,0.8043184876441956,0.32145747542381287
YJL029C,YCR002C,0,-0.2422593,0.20006713271141052,0.8043184876441956,0.32159245014190674
YOR297C,YJR040W,0,-0.24262106,0.20000000298023224,0.8043184876441956,0.3217273950576782
YNR028W,YPR138C,0,-0.24280003,0.19993290305137634,0.8043184876441956,0.3218623399734497
YER075C,YFR003C,1,-0.24426338,0.20020121335983276,0.8056679964065552,0.3218623399734497
YGR145W,YGL241W,0,-0.24584022,0.20013409852981567,0.8056679964065552,0.3219973146915436
YGL203C,YDR260C,0,-0.24620104,0.20006702840328217,0.8056679964065552,0.32213225960731506
YLR359W,YDR373W,0,-0.24657822,0.20000000298023224,0.8056679964065552,0.32226720452308655
YGR221C,YKL103C,0,-0.2471631,0.1999330222606659,0.8056679964065552,0.32240214943885803
YLR295C,YLR321C,0,-0.24740084,0.19986608624458313,0.8056679964065552,0.3225371241569519
YDR473C,YNL026W,0,-0.24756081,0.19979919493198395,0.8056679964065552,0.3226720690727234
YMR182C,YOR230W,0,-0.24766237,0.19973234832286835,0.8056679964065552,0.3228070139884949
YDR405W,YDL045C,0,-0.24841015,0.19966554641723633,0.8056679964065552,0.32294195890426636
YGL180W,YKL022C,0,-0.24936317,0.1995987892150879,0.8056679964065552,0.32307693362236023
YNL160W,YBR202W,0,-0.249874,0.19953209161758423,0.8056679964065552,0.3232118785381317
YIL143C,YLR350W,0,-0.2500823,0.19946542382240295,0.8056679964065552,0.3233468234539032
YGR056W,YCL034W,0,-0.25024843,0.19939880073070526,0.8056679964065552,0.3234817683696747
YIL143C,YDR140W,0,-0.2503991,0.19933222234249115,0.8056679964065552,0.32361674308776855
YBR222C,YGR027C,0,-0.25070807,0.19926568865776062,0.8056679964065552,0.32375168800354004
YOL145C,YMR172W,0,-0.25071585,0.19919919967651367,0.8056679964065552,0.3238866329193115
YOR159C,YOL026C,0,-0.2508086,0.1991327553987503,0.8056679964065552,0.324021577835083
YGR169C,YDR062W,0,-0.25260413,0.19906635582447052,0.8056679964065552,0.3241565525531769
YJL155C,YJL117W,0,-0.25266218,0.19900000095367432,0.8056679964065552,0.32429149746894836
YDL078C,YDR332W,0,-0.2536502,0.1989336907863617,0.8056679964065552,0.32442644238471985
YNL073W,YFL013C,0,-0.2539716,0.19886742532253265,0.8056679964065552,0.3245614171028137
YGL019W,YBR072W,0,-0.25419265,0.1988012045621872,0.8056679964065552,0.3246963620185852
YNL160W,YNR010W,0,-0.2542107,0.19873501360416412,0.8056679964065552,0.3248313069343567
YFL033C,YHR168W,0,-0.2542572,0.19866888225078583,0.8056679964065552,0.3249662518501282
YDL035C,YNR010W,0,-0.2552614,0.1986027956008911,0.8056679964065552,0.32510122656822205
YNR032W,YPL137C,1,-0.25670153,0.19886930286884308,0.8070175647735596,0.32510122656822205
YMR321C,YOR298W,0,-0.25780135,0.19880318641662598,0.8070175647735596,0.32523617148399353
YDL054C,YGL019W,0,-0.25863665,0.19873711466789246,0.8070175647735596,0.325371116399765
YNL032W,YDL006W,1,-0.25886783,0.19900332391262054,0.8083670735359192,0.325371116399765
YKL186C,YML132W,0,-0.25947708,0.19893723726272583,0.8083670735359192,0.3255060613155365
YKL009W,YKL061W,0,-0.25980005,0.1988711804151535,0.8083670735359192,0.32564103603363037
YJL103C,YKL022C,0,-0.25985506,0.19880518317222595,0.8083670735359192,0.32577598094940186
YJL155C,YLR164W,0,-0.25991988,0.1987392157316208,0.8083670735359192,0.32591092586517334
YKL180W,YOR089C,0,-0.25997773,0.1986732929944992,0.8083670735359192,0.3260458707809448
YNL032W,YOR014W,1,-0.26013216,0.1989389955997467,0.8097165822982788,0.3260458707809448
YML071C,YML099C,0,-0.26169324,0.19887305796146393,0.8097165822982788,0.3261808454990387
YDR492W,YOR209C,0,-0.2623527,0.19880715012550354,0.8097165822982788,0.3263157904148102
YJL155C,YLR309C,0,-0.26275238,0.19874130189418793,0.8097165822982788,0.32645073533058167
YGL190C,YIL113W,1,-0.26289886,0.19900661706924438,0.8110661506652832,0.32645073533058167
YJR147W,YKL171W,0,-0.2635951,0.19894075393676758,0.8110661506652832,0.32658568024635315
YGR036C,YOR020C,0,-0.26381683,0.19887492060661316,0.8110661506652832,0.326720654964447
YMR276W,YNL284C,0,-0.26437402,0.19880913197994232,0.8110661506652832,0.3268555998802185
YEL069C,YDL202W,0,-0.26616222,0.19874338805675507,0.8110661506652832,0.32699054479599
YMR169C,YGR276C,0,-0.26673576,0.1986776888370514,0.8110661506652832,0.32712551951408386
YDR026C,YPR149W,0,-0.26691604,0.1986120343208313,0.8110661506652832,0.32726046442985535
YMR137C,YNL070W,0,-0.2669903,0.1985464096069336,0.8110661506652832,0.32739540934562683
YNL238W,YKL144C,0,-0.26720658,0.19848084449768066,0.8110661506652832,0.3275303542613983
YIL061C,YNR003C,0,-0.26724732,0.19841532409191132,0.8110661506652832,0.3276653289794922
YOR378W,YOR298W,0,-0.26785135,0.19834983348846436,0.8110661506652832,0.32780027389526367
YGR221C,YLR080W,0,-0.2683947,0.19828438758850098,0.8110661506652832,0.32793521881103516
YPR137W,YLR264W,0,-0.26898313,0.19821900129318237,0.8110661506652832,0.32807016372680664
YPR011C,YDR414C,0,-0.2694379,0.19815364480018616,0.8110661506652832,0.3282051384449005
YDL111C,YMR270C,0,-0.2704224,0.19808833301067352,0.8110661506652832,0.328340083360672
YKL175W,YDR207C,0,-0.27063757,0.19802306592464447,0.8110661506652832,0.3284750282764435
YDR378C,YNL122C,0,-0.27064177,0.197957843542099,0.8110661506652832,0.32860997319221497
YBR195C,YJL192C,0,-0.27117535,0.19789265096187592,0.8110661506652832,0.32874494791030884
YBL056W,YER054C,1,-0.27131075,0.1981566846370697,0.8124156594276428,0.32874494791030884
YOR074C,YDR245W,0,-0.2716801,0.19809147715568542,0.8124156594276428,0.3288798928260803
YBR045C,YLR361C,1,-0.27213472,0.19835525751113892,0.8137651681900024,0.3288798928260803
YER103W,YKL041W,0,-0.27219453,0.19829003512859344,0.8137651681900024,0.3290148377418518
YNL304W,YGL216W,0,-0.27222165,0.19822485744953156,0.8137651681900024,0.3291498124599457
YLR029C,YJR070C,0,-0.2729342,0.19815970957279205,0.8137651681900024,0.32928475737571716
YML058W-A,YDR373W,0,-0.2735717,0.19809460639953613,0.8137651681900024,0.32941970229148865
YDR151C,YDL040C,0,-0.2742663,0.198029562830925,0.8137651681900024,0.32955464720726013
YKL061W,YJR140C,0,-0.27451697,0.19796454906463623,0.8137651681900024,0.329689621925354
YLR321C,YDR262W,0,-0.27540508,0.19789958000183105,0.8137651681900024,0.3298245668411255
YNL182C,YCR012W,0,-0.27540624,0.19783464074134827,0.8137651681900024,0.329959511756897
YPL252C,YGR246C,0,-0.27611822,0.19776976108551025,0.8137651681900024,0.33009445667266846
YDR371W,YJR006W,0,-0.27624506,0.19770491123199463,0.8137651681900024,0.33022943139076233
YJL130C,YGL004C,0,-0.2766528,0.19764012098312378,0.8137651681900024,0.3303643763065338
YJL172W,YMR172W,0,-0.27717414,0.19757536053657532,0.8137651681900024,0.3304993212223053
YLR244C,YOR349W,0,-0.27718323,0.19751064479351044,0.8137651681900024,0.3306342661380768
YML051W,YJR057W,0,-0.27770206,0.19744597375392914,0.8137651681900024,0.33076924085617065
YHR074W,YLL034C,0,-0.2786211,0.19738134741783142,0.8137651681900024,0.33090418577194214
YKL082C,YMR145C,0,-0.27873793,0.1973167508840561,0.8137651681900024,0.3310391306877136
YBR261C,YGL163C,0,-0.27894995,0.19725221395492554,0.8137651681900024,0.3311740756034851
YOR304C-A,YER104W,0,-0.27988288,0.19718770682811737,0.8137651681900024,0.331309050321579
YFR003C,YNL053W,1,-0.28054142,0.19745014607906342,0.8151147365570068,0.331309050321579
YAL024C,YBR095C,0,-0.28073657,0.19738562405109406,0.8151147365570068,0.33144399523735046
YGR081C,YKL210W,0,-0.28113854,0.19732113182544708,0.8151147365570068,0.33157894015312195
YEL022W,YLR183C,0,-0.28200704,0.19725669920444489,0.8151147365570068,0.3317139148712158
YJR119C,YPR137W,0,-0.2820535,0.19719229638576508,0.8151147365570068,0.3318488597869873
YKL217W,YIL006W,0,-0.2823214,0.19712793827056885,0.8151147365570068,0.3319838047027588
YBR196C,YLR182W,0,-0.28415558,0.1970636248588562,0.8151147365570068,0.3321187496185303
YGL241W,YBL098W,0,-0.28443414,0.19699934124946594,0.8151147365570068,0.33225372433662415
YKR101W,YHR057C,0,-0.28483564,0.19693511724472046,0.8151147365570068,0.33238866925239563
YER022W,YHR057C,0,-0.28579125,0.19687092304229736,0.8151147365570068,0.3325236141681671
YPL131W,YIL042C,0,-0.28608572,0.19680677354335785,0.8151147365570068,0.3326585590839386
YDR064W,YDL197C,0,-0.28673393,0.19674266874790192,0.8151147365570068,0.33279353380203247
YOL045W,YCR087C-A,0,-0.28773475,0.19667860865592957,0.8151147365570068,0.33292847871780396
YGR113W,YMR273C,0,-0.28845626,0.1966145783662796,0.8151147365570068,0.33306342363357544
YGR252W,YEL041W,0,-0.28864384,0.19655060768127441,0.8151147365570068,0.3331983685493469
YGR167W,YER074W,0,-0.28866792,0.1964866667985916,0.8151147365570068,0.3333333432674408
YOR212W,YKL064W,0,-0.28881037,0.1964227706193924,0.8151147365570068,0.3334682881832123
YBR081C,YOR338W,0,-0.28896028,0.19635890424251556,0.8151147365570068,0.33360323309898376
YGR288W,YIL061C,0,-0.28930345,0.1962950974702835,0.8151147365570068,0.33373817801475525
YGL186C,YOR209C,0,-0.28999168,0.19623132050037384,0.8151147365570068,0.3338731527328491
YGL226C-A,YPR127W,0,-0.29036978,0.19616758823394775,0.8151147365570068,0.3340080976486206
YMR210W,YOR222W,0,-0.29046822,0.19610390067100525,0.8151147365570068,0.3341430425643921
YOR274W,YEL036C,0,-0.29094583,0.19604024291038513,0.8151147365570068,0.33427801728248596
YGR112W,YNL239W,0,-0.2912137,0.1959766447544098,0.8151147365570068,0.33441296219825745
YNL032W,YBR045C,1,-0.291546,0.19623742997646332,0.8164642453193665,0.33441296219825745
YJL166W,YGL169W,0,-0.29163432,0.1961738020181656,0.8164642453193665,0.33454790711402893
YFR021W,YMR321C,0,-0.29174018,0.19611020386219025,0.8164642453193665,0.3346828520298004
YNL073W,YDR476C,0,-0.29204842,0.19604666531085968,0.8164642453193665,0.3348178267478943
YPR162C,YNL297C,0,-0.29258716,0.1959831565618515,0.8164642453193665,0.33495277166366577
YGR169C,YJL172W,0,-0.29456106,0.1959196925163269,0.8164642453193665,0.33508771657943726
YBR261C,YBR026C,0,-0.2952512,0.1958562582731247,0.8164642453193665,0.33522266149520874
YOR393W,YEL056W,0,-0.29552215,0.19579288363456726,0.8164642453193665,0.3353576362133026
YOL145C,YOR393W,0,-0.2955708,0.19572953879833221,0.8164642453193665,0.3354925811290741
YOR084W,YBR067C,0,-0.29651996,0.19566623866558075,0.8164642453193665,0.3356275260448456
YGL212W,YCL026C-B,0,-0.2970612,0.19560296833515167,0.8164642453193665,0.33576247096061707
YMR301C,YJR112W,0,-0.29741892,0.19553975760936737,0.8164642453193665,0.33589744567871094
YIL061C,YMR227C,0,-0.2978013,0.19547657668590546,0.8164642453193665,0.3360323905944824
YOL045W,YAR027W,0,-0.29792202,0.19541344046592712,0.8164642453193665,0.3361673355102539
YJR107W,YPR160W,0,-0.29893047,0.19535033404827118,0.8164642453193665,0.3363022804260254
YBR128C,YMR115W,0,-0.2998733,0.19528728723526,0.8164642453193665,0.33643725514411926
YMR321C,YNL092W,0,-0.30183256,0.19522427022457123,0.8164642453193665,0.33657220005989075
YGR288W,YOL141W,0,-0.30204856,0.19516128301620483,0.8164642453193665,0.33670714497566223
YNL008C,YAL031C,0,-0.30239847,0.19509835541248322,0.8164642453193665,0.3368421196937561
YMR173W,YLR316C,0,-0.30275825,0.19503545761108398,0.8164642453193665,0.3369770646095276
YDL171C,YDR109C,0,-0.30279964,0.19497260451316833,0.8164642453193665,0.3371120095252991
YDR499W,YOR089C,0,-0.3028734,0.19490979611873627,0.8164642453193665,0.33724695444107056
YKL078W,YLR383W,0,-0.3036871,0.1948470175266266,0.8164642453193665,0.33738192915916443
YOL145C,YGL183C,0,-0.30373275,0.1947842836380005,0.8164642453193665,0.3375168740749359
YCL008C,YNL175C,0,-0.3038277,0.19472159445285797,0.8164642453193665,0.3376518189907074
YEL037C,YDR109C,0,-0.30393186,0.19465894997119904,0.8164642453193665,0.3377867639064789
YJL128C,YNR010W,0,-0.30403775,0.1945963352918625,0.8164642453193665,0.33792173862457275
YER054C,YER133W,1,-0.3040831,0.19485530257225037,0.8178137540817261,0.33792173862457275
YER049W,YNR044W,0,-0.3054214,0.19479267299175262,0.8178137540817261,0.33805668354034424
YOR074C,YBR061C,0,-0.30636632,0.19473007321357727,0.8178137540817261,0.3381916284561157
YMR038C,YFR036W,0,-0.30692747,0.1946675181388855,0.8178137540817261,0.3383265733718872
YKL067W,YLR024C,0,-0.30747458,0.1946050077676773,0.8178137540817261,0.3384615480899811
YPR162C,YNL192W,0,-0.30772153,0.1945425420999527,0.8178137540817261,0.33859649300575256
YGR264C,YDL077C,0,-0.30792114,0.19448010623455048,0.8178137540817261,0.33873143792152405
YOR283W,YMR308C,0,-0.30822265,0.19441771507263184,0.8178137540817261,0.33886638283729553
YOR388C,YIL088C,0,-0.30823082,0.19435535371303558,0.8178137540817261,0.3390013575553894
YJL066C,YMR114C,0,-0.30858716,0.1942930370569229,0.8178137540817261,0.3391363024711609
YHR012W,YGR199W,0,-0.30877182,0.19423076510429382,0.8178137540817261,0.3392712473869324
YPR187W,YNL147W,0,-0.30877334,0.19416853785514832,0.8178137540817261,0.33940622210502625
YKL093W,YIL042C,0,-0.3093497,0.1941063404083252,0.8178137540817261,0.33954116702079773
YGR032W,YMR145C,0,-0.3100037,0.19404418766498566,0.8178137540817261,0.3396761119365692
YPL050C,YOR353C,0,-0.3105413,0.1939820796251297,0.8178137540817261,0.3398110568523407
YLR285W,YLR301W,0,-0.3113635,0.19392000138759613,0.8178137540817261,0.33994603157043457
YOR377W,YBR115C,0,-0.3118105,0.19385796785354614,0.8178137540817261,0.34008097648620605
YIL143C,YHR051W,0,-0.31235212,0.19379596412181854,0.8178137540817261,0.34021592140197754
YOR168W,YGR105W,0,-0.31278986,0.19373401999473572,0.8178137540817261,0.340350866317749
YLL041C,YGR281W,0,-0.3128357,0.19367210566997528,0.8178137540817261,0.3404858410358429
YFR003C,YGR161C,1,-0.3128374,0.19392971694469452,0.8191633224487305,0.3404858410358429
YPL273W,YLR316C,0,-0.31286106,0.1938677728176117,0.8191633224487305,0.3406207859516144
YDR414C,YGL233W,0,-0.31307486,0.19380587339401245,0.8191633224487305,0.34075573086738586
YKL190W,YNL298W,0,-0.31361127,0.1937440186738968,0.8191633224487305,0.34089067578315735
YOR215C,YGL220W,0,-0.31376284,0.19368219375610352,0.8191633224487305,0.3410256505012512
YLR386W,YHR082C,0,-0.31387657,0.19362041354179382,0.8191633224487305,0.3411605954170227
YGR221C,YBR006W,0,-0.3139096,0.1935586780309677,0.8191633224487305,0.3412955403327942
YHR039C-A,YMR099C,0,-0.31418586,0.193496972322464,0.8191633224487305,0.3414304852485657
YCR011C,YPL011C,0,-0.3143415,0.19343531131744385,0.8191633224487305,0.34156545996665955
YOR291W,YEL037C,0,-0.31446916,0.1933736801147461,0.8191633224487305,0.34170040488243103
YDR492W,YOR275C,0,-0.3148828,0.19331210851669312,0.8191633224487305,0.3418353497982025
YGR084C,YGR271W,0,-0.31500763,0.19325055181980133,0.8191633224487305,0.3419703245162964
YJL117W,YOR313C,0,-0.3151202,0.19318905472755432,0.8191633224487305,0.34210526943206787
YOR159C,YEL037C,0,-0.3151675,0.1931275874376297,0.8191633224487305,0.34224021434783936
YOL057W,YNL259C,0,-0.31543913,0.19306616485118866,0.8191633224487305,0.34237515926361084
YPL200W,YPL208W,0,-0.3154721,0.19300477206707,0.8191633224487305,0.3425101339817047
YMR203W,YLR348C,0,-0.3156363,0.19294342398643494,0.8191633224487305,0.3426450788974762
YAL016W,YER054C,1,-0.31693897,0.19319987297058105,0.8205128312110901,0.3426450788974762
YGR118W,YML132W,0,-0.31696582,0.1931384950876236,0.8205128312110901,0.3427800238132477
YDL134C,YPL137C,1,-0.31712693,0.193394735455513,0.8218623399734497,0.3427800238132477
YDR454C,YOR311C,0,-0.3173084,0.19333332777023315,0.8218623399734497,0.34291496872901917
YPR189W,YCL008C,0,-0.3176308,0.19327197968959808,0.8218623399734497,0.34304994344711304
YHR012W,YPR162C,0,-0.31765392,0.1932106614112854,0.8218623399734497,0.3431848883628845
YPL134C,YMR218C,0,-0.31817532,0.1931493878364563,0.8218623399734497,0.343319833278656
YML049C,YOL054W,0,-0.3184936,0.19308814406394958,0.8218623399734497,0.3434547781944275
YJR040W,YJL171C,0,-0.31859672,0.19302694499492645,0.8218623399734497,0.34358975291252136
YCR030C,YOL151W,0,-0.31970704,0.1929657757282257,0.8218623399734497,0.34372469782829285
YDL097C,YGR222W,0,-0.31991526,0.19290465116500854,0.8218623399734497,0.34385964274406433
YKL117W,YBL091C-A,0,-0.32016933,0.19284357130527496,0.8218623399734497,0.3439945876598358
YJL114W,YBR177C,0,-0.32028812,0.19278252124786377,0.8218623399734497,0.3441295623779297
YOR237W,YKR026C,0,-0.32052395,0.19272151589393616,0.8218623399734497,0.34426450729370117
YOR038C,YNL192W,0,-0.32076356,0.19266055524349213,0.8218623399734497,0.34439945220947266
YGR145W,YLR268W,0,-0.32107043,0.19259962439537048,0.8218623399734497,0.34453442692756653
YDL227C,YOL062C,0,-0.32215762,0.19253872334957123,0.8218623399734497,0.344669371843338
YGR089W,YNL239W,0,-0.32226455,0.19247788190841675,0.8218623399734497,0.3448043167591095
YDR411C,YPL273W,0,-0.32255965,0.19241705536842346,0.8218623399734497,0.344939261674881
YKL078W,YDL197C,0,-0.3228737,0.19235628843307495,0.8218623399734497,0.34507423639297485
YGL172W,YNR010W,0,-0.32316676,0.19229555130004883,0.8218623399734497,0.34520918130874634
YOR212W,YBL091C-A,0,-0.32354146,0.1922348439693451,0.8218623399734497,0.3453441262245178
YPL183W-A,YBL068W,0,-0.32355303,0.19217418134212494,0.8218623399734497,0.3454790711402893
YPR144C,YKR035W-A,0,-0.32359216,0.19211356341838837,0.8218623399734497,0.3456140458583832
YCR011C,YNL092W,0,-0.32433128,0.19205297529697418,0.8218623399734497,0.34574899077415466
YDR512C,YKL094W,0,-0.32449514,0.19199243187904358,0.8218623399734497,0.34588393568992615
YDR499W,YPL122C,0,-0.32491726,0.19193191826343536,0.8218623399734497,0.34601888060569763
YPL276W,YDL021W,0,-0.3251416,0.19187144935131073,0.8218623399734497,0.3461538553237915
YMR228W,YDL097C,0,-0.32519406,0.19181102514266968,0.8218623399734497,0.346288800239563
YBR223C,YMR087W,0,-0.32523322,0.191750630736351,0.8218623399734497,0.3464237451553345
YMR186W,YOR299W,0,-0.3252702,0.19169028103351593,0.8218623399734497,0.34655869007110596
YML071C,YDR332W,0,-0.32606736,0.19162996113300323,0.8218623399734497,0.34669366478919983
YPR196W,YDR389W,0,-0.32626337,0.19156967103481293,0.8218623399734497,0.3468286097049713
YFL057C,YJR063W,0,-0.32635242,0.1915094405412674,0.8218623399734497,0.3469635546207428
YOR393W,YMR075W,0,-0.32662234,0.19144922494888306,0.8218623399734497,0.34709852933883667
YIL061C,YGL170C,0,-0.32666588,0.1913890689611435,0.8218623399734497,0.34723347425460815
YJR004C,YDR498C,0,-0.32721007,0.19132892787456512,0.8218623399734497,0.34736841917037964
YFR045W,YLR219W,0,-0.3275574,0.19126884639263153,0.8218623399734497,0.3475033640861511
YNL178W,YNL302C,0,-0.32792795,0.19120879471302032,0.8218623399734497,0.347638338804245
YPL002C,YNL223W,0,-0.3281666,0.1911487728357315,0.8218623399734497,0.3477732837200165
YDL059C,YDR423C,0,-0.32852986,0.19108879566192627,0.8218623399734497,0.34790822863578796
YLR129W,YER090W,0,-0.3286099,0.19102886319160461,0.8218623399734497,0.34804317355155945
YNL070W,YOR194C,0,-0.3290506,0.19096896052360535,0.8218623399734497,0.3481781482696533
YNL304W,YJL004C,0,-0.32925528,0.19090908765792847,0.8218623399734497,0.3483130931854248
YDR034C,YOR168W,0,-0.32931203,0.19084925949573517,0.8218623399734497,0.3484480381011963
YDL029W,YOR393W,0,-0.3294193,0.19078947603702545,0.8218623399734497,0.3485829830169678
YDR518W,YDR207C,0,-0.3303109,0.19072972238063812,0.8218623399734497,0.34871795773506165
YBR020W,YKL082C,0,-0.33047026,0.19067001342773438,0.8218623399734497,0.34885290265083313
YAL038W,YGR105W,0,-0.33073443,0.19061033427715302,0.8218623399734497,0.3489878475666046
YGL037C,YMR090W,0,-0.33089963,0.19055068492889404,0.8218623399734497,0.3491227924823761
YGL026C,YKR066C,0,-0.33119512,0.19049108028411865,0.8218623399734497,0.34925776720046997
YIL143C,YDL061C,0,-0.33121863,0.19043152034282684,0.8218623399734497,0.34939271211624146
YMR039C,YOL052C,0,-0.33122265,0.19037199020385742,0.8218623399734497,0.34952765703201294
YBR276C,YPL137C,1,-0.33142322,0.19062499701976776,0.8232118487358093,0.34952765703201294
YGL050W,YBR257W,0,-0.33227047,0.19056545197963715,0.8232118487358093,0.3496626317501068
YGR036C,YGL163C,0,-0.33266637,0.19050593674182892,0.8232118487358093,0.3497975766658783
YMR020W,YMR321C,0,-0.3336286,0.19044645130634308,0.8232118487358093,0.3499325215816498
YCR087C-A,YBL085W,0,-0.3340981,0.19038701057434082,0.8232118487358093,0.35006746649742126
YBR247C,YOR084W,0,-0.3352513,0.19032761454582214,0.8232118487358093,0.35020244121551514
YDL111C,YNL121C,0,-0.3363032,0.19026824831962585,0.8232118487358093,0.3503373861312866
YFL057C,YBR287W,0,-0.33654553,0.19020891189575195,0.8232118487358093,0.3504723310470581
YKR035W-A,YMR115W,0,-0.33678222,0.19014962017536163,0.8232118487358093,0.3506072759628296
YDR174W,YBR257W,0,-0.3376862,0.1900903731584549,0.8232118487358093,0.35074225068092346
YLR404W,YDR416W,0,-0.3377664,0.19003115594387054,0.8232118487358093,0.35087719559669495
YGR052W,YPR125W,0,-0.3380981,0.18997196853160858,0.8232118487358093,0.35101214051246643
YPL167C,YMR143W,0,-0.33816442,0.1899128258228302,0.8232118487358093,0.3511470854282379
YLR145W,YBR010W,0,-0.33854994,0.1898537129163742,0.8232118487358093,0.3512820601463318
YKL144C,YLL012W,0,-0.33895928,0.1897946447134018,0.8232118487358093,0.35141700506210327
YGR239C,YCL034W,0,-0.33911067,0.18973562121391296,0.8232118487358093,0.35155194997787476
YFR029W,YBR061C,0,-0.33969387,0.18967661261558533,0.8232118487358093,0.35168689489364624
YDL179W,YJR032W,0,-0.34010267,0.18961766362190247,0.8232118487358093,0.3518218696117401
YOL045W,YER087W,0,-0.3402209,0.1895587295293808,0.8232118487358093,0.3519568145275116
YMR168C,YLR157C,0,-0.34112686,0.1894998401403427,0.8232118487358093,0.3520917594432831
YDR518W,YFL001W,0,-0.34120846,0.1894409954547882,0.8232118487358093,0.35222673416137695
YJR082C,YMR319C,0,-0.34135553,0.1893821805715561,0.8232118487358093,0.35236167907714844
YGL103W,YKL095W,0,-0.34289837,0.18932339549064636,0.8232118487358093,0.3524966239929199
YPL147W,YLR151C,0,-0.34361565,0.18926465511322021,0.8232118487358093,0.3526315689086914
YFL038C,YJL060W,0,-0.34401637,0.18920595943927765,0.8232118487358093,0.3527665436267853
YLR228C,YKR006C,0,-0.34448963,0.18914729356765747,0.8232118487358093,0.35290148854255676
YLR129W,YJR112W,0,-0.34480253,0.18908865749835968,0.8232118487358093,0.35303643345832825
YER168C,YGR134W,0,-0.34528664,0.18903006613254547,0.8232118487358093,0.35317137837409973
YBR118W,YOR180C,0,-0.34534246,0.18897150456905365,0.8232118487358093,0.3533063530921936
YPR001W,YOR294W,0,-0.34544173,0.18891297280788422,0.8232118487358093,0.3534412980079651
YDR059C,YJL103C,0,-0.34591508,0.18885448575019836,0.8232118487358093,0.3535762429237366
YOL052C,YJR040W,0,-0.3460735,0.1887960433959961,0.8232118487358093,0.35371118783950806
YDR173C,YGL051W,0,-0.3474766,0.1887376308441162,0.8232118487358093,0.35384616255760193
YHR066W,YMR179W,0,-0.34751227,0.18867924809455872,0.8232118487358093,0.3539811074733734
YBR195C,YKR019C,0,-0.34780854,0.1886209100484848,0.8232118487358093,0.3541160523891449
YHR012W,YGR271W,0,-0.34803918,0.18856260180473328,0.8232118487358093,0.3542509973049164
YHR175W,YDL170W,0,-0.34819126,0.18850432336330414,0.8232118487358093,0.35438597202301025
YDR144C,YKR035W-A,0,-0.3484645,0.18844608962535858,0.8232118487358093,0.35452091693878174
YDR026C,YJR034W,0,-0.3485651,0.1883879005908966,0.8232118487358093,0.3546558618545532
YEL022W,YGR239C,0,-0.34894875,0.18832972645759583,0.8232118487358093,0.3547908365726471
YHR002W,YKR101W,0,-0.35004175,0.18827161192893982,0.8232118487358093,0.3549257814884186
YBR282W,YJR032W,0,-0.35056892,0.188213512301445,0.8232118487358093,0.35506072640419006
YIL002C,YMR180C,0,-0.35147578,0.18815545737743378,0.8232118487358093,0.35519567131996155
YOR147W,YML036W,0,-0.35154247,0.18809744715690613,0.8232118487358093,0.3553306460380554
YKL103C,YJR130C,0,-0.35156554,0.18803945183753967,0.8232118487358093,0.3554655909538269
YNR074C,YGR010W,0,-0.3523382,0.187981516122818,0.8232118487358093,0.3556005358695984
YHR004C,YBL079W,0,-0.35243645,0.1879235953092575,0.8232118487358093,0.3557354807853699
YKL190W,YCL018W,0,-0.3531199,0.1878657191991806,0.8232118487358093,0.35587045550346375
YMR115W,YBL079W,0,-0.35312098,0.18780788779258728,0.8232118487358093,0.35600540041923523
YKL093W,YLL033W,0,-0.35365158,0.18775007128715515,0.8232118487358093,0.3561403453350067
YBR230C,YNR044W,0,-0.35409504,0.1876923143863678,0.8232118487358093,0.3562752902507782
YGR145W,YBR067C,0,-0.35422146,0.18763457238674164,0.8232118487358093,0.35641026496887207
YKL090W,YPR167C,0,-0.3542878,0.18757687509059906,0.8232118487358093,0.35654520988464355
YJR057W,YNL070W,0,-0.35528538,0.18751920759677887,0.8232118487358093,0.35668015480041504
YMR097C,YNL138W,0,-0.3567167,0.18746158480644226,0.8232118487358093,0.3568151295185089
YDR245W,YDR404C,0,-0.3567295,0.18740399181842804,0.8232118487358093,0.3569500744342804
YMR032W,YGL256W,0,-0.3568155,0.1873464435338974,0.8232118487358093,0.3570850193500519
YBR195C,YOL111C,0,-0.3568287,0.18728891015052795,0.8232118487358093,0.35721996426582336
YIL002C,YGL212W,0,-0.35769477,0.18723143637180328,0.8232118487358093,0.35735493898391724
YBR195C,YJL085W,0,-0.35785455,0.1871739774942398,0.8232118487358093,0.3574898838996887
YER145C,YER137C,0,-0.3580106,0.1871165633201599,0.8232118487358093,0.3576248288154602
YPR111W,YJL053W,0,-0.35861623,0.1870591789484024,0.8232118487358093,0.3577597737312317
YAL017W,YDL035C,0,-0.35867554,0.18700183928012848,0.8232118487358093,0.35789474844932556
YPL252C,YKR069W,0,-0.35867804,0.18694452941417694,0.8232118487358093,0.35802969336509705
YPR187W,YPR149W,0,-0.35991943,0.1868872493505478,0.8232118487358093,0.35816463828086853
YNL053W,YIR026C,1,-0.36026013,0.18713629245758057,0.8245614171028137,0.35816463828086853
YDL084W,YJL192C,0,-0.3611974,0.18707899749279022,0.8245614171028137,0.35829958319664
YMR089C,YPL274W,0,-0.36132544,0.18702173233032227,0.8245614171028137,0.3584345579147339
YGL169W,YNL230C,0,-0.36163288,0.1869644969701767,0.8245614171028137,0.35856950283050537
YML006C,YNL027W,0,-0.36229303,0.1869073063135147,0.8245614171028137,0.35870444774627686
YDR527W,YBL034C,0,-0.364726,0.1868501454591751,0.8245614171028137,0.35883939266204834
YMR054W,YMR078C,0,-0.3651093,0.1867930293083191,0.8245614171028137,0.3589743673801422
YNL153C,YMR228W,0,-0.36564454,0.18673594295978546,0.8245614171028137,0.3591093122959137
YKL003C,YMR240C,0,-0.36684474,0.18667888641357422,0.8245614171028137,0.3592442572116852
YMR112C,YBR067C,0,-0.36703306,0.18662187457084656,0.8245614171028137,0.35937923192977905
YNL271C,YDR159W,0,-0.36739272,0.18656489253044128,0.8245614171028137,0.35951417684555054
YGR246C,YER168C,0,-0.36751002,0.1865079402923584,0.8245614171028137,0.359649121761322
YIL088C,YPL151C,0,-0.36799282,0.1864510178565979,0.8245614171028137,0.3597840666770935
YPR111W,YGR199W,0,-0.36938488,0.18639414012432098,0.8245614171028137,0.3599190413951874
YOL086C,YKL020C,0,-0.3700327,0.18633729219436646,0.8245614171028137,0.36005398631095886
YEL029C,YDL077C,0,-0.37020552,0.1862804889678955,0.8245614171028137,0.36018893122673035
YDR497C,YMR099C,0,-0.3709197,0.18622371554374695,0.8245614171028137,0.36032387614250183
YJL155C,YPL082C,0,-0.3712135,0.18616697192192078,0.8245614171028137,0.3604588508605957
YGL209W,YKL144C,0,-0.371311,0.186110258102417,0.8245614171028137,0.3605937957763672
YLR203C,YJR005W,0,-0.37133327,0.1860535889863968,0.8245614171028137,0.36072874069213867
YMR200W,YPL065W,0,-0.37195835,0.18599694967269897,0.8245614171028137,0.36086368560791016
YKR036C,YBR150C,0,-0.37227768,0.18594035506248474,0.8245614171028137,0.36099866032600403
YDR378C,YML128C,0,-0.3724485,0.1858837902545929,0.8245614171028137,0.3611336052417755
YER054C,YFR003C,1,-0.3726545,0.18613138794898987,0.8259109258651733,0.3611336052417755
YMR238W,YOR142W,0,-0.3730844,0.18607479333877563,0.8259109258651733,0.361268550157547
YDR460W,YDR222W,0,-0.3740986,0.18601824343204498,0.8259109258651733,0.3614034950733185
YGL183C,YMR160W,0,-0.37424704,0.18596170842647552,0.8259109258651733,0.36153846979141235
YDR172W,YBR080C,0,-0.37445435,0.18590521812438965,0.8259109258651733,0.36167341470718384
YJR040W,YDL128W,0,-0.37455747,0.18584877252578735,0.8259109258651733,0.3618083596229553
YBR202W,YGL162W,0,-0.37514496,0.18579235672950745,0.8259109258651733,0.3619433343410492
YBR002C,YLR300W,0,-0.37536764,0.18573597073554993,0.8259109258651733,0.3620782792568207
YJL225C,YDR173C,0,-0.3759284,0.1856796145439148,0.8259109258651733,0.36221322417259216
YGL226C-A,YPL273W,0,-0.3761202,0.18562328815460205,0.8259109258651733,0.36234816908836365
YOR323C,YBR281C,0,-0.37679005,0.1855670064687729,0.8259109258651733,0.3624831438064575
YNR035C,YNL290W,0,-0.3774902,0.1855107545852661,0.8259109258651733,0.362618088722229
YOR291W,YMR034C,0,-0.37751836,0.18545454740524292,0.8259109258651733,0.3627530336380005
YDL107W,YNR028W,0,-0.37792143,0.18539837002754211,0.8259109258651733,0.362887978553772
YMR218C,YDR159W,0,-0.3779323,0.1853422224521637,0.8259109258651733,0.36302295327186584
YKL166C,YER168C,0,-0.37827337,0.18528610467910767,0.8259109258651733,0.36315789818763733
YIL002C,YFL014W,0,-0.37834087,0.18523003160953522,0.8259109258651733,0.3632928431034088
YGL190C,YMR036C,1,-0.37860096,0.18547655642032623,0.827260434627533,0.3632928431034088
YFL048C,YNL298W,0,-0.3788516,0.1854204535484314,0.827260434627533,0.3634277880191803
YLR404W,YKL210W,0,-0.3789199,0.18536438047885895,0.827260434627533,0.36356276273727417
YPR026W,YMR273C,0,-0.3799386,0.1853083372116089,0.827260434627533,0.36369770765304565
YDR137W,YAL017W,0,-0.3801242,0.1852523386478424,0.827260434627533,0.36383265256881714
YER075C,YBR045C,1,-0.3803246,0.18549849092960358,0.8286100029945374,0.36383265256881714
YER089C,YOR090C,1,-0.38041452,0.1857444941997528,0.829959511756897,0.36383265256881714
YLR291C,YMR115W,0,-0.38049892,0.18568840622901917,0.829959511756897,0.3639675974845886
YNL232W,YKL206C,0,-0.3808974,0.1856323629617691,0.829959511756897,0.3641025722026825
YBR260C,YHR156C,0,-0.3809866,0.18557634949684143,0.829959511756897,0.364237517118454
YAL022C,YOR194C,0,-0.3816886,0.18552036583423615,0.829959511756897,0.36437246203422546
YOR317W,YKL180W,0,-0.38175872,0.18546441197395325,0.829959511756897,0.36450743675231934
YPR191W,YDL078C,0,-0.38201082,0.18540850281715393,0.829959511756897,0.3646423816680908
YKL041W,YMR054W,0,-0.38248882,0.185352623462677,0.829959511756897,0.3647773265838623
YGL037C,YDL225W,0,-0.38273174,0.18529677391052246,0.829959511756897,0.3649122714996338
YBL052C,YJR103W,0,-0.38300294,0.1852409690618515,0.829959511756897,0.36504724621772766
YMR090W,YJL006C,0,-0.385292,0.18518517911434174,0.829959511756897,0.36518219113349915
YNL128W,YDL006W,1,-0.3854857,0.18543046712875366,0.8313090205192566,0.36518219113349915
YOR230W,YPL183W-A,0,-0.38581607,0.1853746622800827,0.8313090205192566,0.36531713604927063
YKR019C,YDR174W,0,-0.38681063,0.18531888723373413,0.8313090205192566,0.3654520809650421
YMR272C,YOR180C,0,-0.38685527,0.18526315689086914,0.8313090205192566,0.365587055683136
YKL206C,YML036W,0,-0.38704485,0.18520745635032654,0.8313090205192566,0.36572200059890747
YCL008C,YOR162C,0,-0.38715005,0.18515178561210632,0.8313090205192566,0.36585694551467896
YBR120C,YDR364C,0,-0.38742852,0.1850961595773697,0.8313090205192566,0.36599189043045044
YNL160W,YGR252W,0,-0.3876167,0.18504054844379425,0.8313090205192566,0.3661268651485443
YGR144W,YLL017W,0,-0.3879456,0.1849849820137024,0.8313090205192566,0.3662618100643158
YLL045C,YLR401C,0,-0.38826433,0.18492944538593292,0.8313090205192566,0.3663967549800873
YNL052W,YDL148C,0,-0.3883193,0.18487395346164703,0.8313090205192566,0.36653169989585876
YDR410C,YMR200W,0,-0.38901645,0.18481847643852234,0.8313090205192566,0.36666667461395264
YPR167C,YDR476C,0,-0.3891176,0.18476304411888123,0.8313090205192566,0.3668016195297241
YPL213W,YLL033W,0,-0.3895815,0.1847076416015625,0.8313090205192566,0.3669365644454956
YLR264W,YPL188W,0,-0.39025545,0.18465228378772736,0.8313090205192566,0.3670715391635895
YCR011C,YOR299W,0,-0.39039886,0.1845969408750534,0.8313090205192566,0.36720648407936096
YDR059C,YOL043C,0,-0.39181957,0.18454164266586304,0.8313090205192566,0.36734142899513245
YGR113W,YDR457W,0,-0.3923858,0.18448637425899506,0.8313090205192566,0.36747637391090393
YLR182W,YNL080C,0,-0.3926205,0.18443113565444946,0.8313090205192566,0.3676113486289978
YNL267W,YBL034C,0,-0.39263266,0.18437594175338745,0.8313090205192566,0.3677462935447693
YNL138W,YPL050C,0,-0.39300713,0.18432076275348663,0.8313090205192566,0.36788123846054077
YIL061C,YNL122C,0,-0.39308947,0.1842656284570694,0.8313090205192566,0.36801618337631226
YPL196W,YJR103W,0,-0.39326292,0.18421052396297455,0.8313090205192566,0.36815115809440613
YIL020C,YJL004C,0,-0.39331475,0.1841554492712021,0.8313090205192566,0.3682861030101776
YPL276W,YMR203W,0,-0.39486974,0.1841004192829132,0.8313090205192566,0.3684210479259491
YGL162W,YER150W,0,-0.39515468,0.18404541909694672,0.8313090205192566,0.3685559928417206
YCR060W,YMR246W,0,-0.39537138,0.1839904487133026,0.8313090205192566,0.36869096755981445
YDR059C,YGR271W,0,-0.39567208,0.1839355081319809,0.8313090205192566,0.36882591247558594
YBR125C,YIR026C,1,-0.39584717,0.18417909741401672,0.832658588886261,0.36882591247558594
YNL307C,YIL132C,0,-0.39588195,0.1841241419315338,0.832658588886261,0.3689608573913574
YJL206C,YLR350W,0,-0.39608234,0.1840692162513733,0.832658588886261,0.3690958023071289
YOR310C,YKL201C,0,-0.39658764,0.18401432037353516,0.832658588886261,0.3692307770252228
YDR254W,YPR119W,0,-0.39713675,0.1839594542980194,0.832658588886261,0.36936572194099426
YDR351W,YGR077C,0,-0.3982251,0.18390461802482605,0.832658588886261,0.36950066685676575
YNL273W,YOL107W,0,-0.39847296,0.18384982645511627,0.832658588886261,0.3696356415748596
YPL127C,YPL087W,0,-0.3986378,0.1837950497865677,0.832658588886261,0.3697705864906311
YBR045C,YIR026C,1,-0.3993454,0.18403811752796173,0.8340080976486206,0.3697705864906311
YGR238C,YBR072W,0,-0.4005357,0.18398332595825195,0.8340080976486206,0.3699055314064026
YBR247C,YNL073W,0,-0.40089476,0.18392856419086456,0.8340080976486206,0.3700404763221741
YGR077C,YBL034C,0,-0.40122622,0.18387384712696075,0.8340080976486206,0.37017545104026794
YDR059C,YCL043C,0,-0.40124696,0.18381915986537933,0.8340080976486206,0.37031039595603943
YCR060W,YPL119C,0,-0.40146512,0.1837645024061203,0.8340080976486206,0.3704453408718109
YGL212W,YAL029C,0,-0.40193614,0.18370987474918365,0.8340080976486206,0.3705802857875824
YGR251W,YJL144W,0,-0.40195316,0.1836552768945694,0.8340080976486206,0.37071526050567627
YNR074C,YBR172C,0,-0.4025077,0.18360070884227753,0.8340080976486206,0.37085020542144775
YPR002W,YHR082C,0,-0.40294623,0.18354618549346924,0.8340080976486206,0.37098515033721924
YIL021W,YJL004C,0,-0.40392697,0.18349169194698334,0.8340080976486206,0.3711200952529907
YMR168C,YCL008C,0,-0.40429008,0.18343722820281982,0.8340080976486206,0.3712550699710846
YGR134W,YNL290W,0,-0.40492344,0.1833827942609787,0.8340080976486206,0.3713900148868561
YOR274W,YLR033W,0,-0.40589958,0.18332839012145996,0.8340080976486206,0.37152495980262756
YGR216C,YKR068C,0,-0.4069908,0.1832740157842636,0.8340080976486206,0.37165990471839905
YDR137W,YJL213W,0,-0.407813,0.18321968615055084,0.8340080976486206,0.3717948794364929
YLR344W,YJR032W,0,-0.40851936,0.18316538631916046,0.8340080976486206,0.3719298243522644
YNL053W,YPL179W,1,-0.40885907,0.18340741097927094,0.8353576064109802,0.3719298243522644
YLR187W,YPL007C,0,-0.40896326,0.18335308134555817,0.8353576064109802,0.3720647692680359
YDL179W,YMR270C,0,-0.40974897,0.18329878151416779,0.8353576064109802,0.37219974398612976
YBL046W,YDL188C,1,-0.4097705,0.18354055285453796,0.8367071747779846,0.37219974398612976
YGR214W,YKL172W,0,-0.4101343,0.1834862381219864,0.8367071747779846,0.37233468890190125
YOL057W,YKL186C,0,-0.41116354,0.1834319531917572,0.8367071747779846,0.37246963381767273
YLR329W,YPL112C,0,-0.41141465,0.1833776980638504,0.8367071747779846,0.3726045787334442
YNL236W,YLR073C,0,-0.41158256,0.183323472738266,0.8367071747779846,0.3727395534515381
YDR499W,YDR389W,0,-0.4120267,0.18326929211616516,0.8367071747779846,0.37287449836730957
YPL151C,YKL013C,0,-0.41256106,0.18321512639522552,0.8367071747779846,0.37300944328308105
YDR172W,YAL029C,0,-0.41277274,0.18316100537776947,0.8367071747779846,0.37314438819885254
YMR089C,YDL215C,0,-0.4128635,0.1831069141626358,0.8367071747779846,0.3732793629169464
YPR011C,YPR190C,0,-0.4144068,0.18305285274982452,0.8367071747779846,0.3734143078327179
YJL134W,YMR075W,0,-0.4145491,0.18299882113933563,0.8367071747779846,0.3735492527484894
YPL137C,YOR090C,1,-0.41553065,0.1832398921251297,0.8380566835403442,0.3735492527484894
YPR200C,YLR301W,0,-0.41584197,0.18318584561347961,0.8380566835403442,0.37368419766426086
YMR077C,YOL108C,0,-0.41585428,0.18313181400299072,0.8380566835403442,0.37381917238235474
YDL029W,YLR005W,0,-0.41690958,0.1830778270959854,0.8380566835403442,0.3739541172981262
YLL051C,YNR021W,0,-0.41702124,0.1830238699913025,0.8380566835403442,0.3740890622138977
YPL098C,YKL095W,0,-0.41712254,0.18296994268894196,0.8380566835403442,0.3742240071296692
YBL079W,YBL092W,0,-0.41721216,0.182916060090065,0.8380566835403442,0.37435898184776306
YOL102C,YHR085W,0,-0.41835687,0.18286219239234924,0.8380566835403442,0.37449392676353455
YDR081C,YPL027W,0,-0.41850823,0.18280835449695587,0.8380566835403442,0.37462887167930603
YGR171C,YCL052C,0,-0.41860336,0.18275456130504608,0.8380566835403442,0.3747638463973999
YDR383C,YGL212W,0,-0.41873252,0.18270079791545868,0.8380566835403442,0.3748987913131714
YOR393W,YAL039C,0,-0.41882908,0.18264706432819366,0.8380566835403442,0.37503373622894287
YDR138W,YPR159W,0,-0.42030635,0.18259336054325104,0.8380566835403442,0.37516868114471436
YBR223C,YNR072W,0,-0.420596,0.1825396865606308,0.8380566835403442,0.3753036558628082
YGL037C,YKR101W,0,-0.4218908,0.18248604238033295,0.8380566835403442,0.3754386007785797
YGL158W,YJL149W,0,-0.42192826,0.18243242800235748,0.8380566835403442,0.3755735456943512
YDR131C,YLR145W,0,-0.42346317,0.1823788583278656,0.8380566835403442,0.3757084906101227
YHR082C,YPR043W,0,-0.42400277,0.1823253035545349,0.8380566835403442,0.37584346532821655
YDR373W,YBR192W,0,-0.42401662,0.1822717934846878,0.8380566835403442,0.37597841024398804
YMR013C,YJL066C,0,-0.42418307,0.18221831321716309,0.8380566835403442,0.3761133551597595
YJL166W,YPL183W-A,0,-0.4242146,0.18216486275196075,0.8380566835403442,0.376248300075531
YLL019C,YJR112W,0,-0.42434314,0.1821114420890808,0.8380566835403442,0.3763832747936249
YDL134C,YAL031C,1,-0.42492023,0.182351216673851,0.8394061923027039,0.3763832747936249
YDL188C,YPR073C,1,-0.42536068,0.18259085714817047,0.8407557606697083,0.3763832747936249
YFR003C,YDL006W,1,-0.42548087,0.182830348610878,0.8421052694320679,0.3763832747936249
YPL082C,YBR145W,0,-0.42706072,0.1827768087387085,0.8421052694320679,0.37651821970939636
YJR130C,YPL027W,0,-0.4270899,0.1827232837677002,0.8421052694320679,0.37665316462516785
YIL113W,YBL056W,1,-0.42800903,0.18296252191066742,0.8434547781944275,0.37665316462516785
YJR055W,YPL139C,0,-0.4292844,0.18290898203849792,0.8434547781944275,0.37678810954093933
YKL096W-A,YLR164W,0,-0.42957532,0.18285547196865082,0.8434547781944275,0.3769230842590332
YMR238W,YKL015W,0,-0.4302366,0.1828019917011261,0.8434547781944275,0.3770580291748047
YBR196C,YLR160C,0,-0.43031323,0.18274854123592377,0.8434547781944275,0.37719297409057617
YNL231C,YJL178C,0,-0.43108904,0.18269512057304382,0.8434547781944275,0.37732794880867004
YHR209W,YBR173C,0,-0.4315626,0.18264172971248627,0.8434547781944275,0.37746289372444153
YML112W,YBL113C,0,-0.43165308,0.1825883686542511,0.8434547781944275,0.377597838640213
YKR071C,YHR012W,0,-0.43175542,0.1825350522994995,0.8434547781944275,0.3777327835559845
YGR144W,YBL089W,0,-0.43188426,0.18248175084590912,0.8434547781944275,0.37786775827407837
YOR215C,YFL013C,0,-0.43213993,0.1824284940958023,0.8434547781944275,0.37800270318984985
YCR093W,YPL163C,0,-0.4322691,0.1823752522468567,0.8434547781944275,0.37813764810562134
YMR005W,YGL071W,0,-0.4325363,0.18232205510139465,0.8434547781944275,0.3782725930213928
YCR014C,YOL090W,0,-0.43274266,0.182268887758255,0.8434547781944275,0.3784075677394867
YMR036C,YAL031C,1,-0.43295738,0.18250729143619537,0.8448043465614319,0.3784075677394867
YJR127C,YDR240C,0,-0.43327662,0.18245409429073334,0.8448043465614319,0.3785425126552582
YJR057W,YPR001W,0,-0.43381575,0.1824009269475937,0.8448043465614319,0.37867745757102966
YPR073C,YAL031C,1,-0.43395746,0.18263909220695496,0.8461538553237915,0.37867745757102966
YDL059C,YMR114C,0,-0.43439016,0.1825859099626541,0.8461538553237915,0.37881240248680115
YJR006W,YJL004C,0,-0.43515587,0.18253275752067566,0.8461538553237915,0.378947377204895
YAR031W,YDR497C,0,-0.43521798,0.1824796348810196,0.8461538553237915,0.3790823221206665
YBR187W,YKR102W,0,-0.43528974,0.1824265420436859,0.8461538553237915,0.379217267036438
YGL094C,YKL201C,0,-0.43613338,0.18237347900867462,0.8461538553237915,0.3793522119522095
YJL066C,YER117W,0,-0.43669006,0.18232044577598572,0.8461538553237915,0.37948718667030334
YMR036C,YPL137C,1,-0.43682155,0.18255813419818878,0.8475033640861511,0.37948718667030334
YDL107W,YIR032C,0,-0.4368884,0.18250508606433868,0.8475033640861511,0.37962213158607483
YGR264C,YOL026C,0,-0.4370603,0.18245206773281097,0.8475033640861511,0.3797570765018463
YCL074W,YNL259C,0,-0.4370693,0.18239906430244446,0.8475033640861511,0.3798920512199402
YPL083C,YGR179C,0,-0.43715438,0.18234610557556152,0.8475033640861511,0.38002699613571167
YBR276C,YDR481C,1,-0.43718985,0.18258345127105713,0.8488528728485107,0.38002699613571167
YOL057W,YKR035W-A,0,-0.43738693,0.1825304627418518,0.8488528728485107,0.38016194105148315
YER150W,YLR353W,0,-0.4375805,0.18247751891613007,0.8488528728485107,0.38029688596725464
YJL194W,YNR031C,0,-0.4379288,0.18242458999156952,0.8488528728485107,0.3804318606853485
YDR457W,YDR416W,0,-0.438505,0.18237170577049255,0.8488528728485107,0.38056680560112
YPR191W,YOL136C,0,-0.4385229,0.18231883645057678,0.8488528728485107,0.3807017505168915
YOR194C,YMR296C,0,-0.43856305,0.1822660118341446,0.8488528728485107,0.38083669543266296
YJL066C,YLL040C,0,-0.43882832,0.1822132170200348,0.8488528728485107,0.38097167015075684
YHR175W,YOL102C,0,-0.43941033,0.18216043710708618,0.8488528728485107,0.3811066150665283
YJR032W,YBR187W,0,-0.4394793,0.18210770189762115,0.8488528728485107,0.3812415599822998
YMR227C,YBL079W,0,-0.4395209,0.18205499649047852,0.8488528728485107,0.3813765048980713
YPR189W,YLR164W,0,-0.43962783,0.18200232088565826,0.8488528728485107,0.38151147961616516
YAL016W,YFL045C,0,-0.43998018,0.1819496601819992,0.8488528728485107,0.38164642453193665
YDR137W,YDR497C,0,-0.44008374,0.18189704418182373,0.8488528728485107,0.38178136944770813
YHR012W,YER013W,0,-0.4407974,0.18184445798397064,0.8488528728485107,0.381916344165802
YCR014C,YFL057C,0,-0.4408987,0.18179190158843994,0.8488528728485107,0.3820512890815735
YER098W,YMR228W,0,-0.44103765,0.18173937499523163,0.8488528728485107,0.38218623399734497
YPR111W,YPL147W,0,-0.44227982,0.1816868931055069,0.8488528728485107,0.38232117891311646
YJR021C,YGR276C,0,-0.44265062,0.18163442611694336,0.8488528728485107,0.3824561536312103
YDL188C,YMR036C,1,-0.4426523,0.18187066912651062,0.8502024412155151,0.3824561536312103
YDR170C,YKR035W-A,0,-0.44299027,0.1818181872367859,0.8502024412155151,0.3825910985469818
YLR005W,YBR192W,0,-0.44299126,0.18176572024822235,0.8502024412155151,0.3827260434627533
YDL035C,YOR294W,0,-0.44366062,0.1817132979631424,0.8502024412155151,0.3828609883785248
YDL246C,YJL130C,0,-0.4437546,0.18166090548038483,0.8502024412155151,0.38299596309661865
YGR020C,YOR226C,0,-0.44377625,0.18160852789878845,0.8502024412155151,0.38313090801239014
YKL053C-A,YMR213W,0,-0.44387645,0.18155619502067566,0.8502024412155151,0.3832658529281616
YLR151C,YGL163C,0,-0.44389674,0.18150389194488525,0.8502024412155151,0.3834007978439331
YDR378C,YDL045C,0,-0.4446007,0.18145161867141724,0.8502024412155151,0.383535772562027
YKL182W,YGR034W,0,-0.44481334,0.1813993602991104,0.8502024412155151,0.38367071747779846
YGL014W,YKL186C,0,-0.44505405,0.18134714663028717,0.8502024412155151,0.38380566239356995
YEL031W,YCL024W,0,-0.44508561,0.18129496276378632,0.8502024412155151,0.38394060730934143
YNR057C,YOR298W,0,-0.44551587,0.18124280869960785,0.8502024412155151,0.3840755820274353
YGR095C,YOR194C,0,-0.44715574,0.18119068443775177,0.8502024412155151,0.3842105269432068
YBR128C,YIL079C,0,-0.44760722,0.18113858997821808,0.8502024412155151,0.38434547185897827
YGL112C,YER137C,0,-0.448066,0.18108652532100677,0.8502024412155151,0.38448044657707214
YJR149W,YCR087C-A,0,-0.4485862,0.18103447556495667,0.8502024412155151,0.38461539149284363
YFR031C,YLR151C,0,-0.44880643,0.18098247051239014,0.8502024412155151,0.3847503364086151
YMR065W,YLR278C,0,-0.44888878,0.180930495262146,0.8502024412155151,0.3848852813243866
YLR285W,YLR163C,0,-0.45043653,0.18087854981422424,0.8502024412155151,0.38502025604248047
YGR268C,YMR143W,0,-0.45062584,0.18082663416862488,0.8502024412155151,0.38515520095825195
YAR002C-A,YOR338W,0,-0.45127594,0.1807747483253479,0.8502024412155151,0.38529014587402344
YPR167C,YEL030W,0,-0.45128167,0.1807228922843933,0.8502024412155151,0.3854250907897949
YDR476C,YFR019W,0,-0.45186928,0.1806710660457611,0.8502024412155151,0.3855600655078888
YDL097C,YML132W,0,-0.4526611,0.1806192696094513,0.8502024412155151,0.3856950104236603
YOR287C,YFL045C,0,-0.4533135,0.18056750297546387,0.8502024412155151,0.38582995533943176
YNR074C,YBR271W,0,-0.4534234,0.18051576614379883,0.8502024412155151,0.38596490025520325
YNL267W,YLR268W,0,-0.4535607,0.18046404421329498,0.8502024412155151,0.3860998749732971
YOR291W,YKL095W,0,-0.45385203,0.18041236698627472,0.8502024412155151,0.3862348198890686
YFR029W,YIR005W,0,-0.45488283,0.18036071956157684,0.8502024412155151,0.3863697648048401
YKL168C,YPR091C,0,-0.4554065,0.18030910193920135,0.8502024412155151,0.3865047097206116
YCL018W,YKL022C,0,-0.4555354,0.18025751411914825,0.8502024412155151,0.38663968443870544
YPR189W,YLR129W,0,-0.45572147,0.18020595610141754,0.8502024412155151,0.38677462935447693
YPR135W,YKL085W,0,-0.45573696,0.18015441298484802,0.8502024412155151,0.3869095742702484
YPL119C,YDR497C,0,-0.45575964,0.18010291457176208,0.8502024412155151,0.3870445489883423
YLL045C,YER074W,0,-0.45622122,0.18005144596099854,0.8502024412155151,0.38717949390411377
YOR377W,YFL023W,0,-0.45622537,0.18000000715255737,0.8502024412155151,0.38731443881988525
YDL029W,YOL043C,0,-0.45644787,0.1799485832452774,0.8502024412155151,0.38744938373565674
YJR082C,YDR353W,0,-0.45646816,0.17989720404148102,0.8502024412155151,0.3875843584537506
YJL081C,YML052W,0,-0.4566952,0.17984583973884583,0.8502024412155151,0.3877193033695221
YDR144C,YIL095W,0,-0.4570744,0.1797945201396942,0.8502024412155151,0.3878542482852936
YLL027W,YBR222C,0,-0.45721692,0.179743230342865,0.8502024412155151,0.38798919320106506
YJL103C,YJL085W,0,-0.45777208,0.17969195544719696,0.8502024412155151,0.38812416791915894
YDR082W,YOR145C,0,-0.45786017,0.1796407252550125,0.8502024412155151,0.3882591128349304
YOR168W,YOR209C,0,-0.45789433,0.17958950996398926,0.8502024412155151,0.3883940577507019
YMR146C,YGL183C,0,-0.4579388,0.1795383244752884,0.8502024412155151,0.3885290026664734
YLR020C,YOL158C,0,-0.45814323,0.1794871836900711,0.8502024412155151,0.38866397738456726
YMR210W,YGL019W,0,-0.45830706,0.17943605780601501,0.8502024412155151,0.38879892230033875
YIL079C,YLL055W,0,-0.4583966,0.1793849617242813,0.8502024412155151,0.38893386721611023
YFR013W,YBL026W,0,-0.4591155,0.17933389544487,0.8502024412155151,0.3890688121318817
YLR386W,YMR296C,0,-0.45974085,0.17928287386894226,0.8502024412155151,0.3892037868499756
YKL093W,YJR092W,0,-0.45981342,0.17923186719417572,0.8502024412155151,0.38933873176574707
YNL044W,YDR131C,0,-0.46026254,0.17918089032173157,0.8502024412155151,0.38947367668151855
YMR168C,YLR024C,0,-0.46064234,0.1791299432516098,0.8502024412155151,0.3896086513996124
YKL170W,YMR117C,0,-0.46093452,0.17907902598381042,0.8502024412155151,0.3897435963153839
YNL052W,YDL208W,0,-0.46124196,0.17902813851833344,0.8502024412155151,0.3898785412311554
YBR059C,YCL014W,0,-0.46146983,0.17897726595401764,0.8502024412155151,0.3900134861469269
YBR271W,YBR115C,0,-0.46148425,0.17892643809318542,0.8502024412155151,0.39014846086502075
YBR182C,YNL095C,0,-0.46165043,0.1788756400346756,0.8502024412155151,0.39028340578079224
YBR066C,YGR027C,0,-0.46201763,0.17882487177848816,0.8502024412155151,0.3904183506965637
YKL217W,YDR419W,0,-0.46203473,0.17877411842346191,0.8502024412155151,0.3905532956123352
YCR060W,YFR018C,0,-0.4621928,0.17872340977191925,0.8502024412155151,0.3906882703304291
YHR066W,YLR386W,0,-0.46252596,0.17867271602153778,0.8502024412155151,0.39082321524620056
YIL006W,YLR309C,0,-0.46277213,0.1786220520734787,0.8502024412155151,0.39095816016197205
YDR034C,YKL096W-A,0,-0.4630465,0.1785714328289032,0.8502024412155151,0.39109310507774353
YBR125C,YAL031C,1,-0.46318924,0.1788041889667511,0.8515519499778748,0.39109310507774353
YDL054C,YPL112C,0,-0.46406984,0.1787535399198532,0.8515519499778748,0.3912280797958374
YPL119C,YHR057C,0,-0.4643016,0.1787029206752777,0.8515519499778748,0.3913630247116089
YNL016W,YNL078W,0,-0.46497995,0.1786523163318634,0.8515519499778748,0.39149796962738037
YGR258C,YDR138W,0,-0.4652972,0.17860175669193268,0.8515519499778748,0.39163291454315186
YMR228W,YMR272C,0,-0.46546954,0.17855121195316315,0.8515519499778748,0.3917678892612457
YDL055C,YML132W,0,-0.4659467,0.1785007119178772,0.8515519499778748,0.3919028341770172
YJR107W,YBR120C,0,-0.4660905,0.17845022678375244,0.8515519499778748,0.3920377790927887
YJR055W,YCL026C-B,0,-0.46642053,0.17839977145195007,0.8515519499778748,0.39217275381088257
YBR278W,YLR088W,0,-0.46651945,0.1783493459224701,0.8515519499778748,0.39230769872665405
YKL171W,YMR137C,0,-0.4667139,0.1782989501953125,0.8515519499778748,0.39244264364242554
YGR034W,YML056C,0,-0.46676242,0.1782485842704773,0.8515519499778748,0.392577588558197
YGR264C,YPL139C,0,-0.46778435,0.17819824814796448,0.8515519499778748,0.3927125632762909
YKR028W,YER052C,0,-0.46865654,0.17814794182777405,0.8515519499778748,0.3928475081920624
YIR011C,YPL183W-A,0,-0.46877182,0.1780976504087448,0.8515519499778748,0.39298245310783386
YOR206W,YJL176C,0,-0.46877727,0.17804740369319916,0.8515519499778748,0.39311739802360535
YMR093W,YIL080W,0,-0.4689415,0.1779971718788147,0.8515519499778748,0.3932523727416992
YHR030C,YOR317W,0,-0.46903795,0.17794698476791382,0.8515519499778748,0.3933873176574707
YOL028C,YJL144W,0,-0.46904182,0.17789681255817413,0.8515519499778748,0.3935222625732422
YPR144C,YEL031W,0,-0.46912846,0.17784667015075684,0.8515519499778748,0.39365720748901367
YBR115C,YML006C,0,-0.46936312,0.17779655754566193,0.8515519499778748,0.39379218220710754
YBR260C,YNR072W,0,-0.46942222,0.1777464747428894,0.8515519499778748,0.39392712712287903
YMR019W,YJL178C,0,-0.46974704,0.17769642174243927,0.8515519499778748,0.3940620720386505
YOL111C,YFL023W,0,-0.46978605,0.17764639854431152,0.8515519499778748,0.394197016954422
YDR499W,YGL200C,0,-0.46980804,0.17759639024734497,0.8515519499778748,0.39433199167251587
YEL037C,YGL050W,0,-0.47090712,0.177546426653862,0.8515519499778748,0.39446693658828735
YOR283W,YGL233W,0,-0.4716434,0.17749647796154022,0.8515519499778748,0.39460188150405884
YLR024C,YLR164W,0,-0.47200024,0.17744657397270203,0.8515519499778748,0.3947368562221527
YHR012W,YNL032W,0,-0.4729535,0.17739668488502502,0.8515519499778748,0.3948718011379242
YDR383C,YPL200W,0,-0.47300327,0.1773468255996704,0.8515519499778748,0.3950067460536957
YMR008C,YCL008C,0,-0.47368997,0.17729699611663818,0.8515519499778748,0.39514169096946716
YAL038W,YLL012W,0,-0.47376114,0.17724719643592834,0.8515519499778748,0.39527666568756104
YBR275C,YOL026C,0,-0.47461683,0.1771974116563797,0.8515519499778748,0.3954116106033325
YKL093W,YBR260C,0,-0.47461867,0.17714767158031464,0.8515519499778748,0.395546555519104
YDR492W,YOR317W,0,-0.4754783,0.17709794640541077,0.8515519499778748,0.3956815004348755
YPL002C,YML109W,0,-0.4757278,0.17704826593399048,0.8515519499778748,0.39581647515296936
YOR038C,YDL047W,0,-0.47584552,0.17699860036373138,0.8515519499778748,0.39595142006874084
YLR160C,YNR060W,0,-0.47588807,0.17694896459579468,0.8515519499778748,0.39608636498451233
YBR230C,YJL053W,0,-0.47615802,0.17689935863018036,0.8515519499778748,0.3962213099002838
YNR057C,YKL210W,0,-0.47651613,0.17684978246688843,0.8515519499778748,0.3963562846183777
YDR499W,YGR238C,0,-0.47724932,0.1768002212047577,0.8515519499778748,0.39649122953414917
YDR254W,YMR273C,0,-0.47735837,0.17675070464611053,0.8515519499778748,0.39662617444992065
YDL074C,YKL015W,0,-0.47757953,0.17670120298862457,0.8515519499778748,0.39676111936569214
YPL011C,YDR496C,0,-0.47833306,0.176651731133461,0.8515519499778748,0.396896094083786
YMR033W,YNL274C,0,-0.47916996,0.1766022890806198,0.8515519499778748,0.3970310389995575
YOL129W,YLR073C,0,-0.4793305,0.176552876830101,0.8515519499778748,0.397165983915329
YCL025C,YNL302C,0,-0.47982705,0.1765034943819046,0.8515519499778748,0.39730095863342285
YGL209W,YKL172W,0,-0.47983953,0.17645414173603058,0.8515519499778748,0.39743590354919434
YIL094C,YGR246C,0,-0.48115307,0.17640480399131775,0.8515519499778748,0.3975708484649658
YCL014W,YDR151C,0,-0.4813006,0.1763555109500885,0.8515519499778748,0.3977057933807373
YLR278C,YCR026C,0,-0.4814561,0.17630623281002045,0.8515519499778748,0.3978407680988312
YMR145C,YBR238C,0,-0.4816097,0.17625698447227478,0.8515519499778748,0.39797571301460266
YDR403W,YDR109C,0,-0.4828806,0.1762077659368515,0.8515519499778748,0.39811065793037415
YBR128C,YHR058C,0,-0.48296818,0.1761585772037506,0.8515519499778748,0.39824560284614563
YJL066C,YLR163C,0,-0.48299187,0.1761094033718109,0.8515519499778748,0.3983805775642395
YLR440C,YOR222W,0,-0.4831307,0.1760602742433548,0.8515519499778748,0.398515522480011
YKL064W,YKL124W,0,-0.48319888,0.17601116001605988,0.8515519499778748,0.39865046739578247
YDL055C,YKL067W,0,-0.48365122,0.17596207559108734,0.8515519499778748,0.39878541231155396
YMR272C,YPR163C,0,-0.4839589,0.1759130209684372,0.8515519499778748,0.3989203870296478
YDL179W,YLR073C,0,-0.48400977,0.17586399614810944,0.8515519499778748,0.3990553319454193
YGL226C-A,YBL034C,0,-0.4842013,0.17581498622894287,0.8515519499778748,0.3991902768611908
YFL014W,YLR016C,0,-0.4845077,0.1757660210132599,0.8515519499778748,0.3993252217769623
YDR082W,YPR119W,0,-0.48704764,0.1757170706987381,0.8515519499778748,0.39946019649505615
YOL045W,YBR257W,0,-0.48759708,0.1756681501865387,0.8515519499778748,0.39959514141082764
YEL030W,YDR497C,0,-0.48799562,0.17561925947666168,0.8515519499778748,0.3997300863265991
YPL122C,YKL003C,0,-0.4884296,0.17557039856910706,0.8515519499778748,0.399865061044693
YMR172W,YPL098C,0,-0.48881742,0.17552155256271362,0.8515519499778748,0.4000000059604645
YDL246C,YBL113C,0,-0.48979798,0.17547275125980377,0.8515519499778748,0.40013495087623596
YBR020W,YGR199W,0,-0.48985773,0.17542396485805511,0.8515519499778748,0.40026989579200745
YGL014W,YDL035C,0,-0.49015158,0.17537520825862885,0.8515519499778748,0.4004048705101013
YOL101C,YOL040C,0,-0.49055973,0.17532648146152496,0.8515519499778748,0.4005398154258728
YNL008C,YJL172W,0,-0.4911305,0.17527778446674347,0.8515519499778748,0.4006747603416443
YIL094C,YCR011C,0,-0.4913725,0.17522910237312317,0.8515519499778748,0.40080970525741577
YPL122C,YMR273C,0,-0.49257737,0.17518045008182526,0.8515519499778748,0.40094467997550964
YJR151C,YJL071W,0,-0.4927789,0.17513182759284973,0.8515519499778748,0.40107962489128113
YEL022W,YEL056W,0,-0.4928677,0.1750832349061966,0.8515519499778748,0.4012145698070526
YHR209W,YMR078C,0,-0.4937061,0.17503467202186584,0.8515519499778748,0.4013495147228241
YLR033W,YGL241W,0,-0.49472046,0.17498613893985748,0.8515519499778748,0.40148448944091797
YKL090W,YPL011C,0,-0.49491215,0.17493762075901031,0.8515519499778748,0.40161943435668945
YMR315W,YPL087W,0,-0.49512973,0.17488913238048553,0.8515519499778748,0.40175437927246094
YGL083W,YBR095C,0,-0.49600694,0.17484067380428314,0.8515519499778748,0.4018893241882324
YGR221C,YDR170C,0,-0.49624714,0.17479224503040314,0.8515519499778748,0.4020242989063263
YOR038C,YIL042C,0,-0.49737358,0.17474383115768433,0.8515519499778748,0.4021592438220978
YLR278C,YNR028W,0,-0.49740583,0.1746954619884491,0.8515519499778748,0.40229418873786926
YPR113W,YMR304W,0,-0.49745756,0.17464710772037506,0.8515519499778748,0.40242916345596313
YFR019W,YGL113W,0,-0.49805024,0.1745987832546234,0.8515519499778748,0.4025641083717346
YMR238W,YML132W,0,-0.49836248,0.17455048859119415,0.8515519499778748,0.4026990532875061
YDR026C,YGR271W,0,-0.49945498,0.1745022088289261,0.8515519499778748,0.4028339982032776
YDR411C,YJL141C,0,-0.4995437,0.1744539737701416,0.8515519499778748,0.40296897292137146
YOR219C,YPR125W,0,-0.5003588,0.1744057536125183,0.8515519499778748,0.40310391783714294
YCR046C,YEL056W,0,-0.5004468,0.1743575632572174,0.8515519499778748,0.40323886275291443
YGR032W,YNL027W,0,-0.50074023,0.1743093878030777,0.8515519499778748,0.4033738076686859
YMR169C,YJR028W,0,-0.50161326,0.17426125705242157,0.8515519499778748,0.4035087823867798
YDL021W,YDR218C,0,-0.5018379,0.17421314120292664,0.8515519499778748,0.40364372730255127
YOL107W,YPR125W,0,-0.50202364,0.1741650551557541,0.8515519499778748,0.40377867221832275
YOL129W,YLR350W,0,-0.50264513,0.17411699891090393,0.8515519499778748,0.40391361713409424
YMR097C,YFR001W,0,-0.5031053,0.17406897246837616,0.8515519499778748,0.4040485918521881
YFL033C,YMR065W,0,-0.5037014,0.17402096092700958,0.8515519499778748,0.4041835367679596
YBR129C,YGL190C,0,-0.50381714,0.1739729791879654,0.8515519499778748,0.4043184816837311
YDR423C,YOL026C,0,-0.5038416,0.1739250272512436,0.8515519499778748,0.40445342659950256
YPL064C,YLR164W,0,-0.5044618,0.17387710511684418,0.8515519499778748,0.40458840131759644
YNL262W,YDL047W,0,-0.5049544,0.17382919788360596,0.8515519499778748,0.4047233462333679
YDR034C,YNL073W,0,-0.50520396,0.17378132045269012,0.8515519499778748,0.4048582911491394
YNL153C,YGL241W,0,-0.5053165,0.17373347282409668,0.8515519499778748,0.4049932658672333
YOL045W,YFL033C,0,-0.5054028,0.17368565499782562,0.8515519499778748,0.40512821078300476
YKL096W-A,YDR081C,0,-0.50551474,0.17363786697387695,0.8515519499778748,0.40526315569877625
YPR171W,YNL163C,0,-0.5056081,0.17359009385108948,0.8515519499778748,0.40539810061454773
YIL006W,YNR013C,0,-0.5058491,0.1735423505306244,0.8515519499778748,0.4055330753326416
YPR113W,YML112W,0,-0.50618124,0.1734946370124817,0.8515519499778748,0.4056680202484131
YOR388C,YIL108W,0,-0.5064125,0.17344695329666138,0.8515519499778748,0.40580296516418457
YGL037C,YBL089W,0,-0.5064568,0.17339928448200226,0.8515519499778748,0.40593791007995605
YBL046W,YOR090C,1,-0.506683,0.1736263781785965,0.8529014587402344,0.40593791007995605
YPR167C,YML058W-A,0,-0.50740004,0.17357869446277618,0.8529014587402344,0.4060728847980499
YOR142W,YCL052C,0,-0.5074747,0.17353102564811707,0.8529014587402344,0.4062078297138214
YNR074C,YFL023W,0,-0.5083062,0.17348338663578033,0.8529014587402344,0.4063427746295929
YMR277W,YPL179W,1,-0.5084387,0.17371021211147308,0.8542510271072388,0.4063427746295929
YLR024C,YGR185C,0,-0.5088506,0.17366255819797516,0.8542510271072388,0.4064777195453644
YAL016W,YPR073C,1,-0.5088719,0.1738891899585724,0.8556005358695984,0.4064777195453644
YNL102W,YOL158C,0,-0.509652,0.17384150624275208,0.8556005358695984,0.40661269426345825
YMR146C,YDR460W,0,-0.51006716,0.17379385232925415,0.8556005358695984,0.40674763917922974
YDR310C,YMR090W,0,-0.5105088,0.1737462282180786,0.8556005358695984,0.4068825840950012
YMR319C,YBR238C,0,-0.5107095,0.17369863390922546,0.8556005358695984,0.4070175290107727
YIR018W,YKL082C,0,-0.51084745,0.1736510545015335,0.8556005358695984,0.4071525037288666
YLR361C,YMR036C,1,-0.5118188,0.17387732863426208,0.856950044631958,0.4071525037288666
YMR301C,YGL163C,0,-0.5125359,0.17382973432540894,0.856950044631958,0.40728744864463806
YJR051W,YGR134W,0,-0.51280093,0.17378215491771698,0.856950044631958,0.40742239356040955
YPL147W,YJL095W,0,-0.5129473,0.1737346053123474,0.856950044631958,0.4075573682785034
YPR024W,YGR175C,0,-0.5130111,0.17368708550930023,0.856950044631958,0.4076923131942749
YOR074C,YGL010W,0,-0.5131245,0.17363959550857544,0.856950044631958,0.4078272581100464
YGR268C,YJR133W,0,-0.513245,0.17359212040901184,0.856950044631958,0.40796220302581787
YDR170C,YFL023W,0,-0.5134513,0.17354469001293182,0.856950044631958,0.40809717774391174
YGR145W,YKR002W,0,-0.51384276,0.173497274518013,0.856950044631958,0.4082321226596832
YMR301C,YDR381C-A,0,-0.5143589,0.17344987392425537,0.856950044631958,0.4083670675754547
YBR276C,YPL179W,1,-0.5144195,0.17367558181285858,0.8582996129989624,0.4083670675754547
YBL058W,YOR283W,0,-0.5145763,0.17362816631793976,0.8582996129989624,0.4085020124912262
YDR473C,YGL212W,0,-0.5146886,0.17358078062534332,0.8582996129989624,0.40863698720932007
YOR291W,YJR006W,0,-0.5148491,0.17353342473506927,0.8582996129989624,0.40877193212509155
YJL004C,YDR062W,0,-0.5149286,0.17348608374595642,0.8582996129989624,0.40890687704086304
YDR512C,YKL020C,0,-0.5149825,0.17343877255916595,0.8582996129989624,0.4090418219566345
YLR383W,YBR141C,0,-0.51596683,0.17339149117469788,0.8582996129989624,0.4091767966747284
YNL231C,YBR145W,0,-0.5159997,0.17334423959255219,0.8582996129989624,0.4093117415904999
YOL145C,YLL043W,0,-0.5163661,0.1732970029115677,0.8582996129989624,0.40944668650627136
YBR031W,YPR091C,0,-0.51793754,0.17324979603290558,0.8582996129989624,0.40958166122436523
YLR197W,YJR053W,0,-0.51813734,0.17320261895656586,0.8582996129989624,0.4097166061401367
YHR175W,YDR285W,0,-0.5182187,0.17315545678138733,0.8582996129989624,0.4098515510559082
YCL008C,YOR251C,0,-0.5195833,0.1731083244085312,0.8582996129989624,0.4099864959716797
YJR119C,YMR061W,0,-0.51994956,0.17306122183799744,0.8582996129989624,0.41012147068977356
YHR059W,YDR369C,0,-0.5203548,0.17301414906978607,0.8582996129989624,0.41025641560554504
YLR183C,YPL122C,0,-0.52151555,0.1729670912027359,0.8582996129989624,0.41039136052131653
YNL032W,YLR361C,1,-0.5216708,0.17319194972515106,0.859649121761322,0.41039136052131653
YDR383C,YOR274W,0,-0.52168006,0.1731448769569397,0.859649121761322,0.410526305437088
YOL082W,YDR196C,0,-0.5217617,0.17309781908988953,0.859649121761322,0.4106612801551819
YBR276C,YMR036C,1,-0.5220515,0.17332246899604797,0.8609986305236816,0.4106612801551819
YJR127C,YBR155W,0,-0.5224587,0.1732753962278366,0.8609986305236816,0.41079622507095337
YKL182W,YKR069W,0,-0.52263534,0.17322835326194763,0.8609986305236816,0.41093116998672485
YLR321C,YCR012W,0,-0.52274823,0.17318132519721985,0.8609986305236816,0.41106611490249634
YLR203C,YML071C,0,-0.52294314,0.17313432693481445,0.8609986305236816,0.4112010896205902
YOR025W,YJL192C,0,-0.5229522,0.17308735847473145,0.8609986305236816,0.4113360345363617
YFL038C,YMR194W,0,-0.52321315,0.17304040491580963,0.8609986305236816,0.4114709794521332
YNL010W,YPL139C,0,-0.52366275,0.1729934960603714,0.8609986305236816,0.41160592436790466
YFR029W,YOR204W,0,-0.5238461,0.17294660210609436,0.8609986305236816,0.41174089908599854
YGL026C,YCR087C-A,0,-0.5239449,0.17289972305297852,0.8609986305236816,0.41187584400177
YMR039C,YIR038C,0,-0.52505076,0.17285288870334625,0.8609986305236816,0.4120107889175415
YGL237C,YOR025W,0,-0.5251713,0.17280606925487518,0.8609986305236816,0.4121457636356354
YCR093W,YNL122C,0,-0.5253145,0.1727592796087265,0.8609986305236816,0.41228070855140686
YCL036W,YDR170C,0,-0.5254483,0.172712504863739,0.8609986305236816,0.41241565346717834
YNR021W,YBR026C,0,-0.52631456,0.1726657599210739,0.8609986305236816,0.41255059838294983
YDL197C,YIL170W,0,-0.52647114,0.1726190447807312,0.8609986305236816,0.4126855731010437
YGR032W,YJR063W,0,-0.5267281,0.17257235944271088,0.8609986305236816,0.4128205180168152
YIR025W,YDR205W,0,-0.52697515,0.17252568900585175,0.8609986305236816,0.41295546293258667
YDL197C,YPL183W-A,0,-0.5270058,0.172479048371315,0.8609986305236816,0.41309040784835815
YDR414C,YNL298W,0,-0.52864355,0.17243243753910065,0.8609986305236816,0.413225382566452
YMR239C,YKL015W,0,-0.5290395,0.17238584160804749,0.8609986305236816,0.4133603274822235
YDL078C,YMR025W,0,-0.5297151,0.1723392754793167,0.8609986305236816,0.413495272397995
YNL172W,YNL219C,0,-0.5297692,0.17229273915290833,0.8609986305236816,0.4136302173137665
YKL093W,YOR054C,0,-0.53028554,0.17224621772766113,0.8609986305236816,0.41376519203186035
YJR034W,YHR168W,0,-0.53046393,0.17219972610473633,0.8609986305236816,0.41390013694763184
YBR278W,YEL031W,0,-0.5309349,0.1721532642841339,0.8609986305236816,0.4140350818634033
YLR103C,YBR282W,0,-0.5311508,0.17210683226585388,0.8609986305236816,0.4141700267791748
YBR196C,YKL096W-A,0,-0.5315141,0.17206041514873505,0.8609986305236816,0.4143050014972687
YDL217C,YMR078C,0,-0.5315342,0.1720140129327774,0.8609986305236816,0.41443994641304016
YER151C,YEL029C,0,-0.5319029,0.17196765542030334,0.8609986305236816,0.41457489132881165
YLR165C,YKL171W,0,-0.5326742,0.17192131280899048,0.8609986305236816,0.4147098660469055
YNR060W,YHR079C,0,-0.5326987,0.171875,0.8609986305236816,0.414844810962677
YDR240C,YBR173C,0,-0.53270215,0.1718287169933319,0.8609986305236816,0.4149797558784485
YGR175C,YJL079C,0,-0.53276545,0.171782448887825,0.8609986305236816,0.41511470079421997
YJR057W,YDR222W,0,-0.53349614,0.1717362105846405,0.8609986305236816,0.41524967551231384
YIL002C,YLR251W,0,-0.53382266,0.1716899871826172,0.8609986305236816,0.4153846204280853
YEL053C,YDL035C,0,-0.5338281,0.17164379358291626,0.8609986305236816,0.4155195653438568
YBL089W,YDR470C,0,-0.5338701,0.17159762978553772,0.8609986305236816,0.4156545102596283
YDR296W,YLR026C,0,-0.5342206,0.17155149579048157,0.8609986305236816,0.41578948497772217
YBR145W,YOR349W,0,-0.5350635,0.1715053766965866,0.8609986305236816,0.41592442989349365
YDR026C,YGL162W,0,-0.5352897,0.17145928740501404,0.8609986305236816,0.41605937480926514
YKR020W,YPL218W,0,-0.5354813,0.17141321301460266,0.8609986305236816,0.4161943197250366
YMR097C,YOL004W,0,-0.53552574,0.17136718332767487,0.8609986305236816,0.4163292944431305
YGL244W,YPR030W,0,-0.53625655,0.17132115364074707,0.8609986305236816,0.416464239358902
YDR461W,YBR141C,0,-0.5363997,0.17127516865730286,0.8609986305236816,0.41659918427467346
YER154W,YCL008C,0,-0.5364066,0.17122919857501984,0.8609986305236816,0.41673412919044495
YKL020C,YDL040C,0,-0.5370586,0.1711832582950592,0.8609986305236816,0.4168691039085388
YPL139C,YDR381C-A,0,-0.53728825,0.17113733291625977,0.8609986305236816,0.4170040488243103
YMR019W,YGL051W,0,-0.5373043,0.1710914522409439,0.8609986305236816,0.4171389937400818
YOR159C,YKR026C,0,-0.5373124,0.17104557156562805,0.8609986305236816,0.41727396845817566
YOR310C,YKR035W-A,0,-0.537737,0.17099973559379578,0.8609986305236816,0.41740891337394714
YPL180W,YNL290W,0,-0.537742,0.1709539145231247,0.8609986305236816,0.41754385828971863
YKL205W,YGL174W,0,-0.53799576,0.170908123254776,0.8609986305236816,0.4176788032054901
YCL057W,YNL284C,0,-0.53861636,0.1708623468875885,0.8609986305236816,0.417813777923584
YHR056C,YLR452C,0,-0.5387466,0.1708166003227234,0.8609986305236816,0.41794872283935547
YMR013C,YJL005W,0,-0.5396179,0.17077088356018066,0.8609986305236816,0.41808366775512695
YPR002W,YKL206C,0,-0.5398215,0.17072518169879913,0.8609986305236816,0.41821861267089844
YPR167C,YDR174W,0,-0.54017067,0.17067950963974,0.8609986305236816,0.4183535873889923
YMR270C,YMR099C,0,-0.5404571,0.17063385248184204,0.8609986305236816,0.4184885323047638
YEL030W,YOR349W,0,-0.5405175,0.17058824002742767,0.8609986305236816,0.4186234772205353
YDL217C,YDL216C,0,-0.5412979,0.1705426424741745,0.8609986305236816,0.41875842213630676
YMR168C,YJL103C,0,-0.54154813,0.17049705982208252,0.8609986305236816,0.41889339685440063
YOR304W,YLR153C,0,-0.5415907,0.17045150697231293,0.8609986305236816,0.4190283417701721
YBR002C,YDR416W,0,-0.5417974,0.17040598392486572,0.8609986305236816,0.4191632866859436
YNL027W,YHR079C,0,-0.54314816,0.1703604757785797,0.8609986305236816,0.4192982316017151
YPL223C,YER145C,0,-0.5443214,0.1703149974346161,0.8609986305236816,0.41943320631980896
YOL070C,YOR298W,0,-0.54439425,0.17026954889297485,0.8609986305236816,0.41956815123558044
YDR034C,YDR405W,0,-0.54542804,0.1702241152524948,0.8609986305236816,0.41970309615135193
YNL026W,YDR109C,0,-0.5455843,0.17017871141433716,0.8609986305236816,0.4198380708694458
YMR005W,YER022W,0,-0.54573506,0.1701333373785019,0.8609986305236816,0.4199730157852173
YOR204W,YER046W,0,-0.54576164,0.17008797824382782,0.8609986305236816,0.42010796070098877
YIR032C,YGL216W,0,-0.545997,0.17004264891147614,0.8609986305236816,0.42024290561676025
YPL002C,YOR351C,0,-0.5465372,0.16999733448028564,0.8609986305236816,0.4203778803348541
YHR030C,YLR316C,0,-0.5471089,0.16995204985141754,0.8609986305236816,0.4205128252506256
YDR167W,YMR033W,0,-0.5474948,0.16990679502487183,0.8609986305236816,0.4206477701663971
YMR077C,YBR172C,0,-0.5486883,0.1698615550994873,0.8609986305236816,0.4207827150821686
YFR021W,YER087W,0,-0.5487149,0.16981634497642517,0.8609986305236816,0.42091768980026245
YNL138W,YBR238C,0,-0.5488604,0.16977114975452423,0.8609986305236816,0.42105263471603394
YBR095C,YAL039C,0,-0.54923224,0.16972598433494568,0.8609986305236816,0.4211875796318054
YDR285W,YLL012W,0,-0.55117023,0.16968084871768951,0.8609986305236816,0.4213225245475769
YDR082W,YMR146C,0,-0.5512693,0.16963572800159454,0.8609986305236816,0.4214574992656708
YPR111W,YMR218C,0,-0.5519805,0.16959063708782196,0.8609986305236816,0.42159244418144226
YMR054W,YJL149W,0,-0.55255044,0.16954557597637177,0.8609986305236816,0.42172738909721375
YIL088C,YBR129C,0,-0.55283993,0.16950052976608276,0.8609986305236816,0.42186233401298523
YPR190C,YGL148W,0,-0.5531778,0.16945551335811615,0.8609986305236816,0.4219973087310791
YKR054C,YOR351C,0,-0.5534095,0.16941051185131073,0.8609986305236816,0.4221322536468506
YKL053C-A,YOR349W,0,-0.55350995,0.1693655401468277,0.8609986305236816,0.42226719856262207
YLR024C,YOL054W,0,-0.5535468,0.16932059824466705,0.8609986305236816,0.42240217328071594
YGR167W,YAR027W,0,-0.5540581,0.1692756712436676,0.8609986305236816,0.4225371181964874
YML032C,YNL309W,0,-0.5547511,0.16923077404499054,0.8609986305236816,0.4226720631122589
YBR118W,YNL073W,0,-0.55505484,0.16918589174747467,0.8609986305236816,0.4228070080280304
YGL014W,YFL021W,0,-0.5553246,0.1691410392522812,0.8609986305236816,0.42294198274612427
YMR008C,YJL006C,0,-0.5554185,0.1690962165594101,0.8609986305236816,0.42307692766189575
YJL103C,YMR137C,0,-0.55548286,0.1690514087677002,0.8609986305236816,0.42321187257766724
YOL026C,YDR389W,0,-0.5562023,0.1690066158771515,0.8609986305236816,0.4233468174934387
YJL124C,YLR088W,0,-0.5577251,0.16896186769008636,0.8609986305236816,0.4234817922115326
YOR098C,YMR099C,0,-0.55794287,0.16891713440418243,0.8609986305236816,0.4236167371273041
YBR278W,YGL122C,0,-0.55873555,0.1688724160194397,0.8609986305236816,0.42375168204307556
YDR460W,YER049W,0,-0.5587846,0.16882772743701935,0.8609986305236816,0.42388662695884705
YOR159C,YNR004W,0,-0.55967134,0.1687830686569214,0.8609986305236816,0.4240216016769409
YHR059W,YOR393W,0,-0.5599892,0.16873842477798462,0.8609986305236816,0.4241565465927124
YNL172W,YCL024W,0,-0.56054866,0.16869381070137024,0.8609986305236816,0.4242914915084839
YBR002C,YFL066C,0,-0.56062996,0.16864922642707825,0.8609986305236816,0.42442643642425537
YNL085W,YKL119C,0,-0.56110114,0.16860465705394745,0.8609986305236816,0.42456141114234924
YNL172W,YMR025W,0,-0.5611136,0.16856010258197784,0.8609986305236816,0.4246963560581207
YDL217C,YDR332W,0,-0.56132865,0.16851557791233063,0.8609986305236816,0.4248313009738922
YPL139C,YGR143W,0,-0.56202936,0.1684710830450058,0.8609986305236816,0.4249662756919861
YJR107W,YDR304C,0,-0.5622919,0.16842660307884216,0.8609986305236816,0.42510122060775757
YER150W,YKL096W-A,0,-0.5635273,0.16838215291500092,0.8609986305236816,0.42523616552352905
YOR074C,YNL238W,0,-0.5637304,0.16833773255348206,0.8609986305236816,0.42537111043930054
YLL055W,YGR185C,0,-0.56391543,0.1682933270931244,0.8609986305236816,0.4255060851573944
YDL029W,YOR187W,0,-0.5640615,0.1682489514350891,0.8609986305236816,0.4256410300731659
YMR046C,YKL022C,0,-0.5643016,0.16820459067821503,0.8609986305236816,0.4257759749889374
YNL172W,YLR330W,0,-0.5647423,0.16816025972366333,0.8609986305236816,0.42591091990470886
YKL130C,YBL029C-A,0,-0.56512046,0.16811594367027283,0.8609986305236816,0.42604589462280273
YOL066C,YIL170W,0,-0.5651257,0.1680716574192047,0.8609986305236816,0.4261808395385742
YJL128C,YIL035C,0,-0.5652438,0.1680273860692978,0.8609986305236816,0.4263157844543457
YMR008C,YDR494W,0,-0.5656136,0.16798314452171326,0.8609986305236816,0.4264507293701172
YIL094C,YBL034C,0,-0.56563765,0.1679389327764511,0.8609986305236816,0.42658570408821106
YMR277W,YNL128W,1,-0.5658791,0.1681578904390335,0.862348198890686,0.42658570408821106
YDL029W,YDR296W,0,-0.5659418,0.16811364889144897,0.862348198890686,0.42672064900398254
YFL033C,YFL010W-A,0,-0.5662652,0.16806943714618683,0.862348198890686,0.42685559391975403
YHR005C-A,YOR222W,0,-0.56715006,0.16802524030208588,0.862348198890686,0.4269905388355255
YDL107W,YHR004C,0,-0.5683708,0.1679810732603073,0.862348198890686,0.4271255135536194
YDL054C,YBR026C,0,-0.56956434,0.16793692111968994,0.862348198890686,0.42726045846939087
YLR113W,YLR016C,0,-0.57046324,0.16789279878139496,0.862348198890686,0.42739540338516235
YDR254W,YNL044W,0,-0.5715821,0.16784870624542236,0.862348198890686,0.4275303781032562
YER050C,YGR089W,0,-0.57184625,0.16780462861061096,0.862348198890686,0.4276653230190277
YML028W,YAL016W,0,-0.57203245,0.16776056587696075,0.862348198890686,0.4278002679347992
YMR250W,YMR267W,0,-0.5720639,0.16771653294563293,0.862348198890686,0.4279352128505707
YBR183W,YPR191W,0,-0.57242393,0.1676725298166275,0.862348198890686,0.42807018756866455
YML028W,YLR389C,0,-0.5724338,0.16762854158878326,0.862348198890686,0.42820513248443604
YJL103C,YNL138W,0,-0.57248896,0.1675845831632614,0.862348198890686,0.4283400774002075
YPL127C,YBR145W,0,-0.5727563,0.16754063963890076,0.862348198890686,0.428475022315979
YGR171C,YDL074C,0,-0.5729198,0.1674967259168625,0.862348198890686,0.4286099970340729
YAL033W,YBR187W,0,-0.5736717,0.1674528270959854,0.862348198890686,0.42874494194984436
YLL002W,YNR003C,0,-0.574301,0.16740895807743073,0.862348198890686,0.42887988686561584
YNL032W,YOR208W,1,-0.57441103,0.16762703657150269,0.8636977076530457,0.42887988686561584
YJL187C,YCL014W,0,-0.57542145,0.1675831377506256,0.8636977076530457,0.42901483178138733
YIL061C,YJR063W,0,-0.57552636,0.16753926873207092,0.8636977076530457,0.4291498064994812
YNL236W,YNL092W,0,-0.5759833,0.16749541461467743,0.8636977076530457,0.4292847514152527
YGR077C,YPL129W,0,-0.57696575,0.16745159029960632,0.8636977076530457,0.42941969633102417
YOL043C,YNL182C,0,-0.5775261,0.1674077957868576,0.8636977076530457,0.42955464124679565
YKL182W,YOL090W,0,-0.57756424,0.16736401617527008,0.8636977076530457,0.4296896159648895
YEL043W,YPR200C,0,-0.57767814,0.16732026636600494,0.8636977076530457,0.429824560880661
YNL085W,YHR047C,0,-0.57802904,0.167276531457901,0.8636977076530457,0.4299595057964325
YFR013W,YJR101W,0,-0.57848686,0.16723282635211945,0.8636977076530457,0.43009448051452637
YPL244C,YBL068W,0,-0.5786432,0.16718913614749908,0.8636977076530457,0.43022942543029785
YBR052C,YOR298W,0,-0.5798274,0.1671454757452011,0.8636977076530457,0.43036437034606934
YBR067C,YNR015W,0,-0.58031356,0.16710183024406433,0.8636977076530457,0.4304993152618408
YFL048C,YPL188W,0,-0.5803251,0.16705821454524994,0.8636977076530457,0.4306342899799347
YPR191W,YMR295C,0,-0.5807887,0.16701461374759674,0.8636977076530457,0.4307692348957062
YCL024W,YLR309C,0,-0.5810667,0.16697104275226593,0.8636977076530457,0.43090417981147766
YIL113W,YER089C,1,-0.581134,0.16718831658363342,0.8650472164154053,0.43090417981147766
YOR142W,YKL064W,0,-0.5814085,0.16714471578598022,0.8650472164154053,0.43103912472724915
YGL190C,YOR014W,1,-0.5817165,0.16736184060573578,0.8663967847824097,0.43103912472724915
YKR035W-A,YLL033W,0,-0.58238775,0.1673182100057602,0.8663967847824097,0.431174099445343
YKL210W,YIL047C,0,-0.58298904,0.1672746241092682,0.8663967847824097,0.4313090443611145
YBR202W,YJL200C,0,-0.58337116,0.16723105311393738,0.8663967847824097,0.431443989276886
YGL209W,YMR146C,0,-0.58353496,0.16718749701976776,0.8663967847824097,0.43157893419265747
YGR095C,YPL093W,0,-0.5836944,0.16714397072792053,0.8663967847824097,0.43171390891075134
YPL094C,YBR037C,0,-0.5842118,0.1671004742383957,0.8663967847824097,0.4318488538265228
YGL094C,YPL094C,0,-0.58468544,0.16705699265003204,0.8663967847824097,0.4319837987422943
YMR005W,YBR150C,0,-0.58573765,0.1670135259628296,0.8663967847824097,0.4321187436580658
YDL188C,YBR125C,1,-0.587235,0.16723017394542694,0.8677462935447693,0.4321187436580658
YDR067C,YGR027C,0,-0.58743894,0.1671866923570633,0.8677462935447693,0.43225371837615967
YDR530C,YGR255C,0,-0.5879164,0.16714322566986084,0.8677462935447693,0.43238866329193115
YNR006W,YOR230W,0,-0.5908381,0.16709978878498077,0.8677462935447693,0.43252360820770264
YDR378C,YLR073C,0,-0.5908818,0.1670563817024231,0.8677462935447693,0.4326585829257965
YDL024C,YMR114C,0,-0.5910207,0.1670129895210266,0.8677462935447693,0.432793527841568
YDR172W,YDR207C,0,-0.59128827,0.16696961224079132,0.8677462935447693,0.4329284727573395
YLR289W,YGL010W,0,-0.59141964,0.16692626476287842,0.8677462935447693,0.43306341767311096
YDR075W,YGR123C,1,-0.5923371,0.16714248061180115,0.8690958023071289,0.43306341767311096
YAL060W,YPL064C,0,-0.59253746,0.16709911823272705,0.8690958023071289,0.43319839239120483
YMR019W,YBR274W,0,-0.593782,0.16705577075481415,0.8690958023071289,0.4333333373069763
YDL179W,YNR021W,0,-0.5946127,0.16701245307922363,0.8690958023071289,0.4334682822227478
YNL052W,YJL206C,0,-0.59462094,0.1669691503047943,0.8690958023071289,0.4336032271385193
YLR361C,YFR028C,1,-0.5961055,0.16718506813049316,0.8704453706741333,0.4336032271385193
YKL170W,YGL225W,0,-0.5976788,0.16714175045490265,0.8704453706741333,0.43373820185661316
YGL190C,YOR090C,1,-0.5986384,0.16735751926898956,0.8717948794364929,0.43373820185661316
YEL062W,YOR311C,0,-0.5987377,0.16731417179107666,0.8717948794364929,0.43387314677238464
YAL038W,YGL103W,0,-0.5992496,0.16727083921432495,0.8717948794364929,0.43400809168815613
YGR252W,YCR052W,0,-0.59936297,0.16722753643989563,0.8717948794364929,0.4341430366039276
YCR030C,YEL029C,0,-0.5993816,0.1671842634677887,0.8717948794364929,0.4342780113220215
YFR013W,YOL108C,0,-0.59994674,0.16714100539684296,0.8717948794364929,0.43441295623779297
YOR084W,YPL098C,0,-0.6004799,0.1670977771282196,0.8717948794364929,0.43454790115356445
YNL053W,YNL128W,1,-0.6009514,0.16731315851211548,0.8731443881988525,0.43454790115356445
YPR011C,YOL062C,0,-0.60169804,0.16726990044116974,0.8731443881988525,0.4346828758716583
YAR002C-A,YLR224W,0,-0.60188806,0.1672266721725464,0.8731443881988525,0.4348178207874298
YJL187C,YNL282W,0,-0.6033395,0.16718345880508423,0.8731443881988525,0.4349527657032013
YOR301W,YDL197C,0,-0.6033442,0.16714027523994446,0.8731443881988525,0.4350877106189728
YER103W,YKL130C,0,-0.604579,0.16709710657596588,0.8731443881988525,0.43522268533706665
YFL001W,YOR008C,0,-0.60461843,0.1670539677143097,0.8731443881988525,0.43535763025283813
YDR473C,YGR113W,0,-0.6058854,0.1670108437538147,0.8731443881988525,0.4354925751686096
YPL150W,YKL217W,0,-0.6060412,0.1669677346944809,0.8731443881988525,0.4356275200843811
YHR002W,YKL180W,0,-0.60605276,0.16692467033863068,0.8731443881988525,0.435762494802475
YOL066C,YMR300C,0,-0.6060877,0.16688160598278046,0.8731443881988525,0.43589743971824646
YDR492W,YLR088W,0,-0.60644424,0.16683857142925262,0.8731443881988525,0.43603238463401794
YNL258C,YLR224W,0,-0.6065541,0.16679556667804718,0.8731443881988525,0.43616732954978943
YLR033W,YDR496C,0,-0.6072798,0.16675257682800293,0.8731443881988525,0.4363023042678833
YNR018W,YLR270W,0,-0.6078308,0.16670961678028107,0.8731443881988525,0.4364372491836548
YGR167W,YBR287W,0,-0.60785836,0.1666666716337204,0.8731443881988525,0.43657219409942627
YLR300W,YDR496C,0,-0.60872316,0.16662374138832092,0.8731443881988525,0.43670713901519775
YKL013C,YBR145W,0,-0.60891604,0.16658084094524384,0.8731443881988525,0.4368421137332916
YKL093W,YBL112C,0,-0.6099553,0.16653797030448914,0.8731443881988525,0.4369770586490631
YGR113W,YGL163C,0,-0.6099946,0.16649511456489563,0.8731443881988525,0.4371120035648346
YMR065W,YMR213W,0,-0.61096483,0.16645227372646332,0.8731443881988525,0.43724697828292847
YBR261C,YLR316C,0,-0.6110643,0.1664094626903534,0.8731443881988525,0.43738192319869995
YCL004W,YMR250W,0,-0.6111158,0.16636668145656586,0.8731443881988525,0.43751686811447144
YKL217W,YKL009W,0,-0.6118355,0.16632390022277832,0.8731443881988525,0.4376518130302429
YLR289W,YEL036C,0,-0.6119416,0.16628116369247437,0.8731443881988525,0.4377867877483368
YML051W,YBL029C-A,0,-0.6121753,0.1662384420633316,0.8731443881988525,0.4379217326641083
YFR021W,YBR037C,0,-0.6122131,0.16619573533535004,0.8731443881988525,0.43805667757987976
YHR211W,YAR027W,0,-0.61235917,0.16615305840969086,0.8731443881988525,0.43819162249565125
YLR312W-A,YFL054C,0,-0.6125425,0.16611039638519287,0.8731443881988525,0.4383265972137451
YOR014W,YPR073C,1,-0.61298645,0.1663244366645813,0.8744939565658569,0.4383265972137451
YNL267W,YLR301W,0,-0.6134398,0.16628175973892212,0.8744939565658569,0.4384615421295166
YGL062W,YIL159W,0,-0.6141692,0.16623909771442413,0.8744939565658569,0.4385964870452881
YHR132C,YDR461W,0,-0.6150016,0.16619646549224854,0.8744939565658569,0.43873143196105957
YBL091C-A,YDR381C-A,0,-0.6153909,0.16615384817123413,0.8744939565658569,0.43886640667915344
YPR083W,YDR140W,0,-0.61556643,0.16611126065254211,0.8744939565658569,0.4390013515949249
YER162C,YJL079C,0,-0.6161565,0.1660686880350113,0.8744939565658569,0.4391362965106964
YDL107W,YOR298W,0,-0.6162624,0.16602613031864166,0.8744939565658569,0.4392712414264679
YHR077C,YKL074C,0,-0.6164058,0.16598360240459442,0.8744939565658569,0.43940621614456177
YER008C,YPR191W,0,-0.61645615,0.16594110429286957,0.8744939565658569,0.43954116106033325
YJL030W,YAL016W,0,-0.6170312,0.1658986210823059,0.8744939565658569,0.43967610597610474
YOR393W,YGL148W,0,-0.61756927,0.16585615277290344,0.8744939565658569,0.4398110806941986
YDL245C,YLR291C,0,-0.61765885,0.16581371426582336,0.8744939565658569,0.4399460256099701
YKL205W,YPR125W,0,-0.6177087,0.16577129065990448,0.8744939565658569,0.4400809705257416
YDL216C,YNR002C,0,-0.6178662,0.16572889685630798,0.8744939565658569,0.44021591544151306
YHL034C,YAR035W,0,-0.61840886,0.16568651795387268,0.8744939565658569,0.44035089015960693
YNL172W,YMR179W,0,-0.6186404,0.16564416885375977,0.8744939565658569,0.4404858350753784
YKR101W,YNR002C,0,-0.61893433,0.16560183465480804,0.8744939565658569,0.4406207799911499
YDR167W,YOR168W,0,-0.61905456,0.1655595302581787,0.8744939565658569,0.4407557249069214
YNL127W,YDR222W,0,-0.62037694,0.16551724076271057,0.8744939565658569,0.44089069962501526
YJL141C,YPR043W,0,-0.62071276,0.16547498106956482,0.8744939565658569,0.44102564454078674
YDL028C,YFR036W,0,-0.6209849,0.16543273627758026,0.8744939565658569,0.4411605894565582
YDL107W,YFL001W,0,-0.6217791,0.1653905063867569,0.8744939565658569,0.4412955343723297
YNL153C,YLR020C,0,-0.6218469,0.16534830629825592,0.8744939565658569,0.4414305090904236
YOR287C,YDR496C,0,-0.6219409,0.16530612111091614,0.8744939565658569,0.44156545400619507
YFR003C,YNL128W,1,-0.62205553,0.16551899909973145,0.8758434653282166,0.44156545400619507
YJL029C,YGL060W,0,-0.6220734,0.16547679901123047,0.8758434653282166,0.44170039892196655
YPR162C,YBL026W,0,-0.62227476,0.16543461382389069,0.8758434653282166,0.44183534383773804
YOL093W,YCL032W,0,-0.62267137,0.1653924584388733,0.8758434653282166,0.4419703185558319
YML049C,YAR035W,0,-0.62268806,0.1653503179550171,0.8758434653282166,0.4421052634716034
YCL034W,YCL052C,0,-0.6237085,0.16530820727348328,0.8758434653282166,0.4422402083873749
YMR194W,YMR308C,0,-0.6239039,0.16526611149311066,0.8758434653282166,0.44237518310546875
YBR247C,YLR325C,0,-0.6241975,0.16522403061389923,0.8758434653282166,0.44251012802124023
YBR059C,YAL029C,0,-0.62448645,0.1651819795370102,0.8758434653282166,0.4426450729370117
YPL179W,YPL137C,1,-0.6247927,0.1653943955898285,0.8771929740905762,0.4426450729370117
YDL059C,YPL218W,0,-0.6249224,0.16535232961177826,0.8771929740905762,0.4427800178527832
YBR093C,YNR010W,0,-0.62510055,0.16531027853488922,0.8771929740905762,0.4429149925708771
YBR202W,YDR081C,0,-0.6260507,0.16526824235916138,0.8771929740905762,0.44304993748664856
YNL127W,YLR228C,0,-0.62633556,0.16522623598575592,0.8771929740905762,0.44318488240242004
YGL190C,YMR277W,1,-0.62639225,0.16543836891651154,0.8785424828529358,0.44318488240242004
YBR260C,YGR239C,0,-0.62643504,0.16539634764194489,0.8785424828529358,0.44331982731819153
YEL069C,YKL130C,0,-0.62711316,0.16535432636737823,0.8785424828529358,0.4434548020362854
YOL145C,YDL084W,0,-0.6271601,0.16531233489513397,0.8785424828529358,0.4435897469520569
YBR275C,YJL095W,0,-0.6273012,0.1652703732252121,0.8785424828529358,0.44372469186782837
YGR095C,YER145C,0,-0.62771004,0.16522842645645142,0.8785424828529358,0.44385963678359985
YJL004C,YJL206C,0,-0.62862325,0.16518649458885193,0.8785424828529358,0.4439946115016937
YGR282C,YER055C,0,-0.6288712,0.16514459252357483,0.8785424828529358,0.4441295564174652
YNR032W,YAL031C,1,-0.6289971,0.1653563231229782,0.8798920512199402,0.4441295564174652
YBR230C,YKL096W-A,0,-0.62993264,0.16531440615653992,0.8798920512199402,0.4442645013332367
YER133W,YMR036C,1,-0.63080597,0.16552598774433136,0.8812415599822998,0.4442645013332367
YGR167W,YBR192W,0,-0.63132775,0.16548404097557068,0.8812415599822998,0.4443994462490082
YOR297C,YOL155C,0,-0.63155824,0.1654421091079712,0.8812415599822998,0.44453442096710205
YLR383W,YMR308C,0,-0.6326147,0.1654002070426941,0.8812415599822998,0.44466936588287354
YGR271W,YGL103W,0,-0.6332681,0.16535831987857819,0.8812415599822998,0.444804310798645
YGL203C,YLR160C,0,-0.6334812,0.16531646251678467,0.8812415599822998,0.4449392855167389
YNR067C,YDR306C,0,-0.63351804,0.16527462005615234,0.8812415599822998,0.4450742304325104
YCR093W,YOL108C,0,-0.6335833,0.1652327924966812,0.8812415599822998,0.44520917534828186
YIL139C,YGL190C,0,-0.6336597,0.16519099473953247,0.8812415599822998,0.44534412026405334
YOR216C,YJL071W,0,-0.63397187,0.16514921188354492,0.8812415599822998,0.4454790949821472
YIL002C,YMR099C,0,-0.634009,0.16510745882987976,0.8812415599822998,0.4456140398979187
YPR144C,YLR033W,0,-0.6344621,0.1650657206773758,0.8812415599822998,0.4457489848136902
YDL077C,YKR044W,0,-0.6345147,0.1650240123271942,0.8812415599822998,0.44588392972946167
YKL117W,YLR050C,0,-0.63454926,0.16498231887817383,0.8812415599822998,0.44601890444755554
YHR175W,YNL095C,0,-0.6347134,0.16494064033031464,0.8812415599822998,0.446153849363327
YGR036C,YLR329W,0,-0.635008,0.16489899158477783,0.8812415599822998,0.4462887942790985
YDR090C,YML112W,0,-0.63523436,0.16485735774040222,0.8812415599822998,0.44642373919487
YER022W,YGR010W,0,-0.63551366,0.164815753698349,0.8812415599822998,0.44655871391296387
YAL033W,YPL099C,0,-0.6359042,0.16477416455745697,0.8812415599822998,0.44669365882873535
YOL010W,YLR309C,0,-0.6361473,0.16473259031772614,0.8812415599822998,0.44682860374450684
YBL113C,YLL033W,0,-0.636426,0.1646910458803177,0.8812415599822998,0.4469635486602783
YBR294W,YJL060W,0,-0.6365556,0.16464951634407043,0.8812415599822998,0.4470985233783722
YLR314C,YDR353W,0,-0.63703525,0.16460801661014557,0.8812415599822998,0.4472334682941437
YMR039C,YIL083C,0,-0.63736665,0.1645665317773819,0.8812415599822998,0.44736841320991516
YBL046W,YMR277W,1,-0.6373745,0.1647770255804062,0.8825910687446594,0.44736841320991516
YGR056W,YMR210W,0,-0.6374949,0.16473551094532013,0.8825910687446594,0.44750338792800903
YIL113W,YER075C,1,-0.6384414,0.16494585573673248,0.8839406371116638,0.44750338792800903
YOL026C,YDR222W,0,-0.6385201,0.16490432620048523,0.8839406371116638,0.4476383328437805
YOL070C,YHR060W,0,-0.6391196,0.16486282646656036,0.8839406371116638,0.447773277759552
YLR312W-A,YHR058C,0,-0.63955164,0.1648213416337967,0.8839406371116638,0.4479082226753235
YPR001W,YMR193W,0,-0.6398541,0.1647798717021942,0.8839406371116638,0.44804319739341736
YNL079C,YLR291C,0,-0.6401108,0.16473843157291412,0.8839406371116638,0.44817814230918884
YNL236W,YGR238C,0,-0.6401823,0.16469700634479523,0.8839406371116638,0.4483130872249603
YDR492W,YDL074C,0,-0.6404589,0.16465561091899872,0.8839406371116638,0.4484480321407318
YBR066C,YLR033W,0,-0.6417433,0.1646142303943634,0.8839406371116638,0.4485830068588257
YDL216C,YOR222W,0,-0.642252,0.16457286477088928,0.8839406371116638,0.44871795177459717
YMR228W,YEL070W,0,-0.6425547,0.16453152894973755,0.8839406371116638,0.44885289669036865
YLR209C,YLR151C,0,-0.6427636,0.164490208029747,0.8839406371116638,0.44898784160614014
YJR127C,YIL170W,0,-0.64280796,0.16444890201091766,0.8839406371116638,0.449122816324234
YDR167W,YEL036C,0,-0.6440307,0.1644076257944107,0.8839406371116638,0.4492577612400055
YEL052W,YKL168C,0,-0.6442334,0.16436637938022614,0.8839406371116638,0.449392706155777
YGL170C,YGL051W,0,-0.64445233,0.16432513296604156,0.8839406371116638,0.44952765107154846
YOR209C,YCL026C-B,0,-0.64486146,0.16428391635417938,0.8839406371116638,0.44966262578964233
YDR378C,YCR087C-A,0,-0.6449385,0.1642427295446396,0.8839406371116638,0.4497975707054138
YBL028C,YLR394W,0,-0.6450616,0.164201557636261,0.8839406371116638,0.4499325156211853
YOR145C,YJL225C,0,-0.6450778,0.16416040062904358,0.8839406371116638,0.4500674903392792
YOR014W,YPL137C,1,-0.6468647,0.1643698364496231,0.8852901458740234,0.4500674903392792
YFR018C,YLR016C,0,-0.64770806,0.1643286645412445,0.8852901458740234,0.45020243525505066
YOR261C,YER046W,0,-0.6491499,0.1642875075340271,0.8852901458740234,0.45033738017082214
YGL050W,YCL004W,0,-0.6498785,0.1642463654279709,0.8852901458740234,0.45047232508659363
YPL200W,YKL172W,0,-0.64997613,0.16420525312423706,0.8852901458740234,0.4506072998046875
YDL078C,YCL026C-B,0,-0.6500683,0.16416417062282562,0.8852901458740234,0.450742244720459
YOR219C,YDL225W,0,-0.65080434,0.16412308812141418,0.8852901458740234,0.45087718963623047
YDR419W,YLL055W,0,-0.65176827,0.16408203542232513,0.8852901458740234,0.45101213455200195
YDR167W,YDR332W,0,-0.65308046,0.16404101252555847,0.8852901458740234,0.4511471092700958
YGR155W,YDR381C-A,0,-0.6536449,0.164000004529953,0.8852901458740234,0.4512820541858673
YML058W-A,YLL017W,0,-0.65378165,0.16395901143550873,0.8852901458740234,0.4514169991016388
YJR078W,YDR081C,0,-0.6544359,0.16391804814338684,0.8852901458740234,0.4515519440174103
YKR103W,YPR035W,0,-0.65497077,0.16387708485126495,0.8852901458740234,0.45168691873550415
YIL094C,YPL099C,0,-0.65505856,0.16383616626262665,0.8852901458740234,0.45182186365127563
YGL010W,YDR429C,0,-0.6551964,0.16379526257514954,0.8852901458740234,0.4519568085670471
YJL192C,YKL094W,0,-0.6553128,0.16375437378883362,0.8852901458740234,0.4520917534828186
YDL197C,YDR403W,0,-0.6556619,0.1637134999036789,0.8852901458740234,0.4522267282009125
YDL061C,YNL304W,0,-0.6557167,0.16367265582084656,0.8852901458740234,0.45236167311668396
YBR150C,YMR173W,0,-0.6557849,0.16363182663917542,0.8852901458740234,0.45249661803245544
YNL053W,YBR125C,1,-0.6567285,0.1638403981924057,0.8866396546363831,0.45249661803245544
YDR451C,YHR051W,0,-0.6572398,0.16379955410957336,0.8866396546363831,0.4526315927505493
YLR009W,YGR199W,0,-0.6581639,0.16375872492790222,0.8866396546363831,0.4527665376663208
YAL022C,YKL171W,0,-0.6583775,0.16371791064739227,0.8866396546363831,0.4529014825820923
YPL150W,YOR243C,0,-0.65854895,0.1636771261692047,0.8866396546363831,0.45303642749786377
YGL014W,YBR155W,0,-0.6586195,0.16363635659217834,0.8866396546363831,0.45317140221595764
YIL006W,YKL015W,0,-0.65929997,0.16359561681747437,0.8866396546363831,0.4533063471317291
YGL190C,YAL031C,1,-0.6608286,0.163803830742836,0.8879892230033875,0.4533063471317291
YMR146C,YPL064C,0,-0.6610744,0.16376306116580963,0.8879892230033875,0.4534412920475006
YLR165C,YJR036C,0,-0.66152644,0.16372232139110565,0.8879892230033875,0.4535762369632721
YMR179W,YHR058C,0,-0.66200835,0.16368159651756287,0.8879892230033875,0.45371121168136597
YDR512C,YDR381C-A,0,-0.66239834,0.16364088654518127,0.8879892230033875,0.45384615659713745
YDR207C,YDR262W,0,-0.6635827,0.16360019147396088,0.8879892230033875,0.45398110151290894
YMR169C,YJL166W,0,-0.6636678,0.16355952620506287,0.8879892230033875,0.4541160464286804
YOR212W,YGR077C,0,-0.6650559,0.16351889073848724,0.8879892230033875,0.4542510211467743
YHR058C,YDR404C,0,-0.6654467,0.16347825527191162,0.8879892230033875,0.4543859660625458
YNL032W,YER054C,1,-0.66593,0.16368603706359863,0.8893387317657471,0.4543859660625458
YKL053C-A,YML056C,0,-0.6660313,0.16364538669586182,0.8893387317657471,0.45452091097831726
YMR115W,YDR381C-A,0,-0.6661328,0.1636047661304474,0.8893387317657471,0.45465585589408875
YER133W,YIR026C,1,-0.6664515,0.16381235420703888,0.8906882405281067,0.45465585589408875
YER052C,YBR061C,0,-0.6668311,0.16377171874046326,0.8906882405281067,0.4547908306121826
YGR252W,YDL022W,0,-0.66696537,0.16373108327388763,0.8906882405281067,0.4549257755279541
YIL002C,YEL056W,0,-0.6670923,0.1636904776096344,0.8906882405281067,0.4550607204437256
YGL083W,YPR133W-A,0,-0.668286,0.16364988684654236,0.8906882405281067,0.45519569516181946
YJR138W,YIL140W,0,-0.6688763,0.1636093258857727,0.8906882405281067,0.45533064007759094
YNL314W,YLR321C,0,-0.66911286,0.16356877982616425,0.8906882405281067,0.4554655849933624
YMR013C,YLR278C,0,-0.669538,0.16352824866771698,0.8906882405281067,0.4556005299091339
YMR218C,YJL029C,0,-0.66995734,0.1634877324104309,0.8906882405281067,0.4557355046272278
YCR060W,YOR283W,0,-0.67017114,0.16344724595546722,0.8906882405281067,0.45587044954299927
YPR137W,YCL032W,0,-0.6704004,0.16340678930282593,0.8906882405281067,0.45600539445877075
YOR014W,YOR090C,1,-0.6706668,0.16361385583877563,0.8920378088951111,0.45600539445877075
YFR018C,YKL022C,0,-0.67099494,0.16357336938381195,0.8920378088951111,0.45614033937454224
YDR304C,YLR389C,0,-0.67142147,0.16353289783000946,0.8920378088951111,0.4562753140926361
YDR172W,YGR134W,0,-0.6715101,0.16349245607852936,0.8920378088951111,0.4564102590084076
YKL038W,YMR159C,0,-0.67170143,0.16345202922821045,0.8920378088951111,0.4565452039241791
YER089C,YBR125C,1,-0.671736,0.16365884244441986,0.8933873176574707,0.4565452039241791
YDR304C,YDR173C,0,-0.67189735,0.16361838579177856,0.8933873176574707,0.45668014883995056
YGR252W,YOR294W,0,-0.6724555,0.16357795894145966,0.8933873176574707,0.45681512355804443
YDR034C,YLR389C,0,-0.67278826,0.16353754699230194,0.8933873176574707,0.4569500684738159
YBR081C,YOL136C,0,-0.67278993,0.1634971648454666,0.8933873176574707,0.4570850133895874
YDR245W,YNL284C,0,-0.67280734,0.1634567826986313,0.8933873176574707,0.4572199583053589
YOR187W,YMR239C,0,-0.6731322,0.16341644525527954,0.8933873176574707,0.45735493302345276
YNR003C,YLR209C,0,-0.67359805,0.1633761078119278,0.8933873176574707,0.45748987793922424
YMR025W,YDR081C,0,-0.67361176,0.16333580017089844,0.8933873176574707,0.4576248228549957
YGR112W,YOR261C,0,-0.673893,0.16329550743103027,0.8933873176574707,0.4577597975730896
YER054C,YNR032W,1,-0.6741659,0.16350184381008148,0.8947368264198303,0.4577597975730896
YCR060W,YMR240C,0,-0.67460513,0.16346153616905212,0.8947368264198303,0.4578947424888611
YGL037C,YGR084C,0,-0.67484987,0.16342124342918396,0.8947368264198303,0.45802968740463257
YKR035W-A,YLL043W,0,-0.6753577,0.16338098049163818,0.8947368264198303,0.45816463232040405
YIL134W,YDR499W,0,-0.6756835,0.1633407175540924,0.8947368264198303,0.4582996070384979
YLR278C,YOR355W,0,-0.67715895,0.1633004993200302,0.8947368264198303,0.4584345519542694
YEL053C,YFR052W,0,-0.6773046,0.16326028108596802,0.8947368264198303,0.4585694968700409
YBR125C,YDR381C-A,0,-0.67793894,0.1632200926542282,0.8947368264198303,0.4587044417858124
YHR060W,YLR050C,0,-0.6779692,0.1631799191236496,0.8947368264198303,0.45883941650390625
YJR004C,YJR021C,0,-0.67843807,0.16313976049423218,0.8947368264198303,0.45897436141967773
YPR006C,YFL045C,0,-0.6784745,0.16309963166713715,0.8947368264198303,0.4591093063354492
YOL004W,YKL001C,0,-0.67852175,0.1630595177412033,0.8947368264198303,0.4592442512512207
YBR081C,YFL014W,0,-0.6791872,0.16301941871643066,0.8947368264198303,0.4593792259693146
YGL186C,YCL008C,0,-0.6796559,0.1629793494939804,0.8947368264198303,0.45951417088508606
YCL014W,YAR027W,0,-0.6797968,0.16293929517269135,0.8947368264198303,0.45964911580085754
YLR203C,YGR095C,0,-0.6798259,0.16289925575256348,0.8947368264198303,0.45978406071662903
YCL004W,YDL045C,0,-0.68127763,0.162859246134758,0.8947368264198303,0.4599190354347229
YLL019C,YDR404C,0,-0.6813523,0.1628192514181137,0.8947368264198303,0.4600539803504944
YMR179W,YAL040C,0,-0.6814505,0.16277927160263062,0.8947368264198303,0.46018892526626587
YBR155W,YDR508C,0,-0.6816321,0.1627393215894699,0.8947368264198303,0.46032389998435974
YDR263C,YKL217W,0,-0.6817935,0.1626993864774704,0.8947368264198303,0.4604588449001312
YCR026C,YBL092W,0,-0.68199086,0.16265946626663208,0.8947368264198303,0.4605937898159027
YNL053W,YPL137C,1,-0.68232864,0.16286484897136688,0.8960863947868347,0.4605937898159027
YJL128C,YLR145W,0,-0.68237054,0.16282491385936737,0.8960863947868347,0.4607287347316742
YOR230W,YHR057C,0,-0.682377,0.16278499364852905,0.8960863947868347,0.46086370944976807
YDR457W,YKL053C-A,0,-0.68272656,0.16274510324001312,0.8960863947868347,0.46099865436553955
YOR159C,YMR300C,0,-0.6833017,0.1627052128314972,0.8960863947868347,0.46113359928131104
YGR109W-B,YNL274C,0,-0.68422735,0.16266536712646484,0.8960863947868347,0.4612685441970825
YFL066C,YOR311C,0,-0.68435585,0.1626255214214325,0.8960863947868347,0.4614035189151764
YGR251W,YMR034C,0,-0.6843637,0.16258570551872253,0.8960863947868347,0.4615384638309479
YKR068C,YJR031C,0,-0.6849081,0.16254590451717377,0.8960863947868347,0.46167340874671936
YMR115W,YNR002C,0,-0.6850294,0.1625061184167862,0.8960863947868347,0.46180835366249084
YMR315W,YIL076W,0,-0.6851417,0.162466362118721,0.8960863947868347,0.4619433283805847
YOL145C,YLR395C,0,-0.6852007,0.16242662072181702,0.8960863947868347,0.4620782732963562
YLR289W,YJL005W,0,-0.6857809,0.16238689422607422,0.8960863947868347,0.4622132182121277
YER055C,YBR282W,0,-0.68650347,0.16234718263149261,0.8960863947868347,0.46234819293022156
YDR473C,YNL032W,0,-0.6868197,0.1623075008392334,0.8960863947868347,0.46248313784599304
YER089C,YFR028C,1,-0.6869099,0.16251221299171448,0.8974359035491943,0.46248313784599304
YMR008C,YIL095W,0,-0.6871966,0.16247251629829407,0.8974359035491943,0.4626180827617645
YNL238W,YHR058C,0,-0.68721426,0.16243283450603485,0.8974359035491943,0.462753027677536
YOL086C,YBR238C,0,-0.68725145,0.16239316761493683,0.8974359035491943,0.4628880023956299
YPR035W,YMR136W,0,-0.68730015,0.162353515625,0.8974359035491943,0.46302294731140137
YNL032W,YPR073C,1,-0.6879913,0.16255797445774078,0.898785412311554,0.46302294731140137
YNR067C,YDR281C,0,-0.6885985,0.16251830756664276,0.898785412311554,0.46315789222717285
YAL054C,YBL098W,0,-0.6887462,0.16247865557670593,0.898785412311554,0.46329283714294434
YDR075W,YNL053W,1,-0.68908536,0.1626829206943512,0.9001349806785583,0.46329283714294434
YHR211W,YOR085W,0,-0.6893569,0.16264325380325317,0.9001349806785583,0.4634278118610382
YPR135W,YIL095W,0,-0.6894287,0.16260360181331635,0.9001349806785583,0.4635627567768097
YHR060W,YGL060W,0,-0.69028735,0.1625639796257019,0.9001349806785583,0.4636977016925812
YOR323C,YDL028C,0,-0.69055766,0.16252437233924866,0.9001349806785583,0.46383264660835266
YIL142W,YDR337W,0,-0.6907859,0.1624847799539566,0.9001349806785583,0.46396762132644653
YIL094C,YAL017W,0,-0.6909279,0.16244520246982574,0.9001349806785583,0.464102566242218
YOR287C,YMR194W,0,-0.6909655,0.16240565478801727,0.9001349806785583,0.4642375111579895
YGL050W,YNL070W,0,-0.6909976,0.16236612200737,0.9001349806785583,0.464372456073761
YFR013W,YER090W,0,-0.6916121,0.1623266041278839,0.9001349806785583,0.46450743079185486
YGL162W,YOL038W,0,-0.69185424,0.16228710114955902,0.9001349806785583,0.46464237570762634
YGR225W,YML132W,0,-0.692744,0.16224762797355652,0.9001349806785583,0.4647773206233978
YKL170W,YNL182C,0,-0.6930591,0.1622081696987152,0.9001349806785583,0.4649122953414917
YLR105C,YCR093W,0,-0.693687,0.1621687263250351,0.9001349806785583,0.4650472402572632
YPR001W,YJR053W,0,-0.6938696,0.16212931275367737,0.9001349806785583,0.46518218517303467
YGR169C,YNL084C,0,-0.6939239,0.16208991408348083,0.9001349806785583,0.46531713008880615
YLR129W,YIL021W,0,-0.694115,0.1620505303144455,0.9001349806785583,0.4654521048069
YJR138W,YJR078W,0,-0.6941794,0.16201117634773254,0.9001349806785583,0.4655870497226715
YOL102C,YGL256W,0,-0.69466126,0.1619718372821808,0.9001349806785583,0.465721994638443
YJR138W,YBR037C,0,-0.6951723,0.16193251311779022,0.9001349806785583,0.4658569395542145
YDL061C,YJL176C,0,-0.69533277,0.16189320385456085,0.9001349806785583,0.46599191427230835
YGR036C,YIL083C,0,-0.6953591,0.16185392439365387,0.9001349806785583,0.46612685918807983
YDR415C,YDR381C-A,0,-0.69550776,0.16181465983390808,0.9001349806785583,0.4662618041038513
YNL044W,YLL043W,0,-0.6958116,0.1617754101753235,0.9001349806785583,0.4663967490196228
YER151C,YER150W,0,-0.6982832,0.16173617541790009,0.9001349806785583,0.4665317237377167
YPR113W,YAL039C,0,-0.6983566,0.16169697046279907,0.9001349806785583,0.46666666865348816
YHL027W,YIL042C,0,-0.69835883,0.16165778040885925,0.9001349806785583,0.46680161356925964
YDR499W,YIR018W,0,-0.69892275,0.16161860525608063,0.9001349806785583,0.46693655848503113
YPL183W-A,YOR261C,0,-0.69989663,0.1615794599056244,0.9001349806785583,0.467071533203125
YPR080W,YOR340C,0,-0.70014507,0.16154032945632935,0.9001349806785583,0.4672064781188965
YBR182C,YFL010W-A,0,-0.7012632,0.1615012139081955,0.9001349806785583,0.46734142303466797
YOL145C,YHR060W,0,-0.70182747,0.16146211326122284,0.9001349806785583,0.46747639775276184
YJL155C,YJL081C,0,-0.70184374,0.16142304241657257,0.9001349806785583,0.4676113426685333
YPL064C,YMR270C,0,-0.7032938,0.1613839864730835,0.9001349806785583,0.4677462875843048
YLR401C,YMR137C,0,-0.7035175,0.16134494543075562,0.9001349806785583,0.4678812325000763
YOL165C,YKL166C,0,-0.7036158,0.16130591928958893,0.9001349806785583,0.46801620721817017
YGR252W,YAL024C,0,-0.7038622,0.16126692295074463,0.9001349806785583,0.46815115213394165
YGL083W,YLR278C,0,-0.70418715,0.16122794151306152,0.9001349806785583,0.46828609704971313
YBL056W,YDL188C,1,-0.7044515,0.16143064200878143,0.901484489440918,0.46828609704971313
YMR296C,YCL052C,0,-0.7045942,0.16139164566993713,0.901484489440918,0.4684210419654846
YEL030W,YOL043C,0,-0.7050117,0.16135266423225403,0.901484489440918,0.4685560166835785
YIR011C,YNL073W,0,-0.7058923,0.16131369769573212,0.901484489440918,0.46869096159935
YGR285C,YNR028W,0,-0.70653373,0.1612747460603714,0.901484489440918,0.46882590651512146
YKL093W,YDR306C,0,-0.7067589,0.16123582422733307,0.901484489440918,0.46896085143089294
YER125W,YOR232W,0,-0.70704865,0.16119691729545593,0.901484489440918,0.4690958261489868
YJL194W,YHR209W,0,-0.707077,0.16115802526474,0.901484489440918,0.4692307710647583
YDR083W,YPR043W,0,-0.70835286,0.16111914813518524,0.901484489440918,0.4693657159805298
YAL054C,YPL099C,0,-0.7085335,0.16108030080795288,0.901484489440918,0.46950066089630127
YMR179W,YBR042C,0,-0.7105798,0.1610414683818817,0.901484489440918,0.46963563561439514
YPR194C,YLR219W,0,-0.7107407,0.16100265085697174,0.901484489440918,0.4697705805301666
YPL274W,YPL050C,0,-0.71152556,0.16096384823322296,0.901484489440918,0.4699055254459381
YIL113W,YDL006W,1,-0.7119697,0.1611659824848175,0.9028339982032776,0.4699055254459381
YDL216C,YIL159W,0,-0.71252024,0.16112716495990753,0.9028339982032776,0.470040500164032
YPR001W,YML132W,0,-0.7130474,0.16108837723731995,0.9028339982032776,0.47017544507980347
YDR454C,YGR285C,0,-0.7135431,0.16104958951473236,0.9028339982032776,0.47031038999557495
YDL111C,YOR148C,0,-0.714828,0.16101083159446716,0.9028339982032776,0.47044533491134644
YER017C,YLR047C,0,-0.7148885,0.16097208857536316,0.9028339982032776,0.4705803096294403
YHR002W,YKR055W,0,-0.7149937,0.16093336045742035,0.9028339982032776,0.4707152545452118
YDR196C,YOR340C,0,-0.71671945,0.16089466214179993,0.9028339982032776,0.4708501994609833
YMR097C,YKL053C-A,0,-0.7167452,0.1608559787273407,0.9028339982032776,0.47098514437675476
YGR282C,YER150W,0,-0.71675515,0.16081731021404266,0.9028339982032776,0.47112011909484863
YNL044W,YKL168C,0,-0.71679866,0.16077865660190582,0.9028339982032776,0.4712550640106201
YLL002W,YAL031C,0,-0.7171393,0.16074003279209137,0.9028339982032776,0.4713900089263916
YDL202W,YDL047W,0,-0.71716714,0.1607014238834381,0.9028339982032776,0.4715249538421631
YKL170W,YBL098W,0,-0.71769404,0.16066282987594604,0.9028339982032776,0.47165992856025696
YJL004C,YLR359W,0,-0.71801776,0.16062425076961517,0.9028339982032776,0.47179487347602844
YBR276C,YIL042C,0,-0.7185222,0.1605856865644455,0.9028339982032776,0.4719298183917999
YBR074W,YHR008C,0,-0.71864784,0.1605471521615982,0.9028339982032776,0.4720647633075714
YPR026W,YMR295C,0,-0.7186576,0.1605086326599121,0.9028339982032776,0.4721997380256653
YMR315W,YBR261C,0,-0.7194341,0.1604701429605484,0.9028339982032776,0.47233468294143677
YIR025W,YIL042C,0,-0.72065103,0.1604316532611847,0.9028339982032776,0.47246962785720825
YBR020W,YMR020W,0,-0.7206949,0.16039319336414337,0.9028339982032776,0.4726046025753021
YOL028C,YOR222W,0,-0.72097266,0.16035474836826324,0.9028339982032776,0.4727395474910736
YHR005C-A,YGR229C,0,-0.72105974,0.1603163182735443,0.9028339982032776,0.4728744924068451
YNL178W,YOL026C,0,-0.72213274,0.16027791798114777,0.9028339982032776,0.4730094373226166
YDR518W,YDR389W,0,-0.72247815,0.16023951768875122,0.9028339982032776,0.47314441204071045
YKL020C,YBR095C,0,-0.7233572,0.16020114719867706,0.9028339982032776,0.47327935695648193
YEL069C,YDR140W,0,-0.7238165,0.1601627916097641,0.9028339982032776,0.4734143018722534
YOR317W,YML132W,0,-0.72402894,0.16012446582317352,0.9028339982032776,0.4735492467880249
YBR155W,YJR130C,0,-0.72417766,0.16008614003658295,0.9028339982032776,0.4736842215061188
YGR239C,YPR152C,0,-0.72442424,0.16004784405231476,0.9028339982032776,0.47381916642189026
YKL210W,YOR180C,0,-0.72452897,0.16000956296920776,0.9028339982032776,0.47395411133766174
YMR137C,YDR337W,0,-0.72510344,0.15997131168842316,0.9028339982032776,0.4740890562534332
YEL022W,YBR275C,0,-0.7256087,0.15993306040763855,0.9028339982032776,0.4742240309715271
YLR141W,YBR155W,0,-0.7258035,0.15989483892917633,0.9028339982032776,0.4743589758872986
YPL147W,YMR075W,0,-0.725821,0.1598566323518753,0.9028339982032776,0.47449392080307007
YGR144W,YNL052W,0,-0.72631526,0.15981844067573547,0.9028339982032776,0.47462886571884155
YGL180W,YKL067W,0,-0.72650504,0.15978027880191803,0.9028339982032776,0.4747638404369354
YNR028W,YDR364C,0,-0.7265599,0.15974211692810059,0.9028339982032776,0.4748987853527069
YBR067C,YOR377W,0,-0.7268965,0.15970398485660553,0.9028339982032776,0.4750337302684784
YML097C,YBL034C,0,-0.7269765,0.15966586768627167,0.9028339982032776,0.47516870498657227
YGR077C,YOR338W,0,-0.7271247,0.1596277803182602,0.9028339982032776,0.47530364990234375
YGL172W,YKL067W,0,-0.72716796,0.15958969295024872,0.9028339982032776,0.47543859481811523
YJL087C,YIL142W,0,-0.7284211,0.15955163538455963,0.9028339982032776,0.4755735397338867
YMR089C,YJL200C,0,-0.728426,0.15951359272003174,0.9028339982032776,0.4757085144519806
YAR002C-A,YDR423C,0,-0.72896796,0.15947556495666504,0.9028339982032776,0.4758434593677521
YEL040W,YDL148C,0,-0.7298891,0.15943756699562073,0.9028339982032776,0.47597840428352356
YKL201C,YNR018W,0,-0.7299596,0.15939956903457642,0.9028339982032776,0.47611334919929504
YKL117W,YNL050C,0,-0.7306577,0.1593616008758545,0.9028339982032776,0.4762483239173889
YNR074C,YER162C,0,-0.7309723,0.15932364761829376,0.9028339982032776,0.4763832688331604
YKL020C,YJL024C,0,-0.7310801,0.15928570926189423,0.9028339982032776,0.4765182137489319
YIL132C,YNR028W,0,-0.7317618,0.15924780070781708,0.9028339982032776,0.47665315866470337
YER151C,YOR232W,0,-0.7341448,0.15920990705490112,0.9028339982032776,0.47678813338279724
YBL112C,YDR222W,0,-0.7346432,0.15917201340198517,0.9028339982032776,0.4769230782985687
YOR310C,YNL335W,0,-0.7352208,0.1591341644525528,0.9028339982032776,0.4770580232143402
YNL008C,YDL078C,0,-0.7354483,0.15909631550312042,0.9028339982032776,0.4771929681301117
YDR263C,YPR125W,0,-0.7354547,0.15905848145484924,0.9028339982032776,0.47732794284820557
YNL084C,YKL203C,0,-0.73739177,0.15902067720890045,0.9028339982032776,0.47746288776397705
YBR020W,YJL176C,0,-0.73810494,0.15898288786411285,0.9028339982032776,0.47759783267974854
YGR010W,YKL020C,0,-0.7381272,0.15894511342048645,0.9028339982032776,0.4777328073978424
YLR410W-A,YML056C,0,-0.7385221,0.15890736877918243,0.9028339982032776,0.4778677523136139
YOL101C,YCL052C,0,-0.7388649,0.15886962413787842,0.9028339982032776,0.4780026972293854
YDR371W,YPR119W,0,-0.7391624,0.1588319092988968,0.9028339982032776,0.47813764214515686
YMR227C,YIL035C,0,-0.7409555,0.15879420936107635,0.9028339982032776,0.47827261686325073
YFL057C,YKL124W,0,-0.7427217,0.15875652432441711,0.9028339982032776,0.4784075617790222
YIL134W,YGR222W,0,-0.74327683,0.15871885418891907,0.9028339982032776,0.4785425066947937
YER017C,YMR273C,0,-0.7439392,0.1586812138557434,0.9028339982032776,0.4786774516105652
YLR219W,YDL015C,0,-0.744408,0.15864358842372894,0.9028339982032776,0.47881242632865906
YPL113C,YBL034C,0,-0.74445486,0.15860597789287567,0.9028339982032776,0.47894737124443054
YML006C,YGL190C,0,-0.7445866,0.1585683822631836,0.9028339982032776,0.479082316160202
YBR247C,YIR005W,0,-0.74466705,0.1585308015346527,0.9028339982032776,0.4792172610759735
YOL082W,YGR167W,0,-0.74564886,0.1584932506084442,0.9028339982032776,0.4793522357940674
YIL128W,YLR386W,0,-0.74598515,0.1584557145833969,0.9028339982032776,0.47948718070983887
YLL017W,YJL149W,0,-0.7460953,0.1584181934595108,0.9028339982032776,0.47962212562561035
YDR494W,YBR093C,0,-0.7465398,0.1583806872367859,0.9028339982032776,0.47975707054138184
YBR202W,YDL084W,0,-0.7466377,0.15834319591522217,0.9028339982032776,0.4798920452594757
YLR291C,YBR222C,0,-0.74701333,0.15830571949481964,0.9028339982032776,0.4800269901752472
YNL262W,YPL065W,0,-0.7473512,0.1582682728767395,0.9028339982032776,0.4801619350910187
YMR227C,YGL163C,0,-0.7475174,0.15823084115982056,0.9028339982032776,0.48029690980911255
YLR344W,YJL095W,0,-0.7478442,0.1581934243440628,0.9028339982032776,0.48043185472488403
YIL061C,YCR057C,0,-0.7488649,0.15815602242946625,0.9028339982032776,0.4805667996406555
YDR263C,YKL020C,0,-0.7503074,0.15811865031719208,0.9028339982032776,0.480701744556427
YHR061C,YBL079W,0,-0.7503501,0.1580812782049179,0.9028339982032776,0.4808367192745209
YMR173W,YPL147W,0,-0.7507645,0.15804393589496613,0.9028339982032776,0.48097166419029236
YPR204W,YNR003C,0,-0.7514492,0.15800660848617554,0.9028339982032776,0.48110660910606384
YFR018C,YOR020C,0,-0.75151527,0.15796929597854614,0.9028339982032776,0.4812415540218353
YGR032W,YJL206C,0,-0.7515856,0.15793201327323914,0.9028339982032776,0.4813765287399292
YML049C,YGL019W,0,-0.7525735,0.15789473056793213,0.9028339982032776,0.4815114736557007
YJR119C,YOR025W,0,-0.752806,0.1578574776649475,0.9028339982032776,0.48164641857147217
YGR225W,YOR304C-A,0,-0.75324035,0.15782023966312408,0.9028339982032776,0.48178136348724365
YJL112W,YEL040W,0,-0.7532915,0.15778301656246185,0.9028339982032776,0.4819163382053375
YGR221C,YHR109W,0,-0.7538047,0.15774580836296082,0.9028339982032776,0.482051283121109
YDR285W,YGL212W,0,-0.7540926,0.15770862996578217,0.9028339982032776,0.4821862280368805
YNR031C,YEL056W,0,-0.7544513,0.15767145156860352,0.9028339982032776,0.482321172952652
YOR084W,YFR033C,0,-0.7545078,0.15763430297374725,0.9028339982032776,0.48245614767074585
YNL267W,YDR218C,0,-0.7546307,0.15759716928005219,0.9028339982032776,0.48259109258651733
YDL111C,YCL026C-B,0,-0.7552252,0.1575600504875183,0.9028339982032776,0.4827260375022888
YBR115C,YHR079C,0,-0.7553039,0.15752296149730682,0.9028339982032776,0.4828610122203827
YJL200C,YDR369C,0,-0.7553083,0.15748587250709534,0.9028339982032776,0.4829959571361542
YBR223C,YJR140C,0,-0.75559956,0.15744881331920624,0.9028339982032776,0.48313090205192566
YGL037C,YJL029C,0,-0.7561488,0.15741176903247833,0.9028339982032776,0.48326584696769714
YEL030W,YCL026C-B,0,-0.7564908,0.15737473964691162,0.9028339982032776,0.483400821685791
YDR460W,YPL147W,0,-0.75668746,0.1573377251625061,0.9028339982032776,0.4835357666015625
YLR395C,YCL026C-B,0,-0.7567855,0.15730072557926178,0.9028339982032776,0.483670711517334
YJR051W,YNL284C,0,-0.7569661,0.15726375579833984,0.9028339982032776,0.48380565643310547
YFR001W,YNL078W,0,-0.7572074,0.1572267860174179,0.9028339982032776,0.48394063115119934
YMR160W,YMR075W,0,-0.75773954,0.15718984603881836,0.9028339982032776,0.4840755760669708
YGL050W,YNL078W,0,-0.7582943,0.15715292096138,0.9028339982032776,0.4842105209827423
YOR145C,YCR014C,0,-0.7583462,0.15711601078510284,0.9028339982032776,0.4843454658985138
YJL187C,YIL135C,0,-0.7587319,0.15707913041114807,0.9028339982032776,0.48448044061660767
YPL131W,YER168C,0,-0.759082,0.1570422500371933,0.9028339982032776,0.48461538553237915
YGL180W,YGR229C,0,-0.7600018,0.1570053994655609,0.9028339982032776,0.48475033044815063
YDR405W,YGL225W,0,-0.7606323,0.15696856379508972,0.9028339982032776,0.4848852753639221
YMR276W,YIL135C,0,-0.7608867,0.15693174302577972,0.9028339982032776,0.485020250082016
YGL203C,YML109W,0,-0.7619754,0.15689493715763092,0.9028339982032776,0.4851551949977875
YNL084C,YER087W,0,-0.76237464,0.1568581461906433,0.9028339982032776,0.48529013991355896
YJL171C,YDR222W,0,-0.7624752,0.1568213850259781,0.9028339982032776,0.48542511463165283
YHR004C,YBR052C,0,-0.7626711,0.15678462386131287,0.9028339982032776,0.4855600595474243
YBR243C,YOR222W,0,-0.76402485,0.15674789249897003,0.9028339982032776,0.4856950044631958
YKR056W,YKR002W,0,-0.7641185,0.1567111760377884,0.9028339982032776,0.4858299493789673
YKL170W,YHR109W,0,-0.7647817,0.15667447447776794,0.9028339982032776,0.48596492409706116
YDR310C,YPL078C,0,-0.7649567,0.1566377878189087,0.9028339982032776,0.48609986901283264
YDR381C-A,YIL042C,0,-0.7649809,0.15660113096237183,0.9028339982032776,0.4862348139286041
YKL020C,YGR216C,0,-0.7655987,0.15656447410583496,0.9028339982032776,0.4863697588443756
YBR187W,YMR210W,0,-0.76569784,0.15652784705162048,0.9028339982032776,0.4865047335624695
YLR285W,YBL011W,0,-0.7667844,0.1564912348985672,0.9028339982032776,0.48663967847824097
YMR136W,YLR350W,0,-0.7668322,0.1564546376466751,0.9028339982032776,0.48677462339401245
YOL040C,YPR163C,0,-0.7671064,0.1564180552959442,0.9028339982032776,0.48690956830978394
YLL012W,YJR063W,0,-0.7673817,0.1563814878463745,0.9028339982032776,0.4870445430278778
YOR388C,YLR380W,0,-0.7674217,0.156344935297966,0.9028339982032776,0.4871794879436493
YHR002W,YDL170W,0,-0.76749617,0.15630841255187988,0.9028339982032776,0.4873144328594208
YPL139C,YBL034C,0,-0.76790357,0.15627190470695496,0.9028339982032776,0.48744940757751465
YML030W,YKL144C,0,-0.76812077,0.15623539686203003,0.9028339982032776,0.48758435249328613
YGR145W,YMR295C,0,-0.76825696,0.1561989188194275,0.9028339982032776,0.4877192974090576
YDL245C,YLR050C,0,-0.76847714,0.15616247057914734,0.9028339982032776,0.4878542423248291
YBR274W,YAL029C,0,-0.76891863,0.1561260223388672,0.9028339982032776,0.487989217042923
YJL192C,YKL022C,0,-0.76906884,0.15608958899974823,0.9028339982032776,0.48812416195869446
YLR312W-A,YER145C,0,-0.76926696,0.15605318546295166,0.9028339982032776,0.48825910687446594
YDL121C,YJR021C,0,-0.76941395,0.15601679682731628,0.9028339982032776,0.4883940517902374
YDR285W,YMR099C,0,-0.7695414,0.1559804081916809,0.9028339982032776,0.4885290265083313
YER013W,YLR005W,0,-0.76954263,0.15594404935836792,0.9028339982032776,0.4886639714241028
YDR518W,YIL159W,0,-0.7697557,0.15590772032737732,0.9028339982032776,0.48879891633987427
YPR144C,YKR069W,0,-0.76985794,0.15587139129638672,0.9028339982032776,0.48893386125564575
YBR294W,YPR119W,0,-0.7700948,0.1558350771665573,0.9028339982032776,0.4890688359737396
YGL209W,YGR199W,0,-0.77060735,0.1557987928390503,0.9028339982032776,0.4892037808895111
YNL110C,YHR039C-A,0,-0.7707413,0.15576250851154327,0.9028339982032776,0.4893387258052826
YMR008C,YBR129C,0,-0.77169275,0.15572625398635864,0.9028339982032776,0.4894736707210541
YNL282W,YKL203C,0,-0.7717333,0.1556900143623352,0.9028339982032776,0.48960864543914795
YIL079C,YOR123C,0,-0.77265286,0.15565378963947296,0.9028339982032776,0.48974359035491943
YER154W,YPL065W,0,-0.77381724,0.1556175798177719,0.9028339982032776,0.4898785352706909
YCL032W,YHR051W,0,-0.77385855,0.15558139979839325,0.9028339982032776,0.4900135099887848
YNR013C,YBR061C,0,-0.7741603,0.1555452197790146,0.9028339982032776,0.4901484549045563
YDR414C,YLR163C,0,-0.77509975,0.1555090695619583,0.9028339982032776,0.49028339982032776
YIL143C,YML049C,0,-0.7756427,0.15547291934490204,0.9028339982032776,0.49041834473609924
YNL304W,YHR135C,0,-0.775837,0.15543679893016815,0.9028339982032776,0.4905533194541931
YBL112C,YBR026C,0,-0.7765106,0.15540069341659546,0.9028339982032776,0.4906882643699646
YNL117W,YMR145C,0,-0.7766774,0.15536460280418396,0.9028339982032776,0.4908232092857361
YLR312W-A,YLR401C,0,-0.77795374,0.15532854199409485,0.9028339982032776,0.49095815420150757
YPR182W,YOR054C,0,-0.777995,0.15529248118400574,0.9028339982032776,0.49109312891960144
YPR182W,YGL180W,0,-0.778096,0.15525643527507782,0.9028339982032776,0.4912280738353729
YPR080W,YBR281C,0,-0.77850074,0.1552204191684723,0.9028339982032776,0.4913630187511444
YBR042C,YMR136W,0,-0.7785034,0.15518441796302795,0.9028339982032776,0.4914979636669159
YPL129W,YBL034C,0,-0.779081,0.15514841675758362,0.9028339982032776,0.49163293838500977
YKL126W,YML099C,0,-0.77918017,0.15511244535446167,0.9028339982032776,0.49176788330078125
YDR378C,YPL240C,0,-0.7803625,0.15507648885250092,0.9028339982032776,0.49190282821655273
YMR277W,YOR014W,1,-0.7804546,0.15527230501174927,0.9041835069656372,0.49190282821655273
YCL018W,YOR338W,0,-0.78077316,0.15523633360862732,0.9041835069656372,0.4920377731323242
YGL209W,YER019C-A,0,-0.78113186,0.15520037710666656,0.9041835069656372,0.4921727478504181
YJL166W,YLR383W,0,-0.7814921,0.1551644206047058,0.9041835069656372,0.4923076927661896
YPL196W,YKR035W-A,0,-0.78201437,0.15512850880622864,0.9041835069656372,0.49244263768196106
YHR175W,YHR119W,0,-0.78297615,0.15509259700775146,0.9041835069656372,0.49257761240005493
YPR002W,YLL055W,0,-0.7832424,0.15505670011043549,0.9041835069656372,0.4927125573158264
YOR301W,YMR246W,0,-0.7832757,0.1550208181142807,0.9041835069656372,0.4928475022315979
YDR518W,YKR044W,0,-0.7848359,0.1549849659204483,0.9041835069656372,0.4929824471473694
YKR071C,YLR440C,0,-0.78502125,0.1549491286277771,0.9041835069656372,0.49311742186546326
YLR244C,YHL034C,0,-0.7854377,0.1549132913351059,0.9041835069656372,0.49325236678123474
YPL274W,YMR193W,0,-0.78547966,0.15487748384475708,0.9041835069656372,0.4933873116970062
YBL046W,YFR028C,1,-0.78641826,0.15507279336452484,0.9055330753326416,0.4933873116970062
YIL159W,YCL057W,0,-0.7864496,0.15503697097301483,0.9055330753326416,0.4935222566127777
YOR216C,YOL040C,0,-0.78659356,0.15500114858150482,0.9055330753326416,0.4936572313308716
YMR168C,YJR119C,0,-0.78738695,0.1549653559923172,0.9055330753326416,0.49379217624664307
YGR282C,YLR353W,0,-0.7886957,0.15492957830429077,0.9055330753326416,0.49392712116241455
YIL076W,YAL029C,0,-0.78883255,0.15489381551742554,0.9055330753326416,0.49406206607818604
YBL046W,YBR276C,1,-0.7889129,0.1550888568162918,0.9068825840950012,0.49406206607818604
YLR353W,YNR044W,0,-0.7889757,0.1550530642271042,0.9068825840950012,0.4941970407962799
YMR137C,YKR069W,0,-0.78920686,0.15501730144023895,0.9068825840950012,0.4943319857120514
YJR107W,YCR002C,0,-0.78923255,0.1549815535545349,0.9068825840950012,0.4944669306278229
YNR021W,YCR002C,0,-0.78969705,0.15494582056999207,0.9068825840950012,0.49460187554359436
YLR314C,YMR061W,0,-0.79002935,0.1549101024866104,0.9068825840950012,0.49473685026168823
YOR237W,YIR018W,0,-0.7906623,0.15487439930438995,0.9068825840950012,0.4948717951774597
YLL041C,YOR187W,0,-0.7913854,0.1548387110233307,0.9068825840950012,0.4950067400932312
YJL141C,YKL124W,0,-0.79161555,0.15480303764343262,0.9068825840950012,0.4951417148113251
YDR254W,YLR163C,0,-0.79174274,0.15476739406585693,0.9068825840950012,0.49527665972709656
YKL201C,YBL029C-A,0,-0.7919744,0.15473175048828125,0.9068825840950012,0.49541160464286804
YPR196W,YER137C,0,-0.7924268,0.15469613671302795,0.9068825840950012,0.4955465495586395
YBR002C,YOR232W,0,-0.79259646,0.15466052293777466,0.9068825840950012,0.4956815242767334
YKL007W,YLR301W,0,-0.792747,0.15462493896484375,0.9068825840950012,0.4958164691925049
YLR404W,YKL182W,0,-0.7935015,0.15458936989307404,0.9068825840950012,0.49595141410827637
YAL022C,YER055C,0,-0.79401445,0.15455381572246552,0.9068825840950012,0.49608635902404785
YPL083C,YDR222W,0,-0.79407203,0.1545182764530182,0.9068825840950012,0.4962213337421417
YJL085W,YOR294W,0,-0.794845,0.15448275208473206,0.9068825840950012,0.4963562786579132
YLR105C,YJL117W,0,-0.7950022,0.1544472575187683,0.9068825840950012,0.4964912235736847
YJL187C,YOR180C,0,-0.79508036,0.15441176295280457,0.9068825840950012,0.4966261684894562
YOR349W,YOL104C,0,-0.7955395,0.1543762981891632,0.9068825840950012,0.49676114320755005
YOL043C,YOR232W,0,-0.79614335,0.15434083342552185,0.9068825840950012,0.49689608812332153
YDR378C,YHR057C,0,-0.7965415,0.15430539846420288,0.9068825840950012,0.497031033039093
YER125W,YJR083C,0,-0.79700994,0.1542699784040451,0.9068825840950012,0.4971659779548645
YPR030W,YPR127W,0,-0.79806215,0.15423455834388733,0.9068825840950012,0.4973009526729584
YGR282C,YBR072W,0,-0.7981256,0.15419916808605194,0.9068825840950012,0.49743589758872986
YJL124C,YPL096W,0,-0.79928255,0.15416379272937775,0.9068825840950012,0.49757084250450134
YOR349W,YLR050C,0,-0.7992856,0.15412844717502594,0.9068825840950012,0.4977058172225952
YLL019C,YJL082W,0,-0.79938036,0.15409310162067413,0.9068825840950012,0.4978407621383667
YCR046C,YML109W,0,-0.79945225,0.15405777096748352,0.9068825840950012,0.4979757070541382
YOR084W,YDL077C,0,-0.7996737,0.1540224552154541,0.9068825840950012,0.49811065196990967
YBL079W,YIL133C,0,-0.79969126,0.15398716926574707,0.9068825840950012,0.49824562668800354
YNL258C,YDR109C,0,-0.79977584,0.15395188331604004,0.9068825840950012,0.498380571603775
YCL074W,YOR301W,0,-0.7998297,0.1539166271686554,0.9068825840950012,0.4985155165195465
YGR085C,YLR278C,0,-0.80012214,0.15388138592243195,0.9068825840950012,0.498650461435318
YOR230W,YMR159C,0,-0.80013204,0.1538461595773697,0.9068825840950012,0.49878543615341187
YDR414C,YKL074C,0,-0.80025166,0.15381094813346863,0.9068825840950012,0.49892038106918335
YER151C,YLR268W,0,-0.80071425,0.15377573668956757,0.9068825840950012,0.49905532598495483
YMR160W,YFL021W,0,-0.8007945,0.15374056994915009,0.9068825840950012,0.4991902709007263
YFR045W,YMR160W,0,-0.80084336,0.1537054032087326,0.9068825840950012,0.4993252456188202
YMR169C,YBR075W,0,-0.80105066,0.15367025136947632,0.9068825840950012,0.4994601905345917
YFR021W,YOR313C,0,-0.8015156,0.15363511443138123,0.9068825840950012,0.49959513545036316
YMR203W,YLR440C,0,-0.80227107,0.15360000729560852,0.9068825840950012,0.49973008036613464
YNL117W,YOR304C-A,0,-0.8024901,0.15356490015983582,0.9068825840950012,0.4998650550842285
YLR452C,YBR075W,0,-0.80249494,0.1535298079252243,0.9068825840950012,0.5
YGR285C,YIL035C,0,-0.8026775,0.15349474549293518,0.9068825840950012,0.5001349449157715
YHL027W,YLR213C,0,-0.80377257,0.15345969796180725,0.9068825840950012,0.500269889831543
YJL114W,YHL012W,0,-0.80486953,0.15342465043067932,0.9068825840950012,0.5004048347473145
YDR285W,YDL245C,0,-0.80551267,0.15338963270187378,0.9068825840950012,0.5005398392677307
YIL113W,YDR075W,1,-0.8055812,0.1535828411579132,0.9082320928573608,0.5005398392677307
YPR060C,YDL040C,0,-0.8058661,0.15354779362678528,0.9082320928573608,0.5006747841835022
YJR005W,YOR351C,0,-0.80627745,0.15351277589797974,0.9082320928573608,0.5008097290992737
YDL070W,YER019C-A,0,-0.8064271,0.1534777581691742,0.9082320928573608,0.5009446740150452
YOL102C,YDR146C,0,-0.80697143,0.15344277024269104,0.9082320928573608,0.5010796189308167
YOL112W,YLR350W,0,-0.80702645,0.15340779721736908,0.9082320928573608,0.5012145638465881
YMR089C,YDR492W,0,-0.80720073,0.1533728390932083,0.9082320928573608,0.5013495087623596
YBL011W,YNR072W,0,-0.80821586,0.15333789587020874,0.9082320928573608,0.5014844536781311
YEL040W,YNL259C,0,-0.808475,0.15330296754837036,0.9082320928573608,0.5016194581985474
YOL165C,YCL026C-B,0,-0.808735,0.15326805412769318,0.9082320928573608,0.5017544031143188
YDR067C,YJR034W,0,-0.8087771,0.15323315560817719,0.9082320928573608,0.5018893480300903
YPL188W,YGL220W,0,-0.8103579,0.1531982719898224,0.9082320928573608,0.5020242929458618
YDR383C,YPL078C,0,-0.8103589,0.15316340327262878,0.9082320928573608,0.5021592378616333
YOR208W,YPR073C,1,-0.8112068,0.15335609018802643,0.9095816612243652,0.5021592378616333
YPR135W,YLR028C,0,-0.8118697,0.15332120656967163,0.9095816612243652,0.5022941827774048
YCR093W,YBR118W,0,-0.81199133,0.15328633785247803,0.9095816612243652,0.5024291276931763
YBR115C,YML036W,0,-0.8121309,0.15325148403644562,0.9095816612243652,0.5025641322135925
YIL132C,YDR496C,0,-0.8125906,0.1532166451215744,0.9095816612243652,0.502699077129364
YJL141C,YPL259C,0,-0.81300575,0.15318182110786438,0.9095816612243652,0.5028340220451355
YGL200C,YLR047C,0,-0.8134615,0.15314701199531555,0.9095816612243652,0.502968966960907
YAL054C,YNL236W,0,-0.81440336,0.15311221778392792,0.9095816612243652,0.5031039118766785
YNL010W,YOL158C,0,-0.8146738,0.15307745337486267,0.9095816612243652,0.50323885679245
YHR059W,YJL117W,0,-0.8149306,0.15304268896579742,0.9095816612243652,0.5033738017082214
YML032C,YKR056W,0,-0.81545454,0.15300793945789337,0.9095816612243652,0.5035087466239929
YOL045W,YBR075W,0,-0.8156406,0.1529732197523117,0.9095816612243652,0.5036437511444092
YNL297C,YLR187W,0,-0.81601,0.15293850004673004,0.9095816612243652,0.5037786960601807
YDL171C,YNL138W,0,-0.81631136,0.15290381014347076,0.9095816612243652,0.5039136409759521
YML071C,YNL335W,0,-0.8169737,0.15286913514137268,0.9095816612243652,0.5040485858917236
YDR285W,YPL099C,0,-0.81794643,0.1528344601392746,0.9095816612243652,0.5041835308074951
YPL180W,YKL096W-A,0,-0.81804264,0.1527998149394989,0.9095816612243652,0.5043184757232666
YER050C,YCL026C-B,0,-0.8180618,0.1527651846408844,0.9095816612243652,0.5044534206390381
YCR060W,YDR245W,0,-0.8184309,0.1527305692434311,0.9095816612243652,0.5045883655548096
YJR036C,YOR232W,0,-0.8186595,0.15269596874713898,0.9095816612243652,0.5047233700752258
YKL171W,YJR034W,0,-0.8186981,0.15266138315200806,0.9095816612243652,0.5048583149909973
YLR105C,YEL031W,0,-0.81890994,0.15262681245803833,0.9095816612243652,0.5049932599067688
YJL034W,YLR305C,0,-0.81922317,0.1525922566652298,0.9095816612243652,0.5051282048225403
YOR159C,YGR177C,0,-0.819351,0.15255771577358246,0.9095816612243652,0.5052631497383118
YML032C,YAL024C,0,-0.82070315,0.1525231897830963,0.9095816612243652,0.5053980946540833
YDR499W,YGR118W,0,-0.8220823,0.15248869359493256,0.9095816612243652,0.5055330395698547
YDR411C,YBR059C,0,-0.82221556,0.1524541974067688,0.9095816612243652,0.505668044090271
YHR056C,YFL017W-A,0,-0.8229637,0.15241971611976624,0.9095816612243652,0.5058029890060425
YOR237W,YBR223C,0,-0.8230217,0.15238526463508606,0.9095816612243652,0.505937933921814
YPL082C,YBR061C,0,-0.8235359,0.15235081315040588,0.9095816612243652,0.5060728788375854
YGR144W,YBL029C-A,0,-0.8236133,0.1523163914680481,0.9095816612243652,0.5062078237533569
YIL134W,YLR016C,0,-0.8241254,0.1522819697856903,0.9095816612243652,0.5063427686691284
YNL070W,YCR026C,0,-0.8244126,0.1522475779056549,0.9095816612243652,0.5064777135848999
YLR404W,YKL201C,0,-0.82467866,0.1522131860256195,0.9095816612243652,0.5066126585006714
YGR036C,YNL178W,0,-0.82482946,0.1521788239479065,0.9095816612243652,0.5067476630210876
YBR045C,YBR276C,1,-0.82488096,0.15237019956111908,0.9109311699867249,0.5067476630210876
YEL022W,YKL205W,0,-0.8256244,0.15233582258224487,0.9109311699867249,0.5068826079368591
YMR200W,YOR311C,0,-0.8259405,0.15230144560337067,0.9109311699867249,0.5070175528526306
YBR243C,YGL051W,0,-0.82600135,0.15226708352565765,0.9109311699867249,0.5071524977684021
YER154W,YJL206C,0,-0.8265785,0.15223275125026703,0.9109311699867249,0.5072874426841736
YJR021C,YLR160C,0,-0.8268938,0.1521984189748764,0.9109311699867249,0.5074223875999451
YLR329W,YIL042C,0,-0.82733285,0.15216411650180817,0.9109311699867249,0.5075573325157166
YHR039C-A,YJR133W,0,-0.8273434,0.15212981402873993,0.9109311699867249,0.5076923370361328
YBL112C,YKL067W,0,-0.8295565,0.15209554135799408,0.9109311699867249,0.5078272819519043
YBR010W,YHR051W,0,-0.8302318,0.15206126868724823,0.9109311699867249,0.5079622268676758
YIL177C,YOR313C,0,-0.8302361,0.15202702581882477,0.9109311699867249,0.5080971717834473
YBR247C,YDR064W,0,-0.8304496,0.1519927978515625,0.9109311699867249,0.5082321166992188
YNL131W,YML058W-A,0,-0.83074373,0.15195856988430023,0.9109311699867249,0.5083670616149902
YOR054C,YFL066C,0,-0.8314824,0.15192437171936035,0.9109311699867249,0.5085020065307617
YCR030C,YNR018W,0,-0.83153725,0.15189018845558167,0.9109311699867249,0.5086369514465332
YPL276W,YNR013C,0,-0.8318156,0.15185602009296417,0.9109311699867249,0.5087719559669495
YBR261C,YBR075W,0,-0.831848,0.15182186663150787,0.9109311699867249,0.508906900882721
YKR035W-A,YJL085W,0,-0.8323027,0.15178772807121277,0.9109311699867249,0.5090418457984924
YBR182C,YMR159C,0,-0.83278763,0.15175360441207886,0.9109311699867249,0.5091767907142639
YBR260C,YDR473C,0,-0.83290964,0.15171948075294495,0.9109311699867249,0.5093117356300354
YJR119C,YPL011C,0,-0.83393145,0.15168538689613342,0.9109311699867249,0.5094466805458069
YDR371W,YPR011C,0,-0.8340731,0.1516513079404831,0.9109311699867249,0.5095816254615784
YDL028C,YKL053C-A,0,-0.8343333,0.15161724388599396,0.9109311699867249,0.5097165703773499
YER151C,YPR160W,0,-0.834444,0.1515832096338272,0.9109311699867249,0.5098515748977661
YNL271C,YLL003W,0,-0.8345814,0.15154917538166046,0.9109311699867249,0.5099865198135376
YHR041C,YNR003C,0,-0.83510906,0.1515151560306549,0.9109311699867249,0.5101214647293091
YGR281W,YJL149W,0,-0.83537805,0.15148115158081055,0.9109311699867249,0.5102564096450806
YCR057C,YKR028W,0,-0.83593094,0.15144716203212738,0.9109311699867249,0.510391354560852
YKL205W,YIR032C,0,-0.83598995,0.1514131873846054,0.9109311699867249,0.5105262994766235
YHR179W,YDR381C-A,0,-0.83704627,0.15137922763824463,0.9109311699867249,0.510661244392395
YGR089W,YDR470C,0,-0.83715606,0.15134529769420624,0.9109311699867249,0.5107962489128113
YHR012W,YNR006W,0,-0.83729196,0.15131136775016785,0.9109311699867249,0.5109311938285828
YDR518W,YDR381C-A,0,-0.8376192,0.15127745270729065,0.9109311699867249,0.5110661387443542
YDR392W,YIL042C,0,-0.83843786,0.15124355256557465,0.9109311699867249,0.5112010836601257
YDR026C,YKL124W,0,-0.8403543,0.15120968222618103,0.9109311699867249,0.5113360285758972
YHR211W,YNL044W,0,-0.84044933,0.15117581188678741,0.9109311699867249,0.5114709734916687
YDL179W,YMR114C,0,-0.84057075,0.151141956448555,0.9109311699867249,0.5116059184074402
YPR083W,YPL050C,0,-0.84081054,0.15110813081264496,0.9109311699867249,0.5117408633232117
YGR056W,YLR005W,0,-0.8410431,0.15107430517673492,0.9109311699867249,0.5118758678436279
YNL131W,YMR213W,0,-0.84129596,0.15104049444198608,0.9109311699867249,0.5120108127593994
YLR314C,YMR304W,0,-0.84132946,0.15100671350955963,0.9109311699867249,0.5121457576751709
YJR004C,YJL191W,0,-0.84139013,0.15097293257713318,0.9109311699867249,0.5122807025909424
YDR072C,YMR099C,0,-0.8415153,0.1509391814470291,0.9109311699867249,0.5124156475067139
YIL135C,YEL056W,0,-0.841858,0.15090543031692505,0.9109311699867249,0.5125505924224854
YJR107W,YKR102W,0,-0.8421556,0.15087170898914337,0.9109311699867249,0.5126855373382568
YAL038W,YGL046W,0,-0.8422769,0.1508379876613617,0.9109311699867249,0.5128205418586731
YOR287C,YLR380W,0,-0.842296,0.1508042961359024,0.9109311699867249,0.5129554867744446
YPL137C,YAL031C,1,-0.84265566,0.1509939730167389,0.9122806787490845,0.5129554867744446
YDR263C,YJR119C,0,-0.84364134,0.15096025168895721,0.9122806787490845,0.5130904316902161
YBR020W,YDR410C,0,-0.8439777,0.15092654526233673,0.9122806787490845,0.5132253766059875
YJL112W,YBR278W,0,-0.84440005,0.15089285373687744,0.9122806787490845,0.513360321521759
YGL244W,YGL174W,0,-0.8446882,0.15085917711257935,0.9122806787490845,0.5134952664375305
YOL141W,YPR080W,0,-0.84481776,0.15082553029060364,0.9122806787490845,0.513630211353302
YDR285W,YCL026C-B,0,-0.8450535,0.15079188346862793,0.9122806787490845,0.5137651562690735
YDR174W,YLR285W,0,-0.8455421,0.15075825154781342,0.9122806787490845,0.5139001607894897
YER138C,YLR050C,0,-0.84595793,0.1507246345281601,0.9122806787490845,0.5140351057052612
YMR277W,YMR036C,1,-0.8459622,0.15091395378112793,0.9136302471160889,0.5140351057052612
YDL206W,YEL029C,0,-0.8469524,0.15088032186031342,0.9136302471160889,0.5141700506210327
YDR076W,YGR179C,0,-0.8473048,0.1508467048406601,0.9136302471160889,0.5143049955368042
YDR064W,YLL040C,0,-0.8473185,0.15081310272216797,0.9136302471160889,0.5144399404525757
YLR009W,YDR364C,0,-0.847326,0.15077951550483704,0.9136302471160889,0.5145748853683472
YDR419W,YHR119W,0,-0.847497,0.1507459431886673,0.9136302471160889,0.5147098302841187
YJL194W,YCL014W,0,-0.84760374,0.15071237087249756,0.9136302471160889,0.5148447751998901
YOR168W,YEL030W,0,-0.8486508,0.1506788283586502,0.9136302471160889,0.5149797797203064
YJL172W,YER145C,0,-0.84877914,0.15064530074596405,0.9136302471160889,0.5151147246360779
YDL202W,YMR238W,0,-0.8493423,0.1506117880344391,0.9136302471160889,0.5152496695518494
YOR209C,YKL074C,0,-0.8500625,0.15057829022407532,0.9136302471160889,0.5153846144676208
YOR239W,YNR010W,0,-0.85009646,0.15054480731487274,0.9136302471160889,0.5155195593833923
YNR002C,YOL151W,0,-0.850742,0.15051133930683136,0.9136302471160889,0.5156545042991638
YGL103W,YOR294W,0,-0.8511046,0.15047788619995117,0.9136302471160889,0.5157894492149353
YDR254W,YHR057C,0,-0.85115516,0.15044444799423218,0.9136302471160889,0.5159244537353516
YOR147W,YKR068C,0,-0.85139966,0.15041102468967438,0.9136302471160889,0.516059398651123
YEL040W,YML109W,0,-0.8517766,0.15037761628627777,0.9136302471160889,0.5161943435668945
YOL038W,YBR075W,0,-0.85205543,0.15034420788288116,0.9136302471160889,0.516329288482666
YMR301C,YOR085W,0,-0.852137,0.15031082928180695,0.9136302471160889,0.5164642333984375
YKR035W-A,YGL071W,0,-0.8523972,0.15027746558189392,0.9136302471160889,0.516599178314209
YJR082C,YFL023W,0,-0.85242516,0.1502441167831421,0.9136302471160889,0.5167341232299805
YDR075W,YDL236W,1,-0.8525799,0.15043266117572784,0.9149797558784485,0.5167341232299805
YMR145C,YIL140W,0,-0.85280526,0.15039929747581482,0.9149797558784485,0.516869068145752
YNL032W,YIR026C,1,-0.8530254,0.15058770775794983,0.9163292646408081,0.516869068145752
YML080W,YPR119W,0,-0.85309523,0.1505543291568756,0.9163292646408081,0.5170040726661682
YIL142W,YKR002W,0,-0.85417235,0.1505209505558014,0.9163292646408081,0.5171390175819397
YPL213W,YJL128C,0,-0.854535,0.15048758685588837,0.9163292646408081,0.5172739624977112
YAR027W,YOR311C,0,-0.85459757,0.15045423805713654,0.9163292646408081,0.5174089074134827
YMR239C,YDR497C,0,-0.8548484,0.1504209190607071,0.9163292646408081,0.5175438523292542
YBL091C-A,YNL027W,0,-0.8559172,0.15038760006427765,0.9163292646408081,0.5176787972450256
YCR093W,YJL134W,0,-0.85595673,0.1503542959690094,0.9163292646408081,0.5178137421607971
YMR168C,YLR113W,0,-0.85676986,0.15032100677490234,0.9163292646408081,0.5179487466812134
YKL038W,YOL124C,0,-0.8570374,0.15028773248195648,0.9163292646408081,0.5180836915969849
YPR135W,YBR026C,0,-0.85758346,0.150254487991333,0.9163292646408081,0.5182186365127563
YNL008C,YGL037C,0,-0.8582833,0.15022124350070953,0.9163292646408081,0.5183535814285278
YNL079C,YPR137W,0,-0.85870296,0.15018801391124725,0.9163292646408081,0.5184885263442993
YBL112C,YDR211W,0,-0.85982126,0.15015479922294617,0.9163292646408081,0.5186234712600708
YKR008W,YJL071W,0,-0.8599699,0.15012159943580627,0.9163292646408081,0.5187584161758423
YAL022C,YDR392W,0,-0.86063457,0.15008841454982758,0.9163292646408081,0.5188933610916138
YML049C,YNL026W,0,-0.86097,0.15005524456501007,0.9163292646408081,0.51902836561203
YKR020W,YCL057W,0,-0.8610236,0.15002208948135376,0.9163292646408081,0.5191633105278015
YPL223C,YAL039C,0,-0.8618263,0.14998894929885864,0.9163292646408081,0.519298255443573
YNL282W,YIL083C,0,-0.8618357,0.14995582401752472,0.9163292646408081,0.5194332003593445
YPR182W,YJL004C,0,-0.86195755,0.149922713637352,0.9163292646408081,0.519568145275116
YML099C,YLL040C,0,-0.86249375,0.14988961815834045,0.9163292646408081,0.5197030901908875
YPR113W,YER137C-A,0,-0.8645319,0.1498565375804901,0.9163292646408081,0.5198380351066589
YGL026C,YMR046C,0,-0.86475825,0.14982347190380096,0.9163292646408081,0.5199729800224304
YOR292C,YAR031W,0,-0.8658414,0.149790421128273,0.9163292646408081,0.5201079845428467
YPR171W,YDR240C,0,-0.8661102,0.14975738525390625,0.9163292646408081,0.5202429294586182
YDR378C,YMR065W,0,-0.86627233,0.14972436428070068,0.9163292646408081,0.5203778743743896
YOR212W,YNL302C,0,-0.8670891,0.1496913582086563,0.9163292646408081,0.5205128192901611
YPR194C,YMR077C,0,-0.86783516,0.14965836703777313,0.9163292646408081,0.5206477642059326
YGL046W,YER190W,0,-0.8682208,0.14962539076805115,0.9163292646408081,0.5207827091217041
YLR157C,YGL122C,0,-0.8686087,0.14959241449832916,0.9163292646408081,0.5209176540374756
YKL038W,YEL040W,0,-0.86943066,0.14955946803092957,0.9163292646408081,0.5210526585578918
YNL284C-A,YML049C,0,-0.86968315,0.14952653646469116,0.9163292646408081,0.5211876034736633
YBR115C,YNL262W,0,-0.87014365,0.14949361979961395,0.9163292646408081,0.5213225483894348
YMR032W,YCR087C-A,0,-0.8701992,0.14946070313453674,0.9163292646408081,0.5214574933052063
YEL070W,YHR039C-A,0,-0.87020034,0.14942781627178192,0.9163292646408081,0.5215924382209778
YMR039C,YER162C,0,-0.870908,0.1493949443101883,0.9163292646408081,0.5217273831367493
YBL029C-A,YLR151C,0,-0.87126255,0.14936207234859467,0.9163292646408081,0.5218623280525208
YGR085C,YOL040C,0,-0.871758,0.14932923018932343,0.9163292646408081,0.5219972729682922
YJL053W,YPR133W-A,0,-0.8719032,0.14929638803005219,0.9163292646408081,0.5221322774887085
YDR240C,YKL067W,0,-0.8724718,0.14926357567310333,0.9163292646408081,0.52226722240448
YNR044W,YJL128C,0,-0.8725348,0.14923076331615448,0.9163292646408081,0.5224021673202515
YNL236W,YLR390W,0,-0.8734803,0.14919798076152802,0.9163292646408081,0.522537112236023
YAL022C,YOL062C,0,-0.8739506,0.14916519820690155,0.9163292646408081,0.5226720571517944
YPL276W,YDR429C,0,-0.87409,0.14913244545459747,0.9163292646408081,0.5228070020675659
YOR243C,YDR140W,0,-0.87471867,0.1490996927022934,0.9163292646408081,0.5229419469833374
YPL119C,YDR381C-A,0,-0.8754002,0.1490669548511505,0.9163292646408081,0.5230769515037537
YKR054C,YPL027W,0,-0.87541085,0.14903424680233002,0.9163292646408081,0.5232118964195251
YNL261W,YMR097C,0,-0.8756033,0.14900153875350952,0.9163292646408081,0.5233468413352966
YGR175C,YDL171C,0,-0.8765245,0.14896884560585022,0.9163292646408081,0.5234817862510681
YGR221C,YJR040W,0,-0.87654084,0.1489361673593521,0.9163292646408081,0.5236167311668396
YJL071W,YGR089W,0,-0.8765423,0.1489035040140152,0.9163292646408081,0.5237516760826111
YJR107W,YER130C,0,-0.87664557,0.14887085556983948,0.9163292646408081,0.5238866209983826
YGR252W,YLL012W,0,-0.87716675,0.14883822202682495,0.9163292646408081,0.524021565914154
YGR167W,YCL043C,0,-0.8777825,0.14880560338497162,0.9163292646408081,0.5241565704345703
YLR268W,YPL011C,0,-0.87780833,0.14877299964427948,0.9163292646408081,0.5242915153503418
YBR095C,YNL122C,0,-0.8780589,0.14874041080474854,0.9163292646408081,0.5244264602661133
YDR454C,YJL012C-A,0,-0.8788186,0.14870783686637878,0.9163292646408081,0.5245614051818848
YCL026C-B,YMR229C,0,-0.8788186,0.14867527782917023,0.9163292646408081,0.5246963500976562
YKL053C-A,YGL046W,0,-0.8788186,0.14864273369312286,0.9163292646408081,0.5248312950134277
YHR047C,YBL029C-A,0,-0.8788186,0.1486102044582367,0.9163292646408081,0.5249662399291992
YGL046W,YER087C-B,0,-0.8788186,0.14857767522335052,0.9163292646408081,0.5251011848449707
YGL046W,YDR496C,0,-0.8788186,0.14854517579078674,0.9163292646408081,0.525236189365387
YAL017W,YBR141C,0,-0.8788343,0.14851269125938416,0.9163292646408081,0.5253711342811584
YPL099C,YMR099C,0,-0.8795521,0.14848020672798157,0.9163292646408081,0.5255060791969299
YNL008C,YJL085W,0,-0.88010013,0.14844775199890137,0.9163292646408081,0.5256410241127014
YLR295C,YOR324C,0,-0.8804117,0.14841529726982117,0.9163292646408081,0.5257759690284729
YAL038W,YGL241W,0,-0.8817073,0.14838287234306335,0.9163292646408081,0.5259109139442444
YMR241W,YER013W,0,-0.88173765,0.14835044741630554,0.9163292646408081,0.5260458588600159
YHR175W,YKL161C,0,-0.8820292,0.14831803739070892,0.9163292646408081,0.5261808633804321
YBL112C,YHR060W,0,-0.88228995,0.1482856571674347,0.9163292646408081,0.5263158082962036
YKL053C-A,YIL048W,0,-0.88234544,0.14825327694416046,0.9163292646408081,0.5264507532119751
YDR205W,YLR390W,0,-0.882795,0.14822091162204742,0.9163292646408081,0.5265856981277466
YGR225W,YGR034W,0,-0.8828143,0.14818856120109558,0.9163292646408081,0.5267206430435181
YNL192W,YJL095W,0,-0.882957,0.14815622568130493,0.9163292646408081,0.5268555879592896
YGR239C,YLR088W,0,-0.8832254,0.14812390506267548,0.9163292646408081,0.526990532875061
YLR361C,YPR073C,1,-0.88382936,0.14830970764160156,0.9176788330078125,0.526990532875061
YPR137W,YDL047W,0,-0.8839132,0.1482773721218109,0.9176788330078125,0.5271254777908325
YKL203C,YDR229W,0,-0.88399553,0.14824503660202026,0.9176788330078125,0.5272604823112488
YCR079W,YPR073C,1,-0.88483804,0.1484306901693344,0.9190283417701721,0.5272604823112488
YMR182C,YCL026C-B,0,-0.8848664,0.14839833974838257,0.9190283417701721,0.5273954272270203
YER087W,YDR449C,0,-0.8860468,0.1483660191297531,0.9190283417701721,0.5275303721427917
YNL131W,YBR282W,0,-0.8861402,0.14833369851112366,0.9190283417701721,0.5276653170585632
YML112W,YOR216C,0,-0.8867198,0.1483013927936554,0.9190283417701721,0.5278002619743347
YJL066C,YLR353W,0,-0.88707745,0.14826910197734833,0.9190283417701721,0.5279352068901062
YAL017W,YGL071W,0,-0.88729215,0.14823682606220245,0.9190283417701721,0.5280701518058777
YGR012W,YNL110C,0,-0.88796735,0.14820456504821777,0.9190283417701721,0.528205156326294
YMR061W,YDL171C,0,-0.8880149,0.1481723189353943,0.9190283417701721,0.5283401012420654
YJL112W,YKL053C-A,0,-0.88917935,0.148140087723732,0.9190283417701721,0.5284750461578369
YNL297C,YMR033W,0,-0.8894936,0.1481078714132309,0.9190283417701721,0.5286099910736084
YMR061W,YJL071W,0,-0.8902702,0.148075670003891,0.9190283417701721,0.5287449359893799
YDL217C,YPL218W,0,-0.89061975,0.14804348349571228,0.9190283417701721,0.5288798809051514
YHR041C,YJL141C,0,-0.8920231,0.14801129698753357,0.9190283417701721,0.5290148258209229
YKL041W,YMR200W,0,-0.8929187,0.14797914028167725,0.9190283417701721,0.5291497707366943
YIL142W,YGR246C,0,-0.89326614,0.14794699847698212,0.9190283417701721,0.5292847752571106
YOR239W,YGL174W,0,-0.89329183,0.147914856672287,0.9190283417701721,0.5294197201728821
YGL046W,YLR348C,0,-0.8933281,0.14788272976875305,0.9190283417701721,0.5295546650886536
YMR032W,YBR052C,0,-0.89365983,0.1478506326675415,0.9190283417701721,0.529689610004425
YCL036W,YGL169W,0,-0.89366984,0.14781853556632996,0.9190283417701721,0.5298245549201965
YGL014W,YNR057C,0,-0.8941566,0.1477864533662796,0.9190283417701721,0.529959499835968
YGR271W,YLL012W,0,-0.89459044,0.14775440096855164,0.9190283417701721,0.5300944447517395
YLR141W,YEL070W,0,-0.89545155,0.14772234857082367,0.9190283417701721,0.5302294492721558
YNL073W,YMR136W,0,-0.8966712,0.1476903110742569,0.9190283417701721,0.5303643941879272
YLR289W,YNR018W,0,-0.8971659,0.14765828847885132,0.9190283417701721,0.5304993391036987
YIL135C,YPL218W,0,-0.8973441,0.14762628078460693,0.9190283417701721,0.5306342840194702
YNL314W,YGL050W,0,-0.8973875,0.14759427309036255,0.9190283417701721,0.5307692289352417
YDR306C,YBR026C,0,-0.897514,0.14756229519844055,0.9190283417701721,0.5309041738510132
YPR200C,YKL094W,0,-0.8976227,0.14753033220767975,0.9190283417701721,0.5310391187667847
YGR081C,YCL024W,0,-0.8980324,0.14749836921691895,0.9190283417701721,0.5311740636825562
YGR169C,YGL026C,0,-0.89881957,0.14746643602848053,0.9190283417701721,0.5313090682029724
YMR277W,YDL236W,1,-0.89894426,0.14765100181102753,0.9203778505325317,0.5313090682029724
YGR252W,YDR419W,0,-0.90110725,0.14761905372142792,0.9203778505325317,0.5314440131187439
YHR069C,YMR308C,0,-0.90115607,0.1475871056318283,0.9203778505325317,0.5315789580345154
YDL179W,YDL083C,0,-0.90139776,0.1475551724433899,0.9203778505325317,0.5317139029502869
YJL225C,YCL008C,0,-0.90196675,0.14752325415611267,0.9203778505325317,0.5318488478660583
YDL039C,YNL284C,0,-0.902004,0.14749135076999664,0.9203778505325317,0.5319837927818298
YMR013C,YBR196C,0,-0.90248704,0.1474594622850418,0.9203778505325317,0.5321187376976013
YGR036C,YFR001W,0,-0.9035022,0.14742758870124817,0.9203778505325317,0.5322536826133728
YNL238W,YHR119W,0,-0.90369594,0.14739571511745453,0.9203778505325317,0.5323886871337891
YKL007W,YBL029C-A,0,-0.90373504,0.14736387133598328,0.9203778505325317,0.5325236320495605
YDR429C,YLL043W,0,-0.9038968,0.14733204245567322,0.9203778505325317,0.532658576965332
YLR073C,YPL065W,0,-0.9039326,0.14730021357536316,0.9203778505325317,0.5327935218811035
YBR276C,YGL163C,0,-0.9040443,0.1472684144973755,0.9203778505325317,0.532928466796875
YGL186C,YJL081C,0,-0.90449095,0.14723661541938782,0.9203778505325317,0.5330634117126465
YKL013C,YNL027W,0,-0.90454954,0.14720483124256134,0.9203778505325317,0.533198356628418
YFL057C,YER165W,0,-0.90500855,0.14717306196689606,0.9203778505325317,0.5333333611488342
YIL142W,YGR281W,0,-0.9052057,0.14714132249355316,0.9203778505325317,0.5334683060646057
YHR008C,YFL021W,0,-0.90526307,0.14710958302021027,0.9203778505325317,0.5336032509803772
YPR072W,YKR055W,0,-0.90527225,0.14707785844802856,0.9203778505325317,0.5337381958961487
YGL209W,YMR182C,0,-0.90652347,0.14704613387584686,0.9203778505325317,0.5338731408119202
YLR105C,YBR182C,0,-0.9067224,0.14701443910598755,0.9203778505325317,0.5340080857276917
YDR207C,YPR160W,0,-0.907104,0.14698275923728943,0.9203778505325317,0.5341430306434631
YER054C,YPR073C,1,-0.9073738,0.14716656506061554,0.9217274188995361,0.5341430306434631
YDR389W,YPL027W,0,-0.90750873,0.14713485538959503,0.9217274188995361,0.5342779755592346
YML112W,YPL273W,0,-0.90802443,0.14710316061973572,0.9217274188995361,0.5344129800796509
YGL046W,YOR327C,0,-0.90856856,0.1470714956521988,0.9217274188995361,0.5345479249954224
YKL053C-A,YDR508C,0,-0.9086741,0.14703983068466187,0.9217274188995361,0.5346828699111938
YOR317W,YKL165C,0,-0.90877384,0.14700818061828613,0.9217274188995361,0.5348178148269653
YNL102W,YNL182C,0,-0.9093487,0.1469765454530716,0.9217274188995361,0.5349527597427368
YKR020W,YLR073C,0,-0.9094679,0.14694492518901825,0.9217274188995361,0.5350877046585083
YDR030C,YKR026C,0,-0.9095324,0.1469133198261261,0.9217274188995361,0.5352226495742798
YDR159W,YOL062C,0,-0.9096341,0.14688171446323395,0.9217274188995361,0.535357654094696
YOL104C,YBR257W,0,-0.9107289,0.14685013890266418,0.9217274188995361,0.5354925990104675
YEL070W,YDR260C,0,-0.9109909,0.14681857824325562,0.9217274188995361,0.535627543926239
YGL170C,YEL040W,0,-0.91179276,0.14678701758384705,0.9217274188995361,0.5357624888420105
YIL113W,YFR003C,1,-0.911976,0.14697034657001495,0.9230769276618958,0.5357624888420105
YKR020W,YIL132C,0,-0.91243804,0.1469387710094452,0.9230769276618958,0.535897433757782
YDR026C,YPL147W,0,-0.9135202,0.14690721035003662,0.9230769276618958,0.5360323786735535
YMR277W,YDL006W,1,-0.9136507,0.14709040522575378,0.9244264364242554,0.5360323786735535
YLL040C,YGR027C,0,-0.91445905,0.14705882966518402,0.9244264364242554,0.536167323589325
YER171W,YLR050C,0,-0.9148098,0.14702725410461426,0.9244264364242554,0.5363022685050964
YMR321C,YKL180W,0,-0.91492134,0.14699570834636688,0.9244264364242554,0.5364372730255127
YLL002W,YFL021W,0,-0.91501176,0.1469641774892807,0.9244264364242554,0.5365722179412842
YAL022C,YOL151W,0,-0.91505456,0.14693264663219452,0.9244264364242554,0.5367071628570557
YJR040W,YGR214W,0,-0.91555727,0.14690113067626953,0.9244264364242554,0.5368421077728271
YBL112C,YKL082C,0,-0.9156105,0.14686964452266693,0.9244264364242554,0.5369770526885986
YBL029C-A,YFL054C,0,-0.91600776,0.14683815836906433,0.9244264364242554,0.5371119976043701
YIL143C,YHR135C,0,-0.9160737,0.14680668711662292,0.9244264364242554,0.5372469425201416
YLR312W-A,YDR140W,0,-0.91631496,0.1467752307653427,0.9244264364242554,0.5373818874359131
YDL140C,YBL085W,0,-0.9171552,0.1467437893152237,0.9244264364242554,0.5375168919563293
YPL180W,YMR295C,0,-0.91809595,0.14671236276626587,0.9244264364242554,0.5376518368721008
YBR066C,YMR321C,0,-0.9181543,0.14668093621730804,0.9244264364242554,0.5377867817878723
YNR031C,YER165W,0,-0.91820174,0.1466495394706726,0.9244264364242554,0.5379217267036438
YKL124W,YLR389C,0,-0.9187182,0.14661815762519836,0.9244264364242554,0.5380566716194153
YPR144C,YOL070C,0,-0.91890085,0.14658677577972412,0.9244264364242554,0.5381916165351868
YBL005W-B,YLR268W,0,-0.91918886,0.14655540883541107,0.9244264364242554,0.5383265614509583
YNR031C,YMR203W,0,-0.9193724,0.14652405679225922,0.9244264364242554,0.5384615659713745
YGR252W,YIR025W,0,-0.91948897,0.14649273455142975,0.9244264364242554,0.538596510887146
YER101C,YIL021W,0,-0.9195939,0.14646141231060028,0.9244264364242554,0.5387314558029175
YMR008C,YNL309W,0,-0.920215,0.146430104970932,0.9244264364242554,0.538866400718689
YDR083W,YJL206C,0,-0.9203721,0.14639879763126373,0.9244264364242554,0.5390013456344604
YNL138W,YOR025W,0,-0.9207163,0.14636752009391785,0.9244264364242554,0.5391362905502319
YNL202W,YIL159W,0,-0.92074895,0.14633625745773315,0.9244264364242554,0.5392712354660034
YDR310C,YFL001W,0,-0.92084527,0.14630499482154846,0.9244264364242554,0.5394061803817749
YOR159C,YGR252W,0,-0.92086923,0.14627376198768616,0.9244264364242554,0.5395411849021912
YGR221C,YNL192W,0,-0.92194533,0.14624252915382385,0.9244264364242554,0.5396761298179626
YCL008C,YDL021W,0,-0.9225085,0.14621131122112274,0.9244264364242554,0.5398110747337341
YDL246C,YJL085W,0,-0.9227655,0.14618010818958282,0.9244264364242554,0.5399460196495056
YKR056W,YJR005W,0,-0.92279917,0.1461489200592041,0.9244264364242554,0.5400809645652771
YER087W,YBR031W,0,-0.92329127,0.14611774682998657,0.9244264364242554,0.5402159094810486
YMR008C,YNR072W,0,-0.92338693,0.14608658850193024,0.9244264364242554,0.5403508543968201
YMR061W,YLR020C,0,-0.9235039,0.1460554301738739,0.9244264364242554,0.5404858589172363
YOL103W-B,YMR193W,0,-0.92351747,0.14602430164813995,0.9244264364242554,0.5406208038330078
YIL170W,YGR271W,0,-0.92390937,0.145993173122406,0.9244264364242554,0.5407557487487793
YOL026C,YGL103W,0,-0.9242674,0.14596207439899445,0.9244264364242554,0.5408906936645508
YER130C,YHR057C,0,-0.9244238,0.14593097567558289,0.9244264364242554,0.5410256385803223
YIR018W,YDR332W,0,-0.92502415,0.14589989185333252,0.9244264364242554,0.5411605834960938
YEL053C,YCL025C,0,-0.9252719,0.14586882293224335,0.9244264364242554,0.5412955284118652
YNL026W,YJR063W,0,-0.92528856,0.14583776891231537,0.9244264364242554,0.5414304733276367
YHR056C,YER137C,0,-0.9253162,0.14580672979354858,0.9244264364242554,0.541565477848053
YLR020C,YLR130C,0,-0.9255221,0.1457756906747818,0.9244264364242554,0.5417004227638245
YPR204W,YGL183C,0,-0.9259538,0.1457446813583374,0.9244264364242554,0.541835367679596
YBL029C-A,YKL096W-A,0,-0.9261425,0.145713672041893,0.9244264364242554,0.5419703125953674
YDL216C,YER087C-B,0,-0.9261431,0.145682692527771,0.9244264364242554,0.5421052575111389
YGR085C,YIL083C,0,-0.9261642,0.145651713013649,0.9244264364242554,0.5422402024269104
YJL112W,YBR275C,0,-0.9263215,0.14562074840068817,0.9244264364242554,0.5423751473426819
YDR167W,YPL050C,0,-0.92727447,0.14558979868888855,0.9244264364242554,0.5425100922584534
YMR019W,YPL208W,0,-0.9278002,0.14555886387825012,0.9244264364242554,0.5426450967788696
YGL259W,YJR063W,0,-0.9283166,0.1455279439687729,0.9244264364242554,0.5427800416946411
YKR057W,YBL028C,0,-0.9291322,0.14549702405929565,0.9244264364242554,0.5429149866104126
YHL012W,YKL175W,0,-0.92987025,0.1454661339521408,0.9244264364242554,0.5430499315261841
YLR314C,YBL034C,0,-0.9300482,0.14543524384498596,0.9244264364242554,0.5431848764419556
YPL050C,YLR145W,0,-0.93177044,0.1454043686389923,0.9244264364242554,0.543319821357727
YPL150W,YGR276C,0,-0.93212116,0.14537350833415985,0.9244264364242554,0.5434547662734985
YDL198C,YCR026C,0,-0.93299496,0.1453426629304886,0.9244264364242554,0.5435897707939148
YBR177C,YGL259W,0,-0.9330683,0.14531183242797852,0.9244264364242554,0.5437247157096863
YGL158W,YGL170C,0,-0.93420243,0.14528101682662964,0.9244264364242554,0.5438596606254578
YBL076C,YMR246W,0,-0.9347667,0.14525021612644196,0.9244264364242554,0.5439946055412292
YJL213W,YLR145W,0,-0.9360286,0.14521941542625427,0.9244264364242554,0.5441295504570007
YDL140C,YML080W,0,-0.9364586,0.14518864452838898,0.9244264364242554,0.5442644953727722
YOR145C,YBL091C-A,0,-0.93713176,0.14515787363052368,0.9244264364242554,0.5443994402885437
YJR004C,YPR001W,0,-0.93721175,0.14512711763381958,0.9244264364242554,0.5445343852043152
YPL122C,YLL012W,0,-0.93733984,0.14509637653827667,0.9244264364242554,0.5446693897247314
YGR036C,YPR080W,0,-0.9377384,0.14506565034389496,0.9244264364242554,0.5448043346405029
YOR168W,YDL171C,0,-0.93781257,0.14503493905067444,0.9244264364242554,0.5449392795562744
YJR021C,YNL262W,0,-0.938919,0.14500422775745392,0.9244264364242554,0.5450742244720459
YGL180W,YOL043C,0,-0.9396306,0.1449735462665558,0.9244264364242554,0.5452091693878174
YDR369C,YDR195W,0,-0.93995225,0.14494286477565765,0.9244264364242554,0.5453441143035889
YGL190C,YER054C,1,-0.9406097,0.14512374997138977,0.9257760047912598,0.5453441143035889
YDR414C,YMR228W,0,-0.94079137,0.14509306848049164,0.9257760047912598,0.5454790592193604
YCR060W,YDR140W,0,-0.94080377,0.1450623869895935,0.9257760047912598,0.5456140637397766
YDL179W,YDL015C,0,-0.9411744,0.14503170549869537,0.9257760047912598,0.5457490086555481
YBR294W,YGL169W,0,-0.9412931,0.14500105381011963,0.9257760047912598,0.5458839535713196
YNL236W,YGL174W,0,-0.94216,0.14497041702270508,0.9257760047912598,0.5460188984870911
YGL226C-A,YIL079C,0,-0.94274247,0.14493978023529053,0.9257760047912598,0.5461538434028625
YKL166C,YER145C,0,-0.94300854,0.14490917325019836,0.9257760047912598,0.546288788318634
YDL084W,YMR159C,0,-0.9442018,0.1448785662651062,0.9257760047912598,0.5464237332344055
YFR003C,YDL134C,1,-0.9442674,0.14505912363529205,0.9271255135536194,0.5464237332344055
YNL131W,YLL043W,0,-0.9452278,0.1450285017490387,0.9271255135536194,0.546558678150177
YNL032W,YER133W,1,-0.9452394,0.1452089548110962,0.928475022315979,0.546558678150177
YIL020C,YMR159C,0,-0.94528514,0.14517830312252045,0.928475022315979,0.5466936826705933
YEL041W,YKL015W,0,-0.94546914,0.1451476812362671,0.928475022315979,0.5468286275863647
YNL304W,YDR226W,0,-0.945578,0.14511705935001373,0.928475022315979,0.5469635725021362
YLR028C,YAR035W,0,-0.94626015,0.14508646726608276,0.928475022315979,0.5470985174179077
YJR032W,YGR084C,0,-0.9464828,0.1450558751821518,0.928475022315979,0.5472334623336792
YMR054W,YJL124C,0,-0.9466197,0.14502529799938202,0.928475022315979,0.5473684072494507
YBR096W,YPR127W,0,-0.9467821,0.14499473571777344,0.928475022315979,0.5475033521652222
YDR233C,YOR025W,0,-0.9469533,0.14496417343616486,0.928475022315979,0.5476382970809937
YOR251C,YGL060W,0,-0.9471619,0.14493364095687866,0.928475022315979,0.5477733016014099
YPL131W,YLR141W,0,-0.9472436,0.14490312337875366,0.928475022315979,0.5479082465171814
YLR361C,YPL137C,1,-0.9473327,0.14508317410945892,0.9298245906829834,0.5479082465171814
YBL113C,YPL183W-A,0,-0.9474158,0.14505262672901154,0.9298245906829834,0.5480431914329529
YGR288W,YHR119W,0,-0.94752413,0.14502209424972534,0.9298245906829834,0.5481781363487244
YHR066W,YNL073W,0,-0.94753546,0.14499157667160034,0.9298245906829834,0.5483130812644958
YLR447C,YJR092W,0,-0.94771415,0.14496107399463654,0.9298245906829834,0.5484480261802673
YGR252W,YKR055W,0,-0.9477187,0.14493058621883392,0.9298245906829834,0.5485829710960388
YPL213W,YOL101C,0,-0.9487606,0.1449000984430313,0.9298245906829834,0.5487179756164551
YBR271W,YLR301W,0,-0.9489149,0.1448696404695511,0.9298245906829834,0.5488529205322266
YNL147W,YKR028W,0,-0.94893795,0.14483918249607086,0.9298245906829834,0.548987865447998
YGL256W,YGR077C,0,-0.9491825,0.14480873942375183,0.9298245906829834,0.5491228103637695
YDL128W,YMR239C,0,-0.949563,0.144778311252594,0.9298245906829834,0.549257755279541
YLR268W,YPR163C,0,-0.9505251,0.14474789798259735,0.9298245906829834,0.5493927001953125
YDR351W,YLR329W,0,-0.950642,0.1447174996137619,0.9298245906829834,0.549527645111084
YDR527W,YBR010W,0,-0.95075935,0.14468710124492645,0.9298245906829834,0.5496625900268555
YDR415C,YHR109W,0,-0.9510869,0.1446567326784134,0.9298245906829834,0.5497975945472717
YJR078W,YPR138C,0,-0.95115685,0.14462636411190033,0.9298245906829834,0.5499325394630432
YMR168C,YPL011C,0,-0.9513106,0.14459601044654846,0.9298245906829834,0.5500674843788147
YBR195C,YMR267W,0,-0.951855,0.1445656716823578,0.9298245906829834,0.5502024292945862
YDR067C,YNL084C,0,-0.9518759,0.1445353478193283,0.9298245906829834,0.5503373742103577
YKL126W,YLR329W,0,-0.95208675,0.14450503885746002,0.9298245906829834,0.5504723191261292
YMR054W,YCR012W,0,-0.9524032,0.14447472989559174,0.9298245906829834,0.5506072640419006
YBR006W,YGL180W,0,-0.95258373,0.14444445073604584,0.9298245906829834,0.5507422685623169
YDR310C,YGL259W,0,-0.95414954,0.14441417157649994,0.9298245906829834,0.5508772134780884
YMR319C,YPL218W,0,-0.9542338,0.14438390731811523,0.9298245906829834,0.5510121583938599
YLR160C,YOL151W,0,-0.9552889,0.14435365796089172,0.9298245906829834,0.5511471033096313
YCL025C,YCL004W,0,-0.9558989,0.1443234235048294,0.9298245906829834,0.5512820482254028
YMR193W,YDR373W,0,-0.95601934,0.1442931890487671,0.9298245906829834,0.5514169931411743
YJL060W,YMR203W,0,-0.9561824,0.14426298439502716,0.9298245906829834,0.5515519380569458
YDR030C,YDR229W,0,-0.9562272,0.14423277974128723,0.9298245906829834,0.5516868829727173
YBR118W,YLR224W,0,-0.95653594,0.1442025899887085,0.9298245906829834,0.5518218874931335
YNL079C,YDR416W,0,-0.958689,0.14417241513729095,0.9298245906829834,0.551956832408905
YPR080W,YPL098C,0,-0.958833,0.1441422551870346,0.9298245906829834,0.5520917773246765
YGL169W,YMR267W,0,-0.95901537,0.14411211013793945,0.9298245906829834,0.552226722240448
YFR031C,YDR170C,0,-0.9593073,0.1440819799900055,0.9298245906829834,0.5523616671562195
YDR144C,YOR243C,0,-0.9596082,0.14405184984207153,0.9298245906829834,0.552496612071991
YGR252W,YER101C,0,-0.95978534,0.14402173459529877,0.9298245906829834,0.5526315569877625
YFL002W-B,YBR074W,0,-0.9597961,0.1439916342496872,0.9298245906829834,0.5527665615081787
YJL178C,YMR301C,0,-0.9598222,0.14396154880523682,0.9298245906829834,0.5529015064239502
YNL314W,YJL128C,0,-0.96051043,0.14393147826194763,0.9298245906829834,0.5530364513397217
YPL113C,YGL163C,0,-0.9605618,0.14390142261981964,0.9298245906829834,0.5531713962554932
YDL227C,YJL176C,0,-0.9607159,0.14387136697769165,0.9298245906829834,0.5533063411712646
YEL012W,YER087C-B,0,-0.96077436,0.14384134113788605,0.9298245906829834,0.5534412860870361
YCL036W,YMR061W,0,-0.9612354,0.14381131529808044,0.9298245906829834,0.5535762310028076
YJR107W,YJL079C,0,-0.9614487,0.14378130435943604,0.9298245906829834,0.5537111759185791
YOR054C,YBR096W,0,-0.9624758,0.14375130832195282,0.9298245906829834,0.5538461804389954
YLR029C,YLR410W-B,0,-0.9624935,0.1437213122844696,0.9298245906829834,0.5539811253547668
YAL022C,YKL064W,0,-0.9630047,0.14369134604930878,0.9298245906829834,0.5541160702705383
YDL024C,YCL026C-B,0,-0.9634403,0.14366137981414795,0.9298245906829834,0.5542510151863098
YOR090C,YAL031C,1,-0.96430254,0.14383989572525024,0.931174099445343,0.5542510151863098
YOR382W,YLL033W,0,-0.9645509,0.14380991458892822,0.931174099445343,0.5543859601020813
YJL030W,YPL208W,0,-0.9646083,0.1437799483537674,0.931174099445343,0.5545209050178528
YGR145W,YLR088W,0,-0.96495414,0.14374999701976776,0.931174099445343,0.5546558499336243
YPL098C,YAL031C,0,-0.96649766,0.14372006058692932,0.931174099445343,0.5547907948493958
YGR264C,YDR164C,0,-0.9666709,0.14369012415409088,0.931174099445343,0.554925799369812
YGR085C,YAL040C,0,-0.9669887,0.14366021752357483,0.931174099445343,0.5550607442855835
YJL004C,YBL113C,0,-0.96737397,0.14363031089305878,0.931174099445343,0.555195689201355
YMR276W,YFR045W,0,-0.9676074,0.14360041916370392,0.931174099445343,0.5553306341171265
YMR300C,YOL104C,0,-0.96766067,0.14357054233551025,0.931174099445343,0.555465579032898
YER138C,YBR141C,0,-0.96778214,0.1435406655073166,0.931174099445343,0.5556005239486694
YJR078W,YMR246W,0,-0.9681194,0.1435108184814453,0.931174099445343,0.5557354688644409
YBL029C-A,YDR332W,0,-0.9683411,0.14348097145557404,0.931174099445343,0.5558704733848572
YDR240C,YDR498C,0,-0.9685054,0.14345113933086395,0.931174099445343,0.5560054183006287
YKL061W,YNL290W,0,-0.968772,0.14342132210731506,0.931174099445343,0.5561403632164001
YJR055W,YHR119W,0,-0.969371,0.14339151978492737,0.931174099445343,0.5562753081321716
YGL068W,YNL309W,0,-0.9701471,0.14336173236370087,0.931174099445343,0.5564102530479431
YMR137C,YMR304W,0,-0.97059447,0.14333194494247437,0.931174099445343,0.5565451979637146
YJR004C,YHR082C,0,-0.97139317,0.14330218732357025,0.931174099445343,0.5566801428794861
YJR032W,YDR392W,0,-0.9715605,0.14327242970466614,0.931174099445343,0.5568150877952576
YPR001W,YNL298W,0,-0.9722635,0.14324268698692322,0.931174099445343,0.5569500923156738
YDR079W,YOL101C,0,-0.97259986,0.1432129442691803,0.931174099445343,0.5570850372314453
YNL297C,YGL030W,0,-0.9730826,0.14318323135375977,0.931174099445343,0.5572199821472168
YML032C,YLR383W,0,-0.9737866,0.14315353333950043,0.931174099445343,0.5573549270629883
YNL172W,YHR061C,0,-0.97446334,0.1431238353252411,0.931174099445343,0.5574898719787598
YOL129W,YBR202W,0,-0.97461355,0.14309415221214294,0.931174099445343,0.5576248168945312
YHR002W,YKL003C,0,-0.97499037,0.143064484000206,0.931174099445343,0.5577597618103027
YMR159C,YBL092W,0,-0.97509044,0.14303483068943024,0.931174099445343,0.557894766330719
YMR019W,YDL028C,0,-0.97517216,0.14300517737865448,0.931174099445343,0.5580297112464905
YLR080W,YDR226W,0,-0.97597396,0.1429755538702011,0.931174099445343,0.558164656162262
YJL024C,YDL035C,0,-0.9763578,0.14294593036174774,0.931174099445343,0.5582996010780334
YKL009W,YHR077C,0,-0.9776212,0.14291632175445557,0.931174099445343,0.5584345459938049
YNL050C,YGR246C,0,-0.9779831,0.14288672804832458,0.931174099445343,0.5585694909095764
YBR120C,YNL192W,0,-0.978162,0.1428571492433548,0.931174099445343,0.5587044358253479
YOR176W,YNL284C,0,-0.97831327,0.142827570438385,0.931174099445343,0.5588393807411194
YER008C,YCR087C-A,0,-0.97879887,0.14279800653457642,0.931174099445343,0.5589743852615356
YHR061C,YOL052C,0,-0.9789943,0.1427684724330902,0.931174099445343,0.5591093301773071
YNL290W,YHR051W,0,-0.9790875,0.142738938331604,0.931174099445343,0.5592442750930786
YAL022C,YNL281W,0,-0.97954845,0.1427094042301178,0.931174099445343,0.5593792200088501
YGR246C,YPL218W,0,-0.98028433,0.14267989993095398,0.931174099445343,0.5595141649246216
YKL020C,YFL033C,0,-0.9807154,0.14265041053295135,0.931174099445343,0.5596491098403931
YOL057W,YKR068C,0,-0.98133075,0.14262092113494873,0.931174099445343,0.5597840547561646
YER089C,YBR045C,1,-0.9814967,0.14279809594154358,0.9325236082077026,0.5597840547561646
YDR405W,YGL180W,0,-0.9829071,0.14276859164237976,0.9325236082077026,0.559918999671936
YLR103C,YOR180C,0,-0.9829322,0.14273910224437714,0.9325236082077026,0.5600540041923523
YBR052C,YNL230C,0,-0.9829918,0.1427096277475357,0.9325236082077026,0.5601889491081238
YHR214C-B,YGL241W,0,-0.98302186,0.14268015325069427,0.9325236082077026,0.5603238940238953
YGL158W,YFR001W,0,-0.9833119,0.14265070855617523,0.9325236082077026,0.5604588389396667
YGR216C,YNR017W,0,-0.98444825,0.1426212638616562,0.9325236082077026,0.5605937838554382
YMR020W,YEL043W,0,-0.98530734,0.14259183406829834,0.9325236082077026,0.5607287287712097
YDR174W,YPL011C,0,-0.98545736,0.1425624042749405,0.9325236082077026,0.5608636736869812
YLR386W,YLR088W,0,-0.9864216,0.14253300428390503,0.9325236082077026,0.5609986782073975
YJL191W,YMR186W,0,-0.98692536,0.14250360429286957,0.9325236082077026,0.561133623123169
YPR144C,YOL004W,0,-0.9869679,0.1424742341041565,0.9325236082077026,0.5612685680389404
YDR410C,YDR226W,0,-0.98700476,0.14244486391544342,0.9325236082077026,0.5614035129547119
YHL012W,YKR055W,0,-0.9873632,0.14241549372673035,0.9325236082077026,0.5615384578704834
YFR003C,YNR032W,1,-0.98745304,0.14259220659732819,0.9338731169700623,0.5615384578704834
YGR143W,YPL096W,0,-0.9874797,0.1425628364086151,0.9338731169700623,0.5616734027862549
YMR032W,YPL252C,0,-0.98857963,0.14253346621990204,0.9338731169700623,0.5618083477020264
YMR137C,YKL186C,0,-0.98870397,0.14250412583351135,0.9338731169700623,0.5619432926177979
YDL078C,YPL167C,0,-0.98904246,0.14247478544712067,0.9338731169700623,0.5620782971382141
YOR304W,YML071C,0,-0.9895164,0.14244544506072998,0.9338731169700623,0.5622132420539856
YNR018W,YJL081C,0,-0.98954195,0.14241613447666168,0.9338731169700623,0.5623481869697571
YAR035W,YGR222W,0,-0.989794,0.14238682389259338,0.9338731169700623,0.5624831318855286
YJR070C,YMR032W,0,-0.9902823,0.14235754311084747,0.9338731169700623,0.5626180768013
YML073C,YKR002W,0,-0.99032176,0.14232826232910156,0.9338731169700623,0.5627530217170715
YDR304C,YLR209C,0,-0.9904416,0.14229899644851685,0.9338731169700623,0.562887966632843
YOL155C,YGL225W,0,-0.9906385,0.14226973056793213,0.9338731169700623,0.5630229711532593
YKL119C,YCR026C,0,-0.9915366,0.1422404944896698,0.9338731169700623,0.5631579160690308
YOR226C,YLL043W,0,-0.99219334,0.14221125841140747,0.9338731169700623,0.5632928609848022
YPL208W,YGL216W,0,-0.9924818,0.14218203723430634,0.9338731169700623,0.5634278059005737
YPL276W,YLR050C,0,-0.9924909,0.1421528309583664,0.9338731169700623,0.5635627508163452
YIL088C,YGL216W,0,-0.9928099,0.14212363958358765,0.9338731169700623,0.5636976957321167
YGL103W,YER190W,0,-0.9931567,0.1420944631099701,0.9338731169700623,0.5638326406478882
YLR410W-A,YJR031C,0,-0.9933851,0.14206528663635254,0.9338731169700623,0.5639675855636597
YBL029C-A,YDR281C,0,-0.99378556,0.14203612506389618,0.9338731169700623,0.5641025900840759
YIR025W,YJR032W,0,-0.99378633,0.142006978392601,0.9338731169700623,0.5642375349998474
YBL052C,YLR145W,0,-0.9939141,0.14197784662246704,0.9338731169700623,0.5643724799156189
YLL019C,YPL167C,0,-0.9940774,0.14194871485233307,0.9338731169700623,0.5645074248313904
YJR055W,YER138C,0,-0.99427205,0.14191961288452148,0.9338731169700623,0.5646423697471619
YPL112C,YMR267W,0,-0.99442744,0.1418905109167099,0.9338731169700623,0.5647773146629333
YCR093W,YDR173C,0,-0.99478126,0.1418614238500595,0.9338731169700623,0.5649122595787048
YGR020C,YGR185C,0,-0.99510926,0.14183233678340912,0.9338731169700623,0.5650472044944763
YER151C,YDR310C,0,-0.99571216,0.14180327951908112,0.9338731169700623,0.5651822090148926
YOR126C,YLR383W,0,-0.9960232,0.1417742222547531,0.9338731169700623,0.5653171539306641
YMR250W,YPL087W,0,-0.9979625,0.1417451798915863,0.9338731169700623,0.5654520988464355
YPL151C,YKL009W,0,-0.9987551,0.1417161524295807,0.9338731169700623,0.565587043762207
YNL283C,YDR403W,0,-0.9988469,0.14168713986873627,0.9338731169700623,0.5657219886779785
YGR288W,YDL059C,0,-0.9989804,0.14165814220905304,0.9338731169700623,0.56585693359375
YJL166W,YLR309C,0,-0.99996734,0.1416291445493698,0.9338731169700623,0.5659918785095215
YBL058W,YIL006W,0,-1.0001357,0.14160016179084778,0.9338731169700623,0.5661268830299377
YHR002W,YCL025C,0,-1.0001901,0.14157119393348694,0.9338731169700623,0.5662618279457092
YDR172W,YNL302C,0,-1.0004793,0.1415422409772873,0.9338731169700623,0.5663967728614807
YKL203C,YOR187W,0,-1.0005673,0.14151328802108765,0.9338731169700623,0.5665317177772522
YDR075W,YMR277W,1,-1.0007645,0.14168880879878998,0.9352226853370667,0.5665317177772522
YOR126C,YMR159C,0,-1.0014074,0.14165985584259033,0.9352226853370667,0.5666666626930237
YMR077C,YLR309C,0,-1.0014557,0.14163090288639069,0.9352226853370667,0.5668016076087952
YDR492W,YNL238W,0,-1.0018587,0.14160196483135223,0.9352226853370667,0.5669365525245667
YLL051C,YJL012C-A,0,-1.0018888,0.14157302677631378,0.9352226853370667,0.5670714974403381
YDR263C,YCR026C,0,-1.0025952,0.14154411852359772,0.9352226853370667,0.5672065019607544
YPL099C,YPL098C,0,-1.0028994,0.14151521027088165,0.9352226853370667,0.5673414468765259
YOL054W,YBL034C,0,-1.0029482,0.14148631691932678,0.9352226853370667,0.5674763917922974
YNL032W,YLR389C,0,-1.0029798,0.1414574384689331,0.9352226853370667,0.5676113367080688
YGL233W,YNL192W,0,-1.0035118,0.14142857491970062,0.9352226853370667,0.5677462816238403
YNL032W,YIL113W,1,-1.003552,0.1416037529706955,0.9365721940994263,0.5677462816238403
YBR150C,YNL297C,0,-1.0037395,0.14157487452030182,0.9365721940994263,0.5678812265396118
YNL107W,YDR261W-A,0,-1.0039154,0.14154599606990814,0.9365721940994263,0.5680161714553833
YGR056W,YOR349W,0,-1.0040357,0.14151713252067566,0.9365721940994263,0.5681511759757996
YLR197W,YDL208W,0,-1.00423,0.14148828387260437,0.9365721940994263,0.568286120891571
YGL062W,YMR008C,0,-1.0046445,0.14145943522453308,0.9365721940994263,0.5684210658073425
YHR030C,YIL095W,0,-1.0053862,0.14143061637878418,0.9365721940994263,0.568556010723114
YEL052W,YDR497C,0,-1.0059935,0.14140179753303528,0.9365721940994263,0.5686909556388855
YEL012W,YDR164C,0,-1.0061831,0.14137299358844757,0.9365721940994263,0.568825900554657
YJR005W,YLR256W-A,0,-1.006591,0.14134418964385986,0.9365721940994263,0.5689608454704285
YMR194W,YGL233W,0,-1.0070918,0.14131541550159454,0.9365721940994263,0.5690957903862
YHR164C,YOR219C,0,-1.0071228,0.14128664135932922,0.9365721940994263,0.5692307949066162
YOR212W,YLR042C,0,-1.0075645,0.1412578821182251,0.9365721940994263,0.5693657398223877
YKR028W,YNL078W,0,-1.0076672,0.14122913777828217,0.9365721940994263,0.5695006847381592
YPR080W,YNL230C,0,-1.0078479,0.14120040833950043,0.9365721940994263,0.5696356296539307
YNR057C,YER137C,0,-1.0079114,0.1411716789007187,0.9365721940994263,0.5697705745697021
YGR252W,YKL067W,0,-1.0079911,0.14114297926425934,0.9365721940994263,0.5699055194854736
YNL102W,YLR410W-A,0,-1.008246,0.1411142796278,0.9365721940994263,0.5700404644012451
YLR383W,YDL040C,0,-1.0083812,0.14108557999134064,0.9365721940994263,0.5701754093170166
YKL093W,YDR296W,0,-1.0084249,0.14105691015720367,0.9365721940994263,0.5703104138374329
YBL112C,YGR089W,0,-1.0091033,0.1410282403230667,0.9365721940994263,0.5704453587532043
YJL206C,YER002W,0,-1.0094143,0.14099960029125214,0.9365721940994263,0.5705803036689758
YHR012W,YNL006W,0,-1.0094432,0.14097094535827637,0.9365721940994263,0.5707152485847473
YBL076C,YIL046W,0,-1.0097964,0.14094232022762299,0.9365721940994263,0.5708501935005188
YIL134W,YMR025W,0,-1.0101819,0.1409137099981308,0.9365721940994263,0.5709851384162903
YOR299W,YNL175C,0,-1.0101882,0.1408850997686386,0.9365721940994263,0.5711200833320618
YDR378C,YDR416W,0,-1.0104239,0.14085650444030762,0.9365721940994263,0.571255087852478
YBR059C,YOR222W,0,-1.0105319,0.14082792401313782,0.9365721940994263,0.5713900327682495
YIL113W,YPR073C,1,-1.0106065,0.14100223779678345,0.9379217028617859,0.5713900327682495
YLR452C,YDR233C,0,-1.0110916,0.14097362756729126,0.9379217028617859,0.571524977684021
YMR277W,YBR125C,1,-1.0113975,0.14114783704280853,0.9392712712287903,0.571524977684021
YOL145C,YLR264W,0,-1.0125722,0.14111922681331635,0.9392712712287903,0.5716599225997925
YER049W,YJL214W,0,-1.0142117,0.14109061658382416,0.9392712712287903,0.571794867515564
YER168C,YJL095W,0,-1.0144408,0.14106202125549316,0.9392712712287903,0.5719298124313354
YGR282C,YBR075W,0,-1.0149292,0.14103344082832336,0.9392712712287903,0.5720647573471069
YNL258C,YDR218C,0,-1.0153372,0.14100486040115356,0.9392712712287903,0.5721997022628784
YMR194W,YOR085W,0,-1.0160893,0.14097629487514496,0.9392712712287903,0.5723347067832947
YNL172W,YDR389W,0,-1.016428,0.14094775915145874,0.9392712712287903,0.5724696516990662
YER154W,YBR141C,0,-1.0174158,0.14091920852661133,0.9392712712287903,0.5726045966148376
YPL223C,YFL017W-A,0,-1.0175629,0.1408906877040863,0.9392712712287903,0.5727395415306091
YBR075W,YMR210W,0,-1.0178403,0.14086216688156128,0.9392712712287903,0.5728744864463806
YJL034W,YGR179C,0,-1.0178607,0.14083367586135864,0.9392712712287903,0.5730094313621521
YGR144W,YJL012C-A,0,-1.0179311,0.140805184841156,0.9392712712287903,0.5731443762779236
YJR078W,YJL012C-A,0,-1.0179311,0.14077669382095337,0.9392712712287903,0.5732793807983398
YER014C-A,YJL012C-A,0,-1.0179311,0.14074823260307312,0.9392712712287903,0.5734143257141113
YMR087W,YGL046W,0,-1.0179727,0.14071977138519287,0.9392712712287903,0.5735492706298828
YOR243C,YGL050W,0,-1.0180819,0.14069132506847382,0.9392712712287903,0.5736842155456543
YBR075W,YOR187W,0,-1.0187488,0.14066289365291595,0.9392712712287903,0.5738191604614258
YNL050C,YER019C-A,0,-1.0192232,0.1406344771385193,0.9392712712287903,0.5739541053771973
YBR075W,YIL047C,0,-1.0194008,0.14060606062412262,0.9392712712287903,0.5740890502929688
YPR137C-A,YOR142W-B,0,-1.0198121,0.14057765901088715,0.9392712712287903,0.5742239952087402
YER014C-A,YOR298W,0,-1.0198933,0.14054927229881287,0.9392712712287903,0.5743589997291565
YGR246C,YDR369C,0,-1.0202465,0.14052090048789978,0.9392712712287903,0.574493944644928
YLR395C,YGR281W,0,-1.0205479,0.1404925286769867,0.9392712712287903,0.5746288895606995
YJL071W,YCR046C,0,-1.0206392,0.1404641717672348,0.9392712712287903,0.574763834476471
YKL103C,YIR025W,0,-1.0207484,0.1404358297586441,0.9392712712287903,0.5748987793922424
YDL024C,YBR075W,0,-1.0210702,0.1404075026512146,0.9392712712287903,0.5750337243080139
YDR373W,YMR099C,0,-1.0213072,0.1403791904449463,0.9392712712287903,0.5751686692237854
YBR150C,YKL061W,0,-1.0214982,0.14035087823867798,0.9392712712287903,0.5753036141395569
YEL030W,YGR084C,0,-1.022566,0.14032258093357086,0.9392712712287903,0.5754386186599731
YGR282C,YLR165C,0,-1.0240772,0.14029429852962494,0.9392712712287903,0.5755735635757446
YBL029C-A,YKR069W,0,-1.0242442,0.14026601612567902,0.9392712712287903,0.5757085084915161
YLR073C,YDR218C,0,-1.0245417,0.14023776352405548,0.9392712712287903,0.5758434534072876
YDL055C,YLR285W,0,-1.0251415,0.14020951092243195,0.9392712712287903,0.5759783983230591
YPL131W,YLR410W-B,0,-1.0253133,0.1401812732219696,0.9392712712287903,0.5761133432388306
YIR038C,YDR373W,0,-1.0254595,0.14015303552150726,0.9392712712287903,0.576248288154602
YNL314W,YKR006C,0,-1.0260088,0.1401248276233673,0.9392712712287903,0.5763832926750183
YKL074C,YKL096W-A,0,-1.0262057,0.14009661972522736,0.9392712712287903,0.5765182375907898
YER150W,YOL111C,0,-1.0262264,0.1400684267282486,0.9392712712287903,0.5766531825065613
YMR112C,YNL026W,0,-1.026408,0.14004024863243103,0.9392712712287903,0.5767881274223328
YOR388C,YFR045W,0,-1.0267005,0.14001207053661346,0.9392712712287903,0.5769230723381042
YLR227W-B,YOL040C,0,-1.0268481,0.1399839073419571,0.9392712712287903,0.5770580172538757
YCL036W,YPL213W,0,-1.0270193,0.13995575904846191,0.9392712712287903,0.5771929621696472
YER089C,YBR276C,1,-1.0271035,0.14012867212295532,0.9406207799911499,0.5771929621696472
YPR144C,YBR182C,0,-1.0271251,0.14010050892829895,0.9406207799911499,0.5773279070854187
YER098W,YGR032W,0,-1.02747,0.14007234573364258,0.9406207799911499,0.577462911605835
YNR004W,YGR268C,0,-1.0275757,0.1400441974401474,0.9406207799911499,0.5775978565216064
YKL007W,YML030W,0,-1.0277313,0.14001606404781342,0.9406207799911499,0.5777328014373779
YMR193W,YPL065W,0,-1.0278563,0.13998794555664062,0.9406207799911499,0.5778677463531494
YJR147W,YDL015C,0,-1.028326,0.13995984196662903,0.9406207799911499,0.5780026912689209
YNL117W,YGL169W,0,-1.0289141,0.13993173837661743,0.9406207799911499,0.5781376361846924
YPR011C,YPR125W,0,-1.0289649,0.13990364968776703,0.9406207799911499,0.5782725811004639
YDL084W,YGR264C,0,-1.0289794,0.13987557590007782,0.9406207799911499,0.5784075856208801
YOR145C,YIR018W,0,-1.02907,0.1398475170135498,0.9406207799911499,0.5785425305366516
YJR119C,YNR072W,0,-1.0294709,0.1398194581270218,0.9406207799911499,0.5786774754524231
YBR075W,YLR386W,0,-1.0302124,0.13979141414165497,0.9406207799911499,0.5788124203681946
YOL141W,YNL050C,0,-1.0308706,0.13976338505744934,0.9406207799911499,0.5789473652839661
YBL092W,YBR061C,0,-1.0316958,0.1397353708744049,0.9406207799911499,0.5790823101997375
YMR146C,YDR167W,0,-1.0327593,0.13970735669136047,0.9406207799911499,0.579217255115509
YBL113C,YDR449C,0,-1.0329347,0.13967935740947723,0.9406207799911499,0.5793522000312805
YDR383C,YDR454C,0,-1.0334723,0.1396513730287552,0.9406207799911499,0.5794872045516968
YJL103C,YOL104C,0,-1.0338978,0.13962340354919434,0.9406207799911499,0.5796221494674683
YER019C-A,YER002W,0,-1.0339092,0.13959543406963348,0.9406207799911499,0.5797570943832397
YER014C-A,YPR204W,0,-1.0341473,0.13956747949123383,0.9406207799911499,0.5798920392990112
YBR075W,YLL027W,0,-1.034821,0.13953953981399536,0.9406207799911499,0.5800269842147827
YJL166W,YBR075W,0,-1.0355213,0.1395116150379181,0.9406207799911499,0.5801619291305542
YBL011W,YOL040C,0,-1.0356381,0.13948369026184082,0.9406207799911499,0.5802968740463257
YOR187W,YDR472W,0,-1.0359974,0.13945578038692474,0.9406207799911499,0.5804318785667419
YPR149W,YOL028C,0,-1.036886,0.13942788541316986,0.9406207799911499,0.5805668234825134
YEL069C,YJL071W,0,-1.0370692,0.13940000534057617,0.9406207799911499,0.5807017683982849
YPL183W-A,YGL046W,0,-1.0372212,0.13937212526798248,0.9406207799911499,0.5808367133140564
YDR064W,YGL046W,0,-1.0373628,0.13934426009655,0.9406207799911499,0.5809716582298279
YLR447C,YCL026C-B,0,-1.0375293,0.1393164098262787,0.9406207799911499,0.5811066031455994
YNL273W,YJL124C,0,-1.0381312,0.13928857445716858,0.9406207799911499,0.5812415480613708
YPL273W,YGL019W,0,-1.0385661,0.13926073908805847,0.9406207799911499,0.5813764929771423
YKL205W,YDR151C,0,-1.0385736,0.13923291862010956,0.9406207799911499,0.5815114974975586
YMR269W,YDR389W,0,-1.0387849,0.13920511305332184,0.9406207799911499,0.5816464424133301
YCL036W,YNL335W,0,-1.0388882,0.1391773223876953,0.9406207799911499,0.5817813873291016
YOR323C,YLR389C,0,-1.0392094,0.1391495317220688,0.9406207799911499,0.581916332244873
YOL082W,YLR151C,0,-1.0394683,0.13912175595760345,0.9406207799911499,0.5820512771606445
YAL033W,YMR112C,0,-1.0397391,0.13909399509429932,0.9406207799911499,0.582186222076416
YGL244W,YKR068C,0,-1.0400317,0.13906623423099518,0.9406207799911499,0.5823211669921875
YJL140W,YBL079W,0,-1.0402018,0.13903850317001343,0.9406207799911499,0.582456111907959
YBR247C,YKL119C,0,-1.0404611,0.13901077210903168,0.9406207799911499,0.5825911164283752
YPL200W,YPL274W,0,-1.040524,0.13898305594921112,0.9406207799911499,0.5827260613441467
YBR075W,YLR309C,0,-1.040993,0.13895533978939056,0.9406207799911499,0.5828610062599182
YGR271W,YOR251C,0,-1.0411015,0.1389276534318924,0.9406207799911499,0.5829959511756897
YIL139C,YGR020C,0,-1.0411069,0.13889996707439423,0.9406207799911499,0.5831308960914612
YGL068W,YDR423C,0,-1.0413995,0.13887228071689606,0.9406207799911499,0.5832658410072327
YMR267W,YGL046W,0,-1.0419859,0.13884462416172028,0.9406207799911499,0.5834007859230042
YML099C,YHL034C,0,-1.0420194,0.1388169676065445,0.9406207799911499,0.5835357904434204
YDL024C,YGL019W,0,-1.0422605,0.1387893259525299,0.9406207799911499,0.5836707353591919
YJR021C,YPL027W,0,-1.0433376,0.1387616991996765,0.9406207799911499,0.5838056802749634
YMR019W,YNL121C,0,-1.0438774,0.13873407244682312,0.9406207799911499,0.5839406251907349
YLR425W,YLR026C,0,-1.044019,0.13870646059513092,0.9406207799911499,0.5840755701065063
YIL061C,YML052W,0,-1.0445181,0.13867886364459991,0.9406207799911499,0.5842105150222778
YOR301W,YMR137C,0,-1.0460881,0.1386512815952301,0.9406207799911499,0.5843454599380493
YDL036C,YLR141W,0,-1.0467033,0.13862371444702148,0.9406207799911499,0.5844804048538208
YER049W,YGR036C,0,-1.0472121,0.13859614729881287,0.9406207799911499,0.5846154093742371
YMR284W,YJR083C,0,-1.0477484,0.13856859505176544,0.9406207799911499,0.5847503542900085
YGR161W-B,YOR209C,0,-1.0485017,0.13854104280471802,0.9406207799911499,0.58488529920578
YOR020C,YFL023W,0,-1.0487806,0.13851352035999298,0.9406207799911499,0.5850202441215515
YDR172W,YOR294W,0,-1.0488075,0.13848599791526794,0.9406207799911499,0.585155189037323
YOL145C,YNL259C,0,-1.049462,0.1384584754705429,0.9406207799911499,0.5852901339530945
YLR410W-A,YPL274W,0,-1.0498013,0.13843098282814026,0.9406207799911499,0.585425078868866
YNL008C,YDR461W,0,-1.0504162,0.1384034901857376,0.9406207799911499,0.5855600833892822
YOR187W,YDL040C,0,-1.0508306,0.13837601244449615,0.9406207799911499,0.5856950283050537
YDR079W,YJL140W,0,-1.0510414,0.1383485496044159,0.9406207799911499,0.5858299732208252
YPR060C,YDL083C,0,-1.0519031,0.13832110166549683,0.9406207799911499,0.5859649181365967
YOL070C,YDR378C,0,-1.0519826,0.13829365372657776,0.9406207799911499,0.5860998630523682
YBR202W,YNL110C,0,-1.0522189,0.13826622068881989,0.9406207799911499,0.5862348079681396
YDR090C,YJL085W,0,-1.0529253,0.138238787651062,0.9406207799911499,0.5863697528839111
YOL129W,YNL230C,0,-1.0529519,0.13821138441562653,0.9406207799911499,0.5865046977996826
YOR304W,YKL015W,0,-1.0532727,0.13818398118019104,0.9406207799911499,0.5866397023200989
YPR135W,YGR155W,0,-1.0533575,0.13815659284591675,0.9406207799911499,0.5867746472358704
YDR383C,YMR099C,0,-1.054027,0.13812920451164246,0.9406207799911499,0.5869095921516418
YJL103C,YIR032C,0,-1.0551729,0.13810184597969055,0.9406207799911499,0.5870445370674133
YNL261W,YDR454C,0,-1.0553378,0.13807448744773865,0.9406207799911499,0.5871794819831848
YPR191W,YGR085C,0,-1.0561428,0.13804714381694794,0.9406207799911499,0.5873144268989563
YJL114W,YHR002W,0,-1.0561821,0.13801980018615723,0.9406207799911499,0.5874493718147278
YFR001W,YLL055W,0,-1.0563754,0.1379924714565277,0.9406207799911499,0.5875843167304993
YAL024C,YMR137C,0,-1.0565066,0.1379651576280594,0.9406207799911499,0.5877193212509155
YOL103W-B,YJL192C,0,-1.0567379,0.13793785870075226,0.9406207799911499,0.587854266166687
YDR351W,YBR059C,0,-1.0573788,0.13791055977344513,0.9406207799911499,0.5879892110824585
YLR203C,YPL002C,0,-1.0579897,0.1378832906484604,0.9406207799911499,0.58812415599823
YPL064C,YMR213W,0,-1.0585654,0.13785600662231445,0.9406207799911499,0.5882591009140015
YNL110C,YGL241W,0,-1.0586206,0.1378287523984909,0.9406207799911499,0.588394045829773
YIL113W,YDL188C,1,-1.0592664,0.13799920678138733,0.9419702887535095,0.588394045829773
YDR371W,YPR167C,0,-1.059443,0.1379719376564026,0.9419702887535095,0.5885289907455444
YOR304C-A,YMR301C,0,-1.0602379,0.13794466853141785,0.9419702887535095,0.5886639952659607
YMR033W,YLR278C,0,-1.0604763,0.1379174143075943,0.9419702887535095,0.5887989401817322
YER138C,YOR038C,0,-1.0604992,0.13789016008377075,0.9419702887535095,0.5889338850975037
YGL122C,YPR001W,0,-1.0606017,0.1378629207611084,0.9419702887535095,0.5890688300132751
YNR057C,YLR028C,0,-1.0607884,0.13783569633960724,0.9419702887535095,0.5892037749290466
YJR092W,YPR138C,0,-1.0610149,0.13780848681926727,0.9419702887535095,0.5893387198448181
YIL088C,YDR146C,0,-1.0617424,0.1377812922000885,0.9419702887535095,0.5894736647605896
YML099C,YMR172W,0,-1.0619864,0.13775409758090973,0.9419702887535095,0.5896086096763611
YNL282W,YJL128C,0,-1.0629592,0.13772691786289215,0.9419702887535095,0.5897436141967773
YLR312W-A,YPL129W,0,-1.0632555,0.13769973814487457,0.9419702887535095,0.5898785591125488
YKL180W,YJR034W,0,-1.0634961,0.13767258822917938,0.9419702887535095,0.5900135040283203
YHR119W,YMR296C,0,-1.0635163,0.1376454383134842,0.9419702887535095,0.5901484489440918
YMR025W,YLR042C,0,-1.0638596,0.1376183032989502,0.9419702887535095,0.5902833938598633
YGL180W,YLL055W,0,-1.0647731,0.1375911682844162,0.9419702887535095,0.5904183387756348
YNL027W,YKL186C,0,-1.0650277,0.1375640481710434,0.9419702887535095,0.5905532836914062
YKR071C,YGL226C-A,0,-1.0653132,0.1375369429588318,0.9419702887535095,0.5906882882118225
YOR038C,YOR261C,0,-1.0656161,0.13750985264778137,0.9419702887535095,0.590823233127594
YPL098C,YML109W,0,-1.0656533,0.13748276233673096,0.9419702887535095,0.5909581780433655
YJR036C,YGL046W,0,-1.0659515,0.13745568692684174,0.9419702887535095,0.591093122959137
YIL132C,YNL298W,0,-1.0665106,0.1374286264181137,0.9419702887535095,0.5912280678749084
YPR162C,YIL177C,0,-1.0677592,0.13740158081054688,0.9419702887535095,0.5913630127906799
YBR118W,YCL004W,0,-1.0678401,0.13737453520298004,0.9419702887535095,0.5914979577064514
YJL006C,YCL026C-B,0,-1.0683248,0.1373475044965744,0.9419702887535095,0.5916329026222229
YBR095C,YOR025W,0,-1.0685602,0.13732047379016876,0.9419702887535095,0.5917679071426392
YPL007C,YDR449C,0,-1.068896,0.1372934728860855,0.9419702887535095,0.5919028520584106
YOL086C,YDL036C,0,-1.0692236,0.13726647198200226,0.9419702887535095,0.5920377969741821
YGR155W,YOL101C,0,-1.0713458,0.1372394859790802,0.9419702887535095,0.5921727418899536
YBR045C,YBR125C,1,-1.071356,0.13740907609462738,0.9433198571205139,0.5921727418899536
YJL112W,YMR179W,0,-1.071526,0.13738207519054413,0.9433198571205139,0.5923076868057251
YMR093W,YLR103C,0,-1.0722767,0.13735507428646088,0.9433198571205139,0.5924426317214966
YDR423C,YCL025C,0,-1.0731091,0.13732808828353882,0.9433198571205139,0.5925775766372681
YDR034C,YGR134W,0,-1.0733788,0.13730111718177795,0.9433198571205139,0.5927125215530396
YIL139C,YNL110C,0,-1.0740448,0.13727416098117828,0.9433198571205139,0.5928475260734558
YBR182C,YCL004W,0,-1.0740552,0.1372472047805786,0.9433198571205139,0.5929824709892273
YPL167C,YJR133W,0,-1.0741833,0.13722026348114014,0.9433198571205139,0.5931174159049988
YOR145C,YDR410C,0,-1.0742784,0.13719332218170166,0.9433198571205139,0.5932523608207703
YJR119C,YJR006W,0,-1.074448,0.13716641068458557,0.9433198571205139,0.5933873057365417
YLL002W,YPL147W,0,-1.0745535,0.13713949918746948,0.9433198571205139,0.5935222506523132
YBR120C,YFR018C,0,-1.0749357,0.1371125876903534,0.9433198571205139,0.5936571955680847
YMR277W,YBR045C,1,-1.075713,0.13728182017803192,0.9446693658828735,0.5936571955680847
YCR060W,YJL095W,0,-1.0765291,0.13725490868091583,0.9446693658828735,0.593792200088501
YPR137C-A,YOR327C,0,-1.0766214,0.13722799718379974,0.9446693658828735,0.5939271450042725
YNL080C,YFL023W,0,-1.0768411,0.13720110058784485,0.9446693658828735,0.594062089920044
YIL139C,YMR160W,0,-1.0773922,0.13717420399188995,0.9446693658828735,0.5941970348358154
YER125W,YOR187W,0,-1.07844,0.13714733719825745,0.9446693658828735,0.5943319797515869
YNL008C,YMR049C,0,-1.0786852,0.13712047040462494,0.9446693658828735,0.5944669246673584
YGR052W,YKL095W,0,-1.0810435,0.13709361851215363,0.9446693658828735,0.5946018695831299
YIL113W,YDL134C,1,-1.0811404,0.13726258277893066,0.9460188746452332,0.5946018695831299
YER050C,YOR106W,0,-1.0812663,0.13723571598529816,0.9460188746452332,0.5947368144989014
YKL144C,YOR311C,0,-1.0827538,0.13720884919166565,0.9460188746452332,0.5948718190193176
YMR172W,YGL220W,0,-1.0829298,0.13718199729919434,0.9460188746452332,0.5950067639350891
YDL121C,YAL024C,0,-1.0831643,0.13715516030788422,0.9460188746452332,0.5951417088508606
YPL200W,YPL098C,0,-1.0836142,0.1371283233165741,0.9460188746452332,0.5952766537666321
YOR071C,YER022W,0,-1.0836223,0.13710150122642517,0.9460188746452332,0.5954115986824036
YHR041C,YGL259W,0,-1.0838573,0.13707469403743744,0.9460188746452332,0.595546543598175
YLR410W-A,YIL047C,0,-1.08402,0.1370479017496109,0.9460188746452332,0.5956814885139465
YPL213W,YLR348C,0,-1.0841177,0.13702110946178436,0.9460188746452332,0.5958164930343628
YLL003W,YCL003W,0,-1.0844547,0.13699433207511902,0.9460188746452332,0.5959514379501343
YJL134W,YIR039C,0,-1.0847906,0.13696756958961487,0.9460188746452332,0.5960863828659058
YOR343W-B,YFL001W,0,-1.0849226,0.13694080710411072,0.9460188746452332,0.5962213277816772
YLR009W,YFL066C,0,-1.0853473,0.13691405951976776,0.9460188746452332,0.5963562726974487
YKL190W,YBL041W,0,-1.085531,0.136887326836586,0.9460188746452332,0.5964912176132202
YDL015C,YMR301C,0,-1.085722,0.13686059415340424,0.9460188746452332,0.5966261625289917
YDR429C,YPR083W,0,-1.0860426,0.13683389127254486,0.9460188746452332,0.5967611074447632
YDR263C,YPR006C,0,-1.0863122,0.13680718839168549,0.9460188746452332,0.5968961119651794
YPL150W,YJR101W,0,-1.0866433,0.1367804855108261,0.9460188746452332,0.5970310568809509
YHR077C,YLR024C,0,-1.0870035,0.13675379753112793,0.9460188746452332,0.5971660017967224
YGL010W,YPR030W,0,-1.0873046,0.13672712445259094,0.9460188746452332,0.5973009467124939
YPR001W,YDR218C,0,-1.0880754,0.13670046627521515,0.9460188746452332,0.5974358916282654
YPR111W,YOR168W,0,-1.088124,0.13667382299900055,0.9460188746452332,0.5975708365440369
YGR052W,YPR133W-A,0,-1.088281,0.13664717972278595,0.9460188746452332,0.5977057814598083
YML080W,YPL098C,0,-1.0884686,0.13662053644657135,0.9460188746452332,0.5978407263755798
YDR030C,YOR106W,0,-1.0890671,0.13659392297267914,0.9460188746452332,0.5979757308959961
YIL142W,YNL284C,0,-1.0897274,0.13656730949878693,0.9460188746452332,0.5981106758117676
YCL043C,YML109W,0,-1.0900031,0.1365407109260559,0.9460188746452332,0.5982456207275391
YOR291W,YDR383C,0,-1.0901212,0.1365141123533249,0.9460188746452332,0.5983805656433105
YDL227C,YOR180C,0,-1.0901597,0.13648754358291626,0.9460188746452332,0.598515510559082
YAL060W,YJR036C,0,-1.0909446,0.13646097481250763,0.9460188746452332,0.5986504554748535
YDR419W,YLL003W,0,-1.0913061,0.136434406042099,0.9460188746452332,0.598785400390625
YPR026W,YCR011C,0,-1.0930521,0.13640786707401276,0.9460188746452332,0.5989204049110413
YJL191W,YCR087C-A,0,-1.0935464,0.1363813281059265,0.9460188746452332,0.5990553498268127
YHL012W,YPL042C,0,-1.0938876,0.13635478913784027,0.9460188746452332,0.5991902947425842
YGL256W,YIR005W,0,-1.0939738,0.13632827997207642,0.9460188746452332,0.5993252396583557
YCR060W,YPR160W,0,-1.0941205,0.13630177080631256,0.9460188746452332,0.5994601845741272
YLL003W,YJL117W,0,-1.0944889,0.1362752765417099,0.9460188746452332,0.5995951294898987
YDL171C,YKR006C,0,-1.0952852,0.13624878227710724,0.9460188746452332,0.5997300744056702
YNL153C,YBR129C,0,-1.0953207,0.13622230291366577,0.9460188746452332,0.5998650193214417
YPR149W,YPR138C,0,-1.095736,0.1361958384513855,0.9460188746452332,0.6000000238418579
YDR174W,YOL052C,0,-1.096189,0.13616938889026642,0.9460188746452332,0.6001349687576294
YBR067C,YNL147W,0,-1.0967354,0.13614293932914734,0.9460188746452332,0.6002699136734009
YJL192C,YOR222W,0,-1.0968318,0.13611650466918945,0.9460188746452332,0.6004048585891724
YLR182W,YOR299W,0,-1.0971793,0.13609008491039276,0.9460188746452332,0.6005398035049438
YDL070W,YGR143W,0,-1.0981147,0.13606366515159607,0.9460188746452332,0.6006747484207153
YKR019C,YBR031W,0,-1.0981152,0.13603726029396057,0.9460188746452332,0.6008096933364868
YBR182C,YLL043W,0,-1.0981611,0.13601087033748627,0.9460188746452332,0.6009446978569031
YOR106W,YGL220W,0,-1.0989451,0.13598448038101196,0.9460188746452332,0.6010796427726746
YAL022C,YML028W,0,-1.100473,0.13595810532569885,0.9460188746452332,0.601214587688446
YOL043C,YDR261W-A,0,-1.1005449,0.13593174517154694,0.9460188746452332,0.6013495326042175
YJL191W,YBL034C,0,-1.1008542,0.13590538501739502,0.9460188746452332,0.601484477519989
YMR277W,YER075C,1,-1.1009871,0.13607288897037506,0.9473684430122375,0.601484477519989
YPL112C,YBR129C,0,-1.1010909,0.13604651391506195,0.9473684430122375,0.6016194224357605
YGR179C,YBL029C-A,0,-1.1014389,0.13602015376091003,0.9473684430122375,0.601754367351532
YCR030C,YHR059W,0,-1.1014869,0.13599379360675812,0.9473684430122375,0.6018893122673035
YIL128W,YOR324C,0,-1.1015182,0.1359674632549286,0.9473684430122375,0.6020243167877197
YKL190W,YNL032W,0,-1.1017123,0.13594113290309906,0.9473684430122375,0.6021592617034912
YDR405W,YPL180W,0,-1.1019273,0.13591481745243073,0.9473684430122375,0.6022942066192627
YDR337W,YHR135C,0,-1.1022602,0.1358885020017624,0.9473684430122375,0.6024291515350342
YOL070C,YKL186C,0,-1.1035223,0.13586220145225525,0.9473684430122375,0.6025640964508057
YIL177C,YCR002C,0,-1.1038152,0.1358359158039093,0.9473684430122375,0.6026990413665771
YDR494W,YBL085W,0,-1.1038351,0.13580963015556335,0.9473684430122375,0.6028339862823486
YDL227C,YKR101W,0,-1.1040645,0.1357833594083786,0.9473684430122375,0.6029689311981201
YLR206W,YIL170W,0,-1.1040967,0.13575710356235504,0.9473684430122375,0.6031039357185364
YPL163C,YAL029C,0,-1.1046498,0.13573086261749268,0.9473684430122375,0.6032388806343079
YNL044W,YFL013C,0,-1.104978,0.1357046216726303,0.9473684430122375,0.6033738255500793
YKL210W,YCL057W,0,-1.105634,0.13567839562892914,0.9473684430122375,0.6035087704658508
YER055C,YOR216C,0,-1.1057603,0.13565216958522797,0.9473684430122375,0.6036437153816223
YCR014C,YOR089C,0,-1.1067683,0.13562597334384918,0.9473684430122375,0.6037786602973938
YNL032W,YMR036C,1,-1.1067976,0.13579292595386505,0.9487179517745972,0.6037786602973938
YJR010W,YBR278W,0,-1.1068721,0.13576669991016388,0.9487179517745972,0.6039136052131653
YHR211W,YDR146C,0,-1.1069307,0.1357404887676239,0.9487179517745972,0.6040486097335815
YLL008W,YLR224W,0,-1.1080916,0.13571429252624512,0.9487179517745972,0.604183554649353
YFR003C,YAL031C,1,-1.1083498,0.13588111102581024,0.9500674605369568,0.604183554649353
YNL267W,YLR163C,0,-1.1086627,0.13585488498210907,0.9500674605369568,0.6043184995651245
YFR013W,YDL148C,0,-1.1087052,0.1358286738395691,0.9500674605369568,0.604453444480896
YKR103W,YKL078W,0,-1.1091943,0.1358024626970291,0.9500674605369568,0.6045883893966675
YGR238C,YFL010W-A,0,-1.1101894,0.13577628135681152,0.9500674605369568,0.604723334312439
YHR211W,YDL061C,0,-1.1108094,0.13575010001659393,0.9500674605369568,0.6048582792282104
YHR058C,YKL095W,0,-1.1109421,0.13572391867637634,0.9500674605369568,0.6049932241439819
YDL121C,YEL041W,0,-1.1112707,0.13569776713848114,0.9500674605369568,0.6051282286643982
YDR146C,YAL029C,0,-1.1117887,0.13567161560058594,0.9500674605369568,0.6052631735801697
YJL140W,YNL006W,0,-1.1126423,0.13564547896385193,0.9500674605369568,0.6053981184959412
YLL055W,YIL132C,0,-1.1129853,0.13561934232711792,0.9500674605369568,0.6055330634117126
YOR301W,YHR060W,0,-1.1137066,0.1355932205915451,0.9500674605369568,0.6056680083274841
YGR169C,YOL090W,0,-1.1146529,0.13556711375713348,0.9500674605369568,0.6058029532432556
YPR026W,YDR059C,0,-1.114682,0.13554100692272186,0.9500674605369568,0.6059378981590271
YOL010W,YBR115C,0,-1.1146998,0.13551491498947144,0.9500674605369568,0.6060729026794434
YJL194W,YDR410C,0,-1.11475,0.1354888379573822,0.9500674605369568,0.6062078475952148
YLR440C,YLR050C,0,-1.1149105,0.13546276092529297,0.9500674605369568,0.6063427925109863
YJL166W,YDR337W,0,-1.1149557,0.13543671369552612,0.9500674605369568,0.6064777374267578
YEL040W,YDL227C,0,-1.1156062,0.13541065156459808,0.9500674605369568,0.6066126823425293
YHL012W,YPR125W,0,-1.1158669,0.13538461923599243,0.9500674605369568,0.6067476272583008
YDL054C,YJL200C,0,-1.1158776,0.13535858690738678,0.9500674605369568,0.6068825721740723
YOR297C,YFL021W,0,-1.1159416,0.13533256947994232,0.9500674605369568,0.6070175170898438
YMR146C,YGR085C,0,-1.1167455,0.13530655205249786,0.9500674605369568,0.60715252161026
YNL102W,YJL012C-A,0,-1.1169295,0.1352805495262146,0.9500674605369568,0.6072874665260315
YPL200W,YDR173C,0,-1.1171381,0.13525456190109253,0.9500674605369568,0.607422411441803
YNL281W,YER087W,0,-1.117637,0.13522858917713165,0.9500674605369568,0.6075573563575745
YGL259W,YPL093W,0,-1.1183263,0.13520261645317078,0.9500674605369568,0.607692301273346
YKL119C,YLR024C,0,-1.1189058,0.1351766586303711,0.9500674605369568,0.6078272461891174
YER137C-A,YIR039C,0,-1.1201172,0.1351507008075714,0.9500674605369568,0.6079621911048889
YKL180W,YNL259C,0,-1.1208422,0.13512475788593292,0.9500674605369568,0.6080971956253052
YOR298W,YMR090W,0,-1.1211488,0.13509882986545563,0.9500674605369568,0.6082321405410767
YER049W,YGR012W,0,-1.1215312,0.13507290184497833,0.9500674605369568,0.6083670854568481
YIL128W,YHR056C,0,-1.1220479,0.13504700362682343,0.9500674605369568,0.6085020303726196
YOR310C,YNL117W,0,-1.1230435,0.13502109050750732,0.9500674605369568,0.6086369752883911
YBL028C,YMR210W,0,-1.1233369,0.1349952071905136,0.9500674605369568,0.6087719202041626
YKL165C,YDR381C-A,0,-1.1239563,0.1349693238735199,0.9500674605369568,0.6089068651199341
YNR015W,YER002W,0,-1.124069,0.13494345545768738,0.9500674605369568,0.6090418100357056
YAL033W,YGL174W,0,-1.124382,0.13491758704185486,0.9500674605369568,0.6091768145561218
YJR021C,YHR008C,0,-1.1243968,0.13489174842834473,0.9500674605369568,0.6093117594718933
YER098W,YBR129C,0,-1.1258577,0.1348658949136734,0.9500674605369568,0.6094467043876648
YIL170W,YCL052C,0,-1.1265163,0.13484007120132446,0.9500674605369568,0.6095816493034363
YLR113W,YCR052W,0,-1.126575,0.13481424748897552,0.9500674605369568,0.6097165942192078
YKL041W,YPL208W,0,-1.1269284,0.13478843867778778,0.9500674605369568,0.6098515391349792
YNL271C,YDR170C,0,-1.1270363,0.13476262986660004,0.9500674605369568,0.6099864840507507
YOR126C,YGR145W,0,-1.1271671,0.1347368359565735,0.9500674605369568,0.6101214289665222
YJR138W,YDL107W,0,-1.1276577,0.13471105694770813,0.9500674605369568,0.6102564334869385
YLR289W,YJL085W,0,-1.1282846,0.13468529284000397,0.9500674605369568,0.61039137840271
YER008C,YNR002C,0,-1.128727,0.1346595287322998,0.9500674605369568,0.6105263233184814
YNL261W,YHR079C,0,-1.1292536,0.13463377952575684,0.9500674605369568,0.6106612682342529
YIL142W,YFL033C,0,-1.1294415,0.13460803031921387,0.9500674605369568,0.6107962131500244
YDL021W,YER087W,0,-1.1296134,0.1345822960138321,0.9500674605369568,0.6109311580657959
YPR137C-A,YNL314W,0,-1.1297891,0.1345565766096115,0.9500674605369568,0.6110661029815674
YOR301W,YCR046C,0,-1.1301255,0.13453085720539093,0.9500674605369568,0.6112011075019836
YBL052C,YDR403W,0,-1.13027,0.13450515270233154,0.9500674605369568,0.6113360524177551
YGL062W,YBR275C,0,-1.1302825,0.13447946310043335,0.9500674605369568,0.6114709973335266
YLR244C,YML112W,0,-1.1306736,0.13445378839969635,0.9500674605369568,0.6116059422492981
YML052W,YCL032W,0,-1.1311109,0.13442811369895935,0.9500674605369568,0.6117408871650696
YOR159C,YOR162C,0,-1.13182,0.13440243899822235,0.9500674605369568,0.6118758320808411
YGR225W,YLR047C,0,-1.13183,0.13437679409980774,0.9500674605369568,0.6120107769966125
YDL133C-A,YDR205W,0,-1.1319735,0.13435114920139313,0.9500674605369568,0.612145721912384
YBR276C,YLR361C,1,-1.1326027,0.13451631367206573,0.9514170289039612,0.612145721912384
YKR008W,YBL076C,0,-1.1330047,0.13449065387248993,0.9514170289039612,0.6122807264328003
YDR454C,YML099C,0,-1.1331475,0.13446499407291412,0.9514170289039612,0.6124156713485718
YPR035W,YER162C,0,-1.1333789,0.1344393640756607,0.9514170289039612,0.6125506162643433
YDR415C,YDR472W,0,-1.1336834,0.1344137340784073,0.9514170289039612,0.6126855611801147
YGL209W,YBR075W,0,-1.1340228,0.13438810408115387,0.9514170289039612,0.6128205060958862
YPR113W,YIL080W,0,-1.1341383,0.13436248898506165,0.9514170289039612,0.6129554510116577
YPL122C,YGR134W,0,-1.1341646,0.13433688879013062,0.9514170289039612,0.6130903959274292
YGR288W,YPL218W,0,-1.1341865,0.13431130349636078,0.9514170289039612,0.6132254004478455
YCL024W,YER046W,0,-1.1358114,0.13428571820259094,0.9514170289039612,0.6133603453636169
YIL006W,YOL004W,0,-1.1361282,0.1342601478099823,0.9514170289039612,0.6134952902793884
YIR025W,YDL202W,0,-1.136142,0.13423457741737366,0.9514170289039612,0.6136302351951599
YDR245W,YDR170C,0,-1.1363324,0.1342090219259262,0.9514170289039612,0.6137651801109314
YPR167C,YLR410W-B,0,-1.1364664,0.13418348133563995,0.9514170289039612,0.6139001250267029
YNL010W,YKL061W,0,-1.1373812,0.1341579407453537,0.9514170289039612,0.6140350699424744
YDR460W,YDR461W,0,-1.1374788,0.13413241505622864,0.9514170289039612,0.6141700148582458
YIL142W,YLR103C,0,-1.1378856,0.13410690426826477,0.9514170289039612,0.6143050193786621
YMR308C,YER190W,0,-1.1378928,0.1340813934803009,0.9514170289039612,0.6144399642944336
YGR238C,YLR391W,0,-1.1379297,0.13405589759349823,0.9514170289039612,0.6145749092102051
YPR191W,YBR155W,0,-1.1386337,0.13403041660785675,0.9514170289039612,0.6147098541259766
YKL074C,YPL244C,0,-1.1386472,0.13400493562221527,0.9514170289039612,0.614844799041748
YNL192W,YBL052C,0,-1.1391758,0.13397946953773499,0.9514170289039612,0.6149797439575195
YNL044W,YFL002W-B,0,-1.140527,0.1339540183544159,0.9514170289039612,0.615114688873291
YNL284C-A,YML039W,0,-1.1408389,0.1339285671710968,0.9514170289039612,0.6152496337890625
YDL140C,YLR278C,0,-1.1422107,0.1339031308889389,0.9514170289039612,0.6153846383094788
YER014C-A,YOR287C,0,-1.143012,0.1338777095079422,0.9514170289039612,0.6155195832252502
YDR218C,YER137C,0,-1.1430376,0.1338522881269455,0.9514170289039612,0.6156545281410217
YGR084C,YCL032W,0,-1.1438181,0.13382688164710999,0.9514170289039612,0.6157894730567932
YLR305C,YDL121C,0,-1.1443058,0.13380147516727448,0.9514170289039612,0.6159244179725647
YPR026W,YLL012W,0,-1.1443086,0.13377609848976135,0.9514170289039612,0.6160593628883362
YNL238W,YDR081C,0,-1.1447678,0.13375070691108704,0.9514170289039612,0.6161943078041077
YKL182W,YGR095C,0,-1.1449089,0.1337253451347351,0.9514170289039612,0.6163293123245239
YLR024C,YDR195W,0,-1.1454295,0.13369998335838318,0.9514170289039612,0.6164642572402954
YNL073W,YLR330W,0,-1.1463902,0.13367463648319244,0.9514170289039612,0.6165992021560669
YGL200C,YMR239C,0,-1.1464467,0.1336492896080017,0.9514170289039612,0.6167341470718384
YPL002C,YBR261C,0,-1.1465621,0.13362395763397217,0.9514170289039612,0.6168690919876099
YGR169C,YNL290W,0,-1.1466111,0.13359864056110382,0.9514170289039612,0.6170040369033813
YIL088C,YPR138C,0,-1.1476948,0.13357332348823547,0.9514170289039612,0.6171389818191528
YJL012C-A,YNL192W,0,-1.1477697,0.13354802131652832,0.9514170289039612,0.6172739267349243
YJL012C-A,YMR239C,0,-1.1477697,0.13352273404598236,0.9514170289039612,0.6174089312553406
YJL012C-A,YBR042C,0,-1.1477697,0.1334974467754364,0.9514170289039612,0.6175438761711121
YJL012C-A,YGR095C,0,-1.1477697,0.13347217440605164,0.9514170289039612,0.6176788210868835
YGR281W,YCL025C,0,-1.1477827,0.13344690203666687,0.9514170289039612,0.617813766002655
YOR274W,YDR233C,0,-1.1480589,0.1334216445684433,0.9514170289039612,0.6179487109184265
YKL126W,YDR146C,0,-1.1482358,0.13339640200138092,0.9514170289039612,0.618083655834198
YJR138W,YHL034C,0,-1.1482443,0.13337117433547974,0.9514170289039612,0.6182186007499695
YER050C,YKR026C,0,-1.1483229,0.13334594666957855,0.9514170289039612,0.6183536052703857
YER151C,YML097C,0,-1.1485134,0.13332071900367737,0.9514170289039612,0.6184885501861572
YPL099C,YOR020C,0,-1.1485724,0.13329552114009857,0.9514170289039612,0.6186234951019287
YGR169C,YFR019W,0,-1.1495473,0.13327032327651978,0.9514170289039612,0.6187584400177002
YGL209W,YNL297C,0,-1.1500529,0.13324514031410217,0.9514170289039612,0.6188933849334717
YNL026W,YPL208W,0,-1.1505637,0.13321995735168457,0.9514170289039612,0.6190283298492432
YNR021W,YOR351C,0,-1.1505914,0.13319478929042816,0.9514170289039612,0.6191632747650146
YDR170C,YLR187W,0,-1.1506587,0.13316962122917175,0.9514170289039612,0.6192982196807861
YOR237W,YKL182W,0,-1.1508107,0.13314448297023773,0.9514170289039612,0.6194332242012024
YOR226C,YGR134W,0,-1.151341,0.13311932981014252,0.9514170289039612,0.6195681691169739
YOR054C,YLR425W,0,-1.1515732,0.1330942064523697,0.9514170289039612,0.6197031140327454
YJL124C,YEL056W,0,-1.1518967,0.13306908309459686,0.9514170289039612,0.6198380589485168
YBR275C,YMR238W,0,-1.152391,0.13304397463798523,0.9514170289039612,0.6199730038642883
YOR187W,YDR140W,0,-1.1533253,0.1330188661813736,0.9514170289039612,0.6201079487800598
YER137C-A,YOR355W,0,-1.1533296,0.13299377262592316,0.9514170289039612,0.6202428936958313
YIL139C,YLR151C,0,-1.1534903,0.1329686939716339,0.9514170289039612,0.6203778386116028
YDR174W,YJL103C,0,-1.1535869,0.13294361531734467,0.9514170289039612,0.620512843132019
YDR378C,YPR162C,0,-1.1553196,0.1329185515642166,0.9514170289039612,0.6206477880477905
YPR190C,YKL203C,0,-1.155359,0.13289350271224976,0.9514170289039612,0.620782732963562
YOR206W,YIL083C,0,-1.1553986,0.1328684538602829,0.9514170289039612,0.6209176778793335
YOL026C,YMR270C,0,-1.1564595,0.13284341990947723,0.9514170289039612,0.621052622795105
YNL044W,YMR273C,0,-1.1566303,0.13281838595867157,0.9514170289039612,0.6211875677108765
YJL087C,YLR145W,0,-1.1568289,0.1327933669090271,0.9514170289039612,0.621322512626648
YHR132C,YDR499W,0,-1.1571126,0.13276836276054382,0.9514170289039612,0.6214575171470642
YGL183C,YLR268W,0,-1.1573625,0.13274335861206055,0.9514170289039612,0.6215924620628357
YBR195C,YKL161C,0,-1.1573846,0.13271836936473846,0.9514170289039612,0.6217274069786072
YMR136W,YKL124W,0,-1.1577003,0.13269339501857758,0.9514170289039612,0.6218623518943787
YIL142W,YPL147W,0,-1.1578013,0.1326684206724167,0.9514170289039612,0.6219972968101501
YFR021W,YNL070W,0,-1.1580093,0.132643461227417,0.9514170289039612,0.6221322417259216
YDL225W,YIL047C,0,-1.1587772,0.1326185166835785,0.9514170289039612,0.6222671866416931
YBL041W,YDR373W,0,-1.1593087,0.13259357213974,0.9514170289039612,0.6224021315574646
YKL165C,YMR295C,0,-1.1599722,0.1325686275959015,0.9514170289039612,0.6225371360778809
YLR394W,YER087C-B,0,-1.160394,0.13254371285438538,0.9514170289039612,0.6226720809936523
YDR373W,YLR151C,0,-1.160491,0.13251879811286926,0.9514170289039612,0.6228070259094238
YNL078W,YML128C,0,-1.160949,0.13249389827251434,0.9514170289039612,0.6229419708251953
YDL045W-A,YPR030W,0,-1.160979,0.13246899843215942,0.9514170289039612,0.6230769157409668
YHL012W,YPR160W,0,-1.161186,0.1324441134929657,0.9514170289039612,0.6232118606567383
YDL029W,YDR337W,0,-1.1617756,0.13241922855377197,0.9514170289039612,0.6233468055725098
YNR074C,YKL007W,0,-1.1631879,0.13239437341690063,0.9514170289039612,0.623481810092926
YOL038W,YBL026W,0,-1.1632437,0.1323695033788681,0.9514170289039612,0.6236167550086975
YLR026C,YFL001W,0,-1.1634042,0.13234466314315796,0.9514170289039612,0.623751699924469
YNL178W,YLR264W,0,-1.1638836,0.13231982290744781,0.9514170289039612,0.6238866448402405
YJL029C,YKL015W,0,-1.164176,0.13229498267173767,0.9514170289039612,0.624021589756012
YKL041W,YKL166C,0,-1.1643609,0.13227017223834991,0.9514170289039612,0.6241565346717834
YER175C,YPL257W-B,0,-1.1650728,0.13224536180496216,0.9514170289039612,0.6242914795875549
YDR146C,YNL006W,0,-1.1654491,0.1322205513715744,0.9514170289039612,0.6244264245033264
YFR033C,YGR222W,0,-1.165767,0.13219575583934784,0.9514170289039612,0.6245614290237427
YNL032W,YPR163C,0,-1.1658757,0.13217097520828247,0.9514170289039612,0.6246963739395142
YLR386W,YKL186C,0,-1.1662533,0.1321462094783783,0.9514170289039612,0.6248313188552856
YDR457W,YOL043C,0,-1.1669567,0.13212144374847412,0.9514170289039612,0.6249662637710571
YBL085W,YBR026C,0,-1.1678237,0.13209667801856995,0.9514170289039612,0.6251012086868286
YPL188W,YLR316C,0,-1.1682551,0.13207194209098816,0.9514170289039612,0.6252361536026001
YDR454C,YJR140C,0,-1.1686958,0.13204720616340637,0.9514170289039612,0.6253710985183716
YDR174W,YPR060C,0,-1.1688235,0.13202247023582458,0.9514170289039612,0.6255060434341431
YKL217W,YPR198W,0,-1.1689808,0.131997749209404,0.9514170289039612,0.6256410479545593
YGR177C,YDR496C,0,-1.1692145,0.1319730430841446,0.9514170289039612,0.6257759928703308
YOR126C,YJL172W,0,-1.1692526,0.1319483369588852,0.9514170289039612,0.6259109377861023
YBR202W,YMR319C,0,-1.1699139,0.131923645734787,0.9514170289039612,0.6260458827018738
YPL083C,YNL182C,0,-1.1700087,0.13189896941184998,0.9514170289039612,0.6261808276176453
YGR255C,YLR227W-B,0,-1.17033,0.13187429308891296,0.9514170289039612,0.6263157725334167
YGR109W-B,YAL038W,0,-1.1703469,0.13184963166713715,0.9514170289039612,0.6264507174491882
YDL028C,YOL062C,0,-1.1704798,0.13182498514652252,0.9514170289039612,0.6265857219696045
YMR033W,YOR340C,0,-1.1723304,0.1318003386259079,0.9514170289039612,0.626720666885376
YPL099C,YJR083C,0,-1.1724031,0.13177570700645447,0.9514170289039612,0.6268556118011475
YKL119C,YDL078C,0,-1.1725564,0.13175107538700104,0.9514170289039612,0.626990556716919
YPL007C,YER087C-B,0,-1.1732357,0.1317264586687088,0.9514170289039612,0.6271255016326904
YHR211W,YPR119W,0,-1.1735194,0.13170185685157776,0.9514170289039612,0.6272604465484619
YLR395C,YBR281C,0,-1.1739988,0.13167725503444672,0.9514170289039612,0.6273953914642334
YPL213W,YOL026C,0,-1.1742618,0.13165266811847687,0.9514170289039612,0.6275303363800049
YPL127C,YMR319C,0,-1.1750159,0.13162808120250702,0.9514170289039612,0.6276653409004211
YPR026W,YDL206W,0,-1.1755892,0.13160350918769836,0.9514170289039612,0.6278002858161926
YBR080C,YLR270W,0,-1.1766171,0.1315789520740509,0.9514170289039612,0.6279352307319641
YEL069C,YEL029C,0,-1.176619,0.13155439496040344,0.9514170289039612,0.6280701756477356
YFR036W,YKL015W,0,-1.1774409,0.13152985274791718,0.9514170289039612,0.6282051205635071
YJR151C,YJR005W,0,-1.1775657,0.1315053105354309,0.9514170289039612,0.6283400654792786
YGR032W,YIR005W,0,-1.1779225,0.13148079812526703,0.9514170289039612,0.62847501039505
YKR056W,YLR130C,0,-1.1779845,0.13145627081394196,0.9514170289039612,0.6286100149154663
YOR142W-B,YIL048W,0,-1.1789786,0.13143177330493927,0.9514170289039612,0.6287449598312378
YDR144C,YJL128C,0,-1.1792188,0.13140727579593658,0.9514170289039612,0.6288799047470093
YHR082C,YJL095W,0,-1.1793839,0.1313827782869339,0.9514170289039612,0.6290148496627808
YPR137W,YDR476C,0,-1.1795043,0.1313582956790924,0.9514170289039612,0.6291497945785522
YGL236C,YHR119W,0,-1.1807208,0.1313338279724121,0.9514170289039612,0.6292847394943237
YMR186W,YMR272C,0,-1.1809238,0.131309375166893,0.9514170289039612,0.6294196844100952
YER050C,YMR046C,0,-1.1817986,0.1312849223613739,0.9514170289039612,0.6295546293258667
YPR030W,YGL259W,0,-1.1818091,0.1312604695558548,0.9514170289039612,0.629689633846283
YBR080C,YNR060W,0,-1.1819673,0.1312360316514969,0.9514170289039612,0.6298245787620544
YNL127W,YHR069C,0,-1.1824778,0.13121160864830017,0.9514170289039612,0.6299595236778259
YGL112C,YCL024W,0,-1.1830702,0.13118720054626465,0.9514170289039612,0.6300944685935974
YJR051W,YGL046W,0,-1.1834822,0.13116279244422913,0.9514170289039612,0.6302294135093689
YMR146C,YKL190W,0,-1.1837777,0.1311383992433548,0.9514170289039612,0.6303643584251404
YDR207C,YOR089C,0,-1.1838486,0.13111400604248047,0.9514170289039612,0.6304993033409119
YMR319C,YPR159W,0,-1.1841487,0.13108962774276733,0.9514170289039612,0.6306342482566833
YBR195C,YKR044W,0,-1.1842182,0.1310652494430542,0.9514170289039612,0.6307692527770996
YNL178W,YKR068C,0,-1.1843772,0.13104088604450226,0.9514170289039612,0.6309041976928711
YFR031C,YGL113W,0,-1.185041,0.1310165375471115,0.9514170289039612,0.6310391426086426
YOR098C,YGR276C,0,-1.1851665,0.13099218904972076,0.9514170289039612,0.6311740875244141
YOR304W,YDR449C,0,-1.1853167,0.1309678554534912,0.9514170289039612,0.6313090324401855
YGR246C,YBL034C,0,-1.1853595,0.13094353675842285,0.9514170289039612,0.631443977355957
YPL273W,YBL089W,0,-1.1855302,0.1309192180633545,0.9514170289039612,0.6315789222717285
YNL032W,YPL137C,1,-1.1864753,0.13108058273792267,0.9527665376663208,0.6315789222717285
YMR061W,YPR002W,0,-1.186805,0.13105624914169312,0.9527665376663208,0.6317139267921448
YNL044W,YGR020C,0,-1.187012,0.13103191554546356,0.9527665376663208,0.6318488717079163
YNL006W,YIL076W,0,-1.1871039,0.1310076117515564,0.9527665376663208,0.6319838166236877
YNL273W,YJR101W,0,-1.1875355,0.13098330795764923,0.9527665376663208,0.6321187615394592
YGL158W,YJL206C,0,-1.1877217,0.13095900416374207,0.9527665376663208,0.6322537064552307
YAR002C-A,YDR304C,0,-1.187849,0.1309347152709961,0.9527665376663208,0.6323886513710022
YCL043C,YLR270W,0,-1.1885589,0.13091044127941132,0.9527665376663208,0.6325235962867737
YJR055W,YGL162W,0,-1.1888566,0.13088616728782654,0.9527665376663208,0.6326585412025452
YJR127C,YML052W,0,-1.1890535,0.13086190819740295,0.9527665376663208,0.6327935457229614
YOL142W,YOR180C,0,-1.1895926,0.13083766400814056,0.9527665376663208,0.6329284906387329
YPL082C,YKL064W,0,-1.1898432,0.13081341981887817,0.9527665376663208,0.6330634355545044
YKL210W,YDR416W,0,-1.1899067,0.13078917562961578,0.9527665376663208,0.6331983804702759
YBR183W,YOR285W,0,-1.1903305,0.13076496124267578,0.9527665376663208,0.6333333253860474
YGL083W,YPL104W,0,-1.1903361,0.13074074685573578,0.9527665376663208,0.6334682703018188
YER165W,YMR172W,0,-1.1907327,0.13071653246879578,0.9527665376663208,0.6336032152175903
YPL257W-B,YNL298W,0,-1.1907759,0.13069233298301697,0.9527665376663208,0.6337382197380066
YOL141W,YDR146C,0,-1.1912122,0.13066814839839935,0.9527665376663208,0.6338731646537781
YNR074C,YJR138W,0,-1.191488,0.13064396381378174,0.9527665376663208,0.6340081095695496
YDL084W,YGR238C,0,-1.1923277,0.13061979413032532,0.9527665376663208,0.634143054485321
YIL128W,YDL074C,0,-1.1926502,0.1305956393480301,0.9527665376663208,0.6342779994010925
YDL227C,YDR229W,0,-1.1928303,0.13057148456573486,0.9527665376663208,0.634412944316864
YKL217W,YLR227W-B,0,-1.1937253,0.13054734468460083,0.9527665376663208,0.6345478892326355
YML045W-A,YKL206C,0,-1.1938832,0.1305232048034668,0.9527665376663208,0.634682834148407
YOL107W,YHR109W,0,-1.1938999,0.13049907982349396,0.9527665376663208,0.6348178386688232
YKL074C,YPL096W,0,-1.1948031,0.13047495484352112,0.9527665376663208,0.6349527835845947
YKR002W,YMR193W,0,-1.1966481,0.13045084476470947,0.9527665376663208,0.6350877285003662
YNL309W,YLL017W,0,-1.1968288,0.13042674958705902,0.9527665376663208,0.6352226734161377
YER089C,YMR277W,1,-1.1971784,0.1305873692035675,0.9541160464286804,0.6352226734161377
YHR066W,YOR025W,0,-1.197401,0.13056324422359467,0.9541160464286804,0.6353576183319092
YDR494W,YER087C-B,0,-1.1977683,0.1305391490459442,0.9541160464286804,0.6354925632476807
YLR197W,YJR005W,0,-1.198062,0.13051503896713257,0.9541160464286804,0.6356275081634521
YJL225C,YIL046W,0,-1.1981013,0.1304909586906433,0.9541160464286804,0.6357625126838684
YPR204W,YLR187W,0,-1.1989218,0.13046687841415405,0.9541160464286804,0.6358974575996399
YPL083C,YOR142W,0,-1.1997166,0.1304427981376648,0.9541160464286804,0.6360324025154114
YHR056C,YKL015W,0,-1.1999207,0.13041874766349792,0.9541160464286804,0.6361673474311829
YOR297C,YDR310C,0,-1.2013328,0.13039468228816986,0.9541160464286804,0.6363022923469543
YOR084W,YGR175C,0,-1.2015069,0.13037064671516418,0.9541160464286804,0.6364372372627258
YDL111C,YFL002W-B,0,-1.2030162,0.1303466111421585,0.9541160464286804,0.6365721821784973
YPL007C,YGL163C,0,-1.2030828,0.13032257556915283,0.9541160464286804,0.6367071270942688
YKR002W,YJL082W,0,-1.2031422,0.13029856979846954,0.9541160464286804,0.6368421316146851
YMR239C,YMR143W,0,-1.2031957,0.13027454912662506,0.9541160464286804,0.6369770765304565
YDR172W,YLR020C,0,-1.2034533,0.13025055825710297,0.9541160464286804,0.637112021446228
YOL010W,YJL128C,0,-1.2039356,0.13022656738758087,0.9541160464286804,0.6372469663619995
YMR269W,YGL060W,0,-1.2050052,0.13020257651805878,0.9541160464286804,0.637381911277771
YGR070W,YGR027C,0,-1.2053219,0.13017860054969788,0.9541160464286804,0.6375168561935425
YGL226C-A,YLR026C,0,-1.2055501,0.13015463948249817,0.9541160464286804,0.637651801109314
YNL297C,YBL034C,0,-1.2057216,0.13013067841529846,0.9541160464286804,0.6377867460250854
YCR060W,YPR060C,0,-1.2062349,0.13010673224925995,0.9541160464286804,0.6379217505455017
YPR189W,YBR125C,0,-1.2063804,0.13008280098438263,0.9541160464286804,0.6380566954612732
YKR008W,YLR389C,0,-1.2063994,0.1300588697195053,0.9541160464286804,0.6381916403770447
YKL174C,YGR246C,0,-1.2071687,0.130034938454628,0.9541160464286804,0.6383265852928162
YFL002W-B,YER017C,0,-1.2078277,0.13001103699207306,0.9541160464286804,0.6384615302085876
YGR144W,YMR176W,0,-1.2080534,0.12998713552951813,0.9541160464286804,0.6385964751243591
YIL113W,YER133W,1,-1.2087338,0.1301470547914505,0.9554656147956848,0.6385964751243591
YLR187W,YDR226W,0,-1.2096648,0.13012313842773438,0.9554656147956848,0.6387314200401306
YEL070W,YIR032C,0,-1.2110996,0.13009922206401825,0.9554656147956848,0.6388664245605469
YMR269W,YMR267W,0,-1.2114084,0.13007532060146332,0.9554656147956848,0.6390013694763184
YHL012W,YMR046C,0,-1.2118944,0.13005143404006958,0.9554656147956848,0.6391363143920898
YIL170W,YFR019W,0,-1.2119836,0.13002754747867584,0.9554656147956848,0.6392712593078613
YLR305C,YER145C,0,-1.2132466,0.1300036758184433,0.9554656147956848,0.6394062042236328
YJL004C,YLR391W,0,-1.2133378,0.12997980415821075,0.9554656147956848,0.6395411491394043
YDR518W,YNL307C,0,-1.2137806,0.1299559473991394,0.9554656147956848,0.6396760940551758
YMR295C,YLL040C,0,-1.2156521,0.12993209064006805,0.9554656147956848,0.6398110389709473
YDL111C,YPL098C,0,-1.2156522,0.1299082636833191,0.9554656147956848,0.6399460434913635
YGR161W-B,YDL097C,0,-1.2164125,0.12988442182540894,0.9554656147956848,0.640080988407135
YGL014W,YML036W,0,-1.2164901,0.12986059486865997,0.9554656147956848,0.6402159333229065
YOR126C,YNL281W,0,-1.216856,0.1298367828130722,0.9554656147956848,0.640350878238678
YIL095W,YNL175C,0,-1.2175658,0.12981298565864563,0.9554656147956848,0.6404858231544495
YHR211W,YIL170W,0,-1.2179965,0.12978918850421906,0.9554656147956848,0.640620768070221
YGR199W,YER087C-B,0,-1.2189586,0.12976539134979248,0.9554656147956848,0.6407557129859924
YGR145W,YNL290W,0,-1.2204593,0.1297416090965271,0.9554656147956848,0.6408907175064087
YIL020C,YBR115C,0,-1.2211103,0.1297178417444229,0.9554656147956848,0.6410256624221802
YGL050W,YOR294W,0,-1.2215631,0.12969408929347992,0.9554656147956848,0.6411606073379517
YPR200C,YKR006C,0,-1.2219942,0.12967033684253693,0.9554656147956848,0.6412955522537231
YOL082W,YPR091C,0,-1.2222366,0.12964658439159393,0.9554656147956848,0.6414304971694946
YGR169C,YKL094W,0,-1.2223153,0.12962284684181213,0.9554656147956848,0.6415654420852661
YJL140W,YOR338W,0,-1.2224097,0.12959912419319153,0.9554656147956848,0.6417003870010376
YBL041W,YDL171C,0,-1.2226403,0.12957540154457092,0.9554656147956848,0.6418353319168091
YGR288W,YFL057C,0,-1.2246815,0.1295516937971115,0.9554656147956848,0.6419703364372253
YGR282C,YKL206C,0,-1.2250836,0.1295279860496521,0.9554656147956848,0.6421052813529968
YLR285W,YOR194C,0,-1.2251506,0.12950429320335388,0.9554656147956848,0.6422402262687683
YDR296W,YIR011C,0,-1.2255491,0.12948061525821686,0.9554656147956848,0.6423751711845398
YER138C,YLR224W,0,-1.225553,0.12945693731307983,0.9554656147956848,0.6425101161003113
YHR059W,YHR156C,0,-1.225626,0.129433274269104,0.9554656147956848,0.6426450610160828
YMR179W,YJR053W,0,-1.226414,0.12940961122512817,0.9554656147956848,0.6427800059318542
YNL085W,YPR080W,0,-1.2267057,0.12938596308231354,0.9554656147956848,0.6429149508476257
YNL147W,YLR028C,0,-1.2274373,0.1293623298406601,0.9554656147956848,0.643049955368042
YDR079W,YGL051W,0,-1.2279965,0.12933869659900665,0.9554656147956848,0.6431849002838135
YJL030W,YMR172W,0,-1.2281427,0.1293150633573532,0.9554656147956848,0.643319845199585
YJL187C,YOR138C,0,-1.2281752,0.12929145991802216,0.9554656147956848,0.6434547901153564
YLR410W-A,YPL188W,0,-1.2295108,0.1292678415775299,0.9554656147956848,0.6435897350311279
YCL003W,YDR260C,0,-1.2297728,0.12924425303936005,0.9554656147956848,0.6437246799468994
YML032C,YER087C-B,0,-1.2305995,0.12922066450119019,0.9554656147956848,0.6438596248626709
YPR187W,YPR171W,0,-1.2313159,0.12919707596302032,0.9554656147956848,0.6439946293830872
YGR288W,YHR109W,0,-1.2316792,0.12917350232601166,0.9554656147956848,0.6441295742988586
YJL053W,YLL061W,0,-1.231711,0.12914994359016418,0.9554656147956848,0.6442645192146301
YMR008C,YDR211W,0,-1.234926,0.1291263848543167,0.9554656147956848,0.6443994641304016
YOR142W-B,YOR074C,0,-1.235004,0.12910284101963043,0.9554656147956848,0.6445344090461731
YHR056C,YBR222C,0,-1.2356427,0.12907931208610535,0.9554656147956848,0.6446693539619446
YNL138W,YOL111C,0,-1.2365069,0.12905578315258026,0.9554656147956848,0.6448042988777161
YBR196C,YNL202W,0,-1.2366726,0.12903225421905518,0.9554656147956848,0.6449392437934875
YLR389C,YNR002C,0,-1.2369653,0.12900874018669128,0.9554656147956848,0.6450742483139038
YDR371W,YFL033C,0,-1.2387753,0.1289852410554886,0.9554656147956848,0.6452091932296753
YPR190C,YBR222C,0,-1.2388909,0.1289617419242859,0.9554656147956848,0.6453441381454468
YBR020W,YGL113W,0,-1.2399911,0.12893825769424438,0.9554656147956848,0.6454790830612183
YAR035W,YDR261W-A,0,-1.2408842,0.12891478836536407,0.9554656147956848,0.6456140279769897
YFR029W,YKL186C,0,-1.240978,0.12889131903648376,0.9554656147956848,0.6457489728927612
YDL198C,YCR055C,0,-1.2410161,0.12886784970760345,0.9554656147956848,0.6458839178085327
YOR159C,YDR170C,0,-1.2420658,0.12884441018104553,0.9554656147956848,0.646018922328949
YMR180C,YOL004W,0,-1.2424071,0.12882095575332642,0.9554656147956848,0.6461538672447205
YDR090C,YHR174W,0,-1.2427975,0.1287975311279297,0.9554656147956848,0.6462888121604919
YJR127C,YOR194C,0,-1.243197,0.12877410650253296,0.9554656147956848,0.6464237570762634
YBR276C,YIR026C,1,-1.2435073,0.12893253564834595,0.9568151235580444,0.6464237570762634
YPL180W,YGL046W,0,-1.2436825,0.12890909612178802,0.9568151235580444,0.6465587019920349
YLL004W,YOL090W,0,-1.2439431,0.1288856565952301,0.9568151235580444,0.6466936469078064
YBL046W,YIR026C,1,-1.2443926,0.12904398143291473,0.958164632320404,0.6466936469078064
YDL045W-A,YOR353C,0,-1.2445774,0.12902052700519562,0.958164632320404,0.6468285918235779
YDR411C,YJR149W,0,-1.2450159,0.1289970874786377,0.958164632320404,0.6469635367393494
YGL186C,YKR055W,0,-1.2452731,0.12897366285324097,0.958164632320404,0.6470985412597656
YOL010W,YER022W,0,-1.2452809,0.12895023822784424,0.958164632320404,0.6472334861755371
YOR237W,YKL161C,0,-1.2456658,0.1289268136024475,0.958164632320404,0.6473684310913086
YDL133C-A,YGR222W,0,-1.2461721,0.12890341877937317,0.958164632320404,0.6475033760070801
YLR410W-B,YIR039C,0,-1.2482781,0.12888000905513763,0.958164632320404,0.6476383209228516
YDR254W,YNR060W,0,-1.2483444,0.1288566291332245,0.958164632320404,0.647773265838623
YMR315W,YLR395C,0,-1.2489347,0.12883324921131134,0.958164632320404,0.6479082107543945
YLR447C,YJL149W,0,-1.2491169,0.1288098692893982,0.958164632320404,0.648043155670166
YGL172W,YGL046W,0,-1.249674,0.12878650426864624,0.958164632320404,0.6481781601905823
YJL060W,YNR028W,0,-1.2497126,0.12876315414905548,0.958164632320404,0.6483131051063538
YHL012W,YDR222W,0,-1.2505391,0.12873980402946472,0.958164632320404,0.6484480500221252
YGR167W,YDR497C,0,-1.2513546,0.12871645390987396,0.958164632320404,0.6485829949378967
YGR251W,YLR291C,0,-1.2513826,0.1286931335926056,0.958164632320404,0.6487179398536682
YGR161W-B,YJR005W,0,-1.2517681,0.12866981327533722,0.958164632320404,0.6488528847694397
YGR252W,YCL032W,0,-1.2517862,0.12864649295806885,0.958164632320404,0.6489878296852112
YFR021W,YDR304C,0,-1.2524093,0.12862318754196167,0.958164632320404,0.6491228342056274
YER145C,YER087C-B,0,-1.2526858,0.12859989702701569,0.958164632320404,0.6492577791213989
YER014C-A,YIL132C,0,-1.2532587,0.1285766065120697,0.958164632320404,0.6493927240371704
YNL153C,YLR391W,0,-1.2537414,0.12855331599712372,0.958164632320404,0.6495276689529419
YPR137W,YER115C,0,-1.2537518,0.12853005528450012,0.958164632320404,0.6496626138687134
YJR057W,YMR200W,0,-1.2544162,0.12850679457187653,0.958164632320404,0.6497975587844849
YLL004W,YFR001W,0,-1.2552295,0.12848353385925293,0.958164632320404,0.6499325037002563
YNL122C,YDR416W,0,-1.2552443,0.12846028804779053,0.958164632320404,0.6500674486160278
YBL005W-B,YGR171C,0,-1.2553318,0.12843704223632812,0.958164632320404,0.6502024531364441
YOR159C,YMR276W,0,-1.256114,0.12841381132602692,0.958164632320404,0.6503373980522156
YCL004W,YML052W,0,-1.2561681,0.1283905953168869,0.958164632320404,0.6504723429679871
YPR204W,YBL026W,0,-1.2562591,0.1283673793077469,0.958164632320404,0.6506072878837585
YJR082C,YKL205W,0,-1.2563848,0.12834417819976807,0.958164632320404,0.65074223279953
YML032C,YML052W,0,-1.2570655,0.12832097709178925,0.958164632320404,0.6508771777153015
YGR161W-B,YOR074C,0,-1.257249,0.12829779088497162,0.958164632320404,0.651012122631073
YPR083W,YDL077C,0,-1.2581712,0.12827461957931519,0.958164632320404,0.6511471271514893
YGL236C,YOL124C,0,-1.2582083,0.12825144827365875,0.958164632320404,0.6512820720672607
YOR351C,YDR508C,0,-1.2585127,0.12822827696800232,0.958164632320404,0.6514170169830322
YFR031C,YKR044W,0,-1.258833,0.12820513546466827,0.958164632320404,0.6515519618988037
YMR019W,YGR216C,0,-1.2592874,0.12818197906017303,0.958164632320404,0.6516869068145752
YOL103W-B,YNL107W,0,-1.2593957,0.128158837556839,0.958164632320404,0.6518218517303467
YKL174C,YJL006C,0,-1.2597284,0.12813571095466614,0.958164632320404,0.6519567966461182
YLR410W-A,YKR044W,0,-1.2602458,0.12811259925365448,0.958164632320404,0.6520917415618896
YDR476C,YLR187W,0,-1.2602671,0.12808948755264282,0.958164632320404,0.6522267460823059
YLR208W,YDL028C,0,-1.2613995,0.12806637585163116,0.958164632320404,0.6523616909980774
YLR404W,YOR123C,0,-1.2621754,0.1280432790517807,0.958164632320404,0.6524966359138489
YLL017W,YKL124W,0,-1.263233,0.12802019715309143,0.958164632320404,0.6526315808296204
YGR112W,YHR059W,0,-1.2633836,0.12799711525440216,0.958164632320404,0.6527665257453918
YJL005W,YBR080C,0,-1.2640654,0.12797404825687408,0.958164632320404,0.6529014706611633
YLR163C,YDR508C,0,-1.2641089,0.127950981259346,0.958164632320404,0.6530364155769348
YEL022W,YDR164C,0,-1.2642925,0.12792792916297913,0.958164632320404,0.6531713604927063
YOR216C,YHR039C-A,0,-1.2645257,0.12790487706661224,0.958164632320404,0.6533063650131226
YJR010W,YKR056W,0,-1.2671714,0.12788183987140656,0.958164632320404,0.653441309928894
YDR030C,YDR281C,0,-1.2672536,0.12785881757736206,0.958164632320404,0.6535762548446655
YGL083W,YGR109W-B,0,-1.267321,0.12783579528331757,0.958164632320404,0.653711199760437
YPR072W,YKR036C,0,-1.2680732,0.12781278789043427,0.958164632320404,0.6538461446762085
YMR277W,YIR026C,1,-1.2689744,0.12796975672245026,0.9595141410827637,0.6538461446762085
YDR371W,YOL108C,0,-1.2690235,0.12794673442840576,0.9595141410827637,0.65398108959198
YPL002C,YNL138W,0,-1.2690911,0.12792371213436127,0.9595141410827637,0.6541160345077515
YAL038W,YPL098C,0,-1.2693058,0.12790070474147797,0.9595141410827637,0.6542510390281677
YLR157C,YIR018W,0,-1.2695127,0.12787769734859467,0.9595141410827637,0.6543859839439392
YGR238C,YDR260C,0,-1.2703378,0.12785470485687256,0.9595141410827637,0.6545209288597107
YPL200W,YKL201C,0,-1.2706965,0.12783171236515045,0.9595141410827637,0.6546558737754822
YIL139C,YPL093W,0,-1.2710359,0.12780873477458954,0.9595141410827637,0.6547908186912537
YMR241W,YDR364C,0,-1.2714487,0.12778577208518982,0.9595141410827637,0.6549257636070251
YBR125C,YOL101C,0,-1.2725576,0.1277628093957901,0.9595141410827637,0.6550607085227966
YOR343W-B,YJR063W,0,-1.2727135,0.12773984670639038,0.9595141410827637,0.6551956534385681
YER050C,YLR029C,0,-1.2728081,0.12771689891815186,0.9595141410827637,0.6553306579589844
YDR210C-C,YEL070W,0,-1.2729204,0.12769396603107452,0.9595141410827637,0.6554656028747559
YML036W,YER046W,0,-1.272999,0.1276710331439972,0.9595141410827637,0.6556005477905273
YPR001W,YLR394W,0,-1.2732984,0.12764811515808105,0.9595141410827637,0.6557354927062988
YHR164C,YNL138W,0,-1.2735868,0.12762519717216492,0.9595141410827637,0.6558704376220703
YJR070C,YLL027W,0,-1.2739918,0.12760229408740997,0.9595141410827637,0.6560053825378418
YJL191W,YJR133W,0,-1.2748177,0.12757940590381622,0.9595141410827637,0.6561403274536133
YHR002W,YHR074W,0,-1.2750123,0.12755651772022247,0.9595141410827637,0.6562753319740295
YOL086C,YKL186C,0,-1.2750541,0.12753362953662872,0.9595141410827637,0.656410276889801
YMR319C,YFL048C,0,-1.2753276,0.12751075625419617,0.9595141410827637,0.6565452218055725
YPL007C,YPL218W,0,-1.2756369,0.1274878978729248,0.9595141410827637,0.656680166721344
YDR090C,YER138C,0,-1.2759101,0.12746503949165344,0.9595141410827637,0.6568151116371155
YMR093W,YDL227C,0,-1.2760912,0.12744219601154327,0.9595141410827637,0.656950056552887
YLR191W,YDL202W,0,-1.2762654,0.1274193525314331,0.9595141410827637,0.6570850014686584
YER014C-A,YFL033C,0,-1.2770798,0.12739652395248413,0.9595141410827637,0.6572199463844299
YPL244C,YER087C-B,0,-1.2771642,0.12737369537353516,0.9595141410827637,0.6573549509048462
YMR321C,YPL098C,0,-1.277185,0.12735088169574738,0.9595141410827637,0.6574898958206177
YOR388C,YBR128C,0,-1.2772071,0.1273280829191208,0.9595141410827637,0.6576248407363892
YMR123W,YHR175W,0,-1.2776272,0.1273052841424942,0.9595141410827637,0.6577597856521606
YFL048C,YBL098W,0,-1.2782664,0.12728248536586761,0.9595141410827637,0.6578947305679321
YNR006W,YER087C-B,0,-1.2790868,0.12725971639156342,0.9595141410827637,0.6580296754837036
YJR107W,YML049C,0,-1.2798932,0.12723693251609802,0.9595141410827637,0.6581646203994751
YPR113W,YDR527W,0,-1.2805084,0.12721416354179382,0.9595141410827637,0.6582996249198914
YOR142W-B,YHR174W,0,-1.2807922,0.12719140946865082,0.9595141410827637,0.6584345698356628
YHR164C,YMR272C,0,-1.280892,0.127168670296669,0.9595141410827637,0.6585695147514343
YHR061C,YKL205W,0,-1.2809721,0.127145916223526,0.9595141410827637,0.6587044596672058
YJL194W,YOR343W-B,0,-1.2809867,0.12712319195270538,0.9595141410827637,0.6588394045829773
YGL212W,YLR256W-A,0,-1.2812483,0.12710046768188477,0.9595141410827637,0.6589743494987488
YPR002W,YHR109W,0,-1.2814136,0.12707774341106415,0.9595141410827637,0.6591092944145203
YDR075W,YLR361C,1,-1.2815192,0.12723374366760254,0.9608637094497681,0.6591092944145203
YCR060W,YGR185C,0,-1.2817396,0.12721100449562073,0.9608637094497681,0.6592442393302917
YDR454C,YBR074W,0,-1.282095,0.1271882802248001,0.9608637094497681,0.659379243850708
YGR251W,YFL010W-A,0,-1.2823578,0.12716557085514069,0.9608637094497681,0.6595141887664795
YIL002C,YKL144C,0,-1.2823888,0.12714286148548126,0.9608637094497681,0.659649133682251
YML080W,YDR218C,0,-1.2824306,0.12712015211582184,0.9608637094497681,0.6597840785980225
YDR030C,YNL258C,0,-1.2827859,0.1270974725484848,0.9608637094497681,0.659919023513794
YBR120C,YMR194W,0,-1.2836934,0.12707477807998657,0.9608637094497681,0.6600539684295654
YMR123W,YBR276C,0,-1.2839677,0.12705209851264954,0.9608637094497681,0.6601889133453369
YMR089C,YOR351C,0,-1.2840693,0.1270294338464737,0.9608637094497681,0.6603238582611084
YBL046W,YLR361C,1,-1.2845546,0.1271851658821106,0.9622132182121277,0.6603238582611084
YBR145W,YAL040C,0,-1.284687,0.12716247141361237,0.9622132182121277,0.6604588627815247
YOR291W,YLR228C,0,-1.284894,0.12713980674743652,0.9622132182121277,0.6605938076972961
YGL180W,YPL252C,0,-1.2849092,0.1271171271800995,0.9622132182121277,0.6607287526130676
YKL119C,YFL017W-A,0,-1.2851841,0.12709447741508484,0.9622132182121277,0.6608636975288391
YBR195C,YPR060C,0,-1.2860814,0.1270718276500702,0.9622132182121277,0.6609986424446106
YDL236W,YIR026C,1,-1.2863189,0.12722736597061157,0.9635627269744873,0.6609986424446106
YOL101C,YGR089W,0,-1.2869594,0.12720470130443573,0.9635627269744873,0.6611335873603821
YER050C,YIL139C,0,-1.2869909,0.12718205153942108,0.9635627269744873,0.6612685322761536
YGR180C,YOR089C,0,-1.2870879,0.12715940177440643,0.9635627269744873,0.6614035367965698
YMR054W,YKL205W,0,-1.287684,0.12713675200939178,0.9635627269744873,0.6615384817123413
YOR025W,YHR051W,0,-1.287729,0.12711411714553833,0.9635627269744873,0.6616734266281128
YPR194C,YOR243C,0,-1.2895293,0.12709149718284607,0.9635627269744873,0.6618083715438843
YKR057W,YOR038C,0,-1.2898409,0.1270688772201538,0.9635627269744873,0.6619433164596558
YHR029C,YNR021W,0,-1.2900115,0.12704625725746155,0.9635627269744873,0.6620782613754272
YPR189W,YGR155W,0,-1.290739,0.12702366709709167,0.9635627269744873,0.6622132062911987
YNL178W,YOR349W,0,-1.2913963,0.1270010620355606,0.9635627269744873,0.6623481512069702
YMR020W,YLR160C,0,-1.2917376,0.12697848677635193,0.9635627269744873,0.6624831557273865
YPR026W,YJL112W,0,-1.291931,0.12695589661598206,0.9635627269744873,0.662618100643158
YLR080W,YHR179W,0,-1.2920766,0.12693333625793457,0.9635627269744873,0.6627530455589294
YJL134W,YKR102W,0,-1.2921674,0.12691077589988708,0.9635627269744873,0.6628879904747009
YMR137C,YLR301W,0,-1.2922431,0.1268882155418396,0.9635627269744873,0.6630229353904724
YML071C,YPL096W,0,-1.2922971,0.1268656700849533,0.9635627269744873,0.6631578803062439
YBR120C,YBR287W,0,-1.2928485,0.1268431395292282,0.9635627269744873,0.6632928252220154
YGR155W,YCR097WB,0,-1.2929548,0.1268206089735031,0.9635627269744873,0.6634278297424316
YGL170C,YGR179C,0,-1.2938608,0.12679807841777802,0.9635627269744873,0.6635627746582031
YDR174W,YOL124C,0,-1.2942001,0.1267755627632141,0.9635627269744873,0.6636977195739746
YJR051W,YDR470C,0,-1.294323,0.1267530620098114,0.9635627269744873,0.6638326644897461
YBL028C,YOR232W,0,-1.2944753,0.1267305612564087,0.9635627269744873,0.6639676094055176
YBR081C,YBL028C,0,-1.2947717,0.12670807540416718,0.9635627269744873,0.6641025543212891
YBL091C-A,YER145C,0,-1.2952359,0.12668558955192566,0.9635627269744873,0.6642374992370605
YNL271C,YPR043W,0,-1.2953591,0.12666311860084534,0.9635627269744873,0.664372444152832
YDR205W,YPL183W-A,0,-1.2954504,0.12664064764976501,0.9635627269744873,0.6645074486732483
YOL086C,YMR137C,0,-1.2960303,0.1266181915998459,0.9635627269744873,0.6646423935890198
YCR093W,YOR304C-A,0,-1.2964047,0.12659575045108795,0.9635627269744873,0.6647773385047913
YOR054C,YDL078C,0,-1.2975123,0.12657330930233002,0.9635627269744873,0.6649122834205627
YML028W,YKL168C,0,-1.2979443,0.12655086815357208,0.9635627269744873,0.6650472283363342
YIL128W,YLR016C,0,-1.2979876,0.12652844190597534,0.9635627269744873,0.6651821732521057
YDL107W,YGL180W,0,-1.2990338,0.1265060305595398,0.9635627269744873,0.6653171181678772
YJR057W,YLR300W,0,-1.2991223,0.12648361921310425,0.9635627269744873,0.6654520630836487
YNL032W,YDR075W,1,-1.2991369,0.12663832306861877,0.9649122953414917,0.6654520630836487
YOL145C,YML097C,0,-1.2995453,0.12661589682102203,0.9649122953414917,0.6655870676040649
YDL059C,YLR329W,0,-1.3009646,0.1265934854745865,0.9649122953414917,0.6657220125198364
YDR296W,YLR183C,0,-1.3022193,0.12657107412815094,0.9649122953414917,0.6658569574356079
YGR161W-B,YGL026C,0,-1.3035271,0.1265486776828766,0.9649122953414917,0.6659919023513794
YKR036C,YOR343W-B,0,-1.3047385,0.12652628123760223,0.9649122953414917,0.6661268472671509
YML099C,YKL144C,0,-1.3049172,0.12650389969348907,0.9649122953414917,0.6662617921829224
YER014C-A,YOR304W,0,-1.30523,0.12648151814937592,0.9649122953414917,0.6663967370986938
YDR492W,YKL022C,0,-1.3056823,0.12645913660526276,0.9649122953414917,0.6665317416191101
YDR296W,YLL017W,0,-1.3061403,0.12643678486347198,0.9649122953414917,0.6666666865348816
YPL094C,YHR051W,0,-1.3068626,0.1264144331216812,0.9649122953414917,0.6668016314506531
YBL089W,YLR316C,0,-1.307466,0.12639208137989044,0.9649122953414917,0.6669365763664246
YBR002C,YNR060W,0,-1.3078525,0.12636974453926086,0.9649122953414917,0.667071521282196
YJR119C,YLR182W,0,-1.3083005,0.1263474076986313,0.9649122953414917,0.6672064661979675
YGR056W,YMR193W,0,-1.3084686,0.1263250857591629,0.9649122953414917,0.667341411113739
YML032C,YHR059W,0,-1.3086078,0.1263027787208557,0.9649122953414917,0.6674763560295105
YKR054C,YPL274W,0,-1.3088422,0.12628047168254852,0.9649122953414917,0.6676113605499268
YAR002C-A,YHL027W,0,-1.3092344,0.12625816464424133,0.9649122953414917,0.6677463054656982
YDR457W,YMR308C,0,-1.3098214,0.12623587250709534,0.9649122953414917,0.6678812503814697
YHR174W,YGL060W,0,-1.3098657,0.12621359527111053,0.9649122953414917,0.6680161952972412
YNL160W,YNL084C,0,-1.3105371,0.12619131803512573,0.9649122953414917,0.6681511402130127
YLR425W,YNR015W,0,-1.3109436,0.12616905570030212,0.9649122953414917,0.6682860851287842
YCR060W,YER154W,0,-1.3113701,0.12614679336547852,0.9649122953414917,0.6684210300445557
YLL051C,YCL014W,0,-1.3114989,0.1261245310306549,0.9649122953414917,0.6685560345649719
YLR105C,YIL128W,0,-1.3120028,0.1261022984981537,0.9649122953414917,0.6686909794807434
YKR054C,YML109W,0,-1.3121448,0.12608005106449127,0.9649122953414917,0.6688259243965149
YDL029W,YIR039C,0,-1.3123958,0.12605783343315125,0.9649122953414917,0.6689608693122864
YHR047C,YBR281C,0,-1.3131769,0.12603560090065002,0.9649122953414917,0.6690958142280579
YMR049C,YGR105W,0,-1.3139365,0.1260133981704712,0.9649122953414917,0.6692307591438293
YIL002C,YIL133C,0,-1.3139586,0.12599119544029236,0.9649122953414917,0.6693657040596008
YJL005W,YLR386W,0,-1.3141313,0.12596899271011353,0.9649122953414917,0.6695006489753723
YMR277W,YBR276C,1,-1.3144507,0.12612295150756836,0.9662618041038513,0.6695006489753723
YDR405W,YFL045C,0,-1.3148158,0.12610073387622833,0.9662618041038513,0.6696356534957886
YER154W,YOL155C,0,-1.3148624,0.1260785311460495,0.9662618041038513,0.6697705984115601
YDR296W,YGR169C,0,-1.3149741,0.12605634331703186,0.9662618041038513,0.6699055433273315
YKR008W,YNL282W,0,-1.315357,0.12603415548801422,0.9662618041038513,0.670040488243103
YGL158W,YAR027W,0,-1.3153841,0.12601196765899658,0.9662618041038513,0.6701754331588745
YJR083C,YOR340C,0,-1.3158238,0.12598979473114014,0.9662618041038513,0.670310378074646
YPL150W,YLR025W,0,-1.3162395,0.1259676218032837,0.9662618041038513,0.6704453229904175
YNL304W,YNL078W,0,-1.3164458,0.12594546377658844,0.9662618041038513,0.670580267906189
YMR146C,YMR097C,0,-1.3164644,0.12592332065105438,0.9662618041038513,0.6707152724266052
YFL002W-B,YOL062C,0,-1.3167441,0.12590117752552032,0.9662618041038513,0.6708502173423767
YMR321C,YLL033W,0,-1.3179042,0.12587904930114746,0.9662618041038513,0.6709851622581482
YML036W,YGR072W,0,-1.318141,0.1258569210767746,0.9662618041038513,0.6711201071739197
YNL262W,YKR068C,0,-1.3186034,0.12583479285240173,0.9662618041038513,0.6712550520896912
YOR106W,YKL161C,0,-1.319062,0.12581267952919006,0.9662618041038513,0.6713899970054626
YKL210W,YMR300C,0,-1.3191236,0.1257905811071396,0.9662618041038513,0.6715249419212341
YMR276W,YIL035C,0,-1.3193071,0.1257684826850891,0.9662618041038513,0.6716599464416504
YDR233C,YJL206C,0,-1.3198353,0.12574639916419983,0.9662618041038513,0.6717948913574219
YNL070W,YLR348C,0,-1.3199704,0.12572431564331055,0.9662618041038513,0.6719298362731934
YBR195C,YLR305C,0,-1.320024,0.12570224702358246,0.9662618041038513,0.6720647811889648
YGR161W-B,YJR063W,0,-1.3205652,0.12568017840385437,0.9662618041038513,0.6721997261047363
YPL276W,YLR005W,0,-1.3206022,0.12565812468528748,0.9662618041038513,0.6723346710205078
YHR179W,YBR020W,0,-1.3210891,0.12563607096672058,0.9662618041038513,0.6724696159362793
YIL170W,YNR035C,0,-1.3214598,0.12561403214931488,0.9662618041038513,0.6726045608520508
YNR006W,YNL016W,0,-1.3218846,0.12559200823307037,0.9662618041038513,0.672739565372467
YOR287C,YLR042C,0,-1.3227843,0.12556996941566467,0.9662618041038513,0.6728745102882385
YJR006W,YBR129C,0,-1.3235381,0.12554796040058136,0.9662618041038513,0.67300945520401
YHR056C,YCL008C,0,-1.3236343,0.12552595138549805,0.9662618041038513,0.6731444001197815
YDL197C,YKL061W,0,-1.3240825,0.12550394237041473,0.9662618041038513,0.673279345035553
YDL179W,YMR304W,0,-1.3245778,0.12548194825649261,0.9662618041038513,0.6734142899513245
YMR176W,YCL052C,0,-1.3249621,0.1254599541425705,0.9662618041038513,0.673549234867096
YKL170W,YER175C,0,-1.3249856,0.12543797492980957,0.9662618041038513,0.6736842393875122
YOL057W,YHR082C,0,-1.3251266,0.12541601061820984,0.9662618041038513,0.6738191843032837
YKL190W,YLR350W,0,-1.3252867,0.1253940463066101,0.9662618041038513,0.6739541292190552
YML032C,YPR030W,0,-1.3255638,0.12537208199501038,0.9662618041038513,0.6740890741348267
YDR167W,YMR186W,0,-1.3263488,0.12535014748573303,0.9662618041038513,0.6742240190505981
YLR244C,YKR101W,0,-1.3263568,0.1253281980752945,0.9662618041038513,0.6743589639663696
YOL086C,YNL297C,0,-1.3268869,0.12530626356601715,0.9662618041038513,0.6744939088821411
YLR047C,YOR382W,0,-1.3269633,0.125284343957901,0.9662618041038513,0.6746288537979126
YMR168C,YGR012W,0,-1.3270347,0.12526242434978485,0.9662618041038513,0.6747638583183289
YER050C,YMR213W,0,-1.3272862,0.1252405047416687,0.9662618041038513,0.6748988032341003
YPR182W,YNL258C,0,-1.3275894,0.12521861493587494,0.9662618041038513,0.6750337481498718
YDR371W,YMR273C,0,-1.328637,0.12519671022891998,0.9662618041038513,0.6751686930656433
YJL194W,YOR349W,0,-1.3286746,0.12517482042312622,0.9662618041038513,0.6753036379814148
YNL107W,YCL014W,0,-1.3295517,0.12515294551849365,0.9662618041038513,0.6754385828971863
YJR127C,YNL259C,0,-1.3296156,0.12513107061386108,0.9662618041038513,0.6755735278129578
YLL002W,YOR279C,0,-1.3301268,0.1251092106103897,0.9662618041038513,0.6757084727287292
YMR034C,YIL133C,0,-1.330428,0.12508735060691833,0.9662618041038513,0.6758434772491455
YPL147W,YLR088W,0,-1.3307223,0.12506550550460815,0.9662618041038513,0.675978422164917
YMR065W,YBL052C,0,-1.331718,0.12504366040229797,0.9662618041038513,0.6761133670806885
YHR214C-B,YBL112C,0,-1.3322597,0.125021830201149,0.9662618041038513,0.67624831199646
YLL034C,YNL050C,0,-1.3324213,0.125,0.9662618041038513,0.6763832569122314
YJR127C,YDL202W,0,-1.3327347,0.12497818470001221,0.9662618041038513,0.6765182018280029
YGR081C,YPR204W,0,-1.3328508,0.12495636940002441,0.9662618041038513,0.6766531467437744
YDL055C,YMR272C,0,-1.3343143,0.12493456900119781,0.9662618041038513,0.6767881512641907
YKL180W,YNL284C,0,-1.3348212,0.12491276860237122,0.9662618041038513,0.6769230961799622
YBR261C,YKL061W,0,-1.3350347,0.12489098310470581,0.9662618041038513,0.6770580410957336
YPR011C,YLR151C,0,-1.3352137,0.1248691976070404,0.9662618041038513,0.6771929860115051
YGL122C,YCR026C,0,-1.3352728,0.1248474270105362,0.9662618041038513,0.6773279309272766
YLR244C,YLR321C,0,-1.3353375,0.12482566386461258,0.9662618041038513,0.6774628758430481
YBR045C,YPL137C,1,-1.3354619,0.1249782145023346,0.9676113128662109,0.6774628758430481
YKR036C,YMR025W,0,-1.3354874,0.12495642900466919,0.9676113128662109,0.6775978207588196
YLR295C,YLR129W,0,-1.3356082,0.12493465840816498,0.9676113128662109,0.6777327656745911
YMR238W,YPR133W-A,0,-1.3357227,0.12491289526224136,0.9676113128662109,0.6778677701950073
YHR061C,YOL004W,0,-1.3365395,0.12489113211631775,0.9676113128662109,0.6780027151107788
YBR230C,YOL062C,0,-1.3373499,0.12486938387155533,0.9676113128662109,0.6781376600265503
YKL082C,YMR193W,0,-1.3373969,0.1248476430773735,0.9676113128662109,0.6782726049423218
YER008C,YKR101W,0,-1.3374866,0.12482590228319168,0.9676113128662109,0.6784075498580933
YLL040C,YKR028W,0,-1.3377002,0.12480417639017105,0.9676113128662109,0.6785424947738647
YNL050C,YGR155W,0,-1.3384756,0.12478245794773102,0.9676113128662109,0.6786774396896362
YJL124C,YBL011W,0,-1.3386576,0.12476074695587158,0.9676113128662109,0.6788124442100525
YPL218W,YGL030W,0,-1.3389637,0.12473903596401215,0.9676113128662109,0.678947389125824
YCL014W,YIL035C,0,-1.3391786,0.1247173398733139,0.9676113128662109,0.6790823340415955
YGR089W,YBR072W,0,-1.3392519,0.12469565123319626,0.9676113128662109,0.6792172789573669
YOR142W-B,YGL174W,0,-1.3397231,0.12467397004365921,0.9676113128662109,0.6793522238731384
YJR057W,YNL084C,0,-1.3407367,0.12465229630470276,0.9676113128662109,0.6794871687889099
YDR090C,YMR176W,0,-1.34088,0.1246306300163269,0.9676113128662109,0.6796221137046814
YJL187C,YNL284C,0,-1.3409922,0.12460897117853165,0.9676113128662109,0.6797570586204529
YOL052C,YDL227C,0,-1.3410362,0.12458731234073639,0.9676113128662109,0.6798920631408691
YMR089C,YIL006W,0,-1.3425266,0.12456566840410233,0.9676113128662109,0.6800270080566406
YLR191W,YHR039C-A,0,-1.3425329,0.12454403191804886,0.9676113128662109,0.6801619529724121
YKL007W,YOR261C,0,-1.3432472,0.12452240288257599,0.9676113128662109,0.6802968978881836
YJR053W,YMR246W,0,-1.3435936,0.12450078129768372,0.9676113128662109,0.6804318428039551
YPR182W,YGR032W,0,-1.3445811,0.12447916716337204,0.9676113128662109,0.6805667877197266
YMR227C,YJR101W,0,-1.3446513,0.12445756047964096,0.9676113128662109,0.680701732635498
YKL190W,YNR015W,0,-1.3447366,0.12443596124649048,0.9676113128662109,0.6808366775512695
YLL003W,YLL027W,0,-1.3450472,0.1244143694639206,0.9676113128662109,0.6809716820716858
YIR026C,YFR028C,1,-1.3453782,0.12456627190113068,0.9689608812332153,0.6809716820716858
YPL064C,YLR321C,0,-1.3456752,0.1245446652173996,0.9689608812332153,0.6811066269874573
YCR014C,YEL070W,0,-1.3479114,0.12452306598424911,0.9689608812332153,0.6812415719032288
YGR052W,YNL231C,0,-1.3480028,0.12450147420167923,0.9689608812332153,0.6813765168190002
YDR383C,YNL092W,0,-1.3481395,0.12447988986968994,0.9689608812332153,0.6815114617347717
YJL103C,YLR164W,0,-1.3483262,0.12445831298828125,0.9689608812332153,0.6816464066505432
YJR112W,YAR031W,0,-1.3484275,0.12443674355745316,0.9689608812332153,0.6817813515663147
YOL028C,YPR160W,0,-1.3497325,0.12441518157720566,0.9689608812332153,0.681916356086731
YOR378W,YBR155W,0,-1.3500271,0.12439362704753876,0.9689608812332153,0.6820513010025024
YDL208W,YDR218C,0,-1.3503354,0.12437207996845245,0.9689608812332153,0.6821862459182739
YLR440C,YJR034W,0,-1.3508097,0.12435054033994675,0.9689608812332153,0.6823211908340454
YDR378C,YBR282W,0,-1.3508782,0.12432900071144104,0.9689608812332153,0.6824561357498169
YOL066C,YOL124C,0,-1.3520253,0.12430747598409653,0.9689608812332153,0.6825910806655884
YDR460W,YJL117W,0,-1.3529055,0.12428595870733261,0.9689608812332153,0.6827260255813599
YNL127W,YNR017W,0,-1.3530176,0.12426444888114929,0.9689608812332153,0.6828609704971313
YKL200C,YLR153C,0,-1.3532082,0.12424294650554657,0.9689608812332153,0.6829959750175476
YLR395C,YKR066C,0,-1.353267,0.12422145158052444,0.9689608812332153,0.6831309199333191
YMR218C,YDR403W,0,-1.3532765,0.12419996410608292,0.9689608812332153,0.6832658648490906
YDL140C,YFL017W-A,0,-1.3535187,0.12417848408222198,0.9689608812332153,0.6834008097648621
YJR151C,YDL245C,0,-1.3535728,0.12415701150894165,0.9689608812332153,0.6835357546806335
YLR047C,YLR268W,0,-1.3536355,0.12413554638624191,0.9689608812332153,0.683670699596405
YER151C,YCR011C,0,-1.3547738,0.12411408871412277,0.9689608812332153,0.6838056445121765
YBR196C,YOR323C,0,-1.3550578,0.12409263849258423,0.9689608812332153,0.6839406490325928
YLR203C,YOR313C,0,-1.3554574,0.12407119572162628,0.9689608812332153,0.6840755939483643
YMR013C,YMR078C,0,-1.3557314,0.12404976040124893,0.9689608812332153,0.6842105388641357
YPR194C,YEL062W,0,-1.3562961,0.12402833253145218,0.9689608812332153,0.6843454837799072
YFL045C,YNL284C,0,-1.3565784,0.12400691211223602,0.9689608812332153,0.6844804286956787
YLR361C,YOR090C,1,-1.356723,0.12415817379951477,0.970310389995575,0.6844804286956787
YGR282C,YOR304W,0,-1.3567622,0.12413673847913742,0.970310389995575,0.6846153736114502
YDR392W,YLR145W,0,-1.356876,0.12411531060934067,0.970310389995575,0.6847503185272217
YKL186C,YDR364C,0,-1.3573868,0.12409389019012451,0.970310389995575,0.6848852634429932
YMR194W,YNL282W,0,-1.3575402,0.12407247722148895,0.970310389995575,0.6850202679634094
YPL119C,YKL203C,0,-1.3583744,0.12405107170343399,0.970310389995575,0.6851552128791809
YDR030C,YCR093W,0,-1.3588166,0.12402967363595963,0.970310389995575,0.6852901577949524
YOR343W-B,YER137C-A,0,-1.3592657,0.12400827556848526,0.970310389995575,0.6854251027107239
YJL225C,YJL141C,0,-1.3595153,0.12398689240217209,0.970310389995575,0.6855600476264954
YGL030W,YGR239C,0,-1.359715,0.12396551668643951,0.970310389995575,0.6856949925422668
YBL079W,YKL095W,0,-1.3598603,0.12394414842128754,0.970310389995575,0.6858299374580383
YHR002W,YLR295C,0,-1.36057,0.12392278760671616,0.970310389995575,0.6859649419784546
YJL004C,YDR081C,0,-1.3609512,0.12390142679214478,0.970310389995575,0.6860998868942261
YOL093W,YER074W,0,-1.3613038,0.12388008087873459,0.970310389995575,0.6862348318099976
YDR512C,YLR028C,0,-1.3613503,0.123858742415905,0.970310389995575,0.686369776725769
YGR161W-B,YLR043C,0,-1.3614774,0.123837411403656,0.970310389995575,0.6865047216415405
YDR233C,YLR251W,0,-1.3615173,0.12381608039140701,0.970310389995575,0.686639666557312
YDL045W-A,YOL155C,0,-1.3617699,0.12379476428031921,0.970310389995575,0.6867746114730835
YLR130C,YLL017W,0,-1.3618548,0.12377345561981201,0.970310389995575,0.686909556388855
YDR174W,YPR043W,0,-1.3626404,0.1237521544098854,0.970310389995575,0.6870445609092712
YDL206W,YGR085C,0,-1.362649,0.1237308531999588,0.970310389995575,0.6871795058250427
YNL262W,YMR239C,0,-1.363115,0.12370956689119339,0.970310389995575,0.6873144507408142
YML099C,YAL029C,0,-1.3631912,0.12368828803300858,0.970310389995575,0.6874493956565857
YBR172C,YDL140C,0,-1.3634089,0.12366700917482376,0.970310389995575,0.6875843405723572
YOL004W,YLR391W,0,-1.3635274,0.12364574521780014,0.970310389995575,0.6877192854881287
YPR167C,YDL198C,0,-1.3642637,0.12362448126077652,0.970310389995575,0.6878542304039001
YDR233C,YEL041W,0,-1.3646066,0.12360323220491409,0.970310389995575,0.6879891753196716
YOR216C,YFL001W,0,-1.3646815,0.12358199059963226,0.970310389995575,0.6881241798400879
YOR142W-B,YJR103W,0,-1.3647671,0.12356074899435043,0.970310389995575,0.6882591247558594
YDR062W,YMR213W,0,-1.3650186,0.1235395222902298,0.970310389995575,0.6883940696716309
YDR081C,YLR042C,0,-1.3650966,0.12351829558610916,0.970310389995575,0.6885290145874023
YDR075W,YIR026C,1,-1.3658357,0.1236688420176506,0.9716598987579346,0.6885290145874023
YEL069C,YCL025C,0,-1.3675114,0.12364760786294937,0.9716598987579346,0.6886639595031738
YAL017W,YCR012W,0,-1.3679659,0.12362637370824814,0.9716598987579346,0.6887989044189453
YHR209W,YJL024C,0,-1.3682904,0.1236051470041275,0.9716598987579346,0.6889338493347168
YPR189W,YGL010W,0,-1.3695368,0.12358393520116806,0.9716598987579346,0.6890688538551331
YEL012W,YER137C-A,0,-1.3703444,0.12356272339820862,0.9716598987579346,0.6892037987709045
YPL276W,YFL014W,0,-1.3705615,0.12354152649641037,0.9716598987579346,0.689338743686676
YOR324C,YCR055C,0,-1.3710573,0.12352032959461212,0.9716598987579346,0.6894736886024475
YEL031W,YML109W,0,-1.3711026,0.12349914014339447,0.9716598987579346,0.689608633518219
YPL151C,YDL202W,0,-1.3718727,0.12347796559333801,0.9716598987579346,0.6897435784339905
YIL006W,YNR018W,0,-1.3723614,0.12345679104328156,0.9716598987579346,0.689878523349762
YGL237C,YCL057W,0,-1.372796,0.1234356239438057,0.9716598987579346,0.6900134682655334
YJL128C,YPR043W,0,-1.3729036,0.12341446429491043,0.9716598987579346,0.6901484727859497
YLR321C,YOR020C,0,-1.375015,0.12339331954717636,0.9716598987579346,0.6902834177017212
YLR209C,YAL039C,0,-1.3754218,0.12337217479944229,0.9716598987579346,0.6904183626174927
YEL037C,YFL066C,0,-1.3757858,0.12335103750228882,0.9716598987579346,0.6905533075332642
YMR033W,YOR313C,0,-1.3766758,0.12332990765571594,0.9716598987579346,0.6906882524490356
YDR144C,YGL241W,0,-1.3785257,0.12330878525972366,0.9716598987579346,0.6908231973648071
YNL127W,YBR115C,0,-1.3794208,0.12328767031431198,0.9716598987579346,0.6909581422805786
YPR187W,YOL124C,0,-1.3798717,0.1232665628194809,0.9716598987579346,0.6910931468009949
YAR002C-A,YOL026C,0,-1.3800781,0.12324546277523041,0.9716598987579346,0.6912280917167664
YGR109W-B,YNL084C,0,-1.3801494,0.12322437018156052,0.9716598987579346,0.6913630366325378
YLR208W,YER087C-B,0,-1.3806701,0.12320328503847122,0.9716598987579346,0.6914979815483093
YOR106W,YKL206C,0,-1.3808706,0.12318220734596252,0.9716598987579346,0.6916329264640808
YGR109W-B,YLR024C,0,-1.3808942,0.12316113710403442,0.9716598987579346,0.6917678713798523
YER014C-A,YGL162W,0,-1.3816452,0.12314007431268692,0.9716598987579346,0.6919028162956238
YPL099C,YJR040W,0,-1.3817518,0.12311901152133942,0.9716598987579346,0.6920377612113953
YIL061C,YKL082C,0,-1.3820491,0.1230979636311531,0.9716598987579346,0.6921727657318115
YLR316C,YLR145W,0,-1.3820884,0.1230769231915474,0.9716598987579346,0.692307710647583
YFL066C,YHR008C,0,-1.3821042,0.12305589020252228,0.9716598987579346,0.6924426555633545
YMR090W,YDL070W,0,-1.3821135,0.12303485721349716,0.9716598987579346,0.692577600479126
YGR252W,YHR082C,0,-1.3830216,0.12301383912563324,0.9716598987579346,0.6927125453948975
YNR017W,YKL064W,0,-1.3832064,0.12299282848834991,0.9716598987579346,0.692847490310669
YAL040C,YOR098C,0,-1.3832989,0.12297181785106659,0.9716598987579346,0.6929824352264404
YBL029C-A,YBR072W,0,-1.3834338,0.12295082211494446,0.9716598987579346,0.6931173801422119
YNL202W,YKR026C,0,-1.3837525,0.12292982637882233,0.9716598987579346,0.6932523846626282
YLR208W,YHR085W,0,-1.3838689,0.12290884554386139,0.9716598987579346,0.6933873295783997
YPL274W,YBR072W,0,-1.3839474,0.12288786470890045,0.9716598987579346,0.6935222744941711
YDR067C,YIL135C,0,-1.3840545,0.12286689132452011,0.9716598987579346,0.6936572194099426
YFL002W-B,YGR271W,0,-1.3847306,0.12284593284130096,0.9716598987579346,0.6937921643257141
YMR276W,YLR440C,0,-1.3873961,0.12282497435808182,0.9716598987579346,0.6939271092414856
YMR200W,YJR063W,0,-1.3876088,0.12280402332544327,0.9716598987579346,0.6940620541572571
YDR072C,YOL155C,0,-1.3884784,0.12278307974338531,0.9716598987579346,0.6941970586776733
YOR148C,YOR327C,0,-1.3884795,0.12276215106248856,0.9716598987579346,0.6943320035934448
YNR028W,YLR316C,0,-1.3887601,0.1227412223815918,0.9716598987579346,0.6944669485092163
YDL170W,YER087C-B,0,-1.3893151,0.12272030115127563,0.9716598987579346,0.6946018934249878
YER008C,YDR389W,0,-1.3899035,0.12269938737154007,0.9716598987579346,0.6947368383407593
YHR079C,YDR226W,0,-1.3904142,0.1226784810423851,0.9716598987579346,0.6948717832565308
YJR021C,YNL026W,0,-1.3906195,0.12265758216381073,0.9716598987579346,0.6950067281723022
YLL051C,YCL036W,0,-1.3924483,0.12263669073581696,0.9716598987579346,0.6951416730880737
YGL162W,YER115C,0,-1.3934765,0.12261580675840378,0.9716598987579346,0.69527667760849
YDR081C,YGL190C,0,-1.3939898,0.1225949227809906,0.9716598987579346,0.6954116225242615
YGL200C,YNL027W,0,-1.3942747,0.12257405370473862,0.9716598987579346,0.695546567440033
YMR077C,YKL201C,0,-1.3943453,0.12255319207906723,0.9716598987579346,0.6956815123558044
YKL022C,YNR072W,0,-1.3944578,0.12253233790397644,0.9716598987579346,0.6958164572715759
YLR244C,YGR199W,0,-1.3945501,0.12251148372888565,0.9716598987579346,0.6959514021873474
YPL276W,YLR401C,0,-1.3949715,0.12249064445495605,0.9716598987579346,0.6960863471031189
YIL142W,YBR192W,0,-1.3950211,0.12246980518102646,0.9716598987579346,0.6962213516235352
YEL069C,YLR151C,0,-1.3955076,0.12244898080825806,0.9716598987579346,0.6963562965393066
YER137C-A,YPR133W-A,0,-1.3956707,0.12242815643548965,0.9716598987579346,0.6964912414550781
YNL079C,YDR245W,0,-1.3970358,0.12240734696388245,0.9716598987579346,0.6966261863708496
YMR277W,YLR361C,1,-1.3973713,0.12255652248859406,0.973009467124939,0.6966261863708496
YBR081C,YDR332W,0,-1.3979111,0.12253569066524506,0.973009467124939,0.6967611312866211
YHR164C,YKR102W,0,-1.3979735,0.12251486629247665,0.973009467124939,0.6968960762023926
YOL103W-B,YFR021W,0,-1.3980622,0.12249405682086945,0.973009467124939,0.6970310211181641
YDR351W,YNR057C,0,-1.3983414,0.12247324734926224,0.973009467124939,0.6971659660339355
YLR191W,YJR092W,0,-1.3983997,0.12245244532823563,0.973009467124939,0.6973009705543518
YKL103C,YDR261W-A,0,-1.399503,0.12243165075778961,0.973009467124939,0.6974359154701233
YDR211W,YJR140C,0,-1.3995984,0.1224108636379242,0.973009467124939,0.6975708603858948
YDL245C,YOR349W,0,-1.3996077,0.12239008396863937,0.973009467124939,0.6977058053016663
YJL004C,YPR006C,0,-1.3999679,0.12236931174993515,0.973009467124939,0.6978407502174377
YOL057W,YOR123C,0,-1.4011229,0.12234854698181152,0.973009467124939,0.6979756951332092
YAL039C,YDR404C,0,-1.4014192,0.1223277896642685,0.973009467124939,0.6981106400489807
YNL231C,YOR349W,0,-1.4018602,0.12230703979730606,0.973009467124939,0.6982455849647522
YPR158C-C,YLR325C,0,-1.4027356,0.12228629738092422,0.973009467124939,0.6983805894851685
YKR056W,YKL206C,0,-1.403292,0.12226556241512299,0.973009467124939,0.6985155344009399
YNL027W,YNL208W,0,-1.4036899,0.12224482744932175,0.973009467124939,0.6986504793167114
YPL218W,YBR026C,0,-1.4062608,0.1222241073846817,0.973009467124939,0.6987854242324829
YJR026W,YHR058C,0,-1.4075358,0.12220338732004166,0.973009467124939,0.6989203691482544
YKL217W,YDR211W,0,-1.4078867,0.1221826821565628,0.973009467124939,0.6990553140640259
YPR189W,YLR321C,0,-1.4088345,0.12216197699308395,0.973009467124939,0.6991902589797974
YER137C-A,YOL111C,0,-1.4088526,0.1221412867307663,0.973009467124939,0.6993252635002136
YDR416W,YOR294W,0,-1.4092082,0.12212059646844864,0.973009467124939,0.6994602084159851
YDR210C-C,YDR109C,0,-1.4104166,0.12209991365671158,0.973009467124939,0.6995951533317566
YGL019W,YML109W,0,-1.4107554,0.12207923829555511,0.973009467124939,0.6997300982475281
YOR232W,YLR024C,0,-1.4109266,0.12205857783555984,0.973009467124939,0.6998650431632996
YIL134W,YMR300C,0,-1.4109373,0.12203791737556458,0.973009467124939,0.699999988079071
YBR294W,YNL147W,0,-1.4121293,0.1220172643661499,0.973009467124939,0.7001349329948425
YER125W,YGL174W,0,-1.4123566,0.12199661880731583,0.973009467124939,0.700269877910614
YDL197C,YIR005W,0,-1.4124517,0.12197598069906235,0.973009467124939,0.7004048824310303
YOR159C,YKL200C,0,-1.4125965,0.12195534259080887,0.973009467124939,0.7005398273468018
YOR297C,YOL054W,0,-1.4127309,0.12193471938371658,0.973009467124939,0.7006747722625732
YGR109W-B,YNL298W,0,-1.4132872,0.1219141036272049,0.973009467124939,0.7008097171783447
YCR011C,YGR089W,0,-1.4144565,0.1218934878706932,0.973009467124939,0.7009446620941162
YOL141W,YHR058C,0,-1.4149562,0.12187288701534271,0.973009467124939,0.7010796070098877
YJR138W,YOR194C,0,-1.4158814,0.12185229361057281,0.973009467124939,0.7012145519256592
YNR004W,YGR027C,0,-1.4169415,0.12183170020580292,0.973009467124939,0.7013495564460754
YML032C,YML045W-A,0,-1.4175371,0.12181111425161362,0.973009467124939,0.7014845013618469
YNL273W,YLR278C,0,-1.4175643,0.12179054319858551,0.973009467124939,0.7016194462776184
YGR056W,YDL148C,0,-1.4184428,0.1217699721455574,0.973009467124939,0.7017543911933899
YER055C,YMR097C,0,-1.4192328,0.1217494085431099,0.973009467124939,0.7018893361091614
YER055C,YKL074C,0,-1.4193602,0.12172885239124298,0.973009467124939,0.7020242810249329
YKL201C,YDR373W,0,-1.4194049,0.12170830368995667,0.973009467124939,0.7021592259407043
YAL033W,YDR254W,0,-1.419843,0.12168776243925095,0.973009467124939,0.7022941708564758
YLL034C,YNL259C,0,-1.4199438,0.12166722863912582,0.973009467124939,0.7024291753768921
YPL134C,YBR182C,0,-1.4203374,0.1216467022895813,0.973009467124939,0.7025641202926636
YLL033W,YLR301W,0,-1.4208465,0.12162618339061737,0.973009467124939,0.7026990652084351
YGL112C,YKL022C,0,-1.42134,0.12160566449165344,0.973009467124939,0.7028340101242065
YOR187W,YDR109C,0,-1.4214568,0.12158516049385071,0.973009467124939,0.702968955039978
YJR055W,YPL200W,0,-1.4219803,0.12156466394662857,0.973009467124939,0.7031038999557495
YDR082W,YGL148W,0,-1.4220963,0.12154416739940643,0.973009467124939,0.703238844871521
YOR340C,YOR351C,0,-1.4222047,0.12152367830276489,0.973009467124939,0.7033737897872925
YOR343W-B,YBR187W,0,-1.4222162,0.12150320410728455,0.973009467124939,0.7035087943077087
YMR020W,YLR348C,0,-1.4226296,0.1214827299118042,0.973009467124939,0.7036437392234802
YBR081C,YGR276C,0,-1.4228653,0.12146226316690445,0.973009467124939,0.7037786841392517
YBR177C,YNL192W,0,-1.4229918,0.1214418038725853,0.973009467124939,0.7039136290550232
YBR260C,YDR261C-D,0,-1.4231496,0.12142135202884674,0.973009467124939,0.7040485739707947
YNL078W,YBR061C,0,-1.4231515,0.12140090763568878,0.973009467124939,0.7041835188865662
YOL141W,YOL040C,0,-1.4231994,0.12138047069311142,0.973009467124939,0.7043184638023376
YMR176W,YNR060W,0,-1.4233484,0.12136004120111465,0.973009467124939,0.7044534683227539
YPL042C,YGR113W,0,-1.4235538,0.12133961915969849,0.973009467124939,0.7045884132385254
YFL045C,YPR138C,0,-1.4237423,0.12131919711828232,0.973009467124939,0.7047233581542969
YJL029C,YIR032C,0,-1.4238818,0.12129878997802734,0.973009467124939,0.7048583030700684
YML080W,YOR226C,0,-1.4239008,0.12127838283777237,0.973009467124939,0.7049932479858398
YCL014W,YJL004C,0,-1.4240813,0.12125799059867859,0.973009467124939,0.7051281929016113
YOL155C,YIL042C,0,-1.4241247,0.12123759835958481,0.973009467124939,0.7052631378173828
YGR161W-B,YIL135C,0,-1.4241552,0.12121721357107162,0.973009467124939,0.7053980827331543
YMR136W,YPR152C,0,-1.4244058,0.12119683623313904,0.973009467124939,0.7055330872535706
YMR020W,YMR250W,0,-1.4247682,0.12117647379636765,0.973009467124939,0.705668032169342
YOR142W-B,YJL178C,0,-1.4253827,0.12115611135959625,0.973009467124939,0.7058029770851135
YFL066C,YDR429C,0,-1.4255867,0.12113575637340546,0.973009467124939,0.705937922000885
YDR429C,YPL112C,0,-1.4256732,0.12111540138721466,0.973009467124939,0.7060728669166565
YLR305C,YPL273W,0,-1.4259576,0.12109506130218506,0.973009467124939,0.706207811832428
YLR020C,YDR261C-D,0,-1.4261286,0.12107472866773605,0.973009467124939,0.7063427567481995
YBL058W,YOL107W,0,-1.4264286,0.12105439603328705,0.973009467124939,0.7064777612686157
YJR070C,YDR083W,0,-1.4265853,0.12103407829999924,0.973009467124939,0.7066127061843872
YDR285W,YPL274W,0,-1.4269563,0.12101376056671143,0.973009467124939,0.7067476511001587
YCR057C,YPL183W-A,0,-1.426969,0.12099345773458481,0.973009467124939,0.7068825960159302
YDR083W,YLR410W-B,0,-1.4272455,0.12097315490245819,0.973009467124939,0.7070175409317017
YLR009W,YDR508C,0,-1.427937,0.12095285952091217,0.973009467124939,0.7071524858474731
YKR036C,YPL257W-B,0,-1.4280268,0.12093257158994675,0.973009467124939,0.7072874307632446
YMR241W,YOR098C,0,-1.4280328,0.12091229110956192,0.973009467124939,0.7074223756790161
YDR261C-D,YER046W,0,-1.4284227,0.12089201807975769,0.973009467124939,0.7075573801994324
YOR343W-B,YAL017W,0,-1.4288083,0.12087175250053406,0.973009467124939,0.7076923251152039
YDR079W,YJR040W,0,-1.4300437,0.12085149437189102,0.973009467124939,0.7078272700309753
YBR282W,YNL122C,0,-1.4311161,0.12083123624324799,0.973009467124939,0.7079622149467468
YMR241W,YLR410W-B,0,-1.4311236,0.12081099301576614,0.973009467124939,0.7080971598625183
YPR187W,YBR141C,0,-1.4311708,0.1207907497882843,0.973009467124939,0.7082321047782898
YDR419W,YOR187W,0,-1.4314587,0.12077052146196365,0.973009467124939,0.7083670496940613
YDL022W,YKR035W-A,0,-1.4316566,0.120750293135643,0.973009467124939,0.7085019946098328
YJR055W,YGL170C,0,-1.4317136,0.12073007225990295,0.973009467124939,0.708636999130249
YLR289W,YGL030W,0,-1.4323832,0.1207098588347435,0.973009467124939,0.7087719440460205
YDR245W,YCL014W,0,-1.4339337,0.12068965286016464,0.973009467124939,0.708906888961792
YBR177C,YER087C-B,0,-1.434116,0.12066945433616638,0.973009467124939,0.7090418338775635
YAL016W,YAL031C,1,-1.4343958,0.12081660330295563,0.9743589758872986,0.7090418338775635
YKR019C,YOR074C,0,-1.4352255,0.12079638242721558,0.9743589758872986,0.709176778793335
YOR098C,YLR309C,0,-1.4355509,0.12077617645263672,0.9743589758872986,0.7093117237091064
YLR105C,YML109W,0,-1.4376099,0.12075597792863846,0.9743589758872986,0.7094466686248779
YBR282W,YCR052W,0,-1.4376411,0.1207357868552208,0.9743589758872986,0.7095816731452942
YGL237C,YPL007C,0,-1.4377339,0.12071559578180313,0.9743589758872986,0.7097166180610657
YHR029C,YLL034C,0,-1.4383973,0.12069541960954666,0.9743589758872986,0.7098515629768372
YPR135W,YJL206C,0,-1.4384477,0.12067524343729019,0.9743589758872986,0.7099865078926086
YAR027W,YGR112W,0,-1.4384489,0.12065508216619492,0.9743589758872986,0.7101214528083801
YDR451C,YOL158C,0,-1.4385228,0.12063492089509964,0.9743589758872986,0.7102563977241516
YMR077C,YBR230C,0,-1.4391565,0.12061476707458496,0.9743589758872986,0.7103913426399231
YNL290W,YBL079W,0,-1.4399266,0.12059462070465088,0.9743589758872986,0.7105262875556946
YMR097C,YHL034C,0,-1.4400433,0.1205744817852974,0.9743589758872986,0.7106612920761108
YMR321C,YJL095W,0,-1.4403037,0.1205543503165245,0.9743589758872986,0.7107962369918823
YAR002C-A,YDL077C,0,-1.4403989,0.12053422629833221,0.9743589758872986,0.7109311819076538
YDL217C,YGR145W,0,-1.4406898,0.12051410228013992,0.9743589758872986,0.7110661268234253
YIL095W,YDR261W-A,0,-1.4425063,0.12049399316310883,0.9743589758872986,0.7112010717391968
YHR211W,YFR033C,0,-1.4444155,0.12047388404607773,0.9743589758872986,0.7113360166549683
YFR033C,YIR039C,0,-1.4444826,0.12045378983020782,0.9743589758872986,0.7114709615707397
YMR097C,YIL047C,0,-1.444721,0.12043369561433792,0.9743589758872986,0.711605966091156
YER049W,YIL035C,0,-1.444809,0.12041360884904861,0.9743589758872986,0.7117409110069275
YGR216C,YDR369C,0,-1.4450831,0.1203935295343399,0.9743589758872986,0.711875855922699
YKL166C,YMR176W,0,-1.4452901,0.12037345767021179,0.9743589758872986,0.7120108008384705
YLL002W,YBR093C,0,-1.4461381,0.12035339325666428,0.9743589758872986,0.7121457457542419
YGR288W,YNR021W,0,-1.4464693,0.12033333629369736,0.9743589758872986,0.7122806906700134
YJR021C,YLR390W,0,-1.4464866,0.12031327933073044,0.9743589758872986,0.7124156355857849
YJR005W,YMR172W,0,-1.4475383,0.12029323726892471,0.9743589758872986,0.7125505805015564
YKL103C,YGR077C,0,-1.4475667,0.12027319520711899,0.9743589758872986,0.7126855850219727
YGL244W,YFL017W-A,0,-1.4482287,0.12025316804647446,0.9743589758872986,0.7128205299377441
YNL050C,YNL147W,0,-1.448473,0.12023314088582993,0.9743589758872986,0.7129554748535156
YNL284C-A,YPL218W,0,-1.4490173,0.12021312117576599,0.9743589758872986,0.7130904197692871
YIR018W,YER115C,0,-1.4491678,0.12019310891628265,0.9743589758872986,0.7132253646850586
YGR258C,YGR268C,0,-1.4495223,0.12017310410737991,0.9743589758872986,0.7133603096008301
YKL217W,YOR275C,0,-1.4497337,0.12015310674905777,0.9743589758872986,0.7134952545166016
YPR080W,YMR301C,0,-1.4497726,0.12013310939073563,0.9743589758872986,0.7136302590370178
YJR006W,YKL082C,0,-1.4501112,0.12011312693357468,0.9743589758872986,0.7137652039527893
YKL009W,YCL004W,0,-1.4507356,0.12009314447641373,0.9743589758872986,0.7139001488685608
YLR043C,YDL015C,0,-1.4508119,0.12007317692041397,0.9743589758872986,0.7140350937843323
YBR195C,YCL024W,0,-1.4512054,0.12005320936441422,0.9743589758872986,0.7141700387001038
YLR009W,YHL034C,0,-1.4526951,0.12003324925899506,0.9743589758872986,0.7143049836158752
YLR191W,YPR002W,0,-1.4530857,0.1200132966041565,0.9743589758872986,0.7144399285316467
YPL093W,YMR229C,0,-1.4553113,0.11999335139989853,0.9743589758872986,0.7145748734474182
YLR389C,YJL206C,0,-1.4555622,0.11997341364622116,0.9743589758872986,0.7147098779678345
YNR057C,YNL307C,0,-1.4565179,0.11995348334312439,0.9743589758872986,0.714844822883606
YDR498C,YEL029C,0,-1.456671,0.11993355304002762,0.9743589758872986,0.7149797677993774
YOL010W,YGR089W,0,-1.4566863,0.11991363763809204,0.9743589758872986,0.7151147127151489
YPR191W,YNL084C,0,-1.4567969,0.11989372223615646,0.9743589758872986,0.7152496576309204
YGR169C,YFL057C,0,-1.4571422,0.11987381428480148,0.9743589758872986,0.7153846025466919
YLR285W,YDR449C,0,-1.4580915,0.1198539212346077,0.9743589758872986,0.7155195474624634
YPL252C,YPL218W,0,-1.4588196,0.11983402818441391,0.9743589758872986,0.7156544923782349
YPR091C,YNR028W,0,-1.4590201,0.11981413513422012,0.9743589758872986,0.7157894968986511
YOL103W-B,YLR129W,0,-1.4594054,0.11979425698518753,0.9743589758872986,0.7159244418144226
YGR169C,YML030W,0,-1.4597595,0.11977438628673553,0.9743589758872986,0.7160593867301941
YGR109W-B,YDL061C,0,-1.4603479,0.11975452303886414,0.9743589758872986,0.7161943316459656
YOR317W,YGL019W,0,-1.4605384,0.11973465979099274,0.9743589758872986,0.7163292765617371
YPL122C,YMR246W,0,-1.4606981,0.11971480399370193,0.9743589758872986,0.7164642214775085
YKL020C,YDR195W,0,-1.4607897,0.11969496309757233,0.9743589758872986,0.71659916639328
YDR378C,YJL024C,0,-1.4609127,0.11967512220144272,0.9743589758872986,0.7167341709136963
YER137C,YER002W,0,-1.461656,0.11965528875589371,0.9743589758872986,0.7168691158294678
YMR319C,YEL029C,0,-1.462086,0.11963546276092529,0.9743589758872986,0.7170040607452393
YDR090C,YNR004W,0,-1.462353,0.11961563676595688,0.9743589758872986,0.7171390056610107
YHR211W,YNL102W,0,-1.4626526,0.11959582567214966,0.9743589758872986,0.7172739505767822
YDL133C-A,YLL040C,0,-1.46276,0.11957602202892303,0.9743589758872986,0.7174088954925537
YMR182C,YDR240C,0,-1.4627666,0.11955621838569641,0.9743589758872986,0.7175438404083252
YFR003C,YDL188C,1,-1.4631371,0.11970198899507523,0.9757084846496582,0.7175438404083252
YNL032W,YER075C,1,-1.4636526,0.11984770745038986,0.9770580530166626,0.7175438404083252
YOL070C,YMR194W,0,-1.463921,0.11982787400484085,0.9770580530166626,0.7176787853240967
YHR002W,YGL037C,0,-1.4640937,0.11980804055929184,0.9770580530166626,0.7178137898445129
YJR006W,YKR026C,0,-1.4642036,0.11978822201490402,0.9770580530166626,0.7179487347602844
YOL086C,YBR061C,0,-1.4642158,0.1197684034705162,0.9770580530166626,0.7180836796760559
YLR410W-B,YLR033W,0,-1.4645585,0.11974859237670898,0.9770580530166626,0.7182186245918274
YLL051C,YHR214C-B,0,-1.4646107,0.11972878873348236,0.9770580530166626,0.7183535695075989
YNL102W,YBR093C,0,-1.465267,0.11970899254083633,0.9770580530166626,0.7184885144233704
YPR137C-A,YLR353W,0,-1.4654517,0.1196892037987709,0.9770580530166626,0.7186234593391418
YMR049C,YGL113W,0,-1.4658448,0.11966942250728607,0.9770580530166626,0.7187584638595581
YGR171C,YDR353W,0,-1.4665258,0.11964964121580124,0.9770580530166626,0.7188934087753296
YKL117W,YCL008C,0,-1.4666107,0.1196298748254776,0.9770580530166626,0.7190283536911011
YOR209C,YDR261W-A,0,-1.4666467,0.11961010843515396,0.9770580530166626,0.7191632986068726
YGL162W,YFL001W,0,-1.4669461,0.11959035694599152,0.9770580530166626,0.719298243522644
YJL034W,YER022W,0,-1.4671686,0.11957060545682907,0.9770580530166626,0.7194331884384155
YKR071C,YJR032W,0,-1.4674262,0.11955086141824722,0.9770580530166626,0.719568133354187
YAL060W,YHR209W,0,-1.4677625,0.11953111737966537,0.9770580530166626,0.7197030782699585
YDR026C,YNL178W,0,-1.4679537,0.11951138824224472,0.9770580530166626,0.7198380827903748
YOL165C,YGR105W,0,-1.4685292,0.11949166655540466,0.9770580530166626,0.7199730277061462
YKL200C,YNR002C,0,-1.4687362,0.1194719448685646,0.9770580530166626,0.7201079726219177
YOR219C,YCR046C,0,-1.4687561,0.11945223808288574,0.9770580530166626,0.7202429175376892
YOR209C,YNL052W,0,-1.468988,0.11943253129720688,0.9770580530166626,0.7203778624534607
YOL052C,YHR109W,0,-1.4692183,0.11941283196210861,0.9770580530166626,0.7205128073692322
YDR137W,YMR046C,0,-1.470511,0.11939314007759094,0.9770580530166626,0.7206477522850037
YDL216C,YNR072W,0,-1.4712479,0.11937345564365387,0.9770580530166626,0.7207826972007751
YNL085W,YBL089W,0,-1.4714491,0.1193537786602974,0.9770580530166626,0.7209177017211914
YOR054C,YCR046C,0,-1.4718821,0.11933410167694092,0.9770580530166626,0.7210526466369629
YOR297C,YPL113C,0,-1.472254,0.11931443959474564,0.9770580530166626,0.7211875915527344
YDR210C-C,YPL139C,0,-1.4723126,0.11929477751255035,0.9770580530166626,0.7213225364685059
YGR036C,YNL052W,0,-1.4723252,0.11927512288093567,0.9770580530166626,0.7214574813842773
YDL036C,YIR018W,0,-1.4725431,0.11925547569990158,0.9770580530166626,0.7215924263000488
YIL094C,YIR005W,0,-1.4726214,0.11923583596944809,0.9770580530166626,0.7217273712158203
YOR297C,YGR239C,0,-1.4727852,0.1192162036895752,0.9770580530166626,0.7218623757362366
YGR144W,YMR273C,0,-1.4737055,0.1191965788602829,0.9770580530166626,0.7219973206520081
YMR112C,YDR261W-A,0,-1.4737401,0.1191769540309906,0.9770580530166626,0.7221322655677795
YPL257W-B,YCR026C,0,-1.4738905,0.1191573366522789,0.9770580530166626,0.722267210483551
YOR142W-B,YPR162C,0,-1.4745156,0.1191377341747284,0.9770580530166626,0.7224021553993225
YLR157C,YGL226C-A,0,-1.4752524,0.11911813169717789,0.9770580530166626,0.722537100315094
YMR269W,YLR009W,0,-1.4757932,0.11909853667020798,0.9770580530166626,0.7226720452308655
YPR026W,YKL126W,0,-1.4758322,0.11907894909381866,0.9770580530166626,0.722806990146637
YLR130C,YNL182C,0,-1.4760063,0.11905936151742935,0.9770580530166626,0.7229419946670532
YJL225C,YGR177C,0,-1.4762667,0.11903978884220123,0.9770580530166626,0.7230769395828247
YMR117C,YNL232W,0,-1.4769838,0.11902022361755371,0.9770580530166626,0.7232118844985962
YOL103W-B,YPR026W,0,-1.4770718,0.11900065839290619,0.9770580530166626,0.7233468294143677
YBL089W,YMR296C,0,-1.4770755,0.11898110061883926,0.9770580530166626,0.7234817743301392
YBR042C,YKR068C,0,-1.4780319,0.11896155029535294,0.9770580530166626,0.7236167192459106
YER130C,YOR294W,0,-1.4780941,0.1189420074224472,0.9770580530166626,0.7237516641616821
YOR212W,YMR203W,0,-1.478336,0.11892247200012207,0.9770580530166626,0.7238866686820984
YKL203C,YLR321C,0,-1.4788733,0.11890293657779694,0.9770580530166626,0.7240216135978699
YBR059C,YML028W,0,-1.4791124,0.118883416056633,0.9770580530166626,0.7241565585136414
YOR343W-B,YLR316C,0,-1.4806054,0.11886389553546906,0.9770580530166626,0.7242915034294128
YDL045W-A,YGR027C,0,-1.4809377,0.11884438246488571,0.9770580530166626,0.7244264483451843
YIL021W,YNR057C,0,-1.4810238,0.11882488429546356,0.9770580530166626,0.7245613932609558
YKR036C,YCL024W,0,-1.4811294,0.11880537867546082,0.9770580530166626,0.7246963381767273
YFR031C,YCL014W,0,-1.481531,0.11878588795661926,0.9770580530166626,0.7248312830924988
YMR054W,YMR300C,0,-1.4815776,0.1187664046883583,0.9770580530166626,0.724966287612915
YLR359W,YKL172W,0,-1.4816478,0.11874692142009735,0.9770580530166626,0.7251012325286865
YDL015C,YCR012W,0,-1.4816751,0.11872745305299759,0.9770580530166626,0.725236177444458
YOR142W-B,YPL147W,0,-1.4817078,0.11870798468589783,0.9770580530166626,0.7253711223602295
YOR243C,YGR185C,0,-1.4817227,0.11868852376937866,0.9770580530166626,0.725506067276001
YPR194C,YLR145W,0,-1.4824913,0.1186690703034401,0.9770580530166626,0.7256410121917725
YDR233C,YJL085W,0,-1.4831213,0.11864962428808212,0.9770580530166626,0.725775957107544
YHR060W,YIL006W,0,-1.4833739,0.11863017827272415,0.9770580530166626,0.7259109020233154
YDL171C,YPR060C,0,-1.484459,0.11861074715852737,0.9770580530166626,0.7260459065437317
YDR498C,YGL216W,0,-1.4852448,0.1185913160443306,0.9770580530166626,0.7261808514595032
YAR002C-A,YEL053C,0,-1.4855704,0.11857189983129501,0.9770580530166626,0.7263157963752747
YJL024C,YDR304C,0,-1.485586,0.11855248361825943,0.9770580530166626,0.7264507412910461
YJL085W,YDR218C,0,-1.486029,0.11853307485580444,0.9770580530166626,0.7265856862068176
YAL033W,YLL012W,0,-1.4880958,0.11851366609334946,0.9770580530166626,0.7267206311225891
YEL070W,YDL170W,0,-1.4890456,0.11849427223205566,0.9770580530166626,0.7268555760383606
YOR142W-B,YHR074W,0,-1.4892054,0.11847487837076187,0.9770580530166626,0.7269905805587769
YPR144C,YIL139C,0,-1.4892464,0.11845549941062927,0.9770580530166626,0.7271255254745483
YDR310C,YKL064W,0,-1.4893523,0.11843612045049667,0.9770580530166626,0.7272604703903198
YMR049C,YDR210C-C,0,-1.4900737,0.11841674894094467,0.9770580530166626,0.7273954153060913
YMR269W,YMR186W,0,-1.4901783,0.11839738488197327,0.9770580530166626,0.7275303602218628
YFR001W,YLR278C,0,-1.4906998,0.11837802827358246,0.9770580530166626,0.7276653051376343
YJR107W,YHR168W,0,-1.4908063,0.11835867166519165,0.9770580530166626,0.7278002500534058
YDR454C,YNR010W,0,-1.4909183,0.11833932995796204,0.9770580530166626,0.7279351949691772
YMR061W,YNL147W,0,-1.4909242,0.11831998825073242,0.9770580530166626,0.7280701994895935
YJR138W,YLL012W,0,-1.4909877,0.1183006539940834,0.9770580530166626,0.728205144405365
YML052W,YBR192W,0,-1.4926922,0.11828132718801498,0.9770580530166626,0.7283400893211365
YER055C,YEL056W,0,-1.4926977,0.11826200783252716,0.9770580530166626,0.728475034236908
YCR014C,YNR002C,0,-1.4928645,0.11824268847703934,0.9770580530166626,0.7286099791526794
YDL107W,YJR082C,0,-1.4929333,0.11822338402271271,0.9770580530166626,0.7287449240684509
YHR002W,YNL284C,0,-1.4934521,0.11820407956838608,0.9770580530166626,0.7288798689842224
YBR247C,YOL155C,0,-1.4934566,0.11818478256464005,0.9770580530166626,0.7290148735046387
YNL050C,YPL112C,0,-1.4936059,0.1181655004620552,0.9770580530166626,0.7291498184204102
YKL082C,YHR058C,0,-1.4938936,0.11814621090888977,0.9770580530166626,0.7292847633361816
YPL139C,YGR077C,0,-1.4945215,0.11812693625688553,0.9770580530166626,0.7294197082519531
YNL027W,YML036W,0,-1.4951851,0.11810766905546188,0.9770580530166626,0.7295546531677246
YBL113C,YPR083W,0,-1.496648,0.11808840185403824,0.9770580530166626,0.7296895980834961
YLR410W-B,YNL335W,0,-1.4973304,0.11806914210319519,0.9770580530166626,0.7298245429992676
YDL217C,YHR082C,0,-1.498655,0.11804989725351334,0.9770580530166626,0.7299594879150391
YDR210C-C,YER115C,0,-1.4999235,0.11803065240383148,0.9770580530166626,0.7300944924354553
YER046W,YJR112W,0,-1.5010276,0.11801140755414963,0.9770580530166626,0.7302294373512268
YOR343W-B,YDL225W,0,-1.5016289,0.11799217760562897,0.9770580530166626,0.7303643822669983
YMR146C,YLR187W,0,-1.5016687,0.1179729476571083,0.9770580530166626,0.7304993271827698
YDR211W,YHR039C-A,0,-1.5035378,0.11795373260974884,0.9770580530166626,0.7306342720985413
YGR032W,YLR251W,0,-1.5041296,0.11793451756238937,0.9770580530166626,0.7307692170143127
YGR225W,YGL050W,0,-1.5053139,0.1179153099656105,0.9770580530166626,0.7309041619300842
YBR230C,YPR160W,0,-1.5053446,0.11789610981941223,0.9770580530166626,0.7310391068458557
YMR089C,YOR074C,0,-1.5061954,0.11787690967321396,0.9770580530166626,0.731174111366272
YGR175C,YIL140W,0,-1.5067508,0.11785772442817688,0.9770580530166626,0.7313090562820435
YLL012W,YDR261W-A,0,-1.507402,0.1178385391831398,0.9770580530166626,0.7314440011978149
YNL163C,YNR057C,0,-1.5077759,0.11781936883926392,0.9770580530166626,0.7315789461135864
YLR163C,YGR118W,0,-1.5083184,0.11780019849538803,0.9770580530166626,0.7317138910293579
YLL027W,YML036W,0,-1.5086766,0.11778102815151215,0.9770580530166626,0.7318488359451294
YBL005W-B,YLR219W,0,-1.5087705,0.11776187270879745,0.9770580530166626,0.7319837808609009
YLR312W-A,YGL051W,0,-1.5088589,0.11774272471666336,0.9770580530166626,0.7321187853813171
YNL147W,YJL134W,0,-1.5096614,0.11772357672452927,0.9770580530166626,0.7322537302970886
YML028W,YGR113W,0,-1.5098805,0.11770443618297577,0.9770580530166626,0.7323886752128601
YBL076C,YDR222W,0,-1.5103744,0.11768530309200287,0.9770580530166626,0.7325236201286316
YBR081C,YER014C-A,0,-1.5113032,0.11766617745161057,0.9770580530166626,0.7326585650444031
YOR142W-A,YMR115W,0,-1.511892,0.11764705926179886,0.9770580530166626,0.7327935099601746
YML032C,YHR132C,0,-1.5123031,0.11762794107198715,0.9770580530166626,0.732928454875946
YBR170C,YKL124W,0,-1.5123787,0.11760883778333664,0.9770580530166626,0.7330633997917175
YPL180W,YLR353W,0,-1.5125089,0.11758973449468613,0.9770580530166626,0.7331984043121338
YGR109W-B,YER008C,0,-1.5125408,0.11757063865661621,0.9770580530166626,0.7333333492279053
YPL274W,YLL033W,0,-1.5133686,0.11755155026912689,0.9770580530166626,0.7334682941436768
YER014C-A,YDR296W,0,-1.5135939,0.11753246933221817,0.9770580530166626,0.7336032390594482
YNR015W,YNL298W,0,-1.5136485,0.11751338839530945,0.9770580530166626,0.7337381839752197
YDR261C-D,YGR095C,0,-1.5137775,0.11749432235956192,0.9770580530166626,0.7338731288909912
YLR256W-A,YBR230C,0,-1.5143816,0.11747525632381439,0.9770580530166626,0.7340080738067627
YGL237C,YLR344W,0,-1.5152049,0.11745619773864746,0.9770580530166626,0.734143078327179
YGR020C,YER019C-A,0,-1.5157398,0.11743714660406113,0.9770580530166626,0.7342780232429504
YLR410W-B,YDR470C,0,-1.5163486,0.11741810292005539,0.9770580530166626,0.7344129681587219
YDL035C,YDR470C,0,-1.5164192,0.11739905923604965,0.9770580530166626,0.7345479130744934
YER014C-A,YPL050C,0,-1.5168374,0.11738002300262451,0.9770580530166626,0.7346828579902649
YOR212W,YMR061W,0,-1.5169848,0.11736100167036057,0.9770580530166626,0.7348178029060364
YER145C,YDR416W,0,-1.5170913,0.11734198033809662,0.9770580530166626,0.7349527478218079
YJL225C,YFL045C,0,-1.5180612,0.11732295900583267,0.9770580530166626,0.7350876927375793
YNL284C-A,YCL014W,0,-1.5184643,0.11730395257472992,0.9770580530166626,0.7352226972579956
YLR256W-A,YHR119W,0,-1.5186609,0.11728495359420776,0.9770580530166626,0.7353576421737671
YPR135W,YPL098C,0,-1.5188951,0.11726595461368561,0.9770580530166626,0.7354925870895386
YDR233C,YOR340C,0,-1.519433,0.11724696308374405,0.9770580530166626,0.7356275320053101
YGL180W,YAL031C,0,-1.5195059,0.11722797900438309,0.9770580530166626,0.7357624769210815
YPR113W,YGR222W,0,-1.5201325,0.11720900237560272,0.9770580530166626,0.735897421836853
YER190W,YIR032C,0,-1.5201962,0.11719002574682236,0.9770580530166626,0.7360323667526245
YPR158C-C,YDR405W,0,-1.520606,0.11717106401920319,0.9770580530166626,0.736167311668396
YPL257W-B,YIL159W,0,-1.5210395,0.11715210229158401,0.9770580530166626,0.7363023161888123
YOL103W-B,YPR149W,0,-1.5218277,0.11713314801454544,0.9770580530166626,0.7364372611045837
YBR042C,YLR088W,0,-1.5218635,0.11711420118808746,0.9770580530166626,0.7365722060203552
YOR142W-B,YPR198W,0,-1.522486,0.11709526181221008,0.9770580530166626,0.7367071509361267
YDR026C,YNR018W,0,-1.522503,0.1170763224363327,0.9770580530166626,0.7368420958518982
YDR423C,YNL259C,0,-1.5227365,0.11705739796161652,0.9770580530166626,0.7369770407676697
YPL257W-B,YFL048C,0,-1.5228176,0.11703847348690033,0.9770580530166626,0.7371119856834412
YBR177C,YCR026C,0,-1.5230885,0.11701955646276474,0.9770580530166626,0.7372469902038574
YGR109W-B,YPL011C,0,-1.5234264,0.11700064688920975,0.9770580530166626,0.7373819351196289
YNL314W,YNL102W,0,-1.5240129,0.11698174476623535,0.9770580530166626,0.7375168800354004
YAL063C,YOR168W,0,-1.5241156,0.11696284264326096,0.9770580530166626,0.7376518249511719
YBR202W,YHR135C,0,-1.5250552,0.11694394797086716,0.9770580530166626,0.7377867698669434
YOR378W,YOR382W,0,-1.5251093,0.11692506819963455,0.9770580530166626,0.7379217147827148
YHR164C,YBR281C,0,-1.5269586,0.11690618097782135,0.9770580530166626,0.7380566596984863
YFR045W,YOR382W,0,-1.5281212,0.11688730865716934,0.9770580530166626,0.7381916046142578
YCR080W,YGL190C,0,-1.5283892,0.11686844378709793,0.9770580530166626,0.7383266091346741
YMR180C,YPL244C,0,-1.5286939,0.11684957891702652,0.9770580530166626,0.7384615540504456
YLR410W-A,YIL076W,0,-1.5288737,0.1168307214975357,0.9770580530166626,0.738596498966217
YGR268C,YHR039C-A,0,-1.5289881,0.11681187152862549,0.9770580530166626,0.7387314438819885
YFL038C,YPR135W,0,-1.5292237,0.11679302901029587,0.9770580530166626,0.73886638879776
YHR047C,YLR410W-B,0,-1.5293937,0.11677419394254684,0.9770580530166626,0.7390013337135315
YGR285C,YOR377W,0,-1.5294384,0.11675535887479782,0.9770580530166626,0.739136278629303
YDL246C,YOR292C,0,-1.5309482,0.11673653870820999,0.9770580530166626,0.7392712831497192
YOR168W,YGR145W,0,-1.5312204,0.11671771854162216,0.9770580530166626,0.7394062280654907
YDR064W,YLR256W-A,0,-1.5314908,0.11669890582561493,0.9770580530166626,0.7395411729812622
YKL096W-A,YFL045C,0,-1.5321631,0.1166800931096077,0.9770580530166626,0.7396761178970337
YOR378W,YKL144C,0,-1.5324633,0.11666129529476166,0.9770580530166626,0.7398110628128052
YFR031C,YJL176C,0,-1.5326331,0.11664249747991562,0.9770580530166626,0.7399460077285767
YCL014W,YOR298W,0,-1.5329574,0.11662371456623077,0.9770580530166626,0.7400809526443481
YDL029W,YNL070W,0,-1.533058,0.11660493165254593,0.9770580530166626,0.7402158975601196
YER008C,YOR089C,0,-1.5332742,0.11658614873886108,0.9770580530166626,0.7403509020805359
YMR172W,YNL290W,0,-1.5342507,0.11656738072633743,0.9770580530166626,0.7404858469963074
YER049W,YPL064C,0,-1.535258,0.11654861271381378,0.9770580530166626,0.7406207919120789
YDR476C,YOR351C,0,-1.5358001,0.11652985960245132,0.9770580530166626,0.7407557368278503
YLR227W-B,YMR210W,0,-1.5361497,0.11651110649108887,0.9770580530166626,0.7408906817436218
YOR212W,YMR229C,0,-1.5364277,0.116492360830307,0.9770580530166626,0.7410256266593933
YPR137C-A,YIL143C,0,-1.5365942,0.11647361516952515,0.9770580530166626,0.7411605715751648
YGL244W,YJR031C,0,-1.5370865,0.11645488440990448,0.9770580530166626,0.741295576095581
YLR182W,YJL134W,0,-1.537857,0.11643615365028381,0.9770580530166626,0.7414305210113525
YGR238C,YNL078W,0,-1.538022,0.11641743034124374,0.9770580530166626,0.741565465927124
YNL127W,YPL218W,0,-1.5380855,0.11639871448278427,0.9770580530166626,0.7417004108428955
YPL094C,YOR239W,0,-1.538888,0.1163800060749054,0.9770580530166626,0.741835355758667
YJR070C,YOR237W,0,-1.5392175,0.11636129766702652,0.9770580530166626,0.7419703006744385
YGR264C,YMR180C,0,-1.539489,0.11634259670972824,0.9770580530166626,0.74210524559021
YPR158C-C,YDR076W,0,-1.5405104,0.11632391065359116,0.9770580530166626,0.7422401905059814
YHL012W,YML045W-A,0,-1.5407311,0.11630522459745407,0.9770580530166626,0.7423751950263977
YBR042C,YDR218C,0,-1.5409393,0.11628653854131699,0.9770580530166626,0.7425101399421692
YBR128C,YGL226C-A,0,-1.5415933,0.1162678673863411,0.9770580530166626,0.7426450848579407
YER137C-A,YDR403W,0,-1.5416062,0.1162491962313652,0.9770580530166626,0.7427800297737122
YPL200W,YGR084C,0,-1.5419352,0.11623053252696991,0.9770580530166626,0.7429149746894836
YGR252W,YNL078W,0,-1.5425951,0.11621187627315521,0.9770580530166626,0.7430499196052551
YBR059C,YLR227W-B,0,-1.5430312,0.11619322746992111,0.9770580530166626,0.7431848645210266
YDR369C,YLR270W,0,-1.5431243,0.11617458611726761,0.9770580530166626,0.7433198094367981
YMR112C,YOL093W,0,-1.5444257,0.1161559447646141,0.9770580530166626,0.7434548139572144
YLR080W,YCR097WB,0,-1.5452459,0.1161373108625412,0.9770580530166626,0.7435897588729858
YDR167W,YBL076C,0,-1.5453501,0.11611868441104889,0.9770580530166626,0.7437247037887573
YJL030W,YPL257W-B,0,-1.5459398,0.11610006541013718,0.9770580530166626,0.7438596487045288
YNL258C,YDR138W,0,-1.5461161,0.11608144640922546,0.9770580530166626,0.7439945936203003
YJR127C,YJR006W,0,-1.5464895,0.11606284230947495,0.9770580530166626,0.7441295385360718
YBR260C,YER171W,0,-1.5468943,0.11604423820972443,0.9770580530166626,0.7442644834518433
YPR111W,YOR297C,0,-1.5473278,0.1160256415605545,0.9770580530166626,0.7443994879722595
YPL213W,YDL245C,0,-1.5474086,0.11600705236196518,0.9770580530166626,0.744534432888031
YOL103W-B,YHL027W,0,-1.5488238,0.11598846316337585,0.9770580530166626,0.7446693778038025
YGR109W-B,YNL163C,0,-1.5493174,0.11596988886594772,0.9770580530166626,0.744804322719574
YLR105C,YLR425W,0,-1.5514344,0.11595131456851959,0.9770580530166626,0.7449392676353455
YOR142W-B,YGL220W,0,-1.5514956,0.11593274772167206,0.9770580530166626,0.7450742125511169
YLL041C,YPL257W-B,0,-1.551595,0.11591418832540512,0.9770580530166626,0.7452091574668884
YPL112C,YOL108C,0,-1.5518625,0.11589562892913818,0.9770580530166626,0.7453441023826599
YBR223C,YBR067C,0,-1.5523056,0.11587707698345184,0.9770580530166626,0.7454791069030762
YDR196C,YLR153C,0,-1.5523896,0.1158585399389267,0.9770580530166626,0.7456140518188477
YLR410W-B,YML036W,0,-1.5527266,0.11584000289440155,0.9770580530166626,0.7457489967346191
YER014C-A,YHR179W,0,-1.5532119,0.1158214658498764,0.9770580530166626,0.7458839416503906
YPL274W,YJL149W,0,-1.5532403,0.11580294370651245,0.9770580530166626,0.7460188865661621
YGR169C,YGR145W,0,-1.5535401,0.1157844215631485,0.9770580530166626,0.7461538314819336
YKL175W,YKL172W,0,-1.5536531,0.11576590687036514,0.9770580530166626,0.7462887763977051
YPL200W,YDR245W,0,-1.5539515,0.11574739962816238,0.9770580530166626,0.7464237809181213
YLR028C,YPR125W,0,-1.5547779,0.11572889983654022,0.9770580530166626,0.7465587258338928
YLR256W-A,YNL258C,0,-1.5551775,0.11571040749549866,0.9770580530166626,0.7466936707496643
YJR032W,YMR240C,0,-1.5554998,0.11569191515445709,0.9770580530166626,0.7468286156654358
YAL063C,YMR145C,0,-1.5557028,0.11567343026399612,0.9770580530166626,0.7469635605812073
YJR107W,YMR194W,0,-1.5558006,0.11565495282411575,0.9770580530166626,0.7470985054969788
YFR029W,YKL165C,0,-1.555815,0.11563648283481598,0.9770580530166626,0.7472334504127502
YKL190W,YLL027W,0,-1.5559494,0.1156180128455162,0.9770580530166626,0.7473683953285217
YNL261W,YBR261C,0,-1.5561353,0.11559955030679703,0.9770580530166626,0.747503399848938
YKL119C,YNL107W,0,-1.5562658,0.11558109521865845,0.9770580530166626,0.7476383447647095
YLR440C,YIL047C,0,-1.5567179,0.11556264758110046,0.9770580530166626,0.747773289680481
YDR026C,YLR390W,0,-1.5570358,0.11554420739412308,0.9770580530166626,0.7479082345962524
YNL273W,YIL135C,0,-1.5570523,0.11552576720714569,0.9770580530166626,0.7480431795120239
YNL202W,YKL096W-A,0,-1.5572221,0.1155073419213295,0.9770580530166626,0.7481781244277954
YHR211W,YBL076C,0,-1.5573163,0.1154889166355133,0.9770580530166626,0.7483130693435669
YKR054C,YDR138W,0,-1.5574322,0.11547049134969711,0.9770580530166626,0.7484480142593384
YNR004W,YIL021W,0,-1.5574927,0.11545208096504211,0.9770580530166626,0.7485830187797546
YNL095C,YIL035C,0,-1.5590801,0.11543367058038712,0.9770580530166626,0.7487179636955261
YLR105C,YMR308C,0,-1.5597696,0.11541527509689331,0.9770580530166626,0.7488529086112976
YPR137C-A,YLL041C,0,-1.5609293,0.1153968796133995,0.9770580530166626,0.7489878535270691
YMR039C,YMR033W,0,-1.5614874,0.1153784841299057,0.9770580530166626,0.7491227984428406
YDR498C,YLR321C,0,-1.5615573,0.11536010354757309,0.9770580530166626,0.7492577433586121
YNR057C,YOL108C,0,-1.5616403,0.11534172296524048,0.9770580530166626,0.7493926882743835
YBR020W,YJL030W,0,-1.5617386,0.11532334983348846,0.9770580530166626,0.7495276927947998
YKL217W,YMR099C,0,-1.5618333,0.11530498415231705,0.9770580530166626,0.7496626377105713
YDR210C-C,YGR239C,0,-1.5618429,0.11528662592172623,0.9770580530166626,0.7497975826263428
YJL034W,YLR295C,0,-1.5624553,0.1152682676911354,0.9770580530166626,0.7499325275421143
YCL004W,YOL062C,0,-1.5626334,0.11524991691112518,0.9770580530166626,0.7500674724578857
YPR196W,YMR239C,0,-1.5632071,0.11523157358169556,0.9770580530166626,0.7502024173736572
YGL226C-A,YHR082C,0,-1.5633118,0.11521323770284653,0.9770580530166626,0.7503373622894287
YER049W,YDR210C-C,0,-1.5636306,0.1151949092745781,0.9770580530166626,0.7504723072052002
YNL052W,YLR391W,0,-1.5638039,0.11517658084630966,0.9770580530166626,0.7506073117256165
YMR005W,YDL179W,0,-1.5641906,0.11515825986862183,0.9770580530166626,0.7507422566413879
YNL085W,YJL085W,0,-1.5642693,0.11513994634151459,0.9770580530166626,0.7508772015571594
YMR112C,YIL046W,0,-1.5644231,0.11512164026498795,0.9770580530166626,0.7510121464729309
YER175C,YBR072W,0,-1.5644714,0.1151033416390419,0.9770580530166626,0.7511470913887024
YNL284C-A,YJL130C,0,-1.566546,0.11508504301309586,0.9770580530166626,0.7512820363044739
YGL037C,YPL259C,0,-1.5668765,0.11506675183773041,0.9770580530166626,0.7514169812202454
YLR203C,YPR204W,0,-1.5676851,0.11504846811294556,0.9770580530166626,0.7515519857406616
YDL217C,YLR410W-A,0,-1.5679097,0.1150301843881607,0.9770580530166626,0.7516869306564331
YFR018C,YOR353C,0,-1.568135,0.11501191556453705,0.9770580530166626,0.7518218755722046
YDL245C,YML132W,0,-1.568523,0.11499364674091339,0.9770580530166626,0.7519568204879761
YKL097W-A,YER104W,0,-1.5689079,0.11497538536787033,0.9770580530166626,0.7520917654037476
YML097C,YJR032W,0,-1.5689461,0.11495713144540787,0.9770580530166626,0.752226710319519
YDR167W,YPL257W-B,0,-1.5695472,0.1149388775229454,0.9770580530166626,0.7523616552352905
YEL052W,YPR137C-A,0,-1.5696839,0.11492063850164413,0.9770580530166626,0.752496600151062
YMR038C,YMR087W,0,-1.5699892,0.11490239948034286,0.9770580530166626,0.7526316046714783
YNR006W,YCR046C,0,-1.5700768,0.1148841604590416,0.9770580530166626,0.7527665495872498
YOL045W,YGR252W,0,-1.5709367,0.11486593633890152,0.9770580530166626,0.7529014945030212
YOR382W,YOR324C,0,-1.5721844,0.11484771221876144,0.9770580530166626,0.7530364394187927
YPL007C,YMR099C,0,-1.5725144,0.11482950299978256,0.9770580530166626,0.7531713843345642
YPR158C-C,YMR038C,0,-1.5726788,0.11481129378080368,0.9770580530166626,0.7533063292503357
YOL045W,YLR256W-A,0,-1.5727555,0.1147930845618248,0.9770580530166626,0.7534412741661072
YPL002C,YJL081C,0,-1.5731757,0.11477489024400711,0.9770580530166626,0.7535762190818787
YBL005W-B,YCR097WB,0,-1.5732198,0.11475669592618942,0.9770580530166626,0.7537112236022949
YGR225W,YDR381C-A,0,-1.5732327,0.11473850905895233,0.9770580530166626,0.7538461685180664
YER168C,YNL175C,0,-1.5734425,0.11472032964229584,0.9770580530166626,0.7539811134338379
YFR003C,YPR073C,1,-1.5739522,0.11486057937145233,0.9784075617790222,0.7539811134338379
YER049W,YNL262W,0,-1.5739908,0.11484238505363464,0.9784075617790222,0.7541160583496094
YML045W-A,YDL047W,0,-1.5743148,0.11482419818639755,0.9784075617790222,0.7542510032653809
YOR388C,YOL155C,0,-1.5752728,0.11480601876974106,0.9784075617790222,0.7543859481811523
YOR343W-B,YOL107W,0,-1.5755816,0.11478783935308456,0.9784075617790222,0.7545208930969238
YDL074C,YBL034C,0,-1.5756327,0.11476966738700867,0.9784075617790222,0.7546558976173401
YJL171C,YDL045C,0,-1.5764406,0.11475150287151337,0.9784075617790222,0.7547908425331116
YDR518W,YDL040C,0,-1.5769899,0.11473334580659866,0.9784075617790222,0.7549257874488831
YMR093W,YOR324C,0,-1.5774875,0.11471518874168396,0.9784075617790222,0.7550607323646545
YCL003W,YDL170W,0,-1.5775275,0.11469703912734985,0.9784075617790222,0.755195677280426
YNR021W,YNR018W,0,-1.5776613,0.11467889696359634,0.9784075617790222,0.7553306221961975
YPR182W,YGR185C,0,-1.5779154,0.11466076225042343,0.9784075617790222,0.755465567111969
YLR227W-B,YLL033W,0,-1.5780766,0.11464262753725052,0.9784075617790222,0.7556005120277405
YNL284C-A,YGR012W,0,-1.578634,0.1146245077252388,0.9784075617790222,0.7557355165481567
YER050C,YBR066C,0,-1.5789646,0.11460638791322708,0.9784075617790222,0.7558704614639282
YNL006W,YLR227W-B,0,-1.5790383,0.11458827555179596,0.9784075617790222,0.7560054063796997
YKR020W,YNL282W,0,-1.5793431,0.11457016319036484,0.9784075617790222,0.7561403512954712
YCR030C,YOR142W-A,0,-1.5819482,0.11455205827951431,0.9784075617790222,0.7562752962112427
YOR142W-A,YIL159W,0,-1.5821722,0.11453396826982498,0.9784075617790222,0.7564102411270142
YKL119C,YNL284C-A,0,-1.5824616,0.11451587080955505,0.9784075617790222,0.7565451860427856
YLR227W-B,YGR143W,0,-1.5825084,0.11449778825044632,0.9784075617790222,0.7566801905632019
YHR056C,YML052W,0,-1.582759,0.11447971314191818,0.9784075617790222,0.7568151354789734
YGL225W,YGR239C,0,-1.5831168,0.11446163803339005,0.9784075617790222,0.7569500803947449
YHR179W,YIL020C,0,-1.5833721,0.1144435703754425,0.9784075617790222,0.7570850253105164
YER049W,YDR306C,0,-1.5835919,0.11442550271749496,0.9784075617790222,0.7572199702262878
YDR512C,YBR081C,0,-1.5842797,0.11440744996070862,0.9784075617790222,0.7573549151420593
YJL166W,YOR232W,0,-1.5843105,0.11438939720392227,0.9784075617790222,0.7574898600578308
YBR128C,YDR261W-A,0,-1.5845251,0.11437135189771652,0.9784075617790222,0.7576248049736023
YMR284W,YDR229W,0,-1.5854187,0.11435331404209137,0.9784075617790222,0.7577598094940186
YGL259W,YER190W,0,-1.585479,0.11433527618646622,0.9784075617790222,0.75789475440979
YOR243C,YMR194W,0,-1.586237,0.11431725323200226,0.9784075617790222,0.7580296993255615
YPR137C-A,YHR074W,0,-1.58655,0.1142992302775383,0.9784075617790222,0.758164644241333
YLR227W-B,YJR053W,0,-1.58744,0.11428120732307434,0.9784075617790222,0.7582995891571045
YKL174C,YML036W,0,-1.5875695,0.11426319926977158,0.9784075617790222,0.758434534072876
YMR117C,YJR070C,0,-1.587704,0.11424519121646881,0.9784075617790222,0.7585694789886475
YLR312W-A,YDR449C,0,-1.5880487,0.11422719061374664,0.9784075617790222,0.758704423904419
YOR142W-A,YHR174W,0,-1.589257,0.11420919746160507,0.9784075617790222,0.7588394284248352
YEL069C,YKR019C,0,-1.5899913,0.1141912117600441,0.9784075617790222,0.7589743733406067
YMR061W,YDL039C,0,-1.5901065,0.11417322605848312,0.9784075617790222,0.7591093182563782
YDR079W,YPL007C,0,-1.5902612,0.11415524780750275,0.9784075617790222,0.7592442631721497
YLR410W-B,YLR309C,0,-1.5908564,0.11413727700710297,0.9784075617790222,0.7593792080879211
YJL112W,YIR011C,0,-1.5911186,0.11411931365728378,0.9784075617790222,0.7595141530036926
YHR209W,YNR044W,0,-1.5923519,0.1141013503074646,0.9784075617790222,0.7596490979194641
YPL119C,YKL001C,0,-1.5927327,0.11408340185880661,0.9784075617790222,0.7597841024398804
YDR304C,YJL029C,0,-1.5927825,0.11406545341014862,0.9784075617790222,0.7599190473556519
YBL011W,YGL019W,0,-1.5929415,0.11404750496149063,0.9784075617790222,0.7600539922714233
YPR030W,YIR032C,0,-1.5932324,0.11402957141399384,0.9784075617790222,0.7601889371871948
YFR052W,YOR285W,0,-1.5933746,0.11401163786649704,0.9784075617790222,0.7603238821029663
YDR296W,YMR137C,0,-1.5935366,0.11399371176958084,0.9784075617790222,0.7604588270187378
YPR204W,YDR364C,0,-1.5937163,0.11397579312324524,0.9784075617790222,0.7605937719345093
YBR202W,YMR321C,0,-1.5950179,0.11395787447690964,0.9784075617790222,0.7607287168502808
YGR285C,YOL052C,0,-1.595147,0.11393996328115463,0.9784075617790222,0.760863721370697
YMR087W,YLR410W-B,0,-1.5953088,0.11392205953598022,0.9784075617790222,0.7609986662864685
YDL217C,YER017C,0,-1.5955219,0.11390416324138641,0.9784075617790222,0.76113361120224
YLR256W-A,YAR035W,0,-1.595533,0.1138862743973732,0.9784075617790222,0.7612685561180115
YJL034W,YOR123C,0,-1.595715,0.11386838555335999,0.9784075617790222,0.761403501033783
YMR241W,YDL078C,0,-1.5958096,0.11385050415992737,0.9784075617790222,0.7615384459495544
YGR123C,YIR026C,1,-1.596098,0.11398963630199432,0.9797570705413818,0.7615384459495544
YOR304W,YJL214W,0,-1.5962689,0.11397174000740051,0.9797570705413818,0.7616733908653259
YOR054C,YOL111C,0,-1.5964428,0.1139538511633873,0.9797570705413818,0.7618083953857422
YOR168W,YGL050W,0,-1.5969244,0.11393596976995468,0.9797570705413818,0.7619433403015137
YFL035C,YDR392W,0,-1.597388,0.11391808837652206,0.9797570705413818,0.7620782852172852
YPR198W,YBL026W,0,-1.5974941,0.11390022188425064,0.9797570705413818,0.7622132301330566
YKL203C,YIL159W,0,-1.5978208,0.11388235539197922,0.9797570705413818,0.7623481750488281
YLR404W,YJL053W,0,-1.5978649,0.1138644888997078,0.9797570705413818,0.7624831199645996
YNL172W,YER052C,0,-1.5978833,0.11384663730859756,0.9797570705413818,0.7626180648803711
YDL028C,YHR041C,0,-1.598058,0.11382878571748734,0.9797570705413818,0.7627530097961426
YPL127C,YGL026C,0,-1.5981693,0.1138109415769577,0.9797570705413818,0.7628880143165588
YNL231C,YFR052W,0,-1.598353,0.11379310488700867,0.9797570705413818,0.7630229592323303
YLR383W,YKL144C,0,-1.5984833,0.11377526819705963,0.9797570705413818,0.7631579041481018
YLL061W,YLL040C,0,-1.5986184,0.11375744640827179,0.9797570705413818,0.7632928490638733
YPL257W-B,YOL054W,0,-1.5990487,0.11373961716890335,0.9797570705413818,0.7634277939796448
YJR149W,YJR026W,0,-1.5992923,0.1137218028306961,0.9797570705413818,0.7635627388954163
YPR137C-A,YDL202W,0,-1.599344,0.11370399594306946,0.9797570705413818,0.7636976838111877
YDL107W,YLR312W-A,0,-1.5995352,0.11368618905544281,0.9797570705413818,0.763832688331604
YKL174C,YAL024C,0,-1.5995831,0.11366838961839676,0.9797570705413818,0.7639676332473755
YOR323C,YOR222W,0,-1.6001722,0.1136505976319313,0.9797570705413818,0.764102578163147
YPL151C,YLR227W-B,0,-1.6002313,0.11363280564546585,0.9797570705413818,0.7642375230789185
YCL014W,YNL208W,0,-1.600462,0.113615021109581,0.9797570705413818,0.7643724679946899
YPR158C-C,YJL103C,0,-1.6004813,0.11359724402427673,0.9797570705413818,0.7645074129104614
YPR137C-A,YCL052C,0,-1.6005318,0.11357947438955307,0.9797570705413818,0.7646423578262329
YDR030C,YER137C-A,0,-1.6008418,0.1135617047548294,0.9797570705413818,0.7647773027420044
YDR351W,YIL094C,0,-1.6013829,0.11354395002126694,0.9797570705413818,0.7649123072624207
YMR146C,YML097C,0,-1.6015527,0.11352619528770447,0.9797570705413818,0.7650472521781921
YOR274W,YKR028W,0,-1.6024088,0.113508440554142,0.9797570705413818,0.7651821970939636
YJL004C,YOR285W,0,-1.6030602,0.11349070072174072,0.9797570705413818,0.7653171420097351
YJR127C,YMR321C,0,-1.6034288,0.11347296088933945,0.9797570705413818,0.7654520869255066
YBL089W,YNL259C,0,-1.6035941,0.11345522850751877,0.9797570705413818,0.7655870318412781
YDR079W,YOR232W,0,-1.6036913,0.11343750357627869,0.9797570705413818,0.7657219767570496
YJL187C,YGR276C,0,-1.6042612,0.1134197786450386,0.9797570705413818,0.765856921672821
YMR284W,YDL021W,0,-1.6048372,0.11340206116437912,0.9797570705413818,0.7659919261932373
YLR244C,YOR222W,0,-1.604927,0.11338435113430023,0.9797570705413818,0.7661268711090088
YDR457W,YGL183C,0,-1.6049719,0.11336664855480194,0.9797570705413818,0.7662618160247803
YEL036C,YLR394W,0,-1.6053735,0.11334894597530365,0.9797570705413818,0.7663967609405518
YIL088C,YGL212W,0,-1.6060195,0.11333125084638596,0.9797570705413818,0.7665317058563232
YNL284C-A,YNR002C,0,-1.6065329,0.11331356316804886,0.9797570705413818,0.7666666507720947
YBR182C,YDR260C,0,-1.6066132,0.11329588294029236,0.9797570705413818,0.7668015956878662
YDR210C-C,YMR039C,0,-1.6072717,0.11327820271253586,0.9797570705413818,0.7669366002082825
YOR142W-B,YMR038C,0,-1.6072775,0.11326052993535995,0.9797570705413818,0.767071545124054
YNL032W,YBL028C,0,-1.6073197,0.11324286460876465,0.9797570705413818,0.7672064900398254
YGL122C,YNL070W,0,-1.6074653,0.11322519928216934,0.9797570705413818,0.7673414349555969
YDL024C,YKR035W-A,0,-1.6080325,0.11320754885673523,0.9797570705413818,0.7674763798713684
YHR209W,YGR089W,0,-1.6082523,0.11318989843130112,0.9797570705413818,0.7676113247871399
YJL191W,YLR256W-A,0,-1.609017,0.1131722554564476,0.9797570705413818,0.7677462697029114
YPR194C,YGL162W,0,-1.6098251,0.11315461248159409,0.9797570705413818,0.7678812146186829
YDR449C,YOR123C,0,-1.6098889,0.11313697695732117,0.9797570705413818,0.7680162191390991
YIR038C,YNL208W,0,-1.61031,0.11311934888362885,0.9797570705413818,0.7681511640548706
YOL057W,YOR343W-B,0,-1.6105242,0.11310172826051712,0.9797570705413818,0.7682861089706421
YMR032W,YFL048C,0,-1.6111116,0.11308411508798599,0.9797570705413818,0.7684210538864136
YOL086C,YFL035C,0,-1.6114607,0.11306650191545486,0.9797570705413818,0.7685559988021851
YHR085W,YIL047C,0,-1.6118063,0.11304889619350433,0.9797570705413818,0.7686909437179565
YJL176C,YLR391W,0,-1.6123903,0.1130312904715538,0.9797570705413818,0.768825888633728
YAL022C,YML045W-A,0,-1.6127841,0.11301369965076447,0.9797570705413818,0.7689608931541443
YMR077C,YAR027W,0,-1.6128378,0.11299610882997513,0.9797570705413818,0.7690958380699158
YGR123C,YFR028C,1,-1.6132207,0.11313414573669434,0.9811066389083862,0.7690958380699158
YLR383W,YIL017W,0,-1.613384,0.1131165400147438,0.9811066389083862,0.7692307829856873
YKL103C,YFL035C,0,-1.614214,0.11309894174337387,0.9811066389083862,0.7693657279014587
YLR329W,YJL081C,0,-1.6147835,0.11308135092258453,0.9811066389083862,0.7695006728172302
YIL139C,YLR160C,0,-1.6163822,0.1130637601017952,0.9811066389083862,0.7696356177330017
YPL196W,YLR026C,0,-1.6165235,0.11304618418216705,0.9811066389083862,0.7697705626487732
YFL066C,YBR074W,0,-1.6165793,0.11302860826253891,0.9811066389083862,0.7699055075645447
YBR183W,YLR227W-B,0,-1.6166735,0.11301103979349136,0.9811066389083862,0.7700405120849609
YNL282W,YOR142W-A,0,-1.6167665,0.11299347132444382,0.9811066389083862,0.7701754570007324
YIR025W,YOR343W-B,0,-1.6167915,0.11297591030597687,0.9811066389083862,0.7703104019165039
YDR405W,YLL040C,0,-1.6174237,0.11295835673809052,0.9811066389083862,0.7704453468322754
YLR410W-B,YGL259W,0,-1.6174395,0.11294081062078476,0.9811066389083862,0.7705802917480469
YMR112C,YNL259C,0,-1.617559,0.112923264503479,0.9811066389083862,0.7707152366638184
YBR093C,YCR026C,0,-1.6177258,0.11290573328733444,0.9811066389083862,0.7708501815795898
YBR275C,YBL052C,0,-1.617819,0.11288820207118988,0.9811066389083862,0.7709851264953613
YNL044W,YBL052C,0,-1.6180875,0.11287067085504532,0.9811066389083862,0.7711201310157776
YKL090W,YBR031W,0,-1.6224887,0.11285315454006195,0.9811066389083862,0.7712550759315491
YGR012W,YJR112W,0,-1.6225288,0.11283563822507858,0.9811066389083862,0.7713900208473206
YHR012W,YBR010W,0,-1.6230102,0.11281812191009521,0.9811066389083862,0.771524965763092
YNL102W,YHR079C,0,-1.6235375,0.11280062049627304,0.9811066389083862,0.7716599106788635
YPR182W,YLR291C,0,-1.6235855,0.11278311908245087,0.9811066389083862,0.771794855594635
YBL092W,YBR192W,0,-1.6238363,0.11276562511920929,0.9811066389083862,0.7719298005104065
YPR158C-C,YFL033C,0,-1.624615,0.11274813860654831,0.9811066389083862,0.7720648050308228
YLR305C,YOL093W,0,-1.62539,0.11273065954446793,0.9811066389083862,0.7721997499465942
YHR002W,YNL302C,0,-1.6258461,0.11271318048238754,0.9811066389083862,0.7723346948623657
YMR123W,YIL079C,0,-1.6263857,0.11269570887088776,0.9811066389083862,0.7724696397781372
YMR146C,YOR274W,0,-1.626961,0.11267823725938797,0.9811066389083862,0.7726045846939087
YER055C,YCR097WB,0,-1.6271341,0.11266078054904938,0.9811066389083862,0.7727395296096802
YBL091C-A,YPL274W,0,-1.6279868,0.11264332383871078,0.9811066389083862,0.7728744745254517
YGR112W,YOL101C,0,-1.6288598,0.11262587457895279,0.9811066389083862,0.7730094194412231
YPL131W,YGR118W,0,-1.6296198,0.1126084253191948,0.9811066389083862,0.7731444239616394
YBR096W,YCR055C,0,-1.6296327,0.1125909835100174,0.9811066389083862,0.7732793688774109
YPR137C-A,YJR034W,0,-1.630879,0.1125735491514206,0.9811066389083862,0.7734143137931824
YNL271C,YPR158C-C,0,-1.6312559,0.11255612224340439,0.9811066389083862,0.7735492587089539
YLR359W,YLL061W,0,-1.6312747,0.11253870278596878,0.9811066389083862,0.7736842036247253
YGR020C,YGL183C,0,-1.6315653,0.11252128332853317,0.9811066389083862,0.7738191485404968
YOR142W-A,YKL206C,0,-1.6318004,0.11250387132167816,0.9811066389083862,0.7739540934562683
YGL170C,YGL019W,0,-1.6321819,0.11248645931482315,0.9811066389083862,0.7740890979766846
YGL050W,YLR153C,0,-1.6328197,0.11246906220912933,0.9811066389083862,0.774224042892456
YML045W-A,YOR327C,0,-1.6332865,0.11245166510343552,0.9811066389083862,0.7743589878082275
YIL094C,YLR256W-A,0,-1.6337173,0.1124342679977417,0.9811066389083862,0.774493932723999
YPR011C,YPR158C-C,0,-1.6341108,0.11241688579320908,0.9811066389083862,0.7746288776397705
YOR142W,YOR098C,0,-1.6341832,0.11239950358867645,0.9811066389083862,0.774763822555542
YBR096W,YER145C,0,-1.6349125,0.11238212883472443,0.9811066389083862,0.7748987674713135
YJL066C,YPR200C,0,-1.635783,0.112364761531353,0.9811066389083862,0.775033712387085
YGR288W,YCR080W,0,-1.6360497,0.11234739422798157,0.9811066389083862,0.7751687169075012
YLR394W,YEL041W,0,-1.6370089,0.11233003437519073,0.9811066389083862,0.7753036618232727
YDR461W,YMR296C,0,-1.6372542,0.1123126819729805,0.9811066389083862,0.7754386067390442
YHR004C,YLR050C,0,-1.6380756,0.11229533702135086,0.9811066389083862,0.7755735516548157
YIL128W,YBL101W-B,0,-1.6381302,0.11227799206972122,0.9811066389083862,0.7757084965705872
YMR089C,YDR304C,0,-1.6381953,0.11226065456867218,0.9811066389083862,0.7758434414863586
YKL093W,YHR164C,0,-1.6383525,0.11224332451820374,0.9811066389083862,0.7759783864021301
YOL103W-B,YDR146C,0,-1.638607,0.11222599446773529,0.9811066389083862,0.7761133313179016
YDR144C,YNL284C-A,0,-1.6387757,0.11220867186784744,0.9811066389083862,0.7762483358383179
YJL187C,YCL043C,0,-1.6390121,0.11219135671854019,0.9811066389083862,0.7763832807540894
YGL244W,YKL096W-A,0,-1.6390581,0.11217404901981354,0.9811066389083862,0.7765182256698608
YOR020C,YLR325C,0,-1.639224,0.11215674132108688,0.9811066389083862,0.7766531705856323
YNL079C,YBL101W-B,0,-1.6393232,0.11213944107294083,0.9811066389083862,0.7767881155014038
YOR299W,YKL095W,0,-1.6400715,0.11212214827537537,0.9811066389083862,0.7769230604171753
YLR043C,YOL107W,0,-1.6410732,0.1121048554778099,0.9811066389083862,0.7770580053329468
YMR321C,YCR026C,0,-1.6418121,0.11208757013082504,0.9811066389083862,0.777193009853363
YGR070W,YLR316C,0,-1.6420059,0.11207029223442078,0.9811066389083862,0.7773279547691345
YEL036C,YOR340C,0,-1.6420106,0.1120530217885971,0.9811066389083862,0.777462899684906
YMR097C,YJR034W,0,-1.6424913,0.11203575134277344,0.9811066389083862,0.7775978446006775
YNR017W,YGR072W,0,-1.6425942,0.11201848834753036,0.9811066389083862,0.777732789516449
YJR028W,YNL302C,0,-1.6429667,0.11200123280286789,0.9811066389083862,0.7778677344322205
YER055C,YNL307C,0,-1.6431358,0.11198397725820541,0.9811066389083862,0.7780026793479919
YMR065W,YLR227W-B,0,-1.6437492,0.11196673661470413,0.9811066389083862,0.7781376242637634
YHR005C-A,YDR146C,0,-1.6440315,0.11194948852062225,0.9811066389083862,0.7782726287841797
YOL107W,YDR415C,0,-1.644614,0.11193225532770157,0.9811066389083862,0.7784075736999512
YOL038W,YLR312W-A,0,-1.6460952,0.11191502213478088,0.9811066389083862,0.7785425186157227
YCL018W,YMR250W,0,-1.646255,0.1118977963924408,0.9811066389083862,0.7786774635314941
YOR142W-A,YCR011C,0,-1.6465013,0.1118805781006813,0.9811066389083862,0.7788124084472656
YGL112C,YIL079C,0,-1.647517,0.11186336725950241,0.9811066389083862,0.7789473533630371
YIR011C,YDR210C-C,0,-1.6476333,0.11184615641832352,0.9811066389083862,0.7790822982788086
YOR343W-B,YDR304C,0,-1.6477246,0.11182895302772522,0.9811066389083862,0.7792173027992249
YOR388C,YJL128C,0,-1.6477306,0.11181174963712692,0.9811066389083862,0.7793522477149963
YKL205W,YDL039C,0,-1.647823,0.11179455369710922,0.9811066389083862,0.7794871926307678
YHR211W,YLR227W-B,0,-1.6483575,0.11177736520767212,0.9811066389083862,0.7796221375465393
YPL213W,YKL064W,0,-1.6487489,0.11176018416881561,0.9811066389083862,0.7797570824623108
YOR142W-B,YKL189W,0,-1.648868,0.1117430031299591,0.9811066389083862,0.7798920273780823
YNR006W,YOL026C,0,-1.6492629,0.1117258369922638,0.9811066389083862,0.7800269722938538
YDR210C-C,YNL095C,0,-1.6495538,0.11170866340398788,0.9811066389083862,0.7801619172096252
YGR251W,YDR332W,0,-1.6500984,0.11169150471687317,0.9811066389083862,0.7802969217300415
YJL191W,YKL015W,0,-1.6509652,0.11167434602975845,0.9811066389083862,0.780431866645813
YML045W-A,YNL122C,0,-1.6512656,0.11165719479322433,0.9811066389083862,0.7805668115615845
YJL034W,YOR226C,0,-1.6514019,0.11164005100727081,0.9811066389083862,0.780701756477356
YOR377W,YLR187W,0,-1.6521487,0.11162290722131729,0.9811066389083862,0.7808367013931274
YLR209C,YLR224W,0,-1.6527817,0.11160577088594437,0.9811066389083862,0.7809716463088989
YNL102W,YDR429C,0,-1.6535237,0.11158864200115204,0.9811066389083862,0.7811065912246704
YNL281W,YBR222C,0,-1.6539025,0.11157151311635971,0.9811066389083862,0.7812415361404419
YFR029W,YLR291C,0,-1.6539536,0.11155439913272858,0.9811066389083862,0.7813765406608582
YGR225W,YLR404W,0,-1.6542847,0.11153727769851685,0.9811066389083862,0.7815114855766296
YFL002W-B,YPL096W,0,-1.6567669,0.11152017116546631,0.9811066389083862,0.7816464304924011
YHR005C-A,YHR039C-A,0,-1.6569562,0.11150306463241577,0.9811066389083862,0.7817813754081726
YOR212W,YOR123C,0,-1.6575463,0.11148596554994583,0.9811066389083862,0.7819163203239441
YPR137C-A,YBR243C,0,-1.6576886,0.11146887391805649,0.9811066389083862,0.7820512652397156
YBR081C,YLR182W,0,-1.6578007,0.11145178228616714,0.9811066389083862,0.7821862101554871
YLR227W-B,YDL039C,0,-1.6587183,0.111434705555439,0.9811066389083862,0.7823212146759033
YJL112W,YLL034C,0,-1.6588264,0.11141762137413025,0.9811066389083862,0.7824561595916748
YBR141C,YJL082W,0,-1.6588514,0.1114005520939827,0.9811066389083862,0.7825911045074463
YKL200C,YML112W,0,-1.6589208,0.11138348281383514,0.9811066389083862,0.7827260494232178
YMR203W,YLR344W,0,-1.6591642,0.11136642098426819,0.9811066389083862,0.7828609943389893
YBL101W-B,YMR046C,0,-1.6595774,0.11134936660528183,0.9811066389083862,0.7829959392547607
YPR158C-C,YOR142W,0,-1.6600561,0.11133231222629547,0.9811066389083862,0.7831308841705322
YGR012W,YJR140C,0,-1.6611888,0.11131526529788971,0.9811066389083862,0.7832658290863037
YCR080W,YMR300C,0,-1.6615524,0.11129822582006454,0.9811066389083862,0.78340083360672
YGL236C,YIL132C,0,-1.6632184,0.11128118634223938,0.9811066389083862,0.7835357785224915
YGR109W-B,YHR061C,0,-1.6639307,0.11126415431499481,0.9811066389083862,0.7836707234382629
YDR064W,YAL017W,0,-1.6656953,0.11124712973833084,0.9811066389083862,0.7838056683540344
YMR193W,YDR392W,0,-1.6658518,0.11123011261224747,0.9811066389083862,0.7839406132698059
YFL002W-B,YGL190C,0,-1.6658859,0.11121309548616409,0.9811066389083862,0.7840755581855774
YIL080W,YNL335W,0,-1.6664534,0.11119608581066132,0.9811066389083862,0.7842105031013489
YLR410W-B,YDR415C,0,-1.6675274,0.11117907613515854,0.9811066389083862,0.7843455076217651
YCR055C,YGL216W,0,-1.6677532,0.11116208136081696,0.9811066389083862,0.7844804525375366
YOL165C,YFL038C,0,-1.6686465,0.11114508658647537,0.9811066389083862,0.7846153974533081
YPR137C-A,YDL227C,0,-1.6689875,0.11112809181213379,0.9811066389083862,0.7847503423690796
YEL036C,YDR497C,0,-1.6692021,0.1111111119389534,0.9811066389083862,0.7848852872848511
YLR227W-B,YHR039C-A,0,-1.6692126,0.11109413206577301,0.9811066389083862,0.7850202322006226
YOR208W,YPL137C,1,-1.6713989,0.11122994869947433,0.9824561476707458,0.7850202322006226
YLR295C,YGR179C,0,-1.6714163,0.11121295392513275,0.9824561476707458,0.785155177116394
YKL200C,YBR031W,0,-1.6717706,0.11119596660137177,0.9824561476707458,0.7852901220321655
YFR031C,YKL182W,0,-1.6718436,0.11117898672819138,0.9824561476707458,0.7854251265525818
YLR033W,YLR151C,0,-1.6726547,0.11116200685501099,0.9824561476707458,0.7855600714683533
YPR191W,YOR142W-A,0,-1.6734941,0.11114504188299179,0.9824561476707458,0.7856950163841248
YHR164C,YDL070W,0,-1.6738281,0.111128069460392,0.9824561476707458,0.7858299612998962
YML052W,YLL055W,0,-1.6738883,0.1111111119389534,0.9824561476707458,0.7859649062156677
YDL039C,YDR281C,0,-1.6740072,0.1110941544175148,0.9824561476707458,0.7860998511314392
YJL124C,YKL097W-A,0,-1.6746917,0.1110772043466568,0.9824561476707458,0.7862347960472107
YBR195C,YER137C-A,0,-1.6756096,0.1110602617263794,0.9824561476707458,0.7863697409629822
YMR269W,YOR355W,0,-1.6757119,0.11104331910610199,0.9824561476707458,0.7865047454833984
YNL178W,YBL052C,0,-1.6764958,0.11102638393640518,0.9824561476707458,0.7866396903991699
YGR264C,YGR238C,0,-1.6778069,0.11100945621728897,0.9824561476707458,0.7867746353149414
YPR158C-C,YNL335W,0,-1.67785,0.11099252849817276,0.9824561476707458,0.7869095802307129
YLR425W,YCR011C,0,-1.6779146,0.11097560822963715,0.9824561476707458,0.7870445251464844
YNL202W,YNL335W,0,-1.6779443,0.11095869541168213,0.9824561476707458,0.7871794700622559
YPR137C-A,YCL057W,0,-1.6780748,0.11094178259372711,0.9824561476707458,0.7873144149780273
YGL256W,YDR240C,0,-1.6784983,0.11092488467693329,0.9824561476707458,0.7874494194984436
YNL202W,YJL171C,0,-1.6785038,0.11090797930955887,0.9824561476707458,0.7875843644142151
YJR040W,YMR099C,0,-1.6790897,0.11089108884334564,0.9824561476707458,0.7877193093299866
YNL122C,YML056C,0,-1.6802043,0.11087419837713242,0.9824561476707458,0.7878542542457581
YNR004W,YBR031W,0,-1.6806571,0.11085731536149979,0.9824561476707458,0.7879891991615295
YHR109W,YIL035C,0,-1.681283,0.11084043979644775,0.9824561476707458,0.788124144077301
YIL017W,YLR164W,0,-1.681654,0.11082356423139572,0.9824561476707458,0.7882590889930725
YJL112W,YKL085W,0,-1.6827153,0.11080669611692429,0.9824561476707458,0.788394033908844
YIL017W,YIL048W,0,-1.6838467,0.11078983545303345,0.9824561476707458,0.7885290384292603
YOR106W,YOR304C-A,0,-1.6838796,0.11077297478914261,0.9824561476707458,0.7886639833450317
YMR182C,YOR162C,0,-1.6842071,0.11075612157583237,0.9824561476707458,0.7887989282608032
YDR064W,YNL230C,0,-1.6842455,0.11073927581310272,0.9824561476707458,0.7889338731765747
YPL213W,YCL032W,0,-1.6843195,0.11072243005037308,0.9824561476707458,0.7890688180923462
YFL054C,YCR055C,0,-1.6855006,0.11070559918880463,0.9824561476707458,0.7892037630081177
YJL191W,YOR311C,0,-1.6860485,0.11068876087665558,0.9824561476707458,0.7893387079238892
YMR033W,YKL172W,0,-1.6862491,0.11067193746566772,0.9824561476707458,0.7894737124443054
YNL284C-A,YIL047C,0,-1.6870735,0.11065511405467987,0.9824561476707458,0.7896086573600769
YLR028C,YCR097WB,0,-1.6870764,0.11063829809427261,0.9824561476707458,0.7897436022758484
YIL139C,YCR052W,0,-1.687101,0.11062148958444595,0.9824561476707458,0.7898785471916199
YMR013C,YNR057C,0,-1.6872239,0.1106046810746193,0.9824561476707458,0.7900134921073914
YAR035W,YNL121C,0,-1.6885214,0.11058788001537323,0.9824561476707458,0.7901484370231628
YLR157C,YMR137C,0,-1.6891929,0.11057107895612717,0.9824561476707458,0.7902833819389343
YKL217W,YGR084C,0,-1.6895266,0.1105542927980423,0.9824561476707458,0.7904183268547058
YIL088C,YOL112W,0,-1.69029,0.11053750663995743,0.9824561476707458,0.7905533313751221
YEL062W,YIL132C,0,-1.6914235,0.11052072048187256,0.9824561476707458,0.7906882762908936
YEL043W,YML045W-A,0,-1.692306,0.11050394922494888,0.9824561476707458,0.790823221206665
YLR301W,YGL004C,0,-1.6924868,0.11048717796802521,0.9824561476707458,0.7909581661224365
YGR052W,YKL061W,0,-1.6932008,0.11047040671110153,0.9824561476707458,0.791093111038208
YKR020W,YKL064W,0,-1.6932876,0.11045365035533905,0.9824561476707458,0.7912280559539795
YDR306C,YER137C,0,-1.6945075,0.11043689399957657,0.9824561476707458,0.791363000869751
YHR109W,YDL040C,0,-1.6955442,0.11042014509439468,0.9824561476707458,0.7914980053901672
YMR276W,YDR210C-C,0,-1.6967003,0.1104033961892128,0.9824561476707458,0.7916329503059387
YFL038C,YBR120C,0,-1.6976726,0.11038665473461151,0.9824561476707458,0.7917678952217102
YPR113W,YMR176W,0,-1.6977044,0.11036992073059082,0.9824561476707458,0.7919028401374817
YKR006C,YOR123C,0,-1.6977836,0.11035319417715073,0.9824561476707458,0.7920377850532532
YBL101W-B,YDL202W,0,-1.6980174,0.11033646762371063,0.9824561476707458,0.7921727299690247
YDR210C-C,YGL122C,0,-1.6982238,0.11031974852085114,0.9824561476707458,0.7923076748847961
YPL050C,YCR097WB,0,-1.699218,0.11030302941799164,0.9824561476707458,0.7924426198005676
YKL190W,YDR210C-C,0,-1.6998348,0.11028631776571274,0.9824561476707458,0.7925776243209839
YOL086C,YPL180W,0,-1.7000554,0.11026961356401443,0.9824561476707458,0.7927125692367554
YGR144W,YKL119C,0,-1.7006669,0.11025291681289673,0.9824561476707458,0.7928475141525269
YER137C-A,YFR001W,0,-1.7014701,0.11023622006177902,0.9824561476707458,0.7929824590682983
YFL035C,YER145C,0,-1.7022429,0.11021953076124191,0.9824561476707458,0.7931174039840698
YJL004C,YNR072W,0,-1.7032961,0.1102028489112854,0.9824561476707458,0.7932523488998413
YKL013C,YCR012W,0,-1.7045627,0.11018616706132889,0.9824561476707458,0.7933872938156128
YJL134W,YKL186C,0,-1.7056952,0.11016949266195297,0.9824561476707458,0.7935222387313843
YDR210C-C,YMR269W,0,-1.7061998,0.11015281826257706,0.9824561476707458,0.7936572432518005
YLR256W-A,YGL071W,0,-1.7064033,0.11013615876436234,0.9824561476707458,0.793792188167572
YPR137W,YLR009W,0,-1.7073703,0.11011949926614761,0.9824561476707458,0.7939271330833435
YDR059C,YDR261C-D,0,-1.7081721,0.11010283976793289,0.9824561476707458,0.794062077999115
YDL133C-A,YCL052C,0,-1.7084366,0.11008619517087936,0.9824561476707458,0.7941970229148865
YNL314W,YNL208W,0,-1.7092917,0.11006955057382584,0.9824561476707458,0.794331967830658
YPR196W,YBR282W,0,-1.7098095,0.1100529134273529,0.9824561476707458,0.7944669127464294
YJR092W,YLR256W-A,0,-1.7099916,0.11003627628087997,0.9824561476707458,0.7946019172668457
YNL232W,YGL169W,0,-1.7112114,0.11001964658498764,0.9824561476707458,0.7947368621826172
YPL027W,YNL078W,0,-1.7116055,0.1100030243396759,0.9824561476707458,0.7948718070983887
YPR198W,YML045W-A,0,-1.7118096,0.10998640209436417,0.9824561476707458,0.7950067520141602
YKL001C,YDL039C,0,-1.7123039,0.10996978729963303,0.9824561476707458,0.7951416969299316
YGR081C,YGL225W,0,-1.7124522,0.10995317995548248,0.9824561476707458,0.7952766418457031
YPR026W,YNL284C-A,0,-1.7125502,0.10993657261133194,0.9824561476707458,0.7954115867614746
YLR227W-B,YOR162C,0,-1.712764,0.109919972717762,0.9824561476707458,0.7955465316772461
YER017C,YPL167C,0,-1.7133324,0.10990338027477264,0.9824561476707458,0.7956815361976624
YNL258C,YNL092W,0,-1.7138432,0.10988679528236389,0.9824561476707458,0.7958164811134338
YOR142W-A,YHR119W,0,-1.7143762,0.10987021028995514,0.9824561476707458,0.7959514260292053
YIL017W,YPL208W,0,-1.7161002,0.10985363274812698,0.9824561476707458,0.7960863709449768
YEL062W,YDL070W,0,-1.7162058,0.10983705520629883,0.9824561476707458,0.7962213158607483
YLL033W,YCR002C,0,-1.7162342,0.10982048511505127,0.9824561476707458,0.7963562607765198
YLR305C,YBR274W,0,-1.7168584,0.10980392247438431,0.9824561476707458,0.7964912056922913
YLR047C,YPR001W,0,-1.7168937,0.10978735983371735,0.9824561476707458,0.7966262102127075
YGR180C,YFL035C,0,-1.7172587,0.10977080464363098,0.9824561476707458,0.796761155128479
YDL111C,YJR031C,0,-1.7173355,0.10975425690412521,0.9824561476707458,0.7968961000442505
YNR021W,YFR001W,0,-1.7174658,0.10973771661520004,0.9824561476707458,0.797031044960022
YGL200C,YLR103C,0,-1.7184627,0.10972117632627487,0.9824561476707458,0.7971659898757935
YLR244C,YIL133C,0,-1.7189984,0.1097046434879303,0.9824561476707458,0.7973009347915649
YDL045W-A,YPL147W,0,-1.7195106,0.10968811064958572,0.9824561476707458,0.7974358797073364
YJR026W,YPR091C,0,-1.7197733,0.10967158526182175,0.9824561476707458,0.7975708246231079
YKL200C,YPL011C,0,-1.7197812,0.10965506732463837,0.9824561476707458,0.7977058291435242
YML045W-A,YGR239C,0,-1.7198443,0.10963855683803558,0.9824561476707458,0.7978407740592957
YLR024C,YDR281C,0,-1.7199776,0.1096220463514328,0.9824561476707458,0.7979757189750671
YMR180C,YDR211W,0,-1.7200598,0.10960554331541061,0.9824561476707458,0.7981106638908386
YJL066C,YLR213C,0,-1.7200735,0.10958904027938843,0.9824561476707458,0.7982456088066101
YCL008C,YGL183C,0,-1.7206228,0.10957254469394684,0.9824561476707458,0.7983805537223816
YOR215C,YLR227W-B,0,-1.7211306,0.10955605655908585,0.9824561476707458,0.7985154986381531
YBR052C,YML030W,0,-1.7221466,0.10953957587480545,0.9824561476707458,0.7986504435539246
YOL010W,YLR141W,0,-1.72282,0.10952309519052505,0.9824561476707458,0.7987854480743408
YPL099C,YCL003W,0,-1.7228714,0.10950662195682526,0.9824561476707458,0.7989203929901123
YIL046W,YCR012W,0,-1.723599,0.10949014872312546,0.9824561476707458,0.7990553379058838
YPR001W,YJL130C,0,-1.72368,0.10947368294000626,0.9824561476707458,0.7991902828216553
YBL101W-B,YLR129W,0,-1.7236984,0.10945722460746765,0.9824561476707458,0.7993252277374268
YIR005W,YHR057C,0,-1.723745,0.10944076627492905,0.9824561476707458,0.7994601726531982
YDR090C,YPL131W,0,-1.7238376,0.10942432284355164,0.9824561476707458,0.7995951175689697
YPL196W,YGL148W,0,-1.7240689,0.10940787196159363,0.9824561476707458,0.799730122089386
YCL074W,YBL101W-B,0,-1.7241974,0.10939143598079681,0.9824561476707458,0.7998650670051575
YOR099W,YJL081C,0,-1.7248962,0.109375,0.9824561476707458,0.800000011920929
YPL122C,YER115C,0,-1.7248982,0.10935857146978378,0.9824561476707458,0.8001349568367004
YMR160W,YDR140W,0,-1.7250848,0.10934214293956757,0.9824561476707458,0.8002699017524719
YOR187W,YIL048W,0,-1.7263473,0.10932572185993195,0.9824561476707458,0.8004048466682434
YLR129W,YGR134W,0,-1.7272806,0.10930930823087692,0.9824561476707458,0.8005397915840149
YIL140W,YLR391W,0,-1.7289344,0.1092929020524025,0.9824561476707458,0.8006747364997864
YBL112C,YHR174W,0,-1.7298985,0.10927649587392807,0.9824561476707458,0.8008097410202026
YPR158C-C,YJL166W,0,-1.7299386,0.10926008969545364,0.9824561476707458,0.8009446859359741
YBL011W,YLR050C,0,-1.7301195,0.10924369841814041,0.9824561476707458,0.8010796308517456
YBR294W,YPR200C,0,-1.7301371,0.10922730714082718,0.9824561476707458,0.8012145757675171
YNL297C,YKR057W,0,-1.7307014,0.10921092331409454,0.9824561476707458,0.8013495206832886
YJR092W,YGR264C,0,-1.7308755,0.10919453948736191,0.9824561476707458,0.8014844655990601
YJL114W,YBL058W,0,-1.7309,0.10917816311120987,0.9824561476707458,0.8016194105148315
YER165W,YDR195W,0,-1.7315935,0.10916179418563843,0.9824561476707458,0.8017544150352478
YNR017W,YOR232W,0,-1.732634,0.10914542526006699,0.9824561476707458,0.8018893599510193
YBR278W,YFL035C,0,-1.7330337,0.10912906378507614,0.9824561476707458,0.8020243048667908
YOR243C,YLR440C,0,-1.7330389,0.1091127097606659,0.9824561476707458,0.8021592497825623
YLR329W,YER115C,0,-1.7332283,0.10909635573625565,0.9824561476707458,0.8022941946983337
YJL112W,YKR068C,0,-1.7335241,0.109080009162426,0.9824561476707458,0.8024291396141052
YBR128C,YOR098C,0,-1.7337499,0.10906367003917694,0.9824561476707458,0.8025640845298767
YPR158C-C,YNL238W,0,-1.7338743,0.10904733091592789,0.9824561476707458,0.8026990294456482
YOR287C,YPR171W,0,-1.7357213,0.10903099924325943,0.9824561476707458,0.8028340339660645
YDL121C,YLR145W,0,-1.7357295,0.10901467502117157,0.9824561476707458,0.8029689788818359
YLL029W,YCR055C,0,-1.7372141,0.10899835079908371,0.9824561476707458,0.8031039237976074
YOR206W,YOR222W,0,-1.7382984,0.10898203402757645,0.9824561476707458,0.8032388687133789
YGR070W,YCR055C,0,-1.7391803,0.10896572470664978,0.9824561476707458,0.8033738136291504
YGL112C,YNL236W,0,-1.7395673,0.10894941538572311,0.9824561476707458,0.8035087585449219
YBR125C,YLR256W-A,0,-1.7399273,0.10893311351537704,0.9824561476707458,0.8036437034606934
YIR018W,YFR052W,0,-1.7400668,0.10891681909561157,0.9824561476707458,0.8037786483764648
YLR080W,YAR002C-A,0,-1.7409786,0.1089005246758461,0.9824561476707458,0.8039136528968811
YDR079W,YDR304C,0,-1.7413753,0.10888423770666122,0.9824561476707458,0.8040485978126526
YBR243C,YDR508C,0,-1.7413857,0.10886795073747635,0.9824561476707458,0.8041835427284241
YFR003C,YPL137C,1,-1.7414012,0.10900119692087173,0.9838056564331055,0.8041835427284241
YLR043C,YPR060C,0,-1.74157,0.10898490250110626,0.9838056564331055,0.8043184876441956
YDR512C,YJL140W,0,-1.742076,0.10896860808134079,0.9838056564331055,0.804453432559967
YMR269W,YMR075W,0,-1.7427026,0.10895232111215591,0.9838056564331055,0.8045883774757385
YOL165C,YOR382W,0,-1.7439268,0.10893604159355164,0.9838056564331055,0.80472332239151
YPL042C,YGL236C,0,-1.744679,0.10891976952552795,0.9838056564331055,0.8048583269119263
YCL043C,YLR160C,0,-1.746309,0.10890349745750427,0.9838056564331055,0.8049932718276978
YHR041C,YDR261C-D,0,-1.7468915,0.10888723284006119,0.9838056564331055,0.8051282167434692
YGR081C,YAL039C,0,-1.7469466,0.1088709682226181,0.9838056564331055,0.8052631616592407
YPL167C,YMR304W,0,-1.7470624,0.10885471105575562,0.9838056564331055,0.8053981065750122
YML045W-A,YOR275C,0,-1.7472467,0.10883846133947372,0.9838056564331055,0.8055330514907837
YBL101W-B,YDR211W,0,-1.7481291,0.10882221162319183,0.9838056564331055,0.8056679964065552
YKL203C,YLL040C,0,-1.7483462,0.10880596935749054,0.9838056564331055,0.8058029413223267
YOR142W-A,YMR179W,0,-1.7483928,0.10878973454236984,0.9838056564331055,0.8059379458427429
YDR411C,YMR203W,0,-1.7492405,0.10877349972724915,0.9838056564331055,0.8060728907585144
YOR261C,YPL027W,0,-1.749355,0.10875727236270905,0.9838056564331055,0.8062078356742859
YDR351W,YGL162W,0,-1.7494053,0.10874105244874954,0.9838056564331055,0.8063427805900574
YLR314C,YJR053W,0,-1.7495859,0.10872483253479004,0.9838056564331055,0.8064777255058289
YGL180W,YPL180W,0,-1.7500129,0.10870862007141113,0.9838056564331055,0.8066126704216003
YNL232W,YHR082C,0,-1.7503644,0.10869240760803223,0.9838056564331055,0.8067476153373718
YPR189W,YJR092W,0,-1.7508985,0.10867621004581451,0.9838056564331055,0.8068826198577881
YHR164C,YAL022C,0,-1.7509937,0.1086600124835968,0.9838056564331055,0.8070175647735596
YCR080W,YJL192C,0,-1.7509993,0.10864381492137909,0.9838056564331055,0.807152509689331
YMR168C,YDL077C,0,-1.7516433,0.10862762480974197,0.9838056564331055,0.8072874546051025
YAL022C,YOL040C,0,-1.7516625,0.10861144214868546,0.9838056564331055,0.807422399520874
YOL057W,YDR210C-C,0,-1.7518098,0.10859525948762894,0.9838056564331055,0.8075573444366455
YGR225W,YOR261C,0,-1.7525259,0.10857909172773361,0.9838056564331055,0.807692289352417
YDR261W-A,YER019C-A,0,-1.753067,0.10856291651725769,0.9838056564331055,0.8078272342681885
YER014C-A,YER137C-A,0,-1.7533,0.10854675620794296,0.9838056564331055,0.8079622387886047
YHL027W,YMR268W-A,0,-1.7533,0.10853059589862823,0.9838056564331055,0.8080971837043762
YLR391W-A,YGL051W,0,-1.7533,0.10851443558931351,0.9838056564331055,0.8082321286201477
YDR014W-A,YDL015C,0,-1.7533,0.10849829018115997,0.9838056564331055,0.8083670735359192
YGR031C-A,YKL190W,0,-1.7533,0.10848214477300644,0.9838056564331055,0.8085020184516907
YOL053C-A,YGR134W,0,-1.7533,0.1084659993648529,0.9838056564331055,0.8086369633674622
YDR014W-A,YOL062C,0,-1.7533,0.10844986885786057,0.9838056564331055,0.8087719082832336
YOL053C-A,YMR193W,0,-1.7533,0.10843373835086823,0.9838056564331055,0.8089068531990051
YCR087C-A,YMR268W-A,0,-1.7533,0.10841760784387589,0.9838056564331055,0.8090418577194214
YKL053C-A,YCL060C,0,-1.7533,0.10840148478746414,0.9838056564331055,0.8091768026351929
YNL107W,YOL053C-A,0,-1.7533,0.108385369181633,0.9838056564331055,0.8093117475509644
YFL011W-A,YPL007C,0,-1.7533,0.10836926102638245,0.9838056564331055,0.8094466924667358
YOR176W,YNL138W-A,0,-1.7533,0.1083531528711319,0.9838056564331055,0.8095816373825073
YNL138W-A,YPL163C,0,-1.7533,0.10833705216646194,0.9838056564331055,0.8097165822982788
YGR031C-A,YLR312W-A,0,-1.7533,0.10832095146179199,0.9838056564331055,0.8098515272140503
YFL011W-A,YEL056W,0,-1.7533,0.10830485820770264,0.9838056564331055,0.8099865317344666
YFL011W-A,YFR001W,0,-1.7533,0.10828877240419388,0.9838056564331055,0.810121476650238
YBR111W-A,YMR296C,0,-1.7533,0.10827268660068512,0.9838056564331055,0.8102564215660095
YBR128C,YOL053C-A,0,-1.7533,0.10825660824775696,0.9838056564331055,0.810391366481781
YDR014W-A,YOL101C,0,-1.7533,0.1082405373454094,0.9838056564331055,0.8105263113975525
YPL139C,YLR154W-A,0,-1.7533,0.10822446644306183,0.9838056564331055,0.810661256313324
YFR029W,YFL011W-A,0,-1.7533,0.10820840299129486,0.9838056564331055,0.8107962012290955
YER151C,YOL053C-A,0,-1.7533,0.1081923395395279,0.9838056564331055,0.8109311461448669
YNL138W-A,YBR261C,0,-1.7533,0.10817629098892212,0.9838056564331055,0.8110661506652832
YLR391W-A,YIL017W,0,-1.7533,0.10816023498773575,0.9838056564331055,0.8112010955810547
YFL035C,YGR271W,0,-1.7533,0.10814419388771057,0.9838056564331055,0.8113360404968262
YJR021C,YMR268W-A,0,-1.7533,0.1081281527876854,0.9838056564331055,0.8114709854125977
YBR075W,YDR381C-A,0,-1.7533,0.10811211913824081,0.9838056564331055,0.8116059303283691
YFL011W-A,YLR330W,0,-1.7533,0.10809608548879623,0.9838056564331055,0.8117408752441406
YDR423C,YLR154W-A,0,-1.7533,0.10808005928993225,0.9838056564331055,0.8118758201599121
YPL098C,YLR154W-A,0,-1.7533,0.10806404054164886,0.9838056564331055,0.8120108246803284
YOR142W-B,YER087C-B,0,-1.7533,0.10804802179336548,0.9838056564331055,0.8121457695960999
YOR187W,YMR268W-A,0,-1.7533,0.10803201049566269,0.9838056564331055,0.8122807145118713
YNL138W-A,YMR054W,0,-1.7533,0.1080159991979599,0.9838056564331055,0.8124156594276428
YPR194C,YLR154W-A,0,-1.7533,0.1080000028014183,0.9838056564331055,0.8125506043434143
YKL117W,YLR391W-A,0,-1.7533,0.10798399895429611,0.9838056564331055,0.8126855492591858
YLR391W-A,YOL093W,0,-1.7533,0.10796801000833511,0.9838056564331055,0.8128204941749573
YCL043C,YLR154W-A,0,-1.7533,0.10795202106237411,0.9838056564331055,0.8129554390907288
YGL122C,YLR154W-A,0,-1.7533,0.10793603956699371,0.9838056564331055,0.813090443611145
YOR304C-A,YDR014W-A,0,-1.7533,0.10792005807161331,0.9838056564331055,0.8132253885269165
YKL161C,YLR154W-A,0,-1.7533,0.10790408402681351,0.9838056564331055,0.813360333442688
YNL138W-A,YOR204W,0,-1.7533,0.1078881174325943,0.9838056564331055,0.8134952783584595
YML052W,YCR055C,0,-1.7533,0.10787215083837509,0.9838056564331055,0.813630223274231
YGR031C-A,YBR271W,0,-1.7533,0.10785619169473648,0.9838056564331055,0.8137651681900024
YKL038W,YLR154W-A,0,-1.7533,0.10784024000167847,0.9838056564331055,0.8139001131057739
YNL138W-A,YEL070W,0,-1.7533,0.10782428830862045,0.9838056564331055,0.8140350580215454
YKL097W-A,YGL226C-A,0,-1.7533,0.10780834406614304,0.9838056564331055,0.8141700625419617
YGR031C-A,YPL129W,0,-1.7533,0.10779239982366562,0.9838056564331055,0.8143050074577332
YMR268W-A,YAL029C,0,-1.7533,0.1077764630317688,0.9838056564331055,0.8144399523735046
YKL126W,YGR031C-A,0,-1.7533,0.10776053369045258,0.9838056564331055,0.8145748972892761
YFL011W-A,YIL046W,0,-1.7533,0.10774460434913635,0.9838056564331055,0.8147098422050476
YFL011W-A,YHR209W,0,-1.7533,0.10772868245840073,0.9838056564331055,0.8148447871208191
YDR014W-A,YJR040W,0,-1.7533,0.1077127680182457,0.9838056564331055,0.8149797320365906
YAL063C,YOL053C-A,0,-1.7533,0.10769685357809067,0.9838056564331055,0.8151147365570068
YBR111W-A,YKL201C,0,-1.7533,0.10768094658851624,0.9838056564331055,0.8152496814727783
YPL200W,YDR014W-A,0,-1.7533,0.1076650395989418,0.9838056564331055,0.8153846263885498
YER098W,YDR014W-A,0,-1.7533,0.10764914005994797,0.9838056564331055,0.8155195713043213
YOR343W-B,YCR055C,0,-1.7533,0.10763324797153473,0.9838056564331055,0.8156545162200928
YLR386W,YLR154W-A,0,-1.7533,0.10761736333370209,0.9838056564331055,0.8157894611358643
YLR391W-A,YOR123C,0,-1.7533,0.10760147869586945,0.9838056564331055,0.8159244060516357
YMR039C,YMR268W-A,0,-1.7533,0.1075855940580368,0.9838056564331055,0.8160593509674072
YKL201C,YMR268W-A,0,-1.7533,0.10756972432136536,0.9838056564331055,0.8161943554878235
YFL011W-A,YAL024C,0,-1.7533,0.10755384713411331,0.9838056564331055,0.816329300403595
YLL051C,YLR154W-A,0,-1.7533,0.10753798484802246,0.9838056564331055,0.8164642453193665
YDR014W-A,YDR304C,0,-1.7533,0.10752212256193161,0.9838056564331055,0.8165991902351379
YMR203W,YMR268W-A,0,-1.7533,0.10750626772642136,0.9838056564331055,0.8167341351509094
YGR031C-A,YOR085W,0,-1.7533,0.1074904128909111,0.9838056564331055,0.8168690800666809
YLR154W-A,YBR061C,0,-1.7533,0.10747456550598145,0.9838056564331055,0.8170040249824524
YDR014W-A,YLR300W,0,-1.7533,0.10745872557163239,0.9838056564331055,0.8171390295028687
YFL011W-A,YAL031C,0,-1.7533,0.10744288563728333,0.9838056564331055,0.8172739744186401
YAL060W,YNL138W-A,0,-1.7533,0.10742705315351486,0.9838056564331055,0.8174089193344116
YKL174C,YOL053C-A,0,-1.7533,0.107411228120327,0.9838056564331055,0.8175438642501831
YDR167W,YLR154W-A,0,-1.7533,0.10739540308713913,0.9838056564331055,0.8176788091659546
YKR008W,YLR154W-A,0,-1.7533,0.10737958550453186,0.9838056564331055,0.8178137540817261
YKL200C,YOR343W-B,0,-1.7533,0.10736376792192459,0.9838056564331055,0.8179486989974976
YKR057W,YLR154W-A,0,-1.7533,0.10734795778989792,0.9838056564331055,0.818083643913269
YGR161W-B,YLR154W-A,0,-1.7533,0.10733215510845184,0.9838056564331055,0.8182186484336853
YLR154W-A,YLR391W,0,-1.7533,0.10731635242700577,0.9838056564331055,0.8183535933494568
YDR473C,YFL011W-A,0,-1.7533,0.10730055719614029,0.9838056564331055,0.8184885382652283
YFL011W-A,YDL024C,0,-1.7533,0.10728476941585541,0.9838056564331055,0.8186234831809998
YGR113W,YLR154W-A,0,-1.7533,0.10726898163557053,0.9838056564331055,0.8187584280967712
YGR031C-A,YLR029C,0,-1.7533,0.10725320130586624,0.9838056564331055,0.8188933730125427
YDR014W-A,YBR145W,0,-1.7533,0.10723742097616196,0.9838056564331055,0.8190283179283142
YDR014W-A,YBL085W,0,-1.7533,0.10722164809703827,0.9838056564331055,0.8191633224487305
YIR025W,YDR014W-A,0,-1.7533,0.10720588266849518,0.9838056564331055,0.819298267364502
YNL138W-A,YMR061W,0,-1.7533,0.10719011723995209,0.9838056564331055,0.8194332122802734
YGR031C-A,YCL004W,0,-1.7533,0.1071743592619896,0.9838056564331055,0.8195681571960449
YGR031C-A,YDR262W,0,-1.7533,0.1071586087346077,0.9838056564331055,0.8197031021118164
YDR410C,YOL053C-A,0,-1.7533,0.1071428582072258,0.9838056564331055,0.8198380470275879
YBR081C,YLR391W,0,-1.7533,0.1071271151304245,0.9838056564331055,0.8199729919433594
YGR031C-A,YER049W,0,-1.7533,0.1071113720536232,0.9838056564331055,0.8201079368591309
YOR074C,YFL011W-A,0,-1.7533,0.1070956364274025,0.9838056564331055,0.8202429413795471
YDR014W-A,YKL097W-A,0,-1.7533,0.10707990825176239,0.9838056564331055,0.8203778862953186
YBR111W-A,YJL155C,0,-1.7533,0.10706418007612228,0.9838056564331055,0.8205128312110901
YML051W,YMR268W-A,0,-1.7533,0.10704845935106277,0.9838056564331055,0.8206477761268616
YLR203C,YNL138W-A,0,-1.7533,0.10703273862600327,0.9838056564331055,0.8207827210426331
YPL127C,YLR391W-A,0,-1.7533,0.10701702535152435,0.9838056564331055,0.8209176659584045
YKL200C,YMR273C,0,-1.7533,0.10700131952762604,0.9838056564331055,0.821052610874176
YPL129W,YMR268W-A,0,-1.7533,0.10698562115430832,0.9838056564331055,0.8211875557899475
YNL314W,YGR031C-A,0,-1.7533,0.1069699227809906,0.9838056564331055,0.8213225603103638
YBL085W,YMR268W-A,0,-1.7533,0.10695422440767288,0.9838056564331055,0.8214575052261353
YGR031C-A,YML036W,0,-1.7533,0.10693853348493576,0.9838056564331055,0.8215924501419067
YNL138W-A,YJR101W,0,-1.7533,0.10692285001277924,0.9838056564331055,0.8217273950576782
YDR014W-A,YBR095C,0,-1.7533,0.10690717399120331,0.9838056564331055,0.8218623399734497
YGR031C-A,YPL196W,0,-1.7533,0.10689149796962738,0.9838056564331055,0.8219972848892212
YDR245W,YCR080W,0,-1.7533,0.10687582194805145,0.9838056564331055,0.8221322298049927
YGR031C-A,YPL163C,0,-1.7533,0.10686016082763672,0.9838056564331055,0.8222672343254089
YPR125W,YMR268W-A,0,-1.7533,0.10684449970722198,0.9838056564331055,0.8224021792411804
YPR189W,YMR268W-A,0,-1.7533,0.10682883858680725,0.9838056564331055,0.8225371241569519
YBR111W-A,YJR034W,0,-1.7533,0.10681318491697311,0.9838056564331055,0.8226720690727234
YBR294W,YOL053C-A,0,-1.7533,0.10679753869771957,0.9838056564331055,0.8228070139884949
YOL040C,YMR268W-A,0,-1.7533,0.10678189247846603,0.9838056564331055,0.8229419589042664
YMR114C,YMR268W-A,0,-1.7533,0.10676625370979309,0.9838056564331055,0.8230769038200378
YDL179W,YLR391W-A,0,-1.7533,0.10675062239170074,0.9838056564331055,0.8232118487358093
YBR066C,YLR154W-A,0,-1.7533,0.1067349910736084,0.9838056564331055,0.8233468532562256
YKL200C,YHR085W,0,-1.7533,0.10671936720609665,0.9838056564331055,0.8234817981719971
YOR159C,YBR111W-A,0,-1.7533,0.1067037507891655,0.9838056564331055,0.8236167430877686
YIR018W,YLR391W-A,0,-1.7533,0.10668813437223434,0.9838056564331055,0.82375168800354
YMR117C,YKL200C,0,-1.7533,0.10667251795530319,0.9838056564331055,0.8238866329193115
YBR111W-A,YDL074C,0,-1.7533,0.10665691643953323,0.9838056564331055,0.824021577835083
YNL138W-A,YNL052W,0,-1.7533,0.10664130747318268,0.9838056564331055,0.8241565227508545
YPL151C,YOL053C-A,0,-1.7533,0.10662571340799332,0.9838056564331055,0.8242915272712708
YLR391W-A,YMR240C,0,-1.7533,0.10661011934280396,0.9838056564331055,0.8244264721870422
YCR093W,YBL101W-B,0,-1.7533,0.10659453272819519,0.9838056564331055,0.8245614171028137
YDR014W-A,YCR057C,0,-1.7533,0.10657894611358643,0.9838056564331055,0.8246963620185852
YHR085W,YOR098C,0,-1.7538478,0.10656336694955826,0.9838056564331055,0.8248313069343567
YER117W,YFR018C,0,-1.7539706,0.10654779523611069,0.9838056564331055,0.8249662518501282
YDR261C-D,YJR083C,0,-1.7542007,0.10653222352266312,0.9838056564331055,0.8251011967658997
YNL284C-A,YDR138W,0,-1.7542111,0.10651665925979614,0.9838056564331055,0.8252361416816711
YJL187C,YNR002C,0,-1.7543395,0.10650109499692917,0.9838056564331055,0.8253711462020874
YLR224W,YBR061C,0,-1.7549038,0.10648553818464279,0.9838056564331055,0.8255060911178589
YOR237W,YOR142W-A,0,-1.7562337,0.10646998882293701,0.9838056564331055,0.8256410360336304
YER008C,YIL083C,0,-1.7568923,0.10645443946123123,0.9838056564331055,0.8257759809494019
YKL082C,YGR179C,0,-1.7570289,0.10643889755010605,0.9838056564331055,0.8259109258651733
YGR056W,YML045W-A,0,-1.7572258,0.10642335563898087,0.9838056564331055,0.8260458707809448
YLR401C,YGR034W,0,-1.7574632,0.10640782117843628,0.9838056564331055,0.8261808156967163
YER087C-B,YER104W,0,-1.7582322,0.10639229416847229,0.9838056564331055,0.8263157606124878
YNR074C,YAL063C,0,-1.7584769,0.1063767671585083,0.9838056564331055,0.826450765132904
YOR287C,YDR164C,0,-1.7585638,0.10636124759912491,0.9838056564331055,0.8265857100486755
YML045W-A,YER002W,0,-1.7586588,0.10634573549032211,0.9838056564331055,0.826720654964447
YGR238C,YHR008C,0,-1.758775,0.10633022338151932,0.9838056564331055,0.8268555998802185
YER154W,YDR508C,0,-1.7588522,0.10631471127271652,0.9838056564331055,0.82699054479599
YIL143C,YOL062C,0,-1.7591574,0.10629921406507492,0.9838056564331055,0.8271254897117615
YKR054C,YGR036C,0,-1.7595801,0.10628371685743332,0.9838056564331055,0.827260434627533
YKR036C,YPL083C,0,-1.7605567,0.10626821964979172,0.9838056564331055,0.8273954391479492
YNR017W,YMR295C,0,-1.7607015,0.10625272989273071,0.9838056564331055,0.8275303840637207
YKL170W,YFL035C,0,-1.7610638,0.1062372475862503,0.9838056564331055,0.8276653289794922
YER138C,YOL052C,0,-1.7614081,0.1062217652797699,0.9838056564331055,0.8278002738952637
YOL103W-B,YJL030W,0,-1.7618254,0.10620629042387009,0.9838056564331055,0.8279352188110352
YDL029W,YER138C,0,-1.7621725,0.10619082301855087,0.9838056564331055,0.8280701637268066
YDR062W,YLR391W,0,-1.7624271,0.10617535561323166,0.9838056564331055,0.8282051086425781
YOL145C,YPL094C,0,-1.7626117,0.10615989565849304,0.9838056564331055,0.8283400535583496
YDR170C,YMR300C,0,-1.7626519,0.10614443570375443,0.9838056564331055,0.8284750580787659
YER125W,YFR001W,0,-1.7633741,0.1061289831995964,0.9838056564331055,0.8286100029945374
YGR032W,YCL034W,0,-1.7640443,0.10611353814601898,0.9838056564331055,0.8287449479103088
YOL155C,YOR327C,0,-1.7641156,0.10609809309244156,0.9838056564331055,0.8288798928260803
YKL200C,YPR006C,0,-1.7643917,0.10608265548944473,0.9838056564331055,0.8290148377418518
YHR047C,YOL062C,0,-1.7645311,0.1060672178864479,0.9838056564331055,0.8291497826576233
YOR239W,YBL052C,0,-1.7649505,0.10605178773403168,0.9838056564331055,0.8292847275733948
YDR090C,YDR064W,0,-1.7660295,0.10603636503219604,0.9838056564331055,0.829419732093811
YFL048C,YKL175W,0,-1.7664388,0.10602094233036041,0.9838056564331055,0.8295546770095825
YDR174W,YLR033W,0,-1.7672236,0.10600552707910538,0.9838056564331055,0.829689621925354
YNL261W,YLL061W,0,-1.7672749,0.10599011182785034,0.9838056564331055,0.8298245668411255
YKL097W-A,YBR074W,0,-1.7678235,0.1059747040271759,0.9838056564331055,0.829959511756897
YNL131W,YGR169C,0,-1.7680004,0.10595930367708206,0.9838056564331055,0.8300944566726685
YGL203C,YPL027W,0,-1.7685429,0.10594390332698822,0.9838056564331055,0.8302294015884399
YKR002W,YKL097W-A,0,-1.76869,0.10592851042747498,0.9838056564331055,0.8303643465042114
YNL297C,YLR348C,0,-1.7689661,0.10591311752796173,0.9838056564331055,0.8304993510246277
YOR378W,YOR261C,0,-1.7695317,0.10589773207902908,0.9838056564331055,0.8306342959403992
YDL179W,YDL045C,0,-1.7695826,0.10588235408067703,0.9838056564331055,0.8307692408561707
YMR077C,YKL096W-A,0,-1.7699826,0.10586697608232498,0.9838056564331055,0.8309041857719421
YFL035C,YDL225W,0,-1.7700195,0.10585160553455353,0.9838056564331055,0.8310391306877136
YIL017W,YPL011C,0,-1.7701311,0.10583623498678207,0.9838056564331055,0.8311740756034851
YOL142W,YCR097WB,0,-1.7704587,0.10582087188959122,0.9838056564331055,0.8313090205192566
YLL033W,YCR055C,0,-1.7708634,0.10580551624298096,0.9838056564331055,0.8314439654350281
YGR216C,YMR246W,0,-1.7708946,0.1057901605963707,0.9838056564331055,0.8315789699554443
YMR241W,YJR119C,0,-1.7709817,0.10577481240034103,0.9838056564331055,0.8317139148712158
YGR221C,YCR097WB,0,-1.7712538,0.10575946420431137,0.9838056564331055,0.8318488597869873
YCR014C,YJR032W,0,-1.7712605,0.1057441234588623,0.9838056564331055,0.8319838047027588
YBL085W,YCL060C,0,-1.7715132,0.10572879016399384,0.9838056564331055,0.8321187496185303
YFL048C,YEL041W,0,-1.7726707,0.10571345686912537,0.9838056564331055,0.8322536945343018
YOL066C,YML080W,0,-1.7738513,0.1056981310248375,0.9838056564331055,0.8323886394500732
YCR080W,YGL259W,0,-1.7739222,0.10568280518054962,0.9838056564331055,0.8325236439704895
YHR066W,YGL236C,0,-1.7741513,0.10566748678684235,0.9838056564331055,0.832658588886261
YOL010W,YLR391W,0,-1.774189,0.10565217584371567,0.9838056564331055,0.8327935338020325
YLR203C,YBL101W-B,0,-1.7749933,0.10563686490058899,0.9838056564331055,0.832928478717804
YKL200C,YIL079C,0,-1.7756783,0.10562156140804291,0.9838056564331055,0.8330634236335754
YCL043C,YOL111C,0,-1.7757607,0.10560625791549683,0.9838056564331055,0.8331983685493469
YOL010W,YCL003W,0,-1.7759957,0.10559096187353134,0.9838056564331055,0.8333333134651184
YNR017W,YEL030W,0,-1.7761807,0.10557567328214645,0.9838056564331055,0.8334682583808899
YNR067C,YFL023W,0,-1.7765182,0.10556038469076157,0.9838056564331055,0.8336032629013062
YDR351W,YCL025C,0,-1.7772782,0.10554509609937668,0.9838056564331055,0.8337382078170776
YGL026C,YGL148W,0,-1.7776074,0.10552982240915298,0.9838056564331055,0.8338731527328491
YFL035C,YPL098C,0,-1.7780538,0.10551454871892929,0.9838056564331055,0.8340080976486206
YPR158C-C,YHR008C,0,-1.778199,0.1054992750287056,0.9838056564331055,0.8341430425643921
YDR310C,YBR276C,0,-1.7783992,0.1054840087890625,0.9838056564331055,0.8342779874801636
YGR216C,YKL082C,0,-1.7809348,0.10546875,0.9838056564331055,0.8344129323959351
YGL050W,YDR261C-D,0,-1.7816454,0.1054534912109375,0.9838056564331055,0.8345479369163513
YDL179W,YOR162C,0,-1.783044,0.1054382398724556,0.9838056564331055,0.8346828818321228
YBR096W,YCL003W,0,-1.7842139,0.10542299598455429,0.9838056564331055,0.8348178267478943
YFL035C,YLR213C,0,-1.7843312,0.10540775209665298,0.9838056564331055,0.8349527716636658
YPR001W,YNL016W,0,-1.78487,0.10539250820875168,0.9838056564331055,0.8350877165794373
YKL097W-A,YLR325C,0,-1.7851083,0.10537727922201157,0.9838056564331055,0.8352226614952087
YDR263C,YBR020W,0,-1.7861121,0.10536205023527145,0.9838056564331055,0.8353576064109802
YBR195C,YFL038C,0,-1.7872853,0.10534682124853134,0.9838056564331055,0.8354925513267517
YOR147W,YER115C,0,-1.7877641,0.10533159971237183,0.9838056564331055,0.835627555847168
YCR080W,YOL026C,0,-1.7879283,0.10531638562679291,0.9838056564331055,0.8357625007629395
YDL245C,YGR271W,0,-1.7880789,0.10530117154121399,0.9838056564331055,0.8358974456787109
YNL284C-A,YNL122C,0,-1.7882314,0.10528596490621567,0.9838056564331055,0.8360323905944824
YLR033W,YLR187W,0,-1.7890341,0.10527075827121735,0.9838056564331055,0.8361673355102539
YKL097W-A,YKL186C,0,-1.7894545,0.10525555908679962,0.9838056564331055,0.8363022804260254
YPR026W,YJL187C,0,-1.7895383,0.1052403673529625,0.9838056564331055,0.8364372253417969
YPR171W,YLR187W,0,-1.7897866,0.10522517561912537,0.9838056564331055,0.8365721702575684
YDL055C,YDL171C,0,-1.7898004,0.10520998388528824,0.9838056564331055,0.8367071747779846
YOR142W-A,YLR386W,0,-1.7900767,0.1051948070526123,0.9838056564331055,0.8368421196937561
YOL142W,YKL097W-A,0,-1.7908511,0.10517963021993637,0.9838056564331055,0.8369770646095276
YCR097WB,YOR353C,0,-1.7916616,0.10516445338726044,0.9838056564331055,0.8371120095252991
YJL187C,YDR173C,0,-1.7917594,0.1051492840051651,0.9838056564331055,0.8372469544410706
YKL200C,YOR038C,0,-1.7917929,0.10513412207365036,0.9838056564331055,0.837381899356842
YMR321C,YKL097W-A,0,-1.7921813,0.10511896014213562,0.9838056564331055,0.8375168442726135
YGL236C,YOL136C,0,-1.7924272,0.10510380566120148,0.9838056564331055,0.8376518487930298
YJR055W,YKL200C,0,-1.7925837,0.10508865863084793,0.9838056564331055,0.8377867937088013
YKL200C,YOR351C,0,-1.7925894,0.10507351160049438,0.9838056564331055,0.8379217386245728
YCR097WB,YDR444W,0,-1.7926171,0.10505836457014084,0.9838056564331055,0.8380566835403442
YMR112C,YLR047C,0,-1.7927397,0.10504322499036789,0.9838056564331055,0.8381916284561157
YGR081C,YCR080W,0,-1.7927665,0.10502809286117554,0.9838056564331055,0.8383265733718872
YDR411C,YBL101W-B,0,-1.793194,0.10501296818256378,0.9838056564331055,0.8384615182876587
YMR123W,YCR097WB,0,-1.7933269,0.10499783605337143,0.9838056564331055,0.8385964632034302
YKL200C,YKR101W,0,-1.7933984,0.10498271882534027,0.9838056564331055,0.8387314677238464
YFL035C,YGR027C,0,-1.7934333,0.10496760159730911,0.9838056564331055,0.8388664126396179
YGR081C,YMR172W,0,-1.7934526,0.10495249181985855,0.9838056564331055,0.8390013575553894
YJR151C,YKL097W-A,0,-1.79348,0.10493738204240799,0.9838056564331055,0.8391363024711609
YDR371W,YMR193W,0,-1.7936993,0.10492227971553802,0.9838056564331055,0.8392712473869324
YKR019C,YBL011W,0,-1.7937433,0.10490717738866806,0.9838056564331055,0.8394061923027039
YBL101W-B,YHR058C,0,-1.7937896,0.10489208996295929,0.9838056564331055,0.8395411372184753
YLR447C,YCR097WB,0,-1.7938015,0.10487699508666992,0.9838056564331055,0.8396761417388916
YBR052C,YKL097W-A,0,-1.7938111,0.10486190766096115,0.9838056564331055,0.8398110866546631
YKL009W,YGR155W,0,-1.793925,0.10484682768583298,0.9838056564331055,0.8399460315704346
YDL140C,YIL017W,0,-1.794059,0.1048317551612854,0.9838056564331055,0.840080976486206
YPR167C,YNL027W,0,-1.794089,0.10481667518615723,0.9838056564331055,0.8402159214019775
YIL113W,YNL128W,1,-1.7941799,0.10494536906480789,0.9851552248001099,0.8402159214019775
YBR282W,YFL035C,0,-1.7945465,0.10493028908967972,0.9851552248001099,0.840350866317749
YOR310C,YFL035C,0,-1.7949024,0.10491520911455154,0.9851552248001099,0.8404858112335205
YHR047C,YDR419W,0,-1.7950302,0.10490012913942337,0.9851552248001099,0.840620756149292
YCR055C,YHR051W,0,-1.7952809,0.1048850566148758,0.9851552248001099,0.8407557606697083
YMR168C,YCL060C,0,-1.7955341,0.10486999154090881,0.9851552248001099,0.8408907055854797
YPL027W,YNL239W,0,-1.7958578,0.10485492646694183,0.9851552248001099,0.8410256505012512
YNL307C,YGL030W,0,-1.7959783,0.10483986884355545,0.9851552248001099,0.8411605954170227
YGR020C,YLR050C,0,-1.796001,0.10482481122016907,0.9851552248001099,0.8412955403327942
YKL097W-A,YER052C,0,-1.7960297,0.10480976104736328,0.9851552248001099,0.8414304852485657
YGL200C,YMR227C,0,-1.7963169,0.10479471832513809,0.9851552248001099,0.8415654301643372
YDL045W-A,YNL122C,0,-1.7966344,0.1047796756029129,0.9851552248001099,0.8417003750801086
YGL200C,YIL083C,0,-1.7969425,0.10476464033126831,0.9851552248001099,0.8418353796005249
YMR182C,YDR369C,0,-1.7969494,0.10474960505962372,0.9851552248001099,0.8419703245162964
YNL302C,YCL003W,0,-1.7970324,0.10473457723855972,0.9851552248001099,0.8421052694320679
YJL114W,YNL298W,0,-1.7981988,0.10471954941749573,0.9851552248001099,0.8422402143478394
YCL060C,YNL182C,0,-1.7982905,0.10470452904701233,0.9851552248001099,0.8423751592636108
YEL043W,YLR391W,0,-1.7985153,0.10468951612710953,0.9851552248001099,0.8425101041793823
YPL094C,YCR097WB,0,-1.7986305,0.10467450320720673,0.9851552248001099,0.8426450490951538
YDR172W,YCR080W,0,-1.7989819,0.10465949773788452,0.9851552248001099,0.8427800536155701
YHR004C,YCL003W,0,-1.7991331,0.10464449226856232,0.9851552248001099,0.8429149985313416
YNL110C,YCR097WB,0,-1.7992955,0.10462949424982071,0.9851552248001099,0.843049943447113
YNL335W,YCL003W,0,-1.7995005,0.1046145036816597,0.9851552248001099,0.8431848883628845
YKL013C,YLR391W,0,-1.7995753,0.10459951311349869,0.9851552248001099,0.843319833278656
YKR101W,YDR403W,0,-1.8006998,0.10458452999591827,0.9851552248001099,0.8434547781944275
YHR214C-B,YPL244C,0,-1.8007817,0.10456954687833786,0.9851552248001099,0.843589723110199
YLR404W,YPR001W,0,-1.8011103,0.10455457121133804,0.9851552248001099,0.8437246680259705
YHR164C,YFL010W-A,0,-1.8020768,0.10453959554433823,0.9851552248001099,0.8438596725463867
YPL127C,YPR159W,0,-1.8023463,0.104524627327919,0.9851552248001099,0.8439946174621582
YLR029C,YGL030W,0,-1.8024246,0.10450966656208038,0.9851552248001099,0.8441295623779297
YDR210C-C,YGL256W,0,-1.8024274,0.10449470579624176,0.9851552248001099,0.8442645072937012
YDR131C,YMR269W,0,-1.8040061,0.10447974503040314,0.9851552248001099,0.8443994522094727
YPR144C,YDR527W,0,-1.8049572,0.10446479916572571,0.9851552248001099,0.8445343971252441
YJL117W,YNL080C,0,-1.8059678,0.10444985330104828,0.9851552248001099,0.8446693420410156
YBR287W,YDL039C,0,-1.8063536,0.10443490743637085,0.9851552248001099,0.8448043465614319
YPL218W,YDL170W,0,-1.8069034,0.10441996902227402,0.9851552248001099,0.8449392914772034
YNL284C-A,YOR298W,0,-1.8076051,0.10440503060817719,0.9851552248001099,0.8450742363929749
YBL028C,YJL176C,0,-1.8080866,0.10439010709524155,0.9851552248001099,0.8452091813087463
YLR029C,YGR012W,0,-1.8083683,0.10437517613172531,0.9851552248001099,0.8453441262245178
YKL061W,YER074W,0,-1.8095444,0.10436026006937027,0.9851552248001099,0.8454790711402893
YCR093W,YLR386W,0,-1.8098462,0.10434533655643463,0.9851552248001099,0.8456140160560608
YNL032W,YNL128W,1,-1.8098593,0.10447334498167038,0.9865047335624695,0.8456140160560608
YKL009W,YOR355W,0,-1.8098738,0.10445841401815414,0.9865047335624695,0.8457489609718323
YMR160W,YMR246W,0,-1.8116975,0.1044434905052185,0.9865047335624695,0.8458839654922485
YJR092W,YPL200W,0,-1.8128474,0.10442857444286346,0.9865047335624695,0.84601891040802
YDL054C,YGR239C,0,-1.8133905,0.10441365838050842,0.9865047335624695,0.8461538553237915
YFR036W,YML056C,0,-1.8151226,0.10439874231815338,0.9865047335624695,0.846288800239563
YFL001W,YDR496C,0,-1.8162117,0.10438383370637894,0.9865047335624695,0.8464237451553345
YBR182C,YLR344W,0,-1.8165134,0.10436893254518509,0.9865047335624695,0.846558690071106
YJR151C,YBR067C,0,-1.8165869,0.10435403138399124,0.9865047335624695,0.8466936349868774
YGR105W,YGL259W,0,-1.8186002,0.10433913767337799,0.9865047335624695,0.8468286395072937
YDR233C,YPR187W,0,-1.819389,0.10432424396276474,0.9865047335624695,0.8469635844230652
YEL053C,YNR018W,0,-1.8196281,0.10430935770273209,0.9865047335624695,0.8470985293388367
YOL142W,YPL127C,0,-1.8200296,0.10429447889328003,0.9865047335624695,0.8472334742546082
YMR284W,YDR415C,0,-1.8204738,0.10427960008382797,0.9865047335624695,0.8473684191703796
YHR066W,YKR055W,0,-1.8206842,0.10426472872495651,0.9865047335624695,0.8475033640861511
YDR492W,YPL027W,0,-1.8208973,0.10424985736608505,0.9865047335624695,0.8476383090019226
YDR245W,YNL016W,0,-1.823056,0.10423499345779419,0.9865047335624695,0.8477732539176941
YGR288W,YDL097C,0,-1.8260896,0.10422012954950333,0.9865047335624695,0.8479082584381104
YOL070C,YIR011C,0,-1.8261573,0.10420527309179306,0.9865047335624695,0.8480432033538818
YNL297C,YOR098C,0,-1.8264878,0.10419042408466339,0.9865047335624695,0.8481781482696533
YDL074C,YJL130C,0,-1.8268083,0.10417557507753372,0.9865047335624695,0.8483130931854248
YJR055W,YGL186C,0,-1.826963,0.10416072607040405,0.9865047335624695,0.8484480381011963
YDR351W,YGR282C,0,-1.8272338,0.10414589196443558,0.9865047335624695,0.8485829830169678
YKL180W,YIL048W,0,-1.8274494,0.1041310504078865,0.9865047335624695,0.8487179279327393
YMR117C,YNL163C,0,-1.8290882,0.10411622375249863,0.9865047335624695,0.8488528728485107
YML049C,YGR185C,0,-1.8292158,0.10410139709711075,0.9865047335624695,0.848987877368927
YMR304W,YER190W,0,-1.8292655,0.10408657044172287,0.9865047335624695,0.8491228222846985
YDR245W,YOL054W,0,-1.8303003,0.10407175123691559,0.9865047335624695,0.84925776720047
YKL095W,YNL078W,0,-1.8313732,0.1040569394826889,0.9865047335624695,0.8493927121162415
YER098W,YPL027W,0,-1.8327323,0.10404212772846222,0.9865047335624695,0.8495276570320129
YGR175C,YLL019C,0,-1.833538,0.10402732342481613,0.9865047335624695,0.8496626019477844
YOR159C,YOR187W,0,-1.8343395,0.10401251912117004,0.9865047335624695,0.8497975468635559
YLR344W,YPR159W,0,-1.8343785,0.10399772226810455,0.9865047335624695,0.8499325513839722
YHR164C,YFL021W,0,-1.8346875,0.10398293286561966,0.9865047335624695,0.8500674962997437
YOL057W,YLR153C,0,-1.8348804,0.10396814346313477,0.9865047335624695,0.8502024412155151
YJL124C,YGL148W,0,-1.8359592,0.10395335406064987,0.9865047335624695,0.8503373861312866
YGR252W,YDR138W,0,-1.8360374,0.10393857210874557,0.9865047335624695,0.8504723310470581
YDL084W,YJR063W,0,-1.8370891,0.10392379760742188,0.9865047335624695,0.8506072759628296
YJR092W,YJL124C,0,-1.8371072,0.10390902310609818,0.9865047335624695,0.8507422208786011
YDR473C,YKL171W,0,-1.8381615,0.10389425605535507,0.9865047335624695,0.8508771657943726
YDL045W-A,YPR149W,0,-1.8384669,0.10387949645519257,0.9865047335624695,0.8510121703147888
YGL203C,YLR301W,0,-1.8388519,0.10386473685503006,0.9865047335624695,0.8511471152305603
YGL200C,YJL081C,0,-1.839534,0.10384997725486755,0.9865047335624695,0.8512820601463318
YDL111C,YMR194W,0,-1.8398219,0.10383522510528564,0.9865047335624695,0.8514170050621033
YJR004C,YFR033C,0,-1.8405952,0.10382048040628433,0.9865047335624695,0.8515519499778748
YCR030C,YDR245W,0,-1.8409294,0.10380573570728302,0.9865047335624695,0.8516868948936462
YOR377W,YKL144C,0,-1.841924,0.1037909984588623,0.9865047335624695,0.8518218398094177
YPL083C,YGL113W,0,-1.8420522,0.10377626121044159,0.9865047335624695,0.851956844329834
YPR073C,YOR090C,1,-1.8424481,0.10390347987413406,0.9878542423248291,0.851956844329834
YBL052C,YHR051W,0,-1.8430641,0.10388872772455215,0.9878542423248291,0.8520917892456055
YKL190W,YDR229W,0,-1.8437638,0.10387399047613144,0.9878542423248291,0.852226734161377
YMR065W,YFR033C,0,-1.8438907,0.10385925322771072,0.9878542423248291,0.8523616790771484
YIL095W,YFL021W,0,-1.8448238,0.10384451597929001,0.9878542423248291,0.8524966239929199
YNR035C,YHR039C-A,0,-1.8449419,0.10382978618144989,0.9878542423248291,0.8526315689086914
YMR176W,YIL035C,0,-1.8457513,0.10381506383419037,0.9878542423248291,0.8527665138244629
YMR180C,YOR251C,0,-1.8463807,0.10380034148693085,0.9878542423248291,0.8529014587402344
YEL069C,YLR203C,0,-1.8466016,0.10378562659025192,0.9878542423248291,0.8530364632606506
YER022W,YKL020C,0,-1.8484389,0.103770911693573,0.9878542423248291,0.8531714081764221
YJL071W,YPR127W,0,-1.8485281,0.10375620424747467,0.9878542423248291,0.8533063530921936
YBR177C,YBL041W,0,-1.8485907,0.10374149680137634,0.9878542423248291,0.8534412980079651
YML058W-A,YBL028C,0,-1.8487879,0.10372679680585861,0.9878542423248291,0.8535762429237366
YOR084W,YNL309W,0,-1.848857,0.10371209681034088,0.9878542423248291,0.8537111878395081
YNL073W,YPL099C,0,-1.8500586,0.10369740426540375,0.9878542423248291,0.8538461327552795
YJR112W,YLR301W,0,-1.8508607,0.10368271917104721,0.9878542423248291,0.853981077671051
YPR080W,YMR227C,0,-1.8510257,0.10366803407669067,0.9878542423248291,0.8541160821914673
YDR518W,YLR389C,0,-1.8518469,0.10365335643291473,0.9878542423248291,0.8542510271072388
YBL085W,YLR160C,0,-1.8526907,0.1036386787891388,0.9878542423248291,0.8543859720230103
YPL082C,YMR186W,0,-1.852967,0.10362400859594345,0.9878542423248291,0.8545209169387817
YDL055C,YMR301C,0,-1.8531591,0.10360933840274811,0.9878542423248291,0.8546558618545532
YLR203C,YBL005W-B,0,-1.853593,0.10359467566013336,0.9878542423248291,0.8547908067703247
YBR261C,YGL259W,0,-1.8544359,0.10358002036809921,0.9878542423248291,0.8549257516860962
YNL102W,YGL216W,0,-1.855512,0.10356536507606506,0.9878542423248291,0.8550607562065125
YIL134W,YOR304W,0,-1.856065,0.10355071723461151,0.9878542423248291,0.8551957011222839
YMR270C,YOR338W,0,-1.8582522,0.10353606939315796,0.9878542423248291,0.8553306460380554
YGL170C,YOR168W,0,-1.8585784,0.103521429002285,0.9878542423248291,0.8554655909538269
YFL014W,YLR309C,0,-1.8590667,0.10350678861141205,0.9878542423248291,0.8556005358695984
YOL158C,YNL262W,0,-1.8591087,0.10349215567111969,0.9878542423248291,0.8557354807853699
YLL029W,YJR034W,0,-1.8592522,0.10347752273082733,0.9878542423248291,0.8558704257011414
YLR165C,YHR004C,0,-1.8606875,0.10346289724111557,0.9878542423248291,0.8560053706169128
YJR107W,YKL206C,0,-1.8613968,0.1034482792019844,0.9878542423248291,0.8561403751373291
YIL021W,YBR067C,0,-1.8626966,0.10343366116285324,0.9878542423248291,0.8562753200531006
YNL080C,YNR028W,0,-1.8629875,0.10341904312372208,0.9878542423248291,0.8564102649688721
YHR085W,YDR470C,0,-1.8632257,0.10340443253517151,0.9878542423248291,0.8565452098846436
YKL078W,YHR119W,0,-1.8633518,0.10338982939720154,0.9878542423248291,0.856680154800415
YCR030C,YLR164W,0,-1.8641472,0.10337522625923157,0.9878542423248291,0.8568150997161865
YDR378C,YPR163C,0,-1.8655995,0.1033606305718422,0.9878542423248291,0.856950044631958
YMR218C,YNR021W,0,-1.866632,0.10334604233503342,0.9878542423248291,0.8570850491523743
YMR277W,YOR090C,1,-1.8666494,0.10347261279821396,0.9892037510871887,0.8570850491523743
YLL004W,YMR300C,0,-1.8666748,0.10345800966024399,0.9892037510871887,0.8572199940681458
YOR206W,YNL016W,0,-1.866915,0.10344340652227402,0.9892037510871887,0.8573549389839172
YPR144C,YOL093W,0,-1.867551,0.10342881083488464,0.9892037510871887,0.8574898838996887
YFL048C,YNL230C,0,-1.8678191,0.10341422259807587,0.9892037510871887,0.8576248288154602
YGL122C,YDR496C,0,-1.8681184,0.10339963436126709,0.9892037510871887,0.8577597737312317
YPR144C,YDL077C,0,-1.8699341,0.10338504612445831,0.9892037510871887,0.8578947186470032
YLR395C,YMR038C,0,-1.8711255,0.10337047278881073,0.9892037510871887,0.8580296635627747
YDL084W,YKR103W,0,-1.8718003,0.10335589200258255,0.9892037510871887,0.8581646680831909
YPR189W,YPL099C,0,-1.8723959,0.10334132611751556,0.9892037510871887,0.8582996129989624
YBR276C,YOR355W,0,-1.8732367,0.10332675278186798,0.9892037510871887,0.8584345579147339
YLR305C,YHR164C,0,-1.873384,0.10331219434738159,0.9892037510871887,0.8585695028305054
YJL194W,YCR046C,0,-1.8736378,0.1032976359128952,0.9892037510871887,0.8587044477462769
YCR052W,YJL095W,0,-1.8737618,0.10328307747840881,0.9892037510871887,0.8588393926620483
YOR237W,YLR047C,0,-1.8739845,0.10326852649450302,0.9892037510871887,0.8589743375778198
YNL202W,YEL040W,0,-1.874327,0.10325398296117783,0.9892037510871887,0.8591092824935913
YDL028C,YOL026C,0,-1.8746338,0.10323943942785263,0.9892037510871887,0.8592442870140076
YGR144W,YOL028C,0,-1.8765773,0.10322489589452744,0.9892037510871887,0.859379231929779
YPR196W,YJL034W,0,-1.8769535,0.10321035981178284,0.9892037510871887,0.8595141768455505
YPL188W,YFL017W-A,0,-1.8770183,0.10319583117961884,0.9892037510871887,0.859649121761322
YLR206W,YPR091C,0,-1.8778276,0.10318130999803543,0.9892037510871887,0.8597840666770935
YGL122C,YOL124C,0,-1.87783,0.10316678136587143,0.9892037510871887,0.859919011592865
YNL231C,YJR083C,0,-1.8784101,0.10315226763486862,0.9892037510871887,0.8600539565086365
YPL122C,YJR112W,0,-1.879158,0.10313775390386581,0.9892037510871887,0.8601889610290527
YGL083W,YIL177C,0,-1.8797235,0.103123240172863,0.9892037510871887,0.8603239059448242
YLR165C,YGR027C,0,-1.8802111,0.1031087338924408,0.9892037510871887,0.8604588508605957
YPR144C,YKL174C,0,-1.8823798,0.10309423506259918,0.9892037510871887,0.8605937957763672
YGL200C,YNR028W,0,-1.8829429,0.10307973623275757,0.9892037510871887,0.8607287406921387
YFL010W-A,YNL239W,0,-1.8836973,0.10306524485349655,0.9892037510871887,0.8608636856079102
YBL079W,YPR152C,0,-1.8839707,0.10305075347423553,0.9892037510871887,0.8609986305236816
YER154W,YML099C,0,-1.8841276,0.10303626954555511,0.9892037510871887,0.8611335754394531
YLR353W,YGL037C,0,-1.8849951,0.1030217856168747,0.9892037510871887,0.8612685799598694
YKR071C,YDL040C,0,-1.8859705,0.10300730913877487,0.9892037510871887,0.8614035248756409
YKL217W,YGR118W,0,-1.8873761,0.10299283266067505,0.9892037510871887,0.8615384697914124
YPL244C,YDL148C,0,-1.8875053,0.10297836363315582,0.9892037510871887,0.8616734147071838
YMR168C,YLR404W,0,-1.8880498,0.1029639020562172,0.9892037510871887,0.8618083596229553
YDR144C,YPR026W,0,-1.888974,0.10294944047927856,0.9892037510871887,0.8619433045387268
YMR193W,YBL026W,0,-1.8899026,0.10293497890233994,0.9892037510871887,0.8620782494544983
YPR204W,YKR026C,0,-1.8901258,0.1029205247759819,0.9892037510871887,0.8622132539749146
YLR316C,YJL176C,0,-1.8905197,0.10290607810020447,0.9892037510871887,0.862348198890686
YMR269W,YDR229W,0,-1.8906431,0.10289163142442703,0.9892037510871887,0.8624831438064575
YLR395C,YGR268C,0,-1.8906612,0.1028771921992302,0.9892037510871887,0.862618088722229
YIL128W,YGL169W,0,-1.8917862,0.10286275297403336,0.9892037510871887,0.8627530336380005
YJL011C,YPL011C,0,-1.8932302,0.10284832119941711,0.9892037510871887,0.862887978553772
YBR081C,YNL258C,0,-1.8941431,0.10283389687538147,0.9892037510871887,0.8630229234695435
YBR066C,YOL038W,0,-1.8942735,0.10281947255134583,0.9892037510871887,0.8631578683853149
YIL095W,YNL016W,0,-1.8945467,0.10280504822731018,0.9892037510871887,0.8632928729057312
YMR300C,YNL298W,0,-1.8957564,0.10279063135385513,0.9892037510871887,0.8634278178215027
YMR319C,YLR268W,0,-1.8963984,0.10277622193098068,0.9892037510871887,0.8635627627372742
YDR144C,YDR508C,0,-1.8966119,0.10276181250810623,0.9892037510871887,0.8636977076530457
YCL036W,YLL019C,0,-1.8973508,0.10274740308523178,0.9892037510871887,0.8638326525688171
YOR378W,YOL155C,0,-1.9013135,0.10273300856351852,0.9892037510871887,0.8639675974845886
YKL082C,YER115C,0,-1.9019432,0.10271860659122467,0.9892037510871887,0.8641025424003601
YDL045W-A,YLR024C,0,-1.9031515,0.10270421952009201,0.9892037510871887,0.8642374873161316
YLR380W,YMR186W,0,-1.905338,0.10268983244895935,0.9892037510871887,0.8643724918365479
YMR117C,YBR120C,0,-1.9055398,0.10267544537782669,0.9892037510871887,0.8645074367523193
YEL031W,YOR327C,0,-1.9061017,0.10266106575727463,0.9892037510871887,0.8646423816680908
YLR447C,YGL163C,0,-1.9069154,0.10264668613672256,0.9892037510871887,0.8647773265838623
YER103W,YKL117W,0,-1.907549,0.1026323139667511,0.9892037510871887,0.8649122714996338
YDR351W,YDL045W-A,0,-1.9077911,0.10261794924736023,0.9892037510871887,0.8650472164154053
YNL314W,YDR285W,0,-1.9079473,0.10260358452796936,0.9892037510871887,0.8651821613311768
YPL042C,YMR093W,0,-1.9080396,0.10258921980857849,0.9892037510871887,0.865317165851593
YDR082W,YKL144C,0,-1.9080436,0.10257486999034882,0.9892037510871887,0.8654521107673645
YLL055W,YLR153C,0,-1.9092145,0.10256051272153854,0.9892037510871887,0.865587055683136
YHR002W,YPR080W,0,-1.9102707,0.10254617035388947,0.9892037510871887,0.8657220005989075
YNL172W,YGL225W,0,-1.9103283,0.10253182053565979,0.9892037510871887,0.865856945514679
YOL104C,YPL096W,0,-1.9104222,0.10251748561859131,0.9892037510871887,0.8659918904304504
YCR060W,YKR103W,0,-1.9129789,0.10250314325094223,0.9892037510871887,0.8661268353462219
YGR281W,YKL096W-A,0,-1.9149667,0.10248881578445435,0.9892037510871887,0.8662617802619934
YDR082W,YCR060W,0,-1.9153211,0.10247448831796646,0.9892037510871887,0.8663967847824097
YHR156C,YPR159W,0,-1.916485,0.10246016085147858,0.9892037510871887,0.8665317296981812
YAL063C,YNL107W,0,-1.9172848,0.10244584083557129,0.9892037510871887,0.8666666746139526
YMR176W,YPL129W,0,-1.9174253,0.1024315282702446,0.9892037510871887,0.8668016195297241
YDL171C,YPL274W,0,-1.9181163,0.10241721570491791,0.9892037510871887,0.8669365644454956
YJR026W,YMR136W,0,-1.9183844,0.10240290313959122,0.9892037510871887,0.8670715093612671
YPR204W,YGL225W,0,-1.919188,0.10238860547542572,0.9892037510871887,0.8672064542770386
YMR218C,YDR310C,0,-1.9193354,0.10237430036067963,0.9892037510871887,0.8673414587974548
YDR383C,YGR225W,0,-1.9194771,0.10236000269651413,0.9892037510871887,0.8674764037132263
YJL034W,YNL092W,0,-1.9198096,0.10234571248292923,0.9892037510871887,0.8676113486289978
YLR325C,YMR075W,0,-1.9202437,0.10233142226934433,0.9892037510871887,0.8677462935447693
YHR047C,YJL053W,0,-1.9208846,0.10231713950634003,0.9892037510871887,0.8678812384605408
YMR089C,YIL095W,0,-1.9217881,0.10230286419391632,0.9892037510871887,0.8680161833763123
YGL186C,YJL166W,0,-1.9220178,0.10228858143091202,0.9892037510871887,0.8681511282920837
YDL171C,YBR141C,0,-1.9226563,0.10227431356906891,0.9892037510871887,0.8682860732078552
YDR392W,YCR046C,0,-1.9227214,0.1022600457072258,0.9892037510871887,0.8684210777282715
YKL093W,YER098W,0,-1.9228681,0.10224577784538269,0.9892037510871887,0.868556022644043
YDR030C,YOL112W,0,-1.9229542,0.10223151743412018,0.9892037510871887,0.8686909675598145
YFR033C,YMR210W,0,-1.9231778,0.10221726447343826,0.9892037510871887,0.8688259124755859
YNL050C,YMR295C,0,-1.9257092,0.10220301151275635,0.9892037510871887,0.8689608573913574
YHR041C,YPR091C,0,-1.9259026,0.10218876600265503,0.9892037510871887,0.8690958023071289
YDR351W,YPL094C,0,-1.9261961,0.10217452049255371,0.9892037510871887,0.8692307472229004
YBR059C,YIR005W,0,-1.926394,0.10216028243303299,0.9892037510871887,0.8693657517433167
YHR168W,YJR133W,0,-1.9273753,0.10214604437351227,0.9892037510871887,0.8695006966590881
YLR278C,YDR218C,0,-1.9276956,0.10213180631399155,0.9892037510871887,0.8696356415748596
YJR130C,YJR140C,0,-1.9298614,0.10211758315563202,0.9892037510871887,0.8697705864906311
YLR244C,YIL047C,0,-1.9320061,0.10210335999727249,0.9892037510871887,0.8699055314064026
YPR026W,YNL302C,0,-1.9330311,0.10208913683891296,0.9892037510871887,0.8700404763221741
YOR287C,YDR392W,0,-1.9334211,0.10207492113113403,0.9892037510871887,0.8701754212379456
YIL095W,YDL128W,0,-1.9350697,0.1020607054233551,0.9892037510871887,0.870310366153717
YBR243C,YOL108C,0,-1.9356544,0.10204649716615677,0.9892037510871887,0.8704453706741333
YBR042C,YJR101W,0,-1.9357011,0.10203229635953903,0.9892037510871887,0.8705803155899048
YGR180C,YPL083C,0,-1.9357271,0.1020180955529213,0.9892037510871887,0.8707152605056763
YJL024C,YNR035C,0,-1.9358671,0.10200389474630356,0.9892037510871887,0.8708502054214478
YPR144C,YIL159W,0,-1.935966,0.10198970139026642,0.9892037510871887,0.8709851503372192
YOR215C,YPL087W,0,-1.9369062,0.10197551548480988,0.9892037510871887,0.8711200952529907
YGL186C,YJR040W,0,-1.9376051,0.10196132957935333,0.9892037510871887,0.8712550401687622
YNL102W,YNL121C,0,-1.9388263,0.10194715112447739,0.9892037510871887,0.8713899850845337
YOL112W,YBR271W,0,-1.9411712,0.10193297266960144,0.9892037510871887,0.87152498960495
YBR128C,YFR018C,0,-1.9425209,0.10191880166530609,0.9892037510871887,0.8716599345207214
YGR221C,YPR043W,0,-1.9452436,0.10190463066101074,0.9892037510871887,0.8717948794364929
YLR321C,YNL175C,0,-1.9470685,0.10189046710729599,0.9892037510871887,0.8719298243522644
YLR270W,YCR046C,0,-1.9504296,0.10187630355358124,0.9892037510871887,0.8720647692680359
YNL032W,YMR277W,1,-1.950435,0.10200110822916031,0.9905533194541931,0.8720647692680359
YNL032W,YFR028C,1,-1.9510906,0.10212588310241699,0.9919028282165527,0.8720647692680359
YNL262W,YPL011C,0,-1.953053,0.10211169719696045,0.9919028282165527,0.8721997141838074
YPL002C,YOR222W,0,-1.9546132,0.1020975112915039,0.9919028282165527,0.8723346590995789
YHR060W,YPL167C,0,-1.9566835,0.10208333283662796,0.9919028282165527,0.8724696636199951
YJL011C,YOL158C,0,-1.9567502,0.10206915438175201,0.9919028282165527,0.8726046085357666
YDL227C,YOR393W,0,-1.958525,0.10205498337745667,0.9919028282165527,0.8727395534515381
YNL131W,YNL274C,0,-1.9608476,0.10204081982374191,0.9919028282165527,0.8728744983673096
YIR025W,YBR026C,0,-1.9622135,0.10202664881944656,0.9919028282165527,0.873009443283081
YOR159C,YER103W,0,-1.9623115,0.10201249271631241,0.9919028282165527,0.8731443881988525
YDL208W,YDL170W,0,-1.9625412,0.10199833661317825,0.9919028282165527,0.873279333114624
YPL002C,YNL084C,0,-1.963094,0.1019841805100441,0.9919028282165527,0.8734142780303955
YDR144C,YKL130C,0,-1.963476,0.10197003185749054,0.9919028282165527,0.8735492825508118
YGR177C,YHR077C,0,-1.9635446,0.10195589065551758,0.9919028282165527,0.8736842274665833
YDL061C,YER087W,0,-1.9654021,0.10194174945354462,0.9919028282165527,0.8738191723823547
YNL273W,YPL082C,0,-1.9655932,0.10192760825157166,0.9919028282165527,0.8739541172981262
YLR228C,YNL219C,0,-1.9676353,0.10191347450017929,0.9919028282165527,0.8740890622138977
YLR383W,YKL082C,0,-1.9692667,0.10189934819936752,0.9919028282165527,0.8742240071296692
YMR203W,YLL017W,0,-1.9694793,0.10188522189855576,0.9919028282165527,0.8743589520454407
YLR325C,YBR257W,0,-1.9703273,0.10187110304832458,0.9919028282165527,0.8744939565658569
YGR251W,YCL018W,0,-1.9704605,0.10185698419809341,0.9919028282165527,0.8746289014816284
YAL033W,YIL020C,0,-1.9719003,0.10184287279844284,0.9919028282165527,0.8747638463973999
YGL237C,YCL014W,0,-1.9719427,0.10182876139879227,0.9919028282165527,0.8748987913131714
YHR061C,YJR133W,0,-1.9728501,0.10181465744972229,0.9919028282165527,0.8750337362289429
YBR182C,YLL008W,0,-1.9730222,0.10180055350065231,0.9919028282165527,0.8751686811447144
YKL161C,YML028W,0,-1.9733366,0.10178645700216293,0.9919028282165527,0.8753036260604858
YOL112W,YLR321C,0,-1.9742501,0.10177236050367355,0.9919028282165527,0.8754385709762573
YJR028W,YNL192W,0,-1.974386,0.10175827145576477,0.9919028282165527,0.8755735754966736
YPL276W,YJL171C,0,-1.9746387,0.10174418240785599,0.9919028282165527,0.8757085204124451
YLR219W,YNR028W,0,-1.9746888,0.1017301008105278,0.9919028282165527,0.8758434653282166
YDR196C,YKL096W-A,0,-1.9762397,0.10171602666378021,0.9919028282165527,0.875978410243988
YLR329W,YHR059W,0,-1.9764335,0.10170195251703262,0.9919028282165527,0.8761133551597595
YKR103W,YLR164W,0,-1.9772804,0.10168787837028503,0.9919028282165527,0.876248300075531
YDR378C,YMR093W,0,-1.9777592,0.10167381167411804,0.9919028282165527,0.8763832449913025
YOL104C,YFR036W,0,-1.9784629,0.10165975242853165,0.9919028282165527,0.876518189907074
YJL214W,YGL071W,0,-1.9790683,0.10164569318294525,0.9919028282165527,0.8766531944274902
YNL314W,YBL052C,0,-1.9805491,0.10163163393735886,0.9919028282165527,0.8767881393432617
YHR085W,YNL262W,0,-1.9820647,0.10161758959293365,0.9919028282165527,0.8769230842590332
YJR021C,YJR133W,0,-1.9827454,0.10160353779792786,0.9919028282165527,0.8770580291748047
YGL259W,YHR051W,0,-1.9838905,0.10158949345350266,0.9919028282165527,0.8771929740905762
YNL163C,YMR301C,0,-1.9846463,0.10157545655965805,0.9919028282165527,0.8773279190063477
YAL022C,YIL159W,0,-1.985831,0.10156141966581345,0.9919028282165527,0.8774628639221191
YMR277W,YGR123C,1,-1.9858801,0.1016855463385582,0.9932523369789124,0.8774628639221191
YDR492W,YAR027W,0,-1.9866093,0.101671501994133,0.9932523369789124,0.8775978684425354
YLR016C,YJR133W,0,-1.9877155,0.1016574576497078,0.9932523369789124,0.8777328133583069
YHR164C,YBR261C,0,-1.9879167,0.10164342075586319,0.9932523369789124,0.8778677582740784
YNL314W,YHR135C,0,-1.9879489,0.10162938386201859,0.9932523369789124,0.8780027031898499
YMR319C,YNR067C,0,-1.9890714,0.10161535441875458,0.9932523369789124,0.8781376481056213
YIL134W,YPL098C,0,-1.9899768,0.10160132497549057,0.9932523369789124,0.8782725930213928
YBR261C,YLR344W,0,-1.9907317,0.10158730298280716,0.9932523369789124,0.8784075379371643
YDR512C,YAL029C,0,-1.9911407,0.10157328099012375,0.9932523369789124,0.8785424828529358
YDR233C,YOR304C-A,0,-1.9918131,0.10155926644802094,0.9932523369789124,0.878677487373352
YHR156C,YOR098C,0,-1.9938817,0.10154525190591812,0.9932523369789124,0.8788124322891235
YKL090W,YML056C,0,-1.9950733,0.1015312448143959,0.9932523369789124,0.878947377204895
YAL017W,YEL041W,0,-1.9952899,0.10151723772287369,0.9932523369789124,0.8790823221206665
YJL114W,YML071C,0,-1.9955268,0.10150323808193207,0.9932523369789124,0.879217267036438
YHR164C,YGL148W,0,-1.9961202,0.10148924589157104,0.9932523369789124,0.8793522119522095
YNL044W,YGL225W,0,-1.996422,0.10147525370121002,0.9932523369789124,0.879487156867981
YLR182W,YBL041W,0,-1.9966209,0.101461261510849,0.9932523369789124,0.8796221613883972
YIL021W,YGR214W,0,-1.9974072,0.10144727677106857,0.9932523369789124,0.8797571063041687
YGR085C,YPR187W,0,-1.9986527,0.10143329948186874,0.9932523369789124,0.8798920512199402
YLR401C,YLL004W,0,-1.9989138,0.10141932219266891,0.9932523369789124,0.8800269961357117
YPR171W,YGR089W,0,-2.0005283,0.10140534490346909,0.9932523369789124,0.8801619410514832
YLR305C,YJR133W,0,-2.0012715,0.10139137506484985,0.9932523369789124,0.8802968859672546
YPR119W,YER115C,0,-2.0013685,0.10137741267681122,0.9932523369789124,0.8804318308830261
YEL056W,YJR063W,0,-2.001868,0.10136345028877258,0.9932523369789124,0.8805667757987976
YOR351C,YHR057C,0,-2.0039742,0.10134948790073395,0.9932523369789124,0.8807017803192139
YKR101W,YOR285W,0,-2.004161,0.10133553296327591,0.9932523369789124,0.8808367252349854
YFR031C,YPL147W,0,-2.0061681,0.10132158547639847,0.9932523369789124,0.8809716701507568
YGL158W,YLR270W,0,-2.0064511,0.10130763798952103,0.9932523369789124,0.8811066150665283
YOR283W,YPL113C,0,-2.0076199,0.10129369795322418,0.9932523369789124,0.8812415599822998
YBR183W,YDR304C,0,-2.0114813,0.10127975791692734,0.9932523369789124,0.8813765048980713
YDR245W,YBR243C,0,-2.0114982,0.10126582533121109,0.9932523369789124,0.8815114498138428
YJR004C,YJL192C,0,-2.0120173,0.10125189274549484,0.9932523369789124,0.8816463947296143
YIL079C,YPL244C,0,-2.0120213,0.10123796761035919,0.9932523369789124,0.8817813992500305
YMR246W,YPR152C,0,-2.0131862,0.10122404247522354,0.9932523369789124,0.881916344165802
YBL046W,YER075C,1,-2.0135765,0.10134763270616531,0.9946019053459167,0.881916344165802
YHR209W,YLL040C,0,-2.0136783,0.10133370012044907,0.9946019053459167,0.8820512890815735
YLR165C,YNL230C,0,-2.014678,0.10131976753473282,0.9946019053459167,0.882186233997345
YDR167W,YMR008C,0,-2.014765,0.10130584239959717,0.9946019053459167,0.8823211789131165
YAL033W,YLR264W,0,-2.0166368,0.10129191726446152,0.9946019053459167,0.8824561238288879
YDR131C,YOL052C,0,-2.0183654,0.10127799957990646,0.9946019053459167,0.8825910687446594
YLR312W-A,YBR010W,0,-2.0189185,0.10126408189535141,0.9946019053459167,0.8827260732650757
YLR009W,YGR271W,0,-2.020111,0.10125017166137695,0.9946019053459167,0.8828610181808472
YDR064W,YCR087C-A,0,-2.0201814,0.1012362614274025,0.9946019053459167,0.8829959630966187
YOR301W,YPL218W,0,-2.0204847,0.10122235864400864,0.9946019053459167,0.8831309080123901
YDL121C,YMR025W,0,-2.0208812,0.10120845586061478,0.9946019053459167,0.8832658529281616
YBR260C,YER002W,0,-2.0211878,0.10119456052780151,0.9946019053459167,0.8834007978439331
YGR112W,YGL103W,0,-2.021236,0.10118067264556885,0.9946019053459167,0.8835357427597046
YDR423C,YML052W,0,-2.0221164,0.10116678476333618,0.9946019053459167,0.8836706876754761
YGR282C,YAL024C,0,-2.0226703,0.10115289688110352,0.9946019053459167,0.8838056921958923
YBL112C,YOL090W,0,-2.0242233,0.10113901644945145,0.9946019053459167,0.8839406371116638
YOR382W,YJL024C,0,-2.0245457,0.10112513601779938,0.9946019053459167,0.8840755820274353
YMR321C,YCR002C,0,-2.0246868,0.1011112630367279,0.9946019053459167,0.8842105269432068
YGL010W,YJL191W,0,-2.0249982,0.10109739005565643,0.9946019053459167,0.8843454718589783
YBR020W,YKL015W,0,-2.0263226,0.10108352452516556,0.9946019053459167,0.8844804167747498
YMR321C,YPL104W,0,-2.0270953,0.10106966644525528,0.9946019053459167,0.8846153616905212
YLR016C,YFL017W-A,0,-2.0304878,0.101055808365345,0.9946019053459167,0.8847503662109375
YML071C,YNL121C,0,-2.0307853,0.10104195028543472,0.9946019053459167,0.884885311126709
YPR083W,YBR276C,0,-2.0311568,0.10102809965610504,0.9946019053459167,0.8850202560424805
YJL114W,YJR036C,0,-2.031174,0.10101425647735596,0.9946019053459167,0.885155200958252
YDR205W,YLR359W,0,-2.0312855,0.10100041329860687,0.9946019053459167,0.8852901458740234
YGL010W,YBR096W,0,-2.032676,0.10098657011985779,0.9946019053459167,0.8854250907897949
YML099C,YBR282W,0,-2.0350811,0.1009727343916893,0.9946019053459167,0.8855600357055664
YMR005W,YGL220W,0,-2.0355291,0.10095890611410141,0.9946019053459167,0.8856949806213379
YBR010W,YOR098C,0,-2.0368123,0.10094507783651352,0.9946019053459167,0.8858299851417542
YPL122C,YMR239C,0,-2.0371864,0.10093124955892563,0.9946019053459167,0.8859649300575256
YDL227C,YIL048W,0,-2.0389104,0.10091742873191833,0.9946019053459167,0.8860998749732971
YGR216C,YIL021W,0,-2.0395455,0.10090361535549164,0.9946019053459167,0.8862348198890686
YMR123W,YCR060W,0,-2.0397525,0.10088980197906494,0.9946019053459167,0.8863697648048401
YHR164C,YNL236W,0,-2.0411625,0.10087599605321884,0.9946019053459167,0.8865047097206116
YGL030W,YDL077C,0,-2.0414665,0.10086219012737274,0.9946019053459167,0.8866396546363831
YKL161C,YFL001W,0,-2.0427573,0.10084838420152664,0.9946019053459167,0.8867745995521545
YGR238C,YPL002C,0,-2.042797,0.10083458572626114,0.9946019053459167,0.8869096040725708
YMR117C,YNR015W,0,-2.0437224,0.10082079470157623,0.9946019053459167,0.8870445489883423
YOR106W,YOL142W,0,-2.0444725,0.10080700367689133,0.9946019053459167,0.8871794939041138
YOR304W,YGL019W,0,-2.0446448,0.10079322010278702,0.9946019053459167,0.8873144388198853
YMR172W,YDR226W,0,-2.0453029,0.10077943652868271,0.9946019053459167,0.8874493837356567
YKL170W,YKL117W,0,-2.0453312,0.1007656529545784,0.9946019053459167,0.8875843286514282
YGR032W,YKL203C,0,-2.0457048,0.10075187683105469,0.9946019053459167,0.8877192735671997
YGL209W,YFL066C,0,-2.045951,0.10073810815811157,0.9946019053459167,0.887854278087616
YBL113C,YPL208W,0,-2.0464272,0.10072433948516846,0.9946019053459167,0.8879892230033875
YML028W,YNL239W,0,-2.04768,0.10071057826280594,0.9946019053459167,0.8881241679191589
YNL127W,YAL038W,0,-2.0489597,0.10069681704044342,0.9946019053459167,0.8882591128349304
YPR189W,YBR260C,0,-2.0501268,0.1006830632686615,0.9946019053459167,0.8883940577507019
YER117W,YDL128W,0,-2.0501635,0.10066930949687958,0.9946019053459167,0.8885290026664734
YOR215C,YNL284C,0,-2.0503294,0.10065555572509766,0.9946019053459167,0.8886639475822449
YLR300W,YPR152C,0,-2.0506685,0.10064181685447693,0.9946019053459167,0.8887988924980164
YGR089W,YDR062W,0,-2.0516517,0.1006280705332756,0.9946019053459167,0.8889338970184326
YLR029C,YLR145W,0,-2.051902,0.10061433166265488,0.9946019053459167,0.8890688419342041
YAL022C,YFL017W-A,0,-2.052083,0.10060060024261475,0.9946019053459167,0.8892037868499756
YFR018C,YHR039C-A,0,-2.0526228,0.10058686882257462,0.9946019053459167,0.8893387317657471
YLR383W,YLR020C,0,-2.0529068,0.10057314485311508,0.9946019053459167,0.8894736766815186
YLR305C,YLR291C,0,-2.053563,0.10055942088365555,0.9946019053459167,0.88960862159729
YMR090W,YHR039C-A,0,-2.053703,0.10054570436477661,0.9946019053459167,0.8897435665130615
YBR002C,YKL171W,0,-2.0556045,0.10053198784589767,0.9946019053459167,0.8898785710334778
YGR034W,YER115C,0,-2.055617,0.10051827877759933,0.9946019053459167,0.8900135159492493
YLR029C,YER145C,0,-2.0556953,0.100504569709301,0.9946019053459167,0.8901484608650208
YML112W,YJL191W,0,-2.056755,0.10049086809158325,0.9946019053459167,0.8902834057807922
YMR319C,YOR349W,0,-2.057774,0.10047716647386551,0.9946019053459167,0.8904183506965637
YOR310C,YMR218C,0,-2.0583527,0.10046346485614777,0.9946019053459167,0.8905532956123352
YCL036W,YPL094C,0,-2.0592678,0.10044977813959122,0.9946019053459167,0.8906882405281067
YOR142W,YML036W,0,-2.0599487,0.10043608397245407,0.9946019053459167,0.8908231854438782
YFR019W,YML109W,0,-2.0602057,0.10042239725589752,0.9946019053459167,0.8909581899642944
YOL112W,YDL074C,0,-2.0608292,0.10040871798992157,0.9946019053459167,0.8910931348800659
YBR276C,YFR028C,1,-2.0616786,0.10053126513957977,0.9959514141082764,0.8910931348800659
YPR162C,YOL104C,0,-2.0619721,0.10051757097244263,0.9959514141082764,0.8912280797958374
YLL041C,YJL006C,0,-2.0629964,0.10050388425588608,0.9959514141082764,0.8913630247116089
YNL008C,YGR095C,0,-2.0637062,0.10049019753932953,0.9959514141082764,0.8914979696273804
YGL225W,YNR015W,0,-2.063933,0.10047651827335358,0.9959514141082764,0.8916329145431519
YGL225W,YMR194W,0,-2.0647254,0.10046283900737762,0.9959514141082764,0.8917678594589233
YDR083W,YPL167C,0,-2.0651171,0.10044915974140167,0.9959514141082764,0.8919028043746948
YJL071W,YOR349W,0,-2.0661936,0.10043549537658691,0.9959514141082764,0.8920378088951111
YJR051W,YDR337W,0,-2.067446,0.10042182356119156,0.9959514141082764,0.8921727538108826
YMR097C,YLR301W,0,-2.0690908,0.1004081666469574,0.9959514141082764,0.892307698726654
YKR036C,YDL216C,0,-2.0698588,0.10039450228214264,0.9959514141082764,0.8924426436424255
YPL274W,YNR044W,0,-2.070425,0.10038084536790848,0.9959514141082764,0.892577588558197
YGR225W,YDR476C,0,-2.0707288,0.10036719590425491,0.9959514141082764,0.8927125334739685
YPR190C,YDR429C,0,-2.070942,0.10035354644060135,0.9959514141082764,0.89284747838974
YNL261W,YMR296C,0,-2.0718827,0.10033990442752838,0.9959514141082764,0.8929824829101562
YMR241W,YDR472W,0,-2.075701,0.10032626241445541,0.9959514141082764,0.8931174278259277
YAL054C,YKL130C,0,-2.0762,0.10031262785196304,0.9959514141082764,0.8932523727416992
YCL024W,YGR177C,0,-2.0772605,0.10029899328947067,0.9959514141082764,0.8933873176574707
YLR305C,YDL198C,0,-2.0781996,0.1002853661775589,0.9959514141082764,0.8935222625732422
YBL046W,YPL137C,1,-2.0797372,0.10040760785341263,0.997300922870636,0.8935222625732422
YLR353W,YEL036C,0,-2.0811603,0.10039396584033966,0.997300922870636,0.8936572074890137
YOL165C,YMR238W,0,-2.0821066,0.10038033127784729,0.997300922870636,0.8937921524047852
YJR004C,YKL180W,0,-2.082193,0.10036669671535492,0.997300922870636,0.8939270973205566
YNL131W,YHR060W,0,-2.0830483,0.10035306960344315,0.997300922870636,0.8940621018409729
YGR251W,YPL180W,0,-2.083889,0.10033944249153137,0.997300922870636,0.8941970467567444
YML032C,YEL022W,0,-2.0849848,0.1003258228302002,0.997300922870636,0.8943319916725159
YDL061C,YHR059W,0,-2.0850387,0.10031220316886902,0.997300922870636,0.8944669365882874
YPR167C,YHR005C-A,0,-2.08545,0.10029859095811844,0.997300922870636,0.8946018815040588
YOL141W,YDR492W,0,-2.0854826,0.10028497874736786,0.997300922870636,0.8947368264198303
YJL166W,YKL094W,0,-2.0857713,0.10027137398719788,0.997300922870636,0.8948717713356018
YER002W,YMR240C,0,-2.0878732,0.1002577692270279,0.997300922870636,0.8950067758560181
YHR164C,YBR115C,0,-2.0885806,0.10024416446685791,0.997300922870636,0.8951417207717896
YGR081C,YKL041W,0,-2.091114,0.10023057460784912,0.997300922870636,0.895276665687561
YNR004W,YOR313C,0,-2.0919104,0.10021697729825974,0.997300922870636,0.8954116106033325
YDR414C,YGL068W,0,-2.0930817,0.10020338743925095,0.997300922870636,0.895546555519104
YOL142W,YDL039C,0,-2.0931296,0.10018980503082275,0.997300922870636,0.8956815004348755
YLR314C,YLR353W,0,-2.0931487,0.10017622262239456,0.997300922870636,0.895816445350647
YJL005W,YKR019C,0,-2.0931668,0.10016264766454697,0.997300922870636,0.8959513902664185
YOR310C,YMR172W,0,-2.093228,0.10014907270669937,0.997300922870636,0.8960863947868347
YDR144C,YOR261C,0,-2.0936203,0.10013549774885178,0.997300922870636,0.8962213397026062
YIL139C,YDR140W,0,-2.0949476,0.10012193769216537,0.997300922870636,0.8963562846183777
YNR074C,YER154W,0,-2.095144,0.10010837018489838,0.997300922870636,0.8964912295341492
YJL134W,YEL056W,0,-2.0954192,0.10009481012821198,0.997300922870636,0.8966261744499207
YBL113C,YKL172W,0,-2.095792,0.10008125752210617,0.997300922870636,0.8967611193656921
YHR029C,YGR155W,0,-2.0964608,0.10006770491600037,0.997300922870636,0.8968960642814636
YML073C,YGL071W,0,-2.097014,0.10005415976047516,0.997300922870636,0.8970310688018799
YGR081C,YKR055W,0,-2.0972328,0.10004061460494995,0.997300922870636,0.8971660137176514
YLL041C,YNL236W,0,-2.0976624,0.10002706944942474,0.997300922870636,0.8973009586334229
YHR079C,YMR075W,0,-2.0979366,0.10001353174448013,0.997300922870636,0.8974359035491943
YLR025W,YOR285W,0,-2.0982559,0.10000000149011612,0.997300922870636,0.8975708484649658
YOR126C,YFL023W,0,-2.098267,0.0999864712357521,0.997300922870636,0.8977057933807373
YLR043C,YMR159C,0,-2.1003528,0.09997294098138809,0.997300922870636,0.8978407382965088
YLR312W-A,YMR273C,0,-2.1009192,0.09995941817760468,0.997300922870636,0.8979756832122803
YGR285C,YER190W,0,-2.1012464,0.09994590282440186,0.997300922870636,0.8981106877326965
YLR043C,YEL036C,0,-2.1018062,0.09993238747119904,0.997300922870636,0.898245632648468
YBL113C,YCR002C,0,-2.1024675,0.09991887211799622,0.997300922870636,0.8983805775642395
YHR179W,YOR237W,0,-2.1026177,0.09990536421537399,0.997300922870636,0.898515522480011
YBR118W,YDL061C,0,-2.1033614,0.09989186376333237,0.997300922870636,0.8986504673957825
YHR061C,YDR146C,0,-2.1036572,0.09987836331129074,0.997300922870636,0.898785412311554
YDR410C,YBL085W,0,-2.1043653,0.09986486285924911,0.997300922870636,0.8989203572273254
YJR070C,YPR060C,0,-2.1051896,0.09985136985778809,0.997300922870636,0.8990553021430969
YJL112W,YDL121C,0,-2.1062014,0.09983788430690765,0.997300922870636,0.8991903066635132
YMR089C,YER087W,0,-2.1092672,0.09982439875602722,0.997300922870636,0.8993252515792847
YJR004C,YBR031W,0,-2.1095436,0.09981091320514679,0.997300922870636,0.8994601964950562
YLR395C,YKL166C,0,-2.109797,0.09979743510484695,0.997300922870636,0.8995951414108276
YHR085W,YFL017W-A,0,-2.109918,0.09978395700454712,0.997300922870636,0.8997300863265991
YNL231C,YLR386W,0,-2.109958,0.09977048635482788,0.997300922870636,0.8998650312423706
YOR310C,YOR283W,0,-2.1104102,0.09975702315568924,0.997300922870636,0.8999999761581421
YAL017W,YOR187W,0,-2.1105304,0.09974355250597,0.997300922870636,0.9001349806785583
YAL063C,YMR321C,0,-2.11131,0.09973009675741196,0.997300922870636,0.9002699255943298
YKL093W,YJL134W,0,-2.1113124,0.09971664100885391,0.997300922870636,0.9004048705101013
YEL036C,YPL218W,0,-2.1113222,0.09970318526029587,0.997300922870636,0.9005398154258728
YGR282C,YOR324C,0,-2.1120455,0.09968973696231842,0.997300922870636,0.9006747603416443
YNL262W,YOR355W,0,-2.1125393,0.09967628866434097,0.997300922870636,0.9008097052574158
YBR120C,YMR193W,0,-2.1129758,0.09966284781694412,0.997300922870636,0.9009446501731873
YDR146C,YOL040C,0,-2.1129937,0.09964940696954727,0.997300922870636,0.9010795950889587
YMR020W,YER019C-A,0,-2.113048,0.09963597357273102,0.997300922870636,0.901214599609375
YDR167W,YMR172W,0,-2.1141944,0.09962254017591476,0.997300922870636,0.9013495445251465
YFL066C,YIL020C,0,-2.1155005,0.09960911422967911,0.997300922870636,0.901484489440918
YMR246W,YLR301W,0,-2.1162128,0.09959568828344345,0.997300922870636,0.9016194343566895
YLL019C,YKL096W-A,0,-2.1165264,0.09958226978778839,0.997300922870636,0.9017543792724609
YLR009W,YDR461W,0,-2.1175544,0.09956885129213333,0.997300922870636,0.9018893241882324
YMR145C,YLR268W,0,-2.120674,0.09955543279647827,0.997300922870636,0.9020242691040039
YCR060W,YBR287W,0,-2.1210005,0.0995420292019844,0.997300922870636,0.9021592736244202
YPR001W,YJL192C,0,-2.1273205,0.09952861815690994,0.997300922870636,0.9022942185401917
YGR251W,YLR312W-A,0,-2.1285663,0.09951521456241608,0.997300922870636,0.9024291634559631
YML099C,YDL083C,0,-2.1286135,0.09950181841850281,0.997300922870636,0.9025641083717346
YAL063C,YNR060W,0,-2.1295927,0.09948842227458954,0.997300922870636,0.9026990532875061
YJL178C,YMR200W,0,-2.1304107,0.09947503358125687,0.997300922870636,0.9028339982032776
YPR083W,YKL094W,0,-2.1307058,0.0994616448879242,0.997300922870636,0.9029689431190491
YDR351W,YMR112C,0,-2.1319027,0.09944825619459152,0.997300922870636,0.9031038880348206
YBR182C,YLL040C,0,-2.132052,0.09943487495183945,0.997300922870636,0.9032388925552368
YAL038W,YKR101W,0,-2.1321495,0.09942150115966797,0.997300922870636,0.9033738374710083
YOR071C,YKL172W,0,-2.1323926,0.09940812736749649,0.997300922870636,0.9035087823867798
YLL034C,YGL169W,0,-2.132997,0.09939475357532501,0.997300922870636,0.9036437273025513
YER022W,YKL085W,0,-2.1368577,0.09938138723373413,0.997300922870636,0.9037786722183228
YJR057W,YJL225C,0,-2.1373506,0.09936802834272385,0.997300922870636,0.9039136171340942
YGL122C,YIL083C,0,-2.139018,0.09935466200113297,0.997300922870636,0.9040485620498657
YJR092W,YKL165C,0,-2.1390367,0.09934131056070328,0.997300922870636,0.9041835069656372
YFR018C,YBR187W,0,-2.1391976,0.09932795912027359,0.997300922870636,0.9043185114860535
YER190W,YMR143W,0,-2.1392813,0.0993146076798439,0.997300922870636,0.904453456401825
YOL141W,YPL094C,0,-2.1413147,0.09930126368999481,0.997300922870636,0.9045884013175964
YML030W,YFR033C,0,-2.143484,0.09928791970014572,0.997300922870636,0.9047233462333679
YKR056W,YJR063W,0,-2.1441336,0.09927458316087723,0.997300922870636,0.9048582911491394
YPL082C,YOR020C,0,-2.1457212,0.09926124662160873,0.997300922870636,0.9049932360649109
YBL112C,YFL021W,0,-2.145897,0.09924791753292084,0.997300922870636,0.9051281809806824
YNL044W,YIL094C,0,-2.1461122,0.09923458844423294,0.997300922870636,0.9052631855010986
YAL038W,YML132W,0,-2.1467714,0.09922126680612564,0.997300922870636,0.9053981304168701
YPR196W,YBL026W,0,-2.1486473,0.09920794516801834,0.997300922870636,0.9055330753326416
YLR390W,YDR207C,0,-2.149326,0.09919463098049164,0.997300922870636,0.9056680202484131
YKL096W-A,YKR102W,0,-2.1497815,0.09918131679296494,0.997300922870636,0.9058029651641846
YJR138W,YGR285C,0,-2.1520514,0.09916801005601883,0.997300922870636,0.905937910079956
YKL189W,YNL259C,0,-2.1564388,0.09915470331907272,0.997300922870636,0.9060728549957275
YMR241W,YLL004W,0,-2.1572123,0.09914140403270721,0.997300922870636,0.906207799911499
YNR074C,YDR451C,0,-2.1581562,0.0991281047463417,0.997300922870636,0.9063428044319153
YGR032W,YFL010W-A,0,-2.1586018,0.0991148054599762,0.997300922870636,0.9064777493476868
YOR291W,YER019C-A,0,-2.16001,0.09910151362419128,0.997300922870636,0.9066126942634583
YGL170C,YDR240C,0,-2.1618366,0.09908822923898697,0.997300922870636,0.9067476391792297
YGR032W,YOL107W,0,-2.1641665,0.09907494485378265,0.997300922870636,0.9068825840950012
YGL237C,YIL135C,0,-2.1646314,0.09906166046857834,0.997300922870636,0.9070175290107727
YBR260C,YOR098C,0,-2.1647754,0.09904838353395462,0.997300922870636,0.9071524739265442
YKR006C,YGR027C,0,-2.1653318,0.0990351140499115,0.997300922870636,0.9072874784469604
YJR138W,YLL004W,0,-2.1659665,0.09902184456586838,0.997300922870636,0.9074224233627319
YLR305C,YIL079C,0,-2.1671143,0.09900857508182526,0.997300922870636,0.9075573682785034
YBR095C,YKL186C,0,-2.1678987,0.09899531304836273,0.997300922870636,0.9076923131942749
YNL283C,YNL095C,0,-2.1686902,0.09898205101490021,0.997300922870636,0.9078272581100464
YOR291W,YHR082C,0,-2.1701083,0.09896879643201828,0.997300922870636,0.9079622030258179
YIR025W,YOR216C,0,-2.1704538,0.09895554184913635,0.997300922870636,0.9080971479415894
YFL038C,YLR024C,0,-2.170477,0.09894229471683502,0.997300922870636,0.9082320928573608
YGR052W,YLR359W,0,-2.1709344,0.09892904758453369,0.997300922870636,0.9083670973777771
YPL218W,YLL033W,0,-2.171254,0.09891580790281296,0.997300922870636,0.9085020422935486
YDL045W-A,YDR337W,0,-2.1715918,0.09890256822109222,0.997300922870636,0.9086369872093201
YOR301W,YML039W,0,-2.1717227,0.09888933598995209,0.997300922870636,0.9087719321250916
YPL276W,YJR070C,0,-2.1727118,0.09887610375881195,0.997300922870636,0.908906877040863
YLR295C,YGR072W,0,-2.1733155,0.09886287897825241,0.997300922870636,0.9090418219566345
YPR072W,YLR390W,0,-2.1733408,0.09884965419769287,0.997300922870636,0.909176766872406
YOR297C,YBR282W,0,-2.174784,0.09883642941713333,0.997300922870636,0.9093117117881775
YOR071C,YDR233C,0,-2.1752145,0.09882321208715439,0.997300922870636,0.9094467163085938
YGL172W,YGR185C,0,-2.1776004,0.09881000220775604,0.997300922870636,0.9095816612243652
YOR301W,YCR057C,0,-2.1779525,0.0987967923283577,0.997300922870636,0.9097166061401367
YKL013C,YAL038W,0,-2.179165,0.09878358244895935,0.997300922870636,0.9098515510559082
YDR454C,YER185W,0,-2.1824183,0.0987703800201416,0.997300922870636,0.9099864959716797
YLR395C,YFL023W,0,-2.1836722,0.09875718504190445,0.997300922870636,0.9101214408874512
YJR127C,YPL083C,0,-2.1837044,0.0987439900636673,0.997300922870636,0.9102563858032227
YFL045C,YGL004C,0,-2.184738,0.09873079508543015,0.997300922870636,0.9103913903236389
YPR001W,YOL052C,0,-2.185083,0.09871760755777359,0.997300922870636,0.9105263352394104
YAL022C,YOL108C,0,-2.1851063,0.09870442003011703,0.997300922870636,0.9106612801551819
YOL086C,YMR227C,0,-2.185194,0.09869123995304108,0.997300922870636,0.9107962250709534
YDR296W,YDR353W,0,-2.185412,0.09867805987596512,0.997300922870636,0.9109311699867249
YDR082W,YDL061C,0,-2.185803,0.09866488724946976,0.997300922870636,0.9110661149024963
YMR194W,YJL071W,0,-2.1868985,0.0986517146229744,0.997300922870636,0.9112010598182678
YIL047C,YNL259C,0,-2.1870255,0.09863854944705963,0.997300922870636,0.9113360047340393
YIL143C,YHR060W,0,-2.1871593,0.09862538427114487,0.997300922870636,0.9114710092544556
YKL186C,YDL225W,0,-2.187663,0.0986122265458107,0.997300922870636,0.911605954170227
YPR182W,YKR006C,0,-2.1890137,0.09859906882047653,0.997300922870636,0.9117408990859985
YNL070W,YDL097C,0,-2.1906743,0.09858591109514236,0.997300922870636,0.91187584400177
YDR454C,YDR470C,0,-2.1911652,0.0985727608203888,0.997300922870636,0.9120107889175415
YMR182C,YOL102C,0,-2.1913397,0.09855961799621582,0.997300922870636,0.912145733833313
YDL245C,YPR006C,0,-2.1935806,0.09854647517204285,0.997300922870636,0.9122806787490845
YLR395C,YMR179W,0,-2.1936452,0.09853333234786987,0.997300922870636,0.9124156832695007
YMR117C,YLL008W,0,-2.195518,0.0985201969742775,0.997300922870636,0.9125506281852722
YNL070W,YCR046C,0,-2.1970847,0.09850706160068512,0.997300922870636,0.9126855731010437
YHR132C,YJL004C,0,-2.1977038,0.09849393367767334,0.997300922870636,0.9128205180168152
YBR182C,YDR527W,0,-2.198018,0.09848081320524216,0.997300922870636,0.9129554629325867
YNR074C,YOR145C,0,-2.1980357,0.09846768528223038,0.997300922870636,0.9130904078483582
YOR147W,YGR027C,0,-2.198792,0.09845457226037979,0.997300922870636,0.9132253527641296
YMR117C,YMR300C,0,-2.1988752,0.09844145178794861,0.997300922870636,0.9133602976799011
YIR011C,YGR285C,0,-2.2022655,0.09842834621667862,0.997300922870636,0.9134953022003174
YLR312W-A,YGR113W,0,-2.2038097,0.09841523319482803,0.997300922870636,0.9136302471160889
YOR304W,YDR062W,0,-2.2054312,0.09840212762355804,0.997300922870636,0.9137651920318604
YJL085W,YOL104C,0,-2.20693,0.09838902950286865,0.997300922870636,0.9139001369476318
YOR168W,YDR195W,0,-2.206979,0.09837593138217926,0.997300922870636,0.9140350818634033
YGL180W,YGR155W,0,-2.2079072,0.09836284071207047,0.997300922870636,0.9141700267791748
YPL276W,YDL059C,0,-2.2093418,0.09834975004196167,0.997300922870636,0.9143049716949463
YOR038C,YDR218C,0,-2.209588,0.09833665937185287,0.997300922870636,0.9144399166107178
YJL166W,YPL011C,0,-2.2121131,0.09832357615232468,0.997300922870636,0.914574921131134
YDL171C,YGR214W,0,-2.2130961,0.09831049293279648,0.997300922870636,0.9147098660469055
YDR518W,YGL236C,0,-2.2144196,0.09829741716384888,0.997300922870636,0.914844810962677
YOL010W,YGR214W,0,-2.2165165,0.09828434884548187,0.997300922870636,0.9149797558784485
YDR064W,YOR243C,0,-2.216667,0.09827127307653427,0.997300922870636,0.91511470079422
YGL112C,YGR177C,0,-2.2169518,0.09825821220874786,0.997300922870636,0.9152496457099915
YPL200W,YOR299W,0,-2.2169952,0.09824514389038086,0.997300922870636,0.9153845906257629
YJL225C,YML049C,0,-2.2176998,0.09823209047317505,0.997300922870636,0.9155195951461792
YMR238W,YIL177C,0,-2.2217598,0.09821902960538864,0.997300922870636,0.9156545400619507
YPR083W,YIL133C,0,-2.222674,0.09820598363876343,0.997300922870636,0.9157894849777222
YGR288W,YJL130C,0,-2.2234883,0.09819293022155762,0.997300922870636,0.9159244298934937
YDL083C,YGR276C,0,-2.2250392,0.0981798842549324,0.997300922870636,0.9160593748092651
YBR222C,YOL040C,0,-2.227622,0.09816684573888779,0.997300922870636,0.9161943197250366
YOL142W,YMR203W,0,-2.2285364,0.09815380722284317,0.997300922870636,0.9163292646408081
YGR105W,YGR155W,0,-2.2319674,0.09814076870679855,0.997300922870636,0.9164642095565796
YDL121C,YOR287C,0,-2.2328722,0.09812773764133453,0.997300922870636,0.9165992140769958
YLL003W,YKR026C,0,-2.2338595,0.09811471402645111,0.997300922870636,0.9167341589927673
YJL011C,YFL038C,0,-2.233883,0.09810168296098709,0.997300922870636,0.9168691039085388
YMR321C,YFL001W,0,-2.2373202,0.09808866679668427,0.997300922870636,0.9170040488243103
YIL142W,YGR034W,0,-2.2373857,0.09807565063238144,0.997300922870636,0.9171389937400818
YLL008W,YKL074C,0,-2.2374864,0.09806263446807861,0.997300922870636,0.9172739386558533
YGL236C,YOL090W,0,-2.238671,0.09804961830377579,0.997300922870636,0.9174088835716248
YMR123W,YDR081C,0,-2.242992,0.09803661704063416,0.997300922870636,0.917543888092041
YLR395C,YIL135C,0,-2.2462454,0.09802360832691193,0.997300922870636,0.9176788330078125
YPR191W,YPL064C,0,-2.247586,0.0980106070637703,0.997300922870636,0.917813777923584
YFL066C,YER090W,0,-2.2494323,0.09799761325120926,0.997300922870636,0.9179487228393555
YPL134C,YLR028C,0,-2.2495518,0.09798461943864822,0.997300922870636,0.918083667755127
YBR247C,YGR134W,0,-2.2506835,0.09797162562608719,0.997300922870636,0.9182186126708984
YDR383C,YKR057W,0,-2.2518592,0.09795863926410675,0.997300922870636,0.9183535575866699
YGR167W,YGR112W,0,-2.254002,0.09794566035270691,0.997300922870636,0.9184885025024414
YMR238W,YBR276C,0,-2.2545505,0.09793268144130707,0.997300922870636,0.9186235070228577
YBR183W,YMR186W,0,-2.2545805,0.09791970252990723,0.997300922870636,0.9187584519386292
YLR005W,YPR060C,0,-2.2547417,0.09790673106908798,0.997300922870636,0.9188933968544006
YGL068W,YNL084C,0,-2.2554026,0.09789375960826874,0.997300922870636,0.9190283417701721
YOR099W,YNL262W,0,-2.2586455,0.09788079559803009,0.997300922870636,0.9191632866859436
YGR221C,YNL121C,0,-2.2590086,0.09786783158779144,0.997300922870636,0.9192982316017151
YNL073W,YKR069W,0,-2.2590506,0.09785487502813339,0.997300922870636,0.9194331765174866
YLR359W,YCL052C,0,-2.2596643,0.09784191846847534,0.997300922870636,0.9195681214332581
YCR093W,YFL038C,0,-2.260272,0.09782896190881729,0.997300922870636,0.9197031259536743
YHR164C,YLR278C,0,-2.2608266,0.09781601279973984,0.997300922870636,0.9198380708694458
YMR038C,YNL078W,0,-2.2640347,0.09780307114124298,0.997300922870636,0.9199730157852173
YDR030C,YIL061C,0,-2.2642217,0.09779012948274612,0.997300922870636,0.9201079607009888
YHR164C,YKR057W,0,-2.2650166,0.09777718782424927,0.997300922870636,0.9202429056167603
YGL256W,YNL110C,0,-2.265171,0.09776425361633301,0.997300922870636,0.9203778505325317
YKL170W,YOL093W,0,-2.2663019,0.09775131940841675,0.997300922870636,0.9205127954483032
YMR087W,YGL259W,0,-2.2669065,0.09773839265108109,0.997300922870636,0.9206477999687195
YMR019W,YCL004W,0,-2.267039,0.09772546589374542,0.997300922870636,0.920782744884491
YBL005W-B,YLR088W,0,-2.267727,0.09771254658699036,0.997300922870636,0.9209176898002625
YMR172W,YML049C,0,-2.2681289,0.09769962728023529,0.997300922870636,0.9210526347160339
YGL172W,YGL162W,0,-2.2685285,0.09768671542406082,0.997300922870636,0.9211875796318054
YFR045W,YLR028C,0,-2.2689972,0.09767380356788635,0.997300922870636,0.9213225245475769
YGL186C,YDL128W,0,-2.2695346,0.09766089916229248,0.997300922870636,0.9214574694633484
YGR167W,YPL002C,0,-2.269795,0.09764799475669861,0.997300922870636,0.9215924143791199
YPL083C,YJL155C,0,-2.2714639,0.09763509035110474,0.997300922870636,0.9217274188995361
YPR198W,YKR102W,0,-2.2745795,0.09762219339609146,0.997300922870636,0.9218623638153076
YPL131W,YGL225W,0,-2.2764657,0.09760929644107819,0.997300922870636,0.9219973087310791
YGR085C,YIL020C,0,-2.27793,0.09759640693664551,0.997300922870636,0.9221322536468506
YGR020C,YOR239W,0,-2.2793927,0.09758351743221283,0.997300922870636,0.9222671985626221
YLL008W,YOR216C,0,-2.2797952,0.09757063537836075,0.997300922870636,0.9224021434783936
YIL143C,YER117W,0,-2.2809684,0.09755775332450867,0.997300922870636,0.922537088394165
YPR189W,YGR010W,0,-2.2810197,0.09754487872123718,0.997300922870636,0.9226720929145813
YGR036C,YNL230C,0,-2.2854626,0.0975320041179657,0.997300922870636,0.9228070378303528
YKL180W,YDR240C,0,-2.2856827,0.09751913696527481,0.997300922870636,0.9229419827461243
YGR288W,YJL030W,0,-2.2861056,0.09750626981258392,0.997300922870636,0.9230769276618958
YLR314C,YMR240C,0,-2.286149,0.09749340265989304,0.997300922870636,0.9232118725776672
YNL079C,YFR052W,0,-2.286758,0.09748054295778275,0.997300922870636,0.9233468174934387
YPL099C,YPR083W,0,-2.2882383,0.09746768325567245,0.997300922870636,0.9234817624092102
YIL108W,YLR153C,0,-2.2892666,0.09745483100414276,0.997300922870636,0.9236167073249817
YEL069C,YOR232W,0,-2.289618,0.09744198620319366,0.997300922870636,0.923751711845398
YOR304C-A,YKL165C,0,-2.2905478,0.09742913395166397,0.997300922870636,0.9238866567611694
YLR295C,YDR499W,0,-2.2909112,0.09741629660129547,0.997300922870636,0.9240216016769409
YGL256W,YPR159W,0,-2.292883,0.09740345180034637,0.997300922870636,0.9241565465927124
YDR064W,YGR276C,0,-2.2931604,0.09739061444997787,0.997300922870636,0.9242914915084839
YJR112W,YGL190C,0,-2.2932377,0.09737778455018997,0.997300922870636,0.9244264364242554
YDL208W,YKL085W,0,-2.2934442,0.09736495465040207,0.997300922870636,0.9245613813400269
YIL094C,YHR109W,0,-2.2948318,0.09735212475061417,0.997300922870636,0.9246963858604431
YGR251W,YBL092W,0,-2.2965722,0.09733930230140686,0.997300922870636,0.9248313307762146
YMR269W,YOR226C,0,-2.2972367,0.09732648730278015,0.997300922870636,0.9249662756919861
YOL010W,YPL223C,0,-2.3007784,0.09731367230415344,0.997300922870636,0.9251012206077576
YCL018W,YJR130C,0,-2.3010485,0.09730085730552673,0.997300922870636,0.925236165523529
YKL217W,YJR051W,0,-2.3021524,0.09728804975748062,0.997300922870636,0.9253711104393005
YHR156C,YDL083C,0,-2.302837,0.09727524220943451,0.997300922870636,0.925506055355072
YJL114W,YMR020W,0,-2.303425,0.0972624346613884,0.997300922870636,0.9256410002708435
YDR195W,YOL040C,0,-2.3058794,0.09724963456392288,0.997300922870636,0.9257760047912598
YNR013C,YIL047C,0,-2.3061845,0.09723684191703796,0.997300922870636,0.9259109497070312
YMR061W,YKL144C,0,-2.306696,0.09722404927015305,0.997300922870636,0.9260458946228027
YJR053W,YOR222W,0,-2.307211,0.09721125662326813,0.997300922870636,0.9261808395385742
YLR029C,YGR179C,0,-2.3072705,0.0971984714269638,0.997300922870636,0.9263157844543457
YKL180W,YOR251C,0,-2.3109696,0.09718569368124008,0.997300922870636,0.9264507293701172
YCL024W,YKL074C,0,-2.3110397,0.09717291593551636,0.997300922870636,0.9265856742858887
YGR246C,YOL104C,0,-2.311216,0.09716013818979263,0.997300922870636,0.9267206192016602
YAL063C,YLR026C,0,-2.3118103,0.0971473678946495,0.997300922870636,0.9268556237220764
YBL005W-B,YBR261C,0,-2.3128357,0.09713459759950638,0.997300922870636,0.9269905686378479
YOR291W,YKL082C,0,-2.3139853,0.09712182730436325,0.997300922870636,0.9271255135536194
YER151C,YPR080W,0,-2.3149238,0.09710906445980072,0.997300922870636,0.9272604584693909
YPR113W,YPR159W,0,-2.3172796,0.09709630906581879,0.997300922870636,0.9273954033851624
YBL034C,YNL259C,0,-2.3185925,0.09708355367183685,0.997300922870636,0.9275303483009338
YGR255C,YLR301W,0,-2.3230467,0.09707079827785492,0.997300922870636,0.9276652932167053
YPR191W,YER019C-A,0,-2.3236892,0.09705805033445358,0.997300922870636,0.9278002977371216
YMR284W,YNL138W,0,-2.3288255,0.09704530239105225,0.997300922870636,0.9279352426528931
YGR012W,YGL148W,0,-2.328989,0.0970325618982315,0.997300922870636,0.9280701875686646
YIL079C,YKL172W,0,-2.331852,0.09701982140541077,0.997300922870636,0.928205132484436
YGR179C,YDR337W,0,-2.3354547,0.09700708836317062,0.997300922870636,0.9283400774002075
YBR275C,YML109W,0,-2.335544,0.09699435532093048,0.997300922870636,0.928475022315979
YBL052C,YLR278C,0,-2.3383331,0.09698162972927094,0.997300922870636,0.9286099672317505
YPL134C,YJR101W,0,-2.3408365,0.09696890413761139,0.997300922870636,0.928744912147522
YLR009W,YIL159W,0,-2.3408422,0.09695617854595184,0.997300922870636,0.9288799166679382
YMR123W,YGR077C,0,-2.3414853,0.0969434604048729,0.997300922870636,0.9290148615837097
YNR044W,YML056C,0,-2.3425488,0.09693074226379395,0.997300922870636,0.9291498064994812
YFL001W,YOL040C,0,-2.3425756,0.0969180315732956,0.997300922870636,0.9292847514152527
YKL022C,YGL113W,0,-2.3434422,0.09690532088279724,0.997300922870636,0.9294196963310242
YIL094C,YDR508C,0,-2.3442616,0.09689261764287949,0.997300922870636,0.9295546412467957
YJR127C,YOR388C,0,-2.3444767,0.09687991440296173,0.997300922870636,0.9296895861625671
YMR321C,YER104W,0,-2.3466635,0.09686721861362457,0.997300922870636,0.9298245906829834
YIL134W,YGL014W,0,-2.3469858,0.09685452282428741,0.997300922870636,0.9299595355987549
YKR057W,YFL023W,0,-2.3473098,0.09684182703495026,0.997300922870636,0.9300944805145264
YPR189W,YLR440C,0,-2.3489847,0.0968291386961937,0.997300922870636,0.9302294254302979
YLR395C,YBR095C,0,-2.3501976,0.09681645780801773,0.997300922870636,0.9303643703460693
YKR057W,YHR051W,0,-2.3514593,0.09680376946926117,0.997300922870636,0.9304993152618408
YGL172W,YLR291C,0,-2.3517218,0.0967910960316658,0.997300922870636,0.9306342601776123
YBR247C,YPL122C,0,-2.3541749,0.09677841514348984,0.997300922870636,0.9307692050933838
YDR296W,YMR159C,0,-2.3546264,0.09676574915647507,0.997300922870636,0.9309042096138
YMR065W,YBR222C,0,-2.355311,0.0967530757188797,0.997300922870636,0.9310391545295715
YGR072W,YMR143W,0,-2.3554826,0.09674040973186493,0.997300922870636,0.931174099445343
YHR214C-B,YPL119C,0,-2.356677,0.09672775119543076,0.997300922870636,0.9313090443611145
YMR176W,YBR173C,0,-2.358095,0.09671509265899658,0.997300922870636,0.931443989276886
YLL061W,YML109W,0,-2.3602924,0.09670243412256241,0.997300922870636,0.9315789341926575
YPL147W,YMR143W,0,-2.3614502,0.09668978303670883,0.997300922870636,0.931713879108429
YPR113W,YBR006W,0,-2.3617558,0.09667713195085526,0.997300922870636,0.9318488240242004
YMR227C,YLL017W,0,-2.3630912,0.09666448831558228,0.997300922870636,0.9319838285446167
YBR261C,YDR138W,0,-2.3669338,0.0966518446803093,0.997300922870636,0.9321187734603882
YER022W,YPL083C,0,-2.3675046,0.09663920849561691,0.997300922870636,0.9322537183761597
YLR344W,YIL035C,0,-2.3684392,0.09662657231092453,0.997300922870636,0.9323886632919312
YJL030W,YGL050W,0,-2.3686392,0.09661393612623215,0.997300922870636,0.9325236082077026
YPR171W,YKL144C,0,-2.369543,0.09660130739212036,0.997300922870636,0.9326585531234741
YGR113W,YMR136W,0,-2.371039,0.09658867865800858,0.997300922870636,0.9327934980392456
YMR269W,YER115C,0,-2.3720963,0.09657605737447739,0.997300922870636,0.9329285025596619
YPR200C,YGR112W,0,-2.3740387,0.0965634360909462,0.997300922870636,0.9330634474754333
YPR024W,YDR226W,0,-2.378015,0.0965508222579956,0.997300922870636,0.9331983923912048
YLR219W,YKR006C,0,-2.3783896,0.09653820842504501,0.997300922870636,0.9333333373069763
YFR001W,YMR267W,0,-2.3794854,0.09652560204267502,0.997300922870636,0.9334682822227478
YLR141W,YGR084C,0,-2.3796203,0.09651299566030502,0.997300922870636,0.9336032271385193
YLR390W,YOR187W,0,-2.3807037,0.09650038927793503,0.997300922870636,0.9337381720542908
YNL172W,YBL011W,0,-2.3843725,0.09648779034614563,0.997300922870636,0.9338731169700623
YNL283C,YDR444W,0,-2.3859835,0.09647519886493683,0.997300922870636,0.9340081214904785
YOR054C,YBR129C,0,-2.3872387,0.09646259993314743,0.997300922870636,0.93414306640625
YLR141W,YJL134W,0,-2.3885782,0.09645001590251923,0.997300922870636,0.9342780113220215
YNL127W,YER115C,0,-2.388661,0.09643742442131042,0.997300922870636,0.934412956237793
YMR269W,YFL057C,0,-2.3889384,0.09642484039068222,0.997300922870636,0.9345479011535645
YDR306C,YNL121C,0,-2.3889623,0.09641226381063461,0.997300922870636,0.9346828460693359
YER150W,YNR010W,0,-2.3890862,0.096399687230587,0.997300922870636,0.9348177909851074
YIL159W,YBL089W,0,-2.389359,0.0963871106505394,0.997300922870636,0.9349527955055237
YNL044W,YOR020C,0,-2.3932977,0.09637454152107239,0.997300922870636,0.9350877404212952
YPL122C,YOR251C,0,-2.3953664,0.09636197984218597,0.997300922870636,0.9352226853370667
YGR221C,YJR005W,0,-2.3966749,0.09634941071271896,0.997300922870636,0.9353576302528381
YMR046C,YIL076W,0,-2.3982854,0.09633685648441315,0.997300922870636,0.9354925751686096
YLL003W,YDL070W,0,-2.398369,0.09632429480552673,0.997300922870636,0.9356275200843811
YDR492W,YGL037C,0,-2.3992515,0.09631174057722092,0.997300922870636,0.9357624650001526
YGR264C,YLL008W,0,-2.3996754,0.0962991937994957,0.997300922870636,0.9358974099159241
YCL014W,YIL006W,0,-2.401957,0.09628664702177048,0.997300922870636,0.9360324144363403
YHR132C,YPR171W,0,-2.402901,0.09627410024404526,0.997300922870636,0.9361673593521118
YLR157C,YNR028W,0,-2.4035068,0.09626156091690063,0.997300922870636,0.9363023042678833
YLR344W,YGL113W,0,-2.404438,0.09624902158975601,0.997300922870636,0.9364372491836548
YLL045C,YFL017W-A,0,-2.4054573,0.09623648971319199,0.997300922870636,0.9365721940994263
YHR132C,YLR073C,0,-2.4075222,0.09622395783662796,0.997300922870636,0.9367071390151978
YEL062W,YHR039C-A,0,-2.4093437,0.09621143341064453,0.997300922870636,0.9368420839309692
YLR404W,YLR300W,0,-2.4108071,0.0961989089846611,0.997300922870636,0.9369770288467407
YBL028C,YDR476C,0,-2.41286,0.09618638455867767,0.997300922870636,0.937112033367157
YMR172W,YAL040C,0,-2.4131994,0.09617386758327484,0.997300922870636,0.9372469782829285
YPL127C,YDR472W,0,-2.4185417,0.09616135060787201,0.997300922870636,0.9373819231987
YDR285W,YIL159W,0,-2.4219303,0.09614884108304977,0.997300922870636,0.9375168681144714
YLR103C,YPR163C,0,-2.4227667,0.09613633155822754,0.997300922870636,0.9376518130302429
YMR061W,YMR238W,0,-2.4235446,0.0961238294839859,0.997300922870636,0.9377867579460144
YMR146C,YMR213W,0,-2.4251068,0.09611132740974426,0.997300922870636,0.9379217028617859
YOR216C,YDR470C,0,-2.4255002,0.09609883278608322,0.997300922870636,0.9380567073822021
YOR304W,YLR113W,0,-2.426116,0.09608633816242218,0.997300922870636,0.9381916522979736
YMR097C,YOR317W,0,-2.4298077,0.09607384353876114,0.997300922870636,0.9383265972137451
YNL117W,YLR353W,0,-2.4298153,0.0960613563656807,0.997300922870636,0.9384615421295166
YCL025C,YMR075W,0,-2.4354825,0.09604886919260025,0.997300922870636,0.9385964870452881
YOL112W,YGL241W,0,-2.435924,0.0960363894701004,0.997300922870636,0.9387314319610596
YIL143C,YKL165C,0,-2.439024,0.09602390974760056,0.997300922870636,0.938866376876831
YLR105C,YLR103C,0,-2.4401875,0.09601143002510071,0.997300922870636,0.9390013217926025
YNL070W,YJL081C,0,-2.4403918,0.09599895775318146,0.997300922870636,0.9391363263130188
YLR390W,YLR300W,0,-2.4405165,0.0959864929318428,0.997300922870636,0.9392712712287903
YAL039C,YMR034C,0,-2.4419122,0.09597402811050415,0.997300922870636,0.9394062161445618
YPR182W,YLR330W,0,-2.4430418,0.0959615632891655,0.997300922870636,0.9395411610603333
YBR172C,YHR135C,0,-2.4445667,0.09594910591840744,0.997300922870636,0.9396761059761047
YIL095W,YNR018W,0,-2.446016,0.09593664854764938,0.997300922870636,0.9398110508918762
YGL172W,YOR283W,0,-2.4461393,0.09592419862747192,0.997300922870636,0.9399459958076477
YBR002C,YPR187W,0,-2.4473972,0.09591174870729446,0.997300922870636,0.940081000328064
YNR003C,YMR143W,0,-2.4483073,0.095899298787117,0.997300922870636,0.9402159452438354
YPR182W,YER049W,0,-2.4492524,0.09588685631752014,0.997300922870636,0.9403508901596069
YKL009W,YKR056W,0,-2.4503028,0.09587441384792328,0.997300922870636,0.9404858350753784
YNL095C,YCL024W,0,-2.450929,0.09586197882890701,0.997300922870636,0.9406207799911499
YDR064W,YOR098C,0,-2.451026,0.09584954380989075,0.997300922870636,0.9407557249069214
YOR317W,YNR057C,0,-2.4521787,0.09583711624145508,0.997300922870636,0.9408906698226929
YKR008W,YDR170C,0,-2.4542665,0.09582468867301941,0.997300922870636,0.9410256147384644
YHR059W,YPR043W,0,-2.4554825,0.09581226855516434,0.997300922870636,0.9411606192588806
YDR310C,YJL192C,0,-2.458435,0.09579984098672867,0.997300922870636,0.9412955641746521
YER013W,YOL004W,0,-2.4605536,0.0957874283194542,0.997300922870636,0.9414305090904236
YIL134W,YHR082C,0,-2.4608915,0.09577501565217972,0.997300922870636,0.9415654540061951
YMR117C,YKL096W-A,0,-2.4611564,0.09576260298490524,0.997300922870636,0.9417003989219666
YHR047C,YMR078C,0,-2.4614415,0.09575019776821136,0.997300922870636,0.941835343837738
YOR025W,YJR101W,0,-2.4641707,0.09573779255151749,0.997300922870636,0.9419702887535095
YFR031C,YMR319C,0,-2.4643764,0.09572538733482361,0.997300922870636,0.942105233669281
YJL029C,YNL259C,0,-2.4650016,0.09571298956871033,0.997300922870636,0.9422402381896973
YOL093W,YNR018W,0,-2.4651508,0.09570059925317764,0.997300922870636,0.9423751831054688
YML030W,YMR143W,0,-2.4661322,0.09568820148706436,0.997300922870636,0.9425101280212402
YMR227C,YMR176W,0,-2.4678695,0.09567581862211227,0.997300922870636,0.9426450729370117
YJR006W,YKR068C,0,-2.4679482,0.09566342830657959,0.997300922870636,0.9427800178527832
YNL236W,YOL028C,0,-2.4705262,0.0956510454416275,0.997300922870636,0.9429149627685547
YGR085C,YJL178C,0,-2.4711866,0.09563867002725601,0.997300922870636,0.9430499076843262
YLR314C,YIL132C,0,-2.4716182,0.09562629461288452,0.997300922870636,0.9431849122047424
YDR144C,YMR146C,0,-2.47749,0.09561391919851303,0.997300922870636,0.9433198571205139
YKR057W,YKL130C,0,-2.4775662,0.09560155123472214,0.997300922870636,0.9434548020362854
YHR002W,YLR213C,0,-2.4781823,0.09558918327093124,0.997300922870636,0.9435897469520569
YOR261C,YOL108C,0,-2.4785185,0.09557682275772095,0.997300922870636,0.9437246918678284
YJL187C,YNL079C,0,-2.4799302,0.09556446224451065,0.997300922870636,0.9438596367835999
YER022W,YIL020C,0,-2.4861627,0.09555210918188095,0.997300922870636,0.9439945816993713
YOR147W,YBR120C,0,-2.4873877,0.09553975611925125,0.997300922870636,0.9441295266151428
YPR113W,YPL218W,0,-2.4874325,0.09552740305662155,0.997300922870636,0.9442645311355591
YFR013W,YER017C,0,-2.490077,0.09551505744457245,0.997300922870636,0.9443994760513306
YML032C,YLL061W,0,-2.4911537,0.09550271183252335,0.997300922870636,0.944534420967102
YPR191W,YJR130C,0,-2.4919152,0.09549037367105484,0.997300922870636,0.9446693658828735
YER151C,YHR135C,0,-2.49465,0.09547803550958633,0.997300922870636,0.944804310798645
YCL036W,YLR404W,0,-2.496378,0.09546570479869843,0.997300922870636,0.9449392557144165
YHR002W,YMR143W,0,-2.496407,0.09545337408781052,0.997300922870636,0.945074200630188
YBR081C,YDR470C,0,-2.497955,0.09544104337692261,0.997300922870636,0.9452092051506042
YPL082C,YPL027W,0,-2.498414,0.0954287201166153,0.997300922870636,0.9453441500663757
YGL226C-A,YNR060W,0,-2.4996815,0.09541639685630798,0.997300922870636,0.9454790949821472
YOR147W,YDR454C,0,-2.5000153,0.09540408104658127,0.997300922870636,0.9456140398979187
YER151C,YGR285C,0,-2.5004141,0.09539176523685455,0.997300922870636,0.9457489848136902
YLR425W,YDR218C,0,-2.5011792,0.09537944942712784,0.997300922870636,0.9458839297294617
YBR080C,YJL079C,0,-2.505824,0.09536714106798172,0.997300922870636,0.9460188746452332
YKR002W,YGR118W,0,-2.506917,0.0953548401594162,0.997300922870636,0.9461538195610046
YMR093W,YLL061W,0,-2.5069242,0.09534253925085068,0.997300922870636,0.9462888240814209
YPL200W,YBR145W,0,-2.5074,0.09533023834228516,0.997300922870636,0.9464237689971924
YIR018W,YCR012W,0,-2.5077965,0.09531794488430023,0.997300922870636,0.9465587139129639
YPL113C,YER115C,0,-2.5085545,0.09530565142631531,0.997300922870636,0.9466936588287354
YKL078W,YKL180W,0,-2.5092707,0.09529335796833038,0.997300922870636,0.9468286037445068
YBL112C,YDR403W,0,-2.5096445,0.09528107196092606,0.997300922870636,0.9469635486602783
YMR054W,YNL192W,0,-2.511333,0.09526878595352173,0.997300922870636,0.9470984935760498
YPR113W,YBR173C,0,-2.5132413,0.095256507396698,0.997300922870636,0.9472334384918213
YHR119W,YDR444W,0,-2.5140676,0.09524422883987427,0.997300922870636,0.9473684430122375
YOL142W,YJR147W,0,-2.5150285,0.09523195773363113,0.997300922870636,0.947503387928009
YNL273W,YDL140C,0,-2.5156682,0.095219686627388,0.997300922870636,0.9476383328437805
YLL008W,YDR211W,0,-2.516264,0.09520742297172546,0.997300922870636,0.947773277759552
YDR419W,YGR214W,0,-2.5164416,0.09519515931606293,0.997300922870636,0.9479082226753235
YDR137W,YML056C,0,-2.5165322,0.09518289566040039,0.997300922870636,0.948043167591095
YBR081C,YPR111W,0,-2.5191996,0.09517063945531845,0.997300922870636,0.9481781125068665
YER151C,YMR137C,0,-2.5196338,0.09515838325023651,0.997300922870636,0.9483131170272827
YJR101W,YGL113W,0,-2.521387,0.09514613449573517,0.997300922870636,0.9484480619430542
YDR405W,YER019C-A,0,-2.5220418,0.09513388574123383,0.997300922870636,0.9485830068588257
YKL130C,YGR214W,0,-2.5225847,0.09512163698673248,0.997300922870636,0.9487179517745972
YDR174W,YNL006W,0,-2.5234203,0.09510939568281174,0.997300922870636,0.9488528966903687
YGR281W,YOL108C,0,-2.52487,0.09509715437889099,0.997300922870636,0.9489878416061401
YGR246C,YGL174W,0,-2.5271583,0.09508492052555084,0.997300922870636,0.9491227865219116
YDL217C,YDL208W,0,-2.5294316,0.0950726866722107,0.997300922870636,0.9492577314376831
YNL335W,YOR313C,0,-2.5302172,0.09506046026945114,0.997300922870636,0.9493927359580994
YDR498C,YNL284C,0,-2.532745,0.09504823386669159,0.997300922870636,0.9495276808738708
YLR359W,YMR159C,0,-2.5358205,0.09503600746393204,0.997300922870636,0.9496626257896423
YGL203C,YPL129W,0,-2.5422702,0.09502378851175308,0.997300922870636,0.9497975707054138
YDR030C,YLR197W,0,-2.542788,0.09501156955957413,0.997300922870636,0.9499325156211853
YER150W,YER087W,0,-2.5431566,0.09499935805797577,0.997300922870636,0.9500674605369568
YPL276W,YKL165C,0,-2.5448213,0.09498714655637741,0.997300922870636,0.9502024054527283
YGL068W,YPR043W,0,-2.5454912,0.09497494250535965,0.997300922870636,0.9503374099731445
YJL114W,YBR081C,0,-2.5457082,0.09496273100376129,0.997300922870636,0.950472354888916
YNL073W,YDL055C,0,-2.5457587,0.09495053440332413,0.997300922870636,0.9506072998046875
YFR013W,YHR132C,0,-2.5460649,0.09493833780288696,0.997300922870636,0.950742244720459
YLR447C,YGL233W,0,-2.5469744,0.0949261412024498,0.997300922870636,0.9508771896362305
YKR102W,YBL092W,0,-2.548526,0.09491394460201263,0.997300922870636,0.951012134552002
YGL026C,YPR006C,0,-2.5489635,0.09490176290273666,0.997300922870636,0.9511470794677734
YNL178W,YBR281C,0,-2.5533218,0.0948895737528801,0.997300922870636,0.9512820243835449
YHR030C,YBL005W-B,0,-2.5553858,0.09487739205360413,0.997300922870636,0.9514170289039612
YIR018W,YHR057C,0,-2.563262,0.09486521035432816,0.997300922870636,0.9515519738197327
YPR011C,YPR159W,0,-2.5636885,0.09485303610563278,0.997300922870636,0.9516869187355042
YLL051C,YLR009W,0,-2.565244,0.09484086185693741,0.997300922870636,0.9518218636512756
YGR258C,YLR309C,0,-2.5677304,0.09482869505882263,0.997300922870636,0.9519568085670471
YDR419W,YBL092W,0,-2.569707,0.09481652826070786,0.997300922870636,0.9520917534828186
YLR165C,YGL148W,0,-2.570619,0.09480436146259308,0.997300922870636,0.9522266983985901
YPR167C,YDL245C,0,-2.5721228,0.0947922021150589,0.997300922870636,0.9523617029190063
YKL210W,YJR140C,0,-2.5723276,0.09478004276752472,0.997300922870636,0.9524966478347778
YLR353W,YKR006C,0,-2.572917,0.09476789087057114,0.997300922870636,0.9526315927505493
YLR228C,YLR301W,0,-2.5803146,0.09475573897361755,0.997300922870636,0.9527665376663208
YMR160W,YGL220W,0,-2.581212,0.09474358707666397,0.997300922870636,0.9529014825820923
YNL202W,YBR067C,0,-2.5838656,0.09473144263029099,0.997300922870636,0.9530364274978638
YLR312W-A,YIL048W,0,-2.5845227,0.0947193056344986,0.997300922870636,0.9531713724136353
YBL005W-B,YDR444W,0,-2.5848446,0.09470716118812561,0.997300922870636,0.9533063173294067
YDL171C,YFL045C,0,-2.5857325,0.09469503164291382,0.997300922870636,0.953441321849823
YNL127W,YMR308C,0,-2.5872574,0.09468289464712143,0.997300922870636,0.9535762667655945
YBR275C,YGL244W,0,-2.5900698,0.09467076510190964,0.997300922870636,0.953711211681366
YGL026C,YLR153C,0,-2.5904088,0.09465864300727844,0.997300922870636,0.9538461565971375
YNL102W,YML080W,0,-2.5908341,0.09464651346206665,0.997300922870636,0.9539811015129089
YKR036C,YPL131W,0,-2.5909665,0.09463439881801605,0.997300922870636,0.9541160464286804
YOR038C,YGR155W,0,-2.5912328,0.09462227672338486,0.997300922870636,0.9542509913444519
YLL002W,YBR037C,0,-2.5951514,0.09461016207933426,0.997300922870636,0.9543859362602234
YOL142W,YBR020W,0,-2.5980804,0.09459805488586426,0.997300922870636,0.9545209407806396
YOL026C,YHR174W,0,-2.5986066,0.09458594769239426,0.997300922870636,0.9546558856964111
YDL171C,YKL203C,0,-2.5998697,0.09457384049892426,0.997300922870636,0.9547908306121826
YMR032W,YBR129C,0,-2.5999734,0.09456174075603485,0.997300922870636,0.9549257755279541
YDR137W,YNR018W,0,-2.600738,0.09454964101314545,0.997300922870636,0.9550607204437256
YHR109W,YOR020C,0,-2.601071,0.09453754872083664,0.997300922870636,0.9551956653594971
YJL172W,YBL026W,0,-2.6032615,0.09452545642852783,0.997300922870636,0.9553306102752686
YNL178W,YOR020C,0,-2.6034198,0.09451336413621902,0.997300922870636,0.9554656147956848
YPL082C,YDR508C,0,-2.6056318,0.09450127929449081,0.997300922870636,0.9556005597114563
YJR032W,YAL029C,0,-2.6107686,0.0944891944527626,0.997300922870636,0.9557355046272278
YBR067C,YDL015C,0,-2.6108105,0.09447711706161499,0.997300922870636,0.9558704495429993
YKR008W,YMR321C,0,-2.617647,0.09446503967046738,0.997300922870636,0.9560053944587708
YPL134C,YMR054W,0,-2.6177895,0.09445296227931976,0.997300922870636,0.9561403393745422
YAL033W,YDR081C,0,-2.6186368,0.09444089233875275,0.997300922870636,0.9562752842903137
YMR270C,YOR123C,0,-2.623419,0.09442882984876633,0.997300922870636,0.9564102292060852
YLR197W,YBL089W,0,-2.6252184,0.09441675990819931,0.997300922870636,0.9565452337265015
YER151C,YOR237W,0,-2.6257787,0.09440469741821289,0.997300922870636,0.956680178642273
YDR233C,YJL095W,0,-2.6284509,0.09439264237880707,0.997300922870636,0.9568151235580444
YMR117C,YLR145W,0,-2.629175,0.09438058733940125,0.997300922870636,0.9569500684738159
YLL012W,YIL048W,0,-2.6297472,0.09436853229999542,0.997300922870636,0.9570850133895874
YPL147W,YBR010W,0,-2.6304374,0.0943564847111702,0.997300922870636,0.9572199583053589
YDR064W,YJR005W,0,-2.6307755,0.09434443712234497,0.997300922870636,0.9573549032211304
YLR130C,YOR180C,0,-2.6323752,0.09433239698410034,0.997300922870636,0.9574899077415466
YLR440C,YGL148W,0,-2.6346126,0.09432035684585571,0.997300922870636,0.9576248526573181
YLR264W,YGR155W,0,-2.6353474,0.09430832415819168,0.997300922870636,0.9577597975730896
YDL061C,YHR135C,0,-2.6385598,0.09429628401994705,0.997300922870636,0.9578947424888611
YMR228W,YMR246W,0,-2.6401193,0.09428425878286362,0.997300922870636,0.9580296874046326
YJR140C,YNR060W,0,-2.6424975,0.09427222609519958,0.997300922870636,0.958164632320404
YOR304W,YJR005W,0,-2.6478071,0.09426020085811615,0.997300922870636,0.9582995772361755
YMR172W,YPR190C,0,-2.6496367,0.09424818307161331,0.997300922870636,0.958434522151947
YKL203C,YBL098W,0,-2.6521828,0.09423616528511047,0.997300922870636,0.9585695266723633
YKL119C,YKL166C,0,-2.6562643,0.09422414749860764,0.997300922870636,0.9587044715881348
YPR002W,YIL132C,0,-2.6566648,0.0942121371626854,0.997300922870636,0.9588394165039062
YER022W,YOR194C,0,-2.6574092,0.09420012682676315,0.997300922870636,0.9589743614196777
YNL102W,YLR024C,0,-2.6577504,0.09418812394142151,0.997300922870636,0.9591093063354492
YLR425W,YBL098W,0,-2.6581764,0.09417612105607986,0.997300922870636,0.9592442512512207
YLR305C,YLL055W,0,-2.659529,0.09416411817073822,0.997300922870636,0.9593791961669922
YHL012W,YLR440C,0,-2.6622252,0.09415212273597717,0.997300922870636,0.9595141410827637
YFL066C,YDL198C,0,-2.6626005,0.09414012730121613,0.997300922870636,0.9596491456031799
YGR177C,YOR142W,0,-2.6661906,0.09412813931703568,0.997300922870636,0.9597840905189514
YOL010W,YHR069C,0,-2.6675344,0.09411615133285522,0.997300922870636,0.9599190354347229
YOR304C-A,YDL074C,0,-2.668593,0.09410416334867477,0.997300922870636,0.9600539803504944
YBL085W,YMR143W,0,-2.6693506,0.09409218281507492,0.997300922870636,0.9601889252662659
YDR067C,YBR072W,0,-2.6696339,0.09408020228147507,0.997300922870636,0.9603238701820374
YMR277W,YFR028C,1,-2.6706758,0.09419552236795425,0.9986504912376404,0.9603238701820374
YEL043W,YML039W,0,-2.6716318,0.0941835269331932,0.9986504912376404,0.9604588150978088
YBL113C,YER074W,0,-2.6750345,0.09417154639959335,0.9986504912376404,0.9605938196182251
YLR353W,YJR103W,0,-2.6790566,0.0941595658659935,0.9986504912376404,0.9607287645339966
YKR036C,YMR321C,0,-2.6822634,0.09414758533239365,0.9986504912376404,0.9608637094497681
YDL028C,YMR194W,0,-2.6826205,0.09413560479879379,0.9986504912376404,0.9609986543655396
YJR004C,YLR344W,0,-2.6827953,0.09412363171577454,0.9986504912376404,0.961133599281311
YDR205W,YDL148C,0,-2.687542,0.09411165863275528,0.9986504912376404,0.9612685441970825
YNL178W,YIL047C,0,-2.6878252,0.09409969300031662,0.9986504912376404,0.961403489112854
YJR127C,YER154W,0,-2.689093,0.09408772736787796,0.9986504912376404,0.9615384340286255
YNL273W,YOR180C,0,-2.6897397,0.0940757691860199,0.9986504912376404,0.9616734385490417
YOR145C,YHL034C,0,-2.6915793,0.09406381100416183,0.9986504912376404,0.9618083834648132
YJR026W,YEL029C,0,-2.6924453,0.09405185282230377,0.9986504912376404,0.9619433283805847
YMR180C,YPL167C,0,-2.6939704,0.0940399020910263,0.9986504912376404,0.9620782732963562
YLR395C,YDR254W,0,-2.6948106,0.09402795135974884,0.9986504912376404,0.9622132182121277
YBL028C,YOR355W,0,-2.6997752,0.09401600807905197,0.9986504912376404,0.9623481631278992
YLL019C,YOR327C,0,-2.7000718,0.0940040647983551,0.9986504912376404,0.9624831080436707
YGR112W,YNL259C,0,-2.7013507,0.09399212151765823,0.9986504912376404,0.9626181125640869
YNL178W,YMR203W,0,-2.7048917,0.09398018568754196,0.9986504912376404,0.9627530574798584
YJL225C,YFL038C,0,-2.706862,0.09396825730800629,0.9986504912376404,0.9628880023956299
YLR383W,YLR386W,0,-2.7071595,0.09395632147789001,0.9986504912376404,0.9630229473114014
YMR089C,YNL236W,0,-2.7076783,0.09394439309835434,0.9986504912376404,0.9631578922271729
YGR081C,YGR118W,0,-2.7094207,0.09393247216939926,0.9986504912376404,0.9632928371429443
YNL122C,YGL103W,0,-2.7110329,0.09392055124044418,0.9986504912376404,0.9634277820587158
YGR034W,YDL074C,0,-2.7135034,0.0939086303114891,0.9986504912376404,0.9635627269744873
YOL086C,YBR195C,0,-2.7139297,0.09389671683311462,0.9986504912376404,0.9636977314949036
YMR168C,YPR080W,0,-2.713976,0.09388480335474014,0.9986504912376404,0.963832676410675
YML032C,YFR013W,0,-2.7162395,0.09387288987636566,0.9986504912376404,0.9639676213264465
YLR312W-A,YKL085W,0,-2.717258,0.09386098384857178,0.9986504912376404,0.964102566242218
YDL121C,YOL093W,0,-2.721144,0.0938490778207779,0.9986504912376404,0.9642375111579895
YGL162W,YER165W,0,-2.723036,0.0938371792435646,0.9986504912376404,0.964372456073761
YDR414C,YPL167C,0,-2.7327697,0.09382528066635132,0.9986504912376404,0.9645074009895325
YBL112C,YPR001W,0,-2.733009,0.09381338953971863,0.9986504912376404,0.964642345905304
YLR359W,YJL171C,0,-2.7338696,0.09380149841308594,0.9986504912376404,0.9647773504257202
YJL030W,YHR061C,0,-2.7463102,0.09378960728645325,0.9986504912376404,0.9649122953414917
YOL112W,YLL017W,0,-2.7464533,0.09377772361040115,0.9986504912376404,0.9650472402572632
YMR093W,YER019C-A,0,-2.7571821,0.09376583993434906,0.9986504912376404,0.9651821851730347
YDR364C,YIL047C,0,-2.75746,0.09375395625829697,0.9986504912376404,0.9653171300888062
YNL297C,YJL200C,0,-2.7584372,0.09374208003282547,0.9986504912376404,0.9654520750045776
YMR160W,YGL103W,0,-2.7598011,0.09373021125793457,0.9986504912376404,0.9655870199203491
YMR123W,YPR162C,0,-2.7600546,0.09371833503246307,0.9986504912376404,0.9657220244407654
YGL226C-A,YKR102W,0,-2.7603714,0.09370647370815277,0.9986504912376404,0.9658569693565369
YBL113C,YNL238W,0,-2.7604408,0.09369460493326187,0.9986504912376404,0.9659919142723083
YLR447C,YDR429C,0,-2.763784,0.09368274360895157,0.9986504912376404,0.9661268591880798
YPR149W,YDL045C,0,-2.7660546,0.09367088973522186,0.9986504912376404,0.9662618041038513
YJL191W,YDR211W,0,-2.7735891,0.09365902841091156,0.9986504912376404,0.9663967490196228
YPR011C,YNR021W,0,-2.7809205,0.09364717453718185,0.9986504912376404,0.9665316939353943
YGR214W,YPL208W,0,-2.788846,0.09363532811403275,0.9986504912376404,0.9666666388511658
YHR060W,YNL138W,0,-2.791493,0.09362348169088364,0.9986504912376404,0.966801643371582
YFR052W,YIL133C,0,-2.7919648,0.09361163526773453,0.9986504912376404,0.9669365882873535
YDR233C,YJR101W,0,-2.794611,0.09359979629516602,0.9986504912376404,0.967071533203125
YHR175W,YGR105W,0,-2.7997322,0.0935879573225975,0.9986504912376404,0.9672064781188965
YNL095C,YGL169W,0,-2.8041468,0.09357612580060959,0.9986504912376404,0.967341423034668
YDR064W,YKL041W,0,-2.8045843,0.09356429427862167,0.9986504912376404,0.9674763679504395
YDR518W,YLR264W,0,-2.8051076,0.09355246275663376,0.9986504912376404,0.9676113128662109
YLR325C,YCR002C,0,-2.805383,0.09354063868522644,0.9986504912376404,0.9677463173866272
YNL131W,YHR004C,0,-2.806935,0.09352881461381912,0.9986504912376404,0.9678812623023987
YGL103W,YIL047C,0,-2.807285,0.0935169979929924,0.9986504912376404,0.9680162072181702
YJR138W,YCR002C,0,-2.8118455,0.09350518137216568,0.9986504912376404,0.9681511521339417
YDL121C,YLR383W,0,-2.8182902,0.09349336475133896,0.9986504912376404,0.9682860970497131
YPR189W,YCR026C,0,-2.8195136,0.09348155558109283,0.9986504912376404,0.9684210419654846
YKL144C,YDR226W,0,-2.8217907,0.09346974641084671,0.9986504912376404,0.9685559868812561
YOR299W,YGR155W,0,-2.8228188,0.09345794469118118,0.9986504912376404,0.9686909317970276
YPL131W,YBL068W,0,-2.8266127,0.09344614297151566,0.9986504912376404,0.9688259363174438
YNL102W,YBR281C,0,-2.8314567,0.09343434125185013,0.9986504912376404,0.9689608812332153
YJL066C,YCR012W,0,-2.8344278,0.0934225469827652,0.9986504912376404,0.9690958261489868
YBL052C,YDR392W,0,-2.834489,0.09341075271368027,0.9986504912376404,0.9692307710647583
YGL094C,YGR085C,0,-2.8351302,0.09339896589517593,0.9986504912376404,0.9693657159805298
YLR020C,YJL134W,0,-2.8374152,0.0933871790766716,0.9986504912376404,0.9695006608963013
YOL142W,YLR300W,0,-2.8392296,0.09337539225816727,0.9986504912376404,0.9696356058120728
YDR310C,YBR294W,0,-2.83955,0.09336361289024353,0.9986504912376404,0.9697705507278442
YDL227C,YHR082C,0,-2.8427818,0.0933518335223198,0.9986504912376404,0.9699055552482605
YIL177C,YJL176C,0,-2.8428857,0.09334006160497665,0.9986504912376404,0.970040500164032
YBL005W-B,YOR324C,0,-2.8430643,0.09332828968763351,0.9986504912376404,0.9701754450798035
YJL117W,YML132W,0,-2.845888,0.09331651777029037,0.9986504912376404,0.970310389995575
YGL010W,YHR039C-A,0,-2.8494573,0.09330475330352783,0.9986504912376404,0.9704453349113464
YBR042C,YLR321C,0,-2.8644333,0.09329298883676529,0.9986504912376404,0.9705802798271179
YDR414C,YPL094C,0,-2.8663368,0.09328123182058334,0.9986504912376404,0.9707152247428894
YKL096W-A,YDR470C,0,-2.8683774,0.0932694748044014,0.9986504912376404,0.9708502292633057
YBL005W-B,YHR008C,0,-2.8721502,0.09325771778821945,0.9986504912376404,0.9709851741790771
YKL009W,YNL283C,0,-2.8758137,0.0932459682226181,0.9986504912376404,0.9711201190948486
YMR241W,YNL172W,0,-2.8774767,0.09323421865701675,0.9986504912376404,0.9712550640106201
YNL102W,YMR145C,0,-2.8818574,0.093222476541996,0.9986504912376404,0.9713900089263916
YPR149W,YCR002C,0,-2.8824918,0.09321073442697525,0.9986504912376404,0.9715249538421631
YKR020W,YPR149W,0,-2.88409,0.0931989923119545,0.9986504912376404,0.9716598987579346
YDR457W,YOR299W,0,-2.8864045,0.09318725764751434,0.9986504912376404,0.971794843673706
YJR130C,YNL121C,0,-2.8910608,0.09317552298307419,0.9986504912376404,0.9719298481941223
YJL114W,YLR270W,0,-2.8918118,0.09316378831863403,0.9986504912376404,0.9720647931098938
YOR310C,YMR077C,0,-2.9052896,0.09315206110477448,0.9986504912376404,0.9721997380256653
YLL003W,YPR006C,0,-2.9075353,0.09314034134149551,0.9986504912376404,0.9723346829414368
YPR144C,YNR018W,0,-2.9126382,0.09312862157821655,0.9986504912376404,0.9724696278572083
YDR064W,YML030W,0,-2.9131565,0.09311690181493759,0.9986504912376404,0.9726045727729797
YGR085C,YER090W,0,-2.9172807,0.09310518205165863,0.9986504912376404,0.9727395176887512
YDL140C,YMR176W,0,-2.9194481,0.09309346973896027,0.9986504912376404,0.9728745222091675
YOR237W,YIL048W,0,-2.9324255,0.0930817574262619,0.9986504912376404,0.973009467124939
YML032C,YIL159W,0,-2.9331076,0.09307005256414413,0.9986504912376404,0.9731444120407104
YGL172W,YJR005W,0,-2.9342,0.09305834770202637,0.9986504912376404,0.9732793569564819
YKL190W,YIR025W,0,-2.9344854,0.0930466502904892,0.9986504912376404,0.9734143018722534
YJL081C,YBR129C,0,-2.939172,0.09303495287895203,0.9986504912376404,0.9735492467880249
YMR136W,YBL052C,0,-2.940929,0.09302325546741486,0.9986504912376404,0.9736841917037964
YCL024W,YLR153C,0,-2.9465775,0.09301156550645828,0.9986504912376404,0.9738191366195679
YGL180W,YLL040C,0,-2.9465923,0.09299987554550171,0.9986504912376404,0.9739541411399841
YNR004W,YPR163C,0,-2.9509614,0.09298818558454514,0.9986504912376404,0.9740890860557556
YLR353W,YFL017W-A,0,-2.9522736,0.09297650307416916,0.9986504912376404,0.9742240309715271
YDL171C,YOR008C,0,-2.9528131,0.09296482056379318,0.9986504912376404,0.9743589758872986
YKR069W,YHR057C,0,-2.9529471,0.0929531455039978,0.9986504912376404,0.9744939208030701
YNL110C,YKR026C,0,-2.9662063,0.09294147044420242,0.9986504912376404,0.9746288657188416
YHR066W,YIL020C,0,-2.9716685,0.09292980283498764,0.9986504912376404,0.974763810634613
YPL078C,YPL027W,0,-2.9729123,0.09291813522577286,0.9986504912376404,0.9748988151550293
YNL095C,YOR340C,0,-2.9739118,0.09290646761655807,0.9986504912376404,0.9750337600708008
YCL018W,YBL005W-B,0,-2.9742837,0.09289480000734329,0.9986504912376404,0.9751687049865723
YDR030C,YNL297C,0,-2.9749084,0.0928831398487091,0.9986504912376404,0.9753036499023438
YFR018C,YOR204W,0,-2.975767,0.09287148714065552,0.9986504912376404,0.9754385948181152
YMR301C,YPL050C,0,-2.9794655,0.09285983443260193,0.9986504912376404,0.9755735397338867
YMR241W,YMR203W,0,-2.984415,0.09284818172454834,0.9986504912376404,0.9757084846496582
YNR004W,YML073C,0,-2.9856725,0.09283652901649475,0.9986504912376404,0.9758434295654297
YMR277W,YPR073C,1,-2.98658,0.09295032918453217,1.0,0.9758434295654297
YOR106W,YPL083C,0,-2.9879184,0.09293866902589798,1.0,0.975978434085846
YDR476C,YLR359W,0,-2.9883285,0.09292701631784439,1.0,0.9761133790016174
YKL119C,YLR325C,0,-2.9924488,0.0929153636097908,1.0,0.9762483239173889
YLR359W,YFL021W,0,-2.9932532,0.09290371090173721,1.0,0.9763832688331604
YLR344W,YFL023W,0,-2.9977312,0.09289206564426422,1.0,0.9765182137489319
YJR070C,YML071C,0,-2.9988065,0.09288042038679123,1.0,0.9766531586647034
YJL200C,YBR093C,0,-2.9997017,0.09286878257989883,1.0,0.9767881035804749
YAR002C-A,YNL230C,0,-3.0155797,0.09285714477300644,1.0,0.9769230484962463
YBL028C,YGR089W,0,-3.0202374,0.09284550696611404,1.0,0.9770580530166626
YMR168C,YKR044W,0,-3.0233998,0.09283387660980225,1.0,0.9771929979324341
YPL083C,YMR033W,0,-3.0241103,0.09282224625349045,1.0,0.9773279428482056
YKL096W-A,YBR243C,0,-3.025041,0.09281062334775925,1.0,0.977462887763977
YDR083W,YKL172W,0,-3.0254912,0.09279900044202805,1.0,0.9775978326797485
YMR112C,YOR215C,0,-3.028984,0.09278737753629684,1.0,0.97773277759552
YBL112C,YIL177C,0,-3.0323293,0.09277576208114624,1.0,0.9778677225112915
YLR305C,YLR383W,0,-3.0323954,0.09276414662599564,1.0,0.9780027270317078
YOR206W,YIL020C,0,-3.0325544,0.09275253117084503,1.0,0.9781376719474792
YPR182W,YAL038W,0,-3.0345173,0.09274092316627502,1.0,0.9782726168632507
YOR355W,YIL133C,0,-3.0352404,0.09272932261228561,1.0,0.9784075617790222
YGL083W,YPR163C,0,-3.0391192,0.0927177146077156,1.0,0.9785425066947937
YNL236W,YHR209W,0,-3.0408862,0.0927061215043068,1.0,0.9786774516105652
YMR203W,YGR105W,0,-3.051075,0.09269452095031738,1.0,0.9788123965263367
YNL238W,YGL060W,0,-3.053249,0.09268292784690857,1.0,0.9789473414421082
YHR005C-A,YNL027W,0,-3.0537987,0.09267133474349976,1.0,0.9790823459625244
YDR310C,YIL020C,0,-3.0627027,0.09265974909067154,1.0,0.9792172908782959
YBR230C,YNL078W,0,-3.0701537,0.09264816343784332,1.0,0.9793522357940674
YOR106W,YPR171W,0,-3.0705178,0.0926365777850151,1.0,0.9794871807098389
YLR165C,YOR187W,0,-3.078692,0.09262499958276749,1.0,0.9796221256256104
YDR205W,YBR172C,0,-3.0801823,0.09261342138051987,1.0,0.9797570705413818
YIL139C,YLR050C,0,-3.0825047,0.09260185062885284,1.0,0.9798920154571533
YGL068W,YMR032W,0,-3.0847585,0.09259027987718582,1.0,0.9800270199775696
YKL041W,YNL107W,0,-3.0914216,0.0925787091255188,1.0,0.9801619648933411
YMR301C,YGR214W,0,-3.0999255,0.09256714582443237,1.0,0.9802969098091125
YGR032W,YPL119C,0,-3.100531,0.09255558252334595,1.0,0.980431854724884
YJR070C,YDR449C,0,-3.10431,0.09254402667284012,1.0,0.9805667996406555
YJR082C,YLR300W,0,-3.107083,0.09253247082233429,1.0,0.980701744556427
YNL110C,YPR163C,0,-3.108467,0.09252091497182846,1.0,0.9808366894721985
YMR182C,YBR002C,0,-3.1107602,0.09250936657190323,1.0,0.98097163438797
YGR180C,YNR044W,0,-3.116969,0.092497818171978,1.0,0.9811066389083862
YNL261W,YLR073C,0,-3.1171308,0.09248626977205276,1.0,0.9812415838241577
YGR180C,YLR389C,0,-3.1179414,0.09247472882270813,1.0,0.9813765287399292
YDR131C,YML052W,0,-3.1184816,0.0924631878733635,1.0,0.9815114736557007
YBL028C,YGR271W,0,-3.1186695,0.09245165437459946,1.0,0.9816464185714722
YNL202W,YMR025W,0,-3.1265514,0.09244012087583542,1.0,0.9817813634872437
YOR098C,YMR240C,0,-3.1287231,0.09242858737707138,1.0,0.9819163084030151
YGL122C,YGR268C,0,-3.131785,0.09241706132888794,1.0,0.9820512533187866
YNL302C,YER046W,0,-3.1402025,0.0924055352807045,1.0,0.9821862578392029
YPR167C,YKR102W,0,-3.1454306,0.09239401668310165,1.0,0.9823212027549744
YNL122C,YOL004W,0,-3.146953,0.09238249808549881,1.0,0.9824561476707458
YHR132C,YJR026W,0,-3.1602075,0.09237097948789597,1.0,0.9825910925865173
YPR191W,YPR060C,0,-3.1607344,0.09235946834087372,1.0,0.9827260375022888
YLR452C,YNR044W,0,-3.1634102,0.09234795719385147,1.0,0.9828609824180603
YOL112W,YIL020C,0,-3.1669607,0.09233644604682922,1.0,0.9829959273338318
YJL187C,YMR176W,0,-3.1808057,0.09232494235038757,1.0,0.983130931854248
YKL180W,YBR257W,0,-3.1817102,0.09231343865394592,1.0,0.9832658767700195
YKL009W,YGR229C,0,-3.1847422,0.09230194240808487,1.0,0.983400821685791
YMR097C,YLR043C,0,-3.195046,0.09229044616222382,1.0,0.9835357666015625
YLR314C,YBR120C,0,-3.196514,0.09227895736694336,1.0,0.983670711517334
YBL028C,YOR222W,0,-3.2070622,0.0922674611210823,1.0,0.9838056564331055
YNL297C,YNL121C,0,-3.210647,0.09225597977638245,1.0,0.983940601348877
YGR077C,YOR232W,0,-3.215591,0.09224449098110199,1.0,0.9840755462646484
YDR138W,YGL148W,0,-3.217025,0.09223300963640213,1.0,0.9842105507850647
YOL142W,YJR112W,0,-3.2257898,0.09222152829170227,1.0,0.9843454957008362
YJL085W,YKL085W,0,-3.2446568,0.09221005439758301,1.0,0.9844804406166077
YPR189W,YMR227C,0,-3.2455473,0.09219858050346375,1.0,0.9846153855323792
YLL034C,YGL244W,0,-3.2597992,0.09218711405992508,1.0,0.9847503304481506
YHR214C-B,YDR508C,0,-3.2611485,0.09217564016580582,1.0,0.9848852753639221
YGL172W,YLR009W,0,-3.2616515,0.09216418117284775,1.0,0.9850202202796936
YJL114W,YER046W,0,-3.2621171,0.09215271472930908,1.0,0.9851552248001099
YGL122C,YKL180W,0,-3.2762556,0.09214125573635101,1.0,0.9852901697158813
YLR353W,YPR149W,0,-3.2796006,0.09212980419397354,1.0,0.9854251146316528
YGL051W,YGL030W,0,-3.2812474,0.09211835265159607,1.0,0.9855600595474243
YPR171W,YOL155C,0,-3.2868037,0.0921069011092186,1.0,0.9856950044631958
YPR011C,YOR168W,0,-3.291051,0.09209544956684113,1.0,0.9858299493789673
YEL041W,YOR020C,0,-3.298378,0.09208400547504425,1.0,0.9859648942947388
YJL034W,YIL094C,0,-3.3025799,0.09207256138324738,1.0,0.9860998392105103
YNR004W,YOL124C,0,-3.3031232,0.0920611247420311,1.0,0.9862348437309265
YGR282C,YPR159W,0,-3.3074698,0.09204968810081482,1.0,0.986369788646698
YLL004W,YNR018W,0,-3.311079,0.09203825891017914,1.0,0.9865047335624695
YKL171W,YGR214W,0,-3.311689,0.09202682226896286,1.0,0.986639678478241
YGL172W,YNR018W,0,-3.3118167,0.09201540052890778,1.0,0.9867746233940125
YER185W,YOL101C,0,-3.3136768,0.0920039713382721,1.0,0.9869095683097839
YDR254W,YGR105W,0,-3.3171544,0.09199254959821701,1.0,0.9870445132255554
YLL003W,YLR300W,0,-3.3176332,0.09198113530874252,1.0,0.9871794581413269
YPR187W,YEL036C,0,-3.3210967,0.09196971356868744,1.0,0.9873144626617432
YCL074W,YHR168W,0,-3.3288023,0.09195829927921295,1.0,0.9874494075775146
YMR159C,YGR276C,0,-3.328966,0.09194689244031906,1.0,0.9875843524932861
YLR447C,YDR306C,0,-3.329383,0.09193548560142517,1.0,0.9877192974090576
YOL010W,YOR297C,0,-3.3310318,0.09192407876253128,1.0,0.9878542423248291
YMR013C,YMR186W,0,-3.355476,0.09191267937421799,1.0,0.9879891872406006
YDR167W,YKR028W,0,-3.3617826,0.0919012799859047,1.0,0.9881241321563721
YGL237C,YJL006C,0,-3.3674502,0.0918898805975914,1.0,0.9882591366767883
YFR018C,YMR046C,0,-3.3680887,0.0918784886598587,1.0,0.9883940815925598
YJL117W,YKL205W,0,-3.3741944,0.09186709672212601,1.0,0.9885290265083313
YHR214C-B,YGL019W,0,-3.3766892,0.09185570478439331,1.0,0.9886639714241028
YGL186C,YJL144W,0,-3.3826962,0.09184432029724121,1.0,0.9887989163398743
YGR221C,YPR204W,0,-3.3871574,0.09183294326066971,1.0,0.9889338612556458
YIL020C,YJL134W,0,-3.3917096,0.09182155877351761,1.0,0.9890688061714172
YLR029C,YDL074C,0,-3.4049869,0.0918101817369461,1.0,0.9892037510871887
YBR002C,YDL083C,0,-3.4068031,0.0917988121509552,1.0,0.989338755607605
YBR129C,YNL092W,0,-3.4086695,0.0917874425649643,1.0,0.9894737005233765
YOR310C,YDL077C,0,-3.4094722,0.09177607297897339,1.0,0.989608645439148
YMR269W,YGR239C,0,-3.4385219,0.09176470339298248,1.0,0.9897435903549194
YPR204W,YMR300C,0,-3.4421136,0.09175334125757217,1.0,0.9898785352706909
YMR182C,YJL172W,0,-3.4590864,0.09174198657274246,1.0,0.9900134801864624
YER138C,YCR052W,0,-3.462387,0.09173062443733215,1.0,0.9901484251022339
YDR233C,YDR245W,0,-3.4655745,0.09171926975250244,1.0,0.9902834296226501
YBR010W,YML132W,0,-3.473318,0.09170792251825333,1.0,0.9904183745384216
YDR233C,YKL095W,0,-3.4934757,0.09169657528400421,1.0,0.9905533194541931
YKR020W,YJR034W,0,-3.5077438,0.0916852280497551,1.0,0.9906882643699646
YER008C,YGR155W,0,-3.517125,0.09167388081550598,1.0,0.9908232092857361
YDR030C,YPR080W,0,-3.5227273,0.09166254103183746,1.0,0.9909581542015076
YLR187W,YML039W,0,-3.5268884,0.09165120869874954,1.0,0.991093099117279
YOR304W,YKL205W,0,-3.5352972,0.09163986891508102,1.0,0.9912280440330505
YJL085W,YGR214W,0,-3.5497894,0.0916285365819931,1.0,0.9913630485534668
YER055C,YBR150C,0,-3.5516596,0.09161721169948578,1.0,0.9914979934692383
YOL112W,YBL085W,0,-3.5520272,0.09160588681697845,1.0,0.9916329383850098
YLR029C,YPR198W,0,-3.5538764,0.09159456193447113,1.0,0.9917678833007812
YJL024C,YLR309C,0,-3.5569596,0.0915832370519638,1.0,0.9919028282165527
YPL083C,YNL006W,0,-3.5795143,0.09157191962003708,1.0,0.9920377731323242
YGR225W,YOL038W,0,-3.5887058,0.09156060963869095,1.0,0.9921727180480957
YKR057W,YMR193W,0,-3.5946503,0.09154929220676422,1.0,0.9923076629638672
YGL068W,YPL139C,0,-3.604607,0.09153798967599869,1.0,0.9924426674842834
YLL061W,YDR138W,0,-3.6108356,0.09152667969465256,1.0,0.9925776124000549
YGR145W,YDL140C,0,-3.6187382,0.09151537716388702,1.0,0.9927125573158264
YOL142W,YGL030W,0,-3.6189864,0.09150407463312149,1.0,0.9928475022315979
YMR005W,YGL050W,0,-3.6219473,0.09149277955293655,1.0,0.9929824471473694
YOL142W,YFL045C,0,-3.638437,0.09148148447275162,1.0,0.9931173920631409
YNL271C,YHR214C-B,0,-3.6497374,0.09147018939256668,1.0,0.9932523369789124
YLL003W,YNR021W,0,-3.655398,0.09145890176296234,1.0,0.9933873414993286
YNR021W,YML132W,0,-3.6893048,0.091447614133358,1.0,0.9935222864151001
YNL302C,YBL085W,0,-3.693355,0.09143632650375366,1.0,0.9936572313308716
YJL191W,YFL048C,0,-3.6964264,0.09142504632472992,1.0,0.9937921762466431
YCL024W,YNR072W,0,-3.6998668,0.09141376614570618,1.0,0.9939271211624146
YGL122C,YAL039C,0,-3.703806,0.09140249341726303,1.0,0.994062066078186
YOL142W,YPL131W,0,-3.7382689,0.09139122068881989,1.0,0.9941970109939575
YLR353W,YGL060W,0,-3.7509673,0.09137994796037674,1.0,0.994331955909729
YPL094C,YPR190C,0,-3.7628222,0.09136868268251419,1.0,0.9944669604301453
YLR187W,YLL061W,0,-3.7677903,0.09135741740465164,1.0,0.9946019053459167
YER138C,YGR246C,0,-3.7997954,0.09134615212678909,1.0,0.9947368502616882
YNR028W,YGL060W,0,-3.802477,0.09133489429950714,1.0,0.9948717951774597
YGR180C,YGL122C,0,-3.8260787,0.09132363647222519,1.0,0.9950067400932312
YMR301C,YKL144C,0,-3.8341286,0.09131238609552383,1.0,0.9951416850090027
YHR119W,YJR112W,0,-3.8413794,0.09130113571882248,1.0,0.9952766299247742
YJL114W,YKL189W,0,-3.8521714,0.09128988534212112,1.0,0.9954116344451904
YGL037C,YGR155W,0,-3.8675594,0.09127864241600037,1.0,0.9955465793609619
YBL011W,YKR044W,0,-3.8705401,0.09126739948987961,1.0,0.9956815242767334
YDR378C,YLR325C,0,-3.872362,0.09125615656375885,1.0,0.9958164691925049
YBR080C,YLL061W,0,-3.8842428,0.09124492108821869,1.0,0.9959514141082764
YJL024C,YBR010W,0,-3.9172657,0.09123368561267853,1.0,0.9960863590240479
YPL131W,YDR170C,0,-3.9329438,0.09122245758771896,1.0,0.9962213039398193
YBR080C,YOL004W,0,-3.959556,0.0912112295627594,1.0,0.9963562488555908
YNR074C,YKR057W,0,-3.9611173,0.09120000153779984,1.0,0.9964912533760071
YBR247C,YOL141W,0,-3.9625,0.09118877351284027,1.0,0.9966261982917786
YLL061W,YDL170W,0,-3.989654,0.0911775529384613,1.0,0.99676114320755
YMR146C,YHR132C,0,-4.001177,0.09116633981466293,1.0,0.9968960881233215
YDR245W,YOL040C,0,-4.008424,0.09115512669086456,1.0,0.997031033039093
YNL283C,YML039W,0,-4.013934,0.09114391356706619,1.0,0.9971659779548645
YGR251W,YDL121C,0,-4.032515,0.09113270044326782,1.0,0.997300922870636
YMR061W,YNL178W,0,-4.0900383,0.09112149477005005,1.0,0.9974358677864075
YHR039C-A,YNR002C,0,-4.1434097,0.09111028909683228,1.0,0.9975708723068237
YLR314C,YFR033C,0,-4.144494,0.0910990908741951,1.0,0.9977058172225952
YMR049C,YNL095C,0,-4.1695604,0.09108789265155792,1.0,0.9978407621383667
YLR153C,YMR136W,0,-4.249594,0.09107669442892075,1.0,0.9979757070541382
YGR251W,YPR187W,0,-4.276118,0.09106550365686417,1.0,0.9981106519699097
YDL024C,YLR359W,0,-4.286456,0.09105431288480759,1.0,0.9982455968856812
YDR410C,YML056C,0,-4.3195453,0.09104312211275101,1.0,0.9983805418014526
YDR449C,YFL023W,0,-4.3845453,0.09103193879127502,1.0,0.9985155463218689
YFL038C,YLR309C,0,-4.5048914,0.09102075546979904,1.0,0.9986504912376404
YOR310C,YGL163C,0,-4.505943,0.09100957959890366,1.0,0.9987854361534119
YDR498C,YGL103W,0,-4.5085454,0.09099840372800827,1.0,0.9989203810691833
YMR008C,YMR046C,0,-4.5823135,0.09098722785711288,1.0,0.9990553259849548
YHR214C-B,YOR340C,0,-4.6471257,0.0909760594367981,1.0,0.9991902709007263
YLR353W,YBR037C,0,-4.705203,0.0909648910164833,1.0,0.9993252158164978
YPR011C,YLR029C,0,-4.7777715,0.09095372259616852,1.0,0.9994601607322693
YGL225W,YFR018C,0,-4.8025336,0.09094256162643433,1.0,0.9995951652526855
YHR109W,YML056C,0,-5.316636,0.09093140065670013,1.0,0.999730110168457
YLR141W,YNL016W,0,-5.388281,0.09092024713754654,1.0,0.9998650550842285
YDR351W,YMR143W,0,-6.010457,0.09090909361839294,1.0,1.0
