Gene A,Gene B,Label,Score,Precision,Recall,False Positive Rate
YOL077C,YER126C,1,19.51795,1.0,0.0009970089886337519,0.0
YNL110C,YNL182C,1,19.382624,1.0,0.0019940179772675037,0.0
YNL110C,YER126C,1,19.122925,1.0,0.0029910269659012556,0.0
YDL136W,YNL162W,0,18.999012,0.75,0.0029910269659012556,0.00010003001079894602
YPR102C,YGR085C,1,18.17807,0.800000011920929,0.0039880359545350075,0.00010003001079894602
YFR001W,YOR063W,1,18.06853,0.8333333134651184,0.004985044710338116,0.00010003001079894602
YPR102C,YER126C,1,17.892101,0.8571428656578064,0.005982053931802511,0.00010003001079894602
YOL080C,YER126C,1,17.714302,0.875,0.006979062687605619,0.00010003001079894602
YNL110C,YDR312W,1,17.620026,0.8888888955116272,0.007976071909070015,0.00010003001079894602
YGR103W,YOL077C,1,17.507233,0.8999999761581421,0.008973080664873123,0.00010003001079894602
YLR448W,YPL131W,1,17.471657,0.9090909361839294,0.009970089420676231,0.00010003001079894602
YGR085C,YER126C,1,17.229214,0.9166666865348816,0.010967099107801914,0.00010003001079894602
YPR102C,YPL131W,1,17.191921,0.9230769276618958,0.011964107863605022,0.00010003001079894602
YBR142W,YOL077C,1,17.071373,0.9285714030265808,0.01296111661940813,0.00010003001079894602
YNL110C,YPR102C,1,17.0534,0.9333333373069763,0.013958125375211239,0.00010003001079894602
YPL211W,YER126C,1,16.870224,0.9375,0.014955134131014347,0.00010003001079894602
YOL077C,YHR088W,1,16.865253,0.9411764740943909,0.01595214381814003,0.00010003001079894602
YGR103W,YDL031W,1,16.695238,0.9444444179534912,0.016949152573943138,0.00010003001079894602
YGL111W,YNL002C,1,16.655392,0.9473684430122375,0.017946161329746246,0.00010003001079894602
YOL080C,YER002W,1,16.568497,0.949999988079071,0.018943170085549355,0.00010003001079894602
YNL110C,YOL144W,1,16.536957,0.9523809552192688,0.019940178841352463,0.00010003001079894602
YPL146C,YNL110C,1,16.505838,0.9545454382896423,0.02093718759715557,0.00010003001079894602
YJL190C,YLR441C,0,16.456005,0.9130434989929199,0.02093718759715557,0.00020006002159789205
YBR142W,YHR088W,1,16.439844,0.9166666865348816,0.02193419821560383,0.00020006002159789205
YGR103W,YGR245C,1,16.336424,0.9200000166893005,0.022931206971406937,0.00020006002159789205
YAL025C,YLR009W,1,16.22061,0.9230769276618958,0.023928215727210045,0.00020006002159789205
YHR066W,YOL080C,1,16.138124,0.9259259104728699,0.024925224483013153,0.00020006002159789205
YFR001W,YGL111W,1,16.087982,0.9285714030265808,0.02592223323881626,0.00020006002159789205
YNL110C,YBR142W,1,16.006145,0.931034505367279,0.02691924199461937,0.00020006002159789205
YNL110C,YGR103W,1,15.987862,0.9333333373069763,0.027916250750422478,0.00020006002159789205
YHR088W,YGL078C,1,15.94482,0.9354838728904724,0.028913259506225586,0.00020006002159789205
YNL110C,YMR229C,1,15.921976,0.9375,0.029910268262028694,0.00020006002159789205
YGR085C,YPL131W,1,15.902531,0.939393937587738,0.03090727888047695,0.00020006002159789205
YOL080C,YHR170W,1,15.830088,0.9411764740943909,0.03190428763628006,0.00020006002159789205
YKL009W,YHR052W,1,15.8044815,0.9428571462631226,0.03290129452943802,0.00020006002159789205
YOL080C,YOL077C,1,15.784328,0.9444444179534912,0.033898305147886276,0.00020006002159789205
YNL110C,YDL031W,1,15.733366,0.9459459185600281,0.034895315766334534,0.00020006002159789205
YNL110C,YGL246C,1,15.685816,0.9473684430122375,0.03589232265949249,0.00020006002159789205
YGL078C,YLL008W,1,15.635748,0.9487179517745972,0.03688933327794075,0.00020006002159789205
YDR312W,YGL078C,1,15.604279,0.949999988079071,0.03788634017109871,0.00020006002159789205
YNL110C,YGR245C,1,15.595325,0.9512194991111755,0.03888335078954697,0.00020006002159789205
YOL077C,YGR245C,1,15.556603,0.9523809552192688,0.039880357682704926,0.00020006002159789205
YGL078C,YKL021C,1,15.5300045,0.9534883499145508,0.04087736830115318,0.00020006002159789205
YPR102C,YLR448W,1,15.479397,0.9545454382896423,0.04187437519431114,0.00020006002159789205
YKR024C,YOL144W,1,15.47678,0.9555555582046509,0.0428713858127594,0.00020006002159789205
YGR103W,YLR009W,1,15.472481,0.95652174949646,0.04386839643120766,0.00020006002159789205
YER126C,YHR052W,1,15.462765,0.957446813583374,0.044865403324365616,0.00020006002159789205
YOL077C,YHR052W,1,15.374535,0.9583333134651184,0.04586241394281387,0.00020006002159789205
YGR103W,YBR142W,1,15.371931,0.9591836929321289,0.04685942083597183,0.00020006002159789205
YDR101C,YNL182C,1,15.364316,0.9599999785423279,0.04785643145442009,0.00020006002159789205
YPL146C,YLR276C,1,15.289781,0.9607843160629272,0.04885343834757805,0.00020006002159789205
YOL077C,YOL144W,1,15.278103,0.9615384340286255,0.049850448966026306,0.00020006002159789205
YGL111W,YEL054C,1,15.241689,0.9622641801834106,0.050847455859184265,0.00020006002159789205
YNL110C,YBR267W,1,15.21147,0.9629629850387573,0.05184446647763252,0.00020006002159789205
YHR066W,YHR088W,1,15.201735,0.9636363387107849,0.05284147709608078,0.00020006002159789205
YKL021C,YHR052W,1,15.197328,0.9642857313156128,0.05383848398923874,0.00020006002159789205
YNL110C,YHR197W,1,15.133539,0.9649122953414917,0.054835494607686996,0.00020006002159789205
YKL082C,YGL078C,1,15.112354,0.9655172228813171,0.055832501500844955,0.00020006002159789205
YOL077C,YBR267W,1,15.090454,0.9661017060279846,0.05682951211929321,0.00020006002159789205
YKR024C,YLR009W,1,15.086233,0.9666666388511658,0.05782651901245117,0.00020006002159789205
YEL054C,YGL078C,1,15.028343,0.9672130942344666,0.05882352963089943,0.00020006002159789205
YOL080C,YGR245C,1,15.022926,0.9677419066429138,0.05982053652405739,0.00020006002159789205
YJL122W,YOL144W,1,14.98247,0.9682539701461792,0.060817547142505646,0.00020006002159789205
YBR142W,YLR009W,1,14.958061,0.96875,0.0618145577609539,0.00020006002159789205
YKR024C,YHR085W,1,14.930185,0.9692307710647583,0.06281156837940216,0.00020006002159789205
YOL077C,YFL002C,1,14.92034,0.9696969985961914,0.06380857527256012,0.00020006002159789205
YGR103W,YHR170W,1,14.916203,0.9701492786407471,0.06480558216571808,0.00020006002159789205
YNR038W,YHR088W,1,14.911376,0.970588207244873,0.06580258905887604,0.00020006002159789205
YGL111W,YHR052W,1,14.867716,0.9710144996643066,0.0667996034026146,0.00020006002159789205
YEL054C,YHR052W,1,14.866755,0.9714285731315613,0.06779661029577255,0.00020006002159789205
YDR101C,YDR091C,1,14.856282,0.9718309640884399,0.06879361718893051,0.00020006002159789205
YOR096W,YAL025C,0,14.843185,0.9583333134651184,0.06879361718893051,0.00030009003239683807
YOL077C,YPL093W,1,14.777952,0.9589040875434875,0.06979063153266907,0.00030009003239683807
YEL054C,YGR085C,1,14.766794,0.9594594836235046,0.07078763842582703,0.00030009003239683807
YGL120C,YER126C,1,14.765128,0.9599999785423279,0.07178464531898499,0.00030009003239683807
YPR102C,YOL077C,1,14.747009,0.9605262875556946,0.07278165221214294,0.00030009003239683807
YGR103W,YDR312W,1,14.721515,0.9610389471054077,0.0737786665558815,0.00030009003239683807
YEL054C,YNL002C,1,14.715221,0.9615384340286255,0.07477567344903946,0.00030009003239683807
YPR102C,YGL078C,1,14.713465,0.9620253443717957,0.07577268034219742,0.00030009003239683807
YNL110C,YKL009W,1,14.711439,0.9624999761581421,0.07676968723535538,0.00030009003239683807
YDR101C,YOL080C,1,14.685012,0.9629629850387573,0.07776670157909393,0.00030009003239683807
YPL146C,YHR170W,1,14.670541,0.9634146094322205,0.07876370847225189,0.00030009003239683807
YOL080C,YKR081C,1,14.662842,0.9638554453849792,0.07976071536540985,0.00030009003239683807
YHR021C,YKR094C,0,14.656977,0.9523809552192688,0.07976071536540985,0.0004001200431957841
YNL110C,YHR066W,1,14.646486,0.9529411792755127,0.08075772970914841,0.0004001200431957841
YGR103W,YCL054W,1,14.585442,0.9534883499145508,0.08175473660230637,0.0004001200431957841
YAL025C,YEL054C,1,14.582581,0.954023003578186,0.08275174349546432,0.0004001200431957841
YFR001W,YDL031W,1,14.575575,0.9545454382896423,0.08374875038862228,0.0004001200431957841
YOL077C,YHR197W,1,14.570894,0.9550561904907227,0.08474576473236084,0.0004001200431957841
YLR448W,YGR085C,1,14.557907,0.9555555582046509,0.0857427716255188,0.0004001200431957841
YLR276C,YER126C,1,14.5480385,0.9560439586639404,0.08673977851867676,0.0004001200431957841
YNL182C,YGL078C,1,14.547956,0.95652174949646,0.08773679286241531,0.0004001200431957841
YGL111W,YOR063W,1,14.545126,0.9569892287254333,0.08873379975557327,0.0004001200431957841
YKR024C,YKL082C,1,14.516787,0.957446813583374,0.08973080664873123,0.0004001200431957841
YFR001W,YCL054W,1,14.503357,0.9578947424888611,0.09072781354188919,0.0004001200431957841
YGR103W,YOL080C,1,14.49305,0.9583333134651184,0.09172482788562775,0.0004001200431957841
YBR142W,YGR085C,1,14.484266,0.9587628841400146,0.0927218347787857,0.0004001200431957841
YLR009W,YDL031W,1,14.475477,0.9591836929321289,0.09371884167194366,0.0004001200431957841
YER126C,YGL078C,1,14.459007,0.9595959782600403,0.09471585601568222,0.0004001200431957841
YGR103W,YGR085C,1,14.453389,0.9599999785423279,0.09571286290884018,0.0004001200431957841
YGR245C,YGL078C,1,14.452132,0.9603960514068604,0.09670986980199814,0.0004001200431957841
YDR312W,YCL054W,1,14.439718,0.9607843160629272,0.0977068766951561,0.0004001200431957841
YLR009W,YCL054W,1,14.439461,0.9611650705337524,0.09870389103889465,0.0004001200431957841
YGL111W,YDL031W,1,14.4394245,0.9615384340286255,0.09970089793205261,0.0004001200431957841
YGL111W,YJL122W,1,14.4383335,0.961904764175415,0.10069790482521057,0.0004001200431957841
YGR103W,YOR063W,1,14.394222,0.9622641801834106,0.10169491171836853,0.0004001200431957841
YNL182C,YKL021C,1,14.382644,0.9626168012619019,0.10269192606210709,0.0004001200431957841
YKL082C,YHR052W,1,14.362886,0.9629629850387573,0.10368893295526505,0.0004001200431957841
YFR001W,YFL002C,1,14.355389,0.963302731513977,0.104685939848423,0.0004001200431957841
YPR102C,YPL220W,0,14.329728,0.9545454382896423,0.104685939848423,0.0005001500248908997
YLR276C,YKL021C,1,14.306117,0.954954981803894,0.10568295419216156,0.0005001500248908997
YNL110C,YOL080C,1,14.283247,0.9553571343421936,0.10667996108531952,0.0005001500248908997
YGL111W,YDR418W,1,14.282368,0.9557521939277649,0.10767696797847748,0.0005001500248908997
YOL080C,YLR276C,1,14.272671,0.9561403393745422,0.10867397487163544,0.0005001500248908997
YDR091C,YER126C,1,14.271835,0.95652174949646,0.10967098921537399,0.0005001500248908997
YBR142W,YOR063W,1,14.246567,0.9568965435028076,0.11066799610853195,0.0005001500248908997
YPL093W,YHR052W,1,14.188928,0.9572649598121643,0.11166500300168991,0.0005001500248908997
YGR103W,YOL144W,1,14.187136,0.9576271176338196,0.11266201734542847,0.0005001500248908997
YOL077C,YPL131W,1,14.151705,0.9579831957817078,0.11365902423858643,0.0005001500248908997
YPL146C,YHR066W,1,14.141068,0.9583333134651184,0.11465603113174438,0.0005001500248908997
YFR001W,YGR103W,1,14.089191,0.9586777091026306,0.11565303802490234,0.0005001500248908997
YLR276C,YGL123W,0,14.062588,0.9508196711540222,0.11565303802490234,0.0006001800647936761
YHR066W,YER002W,1,14.044172,0.9512194991111755,0.1166500523686409,0.0006001800647936761
YPR132W,YJL136C,0,14.0143795,0.9435483813285828,0.1166500523686409,0.0007002100464887917
YKR024C,YDR312W,1,14.012274,0.9440000057220459,0.11764705926179886,0.0007002100464887917
YPL093W,YER126C,1,13.995243,0.9444444179534912,0.11864406615495682,0.0007002100464887917
YFR001W,YOL080C,1,13.971749,0.9448819160461426,0.11964107304811478,0.0007002100464887917
YFR001W,YGR085C,1,13.964516,0.9453125,0.12063808739185333,0.0007002100464887917
YNL110C,YDR101C,1,13.95894,0.9457364082336426,0.12163509428501129,0.0007002100464887917
YHR170W,YKL021C,1,13.956904,0.9461538195610046,0.12263210117816925,0.0007002100464887917
YCL054W,YEL054C,1,13.955854,0.9465649127960205,0.1236291155219078,0.0007002100464887917
YGR103W,YEL054C,1,13.898081,0.9469696879386902,0.12462612241506577,0.0007002100464887917
YPL146C,YHR088W,1,13.892079,0.9473684430122375,0.12562313675880432,0.0007002100464887917
YGL111W,YKR081C,1,13.881388,0.9477611780166626,0.12662014365196228,0.0007002100464887917
YHR170W,YGR245C,1,13.864088,0.9481481313705444,0.12761715054512024,0.0007002100464887917
YFL002C,YGL078C,1,13.836708,0.9485294222831726,0.1286141574382782,0.0007002100464887917
YGR103W,YHR066W,1,13.836578,0.9489051103591919,0.12961116433143616,0.0007002100464887917
YKR024C,YLL008W,1,13.812582,0.9492753744125366,0.13060817122459412,0.0007002100464887917
YFL002C,YHR052W,1,13.717487,0.9496402740478516,0.13160517811775208,0.0007002100464887917
YHR085W,YOL144W,1,13.701334,0.949999988079071,0.13260219991207123,0.0007002100464887917
YOR096W,YLR276C,0,13.691083,0.9432623982429504,0.13260219991207123,0.0008002400863915682
YDR101C,YHR052W,1,13.690718,0.9436619877815247,0.1335992068052292,0.0008002400863915682
YMR229C,YDL031W,1,13.675724,0.9440559148788452,0.13459621369838715,0.0008002400863915682
YER002W,YHR052W,1,13.653649,0.9444444179534912,0.1355932205915451,0.0008002400863915682
YFR001W,YHR197W,1,13.648537,0.9448275566101074,0.13659022748470306,0.0008002400863915682
YDR101C,YOL077C,1,13.621529,0.9452054500579834,0.13758723437786102,0.0008002400863915682
YNL110C,YLR009W,1,13.609833,0.9455782175064087,0.13858424127101898,0.0008002400863915682
YOR063W,YPL131W,1,13.608731,0.9459459185600281,0.13958126306533813,0.0008002400863915682
YNL110C,YFR001W,1,13.5983925,0.9463087320327759,0.1405782699584961,0.0008002400863915682
YDR101C,YFL002C,1,13.598033,0.9466666579246521,0.14157527685165405,0.0008002400863915682
YGR085C,YLL008W,1,13.592189,0.9470198750495911,0.142572283744812,0.0008002400863915682
YKL009W,YHR170W,1,13.576592,0.9473684430122375,0.14356929063796997,0.0008002400863915682
YBR142W,YHR085W,1,13.549757,0.9477124214172363,0.14456629753112793,0.0008002400863915682
YPL131W,YHR052W,1,13.547123,0.948051929473877,0.1455633044242859,0.0008002400863915682
YEL054C,YHR088W,1,13.485015,0.948387086391449,0.14656032621860504,0.0008002400863915682
YPL220W,YBR142W,0,13.484179,0.942307710647583,0.14656032621860504,0.0009002700680866838
YLL008W,YBR267W,1,13.4835415,0.9426751732826233,0.147557333111763,0.0009002700680866838
YGL111W,YKL009W,1,13.466074,0.9430379867553711,0.14855434000492096,0.0009002700680866838
YDR101C,YHR088W,1,13.459604,0.9433962106704712,0.14955134689807892,0.0009002700680866838
YFR001W,YDR101C,1,13.4452305,0.9437500238418579,0.15054835379123688,0.0009002700680866838
YHR066W,YCL054W,1,13.430742,0.9440993666648865,0.15154536068439484,0.0009002700680866838
YHR170W,YHR052W,1,13.429697,0.9444444179534912,0.1525423675775528,0.0009002700680866838
YKL082C,YOR063W,1,13.418675,0.9447852969169617,0.15353937447071075,0.0009002700680866838
YPL146C,YKL082C,1,13.415741,0.9451219439506531,0.1545363962650299,0.0009002700680866838
YGR103W,YJL122W,1,13.414312,0.9454545378684998,0.15553340315818787,0.0009002700680866838
YOL144W,YHR052W,1,13.41391,0.9457831382751465,0.15653041005134583,0.0009002700680866838
YEL054C,YPL131W,1,13.413576,0.946107804775238,0.15752741694450378,0.0009002700680866838
YER002W,YOL144W,1,13.411496,0.9464285969734192,0.15852442383766174,0.0009002700680866838
YPR143W,YDL031W,1,13.406012,0.9467455744743347,0.1595214307308197,0.0009002700680866838
YOR369C,YLR441C,0,13.403402,0.9411764740943909,0.1595214307308197,0.0010003000497817993
YDR465C,YGL147C,0,13.402136,0.9356725215911865,0.1595214307308197,0.0011003301478922367
YNL110C,YIR012W,1,13.401379,0.9360465407371521,0.16051843762397766,0.0011003301478922367
YDR312W,YLR009W,1,13.340958,0.9364162087440491,0.16151545941829681,0.0011003301478922367
YAL025C,YDR091C,1,13.326424,0.9367815852165222,0.16251246631145477,0.0011003301478922367
YBR142W,YBR267W,1,13.289579,0.9371428489685059,0.16350947320461273,0.0011003301478922367
YNL182C,YLR009W,1,13.270842,0.9375,0.1645064800977707,0.0011003301478922367
YOL080C,YCL054W,1,13.262815,0.9378530979156494,0.16550348699092865,0.0011003301478922367
YNL110C,YLR276C,1,13.253235,0.9382022619247437,0.1665004938840866,0.0011003301478922367
YHR066W,YGL246C,1,13.235546,0.9385474920272827,0.16749750077724457,0.0011003301478922367
YFR001W,YEL054C,1,13.231552,0.9388889074325562,0.16849452257156372,0.0011003301478922367
YFR001W,YGR245C,1,13.2116375,0.939226508140564,0.16949152946472168,0.0011003301478922367
YKL082C,YNL002C,1,13.208746,0.9395604133605957,0.17048853635787964,0.0011003301478922367
YGL111W,YDR091C,1,13.202824,0.9398906826972961,0.1714855432510376,0.0011003301478922367
YDR101C,YPR102C,1,13.192746,0.9402173757553101,0.17248255014419556,0.0011003301478922367
YNL110C,YPL211W,1,13.1769905,0.9405405521392822,0.17347955703735352,0.0011003301478922367
YDR101C,YDR312W,1,13.172904,0.9408602118492126,0.17447656393051147,0.0011003301478922367
YLR340W,YLL008W,1,13.162906,0.9411764740943909,0.17547358572483063,0.0011003301478922367
YIR012W,YNL182C,1,13.159866,0.9414893388748169,0.1764705926179886,0.0011003301478922367
YAL025C,YNL002C,1,13.15214,0.9417989253997803,0.17746759951114655,0.0011003301478922367
YKR024C,YER002W,1,13.143568,0.942105233669281,0.1784646064043045,0.0011003301478922367
YNL182C,YHR052W,1,13.143488,0.9424083828926086,0.17946161329746246,0.0011003301478922367
YGR245C,YOL144W,1,13.135096,0.9427083134651184,0.18045862019062042,0.0011003301478922367
YKL082C,YOL080C,1,13.11038,0.9430052042007446,0.18145562708377838,0.0011003301478922367
YGR103W,YKR024C,1,13.108645,0.9432989954948425,0.18245264887809753,0.0011003301478922367
YFR001W,YLR276C,1,13.107952,0.9435897469520569,0.1834496557712555,0.0011003301478922367
YFR001W,YER126C,1,13.099989,0.9438775777816772,0.18444666266441345,0.0011003301478922367
YNL110C,YKL014C,1,13.096658,0.9441624283790588,0.1854436695575714,0.0011003301478922367
YJL122W,YEL054C,1,13.094087,0.9444444179534912,0.18644067645072937,0.0011003301478922367
YPL146C,YER002W,1,13.073551,0.9447236061096191,0.18743768334388733,0.0011003301478922367
YOL080C,YLL008W,1,13.067603,0.9449999928474426,0.1884346902370453,0.0011003301478922367
YHR088W,YHR052W,1,13.064711,0.9452736377716064,0.18943171203136444,0.0011003301478922367
YKL009W,YOR063W,1,13.058168,0.9455445408821106,0.1904287189245224,0.0011003301478922367
YLL008W,YKL021C,1,13.057554,0.9458128213882446,0.19142572581768036,0.0011003301478922367
YKR024C,YOL077C,1,13.032929,0.9460784196853638,0.19242273271083832,0.0011003301478922367
YOL080C,YPR143W,1,13.031294,0.9463414549827576,0.19341973960399628,0.0011003301478922367
YKR024C,YKL009W,1,13.027424,0.946601927280426,0.19441674649715424,0.0011003301478922367
YMR229C,YLL008W,1,13.00549,0.9468598961830139,0.1954137533903122,0.0011003301478922367
YFR001W,YPL093W,1,13.004511,0.9471153616905212,0.19641076028347015,0.0011003301478922367
YGR245C,YKL021C,1,12.97637,0.9473684430122375,0.1974077820777893,0.0011003301478922367
YER126C,YFL002C,1,12.973775,0.9476190209388733,0.19840478897094727,0.0011003301478922367
YGL111W,YKL021C,1,12.96273,0.9478672742843628,0.19940179586410522,0.0011003301478922367
YLR340W,YHR052W,1,12.929157,0.948113203048706,0.20039880275726318,0.0011003301478922367
YHR066W,YJL122W,1,12.925364,0.9483568072319031,0.20139580965042114,0.0011003301478922367
YGL111W,YBR267W,1,12.922829,0.9485981464385986,0.2023928165435791,0.0011003301478922367
YFR001W,YOL144W,1,12.915524,0.9488372206687927,0.20338982343673706,0.0011003301478922367
YEL054C,YLL008W,1,12.905712,0.9490740895271301,0.2043868452310562,0.0011003301478922367
YKR024C,YBR267W,1,12.899657,0.9493087530136108,0.20538385212421417,0.0011003301478922367
YOL077C,YDR091C,1,12.896237,0.9495412707328796,0.20638085901737213,0.0011003301478922367
YNL182C,YGR103W,1,12.871698,0.9497717022895813,0.2073778659105301,0.0011003301478922367
YHR197W,YER126C,1,12.864687,0.949999988079071,0.20837487280368805,0.0011003301478922367
YPL146C,YLL008W,1,12.856993,0.9502262473106384,0.209371879696846,0.0011003301478922367
YOL080C,YHR085W,1,12.843663,0.9504504799842834,0.21036888659000397,0.0011003301478922367
YPL146C,YOR063W,1,12.839344,0.9506726264953613,0.21136590838432312,0.0011003301478922367
YOR063W,YHR052W,1,12.838864,0.9508928656578064,0.21236291527748108,0.0011003301478922367
YDR101C,YOR063W,1,12.827832,0.9511111378669739,0.21335992217063904,0.0011003301478922367
YBR048W,YAL025C,0,12.818763,0.9469026327133179,0.21335992217063904,0.0012003601295873523
YBR142W,YOR272W,1,12.813034,0.9471365809440613,0.214356929063797,0.0012003601295873523
YBR142W,YKL009W,1,12.812184,0.9473684430122375,0.21535393595695496,0.0012003601295873523
YGL111W,YCR072C,1,12.791223,0.9475982785224915,0.21635094285011292,0.0012003601295873523
YAL025C,YPL146C,1,12.780701,0.947826087474823,0.21734794974327087,0.0012003601295873523
YPL211W,YDL031W,1,12.770603,0.948051929473877,0.21834497153759003,0.0012003601295873523
YDR299W,YOL120C,0,12.761715,0.943965494632721,0.21834497153759003,0.0013003901112824678
YBR142W,YPL131W,1,12.753413,0.9442059993743896,0.21934197843074799,0.0013003901112824678
YER126C,YBR267W,1,12.748163,0.9444444179534912,0.22033898532390594,0.0013003901112824678
YKR024C,YGL246C,1,12.738653,0.9446808695793152,0.2213359922170639,0.0013003901112824678
YHR170W,YOL144W,1,12.728008,0.944915235042572,0.22233299911022186,0.0013003901112824678
YPR102C,YOR063W,1,12.693853,0.945147693157196,0.22333000600337982,0.0013003901112824678
YNL110C,YPR143W,1,12.680866,0.9453781247138977,0.22432701289653778,0.0013003901112824678
YHR066W,YKL021C,1,12.677552,0.9456067085266113,0.22532403469085693,0.0013003901112824678
YKL014C,YER126C,1,12.644798,0.9458333253860474,0.2263210415840149,0.0013003901112824678
YOR272W,YPL093W,1,12.611552,0.9460580945014954,0.22731804847717285,0.0013003901112824678
YGL147C,YNL096C,0,12.596243,0.942148745059967,0.22731804847717285,0.0014004200929775834
YFR001W,YPR016C,1,12.593756,0.9423868060112,0.2283150553703308,0.0014004200929775834
YHR066W,YOL144W,1,12.587034,0.9426229596138,0.22931206226348877,0.0014004200929775834
YKL082C,YGR085C,1,12.583939,0.9428571462631226,0.23030906915664673,0.0014004200929775834
YLR448W,YOL127W,1,12.573551,0.9430894255638123,0.2313060760498047,0.0014004200929775834
YBR142W,YNR038W,1,12.572644,0.9433198571205139,0.23230309784412384,0.0014004200929775834
YDL031W,YHR052W,1,12.560312,0.9435483813285828,0.2333001047372818,0.0014004200929775834
YLL008W,YHR052W,1,12.555105,0.9437751173973083,0.23429711163043976,0.0014004200929775834
YMR229C,YDR312W,1,12.552496,0.9440000057220459,0.23529411852359772,0.0014004200929775834
YLR340W,YHR088W,1,12.5299835,0.9442231059074402,0.23629112541675568,0.0014004200929775834
YAL025C,YOL080C,1,12.512104,0.9444444179534912,0.23728813230991364,0.0014004200929775834
YOR063W,YHR088W,1,12.49681,0.9446640610694885,0.2382851392030716,0.0014004200929775834
YBR142W,YHR052W,1,12.477054,0.9448819160461426,0.23928214609622955,0.0014004200929775834
YLR009W,YKL021C,1,12.470945,0.9450980424880981,0.2402791678905487,0.0014004200929775834
YDR312W,YJL122W,1,12.46807,0.9453125,0.24127617478370667,0.0014004200929775834
YPR102C,YBR142W,1,12.457008,0.9455252885818481,0.24227318167686462,0.0014004200929775834
YKL082C,YEL054C,1,12.451552,0.9457364082336426,0.24327018857002258,0.0014004200929775834
YDR312W,YHR170W,1,12.434816,0.9459459185600281,0.24426719546318054,0.0014004200929775834
YDR312W,YOL077C,1,12.423413,0.9461538195610046,0.2452642023563385,0.0014004200929775834
YGR085C,YKR081C,1,12.419883,0.946360170841217,0.24626120924949646,0.0014004200929775834
YGL111W,YHR085W,1,12.41515,0.9465649127960205,0.2472582310438156,0.0014004200929775834
YDR101C,YGR245C,1,12.414254,0.946768045425415,0.24825523793697357,0.0014004200929775834
YPL146C,YKR024C,1,12.41021,0.9469696879386902,0.24925224483013153,0.0014004200929775834
YDR101C,YKL014C,1,12.407214,0.947169840335846,0.2502492666244507,0.0014004200929775834
YPL143W,YJL136C,0,12.403133,0.9436089992523193,0.2502492666244507,0.0015004501910880208
YGL111W,YER002W,1,12.399115,0.9438202381134033,0.25124627351760864,0.0015004501910880208
YIR012W,YOL077C,1,12.39452,0.9440298676490784,0.2522432804107666,0.0015004501910880208
YJL122W,YLR009W,1,12.391676,0.9442379474639893,0.25324028730392456,0.0015004501910880208
YDR101C,YLR009W,1,12.383836,0.9444444179534912,0.2542372941970825,0.0015004501910880208
YHR066W,YGR245C,1,12.383217,0.9446494579315186,0.2552343010902405,0.0015004501910880208
YMR229C,YKL082C,1,12.374437,0.9448529481887817,0.25623130798339844,0.0015004501910880208
YKL009W,YER002W,1,12.369745,0.9450549483299255,0.2572283148765564,0.0015004501910880208
YHR066W,YBR142W,1,12.366061,0.94525545835495,0.25822532176971436,0.0015004501910880208
YLR009W,YOL144W,1,12.365988,0.9454545378684998,0.2592223286628723,0.0015004501910880208
YBR142W,YGL246C,1,12.358213,0.945652186870575,0.2602193355560303,0.0015004501910880208
YGL078C,YLR075W,1,12.353655,0.9458483457565308,0.26121634244918823,0.0015004501910880208
YGR103W,YNR038W,1,12.341131,0.9460431933403015,0.2622133493423462,0.0015004501910880208
YOR272W,YHR052W,1,12.338369,0.9462365508079529,0.26321035623550415,0.0015004501910880208
YLR340W,YBR142W,1,12.333243,0.9464285969734192,0.2642073631286621,0.0015004501910880208
YAL025C,YML073C,1,12.32526,0.9466192126274109,0.26520439982414246,0.0015004501910880208
YGL078C,YLR022C,1,12.321018,0.9468085169792175,0.2662014067173004,0.0015004501910880208
YNL002C,YHR088W,1,12.316881,0.9469964504241943,0.2671984136104584,0.0015004501910880208
YFR001W,YIR012W,1,12.314433,0.9471830725669861,0.26819542050361633,0.0015004501910880208
YKR024C,YDL031W,1,12.311737,0.9473684430122375,0.2691924273967743,0.0015004501910880208
YLR448W,YLL008W,1,12.306686,0.9475524425506592,0.27018943428993225,0.0015004501910880208
YLR009W,YDR091C,1,12.303946,0.9477351903915405,0.2711864411830902,0.0015004501910880208
YNL002C,YKR081C,1,12.303488,0.9479166865348816,0.27218344807624817,0.0015004501910880208
YFR001W,YKR024C,1,12.297759,0.9480968713760376,0.27318045496940613,0.0015004501910880208
YKL009W,YOL077C,1,12.29535,0.9482758641242981,0.2741774618625641,0.0015004501910880208
YPR102C,YLL008W,1,12.2851925,0.9484536051750183,0.27517446875572205,0.0015004501910880208
YER002W,YKR081C,1,12.282528,0.948630154132843,0.27617147564888,0.0015004501910880208
YPR102C,YPR143W,1,12.273439,0.9488054513931274,0.27716848254203796,0.0015004501910880208
YAL025C,YGL111W,1,12.249531,0.9489796161651611,0.2781654894351959,0.0015004501910880208
YNL182C,YDR091C,1,12.237949,0.9491525292396545,0.27916252613067627,0.0015004501910880208
YFR001W,YHR088W,1,12.231415,0.9493243098258972,0.28015953302383423,0.0015004501910880208
YPL146C,YHR197W,1,12.2295885,0.9494949579238892,0.2811565399169922,0.0015004501910880208
YNL110C,YPL193W,1,12.224567,0.9496644139289856,0.28215354681015015,0.0015004501910880208
YDR312W,YCR072C,1,12.218769,0.9498327970504761,0.2831505537033081,0.0015004501910880208
YMR229C,YJL122W,1,12.214039,0.949999988079071,0.28414756059646606,0.0015004501910880208
YKR024C,YFL002C,1,12.20027,0.9501661062240601,0.285144567489624,0.0015004501910880208
YPL211W,YPR102C,1,12.187206,0.9503311514854431,0.286141574382782,0.0015004501910880208
YGL111W,YGL120C,1,12.172221,0.9504950642585754,0.28713858127593994,0.0015004501910880208
YMR229C,YEL054C,1,12.157455,0.9506579041481018,0.2881355881690979,0.0015004501910880208
YOL077C,YNL227C,1,12.151077,0.9508196711540222,0.28913259506225586,0.0015004501910880208
YFR001W,YMR229C,1,12.141095,0.9509803652763367,0.2901296019554138,0.0015004501910880208
YML073C,YHR088W,1,12.138944,0.9511400461196899,0.2911266088485718,0.0015004501910880208
YML073C,YCL054W,1,12.135847,0.951298713684082,0.29212361574172974,0.0015004501910880208
YGR159C,YOR096W,0,12.132849,0.9482200741767883,0.29212361574172974,0.0016004801727831364
YMR229C,YOR272W,1,12.129877,0.948387086391449,0.2931206524372101,0.0016004801727831364
YLR009W,YLR276C,1,12.129194,0.9485530257225037,0.29411765933036804,0.0016004801727831364
YKR024C,YNL002C,1,12.127695,0.9487179517745972,0.295114666223526,0.0016004801727831364
YKL082C,YBR142W,1,12.123797,0.9488818049430847,0.29611167311668396,0.0016004801727831364
YLR448W,YCL054W,1,12.120115,0.9490445852279663,0.2971086800098419,0.0016004801727831364
YGL078C,YKR081C,1,12.114107,0.9492063522338867,0.2981056869029999,0.0016004801727831364
YDR312W,YKR081C,1,12.104757,0.949367105960846,0.29910269379615784,0.0016004801727831364
YNL182C,YPL131W,1,12.098141,0.9495267868041992,0.3000997006893158,0.0016004801727831364
YBR142W,YGL120C,1,12.083035,0.9496855139732361,0.30109670758247375,0.0016004801727831364
YNL002C,YKL021C,1,12.078812,0.9498432874679565,0.3020937144756317,0.0016004801727831364
YKR024C,YOR272W,1,12.068536,0.949999988079071,0.3030907213687897,0.0016004801727831364
YER002W,YKL021C,1,12.058731,0.9501557350158691,0.30408772826194763,0.0016004801727831364
YLR448W,YLR276C,1,12.0508,0.9503105878829956,0.3050847351551056,0.0016004801727831364
YHR066W,YNL002C,1,12.046874,0.9504643678665161,0.30608174204826355,0.0016004801727831364
YOL077C,YGL120C,1,12.039734,0.9506173133850098,0.3070787489414215,0.0016004801727831364
YOR063W,YGR245C,1,12.009085,0.9507692456245422,0.30807578563690186,0.0016004801727831364
YAL025C,YGR085C,1,11.995861,0.9509202241897583,0.3090727925300598,0.0016004801727831364
YGL111W,YPR143W,1,11.995656,0.9510703086853027,0.3100697994232178,0.0016004801727831364
YFR001W,YPR143W,1,11.971628,0.9512194991111755,0.31106680631637573,0.0016004801727831364
YLR009W,YNL002C,1,11.968945,0.9513677954673767,0.3120638132095337,0.0016004801727831364
YHR085W,YHR088W,1,11.96614,0.9515151381492615,0.31306082010269165,0.0016004801727831364
YER126C,YLR022C,1,11.93712,0.9516616463661194,0.3140578269958496,0.0016004801727831364
YGR103W,YHR085W,1,11.935367,0.9518072009086609,0.31505483388900757,0.0016004801727831364
YML073C,YER126C,1,11.929134,0.9519519805908203,0.3160518407821655,0.0016004801727831364
YML073C,YOL127W,1,11.928661,0.9520958065986633,0.3170488476753235,0.0016004801727831364
YOR272W,YPL131W,1,11.920092,0.9522387981414795,0.31804585456848145,0.0016004801727831364
YJL122W,YER126C,1,11.912996,0.9523809552192688,0.3190428614616394,0.0016004801727831364
YHR089C,YNL308C,0,11.888363,0.9495549201965332,0.3190428614616394,0.001700510154478252
YPR102C,YHR170W,1,11.878624,0.9497041702270508,0.32003986835479736,0.001700510154478252
YJL122W,YKL009W,1,11.877842,0.9498525261878967,0.3210368752479553,0.001700510154478252
YGL111W,YGL246C,1,11.861542,0.949999988079071,0.32203391194343567,0.001700510154478252
YOR272W,YOR063W,1,11.855415,0.9501466155052185,0.32303091883659363,0.001700510154478252
YAL025C,YLR276C,1,11.853926,0.9502924084663391,0.3240279257297516,0.001700510154478252
YHR021C,YLR441C,0,11.846987,0.9475218653678894,0.3240279257297516,0.0018005401361733675
YNL110C,YJL122W,1,11.846822,0.9476743936538696,0.32502493262290955,0.0018005401361733675
YPL211W,YJL122W,1,11.8433695,0.947826087474823,0.3260219395160675,0.0018005401361733675
YDR101C,YLL008W,1,11.833748,0.9479768872261047,0.32701894640922546,0.0018005401361733675
YMR229C,YHR052W,1,11.822956,0.9481267929077148,0.3280159533023834,0.0018005401361733675
YHR066W,YLR009W,1,11.822832,0.9482758641242981,0.3290129601955414,0.0018005401361733675
YEL054C,YOR182C,0,11.821783,0.9455587267875671,0.3290129601955414,0.001900570117868483
YDR312W,YOL144W,1,11.806335,0.9457142949104309,0.33000996708869934,0.001900570117868483
YDR091C,YDL031W,1,11.801983,0.945868968963623,0.3310069739818573,0.001900570117868483
YDL031W,YKL021C,1,11.799936,0.9460227489471436,0.33200398087501526,0.001900570117868483
YPL146C,YBR267W,1,11.797113,0.9461756348609924,0.3330009877681732,0.001900570117868483
YDR312W,YHR088W,1,11.788485,0.9463276863098145,0.3339979946613312,0.001900570117868483
YCL054W,YDL031W,1,11.775042,0.9464788436889648,0.33499500155448914,0.001900570117868483
YFR001W,YCR072C,1,11.770598,0.9466292262077332,0.3359920382499695,0.001900570117868483
YPL146C,YLR448W,1,11.758687,0.9467787146568298,0.33698904514312744,0.001900570117868483
YLR340W,YLR009W,1,11.758133,0.9469273686408997,0.3379860520362854,0.001900570117868483
YPL146C,YGL120C,1,11.746622,0.9470751881599426,0.33898305892944336,0.001900570117868483
YJL122W,YHR088W,1,11.74362,0.9472222328186035,0.3399800658226013,0.001900570117868483
YGR103W,YPL093W,1,11.742763,0.9473684430122375,0.3409770727157593,0.001900570117868483
YPR102C,YNL301C,0,11.729469,0.9447513818740845,0.3409770727157593,0.0020006000995635986
YGL120C,YOL144W,1,11.724014,0.944903552532196,0.34197407960891724,0.0020006000995635986
YLL008W,YLR075W,1,11.717676,0.9450549483299255,0.3429710865020752,0.0020006000995635986
YLR009W,YOL080C,1,11.717423,0.9452054500579834,0.34396809339523315,0.0020006000995635986
YOL080C,YGL120C,1,11.709543,0.9453551769256592,0.3449651002883911,0.0020006000995635986
YOL077C,YOR272W,1,11.690642,0.9455040693283081,0.3459621071815491,0.0020006000995635986
YAL025C,YPL093W,1,11.654766,0.945652186870575,0.34695911407470703,0.0020006000995635986
YPL146C,YHR052W,1,11.640232,0.9457994699478149,0.347956120967865,0.0020006000995635986
YMR229C,YKR024C,1,11.621502,0.9459459185600281,0.34895312786102295,0.0020006000995635986
YOR272W,YER126C,1,11.615461,0.9460916519165039,0.3499501347541809,0.0020006000995635986
YLR009W,YPL093W,1,11.614379,0.9462365508079529,0.35094717144966125,0.0020006000995635986
YGL111W,YIR012W,1,11.601572,0.9463806748390198,0.3519441783428192,0.0020006000995635986
YPL146C,YPL093W,1,11.600428,0.9465240836143494,0.3529411852359772,0.0020006000995635986
YBR142W,YHR197W,1,11.595749,0.9466666579246521,0.35393819212913513,0.0020006000995635986
YAL025C,YDL031W,1,11.584785,0.9468085169792175,0.3549351990222931,0.0020006000995635986
YGR245C,YKR081C,1,11.583578,0.9469496011734009,0.35593220591545105,0.0020006000995635986
YEL054C,YER126C,1,11.580713,0.9470899701118469,0.356929212808609,0.0020006000995635986
YDR101C,YER002W,1,11.580437,0.9472295641899109,0.35792621970176697,0.0020006000995635986
YPL211W,YLR009W,1,11.56138,0.9473684430122375,0.3589232265949249,0.0020006000995635986
YOR272W,YKL021C,1,11.547939,0.9475065469741821,0.3599202334880829,0.0020006000995635986
YHR066W,YFL002C,1,11.546836,0.9476439952850342,0.36091724038124084,0.0020006000995635986
YBR142W,YCL054W,1,11.545984,0.9477806687355042,0.3619142472743988,0.0020006000995635986
YMR229C,YFL002C,1,11.54163,0.9479166865348816,0.36291125416755676,0.0020006000995635986
YAL025C,YMR229C,1,11.525378,0.948051929473877,0.3639082610607147,0.0020006000995635986
YDR101C,YHR085W,1,11.517992,0.9481865167617798,0.36490529775619507,0.0020006000995635986
YPL211W,YLL008W,1,11.517521,0.9483203887939453,0.365902304649353,0.0020006000995635986
YKL082C,YDR312W,1,11.5169325,0.9484536051750183,0.366899311542511,0.0020006000995635986
YLR009W,YPL131W,1,11.515844,0.948586106300354,0.36789631843566895,0.0020006000995635986
YNL110C,YLR221C,1,11.50659,0.9487179517745972,0.3688933253288269,0.0020006000995635986
YPL146C,YKL021C,1,11.504734,0.948849081993103,0.36989033222198486,0.0020006000995635986
YGL135W,YBR048W,0,11.503094,0.9464285969734192,0.36989033222198486,0.002100630197674036
YOR272W,YNL002C,1,11.502957,0.9465649127960205,0.3708873391151428,0.002100630197674036
YDR101C,YIR012W,1,11.493989,0.9467005133628845,0.3718843460083008,0.002100630197674036
YGR103W,YLR340W,1,11.483383,0.946835458278656,0.37288135290145874,0.002100630197674036
YNL002C,YLL008W,1,11.44771,0.9469696879386902,0.3738783597946167,0.002100630197674036
YPL146C,YJL122W,1,11.424531,0.9471032619476318,0.37487536668777466,0.002100630197674036
YOR272W,YPR143W,1,11.42181,0.947236180305481,0.3758723735809326,0.002100630197674036
YKR024C,YHR066W,1,11.408985,0.9473684430122375,0.3768693804740906,0.002100630197674036
YOL080C,YHR197W,1,11.37932,0.9474999904632568,0.37786638736724854,0.002100630197674036
YNR038W,YOL077C,1,11.379244,0.9476309418678284,0.3788634240627289,0.002100630197674036
YCR072C,YER126C,1,11.379,0.9477611780166626,0.37986043095588684,0.002100630197674036
YGR103W,YLR075W,1,11.365413,0.9478908181190491,0.3808574378490448,0.002100630197674036
YMR229C,YCL054W,1,11.361651,0.948019802570343,0.38185444474220276,0.002100630197674036
YDR101C,YML073C,1,11.360915,0.9481481313705444,0.3828514516353607,0.002100630197674036
YOR167C,YNL061W,0,11.358219,0.9458128213882446,0.3828514516353607,0.0022006602957844734
YNR038W,YPL131W,1,11.3507,0.9459459185600281,0.3838484585285187,0.0022006602957844734
YLR276C,YLR022C,1,11.333845,0.9460784196853638,0.38484546542167664,0.0022006602957844734
YHR170W,YCL054W,1,11.327,0.9462102651596069,0.3858424723148346,0.0022006602957844734
YIR012W,YCL054W,1,11.313951,0.9463414549827576,0.38683947920799255,0.0022006602957844734
YJL148W,YGR162W,0,11.308403,0.9440389275550842,0.38683947920799255,0.002300690161064267
YJL122W,YCL054W,1,11.307428,0.9441747665405273,0.3878364861011505,0.002300690161064267
YPL211W,YLR276C,1,11.279931,0.9443099498748779,0.38883349299430847,0.002300690161064267
YOL077C,YNL163C,1,11.278807,0.9444444179534912,0.38983049988746643,0.002300690161064267
YKR024C,YLR276C,1,11.270388,0.9445782899856567,0.3908275067806244,0.002300690161064267
YGR103W,YPR143W,1,11.267766,0.9447115659713745,0.39182451367378235,0.002300690161064267
YNL110C,YPR016C,1,11.26122,0.944844126701355,0.3928215205669403,0.002300690161064267
YDL031W,YKR081C,1,11.254223,0.9449760913848877,0.39381855726242065,0.002300690161064267
YLR340W,YBR267W,1,11.241584,0.9451074004173279,0.3948155641555786,0.002300690161064267
YER002W,YLL008W,1,11.210186,0.9452381134033203,0.3958125710487366,0.002300690161064267
YDR101C,YLR276C,1,11.206516,0.9453681707382202,0.39680957794189453,0.002300690161064267
YNL182C,YPR102C,1,11.19492,0.9454976320266724,0.3978065848350525,0.002300690161064267
YKL009W,YPL093W,1,11.1900425,0.9456264972686768,0.39880359172821045,0.002300690161064267
YML073C,YHR052W,1,11.174853,0.9457547068595886,0.3998005986213684,0.002300690161064267
YLR448W,YLR009W,1,11.152185,0.9458823800086975,0.40079760551452637,0.002300690161064267
YCR072C,YBR267W,1,11.147991,0.9460093975067139,0.4017946124076843,0.002300690161064267
YLR009W,YHR085W,1,11.1472645,0.9461358189582825,0.4027916193008423,0.002300690161064267
YHR066W,YOR063W,1,11.145916,0.9462617039680481,0.40378862619400024,0.002300690161064267
YPR102C,YOL080C,1,11.139622,0.9463869333267212,0.4047856330871582,0.002300690161064267
YBR142W,YKR081C,1,11.138644,0.9465116262435913,0.40578263998031616,0.002300690161064267
YKL082C,YJL122W,1,11.136961,0.9466357231140137,0.4067796468734741,0.002300690161064267
YPL146C,YNL227C,1,11.128139,0.9467592835426331,0.40777668356895447,0.002300690161064267
YHR197W,YGR245C,1,11.106897,0.9468821883201599,0.4087736904621124,0.002300690161064267
YPL131W,YGR245C,1,11.099221,0.9470046162605286,0.4097706973552704,0.002300690161064267
YFL002C,YLL008W,1,11.080653,0.9471264481544495,0.41076770424842834,0.002300690161064267
YKL082C,YLR276C,1,11.079174,0.9472476840019226,0.4117647111415863,0.002300690161064267
YNL182C,YLL008W,1,11.070389,0.9473684430122375,0.41276171803474426,0.002300690161064267
YDR465C,YBR084W,0,11.066135,0.9452054500579834,0.41276171803474426,0.0024007202591747046
YHR066W,YPR143W,1,11.06221,0.9453303217887878,0.4137587249279022,0.0024007202591747046
YMR229C,YNR038W,1,11.041897,0.9454545378684998,0.4147557318210602,0.0024007202591747046
YNL308C,YGL147C,0,11.030857,0.9433106780052185,0.4147557318210602,0.0025007501244544983
YMR229C,YPR016C,1,11.030323,0.9434388875961304,0.41575273871421814,0.0025007501244544983
YDR101C,YGL246C,1,11.026258,0.943566620349884,0.4167497456073761,0.0025007501244544983
YHR081W,YOL080C,0,11.020871,0.9414414167404175,0.4167497456073761,0.0026007802225649357
YPL146C,YBR142W,1,11.012565,0.9415730237960815,0.41774675250053406,0.0026007802225649357
YDR418W,YLR276C,1,10.989163,0.9417040348052979,0.418743759393692,0.0026007802225649357
YML073C,YLL008W,1,10.981364,0.9418344497680664,0.41974076628685,0.0026007802225649357
YBR142W,YOL127W,1,10.971502,0.9419642686843872,0.42073777318000793,0.0026007802225649357
YGL246C,YKR081C,1,10.969988,0.942093551158905,0.4217348098754883,0.0026007802225649357
YKR024C,YHR197W,1,10.961035,0.9422222375869751,0.42273181676864624,0.0026007802225649357
YPR102C,YLR075W,1,10.958709,0.9423503279685974,0.4237288236618042,0.0026007802225649357
YDR101C,YLR075W,1,10.955148,0.9424778819084167,0.42472583055496216,0.0026007802225649357
YMR229C,YOL144W,1,10.940243,0.9426048398017883,0.4257228374481201,0.0026007802225649357
YNL061W,YDR120C,0,10.931225,0.9405286312103271,0.4257228374481201,0.002700810320675373
YDR312W,YHR066W,1,10.916316,0.9406593441963196,0.4267198443412781,0.002700810320675373
YGL120C,YGL078C,1,10.914837,0.9407894611358643,0.42771685123443604,0.002700810320675373
YJL122W,YGR085C,1,10.901953,0.940919041633606,0.428713858127594,0.002700810320675373
YHR197W,YFL002C,1,10.898263,0.9410480260848999,0.42971086502075195,0.002700810320675373
YLR276C,YHR052W,1,10.898111,0.9411764740943909,0.4307078719139099,0.002700810320675373
YPR016C,YER126C,1,10.88732,0.9413043260574341,0.43170487880706787,0.002700810320675373
YLR340W,YLR448W,1,10.88703,0.9414316415786743,0.43270188570022583,0.002700810320675373
YIR012W,YCR072C,1,10.8839245,0.9415584206581116,0.4336988925933838,0.002700810320675373
YJL122W,YHR170W,1,10.862752,0.9416846632957458,0.43469589948654175,0.002700810320675373
YKR024C,YPR102C,1,10.855471,0.9418103694915771,0.4356929063796997,0.002700810320675373
YOL127W,YHR088W,1,10.846563,0.9419354796409607,0.43668994307518005,0.002700810320675373
YAL025C,YKR024C,1,10.837818,0.942060112953186,0.437686949968338,0.002700810320675373
YDR101C,YNL002C,1,10.831329,0.9421841502189636,0.43868395686149597,0.002700810320675373
YLR009W,YGL246C,1,10.816129,0.942307710647583,0.43968096375465393,0.002700810320675373
YDR101C,YMR229C,1,10.788707,0.9424306750297546,0.4406779706478119,0.002700810320675373
YDR312W,YNR038W,1,10.784815,0.9425531625747681,0.44167497754096985,0.002700810320675373
YBR267W,YDL031W,1,10.777913,0.9426751732826233,0.4426719844341278,0.002700810320675373
YAL025C,YKR081C,1,10.76843,0.9427965879440308,0.44366899132728577,0.002700810320675373
YKL014C,YLL008W,1,10.758829,0.94291752576828,0.4446659982204437,0.002700810320675373
YNL002C,YFL002C,1,10.757285,0.9430379867553711,0.4456630051136017,0.002700810320675373
YCR072C,YOL144W,1,10.753077,0.9431579113006592,0.44666001200675964,0.002700810320675373
YPL146C,YNR038W,1,10.747721,0.9432772994041443,0.4476570188999176,0.002700810320675373
YAL025C,YLR022C,1,10.74096,0.9433962106704712,0.44865402579307556,0.002700810320675373
YKL014C,YDL031W,1,10.725839,0.9435146450996399,0.4496510326862335,0.002700810320675373
YPL146C,YMR229C,1,10.725068,0.9436325430870056,0.45064806938171387,0.002700810320675373
YKL009W,YNL227C,1,10.719375,0.9437500238418579,0.4516450762748718,0.002700810320675373
YKR024C,YLR448W,1,10.714558,0.9438669681549072,0.4526420831680298,0.002700810320675373
YIR012W,YOL080C,1,10.711567,0.9439833760261536,0.45363909006118774,0.002700810320675373
YFR001W,YPL211W,1,10.698808,0.9440993666648865,0.4546360969543457,0.002700810320675373
YML073C,YLR276C,1,10.696564,0.9442148804664612,0.45563310384750366,0.002700810320675373
YPL211W,YGR245C,1,10.693283,0.9443299174308777,0.4566301107406616,0.002700810320675373
YNL110C,YLR448W,1,10.6902275,0.9444444179534912,0.4576271176338196,0.002700810320675373
YIR012W,YLL008W,1,10.679177,0.9445585012435913,0.45862412452697754,0.002700810320675373
YKL014C,YOR063W,1,10.673761,0.9446721076965332,0.4596211314201355,0.002700810320675373
YML073C,YJL122W,1,10.656429,0.9447852969169617,0.46061813831329346,0.002700810320675373
YAL025C,YFR001W,1,10.654626,0.9448979496955872,0.4616151452064514,0.002700810320675373
YGR103W,YOR272W,1,10.641993,0.9450101852416992,0.4626121520996094,0.002700810320675373
YOL080C,YGR085C,1,10.640201,0.9451219439506531,0.46360915899276733,0.002700810320675373
YHR088W,YBR267W,1,10.636855,0.9452332854270935,0.4646061956882477,0.002700810320675373
YAL025C,YHR170W,1,10.627523,0.9453441500663757,0.46560320258140564,0.002700810320675373
YMR229C,YPR102C,1,10.624989,0.9454545378684998,0.4666002094745636,0.002700810320675373
YHR021C,YKL056C,0,10.622925,0.9435483813285828,0.4666002094745636,0.002800840185955167
YGL246C,YHR052W,1,10.609476,0.9436619877815247,0.46759721636772156,0.002800840185955167
YGR103W,YNL163C,1,10.551714,0.9437751173973083,0.4685942232608795,0.002800840185955167
YMR142C,YAL025C,0,10.550247,0.9418837428092957,0.4685942232608795,0.002900870284065604
YLR276C,YNL096C,0,10.534082,0.9399999976158142,0.4685942232608795,0.0030009003821760416
YGL120C,YOR096W,0,10.526028,0.9381237626075745,0.4685942232608795,0.0031009302474558353
YML073C,YGR103W,1,10.508818,0.93824702501297,0.4695912301540375,0.0031009302474558353
YDR312W,YER002W,1,10.499468,0.9383698105812073,0.47058823704719543,0.0031009302474558353
YKL014C,YLR276C,1,10.492819,0.9384920597076416,0.4715852439403534,0.0031009302474558353
YDR101C,YJL122W,1,10.491504,0.9386138319969177,0.47258225083351135,0.0031009302474558353
YFR001W,YDR312W,1,10.487661,0.9387351870536804,0.4735792577266693,0.0031009302474558353
YGL111W,YHR197W,1,10.480043,0.9388560056686401,0.47457626461982727,0.0031009302474558353
YGL120C,YLL008W,1,10.459214,0.9389764070510864,0.47557327151298523,0.0031009302474558353
YNR038W,YHR197W,1,10.458208,0.9390962719917297,0.4765702784061432,0.0031009302474558353
YNL110C,YML073C,1,10.453161,0.9392156600952148,0.47756728529930115,0.0031009302474558353
YPL090C,YHR081W,0,10.439472,0.9373776912689209,0.47756728529930115,0.0032009603455662727
YKR024C,YPL211W,1,10.437174,0.9375,0.4785642921924591,0.0032009603455662727
YJL122W,YPL131W,1,10.436089,0.9376218318939209,0.47956132888793945,0.0032009603455662727
YPR132W,YOL127W,0,10.404571,0.9357976913452148,0.47956132888793945,0.0033009902108460665
YNL002C,YPL093W,1,10.403413,0.9359223246574402,0.4805583357810974,0.0033009902108460665
YKL082C,YHR085W,1,10.402453,0.9360465407371521,0.48155534267425537,0.0033009902108460665
YCR072C,YNR038W,1,10.396943,0.936170220375061,0.48255234956741333,0.0033009902108460665
YHR066W,YNR038W,1,10.3727665,0.9362934231758118,0.4835493564605713,0.0033009902108460665
YGL120C,YPL131W,1,10.356472,0.9364162087440491,0.48454636335372925,0.0033009902108460665
YKR024C,YJL122W,1,10.348583,0.9365384578704834,0.4855433702468872,0.0033009902108460665
YKL014C,YBR142W,1,10.344885,0.9366602897644043,0.48654037714004517,0.0033009902108460665
YNL182C,YCL054W,1,10.34013,0.9367815852165222,0.4875373840332031,0.0033009902108460665
YCL054W,YKL021C,1,10.334109,0.9369024634361267,0.4885343909263611,0.0033009902108460665
YOR272W,YNL163C,1,10.3267145,0.9370229244232178,0.48953139781951904,0.0033009902108460665
YMR229C,YPL211W,1,10.321307,0.9371428489685059,0.490528404712677,0.0033009902108460665
YMR229C,YGR085C,1,10.3180065,0.9372623562812805,0.49152541160583496,0.0033009902108460665
YHR197W,YDL031W,1,10.304767,0.937381386756897,0.4925224184989929,0.0033009902108460665
YHR066W,YGR085C,1,10.292238,0.9375,0.49351945519447327,0.0033009902108460665
YMR229C,YHR197W,1,10.288412,0.9376181364059448,0.4945164620876312,0.0033009902108460665
YKL143W,YJL189W,0,10.287966,0.9358490705490112,0.4945164620876312,0.003401020308956504
YIR012W,YNR038W,1,10.267492,0.935969889163971,0.4955134689807892,0.003401020308956504
YML073C,YCR072C,1,10.264553,0.9360902309417725,0.49651047587394714,0.003401020308956504
YDR091C,YHR052W,1,10.246868,0.9362101554870605,0.4975074827671051,0.003401020308956504
YAL003W,YNL151C,0,10.23667,0.9344569444656372,0.4975074827671051,0.0035010504070669413
YPL211W,YER002W,1,10.193598,0.9345794320106506,0.49850448966026306,0.0035010504070669413
YCR072C,YGL120C,1,10.190781,0.9347015023231506,0.499501496553421,0.0035010504070669413
YPL146C,YPL131W,1,10.189639,0.9348230957984924,0.5004985332489014,0.0035010504070669413
YNL182C,YDR312W,1,10.187715,0.934944212436676,0.5014955401420593,0.0035010504070669413
YOL080C,YNR038W,1,10.175189,0.9350649118423462,0.5024925470352173,0.0035010504070669413
YFR001W,YNR038W,1,10.170316,0.9351851940155029,0.5034895539283752,0.0035010504070669413
YLR340W,YPR143W,1,10.144372,0.9353049993515015,0.5044865608215332,0.0035010504070669413
YKR024C,YPL093W,1,10.141291,0.9354243278503418,0.5054835677146912,0.0035010504070669413
YER126C,YLR075W,1,10.140299,0.9355432987213135,0.5064805746078491,0.0035010504070669413
YDR418W,YER126C,1,10.138326,0.935661792755127,0.5074775815010071,0.0035010504070669413
YAL025C,YFL002C,1,10.13541,0.9357798099517822,0.508474588394165,0.0035010504070669413
YPL093W,YDL031W,1,10.129606,0.9358974099159241,0.509471595287323,0.0035010504070669413
YOR063W,YJL125C,0,10.121737,0.9341864585876465,0.509471595287323,0.003601080272346735
YLR340W,YLR276C,1,10.101126,0.9343065619468689,0.510468602180481,0.003601080272346735
YKL014C,YOR272W,1,10.093615,0.9344262480735779,0.5114656090736389,0.003601080272346735
YPL211W,YBR267W,1,10.083964,0.9345454573631287,0.5124626159667969,0.003601080272346735
YLR448W,YOL080C,1,10.057152,0.934664249420166,0.5134596228599548,0.003601080272346735
YHR170W,YLR022C,1,10.044296,0.9347826242446899,0.5144566297531128,0.003601080272346735
YML073C,YHR170W,1,10.043201,0.9349005222320557,0.5154536366462708,0.003601080272346735
YMR229C,YLR448W,1,10.0388565,0.9350180625915527,0.5164506435394287,0.003601080272346735
YDR101C,YLR022C,1,10.038312,0.9351351261138916,0.5174476504325867,0.003601080272346735
YGR162W,YJL109C,0,10.029189,0.9334532618522644,0.5174476504325867,0.0037011103704571724
YKL082C,YPR143W,1,10.011538,0.9335727095603943,0.5184446573257446,0.0037011103704571724
YBR267W,YHR052W,1,10.01086,0.9336917400360107,0.5194416642189026,0.0037011103704571724
YPR102C,YDR091C,1,10.010486,0.9338103532791138,0.5204386711120605,0.0037011103704571724
YGR085C,YPR016C,1,10.0010805,0.9339285492897034,0.5214356780052185,0.0037011103704571724
YHR197W,YLR022C,1,9.989013,0.9340463280677795,0.5224326848983765,0.0037011103704571724
YNL227C,YKR081C,1,9.988396,0.9341636896133423,0.5234296917915344,0.0037011103704571724
YCR072C,YHR170W,1,9.986823,0.9342806339263916,0.5244266986846924,0.0037011103704571724
YPL211W,YPR016C,1,9.976767,0.9343971610069275,0.5254237055778503,0.0037011103704571724
YDR312W,YKL021C,1,9.960909,0.93451327085495,0.5264207124710083,0.0037011103704571724
YOL127W,YGL078C,1,9.958359,0.934628963470459,0.5274177193641663,0.0037011103704571724
YOR063W,YDL031W,1,9.923666,0.9347442388534546,0.5284147262573242,0.0037011103704571724
YOL127W,YGR245C,1,9.923054,0.9348591566085815,0.529411792755127,0.0037011103704571724
YOR063W,YPR016C,1,9.918453,0.9349736571311951,0.5304087996482849,0.0037011103704571724
YFR001W,YDR418W,1,9.885572,0.9350877404212952,0.5314058065414429,0.0037011103704571724
YMR290C,YDL060W,0,9.885019,0.9334501028060913,0.5314058065414429,0.003801140235736966
YNL002C,YDR091C,1,9.883622,0.9335664510726929,0.5324028134346008,0.003801140235736966
YKR024C,YPL131W,1,9.844719,0.933682382106781,0.5333998203277588,0.003801140235736966
YIR012W,YJL122W,1,9.829822,0.9337978959083557,0.5343968272209167,0.003801140235736966
YKL082C,YPL131W,1,9.81674,0.9339130520820618,0.5353938341140747,0.003801140235736966
YOR272W,YHR197W,1,9.807813,0.9340277910232544,0.5363908410072327,0.003801140235736966
YLR340W,YER126C,1,9.8036785,0.9341421127319336,0.5373878479003906,0.003801140235736966
YLR276C,YLL008W,1,9.799564,0.9342560768127441,0.5383848547935486,0.003801140235736966
YNL227C,YHR088W,1,9.774187,0.9343696236610413,0.5393818616867065,0.003801140235736966
YNL002C,YBR267W,1,9.759492,0.934482753276825,0.5403788685798645,0.003801140235736966
YLR448W,YGR245C,1,9.752303,0.93459552526474,0.5413758754730225,0.003801140235736966
YPL211W,YHR197W,1,9.746455,0.9347078800201416,0.5423728823661804,0.003801140235736966
YNR038W,YNL163C,1,9.739275,0.9348198771476746,0.5433698892593384,0.003801140235736966
YGL120C,YER002W,1,9.705854,0.9349315166473389,0.5443668961524963,0.003801140235736966
YPL211W,YNR038W,1,9.686182,0.9350427389144897,0.5453639030456543,0.003801140235736966
YKL082C,YKL014C,1,9.685815,0.935153603553772,0.5463609099388123,0.003801140235736966
YLR340W,YOL080C,1,9.666428,0.9352640509605408,0.5473579168319702,0.003801140235736966
YBL024W,YOL120C,0,9.6661215,0.9336734414100647,0.5473579168319702,0.0039011703338474035
YDR312W,YGR085C,1,9.646149,0.9337860941886902,0.5483549237251282,0.0039011703338474035
YDR101C,YGR085C,1,9.62716,0.9338983297348022,0.5493519306182861,0.0039011703338474035
YKL009W,YOR272W,1,9.620212,0.9340101480484009,0.5503489375114441,0.0039011703338474035
YPR016C,YPL093W,1,9.611235,0.9341216087341309,0.551345944404602,0.0039011703338474035
YCR072C,YKL021C,1,9.592249,0.9342327117919922,0.55234295129776,0.0039011703338474035
YAL025C,YDR312W,1,9.585289,0.9343434572219849,0.553339958190918,0.0039011703338474035
YPR143W,YLR221C,1,9.563457,0.9344537854194641,0.5543369650840759,0.0039011703338474035
YPR102C,YLR221C,1,9.540155,0.9345637559890747,0.5553339719772339,0.0039011703338474035
YOR272W,YFL002C,1,9.530712,0.9346733689308167,0.5563309788703918,0.0039011703338474035
YPR102C,YGL120C,1,9.529037,0.9347826242446899,0.5573280453681946,0.0039011703338474035
YPR143W,YHR052W,1,9.527908,0.9348914623260498,0.5583250522613525,0.0039011703338474035
YMR229C,YLR022C,1,9.516452,0.9350000023841858,0.5593220591545105,0.0039011703338474035
YMR229C,YBR267W,1,9.5080185,0.9351081252098083,0.5603190660476685,0.0039011703338474035
YPR102C,YHR085W,1,9.5012,0.935215950012207,0.5613160729408264,0.0039011703338474035
YCL054W,YOL144W,1,9.492014,0.9353233575820923,0.5623130798339844,0.0039011703338474035
YHR066W,YHR197W,1,9.491337,0.9354304671287537,0.5633100867271423,0.0039011703338474035
YHR085W,YER126C,1,9.485944,0.9355372190475464,0.5643070936203003,0.0039011703338474035
YJL122W,YNL002C,1,9.485541,0.9356435537338257,0.5653041005134583,0.0039011703338474035
YMR229C,YHR085W,1,9.466263,0.9357495903968811,0.5663011074066162,0.0039011703338474035
YGR159C,YOL139C,0,9.464918,0.9342105388641357,0.5663011074066162,0.004001200199127197
YNR038W,YNL227C,1,9.462057,0.9343185424804688,0.5672981142997742,0.004001200199127197
YAL025C,YHR052W,1,9.45879,0.9344262480735779,0.5682951211929321,0.004001200199127197
YIR012W,YER126C,1,9.440729,0.9345335364341736,0.5692921280860901,0.004001200199127197
YKL009W,YPR143W,1,9.437451,0.9346405267715454,0.570289134979248,0.004001200199127197
YKL014C,YLR075W,1,9.426298,0.9347471594810486,0.571286141872406,0.004001200199127197
YDL051W,YPL090C,0,9.421689,0.9332247376441956,0.571286141872406,0.004101230297237635
YCR072C,YHR088W,1,9.415225,0.9333333373069763,0.572283148765564,0.004101230297237635
YLR340W,YCR072C,1,9.407984,0.9334415793418884,0.5732801556587219,0.004101230297237635
YKL082C,YOR272W,1,9.397896,0.9335494041442871,0.5742771625518799,0.004101230297237635
YAL025C,YHR066W,1,9.388478,0.9336569309234619,0.5752741694450378,0.004101230297237635
YPL211W,YOL127W,1,9.379794,0.9337641596794128,0.5762711763381958,0.004101230297237635
YPR143W,YKR081C,1,9.379267,0.9338709712028503,0.5772681832313538,0.004101230297237635
YKL009W,YEL054C,1,9.377015,0.933977484703064,0.5782651901245117,0.004101230297237635
YNL182C,YER002W,1,9.365091,0.9340835809707642,0.5792621970176697,0.004101230297237635
YOL080C,YLR022C,1,9.364232,0.9341893792152405,0.5802592039108276,0.004101230297237635
YPR102C,YHR197W,1,9.353724,0.9342948794364929,0.5812562108039856,0.004101230297237635
YDR312W,YOR272W,1,9.35247,0.9344000220298767,0.5822532176971436,0.004101230297237635
YOL139C,YKR059W,0,9.34874,0.9329073429107666,0.5822532176971436,0.004201260395348072
YML043C,YOL080C,0,9.336147,0.9314194321632385,0.5822532176971436,0.0043012904934585094
YLR009W,YKL009W,1,9.322775,0.9315286874771118,0.5832502245903015,0.0043012904934585094
YLR448W,YJL125C,0,9.296455,0.9300476908683777,0.5832502245903015,0.004401320591568947
YJR145C,YDL060W,0,9.2704735,0.9285714030265808,0.5832502245903015,0.004501350224018097
YCL054W,YDR091C,1,9.259981,0.928684651851654,0.5842472314834595,0.004501350224018097
YHR088W,YGL246C,1,9.2452965,0.9287974834442139,0.5852442383766174,0.004501350224018097
YGL120C,YKL021C,1,9.24232,0.928909957408905,0.5862413048744202,0.004501350224018097
YJL122W,YBR142W,1,9.235121,0.9290220737457275,0.5872383117675781,0.004501350224018097
YCR072C,YKR081C,1,9.232563,0.9291338324546814,0.5882353186607361,0.004501350224018097
YML073C,YOL077C,1,9.231226,0.9292452931404114,0.589232325553894,0.004501350224018097
YAL025C,YCR072C,1,9.230844,0.9293563365936279,0.590229332447052,0.004501350224018097
YIR012W,YNL002C,1,9.227564,0.9294670820236206,0.59122633934021,0.004501350224018097
YPL193W,YHR088W,1,9.22657,0.9295774698257446,0.5922233462333679,0.004501350224018097
YLR009W,YGL120C,1,9.225595,0.9296875,0.5932203531265259,0.004501350224018097
YCR072C,YPL093W,1,9.207123,0.9297971725463867,0.5942173600196838,0.004501350224018097
YIR012W,YLR009W,1,9.189569,0.9299065470695496,0.5952143669128418,0.004501350224018097
YPL211W,YEL054C,1,9.178662,0.9300155639648438,0.5962113738059998,0.004501350224018097
YHR088W,YPL093W,1,9.176244,0.9301242232322693,0.5972083806991577,0.004501350224018097
YLR009W,YDR418W,1,9.175688,0.930232584476471,0.5982053875923157,0.004501350224018097
YKR024C,YLR221C,1,9.170372,0.9303405284881592,0.5992023944854736,0.004501350224018097
YNL182C,YFL002C,1,9.167637,0.9304482340812683,0.6001994013786316,0.004501350224018097
YHR088W,YLR075W,1,9.167226,0.9305555820465088,0.6011964082717896,0.004501350224018097
YHR066W,YOL127W,1,9.147606,0.9306625723838806,0.6021934151649475,0.004501350224018097
YKL082C,YLR075W,1,9.135796,0.9307692050933838,0.6031904220581055,0.004501350224018097
YNL002C,YPR143W,1,9.133858,0.9308755993843079,0.6041874289512634,0.004501350224018097
YCR072C,YFL002C,1,9.123594,0.9309815764427185,0.6051844358444214,0.004501350224018097
YBL039C,YLR074C,0,9.10958,0.9295558929443359,0.6051844358444214,0.004601380322128534
YAL025C,YDR418W,1,9.106355,0.9296635985374451,0.6061814427375793,0.004601380322128534
YNL002C,YLR022C,1,9.106304,0.9297710061073303,0.6071784496307373,0.004601380322128534
YFR001W,YNL227C,1,9.092828,0.9298780560493469,0.6081754565238953,0.004601380322128534
YNL002C,YLR075W,1,9.077351,0.9299848079681396,0.6091724634170532,0.004601380322128534
YJL033W,YNL162W,0,9.066507,0.9285714030265808,0.6091724634170532,0.004701410420238972
YIR012W,YGR103W,1,9.060133,0.9286798238754272,0.6101694703102112,0.004701410420238972
YLR276C,YPL093W,1,9.042773,0.928787887096405,0.6111664772033691,0.004701410420238972
YDR418W,YLL008W,1,9.03103,0.9288955926895142,0.6121634840965271,0.004701410420238972
YBR142W,YNL227C,1,9.0198555,0.9290030002593994,0.6131604909896851,0.004701410420238972
YHR170W,YFL002C,1,9.006983,0.9291101098060608,0.614157497882843,0.004701410420238972
YNL163C,YGL078C,1,8.988766,0.9292168617248535,0.6151545643806458,0.004701410420238972
YKL014C,YER002W,1,8.985043,0.9293233156204224,0.6161515712738037,0.004701410420238972
YEL054C,YGL120C,1,8.983387,0.9294294118881226,0.6171485781669617,0.004701410420238972
YOL127W,YOR063W,1,8.971286,0.9295352101325989,0.6181455850601196,0.004701410420238972
YOR272W,YLR075W,1,8.965878,0.9296407103538513,0.6191425919532776,0.004701410420238972
YLR448W,YEL054C,1,8.964783,0.9297459125518799,0.6201395988464355,0.004701410420238972
YDR101C,YGL078C,1,8.961204,0.9298507571220398,0.6211366057395935,0.004701410420238972
YKR024C,YDR418W,1,8.959109,0.9299553036689758,0.6221336126327515,0.004701410420238972
YKL082C,YDR418W,1,8.947866,0.930059552192688,0.6231306195259094,0.004701410420238972
YNL001W,YDL075W,0,8.947456,0.9286775588989258,0.6231306195259094,0.004801440518349409
YEL054C,YHR197W,1,8.933571,0.9287833571434021,0.6241276264190674,0.004801440518349409
YHR170W,YGL246C,1,8.929709,0.9288889169692993,0.6251246333122253,0.004801440518349409
YHR085W,YPL093W,1,8.92865,0.9289940595626831,0.6261216402053833,0.004801440518349409
YGR103W,YLR221C,1,8.924161,0.9290989637374878,0.6271186470985413,0.004801440518349409
YDR418W,YNL002C,1,8.902375,0.9292035102844238,0.6281156539916992,0.004801440518349409
YDR101C,YGL120C,1,8.899568,0.9293078184127808,0.6291126608848572,0.004801440518349409
YPL157W,YCL059C,0,8.887387,0.9279412031173706,0.6291126608848572,0.0049014706164598465
YFR001W,YGL246C,1,8.8811455,0.9280470013618469,0.6301096677780151,0.0049014706164598465
YLR009W,YLR022C,1,8.873109,0.9281525015830994,0.6311066746711731,0.0049014706164598465
YDR101C,YNL227C,1,8.860498,0.9282577037811279,0.632103681564331,0.0049014706164598465
YLR009W,YKR081C,1,8.859327,0.9283625483512878,0.633100688457489,0.0049014706164598465
YPL093W,YFL002C,1,8.856705,0.9284671545028687,0.634097695350647,0.0049014706164598465
YNL182C,YOR272W,1,8.844506,0.9285714030265808,0.6350947022438049,0.0049014706164598465
YNL002C,YOL127W,1,8.823059,0.9286754131317139,0.6360917091369629,0.0049014706164598465
YAL025C,YPR143W,1,8.82162,0.9287790656089783,0.6370887160301208,0.0049014706164598465
YJL148W,YJL025W,0,8.815073,0.927431046962738,0.6370887160301208,0.005001500248908997
YPL093W,YLL008W,1,8.785826,0.9275362491607666,0.6380857229232788,0.005001500248908997
YEL054C,YDR091C,1,8.76306,0.9276410937309265,0.6390827298164368,0.005001500248908997
YNL061W,YER110C,0,8.743944,0.926300585269928,0.6390827298164368,0.005101530347019434
YLR340W,YLR221C,1,8.741445,0.9264069199562073,0.6400797367095947,0.005101530347019434
YJL033W,YGL031C,0,8.739901,0.9250720739364624,0.6400797367095947,0.005201560445129871
YPL193W,YNL182C,1,8.733052,0.9251798391342163,0.6410767436027527,0.005201560445129871
YGL111W,YLR022C,1,8.728238,0.9252873659133911,0.6420737504959106,0.005201560445129871
YLR221C,YHR088W,1,8.723791,0.9253945350646973,0.6430708169937134,0.005201560445129871
YNL112W,YGR158C,0,8.7229395,0.9240687489509583,0.6430708169937134,0.005301590543240309
YJL122W,YLR022C,1,8.717584,0.9241774082183838,0.6440678238868713,0.005301590543240309
YOR063W,YLR075W,1,8.714003,0.9242857098579407,0.6450648307800293,0.005301590543240309
YDR101C,YLR448W,1,8.710805,0.9243937134742737,0.6460618376731873,0.005301590543240309
YER002W,YLR022C,1,8.69438,0.9245014190673828,0.6470588445663452,0.005301590543240309
YNL110C,YDR418W,1,8.694157,0.9246088266372681,0.6480558514595032,0.005301590543240309
YJL136C,YDR101C,0,8.679807,0.9232954382896423,0.6480558514595032,0.005401620641350746
YLR221C,YER002W,1,8.678697,0.9234042763710022,0.6490528583526611,0.005401620641350746
YLR009W,YNL163C,1,8.677979,0.9235127568244934,0.6500498652458191,0.005401620641350746
YDR101C,YPR016C,1,8.669922,0.9236209392547607,0.651046872138977,0.005401620641350746
YLR221C,YGL078C,1,8.666643,0.9237288236618042,0.652043879032135,0.005401620641350746
YKL009W,YLR022C,1,8.666486,0.9238364100456238,0.653040885925293,0.005401620641350746
YLR009W,YOL127W,1,8.653812,0.9239436388015747,0.6540378928184509,0.005401620641350746
YPL146C,YLR075W,1,8.652021,0.9240506291389465,0.6550348997116089,0.005401620641350746
YDR060W,YDL031W,1,8.649034,0.9241573214530945,0.6560319066047668,0.005401620641350746
YOR063W,YFL002C,1,8.645414,0.9242636561393738,0.6570289134979248,0.005401620641350746
YOL127W,YPL093W,1,8.639888,0.924369752407074,0.6580259203910828,0.005401620641350746
YAL025C,YLR075W,1,8.639431,0.9244755506515503,0.6590229272842407,0.005401620641350746
YPL093W,YER002W,1,8.636337,0.924580991268158,0.6600199341773987,0.005401620641350746
YLR009W,YHR197W,1,8.622404,0.9246861934661865,0.6610169410705566,0.005401620641350746
YKL082C,YNL163C,1,8.6098385,0.9247910976409912,0.6620139479637146,0.005401620641350746
YHR066W,YLL008W,1,8.569784,0.924895703792572,0.6630109548568726,0.005401620641350746
YIR012W,YPL211W,1,8.536878,0.925000011920929,0.6640079617500305,0.005401620641350746
YHR197W,YGL078C,1,8.527243,0.925104022026062,0.6650049686431885,0.005401620641350746
YML073C,YKR081C,1,8.518115,0.9252077341079712,0.6660019755363464,0.005401620641350746
YLR009W,YPR143W,1,8.500563,0.9253112077713013,0.6669989824295044,0.005401620641350746
YDR101C,YHR066W,1,8.488328,0.9254143834114075,0.6679959893226624,0.005401620641350746
YCL054W,YOL127W,1,8.4777565,0.9255172610282898,0.6689929962158203,0.005401620641350746
YDR312W,YLR075W,1,8.465397,0.9256198406219482,0.6699900031089783,0.005401620641350746
YLR074C,YPL090C,0,8.464941,0.9243466258049011,0.6699900031089783,0.005501650273799896
YAL025C,YNL227C,1,8.4256115,0.9244505763053894,0.6709870100021362,0.005501650273799896
YPL211W,YNL227C,1,8.419303,0.924554169178009,0.671984076499939,0.005501650273799896
YOL127W,YHR197W,1,8.408651,0.9246575236320496,0.6729810833930969,0.005501650273799896
YKL082C,YPL093W,1,8.405408,0.9247605800628662,0.6739780902862549,0.005501650273799896
YPR143W,YPL093W,1,8.380584,0.9248633980751038,0.6749750971794128,0.005501650273799896
YHR066W,YPL131W,1,8.368681,0.9249659180641174,0.6759721040725708,0.005501650273799896
YLR022C,YDL031W,1,8.344936,0.9250681400299072,0.6769691109657288,0.005501650273799896
YPL146C,YGL246C,1,8.291643,0.9251700639724731,0.6779661178588867,0.005501650273799896
YAL025C,YOR272W,1,8.275707,0.92527174949646,0.6789631247520447,0.005501650273799896
YDR101C,YOL127W,1,8.246815,0.9253731369972229,0.6799601316452026,0.005501650273799896
YLR276C,YGL246C,1,8.236316,0.925474226474762,0.6809571385383606,0.005501650273799896
YGR085C,YPR143W,1,8.217964,0.9255750775337219,0.6819541454315186,0.005501650273799896
YER025W,YKR094C,0,8.2147255,0.9243243336677551,0.6819541454315186,0.005601680371910334
YDR418W,YPL093W,1,8.214444,0.9244264364242554,0.6829511523246765,0.005601680371910334
YGL120C,YDR091C,1,8.205303,0.9245283007621765,0.6839481592178345,0.005601680371910334
YJL125C,YGL031C,0,8.200669,0.9232839941978455,0.6839481592178345,0.005701710470020771
YLR448W,YKL021C,1,8.20039,0.9233871102333069,0.6849451661109924,0.005701710470020771
YJL122W,YOL127W,1,8.188056,0.9234899282455444,0.6859421730041504,0.005701710470020771
YMR290C,YKR059W,0,8.187809,0.9222519993782043,0.6859421730041504,0.005801740568131208
YKL014C,YBR267W,1,8.181264,0.9223560690879822,0.6869391798973083,0.005801740568131208
YGR085C,YGL120C,1,8.180834,0.9224599003791809,0.6879361867904663,0.005801740568131208
YBR267W,YGL246C,1,8.15502,0.9225634336471558,0.6889331936836243,0.005801740568131208
YPR102C,YFL002C,1,8.111531,0.9226666688919067,0.6899302005767822,0.005801740568131208
YPL093W,YLR075W,1,8.089857,0.9227696657180786,0.6909272074699402,0.005801740568131208
YAL025C,YJL122W,1,8.08894,0.9228723645210266,0.6919242143630981,0.005801740568131208
YLR221C,YOL144W,1,8.087923,0.9229747653007507,0.6929212212562561,0.005801740568131208
YDR101C,YOR272W,1,8.08547,0.9230769276618958,0.6939182281494141,0.005801740568131208
YOL127W,YDR418W,1,8.081741,0.9231787919998169,0.694915235042572,0.005801740568131208
YNL227C,YLR022C,1,8.072905,0.9232804179191589,0.69591224193573,0.005801740568131208
YGL120C,YOR272W,1,8.069454,0.9233817458152771,0.6969092488288879,0.005801740568131208
YPR143W,YHR197W,1,8.059494,0.9234828352928162,0.6979062557220459,0.005801740568131208
YDR418W,YOL127W,1,8.058661,0.9235836863517761,0.6989032626152039,0.005801740568131208
YER056C-A,YOR063W,0,8.053783,0.9223684072494507,0.6989032626152039,0.005901770666241646
YJL122W,YDR418W,1,7.9895244,0.9224704504013062,0.6999002695083618,0.005901770666241646
YPL131W,YFL002C,1,7.982369,0.9225721955299377,0.7008973360061646,0.005901770666241646
YDR447C,YPR016C,0,7.980264,0.9213630557060242,0.7008973360061646,0.006001800764352083
YCR072C,YGR085C,1,7.9668946,0.9214659929275513,0.7018943428993225,0.006001800764352083
YOL077C,YJR045C,0,7.9573464,0.9202614426612854,0.7018943428993225,0.006101830396801233
YLR221C,YER126C,1,7.956507,0.9203655123710632,0.7028913497924805,0.006101830396801233
YLR340W,YDL031W,1,7.9565034,0.920469343662262,0.7038883566856384,0.006101830396801233
YPR016C,YLL008W,1,7.9528985,0.9205729365348816,0.7048853635787964,0.006101830396801233
YGL120C,YGL246C,1,7.933232,0.9206762313842773,0.7058823704719543,0.006101830396801233
YHR089C,YNL112W,0,7.9273686,0.9194805026054382,0.7058823704719543,0.006201860494911671
YPL131W,YDL031W,1,7.919164,0.9195849299430847,0.7068793773651123,0.006201860494911671
YIR012W,YHR197W,1,7.918635,0.9196891188621521,0.7078763842582703,0.006201860494911671
YER002W,YGL246C,1,7.908728,0.9197930097579956,0.7088733911514282,0.006201860494911671
YEL054C,YLR022C,1,7.904384,0.91989666223526,0.7098703980445862,0.006201860494911671
YNL182C,YNL227C,1,7.9021487,0.9200000166893005,0.7108674049377441,0.006201860494911671
YPR143W,YDR091C,1,7.8937783,0.9201030731201172,0.7118644118309021,0.006201860494911671
YHR170W,YOR272W,1,7.8804936,0.9202058911323547,0.7128614187240601,0.006201860494911671
YKL082C,YLR022C,1,7.8699174,0.9203084707260132,0.713858425617218,0.006201860494911671
YCL054W,YPR143W,1,7.8540006,0.9204108119010925,0.714855432510376,0.006201860494911671
YJL122W,YLR075W,1,7.8437467,0.9205127954483032,0.7158524394035339,0.006201860494911671
YKL009W,YPL131W,1,7.84318,0.9206146001815796,0.7168494462966919,0.006201860494911671
YCL054W,YLR022C,1,7.8387113,0.9207161068916321,0.7178464531898499,0.006201860494911671
YHR021C,YJR097W,0,7.827967,0.9195402264595032,0.7178464531898499,0.006301890593022108
YGR085C,YOR272W,1,7.8032384,0.9196428656578064,0.7188434600830078,0.006301890593022108
YPR102C,YPR016C,1,7.7822328,0.9197452068328857,0.7198404669761658,0.006301890593022108
YEL054C,YNL163C,1,7.778395,0.919847309589386,0.7208374738693237,0.006301890593022108
YKL181W,YJL190C,0,7.7664227,0.9186785221099854,0.7208374738693237,0.0064019206911325455
YMR229C,YLR075W,1,7.761615,0.9187816977500916,0.7218344807624817,0.0064019206911325455
YAL025C,YGR245C,1,7.751488,0.9188846349716187,0.7228314876556396,0.0064019206911325455
YPL193W,YKL082C,1,7.736847,0.9189873337745667,0.7238284945487976,0.0064019206911325455
YGL123W,YOL080C,0,7.7338576,0.9178255200386047,0.7238284945487976,0.006501950789242983
YNL110C,YDR060W,1,7.718392,0.9179292917251587,0.7248255014419556,0.006501950789242983
YHR197W,YDR091C,1,7.71627,0.9180327653884888,0.7258225083351135,0.006501950789242983
YPL131W,YHR085W,1,7.7090917,0.9181360006332397,0.7268195152282715,0.006501950789242983
YKL014C,YPR143W,1,7.7052975,0.9182389974594116,0.7278165221214294,0.006501950789242983
YDR418W,YNR038W,1,7.701823,0.9183416962623596,0.7288135886192322,0.006501950789242983
YPL211W,YPR143W,1,7.695816,0.9184441566467285,0.7298105955123901,0.006501950789242983
YNL227C,YER002W,1,7.692849,0.9185463786125183,0.7308076024055481,0.006501950789242983
YCR072C,YLR075W,1,7.691882,0.9186483025550842,0.731804609298706,0.006501950789242983
YGR103W,YDR060W,1,7.6876884,0.918749988079071,0.732801616191864,0.006501950789242983
YHR085W,YLR022C,1,7.6825895,0.9188514351844788,0.733798623085022,0.006501950789242983
YBL054W,YNL112W,0,7.667365,0.9177057147026062,0.733798623085022,0.006601980421692133
YIR012W,YLR022C,1,7.6671977,0.9178082346916199,0.7347956299781799,0.006601980421692133
YOL077C,YDR060W,1,7.6622005,0.9179104566574097,0.7357926368713379,0.006601980421692133
YML094W,YDR447C,0,7.6526055,0.9167701601982117,0.7357926368713379,0.00670201051980257
YCR072C,YGL246C,1,7.646174,0.9168734550476074,0.7367896437644958,0.00670201051980257
YFL002C,YGL246C,1,7.6015344,0.9169764518737793,0.7377866506576538,0.00670201051980257
YLR221C,YDL031W,1,7.575618,0.9170792102813721,0.7387836575508118,0.00670201051980257
YCL054W,YOR272W,1,7.521351,0.9171817302703857,0.7397806644439697,0.00670201051980257
YOR096W,YDR012W,0,7.521294,0.9160493612289429,0.7397806644439697,0.006802040617913008
YBR142W,YNL163C,1,7.518973,0.9161528944969177,0.7407776713371277,0.006802040617913008
YEL054C,YOL144W,1,7.517999,0.9162561297416687,0.7417746782302856,0.006802040617913008
YNL163C,YKR081C,1,7.517943,0.9163591861724854,0.7427716851234436,0.006802040617913008
YNL182C,YLR022C,1,7.5170774,0.9164619445800781,0.7437686920166016,0.006802040617913008
YLR448W,YKR081C,1,7.5033545,0.916564404964447,0.7447656989097595,0.006802040617913008
YOL127W,YFL002C,1,7.48027,0.9166666865348816,0.7457627058029175,0.006802040617913008
YDR312W,YML043C,0,7.4713497,0.9155446887016296,0.7457627058029175,0.006902070716023445
YGR245C,YDR091C,1,7.461416,0.9156479239463806,0.7467597126960754,0.006902070716023445
YOR063W,YHR197W,1,7.458627,0.9157509207725525,0.7477567195892334,0.006902070716023445
YJL122W,YKR081C,1,7.451552,0.9158536791801453,0.7487537264823914,0.006902070716023445
YGL120C,YLR075W,1,7.445356,0.9159561395645142,0.7497507333755493,0.006902070716023445
YGL111W,YDR060W,1,7.4376073,0.9160584211349487,0.7507477402687073,0.006902070716023445
YGR085C,YHR197W,1,7.4307885,0.9161604046821594,0.7517447471618652,0.006902070716023445
YPR102C,YKL009W,1,7.4303956,0.916262149810791,0.7527417540550232,0.006902070716023445
YGL120C,YNL163C,1,7.40571,0.9163636565208435,0.7537387609481812,0.006902070716023445
YDL051W,YDL075W,0,7.386182,0.9152542352676392,0.7537387609481812,0.0070021008141338825
YGR245C,YGL246C,1,7.376012,0.9153566956520081,0.7547357678413391,0.0070021008141338825
YAL025C,YPR016C,1,7.334765,0.9154589176177979,0.7557327747344971,0.0070021008141338825
YPR016C,YER002W,1,7.291997,0.9155609011650085,0.756729781627655,0.0070021008141338825
YOL127W,YPR016C,1,7.290085,0.9156626462936401,0.7577268481254578,0.0070021008141338825
YOR063W,YKL021C,1,7.2448363,0.9157641530036926,0.7587238550186157,0.0070021008141338825
YDR060W,YOL144W,1,7.2192707,0.9158653616905212,0.7597208619117737,0.0070021008141338825
YKL082C,YPL211W,1,7.215462,0.9159663915634155,0.7607178688049316,0.0070021008141338825
YOL127W,YDR091C,1,7.196731,0.9160671234130859,0.7617148756980896,0.0070021008141338825
YKL014C,YEL054C,1,7.1864543,0.916167676448822,0.7627118825912476,0.0070021008141338825
YML073C,YPL211W,1,7.18212,0.9162679314613342,0.7637088894844055,0.0070021008141338825
YGR085C,YOL144W,1,7.1593275,0.9163680076599121,0.7647058963775635,0.0070021008141338825
YPL220W,YPR016C,0,7.1485977,0.915274441242218,0.7647058963775635,0.007102130446583033
YOR272W,YGL246C,1,7.14823,0.9153754711151123,0.7657029032707214,0.007102130446583033
YPR016C,YOL144W,1,7.1422668,0.9154762029647827,0.7666999101638794,0.007102130446583033
YEL054C,YHR085W,1,7.1243234,0.915576696395874,0.7676969170570374,0.007102130446583033
YHR170W,YPR016C,1,7.083778,0.9156769514083862,0.7686939239501953,0.007102130446583033
YNL163C,YPL131W,1,7.080078,0.9157769680023193,0.7696909308433533,0.007102130446583033
YLR448W,YDR418W,1,7.075167,0.9158768057823181,0.7706879377365112,0.007102130446583033
YBL054W,YGL123W,0,7.0733285,0.9147928953170776,0.7706879377365112,0.00720216054469347
YDR312W,YOL127W,1,7.039759,0.914893627166748,0.7716849446296692,0.00720216054469347
YCL031C,YOL080C,0,7.035628,0.9138134717941284,0.7716849446296692,0.007302190642803907
YEL054C,YLR221C,1,7.0295224,0.9139150977134705,0.7726819515228271,0.007302190642803907
YIR012W,YKL009W,1,7.0194106,0.9140164852142334,0.7736789584159851,0.007302190642803907
YKR024C,YNL163C,1,7.018374,0.9141176342964172,0.7746759653091431,0.007302190642803907
YPL193W,YDR312W,1,7.0156627,0.914218544960022,0.775672972202301,0.007302190642803907
YNL182C,YLR075W,1,7.0104795,0.9143192768096924,0.776669979095459,0.007302190642803907
YGL120C,YOL127W,1,6.9957986,0.9144197106361389,0.7776669859886169,0.007302190642803907
YJL122W,YDR091C,1,6.993391,0.9145199060440063,0.7786639928817749,0.007302190642803907
YHR088W,YDR060W,1,6.9920526,0.9146198630332947,0.7796609997749329,0.007302190642803907
YKL014C,YFL002C,1,6.986631,0.9147196412086487,0.7806580066680908,0.007302190642803907
YHR197W,YPL093W,1,6.963001,0.9148191213607788,0.7816550135612488,0.007302190642803907
YOL144W,YFL002C,1,6.954858,0.9149184226989746,0.7826520204544067,0.007302190642803907
YNL163C,YGR245C,1,6.9313445,0.9150174856185913,0.7836490273475647,0.007302190642803907
YHR070W,YAL025C,0,6.900108,0.9139534831047058,0.7836490273475647,0.007402220740914345
YNL110C,YLR106C,1,6.8987994,0.9140534400939941,0.7846460342407227,0.007402220740914345
YDR312W,YER036C,0,6.884857,0.9129930138587952,0.7846460342407227,0.007502250839024782
YML073C,YHR085W,1,6.864388,0.9130938649177551,0.7856430411338806,0.007502250839024782
YMR302C,YHR052W,0,6.8503003,0.9120370149612427,0.7856430411338806,0.007602280471473932
YDR312W,YLR448W,1,6.8337607,0.9121387004852295,0.7866401076316833,0.007602280471473932
YOR224C,YDL060W,0,6.8062186,0.9110854268074036,0.7866401076316833,0.00770231056958437
YKL009W,YOL127W,1,6.7861447,0.911188006401062,0.7876371145248413,0.00770231056958437
YJR145C,YPR041W,0,6.776059,0.9101382493972778,0.7876371145248413,0.007802340667694807
YDR418W,YFL002C,1,6.770863,0.9102416634559631,0.7886341214179993,0.007802340667694807
YKR024C,YPR016C,1,6.741365,0.9103448390960693,0.7896311283111572,0.007802340667694807
YPL193W,YHR197W,1,6.7353873,0.9104477763175964,0.7906281352043152,0.007802340667694807
YKL004W,YDR465C,0,6.7335725,0.9094036817550659,0.7906281352043152,0.007902370765805244
YPL211W,YLR448W,1,6.7214727,0.9095074534416199,0.7916251420974731,0.007902370765805244
YLR221C,YFL002C,1,6.6788316,0.9096109867095947,0.7926221489906311,0.007902370765805244
YLR276C,YGL120C,1,6.664396,0.9097142815589905,0.7936191558837891,0.007902370765805244
YAL025C,YPL193W,1,6.6618404,0.9098173379898071,0.794616162776947,0.007902370765805244
YDR418W,YGR085C,1,6.6500077,0.9099201560020447,0.795613169670105,0.007902370765805244
YPL193W,YCL054W,1,6.636801,0.9100227952003479,0.7966101765632629,0.007902370765805244
YJL122W,YPR143W,1,6.6265435,0.9101251363754272,0.7976071834564209,0.007902370765805244
YOR116C,YJL125C,0,6.6232305,0.9090909361839294,0.7976071834564209,0.008002400398254395
YHR170W,YLR221C,1,6.602096,0.9091941118240356,0.7986041903495789,0.008002400398254395
YKR094C,YHR081W,0,6.572024,0.9081632494926453,0.7986041903495789,0.00810243096202612
YCL054W,YPR016C,1,6.5519176,0.9082672595977783,0.7996011972427368,0.00810243096202612
YOR063W,YGL246C,1,6.541837,0.9083710312843323,0.8005982041358948,0.00810243096202612
YEL054C,YNR022C,0,6.5333824,0.9073446393013,0.8005982041358948,0.00820246059447527
YDR418W,YOL077C,1,6.5333247,0.9074491858482361,0.8015952110290527,0.00820246059447527
YNL182C,YPR016C,1,6.531234,0.9075535535812378,0.8025922179222107,0.00820246059447527
YEL054C,YHR070W,0,6.526874,0.9065315127372742,0.8025922179222107,0.008302491158246994
YHR089C,YOR143C,0,6.526786,0.9055117964744568,0.8025922179222107,0.008402520790696144
YOR272W,YDR060W,1,6.522517,0.9056179523468018,0.8035892248153687,0.008402520790696144
YOR096W,YOR217W,0,6.5210505,0.9046015739440918,0.8035892248153687,0.008502550423145294
YDR418W,YKR081C,1,6.5078635,0.9047085046768188,0.8045862317085266,0.008502550423145294
YAL025C,YNL163C,1,6.4906077,0.9048152565956116,0.8055832386016846,0.008502550423145294
YNL207W,YIR012W,0,6.4735904,0.9038031101226807,0.8055832386016846,0.008602580986917019
YBR267W,YLR075W,1,6.4662414,0.9039106369018555,0.8065802454948425,0.008602580986917019
YDR418W,YHR197W,1,6.452966,0.9040178656578064,0.8075772523880005,0.008602580986917019
YDR418W,YOL080C,1,6.4408526,0.9041248559951782,0.8085742592811584,0.008602580986917019
YDL130W,YKL181W,0,6.440712,0.9031180143356323,0.8085742592811584,0.008702610619366169
YLR106C,YHR052W,1,6.405446,0.9032257795333862,0.8095712661743164,0.008702610619366169
YOR272W,YPR016C,1,6.3958044,0.903333306312561,0.8105682730674744,0.008702610619366169
YKL014C,YLR221C,1,6.3831844,0.9034405946731567,0.8115652799606323,0.008702610619366169
YNL096C,YNL244C,0,6.344693,0.9024389982223511,0.8115652799606323,0.008802641183137894
YGR085C,YHR085W,1,6.3138843,0.9025470614433289,0.8125622868537903,0.008802641183137894
YIR012W,YPR143W,1,6.3098288,0.9026548862457275,0.8135592937469482,0.008802641183137894
YPL193W,YGL246C,1,6.3094926,0.9027624130249023,0.814556360244751,0.008802641183137894
YER126C,YOR233W,0,6.279517,0.9017660021781921,0.814556360244751,0.008902670815587044
YKR024C,YLR075W,1,6.27198,0.901874303817749,0.8155533671379089,0.008902670815587044
YKL014C,YDR060W,1,6.2712502,0.9019823670387268,0.8165503740310669,0.008902670815587044
YBR251W,YGL123W,0,6.2622952,0.9009901285171509,0.8165503740310669,0.009002700448036194
YJL033W,YMR139W,0,6.2598386,0.8999999761581421,0.8165503740310669,0.009102731011807919
YBL024W,YJL189W,0,6.258775,0.8990120887756348,0.8165503740310669,0.009202760644257069
YPR016C,YKR081C,1,6.253999,0.8991228342056274,0.8175473809242249,0.009202760644257069
YPL193W,YHR085W,1,6.222445,0.8992332816123962,0.8185443878173828,0.009202760644257069
YNL248C,YNL244C,0,6.20524,0.8982494473457336,0.8185443878173828,0.009302791208028793
YLR448W,YCR072C,1,6.1916194,0.8983606696128845,0.8195413947105408,0.009302791208028793
YJL122W,YPR016C,1,6.178403,0.8984715938568115,0.8205384016036987,0.009302791208028793
YKR024C,YDR060W,1,6.151095,0.8985823392868042,0.8215354084968567,0.009302791208028793
YEL054C,YPR016C,1,6.1486406,0.898692786693573,0.8225324153900146,0.009302791208028793
YMR142C,YNL151C,0,6.1439395,0.8977149128913879,0.8225324153900146,0.009402820840477943
YDR060W,YBR267W,1,6.122745,0.897826075553894,0.8235294222831726,0.009402820840477943
YMR233W,YOR369C,0,6.1169133,0.8968512415885925,0.8235294222831726,0.009502850472927094
YNL227C,YPL093W,1,6.1039567,0.8969631195068359,0.8245264291763306,0.009502850472927094
YNL292W,YAL003W,0,6.1018605,0.895991325378418,0.8245264291763306,0.009602881036698818
YOR224C,YOL092W,0,6.098129,0.8950216174125671,0.8245264291763306,0.009702910669147968
YPL131W,YER002W,1,6.078605,0.8951351642608643,0.8255234360694885,0.009702910669147968
YGR159C,YLR014C,0,6.077671,0.894168496131897,0.8255234360694885,0.009802941232919693
YPL193W,YGL111W,1,6.0467687,0.8942826390266418,0.8265204429626465,0.009802941232919693
YPL157W,YER131W,0,6.025718,0.8933189511299133,0.8265204429626465,0.009902970865368843
YML025C,YOL080C,1,6.0077653,0.8934338092803955,0.8275174498558044,0.009902970865368843
YGL111W,YOR150W,1,5.9806285,0.8935483694076538,0.8285144567489624,0.009902970865368843
YNL227C,YHR052W,1,5.97565,0.8936627507209778,0.8295114636421204,0.009902970865368843
YBL054W,YOL139C,0,5.948095,0.8927038908004761,0.8295114636421204,0.010003000497817993
YOR046C,YKR059W,0,5.9449925,0.8917470574378967,0.8295114636421204,0.010103031061589718
YPL193W,YNL227C,1,5.939527,0.8918629288673401,0.8305084705352783,0.010103031061589718
YMR290C,YGR061C,0,5.9047933,0.8909090757369995,0.8305084705352783,0.010203060694038868
YPL131W,YHR197W,1,5.8804297,0.8910256624221802,0.8315054774284363,0.010203060694038868
YNL110C,YOR150W,1,5.863564,0.891141951084137,0.8325024843215942,0.010203060694038868
YLR448W,YDR060W,1,5.8594604,0.8912580013275146,0.8334994912147522,0.010203060694038868
YKL156W,YPL038W,0,5.8426795,0.8903088569641113,0.8334994912147522,0.010303091257810593
YPR016C,YGL246C,1,5.830436,0.8904255032539368,0.8344964981079102,0.010303091257810593
YLR276C,YHR197W,1,5.8241343,0.8905419707298279,0.8354935050010681,0.010303091257810593
YPL193W,YMR229C,1,5.8167477,0.8906581997871399,0.8364905118942261,0.010303091257810593
YLR221C,YPL093W,1,5.771778,0.890774130821228,0.837487518787384,0.010303091257810593
YCL054W,YNL163C,1,5.7578773,0.8908898234367371,0.838484525680542,0.010303091257810593
YML025C,YHR052W,1,5.7276187,0.891005277633667,0.8394815325737,0.010303091257810593
YLR448W,YFL002C,1,5.6935744,0.8911204934120178,0.8404785394668579,0.010303091257810593
YPL131W,YGL246C,1,5.6864486,0.8912354707717896,0.8414755463600159,0.010303091257810593
YOL080C,YOR150W,1,5.6788883,0.8913502097129822,0.8424725532531738,0.010303091257810593
YKL014C,YLR448W,1,5.6622806,0.8914647102355957,0.8434696197509766,0.010303091257810593
YOR063W,YKR059W,0,5.6414933,0.890526294708252,0.8434696197509766,0.010403120890259743
YNR001C,YAL025C,0,5.619777,0.8895899057388306,0.8434696197509766,0.010503150522708893
YNR038W,YLR022C,1,5.6162925,0.8897058963775635,0.8444666266441345,0.010503150522708893
YOR167C,YJL190C,0,5.6055984,0.8887723088264465,0.8444666266441345,0.010603181086480618
YLR276C,YNL163C,1,5.6007423,0.8888888955116272,0.8454636335372925,0.010603181086480618
YKL143W,YDL184C,0,5.600158,0.8879581093788147,0.8454636335372925,0.010703210718929768
YIR012W,YEL054C,1,5.5912814,0.8880752921104431,0.8464606404304504,0.010703210718929768
YMR292W,YDR101C,0,5.547997,0.8871473073959351,0.8464606404304504,0.010803241282701492
YJR145C,YOL149W,0,5.5114408,0.8862212896347046,0.8464606404304504,0.010903270915150642
YPL131W,YOL144W,1,5.491755,0.8863399624824524,0.8474576473236084,0.010903270915150642
YOR096W,YNL185C,0,5.4772553,0.8854166865348816,0.8474576473236084,0.011003300547599792
YHR066W,YOR150W,1,5.4759526,0.8855358958244324,0.8484546542167664,0.011003300547599792
YIR012W,YOL139C,0,5.455205,0.8846153616905212,0.8484546542167664,0.011103331111371517
YER099C,YER126C,0,5.450289,0.8836967945098877,0.8484546542167664,0.011203360743820667
YKL004W,YOL127W,0,5.4347405,0.8827800750732422,0.8484546542167664,0.011303391307592392
YDR418W,YKL009W,1,5.4346547,0.8829015493392944,0.8494516611099243,0.011303391307592392
YDR465C,YML113W,0,5.433206,0.8819875717163086,0.8494516611099243,0.011403420940041542
YBR264C,YLR441C,0,5.4149957,0.8810755014419556,0.8494516611099243,0.011503450572490692
YPL226W,YKL195W,0,5.4115624,0.8801652789115906,0.8494516611099243,0.011603481136262417
YKL014C,YLR022C,1,5.4001164,0.8802889585494995,0.8504486680030823,0.011603481136262417
YNL227C,YJL189W,0,5.3833184,0.8793814182281494,0.8504486680030823,0.011703510768711567
YHR085W,YPR016C,1,5.379895,0.8795056939125061,0.8514456748962402,0.011703510768711567
YLR340W,YFL002C,1,5.3512626,0.8796296119689941,0.8524426817893982,0.011703510768711567
YLR340W,YNL163C,1,5.3496275,0.8797533512115479,0.8534396886825562,0.011703510768711567
YGL120C,YNL227C,1,5.3370767,0.8798767924308777,0.8544366955757141,0.011703510768711567
YGR262C,YLR441C,0,5.323201,0.8789743781089783,0.8544366955757141,0.011803541332483292
YPL093W,YDR060W,1,5.3188853,0.8790983557701111,0.8554337024688721,0.011803541332483292
YGL120C,YLL022C,0,5.3148255,0.8781985640525818,0.8554337024688721,0.011903570964932442
YML073C,YKL014C,1,5.3070006,0.8783231377601624,0.85643070936203,0.011903570964932442
YDR060W,YGL031C,0,5.284432,0.8774259686470032,0.85643070936203,0.012003601528704166
YGL246C,YKL021C,1,5.255094,0.8775510191917419,0.857427716255188,0.012003601528704166
YGR200C,YNL244C,0,5.2448792,0.8766564726829529,0.857427716255188,0.012103631161153316
YER029C,YOL077C,0,5.204199,0.8757637739181519,0.857427716255188,0.012203660793602467
YML025C,YLR276C,1,5.1486235,0.8758901357650757,0.858424723148346,0.012203660793602467
YBR084W,YPR041W,0,5.142002,0.875,0.858424723148346,0.012303691357374191
YOL092W,YAL025C,0,5.1399975,0.8741116523742676,0.858424723148346,0.012403720989823341
YDL082W,YOR217W,0,5.132049,0.8732251524925232,0.858424723148346,0.012503751553595066
YDR060W,YGL078C,1,5.116711,0.8733536005020142,0.8594217300415039,0.012503751553595066
YPL193W,YHR066W,1,5.1129236,0.873481810092926,0.8604187369346619,0.012503751553595066
YER148W,YHR081W,0,5.1065435,0.8725985884666443,0.8604187369346619,0.012603781186044216
YLR106C,YDL031W,1,5.062713,0.8727272748947144,0.8614157438278198,0.012603781186044216
YNL163C,YOL144W,1,5.060261,0.8728557229042053,0.8624127507209778,0.012603781186044216
YPL193W,YKR024C,1,5.0594726,0.8729838728904724,0.8634097576141357,0.012603781186044216
YLR448W,YHR197W,1,5.0571666,0.8731117844581604,0.8644067645072937,0.012603781186044216
YPL193W,YKL009W,1,5.0547457,0.8732394576072693,0.8654037714004517,0.012603781186044216
YGL120C,YBR030W,0,5.0471625,0.8723618388175964,0.8654037714004517,0.012703810818493366
YBR092C,YHR215W,0,5.044491,0.8714859485626221,0.8654037714004517,0.012803841382265091
YGL078C,YOR150W,1,5.0352435,0.8716148734092712,0.8664007782936096,0.012803841382265091
YEL054C,YGR262C,0,5.002228,0.8707414865493774,0.8664007782936096,0.012903871014714241
YPL146C,YOR150W,1,5.000708,0.8708708882331848,0.8673977851867676,0.012903871014714241
YLL011W,YGR234W,0,4.9929814,0.8700000047683716,0.8673977851867676,0.013003901578485966
YLR106C,YLR009W,1,4.9694304,0.8701298832893372,0.8683947920799255,0.013003901578485966
YKL014C,YDR418W,1,4.945104,0.8702594637870789,0.8693917989730835,0.013003901578485966
YML025C,YCR072C,1,4.936002,0.8703888058662415,0.8703888058662415,0.013003901578485966
YDR418W,YPR016C,1,4.928105,0.870517909526825,0.8713858127593994,0.013003901578485966
YNL110C,YML025C,1,4.9227667,0.8706467747688293,0.8723828792572021,0.013003901578485966
YEL050C,YDR116C,0,4.894199,0.8697813153266907,0.8723828792572021,0.013103931210935116
YLR009W,YDR060W,1,4.8581004,0.8699105978012085,0.8733798861503601,0.013103931210935116
YLR106C,YER126C,1,4.8440504,0.870039701461792,0.8743768930435181,0.013103931210935116
YOL127W,YBR185C,0,4.825315,0.8691774010658264,0.8743768930435181,0.013203960843384266
YPR132W,YOR046C,0,4.823948,0.8683168292045593,0.8743768930435181,0.01330399140715599
YLR340W,YPR016C,1,4.814462,0.8684470653533936,0.875373899936676,0.01330399140715599
YDR465C,YHR013C,0,4.801537,0.8675889372825623,0.875373899936676,0.01340402103960514
YNL292W,YNL244C,0,4.7929,0.8667324781417847,0.875373899936676,0.013504051603376865
YLR340W,YNL227C,1,4.79112,0.8668639063835144,0.876370906829834,0.013504051603376865
YIR012W,YML073C,1,4.766046,0.866995096206665,0.8773679137229919,0.013504051603376865
YIR012W,YPL093W,1,4.7470145,0.8671259880065918,0.8783649206161499,0.013504051603376865
YDR279W,YOL139C,0,4.7290215,0.8662733435630798,0.8783649206161499,0.013604081235826015
YDR101C,YDR060W,1,4.7254915,0.8664047122001648,0.8793619275093079,0.013604081235826015
YMR217W,YMR312W,0,4.712521,0.8655544519424438,0.8793619275093079,0.013704110868275166
YJL033W,YML005W,0,4.71022,0.8647058606147766,0.8793619275093079,0.01380414143204689
YPL157W,YLL011W,0,4.686605,0.8638589382171631,0.8793619275093079,0.01390417106449604
YMR142C,YDL166C,0,4.6769776,0.8630136847496033,0.8793619275093079,0.014004201628267765
YDR060W,YLL008W,1,4.6625004,0.8631476163864136,0.8803589344024658,0.014004201628267765
YLR448W,YLR022C,1,4.597546,0.86328125,0.8813559412956238,0.014004201628267765
YML025C,YLR009W,1,4.588347,0.8634146451950073,0.8823529481887817,0.014004201628267765
YLR134W,YEL054C,0,4.584305,0.8625730872154236,0.8823529481887817,0.014104231260716915
YGL120C,YDR060W,1,4.5747247,0.8627068996429443,0.8833499550819397,0.014104231260716915
YML025C,YPR102C,1,4.568613,0.862840473651886,0.8843469619750977,0.014104231260716915
YGL120C,YOR150W,1,4.564894,0.8629737496376038,0.8853439688682556,0.014104231260716915
YDR312W,YDL043C,0,4.560804,0.8621359467506409,0.8853439688682556,0.014204260893166065
YPL193W,YNR038W,1,4.5606318,0.8622696399688721,0.8863409757614136,0.014204260893166065
YKL004W,YCL031C,0,4.5492024,0.8614341020584106,0.8863409757614136,0.01430429145693779
YMR098C,YPL226W,0,4.5460353,0.8606001734733582,0.8863409757614136,0.01440432108938694
YDR418W,YKL021C,1,4.4937105,0.8607349991798401,0.8873379826545715,0.01440432108938694
YOR224C,YLR430W,0,4.4858093,0.8599033951759338,0.8873379826545715,0.014504351653158665
YNL119W,YHR064C,0,4.4833155,0.8590733408927917,0.8873379826545715,0.014604381285607815
YDR060W,YGL246C,1,4.447186,0.8592092394828796,0.8883349895477295,0.014604381285607815
YCL059C,YER180C,0,4.441937,0.8583815097808838,0.8883349895477295,0.014704410918056965
YPL101W,YGR200C,0,4.438618,0.8575553297996521,0.8883349895477295,0.01480444148182869
YML043C,YLR441C,0,4.436131,0.8567307591438293,0.8883349895477295,0.01490447111427784
YML129C,YMR217W,0,4.4250026,0.8559077978134155,0.8883349895477295,0.015004501678049564
YML073C,YGL246C,1,4.424544,0.8560460805892944,0.8893319964408875,0.015004501678049564
YBR048W,YER111C,0,4.4205203,0.8552253246307373,0.8893319964408875,0.015104531310498714
YCL054W,YLR221C,1,4.4164987,0.8553639650344849,0.8903290033340454,0.015104531310498714
YJL033W,YOR337W,0,4.4063344,0.8545454740524292,0.8903290033340454,0.015204560942947865
YJR094W-A,YJR097W,0,4.3946795,0.8537284731864929,0.8903290033340454,0.01530459150671959
YML018C,YKR059W,0,4.38223,0.8529130816459656,0.8903290033340454,0.01540462113916874
YDR299W,YER147C,0,4.348883,0.8520992398262024,0.8903290033340454,0.015504651702940464
YLR009W,YLR221C,1,4.331927,0.8522402048110962,0.8913260102272034,0.015504651702940464
YMR142C,YLR015W,0,4.288733,0.8514285683631897,0.8913260102272034,0.015604681335389614
YNL227C,YGL246C,1,4.274639,0.8515699505805969,0.8923230171203613,0.015604681335389614
YNL308C,YDR511W,0,4.2702804,0.8507604598999023,0.8923230171203613,0.01570471189916134
YER086W,YDR447C,0,4.2691083,0.8499525189399719,0.8923230171203613,0.01580474153161049
YMR233W,YNL149C,0,4.264854,0.8491461277008057,0.8923230171203613,0.01590477116405964
YCR072C,YOR150W,1,4.2535863,0.8492891192436218,0.8933200240135193,0.01590477116405964
YER056C-A,YMR292W,0,4.248429,0.8484848737716675,0.8933200240135193,0.01600480079650879
YLR276C,YOR150W,1,4.2271113,0.8486281633377075,0.8943170309066772,0.01600480079650879
YML025C,YPR143W,1,4.19483,0.8487712740898132,0.8953140377998352,0.01600480079650879
YDR060W,YLR075W,1,4.188902,0.8489140868186951,0.8963110446929932,0.01600480079650879
YML025C,YMR229C,1,4.1874595,0.849056601524353,0.8973080515861511,0.01600480079650879
YNR001C,YNL061W,0,4.1800704,0.8482563495635986,0.8973080515861511,0.01610483229160309
YKR094C,YNL185C,0,4.177048,0.8474576473236084,0.8973080515861511,0.01620486192405224
YLR221C,YDR044W,0,4.160772,0.8466603755950928,0.8973080515861511,0.01630489155650139
YLR221C,YOR150W,1,4.130083,0.8468044996261597,0.8983050584793091,0.01630489155650139
YNL308C,YML005W,0,4.1238046,0.846009373664856,0.8983050584793091,0.01640492118895054
YPL193W,YLR221C,1,4.123184,0.8461538553237915,0.899302065372467,0.01640492118895054
YML025C,YML073C,1,4.110446,0.8462980389595032,0.9002991318702698,0.01640492118895054
YOR116C,YCL059C,0,4.1098704,0.8455055952072144,0.9002991318702698,0.01650495082139969
YLR276C,YLR014C,0,4.1070275,0.8447147011756897,0.9002991318702698,0.016604982316493988
YHR089C,YMR292W,0,4.105452,0.8439252376556396,0.9002991318702698,0.016705011948943138
YML025C,YIR012W,1,4.0927787,0.8440709710121155,0.9012961387634277,0.016705011948943138
YFR001W,YML025C,1,4.088216,0.8442164063453674,0.9022931456565857,0.016705011948943138
YBR142W,YDR060W,1,4.086835,0.8443616032600403,0.9032901525497437,0.016705011948943138
YPL193W,YKL014C,1,4.0744452,0.8445065021514893,0.9042871594429016,0.016705011948943138
YMR229C,YOR150W,1,4.0690694,0.8446511626243591,0.9052841663360596,0.016705011948943138
YCL054W,YDR060W,1,4.0435615,0.8447955250740051,0.9062811732292175,0.016705011948943138
YOL127W,YNL207W,0,4.0383544,0.844011127948761,0.9062811732292175,0.016805041581392288
YHR081W,YNL244C,0,4.021378,0.8432282209396362,0.9062811732292175,0.01690507121384144
YER099C,YOR096W,0,4.0145755,0.8424466848373413,0.9062811732292175,0.01700510084629059
YDR050C,YJL008C,0,4.0073104,0.8416666388511658,0.9062811732292175,0.017105132341384888
YML043C,YNL149C,0,4.000027,0.8408880829811096,0.9062811732292175,0.017205161973834038
YGR220C,YOR150W,1,3.9888663,0.8410351276397705,0.9072781801223755,0.017205161973834038
YGL120C,YLR221C,1,3.974018,0.8411818742752075,0.9082751870155334,0.017205161973834038
YLR448W,YGL120C,1,3.9682384,0.8413284420967102,0.9092721939086914,0.017205161973834038
YJL190C,YMR012W,0,3.9619741,0.8405529856681824,0.9092721939086914,0.017305191606283188
YGL120C,YKL181W,0,3.9437242,0.8397790193557739,0.9092721939086914,0.017405221238732338
YLR276C,YPR016C,1,3.9034,0.8399264216423035,0.9102692008018494,0.017405221238732338
YDL108W,YOL125W,0,3.8871994,0.8391544222831726,0.9102692008018494,0.017505250871181488
YPR143W,YDR060W,1,3.8625474,0.839302122592926,0.9112662076950073,0.017505250871181488
YPL211W,YOR150W,1,3.8587537,0.8394495248794556,0.9122632145881653,0.017505250871181488
YER131W,YPL172C,0,3.8549056,0.83868008852005,0.9122632145881653,0.017605282366275787
YNL163C,YGL246C,1,3.847991,0.8388278484344482,0.9132602214813232,0.017605282366275787
YER148W,YML043C,0,3.8462887,0.8380603790283203,0.9132602214813232,0.017705311998724937
YPL172C,YNL061W,0,3.832838,0.837294340133667,0.9132602214813232,0.017805341631174088
YNL163C,YHR085W,1,3.8214812,0.837442934513092,0.9142572283744812,0.017805341631174088
YIR012W,YLR448W,1,3.8179789,0.8375912308692932,0.9152542352676392,0.017805341631174088
YHR031C,YOL080C,0,3.8148942,0.8368276953697205,0.9152542352676392,0.017905371263623238
YLR221C,YGL246C,1,3.8126512,0.8369763493537903,0.9162512421607971,0.017905371263623238
YML025C,YBR142W,1,3.8089623,0.8371246457099915,0.9172482490539551,0.017905371263623238
YER126C,YNR022C,0,3.8084602,0.8363636136054993,0.9172482490539551,0.018005400896072388
YBL054W,YML113W,0,3.7794604,0.8356040120124817,0.9172482490539551,0.018105432391166687
YNL163C,YDR060W,1,3.7747326,0.8357532024383545,0.918245255947113,0.018105432391166687
YNL292W,YJR097W,0,3.7736354,0.834995448589325,0.918245255947113,0.018205462023615837
YMR235C,YOR046C,0,3.7696872,0.83423912525177,0.918245255947113,0.018305491656064987
YLR106C,YJL122W,1,3.7665591,0.8343891501426697,0.919242262840271,0.018305491656064987
YGR220C,YLR276C,1,3.750299,0.8345388770103455,0.920239269733429,0.018305491656064987
YML025C,YOL077C,1,3.732082,0.8346883654594421,0.9212362766265869,0.018305491656064987
YJL190C,YLR433C,0,3.711738,0.833935022354126,0.9212362766265869,0.018405521288514137
YMR142C,YDR086C,0,3.7052236,0.8331830501556396,0.9212362766265869,0.018505550920963287
YLL001W,YOL077C,0,3.697485,0.8324324488639832,0.9212362766265869,0.018605582416057587
YDL229W,YAL025C,0,3.6971693,0.8316831588745117,0.9212362766265869,0.018705612048506737
YCR053W,YBR142W,0,3.666246,0.8309352397918701,0.9212362766265869,0.018805641680955887
YDR312W,YCR054C,0,3.664341,0.8301886916160583,0.9212362766265869,0.018905671313405037
YJL190C,YOL109W,0,3.6633477,0.8294434547424316,0.9212362766265869,0.019005700945854187
YMR312W,YAL025C,0,3.6618047,0.82869952917099,0.9212362766265869,0.019105732440948486
YBL054W,YML043C,0,3.6554408,0.8279569745063782,0.9212362766265869,0.019205762073397636
YOR143C,YDL051W,0,3.652842,0.8272157311439514,0.9212362766265869,0.019305791705846786
YGR262C,YKL056C,0,3.649716,0.8264758586883545,0.9212362766265869,0.019405821338295937
YMR290C,YBR092C,0,3.637991,0.8257372379302979,0.9212362766265869,0.019505850970745087
YLR106C,YDR060W,1,3.6050763,0.8258928656578064,0.9222332835197449,0.019505850970745087
YIR012W,YLL022C,0,3.5966763,0.8251560926437378,0.9222332835197449,0.019605882465839386
YOR369C,YJL008C,0,3.5930982,0.824420690536499,0.9222332835197449,0.019705912098288536
YML025C,YOR272W,1,3.5886683,0.8245770335197449,0.9232302904129028,0.019705912098288536
YIR012W,YLR075W,1,3.5318441,0.8247330784797668,0.9242272973060608,0.019705912098288536
YHR021C,YOR116C,0,3.523695,0.8240000009536743,0.9242272973060608,0.019805941730737686
YPR098C,YML070W,0,3.5167499,0.8232682347297668,0.9242272973060608,0.019905971363186836
YGL120C,YMR285C,0,3.5130277,0.8225377202033997,0.9242272973060608,0.020006000995635986
YPR041W,YNL149C,0,3.496749,0.8218085169792175,0.9242272973060608,0.020106032490730286
YML025C,YDR418W,1,3.4936404,0.8219663500785828,0.9252243041992188,0.020106032490730286
YML106W,YOL120C,0,3.4913883,0.8212389349937439,0.9252243041992188,0.020206062123179436
YER131W,YBR283C,0,3.4891648,0.8205128312110901,0.9252243041992188,0.020306091755628586
YPR132W,YHR023W,0,3.4871564,0.8197879791259766,0.9252243041992188,0.020406121388077736
YLR106C,YKL181W,0,3.4782252,0.8190644383430481,0.9252243041992188,0.020506151020526886
YNL301C,YGR054W,0,3.478096,0.8183421492576599,0.9252243041992188,0.020606182515621185
YDR101C,YML025C,1,3.4762793,0.8185021877288818,0.9262213110923767,0.020606182515621185
YNL002C,YDR060W,1,3.4458156,0.8186619877815247,0.9272183179855347,0.020606182515621185
YPL146C,YLR106C,1,3.439455,0.8188214302062988,0.9282153248786926,0.020606182515621185
YLR221C,YEL050C,0,3.438118,0.8181019425392151,0.9282153248786926,0.020706212148070335
YBL039C,YMR312W,0,3.435154,0.8173836469650269,0.9282153248786926,0.020806241780519485
YBL078C,YLL009C,0,3.4227753,0.8166666626930237,0.9282153248786926,0.020906271412968636
YDR418W,YLR075W,1,3.416916,0.8168273568153381,0.9292123913764954,0.020906271412968636
YNL188W,YJR143C,0,3.4162097,0.8161121010780334,0.9292123913764954,0.021006301045417786
YDR074W,YOR150W,0,3.4154763,0.815398097038269,0.9292123913764954,0.021106332540512085
YGL213C,YGL123W,0,3.4144778,0.8146852850914001,0.9292123913764954,0.021206362172961235
YLR106C,YER002W,1,3.4111228,0.8148471713066101,0.9302093982696533,0.021206362172961235
YER036C,YGR061C,0,3.405703,0.8141361474990845,0.9302093982696533,0.021306391805410385
YCR072C,YDR060W,1,3.3964915,0.814298152923584,0.9312064051628113,0.021306391805410385
YMR235C,YNL119W,0,3.3925862,0.8135888576507568,0.9312064051628113,0.021406421437859535
YIL150C,YDL136W,0,3.3915172,0.8128807544708252,0.9312064051628113,0.021506451070308685
YMR098C,YJL148W,0,3.3604426,0.8121739029884338,0.9312064051628113,0.021606482565402985
YGR220C,YER002W,1,3.3381195,0.8123371005058289,0.9322034120559692,0.021606482565402985
YOL127W,YER002W,1,3.3361955,0.8125,0.9332004189491272,0.021606482565402985
YLR074C,YJL025W,0,3.30898,0.8117952942848206,0.9332004189491272,0.021706512197852135
YML025C,YFL002C,1,3.3001037,0.8119584321975708,0.9341974258422852,0.021706512197852135
YIR012W,YKL056C,0,3.2994137,0.8112553954124451,0.9341974258422852,0.021806541830301285
YLR106C,YMR229C,1,3.2887259,0.8114187121391296,0.9351944327354431,0.021806541830301285
YOR047C,YMR290C,0,3.2849216,0.8107173442840576,0.9351944327354431,0.021906571462750435
YGL232W,YBR084W,0,3.2848458,0.8100172877311707,0.9351944327354431,0.022006601095199585
YML077W,YBR084W,0,3.2772593,0.8093183636665344,0.9351944327354431,0.022106632590293884
YML025C,YBR267W,1,3.274219,0.809482753276825,0.9361914396286011,0.022106632590293884
YDR312W,YBR214W,0,3.2469068,0.8087855577468872,0.9361914396286011,0.022206662222743034
YPL226W,YDR177W,0,3.2435188,0.8080894947052002,0.9361914396286011,0.022306691855192184
YER110C,YGR116W,0,3.234415,0.8073946833610535,0.9361914396286011,0.022406721487641335
YOR315W,YCR077C,0,3.2323728,0.8067010045051575,0.9361914396286011,0.022506751120090485
YJL033W,YKR009C,0,3.229137,0.8060085773468018,0.9361914396286011,0.022606782615184784
YPL193W,YLR448W,1,3.2195725,0.8061749339103699,0.937188446521759,0.022606782615184784
YER036C,YPL090C,0,3.2187438,0.8054841756820679,0.937188446521759,0.022706812247633934
YML106W,YJR068W,0,3.2140827,0.8047945499420166,0.937188446521759,0.022806841880083084
YGL210W,YML074C,0,3.195591,0.8041060566902161,0.937188446521759,0.022906871512532234
YDR511W,YPL160W,0,3.18641,0.8034188151359558,0.937188446521759,0.023006901144981384
YNL292W,YLR074C,0,3.1793938,0.8027327060699463,0.937188446521759,0.023106932640075684
YPL090C,YOL072W,0,3.1392121,0.8020477890968323,0.937188446521759,0.023206962272524834
YJL033W,YLR204W,0,3.138205,0.801364004611969,0.937188446521759,0.023306991904973984
YMR080C,YKL156W,0,3.132371,0.8006814122200012,0.937188446521759,0.023407021537423134
YNL163C,YFL002C,1,3.1300306,0.800851047039032,0.938185453414917,0.023407021537423134
YKL082C,YDR060W,1,3.1158147,0.8010203838348389,0.939182460308075,0.023407021537423134
YFL002C,YOR150W,1,3.110836,0.8011894822120667,0.9401794672012329,0.023407021537423134
YGR220C,YLR357W,0,3.0934863,0.8005093336105347,0.9401794672012329,0.023507053032517433
YKL181W,YGR220C,0,3.089006,0.7998303771018982,0.9401794672012329,0.023607082664966583
YLR106C,YHR085W,1,3.0853028,0.800000011920929,0.9411764740943909,0.023607082664966583
YBR142W,YLR357W,0,3.0609035,0.7993226051330566,0.9411764740943909,0.023707112297415733
YNL227C,YDR060W,1,3.059764,0.799492359161377,0.9421734809875488,0.023707112297415733
YER025W,YJL008C,0,3.059071,0.7988165616989136,0.9421734809875488,0.023807141929864883
YDL006W,YLL011W,0,3.0532293,0.7981418967247009,0.9421734809875488,0.023907171562314034
YER164W,YAL025C,0,3.0517793,0.797468364238739,0.9421734809875488,0.024007203057408333
YHR052W,YOR067C,0,3.0496879,0.7967959642410278,0.9421734809875488,0.024107232689857483
YHR021C,YNL149C,0,3.0491276,0.7961246967315674,0.9421734809875488,0.024207262322306633
YLL001W,YJL025W,0,3.0383449,0.7954545617103577,0.9421734809875488,0.024307291954755783
YJL148W,YOL109W,0,3.037023,0.7947855591773987,0.9421734809875488,0.024407321587204933
YBL078C,YDR074W,0,3.0330606,0.7941176295280457,0.9421734809875488,0.024507353082299232
YJL133W,YOR306C,0,3.0306978,0.7934508919715881,0.9421734809875488,0.024607382714748383
YMR233W,YGL106W,0,3.013805,0.7927852272987366,0.9421734809875488,0.024707412347197533
YJL125C,YER180C,0,3.0127144,0.7921206951141357,0.9421734809875488,0.024807441979646683
YGR220C,YOL127W,1,3.0023494,0.7922948002815247,0.9431704878807068,0.024807441979646683
YPR186C,YER126C,0,3.0018377,0.791631817817688,0.9431704878807068,0.024907471612095833
YHR013C,YKL024C,0,2.9939985,0.7909699082374573,0.9431704878807068,0.025007503107190132
YGL135W,YJR016C,0,2.9820461,0.7903091311454773,0.9431704878807068,0.025107532739639282
YER056C-A,YOL092W,0,2.9709744,0.7896494269371033,0.9431704878807068,0.025207562372088432
YDR329C,YIL145C,0,2.9668398,0.78899085521698,0.9431704878807068,0.025307592004537582
YBR156C,YJL190C,0,2.964962,0.7883333563804626,0.9431704878807068,0.025407621636986732
YGL232W,YDR299W,0,2.9638987,0.7876769304275513,0.9431704878807068,0.025507653132081032
YOR063W,YOR306C,0,2.9571953,0.7870216369628906,0.9431704878807068,0.025607682764530182
YJL133W,YBR122C,0,2.953217,0.7863674163818359,0.9431704878807068,0.025707712396979332
YGR234W,YAL025C,0,2.9463296,0.7857142686843872,0.9431704878807068,0.025807742029428482
YDL033C,YBR084W,0,2.93462,0.7850622534751892,0.9431704878807068,0.025907771661877632
YNL149C,YAL025C,0,2.9265065,0.7844112515449524,0.9431704878807068,0.02600780315697193
YML060W,YHR036W,0,2.893496,0.7837613821029663,0.9431704878807068,0.02610783278942108
YGR245C,YDR060W,1,2.87226,0.7839403748512268,0.9441674947738647,0.02610783278942108
YLR439W,YIL125W,0,2.8709006,0.7832919955253601,0.9441674947738647,0.02620786242187023
YNL301C,YOL123W,0,2.8671327,0.7826446294784546,0.9441674947738647,0.02630789205431938
YJR068W,YGR200C,0,2.8626585,0.781998336315155,0.9441674947738647,0.026407921686768532
YNL061W,YOR332W,0,2.8609767,0.7813531160354614,0.9441674947738647,0.02650795318186283
YDR312W,YLR403W,0,2.8598623,0.7807089686393738,0.9441674947738647,0.02660798281431198
YGR106C,YKL181W,0,2.850789,0.7800658941268921,0.9441674947738647,0.02670801244676113
YGR159C,YIL145C,0,2.8355684,0.7794238924980164,0.9441674947738647,0.02680804207921028
YPL220W,YKL212W,0,2.820498,0.7787829041481018,0.9441674947738647,0.02690807171165943
YDR299W,YLR120C,0,2.8128242,0.7781429886817932,0.9441674947738647,0.02700810320675373
YHR021C,YDL184C,0,2.8086996,0.7775040864944458,0.9441674947738647,0.02710813283920288
YBR291C,YGL253W,0,2.7959304,0.7768662571907043,0.9441674947738647,0.02720816247165203
YPL143W,YLL022C,0,2.7916765,0.7762295007705688,0.9441674947738647,0.02730819210410118
YIL090W,YDL060W,0,2.7836676,0.7755937576293945,0.9441674947738647,0.02740822173655033
YIR012W,YOR150W,1,2.7709942,0.7757773995399475,0.9451645016670227,0.02740822173655033
YOR182C,YHR167W,0,2.7558718,0.7751430869102478,0.9451645016670227,0.02750825323164463
YOR061W,YBR084W,0,2.7547297,0.7745097875595093,0.9451645016670227,0.02760828286409378
YPL060W,YNL119W,0,2.7421799,0.7738775610923767,0.9451645016670227,0.02770831249654293
YER086W,YGR061C,0,2.741537,0.7732463479042053,0.9451645016670227,0.02780834212899208
YML073C,YGR220C,1,2.7293496,0.773431122303009,0.9461615085601807,0.02780834212899208
YDL166C,YBR030W,0,2.7210145,0.7728012800216675,0.9461615085601807,0.02790837176144123
YML129C,YML074C,0,2.7207866,0.7721725106239319,0.9461615085601807,0.02800840325653553
YOR167C,YBL082C,0,2.7127104,0.7715446949005127,0.9461615085601807,0.02810843288898468
YHR021C,YDR279W,0,2.6978383,0.7709179520606995,0.9461615085601807,0.02820846252143383
YML025C,YOR063W,1,2.682259,0.7711039185523987,0.9471585154533386,0.02820846252143383
YLL011W,YGR106C,0,2.667653,0.7704784870147705,0.9471585154533386,0.02830849215388298
YOR063W,YPL186C,0,2.6655083,0.7698541283607483,0.9471585154533386,0.02840852178633213
YML077W,YNL149C,0,2.6465764,0.7692307829856873,0.9471585154533386,0.02850855328142643
YNL162W,YNL217W,0,2.646402,0.7686083912849426,0.9471585154533386,0.02860858291387558
YBR084W,YOR386W,0,2.6383734,0.767987072467804,0.9471585154533386,0.02870861254632473
YKL156W,YPL157W,0,2.6381516,0.7673667073249817,0.9471585154533386,0.02880864217877388
YPR186C,YLR441C,0,2.6341596,0.7667473554611206,0.9471585154533386,0.02890867181122303
YDR312W,YOR069W,0,2.6338472,0.7661290168762207,0.9471585154533386,0.02900870330631733
YPR048W,YJL198W,0,2.6335888,0.765511691570282,0.9471585154533386,0.02910873293876648
YDR071C,YNL151C,0,2.6320372,0.7648953199386597,0.9471585154533386,0.02920876257121563
YDL137W,YMR184W,0,2.6167617,0.7642799615859985,0.9471585154533386,0.02930879220366478
YOR167C,YIL145C,0,2.6096826,0.7636656165122986,0.9471585154533386,0.02940882183611393
YLL011W,YIL124W,0,2.6081533,0.763052225112915,0.9471585154533386,0.02950885333120823
YLL001W,YLL035W,0,2.6069293,0.7624397873878479,0.9471585154533386,0.02960888296365738
YDR120C,YOR217W,0,2.6040368,0.7618283629417419,0.9471585154533386,0.02970891259610653
YJR097W,YOR075W,0,2.6022081,0.7612179517745972,0.9471585154533386,0.02980894222855568
YML025C,YER126C,1,2.594037,0.7614091038703918,0.9481555223464966,0.02980894222855568
YGL211W,YIL078W,0,2.5824351,0.7608000040054321,0.9481555223464966,0.02990897186100483
YDR050C,YMR211W,0,2.5778418,0.7601918578147888,0.9481555223464966,0.03000900335609913
YNL292W,YJL008C,0,2.5710654,0.7595846652984619,0.9481555223464966,0.03010903298854828
YJR097W,YML074C,0,2.5505018,0.7589784264564514,0.9481555223464966,0.03020906262099743
YBL090W,YGR116W,0,2.5369802,0.7583732008934021,0.9481555223464966,0.03030909225344658
YBR122C,YKL024C,0,2.5340629,0.7577689290046692,0.9481555223464966,0.03040912188589573
YGL253W,YBR185C,0,2.5333877,0.7571656107902527,0.9481555223464966,0.03050915338099003
YJL190C,YGR218W,0,2.5107784,0.7565632462501526,0.9481555223464966,0.03060918301343918
YNL227C,YLR075W,1,2.5066085,0.7567567825317383,0.9491525292396545,0.03060918301343918
YNR040W,YHR117W,0,2.5061173,0.7561556696891785,0.9491525292396545,0.03070921264588833
YMR233W,YLR286C,0,2.5060143,0.7555555701255798,0.9491525292396545,0.03080924227833748
YOR182C,YMR012W,0,2.5053096,0.7549563646316528,0.9491525292396545,0.03090927191078663
YOR075W,YHR081W,0,2.4877067,0.754358172416687,0.9491525292396545,0.031009303405880928
YDL204W,YDL184C,0,2.457924,0.7537608742713928,0.9491525292396545,0.031109333038330078
YMR023C,YDR088C,0,2.4542274,0.753164529800415,0.9491525292396545,0.031209362670779228
YOL120C,YBL069W,0,2.445815,0.7525691986083984,0.9491525292396545,0.03130939230322838
YJL133W,YGL031C,0,2.4347425,0.7519747018814087,0.9491525292396545,0.03140942379832268
YHR089C,YDL030W,0,2.4290824,0.7513812184333801,0.9491525292396545,0.03150945156812668
YDR347W,YLR204W,0,2.4286141,0.7507886290550232,0.9491525292396545,0.03160948306322098
YLL009C,YIL078W,0,2.4219975,0.7501969933509827,0.9491525292396545,0.03170951455831528
YGR220C,YPR102C,1,2.42134,0.7503936886787415,0.9501495361328125,0.03170951455831528
YLR008C,YPL143W,0,2.4172502,0.7498033046722412,0.9501495361328125,0.03180954232811928
YCR072C,YDR115W,0,2.4156575,0.7492138147354126,0.9501495361328125,0.03190957382321358
YLR172C,YLR221C,0,2.415125,0.7486252784729004,0.9501495361328125,0.03200960159301758
YGR220C,YJL122W,1,2.4145217,0.7488226294517517,0.9511465430259705,0.03200960159301758
YNL227C,YOL109W,0,2.4134336,0.748235285282135,0.9511465430259705,0.03210963308811188
YKL154W,YGR158C,0,2.4071074,0.7476488947868347,0.9511465430259705,0.03220966458320618
YML025C,YDL031W,1,2.4016733,0.7478465437889099,0.9521435499191284,0.03220966458320618
YNL061W,YGR001C,0,2.380005,0.7472613453865051,0.9521435499191284,0.03230969235301018
YDL137W,YGR008C,0,2.3508334,0.7466771006584167,0.9521435499191284,0.03240972384810448
YNR001C,YOL077C,0,2.349607,0.74609375,0.9521435499191284,0.03250975161790848
YIL093C,YBR267W,0,2.346056,0.7455112934112549,0.9521435499191284,0.03260978311300278
YBR291C,YNL301C,0,2.3430042,0.7449297904968262,0.9521435499191284,0.032709814608097076
YER148W,YLR287C-A,0,2.3425922,0.7443491816520691,0.9521435499191284,0.03280984237790108
YPL060W,YGL147C,0,2.324057,0.7437694668769836,0.9521435499191284,0.03290987387299538
YJL136C,YJL025W,0,2.3044534,0.7431906461715698,0.9521435499191284,0.03300990164279938
YOL077C,YGR075C,0,2.3011098,0.7426127791404724,0.9521435499191284,0.03310993313789368
YKL011C,YDL075W,0,2.2826939,0.7420357465744019,0.9521435499191284,0.033209964632987976
YGL211W,YOL120C,0,2.2796636,0.7414596080780029,0.9521435499191284,0.03330999240279198
YDL099W,YDR101C,0,2.2777767,0.7408844232559204,0.9521435499191284,0.033410023897886276
YOL077C,YJR089W,0,2.2763085,0.7403100728988647,0.9521435499191284,0.03351005166769028
YGR220C,YOL080C,1,2.2686872,0.7405112385749817,0.9531405568122864,0.03351005166769028
YJL125C,YDR297W,0,2.2630491,0.7399380803108215,0.9531405568122864,0.033610083162784576
YLR106C,YFL002C,1,2.260591,0.7401391863822937,0.9541375637054443,0.033610083162784576
YJR145C,YDR279W,0,2.2553592,0.739567220211029,0.9541375637054443,0.033710114657878876
YER086W,YBR267W,0,2.2525296,0.738996148109436,0.9541375637054443,0.03381014242768288
YOL077C,YER053C,0,2.2491307,0.7384259104728699,0.9541375637054443,0.033910173922777176
YPL220W,YGL040C,0,2.2375069,0.7378565669059753,0.9541375637054443,0.03401020169258118
YFR001W,YOR150W,1,2.235774,0.7380585670471191,0.9551345705986023,0.03401020169258118
YOL071W,YGR158C,0,2.23342,0.7374903559684753,0.9551345705986023,0.034110233187675476
YMR312W,YJL109C,0,2.21069,0.736923098564148,0.9551345705986023,0.034210264682769775
YGL135W,YJL133W,0,2.204978,0.7363566756248474,0.9551345705986023,0.034310292452573776
YGL137W,YDR224C,0,2.1992755,0.7357910871505737,0.9551345705986023,0.034410323947668076
YPR073C,YBR012W-B,0,2.1972208,0.7352263927459717,0.9551345705986023,0.034510351717472076
YER126C,YBL010C,0,2.1858392,0.7346625924110413,0.9551345705986023,0.034610383212566376
YNL162W,YML060W,0,2.1771984,0.7340996265411377,0.9551345705986023,0.034710414707660675
YML106W,YIL078W,0,2.1761909,0.733537495136261,0.9551345705986023,0.034810442477464676
YIL070C,YLL011W,0,2.171011,0.7329762578010559,0.9551345705986023,0.034910473972558975
YDR032C,YML009C,0,2.169115,0.7324159145355225,0.9551345705986023,0.035010501742362976
YLR134W,YDL060W,0,2.1624718,0.7318564057350159,0.9551345705986023,0.035110533237457275
YGR101W,YER091C,0,2.1567645,0.7312977313995361,0.9551345705986023,0.035210564732551575
YDR312W,YCR028C,0,2.1527991,0.7307398915290833,0.9551345705986023,0.035310592502355576
YBL017C,YPR016C,0,2.15203,0.730182945728302,0.9551345705986023,0.035410623997449875
YLR096W,YDL051W,0,2.1464562,0.7296268343925476,0.9551345705986023,0.035510651767253876
YJL125C,YGL155W,0,2.1443224,0.7290715575218201,0.9551345705986023,0.035610683262348175
YML025C,YOL144W,1,2.1427174,0.7292775511741638,0.9561315774917603,0.035610683262348175
YOR167C,YDL043C,0,2.1402116,0.728723406791687,0.9561315774917603,0.035710714757442474
YJL025W,YOR217W,0,2.1334944,0.7281700968742371,0.9561315774917603,0.035810742527246475
YLR106C,YLR022C,1,2.1334233,0.7283763289451599,0.9571285843849182,0.035810742527246475
YNL061W,YDR298C,0,2.130114,0.7278240919113159,0.9571285843849182,0.035910774022340775
YAL041W,YDL075W,0,2.1198206,0.7272727489471436,0.9571285843849182,0.036010801792144775
YGR106C,YDR447C,0,2.103557,0.7267221808433533,0.9571285843849182,0.036110833287239075
YGL213C,YOR063W,0,2.0889816,0.7261724472045898,0.9571285843849182,0.036210864782333374
YGR200C,YOR217W,0,2.084993,0.725623607635498,0.9571285843849182,0.036310892552137375
YJR139C,YDL099W,0,2.0764217,0.7250755429267883,0.9571285843849182,0.036410924047231674
YCR072C,YNL185C,0,2.0748062,0.7245283126831055,0.9571285843849182,0.036510951817035675
YLL009C,YOL120C,0,2.0712423,0.7239819169044495,0.9571285843849182,0.036610983312129974
YMR229C,YGR220C,1,2.0704827,0.7241898775100708,0.958125650882721,0.036610983312129974
YHR023W,YML063W,0,2.06984,0.7236445546150208,0.958125650882721,0.036711014807224274
YLR106C,YDR312W,1,2.0665512,0.7238525152206421,0.9591226577758789,0.036711014807224274
YMR043W,YMR051C,0,2.0662432,0.723308265209198,0.9591226577758789,0.036811042577028275
YDR312W,YMR004W,0,2.0659356,0.7227648496627808,0.9591226577758789,0.036911074072122574
YLR014C,YJL189W,0,2.0611515,0.7222222089767456,0.9591226577758789,0.037011101841926575
YMR292W,YDR120C,0,2.0570993,0.7216804027557373,0.9591226577758789,0.037111133337020874
YJL033W,YFL036W,0,2.0568285,0.7211394309997559,0.9591226577758789,0.03721116483211517
YDR329C,YJL148W,0,2.04627,0.7205992341041565,0.9591226577758789,0.037311192601919174
YGR220C,YKL014C,1,2.0454407,0.7208083868026733,0.9601196646690369,0.037311192601919174
YGR159C,YDR116C,0,2.0405083,0.7202692627906799,0.9601196646690369,0.037411224097013474
YOL127W,YNL227C,1,2.028709,0.7204782962799072,0.9611166715621948,0.037411224097013474
YNL185C,YBR009C,0,2.0203576,0.7199402451515198,0.9611166715621948,0.037511251866817474
YOL127W,YML043C,0,2.0174336,0.7194029688835144,0.9611166715621948,0.037611283361911774
YNL301C,YML077W,0,2.0105672,0.7188665270805359,0.9611166715621948,0.03771131485700607
YGL210W,YER147C,0,2.009428,0.7183308601379395,0.9611166715621948,0.037811342626810074
YFL004W,YOR096W,0,2.004785,0.7177959680557251,0.9611166715621948,0.03791137412190437
YPR102C,YNL189W,0,2.0006156,0.7172619104385376,0.9611166715621948,0.038011401891708374
YHR089C,YML042W,0,1.996761,0.7167286276817322,0.9611166715621948,0.03811143338680267
YJL080C,YJL109C,0,1.9953991,0.7161961197853088,0.9611166715621948,0.03821146488189697
YLR008C,YKL181W,0,1.9942034,0.7156644463539124,0.9611166715621948,0.038311492651700974
YGL232W,YDR418W,0,1.9919287,0.715133547782898,0.9611166715621948,0.03841152414679527
YPL226W,YOR332W,0,1.9913427,0.7146034240722656,0.9611166715621948,0.038511551916599274
YLR106C,YBR267W,1,1.982243,0.7148148417472839,0.9621136784553528,0.038511551916599274
YDR279W,YJL189W,0,1.9763786,0.7142857313156128,0.9621136784553528,0.03861158341169357
YPL143W,YMR223W,0,1.9628948,0.7137573957443237,0.9621136784553528,0.03871161490678787
YLR266C,YMR290C,0,1.9574605,0.7132298350334167,0.9621136784553528,0.03881164267659187
YLR357W,YNL096C,0,1.9532965,0.7127031087875366,0.9621136784553528,0.03891167417168617
YDL164C,YOL149W,0,1.9371947,0.7121770977973938,0.9621136784553528,0.03901170194149017
YGR220C,YDL031W,1,1.9359449,0.7123894095420837,0.9631106853485107,0.03901170194149017
YDR379W,YJL158C,0,1.9266788,0.7118644118309021,0.9631106853485107,0.03911173343658447
YML113W,YDR478W,0,1.9188138,0.7113401889801025,0.9631106853485107,0.03921176493167877
YGR088W,YDR536W,0,1.9184798,0.7108168005943298,0.9631106853485107,0.03931179270148277
YDR329C,YKL056C,0,1.916463,0.7102941274642944,0.9631106853485107,0.03941182419657707
YPR016C,YGL084C,0,1.9131895,0.7097722291946411,0.9631106853485107,0.03951185196638107
YDR279W,YOL120C,0,1.9074892,0.7092511057853699,0.9631106853485107,0.03961188346147537
YLR287C-A,YHR167W,0,1.8931357,0.7087307572364807,0.9631106853485107,0.03971191495656967
YNL163C,YOR150W,1,1.8906711,0.7089442610740662,0.9641076922416687,0.03971191495656967
YJR134C,YLR045C,0,1.8800963,0.7084249258041382,0.9641076922416687,0.03981194272637367
YDR224C,YOR233W,0,1.8755444,0.7079063057899475,0.9641076922416687,0.03991197422146797
YGR104C,YDL043C,0,1.8711954,0.7073884606361389,0.9641076922416687,0.04001200199127197
YDR299W,YOR066W,0,1.8654803,0.7068713307380676,0.9641076922416687,0.04011203348636627
YPL271W,YPR184W,0,1.8619994,0.7063549757003784,0.9641076922416687,0.04021206498146057
YIL093C,YOR067C,0,1.8584477,0.7058393955230713,0.9641076922416687,0.04031209275126457
YER082C,YJL080C,0,1.8547014,0.7053245902061462,0.9641076922416687,0.04041212424635887
YPL101W,YMR292W,0,1.8406934,0.7048105001449585,0.9641076922416687,0.04051215201616287
YJR022W,YHR044C,0,1.8361689,0.7042971849441528,0.9641076922416687,0.04061218351125717
YLR008C,YDR086C,0,1.8341068,0.7037845849990845,0.9641076922416687,0.04071221500635147
YDL031W,YOR150W,1,1.8309077,0.7039999961853027,0.9651046991348267,0.04071221500635147
YPR016C,YKL164C,0,1.8258575,0.7034883499145508,0.9651046991348267,0.04081224277615547
YBL039C,YDL110C,0,1.8078407,0.7029774785041809,0.9651046991348267,0.04091227427124977
YER110C,YBR009C,0,1.8068773,0.7024673223495483,0.9651046991348267,0.04101230204105377
YLR430W,YNL096C,0,1.8066343,0.7019579410552979,0.9651046991348267,0.04111233353614807
YOL077C,YOR127W,0,1.8046459,0.7014492750167847,0.9651046991348267,0.04121236503124237
YDR341C,YGR086C,0,1.8040317,0.7009413242340088,0.9651046991348267,0.04131239280104637
YIL093C,YHR010W,0,1.7970277,0.700434148311615,0.9651046991348267,0.04141242429614067
YMR290C,YBR055C,0,1.7796425,0.6999276876449585,0.9651046991348267,0.04151245206594467
YGR220C,YPL131W,1,1.7792467,0.7001445293426514,0.9661017060279846,0.04151245206594467
YKL004W,YDL043C,0,1.7716154,0.6996389627456665,0.9661017060279846,0.04161248356103897
YNR050C,YER126C,0,1.7695354,0.6991341710090637,0.9661017060279846,0.04171251505613327
YMR217W,YLR186W,0,1.76832,0.698630154132843,0.9661017060279846,0.04181254282593727
YMR070W,YLR276C,0,1.7592897,0.6981267929077148,0.9661017060279846,0.04191257432103157
YMR080C,YHR010W,0,1.75428,0.6976242065429688,0.9661017060279846,0.04201260209083557
YGL137W,YDR447C,0,1.7511691,0.6971222758293152,0.9661017060279846,0.04211263358592987
YOR067C,YKL056C,0,1.7493107,0.6966211199760437,0.9661017060279846,0.04221266508102417
YBR237W,YBR142W,0,1.7484157,0.6961206793785095,0.9661017060279846,0.04231269285082817
YHR046C,YNL301C,0,1.7477442,0.6956209540367126,0.9661017060279846,0.04241272434592247
YLR048W,YEL061C,0,1.7424359,0.6951219439506531,0.9661017060279846,0.04251275211572647
YPL157W,YDR510W,0,1.740558,0.6946236491203308,0.9661017060279846,0.04261278361082077
YNL110C,YGR220C,1,1.7376715,0.6948423981666565,0.9670987129211426,0.04261278361082077
YIL070C,YHR099W,0,1.734175,0.6943449974060059,0.9670987129211426,0.04271281510591507
YDR379W,YNL096C,0,1.7304286,0.6938483715057373,0.9670987129211426,0.04281284287571907
YML025C,YKL014C,1,1.7137492,0.6940671801567078,0.9680957198143005,0.04281284287571907
YMR290C,YBL020W,0,1.7128696,0.6935714483261108,0.9680957198143005,0.04291287437081337
YOL092W,YLR430W,0,1.7091948,0.6930763721466064,0.9680957198143005,0.04301290214061737
YPR048W,YGL120C,0,1.7088816,0.6925820112228394,0.9680957198143005,0.04311293363571167
YGL173C,YPL226W,0,1.707434,0.6920883655548096,0.9680957198143005,0.04321296513080597
YNL308C,YBL069W,0,1.7027415,0.6915954351425171,0.9680957198143005,0.04331299290060997
YMR142C,YGL211W,0,1.7005862,0.6911032199859619,0.9680957198143005,0.04341302439570427
YNL185C,YDR047W,0,1.6965687,0.6906116604804993,0.9680957198143005,0.04351305216550827
YOR151C,YGR200C,0,1.692147,0.6901208162307739,0.9680957198143005,0.04361308366060257
YHR089C,YMR289W,0,1.6882846,0.6896306872367859,0.9680957198143005,0.04371311515569687
YFR015C,YJL189W,0,1.6876985,0.6891412138938904,0.9680957198143005,0.04381314292550087
YMR142C,YER114C,0,1.6847768,0.6886524558067322,0.9680957198143005,0.04391317442059517
YOL125W,YDR362C,0,1.6839206,0.6881644129753113,0.9680957198143005,0.04401320219039917
YNL206C,YPR102C,0,1.6817602,0.6876770257949829,0.9680957198143005,0.04411323368549347
YNL112W,YLR438C-A,0,1.6744095,0.6871903538703918,0.9680957198143005,0.04421326518058777
YIL109C,YCR077C,0,1.6741987,0.6867043972015381,0.9680957198143005,0.04431329295039177
YDL136W,YOR306C,0,1.659705,0.6862190961837769,0.9680957198143005,0.04441332444548607
YCR047C,YOR150W,0,1.6553855,0.6857344508171082,0.9680957198143005,0.04451335221529007
YPL111W,YNL268W,0,1.654441,0.6852505207061768,0.9680957198143005,0.04461338371038437
YCR096C,YHR052W,0,1.6508042,0.6847673058509827,0.9680957198143005,0.04471341520547867
YCL059C,YLR032W,0,1.648147,0.6842846870422363,0.9680957198143005,0.04481344297528267
YLR204W,YNR016C,0,1.6469744,0.6838028430938721,0.9680957198143005,0.04491347447037697
YDL006W,YNL227C,0,1.6424726,0.6833215951919556,0.9680957198143005,0.04501350224018097
YOR179C,YKL154W,0,1.6420664,0.6828410625457764,0.9680957198143005,0.04511353373527527
YMR128W,YNR001C,0,1.6411632,0.6823611855506897,0.9680957198143005,0.04521356523036957
YHR086W,YGR191W,0,1.6354886,0.6818820238113403,0.9680957198143005,0.04531359300017357
YOR174W,YKL183W,0,1.6348704,0.6814035177230835,0.9680957198143005,0.04541362449526787
YLR106C,YGR123C,0,1.6331348,0.6809256672859192,0.9680957198143005,0.04551365226507187
YKR038C,YLR427W,0,1.6266851,0.6804484724998474,0.9680957198143005,0.04561368376016617
YKL183W,YHR099W,0,1.6256739,0.6799719929695129,0.9680957198143005,0.04571371525526047
YMR233W,YGR054W,0,1.625121,0.679496169090271,0.9680957198143005,0.04581374302506447
YDL043C,YEL016C,0,1.614521,0.6790210008621216,0.9680957198143005,0.04591377452015877
YDL137W,YHR044C,0,1.613532,0.6785464882850647,0.9680957198143005,0.04601380228996277
YPL193W,YOR150W,1,1.6117076,0.6787709593772888,0.9690927267074585,0.04601380228996277
YNL185C,YJL097W,0,1.6072749,0.6782972812652588,0.9690927267074585,0.04611383378505707
YNL098C,YJL109C,0,1.6041589,0.6778242588043213,0.9690927267074585,0.04621386528015137
YDL019C,YPL026C,0,1.6020638,0.6773518919944763,0.9690927267074585,0.04631389304995537
YFR037C,YPL220W,0,1.5943285,0.6768802404403687,0.9690927267074585,0.04641392454504967
YBR087W,YPL060W,0,1.5924996,0.6764091849327087,0.9690927267074585,0.04651395604014397
YGR274C,YKL021C,0,1.5910949,0.6759387850761414,0.9690927267074585,0.04661398380994797
YJR145C,YDR322W,0,1.5904001,0.6754691004753113,0.9690927267074585,0.04671401530504227
YMR128W,YOL005C,0,1.5890237,0.675000011920929,0.9690927267074585,0.04681404307484627
YLR015W,YHR064C,0,1.5884513,0.6745315790176392,0.9690927267074585,0.04691407456994057
YER086W,YDR297W,0,1.586062,0.6740638017654419,0.9690927267074585,0.047014106065034866
YJR009C,YPR016C,0,1.5817515,0.6735966801643372,0.9690927267074585,0.04711413383483887
YML129C,YDR101C,0,1.5792073,0.673130214214325,0.9690927267074585,0.047214165329933167
YBR176W,YPL090C,0,1.5559752,0.6726643443107605,0.9690927267074585,0.04731419309973717
YKR059W,YOR233W,0,1.5410631,0.6721991896629333,0.9690927267074585,0.04741422459483147
YHR197W,YOR150W,1,1.5304364,0.6724256873130798,0.9700897336006165,0.04741422459483147
YPL060W,YPR016C,0,1.5277356,0.6719613075256348,0.9700897336006165,0.047514256089925766
YJL033W,YCL063W,0,1.5262184,0.6714975833892822,0.9700897336006165,0.04761428385972977
YHR089C,YDR128W,0,1.5172728,0.6710344552993774,0.9700897336006165,0.047714315354824066
YDL136W,YBL090W,0,1.5136181,0.67057204246521,0.9700897336006165,0.04781434312462807
YML025C,YGL120C,1,1.5092789,0.6707988977432251,0.9710867404937744,0.04781434312462807
YMR287C,YKL021C,0,1.507727,0.6703372597694397,0.9710867404937744,0.047914374619722366
YBL064C,YOL080C,0,1.506027,0.669876217842102,0.9710867404937744,0.048014406114816666
YEL021W,YNL151C,0,1.5019557,0.6694158315658569,0.9710867404937744,0.048114433884620667
YNL207W,YPR184W,0,1.5002337,0.6689560413360596,0.9710867404937744,0.048214465379714966
YOR151C,YDR177W,0,1.4847724,0.6684969067573547,0.9710867404937744,0.04831449314951897
YDL067C,YNL248C,0,1.4755743,0.6680384278297424,0.9710867404937744,0.048414524644613266
YDR358W,YDR436W,0,1.4592528,0.6675805449485779,0.9710867404937744,0.048514556139707565
YGR220C,YFL002C,1,1.4532412,0.6678082346916199,0.9720837473869324,0.048514556139707565
YPL271W,YOL071W,0,1.4525732,0.6673511266708374,0.9720837473869324,0.048614583909511566
YJR145C,YKR009C,0,1.4482344,0.6668946743011475,0.9720837473869324,0.048714615404605865
YER029C,YGL135W,0,1.4476725,0.6664388179779053,0.9720837473869324,0.048814643174409866
YHR010W,YOR092W,0,1.443268,0.6659836173057556,0.9720837473869324,0.048914674669504166
YBR122C,YOL080C,0,1.4334885,0.6655290126800537,0.9720837473869324,0.049014706164598465
YLR126C,YHR064C,0,1.4274207,0.6650750637054443,0.9720837473869324,0.049114733934402466
YOR288C,YHR052W,0,1.4151225,0.6646216511726379,0.9720837473869324,0.049214765429496765
YCL031C,YGR075C,0,1.4115614,0.6641689538955688,0.9720837473869324,0.049314793199300766
YER029C,YLR126C,0,1.4111371,0.6637167930603027,0.9720837473869324,0.049414824694395065
YFR001W,YGR220C,1,1.4045175,0.6639455556869507,0.9730807542800903,0.049414824694395065
YDL166C,YNL213C,0,1.3986017,0.6634942293167114,0.9730807542800903,0.049514856189489365
YJL033W,YLR078C,0,1.3935215,0.6630434989929199,0.9730807542800903,0.049614883959293365
YHR081W,YHR036W,0,1.392587,0.6625933647155762,0.9730807542800903,0.049714915454387665
YBR267W,YGR295C,0,1.3925627,0.6621438264846802,0.9730807542800903,0.049814943224191666
YBR158W,YNL151C,0,1.3912553,0.6616949439048767,0.9730807542800903,0.049914974719285965
YDR197W,YCL031C,0,1.3886591,0.6612465977668762,0.9730807542800903,0.050015006214380264
YDL195W,YOL120C,0,1.3774446,0.6607989072799683,0.9730807542800903,0.050115033984184265
YLR096W,YMR290C,0,1.3621389,0.6603518128395081,0.9730807542800903,0.050215065479278564
YGL120C,YHR092C,0,1.3567019,0.6599053144454956,0.9730807542800903,0.050315093249082565
YNL206C,YLR010C,0,1.3524756,0.6594594717025757,0.9730807542800903,0.050415124744176865
YGR220C,YNL163C,1,1.352338,0.6596894264221191,0.9740777611732483,0.050415124744176865
YGL232W,YLR448W,0,1.3470573,0.6592442393302917,0.9740777611732483,0.050515156239271164
YDL051W,YJR135C,0,1.3435177,0.6587997078895569,0.9740777611732483,0.050615184009075165
YMR128W,YBL082C,0,1.3423128,0.6583557724952698,0.9740777611732483,0.050715215504169464
YNL292W,YNR022C,0,1.3353411,0.6579124331474304,0.9740777611732483,0.050815243273973465
YJR145C,YER180C,0,1.3329262,0.6574696898460388,0.9740777611732483,0.050915274769067764
YNR050C,YGR061C,0,1.3225342,0.657027542591095,0.9740777611732483,0.051015306264162064
YDL043C,YLR139C,0,1.3220651,0.6565860509872437,0.9740777611732483,0.051115334033966064
YGL229C,YBR214W,0,1.3152676,0.6561450362205505,0.9740777611732483,0.051215365529060364
YNL207W,YDL192W,0,1.3025209,0.65570467710495,0.9740777611732483,0.051315393298864365
YMR080C,YML009C,0,1.3013386,0.6552649140357971,0.9740777611732483,0.051415424793958664
YDR096W,YNL098C,0,1.2965728,0.654825747013092,0.9740777611732483,0.05151545628905296
YHR215W,YGR124W,0,1.2860786,0.6543871164321899,0.9740777611732483,0.051615484058856964
YOR143C,YER082C,0,1.2848381,0.6539491415023804,0.9740777611732483,0.05171551555395126
YHR052W,YOR127W,0,1.2835867,0.6535117030143738,0.9740777611732483,0.051815543323755264
YLR142W,YOR044W,0,1.281872,0.6530748605728149,0.9740777611732483,0.051915574818849564
YPL068C,YMR285C,0,1.2697958,0.6526386141777039,0.9740777611732483,0.05201560631394386
YOR369C,YPR042C,0,1.2681134,0.6522029638290405,0.9740777611732483,0.052115634083747864
YLR106C,YGL246C,1,1.2673638,0.6524349451065063,0.9750747680664062,0.052115634083747864
YHR089C,YER045C,0,1.2646315,0.6520000100135803,0.9750747680664062,0.05221566557884216
YGL232W,YDR050C,0,1.2621324,0.6515656113624573,0.9750747680664062,0.052315693348646164
YPR132W,YDL056W,0,1.261947,0.651131808757782,0.9750747680664062,0.05241572484374046
YFL037W,YOL149W,0,1.2591037,0.6506986021995544,0.9750747680664062,0.05251575633883476
YMR287C,YOR151C,0,1.2576888,0.6502659320831299,0.9750747680664062,0.05261578410863876
YDL108W,YJL109C,0,1.256932,0.6498338580131531,0.9750747680664062,0.05271581560373306
YCL059C,YIL039W,0,1.2506802,0.649402379989624,0.9750747680664062,0.052815843373537064
YDR447C,YGL155W,0,1.247239,0.648971438407898,0.9750747680664062,0.05291587486863136
YBR001C,YML063W,0,1.2466797,0.6485410928726196,0.9750747680664062,0.05301590636372566
YOR096W,YMR051C,0,1.2415007,0.6481113433837891,0.9750747680664062,0.05311593413352966
YMR235C,YPL157W,0,1.2406813,0.6476821303367615,0.9750747680664062,0.05321596562862396
YDR060W,YBL082C,0,1.2395281,0.6472534537315369,0.9750747680664062,0.05331599339842796
YIL109C,YMR045C,0,1.2360603,0.64682537317276,0.9750747680664062,0.05341602489352226
YPR166C,YKL181W,0,1.2347616,0.6463978886604309,0.9750747680664062,0.05351605638861656
YIL109C,YNL061W,0,1.2308842,0.6459709405899048,0.9750747680664062,0.05361608415842056
YKR094C,YJL025W,0,1.216774,0.6455445289611816,0.9750747680664062,0.05371611565351486
YBR214W,YHR129C,0,1.21057,0.6451187133789062,0.9750747680664062,0.05381614342331886
YER131W,YKR058W,0,1.2045711,0.6446934938430786,0.9750747680664062,0.05391617491841316
YDL229W,YAL023C,0,1.2018265,0.6442687511444092,0.9750747680664062,0.05401620641350746
YDR329C,YPL143W,0,1.1952287,0.6438446640968323,0.9750747680664062,0.05411623418331146
YOR182C,YGR063C,0,1.1918235,0.6434210538864136,0.9750747680664062,0.05421626567840576
YML025C,YNR038W,1,1.1902798,0.6436554789543152,0.9760717749595642,0.05421626567840576
YGR076C,YOR067C,0,1.1801065,0.6432325839996338,0.9760717749595642,0.05431629344820976
YLR373C,YDL051W,0,1.1792316,0.6428102254867554,0.9760717749595642,0.05441632494330406
YGR159C,YKL011C,0,1.1739395,0.6423884630203247,0.9760717749595642,0.05451635643839836
YJR009C,YGL120C,0,1.17082,0.641967236995697,0.9760717749595642,0.05461638420820236
YGR218W,YDL082W,0,1.1650792,0.6415465474128723,0.9760717749595642,0.05471641570329666
YNR040W,YJL008C,0,1.1622106,0.6411263942718506,0.9760717749595642,0.05481644347310066
YMR290C,YDR224C,0,1.1602184,0.6407067775726318,0.9760717749595642,0.05491647496819496
YJL033W,YLR439W,0,1.158065,0.6402877569198608,0.9760717749595642,0.05501650646328926
YIR012W,YOL127W,1,1.1563207,0.6405228972434998,0.9770687818527222,0.05501650646328926
YOR308C,YIR012W,0,1.1539215,0.6401045322418213,0.9770687818527222,0.05511653423309326
YBR092C,YBL039C,0,1.1528746,0.6396867036819458,0.9770687818527222,0.05521656572818756
YNL185C,YLR357W,0,1.1504928,0.6392694115638733,0.9770687818527222,0.05531659349799156
YKL011C,YPL143W,0,1.1497418,0.6388526558876038,0.9770687818527222,0.05541662499308586
YPR073C,YDL008W,0,1.1432227,0.638436496257782,0.9770687818527222,0.05551665648818016
YOR063W,YIL125W,0,1.137824,0.6380208134651184,0.9770687818527222,0.05561668425798416
YLR204W,YNL129W,0,1.1339728,0.6376057267189026,0.9770687818527222,0.05571671575307846
YLR090W,YPR132W,0,1.1314753,0.6371911764144897,0.9770687818527222,0.05581674352288246
YER126C,YOR306C,0,1.1283303,0.6367771029472351,0.9770687818527222,0.05591677501797676
YOR179C,YPL090C,0,1.1263568,0.6363636255264282,0.9770687818527222,0.05601680651307106
YNL162W,YMR045C,0,1.1249441,0.6359506845474243,0.9770687818527222,0.05611683428287506
YDR440W,YER120W,0,1.1204122,0.6355382800102234,0.9770687818527222,0.05621686577796936
YOR315W,YCL031C,0,1.1190625,0.6351263523101807,0.9770687818527222,0.05631689354777336
YDR390C,YLL022C,0,1.1151716,0.6347150206565857,0.9770687818527222,0.05641692504286766
YDR139C,YMR051C,0,1.1148733,0.6343042254447937,0.9770687818527222,0.05651695653796196
YHR089C,YER173W,0,1.1141669,0.6338939070701599,0.9770687818527222,0.05661698430776596
YDL166C,YOR346W,0,1.1085861,0.6334841847419739,0.9770687818527222,0.05671701580286026
YPR041W,YGL106W,0,1.1075163,0.633074939250946,0.9770687818527222,0.05681704357266426
YLR357W,YGR061C,0,1.1039436,0.6326662302017212,0.9770687818527222,0.05691707506775856
YJR145C,YGR014W,0,1.1036679,0.6322580575942993,0.9770687818527222,0.05701710656285286
YIL101C,YDL110C,0,1.0934169,0.6318504214286804,0.9770687818527222,0.05711713433265686
YJR009C,YER030W,0,1.0874206,0.6314433217048645,0.9770687818527222,0.05721716582775116
YOR150W,YPR021C,0,1.0742315,0.6310366988182068,0.9770687818527222,0.05731719359755516
YMR142C,YER140W,0,1.0736054,0.630630612373352,0.9770687818527222,0.05741722509264946
YLR106C,YGR194C,0,1.0724734,0.6302250623703003,0.9770687818527222,0.05751725658774376
YKL183W,YBR009C,0,1.0686787,0.6298200488090515,0.9770687818527222,0.05761728435754776
YLR106C,YOR046C,0,1.065956,0.6294155716896057,0.9770687818527222,0.05771731585264206
YOR063W,YOR150W,1,1.0657133,0.6296533942222595,0.9780657887458801,0.05771731585264206
YNR020C,YOR369C,0,1.064193,0.6292495131492615,0.9780657887458801,0.05781734362244606
YKR038C,YPR118W,0,1.0618025,0.6288461685180664,0.9780657887458801,0.05791737511754036
YBL020W,YBL082C,0,1.0479876,0.6284433007240295,0.9780657887458801,0.05801740661263466
YPL123C,YNL115C,0,1.0464016,0.6280409693717957,0.9780657887458801,0.05811743438243866
YLR172C,YJL025W,0,1.0447003,0.6276391744613647,0.9780657887458801,0.05821746587753296
YEL054C,YFR015C,0,1.044438,0.627237856388092,0.9780657887458801,0.05831749364733696
YER099C,YNL191W,0,1.0383886,0.6268370747566223,0.9780657887458801,0.05841752514243126
YDR177W,YDR390C,0,1.0315012,0.6264367699623108,0.9780657887458801,0.05851755663752556
YBR123C,YER126C,0,1.027932,0.6260370016098022,0.9780657887458801,0.05861758440732956
YLR448W,YER030W,0,1.0268556,0.6256377696990967,0.9780657887458801,0.05871761590242386
YDL056W,YDR117C,0,1.0208975,0.6252390146255493,0.9780657887458801,0.05881764367222786
YGR159C,YBR164C,0,1.0207901,0.6248407363891602,0.9780657887458801,0.05891767516732216
YOR124C,YLR032W,0,1.0192162,0.6244430541992188,0.9780657887458801,0.05901770666241646
YGR158C,YKL116C,0,1.0189329,0.6240457892417908,0.9780657887458801,0.05911773443222046
YLR106C,YPR102C,1,1.0177306,0.6242848038673401,0.9790627956390381,0.05911773443222046
YOR143C,YKL024C,0,1.0167072,0.6238881945610046,0.9790627956390381,0.05921776592731476
YLR106C,YOR063W,1,1.0127512,0.6241269707679749,0.980059802532196,0.05921776592731476
YBL054W,YBR231C,0,1.007762,0.6237309575080872,0.980059802532196,0.05931779369711876
YER147C,YOR332W,0,1.0024196,0.6233354210853577,0.980059802532196,0.05941782519221306
YMR139W,YDR120C,0,1.000574,0.6229404211044312,0.980059802532196,0.05951785668730736
YDR495C,YGL031C,0,0.9855069,0.6225458979606628,0.980059802532196,0.05961788445711136
YLR008C,YLL011W,0,0.98519146,0.6221519112586975,0.980059802532196,0.05971791595220566
YDL075W,YEL016C,0,0.9801563,0.6217584013938904,0.980059802532196,0.05981794372200966
YGR162W,YLR327C,0,0.9731698,0.6213653683662415,0.980059802532196,0.05991797521710396
YMR142C,YBR058C,0,0.97282445,0.6209728121757507,0.980059802532196,0.06001800671219826
YBR214W,YBR185C,0,0.9713005,0.620580792427063,0.980059802532196,0.06011803448200226
YPL143W,YOR120W,0,0.9683591,0.6201892495155334,0.980059802532196,0.06021806597709656
YBR158W,YML009C,0,0.9681624,0.6197982430458069,0.980059802532196,0.06031809374690056
YHR046C,YBL078C,0,0.96724844,0.6194077134132385,0.980059802532196,0.06041812524199486
YFR005C,YNL188W,0,0.96364963,0.6190176606178284,0.980059802532196,0.06051815673708916
YER029C,YGR200C,0,0.9608563,0.6186280846595764,0.980059802532196,0.06061818450689316
YLR015W,YDR096W,0,0.9582839,0.6182389855384827,0.980059802532196,0.06071821600198746
YBR267W,YKL059C,0,0.9580941,0.6178504228591919,0.980059802532196,0.06081824377179146
YGL120C,YNL189W,0,0.9530752,0.6174623370170593,0.980059802532196,0.06091827526688576
YBR185C,YFL037W,0,0.94977856,0.617074728012085,0.980059802532196,0.06101830676198006
YOL117W,YHR064C,0,0.94846094,0.6166875958442688,0.980059802532196,0.06111833453178406
YJR009C,YKL154W,0,0.9482775,0.6163009405136108,0.980059802532196,0.06121836602687836
YDR448W,YER112W,0,0.94762075,0.6159147620201111,0.980059802532196,0.06131839379668236
YKL183W,YBL082C,0,0.94528353,0.6155291199684143,0.980059802532196,0.06141842529177666
YDR312W,YBR050C,0,0.9425608,0.6151439547538757,0.980059802532196,0.061518456786870956
YBR087W,YML063W,0,0.9388422,0.6147592067718506,0.980059802532196,0.06161848455667496
YGL090W,YOL077C,0,0.9319793,0.6143749952316284,0.980059802532196,0.06171851605176926
YDR050C,YBL057C,0,0.9283911,0.6139912605285645,0.980059802532196,0.06181854382157326
YML094W,YHR215W,0,0.9275309,0.6136080026626587,0.980059802532196,0.06191857531666756
YMR128W,YER120W,0,0.9174086,0.6132252216339111,0.980059802532196,0.062018606811761856
YDR312W,YDR056C,0,0.9099047,0.6128429174423218,0.980059802532196,0.06211863458156586
YMR098C,YOL080C,0,0.9097327,0.6124610304832458,0.980059802532196,0.062218666076660156
YNL001W,YBR283C,0,0.90717053,0.6120796799659729,0.980059802532196,0.06231869384646416
YEL054C,YEL017C-A,0,0.9069767,0.6116988062858582,0.980059802532196,0.062418725341558456
YDL164C,YOR046C,0,0.89762616,0.6113184094429016,0.980059802532196,0.06251875311136246
YGR220C,YDR060W,1,0.8965243,0.6115599870681763,0.981056809425354,0.06251875311136246
YFR037C,YHR089C,0,0.8923001,0.6111801266670227,0.981056809425354,0.06261878460645676
YDL137W,YBR231C,0,0.8862611,0.6108007431030273,0.981056809425354,0.06271881610155106
YOR096W,YLR212C,0,0.8782972,0.6104218363761902,0.981056809425354,0.06281884759664536
YJL136C,YDR115W,0,0.877113,0.6100434064865112,0.981056809425354,0.06291887909173965
YJR097W,YBR283C,0,0.8755642,0.6096654534339905,0.981056809425354,0.06301890313625336
YML043C,YJR135C,0,0.87553084,0.6092879176139832,0.981056809425354,0.06311893463134766
YGL095C,YJL025W,0,0.8715991,0.6089109182357788,0.981056809425354,0.06321896612644196
YML091C,YJL025W,0,0.87154365,0.6085343360900879,0.981056809425354,0.06331899762153625
YER095W,YPL154C,0,0.86283743,0.6081582307815552,0.981056809425354,0.06341902911663055
YKR094C,YDR368W,0,0.8515763,0.6077826023101807,0.981056809425354,0.06351905316114426
YOR120W,YNL015W,0,0.850695,0.6074073910713196,0.981056809425354,0.06361908465623856
YPR048W,YOL139C,0,0.8506435,0.6070327162742615,0.981056809425354,0.06371911615133286
YOR201C,YPL226W,0,0.83752096,0.6066584587097168,0.981056809425354,0.06381914764642715
YJR134C,YBL021C,0,0.82978976,0.6062846779823303,0.981056809425354,0.06391917914152145
YGL120C,YBR156C,0,0.82315326,0.6059113144874573,0.981056809425354,0.06401920318603516
YOR167C,YDR134C,0,0.8218583,0.6055384874343872,0.981056809425354,0.06411923468112946
YMR314W,YGR062C,0,0.8181133,0.6051660776138306,0.981056809425354,0.06421926617622375
YGR159C,YHR153C,0,0.8160082,0.6047940850257874,0.981056809425354,0.06431929767131805
YDL130W,YJL025W,0,0.8159095,0.6044226288795471,0.981056809425354,0.06441932916641235
YPL051W,YKL179C,0,0.81358075,0.6040515899658203,0.981056809425354,0.06451935321092606
YCR094W,YHR010W,0,0.8120526,0.6036809682846069,0.981056809425354,0.06461938470602036
YIL115C,YBR142W,0,0.8100101,0.6033108234405518,0.981056809425354,0.06471941620111465
YGL090W,YGR063C,0,0.80774605,0.6029411554336548,0.981056809425354,0.06481944769620895
YDR022C,YNR040W,0,0.80600274,0.602571964263916,0.981056809425354,0.06491947919130325
YMR045C,YNL096C,0,0.802678,0.6022031903266907,0.981056809425354,0.06501950323581696
YNL248C,YOR346W,0,0.79950714,0.6018348336219788,0.981056809425354,0.06511953473091125
YPL144W,YOR063W,0,0.79904866,0.6014670133590698,0.981056809425354,0.06521956622600555
YHL032C,YKL021C,0,0.79815054,0.6010995507240295,0.981056809425354,0.06531959772109985
YJR025C,YNL166C,0,0.79540896,0.6007326245307922,0.981056809425354,0.06541962921619415
YKL024C,YOL080C,0,0.79493594,0.6003660559654236,0.981056809425354,0.06551965326070786
YJL153C,YOL092W,0,0.7930043,0.6000000238418579,0.981056809425354,0.06561968475580215
YKL156W,YJR016C,0,0.7877053,0.5996343493461609,0.981056809425354,0.06571971625089645
YLR090W,YOL140W,0,0.7873013,0.5992692112922668,0.981056809425354,0.06581974774599075
YIL172C,YDR012W,0,0.78690994,0.5989044308662415,0.981056809425354,0.06591977924108505
YDR481C,YER087C-A,0,0.78591347,0.5985401272773743,0.981056809425354,0.06601980328559875
YOR063W,YMR056C,0,0.7827815,0.5981763005256653,0.981056809425354,0.06611983478069305
YML074C,YJL158C,0,0.7753469,0.5978128910064697,0.981056809425354,0.06621986627578735
YOL071W,YCR053W,0,0.7730799,0.5974498987197876,0.981056809425354,0.06631989777088165
YNL001W,YOR217W,0,0.75719917,0.5970873832702637,0.981056809425354,0.06641992926597595
YML025C,YOL127W,1,0.74807924,0.597331702709198,0.982053816318512,0.06641992926597595
YJR075W,YGR162W,0,0.7464886,0.596969723701477,0.982053816318512,0.06651995331048965
YGL211W,YOL125W,0,0.74439853,0.5966081023216248,0.982053816318512,0.06661998480558395
YMR188C,YHR064C,0,0.7423222,0.5962469577789307,0.982053816318512,0.06672001630067825
YOR096W,YDR086C,0,0.73743063,0.5958862900733948,0.982053816318512,0.06682004779577255
YOL125W,YBR009C,0,0.7343756,0.5955259799957275,0.982053816318512,0.06692007929086685
YJR094W-A,YLR172C,0,0.73252696,0.5951661467552185,0.982053816318512,0.06702010333538055
YDL082W,YHR129C,0,0.7303753,0.5948067903518677,0.982053816318512,0.06712013483047485
YLR015W,YOL056W,0,0.72685736,0.5944477915763855,0.982053816318512,0.06722016632556915
YMR233W,YLL001W,0,0.7169845,0.5940892696380615,0.982053816318512,0.06732019782066345
YIR012W,YGR220C,1,0.7167841,0.5943339467048645,0.9830508232116699,0.06732019782066345
YPL157W,YDR115W,0,0.7153014,0.5939759016036987,0.9830508232116699,0.06742022931575775
YDR511W,YNR007C,0,0.7151979,0.5936182737350464,0.9830508232116699,0.06752025336027145
YKL183W,YHR136C,0,0.7131648,0.5932611227035522,0.9830508232116699,0.06762028485536575
YDR299W,YJR059W,0,0.71251285,0.5929043889045715,0.9830508232116699,0.06772031635046005
YPL051W,YLR221C,0,0.70360076,0.5925480723381042,0.9830508232116699,0.06782034784555435
YDR531W,YGL253W,0,0.7018266,0.5921921730041504,0.9830508232116699,0.06792037934064865
YDL137W,YLR371W,0,0.6972883,0.5918367505073547,0.9830508232116699,0.06802040338516235
YEL015W,YLL050C,0,0.6916023,0.5914816856384277,0.9830508232116699,0.06812043488025665
YMR257C,YOL077C,0,0.69041985,0.5911270976066589,0.9830508232116699,0.06822046637535095
YOR386W,YKL056C,0,0.6903422,0.5907729268074036,0.9830508232116699,0.06832049787044525
YJL080C,YCR053W,0,0.6898051,0.5904191732406616,0.9830508232116699,0.06842052936553955
YDR533C,YDL051W,0,0.68975735,0.5900658369064331,0.9830508232116699,0.06852055341005325
YOR337W,YOL147C,0,0.68770534,0.589712917804718,0.9830508232116699,0.06862058490514755
YOR116C,YMR312W,0,0.6868461,0.5893604159355164,0.9830508232116699,0.06872061640024185
YJR110W,YPL220W,0,0.6849738,0.5890083909034729,0.9830508232116699,0.06882064789533615
YER027C,YNL151C,0,0.68415713,0.5886567234992981,0.9830508232116699,0.06892067939043045
YNL308C,YCR010C,0,0.6836062,0.5883054733276367,0.9830508232116699,0.06902070343494415
YDR440W,YDL008W,0,0.67878646,0.5879546999931335,0.9830508232116699,0.06912073493003845
YML129C,YDR487C,0,0.6744196,0.587604284286499,0.9830508232116699,0.06922076642513275
YOR201C,YNL149C,0,0.6656258,0.5872543454170227,0.9830508232116699,0.06932079792022705
YHR206W,YBL093C,0,0.6589658,0.586904764175415,0.9830508232116699,0.06942082941532135
YEL058W,YOR322C,0,0.6573441,0.5865556001663208,0.9830508232116699,0.06952085345983505
YJR009C,YML094W,0,0.6552708,0.5862069129943848,0.9830508232116699,0.06962088495492935
YBR267W,YOR150W,1,0.6528067,0.5864527821540833,0.9840478301048279,0.06962088495492935
YBL088C,YJL158C,0,0.65205014,0.5861045122146606,0.9840478301048279,0.06972091645002365
YFR003C,YBR251W,0,0.65155005,0.5857566595077515,0.9840478301048279,0.06982094794511795
YDR465C,YOR201C,0,0.6512488,0.5854092240333557,0.9840478301048279,0.06992097944021225
YPL220W,YML048W,0,0.6484372,0.5850622653961182,0.9840478301048279,0.07002100348472595
YBR286W,YIL124W,0,0.6469294,0.5847156643867493,0.9840478301048279,0.07012103497982025
YDR418W,YDR177W,0,0.6464419,0.584369421005249,0.9840478301048279,0.07022106647491455
YNR016C,YNR041C,0,0.64138687,0.584023654460907,0.9840478301048279,0.07032109797000885
YJL136C,YMR285C,0,0.63671374,0.5836783051490784,0.9840478301048279,0.07042112946510315
YNL292W,YMR188C,0,0.6355626,0.5833333134651184,0.9840478301048279,0.07052115350961685
YLR204W,YDR093W,0,0.6330228,0.5829887986183167,0.9840478301048279,0.07062118500471115
YNL291C,YNL112W,0,0.6316365,0.5826446413993835,0.9840478301048279,0.07072121649980545
YBR123C,YML074C,0,0.63131833,0.5823009014129639,0.9840478301048279,0.07082124799489975
YNL001W,YMR006C,0,0.624122,0.5819575190544128,0.9840478301048279,0.07092127948999405
YLL050C,YBR084W,0,0.620342,0.58161461353302,0.9840478301048279,0.07102130353450775
YJL080C,YBL082C,0,0.6190878,0.5812720656394958,0.9840478301048279,0.07112133502960205
YJL136C,YHR129C,0,0.61874753,0.5809299349784851,0.9840478301048279,0.07122136652469635
YMR233W,YMR071C,0,0.60442317,0.5805882215499878,0.9840478301048279,0.07132139801979065
YLR304C,YDR115W,0,0.6031897,0.5802469253540039,0.9840478301048279,0.07142142951488495
YER082C,YDR044W,0,0.6006597,0.5799059867858887,0.9840478301048279,0.07152145355939865
YMR307W,YER070W,0,0.60028577,0.5795654654502869,0.9840478301048279,0.07162148505449295
YJL148W,YBL061C,0,0.5986756,0.5792253613471985,0.9840478301048279,0.07172151654958725
YBR158W,YPL090C,0,0.59858096,0.5788856148719788,0.9840478301048279,0.07182154804468155
YDL192W,YHR011W,0,0.59397274,0.5785462856292725,0.9840478301048279,0.07192157953977585
YIR037W,YNL015W,0,0.59182537,0.5782073736190796,0.9840478301048279,0.07202160358428955
YKL021C,YML115C,0,0.58854705,0.5778688788414001,0.9840478301048279,0.07212163507938385
YMR080C,YLR439W,0,0.584637,0.5775307416915894,0.9840478301048279,0.07222166657447815
YNL206C,YPL157W,0,0.58238876,0.5771929621696472,0.9840478301048279,0.07232169806957245
YJL143W,YNR040W,0,0.5822726,0.5768556594848633,0.9840478301048279,0.07242172956466675
YDL056W,YOL056W,0,0.5817347,0.576518714427948,0.9840478301048279,0.07252175360918045
YDL166C,YNL129W,0,0.5785625,0.5761821269989014,0.9840478301048279,0.07262178510427475
YDR465C,YLR045C,0,0.5740677,0.5758459568023682,0.9840478301048279,0.07272181659936905
YDR279W,YMR004W,0,0.57393503,0.5755102038383484,0.9840478301048279,0.07282184809446335
YDR013W,YOL149W,0,0.572615,0.5751748085021973,0.9840478301048279,0.07292187958955765
YDL205C,YNL268W,0,0.56684124,0.5748398303985596,0.9840478301048279,0.07302190363407135
YBR264C,YKR059W,0,0.565801,0.5745052099227905,0.9840478301048279,0.07312193512916565
YJR134C,YGR037C,0,0.5646218,0.5741710066795349,0.9840478301048279,0.07322196662425995
YIL124W,YJL109C,0,0.5583182,0.5738372206687927,0.9840478301048279,0.07332199811935425
YMR080C,YOR120W,0,0.5569202,0.5735037922859192,0.9840478301048279,0.07342202961444855
YDL099W,YDL060W,0,0.55572903,0.5731707215309143,0.9840478301048279,0.07352205365896225
YML129C,YBL022C,0,0.55557084,0.5728380680084229,0.9840478301048279,0.07362208515405655
YMR217W,YDR177W,0,0.5520879,0.5725057721138,0.9840478301048279,0.07372211664915085
YPR132W,YMR281W,0,0.55138737,0.5721738934516907,0.9840478301048279,0.07382214814424515
YML125C,YOL092W,0,0.54631716,0.5718424320220947,0.9840478301048279,0.07392217963933945
YNR040W,YGR002C,0,0.5445218,0.5715112686157227,0.9840478301048279,0.07402220368385315
YML074C,YNL191W,0,0.54449147,0.5711805820465088,0.9840478301048279,0.07412223517894745
YMR297W,YBR241C,0,0.54396427,0.5708501935005188,0.9840478301048279,0.07422226667404175
YJL033W,YHR099W,0,0.54260725,0.5705202221870422,0.9840478301048279,0.07432229816913605
YGR047C,YJL125C,0,0.5417603,0.5701906681060791,0.9840478301048279,0.07442232966423035
YPR186C,YDR447C,0,0.5317884,0.5698614120483398,0.9840478301048279,0.07452235370874405
YDR390C,YLR265C,0,0.52513826,0.569532573223114,0.9840478301048279,0.07462238520383835
YDR121W,YMR292W,0,0.52296305,0.5692041516304016,0.9840478301048279,0.07472241669893265
YBR084W,YJL102W,0,0.52227664,0.5688760876655579,0.9840478301048279,0.07482244819402695
YPR186C,YDL056W,0,0.5222442,0.5685483813285828,0.9840478301048279,0.07492247968912125
YPR102C,YLR286C,0,0.5179282,0.5682210922241211,0.9840478301048279,0.07502250373363495
YPL028W,YNL135C,0,0.5153551,0.5678941607475281,0.9840478301048279,0.07512253522872925
YER131W,YNL306W,0,0.5122409,0.5675675868988037,0.9840478301048279,0.07522256672382355
YIL113W,YPR047W,0,0.5087515,0.567241370677948,0.9840478301048279,0.07532259821891785
YPR132W,YOL071W,0,0.50741196,0.5669155716896057,0.9840478301048279,0.07542262971401215
YPL226W,YMR303C,0,0.5066884,0.5665901303291321,0.9840478301048279,0.07552265375852585
YJR022W,YNL227C,0,0.50121105,0.5662650465965271,0.9840478301048279,0.07562268525362015
YHR215W,YOL125W,0,0.5009978,0.5659403800964355,0.9840478301048279,0.07572271674871445
YOL127W,YBR176W,0,0.49891144,0.5656160712242126,0.9840478301048279,0.07582274824380875
YMR080C,YKL181W,0,0.4986058,0.5652921199798584,0.9840478301048279,0.07592277973890305
YDR531W,YJL109C,0,0.4973107,0.5649685263633728,0.9840478301048279,0.07602280378341675
YOR047C,YLL001W,0,0.49467027,0.5646452903747559,0.9840478301048279,0.07612283527851105
YML018C,YHR215W,0,0.49306136,0.5643224716186523,0.9840478301048279,0.07622286677360535
YGL090W,YJL158C,0,0.48992103,0.5640000104904175,0.9840478301048279,0.07632289826869965
YDL143W,YLR154C,0,0.4874556,0.5636779069900513,0.9840478301048279,0.07642292976379395
YBR082C,YLR381W,0,0.4873953,0.5633561611175537,0.9840478301048279,0.07652295380830765
YGR220C,YLR448W,1,0.4870814,0.5636052489280701,0.9850448369979858,0.07652295380830765
YJR009C,YBR087W,0,0.48487437,0.5632839202880859,0.9850448369979858,0.07662298530340195
YKR094C,YHR147C,0,0.47932017,0.5629629492759705,0.9850448369979858,0.07672301679849625
YIL004C,YGR106C,0,0.4781711,0.5626423954963684,0.9850448369979858,0.07682304829359055
YBR164C,YOL149W,0,0.47201383,0.5623221397399902,0.9850448369979858,0.07692307978868484
YLR015W,YHL032C,0,0.4691459,0.5620023012161255,0.9850448369979858,0.07702310383319855
YNL292W,YER173W,0,0.46851957,0.5616827607154846,0.9850448369979858,0.07712313532829285
YDL137W,YCR028C,0,0.4634707,0.5613636374473572,0.9850448369979858,0.07722316682338715
YDR071C,YER110C,0,0.45738995,0.5610448718070984,0.9850448369979858,0.07732319831848145
YBL064C,YER070W,0,0.45702493,0.5607264637947083,0.9850448369979858,0.07742322981357574
YBL039C,YJR134C,0,0.45446378,0.5604084134101868,0.9850448369979858,0.07752325385808945
YJL136C,YMR022W,0,0.4534136,0.5600907206535339,0.9850448369979858,0.07762328535318375
YDR219C,YAL003W,0,0.45337814,0.5597733855247498,0.9850448369979858,0.07772331684827805
YDR342C,YNL149C,0,0.4517579,0.5594564080238342,0.9850448369979858,0.07782334834337234
YNR027W,YPR070W,0,0.44900185,0.5591397881507874,0.9850448369979858,0.07792337983846664
YGR162W,YDR044W,0,0.44169843,0.5588235259056091,0.9850448369979858,0.07802340388298035
YKL021C,YIR009W,0,0.43791294,0.5585076212882996,0.9850448369979858,0.07812343537807465
YJR075W,YKR048C,0,0.43776715,0.5581920742988586,0.9850448369979858,0.07822346687316895
YOR063W,YHR207C,0,0.43286127,0.5578768849372864,0.9850448369979858,0.07832349836826324
YBR160W,YHR081W,0,0.43208885,0.5575620532035828,0.9850448369979858,0.07842352986335754
YPL231W,YHR181W,0,0.42932296,0.5572475790977478,0.9850448369979858,0.07852355390787125
YLR134W,YLL035W,0,0.4292568,0.5569334626197815,0.9850448369979858,0.07862358540296555
YGR262C,YLR014C,0,0.42902285,0.5566197037696838,0.9850448369979858,0.07872361689805984
YOR096W,YHR172W,0,0.42521214,0.5563063025474548,0.9850448369979858,0.07882364839315414
YDR050C,YIL090W,0,0.41955715,0.5559932589530945,0.9850448369979858,0.07892367988824844
YER126C,YER030W,0,0.41567028,0.555680513381958,0.9850448369979858,0.07902370393276215
YJR145C,YBL010C,0,0.41553926,0.555368185043335,0.9850448369979858,0.07912373542785645
YIR002C,YER111C,0,0.41265947,0.5550561547279358,0.9850448369979858,0.07922376692295074
YMR056C,YOR369C,0,0.4064852,0.55474454164505,0.9850448369979858,0.07932379841804504
YLR192C,YOR182C,0,0.4059764,0.5544332265853882,0.9850448369979858,0.07942382991313934
YNL292W,YBR092C,0,0.40375578,0.554122269153595,0.9850448369979858,0.07952385395765305
YDR448W,YJL190C,0,0.39802706,0.5538116693496704,0.9850448369979858,0.07962388545274734
YBR291C,YOL147C,0,0.39505023,0.5535014271736145,0.9850448369979858,0.07972391694784164
YNL001W,YBR012W-B,0,0.39462322,0.5531914830207825,0.9850448369979858,0.07982394844293594
YJL157C,YOL092W,0,0.39388108,0.5528818964958191,0.9850448369979858,0.07992397993803024
YPR108W,YDL184C,0,0.39299738,0.5525727272033691,0.9850448369979858,0.08002400398254395
YGR220C,YLR075W,1,0.38306653,0.5528228282928467,0.9860419034957886,0.08002400398254395
YNL308C,YGR063C,0,0.38215655,0.5525139570236206,0.9860419034957886,0.08012403547763824
YGL213C,YPL214C,0,0.38046205,0.5522054433822632,0.9860419034957886,0.08022406697273254
YLR142W,YNL301C,0,0.37227392,0.5518973469734192,0.9860419034957886,0.08032409846782684
YIL155C,YNL119W,0,0.37026381,0.5515894889831543,0.9860419034957886,0.08042412996292114
YJL143W,YML009C,0,0.3638618,0.5512820482254028,0.9860419034957886,0.08052415400743484
YBR231C,YKL056C,0,0.36211872,0.5509749054908752,0.9860419034957886,0.08062418550252914
YOR155C,YMR042W,0,0.3524624,0.5506681799888611,0.9860419034957886,0.08072421699762344
YKL004W,YKR038C,0,0.34553856,0.550361692905426,0.9860419034957886,0.08082424849271774
YDR529C,YGR162W,0,0.34477305,0.5500556230545044,0.9860419034957886,0.08092427998781204
YDL164C,YLR192C,0,0.3409462,0.5497498512268066,0.9860419034957886,0.08102430403232574
YMR287C,YKL042W,0,0.3402288,0.5494444370269775,0.9860419034957886,0.08112433552742004
YJR068W,YLL022C,0,0.33889055,0.5491393804550171,0.9860419034957886,0.08122436702251434
YLR276C,YDR390C,0,0.33637798,0.5488346219062805,0.9860419034957886,0.08132439851760864
YMR287C,YBR283C,0,0.33435017,0.5485302209854126,0.9860419034957886,0.08142443001270294
YNL086W,YMR152W,0,0.33318818,0.5482261776924133,0.9860419034957886,0.08152445405721664
YLR438C-A,YLL035W,0,0.33222568,0.5479224324226379,0.9860419034957886,0.08162448555231094
YJL153C,YCL031C,0,0.32853043,0.5476190447807312,0.9860419034957886,0.08172451704740524
YNL015W,YML009C,0,0.32816547,0.5473160147666931,0.9860419034957886,0.08182454854249954
YKR062W,YEL054C,0,0.3269145,0.5470132827758789,0.9860419034957886,0.08192458003759384
YOL138C,YMR224C,0,0.32597512,0.5467109084129333,0.9860419034957886,0.08202460408210754
YLR086W,YJL148W,0,0.32357037,0.5464088320732117,0.9860419034957886,0.08212463557720184
YGR220C,YCR072C,1,0.3225175,0.5466592907905579,0.9870389103889465,0.08212463557720184
YEL058W,YGL031C,0,0.32024014,0.5463576316833496,0.9870389103889465,0.08222466707229614
YIL027C,YJR029W,0,0.3150767,0.5460562705993652,0.9870389103889465,0.08232469856739044
YLR201C,YLR048W,0,0.31372774,0.5457552075386047,0.9870389103889465,0.08242473006248474
YER056C-A,YGR101W,0,0.31290418,0.5454545617103577,0.9870389103889465,0.08252475410699844
YDR418W,YJR134C,0,0.3119291,0.5451542139053345,0.9870389103889465,0.08262478560209274
YDL075W,YPL089C,0,0.30945122,0.5448541641235352,0.9870389103889465,0.08272481709718704
YDL033C,YDL060W,0,0.30831945,0.5445544719696045,0.9870389103889465,0.08282484859228134
YDR060W,YKL179C,0,0.30140018,0.5442550778388977,0.9870389103889465,0.08292488008737564
YLR106C,YIL115C,0,0.29917812,0.5439560413360596,0.9870389103889465,0.08302490413188934
YML094W,YOL005C,0,0.29043472,0.5436573028564453,0.9870389103889465,0.08312493562698364
YDL192W,YHR099W,0,0.28722525,0.5433589220046997,0.9870389103889465,0.08322496712207794
YPR073C,YGR075C,0,0.28272814,0.5430608987808228,0.9870389103889465,0.08332499861717224
YLR204W,YHR064C,0,0.28220463,0.5427631735801697,0.9870389103889465,0.08342503011226654
YIL126W,YJL190C,0,0.27751184,0.5424657464027405,0.9870389103889465,0.08352505415678024
YCL059C,YOR070C,0,0.274431,0.5421686768531799,0.9870389103889465,0.08362508565187454
YMR233W,YLR032W,0,0.2676133,0.5418719053268433,0.9870389103889465,0.08372511714696884
YOL127W,YLR139C,0,0.2644382,0.5415754914283752,0.9870389103889465,0.08382514864206314
YDR329C,YGR106C,0,0.2642897,0.5412793755531311,0.9870389103889465,0.08392518013715744
YHR089C,YGR154C,0,0.26115015,0.5409836173057556,0.9870389103889465,0.08402520418167114
YGL173C,YNL119W,0,0.25598288,0.540688157081604,0.9870389103889465,0.08412523567676544
YLR127C,YJL008C,0,0.2497392,0.5403929948806763,0.9870389103889465,0.08422526717185974
YLR015W,YOR061W,0,0.24549395,0.5400981903076172,0.9870389103889465,0.08432529866695404
YMR256C,YDR326C,0,0.24546039,0.539803683757782,0.9870389103889465,0.08442533016204834
YIR012W,YMR302C,0,0.24349311,0.5395095348358154,0.9870389103889465,0.08452535420656204
YMR235C,YLR357W,0,0.24345553,0.5392156839370728,0.9870389103889465,0.08462538570165634
YKL181W,YEL021W,0,0.24280295,0.538922131061554,0.9870389103889465,0.08472541719675064
YLR126C,YML063W,0,0.23931938,0.5386289358139038,0.9870389103889465,0.08482544869184494
YDR299W,YBL061C,0,0.23826346,0.5383360385894775,0.9870389103889465,0.08492548018693924
YOL002C,YHR099W,0,0.23717293,0.5380434989929199,0.9870389103889465,0.08502550423145294
YBR158W,YPL060W,0,0.23613495,0.5377511978149414,0.9870389103889465,0.08512553572654724
YBR286W,YPR028W,0,0.23379141,0.5374592542648315,0.9870389103889465,0.08522556722164154
YNR022C,YPR021C,0,0.23175994,0.5371676683425903,0.9870389103889465,0.08532559871673584
YJL080C,YOR332W,0,0.23152357,0.536876380443573,0.9870389103889465,0.08542563021183014
YMR080C,YKL143W,0,0.23095414,0.5365853905677795,0.9870389103889465,0.08552565425634384
YLR106C,YPL131W,1,0.23094031,0.5368363857269287,0.9880359172821045,0.08552565425634384
YNL162W,YDR031W,0,0.2306675,0.5365457534790039,0.9880359172821045,0.08562568575143814
YKL195W,YLR014C,0,0.22490126,0.536255419254303,0.9880359172821045,0.08572571724653244
YLR204W,YGR123C,0,0.21528763,0.5359653830528259,0.9880359172821045,0.08582574874162674
YHR013C,YOL109W,0,0.21377003,0.5356757044792175,0.9880359172821045,0.08592578023672104
YDR065W,YOR369C,0,0.20944539,0.5353862643241882,0.9880359172821045,0.08602580428123474
YER099C,YOR179C,0,0.20543104,0.5350971817970276,0.9880359172821045,0.08612583577632904
YLR343W,YOR044W,0,0.20519906,0.5348083972930908,0.9880359172821045,0.08622586727142334
YIL125W,YFL041W,0,0.20382738,0.5345199704170227,0.9880359172821045,0.08632589876651764
YDR231C,YLR441C,0,0.20278782,0.5342317819595337,0.9880359172821045,0.08642593026161194
YJR075W,YDR120C,0,0.20150313,0.5339439511299133,0.9880359172821045,0.08652595430612564
YGL191W,YEL050C,0,0.20125416,0.5336564183235168,0.9880359172821045,0.08662598580121994
YDR341C,YMR139W,0,0.19882035,0.533369243144989,0.9880359172821045,0.08672601729631424
YGR054W,YNL339C,0,0.19872892,0.5330823063850403,0.9880359172821045,0.08682604879140854
YDR239C,YER110C,0,0.19755828,0.5327957272529602,0.9880359172821045,0.08692608028650284
YKL088W,YOR182C,0,0.19422418,0.5325093865394592,0.9880359172821045,0.08702610433101654
YGL210W,YER030W,0,0.19324422,0.5322234034538269,0.9880359172821045,0.08712613582611084
YBR087W,YGL106W,0,0.18267965,0.5319377183914185,0.9880359172821045,0.08722616732120514
YGR101W,YMR042W,0,0.17765555,0.5316523313522339,0.9880359172821045,0.08732619881629944
YGL120C,YDR032C,0,0.17402291,0.531367301940918,0.9880359172821045,0.08742623031139374
YER029C,YKL181W,0,0.17359269,0.5310825109481812,0.9880359172821045,0.08752625435590744
YMR130W,YOR067C,0,0.17275709,0.530798077583313,0.9880359172821045,0.08762628585100174
YLR304C,YGR194C,0,0.1677,0.5305139422416687,0.9880359172821045,0.08772631734609604
YDR139C,YGR001C,0,0.16567793,0.5302300453186035,0.9880359172821045,0.08782634884119034
YLL011W,YBR297W,0,0.16313785,0.529946506023407,0.9880359172821045,0.08792638033628464
YBR009C,YNL289W,0,0.16278344,0.5296632647514343,0.9880359172821045,0.08802640438079834
YNR020C,YGR035C,0,0.16263479,0.5293803215026855,0.9880359172821045,0.08812643587589264
YDR503C,YBL023C,0,0.15874833,0.5290976762771606,0.9880359172821045,0.08822646737098694
YDL146W,YBR012W-B,0,0.15829417,0.5288153886795044,0.9880359172821045,0.08832649886608124
YMR289W,YGR158C,0,0.15698224,0.5285333395004272,0.9880359172821045,0.08842653036117554
YOR124C,YOL125W,0,0.15565115,0.528251588344574,0.9880359172821045,0.08852655440568924
YPR118W,YOR150W,0,0.1540314,0.5279701948165894,0.9880359172821045,0.08862658590078354
YHR206W,YDR418W,0,0.14870414,0.5276890397071838,0.9880359172821045,0.08872661739587784
YML063W,YBL055C,0,0.14786267,0.5274081826210022,0.9880359172821045,0.08882664889097214
YFL002W-A,YKL108W,0,0.14631441,0.5271276831626892,0.9880359172821045,0.08892668038606644
YDR279W,YDR128W,0,0.14532766,0.5268474221229553,0.9880359172821045,0.08902670443058014
YPR070W,YER082C,0,0.1440804,0.5265674591064453,0.9880359172821045,0.08912673592567444
YCR072C,YBL093C,0,0.14332947,0.526287853717804,0.9880359172821045,0.08922676742076874
YJL033W,YGL119W,0,0.14246762,0.5260084867477417,0.9880359172821045,0.08932679891586304
YER133W,YNL217W,0,0.13930446,0.5257294178009033,0.9880359172821045,0.08942683041095734
YIL111W,YGR158C,0,0.13915297,0.5254507064819336,0.9880359172821045,0.08952685445547104
YOL127W,YDR115W,0,0.13903764,0.525172233581543,0.9880359172821045,0.08962688595056534
YDR101C,YIL124W,0,0.13729125,0.5248940587043762,0.9880359172821045,0.08972691744565964
YDR060W,YNL289W,0,0.13312072,0.5246161818504333,0.9880359172821045,0.08982694894075394
YPL271W,YDL060W,0,0.13166708,0.5243386030197144,0.9880359172821045,0.08992698043584824
YGL119W,YBR142W,0,0.12908861,0.5240613222122192,0.9880359172821045,0.09002700448036194
YMR233W,YDL095W,0,0.12889805,0.523784339427948,0.9880359172821045,0.09012703597545624
YDR096W,YMR312W,0,0.1261658,0.5235076546669006,0.9880359172821045,0.09022706747055054
YPL060W,YHR167W,0,0.1260249,0.5232312679290771,0.9880359172821045,0.09032709896564484
YKL173W,YDR483W,0,0.12421012,0.5229551196098328,0.9880359172821045,0.09042713046073914
YIL051C,YGR061C,0,0.122602165,0.522679328918457,0.9880359172821045,0.09052715450525284
YJR009C,YLR207W,0,0.12221438,0.5224037766456604,0.9880359172821045,0.09062718600034714
YDL129W,YMR026C,0,0.11487037,0.5221285820007324,0.9880359172821045,0.09072721749544144
YBR237W,YOR369C,0,0.11017132,0.5218536257743835,0.9880359172821045,0.09082724899053574
YMR166C,YOL056W,0,0.10659689,0.5215789675712585,0.9880359172821045,0.09092728048563004
YJL198W,YDL008W,0,0.10217297,0.5213045477867126,0.9880359172821045,0.09102730453014374
YPL144W,YNL149C,0,0.10058358,0.5210304856300354,0.9880359172821045,0.09112733602523804
YCL059C,YDR420W,0,0.09935683,0.520756721496582,0.9880359172821045,0.09122736752033234
YPL106C,YNR027W,0,0.09662658,0.5204831957817078,0.9880359172821045,0.09132739901542664
YDR050C,YMR051C,0,0.09606585,0.5202099680900574,0.9880359172821045,0.09142743051052094
YGR156W,YLR276C,0,0.09597275,0.5199370384216309,0.9880359172821045,0.09152745455503464
YBR048W,YOR150W,0,0.09343171,0.5196644067764282,0.9880359172821045,0.09162748605012894
YML054C,YJR145C,0,0.09054428,0.5193920135498047,0.9880359172821045,0.09172751754522324
YOR265W,YNL136W,0,0.08481103,0.5191199779510498,0.9880359172821045,0.09182754904031754
YER048W-A,YPL160W,0,0.08461666,0.518848180770874,0.9880359172821045,0.09192758053541183
YJR110W,YOR182C,0,0.08267599,0.5185766816139221,0.9880359172821045,0.09202760457992554
YPR168W,YNL217W,0,0.08221683,0.5183054208755493,0.9880359172821045,0.09212763607501984
YBR055C,YPL068C,0,0.07956147,0.5180345177650452,0.9880359172821045,0.09222766757011414
YMR139W,YLR430W,0,0.0790796,0.5177638530731201,0.9880359172821045,0.09232769906520844
YMR235C,YKL183W,0,0.077094615,0.517493486404419,0.9880359172821045,0.09242773056030273
YDR121W,YOR061W,0,0.07380149,0.5172233581542969,0.9880359172821045,0.09252775460481644
YJL052W,YGR279C,0,0.07241383,0.5169535875320435,0.9880359172821045,0.09262778609991074
YJL133W,YDR031W,0,0.07008162,0.5166840553283691,0.9880359172821045,0.09272781759500504
YMR297W,YLR318W,0,0.06945926,0.5164148211479187,0.9880359172821045,0.09282784909009933
YJL221C,YKL042W,0,0.06429446,0.5161458253860474,0.9880359172821045,0.09292788058519363
YLR201C,YKR058W,0,0.06409073,0.5158771276473999,0.9880359172821045,0.09302791208028793
YHR021C,YPR108W,0,0.06407902,0.5156087279319763,0.9880359172821045,0.09312793612480164
YJR145C,YKR062W,0,0.064058065,0.5153406262397766,0.9880359172821045,0.09322796761989594
YNL308C,YJR126C,0,0.062969446,0.515072762966156,0.9880359172821045,0.09332799911499023
YLR106C,YLR212C,0,0.062262088,0.5148051977157593,0.9880359172821045,0.09342803061008453
YLR142W,YLR276C,0,0.060997277,0.5145379304885864,0.9880359172821045,0.09352806210517883
YDR529C,YNR001C,0,0.05620247,0.5142709016799927,0.9880359172821045,0.09362808614969254
YDR069C,YDR116C,0,0.055966884,0.5140041708946228,0.9880359172821045,0.09372811764478683
YER126C,YPR184W,0,0.05521989,0.513737678527832,0.9880359172821045,0.09382814913988113
YLR106C,YDR478W,0,0.054907322,0.5134714841842651,0.9880359172821045,0.09392818063497543
YGL120C,YMR247C,0,0.05382493,0.5132055878639221,0.9880359172821045,0.09402821213006973
YLR439W,YJR029W,0,0.04829839,0.5129399299621582,0.9880359172821045,0.09412823617458344
YMR235C,YDL043C,0,0.045394897,0.5126745700836182,0.9880359172821045,0.09422826766967773
YDR322W,YPL038W,0,0.04537964,0.512409508228302,0.9880359172821045,0.09432829916477203
YFL036W,YJL073W,0,0.044962317,0.5121446847915649,0.9880359172821045,0.09442833065986633
YJR075W,YJL125C,0,0.04374841,0.5118801593780518,0.9880359172821045,0.09452836215496063
YGL211W,YBR092C,0,0.03918934,0.5116158723831177,0.9880359172821045,0.09462838619947433
YDR418W,YOR391C,0,0.03673345,0.5113518834114075,0.9880359172821045,0.09472841769456863
YGL135W,YLR176C,0,0.033857763,0.5110881924629211,0.9880359172821045,0.09482844918966293
YPR048W,YDR128W,0,0.03317803,0.5108247399330139,0.9880359172821045,0.09492848068475723
YNL218W,YKR038C,0,0.031292915,0.5105615854263306,0.9880359172821045,0.09502851217985153
YBL101W-A,YBL061C,0,0.03098452,0.5102986693382263,0.9880359172821045,0.09512853622436523
YHR143W,YNL112W,0,0.029579997,0.510036051273346,0.9880359172821045,0.09522856771945953
YDL130W,YML074C,0,0.027928442,0.5097736716270447,0.9880359172821045,0.09532859921455383
YNR043W,YGR062C,0,0.027140856,0.5095115900039673,0.9880359172821045,0.09542863070964813
YDR379W,YDL095W,0,0.026665628,0.509249746799469,0.9880359172821045,0.09552866220474243
YNL292W,YDR134C,0,0.026250303,0.5089882016181946,0.9880359172821045,0.09562868624925613
YPL143W,YDL184C,0,0.025365025,0.5087268948554993,0.9880359172821045,0.09572871774435043
YBR123C,YER180C,0,0.023389399,0.5084658861160278,0.9880359172821045,0.09582874923944473
YHR143W,YBR012W-B,0,0.021887511,0.5082051157951355,0.9880359172821045,0.09592878073453903
YNL039W,YOL005C,0,0.019059539,0.507944643497467,0.9880359172821045,0.09602881222963333
YIL113W,YER012W,0,0.018358827,0.5076844096183777,0.9880359172821045,0.09612883627414703
YLR040C,YLR337W,0,0.017608374,0.5074244737625122,0.9880359172821045,0.09622886776924133
YMR184W,YFR007W,0,0.017535359,0.5071647763252258,0.9880359172821045,0.09632889926433563
YLR048W,YHR186C,0,0.016171604,0.5069053769111633,0.9880359172821045,0.09642893075942993
YDR312W,YPR122W,0,0.01241228,0.5066462159156799,0.9880359172821045,0.09652896225452423
YMR080C,YJL065C,0,0.01030013,0.5063873529434204,0.9880359172821045,0.09662898629903793
YJR060W,YHR064C,0,0.009139925,0.50612872838974,0.9880359172821045,0.09672901779413223
YCR047C,YMR303C,0,0.0073954016,0.5058703422546387,0.9880359172821045,0.09682904928922653
YDR465C,YDR362C,0,0.007275805,0.5056122541427612,0.9880359172821045,0.09692908078432083
YMR281W,YDR120C,0,0.0068771243,0.5053544044494629,0.9880359172821045,0.09702911227941513
YLR090W,YNL301C,0,0.0068675578,0.5050968527793884,0.9880359172821045,0.09712913632392883
YDR046C,YMR211W,0,0.00589934,0.5048395395278931,0.9880359172821045,0.09722916781902313
YPL206C,YLR337W,0,0.004884511,0.5045824646949768,0.9880359172821045,0.09732919931411743
YDR341C,YPL038W,0,0.004076913,0.5043256878852844,0.9880359172821045,0.09742923080921173
YMR094W,YLR337W,0,0.0029382259,0.5040691494941711,0.9880359172821045,0.09752926230430603
YNR011C,YKR048C,0,9.62317e-05,0.5038129091262817,0.9880359172821045,0.09762928634881973
YJL129C,YJL189W,0,-0.00018362701,0.5035569071769714,0.9880359172821045,0.09772931784391403
YIL150C,YLR096W,0,-0.00047966838,0.5033011436462402,0.9880359172821045,0.09782934933900833
YDR224C,YLR221C,0,-0.0016060472,0.5030456781387329,0.9880359172821045,0.09792938083410263
YIR012W,YOR057W,0,-0.0031584203,0.5027904510498047,0.9880359172821045,0.09802941232919693
YBR241C,YDR031W,0,-0.003318563,0.5025355219841003,0.9880359172821045,0.09812943637371063
YDR134C,YOR182C,0,-0.004653424,0.5022807717323303,0.9880359172821045,0.09822946786880493
YLR127C,YGR116W,0,-0.0053834915,0.5020263195037842,0.9880359172821045,0.09832949936389923
YDL056W,YBR142W,0,-0.0061526,0.5017721652984619,0.9880359172821045,0.09842953085899353
YOR306C,YKL164C,0,-0.0073275864,0.501518189907074,0.9880359172821045,0.09852956235408783
YDL136W,YNL136W,0,-0.009964421,0.5012645125389099,0.9880359172821045,0.09862958639860153
YHR086W,YNL115C,0,-0.009979546,0.5010111331939697,0.9880359172821045,0.09872961789369583
YBR264C,YBR009C,0,-0.011669636,0.5007579326629639,0.9880359172821045,0.09882964938879013
YOR061W,YLR010C,0,-0.0122267455,0.5005050301551819,0.9880359172821045,0.09892968088388443
YDR390C,YHR036W,0,-0.013964176,0.5002524256706238,0.9880359172821045,0.09902971237897873
YPL143W,YOL002C,0,-0.014636636,0.5,0.9880359172821045,0.09912973642349243
YLR015W,YCR094W,0,-0.015109256,0.4997478425502777,0.9880359172821045,0.09922976791858673
YGL253W,YJL136C,0,-0.017539233,0.4994959533214569,0.9880359172821045,0.09932979941368103
YKL143W,YBR030W,0,-0.017610371,0.4992443323135376,0.9880359172821045,0.09942983090877533
YHR046C,YPL060W,0,-0.019597545,0.4989929497241974,0.9880359172821045,0.09952986240386963
YFR005C,YNL061W,0,-0.020006195,0.49874183535575867,0.9880359172821045,0.09962988644838333
YOR288C,YBR267W,0,-0.02202703,0.49849095940589905,0.9880359172821045,0.09972991794347763
YNL292W,YHR067W,0,-0.02227436,0.49824032187461853,0.9880359172821045,0.09982994943857193
YAL035W,YML087C,0,-0.022997454,0.4979899525642395,0.9880359172821045,0.09992998093366623
YBL022C,YNR041C,0,-0.023637265,0.4977398216724396,0.9880359172821045,0.10003001242876053
YMR166C,YMR080C,0,-0.023642182,0.49748995900154114,0.9880359172821045,0.10013003647327423
YPR186C,YER045C,0,-0.025525272,0.4972403347492218,0.9880359172821045,0.10023006796836853
YNL291C,YCR039C,0,-0.030551925,0.49699097871780396,0.9880359172821045,0.10033009946346283
YEL054C,YCR028C,0,-0.031773433,0.4967418611049652,0.9880359172821045,0.10043013095855713
YCR077C,YKR059W,0,-0.033223093,0.49649298191070557,0.9880359172821045,0.10053016245365143
YLR008C,YMR312W,0,-0.03395325,0.4962443709373474,0.9880359172821045,0.10063018649816513
YHR160C,YLR120C,0,-0.034016967,0.49599599838256836,0.9880359172821045,0.10073021799325943
YBL022C,YGR279C,0,-0.034555018,0.4957478642463684,0.9880359172821045,0.10083024948835373
YGR159C,YLR467W,0,-0.035475314,0.49549999833106995,0.9880359172821045,0.10093028098344803
YOL005C,YIL039W,0,-0.035950422,0.4952523708343506,0.9880359172821045,0.10103031247854233
YDR279W,YJR045C,0,-0.036402255,0.4950049817562103,0.9880359172821045,0.10113033652305603
YBL054W,YNL136W,0,-0.03803906,0.49475786089897156,0.9880359172821045,0.10123036801815033
YDR022C,YHR039C-B,0,-0.042915717,0.4945109784603119,0.9880359172821045,0.10133039951324463
YKL011C,YDL115C,0,-0.04625623,0.4942643344402313,0.9880359172821045,0.10143043100833893
YJL033W,YIL138C,0,-0.04696898,0.49401795864105225,0.9880359172821045,0.10153046250343323
YOR308C,YER056C-A,0,-0.047977284,0.4937717914581299,0.9880359172821045,0.10163048654794693
YNL185C,YCR094W,0,-0.048487708,0.493525892496109,0.9880359172821045,0.10173051804304123
YNR027W,YER030W,0,-0.054158658,0.49328023195266724,0.9880359172821045,0.10183054953813553
YMR070W,YOR240W,0,-0.056737095,0.49303483963012695,0.9880359172821045,0.10193058103322983
YMR235C,YGL253W,0,-0.057513595,0.4927896559238434,0.9880359172821045,0.10203061252832413
YDR265W,YLR221C,0,-0.05777046,0.4925447404384613,0.9880359172821045,0.10213063657283783
YDR531W,YCR037C,0,-0.05795686,0.4923000633716583,0.9880359172821045,0.10223066806793213
YDL056W,YOR075W,0,-0.05853097,0.49205562472343445,0.9880359172821045,0.10233069956302643
YBR213W,YBR142W,0,-0.05921942,0.4918114244937897,0.9880359172821045,0.10243073105812073
YDL033C,YNL061W,0,-0.060170084,0.491567462682724,0.9880359172821045,0.10253076255321503
YLR134W,YHL032C,0,-0.060626328,0.4913237392902374,0.9880359172821045,0.10263078659772873
YGR162W,YKL164C,0,-0.06552599,0.49108028411865234,0.9880359172821045,0.10273081809282303
YIL111W,YML009C,0,-0.06941804,0.490837037563324,0.9880359172821045,0.10283084958791733
YDL130W-A,YDL112W,0,-0.07044101,0.4905940592288971,0.9880359172821045,0.10293088108301163
YHR117W,YER110C,0,-0.070926934,0.4903513193130493,0.9880359172821045,0.10303091257810593
YGR123C,YMR122W-A,0,-0.072066516,0.49010881781578064,0.9880359172821045,0.10313093662261963
YJR094W-A,YHR023W,0,-0.07207644,0.4898665249347687,0.9880359172821045,0.10323096811771393
YDL195W,YOR240W,0,-0.08071573,0.4896245002746582,0.9880359172821045,0.10333099961280823
YIL078W,YPR021C,0,-0.08078599,0.48938271403312683,0.9880359172821045,0.10343103110790253
YKL004W,YIR037W,0,-0.0809907,0.48914116621017456,0.9880359172821045,0.10353106260299683
YOL139C,YIL126W,0,-0.08316098,0.4888998568058014,0.9880359172821045,0.10363108664751053
YJR025C,YDL075W,0,-0.08433589,0.4886587858200073,0.9880359172821045,0.10373111814260483
YNL098C,YJL133W,0,-0.08584459,0.48841795325279236,0.9880359172821045,0.10383114963769913
YOR047C,YBR214W,0,-0.08927068,0.4881773293018341,0.9880359172821045,0.10393118113279343
YJR065C,YDR120C,0,-0.09178598,0.48793697357177734,0.9880359172821045,0.10403121262788773
YBL074C,YAL003W,0,-0.09190312,0.4876968562602997,0.9880359172821045,0.10413123667240143
YJR094W-A,YDR013W,0,-0.09319076,0.48745694756507874,0.9880359172821045,0.10423126816749573
YBR156C,YDR044W,0,-0.09401822,0.4872173070907593,0.9880359172821045,0.10433129966259003
YIR037W,YOL120C,0,-0.09466599,0.48697787523269653,0.9880359172821045,0.10443133115768433
YCR072C,YLR357W,0,-0.09965584,0.4867387115955353,0.9880359172821045,0.10453136265277863
YMR247C,YGR200C,0,-0.0999195,0.48649975657463074,0.9880359172821045,0.10463138669729233
YMR316W,YHR052W,0,-0.10046217,0.4862610399723053,0.9880359172821045,0.10473141819238663
YHR011W,YFR007W,0,-0.100534126,0.48602256178855896,0.9880359172821045,0.10483144968748093
YDL195W,YGR124W,0,-0.101291046,0.4857843220233917,0.9880359172821045,0.10493148118257523
YPL106C,YJL189W,0,-0.10417242,0.4855462908744812,0.9880359172821045,0.10503151267766953
YBR251W,YGR191W,0,-0.10546349,0.48530852794647217,0.9880359172821045,0.10513153672218323
YOR389W,YLR109W,0,-0.10611476,0.48507097363471985,0.9880359172821045,0.10523156821727753
YLR287C-A,YDR288W,0,-0.10781863,0.48483365774154663,0.9880359172821045,0.10533159971237183
YMR217W,YNL310C,0,-0.10836005,0.4845965802669525,0.9880359172821045,0.10543163120746613
YKL135C,YHR039C-B,0,-0.10897255,0.4843597114086151,0.9880359172821045,0.10553166270256042
YGR054W,YHR064C,0,-0.1117,0.4841231107711792,0.9880359172821045,0.10563168674707413
YEL038W,YDR224C,0,-0.11235213,0.48388671875,0.9880359172821045,0.10573171824216843
YNL001W,YIL009C-A,0,-0.11300262,0.4836505651473999,0.9880359172821045,0.10583174973726273
YOR063W,YOR270C,0,-0.1138711,0.4834146201610565,0.9880359172821045,0.10593178123235703
YOR151C,YOL056W,0,-0.11635496,0.4831789433956146,0.9880359172821045,0.10603181272745132
YJL164C,YGR062C,0,-0.117945924,0.48294347524642944,0.9880359172821045,0.10613183677196503
YKL082C,YGR220C,1,-0.11818338,0.48319533467292786,0.9890329241752625,0.10613183677196503
YDR329C,YNL129W,0,-0.118592516,0.4829600751399994,0.9890329241752625,0.10623186826705933
YKL156W,YCR092C,0,-0.11977796,0.48272505402565,0.9890329241752625,0.10633189976215363
YPR048W,YGL210W,0,-0.121392034,0.48249027132987976,0.9890329241752625,0.10643193125724792
YMR221C,YBR142W,0,-0.12152117,0.4822557270526886,0.9890329241752625,0.10653196275234222
YCL059C,YPR021C,0,-0.12199481,0.48202139139175415,0.9890329241752625,0.10663198679685593
YMR127C,YJR068W,0,-0.12469217,0.4817872643470764,0.9890329241752625,0.10673201829195023
YBR024W,YJL109C,0,-0.12474586,0.48155340552330017,0.9890329241752625,0.10683204978704453
YOR240W,YGR279C,0,-0.12590155,0.48131975531578064,0.9890329241752625,0.10693208128213882
YKL183W,YER051W,0,-0.12601091,0.4810863137245178,0.9890329241752625,0.10703211277723312
YNL007C,YOL080C,0,-0.12638476,0.4808531403541565,0.9890329241752625,0.10713213682174683
YDR322W,YLR045C,0,-0.12648788,0.4806201457977295,0.9890329241752625,0.10723216831684113
YOR116C,YML009C,0,-0.1267049,0.480387419462204,0.9890329241752625,0.10733219981193542
YOR315W,YPR166C,0,-0.12964398,0.4801549017429352,0.9890329241752625,0.10743223130702972
YBR123C,YNL185C,0,-0.13161552,0.4799225926399231,0.9890329241752625,0.10753226280212402
YJR134C,YDR088C,0,-0.13233802,0.4796905219554901,0.9890329241752625,0.10763228684663773
YKR062W,YGL147C,0,-0.13367353,0.47945868968963623,0.9890329241752625,0.10773231834173203
YGR008C,YOR240W,0,-0.13369192,0.47922706604003906,0.9890329241752625,0.10783234983682632
YGL211W,YOL056W,0,-0.1386829,0.4789956510066986,0.9890329241752625,0.10793238133192062
YAR015W,YJL153C,0,-0.14213356,0.47876447439193726,0.9890329241752625,0.10803241282701492
YDL043C,YNL129W,0,-0.1424238,0.478533536195755,0.9890329241752625,0.10813243687152863
YNR027W,YDR121W,0,-0.14508837,0.47830280661582947,0.9890329241752625,0.10823246836662292
YOR240W,YAL035W,0,-0.14545757,0.47807228565216064,0.9890329241752625,0.10833249986171722
YAL035W,YPL111W,0,-0.14590402,0.4778420031070709,0.9890329241752625,0.10843253135681152
YGL211W,YIL111W,0,-0.14653778,0.4776119291782379,0.9890329241752625,0.10853256285190582
YGL210W,YBR231C,0,-0.14886642,0.477382093667984,0.9890329241752625,0.10863258689641953
YDL120W,YOR221C,0,-0.14976232,0.4771524667739868,0.9890329241752625,0.10873261839151382
YGR220C,YDL095W,0,-0.1505005,0.4769230782985687,0.9890329241752625,0.10883264988660812
YLR419W,YKL179C,0,-0.15102519,0.47669389843940735,0.9890329241752625,0.10893268138170242
YDL229W,YHR064C,0,-0.1522415,0.4764649271965027,0.9890329241752625,0.10903271287679672
YOR116C,YER044C,0,-0.15367931,0.4762361943721771,0.9890329241752625,0.10913273692131042
YGR159C,YNL210W,0,-0.1548985,0.4760076701641083,0.9890329241752625,0.10923276841640472
YOR240W,YBL061C,0,-0.15689607,0.47577938437461853,0.9890329241752625,0.10933279991149902
YPL226W,YJR134C,0,-0.15728313,0.4755513072013855,0.9890329241752625,0.10943283140659332
YJR075W,YGR075C,0,-0.15860099,0.4753234386444092,0.9890329241752625,0.10953286290168762
YML025C,YNL227C,1,-0.16145813,0.47557470202445984,0.9900299310684204,0.10953286290168762
YDR103W,YER012W,0,-0.1631987,0.47534704208374023,0.9900299310684204,0.10963288694620132
YPL231W,YGR123C,0,-0.1639556,0.47511962056159973,0.9900299310684204,0.10973291844129562
YOR151C,YER147C,0,-0.1666002,0.47489240765571594,0.9900299310684204,0.10983294993638992
YML043C,YER045C,0,-0.16921994,0.47466540336608887,0.9900299310684204,0.10993298143148422
YKL011C,YML104C,0,-0.17146915,0.4744386076927185,0.9900299310684204,0.11003301292657852
YPR102C,YOR150W,1,-0.17583083,0.4746896028518677,0.9910269379615784,0.11003301292657852
YOR116C,YGL168W,0,-0.17730659,0.47446301579475403,0.9910269379615784,0.11013303697109222
YMR303C,YNR041C,0,-0.17806503,0.4742366373538971,0.9910269379615784,0.11023306846618652
YFR015C,YIL078W,0,-0.18163072,0.47401049733161926,0.9910269379615784,0.11033309996128082
YNL248C,YMR037C,0,-0.182796,0.47378456592559814,0.9910269379615784,0.11043313145637512
YJL143W,YLR337W,0,-0.18403459,0.47355884313583374,0.9910269379615784,0.11053316295146942
YGR008C,YGR106C,0,-0.18433778,0.47333332896232605,0.9910269379615784,0.11063318699598312
YJL033W,YOR092W,0,-0.18475895,0.47310805320739746,0.9910269379615784,0.11073321849107742
YHR153C,YAL003W,0,-0.18605007,0.4728829562664032,0.9910269379615784,0.11083324998617172
YIL109C,YBR159W,0,-0.1868255,0.47265809774398804,0.9910269379615784,0.11093328148126602
YBL069W,YGR001C,0,-0.18689272,0.4724334478378296,0.9910269379615784,0.11103331297636032
YBR123C,YAL025C,0,-0.19308741,0.47220903635025024,0.9910269379615784,0.11113333702087402
YHR207C,YDR210W-B,0,-0.19369851,0.4719848036766052,0.9910269379615784,0.11123336851596832
YER133W,YOR369C,0,-0.19438578,0.4717608094215393,0.9910269379615784,0.11133340001106262
YGL223C,YJR065C,0,-0.1945643,0.4715369939804077,0.9910269379615784,0.11143343150615692
YIL004C,YGR241C,0,-0.19660476,0.4713134169578552,0.9910269379615784,0.11153346300125122
YLR419W,YKL158W,0,-0.196789,0.47109004855155945,0.9910269379615784,0.11163348704576492
YBR297W,YBL082C,0,-0.19782448,0.4708668887615204,0.9910269379615784,0.11173351854085922
YOR124C,YGR162W,0,-0.19822885,0.47064393758773804,0.9910269379615784,0.11183355003595352
YHR067W,YOL120C,0,-0.2004731,0.4704211950302124,0.9910269379615784,0.11193358153104782
YOL005C,YBL055C,0,-0.20132573,0.4701986610889435,0.9910269379615784,0.11203361302614212
YOR069W,YGR158C,0,-0.2025898,0.46997636556625366,0.9910269379615784,0.11213363707065582
YOR343W-A,YPR031W,0,-0.20265733,0.46975424885749817,0.9910269379615784,0.11223366856575012
YNL015W,YGR158C,0,-0.20540747,0.4695323705673218,0.9910269379615784,0.11233370006084442
YML005W,YHR064C,0,-0.20571202,0.4693106710910797,0.9910269379615784,0.11243373155593872
YBR291C,YHR186C,0,-0.2058807,0.46908918023109436,0.9910269379615784,0.11253376305103302
YJL046W,YDL112W,0,-0.21184826,0.4688679277896881,0.9910269379615784,0.11263378709554672
YNL292W,YMR198W,0,-0.21295054,0.4686468541622162,0.9910269379615784,0.11273381859064102
YMR307W,YGL185C,0,-0.21412225,0.46842601895332336,0.9910269379615784,0.11283385008573532
YDL205C,YDR088C,0,-0.2145088,0.46820536255836487,0.9910269379615784,0.11293388158082962
YJL148W,YGL059W,0,-0.21525249,0.4679849445819855,0.9910269379615784,0.11303391307592392
YAR015W,YLR086W,0,-0.21556517,0.4677647054195404,0.9910269379615784,0.11313393712043762
YDR524C,YGR162W,0,-0.21709482,0.46754467487335205,0.9910269379615784,0.11323396861553192
YDR315C,YPL103C,0,-0.2202684,0.4673248827457428,0.9910269379615784,0.11333400011062622
YOR224C,YJL090C,0,-0.22108331,0.46710526943206787,0.9910269379615784,0.11343403160572052
YDR134C,YHR010W,0,-0.22196043,0.46688586473464966,0.9910269379615784,0.11353406310081482
YBL106C,YNL268W,0,-0.2225887,0.46666666865348816,0.9910269379615784,0.11363408714532852
YGR104C,YBR123C,0,-0.22636825,0.4664476811885834,0.9910269379615784,0.11373411864042282
YML018C,YBL082C,0,-0.23148124,0.4662289023399353,0.9910269379615784,0.11383415013551712
YGR106C,YML074C,0,-0.23271719,0.46601030230522156,0.9910269379615784,0.11393418163061142
YPR137C-B,YHL047C,0,-0.23354694,0.4657919406890869,0.9910269379615784,0.11403421312570572
YNR043W,YDR086C,0,-0.23356728,0.4655737578868866,0.9910269379615784,0.11413423717021942
YER174C,YPL068C,0,-0.24804358,0.4653558135032654,0.9910269379615784,0.11423426866531372
YNL049C,YPR166C,0,-0.24811266,0.4651380479335785,0.9910269379615784,0.11433430016040802
YDL137W,YDR299W,0,-0.2487177,0.4649204909801483,0.9910269379615784,0.11443433165550232
YML091C,YCR054C,0,-0.25641394,0.46470314264297485,0.9910269379615784,0.11453436315059662
YMR316W,YBL106C,0,-0.25670505,0.4644859731197357,0.9910269379615784,0.11463438719511032
YIL145C,YAL003W,0,-0.256818,0.4642690420150757,0.9910269379615784,0.11473441869020462
YIL125W,YDR139C,0,-0.2587955,0.46405228972435,0.9910269379615784,0.11483445018529892
YHR207C,YEL021W,0,-0.25975996,0.463835746049881,0.9910269379615784,0.11493448168039322
YML043C,YBR214W,0,-0.2597963,0.4636194109916687,0.9910269379615784,0.11503451317548752
YNL306W,YMR223W,0,-0.26122618,0.46340325474739075,0.9910269379615784,0.11513453722000122
YOR240W,YOR127W,0,-0.26163352,0.4631873369216919,0.9910269379615784,0.11523456871509552
YNR043W,YPR016C,0,-0.26496837,0.46297159790992737,0.9910269379615784,0.11533460021018982
YHR064C,YCL050C,0,-0.26775116,0.46275603771209717,0.9910269379615784,0.11543463170528412
YMR036C,YPL157W,0,-0.26848656,0.46254071593284607,0.9910269379615784,0.11553466320037842
YER087C-A,YOL139C,0,-0.26918167,0.4623255729675293,0.9910269379615784,0.11563468724489212
YNL248C,YLR139C,0,-0.2693972,0.46211063861846924,0.9910269379615784,0.11573471873998642
YGR159C,YPL194W,0,-0.26961118,0.4618959128856659,0.9910269379615784,0.11583475023508072
YJL165C,YLR048W,0,-0.26966837,0.4616813659667969,0.9910269379615784,0.11593478173017502
YBR030W,YBR185C,0,-0.27109244,0.46146702766418457,0.9910269379615784,0.11603481322526932
YDR253C,YKL021C,0,-0.27575028,0.461252897977829,0.9910269379615784,0.11613483726978302
YGL229C,YAL003W,0,-0.27627867,0.4610389471054077,0.9910269379615784,0.11623486876487732
YHR089C,YDL144C,0,-0.27797365,0.46082523465156555,0.9910269379615784,0.11633490025997162
YML054C,YIL101C,0,-0.27998483,0.4606116712093353,0.9910269379615784,0.11643493175506592
YDR342C,YLL035W,0,-0.2813277,0.4603983461856842,0.9910269379615784,0.11653496325016022
YNR001C,YOR131C,0,-0.28609106,0.4601851999759674,0.9910269379615784,0.11663498729467392
YJR016C,YGR262C,0,-0.28857335,0.45997223258018494,0.9910269379615784,0.11673501878976822
YER133W,YPL157W,0,-0.2887545,0.4597594738006592,0.9910269379615784,0.11683505028486252
YML025C,YLR106C,1,-0.2888436,0.46000924706459045,0.9920239448547363,0.11683505028486252
YDR044W,YGR061C,0,-0.2902132,0.459796667098999,0.9920239448547363,0.11693508177995682
YBR176W,YER174C,0,-0.29173967,0.4595842957496643,0.9920239448547363,0.11703511327505112
YPL271W,YBR105C,0,-0.29240048,0.4593721032142639,0.9920239448547363,0.11713513731956482
YMR287C,YJR097W,0,-0.2926464,0.45916011929512024,0.9920239448547363,0.11723516881465912
YPL257W-A,YOL002C,0,-0.29292405,0.4589483439922333,0.9920239448547363,0.11733520030975342
YNL007C,YGL031C,0,-0.29428267,0.45873674750328064,0.9920239448547363,0.11743523180484772
YDR253C,YDR116C,0,-0.29765144,0.4585253596305847,0.9920239448547363,0.11753526329994202
YMR016C,YML125C,0,-0.29794842,0.4583141505718231,0.9920239448547363,0.11763528734445572
YDL043C,YDR038C,0,-0.29807433,0.45810312032699585,0.9920239448547363,0.11773531883955002
YOL127W,YDL030W,0,-0.29972237,0.4578923285007477,0.9920239448547363,0.11783535033464432
YMR142C,YML040W,0,-0.30129045,0.45768168568611145,0.9920239448547363,0.11793538182973862
YHR116W,YDR115W,0,-0.30167413,0.45747125148773193,0.9920239448547363,0.11803541332483292
YGR159C,YGL059W,0,-0.3039017,0.45726102590560913,0.9920239448547363,0.11813543736934662
YBL030C,YER131W,0,-0.30657482,0.45705097913742065,0.9920239448547363,0.11823546886444092
YLR127C,YDR420W,0,-0.30760843,0.4568411409854889,0.9920239448547363,0.11833550035953522
YNL218W,YBL055C,0,-0.30829173,0.45663148164749146,0.9920239448547363,0.11843553185462952
YLR283W,YLR418C,0,-0.30914915,0.45642203092575073,0.9920239448547363,0.11853556334972382
YBR097W,YIL101C,0,-0.31708694,0.45621275901794434,0.9920239448547363,0.11863558739423752
YMR256C,YOR150W,0,-0.31840295,0.45600366592407227,0.9920239448547363,0.11873561888933182
YNR020C,YOL109W,0,-0.31932485,0.4557947814464569,0.9920239448547363,0.11883565038442612
YBL017C,YNL244C,0,-0.31958476,0.4555860757827759,0.9920239448547363,0.11893568187952042
YOL127W,YHL047C,0,-0.32322338,0.45537757873535156,0.9920239448547363,0.11903571337461472
YCL063W,YLL011W,0,-0.32423675,0.4551692605018616,0.9920239448547363,0.11913573741912842
YNL206C,YER070W,0,-0.32501712,0.4549611210823059,0.9920239448547363,0.11923576891422272
YLR373C,YML115C,0,-0.32702446,0.45475319027900696,0.9920239448547363,0.11933580040931702
YDR495C,YML060W,0,-0.32735267,0.4545454680919647,0.9920239448547363,0.11943583190441132
YPL257W-A,YDR330W,0,-0.32827207,0.4543378949165344,0.9920239448547363,0.11953586339950562
YBL024W,YHR171W,0,-0.3295824,0.45413053035736084,0.9920239448547363,0.11963588744401932
YCL059C,YMR314W,0,-0.33149305,0.4539233446121216,0.9920239448547363,0.11973591893911362
YMR287C,YER164W,0,-0.3316392,0.45371636748313904,0.9920239448547363,0.11983595043420792
YOL080C,YFR007W,0,-0.33395237,0.4535095691680908,0.9920239448547363,0.11993598192930222
YPR178W,YPR016C,0,-0.3347625,0.45330294966697693,0.9920239448547363,0.12003601342439651
YPR137C-B,YJL165C,0,-0.3368547,0.45309653878211975,0.9920239448547363,0.12013603746891022
YDR046C,YDR121W,0,-0.3407045,0.4528903067111969,0.9920239448547363,0.12023606896400452
YGL035C,YBR158W,0,-0.34282285,0.4526842534542084,0.9920239448547363,0.12033610045909882
YGR104C,YHL009W-B,0,-0.34334713,0.45247840881347656,0.9920239448547363,0.12043613195419312
YDR242W,YKL218C,0,-0.34362954,0.4522727131843567,0.9920239448547363,0.12053616344928741
YDR531W,YIL026C,0,-0.34374273,0.4520672559738159,0.9920239448547363,0.12063618749380112
YCR039C,YOR063W,0,-0.34542716,0.4518619477748871,0.9920239448547363,0.12073621898889542
YLR364W,YMR303C,0,-0.34581405,0.4516568183898926,0.9920239448547363,0.12083625048398972
YPR098C,YML124C,0,-0.34798038,0.4514518976211548,0.9920239448547363,0.12093628197908401
YLR192C,YKL056C,0,-0.34818786,0.4512471556663513,0.9920239448547363,0.12103631347417831
YDR012W,YIR015W,0,-0.34865272,0.45104262232780457,0.9920239448547363,0.12113633751869202
YGR063C,YBR164C,0,-0.35022324,0.45083823800086975,0.9920239448547363,0.12123636901378632
YNL293W,YOR343W-A,0,-0.3510831,0.45063406229019165,0.9920239448547363,0.12133640050888062
YDR279W,YJL065C,0,-0.35290727,0.4504300653934479,0.9920239448547363,0.12143643200397491
YGL206C,YPL226W,0,-0.35480323,0.4502262473106384,0.9920239448547363,0.12153646349906921
YML070W,YMR022W,0,-0.35621879,0.4500226080417633,0.9920239448547363,0.12163648754358292
YPL271W,YHR117W,0,-0.3587014,0.4498191773891449,0.9920239448547363,0.12173651903867722
YNL112W,YPR042C,0,-0.36143672,0.4496158957481384,0.9920239448547363,0.12183655053377151
YCL059C,YDR313C,0,-0.36455047,0.44941282272338867,0.9920239448547363,0.12193658202886581
YHR140W,YLR327C,0,-0.36681753,0.44920992851257324,0.9920239448547363,0.12203661352396011
YOR290C,YOL140W,0,-0.3676378,0.44900721311569214,0.9920239448547363,0.12213663756847382
YBL090W,YKL028W,0,-0.36819494,0.44880467653274536,0.9920239448547363,0.12223666906356812
YJR160C,YOL019W,0,-0.37007344,0.4486023485660553,0.9920239448547363,0.12233670055866241
YBR175W,YLR430W,0,-0.37245122,0.4484001696109772,0.9920239448547363,0.12243673205375671
YJL198W,YGR001C,0,-0.37387925,0.44819819927215576,0.9920239448547363,0.12253676354885101
YHR167W,YOR244W,0,-0.37423965,0.4479964077472687,0.9920239448547363,0.12263678759336472
YOR192C-B,YBL069W,0,-0.37446466,0.44779476523399353,0.9920239448547363,0.12273681908845901
YPL226W,YDR031W,0,-0.3779866,0.4475933313369751,0.9920239448547363,0.12283685058355331
YER110C,YOR092W,0,-0.38049877,0.447392076253891,0.9920239448547363,0.12293688207864761
YML060W,YOR043W,0,-0.3813711,0.4471909999847412,0.9920239448547363,0.12303691357374191
YNR011C,YKL183W,0,-0.38183972,0.44699010252952576,0.9920239448547363,0.12313693761825562
YDR134C,YDL130W,0,-0.38512236,0.446789413690567,0.9920239448547363,0.12323696911334991
YDR060W,YLR265C,0,-0.38623822,0.4465888738632202,0.9920239448547363,0.12333700060844421
YIL145C,YPR186C,0,-0.38842285,0.44638851284980774,0.9920239448547363,0.12343703210353851
YML074C,YGR279C,0,-0.38922802,0.4461883306503296,0.9920239448547363,0.12353706359863281
YCR039C,YPR102C,0,-0.39047068,0.44598835706710815,0.9920239448547363,0.12363708764314651
YGR104C,YKL156W,0,-0.39049968,0.44578853249549866,0.9920239448547363,0.12373711913824081
YMR282C,YEL015W,0,-0.3905722,0.4455888867378235,0.9920239448547363,0.12383715063333511
YNR020C,YDR120C,0,-0.39121497,0.44538944959640503,0.9920239448547363,0.12393718212842941
YGL210W,YJR094W-A,0,-0.3917907,0.4451901614665985,0.9920239448547363,0.12403721362352371
YCL055W,YHR136C,0,-0.39625478,0.4449910521507263,0.9920239448547363,0.12413723766803741
YMR287C,YER110C,0,-0.39635527,0.44479212164878845,0.9920239448547363,0.12423726916313171
YGR101W,YGR184C,0,-0.39849278,0.4445933997631073,0.9920239448547363,0.12433730065822601
YHL019C,YOR343W-A,0,-0.39968717,0.4443948268890381,0.9920239448547363,0.12443733215332031
YDR299W,YML104C,0,-0.39993942,0.4441964328289032,0.9920239448547363,0.12453736364841461
YJL033W,YDR013W,0,-0.40325266,0.44399821758270264,0.9920239448547363,0.12463738769292831
YCL055W,YFL039C,0,-0.40347686,0.4438001811504364,0.9920239448547363,0.12473741918802261
YDL067C,YOR369C,0,-0.40390685,0.4436023235321045,0.9920239448547363,0.12483745068311691
YER095W,YPL031C,0,-0.40491152,0.4434046447277069,0.9920239448547363,0.12493748217821121
YOL005C,YPR122W,0,-0.4090473,0.44320711493492126,0.9920239448547363,0.12503750622272491
YOR315W,YGR076C,0,-0.4092818,0.44300979375839233,0.9920239448547363,0.1251375377178192
YDL229W,YNL091W,0,-0.4109503,0.44281265139579773,0.9920239448547363,0.1252375692129135
YER087C-A,YPL089C,0,-0.41258037,0.44261565804481506,0.9920239448547363,0.1253376007080078
YDR253C,YOL092W,0,-0.4169321,0.4424188435077667,0.9920239448547363,0.1254376322031021
YOR063W,YJR089W,0,-0.41983023,0.4422222077846527,0.9920239448547363,0.1255376636981964
YOR150W,YOL002C,0,-0.42130184,0.4420257806777954,0.9920239448547363,0.1256376951932907
YCL055W,YBR058C,0,-0.42205885,0.44182947278022766,0.9920239448547363,0.125737726688385
YJL143W,YAL058W,0,-0.42420274,0.4416333734989166,0.9920239448547363,0.1258377581834793
YBL030C,YNL162W,0,-0.42460477,0.4414374530315399,0.9920239448547363,0.12593777477741241
YNR016C,YBL037W,0,-0.42716095,0.44124168157577515,0.9920239448547363,0.1260378062725067
YML054C,YGR223C,0,-0.42760238,0.4410460889339447,0.9920239448547363,0.126137837767601
YOR037W,YLR327C,0,-0.42787707,0.4408506751060486,0.9920239448547363,0.1262378692626953
YDR121W,YMR127C,0,-0.42807907,0.4406554400920868,0.9920239448547363,0.1263379007577896
YBR087W,YGR116W,0,-0.42863524,0.4404603838920593,0.9920239448547363,0.1264379322528839
YHR046C,YJL189W,0,-0.43349612,0.4402654767036438,0.9920239448547363,0.1265379637479782
YLR439W,YLR287C-A,0,-0.435234,0.440070778131485,0.9920239448547363,0.1266379952430725
YOR386W,YLR430W,0,-0.43565136,0.4398762285709381,0.9920239448547363,0.1267380267381668
YBR024W,YOL080C,0,-0.4364951,0.4396818280220032,0.9920239448547363,0.1268380582332611
YDL051W,YIL112W,0,-0.43697354,0.43948763608932495,0.9920239448547363,0.1269380748271942
YGL106W,YGR162W,0,-0.43705565,0.43929359316825867,0.9920239448547363,0.1270381063222885
YGR262C,YIL126W,0,-0.43916056,0.4390997290611267,0.9920239448547363,0.1271381378173828
YCR096C,YHR089C,0,-0.43965036,0.4389060437679291,0.9920239448547363,0.1272381693124771
YPR041W,YMR204C,0,-0.44017398,0.4387125074863434,0.9920239448547363,0.1273382008075714
YHR046C,YHL036W,0,-0.44066793,0.4385191798210144,0.9920239448547363,0.1274382323026657
YDL190C,YLL038C,0,-0.44740093,0.43832600116729736,0.9920239448547363,0.12753826379776
YER133W,YDR288W,0,-0.448382,0.43813297152519226,0.9920239448547363,0.1276382952928543
YNR022C,YKL143W,0,-0.44998002,0.43794015049934387,0.9920239448547363,0.1277383267879486
YBR012W-A,YAL025C,0,-0.45167217,0.4377474784851074,0.9920239448547363,0.1278383582830429
YMR139W,YER082C,0,-0.45208812,0.4375549554824829,0.9920239448547363,0.127938374876976
YDL030W,YOL125W,0,-0.4521109,0.4373626410961151,0.9920239448547363,0.1280384063720703
YAL043C,YHR099W,0,-0.45214245,0.43717047572135925,0.9920239448547363,0.1281384378671646
YML060W,YNL015W,0,-0.45378098,0.4369784891605377,0.9920239448547363,0.1282384693622589
YGL191W,YHR039C-B,0,-0.4539495,0.4367866516113281,0.9920239448547363,0.1283385008573532
YGR054W,YFL037W,0,-0.45437074,0.43659499287605286,0.9920239448547363,0.1284385323524475
YLR204W,YGR274C,0,-0.45456302,0.4364035129547119,0.9920239448547363,0.1285385638475418
YJL143W,YML063W,0,-0.45854133,0.4362121820449829,0.9920239448547363,0.1286385953426361
YBR291C,YMR023C,0,-0.45970345,0.43602102994918823,0.9920239448547363,0.1287386268377304
YKR058W,YBR012W-B,0,-0.45989543,0.4358300566673279,0.9920239448547363,0.1288386583328247
YOR228C,YER082C,0,-0.4601348,0.43563923239707947,0.9920239448547363,0.1289386749267578
YPL143W,YCL061C,0,-0.4609142,0.4354485869407654,0.9920239448547363,0.1290387064218521
YLR419W,YLR371W,0,-0.4614011,0.43525809049606323,0.9920239448547363,0.1291387379169464
YDR060W,YDR443C,0,-0.46388996,0.4350677728652954,0.9920239448547363,0.1292387694120407
YOR174W,YOL125W,0,-0.46459782,0.4348776340484619,0.9920239448547363,0.129338800907135
YBR048W,YPL269W,0,-0.4668452,0.43468764424324036,0.9920239448547363,0.1294388324022293
YDR536W,YER131W,0,-0.46688673,0.43449780344963074,0.9920239448547363,0.1295388638973236
YOL003C,YBR205W,0,-0.4677147,0.43430817127227783,0.9920239448547363,0.1296388953924179
YOR037W,YAL003W,0,-0.46839854,0.43411868810653687,0.9920239448547363,0.1297389268875122
YDR050C,YNL007C,0,-0.46879336,0.43392935395240784,0.9920239448547363,0.1298389583826065
YDR128W,YNL188W,0,-0.47236973,0.43374019861221313,0.9920239448547363,0.1299389749765396
YER036C,YDR483W,0,-0.4738757,0.43355119228363037,0.9920239448547363,0.1300390064716339
YBR291C,YMR208W,0,-0.47397387,0.43336236476898193,0.9920239448547363,0.1301390379667282
YOL071W,YPR021C,0,-0.47502768,0.4331737160682678,0.9920239448547363,0.1302390694618225
YOR201C,YDR334W,0,-0.4761301,0.43298521637916565,0.9920239448547363,0.1303391009569168
YNL207W,YMR098C,0,-0.47710517,0.4327968657016754,0.9920239448547363,0.1304391324520111
YGR104C,YER012W,0,-0.4775457,0.4326086938381195,0.9920239448547363,0.1305391639471054
YLR266C,YML060W,0,-0.47811067,0.4324207007884979,0.9920239448547363,0.1306391954421997
YLR134W,YDR139C,0,-0.47982323,0.4322328269481659,0.9920239448547363,0.130739226937294
YER044C,YDR101C,0,-0.47986028,0.4320451617240906,0.9920239448547363,0.1308392584323883
YBR156C,YNL213C,0,-0.48237962,0.4318576455116272,0.9920239448547363,0.1309392750263214
YPL106C,YNL135C,0,-0.48284093,0.43167027831077576,0.9920239448547363,0.1310393065214157
YDR334W,YGR071C,0,-0.48285413,0.43148308992385864,0.9920239448547363,0.13113933801651
YGR124W,YML115C,0,-0.48312715,0.43129605054855347,0.9920239448547363,0.1312393695116043
YAR010C,YGR001C,0,-0.48369807,0.4311091899871826,0.9920239448547363,0.1313394010066986
YKR059W,YGR124W,0,-0.4862648,0.4309224784374237,0.9920239448547363,0.1314394325017929
YMR071C,YMR150C,0,-0.48704475,0.43073591589927673,0.9920239448547363,0.1315394639968872
YER148W,YNR011C,0,-0.4897991,0.4305495321750641,0.9920239448547363,0.1316394954919815
YPR158C-D,YDR239C,0,-0.4901543,0.43036332726478577,0.9920239448547363,0.1317395269870758
YBL054W,YNR040W,0,-0.49063075,0.4301772713661194,0.9920239448547363,0.1318395584821701
YGR220C,YNL227C,1,-0.49066114,0.4304234981536865,0.9930209517478943,0.1318395584821701
YOL065C,YOL117W,0,-0.49118492,0.4302375912666321,0.9930209517478943,0.1319395750761032
YKL004W,YDR315C,0,-0.49196684,0.4300518035888672,0.9930209517478943,0.1320396065711975
YIL004C,YHR039C-B,0,-0.49443316,0.4298661947250366,0.9930209517478943,0.1321396380662918
YGL135W,YGR076C,0,-0.4959996,0.4296807646751404,0.9930209517478943,0.1322396695613861
YPL271W,YNL149C,0,-0.49603558,0.4294954836368561,0.9930209517478943,0.1323397010564804
YKR094C,YOR240W,0,-0.4967294,0.4293103516101837,0.9930209517478943,0.1324397325515747
YBR176W,YER056C-A,0,-0.49741966,0.4291253685951233,0.9930209517478943,0.132539764046669
YKL173W,YGL095C,0,-0.49898592,0.4289405643939972,0.9930209517478943,0.1326397955417633
YER086W,YAR018C,0,-0.5041165,0.42875590920448303,0.9930209517478943,0.1327398270368576
YEL038W,YLR192C,0,-0.5052116,0.4285714328289032,0.9930209517478943,0.1328398585319519
YGR116W,YLR010C,0,-0.50611913,0.4283871054649353,0.9930209517478943,0.132939875125885
YPL106C,YJR022W,0,-0.50656396,0.42820292711257935,0.9930209517478943,0.1330399066209793
YNL185C,YDR197W,0,-0.50685084,0.4280188977718353,0.9930209517478943,0.1331399381160736
YGR159C,YMR307W,0,-0.5098817,0.42783504724502563,0.9930209517478943,0.1332399696111679
YJL165C,YLR337W,0,-0.5107865,0.4276513457298279,0.9930209517478943,0.1333400011062622
YIL026C,YNL289W,0,-0.51424176,0.42746782302856445,0.9930209517478943,0.1334400326013565
YDL136W,YOR240W,0,-0.51616,0.4272844195365906,0.9930209517478943,0.1335400640964508
YOL120C,YDR197W,0,-0.5189045,0.427101194858551,0.9930209517478943,0.1336400955915451
YBR291C,YDL006W,0,-0.5189693,0.4269181191921234,0.9930209517478943,0.1337401270866394
YOR224C,YEL017C-A,0,-0.5194015,0.4267352223396301,0.9930209517478943,0.1338401585817337
YNL001W,YBR030W,0,-0.5198096,0.4265524744987488,0.9930209517478943,0.1339401751756668
YAR010C,YGR061C,0,-0.5208915,0.42636987566947937,0.9930209517478943,0.1340402066707611
YGL210W,YDR134C,0,-0.52375853,0.4261874258518219,0.9930209517478943,0.1341402381658554
YDR448W,YGR035C,0,-0.52386785,0.42600512504577637,0.9930209517478943,0.1342402696609497
YNL292W,YMR223W,0,-0.5248976,0.42582300305366516,0.9930209517478943,0.134340301156044
YOR265W,YIL039W,0,-0.5269689,0.4256410300731659,0.9930209517478943,0.1344403326511383
YGL147C,YML091C,0,-0.5296632,0.42545920610427856,0.9930209517478943,0.1345403641462326
YML005W,YJR029W,0,-0.53039455,0.4252775311470032,0.9930209517478943,0.1346403956413269
YIL093C,YDR523C,0,-0.53052306,0.4250960350036621,0.9930209517478943,0.1347404271364212
YPL148C,YKL143W,0,-0.5316538,0.424914687871933,0.9930209517478943,0.1348404586315155
YJL143W,YKL059C,0,-0.5317025,0.4247334897518158,0.9930209517478943,0.1349404752254486
YJL065C,YNL151C,0,-0.5318196,0.42455244064331055,0.9930209517478943,0.1350405067205429
YFL036W,YJL133W,0,-0.53585696,0.42437154054641724,0.9930209517478943,0.1351405382156372
YLR221C,YDR247W,0,-0.5371883,0.42419078946113586,0.9930209517478943,0.1352405697107315
YDR238C,YNL096C,0,-0.5380138,0.4240102171897888,0.9930209517478943,0.1353406012058258
YPL231W,YPR108W,0,-0.54036736,0.4238297939300537,0.9930209517478943,0.1354406327009201
YLR172C,YCR047C,0,-0.5418354,0.42364951968193054,0.9930209517478943,0.1355406641960144
YEL054C,YDR032C,0,-0.5425495,0.4234693944454193,0.9930209517478943,0.1356406956911087
YOR308C,YBR087W,0,-0.5433766,0.42328941822052,0.9930209517478943,0.135740727186203
YHR089C,YCL069W,0,-0.54459685,0.42310959100723267,0.9930209517478943,0.1358407586812973
YJL143W,YOR240W,0,-0.54638463,0.42292994260787964,0.9930209517478943,0.1359407752752304
YNR022C,YPL038W,0,-0.5468113,0.42275041341781616,0.9930209517478943,0.1360408067703247
YDR270W,YPL257W-A,0,-0.54691446,0.422571063041687,0.9930209517478943,0.136140838265419
YDR012W,YOR075W,0,-0.5470276,0.4223918616771698,0.9930209517478943,0.1362408697605133
YMR281W,YKR059W,0,-0.5472268,0.4222128093242645,0.9930209517478943,0.1363409012556076
YDL043C,YMR012W,0,-0.55034906,0.4220339059829712,0.9930209517478943,0.1364409327507019
YPR102C,YDL065C,0,-0.55053014,0.4218551516532898,0.9930209517478943,0.1365409642457962
YNL207W,YML009C,0,-0.55136174,0.42167654633522034,0.9930209517478943,0.1366409957408905
YMR235C,YLR192C,0,-0.5518125,0.4214980900287628,0.9930209517478943,0.1367410272359848
YDR341C,YDL075W,0,-0.5540242,0.42131978273391724,0.9930209517478943,0.1368410587310791
YEL065W,YNL149C,0,-0.5561362,0.421141654253006,0.9930209517478943,0.1369410753250122
YML043C,YIL101C,0,-0.55780816,0.4209636449813843,0.9930209517478943,0.1370411068201065
YHR067W,YNL308C,0,-0.5591612,0.4207858145236969,0.9930209517478943,0.1371411383152008
YDL204W,YDL008W,0,-0.56007993,0.4206081032752991,0.9930209517478943,0.1372411698102951
YDR299W,YCL055W,0,-0.56075215,0.42043057084083557,0.9930209517478943,0.1373412013053894
YNL244C,YLR014C,0,-0.5616802,0.4202531576156616,0.9930209517478943,0.1374412328004837
YJR016C,YPL090C,0,-0.56377524,0.420075923204422,0.9930209517478943,0.137541264295578
YBL061C,YMR312W,0,-0.5645879,0.4198988080024719,0.9930209517478943,0.1376412957906723
YMR004W,YDR158W,0,-0.5649837,0.4197218716144562,0.9930209517478943,0.1377413272857666
YDR533C,YCL059C,0,-0.5657461,0.41954508423805237,0.9930209517478943,0.1378413587808609
YAL041W,YBR048W,0,-0.56657284,0.4193684160709381,0.9930209517478943,0.137941375374794
YOR315W,YDL007W,0,-0.5672917,0.4191919267177582,0.9930209517478943,0.1380414068698883
YHR027C,YML115C,0,-0.5681906,0.4190155565738678,0.9930209517478943,0.1381414383649826
YDL101C,YHR039C-B,0,-0.5737386,0.41883936524391174,0.9930209517478943,0.1382414698600769
YOL005C,YMR314W,0,-0.575896,0.41866329312324524,0.9930209517478943,0.1383415013551712
YBR048W,YDL017W,0,-0.57612777,0.41848739981651306,0.9930209517478943,0.1384415328502655
YDR224C,YGR076C,0,-0.5764804,0.41831162571907043,0.9930209517478943,0.1385415643453598
YPL028W,YPR184W,0,-0.57720894,0.41813603043556213,0.9930209517478943,0.1386415958404541
YOR192C-A,YLR078C,0,-0.57875437,0.4179605543613434,0.9930209517478943,0.1387416273355484
YLR170C,YOL120C,0,-0.58139795,0.4177852272987366,0.9930209517478943,0.1388416588306427
YHR011W,YDR054C,0,-0.58175945,0.4176100492477417,0.9930209517478943,0.1389416754245758
YMR166C,YLR015W,0,-0.58427435,0.41743505001068115,0.9930209517478943,0.1390417069196701
YJR094W-A,YDR387C,0,-0.5852121,0.41726016998291016,0.9930209517478943,0.1391417384147644
YDR316W-A,YGR295C,0,-0.58543456,0.4170854389667511,0.9930209517478943,0.1392417699098587
YLL038C,YPL090C,0,-0.5890477,0.4169108271598816,0.9930209517478943,0.139341801404953
YIR023W,YGR061C,0,-0.5895208,0.4167363941669464,0.9930209517478943,0.1394418329000473
YDR529C,YJL121C,0,-0.59303164,0.41656211018562317,0.9930209517478943,0.1395418643951416
YNL218W,YHR064C,0,-0.5937979,0.4163879454135895,0.9930209517478943,0.1396418958902359
YDL141W,YDR060W,0,-0.59388864,0.4162139594554901,0.9930209517478943,0.1397419273853302
YIL150C,YBR205W,0,-0.5950049,0.4160400927066803,0.9930209517478943,0.1398419588804245
YJL129C,YGR200C,0,-0.59502476,0.4158663749694824,0.9930209517478943,0.1399419754743576
YJR145C,YER096W,0,-0.5972043,0.41569283604621887,0.9930209517478943,0.1400420069694519
YEL054C,YKL108W,0,-0.59822035,0.4155193865299225,0.9930209517478943,0.1401420384645462
YGR047C,YBL037W,0,-0.598415,0.4153461158275604,0.9930209517478943,0.1402420699596405
YDR531W,YGR162W,0,-0.59941435,0.4151729941368103,0.9930209517478943,0.1403421014547348
YNR061C,YNL054W-B,0,-0.59944654,0.41499999165534973,0.9930209517478943,0.1404421329498291
YIL109C,YMR122W-A,0,-0.60086346,0.4148271679878235,0.9930209517478943,0.1405421644449234
YNL292W,YER111C,0,-0.6012383,0.4146544635295868,0.9930209517478943,0.1406421959400177
YDR424C,YOL139C,0,-0.6019208,0.41448190808296204,0.9930209517478943,0.140742227435112
YOR047C,YBR048W,0,-0.60219324,0.41430947184562683,0.9930209517478943,0.1408422589302063
YBR009C,YBR122C,0,-0.6025362,0.41413721442222595,0.9930209517478943,0.1409422755241394
YGR159C,YDR326C,0,-0.6026232,0.4139650762081146,0.9930209517478943,0.1410423070192337
YJR145C,YLR304C,0,-0.60506827,0.4137931168079376,0.9930209517478943,0.141142338514328
YKL181W,YBR297W,0,-0.6055677,0.41362127661705017,0.9930209517478943,0.1412423700094223
YER088C,YIL090W,0,-0.60631615,0.41344955563545227,0.9930209517478943,0.1413424015045166
YBL054W,YDR330W,0,-0.60712266,0.4132780134677887,0.9930209517478943,0.1414424329996109
YLR418C,YBL010C,0,-0.60718715,0.4131065905094147,0.9930209517478943,0.1415424644947052
YNR027W,YHR186C,0,-0.608371,0.4129353165626526,0.9930209517478943,0.1416424959897995
YLR304C,YPL092W,0,-0.60844666,0.41276419162750244,0.9930209517478943,0.1417425274848938
YMR056C,YNL268W,0,-0.61107236,0.41259321570396423,0.9930209517478943,0.1418425589799881
YNR020C,YNR041C,0,-0.6112903,0.4124223589897156,0.9930209517478943,0.1419425755739212
YPR186C,YMR004W,0,-0.6113337,0.41225165128707886,0.9930209517478943,0.1420426070690155
YFR005C,YHR036W,0,-0.6124399,0.4120810925960541,0.9930209517478943,0.1421426385641098
YJR013W,YHR052W,0,-0.61758083,0.41191068291664124,0.9930209517478943,0.1422426700592041
YGR220C,YDR014W,0,-0.6190103,0.41174039244651794,0.9930209517478943,0.1423427015542984
YNL162W,YNL289W,0,-0.62765306,0.4115702509880066,0.9930209517478943,0.1424427330493927
YNL054W-B,YMR224C,0,-0.62787783,0.4114002585411072,0.9930209517478943,0.142542764544487
YEL015W,YLR038C,0,-0.62935245,0.4112303853034973,0.9930209517478943,0.1426427960395813
YCL063W,YDR128W,0,-0.6295788,0.4110606610774994,0.9930209517478943,0.1427428275346756
YDR050C,YCR040W,0,-0.62979287,0.4108910858631134,0.9930209517478943,0.1428428590297699
YHR021C,YHR184W,0,-0.6346425,0.41072165966033936,0.9930209517478943,0.142942875623703
YGL173C,YIR012W,0,-0.6362504,0.41055235266685486,0.9930209517478943,0.1430429071187973
YER027C,YOL156W,0,-0.63644207,0.4103831946849823,0.9930209517478943,0.1431429386138916
YGR101W,YDR115W,0,-0.63785136,0.4102141559123993,0.9930209517478943,0.1432429701089859
YBR164C,YLR430W,0,-0.64104754,0.4100452959537506,0.9930209517478943,0.1433430016040802
YDR270W,YOR369C,0,-0.64180577,0.4098765552043915,0.9930209517478943,0.1434430330991745
YFL002W-A,YER110C,0,-0.6429166,0.4097079336643219,0.9930209517478943,0.1435430645942688
YKL195W,YMR303C,0,-0.6457393,0.40953946113586426,0.9930209517478943,0.1436430960893631
YFR037C,YDR088C,0,-0.64629096,0.40937113761901855,0.9930209517478943,0.1437431275844574
YER174C,YDR387C,0,-0.65248024,0.4092029631137848,0.9930209517478943,0.1438431590795517
YAL010C,YDR436W,0,-0.65273035,0.4090349078178406,0.9930209517478943,0.1439431756734848
YML129C,YPL123C,0,-0.6542977,0.4088670015335083,0.9930209517478943,0.1440432071685791
YGR058W,YMR314W,0,-0.654397,0.4086992144584656,0.9930209517478943,0.1441432386636734
YPL017C,YAL044C,0,-0.6561497,0.4085315763950348,0.9930209517478943,0.1442432701587677
YDR117C,YER110C,0,-0.65637004,0.40836408734321594,0.9930209517478943,0.144343301653862
YNL162W,YNL015W,0,-0.6566043,0.40819671750068665,0.9930209517478943,0.1444433331489563
YJR097W,YLR318W,0,-0.6569164,0.4080294966697693,0.9930209517478943,0.1445433646440506
YDL099W,YCR028C,0,-0.65705764,0.4078623950481415,0.9930209517478943,0.1446433961391449
YLR385C,YDL082W,0,-0.65981543,0.4076954424381256,0.9930209517478943,0.1447434276342392
YPR178W,YGL031C,0,-0.66053474,0.4075286388397217,0.9930209517478943,0.1448434591293335
YMR166C,YML018C,0,-0.66221493,0.4073619544506073,0.9930209517478943,0.1449434757232666
YDL141W,YMR312W,0,-0.66292536,0.40719541907310486,0.9930209517478943,0.1450435072183609
YOL139C,YNL158W,0,-0.6653643,0.40702900290489197,0.9930209517478943,0.1451435387134552
YLR106C,YIL078W,0,-0.66809833,0.406862735748291,0.9930209517478943,0.1452435702085495
YDR115W,YLR010C,0,-0.66817147,0.406696617603302,0.9930209517478943,0.1453436017036438
YNL162W,YAR010C,0,-0.66909575,0.40653061866760254,0.9930209517478943,0.1454436331987381
YER095W,YGL191W,0,-0.67046,0.4063647389411926,0.9930209517478943,0.1455436646938324
YDL099W,YOR244W,0,-0.6734273,0.40619900822639465,0.9930209517478943,0.1456436961889267
YOR240W,YKR097W,0,-0.6739432,0.4060334265232086,0.9930209517478943,0.145743727684021
YOR096W,YDR368W,0,-0.675371,0.40586796402931213,0.9930209517478943,0.1458437591791153
YBR142W,YAR044W,0,-0.6777639,0.4057026505470276,0.9930209517478943,0.1459437757730484
YPR158C-D,YDR071C,0,-0.67815274,0.4055374562740326,0.9930209517478943,0.1460438072681427
YOR346W,YML063W,0,-0.6786562,0.40537241101264954,0.9930209517478943,0.146143838763237
YOL067C,YJL133W,0,-0.6788399,0.40520748496055603,0.9930209517478943,0.1462438702583313
YHL044W,YML042W,0,-0.680668,0.40504270792007446,0.9930209517478943,0.1463439017534256
YOL120C,YBL101W-A,0,-0.6813866,0.40487805008888245,0.9930209517478943,0.1464439332485199
YDR440W,YCR053W,0,-0.681839,0.40471354126930237,0.9930209517478943,0.1465439647436142
YIL070C,YCR039C,0,-0.6822324,0.40454915165901184,0.9930209517478943,0.1466439962387085
YJL080C,YER112W,0,-0.6837572,0.40438491106033325,0.9930209517478943,0.1467440277338028
YOL071W,YGR116W,0,-0.6853491,0.4042207896709442,0.9930209517478943,0.1468440592288971
YJL158C,YOR233W,0,-0.68839633,0.4040567874908447,0.9930209517478943,0.1469440758228302
YNL301C,YHR167W,0,-0.6891741,0.4038929343223572,0.9930209517478943,0.1470441073179245
YOL065C,YCL031C,0,-0.6897926,0.40372923016548157,0.9930209517478943,0.1471441388130188
YDL082W,YKR097W,0,-0.6903672,0.4035656452178955,0.9930209517478943,0.1472441703081131
YGL178W,YPR016C,0,-0.6911222,0.403402179479599,0.9930209517478943,0.1473442018032074
YDR347W,YAL025C,0,-0.69197285,0.40323886275291443,0.9930209517478943,0.1474442332983017
YIL093C,YOR228C,0,-0.6968771,0.4030756652355194,0.9930209517478943,0.147544264793396
YGR292W,YPR042C,0,-0.6980448,0.40291261672973633,0.9930209517478943,0.1476442962884903
YBR123C,YOR369C,0,-0.6981063,0.4027496874332428,0.9930209517478943,0.1477443277835846
YNL227C,YML115C,0,-0.69987845,0.4025869071483612,0.9930209517478943,0.1478443592786789
YML129C,YER091C,0,-0.7008556,0.40242424607276917,0.9930209517478943,0.147944375872612
YPL143W,YNR007C,0,-0.70103806,0.4022617042064667,0.9930209517478943,0.1480444073677063
YDR003W,YBR251W,0,-0.70222014,0.4020993113517761,0.9930209517478943,0.1481444388628006
YHR031C,YPL144W,0,-0.7034261,0.4019370377063751,0.9930209517478943,0.1482444703578949
YNL306W,YJL102W,0,-0.70392627,0.40177491307258606,0.9930209517478943,0.1483445018529892
YMR056C,YDR210W-B,0,-0.70547473,0.40161290764808655,0.9930209517478943,0.1484445333480835
YPR047W,YPR073C,0,-0.70563114,0.4014510214328766,0.9930209517478943,0.1485445648431778
YPR137C-B,YOR143C,0,-0.70723677,0.40128928422927856,0.9930209517478943,0.1486445963382721
YLR170C,YGL031C,0,-0.7080658,0.4011276662349701,0.9930209517478943,0.1487446278333664
YPL068C,YBR164C,0,-0.7083686,0.40096619725227356,0.9930209517478943,0.1488446593284607
YJR145C,YPL159C,0,-0.70888525,0.4008048176765442,0.9930209517478943,0.148944690823555
YLR418C,YNL061W,0,-0.7095659,0.40064361691474915,0.9930209517478943,0.1490447074174881
YNL001W,YHR027C,0,-0.7106718,0.40048250555992126,0.9930209517478943,0.1491447389125824
YDR418W,YDR251W,0,-0.7108613,0.4003215432167053,0.9930209517478943,0.1492447704076767
YDL231C,YMR051C,0,-0.7108662,0.40016070008277893,0.9930209517478943,0.149344801902771
YNL310C,YER030W,0,-0.7127899,0.4000000059604645,0.9930209517478943,0.1494448333978653
YDR052C,YNR011C,0,-0.713401,0.3998394310474396,0.9930209517478943,0.1495448648929596
YPR041W,YNL310C,0,-0.7159888,0.3996789753437042,0.9930209517478943,0.1496448963880539
YOR389W,YJL158C,0,-0.71695906,0.3995186388492584,0.9930209517478943,0.1497449278831482
YDR495C,YDR103W,0,-0.7176042,0.39935845136642456,0.9930209517478943,0.1498449593782425
YNL001W,YHR017W,0,-0.71773136,0.39919838309288025,0.9930209517478943,0.1499449908733368
YGR058W,YCL055W,0,-0.71846175,0.3990384638309479,0.9930209517478943,0.1500450074672699
YER095W,YER082C,0,-0.7207993,0.39887866377830505,0.9930209517478943,0.1501450389623642
YDR050C,YML115C,0,-0.72115207,0.3987189829349518,0.9930209517478943,0.1502450704574585
YGR058W,YDL143W,0,-0.7211944,0.39855942130088806,0.9930209517478943,0.1503451019525528
YIL145C,YJR022W,0,-0.72151685,0.3984000086784363,0.9930209517478943,0.1504451334476471
YGL135W,YLR097C,0,-0.7217315,0.39824071526527405,0.9930209517478943,0.1505451649427414
YDR279W,YKL042W,0,-0.72218794,0.39808154106140137,0.9930209517478943,0.1506451964378357
YOR192C-A,YDR503C,0,-0.7245766,0.39792248606681824,0.9930209517478943,0.15074522793293
YOR369C,YNL268W,0,-0.72582865,0.39776358008384705,0.9930209517478943,0.1508452594280243
YHR011W,YMR012W,0,-0.7302356,0.3976047933101654,0.9930209517478943,0.1509452909231186
YBL017C,YMR233W,0,-0.7303711,0.3974461257457733,0.9930209517478943,0.1510453075170517
YNR040W,YOR067C,0,-0.73104703,0.39728760719299316,0.9930209517478943,0.151145339012146
YHR039C-B,YLR176C,0,-0.7315844,0.3971291780471802,0.9930209517478943,0.1512453705072403
YMR070W,YBR158W,0,-0.73178947,0.3969708979129791,0.9930209517478943,0.1513454020023346
YLR287C-A,YPL258C,0,-0.73276937,0.3968127369880676,0.9930209517478943,0.1514454334974289
YLR201C,YER089C,0,-0.7328884,0.39665472507476807,0.9930209517478943,0.1515454649925232
YNL292W,YMR224C,0,-0.7336252,0.39649680256843567,0.9930209517478943,0.1516454964876175
YOR192C-A,YKL059C,0,-0.7343286,0.3963390290737152,0.9930209517478943,0.1517455279827118
YNL213C,YOR080W,0,-0.73451746,0.3961813747882843,0.9930209517478943,0.1518455594778061
YGL135W,YBL069W,0,-0.7345356,0.39602386951446533,0.9930209517478943,0.1519455909729004
YLL011W,YNL212W,0,-0.7354836,0.3958664536476135,0.9930209517478943,0.1520456075668335
YLR170C,YIR006C,0,-0.73666155,0.39570918679237366,0.9930209517478943,0.1521456390619278
YGL128C,YHR039C-B,0,-0.7371426,0.39555203914642334,0.9930209517478943,0.1522456705570221
YBL054W,YMR122W-A,0,-0.7377329,0.3953950107097626,0.9930209517478943,0.1523457020521164
YMR201C,YJL025W,0,-0.73983836,0.39523810148239136,0.9930209517478943,0.1524457335472107
YLR142W,YER126C,0,-0.7401384,0.3950813114643097,0.9930209517478943,0.152545765042305
YGR035C,YDR034C-C,0,-0.74311984,0.39492467045783997,0.9930209517478943,0.1526457965373993
YJR145C,YOR151C,0,-0.74412405,0.3947681188583374,0.9930209517478943,0.1527458280324936
YMR297W,YMR042W,0,-0.7447294,0.3946117162704468,0.9930209517478943,0.1528458595275879
YML074C,YGR286C,0,-0.74680865,0.3944554328918457,0.9930209517478943,0.1529458910226822
YIL150C,YKL183W,0,-0.7481619,0.39429929852485657,0.9930209517478943,0.1530459076166153
YMR127C,YPR073C,0,-0.7492354,0.3941432535648346,0.9930209517478943,0.1531459391117096
YIL093C,YDR014W,0,-0.74927825,0.3939873278141022,0.9930209517478943,0.1532459706068039
YPR041W,YCR053W,0,-0.7505306,0.3938315510749817,0.9930209517478943,0.1533460021018982
YOR037W,YLR106C,0,-0.7518448,0.39367589354515076,0.9930209517478943,0.1534460335969925
YNR027W,YHR010W,0,-0.75609034,0.3935203552246094,0.9930209517478943,0.1535460650920868
YBR158W,YCL066W,0,-0.75610995,0.39336493611335754,0.9930209517478943,0.1536460965871811
YBR264C,YBR198C,0,-0.75754553,0.39320963621139526,0.9930209517478943,0.1537461280822754
YLR439W,YML077W,0,-0.75794506,0.39305445551872253,0.9930209517478943,0.1538461595773697
YER159C-A,YGL123W,0,-0.758844,0.39289939403533936,0.9930209517478943,0.153946191072464
YMR036C,YOR096W,0,-0.7592267,0.3927444815635681,0.9930209517478943,0.1540462076663971
YMR042W,YBL101W-A,0,-0.7592648,0.39258965849876404,0.9930209517478943,0.1541462391614914
YDR342C,YNL310C,0,-0.75957805,0.3924349844455719,0.9930209517478943,0.1542462706565857
YGL120C,YAL044C,0,-0.7605941,0.3922804296016693,0.9930209517478943,0.15434630215168
YER030W,YKL028W,0,-0.76075387,0.3921259939670563,0.9930209517478943,0.1544463336467743
YKL173W,YOL018C,0,-0.76124215,0.3919716775417328,0.9930209517478943,0.1545463651418686
YLR106C,YGR262C,0,-0.76194155,0.39181748032569885,0.9930209517478943,0.1546463966369629
YIL004C,YNL310C,0,-0.7631855,0.39166340231895447,0.9930209517478943,0.1547464281320572
YNL136W,YKL181W,0,-0.7638623,0.39150944352149963,0.9930209517478943,0.1548464596271515
YKL011C,YFL039C,0,-0.7646272,0.39135560393333435,0.9930209517478943,0.1549464911222458
YNL012W,YPL186C,0,-0.7651769,0.3912018835544586,0.9930209517478943,0.1550465077161789
YBR296C,YHR039C-B,0,-0.7653363,0.39104828238487244,0.9930209517478943,0.1551465392112732
YHR027C,YDR071C,0,-0.7663178,0.3908948302268982,0.9930209517478943,0.1552465707063675
YML106W,YBR289W,0,-0.767926,0.3907414674758911,0.9930209517478943,0.1553466022014618
YKR094C,YMR037C,0,-0.7681511,0.3905882239341736,0.9930209517478943,0.1554466336965561
YPR178W,YPL033C,0,-0.770025,0.390435129404068,0.9930209517478943,0.1555466651916504
YER131W,YDR288W,0,-0.7721505,0.39028212428092957,0.9930209517478943,0.1556466966867447
YGL120C,YGL059W,0,-0.77513224,0.3901292681694031,0.9930209517478943,0.155746728181839
YNR040W,YML115C,0,-0.77516437,0.38997650146484375,0.9930209517478943,0.1558467596769333
YLR096W,YDR418W,0,-0.77555144,0.38982388377189636,0.9930209517478943,0.1559467911720276
YML074C,YIL160C,0,-0.7783495,0.38967135548591614,0.9930209517478943,0.1560468077659607
YGL210W,YLL035W,0,-0.77872854,0.38951897621154785,0.9930209517478943,0.156146839261055
YGL168W,YER070W,0,-0.7796394,0.38936668634414673,0.9930209517478943,0.1562468707561493
YBL075C,YIL090W,0,-0.7803108,0.38921454548835754,0.9930209517478943,0.1563469022512436
YPR118W,YPL089C,0,-0.780378,0.3890624940395355,0.9930209517478943,0.1564469337463379
YBR291C,YJR134C,0,-0.78105867,0.38891059160232544,0.9930209517478943,0.1565469652414322
YDR060W,YLR100W,0,-0.78362757,0.3887587785720825,0.9930209517478943,0.1566469967365265
YBR158W,YOR322C,0,-0.783883,0.38860711455345154,0.9930209517478943,0.1567470282316208
YER025W,YDL144C,0,-0.7851835,0.3884555399417877,0.9930209517478943,0.1568470597267151
YIR017C,YDR101C,0,-0.785382,0.38830408453941345,0.9930209517478943,0.1569470912218094
YIL111W,YLR438C-A,0,-0.78733397,0.3881527781486511,0.9930209517478943,0.1570471078157425
YBR231C,YJL025W,0,-0.78809726,0.38800156116485596,0.9930209517478943,0.1571471393108368
YDR060W,YDR130C,0,-0.788534,0.38785046339035034,0.9930209517478943,0.1572471708059311
YBR123C,YOL133W,0,-0.789605,0.3876994848251343,0.9930209517478943,0.1573472023010254
YJL048C,YOR374W,0,-0.7906187,0.38754862546920776,0.9930209517478943,0.1574472337961197
YGL120C,YER095W,0,-0.7907541,0.3873978853225708,0.9930209517478943,0.157547265291214
YHL004W,YPR031W,0,-0.7909579,0.3872472643852234,0.9930209517478943,0.1576472967863083
YDL137W,YOL120C,0,-0.79302216,0.3870967626571655,0.9930209517478943,0.1577473282814026
YDL195W,YGR101W,0,-0.79488623,0.3869463801383972,0.9930209517478943,0.1578473597764969
YKL156W,YFR041C,0,-0.7951797,0.38679611682891846,0.9930209517478943,0.1579473912715912
YKL108W,YDR088C,0,-0.79996204,0.38664597272872925,0.9930209517478943,0.1580474078655243
YMR043W,YHR010W,0,-0.80346936,0.3864959180355072,0.9930209517478943,0.1581474393606186
YPL091W,YDR050C,0,-0.8041525,0.3863460123538971,0.9930209517478943,0.1582474708557129
YBL054W,YOR257W,0,-0.80417234,0.38619619607925415,0.9930209517478943,0.1583475023508072
YPR137C-B,YFR008W,0,-0.80514014,0.38604649901390076,0.9930209517478943,0.1584475338459015
YBR097W,YMR150C,0,-0.8059606,0.3858969509601593,0.9930209517478943,0.1585475653409958
YGL137W,YJR135W-A,0,-0.80605805,0.385747492313385,0.9930209517478943,0.1586475968360901
YGR159C,YDR376W,0,-0.8067802,0.38559815287590027,0.9930209517478943,0.1587476283311844
YDR052C,YGL031C,0,-0.808561,0.3854489028453827,0.9930209517478943,0.1588476598262787
YAL020C,YPL214C,0,-0.80864286,0.38529980182647705,0.9930209517478943,0.15894769132137299
YDR520C,YCL031C,0,-0.8089655,0.38515082001686096,0.9930209517478943,0.1590477079153061
YOR224C,YPL103C,0,-0.8130365,0.38500192761421204,0.9930209517478943,0.1591477394104004
YBR158W,YBL022C,0,-0.81379545,0.38485315442085266,0.9930209517478943,0.1592477709054947
YNL301C,YMR045C,0,-0.8142221,0.3847045302391052,0.9930209517478943,0.159347802400589
YLL009C,YLR370C,0,-0.81439406,0.38455599546432495,0.9930209517478943,0.1594478338956833
YNL086W,YIL090W,0,-0.8147093,0.38440755009651184,0.9930209517478943,0.1595478653907776
YDL006W,YGR123C,0,-0.8155643,0.38425925374031067,0.9930209517478943,0.1596478968858719
YOL003C,YNL135C,0,-0.81744444,0.38411107659339905,0.9930209517478943,0.1597479283809662
YNL054W-B,YHR013C,0,-0.81772614,0.3839629888534546,0.9930209517478943,0.15984795987606049
YER030W,YPR019W,0,-0.8188734,0.3838150203227997,0.9930209517478943,0.15994799137115479
YMR070W,YBR048W,0,-0.81894386,0.3836671710014343,0.9930209517478943,0.1600480079650879
YLR427W,YKL179C,0,-0.8203275,0.3835194408893585,0.9930209517478943,0.1601480394601822
YBL075C,YOR374W,0,-0.82086575,0.38337182998657227,0.9930209517478943,0.1602480709552765
YGL090W,YIL138C,0,-0.8236126,0.3832243084907532,0.9930209517478943,0.1603481024503708
YGR104C,YPR137C-B,0,-0.8244977,0.383076936006546,0.9930209517478943,0.1604481339454651
YGR027W-B,YBL074C,0,-0.82459533,0.38292965292930603,0.9930209517478943,0.1605481654405594
YKL100C,YLR015W,0,-0.8253498,0.3827824890613556,0.9930209517478943,0.1606481969356537
YGL119W,YDR088C,0,-0.82746655,0.3826354146003723,0.9930209517478943,0.16074822843074799
YLR427W,YKR048C,0,-0.8276978,0.382488489151001,0.9930209517478943,0.16084825992584229
YLR096W,YMR128W,0,-0.8282134,0.3823416531085968,0.9930209517478943,0.16094829142093658
YMR026C,YLR306W,0,-0.8335686,0.3821949362754822,0.9930209517478943,0.1610483080148697
YOR116C,YML125C,0,-0.8339475,0.3820483386516571,0.9930209517478943,0.161148339509964
YGR058W,YMR311C,0,-0.8349727,0.3819018304347992,0.9930209517478943,0.1612483710050583
YLR015W,YLR172C,0,-0.83516717,0.3817554712295532,0.9930209517478943,0.1613484025001526
YOR343W-A,YKR030W,0,-0.83545333,0.3816092014312744,0.9930209517478943,0.1614484339952469
YDL056W,YBR283C,0,-0.8375792,0.38146305084228516,0.9930209517478943,0.1615484654903412
YNL331C,YDR060W,0,-0.83807224,0.38131698966026306,0.9930209517478943,0.16164849698543549
YDR440W,YLR439W,0,-0.83831453,0.3811710774898529,0.9930209517478943,0.16174852848052979
YDR012W,YGR279C,0,-0.84073144,0.3810252547264099,0.9930209517478943,0.16184855997562408
YOR036W,YPL257W-A,0,-0.84126544,0.38087955117225647,0.9930209517478943,0.16194859147071838
YBR082C,YER091C,0,-0.84723103,0.3807339370250702,0.9930209517478943,0.1620486080646515
YJL190C,YNR047W,0,-0.8482499,0.38058847188949585,0.9930209517478943,0.1621486395597458
YOR240W,YML115C,0,-0.8490438,0.38044309616088867,0.9930209517478943,0.1622486710548401
YLL013C,YGR027W-B,0,-0.8514703,0.38029780983924866,0.9930209517478943,0.1623487025499344
YLR099C,YLR327C,0,-0.8516529,0.3801526725292206,0.9930209517478943,0.1624487340450287
YLR086W,YJL125C,0,-0.85177255,0.38000762462615967,0.9930209517478943,0.16254876554012299
YDR329C,YFR041C,0,-0.85461605,0.3798626959323883,0.9930209517478943,0.16264879703521729
YLR304C,YGR061C,0,-0.8553109,0.3797178864479065,0.9930209517478943,0.16274882853031158
YLR154C,YFL039C,0,-0.8554536,0.37957316637039185,0.9930209517478943,0.16284886002540588
YJR075W,YOL056W,0,-0.8581964,0.37942856550216675,0.9930209517478943,0.16294889152050018
YHL004W,YNR041C,0,-0.85825026,0.3792840838432312,0.9930209517478943,0.1630489081144333
YER133W,YEL017C-A,0,-0.85880566,0.3791396915912628,0.9930209517478943,0.1631489396095276
YPL089C,YPL204W,0,-0.8595673,0.37899544835090637,0.9930209517478943,0.1632489711046219
YOR143C,YCL063W,0,-0.8607217,0.3788512647151947,0.9930209517478943,0.1633490025997162
YGL253W,YDR032C,0,-0.8641562,0.37870723009109497,0.9930209517478943,0.16344903409481049
YML054C,YDR529C,0,-0.86597943,0.3785632848739624,0.9930209517478943,0.16354906558990479
YNL188W,YLR381W,0,-0.8662023,0.3784194588661194,0.9930209517478943,0.16364909708499908
YNL248C,YNL115C,0,-0.86689705,0.37827572226524353,0.9930209517478943,0.16374912858009338
YPL144W,YKL024C,0,-0.8670534,0.3781321048736572,0.9930209517478943,0.16384916007518768
YLR418C,YNL206C,0,-0.86709946,0.3779886066913605,0.9930209517478943,0.16394919157028198
YPR048W,YNR041C,0,-0.8687569,0.37784522771835327,0.9930209517478943,0.1640492081642151
YPL257W-A,YAL044C,0,-0.86939377,0.37770193815231323,0.9930209517478943,0.1641492396593094
YIL093C,YLR265C,0,-0.8717241,0.37755876779556274,0.9930209517478943,0.1642492711544037
YOR124C,YPL085W,0,-0.8728065,0.3774156868457794,0.9930209517478943,0.16434930264949799
YDR069C,YBR142W,0,-0.87452435,0.37727272510528564,0.9930209517478943,0.16444933414459229
YDR316W-A,YDR379W,0,-0.8762008,0.3771298825740814,0.9930209517478943,0.16454936563968658
YDL210W,YGR286C,0,-0.87628,0.37698712944984436,0.9930209517478943,0.16464939713478088
YDL007W,YHR011W,0,-0.87702185,0.37684449553489685,0.9930209517478943,0.16474942862987518
YNR040W,YPR031W,0,-0.87705064,0.3767019808292389,0.9930209517478943,0.16484946012496948
YNR022C,YML088W,0,-0.87725496,0.3765595555305481,0.9930209517478943,0.16494949162006378
YLR287C-A,YBR122C,0,-0.8777477,0.37641721963882446,0.9930209517478943,0.1650495082139969
YOR070C,YLL022C,0,-0.8791951,0.37627503275871277,0.9930209517478943,0.1651495397090912
YMR289W,YLR286C,0,-0.87936866,0.37613293528556824,0.9930209517478943,0.16524957120418549
YGR085C,YOR150W,1,-0.87983024,0.3763684332370758,0.9940179586410522,0.16524957120418549
YNL306W,YNL268W,0,-0.8806811,0.37622642517089844,0.9940179586410522,0.16534960269927979
YGR086C,YAL003W,0,-0.8808727,0.37608450651168823,0.9940179586410522,0.16544963419437408
YDR341C,YDR334W,0,-0.88175607,0.3759426772594452,0.9940179586410522,0.16554966568946838
YHR089C,YMR109W,0,-0.88232577,0.3758009672164917,0.9940179586410522,0.16564969718456268
YPR098C,YLR419W,0,-0.88266677,0.37565937638282776,0.9940179586410522,0.16574972867965698
YER110C,YBR231C,0,-0.8830936,0.37551790475845337,0.9940179586410522,0.16584976017475128
YGR274C,YPR168W,0,-0.8845162,0.37537649273872375,0.9940179586410522,0.16594979166984558
YKL135C,YOR080W,0,-0.88472354,0.3752352297306061,0.9940179586410522,0.1660498082637787
YGL161C,YLR172C,0,-0.8859954,0.37509405612945557,0.9940179586410522,0.16614983975887299
YGR158C,YKL017C,0,-0.88617,0.3749530017375946,0.9940179586410522,0.16624987125396729
YPL172C,YMR071C,0,-0.88772357,0.3748120367527008,0.9940179586410522,0.16634990274906158
YDR329C,YMR282C,0,-0.88800704,0.37467119097709656,0.9940179586410522,0.16644993424415588
YHR081W,YHR011W,0,-0.8893274,0.3745304346084595,0.9940179586410522,0.16654996573925018
YOR228C,YPL028W,0,-0.8896692,0.37438979744911194,0.9940179586410522,0.16664999723434448
YNR011C,YHR129C,0,-0.8900182,0.37424924969673157,0.9940179586410522,0.16675002872943878
YNL001W,YIL115C,0,-0.891433,0.37410882115364075,0.9940179586410522,0.16685006022453308
YFR032C-A,YPL068C,0,-0.8919724,0.3739684820175171,0.9940179586410522,0.16695009171962738
YDR060W,YPL155C,0,-0.89307874,0.373828262090683,0.9940179586410522,0.16705010831356049
YER148W,YLR201C,0,-0.89316523,0.3736881613731384,0.9940179586410522,0.16715013980865479
YIL070C,YLR438C-A,0,-0.8957988,0.37354815006256104,0.9940179586410522,0.16725017130374908
YDR487C,YDR120C,0,-0.8970771,0.3734082281589508,0.9940179586410522,0.16735020279884338
YJR022W,YMR311C,0,-0.8994306,0.3732684254646301,0.9940179586410522,0.16745023429393768
YBL039C,YNR041C,0,-0.8996282,0.373128741979599,0.9940179586410522,0.16755026578903198
YDR074W,YDL082W,0,-0.9004971,0.37298914790153503,0.9940179586410522,0.16765029728412628
YDR231C,YOR269W,0,-0.90061754,0.3728496730327606,0.9940179586410522,0.16775032877922058
YHR092C,YHR067W,0,-0.9032037,0.37271028757095337,0.9940179586410522,0.16785036027431488
YMR042W,YFL039C,0,-0.9034387,0.3725709915161133,0.9940179586410522,0.16795039176940918
YLL062C,YJL129C,0,-0.90436685,0.37243181467056274,0.9940179586410522,0.16805040836334229
YDL164C,YKL109W,0,-0.90515524,0.37229275703430176,0.9940179586410522,0.16815043985843658
YNL096C,YOL140W,0,-0.9058929,0.37215378880500793,0.9940179586410522,0.16825047135353088
YDL033C,YHR140W,0,-0.9094262,0.37201493978500366,0.9940179586410522,0.16835050284862518
YMR307W,YOR127W,0,-0.9101136,0.37187618017196655,0.9940179586410522,0.16845053434371948
YLR238W,YML015C,0,-0.9111649,0.3717375099658966,0.9940179586410522,0.16855056583881378
YMR208W,YJR089W,0,-0.91134924,0.3715989589691162,0.9940179586410522,0.16865059733390808
YPR137C-B,YBR030W,0,-0.9123724,0.371460497379303,0.9940179586410522,0.16875062882900238
YDR036C,YBL021C,0,-0.91255116,0.3713221549987793,0.9940179586410522,0.16885066032409668
YCR072C,YJL164C,0,-0.91428983,0.3711839020252228,0.9940179586410522,0.16895069181919098
YPL091W,YPL051W,0,-0.91433257,0.3710457682609558,0.9940179586410522,0.16905070841312408
YNL227C,YKR097W,0,-0.9169663,0.370907723903656,0.9940179586410522,0.16915073990821838
YPR132W,YJR135W-A,0,-0.9177224,0.37076979875564575,0.9940179586410522,0.16925077140331268
YBR158W,YGR158C,0,-0.91799533,0.37063196301460266,0.9940179586410522,0.16935080289840698
YJL129C,YDL108W,0,-0.9204056,0.3704942464828491,0.9940179586410522,0.16945083439350128
YML043C,YGL084C,0,-0.92046213,0.37035661935806274,0.9940179586410522,0.16955086588859558
YCR004C,YDR376W,0,-0.9206947,0.37021908164024353,0.9940179586410522,0.16965089738368988
YDR253C,YOL018C,0,-0.9208192,0.37008166313171387,0.9940179586410522,0.16975092887878418
YHR031C,YLR237W,0,-0.9225941,0.36994433403015137,0.9940179586410522,0.16985096037387848
YER025W,YPL269W,0,-0.9228723,0.3698071241378784,0.9940179586410522,0.16995099186897278
YNL308C,YCR092C,0,-0.9237168,0.36967000365257263,0.9940179586410522,0.17005100846290588
YOR192C-A,YJL101C,0,-0.9248796,0.369532972574234,0.9940179586410522,0.17015103995800018
YMR166C,YER045C,0,-0.9274244,0.36939606070518494,0.9940179586410522,0.17025107145309448
YDR012W,YNL077W,0,-0.92774504,0.3692592680454254,0.9940179586410522,0.17035110294818878
YPL091W,YGL147C,0,-0.92883384,0.36912253499031067,0.9940179586410522,0.17045113444328308
YOR151C,YOR346W,0,-0.9306063,0.36898595094680786,0.9940179586410522,0.17055116593837738
YPL174C,YBR030W,0,-0.931219,0.36884942650794983,0.9940179586410522,0.17065119743347168
YGR029W,YMR128W,0,-0.9323276,0.36871302127838135,0.9940179586410522,0.17075122892856598
YER131W,YCR040W,0,-0.9323937,0.36857670545578003,0.9940179586410522,0.17085126042366028
YHR153C,YOR224C,0,-0.9326298,0.36844050884246826,0.9940179586410522,0.17095129191875458
YBR001C,YDL095W,0,-0.9327431,0.36830440163612366,0.9940179586410522,0.17105130851268768
YFL039C,YDR101C,0,-0.93276143,0.3681683838367462,0.9940179586410522,0.17115134000778198
YIL109C,YJR121W,0,-0.93383193,0.3680324852466583,0.9940179586410522,0.17125137150287628
YML040W,YOR201C,0,-0.9351813,0.3678966760635376,0.9940179586410522,0.17135140299797058
YDR316W-A,YMR223W,0,-0.94003,0.3677609860897064,0.9940179586410522,0.17145143449306488
YPR118W,YGR286C,0,-0.9438937,0.36762535572052,0.9940179586410522,0.17155146598815918
YNR011C,YOL077C,0,-0.94423956,0.36748987436294556,0.9940179586410522,0.17165149748325348
YDR425W,YIR015W,0,-0.9454392,0.36735445261001587,0.9940179586410522,0.17175152897834778
YPL172C,YLR438C-A,0,-0.94747525,0.36721915006637573,0.9940179586410522,0.17185156047344208
YDR376W,YOR221C,0,-0.9482915,0.36708393692970276,0.9940179586410522,0.17195159196853638
YDR270W,YOL157C,0,-0.9489562,0.36694884300231934,0.9940179586410522,0.17205160856246948
YJL153C,YPR081C,0,-0.9507264,0.3668138384819031,0.9940179586410522,0.17215164005756378
YBL039C,YDR390C,0,-0.9516113,0.366678923368454,0.9940179586410522,0.17225167155265808
YGR075C,YHR129C,0,-0.95185965,0.36654412746429443,0.9940179586410522,0.17235170304775238
YPL051W,YDR400W,0,-0.9521871,0.36640942096710205,0.9940179586410522,0.17245173454284668
YER086W,YDR117C,0,-0.95278215,0.36627480387687683,0.9940179586410522,0.17255176603794098
YMR070W,YPL038W,0,-0.95401645,0.3661402761936188,0.9940179586410522,0.17265179753303528
YNL119W,YPR021C,0,-0.95438564,0.36600586771965027,0.9940179586410522,0.17275182902812958
YDL056W,YOL007C,0,-0.9549738,0.3658715486526489,0.9940179586410522,0.17285186052322388
YPL019C,YOR343W-A,0,-0.95735204,0.36573734879493713,0.9940179586410522,0.17295189201831818
YLR370C,YBR241C,0,-0.95844406,0.3656032383441925,0.9940179586410522,0.17305190861225128
YHR117W,YPL111W,0,-0.95850515,0.36546921730041504,0.9940179586410522,0.17315194010734558
YAR010C,YLR306W,0,-0.95938617,0.36533528566360474,0.9940179586410522,0.17325197160243988
YNR016C,YOR369C,0,-0.96048236,0.365201473236084,0.9940179586410522,0.17335200309753418
YDR060W,YCR081W,0,-0.96081066,0.3650677502155304,0.9940179586410522,0.17345203459262848
YMR285C,YGR116W,0,-0.96129394,0.36493411660194397,0.9940179586410522,0.17355206608772278
YBR264C,YNL054W-B,0,-0.96292543,0.3648005723953247,0.9940179586410522,0.17365209758281708
YKL011C,YFR003C,0,-0.96295106,0.364667147397995,0.9940179586410522,0.17375212907791138
YNR011C,YER007W,0,-0.963829,0.36453381180763245,0.9940179586410522,0.17385216057300568
YMR045C,YGR194C,0,-0.9638318,0.36440059542655945,0.9940179586410522,0.17395219206809998
YGL223C,YLR139C,0,-0.9647615,0.3642674386501312,0.9940179586410522,0.17405220866203308
YDR347W,YLR097C,0,-0.9665951,0.36413440108299255,0.9940179586410522,0.17415224015712738
YLR170C,YDR510W,0,-0.9666515,0.36400145292282104,0.9940179586410522,0.17425227165222168
YHR027C,YLR100W,0,-0.9687284,0.3638686239719391,0.9940179586410522,0.17435230314731598
YJL056C,YJL189W,0,-0.96942496,0.3637358546257019,0.9940179586410522,0.17445233464241028
YJL165C,YOR369C,0,-0.96996677,0.3636032044887543,0.9940179586410522,0.17455236613750458
YKR038C,YHL036W,0,-0.9715022,0.3634706437587738,0.9940179586410522,0.17465239763259888
YLR364W,YDR393W,0,-0.9717655,0.3633382022380829,0.9940179586410522,0.17475242912769318
YDL231C,YIL125W,0,-0.973832,0.36320582032203674,0.9940179586410522,0.17485246062278748
YGL120C,YGR047C,0,-0.9746218,0.36307355761528015,0.9940179586410522,0.17495249211788177
YFR015C,YCR054C,0,-0.9747365,0.3629413843154907,0.9940179586410522,0.17505250871181488
YDR012W,YML015C,0,-0.97569156,0.36280933022499084,0.9940179586410522,0.17515254020690918
YLR204W,YAR018C,0,-0.9782796,0.36267733573913574,0.9940179586410522,0.17525257170200348
YDL051W,YGL185C,0,-0.97980106,0.3625454604625702,0.9940179586410522,0.17535260319709778
YDR050C,YPL074W,0,-0.98049736,0.3624136745929718,0.9940179586410522,0.17545263469219208
YPR049C,YNL054W-B,0,-0.98102665,0.3622819781303406,0.9940179586410522,0.17555266618728638
YER111C,YBL082C,0,-0.9820321,0.3621503710746765,0.9940179586410522,0.17565269768238068
YAL021C,YPL085W,0,-0.98219556,0.362018883228302,0.9940179586410522,0.17575272917747498
YNR040W,YMR004W,0,-0.9839823,0.36188748478889465,0.9940179586410522,0.17585276067256927
YML025C,YOR150W,1,-0.98424995,0.36211901903152466,0.9950149655342102,0.17585276067256927
YLR419W,YNL015W,0,-0.98509413,0.3619876801967621,0.9950149655342102,0.17595279216766357
YLL009C,YER164W,0,-0.98656636,0.3618564307689667,0.9950149655342102,0.17605280876159668
YDL030W,YJL041W,0,-0.9874572,0.3617252707481384,0.9950149655342102,0.17615284025669098
YDR299W,YGR156W,0,-0.9900376,0.36159420013427734,0.9950149655342102,0.17625287175178528
YMR070W,YNL091W,0,-0.99073154,0.3614632487297058,0.9950149655342102,0.17635290324687958
YDR329C,YNL185C,0,-0.9916456,0.36133235692977905,0.9950149655342102,0.17645293474197388
YHR046C,YLR403W,0,-0.99410987,0.36120158433914185,0.9950149655342102,0.17655296623706818
YJL158C,YDR115W,0,-0.9943384,0.3610709011554718,0.9950149655342102,0.17665299773216248
YLR364W,YBR158W,0,-0.995318,0.3609403371810913,0.9950149655342102,0.17675302922725677
YML015C,YHR039C-B,0,-0.9967279,0.3608098328113556,0.9950149655342102,0.17685306072235107
YHR067W,YNR040W,0,-0.99732125,0.3606794476509094,0.9950149655342102,0.17695309221744537
YBL103C,YHR089C,0,-0.9990908,0.36054912209510803,0.9950149655342102,0.17705310881137848
YEL054C,YDR483W,0,-0.9994314,0.3604189157485962,0.9950149655342102,0.17715314030647278
YAL010C,YDR210W-B,0,-0.9997295,0.3602887988090515,0.9950149655342102,0.17725317180156708
YOR179C,YHR172W,0,-1.0005625,0.3601588010787964,0.9950149655342102,0.17735320329666138
YBL078C,YGR086C,0,-1.0019591,0.36002886295318604,0.9950149655342102,0.17745323479175568
YJL056C,YOL140W,0,-1.0020434,0.35989901423454285,0.9950149655342102,0.17755326628684998
YLR038C,YMR285C,0,-1.0021455,0.3597692847251892,0.9950149655342102,0.17765329778194427
YDL166C,YFR008W,0,-1.0034165,0.35963964462280273,0.9950149655342102,0.17775332927703857
YDL006W,YLR100W,0,-1.0036819,0.3595100939273834,0.9950149655342102,0.17785336077213287
YFR032C-A,YDL143W,0,-1.0051267,0.3593806326389313,0.9950149655342102,0.17795339226722717
YER126C,YJL102W,0,-1.0061829,0.3592512607574463,0.9950149655342102,0.17805340886116028
YBR198C,YNL054W-B,0,-1.0089297,0.35912197828292847,0.9950149655342102,0.17815344035625458
YGR027W-B,YLR403W,0,-1.0100299,0.3589928150177002,0.9950149655342102,0.17825347185134888
YER086W,YDL095W,0,-1.0100769,0.3588637113571167,0.9950149655342102,0.17835350334644318
YDR242W,YBR035C,0,-1.0104494,0.35873472690582275,0.9950149655342102,0.17845353484153748
YDL229W,YNR027W,0,-1.010701,0.35860583186149597,0.9950149655342102,0.17855356633663177
YML106W,YFR015C,0,-1.0125724,0.35847702622413635,0.9950149655342102,0.17865359783172607
YDR253C,YLR010C,0,-1.0128051,0.3583482801914215,0.9950149655342102,0.17875362932682037
YDR117C,YBR142W,0,-1.0129422,0.3582196831703186,0.9950149655342102,0.17885366082191467
YGR029W,YOR046C,0,-1.0138364,0.3580911457538605,0.9950149655342102,0.17895369231700897
YOR265W,YNR045W,0,-1.014829,0.3579626977443695,0.9950149655342102,0.17905370891094208
YOR039W,YHR136C,0,-1.0148327,0.3578343391418457,0.9950149655342102,0.17915374040603638
YGR184C,YGR001C,0,-1.0153389,0.35770609974861145,0.9950149655342102,0.17925377190113068
YDR316W-A,YDR239C,0,-1.0154994,0.357577919960022,0.9950149655342102,0.17935380339622498
YDR524C,YOL109W,0,-1.0163182,0.35744985938072205,0.9950149655342102,0.17945383489131927
YDR036C,YPR031W,0,-1.0176952,0.3573218882083893,0.9950149655342102,0.17955386638641357
YJL190C,YMR045C,0,-1.0179361,0.3571939766407013,0.9950149655342102,0.17965389788150787
YKR048C,YLR357W,0,-1.0188372,0.35706618428230286,0.9950149655342102,0.17975392937660217
YBR237W,YER174C,0,-1.0196853,0.3569384813308716,0.9950149655342102,0.17985396087169647
YBL021C,YER051W,0,-1.0206892,0.35681086778640747,0.9950149655342102,0.17995399236679077
YJR016C,YHL016C,0,-1.0211112,0.3566833436489105,0.9950149655342102,0.18005400896072388
YNR027W,YAR018C,0,-1.021514,0.35655590891838074,0.9950149655342102,0.18015404045581818
YPR005C,YNR040W,0,-1.0223471,0.3564285635948181,0.9950149655342102,0.18025407195091248
YML091C,YJL189W,0,-1.0232708,0.35630130767822266,0.9950149655342102,0.18035410344600677
YJL129C,YKR009C,0,-1.0259275,0.35617417097091675,0.9950149655342102,0.18045413494110107
YDL115C,YCL057C-A,0,-1.0269277,0.3560470938682556,0.9950149655342102,0.18055416643619537
YPL085W,YHR099W,0,-1.0269413,0.35592010617256165,0.9950149655342102,0.18065419793128967
YOR201C,YDR228C,0,-1.0277832,0.3557932376861572,0.9950149655342102,0.18075422942638397
YIL109C,YNL301C,0,-1.0278844,0.3556664288043976,0.9950149655342102,0.18085426092147827
YPR048W,YER025W,0,-1.0295054,0.3555397093296051,0.9950149655342102,0.18095429241657257
YJL041W,YDR318W,0,-1.0298053,0.3554131090641022,0.9950149655342102,0.18105430901050568
YJR075W,YKR097W,0,-1.0306113,0.355286568403244,0.9950149655342102,0.18115434050559998
YOR265W,YBR030W,0,-1.0308988,0.3551601469516754,0.9950149655342102,0.18125437200069427
YNL291C,YBR009C,0,-1.0309492,0.3550337851047516,0.9950149655342102,0.18135440349578857
YMR290C,YIR037W,0,-1.0342264,0.3549075424671173,0.9950149655342102,0.18145443499088287
YLR304C,YJL109C,0,-1.0358927,0.3547813594341278,0.9950149655342102,0.18155446648597717
YJL065C,YJL062W,0,-1.0384419,0.35465529561042786,0.9950149655342102,0.18165449798107147
YGR086C,YIL155C,0,-1.0399933,0.35452932119369507,0.9950149655342102,0.18175452947616577
YAL008W,YNL096C,0,-1.041204,0.35440340638160706,0.9950149655342102,0.18185456097126007
YHR025W,YDR390C,0,-1.0444555,0.3542776107788086,0.9950149655342102,0.18195459246635437
YDL051W,YNL054W-B,0,-1.0461843,0.3541518747806549,0.9950149655342102,0.18205460906028748
YDR012W,YFR005C,0,-1.0481658,0.35402625799179077,0.9950149655342102,0.18215464055538177
YDR071C,YJL080C,0,-1.0485684,0.3539007008075714,0.9950149655342102,0.18225467205047607
YAL041W,YKL116C,0,-1.0500126,0.3537752628326416,0.9950149655342102,0.18235470354557037
YBR240C,YJR155W,0,-1.0515196,0.35364988446235657,0.9950149655342102,0.18245473504066467
YPL220W,YER020W,0,-1.0524726,0.3535246253013611,0.9950149655342102,0.18255476653575897
YFL002W-A,YIL160C,0,-1.052669,0.3533994257450104,0.9950149655342102,0.18265479803085327
YML018C,YJL041W,0,-1.0531322,0.3532743453979492,0.9950149655342102,0.18275482952594757
YDR418W,YAR010C,0,-1.053283,0.35314932465553284,0.9950149655342102,0.18285486102104187
YJR010C-A,YMR045C,0,-1.0542655,0.3530243933200836,0.9950149655342102,0.18295489251613617
YHR067W,YPL143W,0,-1.0558155,0.35289958119392395,0.9950149655342102,0.18305490911006927
YDL164C,YOL140W,0,-1.0565214,0.35277482867240906,0.9950149655342102,0.18315494060516357
YLR283W,YNL310C,0,-1.0568285,0.35265016555786133,0.9950149655342102,0.18325497210025787
YDR316W-A,YDR501W,0,-1.0584533,0.35252562165260315,0.9950149655342102,0.18335500359535217
YNL039W,YLL050C,0,-1.0584849,0.35240113735198975,0.9950149655342102,0.18345503509044647
YER099C,YGR086C,0,-1.0604765,0.3522767424583435,0.9950149655342102,0.18355506658554077
YMR166C,YPL103C,0,-1.0605334,0.35215243697166443,0.9950149655342102,0.18365509808063507
YHR027C,YAL034W-A,0,-1.0620115,0.3520282208919525,0.9950149655342102,0.18375512957572937
YIR014W,YER056C-A,0,-1.0623811,0.35190409421920776,0.9950149655342102,0.18385516107082367
YOR389W,YJR045C,0,-1.0638,0.3517800569534302,0.9950149655342102,0.18395519256591797
YAL041W,YHR025W,0,-1.0647469,0.35165610909461975,0.9950149655342102,0.18405520915985107
YDR014W,YLR010C,0,-1.0648372,0.3515322208404541,0.9950149655342102,0.18415524065494537
YOR201C,YMR045C,0,-1.064909,0.351408451795578,0.9950149655342102,0.18425527215003967
YGR220C,YDR130C,0,-1.0653007,0.35128477215766907,0.9950149655342102,0.18435530364513397
YPR063C,YER111C,0,-1.0656604,0.3511611521244049,0.9950149655342102,0.18445533514022827
YNL206C,YKR009C,0,-1.0665694,0.3510376214981079,0.9950149655342102,0.18455536663532257
YNL206C,YLL001W,0,-1.0666285,0.35091421008110046,0.9950149655342102,0.18465539813041687
YNL007C,YBR231C,0,-1.0674839,0.3507908582687378,0.9950149655342102,0.18475542962551117
YAL010C,YAL003W,0,-1.0689418,0.3506675958633423,0.9950149655342102,0.18485546112060547
YML060W,YDR288W,0,-1.0689567,0.35054442286491394,0.9950149655342102,0.18495549261569977
YPL028W,YBR185C,0,-1.0690306,0.35042133927345276,0.9950149655342102,0.18505550920963287
YNR027W,YJR135W-A,0,-1.0708091,0.35029834508895874,0.9950149655342102,0.18515554070472717
YOR192C-B,YML037C,0,-1.07086,0.3501754403114319,0.9950149655342102,0.18525557219982147
YLR086W,YDR447C,0,-1.0709219,0.3500526249408722,0.9950149655342102,0.18535560369491577
YDR219C,YMR264W,0,-1.0711392,0.3499298691749573,0.9950149655342102,0.18545563519001007
YDL030W,YPR042C,0,-1.0713757,0.3498072326183319,0.9950149655342102,0.18555566668510437
YDL075W,YOR221C,0,-1.0720809,0.3496846556663513,0.9950149655342102,0.18565569818019867
YKL059C,YHR052W,0,-1.0729008,0.3495621681213379,0.9950149655342102,0.18575572967529297
YMR016C,YOR066W,0,-1.0732899,0.3494397699832916,0.9950149655342102,0.18585576117038727
YOR179C,YOR069W,0,-1.0768211,0.3493174612522125,0.9950149655342102,0.18595579266548157
YBR264C,YOR343W-A,0,-1.0783165,0.3491952419281006,0.9950149655342102,0.18605582416057587
YGR106C,YOR269W,0,-1.0793715,0.3490731120109558,0.9950149655342102,0.18615584075450897
YBR122C,YOR127W,0,-1.0801897,0.3489510416984558,0.9950149655342102,0.18625587224960327
YOR315W,YGL168W,0,-1.0805011,0.34882909059524536,0.9950149655342102,0.18635590374469757
YPL257W-A,YOR306C,0,-1.0805249,0.3487071990966797,0.9950149655342102,0.18645593523979187
YNL061W,YPL159C,0,-1.0815952,0.3485853970050812,0.9950149655342102,0.18655596673488617
YLL050C,YER180C,0,-1.0822127,0.34846368432044983,0.9950149655342102,0.18665599822998047
YJL065C,YLR237W,0,-1.0833155,0.34834206104278564,0.9950149655342102,0.18675602972507477
YNL001W,YJR029W,0,-1.0835215,0.3482205271720886,0.9950149655342102,0.18685606122016907
YGR062C,YAL012W,0,-1.0844258,0.3480990529060364,0.9950149655342102,0.18695609271526337
YHR206W,YDL109C,0,-1.084693,0.3479776978492737,0.9950149655342102,0.18705612421035767
YKL218C,YPL090C,0,-1.0861127,0.34785640239715576,0.9950149655342102,0.18715614080429077
YMR006C,YPL074W,0,-1.0863649,0.347735196352005,0.9950149655342102,0.18725617229938507
YKL156W,YJR060W,0,-1.0863726,0.3476140797138214,0.9950149655342102,0.18735620379447937
YGL009C,YJR045C,0,-1.087101,0.3474930226802826,0.9950149655342102,0.18745623528957367
YLR154C,YMR224C,0,-1.0884755,0.3473720848560333,0.9950149655342102,0.18755626678466797
YOL003C,YML124C,0,-1.0887656,0.34725120663642883,0.9950149655342102,0.18765629827976227
YDR270W,YNL308C,0,-1.0888624,0.3471304476261139,0.9950149655342102,0.18775632977485657
YDR270W,YNR022C,0,-1.0908836,0.3470097482204437,0.9950149655342102,0.18785636126995087
YBR273C,YDR034C-C,0,-1.0915614,0.34688910841941833,0.9950149655342102,0.18795639276504517
YGL040C,YOL056W,0,-1.0926203,0.3467685878276825,0.9950149655342102,0.18805642426013947
YMR290C,YCR094W,0,-1.0941734,0.34664812684059143,0.9950149655342102,0.18815644085407257
YHR021C,YMR036C,0,-1.0951964,0.3465277850627899,0.9950149655342102,0.18825647234916687
YNL119W,YBL055C,0,-1.0975003,0.3464075028896332,0.9950149655342102,0.18835650384426117
YLR048W,YPR042C,0,-1.0977358,0.3462873101234436,0.9950149655342102,0.18845653533935547
YLR204W,YDR134C,0,-1.0982988,0.3461671769618988,0.9950149655342102,0.18855656683444977
YGR027W-B,YHR081W,0,-1.101001,0.34604716300964355,0.9950149655342102,0.18865659832954407
YML040W,YOR150W,0,-1.1011032,0.3459272086620331,0.9950149655342102,0.18875662982463837
YDR210W-B,YOR131C,0,-1.1038048,0.34580734372138977,0.9950149655342102,0.18885666131973267
YIL172C,YGR234W,0,-1.1051444,0.3456875681877136,0.9950149655342102,0.18895669281482697
YPL106C,YMR051C,0,-1.1066899,0.34556785225868225,0.9950149655342102,0.18905672430992126
YDR511W,YIL125W,0,-1.1073915,0.34544825553894043,0.9950149655342102,0.18915674090385437
YOR192C-B,YHR101C,0,-1.1074189,0.3453287184238434,0.9950149655342102,0.18925677239894867
YOR174W,YNL096C,0,-1.1075534,0.3452092707157135,0.9950149655342102,0.18935680389404297
YDR524C,YDR197W,0,-1.1081798,0.3450899124145508,0.9950149655342102,0.18945683538913727
YKL178C,YCL057C-A,0,-1.1088791,0.34497061371803284,0.9950149655342102,0.18955686688423157
YKL059C,YDR228C,0,-1.1099969,0.34485140442848206,0.9950149655342102,0.18965689837932587
YJR110W,YDL051W,0,-1.1108593,0.34473228454589844,0.9950149655342102,0.18975692987442017
YMR036C,YER114C,0,-1.1109073,0.344613254070282,0.9950149655342102,0.18985696136951447
YKL010C,YKL056C,0,-1.1121235,0.3444943130016327,0.9950149655342102,0.18995699286460876
YBR267W,YIL126W,0,-1.1125727,0.3443754315376282,0.9950149655342102,0.19005702435970306
YKR094C,YJR065C,0,-1.1128756,0.3442566394805908,0.9950149655342102,0.19015704095363617
YLR188W,YPL172C,0,-1.1130575,0.34413793683052063,0.9950149655342102,0.19025707244873047
YEL058W,YLR327C,0,-1.1143947,0.3440192937850952,0.9950149655342102,0.19035710394382477
YML005W,YHR039C-B,0,-1.1153789,0.34390076994895935,0.9950149655342102,0.19045713543891907
YML106W,YBR176W,0,-1.1171951,0.34378230571746826,0.9950149655342102,0.19055716693401337
YGL232W,YCR081W,0,-1.1187007,0.34366390109062195,0.9950149655342102,0.19065719842910767
YLR127C,YPL103C,0,-1.1202118,0.3435456156730652,0.9950149655342102,0.19075722992420197
YIL172C,YLR015W,0,-1.1205593,0.3434273898601532,0.9950149655342102,0.19085726141929626
YMR247C,YPL257W-A,0,-1.1214141,0.3433092534542084,0.9950149655342102,0.19095729291439056
YML027W,YGR047C,0,-1.1217365,0.3431912064552307,0.9950149655342102,0.19105732440948486
YER140W,YKR059W,0,-1.1224152,0.3430732190608978,0.9950149655342102,0.19115734100341797
YBR251W,YGR279C,0,-1.1228967,0.3429553210735321,0.9950149655342102,0.19125737249851227
YGR123C,YGR062C,0,-1.1232643,0.34283751249313354,0.9950149655342102,0.19135740399360657
YNL292W,YNL310C,0,-1.1244364,0.34271979331970215,0.9950149655342102,0.19145743548870087
YMR282C,YDL144C,0,-1.124753,0.3426021337509155,0.9950149655342102,0.19155746698379517
YDL060W,YNL217W,0,-1.1256275,0.34248456358909607,0.9950149655342102,0.19165749847888947
YHL044W,YLR192C,0,-1.1259089,0.3423670530319214,0.9950149655342102,0.19175752997398376
YDR316W-A,YDL130W,0,-1.1277785,0.34224966168403625,0.9950149655342102,0.19185756146907806
YKR094C,YPL258C,0,-1.1278034,0.3421323299407959,0.9950149655342102,0.19195759296417236
YOR066W,YHR010W,0,-1.1279655,0.3420150876045227,0.9950149655342102,0.19205762445926666
YOL123W,YDR034C-C,0,-1.1280746,0.3418979048728943,0.9950149655342102,0.19215764105319977
YLR448W,YOR150W,1,-1.1284549,0.3421232998371124,0.9960119724273682,0.19215764105319977
YDR299W,YOR127W,0,-1.1309326,0.3420061767101288,0.9960119724273682,0.19225767254829407
YDR128W,YPR041W,0,-1.1318352,0.3418891131877899,0.9960119724273682,0.19235770404338837
YOR192C-B,YBL020W,0,-1.1327821,0.3417721390724182,0.9960119724273682,0.19245773553848267
YDR210W-B,YGL106W,0,-1.1365665,0.34165525436401367,0.9960119724273682,0.19255776703357697
YMR290C,YDR231C,0,-1.1374003,0.3415384590625763,0.9960119724273682,0.19265779852867126
YER086W,YPR156C,0,-1.137951,0.3414217233657837,0.9960119724273682,0.19275783002376556
YDL204W,YPL123C,0,-1.1379747,0.34130507707595825,0.9960119724273682,0.19285786151885986
YDR322W,YGR037C,0,-1.1381958,0.3411885201931,0.9960119724273682,0.19295789301395416
YDR253C,YPR081C,0,-1.1409603,0.34107205271720886,0.9960119724273682,0.19305792450904846
YLR427W,YJL102W,0,-1.143128,0.3409556448459625,0.9960119724273682,0.19315794110298157
YHR116W,YJL158C,0,-1.1435089,0.34083929657936096,0.9960119724273682,0.19325797259807587
YNR016C,YDR402C,0,-1.1440014,0.34072306752204895,0.9960119724273682,0.19335800409317017
YMR127C,YBL057C,0,-1.1442561,0.3406068980693817,0.9960119724273682,0.19345803558826447
YGR027W-B,YGL106W,0,-1.14432,0.34049078822135925,0.9960119724273682,0.19355806708335876
YDL129W,YLR139C,0,-1.1445081,0.34037479758262634,0.9960119724273682,0.19365809857845306
YOR047C,YER180C,0,-1.1458876,0.3402588665485382,0.9960119724273682,0.19375813007354736
YDR465C,YKR061W,0,-1.1462156,0.34014299511909485,0.9960119724273682,0.19385816156864166
YNL159C,YNL248C,0,-1.1496217,0.34002724289894104,0.9960119724273682,0.19395819306373596
YDR443C,YPL257W-A,0,-1.1498519,0.3399115204811096,0.9960119724273682,0.19405822455883026
YAL003W,YJL121C,0,-1.1512872,0.33979591727256775,0.9960119724273682,0.19415824115276337
YOR201C,YHR160C,0,-1.1524718,0.33968037366867065,0.9960119724273682,0.19425827264785767
YMR208W,YJL109C,0,-1.1537989,0.3395649194717407,0.9960119724273682,0.19435830414295197
YGR008C,YLR158C,0,-1.1542795,0.33944955468177795,0.9960119724273682,0.19445833563804626
YLR142W,YHR046C,0,-1.1558286,0.33933424949645996,0.9960119724273682,0.19455836713314056
YJL158C,YNR045W,0,-1.1560314,0.33921900391578674,0.9960119724273682,0.19465839862823486
YDR329C,YER030W,0,-1.1573564,0.3391038775444031,0.9960119724273682,0.19475843012332916
YDR011W,YOR192C-A,0,-1.1588675,0.3389888107776642,0.9960119724273682,0.19485846161842346
YOR192C-A,YPL258C,0,-1.1599617,0.33887380361557007,0.9960119724273682,0.19495849311351776
YGL232W,YJR135W-A,0,-1.1604321,0.3387589156627655,0.9960119724273682,0.19505852460861206
YGL135W,YDR032C,0,-1.160667,0.3386440575122833,0.9960119724273682,0.19515854120254517
YHL009W-B,YGR262C,0,-1.160938,0.3385293185710907,0.9960119724273682,0.19525857269763947
YMR257C,YDR252W,0,-1.1613314,0.33841463923454285,0.9960119724273682,0.19535860419273376
YNL012W,YOR044W,0,-1.1613545,0.33830001950263977,0.9960119724273682,0.19545863568782806
YAR010C,YLR176C,0,-1.1614817,0.33818551898002625,0.9960119724273682,0.19555866718292236
YHR116W,YDR447C,0,-1.1615825,0.3380710780620575,0.9960119724273682,0.19565869867801666
YNL308C,YDR197W,0,-1.1616966,0.3379566967487335,0.9960119724273682,0.19575873017311096
YDR210W-B,YOL157C,0,-1.1631901,0.3378424048423767,0.9960119724273682,0.19585876166820526
YBR050C,YML005W,0,-1.1639128,0.33772820234298706,0.9960119724273682,0.19595879316329956
YDR012W,YNL213C,0,-1.1647812,0.3376140594482422,0.9960119724273682,0.19605882465839386
YCL063W,YHR013C,0,-1.1653831,0.3375000059604645,0.9960119724273682,0.19615884125232697
YDR118W,YLL035W,0,-1.1656761,0.33738601207733154,0.9960119724273682,0.19625887274742126
YOR192C-B,YDR326C,0,-1.1660018,0.33727210760116577,0.9960119724273682,0.19635890424251556
YMR235C,YBR160W,0,-1.166036,0.33715829253196716,0.9960119724273682,0.19645893573760986
YNL292W,YML115C,0,-1.1664534,0.33704453706741333,0.9960119724273682,0.19655896723270416
YNL091W,YJL121C,0,-1.1668503,0.33693087100982666,0.9960119724273682,0.19665899872779846
YGR047C,YLR287C-A,0,-1.167392,0.33681726455688477,0.9960119724273682,0.19675903022289276
YGL120C,YJR155W,0,-1.1674907,0.33670374751091003,0.9960119724273682,0.19685906171798706
YLR147C,YKL158W,0,-1.1683075,0.3365902900695801,0.9960119724273682,0.19695909321308136
YGR159C,YDR118W,0,-1.1683403,0.3364769220352173,0.9960119724273682,0.19705912470817566
YLR396C,YDR121W,0,-1.1689293,0.33636364340782166,0.9960119724273682,0.19715914130210876
YFR037C,YOR343W-A,0,-1.1713269,0.3362504243850708,0.9960119724273682,0.19725917279720306
YHR039C-B,YJL101C,0,-1.1724935,0.3361372947692871,0.9960119724273682,0.19735920429229736
YKL100C,YDR368W,0,-1.1725957,0.3360242247581482,0.9960119724273682,0.19745923578739166
YPL022W,YNL248C,0,-1.1736883,0.33591124415397644,0.9960119724273682,0.19755926728248596
YFR041C,YKL158W,0,-1.1742376,0.33579832315444946,0.9960119724273682,0.19765929877758026
YFR005C,YML074C,0,-1.1759624,0.33568549156188965,0.9960119724273682,0.19775933027267456
YBL093C,YKL056C,0,-1.177494,0.3355727195739746,0.9960119724273682,0.19785936176776886
YDL075W,YJL073W,0,-1.1778684,0.33546003699302673,0.9960119724273682,0.19795939326286316
YMR163C,YDR034C-C,0,-1.1785009,0.335347443819046,0.9960119724273682,0.19805942475795746
YIL125W,YGR241C,0,-1.1786916,0.3352349102497101,0.9960119724273682,0.19815944135189056
YDL229W,YJL157C,0,-1.18023,0.3351224362850189,0.9960119724273682,0.19825947284698486
YHR046C,YLR106C,0,-1.1803794,0.3350100517272949,0.9960119724273682,0.19835950434207916
YOR192C-B,YDR247W,0,-1.1822469,0.3348977565765381,0.9960119724273682,0.19845953583717346
YNL086W,YJR076C,0,-1.1828077,0.334785521030426,0.9960119724273682,0.19855956733226776
YLR100W,YPR021C,0,-1.1835895,0.33467337489128113,0.9960119724273682,0.19865959882736206
YDR312W,YAL053W,0,-1.1844652,0.334561288356781,0.9960119724273682,0.19875963032245636
YDR456W,YOL005C,0,-1.1854529,0.33444929122924805,0.9960119724273682,0.19885966181755066
YML129C,YLR446W,0,-1.1856394,0.33433735370635986,0.9960119724273682,0.19895969331264496
YNL311C,YDR316W-A,0,-1.1881967,0.33422550559043884,0.9960119724273682,0.19905972480773926
YPL226W,YMR289W,0,-1.1885501,0.3341137170791626,0.9960119724273682,0.19915974140167236
YHR046C,YHR172W,0,-1.1886209,0.3340020179748535,0.9960119724273682,0.19925977289676666
YBR123C,YLR286C,0,-1.1890106,0.3338903784751892,0.9960119724273682,0.19935980439186096
YOL100W,YFL002W-A,0,-1.1902947,0.33377882838249207,0.9960119724273682,0.19945983588695526
YFL002W-A,YIL126W,0,-1.190991,0.3336673378944397,0.9960119724273682,0.19955986738204956
YDR316W-A,YER120W,0,-1.1920427,0.3335559368133545,0.9960119724273682,0.19965989887714386
YML005W,YOL157C,0,-1.192227,0.33344459533691406,0.9960119724273682,0.19975993037223816
YNL292W,YKL218C,0,-1.194358,0.3333333432674408,0.9960119724273682,0.19985996186733246
YJL106W,YJL136C,0,-1.1944159,0.3332221508026123,0.9960119724273682,0.19995999336242676
YDR424C,YHR067W,0,-1.1969457,0.333111047744751,0.9960119724273682,0.20006002485752106
YLR283W,YNL185C,0,-1.1970918,0.3330000042915344,0.9960119724273682,0.20016004145145416
YNR043W,YGL106W,0,-1.1984913,0.33288905024528503,0.9960119724273682,0.20026007294654846
YKL173W,YGL185C,0,-1.1987288,0.3327781558036804,0.9960119724273682,0.20036010444164276
YLR433C,YOL125W,0,-1.1991562,0.3326673209667206,0.9960119724273682,0.20046013593673706
YJR016C,YDR288W,0,-1.2000878,0.3325566053390503,0.9960119724273682,0.20056016743183136
YDL192W,YPL089C,0,-1.2013309,0.3324459195137024,0.9960119724273682,0.20066019892692566
YJR009C,YOR067C,0,-1.20252,0.33233532309532166,0.9960119724273682,0.20076023042201996
YBR231C,YPR019W,0,-1.2039124,0.3322248160839081,0.9960119724273682,0.20086026191711426
YDL051W,YIR015W,0,-1.205626,0.3321143686771393,0.9960119724273682,0.20096029341220856
YNL248C,YLR176C,0,-1.208082,0.33200398087501526,0.9960119724273682,0.20106032490730286
YOR257W,YDR210W-B,0,-1.2090441,0.3318936824798584,0.9960119724273682,0.20116034150123596
YJL101C,YMR045C,0,-1.209858,0.3317834734916687,0.9960119724273682,0.20126037299633026
YDR107C,YPR184W,0,-1.2107241,0.3316732943058014,0.9960119724273682,0.20136040449142456
YPR137C-B,YPR021C,0,-1.2112055,0.33156323432922363,0.9960119724273682,0.20146043598651886
YOL092W,YDL200C,0,-1.2113442,0.33145320415496826,0.9960119724273682,0.20156046748161316
YNL129W,YOR346W,0,-1.2117152,0.33134329319000244,0.9960119724273682,0.20166049897670746
YDR440W,YHL004W,0,-1.2125422,0.331233412027359,0.9960119724273682,0.20176053047180176
YOR192C-A,YMR012W,0,-1.2138088,0.33112362027168274,0.9960119724273682,0.20186056196689606
YDR531W,YHR143W,0,-1.2150017,0.33101391792297363,0.9960119724273682,0.20196059346199036
YER099C,YHL009W-B,0,-1.2157097,0.3309042751789093,0.9960119724273682,0.20206062495708466
YJR094W-A,YPL155C,0,-1.215773,0.33079469203948975,0.9960119724273682,0.20216064155101776
YER056C-A,YOR036W,0,-1.2170752,0.33068519830703735,0.9960119724273682,0.20226067304611206
YER110C,YIL136W,0,-1.2175574,0.33057576417922974,0.9960119724273682,0.20236070454120636
YDL110C,YMR037C,0,-1.2182139,0.3304664194583893,0.9960119724273682,0.20246073603630066
YNL091W,YKL028W,0,-1.2187061,0.3303571343421936,0.9960119724273682,0.20256076753139496
YFR032C-A,YLR014C,0,-1.2215621,0.3302479386329651,0.9960119724273682,0.20266079902648926
YAL044C,YLR430W,0,-1.2216238,0.33013880252838135,0.9960119724273682,0.20276083052158356
YMR290C,YGR156W,0,-1.22291,0.3300297260284424,0.9960119724273682,0.20286086201667786
YAL010C,YAL053W,0,-1.2248068,0.3299207389354706,0.9960119724273682,0.20296089351177216
YDL075W,YAL012W,0,-1.2252245,0.32981181144714355,0.9960119724273682,0.20306092500686646
YOR201C,YJL125C,0,-1.2261721,0.3297029733657837,0.9960119724273682,0.20316094160079956
YDL231C,YBR264C,0,-1.2268691,0.3295941948890686,0.9960119724273682,0.20326097309589386
YDR261W-B,YCR054C,0,-1.2287769,0.3294854760169983,0.9960119724273682,0.20336100459098816
YHR031C,YDR297W,0,-1.2292653,0.32937684655189514,0.9960119724273682,0.20346103608608246
YJL143W,YGR063C,0,-1.2293522,0.32926830649375916,0.9960119724273682,0.20356106758117676
YFL044C,YDR510W,0,-1.229816,0.32915979623794556,0.9960119724273682,0.20366109907627106
YJR134C,YDR362C,0,-1.2302825,0.3290513753890991,0.9960119724273682,0.20376113057136536
YBL069W,YLR276C,0,-1.2304095,0.32894304394721985,0.9960119724273682,0.20386116206645966
YGL206C,YLL035W,0,-1.2353212,0.32883477210998535,0.9960119724273682,0.20396119356155396
YLR109W,YNL151C,0,-1.2364117,0.32872655987739563,0.9960119724273682,0.20406122505664825
YLR106C,YDR003W,0,-1.2365817,0.3286184072494507,0.9960119724273682,0.20416124165058136
YMR257C,YGL009C,0,-1.2368045,0.3285103440284729,0.9960119724273682,0.20426127314567566
YGL135W,YDR071C,0,-1.2387382,0.3284023702144623,0.9960119724273682,0.20436130464076996
YML063W,YLR265C,0,-1.2391859,0.32829445600509644,0.9960119724273682,0.20446133613586426
YJL157C,YDR210W-B,0,-1.2409042,0.32818660140037537,0.9960119724273682,0.20456136763095856
YDL129W,YAL025C,0,-1.2422365,0.3280788064002991,0.9960119724273682,0.20466139912605286
YDL129W,YGR047C,0,-1.2428892,0.32797110080718994,0.9960119724273682,0.20476143062114716
YJR068W,YMR150C,0,-1.2432662,0.327863484621048,0.9960119724273682,0.20486146211624146
YKR048C,YDR044W,0,-1.2436991,0.3277558982372284,0.9960119724273682,0.20496149361133575
YPR048W,YOR061W,0,-1.245253,0.327648401260376,0.9960119724273682,0.20506152510643005
YDL130W,YCR075C,0,-1.2454232,0.3275409936904907,0.9960119724273682,0.20516154170036316
YPL258C,YMR184W,0,-1.2456077,0.32743361592292786,0.9960119724273682,0.20526157319545746
YGL213C,YPL157W,0,-1.2471033,0.32732635736465454,0.9960119724273682,0.20536160469055176
YHL009W-B,YIL078W,0,-1.247633,0.3272191286087036,0.9960119724273682,0.20546163618564606
YJL129C,YBL023C,0,-1.248106,0.32711198925971985,0.9960119724273682,0.20556166768074036
YMR006C,YMR012W,0,-1.2485036,0.32700490951538086,0.9960119724273682,0.20566169917583466
YMR016C,YKL164C,0,-1.2486471,0.32689791917800903,0.9960119724273682,0.20576173067092896
YHR143W,YDL143W,0,-1.249416,0.3267909586429596,0.9960119724273682,0.20586176216602325
YDL164C,YJL080C,0,-1.2499205,0.3266841173171997,0.9960119724273682,0.20596179366111755
YPR137C-B,YLR015W,0,-1.250247,0.3265773057937622,0.9960119724273682,0.20606182515621185
YMR235C,YHL009W-B,0,-1.2514902,0.32647058367729187,0.9960119724273682,0.20616184175014496
YDR118W,YNL135C,0,-1.2523185,0.3263639211654663,0.9960119724273682,0.20626187324523926
YMR311C,YBL055C,0,-1.2540874,0.3262573480606079,0.9960119724273682,0.20636190474033356
YIL009C-A,YDR032C,0,-1.2543052,0.3261508345603943,0.9960119724273682,0.20646193623542786
YAR010C,YLR438C-A,0,-1.2550079,0.32604438066482544,0.9960119724273682,0.20656196773052216
YOR265W,YBL020W,0,-1.255833,0.32593801617622375,0.9960119724273682,0.20666199922561646
YMR224C,YGR188C,0,-1.2579839,0.32583171129226685,0.9960119724273682,0.20676203072071075
YDR265W,YFL039C,0,-1.2600814,0.3257254660129547,0.9960119724273682,0.20686206221580505
YGR200C,YBL055C,0,-1.2620816,0.32561931014060974,0.9960119724273682,0.20696209371089935
YDL069C,YJL048C,0,-1.2626971,0.32551318407058716,0.9960119724273682,0.20706212520599365
YER048W-A,YDR487C,0,-1.262903,0.3254071772098541,0.9960119724273682,0.20716214179992676
YDR479C,YER036C,0,-1.263564,0.3253012001514435,0.9960119724273682,0.20726217329502106
YDL130W,YOL147C,0,-1.2638912,0.3251953125,0.9960119724273682,0.20736220479011536
YNL086W,YML027W,0,-1.2660749,0.3250894844532013,0.9960119724273682,0.20746223628520966
YBR123C,YJR022W,0,-1.2671391,0.32498374581336975,0.9960119724273682,0.20756226778030396
YLR304C,YPR041W,0,-1.2673918,0.3248780369758606,0.9960119724273682,0.20766229927539825
YDR261W-B,YAR010C,0,-1.2687875,0.3247724175453186,0.9960119724273682,0.20776233077049255
YOL067C,YOL077C,0,-1.2688268,0.3246668875217438,0.9960119724273682,0.20786236226558685
YDL051W,YGR075C,0,-1.2719846,0.3245614171028137,0.9960119724273682,0.20796239376068115
YDR376W,YAL058W,0,-1.272055,0.32445600628852844,0.9960119724273682,0.20806242525577545
YDR418W,YDR032C,0,-1.2727851,0.32435065507888794,0.9960119724273682,0.20816244184970856
YLR439W,YGL168W,0,-1.2730922,0.3242453634738922,0.9960119724273682,0.20826247334480286
YAL021C,YBL055C,0,-1.2732673,0.32414016127586365,0.9960119724273682,0.20836250483989716
YHR027C,YPR096C,0,-1.2733573,0.32403501868247986,0.9960119724273682,0.20846253633499146
YOR167C,YMR130W,0,-1.2733837,0.32392996549606323,0.9960119724273682,0.20856256783008575
YGL147C,YMR026C,0,-1.2736938,0.3238249719142914,0.9960119724273682,0.20866259932518005
YGL213C,YGR189C,0,-1.274027,0.3237200379371643,0.9960119724273682,0.20876263082027435
YGL035C,YPL038W,0,-1.2748996,0.323615163564682,0.9960119724273682,0.20886266231536865
YDL192W,YDL146W,0,-1.2751656,0.3235103487968445,0.9960119724273682,0.20896269381046295
YOR192C-B,YER036C,0,-1.2769824,0.3234056234359741,0.9960119724273682,0.20906272530555725
YPR158C-D,YCR004C,0,-1.27764,0.32330095767974854,0.9960119724273682,0.20916274189949036
YBL106C,YJL121C,0,-1.2785509,0.3231963813304901,0.9960119724273682,0.20926277339458466
YOR265W,YOR221C,0,-1.2792386,0.32309186458587646,0.9960119724273682,0.20936280488967896
YIL150C,YLR385C,0,-1.2798895,0.3229873776435852,0.9960119724273682,0.20946283638477325
YLR097C,YBR207W,0,-1.2814071,0.3228830099105835,0.9960119724273682,0.20956286787986755
YGR047C,YDR050C,0,-1.2821134,0.3227786719799042,0.9960119724273682,0.20966289937496185
YGR047C,YAL044C,0,-1.2829531,0.322674423456192,0.9960119724273682,0.20976293087005615
YMR307W,YJL025W,0,-1.2834021,0.32257023453712463,0.9960119724273682,0.20986296236515045
YBR198C,YDL184C,0,-1.2839485,0.322466105222702,0.9960119724273682,0.20996299386024475
YBR286W,YJR059W,0,-1.2888376,0.3223620653152466,0.9960119724273682,0.21006302535533905
YPR158C-D,YNL115C,0,-1.289134,0.3222580552101135,0.9960119724273682,0.21016304194927216
YDR531W,YDR060W,0,-1.2894002,0.32215413451194763,0.9960119724273682,0.21026307344436646
YMR016C,YJL189W,0,-1.2895833,0.3220503032207489,0.9960119724273682,0.21036310493946075
YOR192C-A,YBL082C,0,-1.2914317,0.32194650173187256,0.9960119724273682,0.21046313643455505
YDR316W-A,YLR078C,0,-1.2918233,0.3218427896499634,0.9960119724273682,0.21056316792964935
YGL222C,YHR086W,0,-1.2919921,0.321739137172699,0.9960119724273682,0.21066319942474365
YBR213W,YPL103C,0,-1.2929941,0.32163554430007935,0.9960119724273682,0.21076323091983795
YIL112W,YNL289W,0,-1.2938012,0.3215320110321045,0.9960119724273682,0.21086326241493225
YNL162W,YGR027W-B,0,-1.2943869,0.3214285671710968,0.9960119724273682,0.21096329391002655
YOR067C,YDR116C,0,-1.2963436,0.3213251829147339,0.9960119724273682,0.21106332540512085
YML077W,YGR156W,0,-1.2968102,0.32122185826301575,0.9960119724273682,0.21116334199905396
YFL047W,YOL127W,0,-1.2972404,0.32111862301826477,0.9960119724273682,0.21126337349414825
YJR097W,YIL111W,0,-1.2978344,0.3210154175758362,0.9960119724273682,0.21136340498924255
YHR117W,YKL024C,0,-1.2979101,0.32091230154037476,0.9960119724273682,0.21146343648433685
YOR326W,YDR034C-C,0,-1.2987715,0.3208092451095581,0.9960119724273682,0.21156346797943115
YHR140W,YKL021C,0,-1.2988815,0.32070624828338623,0.9960119724273682,0.21166349947452545
YIR002C,YLR427W,0,-1.2993089,0.3206033408641815,0.9960119724273682,0.21176353096961975
YHR031C,YLL035W,0,-1.2994199,0.3205004930496216,0.9960119724273682,0.21186356246471405
YPL226W,YDR421W,0,-1.3000998,0.3203977048397064,0.9960119724273682,0.21196359395980835
YGR058W,YOR306C,0,-1.3022612,0.32029497623443604,0.9960119724273682,0.21206362545490265
YBL078C,YPL085W,0,-1.3027546,0.3201923072338104,0.9960119724273682,0.21216364204883575
YJR139C,YER082C,0,-1.3029398,0.320089727640152,0.9960119724273682,0.21226367354393005
YKL156W,YHR039C-B,0,-1.304157,0.3199871778488159,0.9960119724273682,0.21236370503902435
YJR098C,YDR121W,0,-1.305415,0.319884717464447,0.9960119724273682,0.21246373653411865
YDL043C,YBL061C,0,-1.3055164,0.3197823166847229,0.9960119724273682,0.21256376802921295
YCR047C,YLR327C,0,-1.3062359,0.31968000531196594,0.9960119724273682,0.21266379952430725
YHL009W-B,YER180C,0,-1.3080097,0.31957772374153137,0.9960119724273682,0.21276383101940155
YNL217W,YNL213C,0,-1.3091003,0.31947553157806396,0.9960119724273682,0.21286386251449585
YBR092C,YOR233W,0,-1.310268,0.31937339901924133,0.9960119724273682,0.21296389400959015
YJL143W,YER110C,0,-1.3107785,0.3192713260650635,0.9960119724273682,0.21306392550468445
YLR214W,YOR167C,0,-1.3126783,0.3191693425178528,0.9960119724273682,0.21316394209861755
YNR016C,YJL133W,0,-1.3130549,0.3190673887729645,0.9960119724273682,0.21326397359371185
YML015C,YHR070W,0,-1.3131403,0.31896552443504333,0.9960119724273682,0.21336400508880615
YGL040C,YGR200C,0,-1.3133634,0.31886371970176697,0.9960119724273682,0.21346403658390045
YLR214W,YPL095C,0,-1.3136281,0.3187619745731354,0.9960119724273682,0.21356406807899475
YNL158W,YNL096C,0,-1.3146795,0.31866028904914856,0.9960119724273682,0.21366409957408905
YDR329C,YOL005C,0,-1.3163292,0.3185586631298065,0.9960119724273682,0.21376413106918335
YAL023C,YNR050C,0,-1.3169173,0.31845712661743164,0.9960119724273682,0.21386416256427765
YFR032C-A,YDR368W,0,-1.3171424,0.31835564970970154,0.9960119724273682,0.21396419405937195
YDR322W,YPR016C,0,-1.3179003,0.3182542324066162,0.9960119724273682,0.21406422555446625
YCL059C,YBR299W,0,-1.319957,0.31815287470817566,0.9960119724273682,0.21416424214839935
YDR036C,YJR059W,0,-1.3222662,0.3180515766143799,0.9960119724273682,0.21426427364349365
YJR022W,YJR089W,0,-1.3225015,0.3179503381252289,0.9960119724273682,0.21436430513858795
YOL003C,YGR076C,0,-1.3235755,0.31784918904304504,0.9960119724273682,0.21446433663368225
YPL059W,YJL109C,0,-1.3254344,0.317748099565506,0.9960119724273682,0.21456436812877655
YMR100W,YBR142W,0,-1.3259692,0.3176470696926117,0.9960119724273682,0.21466439962387085
YGR062C,YPL204W,0,-1.3261608,0.3175460994243622,0.9960119724273682,0.21476443111896515
YDR248C,YLR287C-A,0,-1.3263264,0.31744518876075745,0.9960119724273682,0.21486446261405945
YAR018C,YOR269W,0,-1.3266386,0.3173443377017975,0.9960119724273682,0.21496449410915375
YLR327C,YHR010W,0,-1.3270687,0.3172435760498047,0.9960119724273682,0.21506452560424805
YLR459W,YBL061C,0,-1.3272755,0.3171428442001343,0.9960119724273682,0.21516454219818115
YMR224C,YPR042C,0,-1.3291969,0.31704220175743103,0.9960119724273682,0.21526457369327545
YPR137C-B,YNL007C,0,-1.3297939,0.31694161891937256,0.9960119724273682,0.21536460518836975
YKL156W,YNL136W,0,-1.3309373,0.31684109568595886,0.9960119724273682,0.21546463668346405
YGR286C,YPL038W,0,-1.3314643,0.31674063205718994,0.9960119724273682,0.21556466817855835
YNL218W,YBL061C,0,-1.3319416,0.3166402578353882,0.9960119724273682,0.21566469967365265
YGL213C,YKR038C,0,-1.3320105,0.3165399134159088,0.9960119724273682,0.21576473116874695
YMR006C,YDR117C,0,-1.3323084,0.3164396584033966,0.9960119724273682,0.21586476266384125
YDL101C,YOR343W-A,0,-1.3333126,0.3163394629955292,0.9960119724273682,0.21596479415893555
YPR016C,YNL339C,0,-1.3339344,0.3162393271923065,0.9960119724273682,0.21606482565402985
YJR139C,YDR368W,0,-1.3339564,0.31613925099372864,0.9960119724273682,0.21616484224796295
YOR131C,YMR184W,0,-1.3347633,0.31603923439979553,0.9960119724273682,0.21626487374305725
YML040W,YJL080C,0,-1.3350068,0.3159392774105072,0.9960119724273682,0.21636490523815155
YPR184W,YLR120C,0,-1.33643,0.31583938002586365,0.9960119724273682,0.21646493673324585
YDR036C,YJR022W,0,-1.3381457,0.31573957204818726,0.9960119724273682,0.21656496822834015
YNL129W,YMR163C,0,-1.339039,0.31563982367515564,0.9960119724273682,0.21666499972343445
YFR015C,YOR343W-A,0,-1.3401961,0.3155401051044464,0.9960119724273682,0.21676503121852875
YDR379W,YNL207W,0,-1.3411541,0.31544047594070435,0.9960119724273682,0.21686506271362305
YNL207W,YPR166C,0,-1.34145,0.31534090638160706,0.9960119724273682,0.21696509420871735
YMR188C,YPL214C,0,-1.3437208,0.31524139642715454,0.9960119724273682,0.21706512570381165
YBR291C,YJL052W,0,-1.3447849,0.3151419460773468,0.9960119724273682,0.21716514229774475
YNL291C,YER173W,0,-1.3448032,0.3150425851345062,0.9960119724273682,0.21726517379283905
YDR236C,YGR124W,0,-1.3453797,0.31494325399398804,0.9960119724273682,0.21736520528793335
YCR077C,YBR283C,0,-1.347515,0.3148439824581146,0.9960119724273682,0.21746523678302765
YHR117W,YDR158W,0,-1.3476123,0.3147448003292084,0.9960119724273682,0.21756526827812195
YOL139C,YBR231C,0,-1.3492312,0.3146456778049469,0.9960119724273682,0.21766529977321625
YML113W,YNL135C,0,-1.3497216,0.3145465850830078,0.9960119724273682,0.21776533126831055
YGR101W,YJR033C,0,-1.3504847,0.3144475817680359,0.9960119724273682,0.21786536276340485
YDR261W-B,YJL073W,0,-1.3505152,0.31434863805770874,0.9960119724273682,0.21796539425849915
YBR175W,YIL101C,0,-1.3524696,0.31424975395202637,0.9960119724273682,0.21806542575359344
YDR532C,YDL166C,0,-1.3555441,0.31415092945098877,0.9960119724273682,0.21816544234752655
YHR206W,YGL178W,0,-1.3563365,0.31405219435691833,0.9960119724273682,0.21826547384262085
YBR237W,YOR179C,0,-1.3568156,0.3139534890651703,0.9960119724273682,0.21836550533771515
YOR308C,YKL183W,0,-1.3580031,0.313854843378067,0.9960119724273682,0.21846553683280945
YPL106C,YOR315W,0,-1.3586776,0.3137562870979309,0.9960119724273682,0.21856556832790375
YDL075W,YBL010C,0,-1.3599166,0.3136577606201172,0.9960119724273682,0.21866559982299805
YDR511W,YBL010C,0,-1.3603307,0.31355932354927063,0.9960119724273682,0.21876563131809235
YOR179C,YNR020C,0,-1.36069,0.31346094608306885,0.9960119724273682,0.21886566281318665
YOR240W,YDR529C,0,-1.3613306,0.31336259841918945,0.9960119724273682,0.21896569430828094
YLR356W,YOR221C,0,-1.3624161,0.3132643401622772,0.9960119724273682,0.21906572580337524
YOR075W,YGR200C,0,-1.36313,0.31316614151000977,0.9960119724273682,0.21916574239730835
YNL207W,YDR103W,0,-1.3643917,0.3130680024623871,0.9960119724273682,0.21926577389240265
YGR029W,YNL227C,0,-1.3645753,0.3129699230194092,0.9960119724273682,0.21936580538749695
YNL291C,YNL166C,0,-1.3651125,0.31287190318107605,0.9960119724273682,0.21946583688259125
YPR049C,YJR058C,0,-1.3653303,0.3127739429473877,0.9960119724273682,0.21956586837768555
YDR279W,YOR192C-A,0,-1.3654815,0.3126760423183441,0.9960119724273682,0.21966589987277985
YDR363W-A,YKL028W,0,-1.366193,0.3125782310962677,0.9960119724273682,0.21976593136787415
YLR450W,YPR184W,0,-1.3689158,0.31248044967651367,0.9960119724273682,0.21986596286296844
YNL330C,YPR137C-B,0,-1.3692828,0.3123827278614044,0.9960119724273682,0.21996599435806274
YIL070C,YBR214W,0,-1.3717934,0.31228509545326233,0.9960119724273682,0.22006602585315704
YMR282C,YKR105C,0,-1.372145,0.3121874928474426,0.9960119724273682,0.22016604244709015
YPR186C,YCR053W,0,-1.3734053,0.3120899796485901,0.9960119724273682,0.22026607394218445
YPL195W,YBR251W,0,-1.3740059,0.31199249625205994,0.9960119724273682,0.22036610543727875
YKL140W,YMR152W,0,-1.3742641,0.31189510226249695,0.9960119724273682,0.22046613693237305
YGR035C,YBR283C,0,-1.3750035,0.31179773807525635,0.9960119724273682,0.22056616842746735
YNL054W-B,YFL039C,0,-1.3764371,0.3117004632949829,0.9960119724273682,0.22066619992256165
YBL024W,YIL124W,0,-1.3775178,0.31160324811935425,0.9960119724273682,0.22076623141765594
YGR220C,YOL002C,0,-1.3779588,0.31150609254837036,0.9960119724273682,0.22086626291275024
YJL008C,YMR204C,0,-1.3785955,0.31140896677970886,0.9960119724273682,0.22096629440784454
YJL033W,YOL030W,0,-1.3792857,0.3113119304180145,0.9960119724273682,0.22106632590293884
YMR056C,YOL125W,0,-1.3803166,0.31121495366096497,0.9960119724273682,0.22116634249687195
YKL116C,YDR116C,0,-1.3809608,0.3111180365085602,0.9960119724273682,0.22126637399196625
YML094W,YDR400W,0,-1.3811551,0.31102117896080017,0.9960119724273682,0.22136640548706055
YLR134W,YHR184W,0,-1.3836597,0.31092438101768494,0.9960119724273682,0.22146643698215485
YBR055C,YIL009C-A,0,-1.3846215,0.3108276426792145,0.9960119724273682,0.22156646847724915
YBL054W,YGL251C,0,-1.3852311,0.3107309341430664,0.9960119724273682,0.22166649997234344
YLR090W,YGR002C,0,-1.3870438,0.3106343150138855,0.9960119724273682,0.22176653146743774
YER056C-A,YDR065W,0,-1.3880159,0.31053775548934937,0.9960119724273682,0.22186656296253204
YBR175W,YKL143W,0,-1.3891481,0.310441255569458,0.9960119724273682,0.22196659445762634
YHL040C,YNL096C,0,-1.3913672,0.3103448152542114,0.9960119724273682,0.22206662595272064
YMR016C,YHR186C,0,-1.3913803,0.3102484345436096,0.9960119724273682,0.22216664254665375
YML074C,YPL033C,0,-1.3915803,0.3101521134376526,0.9960119724273682,0.22226667404174805
YCR053W,YJR155W,0,-1.3918122,0.31005585193634033,0.9960119724273682,0.22236670553684235
YML124C,YER110C,0,-1.395315,0.30995965003967285,0.9960119724273682,0.22246673703193665
YJR060W,YJR134C,0,-1.3955855,0.30986353754997253,0.9960119724273682,0.22256676852703094
YJL033W,YLR035C-A,0,-1.3955954,0.3097674548625946,0.9960119724273682,0.22266680002212524
YGR220C,YOR326W,0,-1.3963221,0.30967143177986145,0.9960119724273682,0.22276683151721954
YMR100W,YKR038C,0,-1.3983504,0.30957546830177307,0.9960119724273682,0.22286686301231384
YGL135W,YER106W,0,-1.3997229,0.30947956442832947,0.9960119724273682,0.22296689450740814
YDL136W,YAR010C,0,-1.3999814,0.30938372015953064,0.9960119724273682,0.22306692600250244
YIL125W,YGR184C,0,-1.4005985,0.3092879354953766,0.9960119724273682,0.22316695749759674
YMR130W,YAR018C,0,-1.4023534,0.3091922104358673,0.9960119724273682,0.22326697409152985
YJR068W,YOR242C,0,-1.4025701,0.3090965449810028,0.9960119724273682,0.22336700558662415
YDR069C,YBR009C,0,-1.4028798,0.3090009391307831,0.9960119724273682,0.22346703708171844
YBR286W,YDR447C,0,-1.4030156,0.30890539288520813,0.9960119724273682,0.22356706857681274
YER159C-A,YGL035C,0,-1.4033719,0.30880990624427795,0.9960119724273682,0.22366710007190704
YJL090C,YLR441C,0,-1.4041487,0.30871444940567017,0.9960119724273682,0.22376713156700134
YGL128C,YPR186C,0,-1.4053929,0.30861908197402954,0.9960119724273682,0.22386716306209564
YMR298W,YPL231W,0,-1.4069428,0.3085237741470337,0.9960119724273682,0.22396719455718994
YDR224C,YGL123W,0,-1.4074935,0.3084285259246826,0.9960119724273682,0.22406722605228424
YOL031C,YPL090C,0,-1.4098045,0.3083333373069763,0.9960119724273682,0.22416725754737854
YHL019C,YAR010C,0,-1.4143468,0.3082382082939148,0.9960119724273682,0.22426727414131165
YIR014W,YDR316W-A,0,-1.4152896,0.30814310908317566,0.9960119724273682,0.22436730563640594
YIL138C,YDR014W,0,-1.4156784,0.3080480992794037,0.9960119724273682,0.22446733713150024
YDL141W,YDR376W,0,-1.4167114,0.3079531490802765,0.9960119724273682,0.22456736862659454
YPR028W,YKL158W,0,-1.4172486,0.3078582286834717,0.9960119724273682,0.22466740012168884
YGL253W,YPL204W,0,-1.4174387,0.30776339769363403,0.9960119724273682,0.22476743161678314
YGL040C,YCR054C,0,-1.4185766,0.30766862630844116,0.9960119724273682,0.22486746311187744
YLR283W,YJL170C,0,-1.4190007,0.3075738847255707,0.9960119724273682,0.22496749460697174
YNR027W,YLR078C,0,-1.4197007,0.30747923254966736,0.9960119724273682,0.22506752610206604
YPL220W,YDR486C,0,-1.4200927,0.3073846101760864,0.9960119724273682,0.22516755759716034
YHR153C,YNL331C,0,-1.4201798,0.30729007720947266,0.9960119724273682,0.22526757419109344
YDL231C,YBL061C,0,-1.425146,0.3071955740451813,0.9960119724273682,0.22536760568618774
YPL257W-A,YGL095C,0,-1.4260248,0.30710113048553467,0.9960119724273682,0.22546763718128204
YJL153C,YGL249W,0,-1.426112,0.30700674653053284,0.9960119724273682,0.22556766867637634
YLR286C,YGR027W-B,0,-1.426274,0.30691245198249817,0.9960119724273682,0.22566770017147064
YDR056C,YJL148W,0,-1.4269497,0.3068181872367859,0.9960119724273682,0.22576773166656494
YKL195W,YPR031W,0,-1.4271859,0.3067239820957184,0.9960119724273682,0.22586776316165924
YLR048W,YHR099W,0,-1.4272738,0.30662983655929565,0.9960119724273682,0.22596779465675354
YPR063C,YDR421W,0,-1.4293138,0.3065357506275177,0.9960119724273682,0.22606782615184784
YDR279W,YPL068C,0,-1.4298435,0.3064417243003845,0.9960119724273682,0.22616785764694214
YDR481C,YOR346W,0,-1.4301211,0.3063477575778961,0.9960119724273682,0.22626787424087524
YLL013C,YHR025W,0,-1.4333471,0.3062538206577301,0.9960119724273682,0.22636790573596954
YOR192C-A,YBR273C,0,-1.4353639,0.30615997314453125,0.9960119724273682,0.22646793723106384
YGL213C,YDR134C,0,-1.4365329,0.3060661852359772,0.9960119724273682,0.22656796872615814
YDR050C,YIL138C,0,-1.4374391,0.3059724271297455,0.9960119724273682,0.22666800022125244
YLR038C,YOL125W,0,-1.4384617,0.30587875843048096,0.9960119724273682,0.22676803171634674
YAR015W,YPL204W,0,-1.439946,0.3057851195335388,0.9960119724273682,0.22686806321144104
YBR160W,YJR068W,0,-1.4403529,0.30569154024124146,0.9960119724273682,0.22696809470653534
YJR097W,YDR510W,0,-1.4418985,0.30559805035591125,0.9960119724273682,0.22706812620162964
YNL306W,YBR035C,0,-1.4421,0.30550459027290344,0.9960119724273682,0.22716815769672394
YDR036C,YLR201C,0,-1.4423221,0.3054111897945404,0.9960119724273682,0.22726817429065704
YGR027W-B,YOR374W,0,-1.4430228,0.30531784892082214,0.9960119724273682,0.22736820578575134
YLR450W,YOL077C,0,-1.4431548,0.30522456765174866,0.9960119724273682,0.22746823728084564
YJL090C,YPR122W,0,-1.4440535,0.30513134598731995,0.9960119724273682,0.22756826877593994
YML054C,YIR017C,0,-1.4440953,0.3050381541252136,0.9960119724273682,0.22766830027103424
YDR531W,YNL308C,0,-1.4452108,0.30494505167007446,0.9960119724273682,0.22776833176612854
YNL162W,YBR164C,0,-1.4458808,0.3048520088195801,0.9960119724273682,0.22786836326122284
YIL109C,YJL165C,0,-1.4478474,0.3047589957714081,0.9960119724273682,0.22796839475631714
YBR055C,YGR286C,0,-1.4479932,0.30466604232788086,0.9960119724273682,0.22806842625141144
YFR015C,YHR081W,0,-1.4480549,0.3045731782913208,0.9960119724273682,0.22816845774650574
YCR094W,YOL149W,0,-1.4520196,0.30448034405708313,0.9960119724273682,0.22826847434043884
YDR316W-A,YLR045C,0,-1.4525688,0.30438756942749023,0.9960119724273682,0.22836850583553314
YDR036C,YDR443C,0,-1.4530202,0.3042948544025421,0.9960119724273682,0.22846853733062744
YJR094W-A,YOR270C,0,-1.4533552,0.30420219898223877,0.9960119724273682,0.22856856882572174
YDR134C,YOR346W,0,-1.4535209,0.3041096031665802,0.9960119724273682,0.22866860032081604
YDL067C,YDR252W,0,-1.4543445,0.304017037153244,0.9960119724273682,0.22876863181591034
YKR014C,YGR162W,0,-1.4561698,0.303924560546875,0.9960119724273682,0.22886866331100464
YER099C,YMR109W,0,-1.4569412,0.30383211374282837,0.9960119724273682,0.22896869480609894
YHL009W-B,YIL009C-A,0,-1.4570564,0.3037397265434265,0.9960119724273682,0.22906872630119324
YER099C,YCR028C,0,-1.4573828,0.3036474287509918,0.9960119724273682,0.22916875779628754
YEL015W,YEL061C,0,-1.4581472,0.3035551607608795,0.9960119724273682,0.22926877439022064
YKL108W,YPL149W,0,-1.4582113,0.303462952375412,0.9960119724273682,0.22936880588531494
YBR122C,YJR126C,0,-1.4589208,0.30337077379226685,0.9960119724273682,0.22946883738040924
YDR044W,YOR246C,0,-1.4598213,0.30327868461608887,0.9960119724273682,0.22956886887550354
YJR160C,YEL050C,0,-1.4607487,0.30318665504455566,0.9960119724273682,0.22966890037059784
YJR016C,YLR337W,0,-1.4634516,0.30309465527534485,0.9960119724273682,0.22976893186569214
YER053C,YNL289W,0,-1.4643999,0.3030027151107788,0.9960119724273682,0.22986896336078644
YBR050C,YJR126C,0,-1.4647802,0.30291086435317993,0.9960119724273682,0.22996899485588074
YMR290C,YDR134C,0,-1.4649516,0.30281904339790344,0.9960119724273682,0.23006902635097504
YOL103W,YER126C,0,-1.4651891,0.30272728204727173,0.9960119724273682,0.23016905784606934
YHL009W-B,YMR026C,0,-1.4672565,0.3026355504989624,0.9960119724273682,0.23026907444000244
YBR160W,YGR124W,0,-1.4673954,0.30254390835762024,0.9960119724273682,0.23036910593509674
YPR186C,YDR342C,0,-1.4698524,0.30245232582092285,0.9960119724273682,0.23046913743019104
YGL253W,YPL090C,0,-1.4699076,0.30236077308654785,0.9960119724273682,0.23056916892528534
YJR016C,YCR077C,0,-1.4704823,0.3022692799568176,0.9960119724273682,0.23066920042037964
YKL011C,YDL067C,0,-1.4723401,0.3021778464317322,0.9960119724273682,0.23076923191547394
YDL120W,YLR120C,0,-1.4725033,0.3020864725112915,0.9960119724273682,0.23086926341056824
YIL172C,YDR511W,0,-1.4727511,0.3019951581954956,0.9960119724273682,0.23096929490566254
YLR204W,YLR286C,0,-1.4727587,0.3019039034843445,0.9960119724273682,0.23106932640075684
YBR158W,YJL108C,0,-1.4732364,0.30181267857551575,0.9960119724273682,0.23116935789585114
YPL091W,YOL071W,0,-1.4735945,0.3017215430736542,0.9960119724273682,0.23126937448978424
YLR090W,YDR038C,0,-1.4743196,0.301630437374115,0.9960119724273682,0.23136940598487854
YML129C,YHR186C,0,-1.4757371,0.3015393912792206,0.9960119724273682,0.23146943747997284
YPR102C,YOR242C,0,-1.4785603,0.30144840478897095,0.9960119724273682,0.23156946897506714
YDR425W,YHR011W,0,-1.4791287,0.3013574779033661,0.9960119724273682,0.23166950047016144
YBR158W,YDR368W,0,-1.4796163,0.3012665808200836,0.9960119724273682,0.23176953196525574
YGR027W-B,YER045C,0,-1.4842913,0.3011757731437683,0.9960119724273682,0.23186956346035004
YDL114W,YGR001C,0,-1.4860941,0.3010849952697754,0.9960119724273682,0.23196959495544434
YDR297W,YNL119W,0,-1.4896756,0.30099427700042725,0.9960119724273682,0.23206962645053864
YMR128W,YGL258W-A,0,-1.490306,0.3009036183357239,0.9960119724273682,0.23216965794563293
YJL033W,YGL258W-A,0,-1.490306,0.3008130192756653,0.9960119724273682,0.23226967453956604
YML027W,YDL138W,0,-1.4908777,0.3007224500179291,0.9960119724273682,0.23236970603466034
YGR101W,YIL124W,0,-1.4909862,0.30063197016716003,0.9960119724273682,0.23246973752975464
YLL038C,YOR270C,0,-1.4917003,0.3005415201187134,0.9960119724273682,0.23256976902484894
YAL044C,YDL017W,0,-1.4917064,0.3004511296749115,0.9960119724273682,0.23266980051994324
YDL129W,YIL136W,0,-1.4920434,0.3003607988357544,0.9960119724273682,0.23276983201503754
YDL141W,YDL109C,0,-1.4922527,0.30027052760124207,0.9960119724273682,0.23286986351013184
YNL086W,YOR369C,0,-1.4928181,0.3001802861690521,0.9960119724273682,0.23296989500522614
YBR176W,YNL325C,0,-1.4931515,0.30009010434150696,0.9960119724273682,0.23306992650032043
YOR192C-A,YOR075W,0,-1.4935029,0.30000001192092896,0.9960119724273682,0.23316995799541473
YGR058W,YBR158W,0,-1.4944013,0.29990994930267334,0.9960119724273682,0.23326997458934784
YNR043W,YMR109W,0,-1.4954044,0.2998199164867401,0.9960119724273682,0.23337000608444214
YDR236C,YLR158C,0,-1.4958694,0.29972997307777405,0.9960119724273682,0.23347003757953644
YDR418W,YCL069W,0,-1.4961288,0.29964005947113037,0.9960119724273682,0.23357006907463074
YDR478W,YCR037C,0,-1.4969543,0.29955023527145386,0.9960119724273682,0.23367010056972504
YER089C,YLR441C,0,-1.5009227,0.29946044087409973,0.9960119724273682,0.23377013206481934
YIL136W,YAL058W,0,-1.50164,0.2993707060813904,0.9960119724273682,0.23387016355991364
YML054C,YJR016C,0,-1.5017481,0.2992810010910034,0.9960119724273682,0.23397019505500793
YBL078C,YPR098C,0,-1.5035753,0.2991913855075836,0.9960119724273682,0.23407022655010223
YKR062W,YOL092W,0,-1.50477,0.2991017997264862,0.9960119724273682,0.23417025804519653
YLR238W,YOL139C,0,-1.5048733,0.29901227355003357,0.9960119724273682,0.23427027463912964
YER051W,YMR037C,0,-1.5057651,0.2989228069782257,0.9960119724273682,0.23437030613422394
YLR419W,YML091C,0,-1.5058829,0.29883337020874023,0.9960119724273682,0.23447033762931824
YJR009C,YDR501W,0,-1.5076435,0.2987440228462219,0.9960119724273682,0.23457036912441254
YLR364W,YNL054W-B,0,-1.5079485,0.298654705286026,0.9960119724273682,0.23467040061950684
YPL157W,YHL016C,0,-1.5084243,0.29856544733047485,0.9960119724273682,0.23477043211460114
YJL190C,YGR279C,0,-1.5088469,0.2984762489795685,0.9960119724273682,0.23487046360969543
YHR089C,YLR381W,0,-1.5091497,0.2983871102333069,0.9960119724273682,0.23497049510478973
YHL044W,YJL164C,0,-1.5091741,0.2982980012893677,0.9960119724273682,0.23507052659988403
YKL004W,YPR186C,0,-1.5096436,0.29820895195007324,0.9960119724273682,0.23517055809497833
YPR166C,YML125C,0,-1.5122806,0.2981199622154236,0.9960119724273682,0.23527057468891144
YDL108W,YKL212W,0,-1.5126384,0.2980310320854187,0.9960119724273682,0.23537060618400574
YMR257C,YDL101C,0,-1.5127883,0.2979421317577362,0.9960119724273682,0.23547063767910004
YNL217W,YDR487C,0,-1.5133295,0.2978533208370209,0.9960119724273682,0.23557066917419434
YGR047C,YNL244C,0,-1.5137339,0.29776453971862793,0.9960119724273682,0.23567070066928864
YAL008W,YCL066W,0,-1.5146369,0.29767581820487976,0.9960119724273682,0.23577073216438293
YNL292W,YCR040W,0,-1.5169915,0.297587126493454,0.9960119724273682,0.23587076365947723
YDR074W,YJL025W,0,-1.5175942,0.29749852418899536,0.9960119724273682,0.23597079515457153
YDR347W,YPL031C,0,-1.5186529,0.29740995168685913,0.9960119724273682,0.23607082664966583
YOL065C,YPL103C,0,-1.5186875,0.2973214387893677,0.9960119724273682,0.23617085814476013
YDR418W,YGL106W,0,-1.5189275,0.2972329556941986,0.9960119724273682,0.23627087473869324
YER087C-A,YOR061W,0,-1.5204437,0.2971445620059967,0.9960119724273682,0.23637090623378754
YOL120C,YOR092W,0,-1.5206342,0.2970561981201172,0.9960119724273682,0.23647093772888184
YLR075W,YOR150W,1,-1.520951,0.2972651720046997,0.9970089793205261,0.23647093772888184
YNL330C,YNL086W,0,-1.5217627,0.2971768081188202,0.9970089793205261,0.23657096922397614
YLL001W,YLR246W,0,-1.5221052,0.29708853363990784,0.9970089793205261,0.23667100071907043
YDL065C,YJL133W,0,-1.5226334,0.29700028896331787,0.9970089793205261,0.23677103221416473
YDR283C,YLR158C,0,-1.5236717,0.2969121038913727,0.9970089793205261,0.23687106370925903
YLR147C,YKR104W,0,-1.5244013,0.29682397842407227,0.9970089793205261,0.23697109520435333
YGR156W,YGL106W,0,-1.5262388,0.2967359125614166,0.9970089793205261,0.23707112669944763
YDR103W,YJL189W,0,-1.5271217,0.2966478765010834,0.9970089793205261,0.23717115819454193
YNR027W,YNL244C,0,-1.5292172,0.2965599000453949,0.9970089793205261,0.23727117478847504
YDR448W,YOL018C,0,-1.5297471,0.2964719831943512,0.9970089793205261,0.23737120628356934
YKR048C,YHR186C,0,-1.5302526,0.29638412594795227,0.9970089793205261,0.23747123777866364
YML077W,YHR171W,0,-1.5304787,0.29629629850387573,0.9970089793205261,0.23757126927375793
YDL130W,YDR334W,0,-1.5308338,0.29620853066444397,0.9970089793205261,0.23767130076885223
YGL040C,YPR016C,0,-1.5310398,0.296120822429657,0.9970089793205261,0.23777133226394653
YGL229C,YDL082W,0,-1.5315303,0.2960331439971924,0.9970089793205261,0.23787136375904083
YDL184C,YOR211C,0,-1.5328552,0.29594555497169495,0.9970089793205261,0.23797139525413513
YOL005C,YKR105C,0,-1.5329549,0.2958579957485199,0.9970089793205261,0.23807142674922943
YMR139W,YOL109W,0,-1.5357932,0.2957704961299896,0.9970089793205261,0.23817145824432373
YIL004C,YML077W,0,-1.5371071,0.29568302631378174,0.9970089793205261,0.23827147483825684
YKL156W,YOR192C-A,0,-1.537968,0.29559561610221863,0.9970089793205261,0.23837150633335114
YGR027W-B,YOL157C,0,-1.5384203,0.2955082654953003,0.9970089793205261,0.23847153782844543
YPL157W,YIL072W,0,-1.5385474,0.29542097449302673,0.9970089793205261,0.23857156932353973
YKL154W,YMR282C,0,-1.5402987,0.29533371329307556,0.9970089793205261,0.23867160081863403
YLR109W,YOR233W,0,-1.5408546,0.29524654150009155,0.9970089793205261,0.23877163231372833
YJL025W,YER045C,0,-1.5421298,0.29515939950942993,0.9970089793205261,0.23887166380882263
YGR159C,YGR027W-B,0,-1.5421805,0.2950722873210907,0.9970089793205261,0.23897169530391693
YMR100W,YHR067W,0,-1.5422161,0.29498526453971863,0.9970089793205261,0.23907172679901123
YJR110W,YKL154W,0,-1.5426294,0.29489827156066895,0.9970089793205261,0.23917175829410553
YPR158C-D,YKL195W,0,-1.5430363,0.29481130838394165,0.9970089793205261,0.23927177488803864
YOR192C-A,YOR043W,0,-1.5440971,0.2947244346141815,0.9970089793205261,0.23937180638313293
YLR459W,YOL007C,0,-1.5449814,0.2946375906467438,0.9970089793205261,0.23947183787822723
YBR205W,YDR071C,0,-1.5450109,0.2945508062839508,0.9970089793205261,0.23957186937332153
YGL119W,YML085C,0,-1.545541,0.2944640815258026,0.9970089793205261,0.23967190086841583
YDR033W,YDL130W,0,-1.5460802,0.2943773865699768,0.9970089793205261,0.23977193236351013
YGL035C,YKL108W,0,-1.5467582,0.2942907512187958,0.9970089793205261,0.23987196385860443
YOR192C-B,YGR241C,0,-1.5475909,0.2942041754722595,0.9970089793205261,0.23997199535369873
YKL198C,YPL038W,0,-1.5484535,0.29411765933036804,0.9970089793205261,0.24007202684879303
YMR247C,YOR306C,0,-1.5498807,0.29403117299079895,0.9970089793205261,0.24017205834388733
YJL080C,YMR312W,0,-1.5502476,0.29394474625587463,0.9970089793205261,0.24027207493782043
YBR160W,YNL015W,0,-1.5512117,0.2938583493232727,0.9970089793205261,0.24037210643291473
YIR012W,YBR166C,0,-1.5522983,0.29377204179763794,0.9970089793205261,0.24047213792800903
YNL206C,YOL005C,0,-1.5523325,0.29368576407432556,0.9970089793205261,0.24057216942310333
YNR050C,YLL038C,0,-1.5532604,0.29359951615333557,0.9970089793205261,0.24067220091819763
YDL129W,YOR343W-A,0,-1.553344,0.29351335763931274,0.9970089793205261,0.24077223241329193
YHL040C,YLR357W,0,-1.5537671,0.2934272289276123,0.9970089793205261,0.24087226390838623
YNL077W,YNL112W,0,-1.5542986,0.29334115982055664,0.9970089793205261,0.24097229540348053
YPR137C-B,YJL129C,0,-1.5552312,0.29325512051582336,0.9970089793205261,0.24107232689857483
YLR192C,YPR070W,0,-1.5560834,0.29316917061805725,0.9970089793205261,0.24117235839366913
YPL149W,YNL289W,0,-1.5562501,0.2930832505226135,0.9970089793205261,0.24127237498760223
YPR019W,YNL096C,0,-1.5585333,0.2929973602294922,0.9970089793205261,0.24137240648269653
YGL135W,YPL159C,0,-1.5585812,0.2929115295410156,0.9970089793205261,0.24147243797779083
YLR098C,YOR063W,0,-1.5586663,0.29282575845718384,0.9970089793205261,0.24157246947288513
YLL011W,YPL153C,0,-1.5592316,0.2927400469779968,0.9970089793205261,0.24167250096797943
YIL150C,YJR158W,0,-1.5600623,0.2926543653011322,0.9970089793205261,0.24177253246307373
YDR248C,YJL125C,0,-1.5604782,0.29256874322891235,0.9970089793205261,0.24187256395816803
YKL011C,YOR069W,0,-1.5629214,0.2924831807613373,0.9970089793205261,0.24197259545326233
YHR086W,YPL186C,0,-1.5646211,0.2923976480960846,0.9970089793205261,0.24207262694835663
YMR264W,YPL121C,0,-1.5646847,0.2923121750354767,0.9970089793205261,0.24217265844345093
YJR110W,YLR403W,0,-1.5649738,0.29222676157951355,0.9970089793205261,0.24227267503738403
YFL036W,YPR118W,0,-1.5680681,0.2921414077281952,0.9970089793205261,0.24237270653247833
YML040W,YPR158C-D,0,-1.5681039,0.2920560836791992,0.9970089793205261,0.24247273802757263
YJR025C,YPL206C,0,-1.5681299,0.29197078943252563,0.9970089793205261,0.24257276952266693
YLR015W,YDR318W,0,-1.5691803,0.2918855845928192,0.9970089793205261,0.24267280101776123
YOR192C-B,YPR054W,0,-1.5700428,0.2918004095554352,0.9970089793205261,0.24277283251285553
YLR266C,YCR054C,0,-1.5705086,0.2917152941226959,0.9970089793205261,0.24287286400794983
YDR316W-A,YLR287C-A,0,-1.5714251,0.29163020849227905,0.9970089793205261,0.24297289550304413
YNL039W,YNL136W,0,-1.5722865,0.29154518246650696,0.9970089793205261,0.24307292699813843
YPL111W,YPL026C,0,-1.5731169,0.29146021604537964,0.9970089793205261,0.24317295849323273
YGL035C,YCL057C-A,0,-1.5738724,0.2913752794265747,0.9970089793205261,0.24327297508716583
YDR238C,YBL074C,0,-1.5751072,0.29129040241241455,0.9970089793205261,0.24337300658226013
YOL067C,YOR043W,0,-1.5758127,0.29120558500289917,0.9970089793205261,0.24347303807735443
YGL119W,YDR013W,0,-1.5760101,0.29112082719802856,0.9970089793205261,0.24357306957244873
YJR139C,YDR239C,0,-1.5781897,0.29103609919548035,0.9970089793205261,0.24367310106754303
YDL108W,YJR068W,0,-1.5785049,0.2909514009952545,0.9970089793205261,0.24377313256263733
YPL281C,YKR104W,0,-1.5786937,0.29086679220199585,0.9970089793205261,0.24387316405773163
YDR261W-B,YMR163C,0,-1.5788275,0.29078221321105957,0.9970089793205261,0.24397319555282593
YHR070W,YPL026C,0,-1.5804228,0.2906976640224457,0.9970089793205261,0.24407322704792023
YPL281C,YMR152W,0,-1.5813899,0.29061320424079895,0.9970089793205261,0.24417325854301453
YJL065C,YKR104W,0,-1.5814404,0.2905287742614746,0.9970089793205261,0.24427327513694763
YJL153C,YKL034W,0,-1.5838219,0.29044437408447266,0.9970089793205261,0.24437330663204193
YOR066W,YPL143W,0,-1.5843786,0.2903600335121155,0.9970089793205261,0.24447333812713623
YDR003W,YOR217W,0,-1.5846967,0.2902757525444031,0.9970089793205261,0.24457336962223053
YDL110C,YPR021C,0,-1.5853878,0.29019153118133545,0.9970089793205261,0.24467340111732483
YPL157W,YPR096C,0,-1.5863627,0.2901073396205902,0.9970089793205261,0.24477343261241913
YDL067C,YBR213W,0,-1.5868331,0.29002320766448975,0.9970089793205261,0.24487346410751343
YOR288C,YLR074C,0,-1.5871624,0.28993910551071167,0.9970089793205261,0.24497349560260773
YOR192C-B,YJL170C,0,-1.5882602,0.28985506296157837,0.9970089793205261,0.24507352709770203
YFL039C,YCR092C,0,-1.5882677,0.28977108001708984,0.9970089793205261,0.24517355859279633
YOR167C,YLR356W,0,-1.5885348,0.2896871268749237,0.9970089793205261,0.24527357518672943
YDL120W,YPL257W-A,0,-1.5887271,0.28960323333740234,0.9970089793205261,0.24537360668182373
YBR213W,YKL158W,0,-1.5887398,0.28951939940452576,0.9970089793205261,0.24547363817691803
YGL206C,YMR314W,0,-1.5892994,0.28943559527397156,0.9970089793205261,0.24557366967201233
YPL214C,YDR487C,0,-1.5907301,0.28935185074806213,0.9970089793205261,0.24567370116710663
YPL189C-A,YNL007C,0,-1.5911359,0.2892681658267975,0.9970089793205261,0.24577373266220093
YLR312C-B,YGR191W,0,-1.5911359,0.2891845107078552,0.9970089793205261,0.24587376415729523
YBR245C,YLR337W,0,-1.5911359,0.28910088539123535,0.9970089793205261,0.24597379565238953
YPL189C-A,YMR086W,0,-1.5911359,0.28901734948158264,0.9970089793205261,0.24607382714748383
YLR312C-B,YLR283W,0,-1.5911359,0.2889338433742523,0.9970089793205261,0.24617385864257812
YMR100W,YPL189C-A,0,-1.5911359,0.2888503670692444,0.9970089793205261,0.24627387523651123
YLR312C-B,YAL012W,0,-1.5911359,0.2887669503688812,0.9970089793205261,0.24637390673160553
YPL189C-A,YNL146W,0,-1.5911359,0.28868359327316284,0.9970089793205261,0.24647393822669983
YCR029C-A,YIL009C-A,0,-1.5911359,0.28860029578208923,0.9970089793205261,0.24657396972179413
YKL011C,YPL189C-A,0,-1.5911359,0.288517028093338,0.9970089793205261,0.24667400121688843
YLR312C-B,YDL095W,0,-1.5911359,0.2884337902069092,0.9970089793205261,0.24677403271198273
YDR495C,YPL189C-A,0,-1.5911359,0.2883506417274475,0.9970089793205261,0.24687406420707703
YPL096C-A,YOR306C,0,-1.5911359,0.2882675230503082,0.9970089793205261,0.24697409570217133
YCL048W-A,YDR443C,0,-1.5911359,0.28818443417549133,0.9970089793205261,0.24707412719726562
YPL189C-A,YGL040C,0,-1.5911359,0.2881014049053192,0.9970089793205261,0.24717415869235992
YCR029C-A,YDR400W,0,-1.5911359,0.28801843523979187,0.9970089793205261,0.24727417528629303
YCR029C-A,YDR251W,0,-1.5911359,0.2879354953765869,0.9970089793205261,0.24737420678138733
YPR016C,YKL158W,0,-1.5911359,0.28785261511802673,0.9970089793205261,0.24747423827648163
YPL189C-A,YER184C,0,-1.5911359,0.28776979446411133,0.9970089793205261,0.24757426977157593
YML034W,YCL048W-A,0,-1.5911359,0.2876870036125183,0.9970089793205261,0.24767430126667023
YHR214W-G,YBL023C,0,-1.5911359,0.2876042425632477,0.9970089793205261,0.24777433276176453
YER088C,YPL096C-A,0,-1.5911359,0.2875215709209442,0.9970089793205261,0.24787436425685883
YCL048W-A,YDR390C,0,-1.5911359,0.28743892908096313,0.9970089793205261,0.24797439575195312
YMR171C,YCR029C-A,0,-1.5911359,0.28735631704330444,0.9970089793205261,0.24807442724704742
YJL165C,YHR214W-G,0,-1.5911359,0.2872737646102905,0.9970089793205261,0.24817445874214172
YPL096C-A,YHL004W,0,-1.5911359,0.2871912717819214,0.9970089793205261,0.24827447533607483
YPL189C-A,YIL111W,0,-1.5911359,0.28710880875587463,0.9970089793205261,0.24837450683116913
YCR029C-A,YOL139C,0,-1.5911359,0.28702640533447266,0.9970089793205261,0.24847453832626343
YKL004W,YAR070W-A,0,-1.5911359,0.28694403171539307,0.9970089793205261,0.24857456982135773
YCL048W-A,YIL136W,0,-1.5911359,0.28686174750328064,0.9970089793205261,0.24867460131645203
YCL048W-A,YIL138C,0,-1.5911359,0.2867794632911682,0.9970089793205261,0.24877463281154633
YMR188C,YHR214W-G,0,-1.5911359,0.28669723868370056,0.9970089793205261,0.24887466430664062
YER086W,YHR214W-G,0,-1.5911359,0.2866150736808777,0.9970089793205261,0.24897469580173492
YOR240W,YJL073W,0,-1.5911359,0.2865329384803772,0.9970089793205261,0.24907472729682922
YPL096C-A,YNL185C,0,-1.5911359,0.2864508628845215,0.9970089793205261,0.24917475879192352
YDL019C,YPL096C-A,0,-1.5911359,0.28636884689331055,0.9970089793205261,0.24927477538585663
YLR312C-B,YPR021C,0,-1.5911359,0.286286860704422,0.9970089793205261,0.24937480688095093
YKL179C,YPL189C-A,0,-1.5911359,0.2862049341201782,0.9970089793205261,0.24947483837604523
YCL048W-A,YLR038C,0,-1.5911359,0.28612303733825684,0.9970089793205261,0.24957486987113953
YDL185W,YAR070W-A,0,-1.5911359,0.2860412001609802,0.9970089793205261,0.24967490136623383
YGL135W,YHR214W-G,0,-1.5911359,0.285959392786026,0.9970089793205261,0.24977493286132812
YHR214W-G,YIR009W,0,-1.5911359,0.28587764501571655,0.9970089793205261,0.24987496435642242
YBR024W,YAR070W-A,0,-1.5911359,0.2857959270477295,0.9970089793205261,0.24997499585151672
YCL048W-A,YLR448W,0,-1.5911359,0.2857142984867096,0.9970089793205261,0.25007501244544983
YCR029C-A,YBR082C,0,-1.5911359,0.2856326699256897,0.9970089793205261,0.2501750588417053
YDL007W,YPL189C-A,0,-1.5911359,0.2855511009693146,0.9970089793205261,0.2502750754356384
YLR312C-B,YCL047C,0,-1.5911359,0.28546959161758423,0.9970089793205261,0.2503751218318939
YCL048W-A,YER111C,0,-1.5911359,0.28538814187049866,0.9970089793205261,0.250475138425827
YCL048W-A,YBR273C,0,-1.5911359,0.2853066921234131,0.9970089793205261,0.2505751848220825
YCR029C-A,YPL204W,0,-1.5911359,0.2852253317832947,0.9970089793205261,0.2506752014160156
YOR240W,YDL184C,0,-1.5911359,0.28514400124549866,0.9970089793205261,0.25077521800994873
YPL096C-A,YKR048C,0,-1.5911359,0.285062700510025,0.9970089793205261,0.2508752644062042
YCL048W-A,YML091C,0,-1.5911359,0.28498148918151855,0.9970089793205261,0.25097528100013733
YCR029C-A,YMR285C,0,-1.5911359,0.2849002778530121,0.9970089793205261,0.2510753273963928
YPL096C-A,YGL040C,0,-1.5911359,0.2848191261291504,0.9970089793205261,0.2511753439903259
YLR312C-B,YDR393W,0,-1.5911359,0.28473803400993347,0.9970089793205261,0.2512753903865814
YCR029C-A,YDR510W,0,-1.5911359,0.28465700149536133,0.9970089793205261,0.2513754069805145
YLR312C-B,YDR044W,0,-1.5911359,0.2845759689807892,0.9970089793205261,0.25147545337677
YJL090C,YAR070W-A,0,-1.5911359,0.2844950258731842,0.9970089793205261,0.2515754699707031
YBL103C,YPL189C-A,0,-1.5911359,0.2844141125679016,0.9970089793205261,0.2516755163669586
YCR029C-A,YJL148W,0,-1.5911359,0.2843332290649414,0.9970089793205261,0.2517755329608917
YLR008C,YAR070W-A,0,-1.5911359,0.284252405166626,0.9970089793205261,0.25187554955482483
YOR278W,YPL096C-A,0,-1.5911359,0.2841716408729553,0.9970089793205261,0.2519755959510803
YHR214W-G,YMR292W,0,-1.5911359,0.28409090638160706,0.9970089793205261,0.2520756125450134
YPL096C-A,YDR086C,0,-1.5911359,0.28401023149490356,0.9970089793205261,0.2521756589412689
YCR029C-A,YDR379W,0,-1.5911359,0.28392958641052246,0.9970089793205261,0.252275675535202
YJR158W,YAR070W-A,0,-1.5911359,0.28384900093078613,0.9970089793205261,0.2523757219314575
YBL101W-A,YOR211C,0,-1.5911359,0.2837684452533722,0.9970089793205261,0.2524757385253906
YAR070W-A,YDR116C,0,-1.5911359,0.283687949180603,0.9970089793205261,0.2525757849216461
YOR224C,YPL096C-A,0,-1.5911359,0.28360748291015625,0.9970089793205261,0.2526758015155792
YLR126C,YAR070W-A,0,-1.5911359,0.28352707624435425,0.9970089793205261,0.25277581810951233
YCR029C-A,YFR007W,0,-1.5911359,0.28344669938087463,0.9970089793205261,0.2528758645057678
YML042W,YHR214W-G,0,-1.5911359,0.2833663821220398,0.9970089793205261,0.2529758810997009
YER133W,YPL189C-A,0,-1.5911359,0.28328612446784973,0.9970089793205261,0.2530759274959564
YLR312C-B,YEL065W,0,-1.5911359,0.28320589661598206,0.9970089793205261,0.2531759440898895
YCR029C-A,YOR036W,0,-1.5911359,0.28312569856643677,0.9970089793205261,0.253275990486145
YLR312C-B,YDR088C,0,-1.5911359,0.28304556012153625,0.9970089793205261,0.2533760070800781
YCR029C-A,YIL115C,0,-1.5911359,0.2829654812812805,0.9970089793205261,0.2534760534763336
YCR029C-A,YBR166C,0,-1.5911359,0.28288543224334717,0.9970089793205261,0.2535760700702667
YLR312C-B,YOR063W,0,-1.5911359,0.2828054428100586,0.9970089793205261,0.2536761164665222
YOR308C,YCL048W-A,0,-1.5911359,0.2827254831790924,0.9970089793205261,0.2537761330604553
YCR029C-A,YDR121W,0,-1.5911359,0.2826455533504486,0.9970089793205261,0.2538761496543884
YMR006C,YHR039C-B,0,-1.5911359,0.2825656831264496,0.9970089793205261,0.2539761960506439
YCR029C-A,YHR160C,0,-1.5911359,0.28248587250709534,0.9970089793205261,0.254076212644577
YCL048W-A,YGR234W,0,-1.5911359,0.2824060916900635,0.9970089793205261,0.2541762590408325
YNL330C,YPL096C-A,0,-1.5911359,0.2823263704776764,0.9970089793205261,0.2542762756347656
YBL106C,YPL096C-A,0,-1.5911359,0.2822466790676117,0.9970089793205261,0.2543763220310211
YLR312C-B,YDR115W,0,-1.5911359,0.2821670472621918,0.9970089793205261,0.2544763386249542
YMR045C,YCL057C-A,0,-1.5911359,0.28208744525909424,0.9970089793205261,0.2545763850212097
YDR265W,YHR214W-G,0,-1.5911359,0.2820079028606415,0.9970089793205261,0.2546764016151428
YOR381W,YPL189C-A,0,-1.5911359,0.2819283902645111,0.9970089793205261,0.2547764182090759
YPL096C-A,YHL036W,0,-1.5911359,0.2818489372730255,0.9970089793205261,0.2548764646053314
YPL189C-A,YDL115C,0,-1.5911359,0.2817695140838623,0.9970089793205261,0.2549764811992645
YBL030C,YPL189C-A,0,-1.5911359,0.28169015049934387,0.9970089793205261,0.25507652759552
YOL003C,YAR070W-A,0,-1.5911359,0.2816108167171478,0.9970089793205261,0.2551765441894531
YCL048W-A,YLR356W,0,-1.5911359,0.28153154253959656,0.9970089793205261,0.2552765905857086
YBR142W,YAR070W-A,0,-1.5911359,0.2814522981643677,0.9970089793205261,0.2553766071796417
YPL189C-A,YJL221C,0,-1.5911359,0.28137311339378357,0.9970089793205261,0.2554766535758972
YCR029C-A,YPR122W,0,-1.5911359,0.28129395842552185,0.9970089793205261,0.2555766701698303
YCL048W-A,YEL061C,0,-1.5911359,0.2812148332595825,0.9970089793205261,0.2556767165660858
YPL189C-A,YNL191W,0,-1.5911359,0.28113579750061035,0.9970089793205261,0.2557767331600189
YML124C,YLR337W,0,-1.5911359,0.2810567617416382,0.9970089793205261,0.255876749753952
YDR532C,YPL189C-A,0,-1.5911359,0.2809778153896332,0.9970089793205261,0.2559767961502075
YCR029C-A,YGR200C,0,-1.5911359,0.2808988690376282,0.9970089793205261,0.2560768127441406
YLR312C-B,YPL019C,0,-1.5911359,0.28081998229026794,0.9970089793205261,0.2561768591403961
YPR073C,YAR070W-A,0,-1.5911359,0.2807411551475525,0.9970089793205261,0.2562768757343292
YLR312C-B,YLR371W,0,-1.5911359,0.2806623578071594,0.9970089793205261,0.2563769221305847
YHR214W-G,YDR326C,0,-1.5911359,0.28058362007141113,0.9970089793205261,0.2564769387245178
YPL189C-A,YKR050W,0,-1.5911359,0.28050491213798523,0.9970089793205261,0.2565769851207733
YOL152W,YHR214W-G,0,-1.5911359,0.2804262340068817,0.9970089793205261,0.2566770017147064
YLR312C-B,YDR265W,0,-1.5911359,0.28034764528274536,0.9970089793205261,0.2567770183086395
YPL096C-A,YAL012W,0,-1.5911359,0.280269056558609,0.9970089793205261,0.256877064704895
YLR312C-B,YCR047C,0,-1.5911359,0.28019052743911743,0.9970089793205261,0.2569770812988281
YOR124C,YCL048W-A,0,-1.5911359,0.28011205792427063,0.9970089793205261,0.2570771276950836
YCL048W-A,YJL052W,0,-1.5911359,0.2800336182117462,0.9970089793205261,0.2571771442890167
YDR316W-A,YBR058C-A,0,-1.5911359,0.2799552083015442,0.9970089793205261,0.2572771906852722
YCL048W-A,YLL011W,0,-1.5911359,0.27987685799598694,0.9970089793205261,0.2573772072792053
YNL166C,YHR214W-G,0,-1.5911359,0.2797985374927521,0.9970089793205261,0.2574772536754608
YCR029C-A,YDR330W,0,-1.5911359,0.279720276594162,0.9970089793205261,0.2575772702693939
YGL119W,YPL189C-A,0,-1.5911359,0.2796420454978943,0.9970089793205261,0.2576773166656494
YMR306W,YBL101W-A,0,-1.5911359,0.27956387400627136,0.9970089793205261,0.2577773332595825
YPL189C-A,YMR292W,0,-1.5911359,0.2794857323169708,0.9970089793205261,0.2578773498535156
YDR238C,YJL097W,0,-1.5929713,0.27940765023231506,0.9970089793205261,0.2579773962497711
YDR316W-A,YHR036W,0,-1.5931,0.2793295979499817,0.9970089793205261,0.2580774128437042
YMR036C,YLR427W,0,-1.5940391,0.2792516052722931,0.9970089793205261,0.2581774592399597
YLR459W,YJR060W,0,-1.5946976,0.2791736423969269,0.9970089793205261,0.2582774758338928
YOR116C,YAL034W-A,0,-1.5951451,0.27909573912620544,0.9970089793205261,0.2583775222301483
YDL043C,YOR343W-A,0,-1.5951844,0.2790178656578064,0.9970089793205261,0.2584775388240814
YER086W,YBR160W,0,-1.5962216,0.27894002199172974,0.9970089793205261,0.2585775852203369
YOR192C-A,YGR037C,0,-1.5966455,0.27886223793029785,0.9970089793205261,0.25867760181427
YPL157W,YDR096W,0,-1.5968761,0.27878451347351074,0.9970089793205261,0.2587776184082031
YAL008W,YBL061C,0,-1.5969654,0.27870678901672363,0.9970089793205261,0.2588776648044586
YEL058W,YER089C,0,-1.5971259,0.2786291539669037,0.9970089793205261,0.2589776813983917
YMR188C,YDR252W,0,-1.6003479,0.27855151891708374,0.9970089793205261,0.2590777277946472
YLR327C,YNR041C,0,-1.6007587,0.27847397327423096,0.9970089793205261,0.2591777443885803
YDR158W,YDR447C,0,-1.6053839,0.2783964276313782,0.9970089793205261,0.2592777907848358
YOR143C,YDR044W,0,-1.6058682,0.27831894159317017,0.9970089793205261,0.2593778073787689
YCR020C,YKL179C,0,-1.607515,0.27824151515960693,0.9970089793205261,0.2594778537750244
YBL075C,YJL164C,0,-1.6078373,0.2781641185283661,0.9970089793205261,0.2595778703689575
YGL106W,YJR045C,0,-1.6089804,0.27808675169944763,0.9970089793205261,0.259677916765213
YML018C,YDL099W,0,-1.6094421,0.27800944447517395,0.9970089793205261,0.2597779333591461
YDL075W,YJL106W,0,-1.609516,0.27793219685554504,0.9970089793205261,0.2598779499530792
YER133W,YDR420W,0,-1.6106304,0.27785494923591614,0.9970089793205261,0.2599779963493347
YDR071C,YFR005C,0,-1.6110677,0.2777777910232544,0.9970089793205261,0.2600780129432678
YBL054W,YGR076C,0,-1.6127216,0.27770063281059265,0.9970089793205261,0.2601780593395233
YPR137C-B,YPL121C,0,-1.6131697,0.2776235342025757,0.9970089793205261,0.2602780759334564
YBR237W,YAL012W,0,-1.6140528,0.2775464951992035,0.9970089793205261,0.2603781223297119
YDR242W,YIR036C,0,-1.6144823,0.2774694859981537,0.9970089793205261,0.260478138923645
YOR047C,YNL015W,0,-1.6154472,0.27739250659942627,0.9970089793205261,0.2605781853199005
YAL041W,YDL069C,0,-1.6167083,0.27731558680534363,0.9970089793205261,0.2606782019138336
YER025W,YLR246W,0,-1.617596,0.2772386968135834,0.9970089793205261,0.2607782483100891
YMR171C,YPL090C,0,-1.6189941,0.2771618664264679,0.9970089793205261,0.2608782649040222
YLR100W,YBR166C,0,-1.6194685,0.2770850658416748,0.9970089793205261,0.2609782814979553
YAR015W,YGL106W,0,-1.6196358,0.2770083248615265,0.9970089793205261,0.2610783278942108
YHL009W-B,YEL015W,0,-1.6197511,0.2769315838813782,0.9970089793205261,0.2611783444881439
YPR102C,YOL007C,0,-1.621173,0.276854932308197,0.9970089793205261,0.2612783908843994
YDL229W,YDR315C,0,-1.6216824,0.27677831053733826,0.9970089793205261,0.2613784074783325
YER056C-A,YOR069W,0,-1.622445,0.2767017185688019,0.9970089793205261,0.261478453874588
YOR265W,YOL103W,0,-1.622915,0.2766251862049103,0.9970089793205261,0.2615784704685211
YOR308C,YLR427W,0,-1.6240853,0.27654868364334106,0.9970089793205261,0.2616785168647766
YDL130W-A,YOR221C,0,-1.6250467,0.27647221088409424,0.9970089793205261,0.2617785334587097
YKR038C,YGL106W,0,-1.6252156,0.2763957977294922,0.9970089793205261,0.2618785500526428
YDR313C,YLR337W,0,-1.6259629,0.2763194143772125,0.9970089793205261,0.2619785964488983
YGR027W-B,YPR032W,0,-1.6269945,0.27624309062957764,0.9970089793205261,0.2620786130428314
YOR337W,YOR014W,0,-1.6275672,0.27616679668426514,0.9970089793205261,0.2621786594390869
YNL054W-B,YDR252W,0,-1.627575,0.2760905623435974,0.9970089793205261,0.26227867603302
YPL172C,YDR003W,0,-1.6279678,0.2760143578052521,0.9970089793205261,0.2623787224292755
YER025W,YOR039W,0,-1.6280828,0.2759381830692291,0.9970089793205261,0.2624787390232086
YDR210W-B,YGR061C,0,-1.628372,0.27586206793785095,0.9970089793205261,0.2625787854194641
YLR015W,YLR139C,0,-1.6296519,0.27578598260879517,0.9970089793205261,0.2626788020133972
YCR092C,YLR078C,0,-1.630389,0.27570995688438416,0.9970089793205261,0.2627788484096527
YIL074C,YIR037W,0,-1.6309639,0.27563396096229553,0.9970089793205261,0.2628788650035858
YKR061W,YOL071W,0,-1.6312417,0.2755579948425293,0.9970089793205261,0.2629788815975189
YGR063C,YML070W,0,-1.632454,0.27548208832740784,0.9970089793205261,0.2630789279937744
YER174C,YNR011C,0,-1.632794,0.27540621161460876,0.9970089793205261,0.2631789445877075
YHR116W,YOR181W,0,-1.6341125,0.27533039450645447,0.9970089793205261,0.263278990983963
YLR214W,YDR362C,0,-1.634386,0.27525460720062256,0.9970089793205261,0.2633790075778961
YPL281C,YGR027W-B,0,-1.6345543,0.2751788794994354,0.9970089793205261,0.2634790539741516
YGL135W,YNL098C,0,-1.6355215,0.2751031517982483,0.9970089793205261,0.2635790705680847
YAL041W,YBR264C,0,-1.6367695,0.2750275135040283,0.9970089793205261,0.2636791169643402
YPL172C,YIL155C,0,-1.636809,0.27495187520980835,0.9970089793205261,0.2637791335582733
YPL060W,YGR086C,0,-1.6368176,0.27487629652023315,0.9970089793205261,0.2638791501522064
YLR370C,YFL002W-A,0,-1.6370032,0.27480077743530273,0.9970089793205261,0.2639791965484619
YDR316W-A,YMR045C,0,-1.6370198,0.2747252881526947,0.9970089793205261,0.264079213142395
YDR334W,YBR105C,0,-1.6385866,0.27464982867240906,0.9970089793205261,0.2641792595386505
YGL035C,YOR143C,0,-1.6399707,0.2745743989944458,0.9970089793205261,0.2642792761325836
YER061C,YNL149C,0,-1.6406623,0.2744990289211273,0.9970089793205261,0.2643793225288391
YMR016C,YGL095C,0,-1.6432298,0.2744237184524536,0.9970089793205261,0.2644793391227722
YGR104C,YJR094W-A,0,-1.6439067,0.2743484079837799,0.9970089793205261,0.2645793855190277
YAL043C,YLR446W,0,-1.644981,0.27427318692207336,0.9970089793205261,0.2646794021129608
YDL229W,YLL050C,0,-1.6449832,0.2741979658603668,0.9970089793205261,0.2647794485092163
YDL185W,YHR081W,0,-1.6456364,0.27412280440330505,0.9970089793205261,0.2648794651031494
YBL106C,YBL020W,0,-1.6461531,0.2740476727485657,0.9970089793205261,0.2649794816970825
YMR056C,YJL164C,0,-1.647735,0.27397260069847107,0.9970089793205261,0.265079528093338
YBL090W,YPL026C,0,-1.6477351,0.27389755845069885,0.9970089793205261,0.2651795446872711
YHL040C,YDL192W,0,-1.6479677,0.2738225758075714,0.9970089793205261,0.2652795910835266
YCL061C,YJR068W,0,-1.6497613,0.27374759316444397,0.9970089793205261,0.2653796076774597
YER159C-A,YOL125W,0,-1.649847,0.2736726999282837,0.9970089793205261,0.2654796540737152
YBL093C,YDR038C,0,-1.650086,0.2735978066921234,0.9970089793205261,0.2655796706676483
YMR235C,YGR086C,0,-1.6514701,0.2735229730606079,0.9970089793205261,0.2656797170639038
YNL001W,YLL038C,0,-1.6523327,0.2734481692314148,0.9970089793205261,0.2657797336578369
YBL103C,YDL192W,0,-1.6525947,0.27337342500686646,0.9970089793205261,0.26587975025177
YGR104C,YAL043C,0,-1.6536124,0.2732987105846405,0.9970089793205261,0.2659797966480255
YML005W,YGR008C,0,-1.6542772,0.2732240557670593,0.9970089793205261,0.2660798132419586
YIL145C,YKL028W,0,-1.6546546,0.27314940094947815,0.9970089793205261,0.2661798596382141
YLR221C,YJR135W-A,0,-1.6551002,0.27307483553886414,0.9970089793205261,0.2662798762321472
YPR137C-B,YJR029W,0,-1.6553717,0.2730002701282501,0.9970089793205261,0.2663799226284027
YAL043C,YDR252W,0,-1.6561892,0.2729257643222809,0.9970089793205261,0.2664799392223358
YOL133W,YJL189W,0,-1.6563779,0.27285128831863403,0.9970089793205261,0.2665799856185913
YER153C,YKL164C,0,-1.6565064,0.27277687191963196,0.9970089793205261,0.2666800022125244
YDL033C,YNL206C,0,-1.6565118,0.27270248532295227,0.9970089793205261,0.2667800486087799
YDR456W,YCL059C,0,-1.6570756,0.27262812852859497,0.9970089793205261,0.266880065202713
YKL218C,YPR081C,0,-1.6596134,0.27255383133888245,0.9970089793205261,0.2669800817966461
YKL010C,YOL125W,0,-1.6598102,0.2724795639514923,0.9970089793205261,0.2670801281929016
YPR137C-B,YDR318W,0,-1.659831,0.27240532636642456,0.9970089793205261,0.2671801447868347
YFR015C,YJL025W,0,-1.6599196,0.2723311483860016,0.9970089793205261,0.2672801911830902
YOL071W,YPL159C,0,-1.6601827,0.272257000207901,0.9970089793205261,0.2673802077770233
YKR038C,YMR051C,0,-1.6603144,0.2721829116344452,0.9970089793205261,0.2674802541732788
YNL054W-B,YNR022C,0,-1.660504,0.27210885286331177,0.9970089793205261,0.2675802707672119
YAL003W,YJR126C,0,-1.6627048,0.27203482389450073,0.9970089793205261,0.2676803171634674
YAL010C,YKL042W,0,-1.6634594,0.2719608247280121,0.9970089793205261,0.2677803337574005
YDR523C,YGL095C,0,-1.663493,0.2718868851661682,0.9970089793205261,0.2678803503513336
YMR036C,YDR120C,0,-1.6640095,0.2718130052089691,0.9970089793205261,0.2679803967475891
YLR170C,YPR166C,0,-1.6642898,0.27173912525177,0.9970089793205261,0.2680804133415222
YCR081W,YJL148W,0,-1.664864,0.2716653048992157,0.9970089793205261,0.2681804597377777
YBL088C,YOR343W-A,0,-1.6664029,0.27159151434898376,0.9970089793205261,0.2682804763317108
YMR188C,YPR184W,0,-1.6668782,0.2715177834033966,0.9970089793205261,0.2683805227279663
YDL033C,YBL021C,0,-1.6692601,0.27144408226013184,0.9970089793205261,0.2684805393218994
YLR127C,YDR130C,0,-1.6695299,0.27137041091918945,0.9970089793205261,0.2685805857181549
YGL136C,YNL207W,0,-1.6700202,0.27129679918289185,0.9970089793205261,0.268680602312088
YPL177C,YHL032C,0,-1.6701906,0.2712232172489166,0.9970089793205261,0.2687806487083435
YJR098C,YER174C,0,-1.6710633,0.2711496651172638,0.9970089793205261,0.2688806653022766
YML015C,YDR390C,0,-1.6715785,0.27107617259025574,0.9970089793205261,0.2689806818962097
YNL218W,YCR010C,0,-1.6718186,0.27100270986557007,0.9970089793205261,0.2690807282924652
YDR013W,YPL090C,0,-1.6735072,0.2709292769432068,0.9970089793205261,0.2691807448863983
YGL137W,YMR152W,0,-1.6736571,0.2708559036254883,0.9970089793205261,0.2692807912826538
YEL017C-A,YPR016C,0,-1.6737194,0.27078256011009216,0.9970089793205261,0.2693808078765869
YHL032C,YML081C-A,0,-1.6754553,0.27070924639701843,0.9970089793205261,0.2694808542728424
YGR220C,YOR346W,0,-1.6757927,0.2706359922885895,0.9970089793205261,0.2695808708667755
YIL109C,YDL120W,0,-1.6760813,0.2705627679824829,0.9970089793205261,0.269680917263031
YDR210W-B,YIR023W,0,-1.6767312,0.27048957347869873,0.9970089793205261,0.2697809338569641
YAR015W,YDR247W,0,-1.6769987,0.2704164385795593,0.9970089793205261,0.2698809504508972
YAL023C,YGR027W-B,0,-1.6770304,0.2703433334827423,0.9970089793205261,0.2699809968471527
YOR036W,YCL057C-A,0,-1.6774453,0.2702702581882477,0.9970089793205261,0.2700810134410858
YBR175W,YER164W,0,-1.6774809,0.2701972424983978,0.9970089793205261,0.2701810598373413
YGR058W,YDR447C,0,-1.6780169,0.27012425661087036,0.9970089793205261,0.2702810764312744
YOR356W,YMR004W,0,-1.6780837,0.2700513005256653,0.9970089793205261,0.2703811228275299
YLR304C,YJL041W,0,-1.678898,0.269978404045105,0.9970089793205261,0.270481139421463
YDR329C,YNL210W,0,-1.6794652,0.26990553736686707,0.9970089793205261,0.2705811858177185
YNL185C,YPR096C,0,-1.6796378,0.26983270049095154,0.9970089793205261,0.2706812024116516
YFR032C-A,YDR121W,0,-1.6800989,0.2697599232196808,0.9970089793205261,0.2707812488079071
YPR186C,YER180C,0,-1.6803292,0.2696871757507324,0.9970089793205261,0.2708812654018402
YMR264W,YDR056C,0,-1.6808318,0.26961445808410645,0.9970089793205261,0.2709812819957733
YDR443C,YMR022W,0,-1.6811512,0.26954177021980286,0.9970089793205261,0.2710813283920288
YDL164C,YDR034C-C,0,-1.681213,0.26946914196014404,0.9970089793205261,0.2711813449859619
YHR010W,YNR047W,0,-1.6820356,0.2693965435028076,0.9970089793205261,0.2712813913822174
YNL054W-B,YER153C,0,-1.6826471,0.26932400465011597,0.9970089793205261,0.2713814079761505
YNL054W-B,YNL268W,0,-1.6832131,0.2692514955997467,0.9970089793205261,0.271481454372406
YIR036C,YER044C,0,-1.6832321,0.26917901635169983,0.9970089793205261,0.2715814709663391
YPR158C-D,YLR276C,0,-1.6835524,0.26910656690597534,0.9970089793205261,0.2716815173625946
YPL144W,YGL206C,0,-1.6838028,0.26903417706489563,0.9970089793205261,0.2717815339565277
YER099C,YLR188W,0,-1.6838039,0.2689618170261383,0.9970089793205261,0.2718815505504608
YIL093C,YHL024W,0,-1.6839539,0.26888948678970337,0.9970089793205261,0.2719815969467163
YLR142W,YDL056W,0,-1.684123,0.2688172161579132,0.9970089793205261,0.2720816135406494
YLR441C,YDR483W,0,-1.6847924,0.26874497532844543,0.9970089793205261,0.2721816599369049
YDR448W,YOL140W,0,-1.6854981,0.26867276430130005,0.9970089793205261,0.272281676530838
YOL064C,YHL016C,0,-1.6856586,0.26860058307647705,0.9970089793205261,0.2723817229270935
YLR139C,YBR142W,0,-1.6862721,0.26852846145629883,0.9970089793205261,0.2724817395210266
YGR071C,YGR062C,0,-1.6867265,0.268456369638443,0.9970089793205261,0.2725817859172821
YLR438C-A,YNR041C,0,-1.6871344,0.26838433742523193,0.9970089793205261,0.2726818025112152
YLR204W,YJL062W,0,-1.6871544,0.2683123052120209,0.9970089793205261,0.2727818489074707
YCR077C,YIL039W,0,-1.6883142,0.2682403326034546,0.9970089793205261,0.2728818655014038
YDR316W-A,YLR154C,0,-1.6894614,0.2681684195995331,0.9970089793205261,0.2729818820953369
YNR011C,YLR385C,0,-1.6894621,0.2680965065956116,0.9970089793205261,0.2730819284915924
YDR316W-A,YFR005C,0,-1.6894633,0.26802465319633484,0.9970089793205261,0.2731819450855255
YIL155C,YOR332W,0,-1.6903087,0.2679528295993805,0.9970089793205261,0.273281991481781
YDL164C,YGL161C,0,-1.6928064,0.2678810656070709,0.9970089793205261,0.2733820080757141
YGR009C,YEL061C,0,-1.6928234,0.26780933141708374,0.9970089793205261,0.2734820544719696
YBR264C,YPR166C,0,-1.6947495,0.26773762702941895,0.9970089793205261,0.2735820710659027
YDL231C,YJR016C,0,-1.6954964,0.26766595244407654,0.9970089793205261,0.2736821174621582
YLR418C,YHR013C,0,-1.6961673,0.2675943374633789,0.9970089793205261,0.2737821340560913
YPL106C,YJR015W,0,-1.696605,0.26752275228500366,0.9970089793205261,0.2738821506500244
YDL007W,YDL099W,0,-1.6969616,0.2674511969089508,0.9970089793205261,0.2739821970462799
YNL086W,YJR015W,0,-1.6977599,0.26737967133522034,0.9970089793205261,0.274082213640213
YMR312W,YOL002C,0,-1.6988325,0.26730820536613464,0.9970089793205261,0.2741822600364685
YOR201C,YJL065C,0,-1.6993788,0.26723676919937134,0.9970089793205261,0.2742822766304016
YOR240W,YJR143C,0,-1.6998886,0.2671653628349304,0.9970089793205261,0.2743823230266571
YNL185C,YDR368W,0,-1.699951,0.2670940160751343,0.9970089793205261,0.2744823396205902
YMR098C,YHR160C,0,-1.7011956,0.2670226991176605,0.9970089793205261,0.2745823860168457
YDR495C,YCL063W,0,-1.7016,0.26695141196250916,0.9970089793205261,0.2746824026107788
YCR004C,YHR052W,0,-1.7035404,0.26688018441200256,0.9970089793205261,0.2747824490070343
YPL106C,YLR014C,0,-1.703607,0.26680895686149597,0.9970089793205261,0.2748824656009674
YDR316W-A,YLR201C,0,-1.705492,0.26673778891563416,0.9970089793205261,0.2749824821949005
YEL054C,YDR387C,0,-1.7056092,0.2666666805744171,0.9970089793205261,0.275082528591156
YDR387C,YPR016C,0,-1.7066464,0.2665955722332001,0.9970089793205261,0.2751825451850891
YLR192C,YBR058C,0,-1.7083133,0.2665245234966278,0.9970089793205261,0.2752825915813446
YDL164C,YMR100W,0,-1.7087828,0.26645350456237793,0.9970089793205261,0.2753826081752777
YOL127W,YOR150W,1,-1.7088429,0.26664891839027405,0.9980059862136841,0.2753826081752777
YPR041W,YDR507C,0,-1.7099735,0.26657789945602417,0.9980059862136841,0.2754826545715332
YFL002W-A,YJL073W,0,-1.7100155,0.2665069103240967,0.9980059862136841,0.2755826711654663
YDR270W,YNR020C,0,-1.7111322,0.26643598079681396,0.9980059862136841,0.2756827175617218
YDR531W,YDL130W-A,0,-1.7114199,0.26636508107185364,0.9980059862136841,0.2757827341556549
YEL021W,YDR130C,0,-1.7114459,0.2662942409515381,0.9980059862136841,0.275882750749588
YNL207W,YPR054W,0,-1.7118622,0.26622340083122253,0.9980059862136841,0.2759827971458435
YDR316W-A,YCL069W,0,-1.7138126,0.26615262031555176,0.9980059862136841,0.2760828137397766
YGL223C,YMR165C,0,-1.7139431,0.26608186960220337,0.9980059862136841,0.2761828601360321
YOL072W,YER030W,0,-1.7146733,0.26601114869117737,0.9980059862136841,0.2762828767299652
YJR022W,YLR371W,0,-1.7151793,0.26594048738479614,0.9980059862136841,0.2763829231262207
YHR184W,YLR441C,0,-1.7167276,0.2658698558807373,0.9980059862136841,0.2764829397201538
YAL041W,YCL059C,0,-1.7171885,0.26579925417900085,0.9980059862136841,0.2765829861164093
YGR104C,YDR283C,0,-1.7182571,0.2657286822795868,0.9980059862136841,0.2766830027103424
YNL218W,YPL155C,0,-1.7188636,0.2656581699848175,0.9980059862136841,0.2767830491065979
YPR042C,YMR204C,0,-1.7189838,0.2655876874923706,0.9980059862136841,0.276883065700531
YDR050C,YPL194W,0,-1.7192612,0.2655172348022461,0.9980059862136841,0.2769830822944641
YML094W,YLR204W,0,-1.7195655,0.26544684171676636,0.9980059862136841,0.2770831286907196
YGL040C,YHR136C,0,-1.7197486,0.2653764486312866,0.9980059862136841,0.2771831452846527
YML015C,YBL039C,0,-1.7197949,0.26530611515045166,0.9980059862136841,0.2772831916809082
YIR017C,YMR026C,0,-1.7208153,0.2652358114719391,0.9980059862136841,0.2773832082748413
YPR166C,YOL109W,0,-1.7213526,0.2651655673980713,0.9980059862136841,0.2774832546710968
YIL150C,YER174C,0,-1.7216846,0.2650953531265259,0.9980059862136841,0.2775832712650299
YLR090W,YPL174C,0,-1.723734,0.26502513885498047,0.9980059862136841,0.2776833176612854
YLR287C-A,YOR391C,0,-1.7238361,0.2649550139904022,0.9980059862136841,0.2777833342552185
YKL004W,YIL101C,0,-1.7241924,0.264884889125824,0.9980059862136841,0.2778833508491516
YLR192C,YIL145C,0,-1.7252187,0.2648148238658905,0.9980059862136841,0.2779833972454071
YHR207C,YNR043W,0,-1.7256417,0.2647447884082794,0.9980059862136841,0.2780834138393402
YMR128W,YDL195W,0,-1.7271188,0.2646747827529907,0.9980059862136841,0.2781834602355957
YGR009C,YML063W,0,-1.7275602,0.2646048069000244,0.9980059862136841,0.2782834768295288
YOR315W,YDR358W,0,-1.7275915,0.2645348906517029,0.9980059862136841,0.2783835232257843
YMR316W,YKL218C,0,-1.7277619,0.26446500420570374,0.9980059862136841,0.2784835398197174
YIL004C,YOR075W,0,-1.7289784,0.264395147562027,0.9980059862136841,0.2785835862159729
YOL067C,YLR304C,0,-1.7292458,0.2643253207206726,0.9980059862136841,0.278683602809906
YMR088C,YOL064C,0,-1.7310458,0.264255553483963,0.9980059862136841,0.2787836492061615
YJL044C,YIL078W,0,-1.7311798,0.2641857862472534,0.9980059862136841,0.2788836658000946
YCL069W,YOL139C,0,-1.7320709,0.264116108417511,0.9980059862136841,0.2789836823940277
YLR439W,YDL008W,0,-1.7323254,0.26404643058776855,0.9980059862136841,0.2790837287902832
YML106W,YPR031W,0,-1.7324597,0.2639767825603485,0.9980059862136841,0.2791837453842163
YDR316W-A,YPL121C,0,-1.7340308,0.26390719413757324,0.9980059862136841,0.2792837917804718
YML042W,YPR192W,0,-1.735319,0.26383763551712036,0.9980059862136841,0.2793838083744049
YGR159C,YDL109C,0,-1.7353586,0.26376810669898987,0.9980059862136841,0.2794838547706604
YML081C-A,YHR064C,0,-1.7357441,0.26369863748550415,0.9980059862136841,0.2795838713645935
YOR343W-A,YHR010W,0,-1.7363541,0.26362916827201843,0.9980059862136841,0.279683917760849
YJR010C-A,YOR192C-A,0,-1.7375687,0.2635597586631775,0.9980059862136841,0.2797839343547821
YBR160W,YOR043W,0,-1.7380283,0.26349037885665894,0.9980059862136841,0.2798839509487152
YER086W,YBL069W,0,-1.7383121,0.26342105865478516,0.9980059862136841,0.2799839973449707
YJL062W-A,YPL059W,0,-1.7387297,0.2633517384529114,0.9980059862136841,0.2800840139389038
YNR040W,YIL112W,0,-1.7391721,0.2632824778556824,0.9980059862136841,0.2801840603351593
YBR122C,YMR204C,0,-1.740187,0.26321324706077576,0.9980059862136841,0.2802840769290924
YER159C-A,YPL121C,0,-1.741963,0.26314404606819153,0.9980059862136841,0.2803841233253479
YKR061W,YNL292W,0,-1.7426475,0.2630749046802521,0.9980059862136841,0.280484139919281
YHR046C,YGL253W,0,-1.7427982,0.263005793094635,0.9980059862136841,0.2805841863155365
YJL198W,YDR158W,0,-1.742844,0.26293668150901794,0.9980059862136841,0.2806842029094696
YML070W,YOL123W,0,-1.7433943,0.26286765933036804,0.9980059862136841,0.2807842493057251
YOL092W,YNL191W,0,-1.7438492,0.26279863715171814,0.9980059862136841,0.2808842658996582
YOR348C,YPL031C,0,-1.7445139,0.2627296447753906,0.9980059862136841,0.2809842824935913
YLR142W,YKL021C,0,-1.7446178,0.2626607120037079,0.9980059862136841,0.2810843288898468
YMR311C,YNL115C,0,-1.7450314,0.26259180903434753,0.9980059862136841,0.2811843454837799
YER061C,YBR166C,0,-1.7452067,0.26252293586730957,0.9980059862136841,0.2812843918800354
YDL136W,YDR166C,0,-1.7456403,0.2624541223049164,0.9980059862136841,0.2813844084739685
YLR450W,YNR016C,0,-1.745926,0.2623853087425232,0.9980059862136841,0.281484454870224
YKL173W,YDR486C,0,-1.745951,0.2623165547847748,0.9980059862136841,0.2815844714641571
YPR158C-D,YPR186C,0,-1.746725,0.26224783062934875,0.9980059862136841,0.2816845178604126
YPL051W,YDR034C-C,0,-1.7475928,0.2621791660785675,0.9980059862136841,0.2817845344543457
YLL062C,YOL140W,0,-1.7486132,0.26211050152778625,0.9980059862136841,0.2818845510482788
YBR175W,YPL159C,0,-1.7506536,0.2620418965816498,0.9980059862136841,0.2819845974445343
YOR151C,YGR027W-B,0,-1.7519866,0.2619732916355133,0.9980059862136841,0.2820846140384674
YJR065C,YIL155C,0,-1.7530361,0.261904776096344,0.9980059862136841,0.2821846604347229
YCR072C,YOL030W,0,-1.7534691,0.2618362605571747,0.9980059862136841,0.282284677028656
YLR450W,YNR043W,0,-1.7537484,0.26176777482032776,0.9980059862136841,0.2823847234249115
YBR082C,YNL244C,0,-1.7539033,0.2616993486881256,0.9980059862136841,0.2824847400188446
YCR004C,YLR048W,0,-1.7551161,0.26163095235824585,0.9980059862136841,0.2825847864151001
YDL060W,YPL174C,0,-1.755701,0.2615625858306885,0.9980059862136841,0.2826848030090332
YMR100W,YJL097W,0,-1.7568544,0.2614942491054535,0.9980059862136841,0.2827848494052887
YMR290C,YKR104W,0,-1.7570591,0.2614259719848633,0.9980059862136841,0.2828848659992218
YLR276C,YGR218W,0,-1.7588745,0.26135769486427307,0.9980059862136841,0.2829848825931549
YLR147C,YDL008W,0,-1.7592794,0.26128947734832764,0.9980059862136841,0.2830849289894104
YDL129W,YNL292W,0,-1.7595099,0.2612212896347046,0.9980059862136841,0.2831849455833435
YIL145C,YEL050C,0,-1.7600759,0.26115313172340393,0.9980059862136841,0.283284991979599
YMR142C,YDR055W,0,-1.7602679,0.26108503341674805,0.9980059862136841,0.2833850085735321
YDR052C,YMR211W,0,-1.7607988,0.26101693511009216,0.9980059862136841,0.2834850549697876
YHR025W,YNL007C,0,-1.762944,0.26094889640808105,0.9980059862136841,0.2835850715637207
YGR184C,YHR064C,0,-1.7631844,0.26088088750839233,0.9980059862136841,0.2836851179599762
YGR047C,YOR343W-A,0,-1.763615,0.2608129382133484,0.9980059862136841,0.2837851345539093
YDR170W-A,YOL109W,0,-1.7649485,0.26074498891830444,0.9980059862136841,0.2838851511478424
YIL126W,YMR224C,0,-1.7651472,0.2606770694255829,0.9980059862136841,0.2839851975440979
YGR027W-B,YOR233W,0,-1.7663746,0.2606092095375061,0.9980059862136841,0.284085214138031
YIR017C,YOR233W,0,-1.7674087,0.2605413794517517,0.9980059862136841,0.2841852605342865
YLR142W,YDR046C,0,-1.7681915,0.2604735791683197,0.9980059862136841,0.2842852771282196
YPL091W,YEL061C,0,-1.7683663,0.26040583848953247,0.9980059862136841,0.2843853235244751
YER083C,YBR291C,0,-1.7685381,0.26033809781074524,0.9980059862136841,0.2844853401184082
YLR192C,YHR099W,0,-1.7706405,0.2602704167366028,0.9980059862136841,0.2845853865146637
YKL183W,YPR031W,0,-1.7707365,0.2602027654647827,0.9980059862136841,0.2846854031085968
YML043C,YOR343W-A,0,-1.7725314,0.26013514399528503,0.9980059862136841,0.2847854495048523
YER174C,YBR009C,0,-1.7735559,0.26006755232810974,0.9980059862136841,0.2848854660987854
YML018C,YLR337W,0,-1.7739313,0.25999999046325684,0.9980059862136841,0.2849854826927185
YGL106W,YGL155W,0,-1.7747127,0.2599324882030487,0.9980059862136841,0.285085529088974
YMR080C,YFR005C,0,-1.7748336,0.25986501574516296,0.9980059862136841,0.2851855456829071
YER099C,YDR531W,0,-1.7750379,0.2597975730895996,0.9980059862136841,0.2852855920791626
YML129C,YJL157C,0,-1.7768427,0.25973016023635864,0.9980059862136841,0.2853856086730957
YHR206W,YBR283C,0,-1.7769096,0.25966277718544006,0.9980059862136841,0.2854856550693512
YDL082W,YOR244W,0,-1.7772249,0.25959542393684387,0.9980059862136841,0.2855856716632843
YLR356W,YOR228C,0,-1.7780961,0.25952813029289246,0.9980059862136841,0.2856857180595398
YJR013W,YIL171W,0,-1.7782722,0.2594608664512634,0.9980059862136841,0.2857857346534729
YDL080C,YDL109C,0,-1.7790962,0.2593936324119568,0.9980059862136841,0.285885751247406
YOL133W,YDR210W-B,0,-1.7791153,0.25932642817497253,0.9980059862136841,0.2859857976436615
YMR080C,YDR238C,0,-1.7791945,0.25925925374031067,0.9980059862136841,0.2860858142375946
YJR110W,YGR158C,0,-1.7796263,0.2591921389102936,0.9980059862136841,0.2861858606338501
YMR142C,YPL149W,0,-1.7806032,0.2591250240802765,0.9980059862136841,0.2862858772277832
YHR070W,YDR116C,0,-1.780682,0.2590579688549042,0.9980059862136841,0.2863859236240387
YDR086C,YGR063C,0,-1.7812663,0.25899094343185425,0.9980059862136841,0.2864859402179718
YDL143W,YML124C,0,-1.7821664,0.2589239478111267,0.9980059862136841,0.2865859866142273
YPL220W,YOR014W,0,-1.782669,0.25885698199272156,0.9980059862136841,0.2866860032081604
YPL148C,YLR100W,0,-1.7850314,0.2587900757789612,0.9980059862136841,0.2867860496044159
YPR132W,YPR184W,0,-1.7858077,0.2587231695652008,0.9980059862136841,0.286886066198349
YPR137C-B,YPL172C,0,-1.785824,0.2586563229560852,0.9980059862136841,0.2869860827922821
YBR122C,YDL130W-A,0,-1.7861047,0.258589506149292,0.9980059862136841,0.2870861291885376
YAR015W,YLR414C,0,-1.7868118,0.25852271914482117,0.9980059862136841,0.2871861457824707
YLL009C,YKL059C,0,-1.7872188,0.2584559917449951,0.9980059862136841,0.2872861921787262
YDR424C,YBR012W-B,0,-1.7874129,0.25838926434516907,0.9980059862136841,0.2873862087726593
YPL089C,YHR036W,0,-1.7889383,0.2583225667476654,0.9980059862136841,0.2874862551689148
YPL022W,YPR041W,0,-1.7898153,0.2582559287548065,0.9980059862136841,0.2875862717628479
YGL035C,YHR011W,0,-1.7907044,0.25818932056427,0.9980059862136841,0.2876863181591034
YCL061C,YDR390C,0,-1.7908717,0.2581227421760559,0.9980059862136841,0.2877863347530365
YDR487C,YOL140W,0,-1.7908963,0.2580561935901642,0.9980059862136841,0.2878863513469696
YJL019W,YBL055C,0,-1.7929956,0.25798970460891724,0.9980059862136841,0.2879863977432251
YLR120C,YHR011W,0,-1.7945582,0.2579232156276703,0.9980059862136841,0.2880864143371582
YKR014C,YNL227C,0,-1.7946508,0.2578567862510681,0.9980059862136841,0.2881864607334137
YJL048C,YHL036W,0,-1.7946547,0.25779035687446594,0.9980059862136841,0.2882864773273468
YPR137C-B,YPR042C,0,-1.7949467,0.25772398710250854,0.9980059862136841,0.2883865237236023
YNL136W,YHL036W,0,-1.7951809,0.25765764713287354,0.9980059862136841,0.2884865403175354
YBR176W,YIL009C-A,0,-1.7960383,0.2575913667678833,0.9980059862136841,0.2885865867137909
YHR046C,YLR237W,0,-1.7967438,0.25752508640289307,0.9980059862136841,0.288686603307724
YLR373C,YMR006C,0,-1.7969786,0.2574588358402252,0.9980059862136841,0.2887866497039795
YHL040C,YGR279C,0,-1.7974263,0.25739264488220215,0.9980059862136841,0.2888866662979126
YBR055C,YLR139C,0,-1.7974592,0.25732648372650146,0.9980059862136841,0.2889866828918457
YJL062W-A,YGR274C,0,-1.7984552,0.25726035237312317,0.9980059862136841,0.2890867292881012
YDL033C,YDR115W,0,-1.7999061,0.25719425082206726,0.9980059862136841,0.2891867458820343
YPL257W-A,YGR062C,0,-1.7999343,0.25712817907333374,0.9980059862136841,0.2892867922782898
YJR060W,YLR207W,0,-1.800007,0.2570621371269226,0.9980059862136841,0.2893868088722229
YDR511W,YOL103W,0,-1.8005446,0.25699615478515625,0.9980059862136841,0.2894868552684784
YML018C,YOR343W-A,0,-1.800811,0.2569301724433899,0.9980059862136841,0.2895868718624115
YKL004W,YPR122W,0,-1.8016043,0.2568642497062683,0.9980059862136841,0.289686918258667
YNR011C,YNL135C,0,-1.8018032,0.2567983567714691,0.9980059862136841,0.2897869348526001
YNR001C,YHL004W,0,-1.8027145,0.2567324936389923,0.9980059862136841,0.2898869514465332
YMR289W,YDR238C,0,-1.803386,0.2566666603088379,0.9980059862136841,0.2899869978427887
YLR343W,YGR162W,0,-1.8036193,0.25660085678100586,0.9980059862136841,0.2900870144367218
YDR531W,YPL257W-A,0,-1.8044218,0.2565351128578186,0.9980059862136841,0.2901870608329773
YML015C,YDL115C,0,-1.8044317,0.25646936893463135,0.9980059862136841,0.2902870774269104
YNL086W,YBR123C,0,-1.8046831,0.25640368461608887,0.9980059862136841,0.2903871238231659
YLR287C-A,YPL154C,0,-1.8048915,0.2563380300998688,0.9980059862136841,0.290487140417099
YLR448W,YMR163C,0,-1.8057116,0.25627240538597107,0.9980059862136841,0.2905871868133545
YML129C,YGL222C,0,-1.806424,0.25620681047439575,0.9980059862136841,0.2906872034072876
YDR424C,YDR520C,0,-1.806702,0.2561412453651428,0.9980059862136841,0.2907872498035431
YAL020C,YDL067C,0,-1.8068277,0.2560757100582123,0.9980059862136841,0.2908872663974762
YLR121C,YGR158C,0,-1.8070799,0.2560102343559265,0.9980059862136841,0.2909872829914093
YMR006C,YOL156W,0,-1.8077928,0.25594475865364075,0.9980059862136841,0.2910873293876648
YDR329C,YML005W,0,-1.8081402,0.25587934255599976,0.9980059862136841,0.2911873459815979
YJR134C,YHR011W,0,-1.8088241,0.25581395626068115,0.9980059862136841,0.2912873923778534
YDR520C,YML074C,0,-1.8093942,0.25574859976768494,0.9980059862136841,0.2913874089717865
YGL206C,YDL019C,0,-1.8095101,0.2556832730770111,0.9980059862136841,0.291487455368042
YNR011C,YEL015W,0,-1.8098845,0.25561797618865967,0.9980059862136841,0.2915874719619751
YPL048W,YHR129C,0,-1.8115147,0.2555527091026306,0.9980059862136841,0.2916875183582306
YAL021C,YGR086C,0,-1.8127389,0.25548750162124634,0.9980059862136841,0.2917875349521637
YHR076W,YJL189W,0,-1.8129548,0.25542229413986206,0.9980059862136841,0.2918875515460968
YNL136W,YGL123W,0,-1.8129634,0.25535714626312256,0.9980059862136841,0.2919875979423523
YHL047C,YML037C,0,-1.8134326,0.25529202818870544,0.9980059862136841,0.2920876145362854
YOR192C-A,YBR299W,0,-1.8141714,0.2552269399166107,0.9980059862136841,0.2921876609325409
YOR242C,YNL268W,0,-1.8144315,0.255161851644516,0.9980059862136841,0.292287677526474
YKL100C,YNL096C,0,-1.8150566,0.2550968527793884,0.9980059862136841,0.2923877239227295
YDR347W,YBR231C,0,-1.8158356,0.25503185391426086,0.9980059862136841,0.2924877405166626
YKL173W,YNL206C,0,-1.8158699,0.2549668848514557,0.9980059862136841,0.2925877869129181
YMR088C,YBR166C,0,-1.8178262,0.2549019753932953,0.9980059862136841,0.2926878035068512
YKR062W,YLR040C,0,-1.8180586,0.2548370659351349,0.9980059862136841,0.2927878499031067
YHR067W,YAL062W,0,-1.8196583,0.25477221608161926,0.9980059862136841,0.2928878664970398
YNL242W,YDL085W,0,-1.819837,0.25470736622810364,0.9980059862136841,0.2929878830909729
YDL210W,YOR124C,0,-1.820332,0.2546425759792328,0.9980059862136841,0.2930879294872284
YDL120W,YFR007W,0,-1.8210169,0.2545778155326843,0.9980059862136841,0.2931879460811615
YDL056W,YGL155W,0,-1.8212156,0.25451308488845825,0.9980059862136841,0.293287992477417
YKL088W,YML113W,0,-1.8213557,0.25444838404655457,0.9980059862136841,0.2933880090713501
YPL195W,YOR233W,0,-1.8213702,0.25438374280929565,0.9980059862136841,0.2934880554676056
YBR205W,YDR456W,0,-1.8214682,0.25431910157203674,0.9980059862136841,0.2935880720615387
YCR077C,YLR381W,0,-1.8218613,0.2542545199394226,0.9980059862136841,0.2936881184577942
YLR459W,YMR211W,0,-1.8238289,0.25418993830680847,0.9980059862136841,0.2937881350517273
YBR048W,YPL257W-A,0,-1.8242666,0.2541254162788391,0.9980059862136841,0.2938881516456604
YPR132W,YFL039C,0,-1.8243178,0.25406092405319214,0.9980059862136841,0.2939881980419159
YCL055W,YKL183W,0,-1.8248696,0.25399646162986755,0.9980059862136841,0.294088214635849
YPR132W,YDR387C,0,-1.8255724,0.25393202900886536,0.9980059862136841,0.2941882610321045
YMR211W,YDR322W,0,-1.8266996,0.25386762619018555,0.9980059862136841,0.2942882776260376
YMR211W,YLR127C,0,-1.8279873,0.2538032531738281,0.9980059862136841,0.2943883240222931
YDR248C,YML124C,0,-1.8294699,0.2537389099597931,0.9980059862136841,0.2944883406162262
YBL017C,YDR239C,0,-1.8296846,0.25367459654808044,0.9980059862136841,0.2945883870124817
YPL059W,YPL257W-A,0,-1.8298904,0.2536103427410126,0.9980059862136841,0.2946884036064148
YBL039C,YGR076C,0,-1.8302397,0.2535460889339447,0.9980059862136841,0.2947884500026703
YDR056C,YLR192C,0,-1.8310832,0.2534818947315216,0.9980059862136841,0.2948884665966034
YPL195W,YJL153C,0,-1.8312118,0.2534177303314209,0.9980059862136841,0.2949884831905365
YER061C,YKL042W,0,-1.8318003,0.2533535957336426,0.9980059862136841,0.295088529586792
YHL032C,YHR081W,0,-1.8318925,0.25328946113586426,0.9980059862136841,0.2951885461807251
YLR283W,YJR013W,0,-1.832886,0.2532253861427307,0.9980059862136841,0.2952885925769806
YGR088W,YGL141W,0,-1.8341708,0.25316134095191956,0.9980059862136841,0.2953886091709137
YGR116W,YER045C,0,-1.8350427,0.2530973553657532,0.9980059862136841,0.2954886555671692
YGR104C,YJR143C,0,-1.8355011,0.2530333697795868,0.9980059862136841,0.2955886721611023
YKL011C,YML087C,0,-1.8357092,0.2529694139957428,0.9980059862136841,0.2956887185573578
YGR088W,YNR022C,0,-1.8357165,0.2529055178165436,0.9980059862136841,0.2957887351512909
YPR041W,YOR269W,0,-1.837252,0.25284162163734436,0.9980059862136841,0.295888751745224
YDR329C,YBR035C,0,-1.8378023,0.2527777850627899,0.9980059862136841,0.2959887981414795
YNL292W,YDL110C,0,-1.8421383,0.2527139484882355,0.9980059862136841,0.2960888147354126
YJR022W,YHL036W,0,-1.8426077,0.2526501715183258,0.9980059862136841,0.2961888611316681
YIL051C,YBR122C,0,-1.842712,0.2525864243507385,0.9980059862136841,0.2962888777256012
YDR312W,YDR261W-B,0,-1.8444637,0.25252270698547363,0.9980059862136841,0.2963889241218567
YDR425W,YNR040W,0,-1.8455709,0.25245901942253113,0.9980059862136841,0.2964889407157898
YMR306W,YBR297W,0,-1.8465598,0.252395361661911,0.9980059862136841,0.2965889871120453
YAL021C,YER012W,0,-1.8477417,0.2523317337036133,0.9980059862136841,0.2966890037059784
YDR115W,YCL066W,0,-1.8477906,0.25226813554763794,0.9980059862136841,0.2967890501022339
YER114C,YDR012W,0,-1.8483193,0.2522045969963074,0.9980059862136841,0.296889066696167
YML025C,YGR220C,1,-1.8484224,0.2523929476737976,0.999002993106842,0.296889066696167
YMR289W,YLR212C,0,-1.848909,0.25232937932014465,0.999002993106842,0.2969890832901001
YPL106C,YJL062W,0,-1.8490186,0.2522658705711365,0.999002993106842,0.2970891296863556
YKL010C,YHR036W,0,-1.8491862,0.2522023618221283,0.999002993106842,0.2971891462802887
YER048W-A,YDL115C,0,-1.8496248,0.2521389126777649,0.999002993106842,0.2972891926765442
YGL128C,YOR151C,0,-1.8510772,0.2520754635334015,0.999002993106842,0.2973892092704773
YEL059C-A,YDR031W,0,-1.851107,0.25201207399368286,0.999002993106842,0.2974892556667328
YNL293W,YJL136C,0,-1.8518686,0.2519487142562866,0.999002993106842,0.2975892722606659
YAR018C,YIL160C,0,-1.8519458,0.25188538432121277,0.999002993106842,0.2976893186569214
YDL231C,YPL085W,0,-1.8525271,0.2518220543861389,0.999002993106842,0.2977893352508545
YML042W,YDR055W,0,-1.852719,0.25175878405570984,0.999002993106842,0.29788938164711
YFR006W,YHR052W,0,-1.8530642,0.25169554352760315,0.999002993106842,0.2979893982410431
YOR192C-B,YPR047W,0,-1.8533598,0.25163233280181885,0.999002993106842,0.2980894148349762
YJR134C,YDR116C,0,-1.8537494,0.2515691816806793,0.999002993106842,0.2981894612312317
YER159C-A,YNL218W,0,-1.8537903,0.2515060305595398,0.999002993106842,0.2982894778251648
YLR343W,YGR086C,0,-1.8540226,0.25144290924072266,0.999002993106842,0.2983895242214203
YER099C,YDR387C,0,-1.8541762,0.2513798177242279,0.999002993106842,0.2984895408153534
YDL136W,YKL198C,0,-1.8542451,0.25131678581237793,0.999002993106842,0.2985895872116089
YIR012W,YDR520C,0,-1.8551737,0.25125375390052795,0.999002993106842,0.298689603805542
YJR066W,YER159C-A,0,-1.8555186,0.25119078159332275,0.999002993106842,0.2987896502017975
YLR418C,YGR054W,0,-1.8567563,0.25112780928611755,0.999002993106842,0.2988896667957306
YPR158C-D,YDR197W,0,-1.857562,0.25106489658355713,0.999002993106842,0.2989896833896637
YDL166C,YIL172C,0,-1.8582869,0.2510020136833191,0.999002993106842,0.2990897297859192
YPR132W,YJL170C,0,-1.8596796,0.25093913078308105,0.999002993106842,0.2991897463798523
YPL085W,YAR007C,0,-1.859814,0.2508763074874878,0.999002993106842,0.2992897927761078
YJR139C,YKL140W,0,-1.8624672,0.2508135139942169,0.999002993106842,0.2993898093700409
YIR014W,YAL043C,0,-1.8624748,0.25075075030326843,0.999002993106842,0.2994898557662964
YLR192C,YOR374W,0,-1.8661228,0.25068801641464233,0.999002993106842,0.2995898723602295
YDL129W,YBR176W,0,-1.867768,0.2506253123283386,0.999002993106842,0.299689918756485
YMR051C,YOR306C,0,-1.8683094,0.2505626380443573,0.999002993106842,0.2997899353504181
YGL137W,YHR181W,0,-1.8703297,0.25049999356269836,0.999002993106842,0.2998899817466736
YML106W,YGL161C,0,-1.8703912,0.2504373788833618,0.999002993106842,0.2999899983406067
YDR279W,YCL050C,0,-1.8707995,0.25037482380867004,0.999002993106842,0.3000900149345398
YMR088C,YGR101W,0,-1.8708569,0.25031226873397827,0.999002993106842,0.3001900613307953
YMR006C,YLR364W,0,-1.872189,0.2502497434616089,0.999002993106842,0.3002900779247284
YDR050C,YER096W,0,-1.8738779,0.2501872777938843,0.999002993106842,0.3003901243209839
YER159C-A,YBR198C,0,-1.8749114,0.25012481212615967,0.999002993106842,0.300490140914917
YLR214W,YDR210W-B,0,-1.8753744,0.25006237626075745,0.999002993106842,0.3005901873111725
YDR393W,YHR010W,0,-1.8756486,0.25,0.999002993106842,0.3006902039051056
YKL059C,YNL213C,0,-1.8757523,0.24993763864040375,0.999002993106842,0.3007902503013611
YDR210W-B,YGR234W,0,-1.876169,0.24987530708312988,0.999002993106842,0.3008902668952942
YER053C,YLR014C,0,-1.8763745,0.2498130202293396,0.999002993106842,0.3009902834892273
YML015C,YMR256C,0,-1.8767389,0.2497507482767105,0.999002993106842,0.3010903298854828
YPR137C-B,YHR010W,0,-1.8779376,0.2496885061264038,0.999002993106842,0.3011903464794159
YDR448W,YJR155W,0,-1.8789603,0.2496263086795807,0.999002993106842,0.3012903928756714
YDR134C,YOR127W,0,-1.8790795,0.24956414103507996,0.999002993106842,0.3013904094696045
YNL306W,YDR483W,0,-1.8796893,0.24950198829174042,0.999002993106842,0.30149045586586
YML094W,YGR135W,0,-1.879702,0.24943988025188446,0.999002993106842,0.3015904724597931
YGL232W,YLR364W,0,-1.8797187,0.2493778020143509,0.999002993106842,0.3016905188560486
YKL156W,YJL108C,0,-1.8802537,0.2493157535791397,0.999002993106842,0.3017905354499817
YKL059C,YNL151C,0,-1.8804291,0.24925373494625092,0.999002993106842,0.3018905818462372
YLR015W,YBL090W,0,-1.8810445,0.2491917461156845,0.999002993106842,0.3019905984401703
YER140W,YJR029W,0,-1.8818935,0.2491297870874405,0.999002993106842,0.3020906150341034
YLR015W,YJL062W-A,0,-1.8819214,0.24906785786151886,0.999002993106842,0.3021906614303589
YJL062W-A,YOR131C,0,-1.8819635,0.24900595843791962,0.999002993106842,0.302290678024292
YIL145C,YER113C,0,-1.8827769,0.24894410371780396,0.999002993106842,0.3023907244205475
YLR356W,YBL101W-A,0,-1.8876468,0.2488822638988495,0.999002993106842,0.3024907410144806
YBR198C,YLR438C-A,0,-1.8877774,0.2488204687833786,0.999002993106842,0.3025907874107361
YER056C-A,YHL016C,0,-1.8878726,0.2487586885690689,0.999002993106842,0.3026908040046692
YBR058C,YBR142W,0,-1.8887638,0.2486969530582428,0.999002993106842,0.3027908504009247
YMR235C,YGR047C,0,-1.8892332,0.24863523244857788,0.999002993106842,0.3028908669948578
YNL054W-B,YDR093W,0,-1.8894734,0.24857355654239655,0.999002993106842,0.3029908835887909
YIR012W,YML115C,0,-1.8895179,0.2485119104385376,0.999002993106842,0.3030909299850464
YJL065C,YPL160W,0,-1.8901571,0.24845027923583984,0.999002993106842,0.3031909465789795
YJL090C,YDL130W-A,0,-1.8914003,0.24838869273662567,0.999002993106842,0.303290992975235
YML129C,YCR028C,0,-1.8924533,0.2483271360397339,0.999002993106842,0.3033910095691681
YKL011C,YNL210W,0,-1.8926842,0.2482656091451645,0.999002993106842,0.3034910559654236
YDL108W,YOR326W,0,-1.8932062,0.24820411205291748,0.999002993106842,0.3035910725593567
YBR050C,YER126C,0,-1.893396,0.24814264476299286,0.999002993106842,0.3036911189556122
YJR134C,YBL010C,0,-1.8937783,0.24808120727539062,0.999002993106842,0.3037911355495453
YDL129W,YDR380W,0,-1.8948833,0.24801979959011078,0.999002993106842,0.3038911819458008
YPL017C,YPL028W,0,-1.8966265,0.24795842170715332,0.999002993106842,0.3039911985397339
YLR121C,YML115C,0,-1.8967228,0.24789707362651825,0.999002993106842,0.304091215133667
YMR211W,YDR320C,0,-1.8971674,0.24783577024936676,0.999002993106842,0.3041912615299225
YJR009C,YNR016C,0,-1.8994176,0.24777448177337646,0.999002993106842,0.3042912781238556
YKL179C,YNR016C,0,-1.9005314,0.24771322309970856,0.999002993106842,0.3043913245201111
YMR211W,YNL158W,0,-1.9013511,0.24765200912952423,0.999002993106842,0.3044913411140442
YNL162W,YER173W,0,-1.9019784,0.2475908100605011,0.999002993106842,0.3045913875102997
YML043C,YLR212C,0,-1.9020584,0.24752964079380035,0.999002993106842,0.3046914041042328
YPL059W,YGL141W,0,-1.9024929,0.2474685162305832,0.999002993106842,0.3047914505004883
YDR425W,YGR001C,0,-1.9025232,0.24740740656852722,0.999002993106842,0.3048914670944214
YDL043C,YNL306W,0,-1.9046584,0.24734634160995483,0.999002993106842,0.3049914836883545
YPR186C,YPL101W,0,-1.906089,0.24728529155254364,0.999002993106842,0.30509153008461
YJR135W-A,YOL056W,0,-1.9062634,0.24722427129745483,0.999002993106842,0.3051915466785431
YER111C,YOL109W,0,-1.9064018,0.2471632957458496,0.999002993106842,0.3052915930747986
YNR008W,YMR290C,0,-1.9076611,0.24710234999656677,0.999002993106842,0.3053916096687317
YHR143W,YAL058W,0,-1.9095367,0.24704141914844513,0.999002993106842,0.3054916560649872
YNL061W,YIL155C,0,-1.910154,0.24698053300380707,0.999002993106842,0.3055916726589203
YPL091W,YGR158C,0,-1.9102409,0.2469196617603302,0.999002993106842,0.3056917190551758
YDL190C,YLR126C,0,-1.9103066,0.24685883522033691,0.999002993106842,0.3057917356491089
YER086W,YDR036C,0,-1.9110814,0.24679802358150482,0.999002993106842,0.3058917820453644
YML043C,YKR037C,0,-1.9113224,0.2467372566461563,0.999002993106842,0.3059917986392975
YDR014W,YIR023W,0,-1.9123516,0.2466765195131302,0.999002993106842,0.3060918152332306
YKR094C,YDR400W,0,-1.9135873,0.24661579728126526,0.999002993106842,0.3061918616294861
YKL088W,YGR116W,0,-1.913613,0.2465551197528839,0.999002993106842,0.3062918782234192
YHR143W,YJR135W-A,0,-1.9152173,0.24649447202682495,0.999002993106842,0.3063919246196747
YKL156W,YOR332W,0,-1.9154152,0.24643383920192719,0.999002993106842,0.3064919412136078
YDL069C,YDL130W,0,-1.9158353,0.246373251080513,0.999002993106842,0.3065919876098633
YBL054W,YDR320C,0,-1.9162363,0.24631267786026,0.999002993106842,0.3066920042037964
YNR061C,YKL143W,0,-1.9169255,0.2462521493434906,0.999002993106842,0.3067920506000519
YCL061C,YPL172C,0,-1.9171369,0.24619165062904358,0.999002993106842,0.306892067193985
YGL157W,YOL080C,0,-1.9181755,0.24613116681575775,0.999002993106842,0.3069920837879181
YJR065C,YJR059W,0,-1.9184864,0.2460707277059555,0.999002993106842,0.3070921301841736
YJL190C,YDR421W,0,-1.9187646,0.24601031839847565,0.999002993106842,0.3071921467781067
YOR242C,YDR034C-C,0,-1.9189366,0.24594992399215698,0.999002993106842,0.3072921931743622
YKL011C,YLR134W,0,-1.919343,0.2458895742893219,0.999002993106842,0.3073922097682953
YAL043C,YNR001C,0,-1.919905,0.245829239487648,0.999002993106842,0.3074922561645508
YOR265W,YDL115C,0,-1.9211308,0.2457689493894577,0.999002993106842,0.3075922727584839
YMR130W,YGR027W-B,0,-1.9211538,0.2457086741924286,0.999002993106842,0.3076923191547394
YNL311C,YMR051C,0,-1.9213699,0.24564844369888306,0.999002993106842,0.3077923357486725
YJL198W,YOL056W,0,-1.9216474,0.24558822810649872,0.999002993106842,0.307892382144928
YNL158W,YJR029W,0,-1.92196,0.24552805721759796,0.999002993106842,0.3079923987388611
YOR179C,YGR076C,0,-1.9219645,0.2454679012298584,0.999002993106842,0.3080924153327942
YDR316W-A,YDR121W,0,-1.9221371,0.24540778994560242,0.999002993106842,0.3081924617290497
YJL090C,YMR221C,0,-1.9223684,0.24534769356250763,0.999002993106842,0.3082924783229828
YIL150C,YKR062W,0,-1.9225773,0.24528764188289642,0.999002993106842,0.3083925247192383
YLR008C,YLR147C,0,-1.9227576,0.2452276051044464,0.999002993106842,0.3084925413131714
YLR207W,YKL028W,0,-1.9230951,0.2451675981283188,0.999002993106842,0.3085925877094269
YMR006C,YBL061C,0,-1.9233944,0.24510763585567474,0.999002993106842,0.30869260430336
YNL162W,YDR034C-C,0,-1.9262217,0.2450476884841919,0.999002993106842,0.3087926506996155
YJR025C,YHR136C,0,-1.9269232,0.24498777091503143,0.999002993106842,0.3088926672935486
YNL112W,YBR207W,0,-1.927167,0.24492788314819336,0.999002993106842,0.3089926838874817
YGR292W,YDL067C,0,-1.9273235,0.24486804008483887,0.999002993106842,0.3090927302837372
YMR256C,YGR027W-B,0,-1.9276813,0.24480821192264557,0.999002993106842,0.3091927468776703
YER140W,YGR158C,0,-1.928002,0.24474841356277466,0.999002993106842,0.3092927932739258
YML094W,YNL007C,0,-1.9283153,0.24468864500522614,0.999002993106842,0.3093928098678589
YOR315W,YJR016C,0,-1.9301919,0.24462890625,0.999002993106842,0.3094928562641144
YER126C,YPR108W,0,-1.9304838,0.24456919729709625,0.999002993106842,0.3095928728580475
YLR015W,YER133W,0,-1.9312235,0.2445095181465149,0.999002993106842,0.309692919254303
YHR092C,YER007W,0,-1.9315082,0.24444986879825592,0.999002993106842,0.3097929358482361
YMR080C,YOR228C,0,-1.9320024,0.24439024925231934,0.999002993106842,0.3098929822444916
YNL207W,YNL054W-B,0,-1.9322873,0.24433064460754395,0.999002993106842,0.3099929988384247
YBR022W,YOR143C,0,-1.9332383,0.24427108466625214,0.999002993106842,0.3100930154323578
YOR343W-A,YGR037C,0,-1.9333694,0.24421155452728271,0.999002993106842,0.3101930618286133
YBR156C,YBR213W,0,-1.9334972,0.24415205419063568,0.999002993106842,0.3102930784225464
YHL040C,YOR326W,0,-1.9347773,0.24409256875514984,0.999002993106842,0.3103931248188019
YOR343W-A,YOR067C,0,-1.9349445,0.24403312802314758,0.999002993106842,0.310493141412735
YER089C,YLR265C,0,-1.9354242,0.24397370219230652,0.999002993106842,0.3105931878089905
YMR166C,YPL033C,0,-1.9370795,0.24391430616378784,0.999002993106842,0.3106932044029236
YMR247C,YDR236C,0,-1.9378493,0.24385495483875275,0.999002993106842,0.3107932507991791
YDR400W,YJR135W-A,0,-1.9394335,0.24379561841487885,0.999002993106842,0.3108932673931122
YLR283W,YBR092C,0,-1.9398975,0.24373631179332733,0.999002993106842,0.3109932839870453
YER068W,YGR014W,0,-1.9410197,0.2436770498752594,0.999002993106842,0.3110933303833008
YOR192C-B,YDL146W,0,-1.9414558,0.24361780285835266,0.999002993106842,0.3111933469772339
YGL211W,YIL113W,0,-1.9418505,0.2435585856437683,0.999002993106842,0.3112933933734894
YNL218W,YPL103C,0,-1.941928,0.24349939823150635,0.999002993106842,0.3113934099674225
YML094W,YLR207W,0,-1.9420158,0.24344024062156677,0.999002993106842,0.311493456363678
YLR430W,YMR150C,0,-1.9423785,0.2433810979127884,0.999002993106842,0.3115934729576111
YDR356W,YPL101W,0,-1.943102,0.2433219999074936,0.999002993106842,0.3116935193538666
YDR036C,YHR036W,0,-1.9433674,0.24326293170452118,0.999002993106842,0.3117935359477997
YDR334W,YGR234W,0,-1.943775,0.24320387840270996,0.999002993106842,0.3118935823440552
YDR052C,YJL156C,0,-1.9438086,0.24314486980438232,0.999002993106842,0.3119935989379883
YIL150C,YHR140W,0,-1.9455259,0.24308587610721588,0.999002993106842,0.3120936155319214
YDR479C,YGR158C,0,-1.9469693,0.24302692711353302,0.999002993106842,0.3121936619281769
YBR012W-A,YPR186C,0,-1.947929,0.24296799302101135,0.999002993106842,0.31229367852211
YPL091W,YJR058C,0,-1.9486294,0.24290908873081207,0.999002993106842,0.3123937249183655
YDR261W-B,YGR191W,0,-1.948828,0.24285021424293518,0.999002993106842,0.3124937415122986
YHR021C,YOR120W,0,-1.9498357,0.24279136955738068,0.999002993106842,0.3125937879085541
YDR050C,YDR130C,0,-1.9500978,0.24273255467414856,0.999002993106842,0.3126938045024872
YJR139C,YDR107C,0,-1.9504062,0.24267376959323883,0.999002993106842,0.3127938508987427
YMR303C,YPR031W,0,-1.9535204,0.2426150143146515,0.999002993106842,0.3128938674926758
YNL293W,YNL115C,0,-1.95445,0.24255628883838654,0.999002993106842,0.3129938840866089
YOR124C,YOR131C,0,-1.9550438,0.24249757826328278,0.999002993106842,0.3130939304828644
YHR086W,YPL154C,0,-1.9551746,0.2424389123916626,0.999002993106842,0.3131939470767975
YGL137W,YMR311C,0,-1.9553205,0.2423802614212036,0.999002993106842,0.313293993473053
YJL156C,YGL095C,0,-1.9582381,0.24232164025306702,0.999002993106842,0.3133940100669861
YJL143W,YOR131C,0,-1.9588052,0.2422630488872528,0.999002993106842,0.3134940564632416
YDL229W,YLR414C,0,-1.9599369,0.24220450222492218,0.999002993106842,0.3135940730571747
YBR237W,YDL136W,0,-1.9606045,0.24214597046375275,0.999002993106842,0.3136941194534302
YOR348C,YDR210W-B,0,-1.9609487,0.2420874536037445,0.999002993106842,0.3137941360473633
YJL090C,YDR523C,0,-1.9619259,0.24202898144721985,0.999002993106842,0.3138941824436188
YMR006C,YER089C,0,-1.9633958,0.24197053909301758,0.999002993106842,0.3139941990375519
YDL019C,YOR061W,0,-1.9653364,0.2419121265411377,0.999002993106842,0.314094215631485
YDR533C,YLR287C-A,0,-1.9654169,0.241853728890419,0.999002993106842,0.3141942620277405
YJR155W,YPR047W,0,-1.9654838,0.2417953610420227,0.999002993106842,0.3142942786216736
YNL119W,YMR122W-A,0,-1.9656084,0.24173703789710999,0.999002993106842,0.3143943250179291
YDR418W,YGR135W,0,-1.9662417,0.24167872965335846,0.999002993106842,0.3144943416118622
YJR158W,YKR009C,0,-1.9663169,0.24162045121192932,0.999002993106842,0.3145943880081177
YNL158W,YDR014W,0,-1.9668459,0.24156220257282257,0.999002993106842,0.3146944046020508
YOR124C,YHR171W,0,-1.9678124,0.2415039837360382,0.999002993106842,0.3147944509983063
YBL057C,YDL065C,0,-1.9679928,0.24144577980041504,0.999002993106842,0.3148944675922394
YPR118W,YOL019W,0,-1.9686881,0.24138762056827545,0.999002993106842,0.3149944841861725
YGR047C,YMR221C,0,-1.9687948,0.24132947623729706,0.999002993106842,0.315094530582428
YMR235C,YLR214W,0,-1.9692609,0.24127137660980225,0.999002993106842,0.3151945471763611
YOR228C,YKR030W,0,-1.9695214,0.24121329188346863,0.999002993106842,0.3152945935726166
YOR143C,YBL022C,0,-1.969524,0.2411552369594574,0.999002993106842,0.3153946101665497
YPL149W,YHR036W,0,-1.969826,0.24109721183776855,0.999002993106842,0.3154946565628052
YOR315W,YPL095C,0,-1.9701682,0.2410392165184021,0.999002993106842,0.3155946731567383
YFL047W,YPL143W,0,-1.9707929,0.24098123610019684,0.999002993106842,0.3156947195529938
YPR042C,YDR034C-C,0,-1.9709059,0.24092330038547516,0.999002993106842,0.3157947361469269
YPL022W,YPL085W,0,-1.9709553,0.24086537957191467,0.999002993106842,0.3158947825431824
YOR063W,YJL052W,0,-1.9713153,0.24080750346183777,0.999002993106842,0.3159947991371155
YDR363W-A,YNL227C,0,-1.9715625,0.24074964225292206,0.999002993106842,0.3160948157310486
YKR038C,YBL022C,0,-1.9758557,0.24069181084632874,0.999002993106842,0.3161948621273041
YHL008C,YOR269W,0,-1.9766175,0.2406340092420578,0.999002993106842,0.3162948787212372
YKL183W,YJR059W,0,-1.977094,0.24057623744010925,0.999002993106842,0.3163949251174927
YBR024W,YGR008C,0,-1.9774543,0.2405184805393219,0.999002993106842,0.3164949417114258
YLR040C,YBL061C,0,-1.9775251,0.24046076834201813,0.999002993106842,0.3165949881076813
YDR316W-A,YBR207W,0,-1.9780153,0.24040307104587555,0.999002993106842,0.3166950047016144
YER099C,YDL099W,0,-1.9780394,0.24034540355205536,0.999002993106842,0.3167950510978699
YDR036C,YMR221C,0,-1.978499,0.24028776586055756,0.999002993106842,0.316895067691803
YDR253C,YML063W,0,-1.9785455,0.24023015797138214,0.999002993106842,0.3169950842857361
YDR238C,YPL048W,0,-1.9798495,0.2401725798845291,0.999002993106842,0.3170951306819916
YER087C-A,YCR094W,0,-1.9801228,0.24011503159999847,0.999002993106842,0.3171951472759247
YDL067C,YIL136W,0,-1.9802091,0.24005749821662903,0.999002993106842,0.3172951936721802
YDR503C,YLR337W,0,-1.9812499,0.23999999463558197,0.999002993106842,0.3173952102661133
YPR168W,YJL189W,0,-1.9814554,0.2399425357580185,0.999002993106842,0.3174952566623688
YHR023W,YDR120C,0,-1.9817436,0.2398850917816162,0.999002993106842,0.3175952732563019
YOR381W,YBR009C,0,-1.9818181,0.23982766270637512,0.999002993106842,0.3176953196525574
YOL007C,YNL244C,0,-1.9820648,0.23977027833461761,0.999002993106842,0.3177953362464905
YMR217W,YDR261W-B,0,-1.9820703,0.2397129237651825,0.999002993106842,0.31789538264274597
YKR105C,YCR037C,0,-1.9826374,0.23965558409690857,0.999002993106842,0.3179953992366791
YBR175W,YLR121C,0,-1.982675,0.23959827423095703,0.999002993106842,0.3180954158306122
YFR032C-A,YBR156C,0,-1.984937,0.23954099416732788,0.999002993106842,0.3181954622268677
YGL229C,YOL007C,0,-1.9851376,0.23948374390602112,0.999002993106842,0.3182954788208008
YLR318W,YHR186C,0,-1.9860672,0.23942652344703674,0.999002993106842,0.3183955252170563
YBL106C,YLL038C,0,-1.9862694,0.23936933279037476,0.999002993106842,0.3184955418109894
YJR145C,YGR223C,0,-1.9867628,0.23931215703487396,0.999002993106842,0.3185955882072449
YBR033W,YDR299W,0,-1.9867742,0.23925501108169556,0.999002993106842,0.318695604801178
YOR174W,YNL248C,0,-1.9872087,0.23919789493083954,0.999002993106842,0.31879565119743347
YOR047C,YJL097W,0,-1.9876345,0.2391408085823059,0.999002993106842,0.3188956677913666
YMR208W,YDR055W,0,-1.988112,0.23908375203609467,0.999002993106842,0.3189956843852997
YEL054C,YHR181W,0,-1.9902364,0.23902671039104462,0.999002993106842,0.3190957307815552
YER056C-A,YOL133W,0,-1.9906329,0.23896971344947815,0.999002993106842,0.3191957473754883
YKL004W,YLR343W,0,-1.9912623,0.23891273140907288,0.999002993106842,0.3192957937717438
YER111C,YOR270C,0,-1.9913684,0.23885577917099,0.999002993106842,0.3193958103656769
YDR531W,YDR265W,0,-1.9922849,0.2387988567352295,0.999002993106842,0.3194958567619324
YDR210W-B,YMR217W,0,-1.9923579,0.23874196410179138,0.999002993106842,0.3195958733558655
YPL144W,YAL034W-A,0,-1.9924885,0.23868508636951447,0.999002993106842,0.31969591975212097
YDR228C,YJL190C,0,-1.9935843,0.23862823843955994,0.999002993106842,0.3197959363460541
YDL065C,YOR270C,0,-1.9938666,0.238571435213089,0.999002993106842,0.31989598274230957
YPR186C,YBL023C,0,-1.9958446,0.23851463198661804,0.999002993106842,0.3199959993362427
YDR210W-B,YOL147C,0,-1.9959525,0.23845787346363068,0.999002993106842,0.3200960159301758
YNL280C,YDR210W-B,0,-1.9960915,0.2384011447429657,0.999002993106842,0.3201960623264313
YDR283C,YJL133W,0,-1.9979893,0.23834443092346191,0.999002993106842,0.3202960789203644
YPL106C,YMR184W,0,-1.9988924,0.23828774690628052,0.999002993106842,0.3203961253166199
YBR297W,YHL004W,0,-1.9989674,0.2382310926914215,0.999002993106842,0.320496141910553
YJR075W,YMR311C,0,-1.9993889,0.2381744682788849,0.999002993106842,0.32059618830680847
YNL054W-B,YER089C,0,-1.9995629,0.23811787366867065,0.999002993106842,0.3206962049007416
YML034W,YER131W,0,-2.0001717,0.23806129395961761,0.999002993106842,0.32079625129699707
YER148W,YGR086C,0,-2.00151,0.23800474405288696,0.999002993106842,0.3208962678909302
YOR192C-B,YLR204W,0,-2.0020838,0.2379482239484787,0.999002993106842,0.3209962844848633
YDL137W,YPR122W,0,-2.0022979,0.23789173364639282,0.999002993106842,0.3210963308811188
YPR137C-B,YHR147C,0,-2.0030043,0.23783527314662933,0.999002993106842,0.3211963474750519
YLR106C,YLR040C,0,-2.0033293,0.23777882754802704,0.999002993106842,0.3212963938713074
YDR219C,YNL191W,0,-2.0036855,0.23772242665290833,0.999002993106842,0.3213964104652405
YJL073W,YOL125W,0,-2.0051627,0.2376660406589508,0.999002993106842,0.32149645686149597
YDR052C,YDR390C,0,-2.005425,0.23760966956615448,0.999002993106842,0.3215964734554291
YCR098C,YGR027W-B,0,-2.0054317,0.23755334317684174,0.999002993106842,0.32169651985168457
YFL002W-A,YPR036W,0,-2.0054421,0.23749703168869019,0.999002993106842,0.3217965364456177
YNL206C,YGR071C,0,-2.0057611,0.23744076490402222,0.999002993106842,0.32189658284187317
YDL231C,YLR015W,0,-2.006083,0.23738451302051544,0.999002993106842,0.3219965994358063
YKL088W,YNL039W,0,-2.006466,0.23732827603816986,0.999002993106842,0.3220966160297394
YGR194C,YHR129C,0,-2.0072303,0.23727208375930786,0.999002993106842,0.3221966624259949
YKL021C,YBR012W-B,0,-2.007557,0.23721590638160706,0.999002993106842,0.322296679019928
YJL008C,YJL121C,0,-2.0077486,0.23715975880622864,0.999002993106842,0.32239672541618347
YDR329C,YNL054W-B,0,-2.0081778,0.2371036410331726,0.999002993106842,0.3224967420101166
YHL009W-B,YDR298C,0,-2.0093927,0.23704755306243896,0.999002993106842,0.32259678840637207
YDL192W,YDR363W-A,0,-2.010251,0.23699147999286652,0.999002993106842,0.3226968050003052
YDR265W,YLR356W,0,-2.0102673,0.23693545162677765,0.999002993106842,0.32279685139656067
YCL069W,YDR261W-B,0,-2.0113726,0.23687943816184998,0.999002993106842,0.3228968679904938
YOR124C,YAL034W-A,0,-2.0117607,0.2368234395980835,0.999002993106842,0.3229968845844269
YDR531W,YDR210W-B,0,-2.011793,0.2367674857378006,0.999002993106842,0.3230969309806824
YGR158C,YOR014W,0,-2.0124793,0.2367115467786789,0.999002993106842,0.3231969475746155
YBR123C,YMR204C,0,-2.012589,0.23665563762187958,0.999002993106842,0.32329699397087097
YOR192C-B,YER148W,0,-2.0126972,0.23659975826740265,0.999002993106842,0.3233970105648041
YML129C,YKL178C,0,-2.0136623,0.2365439087152481,0.999002993106842,0.32349705696105957
YDR236C,YBR035C,0,-2.013844,0.23648807406425476,0.999002993106842,0.3235970735549927
YDR170W-A,YEL013W,0,-2.01546,0.236432284116745,0.999002993106842,0.32369711995124817
YER068W,YHR039C-B,0,-2.0157242,0.23637650907039642,0.999002993106842,0.3237971365451813
YHR044C,YPL257W-A,0,-2.0162096,0.23632074892520905,0.999002993106842,0.32389718294143677
YLR015W,YHR171W,0,-2.0163481,0.23626503348350525,0.999002993106842,0.3239971995353699
YDR503C,YBL101W-A,0,-2.016415,0.23620933294296265,0.999002993106842,0.324097216129303
YDR520C,YGR061C,0,-2.017766,0.23615366220474243,0.999002993106842,0.32419726252555847
YIL078W,YPR096C,0,-2.0186348,0.2360980212688446,0.999002993106842,0.3242972791194916
YLR204W,YOR076C,0,-2.01865,0.23604241013526917,0.999002993106842,0.32439732551574707
YDR158W,YLR010C,0,-2.0212398,0.23598681390285492,0.999002993106842,0.3244973421096802
YHR076W,YJL025W,0,-2.0217428,0.23593124747276306,0.999002993106842,0.32459738850593567
YJL143W,YPL258C,0,-2.0224714,0.2358757108449936,0.999002993106842,0.3246974050998688
YBR175W,YHR017W,0,-2.0229354,0.23582018911838531,0.999002993106842,0.32479745149612427
YML040W,YLR318W,0,-2.0235844,0.23576471209526062,0.999002993106842,0.3248974680900574
YNR040W,YDR443C,0,-2.0253668,0.23570924997329712,0.999002993106842,0.3249974846839905
YML095C,YLR337W,0,-2.0254836,0.2356538027524948,0.999002993106842,0.32509753108024597
YLR008C,YHR064C,0,-2.0264888,0.2355984002351761,0.999002993106842,0.3251975476741791
YJR001W,YOR233W,0,-2.0272188,0.23554301261901855,0.999002993106842,0.32529759407043457
YOR192C-B,YCL031C,0,-2.027406,0.2354876548051834,0.999002993106842,0.3253976106643677
YGR123C,YMR303C,0,-2.0277638,0.23543232679367065,0.999002993106842,0.32549765706062317
YMR290C,YNR045W,0,-2.0278132,0.23537702858448029,0.999002993106842,0.3255976736545563
YEL015W,YGR286C,0,-2.0282898,0.2353217452764511,0.999002993106842,0.32569772005081177
YER173W,YER030W,0,-2.0292807,0.23526649177074432,0.999002993106842,0.3257977366447449
YKL135C,YMR130W,0,-2.0293937,0.23521126806735992,0.999002993106842,0.32589778304100037
YDR316W-A,YGR292W,0,-2.0295215,0.23515605926513672,0.999002993106842,0.32599779963493347
YBR205W,YBR185C,0,-2.0295348,0.2351008951663971,0.999002993106842,0.3260978162288666
YJL046W,YOR014W,0,-2.0298162,0.23504574596881866,0.999002993106842,0.32619786262512207
YOR270C,YKL024C,0,-2.0308523,0.23499062657356262,0.999002993106842,0.3262978792190552
YFL029C,YDR334W,0,-2.0311294,0.23493552207946777,0.999002993106842,0.32639792561531067
YGR104C,YLR078C,0,-2.0315523,0.2348804473876953,0.999002993106842,0.3264979422092438
YJR094W-A,YDL017W,0,-2.0322235,0.23482540249824524,0.999002993106842,0.32659798860549927
YDR121W,YAL013W,0,-2.0323741,0.23477038741111755,0.999002993106842,0.3266980051994324
YOL139C,YNL212W,0,-2.033934,0.23471538722515106,0.999002993106842,0.32679805159568787
YBL064C,YPL095C,0,-2.0346966,0.23466041684150696,0.999002993106842,0.32689806818962097
YHR067W,YDR487C,0,-2.0347097,0.23460547626018524,0.999002993106842,0.3269980847835541
YCL031C,YLR121C,0,-2.0350165,0.2345505654811859,0.999002993106842,0.32709813117980957
YMR088C,YDL130W-A,0,-2.0353575,0.23449566960334778,0.999002993106842,0.3271981477737427
YDL033C,YJR075W,0,-2.0354877,0.23444080352783203,0.999002993106842,0.32729819416999817
YMR217W,YGR006W,0,-2.035706,0.23438596725463867,0.999002993106842,0.3273982107639313
YOR182C,YDR014W,0,-2.0357301,0.2343311458826065,0.999002993106842,0.32749825716018677
YOR278W,YAL013W,0,-2.0357432,0.23427636921405792,0.999002993106842,0.3275982737541199
YFL002W-A,YDR096W,0,-2.0365345,0.23422159254550934,0.999002993106842,0.32769832015037537
YDL051W,YML095C,0,-2.0366094,0.23416686058044434,0.999002993106842,0.32779833674430847
YDL069C,YPL051W,0,-2.0376854,0.23411214351654053,0.999002993106842,0.32789838314056396
YOL133W,YAL044C,0,-2.0377607,0.2340574562549591,0.999002993106842,0.32799839973449707
YJL129C,YNL119W,0,-2.0377812,0.23400279879570007,0.999002993106842,0.3280984163284302
YNR022C,YHR044C,0,-2.037879,0.23394817113876343,0.999002993106842,0.32819846272468567
YGL249W,YCR053W,0,-2.0379186,0.23389355838298798,0.999002993106842,0.3282984793186188
YFL002W-A,YJL106W,0,-2.0380855,0.2338389754295349,0.999002993106842,0.32839852571487427
YMR128W,YCL061C,0,-2.0383923,0.23378440737724304,0.999002993106842,0.3284985423088074
YDL200C,YDL008W,0,-2.0390348,0.23372988402843475,0.999002993106842,0.32859858870506287
YAL043C,YDR520C,0,-2.0403633,0.23367537558078766,0.999002993106842,0.32869860529899597
YKR061W,YCR053W,0,-2.0404658,0.23362089693546295,0.999002993106842,0.32879865169525146
YLR214W,YOR192C-B,0,-2.0427866,0.23356643319129944,0.999002993106842,0.32889866828918457
YJR015W,YDL043C,0,-2.0427938,0.2335119992494583,0.999002993106842,0.3289986848831177
YLL062C,YPR070W,0,-2.0430794,0.23345759510993958,0.999002993106842,0.32909873127937317
YGR086C,YAL035W,0,-2.0430932,0.23340322077274323,0.999002993106842,0.3291987478733063
YLR419W,YCL050C,0,-2.0434222,0.23334886133670807,0.999002993106842,0.32929879426956177
YPR016C,YMR017W,0,-2.0443673,0.2332945317029953,0.999002993106842,0.3293988108634949
YMR297W,YNL054W-B,0,-2.0444999,0.23324021697044373,0.999002993106842,0.32949885725975037
YHR184W,YDR420W,0,-2.044816,0.23318594694137573,0.999002993106842,0.32959887385368347
YLR186W,YGL157W,0,-2.0455208,0.23313169181346893,0.999002993106842,0.32969892024993896
YDR466W,YNR061C,0,-2.046455,0.23307746648788452,0.999002993106842,0.32979893684387207
YNR027W,YDL129W,0,-2.0474699,0.2330232560634613,0.999002993106842,0.32989898324012756
YDL190C,YOR356W,0,-2.047933,0.23296907544136047,0.999002993106842,0.32999899983406067
YOL003C,YFL041W,0,-2.04842,0.23291492462158203,0.999002993106842,0.3300990164279938
YDR283C,YOR269W,0,-2.0486698,0.23286078870296478,0.999002993106842,0.33019906282424927
YPL172C,YMR017W,0,-2.0490518,0.23280669748783112,0.999002993106842,0.3302990794181824
YHR081W,YDR047W,0,-2.0498266,0.23275260627269745,0.999002993106842,0.33039912581443787
YOR046C,YPL257W-A,0,-2.0503035,0.23269855976104736,0.999002993106842,0.33049914240837097
YMR004W,YDL082W,0,-2.0504127,0.23264452815055847,0.999002993106842,0.33059918880462646
YDR466W,YNR022C,0,-2.0510583,0.23259052634239197,0.999002993106842,0.33069920539855957
YGR029W,YGL009C,0,-2.0524597,0.23253655433654785,0.999002993106842,0.33079925179481506
YPL106C,YNL339C,0,-2.0529866,0.23248259723186493,0.999002993106842,0.33089926838874817
YCR098C,YBR160W,0,-2.053658,0.2324286699295044,0.999002993106842,0.3309992849826813
YDR248C,YKL024C,0,-2.0539017,0.23237477242946625,0.999002993106842,0.33109933137893677
YGL223C,YER096W,0,-2.054873,0.2323208898305893,0.999002993106842,0.3311993479728699
YGR286C,YLR120C,0,-2.0553532,0.23226703703403473,0.999002993106842,0.33129939436912537
YGR058W,YGL251C,0,-2.0558426,0.23221321403980255,0.999002993106842,0.33139941096305847
YBR273C,YNL096C,0,-2.0558844,0.23215940594673157,0.999002993106842,0.33149945735931396
YHR153C,YNL149C,0,-2.0561023,0.23210562765598297,0.999002993106842,0.33159947395324707
YNL210W,YGL031C,0,-2.0562024,0.23205187916755676,0.999002993106842,0.33169952034950256
YJR001W,YDR034C-C,0,-2.0580578,0.23199814558029175,0.999002993106842,0.33179953694343567
YLR266C,YKR062W,0,-2.0595908,0.23194444179534912,0.999002993106842,0.33189958333969116
YOR063W,YDR034C-C,0,-2.0618315,0.23189076781272888,0.999002993106842,0.33199959993362427
YBR050C,YPL220W,0,-2.0626154,0.23183710873126984,0.999002993106842,0.3320996165275574
YLR287C-A,YIL155C,0,-2.063398,0.23178347945213318,0.999002993106842,0.33219966292381287
YML129C,YBL021C,0,-2.063757,0.2317298799753189,0.999002993106842,0.33229967951774597
YNL213C,YLR438C-A,0,-2.0637789,0.23167629539966583,0.999002993106842,0.33239972591400146
YMR142C,YPR021C,0,-2.064404,0.23162274062633514,0.999002993106842,0.33249974250793457
YDR487C,YPR031W,0,-2.0644379,0.23156921565532684,0.999002993106842,0.33259978890419006
YAR010C,YCR037C,0,-2.0646133,0.23151570558547974,0.999002993106842,0.33269980549812317
YFL036W,YNL054W-B,0,-2.0647397,0.23146222531795502,0.999002993106842,0.33279985189437866
YDR265W,YNL310C,0,-2.064941,0.23140877485275269,0.999002993106842,0.33289986848831177
YFR032C-A,YOL149W,0,-2.0650768,0.23135533928871155,0.999002993106842,0.3329998850822449
YMR166C,YMR139W,0,-2.0658076,0.2313019335269928,0.999002993106842,0.33309993147850037
YBR082C,YNR016C,0,-2.0689106,0.23124855756759644,0.999002993106842,0.33319994807243347
YDR228C,YMR303C,0,-2.0721745,0.23119519650936127,0.999002993106842,0.33329999446868896
YJR145C,YDR483W,0,-2.0741706,0.2311418652534485,0.999002993106842,0.33340001106262207
YJL062W-A,YPL048W,0,-2.0749984,0.2310885637998581,0.999002993106842,0.33350005745887756
YOL003C,YBL088C,0,-2.0752327,0.2310352772474289,0.999002993106842,0.33360007405281067
YDL108W,YDL200C,0,-2.0763485,0.23098202049732208,0.999002993106842,0.33370012044906616
YFL002W-A,YPL186C,0,-2.0765362,0.23092877864837646,0.999002993106842,0.33380013704299927
YGL173C,YIL051C,0,-2.0775552,0.23087558150291443,0.999002993106842,0.33390018343925476
YDR312W,YBL101W-A,0,-2.078229,0.2308223843574524,0.999002993106842,0.33400020003318787
YJL046W,YDL164C,0,-2.0809224,0.23076923191547394,0.999002993106842,0.33410021662712097
YIR002C,YOR127W,0,-2.0817351,0.23071609437465668,0.999002993106842,0.33420026302337646
YMR130W,YDL033C,0,-2.0825148,0.2306629866361618,0.999002993106842,0.33430027961730957
YDR297W,YDR487C,0,-2.0825796,0.23060989379882812,0.999002993106842,0.33440032601356506
YDR440W,YBR009C,0,-2.0829291,0.23055683076381683,0.999002993106842,0.33450034260749817
YLR086W,YOL065C,0,-2.0832791,0.23050379753112793,0.999002993106842,0.33460038900375366
YLL001W,YHL036W,0,-2.0837655,0.23045077919960022,0.999002993106842,0.33470040559768677
YLL013C,YGL123W,0,-2.0848455,0.2303977906703949,0.999002993106842,0.33480045199394226
YMR166C,YDR393W,0,-2.0853348,0.23034483194351196,0.999002993106842,0.33490046858787537
YDR347W,YOR347C,0,-2.0854714,0.23029188811779022,0.999002993106842,0.33500051498413086
YDR036C,YDR046C,0,-2.0861182,0.23023897409439087,0.999002993106842,0.33510053157806396
YPR049C,YLR147C,0,-2.087029,0.2301860749721527,0.999002993106842,0.33520054817199707
YNL098C,YOL123W,0,-2.0874457,0.23013320565223694,0.999002993106842,0.33530059456825256
YPL195W,YLR265C,0,-2.0882456,0.23008036613464355,0.999002993106842,0.33540061116218567
YER159C-A,YPL089C,0,-2.0886345,0.23002754151821136,0.999002993106842,0.33550065755844116
YER061C,YLR414C,0,-2.088871,0.22997474670410156,0.999002993106842,0.33560067415237427
YJR139C,YAL034W-A,0,-2.0893607,0.22992198169231415,0.999002993106842,0.33570072054862976
YGL168W,YLR120C,0,-2.089714,0.22986923158168793,0.999002993106842,0.33580073714256287
YGR047C,YDR224C,0,-2.09051,0.2298165112733841,0.999002993106842,0.33590078353881836
YPR168W,YBR207W,0,-2.0911736,0.22976382076740265,0.999002993106842,0.33600080013275146
YMR016C,YOR036W,0,-2.0928202,0.2297111451625824,0.999002993106842,0.33610081672668457
YBL064C,YDR503C,0,-2.0930238,0.22965848445892334,0.999002993106842,0.33620086312294006
YJL164C,YGR027W-B,0,-2.093195,0.22960586845874786,0.999002993106842,0.33630087971687317
YGR159C,YAL021C,0,-2.09356,0.22955326735973358,0.999002993106842,0.33640092611312866
YHR025W,YGR262C,0,-2.0936599,0.2295006811618805,0.999002993106842,0.33650094270706177
YJR009C,YDR210W-B,0,-2.0937319,0.229448139667511,0.999002993106842,0.33660098910331726
YDR318W,YOL125W,0,-2.0940218,0.22939559817314148,0.999002993106842,0.33670100569725037
YER148W,YHL016C,0,-2.094328,0.22934310138225555,0.999002993106842,0.33680105209350586
YJL153C,YML063W,0,-2.0950732,0.22929061949253082,0.999002993106842,0.33690106868743896
YGR101W,YLR318W,0,-2.0964956,0.22923816740512848,0.999002993106842,0.33700111508369446
YBL103C,YBR291C,0,-2.0965557,0.22918573021888733,0.999002993106842,0.33710113167762756
YKR038C,YGR241C,0,-2.0968437,0.22913332283496857,0.999002993106842,0.33720114827156067
YLR283W,YNL039W,0,-2.097355,0.229080930352211,0.999002993106842,0.33730119466781616
YDR003W,YAL003W,0,-2.0973833,0.22902856767177582,0.999002993106842,0.33740121126174927
YGR123C,YHL016C,0,-2.0984657,0.22897623479366302,0.999002993106842,0.33750125765800476
YOR192C-B,YDR524C,0,-2.1016917,0.22892391681671143,0.999002993106842,0.33760127425193787
YKL179C,YNL054W-B,0,-2.104156,0.22887162864208221,0.999002993106842,0.33770132064819336
YFL039C,YHR013C,0,-2.1045032,0.2288193702697754,0.999002993106842,0.33780133724212646
YJR145C,YKL034W,0,-2.1051435,0.22876712679862976,0.999002993106842,0.33790138363838196
YJL008C,YML115C,0,-2.105793,0.22871489822864532,0.999002993106842,0.33800140023231506
YMR070W,YGL211W,0,-2.106224,0.22866271436214447,0.999002993106842,0.33810141682624817
YPL089C,YPR032W,0,-2.106577,0.2286105453968048,0.999002993106842,0.33820146322250366
YHR076W,YKR037C,0,-2.1073527,0.22855839133262634,0.999002993106842,0.33830147981643677
YMR256C,YOR120W,0,-2.1073885,0.22850626707077026,0.999002993106842,0.33840152621269226
YAR018C,YOR211C,0,-2.1083653,0.22845417261123657,0.999002993106842,0.33850154280662537
YOL123W,YDR044W,0,-2.1097116,0.22840209305286407,0.999002993106842,0.33860158920288086
YIR002C,YPL159C,0,-2.109859,0.22835004329681396,0.999002993106842,0.33870160579681396
YIL027C,YOL125W,0,-2.1107726,0.22829802334308624,0.999002993106842,0.33880165219306946
YPR098C,YKL164C,0,-2.1119323,0.22824601829051971,0.999002993106842,0.33890166878700256
YLR439W,YPL068C,0,-2.112586,0.22819402813911438,0.999002993106842,0.33900171518325806
YMR307W,YBR035C,0,-2.113008,0.22814208269119263,0.999002993106842,0.33910173177719116
YDL180W,YDL184C,0,-2.1138556,0.22809013724327087,0.999002993106842,0.33920174837112427
YGR009C,YBL057C,0,-2.1148462,0.2280382364988327,0.999002993106842,0.33930179476737976
YDR265W,YGR014W,0,-2.115686,0.22798635065555573,0.999002993106842,0.33940181136131287
YBL017C,YJL097W,0,-2.1158075,0.22793447971343994,0.999002993106842,0.33950185775756836
YLR276C,YBR012W-B,0,-2.1160564,0.22788265347480774,0.999002993106842,0.33960187435150146
YCR092C,YDL184C,0,-2.11771,0.22783082723617554,0.999002993106842,0.33970192074775696
YJL062W-A,YNL166C,0,-2.1184015,0.22777904570102692,0.999002993106842,0.33980193734169006
YNL101W,YGL031C,0,-2.1187859,0.2277272790670395,0.999002993106842,0.33990198373794556
YDR265W,YPL269W,0,-2.1196918,0.22767552733421326,0.999002993106842,0.34000200033187866
YMR056C,YNL149C,0,-2.1204915,0.2276238054037094,0.999002993106842,0.34010201692581177
YLR192C,YGR223C,0,-2.120817,0.22757211327552795,0.999002993106842,0.34020206332206726
YDR210W-B,YBL021C,0,-2.122795,0.2275204360485077,0.999002993106842,0.34030207991600037
YDL164C,YDL144C,0,-2.122973,0.22746878862380981,0.999002993106842,0.34040212631225586
YIL150C,YJR060W,0,-2.1238365,0.22741715610027313,0.999002993106842,0.34050214290618896
YGR104C,YDR393W,0,-2.1251774,0.22736555337905884,0.999002993106842,0.34060218930244446
YPL090C,YDR320C,0,-2.1255617,0.22731398046016693,0.999002993106842,0.34070220589637756
YNL185C,YPR070W,0,-2.125773,0.22726242244243622,0.999002993106842,0.34080225229263306
YOR061W,YDR116C,0,-2.1261573,0.2272108793258667,0.999002993106842,0.34090226888656616
YPL091W,YPL271W,0,-2.127481,0.22715938091278076,0.999002993106842,0.34100231528282166
YPL172C,YDR055W,0,-2.1278372,0.22710788249969482,0.999002993106842,0.34110233187675476
YOL064C,YNL054W-B,0,-2.1281648,0.22705642879009247,0.999002993106842,0.34120234847068787
YOR201C,YMR017W,0,-2.1283016,0.2270049899816513,0.999002993106842,0.34130239486694336
YOR192C-B,YHR117W,0,-2.1284242,0.22695356607437134,0.999002993106842,0.34140241146087646
YPR049C,YER012W,0,-2.1284685,0.22690217196941376,0.999002993106842,0.34150245785713196
YGR002C,YKL198C,0,-2.1290193,0.22685080766677856,0.999002993106842,0.34160247445106506
YDR358W,YDL115C,0,-2.1297355,0.22679945826530457,0.999002993106842,0.34170252084732056
YOR182C,YBR299W,0,-2.1300287,0.22674813866615295,0.999002993106842,0.34180253744125366
YLR154C,YLR356W,0,-2.130333,0.22669683396816254,0.999002993106842,0.34190258383750916
YDL075W,YEL002C,0,-2.1312833,0.2266455590724945,0.999002993106842,0.34200260043144226
YJR068W,YLR207W,0,-2.1322808,0.22659429907798767,0.999002993106842,0.34210261702537537
YPR178W,YMR071C,0,-2.1332536,0.22654306888580322,0.999002993106842,0.34220266342163086
YEL002C,YHR099W,0,-2.1335635,0.22649186849594116,0.999002993106842,0.34230268001556396
YHL009W-B,YBR158W,0,-2.136205,0.2264406830072403,0.999002993106842,0.34240272641181946
YOR061W,YBR166C,0,-2.1364174,0.22638951241970062,0.999002993106842,0.34250274300575256
YKR062W,YKL181W,0,-2.136434,0.22633837163448334,0.999002993106842,0.34260278940200806
YOR192C-B,YDL082W,0,-2.1367884,0.22628726065158844,0.999002993106842,0.34270280599594116
YBL064C,YMR026C,0,-2.1375031,0.22623616456985474,0.999002993106842,0.34280285239219666
YGL213C,YER180C,0,-2.1381702,0.22618509829044342,0.999002993106842,0.34290286898612976
YGL211W,YCR098C,0,-2.1386323,0.2261340618133545,0.999002993106842,0.34300291538238525
YKL011C,YDR265W,0,-2.1395617,0.22608302533626556,0.999002993106842,0.34310293197631836
YPR158C-D,YDR420W,0,-2.1398969,0.22603203356266022,0.999002993106842,0.34320294857025146
YPR132W,YOR076C,0,-2.14085,0.22598105669021606,0.999002993106842,0.34330299496650696
YER029C,YDR107C,0,-2.141536,0.2259300947189331,0.999002993106842,0.34340301156044006
YOR192C-B,YDL112W,0,-2.1417894,0.22587917745113373,0.999002993106842,0.34350305795669556
YDR520C,YJR060W,0,-2.1419125,0.22582826018333435,0.999002993106842,0.34360307455062866
YOR192C-A,YPL103C,0,-2.1421528,0.22577737271785736,0.999002993106842,0.34370312094688416
YFL041W,YDR210W-B,0,-2.143014,0.22572651505470276,0.999002993106842,0.34380313754081726
YLR283W,YBL093C,0,-2.1452675,0.22567567229270935,0.999002993106842,0.34390318393707275
YFL002W-A,YCL027W,0,-2.1472712,0.22562485933303833,0.999002993106842,0.34400320053100586
YMR233W,YEL013W,0,-2.1476388,0.2255740612745285,0.999002993106842,0.34410321712493896
YNL054W-B,YLL001W,0,-2.148113,0.22552329301834106,0.999002993106842,0.34420326352119446
YNL007C,YNR041C,0,-2.1491523,0.225472554564476,0.999002993106842,0.34430328011512756
YJR160C,YOR290C,0,-2.1492634,0.22542181611061096,0.999002993106842,0.34440332651138306
YJR155W,YDR120C,0,-2.149376,0.2253711223602295,0.999002993106842,0.34450334310531616
YLR038C,YKL021C,0,-2.149817,0.22532044351100922,0.999002993106842,0.34460338950157166
YBR050C,YLR014C,0,-2.1505623,0.22526977956295013,0.999002993106842,0.34470340609550476
YDR531W,YGR062C,0,-2.15058,0.22521914541721344,0.999002993106842,0.34480345249176025
YIL026C,YDR032C,0,-2.1521897,0.22516854107379913,0.999002993106842,0.34490346908569336
YJL121C,YOL140W,0,-2.152801,0.22511795163154602,0.999002993106842,0.34500351548194885
YJR121W,YNL339C,0,-2.1538935,0.2250673919916153,0.999002993106842,0.34510353207588196
YMR006C,YOR067C,0,-2.1542244,0.22501684725284576,0.999002993106842,0.34520354866981506
YDR107C,YER061C,0,-2.1548028,0.22496631741523743,0.999002993106842,0.34530359506607056
YMR233W,YBL037W,0,-2.1566179,0.22491583228111267,0.999002993106842,0.34540361166000366
YBR087W,YHR129C,0,-2.1577766,0.22486534714698792,0.999002993106842,0.34550365805625916
YGL213C,YAL044C,0,-2.1578612,0.22481489181518555,0.999002993106842,0.34560367465019226
YIL039W,YGR086C,0,-2.1579127,0.22476446628570557,0.999002993106842,0.34570372104644775
YER086W,YLR204W,0,-2.15898,0.22471405565738678,0.999002993106842,0.34580373764038086
YDR322W,YDR507C,0,-2.1594825,0.22466367483139038,0.999002993106842,0.34590378403663635
YAL013W,YIR015W,0,-2.1612308,0.22461330890655518,0.999002993106842,0.34600380063056946
YMR037C,YLR357W,0,-2.1617985,0.22456297278404236,0.999002993106842,0.34610381722450256
YHR086W,YDR402C,0,-2.1629725,0.22451266646385193,0.999002993106842,0.34620386362075806
YPR158C-D,YNL244C,0,-2.1630416,0.2244623601436615,0.999002993106842,0.34630388021469116
YJR134C,YIL115C,0,-2.163599,0.22441209852695465,0.999002993106842,0.34640392661094666
YBR291C,YGR106C,0,-2.1637912,0.224361851811409,0.999002993106842,0.34650394320487976
YPL172C,YLR079W,0,-2.1638236,0.22431161999702454,0.999002993106842,0.34660398960113525
YJL170C,YLR100W,0,-2.1643863,0.22426141798496246,0.999002993106842,0.34670400619506836
YBR267W,YOR347C,0,-2.1652474,0.22421123087406158,0.999002993106842,0.34680405259132385
YNL306W,YOR290C,0,-2.167426,0.2241610735654831,0.999002993106842,0.34690406918525696
YMR006C,YCR039C,0,-2.168581,0.2241109311580658,0.999002993106842,0.34700411558151245
YGL137W,YDL038C,0,-2.1692386,0.2240608185529709,0.999002993106842,0.34710413217544556
YER027C,YPR186C,0,-2.1704862,0.22401073575019836,0.999002993106842,0.34720414876937866
YER173W,YJR059W,0,-2.170727,0.22396066784858704,0.999002993106842,0.34730419516563416
YGL119W,YIL160C,0,-2.1709988,0.2239106148481369,0.999002993106842,0.34740421175956726
YOL067C,YER082C,0,-2.1712198,0.22386059165000916,0.999002993106842,0.34750425815582275
YBR251W,YBL061C,0,-2.1712632,0.2238105833530426,0.999002993106842,0.34760427474975586
YDL231C,YJL190C,0,-2.173006,0.22376060485839844,0.999002993106842,0.34770432114601135
YMR211W,YOR337W,0,-2.1752257,0.22371065616607666,0.999002993106842,0.34780433773994446
YDR279W,YIL084C,0,-2.1755834,0.22366070747375488,0.999002993106842,0.34790438413619995
YDR299W,YNL091W,0,-2.1757424,0.2236108034849167,0.999002993106842,0.34800440073013306
YDL166C,YHR116W,0,-2.1759067,0.22356091439723969,0.999002993106842,0.34810441732406616
YER036C,YFR015C,0,-2.176038,0.22351104021072388,0.999002993106842,0.34820446372032166
YBR251W,YGR189C,0,-2.176515,0.22346119582653046,0.999002993106842,0.34830448031425476
YHR167W,YPR168W,0,-2.1767454,0.22341136634349823,0.999002993106842,0.34840452671051025
YML009C,YDR507C,0,-2.1771255,0.2233615666627884,0.999002993106842,0.34850454330444336
YMR314W,YER082C,0,-2.177175,0.22331179678440094,0.999002993106842,0.34860458970069885
YPL106C,YIL172C,0,-2.1772852,0.2232620269060135,0.999002993106842,0.34870460629463196
YDR503C,YLR287C-A,0,-2.177896,0.22321230173110962,0.999002993106842,0.34880465269088745
YMR037C,YMR285C,0,-2.17804,0.22316257655620575,0.999002993106842,0.34890466928482056
YIL051C,YCR081W,0,-2.1783817,0.22311289608478546,0.999002993106842,0.34900471568107605
YDR012W,YMR094W,0,-2.1797411,0.22306323051452637,0.999002993106842,0.34910473227500916
YDR279W,YBR185C,0,-2.1809292,0.22301357984542847,0.999002993106842,0.34920474886894226
YDR495C,YPL028W,0,-2.1817782,0.22296395897865295,0.999002993106842,0.34930479526519775
YOR192C-A,YDR483W,0,-2.1824903,0.22291435301303864,0.999002993106842,0.34940481185913086
YGR104C,YKR014C,0,-2.1840997,0.2228647619485855,0.999002993106842,0.34950485825538635
YDR265W,YJL129C,0,-2.1845765,0.22281521558761597,0.999002993106842,0.34960487484931946
YBR033W,YJL062W-A,0,-2.1847787,0.22276566922664642,0.999002993106842,0.34970492124557495
YGL213C,YOR046C,0,-2.1859941,0.22271615266799927,0.999002993106842,0.34980493783950806
YLR286C,YDR197W,0,-2.1868663,0.2226666659116745,0.999002993106842,0.34990498423576355
YKL100C,YKL143W,0,-2.1869617,0.22261719405651093,0.999002993106842,0.35000500082969666
YPR137C-B,YOR246C,0,-2.1873388,0.22256775200366974,0.999002993106842,0.35010501742362976
YPL231W,YLR246W,0,-2.187481,0.22251832485198975,0.999002993106842,0.35020506381988525
YOL002C,YMR311C,0,-2.1880674,0.22246891260147095,0.999002993106842,0.35030508041381836
YOR037W,YNL046W,0,-2.1882584,0.22241953015327454,0.999002993106842,0.35040512681007385
YER159C-A,YDR126W,0,-2.188908,0.2223701775074005,0.999002993106842,0.35050514340400696
YJR139C,YDL095W,0,-2.1895995,0.22232083976268768,0.999002993106842,0.35060518980026245
YGR075C,YOL149W,0,-2.1908622,0.22227151691913605,0.999002993106842,0.35070520639419556
YOL138C,YOR381W,0,-2.1917877,0.2222222238779068,0.999002993106842,0.35080525279045105
YJL062W-A,YJL008C,0,-2.1919072,0.22217294573783875,0.999002993106842,0.35090526938438416
YGL128C,YDR288W,0,-2.192326,0.22212369740009308,0.999002993106842,0.35100531578063965
YHL009W-B,YMR098C,0,-2.192758,0.2220744639635086,0.999002993106842,0.35110533237457275
YER036C,YKR030W,0,-2.1927967,0.22202526032924652,0.999002993106842,0.35120534896850586
YGR026W,YMR045C,0,-2.1928911,0.22197607159614563,0.999002993106842,0.35130539536476135
YDR050C,YDL006W,0,-2.19316,0.22192691266536713,0.999002993106842,0.35140541195869446
YNL330C,YHL044W,0,-2.1946926,0.22187776863574982,0.999002993106842,0.35150545835494995
YJL125C,YDR393W,0,-2.195188,0.2218286544084549,0.999002993106842,0.35160547494888306
YOR116C,YBR185C,0,-2.1952925,0.22177955508232117,0.999002993106842,0.35170552134513855
YMR094W,YNL268W,0,-2.1954238,0.22173047065734863,0.999002993106842,0.35180553793907166
YPR102C,YNL325C,0,-2.1960478,0.2216814160346985,0.999002993106842,0.35190558433532715
YLR427W,YDL112W,0,-2.196865,0.22163237631320953,0.999002993106842,0.35200560092926025
YFR006W,YOR131C,0,-2.1972575,0.22158336639404297,0.999002993106842,0.35210561752319336
YFL039C,YAL058W,0,-2.197454,0.2215343862771988,0.999002993106842,0.35220566391944885
YGL213C,YPL172C,0,-2.1974597,0.22148540616035461,0.999002993106842,0.35230568051338196
YDL200C,YPL154C,0,-2.1974897,0.22143647074699402,0.999002993106842,0.35240572690963745
YDL130W-A,YPL026C,0,-2.198553,0.22138753533363342,0.999002993106842,0.35250574350357056
YJR121W,YDR115W,0,-2.198767,0.22133862972259521,0.999002993106842,0.35260578989982605
YDR511W,YNL091W,0,-2.2000203,0.2212897539138794,0.999002993106842,0.35270580649375916
YGL223C,YOR337W,0,-2.20159,0.22124089300632477,0.999002993106842,0.35280585289001465
YPR005C,YAR018C,0,-2.201703,0.22119204699993134,0.999002993106842,0.35290586948394775
YDR253C,YNR070W,0,-2.2018466,0.2211432307958603,0.999002993106842,0.35300591588020325
YKL028W,YDL112W,0,-2.2018697,0.22109444439411163,0.999002993106842,0.35310593247413635
YER036C,YER088C,0,-2.201916,0.22104565799236298,0.999002993106842,0.35320594906806946
YDR297W,YJR068W,0,-2.2019382,0.2209969162940979,0.999002993106842,0.35330599546432495
YJR145C,YPL281C,0,-2.2020397,0.22094817459583282,0.999002993106842,0.35340601205825806
YER153C,YOR242C,0,-2.2068176,0.22089947760105133,0.999002993106842,0.35350605845451355
YOR343W-A,YOR246C,0,-2.2069602,0.22085078060626984,0.999002993106842,0.35360607504844666
YJR022W,YGL251C,0,-2.207364,0.22080211341381073,0.999002993106842,0.35370612144470215
YDL137W,YLR430W,0,-2.207735,0.220753476023674,0.999002993106842,0.35380613803863525
YNR027W,YML081C-A,0,-2.2078857,0.2207048386335373,0.999002993106842,0.35390618443489075
YDR363W-A,YDL060W,0,-2.2080135,0.22065624594688416,0.999002993106842,0.35400620102882385
YBL055C,YCR054C,0,-2.2080507,0.2206076681613922,0.999002993106842,0.35410621762275696
YBR205W,YGR063C,0,-2.2081666,0.22055910527706146,0.999002993106842,0.35420626401901245
YER068W,YDL127W,0,-2.209251,0.2205105572938919,0.999002993106842,0.35430628061294556
YPR158C-D,YLR048W,0,-2.2095149,0.22046203911304474,0.999002993106842,0.35440632700920105
YML060W,YGR071C,0,-2.2104573,0.22041355073451996,0.999002993106842,0.35450634360313416
YOR242C,YLR357W,0,-2.2116272,0.22036507725715637,0.999002993106842,0.35460638999938965
YML027W,YDL019C,0,-2.212202,0.22031661868095398,0.999002993106842,0.35470640659332275
YPL101W,YGL106W,0,-2.213758,0.22026818990707397,0.999002993106842,0.35480645298957825
YLR459W,YFL002W-A,0,-2.2152503,0.22021977603435516,0.999002993106842,0.35490646958351135
YLR373C,YJR045C,0,-2.2152677,0.22017139196395874,0.999002993106842,0.35500651597976685
YNR043W,YDR120C,0,-2.2159162,0.2201230227947235,0.999002993106842,0.35510653257369995
YJL143W,YPR016C,0,-2.216031,0.22007468342781067,0.999002993106842,0.35520654916763306
YPL231W,YPR032W,0,-2.2164178,0.22002634406089783,0.999002993106842,0.35530659556388855
YEL038W,YKL181W,0,-2.2168064,0.21997804939746857,0.999002993106842,0.35540661215782166
YMR316W,YGL039W,0,-2.2168465,0.2199297696352005,0.999002993106842,0.35550665855407715
YMR307W,YER159C-A,0,-2.2169018,0.21988150477409363,0.999002993106842,0.35560667514801025
YBL064C,YNL244C,0,-2.2183876,0.21983325481414795,0.999002993106842,0.35570672154426575
YMR166C,YEL015W,0,-2.218779,0.21978503465652466,0.999002993106842,0.35580673813819885
YNL207W,YNL310C,0,-2.2215018,0.21973684430122375,0.999002993106842,0.35590678453445435
YBR273C,YKL181W,0,-2.221983,0.21968866884708405,0.999002993106842,0.35600680112838745
YPL231W,YKL034W,0,-2.222643,0.21964050829410553,0.999002993106842,0.35610681772232056
YDR036C,YDR320C-A,0,-2.225315,0.2195923775434494,0.999002993106842,0.35620686411857605
YNL280C,YDR060W,0,-2.2253203,0.21954426169395447,0.999002993106842,0.35630688071250916
YJL056C,YLR403W,0,-2.2255504,0.21949616074562073,0.999002993106842,0.35640692710876465
YPR118W,YDR103W,0,-2.2257705,0.21944808959960938,0.999002993106842,0.35650694370269775
YHL019C,YGL229C,0,-2.2261486,0.2194000482559204,0.999002993106842,0.35660699009895325
YDR169C,YPL033C,0,-2.2271156,0.21935200691223145,0.999002993106842,0.35670700669288635
YJL198W,YGR274C,0,-2.2277532,0.21930401027202606,0.999002993106842,0.35680705308914185
YLR134W,YCR040W,0,-2.2279758,0.21925601363182068,0.999002993106842,0.35690706968307495
YOR116C,YIL125W,0,-2.228458,0.21920804679393768,0.999002993106842,0.35700711607933044
YOR278W,YNL244C,0,-2.229302,0.21916010975837708,0.999002993106842,0.35710713267326355
YLR192C,YDR116C,0,-2.2297876,0.21911218762397766,0.999002993106842,0.35720714926719666
YGL035C,YNL217W,0,-2.230092,0.21906428039073944,0.999002993106842,0.35730719566345215
YNL077W,YGR184C,0,-2.231604,0.21901638805866241,0.999002993106842,0.35740721225738525
YLR356W,YLR430W,0,-2.2326212,0.21896852552890778,0.999002993106842,0.35750725865364075
YBL039C,YCR004C,0,-2.233155,0.21892069280147552,0.999002993106842,0.35760727524757385
YLR419W,YPL154C,0,-2.2331605,0.21887287497520447,0.999002993106842,0.35770732164382935
YCR081W,YOR221C,0,-2.2335038,0.2188250720500946,0.999002993106842,0.35780733823776245
YPL101W,YIL115C,0,-2.2335153,0.21877729892730713,0.999002993106842,0.35790738463401794
YML034W,YOL092W,0,-2.2339048,0.21872954070568085,0.999002993106842,0.35800740122795105
YIR006C,YKL195W,0,-2.2339048,0.21868179738521576,0.999002993106842,0.35810741782188416
YHR028C,YNR022C,0,-2.2339115,0.21863408386707306,0.999002993106842,0.35820746421813965
YPL231W,YDR101C,0,-2.2348466,0.21858638525009155,0.999002993106842,0.35830748081207275
YGL120C,YLR364W,0,-2.2350519,0.21853871643543243,0.999002993106842,0.35840752720832825
YOR167C,YOR066W,0,-2.2354283,0.2184910625219345,0.999002993106842,0.35850754380226135
YOR192C-B,YNR041C,0,-2.2357478,0.21844342350959778,0.999002993106842,0.35860759019851685
YGL223C,YNL242W,0,-2.2381973,0.21839581429958344,0.999002993106842,0.35870760679244995
YBR087W,YMR128W,0,-2.2388725,0.21834821999073029,0.999002993106842,0.35880765318870544
YDR520C,YLR433C,0,-2.239447,0.21830065548419952,0.999002993106842,0.35890766978263855
YPL195W,YOR211C,0,-2.2399063,0.21825310587882996,0.999002993106842,0.35900771617889404
YMR166C,YMR070W,0,-2.2413473,0.21820557117462158,0.999002993106842,0.35910773277282715
YHR025W,YDR115W,0,-2.241418,0.2181580662727356,0.999002993106842,0.35920774936676025
YJL044C,YER082C,0,-2.2420368,0.2181105762720108,0.999002993106842,0.35930779576301575
YDL007W,YGR027W-B,0,-2.2429838,0.2180631160736084,0.999002993106842,0.35940781235694885
YMR298W,YML012W,0,-2.2431736,0.2180156707763672,0.999002993106842,0.35950785875320435
YDL231C,YER036C,0,-2.2439985,0.21796824038028717,0.999002993106842,0.35960787534713745
YDR065W,YJR058C,0,-2.2445097,0.21792083978652954,0.999002993106842,0.35970792174339294
YNL049C,YML009C,0,-2.2449641,0.2178734540939331,0.999002993106842,0.35980793833732605
YDR279W,YJL097W,0,-2.245072,0.21782608330249786,0.999002993106842,0.35990798473358154
YOR061W,YMR256C,0,-2.2453651,0.217778742313385,0.999002993106842,0.36000800132751465
YJR025C,YKR058W,0,-2.2455115,0.21773141622543335,0.999002993106842,0.36010801792144775
YLR381W,YMR208W,0,-2.2464175,0.21768411993980408,0.999002993106842,0.36020806431770325
YDR358W,YDL184C,0,-2.2474642,0.217636838555336,0.999002993106842,0.36030808091163635
YKL108W,YCR054C,0,-2.2481527,0.2175895720720291,0.999002993106842,0.36040812730789185
YJL046W,YLR357W,0,-2.2489834,0.21754233539104462,0.999002993106842,0.36050814390182495
YOR221C,YLR176C,0,-2.2492523,0.2174951136112213,0.999002993106842,0.36060819029808044
YBR198C,YNL268W,0,-2.2493844,0.2174479216337204,0.999002993106842,0.36070820689201355
YGL222C,YER112W,0,-2.2494555,0.21740074455738068,0.999002993106842,0.36080825328826904
YPR049C,YLR419W,0,-2.2494955,0.21735358238220215,0.999002993106842,0.36090826988220215
YIL074C,YJL129C,0,-2.2499194,0.21730643510818481,0.999002993106842,0.36100831627845764
YBL039C,YGR002C,0,-2.249936,0.21725931763648987,0.999002993106842,0.36110833287239075
YDR424C,YIL155C,0,-2.2499828,0.2172122299671173,0.999002993106842,0.36120834946632385
YPR098C,YOL123W,0,-2.2505689,0.21716514229774475,0.999002993106842,0.36130839586257935
YIL093C,YDR387C,0,-2.2507148,0.21711809933185577,0.999002993106842,0.36140841245651245
YER159C-A,YIR036C,0,-2.2508717,0.2170710563659668,0.999002993106842,0.36150845885276794
YGL223C,YOL092W,0,-2.2515616,0.2170240432024002,0.999002993106842,0.36160847544670105
YMR198W,YCR047C,0,-2.251793,0.2169770449399948,0.999002993106842,0.36170852184295654
YDL120W,YNR045W,0,-2.2522082,0.2169300764799118,0.999002993106842,0.36180853843688965
YDR242W,YDL110C,0,-2.2522507,0.21688312292099,0.999002993106842,0.36190858483314514
YPL231W,YDR261W-B,0,-2.2525969,0.21683618426322937,0.999002993106842,0.36200860142707825
YAL008W,YGR002C,0,-2.2533145,0.21678927540779114,0.999002993106842,0.36210861802101135
YPL231W,YOR192C-A,0,-2.2533317,0.2167423814535141,0.999002993106842,0.36220866441726685
YPR048W,YIL070C,0,-2.253593,0.21669550240039825,0.999002993106842,0.36230868101119995
YOR244W,YER012W,0,-2.2550292,0.2166486531496048,0.999002993106842,0.36240872740745544
YOR356W,YKL059C,0,-2.2552981,0.21660181879997253,0.999002993106842,0.36250874400138855
YMR221C,YDR288W,0,-2.2572393,0.21655499935150146,0.999002993106842,0.36260879039764404
YMR198W,YML063W,0,-2.2576132,0.21650820970535278,0.999002993106842,0.36270880699157715
YLR396C,YKL164C,0,-2.2579117,0.2164614349603653,0.999002993106842,0.36280885338783264
YML129C,YOL064C,0,-2.2582283,0.2164146900177002,0.999002993106842,0.36290886998176575
YDL190C,YLR172C,0,-2.2583013,0.2163679599761963,0.999002993106842,0.36300891637802124
YOR037W,YIL145C,0,-2.2585225,0.21632124483585358,0.999002993106842,0.36310893297195435
YMR127C,YPL204W,0,-2.2595215,0.21627455949783325,0.999002993106842,0.36320894956588745
YNL330C,YPL048W,0,-2.2602296,0.21622787415981293,0.999002993106842,0.36330899596214294
YPL111W,YGL059W,0,-2.2604532,0.21618123352527618,0.999002993106842,0.36340901255607605
YGL223C,YJL072C,0,-2.2608585,0.21613459289073944,0.999002993106842,0.36350905895233154
YDR116C,YDR483W,0,-2.2609587,0.21608798205852509,0.999002993106842,0.36360907554626465
YDR425W,YPL095C,0,-2.2615,0.21604140102863312,0.999002993106842,0.36370912194252014
YHR086W,YDR247W,0,-2.2616649,0.21599481999874115,0.999002993106842,0.36380913853645325
YOR201C,YOR036W,0,-2.2617202,0.21594826877117157,0.999002993106842,0.36390918493270874
YDR318W,YDR320C,0,-2.261796,0.21590174734592438,0.999002993106842,0.36400920152664185
YPL085W,YOR374W,0,-2.2624798,0.21585524082183838,0.999002993106842,0.36410921812057495
YIL109C,YHR023W,0,-2.2634249,0.21580874919891357,0.999002993106842,0.36420926451683044
YCL075W,YGR262C,0,-2.2637606,0.21576227247714996,0.999002993106842,0.36430928111076355
YOR348C,YAR018C,0,-2.2639823,0.21571582555770874,0.999002993106842,0.36440932750701904
YDR071C,YJR089W,0,-2.2640438,0.2156693935394287,0.999002993106842,0.36450934410095215
YDL101C,YBL057C,0,-2.2649975,0.21562297642230988,0.999002993106842,0.36460939049720764
YFR037C,YPR168W,0,-2.26511,0.21557658910751343,0.999002993106842,0.36470940709114075
YER095W,YJL158C,0,-2.26616,0.21553021669387817,0.999002993106842,0.36480945348739624
YPL231W,YLR448W,0,-2.2669306,0.2154838740825653,0.999002993106842,0.36490947008132935
YPR048W,YJR013W,0,-2.267232,0.21543754637241364,0.999002993106842,0.36500951647758484
YDR236C,YGL253W,0,-2.2677884,0.21539123356342316,0.999002993106842,0.36510953307151794
YMR100W,YGR156W,0,-2.2680163,0.21534493565559387,0.999002993106842,0.36520954966545105
YDL164C,YOL019W,0,-2.26821,0.21529866755008698,0.999002993106842,0.36530959606170654
YMR088C,YLR304C,0,-2.2683969,0.21525241434574127,0.999002993106842,0.36540961265563965
YLR419W,YCR081W,0,-2.2688022,0.21520619094371796,0.999002993106842,0.36550965905189514
YIL074C,YAL034W-A,0,-2.269956,0.21515996754169464,0.999002993106842,0.36560967564582825
YIL109C,YPR098C,0,-2.2701426,0.2151137888431549,0.999002993106842,0.36570972204208374
YFR005C,YPR031W,0,-2.270875,0.21506761014461517,0.999002993106842,0.36580973863601685
YLR142W,YGR063C,0,-2.2710009,0.21502146124839783,0.999002993106842,0.36590978503227234
YJL101C,YGR158C,0,-2.27105,0.21497532725334167,0.999002993106842,0.36600980162620544
YBR286W,YIL155C,0,-2.2712297,0.21492920815944672,0.999002993106842,0.36610981822013855
YDR448W,YLL022C,0,-2.2716002,0.21488311886787415,0.999002993106842,0.36620986461639404
YNR027W,YGR241C,0,-2.2724857,0.21483704447746277,0.999002993106842,0.36630988121032715
YGR029W,YKL109W,0,-2.273818,0.21479099988937378,0.999002993106842,0.36640992760658264
YML115C,YGR158C,0,-2.2751513,0.21474497020244598,0.999002993106842,0.36650994420051575
YML027W,YPL160W,0,-2.2751803,0.21469895541667938,0.999002993106842,0.36660999059677124
YAR007C,YPR042C,0,-2.275217,0.21465295553207397,0.999002993106842,0.36671000719070435
YJL019W,YOR080W,0,-2.2757144,0.21460698544979095,0.999002993106842,0.36681005358695984
YCR053W,YOR044W,0,-2.276167,0.21456103026866913,0.999002993106842,0.36691007018089294
YAL021C,YPL160W,0,-2.2764773,0.2145150899887085,0.999002993106842,0.36701011657714844
YMR139W,YKL218C,0,-2.2764864,0.21446917951107025,0.999002993106842,0.36711013317108154
YDR074W,YJL158C,0,-2.276698,0.2144232839345932,0.999002993106842,0.36721014976501465
YDL099W,YHR171W,0,-2.2787738,0.21437740325927734,0.999002993106842,0.36731019616127014
YLR283W,YJL065C,0,-2.2790694,0.21433155238628387,0.999002993106842,0.36741021275520325
YGL089C,YCR094W,0,-2.2802777,0.2142857164144516,0.999002993106842,0.36751025915145874
YJR010C-A,YMR211W,0,-2.280357,0.21423989534378052,0.999002993106842,0.36761027574539185
YDL130W,YPR178W,0,-2.2825422,0.21419410407543182,0.999002993106842,0.36771032214164734
YOR179C,YJL065C,0,-2.2837749,0.21414832770824432,0.999002993106842,0.36781033873558044
YCL055W,YNL007C,0,-2.285429,0.21410256624221802,0.999002993106842,0.36791038513183594
YDL115C,YHR147C,0,-2.2860703,0.2140568196773529,0.999002993106842,0.36801040172576904
YDR074W,YML074C,0,-2.2879453,0.21401110291481018,0.999002993106842,0.36811041831970215
YOL018C,YPR096C,0,-2.2893996,0.21396540105342865,0.999002993106842,0.36821046471595764
YJL052W,YLR276C,0,-2.2898545,0.2139197289943695,0.999002993106842,0.36831048130989075
YIL074C,YIL090W,0,-2.2900267,0.21387407183647156,0.999002993106842,0.36841052770614624
YJL153C,YBR291C,0,-2.2904286,0.2138284295797348,0.999002993106842,0.36851054430007935
YDR481C,YMR257C,0,-2.2910461,0.21378280222415924,0.999002993106842,0.36861059069633484
YER086W,YLR266C,0,-2.2927618,0.21373720467090607,0.999002993106842,0.36871060729026794
YOR278W,YGL161C,0,-2.293683,0.2136916220188141,0.999002993106842,0.36881065368652344
YPL157W,YCL061C,0,-2.294652,0.2136460542678833,0.999002993106842,0.36891067028045654
YPL194W,YHL004W,0,-2.294931,0.2136005163192749,0.999002993106842,0.36901071667671204
YBL093C,YDL008W,0,-2.2961645,0.2135549932718277,0.999002993106842,0.36911073327064514
YAL010C,YHR086W,0,-2.2974038,0.2135094851255417,0.999002993106842,0.36921074986457825
YDR347W,YIL009C-A,0,-2.2977505,0.21346399188041687,0.999002993106842,0.36931079626083374
YDR448W,YNL268W,0,-2.2987604,0.21341852843761444,0.999002993106842,0.36941081285476685
YOR124C,YMR233W,0,-2.2994285,0.2133730798959732,0.999002993106842,0.36951085925102234
YDR134C,YDR139C,0,-2.2994514,0.21332766115665436,0.999002993106842,0.36961087584495544
YOR201C,YML095C,0,-2.3004298,0.2132822424173355,0.999002993106842,0.36971092224121094
YDR261W-B,YMR312W,0,-2.3005838,0.21323685348033905,0.999002993106842,0.36981093883514404
YER148W,YNL189W,0,-2.302566,0.21319149434566498,0.999002993106842,0.36991098523139954
YDR238C,YJL221C,0,-2.302629,0.2131461352109909,0.999002993106842,0.37001100182533264
YNR016C,YDR390C,0,-2.3031864,0.21310080587863922,0.999002993106842,0.37011101841926575
YDR088C,YDL017W,0,-2.3034325,0.21305549144744873,0.999002993106842,0.37021106481552124
YJR029W,YHR052W,0,-2.303985,0.21301020681858063,0.999002993106842,0.37031108140945435
YGR047C,YMR150C,0,-2.304494,0.21296493709087372,0.999002993106842,0.37041112780570984
YLR126C,YOR246C,0,-2.3051805,0.212919682264328,0.999002993106842,0.37051114439964294
YLR439W,YLR430W,0,-2.3068204,0.21287444233894348,0.999002993106842,0.37061119079589844
YDR074W,YMR051C,0,-2.3069153,0.21282923221588135,0.999002993106842,0.37071120738983154
YGL168W,YHR161C,0,-2.3083496,0.2127840369939804,0.999002993106842,0.37081125378608704
YNL227C,YNR045W,0,-2.308916,0.21273885667324066,0.999002993106842,0.37091127038002014
YKL179C,YAR010C,0,-2.3105383,0.2126936912536621,0.999002993106842,0.37101131677627563
YJR010C-A,YBR012W-B,0,-2.3108983,0.21264855563640594,0.999002993106842,0.37111133337020874
YNR008W,YML106W,0,-2.3117275,0.21260343492031097,0.999002993106842,0.37121134996414185
YAL010C,YKL059C,0,-2.3130913,0.2125583440065384,0.999002993106842,0.37131139636039734
YJR135C,YDR118W,0,-2.3132372,0.2125132530927658,0.999002993106842,0.37141141295433044
YBR205W,YOR150W,0,-2.313383,0.2124681919813156,0.999002993106842,0.37151145935058594
YIL074C,YDR036C,0,-2.3144774,0.2124231457710266,0.999002993106842,0.37161147594451904
YMR130W,YOL019W,0,-2.3149981,0.21237812936306,0.999002993106842,0.37171152234077454
YHL036W,YML009C,0,-2.3158603,0.21233312785625458,0.999002993106842,0.37181153893470764
YDR248C,YHR081W,0,-2.31599,0.21228814125061035,0.999002993106842,0.37191158533096313
YOL147C,YMR311C,0,-2.316163,0.21224316954612732,0.999002993106842,0.37201160192489624
YPL195W,YEL059C-A,0,-2.3162332,0.21219822764396667,0.999002993106842,0.37211164832115173
YDL065C,YJR135W-A,0,-2.3162603,0.21215328574180603,0.999002993106842,0.37221166491508484
YJR094W-A,YHL024W,0,-2.3163023,0.21210838854312897,0.999002993106842,0.37231168150901794
YDL129W,YDR012W,0,-2.3165607,0.2120634913444519,0.999002993106842,0.37241172790527344
YOR179C,YOR044W,0,-2.3181467,0.21201862394809723,0.999002993106842,0.37251174449920654
YPR098C,YMR302C,0,-2.3181672,0.21197377145290375,0.999002993106842,0.37261179089546204
YBR036C,YLR158C,0,-2.31912,0.21192893385887146,0.999002993106842,0.37271180748939514
YBR030W,YOR322C,0,-2.3193822,0.21188412606716156,0.999002993106842,0.37281185388565063
YMR043W,YLR448W,0,-2.319508,0.21183931827545166,0.999002993106842,0.37291187047958374
YDR510W,YDR330W,0,-2.3206086,0.21179454028606415,0.999002993106842,0.37301191687583923
YGL119W,YLR356W,0,-2.3211904,0.21174979209899902,0.999002993106842,0.37311193346977234
YNL098C,YDL146W,0,-2.3228893,0.2117050439119339,0.999002993106842,0.37321195006370544
YOL072W,YDR362C,0,-2.3234692,0.21166032552719116,0.999002993106842,0.37331199645996094
YOL065C,YCR037C,0,-2.3237166,0.21161562204360962,0.999002993106842,0.37341201305389404
YHR207C,YDR116C,0,-2.3239636,0.21157094836235046,0.999002993106842,0.37351205945014954
YER096W,YNR050C,0,-2.3242908,0.2115262895822525,0.999002993106842,0.37361207604408264
YGL003C,YLR381W,0,-2.324689,0.21148163080215454,0.999002993106842,0.37371212244033813
YJL158C,YMR223W,0,-2.3272448,0.21143701672554016,0.999002993106842,0.37381213903427124
YBR264C,YDR013W,0,-2.3274207,0.21139240264892578,0.999002993106842,0.37391218543052673
YOR269W,YPL153C,0,-2.3274674,0.2113478183746338,0.999002993106842,0.37401220202445984
YJR029W,YOR014W,0,-2.3293395,0.211303249001503,0.999002993106842,0.37411224842071533
YNR020C,YLR048W,0,-2.3296943,0.2112586945295334,0.999002993106842,0.37421226501464844
YDL136W,YDL065C,0,-2.3299837,0.21121416985988617,0.999002993106842,0.37431228160858154
YLR170C,YAL053W,0,-2.3321505,0.21116964519023895,0.999002993106842,0.37441232800483704
YLR045C,YDL082W,0,-2.3331327,0.21112516522407532,0.999002993106842,0.37451234459877014
YMR198W,YDL060W,0,-2.3346834,0.21108068525791168,0.999002993106842,0.37461239099502563
YER086W,YKL179C,0,-2.3347926,0.21103622019290924,0.999002993106842,0.37471240758895874
YDR329C,YDR126W,0,-2.335051,0.2109917849302292,0.999002993106842,0.37481245398521423
YER029C,YBL088C,0,-2.335557,0.21094736456871033,0.999002993106842,0.37491247057914734
YPL051W,YDR071C,0,-2.3360634,0.21090297400951385,0.999002993106842,0.37501251697540283
YLR192C,YJR155W,0,-2.336115,0.21085858345031738,0.999002993106842,0.37511253356933594
YLR370C,YDR239C,0,-2.3363242,0.2108142226934433,0.999002993106842,0.37521255016326904
YDR421W,YML087C,0,-2.3364515,0.2107698768377304,0.999002993106842,0.37531259655952454
YHR028C,YOR257W,0,-2.3370423,0.2107255458831787,0.999002993106842,0.37541261315345764
YER159C-A,YDR003W,0,-2.3372955,0.2106812447309494,0.999002993106842,0.37551265954971313
YER061C,YDL141W,0,-2.337504,0.2106369584798813,0.999002993106842,0.37561267614364624
YCR020C,YJR058C,0,-2.3375359,0.21059268712997437,0.999002993106842,0.37571272253990173
YMR142C,YLR438C-A,0,-2.3387637,0.21054843068122864,0.999002993106842,0.37581273913383484
YLR008C,YBR041W,0,-2.3395925,0.2105042040348053,0.999002993106842,0.37591278553009033
YKL183W,YMR311C,0,-2.3425937,0.21045999228954315,0.999002993106842,0.37601280212402344
YOR151C,YPL153C,0,-2.3443484,0.2104157954454422,0.999002993106842,0.37611284852027893
YAL034W-A,YNL061W,0,-2.344429,0.21037161350250244,0.999002993106842,0.37621286511421204
YAR015W,YDR252W,0,-2.3450022,0.21032746136188507,0.999002993106842,0.37631288170814514
YPL121C,YLR126C,0,-2.345859,0.2102833092212677,0.999002993106842,0.37641292810440063
YPR028W,YGR062C,0,-2.348503,0.21023918688297272,0.999002993106842,0.37651294469833374
YER086W,YLR450W,0,-2.3486023,0.21019509434700012,0.999002993106842,0.37661299109458923
YDL019C,YKL109W,0,-2.3492107,0.21015100181102753,0.999002993106842,0.37671300768852234
YPL060W,YNR020C,0,-2.3498425,0.21010693907737732,0.999002993106842,0.37681305408477783
YLR154C,YMR221C,0,-2.3506918,0.2100628912448883,0.999002993106842,0.37691307067871094
YGL178W,YER089C,0,-2.3510747,0.21001885831356049,0.999002993106842,0.37701311707496643
YPR166C,YDR376W,0,-2.3511329,0.20997485518455505,0.999002993106842,0.37711313366889954
YDR347W,YCL047C,0,-2.3514986,0.20993086695671082,0.999002993106842,0.37721315026283264
YJL052W,YIL101C,0,-2.3521028,0.20988689363002777,0.999002993106842,0.37731319665908813
YMR142C,YDR347W,0,-2.3523846,0.20984293520450592,0.999002993106842,0.37741321325302124
YHR046C,YFL029C,0,-2.353221,0.20979899168014526,0.999002993106842,0.37751325964927673
YDR481C,YOR067C,0,-2.3542151,0.209755077958107,0.999002993106842,0.37761327624320984
YML042W,YDR197W,0,-2.355349,0.20971117913722992,0.999002993106842,0.37771332263946533
YBR084W,YHL036W,0,-2.3563666,0.20966729521751404,0.999002993106842,0.37781333923339844
YDR239C,YDR288W,0,-2.3565245,0.20962342619895935,0.999002993106842,0.37791338562965393
YGL161C,YOR224C,0,-2.3570433,0.20957958698272705,0.999002993106842,0.37801340222358704
YFR032C-A,YDR379W,0,-2.3579679,0.20953576266765594,0.999002993106842,0.37811344861984253
YER173W,YDL008W,0,-2.358204,0.20949195325374603,0.999002993106842,0.37821346521377563
YER048W-A,YLR403W,0,-2.3582945,0.20944815874099731,0.999002993106842,0.37831348180770874
YNR045W,YER089C,0,-2.358561,0.20940439403057098,0.999002993106842,0.37841352820396423
YFL002W-A,YLR304C,0,-2.3585787,0.20936062932014465,0.999002993106842,0.37851354479789734
YHL004W,YDR483W,0,-2.3588529,0.2093168944120407,0.999002993106842,0.37861359119415283
YIL051C,YOL120C,0,-2.3619637,0.20927318930625916,0.999002993106842,0.37871360778808594
YJR110W,YLR139C,0,-2.3620439,0.2092294842004776,0.999002993106842,0.37881365418434143
YJL165C,YDR251W,0,-2.3626413,0.20918580889701843,0.999002993106842,0.37891367077827454
YLR396C,YOR127W,0,-2.362772,0.20914214849472046,0.999002993106842,0.37901371717453003
YDL067C,YKR058W,0,-2.3629098,0.20909850299358368,0.999002993106842,0.37911373376846313
YOR057W,YOL002C,0,-2.3638191,0.2090548723936081,0.999002993106842,0.37921375036239624
YHR206W,YNL191W,0,-2.364118,0.2090112566947937,0.999002993106842,0.37931379675865173
YNL166C,YER180C,0,-2.3642883,0.2089676707983017,0.999002993106842,0.37941381335258484
YGR086C,YPL123C,0,-2.3650322,0.2089240998029709,0.999002993106842,0.37951385974884033
YER174C,YJL090C,0,-2.36521,0.20888054370880127,0.999002993106842,0.37961387634277344
YDL210W,YPL172C,0,-2.3653946,0.20883701741695404,0.999002993106842,0.37971392273902893
YNR008W,YDR117C,0,-2.3658257,0.208793506026268,0.999002993106842,0.37981393933296204
YML124C,YPL048W,0,-2.367238,0.20874999463558197,0.999002993106842,0.37991398572921753
YGL206C,YMR208W,0,-2.3693953,0.20870651304721832,0.999002993106842,0.38001400232315063
YJR160C,YGR279C,0,-2.37329,0.20866306126117706,0.999002993106842,0.38011404871940613
YGR029W,YDR279W,0,-2.373577,0.2086196094751358,0.999002993106842,0.38021406531333923
YBL064C,YML091C,0,-2.3740315,0.20857618749141693,0.999002993106842,0.38031408190727234
YDR242W,YLR441C,0,-2.3751287,0.20853278040885925,0.999002993106842,0.38041412830352783
YKL011C,YNL091W,0,-2.3768778,0.20848938822746277,0.999002993106842,0.38051414489746094
YIL026C,YOL002C,0,-2.3770585,0.20844601094722748,0.999002993106842,0.38061419129371643
YJL165C,YER184C,0,-2.377222,0.20840266346931458,0.999002993106842,0.38071420788764954
YNR008W,YMR094W,0,-2.3778539,0.20835933089256287,0.999002993106842,0.38081425428390503
YER088C,YMR303C,0,-2.378674,0.20831601321697235,0.999002993106842,0.38091427087783813
YJR094W-A,YCR077C,0,-2.3788724,0.20827271044254303,0.999002993106842,0.38101431727409363
YGL155W,YDR362C,0,-2.380221,0.2082294225692749,0.999002993106842,0.38111433386802673
YGR088W,YPR021C,0,-2.3806968,0.20818616449832916,0.999002993106842,0.38121435046195984
YJL129C,YDL184C,0,-2.3810334,0.20814292132854462,0.999002993106842,0.38131439685821533
YGL090W,YML091C,0,-2.3813128,0.20809969305992126,0.999002993106842,0.38141441345214844
YLR283W,YOL140W,0,-2.3820477,0.2080564796924591,0.999002993106842,0.38151445984840393
YPR049C,YNL339C,0,-2.3822088,0.20801328122615814,0.999002993106842,0.38161447644233704
YGR124W,YPR168W,0,-2.3831902,0.20797011256217957,0.999002993106842,0.38171452283859253
YJL062W-A,YIL155C,0,-2.3833742,0.20792695879936218,0.999002993106842,0.38181453943252563
YAL020C,YNL135C,0,-2.383381,0.207883819937706,0.999002993106842,0.38191458582878113
YFL002W-A,YBR105C,0,-2.3835282,0.207840695977211,0.999002993106842,0.38201460242271423
YGR062C,YHR186C,0,-2.383894,0.2077975869178772,0.999002993106842,0.3821146488189697
YGR124W,YGL084C,0,-2.3850346,0.20775450766086578,0.999002993106842,0.38221466541290283
YER099C,YLR176C,0,-2.385035,0.20771144330501556,0.999002993106842,0.38231468200683594
YHR143W,YMR292W,0,-2.3857756,0.20766839385032654,0.999002993106842,0.38241472840309143
YHR105W,YPL281C,0,-2.3859582,0.2076253592967987,0.999002993106842,0.38251474499702454
YDR315C,YLR096W,0,-2.3862014,0.20758235454559326,0.999002993106842,0.38261479139328003
YJL143W,YGR009C,0,-2.3879428,0.20753934979438782,0.999002993106842,0.38271480798721313
YMR070W,YLR015W,0,-2.388713,0.20749637484550476,0.999002993106842,0.38281485438346863
YMR188C,YKL017C,0,-2.3899808,0.2074534147977829,0.999002993106842,0.38291487097740173
YKL164C,YML081C-A,0,-2.390873,0.20741046965122223,0.999002993106842,0.3830149173736572
YER147C,YPL092W,0,-2.3913655,0.20736755430698395,0.999002993106842,0.38311493396759033
YDR139C,YDR443C,0,-2.3918138,0.20732463896274567,0.999002993106842,0.38321495056152344
YBL024W,YOR373W,0,-2.3928099,0.20728175342082977,0.999002993106842,0.38331499695777893
YHR076W,YNL310C,0,-2.3937936,0.20723888278007507,0.999002993106842,0.38341501355171204
YNL206C,YML060W,0,-2.393972,0.20719602704048157,0.999002993106842,0.38351505994796753
YGL135W,YOR265W,0,-2.3940487,0.20715320110321045,0.999002993106842,0.38361507654190063
YBR097W,YHR117W,0,-2.3947134,0.20711037516593933,0.999002993106842,0.38371512293815613
YAL021C,YER051W,0,-2.3949804,0.2070675790309906,0.999002993106842,0.38381513953208923
YGR008C,YGR075C,0,-2.3956423,0.20702479779720306,0.999002993106842,0.3839151859283447
YLR188W,YCR040W,0,-2.3960404,0.20698203146457672,0.999002993106842,0.38401520252227783
YOR175C,YNL206C,0,-2.3968463,0.20693928003311157,0.999002993106842,0.3841152489185333
YNR020C,YNL339C,0,-2.39819,0.2068965584039688,0.999002993106842,0.38421526551246643
YGL168W,YGR194C,0,-2.3984184,0.20685383677482605,0.999002993106842,0.38431528210639954
YDR520C,YOL157C,0,-2.3987818,0.20681114494800568,0.999002993106842,0.38441532850265503
YDL030W,YDR088C,0,-2.3989334,0.2067684680223465,0.999002993106842,0.38451534509658813
YER029C,YDL190C,0,-2.3995914,0.2067258059978485,0.999002993106842,0.38461539149284363
YOR389W,YLR048W,0,-2.400742,0.2066831737756729,0.999002993106842,0.38471540808677673
YML040W,YOR356W,0,-2.401043,0.20664054155349731,0.999002993106842,0.3848154544830322
YJR098C,YGR241C,0,-2.4020042,0.2065979391336441,0.999002993106842,0.38491547107696533
YDR239C,YDR177W,0,-2.4036732,0.2065553516149521,0.999002993106842,0.3850155174732208
YOR308C,YLR126C,0,-2.4046264,0.20651277899742126,0.999002993106842,0.38511553406715393
YML070W,YLL035W,0,-2.4056287,0.20647022128105164,0.999002993106842,0.38521555066108704
YFR032C-A,YDR074W,0,-2.4057221,0.2064276933670044,0.999002993106842,0.38531559705734253
YDL166C,YDL095W,0,-2.4079752,0.20638516545295715,0.999002993106842,0.38541561365127563
YJL008C,YOR221C,0,-2.408259,0.2063426673412323,0.999002993106842,0.38551566004753113
YKL143W,YCR092C,0,-2.4084263,0.20630018413066864,0.999002993106842,0.38561567664146423
YGR104C,YBR033W,0,-2.408668,0.20625771582126617,0.999002993106842,0.3857157230377197
YDR363W-A,YMR224C,0,-2.4089394,0.2062152773141861,0.999002993106842,0.38581573963165283
YLR459W,YAL012W,0,-2.4104304,0.20617283880710602,0.999002993106842,0.3859157860279083
YDR236C,YOR347C,0,-2.4105582,0.20613043010234833,0.999002993106842,0.38601580262184143
YDR130C,YBR012W-B,0,-2.4118056,0.20608803629875183,0.999002993106842,0.3861158490180969
YDR533C,YPL028W,0,-2.4140368,0.20604565739631653,0.999002993106842,0.38621586561203003
YLR327C,YPL153C,0,-2.4141326,0.20600329339504242,0.999002993106842,0.38631588220596313
YDL127W,YMR217W,0,-2.414134,0.2059609442949295,0.999002993106842,0.38641592860221863
YNR011C,YHR136C,0,-2.415494,0.20591862499713898,0.999002993106842,0.38651594519615173
YGR184C,YDR393W,0,-2.415873,0.20587630569934845,0.999002993106842,0.3866159915924072
YLR266C,YCL027W,0,-2.4165745,0.2058340162038803,0.999002993106842,0.38671600818634033
YOR257W,YDL138W,0,-2.4173799,0.20579174160957336,0.999002993106842,0.3868160545825958
YNL218W,YER120W,0,-2.4188547,0.2057494819164276,0.999002993106842,0.38691607117652893
YPL143W,YLR337W,0,-2.4197893,0.20570725202560425,0.999002993106842,0.3870161175727844
YNL330C,YPR041W,0,-2.4222808,0.20566502213478088,0.999002993106842,0.38711613416671753
YBL103C,YKL021C,0,-2.4226294,0.2056228220462799,0.999002993106842,0.38721615076065063
YDR334W,YOR374W,0,-2.4231567,0.20558063685894012,0.999002993106842,0.38731619715690613
YDL129W,YOR116C,0,-2.424684,0.20553846657276154,0.999002993106842,0.38741621375083923
YIR036C,YDR358W,0,-2.4246855,0.20549631118774414,0.999002993106842,0.3875162601470947
YBR164C,YLR010C,0,-2.4247828,0.20545417070388794,0.999002993106842,0.38761627674102783
YDR283C,YCR004C,0,-2.4265127,0.20541206002235413,0.999002993106842,0.3877163231372833
YMR036C,YIL172C,0,-2.4268289,0.2053699493408203,0.999002993106842,0.38781633973121643
YLR090W,YML077W,0,-2.42695,0.2053278684616089,0.999002993106842,0.3879163861274719
YGL229C,YBR160W,0,-2.4269576,0.20528580248355865,0.999002993106842,0.38801640272140503
YPL106C,YML070W,0,-2.4280138,0.20524375140666962,0.999002993106842,0.3881164491176605
YNR016C,YKR050W,0,-2.4285703,0.20520171523094177,0.999002993106842,0.38821646571159363
YDR347W,YDL080C,0,-2.429583,0.20515970885753632,0.999002993106842,0.38831648230552673
YDR448W,YOL149W,0,-2.43021,0.20511770248413086,0.999002993106842,0.3884165287017822
YDL065C,YJL008C,0,-2.430921,0.2050757259130478,0.999002993106842,0.38851654529571533
YDL030W,YDR529C,0,-2.4312587,0.20503376424312592,0.999002993106842,0.3886165916919708
YOL072W,YOR150W,0,-2.432177,0.20499181747436523,0.999002993106842,0.38871660828590393
YOL156W,YPR047W,0,-2.432222,0.20494988560676575,0.999002993106842,0.3888166546821594
YCR004C,YJL121C,0,-2.4330988,0.20490796864032745,0.999002993106842,0.38891667127609253
YHR067W,YOL092W,0,-2.4334784,0.20486608147621155,0.999002993106842,0.389016717672348
YGR106C,YNL217W,0,-2.4341826,0.20482420921325684,0.999002993106842,0.38911673426628113
YJL062W-A,YER020W,0,-2.434414,0.20478233695030212,0.999002993106842,0.38921675086021423
YJR045C,YDR031W,0,-2.435728,0.2047404944896698,0.999002993106842,0.3893167972564697
YOR120W,YPL048W,0,-2.437242,0.20469866693019867,0.999002993106842,0.38941681385040283
YDL166C,YAL034W-A,0,-2.4375014,0.20465686917304993,0.999002993106842,0.3895168602466583
YOR175C,YPL144W,0,-2.4381795,0.20461507141590118,0.999002993106842,0.38961687684059143
YDR265W,YKL212W,0,-2.4396877,0.20457328855991364,0.999002993106842,0.3897169232368469
YLR086W,YOR014W,0,-2.4399843,0.20453153550624847,0.999002993106842,0.38981693983078003
YJR075W,YPL068C,0,-2.441423,0.2044897973537445,0.999002993106842,0.3899169862270355
YJR097W,YDR116C,0,-2.4419065,0.20444807410240173,0.999002993106842,0.39001700282096863
YDR363W-A,YJR135W-A,0,-2.4422727,0.20440636575222015,0.999002993106842,0.3901170492172241
YBR012W-A,YIR037W,0,-2.4436007,0.20436467230319977,0.999002993106842,0.3902170658111572
YMR166C,YGL227W,0,-2.4440122,0.20432300865650177,0.999002993106842,0.39031708240509033
YHR025W,YNL227C,0,-2.444633,0.20428134500980377,0.999002993106842,0.3904171288013458
YIL172C,YOR116C,0,-2.4449592,0.20423971116542816,0.999002993106842,0.39051714539527893
YGL168W,YOR039W,0,-2.4451041,0.20419807732105255,0.999002993106842,0.3906171917915344
YGL128C,YJL046W,0,-2.4455757,0.20415647327899933,0.999002993106842,0.39071720838546753
YJR025C,YMR122W-A,0,-2.446961,0.2041148841381073,0.999002993106842,0.390817254781723
YIL136W,YOL109W,0,-2.4469838,0.20407332479953766,0.999002993106842,0.39091727137565613
YLR438C-A,YPL033C,0,-2.4471116,0.20403176546096802,0.999002993106842,0.3910173177719116
YML095C,YOR233W,0,-2.4476933,0.20399022102355957,0.999002993106842,0.3911173343658447
YNL191W,YKL198C,0,-2.4478545,0.2039487063884735,0.999002993106842,0.39121735095977783
YOR201C,YJR001W,0,-2.450797,0.20390720665454865,0.999002993106842,0.3913173973560333
YAR015W,YER161C,0,-2.4508872,0.20386572182178497,0.999002993106842,0.39141741394996643
YDR322W,YNL098C,0,-2.451294,0.2038242518901825,0.999002993106842,0.3915174603462219
YML027W,YJL033W,0,-2.4517841,0.2037827968597412,0.999002993106842,0.39161747694015503
YMR217W,YER020W,0,-2.4518743,0.20374135673046112,0.999002993106842,0.3917175233364105
YIL125W,YJR058C,0,-2.4519792,0.20369994640350342,0.999002993106842,0.39181753993034363
YMR042W,YNL325C,0,-2.4529986,0.20365853607654572,0.999002993106842,0.3919175863265991
YNR027W,YOR332W,0,-2.453723,0.2036171555519104,0.999002993106842,0.3920176029205322
YDR265W,YKR050W,0,-2.4540215,0.20357577502727509,0.999002993106842,0.3921176493167877
YNL049C,YIL126W,0,-2.4543762,0.20353442430496216,0.999002993106842,0.3922176659107208
YAR015W,YHR160C,0,-2.4545994,0.20349308848381042,0.999002993106842,0.39231768250465393
YBL017C,YMR042W,0,-2.4560056,0.20345178246498108,0.999002993106842,0.3924177289009094
YDR363W-A,YGL227W,0,-2.456202,0.20341047644615173,0.999002993106842,0.39251774549484253
YNL206C,YOR131C,0,-2.457368,0.20336918532848358,0.999002993106842,0.392617791891098
YPL226W,YIR015W,0,-2.4574146,0.20332792401313782,0.999002993106842,0.39271780848503113
YOR389W,YDR534C,0,-2.4577112,0.20328667759895325,0.999002993106842,0.3928178548812866
YMR201C,YJL133W,0,-2.4584136,0.20324543118476868,0.999002993106842,0.3929178714752197
YAR015W,YDL141W,0,-2.4589024,0.2032042145729065,0.999002993106842,0.3930179178714752
YDR456W,YLR287C-A,0,-2.459087,0.2031630128622055,0.999002993106842,0.3931179344654083
YOL092W,YJL221C,0,-2.4596982,0.2031218260526657,0.999002993106842,0.39321795105934143
YGL206C,YBR289W,0,-2.4601583,0.2030806690454483,0.999002993106842,0.3933179974555969
YAL023C,YLR134W,0,-2.4610853,0.2030395120382309,0.999002993106842,0.39341801404953003
YER099C,YLR100W,0,-2.4613914,0.20299838483333588,0.999002993106842,0.3935180604457855
YBR264C,YJL153C,0,-2.4628215,0.20295725762844086,0.999002993106842,0.39361807703971863
YMR043W,YOL140W,0,-2.462976,0.20291616022586823,0.999002993106842,0.3937181234359741
YER029C,YLR192C,0,-2.4636908,0.2028750777244568,0.999002993106842,0.3938181400299072
YDL137W,YNL166C,0,-2.4642162,0.20283401012420654,0.999002993106842,0.3939181864261627
YPR073C,YLL035W,0,-2.4644341,0.2027929574251175,0.999002993106842,0.3940182030200958
YER091C,YPR096C,0,-2.4652643,0.20275191962718964,0.999002993106842,0.3941182494163513
YER148W,YLR327C,0,-2.465623,0.20271091163158417,0.999002993106842,0.3942182660102844
YBL103C,YDR060W,0,-2.466249,0.2026699036359787,0.999002993106842,0.39431828260421753
YER091C,YPL103C,0,-2.468143,0.20262892544269562,0.999002993106842,0.394418329000473
YDR071C,YJR059W,0,-2.4681911,0.20258794724941254,0.999002993106842,0.39451834559440613
YBL039C,YKL109W,0,-2.468823,0.20254699885845184,0.999002993106842,0.3946183919906616
YJL153C,YFR008W,0,-2.4689717,0.20250606536865234,0.999002993106842,0.3947184085845947
YJR009C,YJL101C,0,-2.470749,0.20246514678001404,0.999002993106842,0.3948184549808502
YGR086C,YLR433C,0,-2.4712496,0.20242424309253693,0.999002993106842,0.3949184715747833
YDL108W,YHR013C,0,-2.471743,0.202383354306221,0.999002993106842,0.3950185179710388
YBR267W,YGL161C,0,-2.47188,0.20234249532222748,0.999002993106842,0.3951185345649719
YGR006W,YBR142W,0,-2.4719577,0.20230163633823395,0.999002993106842,0.39521855115890503
YDR531W,YDR118W,0,-2.4724655,0.2022607922554016,0.999002993106842,0.3953185975551605
YBL078C,YAL010C,0,-2.4727654,0.20221997797489166,0.999002993106842,0.39541861414909363
YLR396C,YDL033C,0,-2.473658,0.2021791785955429,0.999002993106842,0.3955186605453491
YPL068C,YLR381W,0,-2.4740634,0.20213839411735535,0.999002993106842,0.3956186771392822
YNL311C,YJL129C,0,-2.4744844,0.20209762454032898,0.999002993106842,0.3957187235355377
YCL055W,YCR040W,0,-2.4745483,0.2020568698644638,0.999002993106842,0.3958187401294708
YKL059C,YBR164C,0,-2.4761086,0.20201613008975983,0.999002993106842,0.3959187865257263
YJL102W,YGR279C,0,-2.4761825,0.20197540521621704,0.999002993106842,0.3960188031196594
YGL035C,YML060W,0,-2.4770803,0.20193471014499664,0.999002993106842,0.3961188495159149
YDR334W,YLR381W,0,-2.4786086,0.20189401507377625,0.999002993106842,0.396218866109848
YHR064C,YNL135C,0,-2.479288,0.20185334980487823,0.999002993106842,0.39631888270378113
YDR533C,YKR009C,0,-2.4796119,0.20181268453598022,0.999002993106842,0.3964189291000366
YJR066W,YIR015W,0,-2.4796686,0.2017720490694046,0.999002993106842,0.3965189456939697
YNL077W,YHL047C,0,-2.4800425,0.20173142850399017,0.999002993106842,0.3966189920902252
YKL109W,YPR184W,0,-2.4801693,0.20169082283973694,0.999002993106842,0.3967190086841583
YMR056C,YLL038C,0,-2.4805627,0.2016502320766449,0.999002993106842,0.3968190550804138
YER048W-A,YLR158C,0,-2.4806337,0.20160965621471405,0.999002993106842,0.3969190716743469
YHR046C,YER106W,0,-2.481122,0.2015690952539444,0.999002993106842,0.3970191180706024
YDL115C,YJL190C,0,-2.4814935,0.20152856409549713,0.999002993106842,0.3971191346645355
YDR239C,YGR156W,0,-2.4822001,0.20148803293704987,0.999002993106842,0.39721915125846863
YGR184C,YDR507C,0,-2.4827127,0.201447531580925,0.999002993106842,0.3973191976547241
YML005W,YGR124W,0,-2.4831305,0.2014070302248001,0.999002993106842,0.3974192142486572
YCL063W,YER045C,0,-2.4831696,0.20136655867099762,0.999002993106842,0.3975192606449127
YKL218C,YFR015C,0,-2.483172,0.20132610201835632,0.999002993106842,0.3976192772388458
YJR016C,YAL034W-A,0,-2.4831982,0.20128566026687622,0.999002993106842,0.3977193236351013
YJL072C,YPL089C,0,-2.4840603,0.2012452334165573,0.999002993106842,0.3978193402290344
YOR257W,YDR117C,0,-2.484939,0.2012048214673996,0.999002993106842,0.3979193866252899
YIR036C,YER120W,0,-2.486001,0.20116442441940308,0.999002993106842,0.398019403219223
YDR283C,YNL217W,0,-2.486823,0.20112404227256775,0.999002993106842,0.3981194496154785
YDL166C,YDR320C,0,-2.4869013,0.2010836899280548,0.999002993106842,0.3982194662094116
YLR106C,YGR220C,1,-2.4873033,0.20124398171901703,1.0,0.3982194662094116
YPR070W,YMR022W,0,-2.4880457,0.2012036144733429,1.0,0.3983194828033447
YOR037W,YOR046C,0,-2.488748,0.20116326212882996,1.0,0.3984195291996002
YHL019C,YDR421W,0,-2.489201,0.2011229246854782,1.0,0.3985195457935333
YLR418C,YJR076C,0,-2.4903188,0.20108260214328766,1.0,0.3986195921897888
YLR142W,YBR214W,0,-2.4906635,0.2010422945022583,1.0,0.3987196087837219
YKL088W,YKR059W,0,-2.4908,0.20100200176239014,1.0,0.3988196551799774
YDR341C,YER161C,0,-2.4909306,0.20096172392368317,1.0,0.3989196717739105
YPL226W,YGR006W,0,-2.4925494,0.20092147588729858,1.0,0.399019718170166
YDR265W,YDR283C,0,-2.493554,0.200881227850914,1.0,0.3991197347640991
YBR296C,YNL135C,0,-2.4938488,0.2008410096168518,1.0,0.3992197513580322
YJL046W,YER091C,0,-2.494163,0.2008008062839508,1.0,0.3993197977542877
YBR092C,YIL026C,0,-2.494228,0.2007606029510498,1.0,0.3994198143482208
YDR510W,YOR269W,0,-2.4963303,0.2007204294204712,1.0,0.3995198607444763
YPL091W,YOL127W,0,-2.4993052,0.20068027079105377,1.0,0.3996198773384094
YOR265W,YER164W,0,-2.4996595,0.20064012706279755,1.0,0.3997199237346649
YDL185W,YDR116C,0,-2.5003614,0.20059999823570251,1.0,0.399819940328598
YAL043C,YDR402C,0,-2.5018487,0.20055988430976868,1.0,0.3999199867248535
YPL051W,YGR279C,0,-2.5034661,0.20051978528499603,1.0,0.4000200033187866
YJR001W,YPR192W,0,-2.503879,0.20047971606254578,1.0,0.4001200497150421
YOR155C,YDR012W,0,-2.5043402,0.20043964684009552,1.0,0.4002200663089752
YOR337W,YLR010C,0,-2.5053077,0.20039960741996765,1.0,0.4003200829029083
YNL158W,YDL082W,0,-2.5068736,0.20035956799983978,1.0,0.4004201292991638
YHR076W,YDR487C,0,-2.5070066,0.2003195583820343,1.0,0.4005201458930969
YJR097W,YDR320C-A,0,-2.5070314,0.20027954876422882,1.0,0.4006201922893524
YDR096W,YKL195W,0,-2.5077853,0.20023956894874573,1.0,0.4007202088832855
YJR045C,YBR185C,0,-2.5085568,0.20019960403442383,1.0,0.400820255279541
YLR283W,YDL144C,0,-2.5089445,0.20015965402126312,1.0,0.4009202718734741
YNL331C,YER174C,0,-2.5092025,0.2001197189092636,1.0,0.4010203182697296
YLR343W,YCR028C,0,-2.509266,0.2000797986984253,1.0,0.4011203348636627
YNL210W,YPL231W,0,-2.5093637,0.20003989338874817,1.0,0.4012203514575958
YLR201C,YOL018C,0,-2.5094337,0.20000000298023224,1.0,0.4013203978538513
YDL210W,YOR116C,0,-2.509882,0.1999601274728775,1.0,0.4014204144477844
YBL106C,YDR322W,0,-2.509913,0.19992026686668396,1.0,0.4015204608440399
YJR160C,YMR285C,0,-2.5111856,0.1998804360628128,1.0,0.401620477437973
YPL148C,YFR007W,0,-2.5111957,0.19984060525894165,1.0,0.4017205238342285
YJR015W,YOR061W,0,-2.5115728,0.19980080425739288,1.0,0.4018205404281616
YDR315C,YDR520C,0,-2.5120082,0.19976100325584412,1.0,0.4019205868244171
YMR026C,YER164W,0,-2.5120335,0.19972123205661774,1.0,0.4020206034183502
YML129C,YHR153C,0,-2.5122228,0.19968146085739136,1.0,0.4021206498146057
YER091C,YPR122W,0,-2.5128589,0.19964171946048737,1.0,0.4022206664085388
YDR424C,YHR117W,0,-2.5133152,0.19960199296474457,1.0,0.4023206830024719
YER120W,YJR135W-A,0,-2.5135493,0.19956228137016296,1.0,0.4024207293987274
YMR043W,YKR050W,0,-2.513667,0.19952258467674255,1.0,0.4025207459926605
YBL093C,YKL218C,0,-2.5164347,0.19948290288448334,1.0,0.402620792388916
YER147C,YNR040W,0,-2.5166955,0.19944323599338531,1.0,0.4027208089828491
YGL089C,YFL041W,0,-2.5176692,0.1994035840034485,1.0,0.4028208553791046
YMR281W,YDL060W,0,-2.5184155,0.19936394691467285,1.0,0.4029208719730377
YNL330C,YNL091W,0,-2.5194864,0.1993243247270584,1.0,0.4030209183692932
YNL218W,YBR166C,0,-2.5196953,0.19928471744060516,1.0,0.4031209349632263
YNL206C,YDL067C,0,-2.519856,0.1992451399564743,1.0,0.4032209515571594
YJR110W,YDL101C,0,-2.5199437,0.19920556247234344,1.0,0.4033209979534149
YAL043C,YER030W,0,-2.5221272,0.19916599988937378,1.0,0.403421014547348
YAL043C,YOR070C,0,-2.523127,0.1991264671087265,1.0,0.4035210609436035
YER095W,YBL017C,0,-2.5241876,0.19908693432807922,1.0,0.4036210775375366
YLR396C,YPL068C,0,-2.5249305,0.19904743134975433,1.0,0.4037211239337921
YNL289W,YER106W,0,-2.5253797,0.19900794327259064,1.0,0.4038211405277252
YOR080W,YGL157W,0,-2.5254402,0.19896845519542694,1.0,0.4039211869239807
YNL291C,YCL050C,0,-2.5259304,0.19892899692058563,1.0,0.4040212035179138
YBL024W,YJL158C,0,-2.5261312,0.19888955354690552,1.0,0.4041212499141693
YDL166C,YDR283C,0,-2.5261474,0.1988501250743866,1.0,0.4042212665081024
YNL086W,YML091C,0,-2.526544,0.19881069660186768,1.0,0.4043212831020355
YIR036C,YDR055W,0,-2.5266023,0.19877129793167114,1.0,0.404421329498291
YDR013W,YJL221C,0,-2.5284138,0.1987319141626358,1.0,0.4045213460922241
YJR110W,YDR478W,0,-2.5287032,0.19869254529476166,1.0,0.4046213924884796
YIL150C,YHR153C,0,-2.5289655,0.1986531913280487,1.0,0.4047214090824127
YLR040C,YNL191W,0,-2.530067,0.19861386716365814,1.0,0.4048214554786682
YNL331C,YBR214W,0,-2.530437,0.19857454299926758,1.0,0.4049214720726013
YJR139C,YNL217W,0,-2.5305114,0.1985352337360382,1.0,0.4050215184688568
YKL059C,YKL017C,0,-2.5309615,0.19849593937397003,1.0,0.4051215350627899
YPL022W,YJL090C,0,-2.5323563,0.19845667481422424,1.0,0.405221551656723
YJL157C,YPL121C,0,-2.5324526,0.19841741025447845,1.0,0.4053215980529785
YER091C,YKL116C,0,-2.5326047,0.19837816059589386,1.0,0.4054216146469116
YLR188W,YIL138C,0,-2.5326633,0.19833894073963165,1.0,0.4055216610431671
YGL210W,YDL130W-A,0,-2.5328665,0.19829972088336945,1.0,0.4056216776371002
YLL009C,YKL042W,0,-2.5333266,0.19826053082942963,1.0,0.4057217240333557
YML012W,YDL143W,0,-2.5340247,0.1982213407754898,1.0,0.4058217406272888
YBR082C,YBR058C,0,-2.5341387,0.19818218052387238,1.0,0.4059217870235443
YMR282C,YCL063W,0,-2.5356202,0.19814302027225494,1.0,0.4060218036174774
YJR135C,YDL184C,0,-2.5361853,0.1981038898229599,1.0,0.4061218500137329
YJL165C,YBL010C,0,-2.5367808,0.19806477427482605,1.0,0.406221866607666
YGR006W,YHR010W,0,-2.5382414,0.1980256736278534,1.0,0.4063218832015991
YGL161C,YOL120C,0,-2.5395765,0.19798657298088074,1.0,0.4064219295978546
YPL174C,YLR357W,0,-2.540019,0.19794750213623047,1.0,0.4065219461917877
YLL009C,YNL128W,0,-2.5400934,0.1979084461927414,1.0,0.4066219925880432
YIL160C,YER030W,0,-2.5405016,0.1978694051504135,1.0,0.4067220091819763
YIL051C,YNL119W,0,-2.5407495,0.19783037900924683,1.0,0.4068220555782318
YER133W,YPL281C,0,-2.5446768,0.19779136776924133,1.0,0.4069220721721649
YHR046C,YBL020W,0,-2.5457067,0.19775237143039703,1.0,0.4070221185684204
YDR347W,YIL034C,0,-2.546955,0.19771338999271393,1.0,0.4071221351623535
YOR061W,YER053C,0,-2.5477629,0.19767442345619202,1.0,0.4072221517562866
YKR038C,YFR007W,0,-2.5478373,0.1976354718208313,1.0,0.4073221981525421
YPL085W,YBR164C,0,-2.5486178,0.19759653508663177,1.0,0.4074222147464752
YKR062W,YDR236C,0,-2.5491872,0.19755761325359344,1.0,0.4075222611427307
YDL120W,YHR136C,0,-2.549625,0.1975187063217163,1.0,0.4076222777366638
YCR072C,YGL095C,0,-2.5500355,0.19747981429100037,1.0,0.4077223241329193
YBR237W,YOR067C,0,-2.550736,0.1974409520626068,1.0,0.4078223407268524
YIL051C,YPR054W,0,-2.550918,0.19740208983421326,1.0,0.4079223871231079
YLR238W,YMR042W,0,-2.5510592,0.1973632425069809,1.0,0.408022403717041
YHR031C,YDL130W-A,0,-2.5510874,0.19732441008090973,1.0,0.4081224501132965
YKL088W,YGR286C,0,-2.5526,0.19728560745716095,1.0,0.4082224667072296
YMR043W,YLR139C,0,-2.5529456,0.19724680483341217,1.0,0.4083224833011627
YGL089C,YJL198W,0,-2.5529966,0.19720801711082458,1.0,0.4084225296974182
YPL271W,YML085C,0,-2.5534854,0.1971692591905594,1.0,0.4085225462913513
YGL206C,YDL030W,0,-2.5537543,0.1971305012702942,1.0,0.4086225926876068
YER061C,YER091C,0,-2.5544033,0.19709177315235138,1.0,0.4087226092815399
YMR198W,YNL149C,0,-2.5547838,0.19705304503440857,1.0,0.4088226556777954
YJR121W,YDR065W,0,-2.555655,0.19701433181762695,1.0,0.4089226722717285
YOL067C,YNL046W,0,-2.555787,0.19697564840316772,1.0,0.409022718667984
YLR450W,YML048W,0,-2.5559072,0.1969369649887085,1.0,0.4091227352619171
YDL137W,YKR037C,0,-2.5564976,0.19689831137657166,1.0,0.4092227816581726
YKR038C,YJR076C,0,-2.5566163,0.196859672665596,1.0,0.4093227982521057
YHR025W,YPL269W,0,-2.5573378,0.19682103395462036,1.0,0.4094228148460388
YLR170C,YLR238W,0,-2.557611,0.1967824250459671,1.0,0.4095228612422943
YBL030C,YKR050W,0,-2.5593324,0.19674381613731384,1.0,0.4096228778362274
YJR059W,YGR001C,0,-2.5610375,0.19670523703098297,1.0,0.4097229242324829
YEL059C-A,YJL125C,0,-2.561996,0.1966666728258133,1.0,0.409822940826416
YDR279W,YNR047W,0,-2.5637155,0.19662810862064362,1.0,0.4099229872226715
YGL136C,YDR283C,0,-2.565537,0.19658957421779633,1.0,0.4100230038166046
YIL009C-A,YPL155C,0,-2.5663123,0.19655105471611023,1.0,0.4101230502128601
YLR126C,YLR246W,0,-2.5684195,0.19651253521442413,1.0,0.4102230668067932
YLR438C-A,YPL186C,0,-2.5689816,0.19647404551506042,1.0,0.4103230834007263
YDR443C,YPL160W,0,-2.56914,0.1964355707168579,1.0,0.4104231297969818
YER087C-A,YDR421W,0,-2.5696678,0.1963970959186554,1.0,0.4105231463909149
YPL258C,YKL021C,0,-2.5702186,0.19635865092277527,1.0,0.4106231927871704
YMR042W,YOR217W,0,-2.5710611,0.19632022082805634,1.0,0.4107232093811035
YIR037W,YOR244W,0,-2.5712557,0.1962818056344986,1.0,0.410823255777359
YDL144C,YIL026C,0,-2.5714922,0.19624339044094086,1.0,0.4109232723712921
YJL062W-A,YOL072W,0,-2.5717554,0.1962050050497055,1.0,0.4110233187675476
YGR058W,YKR030W,0,-2.5730047,0.19616663455963135,1.0,0.4111233353614807
YMR188C,YNR050C,0,-2.5730467,0.19612827897071838,1.0,0.4112233817577362
YOR179C,YOR240W,0,-2.5738487,0.1960899382829666,1.0,0.4113233983516693
YGR008C,YCL075W,0,-2.5741868,0.19605159759521484,1.0,0.4114234149456024
YML129C,YIL150C,0,-2.57509,0.19601328670978546,1.0,0.4115234613418579
YJR060W,YGR156W,0,-2.5759196,0.19597499072551727,1.0,0.411623477935791
YJR025C,YNL128W,0,-2.576726,0.19593670964241028,1.0,0.4117235243320465
YKL173W,YJR135W-A,0,-2.577056,0.19589844346046448,1.0,0.4118235409259796
YFR041C,YAL012W,0,-2.5770712,0.19586017727851868,1.0,0.4119235873222351
YHR070W,YML088W,0,-2.578137,0.19582194089889526,1.0,0.4120236039161682
YNR008W,YNL191W,0,-2.5785565,0.19578371942043304,1.0,0.4121236503124237
YEL038W,YMR171C,0,-2.578864,0.19574551284313202,1.0,0.4122236669063568
YLR238W,YDL033C,0,-2.578865,0.1957073211669922,1.0,0.4123236835002899
YHR105W,YAR018C,0,-2.5794115,0.19566914439201355,1.0,0.4124237298965454
YJL157C,YOR075W,0,-2.5795178,0.1956309676170349,1.0,0.4125237464904785
YIL039W,YNL244C,0,-2.5802298,0.19559282064437866,1.0,0.412623792886734
YJR097W,YGR286C,0,-2.5818205,0.1955546885728836,1.0,0.4127238094806671
YJL090C,YDR158W,0,-2.5833821,0.19551657140254974,1.0,0.4128238558769226
YDR503C,YDR252W,0,-2.5834255,0.19547846913337708,1.0,0.4129238724708557
YER091C,YAL062W,0,-2.5834413,0.1954403668642044,1.0,0.4130239188671112
YKL140W,YEL017C-A,0,-2.583466,0.19540229439735413,1.0,0.4131239354610443
YDR341C,YOL007C,0,-2.584231,0.19536423683166504,1.0,0.4132239818572998
YMR070W,YDR330W,0,-2.5850163,0.19532619416713715,1.0,0.4133239984512329
YBR296C,YCL050C,0,-2.58533,0.19528816640377045,1.0,0.413424015045166
YNR027W,YOR046C,0,-2.5858645,0.19525013864040375,1.0,0.4135240614414215
YLR419W,YPL123C,0,-2.5879235,0.19521214067935944,1.0,0.4136240780353546
YLR419W,YDR103W,0,-2.5913396,0.19517415761947632,1.0,0.4137241244316101
YMR016C,YCL061C,0,-2.5915012,0.1951361894607544,1.0,0.4138241410255432
YAR018C,YJL148W,0,-2.5915422,0.19509823620319366,1.0,0.4139241874217987
YNR011C,YDR197W,0,-2.591579,0.19506028294563293,1.0,0.4140242040157318
YOL005C,YPR036W,0,-2.5920486,0.1950223594903946,1.0,0.4141242504119873
YHL032C,YMR045C,0,-2.5942783,0.19498445093631744,1.0,0.4142242670059204
YOL067C,YHR129C,0,-2.5948014,0.1949465572834015,1.0,0.4143242835998535
YOR179C,YER020W,0,-2.5952816,0.19490866363048553,1.0,0.414424329996109
YJL143W,YOL064C,0,-2.5958219,0.19487079977989197,1.0,0.4145243465900421
YDR347W,YML125C,0,-2.59658,0.1948329508304596,1.0,0.4146243929862976
YEL021W,YNL310C,0,-2.598548,0.19479510188102722,1.0,0.4147244095802307
YGL223C,YJL044C,0,-2.5989485,0.19475728273391724,1.0,0.4148244559764862
YLR100W,YDR334W,0,-2.5998855,0.19471947848796844,1.0,0.4149244725704193
YBR158W,YMR086W,0,-2.6000285,0.19468167424201965,1.0,0.4150245189666748
YLL035W,YNL115C,0,-2.6006136,0.19464389979839325,1.0,0.4151245355606079
YLR356W,YML037C,0,-2.6008544,0.19460612535476685,1.0,0.4152245819568634
YCR096C,YGR116W,0,-2.6011114,0.19456838071346283,1.0,0.4153245985507965
YHR039C-B,YLR327C,0,-2.601503,0.19453065097332,1.0,0.4154246151447296
YGL178W,YPL123C,0,-2.6022148,0.19449292123317719,1.0,0.4155246615409851
YDL190C,YML077W,0,-2.6032577,0.19445522129535675,1.0,0.4156246781349182
YJL157C,YFL004W,0,-2.6041927,0.19441752135753632,1.0,0.4157247245311737
YGR054W,YOR150W,0,-2.6042309,0.19437985122203827,1.0,0.4158247411251068
YOR175C,YDR510W,0,-2.6046095,0.19434218108654022,1.0,0.4159247875213623
YDR248C,YEL016C,0,-2.6046257,0.19430452585220337,1.0,0.4160248041152954
YNR027W,YMR224C,0,-2.604714,0.1942669004201889,1.0,0.4161248505115509
YPL106C,YGR154C,0,-2.6048107,0.19422927498817444,1.0,0.416224867105484
YOR386W,YPL048W,0,-2.6067262,0.19419167935848236,1.0,0.4163248836994171
YBR022W,YDL146W,0,-2.607123,0.19415408372879028,1.0,0.4164249300956726
YEL059C-A,YDR443C,0,-2.6078343,0.1941165030002594,1.0,0.4165249466896057
YPL177C,YNR001C,0,-2.6085057,0.1940789520740509,1.0,0.4166249930858612
YMR256C,YDR252W,0,-2.60854,0.1940414011478424,1.0,0.4167250096797943
YNL310C,YDR313C,0,-2.6087885,0.1940038651227951,1.0,0.4168250560760498
YDL051W,YOR070C,0,-2.6110458,0.193966343998909,1.0,0.4169250726699829
YNL212W,YHR136C,0,-2.6116543,0.19392885267734528,1.0,0.4170251190662384
YMR201C,YDL056W,0,-2.6125555,0.19389136135578156,1.0,0.4171251356601715
YNR008W,YDL190C,0,-2.6125803,0.19385388493537903,1.0,0.417225182056427
YBR245C,YGR234W,0,-2.6127062,0.1938164234161377,1.0,0.4173251986503601
YNL086W,YHR092C,0,-2.6128397,0.19377897679805756,1.0,0.4174252152442932
YFL002W-A,YGL251C,0,-2.6132631,0.1937415450811386,1.0,0.4175252616405487
YML074C,YMR045C,0,-2.6134052,0.19370412826538086,1.0,0.4176252782344818
YML005W,YLR010C,0,-2.6135077,0.1936667263507843,1.0,0.4177253246307373
YBL064C,YLR158C,0,-2.6140285,0.19362933933734894,1.0,0.4178253412246704
YJR097W,YPL089C,0,-2.615384,0.19359196722507477,1.0,0.4179253876209259
YLR343W,YPL017C,0,-2.6166425,0.1935546100139618,1.0,0.418025404214859
YML027W,YGR086C,0,-2.617144,0.19351726770401,1.0,0.4181254506111145
YDL164C,YFR008W,0,-2.6177735,0.19347994029521942,1.0,0.4182254672050476
YOL067C,YMR023C,0,-2.618545,0.19344262778759003,1.0,0.4183254837989807
YAL020C,YJL133W,0,-2.6188192,0.19340531527996063,1.0,0.4184255301952362
YER131W,YMR004W,0,-2.6203961,0.19336803257465363,1.0,0.4185255467891693
YLR286C,YDR116C,0,-2.6208243,0.1933307647705078,1.0,0.4186255931854248
YDR224C,YDR436W,0,-2.6209893,0.1932935118675232,1.0,0.4187256097793579
YKR030W,YHL016C,0,-2.6212149,0.19325625896453857,1.0,0.4188256561756134
YER027C,YKR097W,0,-2.6217809,0.19321903586387634,1.0,0.4189256727695465
YGL021W,YDR486C,0,-2.6218567,0.1931818127632141,1.0,0.419025719165802
YOR315W,YCL066W,0,-2.6222258,0.19314461946487427,1.0,0.4191257357597351
YDL067C,YER030W,0,-2.6226783,0.19310742616653442,1.0,0.4192257821559906
YHR160C,YAL025C,0,-2.6234035,0.19307026267051697,1.0,0.4193257987499237
YKR094C,YBR105C,0,-2.6238418,0.1930330991744995,1.0,0.4194258153438568
YMR042W,YDR318W,0,-2.6245656,0.19299596548080444,1.0,0.4195258617401123
YJR110W,YDL108W,0,-2.6247659,0.19295883178710938,1.0,0.4196258783340454
YMR264W,YBR231C,0,-2.625134,0.1929217129945755,1.0,0.4197259247303009
YDR279W,YLR078C,0,-2.6277885,0.19288460910320282,1.0,0.419825941324234
YNL185C,YHR184W,0,-2.6283593,0.19284753501415253,1.0,0.4199259877204895
YJL158C,YNL007C,0,-2.6289825,0.19281046092510223,1.0,0.4200260043144226
YIL145C,YNR041C,0,-2.629066,0.19277340173721313,1.0,0.4201260507106781
YML104C,YNL061W,0,-2.632691,0.19273635745048523,1.0,0.4202260673046112
YKR062W,YLR127C,0,-2.6327505,0.19269932806491852,1.0,0.4203260838985443
YCR072C,YER161C,0,-2.6334147,0.192662313580513,1.0,0.4204261302947998
YLR048W,YCR010C,0,-2.6336818,0.19262531399726868,1.0,0.4205261468887329
YLR283W,YLL038C,0,-2.6345491,0.19258832931518555,1.0,0.4206261932849884
YNR027W,YGL229C,0,-2.6353598,0.1925513595342636,1.0,0.4207262098789215
YDR283C,YDL030W,0,-2.6355247,0.19251438975334167,1.0,0.420826256275177
YNR070W,YLR318W,0,-2.6355562,0.19247744977474213,1.0,0.4209262728691101
YDL192W,YKR050W,0,-2.6360264,0.19244052469730377,1.0,0.4210263192653656
YDR326C,YCL031C,0,-2.636312,0.19240359961986542,1.0,0.4211263358592987
YDR334W,YHR117W,0,-2.6363993,0.19236670434474945,1.0,0.4212263822555542
YOL147C,YFL037W,0,-2.6366882,0.19232982397079468,1.0,0.4213263988494873
YNL218W,YIR017C,0,-2.6378484,0.1922929435968399,1.0,0.4214264154434204
YMR080C,YLR097C,0,-2.638245,0.19225609302520752,1.0,0.4215264618396759
YIR017C,YEL058W,0,-2.63843,0.19221924245357513,1.0,0.421626478433609
YGL213C,YIL124W,0,-2.6386085,0.19218240678310394,1.0,0.4217265248298645
YGL136C,YDR329C,0,-2.639864,0.19214560091495514,1.0,0.4218265414237976
YOR182C,YML037C,0,-2.639926,0.19210879504680634,1.0,0.4219265878200531
YNL086W,YPL038W,0,-2.6413436,0.19207200407981873,1.0,0.4220266044139862
YER087C-A,YER045C,0,-2.64156,0.1920352280139923,1.0,0.4221266508102417
YKL021C,YDR054C,0,-2.6420622,0.1919984668493271,1.0,0.4222266674041748
YHL024W,YDR060W,0,-2.642342,0.19196172058582306,1.0,0.4223266839981079
YDR139C,YLR176C,0,-2.6423593,0.19192498922348022,1.0,0.4224267303943634
YDR425W,YGL135W,0,-2.6431131,0.19188827276229858,1.0,0.4225267469882965
YOR182C,YPL159C,0,-2.6433454,0.19185157120227814,1.0,0.422626793384552
YAL041W,YLL009C,0,-2.6434236,0.19181488454341888,1.0,0.4227268099784851
YIL093C,YIL115C,0,-2.6434946,0.19177819788455963,1.0,0.4228268563747406
YBL057C,YER106W,0,-2.6439404,0.19174154102802277,1.0,0.4229268729686737
YHR046C,YDR356W,0,-2.6443148,0.1917048990726471,1.0,0.4230269193649292
YDL229W,YHR167W,0,-2.6448364,0.19166825711727142,1.0,0.4231269359588623
YDR440W,YER089C,0,-2.645074,0.19163164496421814,1.0,0.4232269823551178
YIL172C,YNL159C,0,-2.6456695,0.19159503281116486,1.0,0.4233269989490509
YDL229W,YOR386W,0,-2.6470437,0.19155843555927277,1.0,0.423427015542984
YNL330C,YJR065C,0,-2.6472301,0.19152186810970306,1.0,0.4235270619392395
YMR287C,YNL191W,0,-2.6473475,0.19148530066013336,1.0,0.4236270785331726
YFR008W,YBR122C,0,-2.64752,0.19144874811172485,1.0,0.4237271249294281
YEL054C,YIR023W,0,-2.6482182,0.19141221046447754,1.0,0.4238271415233612
YHR025W,YGR194C,0,-2.6483116,0.19137568771839142,1.0,0.4239271879196167
YCR077C,YGL084C,0,-2.6488194,0.1913391798734665,1.0,0.4240272045135498
YPL194W,YNR040W,0,-2.6489701,0.19130268692970276,1.0,0.4241272509098053
YMR289W,YBL055C,0,-2.650292,0.19126620888710022,1.0,0.4242272675037384
YLR142W,YNL128W,0,-2.650333,0.19122974574565887,1.0,0.4243272840976715
YKL154W,YJR016C,0,-2.6507177,0.19119329750537872,1.0,0.424427330493927
YJR065C,YNR047W,0,-2.651609,0.19115684926509857,1.0,0.4245273470878601
YLR188W,YNL146W,0,-2.6524878,0.1911204308271408,1.0,0.4246273934841156
YDL080C,YLR078C,0,-2.6529045,0.19108401238918304,1.0,0.4247274100780487
YDR236C,YJR134C,0,-2.6531973,0.19104762375354767,1.0,0.4248274564743042
YKL088W,YNL306W,0,-2.653267,0.1910112351179123,1.0,0.4249274730682373
YLR448W,YFL041W,0,-2.6533742,0.1909748613834381,1.0,0.4250275194644928
YKL178C,YDR402C,0,-2.6537285,0.19093851745128632,1.0,0.4251275360584259
YJR025C,YPR192W,0,-2.6537871,0.19090217351913452,1.0,0.4252275824546814
YMR211W,YCR092C,0,-2.6539526,0.19086584448814392,1.0,0.4253275990486145
YHL036W,YKL164C,0,-2.65452,0.19082953035831451,1.0,0.4254276156425476
YDR479C,YAL025C,0,-2.6546726,0.1907932311296463,1.0,0.4255276620388031
YJL158C,YDL109C,0,-2.654674,0.19075694680213928,1.0,0.4256276786327362
YNL086W,YMR045C,0,-2.655456,0.19072066247463226,1.0,0.4257277250289917
YIL109C,YNL325C,0,-2.6558647,0.19068440794944763,1.0,0.4258277416229248
YBR055C,YIL124W,0,-2.6559725,0.1906481683254242,1.0,0.4259277880191803
YLR214W,YBR030W,0,-2.6561298,0.19061192870140076,1.0,0.4260278046131134
YDL144C,YDR510W,0,-2.6590972,0.1905757188796997,1.0,0.4261278510093689
YML005W,YOL071W,0,-2.6606865,0.19053950905799866,1.0,0.426227867603302
YDR329C,YAR018C,0,-2.6608744,0.19050332903862,1.0,0.4263278841972351
YML077W,YHR039C-B,0,-2.661151,0.19046714901924133,1.0,0.4264279305934906
YGR088W,YGR159C,0,-2.6626468,0.19043098390102386,1.0,0.4265279471874237
YER095W,YMR056C,0,-2.6628094,0.1903948336839676,1.0,0.4266279935836792
YHR013C,YGL059W,0,-2.663433,0.1903586983680725,1.0,0.4267280101776123
YAL043C,YIL113W,0,-2.6637678,0.19032257795333862,1.0,0.4268280565738678
YHR021C,YBR205W,0,-2.666943,0.19028647243976593,1.0,0.4269280731678009
YMR128W,YMR051C,0,-2.6672559,0.19025038182735443,1.0,0.4270281195640564
YCL063W,YMR023C,0,-2.6681423,0.19021430611610413,1.0,0.4271281361579895
YJL046W,YLR433C,0,-2.6684737,0.19017823040485382,1.0,0.427228182554245
YIL084C,YPR028W,0,-2.6694489,0.1901421844959259,1.0,0.4273281991481781
YML094W,YDR074W,0,-2.6711311,0.19010613858699799,1.0,0.4274282157421112
YIL150C,YLR414C,0,-2.6713815,0.19007012248039246,1.0,0.4275282621383667
YMR307W,YLR078C,0,-2.6714845,0.19003410637378693,1.0,0.4276282787322998
YLR459W,YOR066W,0,-2.6727734,0.1899981051683426,1.0,0.4277283251285553
YKL108W,YOR332W,0,-2.6738687,0.18996211886405945,1.0,0.4278283417224884
YEL050C,YNL135C,0,-2.6739402,0.1899261474609375,1.0,0.4279283881187439
YDR424C,YDL115C,0,-2.6740751,0.18989019095897675,1.0,0.428028404712677
YHR031C,YDL033C,0,-2.6752777,0.18985424935817719,1.0,0.4281284511089325
YLR427W,YOR242C,0,-2.6756272,0.18981832265853882,1.0,0.4282284677028656
YBL020W,YML088W,0,-2.6762366,0.18978239595890045,1.0,0.4283284842967987
YOL156W,YNL248C,0,-2.6772614,0.18974649906158447,1.0,0.4284285306930542
YDR495C,YDR447C,0,-2.6779394,0.1897106170654297,1.0,0.4285285472869873
YDL195W,YNL191W,0,-2.6787462,0.1896747350692749,1.0,0.4286285936832428
YLR373C,YBR264C,0,-2.6793232,0.1896388679742813,1.0,0.4287286102771759
YDR253C,YJL072C,0,-2.6797886,0.1896030306816101,1.0,0.4288286566734314
YKR037C,YDR239C,0,-2.6799035,0.1895671933889389,1.0,0.4289286732673645
YML005W,YPL103C,0,-2.680326,0.1895313709974289,1.0,0.42902871966362
YIL078W,YKL198C,0,-2.6803517,0.18949556350708008,1.0,0.4291287362575531
YDR052C,YCR037C,0,-2.6807604,0.18945977091789246,1.0,0.4292287826538086
YHL008C,YBR084W,0,-2.6807947,0.18942397832870483,1.0,0.4293287992477417
YGL211W,YMR224C,0,-2.6808133,0.1893882155418396,1.0,0.4294288158416748
YLR364W,YEL013W,0,-2.6821003,0.18935246765613556,1.0,0.4295288622379303
YLR127C,YML115C,0,-2.6833882,0.18931671977043152,1.0,0.4296288788318634
YOL109W,YGL084C,0,-2.6838508,0.18928100168704987,1.0,0.4297289252281189
YDR071C,YNR016C,0,-2.685032,0.1892452836036682,1.0,0.429828941822052
YML113W,YOR057W,0,-2.6862273,0.18920958042144775,1.0,0.4299289882183075
YBR082C,YCL069W,0,-2.686751,0.1891738921403885,1.0,0.4300290048122406
YOR348C,YHL008C,0,-2.687624,0.18913821876049042,1.0,0.4301290512084961
YGR292W,YLR147C,0,-2.6895914,0.18910256028175354,1.0,0.4302290678024292
YOR278W,YMR292W,0,-2.6900964,0.18906691670417786,1.0,0.4303290843963623
YBR160W,YPR028W,0,-2.6906629,0.18903128802776337,1.0,0.4304291307926178
YML018C,YIR023W,0,-2.6910625,0.18899565935134888,1.0,0.4305291473865509
YML094W,YDR315C,0,-2.69202,0.18896006047725677,1.0,0.4306291937828064
YHR039C-B,YGR154C,0,-2.6925025,0.18892446160316467,1.0,0.4307292103767395
YFL041W,YPR021C,0,-2.6934657,0.18888889253139496,1.0,0.430829256772995
YMR297W,YDL109C,0,-2.694538,0.18885332345962524,1.0,0.4309292733669281
YJR009C,YJL133W,0,-2.6947942,0.18881776928901672,1.0,0.4310293197631836
YDR219C,YHR099W,0,-2.6948152,0.1887822300195694,1.0,0.4311293363571167
YOR046C,YGL191W,0,-2.6953025,0.18874670565128326,1.0,0.4312293827533722
YDR322W,YOR332W,0,-2.6957765,0.18871119618415833,1.0,0.4313293993473053
YLR170C,YFR015C,0,-2.6958227,0.18867570161819458,1.0,0.4314294159412384
YDR046C,YDR103W,0,-2.6960902,0.18864020705223083,1.0,0.4315294623374939
YBR097W,YDR298C,0,-2.697236,0.18860474228858948,1.0,0.431629478931427
YPR166C,YMR224C,0,-2.6973667,0.18856927752494812,1.0,0.4317295253276825
YGR008C,YGR063C,0,-2.6975389,0.18853382766246796,1.0,0.4318295419216156
YLL009C,YDL080C,0,-2.6975713,0.18849840760231018,1.0,0.4319295883178711
YBR264C,YDR069C,0,-2.6978626,0.1884629875421524,1.0,0.4320296049118042
YOR061W,YDR363W-A,0,-2.6984372,0.18842758238315582,1.0,0.4321296513080597
YLR100W,YCR040W,0,-2.6990519,0.18839219212532043,1.0,0.4322296679019928
YDL085W,YIL124W,0,-2.7006884,0.18835680186748505,1.0,0.4323296844959259
YKL181W,YCR092C,0,-2.703631,0.18832144141197205,1.0,0.4324297308921814
YDR379W,YML005W,0,-2.7039042,0.18828609585762024,1.0,0.4325297474861145
YDR052C,YGL040C,0,-2.7046385,0.18825075030326843,1.0,0.43262979388237
YDL136W,YOR043W,0,-2.7048802,0.18821541965007782,1.0,0.4327298104763031
YJR121W,YOR211C,0,-2.7052999,0.1881801187992096,1.0,0.4328298568725586
YER082C,YMR037C,0,-2.7062573,0.18814481794834137,1.0,0.4329298734664917
YLR427W,YGR063C,0,-2.7072096,0.18810953199863434,1.0,0.4330299198627472
YMR026C,YOR092W,0,-2.7080073,0.1880742609500885,1.0,0.4331299364566803
YJR160C,YCR037C,0,-2.7094808,0.18803898990154266,1.0,0.4332299828529358
YBR041W,YLR438C-A,0,-2.709598,0.1880037486553192,1.0,0.4333299994468689
YJR121W,YGR001C,0,-2.7100005,0.18796852231025696,1.0,0.433430016040802
YNL227C,YHR136C,0,-2.7106833,0.1879332959651947,1.0,0.4335300624370575
YDR270W,YEL017C-A,0,-2.710732,0.18789808452129364,1.0,0.4336300790309906
YJL041W,YBR251W,0,-2.7107997,0.18786290287971497,1.0,0.4337301254272461
YGR008C,YBR213W,0,-2.7108235,0.1878277212381363,1.0,0.4338301420211792
YDL136W,YNL310C,0,-2.7114635,0.1877925544977188,1.0,0.4339301884174347
YHR017W,YHL036W,0,-2.711732,0.18775738775730133,1.0,0.4340302050113678
YAL013W,YOL149W,0,-2.7124987,0.18772225081920624,1.0,0.4341302514076233
YDR107C,YEL050C,0,-2.713214,0.18768712878227234,1.0,0.4342302680015564
YJR075W,YPL159C,0,-2.7139869,0.18765200674533844,1.0,0.4343302845954895
YJR075W,YOL109W,0,-2.7152019,0.18761691451072693,1.0,0.434430330991745
YLR010C,YAL058W,0,-2.7155175,0.18758182227611542,1.0,0.4345303475856781
YJL153C,YAL034W-A,0,-2.7181854,0.1875467449426651,1.0,0.4346303939819336
YMR166C,YPL028W,0,-2.7183046,0.18751168251037598,1.0,0.4347304105758667
YCR077C,YJR155W,0,-2.7185473,0.18747663497924805,1.0,0.4348304569721222
YKL183W,YGL090W,0,-2.7200022,0.1874416023492813,1.0,0.4349304735660553
YBR198C,YPL123C,0,-2.7206993,0.18740656971931458,1.0,0.4350305199623108
YHR031C,YJL219W,0,-2.7212358,0.18737156689167023,1.0,0.4351305365562439
YDL229W,YPL060W,0,-2.721404,0.18733656406402588,1.0,0.4352305829524994
YDL190C,YER112W,0,-2.7215724,0.18730159103870392,1.0,0.4353305995464325
YOL005C,YPL149W,0,-2.722466,0.18726661801338196,1.0,0.4354306161403656
YGL191W,YDR130C,0,-2.7229466,0.1872316598892212,1.0,0.4355306625366211
YBR207W,YOR346W,0,-2.723281,0.18719671666622162,1.0,0.4356306791305542
YDL136W,YBL074C,0,-2.723587,0.18716178834438324,1.0,0.4357307255268097
YDR479C,YKL156W,0,-2.7236938,0.18712686002254486,1.0,0.4358307421207428
YJR001W,YLR038C,0,-2.724297,0.18709196150302887,1.0,0.4359307885169983
YDR096W,YLR306W,0,-2.724979,0.18705706298351288,1.0,0.4360308051109314
YDR425W,YMR070W,0,-2.7266707,0.18702219426631927,1.0,0.4361308515071869
YIL084C,YGR124W,0,-2.7275043,0.18698732554912567,1.0,0.43623086810112
YJR094W-A,YMR071C,0,-2.7284389,0.18695247173309326,1.0,0.4363308846950531
YDR510W,YOL125W,0,-2.7285047,0.18691763281822205,1.0,0.4364309310913086
YIR006C,YKL056C,0,-2.7290826,0.18688280880451202,1.0,0.4365309476852417
YMR316W,YLR237W,0,-2.7302928,0.186847984790802,1.0,0.4366309940814972
YDL166C,YBL022C,0,-2.7306294,0.18681319057941437,1.0,0.4367310106754303
YML043C,YOL152W,0,-2.731948,0.18677839636802673,1.0,0.4368310570716858
YDL108W,YBL069W,0,-2.731975,0.1867436170578003,1.0,0.4369310736656189
YMR264W,YNL135C,0,-2.7332902,0.18670886754989624,1.0,0.4370311200618744
YKL059C,YLR139C,0,-2.7333765,0.1866741180419922,1.0,0.4371311366558075
YDL069C,YBR142W,0,-2.7334561,0.18663936853408813,1.0,0.437231183052063
YAL010C,YCL057C-A,0,-2.7342286,0.18660464882850647,1.0,0.4373311996459961
YKR062W,YDL080C,0,-2.7352414,0.186569944024086,1.0,0.4374312162399292
YDR044W,YDL130W-A,0,-2.7353926,0.18653523921966553,1.0,0.4375312626361847
YGL137W,YLR427W,0,-2.7360263,0.18650056421756744,1.0,0.4376312792301178
YHR160C,YJR126C,0,-2.7366033,0.18646588921546936,1.0,0.4377313256263733
YOL092W,YLR158C,0,-2.737958,0.18643122911453247,1.0,0.4378313422203064
YDR299W,YPL194W,0,-2.7393527,0.18639658391475677,1.0,0.4379313886165619
YDL205C,YOR070C,0,-2.7395415,0.18636195361614227,1.0,0.438031405210495
YLR450W,YMR221C,0,-2.7401662,0.18632732331752777,1.0,0.4381314516067505
YMR080C,YBR058C,0,-2.7403154,0.18629272282123566,1.0,0.4382314682006836
YFL029C,YOL018C,0,-2.7406058,0.18625812232494354,1.0,0.4383314847946167
YAR015W,YCR039C,0,-2.7423282,0.18622353672981262,1.0,0.4384315311908722
YBR082C,YNL325C,0,-2.7423453,0.1861889660358429,1.0,0.4385315477848053
YDL065C,YCL047C,0,-2.743091,0.18615441024303436,1.0,0.4386315941810608
YDR071C,YPR178W,0,-2.743104,0.18611986935138702,1.0,0.4387316107749939
YCR081W,YAL058W,0,-2.7438412,0.18608534336090088,1.0,0.4388316571712494
YDR523C,YDR116C,0,-2.744473,0.18605083227157593,1.0,0.4389316737651825
YLL009C,YGR026W,0,-2.7451735,0.18601632118225098,1.0,0.439031720161438
YKL088W,YOR315W,0,-2.7458968,0.18598182499408722,1.0,0.4391317367553711
YJL090C,YAL021C,0,-2.7467756,0.18594734370708466,1.0,0.4392317831516266
YDL200C,YER020W,0,-2.7476373,0.1859128773212433,1.0,0.4393317997455597
YIL074C,YER126C,0,-2.7478218,0.1858784258365631,1.0,0.4394318163394928
YBR156C,YGR194C,0,-2.7484956,0.18584398925304413,1.0,0.4395318627357483
YER086W,YOR288C,0,-2.7490745,0.18580955266952515,1.0,0.4396318793296814
YOL065C,YLR287C-A,0,-2.7500906,0.18577514588832855,1.0,0.4397319257259369
YMR056C,YLR040C,0,-2.7505436,0.18574073910713196,1.0,0.43983194231987
YIR002C,YCR098C,0,-2.7513766,0.18570634722709656,1.0,0.4399319887161255
YMR235C,YHL036W,0,-2.751943,0.18567197024822235,1.0,0.4400320053100586
YDR315C,YNL325C,0,-2.7520432,0.18563760817050934,1.0,0.4401320517063141
YHR028C,YGR200C,0,-2.752211,0.18560326099395752,1.0,0.4402320683002472
YBR205W,YGL211W,0,-2.7534924,0.1855689138174057,1.0,0.4403320848941803
YDR052C,YJL062W,0,-2.7540932,0.18553459644317627,1.0,0.4404321312904358
YJL090C,YLR176C,0,-2.7542982,0.18550027906894684,1.0,0.4405321478843689
YLR283W,YNL311C,0,-2.7545834,0.1854659765958786,1.0,0.4406321942806244
YPR096C,YBR142W,0,-2.7550464,0.18543168902397156,1.0,0.4407322108745575
YDR052C,YDR088C,0,-2.7552075,0.1853974163532257,1.0,0.440832257270813
YDL115C,YOR290C,0,-2.756196,0.18536314368247986,1.0,0.4409322738647461
YGL223C,YBR267W,0,-2.756752,0.1853289008140564,1.0,0.4410323202610016
YPR098C,YBR297W,0,-2.7570572,0.18529465794563293,1.0,0.4411323368549347
YIL090W,YMR122W-A,0,-2.75764,0.18526042997837067,1.0,0.4412323832511902
YOL103W,YDR120C,0,-2.7579074,0.1852262169122696,1.0,0.4413323998451233
YNR008W,YNL151C,0,-2.7579083,0.1851920187473297,1.0,0.4414324164390564
YML106W,YER051W,0,-2.7579627,0.18515783548355103,1.0,0.4415324628353119
YOR179C,YKL179C,0,-2.7586212,0.18512366712093353,1.0,0.441632479429245
YDR088C,YMR150C,0,-2.758636,0.18508949875831604,1.0,0.4417325258255005
YDR533C,YHR039C-B,0,-2.759924,0.18505534529685974,1.0,0.4418325424194336
YOR044W,YPL092W,0,-2.7602072,0.18502120673656464,1.0,0.4419325888156891
YIL172C,YNL212W,0,-2.7605543,0.18498708307743073,1.0,0.4420326054096222
YJL073W,YDR103W,0,-2.7607002,0.184952974319458,1.0,0.4421326518058777
YJL158C,YKL010C,0,-2.7619138,0.18491888046264648,1.0,0.4422326683998108
YDR379W,YPL206C,0,-2.762384,0.18488478660583496,1.0,0.4423326849937439
YDR071C,YNL301C,0,-2.7626057,0.18485072255134583,1.0,0.4424327313899994
YDR219C,YJL090C,0,-2.7645826,0.1848166584968567,1.0,0.4425327479839325
YBR022W,YLR078C,0,-2.7657957,0.18478260934352875,1.0,0.442632794380188
YEL054C,YDL190C,0,-2.7660818,0.184748575091362,1.0,0.4427328109741211
YDL019C,YHR184W,0,-2.7661366,0.18471455574035645,1.0,0.4428328573703766
YOR288C,YDR065W,0,-2.7663822,0.1846805363893509,1.0,0.4429328739643097
YFR032C-A,YML074C,0,-2.7678595,0.18464653193950653,1.0,0.4430329203605652
YNR001C,YPL172C,0,-2.7680974,0.18461255729198456,1.0,0.4431329369544983
YDR224C,YCR054C,0,-2.768107,0.18457858264446259,1.0,0.4432329833507538
YBR030W,YMR026C,0,-2.7684827,0.1845446228981018,1.0,0.4433329999446869
YAL012W,YGR194C,0,-2.7686443,0.18451066315174103,1.0,0.44343301653862
YOR167C,YOR080W,0,-2.768981,0.18447673320770264,1.0,0.4435330629348755
YPL031C,YOR270C,0,-2.7692513,0.18444280326366425,1.0,0.4436330795288086
YMR201C,YJL190C,0,-2.7696624,0.18440890312194824,1.0,0.4437331259250641
YNL166C,YJL133W,0,-2.7696776,0.18437500298023224,1.0,0.4438331425189972
YDR363W-A,YIL026C,0,-2.7696838,0.18434111773967743,1.0,0.4439331889152527
YDL136W,YBR207W,0,-2.7697167,0.1843072474002838,1.0,0.4440332055091858
YKL173W,YOR092W,0,-2.769971,0.1842733770608902,1.0,0.4441332519054413
YJL065C,YNR001C,0,-2.772007,0.18423953652381897,1.0,0.4442332684993744
YDL130W-A,YPL153C,0,-2.7720256,0.18420569598674774,1.0,0.4443332850933075
YGR086C,YGL039W,0,-2.7725024,0.1841718703508377,1.0,0.444433331489563
YBR123C,YCR077C,0,-2.7728124,0.18413805961608887,1.0,0.4445333480834961
YMR201C,YER044C,0,-2.773014,0.18410426378250122,1.0,0.4446333944797516
YMR211W,YLR172C,0,-2.773808,0.18407046794891357,1.0,0.4447334110736847
YFL004W,YFR041C,0,-2.773982,0.18403670191764832,1.0,0.4448334574699402
YDL144C,YEL002C,0,-2.775488,0.18400293588638306,1.0,0.4449334740638733
YDR012W,YNL212W,0,-2.7757163,0.183969184756279,1.0,0.4450335204601288
YPL214C,YMR122W-A,0,-2.777175,0.18393544852733612,1.0,0.4451335370540619
YIL034C,YDL082W,0,-2.7777176,0.18390172719955444,1.0,0.4452335834503174
YMR307W,YKL156W,0,-2.7778587,0.18386800587177277,1.0,0.4453336000442505
YDL164C,YGR135W,0,-2.7792726,0.18383431434631348,1.0,0.4454336166381836
YJR025C,YNL227C,0,-2.7795877,0.1838006228208542,1.0,0.4455336630344391
YKL154W,YOL117W,0,-2.7818441,0.1837669461965561,1.0,0.4456336796283722
YMR314W,YKL056C,0,-2.7834773,0.1837332844734192,1.0,0.4457337260246277
YPL048W,YER113C,0,-2.7835107,0.18369963765144348,1.0,0.4458337426185608
YBR097W,YDR065W,0,-2.783584,0.18366599082946777,1.0,0.4459337890148163
YHL016C,YLR441C,0,-2.7838473,0.18363237380981445,1.0,0.4460338056087494
YOL065C,YNL212W,0,-2.7838826,0.18359875679016113,1.0,0.4461338520050049
YMR071C,YER164W,0,-2.7839055,0.183565154671669,1.0,0.446233868598938
YDL137W,YDL138W,0,-2.7841778,0.18353156745433807,1.0,0.4463339149951935
YKR097W,YLR246W,0,-2.78573,0.18349798023700714,1.0,0.4464339315891266
YLR467W,YLR403W,0,-2.7865849,0.1834644228219986,1.0,0.4465339481830597
YML129C,YGL155W,0,-2.7872605,0.18343086540699005,1.0,0.4466339945793152
YDR511W,YOR244W,0,-2.7892113,0.1833973377943039,1.0,0.4467340111732483
YNL301C,YJL108C,0,-2.791319,0.18336379528045654,1.0,0.4468340575695038
YDL229W,YGR106C,0,-2.7918658,0.18333028256893158,1.0,0.4469340741634369
YHR021C,YLR427W,0,-2.7918668,0.1832967847585678,1.0,0.4470341205596924
YLR097C,YLR438C-A,0,-2.792088,0.18326328694820404,1.0,0.4471341371536255
YLR385C,YJL164C,0,-2.7924476,0.18322981894016266,1.0,0.447234183549881
YNR016C,YJR155W,0,-2.792923,0.18319635093212128,1.0,0.4473342001438141
YMR171C,YPL051W,0,-2.7937298,0.1831628978252411,1.0,0.4474342167377472
YOR356W,YOR396W,0,-2.793932,0.1831294447183609,1.0,0.4475342631340027
YDR511W,YOR396W,0,-2.793932,0.1830960214138031,1.0,0.4476342797279358
YJL062W-A,YJL102W,0,-2.793932,0.1830625981092453,1.0,0.4477343261241913
YOL003C,YOR246C,0,-2.7941728,0.1830291897058487,1.0,0.4478343427181244
YFL036W,YGL155W,0,-2.7943382,0.18299581110477448,1.0,0.4479343891143799
YDR532C,YBR267W,0,-2.7943516,0.18296241760253906,1.0,0.448034405708313
YML034W,YNL012W,0,-2.7944527,0.18292905390262604,1.0,0.4481344521045685
YAR018C,YDR069C,0,-2.79536,0.182895690202713,1.0,0.4482344686985016
YNL291C,YML094W,0,-2.7955813,0.18286235630512238,1.0,0.4483345150947571
YGL135W,YDR479C,0,-2.795619,0.18282902240753174,1.0,0.4484345316886902
YAL010C,YIL111W,0,-2.796414,0.1827957034111023,1.0,0.4485345482826233
YKL004W,YGL035C,0,-2.7977958,0.18276238441467285,1.0,0.4486345946788788
YLR204W,YHR171W,0,-2.7987328,0.1827290952205658,1.0,0.4487346112728119
YBR267W,YEL002C,0,-2.79951,0.18269580602645874,1.0,0.4488346576690674
YKL158W,YOL147C,0,-2.799646,0.18266253173351288,1.0,0.4489346742630005
YMR257C,YKR050W,0,-2.7997417,0.1826292723417282,1.0,0.449034720659256
YJL072C,YDR510W,0,-2.7997527,0.18259602785110474,1.0,0.4491347372531891
YJL056C,YPL202C,0,-2.800858,0.18256279826164246,1.0,0.4492347836494446
YCR098C,YDR313C,0,-2.8026648,0.18252956867218018,1.0,0.4493348002433777
YIR036C,YKR038C,0,-2.8031454,0.1824963539838791,1.0,0.4494348168373108
YBL039C,YDL144C,0,-2.8032026,0.1824631690979004,1.0,0.4495348632335663
YIL150C,YMR056C,0,-2.8037043,0.1824299693107605,1.0,0.4496348798274994
YNL086W,YNL119W,0,-2.8040304,0.182396799325943,1.0,0.4497349262237549
YPL059W,YLR286C,0,-2.8050098,0.1823636293411255,1.0,0.449834942817688
YNL227C,YIL009C-A,0,-2.80622,0.18233048915863037,1.0,0.4499349892139435
YBL090W,YNL289W,0,-2.8074293,0.18229734897613525,1.0,0.4500350058078766
YER086W,YOR290C,0,-2.8076258,0.18226422369480133,1.0,0.4501350522041321
YHR046C,YPR019W,0,-2.8079228,0.1822310984134674,1.0,0.4502350687980652
YJL019W,YBR058C-A,0,-2.8082304,0.18219800293445587,1.0,0.4503351151943207
YOR069W,YLR467W,0,-2.8083987,0.18216490745544434,1.0,0.4504351317882538
YPR118W,YKL158W,0,-2.8086839,0.182131826877594,1.0,0.4505351483821869
YBL024W,YGR014W,0,-2.8089347,0.18209876120090485,1.0,0.4506351947784424
YBL017C,YDR228C,0,-2.8112397,0.1820657104253769,1.0,0.4507352113723755
YLR147C,YGR075C,0,-2.8113542,0.18203267455101013,1.0,0.450835257768631
YBL060W,YBR122C,0,-2.8115458,0.18199963867664337,1.0,0.4509352743625641
YMR281W,YDR376W,0,-2.8118987,0.1819666177034378,1.0,0.4510353207588196
YDL200C,YDR326C,0,-2.8122964,0.18193361163139343,1.0,0.4511353373527527
YIL070C,YPR096C,0,-2.8125916,0.18190062046051025,1.0,0.4512353837490082
YHL032C,YNL091W,0,-2.8126583,0.18186762928962708,1.0,0.4513354003429413
YNL159C,YLL022C,0,-2.8127074,0.18183466792106628,1.0,0.4514354169368744
YDR315C,YGL095C,0,-2.8141212,0.1818017065525055,1.0,0.4515354633331299
YLL050C,YLR040C,0,-2.8152843,0.1817687600851059,1.0,0.451635479927063
YCR098C,YIL125W,0,-2.815711,0.1817358285188675,1.0,0.4517355263233185
YOR265W,YOR211C,0,-2.8163629,0.1817028969526291,1.0,0.4518355429172516
YGR002C,YPL153C,0,-2.8170676,0.18166998028755188,1.0,0.4519355893135071
YDL120W,YBR035C,0,-2.81852,0.18163709342479706,1.0,0.4520356059074402
YLR427W,YDL110C,0,-2.8196607,0.18160420656204224,1.0,0.4521356523036957
YLR373C,YMR221C,0,-2.8208618,0.18157131969928741,1.0,0.4522356688976288
YER083C,YNL151C,0,-2.8217964,0.18153846263885498,1.0,0.4523357152938843
YBR087W,YCR010C,0,-2.822235,0.18150560557842255,1.0,0.4524357318878174
YOR167C,YLR201C,0,-2.822823,0.1814727634191513,1.0,0.4525357484817505
YDR103W,YML088W,0,-2.8231025,0.18143993616104126,1.0,0.452635794878006
YMR004W,YPL085W,0,-2.8235693,0.1814071238040924,1.0,0.4527358114719391
YDL210W,YNL292W,0,-2.8236704,0.18137432634830475,1.0,0.4528358578681946
YMR165C,YKL024C,0,-2.8251643,0.1813415288925171,1.0,0.4529358744621277
YPL031C,YDL180W,0,-2.8255606,0.18130874633789062,1.0,0.4530359208583832
YDR425W,YCR077C,0,-2.8266835,0.18127597868442535,1.0,0.4531359374523163
YBR012W-A,YJR155W,0,-2.8291974,0.18124322593212128,1.0,0.4532359838485718
YJL129C,YOR356W,0,-2.8303084,0.1812104731798172,1.0,0.4533360004425049
YLR170C,YGL039W,0,-2.8310819,0.1811777502298355,1.0,0.453436017036438
YLR204W,YCR039C,0,-2.83189,0.18114502727985382,1.0,0.4535360634326935
YDL085W,YKL028W,0,-2.8322473,0.18111231923103333,1.0,0.4536360800266266
YGR063C,YCR092C,0,-2.832992,0.18107961118221283,1.0,0.4537361264228821
YJL165C,YHR086W,0,-2.8337836,0.18104693293571472,1.0,0.4538361430168152
YMR247C,YEL064C,0,-2.8350353,0.1810142546892166,1.0,0.4539361894130707
YML106W,YHR160C,0,-2.835506,0.1809815913438797,1.0,0.4540362060070038
YIL109C,YCR037C,0,-2.8358445,0.18094894289970398,1.0,0.4541362524032593
YML125C,YNL189W,0,-2.836049,0.18091630935668945,1.0,0.4542362689971924
YEL065W,YHR129C,0,-2.837368,0.18088367581367493,1.0,0.4543363153934479
YJL072C,YBR291C,0,-2.8374152,0.1808510571718216,1.0,0.454436331987381
YMR070W,YHR215W,0,-2.8376975,0.18081845343112946,1.0,0.4545363485813141
YDR060W,YIL155C,0,-2.8395967,0.1807858645915985,1.0,0.4546363949775696
YPR049C,YLR040C,0,-2.8398666,0.18075329065322876,1.0,0.4547364115715027
YBR156C,YMR098C,0,-2.8401608,0.180720716714859,1.0,0.4548364579677582
YPL106C,YPR031W,0,-2.84127,0.18068815767765045,1.0,0.4549364745616913
YDR239C,YKR048C,0,-2.8417726,0.1806556135416031,1.0,0.4550365209579468
YOR143C,YAR007C,0,-2.8433328,0.18062308430671692,1.0,0.4551365375518799
YHR105W,YNL213C,0,-2.844274,0.18059056997299194,1.0,0.4552365839481354
YGL009C,YGR194C,0,-2.8452787,0.18055805563926697,1.0,0.4553366005420685
YJL158C,YBL090W,0,-2.8458686,0.18052555620670319,1.0,0.4554366171360016
YMR094W,YGR014W,0,-2.847021,0.1804930716753006,1.0,0.4555366635322571
YPL059W,YNR045W,0,-2.8474307,0.1804606020450592,1.0,0.4556366801261902
YBR166C,YJL062W,0,-2.848743,0.1804281324148178,1.0,0.4557367265224457
YJR135C,YDR115W,0,-2.848793,0.1803956776857376,1.0,0.4558367431163788
YGL229C,YOR337W,0,-2.849041,0.1803632378578186,1.0,0.4559367895126343
YEL065W,YPR042C,0,-2.8495212,0.1803308129310608,1.0,0.4560368061065674
YBL093C,YER070W,0,-2.8499846,0.18029840290546417,1.0,0.4561368525028229
YHR143W,YBR097W,0,-2.8502288,0.18026599287986755,1.0,0.456236869096756
YPR132W,YFR007W,0,-2.8502607,0.18023359775543213,1.0,0.4563369154930115
YML113W,YDR115W,0,-2.8508306,0.1802012175321579,1.0,0.4564369320869446
YER095W,YPR096C,0,-2.8528051,0.18016885221004486,1.0,0.4565369486808777
YJL041W,YMR163C,0,-2.8533869,0.18013648688793182,1.0,0.4566369950771332
YFL002W-A,YPL028W,0,-2.85354,0.18010415136814117,1.0,0.4567370116710663
YGL090W,YGR156W,0,-2.8537693,0.18007181584835052,1.0,0.4568370580673218
YDL129W,YIL009C-A,0,-2.8548012,0.18003949522972107,1.0,0.4569370746612549
YGR272C,YFL037W,0,-2.8548818,0.1800071746110916,1.0,0.4570371210575104
YDL166C,YBR289W,0,-2.8556852,0.17997488379478455,1.0,0.4571371376514435
YDR479C,YJR068W,0,-2.8558707,0.17994259297847748,1.0,0.457237184047699
YML060W,YML081C-A,0,-2.8560047,0.1799103170633316,1.0,0.4573372006416321
YER087C-A,YDR380W,0,-2.8560214,0.17987805604934692,1.0,0.4574372172355652
YLR126C,YEL059C-A,0,-2.856474,0.17984579503536224,1.0,0.4575372636318207
YOL092W,YKL108W,0,-2.8565178,0.17981354892253876,1.0,0.4576372802257538
YDR050C,YKL042W,0,-2.85715,0.17978131771087646,1.0,0.4577373266220093
YLR008C,YIR037W,0,-2.8572974,0.17974910140037537,1.0,0.4578373432159424
YOL018C,YDL056W,0,-2.8580408,0.17971689999103546,1.0,0.4579373896121979
YHR021C,YPL074W,0,-2.859261,0.17968469858169556,1.0,0.458037406206131
YGL227W,YGR037C,0,-2.859323,0.17965251207351685,1.0,0.4581374526023865
YGL229C,YER082C,0,-2.8599243,0.17962034046649933,1.0,0.4582374691963196
YKL024C,YCR054C,0,-2.8604178,0.179588183760643,1.0,0.4583375155925751
YGL213C,YJR075W,0,-2.8608127,0.17955602705478668,1.0,0.4584375321865082
YGL021W,YPR063C,0,-2.8610687,0.17952390015125275,1.0,0.4585375487804413
YNL086W,YMR023C,0,-2.861415,0.1794917732477188,1.0,0.4586375951766968
YKL011C,YMR208W,0,-2.8620062,0.17945964634418488,1.0,0.4587376117706299
YDR239C,YBR231C,0,-2.8620448,0.17942754924297333,1.0,0.4588376581668854
YDR481C,YDL108W,0,-2.8620539,0.17939545214176178,1.0,0.4589376747608185
YHL032C,YOL007C,0,-2.8629117,0.17936336994171143,1.0,0.459037721157074
YKL135C,YCR081W,0,-2.8644595,0.17933130264282227,1.0,0.4591377377510071
YMR290C,YBR207W,0,-2.865296,0.1792992502450943,1.0,0.4592377841472626
YGR292W,YIL155C,0,-2.865366,0.17926719784736633,1.0,0.4593378007411957
YKL198C,YLR186W,0,-2.8655286,0.17923517525196075,1.0,0.4594378173351288
YGL137W,YMR289W,0,-2.8661718,0.17920313775539398,1.0,0.4595378637313843
YPL060W,YFL037W,0,-2.8662338,0.1791711300611496,1.0,0.4596378803253174
YDR376W,YLL001W,0,-2.866375,0.1791391372680664,1.0,0.4597379267215729
YCR077C,YJR075W,0,-2.8663855,0.17910714447498322,1.0,0.459837943315506
YJL041W,YER089C,0,-2.867282,0.17907516658306122,1.0,0.4599379897117615
YFL002W-A,YFR006W,0,-2.8674722,0.17904320359230042,1.0,0.4600380063056946
YOR347C,YLL050C,0,-2.8675356,0.1790112406015396,1.0,0.4601380527019501
YMR282C,YML048W,0,-2.8697276,0.1789793074131012,1.0,0.4602380692958832
YGL185C,YER045C,0,-2.8702927,0.17894737422466278,1.0,0.46033811569213867
YKR014C,YER007W,0,-2.8712082,0.17891544103622437,1.0,0.4604381322860718
YKR014C,YGL210W,0,-2.8713403,0.17888353765010834,1.0,0.4605381488800049
YLR188W,YMR303C,0,-2.871478,0.1788516342639923,1.0,0.4606381952762604
YLL009C,YLR371W,0,-2.871859,0.17881976068019867,1.0,0.4607382118701935
YDR420W,YKR048C,0,-2.872075,0.17878787219524384,1.0,0.460838258266449
YKR094C,YOL133W,0,-2.87282,0.1787560135126114,1.0,0.4609382748603821
YIL074C,YLL022C,0,-2.8733196,0.17872416973114014,1.0,0.4610383212566376
YDR126W,YPR028W,0,-2.874494,0.17869232594966888,1.0,0.4611383378505707
YOL117W,YDR101C,0,-2.8749228,0.17866049706935883,1.0,0.46123838424682617
YPL031C,YNL112W,0,-2.8750143,0.17862866818904877,1.0,0.4613384008407593
YDL108W,YPL220W,0,-2.8760285,0.1785968691110611,1.0,0.4614384174346924
YBL103C,YBR142W,0,-2.8769279,0.17856507003307343,1.0,0.4615384638309479
YPL121C,YOL002C,0,-2.8771892,0.17853328585624695,1.0,0.461638480424881
YDR055W,YAL025C,0,-2.877409,0.17850151658058167,1.0,0.4617385268211365
YNL311C,YPL143W,0,-2.8781781,0.17846974730491638,1.0,0.4618385434150696
YDR071C,YIL171W,0,-2.8783045,0.1784379929304123,1.0,0.4619385898113251
YLR450W,YER007W,0,-2.878417,0.1784062683582306,1.0,0.4620386064052582
YMR314W,YIL160C,0,-2.8784232,0.1783745288848877,1.0,0.46213865280151367
YOR037W,YBR105C,0,-2.8789983,0.1783428192138672,1.0,0.4622386693954468
YDR533C,YGL211W,0,-2.8790941,0.17831110954284668,1.0,0.46233871579170227
YDR239C,YOR221C,0,-2.8807049,0.17827941477298737,1.0,0.4624387323856354
YBR296C,YNL007C,0,-2.8809505,0.17824773490428925,1.0,0.4625387489795685
YNL331C,YIR012W,0,-2.881575,0.17821606993675232,1.0,0.462638795375824
YOR322C,YAL058W,0,-2.881649,0.1781844049692154,1.0,0.4627388119697571
YDR465C,YBR207W,0,-2.8818717,0.17815275490283966,1.0,0.4628388583660126
YMR217W,YDR014W,0,-2.8819542,0.17812111973762512,1.0,0.4629388749599457
YNL330C,YLR201C,0,-2.882153,0.17808948457241058,1.0,0.46303892135620117
YFR015C,YJL008C,0,-2.882412,0.17805787920951843,1.0,0.4631389379501343
YGL213C,YLR201C,0,-2.882657,0.17802627384662628,1.0,0.46323898434638977
YKL011C,YDL110C,0,-2.8826814,0.17799468338489532,1.0,0.4633390009403229
YDL138W,YGR156W,0,-2.883564,0.17796309292316437,1.0,0.463439017534256
YKL156W,YDR534C,0,-2.8841233,0.1779315173625946,1.0,0.4635390639305115
YER087C-A,YPL157W,0,-2.8851728,0.17789997160434723,1.0,0.4636390805244446
YKL183W,YMR004W,0,-2.8864064,0.17786841094493866,1.0,0.4637391269207001
YIL111W,YDL082W,0,-2.8865647,0.17783688008785248,1.0,0.4638391435146332
YDR283C,YGL249W,0,-2.8868027,0.1778053492307663,1.0,0.46393918991088867
YPL160W,YLR121C,0,-2.8875222,0.1777738332748413,1.0,0.4640392065048218
YEL015W,YDR342C,0,-2.8883686,0.17774233222007751,1.0,0.46413925290107727
YLR418C,YBR142W,0,-2.8888445,0.17771084606647491,1.0,0.4642392694950104
YIL072W,YPL095C,0,-2.888938,0.17767935991287231,1.0,0.46433931589126587
YMR188C,YJR059W,0,-2.8896222,0.1776478886604309,1.0,0.464439332485199
YDR315C,YJL041W,0,-2.889822,0.1776164323091507,1.0,0.4645393490791321
YHR031C,YMR080C,0,-2.8915167,0.17758499085903168,1.0,0.4646393954753876
YFR032C-A,YDR036C,0,-2.893324,0.17755354940891266,1.0,0.4647394120693207
YAR010C,YBR213W,0,-2.8936715,0.17752212285995483,1.0,0.46483945846557617
YLR286C,YOR270C,0,-2.8937693,0.1774907112121582,1.0,0.4649394750595093
YCR096C,YIL171W,0,-2.8944926,0.17745929956436157,1.0,0.46503952145576477
YDR503C,YDR487C,0,-2.8967328,0.17742791771888733,1.0,0.4651395380496979
YDL130W,YBR299W,0,-2.897418,0.17739653587341309,1.0,0.46523958444595337
YGL210W,YPR184W,0,-2.897653,0.17736516892910004,1.0,0.4653396010398865
YGL035C,YMR223W,0,-2.8980904,0.177333801984787,1.0,0.4654396176338196
YDR197W,YGL155W,0,-2.898242,0.17730244994163513,1.0,0.4655396640300751
YPL074W,YLR079W,0,-2.8986764,0.17727112770080566,1.0,0.4656396806240082
YOR384W,YER180C,0,-2.8997092,0.177239790558815,1.0,0.46573972702026367
YMR217W,YDR483W,0,-2.9005232,0.17720848321914673,1.0,0.4658397436141968
YBL074C,YML115C,0,-2.9006166,0.17717717587947845,1.0,0.46593979001045227
YLR287C-A,YGR184C,0,-2.901122,0.17714588344097137,1.0,0.4660398066043854
YDR363W-A,YHR010W,0,-2.9012885,0.1771146059036255,1.0,0.46613985300064087
YMR290C,YHL047C,0,-2.901424,0.1770833283662796,1.0,0.466239869594574
YAL020C,YIR015W,0,-2.9017234,0.1770520806312561,1.0,0.46633991599082947
YNL077W,YDR376W,0,-2.9024477,0.1770208328962326,1.0,0.4664399325847626
YOR257W,YOL103W,0,-2.9029555,0.1769895851612091,1.0,0.4665399491786957
YMR201C,YOL140W,0,-2.9044523,0.176958367228508,1.0,0.46663999557495117
YLR098C,YDL112W,0,-2.9046154,0.17692714929580688,1.0,0.4667400121688843
YER148W,YGR135W,0,-2.904657,0.17689594626426697,1.0,0.46684005856513977
YMR306W,YGL123W,0,-2.9049087,0.17686474323272705,1.0,0.4669400751590729
YHL040C,YMR165C,0,-2.9049768,0.17683357000350952,1.0,0.46704012155532837
YDR495C,YOR265W,0,-2.9069371,0.176802396774292,1.0,0.4671401381492615
YNL136W,YHR207C,0,-2.9081898,0.17677123844623566,1.0,0.46724018454551697
YPL106C,YHR136C,0,-2.9089284,0.17674009501934052,1.0,0.4673402011394501
YBR296C,YNL149C,0,-2.908969,0.17670895159244537,1.0,0.4674402177333832
YOR308C,YIR009W,0,-2.9094167,0.17667782306671143,1.0,0.46754026412963867
YJR160C,YDL144C,0,-2.9113903,0.17664670944213867,1.0,0.4676402807235718
YBR022W,YMR022W,0,-2.914431,0.17661559581756592,1.0,0.46774032711982727
YPL144W,YJL170C,0,-2.9147415,0.17658451199531555,1.0,0.4678403437137604
YNL206C,YLR403W,0,-2.9150991,0.17655342817306519,1.0,0.46794039011001587
YAL013W,YGL123W,0,-2.9156556,0.17652234435081482,1.0,0.468040406703949
YJR029W,YML060W,0,-2.916172,0.17649129033088684,1.0,0.46814045310020447
YER140W,YBR283C,0,-2.9184318,0.17646023631095886,1.0,0.4682404696941376
YBR012W-A,YOL109W,0,-2.9187846,0.17642919719219208,1.0,0.46834051609039307
YDR536W,YIL078W,0,-2.91926,0.1763981729745865,1.0,0.46844053268432617
YNL112W,YJL073W,0,-2.9207044,0.1763671487569809,1.0,0.4685405492782593
YMR004W,YDR298C,0,-2.9207501,0.1763361394405365,1.0,0.46864059567451477
YNL291C,YDR115W,0,-2.9211898,0.1763051450252533,1.0,0.4687406122684479
YDR424C,YER056C-A,0,-2.9218407,0.1762741655111313,1.0,0.46884065866470337
YGL223C,YCR047C,0,-2.9219084,0.17624318599700928,1.0,0.4689406752586365
YFL029C,YOR386W,0,-2.9229498,0.17621222138404846,1.0,0.46904072165489197
YKL059C,YOL147C,0,-2.923962,0.17618127167224884,1.0,0.4691407382488251
YGR159C,YCL066W,0,-2.924016,0.1761503368616104,1.0,0.46924078464508057
YDR379W,YJL073W,0,-2.9259768,0.17611940205097198,1.0,0.46934080123901367
YJR065C,YDR320C,0,-2.9263325,0.17608848214149475,1.0,0.4694408178329468
YDL127W,YNL151C,0,-2.927011,0.1760575771331787,1.0,0.46954086422920227
YBR240C,YCR020C,0,-2.9276233,0.17602667212486267,1.0,0.4696408808231354
YLR109W,YNL135C,0,-2.9279914,0.17599578201770782,1.0,0.46974092721939087
YJR155W,YOL157C,0,-2.9287715,0.17596490681171417,1.0,0.469840943813324
YJR009C,YNR007C,0,-2.928781,0.1759340465068817,1.0,0.46994099020957947
YLR343W,YPR168W,0,-2.9292545,0.17590318620204926,1.0,0.4700410068035126
YML005W,YNL129W,0,-2.9293551,0.175872340798378,1.0,0.47014105319976807
YHL040C,YPR166C,0,-2.9296827,0.17584151029586792,1.0,0.47024106979370117
YBR022W,YOL120C,0,-2.9308858,0.17581069469451904,1.0,0.47034111618995667
YJL129C,YDR177W,0,-2.9311438,0.17577987909317017,1.0,0.47044113278388977
YDL136W,YOL064C,0,-2.9311752,0.17574907839298248,1.0,0.4705411493778229
YDR231C,YIR009W,0,-2.931384,0.175718292593956,1.0,0.47064119577407837
YGL185C,YKL164C,0,-2.9315124,0.1756875067949295,1.0,0.4707412123680115
YFL002W-A,YDR197W,0,-2.9317122,0.1756567358970642,1.0,0.47084125876426697
YBR273C,YLR318W,0,-2.931808,0.1756259799003601,1.0,0.4709412753582001
YHR028C,YLR467W,0,-2.9326525,0.1755952388048172,1.0,0.47104132175445557
YML018C,YPR042C,0,-2.934885,0.1755644977092743,1.0,0.47114133834838867
YBR050C,YKL042W,0,-2.9357476,0.17553377151489258,1.0,0.47124138474464417
YJR009C,YDR115W,0,-2.9361982,0.17550306022167206,1.0,0.47134140133857727
YOR057W,YPR073C,0,-2.9367137,0.17547236382961273,1.0,0.4714414179325104
YNL162W,YKL108W,0,-2.9399328,0.1754416674375534,1.0,0.47154146432876587
YMR247C,YNL112W,0,-2.9402537,0.17541098594665527,1.0,0.471641480922699
YGR071C,YPL092W,0,-2.9409304,0.17538030445575714,1.0,0.47174152731895447
YGL185C,YKR050W,0,-2.9411316,0.1753496527671814,1.0,0.4718415439128876
YAR015W,YDR018C,0,-2.941462,0.17531900107860565,1.0,0.47194159030914307
YBR289W,YBR164C,0,-2.9416184,0.1752883642911911,1.0,0.47204160690307617
YHR116W,YDR318W,0,-2.9425611,0.17525772750377655,1.0,0.47214165329933167
YBR092C,YKR037C,0,-2.9429564,0.1752271205186844,1.0,0.47224166989326477
YOL003C,YDR320C-A,0,-2.9434762,0.17519651353359222,1.0,0.47234171628952026
YAL044C,YNL135C,0,-2.9436393,0.17516590654850006,1.0,0.47244173288345337
YNL086W,YPL157W,0,-2.9440851,0.17513532936573029,1.0,0.4725417494773865
YJL046W,YMR289W,0,-2.9445481,0.1751047521829605,1.0,0.47264179587364197
YKR104W,YNL135C,0,-2.9451447,0.17507418990135193,1.0,0.4727418124675751
YFR032C-A,YGR292W,0,-2.9460278,0.17504362761974335,1.0,0.47284185886383057
YPL195W,YDR326C,0,-2.9463243,0.17501308023929596,1.0,0.47294187545776367
YLR430W,YDR362C,0,-2.9463887,0.17498254776000977,1.0,0.47304192185401917
YNR011C,YLL022C,0,-2.9465299,0.17495203018188477,1.0,0.47314193844795227
YPL031C,YBL010C,0,-2.946704,0.17492152750492096,1.0,0.47324198484420776
YJR155W,YBL023C,0,-2.9470568,0.17489102482795715,1.0,0.47334200143814087
YGR292W,YNL039W,0,-2.9472022,0.17486053705215454,1.0,0.473442018032074
YMR166C,YOR278W,0,-2.9476557,0.17483004927635193,1.0,0.47354206442832947
YJL090C,YLR032W,0,-2.9484282,0.1747995764017105,1.0,0.4736420810222626
YDR052C,YDR510W,0,-2.9486275,0.17476911842823029,1.0,0.47374212741851807
YPL060W,YPL028W,0,-2.9486828,0.17473867535591125,1.0,0.47384214401245117
YML040W,YER070W,0,-2.9488611,0.17470823228359222,1.0,0.47394219040870667
YDR071C,YFR007W,0,-2.9490404,0.17467781901359558,1.0,0.47404220700263977
YER086W,YOR039W,0,-2.9491138,0.17464739084243774,1.0,0.47414225339889526
YLR318W,YBL061C,0,-2.9497151,0.1746169924736023,1.0,0.47424226999282837
YCL075W,YJR033C,0,-2.949894,0.17458659410476685,1.0,0.47434231638908386
YJL106W,YER053C,0,-2.9502087,0.1745562106370926,1.0,0.47444233298301697
YDR356W,YNR016C,0,-2.9515162,0.17452584207057953,1.0,0.4745423495769501
YHR153C,YAL012W,0,-2.951859,0.17449547350406647,1.0,0.47464239597320557
YBL030C,YDL144C,0,-2.9519157,0.1744651198387146,1.0,0.47474241256713867
YML124C,YDR342C,0,-2.952725,0.17443478107452393,1.0,0.47484245896339417
YLR212C,YBL101W-A,0,-2.954156,0.17440445721149445,1.0,0.47494247555732727
YNL292W,YPR036W,0,-2.9542818,0.17437413334846497,1.0,0.47504252195358276
YDR520C,YDR115W,0,-2.9543986,0.17434382438659668,1.0,0.47514253854751587
YJR098C,YDR071C,0,-2.9567256,0.1743135154247284,1.0,0.47524258494377136
YBR024W,YBR105C,0,-2.9570508,0.1742832362651825,1.0,0.47534260153770447
YOR047C,YMR281W,0,-2.957471,0.1742529571056366,1.0,0.4754426181316376
YML027W,YCL059C,0,-2.9582758,0.1742226928472519,1.0,0.47554266452789307
YJL221C,YDR047W,0,-2.958993,0.1741924285888672,1.0,0.47564268112182617
YLR266C,YML125C,0,-2.9590793,0.17416217923164368,1.0,0.47574272751808167
YMR188C,YJR134C,0,-2.9604802,0.17413194477558136,1.0,0.47584274411201477
YKR061W,YMR311C,0,-2.9630046,0.17410172522068024,1.0,0.47594279050827026
YJL219W,YNR070W,0,-2.9635706,0.1740715056657791,1.0,0.47604280710220337
YBR041W,YOR116C,0,-2.96391,0.17404130101203918,1.0,0.47614285349845886
YKR059W,YEL058W,0,-2.9641247,0.17401109635829926,1.0,0.47624287009239197
YPL074W,YGR123C,0,-2.9643502,0.1739809215068817,1.0,0.47634291648864746
YJR135W-A,YGL031C,0,-2.9645739,0.17395074665546417,1.0,0.47644293308258057
YKL059C,YMR045C,0,-2.9650998,0.17392058670520782,1.0,0.47654294967651367
YGL119W,YGR223C,0,-2.9651742,0.17389042675495148,1.0,0.47664299607276917
YER036C,YER184C,0,-2.965825,0.17386028170585632,1.0,0.47674301266670227
YBL060W,YDR239C,0,-2.9662867,0.17383015155792236,1.0,0.47684305906295776
YML124C,YDR228C,0,-2.9663153,0.1738000363111496,1.0,0.47694307565689087
YGL039W,YDR158W,0,-2.966494,0.17376992106437683,1.0,0.47704312205314636
YDR440W,YDL141W,0,-2.9675508,0.17373982071876526,1.0,0.47714313864707947
YMR264W,YIL172C,0,-2.969337,0.17370973527431488,1.0,0.47724318504333496
YPR186C,YIL155C,0,-2.9704657,0.1736796498298645,1.0,0.47734320163726807
YLL009C,YDL195W,0,-2.970768,0.17364957928657532,1.0,0.47744321823120117
YDL051W,YOR322C,0,-2.9714684,0.17361952364444733,1.0,0.47754326462745667
YER045C,YER012W,0,-2.9720325,0.17358948290348053,1.0,0.47764328122138977
YOL002C,YNL189W,0,-2.9729414,0.17355944216251373,1.0,0.47774332761764526
YDR046C,YER048W-A,0,-2.9736834,0.17352941632270813,1.0,0.47784334421157837
YDR265W,YLR099C,0,-2.9744272,0.17349939048290253,1.0,0.47794339060783386
YMR006C,YML125C,0,-2.9746394,0.1734693944454193,1.0,0.47804340720176697
YBR105C,YNL151C,0,-2.9746876,0.1734393984079361,1.0,0.47814345359802246
YJL097W,YJL136C,0,-2.9749355,0.17340940237045288,1.0,0.47824347019195557
YGL251C,YLL001W,0,-2.9754357,0.17337943613529205,1.0,0.47834351658821106
YDR236C,YOL120C,0,-2.975792,0.17334946990013123,1.0,0.47844353318214417
YER089C,YHR011W,0,-2.9758387,0.1733195036649704,1.0,0.47854354977607727
YJL157C,YPL051W,0,-2.9778566,0.17328956723213196,1.0,0.47864359617233276
YBR264C,YNL136W,0,-2.9790077,0.17325963079929352,1.0,0.47874361276626587
YDR128W,YPL028W,0,-2.9797454,0.17322970926761627,1.0,0.47884365916252136
YJL125C,YNL101W,0,-2.9799786,0.17319978773593903,1.0,0.47894367575645447
YNL158W,YMR045C,0,-2.9806838,0.17316989600658417,1.0,0.47904372215270996
YKL011C,YKR104W,0,-2.9808707,0.17313998937606812,1.0,0.47914373874664307
YDL007W,YLR097C,0,-2.9812684,0.17311011254787445,1.0,0.47924378514289856
YBL021C,YJR155W,0,-2.9818902,0.1730802357196808,1.0,0.47934380173683167
YER036C,YMR042W,0,-2.9820104,0.17305037379264832,1.0,0.47944381833076477
YMR188C,YJR076C,0,-2.982101,0.17302052676677704,1.0,0.47954386472702026
YER086W,YBR058C,0,-2.983047,0.17299067974090576,1.0,0.47964388132095337
YJR066W,YLR419W,0,-2.9831371,0.17296086251735687,1.0,0.47974392771720886
YHR116W,YGR101W,0,-2.9831972,0.1729310303926468,1.0,0.47984394431114197
YMR080C,YGR135W,0,-2.9836497,0.1729012280702591,1.0,0.47994399070739746
YMR036C,YOR182C,0,-2.9841375,0.1728714257478714,1.0,0.48004400730133057
YOR315W,YDR239C,0,-2.9841628,0.1728416383266449,1.0,0.48014405369758606
YFL047W,YDR447C,0,-2.984449,0.1728118509054184,1.0,0.48024407029151917
YMR314W,YGL157W,0,-2.9858937,0.1727820783853531,1.0,0.48034411668777466
YLR419W,YGL090W,0,-2.9859953,0.17275232076644897,1.0,0.48044413328170776
YOL152W,YMR256C,0,-2.9862757,0.17272257804870605,1.0,0.48054414987564087
YJR158W,YLR371W,0,-2.9865232,0.17269283533096313,1.0,0.48064419627189636
YDL129W,YAR010C,0,-2.9866061,0.1726631075143814,1.0,0.48074421286582947
YLR097C,YOL123W,0,-2.987327,0.17263339459896088,1.0,0.48084425926208496
YLR419W,YKR058W,0,-2.9889703,0.17260368168354034,1.0,0.48094427585601807
YBL103C,YPR005C,0,-2.9891114,0.172573983669281,1.0,0.48104432225227356
YHR206W,YJR058C,0,-2.9892502,0.17254430055618286,1.0,0.48114433884620667
YLR172C,YMR224C,0,-2.9893904,0.17251461744308472,1.0,0.48124438524246216
YNL007C,YER020W,0,-2.989594,0.17248494923114777,1.0,0.48134440183639526
YIL112W,YHR036W,0,-2.9896164,0.172455295920372,1.0,0.48144441843032837
YDL056W,YDR093W,0,-2.9903903,0.17242564260959625,1.0,0.48154446482658386
YGR075C,YJR135W-A,0,-2.991252,0.17239601910114288,1.0,0.48164448142051697
YDL210W,YOL030W,0,-2.9937663,0.17236638069152832,1.0,0.48174452781677246
YLR126C,YHL019C,0,-2.9941235,0.17233677208423615,1.0,0.48184454441070557
YLR214W,YLR090W,0,-2.9943147,0.17230716347694397,1.0,0.48194459080696106
YGL009C,YDL067C,0,-2.9944038,0.172277569770813,1.0,0.48204460740089417
YLR418C,YNL213C,0,-2.9951634,0.172247976064682,1.0,0.48214465379714966
YJR001W,YDR298C,0,-2.997921,0.1722184121608734,1.0,0.48224467039108276
YNR041C,YDR031W,0,-2.9981637,0.17218884825706482,1.0,0.48234471678733826
YBR198C,YNR050C,0,-2.998652,0.17215928435325623,1.0,0.48244473338127136
YHR013C,YIL126W,0,-2.999082,0.17212973535060883,1.0,0.48254474997520447
YGL210W,YBR291C,0,-3.0001006,0.17210020124912262,1.0,0.48264479637145996
YIL090W,YJL052W,0,-3.000842,0.1720706820487976,1.0,0.48274481296539307
YGL128C,YOR070C,0,-3.0017118,0.1720411628484726,1.0,0.48284485936164856
YER131W,YDR031W,0,-3.0033627,0.17201165854930878,1.0,0.48294487595558167
YER133W,YPL048W,0,-3.0054712,0.17198216915130615,1.0,0.48304492235183716
YGL213C,YLR127C,0,-3.0100164,0.17195267975330353,1.0,0.48314493894577026
YOL156W,YIL124W,0,-3.0102944,0.1719232052564621,1.0,0.48324498534202576
YDL127W,YBR213W,0,-3.0106268,0.17189374566078186,1.0,0.48334500193595886
YGL128C,YDL007W,0,-3.0113077,0.17186428606510162,1.0,0.48344504833221436
YHR116W,YIL115C,0,-3.0118384,0.17183484137058258,1.0,0.48354506492614746
YDR071C,YLR237W,0,-3.0119252,0.17180541157722473,1.0,0.48364508152008057
YLR090W,YEL064C,0,-3.0128407,0.17177598178386688,1.0,0.48374512791633606
YOR278W,YNL129W,0,-3.0130086,0.17174658179283142,1.0,0.48384514451026917
YDR511W,YHR181W,0,-3.013619,0.17171716690063477,1.0,0.48394519090652466
YKR038C,YNL217W,0,-3.013853,0.1716877818107605,1.0,0.48404520750045776
YMR166C,YHR028C,0,-3.0144267,0.17165839672088623,1.0,0.48414525389671326
YML125C,YNL339C,0,-3.0146756,0.17162902653217316,1.0,0.48424527049064636
YEL017C-A,YNL248C,0,-3.014711,0.17159965634346008,1.0,0.48434531688690186
YJL153C,YOR306C,0,-3.0151505,0.1715703010559082,1.0,0.48444533348083496
YPR021C,YOR092W,0,-3.0151787,0.17154096066951752,1.0,0.48454535007476807
YLR142W,YDR177W,0,-3.0166526,0.17151163518428802,1.0,0.48464539647102356
YPL059W,YPR108W,0,-3.0172534,0.17148230969905853,1.0,0.48474541306495667
YIL125W,YBL060W,0,-3.0178413,0.17145298421382904,1.0,0.48484545946121216
YPL038W,YAR044W,0,-3.0179977,0.17142368853092194,1.0,0.48494547605514526
YDR018C,YDL099W,0,-3.0180073,0.17139439284801483,1.0,0.48504552245140076
YBR012W-A,YBR040W,0,-3.018025,0.17136511206626892,1.0,0.48514553904533386
YDL210W,YNL293W,0,-3.018208,0.1713358461856842,1.0,0.48524558544158936
YPR168W,YPL220W,0,-3.0183349,0.1713065803050995,1.0,0.48534560203552246
YLR015W,YCR039C,0,-3.01856,0.17127732932567596,1.0,0.48544564843177795
YGR135W,YOR221C,0,-3.0199528,0.17124807834625244,1.0,0.48554566502571106
YLR214W,YNL292W,0,-3.020237,0.1712188422679901,1.0,0.48564568161964417
YLL009C,YBR058C-A,0,-3.020845,0.17118962109088898,1.0,0.48574572801589966
YLR286C,YFR006W,0,-3.02136,0.17116041481494904,1.0,0.48584574460983276
YHL044W,YKL212W,0,-3.0216079,0.1711312085390091,1.0,0.48594579100608826
YJR060W,YDR118W,0,-3.0216622,0.17110201716423035,1.0,0.48604580760002136
YDR117C,YJR058C,0,-3.0217977,0.1710728257894516,1.0,0.48614585399627686
YDR170W-A,YNR020C,0,-3.022925,0.17104364931583405,1.0,0.48624587059020996
YGR292W,YML012W,0,-3.024201,0.17101448774337769,1.0,0.48634591698646545
YMR289W,YLR127C,0,-3.0247984,0.17098534107208252,1.0,0.48644593358039856
YPL269W,YDL184C,0,-3.0263152,0.17095619440078735,1.0,0.48654595017433167
YMR281W,YER126C,0,-3.0264835,0.17092706263065338,1.0,0.48664599657058716
YKR059W,YHR129C,0,-3.0269709,0.1708979457616806,1.0,0.48674601316452026
YML034W,YER147C,0,-3.0284872,0.17086882889270782,1.0,0.48684605956077576
YHR076W,YIR006C,0,-3.0285778,0.17083972692489624,1.0,0.48694607615470886
YNL207W,YMR204C,0,-3.0286913,0.17081062495708466,1.0,0.48704612255096436
YIL160C,YBR299W,0,-3.0299697,0.17078153789043427,1.0,0.48714613914489746
YLR438C-A,YGL059W,0,-3.0299773,0.17075246572494507,1.0,0.48724618554115295
YLR170C,YKL011C,0,-3.030325,0.17072340846061707,1.0,0.48734620213508606
YGR063C,YOR322C,0,-3.0311894,0.17069435119628906,1.0,0.48744624853134155
YEL054C,YDR443C,0,-3.0315948,0.17066530883312225,1.0,0.48754626512527466
YDL101C,YIL090W,0,-3.0322733,0.17063626646995544,1.0,0.48764628171920776
YFL036W,YIL126W,0,-3.0329866,0.17060723900794983,1.0,0.48774632811546326
YFR032C-A,YJR058C,0,-3.0335526,0.1705782264471054,1.0,0.48784634470939636
YDR329C,YFR005C,0,-3.0342045,0.17054922878742218,1.0,0.48794639110565186
YGR123C,YOR070C,0,-3.0353775,0.17052023112773895,1.0,0.48804640769958496
YML027W,YKL181W,0,-3.0363355,0.17049124836921692,1.0,0.48814645409584045
YGL035C,YMR289W,0,-3.0363526,0.17046226561069489,1.0,0.48824647068977356
YBR240C,YNL322C,0,-3.037818,0.17043329775333405,1.0,0.48834651708602905
YDR447C,YMR184W,0,-3.0385618,0.1704043447971344,1.0,0.48844653367996216
YDR510W,YEL050C,0,-3.039867,0.17037540674209595,1.0,0.48854655027389526
YEL038W,YGL003C,0,-3.0411181,0.1703464686870575,1.0,0.48864659667015076
YMR070W,YPL172C,0,-3.0421538,0.17031754553318024,1.0,0.48874661326408386
YKR094C,YOR044W,0,-3.0431747,0.17028862237930298,1.0,0.48884665966033936
YPL026C,YIR009W,0,-3.0437202,0.17025971412658691,1.0,0.48894667625427246
YGR272C,YDR534C,0,-3.0453372,0.17023082077503204,1.0,0.48904672265052795
YMR042W,YOR391C,0,-3.0453534,0.17020192742347717,1.0,0.48914673924446106
YMR290C,YBR299W,0,-3.0459714,0.1701730638742447,1.0,0.48924678564071655
YFR015C,YOR332W,0,-3.0460615,0.170144185423851,1.0,0.48934680223464966
YML129C,YMR281W,0,-3.0479298,0.17011533677577972,1.0,0.48944684863090515
YDR253C,YNL077W,0,-3.048565,0.17008648812770844,1.0,0.48954686522483826
YPR166C,YML095C,0,-3.0486765,0.17005763947963715,1.0,0.48964688181877136
YGR071C,YJR135W-A,0,-3.0497875,0.17002882063388824,1.0,0.48974692821502686
YBR055C,YDR014W,0,-3.0507374,0.17000000178813934,1.0,0.48984694480895996
YPL172C,YGL084C,0,-3.0508337,0.16997119784355164,1.0,0.48994699120521545
YOR037W,YJR139C,0,-3.0509024,0.16994239389896393,1.0,0.49004700779914856
YKL011C,YDR038C,0,-3.051044,0.16991360485553741,1.0,0.49014705419540405
YLR147C,YDR169C,0,-3.051732,0.1698848307132721,1.0,0.49024707078933716
YPR047W,YPR031W,0,-3.0522084,0.16985605657100677,1.0,0.49034711718559265
YGR106C,YOR374W,0,-3.0530586,0.16982729732990265,1.0,0.49044713377952576
YDR478W,YLR079W,0,-3.0537963,0.16979853808879852,1.0,0.49054715037345886
YNL015W,YJL101C,0,-3.0538735,0.16976980865001678,1.0,0.49064719676971436
YBR264C,YJL019W,0,-3.0548968,0.16974107921123505,1.0,0.49074721336364746
YLR357W,YER020W,0,-3.0555944,0.1697123497724533,1.0,0.49084725975990295
YPL106C,YML124C,0,-3.0564342,0.16968363523483276,1.0,0.49094727635383606
YHR143W,YDR313C,0,-3.0565343,0.1696549355983734,1.0,0.49104732275009155
YHR167W,YIR037W,0,-3.059328,0.16962625086307526,1.0,0.49114733934402466
YDR253C,YLR204W,0,-3.0593534,0.1695975661277771,1.0,0.49124738574028015
YER111C,YJL056C,0,-3.0594902,0.16956889629364014,1.0,0.49134740233421326
YBR058C,YMR314W,0,-3.059883,0.16954022645950317,1.0,0.49144744873046875
YER173W,YNR041C,0,-3.0601878,0.1695115715265274,1.0,0.49154746532440186
YMR094W,YER113C,0,-3.0607743,0.16948293149471283,1.0,0.49164748191833496
YML106W,YMR109W,0,-3.0613766,0.16945430636405945,1.0,0.49174752831459045
YGR009C,YMR188C,0,-3.0627465,0.16942568123340607,1.0,0.49184754490852356
YBR205W,YKR037C,0,-3.0629506,0.16939705610275269,1.0,0.49194759130477905
YDR358W,YDR297W,0,-3.0630035,0.1693684607744217,1.0,0.49204760789871216
YGR234W,YGL084C,0,-3.0635471,0.1693398654460907,1.0,0.49214765429496765
YOR057W,YCL027W,0,-3.0643678,0.1693112701177597,1.0,0.49224767088890076
YBR156C,YOL002C,0,-3.0652108,0.1692827045917511,1.0,0.49234771728515625
YMR056C,YPL214C,0,-3.0653505,0.1692541390657425,1.0,0.49244773387908936
YBR022W,YIL090W,0,-3.0663838,0.1692255735397339,1.0,0.49254775047302246
YHR105W,YCL066W,0,-3.067904,0.16919703781604767,1.0,0.49264779686927795
YJR009C,YML015C,0,-3.069333,0.16916848719120026,1.0,0.49274781346321106
YBL060W,YPL172C,0,-3.0695748,0.16913996636867523,1.0,0.49284785985946655
YER007W,YDR014W,0,-3.0696068,0.1691114455461502,1.0,0.49294787645339966
YBR198C,YNL213C,0,-3.0712805,0.16908293962478638,1.0,0.49304792284965515
YPL159C,YNR007C,0,-3.0718436,0.16905444860458374,1.0,0.49314793944358826
YBR245C,YHL016C,0,-3.0721164,0.1690259575843811,1.0,0.49324798583984375
YJL156C,YBR009C,0,-3.073298,0.16899746656417847,1.0,0.49334800243377686
YER086W,YLR139C,0,-3.0746522,0.16896900534629822,1.0,0.49344804883003235
YIL111W,YHL004W,0,-3.075284,0.16894054412841797,1.0,0.49354806542396545
YDR139C,YOL109W,0,-3.0756187,0.1689120978116989,1.0,0.49364808201789856
YHR153C,YNL188W,0,-3.0757608,0.16888365149497986,1.0,0.49374812841415405
YPL060W,YKL059C,0,-3.0758328,0.168855220079422,1.0,0.49384814500808716
YOR096W,YMR139W,0,-3.0758858,0.16882680356502533,1.0,0.49394819140434265
YKL178C,YPL092W,0,-3.0758944,0.16879838705062866,1.0,0.49404820799827576
YGL213C,YIR006C,0,-3.0759516,0.1687699854373932,1.0,0.49414825439453125
YGL210W,YJL073W,0,-3.076467,0.16874158382415771,1.0,0.49424827098846436
YKL183W,YIL126W,0,-3.0766482,0.16871319711208344,1.0,0.49434831738471985
YEL050C,YER112W,0,-3.0770788,0.16868482530117035,1.0,0.49444833397865295
YMR051C,YDR115W,0,-3.0775867,0.16865646839141846,1.0,0.49454835057258606
YKL143W,YAL062W,0,-3.0780616,0.16862811148166656,1.0,0.49464839696884155
YDL120W,YDR093W,0,-3.0784636,0.16859976947307587,1.0,0.49474841356277466
YPR132W,YPL174C,0,-3.0788407,0.16857142746448517,1.0,0.49484845995903015
YLR040C,YOR044W,0,-3.079445,0.16854310035705566,1.0,0.49494847655296326
YFL044C,YPL220W,0,-3.0802946,0.16851478815078735,1.0,0.49504852294921875
YGL211W,YMR163C,0,-3.0808344,0.16848647594451904,1.0,0.49514853954315186
YDL192W,YMR165C,0,-3.0811596,0.16845817863941193,1.0,0.49524858593940735
YML129C,YKR104W,0,-3.081509,0.168429896235466,1.0,0.49534860253334045
YJL019W,YLR265C,0,-3.0817776,0.16840161383152008,1.0,0.49544864892959595
YPL220W,YPL033C,0,-3.0819921,0.16837334632873535,1.0,0.49554866552352905
YML018C,YJL062W-A,0,-3.0825477,0.16834507882595062,1.0,0.49564868211746216
YIR006C,YPL085W,0,-3.083209,0.1683168262243271,1.0,0.49574872851371765
YCR096C,YMR163C,0,-3.083293,0.16828858852386475,1.0,0.49584874510765076
YAL044C,YGR014W,0,-3.0836654,0.1682603657245636,1.0,0.49594879150390625
YER133W,YDR318W,0,-3.0839458,0.16823214292526245,1.0,0.49604880809783936
YGR047C,YGR295C,0,-3.086093,0.1682039201259613,1.0,0.49614885449409485
YML124C,YJL097W,0,-3.086144,0.16817572712898254,1.0,0.49624887108802795
YBR231C,YDR330W,0,-3.0863757,0.16814753413200378,1.0,0.49634891748428345
YMR281W,YER053C,0,-3.0874825,0.16811934113502502,1.0,0.49644893407821655
YLR170C,YLR356W,0,-3.0876713,0.16809116303920746,1.0,0.49654895067214966
YDL108W,YKL042W,0,-3.0877247,0.1680629998445511,1.0,0.49664899706840515
YLR373C,YDR507C,0,-3.0877986,0.1680348515510559,1.0,0.49674901366233826
YHL019C,YMR094W,0,-3.0878553,0.16800670325756073,1.0,0.49684906005859375
YLR038C,YPL204W,0,-3.088921,0.16797856986522675,1.0,0.49694907665252686
YJL165C,YDR363W-A,0,-3.08911,0.16795043647289276,1.0,0.49704912304878235
YNL218W,YDR116C,0,-3.089179,0.16792231798171997,1.0,0.49714913964271545
YNL291C,YJL106W,0,-3.0892558,0.16789421439170837,1.0,0.49724918603897095
YJR158W,YIR017C,0,-3.0902452,0.16786611080169678,1.0,0.49734920263290405
YHR031C,YNL330C,0,-3.0915456,0.16783802211284637,1.0,0.49744924902915955
YNL311C,YDL108W,0,-3.0927486,0.16780993342399597,1.0,0.49754926562309265
YMR303C,YKL028W,0,-3.0930824,0.16778185963630676,1.0,0.49764928221702576
YDL205C,YER051W,0,-3.0941334,0.16775380074977875,1.0,0.49774932861328125
YMR080C,YOR116C,0,-3.0944133,0.16772575676441193,1.0,0.49784934520721436
YML034W,YER120W,0,-3.0945663,0.1676977127790451,1.0,0.49794939160346985
YIR036C,YNL061W,0,-3.0950956,0.16766966879367828,1.0,0.49804940819740295
YER083C,YDR120C,0,-3.095286,0.16764165461063385,1.0,0.49814945459365845
YML054C,YDR107C,0,-3.0955677,0.16761364042758942,1.0,0.49824947118759155
YHR136C,YDR534C,0,-3.0959668,0.16758562624454498,1.0,0.49834951758384705
YLR214W,YOR211C,0,-3.0962806,0.16755764186382294,1.0,0.49844953417778015
YLR266C,YKR038C,0,-3.0966592,0.1675296425819397,1.0,0.49854955077171326
YPL195W,YER112W,0,-3.0968733,0.16750167310237885,1.0,0.49864959716796875
YPL194W,YLR356W,0,-3.0976028,0.167473703622818,1.0,0.49874961376190186
YNL129W,YJL189W,0,-3.0981512,0.16744574904441833,1.0,0.49884966015815735
YER053C,YOL002C,0,-3.0986466,0.16741779446601868,1.0,0.49894967675209045
YNL206C,YPL149W,0,-3.099203,0.1673898547887802,1.0,0.49904972314834595
YGR029W,YLR430W,0,-3.099578,0.16736191511154175,1.0,0.49914973974227905
YDL007W,YGR106C,0,-3.1001043,0.16733400523662567,1.0,0.49924978613853455
YFR037C,YDR393W,0,-3.1009002,0.1673060953617096,1.0,0.49934980273246765
YHR046C,YGR062C,0,-3.1016655,0.16727818548679352,1.0,0.49944984912872314
YAL008W,YNR047W,0,-3.1018333,0.16725029051303864,1.0,0.49954986572265625
YLL001W,YNL091W,0,-3.102334,0.16722241044044495,1.0,0.49964988231658936
YLR364W,YKL042W,0,-3.1023822,0.16719453036785126,1.0,0.49974992871284485
YLR098C,YOR290C,0,-3.1026607,0.16716666519641876,1.0,0.49984994530677795
YDR120C,YMR184W,0,-3.1027489,0.16713881492614746,1.0,0.49994999170303345
YLR427W,YNR040W,0,-3.1030483,0.16711096465587616,1.0,0.5000500082969666
YDL056W,YNL217W,0,-3.1044006,0.16708312928676605,1.0,0.5001500248908997
YML124C,YER161C,0,-3.1047192,0.16705529391765594,1.0,0.5002501010894775
YML074C,YBR241C,0,-3.1071649,0.16702747344970703,1.0,0.5003501176834106
YKR062W,YPL089C,0,-3.1072588,0.1669996678829193,1.0,0.5004501342773438
YEL038W,YLR441C,0,-3.1073327,0.1669718623161316,1.0,0.5005501508712769
YDR312W,YDR197W,0,-3.1077123,0.16694407165050507,1.0,0.50065016746521
YFL039C,YBL022C,0,-3.1079254,0.16691629588603973,1.0,0.5007502436637878
YNL210W,YJL190C,0,-3.108368,0.1668885201215744,1.0,0.500850260257721
YBR198C,YCR094W,0,-3.109726,0.16686075925827026,1.0,0.500950276851654
YJL221C,YDR118W,0,-3.1105042,0.16683299839496613,1.0,0.5010502934455872
YGL040C,YMR152W,0,-3.1108708,0.16680525243282318,1.0,0.501150369644165
YLR134W,YML095C,0,-3.1114216,0.16677752137184143,1.0,0.5012503862380981
YER099C,YHR160C,0,-3.1114297,0.16674979031085968,1.0,0.5013504028320312
YHR116W,YLR147C,0,-3.1115308,0.16672207415103912,1.0,0.5014504194259644
YKL179C,YPR073C,0,-3.112936,0.16669437289237976,1.0,0.5015504360198975
YDR368W,YBR142W,0,-3.1130767,0.1666666716337204,1.0,0.5016505122184753
YBR084W,YGL039W,0,-3.1132755,0.16663897037506104,1.0,0.5017505288124084
YGL119W,YLR188W,0,-3.1135373,0.16661129891872406,1.0,0.5018505454063416
YPR049C,YCR028C,0,-3.113574,0.16658362746238708,1.0,0.5019505620002747
YPR108W,YHR052W,0,-3.1143212,0.1665559560060501,1.0,0.5020506381988525
YDR481C,YKL004W,0,-3.1149583,0.16652831435203552,1.0,0.5021506547927856
YHR172W,YMR221C,0,-3.115498,0.16650065779685974,1.0,0.5022506713867188
YDR253C,YBR231C,0,-3.115532,0.16647303104400635,1.0,0.5023506879806519
YBL093C,YOR242C,0,-3.1162705,0.16644540429115295,1.0,0.5024507641792297
YJR066W,YDR363W-A,0,-3.1164303,0.16641779243946075,1.0,0.5025507807731628
YLR448W,YKL179C,0,-3.1165771,0.16639018058776855,1.0,0.502650797367096
YMR224C,YGR272C,0,-3.1170826,0.16636258363723755,1.0,0.502750813961029
YIR015W,YKR048C,0,-3.1174355,0.16633498668670654,1.0,0.5028508305549622
YER133W,YOL030W,0,-3.117597,0.16630740463733673,1.0,0.50295090675354
YER029C,YGR279C,0,-3.1192307,0.1662798374891281,1.0,0.5030509233474731
YDL101C,YJR143C,0,-3.119265,0.1662522852420807,1.0,0.5031509399414062
YKR094C,YCR037C,0,-3.1192846,0.16622473299503326,1.0,0.5032509565353394
YGR104C,YPL281C,0,-3.120947,0.16619718074798584,1.0,0.5033510327339172
YBR175W,YOR244W,0,-3.1213994,0.1661696434020996,1.0,0.5034510493278503
YGL205W,YOL109W,0,-3.1223416,0.16614212095737457,1.0,0.5035510659217834
YNL129W,YDR251W,0,-3.1225367,0.16611461341381073,1.0,0.5036510825157166
YIL172C,YOL002C,0,-3.1231694,0.1660871058702469,1.0,0.5037510991096497
YDR238C,YJR045C,0,-3.1248302,0.16605959832668304,1.0,0.5038511753082275
YLR192C,YDL006W,0,-3.1254344,0.1660321205854416,1.0,0.5039511919021606
YDR265W,YMR211W,0,-3.1270332,0.16600462794303894,1.0,0.5040512084960938
YLL001W,YGL141W,0,-3.1273437,0.16597716510295868,1.0,0.5041512250900269
YHR140W,YMR224C,0,-3.127863,0.16594970226287842,1.0,0.5042513012886047
YIR006C,YHR129C,0,-3.1292548,0.16592225432395935,1.0,0.5043513178825378
YLR446W,YMR184W,0,-3.129859,0.16589480638504028,1.0,0.504451334476471
YKL109W,YCR040W,0,-3.131136,0.1658673733472824,1.0,0.504551351070404
YDR231C,YER180C,0,-3.1318293,0.16583994030952454,1.0,0.5046513676643372
YJL102W,YDR507C,0,-3.1319914,0.16581253707408905,1.0,0.504751443862915
YDR322W,YOR014W,0,-3.1326423,0.16578511893749237,1.0,0.5048514604568481
YML040W,YBL075C,0,-3.1328826,0.16575773060321808,1.0,0.5049514770507812
YJL165C,YJL062W-A,0,-3.1355953,0.1657303422689438,1.0,0.5050514936447144
YER095W,YNL046W,0,-3.1356225,0.1657029539346695,1.0,0.5051515698432922
YOL030W,YAR010C,0,-3.1356258,0.1656755805015564,1.0,0.5052515864372253
YOR265W,YPL123C,0,-3.1356387,0.1656482219696045,1.0,0.5053516030311584
YER088C,YER173W,0,-3.1357312,0.16562087833881378,1.0,0.5054516196250916
YER091C,YLR121C,0,-3.1358418,0.16559353470802307,1.0,0.5055516362190247
YPL149W,YER164W,0,-3.1359076,0.16556619107723236,1.0,0.5056517124176025
YNL191W,YER051W,0,-3.1387377,0.16553886234760284,1.0,0.5057517290115356
YMR235C,YBL037W,0,-3.1388216,0.16551154851913452,1.0,0.5058517456054688
YGL173C,YIR002C,0,-3.1394873,0.1654842495918274,1.0,0.5059517621994019
YMR211W,YDR400W,0,-3.139585,0.16545695066452026,1.0,0.5060518383979797
YDR481C,YNR007C,0,-3.1396518,0.16542965173721313,1.0,0.5061518549919128
YOR384W,YJL108C,0,-3.14115,0.1654023677110672,1.0,0.506251871585846
YDL137W,YER086W,0,-3.1412334,0.16537509858608246,1.0,0.506351888179779
YPL195W,YLR381W,0,-3.1416068,0.1653478443622589,1.0,0.5064519643783569
YIL009C-A,YNL244C,0,-3.1423182,0.16532059013843536,1.0,0.50655198097229
YLL013C,YDL146W,0,-3.1427007,0.16529333591461182,1.0,0.5066519975662231
YLR142W,YMR316W,0,-3.1427956,0.16526611149311066,1.0,0.5067520141601562
YER061C,YLR246W,0,-3.1429052,0.1652388870716095,1.0,0.5068520307540894
YDR443C,YCR037C,0,-3.143561,0.16521166265010834,1.0,0.5069521069526672
YNR008W,YDR312W,0,-3.1437798,0.16518445312976837,1.0,0.5070521235466003
YJL164C,YGR054W,0,-3.1442509,0.1651572585105896,1.0,0.5071521401405334
YKR104W,YGR075C,0,-3.1462903,0.16513006389141083,1.0,0.5072521567344666
YML027W,YBL101W-A,0,-3.1463957,0.16510288417339325,1.0,0.5073522329330444
YNL001W,YDL195W,0,-3.146863,0.16507570445537567,1.0,0.5074522495269775
YDR022C,YAL025C,0,-3.14704,0.1650485396385193,1.0,0.5075522661209106
YDR510W,YDR032C,0,-3.1495776,0.1650213897228241,1.0,0.5076522827148438
YGL119W,YLR212C,0,-3.1495814,0.1649942398071289,1.0,0.5077522993087769
YER088C,YFL041W,0,-3.1503758,0.1649671047925949,1.0,0.5078523755073547
YDL137W,YDR096W,0,-3.150622,0.1649399697780609,1.0,0.5079523921012878
YNL158W,YOR067C,0,-3.1522727,0.1649128645658493,1.0,0.508052408695221
YDR247W,YKR105C,0,-3.1525054,0.1648857444524765,1.0,0.508152425289154
YGR104C,YKL212W,0,-3.1525145,0.1648586392402649,1.0,0.5082525014877319
YDR495C,YJR135W-A,0,-3.1527553,0.16483154892921448,1.0,0.508352518081665
YDR012W,YPR042C,0,-3.1539564,0.16480447351932526,1.0,0.5084525346755981
YNL129W,YFR007W,0,-3.1541252,0.16477739810943604,1.0,0.5085525512695312
YOL003C,YGR101W,0,-3.1549492,0.16475032269954681,1.0,0.5086525678634644
YKR104W,YLR010C,0,-3.155099,0.16472327709197998,1.0,0.5087526440620422
YNL331C,YDR420W,0,-3.155734,0.16469621658325195,1.0,0.5088526606559753
YJL156C,YLR381W,0,-3.1565762,0.1646691858768463,1.0,0.5089526772499084
YDL210W,YPL121C,0,-3.1568031,0.16464215517044067,1.0,0.5090526938438416
YBL093C,YBR159W,0,-3.1571536,0.16461513936519623,1.0,0.5091527700424194
YPL059W,YIL009C-A,0,-3.1600266,0.16458812355995178,1.0,0.5092527866363525
YOL127W,YOR014W,0,-3.160396,0.16456112265586853,1.0,0.5093528032302856
YLR304C,YGR054W,0,-3.1611328,0.16453412175178528,1.0,0.5094528198242188
YER061C,YJL121C,0,-3.1619377,0.16450713574886322,1.0,0.5095528364181519
YDR056C,YNL135C,0,-3.1621165,0.16448016464710236,1.0,0.5096529126167297
YDL138W,YER153C,0,-3.1624832,0.1644531935453415,1.0,0.5097529292106628
YDR379W,YLR385C,0,-3.163003,0.16442622244358063,1.0,0.509852945804596
YAL013W,YDR071C,0,-3.1636872,0.16439928114414215,1.0,0.509952962398529
YPL144W,YKR048C,0,-3.163961,0.16437233984470367,1.0,0.5100530385971069
YDR050C,YOL123W,0,-3.1645017,0.1643453985452652,1.0,0.51015305519104
YMR139W,YAR044W,0,-3.1646233,0.1643184870481491,1.0,0.5102530717849731
YKL173W,YJL221C,0,-3.1647282,0.16429156064987183,1.0,0.5103530883789062
YDL115C,YLR318W,0,-3.1647758,0.16426466405391693,1.0,0.5104531645774841
YIR014W,YJL170C,0,-3.1648393,0.16423775255680084,1.0,0.5105531811714172
YDR436W,YGR162W,0,-3.1651468,0.16421087086200714,1.0,0.5106531977653503
YLR074C,YHR147C,0,-3.1660728,0.16418398916721344,1.0,0.5107532143592834
YLL062C,YBR297W,0,-3.1665974,0.16415712237358093,1.0,0.5108532309532166
YLR106C,YJL073W,0,-3.1672902,0.16413025557994843,1.0,0.5109533071517944
YIL109C,YOL117W,0,-3.1682873,0.1641034036874771,1.0,0.5110533237457275
YJL165C,YLR438C-A,0,-3.1683388,0.1640765517950058,1.0,0.5111533403396606
YBR122C,YDR362C,0,-3.170651,0.16404971480369568,1.0,0.5112533569335938
YBL106C,YDR116C,0,-3.1709218,0.16402289271354675,1.0,0.5113534331321716
YBR082C,YIR023W,0,-3.1709943,0.16399607062339783,1.0,0.5114534497261047
YDR139C,YAL044C,0,-3.171733,0.1639692634344101,1.0,0.5115534663200378
YDL141W,YKR037C,0,-3.1720805,0.16394247114658356,1.0,0.511653482913971
YDR242W,YJL121C,0,-3.1721578,0.16391567885875702,1.0,0.511753499507904
YGR274C,YAR018C,0,-3.1741157,0.16388888657093048,1.0,0.5118535757064819
YML054C,YHR044C,0,-3.174387,0.16386210918426514,1.0,0.511953592300415
YGR234W,YCR037C,0,-3.175025,0.163835346698761,1.0,0.5120536088943481
YDR524C,YMR012W,0,-3.1751356,0.16380858421325684,1.0,0.5121536254882812
YLR370C,YOL005C,0,-3.1751704,0.16378183662891388,1.0,0.5122537016868591
YHR101C,YDR116C,0,-3.1758232,0.16375510394573212,1.0,0.5123537182807922
YMR036C,YNL268W,0,-3.1763697,0.16372837126255035,1.0,0.5124537348747253
YMR070W,YOR069W,0,-3.177865,0.16370165348052979,1.0,0.5125537514686584
YGR071C,YLR207W,0,-3.178072,0.16367493569850922,1.0,0.5126537680625916
YER131W,YBR297W,0,-3.1781268,0.16364823281764984,1.0,0.5127538442611694
YLR385C,YFR007W,0,-3.1782107,0.16362152993679047,1.0,0.5128538608551025
YLR127C,YOR337W,0,-3.1785216,0.16359484195709229,1.0,0.5129538774490356
YDR170W-A,YGR076C,0,-3.1791816,0.1635681688785553,1.0,0.5130538940429688
YCL047C,YGR189C,0,-3.1800747,0.1635414958000183,1.0,0.5131539702415466
YBR082C,YIL101C,0,-3.180107,0.16351483762264252,1.0,0.5132539868354797
YDR421W,YPL092W,0,-3.1801252,0.16348817944526672,1.0,0.5133540034294128
YCR039C,YGR262C,0,-3.180716,0.16346153616905212,1.0,0.513454020023346
YAR010C,YBR207W,0,-3.1818552,0.16343490779399872,1.0,0.513554036617279
YDR107C,YOR092W,0,-3.1826167,0.1634082794189453,1.0,0.5136541128158569
YKR059W,YJR058C,0,-3.183321,0.1633816510438919,1.0,0.51375412940979
YJL046W,YER012W,0,-3.183743,0.1633550524711609,1.0,0.5138541460037231
YOL103W,YLL038C,0,-3.1845202,0.16332845389842987,1.0,0.5139541625976562
YIL093C,YPL281C,0,-3.1849508,0.16330185532569885,1.0,0.5140542387962341
YOR391C,YIL171W,0,-3.1859784,0.16327527165412903,1.0,0.5141542553901672
YIR015W,YBR299W,0,-3.186092,0.1632487028837204,1.0,0.5142542719841003
YOL157C,YOR127W,0,-3.1865745,0.16322213411331177,1.0,0.5143542885780334
YPR048W,YJL062W-A,0,-3.186644,0.16319558024406433,1.0,0.5144543647766113
YML012W,YKL181W,0,-3.1876965,0.1631690263748169,1.0,0.5145543813705444
YPL258C,YOR269W,0,-3.1883512,0.16314248740673065,1.0,0.5146543979644775
YKL179C,YML009C,0,-3.188592,0.1631159484386444,1.0,0.5147544145584106
YLR015W,YGR279C,0,-3.1888509,0.16308942437171936,1.0,0.5148544311523438
YJR013W,YCR039C,0,-3.1889849,0.1630629152059555,1.0,0.5149545073509216
YDR358W,YNL325C,0,-3.1895776,0.16303640604019165,1.0,0.5150545239448547
YDR318W,YER007W,0,-3.1913872,0.163009911775589,1.0,0.5151545405387878
YIL172C,YER161C,0,-3.1917677,0.16298343241214752,1.0,0.515254557132721
YHL008C,YNL128W,0,-3.192603,0.16295693814754486,1.0,0.5153546333312988
YKL034W,YJL080C,0,-3.192953,0.1629304736852646,1.0,0.5154546499252319
YAL043C,YJR135W-A,0,-3.193501,0.16290400922298431,1.0,0.515554666519165
YPL174C,YAL008W,0,-3.1950364,0.16287755966186523,1.0,0.5156546831130981
YHR105W,YLR109W,0,-3.195477,0.16285111010074615,1.0,0.5157546997070312
YHR092C,YJR065C,0,-3.1985993,0.16282467544078827,1.0,0.5158547759056091
YLR035C-A,YBL060W,0,-3.1987047,0.16279824078083038,1.0,0.5159547924995422
YMR100W,YLR450W,0,-3.1988745,0.1627718210220337,1.0,0.5160548090934753
YPR096C,YMR312W,0,-3.200151,0.1627454161643982,1.0,0.5161548256874084
YGR009C,YJL062W-A,0,-3.2004266,0.1627190113067627,1.0,0.5162549018859863
YKL088W,YDR421W,0,-3.20117,0.1626926213502884,1.0,0.5163549184799194
YLR097C,YKR048C,0,-3.201602,0.1626662313938141,1.0,0.5164549350738525
YEL016C,YML081C-A,0,-3.2026262,0.16263985633850098,1.0,0.5165549516677856
YDR270W,YOR067C,0,-3.2030306,0.16261349618434906,1.0,0.5166549682617188
YER051W,YKL028W,0,-3.2038236,0.16258713603019714,1.0,0.5167550444602966
YPL148C,YGR135W,0,-3.2043161,0.16256077587604523,1.0,0.5168550610542297
YOR389W,YGR037C,0,-3.2048306,0.1625344306230545,1.0,0.5169550776481628
YDR443C,YNL101W,0,-3.2048488,0.16250810027122498,1.0,0.517055094242096
YDL099W,YDL180W,0,-3.205377,0.16248176991939545,1.0,0.5171551704406738
YLR134W,YPR032W,0,-3.205647,0.1624554544687271,1.0,0.5172551870346069
YNL049C,YPR021C,0,-3.2062025,0.16242915391921997,1.0,0.51735520362854
YBL017C,YBL074C,0,-3.2062688,0.16240285336971283,1.0,0.5174552202224731
YBR273C,YOL109W,0,-3.2065768,0.1623765528202057,1.0,0.5175552368164062
YFR006W,YBR030W,0,-3.2083287,0.16235028207302094,1.0,0.5176553130149841
YPR178W,YDL065C,0,-3.2089615,0.162323996424675,1.0,0.5177553296089172
YAR015W,YJR065C,0,-3.2093177,0.16229774057865143,1.0,0.5178553462028503
YLR090W,YCR028C,0,-3.21074,0.16227146983146667,1.0,0.5179553627967834
YCL027W,YGL039W,0,-3.2109637,0.1622452288866043,1.0,0.5180554389953613
YOL064C,YPL172C,0,-3.2116733,0.16221898794174194,1.0,0.5181554555892944
YMR080C,YNR047W,0,-3.211875,0.16219276189804077,1.0,0.5182554721832275
YGR188C,YJL148W,0,-3.2123199,0.1621665358543396,1.0,0.5183554887771606
YBR022W,YLR212C,0,-3.2126393,0.16214030981063843,1.0,0.5184555649757385
YOR381W,YHR013C,0,-3.2131686,0.16211411356925964,1.0,0.5185555815696716
YPL194W,YOR092W,0,-3.213541,0.16208791732788086,1.0,0.5186555981636047
YDR038C,YPR036W,0,-3.2147508,0.16206172108650208,1.0,0.5187556147575378
YLR266C,YLR337W,0,-3.215219,0.16203553974628448,1.0,0.518855631351471
YJR066W,YDR447C,0,-3.216104,0.1620093733072281,1.0,0.5189557075500488
YJL143W,YNR045W,0,-3.2166986,0.1619832068681717,1.0,0.5190557241439819
YMR314W,YGL155W,0,-3.2168078,0.1619570553302765,1.0,0.519155740737915
YNR041C,YPL153C,0,-3.2170863,0.1619309037923813,1.0,0.5192557573318481
YMR080C,YLR385C,0,-3.2171555,0.16190476715564728,1.0,0.519355833530426
YHR044C,YMR045C,0,-3.2185545,0.16187863051891327,1.0,0.5194558501243591
YDL069C,YLR356W,0,-3.2185836,0.16185250878334045,1.0,0.5195558667182922
YBR087W,YAR044W,0,-3.2186913,0.16182640194892883,1.0,0.5196558833122253
YMR088C,YDR038C,0,-3.2188134,0.1618002951145172,1.0,0.5197558999061584
YAL041W,YCR072C,0,-3.2193003,0.1617741882801056,1.0,0.5198559761047363
YGR292W,YHL019C,0,-3.2197409,0.16174811124801636,1.0,0.5199559926986694
YOR039W,YHR117W,0,-3.2198024,0.16172201931476593,1.0,0.5200560092926025
YDL114W,YPR041W,0,-3.2206006,0.1616959571838379,1.0,0.5201560258865356
YKL100C,YKL042W,0,-3.2206225,0.16166989505290985,1.0,0.5202561020851135
YNL049C,YLR446W,0,-3.220676,0.1616438329219818,1.0,0.5203561186790466
YLR106C,YER020W,0,-3.2209115,0.16161778569221497,1.0,0.5204561352729797
YLL035W,YDR054C,0,-3.2215447,0.16159175336360931,1.0,0.5205561518669128
YNL331C,YPL154C,0,-3.2217917,0.16156572103500366,1.0,0.520656168460846
YHR025W,YER110C,0,-3.2220073,0.1615397036075592,1.0,0.5207562446594238
YOR290C,YPR016C,0,-3.2224731,0.16151368618011475,1.0,0.5208562612533569
YLL001W,YBR012W-B,0,-3.2235217,0.16148768365383148,1.0,0.52095627784729
YPR132W,YBR241C,0,-3.2236023,0.16146168112754822,1.0,0.5210562944412231
YNL112W,YIL009C-A,0,-3.2238426,0.16143569350242615,1.0,0.521156370639801
YDR334W,YNL012W,0,-3.22534,0.16140972077846527,1.0,0.5212563872337341
YNL331C,YAL003W,0,-3.225955,0.1613837480545044,1.0,0.5213564038276672
YDL120W,YPR042C,0,-3.2271323,0.1613577902317047,1.0,0.5214564204216003
YNL330C,YJL090C,0,-3.227162,0.16133183240890503,1.0,0.5215564966201782
YMR247C,YJL019W,0,-3.2278056,0.16130588948726654,1.0,0.5216565132141113
YGR047C,YPR122W,0,-3.2286596,0.16127994656562805,1.0,0.5217565298080444
YDR022C,YDL069C,0,-3.2291026,0.16125401854515076,1.0,0.5218565464019775
YOL067C,YDR510W,0,-3.2293406,0.16122810542583466,1.0,0.5219565629959106
YBR084W,YNR047W,0,-3.2295995,0.16120219230651855,1.0,0.5220566391944885
YDR253C,YJR135W-A,0,-3.230031,0.16117627918720245,1.0,0.5221566557884216
YKR059W,YMR086W,0,-3.230618,0.16115038096904755,1.0,0.5222566723823547
YDL190C,YBL060W,0,-3.23205,0.16112449765205383,1.0,0.5223566889762878
YBR012W-A,YPR016C,0,-3.232109,0.16109861433506012,1.0,0.5224567651748657
YJL164C,YMR026C,0,-3.2334747,0.1610727459192276,1.0,0.5225567817687988
YIR037W,YDL095W,0,-3.2341046,0.16104689240455627,1.0,0.5226567983627319
YGL035C,YAL021C,0,-3.2351322,0.16102102398872375,1.0,0.522756814956665
YPR047W,YAL044C,0,-3.2354498,0.16099518537521362,1.0,0.5228568315505981
YJL048C,YGR009C,0,-3.2358375,0.1609693467617035,1.0,0.522956907749176
YDL080C,YCR047C,0,-3.2370925,0.16094352304935455,1.0,0.5230569243431091
YJR098C,YOR221C,0,-3.2371254,0.16091769933700562,1.0,0.5231569409370422
YOR228C,YMR051C,0,-3.238031,0.16089189052581787,1.0,0.5232569575309753
YFL004W,YAL003W,0,-3.2381792,0.16086608171463013,1.0,0.5233570337295532
YML104C,YOL103W,0,-3.2384486,0.16084028780460358,1.0,0.5234570503234863
YHR044C,YLR010C,0,-3.238658,0.16081449389457703,1.0,0.5235570669174194
YJR110W,YLL062C,0,-3.2386827,0.16078871488571167,1.0,0.5236570835113525
YOR037W,YKL199C,0,-3.239069,0.1607629358768463,1.0,0.5237571001052856
YER068W,YDR044W,0,-3.2401853,0.16073718667030334,1.0,0.5238571763038635
YGL003C,YNL301C,0,-3.2412834,0.16071142256259918,1.0,0.5239571928977966
YNL291C,YKR058W,0,-3.2413201,0.1606856733560562,1.0,0.5240572094917297
YNR008W,YBR012W-B,0,-3.2430634,0.16065993905067444,1.0,0.5241572260856628
YJL198W,YIL074C,0,-3.2433867,0.16063420474529266,1.0,0.5242573022842407
YMR042W,YBR084W,0,-3.2434373,0.16060848534107208,1.0,0.5243573188781738
YBR205W,YKL173W,0,-3.2442327,0.1605827659368515,1.0,0.5244573354721069
YKL088W,YHR039C-B,0,-3.2446952,0.16055706143379211,1.0,0.52455735206604
YIL109C,YJL056C,0,-3.2449946,0.16053137183189392,1.0,0.5246573686599731
YBR264C,YPL048W,0,-3.2459884,0.16050568222999573,1.0,0.524757444858551
YER061C,YPL154C,0,-3.246067,0.16047999262809753,1.0,0.5248574614524841
YJL048C,YKL179C,0,-3.246469,0.16045433282852173,1.0,0.5249574780464172
YAR044W,YHR129C,0,-3.2468882,0.16042865812778473,1.0,0.5250574946403503
YDR420W,YKL195W,0,-3.2472534,0.16040301322937012,1.0,0.5251575708389282
YKR058W,YCR004C,0,-3.247356,0.1603773534297943,1.0,0.5252575874328613
YAL043C,YPL028W,0,-3.2477531,0.1603517234325409,1.0,0.5253576040267944
YPR102C,YNL339C,0,-3.247799,0.16032609343528748,1.0,0.5254576206207275
YDL109C,YJL102W,0,-3.2486277,0.16030046343803406,1.0,0.5255576968193054
YPL149W,YBR231C,0,-3.249014,0.16027484834194183,1.0,0.5256577134132385
YJR139C,YGR241C,0,-3.2502313,0.1602492481470108,1.0,0.5257577300071716
YHR167W,YDR115W,0,-3.2507224,0.16022364795207977,1.0,0.5258577466011047
YDR495C,YDR326C,0,-3.2507591,0.16019804775714874,1.0,0.5259577631950378
YDR052C,YMR023C,0,-3.2512045,0.1601724624633789,1.0,0.5260578393936157
YLR221C,YNR047W,0,-3.2519178,0.16014689207077026,1.0,0.5261578559875488
YIL093C,YAL062W,0,-3.2523923,0.16012132167816162,1.0,0.5262578725814819
YOR257W,YLR099C,0,-3.2525535,0.16009576618671417,1.0,0.526357889175415
YKR014C,YGR241C,0,-3.2533417,0.16007022559642792,1.0,0.5264579653739929
YIL004C,YDR038C,0,-3.254006,0.16004468500614166,1.0,0.526557981967926
YMR171C,YCL069W,0,-3.2562647,0.1600191444158554,1.0,0.5266579985618591
YIL111W,YDL109C,0,-3.2566104,0.15999361872673035,1.0,0.5267580151557922
YOL007C,YBR185C,0,-3.2569208,0.15996810793876648,1.0,0.5268580317497253
YOR057W,YGR188C,0,-3.257084,0.1599425971508026,1.0,0.5269581079483032
YER061C,YNR007C,0,-3.2574291,0.15991708636283875,1.0,0.5270581245422363
YOL007C,YER164W,0,-3.2575712,0.15989160537719727,1.0,0.5271581411361694
YLR214W,YPR166C,0,-3.2576866,0.1598661094903946,1.0,0.5272581577301025
YIL172C,YOR044W,0,-3.25885,0.1598406434059143,1.0,0.5273582339286804
YOR047C,YGR014W,0,-3.2592416,0.15981516242027283,1.0,0.5274582505226135
YCR028C,YOR131C,0,-3.2614012,0.15978971123695374,1.0,0.5275582671165466
YER184C,YLR120C,0,-3.261716,0.15976426005363464,1.0,0.5276582837104797
YMR306W,YNR040W,0,-3.2619395,0.15973880887031555,1.0,0.5277583003044128
YKL218C,YOR150W,0,-3.2639542,0.15971337258815765,1.0,0.5278583765029907
YPL195W,YGR262C,0,-3.2645726,0.15968795120716095,1.0,0.5279583930969238
YPL051W,YER096W,0,-3.264731,0.15966252982616425,1.0,0.5280584096908569
YPR168W,YOR150W,0,-3.26482,0.15963712334632874,1.0,0.52815842628479
YFR032C-A,YLL050C,0,-3.2660546,0.15961171686649323,1.0,0.5282585024833679
YDR128W,YPL048W,0,-3.2663302,0.15958631038665771,1.0,0.528358519077301
YLR098C,YNR050C,0,-3.267035,0.1595609337091446,1.0,0.5284585356712341
YML125C,YBR245C,0,-3.2672825,0.15953554213047028,1.0,0.5285585522651672
YMR303C,YKL017C,0,-3.2673383,0.15951018035411835,1.0,0.5286585688591003
YDR052C,YIL039W,0,-3.2682052,0.15948481857776642,1.0,0.5287586450576782
YDR046C,YPL177C,0,-3.2683673,0.1594594568014145,1.0,0.5288586616516113
YGR029W,YPR122W,0,-3.2692847,0.15943410992622375,1.0,0.5289586782455444
YKL156W,YNL091W,0,-3.2693453,0.1594087779521942,1.0,0.5290586948394775
YOR047C,YLR439W,0,-3.2694888,0.15938344597816467,1.0,0.5291587710380554
YPL019C,YGR188C,0,-3.2704353,0.15935811400413513,1.0,0.5292587876319885
YDL080C,YLL011W,0,-3.2710147,0.15933279693126678,1.0,0.5293588042259216
YFR037C,YDR047W,0,-3.2716465,0.15930749475955963,1.0,0.5294588208198547
YJL041W,YCR092C,0,-3.272036,0.15928219258785248,1.0,0.5295588970184326
YKL100C,YBR097W,0,-3.2734942,0.15925690531730652,1.0,0.5296589136123657
YMR217W,YLR237W,0,-3.2737002,0.15923161804676056,1.0,0.5297589302062988
YER027C,YGR292W,0,-3.2737675,0.1592063456773758,1.0,0.5298589468002319
YBR097W,YDR520C,0,-3.2747326,0.15918108820915222,1.0,0.529958963394165
YNL191W,YBR251W,0,-3.2752223,0.15915583074092865,1.0,0.5300590395927429
YDL033C,YJL108C,0,-3.275979,0.15913057327270508,1.0,0.530159056186676
YMR037C,YHL004W,0,-3.2763166,0.1591053307056427,1.0,0.5302590727806091
YMR314W,YMR302C,0,-3.276568,0.15908008813858032,1.0,0.5303590893745422
YLL013C,YGR076C,0,-3.2768574,0.15905487537384033,1.0,0.5304591655731201
YDR486C,YGL123W,0,-3.2769184,0.15902964770793915,1.0,0.5305591821670532
YJL044C,YMR022W,0,-3.2770934,0.15900443494319916,1.0,0.5306591987609863
YER180C,YDL146W,0,-3.2771783,0.15897923707962036,1.0,0.5307592153549194
YER095W,YOR246C,0,-3.2779784,0.15895403921604156,1.0,0.5308592319488525
YDL204W,YJL121C,0,-3.2781858,0.15892885625362396,1.0,0.5309593081474304
YHR011W,YDR252W,0,-3.2787995,0.15890367329120636,1.0,0.5310593247413635
YDL229W,YNL227C,0,-3.278942,0.15887850522994995,1.0,0.5311593413352966
YKR038C,YBR105C,0,-3.279283,0.15885333716869354,1.0,0.5312593579292297
YJR022W,YLR120C,0,-3.2793155,0.15882818400859833,1.0,0.5313594341278076
YOR175C,YHR028C,0,-3.2801042,0.1588030457496643,1.0,0.5314594507217407
YEL013W,YAL035W,0,-3.2801228,0.15877790749073029,1.0,0.5315594673156738
YJL048C,YLR099C,0,-3.2801251,0.15875276923179626,1.0,0.5316594839096069
YDR487C,YLR430W,0,-3.28098,0.15872764587402344,1.0,0.53175950050354
YPL194W,YDR313C,0,-3.2810159,0.1587025374174118,1.0,0.5318595767021179
YDL190C,YBR084W,0,-3.2819643,0.15867742896080017,1.0,0.531959593296051
YER029C,YKR058W,0,-3.2821999,0.15865232050418854,1.0,0.5320596098899841
YKR094C,YKR050W,0,-3.2828379,0.1586272269487381,1.0,0.5321596264839172
YOR175C,YLR430W,0,-3.283647,0.15860214829444885,1.0,0.5322597026824951
YIL138C,YLR010C,0,-3.284562,0.1585770696401596,1.0,0.5323597192764282
YGR035C,YMR122W-A,0,-3.2863832,0.15855200588703156,1.0,0.5324597358703613
YBR082C,YMR198W,0,-3.286477,0.1585269421339035,1.0,0.5325597524642944
YER120W,YGR063C,0,-3.2865367,0.15850189328193665,1.0,0.5326597690582275
YBR213W,YJL121C,0,-3.28685,0.15847685933113098,1.0,0.5327598452568054
YER070W,YBR122C,0,-3.2885327,0.15845181047916412,1.0,0.5328598618507385
YGR262C,YOR092W,0,-3.2902923,0.15842679142951965,1.0,0.5329598784446716
YBL024W,YKL109W,0,-3.291597,0.15840177237987518,1.0,0.5330598950386047
YBR105C,YGR262C,0,-3.2916722,0.1583767533302307,1.0,0.5331599712371826
YJR060W,YPR073C,0,-3.2918625,0.15835174918174744,1.0,0.5332599878311157
YOL103W,YLR276C,0,-3.2930045,0.15832675993442535,1.0,0.5333600044250488
YJR025C,YPL111W,0,-3.2931018,0.15830177068710327,1.0,0.5334600210189819
YPL177C,YCL075W,0,-3.2932215,0.1582767814397812,1.0,0.5335600972175598
YHR167W,YGL258W-A,0,-3.2941108,0.1582518070936203,1.0,0.5336601138114929
YJR009C,YDL038C,0,-3.2941108,0.1582268476486206,1.0,0.533760130405426
YGR272C,YOR211C,0,-3.2941108,0.1582018882036209,1.0,0.5338601469993591
YBR175W,YGL258W-A,0,-3.2941108,0.1581769436597824,1.0,0.5339601635932922
YFR005C,YOR396W,0,-3.2941108,0.1581519991159439,1.0,0.5340602397918701
YMR306W,YGR101W,0,-3.2949362,0.1581270694732666,1.0,0.5341602563858032
YPR047W,YLR403W,0,-3.2955189,0.1581021398305893,1.0,0.5342602729797363
YAR015W,YPR081C,0,-3.2965813,0.15807722508907318,1.0,0.5343602895736694
YDR356W,YPR028W,0,-3.2967296,0.15805231034755707,1.0,0.5344603657722473
YDL108W,YPR005C,0,-3.296886,0.15802741050720215,1.0,0.5345603823661804
YJL153C,YOL071W,0,-3.297853,0.15800252556800842,1.0,0.5346603989601135
YLR142W,YML115C,0,-3.2985325,0.1579776406288147,1.0,0.5347604155540466
YOR240W,YFR006W,0,-3.2986531,0.15795275568962097,1.0,0.5348604321479797
YJR009C,YMR043W,0,-3.3003397,0.15792788565158844,1.0,0.5349605083465576
YMR043W,YPL089C,0,-3.3005266,0.1579030156135559,1.0,0.5350605249404907
YMR247C,YCR040W,0,-3.3005419,0.15787816047668457,1.0,0.5351605415344238
YBR105C,YOR211C,0,-3.300653,0.15785332024097443,1.0,0.5352605581283569
YDR329C,YDR107C,0,-3.302207,0.15782848000526428,1.0,0.5353606343269348
YIL125W,YHR207C,0,-3.302268,0.15780365467071533,1.0,0.5354606509208679
YNL159C,YER053C,0,-3.3024359,0.15777882933616638,1.0,0.535560667514801
YGL089C,YDR279W,0,-3.302804,0.15775400400161743,1.0,0.5356606841087341
YBL088C,YGR194C,0,-3.3028235,0.15772920846939087,1.0,0.5357607007026672
YBL075C,YIR017C,0,-3.3031178,0.1577043980360031,1.0,0.5358607769012451
YNL207W,YPR192W,0,-3.303605,0.15767961740493774,1.0,0.5359607934951782
YJL153C,YDL067C,0,-3.303965,0.15765482187271118,1.0,0.5360608100891113
YEL038W,YML081C-A,0,-3.3043733,0.157630056142807,1.0,0.5361608266830444
YNL308C,YPL186C,0,-3.3048859,0.15760527551174164,1.0,0.5362609028816223
YBR092C,YOR391C,0,-3.3049707,0.15758052468299866,1.0,0.5363609194755554
YHR076W,YPR048W,0,-3.3055334,0.15755575895309448,1.0,0.5364609360694885
YBL017C,YPR073C,0,-3.3059068,0.1575310230255127,1.0,0.5365609526634216
YMR070W,YJR045C,0,-3.30622,0.1575062870979309,1.0,0.5366609692573547
YBL103C,YDL138W,0,-3.306548,0.15748155117034912,1.0,0.5367610454559326
YLR204W,YKR104W,0,-3.306786,0.15745683014392853,1.0,0.5368610620498657
YJL072C,YAL012W,0,-3.306933,0.15743210911750793,1.0,0.5369610786437988
YLR427W,YOL019W,0,-3.3076563,0.15740740299224854,1.0,0.5370610952377319
YGR076C,YMR165C,0,-3.3082519,0.15738271176815033,1.0,0.5371611714363098
YMR056C,YMR026C,0,-3.3084264,0.15735802054405212,1.0,0.5372611880302429
YMR287C,YBR166C,0,-3.3086085,0.15733332931995392,1.0,0.537361204624176
YKL108W,YAL044C,0,-3.3091063,0.1573086529970169,1.0,0.5374612212181091
YBR024W,YDR130C,0,-3.3091803,0.1572839915752411,1.0,0.537561297416687
YOL065C,YCL059C,0,-3.3093424,0.15725933015346527,1.0,0.5376613140106201
YPL121C,YOR044W,0,-3.3097525,0.15723468363285065,1.0,0.5377613306045532
YDR036C,YHR044C,0,-3.3099332,0.15721003711223602,1.0,0.5378613471984863
YAR010C,YGR002C,0,-3.3099942,0.1571853905916214,1.0,0.5379613637924194
YIR023W,YPL033C,0,-3.310193,0.15716075897216797,1.0,0.5380614399909973
YDL082W,YNL339C,0,-3.3102021,0.15713614225387573,1.0,0.5381614565849304
YDL069C,YPL231W,0,-3.31032,0.1571115255355835,1.0,0.5382614731788635
YLR032W,YIR015W,0,-3.3113737,0.15708692371845245,1.0,0.5383614897727966
YER007W,YLR306W,0,-3.3137212,0.1570623219013214,1.0,0.5384615659713745
YJL219W,YGL147C,0,-3.315043,0.15703773498535156,1.0,0.5385615825653076
YKL143W,YDR507C,0,-3.3161683,0.1570131480693817,1.0,0.5386615991592407
YPL121C,YNL268W,0,-3.3169694,0.15698857605457306,1.0,0.5387616157531738
YEL038W,YIL150C,0,-3.3174748,0.1569640040397644,1.0,0.5388616323471069
YGL251C,YGL185C,0,-3.317678,0.15693944692611694,1.0,0.5389617085456848
YOL152W,YPL172C,0,-3.3178577,0.15691488981246948,1.0,0.5390617251396179
YNR011C,YOR391C,0,-3.3184052,0.15689034759998322,1.0,0.539161741733551
YDL231C,YDR126W,0,-3.3186316,0.15686580538749695,1.0,0.5392617583274841
YPL106C,YER061C,0,-3.3193312,0.15684127807617188,1.0,0.539361834526062
YFL041W,YPL092W,0,-3.3201327,0.156816765666008,1.0,0.5394618511199951
YER174C,YER184C,0,-3.3203855,0.15679225325584412,1.0,0.5395618677139282
YLR396C,YDL200C,0,-3.321343,0.15676774084568024,1.0,0.5396618843078613
YBR205W,YNL158W,0,-3.322083,0.15674324333667755,1.0,0.5397619009017944
YKR014C,YFL039C,0,-3.3232465,0.15671874582767487,1.0,0.5398619771003723
YGR218W,YML088W,0,-3.3240972,0.15669426321983337,1.0,0.5399619936943054
YDR297W,YGR001C,0,-3.3242416,0.15666979551315308,1.0,0.5400620102882385
YHR067W,YLR343W,0,-3.3249311,0.15664532780647278,1.0,0.5401620268821716
YGR086C,YPL204W,0,-3.3249545,0.15662086009979248,1.0,0.5402621030807495
YNL292W,YBR289W,0,-3.3259497,0.15659640729427338,1.0,0.5403621196746826
YHR215W,YCR098C,0,-3.3264074,0.15657196938991547,1.0,0.5404621362686157
YBR245C,YDR231C,0,-3.32655,0.15654753148555756,1.0,0.5405621528625488
YPR063C,YDR483W,0,-3.326715,0.15652309358119965,1.0,0.5406621694564819
YIL138C,YGL039W,0,-3.3268528,0.15649867057800293,1.0,0.5407622456550598
YBR289W,YDL200C,0,-3.327304,0.1564742624759674,1.0,0.5408622622489929
YNL119W,YER044C,0,-3.3283286,0.15644985437393188,1.0,0.540962278842926
YGL003C,YFR007W,0,-3.328699,0.15642544627189636,1.0,0.5410622954368591
YBR264C,YDL006W,0,-3.3294482,0.15640105307102203,1.0,0.541162371635437
YPR005C,YBR160W,0,-3.3297396,0.1563766747713089,1.0,0.5412623882293701
YHL047C,YPR184W,0,-3.330121,0.15635229647159576,1.0,0.5413624048233032
YLR396C,YPL028W,0,-3.3312206,0.15632793307304382,1.0,0.5414624214172363
YNL046W,YOR143C,0,-3.3313074,0.15630356967449188,1.0,0.5415624976158142
YDR536W,YPR031W,0,-3.332138,0.15627922117710114,1.0,0.5416625142097473
YPR019W,YNR041C,0,-3.332581,0.1562548726797104,1.0,0.5417625308036804
YHR206W,YMR139W,0,-3.3339834,0.15623052418231964,1.0,0.5418625473976135
YHR027C,YIL051C,0,-3.3352957,0.15620620548725128,1.0,0.5419625639915466
YNL217W,YPL123C,0,-3.3353162,0.15618187189102173,1.0,0.5420626401901245
YGL106W,YGL059W,0,-3.3357325,0.15615755319595337,1.0,0.5421626567840576
YDR531W,YCR096C,0,-3.336156,0.1561332494020462,1.0,0.5422626733779907
YPL031C,YLR467W,0,-3.336534,0.15610894560813904,1.0,0.5423626899719238
YGL223C,YDR436W,0,-3.3367434,0.15608465671539307,1.0,0.5424627661705017
YLR126C,YDR071C,0,-3.3371167,0.1560603678226471,1.0,0.5425627827644348
YKR105C,YBL023C,0,-3.3374486,0.15603609383106232,1.0,0.5426627993583679
YMR287C,YDR421W,0,-3.337626,0.15601181983947754,1.0,0.542762815952301
YER096W,YDR139C,0,-3.3380604,0.15598756074905396,1.0,0.5428628325462341
YPR070W,YMR023C,0,-3.338244,0.15596330165863037,1.0,0.542962908744812
YNL191W,YMR012W,0,-3.339097,0.15593905746936798,1.0,0.5430629253387451
YPR070W,YLR430W,0,-3.3394017,0.1559148132801056,1.0,0.5431629419326782
YNL242W,YGL229C,0,-3.339404,0.1558905839920044,1.0,0.5432629585266113
YNL280C,YHL016C,0,-3.3398314,0.1558663547039032,1.0,0.5433630347251892
YER147C,YLR099C,0,-3.3401566,0.1558421403169632,1.0,0.5434630513191223
YGL205W,YMR303C,0,-3.340815,0.1558179259300232,1.0,0.5435630679130554
YPR070W,YMR165C,0,-3.3418746,0.15579372644424438,1.0,0.5436630845069885
YLR096W,YGR006W,0,-3.342008,0.15576952695846558,1.0,0.5437631011009216
YHR206W,YDR197W,0,-3.342679,0.15574534237384796,1.0,0.5438631772994995
YMR289W,YMR163C,0,-3.3428073,0.15572115778923035,1.0,0.5439631938934326
YBL021C,YMR045C,0,-3.3440495,0.15569698810577393,1.0,0.5440632104873657
YOR151C,YCR004C,0,-3.3440552,0.1556728184223175,1.0,0.5441632270812988
YHR171W,YDR510W,0,-3.344438,0.15564866364002228,1.0,0.5442633032798767
YJR010C-A,YER113C,0,-3.344808,0.15562450885772705,1.0,0.5443633198738098
YDL007W,YNL128W,0,-3.3472362,0.15560036897659302,1.0,0.5444633364677429
YLR364W,YHL016C,0,-3.3479714,0.15557624399662018,1.0,0.544563353061676
YGL161C,YGR184C,0,-3.3483667,0.15555210411548615,1.0,0.5446633696556091
YJL072C,YLR207W,0,-3.3486738,0.1555279940366745,1.0,0.544763445854187
YJL165C,YPL123C,0,-3.3489518,0.15550386905670166,1.0,0.5448634624481201
YDL115C,YJL080C,0,-3.349926,0.1554797738790512,1.0,0.5449634790420532
YEL059C-A,YPL111W,0,-3.3502598,0.15545567870140076,1.0,0.5450634956359863
YEL064C,YOL072W,0,-3.3517418,0.1554315835237503,1.0,0.5451635718345642
YHL047C,YER147C,0,-3.3526392,0.15540750324726105,1.0,0.5452635884284973
YIL051C,YGR194C,0,-3.353026,0.1553834229707718,1.0,0.5453636050224304
YGL161C,YIL051C,0,-3.3532114,0.15535935759544373,1.0,0.5454636216163635
YMR298W,YJL190C,0,-3.3538618,0.15533529222011566,1.0,0.5455636978149414
YDR219C,YFL029C,0,-3.3541255,0.1553112417459488,1.0,0.5456637144088745
YPL231W,YDR320C,0,-3.3544655,0.15528719127178192,1.0,0.5457637310028076
YEL016C,YLR430W,0,-3.3551893,0.15526315569877625,1.0,0.5458637475967407
YDL069C,YGL253W,0,-3.3560686,0.15523912012577057,1.0,0.5459637641906738
YKL108W,YDR003W,0,-3.3573513,0.1552150994539261,1.0,0.5460638403892517
YKL059C,YER089C,0,-3.357638,0.1551910936832428,1.0,0.5461638569831848
YNL280C,YLR430W,0,-3.3591495,0.15516707301139832,1.0,0.5462638735771179
YNL015W,YBR231C,0,-3.359599,0.15514308214187622,1.0,0.546363890171051
YOR348C,YJL148W,0,-3.359601,0.15511909127235413,1.0,0.5464639663696289
YMR188C,YDL095W,0,-3.3596616,0.15509510040283203,1.0,0.546563982963562
YDR219C,YBR024W,0,-3.3597274,0.15507112443447113,1.0,0.5466639995574951
YDR036C,YNL242W,0,-3.3597417,0.15504714846611023,1.0,0.5467640161514282
YPR186C,YOR044W,0,-3.3605404,0.15502318739891052,1.0,0.5468640327453613
YFR005C,YBR245C,0,-3.3619251,0.15499922633171082,1.0,0.5469641089439392
YPR178W,YMR023C,0,-3.3619452,0.1549752801656723,1.0,0.5470641255378723
YOL139C,YDR523C,0,-3.3627963,0.1549513339996338,1.0,0.5471641421318054
YMR071C,YDL008W,0,-3.362844,0.15492740273475647,1.0,0.5472641587257385
YHR140W,YJL133W,0,-3.3629928,0.15490347146987915,1.0,0.5473642349243164
YML094W,YOL109W,0,-3.3631153,0.15487955510616302,1.0,0.5474642515182495
YBR198C,YNR007C,0,-3.363524,0.1548556387424469,1.0,0.5475642681121826
YHL004W,YER106W,0,-3.3636646,0.15483173727989197,1.0,0.5476642847061157
YJR025C,YJL065C,0,-3.3643107,0.15480783581733704,1.0,0.5477643013000488
YOL100W,YER133W,0,-3.3643475,0.1547839492559433,1.0,0.5478643774986267
YGR035C,YBR105C,0,-3.3647957,0.15476006269454956,1.0,0.5479643940925598
YKL143W,YOL147C,0,-3.3660283,0.15473619103431702,1.0,0.5480644106864929
YEL038W,YGL168W,0,-3.3664484,0.15471231937408447,1.0,0.548164427280426
YHR046C,YLR045C,0,-3.366866,0.15468846261501312,1.0,0.5482645034790039
YJR066W,YIR017C,0,-3.3670835,0.15466460585594177,1.0,0.548364520072937
YDR379W,YPR047W,0,-3.3672304,0.15464076399803162,1.0,0.5484645366668701
YNR050C,YDR313C,0,-3.368248,0.15461692214012146,1.0,0.5485645532608032
YJL198W,YDR071C,0,-3.3692055,0.1545930951833725,1.0,0.5486645698547363
YKR105C,YCL031C,0,-3.3695698,0.15456926822662354,1.0,0.5487646460533142
YGL232W,YIR015W,0,-3.3701334,0.15454545617103577,1.0,0.5488646626472473
YDR018C,YAL025C,0,-3.3705063,0.154521644115448,1.0,0.5489646792411804
YBR097W,YLL022C,0,-3.370605,0.15449784696102142,1.0,0.5490646958351135
YDR524C,YNR047W,0,-3.3722692,0.15447404980659485,1.0,0.5491647720336914
YHR031C,YCR039C,0,-3.3726726,0.15445026755332947,1.0,0.5492647886276245
YIL039W,YPL123C,0,-3.3729968,0.1544264853000641,1.0,0.5493648052215576
YDR536W,YFR006W,0,-3.3731384,0.1544027030467987,1.0,0.5494648218154907
YOL100W,YDR511W,0,-3.3733568,0.1543789505958557,1.0,0.5495648980140686
YER099C,YNR050C,0,-3.373927,0.15435518324375153,1.0,0.5496649146080017
YMR297W,YDR534C,0,-3.3739939,0.15433143079280853,1.0,0.5497649312019348
YNL191W,YPL103C,0,-3.3741426,0.15430769324302673,1.0,0.5498649477958679
YGL210W,YPR047W,0,-3.3747783,0.15428395569324493,1.0,0.549964964389801
YDL033C,YJR135W-A,0,-3.3748207,0.15426023304462433,1.0,0.5500650405883789
YLR038C,YDR524C,0,-3.3748894,0.15423651039600372,1.0,0.550165057182312
YNL077W,YHR013C,0,-3.3761196,0.15421278774738312,1.0,0.5502650737762451
YLR343W,YDR003W,0,-3.3764944,0.1541890799999237,1.0,0.5503650903701782
YJL133W,YMR045C,0,-3.3767743,0.1541653871536255,1.0,0.5504651665687561
YDL195W,YLR127C,0,-3.3768682,0.15414169430732727,1.0,0.5505651831626892
YML106W,YPR081C,0,-3.377098,0.15411800146102905,1.0,0.5506651997566223
YOL138C,YIR009W,0,-3.3771548,0.15409432351589203,1.0,0.5507652163505554
YJL153C,YOR233W,0,-3.3784971,0.1540706604719162,1.0,0.5508652329444885
YBR299W,YDL008W,0,-3.3786945,0.15404699742794037,1.0,0.5509653091430664
YEL038W,YFR005C,0,-3.3789392,0.15402333438396454,1.0,0.5510653257369995
YIL125W,YOR211C,0,-3.3804126,0.1539996862411499,1.0,0.5511653423309326
YGR272C,YKL024C,0,-3.3807406,0.15397605299949646,1.0,0.5512653589248657
YHL008C,YNL191W,0,-3.3809361,0.15395241975784302,1.0,0.5513654351234436
YDR052C,YLR371W,0,-3.3810954,0.15392878651618958,1.0,0.5514654517173767
YJR098C,YBR245C,0,-3.381885,0.15390516817569733,1.0,0.5515654683113098
YLL001W,YOR322C,0,-3.382669,0.15388156473636627,1.0,0.5516654849052429
YGL173C,YBR207W,0,-3.3830547,0.15385794639587402,1.0,0.551765501499176
YLR134W,YIL009C-A,0,-3.385827,0.15383435785770416,1.0,0.5518655776977539
YBR048W,YNL128W,0,-3.3858285,0.1538107693195343,1.0,0.551965594291687
YGL178W,YDR118W,0,-3.3867345,0.15378718078136444,1.0,0.5520656108856201
YOR063W,YGR189C,0,-3.3891916,0.15376360714435577,1.0,0.5521656274795532
YAR007C,YBR142W,0,-3.3902082,0.1537400335073471,1.0,0.5522657036781311
YAR007C,YOR233W,0,-3.3904,0.15371647477149963,1.0,0.5523657202720642
YHR186C,YMR285C,0,-3.3926144,0.15369291603565216,1.0,0.5524657368659973
YLR427W,YBR084W,0,-3.3935466,0.15366937220096588,1.0,0.5525657534599304
YDR253C,YNL310C,0,-3.3936176,0.1536458283662796,1.0,0.5526657700538635
YMR289W,YIR037W,0,-3.3941717,0.15362229943275452,1.0,0.5527658462524414
YDL101C,YHR086W,0,-3.39638,0.15359877049922943,1.0,0.5528658628463745
YGR124W,YDR239C,0,-3.396761,0.15357525646686554,1.0,0.5529658794403076
YCR020C,YBR122C,0,-3.396905,0.15355174243450165,1.0,0.5530658960342407
YDR126W,YNR040W,0,-3.397069,0.15352824330329895,1.0,0.5531659722328186
YJL046W,YPL153C,0,-3.3990269,0.15350474417209625,1.0,0.5532659888267517
YGL222C,YJL065C,0,-3.399077,0.15348125994205475,1.0,0.5533660054206848
YLR015W,YDR479C,0,-3.4022346,0.15345777571201324,1.0,0.5534660220146179
YMR098C,YCR004C,0,-3.4023838,0.15343429148197174,1.0,0.5535660982131958
YER095W,YLR015W,0,-3.4039197,0.15341082215309143,1.0,0.5536661148071289
YNL061W,YOL157C,0,-3.403926,0.15338736772537231,1.0,0.553766131401062
YBL103C,YML088W,0,-3.4040136,0.1533639132976532,1.0,0.5538661479949951
YPR166C,YMR086W,0,-3.4048638,0.15334047377109528,1.0,0.5539661645889282
YNL210W,YKR105C,0,-3.4051661,0.15331703424453735,1.0,0.5540662407875061
YMR006C,YDL060W,0,-3.405478,0.15329359471797943,1.0,0.5541662573814392
YNL210W,YDR320C-A,0,-3.4064994,0.1532701700925827,1.0,0.5542662739753723
YER091C,YDL146W,0,-3.4068794,0.15324676036834717,1.0,0.5543662905693054
YBR237W,YGL168W,0,-3.4069157,0.15322333574295044,1.0,0.5544663667678833
YKL100C,YER061C,0,-3.4070067,0.1531999409198761,1.0,0.5545663833618164
YML018C,YMR017W,0,-3.4071088,0.15317654609680176,1.0,0.5546663999557495
YHR101C,YNL112W,0,-3.4084044,0.15315315127372742,1.0,0.5547664165496826
YKR062W,YOR061W,0,-3.4084396,0.15312977135181427,1.0,0.5548664331436157
YBR030W,YOR396W,0,-3.408709,0.15310639142990112,1.0,0.5549665093421936
YDR363W-A,YAR044W,0,-3.408709,0.15308302640914917,1.0,0.5550665259361267
YDL030W,YGL258W-A,0,-3.408709,0.15305966138839722,1.0,0.5551665425300598
YDR440W,YGR189C,0,-3.4091406,0.15303631126880646,1.0,0.5552665591239929
YCR020C,YGL095C,0,-3.409203,0.1530129611492157,1.0,0.5553666353225708
YER091C,YKL181W,0,-3.4093547,0.15298962593078613,1.0,0.5554666519165039
YDR088C,YIL136W,0,-3.4094968,0.15296629071235657,1.0,0.555566668510437
YJL101C,YGL123W,0,-3.4095345,0.1529429703950882,1.0,0.5556666851043701
YML018C,YDR128W,0,-3.4097924,0.15291965007781982,1.0,0.5557667016983032
YJL221C,YPR021C,0,-3.410523,0.15289634466171265,1.0,0.5558667778968811
YMR314W,YDR376W,0,-3.4112358,0.15287303924560547,1.0,0.5559667944908142
YBR123C,YLR154C,0,-3.411508,0.1528497338294983,1.0,0.5560668110847473
YAL008W,YDR313C,0,-3.4118586,0.1528264582157135,1.0,0.5561668276786804
YPL148C,YDR533C,0,-3.4118695,0.15280316770076752,1.0,0.5562669038772583
YGR008C,YGR279C,0,-3.4131904,0.15277989208698273,1.0,0.5563669204711914
YPL022W,YJR155W,0,-3.4138818,0.15275663137435913,1.0,0.5564669370651245
YMR221C,YER147C,0,-3.4139075,0.15273337066173553,1.0,0.5565669536590576
YPL121C,YOL133W,0,-3.415237,0.15271010994911194,1.0,0.5566670298576355
YHR215W,YDL130W-A,0,-3.415851,0.15268686413764954,1.0,0.5567670464515686
YJR104C,YFL004W,0,-3.416028,0.15266361832618713,1.0,0.5568670630455017
YDL019C,YNL119W,0,-3.4161463,0.15264038741588593,1.0,0.5569670796394348
YER148W,YKL198C,0,-3.4172344,0.15261715650558472,1.0,0.5570670962333679
YDR107C,YDR507C,0,-3.417379,0.1525939404964447,1.0,0.5571671724319458
YKR038C,YIL138C,0,-3.418727,0.15257073938846588,1.0,0.5572671890258789
YHR215W,YKR104W,0,-3.4197226,0.15254752337932587,1.0,0.557367205619812
YBR030W,YDR380W,0,-3.421011,0.15252433717250824,1.0,0.5574672222137451
YMR037C,YDR116C,0,-3.4218082,0.15250113606452942,1.0,0.557567298412323
YDL141W,YDR501W,0,-3.421813,0.1524779498577118,1.0,0.5576673150062561
YDR448W,YNL189W,0,-3.4229946,0.15245477855205536,1.0,0.5577673316001892
YOL139C,YNL012W,0,-3.423252,0.15243160724639893,1.0,0.5578673481941223
YOR257W,YCR081W,0,-3.425074,0.1524084508419037,1.0,0.5579673647880554
YGR088W,YJR013W,0,-3.4253607,0.15238529443740845,1.0,0.5580674409866333
YHR028C,YOR127W,0,-3.4273467,0.1523621380329132,1.0,0.5581674575805664
YAL023C,YIL124W,0,-3.4274092,0.15233899652957916,1.0,0.5582674741744995
YKR061W,YOL149W,0,-3.4275446,0.1523158699274063,1.0,0.5583674907684326
YGR286C,YPR184W,0,-3.4278727,0.15229274332523346,1.0,0.5584675669670105
YDR248C,YDR046C,0,-3.42806,0.1522696167230606,1.0,0.5585675835609436
YCR028C,YER164W,0,-3.429245,0.15224650502204895,1.0,0.5586676001548767
YOR167C,YDR032C,0,-3.4293318,0.1522234082221985,1.0,0.5587676167488098
YBR240C,YDR077W,0,-3.4305081,0.15220029652118683,1.0,0.5588676333427429
YER148W,YMR152W,0,-3.4309044,0.15217721462249756,1.0,0.5589677095413208
YJL056C,YGL095C,0,-3.4309196,0.1521541327238083,1.0,0.5590677261352539
YDL007W,YDL082W,0,-3.431367,0.15213105082511902,1.0,0.559167742729187
YPR192W,YML063W,0,-3.4325027,0.15210798382759094,1.0,0.5592677593231201
YDR036C,YDR054C,0,-3.433065,0.15208491683006287,1.0,0.559367835521698
YKR062W,YNL135C,0,-3.4330783,0.1520618498325348,1.0,0.5594678521156311
YGL178W,YML009C,0,-3.4341388,0.1520388126373291,1.0,0.5595678687095642
YDR342C,YNL115C,0,-3.4346457,0.15201576054096222,1.0,0.5596678853034973
YDR536W,YDL200C,0,-3.434836,0.15199272334575653,1.0,0.5597679018974304
YPL194W,YLR446W,0,-3.4359803,0.15196970105171204,1.0,0.5598679780960083
YDR400W,YDR330W,0,-3.4361467,0.15194667875766754,1.0,0.5599679946899414
YHR167W,YBR241C,0,-3.4361482,0.15192365646362305,1.0,0.5600680112838745
YMR281W,YPR054W,0,-3.4363923,0.15190064907073975,1.0,0.5601680278778076
YMR235C,YDL200C,0,-3.4365115,0.15187765657901764,1.0,0.5602681040763855
YPR005C,YER044C,0,-3.4376345,0.15185464918613434,1.0,0.5603681206703186
YGR088W,YLR430W,0,-3.4380026,0.15183167159557343,1.0,0.5604681372642517
YFR041C,YFR006W,0,-3.4383316,0.1518086940050125,1.0,0.5605681538581848
YGL157W,YDR483W,0,-3.4388514,0.1517857164144516,1.0,0.5606682300567627
YER007W,YOR233W,0,-3.4392662,0.15176275372505188,1.0,0.5607682466506958
YBR158W,YFL037W,0,-3.4397216,0.15173979103565216,1.0,0.5608682632446289
YDL190C,YJR045C,0,-3.4405231,0.15171682834625244,1.0,0.560968279838562
YHL040C,YHR064C,0,-3.4407206,0.1516938954591751,1.0,0.5610682964324951
YER114C,YLR276C,0,-3.4409971,0.15167094767093658,1.0,0.561168372631073
YOL100W,YOR270C,0,-3.4419594,0.15164801478385925,1.0,0.5612683892250061
YKL178C,YLL011W,0,-3.4424758,0.15162509679794312,1.0,0.5613684058189392
YBR035C,YML009C,0,-3.443262,0.15160217881202698,1.0,0.5614684224128723
YML018C,YLR079W,0,-3.4433584,0.15157926082611084,1.0,0.5615684986114502
YDR013W,YFR005C,0,-3.4435868,0.1515563577413559,1.0,0.5616685152053833
YGL021W,YGL232W,0,-3.4436822,0.15153346955776215,1.0,0.5617685317993164
YOL139C,YLR304C,0,-3.444512,0.1515105813741684,1.0,0.5618685483932495
YLR364W,YML115C,0,-3.4450355,0.15148769319057465,1.0,0.5619685649871826
YDR523C,YDR169C,0,-3.4470062,0.1514648199081421,1.0,0.5620686411857605
YJL165C,YNL101W,0,-3.4473853,0.15144194662570953,1.0,0.5621686577796936
YGR158C,YDR380W,0,-3.4477577,0.15141908824443817,1.0,0.5622686743736267
YDR170W-A,YBR175W,0,-3.448072,0.1513962298631668,1.0,0.5623686909675598
YNL112W,YLR337W,0,-3.4486036,0.15137337148189545,1.0,0.5624687671661377
YPL089C,YMR122W-A,0,-3.4487324,0.15135054290294647,1.0,0.5625687837600708
YMR235C,YPL174C,0,-3.4500737,0.1513276994228363,1.0,0.5626688003540039
YOR047C,YDR022C,0,-3.4504094,0.15130487084388733,1.0,0.562768816947937
YLR147C,YPL204W,0,-3.4505835,0.15128205716609955,1.0,0.5628688335418701
YER087C-A,YIR015W,0,-3.4534287,0.15125924348831177,1.0,0.562968909740448
YGR029W,YLR086W,0,-3.4536467,0.151236429810524,1.0,0.5630689263343811
YMR036C,YOR174W,0,-3.453918,0.1512136310338974,1.0,0.5631689429283142
YPR178W,YOR150W,0,-3.4539495,0.1511908322572708,1.0,0.5632689595222473
YCL075W,YGR063C,0,-3.4548345,0.15116804838180542,1.0,0.5633690357208252
YIL090W,YGL157W,0,-3.4551673,0.15114526450634003,1.0,0.5634690523147583
YMR042W,YBL037W,0,-3.4560928,0.15112249553203583,1.0,0.5635690689086914
YFR008W,YGR156W,0,-3.456509,0.15109972655773163,1.0,0.5636690855026245
YGL128C,YMR056C,0,-3.4566264,0.15107697248458862,1.0,0.5637691020965576
YGL173C,YJL041W,0,-3.4568696,0.15105421841144562,1.0,0.5638691782951355
YGR047C,YNL189W,0,-3.4576755,0.1510314643383026,1.0,0.5639691948890686
YLR096W,YDL006W,0,-3.4577684,0.1510087251663208,1.0,0.5640692114830017
YPL101W,YDL008W,0,-3.4584494,0.15098600089550018,1.0,0.5641692280769348
YGL119W,YDL085W,0,-3.4592915,0.15096327662467957,1.0,0.5642693042755127
YIL125W,YML125C,0,-3.459384,0.15094055235385895,1.0,0.5643693208694458
YHR092C,YBL082C,0,-3.459413,0.15091784298419952,1.0,0.5644693374633789
YEL038W,YLR078C,0,-3.459972,0.1508951336145401,1.0,0.564569354057312
YDR032C,YLR010C,0,-3.4599757,0.15087243914604187,1.0,0.5646694302558899
YJL125C,YGR014W,0,-3.4602103,0.15084974467754364,1.0,0.564769446849823
YDR440W,YDL017W,0,-3.4625506,0.1508270651102066,1.0,0.5648694634437561
YDR219C,YMR204C,0,-3.4626212,0.15080438554286957,1.0,0.5649694800376892
YDR056C,YLR381W,0,-3.4627209,0.15078172087669373,1.0,0.5650694966316223
YDL030W,YHR013C,0,-3.4640794,0.15075905621051788,1.0,0.5651695728302002
YPR049C,YOL120C,0,-3.4648871,0.15073640644550323,1.0,0.5652695894241333
YPL095C,YAL025C,0,-3.4656873,0.1507137417793274,1.0,0.5653696060180664
YDL101C,YGR063C,0,-3.4659357,0.15069110691547394,1.0,0.5654696226119995
YKR059W,YML087C,0,-3.46636,0.15066847205162048,1.0,0.5655696988105774
YOL018C,YMR056C,0,-3.4663663,0.15064583718776703,1.0,0.5656697154045105
YOR228C,YGR184C,0,-3.4665346,0.15062321722507477,1.0,0.5657697319984436
YKL135C,YDL006W,0,-3.4665737,0.1506005972623825,1.0,0.5658697485923767
YHR105W,YHL004W,0,-3.4667368,0.15057799220085144,1.0,0.5659697651863098
YER148W,YOL133W,0,-3.466814,0.15055538713932037,1.0,0.5660698413848877
YMR235C,YFR015C,0,-3.4676313,0.1505327969789505,1.0,0.5661698579788208
YDL185W,YOR306C,0,-3.4681883,0.15051020681858063,1.0,0.5662698745727539
YLR100W,YFR007W,0,-3.4699392,0.15048761665821075,1.0,0.566369891166687
YPL106C,YMR163C,0,-3.4701142,0.15046504139900208,1.0,0.5664699673652649
YPL177C,YIL115C,0,-3.4706593,0.1504424810409546,1.0,0.566569983959198
YNL046W,YLL050C,0,-3.4708595,0.1504199206829071,1.0,0.5666700005531311
YOL002C,YOR244W,0,-3.4709272,0.15039736032485962,1.0,0.5667700171470642
YDL229W,YML087C,0,-3.471027,0.15037481486797333,1.0,0.5668700337409973
YDL080C,YHR086W,0,-3.4713092,0.15035226941108704,1.0,0.5669701099395752
YDL138W,YJR029W,0,-3.4714136,0.15032973885536194,1.0,0.5670701265335083
YIR014W,YBL074C,0,-3.4714198,0.15030720829963684,1.0,0.5671701431274414
YPL160W,YGL157W,0,-3.471612,0.15028469264507294,1.0,0.5672701597213745
YOR174W,YBL090W,0,-3.4725895,0.15026217699050903,1.0,0.5673702359199524
YBR022W,YMR042W,0,-3.4729037,0.15023966133594513,1.0,0.5674702525138855
YNL001W,YKL178C,0,-3.473403,0.15021716058254242,1.0,0.5675702691078186
YBL074C,YGR272C,0,-3.473446,0.1501946747303009,1.0,0.5676702857017517
YJL170C,YKL212W,0,-3.4736376,0.1501721888780594,1.0,0.5677703022956848
YKL173W,YMR256C,0,-3.474246,0.15014970302581787,1.0,0.5678703784942627
YDL231C,YAL034W-A,0,-3.474957,0.15012723207473755,1.0,0.5679703950881958
YJR009C,YHL008C,0,-3.4759545,0.15010476112365723,1.0,0.5680704116821289
YGL089C,YDL136W,0,-3.476585,0.1500823050737381,1.0,0.568170428276062
YGL009C,YGR188C,0,-3.4767194,0.15005984902381897,1.0,0.5682705044746399
YDR358W,YGL258W-A,0,-3.4775248,0.15003739297389984,1.0,0.568370521068573
YLR238W,YJL109C,0,-3.477697,0.1500149518251419,1.0,0.5684705376625061
YJR009C,YDR313C,0,-3.4784217,0.14999252557754517,1.0,0.5685705542564392
YPL121C,YMR128W,0,-3.4789977,0.14997009932994843,1.0,0.5686706304550171
YLR192C,YDL030W,0,-3.481206,0.14994767308235168,1.0,0.5687706470489502
YFR037C,YER096W,0,-3.4812894,0.14992526173591614,1.0,0.5688706636428833
YBR033W,YDL006W,0,-3.4816685,0.1499028503894806,1.0,0.5689706802368164
YBL075C,YER148W,0,-3.4828873,0.14988045394420624,1.0,0.5690706968307495
YNL206C,YHR039C-B,0,-3.4849277,0.14985805749893188,1.0,0.5691707730293274
YML027W,YIR012W,0,-3.4851341,0.14983567595481873,1.0,0.5692707896232605
YJR094W-A,YDR238C,0,-3.485351,0.14981329441070557,1.0,0.5693708062171936
YPR098C,YBR273C,0,-3.4860091,0.1497909128665924,1.0,0.5694708228111267
YDR197W,YMR204C,0,-3.4860568,0.14976854622364044,1.0,0.5695708990097046
YPL091W,YDR052C,0,-3.4864402,0.14974619448184967,1.0,0.5696709156036377
YPL101W,YOL072W,0,-3.487599,0.1497238427400589,1.0,0.5697709321975708
YOR201C,YNL212W,0,-3.488603,0.14970149099826813,1.0,0.5698709487915039
YMR314W,YDR086C,0,-3.489592,0.14967915415763855,1.0,0.569970965385437
YHL008C,YBL020W,0,-3.4899192,0.14965681731700897,1.0,0.5700710415840149
YMR056C,YCR010C,0,-3.490201,0.1496344953775406,1.0,0.570171058177948
YPL091W,YLR038C,0,-3.490728,0.1496121734380722,1.0,0.5702710747718811
YPL195W,YGR101W,0,-3.490974,0.14958985149860382,1.0,0.5703710913658142
YAL043C,YIR006C,0,-3.4912963,0.14956754446029663,1.0,0.5704711675643921
YNR061C,YBR299W,0,-3.4917288,0.14954525232315063,1.0,0.5705711841583252
YMR287C,YDR483W,0,-3.4921598,0.14952296018600464,1.0,0.5706712007522583
YGL173C,YLR371W,0,-3.4925222,0.14950066804885864,1.0,0.5707712173461914
YDR400W,YDR402C,0,-3.4927044,0.14947839081287384,1.0,0.5708712339401245
YML113W,YGL059W,0,-3.492722,0.14945611357688904,1.0,0.5709713101387024
YPL148C,YOR124C,0,-3.4930286,0.14943385124206543,1.0,0.5710713267326355
YLR238W,YMR217W,0,-3.4934797,0.14941158890724182,1.0,0.5711713433265686
YGL135W,YLR343W,0,-3.4943252,0.1493893414735794,1.0,0.5712713599205017
YGL089C,YER140W,0,-3.4946885,0.149367094039917,1.0,0.5713714361190796
YGL227W,YPR073C,0,-3.4960685,0.14934484660625458,1.0,0.5714714527130127
YMR088C,YER126C,0,-3.4966402,0.14932261407375336,1.0,0.5715714693069458
YGR086C,YNL268W,0,-3.497985,0.14930038154125214,1.0,0.5716714859008789
YPL019C,YJR016C,0,-3.4980702,0.1492781639099121,1.0,0.571771502494812
YOL127W,YDR387C,0,-3.4982772,0.14925594627857208,1.0,0.5718715786933899
YLR097C,YIL112W,0,-3.4999576,0.14923374354839325,1.0,0.571971595287323
YGR286C,YLR403W,0,-3.500342,0.14921154081821442,1.0,0.5720716118812561
YML129C,YBR289W,0,-3.5003538,0.14918935298919678,1.0,0.5721716284751892
YBL064C,YMR314W,0,-3.5004191,0.14916716516017914,1.0,0.5722717046737671
YJL106W,YAL062W,0,-3.501001,0.1491449773311615,1.0,0.5723717212677002
YDR536W,YER045C,0,-3.5015597,0.14912280440330505,1.0,0.5724717378616333
YMR042W,YPR192W,0,-3.5030808,0.1491006463766098,1.0,0.5725717544555664
YKR059W,YKR030W,0,-3.5030851,0.14907847344875336,1.0,0.5726718306541443
YOR047C,YLR142W,0,-3.503396,0.1490563303232193,1.0,0.5727718472480774
YJL165C,YER120W,0,-3.5042505,0.14903417229652405,1.0,0.5728718638420105
YBR291C,YBL101W-A,0,-3.5055442,0.14901202917099,1.0,0.5729718804359436
YML091C,YLR246W,0,-3.5074553,0.14898990094661713,1.0,0.5730718970298767
YNL207W,YLR237W,0,-3.5098438,0.14896777272224426,1.0,0.5731719732284546
YMR289W,YPR096C,0,-3.5099106,0.1489456444978714,1.0,0.5732719898223877
YER131W,YMR302C,0,-3.509996,0.14892353117465973,1.0,0.5733720064163208
YIR014W,YGL120C,0,-3.510857,0.14890141785144806,1.0,0.5734720230102539
YAL013W,YMR023C,0,-3.5109138,0.14887931942939758,1.0,0.5735720992088318
YNL159C,YLR446W,0,-3.5109425,0.1488572210073471,1.0,0.5736721158027649
YPL089C,YGL185C,0,-3.5112,0.14883513748645782,1.0,0.573772132396698
YDL006W,YMR223W,0,-3.5114923,0.14881305396556854,1.0,0.5738721489906311
YOR155C,YHL004W,0,-3.512179,0.14879098534584045,1.0,0.5739721655845642
YBR264C,YDR003W,0,-3.5121908,0.14876891672611237,1.0,0.5740722417831421
YIL150C,YMR188C,0,-3.5136871,0.14874684810638428,1.0,0.5741722583770752
YDL210W,YPL092W,0,-3.5140715,0.14872479438781738,1.0,0.5742722749710083
YBR092C,YDR238C,0,-3.514761,0.1487027406692505,1.0,0.5743722915649414
YDR096W,YPL143W,0,-3.5158997,0.1486807018518448,1.0,0.5744723677635193
YIR006C,YDR510W,0,-3.5168667,0.1486586630344391,1.0,0.5745723843574524
YOR278W,YDL033C,0,-3.5174394,0.14863663911819458,1.0,0.5746724009513855
YOR278W,YNL331C,0,-3.5185065,0.14861461520195007,1.0,0.5747724175453186
YDR368W,YPL092W,0,-3.518515,0.14859259128570557,1.0,0.5748724341392517
YGR263C,YMR208W,0,-3.5188284,0.14857058227062225,1.0,0.5749725103378296
YLR015W,YDR036C,0,-3.5190086,0.14854857325553894,1.0,0.5750725269317627
YFL037W,YHR129C,0,-3.5196247,0.14852657914161682,1.0,0.5751725435256958
YDL137W,YDR071C,0,-3.5200295,0.1485045850276947,1.0,0.5752725601196289
YPL019C,YNL268W,0,-3.5202746,0.14848260581493378,1.0,0.5753726363182068
YCR020C,YNR070W,0,-3.520359,0.14846062660217285,1.0,0.5754726529121399
YJR066W,YPL186C,0,-3.5206647,0.14843866229057312,1.0,0.575572669506073
YEL002C,YAL025C,0,-3.5209274,0.1484166979789734,1.0,0.5756726861000061
YGL161C,YPR031W,0,-3.52172,0.14839473366737366,1.0,0.5757727026939392
YFR005C,YJL097W,0,-3.5222616,0.14837278425693512,1.0,0.5758727788925171
YLR040C,YMR109W,0,-3.5229053,0.14835083484649658,1.0,0.5759727954864502
YER161C,YAL035W,0,-3.524271,0.14832890033721924,1.0,0.5760728120803833
YDR456W,YDR503C,0,-3.5253606,0.1483069658279419,1.0,0.5761728286743164
YBL060W,YKR037C,0,-3.5254803,0.14828503131866455,1.0,0.5762729048728943
YDR481C,YGR218W,0,-3.525848,0.1482631117105484,1.0,0.5763729214668274
YDL210W,YDL143W,0,-3.5264063,0.14824120700359344,1.0,0.5764729380607605
YJR016C,YHR117W,0,-3.5264559,0.1482193022966385,1.0,0.5765729546546936
YJR155W,YLR403W,0,-3.5266805,0.14819739758968353,1.0,0.5766730308532715
YBR033W,YDR495C,0,-3.5277267,0.14817550778388977,1.0,0.5767730474472046
YDR536W,YFL036W,0,-3.5292883,0.148153617978096,1.0,0.5768730640411377
YOR167C,YGL185C,0,-3.531332,0.14813174307346344,1.0,0.5769730806350708
YNL213C,YER012W,0,-3.531396,0.14810986816883087,1.0,0.5770730972290039
YMR221C,YMR037C,0,-3.5316525,0.1480879932641983,1.0,0.5771731734275818
YGR009C,YAL020C,0,-3.5318618,0.14806613326072693,1.0,0.5772731900215149
YDL190C,YLR327C,0,-3.5319037,0.14804427325725555,1.0,0.577373206615448
YDR341C,YMR042W,0,-3.5326557,0.14802242815494537,1.0,0.5774732232093811
YDR466W,YDR228C,0,-3.532844,0.1480005830526352,1.0,0.577573299407959
YJL219W,YBR033W,0,-3.5337758,0.1479787528514862,1.0,0.5776733160018921
YDR322W,YOL019W,0,-3.534237,0.14795692265033722,1.0,0.5777733325958252
YMR070W,YGL249W,0,-3.534608,0.14793510735034943,1.0,0.5778733491897583
YGL173C,YOR043W,0,-3.5353646,0.14791329205036163,1.0,0.5779733657836914
YNL158W,YIL115C,0,-3.5364637,0.14789147675037384,1.0,0.5780734419822693
YMR201C,YDR400W,0,-3.5365992,0.14786967635154724,1.0,0.5781734585762024
YPL060W,YBR122C,0,-3.536984,0.14784787595272064,1.0,0.5782734751701355
YLR448W,YGR272C,0,-3.5382276,0.14782609045505524,1.0,0.5783734917640686
YDL129W,YDR239C,0,-3.538455,0.14780430495738983,1.0,0.5784735679626465
YHR160C,YHR167W,0,-3.5386682,0.14778251945972443,1.0,0.5785735845565796
YDR315C,YDL109C,0,-3.5388875,0.14776074886322021,1.0,0.5786736011505127
YMR235C,YPL085W,0,-3.5404654,0.1477389931678772,1.0,0.5787736177444458
YNR061C,YDR510W,0,-3.5408406,0.14771723747253418,1.0,0.5788736343383789
YDR036C,YMR282C,0,-3.5424309,0.14769548177719116,1.0,0.5789737105369568
YCL055W,YAL008W,0,-3.5441885,0.14767374098300934,1.0,0.5790737271308899
YKL011C,YJR033C,0,-3.5451474,0.14765200018882751,1.0,0.579173743724823
YER120W,YER161C,0,-3.5468926,0.1476302593946457,1.0,0.5792737603187561
YGR101W,YKR058W,0,-3.5470347,0.14760853350162506,1.0,0.579373836517334
YGR029W,YLR212C,0,-3.5472298,0.14758682250976562,1.0,0.5794738531112671
YIL027C,YMR026C,0,-3.5482087,0.147565096616745,1.0,0.5795738697052002
YGL223C,YHR021C,0,-3.5487485,0.14754340052604675,1.0,0.5796738862991333
YLR283W,YBL103C,0,-3.5489082,0.14752168953418732,1.0,0.5797739028930664
YIL090W,YKL109W,0,-3.549241,0.14749999344348907,1.0,0.5798739790916443
YJR029W,YIL115C,0,-3.5500417,0.14747831225395203,1.0,0.5799739956855774
YHR031C,YEL002C,0,-3.550527,0.14745663106441498,1.0,0.5800740122795105
YJR104C,YDR018C,0,-3.5507164,0.14743494987487793,1.0,0.5801740288734436
YLR214W,YKL034W,0,-3.551908,0.14741328358650208,1.0,0.5802741050720215
YJL065C,YJL101C,0,-3.5530572,0.14739161729812622,1.0,0.5803741216659546
YPL017C,YJL025W,0,-3.5539021,0.14736996591091156,1.0,0.5804741382598877
YLR090W,YAL021C,0,-3.5542545,0.1473483145236969,1.0,0.5805741548538208
YDR368W,YDR252W,0,-3.554298,0.14732667803764343,1.0,0.5806742310523987
YDR065W,YDR054C,0,-3.554924,0.14730504155158997,1.0,0.5807742476463318
YJL041W,YDR421W,0,-3.55505,0.1472834050655365,1.0,0.5808742642402649
YJL062W,YLR357W,0,-3.5559702,0.14726178348064423,1.0,0.580974280834198
YOR228C,YDR054C,0,-3.5561652,0.14724016189575195,1.0,0.5810742974281311
YKL088W,YDL006W,0,-3.557547,0.14721855521202087,1.0,0.581174373626709
YMR094W,YLR045C,0,-3.5576181,0.1471969485282898,1.0,0.5812743902206421
YMR256C,YJL097W,0,-3.5577292,0.14717534184455872,1.0,0.5813744068145752
YDL190C,YOL152W,0,-3.5577993,0.14715375006198883,1.0,0.5814744234085083
YER083C,YGL137W,0,-3.558083,0.14713217318058014,1.0,0.5815744996070862
YJR045C,YML009C,0,-3.5597968,0.14711059629917145,1.0,0.5816745162010193
YGR220C,YJL101C,0,-3.5611906,0.14708901941776276,1.0,0.5817745327949524
YGL137W,YPL186C,0,-3.5641222,0.14706744253635406,1.0,0.5818745493888855
YDL101C,YJL025W,0,-3.5648785,0.14704588055610657,1.0,0.5819745659828186
YPL194W,YLR304C,0,-3.5652604,0.14702433347702026,1.0,0.5820746421813965
YKL156W,YBR207W,0,-3.56561,0.14700278639793396,1.0,0.5821746587753296
YGR101W,YGR194C,0,-3.5660834,0.14698123931884766,1.0,0.5822746753692627
YJR158W,YNL166C,0,-3.5681362,0.14695970714092255,1.0,0.5823746919631958
YHR076W,YML042W,0,-3.5689354,0.14693817496299744,1.0,0.5824747681617737
YNR045W,YPL155C,0,-3.569203,0.14691665768623352,1.0,0.5825747847557068
YDR101C,YLR337W,0,-3.5709429,0.1468951404094696,1.0,0.5826748013496399
YLR459W,YDR011W,0,-3.5710702,0.1468736231327057,1.0,0.582774817943573
YPL186C,YML087C,0,-3.5711622,0.14685212075710297,1.0,0.5828748345375061
YHR181W,YBL055C,0,-3.5711894,0.14683061838150024,1.0,0.582974910736084
YER083C,YPL101W,0,-3.5720353,0.14680913090705872,1.0,0.5830749273300171
YGL206C,YMR022W,0,-3.572126,0.1467876434326172,1.0,0.5831749439239502
YLR038C,YDR318W,0,-3.5728526,0.14676617085933685,1.0,0.5832749605178833
YDR074W,YJL044C,0,-3.572853,0.14674469828605652,1.0,0.5833750367164612
YLR078C,YHR011W,0,-3.5730495,0.14672322571277618,1.0,0.5834750533103943
YGR035C,YBR185C,0,-3.5732002,0.14670176804065704,1.0,0.5835750699043274
YLR396C,YBL106C,0,-3.5732193,0.1466803103685379,1.0,0.5836750864982605
YMR100W,YDR093W,0,-3.5734944,0.14665886759757996,1.0,0.5837751030921936
YOR315W,YHR161C,0,-3.5735736,0.146637424826622,1.0,0.5838751792907715
YCR020C,YMR043W,0,-3.5740585,0.14661599695682526,1.0,0.5839751958847046
YDR117C,YNL244C,0,-3.574162,0.1465945690870285,1.0,0.5840752124786377
YMR070W,YCL027W,0,-3.5747576,0.14657314121723175,1.0,0.5841752290725708
YMR281W,YKL017C,0,-3.5747738,0.1465517282485962,1.0,0.5842753052711487
YJR013W,YLR357W,0,-3.5755668,0.14653031527996063,1.0,0.5843753218650818
YOL138C,YMR037C,0,-3.5756106,0.14650891721248627,1.0,0.5844753384590149
YJR060W,YOR246C,0,-3.5763268,0.1464875191450119,1.0,0.584575355052948
YMR127C,YPR096C,0,-3.576355,0.14646612107753754,1.0,0.5846754312515259
YER025W,YOL156W,0,-3.576654,0.14644473791122437,1.0,0.584775447845459
YJL073W,YFR007W,0,-3.5771513,0.1464233547449112,1.0,0.5848754644393921
YJR009C,YLR086W,0,-3.577407,0.14640198647975922,1.0,0.5849754810333252
YGR037C,YML081C-A,0,-3.5775857,0.14638061821460724,1.0,0.5850754976272583
YJL019W,YGR063C,0,-3.578886,0.14635926485061646,1.0,0.5851755738258362
YOR127W,YML063W,0,-3.5791912,0.14633791148662567,1.0,0.5852755904197693
YLR450W,YAL058W,0,-3.580134,0.1463165581226349,1.0,0.5853756070137024
YNL330C,YPL089C,0,-3.5805655,0.1462952196598053,1.0,0.5854756236076355
YBL075C,YOR244W,0,-3.5805984,0.1462738811969757,1.0,0.5855756998062134
YER140W,YBR087W,0,-3.5808606,0.1462525576353073,1.0,0.5856757164001465
YJL108C,YDL008W,0,-3.5814214,0.14623123407363892,1.0,0.5857757329940796
YER070W,YDR120C,0,-3.5814672,0.14620991051197052,1.0,0.5858757495880127
YNR011C,YOR067C,0,-3.5819964,0.14618860185146332,1.0,0.5859757661819458
YGL039W,YCR075C,0,-3.5827003,0.14616729319095612,1.0,0.5860758423805237
YDL080C,YOR369C,0,-3.58385,0.1461459994316101,1.0,0.5861758589744568
YML027W,YER051W,0,-3.5838828,0.1461247056722641,1.0,0.5862758755683899
YPR049C,YJR098C,0,-3.5840306,0.14610342681407928,1.0,0.586375892162323
YBR123C,YMR281W,0,-3.5859165,0.14608214795589447,1.0,0.5864759683609009
YGR263C,YBR142W,0,-3.5867004,0.14606086909770966,1.0,0.586575984954834
YNR020C,YDR065W,0,-3.5867186,0.14603960514068604,1.0,0.5866760015487671
YDR529C,YHR017W,0,-3.5868382,0.14601834118366241,1.0,0.5867760181427002
YLR433C,YLR246W,0,-3.5869837,0.1459970921278,1.0,0.5868760347366333
YBR264C,YMR043W,0,-3.5875773,0.14597584307193756,1.0,0.5869761109352112
YLL062C,YCR094W,0,-3.5884972,0.14595459401607513,1.0,0.5870761275291443
YDR170W-A,YOL071W,0,-3.5885463,0.1459333598613739,1.0,0.5871761441230774
YLR238W,YNL098C,0,-3.5887408,0.14591212570667267,1.0,0.5872761607170105
YER173W,YMR208W,0,-3.589982,0.14589090645313263,1.0,0.5873762369155884
YEL016C,YJR134C,0,-3.590014,0.1458696871995926,1.0,0.5874762535095215
YJR104C,YNL061W,0,-3.5903096,0.14584848284721375,1.0,0.5875762701034546
YPR166C,YLR403W,0,-3.5913544,0.1458272784948349,1.0,0.5876762866973877
YGR274C,YGR191W,0,-3.5922527,0.14580607414245605,1.0,0.5877763032913208
YOR047C,YOR278W,0,-3.5928435,0.1457848846912384,1.0,0.5878763794898987
YGL251C,YNL268W,0,-3.593276,0.14576369524002075,1.0,0.5879763960838318
YNR061C,YGR063C,0,-3.5949569,0.1457425206899643,1.0,0.5880764126777649
YFL004W,YGL119W,0,-3.5951285,0.14572134613990784,1.0,0.588176429271698
YDR121W,YDL115C,0,-3.595365,0.14570017158985138,1.0,0.5882765054702759
YGL147C,YDR158W,0,-3.5960093,0.14567901194095612,1.0,0.588376522064209
YGL223C,YHR215W,0,-3.5964174,0.14565785229206085,1.0,0.5884765386581421
YBL106C,YDR288W,0,-3.5965686,0.14563670754432678,1.0,0.5885765552520752
YDR440W,YAR007C,0,-3.5971851,0.1456155627965927,1.0,0.5886766314506531
YLR086W,YDR495C,0,-3.597311,0.14559443295001984,1.0,0.5887766480445862
YEL064C,YDL143W,0,-3.5977755,0.14557328820228577,1.0,0.5888766646385193
YOL018C,YHR186C,0,-3.598691,0.14555217325687408,1.0,0.5889766812324524
YLR450W,YHR081W,0,-3.5991812,0.1455310434103012,1.0,0.5890766978263855
YBR022W,YNL159C,0,-3.5997434,0.14550994336605072,1.0,0.5891767740249634
YIL070C,YJR126C,0,-3.5998945,0.14548882842063904,1.0,0.5892767906188965
YJL019W,YDR118W,0,-3.599937,0.14546772837638855,1.0,0.5893768072128296
YDR012W,YDR054C,0,-3.6001325,0.14544662833213806,1.0,0.5894768238067627
YBR240C,YER106W,0,-3.601911,0.14542554318904877,1.0,0.5895769000053406
YBR214W,YDR529C,0,-3.601922,0.14540445804595947,1.0,0.5896769165992737
YNR008W,YHR013C,0,-3.6019912,0.14538338780403137,1.0,0.5897769331932068
YML037C,YFL044C,0,-3.6030383,0.14536231756210327,1.0,0.5898769497871399
YCR094W,YBR122C,0,-3.6030507,0.14534126222133636,1.0,0.589976966381073
YDL129W,YPR036W,0,-3.6035376,0.14532019197940826,1.0,0.5900770425796509
YDL129W,YDR065W,0,-3.603724,0.14529915153980255,1.0,0.590177059173584
YMR188C,YER106W,0,-3.6049795,0.14527809619903564,1.0,0.5902770757675171
YDL060W,YDL115C,0,-3.6055465,0.14525705575942993,1.0,0.5903770923614502
YIL070C,YLR337W,0,-3.607222,0.1452360302209854,1.0,0.5904771685600281
YKL088W,YOR217W,0,-3.607604,0.1452150046825409,1.0,0.5905771851539612
YMR006C,YIL171W,0,-3.609095,0.14519397914409637,1.0,0.5906772017478943
YBL074C,YPL111W,0,-3.609254,0.14517296850681305,1.0,0.5907772183418274
YGR292W,YDL115C,0,-3.6095982,0.14515195786952972,1.0,0.5908772349357605
YBR240C,YOR155C,0,-3.6105633,0.1451309472322464,1.0,0.5909773111343384
YIR037W,YER110C,0,-3.6105838,0.14510995149612427,1.0,0.5910773277282715
YPL159C,YDR313C,0,-3.610981,0.14508895576000214,1.0,0.5911773443222046
YMR306W,YCR040W,0,-3.6121006,0.1450679749250412,1.0,0.5912773609161377
YPL017C,YOL123W,0,-3.6121163,0.14504699409008026,1.0,0.5913774371147156
YOL065C,YKR030W,0,-3.612267,0.14502602815628052,1.0,0.5914774537086487
YLR343W,YNL188W,0,-3.6143637,0.14500506222248077,1.0,0.5915774703025818
YOR315W,YPL202C,0,-3.6150718,0.14498409628868103,1.0,0.5916774868965149
YBR041W,YBL082C,0,-3.6156583,0.14496314525604248,1.0,0.591777503490448
YJR135C,YGL178W,0,-3.6158152,0.14494219422340393,1.0,0.5918775796890259
YCR009C,YKR058W,0,-3.6168423,0.14492125809192657,1.0,0.591977596282959
YER087C-A,YDR117C,0,-3.6185503,0.14490032196044922,1.0,0.5920776128768921
YLR097C,YPR016C,0,-3.6191893,0.14487938582897186,1.0,0.5921776294708252
YJL072C,YPL220W,0,-3.6193423,0.1448584645986557,1.0,0.5922777056694031
YDL033C,YPR005C,0,-3.6195364,0.14483754336833954,1.0,0.5923777222633362
YBR055C,YPR156C,0,-3.6211762,0.14481663703918457,1.0,0.5924777388572693
YDR253C,YOL133W,0,-3.6213393,0.1447957307100296,1.0,0.5925777554512024
YKL011C,YPR070W,0,-3.6219697,0.14477482438087463,1.0,0.5926778316497803
YER180C,YOL157C,0,-3.622065,0.14475393295288086,1.0,0.5927778482437134
YPR098C,YDR402C,0,-3.622208,0.14473304152488708,1.0,0.5928778648376465
YDR447C,YDR421W,0,-3.62258,0.1447121649980545,1.0,0.5929778814315796
YGR162W,YLR246W,0,-3.6228309,0.14469128847122192,1.0,0.5930778980255127
YNL212W,YOL080C,0,-3.622908,0.14467041194438934,1.0,0.5931779742240906
YPR005C,YDR231C,0,-3.6237674,0.14464955031871796,1.0,0.5932779908180237
YNL331C,YIR037W,0,-3.6243558,0.14462868869304657,1.0,0.5933780074119568
YNL322C,YOL120C,0,-3.62466,0.14460784196853638,1.0,0.5934780240058899
YOL005C,YJR135C,0,-3.6247377,0.14458699524402618,1.0,0.5935781002044678
YOR037W,YOL007C,0,-3.624742,0.14456616342067719,1.0,0.5936781167984009
YNR011C,YHR161C,0,-3.6260629,0.144545316696167,1.0,0.593778133392334
YIR014W,YOR175C,0,-3.627411,0.1445244997739792,1.0,0.5938781499862671
YMR282C,YKL059C,0,-3.6275887,0.1445036679506302,1.0,0.5939781665802002
YLR035C-A,YDR534C,0,-3.6276193,0.14448285102844238,1.0,0.5940782427787781
YJL019W,YNL268W,0,-3.627778,0.14446204900741577,1.0,0.5941782593727112
YDR134C,YBR289W,0,-3.6282387,0.14444124698638916,1.0,0.5942782759666443
YNL330C,YGL040C,0,-3.6303287,0.14442044496536255,1.0,0.5943782925605774
YBR207W,YPR081C,0,-3.6304007,0.14439965784549713,1.0,0.5944783687591553
YGL251C,YDR330W,0,-3.6308408,0.1443788707256317,1.0,0.5945783853530884
YDR134C,YBR164C,0,-3.631915,0.1443580836057663,1.0,0.5946784019470215
YJR001W,YPL103C,0,-3.6321354,0.14433731138706207,1.0,0.5947784185409546
YGL059W,YAR044W,0,-3.6322365,0.14431655406951904,1.0,0.5948784351348877
YLR100W,YLR381W,0,-3.632629,0.14429578185081482,1.0,0.5949785113334656
YDR170W-A,YDR093W,0,-3.6327443,0.1442750245332718,1.0,0.5950785279273987
YOL127W,YDR487C,0,-3.6338224,0.14425428211688995,1.0,0.5951785445213318
YMR302C,YCR028C,0,-3.634461,0.14423353970050812,1.0,0.5952785611152649
YLR343W,YNL166C,0,-3.6346412,0.14421279728412628,1.0,0.5953786373138428
YPL148C,YMR070W,0,-3.635809,0.14419206976890564,1.0,0.5954786539077759
YHR143W,YGR008C,0,-3.637372,0.144171342253685,1.0,0.595578670501709
YGL089C,YHL032C,0,-3.6379476,0.14415061473846436,1.0,0.5956786870956421
YCR020C,YOR389W,0,-3.6380777,0.1441299021244049,1.0,0.59577876329422
YOR181W,YJL102W,0,-3.638123,0.14410918951034546,1.0,0.5958787798881531
YGL021W,YMR285C,0,-3.6391068,0.1440884917974472,1.0,0.5959787964820862
YGR262C,YOR211C,0,-3.6395984,0.14406779408454895,1.0,0.5960788130760193
YCL069W,YDL082W,0,-3.6407046,0.1440471112728119,1.0,0.5961788296699524
YOR076C,YDL008W,0,-3.6409645,0.14402642846107483,1.0,0.5962789058685303
YBR050C,YBR166C,0,-3.6437488,0.14400574564933777,1.0,0.5963789224624634
YCR081W,YKL059C,0,-3.6440997,0.1439850777387619,1.0,0.5964789390563965
YDR363W-A,YDR483W,0,-3.6441245,0.14396440982818604,1.0,0.5965789556503296
YGL035C,YGR184C,0,-3.6441755,0.14394374191761017,1.0,0.5966790318489075
YGL003C,YGR062C,0,-3.6454554,0.1439230889081955,1.0,0.5967790484428406
YAL041W,YMR233W,0,-3.6468325,0.14390243589878082,1.0,0.5968790650367737
YIL172C,YKL181W,0,-3.6475744,0.14388179779052734,1.0,0.5969790816307068
YNL291C,YMR188C,0,-3.6480837,0.14386115968227386,1.0,0.5970790982246399
YDR170W-A,YHL016C,0,-3.6487617,0.14384052157402039,1.0,0.5971791744232178
YJR097W,YDR298C,0,-3.6506705,0.1438198983669281,1.0,0.5972791910171509
YHR027C,YML087C,0,-3.6507607,0.143799290060997,1.0,0.597379207611084
YGR035C,YFR005C,0,-3.6530018,0.14377866685390472,1.0,0.5974792242050171
YER091C,YGR154C,0,-3.653635,0.14375805854797363,1.0,0.597579300403595
YBL088C,YLR035C-A,0,-3.653862,0.14373746514320374,1.0,0.5976793169975281
YCR047C,YPL033C,0,-3.6547747,0.14371687173843384,1.0,0.5977793335914612
YBR159W,YGL123W,0,-3.655161,0.14369627833366394,1.0,0.5978793501853943
YJL048C,YOL100W,0,-3.6559777,0.14367568492889404,1.0,0.5979793667793274
YBR213W,YEL050C,0,-3.6560354,0.14365510642528534,1.0,0.5980794429779053
YCL061C,YOR374W,0,-3.656084,0.14363454282283783,1.0,0.5981794595718384
YOR080W,YCL047C,0,-3.6573858,0.14361397922039032,1.0,0.5982794761657715
YNR070W,YKL183W,0,-3.65769,0.1435934156179428,1.0,0.5983794927597046
YBR009C,YJL062W,0,-3.6578627,0.1435728669166565,1.0,0.5984795689582825
YOL002C,YGR037C,0,-3.658218,0.14355231821537018,1.0,0.5985795855522156
YCL075W,YBR040W,0,-3.6592069,0.14353176951408386,1.0,0.5986796021461487
YBR286W,YJR029W,0,-3.6599116,0.14351123571395874,1.0,0.5987796187400818
YMR043W,YNL268W,0,-3.660462,0.14349070191383362,1.0,0.5988796353340149
YER083C,YGL003C,0,-3.662012,0.1434701830148697,1.0,0.5989797115325928
YDL101C,YAL025C,0,-3.6630583,0.14344966411590576,1.0,0.5990797281265259
YDL143W,YGR184C,0,-3.663466,0.14342914521694183,1.0,0.599179744720459
YLR154C,YOR043W,0,-3.6646285,0.1434086412191391,1.0,0.5992797613143921
YGR295C,YPR184W,0,-3.6647434,0.14338813722133636,1.0,0.59937983751297
YHR076W,YKL108W,0,-3.665636,0.14336763322353363,1.0,0.5994798541069031
YNL091W,YHR181W,0,-3.6661868,0.1433471441268921,1.0,0.5995798707008362
YIL171W,YNL119W,0,-3.6668358,0.14332666993141174,1.0,0.5996798872947693
YDR376W,YNR041C,0,-3.6669288,0.1433061808347702,1.0,0.5997799634933472
YPL148C,YER111C,0,-3.6674128,0.14328572154045105,1.0,0.5998799800872803
YIR014W,YDR390C,0,-3.6675339,0.1432652473449707,1.0,0.5999799966812134
YPL177C,YDL144C,0,-3.668808,0.14324478805065155,1.0,0.6000800132751465
YLR127C,YIL026C,0,-3.6689205,0.1432243287563324,1.0,0.6001800298690796
YDR329C,YFL029C,0,-3.6691866,0.14320388436317444,1.0,0.6002801060676575
YOL031C,YGR061C,0,-3.6701126,0.14318343997001648,1.0,0.6003801226615906
YKR030W,YOL149W,0,-3.6717062,0.14316301047801971,1.0,0.6004801392555237
YMR171C,YGL106W,0,-3.6718364,0.14314256608486176,1.0,0.6005801558494568
YBR097W,YNL158W,0,-3.672492,0.14312215149402618,1.0,0.6006802320480347
YBL039C,YPL153C,0,-3.673572,0.14310172200202942,1.0,0.6007802486419678
YBR237W,YJR001W,0,-3.6735854,0.14308130741119385,1.0,0.6008802652359009
YJR066W,YCR081W,0,-3.6743813,0.14306090772151947,1.0,0.600980281829834
YBR237W,YGR272C,0,-3.6744704,0.1430405080318451,1.0,0.6010802984237671
YOR257W,YJL164C,0,-3.6748538,0.14302010834217072,1.0,0.601180374622345
YBR041W,YJL062W,0,-3.6753035,0.14299970865249634,1.0,0.6012803912162781
YEL059C-A,YJL073W,0,-3.6754055,0.14297932386398315,1.0,0.6013804078102112
YDL205C,YGL185C,0,-3.6762638,0.14295895397663116,1.0,0.6014804244041443
YLR098C,YGR006W,0,-3.6763191,0.14293858408927917,1.0,0.6015805006027222
YMR070W,YOR270C,0,-3.676817,0.14291821420192719,1.0,0.6016805171966553
YLR364W,YMR152W,0,-3.67762,0.1428978443145752,1.0,0.6017805337905884
YJL048C,YER133W,0,-3.6779904,0.1428774893283844,1.0,0.6018805503845215
YML129C,YJL019W,0,-3.678277,0.1428571492433548,1.0,0.6019805669784546
YOL152W,YHR070W,0,-3.67831,0.142836794257164,1.0,0.6020806431770325
YGL035C,YLR438C-A,0,-3.6796427,0.1428164541721344,1.0,0.6021806597709656
YGL128C,YJL136C,0,-3.6810184,0.142796128988266,1.0,0.6022806763648987
YKR050W,YGL155W,0,-3.6816854,0.14277580380439758,1.0,0.6023806929588318
YGR295C,YCL031C,0,-3.682189,0.14275547862052917,1.0,0.6024807691574097
YDL099W,YAL044C,0,-3.6822562,0.14273516833782196,1.0,0.6025807857513428
YOL120C,YEL002C,0,-3.6827073,0.14271485805511475,1.0,0.6026808023452759
YPL101W,YGR272C,0,-3.683288,0.14269454777240753,1.0,0.602780818939209
YDR531W,YMR289W,0,-3.683395,0.1426742523908615,1.0,0.6028808355331421
YOR332W,YMR071C,0,-3.6833997,0.1426539570093155,1.0,0.60298091173172
YMR043W,YJL052W,0,-3.6841917,0.14263367652893066,1.0,0.6030809283256531
YJR013W,YDR334W,0,-3.6849976,0.14261339604854584,1.0,0.6031809449195862
YLR158C,YDL112W,0,-3.68642,0.142593115568161,1.0,0.6032809615135193
YGL173C,YBR164C,0,-3.6872506,0.14257284998893738,1.0,0.6033810377120972
YMR247C,YBL090W,0,-3.6874938,0.14255258440971375,1.0,0.6034810543060303
YMR122W-A,YBL037W,0,-3.6880374,0.1425323337316513,1.0,0.6035810708999634
YKR048C,YPL202C,0,-3.6881156,0.14251208305358887,1.0,0.6036810874938965
YPR132W,YPR096C,0,-3.6888623,0.14249183237552643,1.0,0.6037811636924744
YOR131C,YHR186C,0,-3.6896558,0.14247159659862518,1.0,0.6038811802864075
YLR439W,YPR032W,0,-3.6898637,0.14245136082172394,1.0,0.6039811968803406
YBR176W,YBR198C,0,-3.6906939,0.1424311250448227,1.0,0.6040812134742737
YGL128C,YMR012W,0,-3.6908622,0.14241090416908264,1.0,0.6041812300682068
YGL173C,YOL056W,0,-3.6916466,0.1423906832933426,1.0,0.6042813062667847
YNR016C,YER051W,0,-3.6918569,0.14237047731876373,1.0,0.6043813228607178
YHR017W,YNL248C,0,-3.692863,0.14235027134418488,1.0,0.6044813394546509
YNL159C,YOR014W,0,-3.6938634,0.14233006536960602,1.0,0.604581356048584
YDL080C,YHL047C,0,-3.6940198,0.14230987429618835,1.0,0.6046814322471619
YGL168W,YOR242C,0,-3.6940317,0.1422896832227707,1.0,0.604781448841095
YDL190C,YIL145C,0,-3.6940384,0.14226950705051422,1.0,0.6048814654350281
YBR296C,YDL067C,0,-3.6943202,0.14224933087825775,1.0,0.6049814820289612
YLR035C-A,YNL149C,0,-3.695972,0.14222915470600128,1.0,0.6050814986228943
YLR439W,YOL030W,0,-3.6962729,0.142208993434906,1.0,0.6051815748214722
YML034W,YGR156W,0,-3.6965451,0.14218883216381073,1.0,0.6052815914154053
YGL128C,YKL059C,0,-3.6977062,0.14216867089271545,1.0,0.6053816080093384
YER148W,YAL058W,0,-3.6990514,0.14214852452278137,1.0,0.6054816246032715
YDR358W,YNL128W,0,-3.6996126,0.1421283781528473,1.0,0.6055817008018494
YMR142C,YMR208W,0,-3.700985,0.1421082466840744,1.0,0.6056817173957825
YDL101C,YOL120C,0,-3.7013826,0.1420881152153015,1.0,0.6057817339897156
YOL105C,YKL164C,0,-3.7028522,0.14206798374652863,1.0,0.6058817505836487
YDR466W,YDL110C,0,-3.703404,0.14204786717891693,1.0,0.6059817671775818
YBL039C,YDR313C,0,-3.7045283,0.14202775061130524,1.0,0.6060818433761597
YDR032C,YLR121C,0,-3.7047305,0.14200764894485474,1.0,0.6061818599700928
YDL143W,YPL155C,0,-3.7057009,0.14198754727840424,1.0,0.6062818765640259
YNL311C,YLR450W,0,-3.7063575,0.14196744561195374,1.0,0.606381893157959
YIL155C,YDR130C,0,-3.7074294,0.14194735884666443,1.0,0.6064819693565369
YIL111W,YEL050C,0,-3.7087312,0.14192727208137512,1.0,0.60658198595047
YLR318W,YBL023C,0,-3.7090464,0.14190718531608582,1.0,0.6066820025444031
YML034W,YGL258W-A,0,-3.7093153,0.1418871134519577,1.0,0.6067820191383362
YAL034W-A,YLR045C,0,-3.7099986,0.1418670415878296,1.0,0.6068820357322693
YEL064C,YDR158W,0,-3.711246,0.14184698462486267,1.0,0.6069821119308472
YEL050C,YOR080W,0,-3.7115011,0.14182692766189575,1.0,0.6070821285247803
YMR109W,YGR189C,0,-3.7116308,0.14180687069892883,1.0,0.6071821451187134
YBR160W,YAR018C,0,-3.7117143,0.1417868286371231,1.0,0.6072821617126465
YHR172W,YDL060W,0,-3.712089,0.14176678657531738,1.0,0.6073822379112244
YLR120C,YOR374W,0,-3.7124567,0.14174674451351166,1.0,0.6074822545051575
YER174C,YJL056C,0,-3.7125916,0.14172671735286713,1.0,0.6075822710990906
YDL192W,YJR022W,0,-3.7140017,0.1417066901922226,1.0,0.6076822876930237
YLR035C-A,YNL128W,0,-3.7140512,0.14168667793273926,1.0,0.6077823638916016
YGL223C,YNL135C,0,-3.7144217,0.14166666567325592,1.0,0.6078823804855347
YML040W,YDR253C,0,-3.7154374,0.14164665341377258,1.0,0.6079823970794678
YOL138C,YCL027W,0,-3.7155662,0.14162665605545044,1.0,0.6080824136734009
YBR058C,YBR097W,0,-3.7159953,0.1416066586971283,1.0,0.608182430267334
YHR215W,YJL025W,0,-3.716167,0.14158667623996735,1.0,0.6082825064659119
YOR391C,YDR318W,0,-3.7166438,0.1415666937828064,1.0,0.608382523059845
YKL109W,YIL171W,0,-3.7183275,0.14154671132564545,1.0,0.6084825396537781
YHR036W,YLR438C-A,0,-3.721386,0.1415267437696457,1.0,0.6085825562477112
YDR297W,YHR129C,0,-3.721407,0.14150677621364594,1.0,0.6086826324462891
YOR224C,YGL003C,0,-3.7220712,0.14148680865764618,1.0,0.6087826490402222
YDL080C,YOL056W,0,-3.7230077,0.14146685600280762,1.0,0.6088826656341553
YJL046W,YOR347C,0,-3.7231565,0.14144690334796906,1.0,0.6089826822280884
YOL127W,YGL095C,0,-3.7239494,0.1414269655942917,1.0,0.6090826988220215
YEL013W,YHR025W,0,-3.7245736,0.14140702784061432,1.0,0.6091827750205994
YLR158C,YJR068W,0,-3.7246017,0.14138709008693695,1.0,0.6092827916145325
YLR170C,YKL135C,0,-3.7264862,0.14136716723442078,1.0,0.6093828082084656
YCL055W,YDR231C,0,-3.7271218,0.1413472443819046,1.0,0.6094828248023987
YOL067C,YOR315W,0,-3.728269,0.14132732152938843,1.0,0.6095829010009766
YDL127W,YBL055C,0,-3.728283,0.14130741357803345,1.0,0.6096829175949097
YDR074W,YKL154W,0,-3.728352,0.14128750562667847,1.0,0.6097829341888428
YOL133W,YBR122C,0,-3.729196,0.14126761257648468,1.0,0.6098829507827759
YER007W,YNL012W,0,-3.729566,0.1412477046251297,1.0,0.609982967376709
YHL008C,YPL202C,0,-3.7305756,0.1412278264760971,1.0,0.6100830435752869
YDL141W,YLR414C,0,-3.730956,0.14120793342590332,1.0,0.61018306016922
YPL121C,YOL139C,0,-3.7309928,0.14118807017803192,1.0,0.6102830767631531
YLR100W,YDR044W,0,-3.731532,0.14116819202899933,1.0,0.6103830933570862
YJL044C,YNR045W,0,-3.731896,0.14114832878112793,1.0,0.6104831695556641
YNL159C,YDL120W,0,-3.732266,0.14112846553325653,1.0,0.6105831861495972
YOR278W,YOL109W,0,-3.7324624,0.14110861718654633,1.0,0.6106832027435303
YOL005C,YPR032W,0,-3.7333302,0.14108875393867493,1.0,0.6107832193374634
YGL009C,YLL038C,0,-3.7335382,0.14106892049312592,1.0,0.6108832359313965
YML077W,YNL098C,0,-3.7336073,0.1410490721464157,1.0,0.6109833121299744
YLR357W,YCL047C,0,-3.7339664,0.1410292536020279,1.0,0.6110833287239075
YER133W,YIL124W,0,-3.7348504,0.14100942015647888,1.0,0.6111833453178406
YFL044C,YDR534C,0,-3.7360196,0.14098960161209106,1.0,0.6112833619117737
YJL136C,YBR105C,0,-3.7377448,0.14096978306770325,1.0,0.6113834381103516
YAL043C,YPR047W,0,-3.7380304,0.14094996452331543,1.0,0.6114834547042847
YGL206C,YDR117C,0,-3.7381525,0.1409301608800888,1.0,0.6115834712982178
YHR215W,YDL067C,0,-3.7381687,0.14091037213802338,1.0,0.6116834878921509
YER029C,YFR006W,0,-3.7414236,0.14089056849479675,1.0,0.6117835640907288
YER131W,YIL051C,0,-3.7418199,0.14087077975273132,1.0,0.6118835806846619
YAL020C,YOL157C,0,-3.7418752,0.1408510059118271,1.0,0.611983597278595
YDR170W-A,YJL080C,0,-3.7419906,0.14083123207092285,1.0,0.6120836138725281
YKL088W,YOR396W,0,-3.7430162,0.14081145823001862,1.0,0.6121836304664612
YPL231W,YDL038C,0,-3.7430162,0.14079168438911438,1.0,0.6122837066650391
YGL039W,YOR396W,0,-3.7430162,0.14077192544937134,1.0,0.6123837232589722
YER068W,YDL038C,0,-3.7430162,0.1407521814107895,1.0,0.6124837398529053
YDL065C,YOR396W,0,-3.7430162,0.14073242247104645,1.0,0.6125837564468384
YLR287C-A,YOR396W,0,-3.7430162,0.1407126784324646,1.0,0.6126838326454163
YGL178W,YNL015W,0,-3.7432175,0.14069294929504395,1.0,0.6127838492393494
YNL039W,YOL064C,0,-3.7438846,0.1406732052564621,1.0,0.6128838658332825
YLR356W,YBL055C,0,-3.7456832,0.14065349102020264,1.0,0.6129838824272156
YLR343W,YNL206C,0,-3.7458186,0.14063376188278198,1.0,0.6130838990211487
YML095C,YML009C,0,-3.7469254,0.14061404764652252,1.0,0.6131839752197266
YGR263C,YER083C,0,-3.746973,0.14059433341026306,1.0,0.6132839918136597
YBR035C,YGL084C,0,-3.7476974,0.1405746340751648,1.0,0.6133840084075928
YOR240W,YOR322C,0,-3.7483606,0.14055493474006653,1.0,0.6134840250015259
YFR041C,YJR022W,0,-3.7488885,0.14053523540496826,1.0,0.6135841012001038
YOL103W,YBR297W,0,-3.7489557,0.1405155509710312,1.0,0.6136841177940369
YKL088W,YLR098C,0,-3.7500124,0.14049586653709412,1.0,0.61378413438797
YBR156C,YOL140W,0,-3.750092,0.14047619700431824,1.0,0.6138841509819031
YGR047C,YLR286C,0,-3.7503538,0.14045651257038116,1.0,0.6139841675758362
YGR234W,YDR507C,0,-3.7514496,0.14043685793876648,1.0,0.6140842437744141
YMR056C,YPR073C,0,-3.7517023,0.1404171884059906,1.0,0.6141842603683472
YJR015W,YLR448W,0,-3.7536578,0.14039753377437592,1.0,0.6142842769622803
YDR279W,YMR201C,0,-3.7539878,0.14037789404392242,1.0,0.6143842935562134
YOR057W,YOL056W,0,-3.7545042,0.14035823941230774,1.0,0.6144843697547913
YMR006C,YPR178W,0,-3.7550898,0.14033859968185425,1.0,0.6145843863487244
YDR520C,YBR231C,0,-3.7557378,0.14031897485256195,1.0,0.6146844029426575
YMR188C,YML037C,0,-3.756847,0.14029933512210846,1.0,0.6147844195365906
YLR446W,YJR059W,0,-3.7571387,0.14027972519397736,1.0,0.6148844361305237
YHR215W,YIL136W,0,-3.7582073,0.14026010036468506,1.0,0.6149845123291016
YER061C,YMR224C,0,-3.7583404,0.14024049043655396,1.0,0.6150845289230347
YDL129W,YKL154W,0,-3.7583795,0.14022088050842285,1.0,0.6151845455169678
YHL040C,YER068W,0,-3.758895,0.14020128548145294,1.0,0.6152845621109009
YNL136W,YJL052W,0,-3.7589297,0.14018169045448303,1.0,0.6153846383094788
YBR082C,YMR163C,0,-3.759182,0.14016209542751312,1.0,0.6154846549034119
YDR013W,YLR099C,0,-3.7591953,0.1401425153017044,1.0,0.615584671497345
YPL143W,YGL227W,0,-3.7594862,0.1401229351758957,1.0,0.6156846880912781
YMR221C,YBL037W,0,-3.759882,0.14010336995124817,1.0,0.615784764289856
YDL019C,YOL018C,0,-3.760301,0.14008380472660065,1.0,0.6158847808837891
YML124C,YHR044C,0,-3.7610998,0.14006423950195312,1.0,0.6159847974777222
YNL046W,YHR092C,0,-3.7616487,0.1400446742773056,1.0,0.6160848140716553
YNR050C,YBR105C,0,-3.76189,0.14002512395381927,1.0,0.6161848306655884
YHR160C,YDL180W,0,-3.7622886,0.14000558853149414,1.0,0.6162849068641663
YNR050C,YHR129C,0,-3.7625308,0.1399860382080078,1.0,0.6163849234580994
YAR015W,YLR370C,0,-3.7636533,0.13996650278568268,1.0,0.6164849400520325
YOR037W,YBR291C,0,-3.763811,0.13994698226451874,1.0,0.6165849566459656
YER083C,YPL059W,0,-3.7640753,0.1399274617433548,1.0,0.6166850328445435
YDL138W,YPR054W,0,-3.7642179,0.13990794122219086,1.0,0.6167850494384766
YHR184W,YJR089W,0,-3.7645602,0.13988842070102692,1.0,0.6168850660324097
YER087C-A,YLR441C,0,-3.7646613,0.13986891508102417,1.0,0.6169850826263428
YDR065W,YMR152W,0,-3.766755,0.13984940946102142,1.0,0.6170850992202759
YDR334W,YNL115C,0,-3.7668095,0.13982991874217987,1.0,0.6171851754188538
YMR264W,YHR089C,0,-3.7669077,0.13981042802333832,1.0,0.6172851920127869
YGL090W,YGR006W,0,-3.7669325,0.13979093730449677,1.0,0.61738520860672
YLR265C,YNL115C,0,-3.7672024,0.1397714614868164,1.0,0.6174852252006531
YML091C,YGL141W,0,-3.7672238,0.13975198566913605,1.0,0.617585301399231
YLR207W,YFL037W,0,-3.7672577,0.1397325098514557,1.0,0.6176853179931641
YDR126W,YNL158W,0,-3.7672663,0.13971304893493652,1.0,0.6177853345870972
YHL040C,YIL051C,0,-3.7678304,0.13969358801841736,1.0,0.6178853511810303
YIR002C,YMR152W,0,-3.7678728,0.1396741420030594,1.0,0.6179853677749634
YIL034C,YNL151C,0,-3.7686234,0.13965469598770142,1.0,0.6180854439735413
YLR446W,YPL143W,0,-3.7709036,0.13963524997234344,1.0,0.6181854605674744
YGL191W,YPL149W,0,-3.7713575,0.13961581885814667,1.0,0.6182854771614075
YBR296C,YEL002C,0,-3.771593,0.1395963877439499,1.0,0.6183854937553406
YBR289W,YMR109W,0,-3.7719316,0.1395769566297531,1.0,0.6184855699539185
YIL109C,YDL129W,0,-3.7733593,0.13955754041671753,1.0,0.6185855865478516
YJL198W,YDR420W,0,-3.7736526,0.13953812420368195,1.0,0.6186856031417847
YPR049C,YDR510W,0,-3.7747097,0.13951870799064636,1.0,0.6187856197357178
YPL144W,YGR086C,0,-3.775113,0.13949930667877197,1.0,0.6188856363296509
YOL071W,YFR006W,0,-3.775432,0.13947990536689758,1.0,0.6189857125282288
YPR098C,YIL072W,0,-3.7770562,0.1394605189561844,1.0,0.6190857291221619
YHL024W,YGR223C,0,-3.77736,0.13944111764431,1.0,0.619185745716095
YDL069C,YIR006C,0,-3.7778115,0.139421746134758,1.0,0.6192857623100281
YHR028C,YOR150W,0,-3.7781258,0.1394023597240448,1.0,0.619385838508606
YPL195W,YPR028W,0,-3.778314,0.1393829882144928,1.0,0.6194858551025391
YOR348C,YBL022C,0,-3.778532,0.1393636167049408,1.0,0.6195858716964722
YHL040C,YER111C,0,-3.7786264,0.13934426009655,1.0,0.6196858882904053
YLR430W,YPR032W,0,-3.780551,0.13932490348815918,1.0,0.6197859644889832
YOL067C,YFR007W,0,-3.781075,0.13930556178092957,1.0,0.6198859810829163
YPR108W,YDR014W,0,-3.781155,0.13928620517253876,1.0,0.6199859976768494
YMR307W,YDR298C,0,-3.7811723,0.13926686346530914,1.0,0.6200860142707825
YKL088W,YML091C,0,-3.7818913,0.13924753665924072,1.0,0.6201860308647156
YDR253C,YJR143C,0,-3.782765,0.1392282098531723,1.0,0.6202861070632935
YBR175W,YIR006C,0,-3.7829456,0.13920888304710388,1.0,0.6203861236572266
YDR531W,YJR089W,0,-3.7830667,0.13918957114219666,1.0,0.6204861402511597
YJL125C,YPL095C,0,-3.783773,0.13917024433612823,1.0,0.6205861568450928
YDR341C,YKL017C,0,-3.7840137,0.1391509473323822,1.0,0.6206862330436707
YEL015W,YLR286C,0,-3.7840953,0.13913163542747498,1.0,0.6207862496376038
YDR270W,YDR380W,0,-3.785009,0.13911233842372894,1.0,0.6208862662315369
YOR201C,YPL028W,0,-3.7853994,0.1390930563211441,1.0,0.62098628282547
YDR363W-A,YBR040W,0,-3.7867193,0.13907375931739807,1.0,0.6210862994194031
YER095W,YPL022W,0,-3.787037,0.13905449211597443,1.0,0.621186375617981
YER068W,YNR050C,0,-3.7870984,0.1390352100133896,1.0,0.6212863922119141
YPL172C,YER089C,0,-3.7874317,0.13901594281196594,1.0,0.6213864088058472
YLR304C,YOR092W,0,-3.7874632,0.1389966756105423,1.0,0.6214864253997803
YHL047C,YOR369C,0,-3.7889628,0.13897740840911865,1.0,0.6215865015983582
YML018C,YDR071C,0,-3.7889647,0.1389581561088562,1.0,0.6216865181922913
YMR316W,YLR106C,0,-3.7919364,0.13893890380859375,1.0,0.6217865347862244
YBR166C,YGR054W,0,-3.7922187,0.1389196664094925,1.0,0.6218865513801575
YDL033C,YCR010C,0,-3.7925024,0.13890042901039124,1.0,0.6219865679740906
YNR070W,YDR088C,0,-3.7933736,0.13888119161128998,1.0,0.6220866441726685
YER180C,YPL095C,0,-3.7942305,0.13886196911334991,1.0,0.6221866607666016
YDR134C,YOR391C,0,-3.7942472,0.13884274661540985,1.0,0.6222866773605347
YGL173C,YBL060W,0,-3.7942495,0.1388235241174698,1.0,0.6223866939544678
YMR264W,YDR501W,0,-3.7951903,0.13880431652069092,1.0,0.6224867701530457
YPL019C,YBR297W,0,-3.795545,0.13878510892391205,1.0,0.6225867867469788
YDR036C,YER164W,0,-3.795662,0.13876591622829437,1.0,0.6226868033409119
YMR004W,YCR053W,0,-3.7966242,0.1387467086315155,1.0,0.622786819934845
YBR286W,YJL136C,0,-3.7967663,0.13872753083705902,1.0,0.6228868365287781
YDR326C,YKL164C,0,-3.7970567,0.13870833814144135,1.0,0.622986912727356
YBR082C,YLR467W,0,-3.799951,0.13868916034698486,1.0,0.6230869293212891
YPL091W,YDR011W,0,-3.800056,0.13866998255252838,1.0,0.6231869459152222
YBL064C,YDR158W,0,-3.800117,0.1386508196592331,1.0,0.6232869625091553
YOR381W,YNL188W,0,-3.80019,0.1386316567659378,1.0,0.6233870387077332
YOR075W,YPL149W,0,-3.800652,0.13861249387264252,1.0,0.6234870553016663
YJL219W,YDR358W,0,-3.8033285,0.13859334588050842,1.0,0.6235870718955994
YOL156W,YJL052W,0,-3.8034682,0.13857419788837433,1.0,0.6236870884895325
YMR201C,YJL221C,0,-3.8036885,0.13855504989624023,1.0,0.6237871646881104
YJR135C,YJL073W,0,-3.8040724,0.13853591680526733,1.0,0.6238871812820435
YDL114W,YKR038C,0,-3.804151,0.13851678371429443,1.0,0.6239871978759766
YJL170C,YDR228C,0,-3.8042312,0.13849765062332153,1.0,0.6240872144699097
YLR318W,YMR311C,0,-3.8044114,0.13847853243350983,1.0,0.6241872310638428
YDR018C,YKL179C,0,-3.8049307,0.13845941424369812,1.0,0.6242873072624207
YLR446W,YJL121C,0,-3.8074608,0.1384403109550476,1.0,0.6243873238563538
YDR388W,YNL098C,0,-3.807644,0.1384211927652359,1.0,0.6244873404502869
YMR264W,YPR166C,0,-3.807951,0.13840210437774658,1.0,0.62458735704422
YDR520C,YML081C-A,0,-3.8084836,0.13838300108909607,1.0,0.6246874332427979
YJL072C,YGR035C,0,-3.8086715,0.13836391270160675,1.0,0.624787449836731
YPL148C,YMR256C,0,-3.8098392,0.13834482431411743,1.0,0.6248874664306641
YDR265W,YOR174W,0,-3.8103156,0.1383257508277893,1.0,0.6249874830245972
YDL085W,YEL058W,0,-3.8120499,0.13830667734146118,1.0,0.6250874996185303
YKR014C,YKR037C,0,-3.8128839,0.13828760385513306,1.0,0.6251875758171082
YLR266C,YLR086W,0,-3.8141332,0.13826854526996613,1.0,0.6252875924110413
YER027C,YBR033W,0,-3.8141513,0.1382494866847992,1.0,0.6253876090049744
YDR501W,YNR022C,0,-3.8148413,0.13823042809963226,1.0,0.6254876255989075
YKL140W,YER133W,0,-3.8151164,0.13821138441562653,1.0,0.6255877017974854
YBR097W,YBR035C,0,-3.8151412,0.1381923407316208,1.0,0.6256877183914185
YBL106C,YGL168W,0,-3.8151474,0.13817329704761505,1.0,0.6257877349853516
YBR264C,YHR017W,0,-3.8153124,0.1381542682647705,1.0,0.6258877515792847
YJR110W,YNL289W,0,-3.815794,0.13813523948192596,1.0,0.6259877681732178
YPL091W,YDL007W,0,-3.817255,0.13811622560024261,1.0,0.6260878443717957
YDR170W-A,YNL061W,0,-3.817628,0.13809721171855927,1.0,0.6261878609657288
YML015C,YGR223C,0,-3.817638,0.13807819783687592,1.0,0.6262878775596619
YBR123C,YDR134C,0,-3.8176403,0.13805918395519257,1.0,0.626387894153595
YGR009C,YOR306C,0,-3.8178916,0.1380401849746704,1.0,0.6264879703521729
YGL136C,YDR046C,0,-3.8181005,0.13802118599414825,1.0,0.626587986946106
YNL311C,YJL156C,0,-3.8183088,0.1380022019147873,1.0,0.6266880035400391
YGL095C,YMR012W,0,-3.8192577,0.13798321783542633,1.0,0.6267880201339722
YDR388W,YGR062C,0,-3.8196254,0.13796423375606537,1.0,0.6268880367279053
YDR170W-A,YDR060W,0,-3.819737,0.1379452645778656,1.0,0.6269881129264832
YAL013W,YJL125C,0,-3.820331,0.13792629539966583,1.0,0.6270881295204163
YDR425W,YPR184W,0,-3.8205562,0.13790732622146606,1.0,0.6271881461143494
YNL128W,YGR262C,0,-3.820828,0.1378883719444275,1.0,0.6272881627082825
YML129C,YPR042C,0,-3.8211737,0.13786941766738892,1.0,0.6273882389068604
YDR318W,YML063W,0,-3.8216944,0.13785046339035034,1.0,0.6274882555007935
YNL218W,YMR302C,0,-3.822308,0.13783152401447296,1.0,0.6275882720947266
YJR135C,YKR050W,0,-3.8227153,0.13781258463859558,1.0,0.6276882886886597
YBR123C,YDR047W,0,-3.822801,0.1377936601638794,1.0,0.6277883648872375
YOR240W,YDR326C,0,-3.824193,0.13777472078800201,1.0,0.6278883814811707
YMR088C,YLR207W,0,-3.8245683,0.13775579631328583,1.0,0.6279883980751038
YPR132W,YPL177C,0,-3.8249965,0.13773688673973083,1.0,0.6280884146690369
YKL100C,YDL101C,0,-3.8258686,0.13771797716617584,1.0,0.62818843126297
YMR130W,YER061C,0,-3.8260684,0.13769906759262085,1.0,0.6282885074615479
YIL070C,YLR381W,0,-3.8271384,0.13768015801906586,1.0,0.628388524055481
YNL330C,YOR348C,0,-3.827361,0.13766126334667206,1.0,0.6284885406494141
YBL078C,YPR096C,0,-3.8283696,0.13764238357543945,1.0,0.6285885572433472
YKL154W,YDR055W,0,-3.8283882,0.13762348890304565,1.0,0.628688633441925
YGL090W,YDR330W,0,-3.829524,0.13760460913181305,1.0,0.6287886500358582
YBR012W-B,YML088W,0,-3.8297615,0.13758572936058044,1.0,0.6288886666297913
YOR143C,YDL017W,0,-3.8299923,0.13756686449050903,1.0,0.6289886832237244
YBR283C,YMR285C,0,-3.8304281,0.13754799962043762,1.0,0.6290886998176575
YDR533C,YGR047C,0,-3.8317652,0.1375291347503662,1.0,0.6291887760162354
YKR105C,YIR023W,0,-3.8320775,0.137510284781456,1.0,0.6292887926101685
YDR536W,YDR120C,0,-3.8326182,0.13749143481254578,1.0,0.6293888092041016
YDR334W,YDR362C,0,-3.8328867,0.13747258484363556,1.0,0.6294888257980347
YCR098C,YMR122W-A,0,-3.8347735,0.13745374977588654,1.0,0.6295889019966125
YBR041W,YFR037C,0,-3.8362627,0.1374349147081375,1.0,0.6296889185905457
YPL258C,YNL289W,0,-3.8365908,0.1374160796403885,1.0,0.6297889351844788
YOR124C,YDR031W,0,-3.837144,0.13739725947380066,1.0,0.6298889517784119
YMR098C,YGR035C,0,-3.837338,0.13737843930721283,1.0,0.629988968372345
YML018C,YIL155C,0,-3.8375845,0.1373596340417862,1.0,0.6300890445709229
YOR036W,YPR096C,0,-3.8382173,0.13734081387519836,1.0,0.630189061164856
YBL054W,YLR286C,0,-3.8383698,0.13732200860977173,1.0,0.6302890777587891
YBL069W,YER089C,0,-3.8385234,0.1373032182455063,1.0,0.6303890943527222
YGR008C,YHR023W,0,-3.8385496,0.13728442788124084,1.0,0.6304891705513
YCL063W,YAR044W,0,-3.8396697,0.1372656375169754,1.0,0.6305891871452332
YCR098C,YFR007W,0,-3.840435,0.13724684715270996,1.0,0.6306892037391663
YNL159C,YGL147C,0,-3.842578,0.1372280716896057,1.0,0.6307892203330994
YLR448W,YDR054C,0,-3.8426309,0.13720929622650146,1.0,0.6308892965316772
YOR057W,YJL190C,0,-3.843896,0.1371905356645584,1.0,0.6309893131256104
YKR062W,YPL231W,0,-3.8445024,0.13717177510261536,1.0,0.6310893297195435
YIL172C,YML037C,0,-3.8461742,0.1371530145406723,1.0,0.6311893463134766
YMR289W,YNL339C,0,-3.8468995,0.13713426887989044,1.0,0.6312893629074097
YLR283W,YPL194W,0,-3.847519,0.13711552321910858,1.0,0.6313894391059875
YDR247W,YDL065C,0,-3.8475504,0.13709677755832672,1.0,0.6314894556999207
YDL127W,YGL009C,0,-3.8481827,0.13707803189754486,1.0,0.6315894722938538
YBR175W,YHR147C,0,-3.8487072,0.1370593011379242,1.0,0.6316894888877869
YDL069C,YLR201C,0,-3.8487625,0.13704058527946472,1.0,0.6317895650863647
YLR127C,YAR007C,0,-3.8496685,0.13702185451984406,1.0,0.6318895816802979
YLR201C,YJL062W,0,-3.8505707,0.13700313866138458,1.0,0.631989598274231
YLR266C,YPL017C,0,-3.850902,0.1369844377040863,1.0,0.6320896148681641
YER083C,YER036C,0,-3.851295,0.13696572184562683,1.0,0.6321896314620972
YAL008W,YGL039W,0,-3.8514552,0.13694702088832855,1.0,0.632289707660675
YGL222C,YOR070C,0,-3.8521519,0.13692833483219147,1.0,0.6323897242546082
YOR373W,YMR128W,0,-3.8539577,0.1369096338748932,1.0,0.6324897408485413
YFR006W,YOR346W,0,-3.8544855,0.1368909478187561,1.0,0.6325897574424744
YJL048C,YGL206C,0,-3.8546505,0.1368722766637802,1.0,0.6326898336410522
YDR363W-A,YDR116C,0,-3.8553834,0.13685359060764313,1.0,0.6327898502349854
YIL172C,YLR035C-A,0,-3.8554692,0.13683491945266724,1.0,0.6328898668289185
YDL190C,YPR156C,0,-3.8561988,0.13681626319885254,1.0,0.6329898834228516
YEL021W,YER113C,0,-3.8562493,0.13679760694503784,1.0,0.6330899000167847
YPR168W,YNR041C,0,-3.8568382,0.13677895069122314,1.0,0.6331899762153625
YHR025W,YMR314W,0,-3.8574386,0.13676029443740845,1.0,0.6332899928092957
YHR143W,YMR086W,0,-3.8579955,0.13674165308475494,1.0,0.6333900094032288
YDR170W-A,YML095C,0,-3.8587475,0.13672301173210144,1.0,0.6334900259971619
YJR098C,YNL185C,0,-3.8595548,0.13670437037944794,1.0,0.6335901021957397
YML094W,YIL009C-A,0,-3.8598614,0.13668574392795563,1.0,0.6336901187896729
YBR022W,YBR299W,0,-3.860515,0.13666711747646332,1.0,0.633790135383606
YKL178C,YOR057W,0,-3.8611407,0.1366485059261322,1.0,0.6338901519775391
YDL185W,YLR120C,0,-3.861796,0.1366298943758011,1.0,0.6339901685714722
YNR020C,YFR007W,0,-3.8625531,0.13661128282546997,1.0,0.63409024477005
YDR533C,YML085C,0,-3.8636303,0.13659267127513885,1.0,0.6341902613639832
YKL178C,YPL143W,0,-3.8639154,0.13657407462596893,1.0,0.6342902779579163
YDR253C,YOR211C,0,-3.865715,0.136555477976799,1.0,0.6343902945518494
YHR025W,YIL009C-A,0,-3.8660903,0.13653689622879028,1.0,0.6344903707504272
YFR005C,YER020W,0,-3.8664894,0.13651829957962036,1.0,0.6345903873443604
YDR022C,YDR128W,0,-3.8665042,0.13649973273277283,1.0,0.6346904039382935
YJL198W,YDL056W,0,-3.8668709,0.1364811509847641,1.0,0.6347904205322266
YPL022W,YPR036W,0,-3.8692546,0.13646258413791656,1.0,0.6348904967308044
YDR126W,YNL268W,0,-3.8693352,0.13644401729106903,1.0,0.6349905133247375
YPR108W,YKL021C,0,-3.8697062,0.1364254653453827,1.0,0.6350905299186707
YDL195W,YEL015W,0,-3.870379,0.13640691339969635,1.0,0.6351905465126038
YDL205C,YIL126W,0,-3.8708482,0.13638836145401,1.0,0.6352905631065369
YBL078C,YDR086C,0,-3.871605,0.13636980950832367,1.0,0.6353906393051147
YCR020C,YBR166C,0,-3.8722005,0.13635127246379852,1.0,0.6354906558990479
YNR050C,YIL136W,0,-3.8723016,0.13633275032043457,1.0,0.635590672492981
YHL024W,YDR368W,0,-3.8725047,0.13631421327590942,1.0,0.6356906890869141
YDR420W,YPL123C,0,-3.872562,0.13629569113254547,1.0,0.6357907652854919
YJR134C,YKL158W,0,-3.873589,0.13627716898918152,1.0,0.635890781879425
YLR097C,YHR086W,0,-3.873805,0.13625866174697876,1.0,0.6359907984733582
YER061C,YPR019W,0,-3.8743072,0.136240154504776,1.0,0.6360908150672913
YNR020C,YDL180W,0,-3.875678,0.13622164726257324,1.0,0.6361908316612244
YMR130W,YOR391C,0,-3.8757434,0.13620315492153168,1.0,0.6362909078598022
YMR307W,YGR002C,0,-3.8766646,0.1361846625804901,1.0,0.6363909244537354
YLR192C,YPR178W,0,-3.877358,0.13616617023944855,1.0,0.6364909410476685
YOR265W,YMR122W-A,0,-3.8780885,0.13614769279956818,1.0,0.6365909576416016
YIL074C,YPL160W,0,-3.8781533,0.1361292004585266,1.0,0.6366910338401794
YER007W,YGR262C,0,-3.8785233,0.13611073791980743,1.0,0.6367910504341125
YPL177C,YGR061C,0,-3.8788924,0.13609226047992706,1.0,0.6368910670280457
YPR070W,YBL074C,0,-3.8789663,0.13607379794120789,1.0,0.6369910836219788
YIL112W,YER045C,0,-3.8796153,0.1360553503036499,1.0,0.6370911002159119
YER131W,YMR208W,0,-3.8796215,0.13603688776493073,1.0,0.6371911764144897
YBR286W,YNL007C,0,-3.8806672,0.13601844012737274,1.0,0.6372911930084229
YBR001C,YDR018C,0,-3.8818798,0.13600000739097595,1.0,0.637391209602356
YEL064C,YGL031C,0,-3.8820357,0.13598155975341797,1.0,0.6374912261962891
YNL218W,YBR105C,0,-3.8825188,0.13596312701702118,1.0,0.6375913023948669
YBR267W,YBR097W,0,-3.8825493,0.1359446942806244,1.0,0.6376913189888
YMR100W,YLR441C,0,-3.8835568,0.1359262764453888,1.0,0.6377913355827332
YHL040C,YGR286C,0,-3.8849406,0.1359078586101532,1.0,0.6378913521766663
YDR248C,YER020W,0,-3.8856964,0.1358894407749176,1.0,0.6379913687705994
YBR286W,YJL165C,0,-3.886098,0.1358710378408432,1.0,0.6380914449691772
YCL027W,YDR486C,0,-3.887145,0.1358526349067688,1.0,0.6381914615631104
YNL210W,YER110C,0,-3.887662,0.1358342319726944,1.0,0.6382914781570435
YMR130W,YJL101C,0,-3.8880205,0.1358158439397812,1.0,0.6383914947509766
YEL017C-A,YOL056W,0,-3.8881078,0.13579745590686798,1.0,0.6384915709495544
YKR062W,YGR158C,0,-3.8884468,0.13577906787395477,1.0,0.6385915875434875
YPL177C,YNL268W,0,-3.8887472,0.13576069474220276,1.0,0.6386916041374207
YOR182C,YAR044W,0,-3.8896766,0.13574232161045074,1.0,0.6387916207313538
YDR520C,YLR079W,0,-3.8901968,0.13572394847869873,1.0,0.6388916969299316
YDR466W,YJL097W,0,-3.891397,0.1357055902481079,1.0,0.6389917135238647
YHR031C,YCL047C,0,-3.891622,0.1356872320175171,1.0,0.6390917301177979
YPL160W,YHL016C,0,-3.8924513,0.13566887378692627,1.0,0.639191746711731
YLR396C,YOR337W,0,-3.892859,0.13565053045749664,1.0,0.6392917633056641
YHR036W,YPR031W,0,-3.8933249,0.13563218712806702,1.0,0.6393918395042419
YOR389W,YDR252W,0,-3.8938513,0.1356138437986374,1.0,0.639491856098175
YIR006C,YLL050C,0,-3.89424,0.13559551537036896,1.0,0.6395918726921082
YDR532C,YML106W,0,-3.89437,0.13557718694210052,1.0,0.6396918892860413
YDR368W,YIR023W,0,-3.8946948,0.1355588585138321,1.0,0.6397919654846191
YOR257W,YMR282C,0,-3.8948212,0.13554054498672485,1.0,0.6398919820785522
YDL205C,YJL106W,0,-3.8949986,0.13552223145961761,1.0,0.6399919986724854
YIL090W,YDL109C,0,-3.8950071,0.13550391793251038,1.0,0.6400920152664185
YML040W,YCR040W,0,-3.8951735,0.13548561930656433,1.0,0.6401920318603516
YIL111W,YPL028W,0,-3.895193,0.1354673206806183,1.0,0.6402921080589294
YDR003W,YDR380W,0,-3.8957558,0.13544902205467224,1.0,0.6403921246528625
YPL101W,YPR042C,0,-3.8962936,0.1354307383298874,1.0,0.6404921412467957
YOR174W,YGR191W,0,-3.8969421,0.13541245460510254,1.0,0.6405921578407288
YFL037W,YML088W,0,-3.8978438,0.1353941708803177,1.0,0.6406922340393066
YKL011C,YEL002C,0,-3.8990245,0.13537588715553284,1.0,0.6407922506332397
YMR016C,YDR251W,0,-3.89995,0.13535761833190918,1.0,0.6408922672271729
YJR121W,YDR418W,0,-3.901113,0.13533936440944672,1.0,0.640992283821106
YKR014C,YGL191W,0,-3.9018426,0.13532109558582306,1.0,0.6410923004150391
YMR247C,YGR101W,0,-3.902738,0.1353028416633606,1.0,0.6411923766136169
YDL069C,YLR040C,0,-3.9028444,0.13528460264205933,1.0,0.64129239320755
YCR072C,YDR529C,0,-3.904684,0.13526634871959686,1.0,0.6413924098014832
YOL030W,YDR483W,0,-3.9049892,0.1352481096982956,1.0,0.6414924263954163
YKR094C,YPL048W,0,-3.905674,0.13522987067699432,1.0,0.6415925025939941
YKL179C,YPR096C,0,-3.9064722,0.13521164655685425,1.0,0.6416925191879272
YAL023C,YLR427W,0,-3.9072099,0.13519342243671417,1.0,0.6417925357818604
YIR014W,YJR016C,0,-3.9074955,0.1351751983165741,1.0,0.6418925523757935
YBR207W,YOL125W,0,-3.9077034,0.13515698909759521,1.0,0.6419925689697266
YDL101C,YER180C,0,-3.907755,0.13513877987861633,1.0,0.6420926451683044
YML034W,YPL028W,0,-3.9098487,0.13512057065963745,1.0,0.6421926617622375
YGR035C,YDR117C,0,-3.9098735,0.13510237634181976,1.0,0.6422926783561707
YDL019C,YGR002C,0,-3.9102588,0.13508418202400208,1.0,0.6423926949501038
YMR316W,YMR171C,0,-3.9108577,0.1350659877061844,1.0,0.6424927711486816
YOL100W,YDR228C,0,-3.9110308,0.1350477933883667,1.0,0.6425927877426147
YJL102W,YPR073C,0,-3.9114494,0.1350296139717102,1.0,0.6426928043365479
YDL101C,YER164W,0,-3.914237,0.1350114345550537,1.0,0.642792820930481
YEL038W,YDL112W,0,-3.914647,0.1349932700395584,1.0,0.6428928971290588
YDR443C,YGR272C,0,-3.9163175,0.1349751055240631,1.0,0.6429929137229919
YCR075C,YKL164C,0,-3.9163709,0.1349569410085678,1.0,0.643092930316925
YPL059W,YPR122W,0,-3.9167275,0.1349387913942337,1.0,0.6431929469108582
YDR341C,YGL089C,0,-3.9176793,0.1349206417798996,1.0,0.6432929635047913
YBR050C,YDR313C,0,-3.9177628,0.1349024921655655,1.0,0.6433930397033691
YHR028C,YNL242W,0,-3.918231,0.13488434255123138,1.0,0.6434930562973022
YJR139C,YER020W,0,-3.9190974,0.13486620783805847,1.0,0.6435930728912354
YMR306W,YBR058C-A,0,-3.9198627,0.13484807312488556,1.0,0.6436930894851685
YKL199C,YLR276C,0,-3.9205127,0.13482995331287384,1.0,0.6437931656837463
YER133W,YOR217W,0,-3.9209442,0.13481183350086212,1.0,0.6438931822776794
YLR370C,YPL092W,0,-3.9222255,0.1347937136888504,1.0,0.6439931988716125
YGR189C,YNR041C,0,-3.923184,0.13477559387683868,1.0,0.6440932154655457
YGL128C,YDL180W,0,-3.923346,0.13475748896598816,1.0,0.6441932320594788
YLR127C,YOR290C,0,-3.9233894,0.13473938405513763,1.0,0.6442933082580566
YLR158C,YKL017C,0,-3.924189,0.1347212940454483,1.0,0.6443933248519897
YPR118W,YDR003W,0,-3.9244847,0.13470318913459778,1.0,0.6444933414459229
YMR298W,YBR291C,0,-3.9244895,0.13468511402606964,1.0,0.644593358039856
YDR253C,YLR356W,0,-3.924745,0.1346670240163803,1.0,0.6446934342384338
YMR122W-A,YNL015W,0,-3.9248943,0.13464894890785217,1.0,0.6447934508323669
YOR182C,YDR054C,0,-3.925765,0.13463087379932404,1.0,0.6448934674263
YMR281W,YLR450W,0,-3.9262881,0.1346127986907959,1.0,0.6449934840202332
YNR027W,YDR334W,0,-3.9263244,0.13459473848342896,1.0,0.6450935006141663
YHL008C,YOR067C,0,-3.9300027,0.134576678276062,1.0,0.6451935768127441
YCL061C,YLR045C,0,-3.9309788,0.13455863296985626,1.0,0.6452935934066772
YLR373C,YIL026C,0,-3.931056,0.13454057276248932,1.0,0.6453936100006104
YHR086W,YDL146W,0,-3.9310718,0.13452252745628357,1.0,0.6454936265945435
YGR104C,YHR044C,0,-3.9340858,0.134504497051239,1.0,0.6455937027931213
YIL172C,YHR028C,0,-3.9356656,0.13448645174503326,1.0,0.6456937193870544
YDR456W,YKL195W,0,-3.936501,0.1344684213399887,1.0,0.6457937359809875
YBL078C,YOL077C,0,-3.9367065,0.13445040583610535,1.0,0.6458937525749207
YJL019W,YDR342C,0,-3.936893,0.1344323754310608,1.0,0.6459937691688538
YMR314W,YML115C,0,-3.937757,0.13441435992717743,1.0,0.6460938453674316
YLR035C-A,YDR134C,0,-3.9379482,0.13439635932445526,1.0,0.6461938619613647
YBR289W,YOR374W,0,-3.9380164,0.1343783438205719,1.0,0.6462938785552979
YIL084C,YMR022W,0,-3.9381518,0.13436034321784973,1.0,0.646393895149231
YBL088C,YBR245C,0,-3.9382424,0.13434235751628876,1.0,0.6464939713478088
YKR038C,YDR380W,0,-3.9387012,0.1343243569135666,1.0,0.6465939879417419
YDR342C,YDR510W,0,-3.93921,0.13430637121200562,1.0,0.646694004535675
YOR096W,YDR236C,0,-3.9394245,0.13428838551044464,1.0,0.6467940211296082
YDR013W,YHL019C,0,-3.9402556,0.13427041471004486,1.0,0.646894097328186
YHR023W,YLR010C,0,-3.941823,0.13425244390964508,1.0,0.6469941139221191
YDL110C,YLR078C,0,-3.9433255,0.1342344731092453,1.0,0.6470941305160522
YBR176W,YAR018C,0,-3.943933,0.1342165172100067,1.0,0.6471941471099854
YNL311C,YGL119W,0,-3.9440036,0.13419856131076813,1.0,0.6472941637039185
YBL020W,YKR009C,0,-3.9445205,0.13418060541152954,1.0,0.6473942399024963
YDL127W,YIL124W,0,-3.9445577,0.13416264951229095,1.0,0.6474942564964294
YHR143W,YDL185W,0,-3.9452763,0.13414470851421356,1.0,0.6475942730903625
YCR020C,YJR097W,0,-3.9455705,0.13412676751613617,1.0,0.6476942896842957
YGL128C,YBR009C,0,-3.9468718,0.13410884141921997,1.0,0.6477943658828735
YDR495C,YPL172C,0,-3.9474144,0.13409091532230377,1.0,0.6478943824768066
YPR048W,YCL063W,0,-3.9488254,0.13407298922538757,1.0,0.6479943990707397
YER061C,YGR234W,0,-3.9488916,0.13405506312847137,1.0,0.6480944156646729
YLL013C,YJL125C,0,-3.948923,0.13403715193271637,1.0,0.648194432258606
YHR031C,YKL059C,0,-3.9491906,0.13401924073696136,1.0,0.6482945084571838
YEL050C,YDL017W,0,-3.9496002,0.13400132954120636,1.0,0.6483945250511169
YEL015W,YGL039W,0,-3.950203,0.13398343324661255,1.0,0.64849454164505
YLR318W,YPL186C,0,-3.9510431,0.13396553695201874,1.0,0.6485945582389832
YAL043C,YML091C,0,-3.9524097,0.13394765555858612,1.0,0.648694634437561
YML042W,YGL155W,0,-3.9536128,0.1339297592639923,1.0,0.6487946510314941
YIL004C,YPL202C,0,-3.9540968,0.1339118778705597,1.0,0.6488946676254272
YDR288W,YPL159C,0,-3.9544277,0.13389401137828827,1.0,0.6489946842193604
YLR418C,YAR018C,0,-3.9550724,0.13387612998485565,1.0,0.6490947008132935
YNL330C,YJR009C,0,-3.955217,0.13385826349258423,1.0,0.6491947770118713
YDR388W,YGL009C,0,-3.9554467,0.133840411901474,1.0,0.6492947936058044
YBR033W,YPR021C,0,-3.9557047,0.13382254540920258,1.0,0.6493948101997375
YJL164C,YDR390C,0,-3.9562612,0.13380469381809235,1.0,0.6494948267936707
YFL029C,YIL155C,0,-3.9563355,0.13378684222698212,1.0,0.6495949029922485
YFR032C-A,YER086W,0,-3.9572496,0.13376900553703308,1.0,0.6496949195861816
YPL258C,YHR064C,0,-3.9580646,0.13375116884708405,1.0,0.6497949361801147
YBR024W,YGR075C,0,-3.9585853,0.133733332157135,1.0,0.6498949527740479
YJR066W,YLR427W,0,-3.9590464,0.13371551036834717,1.0,0.649994969367981
YHR044C,YPL160W,0,-3.9591513,0.13369767367839813,1.0,0.6500950455665588
YIL072W,YGR061C,0,-3.9598637,0.13367986679077148,1.0,0.6501950621604919
YBR156C,YLR418C,0,-3.9609714,0.13366204500198364,1.0,0.650295078754425
YNL330C,YJR010C-A,0,-3.9614506,0.133644238114357,1.0,0.6503950953483582
YBR087W,YDR523C,0,-3.9615817,0.13362643122673035,1.0,0.650495171546936
YOR174W,YOR242C,0,-3.9622922,0.1336086392402649,1.0,0.6505951881408691
YJR135W-A,YPR032W,0,-3.9633203,0.13359083235263824,1.0,0.6506952047348022
YCL075W,YDR103W,0,-3.9642086,0.1335730403661728,1.0,0.6507952213287354
YMR264W,YOL103W,0,-3.9656148,0.13355526328086853,1.0,0.6508952975273132
YGL185C,YOR067C,0,-3.9658794,0.13353747129440308,1.0,0.6509953141212463
YGL213C,YPL089C,0,-3.9661593,0.13351970911026,1.0,0.6510953307151794
YBR001C,YLR459W,0,-3.9664078,0.13350193202495575,1.0,0.6511953473091125
YNL206C,YOR066W,0,-3.9670963,0.13348416984081268,1.0,0.6512953639030457
YHR067W,YLR441C,0,-3.9672527,0.13346640765666962,1.0,0.6513954401016235
YGR184C,YLR265C,0,-3.9674778,0.13344864547252655,1.0,0.6514954566955566
YGR295C,YAR018C,0,-3.9686885,0.13343088328838348,1.0,0.6515954732894897
YOR257W,YLR096W,0,-3.9693556,0.1334131360054016,1.0,0.6516954898834229
YNR070W,YMR122W-A,0,-3.9695816,0.13339540362358093,1.0,0.6517955660820007
YDR022C,YDL038C,0,-3.9709997,0.13337765634059906,1.0,0.6518955826759338
YDL164C,YDR479C,0,-3.971016,0.13335992395877838,1.0,0.6519955992698669
YDL085W,YNL007C,0,-3.9711208,0.1333421915769577,1.0,0.6520956158638
YBR123C,YDR197W,0,-3.9723449,0.13332447409629822,1.0,0.6521956324577332
YKL199C,YDL033C,0,-3.9723468,0.13330675661563873,1.0,0.652295708656311
YMR122W-A,YKL042W,0,-3.972402,0.13328903913497925,1.0,0.6523957252502441
YDR022C,YOL127W,0,-3.9729257,0.13327132165431976,1.0,0.6524957418441772
YER096W,YJR143C,0,-3.973055,0.13325361907482147,1.0,0.6525957584381104
YDR018C,YLR048W,0,-3.9736829,0.13323591649532318,1.0,0.6526958346366882
YFL041W,YGL106W,0,-3.9741979,0.13321822881698608,1.0,0.6527958512306213
YHR172W,YJL019W,0,-3.9759774,0.1332005262374878,1.0,0.6528958678245544
YKL199C,YLR010C,0,-3.9761744,0.1331828385591507,1.0,0.6529958844184875
YOR175C,YJL033W,0,-3.976654,0.1331651657819748,1.0,0.6530959010124207
YOR233W,YOL002C,0,-3.9774637,0.1331474781036377,1.0,0.6531959772109985
YDL144C,YDR231C,0,-3.9779053,0.1331298053264618,1.0,0.6532959938049316
YDR248C,YJR065C,0,-3.9783263,0.13311214745044708,1.0,0.6533960103988647
YMR088C,YHR092C,0,-3.9784431,0.13309447467327118,1.0,0.6534960269927979
YJL073W,YOR290C,0,-3.9788246,0.13307681679725647,1.0,0.6535961031913757
YMR316W,YPR073C,0,-3.9802985,0.13305917382240295,1.0,0.6536961197853088
YDR315C,YHR011W,0,-3.9808488,0.13304151594638824,1.0,0.6537961363792419
YIL145C,YMR312W,0,-3.9813447,0.13302387297153473,1.0,0.653896152973175
YNL129W,YOR044W,0,-3.9816847,0.1330062299966812,1.0,0.6539961695671082
YDL007W,YEL017C-A,0,-3.9817276,0.1329886019229889,1.0,0.654096245765686
YPL226W,YPR054W,0,-3.981999,0.13297097384929657,1.0,0.6541962623596191
YML037C,YGR158C,0,-3.9821696,0.13295334577560425,1.0,0.6542962789535522
YDL019C,YGR035C,0,-3.9828954,0.13293571770191193,1.0,0.6543962955474854
YGR047C,YPR108W,0,-3.9830523,0.1329181045293808,1.0,0.6544963717460632
YNL086W,YIL101C,0,-3.9831314,0.13290049135684967,1.0,0.6545963883399963
YFL029C,YML113W,0,-3.983911,0.13288287818431854,1.0,0.6546964049339294
YEL013W,YPR021C,0,-3.984294,0.1328652799129486,1.0,0.6547964215278625
YDR356W,YOR346W,0,-3.9845061,0.13284768164157867,1.0,0.6548964977264404
YOR046C,YLR467W,0,-3.984952,0.13283008337020874,1.0,0.6549965143203735
YOR348C,YPR186C,0,-3.9854417,0.1328125,1.0,0.6550965309143066
YEL016C,YOR322C,0,-3.9859343,0.13279491662979126,1.0,0.6551965475082397
YMR306W,YOR389W,0,-3.9864793,0.13277733325958252,1.0,0.6552965641021729
YGL119W,YMR045C,0,-3.9866037,0.13275976479053497,1.0,0.6553966403007507
YBL017C,YMR204C,0,-3.9867034,0.13274219632148743,1.0,0.6554966568946838
YER083C,YNL039W,0,-3.9871688,0.13272462785243988,1.0,0.6555966734886169
YBL030C,YBR160W,0,-3.9873705,0.13270705938339233,1.0,0.65569669008255
YJR065C,YBR009C,0,-3.9879746,0.13268950581550598,1.0,0.6557967662811279
YDR103W,YLR186W,0,-3.988512,0.13267195224761963,1.0,0.655896782875061
YML042W,YNL213C,0,-3.9887033,0.13265441358089447,1.0,0.6559967994689941
YMR264W,YMR281W,0,-3.9887476,0.1326368749141693,1.0,0.6560968160629272
YLR214W,YAL013W,0,-3.9894156,0.13261933624744415,1.0,0.6561968326568604
YLR283W,YMR306W,0,-3.9894834,0.132601797580719,1.0,0.6562969088554382
YKL181W,YBR241C,0,-3.9898353,0.13258427381515503,1.0,0.6563969254493713
YCR004C,YIL126W,0,-3.9904704,0.13256675004959106,1.0,0.6564969420433044
YDR126W,YPL085W,0,-3.9905457,0.1325492262840271,1.0,0.6565969586372375
YGR088W,YHR092C,0,-3.9912553,0.13253171741962433,1.0,0.6566970348358154
YBR035C,YKL028W,0,-3.9919176,0.13251420855522156,1.0,0.6567970514297485
YEL017C-A,YCR047C,0,-3.9926243,0.1324966996908188,1.0,0.6568970680236816
YGR262C,YPL153C,0,-3.9928703,0.13247919082641602,1.0,0.6569970846176147
YOR384W,YOR228C,0,-3.9934611,0.13246169686317444,1.0,0.6570971012115479
YGR184C,YBR058C-A,0,-3.9940372,0.13244420289993286,1.0,0.6571971774101257
YBR022W,YML034W,0,-3.9943118,0.13242672383785248,1.0,0.6572971940040588
YIL171W,YOR233W,0,-3.9947205,0.1324092447757721,1.0,0.6573972105979919
YLL013C,YHR172W,0,-3.9959006,0.1323917657136917,1.0,0.657497227191925
YNL330C,YLR158C,0,-3.9963155,0.13237428665161133,1.0,0.6575973033905029
YDR532C,YEL054C,0,-3.9966807,0.13235682249069214,1.0,0.657697319984436
YMR223W,YHR136C,0,-3.9968185,0.13233935832977295,1.0,0.6577973365783691
YCL061C,YNL101W,0,-3.997283,0.13232189416885376,1.0,0.6578973531723022
YPR048W,YBR058C-A,0,-3.9997187,0.13230444490909576,1.0,0.6579973697662354
YDL007W,YJR022W,0,-3.999806,0.13228699564933777,1.0,0.6580974459648132
YGL206C,YNL212W,0,-4.0001116,0.13226954638957977,1.0,0.6581974625587463
YML048W,YDR298C,0,-4.000117,0.13225211203098297,1.0,0.6582974791526794
YER086W,YDL007W,0,-4.000177,0.13223467767238617,1.0,0.6583974957466125
YLR343W,YOR039W,0,-4.0009503,0.13221724331378937,1.0,0.6584975719451904
YMR211W,YML115C,0,-4.0009947,0.13219980895519257,1.0,0.6585975885391235
YDR531W,YDR511W,0,-4.0035915,0.13218238949775696,1.0,0.6586976051330566
YMR006C,YPL159C,0,-4.00446,0.13216497004032135,1.0,0.6587976217269897
YJR135C,YLR304C,0,-4.0049314,0.13214756548404694,1.0,0.6588976979255676
YJL129C,YPL194W,0,-4.0051193,0.13213016092777252,1.0,0.6589977145195007
YKL218C,YGR101W,0,-4.006842,0.1321127563714981,1.0,0.6590977311134338
YJL153C,YNL189W,0,-4.008004,0.1320953518152237,1.0,0.6591977477073669
YER112W,YGR189C,0,-4.0083566,0.13207796216011047,1.0,0.6592977643013
YER088C,YNL128W,0,-4.008366,0.13206057250499725,1.0,0.6593978404998779
YHR143W,YNL146W,0,-4.00919,0.13204318284988403,1.0,0.659497857093811
YMR006C,YOR242C,0,-4.0092716,0.1320257931947708,1.0,0.6595978736877441
YCR081W,YHR064C,0,-4.0100236,0.1320084184408188,1.0,0.6596978902816772
YKL199C,YOL077C,0,-4.0113964,0.13199105858802795,1.0,0.6597979664802551
YLR207W,YLR079W,0,-4.0114956,0.13197368383407593,1.0,0.6598979830741882
YMR247C,YGL155W,0,-4.0136123,0.1319563239812851,1.0,0.6599979996681213
YML104C,YDL112W,0,-4.0140543,0.13193896412849426,1.0,0.6600980162620544
YGL168W,YGL009C,0,-4.0146317,0.13192160427570343,1.0,0.6601980328559875
YBL069W,YLR186W,0,-4.0147653,0.1319042593240738,1.0,0.6602981090545654
YDL019C,YBR050C,0,-4.0151205,0.13188691437244415,1.0,0.6603981256484985
YMR171C,YCL031C,0,-4.0151567,0.13186956942081451,1.0,0.6604981422424316
YNL015W,YLR079W,0,-4.0152225,0.13185223937034607,1.0,0.6605981588363647
YJL072C,YPR028W,0,-4.015564,0.13183490931987762,1.0,0.6606982350349426
YLR343W,YPR166C,0,-4.015784,0.13181757926940918,1.0,0.6607982516288757
YHR044C,YDL095W,0,-4.0171013,0.13180026412010193,1.0,0.6608982682228088
YAR007C,YMR150C,0,-4.01803,0.13178294897079468,1.0,0.6609982848167419
YNL077W,YGL106W,0,-4.0180664,0.13176563382148743,1.0,0.661098301410675
YPL121C,YPL074W,0,-4.0185723,0.13174831867218018,1.0,0.6611983776092529
YDL101C,YGL123W,0,-4.0190034,0.13173101842403412,1.0,0.661298394203186
YCL075W,YBL022C,0,-4.019729,0.13171371817588806,1.0,0.6613984107971191
YLR098C,YNL217W,0,-4.020708,0.1316964328289032,1.0,0.6614984273910522
YDR052C,YGR014W,0,-4.02081,0.13167913258075714,1.0,0.6615985035896301
YPR048W,YMR088C,0,-4.021271,0.13166184723377228,1.0,0.6616985201835632
YMR290C,YER091C,0,-4.021684,0.1316445767879486,1.0,0.6617985367774963
YDL007W,YDL008W,0,-4.0237203,0.13162729144096375,1.0,0.6618985533714294
YER111C,YBR297W,0,-4.024883,0.13161002099514008,1.0,0.6619985699653625
YMR006C,YDL110C,0,-4.0249686,0.1315927505493164,1.0,0.6620986461639404
YLR396C,YJL052W,0,-4.026019,0.13157549500465393,1.0,0.6621986627578735
YOL003C,YKR104W,0,-4.026158,0.13155823945999146,1.0,0.6622986793518066
YML034W,YDR362C,0,-4.0265203,0.13154098391532898,1.0,0.6623986959457397
YMR198W,YER056C-A,0,-4.0270886,0.1315237283706665,1.0,0.6624987721443176
YJR134C,YPR070W,0,-4.0273786,0.13150648772716522,1.0,0.6625987887382507
YBL106C,YDR231C,0,-4.028604,0.13148924708366394,1.0,0.6626988053321838
YCL061C,YDR393W,0,-4.0294456,0.13147202134132385,1.0,0.6627988219261169
YDL007W,YDR118W,0,-4.0296397,0.13145478069782257,1.0,0.6628988981246948
YJL221C,YBR245C,0,-4.029785,0.13143755495548248,1.0,0.6629989147186279
YBR296C,YCR039C,0,-4.0300627,0.1314203292131424,1.0,0.663098931312561
YBR264C,YOR150W,0,-4.030617,0.1314031183719635,1.0,0.6631989479064941
YDR047W,YOL056W,0,-4.0309877,0.1313859075307846,1.0,0.6632989645004272
YDR239C,YMR204C,0,-4.031209,0.1313686966896057,1.0,0.6633990406990051
YGL136C,YNL039W,0,-4.032554,0.13135148584842682,1.0,0.6634990572929382
YJR135C,YOR290C,0,-4.0356917,0.13133428990840912,1.0,0.6635990738868713
YCR009C,YLR120C,0,-4.0360546,0.13131709396839142,1.0,0.6636990904808044
YDR120C,YJL101C,0,-4.0363955,0.1312999129295349,1.0,0.6637991666793823
YDR533C,YDR071C,0,-4.0368032,0.1312827169895172,1.0,0.6638991832733154
YER120W,YGR234W,0,-4.0369267,0.1312655359506607,1.0,0.6639991998672485
YBR159W,YDL205C,0,-4.0373373,0.1312483698129654,1.0,0.6640992164611816
YML040W,YNL242W,0,-4.0376115,0.1312311887741089,1.0,0.6641992330551147
YAL021C,YGL227W,0,-4.0391846,0.13121402263641357,1.0,0.6642993092536926
YLR032W,YLR186W,0,-4.0397105,0.13119685649871826,1.0,0.6643993258476257
YPR102C,YIL113W,0,-4.0400543,0.13117970526218414,1.0,0.6644993424415588
YJL153C,YLR246W,0,-4.0410395,0.13116255402565002,1.0,0.6645993590354919
YHL040C,YOL065C,0,-4.041563,0.1311454027891159,1.0,0.6646994352340698
YDL120W,YGR188C,0,-4.041657,0.1311282515525818,1.0,0.6647994518280029
YDR236C,YJL062W,0,-4.0446544,0.13111111521720886,1.0,0.664899468421936
YER044C,YOR150W,0,-4.0451365,0.13109397888183594,1.0,0.6649994850158691
YLR127C,YKR058W,0,-4.0452332,0.131076842546463,1.0,0.6650995016098022
YNL330C,YPL019C,0,-4.0456977,0.13105972111225128,1.0,0.6651995778083801
YGL168W,YGR076C,0,-4.045796,0.13104258477687836,1.0,0.6652995944023132
YBR123C,YNL101W,0,-4.0459666,0.13102547824382782,1.0,0.6653996109962463
YHL008C,YNL306W,0,-4.046347,0.1310083568096161,1.0,0.6654996275901794
YDR270W,YNR001C,0,-4.0467515,0.13099125027656555,1.0,0.6655997037887573
YAL010C,YKR009C,0,-4.0470977,0.13097414374351501,1.0,0.6656997203826904
YIL009C-A,YHR140W,0,-4.0474195,0.13095703721046448,1.0,0.6657997369766235
YCR009C,YKL140W,0,-4.047595,0.13093994557857513,1.0,0.6658997535705566
YMR257C,YNR070W,0,-4.047782,0.1309228539466858,1.0,0.6659997701644897
YPR063C,YLR419W,0,-4.0481467,0.13090576231479645,1.0,0.6660998463630676
YMR297W,YLR097C,0,-4.048233,0.1308886855840683,1.0,0.6661998629570007
YHL024W,YGR123C,0,-4.0491214,0.13087160885334015,1.0,0.6662998795509338
YIL034C,YPR047W,0,-4.0492783,0.130854532122612,1.0,0.6663998961448669
YDR511W,YOL140W,0,-4.0510616,0.13083747029304504,1.0,0.6664999723434448
YFL029C,YLR040C,0,-4.0525975,0.1308203935623169,1.0,0.6665999889373779
YER173W,YDR380W,0,-4.0532846,0.13080333173274994,1.0,0.666700005531311
YDR425W,YNL149C,0,-4.0546207,0.13078628480434418,1.0,0.6668000221252441
YMR036C,YBR164C,0,-4.0549884,0.13076923787593842,1.0,0.666900098323822
YEL064C,YKR048C,0,-4.0552773,0.13075219094753265,1.0,0.6670001149177551
YMR221C,YPL095C,0,-4.0555463,0.1307351440191269,1.0,0.6671001315116882
YJR160C,YCL027W,0,-4.0578628,0.13071809709072113,1.0,0.6672001481056213
YGR047C,YMR051C,0,-4.058214,0.13070106506347656,1.0,0.6673001646995544
YKR061W,YBL022C,0,-4.0586653,0.130684033036232,1.0,0.6674002408981323
YMR201C,YMR023C,0,-4.0590544,0.13066701591014862,1.0,0.6675002574920654
YPL194W,YML048W,0,-4.0597606,0.13064999878406525,1.0,0.6676002740859985
YNL280C,YER161C,0,-4.0601397,0.13063298165798187,1.0,0.6677002906799316
YGL009C,YHR036W,0,-4.0614066,0.1306159645318985,1.0,0.6678003668785095
YBR041W,YIR002C,0,-4.0623894,0.13059896230697632,1.0,0.6679003834724426
YKL100C,YDR093W,0,-4.0625796,0.13058196008205414,1.0,0.6680004000663757
YLR098C,YHR036W,0,-4.062872,0.13056495785713196,1.0,0.6681004166603088
YPL103C,YDR380W,0,-4.0629005,0.13054795563220978,1.0,0.6682004332542419
YLR283W,YER091C,0,-4.0632915,0.1305309683084488,1.0,0.6683005094528198
YKL178C,YDL112W,0,-4.063964,0.1305139809846878,1.0,0.6684005260467529
YBR024W,YJL125C,0,-4.0644407,0.130497008562088,1.0,0.668500542640686
YGR292W,YGL035C,0,-4.0645437,0.13048003613948822,1.0,0.6686005592346191
YOL100W,YPL153C,0,-4.06468,0.13046306371688843,1.0,0.668700635433197
YPL068C,YDR402C,0,-4.0664506,0.13044609129428864,1.0,0.6688006520271301
YDL205C,YCR075C,0,-4.066917,0.13042913377285004,1.0,0.6689006686210632
YLR364W,YNL101W,0,-4.066923,0.13041217625141144,1.0,0.6690006852149963
YJR134C,YKR009C,0,-4.0676837,0.13039521872997284,1.0,0.6691007018089294
YMR289W,YHR099W,0,-4.0689487,0.13037826120853424,1.0,0.6692007780075073
YOL133W,YLR074C,0,-4.069415,0.13036131858825684,1.0,0.6693007946014404
YAL021C,YER044C,0,-4.0707726,0.13034437596797943,1.0,0.6694008111953735
YMR316W,YMR217W,0,-4.071945,0.13032744824886322,1.0,0.6695008277893066
YBL103C,YOR346W,0,-4.0735354,0.13031050562858582,1.0,0.6696009039878845
YGL213C,YDL192W,0,-4.0740967,0.1302935779094696,1.0,0.6697009205818176
YML005W,YMR152W,0,-4.0745444,0.1302766650915146,1.0,0.6698009371757507
YAL041W,YBR207W,0,-4.0754046,0.13025973737239838,1.0,0.6699009537696838
YAL008W,YHL004W,0,-4.075483,0.13024282455444336,1.0,0.6700010299682617
YMR264W,YDR379W,0,-4.075949,0.13022591173648834,1.0,0.6701010465621948
YMR070W,YOR348C,0,-4.077029,0.13020901381969452,1.0,0.6702010631561279
YGR263C,YKR014C,0,-4.078189,0.1301921010017395,1.0,0.670301079750061
YFL004W,YPL048W,0,-4.0793185,0.13017521798610687,1.0,0.6704010963439941
YDR101C,YML087C,0,-4.0796084,0.13015832006931305,1.0,0.670501172542572
YDR421W,YPR081C,0,-4.080064,0.13014143705368042,1.0,0.6706011891365051
YPL101W,YDL144C,0,-4.080424,0.1301245391368866,1.0,0.6707012057304382
YMR165C,YNL135C,0,-4.081064,0.13010767102241516,1.0,0.6708012223243713
YIL034C,YGR135W,0,-4.082395,0.13009078800678253,1.0,0.6709012985229492
YPR098C,YKL042W,0,-4.0824413,0.1300739198923111,1.0,0.6710013151168823
YBR273C,YNL217W,0,-4.0832844,0.13005705177783966,1.0,0.6711013317108154
YDR170W-A,YLR403W,0,-4.085275,0.13004019856452942,1.0,0.6712013483047485
YBL101W-A,YOR326W,0,-4.08615,0.13002333045005798,1.0,0.6713013648986816
YDR242W,YPL177C,0,-4.086712,0.13000647723674774,1.0,0.6714014410972595
YOL018C,YJL056C,0,-4.0868783,0.1299896389245987,1.0,0.6715014576911926
YPL144W,YIL113W,0,-4.0873833,0.12997278571128845,1.0,0.6716014742851257
YPL022W,YNL325C,0,-4.087528,0.1299559473991394,1.0,0.6717014908790588
YGL191W,YDL200C,0,-4.087714,0.12993910908699036,1.0,0.6718015670776367
YBR092C,YIL113W,0,-4.0895624,0.1299222856760025,1.0,0.6719015836715698
YGL090W,YPL155C,0,-4.0903616,0.12990544736385345,1.0,0.6720016002655029
YGL205W,YOR221C,0,-4.0908413,0.1298886239528656,1.0,0.672101616859436
YHR186C,YPL095C,0,-4.0913234,0.12987181544303894,1.0,0.6722016334533691
YER147C,YBR231C,0,-4.091684,0.1298549920320511,1.0,0.672301709651947
YHL040C,YDR116C,0,-4.09252,0.12983818352222443,1.0,0.6724017262458801
YMR171C,YDR448W,0,-4.092903,0.12982137501239777,1.0,0.6725017428398132
YBR024W,YJR065C,0,-4.0934095,0.1298045814037323,1.0,0.6726017594337463
YGL119W,YDR313C,0,-4.094942,0.12978778779506683,1.0,0.6727018356323242
YCL069W,YJR059W,0,-4.0952497,0.12977099418640137,1.0,0.6728018522262573
YDR014W,YOL157C,0,-4.095886,0.1297542005777359,1.0,0.6729018688201904
YDL231C,YNR050C,0,-4.096694,0.12973742187023163,1.0,0.6730018854141235
YPL148C,YIL078W,0,-4.096783,0.12972064316272736,1.0,0.6731019020080566
YGL223C,YIR017C,0,-4.0994077,0.12970386445522308,1.0,0.6732019782066345
YPR184W,YNR041C,0,-4.1005154,0.12968710064888,1.0,0.6733019948005676
YHR025W,YER173W,0,-4.1011834,0.12967033684253693,1.0,0.6734020113945007
YEL059C-A,YNL135C,0,-4.101622,0.12965357303619385,1.0,0.6735020279884338
YNL046W,YML034W,0,-4.102136,0.12963680922985077,1.0,0.6736021041870117
YBR041W,YEL017C-A,0,-4.102842,0.12962006032466888,1.0,0.6737021207809448
YGL232W,YGR218W,0,-4.104078,0.129603311419487,1.0,0.6738021373748779
YIR006C,YDR239C,0,-4.104649,0.12958656251430511,1.0,0.673902153968811
YLR106C,YOL072W,0,-4.106531,0.12956982851028442,1.0,0.6740022301673889
YMR080C,YNR041C,0,-4.106826,0.12955309450626373,1.0,0.674102246761322
YIL027C,YNL325C,0,-4.106897,0.12953636050224304,1.0,0.6742022633552551
YCR039C,YLR446W,0,-4.1078935,0.12951962649822235,1.0,0.6743022799491882
YJL065C,YPR054W,0,-4.1082954,0.12950290739536285,1.0,0.6744022965431213
YML054C,YKR048C,0,-4.108951,0.12948618829250336,1.0,0.6745023727416992
YPR005C,YOR044W,0,-4.1098466,0.12946946918964386,1.0,0.6746023893356323
YHL019C,YOL103W,0,-4.1110306,0.12945276498794556,1.0,0.6747024059295654
YNL049C,YDR334W,0,-4.111165,0.12943606078624725,1.0,0.6748024225234985
YHR017W,YGR189C,0,-4.1116586,0.12941935658454895,1.0,0.6749024987220764
YPL017C,YLL050C,0,-4.112486,0.12940265238285065,1.0,0.6750025153160095
YDL164C,YHR140W,0,-4.1128182,0.12938596308231354,1.0,0.6751025319099426
YEL059C-A,YKR058W,0,-4.1132636,0.12936927378177643,1.0,0.6752025485038757
YFL041W,YPR031W,0,-4.1135817,0.1293525993824005,1.0,0.6753025650978088
YJR065C,YDR077W,0,-4.11419,0.1293359100818634,1.0,0.6754026412963867
YPL148C,YJR045C,0,-4.1149993,0.1293192356824875,1.0,0.6755026578903198
YPL095C,YKL017C,0,-4.1154656,0.12930256128311157,1.0,0.6756026744842529
YLR098C,YFR015C,0,-4.115476,0.12928590178489685,1.0,0.675702691078186
YOL152W,YMR217W,0,-4.1155157,0.12926924228668213,1.0,0.6758027672767639
YOR124C,YBR198C,0,-4.1158223,0.1292525827884674,1.0,0.675902783870697
YAL041W,YJR155W,0,-4.1173096,0.12923592329025269,1.0,0.6760028004646301
YKL198C,YMR311C,0,-4.1177707,0.12921927869319916,1.0,0.6761028170585632
YLR266C,YER007W,0,-4.119209,0.12920263409614563,1.0,0.6762028336524963
YHR028C,YDR503C,0,-4.119305,0.1291859894990921,1.0,0.6763029098510742
YDR224C,YDR077W,0,-4.1194167,0.12916934490203857,1.0,0.6764029264450073
YIL051C,YPL092W,0,-4.120715,0.12915271520614624,1.0,0.6765029430389404
YAL058W,YOL109W,0,-4.121068,0.1291360855102539,1.0,0.6766029596328735
YLR287C-A,YDR158W,0,-4.1218824,0.12911947071552277,1.0,0.6767030358314514
YDR170W-A,YGL227W,0,-4.122388,0.12910284101963043,1.0,0.6768030524253845
YPL194W,YPL085W,0,-4.1224713,0.1290862262248993,1.0,0.6769030690193176
YBL064C,YEL017C-A,0,-4.1226053,0.12906961143016815,1.0,0.6770030856132507
YIL150C,YNL146W,0,-4.122782,0.1290530115365982,1.0,0.6771031022071838
YHL008C,YLR040C,0,-4.122973,0.12903641164302826,1.0,0.6772031784057617
YDR425W,YIL034C,0,-4.1241364,0.1290198117494583,1.0,0.6773031949996948
YMR006C,YMR037C,0,-4.1253395,0.12900321185588837,1.0,0.6774032115936279
YGR002C,YER180C,0,-4.125879,0.12898662686347961,1.0,0.677503228187561
YPR063C,YMR150C,0,-4.1262856,0.12897004187107086,1.0,0.6776033043861389
YGR104C,YHR027C,0,-4.126635,0.1289534568786621,1.0,0.677703320980072
YKL154W,YBR097W,0,-4.1270366,0.12893688678741455,1.0,0.6778033375740051
YER070W,YMR037C,0,-4.1270943,0.1289203017950058,1.0,0.6779033541679382
YLR373C,YDL146W,0,-4.1282754,0.12890374660491943,1.0,0.6780034303665161
YOR381W,YDR117C,0,-4.128709,0.12888717651367188,1.0,0.6781034469604492
YDR055W,YML009C,0,-4.1308727,0.1288706213235855,1.0,0.6782034635543823
YMR043W,YIL113W,0,-4.130982,0.12885406613349915,1.0,0.6783034801483154
YDR312W,YMR163C,0,-4.133258,0.12883751094341278,1.0,0.6784034967422485
YOR116C,YIL136W,0,-4.1340246,0.12882095575332642,1.0,0.6785035729408264
YNL293W,YER020W,0,-4.135338,0.12880441546440125,1.0,0.6786035895347595
YBL030C,YBR207W,0,-4.135358,0.12878787517547607,1.0,0.6787036061286926
YMR006C,YJL156C,0,-4.1360774,0.1287713497877121,1.0,0.6788036227226257
YGL136C,YHL032C,0,-4.136302,0.12875480949878693,1.0,0.6789036989212036
YGL009C,YPL060W,0,-4.1368313,0.12873828411102295,1.0,0.6790037155151367
YGR154C,YKR104W,0,-4.1369176,0.12872175872325897,1.0,0.6791037321090698
YHR206W,YOL071W,0,-4.1380396,0.1287052482366562,1.0,0.6792037487030029
YER140W,YOR242C,0,-4.1381702,0.1286887377500534,1.0,0.679303765296936
YMR281W,YOL030W,0,-4.1391683,0.12867222726345062,1.0,0.6794038414955139
YLR467W,YNL268W,0,-4.1392817,0.12865571677684784,1.0,0.679503858089447
YGL089C,YLR385C,0,-4.139751,0.12863922119140625,1.0,0.6796038746833801
YJR022W,YJR135W-A,0,-4.1402984,0.12862272560596466,1.0,0.6797038912773132
YGL119W,YJR015W,0,-4.1405816,0.12860623002052307,1.0,0.6798039674758911
YGL205W,YDR118W,0,-4.140631,0.12858974933624268,1.0,0.6799039840698242
YGL178W,YIL115C,0,-4.141084,0.1285732537508011,1.0,0.6800040006637573
YNL077W,YER153C,0,-4.1411476,0.1285567730665207,1.0,0.6801040172576904
YCR094W,YER012W,0,-4.1416597,0.1285403072834015,1.0,0.6802040338516235
YDR436W,YNL339C,0,-4.143095,0.1285238265991211,1.0,0.6803041100502014
YDR448W,YDR103W,0,-4.1444964,0.1285073608160019,1.0,0.6804041266441345
YML104C,YHR129C,0,-4.146519,0.12849090993404388,1.0,0.6805041432380676
YLR204W,YLR120C,0,-4.146771,0.12847444415092468,1.0,0.6806041598320007
YMR004W,YHR086W,0,-4.147665,0.12845799326896667,1.0,0.6807042360305786
YMR071C,YKL017C,0,-4.148289,0.12844154238700867,1.0,0.6808042526245117
YPR070W,YAL008W,0,-4.148892,0.12842509150505066,1.0,0.6809042692184448
YDR448W,YLR127C,0,-4.1492796,0.12840865552425385,1.0,0.6810042858123779
YER025W,YOR381W,0,-4.1494255,0.12839221954345703,1.0,0.681104302406311
YGL119W,YMR086W,0,-4.1494427,0.12837578356266022,1.0,0.6812043786048889
YPR048W,YGR101W,0,-4.150105,0.1283593475818634,1.0,0.681304395198822
YPR166C,YER106W,0,-4.150872,0.12834292650222778,1.0,0.6814044117927551
YNL210W,YJR098C,0,-4.1515765,0.12832650542259216,1.0,0.6815044283866882
YFL036W,YDR054C,0,-4.1520185,0.12831009924411774,1.0,0.6816045045852661
YDR283C,YKR050W,0,-4.1521482,0.12829367816448212,1.0,0.6817045211791992
YDR170W-A,YNR011C,0,-4.1522746,0.1282772719860077,1.0,0.6818045377731323
YNR008W,YHL044W,0,-4.1525197,0.12826086580753326,1.0,0.6819045543670654
YOR290C,YFR007W,0,-4.152913,0.12824447453022003,1.0,0.6820046305656433
YJL129C,YPL153C,0,-4.1529574,0.1282280683517456,1.0,0.6821046471595764
YAR015W,YGR279C,0,-4.1537347,0.12821167707443237,1.0,0.6822046637535095
YNR020C,YLR446W,0,-4.153798,0.12819530069828033,1.0,0.6823046803474426
YMR281W,YMR224C,0,-4.1546397,0.1281789094209671,1.0,0.6824046969413757
YER096W,YDL108W,0,-4.156576,0.12816253304481506,1.0,0.6825047731399536
YGR088W,YNL244C,0,-4.1577888,0.12814615666866302,1.0,0.6826047897338867
YNL159C,YDR315C,0,-4.157994,0.12812979519367218,1.0,0.6827048063278198
YPL258C,YGR123C,0,-4.1592593,0.12811341881752014,1.0,0.6828048229217529
YOR175C,YBL010C,0,-4.1596546,0.1280970573425293,1.0,0.6829048991203308
YJR139C,YOL056W,0,-4.1600914,0.12808071076869965,1.0,0.6830049157142639
YGL191W,YNR016C,0,-4.1613536,0.1280643492937088,1.0,0.683104932308197
YPL281C,YMR204C,0,-4.161586,0.12804800271987915,1.0,0.6832049489021301
YER029C,YNL306W,0,-4.1617637,0.1280316561460495,1.0,0.6833049654960632
YKL100C,YLR357W,0,-4.162106,0.12801530957221985,1.0,0.6834050416946411
YOR036W,YDR117C,0,-4.1621113,0.1279989778995514,1.0,0.6835050582885742
YDR118W,YML081C-A,0,-4.1637444,0.12798264622688293,1.0,0.6836050748825073
YBR299W,YDR380W,0,-4.1638684,0.12796631455421448,1.0,0.6837050914764404
YPL186C,YAL062W,0,-4.16404,0.12794999778270721,1.0,0.6838051676750183
YHR136C,YDR507C,0,-4.1640754,0.12793366611003876,1.0,0.6839051842689514
YNL330C,YMR043W,0,-4.164292,0.1279173642396927,1.0,0.6840052008628845
YDR341C,YDR424C,0,-4.164556,0.12790104746818542,1.0,0.6841052174568176
YLR097C,YBR058C-A,0,-4.166077,0.12788473069667816,1.0,0.6842052340507507
YFR003C,YMR287C,0,-4.1666827,0.1278684288263321,1.0,0.6843053102493286
YMR080C,YOL133W,0,-4.166714,0.12785214185714722,1.0,0.6844053268432617
YDR224C,YDR003W,0,-4.1676464,0.12783583998680115,1.0,0.6845053434371948
YCR020C,YGR088W,0,-4.1681786,0.12781955301761627,1.0,0.6846053600311279
YMR122W-A,YIL113W,0,-4.168621,0.1278032660484314,1.0,0.6847054362297058
YLR109W,YNL007C,0,-4.168716,0.12778697907924652,1.0,0.6848054528236389
YER007W,YPL028W,0,-4.16893,0.12777070701122284,1.0,0.684905469417572
YIR036C,YLR287C-A,0,-4.1703787,0.12775442004203796,1.0,0.6850054860115051
YBR175W,YDR436W,0,-4.1704473,0.12773816287517548,1.0,0.6851055026054382
YHR089C,YOL007C,0,-4.1707354,0.1277218908071518,1.0,0.6852055788040161
YML060W,YJL101C,0,-4.171614,0.1277056336402893,1.0,0.6853055953979492
YLR459W,YBR198C,0,-4.1720266,0.12768937647342682,1.0,0.6854056119918823
YNR008W,YER070W,0,-4.1738195,0.12767311930656433,1.0,0.6855056285858154
YGL227W,YAL062W,0,-4.175864,0.12765686213970184,1.0,0.6856057047843933
YDR479C,YGL258W-A,0,-4.1759796,0.12764061987400055,1.0,0.6857057213783264
YMR171C,YLR381W,0,-4.176858,0.12762437760829926,1.0,0.6858057379722595
YDR448W,YHL036W,0,-4.1772127,0.12760813534259796,1.0,0.6859057545661926
YLL062C,YDR169C,0,-4.178159,0.12759190797805786,1.0,0.6860058307647705
YDL056W,YAR044W,0,-4.1781693,0.12757568061351776,1.0,0.6861058473587036
YOR322C,YOR233W,0,-4.178363,0.12755945324897766,1.0,0.6862058639526367
YGR263C,YNL217W,0,-4.1786423,0.12754324078559875,1.0,0.6863058805465698
YNL210W,YGL229C,0,-4.1797276,0.12752701342105865,1.0,0.6864058971405029
YDR052C,YFL044C,0,-4.180257,0.12751080095767975,1.0,0.6865059733390808
YBR041W,YBR164C,0,-4.181971,0.12749460339546204,1.0,0.6866059899330139
YER147C,YPR081C,0,-4.1820364,0.12747839093208313,1.0,0.686706006526947
YAL013W,YKR104W,0,-4.184419,0.12746219336986542,1.0,0.6868060231208801
YER027C,YIL084C,0,-4.184422,0.1274459958076477,1.0,0.686906099319458
YMR297W,YER048W-A,0,-4.186075,0.12742979824543,1.0,0.6870061159133911
YNL185C,YDR166C,0,-4.186554,0.12741361558437347,1.0,0.6871061325073242
YOR228C,YDR334W,0,-4.1875114,0.12739743292331696,1.0,0.6872061491012573
YIL074C,YDR134C,0,-4.1878695,0.12738125026226044,1.0,0.6873061656951904
YDR134C,YMR204C,0,-4.188148,0.1273650825023651,1.0,0.6874062418937683
YLR373C,YER153C,0,-4.1886787,0.1273489147424698,1.0,0.6875062584877014
YOR290C,YBR241C,0,-4.1892953,0.12733274698257446,1.0,0.6876062750816345
YPL103C,YDR103W,0,-4.189531,0.12731657922267914,1.0,0.6877062916755676
YGL021W,YLR192C,0,-4.1899047,0.1273004114627838,1.0,0.6878063678741455
YPL206C,YER147C,0,-4.189965,0.12728425860404968,1.0,0.6879063844680786
YHR186C,YDR298C,0,-4.19262,0.12726810574531555,1.0,0.6880064010620117
YGL040C,YLR176C,0,-4.195164,0.12725196778774261,1.0,0.6881064176559448
YER083C,YAL035W,0,-4.195411,0.12723582983016968,1.0,0.6882064342498779
YMR036C,YJR033C,0,-4.195508,0.12721969187259674,1.0,0.6883065104484558
YBR050C,YGR054W,0,-4.196089,0.1272035539150238,1.0,0.6884065270423889
YDR096W,YHR010W,0,-4.197174,0.12718741595745087,1.0,0.688506543636322
YLR283W,YGL227W,0,-4.197377,0.12717129290103912,1.0,0.6886065602302551
YDR425W,YIL101C,0,-4.197443,0.12715516984462738,1.0,0.688706636428833
YHR207C,YHR099W,0,-4.1980753,0.12713906168937683,1.0,0.6888066530227661
YER089C,YDR380W,0,-4.198438,0.1271229386329651,1.0,0.6889066696166992
YPL206C,YMR289W,0,-4.198923,0.12710683047771454,1.0,0.6890066862106323
YOL064C,YMR256C,0,-4.1993937,0.127090722322464,1.0,0.6891067028045654
YNR050C,YGR295C,0,-4.1994853,0.12707462906837463,1.0,0.6892067790031433
YBR286W,YNL146W,0,-4.2005725,0.12705852091312408,1.0,0.6893067955970764
YLR074C,YAL044C,0,-4.2006426,0.12704242765903473,1.0,0.6894068121910095
YBR240C,YDL141W,0,-4.2015347,0.12702634930610657,1.0,0.6895068287849426
YDL007W,YNR070W,0,-4.2020864,0.1270102560520172,1.0,0.6896069049835205
YNL206C,YDR116C,0,-4.202104,0.12699417769908905,1.0,0.6897069215774536
YAL041W,YPR042C,0,-4.202251,0.1269780993461609,1.0,0.6898069381713867
YLR096W,YHR036W,0,-4.20261,0.12696202099323273,1.0,0.6899069547653198
YKL140W,YML113W,0,-4.2028604,0.12694595754146576,1.0,0.6900070309638977
YDR297W,YDR298C,0,-4.202914,0.1269298940896988,1.0,0.6901070475578308
YGL136C,YHR215W,0,-4.203486,0.12691383063793182,1.0,0.6902070641517639
YAL043C,YOL064C,0,-4.203625,0.12689776718616486,1.0,0.690307080745697
YLR433C,YNL268W,0,-4.2042317,0.12688171863555908,1.0,0.6904070973396301
YDR379W,YLR121C,0,-4.204546,0.1268656700849533,1.0,0.690507173538208
YOL031C,YJR065C,0,-4.2048507,0.12684962153434753,1.0,0.6906071901321411
YLR015W,YIR006C,0,-4.205261,0.12683358788490295,1.0,0.6907072067260742
YDL200C,YNR001C,0,-4.2065167,0.12681755423545837,1.0,0.6908072233200073
YJR010C-A,YPL022W,0,-4.20709,0.1268015205860138,1.0,0.6909072995185852
YIL027C,YML037C,0,-4.208923,0.1267854869365692,1.0,0.6910073161125183
YOR269W,YML048W,0,-4.2091794,0.12676946818828583,1.0,0.6911073327064514
YNL158W,YOR332W,0,-4.2094555,0.12675344944000244,1.0,0.6912073493003845
YEL058W,YFL037W,0,-4.2106075,0.12673743069171906,1.0,0.6913073658943176
YGL128C,YNL115C,0,-4.2125273,0.12672141194343567,1.0,0.6914074420928955
YIR006C,YOR036W,0,-4.2127223,0.12670540809631348,1.0,0.6915074586868286
YOR066W,YGL040C,0,-4.213251,0.12668940424919128,1.0,0.6916074752807617
YER045C,YDR534C,0,-4.2134657,0.1266734004020691,1.0,0.6917074918746948
YGL003C,YLL001W,0,-4.2145286,0.1266574114561081,1.0,0.6918075680732727
YDR013W,YLR427W,0,-4.214565,0.1266414076089859,1.0,0.6919075846672058
YDL115C,YDL144C,0,-4.215383,0.1266254186630249,1.0,0.6920076012611389
YJL106W,YGR002C,0,-4.215637,0.1266094446182251,1.0,0.692107617855072
YPR049C,YMR257C,0,-4.215754,0.1265934556722641,1.0,0.6922076344490051
YOL157C,YCL047C,0,-4.216946,0.1265774816274643,1.0,0.692307710647583
YBR185C,YOR221C,0,-4.2183604,0.1265615075826645,1.0,0.6924077272415161
YBR050C,YML074C,0,-4.2184634,0.12654554843902588,1.0,0.6925077438354492
YGL136C,YOL007C,0,-4.2199407,0.12652958929538727,1.0,0.6926077604293823
YJL102W,YDR487C,0,-4.220014,0.12651361525058746,1.0,0.6927078366279602
YFR032C-A,YMR056C,0,-4.2204576,0.12649767100811005,1.0,0.6928078532218933
YER088C,YNL158W,0,-4.22133,0.12648171186447144,1.0,0.6929078698158264
YDR117C,YBR185C,0,-4.2217555,0.12646576762199402,1.0,0.6930078864097595
YML042W,YDL065C,0,-4.2222013,0.1264498233795166,1.0,0.6931079030036926
YAL041W,YPL048W,0,-4.2224145,0.12643387913703918,1.0,0.6932079792022705
YNL149C,YER020W,0,-4.2224436,0.12641794979572296,1.0,0.6933079957962036
YGL251C,YER089C,0,-4.2229753,0.12640202045440674,1.0,0.6934080123901367
YDR495C,YER096W,0,-4.2230034,0.12638609111309052,1.0,0.6935080289840698
YLL038C,YDR523C,0,-4.2246385,0.1263701617717743,1.0,0.6936081051826477
YMR257C,YBR198C,0,-4.225232,0.12635424733161926,1.0,0.6937081217765808
YGL161C,YDR402C,0,-4.2255597,0.12633833289146423,1.0,0.6938081383705139
YKR009C,YDR507C,0,-4.227272,0.1263224184513092,1.0,0.693908154964447
YHR129C,YLR176C,0,-4.228575,0.12630650401115417,1.0,0.6940082311630249
YDR117C,YJL156C,0,-4.230029,0.12629060447216034,1.0,0.694108247756958
YOR076C,YLR139C,0,-4.2305527,0.1262747049331665,1.0,0.6942082643508911
YKR014C,YGL003C,0,-4.230842,0.12625880539417267,1.0,0.6943082809448242
YOR063W,YCL075W,0,-4.231335,0.12624292075634003,1.0,0.6944082975387573
YJR121W,YDL065C,0,-4.232184,0.12622703611850739,1.0,0.6945083737373352
YCR081W,YNR045W,0,-4.233216,0.12621115148067474,1.0,0.6946083903312683
YBR237W,YMR022W,0,-4.234244,0.1261952668428421,1.0,0.6947084069252014
YMR235C,YLR343W,0,-4.2350802,0.12617939710617065,1.0,0.6948084235191345
YGL147C,YKR097W,0,-4.235163,0.1261635273694992,1.0,0.6949084997177124
YDR315C,YNL112W,0,-4.2353067,0.12614765763282776,1.0,0.6950085163116455
YDR270W,YIL138C,0,-4.235454,0.1261317878961563,1.0,0.6951085329055786
YMR006C,YLR433C,0,-4.235533,0.12611593306064606,1.0,0.6952085494995117
YPR005C,YLR121C,0,-4.2397256,0.1261000782251358,1.0,0.6953085660934448
YLR396C,YHL032C,0,-4.242581,0.12608422338962555,1.0,0.6954086422920227
YDR242W,YLR237W,0,-4.2427855,0.1260683834552765,1.0,0.6955086588859558
YDL101C,YIL155C,0,-4.2432666,0.12605252861976624,1.0,0.6956086754798889
YIL112W,YJL101C,0,-4.243318,0.12603668868541718,1.0,0.695708692073822
YOL067C,YDR074W,0,-4.2446356,0.1260208636522293,1.0,0.6958087682723999
YDL085W,YPR041W,0,-4.2459598,0.12600502371788025,1.0,0.695908784866333
YDL115C,YJR060W,0,-4.2466884,0.12598919868469238,1.0,0.6960088014602661
YJR015W,YGR188C,0,-4.2473435,0.12597337365150452,1.0,0.6961088180541992
YDL007W,YCL055W,0,-4.2486787,0.12595754861831665,1.0,0.6962088346481323
YFL029C,YML091C,0,-4.2499113,0.12594173848628998,1.0,0.6963089108467102
YKR037C,YLR438C-A,0,-4.2503533,0.1259259283542633,1.0,0.6964089274406433
YDR170W-A,YBR142W,0,-4.250444,0.12591011822223663,1.0,0.6965089440345764
YDL019C,YKR038C,0,-4.2509017,0.12589430809020996,1.0,0.6966089606285095
YBR041W,YJL044C,0,-4.251269,0.12587851285934448,1.0,0.6967090368270874
YDR279W,YGR135W,0,-4.2515826,0.125862717628479,1.0,0.6968090534210205
YMR290C,YNR047W,0,-4.254419,0.12584692239761353,1.0,0.6969090700149536
YGL009C,YLR265C,0,-4.2565713,0.12583114206790924,1.0,0.6970090866088867
YNL188W,YPL048W,0,-4.256582,0.12581534683704376,1.0,0.6971091032028198
YOR096W,YGR272C,0,-4.2567863,0.12579956650733948,1.0,0.6972091794013977
YPR186C,YGR194C,0,-4.257748,0.1257838010787964,1.0,0.6973091959953308
YLR126C,YDR096W,0,-4.258233,0.1257680207490921,1.0,0.6974092125892639
YCL055W,YDL085W,0,-4.2582517,0.125752255320549,1.0,0.697509229183197
YJL129C,YJL164C,0,-4.2589,0.12573648989200592,1.0,0.6976093053817749
YPL149W,YOR233W,0,-4.2594867,0.12572073936462402,1.0,0.697709321975708
YDL144C,YMR017W,0,-4.25979,0.12570497393608093,1.0,0.6978093385696411
YML034W,YOR346W,0,-4.2598834,0.12568922340869904,1.0,0.6979093551635742
YJL106W,YML115C,0,-4.260406,0.12567347288131714,1.0,0.6980094313621521
YKL135C,YGR262C,0,-4.260659,0.12565773725509644,1.0,0.6981094479560852
YDR236C,YIL039W,0,-4.2610555,0.12564198672771454,1.0,0.6982094645500183
YIR017C,YDR197W,0,-4.261267,0.12562625110149384,1.0,0.6983094811439514
YDR425W,YOR356W,0,-4.2613072,0.12561051547527313,1.0,0.6984094977378845
YDR424C,YJR045C,0,-4.261693,0.12559479475021362,1.0,0.6985095739364624
YDL195W,YDR529C,0,-4.262202,0.12557905912399292,1.0,0.6986095905303955
YGL136C,YDR402C,0,-4.2630177,0.1255633383989334,1.0,0.6987096071243286
YOR381W,YDR297W,0,-4.2633977,0.1255476325750351,1.0,0.6988096237182617
YMR297W,YOR278W,0,-4.2634935,0.12553191184997559,1.0,0.6989096999168396
YIR023W,YCR075C,0,-4.264039,0.12551620602607727,1.0,0.6990097165107727
YKR058W,YDR487C,0,-4.265239,0.12550050020217896,1.0,0.6991097331047058
YHR153C,YMR109W,0,-4.265722,0.12548479437828064,1.0,0.6992097496986389
YBL078C,YOL109W,0,-4.2658086,0.12546910345554352,1.0,0.699309766292572
YER068W,YJR075W,0,-4.266339,0.1254534125328064,1.0,0.6994098424911499
YOR381W,YLR430W,0,-4.266677,0.12543772161006927,1.0,0.699509859085083
YKL179C,YDR534C,0,-4.267409,0.12542203068733215,1.0,0.6996098756790161
YIL111W,YMR023C,0,-4.2676473,0.12540635466575623,1.0,0.6997098922729492
YDL210W,YPR102C,0,-4.26894,0.1253906786441803,1.0,0.6998099684715271
YKL089W,YDR077W,0,-4.270119,0.12537500262260437,1.0,0.6999099850654602
YMR314W,YLR172C,0,-4.271073,0.12535932660102844,1.0,0.7000100016593933
YBR175W,YML124C,0,-4.2712607,0.1253436654806137,1.0,0.7001100182533264
YLR459W,YDR036C,0,-4.2723594,0.12532800436019897,1.0,0.7002100348472595
YGL251C,YHL004W,0,-4.2729135,0.12531234323978424,1.0,0.7003101110458374
YJR022W,YDR228C,0,-4.2733455,0.1252966821193695,1.0,0.7004101276397705
YAL034W-A,YKR009C,0,-4.2737284,0.12528103590011597,1.0,0.7005101442337036
YDL060W,YPL033C,0,-4.273963,0.12526538968086243,1.0,0.7006101608276367
YJL101C,YCR037C,0,-4.2742515,0.1252497434616089,1.0,0.7007102370262146
YML018C,YAL020C,0,-4.276772,0.12523411214351654,1.0,0.7008102536201477
YLR446W,YBR241C,0,-4.278149,0.1252184808254242,1.0,0.7009102702140808
YGL106W,YKR030W,0,-4.2795057,0.12520284950733185,1.0,0.7010102868080139
YJR104C,YHL016C,0,-4.2808185,0.1251872181892395,1.0,0.701110303401947
YPL174C,YDR362C,0,-4.281571,0.12517160177230835,1.0,0.7012103796005249
YER088C,YLL022C,0,-4.2822676,0.125155970454216,1.0,0.701310396194458
YEL064C,YDR197W,0,-4.283666,0.12514036893844604,1.0,0.7014104127883911
YAL020C,YPL177C,0,-4.284331,0.1251247525215149,1.0,0.7015104293823242
YLR090W,YPL031C,0,-4.284632,0.12510913610458374,1.0,0.7016105055809021
YMR311C,YAL058W,0,-4.2863936,0.12509353458881378,1.0,0.7017105221748352
YLR035C-A,YIL145C,0,-4.287049,0.12507793307304382,1.0,0.7018105387687683
YDR086C,YLR010C,0,-4.287314,0.12506234645843506,1.0,0.7019105553627014
YML085C,YHR184W,0,-4.28732,0.1250467449426651,1.0,0.7020106315612793
YAR018C,YGR279C,0,-4.287879,0.12503115832805634,1.0,0.7021106481552124
YPL068C,YGR286C,0,-4.2879605,0.12501558661460876,1.0,0.7022106647491455
YHL047C,YDR169C,0,-4.288531,0.125,1.0,0.7023106813430786
YER068W,YPR042C,0,-4.288804,0.12498442083597183,1.0,0.7024106979370117
YDR448W,YLR286C,0,-4.2891183,0.12496884912252426,1.0,0.7025107741355896
YLR096W,YOR044W,0,-4.291122,0.12495328485965729,1.0,0.7026107907295227
YDR046C,YDR313C,0,-4.2919154,0.12493772059679031,1.0,0.7027108073234558
YGL021W,YLR134W,0,-4.2952943,0.12492215633392334,1.0,0.7028108239173889
YOR373W,YLR286C,0,-4.2962413,0.12490659952163696,1.0,0.7029109001159668
YDR481C,YOL100W,0,-4.2970066,0.12489105015993118,1.0,0.7030109167098999
YFR037C,YDR495C,0,-4.2972484,0.1248755007982254,1.0,0.703110933303833
YJR015W,YOR346W,0,-4.297399,0.12485995143651962,1.0,0.7032109498977661
YMR088C,YKL156W,0,-4.2974057,0.12484440952539444,1.0,0.7033109664916992
YPL091W,YGR241C,0,-4.297462,0.12482887506484985,1.0,0.7034110426902771
YOR257W,YLR448W,0,-4.297503,0.12481334060430527,1.0,0.7035110592842102
YPL194W,YDL109C,0,-4.297508,0.12479781359434128,1.0,0.7036110758781433
YDR479C,YMR208W,0,-4.298839,0.12478228658437729,1.0,0.7037110924720764
YCR081W,YPR122W,0,-4.2997766,0.1247667595744133,1.0,0.7038111686706543
YNL098C,YGL059W,0,-4.3025413,0.1247512474656105,1.0,0.7039111852645874
YBR087W,YPL028W,0,-4.30292,0.12473572790622711,1.0,0.7040112018585205
YML104C,YMR004W,0,-4.303688,0.12472021579742432,1.0,0.7041112184524536
YJR139C,YJR059W,0,-4.3041677,0.12470471113920212,1.0,0.7042112350463867
YKL135C,YLR035C-A,0,-4.3053966,0.12468920648097992,1.0,0.7043113112449646
YOR348C,YPL269W,0,-4.306701,0.12467370927333832,1.0,0.7044113278388977
YNL227C,YAL008W,0,-4.307059,0.12465821206569672,1.0,0.7045113444328308
YLR100W,YEL050C,0,-4.3075204,0.12464272230863571,1.0,0.7046113610267639
YDL080C,YML085C,0,-4.309237,0.1246272400021553,1.0,0.7047114372253418
YGL222C,YMR004W,0,-4.3095965,0.1246117502450943,1.0,0.7048114538192749
YOR381W,YER007W,0,-4.3096037,0.12459627538919449,1.0,0.704911470413208
YPL121C,YGL040C,0,-4.315911,0.12458080053329468,1.0,0.7050114870071411
YOR290C,YLR327C,0,-4.317758,0.12456532567739487,1.0,0.705111563205719
YDR096W,YKL059C,0,-4.3179555,0.12454985827207565,1.0,0.7052115797996521
YCR053W,YDR402C,0,-4.3182755,0.12453439086675644,1.0,0.7053115963935852
YLR357W,YOR374W,0,-4.3188424,0.12451893091201782,1.0,0.7054116129875183
YBR264C,YIR006C,0,-4.318926,0.1245034784078598,1.0,0.7055116295814514
YOR066W,YNR047W,0,-4.3191447,0.12448802590370178,1.0,0.7056117057800293
YGR292W,YDL060W,0,-4.3192186,0.12447257339954376,1.0,0.7057117223739624
YKL179C,YLR207W,0,-4.3194594,0.12445712834596634,1.0,0.7058117389678955
YPL106C,YGR223C,0,-4.3207736,0.12444169074296951,1.0,0.7059117555618286
YDR425W,YGL009C,0,-4.3226666,0.12442625313997269,1.0,0.7060118317604065
YMR307W,YBR159W,0,-4.323537,0.12441081553697586,1.0,0.7061118483543396
YBL057C,YCR075C,0,-4.32456,0.12439538538455963,1.0,0.7062118649482727
YBR156C,YDR443C,0,-4.3251033,0.124379962682724,1.0,0.7063118815422058
YEL059C-A,YGR286C,0,-4.3258805,0.12436453998088837,1.0,0.7064118981361389
YPL031C,YPR031W,0,-4.3264318,0.12434911727905273,1.0,0.7065119743347168
YLR433C,YPR031W,0,-4.3264327,0.1243337020277977,1.0,0.7066119909286499
YMR152W,YPL092W,0,-4.327221,0.12431829422712326,1.0,0.706712007522583
YHR092C,YBL069W,0,-4.327534,0.12430288642644882,1.0,0.7068120241165161
YLR086W,YOR127W,0,-4.3276877,0.12428748607635498,1.0,0.706912100315094
YBR050C,YIL112W,0,-4.327998,0.12427208572626114,1.0,0.7070121169090271
YKL195W,YMR022W,0,-4.328116,0.1242566928267479,1.0,0.7071121335029602
YNR070W,YCL075W,0,-4.3284507,0.12424129992723465,1.0,0.7072121500968933
YPL258C,YNR040W,0,-4.32857,0.1242259070277214,1.0,0.7073121666908264
YNL242W,YKL059C,0,-4.3289695,0.12421052902936935,1.0,0.7074122428894043
YDR523C,YOL019W,0,-4.3297896,0.1241951435804367,1.0,0.7075122594833374
YDL180W,YMR017W,0,-4.3300223,0.12417977303266525,1.0,0.7076122760772705
YJR094W-A,YDL109C,0,-4.330347,0.1241643950343132,1.0,0.7077122926712036
YGL206C,YDL043C,0,-4.330889,0.12414903193712234,1.0,0.7078123688697815
YMR100W,YDR077W,0,-4.3310056,0.12413366138935089,1.0,0.7079123854637146
YGR008C,YIL138C,0,-4.331245,0.12411830574274063,1.0,0.7080124020576477
YLR008C,YGR026W,0,-4.3316636,0.12410294264554977,1.0,0.7081124186515808
YKL218C,YBL090W,0,-4.3317866,0.12408759444952011,1.0,0.7082124352455139
YLR446W,YCR037C,0,-4.3319354,0.12407223880290985,1.0,0.7083125114440918
YDR356W,YCR028C,0,-4.3324046,0.12405689805746078,1.0,0.7084125280380249
YNR061C,YOR369C,0,-4.332421,0.12404154986143112,1.0,0.708512544631958
YLR015W,YOL157C,0,-4.33261,0.12402621656656265,1.0,0.7086125612258911
YOR046C,YPL092W,0,-4.333333,0.12401088327169418,1.0,0.708712637424469
YPL231W,YLR032W,0,-4.333687,0.12399554997682571,1.0,0.7088126540184021
YKR097W,YPR031W,0,-4.3337827,0.12398022413253784,1.0,0.7089126706123352
YNL330C,YDR342C,0,-4.3341117,0.12396489828824997,1.0,0.7090126872062683
YJL153C,YDL130W,0,-4.334296,0.1239495798945427,1.0,0.7091127634048462
YPL177C,YCR098C,0,-4.3353534,0.12393426150083542,1.0,0.7092127799987793
YNL159C,YDR247W,0,-4.3359847,0.12391895055770874,1.0,0.7093127965927124
YPL031C,YOL109W,0,-4.3365335,0.12390364706516266,1.0,0.7094128131866455
YOR391C,YDR247W,0,-4.337336,0.12388834357261658,1.0,0.7095128297805786
YMR221C,YBR245C,0,-4.337444,0.1238730400800705,1.0,0.7096129059791565
YJL073W,YDR197W,0,-4.3380685,0.12385774403810501,1.0,0.7097129225730896
YML077W,YFL037W,0,-4.339404,0.12384244799613953,1.0,0.7098129391670227
YJR158W,YOR242C,0,-4.3398914,0.12382715940475464,1.0,0.7099129557609558
YHR021C,YDR069C,0,-4.3401027,0.12381187826395035,1.0,0.7100130319595337
YGL009C,YLR286C,0,-4.3404603,0.12379659712314606,1.0,0.7101130485534668
YOR175C,YBR156C,0,-4.3411403,0.12378131598234177,1.0,0.7102130651473999
YML104C,YGR279C,0,-4.341448,0.12376604229211807,1.0,0.710313081741333
YLR419W,YDL017W,0,-4.3415256,0.12375076860189438,1.0,0.7104130983352661
YDL231C,YDR400W,0,-4.34156,0.12373550236225128,1.0,0.710513174533844
YNL311C,YOL149W,0,-4.343348,0.12372024357318878,1.0,0.7106131911277771
YER027C,YBR092C,0,-4.3440337,0.12370498478412628,1.0,0.7107132077217102
YOR066W,YDR197W,0,-4.344106,0.12368972599506378,1.0,0.7108132243156433
YDL231C,YGL206C,0,-4.344643,0.12367447465658188,1.0,0.7109133005142212
YBL106C,YDL127W,0,-4.346067,0.12365923076868057,1.0,0.7110133171081543
YLR134W,YPR036W,0,-4.346098,0.12364398688077927,1.0,0.7111133337020874
YBR240C,YOR127W,0,-4.346624,0.12362874299287796,1.0,0.7112133502960205
YJR010C-A,YCL031C,0,-4.3475256,0.12361350655555725,1.0,0.7113133668899536
YER061C,YGR008C,0,-4.3486767,0.12359827756881714,1.0,0.7114134430885315
YBR041W,YOR120W,0,-4.349299,0.12358304858207703,1.0,0.7115134596824646
YHR105W,YPL159C,0,-4.3494506,0.12356781959533691,1.0,0.7116134762763977
YER086W,YKL116C,0,-4.3502865,0.1235525980591774,1.0,0.7117134928703308
YBL075C,YBR030W,0,-4.350421,0.12353738397359848,1.0,0.7118135690689087
YLR035C-A,YNL227C,0,-4.350558,0.12352216988801956,1.0,0.7119135856628418
YDR248C,YMR311C,0,-4.3507123,0.12350695580244064,1.0,0.7120136022567749
YBL061C,YDR421W,0,-4.350988,0.12349174916744232,1.0,0.712113618850708
YDL019C,YCR037C,0,-4.351124,0.1234765499830246,1.0,0.7122136354446411
YMR004W,YDR400W,0,-4.352087,0.12346135079860687,1.0,0.712313711643219
YER068W,YIL084C,0,-4.3524284,0.12344615161418915,1.0,0.7124137282371521
YLR214W,YOR221C,0,-4.3531456,0.12343095988035202,1.0,0.7125137448310852
YPL051W,YHR147C,0,-4.35426,0.12341577559709549,1.0,0.7126137614250183
YLR364W,YDR387C,0,-4.3551583,0.12340059131383896,1.0,0.7127138376235962
YLR098C,YJL056C,0,-4.3570333,0.12338540703058243,1.0,0.7128138542175293
YJL041W,YKR104W,0,-4.3575616,0.1233702301979065,1.0,0.7129138708114624
YDR022C,YIL090W,0,-4.358084,0.12335506081581116,1.0,0.7130138874053955
YBR123C,YDR238C,0,-4.358597,0.12333989143371582,1.0,0.7131139636039734
YDR421W,YGR061C,0,-4.3592486,0.12332472950220108,1.0,0.7132139801979065
YPL022W,YLR207W,0,-4.359592,0.12330956757068634,1.0,0.7133139967918396
YDR018C,YOR396W,0,-4.3600187,0.1232944056391716,1.0,0.7134140133857727
YOR396W,YAR044W,0,-4.3600187,0.12327925115823746,1.0,0.7135140299797058
YGL258W-A,YDR003W,0,-4.3600187,0.12326410412788391,1.0,0.7136141061782837
YKL199C,YOR221C,0,-4.3600187,0.12324895709753036,1.0,0.7137141227722168
YJR160C,YGR272C,0,-4.3600187,0.12323381006717682,1.0,0.7138141393661499
YGL136C,YDL038C,0,-4.3600187,0.12321867048740387,1.0,0.713914155960083
YDL038C,YLR147C,0,-4.3600187,0.12320353835821152,1.0,0.7140142321586609
YKL199C,YOR124C,0,-4.3600187,0.12318840622901917,1.0,0.714114248752594
YGL258W-A,YOR067C,0,-4.3600187,0.12317327409982681,1.0,0.7142142653465271
YGL258W-A,YCL031C,0,-4.3600187,0.12315815687179565,1.0,0.7143142819404602
YGR184C,YGL258W-A,0,-4.3600187,0.1231430321931839,1.0,0.7144142985343933
YDL038C,YCL050C,0,-4.3600187,0.12312791496515274,1.0,0.7145143747329712
YGL258W-A,YDR288W,0,-4.3600187,0.12311280518770218,1.0,0.7146143913269043
YLR459W,YDL038C,0,-4.3600187,0.12309769541025162,1.0,0.7147144079208374
YGL258W-A,YPR054W,0,-4.3600187,0.12308258563280106,1.0,0.7148144245147705
YDL038C,YAL044C,0,-4.3600187,0.12306748330593109,1.0,0.7149145007133484
YGL258W-A,YER113C,0,-4.3600187,0.12305238842964172,1.0,0.7150145173072815
YGL258W-A,YPL214C,0,-4.3600187,0.12303729355335236,1.0,0.7151145339012146
YOL127W,YDL038C,0,-4.3600187,0.12302219867706299,1.0,0.7152145504951477
YDL038C,YER096W,0,-4.3600187,0.12300711125135422,1.0,0.7153145670890808
YDL038C,YKL179C,0,-4.3600187,0.12299203127622604,1.0,0.7154146432876587
YOR396W,YPL202C,0,-4.3600187,0.12297695130109787,1.0,0.7155146598815918
YDL038C,YJL097W,0,-4.3600187,0.1229618713259697,1.0,0.7156146764755249
YHR081W,YOR396W,0,-4.3600187,0.12294679880142212,1.0,0.715714693069458
YDL038C,YMR023C,0,-4.3600187,0.12293173372745514,1.0,0.7158147692680359
YDL038C,YCL031C,0,-4.3600187,0.12291666865348816,1.0,0.715914785861969
YHR143W,YJL101C,0,-4.361159,0.12290160357952118,1.0,0.7160148024559021
YLR238W,YPL085W,0,-4.3615804,0.1228865459561348,1.0,0.7161148190498352
YBL030C,YPL059W,0,-4.362518,0.12287149578332901,1.0,0.7162148356437683
YBR289W,YGR071C,0,-4.36269,0.12285644561052322,1.0,0.7163149118423462
YGL213C,YCR098C,0,-4.362903,0.12284139543771744,1.0,0.7164149284362793
YDR077W,YCR075C,0,-4.363482,0.12282635271549225,1.0,0.7165149450302124
YAL058W,YFR007W,0,-4.3639817,0.12281131744384766,1.0,0.7166149616241455
YOL065C,YAL012W,0,-4.3641863,0.12279627472162247,1.0,0.7167150378227234
YDL019C,YDL008W,0,-4.364882,0.12278124690055847,1.0,0.7168150544166565
YOR174W,YOR014W,0,-4.3655257,0.12276621907949448,1.0,0.7169150710105896
YCL027W,YGR158C,0,-4.3655467,0.12275119125843048,1.0,0.7170150876045227
YCR020C,YKR094C,0,-4.3655477,0.12273617088794708,1.0,0.7171151638031006
YOR066W,YJL133W,0,-4.366691,0.12272115796804428,1.0,0.7172151803970337
YBR050C,YNL158W,0,-4.3681903,0.12270614504814148,1.0,0.7173151969909668
YHR207C,YER113C,0,-4.3683615,0.12269113212823868,1.0,0.7174152135848999
YIL084C,YOL019W,0,-4.370053,0.12267612665891647,1.0,0.717515230178833
YER088C,YMR223W,0,-4.370084,0.12266112118959427,1.0,0.7176153063774109
YDR093W,YKL056C,0,-4.371179,0.12264612317085266,1.0,0.717715322971344
YCR098C,YDR436W,0,-4.3730493,0.12263112515211105,1.0,0.7178153395652771
YIR002C,YOR374W,0,-4.3730736,0.12261613458395004,1.0,0.7179153561592102
YDL114W,YNR011C,0,-4.373648,0.12260115146636963,1.0,0.7180154323577881
YLL013C,YBR087W,0,-4.3738284,0.12258616834878922,1.0,0.7181154489517212
YPL194W,YOL120C,0,-4.374813,0.1225711852312088,1.0,0.7182154655456543
YDR481C,YER083C,0,-4.375483,0.12255620956420898,1.0,0.7183154821395874
YBR283C,YER173W,0,-4.375691,0.12254123389720917,1.0,0.7184154987335205
YIR036C,YLR176C,0,-4.376101,0.12252626568078995,1.0,0.7185155749320984
YDR387C,YOR131C,0,-4.3776507,0.12251129746437073,1.0,0.7186155915260315
YDR253C,YDR393W,0,-4.3786635,0.1224963366985321,1.0,0.7187156081199646
YGL089C,YMR287C,0,-4.378748,0.12248137593269348,1.0,0.7188156247138977
YPL206C,YGL084C,0,-4.3790755,0.12246642261743546,1.0,0.7189157009124756
YGR035C,YHR160C,0,-4.379907,0.12245146930217743,1.0,0.7190157175064087
YDR239C,YBL069W,0,-4.380139,0.1224365234375,1.0,0.7191157341003418
YLR172C,YNL268W,0,-4.3803806,0.12242157757282257,1.0,0.7192157506942749
YER083C,YDR177W,0,-4.3803816,0.12240663915872574,1.0,0.719315767288208
YAL043C,YNL015W,0,-4.380456,0.1223917007446289,1.0,0.7194158434867859
YDR326C,YPL038W,0,-4.381253,0.12237676978111267,1.0,0.719515860080719
YBR289W,YML115C,0,-4.3830695,0.12236183881759644,1.0,0.7196158766746521
YBR158W,YIR006C,0,-4.384068,0.1223469153046608,1.0,0.7197158932685852
YMR307W,YGR135W,0,-4.385576,0.12233199179172516,1.0,0.7198159694671631
YOR120W,YLR176C,0,-4.3859053,0.12231707572937012,1.0,0.7199159860610962
YLR370C,YER056C-A,0,-4.386456,0.12230215966701508,1.0,0.7200160026550293
YDR126W,YHR161C,0,-4.3867025,0.12228724360466003,1.0,0.7201160192489624
YPR166C,YCL027W,0,-4.3873434,0.12227234244346619,1.0,0.7202160358428955
YLL038C,YAL008W,0,-4.3885117,0.12225743383169174,1.0,0.7203161120414734
YCL069W,YGL251C,0,-4.38886,0.1222425326704979,1.0,0.7204161286354065
YKL100C,YAL062W,0,-4.389507,0.12222763895988464,1.0,0.7205161452293396
YJR060W,YPL028W,0,-4.38997,0.12221274524927139,1.0,0.7206161618232727
YHR067W,YBR273C,0,-4.390173,0.12219785898923874,1.0,0.7207162380218506
YJL106W,YLR014C,0,-4.390834,0.12218297272920609,1.0,0.7208162546157837
YER083C,YFR015C,0,-4.3910174,0.12216808646917343,1.0,0.7209162712097168
YJR009C,YJR158W,0,-4.391196,0.12215320765972137,1.0,0.7210162878036499
YNL158W,YBR299W,0,-4.3919096,0.12213833630084991,1.0,0.7211163640022278
YDR022C,YOR131C,0,-4.3926234,0.12212346494197845,1.0,0.7212163805961609
YEL038W,YBR097W,0,-4.394029,0.122108593583107,1.0,0.721316397190094
YFR003C,YER088C,0,-4.394775,0.12209372967481613,1.0,0.7214164137840271
YPL195W,YGL059W,0,-4.3948874,0.12207887321710587,1.0,0.7215164303779602
YPR054W,YPL026C,0,-4.3949738,0.1220640167593956,1.0,0.7216165065765381
YLL009C,YMR130W,0,-4.3963113,0.12204916030168533,1.0,0.7217165231704712
YGL168W,YGR063C,0,-4.397088,0.12203431129455566,1.0,0.7218165397644043
YJR121W,YJL190C,0,-4.3971953,0.122019462287426,1.0,0.7219165563583374
YIL138C,YPL026C,0,-4.39786,0.12200462073087692,1.0,0.7220166325569153
YLR097C,YDR014W,0,-4.3982005,0.12198978662490845,1.0,0.7221166491508484
YDR456W,YOL100W,0,-4.3997273,0.12197494506835938,1.0,0.7222166657447815
YOR036W,YAL008W,0,-4.402086,0.1219601184129715,1.0,0.7223166823387146
YGL253W,YGL059W,0,-4.402576,0.12194529175758362,1.0,0.7224166989326477
YBR286W,YMR217W,0,-4.4033036,0.12193046510219574,1.0,0.7225167751312256
YBR205W,YLR158C,0,-4.40348,0.12191564589738846,1.0,0.7226167917251587
YGR029W,YMR036C,0,-4.403918,0.12190082669258118,1.0,0.7227168083190918
YGL120C,YJL108C,0,-4.404596,0.12188601493835449,1.0,0.7228168249130249
YJR126C,YHR099W,0,-4.4066167,0.12187120318412781,1.0,0.7229169011116028
YML124C,YNL310C,0,-4.406958,0.12185639888048172,1.0,0.7230169177055359
YOR116C,YJL062W,0,-4.4072366,0.12184159457683563,1.0,0.723116934299469
YMR016C,YIR036C,0,-4.407501,0.12182679772377014,1.0,0.7232169508934021
YIL004C,YNL096C,0,-4.4075255,0.12181200087070465,1.0,0.7233169674873352
YPR132W,YER061C,0,-4.4079976,0.12179720401763916,1.0,0.7234170436859131
YLR418C,YNL322C,0,-4.409036,0.12178242206573486,1.0,0.7235170602798462
YLR074C,YDL185W,0,-4.4103284,0.12176763266324997,1.0,0.7236170768737793
YDL231C,YER180C,0,-4.4115844,0.12175285071134567,1.0,0.7237170934677124
YLL038C,YLR100W,0,-4.411759,0.12173807621002197,1.0,0.7238171696662903
YCR009C,YCL069W,0,-4.4121675,0.12172330170869827,1.0,0.7239171862602234
YOR265W,YDR358W,0,-4.412951,0.12170852720737457,1.0,0.7240172028541565
YER087C-A,YNL039W,0,-4.4131045,0.12169376015663147,1.0,0.7241172194480896
YKR014C,YJL153C,0,-4.4135165,0.12167900055646896,1.0,0.7242172360420227
YIL109C,YNL227C,0,-4.4136076,0.12166424095630646,1.0,0.7243173122406006
YLR381W,YOL140W,0,-4.415227,0.12164948135614395,1.0,0.7244173288345337
YBR122C,YDR507C,0,-4.4166093,0.12163472920656204,1.0,0.7245173454284668
YEL064C,YDR101C,0,-4.416722,0.12161998450756073,1.0,0.7246173620223999
YJR135W-A,YAL025C,0,-4.416737,0.12160523980855942,1.0,0.7247174382209778
YMR297W,YNL244C,0,-4.4181733,0.1215904951095581,1.0,0.7248174548149109
YOR057W,YCL061C,0,-4.418283,0.12157575786113739,1.0,0.724917471408844
YER153C,YDR380W,0,-4.4183755,0.12156102061271667,1.0,0.7250174880027771
YDL231C,YIL124W,0,-4.418396,0.12154629081487656,1.0,0.725117564201355
YOR391C,YDR486C,0,-4.418965,0.12153156101703644,1.0,0.7252175807952881
YDL200C,YCL061C,0,-4.419047,0.12151683866977692,1.0,0.7253175973892212
YDR315C,YIL171W,0,-4.419213,0.1215021163225174,1.0,0.7254176139831543
YDR248C,YCR081W,0,-4.4192595,0.12148740142583847,1.0,0.7255176305770874
YDL069C,YHL032C,0,-4.42053,0.12147268652915955,1.0,0.7256177067756653
YNL136W,YPL095C,0,-4.4218802,0.12145797908306122,1.0,0.7257177233695984
YMR094W,YHR064C,0,-4.4236693,0.12144327163696289,1.0,0.7258177399635315
YBR001C,YLR127C,0,-4.4238524,0.12142857164144516,1.0,0.7259177565574646
YEL013W,YML037C,0,-4.42403,0.12141387164592743,1.0,0.7260178327560425
YJL143W,YDR288W,0,-4.424893,0.1213991791009903,1.0,0.7261178493499756
YPL195W,YKL021C,0,-4.426473,0.12138448655605316,1.0,0.7262178659439087
YKL109W,YNL091W,0,-4.4270864,0.12136979401111603,1.0,0.7263178825378418
YLR419W,YBL037W,0,-4.429175,0.12135510891675949,1.0,0.7264178991317749
YDL056W,YML037C,0,-4.429701,0.12134043127298355,1.0,0.7265179753303528
YMR171C,YPR005C,0,-4.4297266,0.12132575362920761,1.0,0.7266179919242859
YBR058C,YDR436W,0,-4.4305544,0.12131107598543167,1.0,0.726718008518219
YML037C,YJR045C,0,-4.4310145,0.12129640579223633,1.0,0.7268180251121521
YOL127W,YPL177C,0,-4.432142,0.12128174304962158,1.0,0.72691810131073
YLR098C,YBR185C,0,-4.4327874,0.12126708030700684,1.0,0.7270181179046631
YKL089W,YMR307W,0,-4.433309,0.12125241756439209,1.0,0.7271181344985962
YJL046W,YOL133W,0,-4.4341025,0.12123776227235794,1.0,0.7272181510925293
YOR384W,YDR013W,0,-4.43446,0.12122310698032379,1.0,0.7273181676864624
YDR247W,YGL123W,0,-4.4346642,0.12120845913887024,1.0,0.7274182438850403
YNL310C,YER106W,0,-4.4385266,0.12119381129741669,1.0,0.7275182604789734
YCR040W,YER044C,0,-4.4395432,0.12117917090654373,1.0,0.7276182770729065
YDR387C,YJR143C,0,-4.4401593,0.12116453051567078,1.0,0.7277182936668396
YDL019C,YOL109W,0,-4.440437,0.12114989757537842,1.0,0.7278183698654175
YLR364W,YGL178W,0,-4.4410324,0.12113526463508606,1.0,0.7279183864593506
YHR092C,YMR302C,0,-4.442979,0.1211206391453743,1.0,0.7280184030532837
YPL148C,YLR439W,0,-4.444549,0.12110601365566254,1.0,0.7281184196472168
YDR531W,YMR311C,0,-4.445791,0.12109139561653137,1.0,0.7282184362411499
YNL188W,YFR006W,0,-4.4462256,0.12107677757740021,1.0,0.7283185124397278
YDR388W,YLR106C,0,-4.4467387,0.12106215953826904,1.0,0.7284185290336609
YJR160C,YOL139C,0,-4.4476986,0.12104754894971848,1.0,0.728518545627594
YBR296C,YPR156C,0,-4.449596,0.1210329458117485,1.0,0.7286185622215271
YCL069W,YHL004W,0,-4.4497185,0.12101834267377853,1.0,0.728718638420105
YAL023C,YLR127C,0,-4.4497476,0.12100373953580856,1.0,0.7288186550140381
YOR174W,YJR155W,0,-4.4502397,0.12098914384841919,1.0,0.7289186716079712
YKL154W,YDR166C,0,-4.451855,0.12097454816102982,1.0,0.7290186882019043
YHR153C,YER111C,0,-4.4539647,0.12095995992422104,1.0,0.7291187644004822
YBL022C,YGR037C,0,-4.454683,0.12094537913799286,1.0,0.7292187809944153
YDR481C,YGL178W,0,-4.4553275,0.12093079090118408,1.0,0.7293187975883484
YDR315C,YBR156C,0,-4.455378,0.1209162175655365,1.0,0.7294188141822815
YMR043W,YBR166C,0,-4.455412,0.12090163677930832,1.0,0.7295188307762146
YBR240C,YGR158C,0,-4.4556794,0.12088707089424133,1.0,0.7296189069747925
YML015C,YMR071C,0,-4.4562373,0.12087249755859375,1.0,0.7297189235687256
YIR037W,YLR079W,0,-4.45629,0.12085793167352676,1.0,0.7298189401626587
YDR253C,YPR032W,0,-4.456323,0.12084337323904037,1.0,0.7299189567565918
YPL206C,YLR467W,0,-4.4565244,0.12082881480455399,1.0,0.7300190329551697
YNL227C,YLR381W,0,-4.459026,0.1208142638206482,1.0,0.7301190495491028
YFR015C,YDR130C,0,-4.4591765,0.1207997128367424,1.0,0.7302190661430359
YDR107C,YMR022W,0,-4.459342,0.12078516185283661,1.0,0.730319082736969
YIR037W,YOR131C,0,-4.459343,0.12077061831951141,1.0,0.7304190993309021
YNL001W,YHR161C,0,-4.459437,0.12075608223676682,1.0,0.73051917552948
YMR298W,YOL031C,0,-4.4596953,0.12074154615402222,1.0,0.7306191921234131
YBR159W,YHR081W,0,-4.4601436,0.12072701007127762,1.0,0.7307192087173462
YGL205W,YNR043W,0,-4.461772,0.12071248143911362,1.0,0.7308192253112793
YHR092C,YLR207W,0,-4.461884,0.12069795280694962,1.0,0.7309193015098572
YAL020C,YJL102W,0,-4.462217,0.12068343162536621,1.0,0.7310193181037903
YBL024W,YBR040W,0,-4.4630756,0.1206689104437828,1.0,0.7311193346977234
YDL006W,YDR313C,0,-4.464358,0.12065439671278,1.0,0.7312193512916565
YML124C,YNR016C,0,-4.46441,0.12063988298177719,1.0,0.7313193678855896
YBR237W,YGR002C,0,-4.4673567,0.12062537670135498,1.0,0.7314194440841675
YDR533C,YOR242C,0,-4.4676595,0.12061087042093277,1.0,0.7315194606781006
YPR036W,YDR055W,0,-4.467757,0.12059637159109116,1.0,0.7316194772720337
YOR179C,YHR171W,0,-4.4683537,0.12058187276124954,1.0,0.7317194938659668
YCR004C,YGR054W,0,-4.4692216,0.12056737393140793,1.0,0.7318195700645447
YLL050C,YDR086C,0,-4.4694843,0.12055288255214691,1.0,0.7319195866584778
YOL067C,YGR124W,0,-4.4697213,0.12053839862346649,1.0,0.7320196032524109
YPL068C,YMR165C,0,-4.4700756,0.12052391469478607,1.0,0.732119619846344
YDL120W,YAL058W,0,-4.470322,0.12050943076610565,1.0,0.7322196364402771
YFR003C,YDL006W,0,-4.470387,0.12049495428800583,1.0,0.732319712638855
YMR071C,YJR089W,0,-4.4707255,0.120480477809906,1.0,0.7324197292327881
YHR025W,YGR156W,0,-4.471522,0.12046600878238678,1.0,0.7325197458267212
YDR376W,YBL074C,0,-4.47162,0.12045153975486755,1.0,0.7326197624206543
YGL206C,YBR251W,0,-4.4731665,0.12043707817792892,1.0,0.7327198386192322
YFR041C,YCL050C,0,-4.474074,0.1204226166009903,1.0,0.7328198552131653
YBR240C,YER180C,0,-4.4745774,0.12040816247463226,1.0,0.7329198718070984
YER083C,YKR030W,0,-4.4746485,0.12039370834827423,1.0,0.7330198884010315
YDL115C,YPR184W,0,-4.474713,0.1203792616724968,1.0,0.7331199645996094
YHR140W,YBR299W,0,-4.475384,0.12036481499671936,1.0,0.7332199811935425
YPL258C,YOR244W,0,-4.475825,0.12035036832094193,1.0,0.7333199977874756
YGL136C,YMR109W,0,-4.4761367,0.12033592909574509,1.0,0.7334200143814087
YAL013W,YLR078C,0,-4.476375,0.12032149732112885,1.0,0.7335200309753418
YBL106C,YJR158W,0,-4.476564,0.1203070655465126,1.0,0.7336201071739197
YNL086W,YNL077W,0,-4.4770164,0.12029263377189636,1.0,0.7337201237678528
YMR037C,YNR007C,0,-4.4771476,0.12027820944786072,1.0,0.7338201403617859
YDR501W,YOL002C,0,-4.4775014,0.12026379257440567,1.0,0.733920156955719
YBR055C,YDR534C,0,-4.479459,0.12024936825037003,1.0,0.7340202331542969
YML124C,YKL042W,0,-4.4831576,0.12023495882749557,1.0,0.73412024974823
YDR503C,YDR228C,0,-4.483581,0.12022054195404053,1.0,0.7342202663421631
YML018C,YIL051C,0,-4.4851456,0.12020613253116608,1.0,0.7343202829360962
YDR013W,YLR158C,0,-4.48542,0.12019173055887222,1.0,0.7344202995300293
YER140W,YCL075W,0,-4.486568,0.12017732858657837,1.0,0.7345203757286072
YAL034W-A,YBL069W,0,-4.48673,0.12016293406486511,1.0,0.7346203923225403
YBR159W,YCL075W,0,-4.4872007,0.12014853954315186,1.0,0.7347204089164734
YJR158W,YLR438C-A,0,-4.487283,0.1201341450214386,1.0,0.7348204255104065
YGL251C,YDR054C,0,-4.489367,0.12011975795030594,1.0,0.7349205017089844
YOR124C,YLR086W,0,-4.4898543,0.12010537832975388,1.0,0.7350205183029175
YMR166C,YBL088C,0,-4.489885,0.12009099870920181,1.0,0.7351205348968506
YHR153C,YBL037W,0,-4.490146,0.12007661908864975,1.0,0.7352205514907837
YER114C,YER082C,0,-4.490838,0.12006224691867828,1.0,0.7353205680847168
YFL004W,YNL331C,0,-4.492913,0.12004787474870682,1.0,0.7354206442832947
YIL112W,YDR169C,0,-4.4946685,0.12003351002931595,1.0,0.7355206608772278
YIL112W,YOL019W,0,-4.4953446,0.12001914530992508,1.0,0.7356206774711609
YLR214W,YNL158W,0,-4.495971,0.12000478804111481,1.0,0.735720694065094
YGL141W,YMR071C,0,-4.497171,0.11999043077230453,1.0,0.7358207702636719
YIL004C,YDR420W,0,-4.4981394,0.11997607350349426,1.0,0.735920786857605
YKL088W,YPR047W,0,-4.4991465,0.11996172368526459,1.0,0.7360208034515381
YDR177W,YLR246W,0,-4.5000663,0.11994738131761551,1.0,0.7361208200454712
YHR081W,YOR127W,0,-4.5002666,0.11993303894996643,1.0,0.7362208366394043
YBR022W,YDR086C,0,-4.5008006,0.11991869658231735,1.0,0.7363209128379822
YDL109C,YPR168W,0,-4.5014205,0.11990436166524887,1.0,0.7364209294319153
YDR531W,YKL028W,0,-4.501684,0.11989003419876099,1.0,0.7365209460258484
YBL078C,YJR045C,0,-4.501699,0.1198756992816925,1.0,0.7366209626197815
YLR074C,YIL112W,0,-4.502563,0.11986137926578522,1.0,0.7367210388183594
YCR020C,YDR236C,0,-4.5027146,0.11984705179929733,1.0,0.7368210554122925
YOL138C,YHR099W,0,-4.502979,0.11983273923397064,1.0,0.7369210720062256
YOR288C,YDL007W,0,-4.5030055,0.11981841921806335,1.0,0.7370210886001587
YJL062W,YDR031W,0,-4.5031943,0.11980410665273666,1.0,0.7371211647987366
YML015C,YML048W,0,-4.503759,0.11978980153799057,1.0,0.7372211813926697
YIL027C,YDR055W,0,-4.5041203,0.11977549642324448,1.0,0.7373211979866028
YBR264C,YML081C-A,0,-4.504698,0.11976119130849838,1.0,0.7374212145805359
YHR076W,YPL017C,0,-4.504707,0.11974689364433289,1.0,0.737521231174469
YPR048W,YNL322C,0,-4.504973,0.11973260343074799,1.0,0.7376213073730469
YLR170C,YDR134C,0,-4.505095,0.11971831321716309,1.0,0.73772132396698
YNL306W,YNL212W,0,-4.505107,0.11970402300357819,1.0,0.7378213405609131
YFL041W,YDR128W,0,-4.505341,0.11968974024057388,1.0,0.7379213571548462
YNL212W,YGR037C,0,-4.505713,0.11967545747756958,1.0,0.7380214333534241
YDR239C,YER044C,0,-4.506283,0.11966118216514587,1.0,0.7381214499473572
YMR307W,YPL174C,0,-4.5084352,0.11964690685272217,1.0,0.7382214665412903
YDR523C,YER113C,0,-4.509495,0.11963263154029846,1.0,0.7383214831352234
YOL138C,YPL111W,0,-4.5106263,0.11961836367845535,1.0,0.7384214997291565
YOL065C,YDR483W,0,-4.5115633,0.11960410326719284,1.0,0.7385215759277344
YBR050C,YPR036W,0,-4.511776,0.11958984285593033,1.0,0.7386215925216675
YJR143C,YJR155W,0,-4.511972,0.11957558244466782,1.0,0.7387216091156006
YJR110W,YBR012W-B,0,-4.512444,0.1195613294839859,1.0,0.7388216257095337
YLR096W,YDR326C,0,-4.512525,0.11954707652330399,1.0,0.7389217019081116
YJR065C,YPR041W,0,-4.5158014,0.11953283101320267,1.0,0.7390217185020447
YDR424C,YEL054C,0,-4.5174823,0.11951858550310135,1.0,0.7391217350959778
YER045C,YLR246W,0,-4.5187955,0.11950434744358063,1.0,0.7392217516899109
YMR316W,YOL031C,0,-4.5193477,0.1194901093840599,1.0,0.739321768283844
YKL088W,YBR024W,0,-4.5195246,0.11947587877511978,1.0,0.7394218444824219
YGR263C,YML074C,0,-4.520439,0.11946164816617966,1.0,0.739521861076355
YJR015W,YOR066W,0,-4.520579,0.11944742500782013,1.0,0.7396218776702881
YEL064C,YGL249W,0,-4.522222,0.1194332018494606,1.0,0.7397218942642212
YHL044W,YJL052W,0,-4.522843,0.11941897869110107,1.0,0.7398219704627991
YGL021W,YKR104W,0,-4.5230093,0.11940476298332214,1.0,0.7399219870567322
YDR096W,YOL103W,0,-4.523036,0.11939054727554321,1.0,0.7400220036506653
YFR041C,YNL015W,0,-4.5236607,0.11937633901834488,1.0,0.7401220202445984
YER068W,YDR501W,0,-4.5238657,0.11936213076114655,1.0,0.7402220368385315
YGL003C,YDR116C,0,-4.52502,0.11934792995452881,1.0,0.7403221130371094
YJL041W,YHR013C,0,-4.525943,0.11933372914791107,1.0,0.7404221296310425
YIL150C,YNL007C,0,-4.526314,0.11931953579187393,1.0,0.7405221462249756
YOR288C,YEL016C,0,-4.52684,0.11930534243583679,1.0,0.7406221628189087
YLL013C,YKR104W,0,-4.5269775,0.11929114907979965,1.0,0.7407222390174866
YKL100C,YMR023C,0,-4.5272403,0.11927696317434311,1.0,0.7408222556114197
YJR158W,YOL120C,0,-4.5280232,0.11926278471946716,1.0,0.7409222722053528
YEL013W,YER091C,0,-4.529569,0.11924860626459122,1.0,0.7410222887992859
YNL331C,YAR044W,0,-4.530123,0.11923442780971527,1.0,0.7411223649978638
YDR481C,YCL027W,0,-4.5306544,0.11922025680541992,1.0,0.7412223815917969
YLL050C,YDR047W,0,-4.532901,0.11920608580112457,1.0,0.74132239818573
YML085C,YOL117W,0,-4.5354724,0.11919192224740982,1.0,0.7414224147796631
YIL145C,YNR007C,0,-4.5359674,0.11917775869369507,1.0,0.7415224313735962
YMR006C,YLR035C-A,0,-4.536611,0.11916359513998032,1.0,0.7416225075721741
YOR181W,YJR098C,0,-4.537539,0.11914943903684616,1.0,0.7417225241661072
YAL013W,YLL001W,0,-4.537596,0.1191352903842926,1.0,0.7418225407600403
YNR061C,YER088C,0,-4.5377097,0.11912114173173904,1.0,0.7419225573539734
YGR263C,YOR127W,0,-4.53771,0.11910699307918549,1.0,0.7420226335525513
YOR347C,YJL041W,0,-4.538012,0.11909285187721252,1.0,0.7421226501464844
YLR045C,YPR042C,0,-4.5397096,0.11907871067523956,1.0,0.7422226667404175
YJR135C,YGR279C,0,-4.539718,0.1190645769238472,1.0,0.7423226833343506
YOR384W,YDR121W,0,-4.539808,0.11905044317245483,1.0,0.7424226999282837
YGL136C,YHR136C,0,-4.5404162,0.11903631687164307,1.0,0.7425227761268616
YIR002C,YHL036W,0,-4.540547,0.1190221905708313,1.0,0.7426227927207947
YNL159C,YDR524C,0,-4.540793,0.11900807172060013,1.0,0.7427228093147278
YPL085W,YNL101W,0,-4.5408425,0.11899395287036896,1.0,0.7428228259086609
YHR025W,YJL164C,0,-4.541074,0.11897983402013779,1.0,0.7429229021072388
YGR058W,YOR036W,0,-4.541792,0.11896572262048721,1.0,0.7430229187011719
YGL035C,YGR071C,0,-4.543406,0.11895161122083664,1.0,0.743122935295105
YOR174W,YKL164C,0,-4.544028,0.11893750727176666,1.0,0.7432229518890381
YNL158W,YDR421W,0,-4.5443044,0.11892340332269669,1.0,0.7433229684829712
YGL035C,YLR385C,0,-4.5447655,0.1189093068242073,1.0,0.7434230446815491
YOL031C,YGR047C,0,-4.545906,0.11889521032571793,1.0,0.7435230612754822
YDR107C,YLR035C-A,0,-4.546592,0.11888112127780914,1.0,0.7436230778694153
YML018C,YOL072W,0,-4.5484233,0.11886703222990036,1.0,0.7437230944633484
YOR044W,YBL055C,0,-4.54888,0.11885294318199158,1.0,0.7438231706619263
YAL021C,YJL108C,0,-4.550347,0.11883886158466339,1.0,0.7439231872558594
YLL062C,YER070W,0,-4.551683,0.1188247874379158,1.0,0.7440232038497925
YDR044W,YAL062W,0,-4.552197,0.11881070584058762,1.0,0.7441232204437256
YDR236C,YBL022C,0,-4.552326,0.11879663914442062,1.0,0.7442232966423035
YLR096W,YOR290C,0,-4.552519,0.11878256499767303,1.0,0.7443233132362366
YKR058W,YBL082C,0,-4.5527143,0.11876850575208664,1.0,0.7444233298301697
YCR092C,YPR054W,0,-4.55306,0.11875443905591965,1.0,0.7445233464241028
YOR155C,YML091C,0,-4.5543995,0.11874037981033325,1.0,0.7446233630180359
YDR096W,YDR501W,0,-4.5552254,0.11872632801532745,1.0,0.7447234392166138
YHR027C,YGR189C,0,-4.5556254,0.11871227622032166,1.0,0.7448234558105469
YHR153C,YLR192C,0,-4.555661,0.11869822442531586,1.0,0.74492347240448
YGR009C,YHR140W,0,-4.5572305,0.11868418008089066,1.0,0.7450234889984131
YKR058W,YDR247W,0,-4.557453,0.11867013573646545,1.0,0.745123565196991
YDR481C,YDL144C,0,-4.5583763,0.11865609884262085,1.0,0.7452235817909241
YER174C,YHR117W,0,-4.5592456,0.11864206194877625,1.0,0.7453235983848572
YDL200C,YGR062C,0,-4.559849,0.11862803250551224,1.0,0.7454236149787903
YLR283W,YLR207W,0,-4.5602407,0.11861400306224823,1.0,0.7455236315727234
YNL242W,YLL035W,0,-4.562143,0.11859997361898422,1.0,0.7456237077713013
YIL009C-A,YJL062W,0,-4.5627656,0.11858595162630081,1.0,0.7457237243652344
YMR171C,YAL062W,0,-4.5635886,0.118571937084198,1.0,0.7458237409591675
YKL199C,YBR251W,0,-4.564738,0.11855792254209518,1.0,0.7459237575531006
YDR115W,YPL154C,0,-4.566176,0.11854390799999237,1.0,0.7460238337516785
YJL157C,YKL173W,0,-4.5663686,0.11852990090847015,1.0,0.7461238503456116
YGR223C,YGR037C,0,-4.5680647,0.11851589381694794,1.0,0.7462238669395447
YLR266C,YJR015W,0,-4.5685673,0.11850188672542572,1.0,0.7463238835334778
YDR420W,YER184C,0,-4.569948,0.1184878945350647,1.0,0.7464239001274109
YDR341C,YGL229C,0,-4.570584,0.11847389489412308,1.0,0.7465239763259888
YLR090W,YNL289W,0,-4.571283,0.11845990270376205,1.0,0.7466239929199219
YFL039C,YGR076C,0,-4.571593,0.11844591051340103,1.0,0.746724009513855
YIL172C,YDL109C,0,-4.571649,0.1184319257736206,1.0,0.7468240261077881
YJL073W,YGR262C,0,-4.5738153,0.11841794848442078,1.0,0.746924102306366
YMR307W,YOR155C,0,-4.573858,0.11840396374464035,1.0,0.7470241189002991
YDR466W,YOL133W,0,-4.5744376,0.11838999390602112,1.0,0.7471241354942322
YER148W,YPR028W,0,-4.5746474,0.11837601661682129,1.0,0.7472241520881653
YOR181W,YKL056C,0,-4.575017,0.11836204677820206,1.0,0.7473241686820984
YOR381W,YOL109W,0,-4.5750546,0.11834808439016342,1.0,0.7474242448806763
YOR124C,YNL007C,0,-4.5752444,0.11833412200212479,1.0,0.7475242614746094
YDR481C,YGL258W-A,0,-4.575497,0.11832015961408615,1.0,0.7476242780685425
YNL212W,YCR094W,0,-4.5764647,0.11830620467662811,1.0,0.7477242946624756
YDL231C,YBL037W,0,-4.5769057,0.11829224973917007,1.0,0.7478243708610535
YPR042C,YOR374W,0,-4.5775795,0.11827830225229263,1.0,0.7479243874549866
YIR002C,YJL221C,0,-4.5775857,0.11826435476541519,1.0,0.7480244040489197
YJL164C,YGL039W,0,-4.578343,0.11825041472911835,1.0,0.7481244206428528
YDR536W,YDR014W,0,-4.5789847,0.1182364746928215,1.0,0.7482244968414307
YMR036C,YDR443C,0,-4.579103,0.11822253465652466,1.0,0.7483245134353638
YOR348C,YNL339C,0,-4.580001,0.11820860207080841,1.0,0.7484245300292969
YLR170C,YDR288W,0,-4.5801487,0.11819467693567276,1.0,0.74852454662323
YDR387C,YGL227W,0,-4.5801673,0.11818074434995651,1.0,0.7486245632171631
YGR274C,YLR327C,0,-4.5810156,0.11816682666540146,1.0,0.748724639415741
YMR298W,YHR206W,0,-4.5820603,0.11815290153026581,1.0,0.7488246560096741
YLR266C,YAL058W,0,-4.582319,0.11813898384571075,1.0,0.7489246726036072
YBR296C,YGR063C,0,-4.583797,0.1181250736117363,1.0,0.7490246891975403
YDR466W,YMR152W,0,-4.5838313,0.11811116337776184,1.0,0.7491247653961182
YEL013W,YMR139W,0,-4.584706,0.11809725314378738,1.0,0.7492247819900513
YMR139W,YDR031W,0,-4.5847735,0.11808335036039352,1.0,0.7493247985839844
YDR046C,YER056C-A,0,-4.5863833,0.11806945502758026,1.0,0.7494248151779175
YDR481C,YPL123C,0,-4.586961,0.1180555522441864,1.0,0.7495248317718506
YKR037C,YNL227C,0,-4.588395,0.11804166436195374,1.0,0.7496249079704285
YEL038W,YJL165C,0,-4.588535,0.11802776902914047,1.0,0.7497249245643616
YPL059W,YIL051C,0,-4.5885572,0.1180138811469078,1.0,0.7498249411582947
YBL017C,YDR231C,0,-4.589358,0.11800000071525574,1.0,0.7499249577522278
YMR070W,YNL135C,0,-4.590087,0.11798612028360367,1.0,0.7500250339508057
YLR109W,YER180C,0,-4.590657,0.1179722398519516,1.0,0.7501250505447388
YDR424C,YDR379W,0,-4.5913177,0.11795836687088013,1.0,0.7502250671386719
YHR028C,YJR076C,0,-4.591375,0.11794449388980865,1.0,0.750325083732605
YDL210W,YIL039W,0,-4.591725,0.11793062835931778,1.0,0.7504251003265381
YJR015W,YMR303C,0,-4.59246,0.1179167628288269,1.0,0.750525176525116
YHR140W,YGR054W,0,-4.5925403,0.11790290474891663,1.0,0.7506251931190491
YPL121C,YPR156C,0,-4.59275,0.11788904666900635,1.0,0.7507252097129822
YNL330C,YCL047C,0,-4.592832,0.11787518858909607,1.0,0.7508252263069153
YDR046C,YLR096W,0,-4.5933566,0.11786133795976639,1.0,0.7509253025054932
YHR044C,YLR430W,0,-4.593942,0.1178474947810173,1.0,0.7510253190994263
YBR160W,YPR096C,0,-4.596295,0.11783364415168762,1.0,0.7511253356933594
YPL271W,YKL059C,0,-4.5966964,0.11781980842351913,1.0,0.7512253522872925
YOR037W,YER053C,0,-4.5967264,0.11780596524477005,1.0,0.7513253688812256
YJR104C,YCR094W,0,-4.5983806,0.11779212951660156,1.0,0.7514254450798035
YDL205C,YLR099C,0,-4.5983872,0.11777830123901367,1.0,0.7515254616737366
YLR040C,YEL050C,0,-4.5993,0.11776447296142578,1.0,0.7516254782676697
YMR042W,YKR059W,0,-4.5996366,0.11775064468383789,1.0,0.7517254948616028
YGL161C,YJR033C,0,-4.599978,0.1177368238568306,1.0,0.7518255710601807
YCR039C,YFL039C,0,-4.6001267,0.1177230030298233,1.0,0.7519255876541138
YLR266C,YMR086W,0,-4.6004653,0.1177091896533966,1.0,0.7520256042480469
YOR308C,YER088C,0,-4.601678,0.11769537627696991,1.0,0.75212562084198
YLR304C,YJL156C,0,-4.60173,0.11768157035112381,1.0,0.7522256970405579
YDR379W,YLR158C,0,-4.6030984,0.11766776442527771,1.0,0.752325713634491
YJR001W,YAR044W,0,-4.603217,0.11765395849943161,1.0,0.7524257302284241
YDR265W,YLR121C,0,-4.603859,0.11764016002416611,1.0,0.7525257468223572
YKL088W,YKR014C,0,-4.604907,0.1176263615489006,1.0,0.7526257634162903
YLL062C,YGL141W,0,-4.608544,0.1176125705242157,1.0,0.7527258396148682
YER120W,YCL069W,0,-4.6086383,0.11759877949953079,1.0,0.7528258562088013
YJL073W,YGL039W,0,-4.6089554,0.11758499592542648,1.0,0.7529258728027344
YKL100C,YER030W,0,-4.609085,0.11757121235132217,1.0,0.7530258893966675
YDL019C,YNL185C,0,-4.609824,0.11755742877721786,1.0,0.7531259655952454
YFL029C,YDR342C,0,-4.611014,0.11754365265369415,1.0,0.7532259821891785
YMR036C,YJR045C,0,-4.612437,0.11752988398075104,1.0,0.7533259987831116
YNL015W,YJR089W,0,-4.6133575,0.11751610785722733,1.0,0.7534260153770447
YOL065C,YHL024W,0,-4.6135297,0.11750234663486481,1.0,0.7535260319709778
YLR100W,YOR369C,0,-4.6140847,0.11748857796192169,1.0,0.7536261081695557
YOR143C,YPL177C,0,-4.6149898,0.11747481673955917,1.0,0.7537261247634888
YGL003C,YDR130C,0,-4.6156487,0.11746106296777725,1.0,0.7538261413574219
YDR071C,YKL010C,0,-4.616759,0.11744730919599533,1.0,0.753926157951355
YJL108C,YMR163C,0,-4.6171923,0.11743355542421341,1.0,0.7540262341499329
YOR347C,YLR078C,0,-4.6180725,0.11741980910301208,1.0,0.754126250743866
YDR400W,YOL109W,0,-4.618265,0.11740606278181076,1.0,0.7542262673377991
YER029C,YPL154C,0,-4.6185784,0.11739232391119003,1.0,0.7543262839317322
YKL178C,YDL060W,0,-4.619054,0.1173785850405693,1.0,0.7544263005256653
YPR132W,YGL222C,0,-4.619674,0.11736484616994858,1.0,0.7545263767242432
YBR001C,YNL146W,0,-4.619764,0.11735111474990845,1.0,0.7546263933181763
YBR296C,YDR120C,0,-4.619818,0.11733739078044891,1.0,0.7547264099121094
YIL145C,YMR303C,0,-4.620252,0.11732366681098938,1.0,0.7548264265060425
YLR371W,YOR069W,0,-4.6206994,0.11730994284152985,1.0,0.7549265027046204
YIL109C,YNL129W,0,-4.6209965,0.11729622632265091,1.0,0.7550265192985535
YOR228C,YJL008C,0,-4.621546,0.11728250980377197,1.0,0.7551265358924866
YPL144W,YLR337W,0,-4.6220756,0.11726879328489304,1.0,0.7552265524864197
YKL178C,YIR023W,0,-4.6220994,0.1172550842165947,1.0,0.7553265690803528
YDR342C,YJL102W,0,-4.6221914,0.11724138259887695,1.0,0.7554266452789307
YGR223C,YOR174W,0,-4.622728,0.11722767353057861,1.0,0.7555266618728638
YBR030W,YNR007C,0,-4.6231055,0.11721397936344147,1.0,0.7556266784667969
YKL140W,YOR069W,0,-4.623649,0.11720027774572372,1.0,0.75572669506073
YDL019C,YJR089W,0,-4.6242547,0.11718658357858658,1.0,0.7558267712593079
YOR046C,YPL089C,0,-4.6243057,0.11717289686203003,1.0,0.755926787853241
YJL170C,YER088C,0,-4.6248507,0.11715921014547348,1.0,0.7560268044471741
YDL115C,YER110C,0,-4.625133,0.11714552342891693,1.0,0.7561268210411072
YMR297W,YBR296C,0,-4.625418,0.11713184416294098,1.0,0.7562268972396851
YGR223C,YMR285C,0,-4.6264353,0.11711817234754562,1.0,0.7563269138336182
YGL185C,YOR150W,0,-4.626953,0.11710449308156967,1.0,0.7564269304275513
YEL064C,YCR094W,0,-4.6272135,0.11709082126617432,1.0,0.7565269470214844
YMR247C,YLR098C,0,-4.6272893,0.11707715690135956,1.0,0.7566269636154175
YHR044C,YGL040C,0,-4.628187,0.1170634925365448,1.0,0.7567270398139954
YDR046C,YCR039C,0,-4.631657,0.11704982817173004,1.0,0.7568270564079285
YKR061W,YOL092W,0,-4.632834,0.11703617125749588,1.0,0.7569270730018616
YCR009C,YLR201C,0,-4.633132,0.11702251434326172,1.0,0.7570270895957947
YBR040W,YDR120C,0,-4.633306,0.11700886487960815,1.0,0.7571271657943726
YPL159C,YKR009C,0,-4.634395,0.11699521541595459,1.0,0.7572271823883057
YLR035C-A,YER113C,0,-4.634567,0.11698157340288162,1.0,0.7573271989822388
YDR342C,YDR298C,0,-4.6347547,0.11696793138980865,1.0,0.7574272155761719
YPL195W,YGR135W,0,-4.634861,0.11695428937673569,1.0,0.757527232170105
YDR456W,YCR092C,0,-4.6352057,0.11694065481424332,1.0,0.7576273083686829
YER106W,YIR009W,0,-4.6367717,0.11692702025175095,1.0,0.757727324962616
YER036C,YLR381W,0,-4.6394544,0.11691339313983917,1.0,0.7578273415565491
YLR096W,YBR058C-A,0,-4.6395574,0.1168997660279274,1.0,0.7579273581504822
YDR069C,YDR447C,0,-4.642621,0.11688614636659622,1.0,0.7580274343490601
YGL253W,YLR045C,0,-4.6432157,0.11687252670526505,1.0,0.7581274509429932
YIR015W,YPR031W,0,-4.6455045,0.11685890704393387,1.0,0.7582274675369263
YNL293W,YLR430W,0,-4.6462703,0.11684529483318329,1.0,0.7583274841308594
YCL069W,YOR014W,0,-4.6470675,0.11683168262243271,1.0,0.7584275007247925
YGL205W,YJR060W,0,-4.648302,0.11681807786226273,1.0,0.7585275769233704
YOR076C,YBR166C,0,-4.648522,0.11680447310209274,1.0,0.7586275935173035
YIR014W,YJR066W,0,-4.6486597,0.11679086834192276,1.0,0.7587276101112366
YNL293W,YCR039C,0,-4.649403,0.11677727103233337,1.0,0.7588276267051697
YJR015W,YDL205C,0,-4.650656,0.11676368117332458,1.0,0.7589277029037476
YJL156C,YAL058W,0,-4.652062,0.1167500838637352,1.0,0.7590277194976807
YGR104C,YML095C,0,-4.652378,0.116736501455307,1.0,0.7591277360916138
YIL039W,YLR045C,0,-4.6526704,0.11672291159629822,1.0,0.7592277526855469
YOL156W,YDR380W,0,-4.6528387,0.11670932918787003,1.0,0.75932776927948
YLR040C,YER082C,0,-4.653665,0.11669575423002243,1.0,0.7594278454780579
YOR046C,YDR483W,0,-4.656471,0.11668217927217484,1.0,0.759527862071991
YNL212W,YBR185C,0,-4.656617,0.11666860431432724,1.0,0.7596278786659241
YMR297W,YOL003C,0,-4.6569505,0.11665503680706024,1.0,0.7597278952598572
YDR315C,YBR205W,0,-4.6571975,0.11664146929979324,1.0,0.7598279714584351
YDL190C,YLR356W,0,-4.658623,0.11662790924310684,1.0,0.7599279880523682
YCL075W,YDR065W,0,-4.6592383,0.11661434918642044,1.0,0.7600280046463013
YLL013C,YPR042C,0,-4.6595025,0.11660078912973404,1.0,0.7601280212402344
YML037C,YOR290C,0,-4.6596684,0.11658723652362823,1.0,0.7602280974388123
YKL135C,YDR529C,0,-4.6603665,0.11657368391752243,1.0,0.7603281140327454
YNL325C,YML081C-A,0,-4.6603827,0.11656013876199722,1.0,0.7604281306266785
YHR116W,YJR059W,0,-4.6626554,0.11654659360647202,1.0,0.7605281472206116
YBL039C,YER089C,0,-4.6629286,0.1165330559015274,1.0,0.7606281638145447
YJL041W,YHR184W,0,-4.663388,0.1165195181965828,1.0,0.7607282400131226
YGL206C,YDR390C,0,-4.6635222,0.11650598049163818,1.0,0.7608282566070557
YER091C,YPL159C,0,-4.6637034,0.11649245023727417,1.0,0.7609282732009888
YMR043W,YGR156W,0,-4.6638684,0.11647891998291016,1.0,0.7610282897949219
YOL067C,YIL051C,0,-4.6640096,0.11646539717912674,1.0,0.7611283659934998
YBR207W,YER112W,0,-4.665359,0.11645187437534332,1.0,0.7612283825874329
YPR063C,YDR121W,0,-4.665835,0.1164383590221405,1.0,0.761328399181366
YDL101C,YDR003W,0,-4.6659107,0.11642484366893768,1.0,0.7614284157752991
YJR104C,YML095C,0,-4.6671214,0.11641132831573486,1.0,0.7615284323692322
YKR048C,YOL080C,0,-4.6673512,0.11639782041311264,1.0,0.7616285085678101
YEL064C,YPR073C,0,-4.6695905,0.11638431251049042,1.0,0.7617285251617432
YLL050C,YDL146W,0,-4.669785,0.11637081205844879,1.0,0.7618285417556763
YNL158W,YMR127C,0,-4.6701446,0.11635731160640717,1.0,0.7619285583496094
YLR207W,YLR265C,0,-4.671133,0.11634381115436554,1.0,0.7620286345481873
YMR290C,YCL075W,0,-4.6714764,0.11633031815290451,1.0,0.7621286511421204
YFL036W,YDL190C,0,-4.6716022,0.11631682515144348,1.0,0.7622286677360535
YKL212W,YDL130W-A,0,-4.6717396,0.11630333960056305,1.0,0.7623286843299866
YKL140W,YKL198C,0,-4.67205,0.11628985404968262,1.0,0.7624287009239197
YNR070W,YHR129C,0,-4.6721272,0.11627637594938278,1.0,0.7625287771224976
YFR037C,YPL089C,0,-4.673604,0.11626289784908295,1.0,0.7626287937164307
YKL198C,YOR044W,0,-4.673722,0.11624941974878311,1.0,0.7627288103103638
YDR379W,YKR009C,0,-4.676018,0.11623594909906387,1.0,0.7628288269042969
YLR446W,YPR047W,0,-4.6771927,0.11622247844934464,1.0,0.7629289031028748
YHL047C,YBR166C,0,-4.678139,0.116209015250206,1.0,0.7630289196968079
YOR288C,YML005W,0,-4.678757,0.11619555205106735,1.0,0.763128936290741
YHR031C,YER068W,0,-4.6793523,0.11618208885192871,1.0,0.7632289528846741
YDR478W,YIL171W,0,-4.680843,0.11616863310337067,1.0,0.7633289694786072
YGL035C,YOL030W,0,-4.681989,0.11615518480539322,1.0,0.7634290456771851
YPR036W,YNL007C,0,-4.6826262,0.11614172905683517,1.0,0.7635290622711182
YLR266C,YDR231C,0,-4.682651,0.11612828820943832,1.0,0.7636290788650513
YNL213C,YIL124W,0,-4.683329,0.11611483991146088,1.0,0.7637290954589844
YJL165C,YER051W,0,-4.6842065,0.11610139906406403,1.0,0.7638291716575623
YBR286W,YLR385C,0,-4.6855245,0.11608796566724777,1.0,0.7639291882514954
YDR074W,YNL077W,0,-4.686919,0.11607452481985092,1.0,0.7640292048454285
YBR041W,YBR035C,0,-4.688573,0.11606109887361526,1.0,0.7641292214393616
YMR094W,YPL214C,0,-4.688797,0.11604766547679901,1.0,0.7642292976379395
YML034W,YOL100W,0,-4.6892524,0.11603424698114395,1.0,0.7643293142318726
YDR495C,YLR139C,0,-4.689256,0.1160208210349083,1.0,0.7644293308258057
YDR077W,YAL003W,0,-4.689526,0.11600740253925323,1.0,0.7645293474197388
YGR184C,YKL195W,0,-4.6934137,0.11599398404359818,1.0,0.7646293640136719
YKL034W,YHR129C,0,-4.695018,0.11598057299852371,1.0,0.7647294402122498
YDR486C,YJR126C,0,-4.6953125,0.11596716195344925,1.0,0.7648294568061829
YLR201C,YGR135W,0,-4.6957126,0.11595375835895538,1.0,0.764929473400116
YDR022C,YOR155C,0,-4.6971145,0.11594035476446152,1.0,0.7650294899940491
YEL013W,YOR356W,0,-4.697154,0.11592695116996765,1.0,0.765129566192627
YCR098C,YOR369C,0,-4.6972384,0.11591355502605438,1.0,0.7652295827865601
YOL100W,YML085C,0,-4.6974335,0.11590015888214111,1.0,0.7653295993804932
YIL084C,YOR120W,0,-4.6975384,0.11588677018880844,1.0,0.7654296159744263
YOR381W,YPR156C,0,-4.697697,0.11587338149547577,1.0,0.7655296325683594
YBR299W,YBR164C,0,-4.6987553,0.1158600002527237,1.0,0.7656297087669373
YDL007W,YJL164C,0,-4.699559,0.11584661900997162,1.0,0.7657297253608704
YGR218W,YMR204C,0,-4.6996303,0.11583323776721954,1.0,0.7658297419548035
YNL291C,YLR188W,0,-4.70145,0.11581986397504807,1.0,0.7659297585487366
YJR160C,YKL056C,0,-4.7015557,0.11580649018287659,1.0,0.7660298347473145
YML124C,YDR032C,0,-4.701703,0.11579311639070511,1.0,0.7661298513412476
YNL128W,YIL009C-A,0,-4.7020974,0.11577975004911423,1.0,0.7662298679351807
YLR396C,YNL151C,0,-4.7023025,0.11576639115810394,1.0,0.7663298845291138
YPL028W,YKL158W,0,-4.703053,0.11575303226709366,1.0,0.7664299011230469
YHR101C,YIR009W,0,-4.7030826,0.11573967337608337,1.0,0.7665299773216248
YER082C,YKR097W,0,-4.704024,0.11572632193565369,1.0,0.7666299939155579
YEL016C,YMR071C,0,-4.7060857,0.115712970495224,1.0,0.766730010509491
YPL143W,YMR122W-A,0,-4.7061386,0.11569961905479431,1.0,0.7668300271034241
YOL100W,YDR231C,0,-4.706897,0.11568627506494522,1.0,0.766930103302002
YJL198W,YGR008C,0,-4.7069864,0.11567293107509613,1.0,0.7670301198959351
YER096W,YNL128W,0,-4.708095,0.11565959453582764,1.0,0.7671301364898682
YGL089C,YLR276C,0,-4.708715,0.11564625799655914,1.0,0.7672301530838013
YMR080C,YJR025C,0,-4.7106404,0.11563292890787125,1.0,0.7673301696777344
YDL019C,YDR177W,0,-4.710774,0.11561959981918335,1.0,0.7674302458763123
YHR184W,YOR127W,0,-4.712326,0.11560627073049545,1.0,0.7675302624702454
YBR024W,YDR046C,0,-4.712628,0.11559294909238815,1.0,0.7676302790641785
YDL138W,YPL155C,0,-4.7132215,0.11557962745428085,1.0,0.7677302956581116
YFL004W,YKR014C,0,-4.713463,0.11556630581617355,1.0,0.7678303718566895
YMR247C,YDR158W,0,-4.713619,0.11555299907922745,1.0,0.7679303884506226
YDL200C,YOR070C,0,-4.716863,0.11553968489170074,1.0,0.7680304050445557
YKR009C,YJL008C,0,-4.7170005,0.11552637815475464,1.0,0.7681304216384888
YER164W,YPR032W,0,-4.718284,0.11551307141780853,1.0,0.7682304978370667
YKL156W,YPL177C,0,-4.7185326,0.11549977213144302,1.0,0.7683305144309998
YOR155C,YHR092C,0,-4.7212124,0.11548647284507751,1.0,0.7684305310249329
YDR236C,YOR069W,0,-4.7214785,0.115473173558712,1.0,0.768530547618866
YDR170W-A,YOR046C,0,-4.721689,0.1154598817229271,1.0,0.7686305642127991
YMR094W,YIL051C,0,-4.721784,0.11544658988714218,1.0,0.768730640411377
YOR066W,YEL061C,0,-4.7237983,0.11543330550193787,1.0,0.7688306570053101
YDL019C,YGR061C,0,-4.7251973,0.11542002111673355,1.0,0.7689306735992432
YKR061W,YJL121C,0,-4.726439,0.11540674418210983,1.0,0.7690306901931763
YBR205W,YLR446W,0,-4.729261,0.11539346724748611,1.0,0.7691307663917542
YDR503C,YCR054C,0,-4.730186,0.1153801903128624,1.0,0.7692307829856873
YGL253W,YKR104W,0,-4.730927,0.11536692082881927,1.0,0.7693307995796204
YKL199C,YDR483W,0,-4.732321,0.11535365134477615,1.0,0.7694308161735535
YJL090C,YML095C,0,-4.7325234,0.11534038931131363,1.0,0.7695308327674866
YLR266C,YGR008C,0,-4.7328677,0.1153271272778511,1.0,0.7696309089660645
YDR297W,YLR265C,0,-4.73342,0.11531386524438858,1.0,0.7697309255599976
YCR098C,YGR035C,0,-4.7344203,0.11530061066150665,1.0,0.7698309421539307
YJR045C,YML095C,0,-4.735249,0.11528735607862473,1.0,0.7699309587478638
YCL075W,YAL035W,0,-4.7353725,0.1152741089463234,1.0,0.7700310349464417
YNL206C,YHR140W,0,-4.7359643,0.11526086181402206,1.0,0.7701310515403748
YDL069C,YGL249W,0,-4.7373004,0.11524761468172073,1.0,0.7702310681343079
YLR207W,YNL325C,0,-4.7376275,0.115234375,1.0,0.770331084728241
YKL135C,YMR303C,0,-4.7384,0.11522113531827927,1.0,0.7704311013221741
YEL059C-A,YGR123C,0,-4.7384853,0.11520790308713913,1.0,0.770531177520752
YDL231C,YDR523C,0,-4.740401,0.11519467085599899,1.0,0.7706311941146851
YPR048W,YHR207C,0,-4.7410274,0.11518144607543945,1.0,0.7707312107086182
YGL089C,YDR231C,0,-4.7411895,0.11516821384429932,1.0,0.7708312273025513
YMR100W,YDR297W,0,-4.7419343,0.11515499651432037,1.0,0.7709313035011292
YGL229C,YDR400W,0,-4.742478,0.11514177173376083,1.0,0.7710313200950623
YAL013W,YLR079W,0,-4.743524,0.11512856185436249,1.0,0.7711313366889954
YDR536W,YBR231C,0,-4.7438545,0.11511534452438354,1.0,0.7712313532829285
YJR160C,YMR223W,0,-4.7439876,0.1151021346449852,1.0,0.7713313698768616
YLR237W,YNL248C,0,-4.7457943,0.11508892476558685,1.0,0.7714314460754395
YDR056C,YKR014C,0,-4.745805,0.1150757223367691,1.0,0.7715314626693726
YJL072C,YMR188C,0,-4.7462516,0.11506251990795135,1.0,0.7716314792633057
YOR063W,YPL089C,0,-4.7463565,0.1150493249297142,1.0,0.7717314958572388
YJR134C,YLR120C,0,-4.749084,0.11503612995147705,1.0,0.7718315720558167
YAL021C,YOR131C,0,-4.74977,0.1150229349732399,1.0,0.7719315886497498
YJR160C,YJL156C,0,-4.752772,0.11500974744558334,1.0,0.7720316052436829
YDR231C,YKL212W,0,-4.7531137,0.11499655991792679,1.0,0.772131621837616
YMR006C,YPR047W,0,-4.7537255,0.11498337984085083,1.0,0.7722316980361938
YGL249W,YOL109W,0,-4.7546086,0.11497019976377487,1.0,0.772331714630127
YEL013W,YOR290C,0,-4.7551236,0.11495701968669891,1.0,0.7724317312240601
YBL017C,YLR306W,0,-4.755226,0.11494384706020355,1.0,0.7725317478179932
YER096W,YLL035W,0,-4.756148,0.11493067443370819,1.0,0.7726317644119263
YML048W,YML095C,0,-4.7561803,0.11491750925779343,1.0,0.7727318406105042
YHR153C,YAL021C,0,-4.756635,0.11490434408187866,1.0,0.7728318572044373
YMR036C,YDL101C,0,-4.7574944,0.1148911789059639,1.0,0.7729318737983704
YEL016C,YNR016C,0,-4.757546,0.11487802118062973,1.0,0.7730318903923035
YJR066W,YMR022W,0,-4.7586956,0.11486486345529556,1.0,0.7731319665908813
YDL030W,YLR176C,0,-4.7590733,0.11485171318054199,1.0,0.7732319831848145
YDR481C,YPL051W,0,-4.759134,0.11483856290578842,1.0,0.7733319997787476
YJR045C,YCL066W,0,-4.7596216,0.11482541263103485,1.0,0.7734320163726807
YOR175C,YNL268W,0,-4.759775,0.11481226980686188,1.0,0.7735320329666138
YCR039C,YIL160C,0,-4.7599945,0.1147991269826889,1.0,0.7736321091651917
YER091C,YOR374W,0,-4.76049,0.11478599160909653,1.0,0.7737321257591248
YOR037W,YJL108C,0,-4.7608895,0.11477285623550415,1.0,0.7738321423530579
YPL154C,YDR421W,0,-4.762613,0.11475972831249237,1.0,0.773932158946991
YBR035C,YOR080W,0,-4.763133,0.1147465929389,1.0,0.7740322351455688
YJR098C,YNL098C,0,-4.7656126,0.11473347246646881,1.0,0.774132251739502
YOR201C,YLR040C,0,-4.7656355,0.11472034454345703,1.0,0.7742322683334351
YNL158W,YGR234W,0,-4.765819,0.11470723152160645,1.0,0.7743322849273682
YBR036C,YBR245C,0,-4.7672915,0.11469411104917526,1.0,0.7744323015213013
YJL019W,YJR075W,0,-4.76763,0.11468099802732468,1.0,0.7745323777198792
YMR235C,YBR036C,0,-4.7677608,0.11466788500547409,1.0,0.7746323943138123
YOR057W,YDR115W,0,-4.767805,0.1146547794342041,1.0,0.7747324109077454
YAL043C,YPR028W,0,-4.769042,0.11464167386293411,1.0,0.7748324275016785
YDR018C,YDL185W,0,-4.7694116,0.11462856829166412,1.0,0.7749325037002563
YJR097W,YPL186C,0,-4.770399,0.11461547017097473,1.0,0.7750325202941895
YHL008C,YNL091W,0,-4.7725067,0.11460237950086594,1.0,0.7751325368881226
YLL013C,YOR155C,0,-4.773165,0.11458928138017654,1.0,0.7752325534820557
YMR037C,YGR218W,0,-4.773295,0.11457619071006775,1.0,0.7753325700759888
YDR536W,YJL073W,0,-4.7737136,0.11456310749053955,1.0,0.7754326462745667
YHR153C,YOR356W,0,-4.773948,0.11455002427101135,1.0,0.7755326628684998
YCL069W,YCL047C,0,-4.7742143,0.11453694105148315,1.0,0.7756326794624329
YGL205W,YDR055W,0,-4.7744083,0.11452386528253555,1.0,0.775732696056366
YJL165C,YIR006C,0,-4.774534,0.11451078951358795,1.0,0.7758327722549438
YCR040W,YLR014C,0,-4.7747006,0.11449771374464035,1.0,0.775932788848877
YBR299W,YBR231C,0,-4.7750955,0.11448464542627335,1.0,0.7760328054428101
YJL048C,YLR286C,0,-4.776203,0.11447158455848694,1.0,0.7761328220367432
YJR059W,YMR017W,0,-4.776562,0.11445851624011993,1.0,0.776232898235321
YDR531W,YPL159C,0,-4.7774396,0.11444545537233353,1.0,0.7763329148292542
YIL070C,YPR036W,0,-4.7776623,0.11443240195512772,1.0,0.7764329314231873
YDR358W,YHR186C,0,-4.777756,0.1144193485379219,1.0,0.7765329480171204
YDR270W,YKR062W,0,-4.778254,0.1144062951207161,1.0,0.7766329646110535
YIL034C,YOR182C,0,-4.778521,0.11439324915409088,1.0,0.7767330408096313
YMR088C,YIL172C,0,-4.7787747,0.11438020318746567,1.0,0.7768330574035645
YKL181W,YDR252W,0,-4.7793994,0.11436715722084045,1.0,0.7769330739974976
YOR182C,YGR037C,0,-4.7795014,0.11435411870479584,1.0,0.7770330905914307
YCR039C,YFR006W,0,-4.781667,0.11434108763933182,1.0,0.7771331667900085
YBL010C,YOR092W,0,-4.782214,0.1143280491232872,1.0,0.7772331833839417
YKL143W,YDL146W,0,-4.782297,0.11431501805782318,1.0,0.7773331999778748
YOR181W,YDL008W,0,-4.782787,0.11430199444293976,1.0,0.7774332165718079
YMR292W,YJL056C,0,-4.7832427,0.11428897082805634,1.0,0.777533233165741
YPR049C,YAL035W,0,-4.783482,0.11427594721317291,1.0,0.7776333093643188
YER083C,YDL130W-A,0,-4.7848306,0.11426293104887009,1.0,0.777733325958252
YDR038C,YDL075W,0,-4.785135,0.11424991488456726,1.0,0.7778333425521851
YGR002C,YHR186C,0,-4.786057,0.11423689872026443,1.0,0.7779333591461182
YAR015W,YPR028W,0,-4.7864833,0.1142238900065422,1.0,0.778033435344696
YMR122W-A,YDR534C,0,-4.7867255,0.11421088874340057,1.0,0.7781334519386292
YOR322C,YNL325C,0,-4.790751,0.11419788002967834,1.0,0.7782334685325623
YOR265W,YOR290C,0,-4.791604,0.11418487876653671,1.0,0.7783334851264954
YMR109W,YER012W,0,-4.7920327,0.11417188495397568,1.0,0.7784335017204285
YLR343W,YDR117C,0,-4.79312,0.11415889114141464,1.0,0.7785335779190063
YFL029C,YBR175W,0,-4.7943335,0.11414589732885361,1.0,0.7786335945129395
YGL191W,YPL174C,0,-4.794687,0.11413291096687317,1.0,0.7787336111068726
YNL280C,YAL062W,0,-4.7947316,0.11411992460489273,1.0,0.7788336277008057
YGR009C,YHR044C,0,-4.794744,0.11410693824291229,1.0,0.7789337038993835
YDL231C,YPL177C,0,-4.795087,0.11409395933151245,1.0,0.7790337204933167
YNR008W,YGL090W,0,-4.795676,0.11408098042011261,1.0,0.7791337370872498
YDR424C,YFR003C,0,-4.7960887,0.11406800895929337,1.0,0.7792337536811829
YNR061C,YKL198C,0,-4.7969923,0.11405503749847412,1.0,0.7793338298797607
YHL047C,YER045C,0,-4.7972054,0.11404206603765488,1.0,0.7794338464736938
YBR166C,YBR241C,0,-4.798391,0.11402910202741623,1.0,0.779533863067627
YBR297W,YCR054C,0,-4.798556,0.11401614546775818,1.0,0.7796338796615601
YDL115C,YOR233W,0,-4.799038,0.11400318145751953,1.0,0.7797338962554932
YPR005C,YGL039W,0,-4.7990704,0.11399022489786148,1.0,0.779833972454071
YOR265W,YKL198C,0,-4.799414,0.11397727578878403,1.0,0.7799339890480042
YML125C,YDR318W,0,-4.8000073,0.11396431922912598,1.0,0.7800340056419373
YIL126W,YMR311C,0,-4.800218,0.11395137757062912,1.0,0.7801340222358704
YHR186C,YGR014W,0,-4.8002577,0.11393842846155167,1.0,0.7802340984344482
YML012W,YPR070W,0,-4.801181,0.11392548680305481,1.0,0.7803341150283813
YML012W,YAR018C,0,-4.801332,0.11391255259513855,1.0,0.7804341316223145
YHR031C,YHR028C,0,-4.8014503,0.1138996109366417,1.0,0.7805341482162476
YJR160C,YPR073C,0,-4.801539,0.11388668417930603,1.0,0.7806341648101807
YDR046C,YDR376W,0,-4.8017173,0.11387374997138977,1.0,0.7807342410087585
YDL051W,YAL062W,0,-4.802572,0.11386082321405411,1.0,0.7808342576026917
YOR270C,YGL157W,0,-4.803389,0.11384789645671844,1.0,0.7809342741966248
YKL178C,YLL001W,0,-4.8046017,0.11383497714996338,1.0,0.7810342907905579
YMR224C,YOR221C,0,-4.8051014,0.11382205784320831,1.0,0.7811343669891357
YJL170C,YCR037C,0,-4.805511,0.11380914598703384,1.0,0.7812343835830688
YEL065W,YAL062W,0,-4.805658,0.11379623413085938,1.0,0.781334400177002
YDR086C,YBR273C,0,-4.805923,0.1137833222746849,1.0,0.7814344167709351
YNL293W,YKL178C,0,-4.8076663,0.11377041786909103,1.0,0.7815344333648682
YLR109W,YLR079W,0,-4.8094625,0.11375751346349716,1.0,0.781634509563446
YOR288C,YOL002C,0,-4.810303,0.11374461650848389,1.0,0.7817345261573792
YDR388W,YGL137W,0,-4.810595,0.11373171210289001,1.0,0.7818345427513123
YNR061C,YBR097W,0,-4.8115597,0.11371882259845734,1.0,0.7819345593452454
YFR003C,YKR050W,0,-4.811803,0.11370592564344406,1.0,0.7820346355438232
YOR036W,YGR156W,0,-4.8121915,0.11369304358959198,1.0,0.7821346521377563
YLR238W,YDL141W,0,-4.813664,0.1136801540851593,1.0,0.7822346687316895
YNL210W,YPR042C,0,-4.8154626,0.11366727203130722,1.0,0.7823346853256226
YGL173C,YHL036W,0,-4.8160753,0.11365438997745514,1.0,0.7824347019195557
YNR070W,YNL188W,0,-4.816501,0.11364151537418365,1.0,0.7825347781181335
YOR175C,YLR097C,0,-4.8174834,0.11362864077091217,1.0,0.7826347947120667
YDR238C,YKL017C,0,-4.81815,0.11361576616764069,1.0,0.7827348113059998
YKL154W,YNL012W,0,-4.8193903,0.1136028990149498,1.0,0.7828348278999329
YIL109C,YER051W,0,-4.8194294,0.11359003186225891,1.0,0.7829349040985107
YDR532C,YGL106W,0,-4.820549,0.11357717216014862,1.0,0.7830349206924438
YFR041C,YHR171W,0,-4.8212175,0.11356431245803833,1.0,0.783134937286377
YGL185C,YCL047C,0,-4.8214107,0.11355145275592804,1.0,0.7832349538803101
YDL120W,YPR021C,0,-4.82202,0.11353860050439835,1.0,0.7833350300788879
YMR211W,YIL155C,0,-4.8220344,0.11352574825286865,1.0,0.783435046672821
YBL064C,YGR002C,0,-4.822512,0.11351290345191956,1.0,0.7835350632667542
YCL047C,YDR130C,0,-4.8226395,0.11350005865097046,1.0,0.7836350798606873
YDL143W,YDR486C,0,-4.822735,0.11348721385002136,1.0,0.7837350964546204
YPL155C,YDR421W,0,-4.8228006,0.11347437649965286,1.0,0.7838351726531982
YMR100W,YMR311C,0,-4.8249784,0.11346153914928436,1.0,0.7839351892471313
YPL017C,YNR047W,0,-4.8271575,0.11344870179891586,1.0,0.7840352058410645
YBL075C,YGR241C,0,-4.828359,0.11343587189912796,1.0,0.7841352224349976
YPL031C,YDR120C,0,-4.83021,0.11342304944992065,1.0,0.7842352986335754
YBR055C,YAL008W,0,-4.8303447,0.11341021955013275,1.0,0.7843353152275085
YCL063W,YDR534C,0,-4.831821,0.11339739710092545,1.0,0.7844353318214417
YGR047C,YLR414C,0,-4.832629,0.11338458210229874,1.0,0.7845353484153748
YCR081W,YHR099W,0,-4.8337674,0.11337176710367203,1.0,0.7846353650093079
YMR316W,YLR459W,0,-4.8348513,0.11335895210504532,1.0,0.7847354412078857
YDR197W,YNL115C,0,-4.8361497,0.11334613710641861,1.0,0.7848354578018188
YOR228C,YDR507C,0,-4.837292,0.1133333370089531,1.0,0.784935474395752
YBR055C,YJR033C,0,-4.8378043,0.11332052946090698,1.0,0.7850354909896851
YMR088C,YJL102W,0,-4.838541,0.11330772936344147,1.0,0.7851355671882629
YDR466W,YER053C,0,-4.8454623,0.11329492926597595,1.0,0.785235583782196
YNL311C,YDR056C,0,-4.84603,0.11328212916851044,1.0,0.7853356003761292
YLR396C,YDL101C,0,-4.846431,0.11326933652162552,1.0,0.7854356169700623
YML034W,YKR062W,0,-4.8479486,0.1132565513253212,1.0,0.7855356335639954
YLR356W,YPR122W,0,-4.8481,0.11324375867843628,1.0,0.7856357097625732
YGR263C,YDR013W,0,-4.8487225,0.11323098093271255,1.0,0.7857357263565063
YDR479C,YHR160C,0,-4.849121,0.11321819573640823,1.0,0.7858357429504395
YGL227W,YPR019W,0,-4.8497376,0.11320541799068451,1.0,0.7859357595443726
YDL080C,YKL116C,0,-4.8501773,0.11319264024496078,1.0,0.7860358357429504
YBR012W-A,YDL115C,0,-4.850371,0.11317986994981766,1.0,0.7861358523368835
YNL293W,YDR128W,0,-4.85126,0.11316709965467453,1.0,0.7862358689308167
YBR296C,YNL112W,0,-4.852068,0.1131543293595314,1.0,0.7863358855247498
YDR253C,YLR212C,0,-4.852634,0.11314156651496887,1.0,0.7864359021186829
YNL322C,YAL043C,0,-4.8528533,0.11312880367040634,1.0,0.7865359783172607
YDR297W,YOR120W,0,-4.85356,0.11311604827642441,1.0,0.7866359949111938
YOR348C,YHR099W,0,-4.8540015,0.11310329288244247,1.0,0.786736011505127
YGR035C,YGL084C,0,-4.8540597,0.11309053748846054,1.0,0.7868360280990601
YPL159C,YJR045C,0,-4.8545895,0.1130777895450592,1.0,0.7869361042976379
YMR264W,YCL061C,0,-4.8552217,0.11306504160165787,1.0,0.787036120891571
YOR181W,YJR058C,0,-4.8588977,0.11305230110883713,1.0,0.7871361374855042
YNL159C,YBL039C,0,-4.8592353,0.11303956061601639,1.0,0.7872361540794373
YER184C,YMR152W,0,-4.860709,0.11302682012319565,1.0,0.7873362302780151
YLL062C,YCR010C,0,-4.861883,0.1130140870809555,1.0,0.7874362468719482
YOR278W,YLR418C,0,-4.862278,0.11300135403871536,1.0,0.7875362634658813
YMR307W,YLR385C,0,-4.8625402,0.11298862099647522,1.0,0.7876362800598145
YNL331C,YLR120C,0,-4.862966,0.11297589540481567,1.0,0.7877362966537476
YPR192W,YDR330W,0,-4.8630586,0.11296316981315613,1.0,0.7878363728523254
YNL330C,YJL052W,0,-4.8631124,0.11295045167207718,1.0,0.7879363894462585
YBR022W,YOR014W,0,-4.8653827,0.11293773353099823,1.0,0.7880364060401917
YHL044W,YNL135C,0,-4.8653893,0.11292501538991928,1.0,0.7881364226341248
YGL089C,YLR100W,0,-4.865971,0.11291230469942093,1.0,0.7882364988327026
YGL206C,YML009C,0,-4.8665357,0.11289959400892258,1.0,0.7883365154266357
YIL125W,YPL111W,0,-4.868308,0.11288689076900482,1.0,0.7884365320205688
YIL155C,YKR097W,0,-4.8689356,0.11287418752908707,1.0,0.788536548614502
YDR242W,YHR044C,0,-4.8706656,0.11286148428916931,1.0,0.7886365652084351
YOL031C,YDR088C,0,-4.871919,0.11284878849983215,1.0,0.7887366414070129
YKR037C,YLR099C,0,-4.872872,0.112836092710495,1.0,0.788836658000946
YDL231C,YDR088C,0,-4.8732877,0.11282339692115784,1.0,0.7889366745948792
YBL078C,YGL128C,0,-4.8739486,0.11281070858240128,1.0,0.7890366911888123
YPR178W,YBR105C,0,-4.875878,0.11279802024364471,1.0,0.7891367673873901
YBR245C,YBR122C,0,-4.876608,0.11278533935546875,1.0,0.7892367839813232
YLR096W,YKL116C,0,-4.878548,0.11277265846729279,1.0,0.7893368005752563
YHL019C,YOL139C,0,-4.880592,0.11275997757911682,1.0,0.7894368171691895
YOR181W,YGR054W,0,-4.881324,0.11274730414152145,1.0,0.7895368337631226
YJL101C,YHR070W,0,-4.884319,0.11273463070392609,1.0,0.7896369099617004
YGL106W,YPR096C,0,-4.884645,0.11272195726633072,1.0,0.7897369265556335
YIL027C,YER089C,0,-4.884703,0.11270929127931595,1.0,0.7898369431495667
YPR005C,YDR326C,0,-4.8850265,0.11269663274288177,1.0,0.7899369597434998
YLL062C,YPL186C,0,-4.8852305,0.112683966755867,1.0,0.7900370359420776
YKL199C,YDR077W,0,-4.886782,0.11267130821943283,1.0,0.7901370525360107
YNR043W,YPR032W,0,-4.8875537,0.11265865713357925,1.0,0.7902370691299438
YKR058W,YEL021W,0,-4.887852,0.11264599859714508,1.0,0.790337085723877
YKL140W,YKL042W,0,-4.8896356,0.1126333549618721,1.0,0.7904371023178101
YDL231C,YJL080C,0,-4.8923345,0.11262070387601852,1.0,0.7905371785163879
YDL007W,YDR197W,0,-4.8935323,0.11260806024074554,1.0,0.790637195110321
YGL161C,YMR071C,0,-4.897327,0.11259541660547256,1.0,0.7907372117042542
YER082C,YDR368W,0,-4.897792,0.11258278042078018,1.0,0.7908372282981873
YJR022W,YHR181W,0,-4.9000354,0.1125701442360878,1.0,0.7909373044967651
YJL044C,YDR368W,0,-4.900481,0.11255751550197601,1.0,0.7910373210906982
YNL311C,YNR020C,0,-4.90097,0.11254488676786423,1.0,0.7911373376846313
YNR043W,YDR523C,0,-4.9009852,0.11253225803375244,1.0,0.7912373542785645
YIL078W,YJL108C,0,-4.9013906,0.11251962929964066,1.0,0.7913374304771423
YOR150W,YCR037C,0,-4.9014034,0.11250700801610947,1.0,0.7914374470710754
YML070W,YBL022C,0,-4.901632,0.11249439418315887,1.0,0.7915374636650085
YNL146W,YGR135W,0,-4.901777,0.11248177289962769,1.0,0.7916374802589417
YBL106C,YGL090W,0,-4.9022727,0.11246916651725769,1.0,0.7917374968528748
YOR181W,YER020W,0,-4.902513,0.1124565526843071,1.0,0.7918375730514526
YLR142W,YIR023W,0,-4.9040937,0.1124439463019371,1.0,0.7919375896453857
YDR320C-A,YLR246W,0,-4.9066668,0.11243133991956711,1.0,0.7920376062393188
YCR009C,YCR094W,0,-4.9097896,0.11241874098777771,1.0,0.792137622833252
YKL218C,YOL156W,0,-4.9098105,0.11240614205598831,1.0,0.7922376990318298
YBR050C,YHR036W,0,-4.90984,0.11239354312419891,1.0,0.7923377156257629
YDR279W,YJL102W,0,-4.9103565,0.11238095164299011,1.0,0.792437732219696
YOL007C,YDR313C,0,-4.911353,0.11236836016178131,1.0,0.7925377488136292
YCR009C,YGL229C,0,-4.9117265,0.1123557761311531,1.0,0.7926377654075623
YPR047W,YMR165C,0,-4.912761,0.1123431921005249,1.0,0.7927378416061401
YLL038C,YOL147C,0,-4.9130435,0.1123306080698967,1.0,0.7928378582000732
YBR041W,YOR386W,0,-4.9138927,0.11231803148984909,1.0,0.7929378747940063
YPR036W,YIL101C,0,-4.9156938,0.11230545490980148,1.0,0.7930378913879395
YEL059C-A,YNL119W,0,-4.917619,0.11229287832975388,1.0,0.7931379675865173
YOR257W,YPL160W,0,-4.9178405,0.11228030920028687,1.0,0.7932379841804504
YGR088W,YOR221C,0,-4.9208593,0.11226774007081985,1.0,0.7933380007743835
YIL027C,YIL093C,0,-4.922001,0.11225517839193344,1.0,0.7934380173683167
YDR251W,YNL151C,0,-4.9225435,0.11224261671304703,1.0,0.7935380339622498
YOR155C,YMR217W,0,-4.924269,0.11223005503416061,1.0,0.7936381101608276
YOR381W,YGL090W,0,-4.9248986,0.1122175008058548,1.0,0.7937381267547607
YJR098C,YBL061C,0,-4.926374,0.11220494657754898,1.0,0.7938381433486938
YDL195W,YLR246W,0,-4.926981,0.11219239234924316,1.0,0.793938159942627
YNL311C,YIR037W,0,-4.9272356,0.11217984557151794,1.0,0.7940382361412048
YOR036W,YBL090W,0,-4.9272604,0.11216729879379272,1.0,0.7941382527351379
YER083C,YIR012W,0,-4.928488,0.1121547594666481,1.0,0.794238269329071
YDL114W,YBR024W,0,-4.9284897,0.11214222013950348,1.0,0.7943382859230042
YDR465C,YER061C,0,-4.9299836,0.11212968081235886,1.0,0.7944383025169373
YLR040C,YDR032C,0,-4.9304576,0.11211714893579483,1.0,0.7945383787155151
YDL129W,YJL062W,0,-4.931705,0.1121046170592308,1.0,0.7946383953094482
YNR007C,YPR054W,0,-4.932875,0.11209208518266678,1.0,0.7947384119033813
YLR459W,YGR075C,0,-4.9340253,0.11207956075668335,1.0,0.7948384284973145
YJL157C,YLR246W,0,-4.9356256,0.11206703633069992,1.0,0.7949385046958923
YKL109W,YDR420W,0,-4.936193,0.11205451935529709,1.0,0.7950385212898254
YLR373C,YMR224C,0,-4.9381585,0.11204200237989426,1.0,0.7951385378837585
YNL331C,YKL108W,0,-4.9385424,0.11202948540449142,1.0,0.7952385544776917
YLR364W,YIL124W,0,-4.9385467,0.11201697587966919,1.0,0.7953386306762695
YJR075W,YBR105C,0,-4.9386663,0.11200446635484695,1.0,0.7954386472702026
YLR396C,YDL190C,0,-4.939116,0.11199196428060532,1.0,0.7955386638641357
YKL089W,YFL041W,0,-4.9404006,0.11197945475578308,1.0,0.7956386804580688
YNL039W,YGL229C,0,-4.943871,0.11196696013212204,1.0,0.795738697052002
YEL021W,YPL123C,0,-4.944403,0.1119544580578804,1.0,0.7958387732505798
YIL126W,YOR337W,0,-4.945842,0.11194196343421936,1.0,0.7959387898445129
YBR097W,YER113C,0,-4.9461455,0.11192946881055832,1.0,0.796038806438446
YLR385C,YBR297W,0,-4.94644,0.11191698163747787,1.0,0.7961388230323792
YOR257W,YNR016C,0,-4.9465556,0.11190449446439743,1.0,0.796238899230957
YKR105C,YPL103C,0,-4.948656,0.11189201474189758,1.0,0.7963389158248901
YDL141W,YIL026C,0,-4.948855,0.11187953501939774,1.0,0.7964389324188232
YPR042C,YPL153C,0,-4.94943,0.11186705529689789,1.0,0.7965389490127563
YDR326C,YMR122W-A,0,-4.949746,0.11185457557439804,1.0,0.7966389656066895
YBR240C,YKL116C,0,-4.9503427,0.11184210330247879,1.0,0.7967390418052673
YIR036C,YML043C,0,-4.9523454,0.11182963848114014,1.0,0.7968390583992004
YGL173C,YEL059C-A,0,-4.9526544,0.11181716620922089,1.0,0.7969390749931335
YER148W,YLR079W,0,-4.952975,0.11180470138788223,1.0,0.7970390915870667
YDR503C,YKR058W,0,-4.9539714,0.11179224401712418,1.0,0.7971391677856445
YPR070W,YDL180W,0,-4.9539733,0.11177978664636612,1.0,0.7972391843795776
YDR393W,YOR127W,0,-4.9542985,0.11176732927560806,1.0,0.7973392009735107
YKL178C,YNL289W,0,-4.956011,0.11175487190485,1.0,0.7974392175674438
YKL089W,YMR128W,0,-4.956812,0.11174242198467255,1.0,0.797539234161377
YDL138W,YJL156C,0,-4.9570937,0.11172997951507568,1.0,0.7976393103599548
YHR147C,YBR207W,0,-4.959189,0.11171752959489822,1.0,0.7977393269538879
YER096W,YDR520C,0,-4.961017,0.11170508712530136,1.0,0.797839343547821
YKR038C,YBR241C,0,-4.96162,0.1116926521062851,1.0,0.7979393601417542
YEL064C,YDL138W,0,-4.96176,0.11168021708726883,1.0,0.798039436340332
YMR211W,YDL144C,0,-4.9619403,0.11166778206825256,1.0,0.7981394529342651
YPL103C,YAR044W,0,-4.9635415,0.1116553470492363,1.0,0.7982394695281982
YAL023C,YOL064C,0,-4.96358,0.11164291948080063,1.0,0.7983394861221313
YOR373W,YDR121W,0,-4.9648523,0.11163049191236496,1.0,0.7984395027160645
YHR028C,YLR106C,0,-4.9649577,0.11161807179450989,1.0,0.7985395789146423
YML040W,YNR070W,0,-4.9649773,0.11160565167665482,1.0,0.7986395955085754
YCR039C,YDL180W,0,-4.965016,0.11159323900938034,1.0,0.7987396121025085
YBR198C,YGR086C,0,-4.9668336,0.11158081889152527,1.0,0.7988396286964417
YPL060W,YPR021C,0,-4.9672217,0.1115684062242508,1.0,0.7989397048950195
YKL089W,YBR251W,0,-4.9678574,0.11155600100755692,1.0,0.7990397214889526
YDR018C,YLR010C,0,-4.9680486,0.11154359579086304,1.0,0.7991397380828857
YMR297W,YDL101C,0,-4.968346,0.11153119057416916,1.0,0.7992397546768188
YLR035C-A,YDR118W,0,-4.968475,0.11151879280805588,1.0,0.7993398308753967
YDR481C,YLR109W,0,-4.968942,0.1115063950419426,1.0,0.7994398474693298
YJL165C,YGR295C,0,-4.969686,0.11149399727582932,1.0,0.7995398640632629
YNL001W,YML087C,0,-4.969691,0.11148160696029663,1.0,0.799639880657196
YJR139C,YGR014W,0,-4.9701104,0.11146921664476395,1.0,0.7997398972511292
YHL036W,YKL028W,0,-4.9725,0.11145682632923126,1.0,0.799839973449707
YJR013W,YGL120C,0,-4.9729123,0.11144444346427917,1.0,0.7999399900436401
YKL034W,YOR014W,0,-4.974401,0.11143206059932709,1.0,0.8000400066375732
YOR076C,YER147C,0,-4.975455,0.1114196851849556,1.0,0.8001400232315063
YNR061C,YML124C,0,-4.9764004,0.1114073097705841,1.0,0.8002400994300842
YNL046W,YAR018C,0,-4.976933,0.11139493435621262,1.0,0.8003401160240173
YDR529C,YGR071C,0,-4.977915,0.11138256639242172,1.0,0.8004401326179504
YBL064C,YKL059C,0,-4.979998,0.11137019842863083,1.0,0.8005401492118835
YER083C,YDL099W,0,-4.9807773,0.11135783046483994,1.0,0.8006401658058167
YNR001C,YKL017C,0,-4.9822707,0.11134546995162964,1.0,0.8007402420043945
YDR074W,YIR006C,0,-4.9829316,0.11133310943841934,1.0,0.8008402585983276
YDR018C,YLR427W,0,-4.9832387,0.11132075637578964,1.0,0.8009402751922607
YNR011C,YLR414C,0,-4.983909,0.11130840331315994,1.0,0.8010402917861938
YOL064C,YHL036W,0,-4.984143,0.11129605025053024,1.0,0.8011403679847717
YDL056W,YNL146W,0,-4.984309,0.11128370463848114,1.0,0.8012403845787048
YGL003C,YBL055C,0,-4.9849343,0.11127135902643204,1.0,0.8013404011726379
YBR024W,YDR228C,0,-4.9850426,0.11125901341438293,1.0,0.801440417766571
YDL069C,YMR306W,0,-4.986996,0.11124667525291443,1.0,0.8015404343605042
YML085C,YPL202C,0,-4.987273,0.11123433709144592,1.0,0.801640510559082
YEL059C-A,YNL061W,0,-4.987531,0.11122199892997742,1.0,0.8017405271530151
YJL165C,YKL100C,0,-4.9885154,0.11120966821908951,1.0,0.8018405437469482
YFL039C,YBL037W,0,-4.9891458,0.1111973375082016,1.0,0.8019405603408813
YGL089C,YMR127C,0,-4.9895186,0.11118501424789429,1.0,0.8020406365394592
YGL191W,YBR231C,0,-4.990765,0.11117269098758698,1.0,0.8021406531333923
YJR160C,YLR032W,0,-4.993364,0.11116036772727966,1.0,0.8022406697273254
YCR004C,YOR244W,0,-4.994819,0.11114805191755295,1.0,0.8023406863212585
YDR523C,YOR070C,0,-4.9948688,0.11113573610782623,1.0,0.8024407029151917
YOL117W,YOL072W,0,-4.995424,0.11112342029809952,1.0,0.8025407791137695
YPR073C,YHR011W,0,-4.995487,0.1111111119389534,1.0,0.8026407957077026
YHL040C,YBL093C,0,-4.9958625,0.11109880357980728,1.0,0.8027408123016357
YGR295C,YJL102W,0,-4.996056,0.11108650267124176,1.0,0.8028408288955688
YLR266C,YPL281C,0,-4.9962025,0.11107419431209564,1.0,0.8029409050941467
YAL021C,YFL037W,0,-4.9980626,0.11106190085411072,1.0,0.8030409216880798
YBR296C,YER106W,0,-5.001098,0.1110495999455452,1.0,0.8031409382820129
YER140W,YDL138W,0,-5.0016346,0.11103730648756027,1.0,0.803240954875946
YDR315C,YCL066W,0,-5.0018134,0.11102501302957535,1.0,0.8033410310745239
YDL007W,YCR040W,0,-5.0030713,0.11101272702217102,1.0,0.803441047668457
YDR052C,YBR214W,0,-5.0037894,0.1110004410147667,1.0,0.8035410642623901
YOR373W,YPL059W,0,-5.005033,0.11098816245794296,1.0,0.8036410808563232
YKR037C,YJL102W,0,-5.0051775,0.11097587645053864,1.0,0.8037410974502563
YGL119W,YLR078C,0,-5.00553,0.1109636053442955,1.0,0.8038411736488342
YER083C,YML116W,0,-5.0070176,0.11095132678747177,1.0,0.8039411902427673
YKL218C,YDR368W,0,-5.007095,0.11093905568122864,1.0,0.8040412068367004
YJL219W,YGR200C,0,-5.007664,0.1109267845749855,1.0,0.8041412234306335
YLR418C,YGL205W,0,-5.008537,0.11091452091932297,1.0,0.8042412996292114
YPL206C,YPL059W,0,-5.009629,0.11090225726366043,1.0,0.8043413162231445
YBL106C,YGR292W,0,-5.009666,0.1108899936079979,1.0,0.8044413328170776
YER029C,YPR098C,0,-5.0114226,0.11087773740291595,1.0,0.8045413494110107
YCR098C,YNL227C,0,-5.0146327,0.11086548119783401,1.0,0.8046413660049438
YOR076C,YHR036W,0,-5.015159,0.11085322499275208,1.0,0.8047414422035217
YPL144W,YOR228C,0,-5.0158916,0.11084097623825073,1.0,0.8048414587974548
YBR237W,YDR011W,0,-5.0168633,0.11082872748374939,1.0,0.8049414753913879
YOL031C,YPL174C,0,-5.0177197,0.11081648617982864,1.0,0.805041491985321
YOL031C,YNL206C,0,-5.0185194,0.1108042448759079,1.0,0.8051415681838989
YGL021W,YBL069W,0,-5.0200057,0.11079200357198715,1.0,0.805241584777832
YDL006W,YNL101W,0,-5.020969,0.1107797622680664,1.0,0.8053416013717651
YDR239C,YCR010C,0,-5.0210676,0.11076752841472626,1.0,0.8054416179656982
YNL293W,YNR016C,0,-5.0212026,0.1107553020119667,1.0,0.8055416345596313
YDR466W,YDR166C,0,-5.021996,0.11074306815862656,1.0,0.8056417107582092
YPR098C,YPR036W,0,-5.022378,0.1107308492064476,1.0,0.8057417273521423
YBR240C,YIL150C,0,-5.0233884,0.11071862280368805,1.0,0.8058417439460754
YHR105W,YNL189W,0,-5.025329,0.1107064038515091,1.0,0.8059417605400085
YHL024W,YOL123W,0,-5.0255427,0.11069418489933014,1.0,0.8060418367385864
YIL009C-A,YBR030W,0,-5.0255866,0.11068196594715118,1.0,0.8061418533325195
YHL044W,YDR128W,0,-5.028253,0.11066975444555283,1.0,0.8062418699264526
YDL085W,YER070W,0,-5.0282965,0.11065754294395447,1.0,0.8063418865203857
YMR139W,YKL116C,0,-5.0289636,0.1106453388929367,1.0,0.8064419031143188
YLR439W,YLR109W,0,-5.0291877,0.11063313484191895,1.0,0.8065419793128967
YIL072W,YOR150W,0,-5.0301394,0.11062093079090118,1.0,0.8066419959068298
YJL219W,YNL213C,0,-5.0302377,0.11060873419046402,1.0,0.8067420125007629
YMR086W,YKL164C,0,-5.0307593,0.11059653759002686,1.0,0.806842029094696
YBR022W,YPR108W,0,-5.031387,0.11058434098958969,1.0,0.8069421052932739
YDL138W,YBL090W,0,-5.033772,0.11057215183973312,1.0,0.807042121887207
YDL114W,YNL331C,0,-5.034365,0.11055996268987656,1.0,0.8071421384811401
YKL140W,YMR223W,0,-5.0350003,0.11054778099060059,1.0,0.8072421550750732
YJL019W,YDR047W,0,-5.035578,0.11053559929132462,1.0,0.8073422312736511
YJR104C,YDR056C,0,-5.0369477,0.11052341759204865,1.0,0.8074422478675842
YER133W,YNL325C,0,-5.037741,0.11051123589277267,1.0,0.8075422644615173
YLR396C,YDR130C,0,-5.038053,0.1104990616440773,1.0,0.8076422810554504
YPL059W,YOR092W,0,-5.0381055,0.11048689484596252,1.0,0.8077422976493835
YER095W,YJL108C,0,-5.038392,0.11047472059726715,1.0,0.8078423738479614
YDL110C,YMR204C,0,-5.0388618,0.11046255379915237,1.0,0.8079423904418945
YIL084C,YLR078C,0,-5.038862,0.1104503944516182,1.0,0.8080424070358276
YPR184W,YBL010C,0,-5.0400467,0.11043822765350342,1.0,0.8081424236297607
YJR158W,YOR221C,0,-5.040277,0.11042606830596924,1.0,0.8082424998283386
YDR022C,YHR027C,0,-5.041144,0.11041391640901566,1.0,0.8083425164222717
YDR501W,YOR221C,0,-5.0417995,0.11040176451206207,1.0,0.8084425330162048
YGR263C,YLR079W,0,-5.043478,0.11038961261510849,1.0,0.8085425496101379
YER095W,YBR207W,0,-5.045094,0.11037746071815491,1.0,0.808642566204071
YHL024W,YDR077W,0,-5.046533,0.11036531627178192,1.0,0.8087426424026489
YDR486C,YDR166C,0,-5.0471525,0.11035317182540894,1.0,0.808842658996582
YML040W,YDL017W,0,-5.048107,0.11034103482961655,1.0,0.8089426755905151
YDL114W,YPL144W,0,-5.0497613,0.11032889783382416,1.0,0.8090426921844482
YML037C,YGL059W,0,-5.051973,0.11031676083803177,1.0,0.8091427683830261
YGL155W,YOL147C,0,-5.0520577,0.11030463129281998,1.0,0.8092427849769592
YGL090W,YPL281C,0,-5.0527625,0.11029250174760818,1.0,0.8093428015708923
YNL293W,YDL007W,0,-5.0548253,0.11028037220239639,1.0,0.8094428181648254
YOR116C,YBR273C,0,-5.0555487,0.1102682501077652,1.0,0.8095428347587585
YPL121C,YOL030W,0,-5.056702,0.110256128013134,1.0,0.8096429109573364
YNL039W,YJR065C,0,-5.0573473,0.1102440133690834,1.0,0.8097429275512695
YMR235C,YER088C,0,-5.057712,0.11023189127445221,1.0,0.8098429441452026
YFR041C,YBR231C,0,-5.0583243,0.11021977663040161,1.0,0.8099429607391357
YKL154W,YGR194C,0,-5.0586896,0.11020766943693161,1.0,0.8100430369377136
YPL031C,YBR207W,0,-5.061559,0.11019556224346161,1.0,0.8101430535316467
YHR027C,YMR037C,0,-5.06253,0.11018345504999161,1.0,0.8102430701255798
YKR058W,YIR009W,0,-5.062793,0.1101713553071022,1.0,0.8103430867195129
YMR088C,YDL006W,0,-5.0629363,0.1101592555642128,1.0,0.810443103313446
YNR061C,YDL056W,0,-5.0632215,0.1101471558213234,1.0,0.8105431795120239
YBL020W,YDR486C,0,-5.0642686,0.11013506352901459,1.0,0.810643196105957
YER082C,YGR037C,0,-5.0643435,0.11012297123670578,1.0,0.8107432126998901
YMR022W,YAR044W,0,-5.064982,0.11011087894439697,1.0,0.8108432292938232
YLL013C,YDR077W,0,-5.065147,0.11009879410266876,1.0,0.8109433054924011
YDR388W,YDR390C,0,-5.0653043,0.11008670926094055,1.0,0.8110433220863342
YJR104C,YER036C,0,-5.06552,0.11007462441921234,1.0,0.8111433386802673
YLR467W,YDR252W,0,-5.0660334,0.11006254702806473,1.0,0.8112433552742004
YDR368W,YOR070C,0,-5.0672674,0.11005046963691711,1.0,0.8113434314727783
YLR096W,YNL242W,0,-5.06887,0.1100383996963501,1.0,0.8114434480667114
YLR214W,YGL227W,0,-5.069445,0.11002632975578308,1.0,0.8115434646606445
YHL008C,YMR098C,0,-5.07017,0.11001425981521606,1.0,0.8116434812545776
YHR044C,YGL155W,0,-5.070809,0.11000218987464905,1.0,0.8117434978485107
YER111C,YIL111W,0,-5.071636,0.10999012738466263,1.0,0.8118435740470886
YPR005C,YER111C,0,-5.071696,0.1099780723452568,1.0,0.8119435906410217
YHL044W,YDR279W,0,-5.0722136,0.10996600985527039,1.0,0.8120436072349548
YEL013W,YOR069W,0,-5.0723042,0.10995395481586456,1.0,0.8121436238288879
YCR020C,YLR192C,0,-5.072598,0.10994190722703934,1.0,0.8122437000274658
YBR048W,YLR109W,0,-5.07289,0.10992985218763351,1.0,0.8123437166213989
YJR015W,YPL101W,0,-5.0728908,0.10991780459880829,1.0,0.812443733215332
YGR135W,YDR380W,0,-5.0731583,0.10990576446056366,1.0,0.8125437498092651
YPR036W,YDR390C,0,-5.073339,0.10989372432231903,1.0,0.8126437664031982
YHR207C,YHR136C,0,-5.0735207,0.1098816841840744,1.0,0.8127438426017761
YER120W,YCR075C,0,-5.0738635,0.10986964404582977,1.0,0.8128438591957092
YNL331C,YPR156C,0,-5.0741916,0.10985761135816574,1.0,0.8129438757896423
YGR263C,YGR272C,0,-5.074366,0.10984557867050171,1.0,0.8130438923835754
YKL178C,YDL200C,0,-5.0751314,0.10983355343341827,1.0,0.8131439685821533
YOL156W,YDR003W,0,-5.075358,0.10982152819633484,1.0,0.8132439851760864
YML094W,YGR292W,0,-5.0762467,0.1098095029592514,1.0,0.8133440017700195
YPR049C,YDR443C,0,-5.077309,0.10979748517274857,1.0,0.8134440183639526
YOR120W,YMR071C,0,-5.078112,0.10978546738624573,1.0,0.8135440349578857
YLR373C,YMR051C,0,-5.079157,0.10977344959974289,1.0,0.8136441111564636
YHR153C,YHR023W,0,-5.0794463,0.10976143926382065,1.0,0.8137441277503967
YLR212C,YOL071W,0,-5.0807943,0.10974942892789841,1.0,0.8138441443443298
YDR126W,YOL080C,0,-5.081098,0.10973741859197617,1.0,0.8139441609382629
YGR009C,YOR346W,0,-5.0829825,0.10972541570663452,1.0,0.8140442371368408
YBR092C,YJL073W,0,-5.083039,0.10971341282129288,1.0,0.8141442537307739
YJR060W,YBR231C,0,-5.08377,0.10970140993595123,1.0,0.814244270324707
YNR061C,YBR058C-A,0,-5.08518,0.10968941450119019,1.0,0.8143442869186401
YCR037C,YOR306C,0,-5.0855384,0.10967741906642914,1.0,0.8144443035125732
YIL160C,YDR093W,0,-5.0857444,0.10966543108224869,1.0,0.8145443797111511
YML012W,YIR009W,0,-5.0871143,0.10965343564748764,1.0,0.8146443963050842
YMR316W,YLR446W,0,-5.08846,0.10964145511388779,1.0,0.8147444128990173
YDR055W,YKL028W,0,-5.0911803,0.10962946712970734,1.0,0.8148444294929504
YMR290C,YOL007C,0,-5.0913653,0.10961748659610748,1.0,0.8149445056915283
YMR211W,YPL186C,0,-5.092052,0.10960550606250763,1.0,0.8150445222854614
YER044C,YOR211C,0,-5.092645,0.10959353297948837,1.0,0.8151445388793945
YLR396C,YGL178W,0,-5.0931115,0.10958155989646912,1.0,0.8152445554733276
YCL069W,YLR109W,0,-5.0934024,0.10956958681344986,1.0,0.8153446316719055
YKL135C,YHL004W,0,-5.0937767,0.1095576211810112,1.0,0.8154446482658386
YDR536W,YNL189W,0,-5.0945716,0.10954565554857254,1.0,0.8155446648597717
YDR456W,YNL158W,0,-5.0949097,0.10953368991613388,1.0,0.8156446814537048
YBL030C,YOR221C,0,-5.09526,0.10952173173427582,1.0,0.8157446980476379
YPR118W,YOR347C,0,-5.097834,0.10950977355241776,1.0,0.8158447742462158
YML104C,YEL002C,0,-5.0979424,0.10949781537055969,1.0,0.8159447908401489
YPL271W,YDL033C,0,-5.099236,0.10948586463928223,1.0,0.816044807434082
YDL143W,YDR320C,0,-5.0997896,0.10947391390800476,1.0,0.8161448240280151
YDR520C,YPL123C,0,-5.100659,0.1094619631767273,1.0,0.816244900226593
YJR076C,YPL172C,0,-5.101126,0.10945001989603043,1.0,0.8163449168205261
YDR318W,YML081C-A,0,-5.101333,0.10943807661533356,1.0,0.8164449334144592
YBL088C,YDL030W,0,-5.1020656,0.10942614078521729,1.0,0.8165449500083923
YKL088W,YGL229C,0,-5.1036115,0.10941420495510101,1.0,0.8166449666023254
YLR204W,YGR218W,0,-5.103686,0.10940226912498474,1.0,0.8167450428009033
YER091C,YNL268W,0,-5.1061425,0.10939033329486847,1.0,0.8168450593948364
YMR247C,YPL111W,0,-5.106395,0.1093784049153328,1.0,0.8169450759887695
YGR063C,YNL146W,0,-5.1068587,0.10936648398637772,1.0,0.8170450925827026
YDR320C-A,YGR274C,0,-5.1082063,0.10935455560684204,1.0,0.8171451687812805
YDR052C,YGL185C,0,-5.108224,0.10934263467788696,1.0,0.8172451853752136
YNL242W,YDR197W,0,-5.1083546,0.10933071374893188,1.0,0.8173452019691467
YPR118W,YDR486C,0,-5.1087813,0.1093188002705574,1.0,0.8174452185630798
YML015C,YNR047W,0,-5.1101394,0.10930688679218292,1.0,0.8175452351570129
YCR010C,YIR009W,0,-5.110142,0.10929497331380844,1.0,0.8176453113555908
YOR384W,YPL017C,0,-5.1119447,0.10928306728601456,1.0,0.8177453279495239
YIL027C,YKR050W,0,-5.112618,0.10927116125822067,1.0,0.817845344543457
YBR040W,YER112W,0,-5.1169696,0.10925926268100739,1.0,0.8179453611373901
YKL100C,YLR139C,0,-5.1173477,0.1092473566532135,1.0,0.818045437335968
YJL041W,YGL040C,0,-5.1209426,0.10923545807600021,1.0,0.8181454539299011
YKL010C,YCR010C,0,-5.1215115,0.10922356694936752,1.0,0.8182454705238342
YBR175W,YPL172C,0,-5.1230903,0.10921167582273483,1.0,0.8183454871177673
YGR263C,YMR257C,0,-5.1248093,0.10919978469610214,1.0,0.8184455633163452
YOL100W,YMR017W,0,-5.1252027,0.10918789356946945,1.0,0.8185455799102783
YPR184W,YKR050W,0,-5.1265035,0.10917600989341736,1.0,0.8186455965042114
YOR046C,YDL017W,0,-5.126867,0.10916412621736526,1.0,0.8187456130981445
YFL004W,YIL039W,0,-5.1269355,0.10915224999189377,1.0,0.8188456296920776
YPL206C,YHR136C,0,-5.1274524,0.10914036631584167,1.0,0.8189457058906555
YML088W,YDR534C,0,-5.1284556,0.10912849754095078,1.0,0.8190457224845886
YKL100C,YBR231C,0,-5.128616,0.10911662131547928,1.0,0.8191457390785217
YOL067C,YJR025C,0,-5.128677,0.10910475254058838,1.0,0.8192457556724548
YBR092C,YPR070W,0,-5.1289005,0.10909288376569748,1.0,0.8193458318710327
YKL100C,YAL020C,0,-5.129013,0.10908102244138718,1.0,0.8194458484649658
YKL218C,YHR070W,0,-5.129321,0.10906916111707687,1.0,0.8195458650588989
YLR098C,YPL194W,0,-5.13384,0.10905729979276657,1.0,0.819645881652832
YBL075C,YDR118W,0,-5.1339536,0.10904544591903687,1.0,0.8197458982467651
YBL103C,YJR001W,0,-5.1341724,0.10903359204530716,1.0,0.819845974445343
YGL039W,YBR231C,0,-5.136377,0.10902173817157745,1.0,0.8199459910392761
YBR240C,YGR002C,0,-5.1364017,0.10900989174842834,1.0,0.8200460076332092
YMR198W,YBR040W,0,-5.136562,0.10899804532527924,1.0,0.8201460242271423
YIL026C,YPL155C,0,-5.1368275,0.10898619890213013,1.0,0.8202461004257202
YDL114W,YJL164C,0,-5.137671,0.10897435992956161,1.0,0.8203461170196533
YJL052W,YGL059W,0,-5.1378236,0.1089625209569931,1.0,0.8204461336135864
YAR007C,YDR436W,0,-5.139053,0.10895068198442459,1.0,0.8205461502075195
YNL280C,YBR055C,0,-5.139685,0.10893885046243668,1.0,0.8206461668014526
YFL004W,YGL095C,0,-5.1463294,0.10892701894044876,1.0,0.8207462430000305
YBR245C,YDL144C,0,-5.146451,0.10891519486904144,1.0,0.8208462595939636
YDR018C,YDR420W,0,-5.1473923,0.10890336334705353,1.0,0.8209462761878967
YBR058C-A,YER112W,0,-5.147558,0.10889153927564621,1.0,0.8210462927818298
YKL154W,YLR035C-A,0,-5.1496606,0.10887972265481949,1.0,0.8211463689804077
YCR040W,YJR059W,0,-5.150147,0.10886790603399277,1.0,0.8212463855743408
YDR421W,YAL012W,0,-5.151776,0.10885608941316605,1.0,0.8213464021682739
YDR356W,YIL124W,0,-5.152469,0.10884427279233932,1.0,0.821446418762207
YKL178C,YML087C,0,-5.153011,0.1088324636220932,1.0,0.8215464353561401
YLR370C,YHR070W,0,-5.1548347,0.10882065445184708,1.0,0.821646511554718
YEL021W,YGR189C,0,-5.1549907,0.10880885273218155,1.0,0.8217465281486511
YHR172W,YAL020C,0,-5.1551967,0.10879705101251602,1.0,0.8218465447425842
YPL148C,YHR171W,0,-5.155685,0.1087852492928505,1.0,0.8219465613365173
YLR266C,YOR039W,0,-5.1563187,0.10877345502376556,1.0,0.8220466375350952
YOR047C,YDR197W,0,-5.1578736,0.10876165330410004,1.0,0.8221466541290283
YOL156W,YDR251W,0,-5.1583066,0.1087498664855957,1.0,0.8222466707229614
YNR008W,YBR040W,0,-5.1589456,0.10873807221651077,1.0,0.8223466873168945
YBR050C,YGR191W,0,-5.159371,0.10872628539800644,1.0,0.8224467635154724
YER025W,YDR069C,0,-5.160609,0.1087145060300827,1.0,0.8225467801094055
YDR018C,YDR054C,0,-5.1612277,0.10870271921157837,1.0,0.8226467967033386
YOR347C,YGL251C,0,-5.1641912,0.10869093984365463,1.0,0.8227468132972717
YOL152W,YHR161C,0,-5.1649714,0.1086791604757309,1.0,0.8228468298912048
YFR003C,YAL021C,0,-5.1654325,0.10866738855838776,1.0,0.8229469060897827
YMR198W,YPL204W,0,-5.1666617,0.10865561664104462,1.0,0.8230469226837158
YNR043W,YLR221C,0,-5.167448,0.10864384472370148,1.0,0.8231469392776489
YIR002C,YOR228C,0,-5.168232,0.10863208025693893,1.0,0.823246955871582
YJL219W,YDR069C,0,-5.170723,0.10862031579017639,1.0,0.8233470320701599
YMR171C,YPR192W,0,-5.1757,0.10860855132341385,1.0,0.823447048664093
YOR348C,YJR068W,0,-5.1765904,0.1085967943072319,1.0,0.8235470652580261
YJL143W,YDR130C,0,-5.178332,0.10858503729104996,1.0,0.8236470818519592
YMR264W,YNR011C,0,-5.1783943,0.10857328772544861,1.0,0.8237470984458923
YAL034W-A,YLR079W,0,-5.178622,0.10856153070926666,1.0,0.8238471746444702
YOR063W,YLR100W,0,-5.1794267,0.10854978114366531,1.0,0.8239471912384033
YNL046W,YBR122C,0,-5.179665,0.10853803902864456,1.0,0.8240472078323364
YGL249W,YNL151C,0,-5.1798625,0.10852628946304321,1.0,0.8241472244262695
YDR466W,YCR004C,0,-5.1800914,0.10851455479860306,1.0,0.8242473006248474
YBL088C,YCL066W,0,-5.181396,0.1085028126835823,1.0,0.8243473172187805
YGL021W,YER106W,0,-5.1821694,0.10849107801914215,1.0,0.8244473338127136
YBR297W,YGR116W,0,-5.1842628,0.108479343354702,1.0,0.8245473504066467
YDR169C,YMR012W,0,-5.1856,0.10846760869026184,1.0,0.8246473670005798
YGR029W,YOL103W,0,-5.1867537,0.10845588147640228,1.0,0.8247474431991577
YIL084C,YLL035W,0,-5.188121,0.10844415426254272,1.0,0.8248474597930908
YJR013W,YDR363W-A,0,-5.189239,0.10843243449926376,1.0,0.8249474763870239
YLR100W,YKL034W,0,-5.189384,0.1084207147359848,1.0,0.825047492980957
YOR155C,YGR101W,0,-5.1899924,0.10840899497270584,1.0,0.8251475691795349
YGR124W,YPL159C,0,-5.194367,0.10839727520942688,1.0,0.825247585773468
YDR320C-A,YKL179C,0,-5.1946096,0.10838556289672852,1.0,0.8253476023674011
YNR061C,YAL012W,0,-5.1949515,0.10837385058403015,1.0,0.8254476189613342
YML125C,YKR048C,0,-5.196515,0.10836214572191238,1.0,0.8255476355552673
YDR536W,YJL062W,0,-5.1981196,0.10835044085979462,1.0,0.8256477117538452
YMR171C,YGR162W,0,-5.198591,0.10833873599767685,1.0,0.8257477283477783
YGR263C,YOL120C,0,-5.199187,0.10832703113555908,1.0,0.8258477449417114
YFL041W,YOR069W,0,-5.1994386,0.10831533372402191,1.0,0.8259477615356445
YOR381W,YDL146W,0,-5.200797,0.10830363631248474,1.0,0.8260478377342224
YDR424C,YLR207W,0,-5.2008424,0.10829194635152817,1.0,0.8261478543281555
YMR314W,YEL058W,0,-5.202666,0.1082802563905716,1.0,0.8262478709220886
YGR106C,YIL160C,0,-5.204647,0.10826856642961502,1.0,0.8263478875160217
YER051W,YIR023W,0,-5.2053094,0.10825688391923904,1.0,0.8264479637145996
YDR320C-A,YLR100W,0,-5.205886,0.10824519395828247,1.0,0.8265479803085327
YCL061C,YDL144C,0,-5.205898,0.10823351889848709,1.0,0.8266479969024658
YAR007C,YML048W,0,-5.2063365,0.10822183638811111,1.0,0.8267480134963989
YKL042W,YPL103C,0,-5.206501,0.10821016132831573,1.0,0.826848030090332
YHL047C,YGL222C,0,-5.206557,0.10819848626852036,1.0,0.8269481062889099
YDR052C,YGL141W,0,-5.2069564,0.10818681865930557,1.0,0.827048122882843
YHR101C,YOR143C,0,-5.207166,0.10817515105009079,1.0,0.8271481394767761
YMR198W,YKL195W,0,-5.2074513,0.10816348344087601,1.0,0.8272481560707092
YJL108C,YHR036W,0,-5.2090535,0.10815182328224182,1.0,0.8273482322692871
YLR370C,YJL125C,0,-5.210035,0.10814016312360764,1.0,0.8274482488632202
YNL091W,YNL101W,0,-5.2106137,0.10812850296497345,1.0,0.8275482654571533
YER070W,YGR154C,0,-5.2106223,0.10811685025691986,1.0,0.8276482820510864
YIL084C,YHR184W,0,-5.210854,0.10810519754886627,1.0,0.8277482986450195
YHR147C,YEL002C,0,-5.2122035,0.10809354484081268,1.0,0.8278483748435974
YOR278W,YEL050C,0,-5.2125306,0.10808189958333969,1.0,0.8279483914375305
YOR044W,YOR217W,0,-5.212787,0.1080702543258667,1.0,0.8280484080314636
YBR041W,YLR121C,0,-5.2133617,0.10805860906839371,1.0,0.8281484246253967
YBR050C,YOR346W,0,-5.2148423,0.10804697126150131,1.0,0.8282485008239746
YOR155C,YDL080C,0,-5.216159,0.10803532600402832,1.0,0.8283485174179077
YML042W,YBR084W,0,-5.216364,0.10802369564771652,1.0,0.8284485340118408
YPL022W,YML070W,0,-5.216535,0.10801205784082413,1.0,0.8285485506057739
YDL114W,YHR105W,0,-5.2176414,0.10800042748451233,1.0,0.828648567199707
YJR134C,YDR443C,0,-5.2183037,0.10798880457878113,1.0,0.8287486433982849
YKL089W,YHL040C,0,-5.2185464,0.10797717422246933,1.0,0.828848659992218
YDR248C,YNR045W,0,-5.2185874,0.10796555131673813,1.0,0.8289486765861511
YDR313C,YOR092W,0,-5.2187257,0.10795393586158752,1.0,0.8290486931800842
YDL101C,YNL191W,0,-5.22131,0.10794231295585632,1.0,0.8291487693786621
YOR174W,YFR007W,0,-5.221959,0.10793069750070572,1.0,0.8292487859725952
YDL200C,YNR045W,0,-5.2222714,0.10791908949613571,1.0,0.8293488025665283
YER096W,YGL178W,0,-5.2234187,0.10790747404098511,1.0,0.8294488191604614
YLR318W,YDR047W,0,-5.2236614,0.1078958660364151,1.0,0.8295488357543945
YOL105C,YLL050C,0,-5.225351,0.10788426548242569,1.0,0.8296489119529724
YGR104C,YDL095W,0,-5.2287326,0.10787265747785568,1.0,0.8297489285469055
YLR214W,YML015C,0,-5.229151,0.10786105692386627,1.0,0.8298489451408386
YAL023C,YPR054W,0,-5.2296743,0.10784946382045746,1.0,0.8299489617347717
YMR298W,YMR036C,0,-5.2312717,0.10783786326646805,1.0,0.8300490379333496
YGL249W,YKL010C,0,-5.234763,0.10782627761363983,1.0,0.8301490545272827
YOR288C,YHR207C,0,-5.235038,0.10781468451023102,1.0,0.8302490711212158
YJL143W,YLR403W,0,-5.2352347,0.1078030988574028,1.0,0.8303490877151489
YML012W,YPR166C,0,-5.236625,0.10779151320457458,1.0,0.8304491639137268
YDR134C,YOR242C,0,-5.236757,0.10777992755174637,1.0,0.8305491805076599
YBL030C,YOR131C,0,-5.2416406,0.10776834934949875,1.0,0.830649197101593
YLR096W,YGL249W,0,-5.2419963,0.10775677114725113,1.0,0.8307492136955261
YDR456W,YMR282C,0,-5.2424245,0.10774519294500351,1.0,0.8308492302894592
YPL060W,YIL125W,0,-5.2440658,0.10773362219333649,1.0,0.8309493064880371
YJR065C,YNL012W,0,-5.244965,0.10772205144166946,1.0,0.8310493230819702
YMR100W,YBR299W,0,-5.245732,0.10771048069000244,1.0,0.8311493396759033
YDL007W,YPL258C,0,-5.2466016,0.10769891738891602,1.0,0.8312493562698364
YGL003C,YPL214C,0,-5.2474627,0.10768735408782959,1.0,0.8313494324684143
YIL072W,YJL156C,0,-5.2475634,0.10767579078674316,1.0,0.8314494490623474
YML124C,YOR391C,0,-5.2476454,0.10766423493623734,1.0,0.8315494656562805
YDL210W,YDR501W,0,-5.2486653,0.1076526790857315,1.0,0.8316494822502136
YMR016C,YPR081C,0,-5.249535,0.10764112323522568,1.0,0.8317494988441467
YDR022C,YLR306W,0,-5.2499576,0.10762957483530045,1.0,0.8318495750427246
YGR006W,YOR233W,0,-5.254662,0.10761802643537521,1.0,0.8319495916366577
YKL178C,YPL271W,0,-5.255429,0.10760647803544998,1.0,0.8320496082305908
YGR135W,YLR176C,0,-5.2558336,0.10759493708610535,1.0,0.8321496248245239
YDR356W,YNR043W,0,-5.2558746,0.10758339613676071,1.0,0.8322497010231018
YBL103C,YCR098C,0,-5.2575126,0.10757185518741608,1.0,0.8323497176170349
YAL034W-A,YEL021W,0,-5.2605157,0.10756032168865204,1.0,0.832449734210968
YFR041C,YPL154C,0,-5.260981,0.107548788189888,1.0,0.8325497508049011
YBR198C,YIL084C,0,-5.261214,0.10753725469112396,1.0,0.8326497673988342
YMR171C,YCR004C,0,-5.2613845,0.10752572864294052,1.0,0.8327498435974121
YMR004W,YGL227W,0,-5.261931,0.10751420259475708,1.0,0.8328498601913452
YPR118W,YOL157C,0,-5.2621512,0.10750267654657364,1.0,0.8329498767852783
YGL089C,YOR374W,0,-5.2628474,0.1074911579489708,1.0,0.8330498933792114
YLR356W,YJR143C,0,-5.263391,0.10747963935136795,1.0,0.8331499695777893
YLR214W,YPR186C,0,-5.264051,0.1074681207537651,1.0,0.8332499861717224
YKL010C,YDR288W,0,-5.2642827,0.10745660960674286,1.0,0.8333500027656555
YLR086W,YPL281C,0,-5.2669063,0.10744509845972061,1.0,0.8334500193595886
YGR002C,YBR241C,0,-5.2671175,0.10743358731269836,1.0,0.8335500359535217
YFL041W,YHL016C,0,-5.2674346,0.10742208361625671,1.0,0.8336501121520996
YJL097W,YPL159C,0,-5.267652,0.10741057991981506,1.0,0.8337501287460327
YGR223C,YBR198C,0,-5.2696195,0.10739907622337341,1.0,0.8338501453399658
YEL061C,YEL021W,0,-5.2715487,0.10738757997751236,1.0,0.8339501619338989
YCR009C,YLR439W,0,-5.2716565,0.1073760837316513,1.0,0.8340502381324768
YPL074W,YDR003W,0,-5.271834,0.10736458748579025,1.0,0.8341502547264099
YHR046C,YDR322W,0,-5.2722325,0.1073530986905098,1.0,0.834250271320343
YJL219W,YJL019W,0,-5.272529,0.10734160989522934,1.0,0.8343502879142761
YIL004C,YCR098C,0,-5.2748265,0.10733012109994888,1.0,0.834450364112854
YDL114W,YJR029W,0,-5.275972,0.10731863975524902,1.0,0.8345503807067871
YHR044C,YHR186C,0,-5.2805147,0.10730715841054916,1.0,0.8346503973007202
YDL143W,YNL128W,0,-5.2828393,0.1072956770658493,1.0,0.8347504138946533
YFL041W,YOL064C,0,-5.2830615,0.10728420317173004,1.0,0.8348504304885864
YKR058W,YAR044W,0,-5.2852187,0.10727272927761078,1.0,0.8349505066871643
YIR014W,YBR022W,0,-5.2853656,0.10726125538349152,1.0,0.8350505232810974
YGL213C,YGL039W,0,-5.2862315,0.10724978893995285,1.0,0.8351505398750305
YHR028C,YGL253W,0,-5.2870665,0.10723832249641418,1.0,0.8352505564689636
YBR092C,YOL007C,0,-5.2871103,0.10722685605287552,1.0,0.8353506326675415
YNL280C,YMR201C,0,-5.2876353,0.10721538960933685,1.0,0.8354506492614746
YBR296C,YNL098C,0,-5.2938423,0.10720393061637878,1.0,0.8355506658554077
YEL064C,YHR064C,0,-5.293917,0.10719247907400131,1.0,0.8356506824493408
YOL103W,YDR197W,0,-5.2940965,0.10718102008104324,1.0,0.8357506990432739
YDR320C-A,YKR037C,0,-5.2971883,0.10716956853866577,1.0,0.8358507752418518
YDR046C,YMR098C,0,-5.298643,0.1071581169962883,1.0,0.8359507918357849
YGL205W,YMR017W,0,-5.3022323,0.10714667290449142,1.0,0.836050808429718
YJR015W,YGL090W,0,-5.3023973,0.10713522881269455,1.0,0.8361508250236511
YDR479C,YCR094W,0,-5.3024673,0.10712378472089767,1.0,0.836250901222229
YDL138W,YNR007C,0,-5.3027444,0.1071123480796814,1.0,0.8363509178161621
YDR219C,YKL116C,0,-5.303678,0.10710090398788452,1.0,0.8364509344100952
YPL206C,YCL061C,0,-5.3037505,0.10708947479724884,1.0,0.8365509510040283
YJL219W,YJR155W,0,-5.305137,0.10707803815603256,1.0,0.8366509675979614
YHL024W,YAL013W,0,-5.305269,0.10706660896539688,1.0,0.8367510437965393
YJR126C,YDR507C,0,-5.3056893,0.1070551797747612,1.0,0.8368510603904724
YMR198W,YBR299W,0,-5.3060994,0.10704375803470612,1.0,0.8369510769844055
YDR046C,YJL221C,0,-5.3062487,0.10703233629465103,1.0,0.8370510935783386
YNL159C,YCR094W,0,-5.307157,0.10702091455459595,1.0,0.8371511697769165
YGL137W,YNR007C,0,-5.3072686,0.10700949281454086,1.0,0.8372511863708496
YDR050C,YPR096C,0,-5.307601,0.10699807852506638,1.0,0.8373512029647827
YNL077W,YLR079W,0,-5.3078513,0.10698666423559189,1.0,0.8374512195587158
YPL148C,YER147C,0,-5.309068,0.106975257396698,1.0,0.8375512361526489
YLR172C,YGR189C,0,-5.309113,0.10696385055780411,1.0,0.8376513123512268
YNR061C,YLR371W,0,-5.3095927,0.10695244371891022,1.0,0.8377513289451599
YPL269W,YGR075C,0,-5.310011,0.10694103688001633,1.0,0.837851345539093
YGL205W,YDR003W,0,-5.310617,0.10692963749170303,1.0,0.8379513621330261
YML012W,YER140W,0,-5.3145685,0.10691823810338974,1.0,0.838051438331604
YOL138C,YIL070C,0,-5.3149576,0.10690684616565704,1.0,0.8381514549255371
YMR163C,YGR189C,0,-5.316858,0.10689544677734375,1.0,0.8382514715194702
YDR270W,YPL017C,0,-5.317641,0.10688405483961105,1.0,0.8383514881134033
YFL047W,YBR291C,0,-5.3193307,0.10687267035245895,1.0,0.8384515643119812
YOL156W,YPR041W,0,-5.321755,0.10686128586530685,1.0,0.8385515809059143
YFL004W,YCL061C,0,-5.3221903,0.10684990137815475,1.0,0.8386515974998474
YNR070W,YDR520C,0,-5.3249583,0.10683851689100266,1.0,0.8387516140937805
YPR063C,YHR081W,0,-5.3250275,0.10682713985443115,1.0,0.8388516306877136
YMR086W,YOR131C,0,-5.3265114,0.10681576281785965,1.0,0.8389517068862915
YNL291C,YER087C-A,0,-5.3274884,0.10680438578128815,1.0,0.8390517234802246
YER007W,YBL010C,0,-5.3286448,0.10679301619529724,1.0,0.8391517400741577
YOR381W,YLR433C,0,-5.3296247,0.10678164660930634,1.0,0.8392517566680908
YNR007C,YBL023C,0,-5.3297973,0.10677027702331543,1.0,0.8393518328666687
YJR025C,YGR061C,0,-5.330028,0.10675891488790512,1.0,0.8394518494606018
YER048W-A,YEL059C-A,0,-5.3308053,0.10674755275249481,1.0,0.8395518660545349
YOL003C,YGL003C,0,-5.3313446,0.1067361906170845,1.0,0.839651882648468
YKL178C,YPL174C,0,-5.3318477,0.10672483593225479,1.0,0.8397518992424011
YOR175C,YCR010C,0,-5.3320985,0.10671348124742508,1.0,0.839851975440979
YOR240W,YLL001W,0,-5.332544,0.10670212656259537,1.0,0.8399519920349121
YDR465C,YNL146W,0,-5.3334126,0.10669077932834625,1.0,0.8400520086288452
YML012W,YNR001C,0,-5.335128,0.10667943209409714,1.0,0.8401520252227783
YPR036W,YNL289W,0,-5.33534,0.10666808485984802,1.0,0.8402521014213562
YJR013W,YBR058C-A,0,-5.336376,0.1066567450761795,1.0,0.8403521180152893
YOR046C,YIL155C,0,-5.3369555,0.10664539784193039,1.0,0.8404521346092224
YHL019C,YDL099W,0,-5.3371377,0.10663406550884247,1.0,0.8405521512031555
YLR364W,YLR419W,0,-5.3373723,0.10662272572517395,1.0,0.8406521677970886
YIR037W,YIR023W,0,-5.337441,0.10661139339208603,1.0,0.8407522439956665
YLR170C,YPR047W,0,-5.338789,0.10660006105899811,1.0,0.8408522605895996
YHL047C,YOL007C,0,-5.3392396,0.10658873617649078,1.0,0.8409522771835327
YDR248C,YOR014W,0,-5.340663,0.10657741129398346,1.0,0.8410522937774658
YDL210W,YGL136C,0,-5.34153,0.10656608641147614,1.0,0.8411523699760437
YOL100W,YER147C,0,-5.342783,0.10655476152896881,1.0,0.8412523865699768
YJR066W,YKL140W,0,-5.343122,0.10654344409704208,1.0,0.8413524031639099
YGL205W,YPL074W,0,-5.3439336,0.10653212666511536,1.0,0.841452419757843
YDL108W,YJR033C,0,-5.343979,0.10652081668376923,1.0,0.8415524363517761
YPL149W,YPR021C,0,-5.3443723,0.1065095067024231,1.0,0.841652512550354
YBL103C,YPL060W,0,-5.346125,0.10649819672107697,1.0,0.8417525291442871
YJL019W,YML070W,0,-5.347459,0.10648688673973083,1.0,0.8418525457382202
YAL013W,YBR142W,0,-5.348183,0.1064755842089653,1.0,0.8419525623321533
YJR145C,YPL028W,0,-5.3486447,0.10646428167819977,1.0,0.8420526385307312
YMR281W,YCL063W,0,-5.3501763,0.10645297914743423,1.0,0.8421526551246643
YML015C,YMR026C,0,-5.351774,0.1064416840672493,1.0,0.8422526717185974
YBR156C,YDL180W,0,-5.3521137,0.10643038898706436,1.0,0.8423526883125305
YFR041C,YOL007C,0,-5.3527756,0.10641910135746002,1.0,0.8424527645111084
YBR159W,YDL112W,0,-5.3546066,0.10640780627727509,1.0,0.8425527811050415
YGR234W,YCR075C,0,-5.3555202,0.10639651864767075,1.0,0.8426527976989746
YOL138C,YDR376W,0,-5.355601,0.106385238468647,1.0,0.8427528142929077
YHR031C,YMR037C,0,-5.3562036,0.10637395083904266,1.0,0.8428528308868408
YHR172W,YMR224C,0,-5.356521,0.10636267066001892,1.0,0.8429529070854187
YAL012W,YDR054C,0,-5.3569345,0.10635139793157578,1.0,0.8430529236793518
YHR101C,YMR211W,0,-5.3569846,0.10634011775255203,1.0,0.8431529402732849
YPR192W,YOL120C,0,-5.3598895,0.10632884502410889,1.0,0.843252956867218
YLR207W,YJL025W,0,-5.3610024,0.10631757229566574,1.0,0.8433530330657959
YPL194W,YCL063W,0,-5.3616433,0.10630630701780319,1.0,0.843453049659729
YKR058W,YCR094W,0,-5.3619456,0.10629504173994064,1.0,0.8435530662536621
YML018C,YAL044C,0,-5.363288,0.1062837764620781,1.0,0.8436530828475952
YOR288C,YOR233W,0,-5.3652577,0.10627251863479614,1.0,0.8437530994415283
YGR263C,YHR070W,0,-5.3659286,0.1062612533569336,1.0,0.8438531756401062
YDL143W,YJR126C,0,-5.3663077,0.10625000298023224,1.0,0.8439531922340393
YNL086W,YDL099W,0,-5.367738,0.10623874515295029,1.0,0.8440532088279724
YDL115C,YDR443C,0,-5.3685412,0.10622749477624893,1.0,0.8441532254219055
YNL039W,YER044C,0,-5.369106,0.10621624439954758,1.0,0.8442533016204834
YOL105C,YMR184W,0,-5.3693476,0.10620500147342682,1.0,0.8443533182144165
YBR240C,YDR510W,0,-5.3696494,0.10619375109672546,1.0,0.8444533348083496
YNL046W,YDR315C,0,-5.3701234,0.1061825081706047,1.0,0.8445533514022827
YGL021W,YPR047W,0,-5.370132,0.10617127269506454,1.0,0.8446533679962158
YLR304C,YHR023W,0,-5.3705754,0.10616003721952438,1.0,0.8447534441947937
YOR288C,YPL153C,0,-5.372827,0.10614880174398422,1.0,0.8448534607887268
YMR070W,YGR037C,0,-5.373407,0.10613756626844406,1.0,0.8449534773826599
YMR316W,YDL112W,0,-5.3757205,0.1061263382434845,1.0,0.845053493976593
YLR304C,YDR421W,0,-5.3776307,0.10611511021852493,1.0,0.8451535701751709
YFL004W,YKR038C,0,-5.3797946,0.10610388219356537,1.0,0.845253586769104
YPR021C,YGR279C,0,-5.3820114,0.1060926616191864,1.0,0.8453536033630371
YDR128W,YDR003W,0,-5.382239,0.10608144104480743,1.0,0.8454536199569702
YLR418C,YDR247W,0,-5.3842645,0.10607022047042847,1.0,0.8455536365509033
YDL185W,YER164W,0,-5.3848357,0.1060590073466301,1.0,0.8456537127494812
YDR315C,YER184C,0,-5.384968,0.10604778677225113,1.0,0.8457537293434143
YML115C,YPR054W,0,-5.385429,0.10603658109903336,1.0,0.8458537459373474
YJL219W,YFL037W,0,-5.3857694,0.10602536797523499,1.0,0.8459537625312805
YBL103C,YCR004C,0,-5.385819,0.10601416230201721,1.0,0.8460538387298584
YML116W,YPL269W,0,-5.3866935,0.10600295662879944,1.0,0.8461538553237915
YMR264W,YDL164C,0,-5.387481,0.10599175840616226,1.0,0.8462538719177246
YHR184W,YBL061C,0,-5.388362,0.10598056018352509,1.0,0.8463538885116577
YML015C,YOL030W,0,-5.3896346,0.10596936196088791,1.0,0.8464539647102356
YDL101C,YAL003W,0,-5.3899293,0.10595816373825073,1.0,0.8465539813041687
YCR020C,YPL103C,0,-5.3906913,0.10594697296619415,1.0,0.8466539978981018
YDR341C,YML027W,0,-5.391476,0.10593578219413757,1.0,0.8467540144920349
YOR066W,YKL034W,0,-5.393767,0.10592459887266159,1.0,0.846854031085968
YDR126W,YML070W,0,-5.3946433,0.10591340810060501,1.0,0.8469541072845459
YJL219W,YIL124W,0,-5.395648,0.10590222477912903,1.0,0.847054123878479
YBR092C,YJL156C,0,-5.395737,0.10589104890823364,1.0,0.8471541404724121
YPL174C,YOR120W,0,-5.396994,0.10587986558675766,1.0,0.8472541570663452
YDR242W,YNR007C,0,-5.3994546,0.10586868971586227,1.0,0.8473542332649231
YJL048C,YLR343W,0,-5.401218,0.10585752129554749,1.0,0.8474542498588562
YDL043C,YNL115C,0,-5.4027886,0.1058463454246521,1.0,0.8475542664527893
YNL012W,YPL103C,0,-5.403784,0.10583517700433731,1.0,0.8476542830467224
YOR181W,YNL212W,0,-5.4041166,0.10582401603460312,1.0,0.8477542996406555
YER068W,YDR315C,0,-5.4049797,0.10581284761428833,1.0,0.8478543758392334
YEL017C-A,YJL041W,0,-5.4058757,0.10580168664455414,1.0,0.8479543924331665
YHR160C,YKL028W,0,-5.4064255,0.10579052567481995,1.0,0.8480544090270996
YGL223C,YDL056W,0,-5.406553,0.10577937215566635,1.0,0.8481544256210327
YGR292W,YLR106C,0,-5.4070888,0.10576821863651276,1.0,0.8482545018196106
YBR092C,YNL039W,0,-5.4093566,0.10575706511735916,1.0,0.8483545184135437
YOL105C,YHR181W,0,-5.4106994,0.10574591159820557,1.0,0.8484545350074768
YGR035C,YLR433C,0,-5.4111733,0.10573476552963257,1.0,0.8485545516014099
YJR104C,YGL003C,0,-5.411587,0.10572361946105957,1.0,0.848654568195343
YJR001W,YPR019W,0,-5.4147744,0.10571248084306717,1.0,0.8487546443939209
YOL065C,YDR055W,0,-5.41498,0.10570133477449417,1.0,0.848854660987854
YDR318W,YJL101C,0,-5.4157743,0.10569020360708237,1.0,0.8489546775817871
YNL218W,YDL080C,0,-5.415978,0.10567906498908997,1.0,0.8490546941757202
YPR166C,YBL061C,0,-5.416861,0.10566793382167816,1.0,0.8491547703742981
YOR043W,YHR099W,0,-5.4175954,0.10565680265426636,1.0,0.8492547869682312
YMR109W,YER053C,0,-5.418319,0.10564567148685455,1.0,0.8493548035621643
YNL322C,YGR218W,0,-5.421635,0.10563454777002335,1.0,0.8494548201560974
YOR257W,YER044C,0,-5.422498,0.10562342405319214,1.0,0.8495548367500305
YDR117C,YIL155C,0,-5.4233384,0.10561230033636093,1.0,0.8496549129486084
YJR010C-A,YER161C,0,-5.424166,0.10560117661952972,1.0,0.8497549295425415
YEL015W,YFR006W,0,-5.42526,0.10559006035327911,1.0,0.8498549461364746
YDL192W,YCR098C,0,-5.426758,0.1055789440870285,1.0,0.8499549627304077
YDL069C,YCL066W,0,-5.4290004,0.10556783527135849,1.0,0.8500550389289856
YDL114W,YOL071W,0,-5.432032,0.10555672645568848,1.0,0.8501550555229187
YDR456W,YPR122W,0,-5.433002,0.10554561764001846,1.0,0.8502550721168518
YKL088W,YOR288C,0,-5.433289,0.10553450882434845,1.0,0.8503550887107849
YML034W,YDR117C,0,-5.433462,0.10552340745925903,1.0,0.8504551649093628
YBR058C,YLR121C,0,-5.4339604,0.10551230609416962,1.0,0.8505551815032959
YMR139W,YLR045C,0,-5.4341607,0.1055012121796608,1.0,0.850655198097229
YMR088C,YMR080C,0,-5.4348474,0.10549011081457138,1.0,0.8507552146911621
YDL007W,YPR054W,0,-5.4380817,0.10547901690006256,1.0,0.8508552312850952
YMR302C,YLR100W,0,-5.439293,0.10546793043613434,1.0,0.8509553074836731
YNL166C,YLL038C,0,-5.4402766,0.10545683652162552,1.0,0.8510553240776062
YDR387C,YBL082C,0,-5.44048,0.1054457500576973,1.0,0.8511553406715393
YOR278W,YML104C,0,-5.442843,0.10543467104434967,1.0,0.8512553572654724
YBR033W,YLR427W,0,-5.443176,0.10542358458042145,1.0,0.8513554334640503
YKL140W,YJL221C,0,-5.4433775,0.10541250556707382,1.0,0.8514554500579834
YDR069C,YJR155W,0,-5.4439297,0.1054014265537262,1.0,0.8515554666519165
YHL008C,YAR007C,0,-5.4444356,0.10539035499095917,1.0,0.8516554832458496
YIL160C,YAR007C,0,-5.445338,0.10537928342819214,1.0,0.8517554998397827
YBR283C,YDR077W,0,-5.4461427,0.10536821186542511,1.0,0.8518555760383606
YGL222C,YDR402C,0,-5.446341,0.10535714030265808,1.0,0.8519555926322937
YDR228C,YDR534C,0,-5.4463696,0.10534607619047165,1.0,0.8520556092262268
YMR316W,YOR347C,0,-5.4466524,0.10533501207828522,1.0,0.8521556258201599
YHL024W,YNR011C,0,-5.448869,0.10532395541667938,1.0,0.8522557020187378
YER161C,YPR096C,0,-5.449306,0.10531289130449295,1.0,0.8523557186126709
YKL199C,YBR175W,0,-5.450937,0.10530183464288712,1.0,0.852455735206604
YDR456W,YGL009C,0,-5.4510098,0.10529078543186188,1.0,0.8525557518005371
YHL040C,YFL029C,0,-5.451242,0.10527972877025604,1.0,0.8526557683944702
YOL065C,YMR109W,0,-5.451861,0.1052686795592308,1.0,0.8527558445930481
YGL222C,YLR032W,0,-5.4524603,0.10525763779878616,1.0,0.8528558611869812
YBL064C,YLR381W,0,-5.454977,0.10524658858776093,1.0,0.8529558777809143
YNL322C,YNL306W,0,-5.455308,0.10523554682731628,1.0,0.8530558943748474
YLR008C,YDR376W,0,-5.4557786,0.10522450506687164,1.0,0.8531559705734253
YDL231C,YJL048C,0,-5.455832,0.1052134707570076,1.0,0.8532559871673584
YKL140W,YOL140W,0,-5.456368,0.10520243644714355,1.0,0.8533560037612915
YDR297W,YNR007C,0,-5.456473,0.10519140213727951,1.0,0.8534560203552246
YJL165C,YOL031C,0,-5.457022,0.10518036782741547,1.0,0.8535560965538025
YOR181W,YDR060W,0,-5.4578505,0.10516934096813202,1.0,0.8536561131477356
YAL023C,YPL231W,0,-5.4588637,0.10515831410884857,1.0,0.8537561297416687
YDR224C,YIL124W,0,-5.460111,0.10514728724956512,1.0,0.8538561463356018
YDR239C,YOR374W,0,-5.4612617,0.10513626784086227,1.0,0.8539561629295349
YER161C,YBR231C,0,-5.4628844,0.10512524843215942,1.0,0.8540562391281128
YDL138W,YDL060W,0,-5.463984,0.10511422902345657,1.0,0.8541562557220459
YLR385C,YER106W,0,-5.4651346,0.10510321706533432,1.0,0.854256272315979
YJR045C,YPL103C,0,-5.465635,0.10509220510721207,1.0,0.8543562889099121
YIL160C,YBR058C-A,0,-5.4663825,0.10508119314908981,1.0,0.85445636510849
YPL269W,YOL157C,0,-5.4670386,0.10507018864154816,1.0,0.8545563817024231
YNL158W,YOL117W,0,-5.469271,0.1050591841340065,1.0,0.8546563982963562
YJL165C,YEL013W,0,-5.4705625,0.10504817962646484,1.0,0.8547564148902893
YOR373W,YKL042W,0,-5.4725385,0.10503717511892319,1.0,0.8548564314842224
YGR188C,YCL047C,0,-5.474393,0.10502617806196213,1.0,0.8549565076828003
YJL048C,YOR257W,0,-5.4745827,0.10501518100500107,1.0,0.8550565242767334
YOR076C,YLR078C,0,-5.478178,0.10500418394804001,1.0,0.8551565408706665
YBR033W,YLL050C,0,-5.478417,0.10499319434165955,1.0,0.8552565574645996
YML048W,YER112W,0,-5.4789014,0.10498220473527908,1.0,0.8553566336631775
YNL210W,YHR099W,0,-5.479257,0.10497122257947922,1.0,0.8554566502571106
YHL016C,YBR122C,0,-5.4800987,0.10496023297309875,1.0,0.8555566668510437
YDR239C,YNR047W,0,-5.4809675,0.10494925081729889,1.0,0.8556566834449768
YJL108C,YKL034W,0,-5.4822426,0.10493826866149902,1.0,0.8557567000389099
YDR388W,YDR014W,0,-5.4827394,0.10492729395627975,1.0,0.8558567762374878
YBL103C,YHR011W,0,-5.4828153,0.10491631925106049,1.0,0.8559567928314209
YMR017W,YNL135C,0,-5.4832683,0.10490534454584122,1.0,0.856056809425354
YHR215W,YER096W,0,-5.483565,0.10489436984062195,1.0,0.8561568260192871
YJR158W,YBR175W,0,-5.485047,0.10488340258598328,1.0,0.856256902217865
YCR020C,YJL065C,0,-5.486236,0.1048724353313446,1.0,0.8563569188117981
YKL178C,YBR035C,0,-5.4868836,0.10486147552728653,1.0,0.8564569354057312
YML027W,YBL090W,0,-5.4869475,0.10485051572322845,1.0,0.8565569519996643
YER095W,YLR418C,0,-5.4871545,0.10483955591917038,1.0,0.8566569685935974
YAL013W,YHR086W,0,-5.4889784,0.1048285961151123,1.0,0.8567570447921753
YER087C-A,YGL222C,0,-5.491862,0.10481764376163483,1.0,0.8568570613861084
YBR036C,YDL166C,0,-5.4920764,0.10480668395757675,1.0,0.8569570779800415
YDL229W,YDR532C,0,-5.4928584,0.10479573905467987,1.0,0.8570570945739746
YOL133W,YLR097C,0,-5.4944673,0.10478478670120239,1.0,0.8571571707725525
YBL078C,YDR400W,0,-5.4951386,0.10477384179830551,1.0,0.8572571873664856
YGL136C,YAR007C,0,-5.4955535,0.10476289689540863,1.0,0.8573572039604187
YBL030C,YKL179C,0,-5.497569,0.10475195944309235,1.0,0.8574572205543518
YDR018C,YGR101W,0,-5.4977574,0.10474102199077606,1.0,0.8575572967529297
YEL065W,YPL033C,0,-5.497973,0.10473008453845978,1.0,0.8576573133468628
YMR316W,YNR020C,0,-5.4987254,0.1047191470861435,1.0,0.8577573299407959
YFL029C,YOR070C,0,-5.498757,0.1047082170844078,1.0,0.857857346534729
YOR348C,YDR420W,0,-5.4995465,0.10469728708267212,1.0,0.8579573631286621
YKL089W,YKR037C,0,-5.4995522,0.10468635708093643,1.0,0.85805743932724
YNL210W,YHR117W,0,-5.50187,0.10467543452978134,1.0,0.8581574559211731
YMR122W-A,YDR054C,0,-5.5028124,0.10466451197862625,1.0,0.8582574725151062
YMR109W,YLR014C,0,-5.5031343,0.10465358942747116,1.0,0.8583574891090393
YLR134W,YIL111W,0,-5.5042357,0.10464267432689667,1.0,0.8584575653076172
YBR058C-A,YDR298C,0,-5.5046935,0.10463175177574158,1.0,0.8585575819015503
YLL013C,YLR127C,0,-5.5047946,0.10462084412574768,1.0,0.8586575984954834
YOR384W,YLR192C,0,-5.5083838,0.10460992902517319,1.0,0.8587576150894165
YOR374W,YKL017C,0,-5.508489,0.10459902137517929,1.0,0.8588576316833496
YPL121C,YPL060W,0,-5.509749,0.1045881137251854,1.0,0.8589577078819275
YNR061C,YKR009C,0,-5.512028,0.1045772060751915,1.0,0.8590577244758606
YML116W,YKR104W,0,-5.5122848,0.1045663058757782,1.0,0.8591577410697937
YNL166C,YBR213W,0,-5.512571,0.1045554056763649,1.0,0.8592577576637268
YJL044C,YPR184W,0,-5.5147624,0.1045445054769516,1.0,0.8593578338623047
YJR158W,YMR198W,0,-5.515208,0.1045336127281189,1.0,0.8594578504562378
YKL135C,YCR092C,0,-5.515628,0.1045227199792862,1.0,0.8595578670501709
YKL059C,YOR228C,0,-5.51848,0.10451182723045349,1.0,0.859657883644104
YCR004C,YGR234W,0,-5.518721,0.10450093448162079,1.0,0.8597579002380371
YDR358W,YNL158W,0,-5.5195565,0.10449004918336868,1.0,0.859857976436615
YPL281C,YGR189C,0,-5.521859,0.10447916388511658,1.0,0.8599579930305481
YPR166C,YPL017C,0,-5.523355,0.10446828603744507,1.0,0.8600580096244812
YNL311C,YBR159W,0,-5.523584,0.10445740818977356,1.0,0.8601580262184143
YLR172C,YNR047W,0,-5.5256114,0.10444653034210205,1.0,0.8602581024169922
YOL031C,YBR050C,0,-5.5260506,0.10443565249443054,1.0,0.8603581190109253
YCR075C,YNL135C,0,-5.52898,0.10442478209733963,1.0,0.8604581356048584
YIL112W,YHR186C,0,-5.5307627,0.10441390424966812,1.0,0.8605581521987915
YDL210W,YGL120C,0,-5.531857,0.1044030413031578,1.0,0.8606581687927246
YMR036C,YDR313C,0,-5.537893,0.1043921709060669,1.0,0.8607582449913025
YDL007W,YDR486C,0,-5.540339,0.10438130795955658,1.0,0.8608582615852356
YJR075W,YIL113W,0,-5.5421977,0.10437044501304626,1.0,0.8609582781791687
YAL034W-A,YBL022C,0,-5.542931,0.10435958951711655,1.0,0.8610582947731018
YPR063C,YPL202C,0,-5.544399,0.10434873402118683,1.0,0.8611583709716797
YBR156C,YPL155C,0,-5.5473657,0.10433787852525711,1.0,0.8612583875656128
YER091C,YGR272C,0,-5.547913,0.10432702302932739,1.0,0.8613584041595459
YDR056C,YJR155W,0,-5.5483956,0.10431617498397827,1.0,0.861458420753479
YHR184W,YOR014W,0,-5.551211,0.10430532693862915,1.0,0.8615584969520569
YOR373W,YOR322C,0,-5.5528607,0.10429447889328003,1.0,0.86165851354599
YMR289W,YNL012W,0,-5.552903,0.1042836382985115,1.0,0.8617585301399231
YJL062W,YPL033C,0,-5.554275,0.10427279025316238,1.0,0.8618585467338562
YDR107C,YGR071C,0,-5.554383,0.10426195710897446,1.0,0.8619585633277893
YPR108W,YDR103W,0,-5.5552278,0.10425111651420593,1.0,0.8620586395263672
YKL100C,YDR356W,0,-5.556419,0.104240283370018,1.0,0.8621586561203003
YNL159C,YOL100W,0,-5.5569086,0.10422945022583008,1.0,0.8622586727142334
YJR013W,YMR198W,0,-5.5571194,0.10421861708164215,1.0,0.8623586893081665
YDR013W,YKR050W,0,-5.5584636,0.10420779138803482,1.0,0.8624587655067444
YJL101C,YOR217W,0,-5.559187,0.10419696569442749,1.0,0.8625587821006775
YNL311C,YGL128C,0,-5.5605717,0.10418614000082016,1.0,0.8626587986946106
YMR163C,YOR044W,0,-5.560724,0.10417532175779343,1.0,0.8627588152885437
YER133W,YKL010C,0,-5.5630956,0.1041645035147667,1.0,0.8628588318824768
YBL078C,YER044C,0,-5.563235,0.10415368527173996,1.0,0.8629589080810547
YLR045C,YBR297W,0,-5.5651374,0.10414287447929382,1.0,0.8630589246749878
YLL013C,YMR016C,0,-5.5652504,0.10413205623626709,1.0,0.8631589412689209
YER025W,YHR160C,0,-5.5654407,0.10412125289440155,1.0,0.863258957862854
YHL044W,YDR228C,0,-5.5656066,0.10411044210195541,1.0,0.8633590340614319
YER027C,YLR120C,0,-5.5661397,0.10409963876008987,1.0,0.863459050655365
YOR278W,YOR120W,0,-5.5661426,0.10408883541822433,1.0,0.8635590672492981
YBL060W,YLR371W,0,-5.5662556,0.1040780320763588,1.0,0.8636590838432312
YCR020C,YML115C,0,-5.567887,0.10406723618507385,1.0,0.8637591004371643
YJL198W,YBR273C,0,-5.5720434,0.10405644029378891,1.0,0.8638591766357422
YMR211W,YHL032C,0,-5.5726204,0.10404564440250397,1.0,0.8639591932296753
YHR172W,YER082C,0,-5.5731134,0.10403484851121902,1.0,0.8640592098236084
YDL210W,YHL008C,0,-5.5735407,0.10402406007051468,1.0,0.8641592264175415
YPL121C,YPL195W,0,-5.573806,0.10401327162981033,1.0,0.8642593026161194
YHL008C,YCR094W,0,-5.575089,0.10400249063968658,1.0,0.8643593192100525
YDR247W,YLR265C,0,-5.5751586,0.10399170219898224,1.0,0.8644593358039856
YOL030W,YOR347C,0,-5.5753903,0.10398092120885849,1.0,0.8645593523979187
YMR088C,YMR311C,0,-5.5770817,0.10397014766931534,1.0,0.8646593689918518
YBR273C,YLR120C,0,-5.577583,0.10395936667919159,1.0,0.8647594451904297
YMR298W,YDL017W,0,-5.5786157,0.10394859313964844,1.0,0.8648594617843628
YEL059C-A,YHR086W,0,-5.579548,0.10393782705068588,1.0,0.8649594783782959
YHR153C,YKR061W,0,-5.579649,0.10392705351114273,1.0,0.865059494972229
YER140W,YJR065C,0,-5.5809045,0.10391628742218018,1.0,0.8651595711708069
YJR015W,YIL093C,0,-5.5822434,0.10390552133321762,1.0,0.86525958776474
YHL047C,YJL221C,0,-5.5824256,0.10389475524425507,1.0,0.8653596043586731
YPL154C,YPR122W,0,-5.5824986,0.10388399660587311,1.0,0.8654596209526062
YGL223C,YDR248C,0,-5.582714,0.10387323796749115,1.0,0.8655596971511841
YNL322C,YOL109W,0,-5.583527,0.10386248677968979,1.0,0.8656597137451172
YJL019W,YGR008C,0,-5.5838685,0.10385172814130783,1.0,0.8657597303390503
YDL204W,YMR017W,0,-5.584164,0.10384097695350647,1.0,0.8658597469329834
YBR097W,YJR126C,0,-5.5860906,0.10383022576570511,1.0,0.8659597635269165
YKL059C,YDL095W,0,-5.5862117,0.10381948202848434,1.0,0.8660598397254944
YJL080C,YDL180W,0,-5.5862813,0.10380873829126358,1.0,0.8661598563194275
YER007W,YNL098C,0,-5.5873456,0.10379799455404282,1.0,0.8662598729133606
YOL031C,YLR318W,0,-5.587477,0.10378725081682205,1.0,0.8663598895072937
YLR371W,YLL038C,0,-5.588901,0.10377651453018188,1.0,0.8664599657058716
YMR037C,YOR211C,0,-5.58958,0.10376577824354172,1.0,0.8665599822998047
YER051W,YJL101C,0,-5.590245,0.10375504195690155,1.0,0.8666599988937378
YKL173W,YIL155C,0,-5.590346,0.10374431312084198,1.0,0.8667600154876709
YMR130W,YIL039W,0,-5.5924163,0.10373358428478241,1.0,0.866860032081604
YJR121W,YDR003W,0,-5.5929894,0.10372285544872284,1.0,0.8669601082801819
YJL221C,YOR322C,0,-5.5964403,0.10371212661266327,1.0,0.867060124874115
YPR063C,YML005W,0,-5.597804,0.1037014052271843,1.0,0.8671601414680481
YJR065C,YMR165C,0,-5.6020455,0.10369068384170532,1.0,0.8672601580619812
YNR020C,YDR326C,0,-5.6031156,0.10367996990680695,1.0,0.8673602342605591
YPR178W,YGR002C,0,-5.603349,0.10366924852132797,1.0,0.8674602508544922
YER112W,YPL095C,0,-5.604963,0.1036585345864296,1.0,0.8675602674484253
YAL034W-A,YBR185C,0,-5.6067033,0.10364782810211182,1.0,0.8676602840423584
YDR379W,YJL102W,0,-5.608409,0.10363711416721344,1.0,0.8677603006362915
YDL007W,YOL080C,0,-5.608805,0.10362640768289566,1.0,0.8678603768348694
YML104C,YOR386W,0,-5.6090207,0.10361570119857788,1.0,0.8679603934288025
YMR306W,YOL005C,0,-5.6107144,0.1036050021648407,1.0,0.8680604100227356
YOL105C,YLL022C,0,-5.6107173,0.10359429568052292,1.0,0.8681604266166687
YCR081W,YHR086W,0,-5.610769,0.10358359664678574,1.0,0.8682605028152466
YGR292W,YDL109C,0,-5.6119933,0.10357290506362915,1.0,0.8683605194091797
YOR175C,YML077W,0,-5.6137223,0.10356220602989197,1.0,0.8684605360031128
YIL090W,YDR376W,0,-5.6139703,0.10355151444673538,1.0,0.8685605525970459
YER184C,YBL090W,0,-5.6139793,0.1035408303141594,1.0,0.868660569190979
YNR020C,YHR017W,0,-5.614104,0.10353013873100281,1.0,0.8687606453895569
YJR025C,YDR520C,0,-5.614372,0.10351945459842682,1.0,0.86886066198349
YER036C,YPL177C,0,-5.615603,0.10350877046585083,1.0,0.8689606785774231
YPL148C,YJR110W,0,-5.6159024,0.10349809378385544,1.0,0.8690606951713562
YHR160C,YGR054W,0,-5.616752,0.10348740965127945,1.0,0.8691607713699341
YOR381W,YHR207C,0,-5.619132,0.10347673296928406,1.0,0.8692607879638672
YKL089W,YPL153C,0,-5.622762,0.10346606373786926,1.0,0.8693608045578003
YCR028C,YJL101C,0,-5.624465,0.10345538705587387,1.0,0.8694608211517334
YJR066W,YOL031C,0,-5.6254478,0.10344471782445908,1.0,0.8695608973503113
YOR066W,YPR042C,0,-5.6254687,0.10343404859304428,1.0,0.8696609139442444
YAR019C,YPR192W,0,-5.6266675,0.10342338681221008,1.0,0.8697609305381775
YML015C,YOL007C,0,-5.628307,0.10341272503137589,1.0,0.8698609471321106
YLR100W,YPR081C,0,-5.628649,0.10340206325054169,1.0,0.8699609637260437
YGL205W,YAL058W,0,-5.6291146,0.10339140146970749,1.0,0.8700610399246216
YDR033W,YMR307W,0,-5.632218,0.10338074713945389,1.0,0.8701610565185547
YCL061C,YER044C,0,-5.6341596,0.10337009280920029,1.0,0.8702610731124878
YPL269W,YDR086C,0,-5.639877,0.10335943847894669,1.0,0.8703610897064209
YPR063C,YGR026W,0,-5.6399603,0.10334879159927368,1.0,0.8704611659049988
YMR139W,YEL021W,0,-5.6411514,0.10333814471960068,1.0,0.8705611824989319
YDR134C,YGL003C,0,-5.642733,0.10332749783992767,1.0,0.870661199092865
YHR017W,YCR075C,0,-5.644481,0.10331685096025467,1.0,0.8707612156867981
YJR158W,YNR007C,0,-5.6450367,0.10330621153116226,1.0,0.8708612322807312
YHR036W,YLR078C,0,-5.645122,0.10329557210206985,1.0,0.8709613084793091
YOL030W,YBR164C,0,-5.646974,0.10328493267297745,1.0,0.8710613250732422
YLR188W,YDR534C,0,-5.649054,0.10327430069446564,1.0,0.8711613416671753
YDR420W,YGR286C,0,-5.6494784,0.10326366871595383,1.0,0.8712613582611084
YPR054W,YOR211C,0,-5.649868,0.10325303673744202,1.0,0.8713614344596863
YLR096W,YAR018C,0,-5.6508174,0.1032424122095108,1.0,0.8714614510536194
YOL031C,YNL136W,0,-5.6513987,0.10323178023099899,1.0,0.8715614676475525
YDR242W,YGR035C,0,-5.6532283,0.10322115570306778,1.0,0.8716614842414856
YDR358W,YBR291C,0,-5.6538463,0.10321053862571716,1.0,0.8717615008354187
YBR041W,YIL112W,0,-5.656321,0.10319991409778595,1.0,0.8718615770339966
YBL030C,YBR164C,0,-5.6564364,0.10318929702043533,1.0,0.8719615936279297
YJR158W,YKL108W,0,-5.6569076,0.10317868739366531,1.0,0.8720616102218628
YMR171C,YMR127C,0,-5.656941,0.1031680703163147,1.0,0.8721616268157959
YNR008W,YGR223C,0,-5.6572404,0.10315746068954468,1.0,0.8722617030143738
YOL030W,YPL155C,0,-5.6580462,0.10314685106277466,1.0,0.8723617196083069
YJL106W,YLR318W,0,-5.659445,0.10313624888658524,1.0,0.87246173620224
YHR046C,YML095C,0,-5.6606927,0.10312563925981522,1.0,0.8725617527961731
YDR126W,YOR217W,0,-5.660818,0.1031150370836258,1.0,0.8726617693901062
YJR104C,YOR036W,0,-5.661552,0.10310444235801697,1.0,0.8727618455886841
YLR396C,YPL019C,0,-5.662389,0.10309384018182755,1.0,0.8728618621826172
YLR446W,YPR042C,0,-5.6639867,0.10308324545621872,1.0,0.8729618787765503
YJL097W,YMR004W,0,-5.6644025,0.1030726507306099,1.0,0.8730618953704834
YBR240C,YHR023W,0,-5.664696,0.10306206345558167,1.0,0.8731619715690613
YGL205W,YHL019C,0,-5.6651483,0.10305147618055344,1.0,0.8732619881629944
YDR424C,YDR533C,0,-5.66756,0.10304088890552521,1.0,0.8733620047569275
YCR096C,YLR207W,0,-5.667853,0.10303030163049698,1.0,0.8734620213508606
YOL031C,YLR286C,0,-5.669062,0.10301972180604935,1.0,0.8735620975494385
YDR315C,YPL155C,0,-5.6690793,0.10300914198160172,1.0,0.8736621141433716
YGL173C,YJR013W,0,-5.66923,0.10299856215715408,1.0,0.8737621307373047
YCR020C,YIL145C,0,-5.6695766,0.10298798978328705,1.0,0.8738621473312378
YMR297W,YBR087W,0,-5.670281,0.10297740995883942,1.0,0.8739621639251709
YDL095W,YOR211C,0,-5.67361,0.10296683758497238,1.0,0.8740622401237488
YDR495C,YDR320C,0,-5.674394,0.10295627266168594,1.0,0.8741622567176819
YHR172W,YDR320C-A,0,-5.6761756,0.1029457077383995,1.0,0.874262273311615
YDL164C,YPL017C,0,-5.676536,0.10293514281511307,1.0,0.8743622899055481
YDR320C-A,YHR017W,0,-5.6777163,0.10292457789182663,1.0,0.874462366104126
YCR020C,YIR006C,0,-5.6798253,0.10291401296854019,1.0,0.8745623826980591
YJL072C,YKL034W,0,-5.680985,0.10290345549583435,1.0,0.8746623992919922
YJL106W,YIL112W,0,-5.681044,0.10289289802312851,1.0,0.8747624158859253
YOR120W,YLR099C,0,-5.682433,0.10288234800100327,1.0,0.8748624324798584
YCR094W,YNL101W,0,-5.6828923,0.10287179797887802,1.0,0.8749625086784363
YJL198W,YNL242W,0,-5.6843925,0.10286124795675278,1.0,0.8750625252723694
YJR001W,YPL258C,0,-5.6857285,0.10285069793462753,1.0,0.8751625418663025
YJL153C,YBR160W,0,-5.6864324,0.10284015536308289,1.0,0.8752625584602356
YDR022C,YDR224C,0,-5.686753,0.10282960534095764,1.0,0.8753626346588135
YLR396C,YJR065C,0,-5.688998,0.10281907021999359,1.0,0.8754626512527466
YLR433C,YPR096C,0,-5.691156,0.10280852764844894,1.0,0.8755626678466797
YGR026W,YHR140W,0,-5.691626,0.1027979925274849,1.0,0.8756626844406128
YJL219W,YBR231C,0,-5.6919494,0.10278745740652084,1.0,0.8757627010345459
YLR304C,YDR313C,0,-5.692082,0.1027769222855568,1.0,0.8758627772331238
YER120W,YMR004W,0,-5.6921124,0.10276639461517334,1.0,0.8759627938270569
YJR010C-A,YJR045C,0,-5.693957,0.10275586694478989,1.0,0.87606281042099
YOL065C,YGL178W,0,-5.6948056,0.10274533927440643,1.0,0.8761628270149231
YMR139W,YBR087W,0,-5.694896,0.10273481160402298,1.0,0.876262903213501
YDR436W,YCR010C,0,-5.696067,0.10272429138422012,1.0,0.8763629198074341
YOR391C,YKL116C,0,-5.696361,0.10271377116441727,1.0,0.8764629364013672
YFL004W,YML074C,0,-5.6976,0.10270325839519501,1.0,0.8765629529953003
YPR036W,YHR013C,0,-5.7005625,0.10269273817539215,1.0,0.8766629695892334
YNL291C,YMR302C,0,-5.70132,0.10268222540616989,1.0,0.8767630457878113
YLR370C,YMR012W,0,-5.7043805,0.10267172008752823,1.0,0.8768630623817444
YKL100C,YNR050C,0,-5.7052336,0.10266120731830597,1.0,0.8769630789756775
YEL017C-A,YLR438C-A,0,-5.7060523,0.1026507019996643,1.0,0.8770630955696106
YNL046W,YDR121W,0,-5.7064834,0.10264019668102264,1.0,0.8771631717681885
YMR016C,YEL013W,0,-5.706723,0.10262969136238098,1.0,0.8772631883621216
YBL088C,YDL146W,0,-5.708131,0.10261919349431992,1.0,0.8773632049560547
YJL072C,YDR251W,0,-5.7081847,0.10260869562625885,1.0,0.8774632215499878
YDR313C,YGL084C,0,-5.7097325,0.10259819775819778,1.0,0.8775632977485657
YKL088W,YLL001W,0,-5.711708,0.10258770734071732,1.0,0.8776633143424988
YJR104C,YFR037C,0,-5.7119823,0.10257721692323685,1.0,0.8777633309364319
YDL129W,YHR116W,0,-5.7128577,0.10256672650575638,1.0,0.877863347530365
YOL100W,YMR098C,0,-5.7145123,0.10255623608827591,1.0,0.8779633641242981
YJR025C,YNL339C,0,-5.7213264,0.10254575312137604,1.0,0.878063440322876
YDR297W,YMR022W,0,-5.723211,0.10253527015447617,1.0,0.8781634569168091
YLL013C,YGL161C,0,-5.7237754,0.1025247871875763,1.0,0.8782634735107422
YJL108C,YDR118W,0,-5.724603,0.10251431167125702,1.0,0.8783634901046753
YMR281W,YDR503C,0,-5.7267423,0.10250382870435715,1.0,0.8784635663032532
YER045C,YNL289W,0,-5.726829,0.10249336063861847,1.0,0.8785635828971863
YHR023W,YPR070W,0,-5.7273736,0.1024828851222992,1.0,0.8786635994911194
YER036C,YNL325C,0,-5.7288604,0.10247241705656052,1.0,0.8787636160850525
YML085C,YPL059W,0,-5.731151,0.10246194899082184,1.0,0.8788636326789856
YKR059W,YNR047W,0,-5.732182,0.10245148092508316,1.0,0.8789637088775635
YFL004W,YOR057W,0,-5.7323165,0.10244102030992508,1.0,0.8790637254714966
YHR044C,YNL101W,0,-5.7323203,0.1024305522441864,1.0,0.8791637420654297
YKL140W,YPR073C,0,-5.7350388,0.10242009907960892,1.0,0.8792637586593628
YDR420W,YNL015W,0,-5.7352757,0.10240963846445084,1.0,0.8793638348579407
YDR118W,YDL180W,0,-5.735291,0.10239918529987335,1.0,0.8794638514518738
YIL074C,YHL036W,0,-5.735994,0.10238873213529587,1.0,0.8795638680458069
YDL069C,YKR058W,0,-5.7379575,0.10237827897071838,1.0,0.87966388463974
YMR312W,YNL325C,0,-5.742518,0.1023678332567215,1.0,0.8797639012336731
YDR248C,YBL037W,0,-5.744071,0.10235738009214401,1.0,0.879863977432251
YDR118W,YDR380W,0,-5.744901,0.10234694182872772,1.0,0.8799639940261841
YGL089C,YOR240W,0,-5.746878,0.10233649611473083,1.0,0.8800640106201172
YOR347C,YDR103W,0,-5.748017,0.10232605785131454,1.0,0.8801640272140503
YGR035C,YEL058W,0,-5.748129,0.10231561958789825,1.0,0.8802641034126282
YJR065C,YAR018C,0,-5.748814,0.10230518132448196,1.0,0.8803641200065613
YDL185W,YBR030W,0,-5.749306,0.10229475051164627,1.0,0.8804641366004944
YOR155C,YER036C,0,-5.7494903,0.10228431224822998,1.0,0.8805641531944275
YOR257W,YOR347C,0,-5.751246,0.10227388888597488,1.0,0.8806641697883606
YIR006C,YMR071C,0,-5.751336,0.10226345807313919,1.0,0.8807642459869385
YML027W,YFR008W,0,-5.755576,0.1022530347108841,1.0,0.8808642625808716
YDR481C,YPL017C,0,-5.756713,0.102242611348629,1.0,0.8809642791748047
YIL078W,YIL084C,0,-5.7638903,0.1022321879863739,1.0,0.8810642957687378
YNL128W,YBL101W-A,0,-5.765104,0.1022217720746994,1.0,0.8811643719673157
YPL206C,YBR040W,0,-5.765538,0.1022113487124443,1.0,0.8812643885612488
YCR075C,YMR311C,0,-5.765818,0.1022009402513504,1.0,0.8813644051551819
YJL219W,YDR251W,0,-5.765881,0.1021905243396759,1.0,0.881464421749115
YGL249W,YBL022C,0,-5.766299,0.102180115878582,1.0,0.8815644979476929
YDR481C,YPL060W,0,-5.7667646,0.1021697074174881,1.0,0.881664514541626
YLR040C,YDR524C,0,-5.7670302,0.1021592989563942,1.0,0.8817645311355591
YBR058C-A,YBL010C,0,-5.7699943,0.10214889794588089,1.0,0.8818645477294922
YBR012W-B,YMR071C,0,-5.7708597,0.10213848948478699,1.0,0.8819645643234253
YOL031C,YGR223C,0,-5.7718797,0.10212809592485428,1.0,0.8820646405220032
YGL251C,YGL059W,0,-5.773094,0.10211769491434097,1.0,0.8821646571159363
YDR388W,YBL090W,0,-5.7751055,0.10210730135440826,1.0,0.8822646737098694
YOL157C,YKL021C,0,-5.7758393,0.10209690779447556,1.0,0.8823646903038025
YGL185C,YJL056C,0,-5.7760577,0.10208651423454285,1.0,0.8824647665023804
YDR107C,YMR311C,0,-5.7762794,0.10207612812519073,1.0,0.8825647830963135
YMR287C,YIL113W,0,-5.777781,0.10206573456525803,1.0,0.8826647996902466
YPL017C,YGR262C,0,-5.778993,0.10205534845590591,1.0,0.8827648162841797
YDR466W,YGL157W,0,-5.7808394,0.1020449697971344,1.0,0.8828648328781128
YOR381W,YLR172C,0,-5.7817597,0.10203459113836288,1.0,0.8829649090766907
YGL161C,YHR181W,0,-5.7823024,0.10202421247959137,1.0,0.8830649256706238
YMR290C,YHR105W,0,-5.7857485,0.10201383382081985,1.0,0.8831649422645569
YMR094W,YPL017C,0,-5.78738,0.10200345516204834,1.0,0.88326495885849
YLR098C,YJL073W,0,-5.7879586,0.10199308395385742,1.0,0.8833650350570679
YOR175C,YOL007C,0,-5.791038,0.1019827127456665,1.0,0.883465051651001
YMR184W,YJL133W,0,-5.791096,0.10197234898805618,1.0,0.8835650682449341
YBL060W,YAR018C,0,-5.792176,0.10196197777986526,1.0,0.8836650848388672
YDR388W,YOL056W,0,-5.792357,0.10195161402225494,1.0,0.8837651014328003
YGR054W,YBR241C,0,-5.7925353,0.10194125771522522,1.0,0.8838651776313782
YGL173C,YJR121W,0,-5.792577,0.1019308939576149,1.0,0.8839651942253113
YJL221C,YJR143C,0,-5.7926435,0.10192053765058517,1.0,0.8840652108192444
YEL038W,YNL242W,0,-5.792842,0.10191018134355545,1.0,0.8841652274131775
YHR172W,YJR010C-A,0,-5.793609,0.10189982503652573,1.0,0.8842653036117554
YHR147C,YDR088C,0,-5.79372,0.1018894761800766,1.0,0.8843653202056885
YDR424C,YGL222C,0,-5.796784,0.10187912732362747,1.0,0.8844653367996216
YDR523C,YER053C,0,-5.7994704,0.10186877846717834,1.0,0.8845653533935547
YER114C,YLR201C,0,-5.7999353,0.10185843706130981,1.0,0.8846653699874878
YFR008W,YMR163C,0,-5.8011937,0.10184808820486069,1.0,0.8847654461860657
YPL144W,YPR122W,0,-5.80187,0.10183774679899216,1.0,0.8848654627799988
YMR264W,YDL082W,0,-5.8025737,0.10182741284370422,1.0,0.8849654793739319
YDR356W,YPR054W,0,-5.803237,0.1018170714378357,1.0,0.885065495967865
YLR446W,YMR223W,0,-5.8042884,0.10180673748254776,1.0,0.8851655721664429
YKL088W,YBR159W,0,-5.8056207,0.10179640352725983,1.0,0.885265588760376
YOR373W,YBR058C-A,0,-5.8064103,0.10178607702255249,1.0,0.8853656053543091
YOR076C,YPL202C,0,-5.806871,0.10177575051784515,1.0,0.8854656219482422
YPR048W,YOR384W,0,-5.8072248,0.10176542401313782,1.0,0.8855656981468201
YPL206C,YOR014W,0,-5.8073363,0.10175509750843048,1.0,0.8856657147407532
YBR273C,YER106W,0,-5.807773,0.10174477845430374,1.0,0.8857657313346863
YEL016C,YIR015W,0,-5.8079376,0.101734459400177,1.0,0.8858657479286194
YDR536W,YCR081W,0,-5.8092885,0.10172414034605026,1.0,0.8859657645225525
YJL164C,YHR023W,0,-5.81098,0.10171382129192352,1.0,0.8860658407211304
YBR267W,YLR446W,0,-5.812538,0.10170350968837738,1.0,0.8861658573150635
YJL221C,YOR070C,0,-5.8127837,0.10169319808483124,1.0,0.8862658739089966
YIL034C,YKR009C,0,-5.8137116,0.1016828864812851,1.0,0.8863658905029297
YHR092C,YLR201C,0,-5.8158536,0.10167258232831955,1.0,0.8864659667015076
YLR096W,YOR211C,0,-5.8173914,0.101662278175354,1.0,0.8865659832954407
YJR065C,YIR017C,0,-5.8207374,0.10165197402238846,1.0,0.8866659998893738
YGR223C,YLR403W,0,-5.82258,0.10164166986942291,1.0,0.8867660164833069
YOR066W,YIL155C,0,-5.826096,0.10163137316703796,1.0,0.88686603307724
YDL085W,YHR181W,0,-5.8264747,0.10162107646465302,1.0,0.8869661092758179
YLR238W,YBR241C,0,-5.829672,0.10161077976226807,1.0,0.887066125869751
YGR037C,YHR064C,0,-5.830136,0.10160048305988312,1.0,0.8871661424636841
YIL124W,YGR014W,0,-5.8303847,0.10159019380807877,1.0,0.8872661590576172
YER088C,YLR381W,0,-5.8313537,0.10157990455627441,1.0,0.8873662352561951
YDL006W,YHR171W,0,-5.831571,0.10156962275505066,1.0,0.8874662518501282
YAL034W-A,YOR211C,0,-5.8326287,0.10155933350324631,1.0,0.8875662684440613
YPL121C,YKR104W,0,-5.8330526,0.10154905170202255,1.0,0.8876662850379944
YIR014W,YPR016C,0,-5.833203,0.1015387699007988,1.0,0.8877663016319275
YER120W,YDR096W,0,-5.835116,0.10152849555015564,1.0,0.8878663778305054
YJR158W,YHR086W,0,-5.8364463,0.10151822119951248,1.0,0.8879663944244385
YHR027C,YGL222C,0,-5.839286,0.10150794684886932,1.0,0.8880664110183716
YKL135C,YMR289W,0,-5.839845,0.10149767249822617,1.0,0.8881664276123047
YNL325C,YPR122W,0,-5.840026,0.1014874055981636,1.0,0.8882665038108826
YGL089C,YOR288C,0,-5.8402,0.10147713124752045,1.0,0.8883665204048157
YDL204W,YAL034W-A,0,-5.840661,0.10146687179803848,1.0,0.8884665369987488
YPL148C,YOR131C,0,-5.841307,0.10145660489797592,1.0,0.8885665535926819
YML113W,YDR247W,0,-5.841446,0.10144634544849396,1.0,0.888666570186615
YMR086W,YDR055W,0,-5.8414845,0.101436085999012,1.0,0.8887666463851929
YDR388W,YNL268W,0,-5.84427,0.10142582654953003,1.0,0.888866662979126
YMR264W,YNL339C,0,-5.844999,0.10141557455062866,1.0,0.8889666795730591
YHR172W,YOR043W,0,-5.8467727,0.1014053151011467,1.0,0.8890666961669922
YJR104C,YDR093W,0,-5.8508534,0.10139506310224533,1.0,0.8891667723655701
YNL001W,YDL114W,0,-5.8512025,0.10138481855392456,1.0,0.8892667889595032
YDR038C,YDR177W,0,-5.851607,0.10137457400560379,1.0,0.8893668055534363
YHL044W,YOL072W,0,-5.8533125,0.10136432200670242,1.0,0.8894668221473694
YPL195W,YOL064C,0,-5.853587,0.10135408490896225,1.0,0.8895668983459473
YGL157W,YLR176C,0,-5.854062,0.10134384036064148,1.0,0.8896669149398804
YDL114W,YHR067W,0,-5.857206,0.1013336032629013,1.0,0.8897669315338135
YHR086W,YER180C,0,-5.8595977,0.10132336616516113,1.0,0.8898669481277466
YOR278W,YMR100W,0,-5.8605676,0.10131312906742096,1.0,0.8899669647216797
YDR531W,YAR007C,0,-5.860837,0.10130289942026138,1.0,0.8900670409202576
YIL145C,YPL258C,0,-5.861893,0.1012926697731018,1.0,0.8901670575141907
YJR010C-A,YNL217W,0,-5.862304,0.10128244012594223,1.0,0.8902670741081238
YNL128W,YMR023C,0,-5.862796,0.10127221047878265,1.0,0.8903670907020569
YDL114W,YJL008C,0,-5.8686347,0.10126198828220367,1.0,0.8904671669006348
YOR356W,YGR218W,0,-5.868944,0.1012517660856247,1.0,0.8905671834945679
YML104C,YIR037W,0,-5.870656,0.10124154388904572,1.0,0.890667200088501
YOL031C,YHR086W,0,-5.8716636,0.10123132914304733,1.0,0.8907672166824341
YLR127C,YDR096W,0,-5.8717484,0.10122111439704895,1.0,0.8908672332763672
YOR181W,YOL100W,0,-5.8720765,0.10121089965105057,1.0,0.8909673094749451
YIL160C,YER164W,0,-5.8722515,0.10120068490505219,1.0,0.8910673260688782
YFR003C,YBR291C,0,-5.87248,0.1011904776096344,1.0,0.8911673426628113
YNL293W,YBR213W,0,-5.8728347,0.10118027031421661,1.0,0.8912673592567444
YJR110W,YKL178C,0,-5.8731685,0.10117006301879883,1.0,0.8913674354553223
YNL280C,YDR420W,0,-5.873839,0.10115985572338104,1.0,0.8914674520492554
YIL150C,YJL101C,0,-5.8755717,0.10114965587854385,1.0,0.8915674686431885
YOL138C,YDR130C,0,-5.877594,0.10113945603370667,1.0,0.8916674852371216
YDR402C,YDL112W,0,-5.8790393,0.10112926363945007,1.0,0.8917675018310547
YHL008C,YGL039W,0,-5.883092,0.10111906379461288,1.0,0.8918675780296326
YDR388W,YDR447C,0,-5.884412,0.10110887140035629,1.0,0.8919675946235657
YPL177C,YOL156W,0,-5.8851647,0.1010986790060997,1.0,0.8920676112174988
YER140W,YNR061C,0,-5.8885345,0.10108848661184311,1.0,0.8921676278114319
YFR008W,YOR346W,0,-5.8890233,0.10107830166816711,1.0,0.8922677040100098
YLR134W,YMR165C,0,-5.8892484,0.10106811672449112,1.0,0.8923677206039429
YPR028W,YMR224C,0,-5.8905473,0.10105793178081512,1.0,0.892467737197876
YMR043W,YOR228C,0,-5.891278,0.10104775428771973,1.0,0.8925677537918091
YML060W,YNL101W,0,-5.8915653,0.10103757679462433,1.0,0.892667829990387
YBR289W,YHL036W,0,-5.8936057,0.10102739930152893,1.0,0.8927678465843201
YJL019W,YMR303C,0,-5.8946304,0.10101722180843353,1.0,0.8928678631782532
YOL103W,YLL050C,0,-5.894707,0.10100705176591873,1.0,0.8929678797721863
YJL156C,YOR242C,0,-5.895251,0.10099688172340393,1.0,0.8930678963661194
YDR501W,YDR298C,0,-5.896727,0.10098671168088913,1.0,0.8931679725646973
YOR036W,YGR075C,0,-5.8977923,0.10097654163837433,1.0,0.8932679891586304
YDL109C,YGR279C,0,-5.898846,0.10096637904644012,1.0,0.8933680057525635
YJR121W,YJL221C,0,-5.899256,0.10095621645450592,1.0,0.8934680223464966
YDL204W,YHR067W,0,-5.900464,0.10094605386257172,1.0,0.8935680985450745
YDR532C,YDR018C,0,-5.900968,0.10093589872121811,1.0,0.8936681151390076
YML054C,YMR109W,0,-5.9013147,0.1009257361292839,1.0,0.8937681317329407
YNL280C,YNR008W,0,-5.9016156,0.1009155884385109,1.0,0.8938681483268738
YLR343W,YPR047W,0,-5.901681,0.10090543329715729,1.0,0.8939681649208069
YNR061C,YPR073C,0,-5.9017625,0.10089528560638428,1.0,0.8940682411193848
YMR088C,YNL115C,0,-5.902159,0.10088513046503067,1.0,0.8941682577133179
YGR292W,YER161C,0,-5.902369,0.10087499022483826,1.0,0.894268274307251
YPL206C,YPL194W,0,-5.902577,0.10086484253406525,1.0,0.8943682909011841
YKL218C,YGL003C,0,-5.904989,0.10085470229387283,1.0,0.894468367099762
YGL089C,YML005W,0,-5.9062095,0.10084456205368042,1.0,0.8945683836936951
YOR181W,YAL008W,0,-5.912648,0.100834421813488,1.0,0.8946684002876282
YBR240C,YIR009W,0,-5.9129767,0.10082428902387619,1.0,0.8947684168815613
YOR373W,YPL028W,0,-5.9129815,0.10081414878368378,1.0,0.8948684334754944
YDR056C,YDR362C,0,-5.9182053,0.10080402344465256,1.0,0.8949685096740723
YJL048C,YNL244C,0,-5.918675,0.10079389065504074,1.0,0.8950685262680054
YKR037C,YPR186C,0,-5.9193377,0.10078376531600952,1.0,0.8951685428619385
YOR391C,YGR075C,0,-5.920458,0.1007736325263977,1.0,0.8952685594558716
YFR008W,YDR239C,0,-5.92061,0.10076351463794708,1.0,0.8953686356544495
YBR040W,YPL038W,0,-5.9218516,0.10075338929891586,1.0,0.8954686522483826
YLR343W,YDR298C,0,-5.9224124,0.10074327141046524,1.0,0.8955686688423157
YDR536W,YBL055C,0,-5.922835,0.10073315352201462,1.0,0.8956686854362488
YHR153C,YNL101W,0,-5.9268165,0.100723035633564,1.0,0.8957687020301819
YER027C,YOL030W,0,-5.9316916,0.10071292519569397,1.0,0.8958687782287598
YNL129W,YPR042C,0,-5.9322486,0.10070281475782394,1.0,0.8959687948226929
YJL221C,YGR135W,0,-5.934914,0.10069270431995392,1.0,0.896068811416626
YML012W,YGR218W,0,-5.9349213,0.10068259388208389,1.0,0.8961688280105591
YOL133W,YER020W,0,-5.9357314,0.10067249089479446,1.0,0.896268904209137
YDR265W,YGR189C,0,-5.936073,0.10066238790750504,1.0,0.8963689208030701
YGR194C,YPL092W,0,-5.9367194,0.1006522849202156,1.0,0.8964689373970032
YLR008C,YPR054W,0,-5.939792,0.10064218193292618,1.0,0.8965689539909363
YKL178C,YGR191W,0,-5.940104,0.10063208639621735,1.0,0.8966690301895142
YGL251C,YKL034W,0,-5.942,0.10062199085950851,1.0,0.8967690467834473
YMR290C,YPL031C,0,-5.943318,0.10061189532279968,1.0,0.8968690633773804
YDL204W,YJL156C,0,-5.947012,0.10060180723667145,1.0,0.8969690799713135
YLR373C,YDR074W,0,-5.947383,0.10059171915054321,1.0,0.8970690965652466
YHR184W,YER053C,0,-5.9498496,0.10058163106441498,1.0,0.8971691727638245
YOR384W,YEL054C,0,-5.9527535,0.10057154297828674,1.0,0.8972691893577576
YBR237W,YHR161C,0,-5.9530416,0.1005614623427391,1.0,0.8973692059516907
YCR009C,YOR211C,0,-5.955232,0.10055138170719147,1.0,0.8974692225456238
YPR005C,YOL071W,0,-5.9564195,0.10054130107164383,1.0,0.8975692987442017
YKR105C,YHL016C,0,-5.9571557,0.10053122043609619,1.0,0.8976693153381348
YDR033W,YDR390C,0,-5.9576983,0.10052114725112915,1.0,0.8977693319320679
YGL021W,YER044C,0,-5.959223,0.10051107406616211,1.0,0.897869348526001
YMR298W,YOR061W,0,-5.95942,0.10050100088119507,1.0,0.8979693651199341
YDL114W,YBR159W,0,-5.961406,0.10049093514680862,1.0,0.898069441318512
YHL019C,YLR038C,0,-5.963588,0.10048086196184158,1.0,0.8981694579124451
YJR065C,YKL195W,0,-5.966407,0.10047080367803574,1.0,0.8982694745063782
YBR082C,YDR077W,0,-5.9694233,0.10046073794364929,1.0,0.8983694911003113
YGR124W,YDR402C,0,-5.9728765,0.10045067965984344,1.0,0.8984695672988892
YDR481C,YLR396C,0,-5.973024,0.100440613925457,1.0,0.8985695838928223
YLR214W,YAL021C,0,-5.9734974,0.10043056309223175,1.0,0.8986696004867554
YMR100W,YDL085W,0,-5.9744678,0.1004205048084259,1.0,0.8987696170806885
YDR011W,YML077W,0,-5.9750867,0.10041045397520065,1.0,0.8988696336746216
YLR433C,YPL033C,0,-5.9761257,0.1004004031419754,1.0,0.8989697098731995
YNL293W,YER030W,0,-5.977735,0.10039035230875015,1.0,0.8990697264671326
YHR184W,YBL010C,0,-5.9786353,0.1003803014755249,1.0,0.8991697430610657
YOR348C,YNR061C,0,-5.980189,0.10037025809288025,1.0,0.8992697596549988
YJL165C,YMR204C,0,-5.981005,0.1003602147102356,1.0,0.8993698358535767
YJL097W,YHL004W,0,-5.981261,0.10035017877817154,1.0,0.8994698524475098
YDR326C,YLR318W,0,-5.9824805,0.10034013539552689,1.0,0.8995698690414429
YJR098C,YLR186W,0,-5.9826813,0.10033009946346283,1.0,0.899669885635376
YMR264W,YNL159C,0,-5.982845,0.10032006353139877,1.0,0.8997699022293091
YLR356W,YGR184C,0,-5.986134,0.10031002759933472,1.0,0.899869978427887
YDR456W,YPL258C,0,-5.9862647,0.10029999911785126,1.0,0.8999699950218201
YDR239C,YLR318W,0,-5.986836,0.1002899706363678,1.0,0.9000700116157532
YGL120C,YLR446W,0,-5.9869494,0.10027994215488434,1.0,0.9001700282096863
YFL047W,YBL023C,0,-5.9908032,0.10026992112398148,1.0,0.9002701044082642
YML054C,YER153C,0,-5.990886,0.10025989264249802,1.0,0.9003701210021973
YER161C,YCR075C,0,-5.9919553,0.10024987161159515,1.0,0.9004701375961304
YNL146W,YDR014W,0,-5.9924,0.10023985803127289,1.0,0.9005701541900635
YNL159C,YJR010C-A,0,-5.99615,0.10022983700037003,1.0,0.9006702303886414
YAR019C,YPL022W,0,-5.998091,0.10021982342004776,1.0,0.9007702469825745
YER036C,YJL073W,0,-5.998963,0.1002098098397255,1.0,0.9008702635765076
YML012W,YLR014C,0,-6.0012784,0.10019980370998383,1.0,0.9009702801704407
YBR240C,YGR223C,0,-6.0018487,0.10018979012966156,1.0,0.9010702967643738
YDR242W,YOL072W,0,-6.0022416,0.10017978399991989,1.0,0.9011703729629517
YMR289W,YGL141W,0,-6.0045443,0.10016977787017822,1.0,0.9012703895568848
YOR391C,YOR092W,0,-6.0049634,0.10015977919101715,1.0,0.9013704061508179
YGL205W,YCL075W,0,-6.0054874,0.10014977306127548,1.0,0.901470422744751
YML027W,YDL101C,0,-6.0080113,0.10013977438211441,1.0,0.9015704989433289
YMR016C,YDR096W,0,-6.0103245,0.10012977570295334,1.0,0.901670515537262
YJR143C,YPL095C,0,-6.012445,0.10011978447437286,1.0,0.9017705321311951
YNL077W,YDL143W,0,-6.018726,0.10010979324579239,1.0,0.9018705487251282
YDL231C,YDR031W,0,-6.0191617,0.10009980201721191,1.0,0.9019705653190613
YER083C,YKR058W,0,-6.021297,0.10008981078863144,1.0,0.9020706415176392
YMR316W,YCR010C,0,-6.021651,0.10007982701063156,1.0,0.9021706581115723
YBR156C,YOR391C,0,-6.0233245,0.10006983578205109,1.0,0.9022706747055054
YLR396C,YER174C,0,-6.024742,0.1000598594546318,1.0,0.9023706912994385
YNR008W,YJR059W,0,-6.0248733,0.10004987567663193,1.0,0.9024707674980164
YJL156C,YPL159C,0,-6.0262156,0.10003989934921265,1.0,0.9025707840919495
YDR050C,YHL019C,0,-6.027963,0.10002991557121277,1.0,0.9026708006858826
YHR017W,YER180C,0,-6.029103,0.10001994669437408,1.0,0.9027708172798157
YDR376W,YPR019W,0,-6.0299754,0.1000099703669548,1.0,0.9028708338737488
YJR058C,YJR135W-A,0,-6.0304713,0.10000000149011612,1.0,0.9029709100723267
YER020W,YNL115C,0,-6.031082,0.09999003261327744,1.0,0.9030709266662598
YDR239C,YDR247W,0,-6.0326614,0.09998006373643875,1.0,0.9031709432601929
YIL072W,YGR071C,0,-6.0331473,0.09997010231018066,1.0,0.903270959854126
YOR332W,YML048W,0,-6.03665,0.09996013343334198,1.0,0.9033710360527039
YDL114W,YJR033C,0,-6.0383987,0.09995017200708389,1.0,0.903471052646637
YGL249W,YOR374W,0,-6.04019,0.0999402180314064,1.0,0.9035710692405701
YKR062W,YPL111W,0,-6.0419674,0.09993025660514832,1.0,0.9036710858345032
YMR198W,YOL030W,0,-6.042172,0.09992030262947083,1.0,0.9037711024284363
YCR092C,YDL017W,0,-6.043128,0.09991034865379333,1.0,0.9038711786270142
YDR069C,YDR014W,0,-6.0440392,0.09990040212869644,1.0,0.9039711952209473
YNR070W,YDR166C,0,-6.0468497,0.09989044815301895,1.0,0.9040712118148804
YNL091W,YDR169C,0,-6.0468907,0.09988050162792206,1.0,0.9041712284088135
YMR290C,YPR192W,0,-6.047946,0.09987055510282516,1.0,0.9042713046073914
YHR101C,YAL020C,0,-6.0497394,0.09986061602830887,1.0,0.9043713212013245
YNR020C,YPL017C,0,-6.0513005,0.09985066950321198,1.0,0.9044713377952576
YMR297W,YDR322W,0,-6.051869,0.09984073042869568,1.0,0.9045713543891907
YIL113W,YDR393W,0,-6.0555425,0.09983079880475998,1.0,0.9046714305877686
YEL065W,YIR017C,0,-6.0558515,0.09982085973024368,1.0,0.9047714471817017
YDR320C-A,YBL069W,0,-6.056532,0.09981092810630798,1.0,0.9048714637756348
YBR273C,YBR283C,0,-6.0569806,0.09980099648237228,1.0,0.9049714803695679
YER051W,YML009C,0,-6.058189,0.09979106485843658,1.0,0.905071496963501
YNL291C,YAL023C,0,-6.058459,0.09978114068508148,1.0,0.9051715731620789
YFR006W,YER051W,0,-6.0593543,0.09977120906114578,1.0,0.905271589756012
YLR127C,YER091C,0,-6.061764,0.09976129233837128,1.0,0.9053716063499451
YNL293W,YLR035C-A,0,-6.0640745,0.09975136816501617,1.0,0.9054716229438782
YBR035C,YHR036W,0,-6.0645947,0.09974145144224167,1.0,0.905571699142456
YEL002C,YKL164C,0,-6.0652256,0.09973152726888657,1.0,0.9056717157363892
YPR054W,YFL037W,0,-6.067753,0.09972161799669266,1.0,0.9057717323303223
YNL149C,YML087C,0,-6.067788,0.09971170127391815,1.0,0.9058717489242554
YOL007C,YPL204W,0,-6.071607,0.09970179200172424,1.0,0.9059717655181885
YBL030C,YCL061C,0,-6.07183,0.09969188272953033,1.0,0.9060718417167664
YOL065C,YFR005C,0,-6.072276,0.09968197345733643,1.0,0.9061718583106995
YDR074W,YHR161C,0,-6.0726447,0.09967206418514252,1.0,0.9062718749046326
YKR050W,YNL115C,0,-6.0751557,0.0996621623635292,1.0,0.9063718914985657
YHR143W,YPR032W,0,-6.0754676,0.0996522605419159,1.0,0.9064719676971436
YDR424C,YDR510W,0,-6.0763464,0.09964235872030258,1.0,0.9065719842910767
YEL059C-A,YLL022C,0,-6.076777,0.09963246434926987,1.0,0.9066720008850098
YJL157C,YDR054C,0,-6.0784745,0.09962256997823715,1.0,0.9067720174789429
YDR320C-A,YJL221C,0,-6.0788703,0.09961267560720444,1.0,0.906872034072876
YOL105C,YOR356W,0,-6.079689,0.09960278123617172,1.0,0.9069721102714539
YDR479C,YDR003W,0,-6.0800805,0.09959288686513901,1.0,0.907072126865387
YKL028W,YER106W,0,-6.082132,0.09958299994468689,1.0,0.9071721434593201
YJR013W,YIL093C,0,-6.0824695,0.09957311302423477,1.0,0.9072721600532532
YKR090W,YBR213W,0,-6.0832925,0.09956323355436325,1.0,0.907372236251831
YDR358W,YGL003C,0,-6.0835457,0.09955334663391113,1.0,0.9074722528457642
YDR069C,YKR097W,0,-6.0845914,0.09954346716403961,1.0,0.9075722694396973
YLR096W,YCR075C,0,-6.089644,0.09953358769416809,1.0,0.9076722860336304
YFR005C,YPR032W,0,-6.0915217,0.09952371567487717,1.0,0.9077723026275635
YFR006W,YGR001C,0,-6.097758,0.09951384365558624,1.0,0.9078723788261414
YLR120C,YER012W,0,-6.1016965,0.09950397163629532,1.0,0.9079723954200745
YDR341C,YOR389W,0,-6.1049886,0.0994940996170044,1.0,0.9080724120140076
YIL004C,YHR017W,0,-6.1060753,0.09948422759771347,1.0,0.9081724286079407
YLR207W,YHL004W,0,-6.1068215,0.09947436302900314,1.0,0.9082725048065186
YDR318W,YEL058W,0,-6.1104817,0.09946449846029282,1.0,0.9083725214004517
YDL210W,YOR347C,0,-6.1125627,0.09945463389158249,1.0,0.9084725379943848
YJR098C,YIL026C,0,-6.1140413,0.09944477677345276,1.0,0.9085725545883179
YNL159C,YDR421W,0,-6.1154776,0.09943491965532303,1.0,0.9086726307868958
YJR015W,YER044C,0,-6.1169205,0.0994250625371933,1.0,0.9087726473808289
YNL322C,YML063W,0,-6.1187387,0.09941520541906357,1.0,0.908872663974762
YKR014C,YCR077C,0,-6.1200213,0.09940534830093384,1.0,0.9089726805686951
YJR015W,YPL195W,0,-6.1216116,0.0993954986333847,1.0,0.9090726971626282
YPL269W,YOR221C,0,-6.1228123,0.09938564896583557,1.0,0.909172773361206
YNL322C,YPL038W,0,-6.122873,0.09937580674886703,1.0,0.9092727899551392
YBR273C,YLR010C,0,-6.1232347,0.0993659570813179,1.0,0.9093728065490723
YJR134C,YOR211C,0,-6.1239133,0.09935611486434937,1.0,0.9094728231430054
YOR066W,YNR001C,0,-6.1247787,0.09934627264738083,1.0,0.9095728993415833
YGL021W,YBL010C,0,-6.125111,0.09933643788099289,1.0,0.9096729159355164
YAL023C,YOR092W,0,-6.126901,0.09932659566402435,1.0,0.9097729325294495
YPL269W,YLR121C,0,-6.1271152,0.09931676089763641,1.0,0.9098729491233826
YLR212C,YGR116W,0,-6.1382537,0.09930693358182907,1.0,0.9099729657173157
YFL036W,YGL141W,0,-6.1390615,0.09929709881544113,1.0,0.9100730419158936
YNL146W,YHR044C,0,-6.139075,0.09928727149963379,1.0,0.9101730585098267
YNL136W,YPL092W,0,-6.140859,0.09927744418382645,1.0,0.9102730751037598
YJR065C,YOL157C,0,-6.1427436,0.0992676168680191,1.0,0.9103730916976929
YJL164C,YBL069W,0,-6.1433234,0.09925778955221176,1.0,0.9104731678962708
YDR495C,YGR008C,0,-6.1483707,0.09924796968698502,1.0,0.9105731844902039
YMR198W,YLR212C,0,-6.1484475,0.09923814982175827,1.0,0.910673201084137
YNL212W,YPR047W,0,-6.1507726,0.09922833740711212,1.0,0.9107732176780701
YLR096W,YGR008C,0,-6.1511416,0.09921851754188538,1.0,0.9108732342720032
YMR188C,YEL058W,0,-6.1521273,0.09920870512723923,1.0,0.910973310470581
YDL069C,YPR031W,0,-6.154222,0.09919889271259308,1.0,0.9110733270645142
YOL030W,YOR174W,0,-6.1549826,0.09918908029794693,1.0,0.9111733436584473
YML116W,YHL032C,0,-6.1558642,0.09917927533388138,1.0,0.9112733602523804
YML116W,YJL190C,0,-6.1560884,0.09916947036981583,1.0,0.9113734364509583
YJL044C,YJR076C,0,-6.1564713,0.09915966540575027,1.0,0.9114734530448914
YBR286W,YOR043W,0,-6.15669,0.09914986044168472,1.0,0.9115734696388245
YJR015W,YNL325C,0,-6.1593175,0.09914006292819977,1.0,0.9116734862327576
YOR182C,YNL212W,0,-6.159887,0.09913026541471481,1.0,0.9117735028266907
YPL123C,YLR246W,0,-6.1601834,0.09912046790122986,1.0,0.9118735790252686
YJL097W,YLR176C,0,-6.1605716,0.0991106703877449,1.0,0.9119735956192017
YBR159W,YDR251W,0,-6.1645017,0.09910088032484055,1.0,0.9120736122131348
YJL073W,YHL016C,0,-6.1667247,0.09909109026193619,1.0,0.9121736288070679
YGR029W,YPL033C,0,-6.167579,0.09908130019903183,1.0,0.9122737050056458
YDR018C,YLR433C,0,-6.168271,0.09907151013612747,1.0,0.9123737215995789
YNL210W,YHR186C,0,-6.1687417,0.09906172752380371,1.0,0.912473738193512
YJL165C,YKL010C,0,-6.170524,0.09905194491147995,1.0,0.9125737547874451
YIL084C,YGL059W,0,-6.170664,0.09904216229915619,1.0,0.912673830986023
YPL281C,YPL038W,0,-6.1737075,0.09903238713741302,1.0,0.912773847579956
YJL221C,YNL098C,0,-6.1740384,0.09902261197566986,1.0,0.9128738641738892
YIL124W,YKL024C,0,-6.175084,0.0990128368139267,1.0,0.9129738807678223
YFL047W,YBL090W,0,-6.175121,0.09900306165218353,1.0,0.9130738973617554
YGR026W,YGL222C,0,-6.1780076,0.09899328649044037,1.0,0.9131739735603333
YDR320C-A,YJR045C,0,-6.1783357,0.0989835187792778,1.0,0.9132739901542664
YNL101W,YOL080C,0,-6.1815405,0.09897375106811523,1.0,0.9133740067481995
YDR326C,YEL050C,0,-6.182162,0.09896398335695267,1.0,0.9134740233421326
YDR033W,YJL052W,0,-6.185658,0.0989542230963707,1.0,0.9135740995407104
YMR166C,YJL153C,0,-6.1857176,0.09894446283578873,1.0,0.9136741161346436
YGR263C,YDR158W,0,-6.1866984,0.09893470257520676,1.0,0.9137741327285767
YOR288C,YOR080W,0,-6.1885123,0.09892494231462479,1.0,0.9138741493225098
YPL258C,YIL111W,0,-6.190097,0.09891518950462341,1.0,0.9139741659164429
YMR006C,YNL242W,0,-6.1941595,0.09890543669462204,1.0,0.9140742421150208
YML018C,YER153C,0,-6.19488,0.09889568388462067,1.0,0.9141742587089539
YJR013W,YJR059W,0,-6.195634,0.0988859310746193,1.0,0.914274275302887
YGL205W,YDR298C,0,-6.1971354,0.09887618571519852,1.0,0.9143742918968201
YGR026W,YMR233W,0,-6.197601,0.09886644035577774,1.0,0.914474368095398
YJR066W,YDR231C,0,-6.2000566,0.09885669499635696,1.0,0.914574384689331
YOR348C,YNL136W,0,-6.2004905,0.09884694963693619,1.0,0.9146744012832642
YNL242W,YKL198C,0,-6.204022,0.09883721172809601,1.0,0.9147744178771973
YNL046W,YJL044C,0,-6.204288,0.09882747381925583,1.0,0.9148744344711304
YPL101W,YBR105C,0,-6.2051344,0.09881773591041565,1.0,0.9149745106697083
YHR215W,YHR207C,0,-6.2075663,0.09880799800157547,1.0,0.9150745272636414
YJL221C,YLR078C,0,-6.210546,0.09879826754331589,1.0,0.9151745438575745
YLR304C,YGR286C,0,-6.212762,0.0987885370850563,1.0,0.9152745604515076
YDR011W,YGL035C,0,-6.2130666,0.09877880662679672,1.0,0.9153746366500854
YJL165C,YDR252W,0,-6.221091,0.09876907616853714,1.0,0.9154746532440186
YGL173C,YDR533C,0,-6.2213407,0.09875935316085815,1.0,0.9155746698379517
YFL004W,YIL084C,0,-6.221865,0.09874963015317917,1.0,0.9156746864318848
YPR049C,YLR433C,0,-6.224774,0.09873990714550018,1.0,0.9157747030258179
YIR023W,YDR483W,0,-6.226752,0.0987301915884018,1.0,0.9158747792243958
YOR075W,YOR270C,0,-6.2269692,0.0987204760313034,1.0,0.9159747958183289
YDR320C-A,YIR017C,0,-6.22794,0.09871076047420502,1.0,0.916074812412262
YBR036C,YNL115C,0,-6.2292495,0.09870104491710663,1.0,0.9161748290061951
YDR320C-A,YCR081W,0,-6.2302375,0.09869132936000824,1.0,0.916274905204773
YJL157C,YDL095W,0,-6.235128,0.09868162125349045,1.0,0.916374921798706
YAL020C,YMR188C,0,-6.2379003,0.09867191314697266,1.0,0.9164749383926392
YNL146W,YKL195W,0,-6.241724,0.09866220504045486,1.0,0.9165749549865723
YMR139W,YBR164C,0,-6.241851,0.09865250438451767,1.0,0.9166750311851501
YBR296C,YJR013W,0,-6.242125,0.09864280372858047,1.0,0.9167750477790833
YHL019C,YIL039W,0,-6.2456846,0.09863310307264328,1.0,0.9168750643730164
YMR198W,YNL128W,0,-6.246902,0.09862340241670609,1.0,0.9169750809669495
YOR181W,YGL035C,0,-6.2473907,0.09861370921134949,1.0,0.9170750975608826
YBR159W,YBR175W,0,-6.248242,0.09860400855541229,1.0,0.9171751737594604
YJR160C,YDL109C,0,-6.2494435,0.0985943153500557,1.0,0.9172751903533936
YIL027C,YIL039W,0,-6.254353,0.0985846295952797,1.0,0.9173752069473267
YER114C,YKR048C,0,-6.2582,0.0985749363899231,1.0,0.9174752235412598
YNL280C,YAL020C,0,-6.2589793,0.0985652506351471,1.0,0.9175752997398376
YOR175C,YNL146W,0,-6.2590833,0.0985555648803711,1.0,0.9176753163337708
YDR315C,YMR208W,0,-6.26172,0.09854588657617569,1.0,0.9177753329277039
YMR056C,YDR520C,0,-6.2623067,0.09853620082139969,1.0,0.917875349521637
YMR139W,YML048W,0,-6.2630715,0.09852652251720428,1.0,0.9179753661155701
YNL086W,YOR167C,0,-6.265923,0.09851684421300888,1.0,0.918075442314148
YIL172C,YDR320C,0,-6.268994,0.09850716590881348,1.0,0.918175458908081
YDL204W,YOR127W,0,-6.269273,0.09849749505519867,1.0,0.9182754755020142
YKL017C,YOR092W,0,-6.271811,0.09848782420158386,1.0,0.9183754920959473
YDL204W,YGR135W,0,-6.2721047,0.09847815334796906,1.0,0.9184755682945251
YHR101C,YIL093C,0,-6.275183,0.09846848249435425,1.0,0.9185755848884583
YPR156C,YNR022C,0,-6.278477,0.09845881909132004,1.0,0.9186756014823914
YPR184W,YER089C,0,-6.279899,0.09844915568828583,1.0,0.9187756180763245
YDR107C,YJR060W,0,-6.2851357,0.09843949228525162,1.0,0.9188756346702576
YJR013W,YOR242C,0,-6.2859907,0.098429836332798,1.0,0.9189757108688354
YMR165C,YBL023C,0,-6.286838,0.0984201729297638,1.0,0.9190757274627686
YDR056C,YCL047C,0,-6.287715,0.09841051697731018,1.0,0.9191757440567017
YJL108C,YKR105C,0,-6.2912107,0.09840086102485657,1.0,0.9192757606506348
YAR019C,YJL062W-A,0,-6.2946763,0.09839121252298355,1.0,0.9193758368492126
YOR076C,YLR045C,0,-6.2951217,0.09838155657052994,1.0,0.9194758534431458
YDR320C-A,YNL101W,0,-6.2958217,0.09837190806865692,1.0,0.9195758700370789
YPR005C,YMR165C,0,-6.296693,0.0983622670173645,1.0,0.919675886631012
YBR166C,YNL212W,0,-6.2971797,0.09835261851549149,1.0,0.9197759032249451
YDR507C,YLR186W,0,-6.2986565,0.09834297746419907,1.0,0.919875979423523
YGR191W,YLR014C,0,-6.298706,0.09833333641290665,1.0,0.919975996017456
YJR033C,YDR501W,0,-6.301703,0.09832369536161423,1.0,0.9200760126113892
YMR006C,YDR158W,0,-6.302459,0.09831405431032181,1.0,0.9201760292053223
YGL205W,YOR070C,0,-6.304444,0.09830442070960999,1.0,0.9202761054039001
YPL281C,YMR223W,0,-6.305087,0.09829478710889816,1.0,0.9203761219978333
YOL105C,YDL017W,0,-6.3060594,0.09828515350818634,1.0,0.9204761385917664
YMR281W,YPL111W,0,-6.3109126,0.09827552735805511,1.0,0.9205761551856995
YDR329C,YOR246C,0,-6.3129177,0.09826589375734329,1.0,0.9206762313842773
YNL311C,YNL188W,0,-6.313869,0.09825626760721207,1.0,0.9207762479782104
YDR297W,YOL157C,0,-6.3176064,0.09824664145708084,1.0,0.9208762645721436
YCR004C,YAR007C,0,-6.3203573,0.09823702275753021,1.0,0.9209762811660767
YOL018C,YMR303C,0,-6.3206606,0.09822740405797958,1.0,0.9210762977600098
YDR096W,YER164W,0,-6.32401,0.09821778535842896,1.0,0.9211763739585876
YML116W,YOR356W,0,-6.324145,0.09820816665887833,1.0,0.9212763905525208
YJR158W,YDR116C,0,-6.328236,0.0981985479593277,1.0,0.9213764071464539
YGR054W,YDR380W,0,-6.3301373,0.09818893671035767,1.0,0.921476423740387
YCR040W,YNL289W,0,-6.332206,0.09817932546138763,1.0,0.9215764999389648
YML042W,YPL101W,0,-6.332973,0.0981697142124176,1.0,0.921676516532898
YJL221C,YIL160C,0,-6.333983,0.09816011041402817,1.0,0.921776533126831
YGR263C,YHL044W,0,-6.334907,0.09815050661563873,1.0,0.9218765497207642
YBR286W,YDR011W,0,-6.3356137,0.0981409028172493,1.0,0.9219765663146973
YDR086C,YOR014W,0,-6.3392344,0.09813129901885986,1.0,0.9220766425132751
YIL160C,YGR037C,0,-6.3397136,0.09812169522047043,1.0,0.9221766591072083
YDR096W,YNL339C,0,-6.341337,0.09811209887266159,1.0,0.9222766757011414
YLR418C,YFL041W,0,-6.3427305,0.09810250252485275,1.0,0.9223766922950745
YFR008W,YKL116C,0,-6.34281,0.09809290617704391,1.0,0.9224767684936523
YMR022W,YDR400W,0,-6.3429446,0.09808331727981567,1.0,0.9225767850875854
YIL072W,YER161C,0,-6.3518434,0.09807372838258743,1.0,0.9226768016815186
YJL198W,YPL092W,0,-6.354304,0.09806413948535919,1.0,0.9227768182754517
YHR172W,YIL084C,0,-6.354966,0.09805455058813095,1.0,0.9228768348693848
YDR388W,YBL010C,0,-6.355804,0.0980449691414833,1.0,0.9229769110679626
YBR273C,YLR207W,0,-6.3599067,0.09803538024425507,1.0,0.9230769276618958
YJL019W,YDR534C,0,-6.365429,0.09802579879760742,1.0,0.9231769442558289
YHR028C,YBL060W,0,-6.3656983,0.09801622480154037,1.0,0.923276960849762
YBR296C,YBL021C,0,-6.366446,0.09800664335489273,1.0,0.9233770370483398
YNL293W,YIL072W,0,-6.3666368,0.09799706935882568,1.0,0.923477053642273
YER083C,YBL010C,0,-6.3675103,0.09798749536275864,1.0,0.923577070236206
YBR036C,YNL012W,0,-6.372708,0.09797792136669159,1.0,0.9236770868301392
YDR326C,YML095C,0,-6.373675,0.09796835482120514,1.0,0.9237771034240723
YLR370C,YKL178C,0,-6.3760324,0.09795878827571869,1.0,0.9238771796226501
YNL166C,YMR221C,0,-6.3764505,0.09794922173023224,1.0,0.9239771962165833
YML054C,YNR011C,0,-6.3790116,0.09793965518474579,1.0,0.9240772128105164
YOL152W,YHR036W,0,-6.3814044,0.09793008863925934,1.0,0.9241772294044495
YOR181W,YCR072C,0,-6.385505,0.09792052954435349,1.0,0.9242773056030273
YPR063C,YOR242C,0,-6.388124,0.09791097044944763,1.0,0.9243773221969604
YBR296C,YAR007C,0,-6.389128,0.09790141880512238,1.0,0.9244773387908936
YER083C,YPL172C,0,-6.389959,0.09789185971021652,1.0,0.9245773553848267
YGR029W,YHR181W,0,-6.3902555,0.09788230806589127,1.0,0.9246774315834045
YDR448W,YIL125W,0,-6.3954597,0.09787275642156601,1.0,0.9247774481773376
YLR096W,YBR299W,0,-6.397965,0.09786320477724075,1.0,0.9248774647712708
YOL031C,YGL136C,0,-6.3988295,0.0978536605834961,1.0,0.9249774813652039
YIL111W,YJR089W,0,-6.4001594,0.09784411638975143,1.0,0.925077497959137
YGL185C,YML048W,0,-6.4012036,0.09783457219600677,1.0,0.9251775741577148
YML012W,YEL058W,0,-6.402745,0.09782502800226212,1.0,0.925277590751648
YER083C,YGR076C,0,-6.4030666,0.09781548380851746,1.0,0.925377607345581
YOL103W,YIL171W,0,-6.404087,0.0978059470653534,1.0,0.9254776239395142
YDR507C,YFR007W,0,-6.404363,0.09779641032218933,1.0,0.925577700138092
YOL031C,YBL010C,0,-6.405311,0.09778687357902527,1.0,0.9256777167320251
YNL159C,YLR204W,0,-6.4088283,0.0977773442864418,1.0,0.9257777333259583
YDR456W,YDR313C,0,-6.4097047,0.09776781499385834,1.0,0.9258777499198914
YGR292W,YPR118W,0,-6.412463,0.09775828570127487,1.0,0.9259777665138245
YBR283C,YJR126C,0,-6.4137235,0.0977487564086914,1.0,0.9260778427124023
YFL047W,YDR507C,0,-6.4193206,0.09773923456668854,1.0,0.9261778593063354
YLR045C,YDL130W-A,0,-6.4223576,0.09772970527410507,1.0,0.9262778759002686
YOR175C,YJR065C,0,-6.422539,0.0977201834321022,1.0,0.9263778924942017
YNL159C,YJL073W,0,-6.4227614,0.09771066904067993,1.0,0.9264779686927795
YDR077W,YPR019W,0,-6.4227676,0.09770114719867706,1.0,0.9265779852867126
YDR320C-A,YNL146W,0,-6.4231143,0.09769163280725479,1.0,0.9266780018806458
YGR191W,YDR330W,0,-6.4245296,0.09768211841583252,1.0,0.9267780184745789
YDR479C,YGR286C,0,-6.4320345,0.09767260402441025,1.0,0.926878035068512
YJR015W,YML087C,0,-6.4321885,0.09766309708356857,1.0,0.9269781112670898
YHR023W,YMR150C,0,-6.4340897,0.0976535901427269,1.0,0.927078127861023
YHL036W,YOR326W,0,-6.4341493,0.09764408320188522,1.0,0.927178144454956
YER091C,YPL048W,0,-6.4372516,0.09763457626104355,1.0,0.9272781610488892
YFL036W,YGR295C,0,-6.437556,0.09762506932020187,1.0,0.927378237247467
YNL322C,YNL310C,0,-6.4402065,0.0976155698299408,1.0,0.9274782538414001
YLR237W,YJR058C,0,-6.4418635,0.09760607033967972,1.0,0.9275782704353333
YGR295C,YCL047C,0,-6.444284,0.09759657829999924,1.0,0.9276782870292664
YKR014C,YGR014W,0,-6.4443984,0.09758707880973816,1.0,0.9277783632278442
YER061C,YOL092W,0,-6.4450984,0.09757758677005768,1.0,0.9278783798217773
YPR108W,YKL017C,0,-6.445415,0.0975680947303772,1.0,0.9279783964157104
YOR036W,YDR362C,0,-6.44636,0.09755860269069672,1.0,0.9280784130096436
YFL029C,YAR007C,0,-6.448233,0.09754911810159683,1.0,0.9281784296035767
YNL322C,YBR198C,0,-6.448476,0.09753962606191635,1.0,0.9282785058021545
YJR033C,YGL157W,0,-6.449011,0.09753014147281647,1.0,0.9283785223960876
YDR251W,YML081C-A,0,-6.44902,0.09752066433429718,1.0,0.9284785389900208
YLL013C,YDR018C,0,-6.4512067,0.0975111797451973,1.0,0.9285785555839539
YJL198W,YGR241C,0,-6.4560857,0.09750170260667801,1.0,0.9286786317825317
YBR273C,YFL039C,0,-6.4565687,0.09749222546815872,1.0,0.9287786483764648
YNL322C,YPR184W,0,-6.4595284,0.09748274832963943,1.0,0.928878664970398
YJL156C,YDL017W,0,-6.4609585,0.09747327864170074,1.0,0.928978681564331
YFL047W,YOR332W,0,-6.4613194,0.09746380150318146,1.0,0.9290786981582642
YBR205W,YIL136W,0,-6.462642,0.09745433181524277,1.0,0.929178774356842
YJR013W,YGR075C,0,-6.4646783,0.09744486212730408,1.0,0.9292787909507751
YDR056C,YDR443C,0,-6.4657183,0.09743539988994598,1.0,0.9293788075447083
YMR094W,YGR062C,0,-6.469089,0.09742593765258789,1.0,0.9294788241386414
YAR019C,YLR038C,0,-6.4695287,0.0974164754152298,1.0,0.9295789003372192
YDR038C,YOR269W,0,-6.470663,0.0974070131778717,1.0,0.9296789169311523
YDL190C,YDL006W,0,-6.4788566,0.09739755094051361,1.0,0.9297789335250854
YJR033C,YLR158C,0,-6.4806647,0.09738809615373611,1.0,0.9298789501190186
YGR029W,YGR026W,0,-6.482698,0.09737864136695862,1.0,0.9299789667129517
YDR251W,YNL115C,0,-6.4848647,0.09736918658018112,1.0,0.9300790429115295
YDR069C,YOR242C,0,-6.4866858,0.09735973924398422,1.0,0.9301790595054626
YKL042W,YDR483W,0,-6.487867,0.09735028445720673,1.0,0.9302790760993958
YOR288C,YNL091W,0,-6.4888005,0.09734083712100983,1.0,0.9303790926933289
YKR058W,YCR010C,0,-6.4895506,0.09733138978481293,1.0,0.9304791688919067
YHR101C,YER106W,0,-6.497168,0.09732194989919662,1.0,0.9305791854858398
YDR315C,YPL194W,0,-6.49824,0.09731250256299973,1.0,0.930679202079773
YDR388W,YPL153C,0,-6.500567,0.09730306267738342,1.0,0.930779218673706
YML085C,YNL098C,0,-6.509668,0.09729363024234772,1.0,0.9308792352676392
YPL204W,YDR031W,0,-6.5152345,0.09728419035673141,1.0,0.930979311466217
YBL078C,YPR118W,0,-6.518992,0.09727475792169571,1.0,0.9310793280601501
YGR035C,YHR099W,0,-6.521273,0.09726532548666,1.0,0.9311793446540833
YLR237W,YGL084C,0,-6.5233755,0.0972558930516243,1.0,0.9312793612480164
YNL280C,YDR421W,0,-6.525249,0.09724646061658859,1.0,0.9313794374465942
YOR043W,YKL198C,0,-6.5280166,0.09723703563213348,1.0,0.9314794540405273
YGL206C,YPR005C,0,-6.528243,0.09722761064767838,1.0,0.9315794706344604
YPR122W,YKL056C,0,-6.538397,0.09721818566322327,1.0,0.9316794872283936
YOR381W,YDR044W,0,-6.5390778,0.09720876067876816,1.0,0.9317795634269714
YML104C,YBL061C,0,-6.539352,0.09719934314489365,1.0,0.9318795800209045
YBR296C,YOR244W,0,-6.5399423,0.09718992561101913,1.0,0.9319795966148376
YOR384W,YPL160W,0,-6.540615,0.09718050807714462,1.0,0.9320796132087708
YBL017C,YOR347C,0,-6.5427885,0.09717109054327011,1.0,0.9321796298027039
YFL047W,YLR419W,0,-6.5479655,0.0971616804599762,1.0,0.9322797060012817
YNL242W,YDL017W,0,-6.548097,0.09715226292610168,1.0,0.9323797225952148
YHL024W,YDL006W,0,-6.5483723,0.09714286029338837,1.0,0.932479739189148
YLR381W,YBR058C-A,0,-6.5507836,0.09713345021009445,1.0,0.932579755783081
YGR263C,YPL060W,0,-6.550841,0.09712404012680054,1.0,0.9326798319816589
YOR037W,YGL059W,0,-6.5512857,0.09711463749408722,1.0,0.932779848575592
YPR156C,YCL069W,0,-6.55259,0.0971052348613739,1.0,0.9328798651695251
YOR043W,YNL339C,0,-6.554276,0.09709583967924118,1.0,0.9329798817634583
YEL013W,YGR123C,0,-6.556806,0.09708643704652786,1.0,0.9330798983573914
YKL089W,YNL091W,0,-6.5574727,0.09707704186439514,1.0,0.9331799745559692
YFR015C,YDR228C,0,-6.5575166,0.09706764668226242,1.0,0.9332799911499023
YCR081W,YPR184W,0,-6.5589805,0.0970582515001297,1.0,0.9333800077438354
YNL217W,YDR118W,0,-6.5630307,0.09704886376857758,1.0,0.9334800243377686
YDR356W,YDR326C,0,-6.5636477,0.09703947603702545,1.0,0.9335801005363464
YMR094W,YHR044C,0,-6.5688105,0.09703008830547333,1.0,0.9336801171302795
YGL173C,YMR139W,0,-6.573407,0.0970207005739212,1.0,0.9337801337242126
YNL166C,YKL010C,0,-6.574876,0.09701131284236908,1.0,0.9338801503181458
YJR013W,YDR117C,0,-6.5757785,0.09700193256139755,1.0,0.9339801669120789
YMR088C,YMR127C,0,-6.5765243,0.09699255228042603,1.0,0.9340802431106567
YOR057W,YOR092W,0,-6.580628,0.0969831719994545,1.0,0.9341802597045898
YML012W,YPL186C,0,-6.5885506,0.09697379916906357,1.0,0.934280276298523
YIL004C,YDR054C,0,-6.592654,0.09696442633867264,1.0,0.934380292892456
YNR061C,YKR048C,0,-6.594555,0.09695505350828171,1.0,0.9344803690910339
YKL218C,YDL056W,0,-6.6002975,0.09694568067789078,1.0,0.934580385684967
YOR373W,YHR067W,0,-6.602845,0.09693630784749985,1.0,0.9346804022789001
YBR205W,YOL133W,0,-6.604222,0.09692694246768951,1.0,0.9347804188728333
YBR036C,YML115C,0,-6.6045527,0.09691757708787918,1.0,0.9348804354667664
YIR014W,YKR038C,0,-6.606161,0.09690821170806885,1.0,0.9349805116653442
YGL128C,YBR055C,0,-6.608663,0.09689885377883911,1.0,0.9350805282592773
YDR532C,YPL026C,0,-6.610745,0.09688948839902878,1.0,0.9351805448532104
YPR081C,YJR089W,0,-6.6152463,0.09688013046979904,1.0,0.9352805614471436
YBR286W,YKL042W,0,-6.6153216,0.0968707725405693,1.0,0.9353806376457214
YLR459W,YDR003W,0,-6.615347,0.09686142206192017,1.0,0.9354806542396545
YHR172W,YOR347C,0,-6.6207757,0.09685206413269043,1.0,0.9355806708335876
YJR135C,YNL098C,0,-6.62452,0.09684271365404129,1.0,0.9356806874275208
YER120W,YNL128W,0,-6.626155,0.09683336317539215,1.0,0.9357807636260986
YNL322C,YML085C,0,-6.626942,0.09682402014732361,1.0,0.9358807802200317
YJL219W,YJR059W,0,-6.6287017,0.09681466966867447,1.0,0.9359807968139648
YDR436W,YLR306W,0,-6.6294465,0.09680532664060593,1.0,0.936080813407898
YDL204W,YGR241C,0,-6.633432,0.09679598361253738,1.0,0.936180830001831
YLR237W,YPL028W,0,-6.6348066,0.09678664803504944,1.0,0.9362809062004089
YPR063C,YBL021C,0,-6.636151,0.0967773050069809,1.0,0.936380922794342
YBR273C,YHL016C,0,-6.6394496,0.09676796942949295,1.0,0.9364809393882751
YML125C,YDL144C,0,-6.6410213,0.096758633852005,1.0,0.9365809559822083
YOR047C,YCL027W,0,-6.6443186,0.09674929827451706,1.0,0.9366810321807861
YDL146W,YDR320C,0,-6.64818,0.09673997014760971,1.0,0.9367810487747192
YDL204W,YHR172W,0,-6.6543636,0.09673064202070236,1.0,0.9368810653686523
YLR207W,YKR050W,0,-6.656305,0.09672131389379501,1.0,0.9369810819625854
YPL155C,YNL096C,0,-6.6622844,0.09671198576688766,1.0,0.9370810985565186
YPL019C,YDL030W,0,-6.662839,0.09670265763998032,1.0,0.9371811747550964
YDR532C,YIL072W,0,-6.6649776,0.09669333696365356,1.0,0.9372811913490295
YMR247C,YLR079W,0,-6.666179,0.09668401628732681,1.0,0.9373812079429626
YNL322C,YOL157C,0,-6.6678414,0.09667469561100006,1.0,0.9374812245368958
YGL173C,YPL159C,0,-6.6679826,0.0966653823852539,1.0,0.9375813007354736
YDR248C,YGR223C,0,-6.668534,0.09665606915950775,1.0,0.9376813173294067
YOL065C,YDR297W,0,-6.6691775,0.0966467559337616,1.0,0.9377813339233398
YLR371W,YPL174C,0,-6.6708302,0.09663744270801544,1.0,0.937881350517273
YDR056C,YNR045W,0,-6.672395,0.09662812948226929,1.0,0.937981367111206
YKL100C,YLR176C,0,-6.6728864,0.09661882370710373,1.0,0.9380814433097839
YDL101C,YHR215W,0,-6.6743083,0.09660951793193817,1.0,0.938181459903717
YJR015W,YPR070W,0,-6.6779275,0.09660021215677261,1.0,0.9382814764976501
YJL080C,YGL141W,0,-6.6804953,0.09659090638160706,1.0,0.9383814930915833
YDR436W,YOL080C,0,-6.682168,0.0965816080570221,1.0,0.9384815692901611
YLR212C,YMR224C,0,-6.683065,0.09657230973243713,1.0,0.9385815858840942
YGL191W,YER113C,0,-6.6850967,0.09656301140785217,1.0,0.9386816024780273
YJL073W,YML070W,0,-6.6882095,0.09655371308326721,1.0,0.9387816190719604
YIL074C,YER012W,0,-6.6887965,0.09654442220926285,1.0,0.9388816356658936
YMR100W,YDR069C,0,-6.6947455,0.09653513133525848,1.0,0.9389817118644714
YOR175C,YKR097W,0,-6.7020183,0.09652584046125412,1.0,0.9390817284584045
YBR055C,YGR295C,0,-6.704576,0.09651654958724976,1.0,0.9391817450523376
YIL138C,YMR017W,0,-6.7051835,0.09650726616382599,1.0,0.9392817616462708
YCR020C,YCL027W,0,-6.7111816,0.09649798274040222,1.0,0.9393818378448486
YHL019C,YOL117W,0,-6.713035,0.09648869931697845,1.0,0.9394818544387817
YIL101C,YLR079W,0,-6.71386,0.09647941589355469,1.0,0.9395818710327148
YGL128C,YGR234W,0,-6.719947,0.09647013247013092,1.0,0.939681887626648
YNL331C,YKR009C,0,-6.720699,0.09646085649728775,1.0,0.9397819638252258
YEL015W,YDR069C,0,-6.7220025,0.09645158052444458,1.0,0.9398819804191589
YBR297W,YER106W,0,-6.723435,0.09644230455160141,1.0,0.939981997013092
YEL002C,YDR402C,0,-6.723862,0.09643303602933884,1.0,0.9400820136070251
YBL075C,YDR265W,0,-6.7238755,0.09642376750707626,1.0,0.9401820302009583
YMR086W,YBR160W,0,-6.7279344,0.09641449898481369,1.0,0.9402821063995361
YPL206C,YPR108W,0,-6.7329082,0.09640523046255112,1.0,0.9403821229934692
YMR297W,YOR043W,0,-6.7407913,0.09639596194028854,1.0,0.9404821395874023
YML116W,YPL258C,0,-6.748267,0.09638670086860657,1.0,0.9405821561813354
YGL089C,YJL219W,0,-6.749556,0.09637743979692459,1.0,0.9406822323799133
YDR532C,YGL251C,0,-6.7507043,0.09636817872524261,1.0,0.9407822489738464
YKR014C,YIL160C,0,-6.7586684,0.09635891765356064,1.0,0.9408822655677795
YCR075C,YLR246W,0,-6.760204,0.09634966403245926,1.0,0.9409822821617126
YCL075W,YLR385C,0,-6.760531,0.09634041041135788,1.0,0.9410822987556458
YHR101C,YNL218W,0,-6.7609344,0.0963311567902565,1.0,0.9411823749542236
YDR326C,YHL004W,0,-6.762155,0.09632190316915512,1.0,0.9412823915481567
YJL097W,YHL032C,0,-6.7656045,0.09631265699863434,1.0,0.9413824081420898
YGL021W,YKL195W,0,-6.7658362,0.09630341082811356,1.0,0.941482424736023
YFL041W,YCR010C,0,-6.7672524,0.09629416465759277,1.0,0.9415825009346008
YHR028C,YBR050C,0,-6.7716107,0.09628491848707199,1.0,0.9416825175285339
YER114C,YDR511W,0,-6.7734075,0.0962756797671318,1.0,0.941782534122467
YKL212W,YDR313C,0,-6.7734923,0.09626643359661102,1.0,0.9418825507164001
YNL046W,YHL036W,0,-6.777299,0.09625719487667084,1.0,0.9419825673103333
YHR172W,YIL051C,0,-6.7787514,0.09624796360731125,1.0,0.9420826435089111
YLR364W,YBL064C,0,-6.779218,0.09623872488737106,1.0,0.9421826601028442
YDR069C,YPR019W,0,-6.7806606,0.09622949361801147,1.0,0.9422826766967773
YBR205W,YOR036W,0,-6.7838254,0.09622026234865189,1.0,0.9423826932907104
YJL153C,YML085C,0,-6.7885847,0.0962110310792923,1.0,0.9424827694892883
YBR036C,YER140W,0,-6.7897315,0.09620179980993271,1.0,0.9425827860832214
YIR036C,YML060W,0,-6.791203,0.09619257599115372,1.0,0.9426828026771545
YFR003C,YKL017C,0,-6.792962,0.09618335217237473,1.0,0.9427828192710876
YBL037W,YDL082W,0,-6.7942715,0.09617412835359573,1.0,0.9428828358650208
YNR008W,YER106W,0,-6.7946796,0.09616491198539734,1.0,0.9429829120635986
YBR273C,YLL001W,0,-6.7964044,0.09615568816661835,1.0,0.9430829286575317
YDR033W,YLR097C,0,-6.7990656,0.09614647179841995,1.0,0.9431829452514648
YKL034W,YGR054W,0,-6.800295,0.09613725543022156,1.0,0.943282961845398
YOR228C,YJL073W,0,-6.8035283,0.09612804651260376,1.0,0.9433830380439758
YEL017C-A,YDR065W,0,-6.809257,0.09611883014440536,1.0,0.9434830546379089
YKL042W,YNL268W,0,-6.812491,0.09610962122678757,1.0,0.943583071231842
YNL146W,YOL056W,0,-6.823529,0.09610041230916977,1.0,0.9436830878257751
YGR295C,YPL214C,0,-6.8270297,0.09609120339155197,1.0,0.943783164024353
YFR008W,YNL188W,0,-6.8282433,0.09608200192451477,1.0,0.9438831806182861
YER140W,YGR002C,0,-6.828381,0.09607280045747757,1.0,0.9439831972122192
YEL013W,YOL149W,0,-6.830009,0.09606359899044037,1.0,0.9440832138061523
YDR251W,YDR390C,0,-6.8396573,0.09605439752340317,1.0,0.9441832304000854
YFL047W,YFL041W,0,-6.842142,0.09604519605636597,1.0,0.9442833065986633
YHL019C,YHR013C,0,-6.842479,0.09603600203990936,1.0,0.9443833231925964
YHR101C,YHR147C,0,-6.8427825,0.09602680802345276,1.0,0.9444833397865295
YIL072W,YPR073C,0,-6.847119,0.09601761400699615,1.0,0.9445833563804626
YGL003C,YCL061C,0,-6.847376,0.09600841999053955,1.0,0.9446834325790405
YDR038C,YGR001C,0,-6.848479,0.09599923342466354,1.0,0.9447834491729736
YJR010C-A,YIL101C,0,-6.851478,0.09599004685878754,1.0,0.9448834657669067
YDL085W,YKL024C,0,-6.8525004,0.09598086029291153,1.0,0.9449834823608398
YER068W,YOR233W,0,-6.853823,0.09597167372703552,1.0,0.945083498954773
YOR389W,YER113C,0,-6.856354,0.09596249461174011,1.0,0.9451835751533508
YML116W,YOR143C,0,-6.8571973,0.0959533154964447,1.0,0.9452835917472839
YGR071C,YER045C,0,-6.8587513,0.09594413638114929,1.0,0.945383608341217
YBR036C,YML094W,0,-6.8637986,0.09593495726585388,1.0,0.9454836249351501
YBR036C,YAL008W,0,-6.866199,0.09592578560113907,1.0,0.945583701133728
YHR101C,YNL151C,0,-6.8665833,0.09591661393642426,1.0,0.9456837177276611
YEL061C,YLR120C,0,-6.870232,0.09590744227170944,1.0,0.9457837343215942
YHR092C,YBR289W,0,-6.8719306,0.09589827060699463,1.0,0.9458837509155273
YNL049C,YMR004W,0,-6.873874,0.09588909894227982,1.0,0.9459837675094604
YIL039W,YKR058W,0,-6.8843856,0.0958799347281456,1.0,0.9460838437080383
YCL027W,YPL155C,0,-6.89052,0.09587077051401138,1.0,0.9461838603019714
YGR054W,YPL033C,0,-6.891949,0.09586160629987717,1.0,0.9462838768959045
YIL027C,YOL157C,0,-6.8921885,0.09585244953632355,1.0,0.9463838934898376
YDR038C,YGR037C,0,-6.892568,0.09584328532218933,1.0,0.9464839696884155
YDR069C,YER030W,0,-6.892879,0.09583412855863571,1.0,0.9465839862823486
YLR096W,YDR358W,0,-6.8959937,0.09582497179508209,1.0,0.9466840028762817
YBR033W,YMR198W,0,-6.896783,0.09581582248210907,1.0,0.9467840194702148
YJR033C,YKL212W,0,-6.8974404,0.09580666571855545,1.0,0.946884036064148
YDR038C,YGL095C,0,-6.899589,0.09579751640558243,1.0,0.9469841122627258
YOR096W,YIL084C,0,-6.9014244,0.0957883670926094,1.0,0.9470841288566589
YPL017C,YBR164C,0,-6.9028955,0.09577921777963638,1.0,0.947184145450592
YDL115C,YGR286C,0,-6.904742,0.09577007591724396,1.0,0.9472841620445251
YGR026W,YOR326W,0,-6.9075074,0.09576093405485153,1.0,0.947384238243103
YDR532C,YNL306W,0,-6.9089875,0.0957517921924591,1.0,0.9474842548370361
YDR011W,YJL133W,0,-6.9096637,0.09574265033006668,1.0,0.9475842714309692
YHR172W,YDR247W,0,-6.91062,0.09573350846767426,1.0,0.9476842880249023
YML116W,YLR109W,0,-6.912148,0.09572437405586243,1.0,0.9477843642234802
YIL034C,YNL012W,0,-6.913114,0.0957152396440506,1.0,0.9478843808174133
YPR156C,YER161C,0,-6.91572,0.09570610523223877,1.0,0.9479843974113464
YIL113W,YER112W,0,-6.9163337,0.09569697827100754,1.0,0.9480844140052795
YBR283C,YBR297W,0,-6.9172635,0.09568784385919571,1.0,0.9481844305992126
YDR121W,YIL072W,0,-6.919829,0.09567871689796448,1.0,0.9482845067977905
YPR192W,YOR326W,0,-6.9211836,0.09566958993673325,1.0,0.9483845233917236
YGR292W,YNL101W,0,-6.9249644,0.09566047042608261,1.0,0.9484845399856567
YDR054C,YGL084C,0,-6.9337845,0.09565134346485138,1.0,0.9485845565795898
YPL206C,YBL082C,0,-6.943683,0.09564222395420074,1.0,0.9486846327781677
YKL135C,YBR035C,0,-6.946153,0.09563310444355011,1.0,0.9487846493721008
YIR014W,YLR433C,0,-6.946166,0.09562398493289948,1.0,0.9488846659660339
YDR424C,YDR236C,0,-6.946172,0.09561487287282944,1.0,0.948984682559967
YOL031C,YAL020C,0,-6.9484,0.0956057608127594,1.0,0.9490846991539001
YGL191W,YLR357W,0,-6.954484,0.09559664875268936,1.0,0.949184775352478
YPR156C,YKL017C,0,-6.955892,0.09558753669261932,1.0,0.9492847919464111
YER114C,YGR220C,0,-6.9580674,0.09557842463254929,1.0,0.9493848085403442
YER025W,YOL157C,0,-6.963741,0.09556932002305984,1.0,0.9494848251342773
YNL293W,YAL023C,0,-6.9655604,0.0955602154135704,1.0,0.9495849013328552
YJR135C,YBL069W,0,-6.965631,0.09555111080408096,1.0,0.9496849179267883
YMR004W,YGR189C,0,-6.9664383,0.09554200619459152,1.0,0.9497849345207214
YOL105C,YBL017C,0,-6.966848,0.09553290903568268,1.0,0.9498849511146545
YLR040C,YGR218W,0,-6.9688888,0.09552381187677383,1.0,0.9499849677085876
YAL023C,YIL145C,0,-6.969073,0.09551471471786499,1.0,0.9500850439071655
YFL041W,YMR037C,0,-6.972401,0.09550561755895615,1.0,0.9501850605010986
YOL103W,YDR320C,0,-6.972876,0.0954965278506279,1.0,0.9502850770950317
YMR109W,YOR326W,0,-6.9729958,0.09548743069171906,1.0,0.9503850936889648
YJL165C,YPR156C,0,-6.9743767,0.09547834098339081,1.0,0.9504851698875427
YDR242W,YHR181W,0,-6.983062,0.09546925872564316,1.0,0.9505851864814758
YDL231C,YDL110C,0,-6.983267,0.09546016901731491,1.0,0.9506852030754089
YDR033W,YNR045W,0,-6.9840074,0.09545108675956726,1.0,0.950785219669342
YNL146W,YBR297W,0,-6.985142,0.09544200450181961,1.0,0.9508852362632751
YGL249W,YIL072W,0,-6.9937015,0.09543292224407196,1.0,0.950985312461853
YML116W,YOL002C,0,-6.996158,0.09542383998632431,1.0,0.9510853290557861
YPR156C,YMR086W,0,-6.9995503,0.09541476517915726,1.0,0.9511853456497192
YDR356W,YHR147C,0,-7.0001483,0.0954056903719902,1.0,0.9512853622436523
YOL138C,YGL205W,0,-7.0003757,0.09539661556482315,1.0,0.9513854384422302
YPL214C,YMR303C,0,-7.0082746,0.0953875407576561,1.0,0.9514854550361633
YDR448W,YPL017C,0,-7.013345,0.09537847340106964,1.0,0.9515854716300964
YDR536W,YDL056W,0,-7.0148563,0.09536939859390259,1.0,0.9516854882240295
YNL128W,YKL028W,0,-7.018459,0.09536033123731613,1.0,0.9517855644226074
YHR172W,YDL109C,0,-7.0200467,0.09535127133131027,1.0,0.9518855810165405
YKR062W,YCR004C,0,-7.023132,0.09534220397472382,1.0,0.9519855976104736
YNL293W,YNL049C,0,-7.02819,0.09533314406871796,1.0,0.9520856142044067
YKL154W,YPR192W,0,-7.0291977,0.0953240841627121,1.0,0.9521856307983398
YHR023W,YJL056C,0,-7.0406566,0.09531502425670624,1.0,0.9522857069969177
YMR022W,YOR346W,0,-7.044987,0.09530596435070038,1.0,0.9523857235908508
YER096W,YCR092C,0,-7.0461864,0.09529691189527512,1.0,0.9524857401847839
YPL101W,YBR040W,0,-7.0555286,0.09528785943984985,1.0,0.952585756778717
YOR181W,YNL098C,0,-7.0566936,0.09527880698442459,1.0,0.9526858329772949
YPR005C,YHR117W,0,-7.0618224,0.09526975452899933,1.0,0.952785849571228
YBR159W,YJL052W,0,-7.0630984,0.09526070952415466,1.0,0.9528858661651611
YEL017C-A,YNL158W,0,-7.0635695,0.09525166451931,1.0,0.9529858827590942
YGR241C,YJL136C,0,-7.067864,0.09524261951446533,1.0,0.9530858993530273
YER114C,YDR529C,0,-7.0708094,0.09523357450962067,1.0,0.9531859755516052
YER148W,YNL146W,0,-7.077206,0.095224529504776,1.0,0.9532859921455383
YJR097W,YPL017C,0,-7.0783567,0.09521549195051193,1.0,0.9533860087394714
YEL061C,YDR534C,0,-7.081074,0.09520645439624786,1.0,0.9534860253334045
YCR009C,YAR007C,0,-7.0826783,0.0951974168419838,1.0,0.9535861015319824
YBR022W,YPL017C,0,-7.084645,0.09518838673830032,1.0,0.9536861181259155
YHR076W,YDR341C,0,-7.085071,0.09517934918403625,1.0,0.9537861347198486
YBR123C,YDL195W,0,-7.086155,0.09517031908035278,1.0,0.9538861513137817
YGL249W,YLR381W,0,-7.087881,0.09516128897666931,1.0,0.9539861679077148
YKR090W,YML077W,0,-7.0906835,0.09515225887298584,1.0,0.9540862441062927
YGR026W,YMR257C,0,-7.093988,0.09514323621988297,1.0,0.9541862607002258
YDR315C,YCR047C,0,-7.0985827,0.09513421356678009,1.0,0.9542862772941589
YNL280C,YDL056W,0,-7.0987554,0.09512519091367722,1.0,0.954386293888092
YMR316W,YBL090W,0,-7.1039586,0.09511616826057434,1.0,0.9544863700866699
YIL034C,YBL021C,0,-7.1056247,0.09510715305805206,1.0,0.954586386680603
YER083C,YHL036W,0,-7.1123433,0.09509813040494919,1.0,0.9546864032745361
YDL114W,YPL154C,0,-7.1155496,0.09508911520242691,1.0,0.9547864198684692
YGL191W,YLL035W,0,-7.119578,0.09508009999990463,1.0,0.9548864364624023
YJL097W,YPL123C,0,-7.1211987,0.09507109224796295,1.0,0.9549865126609802
YFL047W,YER153C,0,-7.1219997,0.09506207704544067,1.0,0.9550865292549133
YLR433C,YPR054W,0,-7.1223445,0.09505306929349899,1.0,0.9551865458488464
YOL030W,YGR006W,0,-7.123526,0.09504406154155731,1.0,0.9552865624427795
YBR296C,YLR304C,0,-7.126165,0.09503506124019623,1.0,0.9553866386413574
YHR172W,YDR038C,0,-7.1264806,0.09502605348825455,1.0,0.9554866552352905
YOR228C,YNL091W,0,-7.1286044,0.09501705318689346,1.0,0.9555866718292236
YHR161C,YPR186C,0,-7.1327987,0.09500805288553238,1.0,0.9556866884231567
YJL219W,YDR103W,0,-7.1358476,0.0949990525841713,1.0,0.9557867646217346
YOR326W,YNR041C,0,-7.1369042,0.09499005228281021,1.0,0.9558867812156677
YDR424C,YDL085W,0,-7.1372495,0.09498105943202972,1.0,0.9559867978096008
YEL017C-A,YMR256C,0,-7.137287,0.09497206658124924,1.0,0.9560868144035339
YDR038C,YML005W,0,-7.140559,0.09496307373046875,1.0,0.956186830997467
YOR373W,YOR057W,0,-7.1463666,0.09495408833026886,1.0,0.9562869071960449
YCR020C,YER086W,0,-7.1567507,0.09494509547948837,1.0,0.956386923789978
YAL023C,YIR036C,0,-7.165187,0.09493611007928848,1.0,0.9564869403839111
YLR381W,YDR421W,0,-7.165714,0.09492712467908859,1.0,0.9565869569778442
YGR088W,YMR004W,0,-7.165728,0.0949181392788887,1.0,0.9566870331764221
YGR088W,YJR134C,0,-7.1657586,0.09490916132926941,1.0,0.9567870497703552
YML116W,YFR007W,0,-7.1694493,0.09490018337965012,1.0,0.9568870663642883
YDL069C,YAL044C,0,-7.172832,0.09489119797945023,1.0,0.9569870829582214
YML037C,YDL146W,0,-7.176342,0.09488222748041153,1.0,0.9570870995521545
YLR433C,YNR007C,0,-7.1782327,0.09487324953079224,1.0,0.9571871757507324
YGR026W,YPR070W,0,-7.1829844,0.09486427903175354,1.0,0.9572871923446655
YDR011W,YPR031W,0,-7.1846576,0.09485530853271484,1.0,0.9573872089385986
YFL004W,YDR529C,0,-7.185557,0.09484633803367615,1.0,0.9574872255325317
YJL073W,YCR010C,0,-7.188537,0.09483736753463745,1.0,0.9575873017311096
YKL212W,YOR211C,0,-7.1923985,0.09482840448617935,1.0,0.9576873183250427
YMR094W,YGL157W,0,-7.195869,0.09481943398714066,1.0,0.9577873349189758
YPL121C,YDR326C,0,-7.195989,0.09481047093868256,1.0,0.9578873515129089
YLR212C,YIL124W,0,-7.198034,0.09480151534080505,1.0,0.957987368106842
YMR086W,YCR037C,0,-7.201219,0.09479255229234695,1.0,0.9580874443054199
YFR041C,YPR005C,0,-7.20369,0.09478359669446945,1.0,0.958187460899353
YDR128W,YER044C,0,-7.20374,0.09477464109659195,1.0,0.9582874774932861
YOR391C,YKL059C,0,-7.2110963,0.09476568549871445,1.0,0.9583874940872192
YKL042W,YLR176C,0,-7.212983,0.09475672990083694,1.0,0.9584875702857971
YML116W,YDL075W,0,-7.2184215,0.09474778175354004,1.0,0.9585875868797302
YLR459W,YDL146W,0,-7.2227836,0.09473883360624313,1.0,0.9586876034736633
YMR086W,YNL248C,0,-7.2234335,0.09472988545894623,1.0,0.9587876200675964
YFL047W,YIL004C,0,-7.224394,0.09472093731164932,1.0,0.9588876366615295
YBR159W,YIL101C,0,-7.226794,0.09471198916435242,1.0,0.9589877128601074
YDR247W,YGR014W,0,-7.2298346,0.09470304846763611,1.0,0.9590877294540405
YGR263C,YKR058W,0,-7.2344484,0.0946941077709198,1.0,0.9591877460479736
YKR037C,YBL022C,0,-7.242718,0.09468516707420349,1.0,0.9592877626419067
YML116W,YGL211W,0,-7.250632,0.09467623382806778,1.0,0.9593878388404846
YPL155C,YDR402C,0,-7.2511706,0.09466729313135147,1.0,0.9594878554344177
YGR223C,YJL073W,0,-7.253658,0.09465835988521576,1.0,0.9595878720283508
YDR402C,YLR265C,0,-7.2573647,0.09464942663908005,1.0,0.9596878886222839
YBL030C,YPL033C,0,-7.261151,0.09464050084352493,1.0,0.9597879648208618
YJR010C-A,YNL015W,0,-7.26154,0.09463156759738922,1.0,0.9598879814147949
YER068W,YDR443C,0,-7.2618194,0.0946226418018341,1.0,0.959987998008728
YLR396C,YBR241C,0,-7.2742395,0.09461371600627899,1.0,0.9600880146026611
YJL198W,YCR040W,0,-7.2801204,0.09460479021072388,1.0,0.9601880311965942
YAR019C,YDR103W,0,-7.287351,0.09459587186574936,1.0,0.9602881073951721
YCR020C,YPL194W,0,-7.289249,0.09458694607019424,1.0,0.9603881239891052
YHL019C,YJL148W,0,-7.289559,0.09457802772521973,1.0,0.9604881405830383
YDR318W,YCL027W,0,-7.2913756,0.09456910938024521,1.0,0.9605881571769714
YKL089W,YPL160W,0,-7.293518,0.09456019848585129,1.0,0.9606882333755493
YGR088W,YLR212C,0,-7.294362,0.09455128014087677,1.0,0.9607882499694824
YPR028W,YER089C,0,-7.2945056,0.09454236924648285,1.0,0.9608882665634155
YHR153C,YHL036W,0,-7.2982335,0.09453345835208893,1.0,0.9609882831573486
YDL115C,YER180C,0,-7.299133,0.09452454745769501,1.0,0.9610882997512817
YGR088W,YGR054W,0,-7.3046145,0.09451564401388168,1.0,0.9611883759498596
YEL017C-A,YGR106C,0,-7.3050885,0.09450674057006836,1.0,0.9612883925437927
YDR011W,YBR241C,0,-7.3091407,0.09449782967567444,1.0,0.9613884091377258
YFR041C,YOL133W,0,-7.3117733,0.09448893368244171,1.0,0.9614884257316589
YNL293W,YBL060W,0,-7.313823,0.09448003023862839,1.0,0.9615885019302368
YNL293W,YOR242C,0,-7.3172073,0.09447113424539566,1.0,0.9616885185241699
YBR036C,YCL055W,0,-7.3189263,0.09446223080158234,1.0,0.961788535118103
YDR358W,YJL156C,0,-7.325724,0.09445333480834961,1.0,0.9618885517120361
YPL177C,YPL160W,0,-7.329234,0.09444444626569748,1.0,0.9619885683059692
YMR094W,YDR511W,0,-7.3392024,0.09443555027246475,1.0,0.9620886445045471
YPL186C,YOL140W,0,-7.3406706,0.09442666172981262,1.0,0.9621886610984802
YBR214W,YNL244C,0,-7.3434286,0.09441777318716049,1.0,0.9622886776924133
YGR184C,YDR330W,0,-7.3484664,0.09440888464450836,1.0,0.9623886942863464
YGR263C,YPL159C,0,-7.3521113,0.09440000355243683,1.0,0.9624887704849243
YKL178C,YJL019W,0,-7.356872,0.0943911150097847,1.0,0.9625887870788574
YOR181W,YOR233W,0,-7.357318,0.09438223391771317,1.0,0.9626888036727905
YLR414C,YAL034W-A,0,-7.3590865,0.09437335282564163,1.0,0.9627888202667236
YJR160C,YFL037W,0,-7.3602004,0.0943644717335701,1.0,0.9628888368606567
YJL062W,YGL157W,0,-7.3639836,0.09435559809207916,1.0,0.9629889130592346
YPR005C,YJL133W,0,-7.3671293,0.09434672445058823,1.0,0.9630889296531677
YAR019C,YEL015W,0,-7.367593,0.09433785080909729,1.0,0.9631889462471008
YLR096W,YHR161C,0,-7.3683786,0.09432897716760635,1.0,0.9632889628410339
YML085C,YGR008C,0,-7.37058,0.09432010352611542,1.0,0.9633890390396118
YGL249W,YGR158C,0,-7.3789,0.09431123733520508,1.0,0.9634890556335449
YAR019C,YDR247W,0,-7.3826265,0.09430237114429474,1.0,0.963589072227478
YJL165C,YDR443C,0,-7.385364,0.0942935049533844,1.0,0.9636890888214111
YIL072W,YKL181W,0,-7.386192,0.09428463876247406,1.0,0.963789165019989
YAR019C,YAR007C,0,-7.3887987,0.09427578002214432,1.0,0.9638891816139221
YBR036C,YDR520C,0,-7.399817,0.09426691383123398,1.0,0.9639891982078552
YJR033C,YPL111W,0,-7.4001293,0.09425805509090424,1.0,0.9640892148017883
YHR101C,YGR189C,0,-7.4017925,0.09424920380115509,1.0,0.9641892313957214
YFR006W,YMR311C,0,-7.402125,0.09424034506082535,1.0,0.9642893075942993
YGR026W,YBR213W,0,-7.4028835,0.0942314937710762,1.0,0.9643893241882324
YLR045C,YOL147C,0,-7.4058375,0.09422264248132706,1.0,0.9644893407821655
YER020W,YDR252W,0,-7.406435,0.09421379119157791,1.0,0.9645893573760986
YCR020C,YJL148W,0,-7.409949,0.09420493990182877,1.0,0.9646894335746765
YER120W,YOR326W,0,-7.4143424,0.09419609606266022,1.0,0.9647894501686096
YGR088W,YLR238W,0,-7.4169364,0.09418724477291107,1.0,0.9648894667625427
YGR295C,YPR178W,0,-7.421554,0.09417840093374252,1.0,0.9649894833564758
YOL019W,YOR150W,0,-7.43079,0.09416956454515457,1.0,0.9650894999504089
YOL127W,YNL146W,0,-7.4316926,0.09416072070598602,1.0,0.9651895761489868
YHR147C,YDR529C,0,-7.4339023,0.09415188431739807,1.0,0.9652895927429199
YDR532C,YGL206C,0,-7.4446,0.09414304792881012,1.0,0.965389609336853
YIL026C,YPR032W,0,-7.44556,0.09413421154022217,1.0,0.9654896259307861
YLR237W,YCL061C,0,-7.445677,0.09412537515163422,1.0,0.965589702129364
YOL030W,YLR207W,0,-7.445832,0.09411654621362686,1.0,0.9656897187232971
YBL078C,YGR189C,0,-7.452081,0.09410770982503891,1.0,0.9657897353172302
YDR532C,YDR014W,0,-7.4583898,0.09409888088703156,1.0,0.9658897519111633
YDR532C,YLR100W,0,-7.4694924,0.0940900593996048,1.0,0.9659897685050964
YBL061C,YIL136W,0,-7.469628,0.09408123046159744,1.0,0.9660898447036743
YBL037W,YJR045C,0,-7.4701447,0.09407240897417068,1.0,0.9661898612976074
YDR495C,YAL008W,0,-7.4753904,0.09406358748674393,1.0,0.9662898778915405
YBR036C,YJL097W,0,-7.4769044,0.09405476599931717,1.0,0.9663898944854736
YOL103W,YFL044C,0,-7.479915,0.09404594451189041,1.0,0.9664899706840515
YIL034C,YMR043W,0,-7.4811635,0.09403713047504425,1.0,0.9665899872779846
YER114C,YOR265W,0,-7.481733,0.09402830898761749,1.0,0.9666900038719177
YER114C,YPL281C,0,-7.486533,0.09401949495077133,1.0,0.9667900204658508
YHR186C,YGR194C,0,-7.4866843,0.09401068836450577,1.0,0.9668900966644287
YDR251W,YLR079W,0,-7.493648,0.0940018743276596,1.0,0.9669901132583618
YDR495C,YJL164C,0,-7.4941673,0.09399306774139404,1.0,0.9670901298522949
YDR056C,YIR036C,0,-7.495717,0.09398426115512848,1.0,0.967190146446228
YMR297W,YLR459W,0,-7.4966245,0.09397545456886292,1.0,0.9672901630401611
YAR019C,YBR185C,0,-7.504802,0.09396664798259735,1.0,0.967390239238739
YDR251W,YER012W,0,-7.5152164,0.09395784884691238,1.0,0.9674902558326721
YOR181W,YDR069C,0,-7.5173874,0.09394904226064682,1.0,0.9675902724266052
YMR316W,YDR197W,0,-7.518108,0.09394024312496185,1.0,0.9676902890205383
YHR036W,YMR017W,0,-7.5187197,0.09393145143985748,1.0,0.9677903652191162
YDR532C,YDR238C,0,-7.5213842,0.09392265230417252,1.0,0.9678903818130493
YAL023C,YGL222C,0,-7.5248194,0.09391386061906815,1.0,0.9679903984069824
YAL053W,YOR080W,0,-7.525468,0.09390506148338318,1.0,0.9680904150009155
YNL046W,YHL024W,0,-7.5256763,0.0938962772488594,1.0,0.9681904315948486
YMR086W,YGL258W-A,0,-7.5393114,0.09388748556375504,1.0,0.9682905077934265
YEL017C-A,YGR014W,0,-7.544168,0.09387869387865067,1.0,0.9683905243873596
YJR015W,YNL115C,0,-7.5489297,0.09386990964412689,1.0,0.9684905409812927
YMR247C,YNL128W,0,-7.552913,0.09386112540960312,1.0,0.9685905575752258
YDR387C,YNL091W,0,-7.556452,0.09385234117507935,1.0,0.9686906337738037
YPL149W,YNR007C,0,-7.556874,0.09384356439113617,1.0,0.9687906503677368
YPR156C,YGR279C,0,-7.5580335,0.0938347801566124,1.0,0.9688906669616699
YDR341C,YKL218C,0,-7.5616064,0.09382600337266922,1.0,0.968990683555603
YER184C,YCR092C,0,-7.569386,0.09381722658872604,1.0,0.9690907001495361
YDR479C,YOL030W,0,-7.571874,0.09380845725536346,1.0,0.969190776348114
YNR008W,YDR358W,0,-7.5724654,0.09379968047142029,1.0,0.9692907929420471
YML116W,YDR197W,0,-7.5777597,0.09379091113805771,1.0,0.9693908095359802
YGL090W,YIL112W,0,-7.578505,0.09378214180469513,1.0,0.9694908261299133
YAL053W,YDR448W,0,-7.5789866,0.09377337247133255,1.0,0.9695909023284912
YML085C,YER089C,0,-7.581505,0.09376461058855057,1.0,0.9696909189224243
YDR033W,YDR507C,0,-7.5860014,0.09375584125518799,1.0,0.9697909355163574
YHL019C,YNL007C,0,-7.5862746,0.093747079372406,1.0,0.9698909521102905
YFR008W,YDR251W,0,-7.5925097,0.09373831748962402,1.0,0.9699909687042236
YJR075W,YAL062W,0,-7.5937696,0.09372955560684204,1.0,0.9700910449028015
YMR198W,YHR160C,0,-7.5997796,0.09372080117464066,1.0,0.9701910614967346
YER044C,YNR007C,0,-7.5999665,0.09371204674243927,1.0,0.9702910780906677
YCR020C,YNL119W,0,-7.601682,0.09370328485965729,1.0,0.9703910946846008
YOL031C,YNL046W,0,-7.6041465,0.0936945378780365,1.0,0.9704911708831787
YGR295C,YGR071C,0,-7.607281,0.09368578344583511,1.0,0.9705911874771118
YEL013W,YJR089W,0,-7.6091647,0.09367703646421432,1.0,0.9706912040710449
YLR238W,YJL164C,0,-7.6190214,0.09366828203201294,1.0,0.970791220664978
YAL034W-A,YIL126W,0,-7.624993,0.09365953505039215,1.0,0.9708912968635559
YDR038C,YML095C,0,-7.626241,0.09365079551935196,1.0,0.970991313457489
YFR003C,YBR289W,0,-7.6303477,0.09364204853773117,1.0,0.9710913300514221
YAR019C,YOR151C,0,-7.633549,0.09363330900669098,1.0,0.9711913466453552
YFR008W,YDR044W,0,-7.6501117,0.09362456947565079,1.0,0.9712913632392883
YBR036C,YOL100W,0,-7.6541333,0.0936158299446106,1.0,0.9713914394378662
YKL089W,YFL037W,0,-7.6588554,0.0936070904135704,1.0,0.9714914560317993
YJR045C,YNR047W,0,-7.65916,0.09359835833311081,1.0,0.9715914726257324
YOL156W,YOR389W,0,-7.6592555,0.09358962625265121,1.0,0.9716914892196655
YER180C,YGR037C,0,-7.660312,0.09358089417219162,1.0,0.9717915654182434
YAL023C,YDR507C,0,-7.6623907,0.09357216209173203,1.0,0.9718915820121765
YPR122W,YAL025C,0,-7.668801,0.09356343001127243,1.0,0.9719915986061096
YPR122W,YGL031C,0,-7.670256,0.09355470538139343,1.0,0.9720916152000427
YML070W,YLR079W,0,-7.6714125,0.09354598075151443,1.0,0.9721916317939758
YDR251W,YMR292W,0,-7.671796,0.09353725612163544,1.0,0.9722917079925537
YNL128W,YDR326C,0,-7.6771235,0.09352853149175644,1.0,0.9723917245864868
YOR080W,YPL123C,0,-7.6862273,0.09351981431245804,1.0,0.9724917411804199
YPR122W,YML063W,0,-7.6921797,0.09351109713315964,1.0,0.972591757774353
YGR026W,YPR031W,0,-7.693025,0.09350237995386124,1.0,0.9726918339729309
YDR358W,YOR075W,0,-7.699232,0.09349366277456284,1.0,0.972791850566864
YML116W,YDR466W,0,-7.7060423,0.09348494559526443,1.0,0.9728918671607971
YJL062W,YPR122W,0,-7.708951,0.09347623586654663,1.0,0.9729918837547302
YMR022W,YDR054C,0,-7.711481,0.09346752613782883,1.0,0.9730919003486633
YER114C,YDR238C,0,-7.7150774,0.09345881640911102,1.0,0.9731919765472412
YDR356W,YOR290C,0,-7.7174506,0.09345010668039322,1.0,0.9732919931411743
YOL031C,YLR414C,0,-7.717474,0.09344140440225601,1.0,0.9733920097351074
YEL061C,YBL061C,0,-7.7201467,0.09343269467353821,1.0,0.9734920263290405
YML012W,YCR077C,0,-7.7247643,0.093423992395401,1.0,0.9735921025276184
YJR058C,YMR012W,0,-7.731181,0.0934152901172638,1.0,0.9736921191215515
YJR058C,YPR032W,0,-7.731622,0.09340659528970718,1.0,0.9737921357154846
YBR092C,YIL084C,0,-7.738451,0.09339789301156998,1.0,0.9738921523094177
YML116W,YLR287C-A,0,-7.7399173,0.09338919818401337,1.0,0.9739921689033508
YNL322C,YOR346W,0,-7.743237,0.09338050335645676,1.0,0.9740922451019287
YOR233W,YIL124W,0,-7.7574153,0.09337180852890015,1.0,0.9741922616958618
YLR212C,YJL073W,0,-7.7633758,0.09336312115192413,1.0,0.9742922782897949
YEL017C-A,YDR169C,0,-7.7650905,0.09335443377494812,1.0,0.974392294883728
YAL023C,YDR252W,0,-7.768356,0.09334573894739151,1.0,0.9744923710823059
YER114C,YHR186C,0,-7.774409,0.0933370590209961,1.0,0.974592387676239
YDR033W,YOR201C,0,-7.77558,0.09332837164402008,1.0,0.9746924042701721
YPR005C,YNL166C,0,-7.7869034,0.09331968426704407,1.0,0.9747924208641052
YFL047W,YJR135W-A,0,-7.790675,0.09331100434064865,1.0,0.9748924970626831
YER114C,YIL124W,0,-7.794563,0.09330232441425323,1.0,0.9749925136566162
YIL034C,YPL144W,0,-7.8062205,0.09329364448785782,1.0,0.9750925302505493
YMR006C,YDL115C,0,-7.811503,0.093284972012043,1.0,0.9751925468444824
YBR296C,YKL100C,0,-7.812124,0.09327629208564758,1.0,0.9752925634384155
YOL030W,YKL028W,0,-7.812201,0.09326761960983276,1.0,0.9753926396369934
YKR090W,YHR052W,0,-7.833137,0.09325894713401794,1.0,0.9754926562309265
YBR036C,YLR418C,0,-7.835626,0.09325028210878372,1.0,0.9755926728248596
YFL047W,YBL010C,0,-7.8430123,0.0932416096329689,1.0,0.9756926894187927
YOR181W,YER161C,0,-7.844226,0.09323294460773468,1.0,0.9757927656173706
YHR101C,YDR031W,0,-7.848425,0.09322427958250046,1.0,0.9758927822113037
YBR273C,YKR030W,0,-7.8727746,0.09321561455726624,1.0,0.9759927988052368
YHR101C,YMR128W,0,-7.873276,0.09320694953203201,1.0,0.9760928153991699
YOL105C,YOR374W,0,-7.875417,0.09319829195737839,1.0,0.976192831993103
YGL136C,YGR295C,0,-7.8807855,0.09318963438272476,1.0,0.9762929081916809
YAL053W,YKL108W,0,-7.8966107,0.09318097680807114,1.0,0.976392924785614
YOL105C,YMR287C,0,-7.9033923,0.09317231923341751,1.0,0.9764929413795471
YER044C,YPL202C,0,-7.906596,0.09316366165876389,1.0,0.9765929579734802
YJR033C,YDR047W,0,-7.9070973,0.09315501153469086,1.0,0.9766930341720581
YDR033W,YMR287C,0,-7.908569,0.09314636141061783,1.0,0.9767930507659912
YFL047W,YDL095W,0,-7.9152427,0.0931377112865448,1.0,0.9768930673599243
YKR090W,YDL136W,0,-7.9169164,0.09312906116247177,1.0,0.9769930839538574
YDL204W,YGR014W,0,-7.919544,0.09312041848897934,1.0,0.9770931005477905
YJL198W,YJL052W,0,-7.919718,0.09311176836490631,1.0,0.9771931767463684
YLR414C,YKR050W,0,-7.9288864,0.09310312569141388,1.0,0.9772931933403015
YAR019C,YML009C,0,-7.953646,0.09309448301792145,1.0,0.9773932099342346
YHR147C,YMR285C,0,-7.968757,0.09308584779500961,1.0,0.9774932265281677
YHL019C,YIL124W,0,-7.976035,0.09307720512151718,1.0,0.9775933027267456
YLR120C,YOL147C,0,-7.9771686,0.09306856989860535,1.0,0.9776933193206787
YKL089W,YCR075C,0,-7.9846044,0.09305993467569351,1.0,0.9777933359146118
YEL013W,YOR242C,0,-7.9913173,0.09305130690336227,1.0,0.9778933525085449
YDR033W,YJL219W,0,-7.9963193,0.09304267168045044,1.0,0.977993369102478
YMR094W,YBR009C,0,-8.001364,0.0930340439081192,1.0,0.9780934453010559
YJR066W,YLL001W,0,-8.003752,0.09302541613578796,1.0,0.978193461894989
YDR093W,YCR040W,0,-8.004512,0.09301678836345673,1.0,0.9782934784889221
YFL047W,YCR040W,0,-8.004537,0.09300816059112549,1.0,0.9783934950828552
YAR019C,YFR003C,0,-8.005742,0.09299953281879425,1.0,0.9784935712814331
YLR100W,YLR327C,0,-8.008302,0.09299091249704361,1.0,0.9785935878753662
YGR263C,YDR052C,0,-8.013203,0.09298229217529297,1.0,0.9786936044692993
YEL013W,YMR004W,0,-8.025757,0.09297367185354233,1.0,0.9787936210632324
YHL019C,YMR165C,0,-8.032343,0.09296505898237228,1.0,0.9788936972618103
YDR038C,YPL092W,0,-8.038097,0.09295643866062164,1.0,0.9789937138557434
YFL004W,YLR120C,0,-8.03941,0.0929478257894516,1.0,0.9790937304496765
YGR263C,YHL032C,0,-8.040017,0.09293921291828156,1.0,0.9791937470436096
YDR520C,YDR096W,0,-8.0464945,0.09293060004711151,1.0,0.9792937636375427
YBR159W,YDR003W,0,-8.053035,0.09292199462652206,1.0,0.9793938398361206
YDR033W,YPR019W,0,-8.057741,0.09291338920593262,1.0,0.9794938564300537
YGR026W,YER082C,0,-8.061173,0.09290477633476257,1.0,0.9795938730239868
YGR026W,YNL119W,0,-8.068645,0.09289617836475372,1.0,0.9796938896179199
YAR019C,YLR096W,0,-8.071707,0.09288757294416428,1.0,0.9797939658164978
YCL047C,YJR126C,0,-8.082101,0.09287896752357483,1.0,0.9798939824104309
YPL269W,YNR045W,0,-8.097459,0.09287036955356598,1.0,0.979993999004364
YDR033W,YNL289W,0,-8.105969,0.09286177158355713,1.0,0.9800940155982971
YMR292W,YML087C,0,-8.107861,0.09285317361354828,1.0,0.9801940321922302
YDL114W,YOR127W,0,-8.109501,0.09284458309412003,1.0,0.9802941083908081
YDL114W,YDR326C,0,-8.112098,0.09283598512411118,1.0,0.9803941249847412
YKL089W,YGR006W,0,-8.1166935,0.09282739460468292,1.0,0.9804941415786743
YDR093W,YLL001W,0,-8.119652,0.09281880408525467,1.0,0.9805941581726074
YEL013W,YER140W,0,-8.142832,0.09281021356582642,1.0,0.9806942343711853
YGR223C,YKR104W,0,-8.155898,0.09280163049697876,1.0,0.9807942509651184
YER070W,YJR059W,0,-8.160374,0.0927930399775505,1.0,0.9808942675590515
YPR156C,YJL136C,0,-8.1658745,0.09278445690870285,1.0,0.9809942841529846
YBR286W,YGR234W,0,-8.166763,0.0927758738398552,1.0,0.9810943007469177
YGR026W,YJL090C,0,-8.1684885,0.09276729822158813,1.0,0.9811943769454956
YPL121C,YBR231C,0,-8.171401,0.09275871515274048,1.0,0.9812943935394287
YDR251W,YGR076C,0,-8.1775465,0.09275013953447342,1.0,0.9813944101333618
YDR532C,YNL244C,0,-8.180424,0.09274156391620636,1.0,0.9814944267272949
YDR436W,YBR164C,0,-8.185557,0.0927329882979393,1.0,0.9815945029258728
YLR109W,YML125C,0,-8.194001,0.09272441267967224,1.0,0.9816945195198059
YDR251W,YCR040W,0,-8.19678,0.09271584451198578,1.0,0.981794536113739
YGR035C,YOR347C,0,-8.2001705,0.09270727634429932,1.0,0.9818945527076721
YKL100C,YGR189C,0,-8.206756,0.09269870817661285,1.0,0.9819945693016052
YMR292W,YOR386W,0,-8.210453,0.09269014000892639,1.0,0.9820946455001831
YAL053W,YPL154C,0,-8.211966,0.09268157184123993,1.0,0.9821946620941162
YJL097W,YPL172C,0,-8.246791,0.09267301112413406,1.0,0.9822946786880493
YBR159W,YKR009C,0,-8.253159,0.0926644504070282,1.0,0.9823946952819824
YLR237W,YDR116C,0,-8.264701,0.09265588968992233,1.0,0.9824947714805603
YER114C,YDL095W,0,-8.272955,0.09264732897281647,1.0,0.9825947880744934
YGR191W,YDR044W,0,-8.275075,0.0926387757062912,1.0,0.9826948046684265
YBR033W,YEL017C-A,0,-8.295742,0.09263021498918533,1.0,0.9827948212623596
YNL330C,YNR061C,0,-8.302204,0.09262166172266006,1.0,0.9828948974609375
YJR010C-A,YDR169C,0,-8.304989,0.0926131084561348,1.0,0.9829949140548706
YOL019W,YJR089W,0,-8.311758,0.09260456264019012,1.0,0.9830949306488037
YPR156C,YIL026C,0,-8.313979,0.09259600937366486,1.0,0.9831949472427368
YLR237W,YPR096C,0,-8.333756,0.09258746355772018,1.0,0.9832949638366699
YHL019C,YDR247W,0,-8.354344,0.09257891774177551,1.0,0.9833950400352478
YMR198W,YDR130C,0,-8.365739,0.09257037192583084,1.0,0.9834950566291809
YOR175C,YDR326C,0,-8.394114,0.09256183356046677,1.0,0.983595073223114
YMR152W,YKR097W,0,-8.399565,0.0925532877445221,1.0,0.9836950898170471
YBR036C,YOR346W,0,-8.411697,0.09254474937915802,1.0,0.983795166015625
YNL146W,YGL059W,0,-8.4138565,0.09253621101379395,1.0,0.9838951826095581
YGR026W,YPL121C,0,-8.417454,0.09252767264842987,1.0,0.9839951992034912
YOR043W,YBR040W,0,-8.448447,0.09251914173364639,1.0,0.9840952157974243
YDR033W,YNR041C,0,-8.449373,0.09251060336828232,1.0,0.9841952323913574
YDL204W,YDR420W,0,-8.457085,0.09250207245349884,1.0,0.9842953085899353
YAL023C,YKL034W,0,-8.457466,0.09249354153871536,1.0,0.9843953251838684
YML012W,YDR158W,0,-8.465506,0.09248501807451248,1.0,0.9844953417778015
YGR241C,YAR007C,0,-8.495462,0.092476487159729,1.0,0.9845953583717346
YOL105C,YBR214W,0,-8.500035,0.09246796369552612,1.0,0.9846954345703125
YJR015W,YOR391C,0,-8.509462,0.09245944023132324,1.0,0.9847954511642456
YGL191W,YDL192W,0,-8.515958,0.09245091676712036,1.0,0.9848954677581787
YJR033C,YER112W,0,-8.5182,0.09244239330291748,1.0,0.9849954843521118
YOL019W,YMR012W,0,-8.524588,0.0924338772892952,1.0,0.9850955009460449
YEL065W,YHR140W,0,-8.533295,0.09242536127567291,1.0,0.9851955771446228
YDR038C,YCL069W,0,-8.5453415,0.09241684526205063,1.0,0.9852955937385559
YER180C,YIL113W,0,-8.550629,0.09240832924842834,1.0,0.985395610332489
YNL268W,YDR031W,0,-8.566147,0.09239981323480606,1.0,0.9854956269264221
YAL053W,YLR154C,0,-8.5769,0.09239130467176437,1.0,0.985595703125
YNL322C,YMR165C,0,-8.581275,0.09238279610872269,1.0,0.9856957197189331
YDR326C,YPL149W,0,-8.582375,0.092374287545681,1.0,0.9857957363128662
YFL047W,YER106W,0,-8.602375,0.09236577898263931,1.0,0.9858957529067993
YOR076C,YDR436W,0,-8.602695,0.09235727787017822,1.0,0.9859957695007324
YNR050C,YPR032W,0,-8.608637,0.09234876930713654,1.0,0.9860958456993103
YJR058C,YER113C,0,-8.628085,0.09234026819467545,1.0,0.9861958622932434
YIL160C,YLR381W,0,-8.638555,0.09233176708221436,1.0,0.9862958788871765
YOL019W,YMR285C,0,-8.639654,0.09232326596975327,1.0,0.9863958954811096
YJL221C,YPL186C,0,-8.659716,0.09231477230787277,1.0,0.9864959716796875
YDL114W,YNL128W,0,-8.674782,0.09230627864599228,1.0,0.9865959882736206
YNL128W,YGR188C,0,-8.679424,0.09229778498411179,1.0,0.9866960048675537
YGL205W,YKL116C,0,-8.688766,0.09228929132223129,1.0,0.9867960214614868
YML116W,YNL217W,0,-8.690713,0.0922807976603508,1.0,0.9868960976600647
YER068W,YDR456W,0,-8.690917,0.0922723114490509,1.0,0.9869961142539978
YBR036C,YNR045W,0,-8.701281,0.09226381778717041,1.0,0.9870961308479309
YPL186C,YGR189C,0,-8.709296,0.09225533157587051,1.0,0.987196147441864
YDR507C,YMR311C,0,-8.714029,0.09224685281515121,1.0,0.9872961640357971
YHR101C,YPL121C,0,-8.721861,0.09223836660385132,1.0,0.987396240234375
YDL114W,YHR036W,0,-8.748401,0.09222988784313202,1.0,0.9874962568283081
YOL007C,YOR374W,0,-8.773512,0.09222140163183212,1.0,0.9875962734222412
YER114C,YER153C,0,-8.786491,0.09221292287111282,1.0,0.9876962900161743
YKR090W,YGL253W,0,-8.8063965,0.09220445156097412,1.0,0.9877963662147522
YOL105C,YJR098C,0,-8.819967,0.09219597280025482,1.0,0.9878963828086853
YER140W,YDR096W,0,-8.832445,0.09218750149011612,1.0,0.9879963994026184
YHL019C,YEL016C,0,-8.839138,0.09217903017997742,1.0,0.9880964159965515
YIL034C,YKL042W,0,-8.855403,0.09217055886983871,1.0,0.9881964325904846
YJR076C,YLR176C,0,-8.857775,0.09216208755970001,1.0,0.9882965087890625
YDR388W,YML015C,0,-8.858633,0.0921536237001419,1.0,0.9883965253829956
YLR414C,YOR374W,0,-8.861431,0.0921451523900032,1.0,0.9884965419769287
YDR093W,YML081C-A,0,-8.871067,0.0921366885304451,1.0,0.9885965585708618
YFL047W,YER111C,0,-8.871429,0.092128224670887,1.0,0.9886966347694397
YMR086W,YDL056W,0,-8.873483,0.09211976826190948,1.0,0.9887966513633728
YFL047W,YER012W,0,-8.874802,0.09211130440235138,1.0,0.9888966679573059
YKL218C,YLR079W,0,-8.878563,0.09210284799337387,1.0,0.988996684551239
YAR019C,YHR181W,0,-8.889885,0.09209439158439636,1.0,0.9890967011451721
YPR122W,YOR270C,0,-8.890179,0.09208593517541885,1.0,0.98919677734375
YML012W,YPR081C,0,-8.891195,0.09207747876644135,1.0,0.9892967939376831
YHR161C,YAL062W,0,-8.900204,0.09206902980804443,1.0,0.9893968105316162
YMR152W,YER112W,0,-8.904041,0.09206058084964752,1.0,0.9894968271255493
YDL127W,YKL042W,0,-8.905148,0.09205213189125061,1.0,0.9895969033241272
YKR090W,YDL056W,0,-8.90897,0.0920436829328537,1.0,0.9896969199180603
YDR011W,YGR184C,0,-8.948989,0.09203523397445679,1.0,0.9897969365119934
YOL019W,YMR152W,0,-8.94974,0.09202679246664047,1.0,0.9898969531059265
YAR019C,YKR030W,0,-8.952008,0.09201835095882416,1.0,0.9899969696998596
YPR156C,YOR127W,0,-8.963316,0.09200990945100784,1.0,0.9900970458984375
YDR038C,YFL041W,0,-8.967556,0.09200146794319153,1.0,0.9901970624923706
YPR122W,YDR380W,0,-8.972536,0.09199302643537521,1.0,0.9902970790863037
YFL047W,YBR207W,0,-8.978065,0.0919845923781395,1.0,0.9903970956802368
YPL269W,YDR069C,0,-8.988543,0.09197615832090378,1.0,0.9904971718788147
YGR026W,YCL069W,0,-9.00473,0.09196772426366806,1.0,0.9905971884727478
YAL053W,YOL019W,0,-9.008577,0.09195929020643234,1.0,0.9906972050666809
YDR532C,YOL030W,0,-9.012978,0.09195086359977722,1.0,0.990797221660614
YDR356W,YIL113W,0,-9.021426,0.0919424295425415,1.0,0.9908972978591919
YAL023C,YBR214W,0,-9.038541,0.09193400293588638,1.0,0.990997314453125
YLR237W,YMR022W,0,-9.0533085,0.09192557632923126,1.0,0.9910973310470581
YGR191W,YLR438C-A,0,-9.064149,0.09191715717315674,1.0,0.9911973476409912
YOR076C,YIR017C,0,-9.068308,0.09190873056650162,1.0,0.9912973642349243
YGR191W,YML087C,0,-9.073084,0.0919003114104271,1.0,0.9913974404335022
YML012W,YER173W,0,-9.126379,0.09189189225435257,1.0,0.9914974570274353
YJR076C,YER184C,0,-9.15395,0.09188347309827805,1.0,0.9915974736213684
YPR156C,YER082C,0,-9.160713,0.09187505394220352,1.0,0.9916974902153015
YKR037C,YIR017C,0,-9.216484,0.0918666422367096,1.0,0.9917975664138794
YPR028W,YBR283C,0,-9.234459,0.09185823053121567,1.0,0.9918975830078125
YER114C,YDR362C,0,-9.236961,0.09184981882572174,1.0,0.9919975996017456
YPR032W,YNL115C,0,-9.264854,0.09184140712022781,1.0,0.9920976161956787
YER114C,YGR086C,0,-9.280766,0.09183299541473389,1.0,0.9921976327896118
YOR127W,YOR244W,0,-9.284195,0.09182459115982056,1.0,0.9922977089881897
YNL101W,YPR054W,0,-9.310722,0.09181618690490723,1.0,0.9923977255821228
YOR326W,YPL155C,0,-9.369985,0.0918077826499939,1.0,0.9924977421760559
YGR191W,YPR042C,0,-9.390272,0.09179937839508057,1.0,0.992597758769989
YDR093W,YOR244W,0,-9.406835,0.09179097414016724,1.0,0.9926978349685669
YER114C,YNL146W,0,-9.443179,0.0917825773358345,1.0,0.9927978515625
YBL037W,YKL017C,0,-9.443361,0.09177418053150177,1.0,0.9928978681564331
YDR093W,YDL130W-A,0,-9.444603,0.09176578372716904,1.0,0.9929978847503662
YFL047W,YJR098C,0,-9.451298,0.0917573869228363,1.0,0.9930979013442993
YOL105C,YNL158W,0,-9.459705,0.09174899011850357,1.0,0.9931979775428772
YPR156C,YDR013W,0,-9.462172,0.09174060076475143,1.0,0.9932979941368103
YFL047W,YHR160C,0,-9.501079,0.0917322114109993,1.0,0.9933980107307434
YLR414C,YNL128W,0,-9.52681,0.09172382205724716,1.0,0.9934980273246765
YLR237W,YMR037C,0,-9.536331,0.09171543270349503,1.0,0.9935981035232544
YDR011W,YNL098C,0,-9.561613,0.09170705080032349,1.0,0.9936981201171875
YCR020C,YNL227C,0,-9.564449,0.09169866889715195,1.0,0.9937981367111206
YGR241C,YOL123W,0,-9.684248,0.09169027954339981,1.0,0.9938981533050537
YPR122W,YGR279C,0,-9.70419,0.09168189764022827,1.0,0.9939981698989868
YBR036C,YIL155C,0,-9.721927,0.09167352318763733,1.0,0.9940982460975647
YDR038C,YHL036W,0,-9.744547,0.09166514128446579,1.0,0.9941982626914978
YGR241C,YPL202C,0,-9.746592,0.09165676683187485,1.0,0.9942982792854309
YJL097W,YBR241C,0,-9.753729,0.0916483923792839,1.0,0.994398295879364
YFL047W,YOR391C,0,-9.824878,0.09164001792669296,1.0,0.9944983720779419
YOL105C,YNL331C,0,-9.828783,0.09163164347410202,1.0,0.994598388671875
YPR032W,YOR221C,0,-9.846557,0.09162327647209167,1.0,0.9946984052658081
YAL053W,YOR046C,0,-9.849682,0.09161490947008133,1.0,0.9947984218597412
YKR090W,YER036C,0,-9.86614,0.09160654246807098,1.0,0.9948984980583191
YAL053W,YDR103W,0,-9.89446,0.09159817546606064,1.0,0.9949985146522522
YML116W,YJL048C,0,-9.905146,0.09158980846405029,1.0,0.9950985312461853
YKR090W,YLR109W,0,-9.908339,0.09158144891262054,1.0,0.9951985478401184
YML012W,YOR228C,0,-9.913282,0.0915730819106102,1.0,0.9952985644340515
YGR191W,YPL153C,0,-9.959355,0.09156472235918045,1.0,0.9953986406326294
YDL146W,YDR507C,0,-10.069803,0.0915563702583313,1.0,0.9954986572265625
YDR011W,YDR117C,0,-10.105633,0.09154801070690155,1.0,0.9955986738204956
YGR241C,YLR371W,0,-10.113817,0.0915396586060524,1.0,0.9956986904144287
YGR241C,YIL101C,0,-10.163998,0.09153129905462265,1.0,0.9957987666130066
YBL037W,YER106W,0,-10.166221,0.0915229469537735,1.0,0.9958987832069397
YPR122W,YOR014W,0,-10.195867,0.09151459485292435,1.0,0.9959987998008728
YOL105C,YDR044W,0,-10.199907,0.09150625020265579,1.0,0.9960988163948059
YJR076C,YDR166C,0,-10.322014,0.09149790555238724,1.0,0.996198832988739
YJR076C,YMR017W,0,-10.376848,0.09148955345153809,1.0,0.9962989091873169
YBR159W,YOR374W,0,-10.398378,0.09148120880126953,1.0,0.99639892578125
YKR090W,YPL091W,0,-10.407759,0.09147287160158157,1.0,0.9964989423751831
YAL053W,YGR191W,0,-10.41334,0.09146452695131302,1.0,0.9965989589691162
YER114C,YBR040W,0,-10.42379,0.09145618975162506,1.0,0.9966990351676941
YGR241C,YKR030W,0,-10.485586,0.0914478451013565,1.0,0.9967990517616272
YFL047W,YPL026C,0,-10.500145,0.09143950790166855,1.0,0.9968990683555603
YFL047W,YER045C,0,-10.501633,0.09143117815256119,1.0,0.9969990849494934
YOR326W,YNL115C,0,-10.53024,0.09142284095287323,1.0,0.9970991015434265
YAR019C,YPL060W,0,-10.603374,0.09141451120376587,1.0,0.9971991777420044
YBR159W,YOL100W,0,-10.6464405,0.09140618145465851,1.0,0.9972991943359375
YGR241C,YGR156W,0,-10.672266,0.09139785170555115,1.0,0.9973992109298706
YDR011W,YDL115C,0,-10.752066,0.09138952195644379,1.0,0.9974992275238037
YGR241C,YDR166C,0,-10.797741,0.09138119220733643,1.0,0.9975993037223816
YBR036C,YPL123C,0,-10.819074,0.09137286990880966,1.0,0.9976993203163147
YGR241C,YMR004W,0,-10.83471,0.0913645476102829,1.0,0.9977993369102478
YKR090W,YOR124C,0,-10.835186,0.09135622531175613,1.0,0.9978993535041809
YFL047W,YDR074W,0,-10.8626995,0.09134790301322937,1.0,0.997999370098114
YDR166C,YGR061C,0,-10.863009,0.0913395881652832,1.0,0.9980994462966919
YJL073W,YNR007C,0,-10.867345,0.09133126586675644,1.0,0.998199462890625
YBR159W,YLR356W,0,-11.003187,0.09132295101881027,1.0,0.9982994794845581
YPR122W,YLR246W,0,-11.0801115,0.0913146361708641,1.0,0.9983994960784912
YKR090W,YPL214C,0,-11.105093,0.09130632877349854,1.0,0.9984995722770691
YAL053W,YPR031W,0,-11.354545,0.09129801392555237,1.0,0.9985995888710022
YDL146W,YLR430W,0,-11.445616,0.0912897065281868,1.0,0.9986996054649353
YKR090W,YKL140W,0,-11.618492,0.09128139913082123,1.0,0.9987996220588684
YDR166C,YER020W,0,-11.7769375,0.09127309173345566,1.0,0.9988996982574463
YHR161C,YGL123W,0,-11.871358,0.09126478433609009,1.0,0.9989997148513794
YKL089W,YIL136W,0,-11.917145,0.09125648438930511,1.0,0.9990997314453125
YKR090W,YIL112W,0,-12.030066,0.09124817699193954,1.0,0.9991997480392456
YPR122W,YDR252W,0,-12.157544,0.09123987704515457,1.0,0.9992997646331787
YHR161C,YNL101W,0,-12.2245655,0.0912315845489502,1.0,0.9993998408317566
YAL053W,YJR045C,0,-12.3112545,0.09122328460216522,1.0,0.9994998574256897
YAL053W,YER030W,0,-12.394861,0.09121498465538025,1.0,0.9995998740196228
YHR161C,YDL115C,0,-12.400241,0.09120669215917587,1.0,0.9996998906135559
YHR161C,YMR017W,0,-12.88158,0.0911983996629715,1.0,0.9997999668121338
YKR090W,YOL071W,0,-12.915197,0.09119010716676712,1.0,0.9998999834060669
YHR161C,YBR030W,0,-13.295797,0.09118181467056274,1.0,1.0
