Gene A,Gene B,Label,Score,Precision,Recall,False Positive Rate
YMR315W,YJL124C,0,,0.0,0.0,0.00024630542611703277
YKL013C,YMR054W,0,,0.0,0.0,0.0004926108522340655
YPL213W,YMR075W,0,,0.0,0.0,0.0007389162783510983
YPR190C,YKL095W,0,,0.0,0.0,0.000985221704468131
YJL172W,YER145C,0,,0.0,0.0,0.001231527072377503
YBR002C,YHR179W,0,,0.0,0.0,0.0014778325567021966
YOR074C,YOR215C,0,,0.0,0.0,0.0017241379246115685
YGR081C,YPL131W,0,,0.0,0.0,0.001970443408936262
YMR137C,YGR255C,0,,0.0,0.0,0.002216748660430312
YLR244C,YLR394W,0,,0.0,0.0,0.002463054144755006
YKL186C,YDL039C,0,,0.0,0.0,0.0027093596290796995
YER130C,YOR351C,0,,0.0,0.0,0.002955665113404393
YKL007W,YGR155W,0,,0.0,0.0,0.0032019703648984432
YNL309W,YPL093W,0,,0.0,0.0,0.003448275849223137
YCL004W,YPR125W,0,,0.0,0.0,0.0036945813335478306
YOL129W,YLR042C,0,,0.0,0.0,0.003940886817872524
YOL103W-B,YDR062W,0,,0.0,0.0,0.004187192302197218
YMR078C,YIL083C,0,,0.0,0.0,0.004433497320860624
YLR206W,YNL262W,0,,0.0,0.0,0.004679802805185318
YGR109W-B,YER104W,0,,0.0,0.0,0.004926108289510012
YHR109W,YGR089W,0,,0.0,0.0,0.005172413773834705
YOL093W,YNL219C,0,,0.0,0.0,0.005418719258159399
YCR030C,YJL213W,0,,0.0,0.0,0.005665024742484093
YOL107W,YMR193W,0,,0.0,0.0,0.005911330226808786
YKL165C,YJL206C,0,,0.0,0.0,0.006157635245472193
YNL271C,YDR140W,0,,0.0,0.0,0.0064039407297968864
YDR205W,YLR164W,0,,0.0,0.0,0.00665024621412158
YEL036C,YNL309W,0,,0.0,0.0,0.006896551698446274
YDL061C,YBR120C,0,,0.0,0.0,0.0071428571827709675
YHR164C,YGR020C,0,,0.0,0.0,0.007389162667095661
YGL237C,YGL046W,0,,0.0,0.0,0.007635468151420355
YJL011C,YAL031C,0,,0.0,0.0,0.007881773635745049
YPR113W,YBL058W,0,,0.0,0.0,0.008128078654408455
YMR276W,YBR120C,0,,0.0,0.0,0.008374384604394436
YEL069C,YLR391W-A,0,,0.0,0.0,0.008620689623057842
YOL090W,YOL040C,0,,0.0,0.0,0.008866994641721249
YDR498C,YKL165C,0,,0.0,0.0,0.00911330059170723
YKL090W,YGR052W,0,,0.0,0.0,0.009359605610370636
YOR310C,YGL244W,0,,0.0,0.0,0.009605911560356617
YLR312W-A,YDL208W,0,,0.0,0.0,0.009852216579020023
YKL171W,YCR055C,0,,0.0,0.0,0.010098522529006004
YPL064C,YER175C,0,,0.0,0.0,0.01034482754766941
YOL103W-B,YOR243C,0,,0.0,0.0,0.010591132566332817
YEL012W,YGR214W,0,,0.0,0.0,0.010837438516318798
YLR009W,YIL017W,0,,0.0,0.0,0.011083743534982204
YMR194W,YLR344W,0,,0.0,0.0,0.011330049484968185
YPL163C,YGR222W,0,,0.0,0.0,0.011576354503631592
YBR067C,YCL057W,0,,0.0,0.0,0.011822660453617573
YCR093W,YBL098W,0,,0.0,0.0,0.01206896547228098
YMR270C,YMR159C,0,,0.0,0.0,0.012315270490944386
YDR196C,YDR172W,0,,0.0,0.0,0.012561576440930367
YBR081C,YNL027W,0,,0.0,0.0,0.012807881459593773
YDR059C,YKL064W,0,,0.0,0.0,0.013054187409579754
YMR033W,YDR211W,0,,0.0,0.0,0.01330049242824316
YDR083W,YNL282W,0,,0.0,0.0,0.013546798378229141
YNL282W,YOR187W,0,,0.0,0.0,0.013793103396892548
YIL177C,YML039W,0,,0.0,0.0,0.014039408415555954
YHR119W,YJR103W,0,,0.0,0.0,0.014285714365541935
YNL258C,YKL022C,0,,0.0,0.0,0.014532019384205341
YML032C,YNL304W,0,,0.0,0.0,0.014778325334191322
YPL129W,YGL148W,0,,0.0,0.0,0.015024630352854729
YGL094C,YBR093C,0,,0.0,0.0,0.01527093630284071
YOR212W,YBR150C,0,,0.0,0.0,0.015517241321504116
YPR204W,YBR120C,0,,0.0,0.0,0.015763547271490097
YDR498C,YFL045C,0,,0.0,0.0,0.016009852290153503
YBR115C,YOL040C,0,,0.0,0.0,0.01625615730881691
YHR164C,YOR261C,0,,0.0,0.0,0.016502462327480316
YOR243C,YHR082C,0,,0.0,0.0,0.016748769208788872
YHR164C,YDR167W,0,,0.0,0.0,0.016995074227452278
YER014C-A,YDL084W,0,,0.0,0.0,0.017241379246115685
YDR392W,YHR168W,0,,0.0,0.0,0.01748768426477909
YOR025W,YOR338W,0,,0.0,0.0,0.017733989283442497
YOR187W,YCL032W,0,,0.0,0.0,0.017980296164751053
YOL141W,YER014C-A,0,,0.0,0.0,0.01822660118341446
YBR287W,YLL061W,0,,0.0,0.0,0.018472906202077866
YMR013C,YCR046C,0,,0.0,0.0,0.018719211220741272
YDR512C,YML097C,0,,0.0,0.0,0.018965518102049828
YLR129W,YKL175W,0,,0.0,0.0,0.019211823120713234
YPL099C,YDL015C,0,,0.0,0.0,0.01945812813937664
YMR319C,YOR285W,0,,0.0,0.0,0.019704433158040047
YBL005W-B,YCR055C,0,,0.0,0.0,0.019950738176703453
YPL082C,YHR135C,0,,0.0,0.0,0.02019704505801201
YLL051C,YKL061W,0,,0.0,0.0,0.020443350076675415
YML097C,YLR270W,0,,0.0,0.0,0.02068965509533882
YGR109W-B,YLR251W,0,,0.0,0.0,0.020935960114002228
YJL214W,YCR097WB,0,,0.0,0.0,0.021182265132665634
YGR238C,YNL182C,0,,0.0,0.0,0.02142857201397419
YLR344W,YJL081C,0,,0.0,0.0,0.021674877032637596
YLR380W,YKL085W,0,,0.0,0.0,0.021921182051301003
YOR378W,YDR392W,0,,0.0,0.0,0.02216748706996441
YHR005C-A,YCR002C,0,,0.0,0.0,0.022413793951272964
YGR251W,YPR030W,0,,0.0,0.0,0.02266009896993637
YBL011W,YPR138C,0,,0.0,0.0,0.022906403988599777
YDR492W,YEL029C,0,,0.0,0.0,0.023152709007263184
YKL119C,YER137C,0,,0.0,0.0,0.02339901402592659
YPR189W,YDR072C,0,,0.0,0.0,0.023645320907235146
YFL054C,YDL039C,0,,0.0,0.0,0.023891625925898552
YGL037C,YOL136C,0,,0.0,0.0,0.02413793094456196
YMR115W,YMR229C,0,,0.0,0.0,0.024384235963225365
YDR261C-D,YGL190C,0,,0.0,0.0,0.02463054098188877
YER022W,YIL083C,0,,0.0,0.0,0.024876847863197327
YLL029W,YMR112C,0,,0.0,0.0,0.025123152881860733
YJR010W,YDR310C,0,,0.0,0.0,0.02536945790052414
YFL033C,YOR338W,0,,0.0,0.0,0.025615762919187546
YIL143C,YJR140C,0,,0.0,0.0,0.0258620698004961
YIR005W,YKL124W,0,,0.0,0.0,0.026108374819159508
YBR080C,YDL047W,0,,0.0,0.0,0.026354679837822914
YCR093W,YGR084C,0,,0.0,0.0,0.02660098485648632
YER103W,YKL168C,0,,0.0,0.0,0.026847289875149727
YIR011C,YDR210C-C,0,,0.0,0.0,0.027093596756458282
YDR167W,YMR273C,0,,0.0,0.0,0.02733990177512169
YDR079W,YER190W,0,,0.0,0.0,0.027586206793785095
YOL107W,YMR136W,0,,0.0,0.0,0.0278325118124485
YBR187W,YDR472W,0,,0.0,0.0,0.028078816831111908
YLR440C,YKL022C,0,,0.0,0.0,0.028325123712420464
YER022W,YDR476C,0,,0.0,0.0,0.02857142873108387
YDR067C,YPL113C,0,,0.0,0.0,0.028817733749747276
YOR317W,YCL043C,0,,0.0,0.0,0.029064038768410683
YLR005W,YDR444W,0,,0.0,0.0,0.02931034564971924
YNL050C,YMR025W,0,,0.0,0.0,0.029556650668382645
YGR052W,YHR039C-A,0,,0.0,0.0,0.02980295568704605
YML030W,YEL041W,0,,0.0,0.0,0.030049260705709457
YPL113C,YKL095W,0,,0.0,0.0,0.030295565724372864
YMR061W,YHR109W,0,,0.0,0.0,0.03054187260568142
YMR241W,YJL124C,0,,0.0,0.0,0.030788177624344826
YLR353W,YOR162C,0,,0.0,0.0,0.031034482643008232
YJL171C,YOR340C,0,,0.0,0.0,0.03128078952431679
YLL041C,YPL119C,0,,0.0,0.0,0.031527094542980194
YMR054W,YDL070W,0,,0.0,0.0,0.0317733995616436
YOL086C,YPR001W,0,,0.0,0.0,0.03201970458030701
YHR174W,YGL190C,0,,0.0,0.0,0.03226600959897041
YNL073W,YGL183C,0,,0.0,0.0,0.03251231461763382
YDL074C,YCL034W,0,,0.0,0.0,0.032758619636297226
YML051W,YFR031C,0,,0.0,0.0,0.03300492465496063
YOL054W,YOL101C,0,,0.0,0.0,0.03325122967362404
YOR304W,YMR034C,0,,0.0,0.0,0.033497538417577744
YGR281W,YIL017W,0,,0.0,0.0,0.03374384343624115
YOR297C,YGL200C,0,,0.0,0.0,0.033990148454904556
YFL033C,YLR024C,0,,0.0,0.0,0.03423645347356796
YGR252W,YDR416W,0,,0.0,0.0,0.03448275849223137
YDR512C,YJL053W,0,,0.0,0.0,0.034729063510894775
YBR066C,YMR321C,0,,0.0,0.0,0.03497536852955818
YOR025W,YHR109W,0,,0.0,0.0,0.03522167354822159
YOL103W-B,YMR246W,0,,0.0,0.0,0.035467978566884995
YMR200W,YMR210W,0,,0.0,0.0,0.0357142873108387
YPL007C,YJL117W,0,,0.0,0.0,0.035960592329502106
YNL314W,YMR046C,0,,0.0,0.0,0.03620689734816551
YLR395C,YLR009W,0,,0.0,0.0,0.03645320236682892
YPL122C,YJL206C,0,,0.0,0.0,0.036699507385492325
YJL214W,YFR052W,0,,0.0,0.0,0.03694581240415573
YOR327C,YPL065W,0,,0.0,0.0,0.03719211742281914
YKL119C,YJR021C,0,,0.0,0.0,0.037438422441482544
YPL259C,YGL216W,0,,0.0,0.0,0.03768472746014595
YFR013W,YCR097WB,0,,0.0,0.0,0.037931036204099655
YOR299W,YFR036W,0,,0.0,0.0,0.03817734122276306
YHR175W,YDL111C,0,,0.0,0.0,0.03842364624142647
YBR125C,YDR014W-A,0,,0.0,0.0,0.038669951260089874
YBR080C,YPL027W,0,,0.0,0.0,0.03891625627875328
YCL003W,YOL151W,0,,0.0,0.0,0.03916256129741669
YOL082W,YJR103W,0,,0.0,0.0,0.03940886631608009
YAR027W,YLR268W,0,,0.0,0.0,0.0396551713347435
YKL001C,YJR103W,0,,0.0,0.0,0.039901476353406906
YJL213W,YJR034W,0,,0.0,0.0,0.04014778509736061
YOL038W,YAL031C,0,,0.0,0.0,0.04039409011602402
YLL029W,YHR175W,0,,0.0,0.0,0.040640395134687424
YDR310C,YBR010W,0,,0.0,0.0,0.04088670015335083
YGL180W,YKL203C,0,,0.0,0.0,0.041133005172014236
YER175C,YDL227C,0,,0.0,0.0,0.04137931019067764
YIL095W,YOR008C,0,,0.0,0.0,0.04162561520934105
YFL038C,YGL244W,0,,0.0,0.0,0.041871920228004456
YLR300W,YHR082C,0,,0.0,0.0,0.04211822524666786
YEL041W,YCL034W,0,,0.0,0.0,0.04236453026533127
YPR127W,YLR391W,0,,0.0,0.0,0.04261083900928497
YHR132C,YLR270W,0,,0.0,0.0,0.04285714402794838
YMR169C,YKL161C,0,,0.0,0.0,0.043103449046611786
YOL107W,YJL029C,0,,0.0,0.0,0.04334975406527519
YDL024C,YHR039C-A,0,,0.0,0.0,0.0435960590839386
YMR269W,YNL052W,0,,0.0,0.0,0.043842364102602005
YKL097W-A,YDR353W,0,,0.0,0.0,0.04408866912126541
YMR227C,YGR155W,0,,0.0,0.0,0.04433497413992882
YCL074W,YMR159C,0,,0.0,0.0,0.044581279158592224
YMR033W,YOR215C,0,,0.0,0.0,0.04482758790254593
YFR031C,YER171W,0,,0.0,0.0,0.045073892921209335
YMR039C,YCL025C,0,,0.0,0.0,0.04532019793987274
YCR080W,YDR173C,0,,0.0,0.0,0.04556650295853615
YBR177C,YKL003C,0,,0.0,0.0,0.045812807977199554
YJL060W,YLR153C,0,,0.0,0.0,0.04605911299586296
YKL170W,YPR163C,0,,0.0,0.0,0.04630541801452637
YPL122C,YIL080W,0,,0.0,0.0,0.046551723033189774
YOR187W,YNR028W,0,,0.0,0.0,0.04679802805185318
YJL225C,YDL208W,0,,0.0,0.0,0.047044336795806885
YML036W,YOL054W,0,,0.0,0.0,0.04729064181447029
YDL107W,YOR219C,0,,0.0,0.0,0.0475369468331337
YBR006W,YMR218C,0,,0.0,0.0,0.047783251851797104
YGR225W,YGL244W,0,,0.0,0.0,0.04802955687046051
YLR047C,YOR085W,0,,0.0,0.0,0.04827586188912392
YER050C,YGR175C,0,,0.0,0.0,0.04852216690778732
YPL110C,YJL171C,0,,0.0,0.0,0.04876847192645073
YGR095C,YDL225W,0,,0.0,0.0,0.049014776945114136
YER013W,YAR027W,0,,0.0,0.0,0.04926108196377754
YMR218C,YLR024C,0,,0.0,0.0,0.04950739070773125
YJL194W,YKR056W,0,,0.0,0.0,0.04975369572639465
YPL167C,YBR192W,0,,0.0,0.0,0.05000000074505806
YJR078W,YOL102C,0,,0.0,0.0,0.050246305763721466
YKR057W,YER168C,0,,0.0,0.0,0.05049261078238487
YMR054W,YGR216C,0,,0.0,0.0,0.05073891580104828
YLR025W,YJR063W,0,,0.0,0.0,0.050985220819711685
YKL090W,YPR159W,0,,0.0,0.0,0.05123152583837509
YJR070C,YBR020W,0,,0.0,0.0,0.0514778308570385
YJL192C,YDR353W,0,,0.0,0.0,0.0517241396009922
YDR405W,YJR083C,0,,0.0,0.0,0.05197044461965561
YOL145C,YML006C,0,,0.0,0.0,0.052216749638319016
YLR394W,YPR043W,0,,0.0,0.0,0.05246305465698242
YDR476C,YPL167C,0,,0.0,0.0,0.05270935967564583
YLR029C,YJL171C,0,,0.0,0.0,0.052955664694309235
YHR002W,YOR340C,0,,0.0,0.0,0.05320196971297264
YNL138W-A,YNL298W,0,,0.0,0.0,0.05344827473163605
YKL007W,YHR057C,0,,0.0,0.0,0.053694579750299454
YMR008C,YEL036C,0,,0.0,0.0,0.05394088849425316
YKL119C,YDR285W,0,,0.0,0.0,0.054187193512916565
YDR034C,YDR476C,0,,0.0,0.0,0.05443349853157997
YPR162C,YNL239W,0,,0.0,0.0,0.05467980355024338
YMR049C,YLR391W-A,0,,0.0,0.0,0.054926108568906784
YNL160W,YLR251W,0,,0.0,0.0,0.05517241358757019
YLR295C,YML132W,0,,0.0,0.0,0.0554187186062336
YLL008W,YNL307C,0,,0.0,0.0,0.055665023624897
YBR202W,YLR309C,0,,0.0,0.0,0.05591132864356041
YKL067W,YLR224W,0,,0.0,0.0,0.056157633662223816
YGR221C,YML036W,0,,0.0,0.0,0.05640394240617752
YEL069C,YKL200C,0,,0.0,0.0,0.05665024742484093
YNR067C,YOR020C,0,,0.0,0.0,0.056896552443504333
YFR052W,YGL216W,0,,0.0,0.0,0.05714285746216774
YPR127W,YGL259W,0,,0.0,0.0,0.057389162480831146
YOR159C,YPL273W,0,,0.0,0.0,0.05763546749949455
YLR425W,YNL182C,0,,0.0,0.0,0.05788177251815796
YPL127C,YDR306C,0,,0.0,0.0,0.058128077536821365
YLR183C,YMR115W,0,,0.0,0.0,0.05837438255548477
YDL045W-A,YBR026C,0,,0.0,0.0,0.05862069129943848
YDR144C,YLR024C,0,,0.0,0.0,0.05886699631810188
YOR209C,YLR016C,0,,0.0,0.0,0.05911330133676529
YPL218W,YKL003C,0,,0.0,0.0,0.059359606355428696
YNL010W,YKL182W,0,,0.0,0.0,0.0596059113740921
YGL244W,YKL182W,0,,0.0,0.0,0.05985221639275551
YEL043W,YOR327C,0,,0.0,0.0,0.060098521411418915
YER138C,YMR065W,0,,0.0,0.0,0.06034482643008232
YJL140W,YKL203C,0,,0.0,0.0,0.06059113144874573
YDR164C,YOR099W,0,,0.0,0.0,0.06083744019269943
YMR179W,YNR072W,0,,0.0,0.0,0.06108374521136284
YLR047C,YDL077C,0,,0.0,0.0,0.061330050230026245
YOR310C,YJL213W,0,,0.0,0.0,0.06157635524868965
YMR246W,YML132W,0,,0.0,0.0,0.06182266026735306
YOR279C,YKL130C,0,,0.0,0.0,0.062068965286016464
YBL028C,YNL122C,0,,0.0,0.0,0.06231527030467987
YLR187W,YGL220W,0,,0.0,0.0,0.06256157904863358
YDR364C,YML132W,0,,0.0,0.0,0.06280788034200668
YBR059C,YIL133C,0,,0.0,0.0,0.06305418908596039
YFL066C,YDR472W,0,,0.0,0.0,0.0633004903793335
YOR147W,YGR118W,0,,0.0,0.0,0.0635467991232872
YLR291C,YGR118W,0,,0.0,0.0,0.06379310041666031
YBL005W-B,YDL198C,0,,0.0,0.0,0.06403940916061401
YBR172C,YOR299W,0,,0.0,0.0,0.06428571790456772
YPR190C,YLR278C,0,,0.0,0.0,0.06453201919794083
YNL281W,YBL011W,0,,0.0,0.0,0.06477832794189453
YJR021C,YLR386W,0,,0.0,0.0,0.06502462923526764
YNL231C,YMR213W,0,,0.0,0.0,0.06527093797922134
YIL021W,YLR348C,0,,0.0,0.0,0.06551723927259445
YJR010W,YDR496C,0,,0.0,0.0,0.06576354801654816
YOL155C,YDR262W,0,,0.0,0.0,0.06600984930992126
YPL042C,YBR173C,0,,0.0,0.0,0.06625615805387497
YJL114W,YLR113W,0,,0.0,0.0,0.06650245934724808
YNR031C,YMR046C,0,,0.0,0.0,0.06674876809120178
YKR055W,YGR216C,0,,0.0,0.0,0.06699507683515549
YDL227C,YDR429C,0,,0.0,0.0,0.0672413781285286
YOR071C,YHR109W,0,,0.0,0.0,0.0674876868724823
YDR233C,YOR285W,0,,0.0,0.0,0.06773398816585541
YCR080W,YDL047W,0,,0.0,0.0,0.06798029690980911
YLR359W,YOR299W,0,,0.0,0.0,0.06822659820318222
YBL034C,YCR012W,0,,0.0,0.0,0.06847290694713593
YDR245W,YJR032W,0,,0.0,0.0,0.06871920824050903
YOR237W,YCR002C,0,,0.0,0.0,0.06896551698446274
YGL172W,YJR133W,0,,0.0,0.0,0.06921182572841644
YBR125C,YER138C,0,,0.0,0.0,0.06945812702178955
YIL094C,YDR461W,0,,0.0,0.0,0.06970443576574326
YDR378C,YLL034C,0,,0.0,0.0,0.06995073705911636
YPR194C,YOR106W,0,,0.0,0.0,0.07019704580307007
YLL017W,YDL083C,0,,0.0,0.0,0.07044334709644318
YAL017W,YLR042C,0,,0.0,0.0,0.07068965584039688
YBL005W-B,YAL024C,0,,0.0,0.0,0.07093595713376999
YBR075W,YDR496C,0,,0.0,0.0,0.0711822658777237
YKL041W,YML099C,0,,0.0,0.0,0.0714285746216774
YGR161W-B,YGR052W,0,,0.0,0.0,0.0716748759150505
YKL165C,YMR159C,0,,0.0,0.0,0.07192118465900421
YPR035W,YGL019W,0,,0.0,0.0,0.07216748595237732
YFR013W,YDR285W,0,,0.0,0.0,0.07241379469633102
YNL231C,YNL238W,0,,0.0,0.0,0.07266009598970413
YPL134C,YDR416W,0,,0.0,0.0,0.07290640473365784
YCR080W,YCL052C,0,,0.0,0.0,0.07315270602703094
YMR168C,YER090W,0,,0.0,0.0,0.07339901477098465
YBR150C,YMR097C,0,,0.0,0.0,0.07364532351493835
YML097C,YIL076W,0,,0.0,0.0,0.07389162480831146
YMR218C,YER190W,0,,0.0,0.0,0.07413793355226517
YDR492W,YOL155C,0,,0.0,0.0,0.07438423484563828
YDL179W,YEL041W,0,,0.0,0.0,0.07463054358959198
YPL078C,YDR410C,0,,0.0,0.0,0.07487684488296509
YMR172W,YCR055C,0,,0.0,0.0,0.07512315362691879
YLR383W,YGL060W,0,,0.0,0.0,0.0753694549202919
YIR011C,YOR261C,0,,0.0,0.0,0.0756157636642456
YER150W,YMR296C,0,,0.0,0.0,0.07586207240819931
YPR196W,YLL040C,0,,0.0,0.0,0.07610837370157242
YLR107W,YOL026C,0,,0.0,0.0,0.07635468244552612
YGR285C,YOL053C-A,0,,0.0,0.0,0.07660098373889923
YPR191W,YNL026W,0,,0.0,0.0,0.07684729248285294
YJL004C,YLR227W-B,0,,0.0,0.0,0.07709359377622604
YOR084W,YOR222W,0,,0.0,0.0,0.07733990252017975
YNL008C,YPL180W,0,,0.0,0.0,0.07758620381355286
YDR371W,YJL178C,0,,0.0,0.0,0.07783251255750656
YHR074W,YAL038W,0,,0.0,0.0,0.07807882130146027
YGR281W,YEL037C,0,,0.0,0.0,0.07832512259483337
YOR349W,YJR112W,0,,0.0,0.0,0.07857143133878708
YDL245C,YER074W,0,,0.0,0.0,0.07881773263216019
YDR419W,YLR160C,0,,0.0,0.0,0.07906404137611389
YMR019W,YNL182C,0,,0.0,0.0,0.079310342669487
YDR233C,YOR327C,0,,0.0,0.0,0.0795566514134407
YJL024C,YBR096W,0,,0.0,0.0,0.07980295270681381
YGR276C,YNL259C,0,,0.0,0.0,0.08004926145076752
YIR005W,YCR012W,0,,0.0,0.0,0.08029557019472122
YBR081C,YMR033W,0,,0.0,0.0,0.08054187148809433
YDR414C,YOL102C,0,,0.0,0.0,0.08078818023204803
YOR206W,YLR029C,0,,0.0,0.0,0.08103448152542114
YHR179W,YGR113W,0,,0.0,0.0,0.08128079026937485
YEL037C,YPR198W,0,,0.0,0.0,0.08152709156274796
YDR245W,YER002W,0,,0.0,0.0,0.08177340030670166
YBR066C,YML045W-A,0,,0.0,0.0,0.08201970160007477
YLR314C,YAL016W,0,,0.0,0.0,0.08226601034402847
YLR264W,YGL220W,0,,0.0,0.0,0.08251231163740158
YDR476C,YPL050C,0,,0.0,0.0,0.08275862038135529
YNL172W,YOL038W,0,,0.0,0.0,0.08300492912530899
YCL036W,YGL014W,0,,0.0,0.0,0.0832512304186821
YJR036C,YDL024C,0,,0.0,0.0,0.0834975391626358
YPL180W,YOL136C,0,,0.0,0.0,0.08374384045600891
YPR189W,YLR042C,0,,0.0,0.0,0.08399014919996262
YJL087C,YBR115C,0,,0.0,0.0,0.08423645049333572
YML056C,YLR042C,0,,0.0,0.0,0.08448275923728943
YDL107W,YDR138W,0,,0.0,0.0,0.08472906053066254
YBR150C,YKL096W-A,0,,0.0,0.0,0.08497536927461624
YGR229C,YER019C-A,0,,0.0,0.0,0.08522167801856995
YDR263C,YJL079C,0,,0.0,0.0,0.08546797931194305
YNL290W,YER019C-A,0,,0.0,0.0,0.08571428805589676
YJR107W,YJL171C,0,,0.0,0.0,0.08596058934926987
YEL069C,YHR132C,0,,0.0,0.0,0.08620689809322357
YDR167W,YIR005W,0,,0.0,0.0,0.08645319938659668
YOR145C,YDL245C,0,,0.0,0.0,0.08669950813055038
YOR287C,YLL061W,0,,0.0,0.0,0.08694580942392349
YOL093W,YPR159W,0,,0.0,0.0,0.0871921181678772
YNL107W,YOR251C,0,,0.0,0.0,0.0874384269118309
YDR527W,YKL189W,0,,0.0,0.0,0.08768472820520401
YPR187W,YOR222W,0,,0.0,0.0,0.08793103694915771
YPR137W,YGR113W,0,,0.0,0.0,0.08817733824253082
YHR005C-A,YPR030W,0,,0.0,0.0,0.08842364698648453
YGL225W,YDR159W,0,,0.0,0.0,0.08866994827985764
YGR112W,YGR214W,0,,0.0,0.0,0.08891625702381134
YOR343W-B,YHR109W,0,,0.0,0.0,0.08916255831718445
YNL314W,YKL038W,0,,0.0,0.0,0.08940886706113815
YMR169C,YNL121C,0,,0.0,0.0,0.08965517580509186
YDR518W,YOR317W,0,,0.0,0.0,0.08990147709846497
YER125W,YOR142W,0,,0.0,0.0,0.09014778584241867
YFL011W-A,YOL043C,0,,0.0,0.0,0.09039408713579178
YDR144C,YPL104W,0,,0.0,0.0,0.09064039587974548
YJR004C,YDR026C,0,,0.0,0.0,0.09088669717311859
YBR096W,YIL079C,0,,0.0,0.0,0.0911330059170723
YPR113W,YLR278C,0,,0.0,0.0,0.0913793072104454
YDR371W,YPL064C,0,,0.0,0.0,0.09162561595439911
YOR388C,YMR172W,0,,0.0,0.0,0.09187192469835281
YER165W,YGR070W,0,,0.0,0.0,0.09211822599172592
YLR105C,YPL218W,0,,0.0,0.0,0.09236453473567963
YER074W,YMR267W,0,,0.0,0.0,0.09261083602905273
YMR013C,YDR261C-D,0,,0.0,0.0,0.09285714477300644
YOR378W,YDR410C,0,,0.0,0.0,0.09310344606637955
YOR292C,YBR072W,0,,0.0,0.0,0.09334975481033325
YNL008C,YPL104W,0,,0.0,0.0,0.09359605610370636
YKL119C,YLL034C,0,,0.0,0.0,0.09384236484766006
YAL038W,YER115C,0,,0.0,0.0,0.09408867359161377
YGR070W,YMR268W-A,0,,0.0,0.0,0.09433497488498688
YJR032W,YML039W,0,,0.0,0.0,0.09458128362894058
YPR171W,YMR250W,0,,0.0,0.0,0.09482758492231369
YDL170W,YDR173C,0,,0.0,0.0,0.0950738936662674
YGL158W,YDL039C,0,,0.0,0.0,0.0953201949596405
YEL069C,YML132W,0,,0.0,0.0,0.09556650370359421
YMR296C,YBR061C,0,,0.0,0.0,0.09581280499696732
YKL186C,YGR222W,0,,0.0,0.0,0.09605911374092102
YIL035C,YEL029C,0,,0.0,0.0,0.09630541503429413
YDL022W,YFL048C,0,,0.0,0.0,0.09655172377824783
YIR005W,YOR123C,0,,0.0,0.0,0.09679803252220154
YPL244C,YPL093W,0,,0.0,0.0,0.09704433381557465
YJR053W,YIL035C,0,,0.0,0.0,0.09729064255952835
YJR107W,YDL216C,0,,0.0,0.0,0.09753694385290146
YCL008C,YCR080W,0,,0.0,0.0,0.09778325259685516
YFL033C,YGR134W,0,,0.0,0.0,0.09802955389022827
YER117W,YPR127W,0,,0.0,0.0,0.09827586263418198
YMR008C,YOR099W,0,,0.0,0.0,0.09852216392755508
YOR206W,YOR338W,0,,0.0,0.0,0.09876847267150879
YOR159C,YNL095C,0,,0.0,0.0,0.0990147814154625
YGR036C,YJR083C,0,,0.0,0.0,0.0992610827088356
YLR197W,YIR038C,0,,0.0,0.0,0.0995073914527893
YOL111C,YDR262W,0,,0.0,0.0,0.09975369274616241
YML032C,YLR291C,0,,0.0,0.0,0.10000000149011612
YBR059C,YBR145W,0,,0.0,0.0,0.10024630278348923
YNL231C,YER137C-A,0,,0.0,0.0,0.10049261152744293
YOR126C,YJL141C,0,,0.0,0.0,0.10073891282081604
YHR056C,YML080W,0,,0.0,0.0,0.10098522156476974
YDL054C,YOR327C,0,,0.0,0.0,0.10123153030872345
YLL034C,YOR209C,0,,0.0,0.0,0.10147783160209656
YEL022W,YER171W,0,,0.0,0.0,0.10172414034605026
YDR423C,YPL027W,0,,0.0,0.0,0.10197044163942337
YLR244C,YHR135C,0,,0.0,0.0,0.10221675038337708
YBR202W,YJR101W,0,,0.0,0.0,0.10246305167675018
YHL012W,YMR020W,0,,0.0,0.0,0.10270936042070389
YOR209C,YBR026C,0,,0.0,0.0,0.102955661714077
YKR055W,YOR338W,0,,0.0,0.0,0.1032019704580307
YHR047C,YKL093W,0,,0.0,0.0,0.1034482792019844
YDR196C,YOR261C,0,,0.0,0.0,0.10369458049535751
YOL103W-B,YKL082C,0,,0.0,0.0,0.10394088923931122
YPR111W,YPR135W,0,,0.0,0.0,0.10418719053268433
YKL007W,YCL014W,0,,0.0,0.0,0.10443349927663803
YJL114W,YDR167W,0,,0.0,0.0,0.10467980057001114
YDR389W,YGL113W,0,,0.0,0.0,0.10492610931396484
YOR283W,YDL198C,0,,0.0,0.0,0.10517241060733795
YMR005W,YFR001W,0,,0.0,0.0,0.10541871935129166
YPL083C,YNL092W,0,,0.0,0.0,0.10566502809524536
YIL095W,YPL122C,0,,0.0,0.0,0.10591132938861847
YOR074C,YMR300C,0,,0.0,0.0,0.10615763813257217
YMR227C,YGL225W,0,,0.0,0.0,0.10640393942594528
YNL314W,YFR033C,0,,0.0,0.0,0.10665024816989899
YGL220W,YKL094W,0,,0.0,0.0,0.1068965494632721
YPR204W,YKL013C,0,,0.0,0.0,0.1071428582072258
YOR349W,YOR340C,0,,0.0,0.0,0.10738915950059891
YBR282W,YDR416W,0,,0.0,0.0,0.10763546824455261
YMR117C,YNL095C,0,,0.0,0.0,0.10788177698850632
YKL170W,YLR020C,0,,0.0,0.0,0.10812807828187943
YOL070C,YMR123W,0,,0.0,0.0,0.10837438702583313
YML073C,YLR394W,0,,0.0,0.0,0.10862068831920624
YPL134C,YBR155W,0,,0.0,0.0,0.10886699706315994
YNL044W,YLR344W,0,,0.0,0.0,0.10911329835653305
YLR425W,YLR020C,0,,0.0,0.0,0.10935960710048676
YNL070W,YCL032W,0,,0.0,0.0,0.10960590839385986
YGL112C,YMR186W,0,,0.0,0.0,0.10985221713781357
YOR074C,YNL122C,0,,0.0,0.0,0.11009852588176727
YER090W,YKL172W,0,,0.0,0.0,0.11034482717514038
YOR239W,YIL132C,0,,0.0,0.0,0.11059113591909409
YDR494W,YFL057C,0,,0.0,0.0,0.1108374372124672
YLR394W,YBL113C,0,,0.0,0.0,0.1110837459564209
YPR026W,YFL023W,0,,0.0,0.0,0.111330047249794
YLR080W,YJR130C,0,,0.0,0.0,0.11157635599374771
YDR457W,YBL113C,0,,0.0,0.0,0.11182265728712082
YKR056W,YDL128W,0,,0.0,0.0,0.11206896603107452
YOR168W,YJR005W,0,,0.0,0.0,0.11231526732444763
YFL014W,YNL147W,0,,0.0,0.0,0.11256157606840134
YMR112C,YLR009W,0,,0.0,0.0,0.11280788481235504
YJR138W,YER103W,0,,0.0,0.0,0.11305418610572815
YHR047C,YBR192W,0,,0.0,0.0,0.11330049484968185
YDL028C,YKL009W,0,,0.0,0.0,0.11354679614305496
YPR137C-A,YML073C,0,,0.0,0.0,0.11379310488700867
YML032C,YHR156C,0,,0.0,0.0,0.11403940618038177
YLR227W-B,YER074W,0,,0.0,0.0,0.11428571492433548
YPL002C,YLR209C,0,,0.0,0.0,0.11453201621770859
YHR211W,YLR016C,0,,0.0,0.0,0.11477832496166229
YJL194W,YOR311C,0,,0.0,0.0,0.115024633705616
YLR219W,YDL077C,0,,0.0,0.0,0.1152709349989891
YOR209C,YGR112W,0,,0.0,0.0,0.11551724374294281
YJR082C,YML128C,0,,0.0,0.0,0.11576354503631592
YDL246C,YPR162C,0,,0.0,0.0,0.11600985378026962
YLR329W,YBR287W,0,,0.0,0.0,0.11625615507364273
YLL029W,YFR033C,0,,0.0,0.0,0.11650246381759644
YMR168C,YKL015W,0,,0.0,0.0,0.11674876511096954
YDL246C,YDL171C,0,,0.0,0.0,0.11699507385492325
YLR447C,YBL052C,0,,0.0,0.0,0.11724138259887695
YLR268W,YMR143W,0,,0.0,0.0,0.11748768389225006
YFR021W,YPL252C,0,,0.0,0.0,0.11773399263620377
YOR292C,YGL226C-A,0,,0.0,0.0,0.11798029392957687
YJR070C,YBR072W,0,,0.0,0.0,0.11822660267353058
YER103W,YDL078C,0,,0.0,0.0,0.11847290396690369
YMR272C,YMR034C,0,,0.0,0.0,0.11871921271085739
YDR222W,YJR063W,0,,0.0,0.0,0.1189655140042305
YGL094C,YOL104C,0,,0.0,0.0,0.1192118227481842
YML032C,YBR120C,0,,0.0,0.0,0.11945813149213791
YMR321C,YLR224W,0,,0.0,0.0,0.11970443278551102
YLR380W,YML128C,0,,0.0,0.0,0.11995074152946472
YJR151C,YHR079C,0,,0.0,0.0,0.12019704282283783
YBL058W,YBR187W,0,,0.0,0.0,0.12044335156679153
YDL022W,YBL089W,0,,0.0,0.0,0.12068965286016464
YGR112W,YKL124W,0,,0.0,0.0,0.12093596160411835
YKL067W,YMR213W,0,,0.0,0.0,0.12118226289749146
YKL186C,YJL085W,0,,0.0,0.0,0.12142857164144516
YNL117W,YLR028C,0,,0.0,0.0,0.12167488038539886
YDR310C,YLR251W,0,,0.0,0.0,0.12192118167877197
YMR054W,YJL004C,0,,0.0,0.0,0.12216749042272568
YLR203C,YJR031C,0,,0.0,0.0,0.12241379171609879
YOR324C,YMR160W,0,,0.0,0.0,0.12266010046005249
YHR109W,YBR074W,0,,0.0,0.0,0.1229064017534256
YIL079C,YGL163C,0,,0.0,0.0,0.1231527104973793
YER008C,YNR031C,0,,0.0,0.0,0.12339901179075241
YMR077C,YML056C,0,,0.0,0.0,0.12364532053470612
YNR004W,YCL057W,0,,0.0,0.0,0.12389162927865982
YLL041C,YIL142W,0,,0.0,0.0,0.12413793057203293
YER017C,YJL006C,0,,0.0,0.0,0.12438423931598663
YKL174C,YPL252C,0,,0.0,0.0,0.12463054060935974
YAL022C,YDR415C,0,,0.0,0.0,0.12487684935331345
YJR151C,YDR164C,0,,0.0,0.0,0.12512315809726715
YNL050C,YLR151C,0,,0.0,0.0,0.12536945939064026
YDR229W,YOR353C,0,,0.0,0.0,0.12561576068401337
YOR298W,YHR085W,0,,0.0,0.0,0.12586206197738647
YPR144C,YLR391W,0,,0.0,0.0,0.12610837817192078
YGL014W,YKL168C,0,,0.0,0.0,0.12635467946529388
YDR172W,YLR359W,0,,0.0,0.0,0.126600980758667
YJR010W,YDR518W,0,,0.0,0.0,0.1268472969532013
YER008C,YLR043C,0,,0.0,0.0,0.1270935982465744
YDR527W,YOL158C,0,,0.0,0.0,0.1273398995399475
YDR453C,YJL140W,0,,0.0,0.0,0.12758620083332062
YPR113W,YOR382W,0,,0.0,0.0,0.12783251702785492
YGL209W,YLL041C,0,,0.0,0.0,0.12807881832122803
YER103W,YDL179W,0,,0.0,0.0,0.12832511961460114
YGR238C,YFL002W-B,0,,0.0,0.0,0.12857143580913544
YPR190C,YML109W,0,,0.0,0.0,0.12881773710250854
YGR221C,YGR239C,0,,0.0,0.0,0.12906403839588165
YOR176W,YJL176C,0,,0.0,0.0,0.12931033968925476
YOL129W,YLL027W,0,,0.0,0.0,0.12955665588378906
YPR135W,YLR359W,0,,0.0,0.0,0.12980295717716217
YLR390W,YDR211W,0,,0.0,0.0,0.13004925847053528
YLL045C,YDR233C,0,,0.0,0.0,0.1302955597639084
YOR098C,YML132W,0,,0.0,0.0,0.1305418759584427
YNL307C,YIL035C,0,,0.0,0.0,0.1307881772518158
YJR151C,YGL148W,0,,0.0,0.0,0.1310344785451889
YLR425W,YHR156C,0,,0.0,0.0,0.1312807947397232
YGR282C,YBR281C,0,,0.0,0.0,0.1315270960330963
YDL206W,YOR377W,0,,0.0,0.0,0.13177339732646942
YOR243C,YBR059C,0,,0.0,0.0,0.13201969861984253
YKL038W,YER145C,0,,0.0,0.0,0.13226601481437683
YJR119C,YOR351C,0,,0.0,0.0,0.13251231610774994
YDR461W,YOR353C,0,,0.0,0.0,0.13275861740112305
YKL064W,YIL048W,0,,0.0,0.0,0.13300491869449615
YGR034W,YGL019W,0,,0.0,0.0,0.13325123488903046
YOR323C,YOL104C,0,,0.0,0.0,0.13349753618240356
YIL170W,YMR229C,0,,0.0,0.0,0.13374383747577667
YBR150C,YNL175C,0,,0.0,0.0,0.13399015367031097
YMR186W,YNR028W,0,,0.0,0.0,0.13423645496368408
YJL011C,YJL112W,0,,0.0,0.0,0.1344827562570572
YIL094C,YIL006W,0,,0.0,0.0,0.1347290575504303
YLR300W,YDR337W,0,,0.0,0.0,0.1349753737449646
YDR083W,YLR401C,0,,0.0,0.0,0.1352216750383377
YLR043C,YOR285W,0,,0.0,0.0,0.13546797633171082
YFR029W,YPL180W,0,,0.0,0.0,0.13571429252624512
YDL246C,YGL112C,0,,0.0,0.0,0.13596059381961823
YJL087C,YLR050C,0,,0.0,0.0,0.13620689511299133
YMR321C,YDR494W,0,,0.0,0.0,0.13645319640636444
YDL107W,YMR200W,0,,0.0,0.0,0.13669951260089874
YBR006W,YOR074C,0,,0.0,0.0,0.13694581389427185
YOR222W,YPR138C,0,,0.0,0.0,0.13719211518764496
YLL027W,YJR063W,0,,0.0,0.0,0.13743841648101807
YNR067C,YIL046W,0,,0.0,0.0,0.13768473267555237
YPR011C,YML036W,0,,0.0,0.0,0.13793103396892548
YJL011C,YOR232W,0,,0.0,0.0,0.13817733526229858
YBR010W,YGR239C,0,,0.0,0.0,0.13842365145683289
YOR274W,YLL040C,0,,0.0,0.0,0.138669952750206
YPR187W,YMR160W,0,,0.0,0.0,0.1389162540435791
YDR383C,YKL085W,0,,0.0,0.0,0.1391625553369522
YKL085W,YER115C,0,,0.0,0.0,0.1394088715314865
YDR014W-A,YGR175C,0,,0.0,0.0,0.13965517282485962
YOR343W-B,YLR301W,0,,0.0,0.0,0.13990147411823273
YGR221C,YMR284W,0,,0.0,0.0,0.14014779031276703
YDR131C,YKL180W,0,,0.0,0.0,0.14039409160614014
YBR155W,YLR042C,0,,0.0,0.0,0.14064039289951324
YOL112W,YOR313C,0,,0.0,0.0,0.14088669419288635
YDL084W,YNR015W,0,,0.0,0.0,0.14113301038742065
YCL003W,YML109W,0,,0.0,0.0,0.14137931168079376
YFL033C,YPL218W,0,,0.0,0.0,0.14162561297416687
YGR144W,YCL043C,0,,0.0,0.0,0.14187191426753998
YLR295C,YPL096W,0,,0.0,0.0,0.14211823046207428
YIL094C,YIL080W,0,,0.0,0.0,0.1423645317554474
YBL028C,YLR145W,0,,0.0,0.0,0.1426108330488205
YDR205W,YOL124C,0,,0.0,0.0,0.1428571492433548
YIL080W,YOR294W,0,,0.0,0.0,0.1431034505367279
YLR314C,YBR173C,0,,0.0,0.0,0.143349751830101
YGR036C,YBR141C,0,,0.0,0.0,0.14359605312347412
YDL179W,YDR476C,0,,0.0,0.0,0.14384236931800842
YKL085W,YHR109W,0,,0.0,0.0,0.14408867061138153
YPL094C,YOR008C,0,,0.0,0.0,0.14433497190475464
YPR072W,YJR063W,0,,0.0,0.0,0.14458128809928894
YLL055W,YDL077C,0,,0.0,0.0,0.14482758939266205
YFR045W,YKL003C,0,,0.0,0.0,0.14507389068603516
YKL020C,YCL024W,0,,0.0,0.0,0.14532019197940826
YDR530C,YBR115C,0,,0.0,0.0,0.14556650817394257
YHR179W,YPL093W,0,,0.0,0.0,0.14581280946731567
YLR183C,YBL098W,0,,0.0,0.0,0.14605911076068878
YMR238W,YLR391W,0,,0.0,0.0,0.1463054120540619
YLR024C,YLL043W,0,,0.0,0.0,0.1465517282485962
YGR084C,YLR016C,0,,0.0,0.0,0.1467980295419693
YDR076W,YBR276C,0,,0.0,0.0,0.1470443308353424
YKL126W,YML056C,0,,0.0,0.0,0.1472906470298767
YDL061C,YBL052C,0,,0.0,0.0,0.14753694832324982
YKL013C,YHR214C-B,0,,0.0,0.0,0.14778324961662292
YGL037C,YNL298W,0,,0.0,0.0,0.14802955090999603
YJR057W,YOR212W,0,,0.0,0.0,0.14827586710453033
YBR067C,YDL021W,0,,0.0,0.0,0.14852216839790344
YOL093W,YBR230C,0,,0.0,0.0,0.14876846969127655
YJL166W,YER138C,0,,0.0,0.0,0.14901477098464966
YPR171W,YOL062C,0,,0.0,0.0,0.14926108717918396
YNL307C,YMR273C,0,,0.0,0.0,0.14950738847255707
YPL213W,YBR061C,0,,0.0,0.0,0.14975368976593018
YNL079C,YOR025W,0,,0.0,0.0,0.15000000596046448
YGR177C,YMR137C,0,,0.0,0.0,0.15024630725383759
YHR209W,YDR304C,0,,0.0,0.0,0.1504926085472107
YKL053C-A,YGL030W,0,,0.0,0.0,0.1507389098405838
YJL200C,YOR187W,0,,0.0,0.0,0.1509852260351181
YLL019C,YML030W,0,,0.0,0.0,0.1512315273284912
YDL179W,YMR137C,0,,0.0,0.0,0.15147782862186432
YOL057W,YDR453C,0,,0.0,0.0,0.15172414481639862
YFL035C,YKL175W,0,,0.0,0.0,0.15197044610977173
YNR004W,YJR112W,0,,0.0,0.0,0.15221674740314484
YBL005W-B,YNL006W,0,,0.0,0.0,0.15246304869651794
YJR010W,YCL043C,0,,0.0,0.0,0.15270936489105225
YHR085W,YLR325C,0,,0.0,0.0,0.15295566618442535
YPR111W,YMR093W,0,,0.0,0.0,0.15320196747779846
YLR203C,YER090W,0,,0.0,0.0,0.15344826877117157
YMR269W,YFR019W,0,,0.0,0.0,0.15369458496570587
YDR494W,YJL214W,0,,0.0,0.0,0.15394088625907898
YER175C,YLL061W,0,,0.0,0.0,0.1541871875524521
YAL054C,YGL163C,0,,0.0,0.0,0.1544335037469864
YER014C-A,YLR386W,0,,0.0,0.0,0.1546798050403595
YGR118W,YDL040C,0,,0.0,0.0,0.1549261063337326
YER098W,YIL139C,0,,0.0,0.0,0.1551724076271057
YDR499W,YFL054C,0,,0.0,0.0,0.15541872382164001
YMR049C,YCL052C,0,,0.0,0.0,0.15566502511501312
YDL217C,YOR138C,0,,0.0,0.0,0.15591132640838623
YKL180W,YLR390W,0,,0.0,0.0,0.15615764260292053
YER150W,YGR027C,0,,0.0,0.0,0.15640394389629364
YBL076C,YBR238C,0,,0.0,0.0,0.15665024518966675
YMR008C,YKR002W,0,,0.0,0.0,0.15689654648303986
YGR070W,YBR072W,0,,0.0,0.0,0.15714286267757416
YDL111C,YMR193W,0,,0.0,0.0,0.15738916397094727
YOR074C,YBR275C,0,,0.0,0.0,0.15763546526432037
YLR380W,YLL017W,0,,0.0,0.0,0.15788176655769348
YML006C,YLR268W,0,,0.0,0.0,0.15812808275222778
YKL064W,YGR027C,0,,0.0,0.0,0.1583743840456009
YOR291W,YOR099W,0,,0.0,0.0,0.158620685338974
YJR107W,YGR032W,0,,0.0,0.0,0.1588670015335083
YOL111C,YDR444W,0,,0.0,0.0,0.1591133028268814
YLR227W-B,YNR002C,0,,0.0,0.0,0.15935960412025452
YBR202W,YIR032C,0,,0.0,0.0,0.15960590541362762
YMR169C,YGR105W,0,,0.0,0.0,0.15985222160816193
YBR278W,YPR137W,0,,0.0,0.0,0.16009852290153503
YDR472W,YOR008C,0,,0.0,0.0,0.16034482419490814
YHR179W,YMR200W,0,,0.0,0.0,0.16059114038944244
YIL002C,YOL057W,0,,0.0,0.0,0.16083744168281555
YOL103W-B,YFL054C,0,,0.0,0.0,0.16108374297618866
YOR378W,YNL335W,0,,0.0,0.0,0.16133004426956177
YNL281W,YCL003W,0,,0.0,0.0,0.16157636046409607
YJR130C,YKR026C,0,,0.0,0.0,0.16182266175746918
YMR033W,YOR294W,0,,0.0,0.0,0.16206896305084229
YIL088C,YGR089W,0,,0.0,0.0,0.1623152643442154
YKR066C,YKL038W,0,,0.0,0.0,0.1625615805387497
YDR414C,YMR296C,0,,0.0,0.0,0.1628078818321228
YDL070W,YLR301W,0,,0.0,0.0,0.1630541831254959
YMR013C,YNL297C,0,,0.0,0.0,0.1633004993200302
YFL010W-A,YLR348C,0,,0.0,0.0,0.16354680061340332
YGR221C,YNL092W,0,,0.0,0.0,0.16379310190677643
YLR047C,YKL067W,0,,0.0,0.0,0.16403940320014954
YGL209W,YLR209C,0,,0.0,0.0,0.16428571939468384
YOR388C,YDR444W,0,,0.0,0.0,0.16453202068805695
YHR039C-A,YJL095W,0,,0.0,0.0,0.16477832198143005
YER190W,YER104W,0,,0.0,0.0,0.16502462327480316
YDR306C,YNR002C,0,,0.0,0.0,0.16527093946933746
YHR029C,YNL182C,0,,0.0,0.0,0.16551724076271057
YGR031C-A,YCR002C,0,,0.0,0.0,0.16576354205608368
YLR197W,YMR308C,0,,0.0,0.0,0.16600985825061798
YBR195C,YJR140C,0,,0.0,0.0,0.1662561595439911
YDR498C,YLR251W,0,,0.0,0.0,0.1665024608373642
YKR020W,YBL092W,0,,0.0,0.0,0.1667487621307373
YPR196W,YNL044W,0,,0.0,0.0,0.1669950783252716
YDR067C,YKR068C,0,,0.0,0.0,0.16724137961864471
YDR460W,YBL052C,0,,0.0,0.0,0.16748768091201782
YIL035C,YBR281C,0,,0.0,0.0,0.16773399710655212
YKL200C,YBR128C,0,,0.0,0.0,0.16798029839992523
YOL107W,YHR168W,0,,0.0,0.0,0.16822659969329834
YPL127C,YBR192W,0,,0.0,0.0,0.16847290098667145
YLR206W,YDR373W,0,,0.0,0.0,0.16871921718120575
YKL095W,YGR276C,0,,0.0,0.0,0.16896551847457886
YAL063C,YMR304W,0,,0.0,0.0,0.16921181976795197
YPL196W,YNR013C,0,,0.0,0.0,0.16945812106132507
YJL134W,YJL082W,0,,0.0,0.0,0.16970443725585938
YPR072W,YEL056W,0,,0.0,0.0,0.16995073854923248
YNL283C,YGL060W,0,,0.0,0.0,0.1701970398426056
YLR395C,YPL122C,0,,0.0,0.0,0.1704433560371399
YGR161W-B,YER002W,0,,0.0,0.0,0.170689657330513
YOL028C,YNR028W,0,,0.0,0.0,0.1709359586238861
YGL122C,YPL104W,0,,0.0,0.0,0.17118225991725922
YMR186W,YER002W,0,,0.0,0.0,0.17142857611179352
YDL097C,YOR351C,0,,0.0,0.0,0.17167487740516663
YBR020W,YGR238C,0,,0.0,0.0,0.17192117869853973
YLR394W,YNR028W,0,,0.0,0.0,0.17216749489307404
YMR097C,YML036W,0,,0.0,0.0,0.17241379618644714
YGR143W,YPL218W,0,,0.0,0.0,0.17266009747982025
YJR004C,YPL147W,0,,0.0,0.0,0.17290639877319336
YBR095C,YPR138C,0,,0.0,0.0,0.17315271496772766
YIL061C,YDR332W,0,,0.0,0.0,0.17339901626110077
YBR093C,YGR027C,0,,0.0,0.0,0.17364531755447388
YNL261W,YOR123C,0,,0.0,0.0,0.17389161884784698
YCL008C,YNL219C,0,,0.0,0.0,0.1741379350423813
YLL029W,YGL200C,0,,0.0,0.0,0.1743842363357544
YJL187C,YLR219W,0,,0.0,0.0,0.1746305376291275
YKL182W,YEL056W,0,,0.0,0.0,0.1748768538236618
YGR031C-A,YMR301C,0,,0.0,0.0,0.1751231551170349
YOR292C,YMR160W,0,,0.0,0.0,0.17536945641040802
YOR147W,YFR019W,0,,0.0,0.0,0.17561575770378113
YGR251W,YNR035C,0,,0.0,0.0,0.17586207389831543
YPR072W,YFR018C,0,,0.0,0.0,0.17610837519168854
YOR313C,YOR008C,0,,0.0,0.0,0.17635467648506165
YNL314W,YGR020C,0,,0.0,0.0,0.17660097777843475
YPR111W,YGR070W,0,,0.0,0.0,0.17684729397296906
YFL038C,YKL001C,0,,0.0,0.0,0.17709359526634216
YIL140W,YGL190C,0,,0.0,0.0,0.17733989655971527
YKL171W,YOR261C,0,,0.0,0.0,0.17758621275424957
YDR260C,YBR192W,0,,0.0,0.0,0.17783251404762268
YHR211W,YNL172W,0,,0.0,0.0,0.1780788153409958
YAL016W,YOL004W,0,,0.0,0.0,0.1783251166343689
YPR035W,YIL020C,0,,0.0,0.0,0.1785714328289032
YBR196C,YGR027C,0,,0.0,0.0,0.1788177341222763
YHR156C,YLR213C,0,,0.0,0.0,0.17906403541564941
YJR010W,YDL047W,0,,0.0,0.0,0.17931035161018372
YPL122C,YIL159W,0,,0.0,0.0,0.17955665290355682
YPR072W,YGR105W,0,,0.0,0.0,0.17980295419692993
YOR212W,YHR077C,0,,0.0,0.0,0.18004925549030304
YNL050C,YKL168C,0,,0.0,0.0,0.18029557168483734
YER055C,YLR047C,0,,0.0,0.0,0.18054187297821045
YKR035W-A,YGL046W,0,,0.0,0.0,0.18078817427158356
YLR105C,YKR068C,0,,0.0,0.0,0.18103447556495667
YOR147W,YKL168C,0,,0.0,0.0,0.18128079175949097
YEL031W,YER125W,0,,0.0,0.0,0.18152709305286407
YMR008C,YKL003C,0,,0.0,0.0,0.18177339434623718
YLR425W,YLL055W,0,,0.0,0.0,0.18201971054077148
YLR080W,YJR149W,0,,0.0,0.0,0.1822660118341446
YJR055W,YJL130C,0,,0.0,0.0,0.1825123131275177
YNL073W,YML109W,0,,0.0,0.0,0.1827586144208908
YJR092W,YPR083W,0,,0.0,0.0,0.1830049306154251
YEL012W,YDR173C,0,,0.0,0.0,0.18325123190879822
YNL262W,YOR327C,0,,0.0,0.0,0.18349753320217133
YDR164C,YLR005W,0,,0.0,0.0,0.18374384939670563
YHR029C,YDR090C,0,,0.0,0.0,0.18399015069007874
YDR285W,YPL147W,0,,0.0,0.0,0.18423645198345184
YJL030W,YLR197W,0,,0.0,0.0,0.18448275327682495
YKL041W,YMR097C,0,,0.0,0.0,0.18472906947135925
YLR208W,YNL267W,0,,0.0,0.0,0.18497537076473236
YLR244C,YBR150C,0,,0.0,0.0,0.18522167205810547
YER101C,YDR207C,0,,0.0,0.0,0.18546797335147858
YDL024C,YKR006C,0,,0.0,0.0,0.18571428954601288
YMR097C,YNL208W,0,,0.0,0.0,0.185960590839386
YKL206C,YPR133W-A,0,,0.0,0.0,0.1862068921327591
YMR168C,YIL079C,0,,0.0,0.0,0.1864532083272934
YOR299W,YLR350W,0,,0.0,0.0,0.1866995096206665
YOL062C,YIL048W,0,,0.0,0.0,0.1869458109140396
YDR498C,YLR187W,0,,0.0,0.0,0.18719211220741272
YJL166W,YDR389W,0,,0.0,0.0,0.18743842840194702
YLR289W,YLR219W,0,,0.0,0.0,0.18768472969532013
YGL226C-A,YCR002C,0,,0.0,0.0,0.18793103098869324
YGL037C,YJL192C,0,,0.0,0.0,0.18817734718322754
YBR182C,YGL220W,0,,0.0,0.0,0.18842364847660065
YNL107W,YLR380W,0,,0.0,0.0,0.18866994976997375
YNL110C,YNL006W,0,,0.0,0.0,0.18891625106334686
YJL012C-A,YBL113C,0,,0.0,0.0,0.18916256725788116
YOL158C,YJL130C,0,,0.0,0.0,0.18940886855125427
YER014C-A,YOR353C,0,,0.0,0.0,0.18965516984462738
YOR142W-A,YNL239W,0,,0.0,0.0,0.1899014711380005
YLL004W,YNL219C,0,,0.0,0.0,0.1901477873325348
YMR169C,YMR077C,0,,0.0,0.0,0.1903940886259079
YDR405W,YDL202W,0,,0.0,0.0,0.190640389919281
YBR172C,YLR270W,0,,0.0,0.0,0.1908867061138153
YGR252W,YDL045W-A,0,,0.0,0.0,0.19113300740718842
YMR172W,YPL011C,0,,0.0,0.0,0.19137930870056152
YLR206W,YAL031C,0,,0.0,0.0,0.19162560999393463
YNL102W,YOR142W-B,0,,0.0,0.0,0.19187192618846893
YJL140W,YLL027W,0,,0.0,0.0,0.19211822748184204
YLR291C,YBR075W,0,,0.0,0.0,0.19236452877521515
YKL210W,YLL040C,0,,0.0,0.0,0.19261083006858826
YBR020W,YJR112W,0,,0.0,0.0,0.19285714626312256
YFR033C,YLR251W,0,,0.0,0.0,0.19310344755649567
YDL059C,YMR268W-A,0,,0.0,0.0,0.19334974884986877
YDL179W,YDR226W,0,,0.0,0.0,0.19359606504440308
YNR057C,YJL085W,0,,0.0,0.0,0.19384236633777618
YBR155W,YLR300W,0,,0.0,0.0,0.1940886676311493
YPL180W,YGR185C,0,,0.0,0.0,0.1943349689245224
YLR452C,YKL186C,0,,0.0,0.0,0.1945812851190567
YJR147W,YAL029C,0,,0.0,0.0,0.1948275864124298
YIL006W,YGL037C,0,,0.0,0.0,0.19507388770580292
YLR394W,YKL206C,0,,0.0,0.0,0.19532020390033722
YPL110C,YER019C-A,0,,0.0,0.0,0.19556650519371033
YBR196C,YGR285C,0,,0.0,0.0,0.19581280648708344
YPR158C-C,YGR134W,0,,0.0,0.0,0.19605910778045654
YJL130C,YAL039C,0,,0.0,0.0,0.19630542397499084
YLR043C,YBR145W,0,,0.0,0.0,0.19655172526836395
YHR156C,YKR035W-A,0,,0.0,0.0,0.19679802656173706
YNL267W,YGR118W,0,,0.0,0.0,0.19704432785511017
YOL052C,YCL052C,0,,0.0,0.0,0.19729064404964447
YNR044W,YLR251W,0,,0.0,0.0,0.19753694534301758
YPL134C,YAL038W,0,,0.0,0.0,0.19778324663639069
YBL101W-B,YLL033W,0,,0.0,0.0,0.198029562830925
YJL187C,YMR180C,0,,0.0,0.0,0.1982758641242981
YMR179W,YPL104W,0,,0.0,0.0,0.1985221654176712
YJR057W,YHR069C,0,,0.0,0.0,0.1987684667110443
YML049C,YOR098C,0,,0.0,0.0,0.1990147829055786
YDR034C,YLR043C,0,,0.0,0.0,0.19926108419895172
YKR054C,YBL058W,0,,0.0,0.0,0.19950738549232483
YNL163C,YOR232W,0,,0.0,0.0,0.19975370168685913
YMR300C,YDR364C,0,,0.0,0.0,0.20000000298023224
YOR187W,YNL192W,0,,0.0,0.0,0.20024630427360535
YOL045W,YEL029C,0,,0.0,0.0,0.20049260556697845
YEL052W,YJL194W,0,,0.0,0.0,0.20073892176151276
YOR304W,YNL309W,0,,0.0,0.0,0.20098522305488586
YJR140C,YER019C-A,0,,0.0,0.0,0.20123152434825897
YDR026C,YBR095C,0,,0.0,0.0,0.20147782564163208
YPL099C,YMR250W,0,,0.0,0.0,0.20172414183616638
YPL276W,YMR172W,0,,0.0,0.0,0.2019704431295395
YDR512C,YML058W-A,0,,0.0,0.0,0.2022167444229126
YER014C-A,YDR173C,0,,0.0,0.0,0.2024630606174469
YJR119C,YMR054W,0,,0.0,0.0,0.20270936191082
YMR270C,YCR012W,0,,0.0,0.0,0.20295566320419312
YDL202W,YNL010W,0,,0.0,0.0,0.20320196449756622
YLR157C,YER130C,0,,0.0,0.0,0.20344828069210052
YOL145C,YCR057C,0,,0.0,0.0,0.20369458198547363
YGR285C,YMR160W,0,,0.0,0.0,0.20394088327884674
YNR057C,YML006C,0,,0.0,0.0,0.20418719947338104
YBR271W,YDL198C,0,,0.0,0.0,0.20443350076675415
YKL119C,YIL094C,0,,0.0,0.0,0.20467980206012726
YFR013W,YDR492W,0,,0.0,0.0,0.20492610335350037
YMR046C,YPL087W,0,,0.0,0.0,0.20517241954803467
YEL037C,YDL198C,0,,0.0,0.0,0.20541872084140778
YJR127C,YNL121C,0,,0.0,0.0,0.20566502213478088
YPR204W,YDR233C,0,,0.0,0.0,0.205911323428154
YIL139C,YIL095W,0,,0.0,0.0,0.2061576396226883
YPL150W,YAL039C,0,,0.0,0.0,0.2064039409160614
YDL197C,YIL140W,0,,0.0,0.0,0.2066502422094345
YKL022C,YBL089W,0,,0.0,0.0,0.2068965584039688
YCR030C,YLR350W,0,,0.0,0.0,0.20714285969734192
YGR282C,YBL092W,0,,0.0,0.0,0.20738916099071503
YLR314C,YAL024C,0,,0.0,0.0,0.20763546228408813
YPR026W,YKL189W,0,,0.0,0.0,0.20788177847862244
YGR288W,YMR239C,0,,0.0,0.0,0.20812807977199554
YOR162C,YDR444W,0,,0.0,0.0,0.20837438106536865
YOL158C,YOR020C,0,,0.0,0.0,0.20862068235874176
YKL009W,YKL166C,0,,0.0,0.0,0.20886699855327606
YDL206W,YCL004W,0,,0.0,0.0,0.20911329984664917
YHR056C,YPL119C,0,,0.0,0.0,0.20935960114002228
YPL064C,YBR230C,0,,0.0,0.0,0.20960591733455658
YGL172W,YLR291C,0,,0.0,0.0,0.2098522186279297
YDR453C,YLR050C,0,,0.0,0.0,0.2100985199213028
YPR001W,YBL092W,0,,0.0,0.0,0.2103448212146759
YKR020W,YDR403W,0,,0.0,0.0,0.2105911374092102
YBR059C,YNL335W,0,,0.0,0.0,0.2108374387025833
YOR148C,YCR097WB,0,,0.0,0.0,0.21108373999595642
YGR109W-B,YDL142C,0,,0.0,0.0,0.21133005619049072
YJR138W,YPR043W,0,,0.0,0.0,0.21157635748386383
YHR004C,YIR018W,0,,0.0,0.0,0.21182265877723694
YCL003W,YKR068C,0,,0.0,0.0,0.21206896007061005
YPR035W,YAL024C,0,,0.0,0.0,0.21231527626514435
YLR330W,YNR060W,0,,0.0,0.0,0.21256157755851746
YGR281W,YLR141W,0,,0.0,0.0,0.21280787885189056
YOR145C,YKL201C,0,,0.0,0.0,0.21305418014526367
YHR061C,YPL027W,0,,0.0,0.0,0.21330049633979797
YGR221C,YJL214W,0,,0.0,0.0,0.21354679763317108
YKL117W,YOR089C,0,,0.0,0.0,0.2137930989265442
YEL052W,YFR001W,0,,0.0,0.0,0.2140394151210785
YGR084C,YGL113W,0,,0.0,0.0,0.2142857164144516
YBR260C,YAR027W,0,,0.0,0.0,0.2145320177078247
YAL038W,YKL094W,0,,0.0,0.0,0.21477831900119781
YKR019C,YJR021C,0,,0.0,0.0,0.21502463519573212
YDL142C,YBL079W,0,,0.0,0.0,0.21527093648910522
YBR095C,YNR044W,0,,0.0,0.0,0.21551723778247833
YDR064W,YKL186C,0,,0.0,0.0,0.21576355397701263
YMR241W,YKL009W,0,,0.0,0.0,0.21600985527038574
YMR300C,YDL039C,0,,0.0,0.0,0.21625615656375885
YDR351W,YOR230W,0,,0.0,0.0,0.21650245785713196
YPR167C,YLR025W,0,,0.0,0.0,0.21674877405166626
YPR035W,YMR218C,0,,0.0,0.0,0.21699507534503937
YHR004C,YCL052C,0,,0.0,0.0,0.21724137663841248
YNL131W,YBR115C,0,,0.0,0.0,0.21748767793178558
YBL029C-A,YDR470C,0,,0.0,0.0,0.21773399412631989
YPR135W,YPR080W,0,,0.0,0.0,0.217980295419693
YER103W,YJR151C,0,,0.0,0.0,0.2182265967130661
YJR055W,YOR148C,0,,0.0,0.0,0.2184729129076004
YLL051C,YLR305C,0,,0.0,0.0,0.2187192142009735
YGR221C,YNL219C,0,,0.0,0.0,0.21896551549434662
YHR061C,YGL241W,0,,0.0,0.0,0.21921181678771973
YLR020C,YGR145W,0,,0.0,0.0,0.21945813298225403
YEL022W,YOR299W,0,,0.0,0.0,0.21970443427562714
YBL089W,YML056C,0,,0.0,0.0,0.21995073556900024
YAL033W,YPR187W,0,,0.0,0.0,0.22019705176353455
YMR168C,YPL094C,0,,0.0,0.0,0.22044335305690765
YOR025W,YDR281C,0,,0.0,0.0,0.22068965435028076
YKL117W,YPL093W,0,,0.0,0.0,0.22093595564365387
YNL160W,YBR172C,0,,0.0,0.0,0.22118227183818817
YEL037C,YJL030W,0,,0.0,0.0,0.22142857313156128
YOR317W,YGR027C,0,,0.0,0.0,0.2216748744249344
YPL134C,YLR033W,0,,0.0,0.0,0.2219211757183075
YDR137W,YOR340C,0,,0.0,0.0,0.2221674919128418
YOL054W,YGL190C,0,,0.0,0.0,0.2224137932062149
YDR030C,YLR264W,0,,0.0,0.0,0.222660094499588
YER130C,YNL219C,0,,0.0,0.0,0.22290641069412231
YJL034W,YNL044W,0,,0.0,0.0,0.22315271198749542
YLL008W,YHR060W,0,,0.0,0.0,0.22339901328086853
YIL080W,YJL213W,0,,0.0,0.0,0.22364531457424164
YMR218C,YPR001W,0,,0.0,0.0,0.22389163076877594
YDR429C,YJR133W,0,,0.0,0.0,0.22413793206214905
YDR453C,YOR382W,0,,0.0,0.0,0.22438423335552216
YKL210W,YDR470C,0,,0.0,0.0,0.22463053464889526
YDL078C,YJL006C,0,,0.0,0.0,0.22487685084342957
YNL070W,YOR008C,0,,0.0,0.0,0.22512315213680267
YER101C,YOR025W,0,,0.0,0.0,0.22536945343017578
YDR261C-D,YLR325C,0,,0.0,0.0,0.22561576962471008
YGL190C,YML109W,0,,0.0,0.0,0.2258620709180832
YHR082C,YFR036W,0,,0.0,0.0,0.2261083722114563
YJL030W,YOR355W,0,,0.0,0.0,0.2263546735048294
YLL034C,YMR078C,0,,0.0,0.0,0.2266009896993637
YIL139C,YEL070W,0,,0.0,0.0,0.22684729099273682
YLL002W,YER104W,0,,0.0,0.0,0.22709359228610992
YML097C,YGL103W,0,,0.0,0.0,0.22733990848064423
YHR211W,YLR410W-A,0,,0.0,0.0,0.22758620977401733
YPL257W-B,YLR264W,0,,0.0,0.0,0.22783251106739044
YDR263C,YER098W,0,,0.0,0.0,0.22807881236076355
YNL267W,YFR001W,0,,0.0,0.0,0.22832512855529785
YDR014W-A,YKL180W,0,,0.0,0.0,0.22857142984867096
YOL052C,YNL078W,0,,0.0,0.0,0.22881773114204407
YMR176W,YJR034W,0,,0.0,0.0,0.22906403243541718
YDL227C,YDR218C,0,,0.0,0.0,0.22931034862995148
YBL091C-A,YDL097C,0,,0.0,0.0,0.22955664992332458
YLL003W,YCL032W,0,,0.0,0.0,0.2298029512166977
YNL153C,YBR192W,0,,0.0,0.0,0.230049267411232
YDL121C,YNL283C,0,,0.0,0.0,0.2302955687046051
YNL050C,YJR083C,0,,0.0,0.0,0.2305418699979782
YBR081C,YLR141W,0,,0.0,0.0,0.23078817129135132
YER103W,YNL239W,0,,0.0,0.0,0.23103448748588562
YDR310C,YIL177C,0,,0.0,0.0,0.23128078877925873
YFR021W,YMR039C,0,,0.0,0.0,0.23152709007263184
YHR059W,YMR229C,0,,0.0,0.0,0.23177340626716614
YMR146C,YJL112W,0,,0.0,0.0,0.23201970756053925
YKR054C,YGL220W,0,,0.0,0.0,0.23226600885391235
YDL045W-A,YPL167C,0,,0.0,0.0,0.23251231014728546
YDL029W,YDL121C,0,,0.0,0.0,0.23275862634181976
YPL218W,YOR020C,0,,0.0,0.0,0.23300492763519287
YMR228W,YHR174W,0,,0.0,0.0,0.23325122892856598
YLR389C,YLR330W,0,,0.0,0.0,0.2334975302219391
YNL298W,YBR257W,0,,0.0,0.0,0.2337438464164734
YLR285W,YKL206C,0,,0.0,0.0,0.2339901477098465
YDL142C,YNL102W,0,,0.0,0.0,0.2342364490032196
YDR304C,YOL040C,0,,0.0,0.0,0.2344827651977539
YJR119C,YMR250W,0,,0.0,0.0,0.23472906649112701
YHR060W,YMR099C,0,,0.0,0.0,0.23497536778450012
YGR161W-B,YCL025C,0,,0.0,0.0,0.23522166907787323
YER101C,YIL017W,0,,0.0,0.0,0.23546798527240753
YKR054C,YOR099W,0,,0.0,0.0,0.23571428656578064
YDR512C,YKR102W,0,,0.0,0.0,0.23596058785915375
YKL090W,YJL030W,0,,0.0,0.0,0.23620688915252686
YDR415C,YKR068C,0,,0.0,0.0,0.23645320534706116
YPL257W-B,YPL244C,0,,0.0,0.0,0.23669950664043427
YOR340C,YLR164W,0,,0.0,0.0,0.23694580793380737
YDL059C,YFL017W-A,0,,0.0,0.0,0.23719212412834167
YMR145C,YIL170W,0,,0.0,0.0,0.23743842542171478
YDR196C,YJL172W,0,,0.0,0.0,0.2376847267150879
YFL033C,YLR301W,0,,0.0,0.0,0.237931028008461
YNL283C,YLR350W,0,,0.0,0.0,0.2381773442029953
YDR405W,YHR077C,0,,0.0,0.0,0.2384236454963684
YNL085W,YLL034C,0,,0.0,0.0,0.23866994678974152
YBR125C,YDR076W,0,,0.0,0.0,0.23891626298427582
YDR245W,YMR075W,0,,0.0,0.0,0.23916256427764893
YNL073W,YFR033C,0,,0.0,0.0,0.23940886557102203
YDR079W,YGR084C,0,,0.0,0.0,0.23965516686439514
YGR199W,YIL006W,0,,0.0,0.0,0.23990148305892944
YKL126W,YMR054W,0,,0.0,0.0,0.24014778435230255
YML073C,YLR033W,0,,0.0,0.0,0.24039408564567566
YOR168W,YER074W,0,,0.0,0.0,0.24064038693904877
YMR112C,YGL071W,0,,0.0,0.0,0.24088670313358307
YPL200W,YJR032W,0,,0.0,0.0,0.24113300442695618
YGR032W,YOR216C,0,,0.0,0.0,0.24137930572032928
YMR273C,YMR034C,0,,0.0,0.0,0.2416256219148636
YLR029C,YOL158C,0,,0.0,0.0,0.2418719232082367
YIL061C,YKL206C,0,,0.0,0.0,0.2421182245016098
YNL138W,YGR089W,0,,0.0,0.0,0.2423645257949829
YJL187C,YDR476C,0,,0.0,0.0,0.2426108419895172
YML097C,YMR046C,0,,0.0,0.0,0.24285714328289032
YNR060W,YGR027C,0,,0.0,0.0,0.24310344457626343
YJR149W,YFL045C,0,,0.0,0.0,0.24334976077079773
YML058W-A,YDR472W,0,,0.0,0.0,0.24359606206417084
YBR261C,YOR349W,0,,0.0,0.0,0.24384236335754395
YOR142W-B,YCR002C,0,,0.0,0.0,0.24408866465091705
YER002W,YER104W,0,,0.0,0.0,0.24433498084545135
YNL281W,YOR209C,0,,0.0,0.0,0.24458128213882446
YGR109W-B,YOR297C,0,,0.0,0.0,0.24482758343219757
YOR187W,YDL039C,0,,0.0,0.0,0.24507388472557068
YCL024W,YOL111C,0,,0.0,0.0,0.24532020092010498
YHR030C,YJR083C,0,,0.0,0.0,0.2455665022134781
YGL113W,YMR304W,0,,0.0,0.0,0.2458128035068512
YOR142W-B,YPR190C,0,,0.0,0.0,0.2460591197013855
YDR419W,YKL067W,0,,0.0,0.0,0.2463054209947586
YKL200C,YOR243C,0,,0.0,0.0,0.2465517222881317
YIL135C,YCL034W,0,,0.0,0.0,0.24679802358150482
YNL231C,YDR262W,0,,0.0,0.0,0.24704433977603912
YIR025W,YBR172C,0,,0.0,0.0,0.24729064106941223
YML052W,YNL052W,0,,0.0,0.0,0.24753694236278534
YPR135W,YGL037C,0,,0.0,0.0,0.24778325855731964
YOR294W,YMR034C,0,,0.0,0.0,0.24802955985069275
YMR020W,YNL335W,0,,0.0,0.0,0.24827586114406586
YGL046W,YOR355W,0,,0.0,0.0,0.24852216243743896
YCR030C,YMR273C,0,,0.0,0.0,0.24876847863197327
YGL209W,YBL058W,0,,0.0,0.0,0.24901477992534637
YAL022C,YLR129W,0,,0.0,0.0,0.24926108121871948
YLR394W,YAL029C,0,,0.0,0.0,0.2495073825120926
YJR119C,YKL085W,0,,0.0,0.0,0.2497536987066269
YLR209C,YGL051W,0,,0.0,0.0,0.25
YPR200C,YHR135C,0,,0.0,0.0,0.2502463161945343
YDL059C,YDL045W-A,0,,0.0,0.0,0.2504926025867462
YBR120C,YMR228W,0,,0.0,0.0,0.2507389187812805
YDR034C,YDR498C,0,,0.0,0.0,0.2509852349758148
YDR492W,YGL148W,0,,0.0,0.0,0.25123152136802673
YLR391W-A,YOR038C,0,,0.0,0.0,0.25147783756256104
YKL144C,YPL065W,0,,0.0,0.0,0.25172412395477295
YOL086C,YIL035C,0,,0.0,0.0,0.25197044014930725
YFR033C,YOL104C,0,,0.0,0.0,0.25221675634384155
YDR423C,YNR057C,0,,0.0,0.0,0.25246304273605347
YOL142W,YPL110C,0,,0.0,0.0,0.25270935893058777
YER185W,YDR146C,0,,0.0,0.0,0.25295567512512207
YNL283C,YNL182C,0,,0.0,0.0,0.253201961517334
YCR030C,YDL015C,0,,0.0,0.0,0.2534482777118683
YCR052W,YOR393W,0,,0.0,0.0,0.2536945939064026
YFR045W,YDL198C,0,,0.0,0.0,0.2539408802986145
YOR287C,YCL060C,0,,0.0,0.0,0.2541871964931488
YIL134W,YIL006W,0,,0.0,0.0,0.2544334828853607
YGL083W,YDL107W,0,,0.0,0.0,0.254679799079895
YMR117C,YKR102W,0,,0.0,0.0,0.2549261152744293
YGR199W,YJR103W,0,,0.0,0.0,0.25517240166664124
YDR082W,YJR010W,0,,0.0,0.0,0.25541871786117554
YMR146C,YFL011W-A,0,,0.0,0.0,0.25566503405570984
YBR247C,YKL175W,0,,0.0,0.0,0.25591132044792175
YCL003W,YML056C,0,,0.0,0.0,0.25615763664245605
YGL094C,YJL012C-A,0,,0.0,0.0,0.25640395283699036
YDR454C,YJR034W,0,,0.0,0.0,0.25665023922920227
YER022W,YLR113W,0,,0.0,0.0,0.2568965554237366
YNL267W,YPL188W,0,,0.0,0.0,0.2571428716182709
YOL136C,YJL192C,0,,0.0,0.0,0.2573891580104828
YGR271W,YOR008C,0,,0.0,0.0,0.2576354742050171
YBR261C,YJL029C,0,,0.0,0.0,0.257881760597229
YNL258C,YIL047C,0,,0.0,0.0,0.2581280767917633
YNL153C,YOR311C,0,,0.0,0.0,0.2583743929862976
YNL010W,YHR119W,0,,0.0,0.0,0.2586206793785095
YJL225C,YBR257W,0,,0.0,0.0,0.2588669955730438
YPL094C,YOL151W,0,,0.0,0.0,0.2591133117675781
YBR002C,YDR261C-D,0,,0.0,0.0,0.25935959815979004
YCR093W,YDR164C,0,,0.0,0.0,0.25960591435432434
YIL134W,YPL094C,0,,0.0,0.0,0.25985223054885864
YJR149W,YPL240C,0,,0.0,0.0,0.26009851694107056
YER175C,YNL258C,0,,0.0,0.0,0.26034483313560486
YLR390W,YLL017W,0,,0.0,0.0,0.2605911195278168
YKR055W,YJL214W,0,,0.0,0.0,0.2608374357223511
YNL127W,YNR002C,0,,0.0,0.0,0.2610837519168854
YMR319C,YJL200C,0,,0.0,0.0,0.2613300383090973
YPL151C,YIL061C,0,,0.0,0.0,0.2615763545036316
YBR118W,YGR285C,0,,0.0,0.0,0.2618226706981659
YDR494W,YDL021W,0,,0.0,0.0,0.2620689570903778
YDL024C,YKL003C,0,,0.0,0.0,0.2623152732849121
YGR238C,YDR260C,0,,0.0,0.0,0.2625615894794464
YCR087C-A,YBR026C,0,,0.0,0.0,0.2628078758716583
YGL112C,YJL149W,0,,0.0,0.0,0.2630541920661926
YMR250W,YMR200W,0,,0.0,0.0,0.26330047845840454
YGR010W,YCR055C,0,,0.0,0.0,0.26354679465293884
YNL335W,YGR134W,0,,0.0,0.0,0.26379311084747314
YHR059W,YER190W,0,,0.0,0.0,0.26403939723968506
YPR162C,YML052W,0,,0.0,0.0,0.26428571343421936
YMR033W,YMR304W,0,,0.0,0.0,0.26453202962875366
YKL061W,YDR218C,0,,0.0,0.0,0.2647783160209656
YLL041C,YFL017W-A,0,,0.0,0.0,0.2650246322154999
YDL227C,YDR410C,0,,0.0,0.0,0.2652709484100342
YNL050C,YDR240C,0,,0.0,0.0,0.2655172348022461
YER103W,YOR212W,0,,0.0,0.0,0.2657635509967804
YGR175C,YNR017W,0,,0.0,0.0,0.2660098373889923
YHR012W,YGR085C,0,,0.0,0.0,0.2662561535835266
YPL218W,YMR143W,0,,0.0,0.0,0.2665024697780609
YBL076C,YNL070W,0,,0.0,0.0,0.2667487561702728
YEL052W,YAR002C-A,0,,0.0,0.0,0.26699507236480713
YDR146C,YPR149W,0,,0.0,0.0,0.26724138855934143
YHL012W,YHL027W,0,,0.0,0.0,0.26748767495155334
YPL200W,YBL098W,0,,0.0,0.0,0.26773399114608765
YOL142W,YPR160W,0,,0.0,0.0,0.26798030734062195
YNL273W,YLL017W,0,,0.0,0.0,0.26822659373283386
YHR047C,YOR313C,0,,0.0,0.0,0.26847290992736816
YLR401C,YLR050C,0,,0.0,0.0,0.26871922612190247
YDR337W,YJL095W,0,,0.0,0.0,0.2689655125141144
YOR317W,YMR193W,0,,0.0,0.0,0.2692118287086487
YPL151C,YPL183W-A,0,,0.0,0.0,0.2694581151008606
YJL095W,YBR173C,0,,0.0,0.0,0.2697044312953949
YLR389C,YDR261W-A,0,,0.0,0.0,0.2699507474899292
YHR066W,YNL070W,0,,0.0,0.0,0.2701970338821411
YBR192W,YDR496C,0,,0.0,0.0,0.2704433500766754
YFL048C,YOR232W,0,,0.0,0.0,0.2706896662712097
YKL074C,YLR050C,0,,0.0,0.0,0.27093595266342163
YIL088C,YOR232W,0,,0.0,0.0,0.27118226885795593
YMR159C,YKL172W,0,,0.0,0.0,0.27142858505249023
YJL166W,YLR410W-A,0,,0.0,0.0,0.27167487144470215
YGL172W,YDL039C,0,,0.0,0.0,0.27192118763923645
YLR141W,YJL085W,0,,0.0,0.0,0.27216747403144836
YBR260C,YPL093W,0,,0.0,0.0,0.27241379022598267
YHR002W,YHR214C-B,0,,0.0,0.0,0.27266010642051697
YLR390W,YGL148W,0,,0.0,0.0,0.2729063928127289
YOL082W,YPL082C,0,,0.0,0.0,0.2731527090072632
YOL010W,YDL206W,0,,0.0,0.0,0.2733990252017975
YGL148W,YER019C-A,0,,0.0,0.0,0.2736453115940094
YEL052W,YDR472W,0,,0.0,0.0,0.2738916277885437
YOR159C,YDR285W,0,,0.0,0.0,0.274137943983078
YPL240C,YEL040W,0,,0.0,0.0,0.2743842303752899
YDR164C,YER168C,0,,0.0,0.0,0.2746305465698242
YKR055W,YER171W,0,,0.0,0.0,0.27487683296203613
YGR056W,YMR114C,0,,0.0,0.0,0.27512314915657043
YDR079W,YLL027W,0,,0.0,0.0,0.27536946535110474
YER125W,YPL169C,1,,0.0008936550584621727,0.002463054144755006,0.27536946535110474
YHR197W,YLR022C,1,,0.0017857142956927419,0.004926108289510012,0.27536946535110474
YHR197W,YGL097W,1,,0.002676181960850954,0.007389162667095661,0.27536946535110474
YHR197W,YPL146C,1,,0.003565062303096056,0.009852216579020023,0.27536946535110474
YER125W,YNR053C,1,,0.004452359862625599,0.012315270490944386,0.27536946535110474
YER125W,YDR091C,1,,0.005338078364729881,0.014778325334191322,0.27536946535110474
YER125W,YAL059W,1,,0.006222222000360489,0.017241379246115685,0.27536946535110474
YER125W,YMR235C,1,,0.007104795891791582,0.019704433158040047,0.27536946535110474
YNR053C,YLR022C,1,,0.007985803298652172,0.02216748706996441,0.27536946535110474
YER125W,YLR022C,1,,0.008865248411893845,0.02463054098188877,0.27536946535110474
YER125W,YGL097W,1,,0.009743135422468185,0.027093596756458282,0.27536946535110474
YER125W,YPL146C,1,,0.010619468986988068,0.029556650668382645,0.27536946535110474
YNR053C,YDR091C,1,,0.01149425283074379,0.03201970458030701,0.27536946535110474
YNR053C,YAL059W,1,,0.012367491610348225,0.03448275849223137,0.27536946535110474
YNR053C,YPL169C,1,,0.013239188119769096,0.03694581240415573,0.27536946535110474
YHR197W,YMR235C,1,,0.014109347015619278,0.03940886631608009,0.27536946535110474
YHR197W,YPL169C,1,,0.014977973885834217,0.041871920228004456,0.27536946535110474
YHR197W,YAL059W,1,,0.01584506966173649,0.04433497413992882,0.27536946535110474
YHR197W,YDR091C,1,,0.016710642725229263,0.04679802805185318,0.27536946535110474
YHR197W,YNR053C,1,,0.017574692144989967,0.04926108196377754,0.27536946535110474
YHR197W,YER125W,1,,0.018437225371599197,0.0517241396009922,0.27536946535110474
YER036C,YPL146C,1,,0.019298246130347252,0.054187193512916565,0.27536946535110474
YER036C,YGL097W,1,,0.02015775628387928,0.05665024742484093,0.27536946535110474
YER036C,YLR022C,1,,0.02101576142013073,0.05911330133676529,0.27536946535110474
YER036C,YMR235C,1,,0.0218722652643919,0.06157635524868965,0.27536946535110474
YER036C,YPL169C,1,,0.022727273404598236,0.06403940916061401,0.27536946535110474
YER036C,YAL059W,1,,0.02358078584074974,0.06650245934724808,0.27536946535110474
YER036C,YDR091C,1,,0.02443281002342701,0.06896551698446274,0.27536946535110474
YER036C,YNR053C,1,,0.025283347815275192,0.0714285746216774,0.27536946535110474
YER036C,YER125W,1,,0.026132404804229736,0.07389162480831146,0.27536946535110474
YER036C,YHR197W,1,,0.02697998285293579,0.07635468244552612,0.27536946535110474
YHR170W,YPL146C,1,,0.027826087549328804,0.07881773263216019,0.27536946535110474
YNR053C,YMR235C,1,,0.028670720756053925,0.08128079026937485,0.27536946535110474
YNR053C,YGL097W,1,,0.0295138880610466,0.08374384045600891,0.27536946535110474
YHR170W,YLR022C,1,,0.03035559318959713,0.08620689809322357,0.27536946535110474
YLR244C,YOR243C,0,,0.03032928891479969,0.08620689809322357,0.27561575174331665
YMR235C,YPL146C,1,,0.031168831512331963,0.08866994827985764,0.27561575174331665
YLR022C,YGL097W,1,,0.032006919384002686,0.0911330059170723,0.27561575174331665
YLR022C,YPL146C,1,,0.032843559980392456,0.09359605610370636,0.27561575174331665
YGL097W,YPL146C,1,,0.03367875516414642,0.09605911374092102,0.27561575174331665
YBR118W,YDR240C,0,,0.03364969789981842,0.09605911374092102,0.27586206793785095
YPR127W,YPL027W,0,,0.0336206890642643,0.09605911374092102,0.27610838413238525
YNL314W,YBR037C,0,,0.03359173238277435,0.09605911374092102,0.27635467052459717
YNR053C,YPL146C,1,,0.034423407167196274,0.09852216392755508,0.27635467052459717
YDR414C,YEL056W,0,,0.034393809735774994,0.09852216392755508,0.27660098671913147
YJL155C,YKR002W,0,,0.034364260733127594,0.09852216392755508,0.27684730291366577
YNL231C,YDL059C,0,,0.03433476388454437,0.09852216392755508,0.2770935893058777
YDL246C,YJL085W,0,,0.03430531546473503,0.09852216392755508,0.277339905500412
YPR080W,YEL036C,0,,0.03427592292428017,0.09852216392755508,0.2775862216949463
YBR118W,YOL043C,0,,0.034246575087308884,0.09852216392755508,0.2778325080871582
YMR235C,YGL097W,1,,0.03507271036505699,0.10098522156476974,0.2778325080871582
YMR235C,YLR022C,1,,0.03589743748307228,0.1034482792019844,0.2778325080871582
YPL169C,YPL146C,1,,0.03672075271606445,0.10591132938861847,0.2778325080871582
YPL169C,YGL097W,1,,0.037542663514614105,0.10837438702583313,0.2778325080871582
YPL169C,YLR022C,1,,0.03836316987872124,0.1108374372124672,0.2778325080871582
YPL169C,YMR235C,1,,0.039182282984256744,0.11330049484968185,0.2778325080871582
YAL059W,YPL146C,1,,0.03999999910593033,0.11576354503631592,0.2778325080871582
YAL059W,YGL097W,1,,0.040816325694322586,0.11822660267353058,0.2778325080871582
YAL059W,YLR022C,1,,0.041631266474723816,0.12068965286016464,0.2778325080871582
YAL059W,YMR235C,1,,0.04244482144713402,0.1231527104973793,0.2778325080871582
YAL059W,YPL169C,1,,0.04325699806213379,0.12561576068401337,0.2778325080871582
YDR091C,YPL146C,1,,0.04406779631972313,0.12807881832122803,0.2778325080871582
YDR091C,YGL097W,1,,0.044877223670482635,0.1305418759584427,0.2778325080871582
YDR091C,YLR022C,1,,0.04568528011441231,0.13300491869449615,0.2778325080871582
YDR091C,YMR235C,1,,0.046491969376802444,0.13546797633171082,0.2778325080871582
YDR091C,YPL169C,1,,0.04729729890823364,0.13793103396892548,0.2778325080871582
YDR091C,YAL059W,1,,0.048101264983415604,0.14039409160614014,0.2778325080871582
YHR170W,YGL097W,1,,0.04890387877821922,0.1428571492433548,0.2778325080871582
YHR170W,YMR235C,1,,0.0497051402926445,0.14532019197940826,0.2778325080871582
YLR391W-A,YJL079C,0,,0.049663297832012177,0.14532019197940826,0.2780788242816925
YIL063C,YHR170W,1,,0.050462573766708374,0.14778324961662292,0.2780788242816925
YJL041W,YMR235C,1,,0.05126050487160683,0.15024630725383759,0.2780788242816925
YJL041W,YLR022C,1,,0.05205709487199783,0.15270936489105225,0.2780788242816925
YJL041W,YGL097W,1,,0.05285234749317169,0.1551724076271057,0.2780788242816925
YJL041W,YPL146C,1,,0.053646270185709,0.15763546526432037,0.2780788242816925
YIL063C,YDR361C,1,,0.05443885922431946,0.16009852290153503,0.2780788242816925
YIL063C,YGR218W,1,,0.05523012578487396,0.1625615805387497,0.2780788242816925
YIL063C,YER036C,1,,0.056020066142082214,0.16502462327480316,0.2780788242816925
YIL063C,YLR022C,1,,0.05680868774652481,0.16748768091201782,0.2780788242816925
YIL063C,YHR197W,1,,0.05759599432349205,0.16995073854923248,0.2780788242816925
YIL063C,YER125W,1,,0.05838198587298393,0.17241379618644714,0.2780788242816925
YIL063C,YNR053C,1,,0.059166666120290756,0.1748768538236618,0.2780788242816925
YIL063C,YDR091C,1,,0.05995004251599312,0.17733989655971527,0.2780788242816925
YIL063C,YAL059W,1,,0.06073211133480072,0.17980295419692993,0.2780788242816925
YIL063C,YPL169C,1,,0.06151288375258446,0.1822660118341446,0.2780788242816925
YJL041W,YPL169C,1,,0.06229235976934433,0.18472906947135925,0.2780788242816925
YJL041W,YAL059W,1,,0.06307054311037064,0.18719211220741272,0.2780788242816925
YJL041W,YDR091C,1,,0.06384743005037308,0.18965516984462738,0.2780788242816925
YJL041W,YNR053C,1,,0.06462303549051285,0.19211822748184204,0.2780788242816925
YJL041W,YER125W,1,,0.06539735198020935,0.1945812851190567,0.2780788242816925
YJL041W,YHR197W,1,,0.06617038697004318,0.19704432785511017,0.2780788242816925
YJL041W,YER036C,1,,0.06694214791059494,0.19950738549232483,0.2780788242816925
YJL041W,YHR170W,1,,0.06771263480186462,0.2019704431295395,0.2780788242816925
YJL041W,YGR218W,1,,0.06848184764385223,0.20443350076675415,0.2780788242816925
YJL041W,YDR361C,1,,0.06924979388713837,0.2068965584039688,0.2780788242816925
YJL041W,YIL063C,1,,0.07001647353172302,0.20935960114002228,0.2780788242816925
YPR016C,YPL146C,1,,0.0707818940281868,0.21182265877723694,0.2780788242816925
YPR016C,YGL097W,1,,0.0715460553765297,0.2142857164144516,0.2780788242816925
YPR016C,YLR022C,1,,0.07230895757675171,0.21674877405166626,0.2780788242816925
YPR016C,YMR235C,1,,0.07307060807943344,0.21921181678771973,0.2780788242816925
YPR016C,YPL169C,1,,0.07383100688457489,0.2216748744249344,0.2780788242816925
YPR016C,YAL059W,1,,0.07459016144275665,0.22413793206214905,0.2780788242816925
YIL063C,YMR235C,1,,0.07534807175397873,0.2266009896993637,0.2780788242816925
YIL063C,YGL097W,1,,0.07610474526882172,0.22906403243541718,0.2780788242816925
YHR170W,YPL169C,1,,0.07686018198728561,0.23152709007263184,0.2780788242816925
YGR218W,YGL097W,1,,0.07761438190937042,0.2339901477098465,0.2780788242816925
YGR218W,YNR053C,1,,0.07836734503507614,0.23645320534706116,0.2780788242816925
YGR218W,YDR091C,1,,0.07911908626556396,0.23891626298427582,0.2780788242816925
YGR218W,YAL059W,1,,0.0798695981502533,0.24137930572032928,0.2780788242816925
YGR218W,YPL169C,1,,0.08061889559030533,0.24384236335754395,0.2780788242816925
YGR218W,YMR235C,1,,0.08136696368455887,0.2463054209947586,0.2780788242816925
YGR218W,YLR022C,1,,0.0821138247847557,0.24876847863197327,0.2780788242816925
YGR218W,YPL146C,1,,0.08285946398973465,0.25123152136802673,0.2780788242816925
YIL063C,YPL146C,1,,0.08360389620065689,0.2536945939064026,0.2780788242816925
YHR170W,YER036C,1,,0.08434712141752243,0.25615763664245605,0.2780788242816925
YHR170W,YHR197W,1,,0.08508913964033127,0.2586206793785095,0.2780788242816925
YHR170W,YER125W,1,,0.085829958319664,0.2610837519168854,0.2780788242816925
YHR170W,YNR053C,1,,0.08656957745552063,0.26354679465293884,0.2780788242816925
YHR170W,YDR091C,1,,0.08730800449848175,0.2660098373889923,0.2780788242816925
YHR170W,YAL059W,1,,0.08804523199796677,0.26847290992736816,0.2780788242816925
YGR218W,YER125W,1,,0.08878127485513687,0.27093595266342163,0.2780788242816925
YGR218W,YHR197W,1,,0.08951612561941147,0.2733990252017975,0.2780788242816925
YGR218W,YER036C,1,,0.09024979919195175,0.27586206793785095,0.2780788242816925
YGR218W,YHR170W,1,,0.09098228812217712,0.2783251106739044,0.2780788242816925
YDR361C,YPL146C,1,,0.09171359986066818,0.2807881832122803,0.2780788242816925
YDR361C,YGL097W,1,,0.09244372695684433,0.28325122594833374,0.2780788242816925
YDR361C,YLR022C,1,,0.09317269176244736,0.2857142984867096,0.2780788242816925
YDR361C,YMR235C,1,,0.09390047937631607,0.28817734122276306,0.2780788242816925
YDR361C,YPL169C,1,,0.09462710469961166,0.29064038395881653,0.2780788242816925
YDR361C,YAL059W,1,,0.09535256773233414,0.2931034564971924,0.2780788242816925
YDR361C,YDR091C,1,,0.0960768610239029,0.29556649923324585,0.2780788242816925
YDR361C,YNR053C,1,,0.09679999947547913,0.2980295419692993,0.2780788242816925
YDR361C,YER125W,1,,0.09752198308706284,0.30049261450767517,0.2780788242816925
YDR361C,YHR197W,1,,0.09824281185865402,0.30295565724372864,0.2780788242816925
YDR361C,YER036C,1,,0.09896249324083328,0.3054187297821045,0.2780788242816925
YDR361C,YHR170W,1,,0.09968101978302002,0.30788177251815796,0.2780788242816925
YDR361C,YGR218W,1,,0.10039840638637543,0.3103448152542114,0.2780788242816925
YLR401C,YHR008C,0,,0.10031846910715103,0.3103448152542114,0.2783251106739044
YDR460W,YLR026C,0,,0.10023866593837738,0.3103448152542114,0.2785714268684387
YPL200W,YER074W,0,,0.10015898197889328,0.3103448152542114,0.278817743062973
YGR238C,YBR128C,0,,0.10007942467927933,0.3103448152542114,0.27906402945518494
YOL066C,YJL081C,0,,0.10000000149011612,0.3103448152542114,0.27931034564971924
YML073C,YHR059W,0,,0.09992069751024246,0.3103448152542114,0.27955666184425354
YDR285W,YNL078W,0,,0.09984152019023895,0.3103448152542114,0.27980294823646545
YDL078C,YGR246C,0,,0.09976246953010559,0.3103448152542114,0.28004926443099976
YOR382W,YGL203C,0,,0.09968354552984238,0.3103448152542114,0.28029558062553406
YOL112W,YER137C,0,,0.09960474073886871,0.3103448152542114,0.28054186701774597
YNL297C,YDR472W,0,,0.0995260700583458,0.3103448152542114,0.2807881832122803
YMR241W,YFL048C,0,,0.09944751113653183,0.3103448152542114,0.2810344696044922
YGR251W,YKR002W,0,,0.09936908632516861,0.3103448152542114,0.2812807857990265
YDR210C-C,YNL283C,0,,0.09929078072309494,0.3103448152542114,0.2815271019935608
YDR030C,YDR173C,0,,0.09921260178089142,0.3103448152542114,0.2817733883857727
YJR010W,YBR294W,0,,0.09913454204797745,0.3103448152542114,0.282019704580307
YEL052W,YJR063W,0,,0.09905660152435303,0.3103448152542114,0.2822660207748413
YJR055W,YNL219C,0,,0.09897878766059875,0.3103448152542114,0.2825123071670532
YKL090W,YDR369C,0,,0.09890110045671463,0.3103448152542114,0.2827586233615875
YGR246C,YKL165C,0,,0.09882353246212006,0.3103448152542114,0.2830049395561218
YGR268C,YNL298W,0,,0.09874608367681503,0.3103448152542114,0.28325122594833374
YKR028W,YPR163C,0,,0.09866875410079956,0.3103448152542114,0.28349754214286804
YBR271W,YGR285C,0,,0.09859155118465424,0.3103448152542114,0.28374382853507996
YDL084W,YER171W,0,,0.09851446747779846,0.3103448152542114,0.28399014472961426
YBR274W,YPR091C,0,,0.09843750298023224,0.3103448152542114,0.28423646092414856
YOR323C,YIL046W,0,,0.09836065769195557,0.3103448152542114,0.2844827473163605
YOR215C,YOR393W,0,,0.09828393161296844,0.3103448152542114,0.2847290635108948
YML032C,YLR380W,0,,0.09820732474327087,0.3103448152542114,0.2849753797054291
YOR279C,YBL026W,0,,0.09813084453344345,0.3103448152542114,0.285221666097641
YNL138W-A,YLR028C,0,,0.09805447608232498,0.3103448152542114,0.2854679822921753
YDL070W,YLR154W-A,0,,0.09797822684049606,0.3103448152542114,0.2857142984867096
YCR060W,YMR078C,0,,0.0979020968079567,0.3103448152542114,0.2859605848789215
YMR013C,YKR020W,0,,0.09782608598470688,0.3103448152542114,0.2862069010734558
YNL147W,YPL122C,0,,0.09775019437074661,0.3103448152542114,0.2864531874656677
YNL079C,YCR080W,0,,0.0976744219660759,0.3103448152542114,0.286699503660202
YOR071C,YGR185C,0,,0.09759876132011414,0.3103448152542114,0.28694581985473633
YLR105C,YNR072W,0,,0.09752321988344193,0.3103448152542114,0.28719210624694824
YKL161C,YNL258C,0,,0.09744779765605927,0.3103448152542114,0.28743842244148254
YMR272C,YGL148W,0,,0.09737248718738556,0.3103448152542114,0.28768473863601685
YJR010W,YKR044W,0,,0.0972972959280014,0.3103448152542114,0.28793102502822876
YJR119C,YOR324C,0,,0.0972222238779068,0.3103448152542114,0.28817734122276306
YGL068W,YER137C-A,0,,0.09714726358652115,0.3103448152542114,0.28842365741729736
YMR123W,YGL112C,0,,0.09707242250442505,0.3103448152542114,0.2886699438095093
YHR119W,YMR159C,0,,0.0969976931810379,0.3103448152542114,0.2889162600040436
YFL001W,YMR273C,0,,0.09692307561635971,0.3103448152542114,0.2891625761985779
YEL036C,YML109W,0,,0.09684857726097107,0.3103448152542114,0.2894088625907898
YOR304W,YOR162C,0,,0.09677419066429138,0.3103448152542114,0.2896551787853241
YGL068W,YDR415C,0,,0.09669992327690125,0.3103448152542114,0.289901465177536
YFL048C,YGL241W,0,,0.09662576764822006,0.3103448152542114,0.2901477813720703
YAR027W,YBR074W,0,,0.09655172377824783,0.3103448152542114,0.2903940975666046
YDL121C,YOR145C,0,,0.09647779166698456,0.3103448152542114,0.29064038395881653
YDL179W,YOL053C-A,0,,0.09640397876501083,0.3103448152542114,0.29088670015335083
YML058W-A,YMR061W,0,,0.09633027762174606,0.3103448152542114,0.29113301634788513
YLL019C,YDR429C,0,,0.09625668078660965,0.3103448152542114,0.29137930274009705
YGR288W,YBR196C,0,,0.09618320316076279,0.3103448152542114,0.29162561893463135
YGR171C,YMR115W,0,,0.09610983729362488,0.3103448152542114,0.29187193512916565
YOR298W,YJL085W,0,,0.09603658318519592,0.3103448152542114,0.29211822152137756
YOR317W,YGR095C,0,,0.09596344083547592,0.3103448152542114,0.29236453771591187
YDL035C,YBL092W,0,,0.09589041024446487,0.3103448152542114,0.2926108241081238
YLL002W,YBL028C,0,,0.09581749141216278,0.3103448152542114,0.2928571403026581
YLR208W,YDL197C,0,,0.09574468433856964,0.3103448152542114,0.2931034564971924
YCR060W,YJR005W,0,,0.09567198157310486,0.3103448152542114,0.2933497428894043
YGL030W,YMR304W,0,,0.09559939056634903,0.3103448152542114,0.2935960590839386
YFL048C,YGR185C,0,,0.09552691131830215,0.3103448152542114,0.2938423752784729
YJL034W,YLR141W,0,,0.09545454382896423,0.3103448152542114,0.2940886616706848
YGL200C,YNR004W,0,,0.09538228809833527,0.3103448152542114,0.2943349778652191
YGR036C,YPL223C,0,,0.09531013667583466,0.3103448152542114,0.2945812940597534
YIL020C,YBR026C,0,,0.095238097012043,0.3103448152542114,0.29482758045196533
YPL082C,YDR262W,0,,0.0951661616563797,0.3103448152542114,0.29507389664649963
YCR030C,YBR081C,0,,0.09509433805942535,0.3103448152542114,0.29532018303871155
YDR383C,YLR309C,0,,0.09502262622117996,0.3103448152542114,0.29556649923324585
YJR138W,YML132W,0,,0.09495101869106293,0.3103448152542114,0.29581281542778015
YLR386W,YFL045C,0,,0.09487951546907425,0.3103448152542114,0.29605910181999207
YBR075W,YER137C,0,,0.09480812400579453,0.3103448152542114,0.29630541801452637
YLR182W,YIL170W,0,,0.09473684430122375,0.3103448152542114,0.29655173420906067
YGR109W-B,YOR204W,0,,0.09466566145420074,0.3103448152542114,0.2967980206012726
YOR310C,YBL113C,0,,0.09459459781646729,0.3103448152542114,0.2970443367958069
YNL107W,YPR127W,0,,0.09452363103628159,0.3103448152542114,0.2972906529903412
YKL165C,YNL335W,0,,0.09445277601480484,0.3103448152542114,0.2975369393825531
YDR451C,YHR079C,0,,0.09438202530145645,0.3103448152542114,0.2977832555770874
YDR254W,YDR392W,0,,0.09431137889623642,0.3103448152542114,0.2980295419692993
YNL271C,YPR135W,0,,0.09424083679914474,0.3103448152542114,0.2982758581638336
YNL032W,YOR382W,0,,0.09417040646076202,0.3103448152542114,0.2985221743583679
YKR055W,YKL175W,0,,0.09410007297992706,0.3103448152542114,0.29876846075057983
YNR004W,YJL140W,0,,0.09402985125780106,0.3103448152542114,0.29901477694511414
YPR072W,YAL038W,0,,0.0939597338438034,0.3103448152542114,0.29926109313964844
YFL014W,YMR186W,0,,0.09388971328735352,0.3103448152542114,0.29950737953186035
YPR187W,YKL201C,0,,0.09381980448961258,0.3103448152542114,0.29975369572639465
YDL227C,YNR044W,0,,0.09375,0.3103448152542114,0.30000001192092896
YBL011W,YOL004W,0,,0.09368029981851578,0.3103448152542114,0.30024629831314087
YEL031W,YEL062W,0,,0.09361069649457932,0.3103448152542114,0.30049261450767517
YBR202W,YBL091C-A,0,,0.0935412049293518,0.3103448152542114,0.3007389307022095
YJL071W,YNL182C,0,,0.09347181022167206,0.3103448152542114,0.3009852170944214
YDR411C,YNL283C,0,,0.09340251982212067,0.3103448152542114,0.3012315332889557
YPR083W,YNL290W,0,,0.09333333373069763,0.3103448152542114,0.3014778196811676
YLR182W,YDL028C,0,,0.09326425194740295,0.3103448152542114,0.3017241358757019
YNL006W,YMR246W,0,,0.09319526702165604,0.3103448152542114,0.3019704520702362
YML073C,YPL112C,0,,0.09312638640403748,0.3103448152542114,0.3022167384624481
YBL112C,YNL192W,0,,0.09305761009454727,0.3103448152542114,0.3024630546569824
YEL040W,YLR187W,0,,0.09298893064260483,0.3103448152542114,0.3027093708515167
YNL297C,YDL225W,0,,0.09292035549879074,0.3103448152542114,0.30295565724372864
YHR209W,YOR294W,0,,0.09285187721252441,0.3103448152542114,0.30320197343826294
YDR233C,YPR160W,0,,0.09278350323438644,0.3103448152542114,0.30344828963279724
YOR106W,YHL034C,0,,0.09271523356437683,0.3103448152542114,0.30369457602500916
YIL006W,YKL022C,0,,0.09264706075191498,0.3103448152542114,0.30394089221954346
YDR174W,YDL202W,0,,0.09257898479700089,0.3103448152542114,0.30418717861175537
YPL002C,YEL043W,0,,0.09251101315021515,0.3103448152542114,0.3044334948062897
YDR454C,YNL027W,0,,0.09244313836097717,0.3103448152542114,0.304679811000824
YDR067C,YLR130C,0,,0.09237536787986755,0.3103448152542114,0.3049260973930359
YOL103W-B,YDR449C,0,,0.0923076942563057,0.3103448152542114,0.3051724135875702
YJR021C,YDR109C,0,,0.0922401174902916,0.3103448152542114,0.3054187297821045
YDL142C,YLR321C,0,,0.09217263758182526,0.3103448152542114,0.3056650161743164
YGR085C,YPL119C,0,,0.09210526198148727,0.3103448152542114,0.3059113323688507
YAL016W,YDL128W,0,,0.09203798323869705,0.3103448152542114,0.306157648563385
YOR084W,YIL094C,0,,0.09197080135345459,0.3103448152542114,0.3064039349555969
YKL097W-A,YLR391W,0,,0.09190371632575989,0.3103448152542114,0.3066502511501312
YLR157C,YOR287C,0,,0.09183673560619354,0.3103448152542114,0.30689653754234314
YOR237W,YIL132C,0,,0.09176984429359436,0.3103448152542114,0.30714285373687744
YJR119C,YNR021W,0,,0.09170305728912354,0.3103448152542114,0.30738916993141174
YGL094C,YNL284C,0,,0.09163636714220047,0.3103448152542114,0.30763545632362366
YMR203W,YPL183W-A,0,,0.09156976640224457,0.3103448152542114,0.30788177251815796
YKR056W,YDR170C,0,,0.09150326997041702,0.3103448152542114,0.30812808871269226
YOL010W,YJR026W,0,,0.09143686294555664,0.3103448152542114,0.3083743751049042
YDR416W,YEL041W,0,,0.09137056022882462,0.3103448152542114,0.3086206912994385
YLR130C,YNL092W,0,,0.09130434691905975,0.3103448152542114,0.3088670074939728
YAL063C,YKL124W,0,,0.09123823046684265,0.3103448152542114,0.3091132938861847
YNL304W,YJR083C,0,,0.09117221087217331,0.3103448152542114,0.309359610080719
YPR187W,YDL140C,0,,0.09110628813505173,0.3103448152542114,0.3096058964729309
YER101C,YDL077C,0,,0.0910404622554779,0.3103448152542114,0.3098522126674652
YIL134W,YCL014W,0,,0.09097472578287125,0.3103448152542114,0.3100985288619995
YOR126C,YKL096W-A,0,,0.09090909361839294,0.3103448152542114,0.3103448152542114
YMR315W,YMR033W,0,,0.0908435508608818,0.3103448152542114,0.3105911314487457
YMR168C,YJL030W,0,,0.09077809751033783,0.3103448152542114,0.31083744764328003
YKL007W,YLR391W-A,0,,0.09071274101734161,0.3103448152542114,0.31108373403549194
YAL060W,YPL252C,0,,0.09064748138189316,0.3103448152542114,0.31133005023002625
YPL252C,YNL298W,0,,0.09058231860399246,0.3103448152542114,0.31157636642456055
YPL200W,YPR002W,0,,0.09051723778247833,0.3103448152542114,0.31182265281677246
YPR125W,YNL080C,0,,0.09045226126909256,0.3103448152542114,0.31206896901130676
YMR078C,YMR213W,0,,0.09038737416267395,0.3103448152542114,0.31231528520584106
YLR386W,YDR470C,0,,0.0903225839138031,0.3103448152542114,0.312561571598053
YPR016C,YDR091C,1,,0.09097421169281006,0.3128078877925873,0.312561571598053
YPR016C,YNR053C,1,,0.0916249081492424,0.31527093052864075,0.312561571598053
YPR016C,YER125W,1,,0.09227468073368073,0.3177340030670166,0.312561571598053
YIL115C,YHR170W,1,,0.09292351454496384,0.32019704580307007,0.312561571598053
YIL115C,YDR267C,1,,0.09357143193483353,0.32266008853912354,0.312561571598053
YIL115C,YPR016C,1,,0.0942184180021286,0.3251231610774994,0.312561571598053
YIL115C,YJL041W,1,,0.09486448019742966,0.32758620381355286,0.312561571598053
YIL115C,YIL063C,1,,0.0955096185207367,0.3300492465496063,0.312561571598053
YIL115C,YDR361C,1,,0.09615384787321091,0.3325123190879822,0.312561571598053
YIL115C,YGR218W,1,,0.0967971533536911,0.33497536182403564,0.312561571598053
YIL115C,YER036C,1,,0.09743954241275787,0.3374384343624115,0.312561571598053
YIL115C,YLR022C,1,,0.09808102250099182,0.33990147709846497,0.312561571598053
YIL115C,YHR197W,1,,0.09872159361839294,0.34236451983451843,0.312561571598053
YIL115C,YER125W,1,,0.09936124831438065,0.3448275923728943,0.312561571598053
YIL115C,YNR053C,1,,0.10000000149011612,0.34729063510894775,0.312561571598053
YIL115C,YDR091C,1,,0.10063784569501877,0.3497537076473236,0.312561571598053
YIL115C,YAL059W,1,,0.10127478837966919,0.3522167503833771,0.312561571598053
YIL115C,YPL169C,1,,0.10191082954406738,0.35467979311943054,0.312561571598053
YIL115C,YJL010C,1,,0.10254596918821335,0.3571428656578064,0.312561571598053
YIL115C,YGL099W,1,,0.10318021476268768,0.35960590839385986,0.312561571598053
YIL115C,YOR206W,1,,0.10381355881690979,0.36206895112991333,0.312561571598053
YIL115C,YKL186C,1,,0.10444601625204086,0.3645320236682892,0.312561571598053
YIL115C,YPL093W,1,,0.10507757216691971,0.36699506640434265,0.312561571598053
YIL115C,YCR047C,1,,0.10570824891328812,0.3694581389427185,0.312561571598053
YIL115C,YKL143W,1,,0.1063380315899849,0.371921181678772,0.312561571598053
YGL172W,YPL146C,1,,0.10696692764759064,0.37438422441482544,0.312561571598053
YGL172W,YGL097W,1,,0.10759493708610535,0.3768472969532013,0.312561571598053
YGL172W,YLR022C,1,,0.10822206735610962,0.37931033968925476,0.312561571598053
YGL172W,YMR235C,1,,0.10884831100702286,0.3817734122276306,0.312561571598053
YGL172W,YPL169C,1,,0.10947368294000626,0.3842364549636841,0.312561571598053
YGL172W,YAL059W,1,,0.11009817570447922,0.38669949769973755,0.312561571598053
YGL172W,YDR091C,1,,0.11072179675102234,0.3891625702381134,0.312561571598053
YGL172W,YNR053C,1,,0.11134453862905502,0.39162561297416687,0.312561571598053
YGL172W,YER125W,1,,0.11196640878915787,0.39408865571022034,0.312561571598053
YGL172W,YHR197W,1,,0.11258741468191147,0.3965517282485962,0.312561571598053
YIL115C,YMR235C,1,,0.11320754885673523,0.39901477098464966,0.312561571598053
YIL115C,YGL097W,1,,0.11382681876420975,0.4014778435230255,0.312561571598053
YGL172W,YHR170W,1,,0.11444521695375443,0.403940886259079,0.312561571598053
YKL143W,YPL146C,1,,0.11506275832653046,0.40640392899513245,0.312561571598053
YKL143W,YDR091C,1,,0.11567944288253784,0.4088670015335083,0.312561571598053
YKL143W,YAL059W,1,,0.11629526317119598,0.41133004426956177,0.312561571598053
YKL143W,YPL169C,1,,0.11691022664308548,0.4137931168079376,0.312561571598053
YKL143W,YMR235C,1,,0.11752434074878693,0.4162561595439911,0.312561571598053
YKL143W,YLR022C,1,,0.11813759803771973,0.41871920228004456,0.312561571598053
YKL143W,YGL097W,1,,0.11874999850988388,0.4211822748184204,0.312561571598053
YCR047C,YPL093W,1,,0.11936155706644058,0.4236453175544739,0.312561571598053
YIL115C,YPL146C,1,,0.11997225880622864,0.42610836029052734,0.312561571598053
YCR047C,YKL186C,1,,0.12058211863040924,0.4285714328289032,0.312561571598053
YCR047C,YOR206W,1,,0.12119113653898239,0.43103447556495667,0.312561571598053
YCR047C,YGL099W,1,,0.12179930508136749,0.4334975481033325,0.312561571598053
YCR047C,YJL010C,1,,0.12240663915872574,0.435960590839386,0.312561571598053
YCR047C,YDR267C,1,,0.12301313132047653,0.43842363357543945,0.312561571598053
YCR047C,YPR016C,1,,0.12361878156661987,0.4408867061138153,0.312561571598053
YKL143W,YNR053C,1,,0.12422360479831696,0.4433497488498688,0.312561571598053
YKL143W,YER125W,1,,0.12482758611440659,0.44581282138824463,0.312561571598053
YKL143W,YHR197W,1,,0.12543073296546936,0.4482758641242981,0.312561571598053
YKL143W,YER036C,1,,0.12603305280208588,0.45073890686035156,0.312561571598053
YKL143W,YHR170W,1,,0.12663455307483673,0.4532019793987274,0.312561571598053
YKL143W,YGR218W,1,,0.12723521888256073,0.4556650221347809,0.312561571598053
YKL143W,YDR361C,1,,0.12783505022525787,0.45812806487083435,0.312561571598053
YKL143W,YIL063C,1,,0.12843406200408936,0.4605911374092102,0.312561571598053
YKL143W,YJL041W,1,,0.12903225421905518,0.46305418014526367,0.312561571598053
YKL143W,YPR016C,1,,0.12962962687015533,0.4655172526836395,0.312561571598053
YKL143W,YDR267C,1,,0.13022617995738983,0.467980295419693,0.312561571598053
YKL143W,YJL010C,1,,0.13082191348075867,0.47044333815574646,0.312561571598053
YKL143W,YGL099W,1,,0.13141684234142303,0.4729064106941223,0.312561571598053
YKL143W,YOR206W,1,,0.13201093673706055,0.4753694534301758,0.312561571598053
YKL143W,YKL186C,1,,0.13260424137115479,0.47783252596855164,0.312561571598053
YKL143W,YPL093W,1,,0.13319672644138336,0.4802955687046051,0.312561571598053
YKL143W,YCR047C,1,,0.13378839194774628,0.48275861144065857,0.312561571598053
YGL172W,YER036C,1,,0.13437926769256592,0.4852216839790344,0.312561571598053
YGL172W,YGR218W,1,,0.1349693238735199,0.4876847267150879,0.312561571598053
YPR016C,YHR197W,1,,0.1355585902929306,0.49014776945114136,0.312561571598053
YLL034C,YMR235C,1,,0.13614703714847565,0.4926108419895172,0.312561571598053
YLL034C,YHR197W,1,,0.13673469424247742,0.4950738847255707,0.312561571598053
YLL034C,YER125W,1,,0.13732154667377472,0.49753695726394653,0.312561571598053
YLL034C,YNR053C,1,,0.13790760934352875,0.5,0.312561571598053
YLL034C,YDR091C,1,,0.1384928673505783,0.5024630427360535,0.312561571598053
YLL034C,YAL059W,1,,0.1390773355960846,0.5049260854721069,0.312561571598053
YLL034C,YPL169C,1,,0.1396610140800476,0.5073891878128052,0.312561571598053
YLL034C,YLR022C,1,,0.14024390280246735,0.5098522305488586,0.312561571598053
YGR245C,YKL186C,1,,0.1408260017633438,0.5123152732849121,0.312561571598053
YLL034C,YGL097W,1,,0.141407310962677,0.5147783160209656,0.312561571598053
YLL034C,YPL146C,1,,0.14198783040046692,0.517241358757019,0.312561571598053
YGR245C,YGL172W,1,,0.14256757497787476,0.5197044610977173,0.312561571598053
YGR245C,YIL115C,1,,0.14314652979373932,0.5221675038337708,0.312561571598053
YGR245C,YKL143W,1,,0.1437246948480606,0.5246305465698242,0.312561571598053
YGR245C,YCR047C,1,,0.14430208504199982,0.5270935893058777,0.312561571598053
YLL034C,YER036C,1,,0.14487870037555695,0.5295566320419312,0.312561571598053
YLL034C,YHR170W,1,,0.145454540848732,0.5320196747779846,0.312561571598053
YLL034C,YGR218W,1,,0.14602960646152496,0.5344827771186829,0.312561571598053
YLL034C,YDR361C,1,,0.14660389721393585,0.5369458198547363,0.312561571598053
YLL034C,YIL063C,1,,0.14717741310596466,0.5394088625907898,0.312561571598053
YLL034C,YJL041W,1,,0.14775016903877258,0.5418719053268433,0.312561571598053
YLL034C,YPR016C,1,,0.14832215011119843,0.5443349480628967,0.312561571598053
YLL034C,YDR267C,1,,0.1488933563232422,0.546798050403595,0.312561571598053
YLL034C,YJL010C,1,,0.14946380257606506,0.5492610931396484,0.312561571598053
YLL034C,YGL099W,1,,0.15003348886966705,0.5517241358757019,0.312561571598053
YLL034C,YOR206W,1,,0.15060241520404816,0.5541871786117554,0.312561571598053
YLL034C,YKL186C,1,,0.15117056667804718,0.5566502213478088,0.312561571598053
YLL034C,YPL093W,1,,0.1517379730939865,0.5591133236885071,0.312561571598053
YLL034C,YCR047C,1,,0.15230460464954376,0.5615763664245605,0.312561571598053
YLL034C,YKL143W,1,,0.15287049114704132,0.564039409160614,0.312561571598053
YLL034C,YIL115C,1,,0.153435617685318,0.5665024518966675,0.312561571598053
YLL034C,YGL172W,1,,0.15399999916553497,0.568965494632721,0.312561571598053
YGR245C,YPL093W,1,,0.15456362068653107,0.5714285969734192,0.312561571598053
YGR245C,YOR206W,1,,0.15512649714946747,0.5738916397094727,0.312561571598053
YGL172W,YDR361C,1,,0.15568862855434418,0.5763546824455261,0.312561571598053
YGL172W,YKL186C,1,,0.15625,0.5788177251815796,0.312561571598053
YGR245C,YGL097W,1,,0.15681062638759613,0.5812807679176331,0.312561571598053
YGR245C,YPL146C,1,,0.15737052261829376,0.5837438702583313,0.312561571598053
YGL172W,YIL115C,1,,0.1579296588897705,0.5862069129943848,0.312561571598053
YGL172W,YKL143W,1,,0.15848806500434875,0.5886699557304382,0.312561571598053
YGL172W,YCR047C,1,,0.1590457260608673,0.5911329984664917,0.312561571598053
YGL172W,YPL093W,1,,0.15960264205932617,0.5935960412025452,0.312561571598053
YGL172W,YOR206W,1,,0.16015882790088654,0.5960590839385986,0.312561571598053
YGR245C,YGL099W,1,,0.1607142835855484,0.5985221862792969,0.312561571598053
YGL172W,YGL099W,1,,0.16126900911331177,0.6009852290153503,0.312561571598053
YGL172W,YJL010C,1,,0.16182298958301544,0.6034482717514038,0.312561571598053
YGL172W,YDR267C,1,,0.16237623989582062,0.6059113144874573,0.312561571598053
YGL172W,YPR016C,1,,0.1629287600517273,0.6083743572235107,0.312561571598053
YGL172W,YJL041W,1,,0.16348055005073547,0.610837459564209,0.312561571598053
YGL172W,YIL063C,1,,0.16403162479400635,0.6133005023002625,0.312561571598053
YGR245C,YLR022C,1,,0.16458195447921753,0.6157635450363159,0.312561571598053
YGR245C,YMR235C,1,,0.1651315838098526,0.6182265877723694,0.312561571598053
YGR245C,YPL169C,1,,0.16568046808242798,0.6206896305084229,0.312561571598053
YGR245C,YAL059W,1,,0.16622865200042725,0.6231527328491211,0.312561571598053
YGR245C,YDR091C,1,,0.16677610576152802,0.6256157755851746,0.312561571598053
YGR245C,YNR053C,1,,0.16732282936573029,0.628078818321228,0.312561571598053
YGR245C,YER125W,1,,0.16786885261535645,0.6305418610572815,0.312561571598053
YGR245C,YHR197W,1,,0.1684141606092453,0.633004903793335,0.312561571598053
YGR245C,YER036C,1,,0.16895873844623566,0.6354680061340332,0.312561571598053
YGR245C,YHR170W,1,,0.1695026159286499,0.6379310488700867,0.312561571598053
YGR245C,YGR218W,1,,0.17004577815532684,0.6403940916061401,0.312561571598053
YGR245C,YDR361C,1,,0.17058824002742767,0.6428571343421936,0.312561571598053
YGR245C,YIL063C,1,,0.1711299866437912,0.6453201770782471,0.312561571598053
YGR245C,YJL041W,1,,0.17167101800441742,0.6477832794189453,0.312561571598053
YGR245C,YPR016C,1,,0.17221134901046753,0.6502463221549988,0.312561571598053
YGR245C,YDR267C,1,,0.17275097966194153,0.6527093648910522,0.312561571598053
YGR245C,YJL010C,1,,0.17328989505767822,0.6551724076271057,0.312561571598053
YCR047C,YJL041W,1,,0.173828125,0.6576354503631592,0.312561571598053
YCR047C,YIL063C,1,,0.17436565458774567,0.6600984930992126,0.312561571598053
YCR047C,YDR361C,1,,0.17490246891975403,0.6625615954399109,0.312561571598053
YGL099W,YGL097W,1,,0.17543859779834747,0.6650246381759644,0.312561571598053
YGL099W,YNR053C,1,,0.1759740263223648,0.6674876809120178,0.312561571598053
YGL099W,YDR091C,1,,0.17650875449180603,0.6699507236480713,0.312561571598053
YGL099W,YAL059W,1,,0.17704279720783234,0.6724137663841248,0.312561571598053
YGL099W,YPL169C,1,,0.17757615447044373,0.674876868724823,0.312561571598053
YGL099W,YMR235C,1,,0.178108811378479,0.6773399114608765,0.312561571598053
YGL099W,YLR022C,1,,0.17864078283309937,0.6798029541969299,0.312561571598053
YGL099W,YPL146C,1,,0.17917205393314362,0.6822659969329834,0.312561571598053
YJL010C,YER036C,1,,0.17970265448093414,0.6847290396690369,0.312561571598053
YJL010C,YDR267C,1,,0.18023255467414856,0.6871921420097351,0.312561571598053
YJL010C,YPR016C,1,,0.18076178431510925,0.6896551847457886,0.312561571598053
YJL010C,YJL041W,1,,0.18129032850265503,0.692118227481842,0.312561571598053
YJL010C,YIL063C,1,,0.1818181872367859,0.6945812702178955,0.312561571598053
YJL010C,YDR361C,1,,0.18234536051750183,0.697044312953949,0.312561571598053
YJL010C,YGR218W,1,,0.18287186324596405,0.6995074152946472,0.312561571598053
YGL099W,YER125W,1,,0.18339768052101135,0.7019704580307007,0.312561571598053
YGL099W,YHR197W,1,,0.18392282724380493,0.7044335007667542,0.312561571598053
YGL099W,YER036C,1,,0.1844473034143448,0.7068965435028076,0.312561571598053
YGL099W,YHR170W,1,,0.18497109413146973,0.7093595862388611,0.312561571598053
YGL099W,YGR218W,1,,0.18549422919750214,0.7118226885795593,0.312561571598053
YGL099W,YDR361C,1,,0.18601667881011963,0.7142857313156128,0.312561571598053
YGL099W,YIL063C,1,,0.1865384578704834,0.7167487740516663,0.312561571598053
YGL099W,YJL041W,1,,0.18705958127975464,0.7192118167877197,0.312561571598053
YGL099W,YPR016C,1,,0.18758001923561096,0.7216748595237732,0.312561571598053
YGL099W,YDR267C,1,,0.18809980154037476,0.7241379022598267,0.312561571598053
YGL099W,YJL010C,1,,0.18861892819404602,0.7266010046005249,0.312561571598053
YOR206W,YPL146C,1,,0.18913738429546356,0.7290640473365784,0.312561571598053
YOR206W,YGL097W,1,,0.18965516984462738,0.7315270900726318,0.312561571598053
YOR206W,YLR022C,1,,0.19017229974269867,0.7339901328086853,0.312561571598053
YOR206W,YMR235C,1,,0.19068877398967743,0.7364531755447388,0.312561571598053
YOR206W,YPL169C,1,,0.19120459258556366,0.738916277885437,0.312561571598053
YOR206W,YAL059W,1,,0.19171974062919617,0.7413793206214905,0.312561571598053
YJL010C,YHR170W,1,,0.19223424792289734,0.743842363357544,0.312561571598053
YJL010C,YHR197W,1,,0.1927480846643448,0.7463054060935974,0.312561571598053
YCR047C,YGR218W,1,,0.1932612806558609,0.7487684488296509,0.312561571598053
YDR267C,YGL097W,1,,0.19377382099628448,0.7512315511703491,0.312561571598053
YDR267C,YNR053C,1,,0.19428572058677673,0.7536945939064026,0.312561571598053
YDR267C,YDR091C,1,,0.19479694962501526,0.756157636642456,0.312561571598053
YDR267C,YAL059W,1,,0.19530755281448364,0.7586206793785095,0.312561571598053
YDR267C,YPL169C,1,,0.1958174854516983,0.761083722114563,0.312561571598053
YDR267C,YMR235C,1,,0.19632679224014282,0.7635468244552612,0.312561571598053
YDR267C,YLR022C,1,,0.1968354433774948,0.7660098671913147,0.312561571598053
YDR267C,YPL146C,1,,0.19734345376491547,0.7684729099273682,0.312561571598053
YJL010C,YER125W,1,,0.19785082340240479,0.7709359526634216,0.312561571598053
YPR016C,YJL041W,1,,0.19835755228996277,0.7733989953994751,0.312561571598053
YPR016C,YIL063C,1,,0.19886364042758942,0.7758620977401733,0.312561571598053
YPR016C,YDR361C,1,,0.19936908781528473,0.7783251404762268,0.312561571598053
YPR016C,YGR218W,1,,0.1998738944530487,0.7807881832122803,0.312561571598053
YPR016C,YHR170W,1,,0.20037807524204254,0.7832512259483337,0.312561571598053
YPR016C,YER036C,1,,0.20088161528110504,0.7857142686843872,0.312561571598053
YDR267C,YER125W,1,,0.2013845145702362,0.7881773114204407,0.312561571598053
YDR267C,YHR197W,1,,0.20188678801059723,0.7906404137611389,0.312561571598053
YDR267C,YER036C,1,,0.2023884356021881,0.7931034564971924,0.312561571598053
YDR267C,YHR170W,1,,0.20288944244384766,0.7955664992332458,0.312561571598053
YDR267C,YGR218W,1,,0.20338982343673706,0.7980295419692993,0.312561571598053
YDR267C,YDR361C,1,,0.20388957858085632,0.8004925847053528,0.312561571598053
YDR267C,YIL063C,1,,0.20438870787620544,0.802955687046051,0.312561571598053
YDR267C,YJL041W,1,,0.20488721132278442,0.8054187297821045,0.312561571598053
YDR267C,YPR016C,1,,0.20538510382175446,0.807881772518158,0.312561571598053
YJL010C,YPL146C,1,,0.20588235557079315,0.8103448152542114,0.312561571598053
YJL010C,YGL097W,1,,0.2063789814710617,0.8128078579902649,0.312561571598053
YJL010C,YLR022C,1,,0.2068749964237213,0.8152709603309631,0.312561571598053
YJL010C,YMR235C,1,,0.20737040042877197,0.8177340030670166,0.312561571598053
YJL010C,YPL169C,1,,0.2078651636838913,0.8201970458030701,0.312561571598053
YJL010C,YAL059W,1,,0.20835933089256287,0.8226600885391235,0.312561571598053
YJL010C,YDR091C,1,,0.2088528722524643,0.825123131275177,0.312561571598053
YJL010C,YNR053C,1,,0.20934578776359558,0.8275862336158752,0.312561571598053
YOR206W,YDR091C,1,,0.2098381072282791,0.8300492763519287,0.312561571598053
YOR206W,YNR053C,1,,0.2103298008441925,0.8325123190879822,0.312561571598053
YOR206W,YER125W,1,,0.21082089841365814,0.8349753618240356,0.312561571598053
YPL093W,YER036C,1,,0.21131137013435364,0.8374384045600891,0.312561571598053
YPL093W,YPR016C,1,,0.21180124580860138,0.8399015069007874,0.312561571598053
YPL093W,YJL041W,1,,0.21229049563407898,0.8423645496368408,0.312561571598053
YPL093W,YIL063C,1,,0.21277914941310883,0.8448275923728943,0.312561571598053
YPL093W,YDR361C,1,,0.21326720714569092,0.8472906351089478,0.312561571598053
YPL093W,YGR218W,1,,0.21375465393066406,0.8497536778450012,0.312561571598053
YPL093W,YHR170W,1,,0.21424148976802826,0.8522167205810547,0.312561571598053
YPL093W,YHR197W,1,,0.2147277295589447,0.8546798229217529,0.312561571598053
YOR206W,YHR197W,1,,0.2152133584022522,0.8571428656578064,0.312561571598053
YPL093W,YER125W,1,,0.21569839119911194,0.8596059083938599,0.312561571598053
YPL093W,YNR053C,1,,0.21618282794952393,0.8620689511299133,0.312561571598053
YPL093W,YDR091C,1,,0.21666666865348816,0.8645319938659668,0.312561571598053
YPL093W,YAL059W,1,,0.21714991331100464,0.866995096206665,0.312561571598053
YPL093W,YPL169C,1,,0.21763254702091217,0.8694581389427185,0.312561571598053
YPL093W,YMR235C,1,,0.21811459958553314,0.871921181678772,0.312561571598053
YPL093W,YDR267C,1,,0.21859605610370636,0.8743842244148254,0.312561571598053
YPL093W,YJL010C,1,,0.21907691657543182,0.8768472671508789,0.312561571598053
YPL093W,YGL099W,1,,0.21955719590187073,0.8793103694915771,0.312561571598053
YPL093W,YOR206W,1,,0.22003687918186188,0.8817734122276306,0.312561571598053
YPL093W,YKL186C,1,,0.22051596641540527,0.8842364549636841,0.312561571598053
YCR047C,YPL146C,1,,0.2209944725036621,0.8866994976997375,0.312561571598053
YCR047C,YGL097W,1,,0.22147239744663239,0.889162540435791,0.312561571598053
YCR047C,YLR022C,1,,0.2219497263431549,0.8916256427764893,0.312561571598053
YCR047C,YMR235C,1,,0.22242647409439087,0.8940886855125427,0.312561571598053
YCR047C,YPL169C,1,,0.22290262579917908,0.8965517282485962,0.312561571598053
YCR047C,YAL059W,1,,0.22337821125984192,0.8990147709846497,0.312561571598053
YCR047C,YDR091C,1,,0.2238532155752182,0.9014778137207031,0.312561571598053
YCR047C,YNR053C,1,,0.22432762384414673,0.9039409160614014,0.312561571598053
YCR047C,YER125W,1,,0.2248014658689499,0.9064039587974548,0.312561571598053
YCR047C,YHR197W,1,,0.2252747267484665,0.9088670015335083,0.312561571598053
YCR047C,YER036C,1,,0.22574740648269653,0.9113300442695618,0.312561571598053
YCR047C,YHR170W,1,,0.22621950507164001,0.9137930870056152,0.312561571598053
YPL093W,YLR022C,1,,0.22669103741645813,0.9162561297416687,0.312561571598053
YPL093W,YGL097W,1,,0.22716200351715088,0.9187192320823669,0.312561571598053
YPL093W,YPL146C,1,,0.22763237357139587,0.9211822748184204,0.312561571598053
YKL186C,YPL169C,1,,0.2281021922826767,0.9236453175544739,0.312561571598053
YOR206W,YER036C,1,,0.22857142984867096,0.9261083602905273,0.312561571598053
YOR206W,YHR170W,1,,0.22904010117053986,0.9285714030265808,0.312561571598053
YOR206W,YGR218W,1,,0.2295081913471222,0.931034505367279,0.312561571598053
YOR206W,YDR361C,1,,0.22997573018074036,0.9334975481033325,0.312561571598053
YOR206W,YIL063C,1,,0.23044268786907196,0.935960590839386,0.312561571598053
YOR206W,YJL041W,1,,0.2309090942144394,0.9384236335754395,0.312561571598053
YOR206W,YPR016C,1,,0.23137491941452026,0.9408866763114929,0.312561571598053
YOR206W,YDR267C,1,,0.23184019327163696,0.9433497786521912,0.312561571598053
YOR206W,YJL010C,1,,0.2323049008846283,0.9458128213882446,0.312561571598053
YOR206W,YGL099W,1,,0.23276904225349426,0.9482758641242981,0.312561571598053
YKL186C,YPL146C,1,,0.23323263227939606,0.9507389068603516,0.312561571598053
YKL186C,YGL097W,1,,0.23369565606117249,0.953201949596405,0.312561571598053
YKL186C,YLR022C,1,,0.23415811359882355,0.9556650519371033,0.312561571598053
YKL186C,YMR235C,1,,0.23462001979351044,0.9581280946731567,0.312561571598053
YKL186C,YAL059W,1,,0.23508137464523315,0.9605911374092102,0.312561571598053
YKL186C,YOR206W,1,,0.2355421632528305,0.9630541801452637,0.312561571598053
YKL186C,YDR091C,1,,0.23600241541862488,0.9655172228813171,0.312561571598053
YKL186C,YNR053C,1,,0.2364620864391327,0.9679803252220154,0.312561571598053
YKL186C,YER125W,1,,0.23692122101783752,0.9704433679580688,0.312561571598053
YKL186C,YHR197W,1,,0.23737980425357819,0.9729064106941223,0.312561571598053
YKL186C,YER036C,1,,0.23783783614635468,0.9753694534301758,0.312561571598053
YKL186C,YHR170W,1,,0.238295316696167,0.9778324961662292,0.312561571598053
YKL186C,YGR218W,1,,0.23875224590301514,0.9802955389022827,0.312561571598053
YKL186C,YDR361C,1,,0.2392086386680603,0.982758641242981,0.312561571598053
YKL186C,YIL063C,1,,0.2396644651889801,0.9852216839790344,0.312561571598053
YKL186C,YJL041W,1,,0.24011975526809692,0.9876847267150879,0.312561571598053
YKL186C,YPR016C,1,,0.24057450890541077,0.9901477694511414,0.312561571598053
YKL186C,YDR267C,1,,0.24102871119976044,0.9926108121871948,0.312561571598053
YKL186C,YJL010C,1,,0.24148236215114594,0.9950739145278931,0.312561571598053
YKL186C,YGL099W,1,,0.24193547666072845,0.9975369572639465,0.312561571598053
YPR196W,YGL030W,0,,0.2417910397052765,0.9975369572639465,0.3128078877925873
YLR380W,YOL028C,0,,0.24164678156375885,0.9975369572639465,0.3130541741847992
YAL038W,YLR005W,0,,0.24150268733501434,0.9975369572639465,0.3133004903793335
YLR401C,YBR141C,0,,0.24135875701904297,0.9975369572639465,0.3135468065738678
YKR066C,YML097C,0,,0.24121500551700592,0.9975369572639465,0.3137930929660797
YMR182C,YOL093W,0,,0.2410714328289032,0.9975369572639465,0.314039409160614
YIL088C,YIL132C,0,,0.2409280240535736,0.9975369572639465,0.3142857253551483
YMR061W,YGR105W,0,,0.24078477919101715,0.9975369572639465,0.31453201174736023
YEL070W,YOR393W,0,,0.24064171314239502,0.9975369572639465,0.31477832794189453
YMR146C,YLR153C,0,,0.24049881100654602,0.9975369572639465,0.31502464413642883
YDL171C,YJL071W,0,,0.24035608768463135,0.9975369572639465,0.31527093052864075
YLR295C,YBR257W,0,,0.2402135282754898,0.9975369572639465,0.31551724672317505
YPL218W,YNL175C,0,,0.2400711327791214,0.9975369572639465,0.31576353311538696
YGR085C,YDR404C,0,,0.23992891609668732,0.9975369572639465,0.31600984930992126
YMR272C,YGL190C,0,,0.23978686332702637,0.9975369572639465,0.31625616550445557
YJL124C,YHL034C,0,,0.23964497447013855,0.9975369572639465,0.3165024518966675
YGL183C,YFL045C,0,,0.23950324952602386,0.9975369572639465,0.3167487680912018
YNL304W,YBR037C,0,,0.2393617033958435,0.9975369572639465,0.3169950842857361
YDL246C,YBR020W,0,,0.23922032117843628,0.9975369572639465,0.317241370677948
YOR216C,YKL074C,0,,0.23907910287380219,0.9975369572639465,0.3174876868724823
YOR239W,YPL065W,0,,0.23893804848194122,0.9975369572639465,0.3177340030670166
YML058W-A,YGR239C,0,,0.2387971729040146,0.9975369572639465,0.3179802894592285
YKR054C,YCL025C,0,,0.2386564463376999,0.9975369572639465,0.3182266056537628
YOR243C,YJR083C,0,,0.23851589858531952,0.9975369572639465,0.31847289204597473
YIR038C,YOR123C,0,,0.23837551474571228,0.9975369572639465,0.31871920824050903
YDR378C,YPL208W,0,,0.23823529481887817,0.9975369572639465,0.31896552443504333
YKL170W,YDR518W,0,,0.2380952388048172,0.9975369572639465,0.31921181082725525
YDL215C,YLR440C,0,,0.23795534670352936,0.9975369572639465,0.31945812702178955
YBL026W,YDR262W,0,,0.23781561851501465,0.9975369572639465,0.31970444321632385
YLR208W,YGR070W,0,,0.23767605423927307,0.9975369572639465,0.31995072960853577
YOR089C,YDR508C,0,,0.23753665387630463,0.9975369572639465,0.32019704580307007
YEL037C,YCR002C,0,,0.23739741742610931,0.9975369572639465,0.32044336199760437
YOL086C,YOR279C,0,,0.23725834488868713,0.9975369572639465,0.3206896483898163
YGL200C,YJL004C,0,,0.23711943626403809,0.9975369572639465,0.3209359645843506
YIL134W,YBR173C,0,,0.23698069155216217,0.9975369572639465,0.3211822807788849
YPL139C,YBL091C-A,0,,0.2368421107530594,0.9975369572639465,0.3214285671710968
YHR211W,YMR038C,0,,0.23670367896556854,0.9975369572639465,0.3216748833656311
YAL033W,YNR028W,0,,0.23656542599201202,0.9975369572639465,0.321921169757843
YHR211W,YDR172W,0,,0.23642732203006744,0.9975369572639465,0.3221674859523773
YJL206C,YPL208W,0,,0.236289381980896,0.9975369572639465,0.3224138021469116
YML049C,YJL095W,0,,0.23615160584449768,0.9975369572639465,0.32266008853912354
YIL108W,YGR032W,0,,0.2360139787197113,0.9975369572639465,0.32290640473365784
YOR206W,YDR159W,0,,0.23587653040885925,0.9975369572639465,0.32315272092819214
YKL007W,YER165W,0,,0.23573923110961914,0.9975369572639465,0.32339900732040405
YNL172W,YJL200C,0,,0.23560209572315216,0.9975369572639465,0.32364532351493835
YFL045C,YHR039C-A,0,,0.23546510934829712,0.9975369572639465,0.32389163970947266
YBR276C,YGR072W,0,,0.2353283017873764,0.9975369572639465,0.32413792610168457
YLR197W,YMR179W,0,,0.23519164323806763,0.9975369572639465,0.32438424229621887
YPR072W,YCL034W,0,,0.2350551337003708,0.9975369572639465,0.3246305286884308
YDR167W,YMR172W,0,,0.23491878807544708,0.9975369572639465,0.3248768448829651
YPL002C,YML073C,0,,0.2347826063632965,0.9975369572639465,0.3251231610774994
YPR083W,YFL001W,0,,0.23464658856391907,0.9975369572639465,0.3253694474697113
YPL213W,YNL182C,0,,0.23451070487499237,0.9975369572639465,0.3256157636642456
YBR059C,YGR271W,0,,0.234375,0.9975369572639465,0.3258620798587799
YBR118W,YJL176C,0,,0.23423944413661957,0.9975369572639465,0.3261083662509918
YJL011C,YPR080W,0,,0.23410405218601227,0.9975369572639465,0.3263546824455261
YBR067C,YGR179C,0,,0.2339688092470169,0.9975369572639465,0.3266009986400604
YDR518W,YJR083C,0,,0.23383371531963348,0.9975369572639465,0.32684728503227234
YIL042C,YNL239W,0,,0.2336987853050232,0.9975369572639465,0.32709360122680664
YJL029C,YAL039C,0,,0.23356401920318604,0.9975369572639465,0.32733988761901855
YHR119W,YJL213W,0,,0.23342940211296082,0.9975369572639465,0.32758620381355286
YPR001W,YER165W,0,,0.23329493403434753,0.9975369572639465,0.32783252000808716
YLL002W,YDR416W,0,,0.2331606149673462,0.9975369572639465,0.3280788064002991
YPL240C,YBR052C,0,,0.23302645981311798,0.9975369572639465,0.3283251225948334
YJL071W,YMR034C,0,,0.2328924685716629,0.9975369572639465,0.3285714387893677
YLR228C,YGL225W,0,,0.23275862634181976,0.9975369572639465,0.3288177251815796
YJL034W,YKL171W,0,,0.23262493312358856,0.9975369572639465,0.3290640413761139
YHR012W,YPL119C,0,,0.2324913889169693,0.9975369572639465,0.3293103575706482
YJR078W,YNL070W,0,,0.23235800862312317,0.9975369572639465,0.3295566439628601
YJR051W,YDR159W,0,,0.23222477734088898,0.9975369572639465,0.3298029601573944
YBR260C,YGL004C,0,,0.23209169507026672,0.9975369572639465,0.3300492465496063
YJR147W,YMR227C,0,,0.2319587618112564,0.9975369572639465,0.3302955627441406
YAL033W,YPL244C,0,,0.23182599246501923,0.9975369572639465,0.3305418789386749
YMR246W,YAL031C,0,,0.2316933572292328,0.9975369572639465,0.33078816533088684
YDL142C,YDR151C,0,,0.23156088590621948,0.9975369572639465,0.33103448152542114
YER165W,YKL061W,0,,0.2314285784959793,0.9975369572639465,0.33128079771995544
YMR093W,YJL103C,0,,0.23129640519618988,0.9975369572639465,0.33152708411216736
YNL297C,YLL008W,0,,0.2311643809080124,0.9975369572639465,0.33177340030670166
YJL087C,YKL103C,0,,0.23103252053260803,0.9975369572639465,0.33201971650123596
YDR451C,YIR039C,0,,0.23090079426765442,0.9975369572639465,0.3322660028934479
YOR206W,YDR449C,0,,0.23076923191547394,0.9975369572639465,0.3325123190879822
YDL245C,YDR261C-D,0,,0.2306378185749054,0.9975369572639465,0.3327586352825165
YOL101C,YGL019W,0,,0.2305065393447876,0.9975369572639465,0.3330049216747284
YDR174W,YNL138W,0,,0.23037542402744293,0.9975369572639465,0.3332512378692627
YMR304W,YLR088W,0,,0.2302444577217102,0.9975369572639465,0.3334975242614746
YBL026W,YOR020C,0,,0.23011364042758942,0.9975369572639465,0.3337438404560089
YBL076C,YFL021W,0,,0.22998295724391937,0.9975369572639465,0.3339901566505432
YIL002C,YBR271W,0,,0.22985243797302246,0.9975369572639465,0.3342364430427551
YIL134W,YPL139C,0,,0.2297220677137375,0.9975369572639465,0.33448275923728943
YHR077C,YLR026C,0,,0.22959183156490326,0.9975369572639465,0.33472907543182373
YLR395C,YDR014W-A,0,,0.22946175932884216,0.9975369572639465,0.33497536182403564
YOR106W,YCR060W,0,,0.2293318212032318,0.9975369572639465,0.33522167801856995
YDL059C,YDR076W,0,,0.2292020320892334,0.9975369572639465,0.33546799421310425
YKL210W,YIL132C,0,,0.22907239198684692,0.9975369572639465,0.33571428060531616
YML039W,YER115C,0,,0.2289429008960724,0.9975369572639465,0.33596059679985046
YOR283W,YNR015W,0,,0.2288135588169098,0.9975369572639465,0.3362068831920624
YML032C,YGL068W,0,,0.22868436574935913,0.9975369572639465,0.3364531993865967
YMR020W,YPL083C,0,,0.22855530679225922,0.9975369572639465,0.336699515581131
YDR076W,YDR262W,0,,0.22842639684677124,0.9975369572639465,0.3369458019733429
YML112W,YBR111W-A,0,,0.2282976359128952,0.9975369572639465,0.3371921181678772
YHR211W,YLL061W,0,,0.2281690090894699,0.9975369572639465,0.3374384343624115
YJR138W,YGR070W,0,,0.22804054617881775,0.9975369572639465,0.3376847207546234
YPR187W,YPR060C,0,,0.22791221737861633,0.9975369572639465,0.3379310369491577
YPR137W,YOR142W-A,0,,0.22778402268886566,0.9975369572639465,0.338177353143692
YLR182W,YJL024C,0,,0.22765599191188812,0.9975369572639465,0.33842363953590393
YHR164C,YBR243C,0,,0.22752809524536133,0.9975369572639465,0.33866995573043823
YDR079W,YDR454C,0,,0.22740033268928528,0.9975369572639465,0.33891624212265015
YPL099C,YOL104C,0,,0.22727273404598236,0.9975369572639465,0.33916255831718445
YIR011C,YLR410W-A,0,,0.227145254611969,0.9975369572639465,0.33940887451171875
YGR225W,YNL304W,0,,0.22701793909072876,0.9975369572639465,0.33965516090393066
YOR275C,YOR180C,0,,0.22689075767993927,0.9975369572639465,0.33990147709846497
YDR518W,YLR050C,0,,0.22676371037960052,0.9975369572639465,0.34014779329299927
YJR028W,YMR295C,0,,0.2266368269920349,0.9975369572639465,0.3403940796852112
YMR284W,YIL047C,0,,0.22651006281375885,0.9975369572639465,0.3406403958797455
YLR291C,YDR207C,0,,0.22638344764709473,0.9975369572639465,0.3408867120742798
YKL093W,YMR075W,0,,0.22625698149204254,0.9975369572639465,0.3411329984664917
YDR174W,YHR060W,0,,0.2261306494474411,0.9975369572639465,0.341379314661026
YIL042C,YMR229C,0,,0.2260044664144516,0.9975369572639465,0.3416256010532379
YNL307C,YBR026C,0,,0.22587841749191284,0.9975369572639465,0.3418719172477722
YOR226C,YDR353W,0,,0.22575250267982483,0.9975369572639465,0.3421182334423065
YOR388C,YIL094C,0,,0.22562673687934875,0.9975369572639465,0.34236451983451843
YDR419W,YMR159C,0,,0.22550112009048462,0.9975369572639465,0.34261083602905273
YOR142W-A,YBL092W,0,,0.22537562251091003,0.9975369572639465,0.34285715222358704
YNL284C-A,YFL010W-A,0,,0.2252502739429474,0.9975369572639465,0.34310343861579895
YGL112C,YKL078W,0,,0.22512507438659668,0.9975369572639465,0.34334975481033325
YMR180C,YDL216C,0,,0.22499999403953552,0.9975369572639465,0.34359607100486755
YGL162W,YIL132C,0,,0.2248750627040863,0.9975369572639465,0.34384235739707947
YOR311C,YOL108C,0,,0.22475028038024902,0.9975369572639465,0.34408867359161377
YEL052W,YLR047C,0,,0.2246256172657013,0.9975369572639465,0.34433498978614807
YKL020C,YCR002C,0,,0.2245011031627655,0.9975369572639465,0.34458127617836
YML032C,YPL127C,0,,0.22437673807144165,0.9975369572639465,0.3448275923728943
YDR392W,YPL208W,0,,0.22425249218940735,0.9975369572639465,0.3450738787651062
YLL051C,YOL107W,0,,0.22412839531898499,0.9975369572639465,0.3453201949596405
YJR032W,YLR145W,0,,0.22400441765785217,0.9975369572639465,0.3455665111541748
YDR082W,YNR072W,0,,0.2238806039094925,0.9975369572639465,0.3458127975463867
YPL213W,YJR119C,0,,0.22375690937042236,0.9975369572639465,0.346059113740921
YLL040C,YDR218C,0,,0.22363334894180298,0.9975369572639465,0.3463054299354553
YKR008W,YOR038C,0,,0.22350993752479553,0.9975369572639465,0.34655171632766724
YNL335W,YKR006C,0,,0.22338664531707764,0.9975369572639465,0.34679803252220154
YDR527W,YGL220W,0,,0.22326350212097168,0.9975369572639465,0.34704434871673584
YBR150C,YLR330W,0,,0.22314049303531647,0.9975369572639465,0.34729063510894775
YNL273W,YPL096W,0,,0.223017618060112,0.9975369572639465,0.34753695130348206
YJL187C,YMR300C,0,,0.22289487719535828,0.9975369572639465,0.34778323769569397
YHR175W,YBR095C,0,,0.2227722704410553,0.9975369572639465,0.34802955389022827
YKL074C,YDR369C,0,,0.22264981269836426,0.9975369572639465,0.3482758700847626
YBR271W,YNR006W,0,,0.22252747416496277,0.9975369572639465,0.3485221564769745
YLL004W,YER002W,0,,0.22240526974201202,0.9975369572639465,0.3487684726715088
YGL209W,YLR312W-A,0,,0.22228319942951202,0.9975369572639465,0.3490147888660431
YDR512C,YFR033C,0,,0.22216127812862396,0.9975369572639465,0.349261075258255
YEL040W,YIL083C,0,,0.22203947603702545,0.9975369572639465,0.3495073914527893
YDR137W,YGR199W,0,,0.22191780805587769,0.9975369572639465,0.3497537076473236
YOL045W,YLR141W,0,,0.22179627418518066,0.9975369572639465,0.3499999940395355
YFL011W-A,YER190W,0,,0.2216748744249344,0.9975369572639465,0.3502463102340698
YCL024W,YNL107W,0,,0.22155360877513885,0.9975369572639465,0.35049259662628174
YLR153C,YGL030W,0,,0.22143247723579407,0.9975369572639465,0.35073891282081604
YKL190W,YML099C,0,,0.22131147980690002,0.9975369572639465,0.35098522901535034
YLL002W,YGL019W,0,,0.22119060158729553,0.9975369572639465,0.35123151540756226
YJR036C,YER171W,0,,0.22106987237930298,0.9975369572639465,0.35147783160209656
YHR164C,YOR243C,0,,0.22094926238059998,0.9975369572639465,0.35172414779663086
YDL070W,YOL151W,0,,0.22082878649234772,0.9975369572639465,0.3519704341888428
YHR012W,YLR105C,0,,0.2207084447145462,0.9975369572639465,0.3522167503833771
YOR275C,YHR109W,0,,0.22058823704719543,0.9975369572639465,0.3524630665779114
YIR025W,YDR369C,0,,0.22046814858913422,0.9975369572639465,0.3527093529701233
YER103W,YKL200C,0,,0.22034820914268494,0.9975369572639465,0.3529556691646576
YER013W,YGR252W,0,,0.2202283889055252,0.9975369572639465,0.3532019555568695
YDR461W,YPR125W,0,,0.22010870277881622,0.9975369572639465,0.3534482717514038
YDR172W,YML097C,0,,0.2199891358613968,0.9975369572639465,0.3536945879459381
YDR067C,YDR461W,0,,0.2198697030544281,0.9975369572639465,0.35394087433815
YIR011C,YOL043C,0,,0.21975040435791016,0.9975369572639465,0.3541871905326843
YMR136W,YHR057C,0,,0.21963123977184296,0.9975369572639465,0.35443350672721863
YKL007W,YEL053C,0,,0.2195121943950653,0.9975369572639465,0.35467979311943054
YOR311C,YCR046C,0,,0.2193932831287384,0.9975369572639465,0.35492610931396484
YIR025W,YNR072W,0,,0.21927450597286224,0.9975369572639465,0.35517242550849915
YLR391W-A,YBL034C,0,,0.21915584802627563,0.9975369572639465,0.35541871190071106
YAL054C,YGL014W,0,,0.21903732419013977,0.9975369572639465,0.35566502809524536
YNL297C,YBR170C,0,,0.21891891956329346,0.9975369572639465,0.35591134428977966
YPR072W,YCR057C,0,,0.2188006490468979,0.9975369572639465,0.3561576306819916
YNL073W,YJR005W,0,,0.21868251264095306,0.9975369572639465,0.3564039468765259
YKL038W,YBR026C,0,,0.2185644954442978,0.9975369572639465,0.3566502332687378
YHR209W,YML039W,0,,0.21844659745693207,0.9975369572639465,0.3568965494632721
YDR076W,YER168C,0,,0.2183288335800171,0.9975369572639465,0.3571428656578064
YLR244C,YAL054C,0,,0.21821120381355286,0.9975369572639465,0.3573891520500183
YPL134C,YOL040C,0,,0.21809369325637817,0.9975369572639465,0.3576354682445526
YLR228C,YMR115W,0,,0.21797631680965424,0.9975369572639465,0.3578817844390869
YKR101W,YHR109W,0,,0.21785905957221985,0.9975369572639465,0.35812807083129883
YNL044W,YIL042C,0,,0.2177419364452362,0.9975369572639465,0.35837438702583313
YPR024W,YMR218C,0,,0.21762493252754211,0.9975369572639465,0.35862070322036743
YMR117C,YPR002W,0,,0.21750806272029877,0.9975369572639465,0.35886698961257935
YER154W,YLR256W-A,0,,0.21739129722118378,0.9975369572639465,0.35911330580711365
YNL073W,YNL307C,0,,0.21727468073368073,0.9975369572639465,0.35935959219932556
YDR378C,YOR243C,0,,0.21715818345546722,0.9975369572639465,0.35960590839385986
YPR113W,YOR008C,0,,0.21704180538654327,0.9975369572639465,0.35985222458839417
YBR145W,YOR393W,0,,0.21692554652690887,0.9975369572639465,0.3600985109806061
YGL037C,YPL096W,0,,0.21680942177772522,0.9975369572639465,0.3603448271751404
YOL082W,YEL056W,0,,0.21669341623783112,0.9975369572639465,0.3605911433696747
YPL131W,YGR072W,0,,0.21657754480838776,0.9975369572639465,0.3608374297618866
YHR074W,YDR403W,0,,0.21646179258823395,0.9975369572639465,0.3610837459564209
YKL013C,YGL216W,0,,0.2163461595773697,0.9975369572639465,0.3613300621509552
YGR144W,YGL169W,0,,0.21623064577579498,0.9975369572639465,0.3615763485431671
YDR262W,YOR351C,0,,0.21611526608467102,0.9975369572639465,0.3618226647377014
YDL121C,YLR113W,0,,0.2160000056028366,0.9975369572639465,0.36206895112991333
YHR047C,YPR149W,0,,0.21588486433029175,0.9975369572639465,0.36231526732444763
YLL041C,YOR212W,0,,0.21576984226703644,0.9975369572639465,0.36256158351898193
YMR182C,YKR102W,0,,0.21565495431423187,0.9975369572639465,0.36280786991119385
YNL172W,YNL016W,0,,0.21554018557071686,0.9975369572639465,0.36305418610572815
YLR043C,YKL168C,0,,0.2154255360364914,0.9975369572639465,0.36330050230026245
YBR177C,YDR403W,0,,0.21531100571155548,0.9975369572639465,0.36354678869247437
YPL113C,YFL035C,0,,0.21519659459590912,0.9975369572639465,0.36379310488700867
YDL021W,YKL074C,0,,0.2150823175907135,0.9975369572639465,0.36403942108154297
YLL002W,YNL070W,0,,0.21496815979480743,0.9975369572639465,0.3642857074737549
YDL084W,YPL274W,0,,0.21485410630702972,0.9975369572639465,0.3645320236682892
YFL048C,YOR204W,0,,0.21474018692970276,0.9975369572639465,0.3647783398628235
YOR237W,YJR103W,0,,0.21462638676166534,0.9975369572639465,0.3650246262550354
YHR174W,YLR350W,0,,0.21451270580291748,0.9975369572639465,0.3652709424495697
YIR038C,YMR159C,0,,0.21439915895462036,0.9975369572639465,0.3655172288417816
YMR019W,YGR012W,0,,0.2142857164144516,0.9975369572639465,0.3657635450363159
YOR287C,YLR389C,0,,0.2141723930835724,0.9975369572639465,0.3660098612308502
YPR001W,YJL144W,0,,0.21405920386314392,0.9975369572639465,0.36625614762306213
YDR030C,YGL046W,0,,0.2139461189508438,0.9975369572639465,0.36650246381759644
YDL111C,YNL273W,0,,0.21383315324783325,0.9975369572639465,0.36674878001213074
YER101C,YER087C-B,0,,0.21372032165527344,0.9975369572639465,0.36699506640434265
YOL107W,YPR138C,0,,0.21360759437084198,0.9975369572639465,0.36724138259887695
YCL018W,YPR152C,0,,0.21349498629570007,0.9975369572639465,0.36748769879341125
YML052W,YKL003C,0,,0.2133825123310089,0.9975369572639465,0.36773398518562317
YKL061W,YGL103W,0,,0.2132701426744461,0.9975369572639465,0.36798030138015747
YKR008W,YLR009W,0,,0.21315789222717285,0.9975369572639465,0.3682265877723694
YHR214C-B,YPR083W,0,,0.21304576098918915,0.9975369572639465,0.3684729039669037
YER090W,YIR039C,0,,0.212933748960495,0.9975369572639465,0.368719220161438
YDR411C,YKL201C,0,,0.2128218561410904,0.9975369572639465,0.3689655065536499
YLR047C,YER046W,0,,0.21271008253097534,0.9975369572639465,0.3692118227481842
YDR144C,YCR011C,0,,0.21259842813014984,0.9975369572639465,0.3694581389427185
YML028W,YGR105W,0,,0.2124868780374527,0.9975369572639465,0.3697044253349304
YEL069C,YNL302C,0,,0.2123754620552063,0.9975369572639465,0.3699507415294647
YBR182C,YEL062W,0,,0.21226415038108826,0.9975369572639465,0.370197057723999
YKL201C,YDL148C,0,,0.21215295791625977,0.9975369572639465,0.37044334411621094
YGR034W,YOR351C,0,,0.21204188466072083,0.9975369572639465,0.37068966031074524
YDR389W,YPL273W,0,,0.21193093061447144,0.9975369572639465,0.37093594670295715
YKL166C,YKL186C,0,,0.2118200808763504,0.9975369572639465,0.37118226289749146
YOL070C,YJL103C,0,,0.21170935034751892,0.9975369572639465,0.37142857909202576
YGR282C,YKL217W,0,,0.211598739027977,0.9975369572639465,0.37167486548423767
YIL140W,YPR163C,0,,0.2114882469177246,0.9975369572639465,0.371921181678772
YKR103W,YKL171W,0,,0.21137787401676178,0.9975369572639465,0.3721674978733063
YDR285W,YNL192W,0,,0.2112676054239273,0.9975369572639465,0.3724137842655182
YAR035W,YPR043W,0,,0.21115745604038239,0.9975369572639465,0.3726601004600525
YOR142W-B,YML109W,0,,0.21104742586612701,0.9975369572639465,0.3729064166545868
YBR187W,YHR082C,0,,0.2109375,0.9975369572639465,0.3731527030467987
YLR033W,YMR046C,0,,0.21082769334316254,0.9975369572639465,0.373399019241333
YFL002W-B,YBR281C,0,,0.21071800589561462,0.9975369572639465,0.3736453056335449
YNL304W,YKL096W-A,0,,0.21060842275619507,0.9975369572639465,0.3738916218280792
YIL108W,YLL027W,0,,0.21049895882606506,0.9975369572639465,0.3741379380226135
YEL069C,YLR386W,0,,0.2103896141052246,0.9975369572639465,0.37438422441482544
YOL066C,YFL014W,0,,0.2102803736925125,0.9975369572639465,0.37463054060935974
YIL095W,YER190W,0,,0.21017125248908997,0.9975369572639465,0.37487685680389404
YJL214W,YLL012W,0,,0.21006223559379578,0.9975369572639465,0.37512314319610596
YEL022W,YPL167C,0,,0.20995333790779114,0.9975369572639465,0.37536945939064026
YIL134W,YPR137C-A,0,,0.20984455943107605,0.9975369572639465,0.37561577558517456
YOR176W,YOR230W,0,,0.20973588526248932,0.9975369572639465,0.3758620619773865
YDR405W,YLR154W-A,0,,0.20962733030319214,0.9975369572639465,0.3761083781719208
YKR071C,YGR264C,0,,0.20951887965202332,0.9975369572639465,0.3763546943664551
YJR006W,YMR025W,0,,0.20941054821014404,0.9975369572639465,0.376600980758667
YER008C,YNL095C,0,,0.20930232107639313,0.9975369572639465,0.3768472969532013
YAL060W,YFL038C,0,,0.20919421315193176,0.9975369572639465,0.3770935833454132
YJL124C,YPL113C,0,,0.20908620953559875,0.9975369572639465,0.3773398995399475
YJR057W,YMR039C,0,,0.2089783251285553,0.9975369572639465,0.3775862157344818
YDL179W,YDR262W,0,,0.2088705450296402,0.9975369572639465,0.3778325021266937
YJR092W,YDR410C,0,,0.20876288414001465,0.9975369572639465,0.378078818321228
YOR126C,YBR243C,0,,0.20865532755851746,0.9975369572639465,0.37832513451576233
YAR002C-A,YMR008C,0,,0.20854789018630981,0.9975369572639465,0.37857142090797424
YDR423C,YOR351C,0,,0.20844055712223053,0.9975369572639465,0.37881773710250854
YHR002W,YML036W,0,,0.2083333283662796,0.9975369572639465,0.37906405329704285
YLR042C,YGL190C,0,,0.20822621881961823,0.9975369572639465,0.37931033968925476
YDL036C,YOR294W,0,,0.2081192135810852,0.9975369572639465,0.37955665588378906
YHR175W,YPL122C,0,,0.20801232755184174,0.9975369572639465,0.379802942276001
YMR176W,YMR160W,0,,0.20790554583072662,0.9975369572639465,0.3800492584705353
YDL142C,YGL220W,0,,0.20779886841773987,0.9975369572639465,0.3802955746650696
YBR276C,YPR125W,0,,0.20769231021404266,0.9975369572639465,0.3805418610572815
YDR233C,YBR243C,0,,0.20758585631847382,0.9975369572639465,0.3807881772518158
YML073C,YNL219C,0,,0.20747950673103333,0.9975369572639465,0.3810344934463501
YNL230C,YJL176C,0,,0.20737327635288239,0.9975369572639465,0.381280779838562
YKR054C,YDR164C,0,,0.2072671502828598,0.9975369572639465,0.3815270960330963
YKL217W,YOR304W,0,,0.20716112852096558,0.9975369572639465,0.3817734122276306
YPL139C,YLR309C,0,,0.2070552110671997,0.9975369572639465,0.38201969861984253
YOR291W,YDR285W,0,,0.2069494128227234,0.9975369572639465,0.38226601481437683
YBR081C,YAL017W,0,,0.20684371888637543,0.9975369572639465,0.38251230120658875
YDL206W,YAR002C-A,0,,0.20673812925815582,0.9975369572639465,0.38275861740112305
YEL052W,YBR002C,0,,0.20663265883922577,0.9975369572639465,0.38300493359565735
YDR082W,YNL192W,0,,0.20652727782726288,0.9975369572639465,0.38325121998786926
YOL102C,YGR268C,0,,0.20642201602458954,0.9975369572639465,0.38349753618240356
YDR263C,YGR199W,0,,0.20631685853004456,0.9975369572639465,0.38374385237693787
YLL051C,YMR020W,0,,0.20621180534362793,0.9975369572639465,0.3839901387691498
YJR078W,YCR002C,0,,0.20610687136650085,0.9975369572639465,0.3842364549636841
YER117W,YOR216C,0,,0.20600204169750214,0.9975369572639465,0.3844827711582184
YLL002W,YMR186W,0,,0.20589730143547058,0.9975369572639465,0.3847290575504303
YLR182W,YOR126C,0,,0.20579268038272858,0.9975369572639465,0.3849753737449646
YBR020W,YDR072C,0,,0.20568816363811493,0.9975369572639465,0.3852216601371765
YJR147W,YOR085W,0,,0.20558375120162964,0.9975369572639465,0.3854679763317108
YLR203C,YKR019C,0,,0.2054794579744339,0.9975369572639465,0.3857142925262451
YML112W,YNR072W,0,,0.20537525415420532,0.9975369572639465,0.38596057891845703
YLL034C,YLR329W,0,,0.2052711546421051,0.9975369572639465,0.38620689511299133
YOL038W,YBR145W,0,,0.20516717433929443,0.9975369572639465,0.38645321130752563
YJR082C,YGL014W,0,,0.20506329834461212,0.9975369572639465,0.38669949769973755
YOR287C,YBL052C,0,,0.20495951175689697,0.9975369572639465,0.38694581389427185
YNL153C,YNL052W,0,,0.20485584437847137,0.9975369572639465,0.38719213008880615
YDR172W,YBR238C,0,,0.20475228130817413,0.9975369572639465,0.38743841648101807
YJR147W,YPL188W,0,,0.20464880764484406,0.9975369572639465,0.38768473267555237
YIL006W,YMR268W-A,0,,0.20454545319080353,0.9975369572639465,0.38793104887008667
YAL038W,YBL029C-A,0,,0.20444220304489136,0.9975369572639465,0.3881773352622986
YER138C,YGL190C,0,,0.20433905720710754,0.9975369572639465,0.3884236514568329
YGL162W,YPL252C,0,,0.2042360007762909,0.9975369572639465,0.3886699378490448
YIL134W,YHR066W,0,,0.2041330635547638,0.9975369572639465,0.3889162540435791
YBR125C,YOR008C,0,,0.20403023064136505,0.9975369572639465,0.3891625702381134
YKL093W,YER049W,0,,0.20392748713493347,0.9975369572639465,0.3894088566303253
YGR161W-B,YGL170C,0,,0.20382486283779144,0.9975369572639465,0.3896551728248596
YBR170C,YPL098C,0,,0.20372232794761658,0.9975369572639465,0.3899014890193939
YDR030C,YLL027W,0,,0.20361991226673126,0.9975369572639465,0.39014777541160583
YMR046C,YJL213W,0,,0.2035175859928131,0.9975369572639465,0.39039409160614014
YMR241W,YGL071W,0,,0.20341536402702332,0.9975369572639465,0.39064040780067444
YOL102C,YMR172W,0,,0.20331324636936188,0.9975369572639465,0.39088669419288635
YNL232W,YDR461W,0,,0.2032112330198288,0.9975369572639465,0.39113301038742065
YLR329W,YGR155W,0,,0.20310932397842407,0.9975369572639465,0.39137929677963257
YFL011W-A,YNL273W,0,,0.2030075192451477,0.9975369572639465,0.39162561297416687
YDR306C,YFL048C,0,,0.2029058188199997,0.9975369572639465,0.39187192916870117
YGR177C,YCR052W,0,,0.20280420780181885,0.9975369572639465,0.3921182155609131
YER008C,YAL029C,0,,0.20270270109176636,0.9975369572639465,0.3923645317554474
YGR144W,YNL274C,0,,0.20260129868984222,0.9975369572639465,0.3926108479499817
YMR228W,YIL046W,0,,0.20250000059604645,0.9975369572639465,0.3928571343421936
YGR179C,YGR155W,0,,0.20239880681037903,0.9975369572639465,0.3931034505367279
YOL043C,YGL113W,0,,0.20229770243167877,0.9975369572639465,0.3933497667312622
YDL070W,YBR243C,0,,0.20219670236110687,0.9975369572639465,0.3935960531234741
YOR138C,YER087C-B,0,,0.20209580659866333,0.9975369572639465,0.3938423693180084
YOR237W,YBR271W,0,,0.20199501514434814,0.9975369572639465,0.39408865571022034
YPL131W,YJL071W,0,,0.20189431309700012,0.9975369572639465,0.39433497190475464
YOR243C,YOR187W,0,,0.20179371535778046,0.9975369572639465,0.39458128809928894
YOR219C,YMR304W,0,,0.20169322192668915,0.9975369572639465,0.39482757449150085
YJR057W,YIL080W,0,,0.2015928328037262,0.9975369572639465,0.39507389068603516
YJR083C,YPL244C,0,,0.2014925330877304,0.9975369572639465,0.39532020688056946
YPL213W,YNL273W,0,,0.20139233767986298,0.9975369572639465,0.39556649327278137
YCL060C,YIR039C,0,,0.2012922465801239,0.9975369572639465,0.3958128094673157
YLR383W,YDR138W,0,,0.201192244887352,0.9975369572639465,0.39605912566185
YBR002C,YOL004W,0,,0.20109234750270844,0.9975369572639465,0.3963054120540619
YDR371W,YKL095W,0,,0.20099255442619324,0.9975369572639465,0.3965517282485962
YKL161C,YGL190C,0,,0.2008928507566452,0.9975369572639465,0.3967980444431305
YIL088C,YJL117W,0,,0.20079325139522552,0.9975369572639465,0.3970443308353424
YDL133C-A,YJR140C,0,,0.2006937563419342,0.9975369572639465,0.3972906470298767
YLR386W,YBR243C,0,,0.20059435069561005,0.9975369572639465,0.3975369334220886
YOL103W-B,YIR039C,0,,0.20049504935741425,0.9975369572639465,0.3977832496166229
YJL155C,YOL111C,0,,0.2003958374261856,0.9975369572639465,0.3980295658111572
YOL028C,YFL001W,0,,0.20029672980308533,0.9975369572639465,0.39827585220336914
YHR012W,YMR269W,0,,0.2001977264881134,0.9975369572639465,0.39852216839790344
YOR283W,YPR091C,0,,0.20009881258010864,0.9975369572639465,0.39876848459243774
YJR055W,YOR243C,0,,0.20000000298023224,0.9975369572639465,0.39901477098464966
YKL206C,YDR281C,0,,0.199901282787323,0.9975369572639465,0.39926108717918396
YPR001W,YJL117W,0,,0.19980266690254211,0.9975369572639465,0.39950740337371826
YLR182W,YBR120C,0,,0.1997041404247284,0.9975369572639465,0.3997536897659302
YGL209W,YCL014W,0,,0.19960571825504303,0.9975369572639465,0.4000000059604645
YLR410W-A,YJL053W,0,,0.19950738549232483,0.9975369572639465,0.4002462923526764
YDR254W,YMR194W,0,,0.19940915703773499,0.9975369572639465,0.4004926085472107
YDR210C-C,YDR109C,0,,0.1993110179901123,0.9975369572639465,0.400738924741745
YBR052C,YBL068W,0,,0.19921298325061798,0.9975369572639465,0.4009852111339569
YPR137W,YLR141W,0,,0.19911503791809082,0.9975369572639465,0.4012315273284912
YLR447C,YER165W,0,,0.19901719689369202,0.9975369572639465,0.4014778435230255
YDR476C,YLR270W,0,,0.19891944527626038,0.9975369572639465,0.4017241299152374
YHR012W,YDR512C,0,,0.1988217979669571,0.9975369572639465,0.40197044610977173
YLR024C,YGL226C-A,0,,0.19872424006462097,0.9975369572639465,0.40221676230430603
YEL040W,YLR033W,0,,0.19862677156925201,0.9975369572639465,0.40246304869651794
YDL024C,YKL180W,0,,0.1985294073820114,0.9975369572639465,0.40270936489105225
YLR141W,YPR190C,0,,0.19843214750289917,0.9975369572639465,0.40295565128326416
YMR008C,YDR416W,0,,0.1983349621295929,0.9975369572639465,0.40320196747779846
YMR173W,YFL013C,0,,0.19823788106441498,0.9975369572639465,0.40344828367233276
YNL232W,YNL259C,0,,0.19814090430736542,0.9975369572639465,0.4036945700645447
YOR084W,YLR028C,0,,0.19804401695728302,0.9975369572639465,0.403940886259079
YDR076W,YDL198C,0,,0.19794721901416779,0.9975369572639465,0.4041872024536133
YHR179W,YFL021W,0,,0.19785051047801971,0.9975369572639465,0.4044334888458252
YDR254W,YKR028W,0,,0.19775390625,0.9975369572639465,0.4046798050403595
YDR285W,YGR258C,0,,0.19765739142894745,0.9975369572639465,0.4049261212348938
YOR237W,YGL122C,0,,0.19756098091602325,0.9975369572639465,0.4051724076271057
YKL190W,YPL180W,0,,0.19746464490890503,0.9975369572639465,0.40541872382164
YGR179C,YLR145W,0,,0.19736842811107635,0.9975369572639465,0.40566501021385193
YBL076C,YFL035C,0,,0.19727228581905365,0.9975369572639465,0.40591132640838623
YNL304W,YJR032W,0,,0.1971762478351593,0.9975369572639465,0.40615764260292053
YIL159W,YLL033W,0,,0.19708029925823212,0.9975369572639465,0.40640392899513245
YNL178W,YLL033W,0,,0.1969844400882721,0.9975369572639465,0.40665024518966675
YJR149W,YBL113C,0,,0.19688867032527924,0.9975369572639465,0.40689656138420105
YOL066C,YOR142W-B,0,,0.19679300487041473,0.9975369572639465,0.40714284777641296
YOR301W,YFL013C,0,,0.1966974288225174,0.9975369572639465,0.40738916397094727
YDR164C,YGL010W,0,,0.19660194218158722,0.9975369572639465,0.40763548016548157
YLR165C,YPR149W,0,,0.1965065449476242,0.9975369572639465,0.4078817665576935
YGR070W,YLR050C,0,,0.19641125202178955,0.9975369572639465,0.4081280827522278
YDL084W,YMR246W,0,,0.19631604850292206,0.9975369572639465,0.4083743989467621
YOR159C,YKL096W-A,0,,0.19622093439102173,0.9975369572639465,0.408620685338974
YBR177C,YEL030W,0,,0.19612590968608856,0.9975369572639465,0.4088670015335083
YGL183C,YEL029C,0,,0.19603097438812256,0.9975369572639465,0.4091132879257202
YIL002C,YNL138W-A,0,,0.1959361433982849,0.9975369572639465,0.4093596041202545
YJL053W,YOR327C,0,,0.19584138691425323,0.9975369572639465,0.4096059203147888
YBL058W,YOR187W,0,,0.19574673473834991,0.9975369572639465,0.40985220670700073
YOL070C,YJL082W,0,,0.19565217196941376,0.9975369572639465,0.41009852290153503
YKL093W,YDR245W,0,,0.19555769860744476,0.9975369572639465,0.41034483909606934
YBR081C,YPL042C,0,,0.19546331465244293,0.9975369572639465,0.41059112548828125
YDR512C,YML128C,0,,0.19536903500556946,0.9975369572639465,0.41083744168281555
YKR035W-A,YGL019W,0,,0.19527482986450195,0.9975369572639465,0.41108375787734985
YPL276W,YLR224W,0,,0.1951807290315628,0.9975369572639465,0.41133004426956177
YDR137W,YNL078W,0,,0.19508670270442963,0.9975369572639465,0.41157636046409607
YER008C,YDR403W,0,,0.1949927806854248,0.9975369572639465,0.411822646856308
YPR158C-C,YBL089W,0,,0.19489894807338715,0.9975369572639465,0.4120689630508423
YBR196C,YGR271W,0,,0.19480518996715546,0.9975369572639465,0.4123152792453766
YHL034C,YKL165C,0,,0.19471153616905212,0.9975369572639465,0.4125615656375885
YER101C,YDL078C,0,,0.19461797177791595,0.9975369572639465,0.4128078818321228
YDR411C,YFL045C,0,,0.19452449679374695,0.9975369572639465,0.4130541980266571
YOL082W,YNL273W,0,,0.1944311112165451,0.9975369572639465,0.413300484418869
YFR031C,YER125W,0,,0.19433781504631042,0.9975369572639465,0.4135468006134033
YDR411C,YBR195C,0,,0.1942446082830429,0.9975369572639465,0.4137931168079376
YLR316C,YLR042C,0,,0.19415149092674255,0.9975369572639465,0.41403940320014954
YOR292C,YNL092W,0,,0.19405846297740936,0.9975369572639465,0.41428571939468384
YLR440C,YPR149W,0,,0.19396552443504333,0.9975369572639465,0.41453200578689575
YER055C,YMR186W,0,,0.19387266039848328,0.9975369572639465,0.41477832198143005
YKR056W,YER137C,0,,0.19377990067005157,0.9975369572639465,0.41502463817596436
YPL082C,YMR145C,0,,0.19368723034858704,0.9975369572639465,0.41527092456817627
YNL230C,YML132W,0,,0.19359464943408966,0.9975369572639465,0.41551724076271057
YDL029W,YPL096W,0,,0.19350214302539825,0.9975369572639465,0.4157635569572449
YIR018W,YNL258C,0,,0.1934097409248352,0.9975369572639465,0.4160098433494568
YBR096W,YOR020C,0,,0.19331742823123932,0.9975369572639465,0.4162561595439911
YDR518W,YKL067W,0,,0.1932251900434494,0.9975369572639465,0.4165024757385254
YJR078W,YLR244C,0,,0.19313304126262665,0.9975369572639465,0.4167487621307373
YPL083C,YDR410C,0,,0.19304099678993225,0.9975369572639465,0.4169950783252716
YGR113W,YPL274W,0,,0.19294902682304382,0.9975369572639465,0.4172413647174835
YOR324C,YJL006C,0,,0.19285714626312256,0.9975369572639465,0.4174876809120178
YOL102C,YJL128C,0,,0.19276535511016846,0.9975369572639465,0.4177339971065521
YKL171W,YGR089W,0,,0.19267363846302032,0.9975369572639465,0.41798028349876404
YHR085W,YOL004W,0,,0.19258202612400055,0.9975369572639465,0.41822659969329834
YOR299W,YLR073C,0,,0.19249048829078674,0.9975369572639465,0.41847291588783264
YPL200W,YNR013C,0,,0.1923990547657013,0.9975369572639465,0.41871920228004456
YJR055W,YLR390W,0,,0.19230769574642181,0.9975369572639465,0.41896551847457886
YNL192W,YPR125W,0,,0.1922164261341095,0.9975369572639465,0.41921183466911316
YER145C,YMR246W,0,,0.19212523102760315,0.9975369572639465,0.4194581210613251
YLL051C,YPL027W,0,,0.19203414022922516,0.9975369572639465,0.4197044372558594
YNR004W,YNL163C,0,,0.19194312393665314,0.9975369572639465,0.4199507534503937
YBR118W,YPR160W,0,,0.19185219705104828,0.9975369572639465,0.4201970398426056
YKL170W,YPL180W,0,,0.19176135957241058,0.9975369572639465,0.4204433560371399
YKL190W,YDL083C,0,,0.19167061150074005,0.9975369572639465,0.4206896424293518
YNL085W,YPR011C,0,,0.1915799379348755,0.9975369572639465,0.4209359586238861
YGR032W,YKL022C,0,,0.19148936867713928,0.9975369572639465,0.4211822748184204
YGL030W,YOR285W,0,,0.19139885902404785,0.9975369572639465,0.4214285612106323
YDR371W,YIL042C,0,,0.19130845367908478,0.9975369572639465,0.4216748774051666
YOR301W,YER185W,0,,0.19121813774108887,0.9975369572639465,0.4219211935997009
YGR118W,YLR325C,0,,0.19112789630889893,0.9975369572639465,0.42216747999191284
YPL163C,YLR301W,0,,0.19103772938251495,0.9975369572639465,0.42241379618644714
YKL082C,YLR350W,0,,0.19094766676425934,0.9975369572639465,0.42266011238098145
YOR106W,YLR107W,0,,0.1908576786518097,0.9975369572639465,0.42290639877319336
YJL213W,YCR002C,0,,0.1907677799463272,0.9975369572639465,0.42315271496772766
YKR019C,YKL078W,0,,0.1906779706478119,0.9975369572639465,0.4233990013599396
YJR112W,YPL065W,0,,0.19058823585510254,0.9975369572639465,0.4236453175544739
YCL025C,YDR138W,0,,0.19049859046936035,0.9975369572639465,0.4238916337490082
YGL172W,YOR142W-A,0,,0.19040901958942413,0.9975369572639465,0.4241379201412201
YBR006W,YCR026C,0,,0.19031955301761627,0.9975369572639465,0.4243842363357544
YBR172C,YOR123C,0,,0.19023016095161438,0.9975369572639465,0.4246305525302887
YNL284C,YML128C,0,,0.19014084339141846,0.9975369572639465,0.4248768389225006
YPR171W,YKL206C,0,,0.1900516152381897,0.9975369572639465,0.4251231551170349
YER022W,YOR142W,0,,0.1899624764919281,0.9975369572639465,0.4253694713115692
YNR035C,YFL021W,0,,0.18987341225147247,0.9975369572639465,0.42561575770378113
YBR020W,YPL259C,0,,0.189784437417984,0.9975369572639465,0.42586207389831543
YOR292C,YBR095C,0,,0.1896955519914627,0.9975369572639465,0.42610836029052734
YBR120C,YMR304W,0,,0.18960674107074738,0.9975369572639465,0.42635467648506165
YMR061W,YPR133W-A,0,,0.1895180195569992,0.9975369572639465,0.42660099267959595
YPR191W,YER022W,0,,0.189429372549057,0.9975369572639465,0.42684727907180786
YHR029C,YLR182W,0,,0.18934081494808197,0.9975369572639465,0.42709359526634216
YDL245C,YBR115C,0,,0.1892523318529129,0.9975369572639465,0.42733991146087646
YBR095C,YPL098C,0,,0.189163938164711,0.9975369572639465,0.4275861978530884
YGL203C,YMR075W,0,,0.18907563388347626,0.9975369572639465,0.4278325140476227
YCR060W,YMR180C,0,,0.18898740410804749,0.9975369572639465,0.428078830242157
YGR252W,YOR377W,0,,0.18889924883842468,0.9975369572639465,0.4283251166343689
YGR175C,YEL036C,0,,0.18881118297576904,0.9975369572639465,0.4285714328289032
YPR194C,YDR170C,0,,0.18872320652008057,0.9975369572639465,0.4288177192211151
YDL216C,YGR089W,0,,0.18863530457019806,0.9975369572639465,0.4290640354156494
YJR107W,YMR115W,0,,0.18854749202728271,0.9975369572639465,0.4293103516101837
YLR020C,YPR030W,0,,0.18845975399017334,0.9975369572639465,0.42955663800239563
YLR321C,YBR072W,0,,0.18837209045886993,0.9975369572639465,0.42980295419692993
YBR006W,YMR319C,0,,0.1882845163345337,0.9975369572639465,0.43004927039146423
YBR172C,YLR394W,0,,0.1881970316171646,0.9975369572639465,0.43029555678367615
YJR078W,YOR074C,0,,0.1881096214056015,0.9975369572639465,0.43054187297821045
YOR313C,YLR213C,0,,0.18802228569984436,0.9975369572639465,0.43078818917274475
YLR191W,YCR011C,0,,0.18793503940105438,0.9975369572639465,0.43103447556495667
YDL170W,YBL092W,0,,0.18784786760807037,0.9975369572639465,0.43128079175949097
YNL095C,YKL168C,0,,0.18776078522205353,0.9975369572639465,0.43152710795402527
YJL034W,YNR017W,0,,0.18767377734184265,0.9975369572639465,0.4317733943462372
YDR167W,YML109W,0,,0.18758684396743774,0.9975369572639465,0.4320197105407715
YJR032W,YDR508C,0,,0.1875,0.9975369572639465,0.4322659969329834
YJR083C,YNR002C,0,,0.18741323053836823,0.9975369572639465,0.4325123131275177
YML112W,YER171W,0,,0.1873265504837036,0.9975369572639465,0.432758629322052
YIL017W,YOR204W,0,,0.18723994493484497,0.9975369572639465,0.4330049157142639
YIL142W,YGL225W,0,,0.1871534138917923,0.9975369572639465,0.4332512319087982
YGL112C,YPL082C,0,,0.1870669722557068,0.9975369572639465,0.4334975481033325
YBL113C,YLR160C,0,,0.18698060512542725,0.9975369572639465,0.43374383449554443
YKR066C,YPL027W,0,,0.18689432740211487,0.9975369572639465,0.43399015069007874
YLR410W-B,YNL070W,0,,0.18680812418460846,0.9975369572639465,0.43423646688461304
YJR107W,YDL070W,0,,0.18672199547290802,0.9975369572639465,0.43448275327682495
YNL223W,YOL111C,0,,0.18663594126701355,0.9975369572639465,0.43472906947135925
YBR223C,YHR156C,0,,0.18654997646808624,0.9975369572639465,0.43497535586357117
YLR029C,YGL014W,0,,0.1864640861749649,0.9975369572639465,0.43522167205810547
YER098W,YER145C,0,,0.18637828528881073,0.9975369572639465,0.43546798825263977
YDR296W,YMR273C,0,,0.18629254400730133,0.9975369572639465,0.4357142746448517
YKL078W,YOL004W,0,,0.1862068921327591,0.9975369572639465,0.435960590839386
YNL267W,YDR373W,0,,0.18612132966518402,0.9975369572639465,0.4362069070339203
YJL140W,YCL026C-B,0,,0.18603582680225372,0.9975369572639465,0.4364531934261322
YMR169C,YOR089C,0,,0.1859504133462906,0.9975369572639465,0.4366995096206665
YMR008C,YDL047W,0,,0.18586507439613342,0.9975369572639465,0.4369458258152008
YBL101W-B,YGR239C,0,,0.18577980995178223,0.9975369572639465,0.4371921122074127
YER049W,YHR058C,0,,0.1856946349143982,0.9975369572639465,0.437438428401947
YLR300W,YER074W,0,,0.18560953438282013,0.9975369572639465,0.43768471479415894
YER014C-A,YJL130C,0,,0.18552450835704803,0.9975369572639465,0.43793103098869324
YGR251W,YML128C,0,,0.1854395568370819,0.9975369572639465,0.43817734718322754
YDR082W,YKR028W,0,,0.18535469472408295,0.9975369572639465,0.43842363357543945
YJL178C,YNL284C,0,,0.18526989221572876,0.9975369572639465,0.43866994976997375
YDR296W,YER019C-A,0,,0.18518517911434174,0.9975369572639465,0.43891626596450806
YGR010W,YMR137C,0,,0.18510055541992188,0.9975369572639465,0.43916255235671997
YPR194C,YGL019W,0,,0.1850159913301468,0.9975369572639465,0.4394088685512543
YDL140C,YGL060W,0,,0.18493150174617767,0.9975369572639465,0.4396551847457886
YNR067C,YCL008C,0,,0.18484710156917572,0.9975369572639465,0.4399014711380005
YIL170W,YFL013C,0,,0.18476277589797974,0.9975369572639465,0.4401477873325348
YNL032W,YJL024C,0,,0.18467852473258972,0.9975369572639465,0.4403941035270691
YGR085C,YLR410W-B,0,,0.18459434807300568,0.9975369572639465,0.440640389919281
YJL141C,YOR298W,0,,0.1845102459192276,0.9975369572639465,0.4408867061138153
YBR095C,YGL169W,0,,0.1844262331724167,0.9975369572639465,0.4411329925060272
YJL005W,YNR002C,0,,0.18434228003025055,0.9975369572639465,0.4413793087005615
YBL085W,YFR033C,0,,0.18425841629505157,0.9975369572639465,0.4416256248950958
YML097C,YJL206C,0,,0.18417462706565857,0.9975369572639465,0.44187191128730774
YPR144C,YEL056W,0,,0.18409091234207153,0.9975369572639465,0.44211822748184204
YMR321C,YMR300C,0,,0.18400727212429047,0.9975369572639465,0.44236454367637634
YGR282C,YDR081C,0,,0.18392370641231537,0.9975369572639465,0.44261083006858826
YML052W,YNR015W,0,,0.18384021520614624,0.9975369572639465,0.44285714626312256
YNL238W,YOR025W,0,,0.18375679850578308,0.9975369572639465,0.44310346245765686
YGL180W,YIL048W,0,,0.18367347121238708,0.9975369572639465,0.4433497488498688
YIR018W,YOR353C,0,,0.18359020352363586,0.9975369572639465,0.4435960650444031
YJR055W,YOR145C,0,,0.1835070252418518,0.9975369572639465,0.443842351436615
YMR005W,YBR172C,0,,0.18342390656471252,0.9975369572639465,0.4440886676311493
YEL040W,YBR173C,0,,0.1833408772945404,0.9975369572639465,0.4443349838256836
YDR369C,YAL029C,0,,0.18325792253017426,0.9975369572639465,0.4445812702178955
YPR200C,YDL035C,0,,0.18317502737045288,0.9975369572639465,0.4448275864124298
YDR351W,YEL062W,0,,0.18309222161769867,0.9975369572639465,0.4450739026069641
YMR087W,YBR257W,0,,0.18300949037075043,0.9975369572639465,0.445320188999176
YKL130C,YKL168C,0,,0.18292683362960815,0.9975369572639465,0.4455665051937103
YBR294W,YNR015W,0,,0.18284423649311066,0.9975369572639465,0.44581282138824463
YLR295C,YKL203C,0,,0.18276172876358032,0.9975369572639465,0.44605910778045654
YPL257W-B,YDR353W,0,,0.18267929553985596,0.9975369572639465,0.44630542397499084
YLR452C,YJL004C,0,,0.18259693682193756,0.9975369572639465,0.44655171036720276
YHR059W,YBL052C,0,,0.18251465260982513,0.9975369572639465,0.44679802656173706
YOR089C,YPR043W,0,,0.18243242800235748,0.9975369572639465,0.44704434275627136
YGR145W,YGL169W,0,,0.182350292801857,0.9975369572639465,0.4472906291484833
YJR021C,YER190W,0,,0.18226823210716248,0.9975369572639465,0.4475369453430176
YCL043C,YDL074C,0,,0.18218623101711273,0.9975369572639465,0.4477832615375519
YGR216C,YOR020C,0,,0.18210431933403015,0.9975369572639465,0.4480295479297638
YLR314C,YJR005W,0,,0.18202246725559235,0.9975369572639465,0.4482758641242981
YPL007C,YLR209C,0,,0.1819407045841217,0.9975369572639465,0.4485221803188324
YDR419W,YKR068C,0,,0.18185900151729584,0.9975369572639465,0.4487684667110443
YGL225W,YGL203C,0,,0.18177737295627594,0.9975369572639465,0.4490147829055786
YKL009W,YLR219W,0,,0.1816958338022232,0.9975369572639465,0.4492610692977905
YJR051W,YBR287W,0,,0.18161435425281525,0.9975369572639465,0.44950738549232483
YKL015W,YMR304W,0,,0.18153294920921326,0.9975369572639465,0.44975370168685913
YMR182C,YBR187W,0,,0.18145161867141724,0.9975369572639465,0.44999998807907104
YHR132C,YNL335W,0,,0.181370347738266,0.9975369572639465,0.45024630427360535
YOR323C,YNL282W,0,,0.1812891662120819,0.9975369572639465,0.45049262046813965
YMR146C,YGL010W,0,,0.1812080591917038,0.9975369572639465,0.45073890686035156
YJL034W,YOR311C,0,,0.18112701177597046,0.9975369572639465,0.45098522305488586
YJR149W,YMR038C,0,,0.1810460388660431,0.9975369572639465,0.45123153924942017
YOR071C,YHR175W,0,,0.1809651404619217,0.9975369572639465,0.4514778256416321
YDR210C-C,YPL208W,0,,0.18088431656360626,0.9975369572639465,0.4517241418361664
YPR144C,YER138C,0,,0.1808035671710968,0.9975369572639465,0.4519704580307007
YPL129W,YNL092W,0,,0.1807228922843933,0.9975369572639465,0.4522167444229126
YDR211W,YKR028W,0,,0.1806422770023346,0.9975369572639465,0.4524630606174469
YGL244W,YKR068C,0,,0.18056175112724304,0.9975369572639465,0.4527093470096588
YCL014W,YGR214W,0,,0.18048128485679626,0.9975369572639465,0.4529556632041931
YKL103C,YFL010W-A,0,,0.18040089309215546,0.9975369572639465,0.4532019793987274
YDR405W,YDR140W,0,,0.18032057583332062,0.9975369572639465,0.45344826579093933
YJR078W,YOL004W,0,,0.18024031817913055,0.9975369572639465,0.45369458198547363
YBL011W,YNR002C,0,,0.18016013503074646,0.9975369572639465,0.45394089818000793
YMR182C,YNL073W,0,,0.18008004128932953,0.9975369572639465,0.45418718457221985
YGL148W,YJL206C,0,,0.18000000715255737,0.9975369572639465,0.45443350076675415
YMR238W,YGL071W,0,,0.17992003262043,0.9975369572639465,0.45467981696128845
YMR097C,YGL148W,0,,0.17984014749526978,0.9975369572639465,0.45492610335350037
YMR033W,YJL117W,0,,0.17976032197475433,0.9975369572639465,0.45517241954803467
YOL111C,YMR115W,0,,0.17968057096004486,0.9975369572639465,0.4554187059402466
YMR241W,YBL041W,0,,0.17960087954998016,0.9975369572639465,0.4556650221347809
YMR319C,YMR194W,0,,0.17952127754688263,0.9975369572639465,0.4559113383293152
YHR061C,YFL017W-A,0,,0.17944173514842987,0.9975369572639465,0.4561576247215271
YMR276W,YOR261C,0,,0.17936226725578308,0.9975369572639465,0.4564039409160614
YGR085C,YIL076W,0,,0.17928287386894226,0.9975369572639465,0.4566502571105957
YKL090W,YDR210C-C,0,,0.17920354008674622,0.9975369572639465,0.4568965435028076
YDR414C,YLR206W,0,,0.17912428081035614,0.9975369572639465,0.4571428596973419
YJR119C,YML073C,0,,0.17904509603977203,0.9975369572639465,0.4573891758918762
YCR057C,YBL092W,0,,0.1789659708738327,0.9975369572639465,0.45763546228408813
YIL035C,YOL108C,0,,0.17888692021369934,0.9975369572639465,0.45788177847862244
YDR261C-D,YLR386W,0,,0.17880794405937195,0.9975369572639465,0.45812806487083435
YNL044W,YMR250W,0,,0.17872904241085052,0.9975369572639465,0.45837438106536865
YDR167W,YPL223C,0,,0.17865020036697388,0.9975369572639465,0.45862069725990295
YLR047C,YML006C,0,,0.1785714328289032,0.9975369572639465,0.45886698365211487
YDR473C,YKR006C,0,,0.1784927248954773,0.9975369572639465,0.45911329984664917
YIR011C,YMR213W,0,,0.17841409146785736,0.9975369572639465,0.45935961604118347
YOL004W,YFL001W,0,,0.1783355325460434,0.9975369572639465,0.4596059024333954
YBR260C,YLR151C,0,,0.1782570481300354,0.9975369572639465,0.4598522186279297
YPL113C,YCR087C-A,0,,0.17817862331867218,0.9975369572639465,0.460098534822464
YCR030C,YDR378C,0,,0.17810025811195374,0.9975369572639465,0.4603448212146759
YFL002W-B,YKL130C,0,,0.17802198231220245,0.9975369572639465,0.4605911374092102
YOR310C,YOR209C,0,,0.17794376611709595,0.9975369572639465,0.4608374238014221
YDR067C,YLL019C,0,,0.17786560952663422,0.9975369572639465,0.4610837399959564
YDR261C-D,YDR389W,0,,0.17778752744197845,0.9975369572639465,0.4613300561904907
YKL064W,YBL098W,0,,0.17770951986312866,0.9975369572639465,0.46157634258270264
YOR145C,YBL091C-A,0,,0.17763157188892365,0.9975369572639465,0.46182265877723694
YLR386W,YMR099C,0,,0.1775536984205246,0.9975369572639465,0.46206897497177124
YMR013C,YER022W,0,,0.17747589945793152,0.9975369572639465,0.46231526136398315
YFR045W,YFL045C,0,,0.17739816009998322,0.9975369572639465,0.46256157755851746
YEL036C,YML049C,0,,0.17732049524784088,0.9975369572639465,0.46280789375305176
YGR221C,YIL159W,0,,0.17724289000034332,0.9975369572639465,0.46305418014526367
YAR035W,YDL047W,0,,0.17716535925865173,0.9975369572639465,0.463300496339798
YIL134W,YDR263C,0,,0.17708788812160492,0.9975369572639465,0.4635468125343323
YBR125C,YDR137W,0,,0.17701049149036407,0.9975369572639465,0.4637930989265442
YJR092W,YOR123C,0,,0.176933154463768,0.9975369572639465,0.4640394151210785
YGR036C,YPL208W,0,,0.1768558919429779,0.9975369572639465,0.4642857015132904
YOL045W,YGR177C,0,,0.17677870392799377,0.9975369572639465,0.4645320177078247
YDR030C,YBR026C,0,,0.17670157551765442,0.9975369572639465,0.464778333902359
YBR223C,YJR147W,0,,0.17662450671195984,0.9975369572639465,0.4650246202945709
YDR457W,YDR508C,0,,0.17654751241207123,0.9975369572639465,0.4652709364891052
YNR067C,YDL128W,0,,0.1764705926179886,0.9975369572639465,0.4655172526836395
YGR252W,YDR364C,0,,0.17639373242855072,0.9975369572639465,0.46576353907585144
YFR031C,YLR391W,0,,0.17631693184375763,0.9975369572639465,0.46600985527038574
YOR206W,YER154W,0,,0.1762402057647705,0.9975369572639465,0.46625617146492004
YBR177C,YNR018W,0,,0.17616355419158936,0.9975369572639465,0.46650245785713196
YOR212W,YDL206W,0,,0.17608696222305298,0.9975369572639465,0.46674877405166626
YLR386W,YIR032C,0,,0.17601042985916138,0.9975369572639465,0.4669950604438782
YGL203C,YNL298W,0,,0.17593397200107574,0.9975369572639465,0.4672413766384125
YGR109W-B,YFL002W-B,0,,0.1758575737476349,0.9975369572639465,0.4674876928329468
YDR263C,YDR530C,0,,0.17578125,0.9975369572639465,0.4677339792251587
YER185W,YDR457W,0,,0.1757049858570099,0.9975369572639465,0.467980295419693
YMR033W,YGR246C,0,,0.17562879621982574,0.9975369572639465,0.4682266116142273
YOR212W,YGL051W,0,,0.17555266618728638,0.9975369572639465,0.4684728980064392
YBR118W,YHR119W,0,,0.17547659575939178,0.9975369572639465,0.4687192142009735
YLR113W,YLR009W,0,,0.17540059983730316,0.9975369572639465,0.4689655303955078
YCR014C,YFL066C,0,,0.1753246784210205,0.9975369572639465,0.4692118167877197
YDL227C,YLR316C,0,,0.17524881660938263,0.9975369572639465,0.46945813298225403
YLR043C,YMR203W,0,,0.17517301440238953,0.9975369572639465,0.46970441937446594
YLL041C,YER162C,0,,0.1750972718000412,0.9975369572639465,0.46995073556900024
YGL172W,YOR285W,0,,0.17502160370349884,0.9975369572639465,0.47019705176353455
YOR148C,YAR031W,0,,0.17494601011276245,0.9975369572639465,0.47044333815574646
YER101C,YBR281C,0,,0.17487046122550964,0.9975369572639465,0.47068965435028076
YFL001W,YKR069W,0,,0.1747949868440628,0.9975369572639465,0.47093597054481506
YIL080W,YHL034C,0,,0.17471958696842194,0.9975369572639465,0.471182256937027
YMR239C,YPR152C,0,,0.17464424669742584,0.9975369572639465,0.4714285731315613
YDR494W,YIR038C,0,,0.17456896603107452,0.9975369572639465,0.4716748893260956
YLR107W,YCR055C,0,,0.17449375987052917,0.9975369572639465,0.4719211757183075
YHR030C,YMR240C,0,,0.1744185984134674,0.9975369572639465,0.4721674919128418
YPL131W,YBL076C,0,,0.1743435263633728,0.9975369572639465,0.4724137783050537
YDR064W,YNL239W,0,,0.17426849901676178,0.9975369572639465,0.472660094499588
YNL010W,YDR229W,0,,0.17419354617595673,0.9975369572639465,0.4729064106941223
YAL060W,YCR097WB,0,,0.17411865293979645,0.9975369572639465,0.47315269708633423
YGR010W,YGR238C,0,,0.17404383420944214,0.9975369572639465,0.47339901328086853
YGL233W,YER074W,0,,0.1739690750837326,0.9975369572639465,0.47364532947540283
YDR473C,YNR072W,0,,0.17389437556266785,0.9975369572639465,0.47389161586761475
YHR066W,YIL017W,0,,0.17381973564624786,0.9975369572639465,0.47413793206214905
YGL209W,YHR156C,0,,0.17374517023563385,0.9975369572639465,0.47438424825668335
YDR131C,YML049C,0,,0.1736706644296646,0.9975369572639465,0.47463053464889526
YLR005W,YMR210W,0,,0.17359623312950134,0.9975369572639465,0.47487685084342957
YLR353W,YHR135C,0,,0.17352184653282166,0.9975369572639465,0.47512316703796387
YNL107W,YNR004W,0,,0.17344753444194794,0.9975369572639465,0.4753694534301758
YGL010W,YFL021W,0,,0.173373281955719,0.9975369572639465,0.4756157696247101
YFL066C,YAR035W,0,,0.17329910397529602,0.9975369572639465,0.475862056016922
YBR196C,YIL035C,0,,0.17322498559951782,0.9975369572639465,0.4761083722114563
YDR411C,YOL129W,0,,0.1731509119272232,0.9975369572639465,0.4763546884059906
YJL112W,YDR151C,0,,0.17307692766189575,0.9975369572639465,0.4766009747982025
YGR180C,YDR062W,0,,0.17300298810005188,0.9975369572639465,0.4768472909927368
YDL142C,YMR210W,0,,0.17292912304401398,0.9975369572639465,0.4770936071872711
YBL052C,YJR140C,0,,0.17285531759262085,0.9975369572639465,0.47733989357948303
YLL004W,YIL035C,0,,0.1727815717458725,0.9975369572639465,0.47758620977401733
YJL214W,YGL174W,0,,0.17270788550376892,0.9975369572639465,0.47783252596855164
YIL159W,YKL175W,0,,0.1726342737674713,0.9975369572639465,0.47807881236076355
YLR314C,YOR237W,0,,0.17256072163581848,0.9975369572639465,0.47832512855529785
YOR299W,YDL074C,0,,0.17248722910881042,0.9975369572639465,0.47857141494750977
YGR095C,YJR031C,0,,0.17241379618644714,0.9975369572639465,0.47881773114204407
YJR083C,YHR039C-A,0,,0.17234042286872864,0.9975369572639465,0.47906404733657837
YOL010W,YGL220W,0,,0.1722671240568161,0.9975369572639465,0.4793103337287903
YDR499W,YKL015W,0,,0.17219388484954834,0.9975369572639465,0.4795566499233246
YKL171W,YJR026W,0,,0.17212069034576416,0.9975369572639465,0.4798029661178589
YJR036C,YPL087W,0,,0.17204758524894714,0.9975369572639465,0.4800492525100708
YDR378C,YMR077C,0,,0.1719745248556137,0.9975369572639465,0.4802955687046051
YDL078C,YLR005W,0,,0.17190152406692505,0.9975369572639465,0.4805418848991394
YDR310C,YIL042C,0,,0.17182859778404236,0.9975369572639465,0.4807881712913513
YGR264C,YBL092W,0,,0.17175573110580444,0.9975369572639465,0.4810344874858856
YJL081C,YLR016C,0,,0.1716829091310501,0.9975369572639465,0.48128077387809753
YER125W,YDR415C,0,,0.17161017656326294,0.9975369572639465,0.48152709007263184
YDL111C,YJL214W,0,,0.17153748869895935,0.9975369572639465,0.48177340626716614
YJR082C,YGL060W,0,,0.17146486043930054,0.9975369572639465,0.48201969265937805
YFR031C,YJL085W,0,,0.1713922917842865,0.9975369572639465,0.48226600885391235
YGR175C,YDR381C-A,0,,0.17131979763507843,0.9975369572639465,0.48251232504844666
YAL022C,YPL200W,0,,0.17124736309051514,0.9975369572639465,0.48275861144065857
YDR030C,YOR168W,0,,0.17117497324943542,0.9975369572639465,0.48300492763519287
YDR174W,YKR057W,0,,0.17110265791416168,0.9975369572639465,0.4832512438297272
YMR146C,YLR410W-A,0,,0.17103040218353271,0.9975369572639465,0.4834975302219391
YPL223C,YKL001C,0,,0.17095820605754852,0.9975369572639465,0.4837438464164734
YJL030W,YKL171W,0,,0.1708860695362091,0.9975369572639465,0.4839901626110077
YLR383W,YLR309C,0,,0.17081400752067566,0.9975369572639465,0.4842364490032196
YLR353W,YDR260C,0,,0.1707419902086258,0.9975369572639465,0.4844827651977539
YEL070W,YDR062W,0,,0.1706700325012207,0.9975369572639465,0.4847290515899658
YBR155W,YDL040C,0,,0.17059814929962158,0.9975369572639465,0.4849753677845001
YOR054C,YGR089W,0,,0.17052631080150604,0.9975369572639465,0.4852216839790344
YPR190C,YIL017W,0,,0.17045454680919647,0.9975369572639465,0.48546797037124634
YDL059C,YKL001C,0,,0.17038284242153168,0.9975369572639465,0.48571428656578064
YDR137W,YEL062W,0,,0.17031118273735046,0.9975369572639465,0.48596060276031494
YLL029W,YNL117W,0,,0.17023959755897522,0.9975369572639465,0.48620688915252686
YDL059C,YJL140W,0,,0.17016807198524475,0.9975369572639465,0.48645320534706116
YLR182W,YOR261C,0,,0.17009659111499786,0.9975369572639465,0.48669952154159546
YLR383W,YGR020C,0,,0.17002518475055695,0.9975369572639465,0.4869458079338074
YEL040W,YNL302C,0,,0.1699538379907608,0.9975369572639465,0.4871921241283417
YKR103W,YPL104W,0,,0.16988255083560944,0.9975369572639465,0.4874384105205536
YPR191W,YJL141C,0,,0.16981132328510284,0.9975369572639465,0.4876847267150879
YOL124C,YOL136C,0,,0.16974015533924103,0.9975369572639465,0.4879310429096222
YBR183W,YPL113C,0,,0.169669046998024,0.9975369572639465,0.4881773293018341
YGR056W,YLR050C,0,,0.16959798336029053,0.9975369572639465,0.4884236454963684
YCR052W,YBL092W,0,,0.16952699422836304,0.9975369572639465,0.4886699616909027
YJL124C,YFR001W,0,,0.16945606470108032,0.9975369572639465,0.4889162480831146
YNL284C-A,YFL045C,0,,0.16938519477844238,0.9975369572639465,0.4891625642776489
YJR032W,YER137C,0,,0.16931438446044922,0.9975369572639465,0.4894088804721832
YJR127C,YDL215C,0,,0.16924363374710083,0.9975369572639465,0.48965516686439514
YNR006W,YDR229W,0,,0.16917292773723602,0.9975369572639465,0.48990148305892944
YMR321C,YKL038W,0,,0.16910229623317719,0.9975369572639465,0.49014776945114136
YMR182C,YNR018W,0,,0.16903172433376312,0.9975369572639465,0.49039408564567566
YAR035W,YJL213W,0,,0.16896119713783264,0.9975369572639465,0.49064040184020996
YHR132C,YGR010W,0,,0.16889074444770813,0.9975369572639465,0.4908866882324219
YGR288W,YHR211W,0,,0.1688203364610672,0.9975369572639465,0.4911330044269562
YPR011C,YJL029C,0,,0.16875000298023224,0.9975369572639465,0.4913793206214905
YMR013C,YKL166C,0,,0.16867971420288086,0.9975369572639465,0.4916256070137024
YNL261W,YDL028C,0,,0.16860948503017426,0.9975369572639465,0.4918719232082367
YPR137W,YAR031W,0,,0.16853933036327362,0.9975369572639465,0.492118239402771
YGR118W,YER104W,0,,0.16846922039985657,0.9975369572639465,0.4923645257949829
YDL084W,YGR255C,0,,0.1683991700410843,0.9975369572639465,0.4926108419895172
YBR247C,YDR263C,0,,0.1683291792869568,0.9975369572639465,0.4928571283817291
YGR167W,YKL022C,0,,0.16825924813747406,0.9975369572639465,0.4931034445762634
YKR101W,YDR260C,0,,0.16818936169147491,0.9975369572639465,0.49334976077079773
YNL095C,YEL043W,0,,0.16811954975128174,0.9975369572639465,0.49359604716300964
YER017C,YDL148C,0,,0.16804979741573334,0.9975369572639465,0.49384236335754395
YNL230C,YPR125W,0,,0.16798008978366852,0.9975369572639465,0.49408867955207825
YJL011C,YJR107W,0,,0.16791044175624847,0.9975369572639465,0.49433496594429016
YNL127W,YDR109C,0,,0.1678408682346344,0.9975369572639465,0.49458128213882446
YIL002C,YKL165C,0,,0.1677713394165039,0.9975369572639465,0.49482759833335876
YMR112C,YER162C,0,,0.1677018702030182,0.9975369572639465,0.4950738847255707
YDR453C,YNR004W,0,,0.16763244569301605,0.9975369572639465,0.495320200920105
YEL069C,YKL124W,0,,0.16756309568881989,0.9975369572639465,0.4955665171146393
YDR371W,YLR047C,0,,0.1674937903881073,0.9975369572639465,0.4958128035068512
YDR059C,YBR282W,0,,0.16742455959320068,0.9975369572639465,0.4960591197013855
YBR287W,YOR324C,0,,0.16735537350177765,0.9975369572639465,0.4963054060935974
YDR240C,YFL001W,0,,0.1672862470149994,0.9975369572639465,0.4965517222881317
YOL028C,YNL230C,0,,0.1672171801328659,0.9975369572639465,0.496798038482666
YGR161W-B,YNL138W,0,,0.167148157954216,0.9975369572639465,0.49704432487487793
YJL166W,YDL225W,0,,0.16707921028137207,0.9975369572639465,0.49729064106941223
YML032C,YJL029C,0,,0.16701030731201172,0.9975369572639465,0.49753695726394653
YDR254W,YOR239W,0,,0.16694146394729614,0.9975369572639465,0.49778324365615845
YDR026C,YGL172W,0,,0.16687268018722534,0.9975369572639465,0.49802955985069275
YMR032W,YLR264W,0,,0.16680395603179932,0.9975369572639465,0.49827587604522705
YNR031C,YDL061C,0,,0.16673527657985687,0.9975369572639465,0.49852216243743896
YFL038C,YGL203C,0,,0.1666666716337204,0.9975369572639465,0.49876847863197327
YKR008W,YJL130C,0,,0.1665981113910675,0.9975369572639465,0.4990147650241852
YEL069C,YOL158C,0,,0.1665296107530594,0.9975369572639465,0.4992610812187195
YGR056W,YMR301C,0,,0.16646115481853485,0.9975369572639465,0.4995073974132538
YPR196W,YGL212W,0,,0.16639277338981628,0.9975369572639465,0.4997536838054657
YOL103W-B,YBR118W,0,,0.1663244366645813,0.9975369572639465,0.5
YNL282W,YMR160W,0,,0.1662561595439911,0.9975369572639465,0.5002462863922119
YDL059C,YLR391W,0,,0.16618794202804565,0.9975369572639465,0.5004926323890686
YPR002W,YLR251W,0,,0.1661197692155838,0.9975369572639465,0.5007389187812805
YJR004C,YKL130C,0,,0.16605165600776672,0.9975369572639465,0.5009852051734924
YBR075W,YOR098C,0,,0.16598360240459442,0.9975369572639465,0.5012315511703491
YCL036W,YJL214W,0,,0.1659156084060669,0.9975369572639465,0.501477837562561
YML052W,YGR027C,0,,0.16584765911102295,0.9975369572639465,0.501724123954773
YER022W,YKR068C,0,,0.16577978432178497,0.9975369572639465,0.5019704699516296
YGL186C,YMR193W,0,,0.16571195423603058,0.9975369572639465,0.5022167563438416
YIR025W,YDR218C,0,,0.16564416885375977,0.9975369572639465,0.5024630427360535
YJR036C,YMR268W-A,0,,0.16557645797729492,0.9975369572639465,0.5027093887329102
YMR090W,YDR226W,0,,0.16550879180431366,0.9975369572639465,0.5029556751251221
YOR168W,YKL175W,0,,0.16544117033481598,0.9975369572639465,0.503201961517334
YDR411C,YGR095C,0,,0.16537362337112427,0.9975369572639465,0.5034482479095459
YNR003C,YDL040C,0,,0.16530612111091614,0.9975369572639465,0.5036945939064026
YDR351W,YER138C,0,,0.16523867845535278,0.9975369572639465,0.5039408802986145
YMR168C,YGR113W,0,,0.1651712954044342,0.9975369572639465,0.5041871666908264
YDL179W,YPL196W,0,,0.1651039570569992,0.9975369572639465,0.5044335126876831
YOR304C-A,YPR030W,0,,0.16503667831420898,0.9975369572639465,0.504679799079895
YGL209W,YMR276W,0,,0.16496944427490234,0.9975369572639465,0.5049260854721069
YPR171W,YMR145C,0,,0.16490228474140167,0.9975369572639465,0.5051724314689636
YBR066C,YOL062C,0,,0.16483516991138458,0.9975369572639465,0.5054187178611755
YOR378W,YGL256W,0,,0.16476809978485107,0.9975369572639465,0.5056650042533875
YNL261W,YER101C,0,,0.16470110416412354,0.9975369572639465,0.5059113502502441
YAR002C-A,YCL014W,0,,0.16463415324687958,0.9975369572639465,0.506157636642456
YPR011C,YDR281C,0,,0.1645672470331192,0.9975369572639465,0.506403923034668
YDL179W,YMR099C,0,,0.1645004004240036,0.9975369572639465,0.5066502690315247
YER138C,YBR037C,0,,0.16443361341953278,0.9975369572639465,0.5068965554237366
YDL029W,YPL213W,0,,0.16436688601970673,0.9975369572639465,0.5071428418159485
YJR028W,YNL026W,0,,0.16430020332336426,0.9975369572639465,0.5073891878128052
YLR256W-A,YGR143W,0,,0.16423358023166656,0.9975369572639465,0.5076354742050171
YOL107W,YBL085W,0,,0.16416700184345245,0.9975369572639465,0.507881760597229
YOR317W,YPR091C,0,,0.16410048305988312,0.9975369572639465,0.5081281065940857
YDR457W,YDL097C,0,,0.16403402388095856,0.9975369572639465,0.5083743929862976
YDR072C,YDR392W,0,,0.16396760940551758,0.9975369572639465,0.5086206793785095
YKR036C,YJR028W,0,,0.16390125453472137,0.9975369572639465,0.5088669657707214
YMR238W,YFR019W,0,,0.16383494436740875,0.9975369572639465,0.5091133117675781
YEL053C,YKL001C,0,,0.1637687087059021,0.9975369572639465,0.50935959815979
YGR161W-B,YNR060W,0,,0.16370250284671783,0.9975369572639465,0.509605884552002
YPR026W,YNR003C,0,,0.16363635659217834,0.9975369572639465,0.5098522305488586
YLR295C,YKR026C,0,,0.16357026994228363,0.9975369572639465,0.5100985169410706
YER154W,YDR392W,0,,0.1635042428970337,0.9975369572639465,0.5103448033332825
YBR042C,YFR033C,0,,0.16343826055526733,0.9975369572639465,0.5105911493301392
YGR268C,YGR095C,0,,0.16337232291698456,0.9975369572639465,0.5108374357223511
YNL107W,YPL093W,0,,0.16330644488334656,0.9975369572639465,0.511083722114563
YOL086C,YBR274W,0,,0.16324062645435333,0.9975369572639465,0.5113300681114197
YDL021W,YKL082C,0,,0.1631748527288437,0.9975369572639465,0.5115763545036316
YIR032C,YOR085W,0,,0.16310913860797882,0.9975369572639465,0.5118226408958435
YMR097C,YHR079C,0,,0.16304348409175873,0.9975369572639465,0.5120689868927002
YBR002C,YMR173W,0,,0.16297787427902222,0.9975369572639465,0.5123152732849121
YKR056W,YKR068C,0,,0.1629123091697693,0.9975369572639465,0.512561559677124
YOR382W,YKL189W,0,,0.16284680366516113,0.9975369572639465,0.5128079056739807
YBR125C,YGL190C,0,,0.16278135776519775,0.9975369572639465,0.5130541920661926
YNL102W,YPL147W,0,,0.16271595656871796,0.9975369572639465,0.5133004784584045
YDR067C,YMR136W,0,,0.16265060007572174,0.9975369572639465,0.5135468244552612
YIL177C,YCR046C,0,,0.1625853031873703,0.9975369572639465,0.5137931108474731
YER049W,YNL026W,0,,0.16252006590366364,0.9975369572639465,0.5140393972396851
YPL099C,YML036W,0,,0.16245487332344055,0.9975369572639465,0.5142857432365417
YNL010W,YLR209C,0,,0.16238974034786224,0.9975369572639465,0.5145320296287537
YFR021W,YOR343W-B,0,,0.16232465207576752,0.9975369572639465,0.5147783160209656
YHR002W,YOR222W,0,,0.16225960850715637,0.9975369572639465,0.5150246024131775
YKR057W,YJR031C,0,,0.1621946394443512,0.9975369572639465,0.5152709484100342
YPL188W,YBR061C,0,,0.1621297001838684,0.9975369572639465,0.5155172348022461
YOL043C,YMR179W,0,,0.1620648205280304,0.9975369572639465,0.515763521194458
YLL029W,YKL190W,0,,0.16200000047683716,0.9975369572639465,0.5160098671913147
YKL078W,YGR177C,0,,0.1619352251291275,0.9975369572639465,0.5162561535835266
YCL074W,YLL055W,0,,0.16187050938606262,0.9975369572639465,0.5165024399757385
YPL112C,YGL169W,0,,0.16180583834648132,0.9975369572639465,0.5167487859725952
YPR171W,YEL030W,0,,0.1617412120103836,0.9975369572639465,0.5169950723648071
YGL083W,YLL008W,0,,0.16167664527893066,0.9975369572639465,0.517241358757019
YLL003W,YLR197W,0,,0.1616121381521225,0.9975369572639465,0.5174877047538757
YKR006C,YIL035C,0,,0.16154766082763672,0.9975369572639465,0.5177339911460876
YJL029C,YOR299W,0,,0.1614832580089569,0.9975369572639465,0.5179802775382996
YNL153C,YOR074C,0,,0.1614188849925995,0.9975369572639465,0.5182266235351562
YLR404W,YLR187W,0,,0.16135458648204803,0.9975369572639465,0.5184729099273682
YPR030W,YPL183W-A,0,,0.16129031777381897,0.9975369572639465,0.5187191963195801
YMR268W-A,YPL093W,0,,0.16122610867023468,0.9975369572639465,0.5189655423164368
YPR189W,YGR077C,0,,0.16116195917129517,0.9975369572639465,0.5192118287086487
YER154W,YBR037C,0,,0.16109785437583923,0.9975369572639465,0.5194581151008606
YNR067C,YGL148W,0,,0.16103379428386688,0.9975369572639465,0.5197044610977173
YER049W,YOR261C,0,,0.1609697937965393,0.9975369572639465,0.5199507474899292
YHR030C,YDL121C,0,,0.1609058380126953,0.9975369572639465,0.5201970338821411
YLR314C,YIL143C,0,,0.1608419418334961,0.9975369572639465,0.520443320274353
YLR325C,YDL225W,0,,0.16077809035778046,0.9975369572639465,0.5206896662712097
YHR029C,YMR176W,0,,0.1607142835855484,0.9975369572639465,0.5209359526634216
YJR006W,YER125W,0,,0.16065053641796112,0.9975369572639465,0.5211822390556335
YLR291C,YJL213W,0,,0.16058683395385742,0.9975369572639465,0.5214285850524902
YMR117C,YKL007W,0,,0.1605231910943985,0.9975369572639465,0.5216748714447021
YEL070W,YPR138C,0,,0.16045959293842316,0.9975369572639465,0.5219211578369141
YGR180C,YNL073W,0,,0.1603960394859314,0.9975369572639465,0.5221675038337708
YNR031C,YPL167C,0,,0.1603325456380844,0.9975369572639465,0.5224137902259827
YLL002W,YBL029C-A,0,,0.160269096493721,0.9975369572639465,0.5226600766181946
YOL028C,YMR099C,0,,0.1602056920528412,0.9975369572639465,0.5229064226150513
YIR025W,YCL043C,0,,0.16014234721660614,0.9975369572639465,0.5231527090072632
YOR283W,YNL335W,0,,0.16007904708385468,0.9975369572639465,0.5233989953994751
YDL246C,YER052C,0,,0.16001580655574799,0.9975369572639465,0.5236453413963318
YMR146C,YBR067C,0,,0.15995261073112488,0.9975369572639465,0.5238916277885437
YNL267W,YOR204W,0,,0.15988945960998535,0.9975369572639465,0.5241379141807556
YLR329W,YGR118W,0,,0.1598263680934906,0.9975369572639465,0.5243842601776123
YKR019C,YKL038W,0,,0.15976330637931824,0.9975369572639465,0.5246305465698242
YKR026C,YLR348C,0,,0.15970031917095184,0.9975369572639465,0.5248768329620361
YJR028W,YLL017W,0,,0.15963736176490784,0.9975369572639465,0.5251231789588928
YJR053W,YPR133W-A,0,,0.1595744639635086,0.9975369572639465,0.5253694653511047
YKL210W,YOR285W,0,,0.15951162576675415,0.9975369572639465,0.5256157517433167
YDL078C,YDR207C,0,,0.15944881737232208,0.9975369572639465,0.5258620977401733
YMR269W,YEL070W,0,,0.1593860685825348,0.9975369572639465,0.5261083841323853
YOR147W,YOL043C,0,,0.15932336449623108,0.9975369572639465,0.5263546705245972
YCL074W,YOR138C,0,,0.15926072001457214,0.9975369572639465,0.5266009569168091
YMR276W,YER087W,0,,0.1591981202363968,0.9975369572639465,0.5268473029136658
YPR011C,YGR281W,0,,0.15913556516170502,0.9975369572639465,0.5270935893058777
YBR195C,YGL046W,0,,0.15907305479049683,0.9975369572639465,0.5273398756980896
YEL069C,YDR159W,0,,0.1590106040239334,0.9975369572639465,0.5275862216949463
YOL155C,YOR215C,0,,0.15894819796085358,0.9975369572639465,0.5278325080871582
YBR196C,YPL027W,0,,0.15888583660125732,0.9975369572639465,0.5280787944793701
YPL276W,YMR078C,0,,0.15882353484630585,0.9975369572639465,0.5283251404762268
YLL019C,YOR098C,0,,0.15876126289367676,0.9975369572639465,0.5285714268684387
YKL093W,YBR222C,0,,0.15869906544685364,0.9975369572639465,0.5288177132606506
YLR043C,YNR044W,0,,0.1586368978023529,0.9975369572639465,0.5290640592575073
YDR172W,YOR232W,0,,0.15857478976249695,0.9975369572639465,0.5293103456497192
YEL069C,YML006C,0,,0.15851272642612457,0.9975369572639465,0.5295566320419312
YIL134W,YPR113W,0,,0.15845070779323578,0.9975369572639465,0.5298029780387878
YPR026W,YPR006C,0,,0.15838873386383057,0.9975369572639465,0.5300492644309998
YHR209W,YLR145W,0,,0.15832681953907013,0.9975369572639465,0.5302955508232117
YOL066C,YBR093C,0,,0.15826494991779327,0.9975369572639465,0.5305418968200684
YDR414C,YBR155W,0,,0.158203125,0.9975369572639465,0.5307881832122803
YDL022W,YJL006C,0,,0.1581413447856903,0.9975369572639465,0.5310344696044922
YGR285C,YOR239W,0,,0.1580796241760254,0.9975369572639465,0.5312808156013489
YOR237W,YGR225W,0,,0.15801794826984406,0.9975369572639465,0.5315271019935608
YJR107W,YPL011C,0,,0.1579563170671463,0.9975369572639465,0.5317733883857727
YLL029W,YLR105C,0,,0.15789473056793213,0.9975369572639465,0.5320196747779846
YMR019W,YLR312W-A,0,,0.15783320367336273,0.9975369572639465,0.5322660207748413
YPL147W,YBR187W,0,,0.15777172148227692,0.9975369572639465,0.5325123071670532
YLR300W,YNL208W,0,,0.15771028399467468,0.9975369572639465,0.5327585935592651
YDR281C,YJR063W,0,,0.15764889121055603,0.9975369572639465,0.5330049395561218
YLR105C,YPL167C,0,,0.15758754312992096,0.9975369572639465,0.5332512259483337
YML028W,YGR077C,0,,0.15752625465393066,0.9975369572639465,0.5334975123405457
YGR056W,YER168C,0,,0.15746501088142395,0.9975369572639465,0.5337438583374023
YER175C,YFR019W,0,,0.15740381181240082,0.9975369572639465,0.5339901447296143
YGR271W,YLR278C,0,,0.15734265744686127,0.9975369572639465,0.5342364311218262
YHR061C,YMR034C,0,,0.1572815477848053,0.9975369572639465,0.5344827771186829
YMR089C,YPR160W,0,,0.1572204977273941,0.9975369572639465,0.5347290635108948
YDL227C,YBL085W,0,,0.1571594923734665,0.9975369572639465,0.5349753499031067
YBR202W,YNR072W,0,,0.15709853172302246,0.9975369572639465,0.5352216958999634
YOL155C,YKL144C,0,,0.157037615776062,0.9975369572639465,0.5354679822921753
YOL038W,YLR264W,0,,0.15697674453258514,0.9975369572639465,0.5357142686843872
YCL036W,YLR330W,0,,0.15691591799259186,0.9975369572639465,0.5359606146812439
YNL261W,YNL208W,0,,0.15685515105724335,0.9975369572639465,0.5362069010734558
YNL006W,YJL117W,0,,0.15679442882537842,0.9975369572639465,0.5364531874656677
YML030W,YFR019W,0,,0.15673375129699707,0.9975369572639465,0.5366995334625244
YNL110C,YPR043W,0,,0.1566731184720993,0.9975369572639465,0.5369458198547363
YER175C,YHR005C-A,0,,0.15661253035068512,0.9975369572639465,0.5371921062469482
YLR285W,YBL026W,0,,0.15655198693275452,0.9975369572639465,0.5374384522438049
YLR314C,YDR508C,0,,0.1564915031194687,0.9975369572639465,0.5376847386360168
YJR070C,YCR012W,0,,0.15643104910850525,0.9975369572639465,0.5379310250282288
YER101C,YMR295C,0,,0.15637065470218658,0.9975369572639465,0.5381773114204407
YKL161C,YDL047W,0,,0.1563103049993515,0.9975369572639465,0.5384236574172974
YNL102W,YPL183W-A,0,,0.15625,0.9975369572639465,0.5386699438095093
YPR113W,YCL024W,0,,0.15618973970413208,0.9975369572639465,0.5389162302017212
YMR097C,YOR142W-A,0,,0.15612952411174774,0.9975369572639465,0.5391625761985779
YPR113W,YDR454C,0,,0.15606936812400818,0.9975369572639465,0.5394088625907898
YBR202W,YPR006C,0,,0.156009241938591,0.9975369572639465,0.5396551489830017
YHR211W,YOL155C,0,,0.1559491753578186,0.9975369572639465,0.5399014949798584
YGL050W,YCR011C,0,,0.1558891385793686,0.9975369572639465,0.5401477813720703
YPR113W,YGL068W,0,,0.15582916140556335,0.9975369572639465,0.5403940677642822
YER150W,YBR238C,0,,0.1557692289352417,0.9975369572639465,0.5406404137611389
YNL236W,YOR275C,0,,0.15570934116840363,0.9975369572639465,0.5408867001533508
YMR295C,YBL092W,0,,0.15564949810504913,0.9975369572639465,0.5411329865455627
YNL314W,YIL020C,0,,0.15558969974517822,0.9975369572639465,0.5413793325424194
YOL165C,YPR083W,0,,0.1555299609899521,0.9975369572639465,0.5416256189346313
YNL232W,YOR222W,0,,0.15547025203704834,0.9975369572639465,0.5418719053268433
YIL061C,YOR237W,0,,0.15541058778762817,0.9975369572639465,0.5421182513237
YJR055W,YGL183C,0,,0.15535098314285278,0.9975369572639465,0.5423645377159119
YNL026W,YLL012W,0,,0.15529140830039978,0.9975369572639465,0.5426108241081238
YLL003W,YGR281W,0,,0.15523189306259155,0.9975369572639465,0.5428571701049805
YER098W,YMR114C,0,,0.1551724076271057,0.9975369572639465,0.5431034564971924
YOR106W,YDR079W,0,,0.15511298179626465,0.9975369572639465,0.5433497428894043
YPL150W,YLR359W,0,,0.15505360066890717,0.9975369572639465,0.543596088886261
YDL059C,YJL071W,0,,0.15499426424503326,0.9975369572639465,0.5438423752784729
YMR173W,YDR444W,0,,0.15493497252464294,0.9975369572639465,0.5440886616706848
YGR052W,YBL011W,0,,0.154875710606575,0.9975369572639465,0.5443349480628967
YJL114W,YMR180C,0,,0.15481650829315186,0.9975369572639465,0.5445812940597534
YFL038C,YOR008C,0,,0.15475735068321228,0.9975369572639465,0.5448275804519653
YMR315W,YLR350W,0,,0.1546982377767563,0.9975369572639465,0.5450738668441772
YJL012C-A,YOR194C,0,,0.15463916957378387,0.9975369572639465,0.5453202128410339
YIR025W,YDL061C,0,,0.15458014607429504,0.9975369572639465,0.5455664992332458
YAL060W,YOR020C,0,,0.154521182179451,0.9975369572639465,0.5458127856254578
YDR381C-A,YOR085W,0,,0.15446224808692932,0.9975369572639465,0.5460591316223145
YBR115C,YFL010W-A,0,,0.15440335869789124,0.9975369572639465,0.5463054180145264
YFL002W-B,YER145C,0,,0.15434451401233673,0.9975369572639465,0.5465517044067383
YKL022C,YBL068W,0,,0.1542857140302658,0.9975369572639465,0.546798050403595
YPL163C,YPL188W,0,,0.15422695875167847,0.9975369572639465,0.5470443367958069
YDL029W,YDR497C,0,,0.1541682481765747,0.9975369572639465,0.5472906231880188
YOL155C,YDR151C,0,,0.15410958230495453,0.9975369572639465,0.5475369691848755
YNL121C,YDR472W,0,,0.15405097603797913,0.9975369572639465,0.5477832555770874
YJL194W,YNR028W,0,,0.1539923995733261,0.9975369572639465,0.5480295419692993
YER138C,YIL159W,0,,0.15393386781215668,0.9975369572639465,0.548275887966156
YJL178C,YDR476C,0,,0.15387538075447083,0.9975369572639465,0.5485221743583679
YER098W,YGL103W,0,,0.15381693840026855,0.9975369572639465,0.5487684607505798
YJL112W,YDR159W,0,,0.15375854074954987,0.9975369572639465,0.5490148067474365
YJR004C,YOL124C,0,,0.15370018780231476,0.9975369572639465,0.5492610931396484
YDR245W,YBR155W,0,,0.15364187955856323,0.9975369572639465,0.5495073795318604
YMR093W,YJR032W,0,,0.1535836160182953,0.9975369572639465,0.5497536659240723
YPR144C,YOL102C,0,,0.15352539718151093,0.9975369572639465,0.550000011920929
YDR460W,YOR283W,0,,0.15346722304821014,0.9975369572639465,0.5502462983131409
YNL131W,YML099C,0,,0.15340909361839294,0.9975369572639465,0.5504925847053528
YFL066C,YGR105W,0,,0.15335100889205933,0.9975369572639465,0.5507389307022095
YJL117W,YML132W,0,,0.1532929539680481,0.9975369572639465,0.5509852170944214
YDR429C,YKR026C,0,,0.15323495864868164,0.9975369572639465,0.5512315034866333
YJR127C,YPR001W,0,,0.15317700803279877,0.9975369572639465,0.55147784948349
YJR127C,YPL252C,0,,0.15311908721923828,0.9975369572639465,0.5517241358757019
YGR144W,YGL148W,0,,0.15306122601032257,0.9975369572639465,0.5519704222679138
YOR209C,YJR133W,0,,0.15300339460372925,0.9975369572639465,0.5522167682647705
YGL212W,YKR035W-A,0,,0.1529456228017807,0.9975369572639465,0.5524630546569824
YIL177C,YLR325C,0,,0.15288788080215454,0.9975369572639465,0.5527093410491943
YBR095C,YJR026W,0,,0.15283018350601196,0.9975369572639465,0.552955687046051
YLR401C,YKL061W,0,,0.15277254581451416,0.9975369572639465,0.5532019734382629
YPL200W,YFR001W,0,,0.15271493792533875,0.9975369572639465,0.5534482598304749
YKL210W,YPL093W,0,,0.1526573747396469,0.9975369572639465,0.5536946058273315
YBL005W-B,YAR031W,0,,0.15259985625743866,0.9975369572639465,0.5539408922195435
YOR274W,YGR027C,0,,0.1525423675775528,0.9975369572639465,0.5541871786117554
YHR074W,YGR070W,0,,0.1524849385023117,0.9975369572639465,0.5544335246086121
YBR238C,YDR497C,0,,0.1524275541305542,0.9975369572639465,0.554679811000824
YNL297C,YOR275C,0,,0.15237019956111908,0.9975369572639465,0.5549260973930359
YPL042C,YDL022W,0,,0.15231290459632874,0.9975369572639465,0.5551724433898926
YGR084C,YJL149W,0,,0.15225563943386078,0.9975369572639465,0.5554187297821045
YGR081C,YNL080C,0,,0.1521984189748764,0.9975369572639465,0.5556650161743164
YCL032W,YER019C-A,0,,0.1521412432193756,0.9975369572639465,0.5559113025665283
YJL005W,YKL041W,0,,0.1520841121673584,0.9975369572639465,0.556157648563385
YDL142C,YDR497C,0,,0.15202702581882477,0.9975369572639465,0.5564039349555969
YHR074W,YDR476C,0,,0.15196998417377472,0.9975369572639465,0.5566502213478088
YCR014C,YDR140W,0,,0.15191297233104706,0.9975369572639465,0.5568965673446655
YOL090W,YNR002C,0,,0.15185602009296417,0.9975369572639465,0.5571428537368774
YKR036C,YDR415C,0,,0.15179909765720367,0.9975369572639465,0.5573891401290894
YOL103W-B,YKL165C,0,,0.15174221992492676,0.9975369572639465,0.557635486125946
YJL004C,YDR261W-A,0,,0.15168538689613342,0.9975369572639465,0.557881772518158
YPL257W-B,YKL082C,0,,0.15162859857082367,0.9975369572639465,0.5581280589103699
YOR237W,YDR494W,0,,0.1515718549489975,0.9975369572639465,0.5583744049072266
YFR045W,YHR174W,0,,0.1515151560306549,0.9975369572639465,0.5586206912994385
YNL274C,YCL003W,0,,0.1514584869146347,0.9975369572639465,0.5588669776916504
YDR081C,YOL062C,0,,0.15140186250209808,0.9975369572639465,0.5591133236885071
YNR017W,YFL035C,0,,0.15134529769420624,0.9975369572639465,0.559359610080719
YDR351W,YLR157C,0,,0.15128876268863678,0.9975369572639465,0.5596058964729309
YOL026C,YNL259C,0,,0.1512322574853897,0.9975369572639465,0.5598522424697876
YNL122C,YIR032C,0,,0.15117581188678741,0.9975369572639465,0.5600985288619995
YPR035W,YGR255C,0,,0.1511193960905075,0.9975369572639465,0.5603448152542114
YFL014W,YDL022W,0,,0.15106303989887238,0.9975369572639465,0.5605911612510681
YML049C,YKL124W,0,,0.15100671350955963,0.9975369572639465,0.56083744764328
YKL206C,YPR138C,0,,0.15095043182373047,0.9975369572639465,0.5610837340354919
YLL033W,YOR285W,0,,0.1508941948413849,0.9975369572639465,0.5613300204277039
YOR054C,YEL029C,0,,0.1508379876613617,0.9975369572639465,0.5615763664245605
YMR013C,YBR129C,0,,0.15078182518482208,0.9975369572639465,0.5618226528167725
YJR127C,YGR109W-B,0,,0.15072572231292725,0.9975369572639465,0.5620689392089844
YKL117W,YGR036C,0,,0.1506696492433548,0.9975369572639465,0.5623152852058411
YJR028W,YNL092W,0,,0.15061360597610474,0.9975369572639465,0.562561571598053
YAL063C,YER019C-A,0,,0.15055762231349945,0.9975369572639465,0.5628078579902649
YCR060W,YPL064C,0,,0.15050166845321655,0.9975369572639465,0.5630542039871216
YOL066C,YGL068W,0,,0.15044575929641724,0.9975369572639465,0.5633004903793335
YOL028C,YGR027C,0,,0.1503898948431015,0.9975369572639465,0.5635467767715454
YBL028C,YKL186C,0,,0.15033407509326935,0.9975369572639465,0.5637931227684021
YLR141W,YKL189W,0,,0.15027830004692078,0.9975369572639465,0.564039409160614
YIR011C,YKL020C,0,,0.1502225548028946,0.9975369572639465,0.5642856955528259
YDL246C,YPR135W,0,,0.150166854262352,0.9975369572639465,0.5645320415496826
YFL057C,YJL192C,0,,0.15011119842529297,0.9975369572639465,0.5647783279418945
YGL203C,YOR355W,0,,0.15005557239055634,0.9975369572639465,0.5650246143341064
YOR292C,YAR035W,0,,0.15000000596046448,0.9975369572639465,0.5652709603309631
YDL246C,YIR005W,0,,0.149944469332695,0.9975369572639465,0.565517246723175
YGR282C,YNL273W,0,,0.14988897740840912,0.9975369572639465,0.565763533115387
YNL231C,YJR032W,0,,0.14983351528644562,0.9975369572639465,0.5660098791122437
YLR394W,YGL030W,0,,0.1497781127691269,0.9975369572639465,0.5662561655044556
YJR051W,YLR401C,0,,0.14972274005413055,0.9975369572639465,0.5665024518966675
YPL252C,YPL011C,0,,0.1496674120426178,0.9975369572639465,0.5667487978935242
YJR010W,YFL001W,0,,0.14961211383342743,0.9975369572639465,0.5669950842857361
YER154W,YDL022W,0,,0.14955687522888184,0.9975369572639465,0.567241370677948
YOR239W,YLR164W,0,,0.14950166642665863,0.9975369572639465,0.5674876570701599
YLR157C,YDR226W,0,,0.1494464874267578,0.9975369572639465,0.5677340030670166
YOL066C,YGL113W,0,,0.14939136803150177,0.9975369572639465,0.5679802894592285
YGR032W,YGR199W,0,,0.14933627843856812,0.9975369572639465,0.5682265758514404
YOL142W,YPL027W,0,,0.14928123354911804,0.9975369572639465,0.5684729218482971
YGR177C,YPL078C,0,,0.14922623336315155,0.9975369572639465,0.568719208240509
YDL055C,YIL020C,0,,0.14917127788066864,0.9975369572639465,0.568965494632721
YDL206W,YOL062C,0,,0.14911635220050812,0.9975369572639465,0.5692118406295776
YLR404W,YBR222C,0,,0.14906147122383118,0.9975369572639465,0.5694581270217896
YOR311C,YHR168W,0,,0.14900662004947662,0.9975369572639465,0.5697044134140015
YDL227C,YKR102W,0,,0.14895181357860565,0.9975369572639465,0.5699507594108582
YGL203C,YJR026W,0,,0.14889705181121826,0.9975369572639465,0.5701970458030701
YOR054C,YPL011C,0,,0.14884233474731445,0.9975369572639465,0.570443332195282
YPR006C,YDR151C,0,,0.14878766238689423,0.9975369572639465,0.5706896781921387
YKL126W,YLR042C,0,,0.1487330198287964,0.9975369572639465,0.5709359645843506
YDL202W,YLR316C,0,,0.14867840707302094,0.9975369572639465,0.5711822509765625
YDR026C,YGL037C,0,,0.14862385392189026,0.9975369572639465,0.5714285969734192
YJR151C,YLR440C,0,,0.14856933057308197,0.9975369572639465,0.5716748833656311
YOR147W,YKL001C,0,,0.14851485192775726,0.9975369572639465,0.571921169757843
YBR111W-A,YOR025W,0,,0.14846041798591614,0.9975369572639465,0.5721675157546997
YMR123W,YDR263C,0,,0.1484060138463974,0.9975369572639465,0.5724138021469116
YBR202W,YDR457W,0,,0.14835165441036224,0.9975369572639465,0.5726600885391235
YLR344W,YJR040W,0,,0.14829732477664948,0.9975369572639465,0.5729063749313354
YMR019W,YGR112W,0,,0.1482430398464203,0.9975369572639465,0.5731527209281921
YPL127C,YOR020C,0,,0.14818879961967468,0.9975369572639465,0.573399007320404
YEL053C,YIL048W,0,,0.14813460409641266,0.9975369572639465,0.573645293712616
YKL171W,YML109W,0,,0.14808043837547302,0.9975369572639465,0.5738916397094727
YGR169C,YOL040C,0,,0.14802631735801697,0.9975369572639465,0.5741379261016846
YMR321C,YHR168W,0,,0.1479722261428833,0.9975369572639465,0.5743842124938965
YBL085W,YDL083C,0,,0.1479181945323944,0.9975369572639465,0.5746305584907532
YOL101C,YDR364C,0,,0.1478641778230667,0.9975369572639465,0.5748768448829651
YDR310C,YGR175C,0,,0.1478102207183838,0.9975369572639465,0.575123131275177
YDR240C,YJR140C,0,,0.14775629341602325,0.9975369572639465,0.5753694772720337
YHR056C,YNL006W,0,,0.1477024108171463,0.9975369572639465,0.5756157636642456
YDR378C,YAL038W,0,,0.14764855802059174,0.9975369572639465,0.5758620500564575
YPL002C,YOR215C,0,,0.14759474992752075,0.9975369572639465,0.5761083960533142
YMR203W,YMR240C,0,,0.14754098653793335,0.9975369572639465,0.5763546824455261
YKL205W,YNL298W,0,,0.14748725295066833,0.9975369572639465,0.576600968837738
YOL129W,YKL124W,0,,0.1474335640668869,0.9975369572639465,0.5768473148345947
YEL052W,YHR175W,0,,0.14737991988658905,0.9975369572639465,0.5770936012268066
YOR216C,YDR353W,0,,0.1473263055086136,0.9975369572639465,0.5773398876190186
YER117W,YGL051W,0,,0.1472727209329605,0.9975369572639465,0.5775862336158752
YOR297C,YNL219C,0,,0.1472191959619522,0.9975369572639465,0.5778325200080872
YFL011W-A,YDR138W,0,,0.1471657007932663,0.9975369572639465,0.5780788064002991
YOR206W,YJR053W,0,,0.14711223542690277,0.9975369572639465,0.5783251523971558
YKL041W,YJL187C,0,,0.14705882966518402,0.9975369572639465,0.5785714387893677
YKL007W,YPL122C,0,,0.14700543880462646,0.9975369572639465,0.5788177251815796
YFR018C,YDR416W,0,,0.14695210754871368,0.9975369572639465,0.5790640115737915
YLL045C,YPR043W,0,,0.1468988060951233,0.9975369572639465,0.5793103575706482
YGR056W,YBR118W,0,,0.14684553444385529,0.9975369572639465,0.5795566439628601
YKL170W,YDR218C,0,,0.14679232239723206,0.9975369572639465,0.579802930355072
YKL078W,YNL307C,0,,0.14673912525177002,0.9975369572639465,0.5800492763519287
YLR440C,YMR239C,0,,0.14668598771095276,0.9975369572639465,0.5802955627441406
YJR138W,YDR172W,0,,0.14663287997245789,0.9975369572639465,0.5805418491363525
YPL167C,YDR373W,0,,0.1465798020362854,0.9975369572639465,0.5807881951332092
YDR405W,YLR251W,0,,0.1465267688035965,0.9975369572639465,0.5810344815254211
YBR042C,YDR226W,0,,0.14647378027439117,0.9975369572639465,0.5812807679176331
YLR291C,YJL071W,0,,0.14642082154750824,0.9975369572639465,0.5815271139144897
YGR288W,YLR033W,0,,0.1463679075241089,0.9975369572639465,0.5817734003067017
YDR419W,YNL079C,0,,0.14631502330303192,0.9975369572639465,0.5820196866989136
YGL256W,YGL174W,0,,0.14626218378543854,0.9975369572639465,0.5822660326957703
YMR087W,YGR179C,0,,0.14620938897132874,0.9975369572639465,0.5825123190879822
YPL127C,YKR068C,0,,0.14615662395954132,0.9975369572639465,0.5827586054801941
YMR169C,YDR211W,0,,0.1461038887500763,0.9975369572639465,0.5830049514770508
YFR019W,YIR005W,0,,0.14605121314525604,0.9975369572639465,0.5832512378692627
YGL170C,YDR416W,0,,0.14599855244159698,0.9975369572639465,0.5834975242614746
YDR371W,YGL233W,0,,0.1459459513425827,0.9975369572639465,0.5837438702583313
YGR070W,YMR115W,0,,0.14589336514472961,0.9975369572639465,0.5839901566505432
YGR282C,YER154W,0,,0.1458408385515213,0.9975369572639465,0.5842364430427551
YOL028C,YOR340C,0,,0.14578834176063538,0.9975369572639465,0.584482729434967
YNR067C,YDR229W,0,,0.14573587477207184,0.9975369572639465,0.5847290754318237
YPR162C,YOR261C,0,,0.14568345248699188,0.9975369572639465,0.5849753618240356
YOR283W,YOR311C,0,,0.1456310749053955,0.9975369572639465,0.5852216482162476
YDR059C,YLR113W,0,,0.14557872712612152,0.9975369572639465,0.5854679942131042
YDR371W,YDL055C,0,,0.14552640914916992,0.9975369572639465,0.5857142806053162
YIR025W,YIL017W,0,,0.1454741358757019,0.9975369572639465,0.5859605669975281
YMR123W,YEL031W,0,,0.14542190730571747,0.9975369572639465,0.5862069129943848
YAR035W,YDR461W,0,,0.14536970853805542,0.9975369572639465,0.5864531993865967
YGL083W,YDR174W,0,,0.14531753957271576,0.9975369572639465,0.5866994857788086
YDL140C,YOR099W,0,,0.14526543021202087,0.9975369572639465,0.5869458317756653
YHR056C,YBR192W,0,,0.14521333575248718,0.9975369572639465,0.5871921181678772
YLR160C,YBL092W,0,,0.14516128599643707,0.9975369572639465,0.5874384045600891
YNL044W,YFR052W,0,,0.14510928094387054,0.9975369572639465,0.5876847505569458
YJR147W,YAL038W,0,,0.1450573056936264,0.9975369572639465,0.5879310369491577
YBR172C,YMR087W,0,,0.14500537514686584,0.9975369572639465,0.5881773233413696
YDR460W,YMR089C,0,,0.14495347440242767,0.9975369572639465,0.5884236693382263
YCL018W,YPL163C,0,,0.1449016034603119,0.9975369572639465,0.5886699557304382
YCL074W,YBR081C,0,,0.14484979212284088,0.9975369572639465,0.5889162421226501
YMR315W,YIL135C,0,,0.14479799568653107,0.9975369572639465,0.5891625881195068
YOR388C,YKL210W,0,,0.14474624395370483,0.9975369572639465,0.5894088745117188
YGR052W,YKR008W,0,,0.14469453692436218,0.9975369572639465,0.5896551609039307
YLR447C,YDL179W,0,,0.14464285969734192,0.9975369572639465,0.5899015069007874
YDL208W,YPR133W-A,0,,0.14459121227264404,0.9975369572639465,0.5901477932929993
YDL028C,YGL174W,0,,0.14453960955142975,0.9975369572639465,0.5903940796852112
YLR105C,YPL065W,0,,0.14448805153369904,0.9975369572639465,0.5906403660774231
YOL112W,YMR032W,0,,0.1444365233182907,0.9975369572639465,0.5908867120742798
YHR047C,YPL087W,0,,0.14438502490520477,0.9975369572639465,0.5911329984664917
YDR371W,YDL179W,0,,0.14433357119560242,0.9975369572639465,0.5913792848587036
YIL002C,YER185W,0,,0.14428214728832245,0.9975369572639465,0.5916256308555603
YJR040W,YNL219C,0,,0.14423076808452606,0.9975369572639465,0.5918719172477722
YEL037C,YDR229W,0,,0.14417941868305206,0.9975369572639465,0.5921182036399841
YHR069C,YGR134W,0,,0.14412811398506165,0.9975369572639465,0.5923645496368408
YLL034C,YGL019W,0,,0.14407683908939362,0.9975369572639465,0.5926108360290527
YIL083C,YGR072W,0,,0.14402560889720917,0.9975369572639465,0.5928571224212646
YPR200C,YJL029C,0,,0.1439744085073471,0.9975369572639465,0.5931034684181213
YER138C,YBR257W,0,,0.14392323791980743,0.9975369572639465,0.5933497548103333
YJR055W,YNL026W,0,,0.14387211203575134,0.9975369572639465,0.5935960412025452
YIL142W,YGR167W,0,,0.14382101595401764,0.9975369572639465,0.5938423871994019
YMR013C,YJR063W,0,,0.14376996457576752,0.9975369572639465,0.5940886735916138
YOR310C,YBL089W,0,,0.14371894299983978,0.9975369572639465,0.5943349599838257
YER101C,YJL095W,0,,0.14366796612739563,0.9975369572639465,0.5945813059806824
YEL053C,YGR214W,0,,0.14361701905727386,0.9975369572639465,0.5948275923728943
YOL045W,YDR062W,0,,0.14356611669063568,0.9975369572639465,0.5950738787651062
YJR004C,YDR498C,0,,0.14351524412631989,0.9975369572639465,0.5953202247619629
YIR011C,YLR227W-B,0,,0.14346440136432648,0.9975369572639465,0.5955665111541748
YOL057W,YGL180W,0,,0.14341360330581665,0.9975369572639465,0.5958127975463867
YJR021C,YDR332W,0,,0.1433628350496292,0.9975369572639465,0.5960590839385986
YDR383C,YGR070W,0,,0.14331209659576416,0.9975369572639465,0.5963054299354553
YBL085W,YPR163C,0,,0.1432614028453827,0.9975369572639465,0.5965517163276672
YOR287C,YPR187W,0,,0.1432107537984848,0.9975369572639465,0.5967980027198792
YML032C,YOR142W-A,0,,0.1431601345539093,0.9975369572639465,0.5970443487167358
YLR080W,YER019C-A,0,,0.1431095451116562,0.9975369572639465,0.5972906351089478
YGR145W,YOR089C,0,,0.14305898547172546,0.9975369572639465,0.5975369215011597
YOL165C,YAL039C,0,,0.14300847053527832,0.9975369572639465,0.5977832674980164
YGR221C,YMR203W,0,,0.14295800030231476,0.9975369572639465,0.5980295538902283
YDR411C,YMR090W,0,,0.1429075449705124,0.9975369572639465,0.5982758402824402
YDR195W,YLR160C,0,,0.1428571492433548,0.9975369572639465,0.5985221862792969
YOL086C,YLR410W-A,0,,0.1428067684173584,0.9975369572639465,0.5987684726715088
YDR174W,YDR494W,0,,0.14275643229484558,0.9975369572639465,0.5990147590637207
YMR227C,YGL174W,0,,0.14270612597465515,0.9975369572639465,0.5992611050605774
YER101C,YOR378W,0,,0.1426558643579483,0.9975369572639465,0.5995073914527893
YDL179W,YCL034W,0,,0.14260563254356384,0.9975369572639465,0.5997536778450012
YLR182W,YGL163C,0,,0.14255544543266296,0.9975369572639465,0.6000000238418579
YDR494W,YJL178C,0,,0.14250527322292328,0.9975369572639465,0.6002463102340698
YJL005W,YPR001W,0,,0.14245514571666718,0.9975369572639465,0.6004925966262817
YBR002C,YEL037C,0,,0.14240506291389465,0.9975369572639465,0.6007389426231384
YBR002C,YOR239W,0,,0.14235500991344452,0.9975369572639465,0.6009852290153503
YDR527W,YNL202W,0,,0.14230498671531677,0.9975369572639465,0.6012315154075623
YGL186C,YKL168C,0,,0.1422550082206726,0.9975369572639465,0.601477861404419
YOL107W,YIR005W,0,,0.14220505952835083,0.9975369572639465,0.6017241477966309
YDL045W-A,YER125W,0,,0.14215514063835144,0.9975369572639465,0.6019704341888428
YEL052W,YGR216C,0,,0.14210526645183563,0.9975369572639465,0.6022167205810547
YMR136W,YGL163C,0,,0.1420554220676422,0.9975369572639465,0.6024630665779114
YPR149W,YOR340C,0,,0.14200560748577118,0.9975369572639465,0.6027093529701233
YBR155W,YPL112C,0,,0.14195583760738373,0.9975369572639465,0.6029556393623352
YPR119W,YLR350W,0,,0.14190609753131866,0.9975369572639465,0.6032019853591919
YOR343W-B,YPL131W,0,,0.141856387257576,0.9975369572639465,0.6034482717514038
YGR056W,YKL096W-A,0,,0.1418067216873169,0.9975369572639465,0.6036945581436157
YJL034W,YDR254W,0,,0.1417570859193802,0.9975369572639465,0.6039409041404724
YNR067C,YCL025C,0,,0.14170749485492706,0.9975369572639465,0.6041871905326843
YJR028W,YDR461W,0,,0.14165791869163513,0.9975369572639465,0.6044334769248962
YKL200C,YDR381C-A,0,,0.14160838723182678,0.9975369572639465,0.6046798229217529
YER022W,YPR190C,0,,0.14155890047550201,0.9975369572639465,0.6049261093139648
YLR289W,YMR093W,0,,0.14150942862033844,0.9975369572639465,0.6051723957061768
YNL052W,YDL208W,0,,0.14146000146865845,0.9975369572639465,0.6054187417030334
YDR383C,YJL011C,0,,0.14141061902046204,0.9975369572639465,0.6056650280952454
YMR123W,YAL063C,0,,0.14136125147342682,0.9975369572639465,0.6059113144874573
YMR228W,YER087W,0,,0.14131192862987518,0.9975369572639465,0.606157660484314
YNL230C,YML056C,0,,0.14126265048980713,0.9975369572639465,0.6064039468765259
YJL005W,YOL155C,0,,0.14121338725090027,0.9975369572639465,0.6066502332687378
YHR119W,YAL040C,0,,0.141164168715477,0.9975369572639465,0.6068965792655945
YOR219C,YBL085W,0,,0.1411149799823761,0.9975369572639465,0.6071428656578064
YLR209C,YMR296C,0,,0.1410658359527588,0.9975369572639465,0.6073891520500183
YBR059C,YDR076W,0,,0.14101670682430267,0.9975369572639465,0.6076354384422302
YDL036C,YLR300W,0,,0.14096762239933014,0.9975369572639465,0.6078817844390869
YGR282C,YNL309W,0,,0.1409185826778412,0.9975369572639465,0.6081280708312988
YHR061C,YML099C,0,,0.14086955785751343,0.9975369572639465,0.6083743572235107
YER013W,YMR180C,0,,0.14082057774066925,0.9975369572639465,0.6086207032203674
YJR021C,YNL202W,0,,0.14077164232730865,0.9975369572639465,0.6088669896125793
YPR135W,YOR219C,0,,0.14072272181510925,0.9975369572639465,0.6091132760047913
YGR221C,YOR020C,0,,0.14067384600639343,0.9975369572639465,0.609359622001648
YMR054W,YLR251W,0,,0.140625,0.9975369572639465,0.6096059083938599
YLR141W,YLR163C,0,,0.14057618379592896,0.9975369572639465,0.6098521947860718
YOR142W-A,YLR005W,0,,0.1405274122953415,0.9975369572639465,0.6100985407829285
YOL004W,YLR088W,0,,0.14047867059707642,0.9975369572639465,0.6103448271751404
YJL114W,YKL126W,0,,0.14042995870113373,0.9975369572639465,0.6105911135673523
YOL155C,YGR113W,0,,0.14038127660751343,0.9975369572639465,0.610837459564209
YNR017W,YKL189W,0,,0.1403326392173767,0.9975369572639465,0.6110837459564209
YCL057W,YML132W,0,,0.14028403162956238,0.9975369572639465,0.6113300323486328
YHR211W,YKL085W,0,,0.14023545384407043,0.9975369572639465,0.6115763783454895
YML030W,YMR090W,0,,0.14018692076206207,0.9975369572639465,0.6118226647377014
YEL043W,YJR133W,0,,0.1401384025812149,0.9975369572639465,0.6120689511299133
YPL099C,YNR044W,0,,0.14008992910385132,0.9975369572639465,0.61231529712677
YGR036C,YJL053W,0,,0.1400415003299713,0.9975369572639465,0.6125615835189819
YLR009W,YLR394W,0,,0.1399930864572525,0.9975369572639465,0.6128078699111938
YJR005W,YFL017W-A,0,,0.13994471728801727,0.9975369572639465,0.6130542159080505
YGR246C,YOR219C,0,,0.13989637792110443,0.9975369572639465,0.6133005023002625
YAL060W,YOL107W,0,,0.13984806835651398,0.9975369572639465,0.6135467886924744
YMR137C,YPR163C,0,,0.1397997885942459,0.9975369572639465,0.6137930750846863
YGR251W,YJL187C,0,,0.13975155353546143,0.9975369572639465,0.614039421081543
YBR202W,YPL042C,0,,0.13970334827899933,0.9975369572639465,0.6142857074737549
YDL024C,YDR226W,0,,0.13965517282485962,0.9975369572639465,0.6145319938659668
YBL005W-B,YPR187W,0,,0.1396070271730423,0.9975369572639465,0.6147783398628235
YBR202W,YJL191W,0,,0.13955892622470856,0.9975369572639465,0.6150246262550354
YFR033C,YEL029C,0,,0.1395108550786972,0.9975369572639465,0.6152709126472473
YPR001W,YLR391W-A,0,,0.13946281373500824,0.9975369572639465,0.615517258644104
YGR081C,YLR187W,0,,0.13941480219364166,0.9975369572639465,0.6157635450363159
YDR059C,YKR101W,0,,0.13936682045459747,0.9975369572639465,0.6160098314285278
YDR167W,YOL093W,0,,0.13931888341903687,0.9975369572639465,0.6162561774253845
YLL012W,YIL042C,0,,0.13927097618579865,0.9975369572639465,0.6165024638175964
YNL192W,YDR332W,0,,0.1392230987548828,0.9975369572639465,0.6167487502098083
YKL217W,YBR145W,0,,0.13917525112628937,0.9975369572639465,0.616995096206665
YPR194C,YCR014C,0,,0.1391274482011795,0.9975369572639465,0.617241382598877
YKL161C,YDL077C,0,,0.13907967507839203,0.9975369572639465,0.6174876689910889
YDL133C-A,YDR472W,0,,0.13903193175792694,0.9975369572639465,0.6177340149879456
YMR284W,YJL144W,0,,0.13898421823978424,0.9975369572639465,0.6179803013801575
YNR018W,YJL171C,0,,0.13893653452396393,0.9975369572639465,0.6182265877723694
YPR072W,YLR404W,0,,0.1388888955116272,0.9975369572639465,0.6184729337692261
YJR005W,YGR155W,0,,0.13884127140045166,0.9975369572639465,0.618719220161438
YBR111W-A,YBR281C,0,,0.1387936919927597,0.9975369572639465,0.6189655065536499
YHR047C,YDL140C,0,,0.13874614238739014,0.9975369572639465,0.6192117929458618
YDL107W,YBR120C,0,,0.13869863748550415,0.9975369572639465,0.6194581389427185
YJL012C-A,YKR002W,0,,0.13865114748477936,0.9975369572639465,0.6197044253349304
YKR008W,YHR074W,0,,0.13860370218753815,0.9975369572639465,0.6199507117271423
YMR321C,YBL076C,0,,0.13855627179145813,0.9975369572639465,0.620197057723999
YOR304W,YML080W,0,,0.1385088860988617,0.9975369572639465,0.6204433441162109
YDR167W,YCL043C,0,,0.13846154510974884,0.9975369572639465,0.6206896305084229
YKR103W,YOR123C,0,,0.13841421902179718,0.9975369572639465,0.6209359765052795
YBR031W,YHR082C,0,,0.1383669227361679,0.9975369572639465,0.6211822628974915
YLR305C,YGL212W,0,,0.13831967115402222,0.9975369572639465,0.6214285492897034
YIL159W,YKR068C,0,,0.1382724493741989,0.9975369572639465,0.6216748952865601
YLR314C,YER055C,0,,0.138225257396698,0.9975369572639465,0.621921181678772
YIL140W,YFR019W,0,,0.13817809522151947,0.9975369572639465,0.6221674680709839
YDL024C,YMR090W,0,,0.13813096284866333,0.9975369572639465,0.6224138140678406
YGR221C,YBL076C,0,,0.13808387517929077,0.9975369572639465,0.6226601004600525
YLR157C,YKR008W,0,,0.1380368024110794,0.9975369572639465,0.6229063868522644
YKL117W,YMR159C,0,,0.13798977434635162,0.9975369572639465,0.6231527328491211
YIL061C,YLR350W,0,,0.13794277608394623,0.9975369572639465,0.623399019241333
YMR169C,YKL182W,0,,0.13789580762386322,0.9975369572639465,0.6236453056335449
YER049W,YPL082C,0,,0.1378488838672638,0.9975369572639465,0.6238916516304016
YNL262W,YNL284C,0,,0.13780197501182556,0.9975369572639465,0.6241379380226135
YPL129W,YJL095W,0,,0.13775509595870972,0.9975369572639465,0.6243842244148254
YGL010W,YKL210W,0,,0.13770826160907745,0.9975369572639465,0.6246305704116821
YAL033W,YNL006W,0,,0.13766145706176758,0.9975369572639465,0.624876856803894
YPR135W,YOR232W,0,,0.1376146823167801,0.9975369572639465,0.625123143196106
YAL054C,YGL259W,0,,0.137567937374115,0.9975369572639465,0.6253694295883179
YOL082W,YFL021W,0,,0.13752122223377228,0.9975369572639465,0.6256157755851746
YDR285W,YMR300C,0,,0.13747453689575195,0.9975369572639465,0.6258620619773865
YGR288W,YPR091C,0,,0.1374278962612152,0.9975369572639465,0.6261083483695984
YDL140C,YLR359W,0,,0.13738127052783966,0.9975369572639465,0.6263546943664551
YDL029W,YDR146C,0,,0.1373346894979477,0.9975369572639465,0.626600980758667
YDR263C,YIL047C,0,,0.1372881382703781,0.9975369572639465,0.6268472671508789
YPR189W,YBR111W-A,0,,0.13724161684513092,0.9975369572639465,0.6270936131477356
YNL070W,YGL233W,0,,0.13719512522220612,0.9975369572639465,0.6273398995399475
YIL170W,YLR264W,0,,0.1371486634016037,0.9975369572639465,0.6275861859321594
YBL113C,YJL176C,0,,0.13710223138332367,0.9975369572639465,0.6278325319290161
YPL139C,YNL259C,0,,0.13705584406852722,0.9975369572639465,0.628078818321228
YBR202W,YDL148C,0,,0.13700947165489197,0.9975369572639465,0.6283251047134399
YBR238C,YBL098W,0,,0.1369631439447403,0.9975369572639465,0.6285714507102966
YKR102W,YFL017W-A,0,,0.13691683113574982,0.9975369572639465,0.6288177371025085
YNL110C,YOL104C,0,,0.13687056303024292,0.9975369572639465,0.6290640234947205
YHR061C,YKL172W,0,,0.1368243247270584,0.9975369572639465,0.6293103694915771
YKL182W,YBR031W,0,,0.1367781162261963,0.9975369572639465,0.6295566558837891
YLR157C,YLR316C,0,,0.13673193752765656,0.9975369572639465,0.629802942276001
YOR304C-A,YKL020C,0,,0.1366857886314392,0.9975369572639465,0.6300492882728577
YLR244C,YBL079W,0,,0.13663966953754425,0.9975369572639465,0.6302955746650696
YDL061C,YNL032W,0,,0.13659359514713287,0.9975369572639465,0.6305418610572815
YJL141C,YER046W,0,,0.1365475356578827,0.9975369572639465,0.6307882070541382
YKL013C,YDL140C,0,,0.1365015208721161,0.9975369572639465,0.6310344934463501
YJL087C,YER087W,0,,0.13645552098751068,0.9975369572639465,0.631280779838562
YDR411C,YER171W,0,,0.13640956580638885,0.9975369572639465,0.6315270662307739
YNL314W,YEL070W,0,,0.13636364042758942,0.9975369572639465,0.6317734122276306
YOL090W,YPL218W,0,,0.13631774485111237,0.9975369572639465,0.6320196986198425
YCR030C,YLR353W,0,,0.1362718641757965,0.9975369572639465,0.6322659850120544
YNL236W,YBR042C,0,,0.13622602820396423,0.9975369572639465,0.6325123310089111
YJR006W,YNL052W,0,,0.13618022203445435,0.9975369572639465,0.632758617401123
YKL182W,YML132W,0,,0.13613446056842804,0.9975369572639465,0.633004903793335
YGL083W,YBR260C,0,,0.13608871400356293,0.9975369572639465,0.6332512497901917
YNL160W,YNL079C,0,,0.1360429972410202,0.9975369572639465,0.6334975361824036
YGR034W,YNR018W,0,,0.13599731028079987,0.9975369572639465,0.6337438225746155
YBL041W,YJL144W,0,,0.1359516680240631,0.9975369572639465,0.6339901685714722
YGR081C,YOR216C,0,,0.13590604066848755,0.9975369572639465,0.6342364549636841
YKL009W,YHR119W,0,,0.13586044311523438,0.9975369572639465,0.634482741355896
YIL139C,YML080W,0,,0.13581489026546478,0.9975369572639465,0.6347290873527527
YPL110C,YBR238C,0,,0.13576935231685638,0.9975369572639465,0.6349753737449646
YLR228C,YPL098C,0,,0.13572385907173157,0.9975369572639465,0.6352216601371765
YMR112C,YLR429W,0,,0.13567839562892914,0.9975369572639465,0.6354680061340332
YCL018W,YJR036C,0,,0.1356329470872879,0.9975369572639465,0.6357142925262451
YPL134C,YMR301C,0,,0.13558754324913025,0.9975369572639465,0.635960578918457
YLR042C,YNL078W,0,,0.13554216921329498,0.9975369572639465,0.6362069249153137
YPR113W,YKL085W,0,,0.1354968249797821,0.9975369572639465,0.6364532113075256
YDL171C,YLR264W,0,,0.1354515105485916,0.9975369572639465,0.6366994976997375
YNL147W,YDR497C,0,,0.1354062259197235,0.9975369572639465,0.6369457840919495
YNL107W,YNR057C,0,,0.1353609561920166,0.9975369572639465,0.6371921300888062
YBR095C,YJL085W,0,,0.13531573116779327,0.9975369572639465,0.6374384164810181
YDR144C,YCR002C,0,,0.13527053594589233,0.9975369572639465,0.63768470287323
YER151C,YGL094C,0,,0.13522537052631378,0.9975369572639465,0.6379310488700867
YKL082C,YLR264W,0,,0.13518023490905762,0.9975369572639465,0.6381773352622986
YGL236C,YGR084C,0,,0.13513512909412384,0.9975369572639465,0.6384236216545105
YHR077C,YHL027W,0,,0.13509005308151245,0.9975369572639465,0.6386699676513672
YPL094C,YKL201C,0,,0.13504502177238464,0.9975369572639465,0.6389162540435791
YDL227C,YMR172W,0,,0.13500000536441803,0.9975369572639465,0.639162540435791
YMR300C,YJR040W,0,,0.1349550187587738,0.9975369572639465,0.6394088864326477
YPL094C,YBL113C,0,,0.13491006195545197,0.9975369572639465,0.6396551728248596
YAL033W,YJL060W,0,,0.13486513495445251,0.9975369572639465,0.6399014592170715
YMR114C,YER115C,0,,0.13482023775577545,0.9975369572639465,0.6401478052139282
YGL083W,YDR404C,0,,0.13477537035942078,0.9975369572639465,0.6403940916061401
YEL041W,YGL220W,0,,0.1347305327653885,0.9975369572639465,0.640640377998352
YBR066C,YPL180W,0,,0.13468573987483978,0.9975369572639465,0.6408867239952087
YJL225C,YOL028C,0,,0.13464096188545227,0.9975369572639465,0.6411330103874207
YMR117C,YFL017W-A,0,,0.13459621369838715,0.9975369572639465,0.6413792967796326
YDR254W,YCR055C,0,,0.1345514953136444,0.9975369572639465,0.6416256427764893
YLR160C,YFL021W,0,,0.13450680673122406,0.9975369572639465,0.6418719291687012
YER162C,YBR072W,0,,0.1344621479511261,0.9975369572639465,0.6421182155609131
YJL087C,YDR233C,0,,0.13441751897335052,0.9975369572639465,0.6423645615577698
YDR263C,YDR205W,0,,0.13437291979789734,0.9975369572639465,0.6426108479499817
YOR299W,YIL042C,0,,0.13432836532592773,0.9975369572639465,0.6428571343421936
YDL111C,YIL080W,0,,0.13428382575511932,0.9975369572639465,0.6431034207344055
YAL017W,YNL175C,0,,0.1342393159866333,0.9975369572639465,0.6433497667312622
YIL142W,YNL284C,0,,0.13419483602046967,0.9975369572639465,0.6435960531234741
YMR272C,YPR119W,0,,0.13415038585662842,0.9975369572639465,0.643842339515686
YER117W,YIL017W,0,,0.13410596549510956,0.9975369572639465,0.6440886855125427
YKR066C,YGR077C,0,,0.13406157493591309,0.9975369572639465,0.6443349719047546
YDR512C,YDR492W,0,,0.134017214179039,0.9975369572639465,0.6445812582969666
YIL006W,YBL034C,0,,0.1339728683233261,0.9975369572639465,0.6448276042938232
YOR142W-B,YHR168W,0,,0.1339285671710968,0.9975369572639465,0.6450738906860352
YJL103C,YLR309C,0,,0.13388429582118988,0.9975369572639465,0.6453201770782471
YEL062W,YJL085W,0,,0.13384005427360535,0.9975369572639465,0.6455665230751038
YBR059C,YBR129C,0,,0.1337958425283432,0.9975369572639465,0.6458128094673157
YGR246C,YBR145W,0,,0.13375164568424225,0.9975369572639465,0.6460590958595276
YDR072C,YDR353W,0,,0.13370749354362488,0.9975369572639465,0.6463054418563843
YGR056W,YER013W,0,,0.1336633712053299,0.9975369572639465,0.6465517282485962
YOR340C,YMR268W-A,0,,0.1336192637681961,0.9975369572639465,0.6467980146408081
YJR010W,YOR084W,0,,0.1335752010345459,0.9975369572639465,0.6470443606376648
YBL058W,YMR032W,0,,0.13353115320205688,0.9975369572639465,0.6472906470298767
YKR008W,YLR208W,0,,0.13348715007305145,0.9975369572639465,0.6475369334220886
YMR272C,YGR276C,0,,0.13344316184520721,0.9975369572639465,0.6477832794189453
YLL003W,YNL078W,0,,0.13339920341968536,0.9975369572639465,0.6480295658111572
YEL031W,YKL074C,0,,0.1333552896976471,0.9975369572639465,0.6482758522033691
YCR060W,YBR026C,0,,0.13331139087677002,0.9975369572639465,0.648522138595581
YEL069C,YHR214C-B,0,,0.13326752185821533,0.9975369572639465,0.6487684845924377
YDR454C,YDR403W,0,,0.13322368264198303,0.9975369572639465,0.6490147709846497
YDL216C,YLR033W,0,,0.13317987322807312,0.9975369572639465,0.6492610573768616
YLR390W,YMR295C,0,,0.1331360936164856,0.9975369572639465,0.6495074033737183
YDR030C,YJL149W,0,,0.13309234380722046,0.9975369572639465,0.6497536897659302
YGL062W,YBL089W,0,,0.1330486238002777,0.9975369572639465,0.6499999761581421
YGR268C,YLR209C,0,,0.13300491869449615,0.9975369572639465,0.6502463221549988
YDR383C,YNR057C,0,,0.13296125829219818,0.9975369572639465,0.6504926085472107
YKL074C,YNR060W,0,,0.1329176276922226,0.9975369572639465,0.6507388949394226
YOL054W,YEL041W,0,,0.1328740119934082,0.9975369572639465,0.6509852409362793
YIL108W,YGR185C,0,,0.1328304409980774,0.9975369572639465,0.6512315273284912
YPR072W,YOL082W,0,,0.13278688490390778,0.9975369572639465,0.6514778137207031
YNL267W,YJL103C,0,,0.13274335861206055,0.9975369572639465,0.6517241597175598
YIR005W,YDL148C,0,,0.1326998621225357,0.9975369572639465,0.6519704461097717
YDL111C,YCR055C,0,,0.13265641033649445,0.9975369572639465,0.6522167325019836
YLR359W,YNL026W,0,,0.13261297345161438,0.9975369572639465,0.6524630784988403
YAR027W,YJL079C,0,,0.1325695514678955,0.9975369572639465,0.6527093648910522
YHR179W,YHR132C,0,,0.13252617418766022,0.9975369572639465,0.6529556512832642
YLR029C,YBR052C,0,,0.13248282670974731,0.9975369572639465,0.6532019972801208
YJR107W,YPL213W,0,,0.1324395090341568,0.9975369572639465,0.6534482836723328
YPR194C,YLL061W,0,,0.13239620625972748,0.9975369572639465,0.6536945700645447
YDR416W,YOL151W,0,,0.13235294818878174,0.9975369572639465,0.6539409160614014
YJL011C,YPL252C,0,,0.1323097050189972,0.9975369572639465,0.6541872024536133
YMR054W,YDR497C,0,,0.13226649165153503,0.9975369572639465,0.6544334888458252
YLR050C,YCR012W,0,,0.13222330808639526,0.9975369572639465,0.6546797752380371
YGR252W,YKR036C,0,,0.13218015432357788,0.9975369572639465,0.6549261212348938
YNL223W,YLR016C,0,,0.13213703036308289,0.9975369572639465,0.6551724076271057
YNL085W,YOR098C,0,,0.13209393620491028,0.9975369572639465,0.6554186940193176
YMR321C,YER002W,0,,0.13205085694789886,0.9975369572639465,0.6556650400161743
YPL087W,YNL259C,0,,0.13200782239437103,0.9975369572639465,0.6559113264083862
YKL144C,YLR330W,0,,0.1319648027420044,0.9975369572639465,0.6561576128005981
YML097C,YBL076C,0,,0.13192182779312134,0.9975369572639465,0.6564039587974548
YER008C,YNR002C,0,,0.13187886774539948,0.9975369572639465,0.6566502451896667
YGR109W-B,YBL092W,0,,0.1318359375,0.9975369572639465,0.6568965315818787
YCL025C,YER104W,0,,0.1317930370569229,0.9975369572639465,0.6571428775787354
YPR035W,YDL055C,0,,0.1317501664161682,0.9975369572639465,0.6573891639709473
YGR258C,YPL252C,0,,0.1317073106765747,0.9975369572639465,0.6576354503631592
YIL002C,YJL166W,0,,0.13166449964046478,0.9975369572639465,0.6578817963600159
YOR212W,YGR255C,0,,0.13162170350551605,0.9975369572639465,0.6581280827522278
YBR196C,YNR028W,0,,0.1315789520740509,0.9975369572639465,0.6583743691444397
YDR205W,YMR090W,0,,0.13153621554374695,0.9975369572639465,0.6586207151412964
YFL011W-A,YMR179W,0,,0.13149350881576538,0.9975369572639465,0.6588670015335083
YDR026C,YER171W,0,,0.1314508318901062,0.9975369572639465,0.6591132879257202
YIL083C,YKL015W,0,,0.13140816986560822,0.9975369572639465,0.6593596339225769
YPL223C,YJL149W,0,,0.1313655525445938,0.9975369572639465,0.6596059203147888
YOR323C,YNL122C,0,,0.1313229501247406,0.9975369572639465,0.6598522067070007
YOR251C,YLR268W,0,,0.13128039240837097,0.9975369572639465,0.6600984930992126
YGR271W,YDL097C,0,,0.13123784959316254,0.9975369572639465,0.6603448390960693
YLR024C,YOR251C,0,,0.1311953365802765,0.9975369572639465,0.6605911254882812
YPR035W,YKL003C,0,,0.13115285336971283,0.9975369572639465,0.6608374118804932
YGL010W,YOL026C,0,,0.13111038506031036,0.9975369572639465,0.6610837578773499
YMR203W,YDL128W,0,,0.13106796145439148,0.9975369572639465,0.6613300442695618
YGL026C,YOL053C-A,0,,0.1310255527496338,0.9975369572639465,0.6615763306617737
YKL174C,YPR138C,0,,0.13098318874835968,0.9975369572639465,0.6618226766586304
YNL122C,YLR350W,0,,0.13094083964824677,0.9975369572639465,0.6620689630508423
YOR054C,YBR192W,0,,0.13089852035045624,0.9975369572639465,0.6623152494430542
YOL070C,YOR285W,0,,0.1308562159538269,0.9975369572639465,0.6625615954399109
YHR211W,YFL001W,0,,0.13081395626068115,0.9975369572639465,0.6628078818321228
YJL114W,YLR009W,0,,0.1307717114686966,0.9975369572639465,0.6630541682243347
YML099C,YMR160W,0,,0.13072949647903442,0.9975369572639465,0.6633005142211914
YKL166C,YOL053C-A,0,,0.13068731129169464,0.9975369572639465,0.6635468006134033
YOR243C,YLR026C,0,,0.13064515590667725,0.9975369572639465,0.6637930870056152
YEL012W,YGL112C,0,,0.13060303032398224,0.9975369572639465,0.6640394330024719
YMR228W,YBR129C,0,,0.13056093454360962,0.9975369572639465,0.6642857193946838
YOR232W,YKR068C,0,,0.1305188536643982,0.9975369572639465,0.6645320057868958
YKR102W,YLR251W,0,,0.13047680258750916,0.9975369572639465,0.6647783517837524
YGR251W,YBR271W,0,,0.1304347813129425,0.9975369572639465,0.6650246381759644
YJL053W,YJR031C,0,,0.13039278984069824,0.9975369572639465,0.6652709245681763
YPL119C,YLR270W,0,,0.13035082817077637,0.9975369572639465,0.665517270565033
YDL028C,YOR299W,0,,0.13030888140201569,0.9975369572639465,0.6657635569572449
YOR291W,YGR169C,0,,0.1302669644355774,0.9975369572639465,0.6660098433494568
YMR172W,YDR496C,0,,0.1302250772714615,0.9975369572639465,0.6662561297416687
YNR074C,YMR033W,0,,0.13018321990966797,0.9975369572639465,0.6665024757385254
YOL129W,YLR043C,0,,0.13014139235019684,0.9975369572639465,0.6667487621307373
YHL034C,YDL097C,0,,0.1300995796918869,0.9975369572639465,0.6669950485229492
YDR518W,YGL026C,0,,0.13005779683589935,0.9975369572639465,0.6672413945198059
YOR324C,YIL048W,0,,0.13001605868339539,0.9975369572639465,0.6674876809120178
YIL020C,YOR340C,0,,0.12997432053089142,0.9975369572639465,0.6677339673042297
YOR212W,YOR038C,0,,0.12993262708187103,0.9975369572639465,0.6679803133010864
YER150W,YDR138W,0,,0.12989094853401184,0.9975369572639465,0.6682265996932983
YBR278W,YNL102W,0,,0.12984931468963623,0.9975369572639465,0.6684728860855103
YPR149W,YFR019W,0,,0.12980769574642181,0.9975369572639465,0.6687192320823669
YDR109C,YDR226W,0,,0.12976610660552979,0.9975369572639465,0.6689655184745789
YNL178W,YKL205W,0,,0.12972453236579895,0.9975369572639465,0.6692118048667908
YKL190W,YJL130C,0,,0.1296830028295517,0.9975369572639465,0.6694581508636475
YMR203W,YER052C,0,,0.12964148819446564,0.9975369572639465,0.6697044372558594
YOR297C,YBR095C,0,,0.12960000336170197,0.9975369572639465,0.6699507236480713
YLR219W,YKR026C,0,,0.12955854833126068,0.9975369572639465,0.670197069644928
YMR203W,YOL053C-A,0,,0.1295171082019806,0.9975369572639465,0.6704433560371399
YEL022W,YDR138W,0,,0.1294756978750229,0.9975369572639465,0.6706896424293518
YPR204W,YER002W,0,,0.12943431735038757,0.9975369572639465,0.6709359884262085
YGR161W-B,YPR135W,0,,0.12939296662807465,0.9975369572639465,0.6711822748184204
YDR196C,YMR145C,0,,0.1293516457080841,0.9975369572639465,0.6714285612106323
YGL094C,YKR035W-A,0,,0.12931033968925476,0.9975369572639465,0.6716748476028442
YDL029W,YMR117C,0,,0.129269078373909,0.9975369572639465,0.6719211935997009
YOL103W-B,YDR261C-D,0,,0.12922781705856323,0.9975369572639465,0.6721674799919128
YBR080C,YMR180C,0,,0.12918660044670105,0.9975369572639465,0.6724137663841248
YOR292C,YDR072C,0,,0.12914541363716125,0.9975369572639465,0.6726601123809814
YKL020C,YOR204W,0,,0.12910424172878265,0.9975369572639465,0.6729063987731934
YPR162C,YDL070W,0,,0.12906309962272644,0.9975369572639465,0.6731526851654053
YKL009W,YCL004W,0,,0.12902198731899261,0.9975369572639465,0.673399031162262
YKR006C,YKR044W,0,,0.12898088991641998,0.9975369572639465,0.6736453175544739
YIL134W,YDR260C,0,,0.12893982231616974,0.9975369572639465,0.6738916039466858
YPR187W,YGR239C,0,,0.12889878451824188,0.9975369572639465,0.6741379499435425
YDL206W,YFL013C,0,,0.1288577765226364,0.9975369572639465,0.6743842363357544
YLR197W,YDL198C,0,,0.12881679832935333,0.9975369572639465,0.6746305227279663
YDR454C,YDR457W,0,,0.12877583503723145,0.9975369572639465,0.674876868724823
YGR012W,YNL208W,0,,0.12873490154743195,0.9975369572639465,0.6751231551170349
YGL220W,YJL082W,0,,0.12869399785995483,0.9975369572639465,0.6753694415092468
YOL107W,YIL042C,0,,0.12865310907363892,0.9975369572639465,0.6756157875061035
YKL206C,YGR229C,0,,0.12861226499080658,0.9975369572639465,0.6758620738983154
YKR071C,YDR164C,0,,0.12857143580913544,0.9975369572639465,0.6761083602905273
YOR283W,YDR304C,0,,0.1285306215286255,0.9975369572639465,0.676354706287384
YOL057W,YDR460W,0,,0.12848985195159912,0.9975369572639465,0.676600992679596
YGR221C,YBR020W,0,,0.12844909727573395,0.9975369572639465,0.6768472790718079
YGR052W,YLR330W,0,,0.12840837240219116,0.9975369572639465,0.6770936250686646
YDR383C,YIR018W,0,,0.12836767733097076,0.9975369572639465,0.6773399114608765
YPR189W,YOL052C,0,,0.12832699716091156,0.9975369572639465,0.6775861978530884
YNL127W,YPR171W,0,,0.12828634679317474,0.9975369572639465,0.6778324842453003
YBR282W,YHR059W,0,,0.12824572622776031,0.9975369572639465,0.678078830242157
YAL060W,YPR113W,0,,0.12820513546466827,0.9975369572639465,0.6783251166343689
YPR072W,YMR186W,0,,0.12816455960273743,0.9975369572639465,0.6785714030265808
YHR059W,YKL053C-A,0,,0.12812401354312897,0.9975369572639465,0.6788177490234375
YOL066C,YPR060C,0,,0.1280834972858429,0.9975369572639465,0.6790640354156494
YBR006W,YMR308C,0,,0.12804299592971802,0.9975369572639465,0.6793103218078613
YHR209W,YLL043W,0,,0.12800252437591553,0.9975369572639465,0.679556667804718
YGL037C,YHR039C-A,0,,0.12796208262443542,0.9975369572639465,0.6798029541969299
YKL096W-A,YDL045C,0,,0.1279216706752777,0.9975369572639465,0.6800492405891418
YLR447C,YCL024W,0,,0.1278812736272812,0.9975369572639465,0.6802955865859985
YOR301W,YLR206W,0,,0.12784090638160706,0.9975369572639465,0.6805418729782104
YBR081C,YFR033C,0,,0.1278005689382553,0.9975369572639465,0.6807881593704224
YGL241W,YBL085W,0,,0.12776024639606476,0.9975369572639465,0.681034505367279
YPR080W,YPR198W,0,,0.1277199685573578,0.9975369572639465,0.681280791759491
YOR176W,YHR066W,0,,0.12767969071865082,0.9975369572639465,0.6815270781517029
YIL159W,YGL030W,0,,0.12763945758342743,0.9975369572639465,0.6817734241485596
YPL094C,YML052W,0,,0.12759923934936523,0.9975369572639465,0.6820197105407715
YOL070C,YIL080W,0,,0.12755905091762543,0.9975369572639465,0.6822659969329834
YDR473C,YBR067C,0,,0.127518892288208,0.9975369572639465,0.6825123429298401
YDR082W,YLR410W-B,0,,0.12747874855995178,0.9975369572639465,0.682758629322052
YBL058W,YMR025W,0,,0.12743863463401794,0.9975369572639465,0.6830049157142639
YEL070W,YDR138W,0,,0.1273985505104065,0.9975369572639465,0.6832512021064758
YAL063C,YDR262W,0,,0.12735849618911743,0.9975369572639465,0.6834975481033325
YKL007W,YLR227W-B,0,,0.12731845676898956,0.9975369572639465,0.6837438344955444
YNL008C,YJR149W,0,,0.12727844715118408,0.9975369572639465,0.6839901208877563
YFL066C,YNL016W,0,,0.1272384524345398,0.9975369572639465,0.684236466884613
YGR180C,YMR008C,0,,0.1271984875202179,0.9975369572639465,0.684482753276825
YNR074C,YPL065W,0,,0.12715855240821838,0.9975369572639465,0.6847290396690369
YGL212W,YGR276C,0,,0.12711864709854126,0.9975369572639465,0.6849753856658936
YKR035W-A,YOL108C,0,,0.12707875669002533,0.9975369572639465,0.6852216720581055
YJL128C,YAL039C,0,,0.1270388960838318,0.9975369572639465,0.6854679584503174
YLR029C,YPR043W,0,,0.12699906527996063,0.9975369572639465,0.6857143044471741
YBR129C,YKR006C,0,,0.12695924937725067,0.9975369572639465,0.685960590839386
YGR167W,YBR172C,0,,0.1269194632768631,0.9975369572639465,0.6862068772315979
YLL051C,YDR174W,0,,0.12687969207763672,0.9975369572639465,0.6864532232284546
YDR196C,YLR020C,0,,0.12683996558189392,0.9975369572639465,0.6866995096206665
YPL119C,YMR078C,0,,0.12680025398731232,0.9975369572639465,0.6869457960128784
YOR176W,YLR380W,0,,0.1267605572938919,0.9975369572639465,0.6871921420097351
YOL141W,YJR119C,0,,0.12672090530395508,0.9975369572639465,0.687438428401947
YLR009W,YDR381C-A,0,,0.12668126821517944,0.9975369572639465,0.6876847147941589
YBL029C-A,YGR276C,0,,0.126641646027565,0.9975369572639465,0.6879310607910156
YBR187W,YLR213C,0,,0.12660206854343414,0.9975369572639465,0.6881773471832275
YDR423C,YKL067W,0,,0.12656250596046448,0.9975369572639465,0.6884236335754395
YHR056C,YCL060C,0,,0.126522958278656,0.9975369572639465,0.6886699795722961
YNL178W,YDL216C,0,,0.12648344039916992,0.9975369572639465,0.6889162659645081
YOR074C,YLR224W,0,,0.12644395232200623,0.9975369572639465,0.68916255235672
YAL017W,YMR301C,0,,0.12640449404716492,0.9975369572639465,0.6894088387489319
YPL273W,YNR028W,0,,0.1263650506734848,0.9975369572639465,0.6896551847457886
YNR067C,YJR130C,0,,0.12632563710212708,0.9975369572639465,0.6899014711380005
YPL104W,YDR173C,0,,0.12628625333309174,0.9975369572639465,0.6901477575302124
YPL104W,YDR218C,0,,0.1262468844652176,0.9975369572639465,0.6903941035270691
YOR377W,YOR311C,0,,0.12620754539966583,0.9975369572639465,0.690640389919281
YJR021C,YDR218C,0,,0.12616822123527527,0.9975369572639465,0.6908866763114929
YKL038W,YGL113W,0,,0.1261289268732071,0.9975369572639465,0.6911330223083496
YNL117W,YNR072W,0,,0.1260896623134613,0.9975369572639465,0.6913793087005615
YGR268C,YIL133C,0,,0.1260504275560379,0.9975369572639465,0.6916255950927734
YDR494W,YNL084C,0,,0.1260112076997757,0.9975369572639465,0.6918719410896301
YJL071W,YNR060W,0,,0.12597200274467468,0.9975369572639465,0.692118227481842
YDL171C,YPR119W,0,,0.12593284249305725,0.9975369572639465,0.692364513874054
YGR251W,YKL015W,0,,0.125893697142601,0.9975369572639465,0.6926108598709106
YHR047C,YJR103W,0,,0.12585456669330597,0.9975369572639465,0.6928571462631226
YAL063C,YDR131C,0,,0.1258154660463333,0.9975369572639465,0.6931034326553345
YKL206C,YDR262W,0,,0.12577639520168304,0.9975369572639465,0.6933497786521912
YDL074C,YDR140W,0,,0.12573735415935516,0.9975369572639465,0.6935960650444031
YMR008C,YPR159W,0,,0.12569832801818848,0.9975369572639465,0.693842351436615
YOR313C,YIL047C,0,,0.12565931677818298,0.9975369572639465,0.6940886974334717
YKR020W,YDR470C,0,,0.12562035024166107,0.9975369572639465,0.6943349838256836
YBL058W,YJL060W,0,,0.12558139860630035,0.9975369572639465,0.6945812702178955
YGL174W,YJR130C,0,,0.12554246187210083,0.9975369572639465,0.6948275566101074
YPL119C,YKL172W,0,,0.1255035698413849,0.9975369572639465,0.6950739026069641
YDR211W,YPR152C,0,,0.12546467781066895,0.9975369572639465,0.695320188999176
YLR080W,YCL008C,0,,0.12542583048343658,0.9975369572639465,0.6955664753913879
YOR243C,YDR240C,0,,0.12538699805736542,0.9975369572639465,0.6958128213882446
YML099C,YLR050C,0,,0.12534819543361664,0.9975369572639465,0.6960591077804565
YIL002C,YNR002C,0,,0.12530940771102905,0.9975369572639465,0.6963053941726685
YLL019C,YOR008C,0,,0.12527064979076385,0.9975369572639465,0.6965517401695251
YLR105C,YOR299W,0,,0.12523190677165985,0.9975369572639465,0.6967980265617371
YDL140C,YKR069W,0,,0.12519319355487823,0.9975369572639465,0.697044312953949
YOR349W,YDL148C,0,,0.125154510140419,0.9975369572639465,0.6972906589508057
YHR056C,YJR036C,0,,0.12511584162712097,0.9975369572639465,0.6975369453430176
YLR383W,YKR044W,0,,0.12507720291614532,0.9975369572639465,0.6977832317352295
YKR103W,YEL031W,0,,0.12503859400749207,0.9975369572639465,0.6980295777320862
YNL138W-A,YOR099W,0,,0.125,0.9975369572639465,0.6982758641242981
YCR060W,YKR066C,0,,0.12496142834424973,0.9975369572639465,0.69852215051651
YGR072W,YBL079W,0,,0.12492288649082184,0.9975369572639465,0.6987684965133667
YIL135C,YKL182W,0,,0.12488436698913574,0.9975369572639465,0.6990147829055786
YPR113W,YDL171C,0,,0.12484586983919144,0.9975369572639465,0.6992610692977905
YHR060W,YDR261C-D,0,,0.12480739504098892,0.9975369572639465,0.6995074152946472
YDR454C,YGR077C,0,,0.1247689500451088,0.9975369572639465,0.6997537016868591
YPR149W,YOR313C,0,,0.12473051995038986,0.9975369572639465,0.699999988079071
YDR383C,YGR255C,0,,0.12469211965799332,0.9975369572639465,0.7002463340759277
YGR221C,YER117W,0,,0.12465374171733856,0.9975369572639465,0.7004926204681396
YOL108C,YDL225W,0,,0.1246153861284256,0.9975369572639465,0.7007389068603516
YJL053W,YIL048W,0,,0.12457705289125443,0.9975369572639465,0.7009851932525635
YML036W,YLR224W,0,,0.12453874200582504,0.9975369572639465,0.7012315392494202
YBR260C,YDL245C,0,,0.12450046092271805,0.9975369572639465,0.7014778256416321
YMR276W,YJL213W,0,,0.12446220219135284,0.9975369572639465,0.701724112033844
YER185W,YNL110C,0,,0.12442396581172943,0.9975369572639465,0.7019704580307007
YOL045W,YBL098W,0,,0.12438575178384781,0.9975369572639465,0.7022167444229126
YDR494W,YGL241W,0,,0.12434756010770798,0.9975369572639465,0.7024630308151245
YOR071C,YPL129W,0,,0.12430939078330994,0.9975369572639465,0.7027093768119812
YJR127C,YCL014W,0,,0.12427125126123428,0.9975369572639465,0.7029556632041931
YNL138W-A,YJR083C,0,,0.12423312664031982,0.9975369572639465,0.703201949596405
YLR219W,YJL130C,0,,0.12419503182172775,0.9975369572639465,0.7034482955932617
YIR025W,YMR090W,0,,0.12415695935487747,0.9975369572639465,0.7036945819854736
YLR410W-B,YPL208W,0,,0.12411890923976898,0.9975369572639465,0.7039408683776855
YOR142W-A,YML080W,0,,0.12408088147640228,0.9975369572639465,0.7041872143745422
YMR065W,YAR031W,0,,0.12404287606477737,0.9975369572639465,0.7044335007667542
YOL165C,YBR118W,0,,0.12400490045547485,0.9975369572639465,0.7046797871589661
YEL037C,YNL078W,0,,0.12396693974733353,0.9975369572639465,0.7049261331558228
YLR291C,YPL112C,0,,0.12392900884151459,0.9975369572639465,0.7051724195480347
YGR281W,YFR033C,0,,0.12389110028743744,0.9975369572639465,0.7054187059402466
YMR087W,YHR059W,0,,0.12385321408510208,0.9975369572639465,0.7056650519371033
YIL134W,YGR084C,0,,0.12381535023450851,0.9975369572639465,0.7059113383293152
YIR025W,YLR043C,0,,0.12377750873565674,0.9975369572639465,0.7061576247215271
YHR214C-B,YFL001W,0,,0.12373968958854675,0.9975369572639465,0.706403911113739
YMR276W,YDR449C,0,,0.12370189279317856,0.9975369572639465,0.7066502571105957
YLR404W,YDR218C,0,,0.12366412580013275,0.9975369572639465,0.7068965435028076
YPL050C,YPL098C,0,,0.12362637370824814,0.9975369572639465,0.7071428298950195
YDR451C,YGL256W,0,,0.12358865141868591,0.9975369572639465,0.7073891758918762
YDR498C,YKR026C,0,,0.12355094403028488,0.9975369572639465,0.7076354622840881
YHL012W,YPR125W,0,,0.12351326644420624,0.9975369572639465,0.7078817486763
YJL053W,YNL262W,0,,0.12347561120986938,0.9975369572639465,0.7081280946731567
YEL043W,YKR068C,0,,0.12343797832727432,0.9975369572639465,0.7083743810653687
YBR195C,YDL035C,0,,0.12340036779642105,0.9975369572639465,0.7086206674575806
YMR276W,YJR021C,0,,0.12336277961730957,0.9975369572639465,0.7088670134544373
YFR029W,YKR055W,0,,0.12332521378993988,0.9975369572639465,0.7091132998466492
YMR099C,YML039W,0,,0.12328767031431198,0.9975369572639465,0.7093595862388611
YLR005W,YJL206C,0,,0.12325014919042587,0.9975369572639465,0.7096059322357178
YKL126W,YBR260C,0,,0.12321265786886215,0.9975369572639465,0.7098522186279297
YGR258C,YML006C,0,,0.12317518144845963,0.9975369572639465,0.7100985050201416
YJL011C,YOR187W,0,,0.12313773483037949,0.9975369572639465,0.7103448510169983
YGR255C,YMR115W,0,,0.12310030311346054,0.9975369572639465,0.7105911374092102
YBR170C,YJL117W,0,,0.12306290119886398,0.9975369572639465,0.7108374238014221
YPR035W,YHR060W,0,,0.12302551418542862,0.9975369572639465,0.7110837697982788
YPL150W,YJL005W,0,,0.12298815697431564,0.9975369572639465,0.7113300561904907
YER117W,YCR014C,0,,0.12295082211494446,0.9975369572639465,0.7115763425827026
YPL050C,YPL011C,0,,0.12291350215673447,0.9975369572639465,0.7118226885795593
YAL040C,YBR257W,0,,0.12287621200084686,0.9975369572639465,0.7120689749717712
YDR449C,YIL017W,0,,0.12283894419670105,0.9975369572639465,0.7123152613639832
YER008C,YOR020C,0,,0.12280169874429703,0.9975369572639465,0.7125615477561951
YBR274W,YNL163C,0,,0.1227644756436348,0.9975369572639465,0.7128078937530518
YOL057W,YLR401C,0,,0.12272727489471436,0.9975369572639465,0.7130541801452637
YLR165C,YJL060W,0,,0.1226900964975357,0.9975369572639465,0.7133004665374756
YPR137C-A,YOR074C,0,,0.12265294045209885,0.9975369572639465,0.7135468125343323
YLR228C,YDR449C,0,,0.12261580675840378,0.9975369572639465,0.7137930989265442
YNL236W,YLR160C,0,,0.1225786954164505,0.9975369572639465,0.7140393853187561
YDL022W,YML052W,0,,0.12254160642623901,0.9975369572639465,0.7142857313156128
YOL124C,YDR373W,0,,0.12250453978776932,0.9975369572639465,0.7145320177078247
YKL117W,YEL053C,0,,0.12246749550104141,0.9975369572639465,0.7147783041000366
YLL034C,YMR229C,0,,0.1224304735660553,0.9975369572639465,0.7150246500968933
YMR238W,YER137C,0,,0.12239347398281097,0.9975369572639465,0.7152709364891052
YPR035W,YGL259W,0,,0.12235649675130844,0.9975369572639465,0.7155172228813171
YMR210W,YNL239W,0,,0.1223195418715477,0.9975369572639465,0.7157635688781738
YOL145C,YPR030W,0,,0.12228260934352875,0.9975369572639465,0.7160098552703857
YFR045W,YIR018W,0,,0.12224569916725159,0.9975369572639465,0.7162561416625977
YMR137C,YOL111C,0,,0.12220881134271622,0.9975369572639465,0.7165024876594543
YNL314W,YBL076C,0,,0.12217194586992264,0.9975369572639465,0.7167487740516663
YMR097C,YPR198W,0,,0.12213510274887085,0.9975369572639465,0.7169950604438782
YDL128W,YNL262W,0,,0.12209828197956085,0.9975369572639465,0.7172414064407349
YMR168C,YIL042C,0,,0.12206148356199265,0.9975369572639465,0.7174876928329468
YLR380W,YMR136W,0,,0.12202470749616623,0.9975369572639465,0.7177339792251587
YMR182C,YGL233W,0,,0.1219879537820816,0.9975369572639465,0.7179803252220154
YKL126W,YBR129C,0,,0.12195122241973877,0.9975369572639465,0.7182266116142273
YGL068W,YIL132C,0,,0.12191450595855713,0.9975369572639465,0.7184728980064392
YHR004C,YKR035W-A,0,,0.12187781929969788,0.9975369572639465,0.7187191843986511
YPR026W,YJL079C,0,,0.12184115499258041,0.9975369572639465,0.7189655303955078
YGL010W,YOR393W,0,,0.12180451303720474,0.9975369572639465,0.7192118167877197
YDL133C-A,YKR101W,0,,0.12176788598299026,0.9975369572639465,0.7194581031799316
YBR067C,YHR082C,0,,0.12173128873109818,0.9975369572639465,0.7197044491767883
YFR013W,YIR038C,0,,0.12169471383094788,0.9975369572639465,0.7199507355690002
YJL005W,YKR006C,0,,0.12165815383195877,0.9975369572639465,0.7201970219612122
YDR059C,YLR390W,0,,0.12162162363529205,0.9975369572639465,0.7204433679580688
YMR078C,YKL205W,0,,0.12158510833978653,0.9975369572639465,0.7206896543502808
YJR082C,YFL057C,0,,0.1215486228466034,0.9975369572639465,0.7209359407424927
YDL084W,YER115C,0,,0.12151215225458145,0.9975369572639465,0.7211822867393494
YJL071W,YNL122C,0,,0.1214757040143013,0.9975369572639465,0.7214285731315613
YPR158C-C,YOL155C,0,,0.12143927812576294,0.9975369572639465,0.7216748595237732
YOR099W,YPL273W,0,,0.12140287458896637,0.9975369572639465,0.7219212055206299
YJR092W,YKR101W,0,,0.12136649340391159,0.9975369572639465,0.7221674919128418
YMR284W,YEL041W,0,,0.1213301345705986,0.9975369572639465,0.7224137783050537
YFL002W-B,YDR195W,0,,0.1212937980890274,0.9975369572639465,0.7226601243019104
YDL198C,YJR032W,0,,0.121257483959198,0.9975369572639465,0.7229064106941223
YNL095C,YMR194W,0,,0.12122119218111038,0.9975369572639465,0.7231526970863342
YIL088C,YER117W,0,,0.12118492275476456,0.9975369572639465,0.7233990430831909
YNL231C,YIL083C,0,,0.12114866822957993,0.9975369572639465,0.7236453294754028
YOR215C,YLR316C,0,,0.12111244350671768,0.9975369572639465,0.7238916158676147
YOR148C,YOR299W,0,,0.12107623368501663,0.9975369572639465,0.7241379022598267
YER013W,YBR173C,0,,0.12104004621505737,0.9975369572639465,0.7243842482566833
YPL180W,YPL167C,0,,0.1210038810968399,0.9975369572639465,0.7246305346488953
YDR414C,YCR097WB,0,,0.12096773833036423,0.9975369572639465,0.7248768210411072
YDR371W,YGR180C,0,,0.12093161791563034,0.9975369572639465,0.7251231670379639
YEL031W,YPR133W-A,0,,0.12089551985263824,0.9975369572639465,0.7253694534301758
YFR021W,YFR036W,0,,0.12085944414138794,0.9975369572639465,0.7256157398223877
YOR147W,YOL136C,0,,0.12082339078187943,0.9975369572639465,0.7258620858192444
YEL043W,YPR160W,0,,0.1207873523235321,0.9975369572639465,0.7261083722114563
YKL161C,YOR292C,0,,0.12075134366750717,0.9975369572639465,0.7263546586036682
YKR054C,YDL140C,0,,0.12071534991264343,0.9975369572639465,0.7266010046005249
YOR239W,YER130C,0,,0.12067937850952148,0.9975369572639465,0.7268472909927368
YNL084C,YOR324C,0,,0.12064342945814133,0.9975369572639465,0.7270935773849487
YJR107W,YLR440C,0,,0.12060750275850296,0.9975369572639465,0.7273399233818054
YLL008W,YJL144W,0,,0.12057159841060638,0.9975369572639465,0.7275862097740173
YDR067C,YMR272C,0,,0.1205357164144516,0.9975369572639465,0.7278324961662292
YER117W,YOL026C,0,,0.12049984931945801,0.9975369572639465,0.7280788421630859
YIL094C,YLR440C,0,,0.1204640120267868,0.9975369572639465,0.7283251285552979
YLR264W,YDR472W,0,,0.1204281896352768,0.9975369572639465,0.7285714149475098
YMR008C,YNL230C,0,,0.12039238959550858,0.9975369572639465,0.7288177609443665
YNL271C,YDR245W,0,,0.12035661190748215,0.9975369572639465,0.7290640473365784
YKR008W,YLL027W,0,,0.12032085657119751,0.9975369572639465,0.7293103337287903
YMR019W,YKL015W,0,,0.12028512358665466,0.9975369572639465,0.729556679725647
YDL035C,YFL017W-A,0,,0.12024940550327301,0.9975369572639465,0.7298029661178589
YDL215C,YHR051W,0,,0.12021370977163315,0.9975369572639465,0.7300492525100708
YIL139C,YFL002W-B,0,,0.12017804384231567,0.9975369572639465,0.7302955389022827
YLR289W,YLR113W,0,,0.1201423928141594,0.9975369572639465,0.7305418848991394
YLL003W,YMR319C,0,,0.1201067641377449,0.9975369572639465,0.7307881712913513
YOR283W,YMR270C,0,,0.12007115036249161,0.9975369572639465,0.7310344576835632
YOR206W,YCL032W,0,,0.1200355663895607,0.9975369572639465,0.7312808036804199
YEL043W,YPL259C,0,,0.11999999731779099,0.9975369572639465,0.7315270900726318
YER151C,YIL079C,0,,0.11996445804834366,0.9975369572639465,0.7317733764648438
YMR319C,YOL090W,0,,0.11992893368005753,0.9975369572639465,0.7320197224617004
YHR214C-B,YNL147W,0,,0.11989343166351318,0.9975369572639465,0.7322660088539124
YPR187W,YPL218W,0,,0.11985794454813004,0.9975369572639465,0.7325122952461243
YBR261C,YKL001C,0,,0.11982248723506927,0.9975369572639465,0.732758641242981
YOL004W,YDR109C,0,,0.11978704482316971,0.9975369572639465,0.7330049276351929
YOR279C,YFL054C,0,,0.11975162476301193,0.9975369572639465,0.7332512140274048
YIL139C,YOL038W,0,,0.11971622705459595,0.9975369572639465,0.7334975600242615
YEL037C,YNL175C,0,,0.11968085169792175,0.9975369572639465,0.7337438464164734
YKL013C,YLR209C,0,,0.11964549124240875,0.9975369572639465,0.7339901328086853
YJR006W,YJL149W,0,,0.11961016058921814,0.9975369572639465,0.734236478805542
YDR064W,YKL210W,0,,0.11957484483718872,0.9975369572639465,0.7344827651977539
YGR109W-B,YPL050C,0,,0.11953955143690109,0.9975369572639465,0.7347290515899658
YPL180W,YHR077C,0,,0.11950428038835526,0.9975369572639465,0.7349753975868225
YHR047C,YGL019W,0,,0.11946902424097061,0.9975369572639465,0.7352216839790344
YDL206W,YDL040C,0,,0.11943379789590836,0.9975369572639465,0.7354679703712463
YHR002W,YPL064C,0,,0.1193985864520073,0.9975369572639465,0.7357142567634583
YEL031W,YBL112C,0,,0.11936339735984802,0.9975369572639465,0.7359606027603149
YMR033W,YDL216C,0,,0.11932822316884995,0.9975369572639465,0.7362068891525269
YNL131W,YIL142W,0,,0.11929307878017426,0.9975369572639465,0.7364531755447388
YFR013W,YMR301C,0,,0.11925794929265976,0.9975369572639465,0.7366995215415955
YNL271C,YDL148C,0,,0.11922284215688705,0.9975369572639465,0.7369458079338074
YKL126W,YGR225W,0,,0.11918775737285614,0.9975369572639465,0.7371920943260193
YHR074W,YPL104W,0,,0.11915269494056702,0.9975369572639465,0.737438440322876
YER101C,YLL033W,0,,0.11911764740943909,0.9975369572639465,0.7376847267150879
YOR299W,YIL083C,0,,0.11908262223005295,0.9975369572639465,0.7379310131072998
YMR146C,YPR125W,0,,0.1190476194024086,0.9975369572639465,0.7381773591041565
YNL261W,YNL172W,0,,0.11901263892650604,0.9975369572639465,0.7384236454963684
YER125W,YPL113C,0,,0.11897767335176468,0.9975369572639465,0.7386699318885803
YLR129W,YOL136C,0,,0.1189427301287651,0.9975369572639465,0.738916277885437
YGR246C,YDR461W,0,,0.11890780925750732,0.9975369572639465,0.7391625642776489
YMR168C,YDL078C,0,,0.11887291073799133,0.9975369572639465,0.7394088506698608
YLR183C,YIL047C,0,,0.11883802711963654,0.9975369572639465,0.7396551966667175
YNL127W,YDR196C,0,,0.11880316585302353,0.9975369572639465,0.7399014830589294
YLR312W-A,YLR391W,0,,0.11876832693815231,0.9975369572639465,0.7401477694511414
YJL187C,YOR382W,0,,0.11873351037502289,0.9975369572639465,0.740394115447998
YDL024C,YFL033C,0,,0.11869870871305466,0.9975369572639465,0.74064040184021
YML032C,YMR136W,0,,0.11866392940282822,0.9975369572639465,0.7408866882324219
YJL079C,YDR410C,0,,0.11862917244434357,0.9975369572639465,0.7411330342292786
YGL122C,YMR008C,0,,0.11859443783760071,0.9975369572639465,0.7413793206214905
YPL083C,YCL057W,0,,0.11855971813201904,0.9975369572639465,0.7416256070137024
YMR065W,YOR340C,0,,0.11852502077817917,0.9975369572639465,0.7418718934059143
YPL113C,YLR163C,0,,0.11849034577608109,0.9975369572639465,0.742118239402771
YKL078W,YAL039C,0,,0.1184556856751442,0.9975369572639465,0.7423645257949829
YDL078C,YOR311C,0,,0.1184210553765297,0.9975369572639465,0.7426108121871948
YOL165C,YJR112W,0,,0.11838643997907639,0.9975369572639465,0.7428571581840515
YPL083C,YLR391W-A,0,,0.11835183948278427,0.9975369572639465,0.7431034445762634
YBR196C,YCR052W,0,,0.11831726878881454,0.9975369572639465,0.7433497309684753
YLR289W,YDR174W,0,,0.11828271299600601,0.9975369572639465,0.743596076965332
YHR174W,YDL208W,0,,0.11824817210435867,0.9975369572639465,0.743842363357544
YLR080W,YOR054C,0,,0.11821366101503372,0.9975369572639465,0.7440886497497559
YGR145W,YHR079C,0,,0.11817916482686996,0.9975369572639465,0.7443349957466125
YPR011C,YDL039C,0,,0.118144690990448,0.9975369572639465,0.7445812821388245
YCR030C,YDL170W,0,,0.11811023950576782,0.9975369572639465,0.7448275685310364
YOL141W,YGL051W,0,,0.11807580292224884,0.9975369572639465,0.7450739145278931
YJL030W,YBR282W,0,,0.11804138869047165,0.9975369572639465,0.745320200920105
YJR028W,YGR214W,0,,0.11800698935985565,0.9975369572639465,0.7455664873123169
YDR030C,YCR046C,0,,0.11797261983156204,0.9975369572639465,0.7458128333091736
YBR118W,YBL112C,0,,0.11793826520442963,0.9975369572639465,0.7460591197013855
YOR287C,YDR403W,0,,0.117903932929039,0.9975369572639465,0.7463054060935974
YMR146C,YGR144W,0,,0.11786961555480957,0.9975369572639465,0.7465517520904541
YPR158C-C,YDL097C,0,,0.11783532053232193,0.9975369572639465,0.746798038482666
YNR003C,YBR129C,0,,0.11780104786157608,0.9975369572639465,0.7470443248748779
YOL052C,YGL051W,0,,0.11776679009199142,0.9975369572639465,0.7472906112670898
YDL245C,YBL076C,0,,0.11773255467414856,0.9975369572639465,0.7475369572639465
YDL054C,YLR383W,0,,0.11769834160804749,0.9975369572639465,0.7477832436561584
YCR030C,YGR252W,0,,0.1176641508936882,0.9975369572639465,0.7480295300483704
YLL004W,YDR498C,0,,0.11762997508049011,0.9975369572639465,0.748275876045227
YBR172C,YGL071W,0,,0.11759582161903381,0.9975369572639465,0.748522162437439
YER098W,YML006C,0,,0.11756168305873871,0.9975369572639465,0.7487684488296509
YAL033W,YMR268W-A,0,,0.1175275668501854,0.9975369572639465,0.7490147948265076
YPL007C,YIL042C,0,,0.11749347299337387,0.9975369572639465,0.7492610812187195
YNL044W,YNL307C,0,,0.11745939403772354,0.9975369572639465,0.7495073676109314
YDL133C-A,YOR298W,0,,0.117425337433815,0.9975369572639465,0.7497537136077881
YOR310C,YLR187W,0,,0.11739130318164825,0.9975369572639465,0.75
YIL134W,YJR133W,0,,0.1173572912812233,0.9975369572639465,0.7502462863922119
YHR077C,YNR028W,0,,0.11732329428195953,0.9975369572639465,0.7504926323890686
YKL061W,YLL027W,0,,0.11728931218385696,0.9975369572639465,0.7507389187812805
YPR194C,YDL216C,0,,0.11725535243749619,0.9975369572639465,0.7509852051734924
YBL005W-B,YNL232W,0,,0.1172214150428772,0.9975369572639465,0.7512315511703491
YIL134W,YIR039C,0,,0.1171875,0.9975369572639465,0.751477837562561
YPL223C,YJL029C,0,,0.117153599858284,0.9975369572639465,0.751724123954773
YJL085W,YKR068C,0,,0.11711972206830978,0.9975369572639465,0.7519704699516296
YOR388C,YIL128W,0,,0.11708586663007736,0.9975369572639465,0.7522167563438416
YDL179W,YOR148C,0,,0.11705202609300613,0.9975369572639465,0.7524630427360535
YPL064C,YMR087W,0,,0.1170182004570961,0.9975369572639465,0.7527093887329102
YPL150W,YDR453C,0,,0.11698440462350845,0.9975369572639465,0.7529556751251221
YDL084W,YLR301W,0,,0.116950623691082,0.9975369572639465,0.753201961517334
YBR230C,YLR224W,0,,0.11691685765981674,0.9975369572639465,0.7534482479095459
YHR074W,YLR316C,0,,0.11688311398029327,0.9975369572639465,0.7536945939064026
YGR032W,YHR008C,0,,0.1168493926525116,0.9975369572639465,0.7539408802986145
YJR004C,YJL095W,0,,0.11681569367647171,0.9975369572639465,0.7541871666908264
YNL231C,YJL124C,0,,0.11678200960159302,0.9975369572639465,0.7544335126876831
YEL012W,YMR301C,0,,0.11674834042787552,0.9975369572639465,0.754679799079895
YGL050W,YKL205W,0,,0.11671470105648041,0.9975369572639465,0.7549260854721069
YHR030C,YOL158C,0,,0.1166810691356659,0.9975369572639465,0.7551724314689636
YER022W,YOR251C,0,,0.11664746701717377,0.9975369572639465,0.7554187178611755
YKL067W,YBL026W,0,,0.11661387979984283,0.9975369572639465,0.7556650042533875
YNL110C,YOR351C,0,,0.1165803074836731,0.9975369572639465,0.7559113502502441
YDL128W,YJL082W,0,,0.11654676496982574,0.9975369572639465,0.756157636642456
YFL038C,YKL097W-A,0,,0.11651322990655899,0.9975369572639465,0.756403923034668
YPL252C,YDR173C,0,,0.11647972464561462,0.9975369572639465,0.7566502690315247
YHL012W,YBR061C,0,,0.11644623428583145,0.9975369572639465,0.7568965554237366
YJR138W,YJR036C,0,,0.11641275882720947,0.9975369572639465,0.7571428418159485
YLR447C,YOR222W,0,,0.11637931317090988,0.9975369572639465,0.7573891878128052
YPL134C,YLR425W,0,,0.11634587496519089,0.9975369572639465,0.7576354742050171
YJL095W,YGR239C,0,,0.11631246656179428,0.9975369572639465,0.757881760597229
YER013W,YPL112C,0,,0.11627907305955887,0.9975369572639465,0.7581281065940857
YBR274W,YDR262W,0,,0.11624569445848465,0.9975369572639465,0.7583743929862976
YNL273W,YOR099W,0,,0.11621233820915222,0.9975369572639465,0.7586206793785095
YMR176W,YBR187W,0,,0.11617900431156158,0.9975369572639465,0.7588669657707214
YDR059C,YMR240C,0,,0.11614568531513214,0.9975369572639465,0.7591133117675781
YCL074W,YGR085C,0,,0.11611238867044449,0.9975369572639465,0.75935959815979
YDR351W,YML128C,0,,0.11607910692691803,0.9975369572639465,0.759605884552002
YNR057C,YGR268C,0,,0.11604584753513336,0.9975369572639465,0.7598522305488586
YMR168C,YJL166W,0,,0.11601260304450989,0.9975369572639465,0.7600985169410706
YJR004C,YIL177C,0,,0.1159793809056282,0.9975369572639465,0.7603448033332825
YPL188W,YCR012W,0,,0.11594618111848831,0.9975369572639465,0.7605911493301392
YJR010W,YDR138W,0,,0.11591299623250961,0.9975369572639465,0.7608374357223511
YMR169C,YPR030W,0,,0.11587982624769211,0.9975369572639465,0.761083722114563
YDL074C,YDL225W,0,,0.1158466786146164,0.9975369572639465,0.7613300681114197
YNR074C,YLR410W-A,0,,0.11581355333328247,0.9975369572639465,0.7615763545036316
YGL203C,YMR268W-A,0,,0.11578044295310974,0.9975369572639465,0.7618226408958435
YLL041C,YNL079C,0,,0.1157473549246788,0.9975369572639465,0.7620689868927002
YDR454C,YFR036W,0,,0.11571428924798965,0.9975369572639465,0.7623152732849121
YOR237W,YGR145W,0,,0.1156812310218811,0.9975369572639465,0.762561559677124
YHL012W,YIR018W,0,,0.11564820259809494,0.9975369572639465,0.7628079056739807
YEL022W,YLR301W,0,,0.11561518907546997,0.9975369572639465,0.7630541920661926
YPR083W,YER145C,0,,0.1155821904540062,0.9975369572639465,0.7633004784584045
YNL070W,YBR243C,0,,0.11554921418428421,0.9975369572639465,0.7635468244552612
YNL309W,YIL177C,0,,0.11551626026630402,0.9975369572639465,0.7637931108474731
YEL053C,YKR069W,0,,0.11548332124948502,0.9975369572639465,0.7640393972396851
YOR071C,YGR258C,0,,0.11545039713382721,0.9975369572639465,0.7642857432365417
YOR138C,YJR112W,0,,0.1154174953699112,0.9975369572639465,0.7645320296287537
YPR189W,YDR383C,0,,0.11538461595773697,0.9975369572639465,0.7647783160209656
YOL090W,YOR180C,0,,0.11535175144672394,0.9975369572639465,0.7650246024131775
YJL030W,YKL094W,0,,0.1153189092874527,0.9975369572639465,0.7652709484100342
YJR107W,YNL147W,0,,0.11528608202934265,0.9975369572639465,0.7655172348022461
YIR011C,YCL003W,0,,0.1152532696723938,0.9975369572639465,0.765763521194458
YDR414C,YPL127C,0,,0.11522048711776733,0.9975369572639465,0.7660098671913147
YLR314C,YOR324C,0,,0.11518771201372147,0.9975369572639465,0.7662561535835266
YLR228C,YDR205W,0,,0.11515495926141739,0.9975369572639465,0.7665024399757385
YOR226C,YER074W,0,,0.1151222288608551,0.9975369572639465,0.7667487859725952
YOL045W,YJL029C,0,,0.11508951336145401,0.9975369572639465,0.7669950723648071
YKL180W,YAL029C,0,,0.11505682021379471,0.9975369572639465,0.767241358757019
YGR255C,YGR185C,0,,0.1150241419672966,0.9975369572639465,0.7674877047538757
YPR024W,YFL021W,0,,0.11499147862195969,0.9975369572639465,0.7677339911460876
YBR170C,YGR285C,0,,0.11495884507894516,0.9975369572639465,0.7679802775382996
YJR147W,YER168C,0,,0.11492621898651123,0.9975369572639465,0.7682266235351562
YOL070C,YNL070W,0,,0.11489361524581909,0.9975369572639465,0.7684729099273682
YBR080C,YBL026W,0,,0.11486103385686874,0.9975369572639465,0.7687191963195801
YNL202W,YGR239C,0,,0.11482846736907959,0.9975369572639465,0.7689655423164368
YDR378C,YKR101W,0,,0.11479591578245163,0.9975369572639465,0.7692118287086487
YPR030W,YLR209C,0,,0.11476338654756546,0.9975369572639465,0.7694581151008606
YFL011W-A,YGL241W,0,,0.11473087966442108,0.9975369572639465,0.7697044610977173
YER090W,YPR125W,0,,0.1146983876824379,0.9975369572639465,0.7699507474899292
YBR260C,YJR053W,0,,0.1146659106016159,0.9975369572639465,0.7701970338821411
YDR067C,YNL117W,0,,0.1146334558725357,0.9975369572639465,0.770443320274353
YKR103W,YLR256W-A,0,,0.1146010160446167,0.9975369572639465,0.7706896662712097
YLL034C,YDL047W,0,,0.11456859856843948,0.9975369572639465,0.7709359526634216
YOL103W-B,YOL066C,0,,0.11453619599342346,0.9975369572639465,0.7711822390556335
YDL054C,YLR348C,0,,0.11450381577014923,0.9975369572639465,0.7714285850524902
YOR138C,YJR031C,0,,0.1144714504480362,0.9975369572639465,0.7716748714447021
YDR494W,YDR508C,0,,0.11443910747766495,0.9975369572639465,0.7719211578369141
YBR278W,YNL010W,0,,0.1144067794084549,0.9975369572639465,0.7721675038337708
YIL134W,YMR296C,0,,0.11437447369098663,0.9975369572639465,0.7724137902259827
YCR030C,YPL188W,0,,0.11434218287467957,0.9975369572639465,0.7726600766181946
YLL017W,YKR044W,0,,0.11430990695953369,0.9975369572639465,0.7729064226150513
YIR018W,YPL259C,0,,0.11427765339612961,0.9975369572639465,0.7731527090072632
YDR518W,YHR082C,0,,0.11424541473388672,0.9975369572639465,0.7733989953994751
YIL021W,YLL012W,0,,0.11421319842338562,0.9975369572639465,0.7736453413963318
YDL024C,YDL070W,0,,0.11418099701404572,0.9975369572639465,0.7738916277885437
YKL119C,YMR203W,0,,0.1141488179564476,0.9975369572639465,0.7741379141807556
YJL191W,YER087C-B,0,,0.11411665380001068,0.9975369572639465,0.7743842601776123
YDL208W,YDL039C,0,,0.11408450454473495,0.9975369572639465,0.7746305465698242
YDR304C,YBL068W,0,,0.11405237764120102,0.9975369572639465,0.7748768329620361
YGL094C,YPL098C,0,,0.11402027308940887,0.9975369572639465,0.7751231789588928
YBL101W-B,YLR348C,0,,0.11398817598819733,0.9975369572639465,0.7753694653511047
YGL212W,YPL167C,0,,0.11395610868930817,0.9975369572639465,0.7756157517433167
YOR274W,YGL226C-A,0,,0.1139240488409996,0.9975369572639465,0.7758620977401733
YDR411C,YBL029C-A,0,,0.11389201134443283,0.9975369572639465,0.7761083841323853
YLR305C,YOR204W,0,,0.11385999619960785,0.9975369572639465,0.7763546705245972
YOL141W,YLL043W,0,,0.11382799595594406,0.9975369572639465,0.7766009569168091
YLR113W,YCL025C,0,,0.11379601061344147,0.9975369572639465,0.7768473029136658
YNL284C-A,YBR031W,0,,0.11376404762268066,0.9975369572639465,0.7770935893058777
YJL194W,YJL200C,0,,0.11373209953308105,0.9975369572639465,0.7773398756980896
YHR004C,YBR075W,0,,0.11370016634464264,0.9975369572639465,0.7775862216949463
YOL165C,YLL004W,0,,0.11366825550794601,0.9975369572639465,0.7778325080871582
YPR137W,YDL015C,0,,0.11363636702299118,0.9975369572639465,0.7780787944793701
YNL050C,YAL038W,0,,0.11360448598861694,0.9975369572639465,0.7783251404762268
YMR315W,YBR002C,0,,0.1135726273059845,0.9975369572639465,0.7785714268684387
YJR004C,YJL194W,0,,0.11354079097509384,0.9975369572639465,0.7788177132606506
YDL227C,YLR042C,0,,0.11350896954536438,0.9975369572639465,0.7790640592575073
YGR258C,YDR403W,0,,0.11347716301679611,0.9975369572639465,0.7793103456497192
YJR130C,YCL026C-B,0,,0.11344537883996964,0.9975369572639465,0.7795566320419312
YPL110C,YDR173C,0,,0.11341360956430435,0.9975369572639465,0.7798029780387878
YJR130C,YLR325C,0,,0.11338185518980026,0.9975369572639465,0.7800492644309998
YCL024W,YHR041C,0,,0.11335012316703796,0.9975369572639465,0.7802955508232117
YOR237W,YNL281W,0,,0.11331841349601746,0.9975369572639465,0.7805418968200684
YMR046C,YER115C,0,,0.11328671127557755,0.9975369572639465,0.7807881832122803
YOL145C,YGR145W,0,,0.11325503140687943,0.9975369572639465,0.7810344696044922
YDR172W,YJR130C,0,,0.1132233738899231,0.9975369572639465,0.7812808156013489
YLR391W,YGR239C,0,,0.11319172382354736,0.9975369572639465,0.7815271019935608
YJR010W,YPR200C,0,,0.11316010355949402,0.9975369572639465,0.7817733883857727
YDL040C,YLR145W,0,,0.11312849074602127,0.9975369572639465,0.7820196747779846
YJL004C,YBR095C,0,,0.11309690028429031,0.9975369572639465,0.7822660207748413
YCL018W,YDL206W,0,,0.11306532472372055,0.9975369572639465,0.7825123071670532
YLL002W,YBR202W,0,,0.11303377151489258,0.9975369572639465,0.7827585935592651
YGL010W,YMR159C,0,,0.1130022332072258,0.9975369572639465,0.7830049395561218
YEL052W,YIR005W,0,,0.11297070980072021,0.9975369572639465,0.7832512259483337
YDL084W,YOR304W,0,,0.11293920874595642,0.9975369572639465,0.7834975123405457
YJL034W,YBR115C,0,,0.11290772259235382,0.9975369572639465,0.7837438583374023
YBR120C,YDL045C,0,,0.11287625133991241,0.9975369572639465,0.7839901447296143
YLR394W,YLL012W,0,,0.1128448024392128,0.9975369572639465,0.7842364311218262
YOL129W,YDR233C,0,,0.11281336843967438,0.9975369572639465,0.7844827771186829
YDL206W,YLR129W,0,,0.11278195679187775,0.9975369572639465,0.7847290635108948
YCR030C,YBR238C,0,,0.11275056004524231,0.9975369572639465,0.7849753499031067
YMR241W,YBR037C,0,,0.11271917819976807,0.9975369572639465,0.7852216958999634
YDR207C,YMR159C,0,,0.11268781125545502,0.9975369572639465,0.7854679822921753
YPL042C,YLR227W-B,0,,0.11265646666288376,0.9975369572639465,0.7857142686843872
YER162C,YOR142W,0,,0.1126251369714737,0.9975369572639465,0.7859606146812439
YDR476C,YLR391W,0,,0.11259382963180542,0.9975369572639465,0.7862069010734558
YOR142W-A,YIL017W,0,,0.11256253719329834,0.9975369572639465,0.7864531874656677
YOL045W,YGR239C,0,,0.11253125965595245,0.9975369572639465,0.7866995334625244
YLR005W,YBL092W,0,,0.11249999701976776,0.9975369572639465,0.7869458198547363
YJR070C,YFR021W,0,,0.11246875673532486,0.9975369572639465,0.7871921062469482
YER017C,YLR164W,0,,0.11243753135204315,0.9975369572639465,0.7874384522438049
YNR028W,YER002W,0,,0.11240632832050323,0.9975369572639465,0.7876847386360168
YGR081C,YGR214W,0,,0.11237514019012451,0.9975369572639465,0.7879310250282288
YPR162C,YDL054C,0,,0.11234396696090698,0.9975369572639465,0.7881773114204407
YGL112C,YPL065W,0,,0.11231280863285065,0.9975369572639465,0.7884236574172974
YHR002W,YJR028W,0,,0.1122816726565361,0.9975369572639465,0.7886699438095093
YOR324C,YBR074W,0,,0.11225055158138275,0.9975369572639465,0.7889162302017212
YDR164C,YCR011C,0,,0.11221945285797119,0.9975369572639465,0.7891625761985779
YJR051W,YDR449C,0,,0.11218836903572083,0.9975369572639465,0.7894088625907898
YJR149W,YPR149W,0,,0.11215730011463165,0.9975369572639465,0.7896551489830017
YHR074W,YLR208W,0,,0.11212624609470367,0.9975369572639465,0.7899014949798584
YEL069C,YKL174C,0,,0.11209521442651749,0.9975369572639465,0.7901477813720703
YCR060W,YJR147W,0,,0.11206419765949249,0.9975369572639465,0.7903940677642822
YBR026C,YDL225W,0,,0.11203319579362869,0.9975369572639465,0.7906404137611389
YNL307C,YIR039C,0,,0.11200220882892609,0.9975369572639465,0.7908867001533508
YMR089C,YER055C,0,,0.11197124421596527,0.9975369572639465,0.7911329865455627
YOR292C,YOR251C,0,,0.11194030195474625,0.9975369572639465,0.7913793325424194
YDR419W,YJL141C,0,,0.11190936714410782,0.9975369572639465,0.7916256189346313
YNL107W,YLR047C,0,,0.11187845468521118,0.9975369572639465,0.7918719053268433
YJR004C,YNL010W,0,,0.11184755712747574,0.9975369572639465,0.7921182513237
YFL011W-A,YML028W,0,,0.11181667447090149,0.9975369572639465,0.7923645377159119
YKL124W,YOR353C,0,,0.11178581416606903,0.9975369572639465,0.7926108241081238
YGR264C,YDR207C,0,,0.11175496876239777,0.9975369572639465,0.7928571701049805
YHR132C,YKL172W,0,,0.1117241382598877,0.9975369572639465,0.7931034564971924
YFL038C,YLR264W,0,,0.11169332265853882,0.9975369572639465,0.7933497428894043
YGR252W,YDL170W,0,,0.11166252940893173,0.9975369572639465,0.793596088886261
YBR066C,YNL307C,0,,0.11163175106048584,0.9975369572639465,0.7938423752784729
YGL170C,YHR109W,0,,0.11160099506378174,0.9975369572639465,0.7940886616706848
YJR036C,YBR222C,0,,0.11157024651765823,0.9975369572639465,0.7943349480628967
YHR012W,YLR213C,0,,0.11153952032327652,0.9975369572639465,0.7945812940597534
YOR138C,YKL186C,0,,0.111508809030056,0.9975369572639465,0.7948275804519653
YDR337W,YGL004C,0,,0.11147812008857727,0.9975369572639465,0.7950738668441772
YFR001W,YPL274W,0,,0.11144743859767914,0.9975369572639465,0.7953202128410339
YBR118W,YLR213C,0,,0.1114167794585228,0.9975369572639465,0.7955664992332458
YFL014W,YNR003C,0,,0.11138613522052765,0.9975369572639465,0.7958127856254578
YPR035W,YDR137W,0,,0.11135551333427429,0.9975369572639465,0.7960591316223145
YNR018W,YKL144C,0,,0.11132490634918213,0.9975369572639465,0.7963054180145264
YDR527W,YJL155C,0,,0.11129431426525116,0.9975369572639465,0.7965517044067383
YMR061W,YJL124C,0,,0.11126373708248138,0.9975369572639465,0.796798050403595
YHR132C,YMR008C,0,,0.1112331748008728,0.9975369572639465,0.7970443367958069
YGR105W,YHR109W,0,,0.11120263487100601,0.9975369572639465,0.7972906231880188
YGR255C,YLR153C,0,,0.11117210984230042,0.9975369572639465,0.7975369691848755
YGR252W,YOR287C,0,,0.11114159971475601,0.9975369572639465,0.7977832555770874
YLR344W,YJL085W,0,,0.1111111119389534,0.9975369572639465,0.7980295419692993
YBR052C,YOR311C,0,,0.11108063906431198,0.9975369572639465,0.798275887966156
YML073C,YPR001W,0,,0.11105018109083176,0.9975369572639465,0.7985221743583679
YIL083C,YPR043W,0,,0.11101973801851273,0.9975369572639465,0.7987684607505798
YGR268C,YKL097W-A,0,,0.11098930984735489,0.9975369572639465,0.7990148067474365
YBR128C,YKL067W,0,,0.11095890402793884,0.9975369572639465,0.7992610931396484
YLR395C,YKL124W,0,,0.11092851310968399,0.9975369572639465,0.7995073795318604
YNL122C,YAL039C,0,,0.11089813709259033,0.9975369572639465,0.7997536659240723
YOL145C,YPR035W,0,,0.11086778342723846,0.9975369572639465,0.800000011920929
YMR032W,YOR299W,0,,0.1108374372124672,0.9975369572639465,0.8002462983131409
YNL232W,YLR043C,0,,0.11080711334943771,0.9975369572639465,0.8004925847053528
YCR087C-A,YKL003C,0,,0.11077680438756943,0.9975369572639465,0.8007389307022095
YOL165C,YMR089C,0,,0.11074651032686234,0.9975369572639465,0.8009852170944214
YDL133C-A,YNL307C,0,,0.11071623861789703,0.9975369572639465,0.8012315034866333
YOR304W,YPL083C,0,,0.11068598181009293,0.9975369572639465,0.80147784948349
YOL070C,YJR032W,0,,0.11065573990345001,0.9975369572639465,0.8017241358757019
YPR113W,YLR028C,0,,0.11062551289796829,0.9975369572639465,0.8019704222679138
YKL093W,YOR148C,0,,0.11059530079364777,0.9975369572639465,0.8022167682647705
YNL044W,YBR192W,0,,0.11056511104106903,0.9975369572639465,0.8024630546569824
YNL110C,YMR229C,0,,0.11053493618965149,0.9975369572639465,0.8027093410491943
YGR034W,YIL083C,0,,0.11050477623939514,0.9975369572639465,0.802955687046051
YPR162C,YLR129W,0,,0.11047463119029999,0.9975369572639465,0.8032019734382629
YBR031W,YPL093W,0,,0.11044450849294662,0.9975369572639465,0.8034482598304749
YBR183W,YJL071W,0,,0.11041439324617386,0.9975369572639465,0.8036946058273315
YIL170W,YGR239C,0,,0.11038430035114288,0.9975369572639465,0.8039408922195435
YER175C,YMR093W,0,,0.1103542223572731,0.9975369572639465,0.8041871786117554
YHR002W,YOR378W,0,,0.11032415926456451,0.9975369572639465,0.8044335246086121
YMR238W,YER090W,0,,0.11029411852359772,0.9975369572639465,0.804679811000824
YDR378C,YGL148W,0,,0.11026409268379211,0.9975369572639465,0.8049260973930359
YDR378C,YBL079W,0,,0.11023407429456711,0.9975369572639465,0.8051724433898926
YMR301C,YMR229C,0,,0.11020407825708389,0.9975369572639465,0.8054187297821045
YDL245C,YAR031W,0,,0.11017410457134247,0.9975369572639465,0.8056650161743164
YJR004C,YNL230C,0,,0.11014413833618164,0.9975369572639465,0.8059113025665283
YKL001C,YIR005W,0,,0.1101141944527626,0.9975369572639465,0.806157648563385
YGR258C,YPL099C,0,,0.11008426547050476,0.9975369572639465,0.8064039349555969
YBL101W-B,YPL188W,0,,0.11005435138940811,0.9975369572639465,0.8066502213478088
YEL069C,YGR216C,0,,0.11002445220947266,0.9975369572639465,0.8068965673446655
YJR078W,YBL052C,0,,0.1099945679306984,0.9975369572639465,0.8071428537368774
YOR355W,YDL148C,0,,0.10996470600366592,0.9975369572639465,0.8073891401290894
YGR271W,YNL122C,0,,0.10993485152721405,0.9975369572639465,0.807635486125946
YDR059C,YKL082C,0,,0.10990501940250397,0.9975369572639465,0.807881772518158
YJR147W,YGR239C,0,,0.10987520217895508,0.9975369572639465,0.8081280589103699
YLR353W,YCR046C,0,,0.10984539985656738,0.9975369572639465,0.8083744049072266
YFL066C,YDL170W,0,,0.10981561988592148,0.9975369572639465,0.8086206912994385
YBR066C,YOR343W-B,0,,0.10978584736585617,0.9975369572639465,0.8088669776916504
YPL244C,YML039W,0,,0.10975609719753265,0.9975369572639465,0.8091133236885071
YER151C,YKL097W-A,0,,0.10972636193037033,0.9975369572639465,0.809359610080719
YGR281W,YGL122C,0,,0.1096966415643692,0.9975369572639465,0.8096058964729309
YDR137W,YFR052W,0,,0.10966693609952927,0.9975369572639465,0.8098522424697876
YBL112C,YIR005W,0,,0.10963725298643112,0.9975369572639465,0.8100985288619995
YOL045W,YMR218C,0,,0.10960757732391357,0.9975369572639465,0.8103448152542114
YJR005W,YJL117W,0,,0.10957792401313782,0.9975369572639465,0.8105911612510681
YBR042C,YOR393W,0,,0.10954828560352325,0.9975369572639465,0.81083744764328
YGR264C,YGR155W,0,,0.10951866209506989,0.9975369572639465,0.8110837340354919
YGL014W,YDL140C,0,,0.10948905348777771,0.9975369572639465,0.8113300204277039
YPR026W,YGL062W,0,,0.10945945978164673,0.9975369572639465,0.8115763664245605
YDR196C,YOR123C,0,,0.10942988097667694,0.9975369572639465,0.8118226528167725
YGL037C,YNL121C,0,,0.10940032452344894,0.9975369572639465,0.8120689392089844
YNL284C-A,YML006C,0,,0.10937078297138214,0.9975369572639465,0.8123152852058411
YPR111W,YJR130C,0,,0.10934125632047653,0.9975369572639465,0.812561571598053
YDR411C,YBR115C,0,,0.10931174457073212,0.9975369572639465,0.8128078579902649
YEL052W,YGL241W,0,,0.1092822477221489,0.9975369572639465,0.8130542039871216
YOL070C,YMR186W,0,,0.10925276577472687,0.9975369572639465,0.8133004903793335
YPR204W,YMR272C,0,,0.10922329872846603,0.9975369572639465,0.8135467767715454
YPR026W,YAL060W,0,,0.10919385403394699,0.9975369572639465,0.8137931227684021
YJL030W,YGL004C,0,,0.10916441679000854,0.9975369572639465,0.814039409160614
YIL139C,YBR281C,0,,0.10913500189781189,0.9975369572639465,0.8142856955528259
YLL051C,YMR049C,0,,0.10910560190677643,0.9975369572639465,0.8145320415496826
YGR145W,YIL017W,0,,0.10907621681690216,0.9975369572639465,0.8147783279418945
YLR386W,YBL068W,0,,0.10904684662818909,0.9975369572639465,0.8150246143341064
YDR067C,YGR271W,0,,0.1090174987912178,0.9975369572639465,0.8152709603309631
YNL006W,YML039W,0,,0.10898815840482712,0.9975369572639465,0.815517246723175
YJL060W,YAL016W,0,,0.10895884037017822,0.9975369572639465,0.815763533115387
YDL084W,YPL252C,0,,0.10892952978610992,0.9975369572639465,0.8160098791122437
YHR060W,YNR017W,0,,0.10890024155378342,0.9975369572639465,0.8162561655044556
YJR010W,YGR264C,0,,0.1088709682226181,0.9975369572639465,0.8165024518966675
YKR066C,YER002W,0,,0.10884170979261398,0.9975369572639465,0.8167487978935242
YPR113W,YNL182C,0,,0.10881246626377106,0.9975369572639465,0.8169950842857361
YCR060W,YJR028W,0,,0.10878323763608932,0.9975369572639465,0.817241370677948
YGL112C,YPL188W,0,,0.10875403136014938,0.9975369572639465,0.8174876570701599
YPL183W-A,YPL011C,0,,0.10872483253479004,0.9975369572639465,0.8177340030670166
YNL102W,YIL006W,0,,0.10869564861059189,0.9975369572639465,0.8179802894592285
YGR246C,YHR109W,0,,0.10866648703813553,0.9975369572639465,0.8182265758514404
YJL214W,YCL052C,0,,0.10863734036684036,0.9975369572639465,0.8184729218482971
YBR177C,YNL236W,0,,0.10860820859670639,0.9975369572639465,0.818719208240509
YMR019W,YGL122C,0,,0.10857909172773361,0.9975369572639465,0.818965494632721
YJL171C,YKL189W,0,,0.10854998975992203,0.9975369572639465,0.8192118406295776
YDR304C,YCR012W,0,,0.10852090269327164,0.9975369572639465,0.8194581270217896
YCR060W,YJR034W,0,,0.10849183052778244,0.9975369572639465,0.8197044134140015
YIL061C,YKL061W,0,,0.10846277326345444,0.9975369572639465,0.8199507594108582
YOR343W-B,YDL021W,0,,0.10843373835086823,0.9975369572639465,0.8201970458030701
YNR035C,YGR222W,0,,0.10840471088886261,0.9975369572639465,0.820443332195282
YGL113W,YLR213C,0,,0.10837570577859879,0.9975369572639465,0.8206896781921387
YDL111C,YPL167C,0,,0.10834670811891556,0.9975369572639465,0.8209359645843506
YER013W,YJR026W,0,,0.10831773281097412,0.9975369572639465,0.8211822509765625
YGR056W,YKL124W,0,,0.10828877240419388,0.9975369572639465,0.8214285969734192
YGL180W,YGR276C,0,,0.10825982689857483,0.9975369572639465,0.8216748833656311
YBR247C,YNL284C,0,,0.10823089629411697,0.9975369572639465,0.821921169757843
YJR055W,YDL039C,0,,0.10820198059082031,0.9975369572639465,0.8221675157546997
YOR237W,YFL066C,0,,0.10817307978868484,0.9975369572639465,0.8224138021469116
YHR061C,YNL258C,0,,0.10814419388771057,0.9975369572639465,0.8226600885391235
YLL045C,YOL043C,0,,0.10811532288789749,0.9975369572639465,0.8229063749313354
YDR174W,YJL178C,0,,0.1080864667892456,0.9975369572639465,0.8231527209281921
YMR301C,YMR136W,0,,0.10805763304233551,0.9975369572639465,0.823399007320404
YDL170W,YNL175C,0,,0.10802880674600601,0.9975369572639465,0.823645293712616
YGR012W,YPL208W,0,,0.1080000028014183,0.9975369572639465,0.8238916397094727
YPL147W,YAL031C,0,,0.1079712063074112,0.9975369572639465,0.8241379261016846
YLR113W,YBR172C,0,,0.10794243216514587,0.9975369572639465,0.8243842124938965
YKL022C,YGL259W,0,,0.10791366547346115,0.9975369572639465,0.8246305584907532
YDR460W,YER014C-A,0,,0.10788492113351822,0.9975369572639465,0.8248768448829651
YPR026W,YGL060W,0,,0.10785619169473648,0.9975369572639465,0.825123131275177
YLR024C,YNR044W,0,,0.10782747715711594,0.9975369572639465,0.8253694772720337
YNL138W,YOL053C-A,0,,0.10779877752065659,0.9975369572639465,0.8256157636642456
YML073C,YOR085W,0,,0.10777009278535843,0.9975369572639465,0.8258620500564575
YBR111W-A,YMR025W,0,,0.10774142295122147,0.9975369572639465,0.8261083960533142
YKR071C,YDR457W,0,,0.1077127680182457,0.9975369572639465,0.8263546824455261
YPL151C,YCR060W,0,,0.10768412798643112,0.9975369572639465,0.826600968837738
YDR332W,YMR213W,0,,0.10765550285577774,0.9975369572639465,0.8268473148345947
YMR049C,YKL175W,0,,0.10762689262628555,0.9975369572639465,0.8270936012268066
YLR404W,YEL056W,0,,0.10759829729795456,0.9975369572639465,0.8273398876190186
YGR109W-B,YAL017W,0,,0.10756972432136536,0.9975369572639465,0.8275862336158752
YBL029C-A,YLR213C,0,,0.10754115879535675,0.9975369572639465,0.8278325200080872
YPL110C,YOL062C,0,,0.10751260817050934,0.9975369572639465,0.8280788064002991
YNL160W,YDR364C,0,,0.10748407989740372,0.9975369572639465,0.8283251523971558
YMR112C,YBL092W,0,,0.10745555907487869,0.9975369572639465,0.8285714387893677
YNR044W,YAL040C,0,,0.10742705315351486,0.9975369572639465,0.8288177251815796
YMR269W,YBL028C,0,,0.10739856958389282,0.9975369572639465,0.8290640115737915
YPR194C,YER019C-A,0,,0.10737009346485138,0.9975369572639465,0.8293103575706482
YPL257W-B,YFL001W,0,,0.10734163969755173,0.9975369572639465,0.8295566439628601
YLR386W,YOR098C,0,,0.10731319338083267,0.9975369572639465,0.829802930355072
YDR172W,YBR287W,0,,0.10728476941585541,0.9975369572639465,0.8300492763519287
YPR113W,YPL183W-A,0,,0.10725635290145874,0.9975369572639465,0.8302955627441406
YGL256W,YDL070W,0,,0.10722795873880386,0.9975369572639465,0.8305418491363525
YLR165C,YOL155C,0,,0.10719957947731018,0.9975369572639465,0.8307881951332092
YJL060W,YMR268W-A,0,,0.1071712076663971,0.9975369572639465,0.8310344815254211
YGR161W-B,YGL237C,0,,0.1071428582072258,0.9975369572639465,0.8312807679176331
YGR282C,YNL052W,0,,0.1071145236492157,0.9975369572639465,0.8315271139144897
YDR451C,YGR179C,0,,0.1070861965417862,0.9975369572639465,0.8317734003067017
YLR447C,YOR209C,0,,0.10705789178609848,0.9975369572639465,0.8320196866989136
YFL057C,YMR180C,0,,0.10702960193157196,0.9975369572639465,0.8322660326957703
YDR059C,YER104W,0,,0.10700131952762604,0.9975369572639465,0.8325123190879822
YPR137W,YCR011C,0,,0.1069730594754219,0.9975369572639465,0.8327586054801941
YKL117W,YDR373W,0,,0.10694481432437897,0.9975369572639465,0.8330049514770508
YKL096W-A,YLR278C,0,,0.10691657662391663,0.9975369572639465,0.8332512378692627
YDR351W,YGR052W,0,,0.10688836127519608,0.9975369572639465,0.8334975242614746
YDL197C,YPL093W,0,,0.10686016082763672,0.9975369572639465,0.8337438702583313
YOR275C,YBR010W,0,,0.10683196783065796,0.9975369572639465,0.8339901566505432
YPR190C,YMR180C,0,,0.10680379718542099,0.9975369572639465,0.8342364430427551
YPL110C,YPR138C,0,,0.10677564144134521,0.9975369572639465,0.834482729434967
YPL150W,YJR151C,0,,0.10674749314785004,0.9975369572639465,0.8347290754318237
YNL281W,YCL008C,0,,0.10671936720609665,0.9975369572639465,0.8349753618240356
YPR182W,YJL114W,0,,0.10669125616550446,0.9975369572639465,0.8352216482162476
YNR031C,YDR296W,0,,0.10666315257549286,0.9975369572639465,0.8354679942131042
YNR021W,YOL124C,0,,0.10663507133722305,0.9975369572639465,0.8357142806053162
YLL003W,YBR115C,0,,0.10660700500011444,0.9975369572639465,0.8359605669975281
YKL020C,YGL233W,0,,0.10657894611358643,0.9975369572639465,0.8362069129943848
YNR067C,YOR162C,0,,0.1065509095788002,0.9975369572639465,0.8364531993865967
YOR084W,YGR264C,0,,0.10652288049459457,0.9975369572639465,0.8366994857788086
YJR006W,YOR098C,0,,0.10649487376213074,0.9975369572639465,0.8369458317756653
YDL171C,YPR002W,0,,0.1064668744802475,0.9975369572639465,0.8371921181678772
YPL094C,YDL198C,0,,0.10643889755010605,0.9975369572639465,0.8374384045600891
YOL141W,YKR026C,0,,0.1064109280705452,0.9975369572639465,0.8376847505569458
YGR285C,YFR052W,0,,0.10638298094272614,0.9975369572639465,0.8379310369491577
YGR034W,YPL244C,0,,0.10635504126548767,0.9975369572639465,0.8381773233413696
YJR083C,YJL214W,0,,0.1063271164894104,0.9975369572639465,0.8384236693382263
YJR127C,YKL096W-A,0,,0.10629921406507492,0.9975369572639465,0.8386699557304382
YMR270C,YEL056W,0,,0.10627131909132004,0.9975369572639465,0.8389162421226501
YOR142W,YJL079C,0,,0.10624343901872635,0.9975369572639465,0.8391625881195068
YJL178C,YOL028C,0,,0.10621558129787445,0.9975369572639465,0.8394088745117188
YIL139C,YDR389W,0,,0.10618773102760315,0.9975369572639465,0.8396551609039307
YGL186C,YOL052C,0,,0.10615989565849304,0.9975369572639465,0.8399015069007874
YOR148C,YOL054W,0,,0.10613207519054413,0.9975369572639465,0.8401477932929993
YBR247C,YGL163C,0,,0.10610426962375641,0.9975369572639465,0.8403940796852112
YOR298W,YGL046W,0,,0.10607647895812988,0.9975369572639465,0.8406403660774231
YMR321C,YIL080W,0,,0.10604870319366455,0.9975369572639465,0.8408867120742798
YDR167W,YLR043C,0,,0.10602094233036041,0.9975369572639465,0.8411329984664917
YER022W,YDR285W,0,,0.10599319636821747,0.9975369572639465,0.8413792848587036
YBR260C,YMR046C,0,,0.10596546530723572,0.9975369572639465,0.8416256308555603
YNL110C,YCL025C,0,,0.10593774169683456,0.9975369572639465,0.8418719172477722
YML036W,YBR281C,0,,0.1059100404381752,0.9975369572639465,0.8421182036399841
YDR064W,YPR163C,0,,0.10588235408067703,0.9975369572639465,0.8423645496368408
YGL050W,YDL077C,0,,0.10585467517375946,0.9975369572639465,0.8426108360290527
YGL174W,YFL017W-A,0,,0.10582701861858368,0.9975369572639465,0.8428571224212646
YNL273W,YOR353C,0,,0.1057993695139885,0.9975369572639465,0.8431034684181213
YMR295C,YMR075W,0,,0.1057717427611351,0.9975369572639465,0.8433497548103333
YNL232W,YJL117W,0,,0.1057441234588623,0.9975369572639465,0.8435960412025452
YJL155C,YPL257W-B,0,,0.1057165265083313,0.9975369572639465,0.8438423871994019
YDL142C,YGR246C,0,,0.10568893700838089,0.9975369572639465,0.8440886735916138
YOR194C,YMR267W,0,,0.10566136240959167,0.9975369572639465,0.8443349599838257
YDR131C,YKL061W,0,,0.10563380271196365,0.9975369572639465,0.8445813059806824
YPL273W,YER137C,0,,0.10560625791549683,0.9975369572639465,0.8448275923728943
YGR238C,YLR348C,0,,0.10557872802019119,0.9975369572639465,0.8450738787651062
YPR198W,YKL096W-A,0,,0.10555121302604675,0.9975369572639465,0.8453202247619629
YNL070W,YDR218C,0,,0.10552371293306351,0.9975369572639465,0.8455665111541748
YOL155C,YGR268C,0,,0.10549622029066086,0.9975369572639465,0.8458127975463867
YLR208W,YDR240C,0,,0.10546875,0.9975369572639465,0.8460590839385986
YLL041C,YLR029C,0,,0.10544129461050034,0.9975369572639465,0.8463054299354553
YDR205W,YJL213W,0,,0.10541384667158127,0.9975369572639465,0.8465517163276672
YKL038W,YOR194C,0,,0.1053864136338234,0.9975369572639465,0.8467980027198792
YAL040C,YEL029C,0,,0.10535900294780731,0.9975369572639465,0.8470443487167358
YDR403W,YDR364C,0,,0.10533159971237183,0.9975369572639465,0.8472906351089478
YBR196C,YKL168C,0,,0.10530421137809753,0.9975369572639465,0.8475369215011597
YDR403W,YJL176C,0,,0.10527683794498444,0.9975369572639465,0.8477832674980164
YGL010W,YGR246C,0,,0.10524947941303253,0.9975369572639465,0.8480295538902283
YGL170C,YLL040C,0,,0.10522213578224182,0.9975369572639465,0.8482758402824402
YGR161W-B,YJL171C,0,,0.1051948070526123,0.9975369572639465,0.8485221862792969
YFL048C,YDR496C,0,,0.10516748577356339,0.9975369572639465,0.8487684726715088
YMR013C,YDR254W,0,,0.10514018684625626,0.9975369572639465,0.8490147590637207
YDR159W,YDL040C,0,,0.10511289536952972,0.9975369572639465,0.8492611050605774
YOR327C,YGL060W,0,,0.10508562624454498,0.9975369572639465,0.8495073914527893
YOL057W,YHR109W,0,,0.10505836457014084,0.9975369572639465,0.8497536778450012
YJR057W,YER165W,0,,0.10503111779689789,0.9975369572639465,0.8500000238418579
YGR010W,YOR382W,0,,0.10500388592481613,0.9975369572639465,0.8502463102340698
YBR182C,YFL057C,0,,0.10497666895389557,0.9975369572639465,0.8504925966262817
YJL200C,YLR344W,0,,0.1049494668841362,0.9975369572639465,0.8507389426231384
YLL002W,YPL096W,0,,0.10492227971553802,0.9975369572639465,0.8509852290153503
YNL127W,YJR004C,0,,0.10489510744810104,0.9975369572639465,0.8512315154075623
YDL045W-A,YLR359W,0,,0.10486794263124466,0.9975369572639465,0.851477861404419
YGL209W,YOR378W,0,,0.10484080016613007,0.9975369572639465,0.8517241477966309
YLR353W,YOR279C,0,,0.10481366515159607,0.9975369572639465,0.8519704341888428
YHR069C,YJR005W,0,,0.10478654503822327,0.9975369572639465,0.8522167205810547
YDR449C,YNL290W,0,,0.10475943982601166,0.9975369572639465,0.8524630665779114
YMR146C,YPL078C,0,,0.10473234951496124,0.9975369572639465,0.8527093529701233
YKR056W,YNL274C,0,,0.10470527410507202,0.9975369572639465,0.8529556393623352
YNL290W,YER087C-B,0,,0.104678213596344,0.9975369572639465,0.8532019853591919
YPR158C-C,YOR349W,0,,0.10465116053819656,0.9975369572639465,0.8534482717514038
YJL141C,YML128C,0,,0.10462412983179092,0.9975369572639465,0.8536945581436157
YBR222C,YCL032W,0,,0.10459710657596588,0.9975369572639465,0.8539409041404724
YPR194C,YKL190W,0,,0.10457009822130203,0.9975369572639465,0.8541871905326843
YLL033W,YPR133W-A,0,,0.10454310476779938,0.9975369572639465,0.8544334769248962
YAR027W,YDL148C,0,,0.10451612621545792,0.9975369572639465,0.8546798229217529
YOR243C,YOR038C,0,,0.10448916256427765,0.9975369572639465,0.8549261093139648
YOL142W,YMR300C,0,,0.10446221381425858,0.9975369572639465,0.8551723957061768
YLR191W,YLR103C,0,,0.1044352725148201,0.9975369572639465,0.8554187417030334
YCR057C,YMR250W,0,,0.10440835356712341,0.9975369572639465,0.8556650280952454
YAR027W,YPL274W,0,,0.10438144207000732,0.9975369572639465,0.8559113144874573
YFL038C,YLR350W,0,,0.10435454547405243,0.9975369572639465,0.856157660484314
YGR171C,YGR134W,0,,0.10432766377925873,0.9975369572639465,0.8564039468765259
YOL082W,YIL170W,0,,0.10430079698562622,0.9975369572639465,0.8566502332687378
YEL070W,YDR222W,0,,0.10427394509315491,0.9975369572639465,0.8568965792655945
YKL190W,YPL110C,0,,0.10424710065126419,0.9975369572639465,0.8571428656578064
YDL107W,YNL092W,0,,0.10422027856111526,0.9975369572639465,0.8573891520500183
YBR002C,YLR268W,0,,0.10419346392154694,0.9975369572639465,0.8576354384422302
YJR028W,YOR251C,0,,0.1041666641831398,0.9975369572639465,0.8578817844390869
YJR031C,YMR246W,0,,0.10413987934589386,0.9975369572639465,0.8581280708312988
YLR025W,YPL110C,0,,0.10411310940980911,0.9975369572639465,0.8583743572235107
YER013W,YDR072C,0,,0.10408635437488556,0.9975369572639465,0.8586207032203674
YGR169C,YOR085W,0,,0.1040596067905426,0.9975369572639465,0.8588669896125793
YKL126W,YPR160W,0,,0.10403288155794144,0.9975369572639465,0.8591132760047913
YDR083W,YMR300C,0,,0.10400616377592087,0.9975369572639465,0.859359622001648
YOR377W,YGR171C,0,,0.10397946089506149,0.9975369572639465,0.8596059083938599
YMR146C,YLR157C,0,,0.10395277291536331,0.9975369572639465,0.8598521947860718
YIL088C,YDL074C,0,,0.10392609983682632,0.9975369572639465,0.8600985407829285
YNL172W,YBR281C,0,,0.10389943420886993,0.9975369572639465,0.8603448271751404
YIL159W,YGR070W,0,,0.10387279093265533,0.9975369572639465,0.8605911135673523
YER150W,YMR203W,0,,0.10384615510702133,0.9975369572639465,0.860837459564209
YEL069C,YGR056W,0,,0.10381953418254852,0.9975369572639465,0.8610837459564209
YFR045W,YKL096W-A,0,,0.10379292815923691,0.9975369572639465,0.8613300323486328
YGR034W,YER002W,0,,0.10376633703708649,0.9975369572639465,0.8615763783454895
YGL158W,YJL171C,0,,0.10373975336551666,0.9975369572639465,0.8618226647377014
YBR150C,YPR060C,0,,0.10371318459510803,0.9975369572639465,0.8620689511299133
YPR111W,YGR214W,0,,0.10368663817644119,0.9975369572639465,0.86231529712677
YIL143C,YLR042C,0,,0.10366009920835495,0.9975369572639465,0.8625615835189819
YGR268C,YLR389C,0,,0.1036335751414299,0.9975369572639465,0.8628078699111938
YPL011C,YAL031C,0,,0.10360705852508545,0.9975369572639465,0.8630542159080505
YOR025W,YHR008C,0,,0.10358056426048279,0.9975369572639465,0.8633005023002625
YKL130C,YFL013C,0,,0.10355407744646072,0.9975369572639465,0.8635467886924744
YKR071C,YOL057W,0,,0.10352760553359985,0.9975369572639465,0.8637930750846863
YNL231C,YNL044W,0,,0.10350114852190018,0.9975369572639465,0.864039421081543
YFR036W,YGR027C,0,,0.1034747064113617,0.9975369572639465,0.8642857074737549
YNL274C,YFR019W,0,,0.1034482792019844,0.9975369572639465,0.8645319938659668
YHR066W,YLR145W,0,,0.10342185944318771,0.9975369572639465,0.8647783398628235
YLR312W-A,YBR095C,0,,0.10339545458555222,0.9975369572639465,0.8650246262550354
YGR175C,YPR030W,0,,0.10336906462907791,0.9975369572639465,0.8652709126472473
YOR251C,YMR270C,0,,0.1033426895737648,0.9975369572639465,0.865517258644104
YKL061W,YDR470C,0,,0.10331632941961288,0.9975369572639465,0.8657635450363159
YOL057W,YDR415C,0,,0.10328997671604156,0.9975369572639465,0.8660098314285278
YHR175W,YOR298W,0,,0.10326363891363144,0.9975369572639465,0.8662561774253845
YKL038W,YIL076W,0,,0.10323731601238251,0.9975369572639465,0.8665024638175964
YHR012W,YKL001C,0,,0.10321100801229477,0.9975369572639465,0.8667487502098083
YOR349W,YOR351C,0,,0.10318471491336823,0.9975369572639465,0.866995096206665
YNL236W,YDL083C,0,,0.10315842926502228,0.9975369572639465,0.867241382598877
YER150W,YDL198C,0,,0.10313215851783752,0.9975369572639465,0.8674876689910889
YJL114W,YFR036W,0,,0.10310590267181396,0.9975369572639465,0.8677340149879456
YGL212W,YIL170W,0,,0.1030796617269516,0.9975369572639465,0.8679803013801575
YLR183C,YKR057W,0,,0.10305343568325043,0.9975369572639465,0.8682265877723694
YJR151C,YER145C,0,,0.10302721709012985,0.9975369572639465,0.8684729337692261
YLR206W,YGR246C,0,,0.10300102084875107,0.9975369572639465,0.868719220161438
YDL028C,YOR209C,0,,0.10297483205795288,0.9975369572639465,0.8689655065536499
YGL062W,YLR209C,0,,0.10294865071773529,0.9975369572639465,0.8692117929458618
YDR371W,YBR192W,0,,0.10292249172925949,0.9975369572639465,0.8694581389427185
YNR031C,YNL095C,0,,0.10289634019136429,0.9975369572639465,0.8697044253349304
YLL041C,YJL081C,0,,0.10287020355463028,0.9975369572639465,0.8699507117271423
YMR032W,YIL133C,0,,0.10284408181905746,0.9975369572639465,0.870197057723999
YGR282C,YGL169W,0,,0.10281797498464584,0.9975369572639465,0.8704433441162109
YNL102W,YKL095W,0,,0.10279187560081482,0.9975369572639465,0.8706896305084229
YJR031C,YDL170W,0,,0.10276579856872559,0.9975369572639465,0.8709359765052795
YGL162W,YBR271W,0,,0.10273972898721695,0.9975369572639465,0.8711822628974915
YGL170C,YPL252C,0,,0.10271366685628891,0.9975369572639465,0.8714285492897034
YGL050W,YER137C,0,,0.10268762707710266,0.9975369572639465,0.8716748952865601
YEL037C,YBR095C,0,,0.10266159474849701,0.9975369572639465,0.871921181678772
YLR386W,YGL169W,0,,0.10263557732105255,0.9975369572639465,0.8721674680709839
YIL170W,YDR151C,0,,0.10260957479476929,0.9975369572639465,0.8724138140678406
YGR251W,YGR214W,0,,0.10258358716964722,0.9975369572639465,0.8726601004600525
YML099C,YLR130C,0,,0.10255760699510574,0.9975369572639465,0.8729063868522644
YHR061C,YGR134W,0,,0.10253164917230606,0.9975369572639465,0.8731527328491211
YJR004C,YDR381C-A,0,,0.10250569134950638,0.9975369572639465,0.873399019241333
YDR451C,YPL078C,0,,0.10247975587844849,0.9975369572639465,0.8736453056335449
YDR530C,YLR050C,0,,0.10245383530855179,0.9975369572639465,0.8738916516304016
YPR162C,YGL122C,0,,0.10242792218923569,0.9975369572639465,0.8741379380226135
YMR013C,YMR097C,0,,0.10240202397108078,0.9975369572639465,0.8743842244148254
YDR245W,YKL095W,0,,0.10237614065408707,0.9975369572639465,0.8746305704116821
YDL059C,YPL065W,0,,0.10235026478767395,0.9975369572639465,0.874876856803894
YLL045C,YLR394W,0,,0.10232440382242203,0.9975369572639465,0.875123143196106
YKL174C,YGL148W,0,,0.1022985577583313,0.9975369572639465,0.8753694295883179
YGR282C,YBR026C,0,,0.10227272659540176,0.9975369572639465,0.8756157755851746
YOR279C,YLR026C,0,,0.10224691033363342,0.9975369572639465,0.8758620619773865
YIL094C,YJL214W,0,,0.10222110152244568,0.9975369572639465,0.8761083483695984
YOL004W,YKR006C,0,,0.10219530761241913,0.9975369572639465,0.8763546943664551
YPR189W,YLR047C,0,,0.10216952860355377,0.9975369572639465,0.876600980758667
YGR070W,YFL023W,0,,0.10214375704526901,0.9975369572639465,0.8768472671508789
YDR082W,YOL145C,0,,0.10211800038814545,0.9975369572639465,0.8770936131477356
YHR077C,YDR476C,0,,0.10209225863218307,0.9975369572639465,0.8773398995399475
YDR453C,YDR353W,0,,0.1020665317773819,0.9975369572639465,0.8775861859321594
YKL007W,YLR028C,0,,0.10204081982374191,0.9975369572639465,0.8778325319290161
YOR126C,YLR130C,0,,0.10201511532068253,0.9975369572639465,0.878078818321228
YCR093W,YLR394W,0,,0.10198942571878433,0.9975369572639465,0.8783251047134399
YIL095W,YOL028C,0,,0.10196374356746674,0.9975369572639465,0.8785714507102966
YOR212W,YNR044W,0,,0.10193808376789093,0.9975369572639465,0.8788177371025085
YPL134C,YDR173C,0,,0.10191243141889572,0.9975369572639465,0.8790640234947205
YMR227C,YGR271W,0,,0.1018867939710617,0.9975369572639465,0.8793103694915771
YHR061C,YCL032W,0,,0.10186116397380829,0.9975369572639465,0.8795566558837891
YLR321C,YFL013C,0,,0.10183555632829666,0.9975369572639465,0.879802942276001
YHR041C,YPL122C,0,,0.10180995613336563,0.9975369572639465,0.8800492882728577
YDR306C,YGL225W,0,,0.1017843708395958,0.9975369572639465,0.8802955746650696
YOR071C,YNL274C,0,,0.10175879299640656,0.9975369572639465,0.8805418610572815
YFR021W,YER185W,0,,0.10173323005437851,0.9975369572639465,0.8807882070541382
YLR153C,YDR403W,0,,0.10170768201351166,0.9975369572639465,0.8810344934463501
YLR321C,YGL103W,0,,0.101682148873806,0.9975369572639465,0.881280779838562
YKL201C,YJL130C,0,,0.10165662318468094,0.9975369572639465,0.8815270662307739
YBR067C,YGL004C,0,,0.10163111984729767,0.9975369572639465,0.8817734122276306
YMR321C,YER137C-A,0,,0.1016056165099144,0.9975369572639465,0.8820196986198425
YBR275C,YPL112C,0,,0.10158013552427292,0.9975369572639465,0.8822659850120544
YGR052W,YDR353W,0,,0.10155466198921204,0.9975369572639465,0.8825123310089111
YNL304W,YKL175W,0,,0.10152920335531235,0.9975369572639465,0.882758617401123
YMR033W,YMR179W,0,,0.10150375962257385,0.9975369572639465,0.883004903793335
YOL010W,YIL133C,0,,0.10147832334041595,0.9975369572639465,0.8832512497901917
YJL134W,YOR194C,0,,0.10145290940999985,0.9975369572639465,0.8834975361824036
YPR024W,YJL130C,0,,0.10142749547958374,0.9975369572639465,0.8837438225746155
YPL112C,YKR102W,0,,0.10140210390090942,0.9975369572639465,0.8839901685714722
YPR111W,YMR200W,0,,0.1013767197728157,0.9975369572639465,0.8842364549636841
YJL194W,YLR206W,0,,0.10135135054588318,0.9975369572639465,0.884482741355896
YLR107W,YBR271W,0,,0.10132599622011185,0.9975369572639465,0.8847290873527527
YDR263C,YIL132C,0,,0.10130064934492111,0.9975369572639465,0.8849753737449646
YGR161W-B,YCL003W,0,,0.10127531737089157,0.9975369572639465,0.8852216601371765
YLR029C,YDR381C-A,0,,0.10125000029802322,0.9975369572639465,0.8854680061340332
YNL175C,YLR213C,0,,0.10122469067573547,0.9975369572639465,0.8857142925262451
YDR296W,YMR186W,0,,0.10119940340518951,0.9975369572639465,0.885960578918457
YBL085W,YPL218W,0,,0.10117411613464355,0.9975369572639465,0.8862069249153137
YHR069C,YLR050C,0,,0.10114885121583939,0.9975369572639465,0.8864532113075256
YPL122C,YDR151C,0,,0.10112359374761581,0.9975369572639465,0.8866994976997375
YDR351W,YJR092W,0,,0.10109835118055344,0.9975369572639465,0.8869457840919495
YEL031W,YHR041C,0,,0.10107312351465225,0.9975369572639465,0.8871921300888062
YDL171C,YPL163C,0,,0.10104790329933167,0.9975369572639465,0.8874384164810181
YPL134C,YIL159W,0,,0.10102269798517227,0.9975369572639465,0.88768470287323
YNL095C,YGL203C,0,,0.10099750757217407,0.9975369572639465,0.8879310488700867
YDL045W-A,YGL071W,0,,0.10097232460975647,0.9975369572639465,0.8881773352622986
YNL138W-A,YGR258C,0,,0.10094715654850006,0.9975369572639465,0.8884236216545105
YFR013W,YLR129W,0,,0.10092200338840485,0.9975369572639465,0.8886699676513672
YJR004C,YAL024C,0,,0.10089685767889023,0.9975369572639465,0.8889162540435791
YLR033W,YLR153C,0,,0.1008717343211174,0.9975369572639465,0.889162540435791
YDR499W,YNL219C,0,,0.10084661096334457,0.9975369572639465,0.8894088864326477
YKL190W,YOR123C,0,,0.10082150995731354,0.9975369572639465,0.8896551728248596
YNR031C,YLR206W,0,,0.1007964164018631,0.9975369572639465,0.8899014592170715
YCL004W,YIL035C,0,,0.10077133774757385,0.9975369572639465,0.8901478052139282
YBR031W,YPL273W,0,,0.1007462665438652,0.9975369572639465,0.8903940916061401
YLR113W,YDR392W,0,,0.10072121024131775,0.9975369572639465,0.890640377998352
YDR233C,YKL096W-A,0,,0.10069616883993149,0.9975369572639465,0.8908867239952087
YNL274C,YKL015W,0,,0.10067114233970642,0.9975369572639465,0.8911330103874207
YKL119C,YML052W,0,,0.10064612329006195,0.9975369572639465,0.8913792967796326
YLR389C,YKL095W,0,,0.10062111914157867,0.9975369572639465,0.8916256427764893
YHR211W,YFR033C,0,,0.100596122443676,0.9975369572639465,0.8918719291687012
YIR011C,YOR338W,0,,0.1005711480975151,0.9975369572639465,0.8921182155609131
YGL026C,YGL220W,0,,0.10054617375135422,0.9975369572639465,0.8923645615577698
YOR239W,YOR285W,0,,0.10052122175693512,0.9975369572639465,0.8926108479499817
YGR268C,YLL043W,0,,0.10049627721309662,0.9975369572639465,0.8928571343421936
YLR404W,YCR026C,0,,0.10047134757041931,0.9975369572639465,0.8931034207344055
YNL008C,YBR067C,0,,0.1004464253783226,0.9975369572639465,0.8933497667312622
YLR447C,YPR080W,0,,0.10042152553796768,0.9975369572639465,0.8935960531234741
YKL200C,YDR262W,0,,0.10039662569761276,0.9975369572639465,0.893842339515686
YER151C,YHR061C,0,,0.10037174820899963,0.9975369572639465,0.8940886855125427
YOR226C,YFL017W-A,0,,0.1003468781709671,0.9975369572639465,0.8943349719047546
YJR082C,YNL208W,0,,0.10032202303409576,0.9975369572639465,0.8945812582969666
YIR011C,YDL021W,0,,0.10029717534780502,0.9975369572639465,0.8948276042938232
YKR019C,YLR256W-A,0,,0.10027234256267548,0.9975369572639465,0.8950738906860352
YJL176C,YNL078W,0,,0.10024752467870712,0.9975369572639465,0.8953201770782471
YJL030W,YLR401C,0,,0.10022271424531937,0.9975369572639465,0.8955665230751038
YBR230C,YDR222W,0,,0.1001979187130928,0.9975369572639465,0.8958128094673157
YLL003W,YLR009W,0,,0.10017313808202744,0.9975369572639465,0.8960590958595276
YLR145W,YMR268W-A,0,,0.10014836490154266,0.9975369572639465,0.8963054418563843
YHL012W,YGL148W,0,,0.10012360662221909,0.9975369572639465,0.8965517282485962
YKL190W,YDR131C,0,,0.1000988632440567,0.9975369572639465,0.8967980146408081
YNL153C,YFL057C,0,,0.10007412731647491,0.9975369572639465,0.8970443606376648
YIR025W,YDR404C,0,,0.10004940629005432,0.9975369572639465,0.8972906470298767
YNL304W,YOR008C,0,,0.10002470016479492,0.9975369572639465,0.8975369334220886
YBR260C,YMR093W,0,,0.10000000149011612,0.9975369572639465,0.8977832794189453
YER046W,YOR222W,0,,0.09997531771659851,0.9975369572639465,0.8980295658111572
YPR137C-A,YMR173W,0,,0.0999506413936615,0.9975369572639465,0.8982758522033691
YOR323C,YOR292C,0,,0.09992597997188568,0.9975369572639465,0.898522138595581
YKL189W,YDR226W,0,,0.09990133345127106,0.9975369572639465,0.8987684845924377
YMR193W,YBR026C,0,,0.09987669438123703,0.9975369572639465,0.8990147709846497
YNL044W,YOR298W,0,,0.0998520702123642,0.9975369572639465,0.8992610573768616
YGR034W,YNL208W,0,,0.09982746094465256,0.9975369572639465,0.8995074033737183
YGL172W,YNL281W,0,,0.09980285912752151,0.9975369572639465,0.8997536897659302
YDR263C,YMR159C,0,,0.09977827221155167,0.9975369572639465,0.8999999761581421
YBR294W,YBR187W,0,,0.09975369274616241,0.9975369572639465,0.9002463221549988
YKL061W,YPL104W,0,,0.09972912818193436,0.9975369572639465,0.9004926085472107
YPR133W-A,YBR074W,0,,0.09970457851886749,0.9975369572639465,0.9007388949394226
YKR019C,YOL053C-A,0,,0.09968003630638123,0.9975369572639465,0.9009852409362793
YDR030C,YBL112C,0,,0.09965550899505615,0.9975369572639465,0.9012315273284912
YKL186C,YJL095W,0,,0.09963099658489227,0.9975369572639465,0.9014778137207031
YFL038C,YGL019W,0,,0.09960649162530899,0.9975369572639465,0.9017241597175598
YLL003W,YPR043W,0,,0.0995820015668869,0.9975369572639465,0.9019704461097717
YPR137W,YDR508C,0,,0.09955751895904541,0.9975369572639465,0.9022167325019836
YLR182W,YDR527W,0,,0.09953305125236511,0.9975369572639465,0.9024630784988403
YMR089C,YLR391W,0,,0.09950859844684601,0.9975369572639465,0.9027093648910522
YGR281W,YIL095W,0,,0.0994841530919075,0.9975369572639465,0.9029556512832642
YKL180W,YFL001W,0,,0.09945972263813019,0.9975369572639465,0.9032019972801208
YKL171W,YER130C,0,,0.09943530708551407,0.9975369572639465,0.9034482836723328
YJR036C,YER190W,0,,0.09941089898347855,0.9975369572639465,0.9036945700645447
YDR109C,YER115C,0,,0.09938650578260422,0.9975369572639465,0.9039409160614014
YDR233C,YDL045W-A,0,,0.09936212003231049,0.9975369572639465,0.9041872024536133
YMR315W,YDR262W,0,,0.09933774918317795,0.9975369572639465,0.9044334888458252
YHR209W,YOR327C,0,,0.09931338578462601,0.9975369572639465,0.9046797752380371
YMR172W,YGL004C,0,,0.09928904473781586,0.9975369572639465,0.9049261212348938
YBR195C,YGR052W,0,,0.0992647036910057,0.9975369572639465,0.9051724076271057
YIL088C,YNL297C,0,,0.09924038499593735,0.9975369572639465,0.9054186940193176
YBL076C,YLR050C,0,,0.09921607375144958,0.9975369572639465,0.9056650400161743
YLL003W,YJL024C,0,,0.09919176995754242,0.9975369572639465,0.9059113264083862
YDR454C,YLR329W,0,,0.09916748106479645,0.9975369572639465,0.9061576128005981
YOL026C,YLL027W,0,,0.09914320707321167,0.9975369572639465,0.9064039587974548
YGR288W,YIR038C,0,,0.09911894053220749,0.9975369572639465,0.9066502451896667
YPR024W,YJL192C,0,,0.0990946888923645,0.9975369572639465,0.9068965315818787
YLR130C,YFL001W,0,,0.09907045215368271,0.9975369572639465,0.9071428775787354
YFL038C,YDR304C,0,,0.09904622286558151,0.9975369572639465,0.9073891639709473
YOR274W,YNL298W,0,,0.09902200847864151,0.9975369572639465,0.9076354503631592
YOR142W-B,YDR403W,0,,0.0989978015422821,0.9975369572639465,0.9078817963600159
YDR222W,YOR338W,0,,0.09897360950708389,0.9975369572639465,0.9081280827522278
YBR120C,YMR143W,0,,0.09894942492246628,0.9975369572639465,0.9083743691444397
YLR157C,YNL147W,0,,0.09892525523900986,0.9975369572639465,0.9086207151412964
YGR031C-A,YNL102W,0,,0.09890110045671463,0.9975369572639465,0.9088670015335083
YKL041W,YMR218C,0,,0.098876953125,0.9975369572639465,0.9091132879257202
YBR172C,YFL045C,0,,0.09885282069444656,0.9975369572639465,0.9093596339225769
YLR329W,YKL053C-A,0,,0.09882869571447372,0.9975369572639465,0.9096059203147888
YPR091C,YBL068W,0,,0.09880458563566208,0.9975369572639465,0.9098522067070007
YKL090W,YOL108C,0,,0.09878049045801163,0.9975369572639465,0.9100984930992126
YLR182W,YKL064W,0,,0.09875640273094177,0.9975369572639465,0.9103448390960693
YHR174W,YKL064W,0,,0.09873232245445251,0.9975369572639465,0.9105911254882812
YLR206W,YNL163C,0,,0.09870826452970505,0.9975369572639465,0.9108374118804932
YJR138W,YDR072C,0,,0.09868421405553818,0.9975369572639465,0.9110837578773499
YER014C-A,YOR327C,0,,0.0986601710319519,0.9975369572639465,0.9113300442695618
YMR172W,YMR034C,0,,0.09863614290952682,0.9975369572639465,0.9115763306617737
YCR060W,YLL019C,0,,0.09861212223768234,0.9975369572639465,0.9118226766586304
YLR440C,YMR296C,0,,0.09858812391757965,0.9975369572639465,0.9120689630508423
YER074W,YGR027C,0,,0.09856412559747696,0.9975369572639465,0.9123152494430542
YGL068W,YML097C,0,,0.09854014962911606,0.9975369572639465,0.9125615954399109
YHR211W,YJL082W,0,,0.09851617366075516,0.9975369572639465,0.9128078818321228
YOR074C,YAL063C,0,,0.09849222004413605,0.9975369572639465,0.9130541682243347
YDR364C,YER190W,0,,0.09846827387809753,0.9975369572639465,0.9133005142211914
YOR038C,YOR285W,0,,0.09844433516263962,0.9975369572639465,0.9135468006134033
YDR207C,YER190W,0,,0.0984204113483429,0.9975369572639465,0.9137930870056152
YOR340C,YOR162C,0,,0.09839650243520737,0.9975369572639465,0.9140394330024719
YDR383C,YOL165C,0,,0.09837260097265244,0.9975369572639465,0.9142857193946838
YJR070C,YGL004C,0,,0.0983487144112587,0.9975369572639465,0.9145320057868958
YPR190C,YJL171C,0,,0.09832483530044556,0.9975369572639465,0.9147783517837524
YCR030C,YGL094C,0,,0.09830097109079361,0.9975369572639465,0.9150246381759644
YGL209W,YLR289W,0,,0.09827711433172226,0.9975369572639465,0.9152709245681763
YGR171C,YJR112W,0,,0.0982532724738121,0.9975369572639465,0.915517270565033
YFL011W-A,YLL008W,0,,0.09822944551706314,0.9975369572639465,0.9157635569572449
YGR085C,YER090W,0,,0.09820562601089478,0.9975369572639465,0.9160098433494568
YDR423C,YDR364C,0,,0.0981818214058876,0.9975369572639465,0.9162561297416687
YIL021W,YGL169W,0,,0.09815802425146103,0.9975369572639465,0.9165024757385254
YGR010W,YDL197C,0,,0.09813423454761505,0.9975369572639465,0.9167487621307373
YOL086C,YOR084W,0,,0.09811046719551086,0.9975369572639465,0.9169950485229492
YBR115C,YGR276C,0,,0.09808670729398727,0.9975369572639465,0.9172413945198059
YKL009W,YCL032W,0,,0.09806295484304428,0.9975369572639465,0.9174876809120178
YDR195W,YNR028W,0,,0.09803921729326248,0.9975369572639465,0.9177339673042297
YOL165C,YGR012W,0,,0.09801548719406128,0.9975369572639465,0.9179803133010864
YOL057W,YOR317W,0,,0.09799177199602127,0.9975369572639465,0.9182265996932983
YNL052W,YGL030W,0,,0.09796807169914246,0.9975369572639465,0.9184728860855103
YOR206W,YGR255C,0,,0.09794437885284424,0.9975369572639465,0.9187192320823669
YDL246C,YPR200C,0,,0.09792069345712662,0.9975369572639465,0.9189655184745789
YOL010W,YDR373W,0,,0.09789703041315079,0.9975369572639465,0.9192118048667908
YCR052W,YLR042C,0,,0.09787336736917496,0.9975369572639465,0.9194581508636475
YMR301C,YFL013C,0,,0.09784971922636032,0.9975369572639465,0.9197044372558594
YNR072W,YKL095W,0,,0.09782608598470688,0.9975369572639465,0.9199507236480713
YGR282C,YNL231C,0,,0.09780246019363403,0.9975369572639465,0.920197069644928
YOR126C,YBR223C,0,,0.09777884930372238,0.9975369572639465,0.9204433560371399
YDR233C,YPL240C,0,,0.09775525331497192,0.9975369572639465,0.9206896424293518
YLR429W,YPL093W,0,,0.09773165732622147,0.9975369572639465,0.9209359884262085
YPR113W,YJL095W,0,,0.0977080836892128,0.9975369572639465,0.9211822748184204
YOL093W,YMR229C,0,,0.09768451750278473,0.9975369572639465,0.9214285612106323
YGL083W,YMR210W,0,,0.09766095876693726,0.9975369572639465,0.9216748476028442
YFR045W,YDL197C,0,,0.09763741493225098,0.9975369572639465,0.9219211935997009
YPR026W,YDL024C,0,,0.09761388599872589,0.9975369572639465,0.9221674799919128
YJL060W,YGL010W,0,,0.0975903645157814,0.9975369572639465,0.9224137663841248
YHR004C,YMR046C,0,,0.09756685048341751,0.9975369572639465,0.9226601123809814
YGR109W-B,YNR002C,0,,0.09754335135221481,0.9975369572639465,0.9229063987731934
YPR072W,YGR180C,0,,0.09751986712217331,0.9975369572639465,0.9231526851654053
YER055C,YLR187W,0,,0.0974963903427124,0.9975369572639465,0.923399031162262
YJL112W,YIL020C,0,,0.09747292101383209,0.9975369572639465,0.9236453175544739
YDR460W,YDL197C,0,,0.09744947403669357,0.9975369572639465,0.9238916039466858
YLR305C,YOL004W,0,,0.09742602705955505,0.9975369572639465,0.9241379499435425
YEL031W,YFL011W-A,0,,0.09740259498357773,0.9975369572639465,0.9243842363357544
YBR052C,YMR193W,0,,0.0973791778087616,0.9975369572639465,0.9246305227279663
YAL063C,YMR321C,0,,0.09735576808452606,0.9975369572639465,0.924876868724823
YKR044W,YFL021W,0,,0.09733237326145172,0.9975369572639465,0.9251231551170349
YLR183C,YBR111W-A,0,,0.09730898588895798,0.9975369572639465,0.9253694415092468
YNR074C,YHR029C,0,,0.09728561341762543,0.9975369572639465,0.9256157875061035
YLR268W,YDR138W,0,,0.09726224839687347,0.9975369572639465,0.9258620738983154
YAL016W,YOR187W,0,,0.09723889827728271,0.9975369572639465,0.9261083602905273
YPL099C,YKL003C,0,,0.09721555560827255,0.9975369572639465,0.926354706287384
YPR190C,YMR115W,0,,0.09719222784042358,0.9975369572639465,0.926600992679596
YIR025W,YPR001W,0,,0.09716890752315521,0.9975369572639465,0.9268472790718079
YDR164C,YCR046C,0,,0.09714560210704803,0.9975369572639465,0.9270936250686646
YCL036W,YKR036C,0,,0.09712230414152145,0.9975369572639465,0.9273399114608765
YOR176W,YGL103W,0,,0.09709901362657547,0.9975369572639465,0.9275861978530884
YPL002C,YBR173C,0,,0.09707574546337128,0.9975369572639465,0.9278324842453003
YOR106W,YBR261C,0,,0.09705247730016708,0.9975369572639465,0.928078830242157
YPR113W,YER168C,0,,0.09702923148870468,0.9975369572639465,0.9283251166343689
YOR054C,YHR069C,0,,0.09700598567724228,0.9975369572639465,0.9285714030265808
YKR056W,YAL040C,0,,0.09698276221752167,0.9975369572639465,0.9288177490234375
YPL099C,YPR001W,0,,0.09695953875780106,0.9975369572639465,0.9290640354156494
YDL171C,YLR227W-B,0,,0.09693633019924164,0.9975369572639465,0.9293103218078613
YHR074W,YMR295C,0,,0.09691313654184341,0.9975369572639465,0.929556667804718
YGL237C,YDL208W,0,,0.09688995033502579,0.9975369572639465,0.9298029541969299
YOR138C,YPL183W-A,0,,0.09686677902936935,0.9975369572639465,0.9300492405891418
YLL017W,YFL054C,0,,0.09684361517429352,0.9975369572639465,0.9302955865859985
YIL002C,YOR355W,0,,0.09682046622037888,0.9975369572639465,0.9305418729782104
YCR014C,YPL110C,0,,0.09679732471704483,0.9975369572639465,0.9307881593704224
YOR243C,YDL024C,0,,0.09677419066429138,0.9975369572639465,0.931034505367279
YLL027W,YPR163C,0,,0.09675107151269913,0.9975369572639465,0.931280791759491
YKL217W,YGL004C,0,,0.09672796726226807,0.9975369572639465,0.9315270781517029
YKL186C,YOR311C,0,,0.0967048704624176,0.9975369572639465,0.9317734241485596
YOR176W,YPL188W,0,,0.09668178856372833,0.9975369572639465,0.9320197105407715
YGR281W,YMR087W,0,,0.09665871411561966,0.9975369572639465,0.9322659969329834
YER046W,YPR133W-A,0,,0.09663564711809158,0.9975369572639465,0.9325123429298401
YJR147W,YER154W,0,,0.0966125950217247,0.9975369572639465,0.932758629322052
YDR457W,YDR353W,0,,0.09658955037593842,0.9975369572639465,0.9330049157142639
YBR067C,YLR026C,0,,0.09656652063131332,0.9975369572639465,0.9332512021064758
YDR173C,YNL290W,0,,0.09654350578784943,0.9975369572639465,0.9334975481033325
YJL112W,YML128C,0,,0.09652049839496613,0.9975369572639465,0.9337438344955444
YNL202W,YHL034C,0,,0.09649749845266342,0.9975369572639465,0.9339901208877563
YEL037C,YOR313C,0,,0.09647451341152191,0.9975369572639465,0.934236466884613
YKR054C,YOL111C,0,,0.096451535820961,0.9975369572639465,0.934482753276825
YPL002C,YCL043C,0,,0.09642857313156128,0.9975369572639465,0.9347290396690369
YOR222W,YJL006C,0,,0.09640561789274216,0.9975369572639465,0.9349753856658936
YOR074C,YPL273W,0,,0.09638267755508423,0.9975369572639465,0.9352216720581055
YOR084W,YHL034C,0,,0.0963597446680069,0.9975369572639465,0.9354679584503174
YLR025W,YGR072W,0,,0.09633681923151016,0.9975369572639465,0.9357143044471741
YMR276W,YLR209C,0,,0.09631390869617462,0.9975369572639465,0.935960590839386
YLR244C,YDL040C,0,,0.09629101306200027,0.9975369572639465,0.9362068772315979
YGR031C-A,YER103W,0,,0.09626812487840652,0.9975369572639465,0.9364532232284546
YGR282C,YPR006C,0,,0.09624524414539337,0.9975369572639465,0.9366995096206665
YLR316C,YML109W,0,,0.09622237831354141,0.9975369572639465,0.9369457960128784
YMR228W,YJL206C,0,,0.09619952738285065,0.9975369572639465,0.9371921420097351
YOR230W,YLR050C,0,,0.09617667645215988,0.9975369572639465,0.937438428401947
YFL057C,YBR192W,0,,0.09615384787321091,0.9975369572639465,0.9376847147941589
YDR473C,YCL003W,0,,0.09613102674484253,0.9975369572639465,0.9379310607910156
YNL107W,YOR098C,0,,0.09610821306705475,0.9975369572639465,0.9381773471832275
YOR222W,YKR044W,0,,0.09608540683984756,0.9975369572639465,0.9384236335754395
YJL004C,YMR090W,0,,0.09606261551380157,0.9975369572639465,0.9386699795722961
YMR145C,YHR008C,0,,0.09603983908891678,0.9975369572639465,0.9389162659645081
YJL060W,YGL113W,0,,0.09601707011461258,0.9975369572639465,0.93916255235672
YDL171C,YOR123C,0,,0.09599430859088898,0.9975369572639465,0.9394088387489319
YGL209W,YLL008W,0,,0.09597156196832657,0.9975369572639465,0.9396551847457886
YOL111C,YMR239C,0,,0.09594883024692535,0.9975369572639465,0.9399014711380005
YOL045W,YAR002C-A,0,,0.09592609852552414,0.9975369572639465,0.9401477575302124
YER050C,YLR080W,0,,0.09590338915586472,0.9975369572639465,0.9403941035270691
YBR183W,YOR226C,0,,0.09588067978620529,0.9975369572639465,0.940640389919281
YNL138W-A,YLR005W,0,,0.09585798531770706,0.9975369572639465,0.9408866763114929
YJL178C,YDR173C,0,,0.09583530575037003,0.9975369572639465,0.9411330223083496
YPR137C-A,YHR156C,0,,0.09581263363361359,0.9975369572639465,0.9413793087005615
YJL200C,YMR301C,0,,0.09578996896743774,0.9975369572639465,0.9416255950927734
YDR473C,YOR317W,0,,0.0957673192024231,0.9975369572639465,0.9418719410896301
YMR087W,YPL196W,0,,0.09574468433856964,0.9975369572639465,0.942118227481842
YOL145C,YNR006W,0,,0.09572204947471619,0.9975369572639465,0.942364513874054
YCR030C,YPL113C,0,,0.09569942951202393,0.9975369572639465,0.9426108598709106
YPL083C,YGR036C,0,,0.09567682445049286,0.9975369572639465,0.9428571462631226
YDL133C-A,YBR141C,0,,0.09565422683954239,0.9975369572639465,0.9431034326553345
YLR197W,YBL113C,0,,0.09563164412975311,0.9975369572639465,0.9433497786521912
YPL223C,YJR040W,0,,0.09560906887054443,0.9975369572639465,0.9435960650444031
YMR049C,YNL016W,0,,0.09558650106191635,0.9975369572639465,0.943842351436615
YAL022C,YOR243C,0,,0.09556394815444946,0.9975369572639465,0.9440886974334717
YDR196C,YGL200C,0,,0.09554140269756317,0.9975369572639465,0.9443349838256836
YDL029W,YCR055C,0,,0.09551886469125748,0.9975369572639465,0.9445812702178955
YJL171C,YDR173C,0,,0.09549634158611298,0.9975369572639465,0.9448275566101074
YLR440C,YAL040C,0,,0.09547383338212967,0.9975369572639465,0.9450739026069641
YBR182C,YKR056W,0,,0.09545133262872696,0.9975369572639465,0.945320188999176
YOR145C,YAR035W,0,,0.09542883932590485,0.9975369572639465,0.9455664753913879
YKR036C,YDR062W,0,,0.09540636092424393,0.9975369572639465,0.9458128213882446
YNL095C,YCL060C,0,,0.0953838899731636,0.9975369572639465,0.9460591077804565
YPR135W,YOR275C,0,,0.09536143392324448,0.9975369572639465,0.9463053941726685
YHR174W,YJL192C,0,,0.09533898532390594,0.9975369572639465,0.9465517401695251
YOL082W,YHR214C-B,0,,0.09531654417514801,0.9975369572639465,0.9467980265617371
YBL034C,YGL148W,0,,0.09529411792755127,0.9975369572639465,0.947044312953949
YKR066C,YLR309C,0,,0.09527169913053513,0.9975369572639465,0.9472906589508057
YDL217C,YNL117W,0,,0.09524929523468018,0.9975369572639465,0.9475369453430176
YOR343W-B,YBL112C,0,,0.09522689878940582,0.9975369572639465,0.9477832317352295
YBL058W,YPL240C,0,,0.09520450979471207,0.9975369572639465,0.9480295777320862
YPL196W,YDR381C-A,0,,0.0951821357011795,0.9975369572639465,0.9482758641242981
YKR055W,YJL134W,0,,0.09515977650880814,0.9975369572639465,0.94852215051651
YOR291W,YDL070W,0,,0.09513741731643677,0.9975369572639465,0.9487684965133667
YML032C,YOR287C,0,,0.09511508047580719,0.9975369572639465,0.9490147829055786
YJL024C,YKL201C,0,,0.09509274363517761,0.9975369572639465,0.9492610692977905
YOR232W,YOR008C,0,,0.09507042169570923,0.9975369572639465,0.9495074152946472
YCR011C,YMR267W,0,,0.09504810720682144,0.9975369572639465,0.9497537016868591
YLR107W,YOR378W,0,,0.09502580761909485,0.9975369572639465,0.949999988079071
YNL010W,YOL090W,0,,0.09500351548194885,0.9975369572639465,0.9502463340759277
YOR159C,YIL017W,0,,0.09498123824596405,0.9975369572639465,0.9504926204681396
YIL143C,YFR052W,0,,0.09495896846055984,0.9975369572639465,0.9507389068603516
YOR038C,YKL053C-A,0,,0.09493670612573624,0.9975369572639465,0.9509851932525635
YDL036C,YBR294W,0,,0.09491445869207382,0.9975369572639465,0.9512315392494202
YHR077C,YPL007C,0,,0.094892218708992,0.9975369572639465,0.9514778256416321
YPL122C,YDR240C,0,,0.09486999362707138,0.9975369572639465,0.951724112033844
YDL015C,YML036W,0,,0.09484777599573135,0.9975369572639465,0.9519704580307007
YLR410W-A,YOR261C,0,,0.09482556581497192,0.9975369572639465,0.9522167444229126
YOL129W,YOL010W,0,,0.09480337053537369,0.9975369572639465,0.9524630308151245
YBL092W,YAL029C,0,,0.09478118270635605,0.9975369572639465,0.9527093768119812
YLR353W,YLR394W,0,,0.0947590097784996,0.9975369572639465,0.9529556632041931
YNL274C,YNR010W,0,,0.09473684430122375,0.9975369572639465,0.953201949596405
YNL010W,YJR026W,0,,0.0947146862745285,0.9975369572639465,0.9534482955932617
YOR243C,YLR047C,0,,0.09469254314899445,0.9975369572639465,0.9536945819854736
YJR078W,YKL171W,0,,0.09467040747404099,0.9975369572639465,0.9539408683776855
YDL059C,YMR270C,0,,0.09464827924966812,0.9975369572639465,0.9541872143745422
YGR167W,YBR037C,0,,0.09462616592645645,0.9975369572639465,0.9544335007667542
YBR247C,YER175C,0,,0.09460406750440598,0.9975369572639465,0.9546797871589661
YKL206C,YLR016C,0,,0.0945819690823555,0.9975369572639465,0.9549261331558228
YNR067C,YJL178C,0,,0.09455988556146622,0.9975369572639465,0.9551724195480347
YNL095C,YMR213W,0,,0.09453781694173813,0.9975369572639465,0.9554187059402466
YDL078C,YMR136W,0,,0.09451575577259064,0.9975369572639465,0.9556650519371033
YMR194W,YJR026W,0,,0.09449370205402374,0.9975369572639465,0.9559113383293152
YCR030C,YMR321C,0,,0.09447165578603745,0.9975369572639465,0.9561576247215271
YFL033C,YOL136C,0,,0.09444962441921234,0.9975369572639465,0.956403911113739
YNL231C,YPR138C,0,,0.09442760795354843,0.9975369572639465,0.9566502571105957
YDR473C,YCR026C,0,,0.09440559148788452,0.9975369572639465,0.9568965435028076
YKL093W,YKR055W,0,,0.0943835899233818,0.9975369572639465,0.9571428298950195
YBR177C,YLR141W,0,,0.09436160326004028,0.9975369572639465,0.9573891758918762
YDR159W,YLR301W,0,,0.09433962404727936,0.9975369572639465,0.9576354622840881
YDR423C,YDR470C,0,,0.09431765228509903,0.9975369572639465,0.9578817486763
YOR291W,YOL028C,0,,0.0942956954240799,0.9975369572639465,0.9581280946731567
YAL033W,YDL039C,0,,0.09427374601364136,0.9975369572639465,0.9583743810653687
YOR168W,YHR156C,0,,0.09425180405378342,0.9975369572639465,0.9586206674575806
YIL079C,YKR069W,0,,0.09422987699508667,0.9975369572639465,0.9588670134544373
YGR281W,YLL017W,0,,0.09420795738697052,0.9975369572639465,0.9591132998466492
YDR373W,YLR309C,0,,0.09418604522943497,0.9975369572639465,0.9593595862388611
YGL014W,YKL203C,0,,0.09416414797306061,0.9975369572639465,0.9596059322357178
YLR191W,YIL094C,0,,0.09414225816726685,0.9975369572639465,0.9598522186279297
YGL183C,YER137C,0,,0.09412038326263428,0.9975369572639465,0.9600985050201416
YGR225W,YNL274C,0,,0.0940985158085823,0.9975369572639465,0.9603448510169983
YPL083C,YKR044W,0,,0.09407665580511093,0.9975369572639465,0.9605911374092102
YBL028C,YPR127W,0,,0.09405481070280075,0.9975369572639465,0.9608374238014221
YKL174C,YHR060W,0,,0.09403297305107117,0.9975369572639465,0.9610837697982788
YLR163C,YOL101C,0,,0.09401114284992218,0.9975369572639465,0.9613300561904907
YPR158C-C,YGL241W,0,,0.09398932754993439,0.9975369572639465,0.9615763425827026
YBR010W,YLR309C,0,,0.09396751970052719,0.9975369572639465,0.9618226885795593
YDR079W,YBR238C,0,,0.09394571930170059,0.9975369572639465,0.9620689749717712
YPL131W,YDR416W,0,,0.09392393380403519,0.9975369572639465,0.9623152613639832
YLR208W,YGL200C,0,,0.09390215575695038,0.9975369572639465,0.9625615477561951
YDR429C,YOR232W,0,,0.09388039261102676,0.9975369572639465,0.9628078937530518
YLR183C,YOR230W,0,,0.09385862946510315,0.9975369572639465,0.9630541801452637
YOR187W,YJL130C,0,,0.09383688867092133,0.9975369572639465,0.9633004665374756
YOR147W,YMR032W,0,,0.0938151478767395,0.9975369572639465,0.9635468125343323
YKL093W,YJR057W,0,,0.09379342198371887,0.9975369572639465,0.9637930989265442
YDL208W,YLR278C,0,,0.09377170354127884,0.9975369572639465,0.9640393853187561
YKL117W,YOR187W,0,,0.09375,0.9975369572639465,0.9642857313156128
YNL084C,YNL282W,0,,0.09372830390930176,0.9975369572639465,0.9645320177078247
YBR177C,YBL079W,0,,0.09370661526918411,0.9975369572639465,0.9647783041000366
YHR214C-B,YLR300W,0,,0.09368494153022766,0.9975369572639465,0.9650246500968933
YPL064C,YGL169W,0,,0.0936632752418518,0.9975369572639465,0.9652709364891052
YOR297C,YPL180W,0,,0.09364161640405655,0.9975369572639465,0.9655172228813171
YLR256W-A,YLR316C,0,,0.09361997246742249,0.9975369572639465,0.9657635688781738
YLR182W,YER162C,0,,0.09359833598136902,0.9975369572639465,0.9660098552703857
YPR135W,YER168C,0,,0.09357670694589615,0.9975369572639465,0.9662561416625977
YOR038C,YDL208W,0,,0.09355509281158447,0.9975369572639465,0.9665024876594543
YBR145W,YDR159W,0,,0.0935334861278534,0.9975369572639465,0.9667487740516663
YKL186C,YGR027C,0,,0.09351189434528351,0.9975369572639465,0.9669950604438782
YHR069C,YBL041W,0,,0.09349030256271362,0.9975369572639465,0.9672414064407349
YDR460W,YPR158C-C,0,,0.09346872568130493,0.9975369572639465,0.9674876928329468
YFR018C,YPL050C,0,,0.09344716370105743,0.9975369572639465,0.9677339792251587
YKL170W,YDL148C,0,,0.09342560917139053,0.9975369572639465,0.9679803252220154
YER137C-A,YHR039C-A,0,,0.09340406209230423,0.9975369572639465,0.9682266116142273
YOR215C,YER115C,0,,0.09338252246379852,0.9975369572639465,0.9684728980064392
YJR021C,YHR060W,0,,0.09336099773645401,0.9975369572639465,0.9687191843986511
YPR196W,YOR187W,0,,0.0933394804596901,0.9975369572639465,0.9689655303955078
YHR051W,YOR008C,0,,0.09331797063350677,0.9975369572639465,0.9692118167877197
YFL057C,YLR278C,0,,0.09329647570848465,0.9975369572639465,0.9694581031799316
YBR261C,YBR061C,0,,0.09327498823404312,0.9975369572639465,0.9697044491767883
YJL124C,YDL198C,0,,0.09325350821018219,0.9975369572639465,0.9699507355690002
YFL011W-A,YNL175C,0,,0.09323204308748245,0.9975369572639465,0.9701970219612122
YDL142C,YGL226C-A,0,,0.09321058541536331,0.9975369572639465,0.9704433679580688
YOR298W,YIR032C,0,,0.09318914264440536,0.9975369572639465,0.9706896543502808
YLR103C,YJL128C,0,,0.09316769987344742,0.9975369572639465,0.9709359407424927
YPR200C,YGL071W,0,,0.09314627200365067,0.9975369572639465,0.9711822867393494
YDL171C,YDR496C,0,,0.0931248590350151,0.9975369572639465,0.9714285731315613
YNL127W,YDR403W,0,,0.09310344606637955,0.9975369572639465,0.9716748595237732
YLR394W,YMR034C,0,,0.09308204799890518,0.9975369572639465,0.9719212055206299
YPR158C-C,YNL163C,0,,0.09306066483259201,0.9975369572639465,0.9721674919128418
YAL022C,YER052C,0,,0.09303928166627884,0.9975369572639465,0.9724137783050537
YDR261C-D,YOR351C,0,,0.09301791340112686,0.9975369572639465,0.9726601243019104
YOL070C,YNL261W,0,,0.09299655258655548,0.9975369572639465,0.9729064106941223
YHL027W,YNR028W,0,,0.0929752066731453,0.9975369572639465,0.9731526970863342
YJR127C,YMR229C,0,,0.0929538682103157,0.9975369572639465,0.9733990430831909
YIL128W,YFL038C,0,,0.09293253719806671,0.9975369572639465,0.9736453294754028
YLR440C,YOL062C,0,,0.09291122108697891,0.9975369572639465,0.9738916158676147
YNL309W,YGL174W,0,,0.09288990497589111,0.9975369572639465,0.9741379022598267
YNL050C,YOL043C,0,,0.0928686112165451,0.9975369572639465,0.9743842482566833
YNL282W,YLR024C,0,,0.0928473174571991,0.9975369572639465,0.9746305346488953
YDR072C,YEL029C,0,,0.09282603859901428,0.9975369572639465,0.9748768210411072
YLR410W-B,YJL117W,0,,0.09280476719141006,0.9975369572639465,0.9751231670379639
YPL188W,YDR508C,0,,0.09278350323438644,0.9975369572639465,0.9753694534301758
YOR071C,YDR081C,0,,0.09276225417852402,0.9975369572639465,0.9756157398223877
YGL026C,YGR020C,0,,0.09274101257324219,0.9975369572639465,0.9758620858192444
YBR042C,YBR096W,0,,0.09271977841854095,0.9975369572639465,0.9761083722114563
YDR072C,YPL180W,0,,0.09269855916500092,0.9975369572639465,0.9763546586036682
YGR032W,YLR145W,0,,0.09267734736204147,0.9975369572639465,0.9766010046005249
YFL038C,YJL171C,0,,0.09265614300966263,0.9975369572639465,0.9768472909927368
YDL197C,YJL079C,0,,0.09263494610786438,0.9975369572639465,0.9770935773849487
YEL036C,YBR155W,0,,0.09261376410722733,0.9975369572639465,0.9773399233818054
YGR221C,YOR338W,0,,0.09259258955717087,0.9975369572639465,0.9775862097740173
YBR278W,YPR135W,0,,0.0925714299082756,0.9975369572639465,0.9778324961662292
YOR142W-A,YPL098C,0,,0.09255027770996094,0.9975369572639465,0.9780788421630859
YMR093W,YLR025W,0,,0.09252913296222687,0.9975369572639465,0.9783251285552979
YJL200C,YPR091C,0,,0.0925079956650734,0.9975369572639465,0.9785714149475098
YDL045W-A,YBR128C,0,,0.09248686581850052,0.9975369572639465,0.9788177609443665
YPL223C,YML056C,0,,0.09246575087308884,0.9975369572639465,0.9790640473365784
YPR187W,YJL155C,0,,0.09244465082883835,0.9975369572639465,0.9793103337287903
YCR057C,YER104W,0,,0.09242355078458786,0.9975369572639465,0.979556679725647
YDR492W,YDR494W,0,,0.09240246564149857,0.9975369572639465,0.9798029661178589
YLR429W,YCL032W,0,,0.09238138794898987,0.9975369572639465,0.9800492525100708
YGR288W,YMR203W,0,,0.09236031770706177,0.9975369572639465,0.9802955389022827
YOR243C,YJR034W,0,,0.09233926236629486,0.9975369572639465,0.9805418848991394
YDL142C,YOR297C,0,,0.09231821447610855,0.9975369572639465,0.9807881712913513
YPR198W,YBL052C,0,,0.09229717403650284,0.9975369572639465,0.9810344576835632
YHR047C,YPL083C,0,,0.09227614849805832,0.9975369572639465,0.9812808036804199
YGL226C-A,YKL189W,0,,0.0922551229596138,0.9975369572639465,0.9815270900726318
YFR029W,YCL024W,0,,0.09223411232233047,0.9975369572639465,0.9817733764648438
YDR518W,YBL034C,0,,0.09221311658620834,0.9975369572639465,0.9820197224617004
YMR179W,YLR270W,0,,0.09219212085008621,0.9975369572639465,0.9822660088539124
YDL054C,YKL078W,0,,0.09217114001512527,0.9975369572639465,0.9825122952461243
YBR020W,YDR261C-D,0,,0.09215017408132553,0.9975369572639465,0.982758641242981
YBL041W,YPL065W,0,,0.09212920814752579,0.9975369572639465,0.9830049276351929
YJL060W,YGL019W,0,,0.09210825711488724,0.9975369572639465,0.9832512140274048
YPR158C-C,YER151C,0,,0.09208731353282928,0.9975369572639465,0.9834975600242615
YNL178W,YDR353W,0,,0.09206637740135193,0.9975369572639465,0.9837438464164734
YNL172W,YLL019C,0,,0.09204545617103577,0.9975369572639465,0.9839901328086853
YPR171W,YGR118W,0,,0.0920245423913002,0.9975369572639465,0.984236478805542
YPR011C,YLR452C,0,,0.09200363606214523,0.9975369572639465,0.9844827651977539
YDR296W,YDR306C,0,,0.09198273718357086,0.9975369572639465,0.9847290515899658
YBL113C,YPL093W,0,,0.09196185320615768,0.9975369572639465,0.9849753975868225
YPL183W-A,YDR364C,0,,0.0919409766793251,0.9975369572639465,0.9852216839790344
YHR132C,YFR018C,0,,0.09192010760307312,0.9975369572639465,0.9854679703712463
YLR103C,YLL004W,0,,0.09189925342798233,0.9975369572639465,0.9857142567634583
YJR147W,YPL087W,0,,0.09187839925289154,0.9975369572639465,0.9859606027603149
YIR011C,YDL097C,0,,0.09185756742954254,0.9975369572639465,0.9862068891525269
YDR383C,YGR199W,0,,0.09183673560619354,0.9975369572639465,0.9864531755447388
YMR049C,YIL135C,0,,0.09181591123342514,0.9975369572639465,0.9866995215415955
YML071C,YDL015C,0,,0.09179510176181793,0.9975369572639465,0.9869458079338074
YJL085W,YMR210W,0,,0.09177429974079132,0.9975369572639465,0.9871920943260193
YOR212W,YFL013C,0,,0.0917535126209259,0.9975369572639465,0.987438440322876
YOR106W,YKR103W,0,,0.09173273295164108,0.9975369572639465,0.9876847267150879
YJL012C-A,YLR047C,0,,0.09171195328235626,0.9975369572639465,0.9879310131072998
YDR378C,YLL004W,0,,0.09169119596481323,0.9975369572639465,0.9881773591041565
YOR206W,YOR343W-B,0,,0.0916704386472702,0.9975369572639465,0.9884236454963684
YJL171C,YKL003C,0,,0.09164969623088837,0.9975369572639465,0.9886699318885803
YAL016W,YGL220W,0,,0.09162896126508713,0.9975369572639465,0.988916277885437
YBL113C,YOR230W,0,,0.09160823374986649,0.9975369572639465,0.9891625642776489
YLL008W,YHR209W,0,,0.09158751368522644,0.9975369572639465,0.9894088506698608
YBR026C,YCL052C,0,,0.09156680852174759,0.9975369572639465,0.9896551966667175
YNL236W,YBR075W,0,,0.09154611080884933,0.9975369572639465,0.9899014830589294
YLR256W-A,YPR083W,0,,0.09152542054653168,0.9975369572639465,0.9901477694511414
YBL041W,YPL113C,0,,0.09150474518537521,0.9975369572639465,0.990394115447998
YGL226C-A,YLR278C,0,,0.09148407727479935,0.9975369572639465,0.99064040184021
YNL085W,YLL043W,0,,0.09146341681480408,0.9975369572639465,0.9908866882324219
YKL174C,YGR171C,0,,0.0914427638053894,0.9975369572639465,0.9911330342292786
YPR026W,YIL108W,0,,0.09142211824655533,0.9975369572639465,0.9913793206214905
YMR169C,YLR285W,0,,0.09140148758888245,0.9975369572639465,0.9916256070137024
YDR304C,YOR180C,0,,0.09138086438179016,0.9975369572639465,0.9918718934059143
YHR047C,YKR068C,0,,0.09136025607585907,0.9975369572639465,0.992118239402771
YPR113W,YLL003W,0,,0.09133964776992798,0.9975369572639465,0.9923645257949829
YDR378C,YEL012W,0,,0.09131905436515808,0.9975369572639465,0.9926108121871948
YKL175W,YGR239C,0,,0.09129846841096878,0.9975369572639465,0.9928571581840515
YLR410W-B,YBR042C,0,,0.09127788990736008,0.9975369572639465,0.9931034445762634
YGR085C,YMR087W,0,,0.09125732630491257,0.9975369572639465,0.9933497309684753
YBL028C,YDR262W,0,,0.09123676270246506,0.9975369572639465,0.993596076965332
YMR168C,YGL209W,0,,0.09121621400117874,0.9975369572639465,0.993842363357544
YPL011C,YDR403W,0,,0.09119568020105362,0.9975369572639465,0.9940886497497559
YPL078C,YGR134W,0,,0.0911751464009285,0.9975369572639465,0.9943349957466125
YOR212W,YHL027W,0,,0.09115462750196457,0.9975369572639465,0.9945812821388245
YDR137W,YBL091C-A,0,,0.09113411605358124,0.9975369572639465,0.9948275685310364
YGR089W,YOR340C,0,,0.0911136120557785,0.9975369572639465,0.9950739145278931
YHR156C,YGL163C,0,,0.09109311550855637,0.9975369572639465,0.995320200920105
YKL186C,YPL273W,0,,0.09107263386249542,0.9975369572639465,0.9955664873123169
YBR125C,YPL188W,0,,0.09105215966701508,0.9975369572639465,0.9958128333091736
YOR343W-B,YCL026C-B,0,,0.09103169292211533,0.9975369572639465,0.9960591197013855
YOL026C,YPR152C,0,,0.09101123362779617,0.9975369572639465,0.9963054060935974
YJL141C,YCL003W,0,,0.09099078923463821,0.9975369572639465,0.9965517520904541
YHR069C,YOR292C,0,,0.09097035229206085,0.9975369572639465,0.996798038482666
YMR160W,YLR026C,0,,0.09094992280006409,0.9975369572639465,0.9970443248748779
YOL136C,YOR180C,0,,0.09092950075864792,0.9975369572639465,0.9972906112670898
YPL127C,YJL192C,0,,0.09090909361839294,0.9975369572639465,0.9975369572639465
YJL060W,YJL191W,0,,0.09088868647813797,0.9975369572639465,0.9977832436561584
YNL138W-A,YCL057W,0,,0.09086829423904419,0.9975369572639465,0.9980295300483704
YMR099C,YOR162C,0,,0.0908479169011116,0.9975369572639465,0.998275876045227
YNL044W,YNL107W,0,,0.09082753956317902,0.9975369572639465,0.998522162437439
YNL131W,YIL143C,0,,0.09080717712640762,0.9975369572639465,0.9987684488296509
YOL107W,YBR010W,0,,0.09078682214021683,0.9975369572639465,0.9990147948265076
YBR202W,YHR109W,0,,0.09076647460460663,0.9975369572639465,0.9992610812187195
YDR026C,YMR200W,0,,0.09074613451957703,0.9975369572639465,0.9995073676109314
YLL003W,YOL090W,0,,0.09072580933570862,0.9975369572639465,0.9997537136077881
YJR004C,YLL017W,0,,0.09070548415184021,0.9975369572639465,1.0
YLL034C,YGR245C,1,,0.09090909361839294,1.0,1.0
