Gene A,Gene B,Label,Score,Precision,Recall,False Positive Rate
YPR154W,YBL008W,0,2.0137744,0.0,0.0,9.091735410038382e-05
YLR277C,YDR516C,0,1.9312404,0.0,0.0,0.00018183470820076764
YER108C,YER109C,0,1.8561232,0.0,0.0,0.0002727520768530667
YHR103W,YKL081W,0,1.8168559,0.0,0.0,0.00036366941640153527
YDR175C,YIL043C,0,1.5843177,0.0,0.0,0.0004545867850538343
YDR490C,YBR130C,0,1.5578299,0.0,0.0,0.0005455041537061334
YNR033W,YGR040W,0,1.5502369,0.0,0.0,0.000636421493254602
YGL104C,YNL123W,0,1.4806309,0.0,0.0,0.0007273388328030705
YJL054W,YLR059C,0,1.4653099,0.0,0.0,0.0008182562305592
YNL059C,YCL035C,0,1.4434175,0.0,0.0,0.0009091735701076686
YFR010W,YNL059C,0,1.4263842,0.0,0.0,0.0010000909678637981
YIL036W,YBR060C,0,1.4130869,0.0,0.0,0.0010910083074122667
YIL038C,YPL173W,0,1.3936403,0.0,0.0,0.0011819256469607353
YMR316W,YHR011W,0,1.380882,0.0,0.0,0.001272842986509204
YBR109C,YPL049C,0,1.376057,0.0,0.0,0.0013637603260576725
YNL111C,YJL083W,0,1.3725932,0.0,0.0,0.001454677665606141
YDL235C,YHR103W,0,1.3521625,0.0,0.0,0.0015455950051546097
YJL012C,YBR003W,0,1.3500919,0.0,0.0,0.0016365124611184
YKL141W,YER109C,0,1.3385,0.0,0.0,0.0017274298006668687
YIL154C,YDR135C,0,1.3197297,0.0,0.0,0.0018183471402153373
YGL171W,YCL035C,0,1.2952948,0.0,0.0,0.0019092644797638059
YGR204W,YIL033C,0,1.2875507,0.0,0.0,0.0020001819357275963
YIL018W,YMR149W,0,1.2614893,0.0,0.0,0.002091099275276065
YGL121C,YDR480W,0,1.2561455,0.0,0.0,0.0021820166148245335
YHR084W,YDR477W,0,1.2529954,0.0,0.0,0.002272933954373002
YIL068C,YPL049C,0,1.2485957,0.0,0.0,0.0023638512939214706
YNL263C,YGR080W,0,1.2445543,0.0,0.0,0.0024547686334699392
YHL028W,YNL180C,0,1.2409632,0.0,0.0,0.002545685973018408
YGR204W,YPR017C,0,1.2345879,0.0,0.0,0.0026366033125668764
YAL041W,YPL049C,0,1.2251873,0.0,0.0,0.002727520652115345
YGL067W,YDR145W,0,1.2169964,0.0,0.0,0.0028184379916638136
YGL167C,YFR034C,0,1.213562,0.0,0.0,0.002909355331212282
YER113C,YDR477W,0,1.209105,0.0,0.0,0.0030002726707607508
YPL133C,YJR084W,0,1.1893101,0.0,0.0,0.0030911900103092194
YER028C,YKL002W,0,1.1725271,0.0,0.0,0.003182107349857688
YOR060C,YNR033W,0,1.1685543,0.0,0.0,0.0032730249222368
YDR477W,YOR275C,0,1.1636171,0.0,0.0,0.003363942261785269
YKR027W,YMR072W,0,1.1613462,0.0,0.0,0.0034548596013337374
YIL098C,YPL239W,0,1.1565462,0.0,0.0,0.003545776940882206
YHL025W,YMR183C,0,1.1555692,0.0,0.0,0.0036366942804306746
YPL100W,YDR359C,0,1.1506646,0.0,0.0,0.003727611619979143
YHR139C,YER127W,0,1.1506138,0.0,0.0,0.0038185289595276117
YOR357C,YBR049C,0,1.1491919,0.0,0.0,0.00390944629907608
YMR009W,YDR412W,0,1.148157,0.0,0.0,0.0040003638714551926
YMR076C,YPR155C,0,1.1471627,0.0,0.0,0.0040912809781730175
YGR178C,YJR049C,0,1.1408155,0.0,0.0,0.00418219855055213
YLR007W,YDL102W,0,1.1324807,0.0,0.0,0.004273115657269955
YDR175C,YOL059W,0,1.1284591,0.0,0.0,0.004364033229649067
YBR078W,YDL113C,0,1.1284087,0.0,0.0,0.004454950336366892
YNL180C,YMR153W,0,1.1239176,0.0,0.0,0.004545867908746004
YDR517W,YMR183C,0,1.1214113,0.0,0.0,0.004636785015463829
YDR189W,YOL051W,0,1.1115328,0.0,0.0,0.004727702587842941
YNL197C,YDR477W,0,1.1071336,0.0,0.0,0.004818619694560766
YDL093W,YHR001W-A,0,1.1057104,0.0,0.0,0.0049095372669398785
YMR175W,YML102W,0,1.1029744,0.0,0.0,0.005000454373657703
YHR005C,YKL079W,0,1.0993414,0.0,0.0,0.005091371946036816
YOR080W,YDR477W,0,1.09397,0.0,0.0,0.005182289518415928
YNL056W,YER005W,0,1.0798577,0.0,0.0,0.005273206625133753
YJR132W,YGR165W,0,1.0763781,0.0,0.0,0.005364124197512865
YOR080W,YHR111W,0,1.0751283,0.0,0.0,0.00545504130423069
YNL180C,YDR292C,0,1.074201,0.0,0.0,0.005545958876609802
YDL100C,YIL033C,0,1.0697958,0.0,0.0,0.005636875983327627
YDR078C,YBR003W,0,1.0689719,0.0,0.0,0.005727793555706739
YPR154W,YNL023C,0,1.0654579,0.0,0.0,0.005818710662424564
YNL059C,YDR259C,0,1.0577433,0.0,0.0,0.005909628234803677
YMR076C,YEL005C,0,1.0552635,0.0,0.0,0.0060005453415215015
YML057W,YOR319W,0,1.0549655,0.0,0.0,0.006091462913900614
YHR073W,YDR480W,0,1.0451813,0.0,0.0,0.006182380020618439
YDR148C,YGR208W,0,1.0404137,0.0,0.0,0.006273297592997551
YDR381W,YHL011C,0,1.0395446,0.0,0.0,0.006364214699715376
YHR024C,YLR248W,0,1.0356923,0.0,0.0,0.006455132272094488
YGR202C,YOR260W,0,1.0336401,0.0,0.0,0.0065460498444736
YIL118W,YNL251C,0,1.0243131,0.0,0.0,0.006636966951191425
YJR102C,YNL076W,0,1.0234782,0.0,0.0,0.006727884523570538
YPL120W,YER159C,0,1.022224,0.0,0.0,0.0068188016302883625
YIL068C,YML057W,0,1.0136188,0.0,0.0,0.006909719202667475
YKR088C,YHR190W,0,1.0097935,0.0,0.0,0.0070006363093853
YOR087W,YDR127W,0,1.008575,0.0,0.0,0.007091553881764412
YOR081C,YAL056W,0,1.003581,0.0,0.0,0.007182470988482237
YDR148C,YGR211W,0,1.003161,0.0,0.0,0.007273388560861349
YER028C,YEL024W,0,0.9969882,0.0,0.0,0.007364305667579174
YNL243W,YFR050C,0,0.9954175,0.0,0.0,0.007455223239958286
YML041C,YOR034C,0,0.99396765,0.0,0.0,0.007546140346676111
YNR037C,YOR271C,0,0.9938008,0.0,0.0,0.0076370579190552235
YGL006W,YOR079C,0,0.9934749,0.0,0.0,0.007727975491434336
YCL044C,YDR303C,0,0.9925856,0.0,0.0,0.00781889259815216
YBR254C,YPL040C,0,0.99081266,0.0,0.0,0.007909810170531273
YKL045W,YGR005C,0,0.98895097,0.0,0.0,0.008000727742910385
YHR111W,YPL049C,0,0.98662,0.0,0.0,0.008091644383966923
YBL016W,YNL197C,0,0.9843733,0.0,0.0,0.008182561956346035
YIL107C,YMR153W,0,0.98120904,0.0,0.0,0.008273479528725147
YNL199C,YDL235C,0,0.9809453,0.0,0.0,0.00836439710110426
YIL075C,YJL212C,0,0.9768156,0.0,0.0,0.008455313742160797
YLL031C,YKL029C,0,0.97510326,0.0,0.0,0.00854623131453991
YDL160C,YPR131C,0,0.97381926,0.0,0.0,0.008637148886919022
YOR158W,YIL005W,0,0.96974975,0.0,0.0,0.008728066459298134
YCL051W,YLR432W,0,0.9690649,0.0,0.0,0.008818983100354671
YER113C,YPL049C,0,0.96875465,0.0,0.0,0.008909900672733784
YNL023C,YOR157C,0,0.9662161,0.0,0.0,0.009000818245112896
YLR362W,YER027C,0,0.9639961,0.0,0.0,0.009091735817492008
YBR109C,YIL137C,0,0.9631866,0.0,0.0,0.00918265338987112
YBR208C,YDR292C,0,0.9582984,0.0,0.0,0.009273570030927658
YLR277C,YPL221W,0,0.95786166,0.0,0.0,0.00936448760330677
YIL106W,YOR254C,0,0.95003986,0.0,0.0,0.009455405175685883
YOL012C,YHR197W,0,0.9458394,0.0,0.0,0.009546322748064995
YLR347C,YBL091C,0,0.9435003,0.0,0.0,0.009637239389121532
YOR207C,YHR146W,0,0.94227076,0.0,0.0,0.009728156961500645
YLR059C,YOR320C,0,0.93702525,0.0,0.0,0.009819074533879757
YPR161C,YBR101C,0,0.9353241,0.0,0.0,0.00990999210625887
YNL263C,YLR361C,0,0.9331764,0.0,0.0,0.010000908747315407
YLR417W,YJL179W,0,0.93293506,0.0,0.0,0.010091826319694519
YMR158W,YNL288W,0,0.9325978,0.0,0.0,0.010182743892073631
YMR318C,YDL091C,0,0.9323695,0.0,0.0,0.010273661464452744
YOL126C,YPL175W,0,0.93162024,0.0,0.0,0.010364579036831856
YOR090C,YGR211W,0,0.92929125,0.0,0.0,0.010455495677888393
YJR102C,YIL173W,0,0.9278218,0.0,0.0,0.010546413250267506
YGL053W,YBL005W,0,0.9245527,0.0,0.0,0.010637330822646618
YHR111W,YNR033W,0,0.9234189,0.0,0.0,0.01072824839502573
YDR078C,YPL075W,0,0.92242,0.0,0.0,0.010819165036082268
YGL027C,YBR089C-A,0,0.92213327,0.0,0.0,0.01091008260846138
YGL045W,YAL041W,0,0.9108641,0.0,0.0,0.011001000180840492
YFR014C,YBR218C,0,0.90300834,0.0,0.0,0.011091917753219604
YJL179W,YDR040C,0,0.89712524,0.0,0.0,0.011182834394276142
YHR103W,YOR103C,0,0.892117,0.0,0.0,0.011273751966655254
YDR043C,YOR371C,0,0.89060855,0.0,0.0,0.011364669539034367
YNL130C,YBR162C,0,0.8900914,0.0,0.0,0.011455587111413479
YPR100W,YKL080W,0,0.8866254,0.0,0.0,0.011546504683792591
YOL122C,YPL248C,0,0.88599634,0.0,0.0,0.011637421324849129
YDR257C,YCR038C,0,0.8814734,0.0,0.0,0.011728338897228241
YOL055C,YPR105C,0,0.8808911,0.0,0.0,0.011819256469607353
YNL199C,YNL180C,0,0.8765586,0.0,0.0,0.011910174041986465
YLR451W,YDR176W,0,0.87366986,0.0,0.0,0.012001090683043003
YCL067C,YMR177W,0,0.871911,0.0,0.0,0.012092008255422115
YDR041W,YJL197W,0,0.8714552,0.0,0.0,0.012182925827801228
YHR073W,YDR103W,0,0.870704,0.0,0.0,0.01227384340018034
YFR010W,YIL038C,0,0.8691288,0.0,0.0,0.012364760041236877
YLL048C,YBR162W-A,0,0.86392236,0.0,0.0,0.01245567761361599
YDR043C,YIL008W,0,0.8589399,0.0,0.0,0.012546595185995102
YDR350C,YDL145C,0,0.8589057,0.0,0.0,0.012637512758374214
YCL039W,YMR177W,0,0.85821533,0.0,0.0,0.012728429399430752
YEL001C,YIL153W,0,0.854929,0.0,0.0,0.012819346971809864
YPR161C,YMR105C,0,0.85472417,0.0,0.0,0.012910264544188976
YKL185W,YJL127C,0,0.8546963,0.0,0.0,0.013001182116568089
YJL054W,YDR261C,0,0.85454077,0.0,0.0,0.0130920996889472
YKR027W,YDR175C,0,0.8532203,0.0,0.0,0.013183016330003738
YKL043W,YPL063W,0,0.8513188,0.0,0.0,0.01327393390238285
YPR110C,YBR005W,0,0.84783036,0.0,0.0,0.013364851474761963
YIL036W,YBR065C,0,0.8478107,0.0,0.0,0.013455769047141075
YGL092W,YDL046W,0,0.84642917,0.0,0.0,0.013546685688197613
YMR192W,YLR284C,0,0.8463694,0.0,0.0,0.013637603260576725
YDR289C,YBR094W,0,0.8426447,0.0,0.0,0.013728520832955837
YPL140C,YHR073W,0,0.84139377,0.0,0.0,0.01381943840533495
YPL100W,YGL111W,0,0.8405589,0.0,0.0,0.013910355046391487
YMR275C,YMR313C,0,0.8379483,0.0,0.0,0.0140012726187706
YKL150W,YMR177W,0,0.83281696,0.0,0.0,0.014092190191149712
YOR260W,YFR034C,0,0.8325422,0.0,0.0,0.014183107763528824
YDR145W,YML016C,0,0.83189285,0.0,0.0,0.014274025335907936
YDR284C,YPL040C,0,0.83079,0.0,0.0,0.014364941976964474
YML055W,YOR259C,0,0.83032477,0.0,0.0,0.014455859549343586
YGR024C,YML057W,0,0.8293805,0.0,0.0,0.014546777121722698
YML023C,YOR065W,0,0.8275679,0.0,0.0,0.01463769469410181
YER100W,YLR067C,0,0.82420754,0.0,0.0,0.014728611335158348
YOR371C,YDR477W,0,0.8187865,0.0,0.0,0.01481952890753746
YGR178C,YJL180C,0,0.81852365,0.0,0.0,0.014910446479916573
YGL208W,YOR212W,0,0.8140516,0.0,0.0,0.015001364052295685
YOR363C,YNL111C,0,0.8139246,0.0,0.0,0.015092280693352222
YKL029C,YPL178W,0,0.8110332,0.0,0.0,0.015183198265731335
YDR043C,YAL041W,0,0.80749536,0.0,0.0,0.015274115838110447
YOR049C,YNR052C,0,0.8064069,0.0,0.0,0.01536503341048956
YOR372C,YHR005C,0,0.80375564,0.0,0.0,0.015455950982868671
YDR477W,YDR480W,0,0.8029592,0.0,0.0,0.015546867623925209
YPL100W,YNL216W,0,0.80106276,0.0,0.0,0.01563778519630432
YNL214W,YBR131W,0,0.800928,0.0,0.0,0.015728702768683434
YML086C,YLR019W,0,0.7996633,0.0,0.0,0.015819620341062546
YLR223C,YOR132W,0,0.7995783,0.0,0.0,0.015910537913441658
YKL045W,YIL005W,0,0.79726535,0.0,0.0,0.01600145548582077
YKR100C,YHR037W,0,0.7967063,0.0,0.0,0.016092371195554733
YOR080W,YPL049C,0,0.7946413,0.0,0.0,0.016183288767933846
YLR083C,YDR477W,0,0.7940062,0.0,0.0,0.016274206340312958
YNL167C,YDL235C,0,0.79386306,0.0,0.0,0.01636512391269207
YHR073W,YIL038C,0,0.7916458,0.0,0.0,0.016456041485071182
YIL052C,YML127W,0,0.7902882,0.0,0.0,0.016546959057450294
YJR046W,YNL076W,0,0.7892357,0.0,0.0,0.016637876629829407
YGL195W,YER167W,0,0.7857809,0.0,0.0,0.01672879420220852
YCL017C,YIL154C,0,0.7849275,0.0,0.0,0.01681971177458763
YLR044C,YEL027W,0,0.783923,0.0,0.0,0.016910627484321594
YPR180W,YNL123W,0,0.7833543,0.0,0.0,0.017001545056700706
YCL051W,YNR053C,0,0.78126115,0.0,0.0,0.01709246262907982
YGL028C,YER176W,0,0.7790624,0.0,0.0,0.01718338020145893
YJR073C,YDR212W,0,0.77848816,0.0,0.0,0.017274297773838043
YLL021W,YGL195W,0,0.7781098,0.0,0.0,0.017365215346217155
YBL008W,YGR142W,0,0.7753569,0.0,0.0,0.017456132918596268
YHR205W,YAL056W,0,0.7747444,0.0,0.0,0.01754705049097538
YHR139C,YPL254W,0,0.77366376,0.0,0.0,0.017637966200709343
YLR193C,YMR072W,0,0.77349114,0.0,0.0,0.017728883773088455
YPR034W,YKL002W,0,0.77244115,0.0,0.0,0.017819801345467567
YOL032W,YDR190C,0,0.7720412,0.0,0.0,0.01791071891784668
YOL032W,YNR038W,0,0.77087253,0.0,0.0,0.018001636490225792
YIL033C,YBR191W,0,0.7699435,0.0,0.0,0.018092554062604904
YGL139W,YBR301W,0,0.76798415,0.0,0.0,0.018183471634984016
YOR252W,YOR110W,0,0.7669139,0.0,0.0,0.01827438920736313
YNL145W,YGL196W,0,0.76550186,0.0,0.0,0.01836530677974224
YJL012C,YHR190W,0,0.7647758,0.0,0.0,0.018456222489476204
YJL035C,YGR296W,0,0.76381135,0.0,0.0,0.018547140061855316
YMR274C,YBR045C,0,0.7625911,0.0,0.0,0.01863805763423443
YMR261C,YDR105C,0,0.7623302,0.0,0.0,0.01872897520661354
YER056C,YPL203W,0,0.7607628,0.0,0.0,0.018819892778992653
YLR102C,YIL013C,0,0.7574203,0.0,0.0,0.018910810351371765
YMR286W,YDR091C,0,0.75724834,0.0,0.0,0.019001727923750877
YOR027W,YOR254C,0,0.75703526,0.0,0.0,0.01909264549612999
YMR316W,YHL007C,0,0.7556547,0.0,0.0,0.019183563068509102
YHR169W,YPL049C,0,0.7548315,0.0,0.0,0.019274478778243065
YBR279W,YDR438W,0,0.75317025,0.0,0.0,0.019365396350622177
YKL185W,YNL029C,0,0.7519717,0.0,0.0,0.01945631392300129
YFL061W,YNL214W,0,0.75117373,0.0,0.0,0.0195472314953804
YHR073W,YMR316W,0,0.7498542,0.0,0.0,0.019638149067759514
YLR239C,YML031W,0,0.7481133,0.0,0.0,0.019729066640138626
YGL208W,YGR040W,0,0.74733317,0.0,0.0,0.01981998421251774
YGR057C,YOR110W,0,0.74672705,0.0,0.0,0.01991090178489685
YLR377C,YER127W,0,0.74556935,0.0,0.0,0.020001817494630814
YNL263C,YCL051W,0,0.7446283,0.0,0.0,0.020092735067009926
YDL035C,YDR477W,0,0.74355114,0.0,0.0,0.020183652639389038
YNL137C,YKL129C,0,0.74273574,0.0,0.0,0.02027457021176815
YLL024C,YIR004W,0,0.7416007,0.0,0.0,0.020365487784147263
YOR371C,YMR316W,0,0.7415215,0.0,0.0,0.020456405356526375
YNR048W,YOR372C,0,0.74140024,0.0,0.0,0.020547322928905487
YDR175C,YNL094W,0,0.7408912,0.0,0.0,0.0206382405012846
YER143W,YNL076W,0,0.7395706,0.0,0.0,0.02072915807366371
YDL035C,YBR095C,0,0.73698986,0.0,0.0,0.020820073783397675
YBR130C,YDR005C,0,0.7351615,0.0,0.0,0.020910991355776787
YGL045W,YDR103W,0,0.73489213,0.0,0.0,0.0210019089281559
YGR212W,YEL039C,0,0.73332584,0.0,0.0,0.02109282650053501
YLR363C,YHL025W,0,0.7320829,0.0,0.0,0.021183744072914124
YDR280W,YLR417W,0,0.731887,0.0,0.0,0.021274661645293236
YFR027W,YGR178C,0,0.7295377,0.0,0.0,0.021365579217672348
YDR427W,YOR109W,0,0.72803223,0.0,0.0,0.02145649679005146
YHR088W,YEL027W,0,0.7273169,0.0,0.0,0.021547412499785423
YHL025W,YIL173W,0,0.72620094,0.0,0.0,0.021638330072164536
YJL167W,YMR131C,0,0.7236446,0.0,0.0,0.021729247644543648
YOR241W,YIL033C,0,0.722455,0.0,0.0,0.02182016521692276
YCR024C,YNL240C,0,0.7210591,0.0,0.0,0.021911082789301872
YER063W,YHR006W,0,0.7201284,0.0,0.0,0.022002000361680984
YDR040C,YPL179W,0,0.7195633,0.0,0.0,0.022092917934060097
YJR102C,YHL038C,0,0.71877414,0.0,0.0,0.02218383550643921
YLR215C,YPL135W,0,0.7181406,0.0,0.0,0.02227475307881832
YDR441C,YPR180W,0,0.71740586,0.0,0.0,0.022365668788552284
YLR382C,YPL156C,0,0.7163129,0.0,0.0,0.022456586360931396
YGR007W,YMR195W,0,0.71621656,0.0,0.0,0.02254750393331051
YIL014W,YGR165W,0,0.71612525,0.0,0.0,0.02263842150568962
YDR490C,YDL046W,0,0.7153783,0.0,0.0,0.022729339078068733
YKR072C,YPL178W,0,0.7142814,0.0,0.0,0.022820256650447845
YNL137C,YNL251C,0,0.7119677,0.0,0.0,0.022911174222826958
YPL176C,YOR132W,0,0.70865715,0.0,0.0,0.02300209179520607
YHR011W,YBR083W,0,0.7085737,0.0,0.0,0.023093009367585182
YNL183C,YPR161C,0,0.70744824,0.0,0.0,0.023183925077319145
YIL075C,YBR060C,0,0.7071163,0.0,0.0,0.023274842649698257
YGL115W,YHR190W,0,0.70539224,0.0,0.0,0.02336576022207737
YML102W,YOR059C,0,0.7048988,0.0,0.0,0.023456677794456482
YLR258W,YEL001C,0,0.703632,0.0,0.0,0.023547595366835594
YHR073W,YOR212W,0,0.70177335,0.0,0.0,0.023638512939214706
YDR545W,YKL081W,0,0.701299,0.0,0.0,0.02372943051159382
YPL169C,YER093C,0,0.7010382,0.0,0.0,0.02382034808397293
YML092C,YLR248W,0,0.70087814,0.0,0.0,0.023911263793706894
YDR127W,YCR091W,0,0.7005087,0.0,0.0,0.024002181366086006
YBR005W,YPR169W,0,0.6997434,0.0,0.0,0.02409309893846512
YLR039C,YGL127C,0,0.6979991,0.0,0.0,0.02418401651084423
YLR239C,YER032W,0,0.6972195,0.0,0.0,0.024274934083223343
YDL035C,YPL049C,0,0.6965667,0.0,0.0,0.024365851655602455
YNL059C,YKL087C,0,0.6946355,0.0,0.0,0.024456769227981567
YOR253W,YFR034C,0,0.69310665,0.0,0.0,0.02454768680036068
YBR078W,YML057W,0,0.6915008,0.0,0.0,0.024638604372739792
YDR043C,YDR103W,0,0.6908066,0.0,0.0,0.024729520082473755
YHR204W,YHR146W,0,0.6906427,0.0,0.0,0.024820437654852867
YEL024W,YMR125W,0,0.690182,0.0,0.0,0.02491135522723198
YBR279W,YPL075W,0,0.6892,0.0,0.0,0.02500227279961109
YHR205W,YPL210C,0,0.68732023,0.0,0.0,0.025093190371990204
YMR286W,YLR234W,0,0.6869992,0.0,0.0,0.025184107944369316
YER056C,YPL215W,0,0.68385875,0.0,0.0,0.02527502551674843
YCR086W,YIL130W,0,0.68263495,0.0,0.0,0.02536594308912754
YOR193W,YGL171W,0,0.6826271,0.0,0.0,0.025456858798861504
YER142C,YNL118C,0,0.68202686,0.0,0.0,0.025547776371240616
YDL175C,YGR260W,0,0.6807017,0.0,0.0,0.025638693943619728
YMR242C,YPL049C,0,0.6790233,0.0,0.0,0.02572961151599884
YGR174C,YER060W,0,0.67779136,0.0,0.0,0.025820529088377953
YLR220W,YBR003W,0,0.67638755,0.0,0.0,0.025911446660757065
YML023C,YDR028C,0,0.675755,0.0,0.0,0.026002364233136177
YKL191W,YKL002W,0,0.67541933,0.0,0.0,0.02609328180551529
YDR441C,YDR176W,0,0.6751423,0.0,0.0,0.0261841993778944
YGR055W,YLR075W,0,0.6742718,0.0,0.0,0.026275115087628365
YDR150W,YFR034C,0,0.6728379,0.0,0.0,0.026366032660007477
YBR114W,YFL049W,0,0.6721513,0.0,0.0,0.02645695023238659
YCR086W,YGR005C,0,0.6721448,0.0,0.0,0.0265478678047657
YDR345C,YDR005C,0,0.66945374,0.0,0.0,0.026638785377144814
YEL001C,YDR343C,0,0.66799,0.0,0.0,0.026729702949523926
YGL005C,YOR260W,0,0.66762996,0.0,0.0,0.026820620521903038
YBL031W,YDR284C,0,0.66692007,0.0,0.0,0.02691153809428215
YDR490C,YBL063W,0,0.66680986,0.0,0.0,0.027002455666661263
YLR293C,YLR007W,0,0.66634816,0.0,0.0,0.027093371376395226
YDR204W,YER060W-A,0,0.6660805,0.0,0.0,0.027184288948774338
YJL127C,YOL135C,0,0.665212,0.0,0.0,0.02727520652115345
YIL153W,YMR230W,0,0.66277504,0.0,0.0,0.027366124093532562
YMR205C,YGL198W,0,0.6607118,0.0,0.0,0.027457041665911674
YGR174C,YCR065W,0,0.66058505,0.0,0.0,0.027547959238290787
YDL145C,YGL219C,0,0.65974796,0.0,0.0,0.0276388768106699
YOR371C,YDR103W,0,0.6595652,0.0,0.0,0.02772979438304901
YOL144W,YOR363C,0,0.65906525,0.0,0.0,0.027820710092782974
YOL144W,YHR096C,0,0.6583181,0.0,0.0,0.027911627665162086
YER143W,YNL180C,0,0.6582357,0.0,0.0,0.0280025452375412
YMR048W,YLR019W,0,0.65810543,0.0,0.0,0.02809346280992031
YNL051W,YLR259C,0,0.6558809,0.0,0.0,0.028184380382299423
YMR261C,YDR168W,0,0.6555627,0.0,0.0,0.028275297954678535
YLR362W,YGR040W,0,0.65337414,0.0,0.0,0.028366215527057648
YDR148C,YBL072C,0,0.65304065,0.0,0.0,0.02845713309943676
YOR172W,YLR007W,0,0.6529635,0.0,0.0,0.028548050671815872
YLR058C,YGL238W,0,0.6510789,0.0,0.0,0.028638966381549835
YGR099W,YPL049C,0,0.6501017,0.0,0.0,0.028729883953928947
YIL011W,YMR237W,0,0.6486139,0.0,0.0,0.02882080152630806
YJL057C,YOL011W,0,0.64826035,0.0,0.0,0.028911719098687172
YDR490C,YJL127C,0,0.64802384,0.0,0.0,0.029002636671066284
YDR021W,YPR086W,0,0.6479429,0.0,0.0,0.029093554243445396
YIL008W,YLR362W,0,0.6470263,0.0,0.0,0.02918447181582451
YIL008W,YOR275C,0,0.64628756,0.0,0.0,0.02927538938820362
YHR205W,YHR158C,0,0.6451173,0.0,0.0,0.029366305097937584
YLR220W,YER060W,0,0.64508104,0.0,0.0,0.029457222670316696
YOL059W,YDL102W,0,0.64389616,0.0,0.0,0.02954814024269581
YDR477W,YGR040W,0,0.64100146,0.0,0.0,0.02963905781507492
YIL156W,YNL216W,0,0.6409332,0.0,0.0,0.029729975387454033
YER176W,YMR009W,0,0.64065963,0.0,0.0,0.029820892959833145
YKR088C,YLR337C,0,0.6398061,0.0,0.0,0.029911810532212257
YBR086C,YNR055C,0,0.6389663,0.0,0.0,0.03000272810459137
YIL053W,YLR075W,0,0.6384345,0.0,0.0,0.030093645676970482
YDR528W,YBR272C,0,0.6383954,0.0,0.0,0.030184561386704445
YIL019W,YHR146W,0,0.6380656,0.0,0.0,0.030275478959083557
YBR043C,YGL192W,0,0.63685846,0.0,0.0,0.03036639653146267
YMR063W,YOL126C,0,0.6356784,0.0,0.0,0.03045731410384178
YNL263C,YHL028W,0,0.63567215,0.0,0.0,0.030548231676220894
YOR363C,YML055W,0,0.63494855,0.0,0.0,0.030639149248600006
YNL243W,YBR029C,0,0.6324291,0.0,0.0,0.03073006682097912
YOR081C,YBR181C,0,0.6315776,0.0,0.0,0.03082098439335823
YNL031C,YBR049C,0,0.63143295,0.0,0.0,0.030911901965737343
YPR154W,YGL076C,0,0.6306277,0.0,0.0,0.031002817675471306
YPR154W,YDR375C,0,0.6302951,0.0,0.0,0.031093735247850418
YOR090C,YMR091C,0,0.629256,0.0,0.0,0.03118465282022953
YER176W,YJR041C,0,0.62893486,0.0,0.0,0.03127557039260864
YIL022W,YJL013C,0,0.6282301,0.0,0.0,0.031366486102342606
YKL062W,YDR438W,0,0.6269233,0.0,0.0,0.03145740553736687
YGR212W,YNL251C,0,0.6258537,0.0,0.0,0.03154832124710083
YHR204W,YJL174W,0,0.6251276,0.0,0.0,0.03163924068212509
YBR112C,YDR384C,0,0.62469643,0.0,0.0,0.031730156391859055
YHL007C,YPL115C,0,0.6242614,0.0,0.0,0.031821075826883316
YHR150W,YLR060W,0,0.6241314,0.0,0.0,0.03191199153661728
YDR043C,YLR083C,0,0.6240239,0.0,0.0,0.03200291097164154
YLR193C,YJL001W,0,0.62377846,0.0,0.0,0.032093826681375504
YDL235C,YMR275C,0,0.6235733,0.0,0.0,0.03218474239110947
YKL029C,YLR007W,0,0.6230485,0.0,0.0,0.03227566182613373
YHR146W,YGL198W,0,0.622844,0.0,0.0,0.03236657753586769
YJL110C,YBR146W,0,0.6227896,0.0,0.0,0.03245749697089195
YDR127W,YPR106W,0,0.6221457,0.0,0.0,0.032548412680625916
YOR316C,YDR350C,0,0.6218231,0.0,0.0,0.03263933211565018
YGL096W,YIL005W,0,0.621331,0.0,0.0,0.03273024782538414
YJL013C,YGL049C,0,0.62086535,0.0,0.0,0.0328211672604084
YGL025C,YML057W,0,0.61987704,0.0,0.0,0.032912082970142365
YLR382C,YNR038W,0,0.61981136,0.0,0.0,0.03300299867987633
YIL008W,YNL197C,0,0.6197472,0.0,0.0,0.03309391811490059
YPL120W,YJR046W,0,0.61953163,0.0,0.0,0.03318483382463455
YDR517W,YKL080W,0,0.61918885,0.0,0.0,0.033275753259658813
YBR146W,YIL123W,0,0.6177132,0.0,0.0,0.033366668969392776
YKL138C,YML102W,0,0.61731654,0.0,0.0,0.03345758840441704
YAR042W,YIL148W,0,0.6172113,0.0,0.0,0.033548504114151
YJL183W,YKR027W,0,0.6170846,0.0,0.0,0.03363942354917526
YNL233W,YOL032W,0,0.6161275,0.0,0.0,0.033730339258909225
YGL144C,YMR195W,0,0.6147876,0.0,0.0,0.03382125496864319
YDR398W,YOR132W,0,0.6143236,0.0,0.0,0.03391217440366745
YBR095C,YHL007C,0,0.6136346,0.0,0.0,0.03400309011340141
YIL056W,YKL110C,0,0.6136184,0.0,0.0,0.034094009548425674
YER062C,YBR069C,0,0.6121992,0.0,0.0,0.03418492525815964
YIL038C,YLR058C,0,0.6116158,0.0,0.0,0.0342758446931839
YBL056W,YIL033C,0,0.6114411,0.0,0.0,0.03436676040291786
YOR034C,YNL081C,0,0.60718596,0.0,0.0,0.034457676112651825
YMR116C,YPL049C,0,0.60675246,0.0,0.0,0.034548595547676086
YPL115C,YPL049C,0,0.60570574,0.0,0.0,0.03463951125741005
YDR098C,YLR190W,0,0.6055318,0.0,0.0,0.03473043069243431
YGR208W,YPL040C,0,0.60449636,0.0,0.0,0.034821346402168274
YOR090C,YDR280W,0,0.6023567,0.0,0.0,0.034912265837192535
YOR034C,YIL153W,0,0.6016521,0.0,0.0,0.0350031815469265
YDL220C,YBR089C-A,0,0.6009161,0.0,0.0,0.03509410098195076
YDR280W,YGL129C,0,0.60044396,0.0,0.0,0.03518501669168472
YGL045W,YLR229C,0,0.6003803,0.0,0.0,0.035275932401418686
YCR091W,YGR094W,0,0.6002251,0.0,0.0,0.03536685183644295
YBL031W,YPL161C,0,0.5999131,0.0,0.0,0.03545776754617691
YIL008W,YGL208W,0,0.5994991,0.0,0.0,0.03554868698120117
YGL028C,YMR192W,0,0.59881866,0.0,0.0,0.035639602690935135
YGR161C,YOR109W,0,0.59757364,0.0,0.0,0.035730522125959396
YHR146W,YDR246W,0,0.5960333,0.0,0.0,0.03582143783569336
YOR065W,YNL118C,0,0.595771,0.0,0.0,0.03591235727071762
YJL186W,YGL192W,0,0.59465563,0.0,0.0,0.036003272980451584
YLR131C,YGR296W,0,0.5936283,0.0,0.0,0.03609418869018555
YJR046W,YDR168W,0,0.5912704,0.0,0.0,0.03618510812520981
YGL208W,YLR083C,0,0.5911568,0.0,0.0,0.03627602383494377
YJL186W,YLR007W,0,0.5904422,0.0,0.0,0.03636694326996803
YIL022W,YNL199C,0,0.5900404,0.0,0.0,0.036457858979701996
YKL185W,YLR196W,0,0.5897411,0.0,0.0,0.03654877841472626
YMR316W,YDR477W,0,0.58928084,0.0,0.0,0.03663969412446022
YHR139C,YDR407C,0,0.58892083,0.0,0.0,0.03673061355948448
YBR254C,YPL235W,0,0.5880139,0.0,0.0,0.036821529269218445
YGL246C,YNR037C,0,0.58740115,0.0,0.0,0.03691244497895241
YEL005C,YBR065C,0,0.58525777,0.0,0.0,0.03700336441397667
YBL016W,YDR477W,0,0.58464193,0.0,0.0,0.03709428012371063
YLL048C,YDL076C,0,0.5839427,0.0,0.0,0.037185199558734894
YGR007W,YIL038C,0,0.5837487,0.0,0.0,0.03727611526846886
YLL018C-A,YDR234W,0,0.5836679,0.0,0.0,0.03736703470349312
YOR334W,YGL139W,0,0.5834535,0.0,0.0,0.03745795041322708
YER027C,YOR275C,0,0.58327794,0.0,0.0,0.03754886984825134
YGR099W,YGR244C,0,0.58297956,0.0,0.0,0.037639785557985306
YHL028W,YPL063W,0,0.5827309,0.0,0.0,0.03773070126771927
YBR023C,YPL097W,0,0.5826308,0.0,0.0,0.03782162070274353
YNL173C,YOR001W,0,0.5825781,0.0,0.0,0.03791253641247749
YPL248C,YNL123W,0,0.5818677,0.0,0.0,0.038003455847501755
YCL016C,YJL026W,0,0.58157855,0.0,0.0,0.03809437155723572
YOL096C,YLR067C,0,0.5794915,0.0,0.0,0.03818529099225998
YKR077W,YNL123W,0,0.577892,0.0,0.0,0.03827620670199394
YER176W,YOR372C,0,0.5757066,0.0,0.0,0.038367126137018204
YDL160C,YDR028C,0,0.57557464,0.0,0.0,0.03845804184675217
YCR086W,YJR042W,0,0.57308125,0.0,0.0,0.03854895755648613
YOR002W,YGL061C,0,0.5724757,0.0,0.0,0.03863987699151039
YHR201C,YAL056W,0,0.5723702,0.0,0.0,0.038730792701244354
YPL115C,YBR060C,0,0.57203156,0.0,0.0,0.038821712136268616
YKL033W,YML041C,0,0.57128453,0.0,0.0,0.03891262784600258
YLR190W,YKL081W,0,0.5706556,0.0,0.0,0.03900354728102684
YER005W,YHR193C,0,0.5703824,0.0,0.0,0.0390944629907608
YDR280W,YBR015C,0,0.5702306,0.0,0.0,0.039185378700494766
YHR158C,YPL221W,0,0.5686229,0.0,0.0,0.03927629813551903
YLR044C,YHL003C,0,0.56745166,0.0,0.0,0.03936721384525299
YFL005W,YBR162C,0,0.56693995,0.0,0.0,0.03945813328027725
YBR065C,YER093C,0,0.5665261,0.0,0.0,0.039549048990011215
YCR091W,YDR078C,0,0.5656717,0.0,0.0,0.03963996842503548
YOR034C,YPL173W,0,0.5653017,0.0,0.0,0.03973088413476944
YDR227W,YPL210C,0,0.56524336,0.0,0.0,0.0398218035697937
YOR045W,YLR333C,0,0.56494594,0.0,0.0,0.039912719279527664
YAL019W,YOL084W,0,0.56422347,0.0,0.0,0.04000363498926163
YLR367W,YJR050W,0,0.56216145,0.0,0.0,0.04009455442428589
YER027C,YOR080W,0,0.5621259,0.0,0.0,0.04018547013401985
YLL026W,YDR080W,0,0.56070906,0.0,0.0,0.04027638956904411
YDR468C,YMR220W,0,0.5604366,0.0,0.0,0.040367305278778076
YNR048W,YOL051W,0,0.5602798,0.0,0.0,0.04045822471380234
YGL208W,YHR111W,0,0.5595349,0.0,0.0,0.0405491404235363
YDR043C,YDR107C,0,0.5595291,0.0,0.0,0.04064005985856056
YDR129C,YBR060C,0,0.5588825,0.0,0.0,0.040730975568294525
YDR078C,YBR193C,0,0.5586169,0.0,0.0,0.04082189127802849
YOR081C,YDR303C,0,0.55802864,0.0,0.0,0.04091281071305275
YGL045W,YKR095W,0,0.5572798,0.0,0.0,0.04100372642278671
YPL224C,YCR035C,0,0.55710304,0.0,0.0,0.041094645857810974
YMR286W,YBR060C,0,0.55588007,0.0,0.0,0.04118556156754494
YIL153W,YNL065W,0,0.5558694,0.0,0.0,0.0412764810025692
YDR178W,YDR301W,0,0.5557788,0.0,0.0,0.04136739671230316
YGR082W,YER159C,0,0.5533946,0.0,0.0,0.04145831614732742
YLR315W,YDR041W,0,0.55327386,0.0,0.0,0.041549231857061386
YGR055W,YOR109W,0,0.5531328,0.0,0.0,0.04164014756679535
YLR277C,YER143W,0,0.55289143,0.0,0.0,0.04173106700181961
YDR213W,YPR180W,0,0.55201393,0.0,0.0,0.041821982711553574
YMR286W,YBR078W,0,0.5515071,0.0,0.0,0.041912902146577835
YNL145W,YNL130C,0,0.5514132,0.0,0.0,0.0420038178563118
YGL045W,YLR083C,0,0.5496211,0.0,0.0,0.04209473729133606
YKR027W,YHR158C,0,0.54951084,0.0,0.0,0.04218565300107002
YDR268W,YGR007W,0,0.54921335,0.0,0.0,0.042276572436094284
YDR189W,YLR190W,0,0.5490266,0.0,0.0,0.04236748814582825
YER176W,YPR199C,0,0.5487607,0.0,0.0,0.04245840385556221
YGL243W,YCR065W,0,0.5481291,0.0,0.0,0.04254932329058647
YGL025C,YPL175W,0,0.5472375,0.0,0.0,0.042640239000320435
YGR181W,YOR316C,0,0.5465097,0.0,0.0,0.042731158435344696
YCR086W,YNL145W,0,0.54611516,0.0,0.0,0.04282207414507866
YOR034C,YHR201C,0,0.54552937,0.0,0.0,0.04291299358010292
YNR037C,YML055W,0,0.5452641,0.0,0.0,0.043003909289836884
YBR211C,YBL007C,0,0.5446554,0.0,0.0,0.04309482499957085
YHR073W,YDR392W,0,0.5446508,0.0,0.0,0.04318574443459511
YAL026C,YBR162C,0,0.54398435,0.0,0.0,0.04327666014432907
YKL033W,YFR034C,0,0.5431959,0.0,0.0,0.04336757957935333
YBR086C,YPL173W,0,0.54309946,0.0,0.0,0.043458495289087296
YPL036W,YGR165W,0,0.5425613,0.0,0.0,0.04354941472411156
YHR006W,YDR175C,0,0.5421537,0.0,0.0,0.04364033043384552
YLR181C,YML076C,0,0.54194146,0.0,0.0,0.04373124986886978
YPL262W,YKL192C,0,0.54161745,0.0,0.0,0.043822165578603745
YGR170W,YNL029C,0,0.54142505,0.0,0.0,0.04391308128833771
YHR139C,YBR049C,0,0.5395741,0.0,0.0,0.04400400072336197
YDR189W,YNL063W,0,0.5393203,0.0,0.0,0.04409491643309593
YPR161C,YPL063W,0,0.5387369,0.0,0.0,0.044185835868120193
YDR028C,YCL054W,0,0.53835493,0.0,0.0,0.044276751577854156
YGL098W,YBR188C,0,0.5371084,0.0,0.0,0.04436767101287842
YLR215C,YBL051C,0,0.53695863,0.0,0.0,0.04445858672261238
YHR139C,YLR292C,0,0.5366924,0.0,0.0,0.04454950615763664
YKR064W,YDL134C,0,0.5358807,0.0,0.0,0.044640421867370605
YMR220W,YIL153W,0,0.5350904,0.0,0.0,0.04473133757710457
YOL011W,YOL096C,0,0.5341315,0.0,0.0,0.04482225701212883
YHR148W,YLR054C,0,0.5335007,0.0,0.0,0.04491317272186279
YOR264W,YJR041C,0,0.53326446,0.0,0.0,0.045004092156887054
YJR132W,YPL100W,0,0.5326456,0.0,0.0,0.04509500786662102
YDR091C,YHR158C,0,0.53253096,0.0,0.0,0.04518592730164528
YLR362W,YDR392W,0,0.5324994,0.0,0.0,0.04527684301137924
YGL243W,YLR006C,0,0.5317408,0.0,0.0,0.0453677624464035
YJL110C,YPL140C,0,0.53158104,0.0,0.0,0.045458678156137466
YPL043W,YHR118C,0,0.53111935,0.0,0.0,0.04554959386587143
YPL210C,YPL075W,0,0.53063345,0.0,0.0,0.04564051330089569
YHR146W,YLR190W,0,0.5305922,0.0,0.0,0.045731429010629654
YGL067W,YPR133C,0,0.5294095,0.0,0.0,0.045822348445653915
YDR148C,YNL041C,0,0.52917767,0.0,0.0,0.04591326415538788
YAR033W,YLR058C,0,0.5284156,0.0,0.0,0.04600418359041214
YPL203W,YER060W,0,0.52811027,0.0,0.0,0.0460950993001461
YPR055W,YBR043C,0,0.5279801,0.0,0.0,0.046186018735170364
YKL033W,YGL127C,0,0.5271774,0.0,0.0,0.04627693444490433
YNL142W,YIL033C,0,0.5265026,0.0,0.0,0.04636785015463829
YEL024W,YPL179W,0,0.5260564,0.0,0.0,0.04645876958966255
YBL016W,YOR080W,0,0.52575475,0.0,0.0,0.046549685299396515
YAL007C,YBL007C,0,0.52520645,0.0,0.0,0.046640604734420776
YJR046W,YPL117C,0,0.52503955,0.0,0.0,0.04673152044415474
YER155C,YDR259C,0,0.524887,0.0,0.0,0.046822439879179
YIL106W,YDR407C,0,0.52371836,0.0,0.0,0.046913355588912964
YDR328C,YMR195W,0,0.5232829,0.0,0.0,0.04700427129864693
YJL127C,YJL013C,0,0.5223649,0.0,0.0,0.04709519073367119
YLL018C,YPL076W,0,0.5222269,0.0,0.0,0.04718610644340515
YMR133W,YDL123W,0,0.5221145,0.0,0.0,0.04727702587842941
YOL012C,YOR259C,0,0.5206544,0.0,0.0,0.047367941588163376
YNL062C,YGL192W,0,0.5198278,0.0,0.0,0.04745886102318764
YKR027W,YGR120C,0,0.5193076,0.0,0.0,0.0475497767329216
YMR081C,YBR131W,0,0.5140743,0.0,0.0,0.04764069616794586
YLR362W,YLR083C,0,0.51364017,0.0,0.0,0.047731611877679825
YPR161C,YOR109W,0,0.5131655,0.0,0.0,0.04782252758741379
YGR193C,YMR153W,0,0.5117498,0.0,0.0,0.04791344702243805
YML067C,YER176W,0,0.511698,0.0,0.0,0.04800436273217201
YDR091C,YNL180C,0,0.5110664,0.0,0.0,0.048095282167196274
YOR110W,YGL111W,0,0.51104826,0.0,0.0,0.04818619787693024
YKL155C,YPL221W,0,0.5105969,0.0,0.0,0.0482771173119545
YOR264W,YOR260W,0,0.510218,0.0,0.0,0.04836803302168846
YKR007W,YMR195W,0,0.50984144,0.0,0.0,0.04845895245671272
YLR451W,YNL118C,0,0.50977695,0.0,0.0,0.048549868166446686
YBR248C,YLR189C,0,0.5093951,0.0,0.0,0.04864078387618065
YNL183C,YGL115W,0,0.50918895,0.0,0.0,0.04873170331120491
YDR235W,YOL055C,0,0.50838536,0.0,0.0,0.04882261902093887
YER027C,YGL208W,0,0.50717604,0.0,0.0,0.048913538455963135
YCR031C,YBR034C,0,0.50659186,0.0,0.0,0.0490044541656971
YHR205W,YDR397C,0,0.5057795,0.0,0.0,0.04909537360072136
YPL262W,YBR121C,0,0.50572926,0.0,0.0,0.04918628931045532
YMR009W,YJL197W,0,0.5054909,0.0,0.0,0.049277208745479584
YBR218C,YCR044C,0,0.5054892,0.0,0.0,0.04936812445521355
YDR190C,YML076C,0,0.5053657,0.0,0.0,0.04945904016494751
YFR025C,YKL196C,0,0.5053629,0.0,0.0,0.04954995959997177
YPR154W,YIL173W,0,0.50476456,0.0,0.0,0.049640875309705734
YDR361C,YJL083W,0,0.5039001,0.0,0.0,0.049731794744729996
YKL155C,YOR357C,0,0.50387436,0.0,0.0,0.04982271045446396
YGR060W,YAL026C,0,0.50386554,0.0,0.0,0.04991362988948822
YDR103W,YOR275C,0,0.5031017,0.0,0.0,0.05000454559922218
YGL025C,YGR007W,0,0.50309765,0.0,0.0,0.050095465034246445
YGR003W,YCL035C,0,0.5028802,0.0,0.0,0.05018638074398041
YML102W,YGR142W,0,0.5027797,0.0,0.0,0.05027729645371437
YDR148C,YLR313C,0,0.5024428,0.0,0.0,0.05036821588873863
YNL031C,YIL118W,0,0.50221235,0.0,0.0,0.050459131598472595
YJL212C,YGL226W,0,0.5020549,0.0,0.0,0.05055005103349686
YML127W,YOR048C,0,0.501833,0.0,0.0,0.05064096674323082
YLR083C,YPL049C,0,0.49952257,0.0,0.0,0.05073188617825508
YDR477W,YHL007C,0,0.4989538,0.0,0.0,0.050822801887989044
YGR099W,YHR024C,0,0.49781084,0.0,0.0,0.05091371759772301
YHR204W,YLR382C,0,0.49758762,0.0,0.0,0.05100463703274727
YNL059C,YDR040C,0,0.49705714,0.0,0.0,0.05109555274248123
YJL089W,YER027C,0,0.4955547,0.0,0.0,0.05118647217750549
YDR392W,YOR127W,0,0.4951014,0.0,0.0,0.051277387887239456
YLR347C,YJR123W,0,0.49466214,0.0,0.0,0.05136830732226372
YLR023C,YDR168W,0,0.49395502,0.0,0.0,0.05145922303199768
YBL008W,YDL223C,0,0.49260485,0.0,0.0,0.05155014246702194
YOR371C,YPL115C,0,0.49126562,0.0,0.0,0.051641058176755905
YIL008W,YNL294C,0,0.49085325,0.0,0.0,0.05173197388648987
YIL043C,YNL240C,0,0.49028093,0.0,0.0,0.05182289332151413
YDR261C,YHL025W,0,0.4902535,0.0,0.0,0.05191380903124809
YIL009W,YKL192C,0,0.49003637,0.0,0.0,0.052004728466272354
YIL119C,YER178W,0,0.48944467,0.0,0.0,0.05209564417600632
YCR086W,YNL216W,0,0.48943043,0.0,0.0,0.05218656361103058
YML057W,YDL087C,0,0.48922387,0.0,0.0,0.05227747932076454
YKL052C,YHR194W,0,0.48909026,0.0,0.0,0.0523683987557888
YNL133C,YGL195W,0,0.48902878,0.0,0.0,0.052459314465522766
YLR277C,YOL012C,0,0.4886797,0.0,0.0,0.05255023017525673
YDR148C,YER060W,0,0.48865768,0.0,0.0,0.05264114961028099
YPL280W,YLR277C,0,0.48852807,0.0,0.0,0.052732065320014954
YKL185W,YKR083C,0,0.48692358,0.0,0.0,0.052822984755039215
YMR048W,YOR060C,0,0.4865896,0.0,0.0,0.05291390046477318
YLR435W,YMR156C,0,0.4865029,0.0,0.0,0.05300481989979744
YOR193W,YPR128C,0,0.48579916,0.0,0.0,0.0530957356095314
YOL096C,YDR259C,0,0.48564,0.0,0.0,0.053186655044555664
YIL107C,YNL066W,0,0.48508745,0.0,0.0,0.05327757075428963
YCL029C,YPL234C,0,0.48464727,0.0,0.0,0.05336848646402359
YDR463W,YGL240W,0,0.48274338,0.0,0.0,0.05345940589904785
YNL119W,YDL024C,0,0.48228148,0.0,0.0,0.053550321608781815
YIL098C,YBR208C,0,0.48146158,0.0,0.0,0.053641241043806076
YPR131C,YCL039W,0,0.4812215,0.0,0.0,0.05373215675354004
YAL019W,YLR337C,0,0.4799041,0.0,0.0,0.0538230761885643
YGL167C,YOR359W,0,0.47987062,0.0,0.0,0.053913991898298264
YGR217W,YER139C,0,0.47968835,0.0,0.0,0.054004911333322525
YPR008W,YDR041W,0,0.47950888,0.0,0.0,0.05409582704305649
YHR201C,YFR040W,0,0.47940177,0.0,0.0,0.05418674275279045
YIL030C,YOR110W,0,0.47931638,0.0,0.0,0.05427766218781471
YDR435C,YLR059C,0,0.4792992,0.0,0.0,0.054368577897548676
YNL076W,YCL001W,0,0.47788244,0.0,0.0,0.05445949733257294
YDL113C,YBR295W,0,0.47756904,0.0,0.0,0.0545504130423069
YAL048C,YEL051W,0,0.4773925,0.0,0.0,0.05464133247733116
YHR146W,YEL051W,0,0.4772586,0.0,0.0,0.054732248187065125
YIL147C,YPR100W,0,0.4772298,0.0,0.0,0.05482316389679909
YDR028C,YLR019W,0,0.477204,0.0,0.0,0.05491408333182335
YMR072W,YNL068C,0,0.4769631,0.0,0.0,0.05500499904155731
YOR357C,YBR212W,0,0.47685927,0.0,0.0,0.055095918476581573
YHR111W,YOR212W,0,0.47616935,0.0,0.0,0.055186834186315536
YPR017C,YDL223C,0,0.47614694,0.0,0.0,0.0552777536213398
YNL250W,YHR139C,0,0.47590637,0.0,0.0,0.05536866933107376
YNL250W,YBL031W,0,0.47574225,0.0,0.0,0.05545958876609802
YHR165C,YPL097W,0,0.47478673,0.0,0.0,0.055550504475831985
YIL036W,YHL011C,0,0.4747506,0.0,0.0,0.05564142018556595
YIL087C,YIL009W,0,0.4742313,0.0,0.0,0.05573233962059021
YER027C,YOR127W,0,0.47334552,0.0,0.0,0.05582325533032417
YOL055C,YER005W,0,0.47236615,0.0,0.0,0.055914174765348434
YOL078W,YGR040W,0,0.4722281,0.0,0.0,0.0560050904750824
YJL179W,YLR055C,0,0.47177404,0.0,0.0,0.05609600991010666
YER179W,YIL014W,0,0.47168857,0.0,0.0,0.05618692561984062
YBL016W,YER113C,0,0.47107303,0.0,0.0,0.05627784505486488
YLR382C,YPL176C,0,0.4700002,0.0,0.0,0.056368760764598846
YLL024C,YJR049C,0,0.4694872,0.0,0.0,0.05645967647433281
YKR099W,YNL118C,0,0.46945247,0.0,0.0,0.05655059590935707
YNL243W,YLR181C,0,0.468571,0.0,0.0,0.056641511619091034
YOR081C,YJR050W,0,0.46744654,0.0,0.0,0.056732431054115295
YKL141W,YDR395W,0,0.46741647,0.0,0.0,0.05682334676384926
YPL171C,YJR109C,0,0.46712798,0.0,0.0,0.05691426619887352
YKL191W,YDL223C,0,0.46668756,0.0,0.0,0.05700518190860748
YDL175C,YOR236W,0,0.46634203,0.0,0.0,0.057096101343631744
YOR212W,YOR275C,0,0.4658441,0.0,0.0,0.05718701705336571
YOR267C,YPL076W,0,0.46548873,0.0,0.0,0.05727793276309967
YNL199C,YHR118C,0,0.46500924,0.0,0.0,0.05736885219812393
YNL059C,YBR015C,0,0.4644378,0.0,0.0,0.057459767907857895
YPL224C,YER060W,0,0.4641275,0.0,0.0,0.057550687342882156
YNL173C,YJR052W,0,0.46409848,0.0,0.0,0.05764160305261612
YKR049C,YOR319W,0,0.46235013,0.0,0.0,0.05773252248764038
YDR091C,YPR106W,0,0.46207434,0.0,0.0,0.057823438197374344
YEL020W-A,YNL251C,0,0.46185702,0.0,0.0,0.057914357632398605
YPL120W,YOR048C,0,0.46170887,0.0,0.0,0.05800527334213257
YHR139C,YGL238W,0,0.4604249,0.0,0.0,0.05809618905186653
YPL280W,YJL069C,0,0.45964414,0.0,0.0,0.05818710848689079
YML120C,YDR303C,0,0.45873028,0.0,0.0,0.058278024196624756
YIL037C,YLR382C,0,0.45847964,0.0,0.0,0.05836894363164902
YER031C,YIL106W,0,0.4578573,0.0,0.0,0.05845985934138298
YJR153W,YNR019W,0,0.45724517,0.0,0.0,0.05855077877640724
YBL051C,YNL240C,0,0.4565706,0.0,0.0,0.058641694486141205
YGL073W,YGL005C,0,0.45630875,0.0,0.0,0.05873261019587517
YHR073W,YHL007C,0,0.45627683,0.0,0.0,0.05882352963089943
YNL167C,YBL038W,0,0.45602703,0.0,0.0,0.05891444534063339
YPL076W,YDL046W,0,0.455909,0.0,0.0,0.059005364775657654
YKR100C,YIL137C,0,0.45546678,0.0,0.0,0.05909628048539162
YPR034W,YDR005C,0,0.45543116,0.0,0.0,0.05918719992041588
YLR056W,YGL129C,0,0.45541516,0.0,0.0,0.05927811563014984
YOL116W,YNL298W,0,0.45536828,0.0,0.0,0.0593690350651741
YIL033C,YGR083C,0,0.45532227,0.0,0.0,0.059459950774908066
YGR024C,YDR430C,0,0.45500535,0.0,0.0,0.05955086648464203
YNL183C,YGR103W,0,0.45490196,0.0,0.0,0.05964178591966629
YHR073W,YLR083C,0,0.45485532,0.0,0.0,0.05973270162940025
YDR477W,YPL115C,0,0.4544533,0.0,0.0,0.059823621064424515
YER177W,YJL197W,0,0.4544482,0.0,0.0,0.05991453677415848
YAL041W,YDL159W,0,0.45193723,0.0,0.0,0.06000545620918274
YER139C,YNL123W,0,0.45089346,0.0,0.0,0.0600963719189167
YOR049C,YIL005W,0,0.45066676,0.0,0.0,0.060187291353940964
YBR069C,YBR029C,0,0.45051855,0.0,0.0,0.06027820706367493
YER093C,YER038C,0,0.4501419,0.0,0.0,0.06036912277340889
YDR039C,YOR247W,0,0.44954386,0.0,0.0,0.06046004220843315
YER027C,YGR040W,0,0.44949,0.0,0.0,0.060550957918167114
YHR088W,YHR001W-A,0,0.44928637,0.0,0.0,0.060641877353191376
YHR037W,YGR260W,0,0.44914663,0.0,0.0,0.06073279306292534
YKR077W,YGR208W,0,0.44899756,0.0,0.0,0.0608237124979496
YPL004C,YNL066W,0,0.44846728,0.0,0.0,0.06091462820768356
YEL018W,YJL083W,0,0.44795978,0.0,0.0,0.061005547642707825
YBL007C,YPR017C,0,0.4475985,0.0,0.0,0.06109646335244179
YKL006C-A,YLR196W,0,0.44756395,0.0,0.0,0.06118737906217575
YMR076C,YNL318C,0,0.44712985,0.0,0.0,0.06127829849720001
YDL123W,YCR063W,0,0.4471157,0.0,0.0,0.061369214206933975
YLR277C,YOR086C,0,0.44697502,0.0,0.0,0.06146013364195824
YGL045W,YER027C,0,0.44688463,0.0,0.0,0.0615510493516922
YDR398W,YOR372C,0,0.44659394,0.0,0.0,0.06164196878671646
YDR280W,YJL083W,0,0.4460815,0.0,0.0,0.061732884496450424
YMR156C,YDR257C,0,0.44545248,0.0,0.0,0.061823803931474686
YOR090C,YBR131W,0,0.4452566,0.0,0.0,0.06191471964120865
YBR153W,YPL115C,0,0.44415054,0.0,0.0,0.06200563535094261
YGL104C,YCR035C,0,0.4436197,0.0,0.0,0.06209655478596687
YOR383C,YGL226W,0,0.44310302,0.0,0.0,0.062187470495700836
YDR463W,YER032W,0,0.44278148,0.0,0.0,0.0622783899307251
YBR130C,YJL057C,0,0.44263217,0.0,0.0,0.06236930564045906
YPL140C,YGL240W,0,0.44249436,0.0,0.0,0.06246022507548332
YNL119W,YPL049C,0,0.44247264,0.0,0.0,0.06255114078521729
YDR145W,YGL063W,0,0.4424112,0.0,0.0,0.06264206022024155
YGL116W,YJL197W,0,0.44220558,0.0,0.0,0.06273297220468521
YIL062C,YGR083C,0,0.44169587,0.0,0.0,0.06282389163970947
YOL011W,YHR190W,0,0.44146967,0.0,0.0,0.06291481107473373
YER044C-A,YLR058C,0,0.44101098,0.0,0.0,0.063005730509758
YLR382C,YPL161C,0,0.44098002,0.0,0.0,0.06309664249420166
YGR170W,YPR131C,0,0.44014496,0.0,0.0,0.06318756192922592
YBR181C,YKL196C,0,0.4398056,0.0,0.0,0.06327848136425018
YNL068C,YIL008W,0,0.4395808,0.0,0.0,0.06336940079927444
YER177W,YGL151W,0,0.4390691,0.0,0.0,0.06346031278371811
YJL174W,YBL013W,0,0.43764657,0.0,0.0,0.06355123221874237
YLR083C,YEL039C,0,0.43651426,0.0,0.0,0.06364215165376663
YDL247W,YFR025C,0,0.4364987,0.0,0.0,0.0637330636382103
YDR289C,YLR056W,0,0.4358973,0.0,0.0,0.06382398307323456
YPR161C,YMR110C,0,0.43438601,0.0,0.0,0.06391490250825882
YBL016W,YDR392W,0,0.43396282,0.0,0.0,0.06400582194328308
YAL002W,YDL230W,0,0.43219796,0.0,0.0,0.06409673392772675
YPR057W,YLR292C,0,0.43211403,0.0,0.0,0.06418765336275101
YGL070C,YGL096W,0,0.43139502,0.0,0.0,0.06427857279777527
YOR372C,YGR296W,0,0.43100643,0.0,0.0,0.06436948478221893
YMR059W,YJR131W,0,0.43049777,0.0,0.0,0.0644604042172432
YDR343C,YLR360W,0,0.43021712,0.0,0.0,0.06455132365226746
YPL115C,YER081W,0,0.42998004,0.0,0.0,0.06464224308729172
YKL196C,YDR135C,0,0.42948925,0.0,0.0,0.06473315507173538
YBR086C,YNL156C,0,0.42875242,0.0,0.0,0.06482407450675964
YDL106C,YJR046W,0,0.4284157,0.0,0.0,0.0649149939417839
YJL183W,YLR059C,0,0.42825234,0.0,0.0,0.06500590592622757
YLR239C,YDR343C,0,0.4280508,0.0,0.0,0.06509682536125183
YKL197C,YPL239W,0,0.42770913,0.0,0.0,0.06518774479627609
YGR212W,YLR131C,0,0.42740452,0.0,0.0,0.06527866423130035
YGR212W,YOR048C,0,0.4273776,0.0,0.0,0.06536957621574402
YDR289C,YDL018C,0,0.42711365,0.0,0.0,0.06546049565076828
YDL087C,YPL161C,0,0.42668897,0.0,0.0,0.06555141508579254
YJL089W,YKR083C,0,0.4251184,0.0,0.0,0.0656423345208168
YGL121C,YOR080W,0,0.42425734,0.0,0.0,0.06573324650526047
YDR057W,YOR132W,0,0.42385718,0.0,0.0,0.06582416594028473
YPL001W,YHL035C,0,0.42358088,0.0,0.0,0.06591508537530899
YPL234C,YER040W,0,0.42334878,0.0,0.0,0.06600599735975266
YGR103W,YGR174C,0,0.42334226,0.0,0.0,0.06609691679477692
YLR181C,YDR438W,0,0.42268398,0.0,0.0,0.06618783622980118
YGL078C,YKL005C,0,0.42261663,0.0,0.0,0.06627875566482544
YNL020C,YLR215C,0,0.42200187,0.0,0.0,0.0663696676492691
YHR073W,YER113C,0,0.42112714,0.0,0.0,0.06646058708429337
YMR316W,YGR040W,0,0.42107746,0.0,0.0,0.06655150651931763
YKL062W,YPR105C,0,0.42033273,0.0,0.0,0.06664241850376129
YBR095C,YNL197C,0,0.42031574,0.0,0.0,0.06673333793878555
YBR254C,YHR190W,0,0.42025453,0.0,0.0,0.06682425737380981
YGL192W,YPL097W,0,0.42022592,0.0,0.0,0.06691517680883408
YER031C,YDR280W,0,0.42010364,0.0,0.0,0.06700608879327774
YDL091C,YGL115W,0,0.41872454,0.0,0.0,0.067097008228302
YOL116W,YBR083W,0,0.41808918,0.0,0.0,0.06718792766332626
YDR145W,YBR162W-A,0,0.41725087,0.0,0.0,0.06727884709835052
YFL061W,YDR040C,0,0.4167158,0.0,0.0,0.06736975908279419
YBR003W,YOR048C,0,0.41590005,0.0,0.0,0.06746067851781845
YGR193C,YPR199C,0,0.41586217,0.0,0.0,0.06755159795284271
YDR078C,YER060W,0,0.41579497,0.0,0.0,0.06764250993728638
YPR143W,YNR033W,0,0.4153816,0.0,0.0,0.06773342937231064
YDR359C,YGL240W,0,0.41478077,0.0,0.0,0.0678243488073349
YJR153W,YGL167C,0,0.41472635,0.0,0.0,0.06791526824235916
YKL006C-A,YDR528W,0,0.41431177,0.0,0.0,0.06800618022680283
YHR110W,YER123W,0,0.41228136,0.0,0.0,0.06809709966182709
YIL007C,YDR516C,0,0.4116826,0.0,0.0,0.06818801909685135
YKL045W,YLR324W,0,0.41163504,0.0,0.0,0.06827893108129501
YOR068C,YDL145C,0,0.4112471,0.0,0.0,0.06836985051631927
YHR073W,YHR084W,0,0.41071528,0.0,0.0,0.06846076995134354
YPR154W,YDR098C,0,0.4104917,0.0,0.0,0.0685516893863678
YLR044C,YPL178W,0,0.41049048,0.0,0.0,0.06864260137081146
YGR254W,YBL005W,0,0.41024178,0.0,0.0,0.06873352080583572
YLR215C,YGR142W,0,0.4101008,0.0,0.0,0.06882444024085999
YDL072C,YER127W,0,0.40860572,0.0,0.0,0.06891535222530365
YEL039C,YBR180W,0,0.408297,0.0,0.0,0.06900627166032791
YNL103W,YLR328W,0,0.40821382,0.0,0.0,0.06909719109535217
YMR274C,YMR237W,0,0.40815485,0.0,0.0,0.06918811053037643
YKR077W,YGL107C,0,0.40805304,0.0,0.0,0.0692790225148201
YLL018C,YPL262W,0,0.4073235,0.0,0.0,0.06936994194984436
YGL121C,YBR066C,0,0.40697002,0.0,0.0,0.06946086138486862
YDR002W,YDR397C,0,0.40680182,0.0,0.0,0.06955178081989288
YIL156W,YDR127W,0,0.40670773,0.0,0.0,0.06964269280433655
YMR286W,YGR208W,0,0.40665674,0.0,0.0,0.06973361223936081
YJL026W,YNL240C,0,0.40663585,0.0,0.0,0.06982453167438507
YDR127W,YKL138C,0,0.4062916,0.0,0.0,0.06991544365882874
YGL208W,YNL197C,0,0.40573007,0.0,0.0,0.070006363093853
YNR019W,YMR313C,0,0.40456066,0.0,0.0,0.07009728252887726
YJL057C,YJR109C,0,0.40372884,0.0,0.0,0.07018820196390152
YLR451W,YPR131C,0,0.40360212,0.0,0.0,0.07027911394834518
YPL210C,YOL059W,0,0.40224022,0.0,0.0,0.07037003338336945
YOR026W,YBR015C,0,0.40178832,0.0,0.0,0.07046095281839371
YJR132W,YPL013C,0,0.40148956,0.0,0.0,0.07055186480283737
YNL251C,YOR086C,0,0.4013217,0.0,0.0,0.07064278423786163
YLR382C,YNR033W,0,0.40100706,0.0,0.0,0.0707337036728859
YOR258W,YFR034C,0,0.40044877,0.0,0.0,0.07082462310791016
YPR105C,YGL127C,0,0.40041167,0.0,0.0,0.07091553509235382
YBR003W,YNL066W,0,0.40028542,0.0,0.0,0.07100645452737808
YDL230W,YLR247C,0,0.40002716,0.0,0.0,0.07109737396240234
YNL056W,YDR464W,0,0.39982122,0.0,0.0,0.0711882933974266
YHR024C,YEL032W,0,0.39946344,0.0,0.0,0.07127920538187027
YMR074C,YMR153W,0,0.39936152,0.0,0.0,0.07137012481689453
YER102W,YKR052C,0,0.39928088,0.0,0.0,0.07146104425191879
YMR081C,YHR158C,0,0.39915943,0.0,0.0,0.07155195623636246
YLR052W,YLR007W,0,0.39914006,0.0,0.0,0.07164287567138672
YKL141W,YER007C-A,0,0.39888078,0.0,0.0,0.07173379510641098
YDR075W,YKL060C,0,0.39850873,0.0,0.0,0.07182471454143524
YBL016W,YPL049C,0,0.39761734,0.0,0.0,0.0719156265258789
YJR035W,YHR154W,0,0.397115,0.0,0.0,0.07200654596090317
YKR085C,YKL005C,0,0.39663157,0.0,0.0,0.07209746539592743
YEL039C,YLR409C,0,0.3965252,0.0,0.0,0.0721883773803711
YGL076C,YDR129C,0,0.39600447,0.0,0.0,0.07227929681539536
YHR204W,YIL052C,0,0.39428347,0.0,0.0,0.07237021625041962
YIL068C,YBL051C,0,0.39392978,0.0,0.0,0.07246113568544388
YNL180C,YIL008W,0,0.39209706,0.0,0.0,0.07255204766988754
YPL120W,YBR003W,0,0.39190298,0.0,0.0,0.0726429671049118
YKL069W,YJL127C,0,0.39163813,0.0,0.0,0.07273388653993607
YBL016W,YDR107C,0,0.39149296,0.0,0.0,0.07282480597496033
YJR049C,YCR065W,0,0.39099455,0.0,0.0,0.07291571795940399
YKL141W,YDR135C,0,0.39083916,0.0,0.0,0.07300663739442825
YOR252W,YLR006C,0,0.390809,0.0,0.0,0.07309755682945251
YGR103W,YBL007C,0,0.38994694,0.0,0.0,0.07318846881389618
YOR117W,YEL032W,0,0.3899249,0.0,0.0,0.07327938824892044
YLR102C,YOR110W,0,0.38881654,0.0,0.0,0.0733703076839447
YMR072W,YNL247W,0,0.3887515,0.0,0.0,0.07346122711896896
YJL110C,YDR259C,0,0.38834226,0.0,0.0,0.07355213910341263
YGR082W,YOR330C,0,0.38803765,0.0,0.0,0.07364305853843689
YBL056W,YFR034C,0,0.38786638,0.0,0.0,0.07373397797346115
YLR083C,YPL203W,0,0.3873835,0.0,0.0,0.07382488995790482
YBR193C,YGR040W,0,0.3867278,0.0,0.0,0.07391580939292908
YOR316C,YHR118C,0,0.3865144,0.0,0.0,0.07400672882795334
YHR205W,YJR109C,0,0.3858602,0.0,0.0,0.0740976482629776
YJR049C,YIL005W,0,0.38560277,0.0,0.0,0.07418856024742126
YDR243C,YHR114W,0,0.38494688,0.0,0.0,0.07427947968244553
YPR174C,YDL139C,0,0.38391328,0.0,0.0,0.07437039911746979
YBL016W,YER027C,0,0.38308835,0.0,0.0,0.07446131110191345
YPL043W,YHL031C,0,0.38244033,0.0,0.0,0.07455223053693771
YLL018C,YDR243C,0,0.38173825,0.0,0.0,0.07464314997196198
YDR103W,YDL159W,0,0.3810647,0.0,0.0,0.07473406940698624
YJL212C,YNL287W,0,0.3808108,0.0,0.0,0.0748249813914299
YNL294C,YNL119W,0,0.38061818,0.0,0.0,0.07491590082645416
YGL045W,YNL298W,0,0.38015208,0.0,0.0,0.07500682026147842
YNL041C,YKL043W,0,0.37940928,0.0,0.0,0.07509773969650269
YML057W,YER040W,0,0.37935454,0.0,0.0,0.07518865168094635
YOR119C,YNR033W,0,0.37884724,0.0,0.0,0.07527957111597061
YNR059W,YDL117W,0,0.3787064,0.0,0.0,0.07537049055099487
YDR107C,YGR040W,0,0.37755138,0.0,0.0,0.07546140253543854
YDR407C,YGL045W,0,0.37752292,0.0,0.0,0.0755523219704628
YLR193C,YAL059W,0,0.37750658,0.0,0.0,0.07564324140548706
YKR027W,YBR254C,0,0.3772552,0.0,0.0,0.07573416084051132
YIL007C,YEL001C,0,0.37711564,0.0,0.0,0.07582507282495499
YLR075W,YBR146W,0,0.3757912,0.0,0.0,0.07591599225997925
YHR011W,YOR212W,0,0.37563932,0.0,0.0,0.07600691169500351
YDL220C,YPR131C,0,0.3755077,0.0,0.0,0.07609782367944717
YOR127W,YDR103W,0,0.37523514,0.0,0.0,0.07618874311447144
YER100W,YLR215C,0,0.37515825,0.0,0.0,0.0762796625494957
YLL018C-A,YOR241W,0,0.37448117,0.0,0.0,0.07637058198451996
YLR347C,YHR201C,0,0.37438327,0.0,0.0,0.07646149396896362
YOR157C,YOL116W,0,0.3741953,0.0,0.0,0.07655241340398788
YML098W,YKL134C,0,0.37414703,0.0,0.0,0.07664333283901215
YLR315W,YOL061W,0,0.37410682,0.0,0.0,0.07673425227403641
YNL167C,YNL055C,0,0.37369984,0.0,0.0,0.07682516425848007
YMR192W,YKL040C,0,0.3736409,0.0,0.0,0.07691608369350433
YIL030C,YOR059C,0,0.37362152,0.0,0.0,0.0770070031285286
YOR193W,YNL063W,0,0.3736173,0.0,0.0,0.07709791511297226
YPR175W,YKL006C-A,0,0.37299973,0.0,0.0,0.07718883454799652
YDR148C,YML061C,0,0.37261796,0.0,0.0,0.07727975398302078
YHL028W,YDR092W,0,0.37241971,0.0,0.0,0.07737067341804504
YKR034W,YPL145C,0,0.37238684,0.0,0.0,0.07746158540248871
YJL127C,YKL132C,0,0.37137097,0.0,0.0,0.07755250483751297
YCR086W,YDR430C,0,0.37112296,0.0,0.0,0.07764342427253723
YPL075W,YDR087C,0,0.37041697,0.0,0.0,0.0777343362569809
YIL107C,YBR180W,0,0.3700183,0.0,0.0,0.07782525569200516
YNL288W,YBL047C,0,0.3697124,0.0,0.0,0.07791617512702942
YIL107C,YBL005W,0,0.3686878,0.0,0.0,0.07800709456205368
YMR316W,YNL119W,0,0.36842477,0.0,0.0,0.07809800654649734
YOL020W,YOR195W,0,0.36831516,0.0,0.0,0.0781889259815216
YNR024W,YDR261C,0,0.3681759,0.0,0.0,0.07827984541654587
YOL126C,YOR079C,0,0.36786085,0.0,0.0,0.07837075740098953
YNL031C,YLR451W,0,0.36783236,0.0,0.0,0.0784616768360138
YML021C,YER005W,0,0.36670566,0.0,0.0,0.07855259627103806
YGL126W,YLR247C,0,0.3665732,0.0,0.0,0.07864351570606232
YPL075W,YLR384C,0,0.3661636,0.0,0.0,0.07873442769050598
YLR037C,YKL099C,0,0.36588335,0.0,0.0,0.07882534712553024
YIL106W,YNR048W,0,0.36573818,0.0,0.0,0.0789162665605545
YLR417W,YBR188C,0,0.36572927,0.0,0.0,0.07900718599557877
YMR316W,YER027C,0,0.36498904,0.0,0.0,0.07909809798002243
YGR057C,YGR083C,0,0.36457843,0.0,0.0,0.07918901741504669
YDR043C,YHR073W,0,0.36410952,0.0,0.0,0.07927993685007095
YKR099W,YNL055C,0,0.36405003,0.0,0.0,0.07937084883451462
YOR189W,YER005W,0,0.36355078,0.0,0.0,0.07946176826953888
YCR105W,YDL093W,0,0.3635325,0.0,0.0,0.07955268770456314
YLR277C,YGL144C,0,0.36315277,0.0,0.0,0.0796436071395874
YMR232W,YPR105C,0,0.36244228,0.0,0.0,0.07973451912403107
YFR031C-A,YPL215W,0,0.36222836,0.0,0.0,0.07982543855905533
YIL022W,YML031W,0,0.36135074,0.0,0.0,0.07991635799407959
YPR169W,YLR054C,0,0.36112392,0.0,0.0,0.08000726997852325
YOR207C,YOR065W,0,0.36084113,0.0,0.0,0.08009818941354752
YDL072C,YLR085C,0,0.36077604,0.0,0.0,0.08018910884857178
YOR260W,YMR225C,0,0.36037087,0.0,0.0,0.08028002828359604
YOR091W,YER178W,0,0.3601157,0.0,0.0,0.0803709402680397
YPL004C,YIL011W,0,0.35850585,0.0,0.0,0.08046185970306396
YKR034W,YML031W,0,0.35751438,0.0,0.0,0.08055277913808823
YHR073W,YAL041W,0,0.35710374,0.0,0.0,0.08064369857311249
YFR050C,YNR052C,0,0.35709783,0.0,0.0,0.08073461055755615
YMR081C,YHR005C,0,0.35587922,0.0,0.0,0.08082552999258041
YBR069C,YBR112C,0,0.35527232,0.0,0.0,0.08091644942760468
YCL017C,YGR170W,0,0.35484356,0.0,0.0,0.08100736141204834
YMR158W,YFR034C,0,0.35483974,0.0,0.0,0.0810982808470726
YDR280W,YKR027W,0,0.35476667,0.0,0.0,0.08118920028209686
YGL208W,YHR084W,0,0.35463712,0.0,0.0,0.08128011971712112
YBR038W,YBL080C,0,0.3541979,0.0,0.0,0.08137103170156479
YOR027W,YNL164C,0,0.35417563,0.0,0.0,0.08146195113658905
YMR232W,YDR545W,0,0.35416645,0.0,0.0,0.08155287057161331
YBR119W,YDR243C,0,0.3539223,0.0,0.0,0.08164378255605698
YJL013C,YIL005W,0,0.35331395,0.0,0.0,0.08173470199108124
YLL006W,YDR080W,0,0.3531921,0.0,0.0,0.0818256214261055
YDR471W,YOR081C,0,0.3528865,0.0,0.0,0.08191654086112976
YOR212W,YPL115C,0,0.3528293,0.0,0.0,0.08200745284557343
YJR054W,YPL097W,0,0.35271975,0.0,0.0,0.08209837228059769
YDL209C,YDR005C,0,0.3520903,0.0,0.0,0.08218929171562195
YGR254W,YIL153W,0,0.35202998,0.0,0.0,0.08228020370006561
YOL076W,YPL100W,0,0.35124093,0.0,0.0,0.08237112313508987
YGR204W,YDR160W,0,0.35109574,0.0,0.0,0.08246204257011414
YER176W,YBR107C,0,0.3507406,0.0,0.0,0.0825529620051384
YPL176C,YER167W,0,0.35012823,0.0,0.0,0.08264387398958206
YHR158C,YCR063W,0,0.34970874,0.0,0.0,0.08273479342460632
YLR293C,YDR517W,0,0.349554,0.0,0.0,0.08282571285963058
YDR148C,YDL031W,0,0.34951597,0.0,0.0,0.08291663229465485
YBR272C,YDL076C,0,0.34942618,0.0,0.0,0.08300754427909851
YCR045C,YDR386W,0,0.34919366,0.0,0.0,0.08309846371412277
YPR188C,YML057W,0,0.34913576,0.0,0.0,0.08318938314914703
YPR148C,YLR413W,0,0.3491223,0.0,0.0,0.0832802951335907
YDR477W,YHR111W,0,0.34905356,0.0,0.0,0.08337121456861496
YNL031C,YKL132C,0,0.3481009,0.0,0.0,0.08346213400363922
YPR161C,YIL068C,0,0.3478392,0.0,0.0,0.08355305343866348
YGL025C,YLR220W,0,0.34741002,0.0,0.0,0.08364396542310715
YNL145W,YOR117W,0,0.34647354,0.0,0.0,0.08373488485813141
YDR276C,YKR088C,0,0.34613815,0.0,0.0,0.08382580429315567
YJL013C,YGR040W,0,0.34574193,0.0,0.0,0.08391671627759933
YDL081C,YKL196C,0,0.3455879,0.0,0.0,0.0840076357126236
YIL147C,YGR296W,0,0.34531343,0.0,0.0,0.08409855514764786
YIR019C,YCL054W,0,0.34472403,0.0,0.0,0.08418947458267212
YKL192C,YHL025W,0,0.34399363,0.0,0.0,0.08428038656711578
YKR007W,YCL044C,0,0.3439416,0.0,0.0,0.08437130600214005
YDR189W,YLR288C,0,0.3435513,0.0,0.0,0.0844622254371643
YLR052W,YDR190C,0,0.34342107,0.0,0.0,0.08455314487218857
YOL122C,YOR207C,0,0.34339818,0.0,0.0,0.08464405685663223
YOR087W,YML004C,0,0.34261042,0.0,0.0,0.0847349762916565
YLR377C,YGL076C,0,0.34257397,0.0,0.0,0.08482589572668076
YMR316W,YER113C,0,0.3421724,0.0,0.0,0.08491680771112442
YBR149W,YDR135C,0,0.34114918,0.0,0.0,0.08500772714614868
YOL042W,YJL196C,0,0.34114707,0.0,0.0,0.08509864658117294
YFL056C,YGL027C,0,0.34027284,0.0,0.0,0.0851895660161972
YMR313C,YBL047C,0,0.34025526,0.0,0.0,0.08528047800064087
YHR118C,YKL079W,0,0.33978295,0.0,0.0,0.08537139743566513
YDR145W,YGR138C,0,0.33962506,0.0,0.0,0.08546231687068939
YPL234C,YHR146W,0,0.33937925,0.0,0.0,0.08555322885513306
YPR173C,YBR169C,0,0.33899662,0.0,0.0,0.08564414829015732
YPL224C,YGL198W,0,0.33880243,0.0,0.0,0.08573506772518158
YGR204W,YGL045W,0,0.33858734,0.0,0.0,0.08582598716020584
YPL171C,YLR059C,0,0.33827728,0.0,0.0,0.0859168991446495
YDR002W,YOL135C,0,0.338143,0.0,0.0,0.08600781857967377
YNL059C,YMR040W,0,0.337821,0.0,0.0,0.08609873801469803
YOR016C,YPL169C,0,0.33689383,0.0,0.0,0.0861896499991417
YER177W,YGL105W,0,0.33651984,0.0,0.0,0.08628056943416595
YPL013C,YOL061W,0,0.33627588,0.0,0.0,0.08637148886919022
YOR371C,YLR083C,0,0.33593452,0.0,0.0,0.08646240830421448
YGR174C,YAL051W,0,0.33566672,0.0,0.0,0.08655332028865814
YGR170W,YJL094C,0,0.33562768,0.0,0.0,0.0866442397236824
YML023C,YOR271C,0,0.33489424,0.0,0.0,0.08673515915870667
YLR259C,YNR030W,0,0.334589,0.0,0.0,0.08682607859373093
YOR080W,YGL208W,0,0.33375624,0.0,0.0,0.08691699057817459
YIL036W,YOR250C,0,0.33374596,0.0,0.0,0.08700791001319885
YLR234W,YOR136W,0,0.333608,0.0,0.0,0.08709882944822311
YDR039C,YPL207W,0,0.3335871,0.0,0.0,0.08718974143266678
YOR009W,YBR146W,0,0.33329722,0.0,0.0,0.08728066086769104
YMR072W,YKL099C,0,0.33307874,0.0,0.0,0.0873715803027153
YGL018C,YDR040C,0,0.33223343,0.0,0.0,0.08746249973773956
YNL294C,YDR477W,0,0.33172762,0.0,0.0,0.08755341172218323
YLR362W,YAL041W,0,0.3312475,0.0,0.0,0.08764433115720749
YLR277C,YPL262W,0,0.32958305,0.0,0.0,0.08773525059223175
YPL203W,YAL041W,0,0.3293055,0.0,0.0,0.08782616257667542
YCR091W,YBR181C,0,0.32912356,0.0,0.0,0.08791708201169968
YDR129C,YLR277C,0,0.3287387,0.0,0.0,0.08800800144672394
YGR174C,YDR372C,0,0.32831946,0.0,0.0,0.0880989208817482
YNL111C,YGL049C,0,0.32807046,0.0,0.0,0.08818983286619186
YER028C,YLR417W,0,0.32781446,0.0,0.0,0.08828075230121613
YFR047C,YDR513W,0,0.32749474,0.0,0.0,0.08837167173624039
YJR073C,YHL015W,0,0.3273972,0.0,0.0,0.08846259117126465
YLR007W,YMR091C,0,0.3266481,0.0,0.0,0.08855350315570831
YAL048C,YDL124W,0,0.32646385,0.0,0.0,0.08864442259073257
YNL294C,YAL041W,0,0.32642,0.0,0.0,0.08873534202575684
YIL008W,YJL089W,0,0.32575297,0.0,0.0,0.0888262540102005
YDR323C,YHR096C,0,0.32563078,0.0,0.0,0.08891717344522476
YHR005C,YOR259C,0,0.32486027,0.0,0.0,0.08900809288024902
YKL141W,YDR412W,0,0.32473594,0.0,0.0,0.08909901231527328
YLR102C,YNR052C,0,0.32444614,0.0,0.0,0.08918992429971695
YDR345C,YHL011C,0,0.32437742,0.0,0.0,0.08928084373474121
YGL025C,YJL026W,0,0.32434306,0.0,0.0,0.08937176316976547
YPR154W,YNL246W,0,0.3240155,0.0,0.0,0.08946267515420914
YIL014W,YNL156C,0,0.32394418,0.0,0.0,0.0895535945892334
YHR073W,YDL093W,0,0.3238662,0.0,0.0,0.08964451402425766
YML092C,YKL039W,0,0.32349095,0.0,0.0,0.08973543345928192
YLR315W,YKR095W,0,0.32319474,0.0,0.0,0.08982634544372559
YLR023C,YPL253C,0,0.32278296,0.0,0.0,0.08991726487874985
YER159C,YMR131C,0,0.32239577,0.0,0.0,0.09000818431377411
YCL017C,YLR052W,0,0.32225752,0.0,0.0,0.09009909629821777
YML127W,YHR150W,0,0.32154775,0.0,0.0,0.09019001573324203
YER027C,YHL007C,0,0.32151046,0.0,0.0,0.0902809351682663
YCR091W,YGL238W,0,0.32147747,0.0,0.0,0.09037185460329056
YDR075W,YCR105W,0,0.32134584,0.0,0.0,0.09046276658773422
YPR071W,YMR225C,0,0.3207881,0.0,0.0,0.09055368602275848
YJL089W,YNL197C,0,0.3207028,0.0,0.0,0.09064460545778275
YHR108W,YDL160C,0,0.32050368,0.0,0.0,0.090735524892807
YDR328C,YKL114C,0,0.32014468,0.0,0.0,0.09082643687725067
YHR111W,YOR275C,0,0.31957301,0.0,0.0,0.09091735631227493
YOR383C,YHR193C,0,0.319116,0.0,0.0,0.0910082757472992
YGL196W,YNL029C,0,0.31868294,0.0,0.0,0.09109918773174286
YOR371C,YDR379W,0,0.31862605,0.0,0.0,0.09119010716676712
YFR049W,YER032W,0,0.31844503,0.0,0.0,0.09128102660179138
YOR049C,YIL068C,0,0.31790462,0.0,0.0,0.09137194603681564
YJL045W,YGL027C,0,0.31784302,0.0,0.0,0.09146285802125931
YPL203W,YBR095C,0,0.31751585,0.0,0.0,0.09155377745628357
YMR322C,YCR063W,0,0.31722343,0.0,0.0,0.09164469689130783
YNL137C,YGR202C,0,0.31702232,0.0,0.0,0.0917356088757515
YML133C,YOR266W,0,0.3164327,0.0,0.0,0.09182652831077576
YLR085C,YNL278W,0,0.31632707,0.0,0.0,0.09191744774580002
YER028C,YBR169C,0,0.31586754,0.0,0.0,0.09200836718082428
YFL061W,YIL098C,0,0.31557214,0.0,0.0,0.09209927916526794
YJR042W,YMR072W,0,0.31511727,0.0,0.0,0.0921901986002922
YOL012C,YGL018C,0,0.3148242,0.0,0.0,0.09228111803531647
YML102W,YBR089C-A,0,0.3145453,0.0,0.0,0.09237203747034073
YOR250C,YOR357C,0,0.31367368,0.0,0.0,0.0924629494547844
YEL005C,YGR193C,0,0.31355396,0.0,0.0,0.09255386888980865
YLR007W,YKL081W,0,0.3118525,0.0,0.0,0.09264478832483292
YBL016W,YAL041W,0,0.3118406,0.0,0.0,0.09273570030927658
YLL048C,YDR471W,0,0.31180817,0.0,0.0,0.09282661974430084
YGL025C,YJR084W,0,0.3117079,0.0,0.0,0.0929175391793251
YKL185W,YDR303C,0,0.31156057,0.0,0.0,0.09300845861434937
YAR042W,YDR234W,0,0.310898,0.0,0.0,0.09309937059879303
YML023C,YLR115W,0,0.31082776,0.0,0.0,0.09319029003381729
YLR150W,YMR153W,0,0.31020898,0.0,0.0,0.09328120946884155
YMR076C,YPR180W,0,0.30990142,0.0,0.0,0.09337212145328522
YNL173C,YIL043C,0,0.3096285,0.0,0.0,0.09346304088830948
YDL134C,YPL010W,0,0.30953497,0.0,0.0,0.09355396032333374
YNL048W,YOL059W,0,0.30879113,0.0,0.0,0.093644879758358
YLR239C,YPL175W,0,0.30846125,0.0,0.0,0.09373579174280167
YEL018W,YOR250C,0,0.3081457,0.0,0.0,0.09382671117782593
YJL186W,YOL078W,0,0.30804288,0.0,0.0,0.09391763061285019
YGR024C,YPL137C,0,0.3079399,0.0,0.0,0.09400854259729385
YDL035C,YHL007C,0,0.30775282,0.0,0.0,0.09409946203231812
YJL096W,YDR045C,0,0.30733967,0.0,0.0,0.09419038146734238
YNL199C,YOR011W,0,0.30728784,0.0,0.0,0.09428130090236664
YCR107W,YDR406W,0,0.30698436,0.0,0.0,0.0943722128868103
YNL103W,YBL056W,0,0.30690092,0.0,0.0,0.09446313232183456
YOL116W,YMR316W,0,0.30664557,0.0,0.0,0.09455405175685883
YNL142W,YDL076C,0,0.3064654,0.0,0.0,0.09464497119188309
YNL317W,YGL219C,0,0.3056632,0.0,0.0,0.09473588317632675
YNL246W,YPL221W,0,0.3054015,0.0,0.0,0.09482680261135101
YJL110C,YAL030W,0,0.3048589,0.0,0.0,0.09491772204637527
YIL008W,YDR107C,0,0.30476263,0.0,0.0,0.09500863403081894
YIL120W,YER032W,0,0.30468,0.0,0.0,0.0950995534658432
YGL098W,YDR407C,0,0.30455723,0.0,0.0,0.09519047290086746
YOL059W,YML076C,0,0.3044101,0.0,0.0,0.09528139233589172
YPR161C,YDR463W,0,0.30434287,0.0,0.0,0.09537230432033539
YMR322C,YDR190C,0,0.30395254,0.0,0.0,0.09546322375535965
YLL026W,YJR153W,0,0.30394813,0.0,0.0,0.09555414319038391
YML067C,YLR432W,0,0.30394757,0.0,0.0,0.09564505517482758
YNL025C,YLR263W,0,0.30373612,0.0,0.0,0.09573597460985184
YBL016W,YOR371C,0,0.30257863,0.0,0.0,0.0958268940448761
YDR345C,YCL044C,0,0.30237657,0.0,0.0,0.09591781347990036
YMR225C,YGR224W,0,0.30165863,0.0,0.0,0.09600872546434402
YKL006C-A,YIR026C,0,0.30126053,0.0,0.0,0.09609964489936829
YGR129W,YGR208W,0,0.30096567,0.0,0.0,0.09619056433439255
YPR161C,YKL196C,0,0.29958466,0.0,0.0,0.09628148376941681
YPL169C,YPR188C,0,0.2987805,0.0,0.0,0.09637239575386047
YDR107C,YOR080W,0,0.29874477,0.0,0.0,0.09646331518888474
YGR170W,YOR065W,0,0.29861966,0.0,0.0,0.096554234623909
YER123W,YOR060C,0,0.29857743,0.0,0.0,0.09664514660835266
YER038C,YPL135W,0,0.29854274,0.0,0.0,0.09673606604337692
YGR007W,YBR208C,0,0.2983409,0.0,0.0,0.09682698547840118
YHR103W,YIL008W,0,0.29751408,0.0,0.0,0.09691790491342545
YGR099W,YLR248W,0,0.29736754,0.0,0.0,0.09700881689786911
YJL098W,YOR157C,0,0.29722354,0.0,0.0,0.09709973633289337
YNL199C,YJR084W,0,0.29662097,0.0,0.0,0.09719065576791763
YPL105C,YGL226W,0,0.2966032,0.0,0.0,0.0972815677523613
YLR293C,YER129W,0,0.29658002,0.0,0.0,0.09737248718738556
YDR150W,YCL035C,0,0.2963923,0.0,0.0,0.09746340662240982
YLR362W,YDR103W,0,0.29615313,0.0,0.0,0.09755432605743408
YJR042W,YPR155C,0,0.295582,0.0,0.0,0.09764523804187775
YDR276C,YDR025W,0,0.29500777,0.0,0.0,0.09773615747690201
YLR085C,YPR133C,0,0.2949288,0.0,0.0,0.09782707691192627
YDR292C,YGL049C,0,0.29491767,0.0,0.0,0.09791798889636993
YML021C,YKL033W,0,0.293677,0.0,0.0,0.0980089083313942
YOR207C,YKR053C,0,0.29353184,0.0,0.0,0.09809982776641846
YPL280W,YNR038W,0,0.29337347,0.0,0.0,0.09819074720144272
YMR226C,YPL049C,0,0.2928037,0.0,0.0,0.09828165918588638
YLR007W,YGL105W,0,0.2926119,0.0,0.0,0.09837257862091064
YIR019C,YDR528W,0,0.29259586,0.0,0.0,0.0984634980559349
YGL061C,YHR190W,0,0.2917204,0.0,0.0,0.09855441749095917
YOR212W,YHL007C,0,0.29162568,0.0,0.0,0.09864532947540283
YPL120W,YML101C,0,0.29161796,0.0,0.0,0.0987362489104271
YDL160C,YIL064W,0,0.29159454,0.0,0.0,0.09882716834545135
YLL031C,YLR044C,0,0.29113507,0.0,0.0,0.09891808032989502
YNL137C,YLR056W,0,0.2908725,0.0,0.0,0.09900899976491928
YFR031C-A,YLL014W,0,0.29085913,0.0,0.0,0.09909991919994354
YDR308C,YIR004W,0,0.2902218,0.0,0.0,0.0991908386349678
YPR199C,YBL005W,0,0.29020366,0.0,0.0,0.09928175061941147
YLR023C,YHR194W,0,0.2900951,0.0,0.0,0.09937267005443573
YGR004W,YMR322C,0,0.28990513,0.0,0.0,0.09946358948945999
YDR122W,YOL059W,0,0.2898261,0.0,0.0,0.09955450147390366
YPL169C,YKL016C,0,0.2897177,0.0,0.0,0.09964542090892792
YMR063W,YEL024W,0,0.28944826,0.0,0.0,0.09973634034395218
YDR490C,YER149C,0,0.28939027,0.0,0.0,0.09982725977897644
YJR102C,YBR218C,0,0.28938505,0.0,0.0,0.0999181717634201
YKR089C,YHR133C,0,0.28849232,0.0,0.0,0.10000909119844437
YCR107W,YKR077W,0,0.28795844,0.0,0.0,0.10010001063346863
YER093C,YHR118C,0,0.28787625,0.0,0.0,0.10019093006849289
YOL020W,YBR181C,0,0.28761977,0.0,0.0,0.10028184205293655
YLL018C,YCR105W,0,0.28756183,0.0,0.0,0.10037276148796082
YHR139C,YNL251C,0,0.28690362,0.0,0.0,0.10046368092298508
YGL073W,YDR500C,0,0.28675097,0.0,0.0,0.10055459290742874
YDR227W,YMR133W,0,0.2863551,0.0,0.0,0.100645512342453
YNL031C,YGL107C,0,0.28627,0.0,0.0,0.10073643177747726
YLR220W,YDL046W,0,0.28578633,0.0,0.0,0.10082735121250153
YMR192W,YPL105C,0,0.28559443,0.0,0.0,0.10091826319694519
YAR009C,YDL076C,0,0.28541318,0.0,0.0,0.10100918263196945
YJL013C,YHR139C,0,0.2850734,0.0,0.0,0.10110010206699371
YNL059C,YHR037W,0,0.28426236,0.0,0.0,0.10119101405143738
YOR383C,YBR085W,0,0.28417742,0.0,0.0,0.10128193348646164
YDR323C,YMR207C,0,0.2836531,0.0,0.0,0.1013728529214859
YBL016W,YDR480W,0,0.28340638,0.0,0.0,0.10146377235651016
YDR427W,YBL047C,0,0.28279087,0.0,0.0,0.10155468434095383
YOR177C,YBR153W,0,0.28278214,0.0,0.0,0.10164560377597809
YAL019W,YNL068C,0,0.28219664,0.0,0.0,0.10173652321100235
YKL058W,YOR109W,0,0.28203997,0.0,0.0,0.10182743519544601
YGL171W,YNL036W,0,0.28194496,0.0,0.0,0.10191835463047028
YLR229C,YAL056W,0,0.28193977,0.0,0.0,0.10200927406549454
YAR009C,YOR060C,0,0.28155857,0.0,0.0,0.1021001935005188
YBL056W,YIL043C,0,0.28151578,0.0,0.0,0.10219110548496246
YGL045W,YHR011W,0,0.28122553,0.0,0.0,0.10228202491998672
YKR088C,YBR149W,0,0.28122506,0.0,0.0,0.10237294435501099
YER113C,YGR040W,0,0.28085852,0.0,0.0,0.10246386379003525
YOR091W,YDR100W,0,0.28059223,0.0,0.0,0.10255477577447891
YPL140C,YDL123W,0,0.28030646,0.0,0.0,0.10264569520950317
YDR309C,YDR179C,0,0.2795398,0.0,0.0,0.10273661464452744
YLR384C,YLR263W,0,0.27945584,0.0,0.0,0.1028275266289711
YER027C,YDR480W,0,0.279369,0.0,0.0,0.10291844606399536
YOR034C,YOR065W,0,0.2785482,0.0,0.0,0.10300936549901962
YIR019C,YIL009W,0,0.27848226,0.0,0.0,0.10310028493404388
YNL173C,YBR181C,0,0.27845705,0.0,0.0,0.10319119691848755
YHR111W,YLR260W,0,0.2781977,0.0,0.0,0.10328211635351181
YOL116W,YPL173W,0,0.27812427,0.0,0.0,0.10337303578853607
YDR407C,YOR359W,0,0.27810317,0.0,0.0,0.10346394777297974
YJR109C,YLR292C,0,0.2777642,0.0,0.0,0.103554867208004
YGR170W,YLR360W,0,0.27762762,0.0,0.0,0.10364578664302826
YOR193W,YNL062C,0,0.27755198,0.0,0.0,0.10373670607805252
YHR111W,YLR361C,0,0.2774392,0.0,0.0,0.10382761806249619
YOR189W,YNR033W,0,0.27719602,0.0,0.0,0.10391853749752045
YKL043W,YMR242C,0,0.277135,0.0,0.0,0.10400945693254471
YGL208W,YBR095C,0,0.27706257,0.0,0.0,0.10410037636756897
YCL044C,YJL001W,0,0.27644634,0.0,0.0,0.10419128835201263
YKL054C,YDR040C,0,0.2757339,0.0,0.0,0.1042822077870369
YML086C,YKR052C,0,0.2755346,0.0,0.0,0.10437312722206116
YLR193C,YKR027W,0,0.27481642,0.0,0.0,0.10446403920650482
YBR130C,YDR259C,0,0.27479625,0.0,0.0,0.10455495864152908
YDR100W,YPL179W,0,0.2747876,0.0,0.0,0.10464587807655334
YJR118C,YBR208C,0,0.27444947,0.0,0.0,0.1047367975115776
YNL286W,YEL039C,0,0.27359426,0.0,0.0,0.10482770949602127
YLR083C,YMR175W,0,0.27325693,0.0,0.0,0.10491862893104553
YOL076W,YNR037C,0,0.2732377,0.0,0.0,0.1050095483660698
YLR315W,YDR397C,0,0.2732319,0.0,0.0,0.10510046035051346
YJL181W,YMR225C,0,0.27301186,0.0,0.0,0.10519137978553772
YLR382C,YLR263W,0,0.2724165,0.0,0.0,0.10528229922056198
YOR371C,YER113C,0,0.27163562,0.0,0.0,0.10537321865558624
YLR347C,YCL067C,0,0.27104357,0.0,0.0,0.10546413064002991
YGR202C,YFR010W,0,0.2709797,0.0,0.0,0.10555505007505417
YKL016C,YGL194C,0,0.27065796,0.0,0.0,0.10564596951007843
YDL189W,YLR118C,0,0.27063686,0.0,0.0,0.1057368814945221
YIR019C,YPL049C,0,0.27051803,0.0,0.0,0.10582780092954636
YGL028C,YDR435C,0,0.27041364,0.0,0.0,0.10591872036457062
YGR217W,YDR188W,0,0.2700416,0.0,0.0,0.10600963979959488
YOR258W,YPL175W,0,0.26970792,0.0,0.0,0.10610055178403854
YHR214W,YMR001C,0,0.26964656,0.0,0.0,0.1061914712190628
YDR039C,YER159C,0,0.2692142,0.0,0.0,0.10628239065408707
YPL018W,YBR301W,0,0.26878062,0.0,0.0,0.10637331008911133
YPL198W,YKR049C,0,0.26875383,0.0,0.0,0.10646422207355499
YDR127W,YHR096C,0,0.26863295,0.0,0.0,0.10655514150857925
YPL225W,YNR038W,0,0.26842436,0.0,0.0,0.10664606094360352
YJR131W,YPL145C,0,0.26764292,0.0,0.0,0.10673697292804718
YIL154C,YML031W,0,0.26738194,0.0,0.0,0.10682789236307144
YPL115C,YLL021W,0,0.26736736,0.0,0.0,0.1069188117980957
YNR032C-A,YOR254C,0,0.26690972,0.0,0.0,0.10700973123311996
YDR189W,YDR468C,0,0.26674604,0.0,0.0,0.10710064321756363
YJL096W,YER072W,0,0.26624697,0.0,0.0,0.10719156265258789
YOR011W,YMR156C,0,0.26603803,0.0,0.0,0.10728248208761215
YLR362W,YHR084W,0,0.26597285,0.0,0.0,0.10737339407205582
YLR223C,YJL167W,0,0.265507,0.0,0.0,0.10746431350708008
YGR097W,YPL179W,0,0.26456773,0.0,0.0,0.10755523294210434
YOR319W,YDR040C,0,0.26425305,0.0,0.0,0.1076461523771286
YDR427W,YDR517W,0,0.26378542,0.0,0.0,0.10773706436157227
YIL056W,YLR068W,0,0.26376867,0.0,0.0,0.10782798379659653
YNR052C,YPL040C,0,0.26367423,0.0,0.0,0.10791890323162079
YGR204W,YCR038C,0,0.26345083,0.0,0.0,0.10800982266664505
YMR205C,YPR133C,0,0.2626936,0.0,0.0,0.10810073465108871
YOR192C,YPL215W,0,0.2626062,0.0,0.0,0.10819165408611298
YOR002W,YNL081C,0,0.2621273,0.0,0.0,0.10828257352113724
YMR286W,YOR034C,0,0.2616656,0.0,0.0,0.1083734855055809
YDR381W,YDR045C,0,0.26031405,0.0,0.0,0.10846440494060516
YHR169W,YJL186W,0,0.26020926,0.0,0.0,0.10855532437562943
YOR090C,YER093C,0,0.25992748,0.0,0.0,0.10864624381065369
YBR046C,YFL049W,0,0.25979578,0.0,0.0,0.10873715579509735
YDR490C,YBR121C,0,0.25942025,0.0,0.0,0.10882807523012161
YML031W,YGR208W,0,0.2593187,0.0,0.0,0.10891899466514587
YMR041C,YMR220W,0,0.25884414,0.0,0.0,0.10900990664958954
YDR392W,YAL041W,0,0.2587761,0.0,0.0,0.1091008260846138
YPR161C,YOR316C,0,0.2585992,0.0,0.0,0.10919174551963806
YBL035C,YBR146W,0,0.25840336,0.0,0.0,0.10928266495466232
YLR293C,YDR160W,0,0.25826067,0.0,0.0,0.10937357693910599
YJL013C,YBR131W,0,0.25820935,0.0,0.0,0.10946449637413025
YHR202W,YDR381W,0,0.258121,0.0,0.0,0.10955541580915451
YLR258W,YDR105C,0,0.25742036,0.0,0.0,0.10964632779359818
YDR235W,YGL139W,0,0.2574169,0.0,0.0,0.10973724722862244
YJL180C,YBR060C,0,0.2572685,0.0,0.0,0.1098281666636467
YFR050C,YPL235W,0,0.2567457,0.0,0.0,0.10991908609867096
YMR183C,YGL219C,0,0.2563912,0.0,0.0,0.11000999808311462
YDL035C,YLR083C,0,0.25626177,0.0,0.0,0.11010091751813889
YDR427W,YIL137C,0,0.25566873,0.0,0.0,0.11019183695316315
YOR034C,YGR260W,0,0.2555353,0.0,0.0,0.11028275638818741
YDR471W,YER178W,0,0.25538632,0.0,0.0,0.11037366837263107
YPL138C,YCR038C,0,0.25520808,0.0,0.0,0.11046458780765533
YGL121C,YNL119W,0,0.25513676,0.0,0.0,0.1105555072426796
YDR189W,YDR178W,0,0.25457513,0.0,0.0,0.11064641922712326
YNL197C,YGR040W,0,0.2543998,0.0,0.0,0.11073733866214752
YGL167C,YNL180C,0,0.25421232,0.0,0.0,0.11082825809717178
YNR038W,YOR086C,0,0.25363857,0.0,0.0,0.11091917753219604
YDR043C,YHL007C,0,0.2529306,0.0,0.0,0.11101008951663971
YML004C,YBR060C,0,0.25282875,0.0,0.0,0.11110100895166397
YKL040C,YMR183C,0,0.25259346,0.0,0.0,0.11119192838668823
YOR357C,YER127W,0,0.25246245,0.0,0.0,0.1112828403711319
YLR023C,YCL035C,0,0.2523894,0.0,0.0,0.11137375980615616
YMR041C,YGR017W,0,0.25229055,0.0,0.0,0.11146467924118042
YJL089W,YAL041W,0,0.2522493,0.0,0.0,0.11155559867620468
YDR145W,YBL035C,0,0.2521901,0.0,0.0,0.11164651066064835
YBR065C,YDL145C,0,0.25201997,0.0,0.0,0.11173743009567261
YIL008W,YOR080W,0,0.2512384,0.0,0.0,0.11182834953069687
YHR170W,YDR019C,0,0.25118375,0.0,0.0,0.11191926896572113
YER027C,YDR477W,0,0.25065923,0.0,0.0,0.1120101809501648
YOR065W,YDR259C,0,0.2501556,0.0,0.0,0.11210110038518906
YGR170W,YOR259C,0,0.24986255,0.0,0.0,0.11219201982021332
YPL169C,YKL149C,0,0.24923874,0.0,0.0,0.11228293180465698
YBR086C,YGL226W,0,0.24906066,0.0,0.0,0.11237385123968124
YDR212W,YBR112C,0,0.24840856,0.0,0.0,0.1124647706747055
YLR229C,YHR111W,0,0.24834865,0.0,0.0,0.11255569010972977
YPL210C,YPL135W,0,0.24818668,0.0,0.0,0.11264660209417343
YPL171C,YDR098C,0,0.24796665,0.0,0.0,0.11273752152919769
YNL056W,YPR169W,0,0.24724221,0.0,0.0,0.11282844096422195
YNL031C,YGL061C,0,0.24715048,0.0,0.0,0.11291935294866562
YOR253W,YOR132W,0,0.24679394,0.0,0.0,0.11301027238368988
YBR248C,YKL063C,0,0.24656132,0.0,0.0,0.11310119181871414
YBR208C,YGL171W,0,0.24633418,0.0,0.0,0.1131921112537384
YJR153W,YPL215W,0,0.24629988,0.0,0.0,0.11328302323818207
YGR097W,YDL076C,0,0.2458448,0.0,0.0,0.11337394267320633
YJL162C,YDR007W,0,0.24578603,0.0,0.0,0.11346486210823059
YJR108W,YGR094W,0,0.24570307,0.0,0.0,0.11355577409267426
YGL067W,YGR211W,0,0.24542548,0.0,0.0,0.11364669352769852
YNL023C,YBR015C,0,0.24524367,0.0,0.0,0.11373761296272278
YDR107C,YLR083C,0,0.24515812,0.0,0.0,0.11382853239774704
YML120C,YAL026C,0,0.24465814,0.0,0.0,0.1139194443821907
YER123W,YDR406W,0,0.2445288,0.0,0.0,0.11401036381721497
YBL016W,YDR379W,0,0.2441914,0.0,0.0,0.11410128325223923
YFR047C,YER159C,0,0.24407823,0.0,0.0,0.11419220268726349
YBR153W,YDR434W,0,0.24402764,0.0,0.0,0.11428311467170715
YPR008W,YPR071W,0,0.24386683,0.0,0.0,0.11437403410673141
YCR036W,YOR001W,0,0.24384645,0.0,0.0,0.11446495354175568
YBR114W,YLR150W,0,0.24379955,0.0,0.0,0.11455586552619934
YOR016C,YPL061W,0,0.24376425,0.0,0.0,0.1146467849612236
YDR345C,YBR094W,0,0.243693,0.0,0.0,0.11473770439624786
YOL042W,YLR190W,0,0.24367373,0.0,0.0,0.11482862383127213
YBR054W,YDL076C,0,0.24297063,0.0,0.0,0.11491953581571579
YNL076W,YLR060W,0,0.24272425,0.0,0.0,0.11501045525074005
YJR027W,YLR382C,0,0.24238005,0.0,0.0,0.11510137468576431
YOR158W,YLR115W,0,0.24219447,0.0,0.0,0.11519228667020798
YDL135C,YMR091C,0,0.24138814,0.0,0.0,0.11528320610523224
YJL078C,YAR042W,0,0.2409827,0.0,0.0,0.1153741255402565
YIL022W,YOR357C,0,0.24088572,0.0,0.0,0.11546504497528076
YKR077W,YKL134C,0,0.24011303,0.0,0.0,0.11555595695972443
YNL183C,YDR517W,0,0.23981398,0.0,0.0,0.11564687639474869
YDR188W,YPR180W,0,0.23863003,0.0,0.0,0.11573779582977295
YFL026W,YGR138C,0,0.23846915,0.0,0.0,0.11582871526479721
YGR003W,YPR100W,0,0.2383178,0.0,0.0,0.11591962724924088
YER143W,YDR257C,0,0.23807453,0.0,0.0,0.11601054668426514
YDR188W,YCR106W,0,0.23797186,0.0,0.0,0.1161014661192894
YBR208C,YGR260W,0,0.23773763,0.0,0.0,0.11619237810373306
YHR169W,YGR296W,0,0.23760569,0.0,0.0,0.11628329753875732
YDR122W,YPL239W,0,0.2374993,0.0,0.0,0.11637421697378159
YMR183C,YCL035C,0,0.23746991,0.0,0.0,0.11646513640880585
YER007C-A,YPL063W,0,0.23673375,0.0,0.0,0.11655604839324951
YPR161C,YLR006C,0,0.23656538,0.0,0.0,0.11664696782827377
YML133C,YDR009W,0,0.2363204,0.0,0.0,0.11673788726329803
YDL035C,YER027C,0,0.23629239,0.0,0.0,0.1168287992477417
YBR153W,YOR316C,0,0.23625815,0.0,0.0,0.11691971868276596
YGL208W,YDR103W,0,0.236027,0.0,0.0,0.11701063811779022
YPR154W,YOL095C,0,0.23596072,0.0,0.0,0.11710155755281448
YLR417W,YBR119W,0,0.23582241,0.0,0.0,0.11719246953725815
YLL066C,YKL138C,0,0.23483172,0.0,0.0,0.11728338897228241
YDR439W,YGR296W,0,0.23476192,0.0,0.0,0.11737430840730667
YLR131C,YPL203W,0,0.2346922,0.0,0.0,0.11746522039175034
YBR162W-A,YOR132W,0,0.23388004,0.0,0.0,0.1175561398267746
YHR005C,YNL063W,0,0.23351587,0.0,0.0,0.11764705926179886
YCR107W,YGR046W,0,0.23338386,0.0,0.0,0.11773797869682312
YEL006W,YLR150W,0,0.23336563,0.0,0.0,0.11782889068126678
YGR097W,YGR083C,0,0.23250529,0.0,0.0,0.11791981011629105
YLR367W,YHL011C,0,0.23233247,0.0,0.0,0.11801072955131531
YHL017W,YHR165C,0,0.2322089,0.0,0.0,0.11810164898633957
YDR127W,YCR086W,0,0.23156819,0.0,0.0,0.11819256097078323
YDR021W,YPL040C,0,0.23155002,0.0,0.0,0.1182834804058075
YCL051W,YAL026C,0,0.23141263,0.0,0.0,0.11837439984083176
YGL139W,YBL091C,0,0.23111558,0.0,0.0,0.11846531182527542
YOL020W,YKL029C,0,0.23077708,0.0,0.0,0.11855623126029968
YGR202C,YBR029C,0,0.23039263,0.0,0.0,0.11864715069532394
YHR139C,YLR007W,0,0.23030321,0.0,0.0,0.1187380701303482
YOR334W,YNR030W,0,0.22960974,0.0,0.0,0.11882898211479187
YOL122C,YDR257C,0,0.22924305,0.0,0.0,0.11891990154981613
YCR086W,YOR316C,0,0.22866565,0.0,0.0,0.1190108209848404
YIL106W,YDR375C,0,0.22863466,0.0,0.0,0.11910173296928406
YIR019C,YER032W,0,0.2282463,0.0,0.0,0.11919265240430832
YLR185W,YFL025C,0,0.22808844,0.0,0.0,0.11928357183933258
YGR174C,YLR023C,0,0.22765975,0.0,0.0,0.11937449127435684
YOR241W,YKL150W,0,0.2273686,0.0,0.0,0.1194654032588005
YOR091W,YLR390W-A,0,0.22726889,0.0,0.0,0.11955632269382477
YKL132C,YPL049C,0,0.22697563,0.0,0.0,0.11964724212884903
YFR040W,YML061C,0,0.22660653,0.0,0.0,0.11973816156387329
YFR047C,YML031W,0,0.2263497,0.0,0.0,0.11982907354831696
YAL015C,YGR217W,0,0.22620416,0.0,0.0,0.11991999298334122
YGR181W,YJR052W,0,0.22619073,0.0,0.0,0.12001091241836548
YGL028C,YKL079W,0,0.22611487,0.0,0.0,0.12010182440280914
YLR390W-A,YOR119C,0,0.2259548,0.0,0.0,0.1201927438378334
YLR215C,YBR015C,0,0.22572747,0.0,0.0,0.12028366327285767
YNL048W,YBR180W,0,0.22564876,0.0,0.0,0.12037458270788193
YDL209C,YBR169C,0,0.2253617,0.0,0.0,0.12046549469232559
YBR168W,YKL079W,0,0.22507586,0.0,0.0,0.12055641412734985
YLL018C-A,YDR087C,0,0.2248681,0.0,0.0,0.12064733356237411
YKL150W,YJR131W,0,0.22465459,0.0,0.0,0.12073824554681778
YGR004W,YNL240C,0,0.22456363,0.0,0.0,0.12082916498184204
YDR500C,YBL047C,0,0.22445768,0.0,0.0,0.1209200844168663
YEL019C,YBR301W,0,0.22440718,0.0,0.0,0.12101100385189056
YMR286W,YBL051C,0,0.22424045,0.0,0.0,0.12110191583633423
YKL110C,YML055W,0,0.22414629,0.0,0.0,0.12119283527135849
YNL247W,YDR168W,0,0.2239128,0.0,0.0,0.12128375470638275
YPR017C,YDR276C,0,0.22381915,0.0,0.0,0.12137467414140701
YOR191W,YKR027W,0,0.22364259,0.0,0.0,0.12146558612585068
YHR201C,YNL118C,0,0.2232514,0.0,0.0,0.12155650556087494
YOR267C,YBL091C,0,0.22299525,0.0,0.0,0.1216474249958992
YCL051W,YHR201C,0,0.22202627,0.0,0.0,0.12173833698034286
YML098W,YDR204W,0,0.22198442,0.0,0.0,0.12182925641536713
YCR091W,YLR115W,0,0.22173902,0.0,0.0,0.12192017585039139
YHR001W-A,YPL253C,0,0.22166142,0.0,0.0,0.12201109528541565
YJL167W,YHL011C,0,0.22137985,0.0,0.0,0.12210200726985931
YLL018C-A,YGL107C,0,0.22117507,0.0,0.0,0.12219292670488358
YML081W,YOR341W,0,0.22086711,0.0,0.0,0.12228384613990784
YER028C,YGR244C,0,0.22057919,0.0,0.0,0.1223747581243515
YLR193C,YDR395W,0,0.22054943,0.0,0.0,0.12246567755937576
YIR026C,YMR149W,0,0.22031444,0.0,0.0,0.12255659699440002
YHR110W,YNR033W,0,0.22024454,0.0,0.0,0.12264751642942429
YOR016C,YAR042W,0,0.21991332,0.0,0.0,0.12273842841386795
YBR162W-A,YBL013W,0,0.21946827,0.0,0.0,0.12282934784889221
YHR103W,YDR080W,0,0.21933582,0.0,0.0,0.12292026728391647
YHR133C,YHL021C,0,0.2187711,0.0,0.0,0.12301117926836014
YGL096W,YNL118C,0,0.21860719,0.0,0.0,0.1231020987033844
YDR023W,YOL051W,0,0.21833277,0.0,0.0,0.12319301813840866
YDR246W,YCL048W,0,0.21785536,0.0,0.0,0.12328393757343292
YLR451W,YDL123W,0,0.2178503,0.0,0.0,0.12337484955787659
YHR103W,YER060W,0,0.21751106,0.0,0.0,0.12346576899290085
YDR039C,YNL246W,0,0.2173124,0.0,0.0,0.12355668842792511
YMR105C,YER071C,0,0.21701553,0.0,0.0,0.12364760786294937
YNL214W,YLR054C,0,0.21693012,0.0,0.0,0.12373851984739304
YPL146C,YOR132W,0,0.2167779,0.0,0.0,0.1238294392824173
YGR007W,YJR046W,0,0.21649243,0.0,0.0,0.12392035871744156
YPR154W,YBR049C,0,0.21629518,0.0,0.0,0.12401127070188522
YGR178C,YMR313C,0,0.21628216,0.0,0.0,0.12410219013690948
YLR055C,YNL081C,0,0.21553662,0.0,0.0,0.12419310957193375
YGL096W,YDR110W,0,0.21542782,0.0,0.0,0.12428402900695801
YJR117W,YLR337C,0,0.2153529,0.0,0.0,0.12437494099140167
YPR133C,YJR096W,0,0.21508907,0.0,0.0,0.12446586042642593
YER109C,YNL298W,0,0.2147311,0.0,0.0,0.1245567798614502
YPL280W,YML061C,0,0.21459603,0.0,0.0,0.12464769184589386
YGR007W,YCR044C,0,0.21430191,0.0,0.0,0.12473861128091812
YPL169C,YDR243C,0,0.21373263,0.0,0.0,0.12482953071594238
YDR145W,YNL055C,0,0.21308064,0.0,0.0,0.12492045015096664
YNL023C,YDL046W,0,0.21298514,0.0,0.0,0.1250113695859909
YAL041W,YGL208W,0,0.21291909,0.0,0.0,0.12510228157043457
YKL149C,YLR019W,0,0.21285245,0.0,0.0,0.12519319355487823
YIL008W,YMR316W,0,0.21195307,0.0,0.0,0.1252841204404831
YNL068C,YKL196C,0,0.21121365,0.0,0.0,0.12537503242492676
YPR110C,YJR150C,0,0.21086515,0.0,0.0,0.12546594440937042
YGL028C,YGL189C,0,0.21048658,0.0,0.0,0.12555687129497528
YBL016W,YGL208W,0,0.21029952,0.0,0.0,0.12564778327941895
YPR173C,YFR034C,0,0.21017033,0.0,0.0,0.1257387101650238
YBR268W,YLL053C,0,0.21007982,0.0,0.0,0.12582962214946747
YJL183W,YLR382C,0,0.2099757,0.0,0.0,0.12592053413391113
YOR247W,YJL208C,0,0.20981479,0.0,0.0,0.126011461019516
YNL031C,YHR201C,0,0.2096026,0.0,0.0,0.12610237300395966
YOR207C,YOL011W,0,0.20912597,0.0,0.0,0.12619328498840332
YGL104C,YGR253C,0,0.20898426,0.0,0.0,0.12628421187400818
YOR192C,YNL214W,0,0.2088809,0.0,0.0,0.12637512385845184
YJL181W,YGL192W,0,0.2088594,0.0,0.0,0.1264660358428955
YDR516C,YML013W,0,0.2077985,0.0,0.0,0.12655696272850037
YPL001W,YDL018C,0,0.20760466,0.0,0.0,0.12664787471294403
YHR073W,YDL159W,0,0.20707034,0.0,0.0,0.1267388015985489
YLR362W,YBR095C,0,0.20676503,0.0,0.0,0.12682971358299255
YKL006C-A,YIL130W,0,0.20632249,0.0,0.0,0.12692062556743622
YFR027W,YKL145W,0,0.20583421,0.0,0.0,0.12701155245304108
YHR204W,YLR293C,0,0.20556322,0.0,0.0,0.12710246443748474
YLR248W,YGL192W,0,0.20556262,0.0,0.0,0.1271933764219284
YER014W,YJL180C,0,0.2050495,0.0,0.0,0.12728430330753326
YDR477W,YIR019C,0,0.20491377,0.0,0.0,0.12737521529197693
YNL076W,YLR292C,0,0.20466447,0.0,0.0,0.1274661272764206
YHR190W,YBR191W,0,0.20443052,0.0,0.0,0.12755705416202545
YLR115W,YER060W,0,0.204383,0.0,0.0,0.12764796614646912
YGR202C,YAL019W,0,0.20415989,0.0,0.0,0.12773887813091278
YIL068C,YMR110C,0,0.20396602,0.0,0.0,0.12782980501651764
YBR078W,YKR049C,0,0.20385917,0.0,0.0,0.1279207170009613
YFR031C-A,YKL032C,0,0.20359638,0.0,0.0,0.12801164388656616
YPL115C,YGR040W,0,0.20326723,0.0,0.0,0.12810255587100983
YPR008W,YGR120C,0,0.20320955,0.0,0.0,0.1281934678554535
YPL141C,YGR005C,0,0.20231009,0.0,0.0,0.12828439474105835
YOR016C,YIL153W,0,0.20190796,0.0,0.0,0.12837530672550201
YBR078W,YLR058C,0,0.20189463,0.0,0.0,0.12846621870994568
YDR041W,YBR169C,0,0.20177756,0.0,0.0,0.12855714559555054
YOL116W,YDR477W,0,0.20163348,0.0,0.0,0.1286480575799942
YLR284C,YFL025C,0,0.20160463,0.0,0.0,0.12873896956443787
YPR034W,YHR090C,0,0.20160317,0.0,0.0,0.12882989645004272
YDL003W,YGL073W,0,0.19999933,0.0,0.0,0.1289208084344864
YPR143W,YFR053C,0,0.19996968,0.0,0.0,0.12901173532009125
YDL098C,YNL161W,0,0.1999647,0.0,0.0,0.1291026473045349
YOR032C,YGL219C,0,0.19956072,0.0,0.0,0.12919355928897858
YDR490C,YER071C,0,0.1994946,0.0,0.0,0.12928448617458344
YDR002W,YLR019W,0,0.1993665,0.0,0.0,0.1293753981590271
YPL141C,YNL288W,0,0.19866018,0.0,0.0,0.12946631014347076
YNL298W,YOR212W,0,0.19844958,0.0,0.0,0.12955723702907562
YNL298W,YBR083W,0,0.1982981,0.0,0.0,0.1296481490135193
YBR060C,YKL087C,0,0.19820558,0.0,0.0,0.12973906099796295
YGL025C,YOR264W,0,0.19782096,0.0,0.0,0.1298299878835678
YBR109C,YKR095W,0,0.19738527,0.0,0.0,0.12992089986801147
YKL026C,YJR042W,0,0.19736274,0.0,0.0,0.13001181185245514
YGR254W,YJL083W,0,0.197088,0.0,0.0,0.13010273873806
YHL031C,YPR141C,0,0.19708711,0.0,0.0,0.13019365072250366
YOR090C,YDR323C,0,0.19699566,0.0,0.0,0.13028457760810852
YBL008W,YOR059C,0,0.19675006,0.0,0.0,0.13037548959255219
YBL056W,YDR309C,0,0.19671424,0.0,0.0,0.13046640157699585
YDL093W,YLR058C,0,0.1966821,0.0,0.0,0.1305573284626007
YMR076C,YNL055C,0,0.19664359,0.0,0.0,0.13064824044704437
YLR451W,YOR110W,0,0.19655377,0.0,0.0,0.13073915243148804
YJL168C,YGL219C,0,0.1965191,0.0,0.0,0.1308300793170929
YMR076C,YER015W,0,0.19646737,0.0,0.0,0.13092099130153656
YLL066C,YBR034C,0,0.19637533,0.0,0.0,0.13101190328598022
YKL077W,YJL083W,0,0.19626367,0.0,0.0,0.13110283017158508
YER027C,YIR019C,0,0.19613425,0.0,0.0,0.13119374215602875
YLR023C,YDR110W,0,0.19465467,0.0,0.0,0.1312846690416336
YOR101W,YOR259C,0,0.19461998,0.0,0.0,0.13137558102607727
YDL035C,YOR127W,0,0.1944626,0.0,0.0,0.13146649301052094
YBR112C,YBL091C,0,0.19422695,0.0,0.0,0.1315574198961258
YPL203W,YDR477W,0,0.19392256,0.0,0.0,0.13164833188056946
YDL035C,YOR371C,0,0.19379365,0.0,0.0,0.13173924386501312
YLR442C,YOL011W,0,0.19283606,0.0,0.0,0.13183017075061798
YOR372C,YIL043C,0,0.1926924,0.0,0.0,0.13192108273506165
YER177W,YBR089C-A,0,0.1924522,0.0,0.0,0.1320119947195053
YMR041C,YNL059C,0,0.19241513,0.0,0.0,0.13210292160511017
YJL094C,YML031W,0,0.19200635,0.0,0.0,0.13219383358955383
YLR118C,YOR158W,0,0.19184892,0.0,0.0,0.1322847604751587
YIL137C,YDR412W,0,0.19150586,0.0,0.0,0.13237567245960236
YER044C-A,YPL049C,0,0.19123034,0.0,0.0,0.13246658444404602
YOL009C,YER159C,0,0.19119671,0.0,0.0,0.13255751132965088
YMR048W,YLR193C,0,0.19072483,0.0,0.0,0.13264842331409454
YGR217W,YGR030C,0,0.19023824,0.0,0.0,0.1327393352985382
YGL045W,YNL119W,0,0.19010055,0.0,0.0,0.13283026218414307
YGR082W,YMR313C,0,0.18956524,0.0,0.0,0.13292117416858673
YHR205W,YHR133C,0,0.18911882,0.0,0.0,0.1330120861530304
YBL007C,YPL183C,0,0.18907979,0.0,0.0,0.13310301303863525
YMR076C,YJL035C,0,0.18904805,0.0,0.0,0.13319392502307892
YGL006W,YDR243C,0,0.18853238,0.0,0.0,0.13328483700752258
YOR087W,YNR033W,0,0.1883285,0.0,0.0,0.13337576389312744
YJL094C,YJL216C,0,0.18828568,0.0,0.0,0.1334666758775711
YBR211C,YGL151W,0,0.18820375,0.0,0.0,0.13355760276317596
YNL103W,YIL007C,0,0.18819627,0.0,0.0,0.13364851474761963
YKL045W,YDR464W,0,0.1880524,0.0,0.0,0.1337394267320633
YPL100W,YOL023W,0,0.1876975,0.0,0.0,0.13383035361766815
YDR204W,YPL221W,0,0.18767563,0.0,0.0,0.13392126560211182
YGL126W,YHR110W,0,0.18758777,0.0,0.0,0.13401217758655548
YBR095C,YDR480W,0,0.18741818,0.0,0.0,0.13410310447216034
YNL068C,YDR384C,0,0.187193,0.0,0.0,0.134194016456604
YFL025C,YGL219C,0,0.18699186,0.0,0.0,0.13428492844104767
YLR215C,YBR109C,0,0.18681154,0.0,0.0,0.13437585532665253
YNR037C,YBR191W,0,0.18658438,0.0,0.0,0.1344667673110962
YBR091C,YLR259C,0,0.18644336,0.0,0.0,0.13455769419670105
YCL017C,YPL198W,0,0.18636888,0.0,0.0,0.13464860618114471
YKL197C,YML096W,0,0.18619366,0.0,0.0,0.13473951816558838
YBR130C,YPR055W,0,0.1855089,0.0,0.0,0.13483044505119324
YGL208W,YMR116C,0,0.18518803,0.0,0.0,0.1349213570356369
YHR108W,YLR011W,0,0.18432833,0.0,0.0,0.13501226902008057
YLL021W,YGR260W,0,0.18426502,0.0,0.0,0.13510319590568542
YDR129C,YEL019C,0,0.18414557,0.0,0.0,0.1351941078901291
YNR048W,YBR208C,0,0.18414287,0.0,0.0,0.13528501987457275
YHR154W,YKL079W,0,0.1840347,0.0,0.0,0.1353759467601776
YNL020C,YCR036W,0,0.18374825,0.0,0.0,0.13546685874462128
YJR150C,YDR041W,0,0.18339308,0.0,0.0,0.13555777072906494
YPL043W,YMR156C,0,0.1832729,0.0,0.0,0.1356486976146698
YPL171C,YPR174C,0,0.18312828,0.0,0.0,0.13573960959911346
YOL116W,YMR116C,0,0.18287969,0.0,0.0,0.13583053648471832
YML101C,YNL025C,0,0.18270274,0.0,0.0,0.135921448469162
YJL181W,YDR019C,0,0.18256795,0.0,0.0,0.13601236045360565
YIL052C,YDR028C,0,0.18251956,0.0,0.0,0.1361032873392105
YMR316W,YAL041W,0,0.18221176,0.0,0.0,0.13619419932365417
YOL122C,YIL130W,0,0.18105024,0.0,0.0,0.13628511130809784
YJL045W,YOR266W,0,0.18046832,0.0,0.0,0.1363760381937027
YGL025C,YKR077W,0,0.18009537,0.0,0.0,0.13646695017814636
YNL145W,YMR002W,0,0.18007468,0.0,0.0,0.13655786216259003
YHR111W,YGR097W,0,0.1799838,0.0,0.0,0.13664878904819489
YGL171W,YPL049C,0,0.17995168,0.0,0.0,0.13673970103263855
YJR042W,YPL076W,0,0.17975953,0.0,0.0,0.1368306279182434
YLL066C,YKL192C,0,0.17967644,0.0,0.0,0.13692153990268707
YLR299W,YBR188C,0,0.17947677,0.0,0.0,0.13701245188713074
YBR038W,YDR545W,0,0.17937613,0.0,0.0,0.1371033787727356
YGR178C,YKR072C,0,0.17863873,0.0,0.0,0.13719429075717926
YHR146W,YDR284C,0,0.17863017,0.0,0.0,0.13728520274162292
YCL029C,YHL028W,0,0.17787586,0.0,0.0,0.13737612962722778
YJL013C,YDR023W,0,0.17782798,0.0,0.0,0.13746704161167145
YPL075W,YLR067C,0,0.17762095,0.0,0.0,0.1375579535961151
YDR490C,YHR146W,0,0.17754559,0.0,0.0,0.13764888048171997
YPR003C,YOR253W,0,0.17737448,0.0,0.0,0.13773979246616364
YMR205C,YHR214W,0,0.17726718,0.0,0.0,0.1378307044506073
YKL150W,YCR044C,0,0.176976,0.0,0.0,0.13792163133621216
YHL017W,YOR065W,0,0.17681535,0.0,0.0,0.13801254332065582
YMR243C,YIL069C,0,0.17616464,0.0,0.0,0.13810347020626068
YOR045W,YKL081W,0,0.17613791,0.0,0.0,0.13819438219070435
YKL054C,YNR037C,0,0.17613521,0.0,0.0,0.138285294175148
YJL012C,YGL238W,0,0.17573415,0.0,0.0,0.13837622106075287
YJL180C,YDR301W,0,0.17571086,0.0,0.0,0.13846713304519653
YLL031C,YOR253W,0,0.17545827,0.0,0.0,0.1385580450296402
YJR084W,YBR003W,0,0.1754564,0.0,0.0,0.13864897191524506
YHR033W,YIL009W,0,0.17502892,0.0,0.0,0.13873988389968872
YGR044C,YNL066W,0,0.17498171,0.0,0.0,0.13883079588413239
YIL137C,YIL087C,0,0.17498086,0.0,0.0,0.13892172276973724
YLR324W,YHR142W,0,0.17480691,0.0,0.0,0.1390126347541809
YHL038C,YJL057C,0,0.17435497,0.0,0.0,0.13910356163978577
YOR372C,YCL064C,0,0.17434269,0.0,0.0,0.13919447362422943
YGR178C,YJR054W,0,0.1742303,0.0,0.0,0.1392853856086731
YDL189W,YLL031C,0,0.1736688,0.0,0.0,0.13937631249427795
YOR090C,YBR107C,0,0.17356218,0.0,0.0,0.13946722447872162
YBR218C,YDR381W,0,0.17348686,0.0,0.0,0.13955813646316528
YLL021W,YKL039W,0,0.17346027,0.0,0.0,0.13964906334877014
YHR194W,YJR054W,0,0.17340283,0.0,0.0,0.1397399753332138
YDR078C,YPL233W,0,0.17304641,0.0,0.0,0.13983088731765747
YIL130W,YDR284C,0,0.17279491,0.0,0.0,0.13992181420326233
YDR490C,YPR057W,0,0.1727522,0.0,0.0,0.140012726187706
YOR026W,YBR193C,0,0.1726852,0.0,0.0,0.14010365307331085
YKL054C,YKL040C,0,0.17233127,0.0,0.0,0.14019456505775452
YKL134C,YDR179C,0,0.17233092,0.0,0.0,0.14028547704219818
YDR309C,YDR381W,0,0.17229393,0.0,0.0,0.14037640392780304
YBR107C,YPR010C,0,0.17192173,0.0,0.0,0.1404673159122467
YER179W,YHL031C,0,0.17177665,0.0,0.0,0.14055822789669037
YNL142W,YPL221W,0,0.17114358,0.0,0.0,0.14064915478229523
YOL011W,YHR201C,0,0.17082259,0.0,0.0,0.1407400667667389
YNL263C,YOR250C,0,0.17016159,0.0,0.0,0.14083097875118256
YGR181W,YGR170W,0,0.17012317,0.0,0.0,0.14092190563678741
YNL023C,YKL197C,0,0.16990282,0.0,0.0,0.14101281762123108
YDR545W,YPL248C,0,0.16974437,0.0,0.0,0.14110372960567474
YKR100C,YGR004W,0,0.16925839,0.0,0.0,0.1411946564912796
YOL095C,YGL219C,0,0.16905501,0.0,0.0,0.14128556847572327
YGL025C,YML055W,0,0.16859819,0.0,0.0,0.14137649536132812
YDR007W,YDR430C,0,0.16849399,0.0,0.0,0.1414674073457718
YOL116W,YDR392W,0,0.16799265,0.0,0.0,0.14155831933021545
YML127W,YOL012C,0,0.16777676,0.0,0.0,0.1416492462158203
YHL028W,YPL100W,0,0.16761124,0.0,0.0,0.14174015820026398
YAL028W,YPL183C,0,0.16757447,0.0,0.0,0.14183107018470764
YHR133C,YMR035W,0,0.167321,0.0,0.0,0.1419219970703125
YCL029C,YLR248W,0,0.16715066,0.0,0.0,0.14201290905475616
YPL239W,YPL135W,0,0.16702066,0.0,0.0,0.14210382103919983
YPR037C,YDR359C,0,0.16666085,0.0,0.0,0.1421947479248047
YDR309C,YER093C,0,0.16628304,0.0,0.0,0.14228565990924835
YLR361C,YCL044C,0,0.1662681,0.0,0.0,0.1423765867948532
YBR069C,YJL058C,0,0.1660033,0.0,0.0,0.14246749877929688
YBL016W,YLR229C,0,0.16595832,0.0,0.0,0.14255841076374054
YHR146W,YLR260W,0,0.16555087,0.0,0.0,0.1426493376493454
YHR111W,YCL064C,0,0.16539752,0.0,0.0,0.14274024963378906
YHR150W,YMR125W,0,0.16521323,0.0,0.0,0.14283116161823273
YFR016C,YLR299W,0,0.16462602,0.0,0.0,0.14292208850383759
YDR235W,YBR107C,0,0.16459459,0.0,0.0,0.14301300048828125
YDR412W,YBL047C,0,0.1637171,0.0,0.0,0.14310391247272491
YNL221C,YGR040W,0,0.16343689,0.0,0.0,0.14319483935832977
YCL051W,YDR434W,0,0.1634349,0.0,0.0,0.14328575134277344
YJL179W,YKL039W,0,0.16309954,0.0,0.0,0.1433766633272171
YKR093W,YIL033C,0,0.16261643,0.0,0.0,0.14346759021282196
YDL159W,YPL049C,0,0.16248462,0.0,0.0,0.14355850219726562
YDL124W,YBR181C,0,0.16218689,0.0,0.0,0.14364942908287048
YJR084W,YLR260W,0,0.16210802,0.0,0.0,0.14374034106731415
YOR371C,YDR480W,0,0.1619898,0.0,0.0,0.1438312530517578
YOR262W,YER177W,0,0.16185503,0.0,0.0,0.14392217993736267
YMR192W,YHR024C,0,0.16177288,0.0,0.0,0.14401309192180634
YJL013C,YGR120C,0,0.16173966,0.0,0.0,0.14410400390625
YPR188C,YBR078W,0,0.16172075,0.0,0.0,0.14419493079185486
YLR362W,YPL115C,0,0.16171232,0.0,0.0,0.14428584277629852
YOL116W,YIL008W,0,0.16146028,0.0,0.0,0.1443767547607422
YHR084W,YAL056W,0,0.16094221,0.0,0.0,0.14446768164634705
YIL030C,YNL180C,0,0.1600056,0.0,0.0,0.1445585936307907
YER032W,YBR301W,0,0.15993124,0.0,0.0,0.14464952051639557
YMR243C,YOR335C,0,0.1597324,0.0,0.0,0.14474043250083923
YDR043C,YER113C,0,0.15906677,0.0,0.0,0.1448313444852829
YPL140C,YPL100W,0,0.15879926,0.0,0.0,0.14492227137088776
YGR120C,YOR086C,0,0.15850191,0.0,0.0,0.14501318335533142
YGR103W,YDR430C,0,0.15843023,0.0,0.0,0.14510409533977509
YER109C,YLR362W,0,0.15842779,0.0,0.0,0.14519502222537994
YHR037W,YGR040W,0,0.15817063,0.0,0.0,0.1452859342098236
YOL122C,YER060W,0,0.1578102,0.0,0.0,0.14537684619426727
YDL189W,YPL225W,0,0.15769531,0.0,0.0,0.14546777307987213
YIL106W,YGR208W,0,0.15767181,0.0,0.0,0.1455586850643158
YOR132W,YPR086W,0,0.15753104,0.0,0.0,0.14564961194992065
YOR080W,YBR095C,0,0.15739879,0.0,0.0,0.14574052393436432
YFL056C,YHR111W,0,0.15727174,0.0,0.0,0.14583143591880798
YDR528W,YKL058W,0,0.15673798,0.0,0.0,0.14592236280441284
YML023C,YKR034W,0,0.15655535,0.0,0.0,0.1460132747888565
YOR334W,YDL135C,0,0.15647641,0.0,0.0,0.14610418677330017
YOL061W,YKL006W,0,0.15617225,0.0,0.0,0.14619511365890503
YBR112C,YNL156C,0,0.15575619,0.0,0.0,0.1462860256433487
YDL100C,YMR237W,0,0.15561923,0.0,0.0,0.14637693762779236
YLL024C,YPR095C,0,0.15517241,0.0,0.0,0.14646786451339722
YBR094W,YHR014W,0,0.15477714,0.0,0.0,0.14655877649784088
YJL059W,YPL063W,0,0.15475184,0.0,0.0,0.14664968848228455
YLL048C,YPL040C,0,0.15468755,0.0,0.0,0.1467406153678894
YHR205W,YPL076W,0,0.15449184,0.0,0.0,0.14683152735233307
YOL055C,YJR153W,0,0.15427089,0.0,0.0,0.14692245423793793
YBR015C,YDL012C,0,0.15413576,0.0,0.0,0.1470133662223816
YCL029C,YDR105C,0,0.154037,0.0,0.0,0.14710427820682526
YOL116W,YNL216W,0,0.15293744,0.0,0.0,0.14719520509243011
YPL169C,YDR021W,0,0.15290552,0.0,0.0,0.14728611707687378
YBR119W,YBR015C,0,0.15223604,0.0,0.0,0.14737702906131744
YBR003W,YDR040C,0,0.15205419,0.0,0.0,0.1474679559469223
YLR411W,YBL051C,0,0.15198135,0.0,0.0,0.14755886793136597
YBR131W,YKR083C,0,0.15194969,0.0,0.0,0.14764977991580963
YBR005W,YDR243C,0,0.1516366,0.0,0.0,0.1477407068014145
YBL014C,YDL123W,0,0.15125796,0.0,0.0,0.14783161878585815
YNL145W,YGR193C,0,0.15102075,0.0,0.0,0.147922545671463
YGR040W,YPL006W,0,0.15061566,0.0,0.0,0.14801345765590668
YLR451W,YDR246W,0,0.15042648,0.0,0.0,0.14810436964035034
YHR108W,YML013W,0,0.15022536,0.0,0.0,0.1481952965259552
YJR132W,YDL135C,0,0.1501159,0.0,0.0,0.14828620851039886
YDR434W,YLR333C,0,0.1493453,0.0,0.0,0.14837712049484253
YNL286W,YIL087C,0,0.14927492,0.0,0.0,0.1484680473804474
YDR345C,YOR004W,0,0.14889517,0.0,0.0,0.14855895936489105
YKL006C-A,YGL116W,0,0.14878504,0.0,0.0,0.14864987134933472
YKL014C,YOR247W,0,0.14873588,0.0,0.0,0.14874079823493958
YDR261C,YPL063W,0,0.14853925,0.0,0.0,0.14883171021938324
YPL203W,YOR032C,0,0.148151,0.0,0.0,0.1489226222038269
YDR103W,YGR040W,0,0.14784652,0.0,0.0,0.14901354908943176
YIL036W,YPL049C,0,0.14755279,0.0,0.0,0.14910446107387543
YNR048W,YHR037W,0,0.1474421,0.0,0.0,0.14919538795948029
YDR343C,YJR118C,0,0.14710757,0.0,0.0,0.14928629994392395
YNL190W,YBR131W,0,0.14703113,0.0,0.0,0.14937721192836761
YDR025W,YOR259C,0,0.14672606,0.0,0.0,0.14946813881397247
YDL093W,YEL039C,0,0.14659974,0.0,0.0,0.14955905079841614
YDR103W,YPL115C,0,0.14636254,0.0,0.0,0.1496499627828598
YGR202C,YGL111W,0,0.14604138,0.0,0.0,0.14974088966846466
YKL069W,YLR143W,0,0.14591298,0.0,0.0,0.14983180165290833
YEL018W,YDR122W,0,0.14487052,0.0,0.0,0.149922713637352
YMR074C,YDR395W,0,0.14466195,0.0,0.0,0.15001364052295685
YNL233W,YGL194C,0,0.14438608,0.0,0.0,0.1501045525074005
YLR118C,YER129W,0,0.14412788,0.0,0.0,0.15019547939300537
YJL054W,YGL105W,0,0.14400136,0.0,0.0,0.15028639137744904
YBR268W,YOR110W,0,0.14398652,0.0,0.0,0.1503773033618927
YGR007W,YGL240W,0,0.14370829,0.0,0.0,0.15046823024749756
YOR266W,YNL038W,0,0.14366183,0.0,0.0,0.15055914223194122
YGL167C,YIL130W,0,0.14354356,0.0,0.0,0.1506500542163849
YIL173W,YOR086C,0,0.14341484,0.0,0.0,0.15074098110198975
YGR055W,YDR399W,0,0.14322892,0.0,0.0,0.1508318930864334
YDR107C,YHL007C,0,0.14306611,0.0,0.0,0.15092280507087708
YLR288C,YDL012C,0,0.14283276,0.0,0.0,0.15101373195648193
YLR229C,YLR362W,0,0.1427668,0.0,0.0,0.1511046439409256
YFR024C-A,YIL018W,0,0.14232199,0.0,0.0,0.15119555592536926
YIL137C,YGR120C,0,0.14223209,0.0,0.0,0.15128648281097412
YLR193C,YKL058W,0,0.14204076,0.0,0.0,0.15137739479541779
YMR059W,YDR176W,0,0.14193082,0.0,0.0,0.15146832168102264
YJR084W,YEL039C,0,0.14176267,0.0,0.0,0.1515592336654663
YGL121C,YDR103W,0,0.14172377,0.0,0.0,0.15165014564990997
YEL032W,YNL066W,0,0.14158256,0.0,0.0,0.15174107253551483
YPL100W,YNR024W,0,0.14153415,0.0,0.0,0.1518319845199585
YPR143W,YHR110W,0,0.14148131,0.0,0.0,0.15192289650440216
YDL081C,YLR323C,0,0.14145774,0.0,0.0,0.15201382339000702
YPL013C,YPL075W,0,0.14104845,0.0,0.0,0.15210473537445068
YOR090C,YDR189W,0,0.14080256,0.0,0.0,0.15219564735889435
YGR217W,YOR078W,0,0.14029866,0.0,0.0,0.1522865742444992
YDR235W,YFR014C,0,0.14025721,0.0,0.0,0.15237748622894287
YGR202C,YDR464W,0,0.14016283,0.0,0.0,0.15246841311454773
YPL239W,YNR033W,0,0.1401452,0.0,0.0,0.1525593250989914
YHR165C,YMR313C,0,0.14011699,0.0,0.0,0.15265023708343506
YCL012W,YIL062C,0,0.14000562,0.0,0.0,0.15274116396903992
YEL020W-A,YCR021C,0,0.14000243,0.0,0.0,0.15283207595348358
YDL145C,YMR195W,0,0.13998131,0.0,0.0,0.15292298793792725
YDR422C,YDR023W,0,0.13982812,0.0,0.0,0.1530139148235321
YOR129C,YJR054W,0,0.13980362,0.0,0.0,0.15310482680797577
YPL105C,YHR194W,0,0.13980228,0.0,0.0,0.15319573879241943
YGR217W,YBL005W,0,0.13975522,0.0,0.0,0.1532866656780243
YKL141W,YDR092W,0,0.13945603,0.0,0.0,0.15337757766246796
YLR442C,YLL066C,0,0.13940543,0.0,0.0,0.15346850454807281
YNL167C,YDR516C,0,0.13934772,0.0,0.0,0.15355941653251648
YDR019C,YPL049C,0,0.13918045,0.0,0.0,0.15365032851696014
YLR052W,YGR030C,0,0.13897523,0.0,0.0,0.153741255402565
YPR055W,YNL025C,0,0.13818781,0.0,0.0,0.15383216738700867
YKL110C,YDR397C,0,0.13816737,0.0,0.0,0.15392307937145233
YIL013C,YLR075W,0,0.13797395,0.0,0.0,0.1540140062570572
YDR407C,YGR044C,0,0.13730222,0.0,0.0,0.15410491824150085
YIL096C,YLR247C,0,0.1372663,0.0,0.0,0.15419583022594452
YER143W,YPL049C,0,0.13690925,0.0,0.0,0.15428675711154938
YDR287W,YOR207C,0,0.13643798,0.0,0.0,0.15437766909599304
YDL091C,YER071C,0,0.13642447,0.0,0.0,0.1544685810804367
YGL192W,YKL039W,0,0.13610291,0.0,0.0,0.15455950796604156
YDL091C,YBR168W,0,0.1360938,0.0,0.0,0.15465041995048523
YKR007W,YDL223C,0,0.13592409,0.0,0.0,0.1547413468360901
YHR108W,YDR517W,0,0.13560104,0.0,0.0,0.15483225882053375
YJL098W,YGL219C,0,0.13516474,0.0,0.0,0.15492317080497742
YIL148W,YOL116W,0,0.1346929,0.0,0.0,0.15501409769058228
YBL007C,YOL096C,0,0.13442376,0.0,0.0,0.15510500967502594
YKL145W,YPR007C,0,0.13440403,0.0,0.0,0.1551959216594696
YGR082W,YHR020W,0,0.13429603,0.0,0.0,0.15528684854507446
YDR427W,YCL016C,0,0.13360986,0.0,0.0,0.15537776052951813
YHR011W,YGL046W,0,0.13323386,0.0,0.0,0.1554686725139618
YML021C,YMR226C,0,0.1328794,0.0,0.0,0.15555959939956665
YPL280W,YPL176C,0,0.13255171,0.0,0.0,0.15565051138401031
YGR080W,YHL025W,0,0.13242424,0.0,0.0,0.15574143826961517
YAL002W,YBR301W,0,0.1316532,0.0,0.0,0.15583235025405884
YOL012C,YPL117C,0,0.1310634,0.0,0.0,0.1559232622385025
YML092C,YLR017W,0,0.13096428,0.0,0.0,0.15601418912410736
YJL179W,YDR080W,0,0.13072188,0.0,0.0,0.15610510110855103
YDR430C,YPR169W,0,0.13055313,0.0,0.0,0.1561960130929947
YLR382C,YOR259C,0,0.12981926,0.0,0.0,0.15628693997859955
YKR088C,YNL278W,0,0.12960224,0.0,0.0,0.1563778519630432
YHR073W,YLR229C,0,0.12910783,0.0,0.0,0.15646876394748688
YBR086C,YNL164C,0,0.12897496,0.0,0.0,0.15655969083309174
YML081W,YER143W,0,0.12895933,0.0,0.0,0.1566506028175354
YDL209C,YNL036W,0,0.12864076,0.0,0.0,0.15674151480197906
YKL141W,YDL134C,0,0.12754099,0.0,0.0,0.15683244168758392
YBR114W,YAL007C,0,0.12729806,0.0,0.0,0.1569233536720276
YNL288W,YBL005W,0,0.12726854,0.0,0.0,0.15701428055763245
YDR213W,YIL120W,0,0.12720771,0.0,0.0,0.1571051925420761
YPL115C,YOR004W,0,0.12672068,0.0,0.0,0.15719610452651978
YPR057W,YBL005W,0,0.1263301,0.0,0.0,0.15728703141212463
YNL020C,YGL192W,0,0.12619618,0.0,0.0,0.1573779433965683
YLL018C-A,YJL196C,0,0.12604004,0.0,0.0,0.15746885538101196
YDR287W,YGR055W,0,0.12557484,0.0,0.0,0.15755978226661682
YJR102C,YLR131C,0,0.12538217,0.0,0.0,0.15765069425106049
YNL133C,YCR063W,0,0.12472152,0.0,0.0,0.15774160623550415
YJR109C,YBR091C,0,0.1246809,0.0,0.0,0.157832533121109
YKL141W,YHL050C,0,0.12468023,0.0,0.0,0.15792344510555267
YCR091W,YOR247W,0,0.12447381,0.0,0.0,0.15801437199115753
YML101C,YPL176C,0,0.124416575,0.0,0.0,0.1581052839756012
YHL028W,YKR077W,0,0.1244068,0.0,0.0,0.15819619596004486
YGL142C,YIL167W,0,0.12419698,0.0,0.0,0.15828712284564972
YFL061W,YJR108W,0,0.12406431,0.0,0.0,0.15837803483009338
YDR092W,YKL077W,0,0.124044426,0.0,0.0,0.15846894681453705
YDR122W,YPL018W,0,0.12400149,0.0,0.0,0.1585598737001419
YIR004W,YFR038W,0,0.123640984,0.0,0.0,0.15865078568458557
YCR105W,YNR055C,0,0.12363386,0.0,0.0,0.15874169766902924
YDR439W,YAL051W,0,0.123632506,0.0,0.0,0.1588326245546341
YDR345C,YDL134C,0,0.12350667,0.0,0.0,0.15892353653907776
YDR545W,YOR319W,0,0.12310271,0.0,0.0,0.15901444852352142
YMR205C,YDR005C,0,0.12301415,0.0,0.0,0.15910537540912628
YKL132C,YIL062C,0,0.122538425,0.0,0.0,0.15919628739356995
YPL120W,YNL065W,0,0.1222654,0.0,0.0,0.1592872142791748
YKL026C,YMR125W,0,0.1221273,0.0,0.0,0.15937812626361847
YDR041W,YMR207C,0,0.12200683,0.0,0.0,0.15946903824806213
YKL069W,YGR283C,0,0.12103887,0.0,0.0,0.159559965133667
YDL035C,YNL298W,0,0.12102075,0.0,0.0,0.15965087711811066
YDR078C,YGR083C,0,0.120999545,0.0,0.0,0.15974178910255432
YHR011W,YAL041W,0,0.120861895,0.0,0.0,0.15983271598815918
YIL014W,YMR275C,0,0.12042028,0.0,0.0,0.15992362797260284
YML013W,YGL144C,0,0.119754106,0.0,0.0,0.1600145399570465
YGR103W,YOL032W,0,0.119670406,0.0,0.0,0.16010546684265137
YDR227W,YIL123W,0,0.11957548,0.0,0.0,0.16019637882709503
YIL156W,YPL130W,0,0.119565144,0.0,0.0,0.1602873057126999
YPR173C,YML057W,0,0.11932805,0.0,0.0,0.16037821769714355
YNR038W,YDR040C,0,0.11928253,0.0,0.0,0.16046912968158722
YDR372C,YDR259C,0,0.11830728,0.0,0.0,0.16056005656719208
YKL052C,YKL197C,0,0.11783001,0.0,0.0,0.16065096855163574
YDR189W,YMR105C,0,0.11766446,0.0,0.0,0.1607418805360794
YHR084W,YMR116C,0,0.11754516,0.0,0.0,0.16083280742168427
YDR397C,YNR037C,0,0.11732866,0.0,0.0,0.16092371940612793
YOL116W,YER113C,0,0.117235124,0.0,0.0,0.1610146313905716
YMR237W,YLL057C,0,0.11710866,0.0,0.0,0.16110555827617645
YER056C,YCR105W,0,0.1170485,0.0,0.0,0.16119647026062012
YNL020C,YPL248C,0,0.11690286,0.0,0.0,0.16128739714622498
YLR259C,YOR319W,0,0.116292775,0.0,0.0,0.16137830913066864
YJL212C,YGL192W,0,0.11606598,0.0,0.0,0.1614692211151123
YCL017C,YBR268W,0,0.116046,0.0,0.0,0.16156014800071716
YLR189C,YBR301W,0,0.11598623,0.0,0.0,0.16165105998516083
YDR178W,YPL075W,0,0.11591594,0.0,0.0,0.1617419719696045
YPL253C,YER015W,0,0.11576064,0.0,0.0,0.16183289885520935
YGR204W,YJL096W,0,0.11533724,0.0,0.0,0.16192381083965302
YLL018C,YER167W,0,0.115282975,0.0,0.0,0.16201472282409668
YPR114W,YOR259C,0,0.11484633,0.0,0.0,0.16210564970970154
YLR131C,YNL246W,0,0.11474049,0.0,0.0,0.1621965616941452
YDL003W,YGL104C,0,0.114719026,0.0,0.0,0.16228747367858887
YDR398W,YDL123W,0,0.11470938,0.0,0.0,0.16237840056419373
YGR212W,YMR207C,0,0.114698775,0.0,0.0,0.1624693125486374
YIL118W,YIL173W,0,0.11443961,0.0,0.0,0.16256023943424225
YDR412W,YBR149W,0,0.114170685,0.0,0.0,0.1626511514186859
YMR105C,YNL048W,0,0.113616824,0.0,0.0,0.16274206340312958
YER041W,YKL054C,0,0.1135292,0.0,0.0,0.16283299028873444
YOR090C,YDR212W,0,0.11341948,0.0,0.0,0.1629239022731781
YHR148W,YKR027W,0,0.113393605,0.0,0.0,0.16301481425762177
YBR130C,YOR319W,0,0.11275286,0.0,0.0,0.16310574114322662
YMR237W,YKR052C,0,0.11266272,0.0,0.0,0.1631966531276703
YOL069W,YLR466W,0,0.11260698,0.0,0.0,0.16328756511211395
YDR107C,YHR084W,0,0.112551734,0.0,0.0,0.1633784919977188
YOR087W,YNL031C,0,0.112461284,0.0,0.0,0.16346940398216248
YBR029C,YER023W,0,0.1124485,0.0,0.0,0.16356033086776733
YDR392W,YPL049C,0,0.11211714,0.0,0.0,0.163651242852211
YDR105C,YJL197W,0,0.11210221,0.0,0.0,0.16374215483665466
YJR073C,YMR237W,0,0.11209351,0.0,0.0,0.16383308172225952
YPR106W,YBR131W,0,0.11209147,0.0,0.0,0.16392399370670319
YNL263C,YNL031C,0,0.11195132,0.0,0.0,0.16401490569114685
YER014W,YDR135C,0,0.11113006,0.0,0.0,0.1641058325767517
YGR235C,YDL119C,0,0.11056125,0.0,0.0,0.16419674456119537
YJR049C,YOR079C,0,0.11032459,0.0,0.0,0.16428765654563904
YGR174C,YNL221C,0,0.11019962,0.0,0.0,0.1643785834312439
YIL075C,YAL056W,0,0.11012642,0.0,0.0,0.16446949541568756
YBR043C,YJL181W,0,0.11007564,0.0,0.0,0.16456040740013123
YMR207C,YCL067C,0,0.10991253,0.0,0.0,0.16465133428573608
YJL181W,YNL221C,0,0.10985595,0.0,0.0,0.16474224627017975
YER005W,YNL246W,0,0.10982181,0.0,0.0,0.1648331731557846
YLR093C,YNL247W,0,0.109765,0.0,0.0,0.16492408514022827
YKL149C,YGR211W,0,0.10967647,0.0,0.0,0.16501499712467194
YIR004W,YLR299W,0,0.109525174,0.0,0.0,0.1651059240102768
YBL087C,YMR002W,0,0.109519556,0.0,0.0,0.16519683599472046
YLR083C,YJR153W,0,0.108959906,0.0,0.0,0.16528774797916412
YOR250C,YNL023C,0,0.10892675,0.0,0.0,0.16537867486476898
YHR204W,YBR003W,0,0.108903095,0.0,0.0,0.16546958684921265
YGL104C,YHL028W,0,0.10818627,0.0,0.0,0.1655604988336563
YEL020W-A,YGL049C,0,0.10789694,0.0,0.0,0.16565142571926117
YJL045W,YDR160W,0,0.10788564,0.0,0.0,0.16574233770370483
YML041C,YPR105C,0,0.107787594,0.0,0.0,0.1658332645893097
YDR430C,YDR190C,0,0.10735841,0.0,0.0,0.16592417657375336
YOL020W,YGR245C,0,0.10668729,0.0,0.0,0.16601508855819702
YGR202C,YKR077W,0,0.106656134,0.0,0.0,0.16610601544380188
YER179W,YBR094W,0,0.10612981,0.0,0.0,0.16619692742824554
YPL126W,YBL038W,0,0.10507509,0.0,0.0,0.1662878394126892
YDR367W,YDR516C,0,0.10487269,0.0,0.0,0.16637876629829407
YDL160C,YPR134W,0,0.104274586,0.0,0.0,0.16646967828273773
YPR161C,YER023W,0,0.10420973,0.0,0.0,0.1665605902671814
YNL025C,YHR073W,0,0.10409103,0.0,0.0,0.16665151715278625
YDR092W,YKL134C,0,0.10406144,0.0,0.0,0.16674242913722992
YLL018C-A,YBR146W,0,0.10330646,0.0,0.0,0.16683334112167358
YPL234C,YGR245C,0,0.103068784,0.0,0.0,0.16692426800727844
YAL019W,YNL055C,0,0.10303083,0.0,0.0,0.1670151799917221
YDL160C,YOR009W,0,0.10283537,0.0,0.0,0.16710610687732697
YNL142W,YML082W,0,0.10274337,0.0,0.0,0.16719701886177063
YAL015C,YMR149W,0,0.10263169,0.0,0.0,0.1672879308462143
YAL019W,YJL026W,0,0.10246275,0.0,0.0,0.16737885773181915
YGL005C,YGR138C,0,0.10229093,0.0,0.0,0.16746976971626282
YGR202C,YLR435W,0,0.10198987,0.0,0.0,0.16756068170070648
YHR158C,YMR226C,0,0.1018019,0.0,0.0,0.16765160858631134
YMR234W,YKL145W,0,0.101320416,0.0,0.0,0.167742520570755
YER176W,YGL219C,0,0.10131012,0.0,0.0,0.16783343255519867
YER038C,YDL046W,0,0.101099946,0.0,0.0,0.16792435944080353
YLR362W,YHR011W,0,0.10101095,0.0,0.0,0.1680152714252472
YAR009C,YBL038W,0,0.10093587,0.0,0.0,0.16810619831085205
YML133C,YOL023W,0,0.10074242,0.0,0.0,0.16819711029529572
YOR080W,YBR083W,0,0.1007133,0.0,0.0,0.16828802227973938
YOR334W,YHR214W,0,0.10016759,0.0,0.0,0.16837894916534424
YOR330C,YLR466W,0,0.10007404,0.0,0.0,0.1684698611497879
YLR258W,YGR122W,0,0.09989604,0.0,0.0,0.16856077313423157
YNL142W,YPR100W,0,0.09986681,0.0,0.0,0.16865170001983643
YCL044C,YPL221W,0,0.099854484,0.0,0.0,0.1687426120042801
YMR175W,YGR181W,0,0.099693,0.0,0.0,0.16883352398872375
YLR234W,YPR100W,0,0.09960063,0.0,0.0,0.1689244508743286
YPL234C,YIL053W,0,0.09937828,0.0,0.0,0.16901536285877228
YGR097W,YCL039W,0,0.09935473,0.0,0.0,0.16910628974437714
YBR043C,YBL013W,0,0.09907661,0.0,0.0,0.1691972017288208
YOR247W,YOR341W,0,0.098768115,0.0,0.0,0.16928811371326447
YHL025W,YDR234W,0,0.098546594,0.0,0.0,0.16937904059886932
YOL116W,YBL016W,0,0.09828825,0.0,0.0,0.169469952583313
YNL240C,YDL211C,0,0.097872645,0.0,0.0,0.16956086456775665
YBR188C,YHL021C,0,0.097721204,0.0,0.0,0.1696517914533615
YOR191W,YPL254W,0,0.09748298,0.0,0.0,0.16974270343780518
YGR103W,YDL124W,0,0.09725276,0.0,0.0,0.16983361542224884
YOR002W,YPR106W,0,0.0971849,0.0,0.0,0.1699245423078537
YPL169C,YKR088C,0,0.09673202,0.0,0.0,0.17001545429229736
YEL019C,YDL247W,0,0.09670648,0.0,0.0,0.17010636627674103
YDL209C,YFR030W,0,0.09663847,0.0,0.0,0.1701972931623459
YIL068C,YDR217C,0,0.09661763,0.0,0.0,0.17028820514678955
YML081W,YJR118C,0,0.09636149,0.0,0.0,0.1703791320323944
YMR076C,YAR042W,0,0.095767364,0.0,0.0,0.17047004401683807
YPR007C,YLR260W,0,0.09567514,0.0,0.0,0.17056095600128174
YMR175W,YGL018C,0,0.0956708,0.0,0.0,0.1706518828868866
YGR178C,YAL015C,0,0.09566921,0.0,0.0,0.17074279487133026
YMR322C,YGL226W,0,0.09548717,0.0,0.0,0.17083370685577393
YPL146C,YOR249C,0,0.095480226,0.0,0.0,0.17092463374137878
YLR362W,YDR477W,0,0.095360465,0.0,0.0,0.17101554572582245
YAL056W,YHL007C,0,0.09494815,0.0,0.0,0.1711064577102661
YDR150W,YPL178W,0,0.094652,0.0,0.0,0.17119738459587097
YHR073W,YOR080W,0,0.094620824,0.0,0.0,0.17128829658031464
YIL118W,YPR133C,0,0.094482794,0.0,0.0,0.1713792234659195
YHR011W,YDL159W,0,0.094331846,0.0,0.0,0.17147013545036316
YER108C,YHR011W,0,0.09428215,0.0,0.0,0.17156104743480682
YLR239C,YIL096C,0,0.09403573,0.0,0.0,0.17165197432041168
YLR284C,YBL087C,0,0.0940233,0.0,0.0,0.17174288630485535
YGR055W,YKL155C,0,0.09357451,0.0,0.0,0.171833798289299
YNR048W,YER129W,0,0.093510225,0.0,0.0,0.17192472517490387
YBR091C,YBR112C,0,0.09342253,0.0,0.0,0.17201563715934753
YER109C,YPL115C,0,0.09316328,0.0,0.0,0.1721065491437912
YGL045W,YOR080W,0,0.09276069,0.0,0.0,0.17219747602939606
YPR106W,YPL013C,0,0.092691794,0.0,0.0,0.17228838801383972
YDR422C,YIL147C,0,0.09239588,0.0,0.0,0.1723792999982834
YDR325W,YIL011W,0,0.092313856,0.0,0.0,0.17247022688388824
YAL041W,YDL024C,0,0.091912195,0.0,0.0,0.1725611388683319
YBR101C,YJL212C,0,0.0919066,0.0,0.0,0.17265206575393677
YBL016W,YLR362W,0,0.091794625,0.0,0.0,0.17274297773838043
YBL087C,YMR072W,0,0.091177694,0.0,0.0,0.1728338897228241
YIL052C,YGR181W,0,0.091122076,0.0,0.0,0.17292481660842896
YBL100W-B,YKL063C,0,0.09102589,0.0,0.0,0.17301572859287262
YLR382C,YDR469W,0,0.09093554,0.0,0.0,0.17310664057731628
YKR053C,YKL054C,0,0.09090357,0.0,0.0,0.17319756746292114
YBR119W,YPL161C,0,0.09010651,0.0,0.0,0.1732884794473648
YER072W,YML102W,0,0.089715794,0.0,0.0,0.17337939143180847
YBR095C,YNL298W,0,0.08924096,0.0,0.0,0.17347031831741333
YAR009C,YKL114C,0,0.08920181,0.0,0.0,0.173561230301857
YNR037C,YBR162C,0,0.08920173,0.0,0.0,0.17365215718746185
YOR068C,YJL196C,0,0.08912185,0.0,0.0,0.17374306917190552
YNL328C,YKL026C,0,0.089093626,0.0,0.0,0.17383398115634918
YGL092W,YMR001C,0,0.088829696,0.0,0.0,0.17392490804195404
YHR201C,YGR244C,0,0.08867565,0.0,0.0,0.1740158200263977
YOR127W,YGL208W,0,0.088590965,0.0,0.0,0.17410673201084137
YLR390W-A,YPL100W,0,0.08850506,0.0,0.0,0.17419765889644623
YDR007W,YGR211W,0,0.088218085,0.0,0.0,0.1742885708808899
YOR371C,YNL298W,0,0.08790543,0.0,0.0,0.17437948286533356
YKL052C,YPL135W,0,0.087448016,0.0,0.0,0.17447040975093842
YPL225W,YMR149W,0,0.087194055,0.0,0.0,0.17456132173538208
YHR009C,YBL038W,0,0.08711974,0.0,0.0,0.17465223371982574
YOR241W,YLR150W,0,0.087081075,0.0,0.0,0.1747431606054306
YBR034C,YGL219C,0,0.08701323,0.0,0.0,0.17483407258987427
YDR437W,YHR194W,0,0.08615325,0.0,0.0,0.17492499947547913
YMR316W,YMR116C,0,0.085872464,0.0,0.0,0.1750159114599228
YGR205W,YLR384C,0,0.0857425,0.0,0.0,0.17510682344436646
YNL263C,YNL059C,0,0.08559106,0.0,0.0,0.1751977503299713
YHR205W,YJL208C,0,0.085331514,0.0,0.0,0.17528866231441498
YFR024C-A,YAR042W,0,0.08506835,0.0,0.0,0.17537957429885864
YNL167C,YNL243W,0,0.08464901,0.0,0.0,0.1754705011844635
YDR301W,YHR080C,0,0.08458172,0.0,0.0,0.17556141316890717
YIL118W,YEL044W,0,0.08435609,0.0,0.0,0.17565232515335083
YGR202C,YJL179W,0,0.08420582,0.0,0.0,0.1757432520389557
YER027C,YNL197C,0,0.084021434,0.0,0.0,0.17583416402339935
YGR174C,YLR044C,0,0.08395082,0.0,0.0,0.1759250909090042
YOL154W,YHR204W,0,0.083893746,0.0,0.0,0.17601600289344788
YNL137C,YIL173W,0,0.08380699,0.0,0.0,0.17610691487789154
YKR100C,YER155C,0,0.083425045,0.0,0.0,0.1761978417634964
YLR390W-A,YGR296W,0,0.08319469,0.0,0.0,0.17628875374794006
YLR067C,YPL161C,0,0.08319422,0.0,0.0,0.17637966573238373
YOR065W,YER093C,0,0.08318256,0.0,0.0,0.1764705926179886
YJR120W,YPR097W,0,0.082790874,0.0,0.0,0.17656150460243225
YDR189W,YOR241W,0,0.08263554,0.0,0.0,0.17665241658687592
YLR085C,YDL106C,0,0.082548745,0.0,0.0,0.17674334347248077
YKL014C,YBR100W,0,0.082482636,0.0,0.0,0.17683425545692444
YGR178C,YDL145C,0,0.0824385,0.0,0.0,0.1769251823425293
YBR188C,YKL039W,0,0.081469014,0.0,0.0,0.17701609432697296
YPL043W,YDL139C,0,0.08071202,0.0,0.0,0.17710700631141663
YOR127W,YHL007C,0,0.08026828,0.0,0.0,0.17719793319702148
YLR377C,YBR121C,0,0.08022989,0.0,0.0,0.17728884518146515
YLR118C,YCR018C,0,0.08018996,0.0,0.0,0.1773797571659088
YOR267C,YJR096W,0,0.08000665,0.0,0.0,0.17747068405151367
YPL234C,YBR162C,0,0.079955764,0.0,0.0,0.17756159603595734
YHR170W,YPL075W,0,0.079899736,0.0,0.0,0.177652508020401
YIL130W,YDL123W,0,0.07966542,0.0,0.0,0.17774343490600586
YIL052C,YGR211W,0,0.07960606,0.0,0.0,0.17783434689044952
YNL137C,YKR007W,0,0.07954121,0.0,0.0,0.1779252588748932
YHR110W,YOR259C,0,0.079540834,0.0,0.0,0.17801618576049805
YOL122C,YOL144W,0,0.07935058,0.0,0.0,0.1781070977449417
YKR049C,YOR341W,0,0.07922235,0.0,0.0,0.17819802463054657
YMR205C,YOR109W,0,0.07919955,0.0,0.0,0.17828893661499023
YGL005C,YPR141C,0,0.079199255,0.0,0.0,0.1783798485994339
YGL027C,YCR018C,0,0.07900505,0.0,0.0,0.17847077548503876
YDR243C,YLR259C,0,0.078781664,0.0,0.0,0.17856168746948242
YML076C,YJR054W,0,0.07872037,0.0,0.0,0.1786525994539261
YKL114C,YBR301W,0,0.07860999,0.0,0.0,0.17874352633953094
YJL162C,YKR096W,0,0.078404844,0.0,0.0,0.1788344383239746
YPL116W,YLL066C,0,0.0777647,0.0,0.0,0.17892535030841827
YNL183C,YHR110W,0,0.07760182,0.0,0.0,0.17901627719402313
YKL194C,YOL095C,0,0.07758806,0.0,0.0,0.1791071891784668
YFL026W,YKR077W,0,0.077089444,0.0,0.0,0.17919811606407166
YAL068C,YKL063C,0,0.07706091,0.0,0.0,0.17928902804851532
YDR482C,YPL116W,0,0.07690684,0.0,0.0,0.17937994003295898
YMR053C,YIR004W,0,0.07632245,0.0,0.0,0.17947086691856384
YDR361C,YPL075W,0,0.07628557,0.0,0.0,0.1795617789030075
YNL286W,YBL025W,0,0.076004274,0.0,0.0,0.17965269088745117
YPR057W,YJL001W,0,0.07531298,0.0,0.0,0.17974361777305603
YDR392W,YBR083W,0,0.075290814,0.0,0.0,0.1798345297574997
YDR468C,YOR157C,0,0.074971445,0.0,0.0,0.17992544174194336
YOR016C,YFL025C,0,0.074971005,0.0,0.0,0.18001636862754822
YOR252W,YPL006W,0,0.07488379,0.0,0.0,0.18010728061199188
YJR102C,YER123W,0,0.07482264,0.0,0.0,0.18019819259643555
YMR322C,YNL164C,0,0.07452023,0.0,0.0,0.1802891194820404
YCR091W,YBL005W,0,0.07437434,0.0,0.0,0.18038003146648407
YOR316C,YNR071C,0,0.07403581,0.0,0.0,0.18047095835208893
YGL076C,YHR190W,0,0.07389502,0.0,0.0,0.1805618703365326
YDR145W,YOR193W,0,0.073666014,0.0,0.0,0.18065278232097626
YJR042W,YPL193W,0,0.07343681,0.0,0.0,0.18074370920658112
YKL141W,YER060W-A,0,0.073374264,0.0,0.0,0.18083462119102478
YDL093W,YGL238W,0,0.07326023,0.0,0.0,0.18092553317546844
YNL023C,YEL051W,0,0.07325901,0.0,0.0,0.1810164600610733
YJR153W,YGR142W,0,0.073100954,0.0,0.0,0.18110737204551697
YBL038W,YML061C,0,0.07305745,0.0,0.0,0.18119828402996063
YPL100W,YOR109W,0,0.07232059,0.0,0.0,0.1812892109155655
YML045W,YIL011W,0,0.07220814,0.0,0.0,0.18138012290000916
YKL048C,YGL058W,0,0.07211414,0.0,0.0,0.181471049785614
YML086C,YJL001W,0,0.07201129,0.0,0.0,0.18156196177005768
YKL029C,YKR088C,0,0.07193223,0.0,0.0,0.18165287375450134
YBR005W,YKR079C,0,0.07183689,0.0,0.0,0.1817438006401062
YGR205W,YBR028C,0,0.07173969,0.0,0.0,0.18183471262454987
YLR362W,YHR111W,0,0.071681164,0.0,0.0,0.18192562460899353
YGR204W,YDL211C,0,0.0716138,0.0,0.0,0.1820165514945984
YDL024C,YHL007C,0,0.0713935,0.0,0.0,0.18210746347904205
YGR165W,YCL054W,0,0.071373075,0.0,0.0,0.18219837546348572
YDR350C,YOR195W,0,0.07122399,0.0,0.0,0.18228930234909058
YBR069C,YGR040W,0,0.071203485,0.0,0.0,0.18238021433353424
YDL098C,YNR019W,0,0.07100159,0.0,0.0,0.1824711263179779
YDR043C,YHR011W,0,0.0706933,0.0,0.0,0.18256205320358276
YLL053C,YPL173W,0,0.07057382,0.0,0.0,0.18265296518802643
YBL016W,YAL056W,0,0.07041684,0.0,0.0,0.1827438920736313
YDR375C,YER179W,0,0.07034223,0.0,0.0,0.18283480405807495
YMR063W,YGR260W,0,0.070125975,0.0,0.0,0.18292571604251862
YLR337C,YCL067C,0,0.07000066,0.0,0.0,0.18301664292812347
YIL022W,YPL061W,0,0.069763556,0.0,0.0,0.18310755491256714
YJL186W,YPR068C,0,0.06951992,0.0,0.0,0.1831984668970108
YLR239C,YCR107W,0,0.06931826,0.0,0.0,0.18328939378261566
YOR011W,YFR049W,0,0.0690146,0.0,0.0,0.18338030576705933
YLR083C,YJR108W,0,0.06898794,0.0,0.0,0.183471217751503
YKL016C,YPL049C,0,0.068762094,0.0,0.0,0.18356214463710785
YHR190W,YBL014C,0,0.068643436,0.0,0.0,0.1836530566215515
YAR033W,YHR073W,0,0.068495385,0.0,0.0,0.18374398350715637
YDL220C,YOR172W,0,0.06824729,0.0,0.0,0.18383489549160004
YOR090C,YDR289C,0,0.068167165,0.0,0.0,0.1839258074760437
YOR371C,YOR127W,0,0.06811817,0.0,0.0,0.18401673436164856
YJL212C,YBR016W,0,0.068028525,0.0,0.0,0.18410764634609222
YMR275C,YBR146W,0,0.06775381,0.0,0.0,0.1841985583305359
YOR026W,YGL194C,0,0.06772474,0.0,0.0,0.18428948521614075
YJR084W,YGR005C,0,0.06769665,0.0,0.0,0.1843803972005844
YFR014C,YER060W,0,0.06733298,0.0,0.0,0.18447130918502808
YCR036W,YLR409C,0,0.0672839,0.0,0.0,0.18456223607063293
YML133C,YIL062C,0,0.067229,0.0,0.0,0.1846531480550766
YHR201C,YOR227W,0,0.06702051,0.0,0.0,0.18474407494068146
YKL087C,YGL049C,0,0.06694521,0.0,0.0,0.18483498692512512
YOR371C,YBR095C,0,0.06681015,0.0,0.0,0.1849258989095688
YGR005C,YKR049C,0,0.0668083,0.0,0.0,0.18501682579517365
YBL056W,YJL173C,0,0.06662644,0.0,0.0,0.1851077377796173
YEL032W,YDR395W,0,0.06659643,0.0,0.0,0.18519864976406097
YNR024W,YER015W,0,0.065777056,0.0,0.0,0.18528957664966583
YOR266W,YNL194C,0,0.065423176,0.0,0.0,0.1853804886341095
YER060W,YDR438W,0,0.06537795,0.0,0.0,0.18547140061855316
YJL089W,YPL049C,0,0.06535959,0.0,0.0,0.18556232750415802
YAL056W,YLR260W,0,0.06535372,0.0,0.0,0.18565323948860168
YJL127C,YLR263W,0,0.06524126,0.0,0.0,0.18574415147304535
YDR323C,YPL161C,0,0.065229066,0.0,0.0,0.1858350783586502
YOR065W,YMR149W,0,0.06502128,0.0,0.0,0.18592599034309387
YGL116W,YDR244W,0,0.065000474,0.0,0.0,0.18601691722869873
YCL029C,YBR112C,0,0.064775124,0.0,0.0,0.1861078292131424
YGL028C,YDL046W,0,0.06444998,0.0,0.0,0.18619874119758606
YKL197C,YHR190W,0,0.06401388,0.0,0.0,0.18628966808319092
YMR261C,YOR065W,0,0.063940704,0.0,0.0,0.18638058006763458
YDL003W,YOL095C,0,0.06393251,0.0,0.0,0.18647149205207825
YAR042W,YGL092W,0,0.06362447,0.0,0.0,0.1865624189376831
YER007C-A,YLR056W,0,0.063208684,0.0,0.0,0.18665333092212677
YGR254W,YNL243W,0,0.06319701,0.0,0.0,0.18674424290657043
YDR212W,YPL262W,0,0.0630728,0.0,0.0,0.1868351697921753
YMR105C,YNR038W,0,0.06307134,0.0,0.0,0.18692608177661896
YBL056W,YER102W,0,0.06301129,0.0,0.0,0.18701700866222382
YDR078C,YDR168W,0,0.062833205,0.0,0.0,0.18710792064666748
YHR205W,YGR253C,0,0.06273022,0.0,0.0,0.18719883263111115
YBL007C,YDR292C,0,0.06243464,0.0,0.0,0.187289759516716
YHR106W,YOR271C,0,0.06227631,0.0,0.0,0.18738067150115967
YDL160C,YHR169W,0,0.061702356,0.0,0.0,0.18747158348560333
YGR005C,YHL006C,0,0.06094367,0.0,0.0,0.1875625103712082
YML067C,YOR330C,0,0.060662493,0.0,0.0,0.18765342235565186
YER063W,YFL005W,0,0.06058968,0.0,0.0,0.18774433434009552
YGR122W,YFR053C,0,0.06054725,0.0,0.0,0.18783526122570038
YDR107C,YER027C,0,0.06041971,0.0,0.0,0.18792617321014404
YGR103W,YKL149C,0,0.060325213,0.0,0.0,0.1880170851945877
YBR208C,YLR060W,0,0.06010349,0.0,0.0,0.18810801208019257
YER113C,YNL197C,0,0.059539832,0.0,0.0,0.18819892406463623
YNL056W,YJR046W,0,0.059435084,0.0,0.0,0.1882898509502411
YLR215C,YDL243C,0,0.0593082,0.0,0.0,0.18838076293468475
YIL036W,YDR135C,0,0.05910918,0.0,0.0,0.18847167491912842
YNL317W,YPL006W,0,0.059086658,0.0,0.0,0.18856260180473328
YOR110W,YDL123W,0,0.05907146,0.0,0.0,0.18865351378917694
YOR004W,YHR150W,0,0.059006706,0.0,0.0,0.1887444257736206
YIL068C,YDR386W,0,0.058886908,0.0,0.0,0.18883535265922546
YJL045W,YOL009C,0,0.05869413,0.0,0.0,0.18892626464366913
YPL105C,YDR244W,0,0.058504142,0.0,0.0,0.1890171766281128
YEL020W-A,YIL106W,0,0.058492243,0.0,0.0,0.18910810351371765
YPL203W,YLR362W,0,0.058485955,0.0,0.0,0.18919901549816132
YER142C,YDR407C,0,0.057914276,0.0,0.0,0.18928994238376617
YPL234C,YBR218C,0,0.057305545,0.0,0.0,0.18938085436820984
YOR027W,YGR142W,0,0.057186387,0.0,0.0,0.1894717663526535
YDR204W,YHR158C,0,0.057026096,0.0,0.0,0.18956269323825836
YHR210C,YNR033W,0,0.056992814,0.0,0.0,0.18965360522270203
YMR286W,YDR500C,0,0.056919977,0.0,0.0,0.1897445172071457
YOL011W,YDR175C,0,0.056807995,0.0,0.0,0.18983544409275055
YDR078C,YER093C,0,0.056645878,0.0,0.0,0.1899263560771942
YDR471W,YMR158W,0,0.056471564,0.0,0.0,0.19001726806163788
YIL022W,YDR407C,0,0.05633304,0.0,0.0,0.19010819494724274
YER149C,YNL081C,0,0.055730112,0.0,0.0,0.1901991069316864
YMR158W,YPL075W,0,0.055726357,0.0,0.0,0.19029001891613007
YBL013W,YDR041W,0,0.05554159,0.0,0.0,0.19038094580173492
YBR003W,YBR180W,0,0.055382304,0.0,0.0,0.1904718577861786
YDR168W,YPL145C,0,0.05530131,0.0,0.0,0.19056278467178345
YER014W,YCR016W,0,0.05510082,0.0,0.0,0.1906536966562271
YPR143W,YGR205W,0,0.054957602,0.0,0.0,0.19074460864067078
YKL069W,YPL013C,0,0.054720268,0.0,0.0,0.19083553552627563
YMR274C,YBL038W,0,0.05454195,0.0,0.0,0.1909264475107193
YCR045C,YBR188C,0,0.054126203,0.0,0.0,0.19101735949516296
YMR275C,YMR226C,0,0.05406739,0.0,0.0,0.19110828638076782
YDR392W,YGR040W,0,0.05390884,0.0,0.0,0.1911991983652115
YIL087C,YGL151W,0,0.05382363,0.0,0.0,0.19129011034965515
YDL093W,YPL056C,0,0.053665474,0.0,0.0,0.19138103723526
YDL247W,YER060W,0,0.053661548,0.0,0.0,0.19147194921970367
YDL235C,YPR131C,0,0.05362901,0.0,0.0,0.19156287610530853
YOR273C,YPL063W,0,0.05354935,0.0,0.0,0.1916537880897522
YKL185W,YDR384C,0,0.053481482,0.0,0.0,0.19174470007419586
YGR078C,YGR060W,0,0.05326282,0.0,0.0,0.19183562695980072
YMR234W,YDR160W,0,0.05323732,0.0,0.0,0.19192653894424438
YDL135C,YGL151W,0,0.053215325,0.0,0.0,0.19201745092868805
YJL003W,YGR083C,0,0.05308651,0.0,0.0,0.1921083778142929
YHR185C,YER093C,0,0.052640438,0.0,0.0,0.19219928979873657
YKR052C,YNL278W,0,0.05258574,0.0,0.0,0.19229020178318024
YKL141W,YDR367W,0,0.05251959,0.0,0.0,0.1923811286687851
YDR406W,YMR226C,0,0.05235561,0.0,0.0,0.19247204065322876
YER027C,YHR111W,0,0.052286215,0.0,0.0,0.19256296753883362
YDL160C,YBR268W,0,0.05222439,0.0,0.0,0.19265387952327728
YHR073W,YNL181W,0,0.05130815,0.0,0.0,0.19274479150772095
YBL100W-B,YPL018W,0,0.051307816,0.0,0.0,0.1928357183933258
YOR045W,YOL098C,0,0.051106207,0.0,0.0,0.19292663037776947
YPR173C,YLL031C,0,0.050900534,0.0,0.0,0.19301754236221313
YDR057W,YLR054C,0,0.05089505,0.0,0.0,0.193108469247818
YLR426W,YOR132W,0,0.049871154,0.0,0.0,0.19319938123226166
YCR045C,YGL027C,0,0.049748495,0.0,0.0,0.19329029321670532
YKR078W,YMR237W,0,0.049618423,0.0,0.0,0.19338122010231018
YNL190W,YAL056W,0,0.049616285,0.0,0.0,0.19347213208675385
YCL051W,YIL005W,0,0.049557522,0.0,0.0,0.1935630440711975
YAL015C,YIL068C,0,0.04952187,0.0,0.0,0.19365397095680237
YCR086W,YDL106C,0,0.04950116,0.0,0.0,0.19374488294124603
YGL045W,YHL007C,0,0.049241174,0.0,0.0,0.1938358098268509
YDR434W,YIL005W,0,0.04916732,0.0,0.0,0.19392672181129456
YDR434W,YOR158W,0,0.049010992,0.0,0.0,0.19401763379573822
YEL005C,YNR033W,0,0.0490012,0.0,0.0,0.19410856068134308
YGL061C,YMR153W,0,0.048844296,0.0,0.0,0.19419947266578674
YHR214W,YPL198W,0,0.048746053,0.0,0.0,0.1942903846502304
YDR427W,YJR041C,0,0.048580643,0.0,0.0,0.19438131153583527
YMR101C,YNL240C,0,0.04857265,0.0,0.0,0.19447222352027893
YKR100C,YPL145C,0,0.047992602,0.0,0.0,0.1945631355047226
YOR227W,YDR437W,0,0.047926158,0.0,0.0,0.19465406239032745
YBR153W,YLR293C,0,0.047535278,0.0,0.0,0.19474497437477112
YOR192C,YIL087C,0,0.047421284,0.0,0.0,0.19483590126037598
YHR111W,YDR284C,0,0.047230713,0.0,0.0,0.19492681324481964
YLL067C,YGR040W,0,0.04658392,0.0,0.0,0.1950177252292633
YBR119W,YPL156C,0,0.046375427,0.0,0.0,0.19510865211486816
YOL098C,YPL203W,0,0.046015054,0.0,0.0,0.19519956409931183
YLR362W,YOR127W,0,0.045817718,0.0,0.0,0.1952904760837555
YJL168C,YDL046W,0,0.04567899,0.0,0.0,0.19538140296936035
YNL167C,YKL197C,0,0.045648154,0.0,0.0,0.19547231495380402
YBL056W,YDR463W,0,0.045558646,0.0,0.0,0.19556322693824768
YKL039W,YDL117W,0,0.045460947,0.0,0.0,0.19565415382385254
YNR037C,YML082W,0,0.04503438,0.0,0.0,0.1957450658082962
YDR043C,YNL119W,0,0.0447962,0.0,0.0,0.19583597779273987
YFR010W,YIL014W,0,0.044688433,0.0,0.0,0.19592690467834473
YOR371C,YOR212W,0,0.044642407,0.0,0.0,0.1960178166627884
YDL160C,YKL149C,0,0.04455687,0.0,0.0,0.19610874354839325
YMR226C,YLR247C,0,0.043971978,0.0,0.0,0.19619965553283691
YPL013C,YBL005W,0,0.043903843,0.0,0.0,0.19629056751728058
YPL140C,YNL180C,0,0.043897893,0.0,0.0,0.19638149440288544
YPR008W,YGL085W,0,0.043698877,0.0,0.0,0.1964724063873291
YPR131C,YHR190W,0,0.043510973,0.0,0.0,0.19656331837177277
YDR103W,YDR379W,0,0.04346462,0.0,0.0,0.19665424525737762
YNL051W,YGL045W,0,0.043448582,0.0,0.0,0.1967451572418213
YJL212C,YNL181W,0,0.04310496,0.0,0.0,0.19683606922626495
YDL124W,YIL144W,0,0.042770732,0.0,0.0,0.1969269961118698
YIL156W,YAR033W,0,0.042705715,0.0,0.0,0.19701790809631348
YML127W,YLR092W,0,0.042531118,0.0,0.0,0.19710883498191833
YMR237W,YOL052C-A,0,0.041437075,0.0,0.0,0.197199746966362
YFR030W,YHL006C,0,0.04138412,0.0,0.0,0.19729065895080566
YGR099W,YKL029C,0,0.04124765,0.0,0.0,0.19738158583641052
YDL230W,YAL056W,0,0.041004866,0.0,0.0,0.1974724978208542
YDR148C,YNL161W,0,0.04045853,0.0,0.0,0.19756340980529785
YOR371C,YDR107C,0,0.040079877,0.0,0.0,0.1976543366909027
YPR068C,YGR044C,0,0.039915204,0.0,0.0,0.19774524867534637
YAL041W,YOR275C,0,0.03974939,0.0,0.0,0.19783616065979004
YDR100W,YLR409C,0,0.03945501,0.0,0.0,0.1979270875453949
YBR095C,YDL159W,0,0.039439842,0.0,0.0,0.19801799952983856
YIL098C,YNR019W,0,0.039416686,0.0,0.0,0.19810892641544342
YOR078W,YMR149W,0,0.039403737,0.0,0.0,0.19819983839988708
YOL116W,YLR229C,0,0.038989965,0.0,0.0,0.19829075038433075
YOL144W,YPR148C,0,0.038984727,0.0,0.0,0.1983816772699356
YCL064C,YML047C,0,0.038863406,0.0,0.0,0.19847258925437927
YBL038W,YOR172W,0,0.038678855,0.0,0.0,0.19856350123882294
YLR185W,YBR005W,0,0.038481697,0.0,0.0,0.1986544281244278
YMR048W,YOR113W,0,0.038461953,0.0,0.0,0.19874534010887146
YPL168W,YPL018W,0,0.038406346,0.0,0.0,0.19883625209331512
YLL018C,YKR052C,0,0.038397893,0.0,0.0,0.19892717897891998
YLR288C,YGR083C,0,0.038336817,0.0,0.0,0.19901809096336365
YGR181W,YGR253C,0,0.038176857,0.0,0.0,0.1991090029478073
YDR127W,YPR003C,0,0.038131543,0.0,0.0,0.19919992983341217
YPL115C,YDR190C,0,0.037630036,0.0,0.0,0.19929084181785583
YGR202C,YOR383C,0,0.03745544,0.0,0.0,0.1993817687034607
YJL089W,YHR111W,0,0.037362054,0.0,0.0,0.19947268068790436
YER167W,YOL095C,0,0.036796972,0.0,0.0,0.19956359267234802
YOR034C,YDL105W,0,0.03672003,0.0,0.0,0.19965451955795288
YMR261C,YOR158W,0,0.03664559,0.0,0.0,0.19974543154239655
YML016C,YOR109W,0,0.03656461,0.0,0.0,0.1998363435268402
YPL171C,YML102W,0,0.036494568,0.0,0.0,0.19992727041244507
YLR019W,YPL097W,0,0.036271535,0.0,0.0,0.20001818239688873
YHR120W,YDL076C,0,0.036123008,0.0,0.0,0.2001090943813324
YCR045C,YOR011W,0,0.03548247,0.0,0.0,0.20020002126693726
YDR468C,YMR237W,0,0.03540475,0.0,0.0,0.20029093325138092
YNL243W,YDR045C,0,0.0352879,0.0,0.0,0.20038186013698578
YDR213W,YHR037W,0,0.03516539,0.0,0.0,0.20047277212142944
YLL024C,YHL026C,0,0.03516098,0.0,0.0,0.2005636841058731
YHR108W,YFR014C,0,0.035087813,0.0,0.0,0.20065461099147797
YHR154W,YIL137C,0,0.034951318,0.0,0.0,0.20074552297592163
YDL124W,YLR360W,0,0.034945928,0.0,0.0,0.2008364349603653
YOL098C,YHR154W,0,0.03479947,0.0,0.0,0.20092736184597015
YFL011W,YDR301W,0,0.034545176,0.0,0.0,0.20101827383041382
YCR024C,YLR115W,0,0.034406938,0.0,0.0,0.20110918581485748
YLR167W,YLR299W,0,0.034190893,0.0,0.0,0.20120011270046234
YJR048W,YBR086C,0,0.034064043,0.0,0.0,0.201291024684906
YOR334W,YAL056W,0,0.03403082,0.0,0.0,0.20138193666934967
YOL098C,YKL006W,0,0.03398046,0.0,0.0,0.20147286355495453
YIL068C,YFR034C,0,0.033978984,0.0,0.0,0.2015637755393982
YLR362W,YOR080W,0,0.033919223,0.0,0.0,0.20165470242500305
YBR091C,YFR050C,0,0.03366086,0.0,0.0,0.20174561440944672
YER044C-A,YCL068C,0,0.03363547,0.0,0.0,0.20183652639389038
YIL064W,YDR135C,0,0.033303954,0.0,0.0,0.20192745327949524
YNL059C,YHR014W,0,0.03328166,0.0,0.0,0.2020183652639389
YBR065C,YOR272W,0,0.032944374,0.0,0.0,0.20210927724838257
YPR067W,YOL029C,0,0.03252638,0.0,0.0,0.20220020413398743
YIL036W,YER038C,0,0.03237117,0.0,0.0,0.2022911161184311
YIL008W,YER027C,0,0.03235222,0.0,0.0,0.20238202810287476
YHR009C,YPL179W,0,0.032302998,0.0,0.0,0.20247295498847961
YKL033W,YKL141W,0,0.032172382,0.0,0.0,0.20256386697292328
YDR545W,YPL076W,0,0.032148466,0.0,0.0,0.20265479385852814
YOR207C,YIL056W,0,0.031788595,0.0,0.0,0.2027457058429718
YOR275C,YHL007C,0,0.03175509,0.0,0.0,0.20283661782741547
YOR260W,YKL060C,0,0.031692043,0.0,0.0,0.20292754471302032
YDR427W,YOR319W,0,0.03146177,0.0,0.0,0.203018456697464
YGL096W,YML102W,0,0.03120258,0.0,0.0,0.20310936868190765
YLR039C,YLR007W,0,0.030796051,0.0,0.0,0.2032002955675125
YLL024C,YBR091C,0,0.030542746,0.0,0.0,0.20329120755195618
YMR274C,YIL033C,0,0.030335147,0.0,0.0,0.20338211953639984
YER179W,YPR161C,0,0.030139763,0.0,0.0,0.2034730464220047
YER063W,YKL039W,0,0.029970262,0.0,0.0,0.20356395840644836
YDL175C,YDR235W,0,0.029123846,0.0,0.0,0.20365487039089203
YDL100C,YLR263W,0,0.028860211,0.0,0.0,0.2037457972764969
YDR235W,YLR059C,0,0.028596908,0.0,0.0,0.20383670926094055
YOR319W,YOL061W,0,0.028569855,0.0,0.0,0.2039276361465454
YLR131C,YHR190W,0,0.028260417,0.0,0.0,0.20401854813098907
YHR037W,YNL216W,0,0.028230552,0.0,0.0,0.20410946011543274
YJL180C,YDR303C,0,0.027868792,0.0,0.0,0.2042003870010376
YER176W,YPR128C,0,0.02781663,0.0,0.0,0.20429129898548126
YLR052W,YLR056W,0,0.027749822,0.0,0.0,0.20438221096992493
YHR214W,YPL097W,0,0.027242187,0.0,0.0,0.20447313785552979
YDR235W,YNR037C,0,0.027102724,0.0,0.0,0.20456404983997345
YHR149C,YPR100W,0,0.02680235,0.0,0.0,0.20465496182441711
YGR193C,YOL061W,0,0.026591092,0.0,0.0,0.20474588871002197
YEL039C,YBL100W-B,0,0.026566237,0.0,0.0,0.20483680069446564
YER005W,YHL026C,0,0.026524268,0.0,0.0,0.2049277275800705
YHR073W,YER167W,0,0.026169032,0.0,0.0,0.20501863956451416
YMR220W,YHL035C,0,0.026020078,0.0,0.0,0.20510955154895782
YPR148C,YPL076W,0,0.025430627,0.0,0.0,0.20520047843456268
YIL022W,YBR162C,0,0.025382876,0.0,0.0,0.20529139041900635
YOR018W,YDR412W,0,0.025183227,0.0,0.0,0.20538230240345
YIL064W,YDL119C,0,0.024074357,0.0,0.0,0.20547322928905487
YPR161C,YDR406W,0,0.023856387,0.0,0.0,0.20556414127349854
YIL075C,YKL014C,0,0.023246989,0.0,0.0,0.2056550532579422
YAL056W,YBR083W,0,0.023212355,0.0,0.0,0.20574598014354706
YGR057C,YIL167W,0,0.022954047,0.0,0.0,0.20583689212799072
YOR016C,YLR248W,0,0.022813257,0.0,0.0,0.20592781901359558
YBR153W,YDR437W,0,0.022407088,0.0,0.0,0.20601873099803925
YOL084W,YDR243C,0,0.02206944,0.0,0.0,0.2061096429824829
YGL028C,YDR039C,0,0.021634448,0.0,0.0,0.20620056986808777
YLR115W,YHR080C,0,0.021337964,0.0,0.0,0.20629148185253143
YKL069W,YPL040C,0,0.021226108,0.0,0.0,0.2063823938369751
YPL169C,YJL180C,0,0.021081045,0.0,0.0,0.20647332072257996
YEL051W,YPL178W,0,0.02083341,0.0,0.0,0.20656423270702362
YDL106C,YLR382C,0,0.02074824,0.0,0.0,0.20665514469146729
YBL016W,YLR083C,0,0.02069801,0.0,0.0,0.20674607157707214
YNL286W,YKL077W,0,0.020439789,0.0,0.0,0.2068369835615158
YCR018C,YNL055C,0,0.0202443,0.0,0.0,0.20692789554595947
YPR174C,YEL051W,0,0.019707223,0.0,0.0,0.20701882243156433
YHL007C,YPL049C,0,0.01954215,0.0,0.0,0.207109734416008
YNL076W,YDR406W,0,0.019522727,0.0,0.0,0.20720066130161285
YML133C,YNL081C,0,0.019412432,0.0,0.0,0.20729157328605652
YDR345C,YBR189W,0,0.01916349,0.0,0.0,0.20738248527050018
YHR009C,YLR263W,0,0.019136406,0.0,0.0,0.20747341215610504
YLR215C,YKL002W,0,0.019050345,0.0,0.0,0.2075643241405487
YDR213W,YKL063C,0,0.018999726,0.0,0.0,0.20765523612499237
YDR256C,YPR046W,0,0.018610504,0.0,0.0,0.20774616301059723
YDR098C,YJL096W,0,0.018528499,0.0,0.0,0.2078370749950409
YNL294C,YER027C,0,0.0185,0.0,0.0,0.20792798697948456
YER071C,YGL127C,0,0.0181223,0.0,0.0,0.20801891386508942
YJR108W,YBL091C,0,0.017966762,0.0,0.0,0.20810982584953308
YDL135C,YBL063W,0,0.017917328,0.0,0.0,0.20820075273513794
YKL138C,YKR072C,0,0.01789955,0.0,0.0,0.2082916647195816
YAL002W,YBR295W,0,0.017830309,0.0,0.0,0.20838257670402527
YPL203W,YHR084W,0,0.017577618,0.0,0.0,0.20847350358963013
YCR045C,YHR146W,0,0.01751123,0.0,0.0,0.2085644155740738
YER044C-A,YNL251C,0,0.01731028,0.0,0.0,0.20865532755851746
YOL055C,YER109C,0,0.017218545,0.0,0.0,0.20874625444412231
YMR274C,YMR322C,0,0.016846687,0.0,0.0,0.20883716642856598
YML023C,YDR025W,0,0.016752541,0.0,0.0,0.20892807841300964
YNL199C,YPR148C,0,0.016639277,0.0,0.0,0.2090190052986145
YER155C,YHR193C,0,0.016532267,0.0,0.0,0.20910991728305817
YLR362W,YDL159W,0,0.01647684,0.0,0.0,0.20920082926750183
YER072W,YNL288W,0,0.016274879,0.0,0.0,0.2092917561531067
YDR176W,YDR246W,0,0.016177483,0.0,0.0,0.20938266813755035
YML057W,YFL018W-A,0,0.016172122,0.0,0.0,0.2094735950231552
YJL110C,YGR030C,0,0.015753053,0.0,0.0,0.20956450700759888
YGR097W,YJL035C,0,0.015638124,0.0,0.0,0.20965541899204254
YKL054C,YPL193W,0,0.015480138,0.0,0.0,0.2097463458776474
YOR363C,YDR021W,0,0.015303094,0.0,0.0,0.20983725786209106
YMR316W,YOR275C,0,0.015188731,0.0,0.0,0.20992816984653473
YER108C,YOR127W,0,0.015174298,0.0,0.0,0.2100190967321396
YPL013C,YLR333C,0,0.014889094,0.0,0.0,0.21011000871658325
YGL104C,YOR119C,0,0.014597919,0.0,0.0,0.21020092070102692
YAL011W,YBR078W,0,0.01443037,0.0,0.0,0.21029184758663177
YPL105C,YPL235W,0,0.013792679,0.0,0.0,0.21038275957107544
YDR384C,YNL216W,0,0.01308611,0.0,0.0,0.2104736864566803
YOR191W,YBL031W,0,0.012919746,0.0,0.0,0.21056459844112396
YLR052W,YIL053W,0,0.012425877,0.0,0.0,0.21065551042556763
YNL183C,YEL048C,0,0.012391852,0.0,0.0,0.21074643731117249
YFR024C,YLR004C,0,0.012099132,0.0,0.0,0.21083734929561615
YHR205W,YGL142C,0,0.011778474,0.0,0.0,0.21092826128005981
YIL056W,YDR021W,0,0.011647567,0.0,0.0,0.21101918816566467
YFR024C-A,YNL123W,0,0.011185728,0.0,0.0,0.21111010015010834
YHR111W,YNL059C,0,0.011079907,0.0,0.0,0.211201012134552
YLR347C,YDR007W,0,0.01107767,0.0,0.0,0.21129193902015686
YGL028C,YIL167W,0,0.010869004,0.0,0.0,0.21138285100460052
YOR018W,YBL005W,0,0.010538623,0.0,0.0,0.2114737629890442
YGL208W,YHL007C,0,0.01047688,0.0,0.0,0.21156468987464905
YGL192W,YKL077W,0,0.010437001,0.0,0.0,0.2116556018590927
YDR235W,YNL068C,0,0.01040839,0.0,0.0,0.21174652874469757
YOL154W,YOL121C,0,0.010382347,0.0,0.0,0.21183744072914124
YOL069W,YBR003W,0,0.009531055,0.0,0.0,0.2119283527135849
YOL132W,YDR469W,0,0.008971319,0.0,0.0,0.21201927959918976
YLR249W,YNL081C,0,0.008952834,0.0,0.0,0.21211019158363342
YNL119W,YDR477W,0,0.008884551,0.0,0.0,0.2122011035680771
YLR085C,YIL087C,0,0.008571014,0.0,0.0,0.21229203045368195
YDR178W,YNR024W,0,0.008488089,0.0,0.0,0.2123829424381256
YLR362W,YNL119W,0,0.008437857,0.0,0.0,0.21247385442256927
YLR006C,YML016C,0,0.00792408,0.0,0.0,0.21256478130817413
YIL156W,YJL183W,0,0.00791961,0.0,0.0,0.2126556932926178
YGL189C,YGL087C,0,0.007871307,0.0,0.0,0.21274662017822266
YNL190W,YPR175W,0,0.007721965,0.0,0.0,0.21283753216266632
YPL141C,YOL076W,0,0.0077206083,0.0,0.0,0.21292844414710999
YKR064W,YKL063C,0,0.0075563267,0.0,0.0,0.21301937103271484
YIR004W,YDL046W,0,0.0075520165,0.0,0.0,0.2131102830171585
YPL280W,YLR056W,0,0.007480629,0.0,0.0,0.21320119500160217
YJL069C,YMR183C,0,0.0074529015,0.0,0.0,0.21329212188720703
YLR061W,YOL116W,0,0.0073881745,0.0,0.0,0.2133830338716507
YOR129C,YLR093C,0,0.0071522966,0.0,0.0,0.21347394585609436
YBR101C,YKR027W,0,0.007046748,0.0,0.0,0.21356487274169922
YPL133C,YOR253W,0,0.006807573,0.0,0.0,0.21365578472614288
YEL018W,YNL287W,0,0.0067557134,0.0,0.0,0.21374671161174774
YLR229C,YHR011W,0,0.0065158084,0.0,0.0,0.2138376235961914
YKL033W,YJL057C,0,0.0061713383,0.0,0.0,0.21392853558063507
YNL199C,YLR249W,0,0.0061473995,0.0,0.0,0.21401946246623993
YKL077W,YLR323C,0,0.0059089363,0.0,0.0,0.2141103744506836
YMR316W,YBR095C,0,0.005722508,0.0,0.0,0.21420128643512726
YER108C,YDR392W,0,0.005390537,0.0,0.0,0.21429221332073212
YGL025C,YPR046W,0,0.004932942,0.0,0.0,0.21438312530517578
YBR169C,YLR460C,0,0.004917003,0.0,0.0,0.21447403728961945
YOR258W,YBL051C,0,0.004698079,0.0,0.0,0.2145649641752243
YOR330C,YOR060C,0,0.0039030388,0.0,0.0,0.21465587615966797
YNL240C,YDL046W,0,0.0038301423,0.0,0.0,0.21474678814411163
YML092C,YDR135C,0,0.0038183257,0.0,0.0,0.2148377150297165
YMR059W,YGR120C,0,0.0037942752,0.0,0.0,0.21492862701416016
YPR097W,YPL156C,0,0.0036409497,0.0,0.0,0.21501955389976501
YLR239C,YBR169C,0,0.0034530386,0.0,0.0,0.21511046588420868
YHL017W,YCL054W,0,0.0033867508,0.0,0.0,0.21520137786865234
YOR372C,YMR153W,0,0.0031656325,0.0,0.0,0.2152923047542572
YGL025C,YOR335C,0,0.0030493997,0.0,0.0,0.21538321673870087
YGR212W,YOL126C,0,0.0030062273,0.0,0.0,0.21547412872314453
YOL116W,YJL089W,0,0.0030007064,0.0,0.0,0.2155650556087494
YPR068C,YKR099W,0,0.0029359683,0.0,0.0,0.21565596759319305
YAL048C,YHR113W,0,0.0028749183,0.0,0.0,0.21574687957763672
YLR333C,YJL173C,0,0.0028709471,0.0,0.0,0.21583780646324158
YNL123W,YGL240W,0,0.002729468,0.0,0.0,0.21592871844768524
YNL167C,YBL031W,0,0.0025418252,0.0,0.0,0.2160196453332901
YGR078C,YOR081C,0,0.002252534,0.0,0.0,0.21611055731773376
YBR043C,YFR010W,0,0.002140537,0.0,0.0,0.21620146930217743
YDR323C,YJL181W,0,0.001991123,0.0,0.0,0.2162923961877823
YCR035C,YMR237W,0,0.0018189782,0.0,0.0,0.21638330817222595
YBR254C,YLR150W,0,0.0016751438,0.0,0.0,0.21647422015666962
YBL063W,YER081W,0,0.0016134325,0.0,0.0,0.21656514704227448
YIL154C,YHR193C,0,0.0013334304,0.0,0.0,0.21665605902671814
YGR254W,YMR001C,0,0.001080066,0.0,0.0,0.2167469710111618
YOR156C,YDR412W,0,0.00065663457,0.0,0.0,0.21683789789676666
YNR048W,YBL038W,0,0.0006221216,0.0,0.0,0.21692880988121033
YKL052C,YGL144C,0,0.0006047096,0.0,0.0,0.217019721865654
YDR127W,YMR232W,0,0.00020061433,0.0,0.0,0.21711064875125885
YOR262W,YDR190C,0,6.466359e-05,0.0,0.0,0.21720156073570251
YOL042W,YIL030C,0,-0.0005615391,0.0,0.0,0.21729248762130737
YHR073W,YGL208W,0,-0.0008428544,0.0,0.0,0.21738339960575104
YML127W,YGR122W,0,-0.00096756965,0.0,0.0,0.2174743115901947
YLR059C,YHL025W,0,-0.0013547838,0.0,0.0,0.21756523847579956
YFR010W,YJR096W,0,-0.0014220029,0.0,0.0,0.21765615046024323
YGL115W,YER038C,0,-0.001625672,0.0,0.0,0.2177470624446869
YBL013W,YIL037C,0,-0.0021500876,0.0,0.0,0.21783798933029175
YKL016C,YIL144W,0,-0.0022198483,0.0,0.0,0.2179289013147354
YLL066C,YLR411W,0,-0.0023242831,0.0,0.0,0.21801981329917908
YKL197C,YGR044C,0,-0.0024054274,0.0,0.0,0.21811074018478394
YKL155C,YDR289C,0,-0.0027055964,0.0,0.0,0.2182016521692276
YDR201W,YLR442C,0,-0.0035738945,0.0,0.0,0.21829257905483246
YOR081C,YGL092W,0,-0.003604658,0.0,0.0,0.21838349103927612
YPR071W,YGL192W,0,-0.0037855878,0.0,0.0,0.2184744030237198
YIL019W,YPL198W,0,-0.0038814545,0.0,0.0,0.21856532990932465
YOR087W,YDR464W,0,-0.004054781,0.0,0.0,0.2186562418937683
YIL007C,YDL102W,0,-0.0041835383,0.0,0.0,0.21874715387821198
YHR214W,YLR067C,0,-0.004430577,0.0,0.0,0.21883808076381683
YDR469W,YOR359W,0,-0.0044340286,0.0,0.0,0.2189289927482605
YLR239C,YKR095W,0,-0.004506834,0.0,0.0,0.21901990473270416
YGL092W,YLL006W,0,-0.0046215802,0.0,0.0,0.21911083161830902
YCL029C,YLR067C,0,-0.0049529113,0.0,0.0,0.21920174360275269
YER005W,YKL040C,0,-0.0050885007,0.0,0.0,0.21929265558719635
YDR019C,YIL011W,0,-0.005293578,0.0,0.0,0.2193835824728012
YLL016W,YMR041C,0,-0.0054112077,0.0,0.0,0.21947449445724487
YMR081C,YDR398W,0,-0.005524099,0.0,0.0,0.21956542134284973
YGL045W,YER109C,0,-0.0058622323,0.0,0.0,0.2196563333272934
YBR208C,YBR146W,0,-0.00613337,0.0,0.0,0.21974724531173706
YHL017W,YCL048W,0,-0.006719781,0.0,0.0,0.21983817219734192
YKR100C,YML016C,0,-0.0070106536,0.0,0.0,0.21992908418178558
YDR500C,YHR158C,0,-0.0071781985,0.0,0.0,0.22001999616622925
YDR513W,YDR328C,0,-0.007899159,0.0,0.0,0.2201109230518341
YHR011W,YGL121C,0,-0.008117795,0.0,0.0,0.22020183503627777
YLR460C,YHR138C,0,-0.008163238,0.0,0.0,0.22029274702072144
YER113C,YGL046W,0,-0.008169886,0.0,0.0,0.2203836739063263
YDL113C,YDR165W,0,-0.008330911,0.0,0.0,0.22047458589076996
YLL018C,YHR202W,0,-0.008459641,0.0,0.0,0.22056551277637482
YPR071W,YGR044C,0,-0.008551974,0.0,0.0,0.22065642476081848
YJR108W,YLR409C,0,-0.008760989,0.0,0.0,0.22074733674526215
YHL031C,YKL196C,0,-0.008845389,0.0,0.0,0.220838263630867
YGL208W,YDR477W,0,-0.008984361,0.0,0.0,0.22092917561531067
YAL056W,YCR035C,0,-0.009140285,0.0,0.0,0.22102008759975433
YGL189C,YLL067C,0,-0.009533353,0.0,0.0,0.2211110144853592
YHR009C,YLL067C,0,-0.009673558,0.0,0.0,0.22120192646980286
YNL294C,YER113C,0,-0.009740561,0.0,0.0,0.22129283845424652
YMR076C,YOR358W,0,-0.010214707,0.0,0.0,0.22138376533985138
YKL026C,YIL148W,0,-0.010645062,0.0,0.0,0.22147467732429504
YLR451W,YPL239W,0,-0.010995023,0.0,0.0,0.2215656042098999
YBL087C,YNL240C,0,-0.011034012,0.0,0.0,0.22165651619434357
YER027C,YNL298W,0,-0.011246122,0.0,0.0,0.22174742817878723
YDR100W,YER005W,0,-0.011298455,0.0,0.0,0.2218383550643921
YLL026W,YBR109C,0,-0.011373684,0.0,0.0,0.22192926704883575
YLR315W,YOR172W,0,-0.011429857,0.0,0.0,0.22202017903327942
YKL191W,YBR005W,0,-0.011445846,0.0,0.0,0.22211110591888428
YHR150W,YBR146W,0,-0.011516724,0.0,0.0,0.22220201790332794
YLR426W,YNL247W,0,-0.01161655,0.0,0.0,0.2222929298877716
YML081W,YGL085W,0,-0.011747241,0.0,0.0,0.22238385677337646
YMR286W,YBL087C,0,-0.011814296,0.0,0.0,0.22247476875782013
YDR345C,YJR041C,0,-0.012084503,0.0,0.0,0.2225656807422638
YOR068C,YKL129C,0,-0.0121735,0.0,0.0,0.22265660762786865
YNL094W,YBL047C,0,-0.012462974,0.0,0.0,0.22274751961231232
YML016C,YNR055C,0,-0.0124641135,0.0,0.0,0.22283844649791718
YIL036W,YBR162W-A,0,-0.012476981,0.0,0.0,0.22292935848236084
YGL238W,YPL233W,0,-0.01262635,0.0,0.0,0.2230202704668045
YGL085W,YLR067C,0,-0.012904666,0.0,0.0,0.22311119735240936
YIL014W,YCR024C,0,-0.013016343,0.0,0.0,0.22320210933685303
YMR313C,YHR014W,0,-0.01303681,0.0,0.0,0.2232930213212967
YJR108W,YLR460C,0,-0.013038643,0.0,0.0,0.22338394820690155
YLR059C,YAL026C,0,-0.013051443,0.0,0.0,0.22347486019134521
YLR362W,YER113C,0,-0.013441186,0.0,0.0,0.22356577217578888
YGL121C,YDR379W,0,-0.013450205,0.0,0.0,0.22365669906139374
YCL005W-A,YOR383C,0,-0.013497282,0.0,0.0,0.2237476110458374
YJL181W,YHR090C,0,-0.013691757,0.0,0.0,0.22383853793144226
YDR127W,YDR468C,0,-0.013741866,0.0,0.0,0.22392944991588593
YFL049W,YDL046W,0,-0.013853505,0.0,0.0,0.2240203619003296
YOR045W,YBL035C,0,-0.01541852,0.0,0.0,0.22411128878593445
YPL116W,YOR241W,0,-0.015478842,0.0,0.0,0.2242022007703781
YER044C-A,YDR406W,0,-0.015589848,0.0,0.0,0.22429311275482178
YIL106W,YMR074C,0,-0.015680833,0.0,0.0,0.22438403964042664
YHR165C,YOR109W,0,-0.015823752,0.0,0.0,0.2244749516248703
YNL221C,YKL006C-A,0,-0.015860915,0.0,0.0,0.22456586360931396
YDL081C,YHL031C,0,-0.015952054,0.0,0.0,0.22465679049491882
YDR345C,YAR042W,0,-0.016417168,0.0,0.0,0.2247477024793625
YDR227W,YDR188W,0,-0.016564347,0.0,0.0,0.22483861446380615
YKL192C,YGR040W,0,-0.0166156,0.0,0.0,0.224929541349411
YLR017W,YPL239W,0,-0.016619086,0.0,0.0,0.22502045333385468
YPL115C,YPR046W,0,-0.01678162,0.0,0.0,0.22511138021945953
YDL035C,YHR084W,0,-0.016962439,0.0,0.0,0.2252022922039032
YGL243W,YOR109W,0,-0.016974613,0.0,0.0,0.22529320418834686
YPL100W,YML082W,0,-0.01713389,0.0,0.0,0.22538413107395172
YDR397C,YHL050C,0,-0.017603837,0.0,0.0,0.22547504305839539
YBR038W,YAL051W,0,-0.01760472,0.0,0.0,0.22556595504283905
YOR080W,YDR480W,0,-0.017608806,0.0,0.0,0.2256568819284439
YGR212W,YOR113W,0,-0.01763089,0.0,0.0,0.22574779391288757
YPL105C,YLR115W,0,-0.017642938,0.0,0.0,0.22583870589733124
YGL027C,YJL216C,0,-0.017654732,0.0,0.0,0.2259296327829361
YGL053W,YPR174C,0,-0.017861523,0.0,0.0,0.22602054476737976
YDL098C,YOR319W,0,-0.018066928,0.0,0.0,0.22611147165298462
YGL073W,YNL180C,0,-0.018331096,0.0,0.0,0.22620238363742828
YGL167C,YLR220W,0,-0.018439077,0.0,0.0,0.22629329562187195
YDL035C,YHR073W,0,-0.018542524,0.0,0.0,0.2263842225074768
YML004C,YNL024C,0,-0.019354437,0.0,0.0,0.22647513449192047
YIL008W,YOR371C,0,-0.019395351,0.0,0.0,0.22656604647636414
YLR377C,YIL008W,0,-0.019396096,0.0,0.0,0.226656973361969
YDR041W,YGR120C,0,-0.019696366,0.0,0.0,0.22674788534641266
YNL194C,YPL010W,0,-0.019791739,0.0,0.0,0.22683879733085632
YKL069W,YKL029C,0,-0.01988361,0.0,0.0,0.22692972421646118
YNL056W,YBL013W,0,-0.019988403,0.0,0.0,0.22702063620090485
YPL001W,YDR513W,0,-0.02017717,0.0,0.0,0.2271115481853485
YFL026W,YIL173W,0,-0.020673424,0.0,0.0,0.22720247507095337
YNL183C,YDL117W,0,-0.020796843,0.0,0.0,0.22729338705539703
YDR078C,YGR260W,0,-0.020970136,0.0,0.0,0.2273843139410019
YHR146W,YMR262W,0,-0.02112385,0.0,0.0,0.22747522592544556
YLR223C,YFL011W,0,-0.021597734,0.0,0.0,0.22756613790988922
YNL076W,YHL025W,0,-0.021715403,0.0,0.0,0.22765706479549408
YJL173C,YLR263W,0,-0.021942012,0.0,0.0,0.22774797677993774
YDR145W,YMR261C,0,-0.021949522,0.0,0.0,0.2278388887643814
YDR350C,YPL049C,0,-0.02206818,0.0,0.0,0.22792981564998627
YCR105W,YPR086W,0,-0.022149451,0.0,0.0,0.22802072763442993
YCR086W,YLL053C,0,-0.02251751,0.0,0.0,0.2281116396188736
YDL035C,YNL197C,0,-0.023028582,0.0,0.0,0.22820256650447845
YHR114W,YJR096W,0,-0.023144007,0.0,0.0,0.22829347848892212
YER142C,YNL041C,0,-0.023153089,0.0,0.0,0.22838440537452698
YEL020W-A,YGR178C,0,-0.024409562,0.0,0.0,0.22847531735897064
YJL186W,YMR322C,0,-0.024525777,0.0,0.0,0.2285662293434143
YKR078W,YLR345W,0,-0.024589773,0.0,0.0,0.22865715622901917
YHR037W,YBR028C,0,-0.024878241,0.0,0.0,0.22874806821346283
YJL026W,YNR033W,0,-0.025170147,0.0,0.0,0.2288389801979065
YGR204W,YLL016W,0,-0.025328433,0.0,0.0,0.22892990708351135
YOR380W,YKL079W,0,-0.025574055,0.0,0.0,0.22902081906795502
YER177W,YCR091W,0,-0.025642797,0.0,0.0,0.22911173105239868
YJR102C,YPR174C,0,-0.025878277,0.0,0.0,0.22920265793800354
YBR162W-A,YBR112C,0,-0.02594486,0.0,0.0,0.2292935699224472
YKL045W,YLR093C,0,-0.02644517,0.0,0.0,0.22938449680805206
YGR046W,YPL076W,0,-0.026597664,0.0,0.0,0.22947540879249573
YIL053W,YGR044C,0,-0.026744999,0.0,0.0,0.2295663207769394
YGL189C,YNL048W,0,-0.0267481,0.0,0.0,0.22965724766254425
YDR367W,YDR365C,0,-0.026767023,0.0,0.0,0.22974815964698792
YGR254W,YNR024W,0,-0.026767999,0.0,0.0,0.22983907163143158
YDR108W,YGL226W,0,-0.026834872,0.0,0.0,0.22992999851703644
YMR243C,YKL081W,0,-0.026842922,0.0,0.0,0.2300209105014801
YDL035C,YOR275C,0,-0.027283028,0.0,0.0,0.23011182248592377
YHR158C,YGR083C,0,-0.027350705,0.0,0.0,0.23020274937152863
YOL116W,YPL161C,0,-0.027743757,0.0,0.0,0.2302936613559723
YGL045W,YBR095C,0,-0.028116938,0.0,0.0,0.23038457334041595
YER027C,YAL041W,0,-0.028148852,0.0,0.0,0.2304755002260208
YGR046W,YOR068C,0,-0.028242249,0.0,0.0,0.23056641221046448
YOR016C,YJL096W,0,-0.028280433,0.0,0.0,0.23065733909606934
YIL156W,YDL134C,0,-0.02829218,0.0,0.0,0.230748251080513
YMR313C,YGR138C,0,-0.028379004,0.0,0.0,0.23083916306495667
YOL126C,YOR172W,0,-0.028383575,0.0,0.0,0.23093008995056152
YDR407C,YDR284C,0,-0.028491542,0.0,0.0,0.2310210019350052
YGR017W,YNL123W,0,-0.028535932,0.0,0.0,0.23111191391944885
YOR002W,YOL096C,0,-0.028652579,0.0,0.0,0.2312028408050537
YPR173C,YNL065W,0,-0.029450644,0.0,0.0,0.23129375278949738
YDR243C,YPL168W,0,-0.029480994,0.0,0.0,0.23138466477394104
YOL116W,YER108C,0,-0.029528914,0.0,0.0,0.2314755916595459
YNL294C,YBR095C,0,-0.029566385,0.0,0.0,0.23156650364398956
YPR010C,YKR095W,0,-0.029592358,0.0,0.0,0.23165743052959442
YGL070C,YBR065C,0,-0.029598072,0.0,0.0,0.23174834251403809
YOL055C,YDR179C,0,-0.029763602,0.0,0.0,0.23183925449848175
YCL068C,YMR131C,0,-0.029884323,0.0,0.0,0.2319301813840866
YNL197C,YIR019C,0,-0.030465465,0.0,0.0,0.23202109336853027
YFR024C-A,YOL029C,0,-0.03070792,0.0,0.0,0.23211200535297394
YBL016W,YNL294C,0,-0.030873522,0.0,0.0,0.2322029322385788
YHR139C,YDR080W,0,-0.031114891,0.0,0.0,0.23229384422302246
YHR024C,YDL145C,0,-0.031203888,0.0,0.0,0.23238475620746613
YBR090C-A,YIL018W,0,-0.031429537,0.0,0.0,0.23247568309307098
YLL067C,YKL080W,0,-0.03147686,0.0,0.0,0.23256659507751465
YNL197C,YMR116C,0,-0.031688206,0.0,0.0,0.2326575070619583
YPL001W,YER143W,0,-0.031737246,0.0,0.0,0.23274843394756317
YJR073C,YJL196C,0,-0.031740356,0.0,0.0,0.23283934593200684
YPL207W,YLR190W,0,-0.03195005,0.0,0.0,0.2329302728176117
YNL194C,YNL038W,0,-0.03206501,0.0,0.0,0.23302118480205536
YCL029C,YDR150W,0,-0.032442793,0.0,0.0,0.23311209678649902
YNL286W,YDR276C,0,-0.032620315,0.0,0.0,0.23320302367210388
YDR325W,YPL224C,0,-0.03269814,0.0,0.0,0.23329393565654755
YGR017W,YOR357C,0,-0.032978628,0.0,0.0,0.2333848476409912
YNL294C,YDR103W,0,-0.033148125,0.0,0.0,0.23347577452659607
YJR120W,YOL096C,0,-0.033229,0.0,0.0,0.23356668651103973
YPR161C,YDL093W,0,-0.03328082,0.0,0.0,0.2336575984954834
YOL020W,YNL317W,0,-0.033579364,0.0,0.0,0.23374852538108826
YNL243W,YBL051C,0,-0.03370135,0.0,0.0,0.23383943736553192
YHR111W,YKL197C,0,-0.03388121,0.0,0.0,0.23393036425113678
YBL035C,YKR034W,0,-0.03393827,0.0,0.0,0.23402127623558044
YJL186W,YCR024C,0,-0.034089383,0.0,0.0,0.2341121882200241
YLR193C,YKR064W,0,-0.03418669,0.0,0.0,0.23420311510562897
YAR033W,YMR220W,0,-0.03424041,0.0,0.0,0.23429402709007263
YJL183W,YIL120W,0,-0.034596816,0.0,0.0,0.2343849390745163
YGR007W,YML031W,0,-0.034833126,0.0,0.0,0.23447586596012115
YDR392W,YMR116C,0,-0.035090372,0.0,0.0,0.23456677794456482
YLR324W,YKL006W,0,-0.035156,0.0,0.0,0.23465768992900848
YMR081C,YCL016C,0,-0.03519072,0.0,0.0,0.23474861681461334
YJR049C,YGL219C,0,-0.03525105,0.0,0.0,0.234839528799057
YDR176W,YCL001W,0,-0.035405304,0.0,0.0,0.23493044078350067
YMR274C,YGR165W,0,-0.0357327,0.0,0.0,0.23502136766910553
YDR441C,YIR031C,0,-0.03594157,0.0,0.0,0.2351122796535492
YER005W,YGL111W,0,-0.03598359,0.0,0.0,0.23520320653915405
YDL247W,YBR248C,0,-0.03632301,0.0,0.0,0.23529411852359772
YGR244C,YHR170W,0,-0.03637311,0.0,0.0,0.23538503050804138
YHR084W,YOR275C,0,-0.03692612,0.0,0.0,0.23547595739364624
YPR037C,YML013W,0,-0.037039734,0.0,0.0,0.2355668693780899
YIL022W,YAL026C,0,-0.037309177,0.0,0.0,0.23565778136253357
YDR256C,YDR439W,0,-0.037506875,0.0,0.0,0.23574870824813843
YDL024C,YMR116C,0,-0.037829474,0.0,0.0,0.2358396202325821
YJR120W,YKR049C,0,-0.03784836,0.0,0.0,0.23593053221702576
YBR038W,YDR367W,0,-0.037874423,0.0,0.0,0.23602145910263062
YKR100C,YLL006W,0,-0.037948657,0.0,0.0,0.23611237108707428
YCL068C,YER032W,0,-0.03800044,0.0,0.0,0.23620329797267914
YLR011W,YNL068C,0,-0.03803815,0.0,0.0,0.2362942099571228
YFR031C-A,YJL057C,0,-0.03804474,0.0,0.0,0.23638512194156647
YLR411W,YKR007W,0,-0.038203113,0.0,0.0,0.23647604882717133
YFL061W,YBR003W,0,-0.038250253,0.0,0.0,0.236566960811615
YHR204W,YLR058C,0,-0.038666382,0.0,0.0,0.23665787279605865
YDR367W,YHR193C,0,-0.03879229,0.0,0.0,0.2367487996816635
YKR088C,YDR040C,0,-0.03879656,0.0,0.0,0.23683971166610718
YOR177C,YDR201W,0,-0.038819205,0.0,0.0,0.23693062365055084
YDR367W,YDR430C,0,-0.038863413,0.0,0.0,0.2370215505361557
YKR078W,YCR024C,0,-0.03891749,0.0,0.0,0.23711246252059937
YLR284C,YBL051C,0,-0.038928285,0.0,0.0,0.23720338940620422
YDL091C,YMR232W,0,-0.038935132,0.0,0.0,0.2372943013906479
YOR380W,YKL138C,0,-0.038969245,0.0,0.0,0.23738521337509155
YGR254W,YJL216C,0,-0.038987085,0.0,0.0,0.2374761402606964
YIL119C,YBR146W,0,-0.03925283,0.0,0.0,0.23756705224514008
YGL087C,YKL058W,0,-0.039303087,0.0,0.0,0.23765796422958374
YGL243W,YCR024C,0,-0.039567627,0.0,0.0,0.2377488911151886
YIL119C,YJR109C,0,-0.04012633,0.0,0.0,0.23783980309963226
YGL104C,YHR133C,0,-0.040131755,0.0,0.0,0.23793071508407593
YKR007W,YNL111C,0,-0.040159017,0.0,0.0,0.2380216419696808
YIL008W,YCL067C,0,-0.040176928,0.0,0.0,0.23811255395412445
YHR111W,YEL051W,0,-0.040184274,0.0,0.0,0.23820346593856812
YMR048W,YMR050C,0,-0.04026078,0.0,0.0,0.23829439282417297
YPR134W,YJL197W,0,-0.040263064,0.0,0.0,0.23838530480861664
YDR190C,YCL039W,0,-0.04029788,0.0,0.0,0.2384762316942215
YNL328C,YIL096C,0,-0.04031654,0.0,0.0,0.23856714367866516
YFR040W,YCL012W,0,-0.040548246,0.0,0.0,0.23865805566310883
YKL033W,YLR333C,0,-0.040690184,0.0,0.0,0.23874898254871368
YJL045W,YDR176W,0,-0.040748794,0.0,0.0,0.23883989453315735
YKL039W,YHL006C,0,-0.040935144,0.0,0.0,0.238930806517601
YKL016C,YOL012C,0,-0.040987864,0.0,0.0,0.23902173340320587
YCR024C,YOR011W,0,-0.041279536,0.0,0.0,0.23911264538764954
YIL106W,YER155C,0,-0.04129995,0.0,0.0,0.2392035573720932
YNL221C,YER023W,0,-0.041671693,0.0,0.0,0.23929448425769806
YOR273C,YHR079C-B,0,-0.04182266,0.0,0.0,0.23938539624214172
YHR084W,YNL298W,0,-0.041924246,0.0,0.0,0.23947632312774658
YDR092W,YDR276C,0,-0.04224886,0.0,0.0,0.23956723511219025
YIL107C,YGR129W,0,-0.042850737,0.0,0.0,0.2396581470966339
YDR328C,YLR299W,0,-0.042931497,0.0,0.0,0.23974907398223877
YDR092W,YBR131W,0,-0.043142885,0.0,0.0,0.23983998596668243
YJL012C,YKL155C,0,-0.043362096,0.0,0.0,0.2399308979511261
YNL263C,YBR301W,0,-0.043401822,0.0,0.0,0.24002182483673096
YGL121C,YOR212W,0,-0.04376319,0.0,0.0,0.24011273682117462
YOR227W,YMR133W,0,-0.043941364,0.0,0.0,0.2402036488056183
YDL139C,YER015W,0,-0.04395441,0.0,0.0,0.24029457569122314
YMR234W,YLL053C,0,-0.04424324,0.0,0.0,0.2403854876756668
YOR330C,YMR074C,0,-0.04461018,0.0,0.0,0.24047639966011047
YGL121C,YDL159W,0,-0.044786442,0.0,0.0,0.24056732654571533
YOR018W,YDR075W,0,-0.044888034,0.0,0.0,0.240658238530159
YNL164C,YLL053C,0,-0.045482744,0.0,0.0,0.24074916541576385
YGL005C,YER071C,0,-0.045624956,0.0,0.0,0.24084007740020752
YLR324W,YDR092W,0,-0.04573287,0.0,0.0,0.24093098938465118
YHL038C,YDR273W,0,-0.04579579,0.0,0.0,0.24102191627025604
YIL106W,YLL018C-A,0,-0.046236247,0.0,0.0,0.2411128282546997
YDR107C,YMR316W,0,-0.046364017,0.0,0.0,0.24120374023914337
YIL096C,YPL063W,0,-0.046560936,0.0,0.0,0.24129466712474823
YPL198W,YLL057C,0,-0.046590447,0.0,0.0,0.2413855791091919
YJL110C,YMR322C,0,-0.04666494,0.0,0.0,0.24147649109363556
YKL134C,YDL102W,0,-0.046893485,0.0,0.0,0.24156741797924042
YGL115W,YNL247W,0,-0.04711605,0.0,0.0,0.24165832996368408
YDR427W,YGL016W,0,-0.047259815,0.0,0.0,0.24174925684928894
YDR482C,YJR027W,0,-0.04728768,0.0,0.0,0.2418401688337326
YER071C,YDL211C,0,-0.047333058,0.0,0.0,0.24193108081817627
YDR041W,YDL102W,0,-0.04753714,0.0,0.0,0.24202200770378113
YDR107C,YNL119W,0,-0.047537394,0.0,0.0,0.2421129196882248
YNL250W,YCL016C,0,-0.047662154,0.0,0.0,0.24220383167266846
YJL012C,YOR065W,0,-0.04766287,0.0,0.0,0.24229475855827332
YPL105C,YPL004C,0,-0.04772666,0.0,0.0,0.24238567054271698
YML023C,YDR287W,0,-0.047737807,0.0,0.0,0.24247658252716064
YHL038C,YBR028C,0,-0.04860554,0.0,0.0,0.2425675094127655
YBL056W,YGL196W,0,-0.04860616,0.0,0.0,0.24265842139720917
YLR361C,YPR174C,0,-0.048738204,0.0,0.0,0.24274934828281403
YGL045W,YBR083W,0,-0.048869103,0.0,0.0,0.2428402602672577
YOL132W,YDR246W,0,-0.049324863,0.0,0.0,0.24293117225170135
YOR016C,YLR277C,0,-0.04937791,0.0,0.0,0.2430220991373062
YFR024C,YGR004W,0,-0.049529284,0.0,0.0,0.24311301112174988
YOR080W,YDR379W,0,-0.04964076,0.0,0.0,0.24320392310619354
YCL051W,YDR234W,0,-0.050022915,0.0,0.0,0.2432948499917984
YAR042W,YJL196C,0,-0.050045744,0.0,0.0,0.24338576197624207
YPL120W,YNR055C,0,-0.050079823,0.0,0.0,0.24347667396068573
YKL141W,YIL069C,0,-0.050206125,0.0,0.0,0.2435676008462906
YML092C,YPR071W,0,-0.050700568,0.0,0.0,0.24365851283073425
YGR005C,YER127W,0,-0.050789177,0.0,0.0,0.24374942481517792
YOR363C,YHR090C,0,-0.050979555,0.0,0.0,0.24384035170078278
YMR048W,YHL028W,0,-0.051122274,0.0,0.0,0.24393126368522644
YDR160W,YGL238W,0,-0.05127702,0.0,0.0,0.2440221905708313
YJL186W,YDR041W,0,-0.051313087,0.0,0.0,0.24411310255527496
YMR286W,YJR054W,0,-0.05134835,0.0,0.0,0.24420401453971863
YDR188W,YAL030W,0,-0.051390123,0.0,0.0,0.2442949414253235
YPL120W,YOL144W,0,-0.051432855,0.0,0.0,0.24438585340976715
YGR235C,YBR049C,0,-0.051444948,0.0,0.0,0.24447676539421082
YLR004C,YOL084W,0,-0.051475275,0.0,0.0,0.24456769227981567
YLR059C,YPL176C,0,-0.05147913,0.0,0.0,0.24465860426425934
YLR093C,YDR080W,0,-0.051480174,0.0,0.0,0.244749516248703
YPL105C,YLR337C,0,-0.051496312,0.0,0.0,0.24484044313430786
YNL183C,YPR114W,0,-0.051526528,0.0,0.0,0.24493135511875153
YDR100W,YDL076C,0,-0.051657405,0.0,0.0,0.24502228200435638
YOR275C,YPL049C,0,-0.051989637,0.0,0.0,0.24511319398880005
YBR131W,YHR138C,0,-0.052005157,0.0,0.0,0.2452041059732437
YKL132C,YDL018C,0,-0.052118666,0.0,0.0,0.24529503285884857
YIL147C,YLL014W,0,-0.052194625,0.0,0.0,0.24538594484329224
YHR103W,YOL069W,0,-0.0524526,0.0,0.0,0.2454768568277359
YLR167W,YOL086W-A,0,-0.052581772,0.0,0.0,0.24556778371334076
YLR288C,YNL118C,0,-0.052772664,0.0,0.0,0.24565869569778442
YBR279W,YML004C,0,-0.05294387,0.0,0.0,0.2457496076822281
YMR242C,YLR352W,0,-0.053120516,0.0,0.0,0.24584053456783295
YIL106W,YOL076W,0,-0.05315341,0.0,0.0,0.2459314465522766
YOR157C,YPR120C,0,-0.05324654,0.0,0.0,0.24602235853672028
YPR100W,YBR094W,0,-0.053478897,0.0,0.0,0.24611328542232513
YLR426W,YPR120C,0,-0.053484473,0.0,0.0,0.2462041974067688
YNL250W,YDL243C,0,-0.05363816,0.0,0.0,0.24629512429237366
YER031C,YOL132W,0,-0.05385436,0.0,0.0,0.24638603627681732
YBR162W-A,YER109C,0,-0.053940654,0.0,0.0,0.246476948261261
YOR262W,YBR049C,0,-0.05394578,0.0,0.0,0.24656787514686584
YML059C,YBR254C,0,-0.054024123,0.0,0.0,0.2466587871313095
YGL104C,YGL129C,0,-0.054121688,0.0,0.0,0.24674969911575317
YBR003W,YER060W-A,0,-0.054268148,0.0,0.0,0.24684062600135803
YDR087C,YIL062C,0,-0.05453457,0.0,0.0,0.2469315379858017
YKL194C,YGL240W,0,-0.05468276,0.0,0.0,0.24702244997024536
YBR095C,YHR111W,0,-0.054699972,0.0,0.0,0.24711337685585022
YDR092W,YDR439W,0,-0.054809775,0.0,0.0,0.24720428884029388
YPL171C,YPL036W,0,-0.05514057,0.0,0.0,0.24729521572589874
YKL060C,YGR138C,0,-0.055421144,0.0,0.0,0.2473861277103424
YBR066C,YAL056W,0,-0.055480883,0.0,0.0,0.24747703969478607
YKR075C,YGR122W,0,-0.055595122,0.0,0.0,0.24756796658039093
YLR259C,YBL072C,0,-0.055678695,0.0,0.0,0.2476588785648346
YLL026W,YHR214W,0,-0.055700317,0.0,0.0,0.24774979054927826
YDR392W,YNL197C,0,-0.05579333,0.0,0.0,0.24784071743488312
YER177W,YHR214W,0,-0.05579655,0.0,0.0,0.24793162941932678
YEL005C,YGL076C,0,-0.055940665,0.0,0.0,0.24802254140377045
YPR106W,YBR218C,0,-0.056263033,0.0,0.0,0.2481134682893753
YLR293C,YFL005W,0,-0.056478605,0.0,0.0,0.24820438027381897
YBR130C,YPL063W,0,-0.056539617,0.0,0.0,0.24829529225826263
YBR153W,YHL050C,0,-0.057052724,0.0,0.0,0.2483862191438675
YIL038C,YPR131C,0,-0.057298087,0.0,0.0,0.24847713112831116
YGR138C,YEL044W,0,-0.057338644,0.0,0.0,0.24856805801391602
YNL173C,YPL210C,0,-0.05744244,0.0,0.0,0.24865896999835968
YDL106C,YNL111C,0,-0.05746717,0.0,0.0,0.24874988198280334
YKR053C,YDR528W,0,-0.057912618,0.0,0.0,0.2488408088684082
YBR016W,YHR080C,0,-0.05796037,0.0,0.0,0.24893172085285187
YLR017W,YFR038W,0,-0.058270704,0.0,0.0,0.24902263283729553
YML081W,YMR101C,0,-0.058584213,0.0,0.0,0.2491135597229004
YDR437W,YGR260W,0,-0.058632273,0.0,0.0,0.24920447170734406
YDR178W,YER060W,0,-0.05863579,0.0,0.0,0.24929538369178772
YKR053C,YOR156C,0,-0.059136763,0.0,0.0,0.24938631057739258
YPL203W,YOR371C,0,-0.059221074,0.0,0.0,0.24947722256183624
YDR280W,YPL156C,0,-0.059238903,0.0,0.0,0.2495681494474411
YIL036W,YLR313C,0,-0.059255667,0.0,0.0,0.24965906143188477
YIL030C,YMR158W,0,-0.05963169,0.0,0.0,0.24974997341632843
YPL225W,YER159C,0,-0.05979462,0.0,0.0,0.2498409003019333
YPR106W,YIL120W,0,-0.05989911,0.0,0.0,0.24993181228637695
YOR087W,YDL235C,0,-0.060077272,0.0,0.0,0.2500227391719818
YMR192W,YLR324W,0,-0.060321502,0.0,0.0,0.2501136362552643
YJL078C,YDR386W,0,-0.060447644,0.0,0.0,0.25020456314086914
YLR131C,YLR442C,0,-0.060594905,0.0,0.0,0.250295490026474
YIL008W,YGL121C,0,-0.06078957,0.0,0.0,0.25038638710975647
YDR175C,YLL014W,0,-0.060915098,0.0,0.0,0.25047731399536133
YBR085W,YBR015C,0,-0.060986597,0.0,0.0,0.2505682408809662
YDR375C,YGL076C,0,-0.0610255,0.0,0.0,0.25065913796424866
YMR261C,YDR188W,0,-0.061287284,0.0,0.0,0.2507500648498535
YBR086C,YCL016C,0,-0.061429054,0.0,0.0,0.2508409917354584
YGR202C,YCR063W,0,-0.061543122,0.0,0.0,0.25093188881874084
YDL100C,YLR417W,0,-0.061552826,0.0,0.0,0.2510228157043457
YHR210C,YEL001C,0,-0.061768923,0.0,0.0,0.25111374258995056
YCR031C,YLR037C,0,-0.0617861,0.0,0.0,0.2512046694755554
YKL062W,YJR042W,0,-0.061888754,0.0,0.0,0.2512955665588379
YNL298W,YHL007C,0,-0.061904162,0.0,0.0,0.25138649344444275
YBR130C,YFR030W,0,-0.062462695,0.0,0.0,0.2514774203300476
YMR053C,YER072W,0,-0.06251773,0.0,0.0,0.2515683174133301
YLR426W,YOR004W,0,-0.062589414,0.0,0.0,0.25165924429893494
YMR274C,YLL053C,0,-0.06272837,0.0,0.0,0.2517501711845398
YLL066C,YPL076W,0,-0.06321981,0.0,0.0,0.25184106826782227
YGR212W,YLR382C,0,-0.06357416,0.0,0.0,0.2519319951534271
YMR158W,YKL060C,0,-0.06387751,0.0,0.0,0.252022922039032
YGL195W,YGL198W,0,-0.06423434,0.0,0.0,0.25211381912231445
YHR158C,YBR180W,0,-0.06450133,0.0,0.0,0.2522047460079193
YPL126W,YKL145W,0,-0.064589396,0.0,0.0,0.25229567289352417
YMR230W,YDL046W,0,-0.064617224,0.0,0.0,0.25238656997680664
YOL029C,YLR288C,0,-0.06481454,0.0,0.0,0.2524774968624115
YKR089C,YKR077W,0,-0.06511471,0.0,0.0,0.25256842374801636
YDR309C,YKL155C,0,-0.06513469,0.0,0.0,0.25265932083129883
YDL189W,YDR545W,0,-0.065353245,0.0,0.0,0.2527502477169037
YHR088W,YOR330C,0,-0.0656381,0.0,0.0,0.25284117460250854
YBL016W,YHR073W,0,-0.06573781,0.0,0.0,0.252932071685791
YJR041C,YDR227W,0,-0.0659837,0.0,0.0,0.2530229985713959
YCL068C,YLR068W,0,-0.066034175,0.0,0.0,0.25311392545700073
YPL169C,YOL011W,0,-0.066156775,0.0,0.0,0.2532048225402832
YDR482C,YDR189W,0,-0.06644676,0.0,0.0,0.25329574942588806
YOR191W,YML133C,0,-0.06648092,0.0,0.0,0.2533866763114929
YMR001C,YPL097W,0,-0.06675317,0.0,0.0,0.2534776031970978
YDR235W,YNL181W,0,-0.06697329,0.0,0.0,0.25356850028038025
YKL026C,YHR158C,0,-0.06704862,0.0,0.0,0.2536594271659851
YNL294C,YLR060W,0,-0.06725292,0.0,0.0,0.25375035405158997
YNL137C,YMR055C,0,-0.067347735,0.0,0.0,0.25384125113487244
YKL054C,YGL129C,0,-0.067580596,0.0,0.0,0.2539321780204773
YDL003W,YKL110C,0,-0.06784147,0.0,0.0,0.25402310490608215
YNL176C,YHR014W,0,-0.068013206,0.0,0.0,0.2541140019893646
YMR274C,YFL049W,0,-0.06812483,0.0,0.0,0.2542049288749695
YML107C,YPL004C,0,-0.06860621,0.0,0.0,0.25429585576057434
YOR032C,YDL046W,0,-0.06861065,0.0,0.0,0.2543867528438568
YLR247C,YNL065W,0,-0.06867887,0.0,0.0,0.25447767972946167
YDL149W,YNL029C,0,-0.06874098,0.0,0.0,0.25456860661506653
YIL013C,YDR437W,0,-0.06890694,0.0,0.0,0.254659503698349
YHR088W,YDR111C,0,-0.069086954,0.0,0.0,0.25475043058395386
YOR080W,YHR084W,0,-0.06915986,0.0,0.0,0.2548413574695587
YBL087C,YKR100C,0,-0.069307014,0.0,0.0,0.2549322545528412
YDR098C,YAR009C,0,-0.06935441,0.0,0.0,0.25502318143844604
YOR080W,YGL046W,0,-0.06939822,0.0,0.0,0.2551141083240509
YDR204W,YOL121C,0,-0.06942947,0.0,0.0,0.2552050054073334
YAL056W,YDR480W,0,-0.06948964,0.0,0.0,0.25529593229293823
YKR075C,YFR050C,0,-0.069688044,0.0,0.0,0.2553868591785431
YGL189C,YHR080C,0,-0.06970613,0.0,0.0,0.25547775626182556
YER041W,YJL003W,0,-0.06971268,0.0,0.0,0.2555686831474304
YNL164C,YGL045W,0,-0.06995998,0.0,0.0,0.2556596100330353
YGR165W,YPL168W,0,-0.07005957,0.0,0.0,0.25575053691864014
YJL089W,YLR083C,0,-0.07013295,0.0,0.0,0.2558414340019226
YPR175W,YPR155C,0,-0.07014699,0.0,0.0,0.25593236088752747
YDL159W,YGR040W,0,-0.07025442,0.0,0.0,0.2560232877731323
YDR469W,YNL288W,0,-0.07072443,0.0,0.0,0.2561141848564148
YOR049C,YER040W,0,-0.070750505,0.0,0.0,0.25620511174201965
YMR175W,YLR167W,0,-0.07098512,0.0,0.0,0.2562960386276245
YLL018C,YDL223C,0,-0.0710258,0.0,0.0,0.256386935710907
YOR258W,YBR131W,0,-0.07131994,0.0,0.0,0.25647786259651184
YIL106W,YOR172W,0,-0.07136018,0.0,0.0,0.2565687894821167
YDR023W,YKL060C,0,-0.071433455,0.0,0.0,0.25665968656539917
YBL035C,YDR407C,0,-0.07146849,0.0,0.0,0.25675061345100403
YCL029C,YDR100W,0,-0.071499236,0.0,0.0,0.2568415403366089
YIL075C,YIL144W,0,-0.07158775,0.0,0.0,0.25693243741989136
YDR513W,YKR064W,0,-0.07162463,0.0,0.0,0.2570233643054962
YLR017W,YPL173W,0,-0.07170653,0.0,0.0,0.2571142911911011
YCL051W,YIL009W,0,-0.07183875,0.0,0.0,0.25720518827438354
YDL035C,YPL115C,0,-0.071953565,0.0,0.0,0.2572961151599884
YNL246W,YER129W,0,-0.072073504,0.0,0.0,0.25738704204559326
YOR193W,YNL038W,0,-0.07210843,0.0,0.0,0.25747793912887573
YMR232W,YGR080W,0,-0.07211673,0.0,0.0,0.2575688660144806
YLR417W,YMR153W,0,-0.072119534,0.0,0.0,0.25765979290008545
YOR027W,YDR395W,0,-0.07238263,0.0,0.0,0.2577506899833679
YAL007C,YKL063C,0,-0.072648965,0.0,0.0,0.2578416168689728
YOR016C,YJR117W,0,-0.07289375,0.0,0.0,0.25793254375457764
YLR426W,YML081W,0,-0.07310503,0.0,0.0,0.2580234706401825
YLR011W,YOL086W-A,0,-0.07316329,0.0,0.0,0.25811436772346497
YPL198W,YCL039W,0,-0.0732003,0.0,0.0,0.2582052946090698
YOR068C,YGR161C,0,-0.07322283,0.0,0.0,0.2582962214946747
YGR060W,YKR088C,0,-0.07361735,0.0,0.0,0.25838711857795715
YIL173W,YHR138C,0,-0.07380323,0.0,0.0,0.258478045463562
YLR083C,YOR275C,0,-0.07382573,0.0,0.0,0.25856897234916687
YPL221W,YEL027W,0,-0.07390184,0.0,0.0,0.25865986943244934
YFR024C-A,YDR430C,0,-0.074030444,0.0,0.0,0.2587507963180542
YHR073W,YNL076W,0,-0.07422147,0.0,0.0,0.25884172320365906
YLR239C,YNL240C,0,-0.07424805,0.0,0.0,0.25893262028694153
YDR129C,YDR317W,0,-0.07442601,0.0,0.0,0.2590235471725464
YDL113C,YGL027C,0,-0.0747294,0.0,0.0,0.25911447405815125
YOL042W,YNL111C,0,-0.07500163,0.0,0.0,0.2592053711414337
YDL175C,YEL027W,0,-0.075121775,0.0,0.0,0.2592962980270386
YDR367W,YLL018C-A,0,-0.07524754,0.0,0.0,0.25938722491264343
YCL044C,YPL168W,0,-0.07549146,0.0,0.0,0.2594781219959259
YGR142W,YNL216W,0,-0.07550314,0.0,0.0,0.25956904888153076
YOR065W,YHL011C,0,-0.07556294,0.0,0.0,0.2596599757671356
YIL147C,YNL287W,0,-0.07561982,0.0,0.0,0.2597508728504181
YIL069C,YER005W,0,-0.07573531,0.0,0.0,0.25984179973602295
YKR078W,YKR089C,0,-0.07591672,0.0,0.0,0.2599327266216278
YOR109W,YFL035C-A,0,-0.07598885,0.0,0.0,0.2600236237049103
YLR083C,YDR005C,0,-0.07610354,0.0,0.0,0.26011455059051514
YOR372C,YHR194W,0,-0.07611426,0.0,0.0,0.26020547747612
YNL173C,YDR057W,0,-0.076122895,0.0,0.0,0.26029640436172485
YLR007W,YHR194W,0,-0.07616387,0.0,0.0,0.2603873014450073
YGR296W,YNL161W,0,-0.076442696,0.0,0.0,0.2604782283306122
YER072W,YBR107C,0,-0.0764911,0.0,0.0,0.26056915521621704
YIL056W,YFL018W-A,0,-0.0766587,0.0,0.0,0.2606600522994995
YMR110C,YDR021W,0,-0.07695421,0.0,0.0,0.26075097918510437
YLR426W,YDL149W,0,-0.07718114,0.0,0.0,0.26084190607070923
YMR313C,YNR059W,0,-0.077196315,0.0,0.0,0.2609328031539917
YFR038W,YLR466W,0,-0.07723839,0.0,0.0,0.26102373003959656
YDR227W,YOR258W,0,-0.07743676,0.0,0.0,0.2611146569252014
YMR076C,YML100W,0,-0.0774784,0.0,0.0,0.2612055540084839
YGR202C,YGL063W,0,-0.07822709,0.0,0.0,0.26129648089408875
YBR146W,YJL216C,0,-0.07889259,0.0,0.0,0.2613874077796936
YGR024C,YBR065C,0,-0.07897235,0.0,0.0,0.2614783048629761
YOR207C,YNL068C,0,-0.07934711,0.0,0.0,0.26156923174858093
YCL044C,YPR097W,0,-0.07971299,0.0,0.0,0.2616601586341858
YCR024C,YIL130W,0,-0.08023195,0.0,0.0,0.26175105571746826
YBL016W,YGL045W,0,-0.08041058,0.0,0.0,0.2618419826030731
YOR316C,YHR139C,0,-0.08110271,0.0,0.0,0.261932909488678
YCR105W,YKL048C,0,-0.081167825,0.0,0.0,0.26202380657196045
YHL017W,YOR357C,0,-0.081210844,0.0,0.0,0.2621147334575653
YER027C,YBR083W,0,-0.08122582,0.0,0.0,0.26220566034317017
YKL197C,YHR080C,0,-0.08128953,0.0,0.0,0.262296587228775
YCR091W,YOR103C,0,-0.08131589,0.0,0.0,0.2623874843120575
YOL122C,YER081W,0,-0.08138121,0.0,0.0,0.26247841119766235
YNL247W,YPL097W,0,-0.081429675,0.0,0.0,0.2625693380832672
YGL046W,YHR111W,0,-0.08143591,0.0,0.0,0.2626602351665497
YGL005C,YKR072C,0,-0.0817506,0.0,0.0,0.26275116205215454
YER113C,YDL024C,0,-0.081841774,0.0,0.0,0.2628420889377594
YCR016W,YER032W,0,-0.08203026,0.0,0.0,0.26293298602104187
YMR009W,YNL176C,0,-0.08210805,0.0,0.0,0.26302391290664673
YKL043W,YBR100W,0,-0.082525924,0.0,0.0,0.2631148397922516
YPR034W,YCR106W,0,-0.083073184,0.0,0.0,0.26320573687553406
YCR045C,YAL068C,0,-0.0831832,0.0,0.0,0.2632966637611389
YJL094C,YPL145C,0,-0.083269745,0.0,0.0,0.2633875906467438
YOL023W,YLR328W,0,-0.083474934,0.0,0.0,0.26347848773002625
YDR392W,YOR080W,0,-0.08348265,0.0,0.0,0.2635694146156311
YNL031C,YBR100W,0,-0.08362814,0.0,0.0,0.26366034150123596
YPR055W,YGL192W,0,-0.08368452,0.0,0.0,0.26375123858451843
YNL173C,YOL086W-A,0,-0.08379363,0.0,0.0,0.2638421654701233
YBL072C,YMR153W,0,-0.08442523,0.0,0.0,0.26393309235572815
YOL098C,YGR224W,0,-0.08462168,0.0,0.0,0.2640239894390106
YPL168W,YNL246W,0,-0.08468993,0.0,0.0,0.2641149163246155
YDR100W,YHL015W,0,-0.08497605,0.0,0.0,0.26420584321022034
YLR143W,YLR363C,0,-0.08510619,0.0,0.0,0.2642967402935028
YHR210C,YML057W,0,-0.08535594,0.0,0.0,0.26438766717910767
YNL190W,YML047C,0,-0.08554119,0.0,0.0,0.2644785940647125
YGL018C,YLR288C,0,-0.08566588,0.0,0.0,0.2645695209503174
YOR334W,YGL085W,0,-0.085792586,0.0,0.0,0.26466041803359985
YML045W,YER071C,0,-0.08583987,0.0,0.0,0.2647513449192047
YOL116W,YPL203W,0,-0.08588205,0.0,0.0,0.26484227180480957
YLR181C,YMR225C,0,-0.08592592,0.0,0.0,0.26493316888809204
YML086C,YDR057W,0,-0.086039655,0.0,0.0,0.2650240957736969
YOL116W,YHR138C,0,-0.086248696,0.0,0.0,0.26511502265930176
YMR275C,YER129W,0,-0.08626653,0.0,0.0,0.26520591974258423
YER109C,YPL049C,0,-0.086416535,0.0,0.0,0.2652968466281891
YOL023W,YOR001W,0,-0.086623706,0.0,0.0,0.26538777351379395
YGR099W,YLR200W,0,-0.08699864,0.0,0.0,0.2654786705970764
YDR477W,YDL159W,0,-0.08718608,0.0,0.0,0.2655695974826813
YBL100W-B,YKR077W,0,-0.087240785,0.0,0.0,0.26566052436828613
YDR145W,YHR033W,0,-0.08726099,0.0,0.0,0.2657514214515686
YDR412W,YER167W,0,-0.08758056,0.0,0.0,0.26584234833717346
YER062C,YIL167W,0,-0.08776722,0.0,0.0,0.2659332752227783
YDR098C,YDR359C,0,-0.0877752,0.0,0.0,0.2660241723060608
YBR078W,YNR059W,0,-0.08795568,0.0,0.0,0.26611509919166565
YHR148W,YNL216W,0,-0.08801082,0.0,0.0,0.2662060260772705
YBR038W,YGL058W,0,-0.08803898,0.0,0.0,0.266296923160553
YDL106C,YOR358W,0,-0.08809147,0.0,0.0,0.26638785004615784
YHR202W,YDR412W,0,-0.08812862,0.0,0.0,0.2664787769317627
YDR392W,YDR477W,0,-0.08865133,0.0,0.0,0.26656967401504517
YDL230W,YDL081C,0,-0.08886956,0.0,0.0,0.26666060090065
YGR212W,YLR058C,0,-0.08887116,0.0,0.0,0.2667515277862549
YNL199C,YGR224W,0,-0.0891234,0.0,0.0,0.26684245467185974
YKL141W,YIL148W,0,-0.08924694,0.0,0.0,0.2669333517551422
YGR181W,YGL238W,0,-0.08932145,0.0,0.0,0.26702427864074707
YLR083C,YMR207C,0,-0.08958305,0.0,0.0,0.26711520552635193
YBR211C,YOR136W,0,-0.08976668,0.0,0.0,0.2672061026096344
YDL220C,YIL014W,0,-0.08987521,0.0,0.0,0.26729702949523926
YJL057C,YLR313C,0,-0.08994502,0.0,0.0,0.2673879563808441
YNL076W,YFR030W,0,-0.09009093,0.0,0.0,0.2674788534641266
YFL005W,YOR048C,0,-0.09013774,0.0,0.0,0.26756978034973145
YKL138C,YLR056W,0,-0.09047678,0.0,0.0,0.2676607072353363
YER113C,YBR066C,0,-0.09064342,0.0,0.0,0.2677516043186188
YOR273C,YCR058C,0,-0.09073657,0.0,0.0,0.26784253120422363
YMR195W,YGL105W,0,-0.09076056,0.0,0.0,0.2679334580898285
YIL068C,YBR100W,0,-0.090922184,0.0,0.0,0.26802435517311096
YPR155C,YCL048W,0,-0.090985045,0.0,0.0,0.2681152820587158
YCL005W-A,YAL028W,0,-0.091000766,0.0,0.0,0.2682062089443207
YDR108W,YPL233W,0,-0.09115124,0.0,0.0,0.26829710602760315
YJL012C,YDL100C,0,-0.09134029,0.0,0.0,0.268388032913208
YHR122W,YHR170W,0,-0.09183804,0.0,0.0,0.26847895979881287
YLL066C,YLR007W,0,-0.09198649,0.0,0.0,0.26856985688209534
YFL035C-B,YBR045C,0,-0.09204577,0.0,0.0,0.2686607837677002
YDR379W,YPL049C,0,-0.092225075,0.0,0.0,0.26875171065330505
YDR545W,YNL038W,0,-0.092264466,0.0,0.0,0.2688426077365875
YNL194C,YMR242C,0,-0.092314966,0.0,0.0,0.2689335346221924
YLL048C,YLR175W,0,-0.09278637,0.0,0.0,0.26902446150779724
YPR155C,YHR190W,0,-0.09281328,0.0,0.0,0.2691153883934021
YOL042W,YGR060W,0,-0.09282233,0.0,0.0,0.26920628547668457
YHR073W,YNL197C,0,-0.092911065,0.0,0.0,0.26929721236228943
YOR383C,YLR337C,0,-0.09297861,0.0,0.0,0.2693881392478943
YER109C,YOR127W,0,-0.093385264,0.0,0.0,0.26947903633117676
YNL190W,YPL161C,0,-0.09347302,0.0,0.0,0.2695699632167816
YML107C,YDR244W,0,-0.093483314,0.0,0.0,0.2696608901023865
YHR113W,YGR040W,0,-0.09356822,0.0,0.0,0.26975178718566895
YPL120W,YNL161W,0,-0.093679875,0.0,0.0,0.2698427140712738
YIL007C,YDL139C,0,-0.09370282,0.0,0.0,0.26993364095687866
YGL196W,YMR105C,0,-0.09475847,0.0,0.0,0.27002453804016113
YNL048W,YEL027W,0,-0.09482165,0.0,0.0,0.270115464925766
YDR188W,YDR135C,0,-0.09497834,0.0,0.0,0.27020639181137085
YHR084W,YDL159W,0,-0.095140815,0.0,0.0,0.2702972888946533
YEL020W-A,YER108C,0,-0.09520215,0.0,0.0,0.2703882157802582
YBR130C,YDR268W,0,-0.09527665,0.0,0.0,0.27047914266586304
YNL048W,YNL118C,0,-0.095462434,0.0,0.0,0.2705700397491455
YDR345C,YLR435W,0,-0.095946826,0.0,0.0,0.27066096663475037
YPL173W,YGR142W,0,-0.095984384,0.0,0.0,0.2707518935203552
YKR078W,YJR150C,0,-0.09601122,0.0,0.0,0.2708427906036377
YHR084W,YPL115C,0,-0.09609636,0.0,0.0,0.27093371748924255
YLR023C,YMR131C,0,-0.09638176,0.0,0.0,0.2710246443748474
YGL061C,YGL049C,0,-0.09649191,0.0,0.0,0.2711155414581299
YCL064C,YML096W,0,-0.09665699,0.0,0.0,0.27120646834373474
YKR078W,YIL056W,0,-0.096754216,0.0,0.0,0.2712973952293396
YKL069W,YHR154W,0,-0.09677902,0.0,0.0,0.27138832211494446
YLR118C,YNL142W,0,-0.096816406,0.0,0.0,0.27147921919822693
YMR048W,YLR115W,0,-0.09684792,0.0,0.0,0.2715701460838318
YPL168W,YMR225C,0,-0.09700941,0.0,0.0,0.27166107296943665
YHR106W,YHR133C,0,-0.097263515,0.0,0.0,0.2717519700527191
YGR055W,YOR259C,0,-0.09833579,0.0,0.0,0.271842896938324
YOR081C,YPR071W,0,-0.09857342,0.0,0.0,0.27193382382392883
YHL015W,YMR149W,0,-0.09874147,0.0,0.0,0.2720247209072113
YPL004C,YLR248W,0,-0.09922585,0.0,0.0,0.27211564779281616
YDR189W,YKL040C,0,-0.099543065,0.0,0.0,0.272206574678421
YNL025C,YGL053W,0,-0.09956231,0.0,0.0,0.2722974717617035
YAL007C,YBR218C,0,-0.099574745,0.0,0.0,0.27238839864730835
YJR150C,YGL058W,0,-0.099644065,0.0,0.0,0.2724793255329132
YLR442C,YPL076W,0,-0.10017203,0.0,0.0,0.2725702226161957
YML031W,YGR260W,0,-0.10019066,0.0,0.0,0.27266114950180054
YBR038W,YGR254W,0,-0.100387365,0.0,0.0,0.2727520763874054
YLR277C,YIL173W,0,-0.100413956,0.0,0.0,0.27284297347068787
YKL033W,YCL067C,0,-0.10042627,0.0,0.0,0.2729339003562927
YIL064W,YHL026C,0,-0.10045139,0.0,0.0,0.2730248272418976
YOR157C,YBL014C,0,-0.10051449,0.0,0.0,0.27311572432518005
YDR259C,YLR019W,0,-0.100529045,0.0,0.0,0.2732066512107849
YIL056W,YBR248C,0,-0.1005587,0.0,0.0,0.27329757809638977
YOL122C,YLR215C,0,-0.10056034,0.0,0.0,0.27338847517967224
YHR204W,YOR260W,0,-0.10059811,0.0,0.0,0.2734794020652771
YOR380W,YBR218C,0,-0.10067009,0.0,0.0,0.27357032895088196
YKR085C,YOR009W,0,-0.10073486,0.0,0.0,0.2736612558364868
YGR007W,YAL051W,0,-0.10090344,0.0,0.0,0.2737521529197693
YDR398W,YMR105C,0,-0.10150811,0.0,0.0,0.27384307980537415
YNL183C,YML047C,0,-0.10151098,0.0,0.0,0.273934006690979
YJR153W,YMR156C,0,-0.10158103,0.0,0.0,0.2740249037742615
YOR110W,YHR193C,0,-0.10161102,0.0,0.0,0.27411583065986633
YBR188C,YCL001W,0,-0.101619914,0.0,0.0,0.2742067575454712
YHR214C-C,YDR365W-A,0,-0.101748295,0.0,0.0,0.27429765462875366
YHR214C-C,YGL195W,0,-0.10175024,0.0,0.0,0.2743885815143585
YOR380W,YDR365W-A,0,-0.10175244,0.0,0.0,0.2744795083999634
YML076C,YMR133W,0,-0.10175268,0.0,0.0,0.27457040548324585
YNL045W,YDR098C-B,0,-0.101807214,0.0,0.0,0.2746613323688507
YPL135W,YGR161C-D,0,-0.101807214,0.0,0.0,0.27475225925445557
YNL051W,YNL176C,0,-0.10183319,0.0,0.0,0.27484315633773804
YKR100C,YOL103W-A,0,-0.10190804,0.0,0.0,0.2749340832233429
YJL183W,YPR158W-B,0,-0.101915784,0.0,0.0,0.27502501010894775
YGR161W-A,YMR118C,0,-0.101922266,0.0,0.0,0.2751159071922302
YLR185W,YLR154W-C,0,-0.10192844,0.0,0.0,0.2752068340778351
YNL284C-B,YKL099C,0,-0.10198604,0.0,0.0,0.27529776096343994
YGR024C,YDR316W-B,0,-0.10198604,0.0,0.0,0.2753886580467224
YFL011W,YCR063W,0,-0.10200035,0.0,0.0,0.27547958493232727
YIL064W,YPL115C,0,-0.102011,0.0,0.0,0.27557051181793213
YGR161W-A,YHL025W,0,-0.10207253,0.0,0.0,0.2756614089012146
YNL284C-B,YER093C,0,-0.102120794,0.0,0.0,0.27575233578681946
YLR361C,YNL181W,0,-0.10216349,0.0,0.0,0.2758432626724243
YNL263C,YDR039C,0,-0.10218246,0.0,0.0,0.2759341895580292
YPR158W-B,YOR241W,0,-0.10222201,0.0,0.0,0.27602508664131165
YDL135C,YLL006W,0,-0.10222435,0.0,0.0,0.2761160135269165
YOL103W-A,YNL194C,0,-0.10222467,0.0,0.0,0.27620694041252136
YNL045W,YOL103W-A,0,-0.10227098,0.0,0.0,0.27629783749580383
YOL103W-A,YKL032C,0,-0.102293186,0.0,0.0,0.2763887643814087
YCR024C,YDR135C,0,-0.102297604,0.0,0.0,0.27647969126701355
YJR073C,YNL199C,0,-0.102302425,0.0,0.0,0.276570588350296
YGR060W,YLR001C,0,-0.10242597,0.0,0.0,0.2766615152359009
YPR158W-B,YPL043W,0,-0.10242678,0.0,0.0,0.27675244212150574
YMR232W,YNL024C,0,-0.10245601,0.0,0.0,0.2768433392047882
YGL063W,YGR161C-D,0,-0.102475636,0.0,0.0,0.27693426609039307
YKR088C,YDR365W-A,0,-0.102510385,0.0,0.0,0.2770251929759979
YHR169W,YBR100W,0,-0.10256119,0.0,0.0,0.2771160900592804
YKL191W,YPR158W-B,0,-0.10260366,0.0,0.0,0.27720701694488525
YKL191W,YGR161C-D,0,-0.102616,0.0,0.0,0.2772979438304901
YOR335C,YHR193C,0,-0.10266945,0.0,0.0,0.2773888409137726
YIL144W,YLR017W,0,-0.10267915,0.0,0.0,0.27747976779937744
YPL176C,YLL006W,0,-0.1027254,0.0,0.0,0.2775706946849823
YDL072C,YOR109W,0,-0.10281743,0.0,0.0,0.27766159176826477
YOL122C,YGR211W,0,-0.102847695,0.0,0.0,0.27775251865386963
YER149C,YGR161C-D,0,-0.10291797,0.0,0.0,0.2778434455394745
YFL011W,YPR057W,0,-0.102992624,0.0,0.0,0.27793437242507935
YIL144W,YOL103W-A,0,-0.10299811,0.0,0.0,0.2780252695083618
YLR131C,YMR226C,0,-0.10301439,0.0,0.0,0.2781161963939667
YHR073W,YHR111W,0,-0.10305409,0.0,0.0,0.27820712327957153
YDR212W,YGR161W-A,0,-0.10305603,0.0,0.0,0.278298020362854
YMR274C,YDR316W-B,0,-0.10309841,0.0,0.0,0.27838894724845886
YGR055W,YGL027C,0,-0.10314032,0.0,0.0,0.2784798741340637
YNL056W,YBR029C,0,-0.10316617,0.0,0.0,0.2785707712173462
YDR316W-B,YDR399W,0,-0.10316694,0.0,0.0,0.27866169810295105
YKR096W,YLR007W,0,-0.10321964,0.0,0.0,0.2787526249885559
YLR227W-A,YIL062C,0,-0.10327492,0.0,0.0,0.2788435220718384
YNL284C-B,YKL192C,0,-0.10336093,0.0,0.0,0.27893444895744324
YBL008W,YDR316W-B,0,-0.103418574,0.0,0.0,0.2790253758430481
YOR032C,YOL103W-A,0,-0.10362549,0.0,0.0,0.27911627292633057
YML102W,YDR365W-A,0,-0.10379537,0.0,0.0,0.2792071998119354
YDR080W,YKL196C,0,-0.1038005,0.0,0.0,0.2792981266975403
YGL046W,YNL197C,0,-0.10405086,0.0,0.0,0.27938902378082275
YML023C,YDR365W-A,0,-0.1041714,0.0,0.0,0.2794799506664276
YNL284C-B,YJL035C,0,-0.104366496,0.0,0.0,0.27957087755203247
YKL138C-A,YER071C,0,-0.104434595,0.0,0.0,0.27966177463531494
YKL002W,YHL050C,0,-0.10453484,0.0,0.0,0.2797527015209198
YIL106W,YNL055C,0,-0.10454427,0.0,0.0,0.27984362840652466
YKL145W,YOR358W,0,-0.10479106,0.0,0.0,0.27993452548980713
YOR380W,YDR430C,0,-0.104849994,0.0,0.0,0.280025452375412
YOL116W,YOR212W,0,-0.10506448,0.0,0.0,0.28011637926101685
YOR193W,YPR097W,0,-0.10506904,0.0,0.0,0.2802073061466217
YGR161W-A,YLR352W,0,-0.10511838,0.0,0.0,0.2802982032299042
YFL026W,YDR234W,0,-0.10518904,0.0,0.0,0.28038913011550903
YEL027W,YGR161C-D,0,-0.10523068,0.0,0.0,0.2804800570011139
YNL045W,YGR161W-A,0,-0.105398655,0.0,0.0,0.28057095408439636
YNL194C,YNL062C,0,-0.10547452,0.0,0.0,0.2806618809700012
YGR129W,YPL161C,0,-0.10552082,0.0,0.0,0.2807528078556061
YDR545W,YBR168W,0,-0.10594501,0.0,0.0,0.28084370493888855
YOR129C,YPR131C,0,-0.10596499,0.0,0.0,0.2809346318244934
YPL141C,YGR161W-A,0,-0.10603648,0.0,0.0,0.28102555871009827
YHR214C-C,YNL076W,0,-0.10615484,0.0,0.0,0.28111645579338074
YDL235C,YOR207C,0,-0.106265165,0.0,0.0,0.2812073826789856
YGR109W-A,YNL068C,0,-0.1063474,0.0,0.0,0.28129830956459045
YOR241W,YDR098C-B,0,-0.106487624,0.0,0.0,0.2813892066478729
YGR004W,YLR413W,0,-0.10670884,0.0,0.0,0.2814801335334778
YLR227W-A,YKL079W,0,-0.1067751,0.0,0.0,0.28157106041908264
YPR143W,YDR098C-B,0,-0.10694103,0.0,0.0,0.2816619575023651
YOR177C,YGR007W,0,-0.10704321,0.0,0.0,0.28175288438796997
YPR046W,YCR005C,0,-0.1072402,0.0,0.0,0.28184381127357483
YNL183C,YDR057W,0,-0.10726278,0.0,0.0,0.2819347083568573
YNL137C,YDR210C-D,0,-0.107307024,0.0,0.0,0.28202563524246216
YCR035C,YDR098C-B,0,-0.10732719,0.0,0.0,0.282116562128067
YGR161W-A,YDR437W,0,-0.10735993,0.0,0.0,0.2822074592113495
YPL203W,YJL216C,0,-0.10750974,0.0,0.0,0.28229838609695435
YLR259C,YHL015W,0,-0.10760272,0.0,0.0,0.2823893129825592
YDL134C-A,YPL179W,0,-0.107656725,0.0,0.0,0.28248023986816406
YKL026C,YOL103W-A,0,-0.10767318,0.0,0.0,0.28257113695144653
YML021C,YCL067C,0,-0.10771411,0.0,0.0,0.2826620638370514
YKL033W,YDR316W-B,0,-0.10790806,0.0,0.0,0.28275299072265625
YIL068C,YNL024C,0,-0.10793309,0.0,0.0,0.2828438878059387
YGR109W-A,YKL043W,0,-0.108403176,0.0,0.0,0.2829348146915436
YOL122C,YOR117W,0,-0.108579814,0.0,0.0,0.28302574157714844
YKR096W,YDR468C,0,-0.10861218,0.0,0.0,0.2831166386604309
YER108C,YJL089W,0,-0.10864009,0.0,0.0,0.28320756554603577
YPL168W,YHR214C-C,0,-0.10870343,0.0,0.0,0.2832984924316406
YPL224C,YNR037C,0,-0.1087425,0.0,0.0,0.2833893895149231
YDR098C-A,YBR254C,0,-0.10900382,0.0,0.0,0.28348031640052795
YJR042W,YLR154W-C,0,-0.10913339,0.0,0.0,0.2835712432861328
YDR464W,YOR254C,0,-0.10917051,0.0,0.0,0.2836621403694153
YGR161W-A,YOR129C,0,-0.10919963,0.0,0.0,0.28375306725502014
YLR258W,YDR135C,0,-0.10921048,0.0,0.0,0.283843994140625
YPL056C,YBR193C,0,-0.10928101,0.0,0.0,0.28393489122390747
YHR214C-C,YCL001W,0,-0.10928577,0.0,0.0,0.28402581810951233
YLR154W-C,YDR087C,0,-0.10929328,0.0,0.0,0.2841167449951172
YJL208C,YFR053C,0,-0.10944258,0.0,0.0,0.28420764207839966
YML011C,YOR136W,0,-0.10950898,0.0,0.0,0.2842985689640045
YBR029C,YFL035C-A,0,-0.109546214,0.0,0.0,0.2843894958496094
YHR214C-C,YLR019W,0,-0.109555274,0.0,0.0,0.28448039293289185
YKR096W,YPL006W,0,-0.10957745,0.0,0.0,0.2845713198184967
YIL137C,YDR188W,0,-0.109651,0.0,0.0,0.28466224670410156
YGR178C,YHR096C,0,-0.109874025,0.0,0.0,0.2847531735897064
YDR386W,YER081W,0,-0.10992709,0.0,0.0,0.2848440706729889
YDR316W-B,YOR079C,0,-0.11014262,0.0,0.0,0.28493499755859375
YBR211C,YLR154W-C,0,-0.110230185,0.0,0.0,0.2850259244441986
YDR210C-D,YKL194C,0,-0.11026475,0.0,0.0,0.2851168215274811
YHR214C-C,YJL003W,0,-0.11030221,0.0,0.0,0.28520774841308594
YPR158W-B,YKL039W,0,-0.11042974,0.0,0.0,0.2852986752986908
YBL038W,YOL103W-A,0,-0.11042974,0.0,0.0,0.28538957238197327
YDR098C-A,YDR021W,0,-0.110607356,0.0,0.0,0.2854804992675781
YDR500C,YIL144W,0,-0.11065519,0.0,0.0,0.285571426153183
YOL103W-A,YNR033W,0,-0.11072771,0.0,0.0,0.28566232323646545
YJL078C,YDR365W-A,0,-0.11078631,0.0,0.0,0.2857532501220703
YML092C,YKL138C,0,-0.11087485,0.0,0.0,0.28584417700767517
YLR227W-A,YMR048W,0,-0.111069195,0.0,0.0,0.28593507409095764
YML081W,YNL317W,0,-0.11114306,0.0,0.0,0.2860260009765625
YOR330C,YJR054W,0,-0.11125247,0.0,0.0,0.28611692786216736
YHL050C,YER060W,0,-0.11142933,0.0,0.0,0.28620782494544983
YNL054W,YLR067C,0,-0.11149144,0.0,0.0,0.2862987518310547
YDR210C-D,YIL043C,0,-0.11166458,0.0,0.0,0.28638967871665955
YPL168W,YOR157C,0,-0.1116671,0.0,0.0,0.286480575799942
YNL048W,YNL054W-A,0,-0.111771464,0.0,0.0,0.2865715026855469
YNL031C,YBR091C,0,-0.11179781,0.0,0.0,0.28666242957115173
YIL019W,YDR098C-B,0,-0.11186308,0.0,0.0,0.2867533266544342
YDR145W,YGR109W-A,0,-0.11192705,0.0,0.0,0.28684425354003906
YDR210C-D,YCR065W,0,-0.11192998,0.0,0.0,0.2869351804256439
YDR098C-A,YOR195W,0,-0.11207402,0.0,0.0,0.2870261073112488
YDR107C,YGL046W,0,-0.112087004,0.0,0.0,0.28711700439453125
YNL284C-B,YER007C-A,0,-0.11216332,0.0,0.0,0.2872079312801361
YPL183C,YBR089C-A,0,-0.112348825,0.0,0.0,0.28729885816574097
YDR422C,YLR059C,0,-0.112397894,0.0,0.0,0.28738975524902344
YOR087W,YPL262W,0,-0.11240913,0.0,0.0,0.2874806821346283
YNL029C,YOR113W,0,-0.11276172,0.0,0.0,0.28757160902023315
YIL153W,YDR098C-B,0,-0.11277588,0.0,0.0,0.2876625061035156
YPR007C,YDR135C,0,-0.1129117,0.0,0.0,0.2877534329891205
YDR210C-D,YPL221W,0,-0.11297557,0.0,0.0,0.28784435987472534
YGR103W,YMR175W,0,-0.11303094,0.0,0.0,0.2879352569580078
YHL025W,YDR365W-A,0,-0.113035806,0.0,0.0,0.28802618384361267
YER040W,YDR406W,0,-0.11305014,0.0,0.0,0.28811711072921753
YPR158W-B,YMR230W,0,-0.11322521,0.0,0.0,0.2882080078125
YOR065W,YPL225W,0,-0.11322527,0.0,0.0,0.28829893469810486
YDR361C,YPL248C,0,-0.113374,0.0,0.0,0.2883898615837097
YNL284C-B,YHR020W,0,-0.11350853,0.0,0.0,0.2884807586669922
YOL103W-A,YOR341W,0,-0.11367513,0.0,0.0,0.28857168555259705
YNL054W-A,YGR094W,0,-0.11367513,0.0,0.0,0.2886626124382019
YFR014C,YHR214C-C,0,-0.113719195,0.0,0.0,0.2887535095214844
YGL045W,YOR371C,0,-0.11374417,0.0,0.0,0.28884443640708923
YOL116W,YLR362W,0,-0.11381213,0.0,0.0,0.2889353632926941
YHL017W,YNR024W,0,-0.11409503,0.0,0.0,0.28902626037597656
YNL029C,YHR014W,0,-0.11413679,0.0,0.0,0.2891171872615814
YOR264W,YLR052W,0,-0.11414601,0.0,0.0,0.2892081141471863
YJR084W,YOR236W,0,-0.11423616,0.0,0.0,0.28929904103279114
YGR109W-A,YLR451W,0,-0.11425865,0.0,0.0,0.2893899381160736
YGL142C,YNL161W,0,-0.11443128,0.0,0.0,0.28948086500167847
YGR193C,YDR316W-B,0,-0.11457725,0.0,0.0,0.2895717918872833
YFR010W,YER139C,0,-0.114808716,0.0,0.0,0.2896626889705658
YDR361C,YGL129C,0,-0.11481663,0.0,0.0,0.28975361585617065
YOL116W,YDR379W,0,-0.11496998,0.0,0.0,0.2898445427417755
YIL118W,YPL248C,0,-0.11498538,0.0,0.0,0.289935439825058
YHL017W,YMR072W,0,-0.11512577,0.0,0.0,0.29002636671066284
YBL063W,YNL180C,0,-0.115139544,0.0,0.0,0.2901172935962677
YDR075W,YDR098C-B,0,-0.11517084,0.0,0.0,0.29020819067955017
YOR091W,YHR150W,0,-0.11520982,0.0,0.0,0.29029911756515503
YPL097W,YMR177W,0,-0.11525714,0.0,0.0,0.2903900444507599
YBR005W,YDR384C,0,-0.1152837,0.0,0.0,0.29048094153404236
YDR098C-A,YGL076C,0,-0.11539532,0.0,0.0,0.2905718684196472
YGR161W-A,YCL068C,0,-0.11561685,0.0,0.0,0.2906627953052521
YHL017W,YDL211C,0,-0.11564197,0.0,0.0,0.29075369238853455
YDR098C-A,YBR034C,0,-0.11577037,0.0,0.0,0.2908446192741394
YDL135C,YBL014C,0,-0.11581576,0.0,0.0,0.29093554615974426
YER044C-A,YKR079C,0,-0.1158337,0.0,0.0,0.29102644324302673
YGR109W-A,YER005W,0,-0.11584881,0.0,0.0,0.2911173701286316
YLR227W-A,YKL026C,0,-0.11587455,0.0,0.0,0.29120829701423645
YGR161W-A,YOR081C,0,-0.11598248,0.0,0.0,0.2912992238998413
YDR210C-D,YNL031C,0,-0.11609408,0.0,0.0,0.2913901209831238
YOR127W,YGL046W,0,-0.11610019,0.0,0.0,0.29148104786872864
YOR026W,YHR106W,0,-0.11616611,0.0,0.0,0.2915719747543335
YOL076W,YMR226C,0,-0.11624339,0.0,0.0,0.29166287183761597
YFL035C-B,YER041W,0,-0.11636334,0.0,0.0,0.2917537987232208
YMR081C,YGL018C,0,-0.11640923,0.0,0.0,0.2918447256088257
YKL006W,YML082W,0,-0.116418436,0.0,0.0,0.29193562269210815
YDR316W-B,YPL063W,0,-0.11645771,0.0,0.0,0.292026549577713
YNL194C,YHR114W,0,-0.116696656,0.0,0.0,0.29211747646331787
YIL118W,YPR071W,0,-0.11681209,0.0,0.0,0.29220837354660034
YAL019W,YGR161C-D,0,-0.116834916,0.0,0.0,0.2922993004322052
YCR036W,YDR098C-B,0,-0.11684182,0.0,0.0,0.29239022731781006
YDR200C,YDR234W,0,-0.1168939,0.0,0.0,0.29248112440109253
YJL183W,YIL069C,0,-0.11713986,0.0,0.0,0.2925720512866974
YKR089C,YGR161W-A,0,-0.11718444,0.0,0.0,0.29266297817230225
YOL086W-A,YML055W,0,-0.11724359,0.0,0.0,0.2927538752555847
YBL038W,YGL151W,0,-0.11728442,0.0,0.0,0.2928448021411896
YBL087C,YJR046W,0,-0.11760914,0.0,0.0,0.29293572902679443
YLR227W-A,YOL011W,0,-0.117680445,0.0,0.0,0.2930266261100769
YDR365W-A,YGL129C,0,-0.11774415,0.0,0.0,0.29311755299568176
YGL116W,YMR153W,0,-0.11781954,0.0,0.0,0.2932084798812866
YJL013C,YBR121C,0,-0.117851876,0.0,0.0,0.2932993769645691
YDR210C-D,YIL069C,0,-0.11794525,0.0,0.0,0.29339030385017395
YGR204W,YNL054W-A,0,-0.11803956,0.0,0.0,0.2934812307357788
YLR227W-A,YLR006C,0,-0.118055984,0.0,0.0,0.29357215762138367
YDR057W,YKR095W,0,-0.118182115,0.0,0.0,0.29366305470466614
YNL233W,YPL056C,0,-0.11820849,0.0,0.0,0.293753981590271
YJR049C,YDR168W,0,-0.11842275,0.0,0.0,0.29384490847587585
YJL180C,YGL105W,0,-0.11844574,0.0,0.0,0.2939358055591583
YLL006W,YOR109W,0,-0.11849363,0.0,0.0,0.2940267324447632
YBR085W,YFL035C-A,0,-0.11859979,0.0,0.0,0.29411765933036804
YPL225W,YCR065W,0,-0.11874203,0.0,0.0,0.2942085564136505
YLR345W,YIL096C,0,-0.11892341,0.0,0.0,0.29429948329925537
YDR210C-D,YLR075W,0,-0.11917049,0.0,0.0,0.29439041018486023
YPL105C,YHR006W,0,-0.11921297,0.0,0.0,0.2944813072681427
YGR181W,YDR397C,0,-0.11922535,0.0,0.0,0.29457223415374756
YHL028W,YOR341W,0,-0.11923885,0.0,0.0,0.2946631610393524
YKL069W,YCR016W,0,-0.1192995,0.0,0.0,0.2947540581226349
YIL118W,YLR154W-C,0,-0.11938727,0.0,0.0,0.29484498500823975
YPL145C,YDR438W,0,-0.119403444,0.0,0.0,0.2949359118938446
YOR273C,YNL076W,0,-0.11948517,0.0,0.0,0.2950268089771271
YGL189C,YGR161C-D,0,-0.11952201,0.0,0.0,0.29511773586273193
YGR109W-A,YDR464W,0,-0.11958614,0.0,0.0,0.2952086627483368
YGR161W-A,YNR033W,0,-0.11959985,0.0,0.0,0.29529955983161926
YML011C,YNR071C,0,-0.119600706,0.0,0.0,0.2953904867172241
YGR161W-A,YKL054C,0,-0.1197586,0.0,0.0,0.295481413602829
YPR105C,YOR158W,0,-0.119839594,0.0,0.0,0.29557231068611145
YJR132W,YPR199C,0,-0.11987402,0.0,0.0,0.2956632375717163
YBR162W-A,YLR347C,0,-0.11991492,0.0,0.0,0.29575416445732117
YJL208C,YPR086W,0,-0.11993472,0.0,0.0,0.295845091342926
YOL032W,YLR067C,0,-0.12034802,0.0,0.0,0.2959359884262085
YOR156C,YNL023C,0,-0.1205678,0.0,0.0,0.29602691531181335
YOL055C,YPR158W-B,0,-0.12064272,0.0,0.0,0.2961178421974182
YER056C,YLR181C,0,-0.12074981,0.0,0.0,0.2962087392807007
YDR201W,YNL054W-A,0,-0.120830074,0.0,0.0,0.29629966616630554
YGL142C,YER167W,0,-0.12089825,0.0,0.0,0.2963905930519104
YLR239C,YLR435W,0,-0.121009514,0.0,0.0,0.29648149013519287
YLR227W-A,YLR058C,0,-0.12108056,0.0,0.0,0.29657241702079773
YLL048C,YOL020W,0,-0.12110129,0.0,0.0,0.2966633439064026
YBR279W,YDR316W-B,0,-0.1216099,0.0,0.0,0.29675424098968506
YLR215C,YBR180W,0,-0.12161215,0.0,0.0,0.2968451678752899
YMR158W,YMR131C,0,-0.12170438,0.0,0.0,0.2969360947608948
YLR004C,YOL103W-A,0,-0.121824235,0.0,0.0,0.29702699184417725
YDL160C,YDR434W,0,-0.121850535,0.0,0.0,0.2971179187297821
YBR005W,YEL044W,0,-0.121884346,0.0,0.0,0.29720884561538696
YEL019C,YLL016W,0,-0.12188665,0.0,0.0,0.29729974269866943
YNL284C-B,YNL094W,0,-0.12192501,0.0,0.0,0.2973906695842743
YEL027W,YER127W,0,-0.12202399,0.0,0.0,0.29748159646987915
YGL061C,YNL054W-A,0,-0.122036606,0.0,0.0,0.2975724935531616
YPL215W,YIL018W,0,-0.122065544,0.0,0.0,0.2976634204387665
YHR073W,YPL049C,0,-0.12210609,0.0,0.0,0.29775434732437134
YOR319W,YDL139C,0,-0.12214105,0.0,0.0,0.2978452444076538
YDR098C-A,YHR001W-A,0,-0.1221654,0.0,0.0,0.29793617129325867
YLR185W,YDR098C,0,-0.12234531,0.0,0.0,0.2980270981788635
YER177W,YDR160W,0,-0.12235759,0.0,0.0,0.2981180250644684
YDR100W,YLR067C,0,-0.122361355,0.0,0.0,0.29820892214775085
YDR316W-B,YKL039W,0,-0.12250978,0.0,0.0,0.2982998490333557
YCR105W,YBR208C,0,-0.122690775,0.0,0.0,0.29839077591896057
YCR091W,YNL062C,0,-0.122976184,0.0,0.0,0.29848167300224304
YAL056W,YMR116C,0,-0.12302618,0.0,0.0,0.2985725998878479
YOR016C,YER178W,0,-0.12303881,0.0,0.0,0.29866352677345276
YDR359C,YNL216W,0,-0.1231828,0.0,0.0,0.29875442385673523
YOR172W,YLR409C,0,-0.12320776,0.0,0.0,0.2988453507423401
YDL134C-A,YOL135C,0,-0.123294264,0.0,0.0,0.29893627762794495
YHR214C-C,YMR091C,0,-0.1233411,0.0,0.0,0.2990271747112274
YBR218C,YDR098C-B,0,-0.12343786,0.0,0.0,0.2991181015968323
YDL209C,YHL006C,0,-0.12356082,0.0,0.0,0.29920902848243713
YBR060C,YNL063W,0,-0.123624936,0.0,0.0,0.2992999255657196
YDL105W,YAL030W,0,-0.123723894,0.0,0.0,0.29939085245132446
YGR161C-D,YOR271C,0,-0.12373405,0.0,0.0,0.2994817793369293
YJL059W,YGR161W-A,0,-0.12400347,0.0,0.0,0.2995726764202118
YOR371C,YLR229C,0,-0.12405331,0.0,0.0,0.29966360330581665
YLL031C,YDR316W-B,0,-0.1241806,0.0,0.0,0.2997545301914215
YJR027W,YDL123W,0,-0.12470207,0.0,0.0,0.299845427274704
YOL076W,YDR227W,0,-0.124824785,0.0,0.0,0.29993635416030884
YGR178C,YOL103W-A,0,-0.12496433,0.0,0.0,0.3000272810459137
YOR264W,YJL167W,0,-0.12504646,0.0,0.0,0.30011817812919617
YIL014W,YEL051W,0,-0.12510924,0.0,0.0,0.300209105014801
YGR217W,YPL076W,0,-0.1253543,0.0,0.0,0.3003000319004059
YDR098C-A,YHR138C,0,-0.12541513,0.0,0.0,0.30039095878601074
YGR024C,YNL294C,0,-0.12549338,0.0,0.0,0.3004818558692932
YIL053W,YBR188C,0,-0.12551565,0.0,0.0,0.30057278275489807
YPR154W,YKL063C,0,-0.12570676,0.0,0.0,0.30066370964050293
YFL056C,YFR049W,0,-0.12571232,0.0,0.0,0.3007546067237854
YBR003W,YPL061W,0,-0.12582393,0.0,0.0,0.30084553360939026
YDR316W-B,YIL148W,0,-0.12586597,0.0,0.0,0.3009364604949951
YNL156C,YER071C,0,-0.12621146,0.0,0.0,0.3010273575782776
YGR109W-A,YER109C,0,-0.12627417,0.0,0.0,0.30111828446388245
YBL031W,YOR260W,0,-0.12629545,0.0,0.0,0.3012092113494873
YOR264W,YBR060C,0,-0.12633425,0.0,0.0,0.3013001084327698
YFR040W,YNR071C,0,-0.12635559,0.0,0.0,0.30139103531837463
YNL031C,YNL081C,0,-0.12636048,0.0,0.0,0.3014819622039795
YNR019W,YOR172W,0,-0.12638488,0.0,0.0,0.30157285928726196
YGR109W-A,YNL176C,0,-0.12638828,0.0,0.0,0.3016637861728668
YOR236W,YNL054W-A,0,-0.12639716,0.0,0.0,0.3017547130584717
YDR028C,YGR161C-D,0,-0.12648168,0.0,0.0,0.30184561014175415
YMR316W,YNL197C,0,-0.12653501,0.0,0.0,0.301936537027359
YDR427W,YPL234C,0,-0.1265609,0.0,0.0,0.30202746391296387
YOR127W,YOR212W,0,-0.12659687,0.0,0.0,0.30211836099624634
YBR114W,YLR075W,0,-0.12660567,0.0,0.0,0.3022092878818512
YDR316W-B,YNR071C,0,-0.12661432,0.0,0.0,0.30230021476745605
YOR049C,YOR343C-A,0,-0.12661432,0.0,0.0,0.3023911118507385
YCR058C,YKL063C,0,-0.12661432,0.0,0.0,0.3024820387363434
YCR035C,YDR210W-C,0,-0.12661432,0.0,0.0,0.30257296562194824
YLR115W,YOR343C-A,0,-0.12661432,0.0,0.0,0.3026638925075531
YHR122W,YER108C,0,-0.12661432,0.0,0.0,0.30275478959083557
YJL133C-A,YHL015W,0,-0.12661432,0.0,0.0,0.30284571647644043
YJL133C-A,YGR007W,0,-0.12661432,0.0,0.0,0.3029366433620453
YLR426W,YOR343C-A,0,-0.12661432,0.0,0.0,0.30302754044532776
YMR076C,YJL133C-A,0,-0.12661432,0.0,0.0,0.3031184673309326
YBR200W-A,YGL144C,0,-0.12661432,0.0,0.0,0.3032093942165375
YPL169C,YJL133C-A,0,-0.12661432,0.0,0.0,0.30330029129981995
YGR138C,YOR343C-A,0,-0.12661432,0.0,0.0,0.3033912181854248
YEL018W,YDR210W-C,0,-0.12661432,0.0,0.0,0.30348214507102966
YGR161W-A,YFL035C-A,0,-0.12661432,0.0,0.0,0.30357304215431213
YFL035C-B,YJR027W,0,-0.12661432,0.0,0.0,0.303663969039917
YBR200W-A,YGR193C,0,-0.12661432,0.0,0.0,0.30375489592552185
YBR200W-A,YHR139C,0,-0.12661432,0.0,0.0,0.3038457930088043
YJL133C-A,YDR179C,0,-0.12661432,0.0,0.0,0.3039367198944092
YBR200W-A,YKR007W,0,-0.12661432,0.0,0.0,0.30402764678001404
YLR185W,YJL133C-A,0,-0.12661432,0.0,0.0,0.3041185438632965
YDR210W-C,YJL196C,0,-0.12661432,0.0,0.0,0.30420947074890137
YCL012W,YHL050C,0,-0.12661432,0.0,0.0,0.3043003976345062
YCL005W-A,YPR003C,0,-0.12661432,0.0,0.0,0.3043912947177887
YJL133C-A,YNR030W,0,-0.12661432,0.0,0.0,0.30448222160339355
YKL026C,YDR210W-C,0,-0.12661432,0.0,0.0,0.3045731484889984
YBR200W-A,YOR078W,0,-0.12661432,0.0,0.0,0.3046640455722809
YLR432W,YOR343C-A,0,-0.12661432,0.0,0.0,0.30475497245788574
YPL001W,YOR343C-A,0,-0.12661432,0.0,0.0,0.3048458993434906
YLR223C,YOR343C-A,0,-0.12661432,0.0,0.0,0.30493682622909546
YHL026C,YOR343C-A,0,-0.12661432,0.0,0.0,0.30502772331237793
YLR234W,YBR200W-A,0,-0.12661432,0.0,0.0,0.3051186501979828
YDL091C,YBR200W-A,0,-0.12661432,0.0,0.0,0.30520957708358765
YPR161C,YOR343C-A,0,-0.12661432,0.0,0.0,0.3053004741668701
YBR200W-A,YMR050C,0,-0.12661432,0.0,0.0,0.305391401052475
YIL069C,YOR343C-A,0,-0.12661432,0.0,0.0,0.30548232793807983
YDR210W-C,YNL063W,0,-0.12661432,0.0,0.0,0.3055732250213623
YDR210C-D,YNL216W,0,-0.12661432,0.0,0.0,0.30566415190696716
YCR045C,YOR343C-A,0,-0.12661432,0.0,0.0,0.305755078792572
YML133C,YCR058C,0,-0.12661432,0.0,0.0,0.3058459758758545
YJL181W,YFL018W-A,0,-0.12661432,0.0,0.0,0.30593690276145935
YKL138C-A,YKL063C,0,-0.12661432,0.0,0.0,0.3060278296470642
YBR090C-A,YMR226C,0,-0.12661432,0.0,0.0,0.3061187267303467
YCL012W,YDL119C,0,-0.12661432,0.0,0.0,0.30620965361595154
YDR040C,YOR343C-A,0,-0.12661432,0.0,0.0,0.3063005805015564
YJL133C-A,YCL001W,0,-0.12661432,0.0,0.0,0.30639147758483887
YOL086W-A,YGR161C-D,0,-0.12661432,0.0,0.0,0.3064824044704437
YIL075C,YOR343C-A,0,-0.12661432,0.0,0.0,0.3065733313560486
YBR200W-A,YLR411W,0,-0.12661432,0.0,0.0,0.30666422843933105
YNL031C,YJL133C-A,0,-0.12661432,0.0,0.0,0.3067551553249359
YHR139C,YDR210W-C,0,-0.12661432,0.0,0.0,0.30684608221054077
YOL086W-A,YOR343C-A,0,-0.12661432,0.0,0.0,0.30693700909614563
YOR343C-A,YCR038C,0,-0.12661432,0.0,0.0,0.3070279061794281
YDR343C,YDR210W-C,0,-0.12661432,0.0,0.0,0.30711883306503296
YPL210C,YDR210W-C,0,-0.12661432,0.0,0.0,0.3072097599506378
YPL120W,YBR200W-A,0,-0.12661432,0.0,0.0,0.3073006570339203
YKR095W-A,YMR226C,0,-0.12661432,0.0,0.0,0.30739158391952515
YBR200W-A,YPL239W,0,-0.12661432,0.0,0.0,0.30748251080513
YBR200W-A,YGR030C,0,-0.12661432,0.0,0.0,0.3075734078884125
YDR210W-C,YKL051W,0,-0.12661432,0.0,0.0,0.30766433477401733
YOR262W,YCL012W,0,-0.12661432,0.0,0.0,0.3077552616596222
YFR016C,YHR214C-C,0,-0.12661432,0.0,0.0,0.30784615874290466
YDR210W-C,YIR031C,0,-0.12661432,0.0,0.0,0.3079370856285095
YMR234W,YOR343C-A,0,-0.12661432,0.0,0.0,0.3080280125141144
YGR193C,YDR210W-C,0,-0.12661432,0.0,0.0,0.30811890959739685
YNR037C,YOR343C-A,0,-0.12661432,0.0,0.0,0.3082098364830017
YDR210C-D,YBR090C-A,0,-0.12661432,0.0,0.0,0.30830076336860657
YJL133C-A,YGL064C,0,-0.12661432,0.0,0.0,0.30839166045188904
YFR024C,YMR050C,0,-0.12661432,0.0,0.0,0.3084825873374939
YDR210W-C,YBR023C,0,-0.12661432,0.0,0.0,0.30857351422309875
YJL133C-A,YJR052W,0,-0.12661432,0.0,0.0,0.3086644113063812
YDR210W-C,YBL091C,0,-0.12661432,0.0,0.0,0.3087553381919861
YPR097W,YLR154W-C,0,-0.12661432,0.0,0.0,0.30884626507759094
YDR343C,YOR343C-A,0,-0.12661432,0.0,0.0,0.3089371621608734
YER072W,YJL133C-A,0,-0.12661432,0.0,0.0,0.30902808904647827
YDR210W-C,YGR138C,0,-0.12661432,0.0,0.0,0.30911901593208313
YKR095W-A,YGR122W,0,-0.12661432,0.0,0.0,0.309209942817688
YKL134C,YOR343C-A,0,-0.12661432,0.0,0.0,0.30930083990097046
YJL133C-A,YGR003W,0,-0.12661432,0.0,0.0,0.3093917667865753
YKR100C,YOR343C-A,0,-0.12661432,0.0,0.0,0.3094826936721802
YDR210W-C,YDR437W,0,-0.12661432,0.0,0.0,0.30957359075546265
YFR025C,YOR343C-A,0,-0.12661432,0.0,0.0,0.3096645176410675
YGR046W,YBR200W-A,0,-0.12661432,0.0,0.0,0.30975544452667236
YER176W,YDR316W-B,0,-0.12661432,0.0,0.0,0.30984634160995483
YPR003C,YHR079C-B,0,-0.12661432,0.0,0.0,0.3099372684955597
YNL024C,YCL012W,0,-0.12661432,0.0,0.0,0.31002819538116455
YBR200W-A,YER139C,0,-0.12661432,0.0,0.0,0.310119092464447
YER041W,YBR200W-A,0,-0.12661432,0.0,0.0,0.3102100193500519
YGR283C,YFL018W-A,0,-0.12661432,0.0,0.0,0.31030094623565674
YNL286W,YOR343C-A,0,-0.12661432,0.0,0.0,0.3103918433189392
YBR208C,YDR210W-C,0,-0.12661432,0.0,0.0,0.31048277020454407
YJL133C-A,YLR075W,0,-0.12661432,0.0,0.0,0.3105736970901489
YKR095W-A,YOL086W-A,0,-0.12661432,0.0,0.0,0.3106645941734314
YGR161W-A,YEL032W,0,-0.12661432,0.0,0.0,0.31075552105903625
YBR200W-A,YMR242C,0,-0.12661432,0.0,0.0,0.3108464479446411
YLR085C,YDR210W-C,0,-0.12661432,0.0,0.0,0.3109373450279236
YDR039C,YDR210W-C,0,-0.12661432,0.0,0.0,0.31102827191352844
YHR204W,YJL133C-A,0,-0.12661432,0.0,0.0,0.3111191987991333
YNL041C,YDR210W-C,0,-0.12661432,0.0,0.0,0.31121009588241577
YCR016W,YOR343C-A,0,-0.12661432,0.0,0.0,0.31130102276802063
YBR090C-A,YNR071C,0,-0.12661432,0.0,0.0,0.3113919496536255
YPR158W-B,YNR071C,0,-0.12661432,0.0,0.0,0.31148287653923035
YBR090C-A,YHR080C,0,-0.12661432,0.0,0.0,0.3115737736225128
YJL133C-A,YPR120C,0,-0.12661432,0.0,0.0,0.3116647005081177
YBR200W-A,YER033C,0,-0.12661432,0.0,0.0,0.31175562739372253
YKL045W,YDR210W-C,0,-0.12661432,0.0,0.0,0.311846524477005
YDL081C,YDR210W-C,0,-0.12661432,0.0,0.0,0.31193745136260986
YBR200W-A,YMR177W,0,-0.12661432,0.0,0.0,0.3120283782482147
YOR262W,YPL040C,0,-0.12675565,0.0,0.0,0.3121192753314972
YJR035W,YOR236W,0,-0.12695359,0.0,0.0,0.31221020221710205
YMR225C,YPL193W,0,-0.12709069,0.0,0.0,0.3123011291027069
YNL031C,YNR055C,0,-0.12723611,0.0,0.0,0.3123920261859894
YDL134C-A,YKR031C,0,-0.12732217,0.0,0.0,0.31248295307159424
YGR099W,YPR057W,0,-0.12732303,0.0,0.0,0.3125738799571991
YMR041C,YNL038W,0,-0.1273872,0.0,0.0,0.31266477704048157
YPL141C,YER015W,0,-0.1274326,0.0,0.0,0.3127557039260864
YMR313C,YDR019C,0,-0.12759553,0.0,0.0,0.3128466308116913
YJR046W,YHR138C,0,-0.12775333,0.0,0.0,0.31293752789497375
YER062C,YER014W,0,-0.12797013,0.0,0.0,0.3130284547805786
YCL016C,YDR100W,0,-0.12800187,0.0,0.0,0.31311938166618347
YHL038C,YGR161C-D,0,-0.12801638,0.0,0.0,0.31321027874946594
YPR158W-B,YML092C,0,-0.12803316,0.0,0.0,0.3133012056350708
YDL124W,YNL059C,0,-0.12807876,0.0,0.0,0.31339213252067566
YDR398W,YPL056C,0,-0.1282708,0.0,0.0,0.31348302960395813
YFR027W,YPR003C,0,-0.12835497,0.0,0.0,0.313573956489563
YBR095C,YDR103W,0,-0.12843117,0.0,0.0,0.31366488337516785
YDR210C-D,YBL007C,0,-0.12874398,0.0,0.0,0.3137558102607727
YLR058C,YBR212W,0,-0.12879768,0.0,0.0,0.3138467073440552
YPR071W,YNL066W,0,-0.12889487,0.0,0.0,0.31393763422966003
YDR210C-D,YLR181C,0,-0.12900145,0.0,0.0,0.3140285611152649
YOR034C,YGR161C-D,0,-0.12912673,0.0,0.0,0.31411945819854736
YKR053C,YIL096C,0,-0.12916696,0.0,0.0,0.3142103850841522
YGR030C,YLL021W,0,-0.12934846,0.0,0.0,0.3143013119697571
YDR098C-A,YDR500C,0,-0.1293906,0.0,0.0,0.31439220905303955
YFR047C,YFL018W-A,0,-0.12941119,0.0,0.0,0.3144831359386444
YOL144W,YDR045C,0,-0.12947898,0.0,0.0,0.31457406282424927
YGR109W-A,YPL161C,0,-0.1295551,0.0,0.0,0.31466495990753174
YHR035W,YNL066W,0,-0.12955643,0.0,0.0,0.3147558867931366
YML041C,YOR363C,0,-0.12966198,0.0,0.0,0.31484681367874146
YDL149W,YCL054W,0,-0.12969482,0.0,0.0,0.3149377107620239
YPL234C,YCR058C,0,-0.12970336,0.0,0.0,0.3150286376476288
YFR031C-A,YDR098C-A,0,-0.12996231,0.0,0.0,0.31511956453323364
YLR284C,YHR118C,0,-0.13007155,0.0,0.0,0.3152104616165161
YKL052C,YLL053C,0,-0.13012178,0.0,0.0,0.31530138850212097
YPR095C,YNL041C,0,-0.13033648,0.0,0.0,0.31539231538772583
YNL183C,YBR045C,0,-0.13034931,0.0,0.0,0.3154832124710083
YGL067W,YCR021C,0,-0.13040744,0.0,0.0,0.31557413935661316
YNL243W,YHL011C,0,-0.13048522,0.0,0.0,0.315665066242218
YKL006C-A,YGL115W,0,-0.13101493,0.0,0.0,0.3157559633255005
YGL058W,YMR195W,0,-0.13111414,0.0,0.0,0.31584689021110535
YPR003C,YLR175W,0,-0.13113225,0.0,0.0,0.3159378170967102
YDR365W-A,YCL035C,0,-0.1311456,0.0,0.0,0.31602874398231506
YML098W,YDR268W,0,-0.13127707,0.0,0.0,0.31611964106559753
YOL076W,YNL123W,0,-0.13133693,0.0,0.0,0.3162105679512024
YBL016W,YDL159W,0,-0.13145095,0.0,0.0,0.31630149483680725
YGL045W,YHR111W,0,-0.13147649,0.0,0.0,0.3163923919200897
YGL046W,YLR083C,0,-0.13164127,0.0,0.0,0.3164833188056946
YHL031C,YLR055C,0,-0.13178545,0.0,0.0,0.31657424569129944
YFR047C,YJR120W,0,-0.13181129,0.0,0.0,0.3166651427745819
YPL058C,YHR190W,0,-0.1318228,0.0,0.0,0.31675606966018677
YKL194C,YJR054W,0,-0.13183007,0.0,0.0,0.3168469965457916
YPR143W,YHR020W,0,-0.13199717,0.0,0.0,0.3169378936290741
YOR090C,YLR154W-C,0,-0.13202551,0.0,0.0,0.31702882051467896
YDR127W,YLR004C,0,-0.13204351,0.0,0.0,0.3171197474002838
YOR380W,YMR275C,0,-0.132068,0.0,0.0,0.3172106444835663
YIL008W,YAL056W,0,-0.13209891,0.0,0.0,0.31730157136917114
YJL162C,YHR214C-C,0,-0.13209979,0.0,0.0,0.317392498254776
YDR384C,YKL051W,0,-0.13237765,0.0,0.0,0.31748339533805847
YDR316W-B,YDL139C,0,-0.13242558,0.0,0.0,0.31757432222366333
YNL167C,YER060W,0,-0.13277653,0.0,0.0,0.3176652491092682
YJR052W,YCR106W,0,-0.13278511,0.0,0.0,0.31775614619255066
YFL011W,YBR016W,0,-0.13291134,0.0,0.0,0.3178470730781555
YOR359W,YDR257C,0,-0.1330375,0.0,0.0,0.3179379999637604
YPL210C,YML031W,0,-0.13311738,0.0,0.0,0.31802889704704285
YMR316W,YNL298W,0,-0.13313864,0.0,0.0,0.3181198239326477
YNL294C,YGR040W,0,-0.13322976,0.0,0.0,0.31821075081825256
YPL130W,YIL009W,0,-0.13349767,0.0,0.0,0.3183016777038574
YML023C,YAL048C,0,-0.13350743,0.0,0.0,0.3183925747871399
YLR102C,YNL123W,0,-0.13356474,0.0,0.0,0.31848350167274475
YOR081C,YOR078W,0,-0.13366295,0.0,0.0,0.3185744285583496
YOR189W,YLR060W,0,-0.13369277,0.0,0.0,0.3186653256416321
YDR210C-D,YJL098W,0,-0.13380668,0.0,0.0,0.31875625252723694
YKL194C,YOR172W,0,-0.13383883,0.0,0.0,0.3188471794128418
YDR204W,YPL253C,0,-0.1339139,0.0,0.0,0.31893807649612427
YML059C,YOR078W,0,-0.13408475,0.0,0.0,0.3190290033817291
YCL044C,YDR273W,0,-0.13411343,0.0,0.0,0.319119930267334
YDR098C-A,YFL049W,0,-0.13419113,0.0,0.0,0.31921082735061646
YNL250W,YIL007C,0,-0.13420966,0.0,0.0,0.3193017542362213
YDL134C-A,YMR133W,0,-0.13422607,0.0,0.0,0.31939268112182617
YDR098C-A,YJL096W,0,-0.13439026,0.0,0.0,0.31948357820510864
YLR215C,YGR109W-A,0,-0.134433,0.0,0.0,0.3195745050907135
YOL154W,YKL063C,0,-0.1346085,0.0,0.0,0.31966543197631836
YDR375C,YFR050C,0,-0.13466495,0.0,0.0,0.31975632905960083
YNL298W,YOR275C,0,-0.13474861,0.0,0.0,0.3198472559452057
YPR143W,YJL096W,0,-0.13479462,0.0,0.0,0.31993818283081055
YNL190W,YPR155C,0,-0.13515559,0.0,0.0,0.320029079914093
YKL043W,YBR212W,0,-0.13515824,0.0,0.0,0.3201200067996979
YLR185W,YHL026C,0,-0.13533592,0.0,0.0,0.32021093368530273
YMR313C,YGL151W,0,-0.13552365,0.0,0.0,0.3203018307685852
YLL066C,YIL144W,0,-0.13563961,0.0,0.0,0.32039275765419006
YPR046W,YHL021C,0,-0.13575062,0.0,0.0,0.3204836845397949
YBR003W,YLR154W-C,0,-0.13579744,0.0,0.0,0.3205746114253998
YHR096C,YLR288C,0,-0.135874,0.0,0.0,0.32066550850868225
YDR422C,YMR133W,0,-0.13591598,0.0,0.0,0.3207564353942871
YDR098C-A,YJR123W,0,-0.13594171,0.0,0.0,0.32084736227989197
YFR016C,YMR237W,0,-0.13605143,0.0,0.0,0.32093825936317444
YER031C,YML096W,0,-0.13607313,0.0,0.0,0.3210291862487793
YJL181W,YOR341W,0,-0.13621788,0.0,0.0,0.32112011313438416
YDL100C,YIL096C,0,-0.13645202,0.0,0.0,0.3212110102176666
YMR081C,YHR202W,0,-0.13670297,0.0,0.0,0.3213019371032715
YDR259C,YMR156C,0,-0.13672164,0.0,0.0,0.32139286398887634
YPL262W,YKR099W,0,-0.13682821,0.0,0.0,0.3214837610721588
YHR148W,YOL009C,0,-0.13688424,0.0,0.0,0.32157468795776367
YHR118C,YDR365W-A,0,-0.13705182,0.0,0.0,0.32166561484336853
YBR189W,YPL262W,0,-0.13706034,0.0,0.0,0.321756511926651
YAL015C,YLR023C,0,-0.13707861,0.0,0.0,0.32184743881225586
YJL078C,YIR019C,0,-0.13715991,0.0,0.0,0.3219383656978607
YEL039C,YPR097W,0,-0.13717288,0.0,0.0,0.3220292627811432
YOR080W,YBR066C,0,-0.13735983,0.0,0.0,0.32212018966674805
YKL145W,YPL006W,0,-0.13736165,0.0,0.0,0.3222111165523529
YGR254W,YOR258W,0,-0.13744187,0.0,0.0,0.3223020136356354
YGL104C,YPL056C,0,-0.13750024,0.0,0.0,0.32239294052124023
YNL167C,YOR132W,0,-0.13763192,0.0,0.0,0.3224838674068451
YNL294C,YHL007C,0,-0.13772875,0.0,0.0,0.32257479429244995
YPL175W,YER108C,0,-0.13803563,0.0,0.0,0.3226656913757324
YDR127W,YDL211C,0,-0.13803743,0.0,0.0,0.3227566182613373
YLR432W,YFR049W,0,-0.13816786,0.0,0.0,0.32284754514694214
YGR109W-A,YDR234W,0,-0.13816994,0.0,0.0,0.3229384422302246
YJL021C,YDR025W,0,-0.13818502,0.0,0.0,0.32302936911582947
YDR201W,YNL176C,0,-0.13827357,0.0,0.0,0.3231202960014343
YKL016C,YBL100W-B,0,-0.13836002,0.0,0.0,0.3232111930847168
YAR042W,YIL130W,0,-0.13848445,0.0,0.0,0.32330211997032166
YPL207W,YDR002W,0,-0.13864632,0.0,0.0,0.3233930468559265
YFR024C,YOL144W,0,-0.13876484,0.0,0.0,0.323483943939209
YOR034C,YDR308C,0,-0.13885882,0.0,0.0,0.32357487082481384
YIL007C,YOR059C,0,-0.13886064,0.0,0.0,0.3236657977104187
YOR241W,YHR214C-C,0,-0.13887142,0.0,0.0,0.32375669479370117
YBR034C,YOR026W,0,-0.13888356,0.0,0.0,0.32384762167930603
YDR188W,YBR248C,0,-0.13916498,0.0,0.0,0.3239385485649109
YPR158W-B,YDR078C,0,-0.13942891,0.0,0.0,0.32402944564819336
YJR084W,YER071C,0,-0.1394688,0.0,0.0,0.3241203725337982
YIL118W,YNL176C,0,-0.13949858,0.0,0.0,0.3242112994194031
YHR214W,YIL148W,0,-0.13968682,0.0,0.0,0.32430219650268555
YLR227W-A,YPL254W,0,-0.139707,0.0,0.0,0.3243931233882904
YER027C,YGL121C,0,-0.13979617,0.0,0.0,0.32448405027389526
YBR065C,YCR065W,0,-0.1398246,0.0,0.0,0.32457494735717773
YDR309C,YIL167W,0,-0.14028901,0.0,0.0,0.3246658742427826
YDR377W,YBR301W,0,-0.14037117,0.0,0.0,0.32475680112838745
YGR099W,YGR109W-A,0,-0.14045587,0.0,0.0,0.3248477280139923
YDR361C,YJL026W,0,-0.14049326,0.0,0.0,0.3249386250972748
YHR185C,YOL103W-A,0,-0.14067094,0.0,0.0,0.32502955198287964
YHR201C,YNL294C,0,-0.1407227,0.0,0.0,0.3251204788684845
YLR011W,YHR193C,0,-0.14090522,0.0,0.0,0.32521137595176697
YLR118C,YDR122W,0,-0.14111558,0.0,0.0,0.3253023028373718
YNL251C,YOL052C-A,0,-0.14130048,0.0,0.0,0.3253932297229767
YLR345W,YER032W,0,-0.14131713,0.0,0.0,0.32548412680625916
YLR227W-A,YKL145W,0,-0.14149818,0.0,0.0,0.325575053691864
YDR516C,YDR365W-A,0,-0.14158344,0.0,0.0,0.32566598057746887
YAR042W,YNL063W,0,-0.14187115,0.0,0.0,0.32575687766075134
YIL043C,YLR466W,0,-0.14203455,0.0,0.0,0.3258478045463562
YKL029C,YPR010C,0,-0.1420682,0.0,0.0,0.32593873143196106
YLR227W-A,YPR071W,0,-0.14211352,0.0,0.0,0.32602962851524353
YBR114W,YHR079C-B,0,-0.14217213,0.0,0.0,0.3261205554008484
YPR055W,YCR024C,0,-0.14221081,0.0,0.0,0.32621148228645325
YLR361C,YGR109W-A,0,-0.14222798,0.0,0.0,0.3263023793697357
YDR043C,YPL049C,0,-0.14230704,0.0,0.0,0.3263933062553406
YPR067W,YBR131W,0,-0.14231391,0.0,0.0,0.32648423314094543
YLL018C,YOR129C,0,-0.14240307,0.0,0.0,0.3265751302242279
YOL121C,YKL138C,0,-0.14242224,0.0,0.0,0.32666605710983276
YNL284C-B,YKL110C,0,-0.14262247,0.0,0.0,0.3267569839954376
YIL005W,YPL010W,0,-0.14293893,0.0,0.0,0.3268478810787201
YIL014W,YNL023C,0,-0.14322773,0.0,0.0,0.32693880796432495
YPR148C,YCR044C,0,-0.14325011,0.0,0.0,0.3270297348499298
YMR158W,YOL086W-A,0,-0.14327395,0.0,0.0,0.32712066173553467
YHL038C,YNL054W-A,0,-0.14334056,0.0,0.0,0.32721155881881714
YHR122W,YLR060W,0,-0.14350376,0.0,0.0,0.327302485704422
YPL203W,YOR127W,0,-0.14362484,0.0,0.0,0.32739341259002686
YDR386W,YML096W,0,-0.14367221,0.0,0.0,0.3274843096733093
YJL110C,YEL018W,0,-0.14367297,0.0,0.0,0.3275752365589142
YPR055W,YOL032W,0,-0.14383571,0.0,0.0,0.32766616344451904
YLL031C,YGR057C,0,-0.1439254,0.0,0.0,0.3277570605278015
YCR038C,YPL254W,0,-0.14394815,0.0,0.0,0.32784798741340637
YOR241W,YOR358W,0,-0.14396138,0.0,0.0,0.32793891429901123
YBR078W,YKL145W,0,-0.14402314,0.0,0.0,0.3280298113822937
YDL031W,YPL097W,0,-0.14409056,0.0,0.0,0.32812073826789856
YNL180C,YFL018W-A,0,-0.14411636,0.0,0.0,0.3282116651535034
YGR007W,YLR017W,0,-0.14412278,0.0,0.0,0.3283025622367859
YOR262W,YLL006W,0,-0.14429833,0.0,0.0,0.32839348912239075
YOL154W,YDR316W-B,0,-0.14441895,0.0,0.0,0.3284844160079956
YLR288C,YBR131W,0,-0.1446643,0.0,0.0,0.3285753130912781
YPL138C,YOL059W,0,-0.14508872,0.0,0.0,0.32866623997688293
YKR089C,YNL214W,0,-0.14510515,0.0,0.0,0.3287571668624878
YDR308C,YPR120C,0,-0.14517578,0.0,0.0,0.32884806394577026
YOR045W,YFL035C-B,0,-0.14535725,0.0,0.0,0.3289389908313751
YPL248C,YNR059W,0,-0.14545321,0.0,0.0,0.32902991771698
YDR127W,YML081W,0,-0.14547871,0.0,0.0,0.32912081480026245
YHR005C,YER053C-A,0,-0.14555037,0.0,0.0,0.3292117416858673
YJL181W,YOR004W,0,-0.14564407,0.0,0.0,0.32930266857147217
YKL054C,YDR105C,0,-0.14572829,0.0,0.0,0.329393595457077
YDR105C,YJL001W,0,-0.14576232,0.0,0.0,0.3294844925403595
YJL012C,YJR117W,0,-0.14581239,0.0,0.0,0.32957541942596436
YHR146W,YFR053C,0,-0.14590321,0.0,0.0,0.3296663463115692
YDL031W,YKL005C,0,-0.14596024,0.0,0.0,0.3297572433948517
YLR362W,YDR480W,0,-0.14608616,0.0,0.0,0.32984817028045654
YGR217W,YOL012C,0,-0.14619617,0.0,0.0,0.3299390971660614
YLL066C,YOR059C,0,-0.14620268,0.0,0.0,0.33002999424934387
YNL328C,YBR149W,0,-0.14626944,0.0,0.0,0.33012092113494873
YML023C,YDR316W-B,0,-0.14626983,0.0,0.0,0.3302118480205536
YIL075C,YNL048W,0,-0.14628826,0.0,0.0,0.33030274510383606
YBR109C,YDR316W-B,0,-0.14650816,0.0,0.0,0.3303936719894409
YNL020C,YDR098C-B,0,-0.14652279,0.0,0.0,0.3304845988750458
YKR093W,YNL317W,0,-0.1467487,0.0,0.0,0.33057549595832825
YGL067W,YLR044C,0,-0.1467775,0.0,0.0,0.3306664228439331
YDR309C,YDR359C,0,-0.1468184,0.0,0.0,0.33075734972953796
YOL059W,YDR301W,0,-0.14683647,0.0,0.0,0.33084824681282043
YNL181W,YGL107C,0,-0.14684753,0.0,0.0,0.3309391736984253
YGL005C,YOR079C,0,-0.14690563,0.0,0.0,0.33103010058403015
YPR097W,YML031W,0,-0.14690949,0.0,0.0,0.3311209976673126
YML011C,YDR210C-D,0,-0.14741464,0.0,0.0,0.3312119245529175
YEL044W,YOR195W,0,-0.14769271,0.0,0.0,0.33130285143852234
YPR034W,YLL021W,0,-0.14824536,0.0,0.0,0.3313937485218048
YML023C,YGR017W,0,-0.14834404,0.0,0.0,0.33148467540740967
YOR273C,YMR153W,0,-0.1483869,0.0,0.0,0.3315756022930145
YGL121C,YBR095C,0,-0.14840204,0.0,0.0,0.3316665291786194
YGL189C,YMR063W,0,-0.1485424,0.0,0.0,0.33175742626190186
YBR066C,YDR480W,0,-0.14864194,0.0,0.0,0.3318483531475067
YHR185C,YGL105W,0,-0.14879216,0.0,0.0,0.3319392800331116
YDL134C-A,YIL153W,0,-0.14880578,0.0,0.0,0.33203017711639404
YAL068C,YLR068W,0,-0.14892016,0.0,0.0,0.3321211040019989
YCR021C,YNR052C,0,-0.14897282,0.0,0.0,0.33221203088760376
YBL038W,YLR001C,0,-0.14901677,0.0,0.0,0.33230292797088623
YGR161W-A,YAL051W,0,-0.14903384,0.0,0.0,0.3323938548564911
YMR207C,YHL026C,0,-0.14911558,0.0,0.0,0.33248478174209595
YLR227W-A,YIL107C,0,-0.1492281,0.0,0.0,0.3325756788253784
YFL035C-B,YOR383C,0,-0.14948651,0.0,0.0,0.3326666057109833
YLR227W-A,YHL006C,0,-0.14977396,0.0,0.0,0.33275753259658813
YEL024W,YKL114C,0,-0.14987794,0.0,0.0,0.3328484296798706
YGR244C,YKL006W,0,-0.15029019,0.0,0.0,0.33293935656547546
YGL142C,YLR092W,0,-0.15038836,0.0,0.0,0.3330302834510803
YJL059W,YDR381W,0,-0.15041247,0.0,0.0,0.3331211805343628
YHL003C,YML013W,0,-0.1507281,0.0,0.0,0.33321210741996765
YLR039C,YOR195W,0,-0.1511175,0.0,0.0,0.3333030343055725
YPL140C,YER159C,0,-0.15132518,0.0,0.0,0.333393931388855
YGR103W,YDR276C,0,-0.15133186,0.0,0.0,0.33348485827445984
YLR006C,YPL075W,0,-0.15136153,0.0,0.0,0.3335757851600647
YER108C,YBR083W,0,-0.15151146,0.0,0.0,0.33366668224334717
YER179W,YAL007C,0,-0.15151532,0.0,0.0,0.333757609128952
YDR098C-A,YEL001C,0,-0.15165742,0.0,0.0,0.3338485360145569
YER044C-A,YDL119C,0,-0.15180442,0.0,0.0,0.33393946290016174
YNL183C,YKL006W,0,-0.15216401,0.0,0.0,0.3340303599834442
YDL247W,YPR169W,0,-0.15221512,0.0,0.0,0.3341212868690491
YDR129C,YCR031C,0,-0.15263474,0.0,0.0,0.33421221375465393
YDL087C,YBR193C,0,-0.15277329,0.0,0.0,0.3343031108379364
YHR205W,YLR004C,0,-0.15287703,0.0,0.0,0.33439403772354126
YKL194C,YPL140C,0,-0.15314884,0.0,0.0,0.3344849646091461
YNL287W,YER053C-A,0,-0.15317732,0.0,0.0,0.3345758616924286
YJR153W,YHR080C,0,-0.15318282,0.0,0.0,0.33466678857803345
YNL194C,YLR061W,0,-0.15325353,0.0,0.0,0.3347577154636383
YER178W,YNR033W,0,-0.15334718,0.0,0.0,0.3348486125469208
YKL033W,YPR114W,0,-0.1534831,0.0,0.0,0.33493953943252563
YBR091C,YPR034W,0,-0.15349177,0.0,0.0,0.3350304663181305
YFR010W,YPL146C,0,-0.15350655,0.0,0.0,0.33512136340141296
YOL029C,YNR052C,0,-0.15370065,0.0,0.0,0.3352122902870178
YLR442C,YDR276C,0,-0.15379405,0.0,0.0,0.3353032171726227
YKR075C,YER038C,0,-0.15395191,0.0,0.0,0.33539411425590515
YNL137C,YDR434W,0,-0.1540492,0.0,0.0,0.33548504114151
YGL073W,YDR367W,0,-0.15421888,0.0,0.0,0.33557596802711487
YER109C,YDR480W,0,-0.15435597,0.0,0.0,0.33566686511039734
YLL031C,YML004C,0,-0.15459248,0.0,0.0,0.3357577919960022
YDR513W,YNL287W,0,-0.15467377,0.0,0.0,0.33584871888160706
YDR261C,YER053C-A,0,-0.15471882,0.0,0.0,0.3359396457672119
YOR027W,YDR381W,0,-0.1549235,0.0,0.0,0.3360305428504944
YDR098C-A,YHR210C,0,-0.1550114,0.0,0.0,0.33612146973609924
YNL103W,YLR345W,0,-0.1550551,0.0,0.0,0.3362123966217041
YDR100W,YBR023C,0,-0.15507391,0.0,0.0,0.3363032937049866
YDR480W,YGR040W,0,-0.15529771,0.0,0.0,0.33639422059059143
YOR383C,YPR057W,0,-0.15545037,0.0,0.0,0.3364851474761963
YAL019W,YDR284C,0,-0.15550068,0.0,0.0,0.33657604455947876
YER179W,YDL211C,0,-0.15554373,0.0,0.0,0.3366669714450836
YBR091C,YKL077W,0,-0.15567899,0.0,0.0,0.3367578983306885
YPR003C,YIL038C,0,-0.15582494,0.0,0.0,0.33684879541397095
YPR071W,YBL047C,0,-0.15582678,0.0,0.0,0.3369397222995758
YFR047C,YBR028C,0,-0.15596035,0.0,0.0,0.33703064918518066
YJL026W,YPR097W,0,-0.15601929,0.0,0.0,0.33712154626846313
YML127W,YLR044C,0,-0.1564683,0.0,0.0,0.337212473154068
YAL011W,YMR002W,0,-0.1565524,0.0,0.0,0.33730340003967285
YKR100C,YBR086C,0,-0.1566408,0.0,0.0,0.3373942971229553
YHR111W,YGR040W,0,-0.15673935,0.0,0.0,0.3374852240085602
YDR098C-A,YCR024C,0,-0.15697646,0.0,0.0,0.33757615089416504
YHR073W,YPL115C,0,-0.15705998,0.0,0.0,0.3376670479774475
YHR204W,YNR030W,0,-0.1578556,0.0,0.0,0.33775797486305237
YHR120W,YGR260W,0,-0.15793434,0.0,0.0,0.3378489017486572
YKL194C,YPL179W,0,-0.15835439,0.0,0.0,0.3379397988319397
YJR102C,YFL018W-A,0,-0.15846373,0.0,0.0,0.33803072571754456
YGR109W-A,YDR002W,0,-0.15870093,0.0,0.0,0.3381216526031494
YPL169C,YBR090C-A,0,-0.15888394,0.0,0.0,0.3382125794887543
YPL141C,YLR413W,0,-0.15889555,0.0,0.0,0.33830347657203674
YOL032W,YNR030W,0,-0.1589877,0.0,0.0,0.3383944034576416
YOR027W,YDR438W,0,-0.15919727,0.0,0.0,0.33848533034324646
YIL075C,YMR081C,0,-0.15922889,0.0,0.0,0.33857622742652893
YKR083C,YGR161C-D,0,-0.15944675,0.0,0.0,0.3386671543121338
YPL280W,YCL016C,0,-0.15953521,0.0,0.0,0.33875808119773865
YDL003W,YMR059W,0,-0.15981686,0.0,0.0,0.3388489782810211
YIL156W,YER071C,0,-0.15985805,0.0,0.0,0.338939905166626
YGR083C,YDR135C,0,-0.1601259,0.0,0.0,0.33903083205223083
YBR295W,YDR057W,0,-0.16035223,0.0,0.0,0.3391217291355133
YML107C,YER060W-A,0,-0.16052061,0.0,0.0,0.33921265602111816
YDR213W,YLR352W,0,-0.16057064,0.0,0.0,0.339303582906723
YBR153W,YLR247C,0,-0.16064455,0.0,0.0,0.3393944799900055
YER044C-A,YBR034C,0,-0.16068721,0.0,0.0,0.33948540687561035
YGL063W,YMR195W,0,-0.16095775,0.0,0.0,0.3395763337612152
YDL098C,YMR149W,0,-0.1609818,0.0,0.0,0.3396672308444977
YHR120W,YGR161C-D,0,-0.16099258,0.0,0.0,0.33975815773010254
YHR149C,YHR138C,0,-0.1610533,0.0,0.0,0.3398490846157074
YOL103W-A,YMR149W,0,-0.16106041,0.0,0.0,0.33993998169898987
YJL089W,YFL018W-A,0,-0.16118704,0.0,0.0,0.3400309085845947
YLR083C,YHR111W,0,-0.16123092,0.0,0.0,0.3401218354701996
YCL017C,YML082W,0,-0.16129395,0.0,0.0,0.34021273255348206
YJR084W,YDR040C,0,-0.16134018,0.0,0.0,0.3403036594390869
YNL103W,YBR130C,0,-0.16135189,0.0,0.0,0.3403945863246918
YNL094W,YPL076W,0,-0.16139199,0.0,0.0,0.34048551321029663
YNL023C,YGL195W,0,-0.16149011,0.0,0.0,0.3405764102935791
YLR442C,YHR122W,0,-0.16157106,0.0,0.0,0.34066733717918396
YDL093W,YHR079C-B,0,-0.16194052,0.0,0.0,0.3407582640647888
YKL141W,YGR181W,0,-0.16198482,0.0,0.0,0.3408491611480713
YGL058W,YOR254C,0,-0.16220328,0.0,0.0,0.34094008803367615
YPR158W-B,YMR048W,0,-0.16223171,0.0,0.0,0.341031014919281
YMR076C,YJL186W,0,-0.16250807,0.0,0.0,0.3411219120025635
YDR075W,YPR114W,0,-0.16288495,0.0,0.0,0.34121283888816833
YER100W,YDR439W,0,-0.16291666,0.0,0.0,0.3413037657737732
YGL093W,YGL111W,0,-0.16293254,0.0,0.0,0.34139466285705566
YDR028C,YKL058W,0,-0.16311851,0.0,0.0,0.3414855897426605
YIL030C,YPR148C,0,-0.16331491,0.0,0.0,0.3415765166282654
YML107C,YNL161W,0,-0.16334277,0.0,0.0,0.34166741371154785
YML061C,YHR194W,0,-0.16345158,0.0,0.0,0.3417583405971527
YMR316W,YDR103W,0,-0.16347773,0.0,0.0,0.34184926748275757
YJL045W,YGR245C,0,-0.16372055,0.0,0.0,0.34194016456604004
YDL154W,YDR234W,0,-0.16386352,0.0,0.0,0.3420310914516449
YPL209C,YDR308C,0,-0.16400388,0.0,0.0,0.34212201833724976
YHR204W,YDR516C,0,-0.16426471,0.0,0.0,0.3422129154205322
YBR083W,YHL007C,0,-0.16436249,0.0,0.0,0.3423038423061371
YPR188C,YJL197W,0,-0.16440053,0.0,0.0,0.34239476919174194
YOR316C,YDR078C,0,-0.16456729,0.0,0.0,0.3424856662750244
YML045W,YNR037C,0,-0.16470087,0.0,0.0,0.3425765931606293
YNL190W,YDR407C,0,-0.16496858,0.0,0.0,0.34266752004623413
YML076C,YBR301W,0,-0.16509342,0.0,0.0,0.342758446931839
YOR264W,YPL115C,0,-0.16522746,0.0,0.0,0.34284934401512146
YDL098C,YDR309C,0,-0.16556282,0.0,0.0,0.3429402709007263
YBR091C,YGL192W,0,-0.16564116,0.0,0.0,0.3430311977863312
YDR407C,YFL018W-A,0,-0.16567275,0.0,0.0,0.34312209486961365
YHR190W,YMR177W,0,-0.16577703,0.0,0.0,0.3432130217552185
YDR375C,YPL018W,0,-0.1657885,0.0,0.0,0.34330394864082336
YHR108W,YPL076W,0,-0.16584826,0.0,0.0,0.34339484572410583
YBR193C,YCL054W,0,-0.16606955,0.0,0.0,0.3434857726097107
YIL098C,YBR109C,0,-0.16608694,0.0,0.0,0.34357669949531555
YLR131C,YLL067C,0,-0.16618423,0.0,0.0,0.343667596578598
YNL142W,YNL194C,0,-0.16659534,0.0,0.0,0.3437585234642029
YOR004W,YDR359C,0,-0.16713797,0.0,0.0,0.34384945034980774
YDL247W,YPR155C,0,-0.1672287,0.0,0.0,0.3439403474330902
YER028C,YGL005C,0,-0.1672692,0.0,0.0,0.34403127431869507
YGR161W-A,YLR413W,0,-0.16727635,0.0,0.0,0.3441222012042999
YOR004W,YHR214C-C,0,-0.1673142,0.0,0.0,0.3442130982875824
YPL215W,YGR260W,0,-0.16736537,0.0,0.0,0.34430402517318726
YAL041W,YHR111W,0,-0.16741307,0.0,0.0,0.3443949520587921
YDL220C,YDR019C,0,-0.16759606,0.0,0.0,0.3444858491420746
YLL048C,YBR034C,0,-0.16762504,0.0,0.0,0.34457677602767944
YMR076C,YMR237W,0,-0.16773602,0.0,0.0,0.3446677029132843
YER044C-A,YDL117W,0,-0.1677851,0.0,0.0,0.3447585999965668
YHR108W,YDL046W,0,-0.16787556,0.0,0.0,0.34484952688217163
YPL209C,YHR205W,0,-0.16787678,0.0,0.0,0.3449404537677765
YOR264W,YPR128C,0,-0.16800801,0.0,0.0,0.34503138065338135
YOR363C,YJR054W,0,-0.16802801,0.0,0.0,0.3451222777366638
YMR053C,YER053C-A,0,-0.16820109,0.0,0.0,0.3452132046222687
YBR029C,YER053C-A,0,-0.16820109,0.0,0.0,0.34530413150787354
YNL263C,YER053C-A,0,-0.16820109,0.0,0.0,0.345395028591156
YFR038W,YER053C-A,0,-0.16820109,0.0,0.0,0.34548595547676086
YGL144C,YER053C-A,0,-0.16820109,0.0,0.0,0.3455768823623657
YKL029C,YDR517W,0,-0.16822922,0.0,0.0,0.3456677794456482
YLR194C,YJR035W,0,-0.16834973,0.0,0.0,0.34575870633125305
YML133C,YPR086W,0,-0.16856858,0.0,0.0,0.3458496332168579
YLR390W-A,YFL061W,0,-0.16889213,0.0,0.0,0.3459405303001404
YER027C,YLR083C,0,-0.16895315,0.0,0.0,0.34603145718574524
YGL129C,YGR122W,0,-0.1689541,0.0,0.0,0.3461223840713501
YHL028W,YER041W,0,-0.16923282,0.0,0.0,0.34621328115463257
YPR106W,YHR120W,0,-0.16932482,0.0,0.0,0.3463042080402374
YGR017W,YBL005W,0,-0.16938113,0.0,0.0,0.3463951349258423
YML100W,YBL014C,0,-0.16939226,0.0,0.0,0.34648603200912476
YJR150C,YBL025W,0,-0.16948211,0.0,0.0,0.3465769588947296
YDR345C,YFL005W,0,-0.16949522,0.0,0.0,0.3466678857803345
YLR227W-A,YGL127C,0,-0.1696935,0.0,0.0,0.34675878286361694
YCR024C,YGL240W,0,-0.16974705,0.0,0.0,0.3468497097492218
YDL124W,YGL231C,0,-0.16976611,0.0,0.0,0.34694063663482666
YJL057C,YHR005C,0,-0.16982247,0.0,0.0,0.34703153371810913
YOR273C,YOR272W,0,-0.16990593,0.0,0.0,0.347122460603714
YNL197C,YHL007C,0,-0.1701031,0.0,0.0,0.34721338748931885
YDR545W,YDR135C,0,-0.17015967,0.0,0.0,0.3473043143749237
YER113C,YIR019C,0,-0.17022666,0.0,0.0,0.3473952114582062
YHR201C,YCR044C,0,-0.1703837,0.0,0.0,0.34748613834381104
YHL017W,YHR158C,0,-0.17042156,0.0,0.0,0.3475770652294159
YDR316W-B,YLR384C,0,-0.17051609,0.0,0.0,0.34766796231269836
YOL020W,YML127W,0,-0.17053291,0.0,0.0,0.3477588891983032
YOR341W,YJL083W,0,-0.17081681,0.0,0.0,0.3478498160839081
YMR063W,YDR300C,0,-0.17088543,0.0,0.0,0.34794071316719055
YHL028W,YBR301W,0,-0.170957,0.0,0.0,0.3480316400527954
YHR079C-B,YDR087C,0,-0.17119622,0.0,0.0,0.34812256693840027
YOR027W,YOR060C,0,-0.17128828,0.0,0.0,0.34821346402168274
YDR280W,YHR080C,0,-0.17143266,0.0,0.0,0.3483043909072876
YDR098C-A,YGR253C,0,-0.17160562,0.0,0.0,0.34839531779289246
YNL233W,YHR005C,0,-0.17175928,0.0,0.0,0.3484862148761749
YNR032C-A,YJL083W,0,-0.17192143,0.0,0.0,0.3485771417617798
YLR315W,YOR156C,0,-0.17193815,0.0,0.0,0.34866806864738464
YDR377W,YMR242C,0,-0.17208451,0.0,0.0,0.3487589657306671
YIL106W,YLR363C,0,-0.17211506,0.0,0.0,0.348849892616272
YBL013W,YLR249W,0,-0.17215502,0.0,0.0,0.34894081950187683
YDR381W,YER053C-A,0,-0.17237905,0.0,0.0,0.3490317165851593
YGL025C,YER053C-A,0,-0.17237905,0.0,0.0,0.34912264347076416
YMR125W,YER053C-A,0,-0.17237905,0.0,0.0,0.349213570356369
YPL138C,YER053C-A,0,-0.17237905,0.0,0.0,0.3493044674396515
YPL049C,YER053C-A,0,-0.17237905,0.0,0.0,0.34939539432525635
YIL022W,YJL173C,0,-0.1724821,0.0,0.0,0.3494863212108612
YER072W,YDR316W-B,0,-0.17253509,0.0,0.0,0.34957724809646606
YOL116W,YPL115C,0,-0.17260401,0.0,0.0,0.34966814517974854
YGL063W,YDR545W,0,-0.17283347,0.0,0.0,0.3497590720653534
YBR060C,YHR020W,0,-0.17290883,0.0,0.0,0.34984999895095825
YEL032W,YLR384C,0,-0.17328148,0.0,0.0,0.3499408960342407
YER041W,YFL011W,0,-0.17330706,0.0,0.0,0.3500318229198456
YNL284C-B,YDR160W,0,-0.17348367,0.0,0.0,0.35012274980545044
YML023C,YDR145W,0,-0.1735668,0.0,0.0,0.3502136468887329
YHR205W,YHR073W,0,-0.17368022,0.0,0.0,0.35030457377433777
YDL134C-A,YLR337C,0,-0.1737315,0.0,0.0,0.3503955006599426
YCL048W,YHR114W,0,-0.17408212,0.0,0.0,0.3504863977432251
YEL048C,YGL219C,0,-0.17410849,0.0,0.0,0.35057732462882996
YEL048C,YMR322C,0,-0.17416993,0.0,0.0,0.3506682515144348
YDR464W,YHR138C,0,-0.17420948,0.0,0.0,0.3507591485977173
YDR316W-B,YGR005C,0,-0.17424555,0.0,0.0,0.35085007548332214
YBL035C,YNR037C,0,-0.17430839,0.0,0.0,0.350941002368927
YLL018C,YLR118C,0,-0.17432702,0.0,0.0,0.3510318994522095
YMR048W,YGR142W,0,-0.17454833,0.0,0.0,0.35112282633781433
YLL016W,YDR397C,0,-0.17459634,0.0,0.0,0.3512137532234192
YLL016W,YDL087C,0,-0.17465001,0.0,0.0,0.35130465030670166
YNL284C-B,YNL251C,0,-0.17468815,0.0,0.0,0.3513955771923065
YCL068C,YMR205C,0,-0.17473146,0.0,0.0,0.3514865040779114
YJL021C,YLR196W,0,-0.17490076,0.0,0.0,0.35157743096351624
YDR407C,YPL076W,0,-0.17497917,0.0,0.0,0.3516683280467987
YML100W,YGR161C-D,0,-0.17508852,0.0,0.0,0.35175925493240356
YLR426W,YGR004W,0,-0.17545749,0.0,0.0,0.3518501818180084
YMR041C,YML102W,0,-0.17550367,0.0,0.0,0.3519410789012909
YLL031C,YGL018C,0,-0.17552464,0.0,0.0,0.35203200578689575
YDR350C,YJL208C,0,-0.17567277,0.0,0.0,0.3521229326725006
YGL018C,YHR138C,0,-0.17568485,0.0,0.0,0.3522138297557831
YPR173C,YER139C,0,-0.17596337,0.0,0.0,0.35230475664138794
YML013W,YDR259C,0,-0.17598894,0.0,0.0,0.3523956835269928
YDR367W,YKR095W,0,-0.1760121,0.0,0.0,0.35248658061027527
YBR069C,YGR003W,0,-0.176075,0.0,0.0,0.3525775074958801
YDR098C-A,YOR019W,0,-0.17650291,0.0,0.0,0.352668434381485
YGL076C,YHR210C,0,-0.17663538,0.0,0.0,0.35275933146476746
YNL038W,YHL021C,0,-0.17669047,0.0,0.0,0.3528502583503723
YFR024C,YJL069C,0,-0.17688219,0.0,0.0,0.3529411852359772
YDR427W,YDR407C,0,-0.17701751,0.0,0.0,0.35303208231925964
YJL021C,YKL063C,0,-0.17716315,0.0,0.0,0.3531230092048645
YDR316W-B,YPR105C,0,-0.17716487,0.0,0.0,0.35321393609046936
YHR142W,YNL181W,0,-0.17738387,0.0,0.0,0.35330483317375183
YAL002W,YBR149W,0,-0.1774756,0.0,0.0,0.3533957600593567
YDL134C-A,YLR363C,0,-0.17761956,0.0,0.0,0.35348668694496155
YDR210C-D,YNL294C,0,-0.17762294,0.0,0.0,0.353577584028244
YGR004W,YCL067C,0,-0.17780013,0.0,0.0,0.3536685109138489
YNL221C,YLR115W,0,-0.1778112,0.0,0.0,0.35375943779945374
YPL141C,YBR279W,0,-0.17785364,0.0,0.0,0.3538503646850586
YBR095C,YPL115C,0,-0.17794612,0.0,0.0,0.35394126176834106
YPL120W,YKL039W,0,-0.17801532,0.0,0.0,0.3540321886539459
YIL014W,YHR158C,0,-0.17829907,0.0,0.0,0.3541231155395508
YPL043W,YLL021W,0,-0.17854142,0.0,0.0,0.35421401262283325
YLR059C,YBR272C,0,-0.17859298,0.0,0.0,0.3543049395084381
YGL093W,YJL058C,0,-0.17860064,0.0,0.0,0.35439586639404297
YPR174C,YBL025W,0,-0.17863488,0.0,0.0,0.35448676347732544
YDL093W,YDR365W-A,0,-0.17868528,0.0,0.0,0.3545776903629303
YHR011W,YOR127W,0,-0.17872068,0.0,0.0,0.35466861724853516
YDR365C,YKL114C,0,-0.17880897,0.0,0.0,0.3547595143318176
YCR107W,YNL024C,0,-0.17884049,0.0,0.0,0.3548504412174225
YLR229C,YDR392W,0,-0.17889035,0.0,0.0,0.35494136810302734
YJL127C,YGR004W,0,-0.17922385,0.0,0.0,0.3550322651863098
YDR343C,YNR053C,0,-0.17938301,0.0,0.0,0.3551231920719147
YBR233W-A,YNL076W,0,-0.17947531,0.0,0.0,0.35521411895751953
YNL263C,YGR057C,0,-0.17947628,0.0,0.0,0.355305016040802
YJL174W,YDL031W,0,-0.17976609,0.0,0.0,0.35539594292640686
YDL134C-A,YMR220W,0,-0.17980883,0.0,0.0,0.3554868698120117
YPR046W,YIL130W,0,-0.17984802,0.0,0.0,0.3555777668952942
YLL053C,YHR157W,0,-0.1800411,0.0,0.0,0.35566869378089905
YDR437W,YJL197W,0,-0.18025777,0.0,0.0,0.3557596206665039
YDR023W,YLR001C,0,-0.18035749,0.0,0.0,0.3558505177497864
YDR328C,YOR254C,0,-0.18041755,0.0,0.0,0.35594144463539124
YHL050C,YHR157W,0,-0.18045792,0.0,0.0,0.3560323715209961
YMR286W,YHR154W,0,-0.18053366,0.0,0.0,0.35612329840660095
YPL001W,YNL024C,0,-0.18056479,0.0,0.0,0.3562141954898834
YJR120W,YLR299W,0,-0.18066558,0.0,0.0,0.3563051223754883
YMR076C,YPL137C,0,-0.18073264,0.0,0.0,0.35639604926109314
YBR065C,YPR174C,0,-0.18092808,0.0,0.0,0.3564869463443756
YLR377C,YML055W,0,-0.18101242,0.0,0.0,0.35657787322998047
YDR210C-D,YAL056W,0,-0.18104225,0.0,0.0,0.3566688001155853
YKL051W,YNL161W,0,-0.1810633,0.0,0.0,0.3567596971988678
YFL026W,YBR090C-A,0,-0.18129301,0.0,0.0,0.35685062408447266
YGR181W,YDR309C,0,-0.18171597,0.0,0.0,0.3569415509700775
YPR175W,YBR193C,0,-0.18176687,0.0,0.0,0.35703244805336
YPL175W,YEL027W,0,-0.18182966,0.0,0.0,0.35712337493896484
YNL233W,YEL039C,0,-0.18196009,0.0,0.0,0.3572143018245697
YOL042W,YGR142W,0,-0.18199494,0.0,0.0,0.3573051989078522
YGR181W,YNL041C,0,-0.18200478,0.0,0.0,0.35739612579345703
YJL013C,YGL016W,0,-0.18201455,0.0,0.0,0.3574870526790619
YPL061W,YHR193C,0,-0.18209854,0.0,0.0,0.35757794976234436
YJR048W,YLL006W,0,-0.18216315,0.0,0.0,0.3576688766479492
YNL145W,YHR169W,0,-0.18236005,0.0,0.0,0.3577598035335541
YMR234W,YGL093W,0,-0.18236971,0.0,0.0,0.35785070061683655
YGR122W,YNL118C,0,-0.18241465,0.0,0.0,0.3579416275024414
YCR091W,YBR034C,0,-0.18257886,0.0,0.0,0.35803255438804626
YDL134C-A,YCL044C,0,-0.18262605,0.0,0.0,0.35812345147132874
YIL052C,YCR018C,0,-0.18271601,0.0,0.0,0.3582143783569336
YJL021C,YBR119W,0,-0.18278259,0.0,0.0,0.35830530524253845
YML021C,YER108C,0,-0.1828259,0.0,0.0,0.3583962321281433
YOR177C,YIL173W,0,-0.18287396,0.0,0.0,0.3584871292114258
YHR113W,YNR053C,0,-0.18298203,0.0,0.0,0.35857805609703064
YBR295W,YER129W,0,-0.18338695,0.0,0.0,0.3586689829826355
YOR117W,YDR406W,0,-0.18346836,0.0,0.0,0.35875988006591797
YNL176C,YER167W,0,-0.1834916,0.0,0.0,0.3588508069515228
YHR146W,YPR095C,0,-0.18352303,0.0,0.0,0.3589417338371277
YLR093C,YOR195W,0,-0.18385354,0.0,0.0,0.35903263092041016
YKL016C,YPR120C,0,-0.18388253,0.0,0.0,0.359123557806015
YGR129W,YAL026C,0,-0.18388438,0.0,0.0,0.3592144846916199
YHR035W,YNL041C,0,-0.18427396,0.0,0.0,0.35930538177490234
YDR359C,YKL099C,0,-0.18432379,0.0,0.0,0.3593963086605072
YDL098C,YNL181W,0,-0.18433169,0.0,0.0,0.35948723554611206
YGL093W,YBR100W,0,-0.18442968,0.0,0.0,0.35957813262939453
YOL096C,YKR031C,0,-0.18452299,0.0,0.0,0.3596690595149994
YDR273W,YLR460C,0,-0.18454224,0.0,0.0,0.35975998640060425
YLL066C,YLR092W,0,-0.18454903,0.0,0.0,0.3598508834838867
YGL053W,YIL130W,0,-0.1845727,0.0,0.0,0.3599418103694916
YDL134C-A,YKR079C,0,-0.18464969,0.0,0.0,0.36003273725509644
YPL209C,YLR284C,0,-0.18497041,0.0,0.0,0.3601236343383789
YBR211C,YBR016W,0,-0.18507689,0.0,0.0,0.36021456122398376
YFR024C,YHL025W,0,-0.18513829,0.0,0.0,0.3603054881095886
YHR079C-B,YKL087C,0,-0.18524382,0.0,0.0,0.3603963851928711
YDR108W,YPL173W,0,-0.1854217,0.0,0.0,0.36048731207847595
YLR382C,YKR034W,0,-0.18545811,0.0,0.0,0.3605782389640808
YPL056C,YIR026C,0,-0.18571544,0.0,0.0,0.36066916584968567
YER032W,YHL021C,0,-0.18576747,0.0,0.0,0.36076006293296814
YDR235W,YDL105W,0,-0.1858707,0.0,0.0,0.360850989818573
YBR060C,YEL006W,0,-0.18592323,0.0,0.0,0.36094191670417786
YNL036W,YOR330C,0,-0.18615146,0.0,0.0,0.3610328137874603
YLR150W,YDR105C,0,-0.1862339,0.0,0.0,0.3611237406730652
YER007C-A,YKL129C,0,-0.18631965,0.0,0.0,0.36121466755867004
YCR016W,YNL081C,0,-0.1864321,0.0,0.0,0.3613055646419525
YER038C,YFL018W-A,0,-0.18659364,0.0,0.0,0.3613964915275574
YDR316W-B,YPL179W,0,-0.18660888,0.0,0.0,0.36148741841316223
YGR205W,YDR246W,0,-0.18675955,0.0,0.0,0.3615783154964447
YLR417W,YML086C,0,-0.18697289,0.0,0.0,0.36166924238204956
YCR065W,YHR193C,0,-0.18699816,0.0,0.0,0.3617601692676544
YJR109C,YLR417W,0,-0.18701087,0.0,0.0,0.3618510663509369
YPR095C,YGR266W,0,-0.1870292,0.0,0.0,0.36194199323654175
YLR118C,YLR058C,0,-0.18703298,0.0,0.0,0.3620329201221466
YCL005W-A,YGR083C,0,-0.18707785,0.0,0.0,0.3621238172054291
YOR250C,YDR397C,0,-0.18729037,0.0,0.0,0.36221474409103394
YDR039C,YLR333C,0,-0.18737584,0.0,0.0,0.3623056709766388
YGL028C,YBR268W,0,-0.18755862,0.0,0.0,0.36239656805992126
YER108C,YPL178W,0,-0.1878756,0.0,0.0,0.3624874949455261
YML021C,YIL123W,0,-0.18810278,0.0,0.0,0.362578421831131
YPL168W,YKL192C,0,-0.18835244,0.0,0.0,0.36266931891441345
YFR024C,YDL093W,0,-0.18845463,0.0,0.0,0.3627602458000183
YPL130W,YOR065W,0,-0.18845975,0.0,0.0,0.36285117268562317
YDR107C,YBR095C,0,-0.18868503,0.0,0.0,0.362942099571228
YHR111W,YML082W,0,-0.18875274,0.0,0.0,0.3630329966545105
YOR019W,YOL061W,0,-0.18879685,0.0,0.0,0.36312392354011536
YER109C,YMR133W,0,-0.18892631,0.0,0.0,0.3632148504257202
YPL013C,YNL094W,0,-0.18895867,0.0,0.0,0.3633057475090027
YCL016C,YIL123W,0,-0.18905225,0.0,0.0,0.36339667439460754
YKL114C,YCR038C,0,-0.1891109,0.0,0.0,0.3634876012802124
YNL130C,YHR014W,0,-0.18912959,0.0,0.0,0.3635784983634949
YBR095C,YBR083W,0,-0.18928252,0.0,0.0,0.36366942524909973
YOR156C,YGR161C-D,0,-0.18932335,0.0,0.0,0.3637603521347046
YJR117W,YDR227W,0,-0.18953249,0.0,0.0,0.36385124921798706
YAR033W,YBR045C,0,-0.18971074,0.0,0.0,0.3639421761035919
YER109C,YJL089W,0,-0.18996087,0.0,0.0,0.3640331029891968
YPR161C,YCL001W,0,-0.1900278,0.0,0.0,0.36412400007247925
YJR027W,YPL056C,0,-0.1901401,0.0,0.0,0.3642149269580841
YOR101W,YER015W,0,-0.19014548,0.0,0.0,0.36430585384368896
YDL154W,YNL181W,0,-0.19016829,0.0,0.0,0.36439675092697144
YJR084W,YPL156C,0,-0.19022927,0.0,0.0,0.3644876778125763
YBR233W-A,YER176W,0,-0.19024387,0.0,0.0,0.36457860469818115
YMR207C,YCL054W,0,-0.19026396,0.0,0.0,0.3646695017814636
YKL062W,YGR122W,0,-0.1903403,0.0,0.0,0.3647604286670685
YNL199C,YPL137C,0,-0.19034904,0.0,0.0,0.36485135555267334
YNL197C,YBR083W,0,-0.19050074,0.0,0.0,0.3649422526359558
YAL056W,YOR212W,0,-0.19076334,0.0,0.0,0.36503317952156067
YLR167W,YIL098C,0,-0.19077463,0.0,0.0,0.3651241064071655
YGL098W,YGL006W,0,-0.19081978,0.0,0.0,0.3652150332927704
YOR192C,YKL196C,0,-0.1909729,0.0,0.0,0.36530593037605286
YGL167C,YOR271C,0,-0.19098923,0.0,0.0,0.3653968572616577
YKL197C,YPR155C,0,-0.19101536,0.0,0.0,0.3654877841472626
YML092C,YNL142W,0,-0.19122684,0.0,0.0,0.36557868123054504
YDR217C,YLR363C,0,-0.1915347,0.0,0.0,0.3656696081161499
YOR087W,YER060W-A,0,-0.19156474,0.0,0.0,0.36576053500175476
YPL209C,YJR046W,0,-0.19158599,0.0,0.0,0.36585143208503723
YOL061W,YJL035C,0,-0.19168212,0.0,0.0,0.3659423589706421
YMR177W,YDR179C,0,-0.19211596,0.0,0.0,0.36603328585624695
YNL284C-B,YLR019W,0,-0.1921351,0.0,0.0,0.3661241829395294
YBR069C,YJR046W,0,-0.19225769,0.0,0.0,0.3662151098251343
YML101C,YPL225W,0,-0.19234872,0.0,0.0,0.36630603671073914
YER143W,YLR409C,0,-0.19246182,0.0,0.0,0.3663969337940216
YDR168W,YER167W,0,-0.19259548,0.0,0.0,0.36648786067962646
YDR480W,YPL049C,0,-0.1926033,0.0,0.0,0.3665787875652313
YLR361C,YNL176C,0,-0.19293252,0.0,0.0,0.3666696846485138
YPR148C,YGL096W,0,-0.19296502,0.0,0.0,0.36676061153411865
YBL035C,YBL051C,0,-0.19302648,0.0,0.0,0.3668515384197235
YPL036W,YNL176C,0,-0.19303754,0.0,0.0,0.366942435503006
YKR078W,YNR048W,0,-0.1930758,0.0,0.0,0.36703336238861084
YPL173W,YCL035C,0,-0.1931716,0.0,0.0,0.3671242892742157
YDR367W,YPL280W,0,-0.19327089,0.0,0.0,0.36721521615982056
YDR345C,YFL018W-A,0,-0.19343041,0.0,0.0,0.367306113243103
YMR275C,YDL012C,0,-0.19376028,0.0,0.0,0.3673970401287079
YGL063W,YKL060C,0,-0.19376263,0.0,0.0,0.36748796701431274
YDR397C,YPL049C,0,-0.19398518,0.0,0.0,0.3675788640975952
YKL069W,YPR114W,0,-0.19398531,0.0,0.0,0.3676697909832001
YPR055W,YPL225W,0,-0.19406557,0.0,0.0,0.36776071786880493
YLR167W,YJL174W,0,-0.1940739,0.0,0.0,0.3678516149520874
YMR055C,YDR412W,0,-0.19407871,0.0,0.0,0.36794254183769226
YKR099W,YNL161W,0,-0.19418837,0.0,0.0,0.3680334687232971
YDR227W,YOR259C,0,-0.19419432,0.0,0.0,0.3681243658065796
YJL098W,YMR074C,0,-0.19420165,0.0,0.0,0.36821529269218445
YOR250C,YML086C,0,-0.19420215,0.0,0.0,0.3683062195777893
YER178W,YPL097W,0,-0.19436027,0.0,0.0,0.3683971166610718
YCR031C,YJL094C,0,-0.19454505,0.0,0.0,0.36848804354667664
YOR027W,YNL025C,0,-0.19498456,0.0,0.0,0.3685789704322815
YHR011W,YAL056W,0,-0.19499192,0.0,0.0,0.36866986751556396
YOR049C,YBR003W,0,-0.19504023,0.0,0.0,0.3687607944011688
YOR212W,YPL049C,0,-0.1952231,0.0,0.0,0.3688517212867737
YJR109C,YDR276C,0,-0.19547607,0.0,0.0,0.36894261837005615
YDR323C,YEL051W,0,-0.19564712,0.0,0.0,0.369033545255661
YKL063C,YGR138C,0,-0.19572812,0.0,0.0,0.36912447214126587
YJR041C,YER053C-A,0,-0.1958695,0.0,0.0,0.36921536922454834
YHR111W,YLR247C,0,-0.19597912,0.0,0.0,0.3693062961101532
YMR275C,YOR103C,0,-0.19609919,0.0,0.0,0.36939722299575806
YPR148C,YPR169W,0,-0.19638023,0.0,0.0,0.3694881498813629
YMR275C,YJR131W,0,-0.19653459,0.0,0.0,0.3695790469646454
YOL103W-A,YDR045C,0,-0.19658996,0.0,0.0,0.36966997385025024
YJR117W,YMR220W,0,-0.19659224,0.0,0.0,0.3697609007358551
YCR044C,YOR195W,0,-0.196744,0.0,0.0,0.3698517978191376
YKL081W,YBR301W,0,-0.19686435,0.0,0.0,0.36994272470474243
YDR392W,YGL121C,0,-0.19706641,0.0,0.0,0.3700336515903473
YDR098C-A,YPL061W,0,-0.19714057,0.0,0.0,0.37012454867362976
YPL207W,YGL192W,0,-0.1971528,0.0,0.0,0.3702154755592346
YMR175W,YML082W,0,-0.19724494,0.0,0.0,0.3703064024448395
YMR105C,YLR200W,0,-0.19734651,0.0,0.0,0.37039729952812195
YDR280W,YGR040W,0,-0.19742374,0.0,0.0,0.3704882264137268
YCR045C,YBR085W,0,-0.19752206,0.0,0.0,0.37057915329933167
YMR195W,YGL045W,0,-0.19791248,0.0,0.0,0.37067005038261414
YPR071W,YKL039W,0,-0.19812949,0.0,0.0,0.370760977268219
YMR275C,YDR316W-B,0,-0.19818896,0.0,0.0,0.37085190415382385
YHR073W,YDR165W,0,-0.19827414,0.0,0.0,0.3709428012371063
YLL031C,YKR077W,0,-0.1982796,0.0,0.0,0.3710337281227112
YDR407C,YJL035C,0,-0.19828723,0.0,0.0,0.37112465500831604
YPL138C,YKL099C,0,-0.19829251,0.0,0.0,0.3712155520915985
YDR210C-D,YDL189W,0,-0.19838172,0.0,0.0,0.37130647897720337
YOR189W,YDR464W,0,-0.19861388,0.0,0.0,0.3713974058628082
YML098W,YJR027W,0,-0.19861859,0.0,0.0,0.3714883029460907
YLR004C,YLR220W,0,-0.19876556,0.0,0.0,0.37157922983169556
YOR065W,YPR097W,0,-0.19880176,0.0,0.0,0.3716701567173004
YER027C,YHR084W,0,-0.19881494,0.0,0.0,0.3717610836029053
YOR266W,YDL154W,0,-0.19885527,0.0,0.0,0.37185198068618774
YDR100W,YDL031W,0,-0.19893268,0.0,0.0,0.3719429075717926
YPL146C,YOR266W,0,-0.19896317,0.0,0.0,0.37203383445739746
YLR060W,YER053C-A,0,-0.19920337,0.0,0.0,0.37212473154067993
YLR384C,YER053C-A,0,-0.19920337,0.0,0.0,0.3722156584262848
YDL081C,YER053C-A,0,-0.19920337,0.0,0.0,0.37230658531188965
YDR516C,YER053C-A,0,-0.19920337,0.0,0.0,0.3723974823951721
YMR275C,YER053C-A,0,-0.19920337,0.0,0.0,0.372488409280777
YHR122W,YBR100W,0,-0.19920337,0.0,0.0,0.37257933616638184
YGL046W,YPL049C,0,-0.1992479,0.0,0.0,0.3726702332496643
YKL138C,YER060W,0,-0.19948457,0.0,0.0,0.37276116013526917
YDL189W,YMR183C,0,-0.19953898,0.0,0.0,0.372852087020874
YDR200C,YKR072C,0,-0.1995866,0.0,0.0,0.3729429841041565
YDR276C,YLR460C,0,-0.19959672,0.0,0.0,0.37303391098976135
YDL081C,YGR266W,0,-0.1996423,0.0,0.0,0.3731248378753662
YNL286W,YAR042W,0,-0.19978075,0.0,0.0,0.3732157349586487
YFR014C,YOR059C,0,-0.19995384,0.0,0.0,0.37330666184425354
YPR034W,YHL021C,0,-0.20002012,0.0,0.0,0.3733975887298584
YBR101C,YJR027W,0,-0.20024267,0.0,0.0,0.37348848581314087
YHR201C,YDR343C,0,-0.20040213,0.0,0.0,0.3735794126987457
YML021C,YLR075W,0,-0.20054427,0.0,0.0,0.3736703395843506
YDR516C,YKL145W,0,-0.20054817,0.0,0.0,0.37376123666763306
YKL014C,YDR150W,0,-0.20056593,0.0,0.0,0.3738521635532379
YPL209C,YHR150W,0,-0.20089845,0.0,0.0,0.3739430904388428
YDR078C,YHR014W,0,-0.20123564,0.0,0.0,0.37403401732444763
YJL127C,YGR193C,0,-0.20154463,0.0,0.0,0.3741249144077301
YLR417W,YOR319W,0,-0.20170978,0.0,0.0,0.37421584129333496
YER109C,YBR095C,0,-0.20171556,0.0,0.0,0.3743067681789398
YER093C,YPR169W,0,-0.20172167,0.0,0.0,0.3743976652622223
YNL103W,YBR101C,0,-0.20189954,0.0,0.0,0.37448859214782715
YGL243W,YGR260W,0,-0.20237598,0.0,0.0,0.374579519033432
YJR084W,YDR395W,0,-0.202376,0.0,0.0,0.3746704161167145
YOR157C,YML082W,0,-0.20240346,0.0,0.0,0.37476134300231934
YDR078C,YBR060C,0,-0.20249456,0.0,0.0,0.3748522698879242
YMR220W,YMR040W,0,-0.20303395,0.0,0.0,0.37494316697120667
YGL231C,YBL025W,0,-0.20304221,0.0,0.0,0.3750340938568115
YMR226C,YJL168C,0,-0.20318317,0.0,0.0,0.3751250207424164
YOR357C,YDL211C,0,-0.2033281,0.0,0.0,0.37521591782569885
YLR167W,YML127W,0,-0.203392,0.0,0.0,0.3753068447113037
YAL026C,YGL240W,0,-0.20340006,0.0,0.0,0.37539777159690857
YBR066C,YHR111W,0,-0.20343785,0.0,0.0,0.37548866868019104
YPL116W,YHR122W,0,-0.2035648,0.0,0.0,0.3755795955657959
YBR086C,YJL069C,0,-0.20374271,0.0,0.0,0.37567052245140076
YDR367W,YNL180C,0,-0.20376463,0.0,0.0,0.3757614195346832
YLR227W-A,YCL044C,0,-0.20377876,0.0,0.0,0.3758523464202881
YDR300C,YLR323C,0,-0.20403168,0.0,0.0,0.37594327330589294
YBR100W,YBL025W,0,-0.20405883,0.0,0.0,0.3760341703891754
YNL286W,YJL021C,0,-0.2040877,0.0,0.0,0.3761250972747803
YLR277C,YOR227W,0,-0.20409136,0.0,0.0,0.37621602416038513
YAR033W,YPL225W,0,-0.20434426,0.0,0.0,0.37630695104599
YJL096W,YPR174C,0,-0.2043563,0.0,0.0,0.37639784812927246
YIL043C,YGL219C,0,-0.20439084,0.0,0.0,0.3764887750148773
YCR107W,YGL006W,0,-0.20452821,0.0,0.0,0.3765797019004822
YFL035C-B,YPL233W,0,-0.20466614,0.0,0.0,0.37667059898376465
YDL134C,YOR059C,0,-0.20474151,0.0,0.0,0.3767615258693695
YGL092W,YIR031C,0,-0.20492189,0.0,0.0,0.37685245275497437
YDR422C,YGL192W,0,-0.20502764,0.0,0.0,0.37694334983825684
YBR211C,YDR359C,0,-0.20520133,0.0,0.0,0.3770342767238617
YHR201C,YJL001W,0,-0.2053117,0.0,0.0,0.37712520360946655
YDR212W,YDR365C,0,-0.20532793,0.0,0.0,0.377216100692749
YKR096W,YGL006W,0,-0.20538878,0.0,0.0,0.3773070275783539
YKL194C,YKR072C,0,-0.2055757,0.0,0.0,0.37739795446395874
YOR080W,YGR040W,0,-0.20562726,0.0,0.0,0.3774888515472412
YOR156C,YHR214W,0,-0.20594674,0.0,0.0,0.37757977843284607
YCL051W,YBR218C,0,-0.20601201,0.0,0.0,0.3776707053184509
YJL167W,YGR083C,0,-0.20602763,0.0,0.0,0.3777616024017334
YDR439W,YOR259C,0,-0.20618543,0.0,0.0,0.37785252928733826
YPR008W,YMR195W,0,-0.20626162,0.0,0.0,0.3779434561729431
YPR143W,YHR079C-B,0,-0.20650157,0.0,0.0,0.3780343532562256
YFL018W-A,YOR259C,0,-0.20666969,0.0,0.0,0.37812528014183044
YLL016W,YCL067C,0,-0.2066705,0.0,0.0,0.3782162070274353
YER179W,YDL087C,0,-0.20675737,0.0,0.0,0.3783071041107178
YBR181C,YIL038C,0,-0.20678854,0.0,0.0,0.37839803099632263
YJL057C,YML133C,0,-0.20697986,0.0,0.0,0.3784889578819275
YFR024C-A,YDR438W,0,-0.20725262,0.0,0.0,0.37857988476753235
YJR073C,YPR143W,0,-0.20731097,0.0,0.0,0.3786707818508148
YDL134C-A,YCL051W,0,-0.20731932,0.0,0.0,0.3787617087364197
YJR150C,YKL054C,0,-0.2074884,0.0,0.0,0.37885263562202454
YIL156W,YNL251C,0,-0.20750216,0.0,0.0,0.378943532705307
YHL011C,YKL077W,0,-0.20758784,0.0,0.0,0.37903445959091187
YPR158W-B,YDR204W,0,-0.2077323,0.0,0.0,0.3791253864765167
YKR096W,YMR015C,0,-0.20775378,0.0,0.0,0.3792162835597992
YOR316C,YHR197W,0,-0.208031,0.0,0.0,0.37930721044540405
YOL103W-A,YGR211W,0,-0.20815521,0.0,0.0,0.3793981373310089
YPL115C,YCL051W,0,-0.2082806,0.0,0.0,0.3794890344142914
YNL328C,YKL016C,0,-0.20831636,0.0,0.0,0.37957996129989624
YPR071W,YBR149W,0,-0.20833708,0.0,0.0,0.3796708881855011
YDR160W,YER023W,0,-0.20834464,0.0,0.0,0.37976178526878357
YHL017W,YER123W,0,-0.20845747,0.0,0.0,0.3798527121543884
YPL036W,YOL103W-A,0,-0.20869313,0.0,0.0,0.3799436390399933
YJL094C,YDL119C,0,-0.20869443,0.0,0.0,0.38003453612327576
YJR048W,YDR243C,0,-0.20886464,0.0,0.0,0.3801254630088806
YPR007C,YHR005C,0,-0.2091769,0.0,0.0,0.3802163898944855
YBR181C,YGL096W,0,-0.20925406,0.0,0.0,0.38030728697776794
YFL056C,YDR365C,0,-0.20927292,0.0,0.0,0.3803982138633728
YKR078W,YPR017C,0,-0.20929238,0.0,0.0,0.38048914074897766
YDR463W,YMR275C,0,-0.20932105,0.0,0.0,0.38058003783226013
YLR167W,YDL134C-A,0,-0.20932657,0.0,0.0,0.380670964717865
YCR105W,YEL032W,0,-0.20938298,0.0,0.0,0.38076189160346985
YKR096W,YML120C,0,-0.20943093,0.0,0.0,0.3808528184890747
YCR105W,YDL113C,0,-0.20954351,0.0,0.0,0.3809437155723572
YBR112C,YML055W,0,-0.20960727,0.0,0.0,0.38103464245796204
YOL009C,YOR172W,0,-0.2096549,0.0,0.0,0.3811255693435669
YDL209C,YHL035C,0,-0.2097267,0.0,0.0,0.38121646642684937
YKL069W,YDR500C,0,-0.2097639,0.0,0.0,0.3813073933124542
YCR036W,YNL181W,0,-0.20983143,0.0,0.0,0.3813983201980591
YJL089W,YNL119W,0,-0.20990735,0.0,0.0,0.38148921728134155
YNL164C,YBR301W,0,-0.21043229,0.0,0.0,0.3815801441669464
YOR372C,YLR154W-C,0,-0.210509,0.0,0.0,0.38167107105255127
YFR024C,YBR028C,0,-0.21068421,0.0,0.0,0.38176196813583374
YGL104C,YJL059W,0,-0.21072698,0.0,0.0,0.3818528950214386
YER108C,YGR040W,0,-0.21088898,0.0,0.0,0.38194382190704346
YGR283C,YLR011W,0,-0.21092704,0.0,0.0,0.3820347189903259
YLL018C,YGR161W-A,0,-0.21096021,0.0,0.0,0.3821256458759308
YLR361C,YPL198W,0,-0.21104668,0.0,0.0,0.38221657276153564
YDR111C,YDR080W,0,-0.21112941,0.0,0.0,0.3823074698448181
YDR276C,YBR060C,0,-0.2111634,0.0,0.0,0.382398396730423
YFR047C,YPL115C,0,-0.21132249,0.0,0.0,0.38248932361602783
YLL016W,YBR028C,0,-0.2113674,0.0,0.0,0.3825802206993103
YOR177C,YNL145W,0,-0.21153045,0.0,0.0,0.38267114758491516
YLR194C,YPL040C,0,-0.2117747,0.0,0.0,0.38276207447052
YCL044C,YBR180W,0,-0.21187049,0.0,0.0,0.3828530013561249
YOR252W,YPL248C,0,-0.21188709,0.0,0.0,0.38294389843940735
YDL160C,YCR021C,0,-0.21198489,0.0,0.0,0.3830348253250122
YDR343C,YHL050C,0,-0.21203184,0.0,0.0,0.38312575221061707
YJL059W,YGL194C,0,-0.2120616,0.0,0.0,0.38321664929389954
YDR468C,YPR133C,0,-0.21243286,0.0,0.0,0.3833075761795044
YOR080W,YPL115C,0,-0.21246022,0.0,0.0,0.38339850306510925
YHR185C,YPL168W,0,-0.21247219,0.0,0.0,0.3834894001483917
YOR002W,YNL024C,0,-0.21247289,0.0,0.0,0.3835803270339966
YGR205W,YIL144W,0,-0.21304433,0.0,0.0,0.38367125391960144
YPR055W,YDR179C,0,-0.21309951,0.0,0.0,0.3837621510028839
YPL130W,YCR063W,0,-0.21316212,0.0,0.0,0.38385307788848877
YIL118W,YDR080W,0,-0.21337429,0.0,0.0,0.38394400477409363
YLL026W,YDL134C-A,0,-0.21347837,0.0,0.0,0.3840349018573761
YBR162W-A,YPL176C,0,-0.213511,0.0,0.0,0.38412582874298096
YIL033C,YER053C-A,0,-0.21358871,0.0,0.0,0.3842167556285858
YKR031C,YGL226W,0,-0.21365154,0.0,0.0,0.3843076527118683
YDR300C,YGR030C,0,-0.21405359,0.0,0.0,0.38439857959747314
YML045W,YOR060C,0,-0.21417737,0.0,0.0,0.384489506483078
YPR106W,YDL102W,0,-0.21434681,0.0,0.0,0.3845804035663605
YDR528W,YDR105C,0,-0.2143643,0.0,0.0,0.38467133045196533
YPR037C,YNR037C,0,-0.21437836,0.0,0.0,0.3847622573375702
YLR039C,YDR300C,0,-0.21442515,0.0,0.0,0.38485315442085266
YKL062W,YBR279W,0,-0.21467969,0.0,0.0,0.3849440813064575
YNR032C-A,YEL006W,0,-0.21480517,0.0,0.0,0.3850350081920624
YLR037C,YBR181C,0,-0.21488935,0.0,0.0,0.38512593507766724
YDR517W,YKL043W,0,-0.21514721,0.0,0.0,0.3852168321609497
YER113C,YHL007C,0,-0.21519321,0.0,0.0,0.38530775904655457
YOL135C,YDL223C,0,-0.21522549,0.0,0.0,0.3853986859321594
YML107C,YLR193C,0,-0.21522613,0.0,0.0,0.3854895830154419
YBR119W,YDR078C,0,-0.21528232,0.0,0.0,0.38558050990104675
YDL154W,YIL153W,0,-0.21543375,0.0,0.0,0.3856714367866516
YDL220C,YKR083C,0,-0.21579054,0.0,0.0,0.3857623338699341
YFR024C,YDR386W,0,-0.21579769,0.0,0.0,0.38585326075553894
YDR103W,YHL007C,0,-0.21580365,0.0,0.0,0.3859441876411438
YDR127W,YCR018C,0,-0.2158275,0.0,0.0,0.38603508472442627
YKR078W,YDL102W,0,-0.21595368,0.0,0.0,0.38612601161003113
YMR076C,YOR192C,0,-0.2159644,0.0,0.0,0.386216938495636
YOR032C,YPL056C,0,-0.21601829,0.0,0.0,0.38630783557891846
YDR212W,YLR102C,0,-0.21625957,0.0,0.0,0.3863987624645233
YLL048C,YKR095W-A,0,-0.21634546,0.0,0.0,0.3864896893501282
YNL197C,YNL298W,0,-0.21646464,0.0,0.0,0.38658058643341064
YHR185C,YOR065W,0,-0.21682045,0.0,0.0,0.3866715133190155
YMR040W,YMR230W,0,-0.21686609,0.0,0.0,0.38676244020462036
YNL145W,YJL197W,0,-0.21698147,0.0,0.0,0.38685333728790283
YGL208W,YNL119W,0,-0.21725059,0.0,0.0,0.3869442641735077
YBL087C,YIL043C,0,-0.21732941,0.0,0.0,0.38703519105911255
YDL091C,YPL001W,0,-0.21736316,0.0,0.0,0.387126088142395
YHR214C-C,YBR028C,0,-0.21746205,0.0,0.0,0.3872170150279999
YLR229C,YGL046W,0,-0.2175531,0.0,0.0,0.38730794191360474
YHR033W,YIL154C,0,-0.21760136,0.0,0.0,0.3873988687992096
YGR017W,YHR138C,0,-0.21768455,0.0,0.0,0.38748976588249207
YNL167C,YDL134C-A,0,-0.21775326,0.0,0.0,0.3875806927680969
YGL208W,YDR379W,0,-0.21775469,0.0,0.0,0.3876716196537018
YDR210C-D,YDR078C,0,-0.21790597,0.0,0.0,0.38776251673698425
YGL058W,YBR003W,0,-0.21808806,0.0,0.0,0.3878534436225891
YFL056C,YOR110W,0,-0.21813357,0.0,0.0,0.38794437050819397
YBR034C,YKL006W,0,-0.21839544,0.0,0.0,0.38803526759147644
YDR190C,YLL067C,0,-0.21842283,0.0,0.0,0.3881261944770813
YNL183C,YFR050C,0,-0.21849625,0.0,0.0,0.38821712136268616
YGL121C,YPL115C,0,-0.21856114,0.0,0.0,0.38830801844596863
YCR107W,YDR439W,0,-0.21857712,0.0,0.0,0.3883989453315735
YLR154W-C,YNL081C,0,-0.21879756,0.0,0.0,0.38848987221717834
YHR006W,YML082W,0,-0.2189145,0.0,0.0,0.3885807693004608
YMR074C,YJR054W,0,-0.2189622,0.0,0.0,0.3886716961860657
YPR175W,YNL036W,0,-0.21921054,0.0,0.0,0.38876262307167053
YOL116W,YPL049C,0,-0.21954457,0.0,0.0,0.388853520154953
YJR049C,YBR301W,0,-0.21973972,0.0,0.0,0.38894444704055786
YOL069W,YNR052C,0,-0.2198954,0.0,0.0,0.3890353739261627
YKL069W,YPL137C,0,-0.21992952,0.0,0.0,0.3891262710094452
YKL033W,YNL181W,0,-0.22023182,0.0,0.0,0.38921719789505005
YEL019C,YGL219C,0,-0.22034104,0.0,0.0,0.3893081247806549
YPR158W-B,YHR138C,0,-0.22035453,0.0,0.0,0.3893990218639374
YDR098C-A,YML067C,0,-0.22046542,0.0,0.0,0.38948994874954224
YJL181W,YLR249W,0,-0.22059503,0.0,0.0,0.3895808756351471
YGL104C,YCL001W,0,-0.22095534,0.0,0.0,0.38967180252075195
YLR143W,YPL193W,0,-0.22116503,0.0,0.0,0.3897626996040344
YJL021C,YML076C,0,-0.22116758,0.0,0.0,0.3898536264896393
YLR067C,YHL026C,0,-0.22119838,0.0,0.0,0.38994455337524414
YLR167W,YDR217C,0,-0.22129795,0.0,0.0,0.3900354504585266
YBR109C,YDR234W,0,-0.22133647,0.0,0.0,0.39012637734413147
YCL029C,YLR056W,0,-0.22144005,0.0,0.0,0.39021730422973633
YDL072C,YDR213W,0,-0.22144657,0.0,0.0,0.3903082013130188
YDR515W,YMR040W,0,-0.2217272,0.0,0.0,0.39039912819862366
YBR189W,YGL194C,0,-0.22195296,0.0,0.0,0.3904900550842285
YNR019W,YBR121C,0,-0.22202864,0.0,0.0,0.390580952167511
YHL017W,YBR114W,0,-0.22207215,0.0,0.0,0.39067187905311584
YJL179W,YDR438W,0,-0.22216322,0.0,0.0,0.3907628059387207
YNL183C,YPL224C,0,-0.22216508,0.0,0.0,0.3908537030220032
YDL230W,YLR299W,0,-0.2223357,0.0,0.0,0.39094462990760803
YPR097W,YDR080W,0,-0.22239631,0.0,0.0,0.3910355567932129
YDR043C,YBR095C,0,-0.22246385,0.0,0.0,0.39112645387649536
YBR218C,YLR007W,0,-0.2226452,0.0,0.0,0.3912173807621002
YBR043C,YMR225C,0,-0.22266388,0.0,0.0,0.3913083076477051
YIL030C,YCL012W,0,-0.22269163,0.0,0.0,0.39139920473098755
YLR185W,YMR237W,0,-0.22276573,0.0,0.0,0.3914901316165924
YGL046W,YIR019C,0,-0.22285286,0.0,0.0,0.39158105850219727
YER108C,YHR111W,0,-0.22290489,0.0,0.0,0.39167195558547974
YKL062W,YGR260W,0,-0.2229372,0.0,0.0,0.3917628824710846
YDL247W,YMR322C,0,-0.22314745,0.0,0.0,0.39185380935668945
YBL100W-B,YLR323C,0,-0.22325367,0.0,0.0,0.3919447362422943
YLR417W,YGL139W,0,-0.22326198,0.0,0.0,0.3920356333255768
YOR371C,YDL024C,0,-0.22326696,0.0,0.0,0.39212656021118164
YFR014C,YOL095C,0,-0.22336537,0.0,0.0,0.3922174870967865
YKL132C,YFR053C,0,-0.22344688,0.0,0.0,0.39230838418006897
YER108C,YIR019C,0,-0.22345161,0.0,0.0,0.39239931106567383
YAL048C,YKR089C,0,-0.22349861,0.0,0.0,0.3924902379512787
YBR211C,YBL005W,0,-0.22363314,0.0,0.0,0.39258113503456116
YDR361C,YML096W,0,-0.22366503,0.0,0.0,0.392672061920166
YGL076C,YDR190C,0,-0.22376874,0.0,0.0,0.3927629888057709
YGR024C,YJL057C,0,-0.22388071,0.0,0.0,0.39285388588905334
YNL263C,YHR202W,0,-0.2240021,0.0,0.0,0.3929448127746582
YNL194C,YAL068C,0,-0.22404553,0.0,0.0,0.39303573966026306
YLL024C,YGL231C,0,-0.22415236,0.0,0.0,0.39312663674354553
YFL035C-B,YPL063W,0,-0.22421499,0.0,0.0,0.3932175636291504
YOR319W,YGR129W,0,-0.22439428,0.0,0.0,0.39330849051475525
YCR086W,YPL140C,0,-0.22441971,0.0,0.0,0.3933993875980377
YOL116W,YNL294C,0,-0.22444585,0.0,0.0,0.3934903144836426
YDR482C,YCR031C,0,-0.22445267,0.0,0.0,0.39358124136924744
YIL008W,YOR127W,0,-0.22458407,0.0,0.0,0.3936721384525299
YJL078C,YOR254C,0,-0.22463459,0.0,0.0,0.39376306533813477
YPL140C,YDR365C,0,-0.22465122,0.0,0.0,0.3938539922237396
YBR153W,YPL063W,0,-0.22499934,0.0,0.0,0.3939448893070221
YIL137C,YLR154W-C,0,-0.22504643,0.0,0.0,0.39403581619262695
YIL153W,YCL064C,0,-0.22508834,0.0,0.0,0.3941267430782318
YER109C,YGL046W,0,-0.22511344,0.0,0.0,0.39421766996383667
YDR468C,YJL173C,0,-0.22540382,0.0,0.0,0.39430856704711914
YPR037C,YGL061C,0,-0.22559296,0.0,0.0,0.394399493932724
YOR090C,YCL012W,0,-0.22590777,0.0,0.0,0.39449042081832886
YPL262W,YGR170W,0,-0.22603735,0.0,0.0,0.39458131790161133
YPL234C,YHR142W,0,-0.22604214,0.0,0.0,0.3946722447872162
YOL069W,YEL051W,0,-0.22620392,0.0,0.0,0.39476317167282104
YBR023C,YOL086W-A,0,-0.22623856,0.0,0.0,0.3948540687561035
YPL168W,YNL068C,0,-0.22627686,0.0,0.0,0.3949449956417084
YHL003C,YNR037C,0,-0.22633177,0.0,0.0,0.39503592252731323
YNL020C,YLR075W,0,-0.2263775,0.0,0.0,0.3951268196105957
YLR345W,YNR019W,0,-0.2265138,0.0,0.0,0.39521774649620056
YJR120W,YMR313C,0,-0.22654083,0.0,0.0,0.3953086733818054
YBR114W,YEL024W,0,-0.22668606,0.0,0.0,0.3953995704650879
YER108C,YIL008W,0,-0.22693819,0.0,0.0,0.39549049735069275
YDR517W,YKL006W,0,-0.2269791,0.0,0.0,0.3955814242362976
YHR035W,YGL246C,0,-0.22697917,0.0,0.0,0.3956723213195801
YJR109C,YOR060C,0,-0.2271516,0.0,0.0,0.39576324820518494
YDR308C,YGR005C,0,-0.22720464,0.0,0.0,0.3958541750907898
YLR390W-A,YMR153W,0,-0.22735465,0.0,0.0,0.39594507217407227
YDL072C,YHR079C-B,0,-0.2273648,0.0,0.0,0.3960359990596771
YLR185W,YGL025C,0,-0.2276164,0.0,0.0,0.396126925945282
YLL066C,YDL102W,0,-0.22762454,0.0,0.0,0.39621785283088684
YGL046W,YDR480W,0,-0.22782525,0.0,0.0,0.3963087499141693
YMR243C,YJR118C,0,-0.2279523,0.0,0.0,0.39639967679977417
YDR412W,YLR466W,0,-0.22807598,0.0,0.0,0.39649060368537903
YCR045C,YHR122W,0,-0.22812676,0.0,0.0,0.3965815007686615
YLR115W,YLR323C,0,-0.22813058,0.0,0.0,0.39667242765426636
YKL063C,YKL099C,0,-0.22835831,0.0,0.0,0.3967633545398712
YJR120W,YLR019W,0,-0.22841224,0.0,0.0,0.3968542516231537
YBR043C,YMR205C,0,-0.22844222,0.0,0.0,0.39694517850875854
YNL123W,YJL196C,0,-0.22847983,0.0,0.0,0.3970361053943634
YHR103W,YHR197W,0,-0.22851568,0.0,0.0,0.3971270024776459
YBR146W,YJL196C,0,-0.22852775,0.0,0.0,0.39721792936325073
YGR266W,YJR050W,0,-0.22857763,0.0,0.0,0.3973088562488556
YML045W,YOR026W,0,-0.2285827,0.0,0.0,0.39739975333213806
YER108C,YDR480W,0,-0.22874856,0.0,0.0,0.3974906802177429
YLL048C,YPR169W,0,-0.22885686,0.0,0.0,0.3975816071033478
YIL119C,YEL027W,0,-0.22893095,0.0,0.0,0.39767250418663025
YBR180W,YPR133C,0,-0.22899859,0.0,0.0,0.3977634310722351
YPL169C,YPL006W,0,-0.22901835,0.0,0.0,0.39785435795783997
YEL019C,YLR067C,0,-0.2290663,0.0,0.0,0.39794525504112244
YMR318C,YOR380W,0,-0.2291419,0.0,0.0,0.3980361819267273
YNL216W,YHL035C,0,-0.22916238,0.0,0.0,0.39812710881233215
YOR195W,YGL127C,0,-0.22916982,0.0,0.0,0.3982180058956146
YOR045W,YNL233W,0,-0.22918326,0.0,0.0,0.3983089327812195
YLR154W-C,YDR284C,0,-0.22928199,0.0,0.0,0.39839985966682434
YDL106C,YLR360W,0,-0.22971684,0.0,0.0,0.3984907865524292
YGL107C,YDR292C,0,-0.22989148,0.0,0.0,0.39858168363571167
YDR407C,YBL100W-B,0,-0.22993481,0.0,0.0,0.39867261052131653
YPL120W,YAL026C,0,-0.22997692,0.0,0.0,0.3987635374069214
YML102W,YHR193C,0,-0.2300307,0.0,0.0,0.39885443449020386
YNL294C,YGL046W,0,-0.23036674,0.0,0.0,0.3989453613758087
YPL280W,YBR114W,0,-0.23060916,0.0,0.0,0.3990362882614136
YER108C,YPL115C,0,-0.23069227,0.0,0.0,0.39912718534469604
YER027C,YPL115C,0,-0.23080197,0.0,0.0,0.3992181122303009
YPL001W,YLR092W,0,-0.23088756,0.0,0.0,0.39930903911590576
YDR004W,YHR079C-B,0,-0.23118183,0.0,0.0,0.39939993619918823
YMR322C,YER060W,0,-0.2312068,0.0,0.0,0.3994908630847931
YPR133C,YML055W,0,-0.23121929,0.0,0.0,0.39958178997039795
YPL043W,YKL134C,0,-0.23128927,0.0,0.0,0.3996726870536804
YNL051W,YBR191W,0,-0.23144722,0.0,0.0,0.3997636139392853
YIR004W,YER108C,0,-0.23149481,0.0,0.0,0.39985454082489014
YIR019C,YHL007C,0,-0.23151217,0.0,0.0,0.3999454379081726
YER072W,YBR188C,0,-0.23166329,0.0,0.0,0.40003636479377747
YOR087W,YPR120C,0,-0.23175067,0.0,0.0,0.4001272916793823
YLL018C-A,YKL138C-A,0,-0.23183441,0.0,0.0,0.4002181887626648
YBL038W,YCL039W,0,-0.23208863,0.0,0.0,0.40030911564826965
YDR107C,YDR477W,0,-0.2321631,0.0,0.0,0.4004000425338745
YDR397C,YCR106W,0,-0.23230746,0.0,0.0,0.400490939617157
YDR043C,YOR212W,0,-0.2323296,0.0,0.0,0.40058186650276184
YBR112C,YKL099C,0,-0.23248433,0.0,0.0,0.4006727933883667
YDR200C,YOL051W,0,-0.23269977,0.0,0.0,0.40076372027397156
YKL138C-A,YOR330C,0,-0.23278031,0.0,0.0,0.40085461735725403
YDL134C-A,YDR469W,0,-0.23282908,0.0,0.0,0.4009455442428589
YKR075C,YMR153W,0,-0.23302338,0.0,0.0,0.40103647112846375
YLR345W,YDR257C,0,-0.23330414,0.0,0.0,0.4011273682117462
YIL007C,YML096W,0,-0.23342395,0.0,0.0,0.4012182950973511
YBL016W,YPL203W,0,-0.23352036,0.0,0.0,0.40130922198295593
YJL059W,YER142C,0,-0.23358303,0.0,0.0,0.4014001190662384
YML133C,YDR190C,0,-0.23366278,0.0,0.0,0.40149104595184326
YBR233W-A,YLR442C,0,-0.2337096,0.0,0.0,0.4015819728374481
YGR244C,YDR412W,0,-0.23379721,0.0,0.0,0.4016728699207306
YNL176C,YCL039W,0,-0.2338684,0.0,0.0,0.40176379680633545
YGR103W,YDR434W,0,-0.2338687,0.0,0.0,0.4018547236919403
YCR024C,YGR003W,0,-0.23393632,0.0,0.0,0.4019456207752228
YFR014C,YNR052C,0,-0.2341292,0.0,0.0,0.40203654766082764
YKR095W-A,YIL144W,0,-0.23420104,0.0,0.0,0.4021274745464325
YML098W,YKL138C-A,0,-0.23427117,0.0,0.0,0.40221837162971497
YNL119W,YOR275C,0,-0.23459426,0.0,0.0,0.4023092985153198
YDR477W,YOR212W,0,-0.23478006,0.0,0.0,0.4024002254009247
YDR513W,YLR154W-C,0,-0.23480874,0.0,0.0,0.40249112248420715
YMR274C,YDR317W,0,-0.23482862,0.0,0.0,0.402582049369812
YNL076W,YIR031C,0,-0.23494974,0.0,0.0,0.40267297625541687
YDR213W,YNL247W,0,-0.23497778,0.0,0.0,0.40276387333869934
YOL069W,YNL317W,0,-0.23498923,0.0,0.0,0.4028548002243042
YDL160C,YKL062W,0,-0.23510978,0.0,0.0,0.40294572710990906
YOR371C,YGL046W,0,-0.23520455,0.0,0.0,0.4030366539955139
YOR262W,YGL058W,0,-0.23535281,0.0,0.0,0.4031275510787964
YDL098C,YER108C,0,-0.23538688,0.0,0.0,0.40321847796440125
YJR102C,YGL198W,0,-0.2354048,0.0,0.0,0.4033094048500061
YMR048W,YKR052C,0,-0.23551738,0.0,0.0,0.4034003019332886
YBR086C,YBR023C,0,-0.23561347,0.0,0.0,0.40349122881889343
YGR080W,YLR328W,0,-0.23566101,0.0,0.0,0.4035821557044983
YPR173C,YAR009C,0,-0.23577291,0.0,0.0,0.40367305278778076
YLR361C,YBR034C,0,-0.23604184,0.0,0.0,0.4037639796733856
YOR091W,YKL145W,0,-0.23605463,0.0,0.0,0.4038549065589905
YML023C,YGR161W-A,0,-0.23616901,0.0,0.0,0.40394580364227295
YMR192W,YKL029C,0,-0.23617694,0.0,0.0,0.4040367305278778
YJL078C,YER127W,0,-0.23622382,0.0,0.0,0.40412765741348267
YDR367W,YOR264W,0,-0.23630553,0.0,0.0,0.40421855449676514
YGL093W,YOL116W,0,-0.23631756,0.0,0.0,0.40430948138237
YDL209C,YGR120C,0,-0.23644124,0.0,0.0,0.40440040826797485
YCL017C,YJL021C,0,-0.23644951,0.0,0.0,0.4044913053512573
YGR244C,YGR094W,0,-0.23651944,0.0,0.0,0.4045822322368622
YHR214W,YLR054C,0,-0.23652735,0.0,0.0,0.40467315912246704
YOR177C,YGR122W,0,-0.23663493,0.0,0.0,0.4047640562057495
YDR100W,YKL080W,0,-0.23674753,0.0,0.0,0.40485498309135437
YJR042W,YER143W,0,-0.23675334,0.0,0.0,0.40494590997695923
YIL005W,YMR183C,0,-0.23686607,0.0,0.0,0.4050368070602417
YJR108W,YOL052C-A,0,-0.23700821,0.0,0.0,0.40512773394584656
YJL094C,YIR004W,0,-0.23706385,0.0,0.0,0.4052186608314514
YGR082W,YJR150C,0,-0.23718242,0.0,0.0,0.4053095877170563
YHR011W,YOR275C,0,-0.23723489,0.0,0.0,0.40540048480033875
YGR109W-A,YOR026W,0,-0.23731145,0.0,0.0,0.4054914116859436
YOR357C,YGR211W,0,-0.2373328,0.0,0.0,0.40558233857154846
YML081W,YDR386W,0,-0.23745644,0.0,0.0,0.40567323565483093
YIL137C,YGR245C,0,-0.23761755,0.0,0.0,0.4057641625404358
YLR227W-A,YNL054W-A,0,-0.23788276,0.0,0.0,0.40585508942604065
YJR073C,YML061C,0,-0.23790309,0.0,0.0,0.4059459865093231
YFL005W,YCR038C,0,-0.23799485,0.0,0.0,0.406036913394928
YGR046W,YER007C-A,0,-0.2381497,0.0,0.0,0.40612784028053284
YDR367W,YKL043W,0,-0.23818305,0.0,0.0,0.4062187373638153
YOL103W-A,YMR242C,0,-0.2382266,0.0,0.0,0.40630966424942017
YLR288C,YHR133C,0,-0.23824173,0.0,0.0,0.406400591135025
YNR024W,YFL035C-A,0,-0.23837106,0.0,0.0,0.4064914882183075
YMR053C,YLL053C,0,-0.23838274,0.0,0.0,0.40658241510391235
YMR105C,YDL102W,0,-0.23849818,0.0,0.0,0.4066733419895172
YLR234W,YOR172W,0,-0.23860133,0.0,0.0,0.4067642390727997
YOR103C,YNL247W,0,-0.23862663,0.0,0.0,0.40685516595840454
YDR289C,YLR154W-C,0,-0.23868892,0.0,0.0,0.4069460928440094
YAL030W,YLR154W-C,0,-0.23875444,0.0,0.0,0.40703698992729187
YDR235W,YOR032C,0,-0.23891836,0.0,0.0,0.40712791681289673
YGL196W,YDL124W,0,-0.23929094,0.0,0.0,0.4072188436985016
YER113C,YBR083W,0,-0.23941419,0.0,0.0,0.40730974078178406
YGL073W,YMR286W,0,-0.23957446,0.0,0.0,0.4074006676673889
YOR372C,YDL134C,0,-0.23980325,0.0,0.0,0.4074915945529938
YMR192W,YJR041C,0,-0.23987706,0.0,0.0,0.40758252143859863
YER176W,YPL043W,0,-0.23987892,0.0,0.0,0.4076734185218811
YGL189C,YOR253W,0,-0.23991573,0.0,0.0,0.40776434540748596
YBR130C,YCR107W,0,-0.2399743,0.0,0.0,0.4078552722930908
YBR109C,YPR086W,0,-0.24022001,0.0,0.0,0.4079461693763733
YHR110W,YKL077W,0,-0.24026236,0.0,0.0,0.40803709626197815
YDR244W,YGR040W,0,-0.240383,0.0,0.0,0.408128023147583
YNL038W,YOR078W,0,-0.24040619,0.0,0.0,0.4082189202308655
YLL024C,YFL025C,0,-0.24041611,0.0,0.0,0.40830984711647034
YOR363C,YBR254C,0,-0.24062842,0.0,0.0,0.4084007740020752
YEL019C,YGR161W-A,0,-0.2406435,0.0,0.0,0.40849167108535767
YKR096W,YHL006C,0,-0.24088594,0.0,0.0,0.4085825979709625
YJL057C,YBR121C,0,-0.24091062,0.0,0.0,0.4086735248565674
YBR233W-A,YGL107C,0,-0.2410018,0.0,0.0,0.40876442193984985
YLR432W,YBR090C-A,0,-0.24115732,0.0,0.0,0.4088553488254547
YDL220C,YLR059C,0,-0.241234,0.0,0.0,0.40894627571105957
YDL175C,YGR181W,0,-0.24136063,0.0,0.0,0.40903717279434204
YNL294C,YGL208W,0,-0.2414537,0.0,0.0,0.4091280996799469
YGR244C,YPL225W,0,-0.24147612,0.0,0.0,0.40921902656555176
YDL134C,YOL086W-A,0,-0.24156508,0.0,0.0,0.40930992364883423
YDR392W,YGL046W,0,-0.24161497,0.0,0.0,0.4094008505344391
YLR102C,YGR283C,0,-0.24163894,0.0,0.0,0.40949177742004395
YER038C,YJL196C,0,-0.24192299,0.0,0.0,0.4095826745033264
YLR055C,YOR113W,0,-0.24230102,0.0,0.0,0.4096736013889313
YOR193W,YIL153W,0,-0.24252494,0.0,0.0,0.40976452827453613
YML059C,YDR045C,0,-0.24259183,0.0,0.0,0.409855455160141
YPR175W,YHR079C-B,0,-0.24259438,0.0,0.0,0.40994635224342346
YBR233W-A,YOR241W,0,-0.24271262,0.0,0.0,0.4100372791290283
YLR058C,YPL040C,0,-0.24271746,0.0,0.0,0.4101282060146332
YDR023W,YDR517W,0,-0.242746,0.0,0.0,0.41021910309791565
YJR046W,YHR170W,0,-0.24277596,0.0,0.0,0.4103100299835205
YOR127W,YDR379W,0,-0.24279183,0.0,0.0,0.41040095686912537
YDL072C,YOR319W,0,-0.24281201,0.0,0.0,0.41049185395240784
YOR250C,YCR036W,0,-0.24294643,0.0,0.0,0.4105827808380127
YLR315W,YHR139C,0,-0.24295445,0.0,0.0,0.41067370772361755
YDR273W,YCL064C,0,-0.24308716,0.0,0.0,0.4107646048069
YPR017C,YLR017W,0,-0.24335814,0.0,0.0,0.4108555316925049
YER108C,YOR080W,0,-0.24340543,0.0,0.0,0.41094645857810974
YIL007C,YDR303C,0,-0.2435163,0.0,0.0,0.4110373556613922
YNL317W,YGR094W,0,-0.2435449,0.0,0.0,0.41112828254699707
YDL175C,YNR024W,0,-0.243628,0.0,0.0,0.41121920943260193
YNL076W,YDR179C,0,-0.24370427,0.0,0.0,0.4113101065158844
YLR083C,YNL130C,0,-0.24372244,0.0,0.0,0.41140103340148926
YHR073W,YBR085W,0,-0.24382702,0.0,0.0,0.4114919602870941
YHR111W,YDR480W,0,-0.24387547,0.0,0.0,0.4115828573703766
YNR053C,YPL178W,0,-0.24413776,0.0,0.0,0.41167378425598145
YFL035C-A,YCL054W,0,-0.24434108,0.0,0.0,0.4117647111415863
YPL130W,YPL097W,0,-0.24442029,0.0,0.0,0.41185563802719116
YGL121C,YDR477W,0,-0.24446581,0.0,0.0,0.41194653511047363
YGR099W,YCL068C,0,-0.24448162,0.0,0.0,0.4120374619960785
YBR233W-A,YDL124W,0,-0.24458615,0.0,0.0,0.41212838888168335
YBR233W-A,YHR214W,0,-0.24458615,0.0,0.0,0.4122192859649658
YMR055C,YER053C-A,0,-0.24458615,0.0,0.0,0.4123102128505707
YBR233W-A,YLR194C,0,-0.24458615,0.0,0.0,0.41240113973617554
YBR211C,YER053C-A,0,-0.24458615,0.0,0.0,0.412492036819458
YBR233W-A,YMR226C,0,-0.24458615,0.0,0.0,0.41258296370506287
YBR218C,YFL035C-A,0,-0.24471316,0.0,0.0,0.4126738905906677
YPR128C,YBR094W,0,-0.24480261,0.0,0.0,0.4127647876739502
YML021C,YJL059W,0,-0.24512422,0.0,0.0,0.41285571455955505
YLR044C,YGR122W,0,-0.24518499,0.0,0.0,0.4129466414451599
YAL041W,YNL298W,0,-0.24529546,0.0,0.0,0.4130375385284424
YDR200C,YFR025C,0,-0.24539274,0.0,0.0,0.41312846541404724
YGR224W,YGL064C,0,-0.24540234,0.0,0.0,0.4132193922996521
YJL021C,YNL132W,0,-0.24549781,0.0,0.0,0.41331028938293457
YNL031C,YJL026W,0,-0.24577281,0.0,0.0,0.41340121626853943
YKL134C,YGR260W,0,-0.24594414,0.0,0.0,0.4134921431541443
YOR091W,YBR130C,0,-0.245962,0.0,0.0,0.41358304023742676
YOR241W,YBL031W,0,-0.2460078,0.0,0.0,0.4136739671230316
YDR091C,YCR044C,0,-0.24645725,0.0,0.0,0.4137648940086365
YHR006W,YGR161C-D,0,-0.2465188,0.0,0.0,0.41385579109191895
YBR085W,YBL038W,0,-0.24667273,0.0,0.0,0.4139467179775238
YPL001W,YKL150W,0,-0.24672788,0.0,0.0,0.41403764486312866
YBL031W,YNL214W,0,-0.24679603,0.0,0.0,0.4141285717487335
YNL036W,YNL066W,0,-0.24680066,0.0,0.0,0.414219468832016
YOR016C,YIL148W,0,-0.24687576,0.0,0.0,0.41431039571762085
YML067C,YNL288W,0,-0.24696761,0.0,0.0,0.4144013226032257
YLR409C,YOR026W,0,-0.24736439,0.0,0.0,0.4144922196865082
YLR215C,YPR106W,0,-0.24738085,0.0,0.0,0.41458314657211304
YBR181C,YPR097W,0,-0.24746805,0.0,0.0,0.4146740734577179
YJL058C,YGL078C,0,-0.24780574,0.0,0.0,0.41476497054100037
YER062C,YNL054W,0,-0.24782474,0.0,0.0,0.4148558974266052
YIL096C,YOR132W,0,-0.24815781,0.0,0.0,0.4149468243122101
YIL008W,YHR011W,0,-0.24818572,0.0,0.0,0.41503772139549255
YJL021C,YIL062C,0,-0.248315,0.0,0.0,0.4151286482810974
YFR031C-A,YNR048W,0,-0.24851462,0.0,0.0,0.41521957516670227
YJL186W,YOR383C,0,-0.24866275,0.0,0.0,0.41531047224998474
YLL066C,YMR313C,0,-0.24883296,0.0,0.0,0.4154013991355896
YMR118C,YGR122W,0,-0.24893692,0.0,0.0,0.41549232602119446
YML076C,YHR193C,0,-0.2489388,0.0,0.0,0.41558322310447693
YNL145W,YLR292C,0,-0.24906044,0.0,0.0,0.4156741499900818
YOR129C,YKL196C,0,-0.24922222,0.0,0.0,0.41576507687568665
YFL005W,YOR026W,0,-0.24923077,0.0,0.0,0.4158559739589691
YJR120W,YNR059W,0,-0.2492311,0.0,0.0,0.415946900844574
YDR175C,YLR260W,0,-0.24951547,0.0,0.0,0.41603782773017883
YOR371C,YDL159W,0,-0.24962905,0.0,0.0,0.4161287248134613
YCL044C,YML016C,0,-0.24970037,0.0,0.0,0.41621965169906616
YHR079C-B,YGR260W,0,-0.24975476,0.0,0.0,0.416310578584671
YDL220C,YBR254C,0,-0.2498888,0.0,0.0,0.4164015054702759
YOR330C,YDR110W,0,-0.24992096,0.0,0.0,0.41649240255355835
YJL186W,YBR028C,0,-0.24993053,0.0,0.0,0.4165833294391632
YGR254W,YJL021C,0,-0.24993148,0.0,0.0,0.41667425632476807
YGL061C,YDR217C,0,-0.25005817,0.0,0.0,0.41676515340805054
YDR328C,YGL144C,0,-0.2500647,0.0,0.0,0.4168560802936554
YHL011C,YLR019W,0,-0.25011837,0.0,0.0,0.41694700717926025
YGL028C,YBR065C,0,-0.2503433,0.0,0.0,0.4170379042625427
YPL138C,YNL181W,0,-0.2503475,0.0,0.0,0.4171288311481476
YOL098C,YDR516C,0,-0.25037745,0.0,0.0,0.41721975803375244
YKL033W,YDR227W,0,-0.25038373,0.0,0.0,0.4173106551170349
YOR018W,YKR095W-A,0,-0.25060394,0.0,0.0,0.41740158200263977
YGL073W,YDL124W,0,-0.25065672,0.0,0.0,0.41749250888824463
YOR045W,YBR003W,0,-0.25122887,0.0,0.0,0.4175834059715271
YJL059W,YGL049C,0,-0.25136077,0.0,0.0,0.41767433285713196
YCL005W-A,YGL092W,0,-0.25136304,0.0,0.0,0.4177652597427368
YOR117W,YCR065W,0,-0.25146398,0.0,0.0,0.4178561568260193
YCL005W-A,YBL035C,0,-0.25152072,0.0,0.0,0.41794708371162415
YLR052W,YMR183C,0,-0.25163284,0.0,0.0,0.418038010597229
YHL028W,YGL092W,0,-0.25163642,0.0,0.0,0.4181289076805115
YKL045W,YDR301W,0,-0.25173584,0.0,0.0,0.41821983456611633
YNL059C,YNL036W,0,-0.25187,0.0,0.0,0.4183107614517212
YBR003W,YBR162C,0,-0.25218314,0.0,0.0,0.41840165853500366
YPR128C,YGR193C,0,-0.25219446,0.0,0.0,0.4184925854206085
YDR422C,YPL203W,0,-0.25226453,0.0,0.0,0.4185835123062134
YPR071W,YCL035C,0,-0.25236863,0.0,0.0,0.41867443919181824
YBR233W-A,YEL048C,0,-0.2525321,0.0,0.0,0.4187653362751007
YPR071W,YGR030C,0,-0.25257954,0.0,0.0,0.41885626316070557
YHR033W,YMR205C,0,-0.25260293,0.0,0.0,0.4189471900463104
YER040W,YDR019C,0,-0.25262016,0.0,0.0,0.4190380871295929
YNR048W,YJL179W,0,-0.2527836,0.0,0.0,0.41912901401519775
YBR233W-A,YHL038C,0,-0.25298738,0.0,0.0,0.4192199409008026
YJR150C,YCL012W,0,-0.2530307,0.0,0.0,0.4193108379840851
YBR162W-A,YKR077W,0,-0.2530612,0.0,0.0,0.41940176486968994
YLR118C,YGR044C,0,-0.25338334,0.0,0.0,0.4194926917552948
YGR103W,YMR118C,0,-0.25342393,0.0,0.0,0.41958358883857727
YJL045W,YBR107C,0,-0.25391233,0.0,0.0,0.41967451572418213
YGL129C,YIL011W,0,-0.25397545,0.0,0.0,0.419765442609787
YML098W,YCR105W,0,-0.2540205,0.0,0.0,0.41985633969306946
YGL087C,YOR086C,0,-0.25433385,0.0,0.0,0.4199472665786743
YDR213W,YPL117C,0,-0.25436085,0.0,0.0,0.4200381934642792
YLR175W,YPR086W,0,-0.25441918,0.0,0.0,0.42012909054756165
YHR210C,YOR247W,0,-0.25445455,0.0,0.0,0.4202200174331665
YGL046W,YDR103W,0,-0.25446567,0.0,0.0,0.42031094431877136
YGR082W,YBR005W,0,-0.2544825,0.0,0.0,0.42040184140205383
YBL056W,YOR109W,0,-0.25461447,0.0,0.0,0.4204927682876587
YGR046W,YBR069C,0,-0.25475714,0.0,0.0,0.42058369517326355
YDL134C-A,YPL061W,0,-0.254762,0.0,0.0,0.420674592256546
YNL137C,YIL064W,0,-0.2548343,0.0,0.0,0.4207655191421509
YOR258W,YCR035C,0,-0.25485936,0.0,0.0,0.42085644602775574
YNL045W,YJR108W,0,-0.25512376,0.0,0.0,0.4209473729133606
YJL127C,YNL041C,0,-0.25513774,0.0,0.0,0.42103826999664307
YMR076C,YPR161C,0,-0.25518167,0.0,0.0,0.4211291968822479
YLR442C,YPR105C,0,-0.2552123,0.0,0.0,0.4212201237678528
YKL054C,YFL018W-A,0,-0.25533813,0.0,0.0,0.42131102085113525
YHR202W,YOR079C,0,-0.2554555,0.0,0.0,0.4214019477367401
YKL058W,YMR156C,0,-0.25576112,0.0,0.0,0.42149287462234497
YPL224C,YPL168W,0,-0.2561104,0.0,0.0,0.42158377170562744
YGR129W,YPL006W,0,-0.25617453,0.0,0.0,0.4216746985912323
YLR194C,YOR011W,0,-0.25628895,0.0,0.0,0.42176562547683716
YDR004W,YLR054C,0,-0.25629187,0.0,0.0,0.42185652256011963
YPR003C,YDR365W-A,0,-0.2563933,0.0,0.0,0.4219474494457245
YHR150W,YDR019C,0,-0.25642374,0.0,0.0,0.42203837633132935
YDR045C,YLR189C,0,-0.25678292,0.0,0.0,0.4221292734146118
YOL126C,YBR119W,0,-0.25684214,0.0,0.0,0.4222202003002167
YJL026W,YBR121C,0,-0.25690347,0.0,0.0,0.42231112718582153
YKR095W-A,YNL173C,0,-0.25691915,0.0,0.0,0.422402024269104
YLL048C,YPR071W,0,-0.257145,0.0,0.0,0.42249295115470886
YLR185W,YLR118C,0,-0.2572961,0.0,0.0,0.4225838780403137
YPR100W,YOL086W-A,0,-0.25732684,0.0,0.0,0.4226747751235962
YKR078W,YDL134C,0,-0.25740153,0.0,0.0,0.42276570200920105
YPR148C,YOL116W,0,-0.25754184,0.0,0.0,0.4228566288948059
YLR190W,YGR083C,0,-0.2577548,0.0,0.0,0.4229475259780884
YDR168W,YGL127C,0,-0.25786602,0.0,0.0,0.42303845286369324
YOL154W,YBR208C,0,-0.2579506,0.0,0.0,0.4231293797492981
YDL003W,YLR292C,0,-0.2581404,0.0,0.0,0.42322030663490295
YMR316W,YOR212W,0,-0.2582229,0.0,0.0,0.4233112037181854
YIL053W,YHL050C,0,-0.2582637,0.0,0.0,0.4234021306037903
YDR471W,YPR148C,0,-0.25829798,0.0,0.0,0.42349305748939514
YPL137C,YDR435C,0,-0.25837177,0.0,0.0,0.4235839545726776
YBR131W,YGR044C,0,-0.25856125,0.0,0.0,0.42367488145828247
YIL013C,YBR028C,0,-0.2586056,0.0,0.0,0.42376580834388733
YOR090C,YPL137C,0,-0.2586336,0.0,0.0,0.4238567054271698
YBR069C,YPL097W,0,-0.2586878,0.0,0.0,0.42394763231277466
YPR180W,YNL111C,0,-0.2587648,0.0,0.0,0.4240385591983795
YOL135C,YML055W,0,-0.2587728,0.0,0.0,0.424129456281662
YHL003C,YMR050C,0,-0.2587906,0.0,0.0,0.42422038316726685
YLR466W,YPL049C,0,-0.25884357,0.0,0.0,0.4243113100528717
YDL035C,YGL046W,0,-0.25916973,0.0,0.0,0.4244022071361542
YJL001W,YBR121C,0,-0.2592038,0.0,0.0,0.42449313402175903
YJR153W,YGL195W,0,-0.25936186,0.0,0.0,0.4245840609073639
YHL028W,YML133C,0,-0.25965405,0.0,0.0,0.42467495799064636
YPL224C,YDL018C,0,-0.25967494,0.0,0.0,0.4247658848762512
YDR375C,YJR027W,0,-0.25988483,0.0,0.0,0.4248568117618561
YDR129C,YAR042W,0,-0.2599467,0.0,0.0,0.42494770884513855
YBL031W,YLR054C,0,-0.2600003,0.0,0.0,0.4250386357307434
YDR392W,YDL024C,0,-0.26004305,0.0,0.0,0.42512956261634827
YJL098W,YGL231C,0,-0.26050436,0.0,0.0,0.42522045969963074
YIL062C,YNL278W,0,-0.26095963,0.0,0.0,0.4253113865852356
YNL119W,YPL115C,0,-0.2611168,0.0,0.0,0.42540231347084045
YDR379W,YOR212W,0,-0.26117086,0.0,0.0,0.4254932403564453
YOR127W,YBR083W,0,-0.2612793,0.0,0.0,0.4255841374397278
YPR106W,YGL192W,0,-0.26128325,0.0,0.0,0.42567506432533264
YCR091W,YGL045W,0,-0.26192862,0.0,0.0,0.4257659912109375
YER108C,YGL046W,0,-0.26196432,0.0,0.0,0.42585688829421997
YHR014W,YGL219C,0,-0.26197657,0.0,0.0,0.42594781517982483
YGL121C,YGL046W,0,-0.26198927,0.0,0.0,0.4260387420654297
YOR016C,YOL126C,0,-0.26204336,0.0,0.0,0.42612963914871216
YOR273C,YGR004W,0,-0.26209822,0.0,0.0,0.426220566034317
YOL132W,YGL064C,0,-0.2625276,0.0,0.0,0.4263114929199219
YNL025C,YIL043C,0,-0.26253897,0.0,0.0,0.42640239000320435
YNL048W,YKR083C,0,-0.26256686,0.0,0.0,0.4264933168888092
YBR095C,YOR212W,0,-0.26270968,0.0,0.0,0.42658424377441406
YLR075W,YMR237W,0,-0.2627184,0.0,0.0,0.42667514085769653
YCR005C,YNR053C,0,-0.26286855,0.0,0.0,0.4267660677433014
YNL298W,YGR040W,0,-0.26293692,0.0,0.0,0.42685699462890625
YPR095C,YDL243C,0,-0.26299474,0.0,0.0,0.4269478917121887
YOR358W,YFR030W,0,-0.2631299,0.0,0.0,0.4270388185977936
YPL175W,YJL003W,0,-0.2632382,0.0,0.0,0.42712974548339844
YKL141W,YPL117C,0,-0.2633353,0.0,0.0,0.4272206425666809
YML041C,YPL253C,0,-0.26340193,0.0,0.0,0.42731156945228577
YDR259C,YER060W-A,0,-0.26347506,0.0,0.0,0.4274024963378906
YMR105C,YER109C,0,-0.26349503,0.0,0.0,0.4274934232234955
YNL094W,YMR183C,0,-0.2635028,0.0,0.0,0.42758432030677795
YDR515W,YPR199C,0,-0.26368663,0.0,0.0,0.4276752471923828
YOR136W,YBR100W,0,-0.2638473,0.0,0.0,0.42776617407798767
YPL209C,YGL142C,0,-0.26388305,0.0,0.0,0.42785707116127014
YER053C-A,YCL054W,0,-0.2641456,0.0,0.0,0.427947998046875
YDL018C,YER053C-A,0,-0.2641456,0.0,0.0,0.42803892493247986
YNL048W,YER053C-A,0,-0.2641456,0.0,0.0,0.42812982201576233
YER053C-A,YGR260W,0,-0.2641456,0.0,0.0,0.4282207489013672
YPR003C,YBR100W,0,-0.2641456,0.0,0.0,0.42831167578697205
YPR114W,YER053C-A,0,-0.2641456,0.0,0.0,0.4284025728702545
YDR092W,YGL006W,0,-0.26417616,0.0,0.0,0.4284934997558594
YBR101C,YHR202W,0,-0.264449,0.0,0.0,0.42858442664146423
YAL048C,YOL135C,0,-0.26449263,0.0,0.0,0.4286753237247467
YOR192C,YOR079C,0,-0.2646009,0.0,0.0,0.42876625061035156
YGL196W,YLR067C,0,-0.2646419,0.0,0.0,0.4288571774959564
YDR309C,YCL035C,0,-0.26469365,0.0,0.0,0.4289480745792389
YJR035W,YMR050C,0,-0.26472488,0.0,0.0,0.42903900146484375
YDR190C,YKL080W,0,-0.26473653,0.0,0.0,0.4291299283504486
YGL005C,YKL077W,0,-0.26480326,0.0,0.0,0.4292208254337311
YDR280W,YDL119C,0,-0.26486492,0.0,0.0,0.42931175231933594
YGR120C,YPL006W,0,-0.26496014,0.0,0.0,0.4294026792049408
YNL328C,YOR157C,0,-0.26503736,0.0,0.0,0.42949357628822327
YOR319W,YDR021W,0,-0.2650966,0.0,0.0,0.4295845031738281
YOR018W,YAL011W,0,-0.2652841,0.0,0.0,0.429675430059433
YDR500C,YKR052C,0,-0.26540783,0.0,0.0,0.42976635694503784
YPL209C,YLR426W,0,-0.26584455,0.0,0.0,0.4298572540283203
YDR210C-D,YCR107W,0,-0.26587892,0.0,0.0,0.42994818091392517
YBR162C,YHL026C,0,-0.2659547,0.0,0.0,0.43003910779953003
YOL086W-A,YGL226W,0,-0.26596648,0.0,0.0,0.4301300048828125
YBR130C,YNL317W,0,-0.26619992,0.0,0.0,0.43022093176841736
YML013W,YDL117W,0,-0.26668894,0.0,0.0,0.4303118586540222
YIL019W,YOR081C,0,-0.26692554,0.0,0.0,0.4304027557373047
YDR284C,YGL127C,0,-0.26695034,0.0,0.0,0.43049368262290955
YBL016W,YMR116C,0,-0.2669569,0.0,0.0,0.4305846095085144
YDR300C,YPL156C,0,-0.26700774,0.0,0.0,0.4306755065917969
YNL056W,YDR080W,0,-0.26703078,0.0,0.0,0.43076643347740173
YPL280W,YLR037C,0,-0.2670954,0.0,0.0,0.4308573603630066
YBR054W,YGR260W,0,-0.2671029,0.0,0.0,0.43094825744628906
YPR017C,YGR161C-D,0,-0.2673003,0.0,0.0,0.4310391843318939
YLR258W,YKL138C-A,0,-0.26734304,0.0,0.0,0.4311301112174988
YDR309C,YPL175W,0,-0.2673622,0.0,0.0,0.43122100830078125
YOR358W,YDR301W,0,-0.26740775,0.0,0.0,0.4313119351863861
YHR111W,YGR161C-D,0,-0.26763168,0.0,0.0,0.43140286207199097
YDR043C,YDR480W,0,-0.26767248,0.0,0.0,0.43149375915527344
YGR235C,YDR365W-A,0,-0.26785254,0.0,0.0,0.4315846860408783
YBR091C,YER155C,0,-0.26792186,0.0,0.0,0.43167561292648315
YIL087C,YDL211C,0,-0.2680996,0.0,0.0,0.4317665100097656
YIL098C,YLR007W,0,-0.2681278,0.0,0.0,0.4318574368953705
YML021C,YDR430C,0,-0.26815355,0.0,0.0,0.43194836378097534
YER108C,YOR275C,0,-0.26831752,0.0,0.0,0.4320392906665802
YCR031C,YGL240W,0,-0.26840043,0.0,0.0,0.43213018774986267
YPL126W,YBR016W,0,-0.26845932,0.0,0.0,0.43222111463546753
YPL130W,YNR019W,0,-0.26856256,0.0,0.0,0.4323120415210724
YGL046W,YDL159W,0,-0.26876864,0.0,0.0,0.43240293860435486
YKR096W,YMR041C,0,-0.26881433,0.0,0.0,0.4324938654899597
YNL328C,YIL087C,0,-0.26891112,0.0,0.0,0.4325847923755646
YMR274C,YPR133C,0,-0.2689553,0.0,0.0,0.43267568945884705
YHR011W,YHL007C,0,-0.2693131,0.0,0.0,0.4327666163444519
YOR334W,YML133C,0,-0.2694721,0.0,0.0,0.43285754323005676
YHR194W,YJR050W,0,-0.26978523,0.0,0.0,0.43294844031333923
YJR073C,YOR266W,0,-0.26989436,0.0,0.0,0.4330393671989441
YNL250W,YBR193C,0,-0.2699115,0.0,0.0,0.43313029408454895
YOL122C,YDR434W,0,-0.2700678,0.0,0.0,0.4332211911678314
YPR161C,YDR422C,0,-0.27009976,0.0,0.0,0.4333121180534363
YBL016W,YMR316W,0,-0.2701746,0.0,0.0,0.43340304493904114
YOL122C,YGR165W,0,-0.27023,0.0,0.0,0.4334939420223236
YOR018W,YBR029C,0,-0.27028808,0.0,0.0,0.43358486890792847
YER108C,YDL024C,0,-0.27037174,0.0,0.0,0.4336757957935333
YBL072C,YOL086W-A,0,-0.27039966,0.0,0.0,0.4337666928768158
YOR357C,YDR384C,0,-0.2707452,0.0,0.0,0.43385761976242065
YPR105C,YDR301W,0,-0.2708609,0.0,0.0,0.4339485466480255
YDR480W,YHL007C,0,-0.27086323,0.0,0.0,0.434039443731308
YNL137C,YIL154C,0,-0.27098176,0.0,0.0,0.43413037061691284
YPR097W,YHR170W,0,-0.27126557,0.0,0.0,0.4342212975025177
YKL191W,YGL127C,0,-0.2716623,0.0,0.0,0.43431222438812256
YJR049C,YNL176C,0,-0.27187222,0.0,0.0,0.43440312147140503
YIL052C,YNR055C,0,-0.2718811,0.0,0.0,0.4344940483570099
YCL068C,YPR148C,0,-0.2720424,0.0,0.0,0.43458497524261475
YMR220W,YGR165W,0,-0.27205643,0.0,0.0,0.4346758723258972
YKR077W,YDR300C,0,-0.27214074,0.0,0.0,0.4347667992115021
YJL181W,YDL102W,0,-0.27223876,0.0,0.0,0.43485772609710693
YJR150C,YLR435W,0,-0.2726246,0.0,0.0,0.4349486231803894
YJL212C,YDL031W,0,-0.27277264,0.0,0.0,0.43503955006599426
YGR161W-A,YLR323C,0,-0.27295417,0.0,0.0,0.4351304769515991
YGR161W-A,YJR027W,0,-0.27306652,0.0,0.0,0.4352213740348816
YDL189W,YIL008W,0,-0.27306738,0.0,0.0,0.43531230092048645
YOR090C,YDR091C,0,-0.2731071,0.0,0.0,0.4354032278060913
YJR108W,YLR435W,0,-0.27315646,0.0,0.0,0.4354941248893738
YBL100W-B,YBR180W,0,-0.2732426,0.0,0.0,0.43558505177497864
YGL116W,YDL031W,0,-0.2733763,0.0,0.0,0.4356759786605835
YJL181W,YER041W,0,-0.2734414,0.0,0.0,0.43576687574386597
YDR004W,YOR250C,0,-0.2736004,0.0,0.0,0.4358578026294708
YBR130C,YPR097W,0,-0.27362752,0.0,0.0,0.4359487295150757
YKL014C,YPL221W,0,-0.27374086,0.0,0.0,0.43603962659835815
YJL089W,YBR095C,0,-0.27388132,0.0,0.0,0.436130553483963
YNL251C,YJL001W,0,-0.27405605,0.0,0.0,0.43622148036956787
YGR204W,YIL043C,0,-0.2740771,0.0,0.0,0.43631237745285034
YJR118C,YLR019W,0,-0.27425855,0.0,0.0,0.4364033043384552
YNL048W,YOL061W,0,-0.27427095,0.0,0.0,0.43649423122406006
YOR156C,YMR205C,0,-0.27430046,0.0,0.0,0.4365851581096649
YOR334W,YIL013C,0,-0.27436638,0.0,0.0,0.4366760551929474
YER062C,YBL013W,0,-0.27459154,0.0,0.0,0.43676698207855225
YMR286W,YKR053C,0,-0.27467126,0.0,0.0,0.4368579089641571
YDR043C,YHR111W,0,-0.27475688,0.0,0.0,0.4369488060474396
YPL203W,YER108C,0,-0.274772,0.0,0.0,0.43703973293304443
YJR042W,YJL026W,0,-0.27511284,0.0,0.0,0.4371306598186493
YLL024C,YOR060C,0,-0.2754163,0.0,0.0,0.43722155690193176
YML045W,YLR093C,0,-0.27563107,0.0,0.0,0.4373124837875366
YHR088W,YLL067C,0,-0.2757007,0.0,0.0,0.4374034106731415
YLR277C,YML031W,0,-0.27580947,0.0,0.0,0.43749430775642395
YNL063W,YML082W,0,-0.27583203,0.0,0.0,0.4375852346420288
YFR024C,YGR030C,0,-0.27594864,0.0,0.0,0.43767616152763367
YGR165W,YER167W,0,-0.27610365,0.0,0.0,0.43776705861091614
YBR130C,YGL092W,0,-0.2764834,0.0,0.0,0.437857985496521
YML016C,YER060W-A,0,-0.27663526,0.0,0.0,0.43794891238212585
YGR244C,YDR176W,0,-0.276851,0.0,0.0,0.4380398094654083
YDR210C-D,YKL058W,0,-0.2768782,0.0,0.0,0.4381307363510132
YJR027W,YHL025W,0,-0.27699283,0.0,0.0,0.43822166323661804
YNL076W,YMR133W,0,-0.27704716,0.0,0.0,0.4383125603199005
YBR086C,YGL093W,0,-0.2772149,0.0,0.0,0.43840348720550537
YDR545W,YFL005W,0,-0.27753544,0.0,0.0,0.43849441409111023
YCR016W,YOR273C,0,-0.277712,0.0,0.0,0.4385853111743927
YBR029C,YDR244W,0,-0.27780268,0.0,0.0,0.43867623805999756
YIL037C,YKR099W,0,-0.2778974,0.0,0.0,0.4387671649456024
YHL017W,YLR189C,0,-0.27794874,0.0,0.0,0.4388580918312073
YCL017C,YPL138C,0,-0.2781871,0.0,0.0,0.43894898891448975
YDR091C,YHR214C-C,0,-0.2783395,0.0,0.0,0.4390399158000946
YDL119C,YNL278W,0,-0.27876878,0.0,0.0,0.43913084268569946
YFL049W,YKR079C,0,-0.27882057,0.0,0.0,0.43922173976898193
YGL046W,YBR066C,0,-0.2788407,0.0,0.0,0.4393126666545868
YGR205W,YDL145C,0,-0.27910864,0.0,0.0,0.43940359354019165
YNL056W,YAL059W,0,-0.27914268,0.0,0.0,0.4394944906234741
YLR193C,YNR030W,0,-0.27922988,0.0,0.0,0.439585417509079
YFR027W,YNL243W,0,-0.27925226,0.0,0.0,0.43967634439468384
YPL225W,YOR260W,0,-0.27931187,0.0,0.0,0.4397672414779663
YHR111W,YNL029C,0,-0.27961764,0.0,0.0,0.43985816836357117
YCR016W,YCL068C,0,-0.27965832,0.0,0.0,0.439949095249176
YLR059C,YFR049W,0,-0.27981743,0.0,0.0,0.4400399923324585
YFL035C-B,YEL027W,0,-0.28006154,0.0,0.0,0.44013091921806335
YML045W,YLR175W,0,-0.2802552,0.0,0.0,0.4402218461036682
YHR108W,YOL121C,0,-0.28025752,0.0,0.0,0.4403127431869507
YOR207C,YMR110C,0,-0.28030783,0.0,0.0,0.44040367007255554
YJL212C,YLR058C,0,-0.2805349,0.0,0.0,0.4404945969581604
YPL239W,YOR060C,0,-0.28062475,0.0,0.0,0.44058549404144287
YOR127W,YER113C,0,-0.2807689,0.0,0.0,0.44067642092704773
YBR153W,YDL134C-A,0,-0.28079337,0.0,0.0,0.4407673478126526
YNL197C,YHR111W,0,-0.28086293,0.0,0.0,0.44085827469825745
YER027C,YGL046W,0,-0.28095067,0.0,0.0,0.4409491717815399
YCL051W,YMR313C,0,-0.2811561,0.0,0.0,0.4410400986671448
YER033C,YBR060C,0,-0.28127488,0.0,0.0,0.44113102555274963
YIR019C,YLR466W,0,-0.2813847,0.0,0.0,0.4412219226360321
YGR103W,YDR513W,0,-0.28145978,0.0,0.0,0.44131284952163696
YKL197C,YDL018C,0,-0.28155148,0.0,0.0,0.4414037764072418
YDR075W,YDR204W,0,-0.28166685,0.0,0.0,0.4414946734905243
YNL145W,YPR114W,0,-0.28173482,0.0,0.0,0.44158560037612915
YGL121C,YAL041W,0,-0.2819091,0.0,0.0,0.441676527261734
YBR029C,YBR146W,0,-0.28195256,0.0,0.0,0.4417674243450165
YBR101C,YJL003W,0,-0.2820478,0.0,0.0,0.44185835123062134
YOR258W,YLR001C,0,-0.28212094,0.0,0.0,0.4419492781162262
YAL011W,YBL025W,0,-0.28212917,0.0,0.0,0.44204017519950867
YOL132W,YKL060C,0,-0.28237236,0.0,0.0,0.4421311020851135
YMR072W,YER108C,0,-0.28255558,0.0,0.0,0.4422220289707184
YBR015C,YKL087C,0,-0.28258216,0.0,0.0,0.44231292605400085
YMR322C,YPR105C,0,-0.28261203,0.0,0.0,0.4424038529396057
YLR315W,YBR301W,0,-0.28271696,0.0,0.0,0.44249477982521057
YKL197C,YPL235W,0,-0.28275526,0.0,0.0,0.44258567690849304
YER007C-A,YPL130W,0,-0.28281736,0.0,0.0,0.4426766037940979
YGL045W,YLR362W,0,-0.2828557,0.0,0.0,0.44276753067970276
YGR099W,YPR003C,0,-0.28290844,0.0,0.0,0.44285842776298523
YOL059W,YNL278W,0,-0.2830448,0.0,0.0,0.4429493546485901
YMR225C,YMR133W,0,-0.2830853,0.0,0.0,0.44304028153419495
YPR106W,YHR197W,0,-0.28314194,0.0,0.0,0.4431312084197998
YKL191W,YIL130W,0,-0.28315306,0.0,0.0,0.4432221055030823
YKR100C,YDR080W,0,-0.28321397,0.0,0.0,0.44331303238868713
YPR055W,YCR058C,0,-0.28324535,0.0,0.0,0.443403959274292
YMR232W,YLL067C,0,-0.28329754,0.0,0.0,0.44349485635757446
YDR398W,YCL035C,0,-0.28339168,0.0,0.0,0.4435857832431793
YLR083C,YIR019C,0,-0.28346705,0.0,0.0,0.4436767101287842
YGL045W,YPL049C,0,-0.28374878,0.0,0.0,0.44376760721206665
YPL224C,YHR194W,0,-0.28377214,0.0,0.0,0.4438585340976715
YLR234W,YDR204W,0,-0.28386724,0.0,0.0,0.44394946098327637
YOR195W,YBR045C,0,-0.28400886,0.0,0.0,0.44404035806655884
YMR050C,YDR234W,0,-0.2842552,0.0,0.0,0.4441312849521637
YOR065W,YHL050C,0,-0.28440726,0.0,0.0,0.44422221183776855
YBR153W,YLR061W,0,-0.28441447,0.0,0.0,0.444313108921051
YAR009C,YGR060W,0,-0.28451428,0.0,0.0,0.4444040358066559
YDL012C,YGL238W,0,-0.28472888,0.0,0.0,0.44449496269226074
YML067C,YPL116W,0,-0.28477055,0.0,0.0,0.4445858597755432
YNL294C,YMR131C,0,-0.28481996,0.0,0.0,0.44467678666114807
YJL183W,YBR023C,0,-0.28484666,0.0,0.0,0.44476771354675293
YNL063W,YMR125W,0,-0.28485543,0.0,0.0,0.4448586106300354
YER179W,YEL006W,0,-0.28507128,0.0,0.0,0.44494953751564026
YOR004W,YHR158C,0,-0.28514302,0.0,0.0,0.4450404644012451
YHR111W,YBR169C,0,-0.28524378,0.0,0.0,0.4451313614845276
YMR158W,YPL168W,0,-0.2855041,0.0,0.0,0.44522228837013245
YOR191W,YKL054C,0,-0.28558505,0.0,0.0,0.4453132152557373
YHR158C,YEL032W,0,-0.28559428,0.0,0.0,0.44540414214134216
YOR090C,YNL132W,0,-0.28572792,0.0,0.0,0.44549503922462463
YDL003W,YGR030C,0,-0.28605282,0.0,0.0,0.4455859661102295
YJR123W,YLL067C,0,-0.28610817,0.0,0.0,0.44567689299583435
YJR054W,YCL054W,0,-0.28623262,0.0,0.0,0.4457677900791168
YPR110C,YGR005C,0,-0.28631276,0.0,0.0,0.4458587169647217
YKL194C,YHR114W,0,-0.28636384,0.0,0.0,0.44594964385032654
YEL001C,YMR262W,0,-0.28647113,0.0,0.0,0.446040540933609
YBR130C,YFL035C-B,0,-0.2864821,0.0,0.0,0.44613146781921387
YPL262W,YOR078W,0,-0.28649664,0.0,0.0,0.4462223947048187
YER108C,YEL051W,0,-0.28651553,0.0,0.0,0.4463132917881012
YNL045W,YHR103W,0,-0.28661087,0.0,0.0,0.44640421867370605
YAL041W,YOR212W,0,-0.2866187,0.0,0.0,0.4464951455593109
YDR129C,YLR466W,0,-0.28665912,0.0,0.0,0.4465860426425934
YIL030C,YDR023W,0,-0.28680092,0.0,0.0,0.44667696952819824
YMR041C,YGL198W,0,-0.2868053,0.0,0.0,0.4467678964138031
YLR059C,YCL035C,0,-0.28717688,0.0,0.0,0.44685879349708557
YKR095W-A,YPR105C,0,-0.28722456,0.0,0.0,0.44694972038269043
YNL294C,YLR083C,0,-0.28723937,0.0,0.0,0.4470406472682953
YNL130C,YFL018W-A,0,-0.28725988,0.0,0.0,0.44713154435157776
YLR143W,YMR035W,0,-0.2872628,0.0,0.0,0.4472224712371826
YHR073W,YMR116C,0,-0.28728974,0.0,0.0,0.4473133981227875
YGL243W,YGR017W,0,-0.2874006,0.0,0.0,0.44740429520606995
YOL059W,YOR110W,0,-0.28745475,0.0,0.0,0.4474952220916748
YDL160C,YMR118C,0,-0.28747466,0.0,0.0,0.44758614897727966
YOR026W,YLR263W,0,-0.28749305,0.0,0.0,0.4476770758628845
YLR055C,YIL062C,0,-0.28764963,0.0,0.0,0.447767972946167
YPR097W,YGL111W,0,-0.287749,0.0,0.0,0.44785889983177185
YOR091W,YFL035C-A,0,-0.2878788,0.0,0.0,0.4479498267173767
YMR055C,YBR301W,0,-0.28798515,0.0,0.0,0.4480407238006592
YCR031C,YNL023C,0,-0.28821328,0.0,0.0,0.44813165068626404
YPL140C,YLR432W,0,-0.288284,0.0,0.0,0.4482225775718689
YMR015C,YER015W,0,-0.28836364,0.0,0.0,0.44831347465515137
YNL214W,YPR100W,0,-0.2886479,0.0,0.0,0.4484044015407562
YGL115W,YCL039W,0,-0.28876737,0.0,0.0,0.4484953284263611
YLR223C,YBR086C,0,-0.28885072,0.0,0.0,0.44858622550964355
YDL134C-A,YFL018W-A,0,-0.28911918,0.0,0.0,0.4486771523952484
YIL069C,YFL018W-A,0,-0.2891773,0.0,0.0,0.44876807928085327
YHL028W,YKR027W,0,-0.2893063,0.0,0.0,0.44885897636413574
YPL036W,YLL057C,0,-0.28939903,0.0,0.0,0.4489499032497406
YBR095C,YBR066C,0,-0.28943238,0.0,0.0,0.44904083013534546
YGL045W,YDR107C,0,-0.2895174,0.0,0.0,0.44913172721862793
YKR095W-A,YHR139C,0,-0.2896923,0.0,0.0,0.4492226541042328
YLL024C,YJR046W,0,-0.2897094,0.0,0.0,0.44931358098983765
YER108C,YDR103W,0,-0.28986257,0.0,0.0,0.4494044780731201
YGR024C,YPL234C,0,-0.28991538,0.0,0.0,0.449495404958725
YGL126W,YIL037C,0,-0.29002434,0.0,0.0,0.44958633184432983
YPR055W,YGL240W,0,-0.2900627,0.0,0.0,0.4496772289276123
YIL008W,YPL115C,0,-0.2900791,0.0,0.0,0.44976815581321716
YDR160W,YKL196C,0,-0.29025596,0.0,0.0,0.449859082698822
YLR196W,YDL134C,0,-0.29033843,0.0,0.0,0.4499500095844269
YHR210C,YPL135W,0,-0.29047304,0.0,0.0,0.45004090666770935
YMR226C,YNR071C,0,-0.29053894,0.0,0.0,0.4501318335533142
YIL036W,YMR232W,0,-0.29069304,0.0,0.0,0.45022276043891907
YFR038W,YHL026C,0,-0.29071414,0.0,0.0,0.45031365752220154
YOL078W,YBR180W,0,-0.2907239,0.0,0.0,0.4504045844078064
YAR042W,YDR150W,0,-0.29089504,0.0,0.0,0.45049551129341125
YMR076C,YFL056C,0,-0.29100472,0.0,0.0,0.4505864083766937
YMR175W,YPL175W,0,-0.29109886,0.0,0.0,0.4506773352622986
YDR080W,YML096W,0,-0.2912564,0.0,0.0,0.45076826214790344
YIL075C,YOR156C,0,-0.29142448,0.0,0.0,0.4508591592311859
YGR109W-A,YGL027C,0,-0.29152578,0.0,0.0,0.45095008611679077
YEL039C,YHL031C,0,-0.2915468,0.0,0.0,0.45104101300239563
YFL061W,YLR194C,0,-0.29166216,0.0,0.0,0.4511319100856781
YNR032C-A,YHR114W,0,-0.29170436,0.0,0.0,0.45122283697128296
YDL134C-A,YOR129C,0,-0.29187274,0.0,0.0,0.4513137638568878
YJR132W,YJL057C,0,-0.29190892,0.0,0.0,0.4514046609401703
YJR120W,YDR365C,0,-0.2921853,0.0,0.0,0.45149558782577515
YER177W,YEL051W,0,-0.29227045,0.0,0.0,0.45158651471138
YDR375C,YNL045W,0,-0.29228228,0.0,0.0,0.4516774117946625
YLR039C,YML059C,0,-0.29233497,0.0,0.0,0.45176833868026733
YML021C,YHR214W,0,-0.29254383,0.0,0.0,0.4518592655658722
YBR233W-A,YBR107C,0,-0.29256427,0.0,0.0,0.45195016264915466
YNL145W,YMR118C,1,-0.29260877,0.00020112631318625063,1.0,0.45195016264915466
YAL002W,YNR071C,0,-0.2927453,0.00020108585886191577,1.0,0.4520410895347595
YLR315W,YLR293C,0,-0.2928915,0.00020104543364141136,1.0,0.4521320164203644
YGL046W,YPL115C,0,-0.2929357,0.0002010050229728222,1.0,0.45222294330596924
YPR055W,YDR105C,0,-0.29316902,0.00020096462685614824,1.0,0.4523138403892517
YJL078C,YDL149W,0,-0.2931896,0.00020092424529138952,1.0,0.45240476727485657
YKL185W,YGR165W,0,-0.29328102,0.00020088389283046126,1.0,0.4524956941604614
YGR245C,YCL035C,0,-0.29329142,0.000200843540369533,1.0,0.4525865912437439
YLR060W,YIL062C,0,-0.29332432,0.0002008032170124352,1.0,0.45267751812934875
YDL035C,YMR316W,0,-0.29332435,0.0002007628936553374,1.0,0.4527684450149536
YBL063W,YDR087C,0,-0.29335648,0.00020072259940207005,1.0,0.4528593420982361
YNL031C,YDR040C,0,-0.2933578,0.00020068231970071793,1.0,0.45295026898384094
YPL168W,YBR146W,0,-0.29342398,0.00020064205455128103,1.0,0.4530411958694458
YBR023C,YHR157W,0,-0.293436,0.00020060180395375937,1.0,0.45313209295272827
YJL186W,YBR272C,0,-0.2934414,0.00020056156790815294,1.0,0.45322301983833313
YIL144W,YMR050C,0,-0.29349276,0.00020052136096637696,1.0,0.453313946723938
YGR003W,YOR330C,0,-0.29349852,0.00020048115402460098,1.0,0.45340484380722046
YNL137C,YKR093W,0,-0.2935582,0.00020044097618665546,1.0,0.4534957706928253
YIL038C,YNL065W,0,-0.29361016,0.00020040079834870994,1.0,0.4535866975784302
YAL041W,YNL197C,0,-0.2936225,0.00020036064961459488,1.0,0.45367759466171265
YFR024C-A,YGR193C,0,-0.29381526,0.00020032051543239504,1.0,0.4537685215473175
YDR189W,YIL123W,0,-0.2938694,0.00020028039580211043,1.0,0.45385944843292236
YBR069C,YOL084W,0,-0.29388812,0.00020024029072374105,1.0,0.45395034551620483
YLR234W,YLR023C,0,-0.29400012,0.0002002002001972869,1.0,0.4540412724018097
YCL005W-A,YJR035W,0,-0.29413474,0.00020016012422274798,1.0,0.45413219928741455
YAL048C,YBR101C,0,-0.29420173,0.00020012007735203952,1.0,0.454223096370697
YKL191W,YHL006C,0,-0.29421425,0.00020008003048133105,1.0,0.4543140232563019
YDR328C,YDR437W,0,-0.2942658,0.00020004001271445304,1.0,0.45440495014190674
YDR372C,YFL035C-A,0,-0.29427058,0.00019999999494757503,1.0,0.4544958770275116
YOL009C,YPR141C,0,-0.2942788,0.00019996000628452748,1.0,0.45458677411079407
YDR422C,YGL238W,0,-0.29439157,0.00019992003217339516,1.0,0.4546777009963989
YBL016W,YIR019C,0,-0.29477566,0.00019988007261417806,1.0,0.4547686278820038
YCR036W,YCR038C,0,-0.29493764,0.0001998401276068762,1.0,0.45485952496528625
YGL046W,YNL119W,0,-0.29504302,0.00019980019715148956,1.0,0.4549504518508911
YKL185W,YHR080C,0,-0.29505986,0.00019976028124801815,1.0,0.45504137873649597
YBL013W,YHR020W,0,-0.2950765,0.0001997203944483772,1.0,0.45513227581977844
YMR192W,YLR102C,0,-0.29544014,0.00019968050764873624,1.0,0.4552232027053833
YBR005W,YLL067C,0,-0.29558837,0.00019964064995292574,1.0,0.45531412959098816
YMR133W,YGL049C,0,-0.29566193,0.00019960079225711524,1.0,0.45540502667427063
YNL024C,YMR125W,0,-0.29570445,0.0001995609636651352,1.0,0.4554959535598755
YIL119C,YLR054C,0,-0.29571664,0.0001995211496250704,1.0,0.45558688044548035
YDR100W,YER159C,0,-0.29590377,0.0001994813501369208,1.0,0.4556777775287628
YBR054W,YKL145W,0,-0.2960166,0.00019944156520068645,1.0,0.4557687044143677
YPL115C,YDR080W,0,-0.29608265,0.00019940179481636733,1.0,0.45585963129997253
YNL317W,YOR048C,0,-0.2961385,0.00019936203898396343,1.0,0.455950528383255
YDR189W,YJL059W,0,-0.29616082,0.00019932229770347476,1.0,0.45604145526885986
YJL212C,YER081W,0,-0.29644763,0.00019928258552681655,1.0,0.4561323821544647
YLR239C,YLL006W,0,-0.29662788,0.00019924287335015833,1.0,0.4562232792377472
YBR090C-A,YIL123W,0,-0.29675448,0.00019920319027733058,1.0,0.45631420612335205
YDL124W,YDR023W,0,-0.29698265,0.00019916350720450282,1.0,0.4564051330089569
YDR398W,YMR009W,0,-0.29705554,0.00019912385323550552,1.0,0.45649605989456177
YIL137C,YLR060W,0,-0.2970755,0.00019908421381842345,1.0,0.45658695697784424
YBR015C,YDL102W,0,-0.2971953,0.0001990445889532566,1.0,0.4566778838634491
YGL243W,YDL124W,0,-0.29729784,0.000199004978640005,1.0,0.45676881074905396
YML127W,YBL051C,0,-0.29744726,0.0001989653828786686,1.0,0.4568597078323364
YOL116W,YDR043C,0,-0.29748952,0.00019892580166924745,1.0,0.4569506347179413
YML092C,YOL135C,0,-0.29784143,0.00019888623501174152,1.0,0.45704156160354614
YOR273C,YLR363C,0,-0.2978505,0.00019884668290615082,1.0,0.4571324586868286
YBR254C,YBR028C,0,-0.29786962,0.00019880715990439057,1.0,0.45722338557243347
YGL104C,YPL126W,0,-0.29790324,0.00019876763690263033,1.0,0.45731431245803833
YGR212W,YDR381W,0,-0.29832524,0.00019872814300470054,1.0,0.4574052095413208
YDL134C-A,YHR150W,0,-0.29851633,0.00019868864910677075,1.0,0.45749613642692566
YJL012C,YHR079C-B,0,-0.29857522,0.00019864918431267142,1.0,0.4575870633125305
YER142C,YDR469W,0,-0.29864597,0.00019860973407048732,1.0,0.457677960395813
YGR178C,YIL137C,0,-0.29880366,0.00019857029838021845,1.0,0.45776888728141785
YBR295W,YEL006W,0,-0.29928806,0.0001985308772418648,1.0,0.4578598141670227
YIL137C,YPR057W,0,-0.29944405,0.00019849147065542638,1.0,0.4579507112503052
YER108C,YMR116C,0,-0.29963714,0.0001984520786209032,1.0,0.45804163813591003
YBR090C-A,YOR026W,0,-0.29969895,0.00019841270113829523,1.0,0.4581325650215149
YJR052W,YKL063C,0,-0.2998511,0.0001983733382076025,1.0,0.45822346210479736
YGL046W,YOR212W,0,-0.29988897,0.000198333989828825,1.0,0.4583143889904022
YGR253C,YPL253C,0,-0.30020294,0.00019829467055387795,1.0,0.4584053158760071
YDL098C,YNR071C,0,-0.30020845,0.0001982553512789309,1.0,0.45849621295928955
YPR199C,YLR200W,0,-0.300309,0.0001982160611078143,1.0,0.4585871398448944
YKL045W,YDL012C,0,-0.30043727,0.00019817677093669772,1.0,0.45867806673049927
YLR234W,YCR016W,0,-0.3006243,0.0001981375098694116,1.0,0.4587689936161041
YLR143W,YOR330C,0,-0.30087894,0.00019809826335404068,1.0,0.4588598906993866
YOL076W,YGL139W,0,-0.3009718,0.00019805901683866978,1.0,0.45895081758499146
YPL146C,YCL068C,0,-0.30105573,0.00019801979942712933,1.0,0.4590417444705963
YBR153W,YER040W,0,-0.30143428,0.0001979805965675041,1.0,0.4591326415538788
YJR027W,YCL044C,0,-0.30152658,0.00019794140825979412,1.0,0.45922356843948364
YPL168W,YOR254C,0,-0.30167702,0.00019790223450399935,1.0,0.4593144953250885
YHR210C,YNL317W,0,-0.30176347,0.00019786307530011982,1.0,0.45940539240837097
YDR043C,YER109C,0,-0.30178404,0.0001978239306481555,1.0,0.45949631929397583
YBR065C,YGR266W,0,-0.30208665,0.00019778481510002166,1.0,0.4595872461795807
YJL078C,YBR169C,0,-0.3021529,0.0001977456995518878,1.0,0.45967814326286316
YKR064W,YER108C,0,-0.30224752,0.0001977065985556692,1.0,0.459769070148468
YGR161W-A,YKL099C,0,-0.3023471,0.00019766752666328102,1.0,0.4598599970340729
YLR167W,YJR084W,0,-0.3025379,0.00019762845477089286,1.0,0.45995089411735535
YGR099W,YFL018W-A,0,-0.3026796,0.00019758941198233515,1.0,0.4600418210029602
YNL025C,YIL038C,0,-0.30272204,0.00019755036919377744,1.0,0.46013274788856506
YMR158W,YBR181C,0,-0.302801,0.0001975113555090502,1.0,0.46022364497184753
YJL127C,YKR095W-A,0,-0.30300754,0.00019747235637623817,1.0,0.4603145718574524
YML120C,YDL119C,0,-0.3030697,0.00019743337179534137,1.0,0.46040549874305725
YGL046W,YMR116C,0,-0.30344957,0.00019739438721444458,1.0,0.4604963958263397
YKL054C,YJL001W,0,-0.30349547,0.00019735543173737824,1.0,0.4605873227119446
YNR032C-A,YNL317W,0,-0.30352083,0.00019731649081222713,1.0,0.46067824959754944
YGL231C,YCR005C,0,-0.30359477,0.00019727756443899125,1.0,0.4607691466808319
YBR109C,YOR060C,0,-0.30380285,0.0001972386526176706,1.0,0.46086007356643677
YBL063W,YJL083W,0,-0.30384147,0.0001971997699001804,1.0,0.4609510004520416
YOR080W,YNL197C,0,-0.30411893,0.0001971608871826902,1.0,0.4610419273376465
YOR191W,YJR108W,0,-0.3041232,0.00019712201901711524,1.0,0.46113282442092896
YOL154W,YNL029C,0,-0.30426702,0.0001970831654034555,1.0,0.4612237513065338
YLR442C,YLR001C,0,-0.3042971,0.0001970443408936262,1.0,0.46131467819213867
YPL137C,YJR120W,0,-0.3045097,0.00019700551638379693,1.0,0.46140557527542114
YDR513W,YDR268W,0,-0.30476418,0.00019696670642588288,1.0,0.461496502161026
YKL062W,YCR058C,0,-0.30477262,0.00019692792557179928,1.0,0.46158742904663086
YGR017W,YDR359C,0,-0.3048228,0.00019688914471771568,1.0,0.46167832612991333
YGL005C,YLR181C,0,-0.30500552,0.00019685039296746254,1.0,0.4617692530155182
YIL037C,YLR234W,0,-0.3050209,0.00019681165576912463,1.0,0.46186017990112305
YCL044C,YDR259C,0,-0.30504283,0.00019677291857078671,1.0,0.4619510769844055
YCL005W-A,YIL107C,0,-0.3056451,0.00019673421047627926,1.0,0.4620420038700104
YDR361C,YLR067C,0,-0.3057094,0.00019669551693368703,1.0,0.46213293075561523
YKR078W,YKL054C,0,-0.30583638,0.00019665683794301003,1.0,0.4622238278388977
YDR372C,YKL132C,0,-0.30588123,0.00019661817350424826,1.0,0.46231475472450256
YGL139W,YDR019C,0,-0.30591294,0.00019657952361740172,1.0,0.4624056816101074
YJR102C,YIL098C,0,-0.3061975,0.00019654087373055518,1.0,0.4624965786933899
YDR043C,YBL016W,0,-0.3062134,0.0001965022529475391,1.0,0.46258750557899475
YOR087W,YGR204W,0,-0.30640385,0.00019646366126835346,1.0,0.4626784324645996
YBR083W,YPL049C,0,-0.30640668,0.00019642506958916783,1.0,0.4627693295478821
YLR239C,YEL048C,0,-0.30648476,0.00019638649246189743,1.0,0.46286025643348694
YPR067W,YDR268W,0,-0.30652404,0.00019634792988654226,1.0,0.4629511833190918
YDR257C,YKL005C,0,-0.30657336,0.00019630938186310232,1.0,0.46304208040237427
YDR406W,YCR038C,0,-0.3066029,0.0001962708483915776,1.0,0.4631330072879791
YMR081C,YBR107C,0,-0.30681345,0.00019623234402388334,1.0,0.463223934173584
YER007C-A,YNR055C,0,-0.30695778,0.00019619383965618908,1.0,0.46331486105918884
YKL026C,YHL031C,0,-0.30710518,0.00019615534984041005,1.0,0.4634057581424713
YBR066C,YDL159W,0,-0.3072486,0.00019611688912846148,1.0,0.46349668502807617
YIL123W,YNL278W,0,-0.30732208,0.0001960784284165129,1.0,0.46358761191368103
YLL031C,YPL161C,0,-0.30789638,0.0001960399968083948,1.0,0.4636785089969635
YKR079C,YBL100W-B,0,-0.30814102,0.00019600156520027667,1.0,0.46376943588256836
YER108C,YDL159W,0,-0.30848628,0.000195963162695989,1.0,0.4638603627681732
YBL016W,YNL298W,0,-0.30861956,0.00019592476019170135,1.0,0.4639512598514557
YGL208W,YPL115C,0,-0.30882296,0.00019588638679124415,1.0,0.46404218673706055
YLR284C,YDL018C,0,-0.30887288,0.00019584802794270217,1.0,0.4641331136226654
YHR108W,YMR053C,0,-0.3089987,0.0001958096690941602,1.0,0.4642240107059479
YHR033W,YDR438W,0,-0.3092047,0.00019577133934944868,1.0,0.46431493759155273
YGL046W,YAL056W,0,-0.30932987,0.0001957330241566524,1.0,0.4644058644771576
YHL035C,YGR083C,0,-0.3093726,0.00019569472351577133,1.0,0.46449676156044006
YLR361C,YML096W,0,-0.30949157,0.00019565642287489027,1.0,0.4645876884460449
YDR392W,YBR095C,0,-0.30983818,0.00019561815133783966,1.0,0.4646786153316498
YGL105W,YLR263W,0,-0.31013116,0.0001955798943527043,1.0,0.46476951241493225
YDL209C,YLR061W,0,-0.31014037,0.00019554165191948414,1.0,0.4648604393005371
YPL018W,YJL168C,0,-0.31032425,0.00019550342403817922,1.0,0.46495136618614197
YDR500C,YMR220W,0,-0.310382,0.00019546521070878953,1.0,0.46504226326942444
YBR046C,YKL149C,0,-0.31052482,0.00019542701193131506,1.0,0.4651331901550293
YJR120W,YNL081C,0,-0.3105936,0.00019538882770575583,1.0,0.46522411704063416
YHR011W,YBR095C,0,-0.31063277,0.00019535065803211182,1.0,0.4653150141239166
YPR131C,YNL216W,0,-0.3106898,0.00019531250291038305,1.0,0.4654059410095215
YLR234W,YPL040C,0,-0.31071377,0.0001952743623405695,1.0,0.46549686789512634
YDR517W,YBR023C,0,-0.3107161,0.00019523623632267118,1.0,0.4655877947807312
YGL076C,YGL085W,0,-0.3109936,0.00019519812485668808,1.0,0.46567869186401367
YDL124W,YLR288C,0,-0.31112552,0.00019516002794262022,1.0,0.46576961874961853
YPL126W,YDR005C,0,-0.31116182,0.00019512194558046758,1.0,0.4658605456352234
YHR185C,YDR039C,0,-0.3113406,0.0001950838923221454,1.0,0.46595144271850586
YLR001C,YBR191W,0,-0.31135726,0.00019504583906382322,1.0,0.4660423696041107
YBR029C,YGL107C,0,-0.31153625,0.00019500780035741627,1.0,0.4661332964897156
YDL134C-A,YJL197W,0,-0.3118128,0.00019496977620292455,1.0,0.46622419357299805
YMR076C,YPL076W,0,-0.31184107,0.00019493178115226328,1.0,0.4663151204586029
YLL048C,YOR004W,0,-0.31194955,0.00019489378610160202,1.0,0.46640604734420776
YDR434W,YFR025C,0,-0.31204036,0.00019485580560285598,1.0,0.46649694442749023
YML045W,YER005W,0,-0.31216288,0.00019481783965602517,1.0,0.4665878713130951
YPR095C,YOR113W,0,-0.31245965,0.00019477990281302482,1.0,0.46667879819869995
YDR227W,YIL043C,0,-0.31247526,0.00019474196597002447,1.0,0.4667696952819824
YJR027W,YCL035C,0,-0.31258473,0.00019470404367893934,1.0,0.4668606221675873
YDL189W,YNL118C,0,-0.31274375,0.00019466615049168468,1.0,0.46695154905319214
YIL009W,YGR296W,0,-0.31286705,0.00019462825730443,1.0,0.4670424461364746
YOR034C,YGL087C,0,-0.3129498,0.0001945903932210058,1.0,0.46713337302207947
YGR078C,YOR258W,0,-0.3130388,0.0001945525291375816,1.0,0.4672242999076843
YDR350C,YLR061W,0,-0.3131563,0.0001945146796060726,1.0,0.4673151969909668
YDR028C,YLR068W,0,-0.31326598,0.00019447685917839408,1.0,0.46740612387657166
YER033C,YGR004W,0,-0.31336126,0.00019443903875071555,1.0,0.4674970507621765
YDR515W,YER108C,0,-0.31346256,0.00019440124742686749,1.0,0.467587947845459
YGL063W,YML082W,0,-0.31359777,0.00019436345610301942,1.0,0.46767887473106384
YLL048C,YBR279W,0,-0.31360048,0.0001943256938830018,1.0,0.4677698016166687
YER063W,YER071C,0,-0.31361127,0.0001942879316629842,1.0,0.46786072850227356
YFR024C,YDL102W,0,-0.31365842,0.00019425019854679704,1.0,0.46795162558555603
YFR024C-A,YDL243C,0,-0.31415594,0.00019421246543060988,1.0,0.4680425524711609
YOL116W,YDR103W,0,-0.3142066,0.00019417476141825318,1.0,0.46813347935676575
YOR045W,YDR150W,0,-0.31438717,0.00019413705740589648,1.0,0.4682243764400482
YNL328C,YJR073C,0,-0.31445578,0.00019409938249737024,1.0,0.4683153033256531
YGR003W,YGR260W,0,-0.31467572,0.000194061707588844,1.0,0.46840623021125793
YPR057W,YOR271C,0,-0.31469852,0.00019402406178414822,1.0,0.4684971272945404
YLR234W,YOR032C,0,-0.3150865,0.00019398641597945243,1.0,0.46858805418014526
YOR127W,YDR477W,0,-0.31511563,0.0001939487992785871,1.0,0.4686789810657501
YML045W,YFL011W,0,-0.315526,0.00019391118257772177,1.0,0.4687698781490326
YBR066C,YDR103W,0,-0.31561428,0.0001938735949806869,1.0,0.46886080503463745
YKL138C-A,YKL043W,0,-0.3156823,0.00019383602193556726,1.0,0.4689517319202423
YPL239W,YBL047C,0,-0.31591302,0.00019379844889044762,1.0,0.4690426290035248
YKR085C,YJL212C,0,-0.31595615,0.00019376090494915843,1.0,0.46913355588912964
YPL138C,YJR054W,0,-0.31597912,0.00019372336100786924,1.0,0.4692244827747345
YOR110W,YKL040C,0,-0.31615373,0.00019368584617041051,1.0,0.46931537985801697
YHR111W,YBR149W,0,-0.3161562,0.00019364833133295178,1.0,0.4694063067436218
YCL051W,YKL063C,0,-0.31622952,0.0001936108455993235,1.0,0.4694972336292267
YMR232W,YHR154W,0,-0.3165695,0.00019357335986569524,1.0,0.46958813071250916
YGL208W,YGL046W,0,-0.31661105,0.00019353590323589742,1.0,0.469679057598114
YMR050C,YOR060C,0,-0.31679925,0.0001934984466060996,1.0,0.46976998448371887
YJR153W,YDL012C,0,-0.31680912,0.00019346101908013225,1.0,0.46986088156700134
YKR027W,YGL085W,0,-0.31682116,0.0001934235915541649,1.0,0.4699518084526062
YMR234W,YBR090C-A,0,-0.31688094,0.00019338619313202798,1.0,0.47004273533821106
YKR095W-A,YPL049C,0,-0.31718203,0.00019334879470989108,1.0,0.4701336622238159
YNL181W,YLR260W,0,-0.31728578,0.00019331142539158463,1.0,0.4702245593070984
YPR067W,YGR094W,0,-0.3174621,0.0001932740560732782,1.0,0.47031548619270325
YCR086W,YDL243C,0,-0.31765655,0.0001932367158588022,1.0,0.4704064130783081
YDL035C,YDR392W,0,-0.31782708,0.0001931993756443262,1.0,0.4704973101615906
YDL145C,YER060W,0,-0.31789404,0.00019316206453368068,1.0,0.47058823704719543
YLR220W,YGR211W,0,-0.31805253,0.00019312475342303514,1.0,0.4706791639328003
YGR004W,YML061C,0,-0.3182788,0.00019308747141622007,1.0,0.47077006101608276
YPR133C,YHR020W,0,-0.3183568,0.000193050189409405,1.0,0.4708609879016876
YHR201C,YDR464W,0,-0.3185781,0.00019301293650642037,1.0,0.4709519147872925
YBR233W-A,YCL039W,0,-0.31860888,0.00019297568360343575,1.0,0.47104281187057495
YPL105C,YGL243W,0,-0.31877038,0.0001929384598042816,1.0,0.4711337387561798
YER108C,YDL035C,0,-0.31917858,0.00019290123600512743,1.0,0.47122466564178467
YCL016C,YLR055C,0,-0.3193362,0.0001928640267578885,1.0,0.47131556272506714
YER109C,YDR392W,0,-0.3194548,0.00019282684661448002,1.0,0.471406489610672
YOR189W,YDL154W,0,-0.31958398,0.00019278966647107154,1.0,0.47149741649627686
YHR035W,YGL240W,0,-0.31969032,0.0001927525008795783,1.0,0.4715883135795593
YPR055W,YOR241W,0,-0.3198874,0.0001927153643919155,1.0,0.4716792404651642
YBR054W,YDR384C,0,-0.3199738,0.0001926782279042527,1.0,0.47177016735076904
YGR193C,YLR023C,0,-0.320188,0.00019264110596850514,1.0,0.4718610644340515
YDR343C,YHR150W,0,-0.3202425,0.00019260401313658804,1.0,0.47195199131965637
YDR045C,YPR174C,0,-0.3202883,0.00019256692030467093,1.0,0.47204291820526123
YOL069W,YJL212C,0,-0.32039714,0.00019252984202466905,1.0,0.4721338450908661
YOR087W,YBR153W,0,-0.32055992,0.0001924927782965824,1.0,0.47222474217414856
YIL106W,YAR009C,0,-0.32061014,0.00019245572912041098,1.0,0.4723156690597534
YPR055W,YPR106W,0,-0.32063338,0.00019241870904807,1.0,0.4724065959453583
YIL119C,YER060W-A,0,-0.32078165,0.00019238168897572905,1.0,0.47249749302864075
YHR148W,YCR038C,0,-0.32091847,0.0001923446834553033,1.0,0.4725884199142456
YML098W,YHR194W,0,-0.32093874,0.0001923076924867928,1.0,0.47267934679985046
YIL036W,YGL096W,0,-0.3210259,0.00019227071607019752,1.0,0.47277024388313293
YLR229C,YHR084W,0,-0.32105824,0.00019223375420551747,1.0,0.4728611707687378
YDR002W,YNL164C,0,-0.32148388,0.00019219680689275265,1.0,0.47295209765434265
YJL089W,YHL007C,0,-0.32150656,0.00019215987413190305,1.0,0.4730429947376251
YLR313C,YPL097W,0,-0.3215879,0.00019212295592296869,1.0,0.47313392162323
YOR049C,YKL060C,0,-0.32174465,0.00019208605226594955,1.0,0.47322484850883484
YLR044C,YLR352W,0,-0.32182038,0.00019204916316084564,1.0,0.4733157455921173
YGL231C,YBL005W,0,-0.32183313,0.00019201228860765696,1.0,0.47340667247772217
YDR217C,YLL067C,0,-0.32185498,0.0001919754286063835,1.0,0.473497599363327
YJL059W,YDR367W,0,-0.3220272,0.00019193858315702528,1.0,0.4735884964466095
YPR154W,YNL284C-B,0,-0.32216632,0.00019190175225958228,1.0,0.47367942333221436
YDR201W,YLR006C,0,-0.32218522,0.00019186492136213928,1.0,0.4737703502178192
YGL087C,YLR150W,0,-0.3222859,0.00019182811956852674,1.0,0.4738612473011017
YKL080W,YBR100W,0,-0.3223097,0.00019179133232682943,1.0,0.47395217418670654
YKL016C,YPL056C,0,-0.32241273,0.00019175455963704735,1.0,0.4740431010723114
YNL051W,YER071C,0,-0.3225608,0.00019171778694726527,1.0,0.47413399815559387
YJL181W,YDL209C,0,-0.3225764,0.00019168104336131364,1.0,0.47422492504119873
YER108C,YLR362W,0,-0.3226698,0.00019164431432727724,1.0,0.4743158519268036
YEL032W,YDR045C,0,-0.32271343,0.00019160758529324085,1.0,0.47440677881240845
YPL146C,YNL278W,0,-0.3228159,0.0001915708853630349,1.0,0.4744976758956909
YPR174C,YEL027W,0,-0.3228524,0.00019153418543282896,1.0,0.4745886027812958
YJL059W,YLR039C,0,-0.32288313,0.00019149751460645348,1.0,0.47467952966690063
YMR063W,YLR377C,0,-0.32306206,0.000191460843780078,1.0,0.4747704267501831
YNL240C,YEL024W,0,-0.3230713,0.00019142420205753297,1.0,0.47486135363578796
YPL140C,YLR023C,0,-0.3231095,0.00019138756033498794,1.0,0.4749522805213928
YOR227W,YNL278W,0,-0.3231256,0.00019135093316435814,1.0,0.4750431776046753
YLR085C,YER060W,0,-0.3231445,0.0001913143350975588,1.0,0.47513410449028015
YBR162W-A,YJL180C,0,-0.32324785,0.00019127773703075945,1.0,0.475225031375885
YCL068C,YPR133C,0,-0.32331902,0.00019124115351587534,1.0,0.4753159284591675
YHR169W,YDL124W,0,-0.3234399,0.00019120458455290645,1.0,0.47540685534477234
YFL035C-B,YAL015C,0,-0.3234575,0.0001911680301418528,1.0,0.4754977822303772
YGR099W,YDR204W,0,-0.32350266,0.0001911315048346296,1.0,0.47558867931365967
YKR095W-A,YDL046W,0,-0.32360694,0.0001910949795274064,1.0,0.4756796061992645
YCR105W,YHL021C,0,-0.32372436,0.00019105846877209842,1.0,0.4757705330848694
YPL146C,YPL168W,0,-0.3238527,0.00019102197256870568,1.0,0.47586143016815186
YML127W,YML016C,0,-0.32435542,0.00019098549091722816,1.0,0.4759523570537567
YDL035C,YER113C,0,-0.3245443,0.00019094902381766587,1.0,0.4760432839393616
YOR004W,YJR027W,0,-0.32458085,0.0001909125567181036,1.0,0.47613418102264404
YKL014C,YHR009C,0,-0.32462075,0.00019087611872237176,1.0,0.4762251079082489
YNL045W,YLR466W,0,-0.32466087,0.00019083969527855515,1.0,0.47631603479385376
YGL045W,YHR073W,0,-0.32467544,0.00019080328638665378,1.0,0.47640693187713623
YOL116W,YDR480W,0,-0.3250122,0.0001907668774947524,1.0,0.4764978587627411
YBL031W,YMR153W,0,-0.32544023,0.0001907304977066815,1.0,0.47658878564834595
YOR004W,YMR149W,0,-0.32561487,0.0001906941324705258,1.0,0.4766797125339508
YAL002W,YLR234W,0,-0.32582533,0.0001906577672343701,1.0,0.4767706096172333
YKR096W,YGR211W,0,-0.32585007,0.00019062143110204488,1.0,0.47686153650283813
YNL181W,YNR053C,0,-0.32592916,0.00019058509496971965,1.0,0.476952463388443
YPL056C,YJL026W,0,-0.32604077,0.00019054877338930964,1.0,0.47704336047172546
YKL045W,YLR023C,0,-0.32623956,0.0001905124809127301,1.0,0.4771342873573303
YLR085C,YFR047C,0,-0.32630017,0.00019047618843615055,1.0,0.4772252142429352
YPL224C,YCR021C,0,-0.3263058,0.00019043991051148623,1.0,0.47731611132621765
YEL020W-A,YNL094W,0,-0.3267113,0.00019040366169065237,1.0,0.4774070382118225
YNL318C,YMR220W,0,-0.32674688,0.0001903674128698185,1.0,0.47749796509742737
YML100W,YLR315W,0,-0.32687408,0.00019033117860089988,1.0,0.47758886218070984
YOR195W,YOR259C,0,-0.32712087,0.00019029495888389647,1.0,0.4776797890663147
YKL045W,YCR035C,0,-0.327692,0.0001902587537188083,1.0,0.47777071595191956
YOR158W,YNL278W,0,-0.3277699,0.00019022256310563534,1.0,0.477861613035202
YBR254C,YGL151W,0,-0.3278171,0.00019018638704437762,1.0,0.4779525399208069
YCR016W,YJR150C,0,-0.32796413,0.00019015022553503513,1.0,0.47804346680641174
YDL247W,YCR106W,0,-0.32798755,0.00019011406402569264,1.0,0.4781343638896942
YJL045W,YEL048C,0,-0.32802045,0.0001900779316201806,1.0,0.4782252907752991
YDR482C,YDR273W,0,-0.32825536,0.0001900418137665838,1.0,0.47831621766090393
YJL094C,YKR085C,0,-0.32829368,0.000190005695912987,1.0,0.4784071147441864
YGR202C,YDR234W,0,-0.32849672,0.00018996960716322064,1.0,0.47849804162979126
YNL137C,YAL028W,0,-0.32856056,0.0001899335184134543,1.0,0.4785889685153961
YHR006W,YBL005W,0,-0.32858223,0.0001898974587675184,1.0,0.4786798655986786
YJR153W,YDR301W,0,-0.32870862,0.0001898613991215825,1.0,0.47877079248428345
YOL023W,YDR397C,0,-0.32889238,0.00018982535402756184,1.0,0.4788617193698883
YCR045C,YKL077W,0,-0.32891533,0.00018978933803737164,1.0,0.47895264625549316
YOL098C,YPR010C,0,-0.32907385,0.00018975332204718143,1.0,0.47904354333877563
YJL026W,YOR019W,0,-0.32936957,0.00018971732060890645,1.0,0.4791344702243805
YNL029C,YDL046W,0,-0.32942587,0.0001896813337225467,1.0,0.47922539710998535
YDR107C,YGL121C,0,-0.32952085,0.00018964536138810217,1.0,0.4793162941932678
YKR093W,YOR129C,0,-0.3295569,0.00018960940360557288,1.0,0.4794072210788727
YOR207C,YDL124W,0,-0.32982767,0.0001895734603749588,1.0,0.47949814796447754
YNL137C,YLR259C,0,-0.32989508,0.00018953753169625998,1.0,0.47958904504776
YDL220C,YCR058C,0,-0.3300438,0.00018950161756947637,1.0,0.47967997193336487
YPL193W,YML082W,0,-0.33004588,0.00018946570344269276,1.0,0.4797708988189697
YOR002W,YLR131C,0,-0.3301379,0.0001894298184197396,1.0,0.4798617959022522
YCR107W,YLR413W,0,-0.3301423,0.00018939393339678645,1.0,0.47995272278785706
YCR086W,YMR262W,0,-0.33017704,0.00018935807747766376,1.0,0.4800436496734619
YGR170W,YNL142W,0,-0.33022377,0.00018932222155854106,1.0,0.4801345467567444
YNL145W,YBR119W,0,-0.33026785,0.00018928639474324882,1.0,0.48022547364234924
YJR120W,YNL132W,0,-0.330491,0.00018925056792795658,1.0,0.4803164005279541
YJL173C,YPL040C,0,-0.3305202,0.00018921475566457957,1.0,0.4804072976112366
YGL098W,YOR189W,0,-0.33054996,0.0001891789579531178,1.0,0.48049822449684143
YML045W,YFR038W,0,-0.33055303,0.00018914317479357123,1.0,0.4805891513824463
YOR267C,YPR010C,0,-0.33058047,0.0001891074061859399,1.0,0.48068004846572876
YPL168W,YHR193C,0,-0.33076873,0.0001890716521302238,1.0,0.4807709753513336
YOR032C,YKL048C,0,-0.33110732,0.00018903591262642294,1.0,0.4808619022369385
YGL073W,YLR004C,0,-0.33118516,0.0001890001876745373,1.0,0.48095279932022095
YGL093W,YOR249C,0,-0.33123764,0.0001889644772745669,1.0,0.4810437262058258
YAL028W,YGL198W,0,-0.33126855,0.00018892876687459648,1.0,0.48113465309143066
YDR150W,YPL173W,0,-0.33134133,0.00018889308557845652,1.0,0.4812255799770355
YML100W,YNL214W,0,-0.33142653,0.0001888574188342318,1.0,0.481316477060318
YKL129C,YGR030C,0,-0.33147058,0.00018882175209000707,1.0,0.48140740394592285
YNR071C,YBL047C,0,-0.33188468,0.00018878609989769757,1.0,0.4814983308315277
YGR254W,YIL107C,0,-0.33217236,0.00018875047680921853,1.0,0.4815892279148102
YKL138C,YER108C,0,-0.33229458,0.00018871485372073948,1.0,0.48168015480041504
YGR099W,YLR196W,0,-0.33236527,0.00018867924518417567,1.0,0.4817710816860199
YLR223C,YHR111W,0,-0.33241495,0.00018864365119952708,1.0,0.48186197876930237
YBR003W,YIR031C,0,-0.33261183,0.00018860807176679373,1.0,0.4819529056549072
YBR248C,YHL011C,0,-0.33276314,0.0001885725068859756,1.0,0.4820438325405121
YOL126C,YDR087C,0,-0.332769,0.0001885369565570727,1.0,0.48213472962379456
YEL001C,YLL053C,0,-0.33284172,0.00018850142078008503,1.0,0.4822256565093994
YDL093W,YIL096C,0,-0.332905,0.00018846588500309736,1.0,0.4823165833950043
YNL111C,YGL192W,0,-0.33314854,0.00018843037832994014,1.0,0.48240748047828674
YLR006C,YML059C,0,-0.33332098,0.00018839487165678293,1.0,0.4824984073638916
YER143W,YDR217C,0,-0.33336252,0.00018835939408745617,1.0,0.48258933424949646
YDR463W,YHR080C,0,-0.3334091,0.0001883239165181294,1.0,0.48268023133277893
YML057W,YMR225C,0,-0.33342642,0.00018828845350071788,1.0,0.4827711582183838
YCL029C,YBR065C,0,-0.33370304,0.00018825300503522158,1.0,0.48286208510398865
YKL192C,YBR301W,0,-0.33375266,0.00018821758567355573,1.0,0.4829529821872711
YPL141C,YDR234W,0,-0.33382273,0.0001881821663118899,1.0,0.483043909072876
YKR096W,YBR218C,0,-0.33391505,0.00018814676150213927,1.0,0.48313483595848083
YML061C,YGL107C,0,-0.33405638,0.00018811135669238865,1.0,0.4832257330417633
YAL041W,YGL046W,0,-0.33414,0.0001880759809864685,1.0,0.48331665992736816
YOL154W,YBR090C-A,0,-0.33438307,0.00018804061983246356,1.0,0.483407586812973
YER062C,YLR249W,0,-0.33443427,0.00018800525867845863,1.0,0.4834985136985779
YBR066C,YPL115C,0,-0.33444566,0.00018796992662828416,1.0,0.48358941078186035
YDR343C,YBR049C,0,-0.33468103,0.00018793459457810968,1.0,0.4836803376674652
YPR175W,YJL216C,0,-0.33472157,0.00018789929163176566,1.0,0.48377126455307007
YMR316W,YDR392W,0,-0.33479914,0.00018786398868542165,1.0,0.48386216163635254
YHL038C,YMR105C,0,-0.33481887,0.00018782870029099286,1.0,0.4839530885219574
YKR096W,YGR296W,0,-0.3350548,0.0001877934264484793,1.0,0.48404401540756226
YJR102C,YIL030C,0,-0.33512938,0.00018775816715788096,1.0,0.4841349124908447
YDR201W,YDR406W,0,-0.33520716,0.00018772292241919786,1.0,0.4842258393764496
YHL038C,YHR035W,0,-0.33535212,0.00018768769223242998,1.0,0.48431676626205444
YPL001W,YPL075W,0,-0.33537632,0.0001876524620456621,1.0,0.4844076633453369
YLR223C,YPR155C,0,-0.33549768,0.00018761726096272469,1.0,0.4844985902309418
YKL099C,YFL035C-A,0,-0.3355134,0.00018758205987978727,1.0,0.48458951711654663
YBR060C,YMR091C,0,-0.3355288,0.0001875468879006803,1.0,0.4846804141998291
YPL262W,YJL083W,0,-0.33562756,0.00018751171592157334,1.0,0.48477134108543396
YNL025C,YCR018C,0,-0.3358032,0.0001874765584943816,1.0,0.4848622679710388
YPR010C,YHR020W,0,-0.3359895,0.00018744143017102033,1.0,0.4849531650543213
YNR019W,YER060W-A,0,-0.3360649,0.00018740630184765905,1.0,0.48504409193992615
YPL225W,YDR316W-B,0,-0.33630848,0.000187371188076213,1.0,0.485135018825531
YER032W,YLR466W,0,-0.33633786,0.00018733607430476695,1.0,0.4852259159088135
YDR392W,YHR084W,0,-0.33649242,0.00018730098963715136,1.0,0.48531684279441833
YCL005W-A,YKR031C,0,-0.3366446,0.000187265919521451,1.0,0.4854077696800232
YLL048C,YDR091C,0,-0.3367318,0.00018723084940575063,1.0,0.48549869656562805
YMR059W,YHL025W,0,-0.33674943,0.00018719580839388072,1.0,0.4855895936489105
YIL053W,YLR181C,0,-0.3371129,0.00018716076738201082,1.0,0.4856805205345154
YOR034C,YER167W,0,-0.33750978,0.00018712575547397137,1.0,0.48577144742012024
YFR050C,YLR092W,0,-0.33760953,0.00018709074356593192,1.0,0.4858623445034027
YDL175C,YDL134C,0,-0.3376823,0.0001870557462098077,1.0,0.48595327138900757
YMR063W,YJR120W,0,-0.3377352,0.0001870207634055987,1.0,0.4860441982746124
YCR024C,YNL287W,0,-0.33780193,0.00018698579515330493,1.0,0.4861350953578949
YML107C,YKR007W,0,-0.33780962,0.00018695082690101117,1.0,0.48622602224349976
YGL027C,YOR086C,0,-0.33782038,0.00018691588775254786,1.0,0.4863169491291046
YCL051W,YGL198W,0,-0.33796147,0.00018688096315599978,1.0,0.4864078462123871
YJR117W,YDR528W,0,-0.3381192,0.0001868460385594517,1.0,0.48649877309799194
YIL167W,YMR177W,0,-0.33814013,0.00018681112851481885,1.0,0.4865896999835968
YFR025C,YLR460C,0,-0.33887273,0.00018677624757401645,1.0,0.4866805970668793
YBR119W,YMR226C,0,-0.33889872,0.00018674136663321406,1.0,0.48677152395248413
YLR115W,YOR001W,0,-0.33910632,0.0001867065002443269,1.0,0.486862450838089
YKL185W,YJR131W,0,-0.33932394,0.00018667164840735495,1.0,0.48695334792137146
YEL048C,YKR072C,0,-0.33964157,0.00018663681112229824,1.0,0.4870442748069763
YKL060C,YIL167W,0,-0.33975756,0.00018660197383724153,1.0,0.4871352016925812
YBL063W,YKL054C,0,-0.33986208,0.00018656716565601528,1.0,0.48722609877586365
YJR050W,YHR020W,0,-0.33999085,0.00018653235747478902,1.0,0.4873170256614685
YJL058C,YHL035C,0,-0.34047836,0.00018649757839739323,1.0,0.48740795254707336
YFR024C,YDR092W,0,-0.34057868,0.00018646279931999743,1.0,0.48749884963035583
YLL053C,YER060W,0,-0.34063828,0.00018642803479451686,1.0,0.4875897765159607
YMR262W,YIL123W,0,-0.34066984,0.00018639328482095152,1.0,0.48768070340156555
YDL220C,YER167W,0,-0.34070024,0.0001863585493993014,1.0,0.4877716302871704
YPL115C,YLR259C,0,-0.34092456,0.00018632382852956653,1.0,0.4878625273704529
YIL069C,YER167W,0,-0.34110692,0.00018628912221174687,1.0,0.48795345425605774
YLR093C,YOR109W,0,-0.34124172,0.00018625443044584244,1.0,0.4880443811416626
YOL116W,YDL159W,0,-0.3412469,0.00018621973867993802,1.0,0.48813527822494507
YIL018W,YER081W,0,-0.34134883,0.00018618506146594882,1.0,0.4882262051105499
YLR085C,YER031C,0,-0.34143043,0.00018615041335579008,1.0,0.4883171319961548
YLR247C,YBL047C,0,-0.34150395,0.00018611576524563134,1.0,0.48840802907943726
YLR293C,YBR015C,0,-0.3415178,0.00018608113168738782,1.0,0.4884989559650421
YLR185W,YJL174W,0,-0.3415559,0.00018604651268105954,1.0,0.488589882850647
YGL121C,YHL007C,0,-0.34199446,0.00018601190822664648,1.0,0.48868077993392944
YDR145W,YGL087C,0,-0.3420598,0.00018597730377223343,1.0,0.4887717068195343
YGR165W,YHL026C,0,-0.34206372,0.00018594272842165083,1.0,0.48886263370513916
YNL103W,YKR034W,0,-0.34216312,0.00018590816762298346,1.0,0.48895353078842163
YBR094W,YDR257C,0,-0.34231043,0.00018587360682431608,1.0,0.4890444576740265
YBR119W,YEL044W,0,-0.34250808,0.00018583906057756394,1.0,0.48913538455963135
YDR422C,YOR157C,0,-0.34271455,0.00018580452888272703,1.0,0.4892262816429138
YEL027W,YDR438W,0,-0.3429286,0.00018577001173980534,1.0,0.4893172085285187
YKR089C,YDR002W,0,-0.3432225,0.00018573550914879888,1.0,0.48940813541412354
YNL243W,YHR037W,0,-0.34336197,0.00018570102110970765,1.0,0.489499032497406
YKL149C,YDL031W,0,-0.34360322,0.00018566654762253165,1.0,0.48958995938301086
YLR239C,YKR064W,0,-0.34395707,0.00018563207413535565,1.0,0.4896808862686157
YIL056W,YGR044C,0,-0.344363,0.0001855976297520101,1.0,0.4897717833518982
YMR175W,YHR079C-B,0,-0.34450486,0.00018556318536866456,1.0,0.48986271023750305
YOL098C,YOR048C,0,-0.34456387,0.00018552875553723425,1.0,0.4899536371231079
YJL180C,YKL197C,0,-0.34478676,0.00018549434025771916,1.0,0.49004456400871277
YHR073W,YHR011W,0,-0.3448272,0.0001854599395301193,1.0,0.49013546109199524
YPR114W,YHL006C,0,-0.34495208,0.00018542555335443467,1.0,0.4902263879776001
YGR204W,YIL153W,0,-0.3449762,0.00018539118173066527,1.0,0.49031731486320496
YPL001W,YLR382C,0,-0.34508404,0.00018535681010689586,1.0,0.4904082119464874
YPL133C,YHR020W,0,-0.34509575,0.00018532246758695692,1.0,0.4904991388320923
YPR188C,YJR049C,0,-0.3451,0.00018528812506701797,1.0,0.49059006571769714
YPL280W,YMR242C,0,-0.34519148,0.00018525379709899426,1.0,0.4906809628009796
YGL067W,YKL138C-A,0,-0.34524634,0.00018521948368288577,1.0,0.4907718896865845
YJR042W,YJL013C,0,-0.34540078,0.0001851851848186925,1.0,0.49086281657218933
YGL208W,YNL298W,0,-0.34559768,0.00018515090050641447,1.0,0.4909537136554718
YGL073W,YOR101W,0,-0.3456293,0.00018511663074605167,1.0,0.49104464054107666
YNL038W,YOR195W,0,-0.34565797,0.00018508236098568887,1.0,0.4911355674266815
YPL262W,YDR110W,0,-0.34672517,0.0001850481057772413,1.0,0.491226464509964
YOL121C,YHL025W,0,-0.34683308,0.00018501387967262417,1.0,0.49131739139556885
YKR085C,YER127W,0,-0.34696162,0.00018497965356800705,1.0,0.4914083182811737
YGL121C,YNL197C,0,-0.34713244,0.00018494544201530516,1.0,0.4914992153644562
YJL127C,YJL208C,0,-0.3472579,0.0001849112450145185,1.0,0.49159014225006104
YOL132W,YMR131C,0,-0.34725988,0.00018487706256564707,1.0,0.4916810691356659
YNL031C,YKL054C,0,-0.3474087,0.00018484288011677563,1.0,0.49177196621894836
YLR362W,YBR066C,0,-0.34771198,0.00018480872677173465,1.0,0.4918628931045532
YIL018W,YGR122W,0,-0.34774548,0.00018477457342669368,1.0,0.4919538199901581
YLR007W,YMR177W,0,-0.34776407,0.00018474043463356793,1.0,0.49204471707344055
YER108C,YDR107C,0,-0.34850895,0.0001847063103923574,1.0,0.4921356439590454
YHR214W,YMR156C,0,-0.34852776,0.00018467220070306212,1.0,0.49222657084465027
YGL096W,YKL079W,0,-0.34858942,0.00018463810556568205,1.0,0.4923174977302551
YMR072W,YKL081W,0,-0.34862626,0.00018460402498021722,1.0,0.4924083948135376
YFR050C,YGL231C,0,-0.34869364,0.0001845699589466676,1.0,0.49249932169914246
YDR091C,YPR034W,0,-0.34874344,0.000184535892913118,1.0,0.4925902485847473
YLR007W,YPL221W,0,-0.34909528,0.00018450184143148363,1.0,0.4926811456680298
YBR268W,YOL051W,0,-0.3491341,0.00018446780450176448,1.0,0.49277207255363464
YGL025C,YMR156C,0,-0.34915143,0.00018443378212396055,1.0,0.4928629994392395
YPL173W,YBL047C,0,-0.34920025,0.00018439977429807186,1.0,0.492953896522522
YNL054W,YCR091W,0,-0.34924075,0.0001843657810240984,1.0,0.49304482340812683
YOR016C,YGL076C,0,-0.34964743,0.00018433180230204016,1.0,0.4931357502937317
YHR157W,YGL129C,0,-0.34977567,0.00018429782357998192,1.0,0.49322664737701416
YLL066C,YPL018W,0,-0.34978014,0.00018426385940983891,1.0,0.493317574262619
YHR139C,YKL134C,0,-0.35034508,0.00018422992434352636,1.0,0.4934085011482239
YKR085C,YCR058C,0,-0.35056752,0.0001841959892772138,1.0,0.49349939823150635
YKL185W,YLR223C,0,-0.35057682,0.0001841620687628165,1.0,0.4935903251171112
YGR030C,YKL080W,0,-0.35060474,0.00018412814824841917,1.0,0.49368125200271606
YOR273C,YIR031C,0,-0.35063553,0.0001840942568378523,1.0,0.49377214908599854
YKL196C,YGL151W,0,-0.35068342,0.00018406036542728543,1.0,0.4938630759716034
YHR197W,YDR234W,0,-0.35090697,0.00018402650312054902,1.0,0.49395400285720825
YJR073C,YDR100W,0,-0.35122576,0.0001839926408138126,1.0,0.4940448999404907
YLR345W,YLR054C,0,-0.35123193,0.00018395879305899143,1.0,0.4941358268260956
YPL168W,YER081W,0,-0.35140437,0.00018392495985608548,1.0,0.49422675371170044
YDR091C,YGR161C,0,-0.35142002,0.00018389114120509475,1.0,0.4943176507949829
YHR169W,YHR138C,0,-0.35142216,0.00018385732255410403,1.0,0.49440857768058777
YPL225W,YLR092W,0,-0.3514754,0.00018382353300694376,1.0,0.4944995045661926
YHR035W,YOR247W,0,-0.35149705,0.0001837897434597835,1.0,0.4945904314517975
YNL024C,YPL193W,0,-0.35186797,0.00018375596846453846,1.0,0.49468132853507996
YLR006C,YNR024W,0,-0.35190153,0.00018372220802120864,1.0,0.4947722554206848
YIL064W,YHR001W-A,0,-0.3519529,0.00018368846212979406,1.0,0.4948631823062897
YBL007C,YDR108W,0,-0.35214782,0.0001836547307902947,1.0,0.49495407938957214
YOR264W,YLR328W,0,-0.35223055,0.00018362099945079535,1.0,0.495045006275177
YDR201W,YBR023C,0,-0.3522968,0.00018358729721512645,1.0,0.49513593316078186
YNL328C,YPL036W,0,-0.35236004,0.00018355359497945756,1.0,0.49522683024406433
YHR113W,YFR030W,0,-0.3524027,0.0001835199072957039,1.0,0.4953177571296692
YER139C,YHR193C,0,-0.35252416,0.00018348623416386545,1.0,0.49540868401527405
YJR150C,YOL032W,0,-0.3526654,0.00018345257558394223,1.0,0.4954995810985565
YLR411W,YGR161C,0,-0.35273802,0.00018341893155593425,1.0,0.4955905079841614
YBR146W,YKL005C,0,-0.35275945,0.00018338528752792627,1.0,0.49568143486976624
YPL116W,YPL018W,0,-0.35293418,0.00018335167260374874,1.0,0.4957723319530487
YBR162C,YOL052C-A,0,-0.35305068,0.0001833180576795712,1.0,0.49586325883865356
YDR328C,YOR009W,0,-0.3531499,0.0001832844573073089,1.0,0.4959541857242584
YNL133C,YER178W,0,-0.35316604,0.00018325087148696184,1.0,0.4960450828075409
YFL018W-A,YDL046W,0,-0.35318035,0.00018321730021853,1.0,0.49613600969314575
YPL135W,YHR014W,0,-0.35325655,0.00018318372895009816,1.0,0.4962269365787506
YML120C,YCR058C,0,-0.3533688,0.00018315018678549677,1.0,0.4963178336620331
YER044C-A,YBR272C,0,-0.35342687,0.00018311664462089539,1.0,0.49640876054763794
YDR107C,YER113C,0,-0.35347766,0.00018308311700820923,1.0,0.4964996874332428
YHR165C,YIL148W,0,-0.35361463,0.0001830496039474383,1.0,0.49659058451652527
YPR055W,YCR016W,0,-0.35368168,0.0001830161054385826,1.0,0.4966815114021301
YDR098C,YOR358W,0,-0.35409796,0.00018298262148164213,1.0,0.496772438287735
YOL084W,YKL080W,0,-0.35414153,0.00018294913752470165,1.0,0.49686336517333984
YHR035W,YDR235W,0,-0.3542517,0.00018291568267159164,1.0,0.4969542622566223
YCR031C,YGR122W,0,-0.354264,0.00018288222781848162,1.0,0.4970451891422272
YLL066C,YCR063W,0,-0.35447216,0.00018284878751728684,1.0,0.49713611602783203
YML045W,YGR193C,0,-0.35450134,0.00018281536176800728,1.0,0.4972270131111145
YAL048C,YNL173C,0,-0.35469615,0.00018278193601872772,1.0,0.49731793999671936
YGR046W,YLL066C,0,-0.35477647,0.00018274853937327862,1.0,0.4974088668823242
YLR019W,YDL046W,0,-0.35523725,0.00018271514272782952,1.0,0.4974997639656067
YHL038C,YBR069C,0,-0.3553501,0.00018268177518621087,1.0,0.49759069085121155
YHR204W,YOR271C,0,-0.3554334,0.00018264840764459223,1.0,0.4976816177368164
YKL132C,YNL161W,0,-0.3557016,0.0001826150546548888,1.0,0.4977725148200989
YDR004W,YCL012W,0,-0.35580757,0.0001825817016651854,1.0,0.49786344170570374
YGL046W,YBR083W,0,-0.35584992,0.00018254837777931243,1.0,0.4979543685913086
YLL024C,YER033C,0,-0.35607177,0.00018251505389343947,1.0,0.49804526567459106
YKL149C,YDR463W,0,-0.3563468,0.00018248174455948174,1.0,0.4981361925601959
YDR308C,YLR068W,0,-0.3563896,0.00018244846432935447,1.0,0.4982271194458008
YDR309C,YER167W,0,-0.3565011,0.0001824151840992272,1.0,0.49831801652908325
YGR161C,YPR100W,0,-0.35654002,0.00018238190386909992,1.0,0.4984089434146881
YKR100C,YJL098W,0,-0.35667312,0.0001823486527428031,1.0,0.49849987030029297
YNL056W,YOR249C,0,-0.35680458,0.00018231540161650628,1.0,0.49859076738357544
YNL190W,YIL147C,0,-0.35681152,0.00018228217959403992,1.0,0.4986816942691803
YJR117W,YCR035C,0,-0.3568184,0.00018224895757157356,1.0,0.49877262115478516
YGL196W,YAL068C,0,-0.35690796,0.00018221575010102242,1.0,0.4988635182380676
YFL025C,YMR242C,0,-0.35700274,0.0001821825426304713,1.0,0.4989544451236725
YGL028C,YNL294C,0,-0.35716838,0.0001821493642637506,1.0,0.49904537200927734
YHR149C,YOR109W,0,-0.35718086,0.00018211618589702994,1.0,0.4991362988948822
YGR205W,YCL068C,0,-0.35744023,0.00018208303663413972,1.0,0.4992271959781647
YLR229C,YLR083C,0,-0.35749206,0.0001820498873712495,1.0,0.49931812286376953
YPL100W,YPL215W,0,-0.35760525,0.0001820167526602745,1.0,0.4994090497493744
YHR202W,YHL031C,0,-0.35763976,0.00018198361794929951,1.0,0.49949994683265686
YER100W,YPL056C,0,-0.35767692,0.00018195051234215498,1.0,0.4995908737182617
YOR192C,YBR191W,0,-0.35772812,0.00018191740673501045,1.0,0.4996818006038666
YBR212W,YGL192W,0,-0.35775766,0.00018188431567978114,1.0,0.49977269768714905
YHR204W,YAL002W,0,-0.35780597,0.00018185123917646706,1.0,0.4998636245727539
YIR004W,YDL119C,0,-0.35815156,0.0001818181772250682,1.0,0.49995455145835876
YOR016C,YML133C,0,-0.35824096,0.0001817851298255846,1.0,0.5000454783439636
YBL051C,YPR057W,0,-0.35832787,0.0001817520969780162,1.0,0.5001363754272461
YDR372C,YER071C,0,-0.3583922,0.0001817190641304478,1.0,0.5002272725105286
YKL032C,YKR095W,0,-0.35850188,0.00018168604583479464,1.0,0.5003182291984558
YGR024C,YPL176C,0,-0.3586101,0.0001816530420910567,1.0,0.5004091262817383
YBR268W,YBR003W,0,-0.35874867,0.000181620052899234,1.0,0.5005000233650208
YPL215W,YDL211C,0,-0.3590659,0.00018158707825932652,1.0,0.500590980052948
YJL162C,YBR100W,0,-0.3592599,0.00018155410361941904,1.0,0.5006818771362305
YLR258W,YGR211W,0,-0.35946497,0.0001815211435314268,1.0,0.5007727742195129
YAL011W,YNL294C,0,-0.3595691,0.00018148819799534976,1.0,0.5008637309074402
YBL056W,YCR063W,0,-0.3599634,0.00018145526701118797,1.0,0.5009546279907227
YLL018C-A,YOL078W,0,-0.36006773,0.0001814223505789414,1.0,0.5010455250740051
YBL056W,YFL011W,0,-0.36009827,0.00018138944869861007,1.0,0.5011364817619324
YNL025C,YER167W,0,-0.36014152,0.00018135654681827873,1.0,0.5012273788452148
YPL209C,YOR380W,0,-0.36028522,0.00018132365948986262,1.0,0.5013182759284973
YMR262W,YER178W,0,-0.36054784,0.00018129078671336174,1.0,0.5014092326164246
YPR143W,YBL013W,0,-0.36068583,0.0001812579284887761,1.0,0.501500129699707
YKL033W,YLR460C,0,-0.36082688,0.00018122508481610566,1.0,0.5015910267829895
YIL075C,YHR210C,0,-0.36088622,0.00018119224114343524,1.0,0.5016819834709167
YGR266W,YPR007C,0,-0.36112607,0.00018115942657459527,1.0,0.5017728805541992
YML013W,YJR052W,0,-0.36126745,0.0001811266120057553,1.0,0.5018637776374817
YOL009C,YNL194C,0,-0.36142772,0.00018109381198883057,1.0,0.5019547343254089
YKR072C,YPL006W,0,-0.3614504,0.00018106101197190583,1.0,0.5020456314086914
YML107C,YDL220C,0,-0.36176074,0.00018102824105881155,1.0,0.5021365284919739
YFR050C,YPL254W,0,-0.36180925,0.00018099547014571726,1.0,0.5022274851799011
YLL014W,YHR157W,0,-0.36206198,0.00018096272833645344,1.0,0.5023183822631836
YLL053C,YDL139C,0,-0.36223996,0.0001809299865271896,1.0,0.5024093389511108
YPL203W,YOR275C,0,-0.36240798,0.0001808972447179258,1.0,0.5025002360343933
YER109C,YDR477W,0,-0.36249667,0.00018086453201249242,1.0,0.5025911331176758
YFR010W,YNL251C,0,-0.36255628,0.00018083181930705905,1.0,0.502682089805603
YNL045W,YGL111W,0,-0.36259702,0.00018079913570545614,1.0,0.5027729868888855
YNL197C,YPL049C,0,-0.36280015,0.00018076645210385323,1.0,0.502863883972168
YIL156W,YOR177C,0,-0.3632855,0.00018073378305416554,1.0,0.5029548406600952
YBR091C,YDR122W,0,-0.3635376,0.00018070111400447786,1.0,0.5030457377433777
YGR204W,YDR092W,0,-0.36354306,0.00018066847405862063,1.0,0.5031366348266602
YJL186W,YGL111W,0,-0.36358115,0.0001806358341127634,1.0,0.5032275915145874
YHR033W,YML092C,0,-0.36365676,0.0001806032087188214,1.0,0.5033184885978699
YMR234W,YFR025C,0,-0.36372086,0.00018057059787679464,1.0,0.5034093856811523
YCL005W-A,YGL049C,0,-0.36380565,0.0001805380015866831,1.0,0.5035003423690796
YJR084W,YIL069C,0,-0.3639245,0.00018050541984848678,1.0,0.5035912394523621
YIL019W,YLR075W,0,-0.36399627,0.00018047283811029047,1.0,0.5036821365356445
YNL181W,YBR146W,0,-0.3640116,0.00018044027092400938,1.0,0.5037730932235718
YLR361C,YPR199C,0,-0.36431706,0.00018040771828964353,1.0,0.5038639903068542
YER031C,YGL064C,0,-0.36443394,0.0001803751802071929,1.0,0.5039548873901367
YJL173C,YDR200C,0,-0.36453098,0.0001803426566766575,1.0,0.504045844078064
YOR127W,YHR111W,0,-0.3645638,0.0001803101331461221,1.0,0.5041367411613464
YLR362W,YDR107C,0,-0.36464864,0.00018027762416750193,1.0,0.5042276382446289
YPL138C,YHR214W,0,-0.36474067,0.00018024512974079698,1.0,0.5043185949325562
YHR202W,YOR357C,0,-0.36496133,0.00018021264986600727,1.0,0.5044094920158386
YDR427W,YPR068C,0,-0.36515078,0.00018018018454313278,1.0,0.5045003890991211
YOR081C,YHR139C,0,-0.3651613,0.0001801477192202583,1.0,0.5045913457870483
YDR427W,YKR007W,0,-0.36524948,0.00018011526844929904,1.0,0.5046822428703308
YLR220W,YIL033C,0,-0.36528152,0.000180082832230255,1.0,0.5047731399536133
YER041W,YMR156C,0,-0.36537308,0.0001800504105631262,1.0,0.5048640966415405
YFR014C,YNL247W,0,-0.36538163,0.00018001800344791263,1.0,0.504954993724823
YDR213W,YGR060W,0,-0.3654999,0.00017998559633269906,1.0,0.5050458908081055
YOR078W,YNL180C,0,-0.3655501,0.00017995321832131594,1.0,0.5051368474960327
YIL119C,YML081W,0,-0.36556473,0.00017992084030993283,1.0,0.5052277445793152
YOL061W,YDR019C,0,-0.3657357,0.0001798884622985497,1.0,0.5053186416625977
YMR316W,YBR066C,0,-0.36577007,0.00017985611339099705,1.0,0.5054095983505249
YGL006W,YNR053C,0,-0.36579537,0.00017982377903535962,1.0,0.5055004954338074
YOR320C,YOL012C,0,-0.36582363,0.0001797914446797222,1.0,0.5055913925170898
YNL133C,YJL003W,0,-0.36605957,0.000179759124876,1.0,0.5056823492050171
YLR194C,YER129W,0,-0.3660621,0.000179726819624193,1.0,0.5057732462882996
YDL159W,YPL115C,0,-0.3661469,0.00017969451437238604,1.0,0.505864143371582
YDR323C,YCR058C,0,-0.36622703,0.00017966223822440952,1.0,0.5059551000595093
YOR103C,YER081W,0,-0.36623228,0.000179629962076433,1.0,0.5060459971427917
YLR175W,YNR071C,0,-0.3663684,0.00017959770048037171,1.0,0.5061368942260742
YJR084W,YDR078C,0,-0.36638522,0.00017956545343622565,1.0,0.5062278509140015
YDR482C,YMR195W,0,-0.3667555,0.0001795332063920796,1.0,0.5063187479972839
YOR172W,YNL194C,0,-0.3670293,0.000179500988451764,1.0,0.5064096450805664
YJL059W,YOR101W,0,-0.36703163,0.00017946877051144838,1.0,0.5065006017684937
YBR233W-A,YGR060W,0,-0.3670519,0.000179436567123048,1.0,0.5065914988517761
YGR099W,YDR412W,0,-0.36729836,0.00017940437828656286,1.0,0.5066823959350586
YDL035C,YOR212W,0,-0.36736867,0.00017937220400199294,1.0,0.5067733526229858
YCR016W,YDR023W,0,-0.36744577,0.00017934002971742302,1.0,0.5068642497062683
YHR154W,YOR358W,0,-0.3675688,0.00017930786998476833,1.0,0.5069552063941956
YIL096C,YEL027W,0,-0.36796874,0.00017927572480402887,1.0,0.507046103477478
YNL328C,YEL048C,0,-0.3683688,0.00017924359417520463,1.0,0.5071370005607605
YCR065W,YCR044C,0,-0.36845785,0.0001792114635463804,1.0,0.5072279572486877
YIL007C,YHL050C,0,-0.36891162,0.00017917936202138662,1.0,0.5073188543319702
YML023C,YNL199C,0,-0.3690564,0.00017914726049639285,1.0,0.5074097514152527
YHL038C,YLR175W,0,-0.36923853,0.0001791151735233143,1.0,0.5075007081031799
YDR039C,YHR096C,0,-0.36926043,0.00017908310110215098,1.0,0.5075916051864624
YPR008W,YDL124W,0,-0.36940104,0.00017905102868098766,1.0,0.5076825022697449
YIL075C,YMR074C,0,-0.36940444,0.00017901897081173956,1.0,0.5077734589576721
YGL028C,YLR417W,0,-0.3694513,0.0001789869274944067,1.0,0.5078643560409546
YML041C,YCR024C,0,-0.369754,0.00017895489872898906,1.0,0.5079552531242371
YGR120C,YHL035C,0,-0.3698169,0.00017892288451548666,1.0,0.5080462098121643
YIL106W,YPL100W,0,-0.36995468,0.00017889087030198425,1.0,0.5081371068954468
YCR058C,YOR109W,0,-0.3699581,0.0001788588851923123,1.0,0.5082280039787292
YFR030W,YMR156C,0,-0.36996987,0.00017882690008264035,1.0,0.5083189606666565
YNL294C,YMR316W,0,-0.3699702,0.0001787949149729684,1.0,0.508409857749939
YAL041W,YBR083W,0,-0.37005895,0.0001787629589671269,1.0,0.5085007548332214
YLR315W,YIL030C,0,-0.37014377,0.0001787310029612854,1.0,0.5085917115211487
YBR078W,YHL035C,0,-0.37045985,0.00017869907605927438,1.0,0.5086826086044312
YJL098W,YPL056C,0,-0.3706397,0.00017866714915726334,1.0,0.5087735056877136
YNL214W,YOR157C,0,-0.3706995,0.0001786352222552523,1.0,0.5088644623756409
YJL026W,YML096W,0,-0.3707356,0.00017860332445707172,1.0,0.5089553594589233
YLR417W,YOR110W,0,-0.3711514,0.00017857142665889114,1.0,0.5090462565422058
YKR078W,YNL076W,0,-0.37120908,0.0001785395434126258,1.0,0.5091372132301331
YDL160C,YDR517W,0,-0.37128586,0.00017850767471827567,1.0,0.5092281103134155
YBR279W,YOL135C,0,-0.3714224,0.00017847582057584077,1.0,0.509319007396698
YBR038W,YPL189W,0,-0.37154326,0.00017844396643340588,1.0,0.5094099640846252
YJR073C,YAR009C,0,-0.37189427,0.0001784121268428862,1.0,0.5095008611679077
YGL121C,YHR111W,0,-0.37200955,0.00017838030180428177,1.0,0.5095917582511902
YNL020C,YER038C,0,-0.3720302,0.00017834849131759256,1.0,0.5096827149391174
YDR129C,YER108C,0,-0.3720759,0.00017831669538281858,1.0,0.5097736120223999
YHR035W,YDR292C,0,-0.3721061,0.0001782848994480446,1.0,0.5098645091056824
YNR030W,YGR208W,0,-0.3721763,0.00017825311806518584,1.0,0.5099554657936096
YNL142W,YOR011W,0,-0.37231606,0.00017822135123424232,1.0,0.5100463628768921
YIL075C,YDL046W,0,-0.37248933,0.00017818959895521402,1.0,0.5101372599601746
YPL133C,YBL087C,0,-0.3726199,0.00017815784667618573,1.0,0.5102282166481018
YGL046W,YHR084W,0,-0.372666,0.00017812610894907266,1.0,0.5103191137313843
YDL175C,YDR098C,0,-0.37273037,0.00017809438577387482,1.0,0.5104100108146667
YER109C,YDR200C,0,-0.3729363,0.0001780626771505922,1.0,0.510500967502594
YDR129C,YLR001C,0,-0.3730601,0.00017803098307922482,1.0,0.5105918645858765
YKL149C,YKR085C,0,-0.37310362,0.00017799928900785744,1.0,0.5106827616691589
YDR435C,YEL032W,0,-0.3732475,0.0001779676094884053,1.0,0.5107737183570862
YIL107C,YLR196W,0,-0.3732536,0.00017793594452086836,1.0,0.5108646154403687
YJL183W,YLR249W,0,-0.37337363,0.00017790429410524666,1.0,0.5109555125236511
YNL318C,YIL005W,0,-0.37361252,0.00017787264368962497,1.0,0.5110464692115784
YHR214W,YLR328W,0,-0.373614,0.0001778410078259185,1.0,0.5111373662948608
YNR071C,YER129W,0,-0.37363082,0.00017780938651412725,1.0,0.5112283229827881
YER027C,YMR116C,0,-0.3739437,0.00017777777975425124,1.0,0.5113192200660706
YIL098C,YCR031C,0,-0.3739491,0.00017774617299437523,1.0,0.511410117149353
YDR256C,YLR345W,0,-0.37407702,0.00017771459533832967,1.0,0.5115010738372803
YLR324W,YKL029C,0,-0.37431702,0.00017768301768228412,1.0,0.5115919709205627
YDR375C,YNR033W,0,-0.3743861,0.0001776514545781538,1.0,0.5116828680038452
YLR194C,YPR071W,0,-0.37440735,0.00017761989147402346,1.0,0.5117738246917725
YGR202C,YBR181C,0,-0.37441665,0.0001775883574737236,1.0,0.5118647217750549
YNR032C-A,YEL048C,0,-0.37486556,0.00017755682347342372,1.0,0.5119556188583374
YOR009W,YGL085W,0,-0.3749373,0.00017752530402503908,1.0,0.5120465755462646
YKL054C,YDR190C,0,-0.37498355,0.00017749378457665443,1.0,0.5121374726295471
YGL028C,YHR150W,0,-0.37505293,0.00017746229423210025,1.0,0.5122283697128296
YHR035W,YDR500C,0,-0.3751366,0.00017743080388754606,1.0,0.5123193264007568
YPR037C,YDR160W,0,-0.37523142,0.0001773993280949071,1.0,0.5124102234840393
YER056C,YDR309C,0,-0.37526503,0.00017736786685418338,1.0,0.5125011205673218
YDR323C,YDR273W,0,-0.37527364,0.00017733640561345965,1.0,0.512592077255249
YEL039C,YMR091C,0,-0.37530687,0.00017730495892465115,1.0,0.5126829743385315
YDR439W,YNL173C,0,-0.37535727,0.00017727352678775787,1.0,0.512773871421814
YCR016W,YHL021C,0,-0.3755193,0.00017724210920277983,1.0,0.5128648281097412
YER109C,YLR247C,0,-0.37556583,0.00017721070616971701,1.0,0.5129557251930237
YER072W,YLR432W,0,-0.37557682,0.0001771793031366542,1.0,0.5130466222763062
YKR049C,YPR141C,0,-0.37565213,0.0001771479146555066,1.0,0.5131375789642334
YBL031W,YKR072C,0,-0.37589014,0.00017711654072627425,1.0,0.5132284760475159
YCL012W,YPL235W,0,-0.37594858,0.00017708518134895712,1.0,0.5133193731307983
YMR313C,YER108C,0,-0.37620732,0.00017705382197164,1.0,0.5134103298187256
YGR082W,YJL174W,0,-0.37630475,0.0001770224771462381,1.0,0.5135012269020081
YNL284C-B,YPL120W,0,-0.3766021,0.00017699114687275141,1.0,0.5135921239852905
YDL024C,YDR480W,0,-0.37676364,0.00017695983115117997,1.0,0.5136830806732178
YLR258W,YPR100W,0,-0.37682748,0.00017692851542960852,1.0,0.5137739777565002
YDR256C,YLL053C,0,-0.37698075,0.00017689722881186754,1.0,0.5138648748397827
YOL023W,YKR072C,0,-0.37734893,0.00017686594219412655,1.0,0.51395583152771
YPR097W,YPR105C,0,-0.3775065,0.00017683465557638556,1.0,0.5140467286109924
YDR189W,YPL006W,0,-0.37757435,0.00017680339806247503,1.0,0.5141376256942749
YOR119C,YDR309C,0,-0.37761503,0.0001767721405485645,1.0,0.5142285823822021
YJR042W,YHR122W,0,-0.37766278,0.0001767408975865692,1.0,0.5143194794654846
YPR128C,YOR032C,0,-0.3776967,0.00017670966917648911,1.0,0.5144103765487671
YDL240W,YGR040W,0,-0.3778378,0.00017667844076640904,1.0,0.5145013332366943
YER109C,YBR272C,0,-0.37785974,0.00017664724146015942,1.0,0.5145922303199768
YOL121C,YBR218C,0,-0.37817428,0.0001766160421539098,1.0,0.5146831274032593
YKR078W,YLR288C,0,-0.37851912,0.00017658484284766018,1.0,0.5147740840911865
YBL100W-B,YHR149C,0,-0.3786623,0.00017655367264524102,1.0,0.514864981174469
YNL045W,YOR009W,0,-0.37893388,0.00017652250244282186,1.0,0.5149558782577515
YJL021C,YOR260W,0,-0.3793429,0.00017649134679231793,1.0,0.5150468349456787
YIL156W,YJR117W,0,-0.37942994,0.00017646020569372922,1.0,0.5151377320289612
YJR035W,YHR111W,0,-0.37947035,0.00017642907914705575,1.0,0.5152286291122437
YOR253W,YKL080W,0,-0.37952757,0.00017639795260038227,1.0,0.5153195858001709
YPL043W,YDR040C,0,-0.3796485,0.00017636684060562402,1.0,0.5154104828834534
YOL132W,YLR044C,0,-0.3799047,0.000176335743162781,1.0,0.5155013799667358
YER044C-A,YKL002W,0,-0.37995574,0.0001763046602718532,1.0,0.5155923366546631
YLL067C,YLR337C,0,-0.3799669,0.00017627357738092542,1.0,0.5156832337379456
YDR175C,YKL006W,0,-0.3800885,0.00017624250904191285,1.0,0.5157741904258728
YMR105C,YEL006W,0,-0.38018203,0.00017621145525481552,1.0,0.5158650875091553
YOL042W,YGL151W,0,-0.38047922,0.00017618040146771818,1.0,0.5159559845924377
YBR100W,YPL040C,0,-0.38055015,0.0001761493767844513,1.0,0.516046941280365
YOR011W,YCL012W,0,-0.38057184,0.00017611835210118443,1.0,0.5161378383636475
YDR009W,YDR200C,0,-0.38058972,0.00017608734196983278,1.0,0.5162287354469299
YOR267C,YCR016W,0,-0.38069564,0.00017605633183848113,1.0,0.5163196921348572
YGL073W,YGR181W,0,-0.3807754,0.00017602535081095994,1.0,0.5164105892181396
YNL250W,YML082W,0,-0.38097095,0.00017599436978343874,1.0,0.5165014863014221
YGR205W,YPL036W,0,-0.381001,0.00017596340330783278,1.0,0.5165924429893494
YJL089W,YGR040W,0,-0.38100672,0.0001759324368322268,1.0,0.5166833400726318
YOR019W,YIR026C,0,-0.3810467,0.0001759014994604513,1.0,0.5167742371559143
YKL138C-A,YOL095C,0,-0.3811948,0.0001758705620886758,1.0,0.5168651938438416
YLR411W,YFR040W,0,-0.38122347,0.00017583963926881552,1.0,0.516956090927124
YBR279W,YPL254W,0,-0.38129982,0.00017580871644895524,1.0,0.5170469880104065
YNR048W,YDL102W,0,-0.3813512,0.00017577782273292542,1.0,0.5171379446983337
YBR101C,YOR129C,0,-0.38161248,0.0001757469290168956,1.0,0.5172288417816162
YBR095C,YAL056W,0,-0.3816277,0.000175716049852781,1.0,0.5173197388648987
YKL155C,YPR174C,0,-0.38163742,0.0001756851706886664,1.0,0.5174106955528259
YKR096W,YNL214W,0,-0.38172978,0.00017565430607646704,1.0,0.5175015926361084
YHR154W,YGL093W,0,-0.38176364,0.00017562347056809813,1.0,0.5175924897193909
YOR272W,YOR259C,0,-0.3818367,0.000175592620507814,1.0,0.5176834464073181
YPL224C,YKR079C,0,-0.3819156,0.0001755617995513603,1.0,0.5177743434906006
YGR082W,YGR103W,0,-0.38203776,0.00017553097859490663,1.0,0.5178652405738831
YBR112C,YOL029C,0,-0.38217923,0.00017550017219036818,1.0,0.5179561972618103
YOL116W,YDL035C,0,-0.3824955,0.00017546938033774495,1.0,0.5180470943450928
YCR086W,YHL031C,0,-0.38251424,0.00017543860303703696,1.0,0.5181379914283752
YDR212W,YDL223C,0,-0.38282415,0.00017540782573632896,1.0,0.5182289481163025
YBL016W,YOR275C,0,-0.3829133,0.0001753770629875362,1.0,0.518319845199585
YNL051W,YLR194C,0,-0.38333854,0.00017534631479065865,1.0,0.5184107422828674
YDR482C,YPL075W,0,-0.38336375,0.00017531556659378111,1.0,0.5185016989707947
YMR133W,YBR121C,0,-0.38339332,0.0001752848329488188,1.0,0.5185925960540771
YHL038C,YMR091C,0,-0.38345844,0.00017525411385577172,1.0,0.5186834931373596
YDR043C,YMR116C,0,-0.38353595,0.00017522340931463987,1.0,0.5187744498252869
YPL004C,YLR260W,0,-0.38355494,0.000175192704773508,1.0,0.5188653469085693
YGL098W,YKL026C,0,-0.38359404,0.00017516202933620661,1.0,0.5189562439918518
YNR071C,YNL063W,0,-0.38375354,0.00017513135389890522,1.0,0.519047200679779
YFR031C-A,YPR161C,0,-0.3839391,0.00017510067846160382,1.0,0.5191380977630615
YER007C-A,YOR136W,0,-0.3840473,0.00017507003212813288,1.0,0.519228994846344
YKR100C,YPR174C,0,-0.38410598,0.00017503938579466194,1.0,0.5193199515342712
YER139C,YJL208C,0,-0.3844796,0.00017500875401310623,1.0,0.5194108486175537
YLR167W,YFR049W,0,-0.3846064,0.00017497812223155051,1.0,0.5195017457008362
YKL069W,YBL025W,0,-0.3846478,0.00017494751955382526,1.0,0.5195927023887634
YHR185C,YJL089W,0,-0.3848116,0.0001749169168761,1.0,0.5196835994720459
YBR233W-A,YNL068C,0,-0.3849362,0.00017488632875028998,1.0,0.5197744965553284
YOR127W,YIR019C,0,-0.38500407,0.00017485574062447995,1.0,0.5198654532432556
YIR004W,YBR094W,0,-0.3850821,0.00017482518160250038,1.0,0.5199563503265381
YIL156W,YDL211C,0,-0.38515076,0.0001747946225805208,1.0,0.5200472474098206
YJR150C,YKL040C,0,-0.3851925,0.00017476406355854124,1.0,0.5201382040977478
YOR119C,YOL051W,0,-0.3852762,0.00017473353364039212,1.0,0.5202291011810303
YDL113C,YCL064C,0,-0.38529384,0.000174703003722243,1.0,0.5203200578689575
YLL006W,YJL035C,0,-0.38558403,0.00017467248835600913,1.0,0.52041095495224
YNL031C,YOL052C-A,0,-0.38562298,0.00017464198754169047,1.0,0.5205018520355225
YDL081C,YOR316C,0,-0.3856771,0.0001746114867273718,1.0,0.5205928087234497
YLR328W,YDR179C,0,-0.38571656,0.00017458100046496838,1.0,0.5206837058067322
YEL020W-A,YJL162C,0,-0.3857348,0.00017455052875448018,1.0,0.5207746028900146
YER109C,YMR316W,0,-0.38578892,0.0001745200715959072,1.0,0.5208655595779419
YDR323C,YNL164C,0,-0.38581944,0.00017448961443733424,1.0,0.5209564566612244
YCR016W,YGL192W,0,-0.3858255,0.0001744591718306765,1.0,0.5210473537445068
YOL009C,YLR007W,0,-0.38604936,0.00017442874377593398,1.0,0.5211383104324341
YML045W,YNL123W,0,-0.38627446,0.0001743983302731067,1.0,0.5212292075157166
YMR072W,YFL018W-A,0,-0.3863836,0.0001743679167702794,1.0,0.521320104598999
YOR019W,YPL254W,0,-0.38656816,0.00017433751781936735,1.0,0.5214110612869263
YAR033W,YPL021W,0,-0.3866234,0.00017430713342037052,1.0,0.5215019583702087
YML045W,YGR205W,0,-0.38667867,0.0001742767490213737,1.0,0.5215928554534912
YPL209C,YMR041C,0,-0.3867404,0.0001742463791742921,1.0,0.5216838121414185
YOR101W,YHR106W,0,-0.38683102,0.00017421602387912571,1.0,0.5217747092247009
YDR103W,YDR480W,0,-0.38697022,0.00017418568313587457,1.0,0.5218656063079834
YLR004C,YPL130W,0,-0.38729155,0.00017415534239262342,1.0,0.5219565629959106
YMR274C,YJR035W,0,-0.38729405,0.0001741250162012875,1.0,0.5220474600791931
YOR192C,YBR016W,0,-0.38753968,0.00017409470456186682,1.0,0.5221383571624756
YCL016C,YOR357C,0,-0.38758403,0.00017406440747436136,1.0,0.5222293138504028
YLR345W,YLR189C,0,-0.38774753,0.0001740341103868559,1.0,0.5223202109336853
YDR375C,YKR088C,0,-0.3878485,0.00017400382785126567,1.0,0.5224111080169678
YJL089W,YOR212W,0,-0.38820362,0.00017397355986759067,1.0,0.522502064704895
YAR009C,YLR333C,0,-0.3882559,0.00017394329188391566,1.0,0.5225929617881775
YML011C,YDR019C,0,-0.38826382,0.0001739130384521559,1.0,0.52268385887146
YGL067W,YOR065W,0,-0.3882972,0.00017388279957231134,1.0,0.5227748155593872
YOR087W,YDL243C,0,-0.3884256,0.00017385257524438202,1.0,0.5228657126426697
YOR156C,YDR528W,0,-0.3887347,0.0001738223509164527,1.0,0.5229566097259521
YJL089W,YGL046W,0,-0.38876444,0.00017379214114043862,1.0,0.5230475664138794
YNL328C,YKR095W-A,0,-0.38879877,0.00017376194591633976,1.0,0.5231384634971619
YGL073W,YIL018W,0,-0.38882223,0.00017373176524415612,1.0,0.5232293605804443
YER100W,YAR009C,0,-0.3888452,0.0001737015845719725,1.0,0.5233203172683716
YML067C,YGL104C,0,-0.38886788,0.00017367141845170408,1.0,0.523411214351654
YDR361C,YNL130C,0,-0.38887742,0.00017364125233143568,1.0,0.5235021114349365
YMR274C,YGR017W,0,-0.38892224,0.00017361111531499773,1.0,0.5235930681228638
YDR213W,YPL137C,0,-0.38894832,0.00017358097829855978,1.0,0.5236839652061462
YEL001C,YDR176W,0,-0.3889499,0.00017355085583403707,1.0,0.5237748622894287
YPL137C,YLR115W,0,-0.38899532,0.00017352073336951435,1.0,0.523865818977356
YGL046W,YDL024C,0,-0.38900793,0.00017349062545690686,1.0,0.5239567160606384
YPR106W,YKR095W-A,0,-0.38902873,0.0001734605320962146,1.0,0.5240476131439209
YGL046W,YDR379W,0,-0.38908905,0.00017343045328743756,1.0,0.5241385698318481
YDR189W,YNL132W,0,-0.3892184,0.00017340037447866052,1.0,0.5242294669151306
YER142C,YKL063C,0,-0.38923645,0.00017337032477371395,1.0,0.5243203639984131
YMR232W,YKL029C,0,-0.3893665,0.00017334026051685214,1.0,0.5244113206863403
YLR037C,YBR090C-A,0,-0.38945913,0.0001733102253638208,1.0,0.5245022177696228
YHR122W,YHR146W,0,-0.38948208,0.00017328019021078944,1.0,0.52459317445755
YNL167C,YCR063W,0,-0.38950413,0.00017325016960967332,1.0,0.5246840715408325
YNL020C,YLR115W,0,-0.38973594,0.00017322016356047243,1.0,0.524774968624115
YCR016W,YPR174C,0,-0.38979673,0.00017319015751127154,1.0,0.5248659253120422
YGR005C,YPR046W,0,-0.38981265,0.00017316016601398587,1.0,0.5249568223953247
YPR128C,YMR226C,0,-0.3898151,0.00017313018906861544,1.0,0.5250477194786072
YLR039C,YPL239W,0,-0.38982522,0.00017310022667516023,1.0,0.5251386761665344
YMR230W,YOL095C,0,-0.39023185,0.00017307026428170502,1.0,0.5252295732498169
YIR031C,YGL219C,0,-0.39023843,0.00017304031644016504,1.0,0.5253204703330994
YDR359C,YDR135C,0,-0.39025882,0.0001730103831505403,1.0,0.5254114270210266
YGR060W,YBR168W,0,-0.3904342,0.00017298044986091554,1.0,0.5255023241043091
YBR046C,YLR196W,0,-0.39072365,0.00017295053112320602,1.0,0.5255932211875916
YGR211W,YFR053C,0,-0.3907615,0.00017292062693741173,1.0,0.5256841778755188
YDL093W,YJR118C,0,-0.3907924,0.00017289073730353266,1.0,0.5257750749588013
YNL199C,YOR068C,0,-0.39083844,0.0001728608476696536,1.0,0.5258659720420837
YLR039C,YLR263W,0,-0.3908559,0.00017283097258768976,1.0,0.525956928730011
YML102W,YLL053C,0,-0.3911208,0.00017280111205764115,1.0,0.5260478258132935
YGL189C,YIL038C,0,-0.39127237,0.00017277125152759254,1.0,0.5261387228965759
YOR272W,YJL196C,0,-0.3913605,0.00017274140554945916,1.0,0.5262296795845032
YHR113W,YPR007C,0,-0.39146382,0.000172711574123241,1.0,0.5263205766677856
YNL164C,YER071C,0,-0.3916167,0.00017268174269702286,1.0,0.5264114737510681
YOR177C,YMR230W,0,-0.39185327,0.00017265194037463516,1.0,0.5265024304389954
YOR319W,YOR254C,0,-0.39210865,0.00017262212350033224,1.0,0.5265933275222778
YIL013C,YPR175W,0,-0.39225483,0.00017259233572985977,1.0,0.5266842246055603
YOR027W,YPL175W,0,-0.39236957,0.0001725625479593873,1.0,0.5267751812934875
YER007C-A,YDR244W,0,-0.39250392,0.00017253277474083006,1.0,0.52686607837677
YNR048W,YIL069C,0,-0.39253908,0.00017250301607418805,1.0,0.5269569754600525
YLR249W,YOR009W,0,-0.39302376,0.00017247327195946127,1.0,0.5270479321479797
YBR211C,YJL181W,0,-0.3930567,0.0001724435278447345,1.0,0.5271388292312622
YGR030C,YBL072C,0,-0.39310956,0.00017241379828192294,1.0,0.5272297263145447
YML100W,YFR024C,0,-0.3931283,0.00017238406871911138,1.0,0.5273206830024719
YKR064W,YCR091W,0,-0.39334852,0.00017235435370821506,1.0,0.5274115800857544
YKL149C,YOR227W,0,-0.39344364,0.00017232465324923396,1.0,0.5275024771690369
YGR005C,YNR038W,0,-0.3937623,0.0001722949673421681,1.0,0.5275934338569641
YMR286W,YHL026C,0,-0.39394087,0.00017226528143510222,1.0,0.5276843309402466
YOR266W,YCR024C,0,-0.39415875,0.0001722356246318668,1.0,0.527775228023529
YDL105W,YGR055W,0,-0.39419162,0.00017220595327671617,1.0,0.5278661847114563
YKR089C,YGR296W,0,-0.3942178,0.000172176311025396,1.0,0.5279570817947388
YJL181W,YML031W,0,-0.39424914,0.0001721466687740758,1.0,0.5280479788780212
YCR018C,YHL021C,0,-0.39443058,0.00017211704107467085,1.0,0.5281389355659485
YIL036W,YJR108W,0,-0.39457282,0.0001720874133752659,1.0,0.528229832649231
YNL062C,YJR108W,0,-0.3947848,0.0001720578147796914,1.0,0.5283207297325134
YGL126W,YLL053C,0,-0.3948441,0.0001720282161841169,1.0,0.5284116864204407
YDR256C,YMR059W,0,-0.39488584,0.0001719986175885424,1.0,0.5285025835037231
YFR047C,YDR259C,0,-0.39505658,0.00017196904809679836,1.0,0.5285934805870056
YPR133C,YEL051W,0,-0.39518824,0.00017193947860505432,1.0,0.5286844372749329
YHR194W,YOR259C,0,-0.39526033,0.0001719099236652255,1.0,0.5287753343582153
YLR004C,YBR191W,0,-0.39534184,0.0001718803687253967,1.0,0.5288662314414978
YDL117W,YMR035W,0,-0.3960499,0.0001718508283374831,1.0,0.528957188129425
YDR361C,YPL021W,0,-0.3961106,0.00017182130250148475,1.0,0.5290480852127075
YOR262W,YDR439W,0,-0.39620122,0.00017179179121740162,1.0,0.5291390419006348
YOR262W,YJR027W,0,-0.39660883,0.0001717622799333185,1.0,0.5292299389839172
YPR037C,YGR122W,0,-0.39670432,0.0001717327832011506,1.0,0.5293208360671997
YNL068C,YOR001W,0,-0.39688677,0.00017170330102089792,1.0,0.529411792755127
YER041W,YPL013C,0,-0.39692026,0.00017167381884064525,1.0,0.5295026898384094
YIL056W,YNL180C,0,-0.39732748,0.0001716443512123078,1.0,0.5295935869216919
YBL072C,YOR086C,0,-0.3973346,0.0001716148981358856,1.0,0.5296845436096191
YPL138C,YCL048W,0,-0.39747313,0.00017158544505946338,1.0,0.5297754406929016
YDL139C,YML047C,0,-0.39748722,0.0001715560065349564,1.0,0.5298663377761841
YGR217W,YFR038W,0,-0.39791378,0.00017152658256236464,1.0,0.5299572944641113
YHR035W,YOR001W,0,-0.39793473,0.0001714971731416881,1.0,0.5300481915473938
YBL100W-B,YNR030W,0,-0.39799356,0.00017146776372101158,1.0,0.5301390886306763
YLR347C,YLR200W,0,-0.39811724,0.00017143836885225028,1.0,0.5302300453186035
YLR059C,YML096W,0,-0.39821476,0.0001714089885354042,1.0,0.530320942401886
YKR007W,YOL116W,0,-0.39822176,0.00017137960821855813,1.0,0.5304118394851685
YDL072C,YJL021C,0,-0.39837438,0.0001713502424536273,1.0,0.5305027961730957
YHR103W,YDR292C,0,-0.39844614,0.00017132089124061167,1.0,0.5305936932563782
YJR132W,YOR156C,0,-0.3985836,0.00017129154002759606,1.0,0.5306845903396606
YPL133C,YGL085W,0,-0.3986608,0.00017126220336649567,1.0,0.5307755470275879
YKL134C,YMR177W,0,-0.3986919,0.0001712328812573105,1.0,0.5308664441108704
YGL025C,YBR188C,0,-0.3987321,0.00017120355914812535,1.0,0.5309573411941528
YAL041W,YDR103W,0,-0.39879724,0.00017117425159085542,1.0,0.5310482978820801
YHR088W,YDL119C,0,-0.39892256,0.00017114495858550072,1.0,0.5311391949653625
YHR033W,YNL156C,0,-0.39903504,0.00017111568013206124,1.0,0.531230092048645
YGR178C,YHR090C,0,-0.3990385,0.00017108640167862177,1.0,0.5313210487365723
YIL075C,YOL009C,0,-0.39931864,0.00017105713777709752,1.0,0.5314119458198547
YIL156W,YDR517W,0,-0.39950508,0.00017102787387557328,1.0,0.5315028429031372
YER093C,YKL063C,0,-0.39967734,0.0001709986390778795,1.0,0.5315937995910645
YLR426W,YER015W,0,-0.39979976,0.00017096938972827047,1.0,0.5316846966743469
YHR204W,YDR303C,0,-0.39988154,0.0001709401694824919,1.0,0.5317755937576294
YDR437W,YBR121C,0,-0.4000569,0.00017091094923671335,1.0,0.5318665504455566
YAL041W,YDR379W,0,-0.40007198,0.00017088174354285002,1.0,0.5319574475288391
YBR038W,YMR220W,0,-0.40022123,0.00017085255240090191,1.0,0.5320483446121216
YIR004W,YLR413W,0,-0.40022624,0.00017082337581086904,1.0,0.5321393013000488
YDR528W,YGR296W,0,-0.40034384,0.00017079419922083616,1.0,0.5322301983833313
YBR101C,YBR208C,0,-0.40050343,0.0001707650226308033,1.0,0.5323210954666138
YDL124W,YPL239W,0,-0.40058216,0.00017073587514460087,1.0,0.532412052154541
YGL142C,YMR035W,0,-0.4008026,0.00017070672765839845,1.0,0.5325029492378235
YER108C,YOR371C,0,-0.4009328,0.00017067759472411126,1.0,0.532593846321106
YKL185W,YHR111W,0,-0.4009624,0.00017064846178982407,1.0,0.5326848030090332
YPL280W,YLR382C,0,-0.40097424,0.0001706193434074521,1.0,0.5327757000923157
YML059C,YKL192C,0,-0.4011218,0.00017059023957699537,1.0,0.5328665971755981
YKL029C,YML102W,0,-0.4011339,0.00017056115029845387,1.0,0.5329575538635254
YLR293C,YJL127C,0,-0.40126738,0.00017053206101991236,1.0,0.5330484509468079
YDL012C,YGR122W,0,-0.40132248,0.00017050298629328609,1.0,0.5331393480300903
YDL087C,YJR096W,0,-0.401352,0.0001704739115666598,1.0,0.5332303047180176
YOR262W,YLR067C,0,-0.40178293,0.000170444865943864,1.0,0.5333212018013
YJR041C,YPL140C,0,-0.4019913,0.00017041582032106817,1.0,0.5334120988845825
YNL181W,YKL079W,0,-0.40219772,0.00017038677469827235,1.0,0.5335030555725098
YNL094W,YDR365C,0,-0.40226203,0.00017035775817930698,1.0,0.5335939526557922
YBR169C,YDL076C,0,-0.40240085,0.00017032874166034162,1.0,0.5336849093437195
YAL015C,YNL287W,0,-0.4024697,0.00017029972514137626,1.0,0.533775806427002
YMR009W,YBR295W,0,-0.4024719,0.00017027073772624135,1.0,0.5338667035102844
YJR109C,YGL105W,0,-0.4025352,0.00017024175031110644,1.0,0.5339576601982117
YDR308C,YBR028C,0,-0.4028315,0.00017021276289597154,1.0,0.5340485572814941
YER178W,YLR175W,0,-0.4028697,0.0001701838045846671,1.0,0.5341394543647766
YDR490C,YBR089C-A,0,-0.40305775,0.00017015484627336264,1.0,0.5342304110527039
YDR437W,YLR460C,0,-0.40318662,0.0001701258879620582,1.0,0.5343213081359863
YDR107C,YIR019C,0,-0.40320328,0.0001700969587545842,1.0,0.5344122052192688
YOR177C,YIL013C,0,-0.40342262,0.0001700680295471102,1.0,0.534503161907196
YPL138C,YHR210C,0,-0.4035687,0.00017003911489155143,1.0,0.5345940589904785
YJR108W,YDR110W,0,-0.40363514,0.00017001020023599267,1.0,0.534684956073761
YDR103W,YPL049C,0,-0.40372032,0.00016998130013234913,1.0,0.5347759127616882
YHR150W,YER127W,0,-0.40387526,0.00016995241458062083,1.0,0.5348668098449707
YHL003C,YOR372C,0,-0.4039089,0.00016992352902889252,1.0,0.5349577069282532
YIL154C,YPR068C,0,-0.40395004,0.00016989467258099467,1.0,0.5350486636161804
YGL195W,YNL065W,0,-0.4041791,0.00016986580158118159,1.0,0.5351395606994629
YPL207W,YJR118C,0,-0.40426686,0.00016983695968519896,1.0,0.5352304577827454
YFR049W,YKL051W,0,-0.40429306,0.00016980811778921634,1.0,0.5353214144706726
YOL009C,YKL138C-A,0,-0.40441084,0.00016977929044514894,1.0,0.5354123115539551
YIL156W,YNL048W,0,-0.40450642,0.00016975046310108155,1.0,0.5355032086372375
YKL026C,YJL173C,0,-0.4046605,0.00016972165030892938,1.0,0.5355941653251648
YOR236W,YML061C,0,-0.40469334,0.00016969285206869245,1.0,0.5356850624084473
YML107C,YLR039C,0,-0.40471506,0.00016966406838037074,1.0,0.5357759594917297
YMR105C,YER023W,0,-0.40478694,0.00016963528469204903,1.0,0.535866916179657
YPR154W,YML133C,0,-0.40496036,0.00016960651555564255,1.0,0.5359578132629395
YLR442C,YPR095C,0,-0.40529573,0.00016957774641923606,1.0,0.5360487103462219
YLL016W,YLR143W,0,-0.40556157,0.00016954900638666004,1.0,0.5361396670341492
YAL056W,YDR217C,0,-0.4056899,0.0001695202518021688,1.0,0.5362305641174316
YDR406W,YPL018W,0,-0.4057089,0.000169491526321508,1.0,0.5363214612007141
YNL328C,YBR146W,0,-0.40587935,0.0001694628008408472,1.0,0.5364124178886414
YLR451W,YCR065W,0,-0.40596306,0.00016943408991210163,1.0,0.5365033149719238
YDL106C,YJL026W,0,-0.40596592,0.0001694053935352713,1.0,0.5365942120552063
YIR019C,YNL041C,0,-0.40596968,0.00016937669715844095,1.0,0.5366851687431335
YOR334W,YJL196C,0,-0.40606493,0.00016934801533352584,1.0,0.536776065826416
YHR110W,YDR301W,0,-0.40629923,0.00016931933350861073,1.0,0.5368669629096985
YKR100C,YMR101C,0,-0.4064263,0.00016929066623561084,1.0,0.5369579195976257
YLL031C,YPR106W,0,-0.40643695,0.0001692620135145262,1.0,0.5370488166809082
YDR309C,YKL029C,0,-0.40643838,0.00016923337534535676,1.0,0.5371397137641907
YPL203W,YHR020W,0,-0.40684277,0.00016920473717618734,1.0,0.5372306704521179
YLR229C,YNL298W,0,-0.40687895,0.00016917611355893314,1.0,0.5373215675354004
YAL002W,YOR372C,0,-0.40692198,0.00016914748994167894,1.0,0.5374124646186829
YJR117W,YOR059C,0,-0.40738404,0.0001691188954282552,1.0,0.5375034213066101
YHR011W,YNL298W,0,-0.4075368,0.00016909030091483146,1.0,0.5375943183898926
YHR035W,YHL028W,0,-0.4075733,0.00016906170640140772,1.0,0.537685215473175
YFR014C,YLR466W,0,-0.40783134,0.0001690331264398992,1.0,0.5377761721611023
YOR254C,YDL149W,0,-0.40787047,0.00016900456103030592,1.0,0.5378670692443848
YDL024C,YHR111W,0,-0.40806854,0.00016897601017262787,1.0,0.537958025932312
YGR178C,YML081W,0,-0.4082357,0.0001689474593149498,1.0,0.5380489230155945
YJL059W,YBR016W,0,-0.4082399,0.00016891892300918698,1.0,0.538139820098877
YPL248C,YOR113W,0,-0.408329,0.00016889038670342416,1.0,0.5382307767868042
YAR009C,YPL253C,0,-0.40833318,0.00016886186494957656,1.0,0.5383216738700867
YDR268W,YCR065W,0,-0.4083446,0.00016883335774764419,1.0,0.5384125709533691
YBR268W,YJR118C,0,-0.40851966,0.00016880486509762704,1.0,0.5385035276412964
YNL045W,YGR097W,0,-0.4085245,0.0001687763724476099,1.0,0.5385944247245789
YJR073C,YFL035C-B,0,-0.40857068,0.000168747894349508,1.0,0.5386853218078613
YDR490C,YDR100W,0,-0.40872914,0.00016871941625140607,1.0,0.5387762784957886
YDR178W,YER005W,0,-0.40873456,0.0001686909527052194,1.0,0.538867175579071
YDR317W,YHR133C,0,-0.40873778,0.00016866250371094793,1.0,0.5389580726623535
YDR002W,YIL018W,0,-0.4088552,0.0001686340692685917,1.0,0.5390490293502808
YOR002W,YOL098C,0,-0.40909624,0.00016860563482623547,1.0,0.5391399264335632
YPL141C,YOR034C,0,-0.40912592,0.00016857721493579447,1.0,0.5392308235168457
YLR223C,YDL154W,0,-0.4092151,0.00016854879504535347,1.0,0.539321780204773
YBL035C,YGL240W,0,-0.40928602,0.0001685203897068277,1.0,0.5394126772880554
YML133C,YCR063W,0,-0.40944332,0.00016849199892021716,1.0,0.5395035743713379
YOR252W,YKL039W,0,-0.40950066,0.0001684636081336066,1.0,0.5395945310592651
YDR343C,YBL008W,0,-0.40962172,0.0001684352318989113,1.0,0.5396854281425476
YDR545W,YDL106C,0,-0.4096302,0.0001684068702161312,1.0,0.5397763252258301
YCR058C,YDL209C,0,-0.40966353,0.00016837850853335112,1.0,0.5398672819137573
YGL058W,YOR109W,0,-0.40968704,0.00016835016140248626,1.0,0.5399581789970398
YCL017C,YLR284C,0,-0.409833,0.00016832182882353663,1.0,0.5400490760803223
YMR053C,YDR301W,0,-0.40984082,0.00016829351079650223,1.0,0.5401400327682495
YLR118C,YGL231C,0,-0.4100377,0.00016826519276946783,1.0,0.540230929851532
YKR078W,YGR003W,0,-0.41010648,0.00016823687474243343,1.0,0.5403218269348145
YOR034C,YOR032C,0,-0.41012084,0.00016820858581922948,1.0,0.5404127836227417
YKR049C,YJL208C,0,-0.41037202,0.0001681802823441103,1.0,0.5405036807060242
YOR127W,YPL115C,0,-0.41046447,0.0001681520079728216,1.0,0.5405945777893066
YGR193C,YKL048C,0,-0.4104829,0.00016812373360153288,1.0,0.5406855344772339
YJL069C,YGR083C,0,-0.41048986,0.0001680954737821594,1.0,0.5407764315605164
YOR372C,YGL027C,0,-0.41049302,0.00016806722851470113,1.0,0.5408673286437988
YCR058C,YGL240W,0,-0.41066378,0.00016803898324724287,1.0,0.5409582853317261
YDR043C,YDR477W,0,-0.4111696,0.00016801075253169984,1.0,0.5410491824150085
YGL092W,YDR200C,0,-0.41117206,0.00016798253636807203,1.0,0.541140079498291
YMR048W,YGL194C,0,-0.41121918,0.00016795432020444423,1.0,0.5412310361862183
YOR172W,YNR052C,0,-0.41124946,0.00016792611859273165,1.0,0.5413219332695007
YBL051C,YJL001W,0,-0.4115174,0.00016789791698101908,1.0,0.5414128303527832
YDR309C,YLR451W,0,-0.4115702,0.00016786972992122173,1.0,0.5415037870407104
YCL005W-A,YLR384C,0,-0.4116223,0.00016784155741333961,1.0,0.5415946841239929
YMR015C,YGR030C,0,-0.41180143,0.0001678133849054575,1.0,0.5416855812072754
YOL009C,YOR157C,0,-0.4118477,0.00016778524150140584,1.0,0.5417765378952026
YCL005W-A,YML081W,0,-0.4119301,0.00016775708354543895,1.0,0.5418674349784851
YKL045W,YGL116W,0,-0.41193926,0.0001677289546933025,1.0,0.5419583320617676
YIL096C,YDL211C,0,-0.4120637,0.00016770082584116608,1.0,0.5420492887496948
YNL119W,YHL007C,0,-0.41208684,0.00016767269698902965,1.0,0.5421401858329773
YJL035C,YPL253C,0,-0.41215855,0.00016764459724072367,1.0,0.5422310829162598
YLR052W,YNL278W,0,-0.4121993,0.0001676164974924177,1.0,0.542322039604187
YIL008W,YDR480W,0,-0.41222012,0.00016758839774411172,1.0,0.5424129366874695
YOR247W,YOR011W,0,-0.4123375,0.0001675603270996362,1.0,0.5425038933753967
YBR181C,YPL179W,0,-0.41234383,0.00016753225645516068,1.0,0.5425947904586792
YMR101C,YIL069C,0,-0.41246608,0.00016750418581068516,1.0,0.5426856875419617
YGL046W,YNL298W,0,-0.41292018,0.00016747612971812487,1.0,0.5427766442298889
YOR212W,YIR019C,0,-0.41294187,0.0001674480881774798,1.0,0.5428675413131714
YFR025C,YLR115W,0,-0.4134167,0.00016742006118874997,1.0,0.5429584383964539
YPR114W,YPL235W,0,-0.4137226,0.00016739203420002013,1.0,0.5430493950843811
YHR148W,YDR028C,0,-0.41376853,0.00016736402176320553,1.0,0.5431402921676636
YHR204W,YJL196C,0,-0.4142973,0.00016733600932639092,1.0,0.543231189250946
YCR016W,YKL138C,0,-0.41433522,0.00016730801144149154,1.0,0.5433221459388733
YDR469W,YLR067C,0,-0.4143626,0.0001672800281085074,1.0,0.5434130430221558
YCR031C,YER143W,0,-0.41495383,0.00016725204477552325,1.0,0.5435039401054382
YBR003W,YDL134C,0,-0.414986,0.00016722407599445432,1.0,0.5435948967933655
YOR227W,YBR180W,0,-0.41503567,0.00016719612176530063,1.0,0.543685793876648
YGR217W,YCL064C,0,-0.41521788,0.00016716816753614694,1.0,0.5437766909599304
YDR160W,YJL083W,0,-0.4154067,0.00016714022785890847,1.0,0.5438676476478577
YFR014C,YJL180C,0,-0.41566667,0.00016711230273358524,1.0,0.5439585447311401
YPL004C,YHR033W,0,-0.41569236,0.000167084377608262,1.0,0.5440494418144226
YBR069C,YKL063C,0,-0.41575706,0.000167056467034854,1.0,0.5441403985023499
YPL248C,YGL129C,0,-0.41578126,0.000167028556461446,1.0,0.5442312955856323
YFR024C-A,YDR178W,0,-0.41584653,0.00016700067499186844,1.0,0.5443221926689148
YMR050C,YBR301W,0,-0.4159557,0.00016697277897037566,1.0,0.544413149356842
YDR439W,YPL175W,0,-0.4160921,0.00016694491205271333,1.0,0.5445040464401245
YLR006C,YHR110W,0,-0.41617122,0.000166917045135051,1.0,0.544594943523407
YDR212W,YML061C,0,-0.41628826,0.00016688919276930392,1.0,0.5446859002113342
YIL013C,YLR131C,0,-0.41630226,0.00016686134040355682,1.0,0.5447767972946167
YHR011W,YOR080W,0,-0.41640943,0.00016683350258972496,1.0,0.5448676943778992
YNL243W,YBR090C-A,0,-0.41661316,0.0001668056647758931,1.0,0.5449586510658264
YMR048W,YDR257C,0,-0.41661346,0.00016677785606589168,1.0,0.5450495481491089
YLR277C,YOR027W,0,-0.41664565,0.00016675004735589027,1.0,0.5451404452323914
YJR153W,YDL093W,0,-0.41681707,0.00016672223864588886,1.0,0.5452314019203186
YGR266W,YGL018C,0,-0.4168205,0.00016669444448780268,1.0,0.5453222990036011
YGL045W,YBR066C,0,-0.41713953,0.00016666666488163173,1.0,0.5454131960868835
YCR016W,YOR001W,0,-0.4171598,0.000166638899827376,1.0,0.5455041527748108
YCR018C,YBL025W,0,-0.41720286,0.00016661113477312028,1.0,0.5455950498580933
YDR148C,YKR096W,0,-0.4172181,0.00016658336971886456,1.0,0.5456859469413757
YDR091C,YNL130C,0,-0.41725308,0.0001665556337684393,1.0,0.545776903629303
YML013W,YNL123W,0,-0.41745842,0.00016652789781801403,1.0,0.5458678007125854
YKL062W,YDR179C,0,-0.4175476,0.00016650016186758876,1.0,0.5459586977958679
YDR469W,YFR038W,0,-0.41759157,0.00016647245502099395,1.0,0.5460496544837952
YGL006W,YLR220W,0,-0.4176225,0.0001664447336224839,1.0,0.5461405515670776
YDR129C,YCL044C,0,-0.41806906,0.00016641704132780433,1.0,0.5462314486503601
YHR035W,YER007C-A,0,-0.418182,0.00016638934903312474,1.0,0.5463224053382874
YLR324W,YGL006W,0,-0.41824815,0.0001663616712903604,1.0,0.5464133024215698
YER108C,YDR395W,0,-0.4184759,0.00016633399354759604,1.0,0.5465041995048523
YAL002W,YML055W,0,-0.41852528,0.0001663063303567469,1.0,0.5465951561927795
YOR236W,YAL028W,0,-0.4189092,0.00016627868171781301,1.0,0.546686053276062
YLR442C,YDR040C,0,-0.41918844,0.00016625103307887912,1.0,0.5467769503593445
YER109C,YAL056W,0,-0.41929013,0.00016622339899186045,1.0,0.5468679070472717
YDR092W,YDR438W,0,-0.41955072,0.000166195779456757,1.0,0.5469588041305542
YER113C,YBR095C,0,-0.4196341,0.00016616815992165357,1.0,0.5470497608184814
YCR045C,YCR021C,0,-0.4198006,0.00016614055493846536,1.0,0.5471406579017639
YDR204W,YNL247W,0,-0.4198572,0.00016611294995527714,1.0,0.5472315549850464
YPL176C,YDL046W,0,-0.4200012,0.0001660853740759194,1.0,0.5473225116729736
YNL318C,YBR016W,0,-0.42004868,0.0001660577836446464,1.0,0.5474134087562561
YER005W,YPR141C,0,-0.42009744,0.00016603022231720388,1.0,0.5475043058395386
YMR261C,YKL099C,0,-0.42023772,0.00016600266098976135,1.0,0.5475952625274658
YPL004C,YDR284C,0,-0.42024463,0.00016597509966231883,1.0,0.5476861596107483
YCR031C,YDR175C,0,-0.4203285,0.00016594756743870676,1.0,0.5477770566940308
YGL238W,YOR001W,0,-0.42036346,0.00016592002066317946,1.0,0.547868013381958
YOL078W,YDR165W,0,-0.42050773,0.00016589250299148262,1.0,0.5479589104652405
YPR173C,YDR500C,0,-0.42055738,0.00016586498531978577,1.0,0.548049807548523
YJR049C,YBR028C,0,-0.42059475,0.00016583748220000416,1.0,0.5481407642364502
YIL022W,YOL144W,0,-0.42061752,0.00016580997908022255,1.0,0.5482316613197327
YEL020W-A,YDR041W,0,-0.42074472,0.00016578249051235616,1.0,0.5483225584030151
YEL044W,YGL127C,0,-0.42084464,0.000165755016496405,1.0,0.5484135150909424
YOR129C,YFL018W-A,0,-0.42089033,0.00016572754248045385,1.0,0.5485044121742249
YGL046W,YDR477W,0,-0.42089257,0.00016570008301641792,1.0,0.5485953092575073
YGR099W,YER081W,0,-0.4213156,0.00016567263810429722,1.0,0.5486862659454346
YOL069W,YKL080W,0,-0.42156932,0.00016564519319217652,1.0,0.548777163028717
YHL031C,YGL219C,0,-0.42195308,0.00016561774828005582,1.0,0.5488680601119995
YKL045W,YML082W,0,-0.42202485,0.00016559033247176558,1.0,0.5489590167999268
YGL189C,YPR131C,0,-0.42203215,0.00016556291666347533,1.0,0.5490499138832092
YPL140C,YJR050W,0,-0.42227337,0.0001655355008551851,1.0,0.5491408109664917
YGR060W,YBR023C,0,-0.4223072,0.0001655081141507253,1.0,0.549231767654419
YML021C,YHR158C,0,-0.42231786,0.00016548072744626552,1.0,0.5493226647377014
YOL011W,YLR313C,0,-0.42270616,0.00016545334074180573,1.0,0.5494135618209839
YDL035C,YDL024C,0,-0.42272204,0.00016542596858926117,1.0,0.5495045185089111
YIL075C,YDR234W,0,-0.42283183,0.00016539861098863184,1.0,0.5495954155921936
YHR158C,YGL129C,0,-0.4229635,0.00016537125338800251,1.0,0.5496863126754761
YJL094C,YGR208W,0,-0.423263,0.0001653439103392884,1.0,0.5497772693634033
YGR161C,YGL238W,0,-0.42330045,0.00016531658184248954,1.0,0.5498681664466858
YDR002W,YLR200W,0,-0.42366096,0.00016528925334569067,1.0,0.5499590635299683
YJL057C,YLR260W,0,-0.42375988,0.00016526193940080702,1.0,0.5500500202178955
YDR145W,YGL189C,0,-0.42376742,0.0001652346400078386,1.0,0.550140917301178
YLR006C,YDL093W,0,-0.42405015,0.0001652073406148702,1.0,0.5502318143844604
YLR239C,YPR003C,0,-0.424348,0.00016518004122190177,1.0,0.5503227710723877
YER027C,YDL159W,0,-0.42455798,0.00016515277093276381,1.0,0.5504136681556702
YDR268W,YLR220W,0,-0.4247965,0.00016512550064362586,1.0,0.5505045652389526
YHR142W,YOR132W,0,-0.42511111,0.0001650982303544879,1.0,0.5505955219268799
YDR111C,YHR014W,0,-0.42513973,0.00016507097461726516,1.0,0.5506864190101624
YNL024C,YDL076C,0,-0.42515367,0.00016504373343195766,1.0,0.5507773160934448
YNL041C,YNL066W,0,-0.42518803,0.0001650165067985654,1.0,0.5508682727813721
YEL019C,YFL035C-A,0,-0.4252849,0.0001649892801651731,1.0,0.5509591698646545
YPR034W,YMR153W,0,-0.42529833,0.00016496205353178084,1.0,0.551050066947937
YPR188C,YML127W,0,-0.4253444,0.00016493485600221902,1.0,0.5511410236358643
YDR201W,YJR131W,0,-0.42547277,0.0001649076584726572,1.0,0.5512319207191467
YIL167W,YER060W,0,-0.4258889,0.00016488046094309539,1.0,0.5513228178024292
YOL051W,YHL050C,0,-0.42589524,0.0001648532779654488,1.0,0.5514137744903564
YMR175W,YDR168W,0,-0.42600685,0.00016482610953971744,1.0,0.5515046715736389
YHR138C,YIL123W,0,-0.42621416,0.00016479894111398607,1.0,0.5515956282615662
YCL016C,YOR271C,0,-0.42632523,0.00016477178724016994,1.0,0.5516865253448486
YOR363C,YNL048W,0,-0.42633766,0.00016474464791826904,1.0,0.5517774224281311
YPL130W,YAL051W,0,-0.42639732,0.00016471750859636813,1.0,0.5518683791160583
YDR406W,YBR208C,0,-0.4264405,0.00016469038382638246,1.0,0.5519592761993408
YMR261C,YDR372C,0,-0.42645675,0.00016466325905639678,1.0,0.5520501732826233
YER113C,YDL159W,0,-0.4267788,0.00016463614883832633,1.0,0.5521411299705505
YGL028C,YDL135C,0,-0.42691684,0.00016460905317217112,1.0,0.552232027053833
YLR390W-A,YIL087C,0,-0.4272669,0.0001645819575060159,1.0,0.5523229241371155
YNL214W,YHR020W,0,-0.42728597,0.0001645548763917759,1.0,0.5524138808250427
YJL174W,YIL120W,0,-0.42754883,0.00016452780982945114,1.0,0.5525047779083252
YDR007W,YLR001C,0,-0.42777282,0.00016450074326712638,1.0,0.5525956749916077
YJR150C,YLR189C,0,-0.4278262,0.00016447369125671685,1.0,0.5526866316795349
YNL130C,YPL221W,0,-0.42787477,0.0001644466392463073,1.0,0.5527775287628174
YJR153W,YER023W,0,-0.42788535,0.000164419601787813,1.0,0.5528684258460999
YLR054C,YJL069C,0,-0.4282046,0.0001643925643293187,1.0,0.5529593825340271
YNL190W,YDL093W,0,-0.4282127,0.00016436555597465485,1.0,0.5530502796173096
YNL045W,YJL013C,0,-0.42821938,0.00016433853306807578,1.0,0.553141176700592
YDL235C,YBR295W,0,-0.4282608,0.00016431153926532716,1.0,0.5532321333885193
YPR110C,YLR352W,0,-0.42831647,0.00016428454546257854,1.0,0.5533230304718018
YPR114W,YBR028C,0,-0.4286077,0.00016425755165982991,1.0,0.5534139275550842
YNL233W,YJR027W,0,-0.42867658,0.00016423058696091175,1.0,0.5535048842430115
YKL063C,YBR089C-A,0,-0.42881277,0.00016420360771007836,1.0,0.553595781326294
YOR045W,YKL138C-A,0,-0.4288265,0.00016417665756307542,1.0,0.5536866784095764
YBR085W,YER149C,0,-0.4289335,0.0001641497074160725,1.0,0.5537776350975037
YBR054W,YAL011W,0,-0.42918935,0.00016412275726906955,1.0,0.5538685321807861
YGR103W,YNL161W,0,-0.4292957,0.00016409583622589707,1.0,0.5539594292640686
YML004C,YGR266W,0,-0.4293226,0.0001640689151827246,1.0,0.5540503859519958
YJR109C,YGR245C,0,-0.42935225,0.00016404199413955212,1.0,0.5541412830352783
YOR371C,YIR019C,0,-0.4294164,0.00016401508764829487,1.0,0.5542321801185608
YMR262W,YDL123W,0,-0.4294349,0.00016398819570895284,1.0,0.554323136806488
YLR083C,YDR379W,0,-0.4294851,0.00016396130376961082,1.0,0.5544140338897705
YDR513W,YNL068C,0,-0.42966837,0.00016393442638218403,1.0,0.554504930973053
YOR319W,YMR118C,0,-0.4297228,0.00016390754899475724,1.0,0.5545958876609802
YDR300C,YKL005C,0,-0.43019202,0.0001638807007111609,1.0,0.5546867847442627
YJR132W,YNL240C,0,-0.43025616,0.00016385383787564933,1.0,0.5547776818275452
YAR009C,YJL168C,0,-0.43036366,0.00016382700414396822,1.0,0.5548686385154724
YBR065C,YDR407C,0,-0.43047306,0.00016380017041228712,1.0,0.5549595355987549
YCL005W-A,YOL132W,0,-0.43053716,0.000163773336680606,1.0,0.5550504326820374
YLR460C,YDR080W,0,-0.43055493,0.00016374651750084013,1.0,0.5551413893699646
YGR260W,YOR113W,0,-0.43072456,0.00016371971287298948,1.0,0.5552322864532471
YAL041W,YBR095C,0,-0.4311638,0.00016369290824513882,1.0,0.5553231835365295
YAL056W,YPR007C,0,-0.43151388,0.0001636661181692034,1.0,0.5554141402244568
YPR010C,YGL085W,0,-0.43154907,0.0001636393426451832,1.0,0.5555050373077393
YMR059W,YML055W,0,-0.4316371,0.000163612567121163,1.0,0.5555959343910217
YGL046W,YHL007C,0,-0.43174553,0.00016358580614905804,1.0,0.555686891078949
YLR223C,YNL025C,0,-0.4318775,0.00016355904517695308,1.0,0.5557777881622314
YML016C,YDL012C,0,-0.43193537,0.00016353229875676334,1.0,0.5558687448501587
YJL183W,YDR500C,0,-0.4319963,0.0001635055523365736,1.0,0.5559596419334412
YDL160C,YDR309C,0,-0.43200976,0.00016347883502021432,1.0,0.5560505390167236
YHR079C-B,YKL114C,0,-0.43208644,0.0001634521031519398,1.0,0.5561414957046509
YOL121C,YDR190C,0,-0.43219447,0.00016342540038749576,1.0,0.5562323927879333
YER093C,YBR168W,0,-0.43227297,0.0001633986976230517,1.0,0.5563232898712158
YKL014C,YDR367W,0,-0.4323097,0.00016337199485860765,1.0,0.5564142465591431
YHR033W,YPL010W,0,-0.432459,0.00016334530664607882,1.0,0.5565051436424255
YJL054W,YAL007C,0,-0.43251964,0.00016331863298546523,1.0,0.556596040725708
YJL089W,YNL176C,0,-0.43256497,0.00016329195932485163,1.0,0.5566869974136353
YGR235C,YLL066C,0,-0.43262556,0.00016326530021615326,1.0,0.5567778944969177
YHR122W,YJL196C,0,-0.43264693,0.00016323865565937012,1.0,0.5568687915802002
YJR027W,YLR328W,0,-0.4327222,0.00016321201110258698,1.0,0.5569597482681274
YPR106W,YOL096C,0,-0.43273783,0.00016318538109771907,1.0,0.5570506453514099
YNL119W,YNL298W,0,-0.4328075,0.00016315875109285116,1.0,0.5571415424346924
YNL111C,YGL240W,0,-0.43304417,0.00016313213563989848,1.0,0.5572324991226196
YDR372C,YPL203W,0,-0.433126,0.00016310553473886102,1.0,0.5573233962059021
YOR119C,YPL018W,0,-0.4332261,0.00016307893383782357,1.0,0.5574142932891846
YJL057C,YKL016C,0,-0.43325585,0.00016305233293678612,1.0,0.5575052499771118
YAL056W,YIR019C,0,-0.43325883,0.00016302576113957912,1.0,0.5575961470603943
YHR006W,YIL018W,0,-0.43339837,0.00016299918934237212,1.0,0.5576870441436768
YPR095C,YDR087C,0,-0.43346706,0.00016297261754516512,1.0,0.557778000831604
YOR372C,YBR090C-A,0,-0.43355817,0.00016294606029987335,1.0,0.5578688979148865
YPR017C,YFL035C-A,0,-0.43378288,0.0001629195176064968,1.0,0.557959794998169
YGR129W,YDR365C,0,-0.43380806,0.00016289297491312027,1.0,0.5580507516860962
YIL014W,YER108C,0,-0.4342743,0.00016286644677165896,1.0,0.5581416487693787
YER176W,YDR545W,0,-0.43440056,0.00016283993318211287,1.0,0.5582325458526611
YBR211C,YBR188C,0,-0.4348622,0.0001628134195925668,1.0,0.5583235025405884
YHR108W,YDR176W,0,-0.43489587,0.0001627869060030207,1.0,0.5584143996238708
YNL031C,YDR289C,0,-0.4349169,0.00016276042151730508,1.0,0.5585052967071533
YGL045W,YGL226W,0,-0.43542796,0.00016273393703158945,1.0,0.5585962533950806
YLR426W,YDR406W,0,-0.43552157,0.00016270745254587382,1.0,0.558687150478363
YNR052C,YOR001W,0,-0.43593764,0.00016268098261207342,1.0,0.5587780475616455
YKL129C,YFR025C,0,-0.43616876,0.00016265452723018825,1.0,0.5588690042495728
YDR328C,YCL039W,0,-0.43644065,0.00016262807184830308,1.0,0.5589599013328552
YLL026W,YLR328W,0,-0.4366662,0.00016260163101833314,1.0,0.5590507984161377
YBR295W,YHL026C,0,-0.4369235,0.0001625751901883632,1.0,0.5591417551040649
YBR153W,YDR289C,0,-0.4369322,0.00016254876391030848,1.0,0.5592326521873474
YLR426W,YGL238W,0,-0.43696183,0.000162522352184169,1.0,0.5593235492706299
YER027C,YBR066C,0,-0.43698364,0.0001624959404580295,1.0,0.5594145059585571
YER108C,YOR212W,0,-0.43718082,0.00016246954328380525,1.0,0.5595054030418396
YOR117W,YOR359W,0,-0.4372161,0.000162443146109581,1.0,0.5595963001251221
YAL011W,YEL051W,0,-0.4373041,0.00016241676348727196,1.0,0.5596872568130493
YGL243W,YML047C,0,-0.43755883,0.00016239038086496294,1.0,0.5597781538963318
YNL094W,YML047C,0,-0.43765166,0.00016236402734648436,1.0,0.5598690509796143
YPR097W,YMR125W,0,-0.43768698,0.00016233765927609056,1.0,0.5599600076675415
YOR016C,YPL115C,0,-0.438035,0.00016231132030952722,1.0,0.560050904750824
YDR430C,YGL195W,0,-0.43809673,0.00016228496679104865,1.0,0.5601418018341064
YJR153W,YNL094W,0,-0.4381679,0.00016225864237640053,1.0,0.5602327585220337
YHR148W,YMR110C,0,-0.4383824,0.00016223231796175241,1.0,0.5603236556053162
YGR078C,YLR200W,0,-0.438646,0.00016220600809901953,1.0,0.5604146122932434
YMR048W,YBL013W,0,-0.4387145,0.00016217969823628664,1.0,0.5605055093765259
YJR102C,YDL135C,0,-0.43878776,0.00016215340292546898,1.0,0.5605964064598083
YKR007W,YKL043W,0,-0.4387939,0.00016212710761465132,1.0,0.5606873631477356
YLL067C,YDR244W,0,-0.43886915,0.0001621008268557489,1.0,0.5607782602310181
YBL087C,YGR260W,0,-0.43887365,0.0001620745606487617,1.0,0.5608691573143005
YOR207C,YHR090C,0,-0.4389584,0.0001620482944417745,1.0,0.5609601140022278
YBR268W,YDR110W,0,-0.43899804,0.00016202202823478729,1.0,0.5610510110855103
YOR087W,YMR215W,0,-0.4391121,0.00016199579113163054,1.0,0.5611419081687927
YLR190W,YMR237W,0,-0.4391898,0.0001619695540284738,1.0,0.56123286485672
YIL038C,YLR181C,0,-0.43928093,0.00016194331692531705,1.0,0.5613237619400024
YEL048C,YKL077W,0,-0.4397055,0.00016191709437407553,1.0,0.5614146590232849
YGL053W,YOR026W,0,-0.4397393,0.00016189088637474924,1.0,0.5615056157112122
YLR234W,YJL196C,0,-0.43997473,0.00016186467837542295,1.0,0.5615965127944946
YMR125W,YGR083C,0,-0.44005567,0.0001618384849280119,1.0,0.5616874098777771
YMR081C,YBL091C,0,-0.44008553,0.00016181229148060083,1.0,0.5617783665657043
YBL035C,YPL146C,0,-0.44008878,0.000161786112585105,1.0,0.5618692636489868
YPR095C,YBR016W,0,-0.44018167,0.0001617599482415244,1.0,0.5619601607322693
YPR067W,YGR003W,0,-0.44051653,0.0001617337838979438,1.0,0.5620511174201965
YKL149C,YIL137C,0,-0.44062418,0.00016170763410627842,1.0,0.562142014503479
YLR085C,YKR095W-A,0,-0.44064802,0.00016168148431461304,1.0,0.5622329115867615
YIL147C,YFR038W,0,-0.44086373,0.0001616553490748629,1.0,0.5623238682746887
YGL115W,YJL179W,0,-0.44094977,0.00016162922838702798,1.0,0.5624147653579712
YLR056W,YJL208C,0,-0.44160408,0.00016160310769919306,1.0,0.5625056624412537
YOR380W,YKL129C,0,-0.44163287,0.00016157698701135814,1.0,0.5625966191291809
YHR009C,YOR271C,0,-0.44180647,0.00016155089542735368,1.0,0.5626875162124634
YLR324W,YOR129C,0,-0.44185388,0.000161524789291434,1.0,0.5627784132957458
YDL247W,YDL018C,0,-0.44200885,0.00016149871225934476,1.0,0.5628693699836731
YGR030C,YGL085W,0,-0.44223642,0.00016147263522725552,1.0,0.5629602670669556
YLR293C,YOR358W,0,-0.44269645,0.0001614465581951663,1.0,0.563051164150238
YOR380W,YER060W,0,-0.44297552,0.00016142049571499228,1.0,0.5631421208381653
YJL013C,YER040W,0,-0.44303155,0.0001613944477867335,1.0,0.5632330179214478
YPR128C,YLR363C,0,-0.44332522,0.00016136839985847473,1.0,0.5633239150047302
YHR001W-A,YML061C,0,-0.44338977,0.00016134236648213118,1.0,0.5634148716926575
YNL137C,YNR071C,0,-0.44354653,0.00016131634765770286,1.0,0.5635057687759399
YOR087W,YLR382C,0,-0.44389883,0.00016129032883327454,1.0,0.5635966658592224
YLR411W,YDL113C,0,-0.44392538,0.00016126431000884622,1.0,0.5636876225471497
YJR102C,YNL145W,0,-0.443954,0.00016123830573633313,1.0,0.5637785196304321
YER142C,YDR122W,0,-0.44423413,0.00016121231601573527,1.0,0.5638694167137146
YJL174W,YFR025C,0,-0.4442476,0.0001611863262951374,1.0,0.5639603734016418
YDL134C-A,YLL021W,0,-0.4442858,0.00016116035112645477,1.0,0.5640512704849243
YPL203W,YGL046W,0,-0.4442984,0.00016113439050968736,1.0,0.5641421675682068
YCL005W-A,YPR057W,0,-0.44453782,0.00016110842989291996,1.0,0.564233124256134
YMR313C,YDL087C,0,-0.44462156,0.00016108246927615255,1.0,0.5643240213394165
YLL026W,YDR471W,0,-0.44462827,0.0001610565377632156,1.0,0.564414918422699
YBR065C,YMR050C,0,-0.4446965,0.00016103059169836342,1.0,0.5645058751106262
YPR095C,YJR052W,0,-0.44478136,0.0001610046747373417,1.0,0.5645967721939087
YML061C,YGR129W,0,-0.44480553,0.00016097875777631998,1.0,0.5646876692771912
YNL194C,YKL132C,0,-0.4453586,0.00016095284081529826,1.0,0.5647786259651184
YNL145W,YJR027W,0,-0.4454064,0.00016092693840619177,1.0,0.5648695230484009
YOR068C,YER060W-A,0,-0.44554865,0.0001609010505490005,1.0,0.5649604797363281
YDR471W,YPL224C,0,-0.44561017,0.00016087516269180924,1.0,0.5650513768196106
YDR477W,YDR379W,0,-0.44563186,0.0001608492893865332,1.0,0.5651422739028931
YJL162C,YLL026W,0,-0.44580707,0.00016082341608125716,1.0,0.5652332305908203
YBL031W,YGL238W,0,-0.44596788,0.00016079755732789636,1.0,0.5653241276741028
YER041W,YKR095W-A,0,-0.44611454,0.00016077169857453555,1.0,0.5654150247573853
YPR046W,YMR237W,0,-0.44627935,0.00016074585437308997,1.0,0.5655059814453125
YDR092W,YKR095W-A,0,-0.44637245,0.00016072002472355962,1.0,0.565596878528595
YNL081C,YMR149W,0,-0.44651157,0.00016069419507402927,1.0,0.5656877756118774
YJL181W,YHR146W,0,-0.4465148,0.00016066837997641414,1.0,0.5657787322998047
YGL046W,YOR275C,0,-0.446551,0.00016064256487879902,1.0,0.5658696293830872
YPL203W,YPR007C,0,-0.44657093,0.00016061676433309913,1.0,0.5659605264663696
YNL103W,YMR195W,0,-0.4470511,0.00016059097833931446,1.0,0.5660514831542969
YGR235C,YDR041W,0,-0.44710502,0.0001605651923455298,1.0,0.5661423802375793
YER155C,YJL003W,0,-0.44746035,0.00016053940635174513,1.0,0.5662332773208618
YPL137C,YOR359W,0,-0.44749883,0.00016051364946179092,1.0,0.5663242340087891
YOL116W,YDR107C,0,-0.4475455,0.00016048787801992148,1.0,0.5664151310920715
YJR153W,YBL100W-B,0,-0.4475459,0.0001604621356818825,1.0,0.566506028175354
YCR016W,YGR097W,0,-0.44758868,0.00016043639334384352,1.0,0.5665969848632812
YPL141C,YBR193C,0,-0.44776452,0.00016041065100580454,1.0,0.5666878819465637
YDR359C,YCR038C,0,-0.44788462,0.00016038492321968079,1.0,0.5667787790298462
YML067C,YBR191W,0,-0.44800943,0.00016035920998547226,1.0,0.5668697357177734
YPR173C,YGR046W,0,-0.44814864,0.00016033349675126374,1.0,0.5669606328010559
YGL189C,YBR295W,0,-0.4482545,0.00016030779806897044,1.0,0.5670515298843384
YKR089C,YLR337C,0,-0.4482985,0.00016028209938667715,1.0,0.5671424865722656
YJL089W,YDR480W,0,-0.44853675,0.00016025641525629908,1.0,0.5672333836555481
YKL079W,YPL135W,0,-0.44860223,0.000160230731125921,1.0,0.5673242807388306
YDR375C,YIL167W,0,-0.44875503,0.00016020506154745817,1.0,0.5674152374267578
YCL005W-A,YDR175C,0,-0.44876897,0.00016017940652091056,1.0,0.5675061345100403
YKR095W-A,YNL132W,0,-0.44895744,0.00016015375149436295,1.0,0.5675970315933228
YAL015C,YOR068C,0,-0.44909602,0.00016012809646781534,1.0,0.56768798828125
YOL132W,YGL151W,0,-0.4492507,0.00016010247054509819,1.0,0.5677788853645325
YFR016C,YGL061C,0,-0.4492836,0.0001600768300704658,1.0,0.5678697824478149
YER109C,YOR275C,0,-0.4494804,0.00016005121869966388,1.0,0.5679607391357422
YER041W,YDR002W,0,-0.44955248,0.00016002560732886195,1.0,0.5680516362190247
YER072W,YLR466W,0,-0.44980925,0.00015999999595806003,1.0,0.5681425333023071
YMR243C,YLR006C,0,-0.44999728,0.00015997439913917333,1.0,0.5682334899902344
YKR053C,YHR090C,0,-0.45007744,0.00015994881687220186,1.0,0.5683243870735168
YNL137C,YGL016W,0,-0.45056105,0.0001599232346052304,1.0,0.5684152841567993
YAR033W,YIL043C,0,-0.45059973,0.00015989766689017415,1.0,0.5685062408447266
YMR110C,YDL018C,0,-0.45079663,0.0001598720991751179,1.0,0.568597137928009
YOL069W,YBL038W,0,-0.45084727,0.0001598465460119769,1.0,0.5686880350112915
YER176W,YOL078W,0,-0.45090944,0.00015982100740075111,1.0,0.5687789916992188
YDL024C,YNL298W,0,-0.45096248,0.00015979546878952533,1.0,0.5688698887825012
YIL153W,YPL233W,0,-0.45101005,0.00015976993017829955,1.0,0.5689607858657837
YNL286W,YNL063W,0,-0.4511379,0.000159744406118989,1.0,0.5690517425537109
YOR330C,YGL064C,0,-0.4512215,0.00015971889661159366,1.0,0.5691426396369934
YEL019C,YMR050C,0,-0.4512813,0.00015969338710419834,1.0,0.5692335963249207
YBL016W,YER108C,0,-0.4513246,0.00015966789214871824,1.0,0.5693244934082031
YPL116W,YLL018C-A,0,-0.45162392,0.00015964239719323814,1.0,0.5694153904914856
YNR038W,YDR057W,0,-0.45169038,0.00015961691678967327,1.0,0.5695063471794128
YCL016C,YOL059W,0,-0.451792,0.00015959145093802363,1.0,0.5695972442626953
YNL176C,YKL040C,0,-0.45180708,0.00015956598508637398,1.0,0.5696881413459778
YHR214W,YCR024C,0,-0.45185825,0.00015954051923472434,1.0,0.569779098033905
YNL294C,YAL056W,0,-0.45190483,0.00015951506793498993,1.0,0.5698699951171875
YBL013W,YGL085W,0,-0.45232147,0.00015948963118717074,1.0,0.56996089220047
YPL176C,YAL030W,0,-0.45237616,0.00015946419443935156,1.0,0.5700518488883972
YMR041C,YKL155C,0,-0.45243767,0.0001594387722434476,1.0,0.5701427459716797
YPR173C,YFR016C,0,-0.45258814,0.00015941336459945887,1.0,0.5702336430549622
YKL014C,YGR260W,0,-0.4528523,0.00015938795695547014,1.0,0.5703245997428894
YOR260W,YLR363C,0,-0.45286098,0.00015936254931148142,1.0,0.5704154968261719
YKL129C,YNL068C,0,-0.45288876,0.00015933715621940792,1.0,0.5705063939094543
YDL220C,YMR002W,0,-0.45298052,0.00015931177767924964,1.0,0.5705973505973816
YBR038W,YBR208C,0,-0.45299736,0.00015928639913909137,1.0,0.5706882476806641
YEL048C,YKL032C,0,-0.45311177,0.00015926103515084833,1.0,0.5707791447639465
YPR003C,YHR133C,0,-0.45315617,0.00015923567116260529,1.0,0.5708701014518738
YDL081C,YBR212W,0,-0.45316494,0.00015921032172627747,1.0,0.5709609985351562
YER108C,YMR316W,0,-0.45317924,0.00015918497228994966,1.0,0.5710518956184387
YIR004W,YHR197W,0,-0.45321476,0.00015915963740553707,1.0,0.571142852306366
YGL139W,YLR220W,0,-0.45325118,0.00015913430252112448,1.0,0.5712337493896484
YPL115C,YML127W,0,-0.45342356,0.00015910899674054235,1.0,0.5713246464729309
YGR046W,YJL083W,0,-0.4535771,0.000159083676408045,1.0,0.5714156031608582
YGL167C,YOL032W,0,-0.45432138,0.00015905837062746286,1.0,0.5715065002441406
YDR287W,YHL025W,0,-0.45487654,0.00015903307939879596,1.0,0.5715973973274231
YAL019W,YEL027W,0,-0.45500898,0.00015900778817012906,1.0,0.5716883540153503
YMR261C,YNL194C,0,-0.45501295,0.0001589825114933774,1.0,0.5717792510986328
YCR016W,YIL153W,0,-0.4552061,0.00015895723481662571,1.0,0.5718701481819153
YDR392W,YDR103W,0,-0.4552679,0.00015893197269178927,1.0,0.5719611048698425
YDL087C,YIL173W,0,-0.45531115,0.00015890672511886805,1.0,0.572052001953125
YPR141C,YDR438W,0,-0.4553419,0.00015888147754594684,1.0,0.5721428990364075
YDR213W,YDR515W,0,-0.4553974,0.00015885622997302562,1.0,0.5722338557243347
YJR042W,YGR245C,0,-0.45566452,0.00015883099695201963,1.0,0.5723247528076172
YHR122W,YMR313C,0,-0.45611843,0.00015880577848292887,1.0,0.5724156498908997
YPR008W,YOR026W,0,-0.45633724,0.0001587805600138381,1.0,0.5725066065788269
YOR371C,YGL208W,0,-0.45643046,0.00015875535609666258,1.0,0.5725975036621094
YHR214W,YNL123W,0,-0.45677713,0.00015873015217948705,1.0,0.5726884007453918
YOR207C,YLR417W,0,-0.45701012,0.00015870496281422675,1.0,0.5727793574333191
YMR215W,YNL076W,0,-0.45714968,0.00015867978800088167,1.0,0.5728702545166016
YLR315W,YBR028C,0,-0.45733988,0.0001586546131875366,1.0,0.572961151599884
YBL038W,YLL014W,0,-0.45746332,0.00015862943837419152,1.0,0.5730521082878113
YCR024C,YDR438W,0,-0.45763382,0.00015860427811276168,1.0,0.5731430053710938
YJL216C,YDR317W,0,-0.45774734,0.00015857913240324706,1.0,0.5732339024543762
YKL194C,YDR045C,0,-0.45776117,0.00015855398669373244,1.0,0.5733248591423035
YCR045C,YOR380W,0,-0.45778826,0.00015852885553613305,1.0,0.5734157562255859
YGR080W,YLR075W,0,-0.45786965,0.00015850372437853366,1.0,0.5735066533088684
YML055W,YHR138C,0,-0.4579466,0.0001584786077728495,1.0,0.5735976099967957
YDR435C,YLR092W,0,-0.45803556,0.00015845349116716534,1.0,0.5736885070800781
YEL032W,YGL116W,0,-0.45809844,0.0001584283891133964,1.0,0.5737794637680054
YJR117W,YJR150C,0,-0.4581502,0.0001584033016115427,1.0,0.5738703608512878
YCR091W,YNL317W,0,-0.4582647,0.000158378214109689,1.0,0.5739612579345703
YKL063C,YPL193W,0,-0.45832238,0.0001583531266078353,1.0,0.5740522146224976
YOR252W,YML127W,0,-0.45835102,0.00015832805365789682,1.0,0.57414311170578
YPR158W-B,YPL058C,0,-0.45837384,0.00015830299525987357,1.0,0.5742340087890625
YER108C,YLR229C,0,-0.45855027,0.00015827793686185032,1.0,0.5743249654769897
YJL110C,YGL189C,0,-0.45864218,0.0001582528930157423,1.0,0.5744158625602722
YER108C,YDR477W,0,-0.45874512,0.00015822784916963428,1.0,0.5745067596435547
YCR107W,YHL021C,0,-0.45881015,0.0001582028198754415,1.0,0.5745977163314819
YDR284C,YML047C,0,-0.45900217,0.0001581777905812487,1.0,0.5746886134147644
YGR266W,YPL097W,0,-0.45907396,0.00015815277583897114,1.0,0.5747795104980469
YPL173W,YML076C,0,-0.459229,0.00015812776109669358,1.0,0.5748704671859741
YOR383C,YNL063W,0,-0.45929188,0.00015810276090633124,1.0,0.5749613642692566
YNL294C,YDR392W,0,-0.4594858,0.00015807777526788414,1.0,0.5750522613525391
YNR071C,YLL057C,0,-0.45954272,0.00015805278962943703,1.0,0.5751432180404663
YGR060W,YDR395W,0,-0.45964804,0.00015802781854290515,1.0,0.5752341151237488
YKL058W,YHR194W,0,-0.4597515,0.00015800284745637327,1.0,0.5753250122070312
YOR087W,YML082W,0,-0.45987675,0.0001579778763698414,1.0,0.5754159688949585
YER063W,YNL233W,0,-0.45991462,0.00015795293438713998,1.0,0.575506865978241
YJR123W,YDR005C,0,-0.45994386,0.00015792797785252333,1.0,0.5755977630615234
YML061C,YLR263W,0,-0.4600347,0.00015790305042173713,1.0,0.5756887197494507
YBR233W-A,YGL045W,0,-0.4601287,0.00015787812299095094,1.0,0.5757796168327332
YER108C,YNL119W,0,-0.46038565,0.00015785319556016475,1.0,0.5758705139160156
YJL186W,YJR096W,0,-0.4605806,0.00015782828268129379,1.0,0.5759614706039429
YOL011W,YBR208C,0,-0.46064025,0.00015780336980242282,1.0,0.5760523676872253
YGL067W,YPR071W,0,-0.46067458,0.00015777848602738231,1.0,0.5761432647705078
YNL024C,YHR020W,0,-0.4607748,0.00015775358770042658,1.0,0.5762342214584351
YFL025C,YNL194C,0,-0.4609865,0.00015772870392538607,1.0,0.5763251185417175
YPL130W,YLR435W,0,-0.46105182,0.0001577038347022608,1.0,0.576416015625
YMR232W,YBR114W,0,-0.46121037,0.0001576789654791355,1.0,0.5765069723129272
YFL049W,YLR190W,0,-0.46144223,0.00015765411080792546,1.0,0.5765978693962097
YGL045W,YDR392W,0,-0.4614653,0.0001576292561367154,1.0,0.5766887664794922
YER032W,YLR055C,0,-0.4615724,0.0001576044160174206,1.0,0.5767797231674194
YIL007C,YOL069W,0,-0.46162584,0.00015757957589812577,1.0,0.5768706202507019
YLR347C,YHL035C,0,-0.46167782,0.00015755475033074617,1.0,0.5769615173339844
YIL008W,YBR066C,0,-0.46171063,0.00015752992476336658,1.0,0.5770524740219116
YDR469W,YAL030W,0,-0.46205586,0.00015750511374790221,1.0,0.5771433711051941
YGL246C,YOR032C,0,-0.46214482,0.00015748031728435308,1.0,0.5772342681884766
YBL100W-B,YOR335C,0,-0.4623102,0.00015745552082080394,1.0,0.5773252248764038
YIL153W,YKL196C,0,-0.46236828,0.0001574307243572548,1.0,0.5774161219596863
YGR017W,YIL011W,0,-0.46242282,0.00015740595699753612,1.0,0.5775070190429688
YDR471W,YDL243C,0,-0.46249878,0.00015738117508590221,1.0,0.577597975730896
YKL060C,YLR001C,0,-0.4627203,0.00015735640772618353,1.0,0.5776888728141785
YDL003W,YPL137C,0,-0.4629367,0.00015733165491838008,1.0,0.5777797698974609
YOR132W,YHR138C,0,-0.4630731,0.00015730690211057663,1.0,0.5778707265853882
YGL121C,YAL056W,0,-0.46316487,0.0001572821638546884,1.0,0.5779616236686707
YFR024C-A,YGR211W,0,-0.4632885,0.00015725742559880018,1.0,0.5780525207519531
YBR091C,YJL208C,0,-0.4636057,0.0001572327018948272,1.0,0.5781434774398804
YBR043C,YFR016C,0,-0.4636937,0.00015720799274276942,1.0,0.5782343745231628
YNL059C,YKL138C-A,0,-0.4640036,0.00015718326903879642,1.0,0.5783253312110901
YGL198W,YCL054W,0,-0.46421668,0.00015715857443865389,1.0,0.5784162282943726
YDR023W,YPL013C,0,-0.4644193,0.00015713387983851135,1.0,0.578507125377655
YGL058W,YOR195W,0,-0.46442497,0.0001571091852383688,1.0,0.5785980820655823
YGR080W,YDR045C,0,-0.4644838,0.0001570845051901415,1.0,0.5786889791488647
YML081W,YOL135C,0,-0.46469843,0.00015705983969382942,1.0,0.5787798762321472
YJR073C,YIL064W,0,-0.46478254,0.00015703517419751734,1.0,0.5788708329200745
YPL010W,YNL065W,0,-0.464841,0.00015701052325312048,1.0,0.5789617300033569
YGL053W,YER081W,0,-0.46484286,0.00015698587230872363,1.0,0.5790526270866394
YER143W,YLR333C,0,-0.46520305,0.000156961235916242,1.0,0.5791435837745667
YBR130C,YML101C,0,-0.4653525,0.00015693659952376038,1.0,0.5792344808578491
YNL094W,YCL039W,0,-0.46567538,0.00015691197768319398,1.0,0.5793253779411316
YCR045C,YBR153W,0,-0.46570468,0.00015688735584262758,1.0,0.5794163346290588
YDR043C,YGL046W,0,-0.4658106,0.00015686274855397642,1.0,0.5795072317123413
YDR178W,YPR010C,0,-0.46588096,0.00015683814126532525,1.0,0.5795981287956238
YOR087W,YGR057C,0,-0.46605676,0.0001568135485285893,1.0,0.579689085483551
YDR201W,YOR264W,0,-0.4661607,0.00015678895579185337,1.0,0.5797799825668335
YPR180W,YHL021C,0,-0.46627071,0.00015676437760703266,1.0,0.579870879650116
YEL020W-A,YGL238W,0,-0.4662794,0.00015673981397412717,1.0,0.5799618363380432
YDL100C,YGR017W,0,-0.46630603,0.0001567152503412217,1.0,0.5800527334213257
YGR283C,YKL150W,0,-0.4665612,0.0001566906867083162,1.0,0.5801436305046082
YML107C,YDL189W,0,-0.46657178,0.00015666613762732595,1.0,0.5802345871925354
YHL038C,YPL126W,0,-0.46659827,0.00015664160309825093,1.0,0.5803254842758179
YGR217W,YFL018W-A,0,-0.466722,0.0001566170685691759,1.0,0.5804163813591003
YOL132W,YBR146W,0,-0.4667253,0.0001565925485920161,1.0,0.5805073380470276
YHR122W,YJL216C,0,-0.46682394,0.0001565680286148563,1.0,0.5805982351303101
YJL212C,YDL211C,0,-0.466855,0.00015654352318961173,1.0,0.5806891322135925
YGR244C,YLR288C,0,-0.4668784,0.00015651901776436716,1.0,0.5807800889015198
YGL098W,YOL055C,0,-0.46689504,0.00015649452689103782,1.0,0.5808709859848022
YIL069C,YPR169W,0,-0.4671328,0.00015647003601770848,1.0,0.5809618830680847
YLR382C,YLR196W,0,-0.4672144,0.00015644555969629437,1.0,0.581052839756012
YOR119C,YKR095W,0,-0.46731088,0.00015642108337488025,1.0,0.5811437368392944
YNL031C,YMR205C,0,-0.46786276,0.00015639662160538137,1.0,0.5812346339225769
YNL024C,YHL006C,0,-0.46801776,0.00015637215983588248,1.0,0.5813255906105042
YGR024C,YBR086C,0,-0.46804646,0.00015634771261829883,1.0,0.5814164876937866
YJR041C,YDR160W,0,-0.46824855,0.0001563232799526304,1.0,0.5815073847770691
YER109C,YHR111W,0,-0.4682592,0.00015629884728696197,1.0,0.5815983414649963
YDR213W,YOR260W,0,-0.46835726,0.00015627441462129354,1.0,0.5816892385482788
YLR039C,YER108C,0,-0.4685337,0.00015624999650754035,1.0,0.5817801356315613
YOR358W,YBR089C-A,0,-0.46855158,0.00015622559294570237,1.0,0.5818710923194885
YHR122W,YHL006C,0,-0.46856415,0.0001562011893838644,1.0,0.581961989402771
YGR205W,YGL226W,0,-0.4687112,0.00015617678582202643,1.0,0.5820528864860535
YML061C,YDR437W,0,-0.4687633,0.00015615241136401892,1.0,0.5821438431739807
YNL142W,YHR005C,0,-0.46892354,0.00015612802235409617,1.0,0.5822347402572632
YDR175C,YIL069C,0,-0.46919245,0.00015610364789608866,1.0,0.5823256373405457
YDL247W,YML004C,0,-0.46947455,0.00015607928798999637,1.0,0.5824165940284729
YER056C,YOL051W,0,-0.4695206,0.0001560549280839041,1.0,0.5825074911117554
YGL126W,YDR276C,0,-0.46958196,0.00015603058272972703,1.0,0.5825984477996826
YIL022W,YOL132W,0,-0.4696985,0.00015600623737554997,1.0,0.5826893448829651
YMR158W,YPR071W,0,-0.46970597,0.00015598190657328814,1.0,0.5827802419662476
YIL156W,YHL021C,0,-0.46977466,0.0001559575757710263,1.0,0.5828711986541748
YDL139C,YGL111W,0,-0.469797,0.0001559332595206797,1.0,0.5829620957374573
YDR256C,YHR035W,0,-0.46987534,0.0001559089432703331,1.0,0.5830529928207397
YAL048C,YGL246C,0,-0.47001043,0.00015588464157190174,1.0,0.583143949508667
YHL038C,YDR384C,0,-0.47019678,0.0001558603544253856,1.0,0.5832348465919495
YDL081C,YOL052C-A,0,-0.47022122,0.00015583606727886945,1.0,0.5833257436752319
YBR114W,YLR196W,0,-0.47026247,0.0001558117801323533,1.0,0.5834167003631592
YLR239C,YDL243C,0,-0.47034472,0.0001557875075377524,1.0,0.5835075974464417
YOR129C,YER081W,0,-0.47049195,0.00015576323494315147,1.0,0.5835984945297241
YKR096W,YCL064C,0,-0.47066277,0.0001557389769004658,1.0,0.5836894512176514
YIL096C,YPL193W,0,-0.47090042,0.00015571473340969533,1.0,0.5837803483009338
YNR055C,YIL062C,0,-0.47103006,0.00015569048991892487,1.0,0.5838712453842163
YNL294C,YOR212W,0,-0.47112525,0.0001556662464281544,1.0,0.5839622020721436
YOR227W,YMR183C,0,-0.47131792,0.00015564201748929918,1.0,0.584053099155426
YLR118C,YDR200C,0,-0.4713993,0.00015561780310235918,1.0,0.5841439962387085
YHL007C,YGR040W,0,-0.47151208,0.00015559358871541917,1.0,0.5842349529266357
YOL069W,YGL070C,0,-0.47159338,0.0001555693888803944,1.0,0.5843258500099182
YDR175C,YIL096C,0,-0.47176003,0.00015554518904536963,1.0,0.5844167470932007
YNR048W,YLR115W,0,-0.4717925,0.00015552098921034485,1.0,0.5845077037811279
YPR008W,YGR266W,0,-0.4717984,0.00015549681847915053,1.0,0.5845986008644104
YDR309C,YER143W,0,-0.47195548,0.000155472633196041,1.0,0.5846894979476929
YDL012C,YPL021W,0,-0.4726869,0.00015544846246484667,1.0,0.5847804546356201
YDL175C,YLL014W,0,-0.47284514,0.00015542430628556758,1.0,0.5848713517189026
YEL048C,YJR049C,0,-0.4729303,0.0001554001501062885,1.0,0.5849622488021851
YPR008W,YER081W,0,-0.4730056,0.00015537600847892463,1.0,0.5850532054901123
YLR409C,YEL027W,0,-0.4730866,0.00015535186685156077,1.0,0.5851441025733948
YNL020C,YNL065W,0,-0.47313237,0.00015532773977611214,1.0,0.5852349996566772
YMR234W,YML055W,0,-0.47340292,0.0001553036127006635,1.0,0.5853259563446045
YBR301W,YDL102W,0,-0.47359437,0.0001552795001771301,1.0,0.585416853427887
YGR193C,YBL008W,0,-0.4740216,0.00015525540220551193,1.0,0.5855077505111694
YOR172W,YEL027W,0,-0.47405493,0.00015523128968197852,1.0,0.5855987071990967
YDR471W,YBR091C,0,-0.47407222,0.00015520720626227558,1.0,0.5856896042823792
YOR358W,YHR037W,0,-0.47437617,0.00015518312284257263,1.0,0.5857805013656616
YAL030W,YDR273W,0,-0.47445643,0.00015515903942286968,1.0,0.5858714580535889
YGL028C,YHL021C,0,-0.4744668,0.00015513497055508196,1.0,0.5859623551368713
YDR103W,YMR116C,0,-0.4744802,0.00015511090168729424,1.0,0.5860532522201538
YPL141C,YDR129C,0,-0.47464573,0.00015508684737142175,1.0,0.586144208908081
YBR090C-A,YDR406W,0,-0.47480357,0.0001550628076074645,1.0,0.5862351059913635
YDL072C,YKL149C,0,-0.47502953,0.000155038753291592,1.0,0.586326003074646
YML045W,YNL216W,0,-0.47506326,0.00015501472807954997,1.0,0.5864169597625732
YKL048C,YKL039W,0,-0.4752162,0.00015499070286750793,1.0,0.5865078568458557
YDR213W,YMR101C,0,-0.47522745,0.0001549666776554659,1.0,0.5865987539291382
YDL105W,YBR100W,0,-0.47539586,0.0001549426669953391,1.0,0.5866897106170654
YLR194C,YKL051W,0,-0.47586095,0.00015491867088712752,1.0,0.5867806077003479
YKL026C,YML096W,0,-0.47603452,0.00015489467477891594,1.0,0.5868715047836304
YGR078C,YHL031C,0,-0.47627705,0.00015487067867070436,1.0,0.5869624614715576
YBR208C,YGR094W,0,-0.47640303,0.00015484669711440802,1.0,0.5870533585548401
YJL012C,YCL068C,0,-0.4764317,0.0001548227301100269,1.0,0.5871443152427673
YDR392W,YHR111W,0,-0.47653085,0.00015479876310564578,1.0,0.5872352123260498
YDR377W,YMR220W,0,-0.47660765,0.00015477479610126466,1.0,0.5873261094093323
YHL028W,YDR395W,0,-0.47674808,0.000154750858200714,1.0,0.5874170660972595
YNL317W,YKL002W,0,-0.4767871,0.0001547269057482481,1.0,0.587507963180542
YDL113C,YDR257C,0,-0.47684067,0.00015470296784769744,1.0,0.5875988602638245
YER176W,YER015W,0,-0.4768624,0.000154679044499062,1.0,0.5876898169517517
YPR003C,YDR007W,0,-0.47716892,0.00015465512115042657,1.0,0.5877807140350342
YDR129C,YDL046W,0,-0.47734708,0.00015463119780179113,1.0,0.5878716111183167
YDR435C,YPL235W,0,-0.47744524,0.00015460730355698615,1.0,0.5879625678062439
YER149C,YNL038W,0,-0.47795564,0.00015458339476026595,1.0,0.5880534648895264
YNR048W,YDR007W,0,-0.47796074,0.00015455950051546097,1.0,0.5881443619728088
YBR189W,YER123W,0,-0.4786194,0.00015453562082257122,1.0,0.5882353186607361
YOR177C,YJL162C,0,-0.47863114,0.00015451174112968147,1.0,0.5883262157440186
YGL028C,YDR150W,0,-0.47887665,0.00015448787598870695,1.0,0.588417112827301
YNL137C,YPR037C,0,-0.47889942,0.00015446401084773242,1.0,0.5885080695152283
YBR268W,YMR262W,0,-0.47894663,0.00015444016025867313,1.0,0.5885989665985107
YLR229C,YMR116C,0,-0.4789635,0.00015441630966961384,1.0,0.5886898636817932
YCL012W,YER167W,0,-0.478993,0.00015439245908055454,1.0,0.5887808203697205
YLR362W,YMR116C,0,-0.47914183,0.0001543686375953257,1.0,0.5888717174530029
YOR087W,YHR096C,0,-0.4791486,0.00015434480155818164,1.0,0.5889626145362854
YLR067C,YNL066W,0,-0.4791646,0.00015432099462486804,1.0,0.5890535712242126
YNL036W,YBR094W,0,-0.4791767,0.0001542971731396392,1.0,0.5891444683074951
YIL013C,YPR008W,0,-0.4793008,0.0001542733662063256,1.0,0.5892353653907776
YLR361C,YFR014C,0,-0.47952974,0.0001542495738249272,1.0,0.5893263220787048
YDR430C,YHR170W,0,-0.47962266,0.00015422578144352883,1.0,0.5894172191619873
YER108C,YGL121C,0,-0.4796716,0.00015420200361404568,1.0,0.5895081162452698
YDR434W,YDR268W,0,-0.48000804,0.00015417822578456253,1.0,0.589599072933197
YPR143W,YKL196C,0,-0.48027232,0.0001541544625069946,1.0,0.5896899700164795
YIL005W,YPL233W,0,-0.4803466,0.00015413069922942668,1.0,0.589780867099762
YIL008W,YDR103W,0,-0.4804433,0.000154106950503774,1.0,0.5898718237876892
YDR256C,YPR148C,0,-0.48044586,0.0001540832017781213,1.0,0.5899627208709717
YDL235C,YJL012C,0,-0.48059657,0.00015405946760438383,1.0,0.5900536179542542
YDR399W,YNL287W,0,-0.48060346,0.00015403573343064636,1.0,0.5901445746421814
YBL100W-B,YDR098C-B,0,-0.48074943,0.00015401201380882412,1.0,0.5902354717254639
YLR417W,YHR014W,0,-0.48094624,0.00015398829418700188,1.0,0.5903263688087463
YOR258W,YOL059W,0,-0.48103455,0.00015396458911709487,1.0,0.5904173254966736
YHR113W,YMR040W,0,-0.48104692,0.00015394088404718786,1.0,0.590508222579956
YDR107C,YAL056W,0,-0.4811551,0.00015391719352919608,1.0,0.5905991196632385
YMR313C,YLR323C,0,-0.48124373,0.0001538935030112043,1.0,0.5906900763511658
YHR165C,YDR395W,0,-0.48131594,0.00015386982704512775,1.0,0.5907809734344482
YIL022W,YML086C,0,-0.481365,0.0001538461510790512,1.0,0.5908718705177307
YLR417W,YDL046W,0,-0.48138404,0.00015382248966488987,1.0,0.590962827205658
YER176W,YDL145C,0,-0.4813999,0.00015379882825072855,1.0,0.5910537242889404
YNL286W,YLR075W,0,-0.48164773,0.00015377518138848245,1.0,0.5911446213722229
YPR007C,YBR131W,0,-0.4816885,0.00015375153452623636,1.0,0.5912355780601501
YDL098C,YGR142W,0,-0.48192877,0.0001537279022159055,1.0,0.5913264751434326
YLR229C,YER113C,0,-0.48197693,0.00015370426990557462,1.0,0.5914173722267151
YDL220C,YDR227W,0,-0.48202538,0.00015368065214715898,1.0,0.5915083289146423
YOR193W,YOR341W,0,-0.48210686,0.00015365703438874334,1.0,0.5915992259979248
YHR096C,YDL076C,0,-0.4821172,0.00015363343118224293,1.0,0.591690182685852
YBR078W,YDL119C,0,-0.48217005,0.00015360982797574252,1.0,0.5917810797691345
YFR040W,YDR365C,0,-0.4825766,0.00015358623932115734,1.0,0.591871976852417
YJL096W,YOL009C,0,-0.48268425,0.00015356265066657215,1.0,0.5919629335403442
YCR045C,YNL246W,0,-0.4827882,0.0001535390765639022,1.0,0.5920538306236267
YLR023C,YBR045C,0,-0.48307392,0.00015351550246123224,1.0,0.5921447277069092
YEL044W,YDR301W,0,-0.4830761,0.00015349194291047752,1.0,0.5922356843948364
YNL288W,YBR191W,0,-0.48335,0.0001534683833597228,1.0,0.5923265814781189
YNL054W,YBR212W,0,-0.48346826,0.0001534448383608833,1.0,0.5924174785614014
YBL031W,YLR189C,0,-0.48359922,0.0001534212933620438,1.0,0.5925084352493286
YHR122W,YHR139C,0,-0.4836517,0.00015339776291511953,1.0,0.5925993323326111
YNL233W,YDR039C,0,-0.48369902,0.00015337423246819526,1.0,0.5926902294158936
YGL104C,YHR035W,0,-0.48383585,0.00015335071657318622,1.0,0.5927811861038208
YER093C,YPL193W,0,-0.48401326,0.00015332720067817718,1.0,0.5928720831871033
YIL056W,YPL126W,0,-0.4840231,0.00015330369933508337,1.0,0.5929629802703857
YDR301W,YLR263W,0,-0.48415267,0.00015328019799198955,1.0,0.593053936958313
YPR161C,YBR131W,0,-0.48416317,0.00015325671120081097,1.0,0.5931448340415955
YDR377W,YDL012C,0,-0.48417908,0.00015323322440963238,1.0,0.5932357311248779
YNL156C,YKL077W,0,-0.48482406,0.0001532097376184538,1.0,0.5933266878128052
YOR080W,YDL159W,0,-0.48501968,0.00015318627993110567,1.0,0.5934175848960876
YBR046C,YGR170W,0,-0.48528153,0.00015316280769184232,1.0,0.5935084819793701
YDL072C,YKR099W,0,-0.48530328,0.0001531393500044942,1.0,0.5935994386672974
YLR131C,YNL029C,0,-0.48568892,0.0001531159068690613,1.0,0.5936903357505798
YDR212W,YEL018W,0,-0.48572984,0.0001530924637336284,1.0,0.5937812328338623
YIL013C,YKL048C,0,-0.48578525,0.00015306903515011072,1.0,0.5938721895217896
YFL056C,YMR048W,0,-0.48581505,0.00015304560656659305,1.0,0.593963086605072
YHR011W,YHR084W,0,-0.4858334,0.0001530221925349906,1.0,0.5940539836883545
YLR382C,YDL031W,0,-0.4858386,0.00015299877850338817,1.0,0.5941449403762817
YIL098C,YPL115C,0,-0.48600152,0.00015297536447178572,1.0,0.5942358374595642
YPR046W,YDL149W,0,-0.4860121,0.00015295197954401374,1.0,0.5943267345428467
YLR239C,YOL122C,0,-0.48601425,0.00015292858006432652,1.0,0.5944176912307739
YKR088C,YPL253C,0,-0.48605555,0.00015290519513655454,1.0,0.5945085883140564
YDR009W,YPL178W,0,-0.48606724,0.00015288182476069778,1.0,0.5945994853973389
YOR127W,YNL197C,0,-0.48608303,0.00015285845438484102,1.0,0.5946904420852661
YBR211C,YLR193C,0,-0.48632115,0.00015283508400898427,1.0,0.5947813391685486
YBL031W,YBR045C,0,-0.48641396,0.00015281174273695797,1.0,0.594872236251831
YPL137C,YNL180C,0,-0.48644358,0.00015278838691301644,1.0,0.5949631929397583
YNL167C,YER143W,0,-0.48651344,0.00015276504564099014,1.0,0.5950540900230408
YMR316W,YHR111W,0,-0.48655403,0.00015274171892087907,1.0,0.5951449871063232
YEL039C,YIL137C,0,-0.48689854,0.000152718392200768,1.0,0.5952359437942505
YER179W,YEL039C,0,-0.48729435,0.00015269506548065692,1.0,0.595326840877533
YPR106W,YKR052C,0,-0.48746097,0.00015267175331246108,1.0,0.5954177379608154
YNL197C,YNL119W,0,-0.4876096,0.00015264845569618046,1.0,0.5955086946487427
YHR150W,YML076C,0,-0.4876457,0.00015262515807989985,1.0,0.5955995917320251
YBL016W,YJL089W,0,-0.4876783,0.00015260186046361923,1.0,0.5956904888153076
YML013W,YOL135C,0,-0.4878041,0.00015257857739925385,1.0,0.5957814455032349
YNL062C,YOR157C,0,-0.4879263,0.00015255529433488846,1.0,0.5958723425865173
YPL168W,YDR438W,0,-0.48829448,0.0001525320258224383,1.0,0.5959632396697998
YMR226C,YOL116W,0,-0.48848754,0.00015250877186190337,1.0,0.596054196357727
YDR213W,YKR049C,0,-0.4884893,0.00015248551790136844,1.0,0.5961450934410095
YBL051C,YJL069C,0,-0.488492,0.0001524622639408335,1.0,0.5962360501289368
YGR024C,YMR274C,0,-0.48885953,0.0001524390245322138,1.0,0.5963269472122192
YKR099W,YER032W,0,-0.48886958,0.0001524157851235941,1.0,0.5964178442955017
YDR098C,YER044C-A,0,-0.48896718,0.00015239256026688963,1.0,0.596508800983429
YKL138C-A,YMR133W,0,-0.48904967,0.0001523693499621004,1.0,0.5965996980667114
YOR127W,YDL024C,0,-0.48923618,0.0001523461251053959,1.0,0.5966905951499939
YMR116C,YHL007C,0,-0.48943296,0.0001523229293525219,1.0,0.5967815518379211
YGL045W,YHR084W,0,-0.48944905,0.00015229971904773265,1.0,0.5968724489212036
YIL043C,YJL216C,0,-0.48947072,0.00015227653784677386,1.0,0.5969633460044861
YLL016W,YJL058C,0,-0.48987505,0.00015225335664581507,1.0,0.5970543026924133
YDR328C,YIL096C,0,-0.4900118,0.00015223017544485629,1.0,0.5971451997756958
YOL132W,YOR258W,0,-0.4902472,0.00015220700879581273,1.0,0.5972360968589783
YLR017W,YBL091C,0,-0.4903874,0.00015218384214676917,1.0,0.5973270535469055
YCR024C,YML096W,0,-0.4904677,0.0001521606754977256,1.0,0.597417950630188
YOR380W,YLR263W,0,-0.49059668,0.0001521375379525125,1.0,0.5975088477134705
YGR205W,YCR065W,0,-0.49060667,0.00015211438585538417,1.0,0.5975998044013977
YDR145W,YDR471W,0,-0.490779,0.00015209124831017107,1.0,0.5976907014846802
YLR185W,YGR205W,0,-0.49081331,0.0001520681253168732,1.0,0.5977815985679626
YER028C,YLR382C,0,-0.49081826,0.00015204500232357532,1.0,0.5978725552558899
YPR007C,YLR092W,0,-0.49081945,0.00015202189388219267,1.0,0.5979634523391724
YNL328C,YIL156W,0,-0.49082235,0.00015199878544081002,1.0,0.5980543494224548
YOR119C,YDR422C,0,-0.49087673,0.00015197567699942738,1.0,0.5981453061103821
YHL011C,YKL132C,0,-0.49094248,0.0001519525976618752,1.0,0.5982362031936646
YAL015C,YOR086C,0,-0.4909803,0.00015192950377240777,1.0,0.598327100276947
YMR242C,YLR060W,0,-0.49100056,0.00015190642443485558,1.0,0.5984180569648743
YLL031C,YCL064C,0,-0.49111968,0.00015188335964921862,1.0,0.5985089540481567
YOR027W,YGR044C,0,-0.49112302,0.00015186029486358166,1.0,0.5985998511314392
YGR212W,YGR097W,0,-0.49181765,0.0001518372300779447,1.0,0.5986908078193665
YNL054W,YAL030W,0,-0.49187952,0.00015181417984422296,1.0,0.5987817049026489
YBR191W,YHL021C,0,-0.4919296,0.00015179112961050123,1.0,0.5988726019859314
YPR071W,YPR180W,0,-0.49196965,0.00015176809392869473,1.0,0.5989635586738586
YHL011C,YDR259C,0,-0.49249658,0.00015174507279880345,1.0,0.5990544557571411
YCR016W,YCR035C,0,-0.49291676,0.00015172205166891217,1.0,0.5991453528404236
YPR175W,YKR007W,0,-0.49294832,0.0001516990305390209,1.0,0.5992363095283508
YGL092W,YLR323C,0,-0.49298525,0.00015167602396104485,1.0,0.5993272066116333
YDR309C,YHL050C,0,-0.49298614,0.0001516530173830688,1.0,0.5994181036949158
YPL262W,YPR095C,0,-0.49307513,0.00015163002535700798,1.0,0.599509060382843
YGR170W,YLR092W,0,-0.49332058,0.00015160703333094716,1.0,0.5995999574661255
YOR192C,YER123W,0,-0.4933376,0.00015158405585680157,1.0,0.599690854549408
YGR204W,YFL018W-A,0,-0.49339134,0.00015156107838265598,1.0,0.5997818112373352
YNL294C,YGL058W,0,-0.49345198,0.00015153811546042562,1.0,0.5998727083206177
YDL220C,YGL240W,0,-0.49357998,0.00015151515253819525,1.0,0.5999636054039001
YLR284C,YPR008W,0,-0.49361783,0.00015149220416788012,1.0,0.6000545620918274
YAL048C,YKL069W,0,-0.49368155,0.00015146925579756498,1.0,0.6001454591751099
YDL106C,YOR086C,0,-0.49379396,0.00015144630742724985,1.0,0.6002363562583923
YHR011W,YPL049C,0,-0.49393076,0.00015142337360884994,1.0,0.6003273129463196
YLR193C,YBR090C-A,0,-0.49406788,0.00015140045434236526,1.0,0.600418210029602
YGL092W,YDR005C,0,-0.49417832,0.0001513775350758806,1.0,0.6005091667175293
YHR111W,YHL007C,0,-0.4942365,0.00015135463036131114,1.0,0.6006000638008118
YOL132W,YOL061W,0,-0.49423882,0.0001513317256467417,1.0,0.6006909608840942
YIL147C,YNL024C,0,-0.49428236,0.00015130882093217224,1.0,0.6007819175720215
YNR038W,YOR103C,0,-0.4943837,0.00015128593076951802,1.0,0.600872814655304
YML055W,YBL047C,0,-0.49461272,0.0001512630406068638,1.0,0.6009637117385864
YOL122C,YGL243W,0,-0.49532136,0.0001512401649961248,1.0,0.6010546684265137
YGL025C,YNR048W,0,-0.495355,0.00015121730393730104,1.0,0.6011455655097961
YHR148W,YOR113W,0,-0.49561176,0.00015119444287847728,1.0,0.6012364625930786
YER033C,YEL048C,0,-0.4956563,0.0001511715818196535,1.0,0.6013274192810059
YBR130C,YDL160C,0,-0.4957955,0.00015114873531274498,1.0,0.6014183163642883
YNL294C,YNR030W,0,-0.49585485,0.00015112588880583644,1.0,0.6015092134475708
YER113C,YDR379W,0,-0.495932,0.00015110305685084313,1.0,0.601600170135498
YGR142W,YGR044C,0,-0.4959837,0.00015108022489584982,1.0,0.6016910672187805
YML133C,YDR517W,0,-0.4960092,0.00015105740749277174,1.0,0.601781964302063
YGL063W,YGL093W,0,-0.4962941,0.00015103459008969367,1.0,0.6018729209899902
YPL262W,YNL062C,0,-0.496329,0.00015101177268661559,1.0,0.6019638180732727
YCR065W,YLR067C,0,-0.49633306,0.00015098898438736796,1.0,0.6020547151565552
YDL240W,YOR260W,0,-0.49653924,0.0001509661815362051,1.0,0.6021456718444824
YDR350C,YHR193C,0,-0.4965425,0.0001509433932369575,1.0,0.6022365689277649
YDL235C,YNR053C,0,-0.49669206,0.0001509206194896251,1.0,0.6023274660110474
YKR088C,YLR054C,0,-0.49670476,0.0001508978457422927,1.0,0.6024184226989746
YLR061W,YBR049C,0,-0.49701142,0.0001508750719949603,1.0,0.6025093197822571
YPL120W,YNL066W,0,-0.49719933,0.00015085231279954314,1.0,0.6026002168655396
YBR086C,YNR038W,0,-0.49721774,0.0001508295681560412,1.0,0.6026911735534668
YFR027W,YCL005W-A,0,-0.4972786,0.00015080682351253927,1.0,0.6027820706367493
YDL105W,YNL023C,0,-0.4974553,0.00015078407886903733,1.0,0.6028729677200317
YPL169C,YKR064W,0,-0.49767023,0.00015076134877745062,1.0,0.602963924407959
YHR169W,YJL058C,0,-0.49798104,0.0001507386186858639,1.0,0.6030548214912415
YFL035C-B,YPL178W,0,-0.49801654,0.00015071590314619243,1.0,0.6031457185745239
YHR185C,YFL018W-A,0,-0.49801815,0.00015069318760652095,1.0,0.6032366752624512
YHR204W,YIL153W,0,-0.4980545,0.0001506704866187647,1.0,0.6033275723457336
YCL044C,YLR058C,0,-0.49827504,0.00015064778563100845,1.0,0.6034184694290161
YPL140C,YNL048W,0,-0.49828845,0.00015062509919516742,1.0,0.6035094261169434
YPR095C,YDR078C,0,-0.49833614,0.0001506024127593264,1.0,0.6036003232002258
YPL207W,YAL056W,0,-0.4985615,0.00015057972632348537,1.0,0.6036912202835083
YER108C,YPL049C,0,-0.49857193,0.00015055705443955958,1.0,0.6037821769714355
YHR157W,YHL006C,0,-0.4986663,0.000150534397107549,1.0,0.603873074054718
YMR040W,YHR005C,0,-0.49898577,0.00015051173977553844,1.0,0.6039639711380005
YLR315W,YKL129C,0,-0.49909195,0.00015048908244352788,1.0,0.6040549278259277
YML133C,YPL126W,0,-0.4993376,0.00015046643966343254,1.0,0.6041458249092102
YER109C,YMR116C,0,-0.49943033,0.00015044381143525243,1.0,0.6042367219924927
YPR003C,YKL051W,0,-0.49959803,0.00015042118320707232,1.0,0.6043276786804199
YER109C,YNL176C,0,-0.49965727,0.0001503985549788922,1.0,0.6044185757637024
YHR202W,YLR093C,0,-0.49974602,0.00015037594130262733,1.0,0.6045094728469849
YER179W,YNL288W,0,-0.49984926,0.00015035332762636244,1.0,0.6046004295349121
YAL056W,YBR295W,0,-0.49996382,0.0001503307285020128,1.0,0.6046913266181946
YIR004W,YNR071C,0,-0.50011486,0.00015030812937766314,1.0,0.604782223701477
YBL100W-B,YPR133C,0,-0.50025946,0.0001502855448052287,1.0,0.6048731803894043
YHR204W,YBL100W-B,0,-0.50038064,0.00015026296023279428,1.0,0.6049640774726868
YDR500C,YJR049C,0,-0.5004104,0.0001502403902122751,1.0,0.605055034160614
YJR027W,YNL111C,0,-0.5005579,0.0001502178201917559,1.0,0.6051459312438965
YMR275C,YGL107C,0,-0.50091374,0.0001501952501712367,1.0,0.605236828327179
YIL014W,YHR197W,0,-0.50105184,0.00015017269470263273,1.0,0.6053277850151062
YDL189W,YLR413W,0,-0.501058,0.00015015015378594398,1.0,0.6054186820983887
YLL066C,YHR080C,0,-0.5012241,0.00015012761286925524,1.0,0.6055095791816711
YHR110W,YKL132C,0,-0.5015961,0.0001501050719525665,1.0,0.6056005358695984
YIL153W,YKL005C,0,-0.5018462,0.000150082545587793,1.0,0.6056914329528809
YBR083W,YIR019C,0,-0.5018754,0.00015006001922301948,1.0,0.6057823300361633
YPL001W,YPR155C,0,-0.5021697,0.0001500375074101612,1.0,0.6058732867240906
YDR243C,YDR437W,0,-0.50226414,0.00015001499559730291,1.0,0.605964183807373
YOL055C,YKR031C,0,-0.5025791,0.00014999249833635986,1.0,0.6060550808906555
YBL016W,YGL121C,0,-0.5028641,0.0001499700010754168,1.0,0.6061460375785828
YBR114W,YDR019C,0,-0.50298035,0.00014994751836638898,1.0,0.6062369346618652
YPR173C,YDR111C,0,-0.5030254,0.00014992503565736115,1.0,0.6063278317451477
YGL093W,YNL024C,0,-0.50321823,0.00014990256750024855,1.0,0.606418788433075
YGR082W,YNL156C,0,-0.50325835,0.00014988009934313595,1.0,0.6065096855163574
YHL017W,YBL051C,0,-0.5035716,0.00014985763118602335,1.0,0.6066005825996399
YPR175W,YMR158W,0,-0.5035981,0.00014983517758082598,1.0,0.6066915392875671
YHL017W,YOR027W,0,-0.50361454,0.00014981273852754384,1.0,0.6067824363708496
YGL126W,YOL121C,0,-0.5037409,0.0001497902994742617,1.0,0.6068733334541321
YDR227W,YNR071C,0,-0.5041102,0.00014976786042097956,1.0,0.6069642901420593
YBR015C,YHR138C,0,-0.50415146,0.00014974543591961265,1.0,0.6070551872253418
YMR215W,YPL061W,0,-0.50418806,0.00014972301141824573,1.0,0.6071460843086243
YBR091C,YLR001C,0,-0.504206,0.00014970060146879405,1.0,0.6072370409965515
YML101C,YMR133W,0,-0.50424504,0.00014967819151934236,1.0,0.607327938079834
YNL051W,YHR020W,0,-0.5044162,0.0001496557961218059,1.0,0.6074188351631165
YNL045W,YDR150W,0,-0.50445694,0.00014963340072426945,1.0,0.6075097918510437
YEL048C,YKR083C,0,-0.5047468,0.000149611005326733,1.0,0.6076006889343262
YCL029C,YGR205W,0,-0.5048121,0.00014958862448111176,1.0,0.6076915860176086
YDR092W,YLR007W,0,-0.50483096,0.00014956625818740577,1.0,0.6077825427055359
YJL089W,YDR477W,0,-0.5050274,0.00014954389189369977,1.0,0.6078734397888184
YOL042W,YOR109W,0,-0.5054399,0.00014952152559999377,1.0,0.6079643368721008
YJL167W,YFL026W,0,-0.5054642,0.000149499173858203,1.0,0.6080552935600281
YKL149C,YMR149W,0,-0.5056456,0.00014947683666832745,1.0,0.6081461906433105
YBL080C,YHR024C,0,-0.505709,0.00014945448492653668,1.0,0.608237087726593
YIL153W,YLR061W,0,-0.5057311,0.00014943216228857636,1.0,0.6083280444145203
YNL054W,YHR073W,0,-0.5060395,0.00014940982509870082,1.0,0.6084189414978027
YDR490C,YLR247C,0,-0.5062115,0.00014938751701265574,1.0,0.6085098385810852
YNL318C,YER159C,0,-0.5063452,0.00014936519437469542,1.0,0.6086007952690125
YNL221C,YKL197C,0,-0.50656366,0.00014934288628865033,1.0,0.6086916923522949
YLR432W,YBR112C,0,-0.50671995,0.00014932059275452048,1.0,0.6087825894355774
YGL073W,YOR380W,0,-0.50681996,0.00014929829922039062,1.0,0.6088735461235046
YPL203W,YER027C,0,-0.50685793,0.00014927600568626076,1.0,0.6089644432067871
YJL173C,YGL231C,0,-0.5070559,0.00014925372670404613,1.0,0.6090553402900696
YLL018C-A,YHR150W,0,-0.5070747,0.00014923146227374673,1.0,0.6091462969779968
YOR330C,YDR135C,0,-0.5071396,0.00014920919784344733,1.0,0.6092371940612793
YOR250C,YKL063C,0,-0.50727034,0.00014918693341314793,1.0,0.6093280911445618
YOR192C,YGR283C,0,-0.5073713,0.00014916468353476375,1.0,0.609419047832489
YKL032C,YLR460C,0,-0.50738263,0.00014914243365637958,1.0,0.6095099449157715
YLL016W,YHL003C,0,-0.5075437,0.0001491201837779954,1.0,0.6096009016036987
YER142C,YLR215C,0,-0.50765526,0.0001490979630034417,1.0,0.6096917986869812
YDR098C,YNL194C,0,-0.50788665,0.00014907572767697275,1.0,0.6097826957702637
YDR129C,YDR040C,0,-0.5080873,0.00014905350690241903,1.0,0.6098736524581909
YOR335C,YGL049C,0,-0.5084393,0.00014903130067978054,1.0,0.6099645495414734
YPR114W,YPL117C,0,-0.5085233,0.00014900909445714206,1.0,0.6100554466247559
YLR315W,YPL049C,0,-0.5085741,0.00014898688823450357,1.0,0.6101464033126831
YOR264W,YJL021C,0,-0.50861174,0.0001489646965637803,1.0,0.6102373003959656
YGR202C,YEL039C,0,-0.5086996,0.00014894250489305705,1.0,0.610328197479248
YLR131C,YGR097W,0,-0.5087276,0.00014892032777424902,1.0,0.6104191541671753
YPR097W,YDR257C,0,-0.5087328,0.00014889815065544099,1.0,0.6105100512504578
YHR204W,YLR377C,0,-0.508736,0.00014887598808854818,1.0,0.6106009483337402
YLR215C,YAL026C,0,-0.5088712,0.00014885382552165538,1.0,0.6106919050216675
YLR234W,YMR015C,0,-0.50894254,0.0001488316775066778,1.0,0.61078280210495
YNL199C,YPR199C,0,-0.50900245,0.00014880952949170023,1.0,0.6108736991882324
YHR210C,YMR040W,0,-0.5090054,0.00014878738147672266,1.0,0.6109646558761597
YDL235C,YOR359W,0,-0.50903004,0.0001487652480136603,1.0,0.6110555529594421
YKL141W,YER178W,0,-0.5090498,0.00014874311455059797,1.0,0.6111464500427246
YBL016W,YIL008W,0,-0.509503,0.00014872099563945085,1.0,0.6112374067306519
YPR037C,YDR365C,0,-0.50956404,0.00014869889128021896,1.0,0.6113283038139343
YNL137C,YMR242C,0,-0.5096916,0.00014867677236907184,1.0,0.6114192008972168
YGL045W,YGR040W,0,-0.50986046,0.00014865466800983995,1.0,0.611510157585144
YDL035C,YMR116C,0,-0.5099968,0.0001486325782025233,1.0,0.6116010546684265
YEL019C,YGR178C,0,-0.51005346,0.00014861048839520663,1.0,0.611691951751709
YAL011W,YHR033W,0,-0.5103733,0.0001485884131398052,1.0,0.6117829084396362
YLR115W,YMR183C,0,-0.5104354,0.00014856633788440377,1.0,0.6118738055229187
YML101C,YHR210C,0,-0.51044375,0.00014854426262900233,1.0,0.6119647026062012
YOR087W,YDL087C,0,-0.51067966,0.00014852220192551613,1.0,0.6120556592941284
YKL069W,YOR034C,0,-0.5107113,0.00014850015577394515,1.0,0.6121465563774109
YEL018W,YAL007C,0,-0.5110768,0.00014847809507045895,1.0,0.6122374534606934
YDR204W,YIL144W,0,-0.5112324,0.0001484560634708032,1.0,0.6123284101486206
YJL110C,YIL011W,0,-0.5113001,0.00014843401731923223,1.0,0.6124193072319031
YDR190C,YFL018W-A,0,-0.511309,0.00014841198571957648,1.0,0.6125102043151855
YKR007W,YJR046W,0,-0.51141727,0.00014838996867183596,1.0,0.6126011610031128
YDL223C,YLL057C,0,-0.51150966,0.00014836795162409544,1.0,0.6126920580863953
YLR288C,YFR030W,0,-0.5115775,0.00014834594912827015,1.0,0.6127829551696777
YHR122W,YDL076C,0,-0.5116244,0.00014832394663244486,1.0,0.612873911857605
YDR289C,YDR040C,0,-0.5121987,0.00014830194413661957,1.0,0.6129648089408875
YDR528W,YPL056C,0,-0.5122446,0.0001482799561927095,1.0,0.6130557060241699
YBR233W-A,YGL116W,0,-0.5125641,0.00014825796824879944,1.0,0.6131466627120972
YOR363C,YBR146W,0,-0.5125649,0.0001482359948568046,1.0,0.6132375597953796
YOL096C,YDL154W,0,-0.51271677,0.00014821402146480978,1.0,0.6133284568786621
YIR019C,YDL154W,0,-0.5127721,0.00014819206262473017,1.0,0.6134194135665894
YMR243C,YPR120C,0,-0.51285523,0.00014817010378465056,1.0,0.6135103106498718
YLR248W,YOR335C,0,-0.51301956,0.00014814814494457096,1.0,0.6136012077331543
YDR323C,YJR035W,0,-0.5131295,0.00014812620065640658,1.0,0.6136921644210815
YER108C,YNL197C,0,-0.5132805,0.00014810427092015743,1.0,0.613783061504364
YJL168C,YMR156C,0,-0.51344615,0.00014808232663199306,1.0,0.6138740181922913
YJR049C,YDR303C,0,-0.51386625,0.00014806041144765913,1.0,0.6139649152755737
YDR189W,YKL080W,0,-0.51390415,0.00014803849626332521,1.0,0.6140558123588562
YJR042W,YDR434W,0,-0.5143944,0.0001480165810789913,1.0,0.6141467690467834
YPL001W,YDL102W,0,-0.51451457,0.00014799466589465737,1.0,0.6142376661300659
YPL138C,YBR191W,0,-0.5145536,0.0001479727798141539,1.0,0.6143285632133484
YCR024C,YGL192W,0,-0.5145734,0.00014795087918173522,1.0,0.6144195199012756
YAL048C,YJR052W,0,-0.51459885,0.00014792899310123175,1.0,0.6145104169845581
YML023C,YER063W,0,-0.51460356,0.00014790712157264352,1.0,0.6146013140678406
YLR239C,YHR148W,0,-0.5146794,0.00014788523549214005,1.0,0.6146922707557678
YKR075C,YGL139W,0,-0.5147866,0.00014786337851546705,1.0,0.6147831678390503
YJL162C,YJL045W,0,-0.51489484,0.0001478415069868788,1.0,0.6148740649223328
YDR213W,YGR044C,0,-0.5149604,0.00014781966456212103,1.0,0.61496502161026
YCR086W,YDL123W,0,-0.5154869,0.00014779780758544803,1.0,0.6150559186935425
YDR021W,YOR271C,0,-0.5154929,0.00014777596516069025,1.0,0.615146815776825
YML101C,YOR078W,0,-0.5155232,0.0001477541372878477,1.0,0.6152377724647522
YLR006C,YDR025W,0,-0.51564693,0.00014773230941500515,1.0,0.6153286695480347
YHR088W,YLR466W,0,-0.5157453,0.0001477104815421626,1.0,0.6154195666313171
YML100W,YCR035C,0,-0.5157461,0.00014768866822123528,1.0,0.6155105233192444
YDL106C,YKL063C,0,-0.5158291,0.00014766686945222318,1.0,0.6156014204025269
YIL052C,YEL048C,0,-0.5160301,0.00014764505613129586,1.0,0.6156923174858093
YMR040W,YMR118C,0,-0.51613724,0.000147623271914199,1.0,0.6157832741737366
YBR085W,YHR090C,0,-0.516209,0.0001476014731451869,1.0,0.615874171257019
YOR019W,YOR113W,0,-0.51628065,0.00014757968892809004,1.0,0.6159650683403015
YFL026W,YPR068C,0,-0.5163185,0.0001475579192629084,1.0,0.6160560250282288
YER102W,YHR005C,0,-0.51638174,0.00014753614959772676,1.0,0.6161469221115112
YGL063W,YOR357C,0,-0.5163822,0.00014751437993254513,1.0,0.6162378191947937
YHR096C,YGR253C,0,-0.5164609,0.00014749262481927872,1.0,0.616328775882721
YCL017C,YMR131C,0,-0.5165431,0.0001474708697060123,1.0,0.6164196729660034
YER108C,YDR384C,0,-0.5165558,0.00014744912914466113,1.0,0.6165105700492859
YKL026C,YNL094W,0,-0.51667273,0.00014742738858330995,1.0,0.6166015267372131
YFL049W,YCR038C,0,-0.51667595,0.000147405662573874,1.0,0.6166924238204956
YOR341W,YDL211C,0,-0.51680195,0.00014738393656443805,1.0,0.6167833209037781
YDR189W,YGR204W,0,-0.5168072,0.0001473622105550021,1.0,0.6168742775917053
YHL038C,YNL045W,0,-0.5169655,0.00014734049909748137,1.0,0.6169651746749878
YGL070C,YKL087C,0,-0.51710355,0.00014731880219187587,1.0,0.6170560717582703
YNR071C,YDR105C,0,-0.51734126,0.00014729710528627038,1.0,0.6171470284461975
YLL006W,YNR030W,0,-0.51745254,0.00014727540838066489,1.0,0.61723792552948
YNR030W,YHL006C,0,-0.5175278,0.0001472537114750594,1.0,0.6173288226127625
YOR032C,YMR156C,0,-0.51776564,0.00014723204367328435,1.0,0.6174197793006897
YDR471W,YAL068C,0,-0.5179349,0.00014721036131959409,1.0,0.6175106763839722
YML016C,YBL005W,0,-0.5180297,0.00014718869351781905,1.0,0.6176015734672546
YIL119C,YOL132W,0,-0.5188341,0.00014716704026795924,1.0,0.6176925301551819
YKL058W,YPL233W,0,-0.51913786,0.0001471453724661842,1.0,0.6177834272384644
YDL072C,YDR041W,0,-0.51931596,0.00014712373376823962,1.0,0.6178743243217468
YFR040W,YNL094W,0,-0.5193827,0.00014710209507029504,1.0,0.6179652810096741
YPR071W,YMR177W,0,-0.5196079,0.00014708045637235045,1.0,0.6180561780929565
YNL145W,YDR407C,0,-0.51989394,0.00014705881767440587,1.0,0.618147075176239
YCL017C,YBR085W,0,-0.5202385,0.00014703719352837652,1.0,0.6182380318641663
YIL013C,YOR068C,0,-0.5203397,0.0001470155839342624,1.0,0.6183289289474487
YER033C,YOR136W,0,-0.5203427,0.00014699397434014827,1.0,0.618419885635376
YDR463W,YFL035C-A,0,-0.5204873,0.00014697236474603415,1.0,0.6185107827186584
YBL016W,YGL046W,0,-0.52071255,0.00014695076970383525,1.0,0.6186016798019409
YNL318C,YNL059C,0,-0.5207172,0.00014692917466163635,1.0,0.6186926364898682
YOR080W,YDL024C,0,-0.5208639,0.00014690759417135268,1.0,0.6187835335731506
YIL036W,YPR068C,0,-0.5209689,0.00014688601368106902,1.0,0.6188744306564331
YLR093C,YOR341W,0,-0.52098286,0.00014686444774270058,1.0,0.6189653873443604
YJL089W,YPL115C,0,-0.52104384,0.00014684288180433214,1.0,0.6190562844276428
YDL003W,YLR352W,0,-0.52105224,0.0001468213158659637,1.0,0.6191471815109253
YBR181C,YDR244W,0,-0.5210595,0.00014679976447951049,1.0,0.6192381381988525
YHL038C,YGL171W,0,-0.52108526,0.00014677821309305727,1.0,0.619329035282135
YOR363C,YBL047C,0,-0.5212611,0.0001467566762585193,1.0,0.6194199323654175
YBL087C,YMR041C,0,-0.52151406,0.0001467351394239813,1.0,0.6195108890533447
YDL018C,YNL111C,0,-0.5215487,0.00014671361714135855,1.0,0.6196017861366272
YIR031C,YBR100W,0,-0.5216155,0.0001466920948587358,1.0,0.6196926832199097
YBR130C,YDL175C,0,-0.5218276,0.00014667057257611305,1.0,0.6197836399078369
YOL023W,YER005W,0,-0.5225166,0.00014664906484540552,1.0,0.6198745369911194
YBR049C,YGL085W,0,-0.5228178,0.00014662757166661322,1.0,0.6199654340744019
YFR031C-A,YKL016C,0,-0.5230723,0.0001466060639359057,1.0,0.6200563907623291
YOR191W,YLR315W,0,-0.5231294,0.00014658458530902863,1.0,0.6201472878456116
YPR173C,YDL220C,0,-0.5235337,0.00014656309213023633,1.0,0.620238184928894
YBR043C,YOL144W,0,-0.5238955,0.00014654161350335926,1.0,0.6203291416168213
YOR236W,YGL107C,0,-0.5239432,0.00014652014942839742,1.0,0.6204200387001038
YER062C,YPL225W,0,-0.52399486,0.00014649868535343558,1.0,0.6205109357833862
YNL298W,YHR111W,0,-0.5240828,0.00014647722127847373,1.0,0.6206018924713135
YDR377W,YDR386W,0,-0.5241566,0.00014645577175542712,1.0,0.620692789554596
YFR014C,YOR132W,0,-0.52421457,0.0001464343222323805,1.0,0.6207836866378784
YHR185C,YPR114W,0,-0.52460474,0.00014641288726124913,1.0,0.6208746433258057
YIL137C,YDR246W,0,-0.5246781,0.00014639145229011774,1.0,0.6209655404090881
YMR116C,YGR040W,0,-0.52479035,0.00014637001731898636,1.0,0.6210564374923706
YER005W,YLR328W,0,-0.52489245,0.0001463485968997702,1.0,0.6211473941802979
YDR078C,YFL018W-A,0,-0.52531826,0.00014632719103246927,1.0,0.6212382912635803
YJL057C,YLR409C,0,-0.52566147,0.00014630578516516834,1.0,0.6213291883468628
YML045W,YOR250C,0,-0.52574,0.00014628437929786742,1.0,0.62142014503479
YFR010W,YBR121C,0,-0.5259543,0.00014626298798248172,1.0,0.6215110421180725
YLR249W,YGL194C,0,-0.5260294,0.00014624159666709602,1.0,0.621601939201355
YGR094W,YHR138C,0,-0.52603334,0.00014622020535171032,1.0,0.6216928958892822
YJL089W,YGR266W,0,-0.5262317,0.00014619882858823985,1.0,0.6217837929725647
YLR181C,YLR299W,0,-0.52629316,0.0001461774663766846,1.0,0.6218746900558472
YDL081C,YBR131W,0,-0.5263723,0.00014615608961321414,1.0,0.6219656467437744
YJL054W,YBR054W,0,-0.5266488,0.00014613474195357412,1.0,0.6220565438270569
YER109C,YDL024C,0,-0.52684784,0.00014611337974201888,1.0,0.6221474409103394
YDR212W,YMR050C,0,-0.52692133,0.00014609203208237886,1.0,0.6222383975982666
YBR023C,YDR359C,0,-0.52694273,0.00014607069897465408,1.0,0.6223292946815491
YNL197C,YPL115C,0,-0.52714545,0.0001460493658669293,1.0,0.6224201917648315
YDR227W,YKL043W,0,-0.5272006,0.0001460280327592045,1.0,0.6225111484527588
YPL209C,YJR027W,0,-0.52725,0.00014600671420339495,1.0,0.6226020455360413
YIL014W,YOL029C,0,-0.5274561,0.0001459853956475854,1.0,0.6226929426193237
YPL141C,YDL046W,0,-0.5274936,0.00014596409164369106,1.0,0.622783899307251
YMR041C,YOR158W,0,-0.5278088,0.00014594278763979673,1.0,0.6228747963905334
YML059C,YCR091W,0,-0.5281007,0.00014592149818781763,1.0,0.6229657530784607
YKR095W-A,YBR295W,0,-0.5281036,0.00014590020873583853,1.0,0.6230566501617432
YPR037C,YNR019W,0,-0.5281922,0.00014587891928385943,1.0,0.6231475472450256
YGR004W,YER060W,0,-0.5282218,0.00014585764438379556,1.0,0.6232385039329529
YGR099W,YDL247W,0,-0.5283658,0.0001458363694837317,1.0,0.6233294010162354
YPR034W,YBR023C,0,-0.5284754,0.00014581510913558304,1.0,0.6234202980995178
YKL069W,YMR243C,0,-0.52849835,0.0001457938487874344,1.0,0.6235112547874451
YLR017W,YDL119C,0,-0.52862084,0.00014577258843928576,1.0,0.6236021518707275
YML101C,YGR260W,0,-0.52878916,0.00014575134264305234,1.0,0.62369304895401
YNL298W,YPL115C,0,-0.5290395,0.00014573011139873415,1.0,0.6237840056419373
YPR174C,YGL151W,0,-0.5290423,0.00014570888015441597,1.0,0.6238749027252197
YGR208W,YHL021C,0,-0.5292441,0.00014568764891009778,1.0,0.6239657998085022
YPL133C,YDR087C,0,-0.5294417,0.0001456664176657796,1.0,0.6240567564964294
YGR005C,YLR328W,0,-0.5294605,0.00014564521552529186,1.0,0.6241476535797119
YHR108W,YIL052C,0,-0.52972054,0.0001456239988328889,1.0,0.6242385506629944
YEL019C,YBL063W,0,-0.529758,0.00014560279669240117,1.0,0.6243295073509216
YNL045W,YJL208C,0,-0.52989984,0.00014558159455191344,1.0,0.6244204044342041
YAL002W,YKL129C,0,-0.5300014,0.00014556040696334094,1.0,0.6245113015174866
YGR296W,YBR188C,0,-0.53079796,0.00014553921937476844,1.0,0.6246022582054138
YDR287W,YGL198W,0,-0.5308556,0.00014551804633811116,1.0,0.6246931552886963
YMR274C,YNL023C,0,-0.53125745,0.0001454968733014539,1.0,0.6247840523719788
YAL019W,YHR080C,0,-0.53138345,0.00014547570026479661,1.0,0.624875009059906
YMR072W,YBR023C,0,-0.53143996,0.00014545454178005457,1.0,0.6249659061431885
YOL076W,YPL193W,0,-0.5316628,0.00014543339784722775,1.0,0.625056803226471
YPL140C,YML092C,0,-0.53175116,0.0001454122393624857,1.0,0.6251477599143982
YHR113W,YBL008W,0,-0.53176284,0.0001453910954296589,1.0,0.6252386569976807
YKR088C,YHR138C,0,-0.5320417,0.0001453699660487473,1.0,0.6253295540809631
YMR316W,YDR480W,0,-0.53204644,0.0001453488366678357,1.0,0.6254205107688904
YPL224C,YER149C,0,-0.53219426,0.00014532770728692412,1.0,0.6255114078521729
YOL023W,YLL053C,0,-0.5325375,0.00014530659245792776,1.0,0.6256023049354553
YKL032C,YPL006W,0,-0.53271794,0.00014528549218084663,1.0,0.6256932616233826
YMR215W,YBR208C,0,-0.5327933,0.00014526437735185027,1.0,0.625784158706665
YPR067W,YLR384C,0,-0.53297746,0.00014524327707476914,1.0,0.6258750557899475
YBR233W-A,YCR086W,0,-0.53312683,0.00014522219134960324,1.0,0.6259660124778748
YMR041C,YOR253W,0,-0.5331409,0.00014520110562443733,1.0,0.6260569095611572
YCR016W,YNR033W,0,-0.5331878,0.00014518001989927143,1.0,0.6261478066444397
YCR105W,YKL134C,0,-0.53344554,0.00014515894872602075,1.0,0.6262387633323669
YKR096W,YLR323C,0,-0.533464,0.00014513787755277008,1.0,0.6263296604156494
YDR480W,YDR379W,0,-0.5337876,0.00014511682093143463,1.0,0.6264205574989319
YJL110C,YPL193W,0,-0.53426504,0.00014509576431009918,1.0,0.6265115141868591
YOR016C,YPL097W,0,-0.5344033,0.00014507470768876374,1.0,0.6266024112701416
YHR073W,YDL024C,0,-0.53464556,0.00014505366561934352,1.0,0.6266933083534241
YPL209C,YDL149W,0,-0.5346521,0.00014503263810183853,1.0,0.6267842650413513
YBR066C,YHL007C,0,-0.53474784,0.0001450115960324183,1.0,0.6268751621246338
YGL087C,YLR352W,0,-0.53481007,0.00014499056851491332,1.0,0.6269660592079163
YDL035C,YBR066C,0,-0.5348488,0.00014496955554932356,1.0,0.6270570158958435
YOR009W,YJL168C,0,-0.5348621,0.0001449485425837338,1.0,0.627147912979126
YJL183W,YPL061W,0,-0.5348729,0.00014492752961814404,1.0,0.6272388696670532
YDL113C,YIL118W,0,-0.5351534,0.0001449065312044695,1.0,0.6273297667503357
YBR162W-A,YKL080W,0,-0.5351586,0.0001448855473427102,1.0,0.6274206638336182
YDR308C,YIL033C,0,-0.5351719,0.00014486454892903566,1.0,0.6275116205215454
YFL056C,YJL179W,0,-0.5353576,0.00014484356506727636,1.0,0.6276025176048279
YML023C,YML076C,0,-0.53537107,0.00014482259575743228,1.0,0.6276934146881104
YKL185W,YLR037C,0,-0.53559494,0.0001448016264475882,1.0,0.6277843713760376
YOR189W,YBR023C,0,-0.5356937,0.00014478065713774413,1.0,0.6278752684593201
YDR328C,YPR105C,0,-0.53578585,0.00014475970237981528,1.0,0.6279661655426025
YNL094W,YKR034W,0,-0.53604484,0.00014473874762188643,1.0,0.6280571222305298
YPL126W,YLR001C,0,-0.5360489,0.0001447178074158728,1.0,0.6281480193138123
YIL053W,YJR027W,0,-0.53618574,0.0001446968672098592,1.0,0.6282389163970947
YDR323C,YLR181C,0,-0.5363127,0.00014467592700384557,1.0,0.628329873085022
YBL035C,YGR003W,0,-0.53637886,0.00014465500134974718,1.0,0.6284207701683044
YHR035W,YOR189W,0,-0.53639466,0.0001446340756956488,1.0,0.6285116672515869
YAL015C,YER005W,0,-0.5367025,0.00014461316459346563,1.0,0.6286026239395142
YLR345W,YDR190C,0,-0.5367119,0.00014459225349128246,1.0,0.6286935210227966
YNL194C,YGR245C,0,-0.53673196,0.0001445713423890993,1.0,0.6287844181060791
YLR194C,YNL081C,0,-0.53677505,0.00014455044583883137,1.0,0.6288753747940063
YOL009C,YER093C,0,-0.53705746,0.00014452954928856343,1.0,0.6289662718772888
YOR019W,YJL197W,0,-0.5371723,0.00014450866729021072,1.0,0.6290571689605713
YLR324W,YER005W,0,-0.53724253,0.00014448778529185802,1.0,0.6291481256484985
YNL298W,YDL159W,0,-0.5373014,0.00014446691784542054,1.0,0.629239022731781
YLR432W,YNL176C,0,-0.53733766,0.00014444605039898306,1.0,0.6293299198150635
YML067C,YDR261C,0,-0.5379649,0.00014442518295254558,1.0,0.6294208765029907
YDR160W,YHL050C,0,-0.5380764,0.00014440433005802333,1.0,0.6295117735862732
YKR075C,YNL181W,0,-0.5380982,0.00014438347716350108,1.0,0.6296026706695557
YBR043C,YDR545W,0,-0.53819716,0.00014436263882089406,1.0,0.6296936273574829
YOR380W,YGL006W,0,-0.5383278,0.00014434180047828704,1.0,0.6297845244407654
YLR102C,YJL058C,0,-0.53850675,0.00014432097668759525,1.0,0.6298754215240479
YOR119C,YDR078C,0,-0.5386044,0.00014430013834498823,1.0,0.6299663782119751
YMR261C,YOR101W,0,-0.5386828,0.00014427932910621166,1.0,0.6300572752952576
YHR073W,YIR004W,0,-0.53906,0.00014425850531551987,1.0,0.63014817237854
YPL224C,YAL051W,0,-0.5392649,0.00014423771062865853,1.0,0.6302391290664673
YNL263C,YGR161C,0,-0.53958046,0.00014421690138988197,1.0,0.6303300261497498
YGL098W,YLR333C,0,-0.5396264,0.00014419610670302063,1.0,0.6304209232330322
YHR024C,YKL005C,0,-0.5397459,0.0001441753120161593,1.0,0.6305118799209595
YGL104C,YDR150W,0,-0.5397461,0.0001441545318812132,1.0,0.6306027770042419
YOR357C,YKL032C,0,-0.53976583,0.00014413375174626708,1.0,0.6306936740875244
YER028C,YLR092W,0,-0.5397914,0.0001441129861632362,1.0,0.6307846307754517
YHL028W,YDR515W,0,-0.53985643,0.00014409222058020532,1.0,0.6308755278587341
YJR117W,YGR003W,0,-0.5404095,0.00014407145499717444,1.0,0.6309664249420166
YHR011W,YPL115C,0,-0.54061484,0.0001440507039660588,1.0,0.6310573816299438
YDR276C,YCL064C,0,-0.54061943,0.00014402995293494314,1.0,0.6311482787132263
YPL209C,YNL317W,0,-0.54074883,0.00014400921645574272,1.0,0.6312391757965088
YGL115W,YMR207C,0,-0.54094857,0.0001439884799765423,1.0,0.631330132484436
YLR345W,YER159C,0,-0.5409544,0.0001439677580492571,1.0,0.6314210295677185
YDL247W,YIL173W,0,-0.5413036,0.00014394702157005668,1.0,0.631511926651001
YER113C,YHR084W,0,-0.54148364,0.0001439263141946867,1.0,0.6316028833389282
YDR500C,YDR350C,0,-0.5415514,0.00014390559226740152,1.0,0.6316937804222107
YDR268W,YEL027W,0,-0.54168886,0.00014388488489203155,1.0,0.6317847371101379
YPL168W,YJL216C,0,-0.5417795,0.0001438641920685768,1.0,0.6318756341934204
YHR202W,YJR046W,0,-0.5420357,0.00014384349924512208,1.0,0.6319665312767029
YLR360W,YMR242C,0,-0.54210484,0.00014382280642166734,1.0,0.6320574879646301
YHR073W,YLR362W,0,-0.5421177,0.00014380212815012783,1.0,0.6321483850479126
YLR324W,YBR060C,0,-0.54213935,0.00014378144987858832,1.0,0.6322392821311951
YNL119W,YDR379W,0,-0.5422818,0.00014376078615896404,1.0,0.6323302388191223
YMR286W,YKL141W,0,-0.54236573,0.00014374012243933976,1.0,0.6324211359024048
YBR168W,YKL005C,0,-0.5423745,0.00014371945871971548,1.0,0.6325120329856873
YCL017C,YHR193C,0,-0.542376,0.00014369880955200642,1.0,0.6326029896736145
YNL318C,YCL064C,0,-0.54244846,0.00014367816038429737,1.0,0.632693886756897
YOR334W,YKR089C,0,-0.5425392,0.00014365752576850355,1.0,0.6327847838401794
YML011C,YDL076C,0,-0.5427574,0.00014363689115270972,1.0,0.6328757405281067
YML098W,YGL063W,0,-0.54285645,0.0001436162565369159,1.0,0.6329666376113892
YOL078W,YOR260W,0,-0.5429014,0.0001435956364730373,1.0,0.6330575346946716
YGR235C,YDL098C,0,-0.54293716,0.0001435750164091587,1.0,0.6331484913825989
YHR033W,YNL063W,0,-0.5431726,0.00014355441089719534,1.0,0.6332393884658813
YGL067W,YNL243W,0,-0.54341185,0.00014353380538523197,1.0,0.6333302855491638
YGL121C,YNL298W,0,-0.5440682,0.0001435131998732686,1.0,0.6334212422370911
YOR334W,YHR118C,0,-0.5441561,0.00014349260891322047,1.0,0.6335121393203735
YML102W,YNL164C,0,-0.5444322,0.00014347201795317233,1.0,0.633603036403656
YOR236W,YDL139C,0,-0.54445195,0.00014345144154503942,1.0,0.6336939930915833
YDL035C,YER109C,0,-0.5446301,0.0001434308651369065,1.0,0.6337848901748657
YPR114W,YER060W-A,0,-0.5446621,0.00014341030328068882,1.0,0.6338757872581482
YHL017W,YIL014W,0,-0.5446636,0.0001433897268725559,1.0,0.6339667439460754
YNL197C,YDR480W,0,-0.54468155,0.00014336917956825346,1.0,0.6340576410293579
YDR463W,YLR259C,0,-0.54474354,0.00014334861771203578,1.0,0.6341485381126404
YNL194C,YOR086C,0,-0.54504216,0.00014332808495964855,1.0,0.6342394948005676
YBR169C,YPR010C,0,-0.5451869,0.0001433075376553461,1.0,0.6343303918838501
YPR134W,YDR395W,0,-0.5452415,0.00014328700490295887,1.0,0.6344212889671326
YDR301W,YMR133W,0,-0.54526114,0.00014326647215057164,1.0,0.6345122456550598
YOL122C,YKR075C,0,-0.5453609,0.00014324595395009965,1.0,0.6346031427383423
YOR091W,YPR114W,0,-0.54544324,0.00014322543574962765,1.0,0.6346940398216248
YMR274C,YBL047C,0,-0.54556674,0.00014320493210107088,1.0,0.634784996509552
YIL064W,YGL070C,0,-0.5457602,0.0001431844284525141,1.0,0.6348758935928345
YKL155C,YBR131W,0,-0.54589474,0.00014316392480395734,1.0,0.6349667906761169
YHR011W,YDR103W,0,-0.5459124,0.0001431434357073158,1.0,0.6350577473640442
YDR150W,YKR088C,0,-0.5470415,0.00014312294661067426,1.0,0.6351486444473267
YNL068C,YBL005W,0,-0.54718786,0.00014310245751403272,1.0,0.6352395415306091
YIL118W,YHL015W,0,-0.54722536,0.0001430819829693064,1.0,0.6353304982185364
YLL016W,YOR383C,0,-0.5473521,0.00014306152297649533,1.0,0.6354213953018188
YLR019W,YEL051W,0,-0.54736036,0.000143041048431769,1.0,0.6355122923851013
YFL011W,YER015W,0,-0.5475692,0.00014302058843895793,1.0,0.6356032490730286
YBR095C,YHR084W,0,-0.54757583,0.00014300014299806207,1.0,0.635694146156311
YML100W,YPR199C,0,-0.5476697,0.00014297969755716622,1.0,0.6357850432395935
YML086C,YPR131C,0,-0.54771614,0.00014295925211627036,1.0,0.6358759999275208
YFR016C,YDR397C,0,-0.54788727,0.00014293882122728974,1.0,0.6359668970108032
YDR325W,YNR055C,0,-0.54812163,0.0001429183903383091,1.0,0.6360577940940857
YLL018C,YOR254C,0,-0.5481477,0.0001428979740012437,1.0,0.6361487507820129
YDL243C,YNR071C,0,-0.5481785,0.0001428775576641783,1.0,0.6362396478652954
YER031C,YKL132C,0,-0.5481822,0.0001428571413271129,1.0,0.6363306045532227
YGR254W,YKL077W,0,-0.5484092,0.00014283673954196274,1.0,0.6364215016365051
YIL037C,YPL061W,0,-0.5484386,0.00014281633775681257,1.0,0.6365123987197876
YDR280W,YJR049C,0,-0.54844344,0.00014279595052357763,1.0,0.6366033554077148
YMR063W,YLR115W,0,-0.54846567,0.0001427755632903427,1.0,0.6366942524909973
YOL096C,YDL031W,0,-0.54848075,0.00014275517605710775,1.0,0.6367851495742798
YIL120W,YAL030W,0,-0.54859203,0.00014273480337578803,1.0,0.636876106262207
YBR045C,YCR063W,0,-0.548599,0.00014271443069446832,1.0,0.6369670033454895
YOR252W,YNL024C,0,-0.54860866,0.0001426940580131486,1.0,0.637057900428772
YIL056W,YNR037C,0,-0.5487439,0.00014267369988374412,1.0,0.6371488571166992
YPR128C,YNL251C,0,-0.54883486,0.00014265335630625486,1.0,0.6372397541999817
YIR026C,YJL196C,0,-0.5488973,0.00014263299817685038,1.0,0.6373306512832642
YGR055W,YKR072C,0,-0.5489632,0.00014261266915127635,1.0,0.6374216079711914
YOR117W,YFL011W,0,-0.54899126,0.0001425923255737871,1.0,0.6375125050544739
YOR227W,YLR001C,0,-0.549294,0.00014257199654821306,1.0,0.6376034021377563
YMR234W,YOL012C,0,-0.54945236,0.00014255168207455426,1.0,0.6376943588256836
YJL078C,YGL238W,0,-0.54955006,0.00014253135304898024,1.0,0.6377852559089661
YLR345W,YPL075W,0,-0.54957783,0.00014251103857532144,1.0,0.6378761529922485
YLR167W,YPL076W,0,-0.54969364,0.00014249073865357786,1.0,0.6379671096801758
YHR204W,YLR001C,0,-0.54978096,0.0001424704387318343,1.0,0.6380580067634583
YML041C,YPR155C,0,-0.5498284,0.00014245013881009072,1.0,0.6381489038467407
YNL051W,YHR169W,0,-0.5498514,0.00014242985344026238,1.0,0.638239860534668
YOR081C,YDR028C,0,-0.54993796,0.00014240956807043403,1.0,0.6383307576179504
YKL155C,YGL240W,0,-0.54996616,0.00014238929725252092,1.0,0.6384216547012329
YLR004C,YKR027W,0,-0.5504165,0.0001423690264346078,1.0,0.6385126113891602
YPL138C,YDR227W,0,-0.5509738,0.0001423487556166947,1.0,0.6386035084724426
YDR468C,YJL003W,0,-0.55114,0.0001423284993506968,1.0,0.6386944055557251
YDL160C,YHR197W,0,-0.55117583,0.00014230824308469892,1.0,0.6387853622436523
YJR109C,YLR360W,0,-0.5513004,0.00014228798681870103,1.0,0.6388762593269348
YLR229C,YER027C,0,-0.55134004,0.00014226774510461837,1.0,0.6389671564102173
YGL093W,YNL246W,0,-0.5514548,0.00014224751794245094,1.0,0.6390581130981445
YOR250C,YOL096C,0,-0.55147994,0.00014222727622836828,1.0,0.639149010181427
YNL190W,YLL057C,0,-0.55149555,0.00014220704906620085,1.0,0.6392399072647095
YDL035C,YHR011W,0,-0.551538,0.00014218683645594865,1.0,0.6393308639526367
YMR230W,YMR131C,0,-0.5515724,0.00014216662384569645,1.0,0.6394217610359192
YDL220C,YGR055W,0,-0.551631,0.00014214641123544425,1.0,0.6395126581192017
YER143W,YGL085W,0,-0.5516375,0.00014212621317710727,1.0,0.6396036148071289
YFR024C-A,YNR038W,0,-0.551661,0.0001421060151187703,1.0,0.6396945118904114
YOR275C,YDL159W,0,-0.5516625,0.00014208581706043333,1.0,0.6397854089736938
YMR262W,YDL211C,0,-0.5517507,0.00014206563355401158,1.0,0.6398763656616211
YER108C,YNL294C,0,-0.55192965,0.00014204545004758984,1.0,0.6399672627449036
YBL007C,YJL094C,0,-0.55194473,0.00014202528109308332,1.0,0.640058159828186
YPL203W,YBR066C,0,-0.5522529,0.0001420051121385768,1.0,0.6401491165161133
YHR210C,YNL036W,0,-0.55230975,0.0001419849431840703,1.0,0.6402400135993958
YBR109C,YHR110W,0,-0.5524571,0.000141964788781479,1.0,0.6403309106826782
YKR078W,YLR181C,0,-0.5527699,0.0001419446343788877,1.0,0.6404218673706055
YOR080W,YNL119W,0,-0.55278856,0.00014192449452821165,1.0,0.6405127644538879
YFL018W-A,YKL040C,0,-0.55328315,0.0001419043546775356,1.0,0.6406036615371704
YIL030C,YNL123W,0,-0.55329907,0.00014188422937877476,1.0,0.6406946182250977
YDR463W,YOL012C,0,-0.5533874,0.0001418640895280987,1.0,0.6407855153083801
YLL067C,YDR040C,0,-0.55385697,0.0001418439787812531,1.0,0.6408764719963074
YLR432W,YJL003W,0,-0.5539491,0.00014182385348249227,1.0,0.6409673690795898
YBL080C,YIL156W,0,-0.5539963,0.00014180374273564667,1.0,0.6410582661628723
YGR205W,YPR037C,0,-0.55426,0.00014178363198880106,1.0,0.6411492228507996
YDL220C,YNL063W,0,-0.55436814,0.0001417635357938707,1.0,0.641240119934082
YNL294C,YMR074C,0,-0.5544572,0.0001417434395989403,1.0,0.6413310170173645
YLR288C,YBR180W,0,-0.5545857,0.00014172335795592517,1.0,0.6414219737052917
YDR392W,YDL159W,0,-0.5547962,0.00014170327631291002,1.0,0.6415128707885742
YPL198W,YOR195W,0,-0.554924,0.00014168319466989487,1.0,0.6416037678718567
YCL029C,YLR052W,0,-0.55492586,0.00014166312757879496,1.0,0.6416947245597839
YDL035C,YLR362W,0,-0.55498993,0.00014164306048769504,1.0,0.6417856216430664
YGL006W,YMR207C,0,-0.5552202,0.00014162299339659512,1.0,0.6418765187263489
YGR202C,YPR155C,0,-0.55536705,0.00014160294085741043,1.0,0.6419674754142761
YKR075C,YPL006W,0,-0.5555105,0.00014158290287014097,1.0,0.6420583724975586
YBR034C,YLL057C,0,-0.5555447,0.00014156285033095628,1.0,0.6421492695808411
YLR390W-A,YGL240W,0,-0.5555508,0.00014154281234368682,1.0,0.6422402262687683
YLR061W,YML076C,0,-0.5556075,0.00014152278890833259,1.0,0.6423311233520508
YDL106C,YDR317W,0,-0.55561066,0.00014150276547297835,1.0,0.6424220204353333
YPL001W,YCR016W,0,-0.555691,0.00014148274203762412,1.0,0.6425129771232605
YIL014W,YHR194W,0,-0.5560243,0.0001414627186022699,1.0,0.642603874206543
YNL025C,YNL059C,0,-0.5562359,0.00014144270971883088,1.0,0.6426947712898254
YNL103W,YLR006C,0,-0.5565849,0.0001414227153873071,1.0,0.6427857279777527
YNL190W,YPL013C,0,-0.55687165,0.00014140272105578333,1.0,0.6428766250610352
YLR229C,YBR066C,0,-0.55721366,0.00014138272672425956,1.0,0.6429675221443176
YJL059W,YJL216C,0,-0.55726254,0.00014136273239273578,1.0,0.6430584788322449
YLL018C,YOR136W,0,-0.55748904,0.00014134275261312723,1.0,0.6431493759155273
YPR173C,YOR086C,0,-0.55750746,0.0001413227873854339,1.0,0.6432402729988098
YLR075W,YMR002W,0,-0.55759543,0.00014130280760582536,1.0,0.6433312296867371
YPL130W,YIR004W,0,-0.5577378,0.00014128284237813205,1.0,0.6434221267700195
YLR409C,YML047C,0,-0.5577737,0.00014126289170235395,1.0,0.643513023853302
YPR037C,YPL156C,0,-0.55780506,0.00014124294102657586,1.0,0.6436039805412292
YLR143W,YGL049C,0,-0.5578548,0.00014122299035079777,1.0,0.6436948776245117
YOR236W,YJR027W,0,-0.55816936,0.0001412030542269349,1.0,0.6437857747077942
YBR233W-A,YMR183C,0,-0.55819666,0.00014118311810307205,1.0,0.6438767313957214
YMR048W,YFR010W,0,-0.5583178,0.00014116318197920918,1.0,0.6439676284790039
YIL098C,YJL181W,0,-0.5588229,0.00014114326040726155,1.0,0.6440585255622864
YOL116W,YIR019C,0,-0.5590149,0.00014112333883531392,1.0,0.6441494822502136
YGL246C,YER081W,0,-0.5590427,0.0001411034318152815,1.0,0.6442403793334961
YCR107W,YJL083W,0,-0.55912256,0.0001410835247952491,1.0,0.6443312764167786
YBR003W,YFR049W,0,-0.5593575,0.0001410636177752167,1.0,0.6444222331047058
YMR275C,YDL134C,0,-0.5594363,0.00014104372530709952,1.0,0.6445131301879883
YDR377W,YBL007C,0,-0.5596452,0.00014102383283898234,1.0,0.6446040272712708
YPR106W,YHR202W,0,-0.55969906,0.0001410039549227804,1.0,0.644694983959198
YLR194C,YDR528W,0,-0.5597242,0.00014098406245466322,1.0,0.6447858810424805
YJL186W,YAL056W,0,-0.5597444,0.0001409641990903765,1.0,0.6448767781257629
YGL189C,YNL145W,0,-0.55996037,0.00014094432117417455,1.0,0.6449677348136902
YGL121C,YPL049C,0,-0.56011826,0.00014092445780988783,1.0,0.6450586318969727
YBL038W,YMR074C,0,-0.56038547,0.00014090460899751633,1.0,0.6451495885848999
YFL005W,YHR138C,0,-0.56041014,0.00014088476018514484,1.0,0.6452404856681824
YLR229C,YBR083W,0,-0.56080294,0.00014086491137277335,1.0,0.6453313827514648
YMR318C,YNL167C,0,-0.5608393,0.00014084507711231709,1.0,0.6454223394393921
YHR113W,YOR253W,0,-0.5611559,0.00014082524285186082,1.0,0.6455132365226746
YGL005C,YLR361C,0,-0.5611645,0.00014080540859140456,1.0,0.645604133605957
YJR050W,YIL173W,0,-0.5612651,0.00014078558888286352,1.0,0.6456950902938843
YLR277C,YKR099W,0,-0.56164944,0.00014076576917432249,1.0,0.6457859873771667
YHR202W,YKL150W,0,-0.56176853,0.00014074594946578145,1.0,0.6458768844604492
YLR362W,YBR083W,0,-0.56177604,0.00014072614430915564,1.0,0.6459678411483765
YIL144W,YCL035C,0,-0.56179184,0.00014070633915252984,1.0,0.6460587382316589
YMR262W,YPR131C,0,-0.5618662,0.00014068654854781926,1.0,0.6461496353149414
YDR098C,YER178W,0,-0.56186783,0.00014066675794310868,1.0,0.6462405920028687
YHR201C,YDR041W,0,-0.5619614,0.00014064698189031333,1.0,0.6463314890861511
YBR046C,YNL251C,0,-0.56212175,0.00014062719128560275,1.0,0.6464223861694336
YCR107W,YLR056W,0,-0.56215465,0.00014060742978472263,1.0,0.6465133428573608
YDL093W,YKL032C,0,-0.56244016,0.00014058765373192728,1.0,0.6466042399406433
YHR113W,YOR157C,0,-0.56251,0.00014056789223104715,1.0,0.6466951370239258
YLR442C,YIL009W,0,-0.56254417,0.00014054813073016703,1.0,0.646786093711853
YDR098C,YDR021W,0,-0.5625715,0.00014052838378120214,1.0,0.6468769907951355
YLR004C,YBR212W,0,-0.56258166,0.00014050863683223724,1.0,0.646967887878418
YPR173C,YKR075C,0,-0.56272197,0.00014048890443518758,1.0,0.6470588445663452
YOR193W,YOL069W,0,-0.5627399,0.0001404691720381379,1.0,0.6471497416496277
YDR246W,YDL012C,0,-0.56285053,0.00014044943964108825,1.0,0.6472406387329102
YJR027W,YDR165W,0,-0.56286824,0.0001404297217959538,1.0,0.6473315954208374
YJR123W,YFL011W,0,-0.56292605,0.00014041000395081937,1.0,0.6474224925041199
YGR017W,YLR054C,0,-0.56300867,0.00014039028610568494,1.0,0.6475133895874023
YOR262W,YDR004W,0,-0.5630432,0.00014037058281246573,1.0,0.6476043462753296
YOL029C,YOL051W,0,-0.5632812,0.00014035087951924652,1.0,0.6476952433586121
YMR215W,YHR005C,0,-0.5633756,0.0001403311762260273,1.0,0.6477861404418945
YML098W,YIL098C,0,-0.56343997,0.00014031148748472333,1.0,0.6478770971298218
YOR371C,YNL197C,0,-0.5634969,0.00014029181329533458,1.0,0.6479679942131042
YHR113W,YNL036W,0,-0.5635731,0.0001402721245540306,1.0,0.6480588912963867
YBL080C,YLL057C,0,-0.56369305,0.00014025245036464185,1.0,0.648149847984314
YLR417W,YHR113W,0,-0.5636984,0.00014023279072716832,1.0,0.6482407450675964
YOR049C,YHR006W,0,-0.564095,0.0001402131310896948,1.0,0.6483316421508789
YOL095C,YGR040W,0,-0.5642916,0.00014019347145222127,1.0,0.6484225988388062
YCR107W,YDR328C,0,-0.56433415,0.00014017381181474775,1.0,0.6485134959220886
YGL104C,YER177W,0,-0.5645107,0.00014015416672918946,1.0,0.6486043930053711
YOR027W,YMR050C,0,-0.5645141,0.0001401345361955464,1.0,0.6486953496932983
YHR169W,YKL080W,0,-0.5646079,0.0001401148911099881,1.0,0.6487862467765808
YOR191W,YEL048C,0,-0.5646459,0.00014009526057634503,1.0,0.6488771438598633
YEL039C,YGL194C,0,-0.5648068,0.0001400756445946172,1.0,0.6489681005477905
YLR143W,YGR083C,0,-0.5648464,0.00014005602861288935,1.0,0.649058997631073
YIL007C,YDR276C,0,-0.5650928,0.0001400364126311615,1.0,0.6491498947143555
YEL039C,YDR317W,0,-0.5652614,0.00014001679664943367,1.0,0.6492408514022827
YIL037C,YLR092W,0,-0.56527483,0.00013999719521962106,1.0,0.6493317484855652
YGL073W,YDL081C,0,-0.5652808,0.00013997760834172368,1.0,0.6494226455688477
YMR105C,YLR249W,0,-0.565429,0.00013995800691191107,1.0,0.6495136022567749
YBL016W,YOR127W,0,-0.5654321,0.0001399384200340137,1.0,0.6496044993400574
YLR196W,YOR059C,0,-0.5654562,0.00013991884770803154,1.0,0.6496954560279846
YIL056W,YNL221C,0,-0.5655629,0.00013989927538204938,1.0,0.6497863531112671
YDR500C,YHR033W,0,-0.56570673,0.00013987970305606723,1.0,0.6498772501945496
YJL089W,YDR103W,0,-0.5657187,0.0001398601452820003,1.0,0.6499682068824768
YAR042W,YPL058C,0,-0.5657253,0.00013984058750793338,1.0,0.6500591039657593
YHR108W,YDL149W,0,-0.56573707,0.00013982102973386645,1.0,0.6501500010490417
YDR107C,YNL197C,0,-0.56578535,0.00013980148651171476,1.0,0.650240957736969
YLR258W,YML055W,0,-0.5657984,0.00013978194328956306,1.0,0.6503318548202515
YBL100W-B,YHR170W,0,-0.5659145,0.00013976240006741136,1.0,0.6504227519035339
YPL203W,YDR392W,0,-0.5659387,0.0001397428713971749,1.0,0.6505137085914612
YKL048C,YPL145C,0,-0.5662952,0.00013972334272693843,1.0,0.6506046056747437
YJL173C,YPR180W,0,-0.56634307,0.0001397038286086172,1.0,0.6506955027580261
YHR122W,YPL076W,0,-0.566487,0.00013968431449029595,1.0,0.6507864594459534
YNR038W,YJL179W,0,-0.5666675,0.0001396648003719747,1.0,0.6508773565292358
YER044C-A,YDR204W,0,-0.56685185,0.0001396453008055687,1.0,0.6509682536125183
YJL162C,YLR417W,0,-0.5669266,0.00013962580123916268,1.0,0.6510592103004456
YMR192W,YFR014C,0,-0.56700814,0.0001396063162246719,1.0,0.651150107383728
YEL048C,YGR245C,0,-0.56713593,0.0001395868166582659,1.0,0.6512410044670105
YIL075C,YKR031C,0,-0.5671769,0.00013956734619569033,1.0,0.6513319611549377
YDR412W,YBR100W,0,-0.5671788,0.00013954786118119955,1.0,0.6514228582382202
YLR390W-A,YOR252W,0,-0.56729543,0.000139528390718624,1.0,0.6515137553215027
YER031C,YBR248C,0,-0.5673442,0.00013950893480796367,1.0,0.6516047120094299
YAL011W,YOR227W,0,-0.56736076,0.00013948946434538811,1.0,0.6516956090927124
YKL063C,YJR050W,0,-0.56752515,0.0001394700084347278,1.0,0.6517865061759949
YBR109C,YHR142W,0,-0.56767625,0.0001394505670759827,1.0,0.6518774628639221
YJL045W,YCL048W,0,-0.567808,0.0001394311257172376,1.0,0.6519683599472046
YPL140C,YBR208C,0,-0.56787264,0.0001394116843584925,1.0,0.6520592570304871
YOL132W,YHR020W,0,-0.56789625,0.0001393922429997474,1.0,0.6521502137184143
YKL048C,YLR413W,0,-0.56839013,0.00013937281619291753,1.0,0.6522411108016968
YDR379W,YHL007C,0,-0.5684974,0.00013935340393800288,1.0,0.6523320078849792
YLR193C,YNL094W,0,-0.56863284,0.00013933397713117301,1.0,0.6524229645729065
YPL116W,YEL048C,0,-0.56887007,0.0001393145794281736,1.0,0.652513861656189
YJR102C,YMR262W,0,-0.5691085,0.00013929516717325896,1.0,0.6526047587394714
YPR173C,YOR358W,0,-0.56917703,0.00013927576947025955,1.0,0.6526957154273987
YOR267C,YDR025W,0,-0.5694104,0.00013925637176726013,1.0,0.6527866125106812
YJL110C,YDR007W,0,-0.56941855,0.00013923698861617595,1.0,0.6528775095939636
YLR345W,YBR049C,0,-0.5695593,0.00013921759091317654,1.0,0.6529684662818909
YHR150W,YGR260W,0,-0.56958675,0.00013919822231400758,1.0,0.6530593633651733
YOR320C,YBR193C,0,-0.56974196,0.0001391788391629234,1.0,0.6531502604484558
YIL008W,YIR019C,0,-0.5697514,0.00013915947056375444,1.0,0.6532412171363831
YCL051W,YLR190W,0,-0.56980777,0.0001391401165165007,1.0,0.6533321142196655
YDL035C,YHR111W,0,-0.5698653,0.00013912076246924698,1.0,0.653423011302948
YBR146W,YMR195W,0,-0.57004535,0.00013910140842199326,1.0,0.6535139679908752
YMR131C,YDL076C,0,-0.5700463,0.00013908205437473953,1.0,0.6536048650741577
YHR149C,YLL014W,0,-0.5701122,0.00013906271487940103,1.0,0.6536957621574402
YMR242C,YJL003W,0,-0.5701653,0.00013904337538406253,1.0,0.6537867188453674
YDL106C,YPL193W,0,-0.570226,0.00013902405044063926,1.0,0.6538776159286499
YJL069C,YOR001W,0,-0.5703146,0.00013900472549721599,1.0,0.6539685130119324
YGL045W,YIR019C,0,-0.5703616,0.00013898540055379272,1.0,0.6540594696998596
YCL044C,YEL032W,0,-0.57039356,0.00013896609016228467,1.0,0.6541503667831421
YPL169C,YDR259C,0,-0.5706147,0.00013894677977077663,1.0,0.6542413234710693
YMR316W,YPL115C,0,-0.57079977,0.00013892748393118382,1.0,0.6543322205543518
YIL106W,YDR176W,0,-0.5708056,0.000138908188091591,1.0,0.6544231176376343
YBR208C,YDR025W,0,-0.5708306,0.00013888889225199819,1.0,0.6545140743255615
YGR178C,YOR011W,0,-0.5708576,0.00013886959641240537,1.0,0.654604971408844
YBR095C,YIR019C,0,-0.57122123,0.00013885031512472779,1.0,0.6546958684921265
YCL005W-A,YCR035C,0,-0.5719578,0.00013883104838896543,1.0,0.6547868251800537
YOR018W,YKR088C,0,-0.57235634,0.00013881176710128784,1.0,0.6548777222633362
YPR161C,YBR180W,0,-0.5727848,0.00013879250036552548,1.0,0.6549686193466187
YFR024C-A,YOR259C,0,-0.5728614,0.00013877324818167835,1.0,0.6550595760345459
YPL262W,YEL044W,0,-0.57309675,0.00013875399599783123,1.0,0.6551504731178284
YDL100C,YBR208C,0,-0.57315844,0.0001387347438139841,1.0,0.6552413702011108
YGR235C,YMR153W,0,-0.57325697,0.00013871549163013697,1.0,0.6553323268890381
YBR085W,YLR384C,0,-0.5734705,0.00013869625399820507,1.0,0.6554232239723206
YOR334W,YHL006C,0,-0.5735018,0.00013867701636627316,1.0,0.655514121055603
YOR065W,YDR406W,0,-0.57382727,0.0001386577932862565,1.0,0.6556050777435303
YGL073W,YLR435W,0,-0.57396716,0.00013863857020623982,1.0,0.6556959748268127
YPL001W,YDR100W,0,-0.5741863,0.00013861934712622315,1.0,0.6557868719100952
YFL025C,YBR094W,0,-0.5741937,0.0001386001385981217,1.0,0.6558778285980225
YER038C,YMR226C,0,-0.5747478,0.00013858093007002026,1.0,0.6559687256813049
YCL051W,YOL012C,0,-0.5749769,0.00013856173609383404,1.0,0.6560596227645874
YGL025C,YGL231C,0,-0.5749953,0.0001385425275657326,1.0,0.6561505794525146
YGL093W,YEL051W,0,-0.5752903,0.0001385233481414616,1.0,0.6562414765357971
YHR118C,YCR005C,0,-0.57532644,0.0001385041541652754,1.0,0.6563323736190796
YDR500C,YCL005W-A,0,-0.5754554,0.0001384849747410044,1.0,0.6564233303070068
YJL021C,YKR034W,0,-0.5755414,0.00013846579531673342,1.0,0.6565142273902893
YIL043C,YBR131W,0,-0.5757407,0.00013844663044437766,1.0,0.6566051244735718
YBR107C,YKL079W,0,-0.5760189,0.0001384274655720219,1.0,0.656696081161499
YOR319W,YGL016W,0,-0.57602185,0.00013840830069966614,1.0,0.6567869782447815
YGR078C,YKR077W,0,-0.5762875,0.0001383891503792256,1.0,0.656877875328064
YBR003W,YNL156C,0,-0.57664764,0.00013837000005878508,1.0,0.6569688320159912
YGR103W,YOR068C,0,-0.5768709,0.00013835086429025978,1.0,0.6570597290992737
YOR078W,YLR466W,0,-0.5769226,0.00013833171396981925,1.0,0.6571506261825562
YIL156W,YLL016W,0,-0.57742625,0.00013831259275320917,1.0,0.6572415828704834
YDR168W,YMR118C,0,-0.5776713,0.00013829345698468387,1.0,0.6573324799537659
YBR248C,YGL231C,0,-0.57776177,0.0001382743357680738,1.0,0.6574233770370483
YKR064W,YKL077W,0,-0.57785213,0.00013825521455146372,1.0,0.6575143337249756
YER028C,YLR337C,0,-0.57785344,0.00013823610788676888,1.0,0.6576052308082581
YGL063W,YPL076W,0,-0.577909,0.00013821700122207403,1.0,0.6576961278915405
YBR211C,YPL018W,0,-0.57798433,0.00013819789455737919,1.0,0.6577870845794678
YCR024C,YOR019W,0,-0.5780891,0.00013817880244459957,1.0,0.6578779816627502
YNL145W,YLR333C,0,-0.5782461,0.00013815971033181995,1.0,0.6579688787460327
YPL215W,YPL175W,0,-0.57832,0.00013814063277095556,1.0,0.65805983543396
YNL181W,YJR052W,0,-0.5785299,0.00013812154065817595,1.0,0.6581507325172424
YHR035W,YDR287W,0,-0.57868207,0.00013810247764922678,1.0,0.6582416296005249
YHR210C,YPL176C,0,-0.5788653,0.0001380834000883624,1.0,0.6583325862884521
YER033C,YGR224W,0,-0.5789975,0.00013806433707941324,1.0,0.6584234833717346
YOR045W,YKL054C,0,-0.5792457,0.00013804527407046407,1.0,0.6585144400596619
YOR363C,YCR105W,0,-0.5792543,0.00013802622561343014,1.0,0.6586053371429443
YBR130C,YEL019C,0,-0.57932293,0.0001380071771563962,1.0,0.6586962342262268
YIL064W,YJL089W,0,-0.57960904,0.00013798812869936228,1.0,0.658787190914154
YOR026W,YPR141C,0,-0.5799712,0.00013796909479424357,1.0,0.6588780879974365
YER027C,YDL024C,0,-0.5799805,0.00013795006088912487,1.0,0.658968985080719
YGR235C,YDR057W,0,-0.5801182,0.0001379310415359214,1.0,0.6590599417686462
YHR148W,YIL038C,0,-0.58027196,0.0001379120076308027,1.0,0.6591508388519287
YPR128C,YLR451W,0,-0.58027923,0.00013789298827759922,1.0,0.6592417359352112
YNL164C,YLR260W,0,-0.5803306,0.00013787398347631097,1.0,0.6593326926231384
YMR015C,YBR248C,0,-0.5803422,0.00013785497867502272,1.0,0.6594235897064209
YOR091W,YBR045C,0,-0.5803637,0.00013783597387373447,1.0,0.6595144867897034
YMR158W,YPL018W,0,-0.58057255,0.00013781698362436146,1.0,0.6596054434776306
YFL011W,YMR149W,0,-0.58063716,0.00013779799337498844,1.0,0.6596963405609131
YLR092W,YKL079W,0,-0.5806439,0.00013777900312561542,1.0,0.6597872376441956
YOR358W,YJR108W,0,-0.5807552,0.00013776002742815763,1.0,0.6598781943321228
YLR229C,YDR477W,0,-0.5807837,0.00013774105173069984,1.0,0.6599690914154053
YOR192C,YDR384C,0,-0.5813184,0.00013772207603324205,1.0,0.6600599884986877
YFR053C,YGL049C,0,-0.5813784,0.00013770311488769948,1.0,0.660150945186615
YOL069W,YHR193C,0,-0.5817241,0.00013768415374215692,1.0,0.6602418422698975
YER031C,YDR439W,0,-0.5819064,0.00013766519259661436,1.0,0.6603327393531799
YML041C,YNL063W,0,-0.58206254,0.00013764624600298703,1.0,0.6604236960411072
YOR091W,YLR004C,0,-0.5820752,0.0001376272994093597,1.0,0.6605145931243896
YFR010W,YLR460C,0,-0.5822487,0.0001376083673676476,1.0,0.6606054902076721
YOR127W,YBR066C,0,-0.5823231,0.00013758943532593548,1.0,0.6606964468955994
YER109C,YDL159W,0,-0.58232373,0.00013757050328422338,1.0,0.6607873439788818
YOL121C,YOR026W,0,-0.5823349,0.0001375515857944265,1.0,0.6608782410621643
YOR266W,YDR080W,0,-0.58246773,0.00013753266830462962,1.0,0.6609691977500916
YIL038C,YPL135W,0,-0.5826026,0.00013751375081483275,1.0,0.661060094833374
YJL078C,YOR271C,0,-0.58279896,0.0001374948478769511,1.0,0.6611509919166565
YKL197C,YOR254C,0,-0.58289295,0.00013747594493906945,1.0,0.6612419486045837
YMR053C,YKL029C,0,-0.5830314,0.0001374570420011878,1.0,0.6613328456878662
YOR191W,YMR192W,0,-0.58310807,0.00013743815361522138,1.0,0.6614237427711487
YDR043C,YGL208W,0,-0.58338416,0.00013741926522925496,1.0,0.6615146994590759
YPL168W,YEL044W,0,-0.5834367,0.00013740039139520377,1.0,0.6616055965423584
YMR234W,YPR008W,0,-0.58350086,0.00013738150300923735,1.0,0.6616964936256409
YPL209C,YIL011W,0,-0.5836985,0.00013736264372710139,1.0,0.6617874503135681
YHR073W,YOR060C,0,-0.58392763,0.0001373437698930502,1.0,0.6618783473968506
YGL208W,YBR066C,0,-0.58400965,0.00013732491061091423,1.0,0.6619692444801331
YOR049C,YOR319W,0,-0.5843563,0.00013730605132877827,1.0,0.6620602011680603
YPR046W,YBR162C,0,-0.58437526,0.00013728720659855753,1.0,0.6621510982513428
YLR150W,YDR359C,0,-0.5845183,0.0001372683618683368,1.0,0.6622419953346252
YKL069W,YOR359W,0,-0.5846835,0.00013724951713811606,1.0,0.6623329520225525
YML021C,YPL145C,0,-0.5855268,0.00013723068695981055,1.0,0.662423849105835
YOR119C,YFR050C,0,-0.58565277,0.00013721185678150505,1.0,0.6625147461891174
YHR113W,YDR105C,0,-0.58617556,0.00013719302660319954,1.0,0.6626057028770447
YDL003W,YOR009W,0,-0.58618224,0.00013717421097680926,1.0,0.6626965999603271
YNL020C,YNL038W,0,-0.5861856,0.00013715539535041898,1.0,0.6627874970436096
YHR073W,YNL119W,0,-0.5862675,0.00013713659427594393,1.0,0.6628784537315369
YLR093C,YIL011W,0,-0.5864332,0.00013711777864955366,1.0,0.6629693508148193
YFL061W,YBR181C,0,-0.58661795,0.00013709899212699383,1.0,0.6630603075027466
YGR024C,YPL130W,0,-0.58663976,0.00013708019105251878,1.0,0.663151204586029
YFR010W,YDR023W,0,-0.58694863,0.00013706140452995896,1.0,0.6632421016693115
YDR289C,YDR365C,0,-0.58705544,0.00013704261800739914,1.0,0.6633330583572388
YJL096W,YML057W,0,-0.5874705,0.00013702384603675455,1.0,0.6634239554405212
YNR032C-A,YCR044C,0,-0.5874732,0.00013700507406610996,1.0,0.6635148525238037
YBL038W,YPR180W,0,-0.5874881,0.00013698630209546536,1.0,0.663605809211731
YHR148W,YPR128C,0,-0.58755326,0.000136967544676736,1.0,0.6636967062950134
YMR205C,YPR105C,0,-0.58796275,0.00013694878725800663,1.0,0.6637876033782959
YDR309C,YLR011W,0,-0.5880296,0.00013693002983927727,1.0,0.6638785600662231
YKR031C,YCL035C,0,-0.5880885,0.00013691128697246313,1.0,0.6639694571495056
YFR024C-A,YJR108W,0,-0.58814687,0.000136892544105649,1.0,0.6640603542327881
YER155C,YDL018C,0,-0.58814687,0.00013687380123883486,1.0,0.6641513109207153
YOR193W,YCL051W,0,-0.588475,0.00013685507292393595,1.0,0.6642422080039978
YPL115C,YGL085W,0,-0.5887213,0.00013683634460903704,1.0,0.6643331050872803
YFR024C-A,YOR272W,0,-0.58896935,0.00013681761629413813,1.0,0.6644240617752075
YOR119C,YBR191W,0,-0.5891305,0.00013679890253115445,1.0,0.66451495885849
YGL111W,YML082W,0,-0.58915865,0.00013678018876817077,1.0,0.6646058559417725
YNL214W,YPL173W,0,-0.5893907,0.00013676148955710232,1.0,0.6646968126296997
YIL064W,YER062C,0,-0.5894437,0.00013674279034603387,1.0,0.6647877097129822
YNL190W,YGR030C,0,-0.5895131,0.00013672409113496542,1.0,0.6648786067962646
YEL018W,YNR030W,0,-0.5897001,0.0001367054064758122,1.0,0.6649695634841919
YNL190W,YPR134W,0,-0.5897073,0.00013668670726474375,1.0,0.6650604605674744
YML057W,YOR157C,0,-0.58997655,0.00013666803715750575,1.0,0.6651513576507568
YPL168W,YBR208C,0,-0.59028757,0.00013664935249835253,1.0,0.6652423143386841
YJL183W,YGL053W,0,-0.5905914,0.00013663068239111453,1.0,0.6653332114219666
YGR254W,YGR296W,0,-0.5906199,0.00013661202683579177,1.0,0.665424108505249
YOR081C,YBR212W,0,-0.5908083,0.00013659335672855377,1.0,0.6655150651931763
YDL113C,YBR180W,0,-0.59089124,0.000136574701173231,1.0,0.6656059622764587
YOR316C,YPR057W,0,-0.5909238,0.00013655606016982347,1.0,0.6656968593597412
YLL018C,YML098W,0,-0.5910081,0.0001365374046145007,1.0,0.6657878160476685
YKL033W,YHL015W,0,-0.591089,0.0001365187781630084,1.0,0.6658787131309509
YER005W,YHR020W,0,-0.59120166,0.00013650013715960085,1.0,0.6659696102142334
YDR367W,YBR268W,0,-0.59121376,0.00013648151070810854,1.0,0.6660605669021606
YBR153W,YGR094W,0,-0.591564,0.00013646288425661623,1.0,0.6661514639854431
YDR268W,YDR200C,0,-0.59162426,0.00013644425780512393,1.0,0.6662423610687256
YLR083C,YBR279W,0,-0.59169126,0.00013642564590554684,1.0,0.6663333177566528
YGR055W,YKL150W,0,-0.59176946,0.00013640703400596976,1.0,0.6664242148399353
YIL087C,YHL015W,0,-0.5922588,0.0001363884366583079,1.0,0.6665151119232178
YAL007C,YIL120W,0,-0.5923033,0.00013636983931064606,1.0,0.666606068611145
YKR078W,YIL013C,0,-0.59230864,0.0001363512419629842,1.0,0.6666969656944275
YLR058C,YPL097W,0,-0.5925416,0.00013633264461532235,1.0,0.66678786277771
YLR315W,YBR049C,0,-0.59275734,0.00013631406181957573,1.0,0.6668788194656372
YBL016W,YDL024C,0,-0.59318006,0.00013629549357574433,1.0,0.6669697165489197
YML107C,YDR397C,0,-0.59325266,0.0001362769107799977,1.0,0.6670606136322021
YDR407C,YNL156C,0,-0.5933507,0.0001362583425361663,1.0,0.6671515703201294
YLR181C,YBR034C,0,-0.5933736,0.00013623978884425014,1.0,0.6672424674034119
YDR100W,YJL216C,0,-0.59354424,0.00013622122060041875,1.0,0.6673333644866943
YOR193W,YLR324W,0,-0.59377277,0.00013620266690850258,1.0,0.6674243211746216
YDR023W,YBL025W,0,-0.59382427,0.00013618412776850164,1.0,0.667515218257904
YOR189W,YER044C-A,0,-0.59404564,0.00013616557407658547,1.0,0.6676061749458313
YOL122C,YEL051W,0,-0.59416455,0.00013614703493658453,1.0,0.6676970720291138
YKL080W,YLR460C,0,-0.59425455,0.00013612851034849882,1.0,0.6677879691123962
YER139C,YML031W,0,-0.5943517,0.00013610997120849788,1.0,0.6678789258003235
YLR284C,YGL116W,0,-0.59446156,0.00013609144662041217,1.0,0.667969822883606
YCR065W,YDL012C,0,-0.5945562,0.0001360729365842417,1.0,0.6680607199668884
YJL183W,YMR055C,0,-0.5945566,0.0001360544265480712,1.0,0.6681516766548157
YBL038W,YER139C,0,-0.59462047,0.00013603591651190072,1.0,0.6682425737380981
YOR002W,YDR200C,0,-0.59494054,0.00013601740647573024,1.0,0.6683334708213806
YHR035W,YDR464W,0,-0.5950071,0.00013599891099147499,1.0,0.6684244275093079
YKL033W,YMR040W,0,-0.59537786,0.00013598041550721973,1.0,0.6685153245925903
YKL033W,YOR004W,0,-0.5957641,0.0001359619345748797,1.0,0.6686062216758728
YDR386W,YKL032C,0,-0.5958277,0.00013594345364253968,1.0,0.6686971783638
YKL079W,YDR080W,0,-0.5959389,0.00013592497271019965,1.0,0.6687880754470825
YBR034C,YFR030W,0,-0.5959655,0.00013590649177785963,1.0,0.668878972530365
YDR160W,YFL026W,0,-0.59614146,0.00013588802539743483,1.0,0.6689699292182922
YOL076W,YJL069C,0,-0.5962278,0.00013586955901701003,1.0,0.6690608263015747
YNL056W,YOR027W,0,-0.5964824,0.00013585110718850046,1.0,0.6691517233848572
YHR020W,YJR096W,0,-0.5969,0.0001358326553599909,1.0,0.6692426800727844
YPL215W,YDR328C,0,-0.59692484,0.00013581420353148133,1.0,0.6693335771560669
YPL239W,YCR106W,0,-0.5970496,0.00013579576625488698,1.0,0.6694244742393494
YBL007C,YML092C,0,-0.59707934,0.00013577732897829264,1.0,0.6695154309272766
YBR114W,YPL056C,0,-0.5971116,0.0001357588917016983,1.0,0.6696063280105591
YPL120W,YLL018C-A,0,-0.59722686,0.0001357404689770192,1.0,0.6696972250938416
YDR129C,YCL068C,0,-0.59726155,0.00013572204625234008,1.0,0.6697881817817688
YLR083C,YIL022W,0,-0.5972817,0.00013570362352766097,1.0,0.6698790788650513
YPL105C,YDR406W,0,-0.5974152,0.00013568521535489708,1.0,0.6699699759483337
YHR033W,YPR174C,0,-0.5976827,0.0001356668071821332,1.0,0.670060932636261
YDR350C,YMR195W,0,-0.5977883,0.00013564839900936931,1.0,0.6701518297195435
YFR031C-A,YNL066W,0,-0.5979067,0.00013563000538852066,1.0,0.6702427268028259
YDR361C,YGR057C,0,-0.5981643,0.000135611611767672,1.0,0.6703336834907532
YLR413W,YJL069C,0,-0.59857494,0.00013559321814682335,1.0,0.6704245805740356
YHR148W,YNL063W,0,-0.59858274,0.00013557483907788992,1.0,0.6705154776573181
YGL142C,YNL081C,0,-0.5986241,0.0001355564600089565,1.0,0.6706064343452454
YKR095W-A,YHR133C,0,-0.59871435,0.00013553808094002306,1.0,0.6706973314285278
YDR200C,YGR044C,0,-0.5988133,0.00013551971642300487,1.0,0.6707882285118103
YGL045W,YDR480W,0,-0.59920764,0.00013550135190598667,1.0,0.6708791851997375
YDL091C,YFR053C,0,-0.599279,0.0001354830019408837,1.0,0.67097008228302
YGR217W,YLL006W,0,-0.59947515,0.0001354646374238655,1.0,0.6710609793663025
YNL024C,YHL026C,0,-0.6002537,0.00013544630201067775,1.0,0.6711519360542297
YJL089W,YOR080W,0,-0.6006283,0.00013542795204557478,1.0,0.6712428331375122
YMR234W,YDR273W,0,-0.6009712,0.00013540961663238704,1.0,0.6713337302207947
YKL192C,YOR086C,0,-0.60150146,0.0001353912812191993,1.0,0.6714246869087219
YLR377C,YCR031C,0,-0.6015991,0.00013537294580601156,1.0,0.6715155839920044
YDR004W,YJR108W,0,-0.60179275,0.00013535462494473904,1.0,0.6716064810752869
YER179W,YBR043C,0,-0.6020763,0.00013533630408346653,1.0,0.6716974377632141
YPR071W,YLR068W,0,-0.6021439,0.00013531799777410924,1.0,0.6717883348464966
YPR057W,YNL240C,0,-0.6021878,0.00013529969146475196,1.0,0.6718792915344238
YOL055C,YGR283C,0,-0.6023735,0.00013528138515539467,1.0,0.6719701886177063
YMR105C,YDR190C,0,-0.6027598,0.00013526309339795262,1.0,0.6720610857009888
YGL126W,YJR150C,0,-0.60277236,0.00013524478708859533,1.0,0.672152042388916
YKL185W,YOL132W,0,-0.6028204,0.0001352265098830685,1.0,0.6722429394721985
YMR220W,YGL195W,0,-0.6028644,0.00013520821812562644,1.0,0.672333836555481
YOR016C,YBR089C-A,0,-0.6029329,0.00013518994092009962,1.0,0.6724247932434082
YLL066C,YML031W,0,-0.6030008,0.0001351716637145728,1.0,0.6725156903266907
YMR220W,YDL145C,0,-0.60304743,0.0001351534010609612,1.0,0.6726065874099731
YNL294C,YHR149C,0,-0.6031871,0.0001351351384073496,1.0,0.6726975440979004
YOR090C,YOL135C,0,-0.60320634,0.00013511687575373799,1.0,0.6727884411811829
YNL048W,YIL011W,0,-0.6035738,0.00013509862765204161,1.0,0.6728793382644653
YNL328C,YLR315W,0,-0.60362357,0.00013508037955034524,1.0,0.6729702949523926
YGR046W,YIR019C,0,-0.6037273,0.00013506213144864887,1.0,0.673061192035675
YJR150C,YMR230W,0,-0.60398567,0.0001350438833469525,1.0,0.6731520891189575
YNL051W,YNL045W,0,-0.6040406,0.00013502564979717135,1.0,0.6732430458068848
YIL120W,YPR010C,0,-0.6043128,0.00013500743079930544,1.0,0.6733339428901672
YIL118W,YMR177W,0,-0.60436136,0.0001349891972495243,1.0,0.6734248399734497
YER056C,YLR059C,0,-0.6046071,0.00013497097825165838,1.0,0.673515796661377
YER072W,YLR352W,0,-0.6047567,0.0001349527738057077,1.0,0.6736066937446594
YGR266W,YIR031C,0,-0.6047821,0.00013493455480784178,1.0,0.6736975908279419
YBR248C,YGL240W,0,-0.604883,0.0001349163503618911,1.0,0.6737885475158691
YHR073W,YHR158C,0,-0.6052041,0.0001348981459159404,1.0,0.6738794445991516
YDR328C,YDR005C,0,-0.6054046,0.00013487995602190495,1.0,0.6739703416824341
YGR055W,YBR094W,0,-0.6057886,0.0001348617661278695,1.0,0.6740612983703613
YDR122W,YNL278W,0,-0.60595274,0.00013484357623383403,1.0,0.6741521954536438
YML067C,YPR134W,0,-0.6061617,0.0001348254008917138,1.0,0.6742430925369263
YBR112C,YER159C,0,-0.6061704,0.00013480722554959357,1.0,0.6743340492248535
YFR016C,YER109C,0,-0.60660565,0.00013478905020747334,1.0,0.674424946308136
YDR280W,YFL018W-A,0,-0.6070219,0.00013477088941726834,1.0,0.6745158433914185
YFR047C,YNR024W,0,-0.6073132,0.00013475272862706333,1.0,0.6746068000793457
YOR371C,YOR275C,0,-0.60775805,0.00013473456783685833,1.0,0.6746976971626282
YBR083W,YMR116C,0,-0.6079445,0.00013471642159856856,1.0,0.6747885942459106
YDR098C,YEL048C,0,-0.60795,0.00013469827536027879,1.0,0.6748795509338379
YAR033W,YGL005C,0,-0.6081332,0.000134680129121989,1.0,0.6749704480171204
YBR054W,YDL046W,0,-0.60839736,0.00013466199743561447,1.0,0.6750613451004028
YER113C,YDR480W,0,-0.60847896,0.00013464386574923992,1.0,0.6751523017883301
YGL073W,YBR254C,0,-0.6088195,0.00013462573406286538,1.0,0.6752431988716125
YJR132W,YJR027W,0,-0.60903317,0.00013460761692840606,1.0,0.675334095954895
YBR130C,YER038C,0,-0.60908926,0.00013458949979394674,1.0,0.6754250526428223
YNR038W,YNL094W,0,-0.60957664,0.00013457139721140265,1.0,0.6755159497261047
YDR227W,YNR059W,0,-0.60970485,0.00013455328007694334,1.0,0.6756068468093872
YDR200C,YNL055C,0,-0.6098241,0.00013453517749439925,1.0,0.6756978034973145
YOL029C,YER127W,0,-0.60988456,0.0001345170894637704,1.0,0.6757887005805969
YPL176C,YMR072W,0,-0.6099038,0.0001344989868812263,1.0,0.6758795976638794
YML021C,YDR165W,0,-0.61016804,0.00013448089885059744,1.0,0.6759705543518066
YJL162C,YNL123W,0,-0.61025834,0.0001344628253718838,1.0,0.6760614514350891
YAL019W,YJL179W,0,-0.6104454,0.00013444473734125495,1.0,0.6761523485183716
YJL026W,YIL018W,0,-0.6104784,0.00013442666386254132,1.0,0.6762433052062988
YLR193C,YBR268W,0,-0.6112021,0.00013440860493574291,1.0,0.6763342022895813
YNL243W,YNR024W,0,-0.61123604,0.0001343905460089445,1.0,0.6764251589775085
YLL016W,YDL105W,0,-0.61134535,0.0001343724870821461,1.0,0.676516056060791
YHR165C,YNR030W,0,-0.61140484,0.0001343544281553477,1.0,0.6766069531440735
YPL138C,YKL141W,0,-0.6114083,0.00013433638378046453,1.0,0.6766979098320007
YPL224C,YDR028C,0,-0.6114205,0.00013431833940558136,1.0,0.6767888069152832
YKL149C,YPR071W,0,-0.6114521,0.00013430029503069818,1.0,0.6768797039985657
YGL142C,YPR175W,0,-0.6114614,0.00013428226520773023,1.0,0.6769706606864929
YKR031C,YDR179C,0,-0.611503,0.0001342642353847623,1.0,0.6770615577697754
YMR243C,YOR117W,0,-0.6115673,0.00013424620556179434,1.0,0.6771524548530579
YGL121C,YER113C,0,-0.61166793,0.00013422819029074162,1.0,0.6772434115409851
YLR223C,YMR101C,0,-0.6116917,0.0001342101750196889,1.0,0.6773343086242676
YDR398W,YGR283C,0,-0.61170155,0.00013419215974863619,1.0,0.67742520570755
YGL098W,YNL133C,0,-0.6117461,0.0001341741590294987,1.0,0.6775161623954773
YDR107C,YDR392W,0,-0.6117729,0.0001341561583103612,1.0,0.6776070594787598
YMR175W,YDR500C,0,-0.61180735,0.00013413815759122372,1.0,0.6776979565620422
YPR008W,YOR195W,0,-0.6119886,0.00013412017142400146,1.0,0.6777889132499695
YOR177C,YHR138C,0,-0.6120312,0.0001341021852567792,1.0,0.677879810333252
YCL048W,YDR105C,0,-0.61205363,0.00013408419908955693,1.0,0.6779707074165344
YDR398W,YNR071C,0,-0.6123027,0.0001340662274742499,1.0,0.6780616641044617
YMR050C,YHR138C,0,-0.61244434,0.00013404825585894287,1.0,0.6781525611877441
YAL041W,YBR066C,0,-0.6126228,0.00013403028424363583,1.0,0.6782434582710266
YDR217C,YBR162C,0,-0.61262286,0.00013401232718024403,1.0,0.6783344149589539
YGL198W,YHL021C,0,-0.6130881,0.00013399437011685222,1.0,0.6784253120422363
YGL063W,YKL051W,0,-0.6131101,0.00013397641305346042,1.0,0.6785162091255188
YBR043C,YER167W,0,-0.6131824,0.00013395847054198384,1.0,0.678607165813446
YNL240C,YOL059W,0,-0.6132418,0.00013394052803050727,1.0,0.6786980628967285
YMR242C,YPR174C,0,-0.61334354,0.0001339225855190307,1.0,0.678788959980011
YEL020W-A,YAL007C,0,-0.6135131,0.00013390465755946934,1.0,0.6788799166679382
YDL098C,YML086C,0,-0.6137478,0.000133886729599908,1.0,0.6789708137512207
YIL064W,YBR180W,0,-0.6139523,0.00013386880164034665,1.0,0.6790617108345032
YDL124W,YHR194W,0,-0.6139778,0.00013385088823270053,1.0,0.6791526675224304
YJR132W,YOR009W,0,-0.61404055,0.0001338329748250544,1.0,0.6792435646057129
YNL025C,YOR026W,0,-0.6140945,0.0001338150614174083,1.0,0.6793344616889954
YFL005W,YLR200W,0,-0.61410785,0.0001337971625616774,1.0,0.6794254183769226
YDL247W,YGR030C,0,-0.6141926,0.0001337792637059465,1.0,0.6795163154602051
YGL061C,YKR052C,0,-0.6142528,0.00013376136485021561,1.0,0.6796072125434875
YLR037C,YHR158C,0,-0.61431015,0.00013374348054639995,1.0,0.6796981692314148
YER139C,YGR083C,0,-0.6143173,0.0001337255962425843,1.0,0.6797890663146973
YLR417W,YKL063C,0,-0.61434746,0.00013370771193876863,1.0,0.6798799633979797
YDR243C,YLR360W,0,-0.6147036,0.0001336898421868682,1.0,0.679970920085907
YDR392W,YER113C,0,-0.6147095,0.00013367197243496776,1.0,0.6800618171691895
YOR254C,YIR031C,0,-0.6148265,0.00013365410268306732,1.0,0.6801527142524719
YGL087C,YBR003W,0,-0.6150358,0.00013363624748308212,1.0,0.6802436709403992
YDR217C,YBR212W,0,-0.61503947,0.0001336183922830969,1.0,0.6803345680236816
YNL038W,YNL246W,0,-0.61506695,0.0001336005370831117,1.0,0.6804254651069641
YER142C,YJR108W,0,-0.6152705,0.0001335826818831265,1.0,0.6805164217948914
YDL159W,YHL007C,0,-0.6154417,0.00013356484123505652,1.0,0.6806073188781738
YER100W,YPR106W,0,-0.6155069,0.00013354701513890177,1.0,0.6806982159614563
YAL002W,YCR024C,0,-0.6155418,0.0001335291744908318,1.0,0.6807891726493835
YLR426W,YKR083C,0,-0.6162113,0.00013351134839467704,1.0,0.680880069732666
YHR111W,YMR116C,0,-0.6162596,0.0001334935222985223,1.0,0.6809710264205933
YDL093W,YOR079C,0,-0.6163224,0.00013347571075428277,1.0,0.6810619235038757
YDR107C,YBR066C,0,-0.6164768,0.00013345789921004325,1.0,0.6811528205871582
YLL018C-A,YDR160W,0,-0.6169236,0.00013344008766580373,1.0,0.6812437772750854
YPR169W,YPR155C,0,-0.6169392,0.0001334222761215642,1.0,0.6813346743583679
YML023C,YAL059W,0,-0.61701965,0.00013340447912923992,1.0,0.6814255714416504
YFR014C,YJL083W,0,-0.61729497,0.00013338668213691562,1.0,0.6815165281295776
YJL078C,YDL124W,0,-0.6173576,0.00013336889969650656,1.0,0.6816074252128601
YIL033C,YKL051W,0,-0.61759853,0.0001333511172560975,1.0,0.6816983222961426
YPL056C,YGL078C,0,-0.6178725,0.00013333333481568843,1.0,0.6817892789840698
YNR032C-A,YJR131W,0,-0.618074,0.00013331555237527937,1.0,0.6818801760673523
YLR044C,YPR120C,0,-0.6182438,0.00013329778448678553,1.0,0.6819710731506348
YJL078C,YOR330C,0,-0.6189831,0.0001332800165982917,1.0,0.682062029838562
YER081W,YBR149W,0,-0.61921966,0.0001332622632617131,1.0,0.6821529269218445
YNL041C,YNL176C,0,-0.6197851,0.00013324450992513448,1.0,0.682243824005127
YER149C,YOR271C,0,-0.6199509,0.00013322675658855587,1.0,0.6823347806930542
YGR205W,YFR053C,0,-0.6199775,0.00013320900325197726,1.0,0.6824256777763367
YOR027W,YOL011W,0,-0.6201483,0.00013319126446731389,1.0,0.6825165748596191
YDR427W,YMR105C,0,-0.6201829,0.0001331735256826505,1.0,0.6826075315475464
YDR075W,YJR052W,0,-0.62022275,0.00013315578689798713,1.0,0.6826984286308289
YLR118C,YDL100C,0,-0.6202715,0.00013313806266523898,1.0,0.6827893257141113
YJL001W,YER015W,0,-0.62046087,0.00013312033843249083,1.0,0.6828802824020386
YOR241W,YCR021C,0,-0.62051094,0.0001331026287516579,1.0,0.682971179485321
YPL168W,YPL248C,0,-0.62051857,0.00013308490451890975,1.0,0.6830620765686035
YLL026W,YBR045C,0,-0.6206044,0.00013306719483807683,1.0,0.6831530332565308
YBR005W,YJL180C,0,-0.6206443,0.00013304949970915914,1.0,0.6832439303398132
YDR075W,YNL025C,0,-0.6208254,0.0001330317900283262,1.0,0.6833348274230957
YDL091C,YDR289C,0,-0.62088376,0.00013301409489940852,1.0,0.683425784111023
YKR027W,YPL233W,0,-0.62091386,0.00013299641432240605,1.0,0.6835166811943054
YDR361C,YMR050C,0,-0.6209297,0.00013297871919348836,1.0,0.6836075782775879
YIL008W,YER109C,0,-0.62093693,0.0001329610386164859,1.0,0.6836985349655151
YDR435C,YDR165W,0,-0.6210167,0.00013294337259139866,1.0,0.6837894320487976
YPL203W,YDR103W,0,-0.6210259,0.0001329256920143962,1.0,0.6838803291320801
YDR261C,YHR090C,0,-0.621279,0.00013290802598930895,1.0,0.6839712858200073
YNL288W,YLL014W,0,-0.62144816,0.00013289035996422172,1.0,0.6840621829032898
YLR039C,YNR038W,0,-0.621762,0.0001328727084910497,1.0,0.6841530799865723
YLR167W,YPR114W,0,-0.62183183,0.0001328550570178777,1.0,0.6842440366744995
YDR500C,YPL168W,0,-0.62215436,0.0001328374055447057,1.0,0.684334933757782
YPL280W,YMR275C,0,-0.6221907,0.0001328197686234489,1.0,0.6844258308410645
YMR261C,YKL029C,0,-0.62221646,0.00013280213170219213,1.0,0.6845167875289917
YMR118C,YHR114W,0,-0.6222553,0.00013278449478093535,1.0,0.6846076846122742
YER108C,YHR073W,0,-0.6227453,0.00013276685785967857,1.0,0.6846985816955566
YOR078W,YBR212W,0,-0.6227566,0.00013274923549033701,1.0,0.6847895383834839
YIL075C,YDR545W,0,-0.6240941,0.00013273161312099546,1.0,0.6848804354667664
YHR170W,YIL033C,0,-0.62420654,0.00013271400530356914,1.0,0.6849713325500488
YIL053W,YGR244C,0,-0.62431884,0.00013269639748614281,1.0,0.6850622892379761
YPR100W,YGL194C,0,-0.62434244,0.0001326787896687165,1.0,0.6851531863212585
YPR131C,YKL006W,0,-0.62438285,0.00013266118185129017,1.0,0.685244083404541
YBR112C,YLR092W,0,-0.6244606,0.00013264358858577907,1.0,0.6853350400924683
YDR515W,YGR208W,0,-0.6246017,0.00013262599532026798,1.0,0.6854259371757507
YDL160C,YLR315W,0,-0.62471783,0.00013260840205475688,1.0,0.685516893863678
YNL263C,YDL123W,0,-0.6248779,0.000132590823341161,1.0,0.6856077909469604
YER176W,YLR466W,0,-0.62491107,0.00013257324462756515,1.0,0.6856986880302429
YNL294C,YPR155C,0,-0.6249623,0.0001325556804658845,1.0,0.6857896447181702
YLR001C,YJL069C,0,-0.62546027,0.00013253810175228864,1.0,0.6858805418014526
YKL069W,YGL246C,0,-0.62582767,0.000132520537590608,1.0,0.6859714388847351
YJL180C,YPL178W,0,-0.6258848,0.0001325029879808426,1.0,0.6860623955726624
YLR426W,YDR517W,0,-0.6259161,0.00013248542381916195,1.0,0.6861532926559448
YLR085C,YHR201C,0,-0.6259366,0.00013246787420939654,1.0,0.6862441897392273
YHR202W,YLR384C,0,-0.62601125,0.00013245032459963113,1.0,0.6863351464271545
YPR148C,YMR125W,0,-0.6260257,0.00013243278954178095,1.0,0.686426043510437
YGR057C,YNR059W,0,-0.6262869,0.00013241525448393077,1.0,0.6865169405937195
YKR072C,YDL046W,0,-0.626287,0.00013239771942608058,1.0,0.6866078972816467
YDL160C,YGR178C,0,-0.6263295,0.00013238019892014563,1.0,0.6866987943649292
YHR073W,YDR107C,0,-0.6264838,0.00013236267841421068,1.0,0.6867896914482117
YFR027W,YER072W,0,-0.62681895,0.00013234515790827572,1.0,0.6868806481361389
YFR031C-A,YNL317W,0,-0.62690365,0.00013232763740234077,1.0,0.6869715452194214
YOR045W,YGL151W,0,-0.6269853,0.00013231013144832104,1.0,0.6870624423027039
YOR262W,YNL025C,0,-0.6270833,0.00013229262549430132,1.0,0.6871533989906311
YGL231C,YBR146W,0,-0.62709355,0.00013227513409219682,1.0,0.6872442960739136
YOR266W,YLR333C,0,-0.62710714,0.00013225764269009233,1.0,0.687335193157196
YOR129C,YDL012C,0,-0.62718415,0.00013224015128798783,1.0,0.6874261498451233
YER108C,YGL064C,0,-0.6272129,0.00013222265988588333,1.0,0.6875170469284058
YHR033W,YLR060W,0,-0.6273618,0.00013220518303569406,1.0,0.6876079440116882
YML102W,YPR046W,0,-0.6276288,0.0001321877061855048,1.0,0.6876989006996155
YMR059W,YCR038C,0,-0.6276468,0.00013217022933531553,1.0,0.687789797782898
YMR220W,YEL051W,0,-0.62786674,0.00013215276703704149,1.0,0.6878806948661804
YGR202C,YOR132W,0,-0.6284597,0.00013213530473876745,1.0,0.6879716515541077
YHR113W,YEL024W,0,-0.6285312,0.0001321178424404934,1.0,0.6880625486373901
YJR046W,YOR358W,0,-0.6285616,0.0001321003946941346,1.0,0.6881534457206726
YKL052C,YAL030W,0,-0.62857926,0.00013208294694777578,1.0,0.6882444024085999
YCR058C,YNL029C,0,-0.6285956,0.00013206549920141697,1.0,0.6883352994918823
YML098W,YDR257C,0,-0.6286139,0.00013204806600697339,1.0,0.6884261965751648
YLR362W,YDL024C,0,-0.62885064,0.0001320306328125298,1.0,0.688517153263092
YBR066C,YNL298W,0,-0.6288643,0.00013201319961808622,1.0,0.6886080503463745
YFL061W,YAL007C,0,-0.62901044,0.00013199578097555786,1.0,0.688698947429657
YPR174C,YGR245C,0,-0.629062,0.0001319783623330295,1.0,0.6887899041175842
YHL038C,YMR001C,0,-0.62932837,0.00013196094369050115,1.0,0.6888808012008667
YMR110C,YKR088C,0,-0.6294671,0.0001319435250479728,1.0,0.6889716982841492
YNL318C,YER060W,0,-0.62962836,0.00013192612095735967,1.0,0.6890626549720764
YPL168W,YGL144C,0,-0.62964624,0.00013190871686674654,1.0,0.6891535520553589
YDL105W,YAL056W,0,-0.62978166,0.00013189132732804865,1.0,0.6892444491386414
YML016C,YGL240W,0,-0.6298368,0.00013187392323743552,1.0,0.6893354058265686
YJR041C,YGR193C,0,-0.6298795,0.00013185653369873762,1.0,0.6894263029098511
YDR439W,YER149C,0,-0.6300685,0.00013183915871195495,1.0,0.6895171999931335
YLL026W,YKR072C,0,-0.63015866,0.00013182178372517228,1.0,0.6896081566810608
YPL140C,YGR007W,0,-0.63028145,0.0001318044087383896,1.0,0.6896990537643433
YPR055W,YPL224C,0,-0.63028944,0.00013178703375160694,1.0,0.6897900104522705
YAL041W,YOR127W,0,-0.6303171,0.0001317696733167395,1.0,0.689880907535553
YIL033C,YKL039W,0,-0.630318,0.00013175231288187206,1.0,0.6899718046188354
YLR377C,YIL154C,0,-0.6303339,0.00013173495244700462,1.0,0.6900627613067627
YML127W,YHR120W,0,-0.63034415,0.00013171759201213717,1.0,0.6901536583900452
YBR038W,YIR019C,0,-0.63040495,0.00013170024612918496,1.0,0.6902445554733276
YGR060W,YKR083C,0,-0.630465,0.00013168291479814798,1.0,0.6903355121612549
YDL024C,YPL049C,0,-0.6307912,0.00013166556891519576,1.0,0.6904264092445374
YOR271C,YPL006W,0,-0.63101363,0.00013164823758415878,1.0,0.6905173063278198
YJL057C,YOR101W,0,-0.6311597,0.0001316309062531218,1.0,0.6906082630157471
YOR358W,YDR176W,0,-0.6312728,0.00013161358947400004,1.0,0.6906991600990295
YBL014C,YJL197W,0,-0.6314559,0.00013159625814296305,1.0,0.690790057182312
YKR078W,YLL016W,0,-0.63151836,0.0001315789413638413,1.0,0.6908810138702393
YFL005W,YER123W,0,-0.6318934,0.00013156163913663477,1.0,0.6909719109535217
YAL026C,YLR054C,0,-0.63198423,0.00013154433690942824,1.0,0.6910628080368042
YBR005W,YGR129W,0,-0.6321296,0.0001315270346822217,1.0,0.6911537647247314
YJL110C,YOL029C,0,-0.63225555,0.00013150973245501518,1.0,0.6912446618080139
YLL053C,YGL107C,0,-0.63253224,0.00013149244477972388,1.0,0.6913355588912964
YGR235C,YDR515W,0,-0.632541,0.00013147515710443258,1.0,0.6914265155792236
YFR016C,YJL127C,0,-0.6329303,0.00013145786942914128,1.0,0.6915174126625061
YKL069W,YDL106C,0,-0.6329832,0.00013144058175384998,1.0,0.6916083097457886
YML096W,YBR028C,0,-0.63357866,0.0001314233086304739,1.0,0.6916992664337158
YDR477W,YBR083W,0,-0.6335917,0.00013140605005901307,1.0,0.6917901635169983
YOR172W,YGL192W,0,-0.6336898,0.000131388776935637,1.0,0.6918810606002808
YOL116W,YNL119W,0,-0.6338459,0.00013137151836417615,1.0,0.691972017288208
YGL231C,YMR177W,0,-0.63397974,0.0001313542597927153,1.0,0.6920629143714905
YPR143W,YOR019W,0,-0.63402843,0.0001313370157731697,1.0,0.692153811454773
YGL144C,YBR301W,0,-0.63421977,0.00013131975720170885,1.0,0.6922447681427002
YLL048C,YOR034C,0,-0.6342269,0.00013130252773407847,1.0,0.6923356652259827
YBR114W,YKR077W,0,-0.63427037,0.00013128528371453285,1.0,0.6924265623092651
YBR254C,YPL058C,0,-0.634334,0.00013126805424690247,1.0,0.6925175189971924
YKR078W,YLR190W,0,-0.63435096,0.00013125082477927208,1.0,0.6926084160804749
YOR018W,YGR181W,0,-0.634359,0.0001312335953116417,1.0,0.6926993131637573
YOR335C,YJR054W,0,-0.63444805,0.00013121638039592654,1.0,0.6927902698516846
YPL171C,YDL119C,0,-0.6346171,0.00013119916548021138,1.0,0.692881166934967
YDR176W,YBR045C,0,-0.6347019,0.00013118195056449622,1.0,0.6929720640182495
YPR007C,YOR059C,0,-0.63474786,0.00013116473564878106,1.0,0.6930630207061768
YOR275C,YPL115C,0,-0.635056,0.00013114753528498113,1.0,0.6931539177894592
YER142C,YNL068C,0,-0.6351588,0.00013113034947309643,1.0,0.6932448148727417
YPL203W,YGR040W,0,-0.63526225,0.0001311131491092965,1.0,0.693335771560669
YGR205W,YBR023C,0,-0.6352817,0.0001310959632974118,1.0,0.6934266686439514
YER072W,YPL248C,0,-0.6356064,0.0001310787774855271,1.0,0.6935175657272339
YBL016W,YBR095C,0,-0.6359946,0.00013106160622555763,1.0,0.6936085224151611
YNL142W,YNL068C,0,-0.63600385,0.00013104442041367292,1.0,0.6936994194984436
YDR516C,YGR283C,0,-0.6362289,0.00013102724915370345,1.0,0.6937903165817261
YNR055C,YPL021W,0,-0.6363517,0.0001310100924456492,1.0,0.6938812732696533
YLL016W,YAL026C,0,-0.6365428,0.00013099292118567973,1.0,0.6939721703529358
YDL035C,YGL208W,0,-0.6366798,0.0001309757644776255,1.0,0.6940630674362183
YGR120C,YLR115W,0,-0.63678527,0.00013095862232148647,1.0,0.6941540241241455
YKL029C,YNL111C,0,-0.6372195,0.00013094146561343223,1.0,0.694244921207428
YKR078W,YIL038C,0,-0.63723963,0.0001309243234572932,1.0,0.6943358778953552
YPR010C,YML016C,0,-0.6377317,0.0001309071813011542,1.0,0.6944267749786377
YBL016W,YOR212W,0,-0.63775545,0.0001308900536969304,1.0,0.6945176720619202
YGL194C,YLR068W,0,-0.63824344,0.00013087292609270662,1.0,0.6946086287498474
YOR068C,YHL003C,0,-0.6387285,0.00013085579848848283,1.0,0.6946995258331299
YOR192C,YAL030W,0,-0.6388413,0.00013083867088425905,1.0,0.6947904229164124
YNL190W,YAL011W,0,-0.6388848,0.00013082155783195049,1.0,0.6948813796043396
YOR258W,YDR289C,0,-0.6390082,0.00013080444477964193,1.0,0.6949722766876221
YDR204W,YBR268W,0,-0.63902825,0.0001307873462792486,1.0,0.6950631737709045
YPL225W,YOL116W,0,-0.6390336,0.00013077023322694004,1.0,0.6951541304588318
YCR091W,YPR148C,0,-0.6390571,0.0001307531347265467,1.0,0.6952450275421143
YHR011W,YHR111W,0,-0.63922954,0.0001307360507780686,1.0,0.6953359246253967
YER167W,YGL198W,0,-0.6393825,0.00013071895227767527,1.0,0.695426881313324
YER100W,YLR367W,0,-0.63955504,0.00013070186832919717,1.0,0.6955177783966064
YGL167C,YBR094W,0,-0.63965774,0.00013068478438071907,1.0,0.6956086754798889
YOL116W,YOR127W,0,-0.63971555,0.0001306677149841562,1.0,0.6956996321678162
YLR426W,YHL035C,0,-0.6397631,0.00013065064558759332,1.0,0.6957905292510986
YOL042W,YER143W,0,-0.6398285,0.00013063357619103044,1.0,0.6958814263343811
YMR316W,YOR080W,0,-0.6399158,0.00013061650679446757,1.0,0.6959723830223083
YOR193W,YDL093W,0,-0.64009404,0.00013059945194981992,1.0,0.6960632801055908
YGL076C,YML057W,0,-0.64053595,0.00013058239710517228,1.0,0.6961541771888733
YPL117C,YML082W,0,-0.6407842,0.00013056534226052463,1.0,0.6962451338768005
YDR200C,YIL167W,0,-0.64107335,0.0001305483019677922,1.0,0.696336030960083
YOL098C,YDL117W,0,-0.6410898,0.0001305312616750598,1.0,0.6964269280433655
YBR119W,YDR406W,0,-0.641148,0.00013051422138232738,1.0,0.6965178847312927
YDR545W,YER071C,0,-0.64120746,0.0001304971956415102,1.0,0.6966087818145752
YER108C,YAL056W,0,-0.64125335,0.000130480169900693,1.0,0.6966996788978577
YGL018C,YOR330C,0,-0.6416217,0.0001304631441598758,1.0,0.6967906355857849
YHR190W,YKR083C,0,-0.6416563,0.00013044613297097385,1.0,0.6968815326690674
YBR279W,YAL026C,0,-0.6416626,0.00013042910723015666,1.0,0.6969724297523499
YIL120W,YER093C,0,-0.6417398,0.0001304120960412547,1.0,0.6970633864402771
YPL203W,YHR111W,0,-0.64195037,0.00013039509940426797,1.0,0.6971542835235596
YOR380W,YJR108W,0,-0.6420074,0.00013037810276728123,1.0,0.697245180606842
YCR058C,YNL251C,0,-0.64216566,0.0001303611061302945,1.0,0.6973361372947693
YDR004W,YLL014W,0,-0.64240056,0.00013034410949330777,1.0,0.6974270343780518
YOL076W,YPL006W,0,-0.64264816,0.00013032712740823627,1.0,0.6975179314613342
YER109C,YLR229C,0,-0.6428129,0.00013031014532316476,1.0,0.6976088881492615
YLR451W,YMR149W,0,-0.64294523,0.00013029316323809326,1.0,0.697699785232544
YJL098W,YCL035C,0,-0.64310706,0.00013027618115302175,1.0,0.6977906823158264
YER129W,YGR040W,0,-0.64320016,0.00013025921361986548,1.0,0.6978816390037537
YIL043C,YGL016W,0,-0.6432074,0.0001302422460867092,1.0,0.6979725360870361
YJL069C,YOR259C,0,-0.6432208,0.00013022529310546815,1.0,0.6980634331703186
YDR516C,YFL026W,0,-0.6433962,0.0001302083401242271,1.0,0.6981543898582458
YGL018C,YGL049C,0,-0.64346755,0.00013019138714298606,1.0,0.6982452869415283
YAL056W,YDR379W,0,-0.64347196,0.000130174434161745,1.0,0.6983361840248108
YOR247W,YPL253C,0,-0.6435218,0.0001301574957324192,1.0,0.698427140712738
YNL176C,YBL091C,0,-0.64363605,0.00013014055730309337,1.0,0.6985180377960205
YKL080W,YLR247C,0,-0.643654,0.00013012361887376755,1.0,0.698608934879303
YAL059W,YDL243C,0,-0.64384437,0.00013010668044444174,1.0,0.6986998915672302
YMR081C,YER159C,0,-0.64388824,0.00013008975656703115,1.0,0.6987907886505127
YNL286W,YHR157W,0,-0.6440642,0.00013007284724153578,1.0,0.6988817453384399
YGL028C,YER167W,0,-0.6444652,0.0001300559233641252,1.0,0.6989726424217224
YLL018C,YGL240W,0,-0.64486164,0.00013003901403862983,1.0,0.6990635395050049
YBR211C,YNL247W,0,-0.64527977,0.00013002210471313447,1.0,0.6991544961929321
YMR149W,YPL097W,0,-0.64576805,0.0001300051953876391,1.0,0.6992453932762146
YJL059W,YNL214W,0,-0.64609987,0.00012998830061405897,1.0,0.6993362903594971
YNR032C-A,YPL254W,0,-0.6461339,0.00012997140584047884,1.0,0.6994272470474243
YJL181W,YGL049C,0,-0.6462349,0.0001299545110668987,1.0,0.6995181441307068
YPL138C,YMR183C,0,-0.64627606,0.0001299376308452338,1.0,0.6996090412139893
YHR120W,YBR023C,0,-0.6463208,0.0001299207506235689,1.0,0.6996999979019165
YOR080W,YAL056W,0,-0.6463917,0.000129903870401904,1.0,0.699790894985199
YDR325W,YER178W,0,-0.64657664,0.0001298870047321543,1.0,0.6998817920684814
YBR065C,YHR037W,0,-0.6465992,0.0001298701245104894,1.0,0.6999727487564087
YKR089C,YOL078W,0,-0.6466795,0.00012985325884073973,1.0,0.7000636458396912
YBR046C,YOL042W,0,-0.6467783,0.00012983640772290528,1.0,0.7001545429229736
YHR073W,YJL089W,0,-0.6468997,0.00012981955660507083,1.0,0.7002454996109009
YEL027W,YNL066W,0,-0.6469172,0.00012980270548723638,1.0,0.7003363966941833
YHR210C,YOR227W,0,-0.64698356,0.00012978585436940193,1.0,0.7004272937774658
YFL035C-B,YLR215C,0,-0.64717185,0.0001297690178034827,1.0,0.7005182504653931
YOL009C,YMR118C,0,-0.64741105,0.00012975216668564826,1.0,0.7006091475486755
YER044C-A,YDR381W,0,-0.6474131,0.00012973534467164427,1.0,0.700700044631958
YDR287W,YFR030W,0,-0.6478815,0.00012971850810572505,1.0,0.7007910013198853
YNL317W,YNL156C,0,-0.64800525,0.00012970168609172106,1.0,0.7008818984031677
YFR024C-A,YJL078C,0,-0.6481253,0.00012968486407771707,1.0,0.7009727954864502
YGL121C,YOR127W,0,-0.6483741,0.0001296680566156283,1.0,0.7010637521743774
YLR196W,YLR288C,0,-0.6488924,0.0001296512346016243,1.0,0.7011546492576599
YJL098W,YDR040C,0,-0.64895767,0.00012963442713953555,1.0,0.7012455463409424
YOR081C,YPR174C,0,-0.6491592,0.000129617634229362,1.0,0.7013365030288696
YIL148W,YGR030C,0,-0.6492362,0.00012960082676727325,1.0,0.7014274001121521
YDR268W,YPR057W,0,-0.6495918,0.0001295840338570997,1.0,0.7015182971954346
YPL209C,YGR193C,0,-0.649709,0.00012956724094692618,1.0,0.7016092538833618
YFL049W,YBR034C,0,-0.6499231,0.00012955046258866787,1.0,0.7017001509666443
YGL073W,YFR024C-A,0,-0.6503418,0.00012953368423040956,1.0,0.7017910480499268
YIL056W,YHR149C,0,-0.65051913,0.00012951690587215126,1.0,0.701882004737854
YPL133C,YLR039C,0,-0.65070575,0.00012950012751389295,1.0,0.7019729018211365
YAL056W,YGR040W,0,-0.65080357,0.00012948336370754987,1.0,0.702063798904419
YGR055W,YOR132W,0,-0.65090936,0.0001294665999012068,1.0,0.7021547555923462
YPL140C,YOR011W,0,-0.6512396,0.0001294498360948637,1.0,0.7022456526756287
YER113C,YNL298W,0,-0.6516288,0.00012943308684043586,1.0,0.7023365497589111
YER139C,YCR018C,0,-0.65164953,0.000129416337586008,1.0,0.7024275064468384
YPR003C,YFR014C,0,-0.65191793,0.00012939958833158016,1.0,0.7025184035301208
YPR037C,YDL124W,0,-0.65196705,0.0001293828390771523,1.0,0.7026093006134033
YNL094W,YJL003W,0,-0.6522026,0.0001293661043746397,1.0,0.7027002573013306
YKR053C,YMR035W,0,-0.6523794,0.00012934936967212707,1.0,0.702791154384613
YCR107W,YER129W,0,-0.65243614,0.00012933264952152967,1.0,0.7028820514678955
YBL051C,YLR143W,0,-0.6525536,0.00012931591481901705,1.0,0.7029730081558228
YLR352W,YER167W,0,-0.65356183,0.00012929919466841966,1.0,0.7030639052391052
YOL144W,YOR253W,0,-0.6537267,0.0001292824890697375,1.0,0.7031548619270325
YGR254W,YLR196W,0,-0.65390635,0.0001292657689191401,1.0,0.7032457590103149
YKL006C-A,YHR110W,0,-0.65402335,0.00012924906332045794,1.0,0.7033366560935974
YOR250C,YLR017W,0,-0.65476984,0.00012923235772177577,1.0,0.7034276127815247
YCR016W,YIL014W,0,-0.6548419,0.00012921566667500883,1.0,0.7035185098648071
YDR189W,YMR156C,0,-0.6549843,0.00012919896107632667,1.0,0.7036094069480896
YOL096C,YPL183C,0,-0.6551353,0.00012918227002955973,1.0,0.7037003636360168
YCL012W,YKL099C,0,-0.655216,0.00012916559353470802,1.0,0.7037912607192993
YML101C,YFL011W,0,-0.6552322,0.00012914890248794109,1.0,0.7038821578025818
YIL008W,YHR080C,0,-0.6553854,0.00012913222599308938,1.0,0.703973114490509
YDR160W,YBR301W,0,-0.6556286,0.0001291155640501529,1.0,0.7040640115737915
YPR173C,YBR094W,0,-0.6558124,0.0001290988875553012,1.0,0.704154908657074
YOR081C,YFR038W,0,-0.656073,0.0001290822256123647,1.0,0.7042458653450012
YBL007C,YOL051W,0,-0.6561623,0.00012906556366942823,1.0,0.7043367624282837
YPL138C,YHR154W,0,-0.6565965,0.00012904891627840698,1.0,0.7044276595115662
YGL046W,YGR040W,0,-0.6567596,0.0001290322543354705,1.0,0.7045186161994934
YJL089W,YHR084W,0,-0.6570224,0.00012901560694444925,1.0,0.7046095132827759
YPL141C,YPL239W,0,-0.657109,0.00012899897410534322,1.0,0.7047004103660583
YGL246C,YJR054W,0,-0.6574637,0.00012898232671432197,1.0,0.7047913670539856
YKR027W,YML055W,0,-0.6574881,0.00012896569387521595,1.0,0.7048822641372681
YOR380W,YPR106W,0,-0.6578128,0.00012894906103610992,1.0,0.7049731612205505
YHR202W,YHR194W,0,-0.6578245,0.00012893244274891913,1.0,0.7050641179084778
YPL141C,YGR174C,0,-0.6578247,0.00012891582446172833,1.0,0.7051550149917603
YCR035C,YCR038C,0,-0.6578648,0.00012889920617453754,1.0,0.7052459120750427
YKR007W,YDR110W,0,-0.65838194,0.00012888258788734674,1.0,0.70533686876297
YNL183C,YOL135C,0,-0.6585742,0.00012886598415207118,1.0,0.7054277658462524
YLR345W,YOR372C,0,-0.6586225,0.0001288493804167956,1.0,0.7055186629295349
YER108C,YBR066C,0,-0.65968305,0.00012883277668152004,1.0,0.7056096196174622
YPL203W,YER113C,0,-0.65974617,0.00012881617294624448,1.0,0.7057005167007446
YDR127W,YCR031C,0,-0.65987587,0.00012879958376288414,1.0,0.7057914137840271
YFR040W,YML055W,0,-0.66036725,0.0001287829945795238,1.0,0.7058823704719543
YDL003W,YGL139W,0,-0.6607089,0.0001287664199480787,1.0,0.7059732675552368
YBL087C,YKR075C,0,-0.66073346,0.00012874984531663358,1.0,0.7060641646385193
YLR190W,YHL026C,0,-0.66087556,0.00012873327068518847,1.0,0.7061551213264465
YBR112C,YMR242C,0,-0.6608837,0.00012871669605374336,1.0,0.706246018409729
YMR243C,YMR275C,0,-0.6609793,0.00012870013597421348,1.0,0.7063369154930115
YGL053W,YJR108W,0,-0.6610378,0.00012868356134276837,1.0,0.7064278721809387
YKR085C,YMR105C,0,-0.661232,0.00012866701581515372,1.0,0.7065187692642212
YCL012W,YLR435W,0,-0.6613564,0.00012865045573562384,1.0,0.7066096663475037
YDL145C,YPR046W,0,-0.6617676,0.00012863391020800918,1.0,0.7067006230354309
YNL298W,YIR019C,0,-0.66194654,0.00012861736468039453,1.0,0.7067915201187134
YBR101C,YDR439W,0,-0.661981,0.00012860081915277988,1.0,0.7068824172019958
YBR107C,YGL085W,0,-0.6620599,0.00012858428817708045,1.0,0.7069733738899231
YAL015C,YDR343C,0,-0.66209805,0.00012856775720138103,1.0,0.7070642709732056
YJR042W,YCR018C,0,-0.6621578,0.0001285512262256816,1.0,0.707155168056488
YLR333C,YGL016W,0,-0.6623153,0.0001285347098018974,1.0,0.7072461247444153
YBL016W,YHR011W,0,-0.66252905,0.00012851817882619798,1.0,0.7073370218276978
YOR262W,YFR049W,0,-0.66258436,0.00012850167695432901,1.0,0.7074279189109802
YGL028C,YNL076W,0,-0.66259587,0.00012848516053054482,1.0,0.7075188755989075
YGR217W,YHR111W,0,-0.66276264,0.00012846865865867585,1.0,0.7076097726821899
YNL190W,YKR079C,0,-0.6628006,0.00012845215678680688,1.0,0.7077007293701172
YOR079C,YHL015W,0,-0.66297144,0.0001284356549149379,1.0,0.7077916264533997
YLR347C,YCR035C,0,-0.6632863,0.00012841915304306895,1.0,0.7078825235366821
YIL011W,YPL010W,0,-0.66332936,0.0001284026657231152,1.0,0.7079734802246094
YMR101C,YDR469W,0,-0.6634097,0.00012838617840316147,1.0,0.7080643773078918
YDR435C,YPL130W,0,-0.6635064,0.00012836970563512295,1.0,0.7081552743911743
YGR193C,YCR065W,0,-0.66361547,0.00012835323286708444,1.0,0.7082462310791016
YPL138C,YFR040W,0,-0.66384983,0.00012833676009904593,1.0,0.708337128162384
YKL149C,YGL240W,0,-0.66391516,0.00012832028733100742,1.0,0.7084280252456665
YOR262W,YBR211C,0,-0.66404116,0.00012830382911488414,1.0,0.7085189819335938
YGR204W,YLR175W,0,-0.6644398,0.00012828737089876086,1.0,0.7086098790168762
YDR178W,YMR101C,0,-0.66460407,0.00012827091268263757,1.0,0.7087007761001587
YGR094W,YER015W,0,-0.6646527,0.0001282544544665143,1.0,0.7087917327880859
YOR319W,YPL097W,0,-0.6646862,0.00012823801080230623,1.0,0.7088826298713684
YDL024C,YOR212W,0,-0.6648102,0.00012822156713809818,1.0,0.7089735269546509
YOR127W,YNL119W,0,-0.66488147,0.00012820512347389013,1.0,0.7090644836425781
YPL056C,YLL021W,0,-0.6650944,0.0001281886943615973,1.0,0.7091553807258606
YDR325W,YDR200C,0,-0.66572833,0.00012817226524930447,1.0,0.7092462778091431
YER027C,YDR103W,0,-0.66586566,0.00012815583613701165,1.0,0.7093372344970703
YJR123W,YHR037W,0,-0.6661316,0.00012813942157663405,1.0,0.7094281315803528
YDR463W,YMR322C,0,-0.6661536,0.00012812299246434122,1.0,0.7095190286636353
YOR018W,YFR030W,0,-0.6662288,0.00012810657790396363,1.0,0.7096099853515625
YOR380W,YKL005C,0,-0.6663195,0.00012809017789550126,1.0,0.709700882434845
YPL169C,YPR068C,0,-0.6663712,0.00012807376333512366,1.0,0.7097917795181274
YDR490C,YMR232W,0,-0.6664607,0.0001280573633266613,1.0,0.7098827362060547
YLR345W,YPL198W,0,-0.6666463,0.00012804097787011415,1.0,0.7099736332893372
YIL019W,YDR435C,0,-0.6667672,0.00012802457786165178,1.0,0.7100645303726196
YJL013C,YGL115W,0,-0.6667839,0.00012800819240510464,1.0,0.7101554870605469
YAL056W,YDL159W,0,-0.66688967,0.0001279918069485575,1.0,0.7102463841438293
YDR482C,YOL154W,0,-0.6674658,0.00012797542149201035,1.0,0.7103372812271118
YOR091W,YBR089C-A,0,-0.66746724,0.00012795905058737844,1.0,0.7104282379150391
YIR004W,YDR359C,0,-0.66751087,0.00012794267968274653,1.0,0.7105191349983215
YFL011W,YBR089C-A,0,-0.66771924,0.00012792630877811462,1.0,0.710610032081604
YLR277C,YLR190W,0,-0.66773504,0.00012790995242539793,1.0,0.7107009887695312
YDR039C,YER109C,0,-0.66782117,0.00012789359607268125,1.0,0.7107918858528137
YNL221C,YLR143W,0,-0.6678878,0.00012787723971996456,1.0,0.7108827829360962
YKL033W,YKL026C,0,-0.6683001,0.00012786088336724788,1.0,0.7109737396240234
YLR229C,YNL119W,0,-0.6685385,0.00012784454156644642,1.0,0.7110646367073059
YLR185W,YOR009W,0,-0.668605,0.00012782819976564497,1.0,0.7111555337905884
YIL064W,YOR011W,0,-0.6689486,0.0001278118579648435,1.0,0.7112464904785156
YNL181W,YMR183C,0,-0.66897154,0.00012779553071595728,1.0,0.7113373875617981
YNL247W,YBL014C,0,-0.6690457,0.00012777920346707106,1.0,0.7114282846450806
YJR123W,YNR019W,0,-0.66932327,0.00012776287621818483,1.0,0.7115192413330078
YOR193W,YDR213W,0,-0.66947114,0.0001277465489692986,1.0,0.7116101384162903
YDR469W,YHR157W,0,-0.669503,0.0001277302362723276,1.0,0.7117010354995728
YKL045W,YBR028C,0,-0.67027754,0.0001277139235753566,1.0,0.7117919921875
YER176W,YHR079C-B,0,-0.67041135,0.0001276976108783856,1.0,0.7118828892707825
YGR003W,YHR133C,0,-0.6705371,0.00012768131273332983,1.0,0.7119737863540649
YGL058W,YML076C,0,-0.670773,0.00012766500003635883,1.0,0.7120647430419922
YHR005C,YBL005W,0,-0.6708265,0.0001276487164432183,1.0,0.7121556401252747
YFR027W,YGR142W,0,-0.6708619,0.00012763241829816252,1.0,0.7122465968132019
YNL233W,YOR172W,0,-0.6711819,0.00012761613470502198,1.0,0.7123374938964844
YGR283C,YKL132C,0,-0.67126465,0.00012759985111188143,1.0,0.7124283909797668
YJR131W,YOR254C,0,-0.67141116,0.0001275835675187409,1.0,0.7125193476676941
YFL011W,YDR244W,0,-0.6717281,0.00012756729847751558,1.0,0.7126102447509766
YPR037C,YJL003W,0,-0.67200005,0.00012755101488437504,1.0,0.712701141834259
YLR362W,YDR379W,0,-0.6720364,0.00012753476039506495,1.0,0.7127920985221863
YPR131C,YLL014W,0,-0.67209136,0.00012751849135383964,1.0,0.7128829956054688
YDL003W,YLR056W,0,-0.67210996,0.00012750223686452955,1.0,0.7129738926887512
YJL186W,YOR260W,0,-0.6721947,0.00012748598237521946,1.0,0.7130648493766785
YCR016W,YNL048W,0,-0.67226267,0.00012746972788590938,1.0,0.7131557464599609
YCL017C,YGR004W,0,-0.67255306,0.0001274534733965993,1.0,0.7132466435432434
YOR207C,YLR292C,0,-0.67277765,0.00012743723345920444,1.0,0.7133376002311707
YKR096W,YKL197C,0,-0.6728065,0.00012742099352180958,1.0,0.7134284973144531
YPR017C,YOL135C,0,-0.67327833,0.00012740476813632995,1.0,0.7135193943977356
YMR286W,YFR016C,0,-0.67329216,0.0001273885281989351,1.0,0.7136103510856628
YHR096C,YGR138C,0,-0.6734359,0.00012737230281345546,1.0,0.7137012481689453
YMR076C,YGL078C,0,-0.673556,0.00012735609197989106,1.0,0.7137921452522278
YPL105C,YBR023C,0,-0.6735867,0.00012733986659441143,1.0,0.713883101940155
YER142C,YGL064C,0,-0.6738074,0.00012732365576084703,1.0,0.7139739990234375
YCL001W,YIL018W,0,-0.6738446,0.00012730744492728263,1.0,0.71406489610672
YDL106C,YMR040W,0,-0.67385185,0.00012729124864563346,1.0,0.7141558527946472
YDR441C,YLR417W,0,-0.6739384,0.00012727503781206906,1.0,0.7142467498779297
YDR204W,YMR149W,0,-0.6742296,0.00012725884153041989,1.0,0.7143376469612122
YPL138C,YDL243C,0,-0.67422986,0.00012724264524877071,1.0,0.7144286036491394
YCL044C,YPL021W,0,-0.6742388,0.00012722646351903677,1.0,0.7145195007324219
YHR185C,YML059C,0,-0.67443085,0.00012721028178930283,1.0,0.7146103978157043
YER108C,YER027C,0,-0.67457104,0.00012719410005956888,1.0,0.7147013545036316
YCL044C,YDR244W,0,-0.67477375,0.00012717791832983494,1.0,0.7147922515869141
YML127W,YDR359C,0,-0.6747872,0.00012716175115201622,1.0,0.7148831486701965
YDR361C,YLR451W,0,-0.6749263,0.0001271455839741975,1.0,0.7149741053581238
YMR192W,YPR199C,0,-0.67505825,0.0001271294167963788,1.0,0.7150650024414062
YJR118C,YFR038W,0,-0.6750687,0.0001271132641704753,1.0,0.7151558995246887
YGR003W,YHR037W,0,-0.6753084,0.0001270970969926566,1.0,0.715246856212616
YOR383C,YFR014C,0,-0.6754659,0.0001270809443667531,1.0,0.7153377532958984
YJL196C,YDL076C,0,-0.6757848,0.00012706480629276484,1.0,0.7154286503791809
YHR154W,YDR365C,0,-0.6758331,0.00012704865366686136,1.0,0.7155196070671082
YOR241W,YCR058C,0,-0.6758869,0.0001270325155928731,1.0,0.7156105041503906
YPL169C,YGR122W,0,-0.6759752,0.00012701639207080007,1.0,0.7157014012336731
YPR097W,YLR260W,0,-0.6760282,0.0001270002539968118,1.0,0.7157923579216003
YDR372C,YAL026C,0,-0.6761789,0.00012698413047473878,1.0,0.7158832550048828
YER007C-A,YLR067C,0,-0.67632294,0.00012696800695266575,1.0,0.7159741520881653
YGL027C,YNL029C,0,-0.6764824,0.00012695188343059272,1.0,0.7160651087760925
YJR153W,YLL021W,0,-0.67679644,0.00012693577446043491,1.0,0.716156005859375
YJR132W,YHR079C-B,0,-0.6770562,0.0001269196654902771,1.0,0.7162469029426575
YPL133C,YHR113W,0,-0.67706156,0.0001269035565201193,1.0,0.7163378596305847
YNL294C,YOR275C,0,-0.67731977,0.0001268874475499615,1.0,0.7164287567138672
YOR250C,YGL231C,0,-0.6776446,0.00012687135313171893,1.0,0.7165197134017944
YGL189C,YOR059C,0,-0.6777123,0.00012685525871347636,1.0,0.7166106104850769
YAL041W,YIR019C,0,-0.6777396,0.00012683916429523379,1.0,0.7167015075683594
YMR105C,YKL043W,0,-0.67788655,0.00012682308442890644,1.0,0.7167924642562866
YGR204W,YNL251C,0,-0.67791563,0.0001268070045625791,1.0,0.7168833613395691
YKR085C,YPL056C,0,-0.6779568,0.00012679092469625175,1.0,0.7169742584228516
YJL180C,YOR019W,0,-0.6781998,0.0001267748448299244,1.0,0.7170652151107788
YKR064W,YER032W,0,-0.678227,0.0001267587795155123,1.0,0.7171561121940613
YOR087W,YNL111C,0,-0.6783031,0.00012674271420110017,1.0,0.7172470092773438
YDR317W,YMR177W,0,-0.6784255,0.00012672664888668805,1.0,0.717337965965271
YDR482C,YLR223C,0,-0.6785591,0.00012671059812419116,1.0,0.7174288630485535
YDL035C,YIR019C,0,-0.6787471,0.00012669453280977905,1.0,0.7175197601318359
YLR052W,YOL009C,0,-0.6787728,0.0001266784965991974,1.0,0.7176107168197632
YLR363C,YMR153W,0,-0.67882526,0.0001266624458367005,1.0,0.7177016139030457
YHL003C,YDL119C,0,-0.67899644,0.00012664640962611884,1.0,0.7177925109863281
YOR068C,YBR162C,0,-0.6790154,0.00012663035886362195,1.0,0.7178834676742554
YML120C,YPR120C,0,-0.67903507,0.00012661433720495552,1.0,0.7179743647575378
YNR048W,YLR068W,0,-0.67904735,0.00012659830099437386,1.0,0.7180652618408203
YDR122W,YER093C,0,-0.6791822,0.00012658227933570743,1.0,0.7181562185287476
YJL162C,YOR250C,0,-0.67925453,0.000126566257677041,1.0,0.71824711561203
YPR114W,YDR300C,0,-0.67926216,0.00012655023601837456,1.0,0.7183380126953125
YML127W,YDL087C,0,-0.6794649,0.00012653422891162336,1.0,0.7184289693832397
YGL196W,YER139C,0,-0.6795522,0.00012651822180487216,1.0,0.7185198664665222
YDL124W,YGL167C,0,-0.6797109,0.00012650221469812095,1.0,0.7186107635498047
YDR490C,YML076C,0,-0.67974365,0.00012648620759136975,1.0,0.7187017202377319
YHR150W,YER032W,0,-0.6797792,0.00012647021503653377,1.0,0.7187926173210144
YDL240W,YPR010C,0,-0.6798483,0.0001264542224816978,1.0,0.7188835144042969
YJR041C,YER129W,0,-0.6800022,0.00012643822992686182,1.0,0.7189744710922241
YBR180W,YGR044C,0,-0.6802585,0.00012642225192394108,1.0,0.7190653681755066
YPR175W,YKL029C,0,-0.6803086,0.00012640627392102033,1.0,0.7191562652587891
YAL011W,YHR106W,0,-0.6805515,0.00012639029591809958,1.0,0.7192472219467163
YMR286W,YNL065W,0,-0.6809447,0.00012637431791517884,1.0,0.7193381190299988
YMR230W,YJL173C,0,-0.6812264,0.00012635835446417332,1.0,0.7194290161132812
YGL076C,YDR517W,0,-0.681319,0.0001263423910131678,1.0,0.7195199728012085
YJR041C,YBR208C,0,-0.6813449,0.00012632642756216228,1.0,0.719610869884491
YOR252W,YPR105C,0,-0.6816113,0.00012631046411115676,1.0,0.7197017669677734
YNL328C,YCR091W,0,-0.68169016,0.00012629451521206647,1.0,0.7197927236557007
YIL033C,YBL047C,0,-0.68188965,0.00012627856631297618,1.0,0.7198836207389832
YDR406W,YBR015C,0,-0.6820702,0.00012626263196580112,1.0,0.7199745178222656
YLR194C,YNL065W,0,-0.6821103,0.00012624668306671083,1.0,0.7200654745101929
YLL048C,YOR019W,0,-0.68221325,0.00012623074871953577,1.0,0.7201563715934753
YOR157C,YGR260W,0,-0.68231225,0.0001262148143723607,1.0,0.7202472686767578
YJR046W,YER167W,0,-0.6823554,0.00012619889457710087,1.0,0.7203382253646851
YPL058C,YER071C,0,-0.6824962,0.0001261829602299258,1.0,0.7204291224479675
YPR199C,YLR001C,0,-0.68299496,0.00012616704043466598,1.0,0.72052001953125
YOL051W,YJL001W,0,-0.6830727,0.00012615113519132137,1.0,0.7206109762191772
YJR153W,YIR031C,0,-0.68337643,0.00012613521539606154,1.0,0.7207018733024597
YGR129W,YMR118C,0,-0.6839641,0.00012611931015271693,1.0,0.7207927703857422
YPR037C,YAL051W,0,-0.6840036,0.00012610340490937233,1.0,0.7208837270736694
YLR362W,YGL046W,0,-0.6840247,0.00012608749966602772,1.0,0.7209746241569519
YDR528W,YMR133W,0,-0.68418556,0.00012607160897459835,1.0,0.7210655808448792
YLR075W,YOR059C,0,-0.68428147,0.00012605571828316897,1.0,0.7211564779281616
YDR469W,YHR090C,0,-0.68473935,0.0001260398275917396,1.0,0.7212473750114441
YLR044C,YKR031C,0,-0.68479156,0.00012602395145222545,1.0,0.7213383316993713
YJL089W,YMR116C,0,-0.6850252,0.00012600806076079607,1.0,0.7214292287826538
YEL020W-A,YHR197W,0,-0.6850904,0.00012599218462128192,1.0,0.7215201258659363
YPL116W,YGR017W,0,-0.68521243,0.000125976323033683,1.0,0.7216110825538635
YBR248C,YDR057W,0,-0.6852666,0.00012596044689416885,1.0,0.721701979637146
YGR202C,YMR262W,0,-0.6853095,0.00012594458530656993,1.0,0.7217928767204285
YOR027W,YMR035W,0,-0.68534327,0.00012592872371897101,1.0,0.7218838334083557
YIL064W,YDR469W,0,-0.6856452,0.0001259128621313721,1.0,0.7219747304916382
YLR061W,YLR292C,0,-0.68584985,0.0001258970150956884,1.0,0.7220656275749207
YDR212W,YIL014W,0,-0.6858603,0.0001258811680600047,1.0,0.7221565842628479
YIR026C,YIL123W,0,-0.68591976,0.00012586532102432102,1.0,0.7222474813461304
YCL044C,YIL096C,0,-0.68614024,0.00012584948854055256,1.0,0.7223383784294128
YKL191W,YHR120W,0,-0.6861666,0.00012583364150486887,1.0,0.7224293351173401
YLR432W,YDL149W,0,-0.6861838,0.0001258178090211004,1.0,0.7225202322006226
YPL169C,YBR016W,0,-0.68630964,0.00012580199108924717,1.0,0.722611129283905
YER108C,YHL007C,0,-0.6863109,0.0001257861586054787,1.0,0.7227020859718323
YHR110W,YOR011W,0,-0.6864874,0.00012577034067362547,1.0,0.7227929830551147
YOR358W,YBR191W,0,-0.68651146,0.00012575452274177223,1.0,0.7228838801383972
YMR192W,YIL064W,0,-0.6868272,0.00012573871936183423,1.0,0.7229748368263245
YNL250W,YPL133C,0,-0.6869164,0.000125722901429981,1.0,0.7230657339096069
YNL183C,YKR083C,0,-0.6870152,0.000125707098050043,1.0,0.7231566309928894
YBR046C,YOR189W,0,-0.68710333,0.0001256913092220202,1.0,0.7232475876808167
YGL061C,YFR034C,0,-0.687211,0.0001256755058420822,1.0,0.7233384847640991
YHR110W,YML047C,0,-0.6875489,0.00012565971701405942,1.0,0.7234293818473816
YNL132W,YIL173W,0,-0.6876024,0.00012564392818603665,1.0,0.7235203385353088
YBR054W,YER142C,0,-0.6877029,0.00012562813935801387,1.0,0.7236112356185913
YKL087C,YPL156C,0,-0.68771756,0.00012561236508190632,1.0,0.7237021327018738
YOR129C,YNL294C,0,-0.6878526,0.00012559659080579877,1.0,0.723793089389801
YPR110C,YHL021C,0,-0.688375,0.00012558081652969122,1.0,0.7238839864730835
YGR245C,YLR263W,0,-0.68840903,0.00012556504225358367,1.0,0.723974883556366
YGR235C,YGR174C,0,-0.6887348,0.00012554928252939135,1.0,0.7240658402442932
YPL146C,YMR055C,0,-0.68886113,0.00012553352280519903,1.0,0.7241567373275757
YOL135C,YNR071C,0,-0.6891936,0.0001255177630810067,1.0,0.7242476344108582
YNL045W,YKL081W,0,-0.6892121,0.00012550200335681438,1.0,0.7243385910987854
YDR178W,YPL056C,0,-0.6892228,0.0001254862581845373,1.0,0.7244294881820679
YOR177C,YPL173W,0,-0.6893652,0.0001254705130122602,1.0,0.7245203852653503
YJR117W,YGR142W,0,-0.6894827,0.0001254547678399831,1.0,0.7246113419532776
YDR323C,YPL233W,0,-0.68949276,0.00012543903721962124,1.0,0.7247022390365601
YNL020C,YEL039C,0,-0.68965256,0.00012542330659925938,1.0,0.7247931361198425
YER033C,YGL116W,0,-0.68968785,0.0001254075759788975,1.0,0.7248840928077698
YPR155C,YNL029C,0,-0.6897673,0.00012539184535853565,1.0,0.7249749898910522
YOR009W,YKL099C,0,-0.6898323,0.000125376129290089,1.0,0.7250658869743347
YLR426W,YHR158C,0,-0.68992674,0.00012536041322164237,1.0,0.725156843662262
YKL051W,YOR195W,0,-0.69012284,0.00012534469715319574,1.0,0.7252477407455444
YBR211C,YAL019W,0,-0.6901278,0.00012532899563666433,1.0,0.7253386378288269
YNL328C,YFR016C,0,-0.69030774,0.0001253132795682177,1.0,0.7254295945167542
YGR024C,YIR004W,0,-0.690532,0.0001252975780516863,1.0,0.7255204916000366
YOL029C,YNL036W,0,-0.6911403,0.0001252818910870701,1.0,0.7256114482879639
YPL138C,YHR202W,0,-0.6915209,0.0001252661895705387,1.0,0.7257023453712463
YNL298W,YDR480W,0,-0.69153965,0.00012525050260592252,1.0,0.7257932424545288
YCL068C,YOR086C,0,-0.6918472,0.00012523481564130634,1.0,0.725884199142456
YLR223C,YBR180W,0,-0.6919474,0.00012521912867669016,1.0,0.7259750962257385
YHR185C,YLR435W,0,-0.6920109,0.0001252034562639892,1.0,0.726065993309021
YPL215W,YNL076W,0,-0.69208896,0.00012518778385128826,1.0,0.7261569499969482
YDR381W,YLR007W,0,-0.6922443,0.0001251721114385873,1.0,0.7262478470802307
YKR096W,YBR005W,0,-0.6923331,0.00012515643902588636,1.0,0.7263387441635132
YDR515W,YMR230W,0,-0.6923454,0.00012514078116510063,1.0,0.7264297008514404
YNL181W,YOR026W,0,-0.69242156,0.0001251251233043149,1.0,0.7265205979347229
YLR390W-A,YML092C,0,-0.6925142,0.0001251094654435292,1.0,0.7266114950180054
YLR390W-A,YBL035C,0,-0.6926363,0.0001250938221346587,1.0,0.7267024517059326
YHR139C,YBR089C-A,0,-0.69263685,0.0001250781788257882,1.0,0.7267933487892151
YNL045W,YJR123W,0,-0.69264984,0.0001250625355169177,1.0,0.7268842458724976
YCL016C,YNL142W,0,-0.6926645,0.0001250468922080472,1.0,0.7269752025604248
YLR352W,YDR200C,0,-0.69277203,0.00012503126345109195,1.0,0.7270660996437073
YDR127W,YCR005C,0,-0.69280887,0.00012501562014222145,1.0,0.7271569967269897
YCR016W,YHR170W,0,-0.6929701,0.0001250000059371814,1.0,0.727247953414917
YOR262W,YDR111C,0,-0.69301957,0.00012498437718022615,1.0,0.7273388504981995
YAL019W,YLR092W,0,-0.693236,0.0001249687629751861,1.0,0.7274297475814819
YOR048C,YIL011W,0,-0.6934668,0.00012495314877014607,1.0,0.7275207042694092
YGR097W,YML016C,0,-0.69367373,0.00012493753456510603,1.0,0.7276116013526917
YPL235W,YLR313C,0,-0.69372356,0.000124921920360066,1.0,0.7277024984359741
YIL030C,YLR061W,0,-0.6938485,0.0001249063207069412,1.0,0.7277934551239014
YLR039C,YLR067C,0,-0.6941487,0.00012489072105381638,1.0,0.7278843522071838
YOR316C,YEL024W,0,-0.69461846,0.00012487512140069157,1.0,0.7279752492904663
YDR111C,YHR110W,0,-0.6946845,0.000124859536299482,1.0,0.7280662059783936
YCL005W-A,YKL040C,0,-0.69484854,0.0001248439511982724,1.0,0.728157103061676
YPR134W,YNL055C,0,-0.6948848,0.00012482836609706283,1.0,0.7282480001449585
YKL062W,YOR065W,0,-0.6950942,0.00012481278099585325,1.0,0.7283389568328857
YAL015C,YLL014W,0,-0.6951217,0.0001247972104465589,1.0,0.7284298539161682
YNL221C,YBR049C,0,-0.6951238,0.0001247816253453493,1.0,0.7285207509994507
YNL194C,YOR249C,0,-0.69542325,0.0001247660693479702,1.0,0.7286117076873779
YDR280W,YKR083C,0,-0.6954318,0.00012475049879867584,1.0,0.7287026047706604
YDR107C,YOR127W,0,-0.6955048,0.0001247349428012967,1.0,0.7287935018539429
YHR011W,YNL197C,0,-0.6955917,0.0001247193868039176,1.0,0.7288844585418701
YOL055C,YDR075W,0,-0.696049,0.00012470383080653846,1.0,0.7289753556251526
YCR036W,YOR009W,0,-0.6966967,0.00012468827480915934,1.0,0.7290662527084351
YBR023C,YPR174C,0,-0.6967639,0.00012467273336369544,1.0,0.7291572093963623
YCR086W,YDR025W,0,-0.69681484,0.00012465719191823155,1.0,0.7292481064796448
YHR084W,YLR083C,0,-0.69734234,0.00012464165047276765,1.0,0.7293390035629272
YGL238W,YDR135C,0,-0.6973473,0.00012462612357921898,1.0,0.7294299602508545
YBR233W-A,YPL193W,0,-0.6973721,0.00012461059668567032,1.0,0.729520857334137
YDR345C,YJL012C,0,-0.6974121,0.00012459506979212165,1.0,0.7296117544174194
YBL008W,YLR058C,0,-0.6975194,0.00012457954289857298,1.0,0.7297027111053467
YOR004W,YNL133C,0,-0.69752663,0.00012456403055693954,1.0,0.7297936081886292
YHR204W,YGL246C,0,-0.6976236,0.0001245485182153061,1.0,0.7298845052719116
YBR119W,YER178W,0,-0.6977408,0.00012453300587367266,1.0,0.7299754619598389
YJR118C,YNL024C,0,-0.6978249,0.00012451749353203923,1.0,0.7300663590431213
YMR243C,YGL070C,0,-0.6983662,0.00012450199574232101,1.0,0.7301573157310486
YOR383C,YPL179W,0,-0.6985117,0.0001244864979526028,1.0,0.730248212814331
YJR120W,YDR025W,0,-0.69902635,0.0001244710001628846,1.0,0.7303391098976135
YPR110C,YPL235W,0,-0.69918066,0.00012445550237316638,1.0,0.7304300665855408
YNL036W,YLR460C,0,-0.6993042,0.0001244400191353634,1.0,0.7305209636688232
YNL145W,YKL002W,0,-0.69931483,0.00012442453589756042,1.0,0.7306118607521057
YKL087C,YCL067C,0,-0.6994084,0.00012440905265975744,1.0,0.730702817440033
YOR371C,YHL007C,0,-0.699506,0.00012439358397386968,1.0,0.7307937145233154
YIL148W,YNL063W,0,-0.6996621,0.00012437811528798193,1.0,0.7308846116065979
YJL045W,YML047C,0,-0.7001021,0.00012436264660209417,1.0,0.7309755682945251
YCR058C,YNL288W,0,-0.7003543,0.00012434717791620642,1.0,0.7310664653778076
YGR235C,YJL098W,0,-0.70051956,0.0001243317237822339,1.0,0.7311573624610901
YNL045W,YJR042W,0,-0.7010729,0.00012431625509634614,1.0,0.7312483191490173
YOR156C,YGR007W,0,-0.7014381,0.00012430080096237361,1.0,0.7313392162322998
YML013W,YBR169C,0,-0.7016085,0.00012428536138031632,1.0,0.7314301133155823
YLR460C,YMR091C,0,-0.7019992,0.0001242699072463438,1.0,0.7315210700035095
YBR091C,YGL151W,0,-0.70205,0.0001242544676642865,1.0,0.731611967086792
YOR380W,YDR268W,0,-0.7020745,0.00012423904263414443,1.0,0.7317028641700745
YCL016C,YKR088C,0,-0.7027871,0.00012422360305208713,1.0,0.7317938208580017
YFR047C,YHL015W,0,-0.7029901,0.00012420817802194506,1.0,0.7318847179412842
YGR254W,YGL246C,0,-0.70300496,0.000124192752991803,1.0,0.7319756150245667
YLR451W,YLR413W,0,-0.7030085,0.00012417732796166092,1.0,0.7320665717124939
YLL024C,YPL145C,0,-0.7032832,0.00012416190293151885,1.0,0.7321574687957764
YKL045W,YCR018C,0,-0.70348334,0.000124146492453292,1.0,0.7322483658790588
YPR008W,YHL035C,0,-0.7036624,0.00012413108197506517,1.0,0.7323393225669861
YGL126W,YMR177W,0,-0.70372903,0.00012411567149683833,1.0,0.7324302196502686
YDR041W,YMR226C,0,-0.70391977,0.00012410027557052672,1.0,0.732521116733551
YNL133C,YDR160W,0,-0.7039361,0.0001240848796442151,1.0,0.7326120734214783
YCL005W-A,YOL076W,0,-0.70400196,0.0001240694837179035,1.0,0.7327029705047607
YDR107C,YHR111W,0,-0.7042956,0.00012405408779159188,1.0,0.7327938675880432
YLR006C,YLR360W,0,-0.7043048,0.0001240387064171955,1.0,0.7328848242759705
YDR434W,YFL026W,0,-0.70434195,0.0001240233104908839,1.0,0.7329757213592529
YGR224W,YOR195W,0,-0.70458394,0.00012400794366840273,1.0,0.7330666184425354
YPL140C,YOL132W,0,-0.7046758,0.00012399256229400635,1.0,0.7331575751304626
YDL117W,YCL054W,0,-0.7047552,0.0001239771954715252,1.0,0.7332484722137451
YDR308C,YNL029C,0,-0.70525855,0.0001239618140971288,1.0,0.7333393692970276
YBL014C,YIL123W,0,-0.70535195,0.00012394646182656288,1.0,0.7334303259849548
YDL012C,YFR034C,0,-0.70542234,0.00012393109500408173,1.0,0.7335212230682373
YDR091C,YER123W,0,-0.7054841,0.0001239157427335158,1.0,0.7336121201515198
YLR004C,YJL180C,0,-0.7056618,0.00012390039046294987,1.0,0.733703076839447
YDR372C,YNR053C,0,-0.7058432,0.00012388503819238394,1.0,0.7337939739227295
YOR117W,YHL021C,0,-0.70584786,0.00012386968592181802,1.0,0.733884871006012
YNR052C,YPL189W,0,-0.7065058,0.00012385434820316732,1.0,0.7339758276939392
YCR016W,YDR289C,0,-0.70651245,0.00012383901048451662,1.0,0.7340667247772217
YDR381W,YDR246W,0,-0.70680743,0.00012382367276586592,1.0,0.7341576218605042
YIL052C,YDR057W,0,-0.7068479,0.00012380834959913045,1.0,0.7342485785484314
YNR032C-A,YGR083C,0,-0.7072444,0.00012379301188047975,1.0,0.7343394756317139
YHR158C,YGR224W,0,-0.70735246,0.00012377768871374428,1.0,0.7344304323196411
YIL120W,YJL196C,0,-0.7074052,0.00012376238009892404,1.0,0.7345213294029236
YML107C,YOL095C,0,-0.707729,0.00012374705693218857,1.0,0.734612226486206
YPL116W,YBR085W,0,-0.7077745,0.00012373174831736833,1.0,0.7347031831741333
YOR090C,YPR128C,0,-0.70793635,0.0001237164397025481,1.0,0.7347940802574158
YGL027C,YIL087C,0,-0.7079654,0.00012370113108772784,1.0,0.7348849773406982
YOR320C,YLR417W,0,-0.7082131,0.00012368583702482283,1.0,0.7349759340286255
YMR116C,YDL159W,0,-0.70823836,0.00012367054296191782,1.0,0.735066831111908
YLR411W,YCL068C,0,-0.7082456,0.0001236552488990128,1.0,0.7351577281951904
YHR073W,YDR379W,0,-0.7082661,0.0001236399548361078,1.0,0.7352486848831177
YOR380W,YAL051W,0,-0.70860755,0.000123624675325118,1.0,0.7353395819664001
YNL119W,YDR103W,0,-0.70888114,0.00012360939581412822,1.0,0.7354304790496826
YER109C,YGR040W,0,-0.70905006,0.00012359411630313843,1.0,0.7355214357376099
YGR046W,YNR024W,0,-0.7091056,0.00012357883679214865,1.0,0.7356123328208923
YLL016W,YPL262W,0,-0.709219,0.0001235635718330741,1.0,0.7357032299041748
YOR045W,YKL149C,0,-0.70931274,0.00012354830687399954,1.0,0.735794186592102
YPR169W,YBR028C,0,-0.7094588,0.00012353304191492498,1.0,0.7358850836753845
YBR168W,YJL208C,0,-0.7094893,0.00012351779150776565,1.0,0.735975980758667
YDR021W,YNL068C,0,-0.70961016,0.0001235025265486911,1.0,0.7360669374465942
YFR014C,YPL233W,0,-0.7097157,0.00012348727614153177,1.0,0.7361578345298767
YER038C,YIR031C,0,-0.7098112,0.00012347204028628767,1.0,0.7362487316131592
YPR037C,YDR434W,0,-0.7098862,0.00012345678987912834,1.0,0.7363396883010864
YER142C,YNL142W,0,-0.7099369,0.00012344155402388424,1.0,0.7364305853843689
YHR033W,YPR155C,0,-0.7102283,0.00012342631816864014,1.0,0.7365214824676514
YOR087W,YNR055C,0,-0.7102564,0.00012341108231339604,1.0,0.7366124391555786
YDR019C,YGL111W,0,-0.71032625,0.00012339586101006716,1.0,0.7367033362388611
YDR261C,YHL015W,0,-0.71032786,0.00012338062515482306,1.0,0.7367942333221436
YPR133C,YNL065W,0,-0.710809,0.0001233654038514942,1.0,0.7368851900100708
YDR516C,YNL294C,0,-0.7110778,0.00012335019710008055,1.0,0.7369760870933533
YAL051W,YGL240W,0,-0.71123207,0.00012333497579675168,1.0,0.7370669841766357
YHR185C,YPL239W,0,-0.7115673,0.00012331976904533803,1.0,0.737157940864563
YMR234W,YNL190W,0,-0.7116295,0.0001233045622939244,1.0,0.7372488379478455
YNL111C,YOL052C-A,0,-0.7117851,0.00012328935554251075,1.0,0.7373397350311279
YOR091W,YER032W,0,-0.7118529,0.00012327416334301233,1.0,0.7374306917190552
YPL198W,YJL196C,0,-0.7118575,0.00012325897114351392,1.0,0.7375215888023376
YCL005W-A,YML061C,0,-0.7119721,0.0001232437789440155,1.0,0.7376124858856201
YAL026C,YDR365C,0,-0.7125571,0.0001232285867445171,1.0,0.7377034425735474
YIL036W,YNL214W,0,-0.71278185,0.0001232134090969339,1.0,0.7377943396568298
YJR035W,YPL207W,0,-0.7128257,0.00012319823144935071,1.0,0.7378852367401123
YDL135C,YPR010C,0,-0.71321267,0.00012318305380176753,1.0,0.7379761934280396
YMR232W,YKL196C,0,-0.7133094,0.00012316787615418434,1.0,0.738067090511322
YBR268W,YDR412W,0,-0.7133715,0.00012315271305851638,1.0,0.7381579875946045
YLR011W,YHR118C,0,-0.71343887,0.00012313754996284842,1.0,0.7382489442825317
YNL318C,YJL167W,0,-0.71399784,0.00012312238686718047,1.0,0.7383398413658142
YDR276C,YDR273W,0,-0.71406186,0.0001231072237715125,1.0,0.7384307384490967
YDR434W,YNL111C,0,-0.7141937,0.00012309207522775978,1.0,0.7385216951370239
YKL033W,YIL064W,0,-0.71420693,0.00012307692668400705,1.0,0.7386125922203064
YPL262W,YLR435W,0,-0.7143461,0.00012306177814025432,1.0,0.7387034893035889
YPR131C,YGL171W,0,-0.714934,0.0001230466295965016,1.0,0.7387944459915161
YDR280W,YER044C-A,0,-0.71500766,0.0001230314956046641,1.0,0.7388853430747986
YOR330C,YCL064C,0,-0.7151208,0.00012301636161282659,1.0,0.7389762997627258
YEL032W,YPL135W,0,-0.7152787,0.00012300122762098908,1.0,0.7390671968460083
YJL089W,YAL056W,0,-0.7153281,0.0001229861081810668,1.0,0.7391580939292908
YFL011W,YGL093W,0,-0.7153544,0.0001229709741892293,1.0,0.739249050617218
YDL240W,YLL053C,0,-0.71539825,0.00012295585474930704,1.0,0.7393399477005005
YJL173C,YLR067C,0,-0.7154273,0.00012294073530938476,1.0,0.739430844783783
YHR103W,YLR451W,0,-0.7155824,0.00012292563042137772,1.0,0.7395218014717102
YML081W,YNL023C,0,-0.715604,0.00012291052553337067,1.0,0.7396126985549927
YOR253W,YDR005C,0,-0.716117,0.00012289542064536363,1.0,0.7397035956382751
YLR083C,YDR480W,0,-0.7162955,0.00012288031575735658,1.0,0.7397945523262024
YNL119W,YAL056W,0,-0.71632236,0.00012286521086934954,1.0,0.7398854494094849
YCL017C,YHR020W,0,-0.7163544,0.00012285012053325772,1.0,0.7399763464927673
YGL073W,YGR080W,0,-0.7166624,0.0001228350301971659,1.0,0.7400673031806946
YPL126W,YOR157C,0,-0.7168484,0.0001228199398610741,1.0,0.740158200263977
YJL089W,YGL107C,0,-0.71689,0.0001228048640768975,1.0,0.7402490973472595
YHR142W,YGL058W,0,-0.717041,0.00012278978829272091,1.0,0.7403400540351868
YPR114W,YPL253C,0,-0.71709603,0.00012277471250854433,1.0,0.7404309511184692
YLL024C,YOL009C,0,-0.7173209,0.00012275963672436774,1.0,0.7405218482017517
YLR417W,YPR003C,0,-0.7173667,0.00012274457549210638,1.0,0.740612804889679
YML023C,YNL041C,0,-0.7173979,0.0001227294997079298,1.0,0.7407037019729614
YKL134C,YMR125W,0,-0.71764314,0.00012271443847566843,1.0,0.7407945990562439
YHL025W,YCR038C,0,-0.7178209,0.0001226993917953223,1.0,0.7408855557441711
YMR234W,YLR277C,0,-0.717973,0.00012268433056306094,1.0,0.7409764528274536
YNL190W,YOR357C,0,-0.7187513,0.0001226692838827148,1.0,0.7410673499107361
YBL013W,YER093C,0,-0.7188132,0.00012265423720236868,1.0,0.7411583065986633
YHR033W,YCR036W,0,-0.71883714,0.00012263919052202255,1.0,0.7412492036819458
YIL038C,YDL012C,0,-0.71916926,0.00012262415839359164,1.0,0.7413401007652283
YOR045W,YKL145W,0,-0.71923804,0.00012260912626516074,1.0,0.7414310574531555
YER031C,YOR002W,0,-0.7193151,0.00012259409413672984,1.0,0.741521954536438
YCL001W,YER081W,0,-0.7197687,0.00012257906200829893,1.0,0.7416128516197205
YIL147C,YHR096C,0,-0.72007024,0.00012256404443178326,1.0,0.7417038083076477
YDL024C,YDR379W,0,-0.72024465,0.00012254902685526758,1.0,0.7417947053909302
YGR003W,YGL151W,0,-0.72108877,0.0001225340092787519,1.0,0.7418856024742126
YPL215W,YHR158C,0,-0.7210953,0.00012251899170223624,1.0,0.7419765591621399
YPR155C,YOR059C,0,-0.72109556,0.00012250397412572056,1.0,0.7420674562454224
YDL072C,YBR119W,0,-0.72121906,0.00012248897110112011,1.0,0.7421583533287048
YCR024C,YPR148C,0,-0.7212573,0.00012247396807651967,1.0,0.7422493100166321
YGR161C,YML096W,0,-0.7213994,0.00012245897960383445,1.0,0.7423402070999146
YPL168W,YBR191W,0,-0.72140145,0.000122443976579234,1.0,0.742431104183197
YKR031C,YER081W,0,-0.7214719,0.00012242898810654879,1.0,0.7425220608711243
YMR192W,YDR175C,0,-0.7215508,0.00012241399963386357,1.0,0.7426129579544067
YBR086C,YOR158W,0,-0.72182745,0.00012239902571309358,1.0,0.7427038550376892
YGL045W,YDL119C,0,-0.7218389,0.00012238403724040836,1.0,0.7427948117256165
YBR180W,YDR005C,0,-0.72218895,0.00012236906331963837,1.0,0.7428857088088989
YER038C,YOL135C,0,-0.7221912,0.00012235408939886838,1.0,0.7429766058921814
YBR254C,YLR220W,0,-0.7222067,0.00012233913003001362,1.0,0.7430675625801086
YDL220C,YKR027W,0,-0.72226053,0.00012232415610924363,1.0,0.7431584596633911
YHR006W,YLR017W,0,-0.7225063,0.00012230919674038887,1.0,0.7432493567466736
YJL094C,YOR259C,0,-0.7228133,0.0001222942373715341,1.0,0.7433403134346008
YDR392W,YOR212W,0,-0.7234793,0.00012227929255459458,1.0,0.7434312105178833
YNL031C,YHR009C,0,-0.7237377,0.00012226433318573982,1.0,0.7435221672058105
YIL064W,YBR153W,0,-0.72387314,0.00012224938836880028,1.0,0.743613064289093
YNL025C,YGR266W,0,-0.72390044,0.00012223444355186075,1.0,0.7437039613723755
YJR132W,YDR075W,0,-0.72397053,0.00012221951328683645,1.0,0.7437949180603027
YIL007C,YLR196W,0,-0.72423714,0.0001222045684698969,1.0,0.7438858151435852
YCL017C,YPR141C,0,-0.7244335,0.0001221896382048726,1.0,0.7439767122268677
YBR069C,YMR275C,0,-0.72464794,0.0001221747079398483,1.0,0.7440676689147949
YDR148C,YKL032C,0,-0.72475815,0.00012215979222673923,1.0,0.7441585659980774
YIL056W,YDR437W,0,-0.72491086,0.00012214486196171492,1.0,0.7442494630813599
YLR384C,YHR157W,0,-0.72492814,0.00012212994624860585,1.0,0.7443404197692871
YER176W,YEL001C,0,-0.72492814,0.00012211503053549677,1.0,0.7444313168525696
YMR125W,YDR303C,0,-0.72536176,0.00012210012937430292,1.0,0.744522213935852
YKL081W,YFR038W,0,-0.7253729,0.00012208521366119385,1.0,0.7446131706237793
YML041C,YBR101C,0,-0.7254803,0.0001220703125,1.0,0.7447040677070618
YGL121C,YMR116C,0,-0.7255784,0.00012205541133880615,1.0,0.7447949647903442
YDR227W,YLR061W,0,-0.7258549,0.00012204051745356992,1.0,0.7448859214782715
YFR014C,YNL081C,0,-0.72605455,0.00012202562356833369,1.0,0.744976818561554
YBR114W,YPR068C,0,-0.7260729,0.00012201073695905507,1.0,0.7450677156448364
YOR254C,YHR020W,0,-0.72614765,0.00012199585034977645,1.0,0.7451586723327637
YDR129C,YAL051W,0,-0.72664696,0.00012198097101645544,1.0,0.7452495694160461
YBL056W,YJL096W,0,-0.726748,0.00012196609168313444,1.0,0.7453404664993286
YBR065C,YNL240C,0,-0.72708523,0.00012195121962577105,1.0,0.7454314231872559
YOR004W,YBR218C,0,-0.72721654,0.00012193634756840765,1.0,0.7455223202705383
YMR158W,YLR313C,0,-0.72723514,0.00012192148278700188,1.0,0.7456132173538208
YBR023C,YGR040W,0,-0.72743535,0.0001219066180055961,1.0,0.745704174041748
YMR286W,YER176W,0,-0.72776085,0.00012189176050014794,1.0,0.7457950711250305
YML021C,YML092C,0,-0.72779924,0.00012187690299469978,1.0,0.745885968208313
YDL024C,YGR040W,0,-0.72785264,0.00012186205276520923,1.0,0.7459769248962402
YHL038C,YDR301W,0,-0.72803265,0.00012184720253571868,1.0,0.7460678219795227
YKR031C,YPL189W,0,-0.728198,0.00012183235958218575,1.0,0.7461587190628052
YDR111C,YLR460C,0,-0.728359,0.00012181751662865281,1.0,0.7462496757507324
YLR193C,YLR451W,0,-0.7284881,0.00012180268095107749,1.0,0.7463405728340149
YIL147C,YNR071C,0,-0.7289677,0.00012178784527350217,1.0,0.7464314699172974
YGR165W,YIL033C,0,-0.7291058,0.00012177301687188447,1.0,0.7465224266052246
YCR044C,YKL006W,0,-0.7296294,0.00012175818847026676,1.0,0.7466133236885071
YHR073W,YIR019C,0,-0.7299716,0.00012174336734460667,1.0,0.7467042207717896
YIL036W,YBR193C,0,-0.73005664,0.00012172854621894658,1.0,0.7467951774597168
YKR079C,YOL095C,0,-0.7300901,0.0001217137323692441,1.0,0.7468860745429993
YKL006C-A,YDR406W,0,-0.73047715,0.00012169891851954162,1.0,0.7469769716262817
YDR441C,YER005W,0,-0.7304783,0.00012168410466983914,1.0,0.747067928314209
YBR130C,YLR313C,0,-0.7306194,0.0001216693053720519,1.0,0.7471588253974915
YHR035W,YHR169W,0,-0.73077613,0.00012165449879830703,1.0,0.7472497224807739
YBR038W,YOR081C,0,-0.73107123,0.0001216397067764774,1.0,0.7473406791687012
YDR145W,YER167W,0,-0.7311943,0.00012162490747869015,1.0,0.7474315762519836
YDR019C,YOR060C,0,-0.7311943,0.00012161011545686051,1.0,0.7475224733352661
YNL119W,YOR212W,0,-0.7312434,0.00012159533071098849,1.0,0.7476134300231934
YKL134C,YGL171W,0,-0.73159873,0.00012158054596511647,1.0,0.7477043271064758
YPL176C,YBR295W,0,-0.7316159,0.00012156576849520206,1.0,0.7477952837944031
YCR021C,YDL119C,0,-0.73171526,0.00012155099102528766,1.0,0.7478861808776855
YOR189W,YPL021W,0,-0.7318044,0.00012153622083133087,1.0,0.747977077960968
YFL056C,YHR088W,0,-0.7321805,0.00012152145063737407,1.0,0.7480680346488953
YIL007C,YBR162C,0,-0.7321877,0.00012150668044341728,1.0,0.7481589317321777
YKL149C,YOR316C,0,-0.73226976,0.0001214919175254181,1.0,0.7482498288154602
YOR009W,YDL102W,0,-0.73228616,0.00012147716188337654,1.0,0.7483407855033875
YOR253W,YER071C,0,-0.73235005,0.00012146240624133497,1.0,0.7484316825866699
YDR039C,YPL168W,0,-0.73241764,0.00012144765787525102,1.0,0.7485225796699524
YLR194C,YIL014W,0,-0.7325337,0.00012143290950916708,1.0,0.7486135363578796
YGL063W,YDR438W,0,-0.7326758,0.00012141816114308313,1.0,0.7487044334411621
YDR190C,YOL095C,0,-0.73291075,0.00012140342005295679,1.0,0.7487953305244446
YNL294C,YDL159W,0,-0.73298585,0.00012138868623878807,1.0,0.7488862872123718
YNL054W,YLR413W,0,-0.7333865,0.00012137395242461935,1.0,0.7489771842956543
YNL048W,YNL111C,0,-0.73340553,0.00012135922588640824,1.0,0.7490680813789368
YIR026C,YGL129C,0,-0.73356795,0.00012134449934819713,1.0,0.749159038066864
YPL209C,YML100W,0,-0.73362833,0.00012132977280998603,1.0,0.7492499351501465
YBR119W,YJL094C,0,-0.7337445,0.00012131505354773253,1.0,0.749340832233429
YGL045W,YDR477W,0,-0.7338283,0.00012130034156143665,1.0,0.7494317889213562
YCL048W,YMR237W,0,-0.73387873,0.00012128562957514077,1.0,0.7495226860046387
YLR059C,YDR122W,0,-0.73415333,0.0001212709175888449,1.0,0.7496135830879211
YLR362W,YJL089W,0,-0.734313,0.00012125621287850663,1.0,0.7497045397758484
YHR142W,YJL196C,0,-0.7344116,0.00012124151544412598,1.0,0.7497954368591309
YGL063W,YDR517W,0,-0.7345389,0.00012122681800974533,1.0,0.7498863339424133
YKL129C,YBR089C-A,0,-0.7347045,0.00012121212057536468,1.0,0.7499772906303406
YOL069W,YOR241W,0,-0.73491013,0.00012119743041694164,1.0,0.750068187713623
YDR441C,YOR359W,0,-0.7352396,0.0001211827402585186,1.0,0.7501590847969055
YBL080C,YJR132W,0,-0.7353189,0.00012116805737605318,1.0,0.7502500414848328
YDR204W,YDR040C,0,-0.73538125,0.00012115338176954538,1.0,0.7503409385681152
YLR093C,YNL024C,0,-0.7361419,0.00012113870616303757,1.0,0.7504318356513977
YDL119C,YGL049C,0,-0.7362756,0.00012112403055652976,1.0,0.750522792339325
YBR003W,YOR158W,0,-0.73643494,0.00012110936222597957,1.0,0.7506136894226074
YGL189C,YDR528W,0,-0.7364838,0.00012109469389542937,1.0,0.7507045865058899
YBL007C,YGL096W,0,-0.7370877,0.00012108003284083679,1.0,0.7507955431938171
YMR048W,YPL168W,0,-0.7371725,0.00012106537178624421,1.0,0.7508864402770996
YLR102C,YER142C,0,-0.7373502,0.00012105071800760925,1.0,0.7509773373603821
YGL196W,YKL192C,0,-0.7375909,0.0001210360715049319,1.0,0.7510682940483093
YDL035C,YGL121C,0,-0.7376193,0.00012102141772629693,1.0,0.7511591911315918
YDR021W,YBR049C,0,-0.73772144,0.0001210067784995772,1.0,0.7512500882148743
YCL029C,YNR048W,0,-0.7381142,0.00012099213199689984,1.0,0.7513410449028015
YCR058C,YER093C,0,-0.7381965,0.00012097750004613772,1.0,0.751431941986084
YJL186W,YKL032C,0,-0.7381967,0.00012096286081941798,1.0,0.7515228390693665
YDL024C,YAL056W,0,-0.7382986,0.00012094823614461347,1.0,0.7516137957572937
YHR169W,YJR049C,0,-0.7384203,0.00012093360419385135,1.0,0.7517046928405762
YHR096C,YJL001W,0,-0.73846877,0.00012091898679500446,1.0,0.7517955899238586
YML061C,YBR100W,0,-0.73865616,0.00012090436212019995,1.0,0.7518865466117859
YCL029C,YBL063W,0,-0.73883975,0.00012088975199731067,1.0,0.7519774436950684
YLR248W,YDR276C,0,-0.7389532,0.00012087513459846377,1.0,0.7520683407783508
YLR277C,YCL016C,0,-0.73923844,0.0001208605244755745,1.0,0.7521592974662781
YGR205W,YMR242C,0,-0.73925984,0.00012084592162864283,1.0,0.7522501945495605
YLR390W-A,YKL048C,0,-0.73931193,0.00012083131878171116,1.0,0.7523411512374878
YER063W,YMR009W,0,-0.740271,0.00012081672321073711,1.0,0.7524320483207703
YDR345C,YDR482C,0,-0.74052745,0.00012080212763976306,1.0,0.7525229454040527
YDR045C,YGL016W,0,-0.74075586,0.000120787532068789,1.0,0.75261390209198
YJR153W,YBR060C,0,-0.7408343,0.00012077294377377257,1.0,0.7527047991752625
YDR515W,YJL098W,0,-0.7408379,0.00012075836275471374,1.0,0.7527956962585449
YER014W,YGR266W,0,-0.7409103,0.00012074378173565492,1.0,0.7528866529464722
YOL061W,YIL008W,0,-0.7414372,0.00012072920799255371,1.0,0.7529775500297546
YER109C,YGL208W,0,-0.74174356,0.0001207146342494525,1.0,0.7530684471130371
YPR128C,YPL234C,0,-0.7417841,0.00012070006050635129,1.0,0.7531594038009644
YHR014W,YDR284C,0,-0.742105,0.0001206854940392077,1.0,0.7532503008842468
YIL019W,YOR380W,0,-0.7421169,0.0001206709275720641,1.0,0.7533411979675293
YAL015C,YLR007W,0,-0.7421317,0.00012065636838087812,1.0,0.7534321546554565
YDL240W,YLR426W,0,-0.74247354,0.00012064181646564975,1.0,0.753523051738739
YDR212W,YOR258W,0,-0.742582,0.00012062726455042139,1.0,0.7536139488220215
YLL066C,YLR234W,0,-0.74267554,0.00012061271263519302,1.0,0.7537049055099487
YIL005W,YPL235W,0,-0.7427584,0.00012059816799592227,1.0,0.7537958025932312
YMR175W,YIR019C,0,-0.74300915,0.00012058362335665151,1.0,0.7538866996765137
YLL066C,YKL129C,0,-0.7433599,0.00012056908599333838,1.0,0.7539776563644409
YIL007C,YDL220C,0,-0.7433695,0.00012055454863002524,1.0,0.7540685534477234
YKL033W,YDR468C,0,-0.74349624,0.00012054001854266971,1.0,0.7541594505310059
YGR082W,YMR040W,0,-0.74379516,0.00012052548845531419,1.0,0.7542504072189331
YOR192C,YCR106W,0,-0.7439723,0.00012051096564391628,1.0,0.7543413043022156
YHR185C,YNL233W,0,-0.7444562,0.00012049644283251837,1.0,0.754432201385498
YKL191W,YDL046W,0,-0.7445517,0.00012048192729707807,1.0,0.7545231580734253
YER027C,YDR392W,0,-0.7445841,0.00012046741176163778,1.0,0.7546140551567078
YPR114W,YGR129W,0,-0.7448684,0.0001204529035021551,1.0,0.7547049522399902
YBR189W,YGR170W,0,-0.7449038,0.00012043839524267241,1.0,0.7547959089279175
YCR107W,YKR034W,0,-0.745031,0.00012042389425914735,1.0,0.7548868060112
YPR199C,YDL139C,0,-0.74533904,0.00012040939327562228,1.0,0.7549777030944824
YCR021C,YHL026C,0,-0.7457644,0.00012039489229209721,1.0,0.7550686597824097
YPL140C,YBR016W,0,-0.74579096,0.00012038039858452976,1.0,0.7551595568656921
YMR053C,YIL038C,0,-0.7458093,0.00012036591215291992,1.0,0.7552504539489746
YPL137C,YGR094W,0,-0.7459575,0.00012035142572131008,1.0,0.7553414106369019
YJL094C,YKL043W,0,-0.7461991,0.00012033694656565785,1.0,0.7554323077201843
YGL098W,YER056C,0,-0.74620736,0.00012032246741000563,1.0,0.7555232048034668
YOR191W,YPL171C,0,-0.7464352,0.0001203079882543534,1.0,0.755614161491394
YOR016C,YJL212C,0,-0.74645,0.00012029351637465879,1.0,0.7557050585746765
YKL014C,YDR098C,0,-0.7465675,0.00012027904449496418,1.0,0.755795955657959
YOR192C,YLR061W,0,-0.7466474,0.00012026457989122719,1.0,0.7558869123458862
YBL016W,YNL119W,0,-0.746678,0.0001202501225634478,1.0,0.7559778094291687
YBR054W,YBR065C,0,-0.7470963,0.00012023566523566842,1.0,0.7560687065124512
YDR213W,YBR268W,0,-0.74727166,0.00012022120790788904,1.0,0.7561596632003784
YDR427W,YDR025W,0,-0.74730337,0.00012020675785606727,1.0,0.7562505602836609
YBL013W,YHL035C,0,-0.74735236,0.0001201923078042455,1.0,0.7563414573669434
YDL018C,YOR079C,0,-0.7483572,0.00012017786502838135,1.0,0.7564324140548706
YOL135C,YJL208C,0,-0.74838996,0.0001201634222525172,1.0,0.7565233111381531
YFL056C,YNL173C,0,-0.7485644,0.00012014898675261065,1.0,0.7566142082214355
YDL012C,YNR052C,0,-0.74870807,0.00012013455125270411,1.0,0.7567051649093628
YOR045W,YDR427W,0,-0.74876547,0.00012012012302875519,1.0,0.7567960619926453
YDR325W,YPL173W,0,-0.74894893,0.00012010569480480626,1.0,0.7568870186805725
YJR041C,YGL107C,0,-0.74904466,0.00012009126658085734,1.0,0.756977915763855
YKL032C,YLR115W,0,-0.7491495,0.00012007684563286602,1.0,0.7570688128471375
YPL280W,YHR202W,0,-0.7492397,0.00012006243196083233,1.0,0.7571597695350647
YER143W,YGR044C,0,-0.74924934,0.00012004801828879863,1.0,0.7572506666183472
YEL018W,YMR220W,0,-0.74962056,0.00012003361189272255,1.0,0.7573415637016296
YBL013W,YMR158W,0,-0.7500925,0.00012001920549664646,1.0,0.7574325203895569
YHR037W,YLR435W,0,-0.7502066,0.00012000479910057038,1.0,0.7575234174728394
YPL235W,YCR063W,0,-0.7502736,0.00011999039998045191,1.0,0.7576143145561218
YOR101W,YNL123W,0,-0.7510459,0.00011997600813629106,1.0,0.7577052712440491
YPL130W,YOR241W,0,-0.7511405,0.00011996160901617259,1.0,0.7577961683273315
YMR274C,YGR055W,0,-0.75120825,0.00011994722444796935,1.0,0.757887065410614
YKL026C,YIL087C,0,-0.7515173,0.0001199328398797661,1.0,0.7579780220985413
YGL067W,YPL021W,0,-0.75158346,0.00011991845531156287,1.0,0.7580689191818237
YHR073W,YNL062C,0,-0.7516341,0.00011990407801931724,1.0,0.7581598162651062
YOL069W,YJR117W,0,-0.75166917,0.00011988970072707161,1.0,0.7582507729530334
YKL185W,YBR045C,0,-0.7520027,0.0001198753307107836,1.0,0.7583416700363159
YDL230W,YPR143W,0,-0.752058,0.00011986096069449559,1.0,0.7584325671195984
YOL020W,YJR109C,0,-0.75225675,0.00011984659795416519,1.0,0.7585235238075256
YPR017C,YBR045C,0,-0.75225765,0.00011983223521383479,1.0,0.7586144208908081
YOR019W,YPL253C,0,-0.7524544,0.00011981787974946201,1.0,0.7587053179740906
YER040W,YIL167W,0,-0.7525875,0.00011980352428508922,1.0,0.7587962746620178
YNL145W,YNR038W,0,-0.7527875,0.00011978916882071644,1.0,0.7588871717453003
YFR016C,YDR234W,0,-0.75305426,0.00011977482063230127,1.0,0.7589780688285828
YMR009W,YGL045W,0,-0.75367844,0.00011976047971984372,1.0,0.75906902551651
YKL194C,YGL171W,0,-0.7537285,0.00011974613880738616,1.0,0.7591599225997925
YAL002W,YBL007C,0,-0.7540599,0.0001197317978949286,1.0,0.759250819683075
YJR123W,YKL150W,0,-0.75454354,0.00011971746425842866,1.0,0.7593417763710022
YLR085C,YJR132W,0,-0.7545772,0.00011970313789788634,1.0,0.7594326734542847
YPL145C,YKR083C,0,-0.755172,0.00011968881153734401,1.0,0.7595235705375671
YHR011W,YLR083C,0,-0.7556101,0.00011967448517680168,1.0,0.7596145272254944
YNL318C,YOL078W,0,-0.75569016,0.00011966016609221697,1.0,0.7597054243087769
YHR006W,YHL026C,0,-0.75613236,0.00011964584700763226,1.0,0.7597963213920593
YLR362W,YHL007C,0,-0.75619936,0.00011963153519900516,1.0,0.7598872780799866
YML076C,YDR317W,0,-0.7562986,0.00011961722339037806,1.0,0.759978175163269
YNL194C,YDL119C,0,-0.7563614,0.00011960291885770857,1.0,0.7600690722465515
YHR011W,YDR379W,0,-0.75645256,0.00011958861432503909,1.0,0.7601600289344788
YDL235C,YGL070C,0,-0.7565981,0.00011957431706832722,1.0,0.7602509260177612
YOR018W,YDL139C,0,-0.75668633,0.00011956001981161535,1.0,0.7603418231010437
YOR002W,YPR003C,0,-0.7567316,0.00011954572983086109,1.0,0.760432779788971
YNL263C,YBL013W,0,-0.75673187,0.00011953143985010684,1.0,0.7605236768722534
YFL061W,YPL253C,0,-0.75673896,0.00011951714986935258,1.0,0.7606145739555359
YOR109W,YPL189W,0,-0.7569177,0.00011950286716455594,1.0,0.7607055306434631
YLR367W,YGL144C,0,-0.75726366,0.00011948859173571691,1.0,0.7607964277267456
YBR038W,YPL100W,0,-0.75735474,0.00011947431630687788,1.0,0.7608873248100281
YLR190W,YNL130C,0,-0.7574924,0.00011946004087803885,1.0,0.7609782814979553
YLR167W,YGL219C,0,-0.7576289,0.00011944577272515744,1.0,0.7610691785812378
YJL183W,YLR292C,0,-0.7579399,0.00011943150457227603,1.0,0.7611600756645203
YGR204W,YEL039C,0,-0.75794345,0.00011941724369535223,1.0,0.7612510323524475
YBR101C,YPL234C,0,-0.7580379,0.00011940298281842843,1.0,0.76134192943573
YIL098C,YBR189W,0,-0.7581229,0.00011938872921746224,1.0,0.7614328861236572
YDR317W,YJL208C,0,-0.7583858,0.00011937447561649606,1.0,0.7615237832069397
YMR105C,YLR150W,0,-0.7588183,0.00011936022929148749,1.0,0.7616146802902222
YBR188C,YGL240W,0,-0.75907755,0.00011934598296647891,1.0,0.7617056369781494
YGR103W,YNL246W,0,-0.7591227,0.00011933174391742796,1.0,0.7617965340614319
YDL093W,YIL069C,0,-0.75915354,0.000119317504868377,1.0,0.7618874311447144
YBL080C,YPL097W,0,-0.75944316,0.00011930326581932604,1.0,0.7619783878326416
YDL100C,YDR025W,0,-0.75949466,0.0001192890340462327,1.0,0.7620692849159241
YDL230W,YLR345W,0,-0.7597003,0.00011927480954909697,1.0,0.7621601819992065
YOR191W,YPL100W,0,-0.7597722,0.00011926058505196124,1.0,0.7622511386871338
YCR107W,YGL070C,0,-0.75986063,0.00011924636055482551,1.0,0.7623420357704163
YPL036W,YMR183C,0,-0.76010275,0.0001192321433336474,1.0,0.7624329328536987
YOR004W,YFL018W-A,0,-0.7603015,0.0001192179333884269,1.0,0.762523889541626
YLR223C,YBR109C,0,-0.7603152,0.00011920371616724879,1.0,0.7626147866249084
YDR235W,YER072W,0,-0.76032007,0.0001191895134979859,1.0,0.7627056837081909
YGL061C,YMR225C,0,-0.7603309,0.0001191753035527654,1.0,0.7627966403961182
YGR235C,YBR114W,0,-0.7604785,0.00011916110815946013,1.0,0.7628875374794006
YDR256C,YLR023C,0,-0.76088107,0.00011914690549019724,1.0,0.7629784345626831
YMR262W,YIL087C,0,-0.760893,0.00011913271737284958,1.0,0.7630693912506104
YMR048W,YOL144W,0,-0.76093125,0.00011911852197954431,1.0,0.7631602883338928
YLL031C,YKL087C,0,-0.76097906,0.00011910433386219665,1.0,0.7632511854171753
YGR205W,YOR136W,0,-0.7611011,0.00011909015302080661,1.0,0.7633421421051025
YMR040W,YDR087C,0,-0.76113176,0.00011907597217941657,1.0,0.763433039188385
YER014W,YFR040W,0,-0.761181,0.00011906179133802652,1.0,0.7635239362716675
YOR065W,YDR343C,0,-0.7612053,0.0001190476177725941,1.0,0.7636148929595947
YLR390W-A,YEL051W,0,-0.76130354,0.00011903345148311928,1.0,0.7637057900428772
YNL020C,YBR254C,0,-0.76133466,0.00011901927791768685,1.0,0.7637966871261597
YER100W,YLR382C,0,-0.76135445,0.00011900511890416965,1.0,0.7638876438140869
YJL013C,YGR165W,0,-0.76141405,0.00011899095989065245,1.0,0.7639785408973694
YKL006C-A,YKL192C,0,-0.761474,0.00011897680087713525,1.0,0.7640694379806519
YLR150W,YIR031C,0,-0.7616899,0.00011896264913957566,1.0,0.7641603946685791
YNL156C,YJL196C,0,-0.76227427,0.00011894849740201607,1.0,0.7642512917518616
YER127W,YGR122W,0,-0.76249623,0.00011893434566445649,1.0,0.764342188835144
YBL035C,YFR038W,0,-0.76253295,0.00011892020120285451,1.0,0.7644331455230713
YLR239C,YGL087C,0,-0.76260364,0.00011890606401721016,1.0,0.7645240426063538
YNL287W,YHL035C,0,-0.7630066,0.0001188919268315658,1.0,0.7646149396896362
YNL137C,YDR256C,0,-0.76330984,0.00011887779692187905,1.0,0.7647058963775635
YDR375C,YGL078C,0,-0.7634135,0.00011886366701219231,1.0,0.764796793460846
YER031C,YCL039W,0,-0.7637795,0.00011884953710250556,1.0,0.7648876905441284
YLL018C,YLL006W,0,-0.7638289,0.00011883541446877643,1.0,0.7649786472320557
YIL107C,YLR058C,0,-0.7638848,0.0001188212918350473,1.0,0.7650695443153381
YIL019W,YIL013C,0,-0.7641024,0.00011880717647727579,1.0,0.7651604413986206
YKL045W,YIL144W,0,-0.7642397,0.00011879306111950427,1.0,0.7652513980865479
YOR049C,YBL047C,0,-0.76424664,0.00011877895303769037,1.0,0.7653422951698303
YHR197W,YCR044C,0,-0.7645922,0.00011876484495587647,1.0,0.7654331922531128
YOL121C,YPL040C,0,-0.7649023,0.00011875074415002018,1.0,0.76552414894104
YJR042W,YML127W,0,-0.7650224,0.0001187366433441639,1.0,0.7656150460243225
YDL035C,YAL056W,0,-0.7652019,0.00011872254253830761,1.0,0.7657060027122498
YER109C,YDR107C,0,-0.76526976,0.00011870844900840893,1.0,0.7657968997955322
YLR011W,YIL018W,0,-0.7653818,0.00011869436275446787,1.0,0.7658877968788147
YIL008W,YHR111W,0,-0.76544917,0.00011868027650052682,1.0,0.7659787535667419
YHR113W,YKL005C,0,-0.76545113,0.00011866619024658576,1.0,0.7660696506500244
YGR211W,YJR054W,0,-0.7657099,0.00011865211126860231,1.0,0.7661605477333069
YPL043W,YGR161C,0,-0.7658313,0.00011863803229061887,1.0,0.7662515044212341
YBR189W,YLR260W,0,-0.76655436,0.00011862396058859304,1.0,0.7663424015045166
YHR142W,YMR230W,0,-0.76673204,0.0001186098888865672,1.0,0.7664332985877991
YLL031C,YDR204W,0,-0.766856,0.00011859582446049899,1.0,0.7665242552757263
YJL173C,YLR175W,0,-0.76696646,0.00011858176003443077,1.0,0.7666151523590088
YJR123W,YOL052C-A,0,-0.7670467,0.00011856770288432017,1.0,0.7667060494422913
YLR333C,YPL239W,0,-0.7676044,0.00011855364573420957,1.0,0.7667970061302185
YOL144W,YMR215W,0,-0.76863265,0.00011853959586005658,1.0,0.766887903213501
YOL012C,YKL079W,0,-0.76903355,0.00011852553870994598,1.0,0.7669788002967834
YMR110C,YOL135C,0,-0.76915264,0.0001185114961117506,1.0,0.7670697569847107
YGL243W,YML102W,0,-0.76948047,0.00011849745351355523,1.0,0.7671606540679932
YIL052C,YER023W,0,-0.7696861,0.00011848341091535985,1.0,0.7672515511512756
YIL019W,YKL079W,0,-0.7697121,0.0001184693755931221,1.0,0.7673425078392029
YBR054W,YDR439W,0,-0.77094316,0.00011845534027088434,1.0,0.7674334049224854
YNL190W,YKL051W,0,-0.77101386,0.00011844131222460419,1.0,0.7675243020057678
YMR262W,YDL102W,0,-0.7714151,0.00011842728417832404,1.0,0.7676152586936951
YDR100W,YPL193W,0,-0.77152,0.00011841326340800151,1.0,0.7677061557769775
YPR095C,YLR263W,0,-0.77170235,0.00011839924263767898,1.0,0.76779705286026
YDL081C,YIL120W,0,-0.7717347,0.00011838522914331406,1.0,0.7678880095481873
YDR150W,YLR056W,0,-0.77180946,0.00011837121564894915,1.0,0.7679789066314697
YOL084W,YNL194C,0,-0.77200294,0.00011835720215458423,1.0,0.7680698037147522
YGL045W,YDL159W,0,-0.7720587,0.00011834319593617693,1.0,0.7681607604026794
YAL041W,YER113C,0,-0.7720803,0.00011832918971776962,1.0,0.7682516574859619
YPL036W,YER040W,0,-0.7723352,0.00011831519077531993,1.0,0.7683425545692444
YDR427W,YLR435W,0,-0.7726151,0.00011830119183287024,1.0,0.7684335112571716
YIL167W,YGL078C,0,-0.7726969,0.00011828720016637817,1.0,0.7685244083404541
YBR168W,YKL039W,0,-0.77274776,0.0001182732084998861,1.0,0.7686153054237366
YOR359W,YLR352W,0,-0.77284944,0.00011825922410935163,1.0,0.7687062621116638
YNL318C,YLR011W,0,-0.7729395,0.00011824523971881717,1.0,0.7687971591949463
YPL137C,YCL051W,0,-0.7730777,0.00011823126260424033,1.0,0.7688880562782288
YOR045W,YOR264W,0,-0.7730863,0.00011821728548966348,1.0,0.768979012966156
YLR460C,YGL127C,0,-0.77322936,0.00011820330837508664,1.0,0.7690699100494385
YJR041C,YOR157C,0,-0.77341235,0.0001181893385364674,1.0,0.769160807132721
YDR427W,YOR320C,0,-0.7734244,0.00011817536869784817,1.0,0.7692517638206482
YMR015C,YBR149W,0,-0.77349865,0.00011816140613518655,1.0,0.7693426609039307
YJL012C,YMR215W,0,-0.77390033,0.00011814745084848255,1.0,0.7694335579872131
YOR032C,YBR295W,0,-0.77419615,0.00011813348828582093,1.0,0.7695245146751404
YKL185W,YPL133C,0,-0.7742675,0.00011811954027507454,1.0,0.7696154117584229
YNL103W,YOL135C,0,-0.774301,0.00011810558498837054,1.0,0.7697063088417053
YHL038C,YDR386W,0,-0.77462125,0.00011809163697762415,1.0,0.7697972655296326
YJL173C,YNR071C,0,-0.7747261,0.00011807769624283537,1.0,0.769888162612915
YPR010C,YHL050C,0,-0.7747451,0.0001180637555080466,1.0,0.7699790596961975
YDR427W,YML004C,0,-0.774876,0.00011804981477325782,1.0,0.7700700163841248
YGL208W,YIR019C,0,-0.774933,0.00011803588131442666,1.0,0.7701609134674072
YDR276C,YMR195W,0,-0.7749982,0.00011802195513155311,1.0,0.7702518701553345
YGR178C,YBR100W,0,-0.77514845,0.00011800802167272195,1.0,0.7703427672386169
YLR194C,YDR023W,0,-0.7751907,0.00011799410276580602,1.0,0.7704336643218994
YDR148C,YNL194C,0,-0.7754302,0.00011798017658293247,1.0,0.7705246210098267
YDR160W,YNL247W,0,-0.77563655,0.00011796626495197415,1.0,0.7706155180931091
YDL035C,YDL159W,0,-0.77570915,0.00011795234604505822,1.0,0.7707064151763916
YFL025C,YPR199C,0,-0.77606606,0.0001179384344140999,1.0,0.7707973718643188
YBR295W,YMR002W,0,-0.7761748,0.0001179245300590992,1.0,0.7708882689476013
YCR091W,YOR086C,0,-0.77623796,0.00011791062570409849,1.0,0.7709791660308838
YPR143W,YGR211W,0,-0.77633154,0.00011789672134909779,1.0,0.771070122718811
YLR093C,YLR175W,0,-0.7768487,0.0001178828242700547,1.0,0.7711610198020935
YDR399W,YHR106W,0,-0.7770269,0.00011786892719101161,1.0,0.771251916885376
YBR189W,YKR075C,0,-0.77733076,0.00011785503738792613,1.0,0.7713428735733032
YIL120W,YDR217C,0,-0.7773429,0.00011784114758484066,1.0,0.7714337706565857
YLR223C,YCR005C,0,-0.7774478,0.0001178272650577128,1.0,0.7715246677398682
YPR173C,YER007C-A,0,-0.7775104,0.00011781338253058493,1.0,0.7716156244277954
YNL036W,YEL027W,0,-0.7778011,0.00011779950727941468,1.0,0.7717065215110779
YKL063C,YDR200C,0,-0.77828294,0.00011778563202824444,1.0,0.7717974185943604
YML100W,YGL111W,0,-0.77884734,0.00011777175677707419,1.0,0.7718883752822876
YKL132C,YLR190W,0,-0.77888393,0.00011775788880186155,1.0,0.7719792723655701
YDR091C,YGR083C,0,-0.77893317,0.00011774402810260653,1.0,0.7720701694488525
YKR064W,YDR437W,0,-0.77914923,0.0001177301601273939,1.0,0.7721611261367798
YKL069W,YPL006W,0,-0.77925014,0.0001177163067040965,1.0,0.7722520232200623
YER041W,YCR063W,0,-0.7796749,0.00011770244600484148,1.0,0.7723429203033447
YAR042W,YJL083W,0,-0.77994764,0.00011768859258154407,1.0,0.772433876991272
YPL021W,YPL117C,0,-0.78008926,0.00011767474643420428,1.0,0.7725247740745544
YOR080W,YNL298W,0,-0.78036875,0.00011766090028686449,1.0,0.7726156711578369
YOR091W,YLR352W,0,-0.78067696,0.00011764706141548231,1.0,0.7727066278457642
YIL008W,YLR083C,0,-0.7807058,0.00011763322254410014,1.0,0.7727975249290466
YLR460C,YBR028C,0,-0.78071153,0.00011761938367271796,1.0,0.7728884220123291
YDR098C,YLR093C,0,-0.78121835,0.0001176055520772934,1.0,0.7729793787002563
YPL173W,YGL151W,0,-0.7813346,0.00011759172048186883,1.0,0.7730702757835388
YGL098W,YCL054W,0,-0.7818991,0.00011757789616240188,1.0,0.7731611728668213
YKR096W,YOR011W,0,-0.78198683,0.00011756407184293494,1.0,0.7732521295547485
YOR383C,YDL243C,0,-0.7819908,0.0001175502547994256,1.0,0.773343026638031
YJL057C,YGR266W,0,-0.7820411,0.00011753643775591627,1.0,0.7734339237213135
YIL009W,YBL014C,0,-0.7824258,0.00011752262071240693,1.0,0.7735248804092407
YLL006W,YOL061W,0,-0.7827922,0.00011750881094485521,1.0,0.7736157774925232
YMR318C,YFR030W,0,-0.7828915,0.00011749500845326111,1.0,0.7737066745758057
YLL016W,YOL116W,0,-0.7828948,0.000117481205961667,1.0,0.7737976312637329
YFR027W,YNL180C,0,-0.78300446,0.0001174674034700729,1.0,0.7738885283470154
YKL062W,YLL057C,0,-0.78310776,0.0001174536082544364,1.0,0.7739794254302979
YER056C,YJL096W,0,-0.78334856,0.00011743981303879991,1.0,0.7740703821182251
YOR065W,YOR258W,0,-0.78350306,0.00011742602509912103,1.0,0.7741612792015076
YIL118W,YPR017C,0,-0.7836262,0.00011741223715944216,1.0,0.77425217628479
YBR015C,YHL021C,0,-0.78390193,0.00011739844921976328,1.0,0.7743431329727173
YPL116W,YER123W,0,-0.783975,0.00011738466855604202,1.0,0.7744340300559998
YML100W,YDR323C,0,-0.7840391,0.00011737089516827837,1.0,0.7745249271392822
YKR034W,YIL062C,0,-0.78411114,0.0001173571145045571,1.0,0.7746158838272095
YJL078C,YER005W,0,-0.7842071,0.00011734334839275107,1.0,0.7747067809104919
YDR300C,YBR049C,0,-0.7842195,0.00011732958228094503,1.0,0.7747977375984192
YPL140C,YGL167C,0,-0.7843754,0.000117315816169139,1.0,0.7748886346817017
YDL003W,YBR034C,0,-0.784565,0.00011730205005733296,1.0,0.7749795317649841
YOR264W,YNR024W,0,-0.7848478,0.00011728829122148454,1.0,0.7750704884529114
YJR048W,YDR217C,0,-0.78486216,0.00011727453966159374,1.0,0.7751613855361938
YDR028C,YDR437W,0,-0.7851869,0.00011726078810170293,1.0,0.7752522826194763
YFR016C,YPR169W,0,-0.78536624,0.00011724703654181212,1.0,0.7753432393074036
YDR234W,YOR109W,0,-0.7857207,0.00011723329225787893,1.0,0.775434136390686
YDR040C,YCL048W,0,-0.7860259,0.00011721955524990335,1.0,0.7755250334739685
YKL155C,YCL039W,0,-0.78606284,0.00011720581096597016,1.0,0.7756159901618958
YPR008W,YMR074C,0,-0.7862754,0.0001171920812339522,1.0,0.7757068872451782
YEL019C,YGR078C,0,-0.7863655,0.00011717834422597662,1.0,0.7757977843284607
YNL294C,YDR480W,0,-0.7865764,0.00011716461449395865,1.0,0.7758887410163879
YCR086W,YIL118W,0,-0.7866595,0.0001171508920378983,1.0,0.7759796380996704
YLR345W,YOR001W,0,-0.7872409,0.00011713716958183795,1.0,0.7760705351829529
YHR185C,YDR019C,0,-0.7874719,0.0001171234471257776,1.0,0.7761614918708801
YDR377W,YIR031C,0,-0.7877037,0.00011710973194567487,1.0,0.7762523889541626
YER033C,YDR165W,0,-0.7877495,0.00011709601676557213,1.0,0.7763432860374451
YKL150W,YDR365C,0,-0.78780574,0.00011708230886142701,1.0,0.7764342427253723
YOL009C,YJL168C,0,-0.78810453,0.00011706860095728189,1.0,0.7765251398086548
YML067C,YKL087C,0,-0.7886164,0.00011705490032909438,1.0,0.7766160368919373
YKL006C-A,YPL224C,0,-0.7889948,0.00011704119970090687,1.0,0.7767069935798645
YCR016W,YNL288W,0,-0.7890327,0.00011702749907271937,1.0,0.776797890663147
YMR015C,YBL008W,0,-0.78941596,0.00011701380572048947,1.0,0.7768887877464294
YGR224W,YNR059W,0,-0.78947276,0.00011700011964421719,1.0,0.7769797444343567
YAL048C,YDL189W,0,-0.78964984,0.0001169864262919873,1.0,0.7770706415176392
YKL063C,YDL046W,0,-0.78967917,0.00011697274749167264,1.0,0.7771615386009216
YGL098W,YGR193C,0,-0.78975916,0.00011695906141540036,1.0,0.7772524952888489
YBR279W,YNL132W,0,-0.789803,0.0001169453898910433,1.0,0.7773433923721313
YDR213W,YLR409C,0,-0.78999305,0.00011693171109072864,1.0,0.7774342894554138
YJL096W,YGR260W,0,-0.78999317,0.00011691803956637159,1.0,0.7775252461433411
YBR095C,YNL119W,0,-0.7900566,0.00011690437531797215,1.0,0.7776161432266235
YPR188C,YFL026W,0,-0.7900743,0.0001168907037936151,1.0,0.777707040309906
YNR059W,YOR086C,0,-0.7912587,0.00011687704682117328,1.0,0.7777979969978333
YPL013C,YOR113W,0,-0.7916109,0.00011686338984873146,1.0,0.7778888940811157
YMR059W,YLR360W,0,-0.79167855,0.00011684973287628964,1.0,0.7779797911643982
YBR095C,YGR040W,0,-0.7918822,0.00011683607590384781,1.0,0.7780707478523254
YIL107C,YBR089C-A,0,-0.7920215,0.00011682243348332122,1.0,0.7781616449356079
YNL250W,YFR040W,0,-0.7920476,0.00011680878378683701,1.0,0.7782525420188904
YLR248W,YPR141C,0,-0.7923989,0.00011679514136631042,1.0,0.7783434987068176
YMR158W,YAL051W,0,-0.79250807,0.00011678149894578382,1.0,0.7784343957901001
YOL098C,YNL194C,0,-0.7925973,0.00011676786380121484,1.0,0.7785252928733826
YBR086C,YJL212C,0,-0.79326797,0.00011675423593260348,1.0,0.7786162495613098
YLR451W,YER155C,0,-0.7935642,0.0001167406007880345,1.0,0.7787071466445923
YOR254C,YPL097W,0,-0.7941449,0.00011672697291942313,1.0,0.7787980437278748
YOR019W,YDR244W,0,-0.794214,0.00011671335232676938,1.0,0.778889000415802
YNL247W,YJL083W,0,-0.79491377,0.00011669973173411563,1.0,0.7789798974990845
YDR021W,YLL021W,0,-0.7951584,0.00011668611114146188,1.0,0.7790708541870117
YNL294C,YPL049C,0,-0.79526865,0.00011667249782476574,1.0,0.7791617512702942
YDR092W,YBR180W,0,-0.79553926,0.00011665889178402722,1.0,0.7792526483535767
YLR362W,YMR316W,0,-0.795609,0.00011664527846733108,1.0,0.7793436050415039
YKR078W,YGL171W,0,-0.7958815,0.00011663167970255017,1.0,0.7794345021247864
YML098W,YLR293C,0,-0.79606706,0.00011661807366181165,1.0,0.7795253992080688
YMR220W,YBR208C,0,-0.7962659,0.00011660447489703074,1.0,0.7796163558959961
YOR191W,YPL004C,0,-0.7963912,0.00011659088340820745,1.0,0.7797072529792786
YBR083W,YOR275C,0,-0.796705,0.00011657729191938415,1.0,0.779798150062561
YOR027W,YNR037C,0,-0.7969315,0.00011656370043056086,1.0,0.7798891067504883
YDR103W,YNL298W,0,-0.7970062,0.00011655011621769518,1.0,0.7799800038337708
YLR190W,YNL036W,0,-0.79717064,0.0001165365320048295,1.0,0.7800709009170532
YPR154W,YDR213W,0,-0.7974077,0.00011652295506792143,1.0,0.7801618576049805
YDL189W,YNL164C,0,-0.7976424,0.00011650937813101336,1.0,0.7802527546882629
YFL011W,YPL075W,0,-0.7976567,0.00011649580847006291,1.0,0.7803436517715454
YPR134W,YGL111W,0,-0.79841346,0.00011648223880911246,1.0,0.7804346084594727
YLR023C,YLR260W,0,-0.79864943,0.00011646866914816201,1.0,0.7805255055427551
YGL189C,YLR200W,0,-0.79877794,0.00011645510676316917,1.0,0.7806164026260376
YBL056W,YLR023C,0,-0.79927933,0.00011644154437817633,1.0,0.7807073593139648
YBR181C,YOR001W,0,-0.7993251,0.00011642798926914111,1.0,0.7807982563972473
YJL098W,YPL254W,0,-0.7993388,0.00011641443416010588,1.0,0.7808891534805298
YOL144W,YOR079C,0,-0.79950225,0.00011640088632702827,1.0,0.780980110168457
YDL247W,YHR114W,0,-0.79987395,0.00011638733849395066,1.0,0.7810710072517395
YLR315W,YDR292C,0,-0.799883,0.00011637379066087306,1.0,0.781161904335022
YGR055W,YNL161W,0,-0.79998314,0.00011636025010375306,1.0,0.7812528610229492
YDR515W,YGR060W,0,-0.8002461,0.00011634671682259068,1.0,0.7813437581062317
YDR500C,YPL161C,0,-0.80048954,0.00011633317626547068,1.0,0.7814346551895142
YML092C,YMR207C,0,-0.80067146,0.0001163196429843083,1.0,0.7815256118774414
YFL056C,YHR169W,0,-0.80082107,0.00011630611697910354,1.0,0.7816165089607239
YLR220W,YJR096W,0,-0.80112076,0.00011629259097389877,1.0,0.7817074060440063
YJR117W,YDR110W,0,-0.8014544,0.00011627907224465162,1.0,0.7817983627319336
YKL145W,YGR060W,0,-0.8020295,0.00011626555351540446,1.0,0.7818892598152161
YGR217W,YMR275C,0,-0.80207723,0.00011625203478615731,1.0,0.7819801568984985
YGL070C,YNL133C,0,-0.80253243,0.00011623852333286777,1.0,0.7820711135864258
YER142C,YBL013W,0,-0.80263144,0.00011622501187957823,1.0,0.7821620106697083
YJR042W,YBR254C,0,-0.8026476,0.00011621150770224631,1.0,0.7822529077529907
YFL025C,YPR046W,0,-0.80269843,0.00011619800352491438,1.0,0.782343864440918
YER063W,YKR085C,0,-0.8031814,0.00011618449934758246,1.0,0.7824347615242004
YHL025W,YDR005C,0,-0.8031967,0.00011617100244620815,1.0,0.7825256586074829
YHR009C,YFR014C,0,-0.80336237,0.00011615751282079145,1.0,0.7826166152954102
YBL080C,YLR167W,0,-0.80359817,0.00011614401591941714,1.0,0.7827075123786926
YHR150W,YCR005C,0,-0.8036599,0.00011613053356995806,1.0,0.7827984094619751
YGL171W,YHR005C,0,-0.80424404,0.00011611704394454136,1.0,0.7828893661499023
YMR232W,YHR110W,0,-0.804381,0.00011610356159508228,1.0,0.7829802632331848
YLL048C,YAL056W,0,-0.80456007,0.00011609008652158082,1.0,0.7830711603164673
YPL203W,YGL208W,0,-0.80461705,0.00011607661144807935,1.0,0.7831621170043945
YDR039C,YJL173C,0,-0.8051002,0.00011606313637457788,1.0,0.783253014087677
YCR018C,YDR244W,0,-0.80512404,0.00011604966857703403,1.0,0.7833439111709595
YNL142W,YNL066W,0,-0.80522096,0.00011603620077949017,1.0,0.7834348678588867
YJL167W,YCL039W,0,-0.80540955,0.00011602274025790393,1.0,0.7835257649421692
YJL167W,YKL134C,0,-0.80545115,0.0001160092797363177,1.0,0.7836167216300964
YJR131W,YOR110W,0,-0.8055718,0.00011599582649068907,1.0,0.7837076187133789
YCR105W,YIL137C,0,-0.80558956,0.00011598237324506044,1.0,0.7837985157966614
YER063W,YDR284C,0,-0.8056649,0.00011596891999943182,1.0,0.7838894724845886
YPL141C,YGL115W,0,-0.80691403,0.00011595547402976081,1.0,0.7839803695678711
YBR169C,YLR023C,0,-0.80708957,0.0001159420280600898,1.0,0.7840712666511536
YHR011W,YDR477W,0,-0.8071859,0.0001159285893663764,1.0,0.7841622233390808
YLR059C,YPL183C,0,-0.8073003,0.000115915150672663,1.0,0.7842531204223633
YGR211W,YGL151W,0,-0.8073919,0.0001159017119789496,1.0,0.7843440175056458
YEL018W,YNL076W,0,-0.80747986,0.00011588828056119382,1.0,0.784434974193573
YML021C,YDR235W,0,-0.8075332,0.00011587485641939566,1.0,0.7845258712768555
YHR157W,YGR208W,0,-0.8076242,0.00011586143227759749,1.0,0.7846167683601379
YGL076C,YOL042W,0,-0.8076654,0.00011584800813579932,1.0,0.7847077250480652
YNL020C,YPR120C,0,-0.80783606,0.00011583459126995876,1.0,0.7847986221313477
YLR313C,YDR438W,0,-0.8078529,0.00011582117440411821,1.0,0.7848895192146301
YBR211C,YLR118C,0,-0.8083013,0.00011580775753827766,1.0,0.7849804759025574
YOL116W,YER109C,0,-0.8084942,0.00011579434794839472,1.0,0.7850713729858398
YOR087W,YKL069W,0,-0.8086594,0.00011578094563446939,1.0,0.7851622700691223
YPR161C,YDL247W,0,-0.8088126,0.00011576753604458645,1.0,0.7852532267570496
YML107C,YIL148W,0,-0.8092064,0.00011575414100661874,1.0,0.785344123840332
YAL002W,YOL032W,0,-0.8092495,0.00011574073869269341,1.0,0.7854350209236145
YGR211W,YBR028C,0,-0.8092536,0.0001157273436547257,1.0,0.7855259776115417
YOR363C,YIL005W,0,-0.8094423,0.0001157139558927156,1.0,0.7856168746948242
YBR038W,YKR052C,0,-0.80958164,0.0001157005681307055,1.0,0.7857077717781067
YJR102C,YGR030C,0,-0.8096653,0.00011568718036869541,1.0,0.7857987284660339
YOR156C,YBL035C,0,-0.80996126,0.00011567379988264292,1.0,0.7858896255493164
YDL175C,YKL032C,0,-0.8101853,0.00011566041939659044,1.0,0.7859805226325989
YLR451W,YJL168C,0,-0.8106669,0.00011564704618649557,1.0,0.7860714793205261
YMR242C,YDR168W,0,-0.810758,0.0001156336729764007,1.0,0.7861623764038086
YMR015C,YGR138C,0,-0.8109801,0.00011562029976630583,1.0,0.7862532734870911
YER023W,YLL057C,0,-0.81132096,0.00011560693383216858,1.0,0.7863442301750183
YHR084W,YDL024C,0,-0.81156045,0.00011559357517398894,1.0,0.7864351272583008
YGR024C,YAL002W,0,-0.8116764,0.00011558020923985168,1.0,0.7865260243415833
YKL016C,YER143W,0,-0.81223524,0.00011556685785762966,1.0,0.7866169810295105
YKR095W,YBR149W,0,-0.81223965,0.00011555349919945002,1.0,0.786707878112793
YMR055C,YIL173W,0,-0.81227386,0.00011554014781722799,1.0,0.7867987751960754
YAL028W,YPL076W,0,-0.81228775,0.00011552680371096358,1.0,0.7868897318840027
YLR409C,YPR046W,0,-0.8127658,0.00011551345960469916,1.0,0.7869806289672852
YDR386W,YMR002W,0,-0.81291914,0.00011550011549843475,1.0,0.7870715260505676
YLR258W,YGR044C,0,-0.813495,0.00011548677866812795,1.0,0.7871624827384949
YDR213W,YBL091C,0,-0.81351703,0.00011547344183782116,1.0,0.7872533798217773
YIL064W,YPL146C,0,-0.81368256,0.00011546010500751436,1.0,0.7873442769050598
YNL056W,YOR103C,0,-0.813915,0.00011544677545316517,1.0,0.7874352335929871
YOR158W,YOR113W,0,-0.81407523,0.0001154334531747736,1.0,0.7875261306762695
YER113C,YAL056W,0,-0.81414926,0.00011542013089638203,1.0,0.787617027759552
YJL174W,YMR105C,0,-0.8141563,0.00011540680861799046,1.0,0.7877079844474792
YOL132W,YLR417W,0,-0.8144246,0.00011539349361555651,1.0,0.7877988815307617
YCR016W,YIL018W,0,-0.81483614,0.00011538017861312255,1.0,0.7878897786140442
YGL016W,YOR059C,0,-0.814939,0.0001153668636106886,1.0,0.7879807353019714
YGL104C,YDR350C,0,-0.81496185,0.00011535355588421226,1.0,0.7880716323852539
YLR007W,YGR122W,0,-0.81528246,0.00011534025543369353,1.0,0.7881625890731812
YHL038C,YKL087C,0,-0.8154404,0.0001153269549831748,1.0,0.7882534861564636
YPL063W,YPL018W,0,-0.8155359,0.00011531365453265607,1.0,0.7883443832397461
YNL041C,YDR110W,0,-0.8156954,0.00011530035408213735,1.0,0.7884353399276733
YIL075C,YER102W,0,-0.81580174,0.00011528706818353385,1.0,0.7885262370109558
YLR059C,YBL051C,0,-0.8158508,0.00011527377500897273,1.0,0.7886171340942383
YBR109C,YHL025W,0,-0.8161242,0.00011526048911036924,1.0,0.7887080907821655
YMR175W,YLR417W,0,-0.81618756,0.00011524720321176574,1.0,0.788798987865448
YAL056W,YHR111W,0,-0.81623054,0.00011523392458911985,1.0,0.7888898849487305
YDR284C,YBR121C,0,-0.8162751,0.00011522064596647397,1.0,0.7889808416366577
YER063W,YPR068C,0,-0.8165319,0.0001152073746197857,1.0,0.7890717387199402
YDR361C,YKL060C,0,-0.81675565,0.00011519410327309743,1.0,0.7891626358032227
YNL051W,YMR009W,0,-0.8172576,0.00011518083192640916,1.0,0.7892535924911499
YOR334W,YMR035W,0,-0.81758606,0.0001151675678556785,1.0,0.7893444895744324
YML045W,YLR058C,0,-0.81760776,0.00011515430378494784,1.0,0.7894353866577148
YEL027W,YDL087C,0,-0.8178481,0.0001151410469901748,1.0,0.7895263433456421
YPL224C,YBR112C,0,-0.8178821,0.00011512779019540176,1.0,0.7896172404289246
YOR334W,YGR245C,0,-0.8183056,0.00011511454067658633,1.0,0.789708137512207
YDR422C,YML102W,0,-0.81918955,0.0001151012911577709,1.0,0.7897990942001343
YOR068C,YJR118C,0,-0.8196199,0.00011508804163895547,1.0,0.7898899912834167
YER176W,YPR134W,0,-0.8198085,0.00011507479939609766,1.0,0.7899808883666992
YIL147C,YCR038C,0,-0.81982887,0.00011506155715323985,1.0,0.7900718450546265
YDR515W,YMR225C,0,-0.8203399,0.00011504832218633965,1.0,0.7901627421379089
YNL328C,YPR169W,0,-0.82083356,0.00011503508721943945,1.0,0.7902536392211914
YBL013W,YIL137C,0,-0.8214236,0.00011502185225253925,1.0,0.7903445959091187
YNL197C,YDR103W,0,-0.8215075,0.00011500862456159666,1.0,0.7904354929924011
YGR120C,YKL006W,0,-0.82152796,0.00011499539687065408,1.0,0.7905263900756836
YOR156C,YKR049C,0,-0.8215604,0.0001149821764556691,1.0,0.7906173467636108
YPL179W,YDR317W,0,-0.82229483,0.00011496895604068413,1.0,0.7907082438468933
YAR033W,YBR060C,0,-0.82235,0.00011495574290165678,1.0,0.7907991409301758
YHL028W,YOR241W,0,-0.8224493,0.00011494252976262942,1.0,0.790890097618103
YHR113W,YMR158W,0,-0.8229245,0.00011492931662360206,1.0,0.7909809947013855
YLR293C,YLR068W,0,-0.8235947,0.00011491611076053232,1.0,0.791071891784668
YDR129C,YMR101C,0,-0.8235991,0.00011490290489746258,1.0,0.7911628484725952
YPL137C,YFR050C,0,-0.8236173,0.00011488970631035045,1.0,0.7912537455558777
YJR117W,YBL007C,0,-0.82374656,0.00011487650772323832,1.0,0.7913446426391602
YBR054W,YPR034W,0,-0.8243812,0.00011486330913612619,1.0,0.7914355993270874
YKL134C,YCR038C,0,-0.8247682,0.00011485011782497168,1.0,0.7915264964103699
YOR371C,YNL119W,0,-0.8247812,0.00011483693378977478,1.0,0.7916173934936523
YGL096W,YGL127C,0,-0.82496333,0.00011482374247862026,1.0,0.7917083501815796
YIL148W,YGL064C,0,-0.8250357,0.00011481056571938097,1.0,0.7917992472648621
YOR136W,YDR365C,0,-0.82505596,0.00011479738168418407,1.0,0.7918901443481445
YGR004W,YBR049C,0,-0.8250723,0.00011478420492494479,1.0,0.7919811010360718
YPR128C,YPL198W,0,-0.82512164,0.0001147710281657055,1.0,0.7920719981193542
YJL094C,YNL251C,0,-0.82515454,0.00011475785868242383,1.0,0.7921628952026367
YPL146C,YGR060W,0,-0.8256504,0.00011474469647509977,1.0,0.792253851890564
YDL091C,YKL016C,0,-0.82579374,0.0001147315269918181,1.0,0.7923447489738464
YIL120W,YBR065C,0,-0.8258884,0.00011471836478449404,1.0,0.7924357056617737
YDR515W,YDR395W,0,-0.82590127,0.0001147052098531276,1.0,0.7925266027450562
YNL294C,YBR066C,0,-0.82636833,0.00011469205492176116,1.0,0.7926174998283386
YCR031C,YFR038W,0,-0.8266134,0.00011467889999039471,1.0,0.7927084565162659
YHR185C,YER167W,0,-0.82678765,0.00011466575233498588,1.0,0.7927993535995483
YPR134W,YDR469W,0,-0.826959,0.00011465260467957705,1.0,0.7928902506828308
YLR102C,YFR030W,0,-0.82768685,0.00011463945702416822,1.0,0.7929812073707581
YPL203W,YNL298W,0,-0.8281106,0.00011462631664471701,1.0,0.7930721044540405
YDR256C,YLR131C,0,-0.8282702,0.00011461318354122341,1.0,0.793163001537323
YOR275C,YIR019C,0,-0.8286581,0.00011460004316177219,1.0,0.7932539582252502
YOL095C,YKR052C,0,-0.82901436,0.0001145869173342362,1.0,0.7933448553085327
YJR042W,YAL015C,0,-0.8292635,0.0001145737842307426,1.0,0.7934357523918152
YDR103W,YIR019C,0,-0.82972354,0.00011456065840320662,1.0,0.7935267090797424
YGR253C,YPR046W,0,-0.8301131,0.00011454753985162824,1.0,0.7936176061630249
YGL045W,YDL024C,0,-0.83019084,0.00011453441402409226,1.0,0.7937085032463074
YPL234C,YPL006W,0,-0.8305855,0.0001145213027484715,1.0,0.7937994599342346
YMR076C,YNR038W,0,-0.8307762,0.00011450818419689313,1.0,0.7938903570175171
YIL019W,YOR049C,0,-0.8308382,0.00011449508019722998,1.0,0.7939812541007996
YPL169C,YHL035C,0,-0.8308724,0.00011448196892160922,1.0,0.7940722107887268
YER109C,YOR212W,0,-0.8314519,0.00011446886492194608,1.0,0.7941631078720093
YEL020W-A,YLR167W,0,-0.83153224,0.00011445576092228293,1.0,0.7942540049552917
YOL121C,YDL243C,0,-0.8316263,0.0001144426641985774,1.0,0.794344961643219
YCR016W,YDL154W,0,-0.8318521,0.00011442956747487187,1.0,0.7944358587265015
YDR213W,YPR100W,0,-0.8319942,0.00011441647802712396,1.0,0.7945267558097839
YHR204W,YOR004W,0,-0.83212173,0.00011440338857937604,1.0,0.7946177124977112
YOR371C,YMR116C,0,-0.8321369,0.00011439029913162813,1.0,0.7947086095809937
YPL126W,YKL155C,0,-0.8324901,0.00011437721695983782,1.0,0.7947995066642761
YLL066C,YCR005C,0,-0.8325318,0.00011436413478804752,1.0,0.7948904633522034
YHR148W,YNR059W,0,-0.83337986,0.00011435105989221483,1.0,0.7949813604354858
YOR236W,YKR077W,0,-0.8340111,0.00011433798499638215,1.0,0.7950722575187683
YOR090C,YER149C,0,-0.83404934,0.00011432491010054946,1.0,0.7951632142066956
YDR235W,YOR019W,0,-0.83418876,0.00011431184248067439,1.0,0.795254111289978
YJL054W,YAL028W,0,-0.8342494,0.00011429877486079931,1.0,0.7953450083732605
YMR101C,YKL134C,0,-0.83448493,0.00011428571451688185,1.0,0.7954359650611877
YOR252W,YMR274C,0,-0.8345326,0.0001142726541729644,1.0,0.7955268621444702
YCL029C,YIL123W,0,-0.83485126,0.00011425960110500455,1.0,0.7956177592277527
YKR099W,YDR301W,0,-0.8349663,0.00011424654076108709,1.0,0.7957087159156799
YBR268W,YMR242C,0,-0.8350761,0.00011423349496908486,1.0,0.7957996129989624
YOL023W,YJL216C,0,-0.8354031,0.00011422044190112501,1.0,0.7958905100822449
YOR258W,YBR168W,0,-0.83556694,0.0001142074033850804,1.0,0.7959814667701721
YIL144W,YDR217C,0,-0.8360046,0.00011419435759307817,1.0,0.7960723638534546
YOL032W,YBR168W,0,-0.83613926,0.00011418131907703355,1.0,0.7961632609367371
YDR468C,YDR135C,0,-0.8361656,0.00011416828056098893,1.0,0.7962542176246643
YHR157W,YER167W,0,-0.83625615,0.00011415524932090193,1.0,0.7963451147079468
YHR084W,YGR040W,0,-0.8369037,0.00011414221808081493,1.0,0.7964360117912292
YJR109C,YOL023W,0,-0.83693767,0.00011412919411668554,1.0,0.7965269684791565
YJR073C,YPL156C,0,-0.8370952,0.00011411617015255615,1.0,0.796617865562439
YDL003W,YPL233W,0,-0.837107,0.00011410314618842676,1.0,0.7967087626457214
YGL104C,YOR103C,0,-0.8372723,0.00011409012950025499,1.0,0.7967997193336487
YLL006W,YDR384C,0,-0.83733153,0.00011407711281208321,1.0,0.7968906164169312
YJL183W,YLR037C,0,-0.83737576,0.00011406410339986905,1.0,0.7969815731048584
YDR145W,YHL015W,0,-0.8375672,0.0001140510939876549,1.0,0.7970724701881409
YDR092W,YLR092W,0,-0.83786273,0.00011403809185139835,1.0,0.7971633672714233
YBR045C,YHL021C,0,-0.8379972,0.00011402508243918419,1.0,0.7972543239593506
YDL117W,YIL011W,0,-0.83807844,0.00011401208757888526,1.0,0.7973452210426331
YIL075C,YMR183C,0,-0.8384966,0.00011399908544262871,1.0,0.7974361181259155
YDR480W,YMR116C,0,-0.8386683,0.00011398609058232978,1.0,0.7975270748138428
YDR441C,YFR050C,0,-0.8397167,0.00011397310299798846,1.0,0.7976179718971252
YER033C,YBL063W,0,-0.83983994,0.00011396011541364715,1.0,0.7977088689804077
YLR352W,YHR020W,0,-0.8398592,0.00011394712782930583,1.0,0.797799825668335
YKL132C,YLR068W,0,-0.8399035,0.00011393414752092212,1.0,0.7978907227516174
YJR042W,YOR158W,0,-0.8400818,0.00011392116721253842,1.0,0.7979816198348999
YEL001C,YDR309C,0,-0.84065175,0.00011390818690415472,1.0,0.7980725765228271
YDR372C,YGL016W,0,-0.8406792,0.00011389521387172863,1.0,0.7981634736061096
YGR244C,YGL139W,0,-0.84070134,0.00011388224811526015,1.0,0.7982543706893921
YGL243W,YMR091C,0,-0.8407859,0.00011386927508283406,1.0,0.7983453273773193
YMR175W,YGR211W,0,-0.84092736,0.0001138563166023232,1.0,0.7984362244606018
YKL110C,YGR003W,0,-0.8410671,0.00011384335084585473,1.0,0.7985271215438843
YFL025C,YPL056C,0,-0.8413874,0.00011383039236534387,1.0,0.7986180782318115
YDR204W,YLR220W,0,-0.84151006,0.00011381743388483301,1.0,0.798708975315094
YHR197W,YGL238W,0,-0.8416021,0.00011380448268027976,1.0,0.7987998723983765
YNR052C,YNR053C,0,-0.8418201,0.00011379153147572652,1.0,0.7988908290863037
YGL105W,YCL054W,0,-0.84195983,0.00011377858754713088,1.0,0.7989817261695862
YOL116W,YMR195W,0,-0.8420447,0.00011376564361853525,1.0,0.7990726232528687
YPR131C,YOR109W,0,-0.8421693,0.00011375269968993962,1.0,0.7991635799407959
YDL243C,YGL085W,0,-0.84257555,0.0001137397630373016,1.0,0.7992544770240784
YPR008W,YKL063C,0,-0.8426901,0.00011372682638466358,1.0,0.7993453741073608
YJR035W,YHR073W,0,-0.84282553,0.00011371389700798318,1.0,0.7994363307952881
YKL087C,YDL149W,0,-0.8430579,0.00011370096763130277,1.0,0.7995272278785706
YKR079C,YDL145C,0,-0.8431127,0.00011368803825462237,1.0,0.799618124961853
YHR033W,YPL018W,0,-0.84312063,0.00011367511615389958,1.0,0.7997090816497803
YLL018C,YIL011W,0,-0.8434883,0.00011366219405317679,1.0,0.7997999787330627
YER149C,YBR060C,0,-0.8435459,0.00011364927922841161,1.0,0.7998908758163452
YDR500C,YHR133C,0,-0.8436331,0.00011363636440364644,1.0,0.7999818325042725
YOR065W,YLL018C-A,0,-0.84366417,0.00011362344957888126,1.0,0.8000727295875549
YLR345W,YEL027W,0,-0.8437058,0.0001136105420300737,1.0,0.8001636266708374
YJL167W,YKR100C,0,-0.8437383,0.00011359763448126614,1.0,0.8002545833587646
YLR367W,YDR021W,0,-0.84385604,0.0001135847342084162,1.0,0.8003454804420471
YOR193W,YLR006C,0,-0.84386086,0.00011357183393556625,1.0,0.8004363775253296
YDL100C,YLR058C,0,-0.8439572,0.0001135589336627163,1.0,0.8005273342132568
YGR212W,YKL006C-A,0,-0.8441025,0.00011354604066582397,1.0,0.8006182312965393
YOR193W,YPR188C,0,-0.8442303,0.00011353315494488925,1.0,0.8007091283798218
YER177W,YPL061W,0,-0.8447293,0.00011352026194799691,1.0,0.800800085067749
YGR170W,YPR141C,0,-0.8448988,0.0001135073762270622,1.0,0.8008909821510315
YOR236W,YJL168C,0,-0.8449512,0.00011349449778208509,1.0,0.800981879234314
YOL009C,YPL135W,0,-0.8456217,0.00011348161933710799,1.0,0.8010728359222412
YLR277C,YHR133C,0,-0.84574926,0.00011346874089213088,1.0,0.8011637330055237
YDL220C,YLR435W,0,-0.84576356,0.00011345586244715378,1.0,0.8012546300888062
YLR118C,YMR207C,0,-0.8457862,0.00011344299127813429,1.0,0.8013455867767334
YDR078C,YNL240C,0,-0.8461592,0.00011343012738507241,1.0,0.8014364838600159
YDR111C,YOL116W,0,-0.84621733,0.00011341726349201053,1.0,0.8015274405479431
YCL051W,YKR027W,0,-0.846302,0.00011340439959894866,1.0,0.8016183376312256
YIL037C,YDR105C,0,-0.8464322,0.0001133915429818444,1.0,0.8017092347145081
YHR185C,YLR258W,0,-0.84656733,0.00011337868636474013,1.0,0.8018001914024353
YCL029C,YIL064W,0,-0.84694356,0.00011336582974763587,1.0,0.8018910884857178
YBR085W,YKR085C,0,-0.8470588,0.00011335298040648922,1.0,0.8019819855690002
YMR274C,YGL171W,0,-0.84752697,0.00011334013106534258,1.0,0.8020729422569275
YFR050C,YDR317W,0,-0.84753,0.00011332728900015354,1.0,0.80216383934021
YML102W,YMR149W,0,-0.847647,0.00011331444693496451,1.0,0.8022547364234924
YLR037C,YDR397C,0,-0.84800124,0.00011330161214573309,1.0,0.8023456931114197
YCR016W,YGL240W,0,-0.84819925,0.00011328877008054405,1.0,0.8024365901947021
YKR085C,YBR295W,0,-0.8487251,0.00011327594256727025,1.0,0.8025274872779846
YML098W,YBR101C,0,-0.84895027,0.00011326310777803883,1.0,0.8026184439659119
YKL058W,YDR040C,0,-0.84943223,0.00011325028026476502,1.0,0.8027093410491943
YHR149C,YLR181C,0,-0.8497374,0.00011323746002744883,1.0,0.8028002381324768
YOR049C,YLR044C,0,-0.8503761,0.00011322463979013264,1.0,0.802891194820404
YDL230W,YMR232W,0,-0.8504646,0.00011321181955281645,1.0,0.8029820919036865
YGR224W,YPL076W,0,-0.8507472,0.00011319900659145787,1.0,0.803072988986969
YHR197W,YNL214W,0,-0.8508898,0.0001131861936300993,1.0,0.8031639456748962
YBL038W,YPL097W,0,-0.8510247,0.00011317338066874072,1.0,0.8032548427581787
YDR471W,YDR397C,0,-0.8510942,0.00011316057498333976,1.0,0.8033457398414612
YPL203W,YDR480W,0,-0.85146224,0.0001131477692979388,1.0,0.8034366965293884
YBR119W,YAL059W,0,-0.8514881,0.00011313497088849545,1.0,0.8035275936126709
YLR390W-A,YBL051C,0,-0.8515537,0.0001131221724790521,1.0,0.8036184906959534
YIL137C,YNL247W,0,-0.85160637,0.00011310937406960875,1.0,0.8037094473838806
YPR106W,YNL023C,0,-0.8522228,0.00011309658293612301,1.0,0.8038003444671631
YLR293C,YCR106W,0,-0.8522235,0.00011308379180263728,1.0,0.8038912415504456
YKL099C,YNL278W,0,-0.85237527,0.00011307100794510916,1.0,0.8039821982383728
YPR003C,YPR180W,0,-0.8524264,0.00011305822408758104,1.0,0.8040730953216553
YKL080W,YLR056W,0,-0.8524747,0.00011304544750601053,1.0,0.8041639924049377
YGL067W,YKR027W,0,-0.85260475,0.00011303266364848241,1.0,0.804254949092865
YER028C,YGR253C,0,-0.8526262,0.00011301989434286952,1.0,0.8043458461761475
YMR055C,YGL144C,0,-0.85265934,0.00011300711776129901,1.0,0.8044367432594299
YOL135C,YLR247C,0,-0.8531798,0.00011299434845568612,1.0,0.8045276999473572
YDR435C,YDR122W,0,-0.8534115,0.00011298158642603084,1.0,0.8046185970306396
YDL087C,YMR035W,0,-0.8534315,0.00011296881712041795,1.0,0.8047094941139221
YDR043C,YLR362W,0,-0.8535647,0.00011295606236672029,1.0,0.8048004508018494
YLR055C,YER167W,0,-0.85368633,0.00011294330033706501,1.0,0.8048913478851318
YDR430C,YJL216C,0,-0.8537999,0.00011293054558336735,1.0,0.8049822449684143
YLR083C,YNL298W,0,-0.85462487,0.0001129177981056273,1.0,0.8050732016563416
YKR078W,YDL175C,0,-0.8547848,0.00011290504335192963,1.0,0.805164098739624
YLL021W,YPR133C,0,-0.8548427,0.0001128923031501472,1.0,0.8052549958229065
YFR010W,YPL145C,0,-0.85512996,0.00011287955567240715,1.0,0.8053459525108337
YER109C,YAL041W,0,-0.8554441,0.00011286681547062472,1.0,0.8054368495941162
YDR372C,YDR361C,0,-0.85562575,0.0001128540825447999,1.0,0.8055277466773987
YDR098C,YNL041C,0,-0.8556464,0.00011284134234301746,1.0,0.8056187033653259
YER109C,YDR103W,0,-0.8557658,0.00011282861669315025,1.0,0.8057096004486084
YHR024C,YDR276C,0,-0.8559259,0.00011281588376732543,1.0,0.8058004975318909
YPR114W,YLR061W,0,-0.8560103,0.00011280315811745822,1.0,0.8058914542198181
YPR037C,YHR005C,0,-0.85612375,0.00011279043246759102,1.0,0.8059823513031006
YHR090C,YLR435W,0,-0.8563206,0.00011277771409368142,1.0,0.8060733079910278
YML011C,YOL095C,0,-0.8563889,0.00011276499571977183,1.0,0.8061642050743103
YER062C,YGR211W,0,-0.8565689,0.00011275228462181985,1.0,0.8062551021575928
YDL024C,YBR083W,0,-0.8567696,0.00011273957352386788,1.0,0.80634605884552
YDR100W,YCL001W,0,-0.8569528,0.0001127268624259159,1.0,0.8064369559288025
YPL176C,YGR296W,0,-0.8570179,0.00011271415860392153,1.0,0.806527853012085
YBL031W,YER060W,0,-0.8571361,0.00011270145478192717,1.0,0.8066188097000122
YJL089W,YOR275C,0,-0.85714984,0.0001126887509599328,1.0,0.8067097067832947
YKL014C,YMR237W,0,-0.8572719,0.00011267605441389605,1.0,0.8068006038665771
YER062C,YGR083C,0,-0.8573358,0.00011266336514381692,1.0,0.8068915605545044
YKL149C,YPL189W,0,-0.85734695,0.00011265066859778017,1.0,0.8069824576377869
YGL045W,YGL121C,0,-0.8576319,0.00011263797932770103,1.0,0.8070733547210693
YLR229C,YBR095C,0,-0.8579818,0.00011262529733357951,1.0,0.8071643114089966
YOR320C,YDR276C,0,-0.8580336,0.00011261261533945799,1.0,0.807255208492279
YGR055W,YGL151W,0,-0.8581418,0.00011259993334533647,1.0,0.8073461055755615
YKL194C,YPL203W,0,-0.8586211,0.00011258725862717256,1.0,0.8074370622634888
YOR241W,YNL132W,0,-0.8588021,0.00011257458390900865,1.0,0.8075279593467712
YOR192C,YLL006W,0,-0.85882235,0.00011256190919084474,1.0,0.8076188564300537
YDL091C,YHR120W,0,-0.8588798,0.00011254924174863845,1.0,0.807709813117981
YBR193C,YPL178W,0,-0.8589474,0.00011253657430643216,1.0,0.8078007102012634
YER109C,YJL179W,0,-0.85931355,0.00011252391414018348,1.0,0.8078916072845459
YIL156W,YPL004C,0,-0.859934,0.0001125112539739348,1.0,0.8079825639724731
YIL056W,YGR266W,0,-0.859951,0.00011249859380768612,1.0,0.8080734610557556
YJR117W,YEL024W,0,-0.8600254,0.00011248594091739506,1.0,0.8081643581390381
YDL024C,YDR477W,0,-0.86003757,0.00011247328802710399,1.0,0.8082553148269653
YAL056W,YGL027C,0,-0.860057,0.00011246064241277054,1.0,0.8083462119102478
YAL015C,YOR227W,0,-0.8603231,0.00011244798952247947,1.0,0.8084371089935303
YOL055C,YPR134W,0,-0.8605256,0.00011243535118410364,1.0,0.8085280656814575
YNL119W,YBR083W,0,-0.8606329,0.0001124227128457278,1.0,0.80861896276474
YIL008W,YLR229C,0,-0.8607683,0.00011241007450735196,1.0,0.8087098598480225
YER167W,YLR466W,0,-0.8612823,0.00011239743616897613,1.0,0.8088008165359497
YJL167W,YPR199C,0,-0.861553,0.0001123848051065579,1.0,0.8088917136192322
YOL154W,YGR212W,0,-0.86192685,0.00011237217404413968,1.0,0.8089826107025146
YLR223C,YGL105W,0,-0.86201787,0.00011235955025767908,1.0,0.8090735673904419
YBR029C,YKR100C,0,-0.86204714,0.00011234692647121847,1.0,0.8091644644737244
YOR016C,YDL220C,0,-0.8622325,0.00011233430996071547,1.0,0.8092553615570068
YAL011W,YNR037C,0,-0.8622795,0.00011232168617425486,1.0,0.8093463182449341
YCR107W,YPR100W,0,-0.86254096,0.00011230907693970948,1.0,0.8094372153282166
YBR016W,YLR011W,0,-0.8628057,0.00011229646042920649,1.0,0.809528112411499
YPR175W,YKL048C,0,-0.8628227,0.00011228385119466111,1.0,0.8096190690994263
YFL011W,YKL196C,0,-0.8629803,0.00011227124923607334,1.0,0.8097099661827087
YGL063W,YIR031C,0,-0.8631682,0.00011225864727748558,1.0,0.8098008632659912
YDL100C,YDR243C,0,-0.8633481,0.00011224604531889781,1.0,0.8098918199539185
YEL005C,YHR157W,0,-0.86368215,0.00011223344336031005,1.0,0.8099827170372009
YGL116W,YNL216W,0,-0.8636862,0.0001122208486776799,1.0,0.8100736141204834
YKL192C,YPL193W,0,-0.8637953,0.00011220826127100736,1.0,0.8101645708084106
YNL076W,YGR208W,0,-0.86388063,0.00011219566658837721,1.0,0.8102554678916931
YAL056W,YNL298W,0,-0.8639562,0.00011218307918170467,1.0,0.8103464245796204
YGL142C,YMR015C,0,-0.8641333,0.00011217049905098975,1.0,0.8104373216629028
YGL104C,YMR055C,0,-0.8643082,0.00011215791892027482,1.0,0.8105282187461853
YOL122C,YDR439W,0,-0.86463165,0.0001121453387895599,1.0,0.8106191754341125
YDR244W,YER081W,0,-0.8649235,0.00011213276593480259,1.0,0.810710072517395
YOR117W,YLR249W,0,-0.86550075,0.00011212019308004528,1.0,0.8108009696006775
YKL006C-A,YDR257C,0,-0.865659,0.00011210762022528797,1.0,0.8108919262886047
YGL005C,YMR072W,0,-0.8658135,0.00011209505464648828,1.0,0.8109828233718872
YIL022W,YHR157W,0,-0.866011,0.0001120824963436462,1.0,0.8110737204551697
YPL120W,YDL087C,0,-0.8661149,0.0001120699307648465,1.0,0.8111646771430969
YML096W,YCR021C,0,-0.8664609,0.00011205737246200442,1.0,0.8112555742263794
YNL286W,YDR328C,0,-0.8666724,0.00011204482143511996,1.0,0.8113464713096619
YOR002W,YDR009W,0,-0.86752164,0.00011203226313227788,1.0,0.8114374279975891
YJL089W,YDR392W,0,-0.86755264,0.00011201971210539341,1.0,0.8115283250808716
YJL089W,YNL278W,0,-0.8675861,0.00011200716835446656,1.0,0.811619222164154
YNL029C,YDR087C,0,-0.8677236,0.0001119946246035397,1.0,0.8117101788520813
YDR464W,YOR019W,0,-0.86805284,0.00011198208085261285,1.0,0.8118010759353638
YNL173C,YBR169C,0,-0.8683023,0.00011196954437764362,1.0,0.8118919730186462
YML067C,YGR129W,0,-0.86841047,0.00011195700790267438,1.0,0.8119829297065735
YLR193C,YGL151W,0,-0.8685046,0.00011194447870366275,1.0,0.812073826789856
YCL029C,YCR058C,0,-0.86856914,0.00011193194222869352,1.0,0.8121647238731384
YPR131C,YHL015W,0,-0.86859274,0.0001119194203056395,1.0,0.8122556805610657
YPL169C,YEL001C,0,-0.8688769,0.00011190689110662788,1.0,0.8123465776443481
YGL144C,YGR138C,0,-0.8689236,0.00011189436918357387,1.0,0.8124374747276306
YHR110W,YNL214W,0,-0.8689796,0.00011188185453647748,1.0,0.8125284314155579
YPL105C,YOL135C,0,-0.8691782,0.00011186933988938108,1.0,0.8126193284988403
YLR167W,YLR055C,0,-0.86936307,0.00011185682524228469,1.0,0.8127102255821228
YLR362W,YGL208W,0,-0.86939937,0.00011184431059518829,1.0,0.81280118227005
YGR046W,YDR308C,0,-0.86965406,0.00011183180322404951,1.0,0.8128920793533325
YKL150W,YPL063W,0,-0.8697549,0.00011181930312886834,1.0,0.812982976436615
YJL180C,YBR034C,0,-0.870209,0.00011180679575772956,1.0,0.8130739331245422
YGR046W,YPL061W,0,-0.870686,0.00011179429566254839,1.0,0.8131648302078247
YIL018W,YNL066W,0,-0.8709434,0.00011178180284332484,1.0,0.8132557272911072
YNR071C,YDR359C,0,-0.871081,0.00011176931002410129,1.0,0.8133466839790344
YLL026W,YLR352W,0,-0.8711517,0.00011175681720487773,1.0,0.8134375810623169
YLR093C,YPL135W,0,-0.8711891,0.0001117443316616118,1.0,0.8135284781455994
YPL133C,YDR528W,0,-0.87131166,0.00011173184611834586,1.0,0.8136194348335266
YLR367W,YKL099C,0,-0.87189585,0.00011171936057507992,1.0,0.8137103319168091
YBR054W,YOR195W,0,-0.8719957,0.0001117068823077716,1.0,0.8138012290000916
YLR229C,YDR480W,0,-0.87239385,0.00011169440404046327,1.0,0.8138921856880188
YIL022W,YHR154W,0,-0.87314624,0.00011168193304911256,1.0,0.8139830827713013
YLL006W,YER081W,0,-0.8732959,0.00011166945478180423,1.0,0.8140739798545837
YPL140C,YOR335C,0,-0.87366444,0.00011165699106641114,1.0,0.814164936542511
YGR283C,YHL006C,0,-0.8737979,0.00011164452735101804,1.0,0.8142558336257935
YAL015C,YLR075W,0,-0.87447214,0.00011163206363562495,1.0,0.8143467307090759
YLR194C,YER023W,0,-0.8745276,0.00011161959992023185,1.0,0.8144376873970032
YJL045W,YDR175C,0,-0.87520623,0.00011160714348079637,1.0,0.8145285844802856
YEL027W,YDL117W,0,-0.8753326,0.00011159468704136088,1.0,0.8146194815635681
YDL031W,YNL118C,0,-0.87539804,0.00011158223787788302,1.0,0.8147104382514954
YHR201C,YDL209C,0,-0.8754083,0.00011156978871440515,1.0,0.8148013353347778
YDL081C,YMR242C,0,-0.87559175,0.00011155733955092728,1.0,0.8148922920227051
YKL048C,YMR177W,0,-0.8755932,0.00011154489766340703,1.0,0.8149831891059875
YIR004W,YBR272C,0,-0.8761873,0.00011153245577588677,1.0,0.81507408618927
YOR192C,YDR516C,0,-0.87620306,0.00011152002116432413,1.0,0.8151650428771973
YER113C,YDR103W,0,-0.8762045,0.00011150757927680388,1.0,0.8152559399604797
YMR053C,YMR237W,0,-0.8763033,0.00011149515194119886,1.0,0.8153468370437622
YFL026W,YKL080W,0,-0.8766568,0.00011148271732963622,1.0,0.8154377937316895
YPR120C,YCR044C,0,-0.87668216,0.00011147028999403119,1.0,0.8155286908149719
YPR173C,YJR120W,0,-0.8771088,0.00011145786993438378,1.0,0.8156195878982544
YDR127W,YPR141C,0,-0.87718177,0.00011144544987473637,1.0,0.8157105445861816
YNR030W,YGL111W,0,-0.8772661,0.00011143302981508896,1.0,0.8158014416694641
YLR345W,YOR009W,0,-0.877679,0.00011142060975544155,1.0,0.8158923387527466
YGR046W,YJL216C,0,-0.8776988,0.00011140819697175175,1.0,0.8159832954406738
YDR025W,YKL032C,0,-0.8777383,0.00011139579146401957,1.0,0.8160741925239563
YKL110C,YER127W,0,-0.8780354,0.00011138337868032977,1.0,0.8161650896072388
YOL116W,YBL005W,0,-0.87818325,0.00011137097317259759,1.0,0.816256046295166
YDR367W,YLR293C,0,-0.8787242,0.00011135857494082302,1.0,0.8163469433784485
YLR460C,YIL011W,0,-0.8790566,0.00011134617670904845,1.0,0.816437840461731
YNL183C,YLR384C,0,-0.8794566,0.00011133377847727388,1.0,0.8165287971496582
YOR236W,YKR088C,0,-0.87953043,0.00011132138752145693,1.0,0.8166196942329407
YPL141C,YIL119C,0,-0.87966704,0.00011130899656563997,1.0,0.8167105913162231
YNL240C,YPL018W,0,-0.8799456,0.00011129660560982302,1.0,0.8168015480041504
YDR100W,YLR175W,0,-0.87996775,0.00011128422192996368,1.0,0.8168924450874329
YBR066C,YOR212W,0,-0.880527,0.00011127183825010434,1.0,0.8169833421707153
YDR145W,YMR243C,0,-0.88057625,0.000111259454570245,1.0,0.8170742988586426
YOL154W,YDR243C,0,-0.8812766,0.00011124707816634327,1.0,0.817165195941925
YPL063W,YHR106W,0,-0.88148713,0.00011123470176244155,1.0,0.8172560930252075
YDR468C,YGR161C,0,-0.881564,0.00011122233263449743,1.0,0.8173470497131348
YGL208W,YPL049C,0,-0.8816689,0.00011120996350655332,1.0,0.8174379467964172
YHR185C,YGR253C,0,-0.881702,0.00011119760165456682,1.0,0.8175288438796997
YHR165C,YDR276C,0,-0.8818462,0.00011118523252662271,1.0,0.817619800567627
YLR194C,YDR040C,0,-0.88190424,0.00011117287067463621,1.0,0.8177106976509094
YNL318C,YHR111W,0,-0.8820319,0.00011116051609860733,1.0,0.8178015947341919
YDR434W,YHR005C,0,-0.8823775,0.00011114816152257845,1.0,0.8178925514221191
YEL019C,YOR068C,0,-0.8828925,0.00011113580694654956,1.0,0.8179834485054016
YDR513W,YMR262W,0,-0.8829056,0.0001111234596464783,1.0,0.8180743455886841
YDR025W,YNL068C,0,-0.88296473,0.00011111111234640703,1.0,0.8181653022766113
YER041W,YKL043W,0,-0.88324237,0.00011109876504633576,1.0,0.8182561993598938
YDR435C,YHR190W,0,-0.88373524,0.0001110864250222221,1.0,0.8183470964431763
YIL075C,YBR045C,0,-0.88377905,0.00011107408499810845,1.0,0.8184380531311035
YKL062W,YPL235W,0,-0.8838994,0.0001110617522499524,1.0,0.818528950214386
YDR490C,YLR185W,0,-0.88415766,0.00011104941950179636,1.0,0.8186198472976685
YAL015C,YGR211W,0,-0.884317,0.00011103708675364032,1.0,0.8187108039855957
YJR046W,YIR026C,0,-0.8845211,0.0001110247612814419,1.0,0.8188017010688782
YOL078W,YNL278W,0,-0.8845244,0.00011101243580924347,1.0,0.8188925981521606
YOR026W,YFR038W,0,-0.88456255,0.00011100011033704504,1.0,0.8189835548400879
YPL183C,YBL014C,0,-0.88463557,0.00011098779214080423,1.0,0.8190744519233704
YAL051W,YDR165W,0,-0.88466096,0.00011097547394456342,1.0,0.8191653490066528
YBR046C,YFR047C,0,-0.8846678,0.00011096316302428022,1.0,0.8192563056945801
YPL043W,YLR055C,0,-0.88467884,0.00011095085210399702,1.0,0.8193472027778625
YNL318C,YBR049C,0,-0.8847612,0.00011093854118371382,1.0,0.8194381594657898
YCL017C,YJL167W,0,-0.8850572,0.00011092623753938824,1.0,0.8195290565490723
YLR426W,YMR177W,0,-0.88525033,0.00011091393389506266,1.0,0.8196199536323547
YML120C,YOR009W,0,-0.8853541,0.00011090163025073707,1.0,0.819710910320282
YPL141C,YNL068C,0,-0.88548774,0.0001108893338823691,1.0,0.8198018074035645
YPL105C,YPL189W,0,-0.88568413,0.00011087703751400113,1.0,0.8198927044868469
YJR102C,YEL018W,0,-0.88608015,0.00011086474842159078,1.0,0.8199836611747742
YHR024C,YLR011W,0,-0.88616145,0.0001108524520532228,1.0,0.8200745582580566
YDR043C,YNL298W,0,-0.88678896,0.00011084017023677006,1.0,0.8201654553413391
YDL124W,YLR259C,0,-0.88704187,0.00011082788114435971,1.0,0.8202564120292664
YMR234W,YCL064C,0,-0.8871738,0.00011081559932790697,1.0,0.8203473091125488
YNL132W,YBR131W,0,-0.8876902,0.00011080332478741184,1.0,0.8204382061958313
YBR279W,YER139C,0,-0.8881028,0.00011079105024691671,1.0,0.8205291628837585
YER062C,YNL068C,0,-0.88892174,0.00011077877570642158,1.0,0.820620059967041
YPR017C,YCR018C,0,-0.8890103,0.00011076650116592646,1.0,0.8207109570503235
YNL103W,YDR007W,0,-0.88905686,0.00011075423390138894,1.0,0.8208019137382507
YKL194C,YOR372C,0,-0.88909996,0.00011074197391280904,1.0,0.8208928108215332
YOL116W,YBR066C,0,-0.89014244,0.00011072970664827153,1.0,0.8209837079048157
YER142C,YOL069W,0,-0.8903425,0.00011071744665969163,1.0,0.8210746645927429
YGL189C,YPR161C,0,-0.89140916,0.00011070519394706935,1.0,0.8211655616760254
YNL041C,YEL051W,0,-0.89153004,0.00011069294123444706,1.0,0.8212564587593079
YKL062W,YPR106W,0,-0.8915372,0.00011068068852182478,1.0,0.8213474154472351
YJL174W,YDR317W,0,-0.89156336,0.00011066843580920249,1.0,0.8214383125305176
YGL144C,YPR133C,0,-0.8916341,0.00011065619037253782,1.0,0.8215292096138
YLR390W-A,YDR372C,0,-0.8919885,0.00011064394493587315,1.0,0.8216201663017273
YML101C,YAL019W,0,-0.89205253,0.0001106317067751661,1.0,0.8217110633850098
YDL081C,YDL087C,0,-0.89258736,0.00011061946861445904,1.0,0.8218019604682922
YKL155C,YLR061W,0,-0.89259803,0.00011060723045375198,1.0,0.8218929171562195
YHL003C,YLR093C,0,-0.8928411,0.00011059499956900254,1.0,0.821983814239502
YML013W,YNL066W,0,-0.892923,0.0001105827686842531,1.0,0.8220747113227844
YOL096C,YBR268W,0,-0.89303684,0.00011057054507546127,1.0,0.8221656680107117
YER063W,YKR083C,0,-0.8931653,0.00011055832146666944,1.0,0.8222565650939941
YNL221C,YAL056W,0,-0.8933157,0.00011054609785787761,1.0,0.8223474621772766
YMR243C,YPR174C,0,-0.8937416,0.0001105338815250434,1.0,0.8224384188652039
YNL167C,YLR324W,0,-0.89432895,0.00011052166519220918,1.0,0.8225293159484863
YLR118C,YKL005C,0,-0.89516675,0.00011050944885937497,1.0,0.8226202130317688
YDR280W,YDR135C,0,-0.8952774,0.00011049723980249837,1.0,0.822711169719696
YBR211C,YDR427W,0,-0.8955508,0.00011048503074562177,1.0,0.8228020668029785
YBR005W,YMR001C,0,-0.8957218,0.00011047282168874517,1.0,0.822892963886261
YDL024C,YOR275C,0,-0.89590466,0.00011046061990782619,1.0,0.8229839205741882
YOR252W,YIL014W,0,-0.89602405,0.0001104484181269072,1.0,0.8230748176574707
YBR279W,YHR154W,0,-0.89657533,0.00011043622362194583,1.0,0.8231657147407532
YPL126W,YJL003W,0,-0.8968034,0.00011042402911698446,1.0,0.8232566714286804
YNL294C,YDR107C,0,-0.8968824,0.00011041183461202309,1.0,0.8233475685119629
YMR072W,YER167W,0,-0.89692277,0.00011039964738301933,1.0,0.8234384655952454
YBR279W,YPR067W,0,-0.89693594,0.00011038746015401557,1.0,0.8235294222831726
YLR083C,YDR103W,0,-0.8970494,0.00011037527292501181,1.0,0.8236203193664551
YHR169W,YPR199C,0,-0.8972061,0.00011036309297196567,1.0,0.8237112760543823
YJR132W,YPL058C,0,-0.89723575,0.00011035091301891953,1.0,0.8238021731376648
YGR078C,YAL007C,0,-0.8973247,0.000110338740341831,1.0,0.8238930702209473
YOL126C,YOL132W,0,-0.8974233,0.00011032656766474247,1.0,0.8239840269088745
YOR358W,YBR060C,0,-0.8977134,0.00011031439498765394,1.0,0.824074923992157
YPL176C,YLR460C,0,-0.8988029,0.00011030222958652303,1.0,0.8241658210754395
YDR287W,YLR345W,0,-0.8988998,0.00011029006418539211,1.0,0.8242567777633667
YDR384C,YIR031C,0,-0.89926314,0.0001102778987842612,1.0,0.8243476748466492
YDL235C,YJL179W,0,-0.8993944,0.0001102657406590879,1.0,0.8244385719299316
YFL025C,YOR236W,0,-0.9000736,0.0001102535825339146,1.0,0.8245295286178589
YOR258W,YHR037W,0,-0.90033674,0.00011024143168469891,1.0,0.8246204257011414
YKR078W,YDR469W,0,-0.9009768,0.00011022927355952561,1.0,0.8247113227844238
YDR009W,YDL018C,0,-0.9010955,0.00011021712998626754,1.0,0.8248022794723511
YJR073C,YPR120C,0,-0.90137947,0.00011020497913705185,1.0,0.8248931765556335
YOL011W,YCR065W,0,-0.90141153,0.00011019283556379378,1.0,0.824984073638916
YNL031C,YLR037C,0,-0.90263724,0.00011018069926649332,1.0,0.8250750303268433
YGR017W,YFR030W,0,-0.90291965,0.00011016855569323525,1.0,0.8251659274101257
YDR463W,YKL002W,0,-0.9032723,0.00011015641939593479,1.0,0.8252568244934082
YML011C,YHR194W,0,-0.90363115,0.00011014429037459195,1.0,0.8253477811813354
YJR073C,YKL145W,0,-0.9039596,0.0001101321613532491,1.0,0.8254386782646179
YGL076C,YJR153W,0,-0.90456074,0.00011012003233190626,1.0,0.8255295753479004
YPL001W,YPR148C,0,-0.9046301,0.00011010790331056342,1.0,0.8256205320358276
YBR086C,YBR168W,0,-0.90481913,0.00011009578156517819,1.0,0.8257114291191101
YPR175W,YLR190W,0,-0.9048922,0.00011008366709575057,1.0,0.8258023262023926
YMR205C,YLR150W,0,-0.9049285,0.00011007154535036534,1.0,0.8258932828903198
YER113C,YNL119W,0,-0.9051083,0.00011005943088093773,1.0,0.8259841799736023
YOR207C,YKL040C,0,-0.9051092,0.00011004732368746772,1.0,0.8260750770568848
YOL132W,YKR052C,0,-0.905522,0.00011003520921804011,1.0,0.826166033744812
YPL036W,YMR118C,0,-0.9055916,0.00011002310202457011,1.0,0.8262569308280945
YHR084W,YDR379W,0,-0.90565574,0.00011001100210705772,1.0,0.826347827911377
YAL059W,YDR246W,0,-0.90593815,0.00010999890218954533,1.0,0.8264387845993042
YKR064W,YGL087C,0,-0.90609944,0.00010998680227203295,1.0,0.8265296816825867
YCL039W,YPR141C,0,-0.9066558,0.00010997470235452056,1.0,0.8266205787658691
YJL167W,YDL113C,0,-0.9068759,0.00010996260971296579,1.0,0.8267115354537964
YNL059C,YLR460C,0,-0.9072612,0.00010995052434736863,1.0,0.8268024325370789
YBR114W,YLR360W,0,-0.9074133,0.00010993843170581385,1.0,0.8268933296203613
YPL179W,YOR026W,0,-0.9074662,0.0001099263463402167,1.0,0.8269842863082886
YDR178W,YHR005C,0,-0.9075936,0.00010991426825057715,1.0,0.827075183391571
YGL142C,YIL013C,0,-0.9076952,0.00010990219016093761,1.0,0.8271660804748535
YPL193W,YNL118C,0,-0.90782857,0.00010989011207129806,1.0,0.8272570371627808
YCR091W,YFL026W,0,-0.90833926,0.00010987803398165852,1.0,0.8273479342460632
YHR185C,YKR085C,0,-0.90862596,0.00010986596316797659,1.0,0.8274388313293457
YOR357C,YLR292C,0,-0.9089831,0.00010985389235429466,1.0,0.827529788017273
YNL025C,YOL009C,0,-0.9091284,0.00010984182881657034,1.0,0.8276206851005554
YDR471W,YBR295W,0,-0.910015,0.00010982976527884603,1.0,0.8277115821838379
YDR190C,YLR435W,0,-0.91029143,0.00010981770174112171,1.0,0.8278025388717651
YPL224C,YLR360W,0,-0.91034174,0.00010980564547935501,1.0,0.8278934359550476
YBR054W,YGL045W,0,-0.9104039,0.0001097935892175883,1.0,0.8279843330383301
YDR212W,YPR003C,0,-0.9104336,0.0001097815329558216,1.0,0.8280752897262573
YOR264W,YHL025W,0,-0.9105617,0.00010976948397001252,1.0,0.8281661868095398
YDR515W,YDR289C,0,-0.9107836,0.00010975743498420343,1.0,0.828257143497467
YPL183C,YOR254C,0,-0.91086185,0.00010974539327435195,1.0,0.8283480405807495
YDR100W,YPL173W,0,-0.91094375,0.00010973335156450048,1.0,0.828438937664032
YIL036W,YGL098W,0,-0.911421,0.00010972130985464901,1.0,0.8285298943519592
YIL007C,YER179W,0,-0.9117335,0.00010970926814479753,1.0,0.8286207914352417
YPL203W,YMR316W,0,-0.91202474,0.00010969723371090367,1.0,0.8287116885185242
YLR293C,YBR149W,0,-0.9125499,0.00010968520655296743,1.0,0.8288026452064514
YBR043C,YCL048W,0,-0.91270924,0.00010967317211907357,1.0,0.8288935422897339
YDR256C,YJR052W,0,-0.91279143,0.00010966114496113732,1.0,0.8289844393730164
YPL280W,YKL129C,0,-0.91288614,0.0001096491250791587,1.0,0.8290753960609436
YGL189C,YCL016C,0,-0.9129089,0.00010963709792122245,1.0,0.8291662931442261
YGL058W,YNL038W,0,-0.9130636,0.00010962508531520143,1.0,0.8292571902275085
YNL062C,YDR437W,0,-0.91307735,0.0001096130654332228,1.0,0.8293481469154358
YDR189W,YNR019W,0,-0.9133273,0.00010960105282720178,1.0,0.8294390439987183
YJL026W,YLR259C,0,-0.9136871,0.00010958904022118077,1.0,0.8295299410820007
YKL194C,YOR357C,0,-0.9138634,0.00010957703489111736,1.0,0.829620897769928
YDR256C,YDL113C,0,-0.9144148,0.00010956502956105396,1.0,0.8297117948532104
YKL194C,YOR266W,0,-0.91474164,0.00010955302423099056,1.0,0.8298026919364929
YJL096W,YBR119W,0,-0.91493225,0.00010954102617688477,1.0,0.8298936486244202
YDR528W,YIL043C,0,-0.9150684,0.00010952902812277898,1.0,0.8299845457077026
YOL132W,YEL006W,0,-0.91580343,0.0001095170300686732,1.0,0.8300754427909851
YOR018W,YFL011W,0,-0.91638017,0.00010950503929052502,1.0,0.8301663994789124
YHR020W,YNL161W,0,-0.916453,0.00010949304851237684,1.0,0.8302572965621948
YGR193C,YDR234W,0,-0.9169476,0.00010948105773422867,1.0,0.8303481936454773
YHR073W,YOR275C,0,-0.9171026,0.00010946907423203811,1.0,0.8304391503334045
YPR114W,YOR081C,0,-0.91772103,0.00010945709072984755,1.0,0.830530047416687
YHR088W,YPR133C,0,-0.9183455,0.0001094451145036146,1.0,0.8306209444999695
YFR027W,YOR372C,0,-0.9185036,0.00010943313827738166,1.0,0.8307119011878967
YER014W,YJR131W,0,-0.9186206,0.00010942116205114871,1.0,0.8308027982711792
YPL138C,YJL012C,0,-0.91864264,0.00010940919310087338,1.0,0.8308936953544617
YAL002W,YNR052C,0,-0.91868436,0.00010939722415059805,1.0,0.8309846520423889
YJL089W,YDL159W,0,-0.9188155,0.00010938525520032272,1.0,0.8310755491256714
YHR190W,YDL076C,0,-0.9190232,0.000109373293526005,1.0,0.8311664462089539
YLR167W,YNL024C,0,-0.91909957,0.00010936133185168728,1.0,0.8312574028968811
YDR227W,YDR041W,0,-0.91924447,0.00010934937017736956,1.0,0.8313482999801636
YDR407C,YHL026C,0,-0.9193385,0.00010933741577900946,1.0,0.831439197063446
YDR145W,YBR085W,0,-0.92018425,0.00010932546138064936,1.0,0.8315301537513733
YGR204W,YPL189W,0,-0.9207468,0.00010931351425824687,1.0,0.8316210508346558
YLR411W,YPR057W,0,-0.92075264,0.00010930155985988677,1.0,0.8317119479179382
YLR460C,YIL123W,0,-0.9210968,0.00010928962001344189,1.0,0.8318029046058655
YNL025C,YKR083C,0,-0.92121667,0.0001092776728910394,1.0,0.831893801689148
YKL149C,YBR146W,0,-0.9214018,0.00010926573304459453,1.0,0.8319846987724304
YPR174C,YJL208C,0,-0.92157596,0.00010925379319814965,1.0,0.8320756554603577
YAL028W,YPL063W,0,-0.921645,0.00010924186062766239,1.0,0.8321665525436401
YBR109C,YCL067C,0,-0.92200434,0.00010922992805717513,1.0,0.8322574496269226
YNL194C,YGR142W,0,-0.92200494,0.00010921800276264548,1.0,0.8323484063148499
YMR192W,YJL208C,0,-0.9226694,0.00010920607019215822,1.0,0.8324393033981323
YBL087C,YLR068W,0,-0.92276573,0.00010919414489762858,1.0,0.8325302004814148
YIL052C,YPL117C,0,-0.9228325,0.00010918222687905654,1.0,0.832621157169342
YBL087C,YLR044C,0,-0.9232294,0.00010917030886048451,1.0,0.8327120542526245
YDR129C,YDL113C,0,-0.92357135,0.00010915839084191248,1.0,0.8328030109405518
YGR082W,YDL243C,0,-0.92357856,0.00010914647282334045,1.0,0.8328939080238342
YER072W,YGR122W,0,-0.9238394,0.00010913456208072603,1.0,0.8329848051071167
YOR101W,YDL106C,0,-0.9240078,0.00010912265133811161,1.0,0.833075761795044
YOL116W,YHR011W,0,-0.9240108,0.0001091107478714548,1.0,0.8331666588783264
YFL049W,YLR075W,0,-0.9241275,0.000109098844404798,1.0,0.8332575559616089
YJR117W,YJL212C,0,-0.9244098,0.0001090869409381412,1.0,0.8333485126495361
YOL012C,YML013W,0,-0.9245019,0.00010907504474744201,1.0,0.8334394097328186
YJR035W,YIR031C,0,-0.92469895,0.00010906314855674282,1.0,0.8335303068161011
YBR078W,YIL069C,0,-0.92482764,0.00010905125236604363,1.0,0.8336212635040283
YLR333C,YDR317W,0,-0.9253706,0.00010903936345130205,1.0,0.8337121605873108
YML041C,YEL027W,0,-0.9256962,0.00010902747453656048,1.0,0.8338030576705933
YCR016W,YOL029C,0,-0.92577374,0.0001090155856218189,1.0,0.8338940143585205
YER109C,YNL119W,0,-0.9261259,0.00010900370398303494,1.0,0.833984911441803
YKL191W,YML055W,0,-0.9265497,0.00010899182234425098,1.0,0.8340758085250854
YLR413W,YLR115W,0,-0.9275028,0.00010897994798142463,1.0,0.8341667652130127
YDR437W,YMR177W,0,-0.9275605,0.00010896807361859828,1.0,0.8342576622962952
YDL240W,YJR123W,0,-0.92796504,0.00010895619925577193,1.0,0.8343485593795776
YNL183C,YIL005W,0,-0.9286108,0.0001089443321689032,1.0,0.8344395160675049
YPL115C,YPL040C,0,-0.9289974,0.00010893246508203447,1.0,0.8345304131507874
YER031C,YML013W,0,-0.92912614,0.00010892059799516574,1.0,0.8346213102340698
YDR204W,YML086C,0,-0.92929715,0.000108908730908297,1.0,0.8347122669219971
YER027C,YHR011W,0,-0.9296144,0.00010889687109738588,1.0,0.8348031640052795
YDR111C,YKL054C,0,-0.92978203,0.00010888501856243238,1.0,0.834894061088562
YHR084W,YBR083W,0,-0.9307884,0.00010887316602747887,1.0,0.8349850177764893
YDR009W,YMR105C,0,-0.93148977,0.00010886131349252537,1.0,0.8350759148597717
YER007C-A,YKR099W,0,-0.9317001,0.00010884946095757186,1.0,0.8351668119430542
YMR063W,YNL038W,0,-0.9317474,0.00010883761569857597,1.0,0.8352577686309814
YDR107C,YDR379W,0,-0.93199265,0.00010882577043958008,1.0,0.8353486657142639
YKR053C,YGL192W,0,-0.9324931,0.00010881392518058419,1.0,0.8354395627975464
YDL081C,YOR358W,0,-0.93265414,0.00010880208719754592,1.0,0.8355305194854736
YOR079C,YPL161C,0,-0.93267596,0.00010879024921450764,1.0,0.8356214165687561
YDR009W,YML076C,0,-0.93299747,0.00010877841850742698,1.0,0.8357123136520386
YBR211C,YMR262W,0,-0.93310374,0.00010876658780034631,1.0,0.8358032703399658
YER014W,YDR435C,0,-0.9336525,0.00010875475709326565,1.0,0.8358941674232483
YLR315W,YJR131W,0,-0.9336553,0.0001087429336621426,1.0,0.8359850645065308
YEL027W,YIL173W,0,-0.93377125,0.00010873111023101956,1.0,0.836076021194458
YDR178W,YGL005C,0,-0.9338823,0.00010871928679989651,1.0,0.8361669182777405
YPR188C,YPL173W,0,-0.9348614,0.00010870747064473107,1.0,0.836257815361023
YLL026W,YPL239W,0,-0.93536043,0.00010869565448956564,1.0,0.8363487720489502
YGR245C,YGR040W,0,-0.936149,0.00010868383833440021,1.0,0.8364396691322327
YLR004C,YMR149W,0,-0.9362116,0.00010867202945519239,1.0,0.8365305662155151
YDR002W,YBR034C,0,-0.93651044,0.00010866022057598457,1.0,0.8366215229034424
YAL007C,YER071C,0,-0.93688214,0.00010864841169677675,1.0,0.8367124199867249
YDR301W,YGL240W,0,-0.9372921,0.00010863661009352654,1.0,0.8368033170700073
YJL089W,YLR360W,0,-0.9380766,0.00010862480849027634,1.0,0.8368942737579346
YLR017W,YLR200W,0,-0.9381214,0.00010861301416298375,1.0,0.836985170841217
YFL005W,YNL133C,0,-0.93816864,0.00010860121983569115,1.0,0.8370761275291443
YKR079C,YGR060W,0,-0.9382203,0.00010858942550839856,1.0,0.8371670246124268
YDR075W,YBR121C,0,-0.938351,0.00010857763118110597,1.0,0.8372579216957092
YLR052W,YER159C,0,-0.9383774,0.000108565844129771,1.0,0.8373488783836365
YJR084W,YAL026C,0,-0.9384145,0.00010855405707843602,1.0,0.837439775466919
YHR190W,YJL001W,0,-0.9384235,0.00010854227730305865,1.0,0.8375306725502014
YGL243W,YBL063W,0,-0.93854034,0.00010853049752768129,1.0,0.8376216292381287
YJR153W,YDR328C,0,-0.9387356,0.00010851871775230393,1.0,0.8377125263214111
YOR252W,YGR253C,0,-0.9387417,0.00010850694525288418,1.0,0.8378034234046936
YBR233W-A,YML011C,0,-0.93959296,0.00010849517275346443,1.0,0.8378943800926208
YCL029C,YMR158W,0,-0.9396292,0.00010848340025404468,1.0,0.8379852771759033
YKR027W,YBL063W,0,-0.9397118,0.00010847163503058255,1.0,0.8380761742591858
YBL063W,YCR044C,0,-0.940091,0.00010845986980712041,1.0,0.838167130947113
YAL059W,YKL058W,0,-0.94012284,0.00010844810458365828,1.0,0.8382580280303955
YLL024C,YPR046W,0,-0.94051975,0.00010843634663615376,1.0,0.838348925113678
YCL017C,YBR005W,0,-0.94054353,0.00010842458868864924,1.0,0.8384398818016052
YIL069C,YPL198W,0,-0.9406371,0.00010841283801710233,1.0,0.8385307788848877
YPL058C,YDR365C,0,-0.9406837,0.00010840108734555542,1.0,0.8386216759681702
YOL121C,YOR158W,0,-0.9409182,0.00010838933667400852,1.0,0.8387126326560974
YAL026C,YDL102W,0,-0.9410161,0.00010837758600246161,1.0,0.8388035297393799
YGL087C,YLR200W,0,-0.94109684,0.00010836584260687232,1.0,0.8388944268226624
YNL132W,YMR242C,0,-0.9411162,0.00010835409921128303,1.0,0.8389853835105896
YJR117W,YKL155C,0,-0.94145656,0.00010834236309165135,1.0,0.8390762805938721
YNL111C,YPL178W,0,-0.94148606,0.00010833062697201967,1.0,0.8391671776771545
YGR120C,YNL164C,0,-0.9416928,0.000108318890852388,1.0,0.8392581343650818
YBR189W,YKR007W,0,-0.9417174,0.00010830716200871393,1.0,0.8393490314483643
YCR031C,YKL099C,0,-0.9417393,0.00010829543316503987,1.0,0.8394399285316467
YDR107C,YOR275C,0,-0.9420186,0.0001082837043213658,1.0,0.839530885219574
YLR083C,YPL010W,0,-0.9423043,0.00010827198275364935,1.0,0.8396217823028564
YHR165C,YPR106W,0,-0.9423264,0.0001082602611859329,1.0,0.8397126793861389
YBR180W,YIL018W,0,-0.9425602,0.00010824853961821645,1.0,0.8398036360740662
YJR042W,YOR001W,0,-0.9427156,0.00010823682532645762,1.0,0.8398945331573486
YDL235C,YJR118C,0,-0.9429107,0.00010822511103469878,1.0,0.8399854302406311
YHR011W,YIR019C,0,-0.9430039,0.00010821339674293995,1.0,0.8400763869285583
YEL001C,YPL097W,0,-0.94353807,0.00010820168972713873,1.0,0.8401672840118408
YKL058W,YBR301W,0,-0.94355416,0.0001081899827113375,1.0,0.8402581810951233
YOR068C,YBR131W,0,-0.94364357,0.00010817827569553629,1.0,0.8403491377830505
YOL116W,YDL024C,0,-0.94401544,0.00010816657595569268,1.0,0.840440034866333
YOL121C,YPL253C,0,-0.9440487,0.00010815487621584907,1.0,0.8405309319496155
YER056C,YHR169W,0,-0.9441431,0.00010814318375196308,1.0,0.8406218886375427
YOR016C,YFR050C,0,-0.9443892,0.00010813149128807709,1.0,0.8407127857208252
YHR158C,YPR120C,0,-0.9445082,0.0001081197988241911,1.0,0.8408036828041077
YOR119C,YDR365C,0,-0.9445472,0.0001081081063603051,1.0,0.8408946394920349
YFR014C,YER149C,0,-0.94475484,0.00010809642117237672,1.0,0.8409855365753174
YOL132W,YMR153W,0,-0.9448115,0.00010808473598444834,1.0,0.8410764336585999
YLR200W,YDR110W,0,-0.9449503,0.00010807305807247758,1.0,0.8411673903465271
YBL056W,YDR435C,0,-0.9451492,0.00010806138016050681,1.0,0.8412582874298096
YLR061W,YKR088C,0,-0.94528294,0.00010804970224853605,1.0,0.841349184513092
YBR078W,YGL061C,0,-0.9453293,0.0001080380316125229,1.0,0.8414401412010193
YJL094C,YBR254C,0,-0.94554955,0.00010802636097650975,1.0,0.8415310382843018
YPL058C,YML076C,0,-0.9458719,0.0001080146903404966,1.0,0.841621994972229
YDL072C,YIL007C,0,-0.9461479,0.00010800302698044106,1.0,0.8417128920555115
YIL119C,YNL111C,0,-0.94622654,0.00010799136362038553,1.0,0.841803789138794
YMR059W,YJR035W,0,-0.9467434,0.00010797970026032999,1.0,0.8418947458267212
YDR217C,YFR034C,0,-0.9472765,0.00010796804417623207,1.0,0.8419856429100037
YLR039C,YLR056W,0,-0.94733655,0.00010795638809213415,1.0,0.8420765399932861
YIL030C,YOL095C,0,-0.9474005,0.00010794473200803623,1.0,0.8421674966812134
YDR323C,YOR319W,0,-0.9475337,0.00010793308319989592,1.0,0.8422583937644958
YFL025C,YER139C,0,-0.94753706,0.00010792143439175561,1.0,0.8423492908477783
YMR318C,YKR064W,0,-0.9475744,0.0001079097855836153,1.0,0.8424402475357056
YML100W,YLR299W,0,-0.9480572,0.00010789814405143261,1.0,0.842531144618988
YGR004W,YHL011C,0,-0.94864035,0.00010788650251924992,1.0,0.8426220417022705
YMR175W,YHR138C,0,-0.94880766,0.00010787486826302484,1.0,0.8427129983901978
YMR055C,YLR299W,0,-0.9488887,0.00010786322673084214,1.0,0.8428038954734802
YMR316W,YPL049C,0,-0.9490721,0.00010785159975057468,1.0,0.8428947925567627
YGL067W,YGR078C,0,-0.94937956,0.0001078399654943496,1.0,0.8429857492446899
YLR185W,YPR131C,0,-0.9494202,0.00010782833851408213,1.0,0.8430766463279724
YGL028C,YMR050C,0,-0.94992507,0.00010781671153381467,1.0,0.8431675434112549
YKL062W,YMR055C,0,-0.9501653,0.00010780509182950482,1.0,0.8432585000991821
YCR086W,YML047C,0,-0.9502108,0.00010779346484923735,1.0,0.8433493971824646
YER100W,YOL132W,0,-0.95022345,0.00010778185242088512,1.0,0.8434402942657471
YIL075C,YKL006W,0,-0.95044595,0.00010777023271657526,1.0,0.8435312509536743
YML011C,YCL048W,0,-0.95106626,0.00010775862028822303,1.0,0.8436221480369568
YGR211W,YLR175W,0,-0.95108145,0.00010774700785987079,1.0,0.8437130451202393
YFL026W,YGL129C,0,-0.95166385,0.00010773540270747617,1.0,0.8438040018081665
YAL056W,YLR323C,0,-0.95206916,0.00010772379755508155,1.0,0.843894898891449
YPL215W,YPR057W,0,-0.9521289,0.00010771219240268692,1.0,0.8439857959747314
YDR500C,YPR057W,0,-0.9524137,0.00010770059452624992,1.0,0.8440767526626587
YBR054W,YJR123W,0,-0.9528276,0.00010768899664981291,1.0,0.8441676497459412
YEL018W,YFL049W,0,-0.95291483,0.0001076773987733759,1.0,0.8442585468292236
YNL119W,YHR111W,0,-0.9529225,0.0001076658081728965,1.0,0.8443495035171509
YEL006W,YGL016W,0,-0.95336384,0.00010765421757241711,1.0,0.8444404006004333
YDR345C,YOR363C,0,-0.9533675,0.00010764262697193772,1.0,0.8445312976837158
YKR093W,YOR273C,0,-0.9535292,0.00010763104364741594,1.0,0.8446222543716431
YBR189W,YLR345W,0,-0.9535561,0.00010761946032289416,1.0,0.8447131514549255
YPL176C,YOR271C,0,-0.95371586,0.00010760787699837238,1.0,0.844804048538208
YNL045W,YMR015C,0,-0.95377713,0.00010759630094980821,1.0,0.8448950052261353
YER102W,YJR108W,0,-0.95399904,0.00010758472490124404,1.0,0.8449859023094177
YGL126W,YDR516C,0,-0.9540223,0.00010757314885267988,1.0,0.8450767993927002
YPR017C,YBR188C,0,-0.95434284,0.00010756158008007333,1.0,0.8451677560806274
YDR023W,YDR399W,0,-0.95450044,0.00010755001130746678,1.0,0.8452586531639099
YPL173W,YMR035W,0,-0.95475984,0.00010753844253486022,1.0,0.8453495502471924
YFL026W,YDR397C,0,-0.95480466,0.00010752688103821129,1.0,0.8454405069351196
YGR082W,YKL192C,0,-0.95482624,0.00010751531954156235,1.0,0.8455314040184021
YPR110C,YIL096C,0,-0.9548314,0.00010750376532087103,1.0,0.8456223011016846
YLR284C,YGR055W,0,-0.954929,0.00010749220382422209,1.0,0.8457132577896118
YNL318C,YIR019C,0,-0.95495933,0.00010748065687948838,1.0,0.8458041548728943
YML059C,YGR055W,0,-0.9553421,0.00010746910265879706,1.0,0.8458950519561768
YGR030C,YPR046W,0,-0.95549035,0.00010745755571406335,1.0,0.845986008644104
YEL039C,YIL011W,0,-0.95632946,0.00010744600876932964,1.0,0.8460769057273865
YNL029C,YPR141C,0,-0.9564488,0.00010743446182459593,1.0,0.8461678624153137
YHR084W,YNL119W,0,-0.95646375,0.00010742292215581983,1.0,0.8462587594985962
YNL045W,YML016C,0,-0.95676243,0.00010741138248704374,1.0,0.8463496565818787
YLR083C,YGR040W,0,-0.95682967,0.00010739985009422526,1.0,0.8464406132698059
YFR031C-A,YDR259C,0,-0.95722914,0.00010738831770140678,1.0,0.8465315103530884
YER014W,YGR224W,0,-0.95723605,0.0001073767853085883,1.0,0.8466224074363708
YLR102C,YDL149W,0,-0.95818865,0.00010736526019172743,1.0,0.8467133641242981
YDR217C,YNL180C,0,-0.9584541,0.00010735372779890895,1.0,0.8468042612075806
YDR528W,YOR079C,0,-0.9586524,0.0001073422099580057,1.0,0.846895158290863
YLR259C,YGL194C,0,-0.95869255,0.00010733068484114483,1.0,0.8469861149787903
YIL008W,YNL298W,0,-0.9590833,0.00010731916700024158,1.0,0.8470770120620728
YMR243C,YGL243W,0,-0.9591138,0.00010730764915933833,1.0,0.8471679091453552
YKR093W,YOR207C,0,-0.9592049,0.00010729613859439269,1.0,0.8472588658332825
YDR471W,YOL076W,0,-0.96000135,0.00010728462802944705,1.0,0.8473497629165649
YAL059W,YBR212W,0,-0.96023774,0.00010727311746450141,1.0,0.8474406599998474
YHR205W,YOR383C,0,-0.96027875,0.00010726161417551339,1.0,0.8475316166877747
YLR118C,YPR086W,0,-0.96036035,0.00010725011088652536,1.0,0.8476225137710571
YLR085C,YLR239C,0,-0.96074384,0.00010723860759753734,1.0,0.8477134108543396
YHR122W,YJR109C,0,-0.9607485,0.00010722710430854931,1.0,0.8478043675422668
YDR107C,YPL115C,0,-0.9611286,0.0001072156082955189,1.0,0.8478952646255493
YOR191W,YMR261C,0,-0.9613112,0.00010720411955844611,1.0,0.8479861617088318
YBR233W-A,YDL031W,0,-0.96146905,0.0001071926235454157,1.0,0.848077118396759
YCR031C,YOR156C,0,-0.96153414,0.0001071811348083429,1.0,0.8481680154800415
YNL103W,YDR438W,0,-0.96167594,0.00010716964607127011,1.0,0.848258912563324
YCL051W,YOR086C,0,-0.96171314,0.00010715816461015493,1.0,0.8483498692512512
YLR229C,YNL294C,0,-0.9622599,0.00010714668314903975,1.0,0.8484407663345337
YAL019W,YCR058C,0,-0.9624792,0.00010713520168792456,1.0,0.8485316634178162
YPL138C,YPL126W,0,-0.96262914,0.000107123727502767,1.0,0.8486226201057434
YPR057W,YER032W,0,-0.96290034,0.00010711225331760943,1.0,0.8487135171890259
YJL057C,YMR040W,0,-0.9642844,0.00010710077913245186,1.0,0.8488044142723083
YIL008W,YGR040W,0,-0.9643052,0.00010708931222325191,1.0,0.8488953709602356
YKR093W,YHR148W,0,-0.9647342,0.00010707784531405196,1.0,0.8489862680435181
YDL072C,YDR178W,0,-0.96478474,0.000107066378404852,1.0,0.8490771651268005
YKL069W,YJR048W,0,-0.9647949,0.00010705491877160966,1.0,0.8491681218147278
YER027C,YER113C,0,-0.96506953,0.00010704345913836733,1.0,0.8492590188980103
YJL186W,YGL115W,0,-0.9651566,0.00010703199950512499,1.0,0.8493499159812927
YJL096W,YGL115W,0,-0.9651798,0.00010702054714784026,1.0,0.84944087266922
YGL226W,YGR044C,0,-0.9652195,0.00010700909479055554,1.0,0.8495317697525024
YGR181W,YCR031C,0,-0.9657136,0.00010699764243327081,1.0,0.8496226668357849
YMR059W,YNL065W,0,-0.96571827,0.0001069861973519437,1.0,0.8497136235237122
YOR127W,YAL056W,0,-0.96674824,0.00010697475227061659,1.0,0.8498045206069946
YML101C,YPL021W,0,-0.96676666,0.0001069633144652471,1.0,0.8498954176902771
YOL096C,YMR131C,0,-0.9677794,0.00010695186938391998,1.0,0.8499863743782043
YER176W,YHR120W,0,-0.9685031,0.00010694043157855049,1.0,0.8500772714614868
YFL049W,YGR004W,0,-0.96899796,0.0001069290010491386,1.0,0.8501681685447693
YOL144W,YPR034W,0,-0.9691893,0.00010691756324376911,1.0,0.8502591252326965
YER041W,YKL032C,0,-0.9695553,0.00010690613999031484,1.0,0.850350022315979
YJL089W,YBR066C,0,-0.96985185,0.00010689470946090296,1.0,0.8504409193992615
YGR224W,YPL239W,0,-0.9702308,0.00010688328620744869,1.0,0.8505318760871887
YDR025W,YNL287W,0,-0.970931,0.00010687186295399442,1.0,0.8506227731704712
YLR006C,YGL139W,0,-0.9711466,0.00010686043970054016,1.0,0.8507137298583984
YDL175C,YKL005C,0,-0.97121334,0.0001068490237230435,1.0,0.8508046269416809
YAL002W,YMR055C,0,-0.9712879,0.00010683760774554685,1.0,0.8508955240249634
YPL058C,YOR109W,0,-0.97163147,0.0001068261917680502,1.0,0.8509864807128906
YPL137C,YMR215W,0,-0.9722906,0.00010681478306651115,1.0,0.8510773777961731
YGL096W,YMR322C,0,-0.9724245,0.00010680337436497211,1.0,0.8511682748794556
YBL035C,YLR292C,0,-0.97340286,0.00010679196566343307,1.0,0.8512592315673828
YPL137C,YCR016W,0,-0.97411335,0.00010678056423785165,1.0,0.8513501286506653
YDR007W,YKL145W,0,-0.9744603,0.00010676916281227022,1.0,0.8514410257339478
YOR117W,YEL051W,0,-0.9748141,0.00010675776866264641,1.0,0.851531982421875
YKR052C,YML055W,0,-0.9748161,0.00010674636723706499,1.0,0.8516228795051575
YDR361C,YNL246W,0,-0.97583085,0.00010673498036339879,1.0,0.8517137765884399
YER109C,YGL121C,0,-0.9759061,0.00010672358621377498,1.0,0.8518047332763672
YGR078C,YER139C,0,-0.97621423,0.00010671219934010878,1.0,0.8518956303596497
YPL203W,YIR019C,0,-0.97669446,0.00010670081246644258,1.0,0.8519865274429321
YJR108W,YPR141C,0,-0.9772115,0.00010668942559277639,1.0,0.8520774841308594
YOL144W,YLR413W,0,-0.9773455,0.0001066780459950678,1.0,0.8521683812141418
YOL132W,YKL150W,0,-0.9776141,0.00010666666639735922,1.0,0.8522592782974243
YOL055C,YMR040W,0,-0.9776601,0.00010665528679965064,1.0,0.8523502349853516
YKR089C,YPL133C,0,-0.97797394,0.00010664391447789967,1.0,0.852441132068634
YCL029C,YGR283C,0,-0.9781232,0.0001066325421561487,1.0,0.8525320291519165
YOR127W,YGR040W,0,-0.97862136,0.00010662117711035535,1.0,0.8526229858398438
YOR252W,YDR025W,0,-0.9790162,0.00010660980478860438,1.0,0.8527138829231262
YER149C,YDR259C,0,-0.97905135,0.00010659844701876864,1.0,0.8528047800064087
YGR224W,YGL111W,0,-0.97933173,0.00010658708197297528,1.0,0.8528957366943359
YAL015C,YCL054W,0,-0.97943485,0.00010657572420313954,1.0,0.8529866337776184
YHR090C,YNR071C,0,-0.979859,0.0001065643664333038,1.0,0.8530775308609009
YOR316C,YOR247W,0,-0.98010004,0.00010655300866346806,1.0,0.8531684875488281
YDR398W,YHR142W,0,-0.9801459,0.00010654165816958994,1.0,0.8532593846321106
YBR181C,YKL099C,0,-0.98070574,0.00010653030767571181,1.0,0.8533502817153931
YNL250W,YKL014C,0,-0.98086435,0.00010651895718183368,1.0,0.8534412384033203
YNL298W,YMR116C,0,-0.9810041,0.00010650761396391317,1.0,0.8535321354866028
YGR046W,YLR263W,0,-0.9810323,0.00010649627074599266,1.0,0.8536230325698853
YGL016W,YGL111W,0,-0.9810867,0.00010648493480402976,1.0,0.8537139892578125
YER139C,YDR057W,0,-0.98260784,0.00010647359158610925,1.0,0.853804886341095
YML057W,YDR386W,0,-0.9834086,0.00010646225564414635,1.0,0.8538957834243774
YER113C,YLR083C,0,-0.9834705,0.00010645092697814107,1.0,0.8539867401123047
YLR390W-A,YPL116W,0,-0.983834,0.00010643959831213579,1.0,0.8540776371955872
YOR119C,YDR434W,0,-0.9843491,0.0001064282696461305,1.0,0.8541685342788696
YLR324W,YHL035C,0,-0.984721,0.00010641694098012522,1.0,0.8542594909667969
YJL057C,YCR091W,0,-0.9848064,0.00010640561959007755,1.0,0.8543503880500793
YDR098C,YML047C,0,-0.98489106,0.00010639429820002988,1.0,0.8544412851333618
YJL127C,YGL240W,0,-0.9854716,0.00010638297680998221,1.0,0.8545322418212891
YLL026W,YGL018C,0,-0.9854764,0.00010637166269589216,1.0,0.8546231389045715
YDR468C,YOL078W,0,-0.98584527,0.0001063603485818021,1.0,0.854714035987854
YLL066C,YER176W,0,-0.9859375,0.00010634903446771204,1.0,0.8548049926757812
YJL057C,YJR046W,0,-0.9859972,0.0001063377276295796,1.0,0.8548958897590637
YHR001W-A,YER081W,0,-0.9861434,0.00010632642079144716,1.0,0.854986846446991
YBR153W,YMR230W,0,-0.9861597,0.00010631512122927234,1.0,0.8550777435302734
YIL064W,YDR009W,0,-0.9863214,0.0001063038143911399,1.0,0.8551686406135559
YDL240W,YDR176W,0,-0.9863898,0.00010629251482896507,1.0,0.8552595973014832
YDR392W,YIR019C,0,-0.98644763,0.00010628122254274786,1.0,0.8553504943847656
YGR208W,YKL040C,0,-0.9866018,0.00010626992298057303,1.0,0.8554413914680481
YDR098C,YFL011W,0,-0.9866125,0.00010625863069435582,1.0,0.8555323481559753
YGR212W,YIL022W,0,-0.9871225,0.00010624734568409622,1.0,0.8556232452392578
YOR236W,YPR174C,0,-0.98733395,0.000106236053397879,1.0,0.8557141423225403
YGL246C,YMR035W,0,-0.98737943,0.0001062247683876194,1.0,0.8558050990104675
YGL098W,YBR191W,0,-0.9874834,0.00010621349065331742,1.0,0.85589599609375
YNL133C,YOR019W,0,-0.9875456,0.00010620220564305782,1.0,0.8559868931770325
YHR108W,YGL226W,0,-0.98768574,0.00010619092790875584,1.0,0.8560778498649597
YOL154W,YCR024C,0,-0.9878763,0.00010617965745041147,1.0,0.8561687469482422
YMR274C,YOR068C,0,-0.98789626,0.00010616837971610948,1.0,0.8562596440315247
YNL055C,YPL040C,0,-0.9883968,0.00010615710925776511,1.0,0.8563506007194519
YGL142C,YPL040C,0,-0.988469,0.00010614584607537836,1.0,0.8564414978027344
YML100W,YCR036W,0,-0.98870534,0.00010613457561703399,1.0,0.8565323948860168
YNL025C,YMR009W,0,-0.9889252,0.00010612331243464723,1.0,0.8566233515739441
YPL036W,YLR060W,0,-0.98893136,0.00010611205652821809,1.0,0.8567142486572266
YBR162W-A,YNL023C,0,-0.9889732,0.00010610079334583133,1.0,0.856805145740509
YBL013W,YGR193C,0,-0.98939353,0.00010608953743940219,1.0,0.8568961024284363
YLR011W,YPR133C,0,-0.9894868,0.00010607828880893067,1.0,0.8569869995117188
YKR077W,YGR094W,0,-0.9895632,0.00010606703290250152,1.0,0.8570778965950012
YNL294C,YGL121C,0,-0.989697,0.00010605578427203,1.0,0.8571688532829285
YJL162C,YDL087C,0,-0.9898382,0.00010604453564155847,1.0,0.8572597503662109
YER031C,YDL145C,0,-0.99019736,0.00010603329428704455,1.0,0.8573506474494934
YNR024W,YOR254C,0,-0.990345,0.00010602205293253064,1.0,0.8574416041374207
YLR037C,YOR330C,0,-0.99069357,0.00010601081157801673,1.0,0.8575325012207031
YOL084W,YLL053C,0,-0.99161494,0.00010599957749946043,1.0,0.8576233983039856
YJL094C,YNL065W,0,-0.99186206,0.00010598834342090413,1.0,0.8577143549919128
YGL142C,YOR271C,0,-0.9924767,0.00010597710934234783,1.0,0.8578052520751953
YIL130W,YGL194C,0,-0.9926355,0.00010596588253974915,1.0,0.8578961491584778
YOR383C,YEL006W,0,-0.99307853,0.00010595464846119285,1.0,0.857987105846405
YML098W,YOL144W,0,-0.9937615,0.00010594342893455178,1.0,0.8580780029296875
YGL105W,YGL240W,0,-0.9941032,0.00010593220213195309,1.0,0.85816890001297
YKL194C,YNL036W,0,-0.9947784,0.00010592098260531202,1.0,0.8582598567008972
YMR009W,YOR227W,0,-0.9954303,0.00010590976307867095,1.0,0.8583507537841797
YLR442C,YLR181C,0,-0.9955736,0.00010589855082798749,1.0,0.8584416508674622
YHR197W,YDR300C,0,-0.9958683,0.00010588733857730404,1.0,0.8585326075553894
YDR392W,YGL208W,0,-0.9963124,0.00010587612632662058,1.0,0.8586235046386719
YCR005C,YJL001W,0,-0.9964141,0.00010586491407593712,1.0,0.8587144017219543
YDL135C,YBR181C,0,-0.9967885,0.00010585370910121128,1.0,0.8588053584098816
YOR371C,YER109C,0,-0.99701715,0.00010584250412648544,1.0,0.8588962554931641
YBL056W,YOL116W,0,-0.9971212,0.00010583130642771721,1.0,0.8589871525764465
YOL096C,YAL059W,0,-0.9974828,0.00010582010872894898,1.0,0.8590781092643738
YKL026C,YBR109C,0,-0.997718,0.00010580891103018075,1.0,0.8591690063476562
YDR471W,YOR254C,0,-0.99773973,0.00010579771333141252,1.0,0.8592599034309387
YDR217C,YHR080C,0,-0.9982353,0.00010578652290860191,1.0,0.859350860118866
YPR155C,YDR087C,0,-0.9986804,0.0001057753324857913,1.0,0.8594417572021484
YMR072W,YGL078C,0,-0.9986979,0.0001057641493389383,1.0,0.8595327138900757
YBR046C,YBR146W,0,-0.9993277,0.00010575295891612768,1.0,0.8596236109733582
YMR318C,YLR435W,0,-0.9995849,0.00010574177576927468,1.0,0.8597145080566406
YNL023C,YNL029C,0,-0.99964243,0.0001057305998983793,1.0,0.8598054647445679
YMR110C,YGL226W,0,-0.9997388,0.00010571942402748391,1.0,0.8598963618278503
YDL105W,YMR105C,0,-0.99992776,0.00010570824815658852,1.0,0.8599872589111328
YHL011C,YDL102W,0,-1.0002685,0.00010569707228569314,1.0,0.8600782155990601
YOR267C,YPL140C,0,-1.000415,0.00010568590369075537,1.0,0.8601691126823425
YIL037C,YGL027C,0,-1.0007263,0.0001056747350958176,1.0,0.860260009765625
YER056C,YDL209C,0,-1.0015225,0.00010566356650087982,1.0,0.8603509664535522
YMR116C,YPL115C,0,-1.0017166,0.00010565240518189967,1.0,0.8604418635368347
YNL328C,YGR094W,0,-1.0018225,0.00010564124386291951,1.0,0.8605327606201172
YPL018W,YDR317W,0,-1.0023806,0.00010563008254393935,1.0,0.8606237173080444
YPL140C,YNL130C,0,-1.0034338,0.00010561892850091681,1.0,0.8607146143913269
YDR111C,YDR438W,0,-1.0043194,0.00010560777445789427,1.0,0.8608055114746094
YHR006W,YOL051W,0,-1.0047159,0.00010559662041487172,1.0,0.8608964681625366
YEL018W,YNL066W,0,-1.0049423,0.0001055854736478068,1.0,0.8609873652458191
YER149C,YDR273W,0,-1.0049685,0.00010557432688074186,1.0,0.8610782623291016
YDR273W,YEL044W,0,-1.0053189,0.00010556318011367694,1.0,0.8611692190170288
YDR317W,YPL233W,0,-1.0054709,0.00010555204062256962,1.0,0.8612601161003113
YER100W,YPL235W,0,-1.0057662,0.00010554089385550469,1.0,0.8613510131835938
YOL023W,YKL150W,0,-1.0058616,0.00010552976164035499,1.0,0.861441969871521
YJL089W,YDR379W,0,-1.0060661,0.00010551862214924768,1.0,0.8615328669548035
YNL286W,YNL066W,0,-1.0061727,0.00010550748993409798,1.0,0.8616237640380859
YGL144C,YBR094W,0,-1.0065616,0.00010549635771894827,1.0,0.8617147207260132
YKR031C,YKL087C,0,-1.0079815,0.00010548523277975619,1.0,0.8618056178092957
YMR015C,YPL221W,0,-1.008215,0.0001054741078405641,1.0,0.8618965148925781
YGL092W,YJL026W,0,-1.0082955,0.00010546298290137202,1.0,0.8619874715805054
YHR158C,YER032W,0,-1.0084147,0.00010545185796217993,1.0,0.8620783686637878
YKR078W,YDR365C,0,-1.0084443,0.00010544074029894546,1.0,0.8621692657470703
YGL027C,YDL102W,0,-1.0093129,0.00010542962263571098,1.0,0.8622602224349976
YDR377W,YLR337C,0,-1.0098604,0.00010541851224843413,1.0,0.86235111951828
YBR101C,YPR120C,0,-1.0107653,0.00010540740186115727,1.0,0.8624420166015625
YNL183C,YKR049C,0,-1.0108013,0.00010539629147388041,1.0,0.8625329732894897
YOR079C,YDL102W,0,-1.0109589,0.00010538518108660355,1.0,0.8626238703727722
YER142C,YKL006W,0,-1.0111263,0.00010537407797528431,1.0,0.8627147674560547
YBR211C,YJL098W,0,-1.0120625,0.00010536297486396506,1.0,0.8628057241439819
YPL156C,YJL208C,0,-1.0121224,0.00010535187175264582,1.0,0.8628966212272644
YNL250W,YIL014W,0,-1.0123078,0.00010534077591728419,1.0,0.8629875183105469
YKL043W,YLR054C,0,-1.0124779,0.00010532968008192256,1.0,0.8630784749984741
YOR127W,YDL159W,0,-1.0125729,0.00010531859152251855,1.0,0.8631693720817566
YPL021W,YPL010W,0,-1.0127909,0.00010530749568715692,1.0,0.8632602691650391
YMR015C,YBL047C,0,-1.0129135,0.0001052964071277529,1.0,0.8633512258529663
YDR043C,YDR379W,0,-1.0135968,0.0001052853258443065,1.0,0.8634421229362488
YOR207C,YAL059W,0,-1.0140365,0.00010527423728490248,1.0,0.8635330200195312
YIL008W,YHL007C,0,-1.014498,0.00010526315600145608,1.0,0.8636239767074585
YOR091W,YDR005C,0,-1.0146079,0.0001052520819939673,1.0,0.863714873790741
YLR190W,YPR199C,0,-1.0147016,0.0001052410007105209,1.0,0.8638057708740234
YDR422C,YLR288C,0,-1.0147983,0.0001052299267030321,1.0,0.8638967275619507
YNL133C,YML016C,0,-1.015054,0.00010521885269554332,1.0,0.8639876246452332
YDL113C,YOR019W,0,-1.0152502,0.00010520778596401215,1.0,0.8640785813331604
YGL028C,YKR027W,0,-1.0152984,0.00010519671923248097,1.0,0.8641694784164429
YNL286W,YDR303C,0,-1.0158787,0.0001051856525009498,1.0,0.8642603754997253
YGR178C,YFL011W,0,-1.0158806,0.00010517459304537624,1.0,0.8643513321876526
YBL080C,YAL019W,0,-1.0159059,0.00010516352631384507,1.0,0.8644422292709351
YFR016C,YIL069C,0,-1.0159149,0.00010515247413422912,1.0,0.8645331263542175
YFL025C,YMR105C,0,-1.0173516,0.00010514141467865556,1.0,0.8646240830421448
YGL067W,YDR023W,0,-1.0177467,0.00010513036249903962,1.0,0.8647149801254272
YDL106C,YLR367W,0,-1.01782,0.00010511931031942368,1.0,0.8648058772087097
YOR117W,YAL030W,0,-1.0182153,0.00010510825813980773,1.0,0.864896833896637
YER100W,YDR246W,0,-1.0182358,0.0001050972132361494,1.0,0.8649877309799194
YGL167C,YLR260W,0,-1.0184032,0.00010508616833249107,1.0,0.8650786280632019
YOL055C,YGL107C,0,-1.0186436,0.00010507513070479035,1.0,0.8651695847511292
YHR118C,YMR195W,0,-1.0186706,0.00010506408580113202,1.0,0.8652604818344116
YGL028C,YDL240W,0,-1.0188315,0.00010505304817343131,1.0,0.8653513789176941
YBR046C,YPL224C,0,-1.0188386,0.0001050420178216882,1.0,0.8654423356056213
YJR048W,YMR275C,0,-1.0188861,0.0001050309874699451,1.0,0.8655332326889038
YFR047C,YDR105C,0,-1.0189822,0.000105019957118202,1.0,0.8656241297721863
YLR229C,YDL024C,0,-1.0191319,0.0001050089267664589,1.0,0.8657150864601135
YPL198W,YLR181C,0,-1.0193051,0.0001049978964147158,1.0,0.865805983543396
YGL027C,YDL139C,0,-1.0193362,0.00010498687333893031,1.0,0.8658968806266785
YGR138C,YNL111C,0,-1.0197729,0.00010497585753910244,1.0,0.8659878373146057
YHR118C,YER127W,0,-1.0199865,0.00010496483446331695,1.0,0.8660787343978882
YHR194W,YGL078C,0,-1.0206201,0.00010495381866348907,1.0,0.8661696314811707
YOR156C,YLR361C,0,-1.0206542,0.0001049428028636612,1.0,0.8662605881690979
YOR101W,YDR045C,0,-1.0214624,0.00010493179433979094,1.0,0.8663514852523804
YPR037C,YLR007W,0,-1.0216655,0.00010492078581592068,1.0,0.8664423823356628
YFL049W,YGL058W,0,-1.0217906,0.00010490977729205042,1.0,0.8665333390235901
YDR480W,YDL159W,0,-1.0218865,0.00010489877604413778,1.0,0.8666242361068726
YOR087W,YER028C,0,-1.021946,0.00010488776752026752,1.0,0.866715133190155
YLR347C,YPR008W,0,-1.0222692,0.00010487676627235487,1.0,0.8668060898780823
YML092C,YDR464W,0,-1.0223532,0.00010486577230039984,1.0,0.8668969869613647
YGL167C,YBR295W,0,-1.0226517,0.00010485477832844481,1.0,0.8669878840446472
YDL098C,YML016C,0,-1.0230963,0.00010484378435648978,1.0,0.8670788407325745
YDR107C,YBR083W,0,-1.0231955,0.00010483279038453475,1.0,0.8671697378158569
YDR107C,YOR212W,0,-1.0234015,0.00010482180368853733,1.0,0.8672606348991394
YDR212W,YMR230W,0,-1.0234102,0.00010481081699253991,1.0,0.8673515915870667
YKR053C,YMR207C,0,-1.0234796,0.0001047998302965425,1.0,0.8674424886703491
YNL328C,YLR292C,0,-1.0235256,0.00010478885087650269,1.0,0.8675333857536316
YLR333C,YJL069C,0,-1.0236964,0.00010477787145646289,1.0,0.8676243424415588
YOR335C,YNL161W,0,-1.0240893,0.00010476689203642309,1.0,0.8677152395248413
YBR095C,YLR083C,0,-1.0241699,0.0001047559198923409,1.0,0.8678061366081238
YDR201W,YGL171W,0,-1.0242821,0.00010474494774825871,1.0,0.867897093296051
YGL073W,YFR034C,0,-1.0246238,0.00010473397560417652,1.0,0.8679879903793335
YHR011W,YNL119W,0,-1.0248709,0.00010472301073605195,1.0,0.868078887462616
YDR043C,YDL035C,0,-1.0248841,0.00010471203859196976,1.0,0.8681698441505432
YBR046C,YHR113W,0,-1.0254318,0.0001047010809998028,1.0,0.8682607412338257
YGL025C,YDR217C,0,-1.0257931,0.00010469011613167822,1.0,0.8683516979217529
YOL009C,YNL055C,0,-1.0260837,0.00010467915853951126,1.0,0.8684425950050354
YIL156W,YMR048W,0,-1.0263306,0.0001046682009473443,1.0,0.8685334920883179
YML011C,YOL122C,0,-1.0266478,0.00010465725063113496,1.0,0.8686244487762451
YBR268W,YEL044W,0,-1.0269859,0.000104646293038968,1.0,0.8687153458595276
YEL024W,YFR038W,0,-1.0271931,0.00010463534272275865,1.0,0.8688062429428101
YIL120W,YJL013C,0,-1.0275956,0.00010462439968250692,1.0,0.8688971996307373
YML041C,YHR150W,0,-1.0280042,0.00010461345664225519,1.0,0.8689880967140198
YOR049C,YDR165W,0,-1.0287083,0.00010460251360200346,1.0,0.8690789937973022
YMR055C,YOR086C,0,-1.0291553,0.00010459157056175172,1.0,0.8691699504852295
YKR078W,YBL014C,0,-1.0301969,0.0001045806347974576,1.0,0.869260847568512
YOL135C,YOR335C,0,-1.0303545,0.00010456969903316349,1.0,0.8693517446517944
YGL126W,YNR037C,0,-1.0306196,0.00010455876326886937,1.0,0.8694427013397217
YGR103W,YHL015W,0,-1.030631,0.00010454782750457525,1.0,0.8695335984230042
YER041W,YLR292C,0,-1.030947,0.00010453689901623875,1.0,0.8696244955062866
YJL110C,YLR004C,0,-1.0311186,0.00010452597780385986,1.0,0.8697154521942139
YDL189W,YBL072C,0,-1.031339,0.00010451504931552336,1.0,0.8698063492774963
YBR233W-A,YIL167W,0,-1.0326144,0.00010450412810314447,1.0,0.8698972463607788
YOL055C,YKL060C,0,-1.0329539,0.00010449320689076558,1.0,0.869988203048706
YJR132W,YHR133C,0,-1.0331569,0.0001044822929543443,1.0,0.8700791001319885
YKR079C,YPR105C,0,-1.0339772,0.00010447137174196541,1.0,0.870169997215271
YOR081C,YLR299W,0,-1.0342714,0.00010446046508150175,1.0,0.8702609539031982
YJL212C,YBR191W,0,-1.0343254,0.00010444955114508048,1.0,0.8703518509864807
YOR034C,YJR109C,0,-1.0343993,0.00010443864448461682,1.0,0.8704427480697632
YAL002W,YML004C,0,-1.0349016,0.00010442773782415316,1.0,0.8705337047576904
YML059C,YHR037W,0,-1.0349178,0.0001044168311636895,1.0,0.8706246018409729
YMR048W,YER038C,0,-1.0352783,0.00010440593177918345,1.0,0.8707154989242554
YHR201C,YLR323C,0,-1.0355859,0.0001043950323946774,1.0,0.8708064556121826
YNL183C,YHR158C,0,-1.0356734,0.00010438413301017135,1.0,0.8708973526954651
YLR085C,YER041W,0,-1.0358758,0.00010437324090162292,1.0,0.8709882497787476
YJL098W,YMR091C,0,-1.0360305,0.00010436234879307449,1.0,0.8710792064666748
YOR034C,YKL099C,0,-1.0360408,0.00010435145668452606,1.0,0.8711701035499573
YMR234W,YAL059W,0,-1.0360528,0.00010434056457597762,1.0,0.8712610006332397
YML031W,YJL069C,0,-1.0361131,0.0001043296797433868,1.0,0.871351957321167
YFL026W,YLR435W,0,-1.0362546,0.00010431879491079599,1.0,0.8714428544044495
YMR048W,YBR094W,0,-1.0367167,0.00010430791735416278,1.0,0.8715337514877319
YPR175W,YDR407C,0,-1.0369115,0.00010429703979752958,1.0,0.8716247081756592
YPL115C,YHR037W,0,-1.0371215,0.00010428616224089637,1.0,0.8717156052589417
YHL038C,YHR020W,0,-1.0372721,0.00010427528468426317,1.0,0.8718065023422241
YNL045W,YDR178W,0,-1.0373491,0.00010426441440358758,1.0,0.8718974590301514
YLR324W,YLR384C,0,-1.0373577,0.00010425354412291199,1.0,0.8719883561134338
YOR330C,YNL278W,0,-1.0376742,0.0001042426738422364,1.0,0.8720792531967163
YKL191W,YPL221W,0,-1.038058,0.00010423181083751842,1.0,0.8721702098846436
YDR280W,YDL154W,0,-1.038957,0.00010422094783280045,1.0,0.872261106967926
YKR064W,YER081W,0,-1.0391246,0.00010421008482808247,1.0,0.8723520040512085
YBR038W,YDR005C,0,-1.039455,0.00010419922909932211,1.0,0.8724429607391357
YPR175W,YOR009W,0,-1.0397186,0.00010418837337056175,1.0,0.8725338578224182
YNL167C,YAL028W,0,-1.0399318,0.00010417751764180139,1.0,0.8726247549057007
YOR032C,YBR180W,0,-1.040185,0.00010416666918899864,1.0,0.8727157115936279
YOR316C,YAL026C,0,-1.0406516,0.00010415582073619589,1.0,0.8728066086769104
YKL014C,YIL118W,0,-1.040764,0.00010414497228339314,1.0,0.8728975653648376
YNL038W,YJR108W,0,-1.0408915,0.0001041341238305904,1.0,0.8729884624481201
YDR212W,YPR105C,0,-1.0409116,0.00010412328265374526,1.0,0.8730793595314026
YOR045W,YMR040W,0,-1.0410157,0.00010411244147690013,1.0,0.8731703162193298
YOR253W,YLR435W,0,-1.0412045,0.000104101600300055,1.0,0.8732612133026123
YOL116W,YBR095C,0,-1.0420741,0.00010409076639916748,1.0,0.8733521103858948
YBR065C,YML016C,0,-1.0422068,0.00010407993249827996,1.0,0.873443067073822
YOL012C,YLR054C,0,-1.0426751,0.00010406909859739244,1.0,0.8735339641571045
YMR081C,YER177W,0,-1.0429423,0.00010405827197246253,1.0,0.873624861240387
YOR117W,YLR093C,0,-1.0430115,0.00010404744534753263,1.0,0.8737158179283142
YNL094W,YGL078C,0,-1.043596,0.00010403661872260273,1.0,0.8738067150115967
YHR158C,YGL027C,0,-1.0443386,0.00010402579937363043,1.0,0.8738976120948792
YAL007C,YDR439W,0,-1.044506,0.00010401498002465814,1.0,0.8739885687828064
YPL171C,YKL141W,0,-1.0447229,0.00010400416067568585,1.0,0.8740794658660889
YNR038W,YGR129W,0,-1.0455877,0.00010399334132671356,1.0,0.8741703629493713
YOL116W,YGL208W,0,-1.0463747,0.00010398252925369889,1.0,0.8742613196372986
YHR011W,YDR392W,0,-1.0468333,0.00010397171718068421,1.0,0.874352216720581
YMR215W,YKR007W,0,-1.0472848,0.00010396091238362715,1.0,0.8744431138038635
YGR138C,YNR053C,0,-1.047287,0.00010395010758657008,1.0,0.8745340704917908
YPL063W,YPL021W,0,-1.0477477,0.00010393930278951302,1.0,0.8746249675750732
YOR334W,YCL016C,0,-1.0478523,0.00010392849799245596,1.0,0.8747158646583557
YDR325W,YDR381W,0,-1.0482814,0.00010391770047135651,1.0,0.874806821346283
YDL175C,YGL018C,0,-1.0485497,0.00010390690295025706,1.0,0.8748977184295654
YER176W,YER033C,0,-1.0492791,0.00010389610542915761,1.0,0.8749886155128479
YDR468C,YOL135C,0,-1.0493084,0.00010388530790805817,1.0,0.8750795722007751
YAL015C,YHR133C,0,-1.0493928,0.00010387451766291633,1.0,0.8751704692840576
YNR038W,YDR273W,0,-1.0494561,0.0001038637274177745,1.0,0.8752613663673401
YDL230W,YNL156C,0,-1.0498325,0.00010385294444859028,1.0,0.8753523230552673
YKR072C,YLR263W,0,-1.0499444,0.00010384216147940606,1.0,0.8754432201385498
YDR464W,YLR460C,0,-1.0500944,0.00010383137851022184,1.0,0.8755341172218323
YJL013C,YMR133W,0,-1.0505224,0.00010382059554103762,1.0,0.8756250739097595
YPR034W,YDR025W,0,-1.0505788,0.00010380981984781101,1.0,0.875715970993042
YLR011W,YNL294C,0,-1.0511849,0.00010379904415458441,1.0,0.8758068680763245
YKL145W,YOR079C,0,-1.0512908,0.0001037882684613578,1.0,0.8758978247642517
YML127W,YDR430C,0,-1.0514245,0.00010377750004408881,1.0,0.8759887218475342
YEL005C,YOR103C,0,-1.0515797,0.00010376673162681982,1.0,0.8760796189308167
YPR057W,YDR406W,0,-1.0520087,0.00010375596320955083,1.0,0.8761705756187439
YDR345C,YBR045C,0,-1.0528367,0.00010374520206823945,1.0,0.8762614727020264
YBR114W,YMR009W,0,-1.0542114,0.00010373444092692807,1.0,0.8763523697853088
YJL035C,YLL057C,0,-1.0542903,0.0001037236797856167,1.0,0.8764433264732361
YAL059W,YDL145C,0,-1.0543442,0.00010371292592026293,1.0,0.8765342235565186
YLR451W,YDR110W,0,-1.0544498,0.00010370216477895156,1.0,0.876625120639801
YEL006W,YLR323C,0,-1.0545536,0.00010369141091359779,1.0,0.8767160773277283
YOL132W,YOR009W,0,-1.0545558,0.00010368066432420164,1.0,0.8768069744110107
YOL132W,YDR227W,0,-1.0546458,0.0001036699177348055,1.0,0.8768978714942932
YER149C,YCL054W,0,-1.0548017,0.00010365917114540935,1.0,0.8769888281822205
YOL023W,YPL013C,0,-1.0549209,0.0001036484245560132,1.0,0.8770797252655029
YOR273C,YGL116W,0,-1.0549861,0.00010363768524257466,1.0,0.8771706223487854
YIR019C,YPL115C,0,-1.0561001,0.00010362694592913613,1.0,0.8772615790367126
YJL026W,YPL156C,0,-1.0561142,0.00010361620661569759,1.0,0.8773524761199951
YMR274C,YBL063W,0,-1.0568129,0.00010360546730225906,1.0,0.8774434328079224
YER179W,YLR324W,0,-1.0573001,0.00010359473526477814,1.0,0.8775343298912048
YHR142W,YJL173C,0,-1.0575454,0.00010358400322729722,1.0,0.8776252269744873
YKR079C,YLR181C,0,-1.0576613,0.00010357327846577391,1.0,0.8777161836624146
YDR375C,YHR113W,0,-1.0578489,0.0001035625537042506,1.0,0.877807080745697
YOR117W,YOR249C,0,-1.0582987,0.0001035518289427273,1.0,0.8778979778289795
YKR093W,YPR010C,0,-1.0590329,0.00010354110418120399,1.0,0.8779889345169067
YLR131C,YLR363C,0,-1.059061,0.0001035303866956383,1.0,0.8780798316001892
YER149C,YER060W,0,-1.0592763,0.00010351966921007261,1.0,0.8781707286834717
YNL328C,YJL098W,0,-1.0593075,0.00010350895172450691,1.0,0.8782616853713989
YOL011W,YFR030W,0,-1.0608368,0.00010349824151489884,1.0,0.8783525824546814
YFR027W,YLR011W,0,-1.0608695,0.00010348753130529076,1.0,0.8784434795379639
YJL110C,YLR411W,0,-1.0612569,0.00010347682109568268,1.0,0.8785344362258911
YDL072C,YDR244W,0,-1.061281,0.00010346611816203222,1.0,0.8786253333091736
YOL011W,YDR259C,0,-1.0613832,0.00010345540795242414,1.0,0.878716230392456
YDL003W,YGL127C,0,-1.0616858,0.00010344471229473129,1.0,0.8788071870803833
YNL029C,YMR177W,0,-1.0619702,0.00010343400936108083,1.0,0.8788980841636658
YER060W-A,YPL076W,0,-1.0621247,0.00010342331370338798,1.0,0.8789889812469482
YMR110C,YHR138C,0,-1.0622194,0.00010341261804569513,1.0,0.8790799379348755
YPR008W,YOR129C,0,-1.062309,0.00010340192238800228,1.0,0.879170835018158
YER072W,YPL145C,0,-1.062374,0.00010339123400626704,1.0,0.8792617321014404
YGR024C,YKL149C,0,-1.0624307,0.0001033805456245318,1.0,0.8793526887893677
YFR031C-A,YDR201W,0,-1.0624774,0.00010336985724279657,1.0,0.8794435858726501
YDR379W,YOR275C,0,-1.0624985,0.00010335917613701895,1.0,0.8795344829559326
YDR107C,YNL298W,0,-1.06264,0.00010334848775528371,1.0,0.8796254396438599
YML023C,YMR055C,0,-1.0627314,0.0001033378139254637,1.0,0.8797163367271423
YOR049C,YOR249C,0,-1.0627398,0.00010332713281968608,1.0,0.8798072338104248
YAL007C,YOR236W,0,-1.0629141,0.00010331645898986608,1.0,0.879898190498352
YMR053C,YGL053W,0,-1.0632831,0.00010330578516004607,1.0,0.8799890875816345
YBR085W,YHR154W,0,-1.063751,0.00010329511133022606,1.0,0.880079984664917
YFR025C,YNL111C,0,-1.0642996,0.00010328444477636367,1.0,0.8801709413528442
YPR034W,YPL239W,0,-1.0645103,0.00010327377822250128,1.0,0.8802618384361267
YDR212W,YGL078C,0,-1.0648531,0.00010326311166863889,1.0,0.8803527355194092
YDL209C,YIL130W,0,-1.0649313,0.0001032524523907341,1.0,0.8804436922073364
YEL020W-A,YIL075C,0,-1.0657287,0.00010324179311282933,1.0,0.8805345892906189
YJL096W,YPL178W,0,-1.066112,0.00010323113383492455,1.0,0.8806254863739014
YOR090C,YDR438W,0,-1.0662143,0.00010322048183297738,1.0,0.8807164430618286
YJR073C,YEL020W-A,0,-1.0667828,0.0001032098225550726,1.0,0.8808073401451111
YER040W,YNR024W,0,-1.0669035,0.00010319917782908306,1.0,0.8808982372283936
YMR091C,YNL161W,0,-1.0672169,0.00010318852582713589,1.0,0.8809891939163208
YML100W,YKL051W,0,-1.0676254,0.00010317788110114634,1.0,0.8810800909996033
YNL133C,YOR103C,0,-1.0676584,0.00010316723637515679,1.0,0.8811709880828857
YOR334W,YPL036W,0,-1.0679085,0.00010315659164916724,1.0,0.881261944770813
YJL098W,YLR017W,0,-1.0682623,0.0001031459541991353,1.0,0.8813528418540955
YBL038W,YJL098W,0,-1.0684632,0.00010313531674910337,1.0,0.8814437389373779
YHR110W,YHR024C,0,-1.06868,0.00010312467929907143,1.0,0.8815346956253052
YOR275C,YMR116C,0,-1.0689112,0.0001031140418490395,1.0,0.8816255927085876
YDR004W,YER143W,0,-1.069502,0.00010310341167496517,1.0,0.8817165493965149
YHR111W,YER178W,0,-1.0695636,0.00010309278150089085,1.0,0.8818074464797974
YBR046C,YNL161W,0,-1.0697604,0.00010308215860277414,1.0,0.8818983435630798
YBR089C-A,YHR014W,0,-1.0698961,0.00010307152842869982,1.0,0.8819893002510071
YLR023C,YPL156C,0,-1.070041,0.00010306090553058311,1.0,0.8820801973342896
YKR078W,YCL054W,0,-1.070291,0.00010305028990842402,1.0,0.882171094417572
YDR343C,YML061C,0,-1.0709615,0.00010303966701030731,1.0,0.8822620511054993
YHR148W,YGR030C,0,-1.0713052,0.00010302905138814822,1.0,0.8823529481887817
YCR031C,YLR260W,0,-1.0713898,0.00010301844304194674,1.0,0.8824438452720642
YPL140C,YKL145W,0,-1.0717744,0.00010300782741978765,1.0,0.8825348019599915
YAL007C,YHR138C,0,-1.0720108,0.00010299721907358617,1.0,0.8826256990432739
YOR383C,YMR040W,0,-1.0722196,0.00010298661072738469,1.0,0.8827165961265564
YLR390W-A,YLR223C,0,-1.0723144,0.00010297600965714082,1.0,0.8828075528144836
YOL011W,YGL087C,0,-1.0724416,0.00010296540131093934,1.0,0.8828984498977661
YIL056W,YNR019W,0,-1.0725484,0.00010295480024069548,1.0,0.8829893469810486
YMR232W,YDR179C,0,-1.0736684,0.00010294420644640923,1.0,0.8830803036689758
YMR275C,YCR065W,0,-1.0739181,0.00010293360537616536,1.0,0.8831712007522583
YKL150W,YKL080W,0,-1.0741036,0.00010292301158187911,1.0,0.8832620978355408
YPR003C,YHR139C,0,-1.0744987,0.00010291242506355047,1.0,0.883353054523468
YDR004W,YNL111C,0,-1.0748482,0.00010290183126926422,1.0,0.8834439516067505
YLR390W-A,YOR258W,0,-1.0755961,0.00010289124475093558,1.0,0.883534848690033
YOR119C,YGL151W,0,-1.0756282,0.00010288065823260695,1.0,0.8836258053779602
YPR110C,YCR086W,0,-1.0758712,0.00010287007171427831,1.0,0.8837167024612427
YMR053C,YGR161C,0,-1.0759231,0.00010285949247190729,1.0,0.8838075995445251
YDR439W,YIR031C,0,-1.0765117,0.00010284891322953627,1.0,0.8838985562324524
YDL175C,YAL030W,0,-1.0775757,0.00010283834126312286,1.0,0.8839894533157349
YKL016C,YBR279W,0,-1.077627,0.00010282776202075183,1.0,0.8840803503990173
YLR039C,YDR308C,0,-1.0777779,0.00010281719005433843,1.0,0.8841713070869446
YER139C,YHR170W,0,-1.0778365,0.00010280661808792502,1.0,0.884262204170227
YNL317W,YGL171W,0,-1.0778927,0.00010279605339746922,1.0,0.8843531012535095
YGL061C,YLR263W,0,-1.0783554,0.00010278548870701343,1.0,0.8844440579414368
YPL203W,YOL132W,0,-1.0785315,0.00010277492401655763,1.0,0.8845349550247192
YGL189C,YKL060C,0,-1.0792751,0.00010276435932610184,1.0,0.8846258521080017
YOL078W,YJL003W,0,-1.0794003,0.00010275380191160366,1.0,0.884716808795929
YOL012C,YOL051W,0,-1.0802774,0.00010274324449710548,1.0,0.8848077058792114
YPL203W,YOR212W,0,-1.0803059,0.0001027326870826073,1.0,0.8848986029624939
YOR018W,YPL135W,0,-1.0806379,0.00010272213694406673,1.0,0.8849895596504211
YER109C,YOR080W,0,-1.0806587,0.00010271158680552617,1.0,0.8850804567337036
YLR249W,YGL238W,0,-1.0806682,0.0001027010366669856,1.0,0.8851713538169861
YDL235C,YHR193C,0,-1.0806849,0.00010269049380440265,1.0,0.8852623105049133
YJR042W,YHR149C,0,-1.0813773,0.00010267994366586208,1.0,0.8853532075881958
YLR249W,YLR075W,0,-1.0815225,0.00010266940807923675,1.0,0.8854441046714783
YLR248W,YHR190W,0,-1.083865,0.0001026588652166538,1.0,0.8855350613594055
YBR078W,YKL058W,0,-1.0852098,0.00010264832963002846,1.0,0.885625958442688
YMR322C,YJR096W,0,-1.08528,0.00010263779404340312,1.0,0.8857168555259705
YBL056W,YGR224W,0,-1.0853381,0.00010262725845677778,1.0,0.8858078122138977
YBR038W,YLR007W,0,-1.0855447,0.00010261673014611006,1.0,0.8858987092971802
YBR005W,YPL179W,0,-1.0858951,0.00010260619455948472,1.0,0.8859896063804626
YBR109C,YER071C,0,-1.0862565,0.00010259567352477461,1.0,0.8860805630683899
YIL007C,YDR435C,0,-1.0863795,0.00010258514521410689,1.0,0.8861714601516724
YNL056W,YHR138C,0,-1.0864456,0.00010257462417939678,1.0,0.8862624168395996
YDL035C,YDR379W,0,-1.0869842,0.00010256410314468667,1.0,0.8863533139228821
YKL081W,YCL001W,0,-1.0869958,0.00010255358210997656,1.0,0.8864442110061646
YKL026C,YLR006C,0,-1.0870402,0.00010254306835122406,1.0,0.8865351676940918
YBL013W,YDR092W,0,-1.0870651,0.00010253255459247157,1.0,0.8866260647773743
YPL043W,YNL024C,0,-1.0871232,0.00010252204083371907,1.0,0.8867169618606567
YHR146W,YOR032C,0,-1.0873661,0.0001025115343509242,1.0,0.886807918548584
YDL035C,YJL089W,0,-1.0876604,0.00010250102786812931,1.0,0.8868988156318665
YOL154W,YDR359C,0,-1.0881563,0.00010249052138533443,1.0,0.8869897127151489
YOR091W,YLR181C,0,-1.0884824,0.00010248001490253955,1.0,0.8870806694030762
YGR120C,YIL130W,0,-1.0886037,0.00010246951569570228,1.0,0.8871715664863586
YCL051W,YOR249C,0,-1.0889173,0.00010245901648886502,1.0,0.8872624635696411
YDR482C,YBR107C,0,-1.0891547,0.00010244851728202775,1.0,0.8873534202575684
YNR059W,YBL091C,0,-1.0892563,0.0001024380253511481,1.0,0.8874443173408508
YPR068C,YGR129W,0,-1.0898075,0.00010242753342026845,1.0,0.8875352144241333
YPL043W,YPR141C,0,-1.0904343,0.0001024170414893888,1.0,0.8876261711120605
YJL167W,YGL005C,0,-1.0906465,0.00010240655683446676,1.0,0.887717068195343
YDL003W,YGL092W,0,-1.0908171,0.0001023960649035871,1.0,0.8878079652786255
YJR123W,YLR075W,0,-1.0909085,0.00010238558752462268,1.0,0.8878989219665527
YHR148W,YIR004W,0,-1.0917412,0.00010237510286970064,1.0,0.8879898190498352
YMR274C,YDR361C,0,-1.0918516,0.00010236462549073622,1.0,0.8880807161331177
YBL008W,YOR129C,0,-1.0923622,0.00010235414811177179,1.0,0.8881716728210449
YOR380W,YNL063W,0,-1.0923638,0.00010234367073280737,1.0,0.8882625699043274
YNR030W,YJL168C,0,-1.0929745,0.00010233319335384294,1.0,0.8883534669876099
YCR031C,YDL135C,0,-1.0931821,0.00010232272325083613,1.0,0.8884444236755371
YDR078C,YJR046W,0,-1.0936805,0.00010231226042378694,1.0,0.8885353207588196
YLR223C,YBR034C,0,-1.0938203,0.00010230179032078013,1.0,0.888626217842102
YPR037C,YLR409C,0,-1.094425,0.00010229132749373093,1.0,0.8887171745300293
YNL051W,YDR244W,0,-1.0944427,0.00010228086466668174,1.0,0.8888080716133118
YIL156W,YDL243C,0,-1.0950484,0.00010227040183963254,1.0,0.8888989686965942
YIL036W,YLR299W,0,-1.0951636,0.00010225994628854096,1.0,0.8889899253845215
YGL126W,YOR320C,0,-1.095242,0.00010224949073744938,1.0,0.889080822467804
YHR150W,YMR156C,0,-1.0953209,0.0001022390351863578,1.0,0.8891717195510864
YOR236W,YPR068C,0,-1.0953956,0.00010222857963526621,1.0,0.8892626762390137
YLR223C,YDR439W,0,-1.0954983,0.00010221813136013225,1.0,0.8893535733222961
YFR025C,YLR247C,0,-1.0956384,0.00010220768308499828,1.0,0.8894444704055786
YLR362W,YGL121C,0,-1.0962771,0.00010219724208582193,1.0,0.8895354270935059
YIL008W,YDR379W,0,-1.0963008,0.00010218680108664557,1.0,0.8896263241767883
YPL193W,YBL025W,0,-1.0966098,0.0001021763528115116,1.0,0.8897172212600708
YJL012C,YGL243W,0,-1.0966449,0.00010216591908829287,1.0,0.889808177947998
YDR516C,YKL032C,0,-1.0971414,0.00010215547808911651,1.0,0.8898990750312805
YMR232W,YOR372C,0,-1.097204,0.00010214504436589777,1.0,0.889989972114563
YLL053C,YJL058C,0,-1.0979378,0.00010213461064267904,1.0,0.8900809288024902
YBR043C,YNL023C,0,-1.0984592,0.00010212418419541791,1.0,0.8901718258857727
YHR165C,YCR036W,0,-1.09847,0.00010211375774815679,1.0,0.8902627229690552
YPL203W,YDL159W,0,-1.0985147,0.00010210333130089566,1.0,0.8903536796569824
YAL002W,YCR044C,0,-1.0987148,0.00010209290485363454,1.0,0.8904445767402649
YNL221C,YFR038W,0,-1.0992433,0.00010208248568233103,1.0,0.8905354738235474
YDR289C,YBR089C-A,0,-1.099473,0.00010207206651102751,1.0,0.8906264305114746
YKL194C,YDR471W,0,-1.0997114,0.000102061647339724,1.0,0.8907173275947571
YER113C,YMR116C,0,-1.1008792,0.0001020512281684205,1.0,0.8908082842826843
YBL008W,YLR068W,0,-1.1009688,0.0001020408162730746,1.0,0.8908991813659668
YDR188W,YER015W,0,-1.1013045,0.0001020304043777287,1.0,0.8909900784492493
YDR482C,YDR513W,0,-1.101335,0.0001020199924823828,1.0,0.8910810351371765
YLR083C,YDL159W,0,-1.1013563,0.00010200958786299452,1.0,0.891171932220459
YBR211C,YMR048W,0,-1.1017431,0.00010199918324360624,1.0,0.8912628293037415
YEL001C,YGL049C,0,-1.101779,0.00010198877862421796,1.0,0.8913537859916687
YOL121C,YGL151W,0,-1.1018572,0.00010197838128078729,1.0,0.8914446830749512
YBR181C,YDR464W,0,-1.1020734,0.00010196798393735662,1.0,0.8915355801582336
YPL203W,YDR107C,0,-1.1025995,0.00010195758659392595,1.0,0.8916265368461609
YOR019W,YGL240W,0,-1.1027167,0.00010194718925049528,1.0,0.8917174339294434
YGL076C,YPL210C,0,-1.1038148,0.00010193679918302223,1.0,0.8918083310127258
YNL197C,YDL024C,0,-1.1042714,0.00010192640911554918,1.0,0.8918992877006531
YPR175W,YOR079C,0,-1.1042738,0.00010191601904807612,1.0,0.8919901847839355
YLR093C,YBR212W,0,-1.1043904,0.00010190563625656068,1.0,0.892081081867218
YBR085W,YLR190W,0,-1.1052365,0.00010189525346504524,1.0,0.8921720385551453
YCR031C,YCR063W,0,-1.1054828,0.0001018848706735298,1.0,0.8922629356384277
YHL006C,YJL001W,0,-1.1060491,0.00010187448788201436,1.0,0.8923538327217102
YPR143W,YOL144W,0,-1.1071372,0.00010186411236645654,1.0,0.8924447894096375
YER081W,YKL099C,0,-1.1072159,0.00010185373685089871,1.0,0.8925356864929199
YOL076W,YOR236W,0,-1.1075042,0.00010184336133534089,1.0,0.8926265835762024
YHR149C,YPR169W,0,-1.1077515,0.00010183299309574068,1.0,0.8927175402641296
YOL154W,YDR213W,0,-1.1083863,0.00010182262485614046,1.0,0.8928084373474121
YFL025C,YER149C,0,-1.1088917,0.00010181225661654025,1.0,0.8928993344306946
YOL069W,YDR025W,0,-1.1090827,0.00010180189565289766,1.0,0.8929902911186218
YBR066C,YGR040W,0,-1.1091508,0.00010179152741329744,1.0,0.8930811882019043
YKL150W,YOL051W,0,-1.110837,0.00010178117372561246,1.0,0.8931720852851868
YGR142W,YIL130W,0,-1.1108593,0.00010177081276196986,1.0,0.893263041973114
YBL087C,YLR115W,0,-1.1112776,0.00010176045907428488,1.0,0.8933539390563965
YPL043W,YOR011W,0,-1.1115215,0.0001017501053865999,1.0,0.893444836139679
YDR359C,YJL196C,0,-1.1115763,0.00010173975169891492,1.0,0.8935357928276062
YLL026W,YKR089C,0,-1.112068,0.00010172939801122993,1.0,0.8936266899108887
YMR048W,YMR183C,0,-1.1129011,0.00010171905159950256,1.0,0.8937175869941711
YBR089C-A,YKR052C,0,-1.1132803,0.0001017087051877752,1.0,0.8938085436820984
YOL154W,YPL010W,0,-1.1133933,0.00010169836605200544,1.0,0.8938994407653809
YKR079C,YKL080W,0,-1.1134685,0.00010168801964027807,1.0,0.8939903378486633
YGL121C,YHR084W,0,-1.1139178,0.00010167768050450832,1.0,0.8940812945365906
YPR110C,YFL025C,0,-1.1140983,0.00010166734136873856,1.0,0.894172191619873
YBR083W,YGR040W,0,-1.1142824,0.00010165700950892642,1.0,0.8942630887031555
YKR085C,YHR001W-A,0,-1.1144805,0.00010164667764911428,1.0,0.8943540453910828
YDL220C,YDR301W,0,-1.1145864,0.00010163634578930214,1.0,0.8944449424743652
YER038C,YJR108W,0,-1.1145979,0.00010162601392949,1.0,0.8945358395576477
YML127W,YPR105C,0,-1.1147968,0.00010161568934563547,1.0,0.894626796245575
YBR268W,YDL123W,0,-1.1152205,0.00010160536476178095,1.0,0.8947176933288574
YNL233W,YMR274C,0,-1.1155354,0.00010159504017792642,1.0,0.8948085904121399
YDR148C,YOR258W,0,-1.116668,0.00010158472287002951,1.0,0.8948995471000671
YGL006W,YDR517W,0,-1.1167198,0.0001015744055621326,1.0,0.8949904441833496
YKL134C,YNR030W,0,-1.1173034,0.00010156408825423568,1.0,0.8950813412666321
YLR083C,YML092C,0,-1.1179448,0.00010155377094633877,1.0,0.8951722979545593
YLR258W,YNL081C,0,-1.118185,0.00010154346091439947,1.0,0.8952631950378418
YDR078C,YPR086W,0,-1.1183019,0.00010153315088246018,1.0,0.895354151725769
YNL240C,YPL156C,0,-1.1183199,0.00010152284085052088,1.0,0.8954450488090515
YOR371C,YJL089W,0,-1.1193929,0.0001015125380945392,1.0,0.895535945892334
YEL024W,YDR284C,0,-1.1194301,0.00010150223533855751,1.0,0.8956269025802612
YOR091W,YPR068C,0,-1.1194966,0.00010149193258257583,1.0,0.8957177996635437
YLR131C,YJL196C,0,-1.1197726,0.00010148162982659414,1.0,0.8958086967468262
YNL045W,YLR337C,0,-1.1199509,0.00010147133434657007,1.0,0.8958996534347534
YDR500C,YNR038W,0,-1.1205443,0.000101461038866546,1.0,0.8959905505180359
YBR066C,YOR275C,0,-1.1206155,0.00010145074338652194,1.0,0.8960814476013184
YNL137C,YFL011W,0,-1.1209532,0.00010144045518245548,1.0,0.8961724042892456
YDR148C,YKL039W,0,-1.1212368,0.00010143016697838902,1.0,0.8962633013725281
YGR004W,YOR253W,0,-1.1223602,0.00010141987877432257,1.0,0.8963541984558105
YPR120C,YCL064C,0,-1.1228213,0.00010140959057025611,1.0,0.8964451551437378
YGL053W,YDR365C,0,-1.1228561,0.00010139930964214727,1.0,0.8965360522270203
YPL133C,YPR106W,0,-1.1232828,0.00010138902871403843,1.0,0.8966269493103027
YBR034C,YDR087C,0,-1.123796,0.00010137874778592959,1.0,0.89671790599823
YFR030W,YLR337C,0,-1.1238377,0.00010136847413377836,1.0,0.8968088030815125
YLR190W,YLR299W,0,-1.124255,0.00010135820048162714,1.0,0.8968997001647949
YIL053W,YPL018W,0,-1.1252202,0.00010134792682947591,1.0,0.8969906568527222
YNL048W,YLR247C,0,-1.1259079,0.0001013376604532823,1.0,0.8970815539360046
YGL144C,YNL251C,0,-1.1259332,0.00010132738680113107,1.0,0.8971724510192871
YLR039C,YDR437W,0,-1.1260077,0.00010131712042493746,1.0,0.8972634077072144
YHL038C,YER178W,0,-1.1265527,0.00010130686132470146,1.0,0.8973543047904968
YOR018W,YLR075W,0,-1.1265528,0.00010129659494850785,1.0,0.8974452018737793
YPL126W,YAL026C,0,-1.1266527,0.00010128633584827185,1.0,0.8975361585617065
YIL030C,YGL111W,0,-1.1270984,0.00010127607674803585,1.0,0.897627055644989
YFR047C,YLR258W,0,-1.1274693,0.00010126582492375746,1.0,0.8977179527282715
YOR189W,YMR048W,0,-1.127669,0.00010125556582352147,1.0,0.8978089094161987
YLR435W,YDL149W,0,-1.1281617,0.00010124531399924308,1.0,0.8978998064994812
YGL006W,YLR058C,0,-1.129037,0.00010123506945092231,1.0,0.8979907035827637
YDR287W,YDR244W,0,-1.129119,0.00010122481762664393,1.0,0.8980816602706909
YNL288W,YPL189W,0,-1.129329,0.00010121457307832316,1.0,0.8981725573539734
YLR052W,YNL063W,0,-1.1299515,0.00010120432853000239,1.0,0.8982634544372559
YDR439W,YLL006W,0,-1.1299796,0.00010119409125763923,1.0,0.8983544111251831
YDR441C,YLR234W,0,-1.1301243,0.00010118385398527607,1.0,0.8984453082084656
YEL006W,YDL031W,0,-1.1302791,0.00010117361671291292,1.0,0.898536205291748
YOR002W,YPL254W,0,-1.1305788,0.00010116337944054976,1.0,0.8986271619796753
YHR185C,YJL069C,0,-1.1308249,0.00010115314944414422,1.0,0.8987180590629578
YOL023W,YDL209C,0,-1.1311641,0.00010114291217178106,1.0,0.8988089561462402
YGR057C,YLR181C,0,-1.1314497,0.00010113268945133314,1.0,0.8988999128341675
YHR120W,YKL155C,0,-1.1315634,0.0001011224594549276,1.0,0.89899080991745
YLR315W,YCR021C,0,-1.1316826,0.00010111223673447967,1.0,0.8990817070007324
YIL030C,YLR175W,0,-1.1318285,0.00010110201401403174,1.0,0.8991726636886597
YMR158W,YKL138C,0,-1.132399,0.00010109179129358381,1.0,0.8992635607719421
YDR482C,YER028C,0,-1.1325932,0.0001010815758490935,1.0,0.8993544578552246
YIL019W,YNL246W,0,-1.132671,0.00010107135312864557,1.0,0.8994454145431519
YDR043C,YPL115C,0,-1.132845,0.00010106114496011287,1.0,0.8995363116264343
YPR128C,YIL030C,0,-1.1330756,0.00010105092951562256,1.0,0.8996272683143616
YOR113W,YOR259C,0,-1.133827,0.00010104072134708986,1.0,0.899718165397644
YOR068C,YLR435W,0,-1.1340921,0.00010103051317855716,1.0,0.8998090624809265
YCL051W,YLR451W,0,-1.1344652,0.00010102030501002446,1.0,0.8999000191688538
YGL028C,YHL003C,0,-1.1345911,0.00010101010411744937,1.0,0.8999909162521362
YNL288W,YGL078C,0,-1.1348617,0.00010099989594891667,1.0,0.9000818133354187
YDR243C,YLR068W,0,-1.1348679,0.0001009897023322992,1.0,0.900172770023346
YJL174W,YOR079C,0,-1.1352782,0.00010097950143972412,1.0,0.9002636671066284
YDR439W,YFL026W,0,-1.1353619,0.00010096930782310665,1.0,0.9003545641899109
YOR258W,YEL006W,0,-1.1355156,0.00010095911420648918,1.0,0.9004455208778381
YGL045W,YMR316W,0,-1.1355839,0.0001009489205898717,1.0,0.9005364179611206
YGL061C,YBL025W,0,-1.1361191,0.00010093872697325423,1.0,0.9006273150444031
YOR363C,YCR091W,0,-1.1364119,0.00010092854063259438,1.0,0.9007182717323303
YLR085C,YDR244W,0,-1.1375725,0.00010091835429193452,1.0,0.9008091688156128
YMR262W,YLR288C,0,-1.1376004,0.00010090817522723228,1.0,0.9009000658988953
YFR047C,YOR026W,0,-1.1377721,0.00010089798888657242,1.0,0.9009910225868225
YFL025C,YBR109C,0,-1.1384058,0.00010088780982187018,1.0,0.901081919670105
YDR025W,YLR384C,0,-1.1384177,0.00010087763803312555,1.0,0.9011728167533875
YFR047C,YOR081C,0,-1.1388221,0.00010086745896842331,1.0,0.9012637734413147
YDR007W,YGR260W,0,-1.138838,0.00010085728717967868,1.0,0.9013546705245972
YDR468C,YCR005C,0,-1.1396651,0.00010084711539093405,1.0,0.9014455676078796
YIL069C,YLR382C,0,-1.139843,0.00010083694360218942,1.0,0.9015365242958069
YER023W,YER032W,0,-1.1411246,0.00010082677908940241,1.0,0.9016274213790894
YBR189W,YGR030C,0,-1.1415178,0.00010081661457661539,1.0,0.9017183184623718
YDL003W,YDR004W,0,-1.1417542,0.00010080645006382838,1.0,0.9018092751502991
YAL007C,YNL041C,0,-1.1425415,0.00010079629282699898,1.0,0.9019001722335815
YNL025C,YDL076C,0,-1.1426485,0.00010078612831421196,1.0,0.901991069316864
YOR048C,YGL111W,0,-1.1433306,0.00010077597835334018,1.0,0.9020820260047913
YOL116W,YGL121C,0,-1.143398,0.00010076582111651078,1.0,0.9021729230880737
YNL094W,YPL193W,0,-1.1437459,0.00010075566387968138,1.0,0.9022638201713562
YKR100C,YNR037C,0,-1.1437471,0.00010074551391880959,1.0,0.9023547768592834
YOL154W,YMR133W,0,-1.1441082,0.00010073537123389542,1.0,0.9024456739425659
YIL022W,YLL016W,0,-1.1444316,0.00010072522127302364,1.0,0.9025365710258484
YOR127W,YMR116C,0,-1.1446521,0.00010071507858810946,1.0,0.9026275277137756
YFR047C,YDR372C,0,-1.1448743,0.00010070493590319529,1.0,0.9027184247970581
YGR003W,YPL193W,0,-1.145169,0.00010069479321828112,1.0,0.9028093218803406
YNL054W,YKR031C,0,-1.1463994,0.00010068465780932456,1.0,0.9029002785682678
YGL243W,YJR131W,0,-1.1468574,0.000100674522400368,1.0,0.9029911756515503
YER100W,YPL043W,0,-1.1471076,0.00010066438699141145,1.0,0.9030820727348328
YIL052C,YLR044C,0,-1.147301,0.00010065425158245489,1.0,0.90317302942276
YJR035W,YBR169C,0,-1.1476476,0.00010064412344945595,1.0,0.9032639265060425
YOR227W,YHL021C,0,-1.1479346,0.000100633995316457,1.0,0.903354823589325
YIL019W,YDR213W,0,-1.148588,0.00010062386718345806,1.0,0.9034457802772522
YOR212W,YMR116C,0,-1.1489285,0.00010061374632641673,1.0,0.9035366773605347
YJL173C,YBR089C-A,0,-1.1495216,0.00010060361819341779,1.0,0.9036275744438171
YAR042W,YDR244W,0,-1.1499348,0.00010059350461233407,1.0,0.9037185311317444
YGR283C,YPL239W,0,-1.1503212,0.00010058338375529274,1.0,0.9038094282150269
YJL174W,YHR006W,0,-1.151296,0.00010057327017420903,1.0,0.9039003252983093
YHR149C,YGL116W,0,-1.152171,0.00010056315659312531,1.0,0.9039912819862366
YLR229C,YDR379W,0,-1.1523328,0.0001005530430120416,1.0,0.904082179069519
YAL002W,YNL062C,0,-1.1528605,0.00010054292943095788,1.0,0.9041731357574463
YNL183C,YDR435C,0,-1.1530337,0.00010053282312583178,1.0,0.9042640328407288
YJL089W,YDR107C,0,-1.1530833,0.00010052271682070568,1.0,0.9043549299240112
YOR049C,YIL167W,0,-1.1533021,0.0001005126177915372,1.0,0.9044458866119385
YKL191W,YBR085W,0,-1.1533086,0.0001005025114864111,1.0,0.904536783695221
YOR363C,YOR266W,0,-1.1533991,0.00010049241245724261,1.0,0.9046276807785034
YOR272W,YLR055C,0,-1.1534026,0.00010048231342807412,1.0,0.9047186374664307
YKR049C,YGL129C,0,-1.1535635,0.00010047222167486325,1.0,0.9048095345497131
YML059C,YPL036W,0,-1.153851,0.00010046212264569476,1.0,0.9049004316329956
YKL134C,YML076C,0,-1.1538521,0.00010045203089248389,1.0,0.9049913883209229
YIL096C,YDR087C,0,-1.1538877,0.00010044194641523063,1.0,0.9050822854042053
YNL038W,YOR249C,0,-1.1539264,0.00010043185466201976,1.0,0.9051731824874878
YPL209C,YCR024C,0,-1.1541138,0.0001004217701847665,1.0,0.905264139175415
YLR194C,YNR037C,0,-1.1542168,0.00010041168570751324,1.0,0.9053550362586975
YML101C,YGR080W,0,-1.154397,0.0001004016085062176,1.0,0.90544593334198
YNL287W,YLR058C,0,-1.154522,0.00010039152402896434,1.0,0.9055368900299072
YDR287W,YJL001W,0,-1.1546788,0.0001003814468276687,1.0,0.9056277871131897
YPL018W,YGR083C,0,-1.1550903,0.00010037137690233067,1.0,0.9057186841964722
YPL209C,YOR004W,0,-1.1553878,0.00010036129970103502,1.0,0.9058096408843994
YNL036W,YOL052C-A,0,-1.1555516,0.00010035122977569699,1.0,0.9059005379676819
YKR078W,YHR169W,0,-1.1555839,0.00010034115985035896,1.0,0.9059914350509644
YHR120W,YOR086C,0,-1.1559789,0.00010033108992502093,1.0,0.9060823917388916
YMR316W,YBR083W,0,-1.1563041,0.00010032102727564052,1.0,0.9061732888221741
YDR439W,YGR253C,0,-1.1564991,0.0001003109646262601,1.0,0.9062641859054565
YBL035C,YOR004W,0,-1.1569724,0.00010030090197687969,1.0,0.9063551425933838
YLR417W,YCL051W,0,-1.1570768,0.00010029084660345688,1.0,0.9064460396766663
YGR082W,YMR048W,0,-1.1571497,0.00010028078395407647,1.0,0.9065369367599487
YCR107W,YJL058C,0,-1.1572855,0.00010027072858065367,1.0,0.906627893447876
YDL243C,YML076C,0,-1.1573877,0.00010026068048318848,1.0,0.9067187905311584
YDR397C,YLR115W,0,-1.1574037,0.00010025062510976568,1.0,0.9068096876144409
YNL288W,YOR001W,0,-1.1580338,0.00010024057701230049,1.0,0.9069006443023682
YPR106W,YLR023C,0,-1.1583282,0.0001002305289148353,1.0,0.9069915413856506
YIL119C,YAL026C,0,-1.158897,0.00010022048809332773,1.0,0.9070824384689331
YOR136W,YGR165W,0,-1.1594625,0.00010021043999586254,1.0,0.9071733951568604
YPL138C,YJR117W,0,-1.1598845,0.00010020039917435497,1.0,0.9072642922401428
YER028C,YDL209C,0,-1.1602889,0.0001001903583528474,1.0,0.9073551893234253
YLR093C,YPL173W,0,-1.1605828,0.00010018032480729744,1.0,0.9074461460113525
YPL058C,YKR034W,0,-1.1607714,0.00010017029126174748,1.0,0.907537043094635
YCR086W,YGR060W,0,-1.1608245,0.00010016025771619752,1.0,0.9076279401779175
YER109C,YNL294C,0,-1.1612055,0.00010015022417064756,1.0,0.9077188968658447
YPL116W,YOR271C,0,-1.1614339,0.00010014019790105522,1.0,0.9078097939491272
YFR025C,YIL130W,0,-1.1620847,0.00010013017163146287,1.0,0.9079006910324097
YOR254C,YIL011W,0,-1.1635871,0.00010012014536187053,1.0,0.9079916477203369
YJR035W,YLR220W,0,-1.1645901,0.00010011011909227818,1.0,0.9080825448036194
YHR120W,YLR115W,0,-1.1648253,0.00010010010009864345,1.0,0.9081734418869019
YOR103C,YNR053C,0,-1.1648632,0.00010009008110500872,1.0,0.9082643985748291
YIR004W,YCR035C,0,-1.1659746,0.00010008006211137399,1.0,0.9083552956581116
YMR261C,YDL031W,0,-1.1660464,0.00010007005039369687,1.0,0.908446192741394
YHR185C,YCR024C,0,-1.166349,0.00010006003867601976,1.0,0.9085371494293213
YGL189C,YMR234W,0,-1.1664999,0.00010005002695834264,1.0,0.9086280465126038
YJR150C,YLR011W,0,-1.1666803,0.00010004001524066553,1.0,0.908719003200531
YDR381W,YDR190C,0,-1.1667482,0.00010003001079894602,1.0,0.9088099002838135
YLR059C,YLR409C,0,-1.1680317,0.00010002000635722652,1.0,0.908900797367096
YAL028W,YOR132W,0,-1.1681519,0.00010001000191550702,1.0,0.9089917540550232
YCR091W,YOL052C-A,0,-1.1682947,9.999999747378752e-05,1.0,0.9090826511383057
YDL220C,YPL063W,0,-1.1683251,9.999000030802563e-05,1.0,0.9091735482215881
YGL115W,YPL173W,0,-1.1686093,9.998000314226374e-05,1.0,0.9092645049095154
YIL106W,YLR460C,0,-1.1687052,9.997000597650185e-05,1.0,0.9093554019927979
YPL138C,YDR023W,0,-1.1688884,9.996001608669758e-05,1.0,0.9094462990760803
YGL121C,YIR019C,0,-1.1697724,9.99500261968933e-05,1.0,0.9095372557640076
YGL189C,YFL056C,0,-1.1703403,9.994003630708903e-05,1.0,0.90962815284729
YOL059W,YER081W,0,-1.1706028,9.993004641728476e-05,1.0,0.9097190499305725
YCR018C,YOR319W,0,-1.1706576,9.99200638034381e-05,1.0,0.9098100066184998
YLR223C,YER028C,0,-1.1710353,9.991008118959144e-05,1.0,0.9099009037017822
YJL098W,YGR142W,0,-1.171077,9.990009857574478e-05,1.0,0.9099918007850647
YDL035C,YNL119W,0,-1.1716261,9.989012323785573e-05,1.0,0.9100827574729919
YDR345C,YHL028W,0,-1.1725821,9.988014062400907e-05,1.0,0.9101736545562744
YHR154W,YER127W,0,-1.1735444,9.987016528612003e-05,1.0,0.9102645516395569
YPL076W,YGL240W,0,-1.1738647,9.98601972241886e-05,1.0,0.9103555083274841
YPR010C,YPL221W,0,-1.1738745,9.985022188629955e-05,1.0,0.9104464054107666
YGR046W,YNL145W,0,-1.1740086,9.984025382436812e-05,1.0,0.9105373024940491
YGL098W,YGR030C,0,-1.1741905,9.983028576243669e-05,1.0,0.9106282591819763
YOR193W,YLR037C,0,-1.1751014,9.982032497646287e-05,1.0,0.9107191562652588
YGL171W,YJL179W,0,-1.1753895,9.981035691453144e-05,1.0,0.9108100533485413
YAL041W,YNL119W,0,-1.1767757,9.980039612855762e-05,1.0,0.9109010100364685
YFR031C-A,YBR121C,0,-1.1773014,9.979044261854142e-05,1.0,0.910991907119751
YFL049W,YLR017W,0,-1.1784514,9.97804818325676e-05,1.0,0.9110828042030334
YGR103W,YBR218C,0,-1.1785982,9.97705283225514e-05,1.0,0.9111737608909607
YDL105W,YDR165W,0,-1.1792628,9.97605748125352e-05,1.0,0.9112646579742432
YNL137C,YER044C-A,0,-1.1792811,9.9750621302519e-05,1.0,0.9113555550575256
YOR081C,YIL037C,0,-1.1799479,9.97406750684604e-05,1.0,0.9114465117454529
YLR229C,YDR103W,0,-1.1800132,9.973072883440182e-05,1.0,0.9115374088287354
YOR192C,YDR041W,0,-1.1801733,9.972078260034323e-05,1.0,0.9116283059120178
YOR272W,YLR150W,0,-1.1802163,9.971083636628464e-05,1.0,0.9117192625999451
YDL003W,YDR468C,0,-1.1802838,9.970089740818366e-05,1.0,0.9118101596832275
YHR073W,YAL056W,0,-1.1804051,9.969095845008269e-05,1.0,0.91190105676651
YIL014W,YPR057W,0,-1.1808856,9.968101949198171e-05,1.0,0.9119920134544373
YNL294C,YNL197C,0,-1.180929,9.967108780983835e-05,1.0,0.9120829105377197
YJL045W,YMR261C,0,-1.1822243,9.966114885173738e-05,1.0,0.9121738076210022
YJL127C,YFR030W,0,-1.1825942,9.965121716959402e-05,1.0,0.9122647643089294
YEL024W,YJL083W,0,-1.182848,9.964129276340827e-05,1.0,0.9123556613922119
YAL002W,YOL126C,0,-1.1831847,9.963136108126491e-05,1.0,0.9124465584754944
YIR019C,YMR116C,0,-1.1832199,9.962143667507917e-05,1.0,0.9125375151634216
YPL207W,YGL151W,0,-1.1834326,9.961151226889342e-05,1.0,0.9126284122467041
YDL240W,YPL130W,0,-1.1834973,9.960159513866529e-05,1.0,0.9127193093299866
YOR371C,YGL121C,0,-1.1846335,9.959167073247954e-05,1.0,0.9128102660179138
YKL069W,YHR024C,0,-1.1847751,9.958175360225141e-05,1.0,0.9129011631011963
YDL003W,YCR036W,0,-1.1869345,9.957184374798089e-05,1.0,0.9129921197891235
YPL138C,YGL111W,0,-1.1876348,9.956192661775276e-05,1.0,0.913083016872406
YHR103W,YMR081C,0,-1.187678,9.955201676348224e-05,1.0,0.9131739139556885
YNL023C,YNL066W,0,-1.187731,9.954210690921172e-05,1.0,0.9132648706436157
YGL018C,YOR335C,0,-1.1880571,9.953219705494121e-05,1.0,0.9133557677268982
YOR004W,YDR273W,0,-1.1895916,9.95222944766283e-05,1.0,0.9134466648101807
YGL076C,YKR088C,0,-1.1901705,9.95123918983154e-05,1.0,0.9135376214981079
YDR379W,YPL115C,0,-1.1901882,9.95024893200025e-05,1.0,0.9136285185813904
YJL078C,YJR153W,0,-1.1902782,9.949258674168959e-05,1.0,0.9137194156646729
YFL025C,YLR215C,0,-1.1906657,9.94826914393343e-05,1.0,0.9138103723526001
YGL243W,YNL041C,0,-1.1910601,9.947279613697901e-05,1.0,0.9139012694358826
YNL250W,YPL215W,0,-1.1915553,9.946290083462372e-05,1.0,0.913992166519165
YML004C,YGL045W,0,-1.192209,9.945300553226843e-05,1.0,0.9140831232070923
YKL048C,YHR142W,0,-1.1922921,9.944311750587076e-05,1.0,0.9141740202903748
YFR025C,YIR031C,0,-1.1927907,9.943322947947308e-05,1.0,0.9142649173736572
YNL133C,YDR217C,0,-1.1932313,9.942334145307541e-05,1.0,0.9143558740615845
YPL116W,YLR118C,0,-1.19438,9.941346070263535e-05,1.0,0.9144467711448669
YHR001W-A,YJL058C,0,-1.1944622,9.940357995219529e-05,1.0,0.9145376682281494
YLR167W,YFR014C,0,-1.1951138,9.939369920175523e-05,1.0,0.9146286249160767
YDL230W,YDR386W,0,-1.1956028,9.938381845131516e-05,1.0,0.9147195219993591
YDR468C,YPR068C,0,-1.1956147,9.937394497683272e-05,1.0,0.9148104190826416
YML041C,YKL134C,0,-1.1964858,9.936407150235027e-05,1.0,0.9149013757705688
YAL002W,YOR048C,0,-1.1966293,9.935419802786782e-05,1.0,0.9149922728538513
YBR078W,YPR010C,0,-1.1971856,9.934432455338538e-05,1.0,0.9150831699371338
YOR253W,YJR050W,0,-1.1972693,9.933445835486054e-05,1.0,0.915174126625061
YBR038W,YDR004W,0,-1.1973277,9.932459215633571e-05,1.0,0.9152650237083435
YML101C,YBR168W,0,-1.197639,9.931472595781088e-05,1.0,0.915355920791626
YLL018C,YKL014C,0,-1.1986265,9.930486703524366e-05,1.0,0.9154468774795532
YGL129C,YNL055C,0,-1.2009447,9.929500811267644e-05,1.0,0.9155377745628357
YER109C,YLR083C,0,-1.2013149,9.928514919010922e-05,1.0,0.9156286716461182
YDR500C,YDR300C,0,-1.2013756,9.9275290267542e-05,1.0,0.9157196283340454
YIL098C,YHR149C,0,-1.2015107,9.92654386209324e-05,1.0,0.9158105254173279
YIL018W,YCL067C,0,-1.2018169,9.925557969836518e-05,1.0,0.9159014225006104
YOL023W,YOR019W,0,-1.2020297,9.924573532771319e-05,1.0,0.9159923791885376
YDL003W,YBL072C,0,-1.2024739,9.923588368110359e-05,1.0,0.9160832762718201
YCR024C,YJL173C,0,-1.2033763,9.92260393104516e-05,1.0,0.9161741733551025
YHR106W,YNR033W,0,-1.203984,9.921619493979961e-05,1.0,0.9162651300430298
YFR025C,YDL087C,0,-1.2041701,9.920635056914762e-05,1.0,0.9163560271263123
YNL145W,YGR060W,0,-1.2044969,9.919650619849563e-05,1.0,0.9164469242095947
YDR289C,YHL021C,0,-1.2045612,9.918666910380125e-05,1.0,0.916537880897522
YOR357C,YMR156C,0,-1.2047293,9.917683200910687e-05,1.0,0.9166287779808044
YHR118C,YMR091C,0,-1.2047458,9.91669949144125e-05,1.0,0.9167196750640869
YJR153W,YDR041W,0,-1.2048516,9.915716509567574e-05,1.0,0.9168106317520142
YAL056W,YHR001W-A,0,-1.205019,9.914733527693897e-05,1.0,0.9169015288352966
YAL011W,YHR142W,0,-1.2054548,9.913750545820221e-05,1.0,0.9169924259185791
YIL062C,YER015W,0,-1.2058069,9.912767563946545e-05,1.0,0.9170833826065063
YLL031C,YGL058W,0,-1.2061675,9.91178530966863e-05,1.0,0.9171742796897888
YBR211C,YOR001W,0,-1.206227,9.910803055390716e-05,1.0,0.9172651767730713
YKL014C,YIL014W,0,-1.2066051,9.909820801112801e-05,1.0,0.9173561334609985
YLR075W,YDR246W,0,-1.2067173,9.908838546834886e-05,1.0,0.917447030544281
YPL203W,YFR053C,0,-1.2068989,9.907857020152733e-05,1.0,0.9175379872322083
YBL072C,YNL161W,0,-1.2073011,9.90687549347058e-05,1.0,0.9176288843154907
YOL116W,YHR111W,0,-1.2075617,9.905893966788426e-05,1.0,0.9177197813987732
YOL116W,YER027C,0,-1.2078146,9.904913167702034e-05,1.0,0.9178107380867004
YKL149C,YKL196C,0,-1.2081549,9.903931641019881e-05,1.0,0.9179016351699829
YDL230W,YJL167W,0,-1.208177,9.902950841933489e-05,1.0,0.9179925322532654
YHR103W,YER093C,0,-1.2083771,9.901970770442858e-05,1.0,0.9180834889411926
YAL019W,YJR041C,0,-1.2083834,9.900989971356466e-05,1.0,0.9181743860244751
YDR200C,YPR141C,0,-1.2086258,9.900009899865836e-05,1.0,0.9182652831077576
YDR480W,YBR083W,0,-1.2088675,9.899029828375205e-05,1.0,0.9183562397956848
YGR174C,YDR005C,0,-1.2091744,9.898049756884575e-05,1.0,0.9184471368789673
YDR398W,YKR099W,0,-1.2095127,9.897070412989706e-05,1.0,0.9185380339622498
YIL030C,YLR196W,0,-1.2104405,9.896091069094837e-05,1.0,0.918628990650177
YPR037C,YLR234W,0,-1.2106948,9.895111725199968e-05,1.0,0.9187198877334595
YKR099W,YMR035W,0,-1.2114481,9.89413310890086e-05,1.0,0.9188107848167419
YGL098W,YDL134C,0,-1.2117709,9.893153765005991e-05,1.0,0.9189017415046692
YAL041W,YMR116C,0,-1.2120566,9.892175148706883e-05,1.0,0.9189926385879517
YOL009C,YOR273C,0,-1.2123001,9.891196532407776e-05,1.0,0.9190835356712341
YBR046C,YIL062C,0,-1.2136354,9.890218643704429e-05,1.0,0.9191744923591614
YLR118C,YMR156C,0,-1.2145277,9.889240755001083e-05,1.0,0.9192653894424438
YOR080W,YLR083C,0,-1.2145599,9.888262866297737e-05,1.0,0.9193562865257263
YPR188C,YIL009W,0,-1.2150832,9.88728497759439e-05,1.0,0.9194472432136536
YPL004C,YJL096W,0,-1.2152969,9.886307816486806e-05,1.0,0.919538140296936
YPL140C,YDL113C,0,-1.2158825,9.88532992778346e-05,1.0,0.9196290373802185
YIL008W,YHR084W,0,-1.2159696,9.884352766675875e-05,1.0,0.9197199940681458
YIL007C,YPL207W,0,-1.216191,9.883376333164051e-05,1.0,0.9198108911514282
YPR154W,YOR383C,0,-1.2164066,9.882399172056466e-05,1.0,0.9199017882347107
YLR229C,YDL159W,0,-1.2167087,9.881422738544643e-05,1.0,0.9199927449226379
YGL027C,YGR245C,0,-1.2181544,9.88044630503282e-05,1.0,0.9200836420059204
YJL054W,YJL059W,0,-1.2189846,9.879470599116758e-05,1.0,0.9201745390892029
YOR320C,YHR170W,0,-1.2194653,9.878494165604934e-05,1.0,0.9202654957771301
YPL203W,YNL119W,0,-1.2194753,9.877518459688872e-05,1.0,0.9203563928604126
YPL198W,YHR149C,0,-1.2196841,9.876543481368572e-05,1.0,0.9204472899436951
YML011C,YAL026C,0,-1.2197593,9.87556777545251e-05,1.0,0.9205382466316223
YDR469W,YHR133C,0,-1.2203617,9.874592797132209e-05,1.0,0.9206291437149048
YPL036W,YCL001W,0,-1.2227466,9.873617818811908e-05,1.0,0.9207200407981873
YOR177C,YKL029C,0,-1.2229389,9.872642840491608e-05,1.0,0.9208109974861145
YMR316W,YLR083C,0,-1.2231956,9.871668589767069e-05,1.0,0.920901894569397
YOR207C,YDR087C,0,-1.2234876,9.870693611446768e-05,1.0,0.9209927916526794
YIL037C,YKL051W,0,-1.2238233,9.869719360722229e-05,1.0,0.9210837483406067
YGL126W,YPL115C,0,-1.2245357,9.868745837593451e-05,1.0,0.9211746454238892
YBR054W,YLL021W,0,-1.2248971,9.867771586868912e-05,1.0,0.9212655425071716
YMR262W,YKL150W,0,-1.225859,9.866798063740134e-05,1.0,0.9213564991950989
YOR267C,YLR313C,0,-1.2260128,9.865824540611356e-05,1.0,0.9214473962783813
YHR142W,YCR035C,0,-1.2261612,9.86485174507834e-05,1.0,0.9215382933616638
YLR239C,YKL150W,0,-1.2270721,9.863878221949562e-05,1.0,0.9216292500495911
YMR243C,YOR359W,0,-1.2274565,9.862905426416546e-05,1.0,0.9217201471328735
YHR197W,YGL198W,0,-1.2280566,9.86193263088353e-05,1.0,0.921811044216156
YDR148C,YJR049C,0,-1.2283745,9.860960562946275e-05,1.0,0.9219020009040833
YHR084W,YDR480W,0,-1.2286243,9.85998849500902e-05,1.0,0.9219928979873657
YKL051W,YOL095C,0,-1.2287647,9.859016427071765e-05,1.0,0.922083854675293
YJL026W,YKL138C,0,-1.229181,9.85804435913451e-05,1.0,0.9221747517585754
YDR213W,YOR032C,0,-1.230223,9.857072291197255e-05,1.0,0.9222656488418579
YPL171C,YPL006W,0,-1.230862,9.856100950855762e-05,1.0,0.9223566055297852
YDR212W,YDR412W,0,-1.2314289,9.855129610514268e-05,1.0,0.9224475026130676
YML100W,YPL100W,0,-1.2325335,9.854158270172775e-05,1.0,0.9225383996963501
YML023C,YJL162C,0,-1.2325523,9.853187657427043e-05,1.0,0.9226293563842773
YBL016W,YBR083W,0,-1.2326568,9.85221704468131e-05,1.0,0.9227202534675598
YCR031C,YCL054W,0,-1.2327728,9.851246431935579e-05,1.0,0.9228111505508423
YAL051W,YNL156C,0,-1.232934,9.850275819189847e-05,1.0,0.9229021072387695
YJR102C,YBR168W,0,-1.2335682,9.849305934039876e-05,1.0,0.922993004322052
YMR215W,YNL029C,0,-1.2339907,9.848335321294144e-05,1.0,0.9230839014053345
YBR131W,YGR094W,0,-1.2348928,9.847366163739935e-05,1.0,0.9231748580932617
YNL328C,YHR154W,0,-1.2349861,9.846396278589964e-05,1.0,0.9232657551765442
YLR223C,YGL058W,0,-1.234989,9.845427121035755e-05,1.0,0.9233566522598267
YDR091C,YML092C,0,-1.2355455,9.844457235885784e-05,1.0,0.9234476089477539
YLR150W,YKL099C,0,-1.2356839,9.843488805927336e-05,1.0,0.9235385060310364
YIL052C,YDR372C,0,-1.236681,9.842519648373127e-05,1.0,0.9236294031143188
YNL023C,YDL117W,0,-1.237004,9.841551218414679e-05,1.0,0.9237203598022461
YLR083C,YAL019W,0,-1.2378395,9.840582788456231e-05,1.0,0.9238112568855286
YDR246W,YDR005C,0,-1.238883,9.839614358497784e-05,1.0,0.923902153968811
YDL145C,YHR193C,0,-1.239208,9.838645928539336e-05,1.0,0.9239931106567383
YCR005C,YBR149W,0,-1.2405512,9.83767822617665e-05,1.0,0.9240840077400208
YDR398W,YGL061C,0,-1.2423,9.836710523813963e-05,1.0,0.9241749048233032
YPR037C,YJR050W,0,-1.2425258,9.835742821451277e-05,1.0,0.9242658615112305
YGL129C,YHR138C,0,-1.2437372,9.834775846684352e-05,1.0,0.9243567585945129
YIL008W,YDR392W,0,-1.244065,9.833808871917427e-05,1.0,0.9244476556777954
YER177W,YGL127C,0,-1.2445424,9.832841897150502e-05,1.0,0.9245386123657227
YMR286W,YER129W,0,-1.2448002,9.831874922383577e-05,1.0,0.9246295094490051
YHR073W,YGL121C,0,-1.2450374,9.830908675212413e-05,1.0,0.9247204065322876
YPR188C,YGL085W,0,-1.245194,9.829941700445488e-05,1.0,0.9248113632202148
YCL001W,YDL102W,0,-1.2470841,9.828976180870086e-05,1.0,0.9249022603034973
YLR367W,YPL175W,0,-1.2473114,9.828009933698922e-05,1.0,0.9249931573867798
YDR004W,YNL081C,0,-1.2473621,9.827043686527759e-05,1.0,0.925084114074707
YDR398W,YGL151W,0,-1.2480989,9.826078166952357e-05,1.0,0.9251750111579895
YNL133C,YEL024W,0,-1.2483939,9.825112647376955e-05,1.0,0.925265908241272
YDR287W,YKL145W,0,-1.2489489,9.824147855397314e-05,1.0,0.9253568649291992
YOR045W,YKL138C,0,-1.2490611,9.823183063417673e-05,1.0,0.9254477620124817
YGL061C,YKL080W,0,-1.2494615,9.822217543842271e-05,1.0,0.9255386590957642
YGL073W,YLR258W,0,-1.2494743,9.821253479458392e-05,1.0,0.9256296157836914
YMR110C,YOR001W,0,-1.2494857,9.820288687478751e-05,1.0,0.9257205128669739
YPL203W,YLR054C,0,-1.2515092,9.819324623094872e-05,1.0,0.9258114099502563
YEL006W,YLR328W,0,-1.2517474,9.818360558710992e-05,1.0,0.9259023666381836
YER149C,YPL254W,0,-1.2532551,9.817396494327113e-05,1.0,0.9259932637214661
YDR325W,YGL139W,0,-1.2533054,9.816432429943234e-05,1.0,0.9260841608047485
YMR232W,YHR114W,0,-1.2541659,9.815469093155116e-05,1.0,0.9261751174926758
YER031C,YDR217C,0,-1.2555522,9.814505756366998e-05,1.0,0.9262660145759583
YJL212C,YGL078C,0,-1.2563496,9.81354241957888e-05,1.0,0.9263569712638855
YMR175W,YBR208C,0,-1.2571256,9.812579810386524e-05,1.0,0.926447868347168
YPL207W,YML102W,0,-1.257493,9.811617201194167e-05,1.0,0.9265387654304504
YCR044C,YNL065W,0,-1.258369,9.81065459200181e-05,1.0,0.9266297221183777
YDR165W,YGL078C,0,-1.2595484,9.809691982809454e-05,1.0,0.9267206192016602
YMR041C,YOR273C,0,-1.2604139,9.808730101212859e-05,1.0,0.9268115162849426
YNL103W,YDR437W,0,-1.2610214,9.807767492020503e-05,1.0,0.9269024729728699
YEL039C,YMR225C,0,-1.2616136,9.806805610423908e-05,1.0,0.9269933700561523
YDR328C,YKR083C,0,-1.2622082,9.805844456423074e-05,1.0,0.9270842671394348
YLR011W,YCR021C,0,-1.2625715,9.804882574826479e-05,1.0,0.9271752238273621
YDR043C,YIR019C,0,-1.2627983,9.803921420825645e-05,1.0,0.9272661209106445
YPL133C,YOL126C,0,-1.2628148,9.802960266824812e-05,1.0,0.927357017993927
YLR284C,YNL278W,0,-1.2632818,9.80199984041974e-05,1.0,0.9274479746818542
YMR053C,YFL049W,0,-1.2633395,9.801038686418906e-05,1.0,0.9275388717651367
YLR006C,YNL063W,0,-1.2636046,9.800078260013834e-05,1.0,0.9276297688484192
YPR046W,YKL099C,0,-1.2652881,9.799117833608761e-05,1.0,0.9277207255363464
YML055W,YPR141C,0,-1.2653346,9.79815813479945e-05,1.0,0.9278116226196289
YLR083C,YGL053W,0,-1.2656509,9.797197708394378e-05,1.0,0.9279025197029114
YML023C,YER040W,0,-1.2657675,9.796238009585068e-05,1.0,0.9279934763908386
YEL001C,YOR258W,0,-1.2667983,9.795279038371518e-05,1.0,0.9280843734741211
YBR034C,YGR211W,0,-1.2670269,9.794319339562207e-05,1.0,0.9281752705574036
YJL045W,YLR007W,0,-1.2672122,9.793360368348658e-05,1.0,0.9282662272453308
YMR081C,YMR195W,0,-1.2678736,9.792401397135109e-05,1.0,0.9283571243286133
YKR053C,YPL115C,0,-1.2679579,9.79144242592156e-05,1.0,0.9284480214118958
YAL011W,YLR409C,0,-1.2680953,9.79048345470801e-05,1.0,0.928538978099823
YKL194C,YLR432W,0,-1.2689003,9.789525211090222e-05,1.0,0.9286298751831055
YFR053C,YPL006W,0,-1.269254,9.788566967472434e-05,1.0,0.9287207722663879
YBR119W,YPL173W,0,-1.2701437,9.787608723854646e-05,1.0,0.9288117289543152
YDR256C,YLR189C,0,-1.2703502,9.78665120783262e-05,1.0,0.9289026260375977
YLR411W,YHR024C,0,-1.2705994,9.785692964214832e-05,1.0,0.9289935231208801
YBR218C,YKL081W,0,-1.2708156,9.784736175788566e-05,1.0,0.9290844798088074
YPL209C,YIL118W,0,-1.2714219,9.78377865976654e-05,1.0,0.9291753768920898
YGR244C,YGL127C,0,-1.2718647,9.782821143744513e-05,1.0,0.9292662739753723
YDR108W,YHR133C,0,-1.2730142,9.781864355318248e-05,1.0,0.9293572306632996
YNL173C,YDL149W,0,-1.273665,9.780907566891983e-05,1.0,0.929448127746582
YPL076W,YNR053C,0,-1.2741327,9.779950778465718e-05,1.0,0.9295390248298645
YDR422C,YOR026W,0,-1.2743483,9.778994717635214e-05,1.0,0.9296299815177917
YDR515W,YFL026W,0,-1.2745218,9.77803865680471e-05,1.0,0.9297208786010742
YER109C,YHL007C,0,-1.2749095,9.777082595974207e-05,1.0,0.9298117756843567
YGR245C,YIL167W,0,-1.2752314,9.776126535143703e-05,1.0,0.9299027323722839
YLR131C,YLR333C,0,-1.2757785,9.775171201908961e-05,1.0,0.9299936294555664
YDL072C,YBR295W,0,-1.2761269,9.774215868674219e-05,1.0,0.9300845265388489
YML098W,YPL001W,0,-1.2762353,9.773260535439476e-05,1.0,0.9301754832267761
YBR169C,YLR220W,0,-1.2770522,9.772305202204734e-05,1.0,0.9302663803100586
YPR175W,YHR157W,0,-1.2774761,9.771350596565753e-05,1.0,0.9303572773933411
YDR075W,YCL035C,0,-1.2785392,9.770395990926772e-05,1.0,0.9304482340812683
YBL080C,YJL197W,0,-1.2786944,9.769441385287791e-05,1.0,0.9305391311645508
YLR167W,YIL008W,0,-1.2795861,9.76848677964881e-05,1.0,0.9306300282478333
YJL089W,YNL063W,0,-1.2801145,9.767532901605591e-05,1.0,0.9307209849357605
YLR323C,YDR179C,0,-1.2805281,9.766579023562372e-05,1.0,0.930811882019043
YHR088W,YGL151W,0,-1.2809889,9.765625145519152e-05,1.0,0.9309028387069702
YLR083C,YLR249W,0,-1.2818608,9.764671267475933e-05,1.0,0.9309937357902527
YER102W,YPL010W,0,-1.2826371,9.763718117028475e-05,1.0,0.9310846328735352
YNL119W,YMR116C,0,-1.2826655,9.762764966581017e-05,1.0,0.9311755895614624
YMR215W,YPL018W,0,-1.2833537,9.761811816133559e-05,1.0,0.9312664866447449
YDL175C,YLR189C,0,-1.2837559,9.760858665686101e-05,1.0,0.9313573837280273
YGR205W,YOL116W,0,-1.2850955,9.759906242834404e-05,1.0,0.9314483404159546
YNL221C,YNL059C,0,-1.2854015,9.758953819982708e-05,1.0,0.9315392374992371
YPL203W,YPL049C,0,-1.2857344,9.758001397131011e-05,1.0,0.9316301345825195
YCL017C,YPL193W,0,-1.2862648,9.757049701875076e-05,1.0,0.9317210912704468
YMR215W,YLR409C,0,-1.2866089,9.756097279023379e-05,1.0,0.9318119883537292
YHR194W,YDR234W,0,-1.2868121,9.755145583767444e-05,1.0,0.9319028854370117
YBR028C,YLR292C,0,-1.2871656,9.75419461610727e-05,1.0,0.931993842124939
YER044C-A,YGR004W,0,-1.2873604,9.753242920851335e-05,1.0,0.9320847392082214
YGL126W,YHR103W,0,-1.2873828,9.752291953191161e-05,1.0,0.9321756362915039
YFR014C,YIL148W,0,-1.2875631,9.751340985530987e-05,1.0,0.9322665929794312
YJR132W,YGL064C,0,-1.2883248,9.750390017870814e-05,1.0,0.9323574900627136
YLR223C,YGR245C,0,-1.2884198,9.74943905021064e-05,1.0,0.9324483871459961
YOR129C,YNL065W,0,-1.2888405,9.748488810146227e-05,1.0,0.9325393438339233
YGL144C,YPL021W,0,-1.2892017,9.747538570081815e-05,1.0,0.9326302409172058
YKL194C,YKL114C,0,-1.2894942,9.746589057613164e-05,1.0,0.9327211380004883
YHR103W,YGL115W,0,-1.2895607,9.745638817548752e-05,1.0,0.9328120946884155
YDR098C,YDL145C,0,-1.2897873,9.744689305080101e-05,1.0,0.932902991771698
YER109C,YDR217C,0,-1.2898508,9.74373979261145e-05,1.0,0.9329938888549805
YGL142C,YDR009W,0,-1.2898765,9.742790280142799e-05,1.0,0.9330848455429077
YPL235W,YER015W,0,-1.2901385,9.74184149526991e-05,1.0,0.9331757426261902
YGR235C,YNL246W,0,-1.291692,9.740891982801259e-05,1.0,0.9332666397094727
YDR145W,YAL028W,0,-1.2929835,9.739943197928369e-05,1.0,0.9333575963973999
YHR111W,YIL011W,0,-1.2930965,9.738995140651241e-05,1.0,0.9334484934806824
YLR333C,YOR060C,0,-1.2931788,9.738046355778351e-05,1.0,0.9335393905639648
YDR080W,YDL031W,0,-1.2935091,9.737098298501223e-05,1.0,0.9336303472518921
YDR129C,YHR138C,0,-1.2936736,9.736150241224095e-05,1.0,0.9337212443351746
YPR134W,YPL006W,0,-1.2943654,9.735202183946967e-05,1.0,0.933812141418457
YPR133C,YER015W,0,-1.2943755,9.7342548542656e-05,1.0,0.9339030981063843
YMR175W,YLR411W,0,-1.2946045,9.733307524584234e-05,1.0,0.9339939951896667
YML023C,YBR078W,0,-1.2948807,9.732360194902867e-05,1.0,0.9340848922729492
YBL038W,YOR227W,0,-1.2949916,9.7314128652215e-05,1.0,0.9341758489608765
YER023W,YPR155C,0,-1.2950975,9.730466263135895e-05,1.0,0.9342667460441589
YOR266W,YKR088C,0,-1.2955456,9.72951966105029e-05,1.0,0.9343576431274414
YDR129C,YOR193W,0,-1.2955842,9.728573058964685e-05,1.0,0.9344485998153687
YOR320C,YHR158C,0,-1.296623,9.72762645687908e-05,1.0,0.9345394968986511
YGR055W,YDL106C,0,-1.2984972,9.726680582389235e-05,1.0,0.9346303939819336
YJR073C,YDR009W,0,-1.2991594,9.72573398030363e-05,1.0,0.9347213506698608
YLL018C,YNR030W,0,-1.2996163,9.724788833409548e-05,1.0,0.9348122477531433
YOR080W,YIR019C,0,-1.2999535,9.723842958919704e-05,1.0,0.9349031448364258
YDL024C,YPL115C,0,-1.2999797,9.72289708442986e-05,1.0,0.934994101524353
YJL098W,YGR083C,0,-1.3012621,9.721951937535778e-05,1.0,0.9350849986076355
YER102W,YDR087C,0,-1.30175,9.721006790641695e-05,1.0,0.935175895690918
YFL025C,YKL150W,0,-1.3018668,9.720062371343374e-05,1.0,0.9352668523788452
YDR235W,YFL026W,0,-1.3036075,9.719117224449292e-05,1.0,0.9353577494621277
YBR038W,YBR180W,0,-1.3036897,9.718172805150971e-05,1.0,0.9354487061500549
YAL041W,YHL007C,0,-1.3043778,9.71722838585265e-05,1.0,0.9355396032333374
YOL132W,YBR168W,0,-1.3044585,9.71628469415009e-05,1.0,0.9356305003166199
YOL126C,YPL178W,0,-1.3050014,9.715340274851769e-05,1.0,0.9357214570045471
YER062C,YMR220W,0,-1.3053458,9.71439658314921e-05,1.0,0.9358123540878296
YIL019W,YMR133W,0,-1.305712,9.71345289144665e-05,1.0,0.9359032511711121
YCR005C,YHL035C,0,-1.3060104,9.712509927339852e-05,1.0,0.9359942078590393
YGL045W,YGL208W,0,-1.3065419,9.711566235637292e-05,1.0,0.9360851049423218
YNL298W,YDR379W,0,-1.3067867,9.710623271530494e-05,1.0,0.9361760020256042
YKL145W,YMR035W,0,-1.3072647,9.709680307423696e-05,1.0,0.9362669587135315
YNL197C,YLR083C,0,-1.3088354,9.708738070912659e-05,1.0,0.936357855796814
YPL116W,YPR199C,0,-1.309021,9.707795106805861e-05,1.0,0.9364487528800964
YPR095C,YER033C,0,-1.3094716,9.706852870294824e-05,1.0,0.9365397095680237
YER109C,YDR379W,0,-1.3096261,9.705910633783787e-05,1.0,0.9366306066513062
YER014W,YLR054C,0,-1.3102903,9.704969124868512e-05,1.0,0.9367215037345886
YER040W,YBL091C,0,-1.3115158,9.704026888357475e-05,1.0,0.9368124604225159
YNL145W,YIL009W,0,-1.3118286,9.7030853794422e-05,1.0,0.9369033575057983
YDL093W,YHL011C,0,-1.3126076,9.702143870526925e-05,1.0,0.9369942545890808
YER142C,YBR254C,0,-1.3133368,9.701203089207411e-05,1.0,0.9370852112770081
YDR043C,YDL024C,0,-1.3142967,9.700261580292135e-05,1.0,0.9371761083602905
YPR173C,YGR296W,0,-1.3157514,9.699320798972622e-05,1.0,0.937267005443573
YPR134W,YNL081C,0,-1.3158493,9.698380017653108e-05,1.0,0.9373579621315002
YGL167C,YDL243C,0,-1.3160908,9.697439963929355e-05,1.0,0.9374488592147827
YPL193W,YPR141C,0,-1.3171102,9.696499910205603e-05,1.0,0.9375397562980652
YBR162W-A,YBR091C,0,-1.3171515,9.695559128886089e-05,1.0,0.9376307129859924
YLL018C,YNL036W,0,-1.3176262,9.694619802758098e-05,1.0,0.9377216100692749
YPL021W,YPL178W,0,-1.3184588,9.693679749034345e-05,1.0,0.9378125071525574
YAL007C,YMR177W,0,-1.31869,9.692740422906354e-05,1.0,0.9379034638404846
YLL018C,YPL189W,0,-1.31943,9.691801096778363e-05,1.0,0.9379943609237671
YBL016W,YBR066C,0,-1.3206291,9.690861770650372e-05,1.0,0.9380852580070496
YNL020C,YIL011W,0,-1.3208432,9.689922444522381e-05,1.0,0.9381762146949768
YDR345C,YKL087C,0,-1.3217846,9.688983845990151e-05,1.0,0.9382671117782593
YHR106W,YGL111W,0,-1.32214,9.688045247457922e-05,1.0,0.9383580088615417
YOR127W,YNL298W,0,-1.322576,9.687106648925692e-05,1.0,0.938448965549469
YNL048W,YPL010W,0,-1.3232808,9.686168050393462e-05,1.0,0.9385398626327515
YPL203W,YHR011W,0,-1.323637,9.685230179456994e-05,1.0,0.9386307597160339
YMR205C,YNL038W,0,-1.3240759,9.684292308520526e-05,1.0,0.9387217164039612
YOL135C,YDR165W,0,-1.3257756,9.683354437584057e-05,1.0,0.9388126134872437
YFL061W,YCR063W,0,-1.3264031,9.682416566647589e-05,1.0,0.9389035105705261
YBR043C,YHR149C,0,-1.3274012,9.681479423306882e-05,1.0,0.9389944672584534
YJL162C,YMR131C,0,-1.327967,9.680542279966176e-05,1.0,0.9390853643417358
YBR066C,YLR083C,0,-1.3286823,9.679605136625469e-05,1.0,0.9391762614250183
YMR009W,YCL039W,0,-1.3289561,9.678667993284762e-05,1.0,0.9392672181129456
YPL133C,YPR134W,0,-1.3295684,9.677731577539816e-05,1.0,0.939358115196228
YNL025C,YOL126C,0,-1.3305305,9.676795161794871e-05,1.0,0.9394490122795105
YLR377C,YKL196C,0,-1.3306243,9.675858746049926e-05,1.0,0.9395399689674377
YER063W,YDR273W,0,-1.33082,9.67492233030498e-05,1.0,0.9396308660507202
YHR084W,YPL049C,0,-1.3317957,9.673986642155796e-05,1.0,0.9397217631340027
YMR243C,YDR398W,0,-1.3323386,9.673050954006612e-05,1.0,0.9398127198219299
YLR377C,YHR190W,0,-1.3324211,9.672115265857428e-05,1.0,0.9399036169052124
YML092C,YKL006C-A,0,-1.3328741,9.671179577708244e-05,1.0,0.9399945735931396
YPR110C,YGR094W,0,-1.3332,9.670244617154822e-05,1.0,0.9400854706764221
YDR127W,YLR293C,0,-1.3334508,9.669309656601399e-05,1.0,0.9401763677597046
YNL233W,YNL180C,0,-1.3345578,9.668374696047977e-05,1.0,0.9402673244476318
YAL011W,YIR026C,0,-1.33495,9.667439735494554e-05,1.0,0.9403582215309143
YBL080C,YDR482C,0,-1.3368902,9.666505502536893e-05,1.0,0.9404491186141968
YHR088W,YDR303C,0,-1.3372157,9.665571269579232e-05,1.0,0.940540075302124
YGL246C,YJL208C,0,-1.3375764,9.66463703662157e-05,1.0,0.9406309723854065
YDR145W,YDR276C,0,-1.3378038,9.66370280366391e-05,1.0,0.940721869468689
YGR202C,YOL023W,0,-1.3378246,9.66276929830201e-05,1.0,0.9408128261566162
YDL235C,YOR264W,0,-1.33829,9.66183579294011e-05,1.0,0.9409037232398987
YBR066C,YBR083W,0,-1.3384991,9.66090228757821e-05,1.0,0.9409946203231812
YHR096C,YKL051W,0,-1.3386443,9.65996878221631e-05,1.0,0.9410855770111084
YBR066C,YDR379W,0,-1.338865,9.659036004450172e-05,1.0,0.9411764740943909
YJL162C,YOR249C,0,-1.3390429,9.658103226684034e-05,1.0,0.9412673711776733
YER109C,YHR084W,0,-1.3390458,9.657170448917896e-05,1.0,0.9413583278656006
YOR191W,YLR347C,0,-1.3392954,9.656237671151757e-05,1.0,0.9414492249488831
YNL294C,YOR080W,0,-1.339498,9.65530562098138e-05,1.0,0.9415401220321655
YPR106W,YDR397C,0,-1.3403969,9.654373570811003e-05,1.0,0.9416310787200928
YFL061W,YKL006W,0,-1.3407038,9.653441520640627e-05,1.0,0.9417219758033752
YNL173C,YNL214W,0,-1.3418788,9.65250947047025e-05,1.0,0.9418128728866577
YNL119W,YLR083C,0,-1.3423512,9.651578147895634e-05,1.0,0.941903829574585
YDR309C,YKL058W,0,-1.3435166,9.650646825321019e-05,1.0,0.9419947266578674
YDR325W,YEL032W,0,-1.3458667,9.649715502746403e-05,1.0,0.9420856237411499
YDR100W,YGL129C,0,-1.3459032,9.648784180171788e-05,1.0,0.9421765804290771
YFL049W,YJR052W,0,-1.3466685,9.647853585192934e-05,1.0,0.9422674775123596
YDR471W,YPR175W,0,-1.3466804,9.64692299021408e-05,1.0,0.9423583745956421
YDR148C,YDR516C,0,-1.3470213,9.645992395235226e-05,1.0,0.9424493312835693
YER109C,YER027C,0,-1.3471253,9.645061800256371e-05,1.0,0.9425402283668518
YDL240W,YIL037C,0,-1.3511653,9.644131205277517e-05,1.0,0.9426311254501343
YPR067W,YHR170W,0,-1.3512926,9.643201337894425e-05,1.0,0.9427220821380615
YPR068C,YOR249C,0,-1.3514369,9.642271470511332e-05,1.0,0.942812979221344
YOR129C,YNL094W,0,-1.35186,9.641342330724001e-05,1.0,0.9429038763046265
YML098W,YIL018W,0,-1.3524718,9.640412463340908e-05,1.0,0.9429948329925537
YLR223C,YEL001C,0,-1.352555,9.639483323553577e-05,1.0,0.9430857300758362
YMR316W,YDR379W,0,-1.3527608,9.638554183766246e-05,1.0,0.9431766271591187
YDR381W,YDR110W,0,-1.3534293,9.637625043978915e-05,1.0,0.9432675838470459
YDR178W,YDR009W,0,-1.3552732,9.636696631787345e-05,1.0,0.9433584809303284
YDL093W,YLR196W,0,-1.35568,9.635768219595775e-05,1.0,0.9434493780136108
YNL119W,YDR480W,0,-1.3560675,9.634839807404205e-05,1.0,0.9435403347015381
YFR025C,YIL173W,0,-1.3566389,9.633911395212635e-05,1.0,0.9436312317848206
YHR006W,YPL058C,0,-1.3571188,9.632982983021066e-05,1.0,0.943722128868103
YJR035W,YLR360W,0,-1.3591949,9.632055298425257e-05,1.0,0.9438130855560303
YBL063W,YNR030W,0,-1.359376,9.631127613829449e-05,1.0,0.9439039826393127
YPL280W,YPR017C,0,-1.3595223,9.630200656829402e-05,1.0,0.9439948797225952
YER100W,YDR122W,0,-1.3596613,9.629272972233593e-05,1.0,0.9440858364105225
YER028C,YMR225C,0,-1.3596765,9.628346015233546e-05,1.0,0.9441767334938049
YPL176C,YMR195W,0,-1.3605559,9.6274190582335e-05,1.0,0.9442676901817322
YJL110C,YNL133C,0,-1.3607137,9.626492101233453e-05,1.0,0.9443585872650146
YML107C,YNR048W,0,-1.3610344,9.625565144233406e-05,1.0,0.9444494843482971
YGL121C,YOR275C,0,-1.3612957,9.62463891482912e-05,1.0,0.9445404410362244
YPR068C,YPL189W,0,-1.3614346,9.623712685424834e-05,1.0,0.9446313381195068
YOL154W,YDR441C,0,-1.3627044,9.622786456020549e-05,1.0,0.9447222352027893
YOR132W,YHL006C,0,-1.3630543,9.621860954212025e-05,1.0,0.9448131918907166
YOR359W,YOL061W,0,-1.363636,9.6209354524035e-05,1.0,0.944904088973999
YFR010W,YIL011W,0,-1.3643515,9.620009950594977e-05,1.0,0.9449949860572815
YIL019W,YOR236W,0,-1.3645787,9.619084448786452e-05,1.0,0.9450859427452087
YER139C,YJR050W,0,-1.3654501,9.618158946977928e-05,1.0,0.9451768398284912
YOR189W,YDR469W,0,-1.3658282,9.617234172765166e-05,1.0,0.9452677369117737
YGL208W,YDL024C,0,-1.3669935,9.616309398552403e-05,1.0,0.9453586935997009
YDR122W,YHL021C,0,-1.3674302,9.61538462433964e-05,1.0,0.9454495906829834
YEL018W,YNL023C,0,-1.3678286,9.614459850126877e-05,1.0,0.9455404877662659
YLR362W,YOR275C,0,-1.3683394,9.613535803509876e-05,1.0,0.9456314444541931
YBR069C,YDR160W,0,-1.3686405,9.612611756892875e-05,1.0,0.9457223415374756
YHR157W,YJL196C,0,-1.3695278,9.611687710275874e-05,1.0,0.9458132386207581
YLR083C,YKL194C,0,-1.3696113,9.610764391254634e-05,1.0,0.9459041953086853
YDR256C,YLR007W,0,-1.3704857,9.609840344637632e-05,1.0,0.9459950923919678
YJL089W,YBR083W,0,-1.371362,9.608917025616392e-05,1.0,0.9460859894752502
YPR055W,YNL161W,0,-1.3714669,9.607993706595153e-05,1.0,0.9461769461631775
YOR320C,YPL253C,0,-1.3721895,9.607071115169674e-05,1.0,0.94626784324646
YFR027W,YGR120C,0,-1.3722711,9.606147796148434e-05,1.0,0.9463587403297424
YHR149C,YIL008W,0,-1.3730302,9.605225204722956e-05,1.0,0.9464496970176697
YHR001W-A,YBL047C,0,-1.373059,9.604302613297477e-05,1.0,0.9465405941009521
YBR046C,YGL226W,0,-1.3733487,9.60338074946776e-05,1.0,0.9466314911842346
YLR004C,YPR017C,0,-1.3736348,9.602458158042282e-05,1.0,0.9467224478721619
YGL076C,YAL059W,0,-1.3737843,9.601536294212565e-05,1.0,0.9468133449554443
YNR024W,YNL287W,0,-1.3740019,9.600614430382848e-05,1.0,0.9469042420387268
YIL008W,YER113C,0,-1.3741578,9.599692566553131e-05,1.0,0.946995198726654
YKR085C,YKL087C,0,-1.3744991,9.598771430319175e-05,1.0,0.9470860958099365
YGR030C,YDR437W,0,-1.3746556,9.59785029408522e-05,1.0,0.947176992893219
YOL032W,YPL135W,0,-1.374685,9.596929157851264e-05,1.0,0.9472679495811462
YIL056W,YER023W,0,-1.3772304,9.596008021617308e-05,1.0,0.9473588466644287
YLR039C,YKL029C,0,-1.377291,9.595087612979114e-05,1.0,0.9474497437477112
YIL037C,YLR288C,0,-1.3777024,9.594166476745158e-05,1.0,0.9475407004356384
YBR181C,YER060W-A,0,-1.380578,9.593246068106964e-05,1.0,0.9476315975189209
YMR274C,YPR057W,0,-1.3811626,9.592326387064531e-05,1.0,0.9477224946022034
YGL045W,YOR275C,0,-1.3813565,9.591405978426337e-05,1.0,0.9478134512901306
YNL294C,YJL089W,0,-1.3815515,9.590486297383904e-05,1.0,0.9479043483734131
YBR233W-A,YLR323C,0,-1.3815768,9.589566616341472e-05,1.0,0.9479952454566956
YDR043C,YGL045W,0,-1.3816035,9.588646935299039e-05,1.0,0.9480862021446228
YOR032C,YCL048W,0,-1.3824995,9.587727981852368e-05,1.0,0.9481770992279053
YIL019W,YGR099W,0,-1.3826883,9.586808300809935e-05,1.0,0.9482679963111877
YJR109C,YBR078W,0,-1.3830396,9.585889347363263e-05,1.0,0.948358952999115
YDL106C,YOR249C,0,-1.3831286,9.584971121512353e-05,1.0,0.9484498500823975
YPR188C,YKR100C,0,-1.3834524,9.584052168065682e-05,1.0,0.9485407471656799
YOR249C,YML031W,0,-1.3836522,9.583133942214772e-05,1.0,0.9486317038536072
YNL167C,YER040W,0,-1.3836588,9.582215716363862e-05,1.0,0.9487226009368896
YDR365C,YCL067C,0,-1.3838074,9.581297490512952e-05,1.0,0.9488135576248169
YCR105W,YIL153W,0,-1.3839666,9.580379264662042e-05,1.0,0.9489044547080994
YPL133C,YDL106C,0,-1.3842628,9.579461766406894e-05,1.0,0.9489953517913818
YPL209C,YGL027C,0,-1.3858736,9.578544268151745e-05,1.0,0.9490863084793091
YOR193W,YHR006W,0,-1.386121,9.577626769896597e-05,1.0,0.9491772055625916
YJR041C,YGL238W,0,-1.3869791,9.576709271641448e-05,1.0,0.949268102645874
YGL208W,YAL056W,0,-1.3873003,9.575792500982061e-05,1.0,0.9493590593338013
YLR083C,YER063W,0,-1.3873043,9.574875730322674e-05,1.0,0.9494499564170837
YOL084W,YNL173C,0,-1.3876152,9.573958959663287e-05,1.0,0.9495408535003662
YLR361C,YMR040W,0,-1.3877625,9.5730421890039e-05,1.0,0.9496318101882935
YPL061W,YDR244W,0,-1.3886834,9.572126145940274e-05,1.0,0.9497227072715759
YMR316W,YGL121C,0,-1.3889997,9.571210102876648e-05,1.0,0.9498136043548584
YGR030C,YPL010W,0,-1.3907628,9.570294059813023e-05,1.0,0.9499045610427856
YLR248W,YMR195W,0,-1.3908594,9.569378016749397e-05,1.0,0.9499954581260681
YEL020W-A,YBL038W,0,-1.3917985,9.568462701281533e-05,1.0,0.9500863552093506
YPR017C,YJL003W,0,-1.3928375,9.567546658217907e-05,1.0,0.9501773118972778
YNL294C,YDR379W,0,-1.3929368,9.566631342750043e-05,1.0,0.9502682089805603
YDR323C,YGR094W,0,-1.3931994,9.56571675487794e-05,1.0,0.9503591060638428
YML076C,YLR189C,0,-1.3935282,9.564801439410076e-05,1.0,0.95045006275177
YLR167W,YKL048C,0,-1.3943456,9.563886851537973e-05,1.0,0.9505409598350525
YPR188C,YKL134C,0,-1.3960719,9.56297226366587e-05,1.0,0.950631856918335
YOR004W,YPL175W,0,-1.3963485,9.562057675793767e-05,1.0,0.9507228136062622
YDR004W,YBL031W,0,-1.3966858,9.561143815517426e-05,1.0,0.9508137106895447
YDL072C,YCL039W,0,-1.3967189,9.560229227645323e-05,1.0,0.9509046077728271
YOL012C,YER139C,0,-1.3985584,9.559315367368981e-05,1.0,0.9509955644607544
YML059C,YDR021W,0,-1.3987389,9.55840150709264e-05,1.0,0.9510864615440369
YFR010W,YLR189C,0,-1.3993533,9.55748837441206e-05,1.0,0.9511773586273193
YER040W,YDR395W,0,-1.3994669,9.55657524173148e-05,1.0,0.9512683153152466
YOR236W,YPL076W,0,-1.3997384,9.555661381455138e-05,1.0,0.951359212398529
YML100W,YJL098W,0,-1.4011333,9.55474897637032e-05,1.0,0.9514501094818115
YNL233W,YPL145C,0,-1.402569,9.55383584368974e-05,1.0,0.9515410661697388
YPR143W,YJR109C,0,-1.4025768,9.552923438604921e-05,1.0,0.9516319632530212
YBR279W,YOR119C,0,-1.4028757,9.552011033520103e-05,1.0,0.9517228603363037
YHR158C,YFR014C,0,-1.4030211,9.551098628435284e-05,1.0,0.951813817024231
YMR041C,YJL013C,0,-1.4034387,9.550186223350465e-05,1.0,0.9519047141075134
YDR480W,YOR212W,0,-1.4036623,9.549274545861408e-05,1.0,0.9519956111907959
YBR078W,YLR328W,0,-1.4039087,9.54836214077659e-05,1.0,0.9520865678787231
YGR178C,YOR273C,0,-1.4062148,9.547451190883294e-05,1.0,0.9521774649620056
YLR258W,YDL149W,0,-1.4063835,9.546539513394237e-05,1.0,0.9522683620452881
YCL044C,YKL099C,0,-1.4087032,9.54562783590518e-05,1.0,0.9523593187332153
YDR201W,YDR469W,0,-1.4087954,9.544716886011884e-05,1.0,0.9524502158164978
YAL056W,YOR275C,0,-1.4088273,9.543805936118588e-05,1.0,0.9525411128997803
YDR469W,YDR399W,0,-1.4096732,9.542894986225292e-05,1.0,0.9526320695877075
YHR201C,YDL145C,0,-1.4097514,9.541984763927758e-05,1.0,0.95272296667099
YDL072C,YEL032W,0,-1.4099576,9.541074541630223e-05,1.0,0.9528138637542725
YER033C,YCL035C,0,-1.41106,9.540164319332689e-05,1.0,0.9529048204421997
YER123W,YNL164C,0,-1.4113398,9.539254097035155e-05,1.0,0.9529957175254822
YLR223C,YIL123W,0,-1.4133822,9.53834387473762e-05,1.0,0.9530866146087646
YDR482C,YPL135W,0,-1.4145815,9.537434380035847e-05,1.0,0.9531775712966919
YPL120W,YJL089W,0,-1.4148228,9.536524885334074e-05,1.0,0.9532684683799744
YLR085C,YMR274C,0,-1.4153895,9.535615390632302e-05,1.0,0.9533594250679016
YLR055C,YPL254W,0,-1.4159365,9.53470662352629e-05,1.0,0.9534503221511841
YJR041C,YGR208W,0,-1.416383,9.533797128824517e-05,1.0,0.9535412192344666
YBR272C,YDR005C,0,-1.4171244,9.532888361718506e-05,1.0,0.9536321759223938
YHR118C,YOR113W,0,-1.4177548,9.531979594612494e-05,1.0,0.9537230730056763
YDR482C,YOL032W,0,-1.418235,9.531071555102244e-05,1.0,0.9538139700889587
YDR325W,YLR451W,0,-1.4185625,9.530162787996233e-05,1.0,0.953904926776886
YLR377C,YMR156C,0,-1.4186199,9.529254748485982e-05,1.0,0.9539958238601685
YKR034W,YHR106W,0,-1.4192567,9.528346708975732e-05,1.0,0.9540867209434509
YLR052W,YCR021C,0,-1.4197128,9.527438669465482e-05,1.0,0.9541776776313782
YLR362W,YNL197C,0,-1.4219097,9.526531357550994e-05,1.0,0.9542685747146606
YKR049C,YEL024W,0,-1.4220247,9.525624045636505e-05,1.0,0.9543594717979431
YPL126W,YPR169W,0,-1.4222841,9.524716733722016e-05,1.0,0.9544504284858704
YBR083W,YOR212W,0,-1.423253,9.523809421807528e-05,1.0,0.9545413255691528
YOR330C,YDR438W,0,-1.4237719,9.5229028374888e-05,1.0,0.9546322226524353
YDL035C,YLR229C,0,-1.4246032,9.521995525574312e-05,1.0,0.9547231793403625
YKL026C,YDR463W,0,-1.4249625,9.521088941255584e-05,1.0,0.954814076423645
YPL203W,YNL294C,0,-1.4255011,9.520183084532619e-05,1.0,0.9549049735069275
YAL007C,YDR464W,0,-1.4259377,9.519276500213891e-05,1.0,0.9549959301948547
YGL063W,YGR120C,0,-1.4262751,9.518370643490925e-05,1.0,0.9550868272781372
YOR264W,YFR053C,0,-1.4272065,9.51746478676796e-05,1.0,0.9551777243614197
YKR085C,YFR049W,0,-1.427958,9.516558930044994e-05,1.0,0.9552686810493469
YPR110C,YDR091C,0,-1.4294096,9.515653073322028e-05,1.0,0.9553595781326294
YBR272C,YDR165W,0,-1.4296405,9.514747944194824e-05,1.0,0.9554504752159119
YGL151W,YBR191W,0,-1.4306248,9.513842815067619e-05,1.0,0.9555414319038391
YJL089W,YGL208W,0,-1.430796,9.512937685940415e-05,1.0,0.9556323289871216
YGR211W,YOR026W,0,-1.431042,9.51203255681321e-05,1.0,0.955723226070404
YLL018C-A,YOL052C-A,0,-1.4332254,9.511128155281767e-05,1.0,0.9558141827583313
YDR103W,YOR212W,0,-1.433649,9.510223753750324e-05,1.0,0.9559050798416138
YOR212W,YDL159W,0,-1.4339576,9.509319352218881e-05,1.0,0.9559959769248962
YPL215W,YER139C,0,-1.4340056,9.508414950687438e-05,1.0,0.9560869336128235
YML100W,YEL039C,0,-1.434492,9.507511276751757e-05,1.0,0.956177830696106
YNL025C,YMR215W,0,-1.435034,9.506606875220314e-05,1.0,0.9562687277793884
YLR293C,YPL043W,0,-1.435801,9.505703201284632e-05,1.0,0.9563596844673157
YLR083C,YBL051C,0,-1.4361682,9.504800254944712e-05,1.0,0.9564505815505981
YGL087C,YOR009W,0,-1.4362304,9.50389658100903e-05,1.0,0.9565414786338806
YGL093W,YKL196C,0,-1.436722,9.50299363466911e-05,1.0,0.9566324353218079
YPL126W,YER023W,0,-1.4380941,9.50209068832919e-05,1.0,0.9567233324050903
YGL142C,YKR027W,0,-1.4389695,9.50118774198927e-05,1.0,0.9568142294883728
YDL081C,YER038C,0,-1.4397186,9.50028479564935e-05,1.0,0.9569051861763
YDR004W,YLR181C,0,-1.4419351,9.499382576905191e-05,1.0,0.9569960832595825
YFL025C,YPL253C,0,-1.4425695,9.498480358161032e-05,1.0,0.957086980342865
YBL063W,YJL058C,0,-1.4429331,9.497578139416873e-05,1.0,0.9571779370307922
YPL210C,YFR025C,0,-1.4430757,9.496675920672715e-05,1.0,0.9572688341140747
YOR119C,YLR247C,0,-1.4442687,9.495774429524317e-05,1.0,0.9573597311973572
YIL005W,YLR068W,0,-1.4443424,9.49487293837592e-05,1.0,0.9574506878852844
YMR059W,YNL062C,0,-1.444387,9.493971447227523e-05,1.0,0.9575415849685669
YEL018W,YDR110W,0,-1.4444338,9.493069956079125e-05,1.0,0.9576325416564941
YER100W,YFL049W,0,-1.4449782,9.49216919252649e-05,1.0,0.9577234387397766
YOL116W,YNL197C,0,-1.4461389,9.491267701378092e-05,1.0,0.9578143358230591
YFL061W,YAR042W,0,-1.4504335,9.490366937825456e-05,1.0,0.9579052925109863
YPR110C,YBR191W,0,-1.4517224,9.489466901868582e-05,1.0,0.9579961895942688
YPL171C,YER015W,0,-1.4517789,9.488566138315946e-05,1.0,0.9580870866775513
YGR005C,YHR106W,0,-1.4534652,9.487666102359071e-05,1.0,0.9581780433654785
YNL318C,YDR273W,0,-1.4539447,9.486766066402197e-05,1.0,0.958268940448761
YMR001C,YNL029C,0,-1.4551897,9.485866030445322e-05,1.0,0.9583598375320435
YBL087C,YER139C,0,-1.4567484,9.484965994488448e-05,1.0,0.9584507942199707
YHR170W,YLR060W,0,-1.456857,9.484066686127335e-05,1.0,0.9585416913032532
YBR233W-A,YHR148W,0,-1.4586291,9.483167377766222e-05,1.0,0.9586325883865356
YHR110W,YBL063W,0,-1.4590575,9.482268069405109e-05,1.0,0.9587235450744629
YCR036W,YOR103C,0,-1.4607532,9.481368761043996e-05,1.0,0.9588144421577454
YJL089W,YMR316W,0,-1.4608508,9.480470180278644e-05,1.0,0.9589053392410278
YJL089W,YGL219C,0,-1.461862,9.479571599513292e-05,1.0,0.9589962959289551
YDL081C,YML098W,0,-1.4629365,9.47867301874794e-05,1.0,0.9590871930122375
YJL012C,YPL193W,0,-1.4630347,9.477774437982589e-05,1.0,0.95917809009552
YDR004W,YPL140C,0,-1.4632661,9.476876584812999e-05,1.0,0.9592690467834473
YJL045W,YLR037C,0,-1.4636532,9.475978731643409e-05,1.0,0.9593599438667297
YKL191W,YKR007W,0,-1.4655492,9.475080878473818e-05,1.0,0.9594508409500122
YLL006W,YNR038W,0,-1.4661535,9.474183025304228e-05,1.0,0.9595417976379395
YBR066C,YMR116C,0,-1.4677125,9.473285172134638e-05,1.0,0.9596326947212219
YER100W,YGR094W,0,-1.4686631,9.472388046560809e-05,1.0,0.9597235918045044
YDR513W,YML057W,0,-1.4687555,9.47149092098698e-05,1.0,0.9598145484924316
YDR212W,YLR360W,0,-1.4692758,9.470593795413151e-05,1.0,0.9599054455757141
YDR287W,YMR156C,0,-1.4702723,9.469696669839323e-05,1.0,0.9599963426589966
YDL149W,YOR059C,0,-1.471247,9.468800271861255e-05,1.0,0.9600872993469238
YOR004W,YER038C,0,-1.4728451,9.467903873883188e-05,1.0,0.9601781964302063
YLR223C,YBR023C,0,-1.4728708,9.46700747590512e-05,1.0,0.9602690935134888
YLR377C,YDR028C,0,-1.473002,9.466111077927053e-05,1.0,0.960360050201416
YOL078W,YKR052C,0,-1.4735081,9.465215407544747e-05,1.0,0.9604509472846985
YCR091W,YFR049W,0,-1.47352,9.464319737162441e-05,1.0,0.960541844367981
YDR005C,YOR113W,0,-1.473533,9.463424066780135e-05,1.0,0.9606328010559082
YLR131C,YDR204W,0,-1.4742072,9.462528396397829e-05,1.0,0.9607236981391907
YKL150W,YFR030W,0,-1.474385,9.461632726015523e-05,1.0,0.9608145952224731
YPR110C,YNL041C,0,-1.4748383,9.460737783228979e-05,1.0,0.9609055519104004
YLR102C,YHL025W,0,-1.4751756,9.459842840442434e-05,1.0,0.9609964489936829
YDR434W,YNL036W,0,-1.477571,9.45894789765589e-05,1.0,0.9610873460769653
YMR275C,YGL238W,0,-1.4782075,9.458053682465106e-05,1.0,0.9611783027648926
YLR092W,YGR083C,0,-1.4791327,9.457158739678562e-05,1.0,0.961269199848175
YGL196W,YGL087C,0,-1.4791447,9.456264524487779e-05,1.0,0.9613600969314575
YBL031W,YPL189W,0,-1.4793782,9.455370309296995e-05,1.0,0.9614510536193848
YPL203W,YPL006W,0,-1.4804372,9.454476821701974e-05,1.0,0.9615419507026672
YPL224C,YIR026C,0,-1.4812076,9.45358260651119e-05,1.0,0.9616328477859497
YAL015C,YDR023W,0,-1.4822332,9.452689118916169e-05,1.0,0.961723804473877
YML016C,YLR054C,0,-1.4835094,9.451795631321147e-05,1.0,0.9618147015571594
YNL197C,YDL159W,0,-1.4844419,9.450902871321887e-05,1.0,0.9619055986404419
YLR196W,YOL061W,0,-1.485311,9.450009383726865e-05,1.0,0.9619965553283691
YKL026C,YKL006C-A,0,-1.4857969,9.449116623727605e-05,1.0,0.9620874524116516
YGR103W,YLR293C,0,-1.4860475,9.448223863728344e-05,1.0,0.9621784090995789
YHR154W,YDR328C,0,-1.486482,9.447331103729084e-05,1.0,0.9622693061828613
YDR107C,YDL024C,0,-1.487005,9.446438343729824e-05,1.0,0.9623602032661438
YHR011W,YGL208W,0,-1.4873152,9.445546311326325e-05,1.0,0.962451159954071
YDR435C,YDR007W,0,-1.488661,9.444654278922826e-05,1.0,0.9625420570373535
YPL117C,YOR335C,0,-1.49017,9.443762246519327e-05,1.0,0.962632954120636
YDR122W,YMR105C,0,-1.490263,9.44287094171159e-05,1.0,0.9627239108085632
YHR149C,YNL246W,0,-1.4903761,9.441978909308091e-05,1.0,0.9628148078918457
YOR260W,YNL123W,0,-1.4917622,9.441087604500353e-05,1.0,0.9629057049751282
YER072W,YDR165W,0,-1.4927908,9.440196299692616e-05,1.0,0.9629966616630554
YDR276C,YDR179C,0,-1.4937142,9.439304994884878e-05,1.0,0.9630875587463379
YML101C,YNR037C,0,-1.4939004,9.438414417672902e-05,1.0,0.9631784558296204
YBR078W,YLR248W,0,-1.4948246,9.437523840460926e-05,1.0,0.9632694125175476
YDR268W,YMR091C,0,-1.4950368,9.43663326324895e-05,1.0,0.9633603096008301
YDL247W,YER149C,0,-1.4958107,9.435742686036974e-05,1.0,0.9634512066841125
YLL024C,YDL117W,0,-1.4958632,9.434852108824998e-05,1.0,0.9635421633720398
YDR201W,YLR181C,0,-1.4965527,9.433962259208784e-05,1.0,0.9636330604553223
YHL038C,YFR050C,0,-1.4972405,9.433072409592569e-05,1.0,0.9637239575386047
YBL056W,YMR002W,0,-1.4974227,9.432182559976354e-05,1.0,0.963814914226532
YLR044C,YKR079C,0,-1.4977875,9.43129271036014e-05,1.0,0.9639058113098145
YDR107C,YDR103W,0,-1.4992707,9.430403588339686e-05,1.0,0.9639967083930969
YLR324W,YDR009W,0,-1.5003872,9.429514466319233e-05,1.0,0.9640876650810242
YML107C,YNL036W,0,-1.5010457,9.42862534429878e-05,1.0,0.9641785621643066
YDL003W,YLR115W,0,-1.5012572,9.427736222278327e-05,1.0,0.9642694592475891
YML101C,YOR258W,0,-1.5060558,9.426847827853635e-05,1.0,0.9643604159355164
YDR204W,YFR049W,0,-1.5071245,9.425959433428943e-05,1.0,0.9644513130187988
YIL019W,YBR162W-A,0,-1.508764,9.425071039004251e-05,1.0,0.9645422101020813
YML100W,YDR463W,0,-1.5092812,9.42418264457956e-05,1.0,0.9646331667900085
YOL078W,YBR049C,0,-1.5093589,9.423294250154868e-05,1.0,0.964724063873291
YIL056W,YLR044C,0,-1.5103614,9.422406583325937e-05,1.0,0.9648149609565735
YNL156C,YIL008W,0,-1.5132804,9.421518916497007e-05,1.0,0.9649059176445007
YHL015W,YML055W,0,-1.5147171,9.420631249668077e-05,1.0,0.9649968147277832
YBR101C,YHR149C,0,-1.5153255,9.419743582839146e-05,1.0,0.9650877118110657
YEL039C,YOR372C,0,-1.516958,9.418856643605977e-05,1.0,0.9651786684989929
YPR120C,YER032W,0,-1.5169961,9.417969704372808e-05,1.0,0.9652695655822754
YBR038W,YFL056C,0,-1.5175867,9.41708276513964e-05,1.0,0.9653604626655579
YGL196W,YLR258W,0,-1.5192113,9.41619582590647e-05,1.0,0.9654514193534851
YLR150W,YBR193C,0,-1.5194147,9.415309614269063e-05,1.0,0.9655423164367676
YIL019W,YMR234W,0,-1.5197618,9.414422675035894e-05,1.0,0.96563321352005
YGL076C,YLR313C,0,-1.5225245,9.413536463398486e-05,1.0,0.9657241702079773
YHR120W,YPR155C,0,-1.5233442,9.412650251761079e-05,1.0,0.9658150672912598
YNL294C,YIR019C,0,-1.5236421,9.411764767719433e-05,1.0,0.9659059643745422
YKL045W,YMR242C,0,-1.5257003,9.410879283677787e-05,1.0,0.9659969210624695
YPR188C,YDR004W,0,-1.5258582,9.409993072040379e-05,1.0,0.966087818145752
YCR021C,YLR263W,0,-1.526357,9.409108315594494e-05,1.0,0.9661787152290344
YLR229C,YGR040W,0,-1.5287576,9.408222831552848e-05,1.0,0.9662696719169617
YJL096W,YGR224W,0,-1.5292175,9.407338075106964e-05,1.0,0.9663605690002441
YKL043W,YLR299W,0,-1.5292512,9.406452591065317e-05,1.0,0.9664514660835266
YGL189C,YER176W,0,-1.5306115,9.405567834619433e-05,1.0,0.9665424227714539
YOR117W,YIL005W,0,-1.5325265,9.40468380576931e-05,1.0,0.9666333198547363
YLR039C,YKL134C,0,-1.5332078,9.403799049323425e-05,1.0,0.9667242765426636
YFR047C,YCR105W,0,-1.5358613,9.402915020473301e-05,1.0,0.966815173625946
YGL142C,YLR323C,0,-1.5361409,9.402030991623178e-05,1.0,0.9669060707092285
YDL003W,YIL118W,0,-1.536407,9.401146962773055e-05,1.0,0.9669970273971558
YJL089W,YGL121C,0,-1.5372758,9.400262933922932e-05,1.0,0.9670879244804382
YDR043C,YGL121C,0,-1.537773,9.39937963266857e-05,1.0,0.9671788215637207
YPL100W,YNL055C,0,-1.5378165,9.398496331414208e-05,1.0,0.967269778251648
YNR024W,YBR188C,0,-1.5382849,9.397613030159846e-05,1.0,0.9673606753349304
YDR103W,YBR083W,0,-1.5392891,9.396729728905484e-05,1.0,0.9674515724182129
YHL011C,YLR196W,0,-1.5396802,9.395847155246884e-05,1.0,0.9675425291061401
YKR085C,YGR165W,0,-1.5402389,9.394964581588283e-05,1.0,0.9676334261894226
YIL056W,YLR023C,0,-1.5405896,9.394082007929683e-05,1.0,0.9677243232727051
YPL179W,YDL149W,0,-1.5412697,9.393199434271082e-05,1.0,0.9678152799606323
YLR277C,YAL015C,0,-1.5415338,9.392316860612482e-05,1.0,0.9679061770439148
YHR185C,YBR112C,0,-1.5415509,9.391435014549643e-05,1.0,0.9679970741271973
YFL049W,YDR517W,0,-1.5415549,9.390553168486804e-05,1.0,0.9680880308151245
YJR035W,YJL013C,0,-1.5421581,9.389671322423965e-05,1.0,0.968178927898407
YDR039C,YJL026W,0,-1.5430138,9.388789476361126e-05,1.0,0.9682698249816895
YHR201C,YOR079C,0,-1.5438046,9.387908357894048e-05,1.0,0.9683607816696167
YOR252W,YBR034C,0,-1.5446045,9.38702723942697e-05,1.0,0.9684516787528992
YJL089W,YMR035W,0,-1.5447628,9.386146120959893e-05,1.0,0.9685425758361816
YAL011W,YLR017W,0,-1.5450965,9.385265002492815e-05,1.0,0.9686335325241089
YPL175W,YLR249W,0,-1.5462809,9.384384611621499e-05,1.0,0.9687244296073914
YGR254W,YJR109C,0,-1.5489872,9.383503493154421e-05,1.0,0.9688153266906738
YIL019W,YDL247W,0,-1.5498881,9.382623102283105e-05,1.0,0.9689062833786011
YBR066C,YIR019C,0,-1.5532744,9.38174343900755e-05,1.0,0.9689971804618835
YLR190W,YHR194W,0,-1.5546559,9.380863048136234e-05,1.0,0.969088077545166
YPR128C,YBL063W,0,-1.5549006,9.37998338486068e-05,1.0,0.9691790342330933
YDR287W,YNL130C,0,-1.5550168,9.379102993989363e-05,1.0,0.9692699313163757
YFR040W,YBR045C,0,-1.5574023,9.37822405830957e-05,1.0,0.9693608283996582
YFL026W,YPL189W,0,-1.5578961,9.377344395034015e-05,1.0,0.9694517850875854
YBL013W,YER109C,0,-1.5582438,9.37646473175846e-05,1.0,0.9695426821708679
YER063W,YOR249C,0,-1.5587093,9.375585796078667e-05,1.0,0.9696335792541504
YMR048W,YLR333C,0,-1.559166,9.374706860398874e-05,1.0,0.9697245359420776
YIL069C,YDR025W,0,-1.5612359,9.37382792471908e-05,1.0,0.9698154330253601
YPR057W,YNL029C,0,-1.5613576,9.372949716635048e-05,1.0,0.9699063301086426
YBR043C,YJR035W,0,-1.5618322,9.372071508551016e-05,1.0,0.9699972867965698
YHR154W,YDR025W,0,-1.5632987,9.371193300466985e-05,1.0,0.9700881838798523
YPR055W,YPL207W,0,-1.5642333,9.370315092382953e-05,1.0,0.9701790809631348
YML076C,YDL139C,0,-1.5667548,9.36943688429892e-05,1.0,0.970270037651062
YLL006W,YNL066W,0,-1.5680373,9.36855940381065e-05,1.0,0.9703609347343445
YJR073C,YMR105C,0,-1.5683568,9.367681195726618e-05,1.0,0.970451831817627
YDL072C,YMR015C,0,-1.5688369,9.366803715238348e-05,1.0,0.9705427885055542
YLR011W,YKL132C,0,-1.5693254,9.365926962345839e-05,1.0,0.9706336855888367
YBR162W-A,YIL008W,0,-1.5693419,9.365049481857568e-05,1.0,0.9707245826721191
YKL032C,YPL156C,0,-1.5703697,9.364172728965059e-05,1.0,0.9708155393600464
YPR055W,YER127W,0,-1.572408,9.36329597607255e-05,1.0,0.9709064364433289
YLR059C,YGL127C,0,-1.5737662,9.362419223180041e-05,1.0,0.9709973931312561
YDR150W,YOL052C-A,0,-1.5738271,9.361542470287532e-05,1.0,0.9710882902145386
YGL142C,YKL006C-A,0,-1.5755248,9.360666444990784e-05,1.0,0.971179187297821
YDR325W,YJL098W,0,-1.5771056,9.359790419694036e-05,1.0,0.9712701439857483
YKL141W,YFR049W,0,-1.5790353,9.358914394397289e-05,1.0,0.9713610410690308
YOR002W,YPL006W,0,-1.5799551,9.358038369100541e-05,1.0,0.9714519381523132
YDR303C,YDR257C,0,-1.5808401,9.357163071399555e-05,1.0,0.9715428948402405
YBR069C,YCR016W,0,-1.5811391,9.356287773698568e-05,1.0,0.971633791923523
YGL096W,YDR028C,0,-1.583338,9.35541174840182e-05,1.0,0.9717246890068054
YDR148C,YGR080W,0,-1.5844417,9.354537178296596e-05,1.0,0.9718156456947327
YLR215C,YBR085W,0,-1.5857205,9.35366188059561e-05,1.0,0.9719065427780151
YPL171C,YKL006C-A,0,-1.5862222,9.352787310490385e-05,1.0,0.9719974398612976
YJL167W,YGR170W,0,-1.5894899,9.35191274038516e-05,1.0,0.9720883965492249
YMR015C,YKL080W,0,-1.590289,9.351038170279935e-05,1.0,0.9721792936325073
YGR082W,YHR106W,0,-1.5911036,9.35016360017471e-05,1.0,0.9722701907157898
YJL096W,YKR052C,0,-1.5919504,9.349289757665247e-05,1.0,0.972361147403717
YCL029C,YGL027C,0,-1.592357,9.348415187560022e-05,1.0,0.9724520444869995
YGL028C,YCR005C,0,-1.5931373,9.347541345050558e-05,1.0,0.972542941570282
YDR043C,YNL294C,0,-1.5934699,9.346668230136856e-05,1.0,0.9726338982582092
YJL174W,YMR055C,0,-1.5938876,9.345794387627393e-05,1.0,0.9727247953414917
YOR236W,YCR024C,0,-1.5942082,9.344921272713691e-05,1.0,0.9728156924247742
YGR057C,YCL067C,0,-1.5960066,9.344048157799989e-05,1.0,0.9729066491127014
YDR379W,YMR116C,0,-1.5964026,9.343175042886287e-05,1.0,0.9729975461959839
YJL001W,YBR149W,0,-1.5970074,9.342301927972585e-05,1.0,0.9730884432792664
YDR482C,YDR438W,0,-1.5990828,9.341429540654644e-05,1.0,0.9731793999671936
YLL026W,YOR195W,0,-1.5993905,9.340556425740942e-05,1.0,0.9732702970504761
YIL130W,YBL014C,0,-1.6017513,9.339684038423002e-05,1.0,0.9733611941337585
YER038C,YKL060C,0,-1.6020578,9.338812378700823e-05,1.0,0.9734521508216858
YKL069W,YJR117W,0,-1.6021498,9.337939991382882e-05,1.0,0.9735430479049683
YMR205C,YLR409C,0,-1.6030359,9.337068331660703e-05,1.0,0.9736339449882507
YPL100W,YDR019C,0,-1.6039522,9.336196671938524e-05,1.0,0.973724901676178
YNL246W,YCR063W,0,-1.6071227,9.335325012216344e-05,1.0,0.9738157987594604
YDR471W,YLR367W,0,-1.607278,9.334453352494165e-05,1.0,0.9739066958427429
YGL076C,YAL011W,0,-1.6089656,9.333582420367748e-05,1.0,0.9739976525306702
YPR120C,YDR110W,0,-1.6098228,9.33271148824133e-05,1.0,0.9740885496139526
YMR316W,YHR084W,0,-1.6104037,9.331840556114912e-05,1.0,0.9741794466972351
YBR162C,YER081W,0,-1.6107771,9.330969623988494e-05,1.0,0.9742704033851624
YOR320C,YOR319W,0,-1.6108804,9.330098691862077e-05,1.0,0.9743613004684448
YPR008W,YER159C,0,-1.6123478,9.32922848733142e-05,1.0,0.9744521975517273
YIL008W,YMR116C,0,-1.6142914,9.328358282800764e-05,1.0,0.9745431542396545
YHR024C,YBR045C,0,-1.6153708,9.327488078270108e-05,1.0,0.974634051322937
YFL056C,YMR215W,0,-1.6163532,9.326617873739451e-05,1.0,0.9747249484062195
YML100W,YPL140C,0,-1.6170276,9.325748396804556e-05,1.0,0.9748159050941467
YPL175W,YPL010W,0,-1.6196793,9.324878919869661e-05,1.0,0.9749068021774292
YGL189C,YER100W,0,-1.619858,9.324009442934766e-05,1.0,0.9749976992607117
YHR148W,YJR123W,0,-1.6211514,9.323139965999871e-05,1.0,0.9750886559486389
YER176W,YAL011W,0,-1.621699,9.322271216660738e-05,1.0,0.9751795530319214
YDR280W,YCR035C,0,-1.6222346,9.321401739725843e-05,1.0,0.9752704501152039
YKL033W,YNL041C,0,-1.6234856,9.32053299038671e-05,1.0,0.9753614068031311
YNL137C,YDR268W,0,-1.6235344,9.319664241047576e-05,1.0,0.9754523038864136
YLR223C,YBR191W,0,-1.623966,9.318796219304204e-05,1.0,0.9755432605743408
YPL001W,YNL294C,0,-1.6253436,9.31792746996507e-05,1.0,0.9756341576576233
YDR441C,YKR100C,0,-1.6280875,9.317059448221698e-05,1.0,0.9757250547409058
YOR264W,YDR516C,0,-1.6284378,9.316191426478326e-05,1.0,0.975816011428833
YGL073W,YKL150W,0,-1.6286981,9.315323404734954e-05,1.0,0.9759069085121155
YPR057W,YHL006C,0,-1.629328,9.314456110587344e-05,1.0,0.975997805595398
YER031C,YGL196W,0,-1.6342173,9.313588816439733e-05,1.0,0.9760887622833252
YGR181W,YCR024C,0,-1.6367254,9.312721522292122e-05,1.0,0.9761796593666077
YDL035C,YNL294C,0,-1.6380324,9.311854228144512e-05,1.0,0.9762705564498901
YNL294C,YOR127W,0,-1.6386114,9.310986933996901e-05,1.0,0.9763615131378174
YGR024C,YDR365C,0,-1.6386884,9.310120367445052e-05,1.0,0.9764524102210999
YGR129W,YMR153W,0,-1.6389711,9.309253073297441e-05,1.0,0.9765433073043823
YPL137C,YPL224C,0,-1.6390362,9.308386506745592e-05,1.0,0.9766342639923096
YHR106W,YGL219C,0,-1.6409986,9.307520667789504e-05,1.0,0.976725161075592
YDL235C,YOR103C,0,-1.6439564,9.306654101237655e-05,1.0,0.9768160581588745
YKL033W,YLR323C,0,-1.6442677,9.305788262281567e-05,1.0,0.9769070148468018
YGL027C,YDR080W,0,-1.6443114,9.304922423325479e-05,1.0,0.9769979119300842
YGL196W,YIL148W,0,-1.647121,9.304056584369391e-05,1.0,0.9770888090133667
YJL110C,YKR088C,0,-1.6471438,9.303190745413303e-05,1.0,0.977179765701294
YGR174C,YIL033C,0,-1.6483264,9.302325634052977e-05,1.0,0.9772706627845764
YGL064C,YGL111W,0,-1.6483272,9.30146052269265e-05,1.0,0.9773615598678589
YHR006W,YDL243C,0,-1.6491042,9.300595411332324e-05,1.0,0.9774525165557861
YDR021W,YOR341W,0,-1.6498675,9.299730299971998e-05,1.0,0.9775434136390686
YLR215C,YOR079C,0,-1.6517715,9.298865188611671e-05,1.0,0.9776343107223511
YNL294C,YPL115C,0,-1.653086,9.298000804847106e-05,1.0,0.9777252674102783
YJL180C,YJR050W,0,-1.655528,9.297136421082541e-05,1.0,0.9778161644935608
YBR046C,YLR442C,0,-1.6557719,9.296272037317976e-05,1.0,0.9779070615768433
YGL104C,YJL057C,0,-1.6562655,9.295408381149173e-05,1.0,0.9779980182647705
YPL140C,YNL063W,0,-1.6598909,9.294543997384608e-05,1.0,0.978088915348053
YER109C,YER113C,0,-1.6598932,9.293680341215804e-05,1.0,0.9781798124313354
YLL048C,YKL048C,0,-1.6610854,9.292816685047e-05,1.0,0.9782707691192627
YLR093C,YDL149W,0,-1.6613002,9.291953028878197e-05,1.0,0.9783616662025452
YPR095C,YEL032W,0,-1.6631446,9.291090100305155e-05,1.0,0.9784525632858276
YMR243C,YPL140C,0,-1.6637543,9.290226444136351e-05,1.0,0.9785435199737549
YER142C,YDR399W,0,-1.6644235,9.289363515563309e-05,1.0,0.9786344170570374
YIL119C,YER038C,0,-1.6657596,9.288500586990267e-05,1.0,0.9787253141403198
YOR101W,YCR035C,0,-1.6662781,9.287638386012986e-05,1.0,0.9788162708282471
YGR082W,YGL151W,0,-1.6669184,9.286775457439944e-05,1.0,0.9789071679115295
YIL007C,YMR081C,0,-1.6697598,9.285913256462663e-05,1.0,0.978998064994812
YLR061W,YDR399W,0,-1.6703289,9.285051055485383e-05,1.0,0.9790890216827393
YPL138C,YJL208C,0,-1.6731142,9.284188854508102e-05,1.0,0.9791799187660217
YDR087C,YDL031W,0,-1.6776547,9.283327381126583e-05,1.0,0.9792708158493042
YPL203W,YBR083W,0,-1.6787076,9.282465180149302e-05,1.0,0.9793617725372314
YMR234W,YDR075W,0,-1.6828364,9.281603706767783e-05,1.0,0.9794526696205139
YNL142W,YKL043W,0,-1.6838286,9.280742233386263e-05,1.0,0.9795435667037964
YHR088W,YOR335C,0,-1.6853142,9.279881487600505e-05,1.0,0.9796345233917236
YOR136W,YCL039W,0,-1.6854752,9.279020014218986e-05,1.0,0.9797254204750061
YDL230W,YGL226W,0,-1.6865878,9.278159268433228e-05,1.0,0.9798163175582886
YOR250C,YOR048C,0,-1.6868243,9.27729852264747e-05,1.0,0.9799072742462158
YHR185C,YPR120C,0,-1.6881647,9.276437776861712e-05,1.0,0.9799981713294983
YOR091W,YER041W,0,-1.6910918,9.275577758671716e-05,1.0,0.9800891280174255
YFL025C,YHR142W,0,-1.6914413,9.274717012885958e-05,1.0,0.980180025100708
YDR379W,YDL159W,0,-1.6941044,9.273856994695961e-05,1.0,0.9802709221839905
YNL145W,YCR038C,0,-1.6954303,9.272996976505965e-05,1.0,0.9803618788719177
YGL053W,YDR045C,0,-1.6956022,9.272136958315969e-05,1.0,0.9804527759552002
YNR038W,YDR395W,0,-1.6957552,9.271277667721733e-05,1.0,0.9805436730384827
YJL096W,YGL171W,0,-1.6959597,9.270418377127498e-05,1.0,0.9806346297264099
YGL078C,YGL111W,0,-1.6967161,9.269559086533263e-05,1.0,0.9807255268096924
YLR324W,YJR035W,0,-1.6968801,9.268699795939028e-05,1.0,0.9808164238929749
YJR123W,YDR284C,0,-1.6979034,9.267840505344793e-05,1.0,0.9809073805809021
YIL019W,YHR201C,0,-1.6995548,9.26698194234632e-05,1.0,0.9809982776641846
YBR189W,YNL221C,0,-1.7004951,9.266123379347846e-05,1.0,0.981089174747467
YBL008W,YBR060C,0,-1.7015347,9.265264816349372e-05,1.0,0.9811801314353943
YKL054C,YDR399W,0,-1.7041521,9.264406253350899e-05,1.0,0.9812710285186768
YDR325W,YHR133C,0,-1.7055581,9.263547690352425e-05,1.0,0.9813619256019592
YBR054W,YDR179C,0,-1.7077035,9.262689854949713e-05,1.0,0.9814528822898865
YGL196W,YAL015C,0,-1.7099484,9.261832019547e-05,1.0,0.981543779373169
YGR080W,YLR196W,0,-1.7113875,9.260974184144288e-05,1.0,0.9816346764564514
YGR078C,YGL198W,0,-1.714932,9.260116348741576e-05,1.0,0.9817256331443787
YKL132C,YKL192C,0,-1.7153952,9.259259240934625e-05,1.0,0.9818165302276611
YDR392W,YDR480W,0,-1.7192712,9.258402133127674e-05,1.0,0.9819074273109436
YOR127W,YOR080W,0,-1.7194186,9.257545025320724e-05,1.0,0.9819983839988708
YPL176C,YPL193W,0,-1.7280755,9.256687917513773e-05,1.0,0.9820892810821533
YEL001C,YIL008W,0,-1.7300502,9.255831537302583e-05,1.0,0.9821801781654358
YDR023W,YDR412W,0,-1.7313237,9.254974429495633e-05,1.0,0.982271134853363
YHR169W,YPR068C,0,-1.7325046,9.254118049284443e-05,1.0,0.9823620319366455
YDR212W,YDR257C,0,-1.7355202,9.253261669073254e-05,1.0,0.982452929019928
YNL038W,YJL208C,0,-1.7356819,9.252405288862064e-05,1.0,0.9825438857078552
YGR046W,YOL032W,0,-1.738926,9.251549636246637e-05,1.0,0.9826347827911377
YKL006W,YDL046W,0,-1.7412676,9.250693983631209e-05,1.0,0.9827256798744202
YNR024W,YJL208C,0,-1.742909,9.24983833101578e-05,1.0,0.9828166365623474
YKL032C,YBR089C-A,0,-1.7444034,9.248982678400353e-05,1.0,0.9829075336456299
YOL121C,YBR121C,0,-1.7448224,9.248127025784925e-05,1.0,0.9829984307289124
YPL203W,YDL024C,0,-1.7455964,9.247272100765258e-05,1.0,0.9830893874168396
YDR284C,YPL254W,0,-1.746155,9.246417175745592e-05,1.0,0.9831802845001221
YPR110C,YDR407C,0,-1.7464542,9.245562250725925e-05,1.0,0.9832711815834045
YHR006W,YDL149W,0,-1.7481438,9.244707325706258e-05,1.0,0.9833621382713318
YBR085W,YLR075W,0,-1.7501423,9.243853128282353e-05,1.0,0.9834530353546143
YDL175C,YBR045C,0,-1.7528951,9.242998203262687e-05,1.0,0.9835439324378967
YDR148C,YIL153W,0,-1.7563646,9.242144005838782e-05,1.0,0.983634889125824
YBR162W-A,YNL164C,0,-1.7590272,9.241289808414876e-05,1.0,0.9837257862091064
YOR026W,YER032W,0,-1.7606614,9.240436338586733e-05,1.0,0.9838166832923889
YHR154W,YPL010W,0,-1.7619704,9.239582141162828e-05,1.0,0.9839076399803162
YDR515W,YGR253C,0,-1.7648969,9.238728671334684e-05,1.0,0.9839985370635986
YLR131C,YCL039W,0,-1.7654384,9.23787520150654e-05,1.0,0.9840894341468811
YBR146W,YMR035W,0,-1.7663194,9.237021731678396e-05,1.0,0.9841803908348083
YBL080C,YOR103C,0,-1.7697098,9.236168989446014e-05,1.0,0.9842712879180908
YFR050C,YNL036W,0,-1.7700242,9.23531551961787e-05,1.0,0.9843621850013733
YML016C,YMR207C,0,-1.7744312,9.234462777385488e-05,1.0,0.9844531416893005
YPR120C,YPL117C,0,-1.7755959,9.233610035153106e-05,1.0,0.984544038772583
YPL137C,YGL151W,0,-1.7767502,9.232758020516485e-05,1.0,0.9846349954605103
YOR273C,YKR031C,0,-1.7768896,9.231905278284103e-05,1.0,0.9847258925437927
YLR102C,YOR264W,0,-1.7779031,9.231053263647482e-05,1.0,0.9848167896270752
YAL056W,YHR106W,0,-1.7789562,9.230201249010861e-05,1.0,0.9849077463150024
YPL203W,YGL121C,0,-1.780476,9.22934923437424e-05,1.0,0.9849986433982849
YER109C,YNL197C,0,-1.787342,9.22849794733338e-05,1.0,0.9850895404815674
YLR083C,YJL168C,0,-1.7879707,9.22764593269676e-05,1.0,0.9851804971694946
YMR232W,YPR120C,0,-1.7917486,9.2267946456559e-05,1.0,0.9852713942527771
YJL180C,YKL087C,0,-1.7918204,9.225943358615041e-05,1.0,0.9853622913360596
YJR132W,YDR300C,0,-1.7938027,9.225092071574181e-05,1.0,0.9854532480239868
YJL089W,YDL024C,0,-1.7950644,9.224241512129083e-05,1.0,0.9855441451072693
YPL140C,YPR086W,0,-1.7965627,9.223390225088224e-05,1.0,0.9856350421905518
YOR018W,YML057W,0,-1.79671,9.222539665643126e-05,1.0,0.985725998878479
YPL221W,YCR021C,0,-1.7967348,9.221689106198028e-05,1.0,0.9858168959617615
YBR169C,YNL156C,0,-1.797014,9.220839274348691e-05,1.0,0.985907793045044
YBR069C,YBR085W,0,-1.7970706,9.219988714903593e-05,1.0,0.9859987497329712
YOR177C,YLR417W,0,-1.8009421,9.219138883054256e-05,1.0,0.9860896468162537
YJL183W,YPL175W,0,-1.8067058,9.21828905120492e-05,1.0,0.9861805438995361
YGL121C,YDL024C,0,-1.807426,9.217439219355583e-05,1.0,0.9862715005874634
YDL100C,YDR292C,0,-1.8092842,9.216590115102008e-05,1.0,0.9863623976707458
YPR143W,YHR197W,0,-1.8101008,9.215740283252671e-05,1.0,0.9864532947540283
YMR230W,YOR078W,0,-1.8106127,9.214891178999096e-05,1.0,0.9865442514419556
YPL203W,YIL107C,0,-1.8112042,9.214042074745521e-05,1.0,0.986635148525238
YMR081C,YNR037C,0,-1.8130795,9.213192970491946e-05,1.0,0.9867260456085205
YBL080C,YDL087C,0,-1.8137784,9.212344593834132e-05,1.0,0.9868170022964478
YDL240W,YHR142W,0,-1.8138622,9.211496217176318e-05,1.0,0.9869078993797302
YNL286W,YNL164C,0,-1.8144195,9.210647840518504e-05,1.0,0.9869987964630127
YMR242C,YDL149W,0,-1.8155494,9.20979946386069e-05,1.0,0.9870897531509399
YDR435C,YMR040W,0,-1.8159113,9.208951087202877e-05,1.0,0.9871806502342224
YBR085W,YOR011W,0,-1.8238486,9.208103438140824e-05,1.0,0.9872715473175049
YJR132W,YBR162C,0,-1.824224,9.20725506148301e-05,1.0,0.9873625040054321
YPL100W,YHR096C,0,-1.8265568,9.206407412420958e-05,1.0,0.9874534010887146
YPR106W,YDR386W,0,-1.8276489,9.205560490954667e-05,1.0,0.9875442981719971
YKR089C,YHR150W,0,-1.8301047,9.204712841892615e-05,1.0,0.9876352548599243
YGL243W,YPL076W,0,-1.8319253,9.203865920426324e-05,1.0,0.9877261519432068
YGR170W,YHR120W,0,-1.8333664,9.203018271364272e-05,1.0,0.9878170490264893
YLR223C,YMR243C,0,-1.8350488,9.202171349897981e-05,1.0,0.9879080057144165
YBR045C,YDL223C,0,-1.8365912,9.201325156027451e-05,1.0,0.987998902797699
YBR043C,YLR093C,0,-1.8370631,9.20047823456116e-05,1.0,0.9880897998809814
YLR390W-A,YCL051W,0,-1.8409619,9.19963204069063e-05,1.0,0.9881807565689087
YLR167W,YDR246W,0,-1.8413087,9.198785846820101e-05,1.0,0.9882716536521912
YLR196W,YOR048C,0,-1.8445054,9.197939652949572e-05,1.0,0.9883625507354736
YIL019W,YJR132W,0,-1.8445964,9.197093459079042e-05,1.0,0.9884535074234009
YMR081C,YNL055C,0,-1.8473167,9.196247992804274e-05,1.0,0.9885444045066833
YDR025W,YPL189W,0,-1.8478208,9.195402526529506e-05,1.0,0.9886353015899658
YLR083C,YOR004W,0,-1.8504996,9.194557060254738e-05,1.0,0.9887262582778931
YHR120W,YDR217C,0,-1.8506007,9.19371159397997e-05,1.0,0.9888171553611755
YML011C,YBR121C,0,-1.8545184,9.192866127705202e-05,1.0,0.9889081120491028
YLR258W,YER033C,0,-1.8562484,9.192021389026195e-05,1.0,0.9889990091323853
YGL105W,YBR191W,0,-1.8573443,9.191176650347188e-05,1.0,0.9890899062156677
YDL247W,YDR517W,0,-1.8581281,9.190331911668181e-05,1.0,0.989180862903595
YNL233W,YER007C-A,0,-1.8614646,9.189487172989175e-05,1.0,0.9892717599868774
YMR081C,YGR174C,0,-1.8680184,9.18864316190593e-05,1.0,0.9893626570701599
YER139C,YGL078C,0,-1.873069,9.187798423226923e-05,1.0,0.9894536137580872
YBR085W,YHR170W,0,-1.8799562,9.186954412143677e-05,1.0,0.9895445108413696
YDR377W,YOR027W,0,-1.8866804,9.186110401060432e-05,1.0,0.9896354079246521
YPR143W,YHR088W,0,-1.88713,9.185267117572948e-05,1.0,0.9897263646125793
YGR046W,YDR150W,0,-1.8890309,9.184423106489703e-05,1.0,0.9898172616958618
YLR215C,YOR271C,0,-1.8891642,9.183579823002219e-05,1.0,0.9899081587791443
YPL203W,YPL115C,0,-1.890085,9.182736539514735e-05,1.0,0.9899991154670715
YPR180W,YGL219C,0,-1.8915739,9.181893256027251e-05,1.0,0.990090012550354
YHR169W,YHR088W,0,-1.8924556,9.181049972539768e-05,1.0,0.9901809096336365
YPL203W,YAL056W,0,-1.896091,9.180207416648045e-05,1.0,0.9902718663215637
YGL195W,YGL064C,0,-1.899962,9.179364860756323e-05,1.0,0.9903627634048462
YIL007C,YHR149C,0,-1.9055853,9.1785223048646e-05,1.0,0.9904536604881287
YLR377C,YMR002W,0,-1.9087679,9.177679748972878e-05,1.0,0.9905446171760559
YLR196W,YGR211W,0,-1.9146814,9.176837920676917e-05,1.0,0.9906355142593384
YML101C,YDR227W,0,-1.9154963,9.175995364785194e-05,1.0,0.9907264113426208
YPL001W,YLR017W,0,-1.9195817,9.175153536489233e-05,1.0,0.9908173680305481
YGL171W,YBR034C,0,-1.9245546,9.174311708193272e-05,1.0,0.9909082651138306
YOR357C,YHR133C,0,-1.9246898,9.173470607493073e-05,1.0,0.990999162197113
YEL001C,YAL059W,0,-1.9252037,9.172628779197112e-05,1.0,0.9910901188850403
YPR057W,YNL038W,0,-1.926767,9.171787678496912e-05,1.0,0.9911810159683228
YLR229C,YOR127W,0,-1.9298198,9.170946577796713e-05,1.0,0.9912719130516052
YKR053C,YNL294C,0,-1.9346488,9.170105477096513e-05,1.0,0.9913628697395325
YBR248C,YJL208C,0,-1.9356008,9.169264376396313e-05,1.0,0.9914537668228149
YJR132W,YPL010W,0,-1.937332,9.168424003291875e-05,1.0,0.9915446639060974
YGR082W,YDR041W,0,-1.9385664,9.167583630187437e-05,1.0,0.9916356205940247
YNL197C,YAL056W,0,-1.9386024,9.166743257082999e-05,1.0,0.9917265176773071
YNL294C,YDL024C,0,-1.9407855,9.16590288397856e-05,1.0,0.9918174147605896
YPR155C,YCR005C,0,-1.9412558,9.165062510874122e-05,1.0,0.9919083714485168
YDL113C,YBR045C,0,-1.9437542,9.164222865365446e-05,1.0,0.9919992685317993
YNL263C,YBL008W,0,-1.9596004,9.163383219856769e-05,1.0,0.9920901656150818
YDR515W,YGR004W,0,-1.9615958,9.162543574348092e-05,1.0,0.992181122303009
YKR085C,YBR146W,0,-1.9661038,9.161703928839415e-05,1.0,0.9922720193862915
YIL052C,YLR075W,0,-1.9675976,9.1608650109265e-05,1.0,0.992362916469574
YOR267C,YPL221W,0,-1.9718242,9.160025365417823e-05,1.0,0.9924538731575012
YHR084W,YOR212W,0,-1.9749751,9.159186447504908e-05,1.0,0.9925447702407837
YBR091C,YLR011W,0,-1.9751136,9.158347529591992e-05,1.0,0.9926356673240662
YKR100C,YLR093C,0,-1.9757395,9.157509339274839e-05,1.0,0.9927266240119934
YLR362W,YAL056W,0,-1.9789827,9.156670421361923e-05,1.0,0.9928175210952759
YIL019W,YDR110W,0,-1.981911,9.155832231044769e-05,1.0,0.9929084181785583
YML098W,YBR085W,0,-1.9850522,9.154994040727615e-05,1.0,0.9929993748664856
YDR513W,YMR041C,0,-1.9976463,9.154155850410461e-05,1.0,0.9930902719497681
YDR268W,YBR181C,0,-2.007185,9.153318387689069e-05,1.0,0.9931811690330505
YJL110C,YKL132C,0,-2.0093093,9.152480197371915e-05,1.0,0.9932721257209778
YEL039C,YKR049C,0,-2.0132563,9.151642734650522e-05,1.0,0.9933630228042603
YPL061W,YIR031C,0,-2.0133548,9.15080527192913e-05,1.0,0.9934539794921875
YER056C,YBL087C,0,-2.0143356,9.149967809207737e-05,1.0,0.99354487657547
YNL119W,YDL159W,0,-2.0164003,9.149131074082106e-05,1.0,0.9936357736587524
YKL191W,YOR004W,0,-2.0172522,9.148293611360714e-05,1.0,0.9937267303466797
YFR040W,YHR106W,0,-2.0184336,9.147456876235083e-05,1.0,0.9938176274299622
YMR009W,YPL061W,0,-2.0312715,9.146620141109452e-05,1.0,0.9939085245132446
YHR169W,YCL054W,0,-2.041564,9.145784133579582e-05,1.0,0.9939994812011719
YGL087C,YGL219C,0,-2.0445151,9.144947398453951e-05,1.0,0.9940903782844543
YGR103W,YLR215C,0,-2.0465593,9.144111390924081e-05,1.0,0.9941812753677368
YDR490C,YOL084W,0,-2.0477734,9.143275383394212e-05,1.0,0.9942722320556641
YER040W,YFR040W,0,-2.0487041,9.142439375864342e-05,1.0,0.9943631291389465
YOR080W,YMR116C,0,-2.0499861,9.141603368334472e-05,1.0,0.994454026222229
YHR088W,YDR365C,0,-2.0516708,9.140768088400364e-05,1.0,0.9945449829101562
YPL135W,YER015W,0,-2.0550885,9.139932080870494e-05,1.0,0.9946358799934387
YOR191W,YLR189C,0,-2.0588126,9.139096800936386e-05,1.0,0.9947267770767212
YDR377W,YDR175C,0,-2.0636744,9.138262248598039e-05,1.0,0.9948177337646484
YKL016C,YDR513W,0,-2.069306,9.137426968663931e-05,1.0,0.9949086308479309
YHR111W,YPL135W,0,-2.074162,9.136591688729823e-05,1.0,0.9949995279312134
YMR286W,YJR048W,0,-2.076002,9.135757136391476e-05,1.0,0.9950904846191406
YDL247W,YBR168W,0,-2.0776467,9.134922584053129e-05,1.0,0.9951813817024231
YNR024W,YHL006C,0,-2.078024,9.134088759310544e-05,1.0,0.9952722787857056
YLR409C,YKL081W,0,-2.081928,9.133254206972197e-05,1.0,0.9953632354736328
YBR089C-A,YKL196C,0,-2.0837958,9.132420382229611e-05,1.0,0.9954541325569153
YDR148C,YKR089C,0,-2.0839744,9.131585829891264e-05,1.0,0.9955450296401978
YGL045W,YJL089W,0,-2.0913415,9.13075273274444e-05,1.0,0.995635986328125
YDR513W,YOR195W,0,-2.092832,9.129918908001855e-05,1.0,0.9957268834114075
YMR110C,YIL062C,0,-2.1008444,9.12908508325927e-05,1.0,0.9958177804946899
YGL246C,YNR038W,0,-2.1031275,9.128251986112446e-05,1.0,0.9959087371826172
YDR078C,YLR323C,0,-2.1045518,9.127418888965622e-05,1.0,0.9959996342658997
YGL121C,YGL208W,0,-2.1082354,9.126585791818798e-05,1.0,0.9960905313491821
YDR377W,YGL226W,0,-2.1251678,9.125752694671974e-05,1.0,0.9961814880371094
YAR033W,YOR272W,0,-2.127542,9.124920325120911e-05,1.0,0.9962723851203918
YOR177C,YDL106C,0,-2.1301882,9.124087227974087e-05,1.0,0.9963632822036743
YMR175W,YMR040W,0,-2.141604,9.123254858423024e-05,1.0,0.9964542388916016
YGR103W,YBR162C,0,-2.1433554,9.122423216467723e-05,1.0,0.996545135974884
YPL126W,YPL183C,0,-2.1442935,9.12159084691666e-05,1.0,0.9966360330581665
YNL167C,YOR195W,0,-2.1537664,9.12075920496136e-05,1.0,0.9967269897460938
YNR030W,YIR026C,0,-2.1685324,9.119926835410297e-05,1.0,0.9968178868293762
YMR175W,YBR212W,0,-2.175347,9.119095193454996e-05,1.0,0.9969087839126587
YBL080C,YML041C,0,-2.1886964,9.118263551499695e-05,1.0,0.9969997406005859
YJR041C,YHR170W,0,-2.1898427,9.117432637140155e-05,1.0,0.9970906376838684
YLR193C,YDR122W,0,-2.1967716,9.116600995184854e-05,1.0,0.9971815347671509
YDR043C,YJL089W,0,-2.1989079,9.115770080825314e-05,1.0,0.9972724914550781
YBR054W,YPR037C,0,-2.2037814,9.114939166465774e-05,1.0,0.9973633885383606
YGL005C,YNL036W,0,-2.2118511,9.114108979701996e-05,1.0,0.9974542856216431
YPR110C,YPL207W,0,-2.2157612,9.113278065342456e-05,1.0,0.9975452423095703
YDR122W,YMR002W,0,-2.2192626,9.112447878578678e-05,1.0,0.9976361393928528
YOR252W,YOR341W,0,-2.238636,9.111616964219138e-05,1.0,0.9977270364761353
YPL116W,YOL012C,0,-2.2396758,9.110787505051121e-05,1.0,0.9978179931640625
YPL207W,YDR268W,0,-2.2423325,9.109957318287343e-05,1.0,0.997908890247345
YDR361C,YNL221C,0,-2.243013,9.109127131523564e-05,1.0,0.9979998469352722
YPL203W,YNL197C,0,-2.2437007,9.108297672355548e-05,1.0,0.9980907440185547
YDR513W,YER033C,0,-2.2947922,9.10746821318753e-05,1.0,0.9981816411018372
YKL014C,YJR123W,0,-2.3037434,9.106638754019514e-05,1.0,0.9982725977897644
YHR170W,YGR245C,0,-2.3080335,9.105809294851497e-05,1.0,0.9983634948730469
YOR267C,YBR169C,0,-2.3254757,9.104980563279241e-05,1.0,0.9984543919563293
YLR277C,YPR010C,0,-2.3259118,9.104151831706986e-05,1.0,0.9985453486442566
YDR165W,YKR099W,0,-2.3907242,9.103322372538969e-05,1.0,0.9986362457275391
YDR398W,YIR026C,0,-2.4448686,9.102494368562475e-05,1.0,0.9987271428108215
YOR267C,YML101C,0,-2.4465039,9.10166563699022e-05,1.0,0.9988180994987488
YKL014C,YBR189W,0,-2.4679174,9.100837633013725e-05,1.0,0.9989089965820312
YPL215W,YMR002W,0,-2.4757178,9.10000890144147e-05,1.0,0.9989998936653137
YBL087C,YPL183C,0,-2.4903307,9.099180897464976e-05,1.0,0.999090850353241
YEL001C,YJL208C,0,-2.504325,9.098352893488482e-05,1.0,0.9991817474365234
YGL006W,YCL039W,0,-2.530733,9.097525617107749e-05,1.0,0.9992726445198059
YDR513W,YHR096C,0,-2.532919,9.096697613131255e-05,1.0,0.9993636012077332
YOR341W,YBR121C,0,-2.577378,9.095870336750522e-05,1.0,0.9994544982910156
YHR148W,YOR341W,0,-2.597574,9.09504306036979e-05,1.0,0.9995453953742981
YKL191W,YKR079C,0,-2.6838388,9.094215783989057e-05,1.0,0.9996363520622253
YNL132W,YOR048C,0,-2.7063718,9.093389235204086e-05,1.0,0.9997272491455078
YEL001C,YLR196W,0,-2.7516985,9.092561958823353e-05,1.0,0.9998181462287903
YBR169C,YOL052C-A,0,-2.807744,9.091735410038382e-05,1.0,0.9999091029167175
YNL023C,YLR323C,0,-2.9773862,9.09090886125341e-05,1.0,1.0
