Gene A,Gene B,Label,Score,Precision,Recall,False Positive Rate
YCR069W,YCR070W,1,92.81648,1.0,0.0009970089886337519,0.0
YCR057C,YCR055C,0,39.158623,0.5,0.0009970089886337519,0.00010003001079894602
YBL075C,YIR004W,1,33.797142,0.6666666865348816,0.0019940179772675037,0.00010003001079894602
YLR449W,YBR072W,1,33.158466,0.75,0.0029910269659012556,0.00010003001079894602
YHR193C,YBR072W,1,31.360447,0.800000011920929,0.0039880359545350075,0.00010003001079894602
YKL103C,YKR057W,0,25.721174,0.6666666865348816,0.0039880359545350075,0.00020006002159789205
YBR169C,YLR449W,1,25.63242,0.7142857313156128,0.004985044710338116,0.00020006002159789205
YBL075C,YPL106C,1,25.415863,0.75,0.005982053931802511,0.00020006002159789205
YDL208W,YPR160W,0,25.110394,0.6666666865348816,0.005982053931802511,0.00030009003239683807
YJR070C,YDL021W,0,25.008587,0.6000000238418579,0.005982053931802511,0.0004001200431957841
YBL075C,YJL034W,1,24.77604,0.6363636255264282,0.006979062687605619,0.0004001200431957841
YER103W,YPR163C,0,23.94114,0.5833333134651184,0.006979062687605619,0.0005001500248908997
YMR214W,YBR072W,1,23.922306,0.6153846383094788,0.007976071909070015,0.0005001500248908997
YLR449W,YDR214W,1,23.07161,0.6428571343421936,0.008973080664873123,0.0005001500248908997
YER150W,YGL148W,0,22.981506,0.6000000238418579,0.008973080664873123,0.0006001800647936761
YNL209W,YER103W,1,22.82491,0.625,0.009970089420676231,0.0006001800647936761
YLL008W,YDL021W,0,22.771034,0.5882353186607361,0.009970089420676231,0.0007002100464887917
YML128C,YMR229C,0,22.758533,0.5555555820465088,0.009970089420676231,0.0008002400863915682
YGL037C,YLR264W,0,22.492989,0.5263158082962036,0.009970089420676231,0.0009002700680866838
YBL075C,YML094W,1,22.47079,0.550000011920929,0.010967099107801914,0.0009002700680866838
YBL075C,YPL037C,1,22.005728,0.5714285969734192,0.011964107863605022,0.0009002700680866838
YIR004W,YPL240C,1,21.73079,0.5909090638160706,0.01296111661940813,0.0009002700680866838
YER103W,YKL172W,0,21.634247,0.5652173757553101,0.01296111661940813,0.0010003000497817993
YDR212W,YBR072W,1,21.414085,0.5833333134651184,0.013958125375211239,0.0010003000497817993
YPL106C,YDR258C,1,21.39961,0.6000000238418579,0.014955134131014347,0.0010003000497817993
YBR155W,YBR072W,1,21.301083,0.6153846383094788,0.01595214381814003,0.0010003000497817993
YBL075C,YDL229W,1,21.058228,0.6296296119689941,0.016949152573943138,0.0010003000497817993
YJL034W,YBR072W,1,20.921188,0.6428571343421936,0.017946161329746246,0.0010003000497817993
YBL075C,YPL241C,1,20.705606,0.6551724076271057,0.018943170085549355,0.0010003000497817993
YBL075C,YHR193C,1,20.389086,0.6666666865348816,0.019940178841352463,0.0010003000497817993
YKL103C,YER074W,0,20.38805,0.6451612710952759,0.019940178841352463,0.0011003301478922367
YNR074C,YBR072W,0,20.247921,0.625,0.019940178841352463,0.0012003601295873523
YJL066C,YLR009W,0,20.198025,0.6060606241226196,0.019940178841352463,0.0013003901112824678
YJL066C,YML073C,0,19.993332,0.5882353186607361,0.019940178841352463,0.0014004200929775834
YBL075C,YNL135C,1,19.99186,0.6000000238418579,0.02093718759715557,0.0014004200929775834
YFL014W,YPL163C,0,19.967548,0.5833333134651184,0.02093718759715557,0.0015004501910880208
YBL075C,YGR132C,1,19.961605,0.5945945978164673,0.02193419821560383,0.0015004501910880208
YER150W,YPL244C,0,19.926075,0.5789473652839661,0.02193419821560383,0.0016004801727831364
YJR045C,YBR072W,1,19.74142,0.5897436141967773,0.022931206971406937,0.0016004801727831364
YML074C,YER103W,1,19.017017,0.6000000238418579,0.023928215727210045,0.0016004801727831364
YML094W,YER103W,1,18.788675,0.6097561120986938,0.024925224483013153,0.0016004801727831364
YDR258C,YBR101C,1,18.718964,0.6190476417541504,0.02592223323881626,0.0016004801727831364
YPL106C,YOR027W,1,18.610455,0.6279069781303406,0.02691924199461937,0.0016004801727831364
YHR209W,YER074W,0,18.565105,0.6136363744735718,0.02691924199461937,0.001700510154478252
YDL143W,YBR072W,1,18.564093,0.6222222447395325,0.027916250750422478,0.001700510154478252
YBL075C,YJL179W,1,18.43478,0.6304348111152649,0.028913259506225586,0.001700510154478252
YPL037C,YDR258C,1,18.428715,0.6382978558540344,0.029910268262028694,0.001700510154478252
YKL205W,YBR072W,0,18.39207,0.625,0.029910268262028694,0.0018005401361733675
YIL016W,YBR072W,1,18.338993,0.6326530575752258,0.03090727888047695,0.0018005401361733675
YER103W,YMR214W,1,18.300488,0.6399999856948853,0.03190428763628006,0.0018005401361733675
YKR002W,YBR072W,0,18.22993,0.6274510025978088,0.03190428763628006,0.001900570117868483
YDR519W,YBR072W,1,18.229355,0.6346153616905212,0.03290129452943802,0.001900570117868483
YJL179W,YBR072W,1,18.09187,0.6415094137191772,0.033898305147886276,0.001900570117868483
YHR176W,YPL240C,1,18.006634,0.6481481194496155,0.034895315766334534,0.001900570117868483
YER150W,YKL180W,0,17.869442,0.6363636255264282,0.034895315766334534,0.0020006000995635986
YPL241C,YPL240C,1,17.77841,0.6428571343421936,0.03589232265949249,0.0020006000995635986
YMR194W,YGL037C,0,17.576178,0.6315789222717285,0.03589232265949249,0.002100630197674036
YKL078W,YPL240C,0,17.573689,0.6206896305084229,0.03589232265949249,0.0022006602957844734
YBL075C,YBR072W,1,17.35847,0.6271186470985413,0.03688933327794075,0.0022006602957844734
YDL229W,YDR214W,1,17.34914,0.6333333253860474,0.03788634017109871,0.0022006602957844734
YER150W,YFL045C,0,17.25779,0.6229507923126221,0.03788634017109871,0.002300690161064267
YLR216C,YNL077W,1,17.187166,0.6290322542190552,0.03888335078954697,0.002300690161064267
YML074C,YDR258C,1,17.124832,0.6349206566810608,0.039880357682704926,0.002300690161064267
YBL075C,YJR046W,1,16.960726,0.640625,0.04087736830115318,0.002300690161064267
YDR188W,YER103W,1,16.901434,0.6461538672447205,0.04187437519431114,0.002300690161064267
YFL016C,YNL209W,1,16.887665,0.6515151262283325,0.0428713858127594,0.002300690161064267
YLR449W,YBR101C,1,16.875854,0.6567164063453674,0.04386839643120766,0.002300690161064267
YBR169C,YBR155W,1,16.839972,0.6617646813392639,0.044865403324365616,0.002300690161064267
YFL014W,YBR093C,0,16.805874,0.6521739363670349,0.044865403324365616,0.0024007202591747046
YPR119W,YBR072W,0,16.716969,0.6428571343421936,0.044865403324365616,0.0025007501244544983
YKL180W,YMR136W,0,16.692272,0.6338028311729431,0.044865403324365616,0.0026007802225649357
YHR064C,YER103W,1,16.686813,0.6388888955116272,0.04586241394281387,0.0026007802225649357
YJL034W,YDR258C,1,16.624569,0.6438356041908264,0.04685942083597183,0.0026007802225649357
YPL037C,YPL240C,1,16.602596,0.6486486196517944,0.04785643145442009,0.0026007802225649357
YBL075C,YBR101C,1,16.553963,0.653333306312561,0.04885343834757805,0.0026007802225649357
YER103W,YJL073W,1,16.488571,0.6578947305679321,0.049850448966026306,0.0026007802225649357
YGL225W,YLR251W,0,16.48133,0.649350643157959,0.049850448966026306,0.002700810320675373
YOL158C,YJL079C,0,16.407204,0.6410256624221802,0.049850448966026306,0.002800840185955167
YLR344W,YLR270W,0,16.373547,0.6329113841056824,0.049850448966026306,0.002900870284065604
YJR147W,YFL014W,0,16.302158,0.625,0.049850448966026306,0.0030009003821760416
YAL058W,YER103W,1,16.214125,0.6296296119689941,0.050847455859184265,0.0030009003821760416
YPL131W,YGR070W,0,16.081686,0.6219512224197388,0.050847455859184265,0.0031009302474558353
YOR027W,YLR449W,1,16.066017,0.6265060305595398,0.05184446647763252,0.0031009302474558353
YER103W,YJL124C,0,15.985613,0.6190476417541504,0.05184446647763252,0.0032009603455662727
YBR169C,YJL014W,1,15.830562,0.6235294342041016,0.05284147709608078,0.0032009603455662727
YLL026W,YEL003W,1,15.782299,0.6279069781303406,0.05383848398923874,0.0032009603455662727
YDR449C,YMR250W,0,15.768871,0.6206896305084229,0.05383848398923874,0.0033009902108460665
YPL240C,YCR046C,0,15.740053,0.6136363744735718,0.05383848398923874,0.003401020308956504
YDL024C,YGL103W,0,15.739045,0.6067415475845337,0.05383848398923874,0.0035010504070669413
YLR449W,YNL007C,1,15.735765,0.6111111044883728,0.054835494607686996,0.0035010504070669413
YNL077W,YBR101C,1,15.692627,0.6153846383094788,0.055832501500844955,0.0035010504070669413
YFL016C,YAL053W,1,15.495997,0.6195651888847351,0.05682951211929321,0.0035010504070669413
YBL075C,YJR032W,1,15.491954,0.6236559152603149,0.05782651901245117,0.0035010504070669413
YPL106C,YBR169C,1,15.449825,0.6276595592498779,0.05882352963089943,0.0035010504070669413
YJL179W,YJR045C,1,15.355499,0.6315789222717285,0.05982053652405739,0.0035010504070669413
YLL041C,YKR057W,0,15.354506,0.625,0.05982053652405739,0.003601080272346735
YBL075C,YLR216C,1,15.352693,0.6288659572601318,0.060817547142505646,0.003601080272346735
YGL225W,YOR382W,0,15.331309,0.6224489808082581,0.060817547142505646,0.0037011103704571724
YBL075C,YGR285C,1,15.310626,0.6262626051902771,0.0618145577609539,0.0037011103704571724
YHR064C,YOR027W,1,15.270567,0.6299999952316284,0.06281156837940216,0.0037011103704571724
YOL082W,YBL092W,0,15.241695,0.6237623691558838,0.06281156837940216,0.003801140235736966
YER103W,YLR312W-A,0,15.209208,0.6176470518112183,0.06281156837940216,0.0039011703338474035
YOL124C,YIR038C,0,15.185705,0.6116504669189453,0.06281156837940216,0.004001200199127197
YDR258C,YHR142W,1,15.096752,0.6153846383094788,0.06380857527256012,0.004001200199127197
YML074C,YDR214W,1,15.071607,0.6190476417541504,0.06480558216571808,0.004001200199127197
YLR216C,YHR193C,1,15.066494,0.6226415038108826,0.06580258905887604,0.004001200199127197
YBR169C,YDR188W,1,15.024295,0.6261682510375977,0.0667996034026146,0.004001200199127197
YER103W,YJR064W,1,14.898752,0.6296296119689941,0.06779661029577255,0.004001200199127197
YPL252C,YMR186W,0,14.854529,0.6238532066345215,0.06779661029577255,0.004101230297237635
YMR186W,YBR072W,1,14.824251,0.6272727251052856,0.06879361718893051,0.004101230297237635
YAR027W,YGL103W,0,14.788769,0.6216216087341309,0.06879361718893051,0.004201260395348072
YDL143W,YBR169C,1,14.716241,0.625,0.06979063153266907,0.004201260395348072
YLR200W,YER103W,1,14.63962,0.6283186078071594,0.07078763842582703,0.004201260395348072
YJL034W,YNL110C,0,14.639488,0.6228070259094238,0.07078763842582703,0.0043012904934585094
YDL021W,YJR063W,0,14.592806,0.6173912882804871,0.07078763842582703,0.004401320591568947
YGL018C,YLL026W,1,14.495699,0.6206896305084229,0.07178464531898499,0.004401320591568947
YDR245W,YMR250W,0,14.477563,0.6153846383094788,0.07178464531898499,0.004501350224018097
YLL008W,YCR011C,0,14.473385,0.6101694703102112,0.07178464531898499,0.004601380322128534
YDR411C,YBR031W,0,14.433407,0.605042040348053,0.07178464531898499,0.004701410420238972
YFL023W,YBR101C,1,14.394599,0.6083333492279053,0.07278165221214294,0.004701410420238972
YAL060W,YGR285C,0,14.364707,0.6033057570457458,0.07278165221214294,0.004801440518349409
YFL016C,YBR072W,1,14.363323,0.6065573692321777,0.0737786665558815,0.004801440518349409
YLR270W,YPL273W,0,14.320659,0.6016260385513306,0.0737786665558815,0.0049014706164598465
YFL016C,YPL037C,1,14.310576,0.6048387289047241,0.07477567344903946,0.0049014706164598465
YNL064C,YLL026W,1,14.255099,0.6079999804496765,0.07577268034219742,0.0049014706164598465
YJR070C,YOR382W,0,14.241339,0.60317462682724,0.07577268034219742,0.005001500248908997
YFL014W,YOR226C,0,14.239868,0.5984252095222473,0.07577268034219742,0.005101530347019434
YOR310C,YGR070W,0,14.2351,0.59375,0.07577268034219742,0.005201560445129871
YPL241C,YAL005C,1,14.196922,0.5968992114067078,0.07676968723535538,0.005201560445129871
YJL066C,YDR245W,0,14.178917,0.5923076868057251,0.07676968723535538,0.005301590543240309
YAL060W,YLR033W,0,14.150644,0.5877862572669983,0.07676968723535538,0.005401620641350746
YNL044W,YFL014W,0,14.0952,0.5833333134651184,0.07676968723535538,0.005501650273799896
YER103W,YDL212W,1,13.989043,0.5864661931991577,0.07776670157909393,0.005501650273799896
YDL083C,YFL021W,0,13.938533,0.5820895433425903,0.07776670157909393,0.005601680371910334
YPR159W,YML128C,0,13.907734,0.5777778029441833,0.07776670157909393,0.005701710470020771
YPL240C,YLR268W,0,13.891223,0.5735294222831726,0.07776670157909393,0.005801740568131208
YLR025W,YDL083C,0,13.890425,0.569343090057373,0.07776670157909393,0.005901770666241646
YJR045C,YER103W,1,13.862423,0.5724637508392334,0.07876370847225189,0.005901770666241646
YNL077W,YLL026W,1,13.8208065,0.5755395889282227,0.07976071536540985,0.005901770666241646
YGL037C,YGR118W,0,13.799717,0.5714285969734192,0.07976071536540985,0.006001800764352083
YJL034W,YBR101C,1,13.775503,0.5744680762290955,0.08075772970914841,0.006001800764352083
YNL271C,YFL014W,0,13.766489,0.5704225301742554,0.08075772970914841,0.006101830396801233
YGR032W,YDR496C,0,13.753443,0.5664335489273071,0.08075772970914841,0.006201860494911671
YLL019C,YBR061C,0,13.726242,0.5625,0.08075772970914841,0.006301890593022108
YBR169C,YAL053W,1,13.705497,0.565517246723175,0.08175473660230637,0.006301890593022108
YER150W,YMR033W,0,13.629508,0.5616438388824463,0.08175473660230637,0.0064019206911325455
YHR176W,YPL106C,1,13.588539,0.5646258592605591,0.08275174349546432,0.0064019206911325455
YBR169C,YCR060W,1,13.585081,0.5675675868988037,0.08374875038862228,0.0064019206911325455
YDL143W,YOR027W,1,13.580669,0.5704697966575623,0.08474576473236084,0.0064019206911325455
YBR169C,YOR288C,1,13.567438,0.5733333230018616,0.0857427716255188,0.0064019206911325455
YJL162C,YBR072W,1,13.55646,0.5761589407920837,0.08673977851867676,0.0064019206911325455
YAL005C,YDR252W,1,13.533066,0.5789473652839661,0.08773679286241531,0.0064019206911325455
YMR246W,YLR151C,0,13.514538,0.5751634240150452,0.08773679286241531,0.006501950789242983
YKL085W,YPL093W,0,13.469469,0.5714285969734192,0.08773679286241531,0.006601980421692133
YJL034W,YDR214W,1,13.44152,0.57419353723526,0.08873379975557327,0.006601980421692133
YLR344W,YLL055W,0,13.369135,0.5705128312110901,0.08873379975557327,0.00670201051980257
YJR046W,YDR214W,1,13.343195,0.5732483863830566,0.08973080664873123,0.00670201051980257
YDR188W,YNL077W,1,13.303893,0.5759493708610535,0.09072781354188919,0.00670201051980257
YLR440C,YML128C,0,13.297405,0.5723270177841187,0.09072781354188919,0.006802040617913008
YHR064C,YDR258C,1,13.255891,0.574999988079071,0.09172482788562775,0.006802040617913008
YLR219W,YLR264W,0,13.202782,0.5714285969734192,0.09172482788562775,0.006902070716023445
YER103W,YDR451C,0,13.186962,0.5679012537002563,0.09172482788562775,0.0070021008141338825
YFL014W,YHR059W,0,13.169838,0.5644171833992004,0.09172482788562775,0.007102130446583033
YDR059C,YGR214W,0,13.144957,0.5609756112098694,0.09172482788562775,0.00720216054469347
YOR288C,YPL221W,1,13.134776,0.5636363625526428,0.0927218347787857,0.00720216054469347
YGL225W,YDR173C,0,13.082457,0.5602409839630127,0.0927218347787857,0.007302190642803907
YER117W,YEL041W,0,12.993893,0.5568862557411194,0.0927218347787857,0.007402220740914345
YBR081C,YBR072W,0,12.990911,0.5535714030265808,0.0927218347787857,0.007502250839024782
YOL010W,YDR453C,0,12.986252,0.5502958297729492,0.0927218347787857,0.007602280471473932
YER055C,YGR070W,0,12.969694,0.5470588207244873,0.0927218347787857,0.00770231056958437
YGR285C,YLL026W,1,12.876709,0.5497075915336609,0.09371884167194366,0.00770231056958437
YDL055C,YDR392W,0,12.813131,0.5465116500854492,0.09371884167194366,0.007802340667694807
YMR136W,YMR296C,0,12.773764,0.5433526039123535,0.09371884167194366,0.007902370765805244
YNL310C,YNL007C,1,12.759873,0.545976996421814,0.09471585601568222,0.007902370765805244
YLL045C,YER046W,0,12.746442,0.5428571701049805,0.09471585601568222,0.008002400398254395
YER150W,YHR174W,0,12.734701,0.5397727489471436,0.09471585601568222,0.00810243096202612
YOR027W,YJL014W,1,12.686052,0.5423728823661804,0.09571286290884018,0.00810243096202612
YPL240C,YDR214W,1,12.674557,0.5449438095092773,0.09670986980199814,0.00810243096202612
YLR200W,YKL117W,1,12.634907,0.5474860072135925,0.0977068766951561,0.00810243096202612
YFL013C,YGR214W,0,12.631607,0.5444444417953491,0.0977068766951561,0.00820246059447527
YJL179W,YDR258C,1,12.586439,0.5469613075256348,0.09870389103889465,0.00820246059447527
YHR069C,YER150W,0,12.563967,0.5439560413360596,0.09870389103889465,0.008302491158246994
YBR169C,YPL221W,1,12.540285,0.5464481115341187,0.09970089793205261,0.008302491158246994
YGL068W,YPL240C,0,12.501075,0.54347825050354,0.09970089793205261,0.008402520790696144
YFL016C,YGR078C,1,12.498061,0.545945942401886,0.10069790482521057,0.008402520790696144
YJL179W,YLL026W,1,12.465006,0.5483871102333069,0.10169491171836853,0.008402520790696144
YLR216C,YLL026W,1,12.458714,0.5508021116256714,0.10269192606210709,0.008402520790696144
YDR212W,YKL117W,1,12.458149,0.5531914830207825,0.10368893295526505,0.008402520790696144
YFL016C,YDR518W,1,12.410823,0.5555555820465088,0.104685939848423,0.008402520790696144
YDL021W,YOR340C,0,12.406749,0.5526315569877625,0.104685939848423,0.008502550423145294
YFL016C,YIR004W,1,12.379508,0.554973840713501,0.10568295419216156,0.008502550423145294
YJL066C,YCR060W,0,12.362171,0.5520833134651184,0.10568295419216156,0.008602580986917019
YGL180W,YMR143W,0,12.344368,0.5492228269577026,0.10568295419216156,0.008702610619366169
YAR035W,YPR125W,0,12.324133,0.5463917255401611,0.10568295419216156,0.008802641183137894
YBR169C,YLL024C,1,12.315956,0.5487179756164551,0.10667996108531952,0.008802641183137894
YJL111W,YBR072W,1,12.310619,0.5510203838348389,0.10767696797847748,0.008802641183137894
YNL160W,YPL252C,0,12.211258,0.5482233762741089,0.10767696797847748,0.008902670815587044
YAL022C,YMR180C,0,12.203661,0.5454545617103577,0.10767696797847748,0.009002700448036194
YJR082C,YOR317W,0,12.191618,0.5427135825157166,0.10767696797847748,0.009102731011807919
YCL043C,YER103W,1,12.189224,0.5450000166893005,0.10867397487163544,0.009102731011807919
YBL011W,YML128C,0,12.187566,0.5422885417938232,0.10867397487163544,0.009202760644257069
YNL153C,YIR038C,0,12.176565,0.5396039485931396,0.10867397487163544,0.009302791208028793
YGR132C,YBR169C,1,12.140136,0.5418719053268433,0.10967098921537399,0.009302791208028793
YOR027W,YPL240C,1,12.099962,0.5441176295280457,0.11066799610853195,0.009302791208028793
YOR288C,YBR155W,1,11.939875,0.5463414788246155,0.11166500300168991,0.009302791208028793
YBL075C,YNR028W,1,11.928036,0.5485436916351318,0.11266201734542847,0.009302791208028793
YHR034C,YLR449W,1,11.861698,0.5507246255874634,0.11365902423858643,0.009302791208028793
YGR132C,YML094W,1,11.808251,0.5528846383094788,0.11465603113174438,0.009302791208028793
YAL005C,YLR200W,1,11.804354,0.5550239086151123,0.11565303802490234,0.009302791208028793
YBR155W,YBR101C,1,11.804241,0.5571428537368774,0.1166500523686409,0.009302791208028793
YMR186W,YAL058W,1,11.760275,0.5592417120933533,0.11764705926179886,0.009302791208028793
YKL130C,YPR160W,0,11.7553005,0.5566037893295288,0.11764705926179886,0.009402820840477943
YPR026W,YDL055C,0,11.744339,0.5539906024932861,0.11764705926179886,0.009502850472927094
YAL033W,YKL067W,0,11.710662,0.5514018535614014,0.11764705926179886,0.009602881036698818
YGR214W,YHR008C,0,11.703049,0.5488371849060059,0.11764705926179886,0.009702910669147968
YNL077W,YJL111W,1,11.700735,0.5509259104728699,0.11864406615495682,0.009702910669147968
YPL106C,YJL034W,1,11.679716,0.5529953837394714,0.11964107304811478,0.009702910669147968
YGL018C,YBR101C,1,11.672945,0.5550458431243896,0.12063808739185333,0.009702910669147968
YBL075C,YFL023W,1,11.656252,0.5570776462554932,0.12163509428501129,0.009702910669147968
YJL066C,YMR246W,0,11.632152,0.5545454621315002,0.12163509428501129,0.009802941232919693
YJL034W,YNL175C,0,11.631271,0.5520362257957458,0.12163509428501129,0.009902970865368843
YLR452C,YBR230C,0,11.627573,0.5495495200157166,0.12163509428501129,0.010003000497817993
YLR259C,YDR214W,1,11.622042,0.5515695214271545,0.12263210117816925,0.010003000497817993
YOR020C,YBR169C,1,11.621306,0.5535714030265808,0.1236291155219078,0.010003000497817993
YOR027W,YIR004W,1,11.589349,0.5555555820465088,0.12462612241506577,0.010003000497817993
YNL153C,YNL160W,0,11.578882,0.5530973672866821,0.12462612241506577,0.010103031061589718
YER150W,YOL136C,0,11.552998,0.5506607890129089,0.12462612241506577,0.010203060694038868
YML048W,YBR072W,1,11.5201435,0.5526315569877625,0.12562313675880432,0.010203060694038868
YFL016C,YNL077W,1,11.5084915,0.5545851588249207,0.12662014365196228,0.010203060694038868
YMR115W,YGR214W,0,11.497132,0.552173912525177,0.12662014365196228,0.010303091257810593
YPL196W,YBR145W,0,11.488487,0.5497835278511047,0.12662014365196228,0.010403120890259743
YBL075C,YPL064C,1,11.4802685,0.5517241358757019,0.12761715054512024,0.010403120890259743
YEL012W,YER165W,0,11.477165,0.54935622215271,0.12761715054512024,0.010503150522708893
YDL143W,YPL240C,1,11.475064,0.5512820482254028,0.1286141574382782,0.010503150522708893
YNL007C,YDR214W,1,11.45546,0.5531914830207825,0.12961116433143616,0.010503150522708893
YER150W,YJR112W,0,11.453198,0.5508474707603455,0.12961116433143616,0.010603181086480618
YKL182W,YMR136W,0,11.442063,0.5485231876373291,0.12961116433143616,0.010703210718929768
YLR009W,YDL022W,0,11.422939,0.5462185144424438,0.12961116433143616,0.010803241282701492
YAL060W,YHR059W,0,11.416685,0.5439330339431763,0.12961116433143616,0.010903270915150642
YBR120C,YBR072W,0,11.400969,0.5416666865348816,0.12961116433143616,0.011003300547599792
YHR179W,YPL223C,0,11.395338,0.5394191145896912,0.12961116433143616,0.011103331111371517
YPL240C,YKL003C,0,11.386167,0.5371900796890259,0.12961116433143616,0.011203360743820667
YER103W,YNL172W,0,11.383515,0.5349794030189514,0.12961116433143616,0.011303391307592392
YMR161W,YPL240C,1,11.375904,0.5368852615356445,0.13060817122459412,0.011303391307592392
YGL113W,YBR072W,0,11.366322,0.5346938967704773,0.13060817122459412,0.011403420940041542
YFL014W,YKL001C,0,11.359766,0.5325203537940979,0.13060817122459412,0.011503450572490692
YLL024C,YBR072W,1,11.352577,0.5344129800796509,0.13160517811775208,0.011503450572490692
YPR026W,YLR264W,0,11.33773,0.5322580933570862,0.13160517811775208,0.011603481136262417
YKL090W,YER074W,0,11.337519,0.5301204919815063,0.13160517811775208,0.011703510768711567
YJL172W,YMR194W,0,11.330341,0.527999997138977,0.13160517811775208,0.011803541332483292
YLR380W,YKL085W,0,11.307377,0.525896430015564,0.13160517811775208,0.011903570964932442
YOR054C,YDR454C,0,11.285852,0.523809552192688,0.13160517811775208,0.012003601528704166
YNL148C,YOR232W,1,11.2835,0.5256916880607605,0.13260219991207123,0.012003601528704166
YJL034W,YLR449W,1,11.26288,0.5275590419769287,0.1335992068052292,0.012003601528704166
YFL014W,YKL206C,0,11.230783,0.5254902243614197,0.1335992068052292,0.012103631161153316
YJR010W,YER103W,0,11.20491,0.5234375,0.1335992068052292,0.012203660793602467
YLR020C,YDL021W,0,11.182623,0.5214007496833801,0.1335992068052292,0.012303691357374191
YKL117W,YLR449W,1,11.174641,0.5232558250427246,0.13459621369838715,0.012303691357374191
YGR288W,YMR250W,0,11.155865,0.5212355256080627,0.13459621369838715,0.012403720989823341
YNL209W,YDR252W,1,11.143546,0.5230769515037537,0.1355932205915451,0.012403720989823341
YNL064C,YDR252W,1,11.122238,0.524904191493988,0.13659022748470306,0.012403720989823341
YOR020C,YPR163C,0,11.117481,0.5229007601737976,0.13659022748470306,0.012503751553595066
YML130C,YBR101C,1,11.102955,0.5247148275375366,0.13758723437786102,0.012503751553595066
YDR064W,YPL119C,0,11.089422,0.5227272510528564,0.13758723437786102,0.012603781186044216
YDL143W,YER103W,1,11.061317,0.5245283246040344,0.13858424127101898,0.012603781186044216
YJL187C,YGR214W,0,11.056362,0.5225563645362854,0.13858424127101898,0.012703810818493366
YLR259C,YJL179W,1,11.047119,0.5243445634841919,0.13958126306533813,0.012703810818493366
YGL037C,YNL298W,0,11.044728,0.5223880410194397,0.13958126306533813,0.012803841382265091
YOR317W,YLR187W,0,11.036648,0.5204461216926575,0.13958126306533813,0.012903871014714241
YOR027W,YNL148C,1,11.030598,0.5222222208976746,0.1405782699584961,0.012903871014714241
YJL081C,YML128C,0,10.998174,0.5202952027320862,0.1405782699584961,0.013003901578485966
YHR176W,YJL034W,1,10.994983,0.5220588445663452,0.14157527685165405,0.013003901578485966
YPL099C,YBR072W,0,10.978534,0.5201465487480164,0.14157527685165405,0.013103931210935116
YNL209W,YER048C,1,10.967547,0.5218977928161621,0.142572283744812,0.013103931210935116
YML112W,YBR145W,0,10.960791,0.5199999809265137,0.142572283744812,0.013203960843384266
YGR229C,YFL021W,0,10.943918,0.5181159377098083,0.142572283744812,0.01330399140715599
YER103W,YIL135C,0,10.910513,0.5162454843521118,0.142572283744812,0.01340402103960514
YLR449W,YER048C,1,10.880753,0.5179855823516846,0.14356929063796997,0.01340402103960514
YOL101C,YKL001C,0,10.86659,0.5161290168762207,0.14356929063796997,0.013504051603376865
YPR026W,YDR260C,0,10.83741,0.5142857432365417,0.14356929063796997,0.013604081235826015
YBR155W,YLR270W,0,10.796974,0.5124555230140686,0.14356929063796997,0.013704110868275166
YGL128C,YDR519W,1,10.794313,0.5141844153404236,0.14456629753112793,0.013704110868275166
YGR185C,YNR002C,0,10.792345,0.5123674869537354,0.14456629753112793,0.01380414143204689
YMR049C,YBR026C,0,10.780144,0.5105633735656738,0.14456629753112793,0.01390417106449604
YOR027W,YIL142W,1,10.7752285,0.5122807025909424,0.1455633044242859,0.01390417106449604
YMR169C,YLR316C,0,10.744135,0.5104895234107971,0.1455633044242859,0.014004201628267765
YJL008C,YNL007C,1,10.736904,0.5121951103210449,0.14656032621860504,0.014004201628267765
YLR029C,YJL214W,0,10.732466,0.5104166865348816,0.14656032621860504,0.014104231260716915
YDL040C,YLR151C,0,10.715521,0.508650541305542,0.14656032621860504,0.014204260893166065
YOR288C,YJR064W,1,10.707228,0.5103448033332825,0.147557333111763,0.014204260893166065
YJL066C,YKR026C,0,10.70472,0.5085910558700562,0.147557333111763,0.01430429145693779
YER007W,YER103W,1,10.698426,0.5102739930152893,0.14855434000492096,0.01430429145693779
YPR026W,YPL240C,0,10.686655,0.5085324048995972,0.14855434000492096,0.01440432108938694
YJR127C,YBR243C,0,10.65691,0.5068027377128601,0.14855434000492096,0.014504351653158665
YDL208W,YEL041W,0,10.654621,0.505084753036499,0.14855434000492096,0.014604381285607815
YNL178W,YNR002C,0,10.651857,0.5033783912658691,0.14855434000492096,0.014704410918056965
YLR216C,YFR041C,1,10.640259,0.5050504803657532,0.14955134689807892,0.014704410918056965
YDL143W,YNL007C,1,10.61738,0.5067114233970642,0.15054835379123688,0.014704410918056965
YJR045C,YNL209W,1,10.594159,0.5083612203598022,0.15154536068439484,0.014704410918056965
YFL014W,YLR033W,0,10.574135,0.5066666603088379,0.15154536068439484,0.01480444148182869
YLR216C,YML048W,1,10.570265,0.5083056688308716,0.1525423675775528,0.01480444148182869
YOR027W,YNL077W,1,10.558525,0.5099337697029114,0.15353937447071075,0.01480444148182869
YER150W,YBL079W,0,10.535957,0.5082508325576782,0.15353937447071075,0.01490447111427784
YOR310C,YJL053W,0,10.517969,0.5065789222717285,0.15353937447071075,0.015004501678049564
YAR002C-A,YDR429C,0,10.51405,0.5049180388450623,0.15353937447071075,0.015104531310498714
YDR229W,YOL040C,0,10.508101,0.5032680034637451,0.15353937447071075,0.015204560942947865
YER055C,YBR026C,0,10.503649,0.5016286373138428,0.15353937447071075,0.01530459150671959
YMR136W,YGL220W,0,10.499525,0.5,0.15353937447071075,0.01540462113916874
YGR285C,YAL005C,1,10.496559,0.5016181468963623,0.1545363962650299,0.01540462113916874
YOR027W,YDR518W,1,10.496254,0.5032258033752441,0.15553340315818787,0.01540462113916874
YOR232W,YIR039C,0,10.491573,0.5016077160835266,0.15553340315818787,0.015504651702940464
YLL034C,YPL223C,0,10.484109,0.5,0.15553340315818787,0.015604681335389614
YHR193C,YDR252W,1,10.477407,0.5015974640846252,0.15653041005134583,0.015604681335389614
YHR030C,YJR101W,0,10.468224,0.5,0.15653041005134583,0.01570471189916134
YFL014W,YCL004W,0,10.454313,0.49841269850730896,0.15653041005134583,0.01580474153161049
YAL058W,YLR449W,1,10.445398,0.5,0.15752741694450378,0.01580474153161049
YOR027W,YJL008C,1,10.438793,0.5015772581100464,0.15852442383766174,0.01580474153161049
YDL021W,YEL056W,0,10.428326,0.5,0.15852442383766174,0.01590477116405964
YIR039C,YAL029C,0,10.425699,0.49843260645866394,0.15852442383766174,0.01600480079650879
YML130C,YIL016W,1,10.403406,0.5,0.1595214307308197,0.01600480079650879
YOR054C,YMR246W,0,10.400721,0.4984423816204071,0.1595214307308197,0.01610483229160309
YGL220W,YLR251W,0,10.389573,0.4968944191932678,0.1595214307308197,0.01620486192405224
YHR176W,YGR078C,1,10.370916,0.49845200777053833,0.16051843762397766,0.01620486192405224
YKL117W,YER103W,1,10.37032,0.5,0.16151545941829681,0.01620486192405224
YFL016C,YJL008C,1,10.356094,0.5015384554862976,0.16251246631145477,0.01620486192405224
YER150W,YDL171C,0,10.329544,0.5,0.16251246631145477,0.01630489155650139
YGR132C,YLR449W,1,10.312832,0.5015290379524231,0.16350947320461273,0.01630489155650139
YKL085W,YGR276C,0,10.300478,0.5,0.16350947320461273,0.01640492118895054
YFL014W,YGL203C,0,10.292982,0.4984802305698395,0.16350947320461273,0.01650495082139969
YML130C,YNL064C,1,10.282315,0.5,0.1645064800977707,0.01650495082139969
YLL024C,YDR214W,1,10.253073,0.5015105605125427,0.16550348699092865,0.01650495082139969
YEL012W,YBR187W,0,10.246117,0.5,0.16550348699092865,0.016604982316493988
YBR183W,YBR031W,0,10.240902,0.49849849939346313,0.16550348699092865,0.016705011948943138
YKR057W,YNL239W,0,10.233764,0.49700599908828735,0.16550348699092865,0.016805041581392288
YAL060W,YDR170C,0,10.232605,0.4955223798751831,0.16550348699092865,0.01690507121384144
YCR060W,YBR101C,1,10.232164,0.4970238208770752,0.1665004938840866,0.01690507121384144
YKL180W,YKL124W,0,10.225288,0.49554896354675293,0.1665004938840866,0.01700510084629059
YKL117W,YBR031W,0,10.22171,0.49408283829689026,0.1665004938840866,0.017105132341384888
YML071C,YIR038C,0,10.22156,0.49262535572052,0.1665004938840866,0.017205161973834038
YGR132C,YEL003W,1,10.220432,0.4941176474094391,0.16749750077724457,0.017205161973834038
YJL034W,YGL162W,0,10.219155,0.49266862869262695,0.16749750077724457,0.017305191606283188
YAL005C,YJL014W,1,10.218439,0.4941520392894745,0.16849452257156372,0.017305191606283188
YJR082C,YGR214W,0,10.217579,0.4927113652229309,0.16849452257156372,0.017405221238732338
YMR180C,YMR229C,0,10.1579895,0.49127906560897827,0.16849452257156372,0.017505250871181488
YIL094C,YER162C,0,10.129576,0.4898550808429718,0.16849452257156372,0.017605282366275787
YBR195C,YOR317W,0,10.122347,0.48843929171562195,0.16849452257156372,0.017705311998724937
YKL117W,YEL003W,1,10.103569,0.48991355299949646,0.16949152946472168,0.017705311998724937
YDL215C,YDR353W,0,10.091363,0.4885057508945465,0.16949152946472168,0.017805341631174088
YOR027W,YFR041C,1,10.071728,0.4899713397026062,0.17048853635787964,0.017805341631174088
YPR133W-A,YML128C,0,10.038343,0.488571435213089,0.17048853635787964,0.017905371263623238
YER007W,YDR258C,1,10.037178,0.4900285005569458,0.1714855432510376,0.017905371263623238
YHR029C,YJL130C,0,10.036682,0.4886363744735718,0.1714855432510376,0.018005400896072388
YGL225W,YEL041W,0,10.032152,0.4872521162033081,0.1714855432510376,0.018105432391166687
YHR030C,YML073C,0,10.020252,0.4858756959438324,0.1714855432510376,0.018205462023615837
YML074C,YGL128C,1,10.016298,0.48732393980026245,0.17248255014419556,0.018205462023615837
YAL060W,YIL020C,0,10.015714,0.48595505952835083,0.17248255014419556,0.018305491656064987
YDL143W,YLR216C,1,10.011981,0.48739495873451233,0.17347955703735352,0.018305491656064987
YHR176W,YDR258C,1,9.976955,0.48882681131362915,0.17447656393051147,0.018305491656064987
YPR137W,YDL022W,0,9.974531,0.48746517300605774,0.17447656393051147,0.018405521288514137
YLL055W,YPL244C,0,9.966653,0.4861111044883728,0.17447656393051147,0.018505550920963287
YAL060W,YGR113W,0,9.95949,0.48476454615592957,0.17447656393051147,0.018605582416057587
YMR269W,YLR270W,0,9.950247,0.48342540860176086,0.17447656393051147,0.018705612048506737
YBR155W,YPL221W,1,9.945432,0.4848484992980957,0.17547358572483063,0.018705612048506737
YJL179W,YLL024C,1,9.942739,0.4862637221813202,0.1764705926179886,0.018705612048506737
YDR460W,YML056C,0,9.928632,0.48493149876594543,0.1764705926179886,0.018805641680955887
YJR021C,YPR080W,0,9.90387,0.4836065471172333,0.1764705926179886,0.018905671313405037
YLR216C,YDR519W,1,9.892866,0.4850136339664459,0.17746759951114655,0.018905671313405037
YOR168W,YFL057C,0,9.884576,0.4836956560611725,0.17746759951114655,0.019005700945854187
YDL143W,YDR258C,1,9.882246,0.4850948452949524,0.1784646064043045,0.019005700945854187
YGR177C,YOR317W,0,9.8795805,0.4837837815284729,0.1784646064043045,0.019105732440948486
YNL160W,YAR035W,0,9.841349,0.4824797809123993,0.1784646064043045,0.019205762073397636
YGR285C,YCR069W,1,9.834181,0.4838709533214569,0.17946161329746246,0.019205762073397636
YGL018C,YHR064C,1,9.830781,0.48525470495224,0.18045862019062042,0.019205762073397636
YLL024C,YOR288C,1,9.829402,0.48663100600242615,0.18145562708377838,0.019205762073397636
YBL075C,YJL162C,1,9.826101,0.4880000054836273,0.18245264887809753,0.019205762073397636
YJL060W,YDR508C,0,9.812893,0.4867021143436432,0.18245264887809753,0.019305791705846786
YAL038W,YML080W,0,9.81209,0.485411137342453,0.18245264887809753,0.019405821338295937
YDR212W,YJR017C,1,9.803562,0.48677247762680054,0.1834496557712555,0.019405821338295937
YAR035W,YJL192C,0,9.802165,0.4854881167411804,0.1834496557712555,0.019505850970745087
YPL240C,YKL186C,0,9.788204,0.4842105209827423,0.1834496557712555,0.019605882465839386
YDL143W,YOR288C,1,9.737408,0.48556429147720337,0.18444666266441345,0.019605882465839386
YOR393W,YCR002C,0,9.729741,0.4842931926250458,0.18444666266441345,0.019705912098288536
YOL088C,YDR188W,1,9.72537,0.48563969135284424,0.1854436695575714,0.019705912098288536
YOR297C,YLR206W,0,9.681734,0.484375,0.1854436695575714,0.019805941730737686
YHR176W,YOR027W,1,9.667583,0.48571428656578064,0.18644067645072937,0.019805941730737686
YJR045C,YIL016W,1,9.661312,0.48704662919044495,0.18743768334388733,0.019805941730737686
YIL134W,YMR250W,0,9.634336,0.48578810691833496,0.18743768334388733,0.019905971363186836
YDR304C,YPL240C,1,9.633272,0.48711341619491577,0.1884346902370453,0.019905971363186836
YLR344W,YOR089C,0,9.626421,0.4858611822128296,0.1884346902370453,0.020006000995635986
YAL005C,YAL058W,1,9.626219,0.4871794879436493,0.18943171203136444,0.020006000995635986
YPL240C,YPL221W,1,9.618664,0.4884910583496094,0.1904287189245224,0.020006000995635986
YPL240C,YGL256W,0,9.614172,0.4872449040412903,0.1904287189245224,0.020106032490730286
YDR059C,YNL178W,0,9.609276,0.48600509762763977,0.1904287189245224,0.020206062123179436
YMR186W,YJL179W,1,9.601501,0.48730963468551636,0.19142572581768036,0.020206062123179436
YER117W,YOL111C,0,9.595001,0.4860759377479553,0.19142572581768036,0.020306091755628586
YJR078W,YPR080W,0,9.582026,0.4848484992980957,0.19142572581768036,0.020406121388077736
YLR200W,YPL106C,1,9.573359,0.48614609241485596,0.19242273271083832,0.020406121388077736
YNL231C,YGR032W,0,9.561535,0.4849246144294739,0.19242273271083832,0.020506151020526886
YOR317W,YJL191W,0,9.5435505,0.48370927572250366,0.19242273271083832,0.020606182515621185
YOR054C,YML052W,0,9.538853,0.48249998688697815,0.19242273271083832,0.020706212148070335
YKL170W,YOR382W,0,9.51782,0.48129674792289734,0.19242273271083832,0.020806241780519485
YNL117W,YBR042C,0,9.509927,0.48009949922561646,0.19242273271083832,0.020906271412968636
YDL074C,YBR026C,0,9.507854,0.4789081811904907,0.19242273271083832,0.021006301045417786
YAL058W,YNL064C,1,9.507575,0.4801980257034302,0.19341973960399628,0.021006301045417786
YMR214W,YDR252W,1,9.500549,0.48148149251937866,0.19441674649715424,0.021006301045417786
YCR011C,YOL040C,0,9.494553,0.4802955687046051,0.19441674649715424,0.021106332540512085
YHR030C,YLL041C,0,9.4658165,0.47911548614501953,0.19441674649715424,0.021206362172961235
YLR244C,YGL180W,0,9.465202,0.4779411852359772,0.19441674649715424,0.021306391805410385
YER103W,YLR300W,0,9.462866,0.47677260637283325,0.19441674649715424,0.021406421437859535
YCL043C,YLR449W,1,9.453041,0.47804877161979675,0.1954137533903122,0.021406421437859535
YER150W,YKL053C-A,0,9.431578,0.4768856465816498,0.1954137533903122,0.021506451070308685
YOR298W,YKL172W,0,9.422785,0.4757281541824341,0.1954137533903122,0.021606482565402985
YER103W,YKL161C,0,9.413127,0.47457626461982727,0.1954137533903122,0.021706512197852135
YOR317W,YDR226W,0,9.379464,0.47342994809150696,0.1954137533903122,0.021806541830301285
YDR212W,YBR101C,1,9.378706,0.4746987819671631,0.19641076028347015,0.021806541830301285
YMR136W,YOR294W,0,9.3704815,0.4735576808452606,0.19641076028347015,0.021906571462750435
YJR046W,YOR027W,1,9.370018,0.4748201370239258,0.1974077820777893,0.021906571462750435
YIL139C,YJL172W,0,9.3590355,0.4736842215061188,0.1974077820777893,0.022006601095199585
YNL077W,YIL016W,1,9.358458,0.47494032979011536,0.19840478897094727,0.022006601095199585
YJL117W,YBR072W,1,9.358328,0.4761904776096344,0.19940179586410522,0.022006601095199585
YOR294W,YHR008C,0,9.356798,0.4750593900680542,0.19940179586410522,0.022106632590293884
YGR020C,YOR162C,0,9.352591,0.4739336371421814,0.19940179586410522,0.022206662222743034
YNL281W,YDR258C,1,9.350642,0.4751773178577423,0.20039880275726318,0.022206662222743034
YJR045C,YJR064W,1,9.339132,0.47641509771347046,0.20139580965042114,0.022206662222743034
YOR027W,YJL111W,1,9.328369,0.477647066116333,0.2023928165435791,0.022206662222743034
YDR064W,YCL032W,0,9.318127,0.47652581334114075,0.2023928165435791,0.022306691855192184
YDR233C,YKL007W,0,9.311567,0.4754098355770111,0.2023928165435791,0.022406721487641335
YLL024C,YER103W,1,9.307404,0.47663551568984985,0.20338982343673706,0.022406721487641335
YNL314W,YER074W,0,9.293749,0.4755244851112366,0.20338982343673706,0.022506751120090485
YDR155C,YJL014W,1,9.291214,0.4767441749572754,0.2043868452310562,0.022506751120090485
YOR349W,YLL024C,1,9.288344,0.47795823216438293,0.20538385212421417,0.022506751120090485
YER117W,YNL281W,0,9.2871685,0.47685185074806213,0.20538385212421417,0.022606782615184784
YPL106C,YER048C,1,9.282448,0.4780600368976593,0.20638085901737213,0.022606782615184784
YMR169C,YHR066W,0,9.268912,0.4769585132598877,0.20638085901737213,0.022706812247633934
YMR093W,YCL034W,0,9.268296,0.475862056016922,0.20638085901737213,0.022806841880083084
YKL117W,YNL153C,1,9.264118,0.47706422209739685,0.2073778659105301,0.022806841880083084
YJL111W,YLL026W,1,9.263369,0.47826087474823,0.20837487280368805,0.022806841880083084
YNL006W,YOR204W,0,9.262714,0.4771689474582672,0.20837487280368805,0.022906871512532234
YDL246C,YMR061W,0,9.251617,0.4760819971561432,0.20837487280368805,0.023006901144981384
YDL143W,YAL058W,1,9.246077,0.47727271914482117,0.209371879696846,0.023006901144981384
YOR310C,YGR112W,0,9.245647,0.4761904776096344,0.209371879696846,0.023106932640075684
YJL079C,YBR042C,0,9.241188,0.4751131236553192,0.209371879696846,0.023206962272524834
YOR027W,YMR214W,1,9.233666,0.4762979745864868,0.21036888659000397,0.023206962272524834
YGL062W,YNL232W,0,9.230064,0.4752252399921417,0.21036888659000397,0.023306991904973984
YPL082C,YOL158C,0,9.218025,0.47415730357170105,0.21036888659000397,0.023407021537423134
YHR175W,YFL014W,0,9.213204,0.4730941653251648,0.21036888659000397,0.023507053032517433
YKL009W,YMR304W,0,9.202698,0.47203579545021057,0.21036888659000397,0.023607082664966583
YCL043C,YBR072W,1,9.188176,0.4732142984867096,0.21136590838432312,0.023607082664966583
YNL077W,YFR041C,1,9.183926,0.474387526512146,0.21236291527748108,0.023607082664966583
YNL209W,YHR142W,1,9.18081,0.47555556893348694,0.21335992217063904,0.023607082664966583
YJL034W,YHR060W,0,9.177666,0.4745011031627655,0.21335992217063904,0.023707112297415733
YBR169C,YGR231C,1,9.177263,0.4756637215614319,0.214356929063797,0.023707112297415733
YML130C,YOR027W,1,9.175148,0.4768211841583252,0.21535393595695496,0.023707112297415733
YMR077C,YML056C,0,9.173895,0.4757709205150604,0.21535393595695496,0.023807141929864883
YER185W,YML052W,0,9.173276,0.47472527623176575,0.21535393595695496,0.023907171562314034
YDR151C,YGL060W,0,9.170139,0.4736842215061188,0.21535393595695496,0.024007203057408333
YGR285C,YGL128C,1,9.161072,0.4748358726501465,0.21635094285011292,0.024007203057408333
YPR026W,YPR159W,0,9.157259,0.4737991392612457,0.21635094285011292,0.024107232689857483
YKL182W,YBR026C,0,9.156776,0.4727668762207031,0.21635094285011292,0.024207262322306633
YGR132C,YGR078C,1,9.15583,0.4739130437374115,0.21734794974327087,0.024207262322306633
YBR118W,YDL021W,0,9.143561,0.47288504242897034,0.21734794974327087,0.024307291954755783
YLL055W,YMR308C,0,9.141462,0.47186148166656494,0.21734794974327087,0.024407321587204933
YBR129C,YLR325C,0,9.1387615,0.4708423316478729,0.21734794974327087,0.024507353082299232
YBL041W,YGR027C,0,9.112988,0.4698275923728943,0.21734794974327087,0.024607382714748383
YLL045C,YKL206C,0,9.096592,0.46881720423698425,0.21734794974327087,0.024707412347197533
YPL240C,YFR036W,0,9.096405,0.4678111672401428,0.21734794974327087,0.024807441979646683
YCR026C,YNL078W,0,9.079756,0.4668094217777252,0.21734794974327087,0.024907471612095833
YCL008C,YMR193W,0,9.077633,0.46581196784973145,0.21734794974327087,0.025007503107190132
YOR239W,YOR298W,0,9.058396,0.4648187756538391,0.21734794974327087,0.025107532739639282
YKL041W,YDL061C,0,9.051847,0.46382978558540344,0.21734794974327087,0.025207562372088432
YDL055C,YBR026C,0,9.044624,0.46284499764442444,0.21734794974327087,0.025307592004537582
YJR046W,YFR041C,1,9.04121,0.46398305892944336,0.21834497153759003,0.025307592004537582
YHR029C,YDL040C,0,9.038983,0.46300211548805237,0.21834497153759003,0.025407621636986732
YOR261C,YKR026C,0,9.029722,0.46202531456947327,0.21834497153759003,0.025507653132081032
YNL160W,YGR169C,0,9.027679,0.46105262637138367,0.21834497153759003,0.025607682764530182
YBL076C,YKL094W,0,9.026475,0.4600840210914612,0.21834497153759003,0.025707712396979332
YJL005W,YOL040C,0,9.024204,0.4591194987297058,0.21834497153759003,0.025807742029428482
YBR222C,YKL172W,0,9.017502,0.4581589996814728,0.21834497153759003,0.025907771661877632
YGR282C,YMR136W,0,9.013659,0.4572024941444397,0.21834497153759003,0.02600780315697193
YNL209W,YMR200W,1,9.009846,0.4583333432674408,0.21934197843074799,0.02600780315697193
YPR024W,YGR027C,0,9.0047,0.4573804438114166,0.21934197843074799,0.02610783278942108
YGL225W,YLR163C,0,9.003091,0.4564315378665924,0.21934197843074799,0.02620786242187023
YAL005C,YMR214W,1,8.989308,0.45755693316459656,0.22033898532390594,0.02620786242187023
YDR064W,YIR032C,0,8.982124,0.4566115736961365,0.22033898532390594,0.02630789205431938
YBR230C,YNR013C,0,8.967018,0.4556700885295868,0.22033898532390594,0.026407921686768532
YMR123W,YLR043C,0,8.961514,0.4547325074672699,0.22033898532390594,0.02650795318186283
YNL117W,YNL302C,0,8.95954,0.453798770904541,0.22033898532390594,0.02660798281431198
YMR169C,YDR494W,0,8.951876,0.45286884903907776,0.22033898532390594,0.02670801244676113
YMR061W,YJR103W,0,8.951821,0.4519427418708801,0.22033898532390594,0.02680804207921028
YLR080W,YGR155W,0,8.940155,0.45102041959762573,0.22033898532390594,0.02690807171165943
YOR304W,YPR002W,0,8.905287,0.4501018226146698,0.22033898532390594,0.02700810320675373
YMR241W,YBR173C,0,8.901588,0.4491869807243347,0.22033898532390594,0.02710813283920288
YFR033C,YDL083C,0,8.893509,0.4482758641242981,0.22033898532390594,0.02720816247165203
YBL026W,YNL274C,0,8.883501,0.44736841320991516,0.22033898532390594,0.02730819210410118
YPR080W,YDL078C,0,8.880676,0.4464646577835083,0.22033898532390594,0.02740822173655033
YJL034W,YLR216C,1,8.880238,0.44758063554763794,0.2213359922170639,0.02740822173655033
YCR060W,YML048W,1,8.876749,0.4486921429634094,0.22233299911022186,0.02740822173655033
YOR349W,YPL106C,1,8.859705,0.44979920983314514,0.22333000600337982,0.02740822173655033
YML130C,YDR258C,1,8.816053,0.4509018063545227,0.22432701289653778,0.02740822173655033
YJL053W,YGR027C,0,8.791946,0.44999998807907104,0.22432701289653778,0.02750825323164463
YDR429C,YLR160C,0,8.772594,0.4491018056869507,0.22432701289653778,0.02760828286409378
YKL093W,YDL083C,0,8.770725,0.44820716977119446,0.22432701289653778,0.02770831249654293
YDR369C,YER074W,0,8.770006,0.44731611013412476,0.22432701289653778,0.02780834212899208
YBL041W,YBR031W,0,8.7690525,0.4464285671710968,0.22432701289653778,0.02790837176144123
YJR010W,YOR212W,0,8.759785,0.4455445408821106,0.22432701289653778,0.02800840325653553
YKL041W,YLR197W,0,8.743847,0.44466403126716614,0.22432701289653778,0.02810843288898468
YNL160W,YMR112C,0,8.736718,0.44378697872161865,0.22432701289653778,0.02820846252143383
YNL202W,YDR353W,0,8.730406,0.44291338324546814,0.22432701289653778,0.02830849215388298
YLL008W,YFR052W,0,8.725798,0.4420432150363922,0.22432701289653778,0.02840852178633213
YOL129W,YMR239C,0,8.722839,0.44117647409439087,0.22432701289653778,0.02850855328142643
YGL128C,YLL026W,1,8.703578,0.44227007031440735,0.22532403469085693,0.02850855328142643
YLR157C,YBR155W,0,8.693032,0.44140625,0.22532403469085693,0.02860858291387558
YJR017C,YHR193C,1,8.684869,0.4424951374530792,0.2263210415840149,0.02860858291387558
YBR002C,YBR006W,0,8.653912,0.44163423776626587,0.2263210415840149,0.02870861254632473
YNL202W,YLR264W,0,8.651077,0.4407767057418823,0.2263210415840149,0.02880864217877388
YMR186W,YOR162C,0,8.629729,0.4399224817752838,0.2263210415840149,0.02890867181122303
YGR169C,YMR173W,0,8.618927,0.43907156586647034,0.2263210415840149,0.02900870330631733
YMR319C,YLR348C,0,8.606239,0.4382239282131195,0.2263210415840149,0.02910873293876648
YNL006W,YDR214W,1,8.602668,0.4393063485622406,0.22731804847717285,0.02910873293876648
YHR176W,YJL014W,1,8.597163,0.4403846263885498,0.2283150553703308,0.02910873293876648
YFL016C,YJL162C,1,8.595154,0.44145873188972473,0.22931206226348877,0.02910873293876648
YOR206W,YLR157C,0,8.589045,0.4406130313873291,0.22931206226348877,0.02920876257121563
YPL163C,YBR173C,0,8.5833645,0.43977054953575134,0.22931206226348877,0.02930879220366478
YGR085C,YLR219W,0,8.577932,0.43893128633499146,0.22931206226348877,0.02940882183611393
YGL186C,YGL037C,0,8.55736,0.43809524178504944,0.22931206226348877,0.02950885333120823
YOL082W,YBR187W,0,8.550576,0.4372623562812805,0.22931206226348877,0.02960888296365738
YOR027W,YOR232W,1,8.480668,0.43833017349243164,0.23030906915664673,0.02960888296365738
YDR411C,YLR153C,0,8.474673,0.4375,0.23030906915664673,0.02970891259610653
YNL302C,YPL188W,0,8.474478,0.43667295575141907,0.23030906915664673,0.02980894222855568
YNL182C,YFL021W,0,8.472174,0.43584907054901123,0.23030906915664673,0.02990897186100483
YLR449W,YHR142W,1,8.458696,0.4369114935398102,0.2313060760498047,0.02990897186100483
YLR449W,YML048W,1,8.452643,0.4379699230194092,0.23230309784412384,0.02990897186100483
YOL129W,YIL133C,0,8.448961,0.43714821338653564,0.23230309784412384,0.03000900335609913
YJL030W,YMR300C,0,8.4480915,0.43632957339286804,0.23230309784412384,0.03010903298854828
YBR031W,YDR369C,0,8.440556,0.43551403284072876,0.23230309784412384,0.03020906262099743
YGL094C,YPL240C,0,8.429021,0.43470150232315063,0.23230309784412384,0.03030909225344658
YNL148C,YBR101C,1,8.421019,0.4357541799545288,0.2333001047372818,0.03030909225344658
YGR225W,YLR264W,0,8.415707,0.4349442422389984,0.2333001047372818,0.03040912188589573
YLR259C,YHR064C,1,8.402831,0.435992568731308,0.23429711163043976,0.03040912188589573
YMR186W,YDR461W,0,8.385139,0.43518519401550293,0.23429711163043976,0.03050915338099003
YJR082C,YER074W,0,8.380677,0.43438076972961426,0.23429711163043976,0.03060918301343918
YGL209W,YLR270W,0,8.376543,0.43357932567596436,0.23429711163043976,0.03070921264588833
YNL110C,YMR115W,0,8.375999,0.4327808618545532,0.23429711163043976,0.03080924227833748
YNL160W,YDR403W,0,8.367558,0.4319852888584137,0.23429711163043976,0.03090927191078663
YOL052C,YOL090W,0,8.354277,0.43119266629219055,0.23429711163043976,0.031009303405880928
YCR069W,YPL240C,1,8.351499,0.43223443627357483,0.23529411852359772,0.031009303405880928
YAL053W,YOR265W,1,8.348824,0.4332723915576935,0.23629112541675568,0.031009303405880928
YBR182C,YJL079C,0,8.332062,0.4324817657470703,0.23629112541675568,0.031109333038330078
YPL273W,YFR019W,0,8.327868,0.43169400095939636,0.23629112541675568,0.031209362670779228
YDR411C,YOR025W,0,8.320721,0.43090909719467163,0.23629112541675568,0.03130939230322838
YMR186W,YOR288C,1,8.313044,0.4319419264793396,0.23728813230991364,0.03130939230322838
YAL060W,YDL015C,0,8.31068,0.4311594069004059,0.23728813230991364,0.03140942379832268
YAL054C,YIL020C,0,8.307193,0.4303797483444214,0.23728813230991364,0.03150945156812668
YAL005C,YNL064C,1,8.300249,0.4314079284667969,0.2382851392030716,0.03150945156812668
YJR006W,YBR067C,0,8.288272,0.430630624294281,0.2382851392030716,0.03160948306322098
YPL240C,YJL004C,0,8.283354,0.4298561215400696,0.2382851392030716,0.03170951455831528
YBR145W,YAL039C,0,8.282471,0.4290843904018402,0.2382851392030716,0.03180954232811928
YDL022W,YML049C,0,8.273217,0.4283154010772705,0.2382851392030716,0.03190957382321358
YJR045C,YJL034W,1,8.268465,0.42933809757232666,0.23928214609622955,0.03190957382321358
YKL103C,YGL071W,0,8.261408,0.4285714328289032,0.23928214609622955,0.03200960159301758
YMR182C,YOR310C,0,8.257697,0.427807480096817,0.23928214609622955,0.03210963308811188
YPL241C,YLR259C,1,8.251429,0.42882561683654785,0.2402791678905487,0.03210963308811188
YNL006W,YML074C,1,8.243946,0.4298401474952698,0.24127617478370667,0.03210963308811188
YGR020C,YBR026C,0,8.239695,0.42907801270484924,0.24127617478370667,0.03220966458320618
YML080W,YLR350W,0,8.238798,0.428318589925766,0.24127617478370667,0.03230969235301018
YLR047C,YDL083C,0,8.228933,0.42756184935569763,0.24127617478370667,0.03240972384810448
YGL122C,YDR353W,0,8.2284775,0.4268077611923218,0.24127617478370667,0.03250975161790848
YJL162C,YOR288C,1,8.225465,0.42781689763069153,0.24227318167686462,0.03250975161790848
YAL016W,YPL252C,0,8.219505,0.42706501483917236,0.24227318167686462,0.03260978311300278
YER055C,YMR020W,0,8.214685,0.4263157844543457,0.24227318167686462,0.032709814608097076
YNL135C,YBR101C,1,8.210754,0.4273204803466797,0.24327018857002258,0.032709814608097076
YGR145W,YNL335W,0,8.203608,0.42657342553138733,0.24327018857002258,0.03280984237790108
YBR026C,YBR192W,0,8.201509,0.4258289635181427,0.24327018857002258,0.03290987387299538
YNL281W,YIL133C,0,8.20148,0.4250870943069458,0.24327018857002258,0.03300990164279938
YGL018C,YOR288C,1,8.18966,0.426086962223053,0.24426719546318054,0.03300990164279938
YJL172W,YJR112W,0,8.189232,0.4253472089767456,0.24426719546318054,0.03310993313789368
YKL041W,YER117W,0,8.186485,0.42461004853248596,0.24426719546318054,0.033209964632987976
YPR026W,YDR146C,0,8.186367,0.4238754212856293,0.24426719546318054,0.03330999240279198
YER151C,YMR250W,0,8.184881,0.4231433570384979,0.24426719546318054,0.033410023897886276
YOR317W,YOL104C,0,8.1701355,0.42241379618644714,0.24426719546318054,0.03351005166769028
YCL008C,YGL169W,0,8.16534,0.42168673872947693,0.24426719546318054,0.033610083162784576
YEL053C,YBR230C,0,8.163303,0.4209621846675873,0.24426719546318054,0.033710114657878876
YGR288W,YCL043C,0,8.159518,0.4202401340007782,0.24426719546318054,0.03381014242768288
YJL103C,YPR043W,0,8.15258,0.4195205569267273,0.24426719546318054,0.033910173922777176
YDL142C,YKL022C,0,8.144998,0.4188034236431122,0.24426719546318054,0.03401020169258118
YGR112W,YHR174W,0,8.12579,0.41808873414993286,0.24426719546318054,0.034110233187675476
YHR193C,YKL117W,1,8.124189,0.41908007860183716,0.2452642023563385,0.034110233187675476
YDR167W,YFL014W,0,8.121279,0.4183673560619354,0.2452642023563385,0.034210264682769775
YDR497C,YML128C,0,8.1148205,0.4176570475101471,0.2452642023563385,0.034310292452573776
YPL240C,YPL167C,0,8.107661,0.41694915294647217,0.2452642023563385,0.034410323947668076
YFL023W,YLR259C,1,8.106963,0.41793569922447205,0.24626120924949646,0.034410323947668076
YNL131W,YFL021W,0,8.1017275,0.4172297418117523,0.24626120924949646,0.034510351717472076
YGR258C,YLL055W,0,8.089925,0.4165261387825012,0.24626120924949646,0.034610383212566376
YHR030C,YNL259C,0,8.086496,0.41582491993904114,0.24626120924949646,0.034710414707660675
YOR310C,YMR038C,0,8.082159,0.4151260554790497,0.24626120924949646,0.034810442477464676
YDR519W,YEL003W,1,8.080605,0.4161073863506317,0.2472582310438156,0.034810442477464676
YNR003C,YFL021W,0,8.072369,0.4154103994369507,0.2472582310438156,0.034910473972558975
YOR301W,YCL057W,0,8.070467,0.4147157073020935,0.2472582310438156,0.035010501742362976
YDR498C,YIR039C,0,8.069128,0.41402336955070496,0.2472582310438156,0.035110533237457275
YDL142C,YDL208W,0,8.068063,0.41333332657814026,0.2472582310438156,0.035210564732551575
YDL084W,YLL055W,0,8.067142,0.4126455783843994,0.2472582310438156,0.035310592502355576
YHR066W,YPL110C,0,8.062567,0.4119601249694824,0.2472582310438156,0.035410623997449875
YNL007C,YJL111W,1,8.059692,0.4129353165626526,0.24825523793697357,0.035410623997449875
YPL147W,YMR229C,0,8.058108,0.41225165128707886,0.24825523793697357,0.035510651767253876
YML130C,YMR186W,1,8.056349,0.41322314739227295,0.24925224483013153,0.035510651767253876
YMR241W,YKL085W,0,8.053768,0.4125412404537201,0.24925224483013153,0.035610683262348175
YKL090W,YOR382W,0,8.046725,0.4118616282939911,0.24925224483013153,0.035710714757442474
YLR259C,YDR252W,1,8.04629,0.4128289520740509,0.2502492666244507,0.035710714757442474
YLL034C,YIL042C,0,8.042469,0.4121510684490204,0.2502492666244507,0.035810742527246475
YMR169C,YOL010W,0,8.035496,0.41147541999816895,0.2502492666244507,0.035910774022340775
YPR026W,YPR187W,0,8.02171,0.4108019769191742,0.2502492666244507,0.036010801792144775
YOL086C,YDR263C,0,8.018973,0.41013070940971375,0.2502492666244507,0.036110833287239075
YJR045C,YDR252W,1,8.017023,0.41109299659729004,0.25124627351760864,0.036110833287239075
YFR031C,YJL141C,0,8.016443,0.4104234576225281,0.25124627351760864,0.036210864782333374
YBR066C,YER150W,0,8.014652,0.4097560942173004,0.25124627351760864,0.036310892552137375
YJL162C,YAL053W,1,8.0129795,0.4107142984867096,0.2522432804107666,0.036310892552137375
YPR080W,YOR382W,0,7.992032,0.41004863381385803,0.2522432804107666,0.036410924047231674
YHR061C,YLL040C,0,7.988576,0.4093851149082184,0.2522432804107666,0.036510951817035675
YOR310C,YJL004C,0,7.9844604,0.40872374176979065,0.2522432804107666,0.036610983312129974
YAL005C,YLR090W,1,7.9796476,0.4096774160861969,0.25324028730392456,0.036610983312129974
YKL001C,YIR039C,0,7.974559,0.4090177118778229,0.25324028730392456,0.036711014807224274
YJR082C,YGR032W,0,7.9712467,0.4083601236343384,0.25324028730392456,0.036811042577028275
YLR206W,YLR316C,0,7.968818,0.4077046513557434,0.25324028730392456,0.036911074072122574
YJL034W,YEL003W,1,7.967887,0.4086538553237915,0.2542372941970825,0.036911074072122574
YGR032W,YMR186W,0,7.9655194,0.40799999237060547,0.2542372941970825,0.037011101841926575
YGL180W,YBR010W,0,7.965287,0.40734824538230896,0.2542372941970825,0.037111133337020874
YML094W,YER048C,1,7.9483376,0.4082934558391571,0.2552343010902405,0.037111133337020874
YKL085W,YMR296C,0,7.93213,0.40764331817626953,0.2552343010902405,0.03721116483211517
YDR449C,YEL041W,0,7.928684,0.4069952368736267,0.2552343010902405,0.037311192601919174
YDL054C,YLR197W,0,7.921652,0.40634921193122864,0.2552343010902405,0.037411224097013474
YER103W,YLR024C,0,7.9130163,0.4057052433490753,0.2552343010902405,0.037511251866817474
YKL020C,YDL083C,0,7.896242,0.40506330132484436,0.2552343010902405,0.037611283361911774
YDR188W,YNL281W,1,7.892805,0.4060031473636627,0.25623130798339844,0.037611283361911774
YJL155C,YNL298W,0,7.8918104,0.4053627848625183,0.25623130798339844,0.03771131485700607
YLL024C,YML094W,1,7.8885345,0.4062992036342621,0.2572283148765564,0.03771131485700607
YDR155C,YNL153C,1,7.88285,0.40723270177841187,0.25822532176971436,0.03771131485700607
YDL021W,YNL259C,0,7.880041,0.4065934121608734,0.25822532176971436,0.037811342626810074
YBR196C,YOR349W,0,7.8732996,0.40595611929893494,0.25822532176971436,0.03791137412190437
YER098W,YLR344W,0,7.87029,0.40532082319259644,0.25822532176971436,0.038011401891708374
YLR449W,YIR004W,1,7.860736,0.40625,0.2592223286628723,0.038011401891708374
YPL131W,YPR138C,0,7.8529015,0.40561622381210327,0.2592223286628723,0.03811143338680267
YNL314W,YLR251W,0,7.839511,0.40498441457748413,0.2592223286628723,0.03821146488189697
YFL016C,YLL024C,1,7.8390665,0.40590980648994446,0.2602193355560303,0.03821146488189697
YNL006W,YHR064C,1,7.8347874,0.4068323075771332,0.26121634244918823,0.03821146488189697
YDR212W,YDL229W,1,7.830265,0.4077519476413727,0.2622133493423462,0.03821146488189697
YKL117W,YJL111W,1,7.830246,0.40866872668266296,0.26321035623550415,0.03821146488189697
YOR313C,YFR052W,0,7.821592,0.40803709626197815,0.26321035623550415,0.038311492651700974
YKR071C,YLL012W,0,7.8199644,0.40740740299224854,0.26321035623550415,0.03841152414679527
YJR017C,YJL111W,1,7.8104362,0.40832048654556274,0.2642073631286621,0.03841152414679527
YLR009W,YAL038W,0,7.8091955,0.4076923131942749,0.2642073631286621,0.038511551916599274
YJR078W,YPR060C,0,7.801542,0.4070660471916199,0.2642073631286621,0.03861158341169357
YBR257W,YLR251W,0,7.7951803,0.40644171833992004,0.2642073631286621,0.03871161490678787
YOL165C,YOR317W,0,7.7939277,0.405819296836853,0.2642073631286621,0.03881164267659187
YAL058W,YOR232W,1,7.793584,0.4067278206348419,0.26520439982414246,0.03881164267659187
YML130C,YNL007C,1,7.7927084,0.40763360261917114,0.2662014067173004,0.03881164267659187
YKL206C,YDR496C,0,7.789756,0.4070121943950653,0.2662014067173004,0.03891167417168617
YLR200W,YCL043C,1,7.788785,0.40791475772857666,0.2671984136104584,0.03891167417168617
YML078W,YBR155W,1,7.787986,0.40881457924842834,0.26819542050361633,0.03891167417168617
YMR032W,YLR251W,0,7.7818956,0.40819424390792847,0.26819542050361633,0.03901170194149017
YOR298W,YKL067W,0,7.7775626,0.4075757563114166,0.26819542050361633,0.03911173343658447
YCR093W,YDR353W,0,7.7594166,0.4069591462612152,0.26819542050361633,0.03921176493167877
YDR212W,YML078W,1,7.755787,0.40785497426986694,0.2691924273967743,0.03921176493167877
YAR027W,YBR282W,0,7.754032,0.4072398245334625,0.2691924273967743,0.03931179270148277
YNL178W,YBR052C,0,7.7497296,0.40662649273872375,0.2691924273967743,0.03941182419657707
YGR175C,YAL017W,0,7.732052,0.4060150384902954,0.2691924273967743,0.03951185196638107
YAL060W,YHL034C,0,7.729555,0.4054054021835327,0.2691924273967743,0.03961188346147537
YNL310C,YLL024C,1,7.72153,0.40629684925079346,0.27018943428993225,0.03961188346147537
YGR285C,YHR034C,1,7.720087,0.4071856141090393,0.2711864411830902,0.03961188346147537
YOL088C,YOR027W,1,7.7150507,0.40807175636291504,0.27218344807624817,0.03961188346147537
YDR172W,YJL079C,0,7.7075553,0.4074626863002777,0.27218344807624817,0.03971191495656967
YKL117W,YDR252W,1,7.7036624,0.4083457589149475,0.27318045496940613,0.03971191495656967
YLL055W,YKR044W,0,7.701474,0.4077380895614624,0.27318045496940613,0.03981194272637367
YDR296W,YAR027W,0,7.6893015,0.40713223814964294,0.27318045496940613,0.03991197422146797
YHR059W,YMR136W,0,7.6877937,0.40652820467948914,0.27318045496940613,0.04001200199127197
YEL031W,YLR270W,0,7.683722,0.4059259295463562,0.27318045496940613,0.04011203348636627
YML078W,YNL077W,1,7.681222,0.40680474042892456,0.2741774618625641,0.04011203348636627
YAL033W,YDL070W,0,7.675935,0.40620383620262146,0.2741774618625641,0.04021206498146057
YHR193C,YFR041C,1,7.6684976,0.40707963705062866,0.27517446875572205,0.04021206498146057
YDR155C,YOR265W,1,7.6635714,0.4079528748989105,0.27617147564888,0.04021206498146057
YHR156C,YNL052W,0,7.6596327,0.4073529541492462,0.27617147564888,0.04031209275126457
YHR034C,YJR064W,1,7.653188,0.4082232117652893,0.27716848254203796,0.04031209275126457
YIL002C,YPR043W,0,7.6507235,0.40762463212013245,0.27716848254203796,0.04041212424635887
YPL106C,YFR041C,1,7.648017,0.40849193930625916,0.2781654894351959,0.04041212424635887
YNL310C,YNL064C,1,7.6457872,0.4093567132949829,0.27916252613067627,0.04041212424635887
YAL053W,YML074C,1,7.6415877,0.4102189838886261,0.28015953302383423,0.04041212424635887
YLR200W,YHR057C,1,7.6400785,0.41107872128486633,0.2811565399169922,0.04041212424635887
YER175C,YCL025C,0,7.629281,0.4104803502559662,0.2811565399169922,0.04051215201616287
YPL106C,YIL016W,1,7.623192,0.4113371968269348,0.28215354681015015,0.04051215201616287
YML130C,YDR519W,1,7.6160297,0.41219156980514526,0.2831505537033081,0.04051215201616287
YPL037C,YJL073W,1,7.6078033,0.41304346919059753,0.28414756059646606,0.04051215201616287
YBR118W,YLR270W,0,7.60398,0.41244572401046753,0.28414756059646606,0.04061218351125717
YOL088C,YJL111W,1,7.599925,0.41329479217529297,0.285144567489624,0.04061218351125717
YHR179W,YPL093W,0,7.5960374,0.4126984179019928,0.285144567489624,0.04071221500635147
YER013W,YPR160W,0,7.5838246,0.4121037423610687,0.285144567489624,0.04081224277615547
YHR179W,YLR163C,0,7.5743794,0.41151079535484314,0.285144567489624,0.04091227427124977
YJR010W,YNL079C,0,7.5706863,0.41091954708099365,0.285144567489624,0.04101230204105377
YGR285C,YOR288C,1,7.56453,0.4117647111415863,0.286141574382782,0.04101230204105377
YIR038C,YGL220W,0,7.5621886,0.4111747741699219,0.286141574382782,0.04111233353614807
YLR216C,YHR142W,1,7.554274,0.41201716661453247,0.28713858127593994,0.04111233353614807
YGR085C,YDL216C,0,7.5445275,0.4114285707473755,0.28713858127593994,0.04121236503124237
YGL122C,YKL165C,0,7.543419,0.4108416438102722,0.28713858127593994,0.04131239280104637
YDR245W,YLR270W,0,7.5401373,0.41025641560554504,0.28713858127593994,0.04141242429614067
YHR176W,YCL043C,1,7.538225,0.4110952913761139,0.2881355881690979,0.04141242429614067
YDL022W,YGL148W,0,7.5362463,0.4105113744735718,0.2881355881690979,0.04151245206594467
YJL124C,YNL274C,0,7.5305777,0.4099290668964386,0.2881355881690979,0.04161248356103897
YLR200W,YML078W,1,7.523029,0.4107648730278015,0.28913259506225586,0.04161248356103897
YPR125W,YBL098W,0,7.508975,0.4101838767528534,0.28913259506225586,0.04171251505613327
YDR423C,YGR214W,0,7.508687,0.4096045196056366,0.28913259506225586,0.04181254282593727
YLR452C,YDL215C,0,7.504983,0.4090268015861511,0.28913259506225586,0.04191257432103157
YMR300C,YPL027W,0,7.4981136,0.4084506928920746,0.28913259506225586,0.04201260209083557
YPL213W,YHR209W,0,7.491661,0.40787622332572937,0.28913259506225586,0.04211263358592987
YLL055W,YJL128C,0,7.4851646,0.4073033630847931,0.28913259506225586,0.04221266508102417
YPR137W,YNL335W,0,7.484003,0.40673211216926575,0.28913259506225586,0.04231269285082817
YLR259C,YML074C,1,7.4793553,0.4075630307197571,0.2901296019554138,0.04231269285082817
YER103W,YGR143W,0,7.4750905,0.40699300169944763,0.2901296019554138,0.04241272434592247
YEL012W,YER168C,0,7.466284,0.4064245820045471,0.2901296019554138,0.04251275211572647
YER050C,YAR035W,0,7.4639974,0.40585774183273315,0.2901296019554138,0.04261278361082077
YML058W-A,YPL134C,0,7.4532614,0.40529248118400574,0.2901296019554138,0.04271281510591507
YML112W,YBR118W,0,7.4364233,0.40472880005836487,0.2901296019554138,0.04281284287571907
YML074C,YGR231C,1,7.4293194,0.4055555462837219,0.2911266088485718,0.04281284287571907
YNL007C,YML048W,1,7.4185824,0.4063800275325775,0.29212361574172974,0.04281284287571907
YBR066C,YGR214W,0,7.4063573,0.4058171808719635,0.29212361574172974,0.04291287437081337
YNL310C,YNL209W,1,7.4049244,0.4066390097141266,0.2931206524372101,0.04291287437081337
YMR025W,YIL133C,0,7.398941,0.4060773551464081,0.2931206524372101,0.04301290214061737
YGR145W,YDL022W,0,7.395832,0.40551725029945374,0.2931206524372101,0.04311293363571167
YJL162C,YJR046W,1,7.3926306,0.40633609890937805,0.29411765933036804,0.04311293363571167
YOL124C,YAL040C,0,7.391262,0.4057771563529968,0.29411765933036804,0.04321296513080597
YGR078C,YLL024C,1,7.3824167,0.4065934121608734,0.295114666223526,0.04321296513080597
YJL191W,YJL082W,0,7.3701534,0.4060356616973877,0.295114666223526,0.04331299290060997
YLR452C,YJL141C,0,7.3683457,0.40547946095466614,0.295114666223526,0.04341302439570427
YPL106C,YOR265W,1,7.36333,0.40629273653030396,0.29611167311668396,0.04341302439570427
YMR112C,YLR270W,0,7.3566766,0.4057376980781555,0.29611167311668396,0.04351305216550827
YAL054C,YIR005W,0,7.348876,0.40518417954444885,0.29611167311668396,0.04361308366060257
YKL161C,YDR496C,0,7.3461056,0.4046321511268616,0.29611167311668396,0.04371311515569687
YAL060W,YDR472W,0,7.344473,0.40408164262771606,0.29611167311668396,0.04381314292550087
YDR155C,YPL240C,1,7.344202,0.40489131212234497,0.2971086800098419,0.04381314292550087
YLL040C,YBR074W,0,7.3407283,0.4043419361114502,0.2971086800098419,0.04391317442059517
YGR231C,YML094W,1,7.3399906,0.40514904260635376,0.2981056869029999,0.04391317442059517
YDR212W,YDR155C,1,7.3303156,0.4059540033340454,0.29910269379615784,0.04391317442059517
YPL027W,YPR160W,0,7.3290167,0.4054054021835327,0.29910269379615784,0.04401320219039917
YER150W,YFL017W-A,0,7.3179274,0.4048582911491394,0.29910269379615784,0.04411323368549347
YGL018C,YHR193C,1,7.314777,0.40566039085388184,0.3000997006893158,0.04411323368549347
YNL077W,YDR518W,1,7.3139186,0.4064602851867676,0.30109670758247375,0.04411323368549347
YOR349W,YCR069W,1,7.313192,0.4072580635547638,0.3020937144756317,0.04411323368549347
YKL206C,YML052W,0,7.3117714,0.4067113995552063,0.3020937144756317,0.04421326518058777
YML028W,YIR039C,0,7.3093944,0.4061662256717682,0.3020937144756317,0.04431329295039177
YCR069W,YOR232W,1,7.2854075,0.4069611728191376,0.3030907213687897,0.04431329295039177
YOL088C,YAL058W,1,7.281462,0.40775400400161743,0.30408772826194763,0.04431329295039177
YDR155C,YDL229W,1,7.2806683,0.40854471921920776,0.3050847351551056,0.04431329295039177
YGL103W,YCR026C,0,7.2787933,0.40799999237060547,0.3050847351551056,0.04441332444548607
YDL061C,YDR304C,0,7.2743587,0.40745672583580017,0.3050847351551056,0.04451335221529007
YMR186W,YPL037C,1,7.2693443,0.40824466943740845,0.30608174204826355,0.04451335221529007
YLR200W,YMR214W,1,7.268685,0.409030556678772,0.3070787489414215,0.04451335221529007
YLR216C,YML078W,1,7.2608743,0.40981432795524597,0.30807578563690186,0.04451335221529007
YGL209W,YMR173W,0,7.260433,0.4092715084552765,0.30807578563690186,0.04461338371038437
YBR155W,YNL239W,0,7.2529593,0.408730149269104,0.30807578563690186,0.04471341520547867
YOL158C,YBR145W,0,7.251583,0.40819022059440613,0.30807578563690186,0.04481344297528267
YLL051C,YAL060W,0,7.2487993,0.40765172243118286,0.30807578563690186,0.04491347447037697
YBR294W,YDR429C,0,7.2417035,0.4071146249771118,0.30807578563690186,0.04501350224018097
YJR045C,YCR060W,1,7.234132,0.40789473056793213,0.3090727925300598,0.04501350224018097
YDR030C,YAR002C-A,0,7.229206,0.40735873579978943,0.3090727925300598,0.04511353373527527
YDR473C,YJR103W,0,7.226275,0.40682414174079895,0.3090727925300598,0.04521356523036957
YMR241W,YFL013C,0,7.2242975,0.4062909483909607,0.3090727925300598,0.04531359300017357
YJR032W,YLL026W,1,7.217626,0.40706807374954224,0.3100697994232178,0.04531359300017357
YDL021W,YOR226C,0,7.2139626,0.40653595328330994,0.3100697994232178,0.04541362449526787
YGL170C,YBR026C,0,7.2139435,0.40600523352622986,0.3100697994232178,0.04551365226507187
YGR078C,YCR069W,1,7.2088056,0.4067796468734741,0.31106680631637573,0.04551365226507187
YML073C,YGL174W,0,7.201185,0.40625,0.31106680631637573,0.04561368376016617
YGR078C,YOR288C,1,7.200261,0.4070221185684204,0.3120638132095337,0.04561368376016617
YHR064C,YAL058W,1,7.200118,0.40779221057891846,0.31306082010269165,0.04561368376016617
YDR240C,YPR160W,0,7.1950636,0.40726330876350403,0.31306082010269165,0.04571371525526047
YKL093W,YDR449C,0,7.19384,0.40673574805259705,0.31306082010269165,0.04581374302506447
YGR052W,YNR013C,0,7.188857,0.4062095582485199,0.31306082010269165,0.04591377452015877
YDL074C,YJL082W,0,7.1886435,0.40568476915359497,0.31306082010269165,0.04601380228996277
YMR020W,YOR317W,0,7.18651,0.4051612913608551,0.31306082010269165,0.04611383378505707
YAR035W,YDR496C,0,7.1843176,0.40463918447494507,0.31306082010269165,0.04621386528015137
YBR202W,YNL274C,0,7.18159,0.4041184186935425,0.31306082010269165,0.04631389304995537
YJR017C,YGL128C,1,7.166026,0.40488430857658386,0.3140578269958496,0.04631389304995537
YJL128C,YDL083C,0,7.1637506,0.40436455607414246,0.3140578269958496,0.04641392454504967
YHR109W,YCL034W,0,7.153678,0.4038461446762085,0.3140578269958496,0.04651395604014397
YML073C,YPL065W,0,7.147313,0.403329074382782,0.3140578269958496,0.04661398380994797
YCR069W,YOR265W,1,7.1445084,0.40409207344055176,0.31505483388900757,0.04661398380994797
YKL103C,YLL041C,0,7.143656,0.40357598662376404,0.31505483388900757,0.04671401530504227
YAL017W,YHR135C,0,7.1268234,0.4030612111091614,0.31505483388900757,0.04681404307484627
YGR285C,YJR045C,1,7.1166625,0.4038216471672058,0.3160518407821655,0.04681404307484627
YIL140W,YLR251W,0,7.1104784,0.40330788493156433,0.3160518407821655,0.04691407456994057
YBR182C,YOR099W,0,7.0989823,0.4027954339981079,0.3160518407821655,0.047014106065034866
YBR155W,YAL039C,0,7.098071,0.40228426456451416,0.3160518407821655,0.04711413383483887
YLL027W,YBR173C,0,7.0950756,0.40177440643310547,0.3160518407821655,0.047214165329933167
YNL077W,YBR155W,1,7.088255,0.4025316536426544,0.3170488476753235,0.047214165329933167
YNL310C,YIR004W,1,7.079316,0.40328696370124817,0.31804585456848145,0.047214165329933167
YFL023W,YLL024C,1,7.077459,0.4040403962135315,0.3190428614616394,0.047214165329933167
YDR245W,YHL034C,0,7.0758944,0.40353089570999146,0.3190428614616394,0.04731419309973717
YDR082W,YNL302C,0,7.0709915,0.4030226767063141,0.3190428614616394,0.04741422459483147
YJR078W,YHR085W,0,7.068839,0.402515709400177,0.3190428614616394,0.047514256089925766
YLR153C,YNR002C,0,7.0624185,0.402010053396225,0.3190428614616394,0.04761428385972977
YAL060W,YKR055W,0,7.0605793,0.40150564908981323,0.3190428614616394,0.047714315354824066
YLL019C,YBR067C,0,7.059375,0.4010024964809418,0.3190428614616394,0.04781434312462807
YGR285C,YGR231C,1,7.0516634,0.40175220370292664,0.32003986835479736,0.04781434312462807
YML032C,YGL062W,0,7.0443788,0.4012500047683716,0.32003986835479736,0.047914374619722366
YFL014W,YGR255C,0,7.0421,0.4007490575313568,0.32003986835479736,0.048014406114816666
YGR036C,YGR214W,0,7.0374584,0.4002493619918823,0.32003986835479736,0.048114433884620667
YMR272C,YNL239W,0,7.0300612,0.3997509479522705,0.32003986835479736,0.048214465379714966
YDR378C,YKL085W,0,7.0270653,0.3992537260055542,0.32003986835479736,0.04831449314951897
YDR144C,YOR382W,0,7.0172276,0.3987577557563782,0.32003986835479736,0.048414524644613266
YLR200W,YJR046W,1,7.0171614,0.3995037078857422,0.3210368752479553,0.048414524644613266
YMR161W,YJR045C,1,7.010598,0.40024784207344055,0.32203391194343567,0.048414524644613266
YJR078W,YDR172W,0,7.0094123,0.3997524678707123,0.32203391194343567,0.048514556139707565
YMR272C,YMR115W,0,7.002034,0.3992583453655243,0.32203391194343567,0.048614583909511566
YPR200C,YLR153C,0,6.994272,0.3987654447555542,0.32203391194343567,0.048714615404605865
YGR085C,YJL172W,0,6.994051,0.3982737362384796,0.32203391194343567,0.048814643174409866
YOR297C,YIL094C,0,6.991316,0.3977832496166229,0.32203391194343567,0.048914674669504166
YPL131W,YGR258C,0,6.9860373,0.39729398488998413,0.32203391194343567,0.049014706164598465
YOL086C,YMR193W,0,6.9830003,0.39680588245391846,0.32203391194343567,0.049114733934402466
YLL029W,YNL078W,0,6.980806,0.39631903171539307,0.32203391194343567,0.049214765429496765
YJR045C,YMR214W,1,6.9774404,0.3970588147640228,0.32303091883659363,0.049214765429496765
YML074C,YHR142W,1,6.9717255,0.3977968096733093,0.3240279257297516,0.049214765429496765
YNR006W,YHR174W,0,6.970737,0.3973105251789093,0.3240279257297516,0.049314793199300766
YBR223C,YBR010W,0,6.9603786,0.3968254029750824,0.3240279257297516,0.049414824694395065
YDR030C,YOR243C,0,6.9598784,0.396341472864151,0.3240279257297516,0.049514856189489365
YBR183W,YLR285W,0,6.95944,0.3958587050437927,0.3240279257297516,0.049614883959293365
YAL054C,YMR032W,0,6.957505,0.39537712931632996,0.3240279257297516,0.049714915454387665
YHR176W,YNL281W,1,6.954394,0.39611178636550903,0.32502493262290955,0.049714915454387665
YDR164C,YOR298W,0,6.9522123,0.3956310749053955,0.32502493262290955,0.049814943224191666
YNL107W,YGL030W,0,6.9505496,0.3951515257358551,0.32502493262290955,0.049914974719285965
YHR193C,YHR057C,1,6.9496684,0.3958837687969208,0.3260219395160675,0.049914974719285965
YPL007C,YMR272C,0,6.9478064,0.3954050838947296,0.3260219395160675,0.050015006214380264
YMR161W,YDR214W,1,6.9451857,0.39613527059555054,0.32701894640922546,0.050015006214380264
YNR035C,YAL039C,0,6.933027,0.39565742015838623,0.32701894640922546,0.050115033984184265
YNL160W,YGR089W,0,6.9266376,0.39518073201179504,0.32701894640922546,0.050215065479278564
YNR067C,YGR032W,0,6.923067,0.3947051763534546,0.32701894640922546,0.050315093249082565
YAL060W,YMR038C,0,6.9212537,0.39423078298568726,0.32701894640922546,0.050415124744176865
YBR183W,YKL165C,0,6.9207535,0.39375749230384827,0.32701894640922546,0.050515156239271164
YMR117C,YGL225W,0,6.9200964,0.3932853639125824,0.32701894640922546,0.050615184009075165
YLR216C,YOR027W,1,6.9120774,0.3940119743347168,0.3280159533023834,0.050615184009075165
YLL034C,YAL039C,0,6.909459,0.3935406804084778,0.3280159533023834,0.050715215504169464
YKR069W,YIL133C,0,6.9073505,0.3930704891681671,0.3280159533023834,0.050815243273973465
YMR049C,YLR206W,0,6.9072194,0.3926014304161072,0.3280159533023834,0.050915274769067764
YPR026W,YGL071W,0,6.9022684,0.392133504152298,0.3280159533023834,0.051015306264162064
YOR054C,YPL240C,0,6.901417,0.3916666805744171,0.3280159533023834,0.051115334033966064
YGL200C,YOR393W,0,6.899734,0.3912009596824646,0.3280159533023834,0.051215365529060364
YPR030W,YPR043W,0,6.897174,0.39073634147644043,0.3280159533023834,0.051315393298864365
YER098W,YOR204W,0,6.894723,0.3902728259563446,0.3280159533023834,0.051415424793958664
YPL221W,YEL003W,1,6.8889914,0.3909952640533447,0.3290129601955414,0.051415424793958664
YPL127C,YMR061W,0,6.870775,0.39053255319595337,0.3290129601955414,0.05151545628905296
YML006C,YPL196W,0,6.869626,0.39007091522216797,0.3290129601955414,0.051615484058856964
YNR002C,YLR348C,0,6.8658056,0.3896103799343109,0.3290129601955414,0.05171551555395126
YPR083W,YMR136W,0,6.860423,0.3891509473323822,0.3290129601955414,0.051815543323755264
YPL241C,YIL142W,1,6.8568807,0.38987043499946594,0.33000996708869934,0.051815543323755264
YOL088C,YDR519W,1,6.8536463,0.3905882239341736,0.3310069739818573,0.051815543323755264
YLL040C,YPL093W,0,6.8528795,0.3901292681694031,0.3310069739818573,0.051915574818849564
YGR032W,YNR003C,0,6.8526545,0.38967135548591614,0.3310069739818573,0.05201560631394386
YDR064W,YNL084C,0,6.850437,0.38921454548835754,0.3310069739818573,0.052115634083747864
YNL007C,YDR519W,1,6.8502436,0.38992974162101746,0.33200398087501526,0.052115634083747864
YDL229W,YJL073W,1,6.8342323,0.39064326882362366,0.3330009877681732,0.052115634083747864
YCR069W,YIR004W,1,6.8334236,0.39135512709617615,0.3339979946613312,0.052115634083747864
YDL143W,YLL024C,1,6.8325405,0.3920653462409973,0.33499500155448914,0.052115634083747864
YML130C,YNL077W,1,6.8323183,0.39277389645576477,0.3359920382499695,0.052115634083747864
YIR011C,YGR112W,0,6.827722,0.39231663942337036,0.3359920382499695,0.05221566557884216
YNL064C,YNL007C,1,6.826593,0.3930232524871826,0.33698904514312744,0.05221566557884216
YDL179W,YIL133C,0,6.8220577,0.3925667703151703,0.33698904514312744,0.052315693348646164
YFL014W,YMR025W,0,6.8160934,0.3921113610267639,0.33698904514312744,0.05241572484374046
YDR212W,YGL018C,1,6.815324,0.3928157687187195,0.3379860520362854,0.05241572484374046
YIL079C,YKL001C,0,6.8151236,0.3923611044883728,0.3379860520362854,0.05251575633883476
YDR151C,YDR518W,1,6.786641,0.39306357502937317,0.33898305892944336,0.05251575633883476
YDR188W,YNL064C,1,6.7839956,0.3937644362449646,0.3399800658226013,0.05251575633883476
YMR169C,YJL194W,0,6.7836623,0.3933102786540985,0.3399800658226013,0.05261578410863876
YNL230C,YER019C-A,0,6.77796,0.3928571343421936,0.3399800658226013,0.05271581560373306
YDR151C,YOR313C,0,6.76995,0.39240506291389465,0.3399800658226013,0.052815843373537064
YML094W,YDR519W,1,6.757802,0.3931034505367279,0.3409770727157593,0.052815843373537064
YJL030W,YDR497C,0,6.750913,0.39265212416648865,0.3409770727157593,0.05291587486863136
YGR216C,YOR317W,0,6.748163,0.39220184087753296,0.3409770727157593,0.05301590636372566
YPR001W,YMR229C,0,6.7408504,0.39175257086753845,0.3409770727157593,0.05311593413352966
YDL083C,YGR276C,0,6.740567,0.3913043439388275,0.3409770727157593,0.05321596562862396
YAL060W,YIR018W,0,6.739706,0.39085713028907776,0.3409770727157593,0.05331599339842796
YNL073W,YNL302C,0,6.737912,0.3904109597206116,0.3409770727157593,0.05341602489352226
YMR169C,YDR473C,0,6.726667,0.38996580243110657,0.3409770727157593,0.05351605638861656
YDR064W,YFR019W,0,6.720241,0.38952162861824036,0.3409770727157593,0.05361608415842056
YNL281W,YDR252W,1,6.7056746,0.3902161419391632,0.34197407960891724,0.05361608415842056
YOR349W,YNL007C,1,6.702484,0.3909091055393219,0.3429710865020752,0.05361608415842056
YGL014W,YMR159C,0,6.701931,0.3904653787612915,0.3429710865020752,0.05371611565351486
YJL024C,YLL055W,0,6.7003965,0.3900226652622223,0.3429710865020752,0.05381614342331886
YGL128C,YBR101C,1,6.6996713,0.39071348309516907,0.34396809339523315,0.05381614342331886
YNL064C,YHR193C,1,6.697813,0.3914027214050293,0.3449651002883911,0.05381614342331886
YPR026W,YDR364C,0,6.696478,0.3909604549407959,0.3449651002883911,0.05391617491841316
YCL025C,YKL172W,0,6.68727,0.3905192017555237,0.3449651002883911,0.05401620641350746
YKL103C,YBR282W,0,6.683708,0.39007893204689026,0.3449651002883911,0.05411623418331146
YPL240C,YGR155W,0,6.6821337,0.38963964581489563,0.3449651002883911,0.05421626567840576
YOL088C,YMR186W,1,6.681989,0.39032620191574097,0.3459621071815491,0.05421626567840576
YIR038C,YJR101W,0,6.6784534,0.38988763093948364,0.3459621071815491,0.05431629344820976
YOR071C,YGR222W,0,6.6735334,0.3894500434398651,0.3459621071815491,0.05441632494330406
YHR156C,YFL021W,0,6.6703844,0.3890134394168854,0.3459621071815491,0.05451635643839836
YKL085W,YOR098C,0,6.668871,0.38857781887054443,0.3459621071815491,0.05461638420820236
YCR014C,YOR204W,0,6.665556,0.3881431818008423,0.3459621071815491,0.05471641570329666
YER103W,YGR134W,0,6.6624174,0.38770949840545654,0.3459621071815491,0.05481644347310066
YHR179W,YMR194W,0,6.6622295,0.3872767984867096,0.3459621071815491,0.05491647496819496
YBR183W,YGL148W,0,6.6620164,0.38684505224227905,0.3459621071815491,0.05501650646328926
YBR183W,YPL252C,0,6.655434,0.3864142596721649,0.3459621071815491,0.05511653423309326
YHR179W,YFL017W-A,0,6.6528645,0.3859844207763672,0.3459621071815491,0.05521656572818756
YKL117W,YOR265W,1,6.6443586,0.3866666555404663,0.34695911407470703,0.05521656572818756
YAL058W,YJL034W,1,6.6401033,0.38734740018844604,0.347956120967865,0.05521656572818756
YLL045C,YNL304W,0,6.635774,0.38691794872283936,0.347956120967865,0.05531659349799156
YML130C,YDL143W,1,6.632958,0.38759690523147583,0.34895312786102295,0.05531659349799156
YMR115W,YDR226W,0,6.6312394,0.38716813921928406,0.34895312786102295,0.05541662499308586
YDR079W,YOL158C,0,6.628278,0.3867403268814087,0.34895312786102295,0.05551665648818016
YDL143W,YDL212W,1,6.626279,0.3874172270298004,0.3499501347541809,0.05551665648818016
YNL160W,YLR187W,0,6.6126366,0.3869900703430176,0.3499501347541809,0.05561668425798416
YGR180C,YPL163C,0,6.6108985,0.38656386733055115,0.3499501347541809,0.05571671575307846
YJL034W,YML132W,0,6.6019344,0.3861386179924011,0.3499501347541809,0.05581674352288246
YBR128C,YNL307C,0,6.590063,0.3857142925262451,0.3499501347541809,0.05591677501797676
YCL043C,YJL014W,1,6.586194,0.3863885700702667,0.35094717144966125,0.05591677501797676
YGL209W,YDR296W,0,6.572468,0.38596490025520325,0.35094717144966125,0.05601680651307106
YIR038C,YKL203C,0,6.568087,0.3855421543121338,0.35094717144966125,0.05611683428287506
YLL019C,YGL060W,0,6.565134,0.38512036204338074,0.35094717144966125,0.05621686577796936
YAL005C,YIR004W,1,6.5619764,0.3857923448085785,0.3519441783428192,0.05621686577796936
YAR027W,YPL274W,0,6.558422,0.3853711783885956,0.3519441783428192,0.05631689354777336
YLR113W,YAR027W,0,6.5579133,0.3849509358406067,0.3519441783428192,0.05641692504286766
YHR176W,YDR214W,1,6.5529127,0.38562092185020447,0.3529411852359772,0.05641692504286766
YER150W,YDR423C,0,6.5483556,0.3852013051509857,0.3529411852359772,0.05651695653796196
YJL014W,YHR142W,1,6.5483456,0.385869562625885,0.35393819212913513,0.05651695653796196
YGR144W,YPR163C,0,6.547303,0.3854506015777588,0.35393819212913513,0.05661698430776596
YDL171C,YAL017W,0,6.5449476,0.3850325345993042,0.35393819212913513,0.05671701580286026
YML073C,YMR238W,0,6.541022,0.38461539149284363,0.35393819212913513,0.05681704357266426
YNL209W,YDR518W,1,6.5374937,0.38528138399124146,0.3549351990222931,0.05681704357266426
YML051W,YHR209W,0,6.535305,0.384864866733551,0.3549351990222931,0.05691707506775856
YDR296W,YBR182C,0,6.5338173,0.3844492435455322,0.3549351990222931,0.05701710656285286
YIL002C,YPR187W,0,6.531991,0.38403451442718506,0.3549351990222931,0.05711713433265686
YJL085W,YOL040C,0,6.52672,0.3836206793785095,0.3549351990222931,0.05721716582775116
YKL117W,YCR060W,1,6.525993,0.3842841684818268,0.35593220591545105,0.05721716582775116
YCL043C,YLR325C,0,6.5259843,0.3838709592819214,0.35593220591545105,0.05731719359755516
YPR135W,YML056C,0,6.521502,0.3834586441516876,0.35593220591545105,0.05741722509264946
YOR297C,YBR115C,0,6.5197797,0.3830472230911255,0.35593220591545105,0.05751725658774376
YOR138C,YNL078W,0,6.5189576,0.3826366662979126,0.35593220591545105,0.05761728435754776
YMR146C,YPL119C,0,6.5125465,0.38222697377204895,0.35593220591545105,0.05771731585264206
YDR233C,YCL008C,0,6.5118165,0.38181817531585693,0.35593220591545105,0.05781734362244606
YLL029W,YFL048C,0,6.5113683,0.38141027092933655,0.35593220591545105,0.05791737511754036
YEL037C,YGR032W,0,6.5029087,0.381003201007843,0.35593220591545105,0.05801740661263466
YDL225W,YJR103W,0,6.4994,0.3805970251560211,0.35593220591545105,0.05811743438243866
YBR129C,YKL085W,0,6.499341,0.3801916837692261,0.35593220591545105,0.05821746587753296
YCL025C,YJR103W,0,6.498991,0.37978723645210266,0.35593220591545105,0.05831749364733696
YBL058W,YLR009W,0,6.496567,0.3793836236000061,0.35593220591545105,0.05841752514243126
YDL170W,YGL148W,0,6.4950395,0.3789809048175812,0.35593220591545105,0.05851755663752556
YNL153C,YDR353W,0,6.493309,0.3785789906978607,0.35593220591545105,0.05861758440732956
YKL103C,YJL166W,0,6.4888144,0.3781779706478119,0.35593220591545105,0.05871761590242386
YPL200W,YFL045C,0,6.4855604,0.3777777850627899,0.35593220591545105,0.05881764367222786
YLR206W,YML052W,0,6.4836817,0.3773784339427948,0.35593220591545105,0.05891767516732216
YNL302C,YDR364C,0,6.4817667,0.3769799470901489,0.35593220591545105,0.05901770666241646
YBR223C,YFR001W,0,6.478103,0.3765822649002075,0.35593220591545105,0.05911773443222046
YLL061W,YIR005W,0,6.4763603,0.37618544697761536,0.35593220591545105,0.05921776592731476
YMR186W,YOR027W,1,6.474517,0.37684211134910583,0.356929212808609,0.05921776592731476
YDL036C,YHR005C-A,0,6.465429,0.37644585967063904,0.356929212808609,0.05931779369711876
YOL155C,YMR194W,0,6.463279,0.3760504126548767,0.356929212808609,0.05941782519221306
YLR449W,YJL008C,1,6.458969,0.376705139875412,0.35792621970176697,0.05941782519221306
YDL227C,YKL085W,0,6.4487967,0.376310259103775,0.35792621970176697,0.05951785668730736
YJL141C,YOL158C,0,6.4421177,0.3759162425994873,0.35792621970176697,0.05961788445711136
YGR155W,YMR213W,0,6.442105,0.37552300095558167,0.35792621970176697,0.05971791595220566
YLL045C,YNR035C,0,6.4340196,0.37513062357902527,0.35792621970176697,0.05981794372200966
YGR255C,YGR118W,0,6.4229717,0.37473905086517334,0.35792621970176697,0.05991797521710396
YML130C,YER007W,1,6.422099,0.37539103627204895,0.3589232265949249,0.05991797521710396
YOR027W,YCR060W,1,6.4210777,0.3760416805744171,0.3599202334880829,0.05991797521710396
YER074W,YLR160C,0,6.4209385,0.3756503760814667,0.3599202334880829,0.06001800671219826
YGL200C,YPL196W,0,6.415682,0.3752598762512207,0.3599202334880829,0.06011803448200226
YPL106C,YDR155C,1,6.414589,0.37590861320495605,0.36091724038124084,0.06011803448200226
YHR069C,YER175C,0,6.4103765,0.37551867961883545,0.36091724038124084,0.06021806597709656
YDR030C,YDL055C,0,6.407628,0.3751295208930969,0.36091724038124084,0.06031809374690056
YBR294W,YCL025C,0,6.40409,0.37474119663238525,0.36091724038124084,0.06041812524199486
YJR046W,YLL024C,1,6.403864,0.3753877878189087,0.3619142472743988,0.06041812524199486
YMR169C,YHR175W,0,6.3966274,0.375,0.3619142472743988,0.06051815673708916
YMR276W,YOR298W,0,6.386711,0.3746130168437958,0.3619142472743988,0.06061818450689316
YFL016C,YPL241C,1,6.3805547,0.3752577304840088,0.36291125416755676,0.06061818450689316
YDR460W,YOR297C,0,6.378314,0.37487125396728516,0.36291125416755676,0.06071821600198746
YLR395C,YDR281C,0,6.367216,0.374485582113266,0.36291125416755676,0.06081824377179146
YFL013C,YDR496C,0,6.36511,0.3741007149219513,0.36291125416755676,0.06091827526688576
YMR169C,YPR138C,0,6.35888,0.3737166225910187,0.36291125416755676,0.06101830676198006
YGL122C,YGR032W,0,6.3548374,0.3733333349227905,0.36291125416755676,0.06111833453178406
YNL007C,YNL153C,1,6.3521934,0.37397539615631104,0.3639082610607147,0.06111833453178406
YIL143C,YFL045C,0,6.351401,0.37359264492988586,0.3639082610607147,0.06121836602687836
YLL041C,YFL001W,0,6.3411055,0.3732106387615204,0.3639082610607147,0.06131839379668236
YJL178C,YPR030W,0,6.3404455,0.372829407453537,0.3639082610607147,0.06141842529177666
YKL015W,YCL034W,0,6.3368626,0.37244898080825806,0.3639082610607147,0.061518456786870956
YHR176W,YEL003W,1,6.331579,0.37308868765830994,0.36490529775619507,0.061518456786870956
YLR452C,YGL180W,0,6.329088,0.3727087676525116,0.36490529775619507,0.06161848455667496
YMR117C,YBR187W,0,6.3242702,0.37232959270477295,0.36490529775619507,0.06171851605176926
YBR066C,YGR264C,0,6.323898,0.37195122241973877,0.36490529775619507,0.06181854382157326
YDR518W,YMR240C,0,6.3229203,0.3715735971927643,0.36490529775619507,0.06191857531666756
YPR026W,YKL170W,0,6.322734,0.3711967468261719,0.36490529775619507,0.062018606811761856
YIL135C,YOR355W,0,6.3088236,0.37082067131996155,0.36490529775619507,0.06211863458156586
YJR127C,YER049W,0,6.304328,0.3704453408718109,0.36490529775619507,0.062218666076660156
YGL236C,YCL043C,0,6.302635,0.37007078528404236,0.36490529775619507,0.06231869384646416
YOR297C,YMR308C,0,6.300214,0.3696969747543335,0.36490529775619507,0.062418725341558456
YMR025W,YGR118W,0,6.2962217,0.3693239092826843,0.36490529775619507,0.06251875311136246
YHR034C,YML074C,1,6.2907104,0.36995968222618103,0.365902304649353,0.06251875311136246
YAL060W,YEL070W,0,6.276886,0.36958712339401245,0.365902304649353,0.06261878460645676
YML130C,YPL106C,1,6.2732086,0.3702213168144226,0.366899311542511,0.06261878460645676
YLL024C,YJL111W,1,6.2711554,0.3708542585372925,0.36789631843566895,0.06261878460645676
YJR055W,YDR508C,0,6.2688828,0.370481938123703,0.36789631843566895,0.06271881610155106
YPL240C,YDL035C,0,6.2565813,0.37011033296585083,0.36789631843566895,0.06281884759664536
YLR390W,YKL085W,0,6.248973,0.36973947286605835,0.36789631843566895,0.06291887909173965
YPL119C,YGR229C,0,6.2396026,0.36936935782432556,0.36789631843566895,0.06301890313625336
YER162C,YBR145W,0,6.2391963,0.36899998784065247,0.36789631843566895,0.06311893463134766
YNL223W,YPL240C,0,6.2385964,0.36863136291503906,0.36789631843566895,0.06321896612644196
YHR176W,YLR200W,1,6.237236,0.3692614734172821,0.3688933253288269,0.06321896612644196
YDL022W,YGL071W,0,6.234788,0.3688933253288269,0.3688933253288269,0.06331899762153625
YGL018C,YLL024C,1,6.2317557,0.3695219159126282,0.36989033222198486,0.06331899762153625
YPL223C,YDR364C,0,6.2312145,0.3691542148590088,0.36989033222198486,0.06341902911663055
YGR078C,YAL053W,1,6.226886,0.3697813153266907,0.3708873391151428,0.06341902911663055
YDL055C,YGR070W,0,6.224768,0.3694140911102295,0.3708873391151428,0.06351905316114426
YPL241C,YML074C,1,6.223244,0.3700396716594696,0.3718843460083008,0.06351905316114426
YGL244W,YIL135C,0,6.21948,0.369672954082489,0.3718843460083008,0.06361908465623856
YLR090W,YFR041C,1,6.2187757,0.37029704451560974,0.37288135290145874,0.06361908465623856
YBR275C,YGR089W,0,6.2026186,0.36993077397346497,0.37288135290145874,0.06371911615133286
YCL043C,YER048C,1,6.196047,0.3705533742904663,0.3738783597946167,0.06371911615133286
YKL190W,YPL252C,0,6.191933,0.37018755078315735,0.3738783597946167,0.06381914764642715
YNL008C,YAL039C,0,6.190241,0.3698224723339081,0.3738783597946167,0.06391917914152145
YML130C,YHR057C,1,6.1894217,0.37044334411621094,0.37487536668777466,0.06391917914152145
YKR057W,YCL043C,0,6.1857862,0.3700787425041199,0.37487536668777466,0.06401920318603516
YIL061C,YIR039C,0,6.1793966,0.3697148561477661,0.37487536668777466,0.06411923468112946
YML078W,YDR258C,1,6.178007,0.3703339993953705,0.3758723735809326,0.06411923468112946
YOR298W,YEL062W,0,6.1710668,0.36997056007385254,0.3758723735809326,0.06421926617622375
YDR151C,YOR288C,1,6.1687727,0.3705882430076599,0.3768693804740906,0.06421926617622375
YGL186C,YAR027W,0,6.1677794,0.37022528052330017,0.3768693804740906,0.06431929767131805
YML130C,YEL030W,1,6.1591988,0.37084147334098816,0.37786638736724854,0.06431929767131805
YIR038C,YFL021W,0,6.147504,0.3704789876937866,0.37786638736724854,0.06441932916641235
YGR180C,YDR353W,0,6.144966,0.3701171875,0.37786638736724854,0.06451935321092606
YER117W,YOR297C,0,6.1413555,0.3697561025619507,0.37786638736724854,0.06461938470602036
YDR411C,YOR297C,0,6.1378536,0.3693957030773163,0.37786638736724854,0.06471941620111465
YDL215C,YIL046W,0,6.1357474,0.3690360188484192,0.37786638736724854,0.06481944769620895
YPL240C,YJR040W,0,6.129296,0.3686770498752594,0.37786638736724854,0.06491947919130325
YGR288W,YLR270W,0,6.123743,0.3683187663555145,0.37786638736724854,0.06501950323581696
YBR187W,YKL206C,0,6.1223335,0.36796116828918457,0.37786638736724854,0.06511953473091125
YBR278W,YMR300C,0,6.1199875,0.36760425567626953,0.37786638736724854,0.06521956622600555
YLL055W,YLR309C,0,6.115594,0.3672480583190918,0.37786638736724854,0.06531959772109985
YAL054C,YML036W,0,6.114802,0.366892546415329,0.37786638736724854,0.06541962921619415
YBR170C,YGR020C,0,6.1137476,0.3665377199649811,0.37786638736724854,0.06551965326070786
YNL110C,YAL017W,0,6.1123314,0.3661835789680481,0.37786638736724854,0.06561968475580215
YGL068W,YOL111C,0,6.111146,0.36583012342453003,0.37786638736724854,0.06571971625089645
YCL043C,YBR101C,1,6.111113,0.36644166707992554,0.3788634240627289,0.06571971625089645
YCR011C,YGL220W,0,6.106842,0.3660886287689209,0.3788634240627289,0.06581974774599075
YAR027W,YOR222W,0,6.1037703,0.3657362759113312,0.3788634240627289,0.06591977924108505
YCR069W,YML078W,1,6.1014323,0.366346150636673,0.37986043095588684,0.06591977924108505
YDL084W,YKL074C,0,6.0968633,0.36599424481391907,0.37986043095588684,0.06601980328559875
YGL209W,YJL141C,0,6.094593,0.3656429946422577,0.37986043095588684,0.06611983478069305
YIL142W,YMR143W,0,6.0935802,0.36529242992401123,0.37986043095588684,0.06621986627578735
YKL190W,YLL045C,0,6.091853,0.3649425208568573,0.37986043095588684,0.06631989777088165
YOR377W,YNL239W,0,6.0908346,0.3645932972431183,0.37986043095588684,0.06641992926597595
YNL008C,YMR049C,0,6.0892477,0.3642447292804718,0.37986043095588684,0.06651995331048965
YHR034C,YDL143W,1,6.0846004,0.3648519515991211,0.3808574378490448,0.06651995331048965
YLR216C,YMR200W,1,6.0836554,0.36545801162719727,0.38185444474220276,0.06651995331048965
YCR069W,YIL142W,1,6.082997,0.3660629093647003,0.3828514516353607,0.06651995331048965
YDL061C,YDR392W,0,6.0828485,0.36571428179740906,0.3828514516353607,0.06661998480558395
YDR518W,YGL037C,0,6.080407,0.3653663098812103,0.3828514516353607,0.06672001630067825
YKL009W,YDR164C,0,6.0796514,0.3650190234184265,0.3828514516353607,0.06682004779577255
YOR349W,YML074C,1,6.0730953,0.36562204360961914,0.3838484585285187,0.06682004779577255
YLL045C,YIL142W,0,6.069754,0.36527514457702637,0.3838484585285187,0.06692007929086685
YNL231C,YBR026C,0,6.0604258,0.3649289011955261,0.3838484585285187,0.06702010333538055
YER050C,YGL225W,0,6.0593386,0.3645833432674408,0.3838484585285187,0.06712013483047485
YGR282C,YGL122C,0,6.0573287,0.3642384111881256,0.3838484585285187,0.06722016632556915
YCR057C,YGR268C,0,6.0545654,0.36389413475990295,0.3838484585285187,0.06732019782066345
YCL043C,YLL026W,1,6.0542393,0.36449480056762695,0.38484546542167664,0.06732019782066345
YMR276W,YBR257W,0,6.052166,0.3641509413719177,0.38484546542167664,0.06742022931575775
YGR056W,YHR209W,0,6.0484705,0.363807737827301,0.38484546542167664,0.06752025336027145
YPL241C,YHR142W,1,6.0481777,0.3644067943096161,0.3858424723148346,0.06752025336027145
YJR006W,YGR214W,0,6.043683,0.36406397819519043,0.3858424723148346,0.06762028485536575
YER185W,YNL307C,0,6.042197,0.3637218177318573,0.3858424723148346,0.06772031635046005
YNL064C,YGL128C,1,6.0420647,0.36431923508644104,0.38683947920799255,0.06772031635046005
YKR103W,YIR038C,0,6.0411053,0.36397749185562134,0.38683947920799255,0.06782034784555435
YMR182C,YDL029W,0,6.0380206,0.3636363744735718,0.38683947920799255,0.06792037934064865
YGR020C,YOR351C,0,6.0329285,0.36329588294029236,0.38683947920799255,0.06802040338516235
YNR031C,YGR258C,0,6.029872,0.36295604705810547,0.38683947920799255,0.06812043488025665
YGL128C,YCR060W,1,6.0295086,0.36355140805244446,0.3878364861011505,0.06812043488025665
YPR194C,YMR145C,0,6.029357,0.3632119596004486,0.3878364861011505,0.06822046637535095
YDR167W,YLR088W,0,6.028519,0.3628731369972229,0.3878364861011505,0.06832049787044525
YNL160W,YBR172C,0,6.0224714,0.36253494024276733,0.3878364861011505,0.06842052936553955
YHR209W,YNR044W,0,6.0219865,0.3621973991394043,0.3878364861011505,0.06852055341005325
YKL093W,YDL198C,0,6.0154624,0.361860454082489,0.3878364861011505,0.06862058490514755
YDR233C,YBR037C,0,6.0138245,0.36152416467666626,0.3878364861011505,0.06872061640024185
YML048W,YJR064W,1,6.0089254,0.3621169924736023,0.38883349299430847,0.06872061640024185
YPL093W,YDL045C,0,5.998168,0.3617810904979706,0.38883349299430847,0.06882064789533615
YMR300C,YFR033C,0,5.9980392,0.3614457845687866,0.38883349299430847,0.06892067939043045
YBR150C,YIL132C,0,5.9979486,0.3611111044883728,0.38883349299430847,0.06902070343494415
YNL310C,YCL043C,1,5.9976544,0.3617021143436432,0.38983049988746643,0.06902070343494415
YML112W,YMR194W,0,5.995683,0.3613678514957428,0.38983049988746643,0.06912073493003845
YOR237W,YOL040C,0,5.994561,0.3610341548919678,0.38983049988746643,0.06922076642513275
YER048C,YML048W,1,5.993601,0.361623615026474,0.3908275067806244,0.06922076642513275
YPR035W,YDL024C,0,5.9921217,0.3612903356552124,0.3908275067806244,0.06932079792022705
YLR129W,YML109W,0,5.987837,0.36095765233039856,0.3908275067806244,0.06942082941532135
YNL085W,YBR183W,0,5.9876485,0.36062556505203247,0.3908275067806244,0.06952085345983505
YMR241W,YPL027W,0,5.98497,0.3602941036224365,0.3908275067806244,0.06962088495492935
YLR200W,YNL064C,1,5.984673,0.3608815371990204,0.39182451367378235,0.06962088495492935
YER103W,YMR115W,0,5.9752054,0.3605504631996155,0.39182451367378235,0.06972091645002365
YNL202W,YKL001C,0,5.9639616,0.3602199852466583,0.39182451367378235,0.06982094794511795
YOL045W,YGR084C,0,5.9602003,0.3598901033401489,0.39182451367378235,0.06992097944021225
YAL054C,YDR211W,0,5.9593487,0.35956084728240967,0.39182451367378235,0.07002100348472595
YKR066C,YLR009W,0,5.956934,0.35923218727111816,0.39182451367378235,0.07012103497982025
YMR194W,YMR179W,0,5.9552937,0.3589041233062744,0.39182451367378235,0.07022106647491455
YEL030W,YPR159W,0,5.948132,0.3585766553878784,0.39182451367378235,0.07032109797000885
YOR206W,YBR222C,0,5.9411926,0.3582497835159302,0.39182451367378235,0.07042112946510315
YMR186W,YJL162C,1,5.938869,0.35883423686027527,0.3928215205669403,0.07042112946510315
YLR203C,YOL040C,0,5.932213,0.3585077226161957,0.3928215205669403,0.07052115350961685
YGL018C,YIR004W,1,5.9246483,0.3590908944606781,0.39381855726242065,0.07052115350961685
YAL058W,YKL117W,1,5.9241195,0.35967302322387695,0.3948155641555786,0.07052115350961685
YJR127C,YMR013C,0,5.9218073,0.3593466281890869,0.3948155641555786,0.07062118500471115
YDL229W,YOR265W,1,5.9161716,0.3599274754524231,0.3958125710487366,0.07062118500471115
YMR173W,YPL163C,0,5.914922,0.3596014380455017,0.3958125710487366,0.07072121649980545
YDR449C,YER090W,0,5.9132986,0.35927602648735046,0.3958125710487366,0.07082124799489975
YMR200W,YGL030W,0,5.9073563,0.3589511811733246,0.3958125710487366,0.07092127948999405
YNL310C,YGR132C,1,5.904826,0.3595302700996399,0.39680957794189453,0.07092127948999405
YMR179W,YIR039C,0,5.9002333,0.35920578241348267,0.39680957794189453,0.07102130353450775
YOR020C,YGR132C,1,5.8947134,0.3597835898399353,0.3978065848350525,0.07102130353450775
YDL143W,YJR017C,1,5.889043,0.36036035418510437,0.39880359172821045,0.07102130353450775
YOL155C,YGR089W,0,5.8887796,0.3600360155105591,0.39880359172821045,0.07112133502960205
YDL142C,YMR270C,0,5.887363,0.35971224308013916,0.39880359172821045,0.07122136652469635
YJL085W,YMR229C,0,5.8867474,0.3593890368938446,0.39880359172821045,0.07132139801979065
YNL310C,YHR142W,1,5.885023,0.3599641025066376,0.3998005986213684,0.07132139801979065
YGR177C,YNL284C,0,5.881609,0.35964125394821167,0.3998005986213684,0.07142142951488495
YMR203W,YDR449C,0,5.87595,0.3593190014362335,0.3998005986213684,0.07152145355939865
YBR172C,YOR317W,0,5.8732457,0.35899731516838074,0.3998005986213684,0.07162148505449295
YBR182C,YDL078C,0,5.8657503,0.3586761951446533,0.3998005986213684,0.07172151654958725
YPL082C,YFL013C,0,5.8645434,0.35835567116737366,0.3998005986213684,0.07182154804468155
YJL179W,YMR214W,1,5.864538,0.3589285612106323,0.40079760551452637,0.07182154804468155
YKL190W,YDL021W,0,5.862871,0.3586083948612213,0.40079760551452637,0.07192157953977585
YOR159C,YBR183W,0,5.8580656,0.3582887649536133,0.40079760551452637,0.07202160358428955
YIL094C,YNL026W,0,5.8531184,0.357969731092453,0.40079760551452637,0.07212163507938385
YGL162W,YCL057W,0,5.852992,0.3576512336730957,0.40079760551452637,0.07222166657447815
YMR267W,YGL051W,0,5.8522115,0.35733333230018616,0.40079760551452637,0.07232169806957245
YMR161W,YOR288C,1,5.849561,0.3579040765762329,0.4017946124076843,0.07232169806957245
YNR060W,YIL133C,0,5.849239,0.35758650302886963,0.4017946124076843,0.07242172956466675
YJR032W,YBR101C,1,5.847963,0.3581560254096985,0.4027916193008423,0.07242172956466675
YOL158C,YGR255C,0,5.845704,0.35783880949020386,0.4027916193008423,0.07252175360918045
YML130C,YJL111W,1,5.8422966,0.35840708017349243,0.40378862619400024,0.07252175360918045
YCL043C,YPL037C,1,5.8416657,0.3589743673801422,0.4047856330871582,0.07252175360918045
YDL142C,YBL052C,0,5.83595,0.35865724086761475,0.4047856330871582,0.07262178510427475
YAL054C,YBR074W,0,5.834016,0.35834068059921265,0.4047856330871582,0.07272181659936905
YEL037C,YGR027C,0,5.833959,0.3580246865749359,0.4047856330871582,0.07282184809446335
YGR175C,YKL094W,0,5.830322,0.35770925879478455,0.4047856330871582,0.07292187958955765
YMR284W,YKL096W-A,0,5.8268604,0.35739436745643616,0.4047856330871582,0.07302190363407135
YGL225W,YPL147W,0,5.8236446,0.35708004236221313,0.4047856330871582,0.07312193512916565
YNL064C,YCL043C,1,5.818804,0.3576450049877167,0.40578263998031616,0.07312193512916565
YBR169C,YMR200W,1,5.818692,0.35820895433425903,0.4067796468734741,0.07312193512916565
YAL058W,YML048W,1,5.817704,0.3587719202041626,0.40777668356895447,0.07312193512916565
YBR187W,YBR173C,0,5.817474,0.3584575057029724,0.40777668356895447,0.07322196662425995
YGR118W,YLL040C,0,5.8167324,0.3581435978412628,0.40777668356895447,0.07332199811935425
YDL022W,YMR115W,0,5.8157644,0.357830286026001,0.40777668356895447,0.07342202961444855
YLR244C,YDL070W,0,5.811674,0.3575174808502197,0.40777668356895447,0.07352205365896225
YCR093W,YMR246W,0,5.8112626,0.35720524191856384,0.40777668356895447,0.07362208515405655
YJR127C,YCR057C,0,5.803177,0.35689353942871094,0.40777668356895447,0.07372211664915085
YNL006W,YDR173C,0,5.799366,0.3565824031829834,0.40777668356895447,0.07382214814424515
YOR020C,YGR285C,1,5.794505,0.3571428656578064,0.4087736904621124,0.07382214814424515
YHR047C,YJR006W,0,5.7936606,0.35683202743530273,0.4087736904621124,0.07392217963933945
YPR144C,YHR008C,0,5.7899933,0.35652172565460205,0.4087736904621124,0.07402220368385315
YDL059C,YFR001W,0,5.7868,0.35621199011802673,0.4087736904621124,0.07412223517894745
YJL178C,YGR185C,0,5.7863274,0.3559027910232544,0.4087736904621124,0.07422226667404175
YJL176C,YGL103W,0,5.784214,0.35559409856796265,0.4087736904621124,0.07432229816913605
YPR190C,YBR037C,0,5.7829647,0.35528597235679626,0.4087736904621124,0.07442232966423035
YPL106C,YKL117W,1,5.782301,0.3558441698551178,0.4097706973552704,0.07442232966423035
YOL158C,YCR052W,0,5.780355,0.3555363416671753,0.4097706973552704,0.07452235370874405
YDR453C,YDL047W,0,5.7792044,0.35522904992103577,0.4097706973552704,0.07462238520383835
YCL057W,YJL095W,0,5.7755756,0.3549222946166992,0.4097706973552704,0.07472241669893265
YJR021C,YIL079C,0,5.772471,0.35461604595184326,0.4097706973552704,0.07482244819402695
YKL190W,YML128C,0,5.76896,0.3543103337287903,0.4097706973552704,0.07492247968912125
YJL172W,YKR020W,0,5.7649574,0.3540051579475403,0.4097706973552704,0.07502250373363495
YCL043C,YDR252W,1,5.7602158,0.35456109046936035,0.41076770424842834,0.07502250373363495
YBR150C,YNL281W,0,5.7570677,0.3542562425136566,0.41076770424842834,0.07512253522872925
YHR176W,YIR004W,1,5.754492,0.3548109829425812,0.4117647111415863,0.07512253522872925
YMR276W,YGR264C,0,5.742488,0.3545064330101013,0.4117647111415863,0.07522256672382355
YHR004C,YML052W,0,5.7384233,0.35420238971710205,0.4117647111415863,0.07532259821891785
YOR054C,YLR359W,0,5.7376795,0.35389888286590576,0.4117647111415863,0.07542262971401215
YLL024C,YJR064W,1,5.7346196,0.3544520437717438,0.41276171803474426,0.07542262971401215
YER185W,YGL233W,0,5.7339687,0.35414883494377136,0.41276171803474426,0.07552265375852585
YJL053W,YBL098W,0,5.7324705,0.35384616255760193,0.41276171803474426,0.07562268525362015
YGR144W,YER055C,0,5.7273884,0.3535439670085907,0.41276171803474426,0.07572271674871445
YJL014W,YEL030W,1,5.725996,0.35409554839134216,0.4137587249279022,0.07572271674871445
YPL106C,YJL014W,1,5.7245893,0.3546462059020996,0.4147557318210602,0.07572271674871445
YNL238W,YMR115W,0,5.724556,0.35434412956237793,0.4147557318210602,0.07582274824380875
YLR305C,YKL074C,0,5.724492,0.35404255986213684,0.4147557318210602,0.07592277973890305
YNL064C,YKL117W,1,5.7225647,0.35459184646606445,0.41575273871421814,0.07592277973890305
YPL037C,YER048C,1,5.7220592,0.35514017939567566,0.4167497456073761,0.07592277973890305
YML112W,YIL142W,0,5.7196436,0.35483869910240173,0.4167497456073761,0.07602280378341675
YER074W,YNR010W,0,5.719292,0.3545377552509308,0.4167497456073761,0.07612283527851105
YDL074C,YOR230W,0,5.718902,0.35423728823661804,0.4167497456073761,0.07622286677360535
YJL112W,YER074W,0,5.7176256,0.3539373278617859,0.4167497456073761,0.07632289826869965
YFR031C,YNL274C,0,5.716502,0.3536379039287567,0.4167497456073761,0.07642292976379395
YBR257W,YLR350W,0,5.7141676,0.35333895683288574,0.4167497456073761,0.07652295380830765
YDR030C,YGL062W,0,5.7116632,0.35304054617881775,0.4167497456073761,0.07662298530340195
YDR527W,YJL155C,0,5.7082095,0.35274261236190796,0.4167497456073761,0.07672301679849625
YGR258C,YBR145W,0,5.706503,0.35244518518447876,0.4167497456073761,0.07682304829359055
YNL302C,YDR461W,0,5.7020073,0.35214826464653015,0.4167497456073761,0.07692307978868484
YIR025W,YLR300W,0,5.6991673,0.35185185074806213,0.4167497456073761,0.07702310383319855
YIL088C,YCR057C,0,5.695322,0.3515559434890747,0.4167497456073761,0.07712313532829285
YKR071C,YPR137W,0,5.690467,0.3512605130672455,0.4167497456073761,0.07722316682338715
YML073C,YDR476C,0,5.689314,0.35096558928489685,0.4167497456073761,0.07732319831848145
YER154W,YLR251W,0,5.687187,0.3506711423397064,0.4167497456073761,0.07742322981357574
YER101C,YDL021W,0,5.68285,0.3503772020339966,0.4167497456073761,0.07752325385808945
YAL022C,YKL067W,0,5.6823254,0.35008373856544495,0.4167497456073761,0.07762328535318375
YOR310C,YMR159C,0,5.67511,0.3497907817363739,0.4167497456073761,0.07772331684827805
YJR151C,YNR067C,0,5.6724205,0.34949833154678345,0.4167497456073761,0.07782334834337234
YKL078W,YIL046W,0,5.670986,0.3492063581943512,0.4167497456073761,0.07792337983846664
YNL148C,YER048C,1,5.6683445,0.3497495949268341,0.41774675250053406,0.07792337983846664
YMR194W,YPL208W,0,5.6672907,0.34945788979530334,0.41774675250053406,0.07802340388298035
YPL223C,YHR082C,0,5.664955,0.3491666615009308,0.41774675250053406,0.07812343537807465
YLL024C,YBR155W,1,5.6619835,0.34970858693122864,0.418743759393692,0.07812343537807465
YHR034C,YJL111W,1,5.661462,0.35024958848953247,0.41974076628685,0.07812343537807465
YPL106C,YGR231C,1,5.6534157,0.3507896959781647,0.42073777318000793,0.07812343537807465
YML073C,YEL062W,0,5.6532593,0.35049834847450256,0.42073777318000793,0.07822346687316895
YIL006W,YBR010W,0,5.650633,0.35020747780799866,0.42073777318000793,0.07832349836826324
YNL209W,YDL212W,1,5.6485567,0.3507462739944458,0.4217348098754883,0.07832349836826324
YGR052W,YNL044W,0,5.645131,0.3504556715488434,0.4217348098754883,0.07842352986335754
YNR031C,YIR039C,0,5.644813,0.35016557574272156,0.4217348098754883,0.07852355390787125
YBR120C,YFL021W,0,5.6433372,0.34987592697143555,0.4217348098754883,0.07862358540296555
YMR276W,YMR272C,0,5.641613,0.3495867848396301,0.4217348098754883,0.07872361689805984
YLR080W,YMR136W,0,5.638982,0.3492980897426605,0.4217348098754883,0.07882364839315414
YLR300W,YCL004W,0,5.638253,0.3490099012851715,0.4217348098754883,0.07892367988824844
YOL010W,YKL064W,0,5.63788,0.3487221896648407,0.4217348098754883,0.07902370393276215
YNL160W,YIL132C,0,5.6351576,0.3484349250793457,0.4217348098754883,0.07912373542785645
YGR155W,YGR276C,0,5.628275,0.3481481373310089,0.4217348098754883,0.07922376692295074
YDR188W,YOR265W,1,5.6270027,0.3486842215061188,0.42273181676864624,0.07922376692295074
YFL023W,YDR155C,1,5.625636,0.3492193818092346,0.4237288236618042,0.07922376692295074
YHR176W,YPL221W,1,5.617783,0.3497537076473236,0.42472583055496216,0.07922376692295074
YNL160W,YHR057C,0,5.6135435,0.3494667708873749,0.42472583055496216,0.07932379841804504
YJL060W,YKL082C,0,5.6086855,0.34918034076690674,0.42472583055496216,0.07942382991313934
YLL051C,YJR103W,0,5.6081057,0.3488943576812744,0.42472583055496216,0.07952385395765305
YJL130C,YFR052W,0,5.5982103,0.3486088514328003,0.42472583055496216,0.07962388545274734
YER150W,YPR083W,0,5.5978656,0.348323792219162,0.42472583055496216,0.07972391694784164
YML099C,YPL163C,0,5.595113,0.3480392098426819,0.42472583055496216,0.07982394844293594
YKL041W,YHR209W,0,5.592475,0.34775510430336,0.42472583055496216,0.07992397993803024
YAL054C,YNL080C,0,5.5924664,0.3474714457988739,0.42472583055496216,0.08002400398254395
YNL102W,YJL141C,0,5.5844936,0.347188264131546,0.42472583055496216,0.08012403547763824
YJL014W,YFR041C,1,5.58391,0.34771987795829773,0.4257228374481201,0.08012403547763824
YLR429W,YDR173C,0,5.5829606,0.34743693470954895,0.4257228374481201,0.08022406697273254
YDL143W,YKL117W,1,5.578656,0.3479674756526947,0.4267198443412781,0.08022406697273254
YMR169C,YOL090W,0,5.578313,0.3476848006248474,0.4267198443412781,0.08032409846782684
YOR099W,YJR112W,0,5.5725193,0.3474026024341583,0.4267198443412781,0.08042412996292114
YBR170C,YDL227C,0,5.572475,0.34712085127830505,0.4267198443412781,0.08052415400743484
YKR057W,YHR059W,0,5.568985,0.3468395471572876,0.4267198443412781,0.08062418550252914
YKL210W,YOR226C,0,5.5654955,0.34655869007110596,0.4267198443412781,0.08072421699762344
YML048W,YDR252W,1,5.5653443,0.34708738327026367,0.42771685123443604,0.08072421699762344
YNL006W,YIR039C,0,5.5635924,0.3468067944049835,0.42771685123443604,0.08082424849271774
YGR252W,YCL025C,0,5.56321,0.3465266525745392,0.42771685123443604,0.08092427998781204
YBR052C,YHR119W,0,5.562742,0.34624698758125305,0.42771685123443604,0.08102430403232574
YKL096W-A,YGR072W,0,5.5588803,0.34596773982048035,0.42771685123443604,0.08112433552742004
YLL024C,YJL014W,1,5.5584917,0.34649476408958435,0.428713858127594,0.08112433552742004
YLL041C,YLR291C,0,5.557957,0.34621578454971313,0.428713858127594,0.08122436702251434
YOR020C,YNL078W,0,5.553995,0.34593725204467773,0.428713858127594,0.08132439851760864
YFL016C,YML078W,1,5.5519385,0.34646302461624146,0.42971086502075195,0.08132439851760864
YDR155C,YGL128C,1,5.551193,0.3469879627227783,0.4307078719139099,0.08132439851760864
YJL134W,YMR115W,0,5.550482,0.3467094600200653,0.4307078719139099,0.08142443001270294
YJR045C,YDR518W,1,5.54834,0.3472333550453186,0.43170487880706787,0.08142443001270294
YMR186W,YNL135C,1,5.5458326,0.34775641560554504,0.43270188570022583,0.08142443001270294
YBR183W,YMR005W,0,5.5440044,0.3474779725074768,0.43270188570022583,0.08152445405721664
YOR288C,YOR232W,1,5.541772,0.3479999899864197,0.4336988925933838,0.08152445405721664
YCL008C,YCL043C,0,5.533112,0.34772181510925293,0.4336988925933838,0.08162448555231094
YHR004C,YLR325C,0,5.5309496,0.347444087266922,0.4336988925933838,0.08172451704740524
YAL053W,YDR519W,1,5.530519,0.347964882850647,0.43469589948654175,0.08172451704740524
YJL172W,YPR138C,0,5.527586,0.34768739342689514,0.43469589948654175,0.08182454854249954
YNL064C,YEL003W,1,5.5268126,0.34820717573165894,0.4356929063796997,0.08182454854249954
YKL007W,YBR261C,0,5.5235615,0.3479299247264862,0.4356929063796997,0.08192458003759384
YIL135C,YFL017W-A,0,5.5212717,0.3476531505584717,0.4356929063796997,0.08202460408210754
YLR219W,YIR039C,0,5.521139,0.3473767936229706,0.4356929063796997,0.08212463557720184
YMR284W,YOR382W,0,5.518054,0.3471008837223053,0.4356929063796997,0.08222466707229614
YGR264C,YGR032W,0,5.5156374,0.34682539105415344,0.4356929063796997,0.08232469856739044
YNL232W,YMR267W,0,5.5151625,0.3465503454208374,0.4356929063796997,0.08242473006248474
YNL314W,YKL182W,0,5.515126,0.3462757468223572,0.4356929063796997,0.08252475410699844
YCL014W,YOR298W,0,5.5127745,0.34600159525871277,0.4356929063796997,0.08262478560209274
YOR138C,YPR060C,0,5.507185,0.3457278609275818,0.4356929063796997,0.08272481709718704
YOL112W,YPL131W,0,5.5057507,0.34545454382896423,0.4356929063796997,0.08282484859228134
YGR081C,YJR010W,0,5.505408,0.3451816737651825,0.4356929063796997,0.08292488008737564
YLL045C,YGR276C,0,5.5000634,0.3449092209339142,0.4356929063796997,0.08302490413188934
YOR349W,YNL148C,1,5.49869,0.34542587399482727,0.43668994307518005,0.08302490413188934
YNL064C,YFR041C,1,5.497398,0.3459416925907135,0.437686949968338,0.08302490413188934
YGL037C,YLR429W,0,5.4971538,0.34566929936408997,0.437686949968338,0.08312493562698364
YHR176W,YGR231C,1,5.49106,0.346184104681015,0.43868395686149597,0.08312493562698364
YDR212W,YER048C,1,5.4906693,0.3466981053352356,0.43968096375465393,0.08312493562698364
YHR047C,YPR026W,0,5.4890256,0.34642577171325684,0.43968096375465393,0.08322496712207794
YER098W,YJL079C,0,5.4865365,0.3461538553237915,0.43968096375465393,0.08332499861717224
YLR268W,YKL085W,0,5.4845996,0.3458823561668396,0.43968096375465393,0.08342503011226654
YNL008C,YBR257W,0,5.4841995,0.3456112742424011,0.43968096375465393,0.08352505415678024
YDR518W,YMR077C,0,5.482936,0.34534063935279846,0.43968096375465393,0.08362508565187454
YGR264C,YMR038C,0,5.480584,0.34507042169570923,0.43968096375465393,0.08372511714696884
YDR414C,YNL274C,0,5.479261,0.3448006212711334,0.43968096375465393,0.08382514864206314
YPL223C,YGR271W,0,5.479137,0.34453123807907104,0.43968096375465393,0.08392518013715744
YJR017C,YJL008C,1,5.4751544,0.3450429439544678,0.4406779706478119,0.08392518013715744
YIL061C,YHR209W,0,5.4703455,0.3447737991809845,0.4406779706478119,0.08402520418167114
YKL009W,YGL183C,0,5.470029,0.34450507164001465,0.4406779706478119,0.08412523567676544
YNL209W,YML048W,1,5.4666615,0.34501558542251587,0.44167497754096985,0.08412523567676544
YBR118W,YCL052C,0,5.4661417,0.3447470963001251,0.44167497754096985,0.08422526717185974
YNL160W,YNR021W,0,5.462831,0.3444789946079254,0.44167497754096985,0.08432529866695404
YDR245W,YFL057C,0,5.4627995,0.3442113399505615,0.44167497754096985,0.08442533016204834
YOR275C,YMR250W,0,5.4619403,0.34394410252571106,0.44167497754096985,0.08452535420656204
YOR084W,YPL240C,0,5.4545937,0.343677282333374,0.44167497754096985,0.08462538570165634
YGL018C,YJL014W,1,5.4535623,0.34418603777885437,0.4426719844341278,0.08462538570165634
YML051W,YJL200C,0,5.4471292,0.34391945600509644,0.4426719844341278,0.08472541719675064
YJL191W,YGR222W,0,5.446377,0.34365326166152954,0.4426719844341278,0.08482544869184494
YNR067C,YPR149W,0,5.444232,0.3433874845504761,0.4426719844341278,0.08492548018693924
YEL012W,YBL098W,0,5.444207,0.34312209486961365,0.4426719844341278,0.08502550423145294
YJL172W,YBR010W,0,5.442647,0.34285715222358704,0.4426719844341278,0.08512553572654724
YPL240C,YLR389C,0,5.4405446,0.34259259700775146,0.4426719844341278,0.08522556722164154
YIR038C,YOR230W,0,5.4370995,0.3423284590244293,0.4426719844341278,0.08532559871673584
YEL040W,YKR002W,0,5.434335,0.3420647084712982,0.4426719844341278,0.08542563021183014
YBR080C,YLR344W,0,5.4322567,0.34180137515068054,0.4426719844341278,0.08552565425634384
YFL023W,YPL106C,1,5.4295874,0.3423076868057251,0.44366899132728577,0.08552565425634384
YDR155C,YOR027W,1,5.427052,0.3428132236003876,0.4446659982204437,0.08552565425634384
YOR317W,YBR128C,0,5.4264097,0.3425499200820923,0.4446659982204437,0.08562568575143814
YNL135C,YOR349W,1,5.425835,0.34305450320243835,0.4456630051136017,0.08562568575143814
YBR155W,YKL168C,0,5.424989,0.3427914083003998,0.4456630051136017,0.08572571724653244
YLR264W,YEL062W,0,5.42427,0.34252873063087463,0.4456630051136017,0.08582574874162674
YGR132C,YNL153C,1,5.415724,0.3430321514606476,0.44666001200675964,0.08582574874162674
YJL162C,YLR090W,1,5.414577,0.34353482723236084,0.4476570188999176,0.08582574874162674
YHL034C,YLR344W,0,5.412486,0.3432721793651581,0.4476570188999176,0.08592578023672104
YHL034C,YER074W,0,5.4120636,0.34300991892814636,0.4476570188999176,0.08602580428123474
YCL008C,YKL186C,0,5.4099326,0.34274810552597046,0.4476570188999176,0.08612583577632904
YLR203C,YER162C,0,5.409419,0.3424866497516632,0.4476570188999176,0.08622586727142334
YFL023W,YMR186W,1,5.405073,0.3429878056049347,0.44865402579307556,0.08622586727142334
YNL281W,YGR171C,0,5.4043255,0.34272658824920654,0.44865402579307556,0.08632589876651764
YPR162C,YNR002C,0,5.399297,0.34246575832366943,0.44865402579307556,0.08642593026161194
YOR226C,YOR327C,0,5.392646,0.34220531582832336,0.44865402579307556,0.08652595430612564
YDR530C,YNR003C,0,5.3912506,0.3419452905654907,0.44865402579307556,0.08662598580121994
YCR069W,YNL064C,1,5.3868184,0.3424449563026428,0.4496510326862335,0.08662598580121994
YBR042C,YLL027W,0,5.3846264,0.3421851396560669,0.4496510326862335,0.08672601729631424
YOL158C,YDL074C,0,5.383099,0.341925710439682,0.4496510326862335,0.08682604879140854
YLR429W,YLL061W,0,5.3762827,0.34166666865348816,0.4496510326862335,0.08692608028650284
YGR052W,YNL307C,0,5.3704653,0.34140801429748535,0.4496510326862335,0.08702610433101654
YLR390W,YOL040C,0,5.3689637,0.34114977717399597,0.4496510326862335,0.08712613582611084
YKL168C,YBL098W,0,5.368767,0.34089189767837524,0.4496510326862335,0.08722616732120514
YGL128C,YDR518W,1,5.3681235,0.3413897156715393,0.45064806938171387,0.08722616732120514
YEL022W,YJL079C,0,5.36559,0.3411320745944977,0.45064806938171387,0.08732619881629944
YIR025W,YNL052W,0,5.363906,0.3408748209476471,0.45064806938171387,0.08742623031139374
YJL030W,YER052C,0,5.3622384,0.34061792492866516,0.45064806938171387,0.08752625435590744
YGL256W,YHR057C,0,5.3606715,0.34036144614219666,0.45064806938171387,0.08762628585100174
YOR020C,YGL148W,0,5.358028,0.3401053547859192,0.45064806938171387,0.08772631734609604
YDR494W,YOR085W,0,5.3564415,0.3398496210575104,0.45064806938171387,0.08782634884119034
YHR056C,YMR179W,0,5.3525457,0.339594304561615,0.45064806938171387,0.08792638033628464
YGR078C,YJL008C,1,5.3472996,0.3400900959968567,0.4516450762748718,0.08792638033628464
YBL076C,YKL210W,0,5.346857,0.33983495831489563,0.4516450762748718,0.08802640438079834
YMR300C,YDL097C,0,5.3466187,0.3395802080631256,0.4516450762748718,0.08812643587589264
YER125W,YNL259C,0,5.345401,0.33932584524154663,0.4516450762748718,0.08822646737098694
YDR188W,YHR142W,1,5.34402,0.33982035517692566,0.4526420831680298,0.08822646737098694
YOR349W,YKL094W,0,5.3422036,0.3395662009716034,0.4526420831680298,0.08832649886608124
YKL020C,YPL098C,0,5.3412957,0.3393124043941498,0.4526420831680298,0.08842653036117554
YDR212W,YML074C,1,5.339097,0.33980581164360046,0.45363909006118774,0.08842653036117554
YML048W,YIL016W,1,5.3384533,0.34029850363731384,0.4546360969543457,0.08842653036117554
YOL043C,YJL079C,0,5.336749,0.3400447368621826,0.4546360969543457,0.08852655440568924
YGR268C,YEL040W,0,5.3356276,0.33979135751724243,0.4546360969543457,0.08862658590078354
YJL053W,YBR010W,0,5.3345504,0.3395383358001709,0.4546360969543457,0.08872661739587784
YNL307C,YLR151C,0,5.334199,0.3392857015132904,0.4546360969543457,0.08882664889097214
YGL244W,YNL290W,0,5.332363,0.33903345465660095,0.4546360969543457,0.08892668038606644
YKR069W,YPL096W,0,5.329522,0.33878156542778015,0.4546360969543457,0.08902670443058014
YKR071C,YOR212W,0,5.3267374,0.3385300636291504,0.4546360969543457,0.08912673592567444
YMR186W,YMR161W,1,5.325589,0.3390207588672638,0.45563310384750366,0.08912673592567444
YAL005C,YCR069W,1,5.3251495,0.3395107388496399,0.4566301107406616,0.08912673592567444
YLL061W,YDR353W,0,5.322753,0.3392592668533325,0.4566301107406616,0.08922676742076874
YEL052W,YMR186W,0,5.321245,0.3390081524848938,0.4566301107406616,0.08932679891586304
YAL005C,YDL229W,1,5.3179655,0.33949702978134155,0.4576271176338196,0.08932679891586304
YIL095W,YAL039C,0,5.310462,0.33924612402915955,0.4576271176338196,0.08942683041095734
YDR411C,YNL080C,0,5.309393,0.3389955759048462,0.4576271176338196,0.08952685445547104
YJL066C,YNL070W,0,5.3089128,0.3387453854084015,0.4576271176338196,0.08962688595056534
YBR282W,YML056C,0,5.299781,0.3384955823421478,0.4576271176338196,0.08972691744565964
YPL042C,YOR298W,0,5.297494,0.3382461369037628,0.4576271176338196,0.08982694894075394
YFL057C,YLR330W,0,5.297433,0.33799704909324646,0.4576271176338196,0.08992698043584824
YGR081C,YHR008C,0,5.296819,0.33774834871292114,0.4576271176338196,0.09002700448036194
YOL129W,YLR316C,0,5.296454,0.3375000059604645,0.4576271176338196,0.09012703597545624
YLR452C,YIR025W,0,5.295787,0.33725202083587646,0.4576271176338196,0.09022706747055054
YBR066C,YDR423C,0,5.2941427,0.3370043933391571,0.4576271176338196,0.09032709896564484
YEL040W,YLR005W,0,5.2937937,0.3367571532726288,0.4576271176338196,0.09042713046073914
YNL006W,YJR064W,1,5.289388,0.3372434079647064,0.45862412452697754,0.09042713046073914
YER048C,YDR518W,1,5.286433,0.33772894740104675,0.4596211314201355,0.09042713046073914
YDR233C,YLR103C,0,5.2851715,0.33748170733451843,0.4596211314201355,0.09052715450525284
YDR410C,YBR026C,0,5.2832527,0.33723482489585876,0.4596211314201355,0.09062718600034714
YNR060W,YGR027C,0,5.2825465,0.33698830008506775,0.4596211314201355,0.09072721749544144
YLL041C,YDR159W,0,5.2734003,0.3367421329021454,0.4596211314201355,0.09082724899053574
YOR349W,YPL221W,1,5.27285,0.3372262716293335,0.46061813831329346,0.09082724899053574
YNL064C,YMR214W,1,5.2712736,0.3377096951007843,0.4616151452064514,0.09082724899053574
YDR207C,YBR026C,0,5.269641,0.3374635577201843,0.4616151452064514,0.09092728048563004
YLR449W,YHR057C,1,5.2669597,0.3379461169242859,0.4626121520996094,0.09092728048563004
YIL142W,YCL008C,0,5.262829,0.33770015835762024,0.4626121520996094,0.09102730453014374
YBL058W,YHR209W,0,5.261771,0.33745455741882324,0.4626121520996094,0.09112733602523804
YMR089C,YLR380W,0,5.2616687,0.3372093141078949,0.4626121520996094,0.09122736752033234
YOR265W,YDR214W,1,5.2612667,0.3376906216144562,0.46360915899276733,0.09122736752033234
YDR240C,YLR251W,0,5.2519913,0.33744558691978455,0.46360915899276733,0.09132739901542664
YLR206W,YGR072W,0,5.2427807,0.3372008800506592,0.46360915899276733,0.09142743051052094
YDL061C,YJL060W,0,5.2346816,0.33695653080940247,0.46360915899276733,0.09152745455503464
YMR169C,YDL015C,0,5.229384,0.3367125391960144,0.46360915899276733,0.09162748605012894
YDR518W,YCL008C,0,5.2287064,0.3364688754081726,0.46360915899276733,0.09172751754522324
YMR186W,YDR304C,1,5.227239,0.3369486629962921,0.4646061956882477,0.09172751754522324
YBR125C,YPL218W,0,5.2262,0.33670520782470703,0.4646061956882477,0.09182754904031754
YPL106C,YLL024C,1,5.2257633,0.3371841013431549,0.46560320258140564,0.09182754904031754
YIL142W,YKL161C,0,5.2257566,0.33694082498550415,0.46560320258140564,0.09192758053541183
YDL217C,YDL022W,0,5.2240667,0.33669790625572205,0.46560320258140564,0.09202760457992554
YAL054C,YDR404C,0,5.222273,0.3364553451538086,0.46560320258140564,0.09212763607501984
YBR095C,YOL158C,0,5.220533,0.3362131118774414,0.46560320258140564,0.09222766757011414
YJR006W,YOR099W,0,5.2195477,0.33597123622894287,0.46560320258140564,0.09232769906520844
YCL057W,YBL085W,0,5.2149653,0.3357296884059906,0.46560320258140564,0.09242773056030273
YOR298W,YPR160W,0,5.21345,0.335488498210907,0.46560320258140564,0.09252775460481644
YMR049C,YPL188W,0,5.2131143,0.335247665643692,0.46560320258140564,0.09262778609991074
YNL304W,YMR250W,0,5.212307,0.3350071609020233,0.46560320258140564,0.09272781759500504
YOL165C,YGL112C,0,5.2120852,0.33476701378822327,0.46560320258140564,0.09282784909009933
YKR019C,YPR043W,0,5.209197,0.33452722430229187,0.46560320258140564,0.09292788058519363
YHR179W,YGR070W,0,5.2077556,0.33428776264190674,0.46560320258140564,0.09302791208028793
YLL012W,YCR002C,0,5.2077236,0.33404862880706787,0.46560320258140564,0.09312793612480164
YJL034W,YIL142W,1,5.2062984,0.33452466130256653,0.4666002094745636,0.09312793612480164
YMR193W,YGR255C,0,5.2033825,0.334285706281662,0.4666002094745636,0.09322796761989594
YLR200W,YPL037C,1,5.202527,0.3347608745098114,0.46759721636772156,0.09322796761989594
YJL112W,YPR080W,0,5.2014575,0.3345220983028412,0.46759721636772156,0.09332799911499023
YPL131W,YOR351C,0,5.201163,0.3342836797237396,0.46759721636772156,0.09342803061008453
YIL021W,YGL037C,0,5.201062,0.3340455889701843,0.46759721636772156,0.09352806210517883
YCR060W,YNL236W,0,5.2008915,0.3338078260421753,0.46759721636772156,0.09362808614969254
YBR183W,YLR163C,0,5.195567,0.3335704207420349,0.46759721636772156,0.09372811764478683
YMR319C,YOR162C,0,5.195224,0.3333333432674408,0.46759721636772156,0.09382814913988113
YDR188W,YER048C,1,5.192997,0.3338068127632141,0.4685942232608795,0.09382814913988113
YDL070W,YPR060C,0,5.1907196,0.3335699141025543,0.4685942232608795,0.09392818063497543
YDR079W,YPR043W,0,5.1876287,0.3333333432674408,0.4685942232608795,0.09402821213006973
YGL018C,YJR064W,1,5.185639,0.33380579948425293,0.4695912301540375,0.09402821213006973
YIL139C,YKR066C,0,5.1850376,0.33356940746307373,0.4695912301540375,0.09412823617458344
YPL122C,YLR350W,0,5.183366,0.3333333432674408,0.4695912301540375,0.09422826766967773
YBR196C,YJL187C,0,5.1830072,0.3330976068973541,0.4695912301540375,0.09432829916477203
YLR047C,YPL093W,0,5.1828766,0.3328621983528137,0.4695912301540375,0.09442833065986633
YNL006W,YER002W,0,5.18285,0.3326271176338196,0.4695912301540375,0.09452836215496063
YER022W,YJL140W,0,5.179324,0.3323923647403717,0.4695912301540375,0.09462838619947433
YMR032W,YDR353W,0,5.169424,0.3321579694747925,0.4695912301540375,0.09472841769456863
YGR264C,YDL097C,0,5.167578,0.3319239020347595,0.4695912301540375,0.09482844918966293
YOR176W,YER017C,0,5.1634607,0.33169013261795044,0.4695912301540375,0.09492848068475723
YNL135C,YLL024C,1,5.1634054,0.33216044306755066,0.47058823704719543,0.09492848068475723
YJR045C,YJL073W,1,5.1628475,0.33263009786605835,0.4715852439403534,0.09492848068475723
YDL202W,YOR138C,0,5.1598625,0.33239635825157166,0.4715852439403534,0.09502851217985153
YLR447C,YDL078C,0,5.1549063,0.33216291666030884,0.4715852439403534,0.09512853622436523
YOR187W,YBR129C,0,5.152343,0.3319298326969147,0.4715852439403534,0.09522856771945953
YGR132C,YAL005C,1,5.1506767,0.33239832520484924,0.47258225083351135,0.09522856771945953
YCL018W,YGR118W,0,5.1502895,0.332165390253067,0.47258225083351135,0.09532859921455383
YJR046W,YNL281W,1,5.1486273,0.33263304829597473,0.4735792577266693,0.09532859921455383
YJL179W,YGR231C,1,5.148123,0.3331000804901123,0.47457626461982727,0.09532859921455383
YDR151C,YOR020C,1,5.1475945,0.33356642723083496,0.47557327151298523,0.09532859921455383
YMR136W,YJL128C,0,5.1449614,0.3333333432674408,0.47557327151298523,0.09542863070964813
YJL117W,YBR155W,1,5.1429634,0.333798885345459,0.4765702784061432,0.09542863070964813
YLR270W,YGR239C,0,5.142432,0.33356595039367676,0.4765702784061432,0.09552866220474243
YLR259C,YMR214W,1,5.1418123,0.3340306878089905,0.47756728529930115,0.09552866220474243
YOR243C,YPR152C,0,5.14099,0.3337979018688202,0.47756728529930115,0.09562868624925613
YNL073W,YDL061C,0,5.137497,0.33356547355651855,0.47756728529930115,0.09572871774435043
YGR132C,YMR214W,1,5.13658,0.3340292274951935,0.4785642921924591,0.09572871774435043
YMR145C,YNR060W,0,5.1348953,0.3337969481945038,0.4785642921924591,0.09582874923944473
YML078W,YNL064C,1,5.125424,0.33425989747047424,0.47956132888793945,0.09582874923944473
YNL302C,YOR194C,0,5.124858,0.3340277671813965,0.47956132888793945,0.09592878073453903
YPL037C,YJL014W,1,5.1218777,0.33448994159698486,0.4805583357810974,0.09592878073453903
YDR155C,YDR151C,1,5.118869,0.3349514603614807,0.48155534267425537,0.09592878073453903
YLR157C,YLR183C,0,5.1177816,0.33471933007240295,0.48155534267425537,0.09602881222963333
YNL052W,YML128C,0,5.115714,0.33448752760887146,0.48155534267425537,0.09612883627414703
YNR006W,YKR006C,0,5.1148586,0.33425605297088623,0.48155534267425537,0.09622886776924133
YGR118W,YPL096W,0,5.112013,0.33402490615844727,0.48155534267425537,0.09632889926433563
YMR097C,YMR272C,0,5.111466,0.3337940573692322,0.48155534267425537,0.09642893075942993
YJR046W,YOR232W,1,5.1103573,0.3342541456222534,0.48255234956741333,0.09642893075942993
YGR036C,YBR010W,0,5.1085534,0.33402347564697266,0.48255234956741333,0.09652896225452423
YLR259C,YDR188W,1,5.108306,0.33448275923728943,0.4835493564605713,0.09652896225452423
YGR105W,YKL064W,0,5.1066275,0.3342522382736206,0.4835493564605713,0.09662898629903793
YKL174C,YCL025C,0,5.106386,0.33402204513549805,0.4835493564605713,0.09672901779413223
YDL036C,YLR160C,0,5.1044292,0.33379215002059937,0.4835493564605713,0.09682904928922653
YER101C,YOR187W,0,5.102936,0.33356258273124695,0.4835493564605713,0.09692908078432083
YAL005C,YDR519W,1,5.1009216,0.33402061462402344,0.48454636335372925,0.09692908078432083
YGR221C,YML056C,0,5.100882,0.33379119634628296,0.48454636335372925,0.09702911227941513
YHR030C,YNL052W,0,5.09818,0.33356210589408875,0.48454636335372925,0.09712913632392883
YLR080W,YNL307C,0,5.096505,0.3333333432674408,0.48454636335372925,0.09722916781902313
YGR132C,YOL088C,1,5.0945444,0.33379027247428894,0.4855433702468872,0.09722916781902313
YDR233C,YJL071W,0,5.0824547,0.33356162905693054,0.4855433702468872,0.09732919931411743
YDR281C,YDR226W,0,5.0802712,0.3333333432674408,0.4855433702468872,0.09742923080921173
YNR057C,YAR031W,0,5.077619,0.33310532569885254,0.4855433702468872,0.09752926230430603
YER049W,YDL054C,0,5.0761576,0.33287763595581055,0.4855433702468872,0.09762928634881973
YGR175C,YAR035W,0,5.0754366,0.3326502740383148,0.4855433702468872,0.09772931784391403
YOR020C,YJR064W,1,5.0736456,0.33310580253601074,0.48654037714004517,0.09772931784391403
YOR274W,YMR180C,0,5.0726376,0.33287858963012695,0.48654037714004517,0.09782934933900833
YBR182C,YGR246C,0,5.0709085,0.33265167474746704,0.48654037714004517,0.09792938083410263
YDR527W,YLR348C,0,5.070117,0.332425057888031,0.48654037714004517,0.09802941232919693
YMR241W,YCL034W,0,5.069105,0.33219876885414124,0.48654037714004517,0.09812943637371063
YBR002C,YMR186W,0,5.067396,0.33197277784347534,0.48654037714004517,0.09822946786880493
YKL078W,YOL090W,0,5.06655,0.3317471146583557,0.48654037714004517,0.09832949936389923
YBR042C,YMR115W,0,5.0642576,0.33152174949645996,0.48654037714004517,0.09842953085899353
YNL147W,YJL082W,0,5.0632086,0.3312966823577881,0.48654037714004517,0.09852956235408783
YAL054C,YJL124C,0,5.061075,0.3310719132423401,0.48654037714004517,0.09862958639860153
YNL282W,YOR020C,0,5.060892,0.33084747195243835,0.48654037714004517,0.09872961789369583
YNL102W,YDR404C,0,5.060441,0.3306232988834381,0.48654037714004517,0.09882964938879013
YDR281C,YOL151W,0,5.0577307,0.33039945363998413,0.48654037714004517,0.09892968088388443
YOR027W,YGL128C,1,5.056288,0.3308525085449219,0.4875373840332031,0.09892968088388443
YDL028C,YLR270W,0,5.0543275,0.33062881231307983,0.4875373840332031,0.09902971237897873
YGR089W,YOR313C,0,5.0523353,0.33040541410446167,0.4875373840332031,0.09912973642349243
YGR288W,YML112W,0,5.052267,0.3301823139190674,0.4875373840332031,0.09922976791858673
YJL060W,YBL068W,0,5.0509253,0.329959511756897,0.4875373840332031,0.09932979941368103
YLR228C,YGL163C,0,5.048421,0.32973700761795044,0.4875373840332031,0.09942983090877533
YDL084W,YBR230C,0,5.042047,0.32951483130455017,0.4875373840332031,0.09952986240386963
YDR072C,YMR180C,0,5.041671,0.3292929232120514,0.4875373840332031,0.09962988644838333
YCL018W,YOR243C,0,5.0387564,0.3290713429450989,0.4875373840332031,0.09972991794347763
YOL088C,YJL014W,1,5.0383024,0.3295225203037262,0.4885343909263611,0.09972991794347763
YOR288C,YHR057C,1,5.034544,0.32997313141822815,0.48953139781951904,0.09972991794347763
YOR027W,YNL281W,1,5.032649,0.33042311668395996,0.490528404712677,0.09972991794347763
YLR449W,YCR060W,1,5.0289955,0.33087247610092163,0.49152541160583496,0.09972991794347763
YMR123W,YPL027W,0,5.0278025,0.33065056800842285,0.49152541160583496,0.09982994943857193
YCR093W,YCL004W,0,5.02759,0.33042895793914795,0.49152541160583496,0.09992998093366623
YJL030W,YGR072W,0,5.0266395,0.3302076458930969,0.49152541160583496,0.10003001242876053
YER049W,YER046W,0,5.024644,0.3299866020679474,0.49152541160583496,0.10013003647327423
YDR076W,YKL180W,0,5.021106,0.3297658860683441,0.49152541160583496,0.10023006796836853
YLR157C,YDR451C,0,5.0200586,0.3295454680919647,0.49152541160583496,0.10033009946346283
YGR034W,YMR272C,0,5.0197678,0.3293253183364868,0.49152541160583496,0.10043013095855713
YDR212W,YJL073W,1,5.019743,0.32977303862571716,0.4925224184989929,0.10043013095855713
YDR304C,YJL014W,1,5.019305,0.33022013306617737,0.49351945519447327,0.10043013095855713
YMR186W,YCR069W,1,5.0192842,0.3306666612625122,0.4945164620876312,0.10043013095855713
YOR054C,YGR239C,0,5.013183,0.33044636249542236,0.4945164620876312,0.10053016245365143
YKR071C,YOL010W,0,5.012821,0.3302263617515564,0.4945164620876312,0.10063018649816513
YOR261C,YLR151C,0,5.011962,0.3300066590309143,0.4945164620876312,0.10073021799325943
YAL054C,YJL140W,0,5.0112343,0.3297872245311737,0.4945164620876312,0.10083024948835373
YJR046W,YCL043C,1,5.0099263,0.33023256063461304,0.4955134689807892,0.10083024948835373
YJL117W,YLR325C,0,5.006366,0.3300132751464844,0.4955134689807892,0.10093028098344803
YLL029W,YGL209W,0,5.0024223,0.3297942876815796,0.4955134689807892,0.10103031247854233
YJR055W,YML056C,0,5.002096,0.3295755982398987,0.4955134689807892,0.10113033652305603
YJL155C,YJL095W,0,5.0004396,0.32935717701911926,0.4955134689807892,0.10123036801815033
YBR182C,YIL042C,0,4.9997168,0.3291390836238861,0.4955134689807892,0.10133039951324463
YDR211W,YPR138C,0,4.99933,0.32892125844955444,0.4955134689807892,0.10143043100833893
YDL198C,YMR200W,0,4.9967813,0.32870370149612427,0.4955134689807892,0.10153046250343323
YGR036C,YLR300W,0,4.995611,0.32848644256591797,0.4955134689807892,0.10163048654794693
YCL025C,YPL273W,0,4.99432,0.32826948165893555,0.4955134689807892,0.10173051804304123
YJR151C,YGR185C,0,4.988018,0.328052818775177,0.4955134689807892,0.10183054953813553
YGR282C,YHR060W,0,4.98729,0.32783642411231995,0.4955134689807892,0.10193058103322983
YPR024W,YJR004C,0,4.987073,0.3276202976703644,0.4955134689807892,0.10203061252832413
YGR285C,YMR214W,1,4.984748,0.3280632495880127,0.49651047587394714,0.10203061252832413
YFL016C,YHR142W,1,4.9833565,0.32850560545921326,0.4975074827671051,0.10203061252832413
YDR453C,YMR061W,0,4.9819436,0.3282894790172577,0.4975074827671051,0.10213063657283783
YJL130C,YBR173C,0,4.9804378,0.328073650598526,0.4975074827671051,0.10223066806793213
YGR085C,YEL062W,0,4.979127,0.3278580904006958,0.4975074827671051,0.10233069956302643
YLR113W,YGR070W,0,4.976969,0.3276427984237671,0.4975074827671051,0.10243073105812073
YJL172W,YBR145W,0,4.9757833,0.32742783427238464,0.4975074827671051,0.10253076255321503
YMR186W,YPR043W,0,4.9755354,0.3272131085395813,0.4975074827671051,0.10263078659772873
YNL209W,YJL014W,1,4.971824,0.32765400409698486,0.49850448966026306,0.10263078659772873
YNL209W,YDR304C,1,4.9693184,0.3280943036079407,0.499501496553421,0.10263078659772873
YKL161C,YDL021W,0,4.966157,0.32787957787513733,0.499501496553421,0.10273081809282303
YGR285C,YOR349W,1,4.9653053,0.32831916213035583,0.5004985332489014,0.10273081809282303
YHR012W,YLL061W,0,4.962504,0.32810458540916443,0.5004985332489014,0.10283084958791733
YGL014W,YBR067C,0,4.959614,0.3278902769088745,0.5004985332489014,0.10293088108301163
YLR291C,YMR180C,0,4.9591436,0.3276762366294861,0.5004985332489014,0.10303091257810593
YOR310C,YCR046C,0,4.9580116,0.32746249437332153,0.5004985332489014,0.10313093662261963
YDL140C,YMR250W,0,4.9569025,0.32724902033805847,0.5004985332489014,0.10323096811771393
YOR297C,YJL079C,0,4.9561434,0.3270358443260193,0.5004985332489014,0.10333099961280823
YIL128W,YMR173W,0,4.953113,0.3268229067325592,0.5004985332489014,0.10343103110790253
YGL237C,YAR027W,0,4.9509687,0.326610267162323,0.5004985332489014,0.10353106260299683
YLR452C,YNL335W,0,4.9486194,0.32639792561531067,0.5004985332489014,0.10363108664751053
YJL008C,YER048C,1,4.948161,0.32683560252189636,0.5014955401420593,0.10363108664751053
YDL215C,YNL230C,0,4.9477296,0.3266233801841736,0.5014955401420593,0.10373111814260483
YDR211W,YLR325C,0,4.945586,0.3264114260673523,0.5014955401420593,0.10383114963769913
YLL029W,YDR260C,0,4.9426484,0.3261997401714325,0.5014955401420593,0.10393118113279343
YLR165C,YMR179W,0,4.94158,0.3259883224964142,0.5014955401420593,0.10403121262788773
YGL062W,YNL258C,0,4.9403667,0.32577720284461975,0.5014955401420593,0.10413123667240143
YGR034W,YBR192W,0,4.940123,0.3255663514137268,0.5014955401420593,0.10423126816749573
YFL057C,YPR138C,0,4.937393,0.32535576820373535,0.5014955401420593,0.10433129966259003
YDR453C,YLR429W,0,4.937385,0.3251454532146454,0.5014955401420593,0.10443133115768433
YPL134C,YBR150C,0,4.9365973,0.3249354064464569,0.5014955401420593,0.10453136265277863
YDR304C,YGR070W,0,4.9323964,0.3247256278991699,0.5014955401420593,0.10463138669729233
YPL042C,YKL085W,0,4.929599,0.3245161175727844,0.5014955401420593,0.10473141819238663
YLR043C,YDR404C,0,4.9293003,0.3243069052696228,0.5014955401420593,0.10483144968748093
YLR259C,YIL142W,1,4.9255257,0.32474225759506226,0.5024925470352173,0.10483144968748093
YMR186W,YML074C,1,4.924822,0.32517707347869873,0.5034895539283752,0.10483144968748093
YOL158C,YOR294W,0,4.9224463,0.3249678313732147,0.5034895539283752,0.10493148118257523
YJR127C,YPL147W,0,4.9221177,0.3247588276863098,0.5034895539283752,0.10503151267766953
YNL314W,YMR008C,0,4.920768,0.3245501220226288,0.5034895539283752,0.10513153672218323
YLL041C,YOR074C,0,4.919367,0.32434168457984924,0.5034895539283752,0.10523156821727753
YJL005W,YBL092W,0,4.919286,0.3241335153579712,0.5034895539283752,0.10533159971237183
YMR025W,YMR090W,0,4.917953,0.32392558455467224,0.5034895539283752,0.10543163120746613
YLR401C,YNR035C,0,4.9119487,0.32371795177459717,0.5034895539283752,0.10553166270256042
YHR064C,YJL111W,1,4.9114666,0.3241511881351471,0.5044865608215332,0.10553166270256042
YNL281W,YNL077W,1,4.90899,0.32458385825157166,0.5054835677146912,0.10553166270256042
YGR258C,YAL038W,0,4.907705,0.3243761956691742,0.5054835677146912,0.10563168674707413
YGR288W,YKL038W,0,4.9064355,0.3241688013076782,0.5054835677146912,0.10573171824216843
YLR009W,YIL170W,0,4.9021635,0.32396167516708374,0.5054835677146912,0.10583174973726273
YOR145C,YNL281W,0,4.9013987,0.32375478744506836,0.5054835677146912,0.10593178123235703
YDR429C,YOR349W,0,4.8997736,0.32354816794395447,0.5054835677146912,0.10603181272745132
YLR182W,YPR002W,0,4.8942614,0.32334184646606445,0.5054835677146912,0.10613183677196503
YOR138C,YKR026C,0,4.8895626,0.32313576340675354,0.5054835677146912,0.10623186826705933
YBR155W,YHR142W,1,4.888776,0.32356688380241394,0.5064805746078491,0.10623186826705933
YBR066C,YNL110C,0,4.8854146,0.3233609199523926,0.5064805746078491,0.10633189976215363
YMR117C,YOR382W,0,4.884939,0.3231552243232727,0.5064805746078491,0.10643193125724792
YHR034C,YNL077W,1,4.883355,0.32358551025390625,0.5074775815010071,0.10643193125724792
YJL162C,YJR064W,1,4.883172,0.3240152597427368,0.508474588394165,0.10643193125724792
YLR209C,YNL298W,0,4.882497,0.32380953431129456,0.508474588394165,0.10653196275234222
YEL030W,YPL240C,1,4.8802896,0.3242385685443878,0.509471595287323,0.10653196275234222
YLR228C,YLL040C,0,4.876195,0.3240329623222351,0.509471595287323,0.10663198679685593
YNL006W,YAL058W,1,4.872042,0.32446134090423584,0.510468602180481,0.10663198679685593
YPL134C,YAL031C,0,4.8713017,0.3242558538913727,0.510468602180481,0.10673201829195023
YML130C,YPL221W,1,4.8708196,0.3246835470199585,0.5114656090736389,0.10673201829195023
YOL043C,YMR300C,0,4.864496,0.3244781792163849,0.5114656090736389,0.10683204978704453
YKR056W,YJL103C,0,4.8642077,0.32427307963371277,0.5114656090736389,0.10693208128213882
YNL085W,YKL001C,0,4.8634925,0.32406821846961975,0.5114656090736389,0.10703211277723312
YNL135C,YPL106C,1,4.858712,0.32449495792388916,0.5124626159667969,0.10703211277723312
YHR077C,YBR037C,0,4.8528104,0.3242902159690857,0.5124626159667969,0.10713213682174683
YOR084W,YGR271W,0,4.852671,0.3240857422351837,0.5124626159667969,0.10723216831684113
YOL082W,YHR109W,0,4.8505573,0.3238815367221832,0.5124626159667969,0.10733219981193542
YHR057C,YJR064W,1,4.848772,0.32430729269981384,0.5134596228599548,0.10733219981193542
YMR078C,YMR186W,0,4.8450446,0.3241032063961029,0.5134596228599548,0.10743223130702972
YPR113W,YPR137W,0,4.836919,0.32389935851097107,0.5134596228599548,0.10753226280212402
YOL088C,YNL148C,1,4.8360434,0.3243243098258972,0.5144566297531128,0.10753226280212402
YOR138C,YNL274C,0,4.83427,0.3241206109523773,0.5144566297531128,0.10763228684663773
YMR186W,YLL043W,0,4.8301334,0.3239171504974365,0.5144566297531128,0.10773231834173203
YGR036C,YMR115W,0,4.8257103,0.32371392846107483,0.5144566297531128,0.10783234983682632
YDR451C,YKL085W,0,4.824393,0.3235109746456146,0.5144566297531128,0.10793238133192062
YLL051C,YOL155C,0,4.8238893,0.3233082592487335,0.5144566297531128,0.10803241282701492
YNL064C,YJL111W,1,4.823842,0.3237319886684418,0.5154536366462708,0.10803241282701492
YOL155C,YML052W,0,4.8236856,0.3235294222831726,0.5154536366462708,0.10813243687152863
YOR349W,YBR101C,1,4.8235493,0.32395246624946594,0.5164506435394287,0.10813243687152863
YNL274C,YIL047C,0,4.8232718,0.32374998927116394,0.5164506435394287,0.10823246836662292
YDR170C,YLR130C,0,4.823045,0.3235477805137634,0.5164506435394287,0.10833249986171722
YBR006W,YML036W,0,4.8209214,0.323345810174942,0.5164506435394287,0.10843253135681152
YLL041C,YGL122C,0,4.820753,0.3231441080570221,0.5164506435394287,0.10853256285190582
YJR127C,YKL067W,0,4.814828,0.3229426443576813,0.5164506435394287,0.10863258689641953
YKL009W,YLR213C,0,4.8147254,0.32274141907691956,0.5164506435394287,0.10873261839151382
YDR188W,YDR155C,1,4.8133564,0.32316315174102783,0.5174476504325867,0.10873261839151382
YOL158C,YLR153C,0,4.8120384,0.32296204566955566,0.5174476504325867,0.10883264988660812
YAL054C,YCR026C,0,4.808505,0.322761207818985,0.5174476504325867,0.10893268138170242
YJR045C,YNL281W,1,4.8008356,0.3231821060180664,0.5184446573257446,0.10893268138170242
YOR176W,YKL166C,0,4.800001,0.3229813575744629,0.5184446573257446,0.10903271287679672
YNL297C,YML128C,0,4.7969627,0.32278087735176086,0.5184446573257446,0.10913273692131042
YBR128C,YOL028C,0,4.795824,0.32258063554763794,0.5184446573257446,0.10923276841640472
YIL142W,YFR021W,0,4.795159,0.3223806619644165,0.5184446573257446,0.10933279991149902
YIL135C,YBR257W,0,4.7920327,0.32218092679977417,0.5184446573257446,0.10943283140659332
YER185W,YLR344W,0,4.7906694,0.32198143005371094,0.5184446573257446,0.10953286290168762
YJL034W,YOR232W,1,4.7892303,0.3224009871482849,0.5194416642189026,0.10953286290168762
YBR067C,YDL035C,0,4.7864594,0.32220160961151123,0.5194416642189026,0.10963288694620132
YMR093W,YOL004W,0,4.7831416,0.32200247049331665,0.5194416642189026,0.10973291844129562
YHR030C,YOR301W,0,4.782067,0.32180356979370117,0.5194416642189026,0.10983294993638992
YDR059C,YPR119W,0,4.7798233,0.3216049373149872,0.5194416642189026,0.10993298143148422
YER165W,YIL170W,0,4.779797,0.3214065432548523,0.5194416642189026,0.11003301292657852
YDR188W,YJR046W,1,4.7795773,0.32182490825653076,0.5204386711120605,0.11003301292657852
YML058W-A,YPL094C,0,4.778573,0.32162660360336304,0.5204386711120605,0.11013303697109222
YHR209W,YIL140W,0,4.7738214,0.3214285671710968,0.5204386711120605,0.11023306846618652
YKL217W,YLR244C,0,4.770506,0.32123076915740967,0.5204386711120605,0.11033309996128082
YPL274W,YMR240C,0,4.770169,0.32103320956230164,0.5204386711120605,0.11043313145637512
YHR061C,YOL158C,0,4.769579,0.3208358883857727,0.5204386711120605,0.11053316295146942
YKL117W,YNR028W,1,4.7673755,0.32125306129455566,0.5214356780052185,0.11053316295146942
YMR173W,YMR272C,0,4.7657948,0.3210558593273163,0.5214356780052185,0.11063318699598312
YML058W-A,YNL284C,0,4.7651186,0.320858895778656,0.5214356780052185,0.11073321849107742
YKL144C,YHR057C,0,4.7628107,0.32066217064857483,0.5214356780052185,0.11083324998617172
YOL038W,YJL172W,0,4.761772,0.32046568393707275,0.5214356780052185,0.11093328148126602
YLR025W,YLR348C,0,4.7548237,0.3202694356441498,0.5214356780052185,0.11103331297636032
YNL006W,YER048C,1,4.754556,0.3206854462623596,0.5224326848983765,0.11103331297636032
YNL160W,YKL189W,0,4.754199,0.3204892873764038,0.5224326848983765,0.11113333702087402
YOR187W,YBR281C,0,4.750103,0.3202933967113495,0.5224326848983765,0.11123336851596832
YLR183C,YLR130C,0,4.7493334,0.32009774446487427,0.5224326848983765,0.11133340001106262
YPL241C,YLR090W,1,4.7477484,0.3205128312110901,0.5234296917915344,0.11133340001106262
YER055C,YJL128C,0,4.7453246,0.32031726837158203,0.5234296917915344,0.11143343150615692
YNL044W,YJR101W,0,4.7425933,0.3201219439506531,0.5234296917915344,0.11153346300125122
YNL192W,YBR257W,0,4.742073,0.3199268877506256,0.5234296917915344,0.11163348704576492
YMR218C,YMR136W,0,4.740035,0.31973204016685486,0.5234296917915344,0.11173351854085922
YKR020W,YKL064W,0,4.7395782,0.3195374310016632,0.5234296917915344,0.11183355003595352
YGR132C,YJR045C,1,4.73954,0.3199513256549835,0.5244266986846924,0.11183355003595352
YER168C,YOR020C,0,4.736405,0.3197568356990814,0.5244266986846924,0.11193358153104782
YNL273W,YJL191W,0,4.735484,0.3195625841617584,0.5244266986846924,0.11203361302614212
YMR123W,YOL155C,0,4.732124,0.31936854124069214,0.5244266986846924,0.11213363707065582
YLL024C,YML048W,1,4.7220855,0.3197815418243408,0.5254237055778503,0.11213363707065582
YBL041W,YDR059C,0,4.7218723,0.3195876181125641,0.5254237055778503,0.11223366856575012
YBR120C,YMR194W,0,4.7201147,0.31939393281936646,0.5254237055778503,0.11233370006084442
YHR029C,YCR052W,0,4.7198076,0.3192004859447479,0.5254237055778503,0.11243373155593872
YJR036C,YKL172W,0,4.7182226,0.3190072774887085,0.5254237055778503,0.11253376305103302
YBR026C,YER019C-A,0,4.7177086,0.3188142776489258,0.5254237055778503,0.11263378709554672
YKR103W,YPL273W,0,4.7176533,0.31862151622772217,0.5254237055778503,0.11273381859064102
YDL059C,YEL040W,0,4.71482,0.31842899322509766,0.5254237055778503,0.11283385008573532
YDR207C,YOR020C,0,4.7138987,0.31823670864105225,0.5254237055778503,0.11293388158082962
YKR008W,YPR138C,0,4.7137704,0.31804466247558594,0.5254237055778503,0.11303391307592392
YLL008W,YDR373W,0,4.7117753,0.31785282492637634,0.5254237055778503,0.11313393712043762
YBR129C,YNL274C,0,4.7107186,0.31766125559806824,0.5254237055778503,0.11323396861553192
YKL074C,YOR204W,0,4.7105803,0.31746986508369446,0.5254237055778503,0.11333400011062622
YJR032W,YJR046W,1,4.7082353,0.3178808093070984,0.5264207124710083,0.11333400011062622
YER162C,YPR133W-A,0,4.7061753,0.31768953800201416,0.5264207124710083,0.11343403160572052
YLR090W,YIL016W,1,4.7048206,0.31809982657432556,0.5274177193641663,0.11343403160572052
YML052W,YGL004C,0,4.704184,0.3179086446762085,0.5274177193641663,0.11353406310081482
YEL037C,YJR101W,0,4.7025747,0.3177177309989929,0.5274177193641663,0.11363408714532852
YJR103W,YMR240C,0,4.7003107,0.31752699613571167,0.5274177193641663,0.11373411864042282
YMR032W,YLR348C,0,4.698188,0.3173365294933319,0.5274177193641663,0.11383415013551712
YDR082W,YKL067W,0,4.6939845,0.31714627146720886,0.5274177193641663,0.11393418163061142
YAL060W,YPL183W-A,0,4.693347,0.3169562518596649,0.5274177193641663,0.11403421312570572
YPR083W,YNR044W,0,4.6919355,0.3167664706707001,0.5274177193641663,0.11413423717021942
YBR093C,YNR010W,0,4.6917005,0.31657689809799194,0.5274177193641663,0.11423426866531372
YGR132C,YJL034W,1,4.6904745,0.3169856369495392,0.5284147262573242,0.11423426866531372
YGR231C,YHR193C,1,4.689653,0.3173938989639282,0.529411792755127,0.11423426866531372
YPR167C,YER151C,0,4.6850214,0.3172042965888977,0.529411792755127,0.11433430016040802
YHR082C,YER052C,0,4.6847167,0.3170149326324463,0.529411792755127,0.11443433165550232
YGL225W,YLR316C,0,4.6843734,0.3168257772922516,0.529411792755127,0.11453436315059662
YPL151C,YPL273W,0,4.678856,0.316636860370636,0.529411792755127,0.11463438719511032
YIR038C,YNR028W,0,4.675725,0.3164481520652771,0.529411792755127,0.11473441869020462
YOL045W,YCR011C,0,4.6733813,0.3162596821784973,0.529411792755127,0.11483445018529892
YGL128C,YMR200W,1,4.6732607,0.3166666626930237,0.5304087996482849,0.11483445018529892
YGR231C,YHR142W,1,4.671475,0.31707316637039185,0.5314058065414429,0.11483445018529892
YLR312W-A,YIL135C,0,4.6694174,0.3168846666812897,0.5314058065414429,0.11493448168039322
YNL135C,YCL043C,1,4.6662316,0.3172905445098877,0.5324028134346008,0.11493448168039322
YDL021W,YER046W,0,4.665411,0.3171021342277527,0.5324028134346008,0.11503451317548752
YOR204W,YAR031W,0,4.663886,0.3169139325618744,0.5324028134346008,0.11513453722000122
YML028W,YER165W,0,4.662012,0.3167259693145752,0.5324028134346008,0.11523456871509552
YOR382W,YBL085W,0,4.6600933,0.3165382444858551,0.5324028134346008,0.11533460021018982
YPL244C,YLL040C,0,4.6583395,0.31635069847106934,0.5324028134346008,0.11543463170528412
YBR183W,YER150W,0,4.656764,0.31616342067718506,0.5324028134346008,0.11553466320037842
YNL008C,YPR190C,0,4.6508937,0.3159763216972351,0.5324028134346008,0.11563468724489212
YKL041W,YLR129W,0,4.649998,0.31578946113586426,0.5324028134346008,0.11573471873998642
YLR429W,YNL175C,0,4.6474795,0.3156028389930725,0.5324028134346008,0.11583475023508072
YHR211W,YPL078C,0,4.645073,0.3154164254665375,0.5324028134346008,0.11593478173017502
YMR146C,YGL004C,0,4.644701,0.31523022055625916,0.5324028134346008,0.11603481322526932
YMR169C,YIR018W,0,4.6446857,0.31504425406455994,0.5324028134346008,0.11613483726978302
YNL077W,YLR090W,1,4.643317,0.3154481053352356,0.5333998203277588,0.11613483726978302
YDL227C,YER171W,0,4.638889,0.31526222825050354,0.5333998203277588,0.11623486876487732
YDL142C,YOR099W,0,4.6365786,0.3150765597820282,0.5333998203277588,0.11633490025997162
YML058W-A,YHR175W,0,4.629801,0.31489109992980957,0.5333998203277588,0.11643493175506592
YBR243C,YOL151W,0,4.6285152,0.31470587849617004,0.5333998203277588,0.11653496325016022
YER151C,YPL078C,0,4.627925,0.31452086567878723,0.5333998203277588,0.11663498729467392
YNL160W,YER052C,0,4.626747,0.31433606147766113,0.5333998203277588,0.11673501878976822
YDL084W,YEL070W,0,4.626731,0.31415149569511414,0.5333998203277588,0.11683505028486252
YNL310C,YFR041C,1,4.622812,0.31455397605895996,0.5343968272209167,0.11683505028486252
YJL141C,YPR001W,0,4.6196404,0.3143694996833801,0.5343968272209167,0.11693508177995682
YGR034W,YGL174W,0,4.6162066,0.314185231924057,0.5343968272209167,0.11703511327505112
YDL217C,YLR208W,0,4.616082,0.3140011727809906,0.5343968272209167,0.11713513731956482
YJR147W,YJR083C,0,4.615053,0.3138173222541809,0.5343968272209167,0.11723516881465912
YNL121C,YDL039C,0,4.6117344,0.3136337101459503,0.5343968272209167,0.11733520030975342
YLL045C,YDL015C,0,4.610793,0.31345030665397644,0.5343968272209167,0.11743523180484772
YCR057C,YKL053C-A,0,4.6071177,0.3132670819759369,0.5343968272209167,0.11753526329994202
YHR174W,YKR035W-A,0,4.604368,0.31308412551879883,0.5343968272209167,0.11763528734445572
YGL018C,YML048W,1,4.6009674,0.31348511576652527,0.5353938341140747,0.11763528734445572
YPR024W,YBR061C,0,4.593341,0.313302218914032,0.5353938341140747,0.11773531883955002
YPR035W,YJL082W,0,4.59207,0.3131195306777954,0.5353938341140747,0.11783535033464432
YJR138W,YBR067C,0,4.590082,0.31293705105781555,0.5353938341140747,0.11793538182973862
YLR029C,YDR410C,0,4.5876093,0.3127548098564148,0.5353938341140747,0.11803541332483292
YOR243C,YDL245C,0,4.587017,0.31257274746894836,0.5353938341140747,0.11813543736934662
YOR071C,YLR325C,0,4.5852365,0.31239092350006104,0.5353938341140747,0.11823546886444092
YCL036W,YJL060W,0,4.584305,0.3122093081474304,0.5353938341140747,0.11833550035953522
YDL143W,YCR060W,1,4.583221,0.3126089572906494,0.5363908410072327,0.11833550035953522
YMR136W,YOL062C,0,4.580512,0.3124274015426636,0.5363908410072327,0.11843553185462952
YER103W,YPL240C,1,4.5803843,0.3128264546394348,0.5373878479003906,0.11843553185462952
YPL183W-A,YDR281C,0,4.570548,0.3126450181007385,0.5373878479003906,0.11853556334972382
YMR173W,YDL040C,0,4.570462,0.31246376037597656,0.5373878479003906,0.11863558739423752
YDL028C,YOR230W,0,4.567042,0.3122827410697937,0.5373878479003906,0.11873561888933182
YJR057W,YAL054C,0,4.5646257,0.31210190057754517,0.5373878479003906,0.11883565038442612
YER175C,YLR213C,0,4.563242,0.31192129850387573,0.5373878479003906,0.11893568187952042
YJL179W,YJR046W,1,4.5624557,0.31231924891471863,0.5383848547935486,0.11893568187952042
YBL076C,YJL128C,0,4.5616217,0.31213873624801636,0.5383848547935486,0.11903571337461472
YBR183W,YOR187W,0,4.5547323,0.3119584023952484,0.5383848547935486,0.11913573741912842
YKL174C,YNL178W,0,4.549088,0.3117782771587372,0.5383848547935486,0.11923576891422272
YJL034W,YJL008C,1,4.543959,0.3121754229068756,0.5393818616867065,0.11923576891422272
YOR176W,YKL038W,0,4.5429482,0.31199538707733154,0.5393818616867065,0.11933580040931702
YCL018W,YOL155C,0,4.5423546,0.3118155598640442,0.5393818616867065,0.11943583190441132
YMR146C,YML109W,0,4.542151,0.31163594126701355,0.5393818616867065,0.11953586339950562
YPL106C,YCR060W,1,4.539289,0.3120322525501251,0.5403788685798645,0.11953586339950562
YGL014W,YER190W,0,4.539013,0.31185269355773926,0.5403788685798645,0.11963588744401932
YLR191W,YLR113W,0,4.538507,0.3116733729839325,0.5403788685798645,0.11973591893911362
YGR258C,YGR285C,0,4.538057,0.31149426102638245,0.5403788685798645,0.11983595043420792
YDR494W,YLR264W,0,4.537149,0.3113153278827667,0.5403788685798645,0.11993598192930222
YPL094C,YPR160W,0,4.533572,0.3111366331577301,0.5403788685798645,0.12003601342439651
YLR329W,YPL274W,0,4.533449,0.3109581172466278,0.5403788685798645,0.12013603746891022
YLR191W,YAR035W,0,4.533326,0.3107798099517822,0.5403788685798645,0.12023606896400452
YMR039C,YGR155W,0,4.5261197,0.31060171127319336,0.5403788685798645,0.12033610045909882
YBR081C,YBR006W,0,4.5259137,0.3104238212108612,0.5403788685798645,0.12043613195419312
YGR285C,YEL056W,0,4.5231233,0.31024613976478577,0.5403788685798645,0.12053616344928741
YNR006W,YLR024C,0,4.5217953,0.31006863713264465,0.5403788685798645,0.12063618749380112
YKL161C,YDR457W,0,4.519551,0.30989137291908264,0.5403788685798645,0.12073621898889542
YJR070C,YBR182C,0,4.5194016,0.30971428751945496,0.5403788685798645,0.12083625048398972
YDL140C,YHR057C,0,4.5177345,0.309537410736084,0.5403788685798645,0.12093628197908401
YNL202W,YBR173C,0,4.514063,0.3093607425689697,0.5403788685798645,0.12103631347417831
YHR064C,YDL143W,1,4.513588,0.30975469946861267,0.5413758754730225,0.12103631347417831
YPR001W,YER145C,0,4.50889,0.3095781207084656,0.5413758754730225,0.12113633751869202
YCR069W,YDR214W,1,4.5066357,0.30997151136398315,0.5423728823661804,0.12113633751869202
YLR090W,YJL008C,1,4.5049424,0.3103644549846649,0.5433698892593384,0.12113633751869202
YJL014W,YDR519W,1,4.50476,0.31075698137283325,0.5443668961524963,0.12113633751869202
YPR035W,YOL155C,0,4.502757,0.31058019399642944,0.5443668961524963,0.12123636901378632
YMR161W,YGR231C,1,4.50243,0.3109721541404724,0.5453639030456543,0.12123636901378632
YNL117W,YFL021W,0,4.499379,0.31079545617103577,0.5453639030456543,0.12133640050888062
YNL283C,YIL135C,0,4.498494,0.31061896681785583,0.5453639030456543,0.12143643200397491
YIL143C,YJL214W,0,4.497296,0.3104426860809326,0.5453639030456543,0.12153646349906921
YDR155C,YDR252W,1,4.496991,0.31083381175994873,0.5463609099388123,0.12153646349906921
YFR029W,YEL040W,0,4.496258,0.3106575906276703,0.5463609099388123,0.12163648754358292
YJR127C,YER002W,0,4.4940763,0.31048157811164856,0.5463609099388123,0.12173651903867722
YPL151C,YJL166W,0,4.488261,0.31030577421188354,0.5463609099388123,0.12183655053377151
YLR009W,YJL117W,0,4.4868665,0.31013017892837524,0.5463609099388123,0.12193658202886581
YDL055C,YDR159W,0,4.4847817,0.30995476245880127,0.5463609099388123,0.12203661352396011
YIL142W,YBR294W,0,4.479993,0.3097795248031616,0.5463609099388123,0.12213663756847382
YBR275C,YPR002W,0,4.4781094,0.3096045255661011,0.5463609099388123,0.12223666906356812
YLR107W,YFL045C,0,4.476138,0.30942970514297485,0.5463609099388123,0.12233670055866241
YBR183W,YKR068C,0,4.4752045,0.30925509333610535,0.5463609099388123,0.12243673205375671
YDR285W,YKL210W,0,4.4751577,0.30908066034317017,0.5463609099388123,0.12253676354885101
YLR206W,YKL096W-A,0,4.469249,0.3089064359664917,0.5463609099388123,0.12263678759336472
YPR080W,YBL098W,0,4.467546,0.30873239040374756,0.5463609099388123,0.12273681908845901
YMR203W,YOL043C,0,4.4672546,0.30855855345726013,0.5463609099388123,0.12283685058355331
YDL036C,YDR296W,0,4.465182,0.3083849251270294,0.5463609099388123,0.12293688207864761
YDR155C,YDL212W,1,4.46387,0.3087739050388336,0.5473579168319702,0.12293688207864761
YJR051W,YBR093C,0,4.4623184,0.3086003363132477,0.5473579168319702,0.12303691357374191
YNL160W,YOR180C,0,4.462002,0.30842697620391846,0.5473579168319702,0.12313693761825562
YJR127C,YDR451C,0,4.4615245,0.30825379490852356,0.5473579168319702,0.12323696911334991
YHR029C,YPL094C,0,4.460726,0.3080808222293854,0.5473579168319702,0.12333700060844421
YLL029W,YIL134W,0,4.4598575,0.3079080283641815,0.5473579168319702,0.12343703210353851
YKR008W,YOR168W,0,4.458247,0.307735413312912,0.5473579168319702,0.12353706359863281
YNL007C,YER048C,1,4.4566545,0.30812326073646545,0.5483549237251282,0.12353706359863281
YNL238W,YDL077C,0,4.456033,0.3079507350921631,0.5483549237251282,0.12363708764314651
YJR127C,YGL244W,0,4.454671,0.30777838826179504,0.5483549237251282,0.12373711913824081
YOR020C,YEL003W,1,4.453726,0.3081655502319336,0.5493519306182861,0.12373711913824081
YLR390W,YLL040C,0,4.4530306,0.3079932928085327,0.5493519306182861,0.12383715063333511
YLL045C,YGR185C,0,4.448271,0.30782121419906616,0.5493519306182861,0.12393718212842941
YDR064W,YPR135W,0,4.4479795,0.3076493442058563,0.5493519306182861,0.12403721362352371
YMR117C,YJL134W,0,4.4473996,0.3074776828289032,0.5493519306182861,0.12413723766803741
YNL310C,YKL117W,1,4.444658,0.30786392092704773,0.5503489375114441,0.12413723766803741
YLR029C,YKL130C,0,4.444603,0.3076923191547394,0.5503489375114441,0.12423726916313171
YOR145C,YOR089C,0,4.4422436,0.30752089619636536,0.5503489375114441,0.12433730065822601
YER055C,YOL155C,0,4.4417286,0.30734965205192566,0.5503489375114441,0.12443733215332031
YJL008C,YDR518W,1,4.4399443,0.3077351152896881,0.551345944404602,0.12443733215332031
YOL082W,YLR113W,0,4.4379945,0.3075639605522156,0.551345944404602,0.12453736364841461
YFL057C,YDL070W,0,4.4363217,0.30739298462867737,0.551345944404602,0.12463738769292831
YIR039C,YBR074W,0,4.4345827,0.3072222173213959,0.551345944404602,0.12473741918802261
YDL143W,YDR155C,1,4.4339275,0.30760687589645386,0.55234295129776,0.12473741918802261
YGR255C,YER074W,0,4.4335175,0.30743616819381714,0.55234295129776,0.12483745068311691
YLR208W,YMR179W,0,4.433317,0.30726566910743713,0.55234295129776,0.12493748217821121
YFL016C,YDR151C,1,4.43312,0.3076496720314026,0.553339958190918,0.12493748217821121
YGL050W,YBR067C,0,4.432146,0.30747923254966736,0.553339958190918,0.12503750622272491
YJL130C,YER046W,0,4.430645,0.30730897188186646,0.553339958190918,0.1251375377178192
YJL200C,YHR082C,0,4.4300013,0.3071388900279999,0.553339958190918,0.1252375692129135
YPL188W,YFL017W-A,0,4.4260445,0.30696901679039,0.553339958190918,0.1253376007080078
YOL145C,YKR069W,0,4.4258966,0.3067993223667145,0.553339958190918,0.1254376322031021
YGR264C,YHR082C,0,4.4243565,0.30662983655929565,0.553339958190918,0.1255376636981964
YML028W,YLR130C,0,4.421336,0.30646052956581116,0.553339958190918,0.1256376951932907
YBR052C,YPR138C,0,4.420455,0.306291401386261,0.553339958190918,0.125737726688385
YLL041C,YJL128C,0,4.4203033,0.30612245202064514,0.553339958190918,0.1258377581834793
YDR212W,YOR349W,1,4.419994,0.3065049648284912,0.5543369650840759,0.1258377581834793
YLR151C,YHR051W,0,4.4167075,0.30633607506752014,0.5543369650840759,0.12593777477741241
YLR043C,YGR155W,0,4.4158783,0.3061673939228058,0.5543369650840759,0.1260378062725067
YPR026W,YNL258C,0,4.4157777,0.30599889159202576,0.5543369650840759,0.126137837767601
YGL212W,YMR246W,0,4.4155807,0.30583059787750244,0.5543369650840759,0.1262378692626953
YDL070W,YNL016W,0,4.415167,0.30566245317459106,0.5543369650840759,0.1263379007577896
YIL135C,YOR020C,0,4.4144306,0.3054945170879364,0.5543369650840759,0.1264379322528839
YNL223W,YDR496C,0,4.41424,0.3053267300128937,0.5543369650840759,0.1265379637479782
YBR247C,YMR115W,0,4.4129057,0.30515915155410767,0.5543369650840759,0.1266379952430725
YNR057C,YCR002C,0,4.4117503,0.30499178171157837,0.5543369650840759,0.1267380267381668
YDR304C,YIL046W,0,4.41112,0.304824560880661,0.5543369650840759,0.1268380582332611
YGL237C,YDR260C,0,4.4092255,0.30465754866600037,0.5543369650840759,0.1269380748271942
YDR411C,YJR112W,0,4.4088445,0.30449068546295166,0.5543369650840759,0.1270381063222885
YGR032W,YBR257W,0,4.4083085,0.30432403087615967,0.5543369650840759,0.1271381378173828
YMR117C,YLL055W,0,4.4075418,0.304157555103302,0.5543369650840759,0.1272381693124771
YMR315W,YDL170W,0,4.4060783,0.30399125814437866,0.5543369650840759,0.1273382008075714
YMR194W,YMR240C,0,4.40561,0.30382513999938965,0.5543369650840759,0.1274382323026657
YJL166W,YIL020C,0,4.4054317,0.30365920066833496,0.5543369650840759,0.12753826379776
YIL142W,YEL030W,1,4.4041896,0.3040392994880676,0.5553339719772339,0.12753826379776
YHR174W,YOR327C,0,4.3995056,0.3038734197616577,0.5553339719772339,0.1276382952928543
YKL161C,YIL020C,0,4.3992777,0.3037077486515045,0.5553339719772339,0.1277383267879486
YOL165C,YFL045C,0,4.395017,0.30354222655296326,0.5553339719772339,0.1278383582830429
YPL087W,YGL071W,0,4.3924394,0.3033769130706787,0.5553339719772339,0.127938374876976
YDR030C,YCR046C,0,4.391986,0.3032117486000061,0.5553339719772339,0.1280384063720703
YOL086C,YKR103W,0,4.3909025,0.3030467927455902,0.5553339719772339,0.1281384378671646
YJL117W,YPL106C,1,4.38696,0.30342578887939453,0.5563309788703918,0.1281384378671646
YML032C,YPR163C,0,4.386285,0.303260862827301,0.5563309788703918,0.1282384693622589
YLR259C,YMR186W,1,4.385371,0.30363932251930237,0.5573280453681946,0.1282384693622589
YPL037C,YDL229W,1,4.383015,0.3040173649787903,0.5583250522613525,0.1282384693622589
YOR142W,YER104W,0,4.3829527,0.3038524091243744,0.5583250522613525,0.1283385008573532
YGR177C,YPL078C,0,4.379537,0.3036876320838928,0.5583250522613525,0.1284385323524475
YLR389C,YML056C,0,4.3789635,0.3035230338573456,0.5583250522613525,0.1285385638475418
YCR093W,YMR272C,0,4.374392,0.30335861444473267,0.5583250522613525,0.1286385953426361
YNR057C,YKL085W,0,4.3721776,0.3031943738460541,0.5583250522613525,0.1287386268377304
YMR123W,YDR304C,0,4.371893,0.3030303120613098,0.5583250522613525,0.1288386583328247
YLR043C,YKR057W,0,4.365599,0.3028664290904999,0.5583250522613525,0.1289386749267578
YGR132C,YDL212W,1,4.363105,0.3032432496547699,0.5593220591545105,0.1289386749267578
YJL179W,YDL229W,1,4.362349,0.3036196529865265,0.5603190660476685,0.1289386749267578
YDL227C,YLR251W,0,4.3609014,0.3034557104110718,0.5603190660476685,0.1290387064218521
YCL008C,YJL103C,0,4.360592,0.3032919466495514,0.5603190660476685,0.1291387379169464
YNL135C,YJL034W,1,4.3600626,0.30366775393486023,0.5613160729408264,0.1291387379169464
YCL004W,YOR355W,0,4.358445,0.3035040497779846,0.5613160729408264,0.1292387694120407
YMR161W,YLR090W,1,4.356139,0.3038793206214905,0.5623130798339844,0.1292387694120407
YPR182W,YHR059W,0,4.356051,0.30371567606925964,0.5623130798339844,0.129338800907135
YPL274W,YOR338W,0,4.355983,0.30355221033096313,0.5623130798339844,0.1294388324022293
YBL026W,YJR103W,0,4.352328,0.30338892340660095,0.5623130798339844,0.1295388638973236
YFL010W-A,YIL133C,0,4.3509235,0.3032258152961731,0.5623130798339844,0.1296388953924179
YPR162C,YFL021W,0,4.349729,0.3030628561973572,0.5623130798339844,0.1297389268875122
YGR229C,YPR006C,0,4.349154,0.302900105714798,0.5623130798339844,0.1298389583826065
YPL106C,YPL221W,1,4.347226,0.3032743036746979,0.5633100867271423,0.1298389583826065
YCL014W,YLR270W,0,4.346989,0.30311158299446106,0.5633100867271423,0.1299389749765396
YJL179W,YDL143W,1,4.3461847,0.303485244512558,0.5643070936203003,0.1299389749765396
YMR089C,YNL006W,0,4.343951,0.30332261323928833,0.5643070936203003,0.1300390064716339
YOL093W,YCL034W,0,4.340069,0.303160160779953,0.5643070936203003,0.1301390379667282
YNL202W,YPR190C,0,4.3368187,0.3029978573322296,0.5643070936203003,0.1302390694618225
YIL079C,YNR003C,0,4.3366165,0.30283573269844055,0.5643070936203003,0.1303391009569168
YLR200W,YDR151C,1,4.336169,0.3032085597515106,0.5653041005134583,0.1303391009569168
YPR080W,YPR060C,0,4.3348584,0.30304649472236633,0.5653041005134583,0.1304391324520111
YDR371W,YGR175C,0,4.331266,0.30288460850715637,0.5653041005134583,0.1305391639471054
YGR268C,YKR102W,0,4.3271875,0.30272290110588074,0.5653041005134583,0.1306391954421997
YDL212W,YIL016W,1,4.32685,0.3030949831008911,0.5663011074066162,0.1306391954421997
YNL310C,YDR252W,1,4.3250456,0.30346667766571045,0.5672981142997742,0.1306391954421997
YLR300W,YJR133W,0,4.323749,0.30330491065979004,0.5672981142997742,0.130739226937294
YGL122C,YDR423C,0,4.323488,0.30314332246780396,0.5672981142997742,0.1308392584323883
YIL020C,YNL121C,0,4.3231144,0.3029818832874298,0.5672981142997742,0.1309392750263214
YGR169C,YPR080W,0,4.3229284,0.3028206527233124,0.5672981142997742,0.1310393065214157
YDL179W,YOR327C,0,4.3199034,0.3026595711708069,0.5672981142997742,0.13113933801651
YOR142W,YMR186W,0,4.317802,0.3024986684322357,0.5672981142997742,0.1312393695116043
YMR173W,YDR260C,0,4.312842,0.3023379445075989,0.5672981142997742,0.1313394010066986
YHR064C,YMR200W,1,4.312076,0.3027084469795227,0.5682951211929321,0.1313394010066986
YLR447C,YNL008C,0,4.3119392,0.30254778265953064,0.5682951211929321,0.1314394325017929
YHR060W,YIL042C,0,4.310941,0.3023872673511505,0.5682951211929321,0.1315394639968872
YDR188W,YHR193C,1,4.309092,0.3027571439743042,0.5692921280860901,0.1315394639968872
YNL148C,YDR518W,1,4.3070908,0.30312666296958923,0.570289134979248,0.1315394639968872
YIR004W,YDR252W,1,4.3008876,0.30349576473236084,0.571286141872406,0.1315394639968872
YBR223C,YFL045C,0,4.299857,0.3033351004123688,0.571286141872406,0.1316394954919815
YER049W,YKL096W-A,0,4.297101,0.30317461490631104,0.571286141872406,0.1317395269870758
YMR186W,YCR060W,1,4.295582,0.3035430908203125,0.572283148765564,0.1317395269870758
YHR164C,YMR136W,0,4.293035,0.30338266491889954,0.572283148765564,0.1318395584821701
YDR211W,YDR173C,0,4.292816,0.3032223880290985,0.572283148765564,0.1319395750761032
YDR212W,YJL111W,1,4.2894435,0.3035902976989746,0.5732801556587219,0.1319395750761032
YNL107W,YGL148W,0,4.287337,0.30343008041381836,0.5732801556587219,0.1320396065711975
YPR026W,YDR461W,0,4.2872524,0.30327004194259644,0.5732801556587219,0.1321396380662918
YHR030C,YPR111W,0,4.284974,0.30311018228530884,0.5732801556587219,0.1322396695613861
YMR161W,YEL003W,1,4.2824035,0.30347734689712524,0.5742771625518799,0.1322396695613861
YNL070W,YLR350W,0,4.277799,0.3033175468444824,0.5742771625518799,0.1323397010564804
YPL131W,YOR222W,0,4.273203,0.30315789580345154,0.5742771625518799,0.1324397325515747
YKL103C,YOR209C,0,4.2724733,0.302998423576355,0.5742771625518799,0.132539764046669
YBR118W,YER190W,0,4.2644086,0.30283913016319275,0.5742771625518799,0.1326397955417633
YMR319C,YPL093W,0,4.2642817,0.30267998576164246,0.5742771625518799,0.1327398270368576
YGL203C,YKL096W-A,0,4.2638154,0.3025210201740265,0.5742771625518799,0.1328398585319519
YBR010W,YLR348C,0,4.260443,0.30236220359802246,0.5742771625518799,0.132939875125885
YER103W,YDR214W,1,4.258668,0.30272823572158813,0.5752741694450378,0.132939875125885
YLR029C,YLR088W,0,4.257789,0.3025694787502289,0.5752741694450378,0.1330399066209793
YLR009W,YOL155C,0,4.2575197,0.30241090059280396,0.5752741694450378,0.1331399381160736
YGL010W,YLR209C,0,4.2538457,0.30225250124931335,0.5752741694450378,0.1332399696111679
YMR145C,YOR285W,0,4.253109,0.3020942509174347,0.5752741694450378,0.1333400011062622
YGR169C,YDL111C,0,4.252248,0.30193614959716797,0.5752741694450378,0.1334400326013565
YOR054C,YCL025C,0,4.2512197,0.30177825689315796,0.5752741694450378,0.1335400640964508
YOR074C,YOL151W,0,4.24765,0.3016204833984375,0.5752741694450378,0.1336400955915451
YLR160C,YMR143W,0,4.2454576,0.30146291851997375,0.5752741694450378,0.1337401270866394
YKL009W,YOL101C,0,4.245387,0.30130547285079956,0.5752741694450378,0.1338401585817337
YKL190W,YGR032W,0,4.2433996,0.3011482357978821,0.5752741694450378,0.1339401751756668
YKL170W,YJR151C,0,4.242071,0.30099111795425415,0.5752741694450378,0.1340402066707611
YPR001W,YBL076C,0,4.241341,0.30083420872688293,0.5752741694450378,0.1341402381658554
YLR157C,YGL113W,0,4.2411695,0.30067744851112366,0.5752741694450378,0.1342402696609497
YPL213W,YLR028C,0,4.2399435,0.3005208373069763,0.5752741694450378,0.134340301156044
YMR089C,YOR298W,0,4.2382455,0.3003644049167633,0.5752741694450378,0.1344403326511383
YDL022W,YBR173C,0,4.237756,0.30020812153816223,0.5752741694450378,0.1345403641462326
YGL068W,YLR151C,0,4.2352443,0.3000520169734955,0.5752741694450378,0.1346403956413269
YLR183C,YPL131W,0,4.2349815,0.2998960614204407,0.5752741694450378,0.1347404271364212
YOR285W,YOR008C,0,4.2345924,0.2997402548789978,0.5752741694450378,0.1348404586315155
YPL078C,YNR002C,0,4.231249,0.29958462715148926,0.5752741694450378,0.1349404752254486
YPL119C,YIL047C,0,4.2308006,0.29942917823791504,0.5752741694450378,0.1350405067205429
YKL217W,YAL038W,0,4.2302938,0.29927384853363037,0.5752741694450378,0.1351405382156372
YNL006W,YBR155W,1,4.228163,0.299637109041214,0.5762711763381958,0.1351405382156372
YMR005W,YJL155C,0,4.225712,0.2994818687438965,0.5762711763381958,0.1352405697107315
YER013W,YHR057C,0,4.225068,0.2993267774581909,0.5762711763381958,0.1353406012058258
YPL099C,YMR300C,0,4.22383,0.2991718351840973,0.5762711763381958,0.1354406327009201
YIL142W,YNL281W,1,4.218982,0.299534410238266,0.5772681832313538,0.1354406327009201
YLL045C,YLR312W-A,0,4.2176843,0.29937952756881714,0.5772681832313538,0.1355406641960144
YKR019C,YMR186W,0,4.2149925,0.2992247939109802,0.5772681832313538,0.1356406956911087
YPR191W,YGR077C,0,4.2140503,0.29907023906707764,0.5772681832313538,0.135740727186203
YOR317W,YGL203C,0,4.2118998,0.2989158630371094,0.5772681832313538,0.1358407586812973
YPR189W,YEL031W,0,4.2104692,0.29876160621643066,0.5772681832313538,0.1359407752752304
YPR162C,YIL133C,0,4.2086735,0.2986075282096863,0.5772681832313538,0.1360408067703247
YMR049C,YLR047C,0,4.2085,0.29845359921455383,0.5772681832313538,0.136140838265419
YDR212W,YHR064C,1,4.2058764,0.2988150417804718,0.5782651901245117,0.136140838265419
YPL119C,YJR032W,0,4.204906,0.29866117238998413,0.5782651901245117,0.1362408697605133
YML099C,YGL148W,0,4.2043433,0.2985074520111084,0.5782651901245117,0.1363409012556076
YJL200C,YOR298W,0,4.2042055,0.298353910446167,0.5782651901245117,0.1364409327507019
YIL076W,YIL133C,0,4.2041483,0.2982005178928375,0.5782651901245117,0.1365409642457962
YPL273W,YPL208W,0,4.198509,0.29804727435112,0.5782651901245117,0.1366409957408905
YER162C,YMR075W,0,4.1976914,0.2978942096233368,0.5782651901245117,0.1367410272359848
YLR025W,YOR239W,0,4.1972036,0.29774126410484314,0.5782651901245117,0.1368410587310791
YLR113W,YLR330W,0,4.196957,0.2975884974002838,0.5782651901245117,0.1369410753250122
YOL090W,YBR010W,0,4.196613,0.2974359095096588,0.5782651901245117,0.1370411068201065
YDL061C,YGL203C,0,4.1965446,0.29728344082832336,0.5782651901245117,0.1371411383152008
YGR155W,YOL101C,0,4.19536,0.29713115096092224,0.5782651901245117,0.1372411698102951
YML097C,YEL062W,0,4.195011,0.29697901010513306,0.5782651901245117,0.1373412013053894
YBR128C,YHR174W,0,4.1942406,0.2968270182609558,0.5782651901245117,0.1374412328004837
YBR195C,YBL091C-A,0,4.193792,0.2966752052307129,0.5782651901245117,0.137541264295578
YCL018W,YJR021C,0,4.1937275,0.2965235114097595,0.5782651901245117,0.1376412957906723
YPL241C,YGR231C,1,4.1935964,0.2968829870223999,0.5792621970176697,0.1376412957906723
YER125W,YBR026C,0,4.1904564,0.2967313528060913,0.5792621970176697,0.1377413272857666
YBR111W-A,YPL196W,0,4.190323,0.29657989740371704,0.5792621970176697,0.1378413587808609
YIR018W,YGL220W,0,4.189967,0.2964285612106323,0.5792621970176697,0.137941375374794
YDR083W,YPR135W,0,4.1899004,0.29627740383148193,0.5792621970176697,0.1380414068698883
YJR021C,YAL040C,0,4.189173,0.2961263954639435,0.5792621970176697,0.1381414383649826
YJR017C,YDR252W,1,4.188383,0.29648497700691223,0.5802592039108276,0.1381414383649826
YGR282C,YNL006W,0,4.1880884,0.29633399844169617,0.5802592039108276,0.1382414698600769
YLR206W,YDR449C,0,4.184445,0.29618319869041443,0.5802592039108276,0.1383415013551712
YCR060W,YML056C,0,4.1829987,0.29603254795074463,0.5802592039108276,0.1384415328502655
YDR378C,YMR008C,0,4.182054,0.29588204622268677,0.5802592039108276,0.1385415643453598
YNL236W,YLR264W,0,4.1812344,0.29573169350624084,0.5802592039108276,0.1386415958404541
YDR144C,YBR223C,0,4.179717,0.29558151960372925,0.5802592039108276,0.1387416273355484
YOR071C,YGR171C,0,4.175791,0.2954314649105072,0.5802592039108276,0.1388416588306427
YDR296W,YFL057C,0,4.1756554,0.2952815890312195,0.5802592039108276,0.1389416754245758
YGL170C,YFL038C,0,4.1741037,0.2951318323612213,0.5802592039108276,0.1390417069196701
YDL225W,YHR008C,0,4.1740575,0.29498225450515747,0.5802592039108276,0.1391417384147644
YOR027W,YNR028W,1,4.1702147,0.2953394055366516,0.5812562108039856,0.1391417384147644
YGR171C,YBR093C,0,4.1688924,0.29518988728523254,0.5812562108039856,0.1392417699098587
YMR161W,YPL221W,1,4.1680956,0.2955465614795685,0.5822532176971436,0.1392417699098587
YAR035W,YJL006C,0,4.167034,0.2953970730304718,0.5822532176971436,0.139341801404953
YGL237C,YGR032W,0,4.166819,0.29524773359298706,0.5822532176971436,0.1394418329000473
YGR085C,YMR038C,0,4.16477,0.29509854316711426,0.5822532176971436,0.1395418643951416
YIL134W,YOR089C,0,4.1625056,0.2949495017528534,0.5822532176971436,0.1396418958902359
YJR004C,YIL002C,0,4.1537695,0.29480060935020447,0.5822532176971436,0.1397419273853302
YMR049C,YER175C,0,4.1532364,0.2946518659591675,0.5822532176971436,0.1398419588804245
YPR182W,YKL067W,0,4.153215,0.29450327157974243,0.5822532176971436,0.1399419754743576
YPR191W,YIL021W,0,4.1509066,0.2943548262119293,0.5822532176971436,0.1400420069694519
YGR252W,YNR067C,0,4.1461983,0.29420655965805054,0.5822532176971436,0.1401420384645462
YOR142W,YGR070W,0,4.1448956,0.2940584123134613,0.5822532176971436,0.1402420699596405
YMR241W,YMR179W,0,4.1448307,0.293910413980484,0.5822532176971436,0.1403421014547348
YLR244C,YMR186W,0,4.14272,0.29376256465911865,0.5822532176971436,0.1404421329498291
YLR452C,YNL138W,0,4.1405787,0.2936148941516876,0.5822532176971436,0.1405421644449234
YDR296W,YBR026C,0,4.1399946,0.29346734285354614,0.5822532176971436,0.1406421959400177
YJL008C,YOR265W,1,4.135691,0.29382219910621643,0.5832502245903015,0.1406421959400177
YDR454C,YER185W,0,4.135638,0.2936747074127197,0.5832502245903015,0.140742227435112
YLR259C,YPL106C,1,4.1324663,0.2940291166305542,0.5842472314834595,0.140742227435112
YDL024C,YMR301C,0,4.125118,0.2938816547393799,0.5842472314834595,0.1408422589302063
YMR161W,YLL024C,1,4.124686,0.29423558712005615,0.5852442383766174,0.1408422589302063
YKL206C,YLR251W,0,4.1219134,0.2940881848335266,0.5852442383766174,0.1409422755241394
YKL053C-A,YER074W,0,4.116518,0.2939409017562866,0.5852442383766174,0.1410423070192337
YNL135C,YNL064C,1,4.1139765,0.2942942976951599,0.5862413048744202,0.1410423070192337
YMR240C,YCL052C,0,4.112913,0.2941470742225647,0.5862413048744202,0.141142338514328
YDR188W,YCL043C,1,4.110552,0.2944999933242798,0.5872383117675781,0.141142338514328
YPR189W,YGR239C,0,4.109513,0.29435282945632935,0.5872383117675781,0.1412423700094223
YOR187W,YER090W,0,4.108199,0.29420578479766846,0.5872383117675781,0.1413424015045166
YBR230C,YBR145W,0,4.106207,0.2940589189529419,0.5872383117675781,0.1414424329996109
YJL111W,YDR519W,1,4.1059155,0.29441118240356445,0.5882353186607361,0.1414424329996109
YER013W,YER125W,0,4.105902,0.2942643463611603,0.5882353186607361,0.1415424644947052
YOR279C,YBL098W,0,4.1052446,0.29411765933036804,0.5882353186607361,0.1416424959897995
YER162C,YNL016W,0,4.1049986,0.29397109150886536,0.5882353186607361,0.1417425274848938
YDL143W,YML094W,1,4.104576,0.2943226993083954,0.589232325553894,0.1417425274848938
YNL310C,YNL153C,1,4.1044283,0.29467397928237915,0.590229332447052,0.1417425274848938
YBR067C,YLR187W,0,4.1039696,0.2945273518562317,0.590229332447052,0.1418425589799881
YGL244W,YPL110C,0,4.1031356,0.29438090324401855,0.590229332447052,0.1419425755739212
YAL054C,YBR037C,0,4.102946,0.29423460364341736,0.590229332447052,0.1420426070690155
YGL050W,YLR344W,0,4.1021595,0.2940884232521057,0.590229332447052,0.1421426385641098
YHR176W,YJR017C,1,4.1012793,0.2944389283657074,0.59122633934021,0.1421426385641098
YMR005W,YLL019C,0,4.0987988,0.2942928075790405,0.59122633934021,0.1422426700592041
YMR169C,YKR101W,0,4.096298,0.2941468358039856,0.59122633934021,0.1423427015542984
YFR021W,YAL038W,0,4.095397,0.2940009832382202,0.59122633934021,0.1424427330493927
YNR074C,YLR130C,0,4.0947165,0.29385530948638916,0.59122633934021,0.142542764544487
YLR107W,YLR425W,0,4.092999,0.29370975494384766,0.59122633934021,0.1426427960395813
YOR071C,YCL043C,0,4.0928926,0.2935643494129181,0.59122633934021,0.1427428275346756
YBR155W,YNR035C,0,4.090947,0.29341909289360046,0.59122633934021,0.1428428590297699
YER175C,YIL140W,0,4.08978,0.2932739853858948,0.59122633934021,0.142942875623703
YBR066C,YNL307C,0,4.0879087,0.293129026889801,0.59122633934021,0.1430429071187973
YGR258C,YOR204W,0,4.087705,0.2929841876029968,0.59122633934021,0.1431429386138916
YNL281W,YLR383W,0,4.0870876,0.29283949732780457,0.59122633934021,0.1432429701089859
YGR180C,YDR285W,0,4.087033,0.29269495606422424,0.59122633934021,0.1433430016040802
YNL006W,YNL153C,1,4.07654,0.29304391145706177,0.5922233462333679,0.1433430016040802
YJL162C,YHR057C,1,4.075278,0.29339250922203064,0.5932203531265259,0.1433430016040802
YIL076W,YPR043W,0,4.0751133,0.29324790835380554,0.5932203531265259,0.1434430330991745
YER055C,YGR089W,0,4.0733786,0.2931034564971924,0.5932203531265259,0.1435430645942688
YGL062W,YLL061W,0,4.070485,0.2929591238498688,0.5932203531265259,0.1436430960893631
YHR176W,YMR200W,1,4.069126,0.2933070957660675,0.5942173600196838,0.1436430960893631
YLL002W,YGL148W,0,4.067982,0.29316282272338867,0.5942173600196838,0.1437431275844574
YGR052W,YGL037C,0,4.0676775,0.2930186688899994,0.5942173600196838,0.1438431590795517
YLR090W,YEL003W,1,4.0673046,0.29336610436439514,0.5952143669128418,0.1438431590795517
YKL103C,YKR101W,0,4.065868,0.29322201013565063,0.5952143669128418,0.1439431756734848
YKL082C,YDR281C,0,4.062671,0.29307806491851807,0.5952143669128418,0.1440432071685791
YDL111C,YLR151C,0,4.0623684,0.29293423891067505,0.5952143669128418,0.1441432386636734
YKL126W,YER165W,0,4.060519,0.29279059171676636,0.5952143669128418,0.1442432701587677
YPL273W,YPR159W,0,4.0596595,0.2926470637321472,0.5952143669128418,0.144343301653862
YBR287W,YOR353C,0,4.058511,0.29250368475914,0.5952143669128418,0.1444433331489563
YJR034W,YAL031C,0,4.0581293,0.29236042499542236,0.5952143669128418,0.1445433646440506
YJR101W,YDR195W,0,4.0571275,0.29221731424331665,0.5952143669128418,0.1446433961391449
YPL240C,YPL259C,0,4.0501943,0.2920743525028229,0.5952143669128418,0.1447434276342392
YKL126W,YDL217C,0,4.0500126,0.29193153977394104,0.5952143669128418,0.1448434591293335
YJL200C,YOR123C,0,4.0497026,0.29178884625434875,0.5952143669128418,0.1449434757232666
YNL079C,YLR213C,0,4.049567,0.2916463017463684,0.5952143669128418,0.1450435072183609
YOR168W,YGL163C,0,4.0495095,0.29150390625,0.5952143669128418,0.1451435387134552
YKL090W,YMR146C,0,4.0482426,0.29136162996292114,0.5952143669128418,0.1452435702085495
YJR147W,YDL078C,0,4.046976,0.2912195026874542,0.5952143669128418,0.1453436017036438
YPR194C,YPL093W,0,4.044739,0.29107752442359924,0.5952143669128418,0.1454436331987381
YFL016C,YML094W,1,4.0403337,0.2914229929447174,0.5962113738059998,0.1454436331987381
YDR151C,YDR258C,1,4.040077,0.2917681336402893,0.5972083806991577,0.1454436331987381
YDR167W,YKR057W,0,4.0391593,0.29162609577178955,0.5972083806991577,0.1455436646938324
YOR187W,YLR026C,0,4.0374303,0.29148417711257935,0.5972083806991577,0.1456436961889267
YMR054W,YGL004C,0,4.0366187,0.2913424074649811,0.5972083806991577,0.145743727684021
YDL143W,YGR078C,1,4.0358286,0.29168692231178284,0.5982053875923157,0.145743727684021
YJL179W,YCR069W,1,4.033172,0.29203110933303833,0.5992023944854736,0.145743727684021
YLR200W,YHR193C,1,4.0304747,0.29237493872642517,0.6001994013786316,0.145743727684021
YPL131W,YFL010W-A,0,4.029472,0.29223302006721497,0.6001994013786316,0.1458437591791153
YNL135C,YML078W,1,4.02944,0.2925764322280884,0.6011964082717896,0.1458437591791153
YKL161C,YPR080W,0,4.026573,0.29243454337120056,0.6011964082717896,0.1459437757730484
YOR317W,YOL043C,0,4.0263968,0.2922927737236023,0.6011964082717896,0.1460438072681427
YDR405W,YDR497C,0,4.0220804,0.29215115308761597,0.6011964082717896,0.146143838763237
YJL214W,YPL050C,0,4.0151987,0.2920096814632416,0.6011964082717896,0.1462438702583313
YBR066C,YIL159W,0,4.0142226,0.2918683588504791,0.6011964082717896,0.1463439017534256
YPL099C,YBR026C,0,4.009691,0.2917271554470062,0.6011964082717896,0.1464439332485199
YGR112W,YER090W,0,4.009226,0.2915860712528229,0.6011964082717896,0.1465439647436142
YER013W,YGR052W,0,4.0060234,0.29144513607025146,0.6011964082717896,0.1466439962387085
YBR118W,YKR002W,0,4.005621,0.291304349899292,0.6011964082717896,0.1467440277338028
YLR025W,YHR079C,0,4.0045705,0.29116368293762207,0.6011964082717896,0.1468440592288971
YMR049C,YBR128C,0,4.0035553,0.2910231649875641,0.6011964082717896,0.1469440758228302
YCR011C,YHR057C,0,4.0029345,0.29088276624679565,0.6011964082717896,0.1470441073179245
YOR288C,YER007W,1,4.0017834,0.2912246882915497,0.6021934151649475,0.1470441073179245
YOR020C,YPL037C,1,4.0009503,0.29156625270843506,0.6031904220581055,0.1470441073179245
YGR095C,YNL006W,0,4.0007844,0.29142582416534424,0.6031904220581055,0.1471441388130188
YAR027W,YGR112W,0,4.000181,0.29128551483154297,0.6031904220581055,0.1472441703081131
YBR118W,YKL168C,0,3.9990206,0.29114532470703125,0.6031904220581055,0.1473442018032074
YKL117W,YFL010W-A,0,3.9984567,0.29100528359413147,0.6031904220581055,0.1474442332983017
YDL061C,YLR209C,0,3.9952931,0.29086539149284363,0.6031904220581055,0.147544264793396
YJL187C,YGR027C,0,3.9950476,0.29072561860084534,0.6031904220581055,0.1476442962884903
YJL071W,YNL307C,0,3.994792,0.2905859649181366,0.6031904220581055,0.1477443277835846
YNR013C,YOR180C,0,3.993225,0.2904464602470398,0.6031904220581055,0.1478443592786789
YMR169C,YPL002C,0,3.992927,0.29030710458755493,0.6031904220581055,0.147944375872612
YAL053W,YHR057C,1,3.9920692,0.2906474769115448,0.6041874289512634,0.147944375872612
YDL143W,YPL037C,1,3.990491,0.2909875214099884,0.6051844358444214,0.147944375872612
YDR082W,YMR173W,0,3.9899068,0.29084810614585876,0.6051844358444214,0.1480444073677063
YOR313C,YDR062W,0,3.9883847,0.2907088100910187,0.6051844358444214,0.1481444388628006
YBR247C,YIL076W,0,3.9865544,0.2905696630477905,0.6051844358444214,0.1482444703578949
YMR008C,YMR179W,0,3.9780924,0.29043063521385193,0.6051844358444214,0.1483445018529892
YER125W,YKL022C,0,3.977509,0.2902917265892029,0.6051844358444214,0.1484445333480835
YCL018W,YOL040C,0,3.9767363,0.29015296697616577,0.6051844358444214,0.1485445648431778
YJL030W,YDR195W,0,3.9764073,0.2900143265724182,0.6051844358444214,0.1486445963382721
YNL073W,YBR010W,0,3.9762163,0.2898758351802826,0.6051844358444214,0.1487446278333664
YMR269W,YNL267W,0,3.9760358,0.2897374629974365,0.6051844358444214,0.1488446593284607
YJL034W,YIL108W,0,3.9759417,0.2895992398262024,0.6051844358444214,0.148944690823555
YMR269W,YIL047C,0,3.9758453,0.2894611358642578,0.6051844358444214,0.1490447074174881
YPR194C,YLR401C,0,3.9744618,0.2893231511116028,0.6051844358444214,0.1491447389125824
YMR182C,YNL044W,0,3.9736314,0.2891853153705597,0.6051844358444214,0.1492447704076767
YER145C,YCL052C,0,3.9728405,0.28904762864112854,0.6051844358444214,0.149344801902771
YKL182W,YPR125W,0,3.9725847,0.28891003131866455,0.6051844358444214,0.1494448333978653
YGR175C,YBR037C,0,3.9701834,0.2887725830078125,0.6051844358444214,0.1495448648929596
YNL209W,YIL016W,1,3.9701123,0.28911077976226807,0.6061814427375793,0.1495448648929596
YDL070W,YDR151C,0,3.9700024,0.2889733910560608,0.6061814427375793,0.1496448963880539
YOL129W,YMR193W,0,3.9699438,0.2888360917568207,0.6061814427375793,0.1497449278831482
YLR390W,YDR353W,0,3.966406,0.2886989414691925,0.6061814427375793,0.1498449593782425
YGL172W,YDL024C,0,3.9623985,0.28856194019317627,0.6061814427375793,0.1499449908733368
YOR388C,YGL236C,0,3.9623446,0.2884250581264496,0.6061814427375793,0.1500450074672699
YFL057C,YJL024C,0,3.961642,0.28828829526901245,0.6061814427375793,0.1501450389623642
YOR393W,YER087C-B,0,3.9610248,0.28815165162086487,0.6061814427375793,0.1502450704574585
YKL203C,YBL092W,0,3.9599423,0.2880151569843292,0.6061814427375793,0.1503451019525528
YJL141C,YDL022W,0,3.958477,0.28787878155708313,0.6061814427375793,0.1504451334476471
YER098W,YFR001W,0,3.9582903,0.287742555141449,0.6061814427375793,0.1505451649427414
YJR151C,YPL078C,0,3.9570796,0.28760644793510437,0.6061814427375793,0.1506451964378357
YLL061W,YPL027W,0,3.9566383,0.2874704599380493,0.6061814427375793,0.15074522793293
YBR155W,YJL073W,1,3.9552164,0.2878071963787079,0.6071784496307373,0.15074522793293
YGR078C,YLR090W,1,3.9552,0.2881436049938202,0.6081754565238953,0.15074522793293
YML056C,YNL219C,0,3.9551628,0.28800755739212036,0.6081754565238953,0.1508452594280243
YLR020C,YGR214W,0,3.9544091,0.2878716289997101,0.6081754565238953,0.1509452909231186
YDR083W,YGR258C,0,3.9528909,0.28773584961891174,0.6081754565238953,0.1510453075170517
YDR337W,YFL045C,0,3.9488673,0.28760018944740295,0.6081754565238953,0.151145339012146
YNL107W,YNR002C,0,3.9487143,0.2874646484851837,0.6081754565238953,0.1512453705072403
YGR052W,YMR203W,0,3.9478474,0.2873292565345764,0.6081754565238953,0.1513454020023346
YOR261C,YPL244C,0,3.9432445,0.28719398379325867,0.6081754565238953,0.1514454334974289
YCR060W,YEL036C,0,3.9431195,0.28705883026123047,0.6081754565238953,0.1515454649925232
YNL127W,YJL081C,0,3.942648,0.2869237959384918,0.6081754565238953,0.1516454964876175
YKL172W,YCR002C,0,3.942258,0.2867889106273651,0.6081754565238953,0.1517455279827118
YIL076W,YNL290W,0,3.9417877,0.28665414452552795,0.6081754565238953,0.1518455594778061
YDL055C,YNL259C,0,3.9392948,0.28651949763298035,0.6081754565238953,0.1519455909729004
YGR185C,YLR330W,0,3.9391313,0.2863849699497223,0.6081754565238953,0.1520456075668335
YBR052C,YOR099W,0,3.9367123,0.28625059127807617,0.6081754565238953,0.1521456390619278
YHR179W,YKL082C,0,3.9358323,0.2861163318157196,0.6081754565238953,0.1522456705570221
YGR175C,YDL015C,0,3.934043,0.2859821915626526,0.6081754565238953,0.1523457020521164
YFR045W,YNL010W,0,3.9323363,0.2858481705188751,0.6081754565238953,0.1524457335472107
YBR182C,YDR240C,0,3.929548,0.2857142984867096,0.6081754565238953,0.152545765042305
YCL018W,YDR497C,0,3.9234157,0.28558051586151123,0.6081754565238953,0.1526457965373993
YBR150C,YGL220W,0,3.9223673,0.2854468822479248,0.6081754565238953,0.1527458280324936
YIL142W,YKL205W,0,3.9210043,0.28531336784362793,0.6081754565238953,0.1528458595275879
YBR196C,YOR393W,0,3.9204373,0.285180002450943,0.6081754565238953,0.1529458910226822
YNL271C,YIR005W,0,3.9198947,0.2850467264652252,0.6081754565238953,0.1530459076166153
YPL213W,YDL015C,0,3.916565,0.2849135994911194,0.6081754565238953,0.1531459391117096
YPL106C,YDL229W,1,3.913155,0.28524744510650635,0.6091724634170532,0.1531459391117096
YDL107W,YGR032W,0,3.912623,0.2851143181324005,0.6091724634170532,0.1532459706068039
YIR025W,YIL021W,0,3.9106903,0.2849813401699066,0.6091724634170532,0.1533460021018982
YBR002C,YOR054C,0,3.9102497,0.28484848141670227,0.6091724634170532,0.1534460335969925
YMR161W,YNL077W,1,3.9096584,0.2851817309856415,0.6101694703102112,0.1534460335969925
YPL112C,YMR143W,0,3.9062054,0.2850489020347595,0.6101694703102112,0.1535460650920868
YJL066C,YMR227C,0,3.9036446,0.2849161922931671,0.6101694703102112,0.1536460965871811
YPR182W,YLR325C,0,3.9016461,0.28478363156318665,0.6101694703102112,0.1537461280822754
YGR282C,YOR243C,0,3.90138,0.28465116024017334,0.6101694703102112,0.1538461595773697
YMR241W,YGL122C,0,3.9005456,0.284518837928772,0.6101694703102112,0.153946191072464
YLR208W,YOL155C,0,3.9003325,0.28438660502433777,0.6101694703102112,0.1540462076663971
YLR447C,YGL170C,0,3.8995981,0.2842545211315155,0.6101694703102112,0.1541462391614914
YDL217C,YDR229W,0,3.8991873,0.2841225564479828,0.6101694703102112,0.1542462706565857
YDR240C,YAL017W,0,3.8976116,0.2839907109737396,0.6101694703102112,0.15434630215168
YKL165C,YLR316C,0,3.8974445,0.283858984708786,0.6101694703102112,0.1544463336467743
YNL135C,YCR069W,1,3.8964825,0.2841910123825073,0.6111664772033691,0.1544463336467743
YLR305C,YNL335W,0,3.8949711,0.2840593159198761,0.6111664772033691,0.1545463651418686
YBR281C,YMR034C,0,3.8948107,0.2839277386665344,0.6111664772033691,0.1546463966369629
YDR137W,YHR209W,0,3.894218,0.2837963104248047,0.6111664772033691,0.1547464281320572
YKL161C,YNL307C,0,3.893147,0.2836649715900421,0.6111664772033691,0.1548464596271515
YGL158W,YJL053W,0,3.8931315,0.2835337519645691,0.6111664772033691,0.1549464911222458
YNL267W,YGR145W,0,3.8855324,0.283402681350708,0.6111664772033691,0.1550465077161789
YPL188W,YIL017W,0,3.885347,0.2832717299461365,0.6111664772033691,0.1551465392112732
YGR288W,YOR187W,0,3.8840194,0.2831408679485321,0.6111664772033691,0.1552465707063675
YJL172W,YPR125W,0,3.8840144,0.2830101549625397,0.6111664772033691,0.1553466022014618
YPR191W,YKL082C,0,3.8839748,0.2828795611858368,0.6111664772033691,0.1554466336965561
YBR287W,YLR344W,0,3.8838763,0.28274908661842346,0.6111664772033691,0.1555466651916504
YNL178W,YLR316C,0,3.8812566,0.2826187312602997,0.6111664772033691,0.1556466966867447
YBR170C,YGL060W,0,3.879725,0.28248846530914307,0.6111664772033691,0.155746728181839
YDR188W,YIR004W,1,3.8786526,0.2828189730644226,0.6121634840965271,0.155746728181839
YFR041C,YDR518W,1,3.876578,0.28314918279647827,0.6131604909896851,0.155746728181839
YMR145C,YOL054W,0,3.8744678,0.2830188572406769,0.6131604909896851,0.1558467596769333
YMR013C,YJR021C,0,3.87441,0.2828886806964874,0.6131604909896851,0.1559467911720276
YBR287W,YLR251W,0,3.8729289,0.2827586233615875,0.6131604909896851,0.1560468077659607
YLR329W,YIL046W,0,3.8695688,0.2826286852359772,0.6131604909896851,0.156146839261055
YPR113W,YAR031W,0,3.8665142,0.28249886631965637,0.6131604909896851,0.1562468707561493
YOR297C,YEL040W,0,3.8658273,0.28236913681030273,0.6131604909896851,0.1563469022512436
YEL022W,YPR133W-A,0,3.86246,0.28223955631256104,0.6131604909896851,0.1564469337463379
YGR144W,YIL140W,0,3.8622196,0.2821100950241089,0.6131604909896851,0.1565469652414322
YDR245W,YBR067C,0,3.860726,0.2819807529449463,0.6131604909896851,0.1566469967365265
YLR380W,YNL138W,0,3.8586116,0.28185150027275085,0.6131604909896851,0.1567470282316208
YHR174W,YOL136C,0,3.8582525,0.28172239661216736,0.6131604909896851,0.1568470597267151
YDL111C,YMR115W,0,3.857679,0.2815934121608734,0.6131604909896851,0.1569470912218094
YBR074W,YDR508C,0,3.8574178,0.28146451711654663,0.6131604909896851,0.1570471078157425
YMR020W,YNL163C,0,3.8562129,0.2813357710838318,0.6131604909896851,0.1571471393108368
YIL035C,YBR026C,0,3.8549402,0.2812071442604065,0.6131604909896851,0.1572471708059311
YKL168C,YPR119W,0,3.8545818,0.28107860684394836,0.6131604909896851,0.1573472023010254
YKL009W,YBR222C,0,3.8538983,0.2809502184391022,0.6131604909896851,0.1574472337961197
YLR312W-A,YDR062W,0,3.8533921,0.28082191944122314,0.6131604909896851,0.157547265291214
YFL033C,YML056C,0,3.847668,0.28069373965263367,0.6131604909896851,0.1576472967863083
YDL198C,YLL043W,0,3.8474293,0.28056567907333374,0.6131604909896851,0.1577473282814026
YHR060W,YDR423C,0,3.8469043,0.28043776750564575,0.6131604909896851,0.1578473597764969
YLR206W,YNL230C,0,3.8452873,0.2803099453449249,0.6131604909896851,0.1579473912715912
YJL034W,YLR404W,0,3.8444667,0.28018224239349365,0.6131604909896851,0.1580474078655243
YBR222C,YJL006C,0,3.8411222,0.28005465865135193,0.6131604909896851,0.1581474393606186
YOR020C,YML048W,1,3.8393168,0.28038233518600464,0.614157497882843,0.1581474393606186
YCL036W,YOR187W,0,3.837501,0.2802547812461853,0.614157497882843,0.1582474708557129
YOR138C,YLR033W,0,3.8372872,0.28012731671333313,0.614157497882843,0.1583475023508072
YGL037C,YBR145W,0,3.8329377,0.2800000011920929,0.614157497882843,0.1584475338459015
YMR093W,YPL078C,0,3.8237076,0.2798727750778198,0.614157497882843,0.1585475653409958
YGR288W,YOR084W,0,3.8226986,0.2797456979751587,0.614157497882843,0.1586475968360901
YGL259W,YIL047C,0,3.8216877,0.2796187102794647,0.614157497882843,0.1587476283311844
YNL282W,YNL307C,0,3.820972,0.2794918417930603,0.614157497882843,0.1588476598262787
YNL008C,YDL029W,0,3.8203163,0.27936509251594543,0.614157497882843,0.15894769132137299
YBR275C,YDR173C,0,3.819595,0.27923843264579773,0.614157497882843,0.1590477079153061
YLR191W,YGL026C,0,3.8183284,0.27911192178726196,0.614157497882843,0.1591477394104004
YBL011W,YLL040C,0,3.8183103,0.27898550033569336,0.614157497882843,0.1592477709054947
YGR034W,YGR179C,0,3.8151422,0.2788591980934143,0.614157497882843,0.159347802400589
YNL223W,YOR204W,0,3.8150957,0.2787330448627472,0.614157497882843,0.1594478338956833
YOR243C,YOR230W,0,3.8150582,0.27860695123672485,0.614157497882843,0.1595478653907776
YMR093W,YBR281C,0,3.814468,0.27848100662231445,0.614157497882843,0.1596478968858719
YKR066C,YGL256W,0,3.8141305,0.2783551812171936,0.614157497882843,0.1597479283809662
YOL086C,YKL067W,0,3.8116872,0.2782294452190399,0.614157497882843,0.15984795987606049
YDL084W,YKR056W,0,3.811174,0.2781038284301758,0.614157497882843,0.15994799137115479
YMR078C,YPL274W,0,3.8088036,0.2779783308506012,0.614157497882843,0.1600480079650879
YLR105C,YGR085C,0,3.8054972,0.27785295248031616,0.614157497882843,0.1601480394601822
YNL281W,YER162C,0,3.802271,0.2777276933193207,0.614157497882843,0.1602480709552765
YJR004C,YNL335W,0,3.801204,0.27760252356529236,0.614157497882843,0.1603481024503708
YOR168W,YCR012W,0,3.8010197,0.2774774730205536,0.614157497882843,0.1604481339454651
YBL076C,YKR026C,0,3.800356,0.27735254168510437,0.614157497882843,0.1605481654405594
YCR060W,YOR285W,0,3.7987227,0.2772277295589447,0.614157497882843,0.1606481969356537
YDR212W,YJL162C,1,3.7980416,0.27755284309387207,0.6151545643806458,0.1606481969356537
YBR093C,YGR239C,0,3.7928495,0.2774280607700348,0.6151545643806458,0.16074822843074799
YGR285C,YIL016W,1,3.7924147,0.2777528166770935,0.6161515712738037,0.16074822843074799
YLL019C,YJR063W,0,3.792113,0.2776280343532562,0.6161515712738037,0.16084825992584229
YDR453C,YDR207C,0,3.7910624,0.2775033712387085,0.6161515712738037,0.16094829142093658
YAL017W,YNL192W,0,3.7909894,0.2773788273334503,0.6161515712738037,0.1610483080148697
YGR180C,YHR069C,0,3.7904692,0.2772543728351593,0.6161515712738037,0.161148339509964
YHR012W,YPR030W,0,3.7902834,0.27713003754615784,0.6161515712738037,0.1612483710050583
YLR383W,YBR037C,0,3.7883496,0.2770058214664459,0.6161515712738037,0.1613484025001526
YOR020C,YAL005C,1,3.7856035,0.2773297429084778,0.6171485781669617,0.1613484025001526
YJL200C,YKR102W,0,3.7850423,0.27720555663108826,0.6171485781669617,0.1614484339952469
YNL281W,YEL003W,1,3.7841737,0.2775290906429291,0.6181455850601196,0.1614484339952469
YGR169C,YPR198W,0,3.7837825,0.27740493416786194,0.6181455850601196,0.1615484654903412
YDL078C,YPL252C,0,3.7829933,0.27728086709976196,0.6181455850601196,0.16164849698543549
YFL048C,YOR393W,0,3.7826767,0.27715691924095154,0.6181455850601196,0.16174852848052979
YGR199W,YAL038W,0,3.7809029,0.2770330607891083,0.6181455850601196,0.16184855997562408
YKL064W,YGR276C,0,3.7798038,0.27690932154655457,0.6181455850601196,0.16194859147071838
YER017C,YER145C,0,3.7777534,0.2767857015132904,0.6181455850601196,0.1620486080646515
YPL112C,YDR222W,0,3.7764099,0.2766622006893158,0.6181455850601196,0.1621486395597458
YDR254W,YPL082C,0,3.7755585,0.27653881907463074,0.6181455850601196,0.1622486710548401
YOR324C,YMR300C,0,3.775376,0.27641552686691284,0.6181455850601196,0.1623487025499344
YLR105C,YFL057C,0,3.774054,0.2762923240661621,0.6181455850601196,0.1624487340450287
YPR196W,YLL040C,0,3.770699,0.2761692702770233,0.6181455850601196,0.16254876554012299
YER050C,YNL274C,0,3.769799,0.2760463058948517,0.6181455850601196,0.16264879703521729
YHR064C,YIL016W,1,3.7675996,0.27636849880218506,0.6191425919532776,0.16264879703521729
YLL045C,YJR133W,0,3.767353,0.2762455642223358,0.6191425919532776,0.16274882853031158
YNL107W,YLR151C,0,3.7672439,0.27612271904945374,0.6191425919532776,0.16284886002540588
YDL055C,YBR222C,0,3.765612,0.2759999930858612,0.6191425919532776,0.16294889152050018
YIL020C,YBL076C,0,3.7634041,0.2758773863315582,0.6191425919532776,0.1630489081144333
YDR411C,YDR026C,0,3.7633896,0.2757548987865448,0.6191425919532776,0.1631489396095276
YER165W,YGL060W,0,3.7618828,0.27563250064849854,0.6191425919532776,0.1632489711046219
YPL163C,YDR472W,0,3.7605314,0.27551019191741943,0.6191425919532776,0.1633490025997162
YML051W,YMR246W,0,3.759369,0.27538803219795227,0.6191425919532776,0.16344903409481049
YLR043C,YOL111C,0,3.7582898,0.27526596188545227,0.6191425919532776,0.16354906558990479
YLL055W,YKL015W,0,3.757502,0.2751440107822418,0.6191425919532776,0.16364909708499908
YLR264W,YJR032W,0,3.7560806,0.27502214908599854,0.6191425919532776,0.16374912858009338
YDR518W,YNL138W,0,3.7543178,0.2749004065990448,0.6191425919532776,0.16384916007518768
YGR118W,YFR019W,0,3.7508454,0.2747787535190582,0.6191425919532776,0.16394919157028198
YGR285C,YAR031W,0,3.749614,0.2746572196483612,0.6191425919532776,0.1640492081642151
YOR226C,YKL124W,0,3.7488518,0.27453580498695374,0.6191425919532776,0.1641492396593094
YOR317W,YGL226C-A,0,3.748402,0.2744144797325134,0.6191425919532776,0.1642492711544037
YHR002W,YER175C,0,3.7413607,0.27429327368736267,0.6191425919532776,0.16434930264949799
YPL037C,YDR518W,1,3.7375681,0.2746136784553528,0.6201395988464355,0.16434930264949799
YGR032W,YBR093C,0,3.7358992,0.2744925022125244,0.6201395988464355,0.16444933414459229
YNR021W,YOR089C,0,3.7345705,0.2743714153766632,0.6201395988464355,0.16454936563968658
YNR074C,YPL093W,0,3.734397,0.27425044775009155,0.6201395988464355,0.16464939713478088
YBL058W,YIL079C,0,3.7330034,0.27412956953048706,0.6201395988464355,0.16474942862987518
YGL018C,YNL135C,1,3.7325115,0.27444934844970703,0.6211366057395935,0.16474942862987518
YHR030C,YDR460W,0,3.7324426,0.2743285000324249,0.6211366057395935,0.16484946012496948
YMR238W,YBR230C,0,3.7317667,0.27420774102211,0.6211366057395935,0.16494949162006378
YGL237C,YGL103W,0,3.7306256,0.2740871012210846,0.6211366057395935,0.1650495082139969
YOL136C,YLR151C,0,3.7262332,0.27396658062934875,0.6211366057395935,0.1651495397090912
YMR038C,YNL335W,0,3.7261646,0.2738461494445801,0.6211366057395935,0.16524957120418549
YHR030C,YOR147W,0,3.7252512,0.27372583746910095,0.6211366057395935,0.16534960269927979
YDL070W,YFR036W,0,3.724086,0.273605614900589,0.6211366057395935,0.16544963419437408
YJL030W,YBR061C,0,3.722951,0.2734855115413666,0.6211366057395935,0.16554966568946838
YDL143W,YHR057C,1,3.7228599,0.27380430698394775,0.6221336126327515,0.16554966568946838
YDR064W,YGR077C,0,3.7228203,0.27368420362472534,0.6221336126327515,0.16564969718456268
YHR002W,YCR026C,0,3.721964,0.2735642194747925,0.6221336126327515,0.16574972867965698
YKL097W-A,YBR061C,0,3.7204807,0.27344435453414917,0.6221336126327515,0.16584976017475128
YJR127C,YMR093W,0,3.7202477,0.273324579000473,0.6221336126327515,0.16594979166984558
YIL142W,YDR151C,1,3.718566,0.27364271879196167,0.6231306195259094,0.16594979166984558
YDR304C,YML048W,1,3.7184916,0.2739606201648712,0.6241276264190674,0.16594979166984558
YBL091C-A,YER145C,0,3.718412,0.2738407552242279,0.6241276264190674,0.1660498082637787
YNL307C,YPL208W,0,3.7168841,0.27372103929519653,0.6241276264190674,0.16614983975887299
YLL008W,YGL256W,0,3.7161822,0.2736014127731323,0.6241276264190674,0.16624987125396729
YOR089C,YKL085W,0,3.71344,0.2734818756580353,0.6241276264190674,0.16634990274906158
YLR157C,YER115C,0,3.7125387,0.2733624577522278,0.6241276264190674,0.16644993424415588
YNL006W,YER190W,0,3.7088914,0.27324312925338745,0.6241276264190674,0.16654996573925018
YLL045C,YDR449C,0,3.7086906,0.27312391996383667,0.6241276264190674,0.16664999723434448
YBR243C,YLR348C,0,3.707842,0.27300480008125305,0.6241276264190674,0.16675002872943878
YPR167C,YNL236W,0,3.707531,0.272885799407959,0.6241276264190674,0.16685006022453308
YOR099W,YOR020C,0,3.7033477,0.2727668881416321,0.6241276264190674,0.16695009171962738
YML028W,YML109W,0,3.7005866,0.2726480960845947,0.6241276264190674,0.16705010831356049
YOR237W,YER017C,0,3.7004411,0.27252939343452454,0.6241276264190674,0.16715013980865479
YOR377W,YDL227C,0,3.6989698,0.2724107801914215,0.6241276264190674,0.16725017130374908
YPR144C,YFL038C,0,3.6951504,0.27229228615760803,0.6241276264190674,0.16735020279884338
YER022W,YLR316C,0,3.6951113,0.2721739113330841,0.6241276264190674,0.16745023429393768
YOR388C,YHL027W,0,3.693923,0.27205562591552734,0.6241276264190674,0.16755026578903198
YKR066C,YOL108C,0,3.6936045,0.27193745970726013,0.6241276264190674,0.16765029728412628
YMR276W,YDR076W,0,3.6922393,0.2718193531036377,0.6241276264190674,0.16775032877922058
YPL131W,YJR133W,0,3.6916323,0.2717013955116272,0.6241276264190674,0.16785036027431488
YMR061W,YBL098W,0,3.6908102,0.27158352732658386,0.6241276264190674,0.16795039176940918
YOR265W,YDR252W,1,3.688628,0.27189940214157104,0.6251246333122253,0.16795039176940918
YDL202W,YBR187W,0,3.6881216,0.2717815339565277,0.6251246333122253,0.16805040836334229
YHR002W,YGR032W,0,3.6876333,0.2716637849807739,0.6251246333122253,0.16815043985843658
YHR209W,YOL043C,0,3.6873865,0.2715461254119873,0.6251246333122253,0.16825047135353088
YJR010W,YKL174C,0,3.6818118,0.27142858505249023,0.6251246333122253,0.16835050284862518
YOR239W,YBR230C,0,3.6810164,0.2713111340999603,0.6251246333122253,0.16845053434371948
YDR212W,YIR004W,1,3.676269,0.2716262936592102,0.6261216402053833,0.16845053434371948
YBR125C,YOL124C,0,3.6750693,0.2715088725090027,0.6261216402053833,0.16855056583881378
YEL031W,YOR340C,0,3.6749253,0.27139154076576233,0.6261216402053833,0.16865059733390808
YKL168C,YOR098C,0,3.6741607,0.27127429842948914,0.6261216402053833,0.16875062882900238
YKL210W,YKR102W,0,3.6737752,0.2711571753025055,0.6261216402053833,0.16885066032409668
YML074C,YDL212W,1,3.6723197,0.2714717388153076,0.6271186470985413,0.16885066032409668
YJR010W,YMR089C,0,3.6712801,0.271354615688324,0.6271186470985413,0.16895069181919098
YGL186C,YNL079C,0,3.6680264,0.2712376117706299,0.6271186470985413,0.16905070841312408
YNL267W,YMR194W,0,3.6649933,0.27112069725990295,0.6271186470985413,0.16915073990821838
YOL038W,YHR085W,0,3.6618595,0.2710038721561432,0.6271186470985413,0.16925077140331268
YOR230W,YPR125W,0,3.661709,0.270887166261673,0.6271186470985413,0.16935080289840698
YGL186C,YEL036C,0,3.6602056,0.2707705497741699,0.6271186470985413,0.16945083439350128
YNL310C,YDL143W,1,3.6593206,0.27108433842658997,0.6281156539916992,0.16945083439350128
YBR183W,YML128C,0,3.657572,0.2709677517414093,0.6281156539916992,0.16955086588859558
YBR150C,YPL147W,0,3.6566632,0.2708512544631958,0.6281156539916992,0.16965089738368988
YMR061W,YGR214W,0,3.6557188,0.27073484659194946,0.6281156539916992,0.16975092887878418
YGR032W,YBR067C,0,3.655604,0.2706185579299927,0.6281156539916992,0.16985096037387848
YNL102W,YPR125W,0,3.6528978,0.27050235867500305,0.6281156539916992,0.16995099186897278
YBR042C,YOR025W,0,3.652716,0.270386278629303,0.6281156539916992,0.17005100846290588
YLR289W,YBR118W,0,3.6526365,0.2702702581882477,0.6281156539916992,0.17015103995800018
YKR008W,YNL117W,0,3.651521,0.2701543867588043,0.6281156539916992,0.17025107145309448
YOL066C,YER165W,0,3.6463647,0.27003857493400574,0.6281156539916992,0.17035110294818878
YDR518W,YGR155W,0,3.6453753,0.2699228823184967,0.6281156539916992,0.17045113444328308
YBR261C,YJL117W,0,3.6447387,0.26980727910995483,0.6281156539916992,0.17055116593837738
YMR186W,YNL080C,0,3.6432447,0.2696917951107025,0.6281156539916992,0.17065119743347168
YOL082W,YDR353W,0,3.6425812,0.26957637071609497,0.6281156539916992,0.17075122892856598
YML112W,YNR044W,0,3.6418023,0.269461065530777,0.6281156539916992,0.17085126042366028
YDR146C,YER074W,0,3.6413805,0.26934587955474854,0.6281156539916992,0.17095129191875458
YKR057W,YOR317W,0,3.6412544,0.26923078298568726,0.6281156539916992,0.17105130851268768
YMR273C,YBR010W,0,3.6406126,0.26911577582359314,0.6281156539916992,0.17115134000778198
YER150W,YKL203C,0,3.6405973,0.2690008580684662,0.6281156539916992,0.17125137150287628
YOR232W,YCR012W,0,3.6381886,0.2688860297203064,0.6281156539916992,0.17135140299797058
YCR069W,YBR155W,1,3.636589,0.269197940826416,0.6291126608848572,0.17135140299797058
YAL022C,YLR016C,0,3.634097,0.2690831422805786,0.6291126608848572,0.17145143449306488
YNL271C,YBR037C,0,3.63398,0.26896846294403076,0.6291126608848572,0.17155146598815918
YNL006W,YDR151C,1,3.629568,0.26927992701530457,0.6301096677780151,0.17155146598815918
YDL171C,YPL188W,0,3.6290884,0.2691652476787567,0.6301096677780151,0.17165149748325348
YLL003W,YJL141C,0,3.6285696,0.269050657749176,0.6301096677780151,0.17175152897834778
YDL217C,YLR088W,0,3.6283817,0.2689361572265625,0.6301096677780151,0.17185156047344208
YOR382W,YPR125W,0,3.624843,0.2688217759132385,0.6301096677780151,0.17195159196853638
YNL102W,YDR429C,0,3.6244295,0.2687074840068817,0.6301096677780151,0.17205160856246948
YDL024C,YOR239W,0,3.6240911,0.26859328150749207,0.6301096677780151,0.17215164005756378
YPL241C,YHR057C,1,3.6240664,0.2689040005207062,0.6311066746711731,0.17215164005756378
YGL112C,YDR453C,0,3.620554,0.26878979802131653,0.6311066746711731,0.17225167155265808
YGR268C,YKR028W,0,3.6163373,0.26867571473121643,0.6311066746711731,0.17235170304775238
YDL029W,YGR169C,0,3.6159678,0.2685617208480835,0.6311066746711731,0.17245173454284668
YAL058W,YIL016W,1,3.615469,0.268871933221817,0.632103681564331,0.17245173454284668
YMR168C,YMR272C,0,3.61527,0.2687579393386841,0.632103681564331,0.17255176603794098
YKL117W,YMR214W,1,3.6144683,0.26906779408454895,0.633100688457489,0.17255176603794098
YBR128C,YPR060C,0,3.6123571,0.2689538300037384,0.633100688457489,0.17265179753303528
YDR076W,YLR153C,0,3.6122465,0.268839955329895,0.633100688457489,0.17275182902812958
YBR183W,YHR168W,0,3.612064,0.2687261998653412,0.633100688457489,0.17285186052322388
YMR269W,YBR128C,0,3.6117542,0.2686125338077545,0.633100688457489,0.17295189201831818
YER090W,YKL172W,0,3.6109595,0.268498957157135,0.633100688457489,0.17305190861225128
YOR106W,YDR072C,0,3.610589,0.26838546991348267,0.633100688457489,0.17315194010734558
YDR451C,YMR272C,0,3.6093454,0.2682720720767975,0.633100688457489,0.17325197160243988
YPL087W,YBR074W,0,3.6079676,0.26815879344940186,0.633100688457489,0.17335200309753418
YHR059W,YJR040W,0,3.6069975,0.268045574426651,0.633100688457489,0.17345203459262848
YDR233C,YLR394W,0,3.6057162,0.2679324746131897,0.633100688457489,0.17355206608772278
YBR081C,YBR222C,0,3.6034331,0.26781949400901794,0.633100688457489,0.17365209758281708
YLR165C,YKL201C,0,3.6029696,0.26770657300949097,0.633100688457489,0.17375212907791138
YPL240C,YIL035C,0,3.601358,0.26759377121925354,0.633100688457489,0.17385216057300568
YJL166W,YKL205W,0,3.5984104,0.2674810588359833,0.633100688457489,0.17395219206809998
YIL142W,YER074W,0,3.5952632,0.2673684358596802,0.633100688457489,0.17405220866203308
YBR120C,YLR344W,0,3.5943875,0.26725590229034424,0.633100688457489,0.17415224015712738
YCR046C,YCR012W,0,3.5937757,0.26714345812797546,0.633100688457489,0.17425227165222168
YDL198C,YDL074C,0,3.5919313,0.26703113317489624,0.633100688457489,0.17435230314731598
YGL010W,YOR294W,0,3.5900905,0.2669188678264618,0.633100688457489,0.17445233464241028
YIL142W,YKR056W,0,3.5882049,0.2668067216873169,0.633100688457489,0.17455236613750458
YKL009W,YFR045W,0,3.5880346,0.26669466495513916,0.633100688457489,0.17465239763259888
YKL165C,YGR271W,0,3.5876443,0.2665826976299286,0.633100688457489,0.17475242912769318
YLR383W,YBR287W,0,3.5848455,0.26647084951400757,0.633100688457489,0.17485246062278748
YER008C,YAL033W,0,3.5843434,0.2663590610027313,0.633100688457489,0.17495249211788177
YNR006W,YHR119W,0,3.5825076,0.26624739170074463,0.633100688457489,0.17505250871181488
YFL023W,YML078W,1,3.5777545,0.26655489206314087,0.634097695350647,0.17505250871181488
YDL040C,YNR010W,0,3.574447,0.2664432227611542,0.634097695350647,0.17515254020690918
YOR288C,YDL212W,1,3.5739965,0.26675042510032654,0.6350947022438049,0.17515254020690918
YKL210W,YIR032C,0,3.5731323,0.26663875579833984,0.6350947022438049,0.17525257170200348
YLR129W,YPR125W,0,3.571319,0.2665272057056427,0.6350947022438049,0.17535260319709778
YGR246C,YOL151W,0,3.5701776,0.26641571521759033,0.6350947022438049,0.17545263469219208
YLR395C,YPR167C,0,3.5694823,0.2663043439388275,0.6350947022438049,0.17555266618728638
YIL108W,YKL082C,0,3.56918,0.26619306206703186,0.6350947022438049,0.17565269768238068
YCR014C,YDL083C,0,3.5679047,0.26608186960220337,0.6350947022438049,0.17575272917747498
YMR238W,YLR270W,0,3.567194,0.26597076654434204,0.6350947022438049,0.17585276067256927
YDR263C,YER019C-A,0,3.5654285,0.2658597528934479,0.6350947022438049,0.17595279216766357
YOL066C,YAL054C,0,3.565091,0.26574885845184326,0.6350947022438049,0.17605280876159668
YAR035W,YMR300C,0,3.5610404,0.2656380236148834,0.6350947022438049,0.17615284025669098
YLR389C,YLR213C,0,3.5589743,0.26552730798721313,0.6350947022438049,0.17625287175178528
YMR284W,YDL179W,0,3.5576344,0.2654166519641876,0.6350947022438049,0.17635290324687958
YNL310C,YCR069W,1,3.5567079,0.2657226026058197,0.6360917091369629,0.17635290324687958
YOL155C,YDR260C,0,3.5562196,0.2656119763851166,0.6360917091369629,0.17645293474197388
YFL038C,YCL008C,0,3.5558472,0.265501469373703,0.6360917091369629,0.17655296623706818
YDL084W,YOR219C,0,3.5558443,0.2653910219669342,0.6360917091369629,0.17665299773216248
YBR196C,YLR321C,0,3.555779,0.26528066396713257,0.6360917091369629,0.17675302922725677
YDL084W,YGL183C,0,3.5551078,0.2651703953742981,0.6360917091369629,0.17685306072235107
YKL182W,YGL212W,0,3.5540853,0.2650602459907532,0.6360917091369629,0.17695309221744537
YDR072C,YLL055W,0,3.5540216,0.264950156211853,0.6360917091369629,0.17705310881137848
YNL310C,YLR259C,1,3.5530844,0.26525530219078064,0.6370887160301208,0.17705310881137848
YCR030C,YIR039C,0,3.5505126,0.2651452422142029,0.6370887160301208,0.17715314030647278
YDR218C,YOR340C,0,3.5502665,0.2650352418422699,0.6370887160301208,0.17725317180156708
YKL074C,YDL045C,0,3.549728,0.26492536067962646,0.6370887160301208,0.17735320329666138
YOR025W,YLR348C,0,3.5495439,0.2648155689239502,0.6370887160301208,0.17745323479175568
YIR011C,YMR308C,0,3.546556,0.2647058963775635,0.6370887160301208,0.17755326628684998
YDR405W,YML058W-A,0,3.5412798,0.26459628343582153,0.6370887160301208,0.17765329778194427
YBL091C-A,YMR176W,0,3.539208,0.26448675990104675,0.6370887160301208,0.17775332927703857
YDR530C,YBR145W,0,3.5378387,0.26437732577323914,0.6370887160301208,0.17785336077213287
YJR010W,YKL203C,0,3.5369782,0.2642679810523987,0.6370887160301208,0.17795339226722717
YKR066C,YKL189W,0,3.534712,0.2641587555408478,0.6370887160301208,0.17805340886116028
YIL061C,YBR230C,0,3.5339513,0.26404958963394165,0.6370887160301208,0.17815344035625458
YOR274W,YLR270W,0,3.5325818,0.2639405131340027,0.6370887160301208,0.17825347185134888
YNL084C,YCR046C,0,3.532164,0.26383155584335327,0.6370887160301208,0.17835350334644318
YGL172W,YNR002C,0,3.5303752,0.26372265815734863,0.6370887160301208,0.17845353484153748
YMR038C,YPR030W,0,3.530296,0.26361384987831116,0.6370887160301208,0.17855356633663177
YKL186C,YPR138C,0,3.5296574,0.26350516080856323,0.6370887160301208,0.17865359783172607
YDR196C,YKR056W,0,3.5267348,0.2633965313434601,0.6370887160301208,0.17875362932682037
YAL038W,YHR168W,0,3.5249715,0.2632880210876465,0.6370887160301208,0.17885366082191467
YPR149W,YPL104W,0,3.5243802,0.26317957043647766,0.6370887160301208,0.17895369231700897
YAL054C,YIL048W,0,3.523705,0.263071209192276,0.6370887160301208,0.17905370891094208
YLR197W,YER090W,0,3.521677,0.2629629671573639,0.6370887160301208,0.17915374040603638
YBR067C,YKL124W,0,3.5183077,0.26285478472709656,0.6370887160301208,0.17925377190113068
YNL008C,YEL037C,0,3.5176811,0.2627467215061188,0.6370887160301208,0.17935380339622498
YDL055C,YKL205W,0,3.5161967,0.26263871788978577,0.6370887160301208,0.17945383489131927
YER022W,YOL104C,0,3.5148978,0.2625308036804199,0.6370887160301208,0.17955386638641357
YIL094C,YER190W,0,3.5135212,0.26242300868034363,0.6370887160301208,0.17965389788150787
YGR180C,YKL186C,0,3.5124264,0.2623152732849121,0.6370887160301208,0.17975392937660217
YHR085W,YOR393W,0,3.512426,0.26220762729644775,0.6370887160301208,0.17985396087169647
YDR079W,YDR403W,0,3.511815,0.26210007071495056,0.6370887160301208,0.17995399236679077
YJL141C,YMR238W,0,3.509299,0.2619926333427429,0.6370887160301208,0.18005400896072388
YER125W,YNR006W,0,3.5051026,0.26188525557518005,0.6370887160301208,0.18015404045581818
YOR020C,YDR518W,1,3.5027585,0.2621876299381256,0.6380857229232788,0.18015404045581818
YPR024W,YLR164W,0,3.5019236,0.26208025217056274,0.6380857229232788,0.18025407195091248
YOR084W,YKR026C,0,3.4997506,0.26197299361228943,0.6380857229232788,0.18035410344600677
YPR002W,YJR083C,0,3.4986436,0.2618657946586609,0.6380857229232788,0.18045413494110107
YNL273W,YKR057W,0,3.4973917,0.2617586851119995,0.6380857229232788,0.18055416643619537
YNR028W,YJL082W,0,3.4955466,0.2616516649723053,0.6380857229232788,0.18065419793128967
YER055C,YKR102W,0,3.4942842,0.26154473423957825,0.6380857229232788,0.18075422942638397
YMR182C,YCL018W,0,3.4940252,0.26143792271614075,0.6380857229232788,0.18085426092147827
YFL016C,YJR032W,1,3.493367,0.26173949241638184,0.6390827298164368,0.18085426092147827
YDR212W,YDR304C,1,3.4906778,0.2620408236980438,0.6400797367095947,0.18085426092147827
YLR264W,YOL004W,0,3.4858541,0.2619338929653168,0.6400797367095947,0.18095429241657257
YJR057W,YBR093C,0,3.4853876,0.2618270814418793,0.6400797367095947,0.18105430901050568
YMR025W,YML132W,0,3.4840612,0.26172032952308655,0.6400797367095947,0.18115434050559998
YGR167W,YMR093W,0,3.483991,0.2616136968135834,0.6400797367095947,0.18125437200069427
YLR295C,YIL046W,0,3.4831488,0.261507123708725,0.6400797367095947,0.18135440349578857
YIL170W,YPL188W,0,3.4826841,0.26140064001083374,0.6400797367095947,0.18145443499088287
YKL094W,YLR050C,0,3.4765868,0.26129427552223206,0.6400797367095947,0.18155446648597717
YBR281C,YNL078W,0,3.4718225,0.26118797063827515,0.6400797367095947,0.18165449798107147
YDR453C,YPL087W,0,3.4706764,0.2610817551612854,0.6400797367095947,0.18175452947616577
YGL233W,YNL175C,0,3.4698753,0.26097559928894043,0.6400797367095947,0.18185456097126007
YJR010W,YLR285W,0,3.4696817,0.260869562625885,0.6400797367095947,0.18195459246635437
YPL241C,YIL016W,1,3.4661279,0.26116979122161865,0.6410767436027527,0.18195459246635437
YOR301W,YKR002W,0,3.4660428,0.26106375455856323,0.6410767436027527,0.18205460906028748
YJL172W,YDR470C,0,3.4637709,0.2609577775001526,0.6410767436027527,0.18215464055538177
YMR019W,YOR138C,0,3.4631934,0.2608519196510315,0.6410767436027527,0.18225467205047607
YMR301C,YDL077C,0,3.4631934,0.26074615120887756,0.6410767436027527,0.18235470354557037
YPL122C,YPL196W,0,3.4610548,0.2606404423713684,0.6410767436027527,0.18245473504066467
YJL172W,YJL004C,0,3.4609697,0.2605348527431488,0.6410767436027527,0.18255476653575897
YDL212W,YDR518W,1,3.4608521,0.26083433628082275,0.6420737504959106,0.18255476653575897
YDR519W,YOR232W,1,3.4607353,0.26113361120224,0.6430708169937134,0.18255476653575897
YMR161W,YML048W,1,3.460625,0.26143261790275574,0.6440678238868713,0.18255476653575897
YLR449W,YJL111W,1,3.459886,0.2617313861846924,0.6450648307800293,0.18255476653575897
YNL335W,YLR350W,0,3.459316,0.2616255581378937,0.6450648307800293,0.18265479803085327
YNL135C,YGR231C,1,3.459134,0.26192399859428406,0.6460618376731873,0.18265479803085327
YKL009W,YKL015W,0,3.459134,0.26181817054748535,0.6460618376731873,0.18275482952594757
YPR135W,YPL129W,0,3.4587805,0.2617124319076538,0.6460618376731873,0.18285486102104187
YJR010W,YKL064W,0,3.456945,0.26160678267478943,0.6460618376731873,0.18295489251613617
YDR137W,YIL006W,0,3.4554033,0.2615012228488922,0.6460618376731873,0.18305490911006927
YMR020W,YFL001W,0,3.4553015,0.26139572262763977,0.6460618376731873,0.18315494060516357
YDR067C,YLR404W,0,3.4546077,0.2612903118133545,0.6460618376731873,0.18325497210025787
YLR157C,YOL090W,0,3.4537911,0.26118502020835876,0.6460618376731873,0.18335500359535217
YMR161W,YHR142W,1,3.4512484,0.26148268580436707,0.6470588445663452,0.18335500359535217
YHR034C,YDR155C,1,3.4508905,0.26178011298179626,0.6480558514595032,0.18335500359535217
YJR017C,YDR304C,1,3.450747,0.26207730174064636,0.6490528583526611,0.18335500359535217
YDL246C,YNR006W,0,3.450371,0.2619718313217163,0.6490528583526611,0.18345503509044647
YBL041W,YJL103C,0,3.4488735,0.2618664503097534,0.6490528583526611,0.18355506658554077
YMR061W,YBL068W,0,3.4477267,0.2617611587047577,0.6490528583526611,0.18365509808063507
YLR390W,YMR213W,0,3.4460647,0.2616559565067291,0.6490528583526611,0.18375512957572937
YMR146C,YNR057C,0,3.4447188,0.26155081391334534,0.6490528583526611,0.18385516107082367
YGL018C,YJR017C,1,3.443142,0.2618473768234253,0.6500498652458191,0.18385516107082367
YNL079C,YLR197W,0,3.4427974,0.2617422640323639,0.6500498652458191,0.18395519256591797
YHR012W,YGL026C,0,3.442537,0.26163724064826965,0.6500498652458191,0.18405520915985107
YBR095C,YOR187W,0,3.4420629,0.2615322768688202,0.6500498652458191,0.18415524065494537
YHR209W,YNL006W,0,3.4414558,0.2614274322986603,0.6500498652458191,0.18425527215003967
YLR043C,YGL220W,0,3.4396286,0.26132264733314514,0.6500498652458191,0.18435530364513397
YOR349W,YKL117W,1,3.437363,0.26161858439445496,0.651046872138977,0.18435530364513397
YJL187C,YDL021W,0,3.4334493,0.2615138292312622,0.651046872138977,0.18445533514022827
YGR132C,YKL117W,1,3.4310803,0.26180943846702576,0.652043879032135,0.18445533514022827
YLR300W,YMR240C,0,3.431001,0.261704683303833,0.652043879032135,0.18455536663532257
YBR260C,YMR194W,0,3.4297206,0.26159998774528503,0.652043879032135,0.18465539813041687
YJL008C,YER007W,1,3.428585,0.26189523935317993,0.653040885925293,0.18465539813041687
YHR179W,YBR287W,0,3.4279113,0.26179057359695435,0.653040885925293,0.18475542962551117
YGR255C,YDR496C,0,3.4269152,0.26168596744537354,0.653040885925293,0.18485546112060547
YER049W,YPL188W,0,3.4267068,0.2615814805030823,0.653040885925293,0.18495549261569977
YOR304W,YCL043C,0,3.4251897,0.2614770531654358,0.653040885925293,0.18505550920963287
YLR043C,YHR060W,0,3.4222403,0.26137271523475647,0.653040885925293,0.18515554070472717
YML073C,YDR081C,0,3.4218879,0.2612684369087219,0.653040885925293,0.18525557219982147
YLR244C,YOL062C,0,3.421289,0.26116427779197693,0.653040885925293,0.18535560369491577
YJR082C,YLR197W,0,3.42012,0.2610601782798767,0.653040885925293,0.18545563519001007
YOR020C,YNL310C,1,3.4194992,0.26135459542274475,0.6540378928184509,0.18545563519001007
YAL053W,YEL030W,1,3.4189436,0.2616487443447113,0.6550348997116089,0.18545563519001007
YKR071C,YER101C,0,3.4177618,0.2615445852279663,0.6550348997116089,0.18555566668510437
YJR021C,YPL119C,0,3.4162567,0.2614405155181885,0.6550348997116089,0.18565569818019867
YHR064C,YJR064W,1,3.4150062,0.261734277009964,0.6560319066047668,0.18565569818019867
YMR005W,YDR453C,0,3.4130104,0.26163020730018616,0.6560319066047668,0.18575572967529297
YOR099W,YNL298W,0,3.4124432,0.2615262269973755,0.6560319066047668,0.18585576117038727
YML051W,YGR177C,0,3.4113214,0.261422336101532,0.6560319066047668,0.18595579266548157
YDR159W,YJR034W,0,3.410347,0.26131850481033325,0.6560319066047668,0.18605582416057587
YJR151C,YBR006W,0,3.4069576,0.2612147629261017,0.6560319066047668,0.18615584075450897
YBR006W,YPL240C,0,3.4064922,0.2611111104488373,0.6560319066047668,0.18625587224960327
YMR203W,YMR075W,0,3.4058344,0.26100754737854004,0.6560319066047668,0.18635590374469757
YDL198C,YDL208W,0,3.405634,0.2609040439128876,0.6560319066047668,0.18645593523979187
YDR263C,YPL078C,0,3.4053328,0.26080062985420227,0.6560319066047668,0.18655596673488617
YLR449W,YPL037C,1,3.4052439,0.26109349727630615,0.6570289134979248,0.18655596673488617
YKL093W,YPL087W,0,3.4050078,0.26099011301994324,0.6570289134979248,0.18665599822998047
YDR083W,YLR073C,0,3.402596,0.2608867883682251,0.6570289134979248,0.18675602972507477
YDR494W,YKL096W-A,0,3.4023798,0.26078352332115173,0.6570289134979248,0.18685606122016907
YMR019W,YDR304C,0,3.402131,0.2606803774833679,0.6570289134979248,0.18695609271526337
YJL162C,YAL058W,1,3.3979194,0.2609727084636688,0.6580259203910828,0.18695609271526337
YJR070C,YMR039C,0,3.3950613,0.260869562625885,0.6580259203910828,0.18705612421035767
YDR453C,YNL267W,0,3.3938727,0.26076650619506836,0.6580259203910828,0.18715614080429077
YGR078C,YIR004W,1,3.3932793,0.2610584497451782,0.6590229272842407,0.18715614080429077
YDR218C,YBL092W,0,3.3926775,0.2609553933143616,0.6590229272842407,0.18725617229938507
YPR167C,YPL208W,0,3.3889766,0.2608523964881897,0.6590229272842407,0.18735620379447937
YDL171C,YPL274W,0,3.3887644,0.2607495188713074,0.6590229272842407,0.18745623528957367
YPR194C,YGR145W,0,3.3880453,0.2606467008590698,0.6590229272842407,0.18755626678466797
YCR030C,YNL238W,0,3.3835015,0.26054394245147705,0.6590229272842407,0.18765629827976227
YLR157C,YJL095W,0,3.3814821,0.26044130325317383,0.6590229272842407,0.18775632977485657
YGR285C,YDL229W,1,3.3813012,0.2607325613498688,0.6600199341773987,0.18775632977485657
YMR087W,YPL093W,0,3.381231,0.26062992215156555,0.6600199341773987,0.18785636126995087
YLR203C,YDL084W,0,3.3802552,0.2605273425579071,0.6600199341773987,0.18795639276504517
YLR090W,YCL043C,1,3.379402,0.2608182430267334,0.6610169410705566,0.18795639276504517
YOR297C,YGR095C,0,3.3775609,0.26071569323539734,0.6610169410705566,0.18805642426013947
YMR032W,YLR264W,0,3.3767898,0.26061320304870605,0.6610169410705566,0.18815644085407257
YPL064C,YNL077W,1,3.376616,0.2609037458896637,0.6620139479637146,0.18815644085407257
YKL053C-A,YOR285W,0,3.3765602,0.2608012557029724,0.6620139479637146,0.18825647234916687
YLR130C,YNL078W,0,3.3763466,0.2606988549232483,0.6620139479637146,0.18835650384426117
YPL131W,YJL178C,0,3.373795,0.26059654355049133,0.6620139479637146,0.18845653533935547
YMR193W,YBR243C,0,3.3721814,0.26049432158470154,0.6620139479637146,0.18855656683444977
YKL119C,YMR186W,0,3.3719277,0.2603921592235565,0.6620139479637146,0.18865659832954407
YNR035C,YMR240C,0,3.3712974,0.26029008626937866,0.6620139479637146,0.18875662982463837
YDR155C,YML048W,1,3.367223,0.2605799436569214,0.6630109548568726,0.18875662982463837
YMR200W,YPL221W,1,3.3634186,0.260869562625885,0.6640079617500305,0.18875662982463837
YOR194C,YJR133W,0,3.3613582,0.2607674300670624,0.6640079617500305,0.18885666131973267
YGL225W,YGR118W,0,3.361108,0.2606653571128845,0.6640079617500305,0.18895669281482697
YLR130C,YLR325C,0,3.358293,0.26056337356567383,0.6640079617500305,0.18905672430992126
YDR449C,YDR508C,0,3.358275,0.2604614794254303,0.6640079617500305,0.18915674090385437
YLL055W,YCL052C,0,3.357901,0.26035964488983154,0.6640079617500305,0.18925677239894867
YDL015C,YPR163C,0,3.355882,0.26025789976119995,0.6640079617500305,0.18935680389404297
YDR030C,YDL029W,0,3.3550072,0.2601562440395355,0.6640079617500305,0.18945683538913727
YEL030W,YHR142W,1,3.3547626,0.26044514775276184,0.6650049686431885,0.18945683538913727
YGR032W,YPL274W,0,3.3534448,0.2603434920310974,0.6650049686431885,0.18955686688423157
YMR214W,YEL003W,1,3.3491576,0.26063206791877747,0.6660019755363464,0.18955686688423157
YHR174W,YPL273W,0,3.3472824,0.26053041219711304,0.6660019755363464,0.18965689837932587
YJL060W,YMR136W,0,3.3434963,0.26042884588241577,0.6660019755363464,0.18975692987442017
YNL302C,YNL078W,0,3.3411024,0.26032736897468567,0.6660019755363464,0.18985696136951447
YER055C,YJL071W,0,3.3384805,0.26022595167160034,0.6660019755363464,0.18995699286460876
YMR227C,YIL048W,0,3.3368235,0.2601246237754822,0.6660019755363464,0.19005702435970306
YBR145W,YJL176C,0,3.336403,0.2600233554840088,0.6660019755363464,0.19015704095363617
YFL038C,YLR325C,0,3.333473,0.25992217659950256,0.6660019755363464,0.19025707244873047
YJL034W,YCL004W,0,3.33325,0.2598210871219635,0.6660019755363464,0.19035710394382477
YNL006W,YOR232W,1,3.3332126,0.2601088583469391,0.6669989824295044,0.19035710394382477
YPL223C,YOR038C,0,3.3330975,0.2600077688694,0.6669989824295044,0.19045713543891907
YGR252W,YCR011C,0,3.3318603,0.2599067687988281,0.6669989824295044,0.19055716693401337
YJL060W,YMR033W,0,3.3317084,0.259805828332901,0.6669989824295044,0.19065719842910767
YJL176C,YOR313C,0,3.3309872,0.25970497727394104,0.6669989824295044,0.19075722992420197
YLR383W,YOR230W,0,3.3300183,0.25960418581962585,0.6669989824295044,0.19085726141929626
YBR183W,YLR440C,0,3.3290625,0.25950348377227783,0.6669989824295044,0.19095729291439056
YPR191W,YLL019C,0,3.329033,0.259402871131897,0.6669989824295044,0.19105732440948486
YEL031W,YGL103W,0,3.3255196,0.2593023180961609,0.6669989824295044,0.19115734100341797
YFL057C,YNR057C,0,3.3252947,0.25920185446739197,0.6669989824295044,0.19125737249851227
YPL106C,YCL043C,1,3.3225603,0.2594887614250183,0.6679959893226624,0.19125737249851227
YMR061W,YML099C,0,3.3219662,0.2593882977962494,0.6679959893226624,0.19135740399360657
YNL261W,YPL127C,0,3.3177838,0.25928792357444763,0.6679959893226624,0.19145743548870087
YLL019C,YFR052W,0,3.3167558,0.25918760895729065,0.6679959893226624,0.19155746698379517
YCR011C,YOR089C,0,3.3165069,0.25908738374710083,0.6679959893226624,0.19165749847888947
YDR527W,YEL040W,0,3.3151083,0.2589872479438782,0.6679959893226624,0.19175752997398376
YDR262W,YMR143W,0,3.3143399,0.2588871717453003,0.6679959893226624,0.19185756146907806
YNL135C,YDR155C,1,3.3124743,0.2591734230518341,0.6689929962158203,0.19185756146907806
YPR002W,YLL012W,0,3.3092775,0.2590733468532562,0.6689929962158203,0.19195759296417236
YJR147W,YNL107W,0,3.3082466,0.2589733600616455,0.6689929962158203,0.19205762445926666
YDL084W,YOL104C,0,3.307857,0.25887346267700195,0.6689929962158203,0.19215764105319977
YDR411C,YKL053C-A,0,3.3071227,0.2587736248970032,0.6689929962158203,0.19225767254829407
YMR146C,YGR095C,0,3.305794,0.25867387652397156,0.6689929962158203,0.19235770404338837
YDL142C,YOR084W,0,3.304181,0.2585741877555847,0.6689929962158203,0.19245773553848267
YGR231C,YNL064C,1,3.3038998,0.258859783411026,0.6699900031089783,0.19245773553848267
YKR057W,YFL033C,0,3.303508,0.25876009464263916,0.6699900031089783,0.19255776703357697
YNL127W,YNR004W,0,3.3032246,0.2586604952812195,0.6699900031089783,0.19265779852867126
YAL040C,YIL042C,0,3.3023467,0.25856098532676697,0.6699900031089783,0.19275783002376556
YHR012W,YMR186W,0,3.3008928,0.25846153497695923,0.6699900031089783,0.19285786151885986
YDR383C,YMR301C,0,3.2996626,0.25836217403411865,0.6699900031089783,0.19295789301395416
YLL008W,YPR080W,0,3.2993402,0.25826287269592285,0.6699900031089783,0.19305792450904846
YGL094C,YPR060C,0,3.29714,0.2581636607646942,0.6699900031089783,0.19315794110298157
YDR453C,YGR222W,0,3.2969906,0.25806450843811035,0.6699900031089783,0.19325797259807587
YJL179W,YJL111W,1,3.296874,0.25834932923316956,0.6709870100021362,0.19325797259807587
YIL135C,YMR032W,0,3.296649,0.2582502067089081,0.6709870100021362,0.19335800409317017
YDL179W,YCL034W,0,3.296463,0.2581511437892914,0.6709870100021362,0.19345803558826447
YKR071C,YBR074W,0,3.295855,0.25805214047431946,0.6709870100021362,0.19355806708335876
YGR052W,YFL010W-A,0,3.2958157,0.2579532265663147,0.6709870100021362,0.19365809857845306
YOR025W,YGR239C,0,3.2954798,0.2578544020652771,0.6709870100021362,0.19375813007354736
YLR295C,YJL134W,0,3.2941554,0.2577556371688843,0.6709870100021362,0.19385816156864166
YGR231C,YDR214W,1,3.294023,0.25803980231285095,0.671984076499939,0.19385816156864166
YML048W,YDL212W,1,3.293356,0.2583237588405609,0.6729810833930969,0.19385816156864166
YLR043C,YHR008C,0,3.2933252,0.2582249343395233,0.6729810833930969,0.19395819306373596
YDR410C,YCL034W,0,3.2925124,0.2581261992454529,0.6729810833930969,0.19405822455883026
YNR067C,YPL099C,0,3.288796,0.2580275237560272,0.6729810833930969,0.19415824115276337
YER050C,YKL009W,0,3.2887864,0.2579289376735687,0.6729810833930969,0.19425827264785767
YCL018W,YOR297C,0,3.2883363,0.257830411195755,0.6729810833930969,0.19435830414295197
YNR003C,YFL045C,0,3.283163,0.25773194432258606,0.6729810833930969,0.19445833563804626
YKL013C,YKL053C-A,0,3.282692,0.25763359665870667,0.6729810833930969,0.19455836713314056
YML058W-A,YLL019C,0,3.2812026,0.25753527879714966,0.6729810833930969,0.19465839862823486
YJL191W,YMR272C,0,3.2802792,0.2574370801448822,0.6729810833930969,0.19475843012332916
YNL006W,YMR270C,0,3.280243,0.25733891129493713,0.6729810833930969,0.19485846161842346
YCL057W,YDL225W,0,3.2799718,0.2572408616542816,0.6729810833930969,0.19495849311351776
YGR085C,YDR285W,0,3.2795415,0.2571428716182709,0.6729810833930969,0.19505852460861206
YPL087W,YFR052W,0,3.2787185,0.2570449411869049,0.6729810833930969,0.19515854120254517
YOR311C,YNL259C,0,3.2775555,0.2569471001625061,0.6729810833930969,0.19525857269763947
YPL244C,YNL121C,0,3.2761002,0.2568493187427521,0.6729810833930969,0.19535860419273376
YGL050W,YBR170C,0,3.2735415,0.2567516267299652,0.6729810833930969,0.19545863568782806
YMR186W,YER048C,1,3.2728114,0.25703421235084534,0.6739780902862549,0.19545863568782806
YKR036C,YKL165C,0,3.2727723,0.25693652033805847,0.6739780902862549,0.19555866718292236
YMR276W,YPL183W-A,0,3.2726011,0.25683891773223877,0.6739780902862549,0.19565869867801666
YJL103C,YER087C-B,0,3.271341,0.25674134492874146,0.6739780902862549,0.19575873017311096
YMR039C,YLR380W,0,3.2703328,0.2566438913345337,0.6739780902862549,0.19585876166820526
YOR288C,YFR041C,1,3.2664607,0.2569260001182556,0.6749750971794128,0.19585876166820526
YPL082C,YGL163C,0,3.2659383,0.25682851672172546,0.6749750971794128,0.19595879316329956
YML074C,YML094W,1,3.2655423,0.2571103572845459,0.6759721040725708,0.19595879316329956
YJR147W,YAL038W,0,3.2640736,0.25701287388801575,0.6759721040725708,0.19605882465839386
YJL140W,YHR059W,0,3.2629507,0.25691550970077515,0.6759721040725708,0.19615884125232697
YOR275C,YNL274C,0,3.2574039,0.25681817531585693,0.6759721040725708,0.19625887274742126
YFL033C,YPR159W,0,3.2558036,0.2567209303379059,0.6759721040725708,0.19635890424251556
YDL045W-A,YCL052C,0,3.2536821,0.256623774766922,0.6759721040725708,0.19645893573760986
YJL030W,YLR209C,0,3.2535694,0.2565266788005829,0.6759721040725708,0.19655896723270416
YDR457W,YBR281C,0,3.2526755,0.25642964243888855,0.6759721040725708,0.19665899872779846
YEL062W,YNL052W,0,3.2514496,0.2563326954841614,0.6759721040725708,0.19675903022289276
YOR388C,YHR179W,0,3.2492123,0.25623583793640137,0.6759721040725708,0.19685906171798706
YDR371W,YDR285W,0,3.2469168,0.25613903999328613,0.6759721040725708,0.19695909321308136
YER151C,YKL210W,0,3.243876,0.2560423016548157,0.6759721040725708,0.19705912470817566
YML130C,YKL117W,1,3.242948,0.2563231289386749,0.6769691109657288,0.19705912470817566
YBR287W,YFL021W,0,3.2413723,0.25622642040252686,0.6769691109657288,0.19715914130210876
YDR378C,YLR329W,0,3.2404642,0.25612977147102356,0.6769691109657288,0.19725917279720306
YMR214W,YJR064W,1,3.2364635,0.25641027092933655,0.6779661178588867,0.19725917279720306
YAR035W,YGL259W,0,3.2359636,0.25631362199783325,0.6779661178588867,0.19735920429229736
YLR208W,YLR026C,0,3.234963,0.25621703267097473,0.6779661178588867,0.19745923578739166
YNL262W,YGL216W,0,3.2320385,0.2561205327510834,0.6779661178588867,0.19755926728248596
YGL018C,YIL142W,1,3.2308617,0.25640061497688293,0.6789631247520447,0.19755926728248596
YHR034C,YDR518W,1,3.230338,0.2566804587841034,0.6799601316452026,0.19755926728248596
YDR518W,YBL052C,0,3.2262392,0.25658389925956726,0.6799601316452026,0.19765929877758026
YKL165C,YJL213W,0,3.2250032,0.2564873993396759,0.6799601316452026,0.19775933027267456
YKL182W,YKR044W,0,3.224775,0.2563909888267517,0.6799601316452026,0.19785936176776886
YOR145C,YGL256W,0,3.22407,0.2562946379184723,0.6799601316452026,0.19795939326286316
YGL180W,YNL281W,0,3.2218773,0.25619834661483765,0.6799601316452026,0.19805942475795746
YMR087W,YFR001W,0,3.221787,0.25610214471817017,0.6799601316452026,0.19815944135189056
YBR183W,YOR085W,0,3.220846,0.25600600242614746,0.6799601316452026,0.19825947284698486
YOL151W,YIR032C,0,3.2203355,0.2559099495410919,0.6799601316452026,0.19835950434207916
YML028W,YMR272C,0,3.2184377,0.25581395626068115,0.6799601316452026,0.19845953583717346
YBR247C,YML056C,0,3.2160795,0.25571802258491516,0.6799601316452026,0.19855956733226776
YHR074W,YGR105W,0,3.2143905,0.25562217831611633,0.6799601316452026,0.19865959882736206
YGL010W,YJL117W,0,3.2132666,0.25552642345428467,0.6799601316452026,0.19875963032245636
YML112W,YIL140W,0,3.2129867,0.2554306983947754,0.6799601316452026,0.19885966181755066
YOR298W,YDR389W,0,3.212367,0.25533509254455566,0.6799601316452026,0.19895969331264496
YKL174C,YML071C,0,3.211779,0.2552395164966583,0.6799601316452026,0.19905972480773926
YMR061W,YKR026C,0,3.209525,0.25514402985572815,0.6799601316452026,0.19915974140167236
YOL010W,YJR140C,0,3.2089415,0.25504860281944275,0.6799601316452026,0.19925977289676666
YLR390W,YPR043W,0,3.2088275,0.2549532651901245,0.6799601316452026,0.19935980439186096
YML097C,YNL110C,0,3.2075973,0.25485798716545105,0.6799601316452026,0.19945983588695526
YOR106W,YDR226W,0,3.2066846,0.25476279854774475,0.6799601316452026,0.19955986738204956
YPL007C,YNL080C,0,3.2062593,0.2546676695346832,0.6799601316452026,0.19965989887714386
YJL011C,YLL061W,0,3.2033858,0.2545726001262665,0.6799601316452026,0.19975993037223816
YDR067C,YNL238W,0,3.2027197,0.2544776201248169,0.6799601316452026,0.19985996186733246
YGR225W,YOL124C,0,3.2025068,0.2543826997280121,0.6799601316452026,0.19995999336242676
YDL245C,YBR170C,0,3.2022605,0.25428783893585205,0.6799601316452026,0.20006002485752106
YGL062W,YNL016W,0,3.202071,0.2541930675506592,0.6799601316452026,0.20016004145145416
YKL130C,YER074W,0,3.2007022,0.2540983557701111,0.6799601316452026,0.20026007294654846
YDR389W,YCL034W,0,3.2005308,0.25400373339653015,0.6799601316452026,0.20036010444164276
YHR061C,YNL026W,0,3.2001107,0.253909170627594,0.6799601316452026,0.20046013593673706
YDR527W,YDL078C,0,3.1997807,0.2538146674633026,0.6799601316452026,0.20056016743183136
YPR026W,YKR055W,0,3.1994977,0.253720223903656,0.6799601316452026,0.20066019892692566
YML051W,YGL163C,0,3.198308,0.25362586975097656,0.6799601316452026,0.20076023042201996
YER007W,YIR004W,1,3.1972008,0.2539033591747284,0.6809571385383606,0.20076023042201996
YGR052W,YGR112W,0,3.1968906,0.25380900502204895,0.6809571385383606,0.20086026191711426
YGR238C,YDR226W,0,3.19686,0.2537147104740143,0.6809571385383606,0.20096029341220856
YGR281W,YNL079C,0,3.1957173,0.2536205053329468,0.6809571385383606,0.20106032490730286
YMR193W,YOR355W,0,3.1947289,0.25352635979652405,0.6809571385383606,0.20116034150123596
YLL051C,YGR238C,0,3.1916752,0.2534322738647461,0.6809571385383606,0.20126037299633026
YJL124C,YOR351C,0,3.1891568,0.2533382773399353,0.6809571385383606,0.20136040449142456
YNL084C,YNR044W,0,3.1880627,0.2532443404197693,0.6809571385383606,0.20146043598651886
YGR252W,YDR453C,0,3.1863475,0.25315049290657043,0.6809571385383606,0.20156046748161316
YJL191W,YDR373W,0,3.1832843,0.25305667519569397,0.6809571385383606,0.20166049897670746
YIL035C,YLR350W,0,3.1829047,0.25296297669410706,0.6809571385383606,0.20176053047180176
YMR304W,YGR276C,0,3.1816263,0.25286930799484253,0.6809571385383606,0.20186056196689606
YHR069C,YBR067C,0,3.1804595,0.25277572870254517,0.6809571385383606,0.20196059346199036
YBR066C,YPL082C,0,3.1799412,0.2526822090148926,0.6809571385383606,0.20206062495708466
YKL117W,YOR232W,1,3.1782374,0.2529585659503937,0.6819541454315186,0.20206062495708466
YDR170C,YNL302C,0,3.1766984,0.2528650760650635,0.6819541454315186,0.20216064155101776
YDR151C,YFR041C,1,3.1766095,0.2531411647796631,0.6829511523246765,0.20216064155101776
YLR395C,YOL101C,0,3.1763196,0.2530476450920105,0.6829511523246765,0.20226067304611206
YJR127C,YDL171C,0,3.174598,0.2529542148113251,0.6829511523246765,0.20236070454120636
YPR135W,YCR002C,0,3.174248,0.2528608441352844,0.6829511523246765,0.20246073603630066
YOL082W,YJL172W,0,3.1734762,0.25276753306388855,0.6829511523246765,0.20256076753139496
YDR304C,YDR151C,1,3.1734662,0.25304314494132996,0.6839481592178345,0.20256076753139496
YJR017C,YEL003W,1,3.1731226,0.25331857800483704,0.6849451661109924,0.20256076753139496
YMR161W,YPL106C,1,3.1720371,0.2535938024520874,0.6859421730041504,0.20256076753139496
YDL036C,YCL004W,0,3.1710753,0.253500372171402,0.6859421730041504,0.20266079902648926
YFR013W,YHR058C,0,3.1703587,0.25340700149536133,0.6859421730041504,0.20276083052158356
YFR001W,YDR260C,0,3.1694603,0.25331369042396545,0.6859421730041504,0.20286086201667786
YKL210W,YPL050C,0,3.1693976,0.25322046875953674,0.6859421730041504,0.20296089351177216
YPR189W,YDR423C,0,3.1692836,0.2531273066997528,0.6859421730041504,0.20306092500686646
YPL119C,YPR137W,0,3.1686876,0.25303420424461365,0.6859421730041504,0.20316094160079956
YLR113W,YJL191W,0,3.1677778,0.25294119119644165,0.6859421730041504,0.20326097309589386
YHR069C,YOR187W,0,3.1659431,0.25284820795059204,0.6859421730041504,0.20336100459098816
YGR285C,YHR119W,0,3.1657147,0.2527553141117096,0.6859421730041504,0.20346103608608246
YDR460W,YKL082C,0,3.1645665,0.2526625096797943,0.6859421730041504,0.20356106758117676
YCL018W,YBR129C,0,3.1631799,0.2525697648525238,0.6859421730041504,0.20366109907627106
YNL258C,YER115C,0,3.1630688,0.2524770498275757,0.6859421730041504,0.20376113057136536
YIR038C,YER090W,0,3.1621113,0.2523844540119171,0.6859421730041504,0.20386116206645966
YKL180W,YKR028W,0,3.1608043,0.25229188799858093,0.6859421730041504,0.20396119356155396
YGL148W,YLR213C,0,3.1602933,0.2521994113922119,0.6859421730041504,0.20406122505664825
YMR203W,YMR270C,0,3.1599488,0.25210699439048767,0.6859421730041504,0.20416124165058136
YHR179W,YMR033W,0,3.1574566,0.2520146667957306,0.6859421730041504,0.20426127314567566
YNL064C,YJL073W,1,3.1568801,0.2522885501384735,0.6869391798973083,0.20426127314567566
YBR195C,YHR079C,0,3.154859,0.25219619274139404,0.6869391798973083,0.20436130464076996
YNL135C,YEL003W,1,3.15377,0.2524698078632355,0.6879361867904663,0.20436130464076996
YEL012W,YHR132C,0,3.1528468,0.2523774802684784,0.6879361867904663,0.20446133613586426
YPL011C,YML132W,0,3.1522913,0.2522851824760437,0.6879361867904663,0.20456136763095856
YHR056C,YPL104W,0,3.1474068,0.25219297409057617,0.6879361867904663,0.20466139912605286
YOL165C,YGL174W,0,3.14685,0.2521008551120758,0.6879361867904663,0.20476143062114716
YIL088C,YBR187W,0,3.145842,0.2520087659358978,0.6879361867904663,0.20486146211624146
YEL030W,YBR101C,1,3.1457908,0.2522818446159363,0.6889331936836243,0.20486146211624146
YCL003W,YKL124W,0,3.143971,0.2521897852420807,0.6889331936836243,0.20496149361133575
YHR060W,YOL102C,0,3.1437714,0.2520977854728699,0.6889331936836243,0.20506152510643005
YMR038C,YDL078C,0,3.143047,0.25200584530830383,0.6889331936836243,0.20516154170036316
YDL142C,YNL231C,0,3.1391797,0.25191396474838257,0.6889331936836243,0.20526157319545746
YJR127C,YHR058C,0,3.1385326,0.2518221437931061,0.6889331936836243,0.20536160469055176
YER017C,YLR316C,0,3.1380405,0.25173041224479675,0.6889331936836243,0.20546163618564606
YBR183W,YGL169W,0,3.1360488,0.2516387403011322,0.6889331936836243,0.20556166768074036
YOL101C,YER104W,0,3.135244,0.2515471279621124,0.6889331936836243,0.20566169917583466
YOR279C,YDR062W,0,3.1345675,0.2514556050300598,0.6889331936836243,0.20576173067092896
YJR119C,YPR159W,0,3.1326423,0.251364141702652,0.6889331936836243,0.20586176216602325
YER050C,YOR237W,0,3.1318421,0.2512727379798889,0.6889331936836243,0.20596179366111755
YDR245W,YER115C,0,3.1299243,0.25118139386177063,0.6889331936836243,0.20606182515621185
YFL038C,YPR043W,0,3.1296203,0.2510901093482971,0.6889331936836243,0.20616184175014496
YPL083C,YEL040W,0,3.1287355,0.25099891424179077,0.6889331936836243,0.20626187324523926
YPL241C,YEL003W,1,3.128198,0.2512708902359009,0.6899302005767822,0.20626187324523926
YML058W-A,YAL024C,0,3.1250515,0.25117966532707214,0.6899302005767822,0.20636190474033356
YEL022W,YML097C,0,3.1236148,0.25108852982521057,0.6899302005767822,0.20646193623542786
YMR161W,YDL212W,1,3.1224182,0.2513601779937744,0.6909272074699402,0.20646193623542786
YPR072W,YIL135C,0,3.121984,0.25126904249191284,0.6909272074699402,0.20656196773052216
YDL029W,YDR492W,0,3.1191263,0.25117796659469604,0.6909272074699402,0.20666199922561646
YBR223C,YEL022W,0,3.1190948,0.251086950302124,0.6909272074699402,0.20676203072071075
YAL040C,YPR163C,0,3.118938,0.25099602341651917,0.6909272074699402,0.20686206221580505
YML071C,YOL052C,0,3.116102,0.2509051263332367,0.6909272074699402,0.20696209371089935
YMR315W,YOL108C,0,3.1157303,0.2508143186569214,0.6909272074699402,0.20706212520599365
YPR072W,YLL034C,0,3.1152265,0.25072360038757324,0.6909272074699402,0.20716214179992676
YGL170C,YPR137W,0,3.1137881,0.2506329119205475,0.6909272074699402,0.20726217329502106
YLR389C,YCL034W,0,3.1126294,0.2505423128604889,0.6909272074699402,0.20736220479011536
YHR168W,YGR027C,0,3.1097808,0.2504517436027527,0.6909272074699402,0.20746223628520966
YMR169C,YGR077C,0,3.1073265,0.25036126375198364,0.6909272074699402,0.20756226778030396
YKL093W,YOR074C,0,3.1059031,0.2502708435058594,0.6909272074699402,0.20766229927539825
YPR135W,YGR034W,0,3.1054602,0.25018051266670227,0.6909272074699402,0.20776233077049255
YOR301W,YIR025W,0,3.1025617,0.25009021162986755,0.6909272074699402,0.20786236226558685
YMR182C,YLR160C,0,3.102356,0.25,0.6909272074699402,0.20796239376068115
YDR072C,YDL022W,0,3.1009843,0.24990984797477722,0.6909272074699402,0.20806242525577545
YNL102W,YBR182C,0,3.1001883,0.24981975555419922,0.6909272074699402,0.20816244184970856
YNL208W,YIR032C,0,3.099286,0.249729722738266,0.6909272074699402,0.20826247334480286
YDR530C,YDR498C,0,3.0988026,0.24963976442813873,0.6909272074699402,0.20836250483989716
YFL023W,YNL281W,1,3.0987563,0.24990998208522797,0.6919242143630981,0.20836250483989716
YDL142C,YOL112W,0,3.0979054,0.24982000887393951,0.6919242143630981,0.20846253633499146
YER090W,YGL163C,0,3.0974126,0.24973012506961823,0.6919242143630981,0.20856256783008575
YPR072W,YGR276C,0,3.097085,0.24964028596878052,0.6919242143630981,0.20866259932518005
YLR300W,YBR257W,0,3.0945206,0.24955052137374878,0.6919242143630981,0.20876263082027435
YBR187W,YPL188W,0,3.0936644,0.24946081638336182,0.6919242143630981,0.20886266231536865
YDR512C,YNR021W,0,3.0923543,0.24937118589878082,0.6919242143630981,0.20896269381046295
YFR031C,YGL103W,0,3.0916219,0.2492816150188446,0.6919242143630981,0.20906272530555725
YNL231C,YBL076C,0,3.0895653,0.24919210374355316,0.6919242143630981,0.20916274189949036
YJR082C,YGL062W,0,3.0893822,0.2491026520729065,0.6919242143630981,0.20926277339458466
YOR212W,YHL027W,0,3.0889301,0.2490132749080658,0.6919242143630981,0.20936280488967896
YGL174W,YDR404C,0,3.0885181,0.24892395734786987,0.6919242143630981,0.20946283638477325
YDR188W,YFR041C,1,3.085479,0.24919326603412628,0.6929212212562561,0.20946283638477325
YKL007W,YOR187W,0,3.084834,0.24910394847393036,0.6929212212562561,0.20956286787986755
YCR014C,YJL130C,0,3.084722,0.2490146905183792,0.6929212212562561,0.20966289937496185
YOR074C,YDL097C,0,3.0841565,0.24892550706863403,0.6929212212562561,0.20976293087005615
YGL128C,YER048C,1,3.0806093,0.2491944134235382,0.6939182281494141,0.20976293087005615
YBL068W,YMR304W,0,3.0806017,0.24910522997379303,0.6939182281494141,0.20986296236515045
YMR193W,YOR340C,0,3.080523,0.24901610612869263,0.6939182281494141,0.20996299386024475
YOL142W,YBL058W,0,3.0800316,0.248927041888237,0.6939182281494141,0.21006302535533905
YLR200W,YNL148C,1,3.0792089,0.24919556081295013,0.694915235042572,0.21006302535533905
YNL314W,YDR461W,0,3.0781815,0.2491065114736557,0.694915235042572,0.21016304194927216
YJL134W,YGR246C,0,3.0765893,0.24901750683784485,0.694915235042572,0.21026307344436646
YHR057C,YBR061C,0,3.0760784,0.24892857670783997,0.694915235042572,0.21036310493946075
YBR182C,YEL062W,0,3.0760255,0.24883970618247986,0.694915235042572,0.21046313643455505
YJL192C,YHR057C,0,3.073457,0.24875089526176453,0.694915235042572,0.21056316792964935
YKR071C,YOR232W,0,3.0729191,0.24866214394569397,0.694915235042572,0.21066319942474365
YOR212W,YDR476C,0,3.0725923,0.24857346713542938,0.694915235042572,0.21076323091983795
YKL007W,YNL259C,0,3.0705032,0.24848484992980957,0.694915235042572,0.21086326241493225
YPL127C,YHR079C,0,3.0695658,0.24839629232883453,0.694915235042572,0.21096329391002655
YIL139C,YOR261C,0,3.067827,0.24830780923366547,0.694915235042572,0.21106332540512085
YBR183W,YGR225W,0,3.0673764,0.24821937084197998,0.694915235042572,0.21116334199905396
YGL180W,YKR026C,0,3.066804,0.24813100695610046,0.694915235042572,0.21126337349414825
YJL155C,YBR037C,0,3.0656981,0.24804270267486572,0.694915235042572,0.21136340498924255
YGR052W,YLR386W,0,3.0656755,0.24795445799827576,0.694915235042572,0.21146343648433685
YNL281W,YBR101C,1,3.0649767,0.24822190403938293,0.69591224193573,0.21146343648433685
YNL223W,YLR353W,0,3.0624866,0.24813365936279297,0.69591224193573,0.21156346797943115
YMR168C,YJL191W,0,3.0623195,0.24804548919200897,0.69591224193573,0.21166349947452545
YGR282C,YGR238C,0,3.0617008,0.24795737862586975,0.69591224193573,0.21176353096961975
YMR123W,YGL122C,0,3.060667,0.2478693127632141,0.69591224193573,0.21186356246471405
YER151C,YGL236C,0,3.0600088,0.24778132140636444,0.69591224193573,0.21196359395980835
YMR008C,YHL027W,0,3.05977,0.24769340455532074,0.69591224193573,0.21206362545490265
YPL180W,YNR017W,0,3.059475,0.24760553240776062,0.69591224193573,0.21216364204883575
YOR324C,YMR143W,0,3.0575829,0.24751773476600647,0.69591224193573,0.21226367354393005
YLR404W,YGL014W,0,3.0545354,0.2474299967288971,0.69591224193573,0.21236370503902435
YNL153C,YLR325C,0,3.052818,0.2473423033952713,0.69591224193573,0.21246373653411865
YDR304C,YMR296C,0,3.051674,0.24725469946861267,0.69591224193573,0.21256376802921295
YKL161C,YGR143W,0,3.050483,0.24716714024543762,0.69591224193573,0.21266379952430725
YNL160W,YOR279C,0,3.0499935,0.24707964062690735,0.69591224193573,0.21276383101940155
YOR145C,YLL045C,0,3.046535,0.24699221551418304,0.69591224193573,0.21286386251449585
YBR276C,YLR325C,0,3.0463276,0.24690485000610352,0.69591224193573,0.21296389400959015
YMR182C,YOR145C,0,3.0458643,0.24681754410266876,0.69591224193573,0.21306392550468445
YHR005C-A,YOR098C,0,3.0456128,0.24673029780387878,0.69591224193573,0.21316394209861755
YOR142W,YIL035C,0,3.0454972,0.24664311110973358,0.69591224193573,0.21326397359371185
YPL110C,YLR033W,0,3.0444837,0.24655598402023315,0.69591224193573,0.21336400508880615
YOL165C,YER168C,0,3.043575,0.2464689314365387,0.69591224193573,0.21346403658390045
YDR423C,YHR057C,0,3.0429513,0.24638192355632782,0.69591224193573,0.21356406807899475
YML074C,YFR041C,1,3.0408244,0.24664784967899323,0.6969092488288879,0.21356406807899475
YPL094C,YLR213C,0,3.0406961,0.24656084179878235,0.6969092488288879,0.21366409957408905
YBR020W,YDR211W,0,3.0399144,0.24647390842437744,0.6969092488288879,0.21376413106918335
YLR353W,YLR028C,0,3.0395918,0.2463870346546173,0.6969092488288879,0.21386416256427765
YML073C,YER052C,0,3.0395827,0.24630020558834076,0.6969092488288879,0.21396419405937195
YMR180C,YOR008C,0,3.0373886,0.24621345102787018,0.6969092488288879,0.21406422555446625
YEL012W,YIL135C,0,3.03589,0.24612675607204437,0.6969092488288879,0.21416424214839935
YGL226C-A,YLR350W,0,3.0346482,0.24604012072086334,0.6969092488288879,0.21426427364349365
YGR052W,YPL180W,0,3.0346336,0.24595355987548828,0.6969092488288879,0.21436430513858795
YOR279C,YLR209C,0,3.0337076,0.2458670437335968,0.6969092488288879,0.21446433663368225
YML006C,YNL006W,0,3.0330725,0.2457805871963501,0.6969092488288879,0.21456436812877655
YOL158C,YMR090W,0,3.031237,0.24569420516490936,0.6969092488288879,0.21466439962387085
YGL244W,YMR099C,0,3.0286427,0.2456078678369522,0.6969092488288879,0.21476443111896515
YGR034W,YHR057C,0,3.0278358,0.24552160501480103,0.6969092488288879,0.21486446261405945
YDR281C,YOR311C,0,3.0253758,0.24543538689613342,0.6969092488288879,0.21496449410915375
YGR255C,YHR168W,0,3.0251226,0.2453492432832718,0.6969092488288879,0.21506452560424805
YDR138W,YOL040C,0,3.0251129,0.24526315927505493,0.6969092488288879,0.21516454219818115
YGR282C,YJL172W,0,3.0249302,0.24517713487148285,0.6969092488288879,0.21526457369327545
YHR211W,YNL175C,0,3.0246642,0.24509117007255554,0.6969092488288879,0.21536460518836975
YNL310C,YML048W,1,3.0242305,0.2453557699918747,0.6979062557220459,0.21536460518836975
YCL018W,YDR285W,0,3.024088,0.2452697902917862,0.6979062557220459,0.21546463668346405
YMR272C,YDR332W,0,3.0235019,0.24518388509750366,0.6979062557220459,0.21556466817855835
YNL297C,YGL030W,0,3.0234637,0.2450980395078659,0.6979062557220459,0.21566469967365265
YDR454C,YDL054C,0,3.0216024,0.24501225352287292,0.6979062557220459,0.21576473116874695
YPR162C,YPL087W,0,3.0212908,0.24492652714252472,0.6979062557220459,0.21586476266384125
YPL064C,YAL005C,1,3.0179276,0.24519062042236328,0.6989032626152039,0.21586476266384125
YDR519W,YJL073W,1,3.0172503,0.2454545497894287,0.6999002695083618,0.21586476266384125
YPL127C,YKL205W,0,3.0170503,0.24536874890327454,0.6999002695083618,0.21596479415893555
YMR227C,YLR350W,0,3.0122128,0.24528302252292633,0.6999002695083618,0.21606482565402985
YGR264C,YGR177C,0,3.0105786,0.2451973408460617,0.6999002695083618,0.21616484224796295
YJR032W,YLR449W,1,3.0098448,0.2454608976840973,0.7008973360061646,0.21616484224796295
YDR405W,YOR311C,0,3.009458,0.24537521600723267,0.7008973360061646,0.21626487374305725
YLR206W,YDR159W,0,3.0084376,0.245289608836174,0.7008973360061646,0.21636490523815155
YEL052W,YHR060W,0,3.0075026,0.24520404636859894,0.7008973360061646,0.21646493673324585
YOR212W,YPL002C,0,3.0064316,0.24511854350566864,0.7008973360061646,0.21656496822834015
YGR144W,YDR170C,0,3.0048037,0.2450331151485443,0.7008973360061646,0.21666499972343445
YNL079C,YBR276C,0,3.004249,0.24494773149490356,0.7008973360061646,0.21676503121852875
YHR029C,YCL052C,0,3.0038438,0.2448624223470688,0.7008973360061646,0.21686506271362305
YKL085W,YOL108C,0,3.003079,0.2447771579027176,0.7008973360061646,0.21696509420871735
YBR150C,YER145C,0,3.0027719,0.24469195306301117,0.7008973360061646,0.21706512570381165
YHR119W,YGL148W,0,3.001586,0.24460682272911072,0.7008973360061646,0.21716514229774475
YCL057W,YLL055W,0,2.9995127,0.24452173709869385,0.7008973360061646,0.21726517379283905
YJR032W,YJL008C,1,2.9990914,0.2447844296693802,0.7018943428993225,0.21726517379283905
YGL019W,YGR027C,0,2.998766,0.24469934403896332,0.7018943428993225,0.21736520528793335
YFL038C,YIL135C,0,2.9978774,0.24461431801319122,0.7018943428993225,0.21746523678302765
YDL111C,YNL175C,0,2.9975839,0.2445293515920639,0.7018943428993225,0.21756526827812195
YGR010W,YGR175C,0,2.9974985,0.24444444477558136,0.7018943428993225,0.21766529977321625
YMR180C,YKL053C-A,0,2.9943333,0.2443595975637436,0.7018943428993225,0.21776533126831055
YBR177C,YNL192W,0,2.9941862,0.2442748099565506,0.7018943428993225,0.21786536276340485
YAL033W,YIL095W,0,2.9934442,0.24419008195400238,0.7018943428993225,0.21796539425849915
YJL004C,YDL040C,0,2.9932265,0.24410541355609894,0.7018943428993225,0.21806542575359344
YJR127C,YPR111W,0,2.9916253,0.24402078986167908,0.7018943428993225,0.21816544234752655
YPL037C,YDL212W,1,2.9913912,0.24428273737430573,0.7028913497924805,0.21816544234752655
YGL026C,YBL079W,0,2.9907594,0.24419812858104706,0.7028913497924805,0.21826547384262085
YHR164C,YOR138C,0,2.9888706,0.24411357939243317,0.7028913497924805,0.21836550533771515
YLR043C,YKL074C,0,2.988574,0.24402907490730286,0.7028913497924805,0.21846553683280945
YJR083C,YMR308C,0,2.9881263,0.24394463002681732,0.7028913497924805,0.21856556832790375
YBL092W,YCR012W,0,2.9878798,0.24386025965213776,0.7028913497924805,0.21866559982299805
YLR395C,YNL230C,0,2.985002,0.24377593398094177,0.7028913497924805,0.21876563131809235
YOR138C,YML036W,0,2.9841957,0.24369166791439056,0.7028913497924805,0.21886566281318665
YGR282C,YGR032W,0,2.9825358,0.24360746145248413,0.7028913497924805,0.21896569430828094
YCR060W,YOR232W,1,2.9816537,0.24386873841285706,0.7038883566856384,0.21896569430828094
YML099C,YNL208W,0,2.980902,0.24378453195095062,0.7038883566856384,0.21906572580337524
YOL142W,YLR312W-A,0,2.9799738,0.24370038509368896,0.7038883566856384,0.21916574239730835
YGL026C,YMR300C,0,2.9742014,0.2436162829399109,0.7038883566856384,0.21926577389240265
YOL102C,YDR173C,0,2.9738107,0.24353225529193878,0.7038883566856384,0.21936580538749695
YER098W,YDR423C,0,2.9714684,0.24344827234745026,0.7038883566856384,0.21946583688259125
YJR032W,YJL073W,1,2.969614,0.24370907247066498,0.7048853635787964,0.21946583688259125
YGL068W,YDR429C,0,2.9666772,0.24362508952617645,0.7048853635787964,0.21956586837768555
YMR182C,YBL092W,0,2.9652278,0.2435411661863327,0.7048853635787964,0.21966589987277985
YJL014W,YOR232W,1,2.9650683,0.24380165338516235,0.7058823704719543,0.21966589987277985
YFL048C,YKL001C,0,2.964148,0.2437177300453186,0.7058823704719543,0.21976593136787415
YAL033W,YOR310C,0,2.9631734,0.24363386631011963,0.7058823704719543,0.21986596286296844
YHR156C,YMR229C,0,2.960566,0.24355004727840424,0.7058823704719543,0.21996599435806274
YOR020C,YOL088C,1,2.9599648,0.24381017684936523,0.7068793773651123,0.21996599435806274
YMR112C,YNR067C,0,2.9599206,0.24372637271881104,0.7068793773651123,0.22006602585315704
YOR142W,YOR226C,0,2.9595022,0.24364261329174042,0.7068793773651123,0.22016604244709015
YPL094C,YEL070W,0,2.9594915,0.24355891346931458,0.7068793773651123,0.22026607394218445
YPL151C,YKL174C,0,2.9594183,0.2434752732515335,0.7068793773651123,0.22036610543727875
YLL012W,YMR246W,0,2.9589396,0.24339169263839722,0.7068793773651123,0.22046613693237305
YMR146C,YMR077C,0,2.9580412,0.2433081716299057,0.7068793773651123,0.22056616842746735
YEL062W,YHR057C,0,2.9557,0.24322469532489777,0.7068793773651123,0.22066619992256165
YFL001W,YBR141C,0,2.9555619,0.2431412935256958,0.7068793773651123,0.22076623141765594
YHR030C,YKL003C,0,2.9549723,0.24305793642997742,0.7068793773651123,0.22086626291275024
YOL086C,YBR173C,0,2.9520893,0.2429746389389038,0.7068793773651123,0.22096629440784454
YBR118W,YMR269W,0,2.9517221,0.24289140105247498,0.7068793773651123,0.22106632590293884
YOL088C,YJR032W,1,2.9498434,0.24315068125724792,0.7078763842582703,0.22106632590293884
YMR238W,YMR308C,0,2.9494138,0.2430674433708191,0.7078763842582703,0.22116634249687195
YMR193W,YER145C,0,2.9478335,0.24298425018787384,0.7078763842582703,0.22126637399196625
YLL051C,YOL082W,0,2.94758,0.24290113151073456,0.7078763842582703,0.22136640548706055
YLR425W,YGR175C,0,2.9474063,0.24281805753707886,0.7078763842582703,0.22146643698215485
YPR026W,YGR077C,0,2.9447556,0.24273504316806793,0.7078763842582703,0.22156646847724915
YMR093W,YNL121C,0,2.944494,0.24265208840370178,0.7078763842582703,0.22166649997234344
YML097C,YDR353W,0,2.9444594,0.2425691783428192,0.7078763842582703,0.22176653146743774
YAR027W,YDR392W,0,2.9440572,0.24248634278774261,0.7078763842582703,0.22186656296253204
YGL018C,YPL241C,1,2.943728,0.24274496734142303,0.7088733911514282,0.22186656296253204
YJR070C,YMR087W,0,2.9417481,0.24266211688518524,0.7088733911514282,0.22196659445762634
YMR087W,YIR039C,0,2.940745,0.24257932603359222,0.7088733911514282,0.22206662595272064
YLL003W,YDL024C,0,2.939825,0.24249659478664398,0.7088733911514282,0.22216664254665375
YPR137W,YDL045C,0,2.9383655,0.24241390824317932,0.7088733911514282,0.22226667404174805
YPL119C,YNL335W,0,2.935838,0.24233128130435944,0.7088733911514282,0.22236670553684235
YJL134W,YER019C-A,0,2.934666,0.24224872887134552,0.7088733911514282,0.22246673703193665
YKL210W,YPL196W,0,2.9280038,0.242166206240654,0.7088733911514282,0.22256676852703094
YJR070C,YGL060W,0,2.9253898,0.24208375811576843,0.7088733911514282,0.22266680002212524
YPL200W,YLR028C,0,2.9253764,0.24200135469436646,0.7088733911514282,0.22276683151721954
YNL219C,YMR143W,0,2.9236445,0.24191902577877045,0.7088733911514282,0.22286686301231384
YGL158W,YOR327C,0,2.9233823,0.24183674156665802,0.7088733911514282,0.22296689450740814
YGL018C,YGL128C,1,2.9218745,0.24209453165531158,0.7098703980445862,0.22296689450740814
YNL178W,YHR058C,0,2.9218426,0.24201223254203796,0.7098703980445862,0.22306692600250244
YKL170W,YLR107W,0,2.9215133,0.2419300079345703,0.7098703980445862,0.22316695749759674
YML058W-A,YJR021C,0,2.920916,0.24184782803058624,0.7098703980445862,0.22326697409152985
YDR411C,YGL060W,0,2.920301,0.24176570773124695,0.7098703980445862,0.22336700558662415
YOR388C,YDR233C,0,2.9188442,0.24168363213539124,0.7098703980445862,0.22346703708171844
YAL022C,YLR129W,0,2.9182484,0.2416016310453415,0.7098703980445862,0.22356706857681274
YGL112C,YNL274C,0,2.9178627,0.24151967465877533,0.7098703980445862,0.22366710007190704
YOR349W,YJL008C,1,2.9178247,0.24177686870098114,0.7108674049377441,0.22366710007190704
YIR032C,YDR404C,0,2.9167824,0.24169491231441498,0.7108674049377441,0.22376713156700134
YGL237C,YER165W,0,2.9155798,0.2416130155324936,0.7108674049377441,0.22386716306209564
YNL008C,YMR240C,0,2.9151669,0.2415311634540558,0.7108674049377441,0.22396719455718994
YPL188W,YFL023W,0,2.914647,0.24144937098026276,0.7108674049377441,0.22406722605228424
YIL061C,YDR146C,0,2.9137635,0.2413676381111145,0.7108674049377441,0.22416725754737854
YMR182C,YPR043W,0,2.9113688,0.24128594994544983,0.7108674049377441,0.22426727414131165
YEL012W,YER002W,0,2.9113367,0.24120433628559113,0.7108674049377441,0.22436730563640594
YAR002C-A,YOR353C,0,2.9097576,0.2411227524280548,0.7108674049377441,0.22446733713150024
YPL213W,YJL149W,0,2.9093523,0.24104124307632446,0.7108674049377441,0.22456736862659454
YJR046W,YPL221W,1,2.9072645,0.24129773676395416,0.7118644118309021,0.22456736862659454
YBR002C,YNL117W,0,2.9060469,0.24121621251106262,0.7118644118309021,0.22466740012168884
YJR151C,YER101C,0,2.905785,0.24113474786281586,0.7118644118309021,0.22476743161678314
YGL148W,YER190W,0,2.9052742,0.24105334281921387,0.7118644118309021,0.22486746311187744
YNL283C,YBR010W,0,2.9052172,0.24097198247909546,0.7118644118309021,0.22496749460697174
YMR078C,YBR257W,0,2.904147,0.24089068174362183,0.7118644118309021,0.22506752610206604
YPR060C,YGR134W,0,2.9025197,0.24080944061279297,0.7118644118309021,0.22516755759716034
YPR035W,YER168C,0,2.9019275,0.2407282590866089,0.7118644118309021,0.22526757419109344
YNL309W,YPL093W,0,2.9013028,0.2406471222639084,0.7118644118309021,0.22536760568618774
YFR031C,YBR026C,0,2.8970609,0.24056604504585266,0.7118644118309021,0.22546763718128204
YJL008C,YNL153C,1,2.8965592,0.24082182347774506,0.7128614187240601,0.22546763718128204
YDR174W,YLR025W,0,2.8941736,0.24074074625968933,0.7128614187240601,0.22556766867637634
YNL335W,YLR042C,0,2.893859,0.2406597137451172,0.7128614187240601,0.22566770017147064
YLR047C,YCR012W,0,2.8933716,0.24057874083518982,0.7128614187240601,0.22576773166656494
YIL108W,YIL094C,0,2.8932648,0.24049781262874603,0.7128614187240601,0.22586776316165924
YBR006W,YOR317W,0,2.89108,0.24041694402694702,0.7128614187240601,0.22596779465675354
YKL117W,YDR519W,1,2.8907661,0.2406722754240036,0.713858425617218,0.22596779465675354
YFL045C,YPL027W,0,2.8896694,0.2405913919210434,0.713858425617218,0.22606782615184784
YAR002C-A,YER046W,0,2.8888412,0.24051058292388916,0.713858425617218,0.22616785764694214
YML073C,YJL191W,0,2.8886232,0.2404298186302185,0.713858425617218,0.22626787424087524
YER101C,YNL010W,0,2.8867414,0.24034911394119263,0.713858425617218,0.22636790573596954
YBR150C,YIL047C,0,2.8866413,0.24026845395565033,0.713858425617218,0.22646793723106384
YNL006W,YKL117W,1,2.8866282,0.2405233085155487,0.714855432510376,0.22646793723106384
YJR127C,YDL054C,0,2.8860865,0.2404426485300064,0.714855432510376,0.22656796872615814
YHR029C,YGL203C,0,2.885879,0.2403620481491089,0.714855432510376,0.22666800022125244
YMR020W,YMR033W,0,2.8858185,0.24028150737285614,0.714855432510376,0.22676803171634674
YDR411C,YER162C,0,2.8840528,0.24020101130008698,0.714855432510376,0.22686806321144104
YLL004W,YLL040C,0,2.8834186,0.2401205599308014,0.714855432510376,0.22696809470653534
YIL002C,YKL165C,0,2.8825636,0.24004016816616058,0.714855432510376,0.22706812620162964
YJR032W,YMR161W,1,2.8807836,0.24029451608657837,0.7158524394035339,0.22706812620162964
YNL309W,YPL274W,0,2.8791542,0.24021412432193756,0.7158524394035339,0.22716815769672394
YIL079C,YIL048W,0,2.878434,0.24013377726078033,0.7158524394035339,0.22726817429065704
YKL217W,YDR423C,0,2.8782992,0.24005348980426788,0.7158524394035339,0.22736820578575134
YMR161W,YCL043C,1,2.878011,0.24030748009681702,0.7168494462966919,0.22736820578575134
YDR212W,YDL143W,1,2.8726296,0.24056130647659302,0.7178464531898499,0.22736820578575134
YDR414C,YNL026W,0,2.8717947,0.2404809594154358,0.7178464531898499,0.22746823728084564
YNL117W,YJL140W,0,2.870833,0.24040067195892334,0.7178464531898499,0.22756826877593994
YKL074C,YDL047W,0,2.8695068,0.24032042920589447,0.7178464531898499,0.22766830027103424
YEL031W,YPL252C,0,2.8687677,0.24024024605751038,0.7178464531898499,0.22776833176612854
YHR005C-A,YKL172W,0,2.8674295,0.24016010761260986,0.7178464531898499,0.22786836326122284
YHR061C,YLR164W,0,2.8664844,0.24008002877235413,0.7178464531898499,0.22796839475631714
YOL010W,YBL076C,0,2.8655117,0.23999999463558197,0.7178464531898499,0.22806842625141144
YJL117W,YNL135C,1,2.8653255,0.2402532547712326,0.7188434600830078,0.22806842625141144
YOR209C,YMR193W,0,2.863113,0.24017322063446045,0.7188434600830078,0.22816845774650574
YGL014W,YBR037C,0,2.8620095,0.24009324610233307,0.7188434600830078,0.22826847434043884
YDR454C,YGL190C,0,2.8616126,0.24001331627368927,0.7188434600830078,0.22836850583553314
YLR228C,YBR155W,0,2.8612192,0.23993344604969025,0.7188434600830078,0.22846853733062744
YIL088C,YDR404C,0,2.8611038,0.2398536205291748,0.7188434600830078,0.22856856882572174
YJL191W,YOR187W,0,2.8596535,0.23977385461330414,0.7188434600830078,0.22866860032081604
YNL006W,YGR132C,1,2.8596292,0.240026593208313,0.7198404669761658,0.22866860032081604
YLR380W,YLR316C,0,2.8583145,0.23994682729244232,0.7198404669761658,0.22876863181591034
YLR329W,YLR309C,0,2.8582082,0.23986710608005524,0.7198404669761658,0.22886866331100464
YPL134C,YPL183W-A,0,2.8574543,0.23978744447231293,0.7198404669761658,0.22896869480609894
YLL055W,YNL262W,0,2.856511,0.2397078424692154,0.7198404669761658,0.22906872630119324
YIL170W,YNL175C,0,2.8555355,0.23962827026844025,0.7198404669761658,0.22916875779628754
YBR059C,YOR226C,0,2.8550568,0.23954877257347107,0.7198404669761658,0.22926877439022064
YLR447C,YKR002W,0,2.8529663,0.23946931958198547,0.7198404669761658,0.22936880588531494
YPL042C,YPL147W,0,2.8525956,0.23938992619514465,0.7198404669761658,0.22946883738040924
YOL045W,YPR163C,0,2.8520823,0.23931057751178741,0.7198404669761658,0.22956886887550354
YGR177C,YMR176W,0,2.851942,0.23923127353191376,0.7198404669761658,0.22966890037059784
YNL153C,YER022W,0,2.851634,0.23915204405784607,0.7198404669761658,0.22976893186569214
YPL131W,YEL053C,0,2.8512096,0.23907284438610077,0.7198404669761658,0.22986896336078644
YOR283W,YOR327C,0,2.8504856,0.23899370431900024,0.7198404669761658,0.22996899485588074
YGL004C,YJL082W,0,2.8502605,0.2389146238565445,0.7198404669761658,0.23006902635097504
YNL209W,YOR232W,1,2.8500118,0.23916639387607574,0.7208374738693237,0.23006902635097504
YJR006W,YGL236C,0,2.849966,0.2390872985124588,0.7208374738693237,0.23016905784606934
YMR160W,YKL001C,0,2.8486862,0.23900826275348663,0.7208374738693237,0.23026907444000244
YCR093W,YCL034W,0,2.8477917,0.23892928659915924,0.7208374738693237,0.23036910593509674
YGL026C,YBL092W,0,2.846766,0.23885034024715424,0.7208374738693237,0.23046913743019104
YPR182W,YDR211W,0,2.8459673,0.2387714684009552,0.7208374738693237,0.23056916892528534
YGL200C,YPL027W,0,2.8452072,0.23869264125823975,0.7208374738693237,0.23066920042037964
YPL163C,YKL074C,0,2.8443553,0.23861385881900787,0.7208374738693237,0.23076923191547394
YNL307C,YMR246W,0,2.8434427,0.23853513598442078,0.7208374738693237,0.23086926341056824
YJR032W,YGR078C,1,2.8428264,0.23878628015518188,0.7218344807624817,0.23086926341056824
YIR025W,YNL026W,0,2.8420167,0.2387075573205948,0.7218344807624817,0.23096929490566254
YGR078C,YHR057C,1,2.840072,0.238958477973938,0.7228314876556396,0.23096929490566254
YPL078C,YKL189W,0,2.8395786,0.2388797402381897,0.7228314876556396,0.23106932640075684
YJR151C,YKL082C,0,2.8388026,0.238801047205925,0.7228314876556396,0.23116935789585114
YNL032W,YBR243C,0,2.8382108,0.23872242867946625,0.7228314876556396,0.23126937448978424
YIR018W,YER145C,0,2.837219,0.2386438399553299,0.7228314876556396,0.23136940598487854
YGR255C,YML109W,0,2.8355765,0.23856531083583832,0.7228314876556396,0.23146943747997284
YAL017W,YCR002C,0,2.8341732,0.23848684132099152,0.7228314876556396,0.23156946897506714
YOR074C,YNL084C,0,2.8322144,0.2384084165096283,0.7228314876556396,0.23166950047016144
YGR020C,YFL045C,0,2.8319612,0.23833005130290985,0.7228314876556396,0.23176953196525574
YNL310C,YDL212W,1,2.8307996,0.2385803461074829,0.7238284945487976,0.23176953196525574
YLL004W,YGR105W,0,2.829525,0.23850196599960327,0.7238284945487976,0.23186956346035004
YER175C,YBL076C,0,2.8286371,0.2384236454963684,0.7238284945487976,0.23196959495544434
YPR002W,YLR309C,0,2.828246,0.23834536969661713,0.7238284945487976,0.23206962645053864
YAL063C,YMR061W,0,2.824761,0.23826715350151062,0.7238284945487976,0.23216965794563293
YNL310C,YAL053W,1,2.8225076,0.23851706087589264,0.7248255014419556,0.23216965794563293
YFR045W,YGR258C,0,2.821341,0.23843882977962494,0.7248255014419556,0.23226967453956604
YKL078W,YNL239W,0,2.8209498,0.23836065828800201,0.7248255014419556,0.23236970603466034
YJL214W,YGL233W,0,2.820429,0.23828253149986267,0.7248255014419556,0.23246973752975464
YNL135C,YIL016W,1,2.819551,0.23853211104869843,0.7258225083351135,0.23246973752975464
YOR327C,YPR043W,0,2.8183615,0.23845398426055908,0.7258225083351135,0.23256976902484894
YCL036W,YGR246C,0,2.81825,0.23837590217590332,0.7258225083351135,0.23266980051994324
YKL013C,YDR472W,0,2.815792,0.23829787969589233,0.7258225083351135,0.23276983201503754
YPR191W,YOL028C,0,2.815178,0.23821990191936493,0.7258225083351135,0.23286986351013184
YML071C,YBR170C,0,2.8143792,0.2381419688463211,0.7258225083351135,0.23296989500522614
YNL160W,YGR222W,0,2.813912,0.23806409537792206,0.7258225083351135,0.23306992650032043
YEL022W,YGL004C,0,2.812388,0.2379862666130066,0.7258225083351135,0.23316995799541473
YPR198W,YNR028W,0,2.8123393,0.2379084974527359,0.7258225083351135,0.23326997458934784
YML032C,YHR066W,0,2.8122997,0.2378307729959488,0.7258225083351135,0.23337000608444214
YPR187W,YML132W,0,2.8120337,0.23775310814380646,0.7258225083351135,0.23347003757953644
YGR052W,YLR103C,0,2.8117082,0.2376754879951477,0.7258225083351135,0.23357006907463074
YDL024C,YPL196W,0,2.8105717,0.23759791254997253,0.7258225083351135,0.23367010056972504
YBR294W,YBR042C,0,2.8081694,0.23752039670944214,0.7258225083351135,0.23377013206481934
YOR327C,YJL149W,0,2.808166,0.23744292557239532,0.7258225083351135,0.23387016355991364
YIL139C,YLR163C,0,2.8056908,0.2373654991388321,0.7258225083351135,0.23397019505500793
YOR071C,YPL110C,0,2.8052874,0.23728813230991364,0.7258225083351135,0.23407022655010223
YLR209C,YLR348C,0,2.8051736,0.23721082508563995,0.7258225083351135,0.23417025804519653
YMR267W,YNL290W,0,2.8045745,0.23713354766368866,0.7258225083351135,0.23427027463912964
YKR054C,YOR226C,0,2.8034835,0.23705632984638214,0.7258225083351135,0.23437030613422394
YDR296W,YBL076C,0,2.8024976,0.2369791716337204,0.7258225083351135,0.23447033762931824
YDL059C,YDL111C,0,2.801094,0.23690204322338104,0.7258225083351135,0.23457036912441254
YER125W,YJL178C,0,2.8003926,0.23682498931884766,0.7258225083351135,0.23467040061950684
YLR429W,YDL148C,0,2.7998652,0.23674796521663666,0.7258225083351135,0.23477043211460114
YHR156C,YER145C,0,2.799376,0.23667100071907043,0.7258225083351135,0.23487046360969543
YOL158C,YNL230C,0,2.7993026,0.2365940809249878,0.7258225083351135,0.23497049510478973
YPL259C,YPR159W,0,2.7974694,0.23651722073554993,0.7258225083351135,0.23507052659988403
YPL064C,YMR214W,1,2.7968233,0.23676517605781555,0.7268195152282715,0.23507052659988403
YGR282C,YOR275C,0,2.7963974,0.23668831586837769,0.7268195152282715,0.23517055809497833
YKR057W,YPL208W,0,2.792582,0.2366114854812622,0.7268195152282715,0.23527057468891144
YFR029W,YKL186C,0,2.790991,0.2365347146987915,0.7268195152282715,0.23537060618400574
YGR175C,YLR386W,0,2.7907326,0.23645798861980438,0.7268195152282715,0.23547063767910004
YGL237C,YBR010W,0,2.7903457,0.23638132214546204,0.7268195152282715,0.23557066917419434
YHR064C,YDR188W,1,2.7902641,0.23662884533405304,0.7278165221214294,0.23557066917419434
YDR082W,YPR002W,0,2.7888484,0.2365521639585495,0.7278165221214294,0.23567070066928864
YOR323C,YKL064W,0,2.7887592,0.23647554218769073,0.7278165221214294,0.23577073216438293
YMR173W,YEL041W,0,2.787568,0.23639896512031555,0.7278165221214294,0.23587076365947723
YLR105C,YLR129W,0,2.7874029,0.23632243275642395,0.7278165221214294,0.23597079515457153
YJL034W,YGL068W,0,2.7873707,0.23624595999717712,0.7278165221214294,0.23607082664966583
YDL111C,YJR101W,0,2.7865741,0.23616951704025269,0.7278165221214294,0.23617085814476013
YDR530C,YNL138W,0,2.785283,0.23609314858913422,0.7278165221214294,0.23627087473869324
YBR182C,YKR056W,0,2.7848337,0.23601680994033813,0.7278165221214294,0.23637090623378754
YNL223W,YOL028C,0,2.7844694,0.23594053089618683,0.7278165221214294,0.23647093772888184
YMR168C,YKR056W,0,2.7843702,0.2358642965555191,0.7278165221214294,0.23657096922397614
YBR052C,YHR156C,0,2.7842026,0.23578810691833496,0.7278165221214294,0.23667100071907043
YER150W,YCL024W,0,2.7841792,0.2357119768857956,0.7278165221214294,0.23677103221416473
YER013W,YJR101W,0,2.782367,0.2356358915567398,0.7278165221214294,0.23687106370925903
YGL237C,YJL130C,0,2.7820587,0.2355598509311676,0.7278165221214294,0.23697109520435333
YML049C,YLR325C,0,2.781252,0.23548386991024017,0.7278165221214294,0.23707112669944763
YLL041C,YLL033W,0,2.7810192,0.23540793359279633,0.7278165221214294,0.23717115819454193
YBR093C,YLL043W,0,2.7760687,0.23533204197883606,0.7278165221214294,0.23727117478847504
YDR310C,YMR186W,0,2.7757351,0.23525620996952057,0.7278165221214294,0.23737120628356934
YPR144C,YER115C,0,2.7754834,0.23518040776252747,0.7278165221214294,0.23747123777866364
YIL128W,YBR182C,0,2.7743425,0.23510466516017914,0.7278165221214294,0.23757126927375793
YGR020C,YBL092W,0,2.7735085,0.23502898216247559,0.7278165221214294,0.23767130076885223
YGL014W,YKR069W,0,2.772401,0.23495332896709442,0.7278165221214294,0.23777133226394653
YJL060W,YDR476C,0,2.7705576,0.23487773537635803,0.7278165221214294,0.23787136375904083
YLR107W,YJL095W,0,2.769383,0.23480218648910522,0.7278165221214294,0.23797139525413513
YOR071C,YIL128W,0,2.7693052,0.234726682305336,0.7278165221214294,0.23807142674922943
YGR255C,YPR160W,0,2.768774,0.23465123772621155,0.7278165221214294,0.23817145824432373
YDR196C,YGR258C,0,2.7683225,0.23457583785057068,0.7278165221214294,0.23827147483825684
YMR032W,YER017C,0,2.7681327,0.2345004826784134,0.7278165221214294,0.23837150633335114
YER168C,YER052C,0,2.7674613,0.23442517220973969,0.7278165221214294,0.23847153782844543
YML074C,YJR064W,1,2.7669852,0.234670951962471,0.7288135886192322,0.23847153782844543
YKL007W,YIL006W,0,2.7669592,0.2345956414937973,0.7288135886192322,0.23857156932353973
YBR183W,YBR182C,0,2.7664661,0.23452037572860718,0.7288135886192322,0.23867160081863403
YLR295C,YJL079C,0,2.7648315,0.23444515466690063,0.7288135886192322,0.23877163231372833
YDR392W,YML128C,0,2.7645152,0.23436999320983887,0.7288135886192322,0.23887166380882263
YJL166W,YPL163C,0,2.7641993,0.23429487645626068,0.7288135886192322,0.23897169530391693
YLR151C,YLR088W,0,2.7627795,0.23421980440616608,0.7288135886192322,0.23907172679901123
YMR049C,YHR056C,0,2.7617817,0.23414477705955505,0.7288135886192322,0.23917175829410553
YLR219W,YPL078C,0,2.7609084,0.2340698093175888,0.7288135886192322,0.23927177488803864
YFL048C,YFL013C,0,2.7604074,0.23399487137794495,0.7288135886192322,0.23937180638313293
YAL016W,YIL076W,0,2.7590833,0.23391999304294586,0.7288135886192322,0.23947183787822723
YDL171C,YKL001C,0,2.7583075,0.23384517431259155,0.7288135886192322,0.23957186937332153
YDR389W,YPR030W,0,2.7581286,0.23377038538455963,0.7288135886192322,0.23967190086841583
YMR238W,YDR081C,0,2.758039,0.23369565606117249,0.7288135886192322,0.23977193236351013
YMR168C,YML058W-A,0,2.757831,0.23362097144126892,0.7288135886192322,0.23987196385860443
YPR035W,YGR032W,0,2.7574706,0.23354633152484894,0.7288135886192322,0.23997199535369873
YDR151C,YDR373W,0,2.756487,0.23347173631191254,0.7288135886192322,0.24007202684879303
YJR092W,YLR383W,0,2.754824,0.23339718580245972,0.7288135886192322,0.24017205834388733
YIR018W,YOR261C,0,2.7541761,0.23332269489765167,0.7288135886192322,0.24027207493782043
YGR231C,YNL281W,1,2.7532492,0.23356732726097107,0.7298105955123901,0.24027207493782043
YPR167C,YKL124W,0,2.7532086,0.23349282145500183,0.7298105955123901,0.24037210643291473
YMR161W,YCR060W,1,2.7530484,0.23373724520206451,0.7308076024055481,0.24037210643291473
YJL008C,YJL073W,1,2.7528582,0.23398150503635406,0.731804609298706,0.24037210643291473
YER050C,YML080W,0,2.7528467,0.23390695452690125,0.731804609298706,0.24047213792800903
YJL192C,YOR349W,0,2.752842,0.2338324338197708,0.731804609298706,0.24057216942310333
YLR244C,YGL170C,0,2.7502935,0.23375795781612396,0.731804609298706,0.24067220091819763
YDL217C,YJL124C,0,2.7490854,0.2336835414171219,0.731804609298706,0.24077223241329193
YDR530C,YKL175W,0,2.7488575,0.2336091697216034,0.731804609298706,0.24087226390838623
YML130C,YOR349W,1,2.748565,0.23385301232337952,0.732801616191864,0.24087226390838623
YBR195C,YDL198C,0,2.7472873,0.23377862572669983,0.732801616191864,0.24097229540348053
YGL162W,YNL290W,0,2.7464266,0.23370429873466492,0.732801616191864,0.24107232689857483
YPL094C,YGL030W,0,2.7458353,0.2336300015449524,0.732801616191864,0.24117235839366913
YHR082C,YJL128C,0,2.7456849,0.23355576395988464,0.732801616191864,0.24127237498760223
YKL170W,YNL182C,0,2.7448611,0.23348157107830048,0.732801616191864,0.24137240648269653
YIL143C,YEL053C,0,2.7444153,0.23340743780136108,0.732801616191864,0.24147243797779083
YMR321C,YJR103W,0,2.7432084,0.23333333432674408,0.732801616191864,0.24157246947288513
YIL143C,YLL040C,0,2.7412736,0.23325927555561066,0.732801616191864,0.24167250096797943
YNL209W,YML094W,1,2.7400815,0.23350253701210022,0.733798623085022,0.24167250096797943
YOR349W,YJR017C,1,2.7396927,0.23374563455581665,0.7347956299781799,0.24167250096797943
YBL026W,YGR027C,0,2.7387972,0.23367153108119965,0.7347956299781799,0.24177253246307373
YOR349W,YNL153C,1,2.7385705,0.23391442000865936,0.7357926368713379,0.24177253246307373
YOR089C,YJL095W,0,2.735511,0.23384030163288116,0.7357926368713379,0.24187256395816803
YPL064C,YBR101C,1,2.7352948,0.23408299684524536,0.7367896437644958,0.24187256395816803
YKL182W,YGR095C,0,2.7349858,0.23400886356830597,0.7367896437644958,0.24197259545326233
YLR259C,YMR200W,1,2.7342355,0.23425135016441345,0.7377866506576538,0.24197259545326233
YOR301W,YJR083C,0,2.7334316,0.23417721688747406,0.7377866506576538,0.24207262694835663
YBR067C,YPL147W,0,2.73215,0.23410312831401825,0.7377866506576538,0.24217265844345093
YGL172W,YBL058W,0,2.7298384,0.23402909934520721,0.7377866506576538,0.24227267503738403
YEL037C,YHR039C-A,0,2.7292745,0.23395510017871857,0.7377866506576538,0.24237270653247833
YIL088C,YMR272C,0,2.728424,0.2338811606168747,0.7377866506576538,0.24247273802757263
YML058W-A,YKL067W,0,2.7270048,0.2338072657585144,0.7377866506576538,0.24257276952266693
YDR285W,YMR032W,0,2.726694,0.2337334156036377,0.7377866506576538,0.24267280101776123
YKR066C,YKL205W,0,2.7263963,0.23365961015224457,0.7377866506576538,0.24277283251285553
YDR476C,YOL090W,0,2.726139,0.23358586430549622,0.7377866506576538,0.24287286400794983
YBR115C,YFR033C,0,2.725832,0.23351214826107025,0.7377866506576538,0.24297289550304413
YKL067W,YCR012W,0,2.7252586,0.23343849182128906,0.7377866506576538,0.24307292699813843
YGR225W,YGL233W,0,2.7250519,0.23336486518383026,0.7377866506576538,0.24317295849323273
YMR008C,YMR087W,0,2.7236023,0.23329129815101624,0.7377866506576538,0.24327297508716583
YLR390W,YOL151W,0,2.7223864,0.2332177758216858,0.7377866506576538,0.24337300658226013
YLR344W,YHR174W,0,2.7216396,0.23314429819583893,0.7377866506576538,0.24347303807735443
YJR036C,YBL034C,0,2.7210126,0.23307086527347565,0.7377866506576538,0.24357306957244873
YMR319C,YFL045C,0,2.720353,0.23299747705459595,0.7377866506576538,0.24367310106754303
YHR211W,YLR314C,0,2.719305,0.23292414844036102,0.7377866506576538,0.24377313256263733
YJL200C,YBR282W,0,2.7187371,0.2328508496284485,0.7377866506576538,0.24387316405773163
YML049C,YMR065W,0,2.7186415,0.23277761042118073,0.7377866506576538,0.24397319555282593
YMR315W,YKL082C,0,2.718301,0.23270440101623535,0.7377866506576538,0.24407322704792023
YBR026C,YNR002C,0,2.7166114,0.23263125121593475,0.7377866506576538,0.24417325854301453
YGR036C,YOR393W,0,2.7142143,0.23255814611911774,0.7377866506576538,0.24427327513694763
YKL119C,YJL134W,0,2.7138631,0.2324850708246231,0.7377866506576538,0.24437330663204193
YNL032W,YJR101W,0,2.7136946,0.23241205513477325,0.7377866506576538,0.24447333812713623
YPR137W,YDL035C,0,2.7123122,0.23233908414840698,0.7377866506576538,0.24457336962223053
YCR014C,YPL259C,0,2.7111561,0.2322661578655243,0.7377866506576538,0.24467340111732483
YKL182W,YNL290W,0,2.7102156,0.23219329118728638,0.7377866506576538,0.24477343261241913
YDL024C,YJR112W,0,2.7097726,0.23212045431137085,0.7377866506576538,0.24487346410751343
YOL124C,YKL186C,0,2.7092748,0.2320476621389389,0.7377866506576538,0.24497349560260773
YDL084W,YLR103C,0,2.706675,0.23197491466999054,0.7377866506576538,0.24507352709770203
YGR084C,YPR060C,0,2.7061281,0.23190222680568695,0.7377866506576538,0.24517355859279633
YDL142C,YMR061W,0,2.7054822,0.23182956874370575,0.7377866506576538,0.24527357518672943
YJR064W,YOR232W,1,2.7048907,0.23207014799118042,0.7387836575508118,0.24527357518672943
YNR057C,YBR128C,0,2.7045918,0.23199748992919922,0.7387836575508118,0.24537360668182373
YOR378W,YMR186W,0,2.7044144,0.2319248765707016,0.7387836575508118,0.24547363817691803
YNL026W,YOR355W,0,2.7038279,0.23185232281684875,0.7387836575508118,0.24557366967201233
YKL067W,YHR008C,0,2.7025201,0.2317797988653183,0.7387836575508118,0.24567370116710663
YLR300W,YOR123C,0,2.7025156,0.23170731961727142,0.7387836575508118,0.24577373266220093
YEL012W,YGL019W,0,2.7020297,0.23163488507270813,0.7387836575508118,0.24587376415729523
YBR271W,YBR155W,0,2.6996298,0.23156249523162842,0.7387836575508118,0.24597379565238953
YLR449W,YNL153C,1,2.699316,0.2318025678396225,0.7397806644439697,0.24597379565238953
YPR159W,YFR052W,0,2.6992993,0.2317301630973816,0.7397806644439697,0.24607382714748383
YNR044W,YMR273C,0,2.6989145,0.23165781795978546,0.7397806644439697,0.24617385864257812
YML073C,YKR026C,0,2.6979442,0.2315855175256729,0.7397806644439697,0.24627387523651123
YGR180C,YER087C-B,0,2.6975815,0.23151326179504395,0.7397806644439697,0.24637390673160553
YMR145C,YKL175W,0,2.6970048,0.23144105076789856,0.7397806644439697,0.24647393822669983
YDL202W,YGR214W,0,2.6965313,0.23136888444423676,0.7397806644439697,0.24657396972179413
YOR310C,YER090W,0,2.6960015,0.23129676282405853,0.7397806644439697,0.24667400121688843
YBL058W,YCL008C,0,2.6959348,0.2312246859073639,0.7397806644439697,0.24677403271198273
YML058W-A,YLR047C,0,2.6953478,0.23115265369415283,0.7397806644439697,0.24687406420707703
YHR135C,YPL093W,0,2.6935415,0.23108066618442535,0.7397806644439697,0.24697409570217133
YDR188W,YJL008C,1,2.6931252,0.23132005333900452,0.7407776713371277,0.24697409570217133
YLR244C,YJL187C,0,2.6929116,0.23124805092811584,0.7407776713371277,0.24707412719726562
YFL016C,YKL117W,1,2.6927764,0.2314872443675995,0.7417746782302856,0.24707412719726562
YKR054C,YKL009W,0,2.6922908,0.23141524195671082,0.7417746782302856,0.24717415869235992
YDL028C,YEL030W,0,2.689207,0.23134328424930573,0.7417746782302856,0.24727417528629303
YMR117C,YNL282W,0,2.6889658,0.23127137124538422,0.7417746782302856,0.24737420678138733
YOR020C,YDR212W,1,2.687375,0.2315102517604828,0.7427716851234436,0.24737420678138733
YOR393W,YHR057C,0,2.6865764,0.23143833875656128,0.7427716851234436,0.24747423827648163
YPR191W,YHR051W,0,2.6853786,0.23136645555496216,0.7427716851234436,0.24757426977157593
YDL171C,YML099C,0,2.6835694,0.2312946319580078,0.7427716851234436,0.24767430126667023
YGR155W,YOR180C,0,2.6827497,0.23122283816337585,0.7427716851234436,0.24777433276176453
YJR092W,YER125W,0,2.6817322,0.23115110397338867,0.7427716851234436,0.24787436425685883
YPR072W,YCL036W,0,2.6802745,0.23107939958572388,0.7427716851234436,0.24797439575195312
YOR304W,YBR222C,0,2.6802702,0.23100775480270386,0.7427716851234436,0.24807442724704742
YDR383C,YMR013C,0,2.6789231,0.23093613982200623,0.7427716851234436,0.24817445874214172
YDL028C,YDL015C,0,2.6766958,0.23086458444595337,0.7427716851234436,0.24827447533607483
YOR274W,YNL274C,0,2.6766782,0.2307930588722229,0.7427716851234436,0.24837450683116913
YER171W,YNR010W,0,2.6758697,0.2307215929031372,0.7427716851234436,0.24847453832626343
YHR176W,YFL023W,1,2.673976,0.23095975816249847,0.7437686920166016,0.24847453832626343
YLR383W,YDL055C,0,2.6724966,0.2308882772922516,0.7437686920166016,0.24857456982135773
YLR047C,YGL216W,0,2.6718183,0.2308168262243271,0.7437686920166016,0.24867460131645203
YFR029W,YML097C,0,2.6716263,0.23074543476104736,0.7437686920166016,0.24877463281154633
YER048C,YJL073W,1,2.6692257,0.23098330199718475,0.7447656989097595,0.24877463281154633
YOR138C,YLR153C,0,2.6687665,0.23091189563274384,0.7447656989097595,0.24887466430664062
YCR070W,YDR252W,1,2.6684463,0.2311495691537857,0.7457627058029175,0.24887466430664062
YNL223W,YBL026W,0,2.6674428,0.2310781627893448,0.7457627058029175,0.24897469580173492
YGL170C,YGR246C,0,2.6674013,0.23100680112838745,0.7457627058029175,0.24907472729682922
YIR025W,YHR060W,0,2.665264,0.2309354692697525,0.7457627058029175,0.24917475879192352
YPR072W,YJL103C,0,2.663834,0.23086419701576233,0.7457627058029175,0.24927477538585663
YHR179W,YDL198C,0,2.6632576,0.23079296946525574,0.7457627058029175,0.24937480688095093
YEL031W,YKR069W,0,2.6624124,0.23072177171707153,0.7457627058029175,0.24947483837604523
YOR071C,YOR123C,0,2.6618304,0.2306506335735321,0.7457627058029175,0.24957486987113953
YNL192W,YNR015W,0,2.6608715,0.23057952523231506,0.7457627058029175,0.24967490136623383
YJL172W,YIR032C,0,2.6607788,0.2305084764957428,0.7457627058029175,0.24977493286132812
YBR067C,YNL259C,0,2.6606405,0.23043745756149292,0.7457627058029175,0.24987496435642242
YOR020C,YDR497C,0,2.660563,0.23036649823188782,0.7457627058029175,0.24997499585151672
YLR206W,YLR024C,0,2.6594005,0.2302955687046051,0.7457627058029175,0.25007501244544983
YMR054W,YEL036C,0,2.658607,0.23022468388080597,0.7457627058029175,0.2501750588417053
YPL064C,YDR304C,1,2.6582966,0.23046153783798218,0.7467597126960754,0.2501750588417053
YGL158W,YNL230C,0,2.6560154,0.23039065301418304,0.7467597126960754,0.2502750754356384
YGL062W,YJR040W,0,2.6538036,0.2303197979927063,0.7467597126960754,0.2503751218318939
YDL245C,YPL252C,0,2.6536915,0.23024900257587433,0.7467597126960754,0.250475138425827
YMR013C,YPR127W,0,2.6528206,0.23017823696136475,0.7467597126960754,0.2505751848220825
YOR261C,YAL031C,0,2.6527965,0.23010753095149994,0.7467597126960754,0.2506752014160156
YKL170W,YML109W,0,2.6526918,0.23003685474395752,0.7467597126960754,0.25077521800994873
YPR072W,YBR066C,0,2.6519318,0.22996622323989868,0.7467597126960754,0.2508752644062042
YOR310C,YOL028C,0,2.6514792,0.22989563643932343,0.7467597126960754,0.25097528100013733
YEL030W,YGL216W,0,2.6509314,0.22982509434223175,0.7467597126960754,0.2510753273963928
YLL041C,YEL030W,0,2.6486278,0.22975459694862366,0.7467597126960754,0.2511753439903259
YNL314W,YJL192C,0,2.6485384,0.22968414425849915,0.7467597126960754,0.2512753903865814
YGL237C,YGR143W,0,2.6469855,0.22961373627185822,0.7467597126960754,0.2513754069805145
YEL037C,YDL040C,0,2.644397,0.22954335808753967,0.7467597126960754,0.25147545337677
YML006C,YJL192C,0,2.6433885,0.2294730395078659,0.7467597126960754,0.2515754699707031
YHR174W,YJR112W,0,2.6417556,0.22940275073051453,0.7467597126960754,0.2516755163669586
YOR145C,YLR187W,0,2.641478,0.22933252155780792,0.7467597126960754,0.2517755329608917
YAL040C,YKL124W,0,2.6408865,0.2292623221874237,0.7467597126960754,0.25187554955482483
YGR081C,YGR112W,0,2.6387506,0.22919216752052307,0.7467597126960754,0.2519755959510803
YMR180C,YDR369C,0,2.6385963,0.22912205755710602,0.7467597126960754,0.2520756125450134
YDR155C,YNR028W,1,2.6369839,0.2293577939271927,0.7477567195892334,0.2520756125450134
YNL131W,YLL055W,0,2.6354713,0.22928768396377563,0.7477567195892334,0.2521756589412689
YJR092W,YDL227C,0,2.6347299,0.22921760380268097,0.7477567195892334,0.252275675535202
YDR030C,YOR216C,0,2.634126,0.22914756834506989,0.7477567195892334,0.2523757219314575
YHL034C,YKL210W,0,2.633084,0.22907757759094238,0.7477567195892334,0.2524757385253906
YLL027W,YLR268W,0,2.6328797,0.22900763154029846,0.7477567195892334,0.2525757849216461
YDR304C,YEL030W,1,2.6327486,0.2292429804801941,0.7487537264823914,0.2525757849216461
YGR221C,YFR031C,0,2.632389,0.22917301952838898,0.7487537264823914,0.2526758015155792
YOR297C,YBR145W,0,2.6306224,0.22910311818122864,0.7487537264823914,0.25277581810951233
YLR244C,YDR404C,0,2.629454,0.22903324663639069,0.7487537264823914,0.2528758645057678
YKL180W,YNR072W,0,2.625946,0.22896341979503632,0.7487537264823914,0.2529758810997009
YBL058W,YGR255C,0,2.6232738,0.22889362275600433,0.7487537264823914,0.2530759274959564
YBL089W,YKL085W,0,2.6232688,0.22882388532161713,0.7487537264823914,0.2531759440898895
YHR132C,YNL006W,0,2.622493,0.2287541925907135,0.7487537264823914,0.253275990486145
YGL019W,YLR316C,0,2.6224241,0.22868452966213226,0.7487537264823914,0.2533760070800781
YMR319C,YFL033C,0,2.6219606,0.2286149114370346,0.7487537264823914,0.2534760534763336
YLR305C,YPL196W,0,2.6212327,0.22854533791542053,0.7487537264823914,0.2535760700702667
YKL093W,YBR026C,0,2.6207962,0.22847580909729004,0.7487537264823914,0.2536761164665222
YDR067C,YMR272C,0,2.619947,0.22840632498264313,0.7487537264823914,0.2537761330604553
YDR151C,YEL003W,1,2.6191726,0.22864092886447906,0.7497507333755493,0.2537761330604553
YLR264W,YER090W,0,2.6170397,0.22857142984867096,0.7497507333755493,0.2538761496543884
YLR153C,YFR019W,0,2.6169617,0.22850197553634644,0.7497507333755493,0.2539761960506439
YPL064C,YOR288C,1,2.6166315,0.22873632609844208,0.7507477402687073,0.2539761960506439
YKL119C,YMR143W,0,2.6162286,0.22866687178611755,0.7507477402687073,0.254076212644577
YLL004W,YKL064W,0,2.6160445,0.22859744727611542,0.7507477402687073,0.2541762590408325
YOL082W,YJL060W,0,2.6132915,0.22852806746959686,0.7507477402687073,0.2542762756347656
YAL058W,YCR060W,1,2.609737,0.22876213490962982,0.7517447471618652,0.2542762756347656
YDR405W,YOR098C,0,2.6085854,0.22869275510311127,0.7517447471618652,0.2543763220310211
YOR216C,YAR027W,0,2.6081848,0.2286234050989151,0.7517447471618652,0.2544763386249542
YER022W,YCL025C,0,2.607626,0.2285541146993637,0.7517447471618652,0.2545763850212097
YDR304C,YDL229W,1,2.6052146,0.2287878841161728,0.7527417540550232,0.2545763850212097
YGR169C,YHR060W,0,2.6044116,0.228718563914299,0.7527417540550232,0.2546764016151428
YPL042C,YMR194W,0,2.6035337,0.22864930331707,0.7527417540550232,0.2547764182090759
YIL094C,YHL034C,0,2.6028883,0.2285800725221634,0.7527417540550232,0.2548764646053314
YJL191W,YER019C-A,0,2.6025076,0.22851090133190155,0.7527417540550232,0.2549764811992645
YGL209W,YLR268W,0,2.6017337,0.2284417599439621,0.7527417540550232,0.25507652759552
YMR025W,YKR069W,0,2.6006517,0.22837264835834503,0.7527417540550232,0.2551765441894531
YGR072W,YGR214W,0,2.600402,0.22830359637737274,0.7527417540550232,0.2552765905857086
YCL036W,YIL046W,0,2.5998476,0.22823458909988403,0.7527417540550232,0.2553766071796417
YOR310C,YNR057C,0,2.5994468,0.2281656116247177,0.7527417540550232,0.2554766535758972
YKL082C,YGR239C,0,2.5977201,0.22809667885303497,0.7527417540550232,0.2555766701698303
YKL117W,YLL004W,0,2.595621,0.22802779078483582,0.7527417540550232,0.2556767165660858
YDR067C,YPR167C,0,2.5948987,0.22795893251895905,0.7527417540550232,0.2557767331600189
YCR069W,YNL281W,1,2.5935392,0.22819197177886963,0.7537387609481812,0.2557767331600189
YGL083W,YDL227C,0,2.5931416,0.22812311351299286,0.7537387609481812,0.255876749753952
YJL024C,YIL132C,0,2.5930512,0.22805429995059967,0.7537387609481812,0.2559767961502075
YDL054C,YBL041W,0,2.5930257,0.22798553109169006,0.7537387609481812,0.2560768127441406
YBR118W,YNL084C,0,2.5904198,0.22791679203510284,0.7537387609481812,0.2561768591403961
YJR147W,YMR267W,0,2.5896056,0.2278480976819992,0.7537387609481812,0.2562768757343292
YLL041C,YBR010W,0,2.5895233,0.22777944803237915,0.7537387609481812,0.2563769221305847
YOR275C,YJL149W,0,2.5892682,0.22771084308624268,0.7537387609481812,0.2564769387245178
YLR105C,YLR153C,0,2.588573,0.22764228284358978,0.7537387609481812,0.2565769851207733
YCR030C,YDL217C,0,2.588221,0.22757375240325928,0.7537387609481812,0.2566770017147064
YNR060W,YCR002C,0,2.5868354,0.22750526666641235,0.7537387609481812,0.2567770183086395
YPR191W,YDR494W,0,2.5852747,0.227436825633049,0.7537387609481812,0.256877064704895
YFR052W,YBR074W,0,2.5844448,0.22736841440200806,0.7537387609481812,0.2569770812988281
YLR452C,YGL220W,0,2.5825582,0.22730006277561188,0.7537387609481812,0.2570771276950836
YOR299W,YJL149W,0,2.5818357,0.22723174095153809,0.7537387609481812,0.2571771442890167
YOR243C,YKL064W,0,2.579482,0.22716346383094788,0.7537387609481812,0.2572771906852722
YFR045W,YPR030W,0,2.5793095,0.22709521651268005,0.7537387609481812,0.2573772072792053
YIL079C,YJR130C,0,2.5789351,0.227027028799057,0.7537387609481812,0.2574772536754608
YBR002C,YGL180W,0,2.5772715,0.22695887088775635,0.7537387609481812,0.2575772702693939
YAL053W,YML078W,1,2.5744443,0.22719088196754456,0.7547357678413391,0.2575772702693939
YLR425W,YDL208W,0,2.5742335,0.2271227091550827,0.7547357678413391,0.2576773166656494
YGL068W,YEL040W,0,2.5741262,0.22705459594726562,0.7547357678413391,0.2577773332595825
YNL153C,YGR185C,0,2.5725527,0.22698651254177094,0.7547357678413391,0.2578773498535156
YOR349W,YOR265W,1,2.5705004,0.22721822559833527,0.7557327747344971,0.2578773498535156
YMR049C,YAL038W,0,2.5680275,0.22715014219284058,0.7557327747344971,0.2579773962497711
YEL041W,YDL170W,0,2.5677047,0.22708208858966827,0.7557327747344971,0.2580774128437042
YNR060W,YDR508C,0,2.5673604,0.22701407968997955,0.7557327747344971,0.2581774592399597
YIL128W,YGR255C,0,2.566073,0.22694610059261322,0.7557327747344971,0.2582774758338928
YOR349W,YEL030W,1,2.5647671,0.2271774858236313,0.756729781627655,0.2582774758338928
YNL079C,YDL015C,0,2.5638678,0.22710952162742615,0.756729781627655,0.2583775222301483
YHL034C,YGL169W,0,2.5629873,0.2270415723323822,0.756729781627655,0.2584775388240814
YDL143W,YDR188W,1,2.5626893,0.22727273404598236,0.7577268481254578,0.2584775388240814
YKL085W,YPL065W,0,2.562651,0.22720478475093842,0.7577268481254578,0.2585775852203369
YGR084C,YDL040C,0,2.5622995,0.22713688015937805,0.7577268481254578,0.25867760181427
YLR329W,YPL082C,0,2.5622063,0.22706902027130127,0.7577268481254578,0.2587776184082031
YMR137C,YNR013C,0,2.5619664,0.22700119018554688,0.7577268481254578,0.2588776648044586
YML097C,YOR261C,0,2.5613475,0.22693341970443726,0.7577268481254578,0.2589776813983917
YML074C,YHR193C,1,2.561262,0.22716417908668518,0.7587238550186157,0.2589776813983917
YKR066C,YAR035W,0,2.5610452,0.22709639370441437,0.7587238550186157,0.2590777277946472
YMR284W,YOL028C,0,2.5603774,0.22702863812446594,0.7587238550186157,0.2591777443885803
YHR012W,YMR193W,0,2.5599623,0.2269609272480011,0.7587238550186157,0.2592777907848358
YJR021C,YOR008C,0,2.558792,0.22689326107501984,0.7587238550186157,0.2593778073787689
YOL165C,YKR006C,0,2.5578556,0.22682563960552216,0.7587238550186157,0.2594778537750244
YHR002W,YDL140C,0,2.5574183,0.22675804793834686,0.7587238550186157,0.2595778703689575
YHR132C,YNL298W,0,2.556393,0.22669050097465515,0.7587238550186157,0.259677916765213
YDR410C,YGL148W,0,2.5550592,0.22662298381328583,0.7587238550186157,0.2597779333591461
YGR036C,YOR313C,0,2.552566,0.22655552625656128,0.7587238550186157,0.2598779499530792
YER046W,YCR026C,0,2.5512753,0.22648809850215912,0.7587238550186157,0.2599779963493347
YPR035W,YML028W,0,2.550993,0.22642071545124054,0.7587238550186157,0.2600780129432678
YCL004W,YOL151W,0,2.5500712,0.22635336220264435,0.7587238550186157,0.2601780593395233
YAL038W,YNL192W,0,2.5497336,0.22628605365753174,0.7587238550186157,0.2602780759334564
YLR165C,YKR006C,0,2.5496097,0.2262187898159027,0.7587238550186157,0.2603781223297119
YDR414C,YNL078W,0,2.5485964,0.22615155577659607,0.7587238550186157,0.260478138923645
YMR315W,YNL274C,0,2.5484524,0.226084366440773,0.7587238550186157,0.2605781853199005
YGR285C,YEL003W,1,2.5475423,0.2263142317533493,0.7597208619117737,0.2605781853199005
YGL158W,YLL061W,0,2.5472534,0.22624702751636505,0.7597208619117737,0.2606782019138336
YDR296W,YIL095W,0,2.5442333,0.22617986798286438,0.7597208619117737,0.2607782483100891
YDR378C,YOR353C,0,2.5441713,0.2261127531528473,0.7597208619117737,0.2608782649040222
YLR130C,YDR173C,0,2.5425048,0.22604568302631378,0.7597208619117737,0.2609782814979553
YHR061C,YLR047C,0,2.5424492,0.22597864270210266,0.7597208619117737,0.2610783278942108
YMR146C,YBR187W,0,2.542429,0.22591164708137512,0.7597208619117737,0.2611783444881439
YLR314C,YDR473C,0,2.5423236,0.22584469616413116,0.7597208619117737,0.2612783908843994
YGL225W,YBL092W,0,2.541627,0.2257777750492096,0.7597208619117737,0.2613784074783325
YLR033W,YDL039C,0,2.5409648,0.2257108986377716,0.7597208619117737,0.261478453874588
YKL009W,YDR410C,0,2.5391994,0.2256440669298172,0.7597208619117737,0.2615784704685211
YBR059C,YGL225W,0,2.5388074,0.22557726502418518,0.7597208619117737,0.2616785168647766
YLR452C,YNL079C,0,2.5373302,0.22551050782203674,0.7597208619117737,0.2617785334587097
YCL018W,YGR034W,0,2.5368154,0.2254437804222107,0.7597208619117737,0.2618785500526428
YIR025W,YLL033W,0,2.5358906,0.22537711262702942,0.7597208619117737,0.2619785964488983
YEL069C,YDL021W,0,2.5340624,0.22531045973300934,0.7597208619117737,0.2620786130428314
YOL158C,YHR058C,0,2.533885,0.22524386644363403,0.7597208619117737,0.2621786594390869
YPR113W,YDR296W,0,2.531633,0.22517730295658112,0.7597208619117737,0.26227867603302
YJL005W,YKR066C,0,2.5315967,0.22511078417301178,0.7597208619117737,0.2623787224292755
YPL119C,YCR055C,0,2.5281367,0.22504429519176483,0.7597208619117737,0.2624787390232086
YPL094C,YML028W,0,2.5272617,0.22497785091400146,0.7597208619117737,0.2625787854194641
YLR090W,YPL221W,1,2.527236,0.22520661354064941,0.7607178688049316,0.2625787854194641
YKR101W,YBR281C,0,2.5269685,0.22514015436172485,0.7607178688049316,0.2626788020133972
YBR020W,YDL083C,0,2.5268338,0.22507373988628387,0.7607178688049316,0.2627788484096527
YOL004W,YDR373W,0,2.5254178,0.22500737011432648,0.7607178688049316,0.2628788650035858
YHR142W,YML048W,1,2.5245159,0.22523584961891174,0.7617148756980896,0.2628788650035858
YMR049C,YJL172W,0,2.5204418,0.22516946494579315,0.7617148756980896,0.2629788815975189
YOR298W,YDR062W,0,2.518654,0.22510312497615814,0.7617148756980896,0.2630789279937744
YDL045W-A,YGL163C,0,2.5185895,0.22503681480884552,0.7617148756980896,0.2631789445877075
YHR030C,YJR078W,0,2.5172052,0.22497054934501648,0.7617148756980896,0.263278990983963
YLR203C,YNL147W,0,2.517016,0.22490432858467102,0.7617148756980896,0.2633790075778961
YMR169C,YBR128C,0,2.5164692,0.22483813762664795,0.7617148756980896,0.2634790539741516
YJR057W,YEL040W,0,2.515154,0.22477199137210846,0.7617148756980896,0.2635790705680847
YJL194W,YGL014W,0,2.515131,0.22470587491989136,0.7617148756980896,0.2636791169643402
YER007W,YOR265W,1,2.515029,0.22493384778499603,0.7627118825912476,0.2636791169643402
YHR059W,YJR103W,0,2.5148041,0.22486773133277893,0.7627118825912476,0.2637791335582733
YHR174W,YER074W,0,2.5144835,0.22480164468288422,0.7627118825912476,0.2638791501522064
YLL029W,YGL226C-A,0,2.5126789,0.22473560273647308,0.7627118825912476,0.2639791965484619
YGR032W,YGL226C-A,0,2.5104365,0.22466960549354553,0.7627118825912476,0.264079213142395
YJL117W,YHR034C,1,2.5093875,0.22489723563194275,0.7637088894844055,0.264079213142395
YKL013C,YOR232W,0,2.508615,0.224831223487854,0.7637088894844055,0.2641792595386505
YKL201C,YDL225W,0,2.5075593,0.22476525604724884,0.7637088894844055,0.2642792761325836
YIR011C,YMR173W,0,2.507296,0.22469931840896606,0.7637088894844055,0.2643793225288391
YHR176W,YEL030W,1,2.5068917,0.2249266803264618,0.7647058963775635,0.2643793225288391
YOR020C,YOR232W,1,2.5051084,0.22515390813350677,0.7657029032707214,0.2643793225288391
YGL226C-A,YOR261C,0,2.5048158,0.22508792579174042,0.7657029032707214,0.2644793391227722
YDR411C,YNL117W,0,2.504795,0.22502197325229645,0.7657029032707214,0.2645793855190277
YDL179W,YDR281C,0,2.5032008,0.22495606541633606,0.7657029032707214,0.2646794021129608
YKL041W,YDR218C,0,2.502015,0.22489018738269806,0.7657029032707214,0.2647794485092163
YKR002W,YOL151W,0,2.501024,0.22482435405254364,0.7657029032707214,0.2648794651031494
YER145C,YOR089C,0,2.4986331,0.2247585654258728,0.7657029032707214,0.2649794816970825
YBR183W,YGR012W,0,2.4968996,0.22469280660152435,0.7657029032707214,0.265079528093338
YNR067C,YPR159W,0,2.4965217,0.2246270775794983,0.7657029032707214,0.2651795446872711
YGL162W,YGR155W,0,2.4961646,0.224561408162117,0.7657029032707214,0.2652795910835266
YOR323C,YML073C,0,2.4957252,0.2244957685470581,0.7657029032707214,0.2653796076774597
YAL024C,YJL079C,0,2.4952102,0.2244301587343216,0.7657029032707214,0.2654796540737152
YOR216C,YDR508C,0,2.4933267,0.22436459362506866,0.7657029032707214,0.2655796706676483
YDL024C,YCR011C,0,2.4914384,0.22429905831813812,0.7657029032707214,0.2656797170639038
YJL030W,YER125W,0,2.4908628,0.22423358261585236,0.7657029032707214,0.2657797336578369
YNR015W,YGL259W,0,2.488759,0.22416812181472778,0.7657029032707214,0.26587975025177
YMR039C,YNL016W,0,2.4881,0.22410272061824799,0.7657029032707214,0.2659797966480255
YFR029W,YPL098C,0,2.487553,0.22403733432292938,0.7657029032707214,0.2660798132419586
YDL055C,YGL241W,0,2.486181,0.22397200763225555,0.7657029032707214,0.2661798596382141
YMR218C,YPR133W-A,0,2.485948,0.2239067107439041,0.7657029032707214,0.2662798762321472
YKL061W,YOR230W,0,2.4835408,0.22384144365787506,0.7657029032707214,0.2663799226284027
YLR208W,YMR180C,0,2.4823372,0.2237762212753296,0.7657029032707214,0.2664799392223358
YMR049C,YOR287C,0,2.4818096,0.2237110435962677,0.7657029032707214,0.2665799856185913
YOL070C,YLR312W-A,0,2.4817846,0.2236458957195282,0.7657029032707214,0.2666800022125244
YHR047C,YGR105W,0,2.4806817,0.22358079254627228,0.7657029032707214,0.2667800486087799
YPL082C,YML132W,0,2.4805713,0.22351571917533875,0.7657029032707214,0.266880065202713
YDL202W,YEL062W,0,2.4783292,0.2234506905078888,0.7657029032707214,0.2669800817966461
YLR219W,YNL092W,0,2.4756665,0.22338569164276123,0.7657029032707214,0.2670801281929016
YML036W,YDR404C,0,2.4737902,0.22332073748111725,0.7657029032707214,0.2671801447868347
YKL175W,YDR222W,0,2.4729853,0.22325581312179565,0.7657029032707214,0.2672801911830902
YPR196W,YPR160W,0,2.4729514,0.22319093346595764,0.7657029032707214,0.2673802077770233
YNL148C,YEL003W,1,2.4727306,0.22341661155223846,0.7666999101638794,0.2673802077770233
YDR411C,YMR179W,0,2.472239,0.22335173189640045,0.7666999101638794,0.2674802541732788
YHR069C,YDL070W,0,2.4722385,0.22328688204288483,0.7666999101638794,0.2675802707672119
YNL135C,YDR518W,1,2.4714627,0.22351233661174774,0.7676969170570374,0.2675802707672119
YDR405W,YGL148W,0,2.4711304,0.22344747185707092,0.7676969170570374,0.2676803171634674
YIL094C,YER115C,0,2.4701488,0.22338265180587769,0.7676969170570374,0.2677803337574005
YLR425W,YGR118W,0,2.4689074,0.22331786155700684,0.7676969170570374,0.2678803503513336
YDL054C,YMR032W,0,2.4685478,0.22325311601161957,0.7676969170570374,0.2679803967475891
YOR168W,YLR050C,0,2.4682846,0.2231884002685547,0.7676969170570374,0.2680804133415222
YGR132C,YNR028W,1,2.466636,0.22341349720954895,0.7686939239501953,0.2680804133415222
YDL133C-A,YLL045C,0,2.4665194,0.22334878146648407,0.7686939239501953,0.2681804597377777
YGL244W,YAL040C,0,2.466372,0.22328409552574158,0.7686939239501953,0.2682804763317108
YOR297C,YLL033W,0,2.4655042,0.22321945428848267,0.7686939239501953,0.2683805227279663
YNR021W,YKL094W,0,2.4654937,0.22315484285354614,0.7686939239501953,0.2684805393218994
YBR002C,YOR168W,0,2.4645195,0.2230902761220932,0.7686939239501953,0.2685805857181549
YLR452C,YGL148W,0,2.4643714,0.22302573919296265,0.7686939239501953,0.268680602312088
YMR146C,YDL197C,0,2.4638166,0.22296124696731567,0.7686939239501953,0.2687806487083435
YGL183C,YOR261C,0,2.4620137,0.2228967845439911,0.7686939239501953,0.2688806653022766
YOL165C,YGR255C,0,2.4617977,0.22283236682415009,0.7686939239501953,0.2689806818962097
YGR221C,YGR034W,0,2.4615846,0.22276797890663147,0.7686939239501953,0.2690807282924652
YBR074W,YHR008C,0,2.4615,0.22270363569259644,0.7686939239501953,0.2691807448863983
YGL062W,YGR216C,0,2.4613037,0.22263933718204498,0.7686939239501953,0.2692807912826538
YJL087C,YGR258C,0,2.460959,0.22257505357265472,0.7686939239501953,0.2693808078765869
YDR064W,YLR228C,0,2.4605448,0.22251082956790924,0.7686939239501953,0.2694808542728424
YKL093W,YIL035C,0,2.4601357,0.22244662046432495,0.7686939239501953,0.2695808708667755
YFL038C,YNL010W,0,2.4593213,0.22238245606422424,0.7686939239501953,0.269680917263031
YBR155W,YIL035C,0,2.45915,0.22231833636760712,0.7686939239501953,0.2697809338569641
YMR241W,YPL274W,0,2.457517,0.22225424647331238,0.7686939239501953,0.2698809504508972
YOL038W,YJL171C,0,2.4571466,0.22219020128250122,0.7686939239501953,0.2699809968471527
YDR064W,YJL081C,0,2.4571273,0.22212618589401245,0.7686939239501953,0.2700810134410858
YJR045C,YPL221W,1,2.4560277,0.22235022485256195,0.7696909308433533,0.2700810134410858
YIL159W,YIL042C,0,2.4555585,0.22228620946407318,0.7696909308433533,0.2701810598373413
YMR146C,YLR404W,0,2.4553335,0.2222222238779068,0.7696909308433533,0.2702810764312744
YAL053W,YNL153C,1,2.4547722,0.2224460393190384,0.7706879377365112,0.2702810764312744
YIL142W,YGL026C,0,2.4541917,0.222382053732872,0.7706879377365112,0.2703811228275299
YKL206C,YPL087W,0,2.4534154,0.22231808304786682,0.7706879377365112,0.270481139421463
YMR172W,YER074W,0,2.4518676,0.2222541719675064,0.7706879377365112,0.2705811858177185
YBR125C,YAR035W,0,2.4504807,0.22219029068946838,0.7706879377365112,0.2706812024116516
YGL183C,YNL239W,0,2.4504566,0.22212643921375275,0.7706879377365112,0.2707812488079071
YGR225W,YIL076W,0,2.4500937,0.2220626324415207,0.7706879377365112,0.2708812654018402
YBR260C,YPL127C,0,2.4498491,0.22199885547161102,0.7706879377365112,0.2709812819957733
YLL045C,YER002W,0,2.4495597,0.22193510830402374,0.7706879377365112,0.2710813283920288
YMR038C,YGL233W,0,2.4491172,0.22187140583992004,0.7706879377365112,0.2711813449859619
YGL186C,YJR032W,0,2.4482918,0.22180774807929993,0.7706879377365112,0.2712813913822174
YPL002C,YDL227C,0,2.4478455,0.2217441201210022,0.7706879377365112,0.2713814079761505
YDR064W,YER055C,0,2.4475884,0.22168052196502686,0.7706879377365112,0.271481454372406
YLR209C,YOL004W,0,2.4450567,0.2216169685125351,0.7706879377365112,0.2715814709663391
YMR123W,YNL236W,0,2.444267,0.22155345976352692,0.7706879377365112,0.2716815173625946
YDR364C,YGL216W,0,2.4412796,0.22148996591567993,0.7706879377365112,0.2717815339565277
YBR006W,YMR075W,0,2.440748,0.22142653167247772,0.7706879377365112,0.2718815505504608
YHR004C,YOL136C,0,2.4404683,0.2213631123304367,0.7706879377365112,0.2719815969467163
YDR512C,YOR226C,0,2.4391146,0.22129973769187927,0.7706879377365112,0.2720816135406494
YGL183C,YDL140C,0,2.4377227,0.22123640775680542,0.7706879377365112,0.2721816599369049
YPL240C,YLR042C,0,2.4374075,0.22117310762405396,0.7706879377365112,0.272281676530838
YMR218C,YFL017W-A,0,2.4352665,0.22110983729362488,0.7706879377365112,0.2723817229270935
YDL021W,YMR034C,0,2.43325,0.22104661166667938,0.7706879377365112,0.2724817395210266
YJR138W,YPR200C,0,2.4330769,0.22098341584205627,0.7706879377365112,0.2725817859172821
YFL038C,YER115C,0,2.4325929,0.22092026472091675,0.7706879377365112,0.2726818025112152
YNL008C,YJR051W,0,2.4318476,0.2208571434020996,0.7706879377365112,0.2727818489074707
YDR453C,YOL151W,0,2.4317472,0.22079405188560486,0.7706879377365112,0.2728818655014038
YHR211W,YJR083C,0,2.4297624,0.2207310050725937,0.7706879377365112,0.2729818820953369
YER175C,YGR143W,0,2.428779,0.2206680029630661,0.7706879377365112,0.2730819284915924
YDR411C,YHR008C,0,2.428711,0.2206050157546997,0.7706879377365112,0.2731819450855255
YJL166W,YLR312W-A,0,2.42563,0.2205420881509781,0.7706879377365112,0.273281991481781
YNL182C,YNL175C,0,2.4241652,0.22047917544841766,0.7706879377365112,0.2733820080757141
YBR202W,YDR281C,0,2.423745,0.22041630744934082,0.7706879377365112,0.2734820544719696
YNR067C,YDR226W,0,2.4235678,0.22035348415374756,0.7706879377365112,0.2735820710659027
YJL103C,YJR032W,0,2.4234579,0.2202906757593155,0.7706879377365112,0.2736821174621582
YNL073W,YML028W,0,2.421997,0.2202279269695282,0.7706879377365112,0.2737821340560913
YLR191W,YAL040C,0,2.4218655,0.2201651930809021,0.7706879377365112,0.2738821506500244
YBL058W,YDL047W,0,2.421854,0.22010250389575958,0.7706879377365112,0.2739821970462799
YDL055C,YDR138W,0,2.420349,0.22003985941410065,0.7706879377365112,0.274082213640213
YNL281W,YCR057C,0,2.4201672,0.2199772298336029,0.7706879377365112,0.2741822600364685
YGL170C,YAL039C,0,2.4180079,0.21991464495658875,0.7706879377365112,0.2742822766304016
YOR239W,YKR006C,0,2.4177585,0.21985210478305817,0.7706879377365112,0.2743823230266571
YBR182C,YGL259W,0,2.4176135,0.21978959441184998,0.7706879377365112,0.2744823396205902
YEL052W,YBR026C,0,2.4171195,0.21972711384296417,0.7706879377365112,0.2745823860168457
YML073C,YPR133W-A,0,2.4158022,0.21966467797756195,0.7706879377365112,0.2746824026107788
YPR167C,YDR369C,0,2.4147043,0.21960227191448212,0.7706879377365112,0.2747824490070343
YOR261C,YCR046C,0,2.4146385,0.21953991055488586,0.7706879377365112,0.2748824656009674
YOR176W,YGL180W,0,2.4144506,0.2194775640964508,0.7706879377365112,0.2749824821949005
YOL040C,YIL047C,0,2.4143586,0.21941527724266052,0.7706879377365112,0.275082528591156
YPL134C,YLR130C,0,2.413003,0.21935300529003143,0.7706879377365112,0.2751825451850891
YNL121C,YDR218C,0,2.4123387,0.21929077804088593,0.7706879377365112,0.2752825915813446
YOR176W,YLR228C,0,2.412179,0.2192285805940628,0.7706879377365112,0.2753826081752777
YPR182W,YOR261C,0,2.4112484,0.21916642785072327,0.7706879377365112,0.2754826545715332
YLR080W,YPR002W,0,2.4096203,0.21910430490970612,0.7706879377365112,0.2755826711654663
YDL029W,YGL051W,0,2.4087918,0.21904222667217255,0.7706879377365112,0.2756827175617218
YGR078C,YOR232W,1,2.4074867,0.2192634493112564,0.7716849446296692,0.2756827175617218
YGL037C,YEL062W,0,2.407196,0.21920135617256165,0.7716849446296692,0.2757827341556549
YCR093W,YNL281W,0,2.4043345,0.21913929283618927,0.7716849446296692,0.275882750749588
YHR142W,YDR519W,1,2.4042418,0.2193603217601776,0.7726819515228271,0.275882750749588
YOR038C,YNL274C,0,2.4039402,0.21929824352264404,0.7726819515228271,0.2759827971458435
YJL087C,YGR239C,0,2.403707,0.21923620998859406,0.7726819515228271,0.2760828137397766
YGR169C,YPL134C,0,2.4033222,0.21917420625686646,0.7726819515228271,0.2761828601360321
YPR182W,YDL208W,0,2.4024816,0.21911224722862244,0.7726819515228271,0.2762828767299652
YPR125W,YPR133W-A,0,2.4024596,0.2190503180027008,0.7726819515228271,0.2763829231262207
YKL206C,YBR026C,0,2.4022183,0.21898841857910156,0.7726819515228271,0.2764829397201538
YER052C,YDL045C,0,2.4011192,0.2189265489578247,0.7726819515228271,0.2765829861164093
YIL142W,YJR101W,0,2.401088,0.21886472404003143,0.7726819515228271,0.2766830027103424
YMR117C,YDR337W,0,2.3999548,0.21880292892456055,0.7726819515228271,0.2767830491065979
YNL261W,YIL094C,0,2.3990731,0.21874117851257324,0.7726819515228271,0.276883065700531
YKR066C,YGR285C,0,2.3988395,0.21867945790290833,0.7726819515228271,0.2769830822944641
YIL076W,YPR138C,0,2.3976686,0.2186177670955658,0.7726819515228271,0.2770831286907196
YJR078W,YHR059W,0,2.396925,0.21855612099170685,0.7726819515228271,0.2771831452846527
YOR071C,YJL172W,0,2.3951027,0.2184945046901703,0.7726819515228271,0.2772831916809082
YNR021W,YMR273C,0,2.3942552,0.21843291819095612,0.7726819515228271,0.2773832082748413
YJR082C,YER150W,0,2.3939734,0.21837137639522552,0.7726819515228271,0.2774832546710968
YHR030C,YOR274W,0,2.3937783,0.21830986440181732,0.7726819515228271,0.2775832712650299
YKR028W,YNL259C,0,2.3929696,0.2182483822107315,0.7726819515228271,0.2776833176612854
YNL172W,YGR175C,0,2.3928776,0.21818692982196808,0.7726819515228271,0.2777833342552185
YGL172W,YNR035C,0,2.3920674,0.21812552213668823,0.7726819515228271,0.2778833508491516
YGR144W,YBL079W,0,2.39189,0.21806415915489197,0.7726819515228271,0.2779833972454071
YDR411C,YER098W,0,2.3896923,0.2180028110742569,0.7726819515228271,0.2780834138393402
YKL166C,YNR044W,0,2.3896136,0.2179415076971054,0.7726819515228271,0.2781834602355957
YOL043C,YMR136W,0,2.388462,0.2178802341222763,0.7726819515228271,0.2782834768295288
YDL015C,YGL103W,0,2.388324,0.2178190052509308,0.7726819515228271,0.2783835232257843
YOL066C,YGL148W,0,2.3871691,0.21775779128074646,0.7726819515228271,0.2784835398197174
YPR187W,YNL121C,0,2.386555,0.21769662201404572,0.7726819515228271,0.2785835862159729
YLR289W,YGR144W,0,2.386231,0.21763549745082855,0.7726819515228271,0.278683602809906
YAL060W,YDR254W,0,2.3841803,0.21757440268993378,0.7726819515228271,0.2787836492061615
YGL062W,YLR043C,0,2.3839197,0.2175133377313614,0.7726819515228271,0.2788836658000946
YHR030C,YER162C,0,2.3827834,0.2174523025751114,0.7726819515228271,0.2789836823940277
YLR386W,YNL274C,0,2.3820715,0.21739129722118378,0.7726819515228271,0.2790837287902832
YDR082W,YOL151W,0,2.38091,0.21733033657073975,0.7726819515228271,0.2791837453842163
YPL150W,YDL070W,0,2.380723,0.2172694206237793,0.7726819515228271,0.2792837917804718
YDL084W,YOL040C,0,2.378663,0.21720851957798004,0.7726819515228271,0.2793838083744049
YOL026C,YFL045C,0,2.3785906,0.21714766323566437,0.7726819515228271,0.2794838547706604
YDL142C,YIL061C,0,2.3784504,0.21708683669567108,0.7726819515228271,0.2795838713645935
YLR312W-A,YNL032W,0,2.3779545,0.21702603995800018,0.7726819515228271,0.279683917760849
YNL044W,YDR449C,0,2.3755243,0.21696528792381287,0.7726819515228271,0.2797839343547821
YIL142W,YDL216C,0,2.3752303,0.21690456569194794,0.7726819515228271,0.2798839509487152
YDR304C,YNL153C,1,2.374466,0.21712367236614227,0.7736789584159851,0.2798839509487152
YBR155W,YPL037C,1,2.374022,0.21734265983104706,0.7746759653091431,0.2798839509487152
YMR049C,YBR192W,0,2.3731656,0.21728187799453735,0.7746759653091431,0.2799839973449707
YKL200C,YOR243C,0,2.3725762,0.21722114086151123,0.7746759653091431,0.2800840139389038
YMR112C,YLR187W,0,2.3697991,0.2171604186296463,0.7746759653091431,0.2801840603351593
YDR453C,YJL155C,0,2.3694644,0.21709974110126495,0.7746759653091431,0.2802840769290924
YNR006W,YLR020C,0,2.3690553,0.2170391082763672,0.7746759653091431,0.2803841233253479
YER168C,YDR369C,0,2.36829,0.21697849035263062,0.7746759653091431,0.280484139919281
YCR093W,YBR281C,0,2.3682165,0.21691791713237762,0.7746759653091431,0.2805841863155365
YLR394W,YFL010W-A,0,2.367727,0.21685738861560822,0.7746759653091431,0.2806842029094696
YBR223C,YML128C,0,2.3669536,0.216796875,0.7746759653091431,0.2807842493057251
YBL058W,YJL187C,0,2.366325,0.21673640608787537,0.7746759653091431,0.2808842658996582
YKL013C,YLR020C,0,2.3657713,0.21667596697807312,0.7746759653091431,0.2809842824935913
YPR030W,YKR068C,0,2.3639936,0.21661555767059326,0.7746759653091431,0.2810843288898468
YNR074C,YNL102W,0,2.3635674,0.2165551781654358,0.7746759653091431,0.2811843454837799
YCL014W,YMR194W,0,2.3632183,0.2164948433637619,0.7746759653091431,0.2812843918800354
YDL021W,YCR055C,0,2.3623013,0.2164345383644104,0.7746759653091431,0.2813844084739685
YJR057W,YML132W,0,2.3610134,0.2163742631673813,0.7746759653091431,0.281484454870224
YPR182W,YJR101W,0,2.359863,0.21631403267383575,0.7746759653091431,0.2815844714641571
YPL094C,YPL167C,0,2.3597085,0.2162538319826126,0.7746759653091431,0.2816845178604126
YHR029C,YOR106W,0,2.3579788,0.21619366109371185,0.7746759653091431,0.2817845344543457
YLR090W,YHR142W,1,2.3575926,0.21641167998313904,0.775672972202301,0.2817845344543457
YOR148C,YGR084C,0,2.3575149,0.21635150909423828,0.775672972202301,0.2818845510482788
YGR252W,YNL239W,0,2.3571544,0.21629135310649872,0.775672972202301,0.2819845974445343
YCR069W,YJL073W,1,2.3569813,0.21650917828083038,0.776669979095459,0.2819845974445343
YDR174W,YMR321C,0,2.356452,0.21644900739192963,0.776669979095459,0.2820846140384674
YDR492W,YCR012W,0,2.3553662,0.21638889610767365,0.776669979095459,0.2821846604347229
YOR288C,YGL128C,1,2.3544614,0.2166064977645874,0.7776669859886169,0.2821846604347229
YMR089C,YMR025W,0,2.3535914,0.21654635667800903,0.7776669859886169,0.282284677028656
YKR069W,YLR213C,0,2.3532624,0.21648626029491425,0.7776669859886169,0.2823847234249115
YDR460W,YJL225C,0,2.3528938,0.21642619371414185,0.7776669859886169,0.2824847400188446
YCL014W,YGL050W,0,2.3528254,0.21636615693569183,0.7776669859886169,0.2825847864151001
YDR155C,YDR304C,1,2.3524349,0.2165834754705429,0.7786639928817749,0.2825847864151001
YLR200W,YJL179W,1,2.3520184,0.21680065989494324,0.7796609997749329,0.2825847864151001
YLR447C,YNL107W,0,2.351812,0.21674057841300964,0.7796609997749329,0.2826848030090332
YMR169C,YBR052C,0,2.351631,0.21668052673339844,0.7796609997749329,0.2827848494052887
YNL006W,YNL148C,1,2.3470633,0.21689750254154205,0.7806580066680908,0.2827848494052887
YMR315W,YJL149W,0,2.3469777,0.21683743596076965,0.7806580066680908,0.2828848659992218
YDR151C,YJL014W,1,2.3462262,0.21705426275730133,0.7816550135612488,0.2828848659992218
YLR395C,YLR157C,0,2.345431,0.21699418127536774,0.7816550135612488,0.2829848825931549
YDL208W,YDR364C,0,2.3446758,0.21693414449691772,0.7816550135612488,0.2830849289894104
YNL192W,YNL262W,0,2.3437653,0.2168741375207901,0.7816550135612488,0.2831849455833435
YIR039C,YER052C,0,2.3437004,0.21681416034698486,0.7816550135612488,0.283284991979599
YPR113W,YOR279C,0,2.3433218,0.21675421297550201,0.7816550135612488,0.2833850085735321
YMR172W,YMR246W,0,2.3428397,0.21669431030750275,0.7816550135612488,0.2834850549697876
YOR071C,YBR006W,0,2.342391,0.21663442254066467,0.7816550135612488,0.2835850715637207
YFL001W,YDL083C,0,2.3421602,0.21657457947731018,0.7816550135612488,0.2836851179599762
YDL107W,YOR098C,0,2.3416781,0.21651478111743927,0.7816550135612488,0.2837851345539093
YEL030W,YEL003W,1,2.3410823,0.21673108637332916,0.7826520204544067,0.2837851345539093
YJL066C,YOR084W,0,2.340507,0.21667127311229706,0.7826520204544067,0.2838851511478424
YJR036C,YMR308C,0,2.3384585,0.21661147475242615,0.7826520204544067,0.2839851975440979
YIL159W,YKL053C-A,0,2.3382282,0.21655172109603882,0.7826520204544067,0.284085214138031
YMR179W,YDL208W,0,2.333774,0.21649199724197388,0.7826520204544067,0.2841852605342865
YCR060W,YPL099C,0,2.3333972,0.21643231809139252,0.7826520204544067,0.2842852771282196
YNL007C,YMR200W,1,2.333056,0.21664829552173615,0.7836490273475647,0.2842852771282196
YPR113W,YOL062C,0,2.3322358,0.2165885865688324,0.7836490273475647,0.2843853235244751
YPL064C,YBR169C,1,2.3312073,0.2168044149875641,0.7846460342407227,0.2843853235244751
YOL082W,YJL187C,0,2.3309722,0.21674469113349915,0.7846460342407227,0.2844853401184082
YBR059C,YDL039C,0,2.3297644,0.21668502688407898,0.7846460342407227,0.2845853865146637
YPR189W,YLR395C,0,2.3289862,0.21662537753582,0.7846460342407227,0.2846854031085968
YLR295C,YBR274W,0,2.3288054,0.21656577289104462,0.7846460342407227,0.2847854495048523
YNR074C,YER052C,0,2.3285427,0.21650618314743042,0.7846460342407227,0.2848854660987854
YIL076W,YDL077C,0,2.3279772,0.2164466381072998,0.7846460342407227,0.2849854826927185
YNL172W,YBR128C,0,2.3266587,0.21638713777065277,0.7846460342407227,0.285085529088974
YLR016C,YPR133W-A,0,2.3262868,0.21632765233516693,0.7846460342407227,0.2851855456829071
YLL029W,YBR052C,0,2.3255658,0.21626821160316467,0.7846460342407227,0.2852855920791626
YBR183W,YAL054C,0,2.3254414,0.2162087857723236,0.7846460342407227,0.2853856086730957
YPR072W,YNL147W,0,2.3249872,0.21614940464496613,0.7846460342407227,0.2854856550693512
YLR208W,YMR143W,0,2.3249679,0.21609005331993103,0.7846460342407227,0.2855856716632843
YJR107W,YPR137W,0,2.323347,0.21603074669837952,0.7846460342407227,0.2856857180595398
YHR174W,YNL307C,0,2.323,0.2159714549779892,0.7846460342407227,0.2857857346534729
YFL038C,YDL074C,0,2.3204708,0.21591220796108246,0.7846460342407227,0.285885751247406
YMR218C,YLL034C,0,2.3200617,0.2158529907464981,0.7846460342407227,0.2859857976436615
YKR071C,YJL117W,0,2.3198152,0.21579380333423615,0.7846460342407227,0.2860858142375946
YJL011C,YKL064W,0,2.3195763,0.21573464572429657,0.7846460342407227,0.2861858606338501
YBL076C,YGR229C,0,2.3181086,0.21567553281784058,0.7846460342407227,0.2862858772277832
YDL133C-A,YNL223W,0,2.317855,0.21561643481254578,0.7846460342407227,0.2863859236240387
YBR278W,YML036W,0,2.3176405,0.21555738151073456,0.7846460342407227,0.2864859402179718
YMR159C,YML132W,0,2.317042,0.21549835801124573,0.7846460342407227,0.2865859866142273
YDL055C,YMR065W,0,2.3164816,0.21543936431407928,0.7846460342407227,0.2866860032081604
YOR275C,YLL043W,0,2.3158996,0.21538040041923523,0.7846460342407227,0.2867860496044159
YFR029W,YDL217C,0,2.314797,0.21532148122787476,0.7846460342407227,0.286886066198349
YDR064W,YHR074W,0,2.3144674,0.21526257693767548,0.7846460342407227,0.2869860827922821
YDR411C,YMR172W,0,2.313784,0.21520371735095978,0.7846460342407227,0.2870861291885376
YKL013C,YKL203C,0,2.3126578,0.21514488756656647,0.7846460342407227,0.2871861457824707
YHR069C,YGR281W,0,2.3109245,0.21508608758449554,0.7846460342407227,0.2872861921787262
YNL138W-A,YOR222W,0,2.3090572,0.215027317404747,0.7846460342407227,0.2873862087726593
YLR080W,YPL042C,0,2.308715,0.21496859192848206,0.7846460342407227,0.2874862551689148
YLR394W,YMR246W,0,2.3085506,0.2149098813533783,0.7846460342407227,0.2875862717628479
YMR117C,YML052W,0,2.3065257,0.21485121548175812,0.7846460342407227,0.2876863181591034
YGR077C,YOR313C,0,2.3062196,0.21479257941246033,0.7846460342407227,0.2877863347530365
YOL066C,YGR255C,0,2.3023543,0.21473397314548492,0.7846460342407227,0.2878863513469696
YKL064W,YJL006C,0,2.301401,0.2146753966808319,0.7846460342407227,0.2879863977432251
YDR079W,YIL042C,0,2.3004718,0.21461685001850128,0.7846460342407227,0.2880864143371582
YDR429C,YDR222W,0,2.2996554,0.21455834805965424,0.7846460342407227,0.2881864607334137
YJR078W,YMR008C,0,2.2994595,0.21449986100196838,0.7846460342407227,0.2882864773273468
YHR211W,YDL171C,0,2.2992988,0.2144414186477661,0.7846460342407227,0.2883865237236023
YMR194W,YKL205W,0,2.2987628,0.21438300609588623,0.7846460342407227,0.2884865403175354
YDR337W,YBR010W,0,2.2981455,0.21432462334632874,0.7846460342407227,0.2885865867137909
YDR081C,YCL026C-B,0,2.297833,0.21426627039909363,0.7846460342407227,0.288686603307724
YBR274W,YDL039C,0,2.2977512,0.2142079472541809,0.7846460342407227,0.2887866497039795
YBR282W,YGL103W,0,2.2970567,0.21414965391159058,0.7846460342407227,0.2888866662979126
YNL309W,YKL172W,0,2.296795,0.21409140527248383,0.7846460342407227,0.2889866828918457
YBL028C,YPL259C,0,2.2966979,0.21403318643569946,0.7846460342407227,0.2890867292881012
YHR175W,YNL223W,0,2.2962296,0.2139749825000763,0.7846460342407227,0.2891867458820343
YNL314W,YGR034W,0,2.2961845,0.2139168232679367,0.7846460342407227,0.2892867922782898
YEL052W,YIL159W,0,2.2957149,0.2138586938381195,0.7846460342407227,0.2893868088722229
YJL200C,YPL104W,0,2.2930975,0.2138005942106247,0.7846460342407227,0.2894868552684784
YCL008C,YNL202W,0,2.2923994,0.21374252438545227,0.7846460342407227,0.2895868718624115
YGR072W,YJR034W,0,2.2915962,0.21368449926376343,0.7846460342407227,0.289686918258667
YKL217W,YKR056W,0,2.2913184,0.21362648904323578,0.7846460342407227,0.2897869348526001
YMR180C,YKR035W-A,0,2.2912524,0.2135685235261917,0.7846460342407227,0.2898869514465332
YOR239W,YNR028W,0,2.2895997,0.21351058781147003,0.7846460342407227,0.2899869978427887
YDR067C,YIL020C,0,2.2887778,0.21345266699790955,0.7846460342407227,0.2900870144367218
YKL013C,YPL007C,0,2.2881718,0.21339479088783264,0.7846460342407227,0.2901870608329773
YLR157C,YPL002C,0,2.2880857,0.21333694458007812,0.7846460342407227,0.2902870774269104
YPL094C,YCR052W,0,2.2859507,0.213279128074646,0.7846460342407227,0.2903871238231659
YJR119C,YJR034W,0,2.2858975,0.21322135627269745,0.7846460342407227,0.290487140417099
YDL128W,YIL048W,0,2.2853742,0.2131635993719101,0.7846460342407227,0.2905871868133545
YMR089C,YAL063C,0,2.2845912,0.21310587227344513,0.7846460342407227,0.2906872034072876
YOR206W,YGR222W,0,2.282696,0.21304818987846375,0.7846460342407227,0.2907872498035431
YLR141W,YDR211W,0,2.2824388,0.21299052238464355,0.7846460342407227,0.2908872663974762
YBR170C,YOL090W,0,2.2817092,0.21293289959430695,0.7846460342407227,0.2909872829914093
YDR083W,YIL094C,0,2.2816365,0.21287530660629272,0.7846460342407227,0.2910873293876648
YJR107W,YMR229C,0,2.2814314,0.2128177434206009,0.7846460342407227,0.2911873459815979
YDR083W,YLR219W,0,2.2800667,0.21276021003723145,0.7846460342407227,0.2912873923778534
YDR173C,YPR152C,0,2.2789748,0.2127027064561844,0.7846460342407227,0.2913874089717865
YML078W,YMR200W,1,2.2766457,0.21291543543338776,0.7856430411338806,0.2913874089717865
YMR186W,YLL024C,1,2.2754917,0.21312804520130157,0.7866401076316833,0.2913874089717865
YJL029C,YOL101C,0,2.2754533,0.21307048201560974,0.7866401076316833,0.291487455368042
YBR052C,YMR075W,0,2.2749171,0.2130129635334015,0.7866401076316833,0.2915874719619751
YNR013C,YCR097WB,0,2.2746859,0.21295545995235443,0.7866401076316833,0.2916875183582306
YOR274W,YNL283C,0,2.2742698,0.21289800107479095,0.7866401076316833,0.2917875349521637
YDL133C-A,YLR160C,0,2.2740436,0.21284057199954987,0.7866401076316833,0.2918875515460968
YKL170W,YGL030W,0,2.2739525,0.21278317272663116,0.7866401076316833,0.2919875979423523
YDR059C,YGR113W,0,2.2737195,0.21272580325603485,0.7866401076316833,0.2920876145362854
YOR138C,YLR301W,0,2.2735677,0.21266846358776093,0.7866401076316833,0.2921876609325409
YNL006W,YCL043C,1,2.2721598,0.21288062632083893,0.7876371145248413,0.2921876609325409
YER008C,YOR313C,0,2.2720218,0.2128232717514038,0.7876371145248413,0.292287677526474
YKL201C,YLR209C,0,2.2718554,0.21276596188545227,0.7876371145248413,0.2923877239227295
YOR304W,YKR020W,0,2.271796,0.21270866692066193,0.7876371145248413,0.2924877405166626
YPR182W,YPR200C,0,2.270443,0.21265141665935516,0.7876371145248413,0.2925877869129181
YJR032W,YOR349W,1,2.2700922,0.21286329627037048,0.7886341214179993,0.2925877869129181
YDR079W,YLL019C,0,2.26876,0.21280603110790253,0.7886341214179993,0.2926878035068512
YKR002W,YMR304W,0,2.2682846,0.21274879574775696,0.7886341214179993,0.2927878499031067
YMR089C,YIL046W,0,2.2666047,0.21269159018993378,0.7886341214179993,0.2928878664970398
YFR036W,YBR074W,0,2.2654235,0.21263441443443298,0.7886341214179993,0.2929878830909729
YGL018C,YDL212W,1,2.2649589,0.21284601092338562,0.7896311283111572,0.2929878830909729
YLR395C,YNL236W,0,2.263545,0.21278882026672363,0.7896311283111572,0.2930879294872284
YGL037C,YGL004C,0,2.263259,0.21273167431354523,0.7896311283111572,0.2931879460811615
YOL038W,YLR160C,0,2.2628999,0.21267454326152802,0.7896311283111572,0.293287992477417
YDR405W,YNR013C,0,2.2624812,0.21261745691299438,0.7896311283111572,0.2933880090713501
YML058W-A,YFR031C,0,2.2620022,0.21256038546562195,0.7896311283111572,0.2934880554676056
YML036W,YDR392W,0,2.260734,0.2125033587217331,0.7896311283111572,0.2935880720615387
YLR105C,YMR272C,0,2.260316,0.21244634687900543,0.7896311283111572,0.2936881184577942
YHR132C,YGR179C,0,2.2588522,0.21238937973976135,0.7896311283111572,0.2937881350517273
YPR113W,YJR082C,0,2.2581675,0.21233244240283966,0.7896311283111572,0.2938881516456604
YDR072C,YFL033C,0,2.2568097,0.21227553486824036,0.7896311283111572,0.2939881980419159
YMR019W,YOL026C,0,2.255881,0.21221864223480225,0.7896311283111572,0.294088214635849
YEL069C,YLR268W,0,2.2555847,0.21216179430484772,0.7896311283111572,0.2941882610321045
YGL233W,YCL032W,0,2.2555575,0.21210497617721558,0.7896311283111572,0.2942882776260376
YIR004W,YER048C,1,2.254758,0.21231593191623688,0.7906281352043152,0.2942882776260376
YFR031C,YDR461W,0,2.2542322,0.21225909888744354,0.7906281352043152,0.2943883240222931
YIR018W,YDR226W,0,2.2541163,0.2122022956609726,0.7906281352043152,0.2944883406162262
YBR145W,YNR015W,0,2.2537618,0.21214553713798523,0.7906281352043152,0.2945883870124817
YKL161C,YGR229C,0,2.252975,0.21208879351615906,0.7906281352043152,0.2946884036064148
YBR002C,YOL052C,0,2.2526462,0.21203207969665527,0.7906281352043152,0.2947884500026703
YNR074C,YFL010W-A,0,2.2468948,0.21197541058063507,0.7906281352043152,0.2948884665966034
YPL042C,YER185W,0,2.2468112,0.21191875636577606,0.7906281352043152,0.2949884831905365
YDR451C,YCL014W,0,2.2464998,0.21186214685440063,0.7906281352043152,0.295088529586792
YGR185C,YNL182C,0,2.2453103,0.2118055522441864,0.7906281352043152,0.2951885461807251
YKR066C,YNL121C,0,2.2449493,0.21174900233745575,0.7906281352043152,0.2952885925769806
YBR294W,YJL117W,0,2.2449365,0.2116924673318863,0.7906281352043152,0.2953886091709137
YDR460W,YCR011C,0,2.242733,0.21163597702980042,0.7906281352043152,0.2954886555671692
YEL036C,YMR300C,0,2.2424698,0.21157950162887573,0.7906281352043152,0.2955886721611023
YDR144C,YJL053W,0,2.2422607,0.21152307093143463,0.7906281352043152,0.2956887185573578
YLR390W,YIL035C,0,2.2419102,0.21146667003631592,0.7906281352043152,0.2957887351512909
YFR018C,YCL057W,0,2.2414145,0.2114102840423584,0.7906281352043152,0.295888751745224
YIL094C,YLR330W,0,2.2408683,0.21135394275188446,0.7906281352043152,0.2959887981414795
YJR034W,YGL190C,0,2.2394466,0.2112976312637329,0.7906281352043152,0.2960888147354126
YMR319C,YNR044W,0,2.238817,0.21124134957790375,0.7906281352043152,0.2961888611316681
YGR132C,YFL023W,1,2.2385428,0.21145139634609222,0.7916251420974731,0.2961888611316681
YHR056C,YBL076C,0,2.2382717,0.21139509975910187,0.7916251420974731,0.2962888777256012
YPL127C,YKR056W,0,2.2370899,0.2113388329744339,0.7916251420974731,0.2963889241218567
YHR069C,YLR228C,0,2.2362175,0.21128259599208832,0.7916251420974731,0.2964889407157898
YOR020C,YAL029C,0,2.2358277,0.21122638881206512,0.7916251420974731,0.2965889871120453
YDL215C,YOL052C,0,2.235573,0.21117021143436432,0.7916251420974731,0.2966890037059784
YNL085W,YJL206C,0,2.2347522,0.2111140638589859,0.7916251420974731,0.2967890501022339
YMR269W,YDL077C,0,2.234046,0.21105794608592987,0.7916251420974731,0.296889066696167
YLR390W,YPL050C,0,2.2322774,0.21100185811519623,0.7916251420974731,0.2969890832901001
YOR138C,YOL104C,0,2.2314794,0.21094579994678497,0.7916251420974731,0.2970891296863556
YDR172W,YJL085W,0,2.2306314,0.2108897715806961,0.7916251420974731,0.2971891462802887
YJL024C,YMR137C,0,2.2303636,0.21083377301692963,0.7916251420974731,0.2972891926765442
YDR530C,YHR051W,0,2.2303333,0.21077780425548553,0.7916251420974731,0.2973892092704773
YFR018C,YMR213W,0,2.229078,0.21072186529636383,0.7916251420974731,0.2974892556667328
YER151C,YBR059C,0,2.2267368,0.21066595613956451,0.7916251420974731,0.2975892722606659
YMR315W,YDL111C,0,2.2265964,0.21061007678508759,0.7916251420974731,0.2976893186569214
YBL112C,YJL140W,0,2.2255902,0.21055422723293304,0.7916251420974731,0.2977893352508545
YOR054C,YGL062W,0,2.224768,0.2104984074831009,0.7916251420974731,0.29788938164711
YBR271W,YLR316C,0,2.2243602,0.21044261753559113,0.7916251420974731,0.2979893982410431
YMR093W,YOR299W,0,2.224085,0.21038685739040375,0.7916251420974731,0.2980894148349762
YDL070W,YDL097C,0,2.2237616,0.21033112704753876,0.7916251420974731,0.2981894612312317
YNL271C,YKR102W,0,2.2237573,0.21027542650699615,0.7916251420974731,0.2982894778251648
YPR111W,YPR119W,0,2.22324,0.21021975576877594,0.7916251420974731,0.2983895242214203
YDL107W,YNL236W,0,2.2232246,0.2101641148328781,0.7916251420974731,0.2984895408153534
YJL024C,YKL061W,0,2.2230864,0.21010848879814148,0.7916251420974731,0.2985895872116089
YMR020W,YGR258C,0,2.2230864,0.21005290746688843,0.7916251420974731,0.298689603805542
YJR057W,YPL042C,0,2.222255,0.20999735593795776,0.7916251420974731,0.2987896502017975
YMR117C,YLR206W,0,2.2213867,0.2099418342113495,0.7916251420974731,0.2988896667957306
YNL163C,YBR141C,0,2.2211697,0.2098863273859024,0.7916251420974731,0.2989896833896637
YLR329W,YGR229C,0,2.2192013,0.2098308652639389,0.7916251420974731,0.2990897297859192
YJL166W,YPL196W,0,2.2177882,0.2097754329442978,0.7916251420974731,0.2991897463798523
YPL259C,YJL144W,0,2.2158108,0.20972001552581787,0.7916251420974731,0.2992897927761078
YGL037C,YOR219C,0,2.2156765,0.20966464281082153,0.7916251420974731,0.2993898093700409
YDL078C,YMR270C,0,2.2155757,0.20960929989814758,0.7916251420974731,0.2994898557662964
YEL052W,YKL020C,0,2.2144785,0.20955397188663483,0.7916251420974731,0.2995898723602295
YHR002W,YDR205W,0,2.2122312,0.20949867367744446,0.7916251420974731,0.299689918756485
YFR036W,YAL039C,0,2.2099254,0.20944342017173767,0.7916251420974731,0.2997899353504181
YDR518W,YFL013C,0,2.209818,0.20938818156719208,0.7916251420974731,0.2998899817466736
YDR304C,YDR519W,1,2.2093587,0.20959661900997162,0.7926221489906311,0.2998899817466736
YLR208W,YOL038W,0,2.209187,0.20954138040542603,0.7926221489906311,0.2999899983406067
YDL084W,YPL011C,0,2.2081656,0.20948617160320282,0.7926221489906311,0.3000900149345398
YJL155C,YBL091C-A,0,2.2081523,0.2094309777021408,0.7926221489906311,0.3001900613307953
YGL122C,YBL028C,0,2.2073016,0.20937582850456238,0.7926221489906311,0.3002900779247284
YOR243C,YPL096W,0,2.2072952,0.20932069420814514,0.7926221489906311,0.3003901243209839
YDR174W,YNL084C,0,2.2054772,0.2092655897140503,0.7926221489906311,0.300490140914917
YOR327C,YFR052W,0,2.204043,0.20921052992343903,0.7926221489906311,0.3005901873111725
YMR161W,YJR064W,1,2.2031338,0.20941857993602753,0.7936191558837891,0.3005901873111725
YDL142C,YFL054C,0,2.2019405,0.20936349034309387,0.7936191558837891,0.3006902039051056
YLR047C,YPL112C,0,2.2015963,0.2093084454536438,0.7936191558837891,0.3007902503013611
YKL097W-A,YDR449C,0,2.2015095,0.20925341546535492,0.7936191558837891,0.3008902668952942
YLR285W,YCR012W,0,2.2004304,0.20919843018054962,0.7936191558837891,0.3009902834892273
YFR013W,YLR395C,0,2.2000327,0.20914345979690552,0.7936191558837891,0.3010903298854828
YMR146C,YEL040W,0,2.1999912,0.2090885192155838,0.7936191558837891,0.3011903464794159
YOL112W,YGR089W,0,2.1997242,0.20903360843658447,0.7936191558837891,0.3012903928756714
YLR105C,YFL013C,0,2.1987321,0.20897872745990753,0.7936191558837891,0.3013904094696045
YOR317W,YBR222C,0,2.1974442,0.20892389118671417,0.7936191558837891,0.30149045586586
YOR054C,YDL148C,0,2.1972082,0.208869069814682,0.7936191558837891,0.3015904724597931
YGL233W,YPR138C,0,2.1971478,0.20881426334381104,0.7936191558837891,0.3016905188560486
YJR010W,YER171W,0,2.1958656,0.20875950157642365,0.7936191558837891,0.3017905354499817
YHR074W,YLR165C,0,2.1958566,0.20870476961135864,0.7936191558837891,0.3018905818462372
YJR055W,YLR129W,0,2.1924663,0.20865006744861603,0.7936191558837891,0.3019905984401703
YPR072W,YGL180W,0,2.1920793,0.2085953950881958,0.7936191558837891,0.3020906150341034
YBR150C,YDL078C,0,2.191949,0.20854073762893677,0.7936191558837891,0.3021906614303589
YOL062C,YPL027W,0,2.1907668,0.20848612487316132,0.7936191558837891,0.302290678024292
YDR351W,YAR031W,0,2.1903439,0.20843152701854706,0.7936191558837891,0.3023907244205475
YMR020W,YDL055C,0,2.1902652,0.2083769589662552,0.7936191558837891,0.3024907410144806
YMR020W,YBR115C,0,2.188538,0.2083224356174469,0.7936191558837891,0.3025907874107361
YKR008W,YNL297C,0,2.1868243,0.2082679271697998,0.7936191558837891,0.3026908040046692
YGL158W,YGL233W,0,2.18624,0.2082134485244751,0.7936191558837891,0.3027908504009247
YJR036C,YIL006W,0,2.182756,0.20815899968147278,0.7936191558837891,0.3028908669948578
YGR225W,YGL122C,0,2.1826646,0.20810458064079285,0.7936191558837891,0.3029908835887909
YPL188W,YIL132C,0,2.1824665,0.2080501765012741,0.7936191558837891,0.3030909299850464
YBR271W,YBR093C,0,2.1813679,0.20799581706523895,0.7936191558837891,0.3031909465789795
YMR032W,YLR330W,0,2.1810744,0.20794148743152618,0.7936191558837891,0.303290992975235
YGR177C,YGR113W,0,2.1809645,0.2078871726989746,0.7936191558837891,0.3033910095691681
YOL142W,YOR222W,0,2.180735,0.20783290266990662,0.7936191558837891,0.3034910559654236
YEL031W,YJR112W,0,2.1806853,0.20777864754199982,0.7936191558837891,0.3035910725593567
YGL094C,YMR269W,0,2.1806192,0.2077244222164154,0.7936191558837891,0.3036911189556122
YDL215C,YDR211W,0,2.179995,0.20767022669315338,0.7936191558837891,0.3037911355495453
YNL121C,YNR035C,0,2.1794288,0.20761606097221375,0.7936191558837891,0.3038911819458008
YJR107W,YMR078C,0,2.1792178,0.2075619250535965,0.7936191558837891,0.3039911985397339
YKL165C,YKR068C,0,2.179078,0.20750781893730164,0.7936191558837891,0.304091215133667
YER008C,YOR212W,0,2.1784592,0.20745374262332916,0.7936191558837891,0.3041912615299225
YMR169C,YJL006C,0,2.177912,0.20739968121051788,0.7936191558837891,0.3042912781238556
YJR140C,YOR285W,0,2.177875,0.20734566450119019,0.7936191558837891,0.3043913245201111
YMR049C,YHR119W,0,2.1767309,0.20729166269302368,0.7936191558837891,0.3044913411140442
YDL074C,YLR016C,0,2.176579,0.20723770558834076,0.7936191558837891,0.3045913875102997
YJR017C,YDR518W,1,2.1765723,0.20744404196739197,0.794616162776947,0.3045913875102997
YOR230W,YFR019W,0,2.1757238,0.20739005506038666,0.794616162776947,0.3046914041042328
YOR298W,YOR311C,0,2.1755052,0.20733611285686493,0.794616162776947,0.3047914505004883
YDR170C,YGL030W,0,2.1738303,0.2072821855545044,0.794616162776947,0.3048914670944214
YIR005W,YPR163C,0,2.173815,0.20722828805446625,0.794616162776947,0.3049914836883545
YDL217C,YMR008C,0,2.1733484,0.2071744203567505,0.794616162776947,0.30509153008461
YLR348C,YPR138C,0,2.170213,0.20712058246135712,0.794616162776947,0.3051915466785431
YPL134C,YDL128W,0,2.1702075,0.20706677436828613,0.794616162776947,0.3052915930747986
YHR175W,YHR005C-A,0,2.1692939,0.20701298117637634,0.794616162776947,0.3053916096687317
YNL010W,YDL024C,0,2.168978,0.20695923268795013,0.794616162776947,0.3054916560649872
YOR071C,YLR141W,0,2.1672225,0.20690549910068512,0.794616162776947,0.3055916726589203
YNR003C,YJR133W,0,2.1670117,0.2068518102169037,0.794616162776947,0.3056917190551758
YGR036C,YPL188W,0,2.1660452,0.20679813623428345,0.794616162776947,0.3057917356491089
YNL261W,YGL212W,0,2.165341,0.2067444920539856,0.794616162776947,0.3058917820453644
YJL073W,YNL153C,1,2.1646297,0.20695020258426666,0.795613169670105,0.3058917820453644
YKR036C,YBL026W,0,2.1642892,0.2068965584039688,0.795613169670105,0.3059917986392975
YDL061C,YDR449C,0,2.1638906,0.20684292912483215,0.795613169670105,0.3060918152332306
YOL165C,YLL040C,0,2.1637204,0.20678932964801788,0.795613169670105,0.3061918616294861
YJL178C,YNL147W,0,2.1631737,0.2067357450723648,0.795613169670105,0.3062918782234192
YNL236W,YDL078C,0,2.1626296,0.2066822052001953,0.795613169670105,0.3063919246196747
YMR238W,YGL241W,0,2.1620927,0.2066286951303482,0.795613169670105,0.3064919412136078
YNR021W,YFL048C,0,2.1620703,0.2065751999616623,0.795613169670105,0.3065919876098633
YBL098W,YLR309C,0,2.161362,0.20652173459529877,0.795613169670105,0.3066920042037964
YPL127C,YDL083C,0,2.1610692,0.20646829903125763,0.795613169670105,0.3067920506000519
YJR010W,YGL113W,0,2.1605735,0.20641489326953888,0.795613169670105,0.306892067193985
YPR194C,YGR239C,0,2.1605215,0.20636151731014252,0.795613169670105,0.3069920837879181
YOR301W,YGL122C,0,2.1595793,0.20630817115306854,0.795613169670105,0.3070921301841736
YBR059C,YMR039C,0,2.1593828,0.20625483989715576,0.795613169670105,0.3071921467781067
YKL064W,YKR102W,0,2.1587796,0.20620155334472656,0.795613169670105,0.3072921931743622
YFL033C,YDR140W,0,2.1579642,0.20614828169345856,0.795613169670105,0.3073922097682953
YHR069C,YBR271W,0,2.154551,0.20609503984451294,0.795613169670105,0.3074922561645508
YPR001W,YJL192C,0,2.154478,0.2060418277978897,0.795613169670105,0.3075922727584839
YJL112W,YPL027W,0,2.154196,0.20598864555358887,0.795613169670105,0.3076923191547394
YLR129W,YPL167C,0,2.1541054,0.20593547821044922,0.795613169670105,0.3077923357486725
YLR029C,YOR215C,0,2.1530914,0.20588235557079315,0.795613169670105,0.307892382144928
YJR046W,YCR060W,1,2.1522317,0.20608718693256378,0.7966101765632629,0.307892382144928
YLR330W,YNL078W,0,2.151672,0.20603403449058533,0.7966101765632629,0.3079923987388611
YPR127W,YLR042C,0,2.1507468,0.20598092675209045,0.7966101765632629,0.3080924153327942
YDR064W,YNR067C,0,2.1500106,0.20592783391475677,0.7966101765632629,0.3081924617290497
YDR285W,YDR173C,0,2.149921,0.20587477087974548,0.7966101765632629,0.3082924783229828
YMR315W,YDR140W,0,2.1488945,0.20582173764705658,0.7966101765632629,0.3083925247192383
YEL036C,YLR020C,0,2.1486895,0.20576873421669006,0.7966101765632629,0.3084925413131714
YPL083C,YER101C,0,2.1485794,0.20571576058864594,0.7966101765632629,0.3085925877094269
YGR225W,YJL176C,0,2.1483903,0.205662801861763,0.7966101765632629,0.30869260430336
YPR162C,YJL012C-A,0,2.14839,0.20560988783836365,0.7966101765632629,0.3087926506996155
YLR386W,YLR164W,0,2.1481109,0.2055569887161255,0.7966101765632629,0.3088926672935486
YDR383C,YOR054C,0,2.1475382,0.20550411939620972,0.7966101765632629,0.3089926838874817
YHR034C,YCR060W,1,2.147111,0.20570841431617737,0.7976071834564209,0.3089926838874817
YOR251C,YJL095W,0,2.1464853,0.2056555300951004,0.7976071834564209,0.3090927302837372
YOL028C,YDR229W,0,2.1463976,0.20560267567634583,0.7976071834564209,0.3091927468776703
YLL019C,YOR008C,0,2.1459517,0.20554985105991364,0.7976071834564209,0.3092927932739258
YKR102W,YCL026C-B,0,2.145947,0.20549704134464264,0.7976071834564209,0.3093928098678589
YFR013W,YDL133C-A,0,2.1458051,0.20544427633285522,0.7976071834564209,0.3094928562641144
YOR324C,YOL151W,0,2.1457472,0.205391526222229,0.7976071834564209,0.3095928728580475
YDL170W,YGL051W,0,2.145334,0.20533880591392517,0.7976071834564209,0.309692919254303
YDR296W,YNR018W,0,2.1451242,0.20528611540794373,0.7976071834564209,0.3097929358482361
YJL071W,YFL045C,0,2.1445045,0.20523345470428467,0.7976071834564209,0.3098929822444916
YGL062W,YLR164W,0,2.1444707,0.2051808089017868,0.7976071834564209,0.3099929988384247
YGR077C,YOR226C,0,2.1444197,0.20512820780277252,0.7976071834564209,0.3100930154323578
YDL208W,YBL068W,0,2.1443968,0.20507562160491943,0.7976071834564209,0.3101930618286133
YMR033W,YLL061W,0,2.141461,0.20502306520938873,0.7976071834564209,0.3102930784225464
YBR118W,YGL200C,0,2.1407964,0.20497053861618042,0.7976071834564209,0.3103931248188019
YIR011C,YGR216C,0,2.1400552,0.2049180269241333,0.7976071834564209,0.310493141412735
YJR070C,YNR057C,0,2.1399589,0.20486555993556976,0.7976071834564209,0.3105931878089905
YGL083W,YDL197C,0,2.138486,0.20481310784816742,0.7976071834564209,0.3106932044029236
YBL028C,YDR062W,0,2.1383853,0.20476068556308746,0.7976071834564209,0.3107932507991791
YKR056W,YGL256W,0,2.1363091,0.2047082930803299,0.7976071834564209,0.3108932673931122
YMR284W,YIL020C,0,2.135952,0.20465591549873352,0.7976071834564209,0.3109932839870453
YPR144C,YKL124W,0,2.1355128,0.20460358262062073,0.7976071834564209,0.3110933303833008
YGR010W,YMR270C,0,2.1346502,0.20455126464366913,0.7976071834564209,0.3111933469772339
YDR064W,YMR273C,0,2.133649,0.20449897646903992,0.7976071834564209,0.3112933933734894
YBR202W,YKL094W,0,2.1327524,0.2044467180967331,0.7976071834564209,0.3113934099674225
YBR155W,YOR232W,1,2.131173,0.20464996993541718,0.7986041903495789,0.3113934099674225
YPR072W,YMR179W,0,2.1309729,0.20459769666194916,0.7986041903495789,0.311493456363678
YMR090W,YJR032W,0,2.1297183,0.20454545319080353,0.7986041903495789,0.3115934729576111
YBR128C,YER115C,0,2.1290846,0.20449323952198029,0.7986041903495789,0.3116935193538666
YER185W,YMR180C,0,2.1278968,0.20444104075431824,0.7986041903495789,0.3117935359477997
YPL167C,YGR143W,0,2.1274283,0.20438887178897858,0.7986041903495789,0.3118935823440552
YPL183W-A,YMR115W,0,2.1264682,0.2043367326259613,0.7986041903495789,0.3119935989379883
YNL084C,YJL128C,0,2.126183,0.20428462326526642,0.7986041903495789,0.3120936155319214
YFR019W,YAR031W,0,2.1252885,0.20423252880573273,0.7986041903495789,0.3121936619281769
YMR123W,YMR097C,0,2.1252494,0.20418047904968262,0.7986041903495789,0.31229367852211
YPL134C,YMR145C,0,2.125136,0.2041284441947937,0.7986041903495789,0.3123937249183655
YLR395C,YML112W,0,2.1246412,0.20407643914222717,0.7986041903495789,0.3124937415122986
YJL060W,YJL178C,0,2.1242657,0.20402444899082184,0.7986041903495789,0.3125937879085541
YNR028W,YOR338W,0,2.121561,0.20397250354290009,0.7986041903495789,0.3126938045024872
YJL117W,YJR064W,1,2.1215382,0.2041751593351364,0.7996011972427368,0.3126938045024872
YDL198C,YNL092W,0,2.1213546,0.20412318408489227,0.7996011972427368,0.3127938508987427
YAR002C-A,YNL267W,0,2.1212606,0.2040712535381317,0.7996011972427368,0.3128938674926758
YFR033C,YBL068W,0,2.120819,0.20401933789253235,0.7996011972427368,0.3129938840866089
YLR191W,YER052C,0,2.1174316,0.20396745204925537,0.7996011972427368,0.3130939304828644
YNL209W,YHR193C,1,2.1168425,0.2041698396205902,0.8005982041358948,0.3130939304828644
YCR069W,YKL117W,1,2.1167698,0.20437213778495789,0.8015952110290527,0.3130939304828644
YLR090W,YCR060W,1,2.1160982,0.2045743316411972,0.8025922179222107,0.3130939304828644
YKL061W,YKL175W,0,2.1155844,0.20452235639095306,0.8025922179222107,0.3131939470767975
YBR002C,YKR006C,0,2.1155484,0.2044704109430313,0.8025922179222107,0.313293993473053
YDR137W,YFL001W,0,2.1149511,0.20441848039627075,0.8025922179222107,0.3133940100669861
YPR072W,YGL037C,0,2.1143095,0.20436659455299377,0.8025922179222107,0.3134940564632416
YEL052W,YLL034C,0,2.1140337,0.204314723610878,0.8025922179222107,0.3135940730571747
YCL025C,YER090W,0,2.1138728,0.2042628824710846,0.8025922179222107,0.3136941194534302
YKR071C,YKR020W,0,2.1136682,0.2042110562324524,0.8025922179222107,0.3137941360473633
YLR009W,YMR300C,0,2.112868,0.20415927469730377,0.8025922179222107,0.3138941824436188
YBR222C,YMR240C,0,2.111467,0.20410750806331635,0.8025922179222107,0.3139941990375519
YKL217W,YOR187W,0,2.109335,0.2040557712316513,0.8025922179222107,0.314094215631485
YHR211W,YMR033W,0,2.1082745,0.20400404930114746,0.8025922179222107,0.3141942620277405
YNL085W,YMR173W,0,2.1082425,0.2039523720741272,0.8025922179222107,0.3142942786216736
YER074W,YKR028W,0,2.105797,0.20390070974826813,0.8025922179222107,0.3143943250179291
YHR039C-A,YIR032C,0,2.1055446,0.20384907722473145,0.8025922179222107,0.3144943416118622
YBR183W,YEL053C,0,2.1053867,0.20379747450351715,0.8025922179222107,0.3145943880081177
YDL059C,YLL040C,0,2.1051307,0.20374588668346405,0.8025922179222107,0.3146944046020508
YPL139C,YOL124C,0,2.1015592,0.20369432866573334,0.8025922179222107,0.3147944509983063
YGR288W,YEL070W,0,2.100573,0.203642800450325,0.8025922179222107,0.3148944675922394
YER055C,YOL028C,0,2.1003628,0.20359130203723907,0.8025922179222107,0.3149944841861725
YGR112W,YNL307C,0,2.0990934,0.20353981852531433,0.8025922179222107,0.315094530582428
YGL180W,YOL038W,0,2.0989246,0.20348836481571198,0.8025922179222107,0.3151945471763611
YOL082W,YJL082W,0,2.0989141,0.203436940908432,0.8025922179222107,0.3152945935726166
YGR264C,YAL040C,0,2.0972798,0.20338554680347443,0.8025922179222107,0.3153946101665497
YFL013C,YGR134W,0,2.0965037,0.20333418250083923,0.8025922179222107,0.3154946565628052
YOR323C,YNL117W,0,2.0963144,0.20328283309936523,0.8025922179222107,0.3155946731567383
YJL053W,YGL071W,0,2.0956454,0.20323151350021362,0.8025922179222107,0.3156947195529938
YCR030C,YKL103C,0,2.0953956,0.2031802088022232,0.8025922179222107,0.3157947361469269
YML051W,YML056C,0,2.0951204,0.20312894880771637,0.8025922179222107,0.3158947825431824
YLR295C,YHR060W,0,2.0932884,0.20307770371437073,0.8025922179222107,0.3159947991371155
YNL044W,YLL043W,0,2.0924485,0.20302648842334747,0.8025922179222107,0.3160948157310486
YDR527W,YJR063W,0,2.0923128,0.2029752880334854,0.8025922179222107,0.3161948621273041
YGR252W,YBL058W,0,2.0920982,0.20292411744594574,0.8025922179222107,0.3162948787212372
YGL010W,YJL004C,0,2.0919394,0.20287297666072845,0.8025922179222107,0.3163949251174927
YHR174W,YKL172W,0,2.090813,0.20282186567783356,0.8025922179222107,0.3164949417114258
YGR113W,YGR185C,0,2.0902448,0.20277078449726105,0.8025922179222107,0.3165949881076813
YDL179W,YDR226W,0,2.0846877,0.20271971821784973,0.8025922179222107,0.3166950047016144
YKL206C,YBR074W,0,2.084397,0.2026686817407608,0.8025922179222107,0.3167950510978699
YMR182C,YPL208W,0,2.0836258,0.20261767506599426,0.8025922179222107,0.316895067691803
YPL183W-A,YOR226C,0,2.081625,0.20256668329238892,0.8025922179222107,0.3169950842857361
YBR247C,YGL186C,0,2.079869,0.20251572132110596,0.8025922179222107,0.3170951306819916
YOL043C,YLR130C,0,2.0787058,0.20246478915214539,0.8025922179222107,0.3171951472759247
YBL085W,YHR058C,0,2.0776806,0.2024138867855072,0.8025922179222107,0.3172951936721802
YOL093W,YMR090W,0,2.075148,0.2023629993200302,0.8025922179222107,0.3173952102661133
YOL088C,YNL281W,1,2.0750816,0.20256346464157104,0.8035892248153687,0.3173952102661133
YML099C,YNL175C,0,2.073628,0.20251256227493286,0.8035892248153687,0.3174952566623688
YKL053C-A,YGR239C,0,2.072428,0.20246168971061707,0.8035892248153687,0.3175952732563019
YNL102W,YJL053W,0,2.0721605,0.20241084694862366,0.8035892248153687,0.3176953196525574
YJR055W,YNL223W,0,2.0717564,0.20236003398895264,0.8035892248153687,0.3177953362464905
YJL024C,YGR070W,0,2.0716865,0.2023092359304428,0.8035892248153687,0.31789538264274597
YJR055W,YJL112W,0,2.0708694,0.20225846767425537,0.8035892248153687,0.3179953992366791
YBR261C,YOL052C,0,2.0691378,0.20220772922039032,0.8035892248153687,0.3180954158306122
YMR227C,YKR006C,0,2.069019,0.20215700566768646,0.8035892248153687,0.3181954622268677
YGL094C,YAL017W,0,2.0686345,0.202106311917305,0.8035892248153687,0.3182954788208008
YJR021C,YNL032W,0,2.068211,0.2020556479692459,0.8035892248153687,0.3183955252170563
YBR150C,YLR309C,0,2.06646,0.20200501382350922,0.8035892248153687,0.3184955418109894
YJR034W,YCR046C,0,2.0662355,0.20195439457893372,0.8035892248153687,0.3185955882072449
YGR264C,YJL006C,0,2.066081,0.2019038051366806,0.8035892248153687,0.318695604801178
YGL200C,YBR192W,0,2.0653694,0.20185324549674988,0.8035892248153687,0.31879565119743347
YDR369C,YGR089W,0,2.064364,0.20180270075798035,0.8035892248153687,0.3188956677913666
YJR119C,YPL196W,0,2.064092,0.2017521858215332,0.8035892248153687,0.3189956843852997
YDL035C,YGL051W,0,2.0624967,0.20170170068740845,0.8035892248153687,0.3190957307815552
YNR067C,YDR076W,0,2.062363,0.20165124535560608,0.8035892248153687,0.3191957473754883
YLR359W,YPR127W,0,2.0613914,0.2016008049249649,0.8035892248153687,0.3192957937717438
YNL271C,YLL012W,0,2.0612414,0.20155039429664612,0.8035892248153687,0.3193958103656769
YOR168W,YBR261C,0,2.061235,0.20149999856948853,0.8035892248153687,0.3194958567619324
YDR245W,YPL147W,0,2.0565286,0.20144963264465332,0.8035892248153687,0.3195958733558655
YHR061C,YLR016C,0,2.0559003,0.2013992965221405,0.8035892248153687,0.31969591975212097
YMR137C,YLR028C,0,2.0556498,0.20134899020195007,0.8035892248153687,0.3197959363460541
YML006C,YDL039C,0,2.0553646,0.20129869878292084,0.8035892248153687,0.31989598274230957
YIL021W,YIR018W,0,2.0542583,0.201248437166214,0.8035892248153687,0.3199959993362427
YFR045W,YLR285W,0,2.052174,0.20119820535182953,0.8035892248153687,0.3200960159301758
YML048W,YDR518W,1,2.0513585,0.20139755308628082,0.8045862317085266,0.3200960159301758
YPR182W,YGL186C,0,2.0512958,0.20134730637073517,0.8045862317085266,0.3201960623264313
YKL094W,YER190W,0,2.0505934,0.2012970745563507,0.8045862317085266,0.3202960789203644
YBR059C,YJL004C,0,2.0495543,0.20124688744544983,0.8045862317085266,0.3203961253166199
YGL183C,YBR173C,0,2.0473933,0.20119671523571014,0.8045862317085266,0.320496141910553
YLR314C,YKL180W,0,2.0473413,0.20114655792713165,0.8045862317085266,0.32059618830680847
YFR021W,YGR077C,0,2.0472088,0.20109643042087555,0.8045862317085266,0.3206962049007416
YIL002C,YGL220W,0,2.045989,0.20104633271694183,0.8045862317085266,0.32079625129699707
YNL073W,YDR281C,0,2.0453622,0.2009962648153305,0.8045862317085266,0.3208962678909302
YNL073W,YLR009W,0,2.0447974,0.20094621181488037,0.8045862317085266,0.3209962844848633
YBL058W,YGR070W,0,2.0437253,0.20089618861675262,0.8045862317085266,0.3210963308811188
YLR042C,YDL045C,0,2.0425038,0.20084619522094727,0.8045862317085266,0.3211963474750519
YBR247C,YKL015W,0,2.042314,0.2007962167263031,0.8045862317085266,0.3212963938713074
YGL094C,YOR243C,0,2.042212,0.20074626803398132,0.8045862317085266,0.3213964104652405
YOL112W,YDL215C,0,2.041222,0.20069634914398193,0.8045862317085266,0.32149645686149597
YDR059C,YMR087W,0,2.041174,0.20064644515514374,0.8045862317085266,0.3215964734554291
YOL129W,YEL012W,0,2.0406225,0.20059657096862793,0.8045862317085266,0.32169651985168457
YNL283C,YBR271W,0,2.038988,0.2005467265844345,0.8045862317085266,0.3217965364456177
YJL024C,YNR035C,0,2.0381484,0.20049689710140228,0.8045862317085266,0.32189658284187317
YDR211W,YIL132C,0,2.0374155,0.20044709742069244,0.8045862317085266,0.3219965994358063
YPR190C,YLR187W,0,2.037315,0.2003973126411438,0.8045862317085266,0.3220966160297394
YBL058W,YKL210W,0,2.037108,0.20034757256507874,0.8045862317085266,0.3221966624259949
YOR349W,YMR239C,0,2.0364406,0.20029784739017487,0.8045862317085266,0.322296679019928
YLR429W,YGL051W,0,2.0357623,0.2002481371164322,0.8045862317085266,0.32239672541618347
YDL054C,YNL084C,0,2.033998,0.2001984566450119,0.8045862317085266,0.3224967420101166
YOR324C,YNL052W,0,2.0331428,0.200148805975914,0.8045862317085266,0.32259678840637207
YLR029C,YGL233W,0,2.0329375,0.2000991851091385,0.8045862317085266,0.3226968050003052
YPL147W,YDL225W,0,2.03211,0.20004957914352417,0.8045862317085266,0.32279685139656067
YKL061W,YIR032C,0,2.0320866,0.20000000298023224,0.8045862317085266,0.3228968679904938
YDR419W,YBR096W,0,2.0318995,0.1999504417181015,0.8045862317085266,0.3229968845844269
YLL019C,YGR134W,0,2.030284,0.19990091025829315,0.8045862317085266,0.3230969309806824
YMR117C,YER098W,0,2.0301626,0.1998514086008072,0.8045862317085266,0.3231969475746155
YLL003W,YFR018C,0,2.0293665,0.19980193674564362,0.8045862317085266,0.32329699397087097
YLR359W,YDL035C,0,2.0291715,0.19975247979164124,0.8045862317085266,0.3233970105648041
YGR052W,YHR109W,0,2.029076,0.19970303773880005,0.8045862317085266,0.32349705696105957
YLR305C,YAR035W,0,2.0289369,0.19965364038944244,0.8045862317085266,0.3235970735549927
YMR005W,YDR164C,0,2.0287867,0.19960425794124603,0.8045862317085266,0.32369711995124817
YIR004W,YIL016W,1,2.0283434,0.19980217516422272,0.8055832386016846,0.32369711995124817
YJL178C,YNL239W,0,2.0279355,0.1997527778148651,0.8055832386016846,0.3237971365451813
YGR095C,YBR281C,0,2.0275147,0.1997034102678299,0.8055832386016846,0.32389718294143677
YOR219C,YBL034C,0,2.0274727,0.19965405762195587,0.8055832386016846,0.3239971995353699
YHR135C,YOL040C,0,2.0264604,0.19960474967956543,0.8055832386016846,0.324097216129303
YGR072W,YML056C,0,2.02585,0.199555441737175,0.8055832386016846,0.32419726252555847
YPL083C,YFR018C,0,2.024294,0.19950617849826813,0.8055832386016846,0.3242972791194916
YLR344W,YHR079C,0,2.0228555,0.19945693016052246,0.8055832386016846,0.32439732551574707
YHR211W,YOR324C,0,2.022817,0.199407696723938,0.8055832386016846,0.3244973421096802
YOR106W,YOL151W,0,2.0224848,0.1993584930896759,0.8055832386016846,0.32459738850593567
YNL223W,YDR461W,0,2.0211272,0.1993093192577362,0.8055832386016846,0.3246974050998688
YDR473C,YMR145C,0,2.0209277,0.1992601752281189,0.8055832386016846,0.32479745149612427
YDR419W,YPL087W,0,2.0179853,0.19921104609966278,0.8055832386016846,0.3248974680900574
YOR323C,YBR222C,0,2.0175061,0.19916194677352905,0.8055832386016846,0.3249974846839905
YGL186C,YBR274W,0,2.0172544,0.19911286234855652,0.8055832386016846,0.32509753108024597
YML032C,YIL020C,0,2.0162497,0.19906380772590637,0.8055832386016846,0.3251975476741791
YJR092W,YOR310C,0,2.0155334,0.1990147829055786,0.8055832386016846,0.32529759407043457
YJR057W,YMR005W,0,2.0148716,0.19896577298641205,0.8055832386016846,0.3253976106643677
YDR263C,YDL078C,0,2.014497,0.19891679286956787,0.8055832386016846,0.32549765706062317
YPR189W,YCR030C,0,2.0134048,0.1988678276538849,0.8055832386016846,0.3255976736545563
YLL051C,YPR162C,0,2.0127707,0.1988188922405243,0.8055832386016846,0.32569772005081177
YKL038W,YPL167C,0,2.0124242,0.19876998662948608,0.8055832386016846,0.3257977366447449
YBL005W-B,YOR226C,0,2.012279,0.19872109591960907,0.8055832386016846,0.32589778304100037
YGR169C,YPR187W,0,2.0118682,0.19867223501205444,0.8055832386016846,0.32599779963493347
YIR011C,YMR304W,0,2.0118203,0.1986234039068222,0.8055832386016846,0.3260978162288666
YLR447C,YJR032W,0,2.0115936,0.19857458770275116,0.8055832386016846,0.32619786262512207
YPL200W,YCL004W,0,2.0112097,0.1985258013010025,0.8055832386016846,0.3262978792190552
YOR074C,YNL335W,0,2.0108995,0.19847702980041504,0.8055832386016846,0.32639792561531067
YOL057W,YPL110C,0,2.0102348,0.19842828810214996,0.8055832386016846,0.3264979422092438
YIL061C,YDR172W,0,2.0085485,0.19837957620620728,0.8055832386016846,0.32659798860549927
YFL023W,YJL008C,1,2.0071752,0.19857633113861084,0.8065802454948425,0.32659798860549927
YHR176W,YPL064C,1,2.0063162,0.19877301156520844,0.8075772523880005,0.32659798860549927
YNL223W,YPL252C,0,2.0056,0.19872424006462097,0.8075772523880005,0.3266980051994324
YGR281W,YMR172W,0,2.0053263,0.1986754983663559,0.8075772523880005,0.32679805159568787
YLR353W,YMR087W,0,2.005305,0.19862677156925201,0.8075772523880005,0.32689806818962097
YDR196C,YOR283W,0,2.0051005,0.1985780894756317,0.8075772523880005,0.3269980847835541
YPL163C,YPL007C,0,2.0046291,0.1985294073820114,0.8075772523880005,0.32709813117980957
YNL008C,YGR112W,0,2.004465,0.1984807699918747,0.8075772523880005,0.3271981477737427
YER049W,YLR383W,0,2.0040212,0.19843214750289917,0.8075772523880005,0.32729819416999817
YKL126W,YNL084C,0,2.003887,0.19838353991508484,0.8075772523880005,0.3273982107639313
YPL127C,YIL132C,0,2.0033514,0.1983349621295929,0.8075772523880005,0.32749825716018677
YIR004W,YDR518W,1,2.0029202,0.19853121042251587,0.8085742592811584,0.32749825716018677
YHR030C,YKL168C,0,2.0028791,0.19848261773586273,0.8085742592811584,0.3275982737541199
YOR020C,YDR304C,1,2.0012813,0.19867873191833496,0.8095712661743164,0.3275982737541199
YDR254W,YKL172W,0,2.0006979,0.19863013923168182,0.8095712661743164,0.32769832015037537
YJL081C,YBL092W,0,2.000496,0.19858156144618988,0.8095712661743164,0.32779833674430847
YMR019W,YBL091C-A,0,2.000452,0.19853301346302032,0.8095712661743164,0.32789838314056396
YNR028W,YML048W,1,1.999156,0.19872891902923584,0.8105682730674744,0.32789838314056396
YOR145C,YOR074C,0,1.9982873,0.1986803561449051,0.8105682730674744,0.32799839973449707
YLR105C,YCL043C,0,1.9975216,0.19863180816173553,0.8105682730674744,0.3280984163284302
YOL141W,YOL158C,0,1.9975178,0.19858328998088837,0.8105682730674744,0.32819846272468567
YMR049C,YHR132C,0,1.997197,0.1985348016023636,0.8105682730674744,0.3282984793186188
YNL302C,YDL035C,0,1.9971199,0.198486328125,0.8105682730674744,0.32839852571487427
YJR036C,YKL175W,0,1.9971001,0.1984378844499588,0.8105682730674744,0.3284985423088074
YOR212W,YLR160C,0,1.996347,0.1983894556760788,0.8105682730674744,0.32859858870506287
YPL274W,YGR239C,0,1.9955873,0.19834105670452118,0.8105682730674744,0.32869860529899597
YDL140C,YMR200W,0,1.9954369,0.19829268753528595,0.8105682730674744,0.32879865169525146
YER074W,YHR079C,0,1.9953442,0.19824433326721191,0.8105682730674744,0.32889866828918457
YGL162W,YOR148C,0,1.9938672,0.19819600880146027,0.8105682730674744,0.3289986848831177
YAL053W,YHR142W,1,1.9924178,0.19839142262935638,0.8115652799606323,0.3289986848831177
YKL165C,YGR134W,0,1.9923971,0.19834308326244354,0.8115652799606323,0.32909873127937317
YAL063C,YNL117W,0,1.9923313,0.1982947587966919,0.8115652799606323,0.3291987478733063
YNL008C,YBR275C,0,1.9909358,0.19824646413326263,0.8115652799606323,0.32929879426956177
YNL261W,YPL218W,0,1.9871076,0.19819819927215576,0.8115652799606323,0.3293988108634949
YDR263C,YGR032W,0,1.9868793,0.19814994931221008,0.8115652799606323,0.32949885725975037
YEL030W,YMR214W,1,1.9866881,0.1983450949192047,0.8125622868537903,0.32949885725975037
YLR163C,YMR267W,0,1.9866492,0.19829683005809784,0.8125622868537903,0.32959887385368347
YIL079C,YOR327C,0,1.9862745,0.19824859499931335,0.8125622868537903,0.32969892024993896
YFR013W,YER154W,0,1.9859699,0.19820038974285126,0.8125622868537903,0.32979893684387207
YIL128W,YLR113W,0,1.985658,0.19815219938755035,0.8125622868537903,0.32989898324012756
YGR113W,YJL134W,0,1.9856534,0.19810403883457184,0.8125622868537903,0.32999899983406067
YDR304C,YDR518W,1,1.98493,0.19829890131950378,0.8135592937469482,0.32999899983406067
YJR138W,YBR260C,0,1.9843405,0.19825072586536407,0.8135592937469482,0.3300990164279938
YCL025C,YCR046C,0,1.9840875,0.19820258021354675,0.8135592937469482,0.33019906282424927
YKL090W,YJL128C,0,1.9836273,0.19815444946289062,0.8135592937469482,0.3302990794181824
YIL139C,YGR285C,0,1.9834411,0.1981063336133957,0.8135592937469482,0.33039912581443787
YJR004C,YPR171W,0,1.9827728,0.19805824756622314,0.8135592937469482,0.33049914240837097
YKR054C,YIL042C,0,1.982596,0.19801019132137299,0.8135592937469482,0.33059918880462646
YMR049C,YNL259C,0,1.9825864,0.19796214997768402,0.8135592937469482,0.33069920539855957
YGL122C,YLR130C,0,1.981929,0.19791413843631744,0.8135592937469482,0.33079925179481506
YDL054C,YPR135W,0,1.9803678,0.19786615669727325,0.8135592937469482,0.33089926838874817
YNR003C,YKL189W,0,1.9800329,0.19781817495822906,0.8135592937469482,0.3309992849826813
YGR078C,YJL073W,1,1.9799194,0.1980126053094864,0.814556360244751,0.3309992849826813
YKL119C,YLR206W,0,1.9798266,0.1979646235704422,0.814556360244751,0.33109933137893677
YDR304C,YOR327C,0,1.9796486,0.1979166716337204,0.814556360244751,0.3311993479728699
YOR265W,YJL014W,1,1.9791362,0.1981109231710434,0.8155533671379089,0.3311993479728699
YER013W,YFL057C,0,1.9779667,0.1980629563331604,0.8155533671379089,0.33129939436912537
YKR071C,YPL274W,0,1.9768391,0.1980150043964386,0.8155533671379089,0.33139941096305847
YLR395C,YBR187W,0,1.9765468,0.19796708226203918,0.8155533671379089,0.33149945735931396
YBR202W,YPL134C,0,1.9762143,0.19791918992996216,0.8155533671379089,0.33159947395324707
YJL225C,YDL170W,0,1.9751471,0.19787131249904633,0.8155533671379089,0.33169952034950256
YHR179W,YPL113C,0,1.9750886,0.19782346487045288,0.8155533671379089,0.33179953694343567
YMR077C,YPR137W,0,1.9746087,0.19777563214302063,0.8155533671379089,0.33189958333969116
YIR011C,YMR218C,0,1.9730119,0.19772782921791077,0.8155533671379089,0.33199959993362427
YNL160W,YNL138W,0,1.9711655,0.1976800411939621,0.8155533671379089,0.3320996165275574
YDL111C,YGL200C,0,1.9706814,0.19763228297233582,0.8155533671379089,0.33219966292381287
YJR151C,YKR101W,0,1.9705756,0.19758453965187073,0.8155533671379089,0.33229967951774597
YPR187W,YPR043W,0,1.9696805,0.19753682613372803,0.8155533671379089,0.33239972591400146
YKL061W,YCR026C,0,1.9686179,0.19748914241790771,0.8155533671379089,0.33249974250793457
YLR244C,YLL033W,0,1.9668953,0.1974414736032486,0.8155533671379089,0.33259978890419006
YLR404W,YMR145C,0,1.9667466,0.19739381968975067,0.8155533671379089,0.33269980549812317
YIL020C,YLR088W,0,1.9666083,0.19734619557857513,0.8155533671379089,0.33279985189437866
YOL145C,YOR138C,0,1.9664364,0.19729860126972198,0.8155533671379089,0.33289986848831177
YGR085C,YNL044W,0,1.9660367,0.19725102186203003,0.8155533671379089,0.3329998850822449
YML078W,YFR041C,1,1.9641459,0.19744455814361572,0.8165503740310669,0.3329998850822449
YMR039C,YBL079W,0,1.9626689,0.19739696383476257,0.8165503740310669,0.33309993147850037
YPL213W,YHR074W,0,1.9622388,0.1973493993282318,0.8165503740310669,0.33319994807243347
YLL029W,YLR043C,0,1.9620824,0.19730184972286224,0.8165503740310669,0.33329999446868896
YHR034C,YIL142W,1,1.9606292,0.19749517738819122,0.8175473809242249,0.33329999446868896
YKL203C,YKR006C,0,1.9589013,0.19744762778282166,0.8175473809242249,0.33340001106262207
YGR225W,YPL139C,0,1.9577192,0.19740009307861328,0.8175473809242249,0.33350005745887756
YJL124C,YJR053W,0,1.9559498,0.1973525881767273,0.8175473809242249,0.33360007405281067
YDL107W,YGR070W,0,1.9558032,0.1973050981760025,0.8175473809242249,0.33370012044906616
YOL093W,YDR062W,0,1.9545484,0.1972576379776001,0.8175473809242249,0.33380013704299927
YKR008W,YMR200W,0,1.9531186,0.1972101926803589,0.8175473809242249,0.33390018343925476
YNL052W,YFL013C,0,1.9515039,0.19716277718544006,0.8175473809242249,0.33400020003318787
YPL150W,YHR132C,0,1.9511547,0.19711539149284363,0.8175473809242249,0.33410021662712097
YLR028C,YNL175C,0,1.9505965,0.1970680058002472,0.8175473809242249,0.33420026302337646
YOR311C,YPR138C,0,1.9489863,0.19702066481113434,0.8175473809242249,0.33430027961730957
YER013W,YDR229W,0,1.9486444,0.19697333872318268,0.8175473809242249,0.33440032601356506
YKR006C,YDL045C,0,1.9473816,0.1969260275363922,0.8175473809242249,0.33450034260749817
YIL088C,YLR228C,0,1.947304,0.19687874615192413,0.8175473809242249,0.33460038900375366
YDR492W,YEL070W,0,1.9459496,0.19683149456977844,0.8175473809242249,0.33470040559768677
YOL112W,YJL192C,0,1.9453065,0.19678425788879395,0.8175473809242249,0.33480045199394226
YKL061W,YLR050C,0,1.9450188,0.19673705101013184,0.8175473809242249,0.33490046858787537
YDR072C,YPL007C,0,1.944825,0.19668985903263092,0.8175473809242249,0.33500051498413086
YCL018W,YJR051W,0,1.9447806,0.1966426819562912,0.8175473809242249,0.33510053157806396
YNL135C,YCR060W,1,1.9421749,0.19683529436588287,0.8185443878173828,0.33510053157806396
YPL082C,YBR010W,0,1.9413698,0.19678811728954315,0.8185443878173828,0.33520054817199707
YDR512C,YER190W,0,1.9412766,0.19674095511436462,0.8185443878173828,0.33530059456825256
YMR008C,YDR207C,0,1.9403291,0.19669382274150848,0.8185443878173828,0.33540061116218567
YOL010W,YNL121C,0,1.9396496,0.19664670526981354,0.8185443878173828,0.33550065755844116
YLR203C,YKL144C,0,1.9394323,0.19659961760044098,0.8185443878173828,0.33560067415237427
YOL082W,YJL128C,0,1.9393474,0.19655254483222961,0.8185443878173828,0.33570072054862976
YMR097C,YPR133W-A,0,1.9386072,0.19650550186634064,0.8185443878173828,0.33580073714256287
YNR021W,YPL110C,0,1.9383994,0.19645848870277405,0.8185443878173828,0.33590078353881836
YNL172W,YPL119C,0,1.9379272,0.19641149044036865,0.8185443878173828,0.33600080013275146
YHR030C,YBR173C,0,1.9365717,0.19636450707912445,0.8185443878173828,0.33610081672668457
YJL034W,YML048W,1,1.9346123,0.1965566724538803,0.8195413947105408,0.33610081672668457
YAL053W,YIL142W,1,1.9342959,0.196748748421669,0.8205384016036987,0.33610081672668457
YER055C,YCL004W,0,1.9315529,0.19670172035694122,0.8205384016036987,0.33620086312294006
YLR183C,YDR476C,0,1.9313285,0.19665472209453583,0.8205384016036987,0.33630087971687317
YGL068W,YLR321C,0,1.9298713,0.19660773873329163,0.8205384016036987,0.33640092611312866
YOR074C,YOR294W,0,1.929795,0.1965607851743698,0.8205384016036987,0.33650094270706177
YNL117W,YIL095W,0,1.9288116,0.1965138465166092,0.8205384016036987,0.33660098910331726
YDR378C,YOR324C,0,1.9286456,0.19646693766117096,0.8205384016036987,0.33670100569725037
YGL209W,YOR283W,0,1.928045,0.19642004370689392,0.8205384016036987,0.33680105209350586
YJL191W,YLR026C,0,1.9256102,0.19637317955493927,0.8205384016036987,0.33690106868743896
YPR072W,YPR043W,0,1.9249339,0.1963263303041458,0.8205384016036987,0.33700111508369446
YCR030C,YHR056C,0,1.9245758,0.19627951085567474,0.8205384016036987,0.33710113167762756
YJL214W,YHR135C,0,1.9243486,0.19623270630836487,0.8205384016036987,0.33720114827156067
YHR211W,YJR031C,0,1.9226143,0.19618593156337738,0.8205384016036987,0.33730119466781616
YGR145W,YPR043W,0,1.9221325,0.19613918662071228,0.8205384016036987,0.33740121126174927
YHR211W,YJL053W,0,1.9220387,0.19609244167804718,0.8205384016036987,0.33750125765800476
YBL112C,YDR353W,0,1.9211118,0.19604574143886566,0.8205384016036987,0.33760127425193787
YGR036C,YDR159W,0,1.9205115,0.19599904119968414,0.8205384016036987,0.33770132064819336
YOL158C,YIR039C,0,1.9204453,0.1959523856639862,0.8205384016036987,0.33780133724212646
YHR012W,YGL019W,0,1.9200834,0.19590573012828827,0.8205384016036987,0.33790138363838196
YDR155C,YFR041C,1,1.9199696,0.19609709084033966,0.8215354084968567,0.33790138363838196
YPR080W,YFL023W,0,1.9193714,0.19605043530464172,0.8215354084968567,0.33800140023231506
YPL183W-A,YOR311C,0,1.919162,0.19600380957126617,0.8215354084968567,0.33810141682624817
YNL026W,YML132W,0,1.9190247,0.19595719873905182,0.8215354084968567,0.33820146322250366
YOL145C,YFR045W,0,1.9188733,0.19591060280799866,0.8215354084968567,0.33830147981643677
YLR129W,YMR240C,0,1.9178836,0.19586403667926788,0.8215354084968567,0.33840152621269226
YPR187W,YOR216C,0,1.9157146,0.1958174854516983,0.8215354084968567,0.33850154280662537
YOR301W,YJL171C,0,1.9156349,0.1957709640264511,0.8215354084968567,0.33860158920288086
YGR085C,YDL028C,0,1.9144775,0.1957244724035263,0.8215354084968567,0.33870160579681396
YDR164C,YLL019C,0,1.9143589,0.1956779807806015,0.8215354084968567,0.33880165219306946
YNL309W,YGL169W,0,1.9139323,0.19563153386116028,0.8215354084968567,0.33890166878700256
YPL213W,YBL011W,0,1.9121466,0.19558508694171906,0.8215354084968567,0.33900171518325806
YBR020W,YDR164C,0,1.9118918,0.1955386847257614,0.8215354084968567,0.33910173177719116
YMR090W,YJL053W,0,1.9117804,0.19549228250980377,0.8215354084968567,0.33920174837112427
YPR167C,YOR304W,0,1.9106133,0.1954459249973297,0.8215354084968567,0.33930179476737976
YLR395C,YDR378C,0,1.9079809,0.19539956748485565,0.8215354084968567,0.33940181136131287
YLR206W,YLR429W,0,1.9073935,0.19535325467586517,0.8215354084968567,0.33950185775756836
YCR052W,YPR125W,0,1.9065361,0.1953069418668747,0.8215354084968567,0.33960187435150146
YLR047C,YBR230C,0,1.9064927,0.1952606588602066,0.8215354084968567,0.33970192074775696
YML058W-A,YFL033C,0,1.9060878,0.1952144056558609,0.8215354084968567,0.33980193734169006
YKR057W,YKL015W,0,1.9056962,0.1951681673526764,0.8215354084968567,0.33990198373794556
YDR530C,YDL128W,0,1.9053047,0.19512194395065308,0.8215354084968567,0.34000200033187866
YGR268C,YPR083W,0,1.9047357,0.19507575035095215,0.8215354084968567,0.34010201692581177
YMR304W,YBR257W,0,1.9047216,0.1950295865535736,0.8215354084968567,0.34020206332206726
YCL036W,YCL026C-B,0,1.9047141,0.19498343765735626,0.8215354084968567,0.34030207991600037
YPR137W,YLR380W,0,1.9045373,0.1949373036623001,0.8215354084968567,0.34040212631225586
YLR141W,YNL032W,0,1.9043186,0.19489119946956635,0.8215354084968567,0.34050214290618896
YER154W,YML099C,0,1.9042944,0.19484511017799377,0.8215354084968567,0.34060218930244446
YMR145C,YJR103W,0,1.9041669,0.1947990506887436,0.8215354084968567,0.34070220589637756
YPL151C,YOR162C,0,1.9036043,0.1947530061006546,0.8215354084968567,0.34080225229263306
YLL051C,YKL189W,0,1.9033345,0.194706991314888,0.8215354084968567,0.34090226888656616
YBR120C,YBR010W,0,1.9031203,0.1946609914302826,0.8215354084968567,0.34100231528282166
YDL197C,YFL021W,0,1.9029583,0.19461502134799957,0.8215354084968567,0.34110233187675476
YPL139C,YER074W,0,1.9029255,0.19456906616687775,0.8215354084968567,0.34120234847068787
YNL117W,YGL216W,0,1.9025018,0.1945231407880783,0.8215354084968567,0.34130239486694336
YML099C,YIL076W,0,1.9024034,0.19447723031044006,0.8215354084968567,0.34140241146087646
YDR164C,YNL078W,0,1.902133,0.194431334733963,0.8215354084968567,0.34150245785713196
YHR057C,YDL212W,1,1.9015932,0.19462136924266815,0.8225324153900146,0.34150245785713196
YDL061C,YOR098C,0,1.9014761,0.1945754736661911,0.8225324153900146,0.34160247445106506
YMR246W,YGR089W,0,1.9013598,0.19452959299087524,0.8225324153900146,0.34170252084732056
YGL050W,YHR085W,0,1.9008858,0.19448372721672058,0.8225324153900146,0.34180253744125366
YOR388C,YGL190C,0,1.8996016,0.1944378912448883,0.8225324153900146,0.34190258383750916
YML094W,YEL030W,1,1.8995445,0.19462771713733673,0.8235294222831726,0.34190258383750916
YIL002C,YCR002C,0,1.8988091,0.19458186626434326,0.8235294222831726,0.34200260043144226
YDR263C,YOR025W,0,1.8987472,0.194536030292511,0.8235294222831726,0.34210261702537537
YJL117W,YLR090W,1,1.8982866,0.19472569227218628,0.8245264291763306,0.34210261702537537
YNL127W,YDR173C,0,1.8981292,0.194679856300354,0.8245264291763306,0.34220266342163086
YML078W,YGR231C,1,1.8970625,0.19486938416957855,0.8255234360694885,0.34220266342163086
YDR411C,YNL230C,0,1.8949212,0.19482353329658508,0.8255234360694885,0.34230268001556396
YKR057W,YDR222W,0,1.8943987,0.1947776973247528,0.8255234360694885,0.34240272641181946
YER087C-B,YDR508C,0,1.8934634,0.19473189115524292,0.8255234360694885,0.34250274300575256
YCL018W,YJL187C,0,1.8928508,0.19468609988689423,0.8255234360694885,0.34260278940200806
YJL166W,YOL107W,0,1.8926389,0.19464033842086792,0.8255234360694885,0.34270280599594116
YBR282W,YPR163C,0,1.8903595,0.1945945918560028,0.8255234360694885,0.34280285239219666
YOR159C,YOL104C,0,1.8899653,0.19454887509346008,0.8255234360694885,0.34290286898612976
YCL018W,YOR099W,0,1.889687,0.19450317323207855,0.8255234360694885,0.34300291538238525
YFL023W,YEL003W,1,1.8888345,0.19469234347343445,0.8265204429626465,0.34300291538238525
YBR282W,YGL169W,0,1.888424,0.19464662671089172,0.8265204429626465,0.34310293197631836
YGL212W,YJR103W,0,1.8866894,0.1946009397506714,0.8265204429626465,0.34320294857025146
YGR251W,YBR177C,0,1.8862071,0.19455526769161224,0.8265204429626465,0.34330299496650696
YOR355W,YMR159C,0,1.8857658,0.1945096254348755,0.8265204429626465,0.34340301156044006
YNL131W,YKL007W,0,1.884948,0.19446399807929993,0.8265204429626465,0.34350305795669556
YMR145C,YOR349W,0,1.8848324,0.19441838562488556,0.8265204429626465,0.34360307455062866
YPL127C,YLR160C,0,1.8826634,0.19437280297279358,0.8265204429626465,0.34370312094688416
YKL170W,YLL027W,0,1.8806946,0.1943272352218628,0.8265204429626465,0.34380313754081726
YLR244C,YDR072C,0,1.8801363,0.1942816972732544,0.8265204429626465,0.34390318393707275
YBR222C,YDL035C,0,1.879838,0.1942361742258072,0.8265204429626465,0.34400320053100586
YLR200W,YMR200W,1,1.8792529,0.19442492723464966,0.8275174498558044,0.34400320053100586
YGR036C,YIL035C,0,1.8784907,0.19437938928604126,0.8275174498558044,0.34410321712493896
YPR035W,YDR164C,0,1.8775966,0.19433388113975525,0.8275174498558044,0.34420326352119446
YOL165C,YGR084C,0,1.8768327,0.19428838789463043,0.8275174498558044,0.34430328011512756
YLL051C,YGL051W,0,1.8760498,0.194242924451828,0.8275174498558044,0.34440332651138306
YJR036C,YLR163C,0,1.87481,0.19419747591018677,0.8275174498558044,0.34450334310531616
YNR067C,YGR239C,0,1.8745232,0.19415204226970673,0.8275174498558044,0.34460338950157166
YDR527W,YGR020C,0,1.8737161,0.19410663843154907,0.8275174498558044,0.34470340609550476
YGL225W,YNR057C,0,1.8736632,0.1940612643957138,0.8275174498558044,0.34480345249176025
YDR082W,YMR075W,0,1.8722979,0.19401589035987854,0.8275174498558044,0.34490346908569336
YBR096W,YLR026C,0,1.872211,0.19397056102752686,0.8275174498558044,0.34500351548194885
YLR107W,YMR229C,0,1.8703325,0.19392523169517517,0.8275174498558044,0.34510353207588196
YOR148C,YLR264W,0,1.8701651,0.19387993216514587,0.8275174498558044,0.34520354866981506
YOL155C,YDR472W,0,1.8700595,0.19383466243743896,0.8275174498558044,0.34530359506607056
YJR055W,YPR138C,0,1.8699886,0.19378939270973206,0.8275174498558044,0.34540361166000366
YGR225W,YMR200W,0,1.8692929,0.19374416768550873,0.8275174498558044,0.34550365805625916
YBR202W,YOL101C,0,1.8691354,0.1936989426612854,0.8275174498558044,0.34560367465019226
YHR066W,YDR404C,0,1.868428,0.19365376234054565,0.8275174498558044,0.34570372104644775
YJL144W,YDL225W,0,1.8675053,0.1936085820198059,0.8275174498558044,0.34580373764038086
YDR492W,YMR176W,0,1.8670814,0.19356343150138855,0.8275174498558044,0.34590378403663635
YCR087C-A,YML080W,0,1.8669115,0.19351829588413239,0.8275174498558044,0.34600380063056946
YJR057W,YLR157C,0,1.8666801,0.1934731900691986,0.8275174498558044,0.34610381722450256
YPL223C,YOR230W,0,1.8664743,0.19342809915542603,0.8275174498558044,0.34620386362075806
YOL062C,YOR085W,0,1.8631377,0.19338303804397583,0.8275174498558044,0.34630388021469116
YBR223C,YMR032W,0,1.8629498,0.19333799183368683,0.8275174498558044,0.34640392661094666
YOR311C,YML109W,0,1.8610238,0.19329296052455902,0.8275174498558044,0.34650394320487976
YGR264C,YPL094C,0,1.8603462,0.1932479590177536,0.8275174498558044,0.34660398960113525
YBR202W,YLR029C,0,1.8602293,0.19320297241210938,0.8275174498558044,0.34670400619506836
YEL012W,YAR027W,0,1.8596529,0.19315801560878754,0.8275174498558044,0.34680405259132385
YAL005C,YMR200W,1,1.859524,0.19334574043750763,0.8285144567489624,0.34680405259132385
YCR060W,YMR200W,1,1.8595121,0.19353337585926056,0.8295114636421204,0.34680405259132385
YAL063C,YMR025W,0,1.8593326,0.19348837435245514,0.8295114636421204,0.34690406918525696
YDR310C,YOR279C,0,1.859035,0.1934433877468109,0.8295114636421204,0.34700411558151245
YBR059C,YML097C,0,1.8567392,0.19339841604232788,0.8295114636421204,0.34710413217544556
YLL019C,YGL050W,0,1.8559829,0.19335347414016724,0.8295114636421204,0.34720414876937866
YGL122C,YKR028W,0,1.8559688,0.19330854713916779,0.8295114636421204,0.34730419516563416
YBR020W,YGR118W,0,1.855948,0.19326364994049072,0.8295114636421204,0.34740421175956726
YMR315W,YHR179W,0,1.8553103,0.19321876764297485,0.8295114636421204,0.34750425815582275
YDR461W,YFL013C,0,1.8547918,0.19317390024662018,0.8295114636421204,0.34760427474975586
YDL142C,YPR111W,0,1.8546913,0.1931290626525879,0.8295114636421204,0.34770432114601135
YLR107W,YEL040W,0,1.8538592,0.1930842399597168,0.8295114636421204,0.34780433773994446
YPL099C,YOR353C,0,1.853499,0.1930394470691681,0.8295114636421204,0.34790438413619995
YDR423C,YOL028C,0,1.8530264,0.19299466907978058,0.8295114636421204,0.34800440073013306
YBL041W,YLR301W,0,1.8526726,0.19294990599155426,0.8295114636421204,0.34810441732406616
YDL029W,YER130C,0,1.8524328,0.19290517270565033,0.8295114636421204,0.34820446372032166
YAL016W,YOR216C,0,1.8515396,0.1928604543209076,0.8295114636421204,0.34830448031425476
YOL010W,YMR300C,0,1.8514354,0.19281576573848724,0.8295114636421204,0.34840452671051025
YNL006W,YJL117W,1,1.8513608,0.19300277531147003,0.8305084705352783,0.34840452671051025
YJL008C,YIR004W,1,1.8493779,0.19318971037864685,0.8315054774284363,0.34840452671051025
YDR296W,YOR294W,0,1.8492827,0.19314497709274292,0.8315054774284363,0.34850454330444336
YGL014W,YPR125W,0,1.8488085,0.19310025870800018,0.8315054774284363,0.34860458970069885
YGL068W,YOL040C,0,1.8480229,0.19305555522441864,0.8315054774284363,0.34870460629463196
YGR180C,YDR453C,0,1.8466946,0.19301088154315948,0.8315054774284363,0.34880465269088745
YDR170C,YDL208W,0,1.8462073,0.19296622276306152,0.8315054774284363,0.34890466928482056
YGR169C,YAR002C-A,0,1.8453068,0.19292157888412476,0.8315054774284363,0.34900471568107605
YPR182W,YLL043W,0,1.8452208,0.19287696480751038,0.8315054774284363,0.34910473227500916
YER017C,YOR089C,0,1.8451651,0.1928323656320572,0.8315054774284363,0.34920474886894226
YJL162C,YFR041C,1,1.844053,0.19301895797252655,0.8325024843215942,0.34920474886894226
YPR189W,YLR043C,0,1.8423908,0.19297434389591217,0.8325024843215942,0.34930479526519775
YOR106W,YKL015W,0,1.8421308,0.19292975962162018,0.8325024843215942,0.34940481185913086
YER175C,YER137C,0,1.8414922,0.19288519024848938,0.8325024843215942,0.34950485825538635
YNL050C,YOL052C,0,1.8386633,0.19284065067768097,0.8325024843215942,0.34960487484931946
YJL225C,YGL200C,0,1.8379996,0.19279612600803375,0.8325024843215942,0.34970492124557495
YJL213W,YMR308C,0,1.8379629,0.19275161623954773,0.8325024843215942,0.34980493783950806
YDR144C,YLL002W,0,1.8377453,0.1927071362733841,0.8325024843215942,0.34990498423576355
YGR078C,YCR060W,1,1.836114,0.1928934007883072,0.8334994912147522,0.34990498423576355
YGL010W,YBL085W,0,1.8354714,0.19284890592098236,0.8334994912147522,0.35000500082969666
YMR090W,YGR255C,0,1.8349164,0.19280442595481873,0.8334994912147522,0.35010501742362976
YDL074C,YBR141C,0,1.8340855,0.19275997579097748,0.8334994912147522,0.35020506381988525
YOR106W,YKL166C,0,1.8331591,0.19271554052829742,0.8334994912147522,0.35030508041381836
YDR212W,YCR070W,1,1.8326662,0.1929015964269638,0.8344964981079102,0.35030508041381836
YLR219W,YBR230C,0,1.831801,0.19285714626312256,0.8344964981079102,0.35040512681007385
YLL004W,YJL128C,0,1.831367,0.1928127110004425,0.8344964981079102,0.35050514340400696
YFR031C,YKL007W,0,1.8303735,0.19276830554008484,0.8344964981079102,0.35060518980026245
YER050C,YPR149W,0,1.8299956,0.19272392988204956,0.8344964981079102,0.35070520639419556
YGR216C,YJL149W,0,1.8299578,0.19267955422401428,0.8344964981079102,0.35080525279045105
YKL161C,YLR291C,0,1.8285693,0.1926352083683014,0.8344964981079102,0.35090526938438416
YNL236W,YJL053W,0,1.8257804,0.1925908923149109,0.8344964981079102,0.35100531578063965
YHL012W,YJL171C,0,1.8257046,0.19254659116268158,0.8344964981079102,0.35110533237457275
YOR340C,YER019C-A,0,1.8254535,0.19250230491161346,0.8344964981079102,0.35120534896850586
YER055C,YKL182W,0,1.8251479,0.19245803356170654,0.8344964981079102,0.35130539536476135
YHR179W,YGL169W,0,1.8237141,0.192413792014122,0.8344964981079102,0.35140541195869446
YOR212W,YFR036W,0,1.8219731,0.19236956536769867,0.8344964981079102,0.35150545835494995
YOR126C,YDL171C,0,1.8212548,0.19232536852359772,0.8344964981079102,0.35160547494888306
YOL165C,YBR145W,0,1.82096,0.19228118658065796,0.8344964981079102,0.35170552134513855
YIR011C,YNL267W,0,1.8202487,0.1922370195388794,0.8344964981079102,0.35180553793907166
YNL314W,YIL142W,0,1.8200026,0.19219288229942322,0.8344964981079102,0.35190558433532715
YBR155W,YMR295C,0,1.8199106,0.19214875996112823,0.8344964981079102,0.35200560092926025
YLR197W,YMR210W,0,1.8191056,0.19210465252399445,0.8344964981079102,0.35210561752319336
YOR106W,YGR145W,0,1.8189331,0.19206057488918304,0.8344964981079102,0.35220566391944885
YKL119C,YDR498C,0,1.8179791,0.19201651215553284,0.8344964981079102,0.35230568051338196
YJR036C,YPR149W,0,1.8172426,0.19197247922420502,0.8344964981079102,0.35240572690963745
YDR383C,YBL092W,0,1.8165367,0.1919284611940384,0.8344964981079102,0.35250574350357056
YDR170C,YJR032W,0,1.8157935,0.19188445806503296,0.8344964981079102,0.35260578989982605
YPL241C,YDL212W,1,1.8157318,0.19206967949867249,0.8354935050010681,0.35260578989982605
YPR189W,YNL232W,0,1.815341,0.19202566146850586,0.8354935050010681,0.35270580649375916
YOL102C,YIL177C,0,1.8149853,0.19198167324066162,0.8354935050010681,0.35280585289001465
YIL139C,YDR260C,0,1.8131127,0.19193769991397858,0.8354935050010681,0.35290586948394775
YOR323C,YDR064W,0,1.8118888,0.19189374148845673,0.8354935050010681,0.35300591588020325
YOR222W,YKR044W,0,1.8108461,0.19184981286525726,0.8354935050010681,0.35310593247413635
YML032C,YJR092W,0,1.8103465,0.191805899143219,0.8354935050010681,0.35320594906806946
YBR261C,YCR052W,0,1.8081324,0.1917620152235031,0.8354935050010681,0.35330599546432495
YJL011C,YHR135C,0,1.8078377,0.19171814620494843,0.8354935050010681,0.35340601205825806
YMR218C,YKL175W,0,1.8057106,0.19167429208755493,0.8354935050010681,0.35350605845451355
YNL232W,YOR393W,0,1.8050356,0.19163045287132263,0.8354935050010681,0.35360607504844666
YHR074W,YDR306C,0,1.8026663,0.19158664345741272,0.8354935050010681,0.35370612144470215
YNR074C,YOR275C,0,1.8016877,0.1915428638458252,0.8354935050010681,0.35380613803863525
YIR011C,YOR038C,0,1.8012451,0.19149908423423767,0.8354935050010681,0.35390618443489075
YNR074C,YGL026C,0,1.800515,0.19145533442497253,0.8354935050010681,0.35400620102882385
YMR272C,YKR006C,0,1.799395,0.1914115995168686,0.8354935050010681,0.35410621762275696
YNL160W,YJR082C,0,1.7992296,0.19136789441108704,0.8354935050010681,0.35420626401901245
YEL012W,YJL085W,0,1.7992184,0.19132420420646667,0.8354935050010681,0.35430628061294556
YER007W,YDR252W,1,1.7984018,0.19150878489017487,0.8364905118942261,0.35430628061294556
YPR035W,YBL076C,0,1.798202,0.1914650797843933,0.8364905118942261,0.35440632700920105
YNR035C,YFL023W,0,1.7977288,0.19142140448093414,0.8364905118942261,0.35450634360313416
YPL167C,YKL053C-A,0,1.796146,0.19137774407863617,0.8364905118942261,0.35460638999938965
YIL134W,YGR180C,0,1.7950171,0.1913340985774994,0.8364905118942261,0.35470640659332275
YFL038C,YMR203W,0,1.7946734,0.1912904679775238,0.8364905118942261,0.35480645298957825
YJR112W,YNL078W,0,1.7944709,0.1912468671798706,0.8364905118942261,0.35490646958351135
YNL127W,YGR180C,0,1.7930624,0.1912032812833786,0.8364905118942261,0.35500651597976685
YGR238C,YIL017W,0,1.7925866,0.1911597102880478,0.8364905118942261,0.35510653257369995
YDR460W,YDL045W-A,0,1.7923633,0.19111616909503937,0.8364905118942261,0.35520654916763306
YGR078C,YMR200W,1,1.7917461,0.1913003921508789,0.837487518787384,0.35520654916763306
YKL090W,YIR011C,0,1.791423,0.1912568360567093,0.837487518787384,0.35530659556388855
YGR036C,YHR057C,0,1.7903339,0.19121329486370087,0.837487518787384,0.35540661215782166
YML112W,YDR496C,0,1.7892818,0.19116978347301483,0.837487518787384,0.35550665855407715
YPR200C,YMR229C,0,1.7883997,0.19112628698349,0.837487518787384,0.35560667514801025
YEL062W,YPL027W,0,1.7872304,0.19108280539512634,0.837487518787384,0.35570672154426575
YGR175C,YGR285C,0,1.7866774,0.1910393387079239,0.837487518787384,0.35580673813819885
YFL010W-A,YNR072W,0,1.7857814,0.19099590182304382,0.837487518787384,0.35590678453445435
YDL197C,YPL129W,0,1.7855985,0.19095249474048615,0.837487518787384,0.35600680112838745
YPL134C,YNL219C,0,1.7852709,0.19090908765792847,0.837487518787384,0.35610681772232056
YMR097C,YNL230C,0,1.7840191,0.19086571037769318,0.837487518787384,0.35620686411857605
YKL210W,YPL104W,0,1.7825613,0.19082234799861908,0.837487518787384,0.35630688071250916
YNR074C,YMR117C,0,1.7816912,0.19077901542186737,0.837487518787384,0.35640692710876465
YDR498C,YMR229C,0,1.780458,0.19073569774627686,0.837487518787384,0.35650694370269775
YML112W,YJL171C,0,1.780385,0.19069239497184753,0.837487518787384,0.35660699009895325
YLR264W,YOL028C,0,1.7803724,0.1906491219997406,0.837487518787384,0.35670700669288635
YGR078C,YJR064W,1,1.7803037,0.19083276391029358,0.838484525680542,0.35670700669288635
YAL033W,YKL041W,0,1.7802114,0.19078947603702545,0.838484525680542,0.35680705308914185
YGL180W,YNL236W,0,1.7786721,0.19074620306491852,0.838484525680542,0.35690706968307495
YJR119C,YOL026C,0,1.7785425,0.19070294499397278,0.838484525680542,0.35700711607933044
YNR018W,YOR008C,0,1.7782924,0.19065971672534943,0.838484525680542,0.35710713267326355
YCL018W,YHR135C,0,1.7777342,0.19061650335788727,0.838484525680542,0.35720714926719666
YER117W,YMR179W,0,1.7767652,0.1905733048915863,0.838484525680542,0.35730719566345215
YDL142C,YBR287W,0,1.7755151,0.19053013622760773,0.838484525680542,0.35740721225738525
YNR067C,YMR308C,0,1.7741215,0.19048698246479034,0.838484525680542,0.35750725865364075
YGL083W,YKL013C,0,1.7741163,0.19044384360313416,0.838484525680542,0.35760727524757385
YOL028C,YGL190C,0,1.7730689,0.19040071964263916,0.838484525680542,0.35770732164382935
YKL082C,YMR301C,0,1.7718136,0.19035762548446655,0.838484525680542,0.35780733823776245
YGR216C,YJL095W,0,1.7717448,0.19031454622745514,0.838484525680542,0.35790738463401794
YPL127C,YER151C,0,1.771661,0.1902714967727661,0.838484525680542,0.35800740122795105
YLR009W,YNL302C,0,1.7698375,0.19022846221923828,0.838484525680542,0.35810741782188416
YDR059C,YNR002C,0,1.7695477,0.19018544256687164,0.838484525680542,0.35820746421813965
YPR194C,YOL026C,0,1.7694027,0.1901424378156662,0.838484525680542,0.35830748081207275
YCL025C,YGR134W,0,1.7688788,0.19009946286678314,0.838484525680542,0.35840752720832825
YDL111C,YPL131W,0,1.7688504,0.19005650281906128,0.838484525680542,0.35850754380226135
YLL033W,YPR152C,0,1.7687027,0.1900135576725006,0.838484525680542,0.35860759019851685
YGL050W,YIL047C,0,1.7680185,0.18997062742710114,0.838484525680542,0.35870760679244995
YPR119W,YNL259C,0,1.7676396,0.18992772698402405,0.838484525680542,0.35880765318870544
YDL206W,YNL230C,0,1.7674117,0.18988485634326935,0.838484525680542,0.35890766978263855
YAR002C-A,YOR219C,0,1.7674001,0.18984198570251465,0.838484525680542,0.35900771617889404
YIL094C,YDR461W,0,1.7673395,0.18979914486408234,0.838484525680542,0.35910773277282715
YDR188W,YAL053W,1,1.7668817,0.18998195230960846,0.8394815325737,0.35910773277282715
YBR177C,YLR145W,0,1.7667136,0.18993909657001495,0.8394815325737,0.35920774936676025
YLR113W,YLR141W,0,1.7661387,0.18989625573158264,0.8394815325737,0.35930779576301575
YMR200W,YBR155W,1,1.7643842,0.19007891416549683,0.8404785394668579,0.35930779576301575
YNL032W,YBR287W,0,1.7636621,0.19003607332706451,0.8404785394668579,0.35940781235694885
YAR027W,YKL094W,0,1.7625674,0.1899932324886322,0.8404785394668579,0.35950785875320435
YOR311C,YNR010W,0,1.7618601,0.18995042145252228,0.8404785394668579,0.35960787534713745
YDR499W,YLR348C,0,1.7616968,0.18990764021873474,0.8404785394668579,0.35970792174339294
YDR064W,YGR095C,0,1.7600791,0.1898648589849472,0.8404785394668579,0.35980793833732605
YGR144W,YJR031C,0,1.7593834,0.18982210755348206,0.8404785394668579,0.35990798473358154
YMR269W,YPR163C,0,1.7591054,0.1897793859243393,0.8404785394668579,0.36000800132751465
YGL220W,YDR222W,0,1.7588689,0.18973666429519653,0.8404785394668579,0.36010801792144775
YLR228C,YDR496C,0,1.758758,0.18969397246837616,0.8404785394668579,0.36020806431770325
YOL165C,YBR059C,0,1.7584023,0.18965129554271698,0.8404785394668579,0.36030808091163635
YDR423C,YGR258C,0,1.7576268,0.189608633518219,0.8404785394668579,0.36040812730789185
YNL107W,YOR349W,0,1.757623,0.1895660012960434,0.8404785394668579,0.36050814390182495
YDL208W,YGR185C,0,1.7573771,0.189523383975029,0.8404785394668579,0.36060819029808044
YEL031W,YNR010W,0,1.7566284,0.18948078155517578,0.8404785394668579,0.36070820689201355
YMR061W,YOR216C,0,1.7538433,0.18943820893764496,0.8404785394668579,0.36080825328826904
YOL054W,YGL216W,0,1.7514136,0.18939563632011414,0.8404785394668579,0.36090826988220215
YBL034C,YBR281C,0,1.7510896,0.1893530935049057,0.8404785394668579,0.36100831627845764
YNL304W,YLR047C,0,1.7508172,0.18931058049201965,0.8404785394668579,0.36110833287239075
YNL231C,YBL085W,0,1.7505302,0.1892680674791336,0.8404785394668579,0.36120834946632385
YDR285W,YLR028C,0,1.7493266,0.18922558426856995,0.8404785394668579,0.36130839586257935
YLL002W,YLR316C,0,1.7489733,0.18918313086032867,0.8404785394668579,0.36140841245651245
YDR371W,YNL079C,0,1.7486207,0.1891406774520874,0.8404785394668579,0.36150845885276794
YGR027C,YOR085W,0,1.7473729,0.18909825384616852,0.8404785394668579,0.36160847544670105
YMR020W,YKR026C,0,1.7456338,0.18905584514141083,0.8404785394668579,0.36170852184295654
YBR187W,YGL174W,0,1.7448406,0.18901345133781433,0.8404785394668579,0.36180853843688965
YPR001W,YHR156C,0,1.7445982,0.18897108733654022,0.8404785394668579,0.36190858483314514
YBR066C,YNR031C,0,1.7442106,0.1889287382364273,0.8404785394668579,0.36200860142707825
YLR452C,YDR392W,0,1.7441016,0.18888640403747559,0.8404785394668579,0.36210861802101135
YDL111C,YJL144W,0,1.7437763,0.18884408473968506,0.8404785394668579,0.36220866441726685
YLL045C,YJL081C,0,1.7432923,0.18880179524421692,0.8404785394668579,0.36230868101119995
YLR447C,YMR284W,0,1.7422808,0.18875952064990997,0.8404785394668579,0.36240872740745544
YPL131W,YLR380W,0,1.7421074,0.18871726095676422,0.8404785394668579,0.36250874400138855
YKR071C,YNL239W,0,1.7413912,0.18867501616477966,0.8404785394668579,0.36260879039764404
YDR076W,YOR285W,0,1.7404296,0.1886328011751175,0.8404785394668579,0.36270880699157715
YAL038W,YHR082C,0,1.7394319,0.18859060108661652,0.8404785394668579,0.36280885338783264
YPL099C,YNL027W,0,1.7393988,0.18854841589927673,0.8404785394668579,0.36290886998176575
YKL126W,YMR146C,0,1.7386043,0.18850626051425934,0.8404785394668579,0.36300891637802124
YMR200W,YIR004W,1,1.7371306,0.18868768215179443,0.8414755463600159,0.36300891637802124
YNL102W,YNL223W,0,1.7371252,0.18864551186561584,0.8414755463600159,0.36310893297195435
YCR030C,YPL213W,0,1.7361798,0.18860335648059845,0.8414755463600159,0.36320894956588745
YPL064C,YMR227C,0,1.7355896,0.18856121599674225,0.8414755463600159,0.36330899596214294
YML051W,YPL134C,0,1.7354269,0.18851909041404724,0.8414755463600159,0.36340901255607605
YJR034W,YLR330W,0,1.7344662,0.18847699463367462,0.8414755463600159,0.36350905895233154
YDR034C,YER098W,0,1.7339743,0.1884349137544632,0.8414755463600159,0.36360907554626465
YGR095C,YGL233W,0,1.7333663,0.18839286267757416,0.8414755463600159,0.36370912194252014
YOL045W,YMR025W,0,1.73255,0.18835081160068512,0.8414755463600159,0.36380913853645325
YPL223C,YLR047C,0,1.7319286,0.18830879032611847,0.8414755463600159,0.36390918493270874
YLR429W,YNL230C,0,1.7313651,0.188266783952713,0.8414755463600159,0.36400920152664185
YER165W,YCR046C,0,1.7291954,0.18822479248046875,0.8414755463600159,0.36410921812057495
YDL171C,YOR299W,0,1.7290424,0.18818283081054688,0.8414755463600159,0.36420926451683044
YBR261C,YMR228W,0,1.728829,0.1881408840417862,0.8414755463600159,0.36430928111076355
YKL170W,YIL142W,0,1.7281338,0.1880989521741867,0.8414755463600159,0.36440932750701904
YPR083W,YLL061W,0,1.7277329,0.1880570352077484,0.8414755463600159,0.36450934410095215
YJL144W,YGL169W,0,1.7266823,0.1880151480436325,0.8414755463600159,0.36460939049720764
YOR297C,YGR070W,0,1.7265868,0.1879732757806778,0.8414755463600159,0.36470940709114075
YLR295C,YNL309W,0,1.7262833,0.18793141841888428,0.8414755463600159,0.36480945348739624
YFL010W-A,YER171W,0,1.7248445,0.18788957595825195,0.8414755463600159,0.36490947008132935
YGL112C,YBR275C,0,1.7240267,0.18784776329994202,0.8414755463600159,0.36500951647758484
YDR026C,YJR070C,0,1.7239134,0.18780596554279327,0.8414755463600159,0.36510953307151794
YEL052W,YDR167W,0,1.7235378,0.18776418268680573,0.8414755463600159,0.36520954966545105
YOR297C,YPL196W,0,1.7234646,0.18772241473197937,0.8414755463600159,0.36530959606170654
YLR314C,YPL104W,0,1.7230945,0.1876806765794754,0.8414755463600159,0.36540961265563965
YJR032W,YJL162C,1,1.7225491,0.18786127865314484,0.8424725532531738,0.36540961265563965
YMR200W,YOR232W,1,1.7222455,0.1880417913198471,0.8434696197509766,0.36540961265563965
YIL132C,YDR151C,0,1.7216966,0.18799999356269836,0.8434696197509766,0.36550965905189514
YJL117W,YJL111W,1,1.7213941,0.18818040192127228,0.8444666266441345,0.36550965905189514
YOR084W,YIL139C,0,1.7213366,0.18813860416412354,0.8444666266441345,0.36560967564582825
YPR011C,YHR008C,0,1.7209592,0.188096821308136,0.8444666266441345,0.36570972204208374
YJL187C,YJL079C,0,1.7199266,0.18805506825447083,0.8444666266441345,0.36580973863601685
YDR205W,YOR180C,0,1.7183332,0.18801331520080566,0.8444666266441345,0.36590978503227234
YMR161W,YNL064C,1,1.7180474,0.18819351494312286,0.8454636335372925,0.36590978503227234
YGL068W,YJR040W,0,1.7174327,0.1881517618894577,0.8454636335372925,0.36600980162620544
YBL076C,YOR038C,0,1.7167454,0.18811002373695374,0.8454636335372925,0.36610981822013855
YMR013C,YPL098C,0,1.7145352,0.18806830048561096,0.8454636335372925,0.36620986461639404
YNL044W,YDR310C,0,1.7140108,0.18802660703659058,0.8454636335372925,0.36630988121032715
YPR083W,YAL040C,0,1.713848,0.18798492848873138,0.8454636335372925,0.36640992760658264
YJL172W,YDR138W,0,1.7125783,0.1879432648420334,0.8454636335372925,0.36650994420051575
YGL068W,YDR207C,0,1.7115635,0.18790161609649658,0.8454636335372925,0.36660999059677124
YPR162C,YPR171W,0,1.7107501,0.18785999715328217,0.8454636335372925,0.36671000719070435
YPL027W,YNL175C,0,1.7106898,0.18781837821006775,0.8454636335372925,0.36681005358695984
YDR414C,YNL302C,0,1.7104423,0.18777678906917572,0.8454636335372925,0.36691007018089294
YDR492W,YMR213W,0,1.7087669,0.18773522973060608,0.8454636335372925,0.36701011657714844
YMR090W,YBR074W,0,1.7083592,0.18769367039203644,0.8454636335372925,0.36711013317108154
YLR395C,YBR173C,0,1.7080704,0.18765214085578918,0.8454636335372925,0.36721014976501465
YDR245W,YER046W,0,1.7078407,0.18761062622070312,0.8454636335372925,0.36731019616127014
YOR145C,YBR095C,0,1.7070527,0.18756912648677826,0.8454636335372925,0.36741021275520325
YGR285C,YOL090W,0,1.7068508,0.1875276416540146,0.8454636335372925,0.36751025915145874
YMR078C,YNL192W,0,1.706512,0.1874861866235733,0.8454636335372925,0.36761027574539185
YGL225W,YIR005W,0,1.706288,0.1874447464942932,0.8454636335372925,0.36771032214164734
YDL142C,YDR416W,0,1.7062225,0.18740332126617432,0.8454636335372925,0.36781033873558044
YER171W,YJR133W,0,1.7061381,0.1873619109392166,0.8454636335372925,0.36791038513183594
YKL170W,YDL028C,0,1.7050449,0.1873205155134201,0.8454636335372925,0.36801040172576904
YGR020C,YFL017W-A,0,1.7048326,0.18727914988994598,0.8454636335372925,0.36811041831970215
YGL158W,YLR452C,0,1.7039332,0.18723779916763306,0.8454636335372925,0.36821046471595764
YLR113W,YOL155C,0,1.7035754,0.18719646334648132,0.8454636335372925,0.36831048130989075
YML030W,YLR028C,0,1.7015218,0.18715515732765198,0.8454636335372925,0.36841052770614624
YDL111C,YDR076W,0,1.7010034,0.18711385130882263,0.8454636335372925,0.36851054430007935
YMR161W,YNL281W,1,1.7009612,0.1872931867837906,0.8464606404304504,0.36851054430007935
YGR095C,YDR429C,0,1.7002723,0.18725188076496124,0.8464606404304504,0.36861059069633484
YIR025W,YLR047C,0,1.7002317,0.1872105896472931,0.8464606404304504,0.36871060729026794
YLR359W,YLL043W,0,1.6990329,0.18716931343078613,0.8464606404304504,0.36881065368652344
YBR230C,YLR389C,0,1.6987352,0.18712805211544037,0.8464606404304504,0.36891067028045654
YGR282C,YOR327C,0,1.6977564,0.187086820602417,0.8464606404304504,0.36901071667671204
YEL040W,YNL307C,0,1.6975725,0.1870456039905548,0.8464606404304504,0.36911073327064514
YBR287W,YJR032W,0,1.6958194,0.18700440227985382,0.8464606404304504,0.36921074986457825
YPL218W,YDR392W,0,1.6949303,0.18696323037147522,0.8464606404304504,0.36931079626083374
YLL019C,YJR053W,0,1.6948396,0.18692205846309662,0.8464606404304504,0.36941081285476685
YIL135C,YKL166C,0,1.6945744,0.1868809163570404,0.8464606404304504,0.36951085925102234
YDR351W,YER175C,0,1.6936233,0.18683978915214539,0.8464606404304504,0.36961087584495544
YEL052W,YGR081C,0,1.6931778,0.18679867684841156,0.8464606404304504,0.36971092224121094
YMR172W,YER019C-A,0,1.6930778,0.18675759434700012,0.8464606404304504,0.36981093883514404
YDL197C,YNL284C,0,1.6930223,0.18671651184558868,0.8464606404304504,0.36991098523139954
YPL134C,YNR015W,0,1.691922,0.18667545914649963,0.8464606404304504,0.37001100182533264
YDR188W,YOR232W,1,1.6911718,0.1868542581796646,0.8474576473236084,0.37001100182533264
YER175C,YHR061C,0,1.690576,0.18681319057941437,0.8474576473236084,0.37011101841926575
YBR002C,YDL035C,0,1.6903095,0.18677213788032532,0.8474576473236084,0.37021106481552124
YJL066C,YBR287W,0,1.6901808,0.18673110008239746,0.8474576473236084,0.37031108140945435
YDR079W,YBR222C,0,1.6901674,0.186690092086792,0.8474576473236084,0.37041112780570984
YBR037C,YER002W,0,1.6900542,0.18664909899234772,0.8474576473236084,0.37051114439964294
YLL012W,YKL003C,0,1.6899643,0.18660812079906464,0.8474576473236084,0.37061119079589844
YPR167C,YPL119C,0,1.6896679,0.18656715750694275,0.8474576473236084,0.37071120738983154
YGR010W,YDR229W,0,1.6891912,0.18652622401714325,0.8474576473236084,0.37081125378608704
YMR315W,YGL220W,0,1.6887525,0.18648530542850494,0.8474576473236084,0.37091127038002014
YEL037C,YPR060C,0,1.687603,0.18644440174102783,0.8474576473236084,0.37101131677627563
YJR006W,YPL167C,0,1.6865809,0.18640351295471191,0.8474576473236084,0.37111133337020874
YLL061W,YNR002C,0,1.6865631,0.1863626390695572,0.8474576473236084,0.37121134996414185
YIL139C,YLR151C,0,1.6856786,0.18632179498672485,0.8474576473236084,0.37131139636039734
YMR005W,YOR025W,0,1.6854709,0.18628095090389252,0.8474576473236084,0.37141141295433044
YDR090C,YGL256W,0,1.6850698,0.18624013662338257,0.8474576473236084,0.37151145935058594
YML052W,YJL214W,0,1.6846342,0.1861993372440338,0.8474576473236084,0.37161147594451904
YLR429W,YOL108C,0,1.6834917,0.18615856766700745,0.8474576473236084,0.37171152234077454
YLR425W,YCL034W,0,1.683345,0.18611779808998108,0.8474576473236084,0.37181153893470764
YML097C,YOR226C,0,1.6832466,0.1860770583152771,0.8474576473236084,0.37191158533096313
YMR315W,YNL163C,0,1.6824629,0.18603633344173431,0.8474576473236084,0.37201160192489624
YMR182C,YPL042C,0,1.6815658,0.18599562346935272,0.8474576473236084,0.37211164832115173
YLR301W,YCL052C,0,1.6810517,0.18595492839813232,0.8474576473236084,0.37221166491508484
YNL314W,YMR033W,0,1.6799912,0.18591426312923431,0.8474576473236084,0.37231168150901794
YIL108W,YDR296W,0,1.6798382,0.1858736127614975,0.8474576473236084,0.37241172790527344
YHR061C,YHR059W,0,1.6792498,0.18583296239376068,0.8474576473236084,0.37251174449920654
YJR127C,YNL078W,0,1.6788766,0.18579235672950745,0.8474576473236084,0.37261179089546204
YAL054C,YNL282W,0,1.678621,0.1857517510652542,0.8474576473236084,0.37271180748939514
YDR167W,YNL297C,0,1.6784611,0.18571116030216217,0.8474576473236084,0.37281185388565063
YNL044W,YMR038C,0,1.6783973,0.18567059934139252,0.8474576473236084,0.37291187047958374
YKL022C,YLL043W,0,1.6780045,0.18563005328178406,0.8474576473236084,0.37301191687583923
YOR222W,YNR010W,0,1.6770357,0.1855895221233368,0.8474576473236084,0.37311193346977234
YLR295C,YDR218C,0,1.6769829,0.18554900586605072,0.8474576473236084,0.37321195006370544
YMR238W,YOR239W,0,1.6757425,0.18550850450992584,0.8474576473236084,0.37331199645996094
YOR355W,YDR062W,0,1.6753942,0.18546803295612335,0.8474576473236084,0.37341201305389404
YHR142W,YNR028W,1,1.6752834,0.18564572930335999,0.8484546542167664,0.37341201305389404
YLL041C,YJL149W,0,1.6740717,0.1856052279472351,0.8484546542167664,0.37351205945014954
YDL225W,YOR285W,0,1.6740328,0.18556475639343262,0.8484546542167664,0.37361207604408264
YMR114C,YKR028W,0,1.6725681,0.18552431464195251,0.8484546542167664,0.37371212244033813
YDR083W,YHR058C,0,1.671891,0.1854838728904724,0.8484546542167664,0.37381213903427124
YOL045W,YNL006W,0,1.671488,0.1854434460401535,0.8484546542167664,0.37391218543052673
YLR107W,YPL093W,0,1.670479,0.18540304899215698,0.8484546542167664,0.37401220202445984
YPL078C,YKL064W,0,1.6695702,0.18536266684532166,0.8484546542167664,0.37411224842071533
YCR069W,YDR155C,1,1.6689705,0.1855400651693344,0.8494516611099243,0.37411224842071533
YJR010W,YDR392W,0,1.6661673,0.1854996681213379,0.8494516611099243,0.37421226501464844
YPL213W,YDL045C,0,1.6659946,0.18545930087566376,0.8494516611099243,0.37431228160858154
YNL230C,YBL079W,0,1.6656957,0.18541893362998962,0.8494516611099243,0.37441232800483704
YNL153C,YBR274W,0,1.6656129,0.18537859618663788,0.8494516611099243,0.37451234459877014
YBR059C,YGL256W,0,1.6654527,0.18533825874328613,0.8494516611099243,0.37461239099502563
YDR090C,YLR350W,0,1.664984,0.18529795110225677,0.8494516611099243,0.37471240758895874
YDR079W,YPL129W,0,1.663272,0.1852576583623886,0.8494516611099243,0.37481245398521423
YIL095W,YIL047C,0,1.6629028,0.18521739542484283,0.8494516611099243,0.37491247057914734
YGR167W,YDR151C,0,1.662578,0.18517713248729706,0.8494516611099243,0.37501251697540283
YHR012W,YOR393W,0,1.6624699,0.18513689935207367,0.8494516611099243,0.37511253356933594
YJR130C,YCR055C,0,1.6611147,0.18509668111801147,0.8494516611099243,0.37521255016326904
YEL022W,YOR089C,0,1.661108,0.18505647778511047,0.8494516611099243,0.37531259655952454
YPL110C,YJR130C,0,1.6609164,0.18501628935337067,0.8494516611099243,0.37541261315345764
YHR179W,YOL155C,0,1.6605325,0.18497611582279205,0.8494516611099243,0.37551265954971313
YFR045W,YKL124W,0,1.6604829,0.18493597209453583,0.8494516611099243,0.37561267614364624
YKL095W,YFR052W,0,1.6601012,0.1848958283662796,0.8494516611099243,0.37571272253990173
YFR036W,YNR010W,0,1.6584735,0.18485571444034576,0.8494516611099243,0.37581273913383484
YMR114C,YDR332W,0,1.6583519,0.18481561541557312,0.8494516611099243,0.37591278553009033
YPL139C,YLR020C,0,1.6580316,0.18477553129196167,0.8494516611099243,0.37601280212402344
YDR453C,YLR213C,0,1.6577562,0.1847354769706726,0.8494516611099243,0.37611284852027893
YMR268W-A,YBL092W,0,1.657327,0.18469542264938354,0.8494516611099243,0.37621286511421204
YNL231C,YOR313C,0,1.6571355,0.18465539813041687,0.8494516611099243,0.37631288170814514
YDR131C,YPL112C,0,1.6570188,0.1846153885126114,0.8494516611099243,0.37641292810440063
YOR099W,YLL043W,0,1.6561654,0.1845753937959671,0.8494516611099243,0.37651294469833374
YJR103W,YLR251W,0,1.65457,0.184535413980484,0.8494516611099243,0.37661299109458923
YPL200W,YLR145W,0,1.6544828,0.1844954490661621,0.8494516611099243,0.37671300768852234
YLR264W,YGL226C-A,0,1.6523706,0.1844555139541626,0.8494516611099243,0.37681305408477783
YJL008C,YJR064W,1,1.6521984,0.18463203310966492,0.8504486680030823,0.37681305408477783
YER022W,YKR057W,0,1.6507863,0.1845920830965042,0.8504486680030823,0.37691307067871094
YNL297C,YGR020C,0,1.6500859,0.1845521479845047,0.8504486680030823,0.37701311707496643
YBR080C,YOR187W,0,1.6491916,0.18451222777366638,0.8504486680030823,0.37711313366889954
YFL057C,YDL077C,0,1.648606,0.18447232246398926,0.8504486680030823,0.37721315026283264
YER151C,YOR283W,0,1.6485901,0.18443243205547333,0.8504486680030823,0.37731319665908813
YHR211W,YIL020C,0,1.6445241,0.1843925565481186,0.8504486680030823,0.37741321325302124
YLL027W,YJL095W,0,1.6444691,0.18435271084308624,0.8504486680030823,0.37751325964927673
YOL136C,YDR222W,0,1.6434038,0.1843128800392151,0.8504486680030823,0.37761327624320984
YNR031C,YNL335W,0,1.6433508,0.18427306413650513,0.8504486680030823,0.37771332263946533
YPL064C,YPL037C,1,1.6429878,0.1844492405653,0.8514456748962402,0.37771332263946533
YKL203C,YNL006W,0,1.642413,0.18440940976142883,0.8514456748962402,0.37781333923339844
YGL172W,YGR251W,0,1.6415558,0.18436960875988007,0.8514456748962402,0.37791338562965393
YDL029W,YML030W,0,1.6408906,0.1843298077583313,0.8514456748962402,0.37801340222358704
YML006C,YPL098C,0,1.640593,0.18429003655910492,0.8514456748962402,0.37811344861984253
YNL127W,YGL216W,0,1.6404693,0.18425026535987854,0.8514456748962402,0.37821346521377563
YHR179W,YGR134W,0,1.6400061,0.18421052396297455,0.8514456748962402,0.37831348180770874
YMR284W,YDL208W,0,1.6397791,0.18417079746723175,0.8514456748962402,0.37841352820396423
YGL162W,YFR021W,0,1.6396534,0.18413108587265015,0.8514456748962402,0.37851354479789734
YLR295C,YOL107W,0,1.6395845,0.18409140408039093,0.8514456748962402,0.37861359119415283
YKL078W,YBR187W,0,1.6392224,0.1840517222881317,0.8514456748962402,0.37871360778808594
YAR027W,YHR057C,0,1.6392074,0.18401207029819489,0.8514456748962402,0.37881365418434143
YDR233C,YLR429W,0,1.6383185,0.18397241830825806,0.8514456748962402,0.37891367077827454
YEL069C,YBR042C,0,1.6369874,0.18393279612064362,0.8514456748962402,0.37901371717453003
YMR193W,YPR119W,0,1.635242,0.18389318883419037,0.8514456748962402,0.37911373376846313
YIL142W,YMR077C,0,1.6340148,0.1838536113500595,0.8514456748962402,0.37921375036239624
YOL136C,YDR470C,0,1.631929,0.18381403386592865,0.8514456748962402,0.37931379675865173
YLR395C,YMR200W,0,1.6308646,0.18377447128295898,0.8514456748962402,0.37941381335258484
YMR241W,YDL084W,0,1.6303666,0.1837349385023117,0.8514456748962402,0.37951385974884033
YBR183W,YMR075W,0,1.6289052,0.18369542062282562,0.8514456748962402,0.37961387634277344
YNL209W,YLR449W,1,1.6286652,0.18387097120285034,0.8524426817893982,0.37961387634277344
YNL138W-A,YFL021W,0,1.6283782,0.18383143842220306,0.8524426817893982,0.37971392273902893
YKL061W,YMR160W,0,1.627075,0.18379192054271698,0.8524426817893982,0.37981393933296204
YJR107W,YKL067W,0,1.6259667,0.1837524175643921,0.8524426817893982,0.37991398572921753
YPL241C,YCR070W,1,1.6253281,0.18392780423164368,0.8534396886825562,0.37991398572921753
YER055C,YDR496C,0,1.6244638,0.1838882863521576,0.8534396886825562,0.38001400232315063
YLR228C,YIL133C,0,1.624063,0.1838487982749939,0.8534396886825562,0.38011404871940613
YJR006W,YNL121C,0,1.6228876,0.1838093250989914,0.8534396886825562,0.38021406531333923
YLR314C,YPL252C,0,1.6213078,0.1837698519229889,0.8534396886825562,0.38031408190727234
YOL045W,YJL166W,0,1.6205072,0.18373040854930878,0.8534396886825562,0.38041412830352783
YNL008C,YGR276C,0,1.6201062,0.18369098007678986,0.8534396886825562,0.38051414489746094
YNR017W,YML006C,0,1.6197735,0.18365158140659332,0.8534396886825562,0.38061419129371643
YPL112C,YNL027W,0,1.6197555,0.1836121827363968,0.8534396886825562,0.38071420788764954
YGR229C,YAL031C,0,1.6192441,0.18357281386852264,0.8534396886825562,0.38081425428390503
YDL107W,YDR472W,0,1.619132,0.1835334450006485,0.8534396886825562,0.38091427087783813
YKR028W,YOR294W,0,1.6188611,0.18349410593509674,0.8534396886825562,0.38101431727409363
YKL078W,YPL110C,0,1.618445,0.18345478177070618,0.8534396886825562,0.38111433386802673
YOL045W,YKL210W,0,1.6184144,0.1834154725074768,0.8534396886825562,0.38121435046195984
YOR251C,YOL004W,0,1.6172671,0.18337617814540863,0.8534396886825562,0.38131439685821533
YBR230C,YBL052C,0,1.6170938,0.18333689868450165,0.8534396886825562,0.38141441345214844
YDL143W,YIL142W,1,1.6166475,0.18351177871227264,0.8544366955757141,0.38141441345214844
YOR265W,YCR070W,1,1.6164908,0.18368656933307648,0.8554337024688721,0.38141441345214844
YJL060W,YMR176W,0,1.6163445,0.1836472600698471,0.8554337024688721,0.38151445984840393
YNL238W,YBR276C,0,1.6156424,0.18360796570777893,0.8554337024688721,0.38161447644233704
YIL083C,YDR222W,0,1.6155589,0.18356867134571075,0.8554337024688721,0.38171452283859253
YLR359W,YNR044W,0,1.6149645,0.18352940678596497,0.8554337024688721,0.38181453943252563
YGR264C,YMR090W,0,1.614804,0.18349015712738037,0.8554337024688721,0.38191458582878113
YLR300W,YDR260C,0,1.6141686,0.18345093727111816,0.8554337024688721,0.38201460242271423
YGL237C,YOR138C,0,1.6140487,0.18341171741485596,0.8554337024688721,0.3821146488189697
YMR077C,YKL203C,0,1.6138624,0.18337251245975494,0.8554337024688721,0.38221466541290283
YMR161W,YER007W,1,1.612268,0.1835470050573349,0.85643070936203,0.38221466541290283
YOR349W,YCL032W,0,1.6120875,0.1835078001022339,0.85643070936203,0.38231468200683594
YOL062C,YFL017W-A,0,1.6120759,0.18346861004829407,0.85643070936203,0.38241472840309143
YEL012W,YLR213C,0,1.6120443,0.18342941999435425,0.85643070936203,0.38251474499702454
YHR005C-A,YJL029C,0,1.61148,0.18339025974273682,0.85643070936203,0.38261479139328003
YHL034C,YMR304W,0,1.6110162,0.18335111439228058,0.85643070936203,0.38271480798721313
YOL165C,YDR373W,0,1.6107541,0.18331199884414673,0.85643070936203,0.38281485438346863
YGR229C,YOL062C,0,1.6103984,0.18327288329601288,0.85643070936203,0.38291487097740173
YPR191W,YOR138C,0,1.6100032,0.18323378264904022,0.85643070936203,0.3830149173736572
YJR004C,YDR457W,0,1.6082146,0.18319471180438995,0.85643070936203,0.38311493396759033
YJL144W,YPL129W,0,1.6077409,0.18315565586090088,0.85643070936203,0.38321495056152344
YNR057C,YGR239C,0,1.6073487,0.1831165999174118,0.85643070936203,0.38331499695777893
YNL297C,YNR017W,0,1.6066942,0.18307757377624512,0.85643070936203,0.38341501355171204
YMR077C,YGR258C,0,1.6066172,0.18303856253623962,0.85643070936203,0.38351505994796753
YDL024C,YLR028C,0,1.606502,0.18299958109855652,0.85643070936203,0.38361507654190063
YNR006W,YAL040C,0,1.606371,0.1829605996608734,0.85643070936203,0.38371512293815613
YJL134W,YBR187W,0,1.6063486,0.1829216331243515,0.85643070936203,0.38381513953208923
YER008C,YPL119C,0,1.6052682,0.18288269639015198,0.85643070936203,0.3839151859283447
YMR319C,YDR245W,0,1.6043321,0.18284375965595245,0.85643070936203,0.38401520252227783
YBR282W,YNL122C,0,1.6042602,0.18280485272407532,0.85643070936203,0.3841152489185333
YPL240C,YCR055C,0,1.6031892,0.18276596069335938,0.85643070936203,0.38421526551246643
YAL017W,YLL027W,0,1.6025317,0.18272708356380463,0.85643070936203,0.38431528210639954
YDR378C,YDR138W,0,1.6024917,0.18268822133541107,0.85643070936203,0.38441532850265503
YDL036C,YOR020C,0,1.6024193,0.1826493740081787,0.85643070936203,0.38451534509658813
YDR415C,YMR210W,0,1.6010771,0.18261054158210754,0.85643070936203,0.38461539149284363
YBR271W,YER019C-A,0,1.6002996,0.18257173895835876,0.85643070936203,0.38471540808677673
YLR449W,YCR070W,1,1.5990906,0.18274542689323425,0.857427716255188,0.38471540808677673
YPL064C,YDR155C,1,1.5979629,0.18291905522346497,0.858424723148346,0.38471540808677673
YKR103W,YGR222W,0,1.5971752,0.1828802078962326,0.858424723148346,0.3848154544830322
YPR024W,YIL142W,0,1.5937252,0.18284136056900024,0.858424723148346,0.38491547107696533
YCL043C,YPR152C,0,1.5924497,0.18280254304409027,0.858424723148346,0.3850155174732208
YOL142W,YLR050C,0,1.5914816,0.1827637404203415,0.858424723148346,0.38511553406715393
YIL095W,YIL006W,0,1.5914042,0.1827249526977539,0.858424723148346,0.38521555066108704
YLR113W,YOR187W,0,1.5913855,0.18268617987632751,0.858424723148346,0.38531559705734253
YJL200C,YKL130C,0,1.5904474,0.1826474368572235,0.858424723148346,0.38541561365127563
YDL216C,YHR008C,0,1.5903919,0.1826086938381195,0.858424723148346,0.38551566004753113
YLR447C,YNL236W,0,1.5902019,0.1825699806213379,0.858424723148346,0.38561567664146423
YLR103C,YDR207C,0,1.5879605,0.18253126740455627,0.858424723148346,0.3857157230377197
YOR323C,YIL021W,0,1.5862051,0.18249258399009705,0.858424723148346,0.38581573963165283
YKL200C,YDR494W,0,1.5846157,0.182453915476799,0.858424723148346,0.3859157860279083
YMR203W,YFR019W,0,1.5840095,0.18241524696350098,0.858424723148346,0.38601580262184143
YLR153C,YKL053C-A,0,1.5838814,0.18237660825252533,0.858424723148346,0.3861158490180969
YLR020C,YCR057C,0,1.5831876,0.18233799934387207,0.858424723148346,0.38621586561203003
YBR081C,YNL080C,0,1.5826339,0.1822993904352188,0.858424723148346,0.38631588220596313
YJR017C,YCL043C,1,1.5802786,0.18247248232364655,0.8594217300415039,0.38631588220596313
YOR212W,YBR095C,0,1.580161,0.1824338585138321,0.8594217300415039,0.38641592860221863
YAL024C,YNL175C,0,1.5800171,0.18239526450634003,0.8594217300415039,0.38651594519615173
YGL172W,YLR165C,0,1.5798765,0.18235667049884796,0.8594217300415039,0.3866159915924072
YOL086C,YNR015W,0,1.5796888,0.18231810629367828,0.8594217300415039,0.38671600818634033
YHR074W,YJR006W,0,1.5791562,0.1822795569896698,0.8594217300415039,0.3868160545825958
YHR060W,YGR145W,0,1.5784843,0.18224100768566132,0.8594217300415039,0.38691607117652893
YGR225W,YGR222W,0,1.5780221,0.18220248818397522,0.8594217300415039,0.3870161175727844
YGR081C,YOL004W,0,1.5771668,0.18216398358345032,0.8594217300415039,0.38711613416671753
YDR498C,YPL087W,0,1.5748786,0.1821255087852478,0.8594217300415039,0.38721615076065063
YIL108W,YKL161C,0,1.5743815,0.1820870339870453,0.8594217300415039,0.38731619715690613
YMR112C,YNL282W,0,1.5738387,0.18204857409000397,0.8594217300415039,0.38741621375083923
YGR095C,YPL244C,0,1.5737367,0.18201012909412384,0.8594217300415039,0.3875162601470947
YOR237W,YGR268C,0,1.5736883,0.1819717139005661,0.8594217300415039,0.38761627674102783
YDR072C,YLR291C,0,1.5704757,0.18193329870700836,0.8594217300415039,0.3877163231372833
YKL170W,YAR027W,0,1.5698129,0.181894913315773,0.8594217300415039,0.38781633973121643
YOL070C,YPL200W,0,1.569519,0.18185654282569885,0.8594217300415039,0.3879163861274719
YJL005W,YKL161C,0,1.5693883,0.1818181872367859,0.8594217300415039,0.38801640272140503
YGL174W,YBL034C,0,1.5679035,0.18177984654903412,0.8594217300415039,0.3881164491176605
YOR243C,YGR214W,0,1.5674498,0.18174152076244354,0.8594217300415039,0.38821646571159363
YDR306C,YLR350W,0,1.5674014,0.18170320987701416,0.8594217300415039,0.38831648230552673
YDR144C,YNL080C,0,1.566778,0.18166491389274597,0.8594217300415039,0.3884165287017822
YNL231C,YNL026W,0,1.5665038,0.18162663280963898,0.8594217300415039,0.38851654529571533
YGR252W,YAR002C-A,0,1.5653756,0.18158836662769318,0.8594217300415039,0.3886165916919708
YDR351W,YPL087W,0,1.5651648,0.18155013024806976,0.8594217300415039,0.38871660828590393
YOL026C,YMR065W,0,1.5645765,0.18151189386844635,0.8594217300415039,0.3888166546821594
YDL142C,YDR470C,0,1.5629402,0.18147368729114532,0.8594217300415039,0.38891667127609253
YGL014W,YMR160W,0,1.562789,0.1814354807138443,0.8594217300415039,0.389016717672348
YKL200C,YFR021W,0,1.5625536,0.18139730393886566,0.8594217300415039,0.38911673426628113
YOR212W,YML006C,0,1.5613405,0.18135914206504822,0.8594217300415039,0.38921675086021423
YGL112C,YFR018C,0,1.5607725,0.18132099509239197,0.8594217300415039,0.3893167972564697
YJL166W,YJR036C,0,1.5606484,0.1812828630208969,0.8594217300415039,0.38941681385040283
YLR244C,YGL256W,0,1.5588031,0.18124474585056305,0.8594217300415039,0.3895168602466583
YPL134C,YCL057W,0,1.5584844,0.18120664358139038,0.8594217300415039,0.38961687684059143
YPL119C,YPL110C,0,1.5582774,0.1811685562133789,0.8594217300415039,0.3897169232368469
YPR024W,YLR020C,0,1.5565276,0.18113048374652863,0.8594217300415039,0.38981693983078003
YGR171C,YDL225W,0,1.5564505,0.18109244108200073,0.8594217300415039,0.3899169862270355
YPL127C,YNL298W,0,1.5560874,0.18105439841747284,0.8594217300415039,0.39001700282096863
YGL112C,YMR186W,0,1.5547732,0.18101638555526733,0.8594217300415039,0.3901170492172241
YFR021W,YOR285W,0,1.554488,0.18097837269306183,0.8594217300415039,0.3902170658111572
YJR092W,YNR010W,0,1.5542724,0.1809403896331787,0.8594217300415039,0.39031708240509033
YPR072W,YDL179W,0,1.5537308,0.1809024065732956,0.8594217300415039,0.3904171288013458
YLR452C,YBR278W,0,1.5526322,0.18086445331573486,0.8594217300415039,0.39051714539527893
YPL064C,YDL229W,1,1.5525272,0.18103629350662231,0.8604187369346619,0.39051714539527893
YOR323C,YKL013C,0,1.5524611,0.1809983253479004,0.8604187369346619,0.3906171917915344
YNL298W,YMR304W,0,1.5513284,0.18096037209033966,0.8604187369346619,0.39071720838546753
YJL166W,YMR193W,0,1.5510869,0.18092243373394012,0.8604187369346619,0.390817254781723
YML112W,YFR033C,0,1.5509715,0.18088451027870178,0.8604187369346619,0.39091727137565613
YDR146C,YJL006C,0,1.550689,0.18084660172462463,0.8604187369346619,0.3910173177719116
YJL162C,YDR151C,1,1.5505124,0.18101823329925537,0.8614157438278198,0.3910173177719116
YNL223W,YOR008C,0,1.5501132,0.18098030984401703,0.8614157438278198,0.3911173343658447
YBR059C,YJL053W,0,1.5495853,0.18094240128993988,0.8614157438278198,0.39121735095977783
YPL274W,YMR210W,0,1.5488822,0.18090452253818512,0.8614157438278198,0.3913173973560333
YGL050W,YKL165C,0,1.5488074,0.18086665868759155,0.8614157438278198,0.39141741394996643
YMR049C,YMR090W,0,1.5480192,0.18082879483699799,0.8614157438278198,0.3915174603462219
YHR175W,YMR077C,0,1.5466202,0.1807909607887268,0.8614157438278198,0.39161747694015503
YMR146C,YPL244C,0,1.5458305,0.18075314164161682,0.8614157438278198,0.3917175233364105
YML112W,YNL122C,0,1.5456324,0.18071533739566803,0.8614157438278198,0.39181753993034363
YDL179W,YJR021C,0,1.5446522,0.18067754805088043,0.8614157438278198,0.3919175863265991
YKL201C,YKL168C,0,1.5441017,0.18063975870609283,0.8614157438278198,0.3920176029205322
YHR056C,YAL063C,0,1.5440813,0.18060201406478882,0.8614157438278198,0.3921176493167877
YPR111W,YIL035C,0,1.5438294,0.1805642694234848,0.8614157438278198,0.3922176659107208
YMR025W,YJL149W,0,1.5433042,0.18052653968334198,0.8614157438278198,0.39231768250465393
YGR246C,YML132W,0,1.5417378,0.18048882484436035,0.8614157438278198,0.3924177289009094
YHR029C,YGR012W,0,1.5417024,0.18045112490653992,0.8614157438278198,0.39251774549484253
YMR269W,YGR185C,0,1.5416305,0.18041345477104187,0.8614157438278198,0.392617791891098
YOR142W,YPR030W,0,1.5416121,0.18037578463554382,0.8614157438278198,0.39271780848503113
YPL127C,YLR321C,0,1.5408553,0.18033812940120697,0.8614157438278198,0.3928178548812866
YBL028C,YGR222W,0,1.5393311,0.1803005039691925,0.8614157438278198,0.3929178714752197
YJL111W,YJR064W,1,1.5382622,0.1804715245962143,0.8624127507209778,0.3929178714752197
YJL081C,YPL218W,0,1.5353696,0.18043386936187744,0.8624127507209778,0.3930179178714752
YOL145C,YNL016W,0,1.5350022,0.18039624392986298,0.8624127507209778,0.3931179344654083
YDR240C,YAL039C,0,1.5341535,0.1803586333990097,0.8624127507209778,0.39321795105934143
YDR460W,YMR210W,0,1.5333387,0.18032103776931763,0.8624127507209778,0.3933179974555969
YGR113W,YLL012W,0,1.5331699,0.18028345704078674,0.8624127507209778,0.39341801404953003
YOL151W,YMR240C,0,1.5330224,0.18024589121341705,0.8624127507209778,0.3935180604457855
YMR146C,YOR340C,0,1.5299819,0.18020834028720856,0.8624127507209778,0.39361807703971863
YCR093W,YPR152C,0,1.5288382,0.18017080426216125,0.8624127507209778,0.3937181234359741
YDR083W,YHR051W,0,1.5287212,0.18013328313827515,0.8624127507209778,0.3938181400299072
YPL163C,YJR112W,0,1.5286658,0.18009577691555023,0.8624127507209778,0.3939181864261627
YIR011C,YDR364C,0,1.5283659,0.1800582855939865,0.8624127507209778,0.3940182030200958
YMR013C,YBR281C,0,1.5275655,0.18002080917358398,0.8624127507209778,0.3941182494163513
YFR029W,YAL031C,0,1.5270023,0.17998334765434265,0.8624127507209778,0.3942182660102844
YOR074C,YHR058C,0,1.526545,0.1799459159374237,0.8624127507209778,0.39431828260421753
YDL217C,YBR282W,0,1.526239,0.17990848422050476,0.8624127507209778,0.394418329000473
YHR057C,YER007W,1,1.5260742,0.18007901310920715,0.8634097576141357,0.394418329000473
YOR074C,YOL026C,0,1.5259517,0.1800415813922882,0.8634097576141357,0.39451834559440613
YPL150W,YKL206C,0,1.524924,0.18000416457653046,0.8634097576141357,0.3946183919906616
YBR177C,YML080W,0,1.5240005,0.1799667477607727,0.8634097576141357,0.3947184085845947
YLR160C,YNR015W,0,1.5229926,0.17992936074733734,0.8634097576141357,0.3948184549808502
YGL051W,YKL003C,0,1.522819,0.17989198863506317,0.8634097576141357,0.3949184715747833
YGL183C,YDL198C,0,1.5227687,0.179854616522789,0.8634097576141357,0.3950185179710388
YFR029W,YIL035C,0,1.522521,0.17981727421283722,0.8634097576141357,0.3951185345649719
YLR187W,YOR340C,0,1.5221643,0.17977994680404663,0.8634097576141357,0.39521855115890503
YPR198W,YKL022C,0,1.5220432,0.17974263429641724,0.8634097576141357,0.3953185975551605
YDR476C,YJL095W,0,1.5218889,0.17970533668994904,0.8634097576141357,0.39541861414909363
YDR155C,YIR004W,1,1.5218304,0.17987552285194397,0.8644067645072937,0.39541861414909363
YOR298W,YML039W,0,1.5213413,0.17983821034431458,0.8644067645072937,0.3955186605453491
YHR082C,YDR470C,0,1.5201952,0.17980091273784637,0.8644067645072937,0.3956186771392822
YBR145W,YDL128W,0,1.518722,0.17976363003253937,0.8644067645072937,0.3957187235355377
YFR045W,YPR001W,0,1.5175558,0.17972636222839355,0.8644067645072937,0.3958187401294708
YER055C,YHR119W,0,1.5171579,0.17968912422657013,0.8644067645072937,0.3959187865257263
YOR323C,YLR197W,0,1.5162085,0.1796518862247467,0.8644067645072937,0.3960188031196594
YDR172W,YNL259C,0,1.5161158,0.17961466312408447,0.8644067645072937,0.3961188495159149
YOR222W,YDR496C,0,1.5160968,0.17957746982574463,0.8644067645072937,0.396218866109848
YJR032W,YNL135C,1,1.5159851,0.17974735796451569,0.8654037714004517,0.396218866109848
YFR031C,YLR390W,0,1.5139793,0.17971014976501465,0.8654037714004517,0.39631888270378113
YOR145C,YHR135C,0,1.5138394,0.1796729415655136,0.8654037714004517,0.3964189291000366
YBR260C,YKL003C,0,1.513562,0.17963576316833496,0.8654037714004517,0.3965189456939697
YAL024C,YMR087W,0,1.5134912,0.1795985996723175,0.8654037714004517,0.3966189920902252
YOR279C,YBR222C,0,1.5132493,0.17956143617630005,0.8654037714004517,0.3967190086841583
YBR115C,YLR348C,0,1.5128223,0.17952430248260498,0.8654037714004517,0.3968190550804138
YKR103W,YCL052C,0,1.5114509,0.1794871836900711,0.8654037714004517,0.3969190716743469
YPR024W,YBR173C,0,1.5113809,0.17945007979869843,0.8654037714004517,0.3970191180706024
YPR162C,YDR369C,0,1.5113201,0.17941297590732574,0.8654037714004517,0.3971191346645355
YKR020W,YER145C,0,1.5101324,0.17937590181827545,0.8654037714004517,0.39721915125846863
YGR268C,YBL085W,0,1.5087843,0.17933884263038635,0.8654037714004517,0.3973191976547241
YDL045W-A,YDL170W,0,1.5086126,0.17930179834365845,0.8654037714004517,0.3974192142486572
YDR351W,YJL171C,0,1.5084274,0.17926476895809174,0.8654037714004517,0.3975192606449127
YHR012W,YDR067C,0,1.5075499,0.17922775447368622,0.8654037714004517,0.3976192772388458
YBL041W,YGR229C,0,1.5068624,0.1791907548904419,0.8654037714004517,0.3977193236351013
YOL112W,YNR013C,0,1.5061228,0.17915377020835876,0.8654037714004517,0.3978193402290344
YLR321C,YNL239W,0,1.5059175,0.17911680042743683,0.8654037714004517,0.3979193866252899
YLR314C,YMR304W,0,1.5055721,0.1790798455476761,0.8654037714004517,0.398019403219223
YJR101W,YFR033C,0,1.5053202,0.17904290556907654,0.8654037714004517,0.3981194496154785
YMR077C,YCL052C,0,1.5043248,0.17900598049163818,0.8654037714004517,0.3982194662094116
YLR043C,YBL068W,0,1.5027168,0.17896907031536102,0.8654037714004517,0.3983194828033447
YNL127W,YDR476C,0,1.5013127,0.17893217504024506,0.8654037714004517,0.3984195291996002
YML036W,YIL035C,0,1.5010327,0.17889529466629028,0.8654037714004517,0.3985195457935333
YKR101W,YBR026C,0,1.5006864,0.1788584440946579,0.8654037714004517,0.3986195921897888
YGL212W,YJL124C,0,1.5003079,0.1788215935230255,0.8654037714004517,0.3987196087837219
YGL244W,YDR415C,0,1.4994061,0.17878475785255432,0.8654037714004517,0.3988196551799774
YDR229W,YDR404C,0,1.4989471,0.17874793708324432,0.8654037714004517,0.3989196717739105
YER168C,YMR115W,0,1.4985025,0.17871113121509552,0.8654037714004517,0.399019718170166
YCR030C,YHR066W,0,1.4963498,0.1786743551492691,0.8654037714004517,0.3991197347640991
YNL153C,YJL085W,0,1.4959725,0.1786375790834427,0.8654037714004517,0.3992197513580322
YJL162C,YCR060W,1,1.495719,0.1788065880537033,0.8664007782936096,0.3992197513580322
YAL060W,YMR284W,0,1.4955897,0.1787697970867157,0.8664007782936096,0.3993197977542877
YDR144C,YNL107W,0,1.4946855,0.17873303592205048,0.8664007782936096,0.3994198143482208
YDR373W,YLR301W,0,1.4946381,0.17869627475738525,0.8664007782936096,0.3995198607444763
YJR021C,YOL062C,0,1.4941554,0.17865954339504242,0.8664007782936096,0.3996198773384094
YPR191W,YPR135W,0,1.4933962,0.17862281203269958,0.8664007782936096,0.3997199237346649
YEL031W,YDR449C,0,1.4933519,0.17858611047267914,0.8664007782936096,0.399819940328598
YNR004W,YNR006W,0,1.4924264,0.1785494089126587,0.8664007782936096,0.3999199867248535
YOR054C,YDR164C,0,1.4920275,0.17851273715496063,0.8664007782936096,0.4000200033187866
YNL192W,YLR160C,0,1.4915724,0.17847608029842377,0.8664007782936096,0.4001200497150421
YLR429W,YEL056W,0,1.491462,0.1784394234418869,0.8664007782936096,0.4002200663089752
YJL029C,YLL061W,0,1.4904251,0.17840279638767242,0.8664007782936096,0.4003200829029083
YKL126W,YMR078C,0,1.4901607,0.17836616933345795,0.8664007782936096,0.4004201292991638
YGR251W,YPL244C,0,1.4899392,0.17832957208156586,0.8664007782936096,0.4005201458930969
YMR090W,YKR006C,0,1.4892359,0.17829298973083496,0.8664007782936096,0.4006201922893524
YLR029C,YOR313C,0,1.4889865,0.17825640738010406,0.8664007782936096,0.4007202088832855
YMR301C,YMR240C,0,1.4884238,0.17821985483169556,0.8664007782936096,0.400820255279541
YJL030W,YOR338W,0,1.4882971,0.17818330228328705,0.8664007782936096,0.4009202718734741
YLR289W,YKR068C,0,1.4877775,0.17814677953720093,0.8664007782936096,0.4010203182697296
YGR081C,YDR233C,0,1.4872634,0.178110271692276,0.8664007782936096,0.4011203348636627
YNR060W,YMR308C,0,1.4870479,0.17807376384735107,0.8664007782936096,0.4012203514575958
YDR389W,YOR204W,0,1.4865482,0.17803728580474854,0.8664007782936096,0.4013203978538513
YLR025W,YMR295C,0,1.4854333,0.1780008226633072,0.8664007782936096,0.4014204144477844
YPL042C,YBR274W,0,1.484616,0.17796435952186584,0.8664007782936096,0.4015204608440399
YBR195C,YGR072W,0,1.4845234,0.1779279261827469,0.8664007782936096,0.401620477437973
YMR179W,YPR125W,0,1.4819752,0.17789150774478912,0.8664007782936096,0.4017205238342285
YDR527W,YGR155W,0,1.4818292,0.17785508930683136,0.8664007782936096,0.4018205404281616
YPR080W,YOR194C,0,1.4816697,0.17781870067119598,0.8664007782936096,0.4019205868244171
YLR395C,YLR309C,0,1.4805624,0.1777823269367218,0.8664007782936096,0.4020206034183502
YBR095C,YPL007C,0,1.4803768,0.17774595320224762,0.8664007782936096,0.4021206498146057
YBL052C,YDR508C,0,1.4798748,0.17770960927009583,0.8664007782936096,0.4022206664085388
YPL180W,YPL078C,0,1.4793768,0.17767328023910522,0.8664007782936096,0.4023206830024719
YDR083W,YER104W,0,1.4792175,0.17763695120811462,0.8664007782936096,0.4024207293987274
YGR179C,YLR050C,0,1.4783413,0.1776006519794464,0.8664007782936096,0.4025207459926605
YOL124C,YIL035C,0,1.477379,0.1775643676519394,0.8664007782936096,0.402620792388916
YGL010W,YLR268W,0,1.4770012,0.17752808332443237,0.8664007782936096,0.4027208089828491
YOR265W,YIL016W,1,1.4746943,0.1776960790157318,0.8673977851867676,0.4027208089828491
YDR207C,YHR109W,0,1.4746733,0.1776597946882248,0.8673977851867676,0.4028208553791046
YPR125W,YIL035C,0,1.4740801,0.17762352526187897,0.8673977851867676,0.4029208719730377
YPR026W,YDL074C,0,1.4737499,0.17758725583553314,0.8673977851867676,0.4030209183692932
YLR289W,YNL080C,0,1.4722843,0.1775510162115097,0.8673977851867676,0.4031209349632263
YLR219W,YKR028W,0,1.470025,0.17751479148864746,0.8673977851867676,0.4032209515571594
YPL064C,YJR017C,1,1.4696585,0.17768257856369019,0.8683947920799255,0.4032209515571594
YPL213W,YNL107W,0,1.4696244,0.17764633893966675,0.8683947920799255,0.4033209979534149
YNL027W,YCR097WB,0,1.4695257,0.1776101142168045,0.8683947920799255,0.403421014547348
YLL002W,YCL052C,0,1.4683247,0.17757390439510345,0.8683947920799255,0.4035210609436035
YOR071C,YMR240C,0,1.4678016,0.1775377094745636,0.8683947920799255,0.4036210775375366
YOL038W,YNL238W,0,1.4674513,0.17750152945518494,0.8683947920799255,0.4037211239337921
YPL042C,YDR218C,0,1.466814,0.17746536433696747,0.8683947920799255,0.4038211405277252
YKR101W,YOL004W,0,1.4666166,0.1774292141199112,0.8683947920799255,0.4039211869239807
YLR429W,YAR031W,0,1.466266,0.1773930788040161,0.8683947920799255,0.4040212035179138
YMR267W,YOR353C,0,1.4658881,0.17735695838928223,0.8683947920799255,0.4041212499141693
YPR189W,YPL180W,0,1.4652894,0.17732085287570953,0.8683947920799255,0.4042212665081024
YPL083C,YDR494W,0,1.465118,0.17728474736213684,0.8683947920799255,0.4043212831020355
YOL086C,YCL025C,0,1.4644785,0.17724867165088654,0.8683947920799255,0.404421329498291
YKL126W,YOR054C,0,1.4642465,0.17721261084079742,0.8683947920799255,0.4045213460922241
YMR097C,YMR099C,0,1.4622934,0.1771765649318695,0.8683947920799255,0.4046213924884796
YBL058W,YBR223C,0,1.4617693,0.17714053392410278,0.8683947920799255,0.4047214090824127
YDR310C,YMR145C,0,1.4606302,0.17710451781749725,0.8683947920799255,0.4048214554786682
YGR155W,YMR270C,0,1.4602644,0.17706851661205292,0.8683947920799255,0.4049214720726013
YOR226C,YOR222W,0,1.4599695,0.17703251540660858,0.8683947920799255,0.4050215184688568
YOL102C,YDR195W,0,1.4586612,0.17699654400348663,0.8683947920799255,0.4051215350627899
YDL015C,YMR304W,0,1.4583966,0.17696058750152588,0.8683947920799255,0.405221551656723
YKL171W,YOL136C,0,1.4582932,0.17692464590072632,0.8683947920799255,0.4053215980529785
YJR051W,YLR353W,0,1.4571664,0.17688870429992676,0.8683947920799255,0.4054216146469116
YJR149W,YBR243C,0,1.4569843,0.17685279250144958,0.8683947920799255,0.4055216610431671
YDR245W,YOR204W,0,1.4568168,0.1768168956041336,0.8683947920799255,0.4056216776371002
YER008C,YDR207C,0,1.4558825,0.17678099870681763,0.8683947920799255,0.4057217240333557
YMR241W,YPR167C,0,1.4558342,0.17674513161182404,0.8683947920799255,0.4058217406272888
YLR191W,YDR306C,0,1.4557395,0.17670926451683044,0.8683947920799255,0.4059217870235443
YOR279C,YGR089W,0,1.4550586,0.17667342722415924,0.8683947920799255,0.4060218036174774
YHR069C,YGL148W,0,1.4542781,0.17663760483264923,0.8683947920799255,0.4061218500137329
YDL128W,YKL124W,0,1.4535655,0.17660178244113922,0.8683947920799255,0.406221866607666
YMR284W,YER137C,0,1.4532211,0.1765659898519516,0.8683947920799255,0.4063218832015991
YMR168C,YLL027W,0,1.4512999,0.17653019726276398,0.8683947920799255,0.4064219295978546
YPL150W,YPL163C,0,1.4512322,0.17649443447589874,0.8683947920799255,0.4065219461917877
YLR163C,YLR389C,0,1.4509429,0.1764586716890335,0.8683947920799255,0.4066219925880432
YKL201C,YNL052W,0,1.4509289,0.17642292380332947,0.8683947920799255,0.4067220091819763
YBL011W,YIL042C,0,1.450844,0.17638720571994781,0.8683947920799255,0.4068220555782318
YER013W,YKR055W,0,1.4507496,0.17635148763656616,0.8683947920799255,0.4069220721721649
YDL215C,YKL053C-A,0,1.4506515,0.1763157844543457,0.8683947920799255,0.4070221185684204
YKL038W,YMR025W,0,1.4504435,0.17628011107444763,0.8683947920799255,0.4071221351623535
YJR151C,YGL071W,0,1.4503236,0.17624443769454956,0.8683947920799255,0.4072221517562866
YOL155C,YLL043W,0,1.44962,0.17620877921581268,0.8683947920799255,0.4073221981525421
YHR077C,YCL026C-B,0,1.4487562,0.176173135638237,0.8683947920799255,0.4074222147464752
YLR043C,YOR351C,0,1.4486451,0.1761375069618225,0.8683947920799255,0.4075222611427307
YGR177C,YOL093W,0,1.4484706,0.1761018931865692,0.8683947920799255,0.4076222777366638
YGL050W,YIL083C,0,1.4476836,0.1760663092136383,0.8683947920799255,0.4077223241329193
YOR074C,YJL081C,0,1.4466366,0.1760307252407074,0.8683947920799255,0.4078223407268524
YMR300C,YML036W,0,1.4446454,0.17599515616893768,0.8683947920799255,0.4079223871231079
YER185W,YBR243C,0,1.4439175,0.17595960199832916,0.8683947920799255,0.408022403717041
YMR054W,YBR120C,0,1.4431314,0.17592406272888184,0.8683947920799255,0.4081224501132965
YCL018W,YMR077C,0,1.4426947,0.1758885234594345,0.8683947920799255,0.4082224667072296
YPL183W-A,YPL208W,0,1.4425178,0.17585301399230957,0.8683947920799255,0.4083224833011627
YBR196C,YOR168W,0,1.440629,0.17581751942634583,0.8683947920799255,0.4084225296974182
YNL335W,YAL040C,0,1.439749,0.17578203976154327,0.8683947920799255,0.4085225462913513
YDR353W,YOR285W,0,1.4390436,0.17574657499790192,0.8683947920799255,0.4086225926876068
YLL004W,YNR010W,0,1.4389915,0.17571111023426056,0.8683947920799255,0.4087226092815399
YGL216W,YAL029C,0,1.4385899,0.1756756752729416,0.8683947920799255,0.4088226556777954
YBL058W,YDR222W,0,1.4385762,0.1756402552127838,0.8683947920799255,0.4089226722717285
YNR017W,YGR034W,0,1.4381058,0.17560483515262604,0.8683947920799255,0.409022718667984
YMR161W,YML074C,1,1.4380796,0.17577101290225983,0.8693917989730835,0.409022718667984
YDR196C,YLL045C,0,1.4380548,0.17573559284210205,0.8693917989730835,0.4091227352619171
YER013W,YMR143W,0,1.4377269,0.17570018768310547,0.8693917989730835,0.4092227816581726
YGR077C,YFL023W,0,1.4370743,0.1756647825241089,0.8693917989730835,0.4093227982521057
YER049W,YHR135C,0,1.4366685,0.1756294071674347,0.8693917989730835,0.4094228148460388
YCR069W,YIL016W,1,1.4360981,0.17579540610313416,0.8703888058662415,0.4094228148460388
YGR175C,YNL121C,0,1.4340808,0.17576001584529877,0.8703888058662415,0.4095228612422943
YAR027W,YIL177C,0,1.4339371,0.17572464048862457,0.8703888058662415,0.4096228778362274
YGR085C,YGL169W,0,1.433716,0.17568928003311157,0.8703888058662415,0.4097229242324829
YJL024C,YDL198C,0,1.4328327,0.17565391957759857,0.8703888058662415,0.409822940826416
YER098W,YJL134W,0,1.432694,0.17561858892440796,0.8703888058662415,0.4099229872226715
YNL178W,YIL140W,0,1.4313632,0.17558327317237854,0.8703888058662415,0.4100230038166046
YDL055C,YML132W,0,1.4307745,0.17554795742034912,0.8703888058662415,0.4101230502128601
YEL031W,YPL065W,0,1.4302506,0.1755126714706421,0.8703888058662415,0.4102230668067932
YHR012W,YOR126C,0,1.4292524,0.17547738552093506,0.8703888058662415,0.4103230834007263
YIL080W,YLR350W,0,1.4287212,0.17544212937355042,0.8703888058662415,0.4104231297969818
YOR243C,YHR060W,0,1.4261881,0.17540687322616577,0.8703888058662415,0.4105231463909149
YIR038C,YCR055C,0,1.4243066,0.17537163197994232,0.8703888058662415,0.4106231927871704
YBR067C,YLR026C,0,1.4240727,0.17533640563488007,0.8703888058662415,0.4107232093811035
YMR241W,YGR177C,0,1.4238628,0.1753012090921402,0.8703888058662415,0.410823255777359
YDR144C,YGR264C,0,1.4237297,0.17526601254940033,0.8703888058662415,0.4109232723712921
YLR113W,YPR083W,0,1.4231775,0.17523083090782166,0.8703888058662415,0.4110233187675476
YJL166W,YMR300C,0,1.4205173,0.17519566416740417,0.8703888058662415,0.4111233353614807
YML028W,YDR392W,0,1.4197685,0.1751605123281479,0.8703888058662415,0.4112233817577362
YMR270C,YGL216W,0,1.418436,0.1751253753900528,0.8703888058662415,0.4113233983516693
YNL153C,YMR315W,0,1.4173706,0.1750902533531189,0.8703888058662415,0.4114234149456024
YER117W,YKR028W,0,1.417139,0.1750551462173462,0.8703888058662415,0.4115234613418579
YDL179W,YBR037C,0,1.4170018,0.17502005398273468,0.8703888058662415,0.411623477935791
YCR057C,YMR295C,0,1.4168032,0.17498496174812317,0.8703888058662415,0.4117235243320465
YCL057W,YOR353C,0,1.4161735,0.17494989931583405,0.8703888058662415,0.4118235409259796
YDL084W,YAL033W,0,1.4151397,0.17491485178470612,0.8703888058662415,0.4119235873222351
YMR005W,YMR112C,0,1.4149809,0.17487980425357819,0.8703888058662415,0.4120236039161682
YJR004C,YPL002C,0,1.4145344,0.17484478652477264,0.8703888058662415,0.4121236503124237
YGL237C,YDR494W,0,1.414079,0.1748097687959671,0.8703888058662415,0.4122236669063568
YPR162C,YLL019C,0,1.4134035,0.17477478086948395,0.8703888058662415,0.4123236835002899
YPR198W,YER046W,0,1.4133675,0.1747397929430008,0.8703888058662415,0.4124237298965454
YDL021W,YPL113C,0,1.4132699,0.17470481991767883,0.8703888058662415,0.4125237464904785
YGL094C,YGL004C,0,1.4129026,0.17466986179351807,0.8703888058662415,0.412623792886734
YDL215C,YDR494W,0,1.4125326,0.1746349334716797,0.8703888058662415,0.4127238094806671
YJR133W,YOR085W,0,1.4123958,0.1746000051498413,0.8703888058662415,0.4128238558769226
YKL041W,YML036W,0,1.4122225,0.17456509172916412,0.8703888058662415,0.4129238724708557
YOR301W,YDR072C,0,1.4122164,0.17453019320964813,0.8703888058662415,0.4130239188671112
YKR008W,YGL233W,0,1.4109367,0.17449530959129333,0.8703888058662415,0.4131239354610443
YOL141W,YLR141W,0,1.4096842,0.17446042597293854,0.8703888058662415,0.4132239818572998
YLR200W,YML094W,1,1.4088817,0.17462538182735443,0.8713858127593994,0.4132239818572998
YBR118W,YLR187W,0,1.4083736,0.17459049820899963,0.8713858127593994,0.4133239984512329
YBR170C,YMR025W,0,1.407631,0.17455562949180603,0.8713858127593994,0.413424015045166
YGR185C,YHR057C,0,1.4074965,0.17452076077461243,0.8713858127593994,0.4135240614414215
YJL214W,YLR042C,0,1.4065967,0.1744859218597412,0.8713858127593994,0.4136240780353546
YHR061C,YMR143W,0,1.4059157,0.1744510978460312,0.8713858127593994,0.4137241244316101
YGR251W,YJL166W,0,1.405499,0.17441628873348236,0.8713858127593994,0.4138241410255432
YLR259C,YCL043C,1,1.4054263,0.17458100616931915,0.8723828792572021,0.4138241410255432
YBR182C,YBL085W,0,1.4053453,0.17454618215560913,0.8723828792572021,0.4139241874217987
YDR389W,YML109W,0,1.4042635,0.1745113730430603,0.8723828792572021,0.4140242040157318
YDR082W,YFR029W,0,1.4038069,0.17447656393051147,0.8723828792572021,0.4141242504119873
YJL194W,YGL094C,0,1.403595,0.17444178462028503,0.8723828792572021,0.4142242670059204
YPL131W,YEL040W,0,1.4030726,0.1744070202112198,0.8723828792572021,0.4143242835998535
YER098W,YKL074C,0,1.4018266,0.17437225580215454,0.8723828792572021,0.414424329996109
YJL005W,YBR096W,0,1.4014271,0.17433752119541168,0.8723828792572021,0.4145243465900421
YOR275C,YHR039C-A,0,1.4009438,0.17430278658866882,0.8723828792572021,0.4146243929862976
YPL151C,YDL206W,0,1.4008656,0.17426806688308716,0.8723828792572021,0.4147244095802307
YMR038C,YPL065W,0,1.4002001,0.17423337697982788,0.8723828792572021,0.4148244559764862
YLR228C,YNL080C,0,1.3998861,0.1741986870765686,0.8723828792572021,0.4149244725704193
YCR060W,YEL070W,0,1.3997995,0.17416401207447052,0.8723828792572021,0.4150245189666748
YNL010W,YPL196W,0,1.3994017,0.17412935197353363,0.8723828792572021,0.4151245355606079
YNL262W,YJL213W,0,1.3990983,0.17409470677375793,0.8723828792572021,0.4152245819568634
YCR093W,YAR002C-A,0,1.3983705,0.17406007647514343,0.8723828792572021,0.4153245985507965
YIL128W,YKL119C,0,1.3981903,0.17402546107769012,0.8723828792572021,0.4154246151447296
YER007W,YNR028W,1,1.3980967,0.1741897016763687,0.8733798861503601,0.4154246151447296
YGL200C,YPL131W,0,1.3978839,0.1741550713777542,0.8733798861503601,0.4155246615409851
YKR054C,YBL089W,0,1.3977802,0.1741204559803009,0.8733798861503601,0.4156246781349182
YNL010W,YKL180W,0,1.3973017,0.1740858554840088,0.8733798861503601,0.4157247245311737
YDR296W,YHR005C-A,0,1.3972617,0.17405125498771667,0.8733798861503601,0.4158247411251068
YDR144C,YDR472W,0,1.3968389,0.17401668429374695,0.8733798861503601,0.4159247875213623
YBR066C,YGR113W,0,1.3968161,0.17398212850093842,0.8733798861503601,0.4160248041152954
YOR349W,YMR200W,1,1.3967353,0.1741461455821991,0.8743768930435181,0.4160248041152954
YLR394W,YOR089C,0,1.3963288,0.17411157488822937,0.8743768930435181,0.4161248505115509
YDR527W,YBR096W,0,1.3954921,0.17407701909542084,0.8743768930435181,0.416224867105484
YHR193C,YOR232W,1,1.3952509,0.17424091696739197,0.875373899936676,0.416224867105484
YKR002W,YNL138W,0,1.3946521,0.17420634627342224,0.875373899936676,0.4163248836994171
YGR264C,YLR380W,0,1.3926425,0.1741717904806137,0.875373899936676,0.4164249300956726
YPL183W-A,YBR074W,0,1.3922256,0.17413724958896637,0.875373899936676,0.4165249466896057
YBR172C,YMR193W,0,1.391609,0.17410272359848022,0.875373899936676,0.4166249930858612
YNL236W,YDL040C,0,1.3913085,0.17406819760799408,0.875373899936676,0.4167250096797943
YPR135W,YOL093W,0,1.3911264,0.17403370141983032,0.875373899936676,0.4168250560760498
YFR045W,YDL021W,0,1.390739,0.17399920523166656,0.875373899936676,0.4169250726699829
YIL143C,YCL024W,0,1.3904982,0.1739647388458252,0.875373899936676,0.4170251190662384
YGL122C,YHR051W,0,1.3904939,0.17393027245998383,0.875373899936676,0.4171251356601715
YBR170C,YOL054W,0,1.3896792,0.17389582097530365,0.875373899936676,0.417225182056427
YOR317W,YOR393W,0,1.3893561,0.17386138439178467,0.875373899936676,0.4173251986503601
YOL038W,YAL039C,0,1.3890436,0.17382696270942688,0.875373899936676,0.4174252152442932
YDR090C,YER137C,0,1.3885596,0.17379255592823029,0.875373899936676,0.4175252616405487
YOR388C,YDL097C,0,1.3883945,0.17375816404819489,0.875373899936676,0.4176252782344818
YPR162C,YDL047W,0,1.3880181,0.17372378706932068,0.875373899936676,0.4177253246307373
YLR452C,YOR212W,0,1.3879156,0.17368941009044647,0.875373899936676,0.4178253412246704
YNR031C,YKL171W,0,1.3870804,0.17365506291389465,0.875373899936676,0.4179253876209259
YIL128W,YDR403W,0,1.386175,0.17362073063850403,0.875373899936676,0.418025404214859
YIL021W,YNL282W,0,1.3851665,0.1735863983631134,0.875373899936676,0.4181254506111145
YMR238W,YEL070W,0,1.3851184,0.17355208098888397,0.875373899936676,0.4182254672050476
YPR162C,YLR020C,0,1.3850911,0.17351779341697693,0.875373899936676,0.4183254837989807
YJR119C,YBR187W,0,1.3850075,0.17348350584506989,0.875373899936676,0.4184255301952362
YAL054C,YOR180C,0,1.3846247,0.17344923317432404,0.875373899936676,0.4185255467891693
YPL147W,YBR128C,0,1.3831843,0.17341497540473938,0.875373899936676,0.4186255931854248
YKL013C,YPR091C,0,1.3828657,0.17338073253631592,0.875373899936676,0.4187256097793579
YPR080W,YCL014W,0,1.3826425,0.17334648966789246,0.875373899936676,0.4188256561756134
YPL093W,YMR213W,0,1.3821511,0.17331227660179138,0.875373899936676,0.4189256727695465
YJL060W,YJL140W,0,1.3819187,0.1732780784368515,0.875373899936676,0.419025719165802
YMR061W,YOL093W,0,1.3818444,0.17324388027191162,0.875373899936676,0.4191257357597351
YOR226C,YGR027C,0,1.3818226,0.17320971190929413,0.875373899936676,0.4192257821559906
YEL031W,YMR020W,0,1.3815377,0.17317554354667664,0.875373899936676,0.4193257987499237
YJL024C,YCR046C,0,1.3809241,0.17314139008522034,0.875373899936676,0.4194258153438568
YNL314W,YJR036C,0,1.3804302,0.17310725152492523,0.875373899936676,0.4195258617401123
YNL232W,YGR113W,0,1.3804233,0.17307312786579132,0.875373899936676,0.4196258783340454
YDL059C,YDR304C,0,1.38016,0.1730390191078186,0.875373899936676,0.4197259247303009
YCL032W,YOR285W,0,1.3791614,0.17300492525100708,0.875373899936676,0.419825941324234
YBL028C,YDL083C,0,1.3783114,0.17297084629535675,0.875373899936676,0.4199259877204895
YIL002C,YNL274C,0,1.3779175,0.17293676733970642,0.875373899936676,0.4200260043144226
YOR106W,YIR011C,0,1.3770461,0.17290271818637848,0.875373899936676,0.4201260507106781
YPR196W,YJL149W,0,1.3759185,0.17286866903305054,0.875373899936676,0.4202260673046112
YGR288W,YBL079W,0,1.3753269,0.17283464968204498,0.875373899936676,0.4203260838985443
YHR029C,YPL139C,0,1.3752086,0.17280063033103943,0.875373899936676,0.4204261302947998
YNL079C,YDL170W,0,1.374479,0.17276662588119507,0.875373899936676,0.4205261468887329
YLR026C,YGR185C,0,1.3740932,0.1727326363325119,0.875373899936676,0.4206261932849884
YIR005W,YDR062W,0,1.3737364,0.17269866168498993,0.875373899936676,0.4207262098789215
YBR192W,YER104W,0,1.3733685,0.17266470193862915,0.875373899936676,0.420826256275177
YOR038C,YGR155W,0,1.3722751,0.17263075709342957,0.875373899936676,0.4209262728691101
YNL135C,YDR252W,1,1.3717264,0.17279338836669922,0.876370906829834,0.4209262728691101
YPL094C,YLL040C,0,1.3708822,0.17275942862033844,0.876370906829834,0.4210263192653656
YOL054W,YLR309C,0,1.3704535,0.17272548377513885,0.876370906829834,0.4211263358592987
YJR119C,YCL026C-B,0,1.3703599,0.17269155383110046,0.876370906829834,0.4212263822555542
YPL252C,YOR294W,0,1.3702939,0.17265762388706207,0.876370906829834,0.4213263988494873
YOR106W,YBL098W,0,1.3689853,0.17262372374534607,0.876370906829834,0.4214264154434204
YIL088C,YAL054C,0,1.3688279,0.17258982360363007,0.876370906829834,0.4215264618396759
YDR079W,YLR025W,0,1.3687913,0.17255595326423645,0.876370906829834,0.421626478433609
YBL058W,YBR042C,0,1.3684287,0.17252208292484283,0.876370906829834,0.4217265248298645
YGR271W,YPL208W,0,1.3677316,0.1724882274866104,0.876370906829834,0.4218265414237976
YJR031C,YEL041W,0,1.3662288,0.17245438694953918,0.876370906829834,0.4219265878200531
YNL153C,YOR232W,1,1.3654467,0.17261670529842377,0.8773679137229919,0.4219265878200531
YGL018C,YNL148C,1,1.3653338,0.17277897894382477,0.8783649206161499,0.4219265878200531
YGL158W,YBR037C,0,1.364357,0.17274509370326996,0.8783649206161499,0.4220266044139862
YER145C,YGL030W,0,1.3641052,0.17271123826503754,0.8783649206161499,0.4221266508102417
YCR046C,YDR508C,0,1.3633709,0.17267738282680511,0.8783649206161499,0.4222266674041748
YBR150C,YCR055C,0,1.3632843,0.1726435422897339,0.8783649206161499,0.4223266839981079
YDR079W,YBR128C,0,1.3625346,0.17260971665382385,0.8783649206161499,0.4224267303943634
YLL027W,YMR239C,0,1.3623011,0.172575905919075,0.8783649206161499,0.4225267469882965
YMR013C,YOR176W,0,1.3608685,0.17254211008548737,0.8783649206161499,0.422626793384552
YJR006W,YLR187W,0,1.3606746,0.1725083291530609,0.8783649206161499,0.4227268099784851
YKL103C,YOL155C,0,1.3596667,0.17247454822063446,0.8783649206161499,0.4228268563747406
YGR281W,YFL013C,0,1.3594382,0.1724407970905304,0.8783649206161499,0.4229268729686737
YJR070C,YNR018W,0,1.3583443,0.17240704596042633,0.8783649206161499,0.4230269193649292
YGR132C,YOR232W,1,1.357765,0.17256896197795868,0.8793619275093079,0.4230269193649292
YDL217C,YNL110C,0,1.3574165,0.17253521084785461,0.8793619275093079,0.4231269359588623
YJR021C,YKL053C-A,0,1.3573275,0.17250145971775055,0.8793619275093079,0.4232269823551178
YER090W,YFL001W,0,1.3561351,0.17246773838996887,0.8793619275093079,0.4233269989490509
YML071C,YGR255C,0,1.3557895,0.1724340170621872,0.8793619275093079,0.423427015542984
YMR179W,YHR079C,0,1.3557265,0.1724003106355667,0.8793619275093079,0.4235270619392395
YKL126W,YMR172W,0,1.3536111,0.17236661911010742,0.8793619275093079,0.4236270785331726
YIL046W,YER145C,0,1.3532393,0.17233294248580933,0.8793619275093079,0.4237271249294281
YPL042C,YBL091C-A,0,1.3527098,0.17229928076267242,0.8793619275093079,0.4238271415233612
YOR251C,YDR496C,0,1.3521924,0.17226561903953552,0.8793619275093079,0.4239271879196167
YNL307C,YDL040C,0,1.3521278,0.172231987118721,0.8793619275093079,0.4240272045135498
YMR033W,YLR025W,0,1.3511319,0.1721983551979065,0.8793619275093079,0.4241272509098053
YOL112W,YDR170C,0,1.3499577,0.17216475307941437,0.8793619275093079,0.4242272675037384
YPL112C,YCR046C,0,1.349831,0.17213115096092224,0.8793619275093079,0.4243272840976715
YMR182C,YMR228W,0,1.3489032,0.1720975637435913,0.8793619275093079,0.424427330493927
YML032C,YHR057C,0,1.3488786,0.17206399142742157,0.8793619275093079,0.4245273470878601
YDR499W,YPL078C,0,1.3485496,0.17203043401241302,0.8793619275093079,0.4246273934841156
YGR167W,YHR041C,0,1.3484573,0.17199687659740448,0.8793619275093079,0.4247274100780487
YCR014C,YML073C,0,1.3476658,0.17196334898471832,0.8793619275093079,0.4248274564743042
YJL011C,YLR383W,0,1.3471367,0.17192982137203217,0.8793619275093079,0.4249274730682373
YJL066C,YKR002W,0,1.3469483,0.1718963235616684,0.8793619275093079,0.4250275194644928
YGR258C,YPL027W,0,1.3451961,0.17186282575130463,0.8793619275093079,0.4251275360584259
YKL009W,YKL166C,0,1.3449807,0.17182934284210205,0.8793619275093079,0.4252275824546814
YNL085W,YKL161C,0,1.3434097,0.17179587483406067,0.8793619275093079,0.4253275990486145
YMR186W,YDL045C,0,1.3433583,0.17176242172718048,0.8793619275093079,0.4254276156425476
YOR147W,YKL078W,0,1.340898,0.1717289686203003,0.8793619275093079,0.4255276620388031
YOR274W,YLR009W,0,1.340872,0.1716955453157425,0.8793619275093079,0.4256276786327362
YLR105C,YOR138C,0,1.3404951,0.1716621220111847,0.8793619275093079,0.4257277250289917
YER055C,YPL244C,0,1.3404839,0.17162872850894928,0.8793619275093079,0.4258277416229248
YIL139C,YFR045W,0,1.3404064,0.17159533500671387,0.8793619275093079,0.4259277880191803
YPR171W,YJL082W,0,1.3403528,0.17156195640563965,0.8793619275093079,0.4260278046131134
YJL087C,YGR199W,0,1.3401787,0.17152859270572662,0.8793619275093079,0.4261278510093689
YER101C,YBR282W,0,1.3390548,0.1714952290058136,0.8793619275093079,0.426227867603302
YBR020W,YDR369C,0,1.3372505,0.17146189510822296,0.8793619275093079,0.4263278841972351
YGR221C,YNL160W,0,1.3367152,0.17142857611179352,0.8793619275093079,0.4264279305934906
YBR271W,YLL019C,0,1.3366692,0.17139525711536407,0.8793619275093079,0.4265279471874237
YDL217C,YDR170C,0,1.3364139,0.17136195302009583,0.8793619275093079,0.4266279935836792
YPL078C,YHR135C,0,1.3348601,0.17132867872714996,0.8793619275093079,0.4267280101776123
YNL077W,YCR070W,1,1.3347201,0.17148961126804352,0.8803589344024658,0.4267280101776123
YKL090W,YOR243C,0,1.3346204,0.17145630717277527,0.8803589344024658,0.4268280565738678
YJR051W,YNL284C,0,1.3321278,0.1714230179786682,0.8803589344024658,0.4269280731678009
YJL225C,YFL001W,0,1.3317468,0.17138975858688354,0.8803589344024658,0.4270281195640564
YPR135W,YLR353W,0,1.331124,0.17135648429393768,0.8803589344024658,0.4271281361579895
YOL107W,YER104W,0,1.3301654,0.1713232398033142,0.8803589344024658,0.427228182554245
YCL036W,YFR019W,0,1.3297945,0.17129001021385193,0.8803589344024658,0.4273281991481781
YOR283W,YOL090W,0,1.3295419,0.17125679552555084,0.8803589344024658,0.4274282157421112
YNL050C,YML080W,0,1.328913,0.17122358083724976,0.8803589344024658,0.4275282621383667
YCR093W,YKR057W,0,1.3287536,0.17119038105010986,0.8803589344024658,0.4276282787322998
YLR113W,YIL170W,0,1.3276734,0.17115719616413116,0.8803589344024658,0.4277283251285553
YNL010W,YNL302C,0,1.3275981,0.17112402617931366,0.8803589344024658,0.4278283417224884
YJR107W,YFL057C,0,1.326689,0.17109087109565735,0.8803589344024658,0.4279283881187439
YDR383C,YJR053W,0,1.3256313,0.17105773091316223,0.8803589344024658,0.428028404712677
YLR344W,YPL244C,0,1.3253729,0.17102459073066711,0.8803589344024658,0.4281284511089325
YNL231C,YDR140W,0,1.3253131,0.17099148035049438,0.8803589344024658,0.4282284677028656
YJL194W,YDR410C,0,1.3242002,0.17095836997032166,0.8803589344024658,0.4283284842967987
YGR155W,YNL080C,0,1.3240964,0.17092527449131012,0.8803589344024658,0.4284285306930542
YLR259C,YML078W,1,1.3230045,0.17108573019504547,0.8813559412956238,0.4284285306930542
YMR228W,YKL180W,0,1.3224816,0.17105263471603394,0.8813559412956238,0.4285285472869873
YDL055C,YMR229C,0,1.3220623,0.1710195392370224,0.8813559412956238,0.4286285936832428
YBL011W,YCL003W,0,1.3220158,0.17098645865917206,0.8813559412956238,0.4287286102771759
YJL225C,YHL034C,0,1.3205779,0.1709533929824829,0.8813559412956238,0.4288286566734314
YGR169C,YBR274W,0,1.3200248,0.17092034220695496,0.8813559412956238,0.4289286732673645
YGL122C,YNR028W,0,1.3199246,0.1708873063325882,0.8813559412956238,0.42902871966362
YJL081C,YOL062C,0,1.3169491,0.17085427045822144,0.8813559412956238,0.4291287362575531
YKR020W,YBR115C,0,1.3168983,0.17082124948501587,0.8813559412956238,0.4292287826538086
YJL172W,YNR035C,0,1.3168615,0.1707882583141327,0.8813559412956238,0.4293287992477417
YER117W,YHR069C,0,1.3167363,0.1707552671432495,0.8813559412956238,0.4294288158416748
YMR276W,YNL026W,0,1.3153801,0.17072229087352753,0.8813559412956238,0.4295288622379303
YOL070C,YBR281C,0,1.3152173,0.17068932950496674,0.8813559412956238,0.4296288788318634
YNL267W,YJL082W,0,1.3151637,0.17065636813640594,0.8813559412956238,0.4297289252281189
YMR077C,YPR125W,0,1.3150122,0.17062343657016754,0.8813559412956238,0.429828941822052
YMR193W,YER171W,0,1.3138802,0.17059050500392914,0.8813559412956238,0.4299289882183075
YJR130C,YHR168W,0,1.3119823,0.17055758833885193,0.8813559412956238,0.4300290048122406
YOL145C,YHR058C,0,1.3108737,0.1705246865749359,0.8813559412956238,0.4301290512084961
YDR414C,YGL068W,0,1.3100419,0.1704917997121811,0.8813559412956238,0.4302290678024292
YDL143W,YJR064W,1,1.3082684,0.17065174877643585,0.8823529481887817,0.4302290678024292
YGR020C,YKL130C,0,1.3081573,0.17061886191368103,0.8823529481887817,0.4303290843963623
YIL076W,YOR285W,0,1.307069,0.1705859750509262,0.8823529481887817,0.4304291307926178
YER017C,YNL284C,0,1.306162,0.1705530881881714,0.8823529481887817,0.4305291473865509
YJR119C,YFR045W,0,1.3061492,0.17052023112773895,0.8823529481887817,0.4306291937828064
YOR138C,YMR087W,0,1.3060858,0.1704873889684677,0.8823529481887817,0.4307292103767395
YER154W,YDR146C,0,1.3057705,0.17045454680919647,0.8823529481887817,0.430829256772995
YEL040W,YBR276C,0,1.3053358,0.17042171955108643,0.8823529481887817,0.4309292733669281
YGL225W,YIL079C,0,1.3050408,0.17038890719413757,0.8823529481887817,0.4310293197631836
YNL223W,YBR120C,0,1.3046653,0.17035610973834991,0.8823529481887817,0.4311293363571167
YDR423C,YPR091C,0,1.3041133,0.17032332718372345,0.8823529481887817,0.4312293827533722
YCR093W,YLR228C,0,1.303849,0.17029055953025818,0.8823529481887817,0.4313293993473053
YDR371W,YDL225W,0,1.3038466,0.1702577918767929,0.8823529481887817,0.4314294159412384
YJL214W,YNL208W,0,1.3032968,0.17022503912448883,0.8823529481887817,0.4315294623374939
YFL023W,YHR064C,1,1.3026999,0.17038461565971375,0.8833499550819397,0.4315294623374939
YNR057C,YFL021W,0,1.3025502,0.17035184800624847,0.8833499550819397,0.431629478931427
YPL113C,YKL001C,0,1.3022923,0.1703191101551056,0.8833499550819397,0.4317295253276825
YDR454C,YGR113W,0,1.3016982,0.1702863723039627,0.8833499550819397,0.4318295419216156
YFR029W,YBR145W,0,1.3011668,0.17025364935398102,0.8833499550819397,0.4319295883178711
YJR119C,YCL057W,0,1.2995207,0.17022094130516052,0.8833499550819397,0.4320296049118042
YOL090W,YPL098C,0,1.2994417,0.17018824815750122,0.8833499550819397,0.4321296513080597
YDR170C,YER002W,0,1.2992145,0.17015555500984192,0.8833499550819397,0.4322296679019928
YAL053W,YCR070W,1,1.2990398,0.17031489312648773,0.8843469619750977,0.4322296679019928
YDL040C,YOR098C,0,1.297875,0.17028219997882843,0.8843469619750977,0.4323296844959259
YGR179C,YNR010W,0,1.2974128,0.17024952173233032,0.8843469619750977,0.4324297308921814
YPL131W,YML080W,0,1.2961962,0.17021684348583221,0.8843469619750977,0.4325297474861145
YDR454C,YIL079C,0,1.2957292,0.1701841950416565,0.8843469619750977,0.43262979388237
YLR197W,YIL133C,0,1.2955711,0.17015154659748077,0.8843469619750977,0.4327298104763031
YPL064C,YLR449W,1,1.2953819,0.17031070590019226,0.8853439688682556,0.4327298104763031
YML051W,YHR135C,0,1.2949822,0.17027804255485535,0.8853439688682556,0.4328298568725586
YJR004C,YDR240C,0,1.294804,0.17024539411067963,0.8853439688682556,0.4329298734664917
YCL014W,YPL167C,0,1.294538,0.1702127605676651,0.8853439688682556,0.4330299198627472
YBR002C,YNR060W,0,1.2938106,0.17018014192581177,0.8853439688682556,0.4331299364566803
YIR004W,YCR070W,1,1.2933265,0.17033915221691132,0.8863409757614136,0.4331299364566803
YOL129W,YAL054C,0,1.2926795,0.1703065186738968,0.8863409757614136,0.4332299828529358
YMR168C,YEL031W,0,1.2915945,0.17027390003204346,0.8863409757614136,0.4333299994468689
YOL129W,YER017C,0,1.2913418,0.17024128139019012,0.8863409757614136,0.433430016040802
YJL166W,YDL054C,0,1.290864,0.17020869255065918,0.8863409757614136,0.4335300624370575
YOR054C,YKR055W,0,1.2902199,0.17017610371112823,0.8863409757614136,0.4336300790309906
YDR449C,YGL233W,0,1.2894231,0.17014354467391968,0.8863409757614136,0.4337301254272461
YFR001W,YDR404C,0,1.2893361,0.17011098563671112,0.8863409757614136,0.4338301420211792
YGR010W,YHR008C,0,1.2887613,0.17007844150066376,0.8863409757614136,0.4339301884174347
YJR138W,YHL027W,0,1.288086,0.1700459122657776,0.8863409757614136,0.4340302050113678
YLR228C,YOR353C,0,1.2873838,0.17001338303089142,0.8863409757614136,0.4341302514076233
YKL200C,YDR140W,0,1.2865784,0.16998088359832764,0.8863409757614136,0.4342302680015564
YCL024W,YPL096W,0,1.2853847,0.16994838416576385,0.8863409757614136,0.4343302845954895
YEL030W,YMR172W,0,1.2851741,0.16991589963436127,0.8863409757614136,0.434430330991745
YMR039C,YGR095C,0,1.2850887,0.16988343000411987,0.8863409757614136,0.4345303475856781
YOR304C-A,YJL213W,0,1.2845579,0.16985097527503967,0.8863409757614136,0.4346303939819336
YOR251C,YIR005W,0,1.2837906,0.16981853544712067,0.8863409757614136,0.4347304105758667
YOR243C,YPR125W,0,1.2835075,0.16978609561920166,0.8863409757614136,0.4348304569721222
YBR278W,YJL071W,0,1.2831309,0.16975367069244385,0.8863409757614136,0.4349304735660553
YBR118W,YKL171W,0,1.2821007,0.16972126066684723,0.8863409757614136,0.4350305199623108
YKL203C,YDR207C,0,1.281642,0.1696888655424118,0.8863409757614136,0.4351305365562439
YNL172W,YEL056W,0,1.2813196,0.16965648531913757,0.8863409757614136,0.4352305829524994
YMR090W,YOR226C,0,1.279757,0.16962411999702454,0.8863409757614136,0.4353305995464325
YKR036C,YLR028C,0,1.277867,0.1695917546749115,0.8863409757614136,0.4354306161403656
YHR074W,YER019C-A,0,1.2771497,0.16955941915512085,0.8863409757614136,0.4355306625366211
YOR071C,YNR057C,0,1.2766503,0.1695270836353302,0.8863409757614136,0.4356306791305542
YOR298W,YKL189W,0,1.2766219,0.16949476301670074,0.8863409757614136,0.4357307255268097
YJR078W,YPL180W,0,1.2760313,0.1694624423980713,0.8863409757614136,0.4358307421207428
YGL174W,YDR260C,0,1.2747688,0.16943015158176422,0.8863409757614136,0.4359307885169983
YDR281C,YDR218C,0,1.2747123,0.16939786076545715,0.8863409757614136,0.4360308051109314
YPL064C,YHR142W,1,1.2746603,0.16955611109733582,0.8873379826545715,0.4360308051109314
YHR047C,YHR074W,0,1.2744979,0.16952380537986755,0.8873379826545715,0.4361308515071869
YDR082W,YDL028C,0,1.274497,0.16949152946472168,0.8873379826545715,0.43623086810112
YOL093W,YBR129C,0,1.271895,0.1694592535495758,0.8873379826545715,0.4363308846950531
YPR035W,YHR174W,0,1.2713711,0.16942699253559113,0.8873379826545715,0.4364309310913086
YPR111W,YMR272C,0,1.2706726,0.16939474642276764,0.8873379826545715,0.4365309476852417
YGL158W,YDR472W,0,1.2703805,0.16936251521110535,0.8873379826545715,0.4366309940814972
YKL038W,YJL103C,0,1.270312,0.16933028399944305,0.8873379826545715,0.4367310106754303
YNL006W,YMR160W,0,1.2702086,0.16929808259010315,0.8873379826545715,0.4368310570716858
YLR386W,YMR246W,0,1.269845,0.16926588118076324,0.8873379826545715,0.4369310736656189
YOR274W,YOL155C,0,1.2683514,0.16923369467258453,0.8873379826545715,0.4370311200618744
YLR191W,YDR410C,0,1.2679816,0.16920152306556702,0.8873379826545715,0.4371311366558075
YCL057W,YPR160W,0,1.2678399,0.1691693663597107,0.8873379826545715,0.437231183052063
YDR296W,YDR076W,0,1.2675663,0.16913720965385437,0.8873379826545715,0.4373311996459961
YGR081C,YKR002W,0,1.2664179,0.16910506784915924,0.8873379826545715,0.4374312162399292
YLL034C,YDR195W,0,1.2662,0.1690729409456253,0.8873379826545715,0.4375312626361847
YKL096W-A,YOR327C,0,1.2660574,0.16904082894325256,0.8873379826545715,0.4376312792301178
YPR194C,YDR444W,0,1.2657485,0.16900873184204102,0.8873379826545715,0.4377313256263733
YDL059C,YEL030W,0,1.2639551,0.16897664964199066,0.8873379826545715,0.4378313422203064
YJL112W,YBL026W,0,1.2638865,0.1689445674419403,0.8873379826545715,0.4379313886165619
YLL008W,YOL108C,0,1.2631441,0.16891250014305115,0.8873379826545715,0.438031405210495
YOR301W,YLR165C,0,1.2624862,0.16888046264648438,0.8873379826545715,0.4381314516067505
YER154W,YGR020C,0,1.2610233,0.1688484102487564,0.8873379826545715,0.4382314682006836
YEL070W,YEL041W,0,1.2608873,0.16881638765335083,0.8873379826545715,0.4383314847946167
YDR476C,YJR032W,0,1.2597581,0.16878437995910645,0.8873379826545715,0.4384315311908722
YEL069C,YBR276C,0,1.2590369,0.16875237226486206,0.8873379826545715,0.4385315477848053
YBR261C,YJL060W,0,1.2582784,0.16872037947177887,0.8873379826545715,0.4386315941810608
YIL143C,YML006C,0,1.2580807,0.16868840157985687,0.8873379826545715,0.4387316107749939
YCR011C,YDL140C,0,1.2572051,0.16865643858909607,0.8873379826545715,0.4388316571712494
YHR174W,YNL016W,0,1.2564509,0.16862447559833527,0.8873379826545715,0.4389316737651825
YHR074W,YAL039C,0,1.2547256,0.16859254240989685,0.8873379826545715,0.439031720161438
YPL113C,YDR364C,0,1.2547076,0.16856060922145844,0.8873379826545715,0.4391317367553711
YBR020W,YBR129C,0,1.2541487,0.1685286909341812,0.8873379826545715,0.4392317831516266
YIL088C,YMR160W,0,1.2537882,0.16849678754806519,0.8873379826545715,0.4393317997455597
YAR002C-A,YBL098W,0,1.2534976,0.16846488416194916,0.8873379826545715,0.4394318163394928
YKL007W,YHR085W,0,1.2532912,0.16843301057815552,0.8873379826545715,0.4395318627357483
YDL121C,YJL085W,0,1.252538,0.16840113699436188,0.8873379826545715,0.4396318793296814
YCL003W,YPR043W,0,1.2523613,0.16836927831172943,0.8873379826545715,0.4397319257259369
YGL170C,YKL172W,0,1.2517,0.16833743453025818,0.8873379826545715,0.43983194231987
YHR029C,YKL189W,0,1.2514341,0.16830559074878693,0.8873379826545715,0.4399319887161255
YJL225C,YKL206C,0,1.2512975,0.16827377676963806,0.8873379826545715,0.4400320053100586
YDR026C,YGL037C,0,1.2507308,0.1682419627904892,0.8873379826545715,0.4401320517063141
YBR081C,YFL010W-A,0,1.2488765,0.16821016371250153,0.8873379826545715,0.4402320683002472
YLL002W,YMR061W,0,1.2487699,0.16817837953567505,0.8873379826545715,0.4403320848941803
YJL066C,YPR119W,0,1.2463572,0.16814661026000977,0.8873379826545715,0.4404321312904358
YER017C,YMR114C,0,1.2461083,0.16811484098434448,0.8873379826545715,0.4405321478843689
YLR268W,YGR214W,0,1.2460026,0.1680831015110016,0.8873379826545715,0.4406321942806244
YKL013C,YDR473C,0,1.2452058,0.1680513620376587,0.8873379826545715,0.4407322108745575
YIR004W,YJL073W,1,1.2443438,0.16820842027664185,0.8883349895477295,0.4407322108745575
YBL041W,YNL027W,0,1.2442483,0.16817666590213776,0.8883349895477295,0.440832257270813
YIL142W,YLL040C,0,1.2434113,0.16814492642879486,0.8883349895477295,0.4409322738647461
YGR225W,YDL024C,0,1.2431495,0.16811320185661316,0.8883349895477295,0.4410323202610016
YCR093W,YGR222W,0,1.2424229,0.16808149218559265,0.8883349895477295,0.4411323368549347
YNR060W,YNL298W,0,1.2415732,0.16804979741573334,0.8883349895477295,0.4412323832511902
YNL314W,YIL020C,0,1.2411219,0.16801810264587402,0.8883349895477295,0.4413323998451233
YGL112C,YJR006W,0,1.2407291,0.1679864227771759,0.8883349895477295,0.4414324164390564
YDL024C,YNR015W,0,1.2401825,0.16795475780963898,0.8883349895477295,0.4415324628353119
YFR029W,YNL258C,0,1.2400229,0.16792310774326324,0.8883349895477295,0.441632479429245
YKR036C,YLR103C,0,1.2393929,0.1678914576768875,0.8883349895477295,0.4417325258255005
YPL163C,YPR060C,0,1.2389746,0.16785983741283417,0.8883349895477295,0.4418325424194336
YGL186C,YJR006W,0,1.2388003,0.16782821714878082,0.8883349895477295,0.4419325888156891
YJL071W,YJL006C,0,1.2367659,0.16779661178588867,0.8883349895477295,0.4420326054096222
YBL041W,YOL102C,0,1.2364569,0.16776502132415771,0.8883349895477295,0.4421326518058777
YOR311C,YER052C,0,1.2359966,0.16773343086242676,0.8883349895477295,0.4422326683998108
YFL023W,YIL142W,1,1.2355928,0.16789008677005768,0.8893319964408875,0.4422326683998108
YNL314W,YNL239W,0,1.235551,0.16785848140716553,0.8893319964408875,0.4423326849937439
YLR429W,YNR072W,0,1.2354286,0.16782690584659576,0.8893319964408875,0.4424327313899994
YOL142W,YOR287C,0,1.2350068,0.167795330286026,0.8893319964408875,0.4425327479839325
YNL230C,YDR109C,0,1.233782,0.16776376962661743,0.8893319964408875,0.442632794380188
YOR239W,YKL205W,0,1.2335944,0.16773222386837006,0.8893319964408875,0.4427328109741211
YOR382W,YNL335W,0,1.2330129,0.16770069301128387,0.8893319964408875,0.4428328573703766
YGL212W,YNL238W,0,1.2327805,0.1676691770553589,0.8893319964408875,0.4429328739643097
YKR071C,YOR142W,0,1.2321566,0.1676376610994339,0.8893319964408875,0.4430329203605652
YHR156C,YMR200W,0,1.2319314,0.1676061600446701,0.8893319964408875,0.4431329369544983
YGR145W,YJL071W,0,1.2311046,0.1675746738910675,0.8893319964408875,0.4432329833507538
YMR097C,YGL244W,0,1.2306595,0.1675432026386261,0.8893319964408875,0.4433329999446869
YIL006W,YOR275C,0,1.2304845,0.1675117313861847,0.8893319964408875,0.44343301653862
YOL129W,YOL155C,0,1.229939,0.16748028993606567,0.8893319964408875,0.4435330629348755
YHR057C,YML048W,1,1.2289113,0.16763657331466675,0.8903290033340454,0.4435330629348755
YMR228W,YFL048C,0,1.2275536,0.16760510206222534,0.8903290033340454,0.4436330795288086
YJR151C,YPR162C,0,1.2263322,0.16757366061210632,0.8903290033340454,0.4437331259250641
YDR454C,YGR036C,0,1.2263063,0.1675422191619873,0.8903290033340454,0.4438331425189972
YBL085W,YER052C,0,1.2260834,0.16751079261302948,0.8903290033340454,0.4439331889152527
YBR150C,YIL080W,0,1.2258606,0.16747936606407166,0.8903290033340454,0.4440332055091858
YMR168C,YDL015C,0,1.2252693,0.16744796931743622,0.8903290033340454,0.4441332519054413
YPR026W,YBR128C,0,1.2236304,0.16741657257080078,0.8903290033340454,0.4442332684993744
YGL225W,YPL113C,0,1.2232919,0.16738519072532654,0.8903290033340454,0.4443332850933075
YDL045W-A,YMR272C,0,1.2231148,0.1673538237810135,0.8903290033340454,0.444433331489563
YOR159C,YOR204W,0,1.2228487,0.16732247173786163,0.8903290033340454,0.4445333480834961
YOR138C,YGR222W,0,1.2228435,0.16729111969470978,0.8903290033340454,0.4446333944797516
YMR227C,YLR330W,0,1.2225505,0.16725978255271912,0.8903290033340454,0.4447334110736847
YOR176W,YER115C,0,1.2219018,0.16722846031188965,0.8903290033340454,0.4448334574699402
YGR095C,YFL017W-A,0,1.2213485,0.16719715297222137,0.8903290033340454,0.4449334740638733
YOR251C,YAL029C,0,1.2212701,0.1671658605337143,0.8903290033340454,0.4450335204601288
YDR530C,YFR019W,0,1.2205412,0.16713456809520721,0.8903290033340454,0.4451335370540619
YDR229W,YPR006C,0,1.2202792,0.16710329055786133,0.8903290033340454,0.4452335834503174
YER050C,YLL027W,0,1.2201473,0.16707202792167664,0.8903290033340454,0.4453336000442505
YHR002W,YGL122C,0,1.2198827,0.16704078018665314,0.8903290033340454,0.4454336166381836
YCR030C,YGR095C,0,1.2198603,0.16700953245162964,0.8903290033340454,0.4455336630344391
YKL074C,YER168C,0,1.2195115,0.16697831451892853,0.8903290033340454,0.4456336796283722
YER014C-A,YOR355W,0,1.2192898,0.16694709658622742,0.8903290033340454,0.4457337260246277
YMR097C,YOR298W,0,1.2190886,0.1669158935546875,0.8903290033340454,0.4458337426185608
YFR019W,YIR032C,0,1.2182268,0.16688469052314758,0.8903290033340454,0.4459337890148163
YLL019C,YMR099C,0,1.216979,0.16685351729393005,0.8903290033340454,0.4460338056087494
YGL183C,YMR145C,0,1.2168211,0.16682234406471252,0.8903290033340454,0.4461338520050049
YGR145W,YGR171C,0,1.2166331,0.1667911857366562,0.8903290033340454,0.446233868598938
YMR182C,YHR061C,0,1.2156953,0.16676004230976105,0.8903290033340454,0.4463339149951935
YFL017W-A,YDR404C,0,1.2149868,0.1667288988828659,0.8903290033340454,0.4464339315891266
YOR038C,YKL175W,0,1.2114902,0.16669778525829315,0.8903290033340454,0.4465339481830597
YLR203C,YLR182W,0,1.2113416,0.1666666716337204,0.8903290033340454,0.4466339945793152
YJL194W,YGR199W,0,1.2097726,0.16663557291030884,0.8903290033340454,0.4467340111732483
YNR074C,YAL022C,0,1.2092892,0.16660447418689728,0.8903290033340454,0.4468340575695038
YJR055W,YML028W,0,1.2085115,0.1665734052658081,0.8903290033340454,0.4469340741634369
YPR113W,YKL189W,0,1.2084377,0.16654233634471893,0.8903290033340454,0.4470341205596924
YER154W,YER046W,0,1.2075607,0.16651128232479095,0.8903290033340454,0.4471341371536255
YDR174W,YNL239W,0,1.2074914,0.16648024320602417,0.8903290033340454,0.447234183549881
YLR216C,YCR070W,1,1.20714,0.16663560271263123,0.8913260102272034,0.447234183549881
YDL059C,YMR176W,0,1.2065294,0.16660454869270325,0.8913260102272034,0.4473342001438141
YDR164C,YDR403W,0,1.2064333,0.16657350957393646,0.8913260102272034,0.4474342167377472
YER162C,YMR114C,0,1.2051954,0.16654247045516968,0.8913260102272034,0.4475342631340027
YGL203C,YOR194C,0,1.2044363,0.16651146113872528,0.8913260102272034,0.4476342797279358
YMR137C,YBR173C,0,1.2042214,0.16648045182228088,0.8913260102272034,0.4477343261241913
YGR258C,YFR019W,0,1.2039909,0.16644945740699768,0.8913260102272034,0.4478343427181244
YLR203C,YCL003W,0,1.203925,0.16641846299171448,0.8913260102272034,0.4479343891143799
YBR260C,YLR020C,0,1.2033393,0.16638749837875366,0.8913260102272034,0.448034405708313
YOR301W,YOR349W,0,1.2030154,0.16635653376579285,0.8913260102272034,0.4481344521045685
YJL117W,YDR207C,0,1.202521,0.16632558405399323,0.8913260102272034,0.4482344686985016
YNL085W,YHR047C,0,1.2023461,0.1662946492433548,0.8913260102272034,0.4483345150947571
YMR172W,YOR025W,0,1.2015812,0.16626371443271637,0.8913260102272034,0.4484345316886902
YLL034C,YGR177C,0,1.2015072,0.16623279452323914,0.8913260102272034,0.4485345482826233
YOR274W,YLR228C,0,1.200849,0.1662018895149231,0.8913260102272034,0.4486345946788788
YOR349W,YJL111W,1,1.2004532,0.1663568764925003,0.8923230171203613,0.4486345946788788
YHR176W,YNL006W,1,1.2001026,0.16651180386543274,0.8933200240135193,0.4486345946788788
YBR282W,YKL189W,0,1.1972604,0.1664808690547943,0.8933200240135193,0.4487346112728119
YBR294W,YBR026C,0,1.1964395,0.16644993424415588,0.8933200240135193,0.4488346576690674
YMR137C,YOR313C,0,1.1962239,0.16641901433467865,0.8933200240135193,0.4489346742630005
YCL043C,YJL117W,1,1.1951513,0.16657382249832153,0.8943170309066772,0.4489346742630005
YJL117W,YCL043C,1,1.1951513,0.16672855615615845,0.8953140377998352,0.4489346742630005
YMR008C,YIL006W,0,1.1945791,0.16669760644435883,0.8953140377998352,0.449034720659256
YNL102W,YNL238W,0,1.193552,0.1666666716337204,0.8953140377998352,0.4491347372531891
YJR053W,YGL046W,0,1.193289,0.16663573682308197,0.8953140377998352,0.4492347836494446
YBR177C,YDR072C,0,1.1926796,0.16660481691360474,0.8953140377998352,0.4493348002433777
YDR064W,YPR187W,0,1.1915618,0.1665739268064499,0.8953140377998352,0.4494348168373108
YGL170C,YKL038W,0,1.1909957,0.16654302179813385,0.8953140377998352,0.4495348632335663
YML006C,YPR138C,0,1.1908623,0.1665121465921402,0.8953140377998352,0.4496348798274994
YNL178W,YML073C,0,1.1904742,0.16648127138614655,0.8953140377998352,0.4497349262237549
YMR114C,YMR210W,0,1.1902533,0.1664504110813141,0.8953140377998352,0.449834942817688
YDR205W,YHR059W,0,1.1898133,0.16641956567764282,0.8953140377998352,0.4499349892139435
YMR172W,YGR089W,0,1.1887752,0.16638873517513275,0.8953140377998352,0.4500350058078766
YLR440C,YIL020C,0,1.1870538,0.16635790467262268,0.8953140377998352,0.4501350522041321
YJL194W,YIL140W,0,1.1870337,0.166327103972435,0.8953140377998352,0.4502350687980652
YGR052W,YLR024C,0,1.1868768,0.16629630327224731,0.8953140377998352,0.4503351151943207
YEL036C,YCR046C,0,1.1862721,0.16626550257205963,0.8953140377998352,0.4504351317882538
YLR203C,YNR060W,0,1.1853945,0.16623473167419434,0.8953140377998352,0.4505351483821869
YMR146C,YNL314W,0,1.184859,0.16620396077632904,0.8953140377998352,0.4506351947784424
YNL085W,YMR168C,0,1.1842014,0.16617320477962494,0.8953140377998352,0.4507352113723755
YPL276W,YPR171W,0,1.1841882,0.16614246368408203,0.8953140377998352,0.450835257768631
YKR103W,YDL059C,0,1.1841686,0.16611172258853912,0.8953140377998352,0.4509352743625641
YPL276W,YDR207C,0,1.1833427,0.1660810112953186,0.8953140377998352,0.4510353207588196
YML052W,YBL085W,0,1.1821365,0.16605030000209808,0.8953140377998352,0.4511353373527527
YKL064W,YCL052C,0,1.1816521,0.16601960361003876,0.8953140377998352,0.4512353837490082
YPR024W,YHR029C,0,1.1814051,0.16598890721797943,0.8953140377998352,0.4513354003429413
YDR138W,YDR281C,0,1.181015,0.1659582406282425,0.8953140377998352,0.4514354169368744
YMR176W,YGR027C,0,1.1808422,0.16592757403850555,0.8953140377998352,0.4515354633331299
YER050C,YIL177C,0,1.180442,0.16589690744876862,0.8953140377998352,0.451635479927063
YGL050W,YPL196W,0,1.1801255,0.16586627066135406,0.8953140377998352,0.4517355263233185
YFL010W-A,YBR222C,0,1.1787271,0.1658356487751007,0.8953140377998352,0.4518355429172516
YBR275C,YOL043C,0,1.1786087,0.16580502688884735,0.8953140377998352,0.4519355893135071
YBR081C,YGR281W,0,1.177302,0.1657744199037552,0.8953140377998352,0.4520356059074402
YER190W,YKL003C,0,1.1766171,0.16574381291866302,0.8953140377998352,0.4521356523036957
YFL045C,YAR031W,0,1.176124,0.16571323573589325,0.8953140377998352,0.4522356688976288
YOR237W,YLR316C,0,1.176064,0.16568265855312347,0.8953140377998352,0.4523357152938843
YNR067C,YJL206C,0,1.175144,0.1656520962715149,0.8953140377998352,0.4524357318878174
YOR222W,YPR163C,0,1.1749713,0.1656215488910675,0.8953140377998352,0.4525357484817505
YNL271C,YNL044W,0,1.1741776,0.16559100151062012,0.8953140377998352,0.452635794878006
YCL074W,YAR002C-A,0,1.1741655,0.16556046903133392,0.8953140377998352,0.4527358114719391
YDR351W,YDL170W,0,1.1733851,0.16552995145320892,0.8953140377998352,0.4528358578681946
YGR252W,YMR115W,0,1.1733356,0.16549944877624512,0.8953140377998352,0.4529358744621277
YNR006W,YBR257W,0,1.1731104,0.1654689460992813,0.8953140377998352,0.4530359208583832
YGR229C,YJR133W,0,1.1728954,0.1654384732246399,0.8953140377998352,0.4531359374523163
YLL029W,YIL061C,0,1.1726551,0.16540800034999847,0.8953140377998352,0.4532359838485718
YGL122C,YFL017W-A,0,1.1720964,0.16537752747535706,0.8953140377998352,0.4533360004425049
YER165W,YHR058C,0,1.1707538,0.16534708440303802,0.8953140377998352,0.453436017036438
YNR031C,YDL028C,0,1.1700546,0.165316641330719,0.8953140377998352,0.4535360634326935
YMR114C,YEL062W,0,1.169987,0.16528621315956116,0.8953140377998352,0.4536360800266266
YGL026C,YBR129C,0,1.1692207,0.16525579988956451,0.8953140377998352,0.4537361264228821
YAL040C,YMR267W,0,1.1688651,0.16522538661956787,0.8953140377998352,0.4538361430168152
YBL092W,YNL092W,0,1.1688279,0.16519500315189362,0.8953140377998352,0.4539361894130707
YCL025C,YLR016C,0,1.1678469,0.16516461968421936,0.8953140377998352,0.4540362060070038
YMR032W,YKL053C-A,0,1.1667731,0.1651342362165451,0.8953140377998352,0.4541362524032593
YJR070C,YGR214W,0,1.1666622,0.16510388255119324,0.8953140377998352,0.4542362689971924
YHR164C,YNL121C,0,1.1661851,0.16507352888584137,0.8953140377998352,0.4543363153934479
YKL119C,YKL020C,0,1.1661813,0.1650431901216507,0.8953140377998352,0.454436331987381
YJR147W,YNL236W,0,1.1659304,0.16501286625862122,0.8953140377998352,0.4545363485813141
YMR238W,YIL048W,0,1.1645963,0.16498254239559174,0.8953140377998352,0.4546363949775696
YER098W,YGR012W,0,1.1638008,0.16495224833488464,0.8953140377998352,0.4547364115715027
YLL029W,YMR168C,0,1.1637675,0.16492193937301636,0.8953140377998352,0.4548364579677582
YPL064C,YJL073W,1,1.1614866,0.16507528722286224,0.8963110446929932,0.4548364579677582
YPR198W,YOR261C,0,1.1614852,0.16504497826099396,0.8963110446929932,0.4549364745616913
YIL108W,YFL038C,0,1.160961,0.16501468420028687,0.8963110446929932,0.4550365209579468
YER050C,YDL097C,0,1.158629,0.16498440504074097,0.8963110446929932,0.4551365375518799
YJL004C,YLR309C,0,1.1577255,0.16495412588119507,0.8963110446929932,0.4552365839481354
YLR183C,YPR135W,0,1.1576074,0.16492386162281036,0.8963110446929932,0.4553366005420685
YMR089C,YBL028C,0,1.1575898,0.16489361226558685,0.8963110446929932,0.4554366171360016
YJL172W,YDL078C,0,1.1574721,0.16486337780952454,0.8963110446929932,0.4555366635322571
YOL112W,YMR300C,0,1.1569471,0.16483314335346222,0.8963110446929932,0.4556366801261902
YNL163C,YLR219W,0,1.1568816,0.1648029386997223,0.8963110446929932,0.4557367265224457
YJL172W,YOL090W,0,1.1562889,0.16477273404598236,0.8963110446929932,0.4558367431163788
YDR472W,YER087C-B,0,1.1557667,0.16474252939224243,0.8963110446929932,0.4559367895126343
YGL237C,YPL002C,0,1.1552908,0.1647123545408249,0.8963110446929932,0.4560368061065674
YLR394W,YBL089W,0,1.1551441,0.16468217968940735,0.8963110446929932,0.4561368525028229
YFR029W,YOR311C,0,1.154003,0.164652019739151,0.8963110446929932,0.456236869096756
YGL162W,YMR145C,0,1.1537127,0.16462185978889465,0.8963110446929932,0.4563369154930115
YBL041W,YOR285W,0,1.1531758,0.1645917296409607,0.8963110446929932,0.4564369320869446
YPL050C,YPR152C,0,1.1526835,0.16456159949302673,0.8963110446929932,0.4565369486808777
YML051W,YAL029C,0,1.1526191,0.16453148424625397,0.8963110446929932,0.4566369950771332
YNR031C,YGR177C,0,1.1510712,0.1645013689994812,0.8963110446929932,0.4567370116710663
YBL085W,YBR074W,0,1.1502426,0.16447128355503082,0.8963110446929932,0.4568370580673218
YKL078W,YLR312W-A,0,1.1485016,0.16444119811058044,0.8963110446929932,0.4569370746612549
YMR269W,YOR194C,0,1.1484994,0.16441111266613007,0.8963110446929932,0.4570371210575104
YDR167W,YOR351C,0,1.1483204,0.16438105702400208,0.8963110446929932,0.4571371376514435
YGR177C,YMR246W,0,1.1479188,0.16435100138187408,0.8963110446929932,0.457237184047699
YNR006W,YGL190C,0,1.1475573,0.1643209606409073,0.8963110446929932,0.4573372006416321
YNL117W,YOR275C,0,1.1472898,0.16429093480110168,0.8963110446929932,0.4574372172355652
YGR199W,YIL159W,0,1.1469582,0.16426092386245728,0.8963110446929932,0.4575372636318207
YKL206C,YGL019W,0,1.1469154,0.16423091292381287,0.8963110446929932,0.4576372802257538
YPR137W,YPR152C,0,1.1463068,0.16420091688632965,0.8963110446929932,0.4577373266220093
YDR383C,YPL007C,0,1.145113,0.16417092084884644,0.8963110446929932,0.4578373432159424
YGL018C,YML094W,1,1.1447755,0.16432353854179382,0.8973080515861511,0.4578373432159424
YOL043C,YKL144C,0,1.1440929,0.1642935425043106,0.8973080515861511,0.4579373896121979
YIL095W,YFR033C,0,1.1439111,0.1642635464668274,0.8973080515861511,0.458037406206131
YMR284W,YDR081C,0,1.1433461,0.16423358023166656,0.8973080515861511,0.4581374526023865
YMR117C,YOL054W,0,1.1433406,0.16420361399650574,0.8973080515861511,0.4582374691963196
YJL011C,YGR084C,0,1.1422541,0.1641736626625061,0.8973080515861511,0.4583375155925751
YGL169W,YHR008C,0,1.1422248,0.16414371132850647,0.8973080515861511,0.4584375321865082
YMR065W,YOR351C,0,1.1394548,0.16411378979682922,0.8973080515861511,0.4585375487804413
YMR218C,YLR219W,0,1.1388278,0.16408386826515198,0.8973080515861511,0.4586375951766968
YJL214W,YOR313C,0,1.1388183,0.16405396163463593,0.8973080515861511,0.4587376117706299
YHR175W,YEL062W,0,1.1384025,0.16402405500411987,0.8973080515861511,0.4588376581668854
YBR261C,YKR026C,0,1.1376259,0.16399416327476501,0.8973080515861511,0.4589376747608185
YLR182W,YFR045W,0,1.1373357,0.16396428644657135,0.8973080515861511,0.459037721157074
YLR244C,YNL102W,0,1.1350857,0.16393442451953888,0.8973080515861511,0.4591377377510071
YDR518W,YCR087C-A,0,1.1350627,0.1639045774936676,0.8973080515861511,0.4592377841472626
YNL026W,YPL096W,0,1.134768,0.16387473046779633,0.8973080515861511,0.4593378007411957
YOL054W,YNL284C,0,1.1336385,0.16384489834308624,0.8973080515861511,0.4594378173351288
YPL112C,YNR002C,0,1.1327809,0.16381506621837616,0.8973080515861511,0.4595378637313843
YDL024C,YLR073C,0,1.1315088,0.16378526389598846,0.8973080515861511,0.4596378803253174
YDL140C,YOL151W,0,1.1313635,0.16375546157360077,0.8973080515861511,0.4597379267215729
YDR371W,YGR081C,0,1.1312118,0.16372567415237427,0.8973080515861511,0.459837943315506
YOL155C,YMR090W,0,1.1283548,0.16369588673114777,0.8973080515861511,0.4599379897117615
YPR024W,YER190W,0,1.1277262,0.16366611421108246,0.8973080515861511,0.4600380063056946
YDR260C,YMR143W,0,1.127245,0.16363635659217834,0.8973080515861511,0.4601380527019501
YML099C,YGL113W,0,1.1272337,0.16360661387443542,0.8973080515861511,0.4602380692958832
YFR013W,YDR218C,0,1.1269386,0.1635768860578537,0.8973080515861511,0.46033811569213867
YKR019C,YMR159C,0,1.1266541,0.16354715824127197,0.8973080515861511,0.4604381322860718
YPR162C,YNL175C,0,1.1265,0.16351744532585144,0.8973080515861511,0.4605381488800049
YOR388C,YBR230C,0,1.1249055,0.1634877324104309,0.8973080515861511,0.4606381952762604
YNL127W,YGR167W,0,1.124535,0.16345804929733276,0.8973080515861511,0.4607382118701935
YLR244C,YMR033W,0,1.1242636,0.16342836618423462,0.8973080515861511,0.460838258266449
YLR020C,YCR097WB,0,1.124183,0.16339869797229767,0.8973080515861511,0.4609382748603821
YPR072W,YJR031C,0,1.1241423,0.16336902976036072,0.8973080515861511,0.4610383212566376
YOR324C,YGL216W,0,1.1240582,0.16333937644958496,0.8973080515861511,0.4611383378505707
YMR227C,YOR349W,0,1.1235883,0.1633097380399704,0.8973080515861511,0.46123838424682617
YER055C,YGL203C,0,1.1230037,0.16328011453151703,0.8973080515861511,0.4613384008407593
YAL022C,YML073C,0,1.1222951,0.16325050592422485,0.8973080515861511,0.4614384174346924
YOR176W,YNL238W,0,1.122245,0.16322089731693268,0.8973080515861511,0.4615384638309479
YDR530C,YGR112W,0,1.1219792,0.1631913036108017,0.8973080515861511,0.461638480424881
YLR394W,YPL027W,0,1.1217442,0.16316170990467072,0.8973080515861511,0.4617385268211365
YMR319C,YMR246W,0,1.1216631,0.16313213109970093,0.8973080515861511,0.4618385434150696
YDR245W,YNL032W,0,1.1214786,0.16310256719589233,0.8973080515861511,0.4619385898113251
YPR011C,YKL124W,0,1.1214631,0.16307301819324493,0.8973080515861511,0.4620386064052582
YJL172W,YLR160C,0,1.12081,0.16304348409175873,0.8973080515861511,0.46213865280151367
YMR296C,YDR496C,0,1.1207142,0.16301394999027252,0.8973080515861511,0.4622386693954468
YDR296W,YEL030W,0,1.1206195,0.1629844307899475,0.8973080515861511,0.46233871579170227
YKL013C,YOR353C,0,1.1187943,0.1629549115896225,0.8973080515861511,0.4624387323856354
YMR213W,YHR008C,0,1.1185125,0.16292542219161987,0.8973080515861511,0.4625387489795685
YNL238W,YOL040C,0,1.1182872,0.16289593279361725,0.8973080515861511,0.462638795375824
YNL131W,YHR135C,0,1.1182412,0.16286644339561462,0.8973080515861511,0.4627388119697571
YMR005W,YAL063C,0,1.1177987,0.1628369837999344,0.8973080515861511,0.4628388583660126
YPR162C,YOL102C,0,1.1175915,0.16280752420425415,0.8973080515861511,0.4629388749599457
YDR411C,YER190W,0,1.1168656,0.1627780795097351,0.8973080515861511,0.46303892135620117
YOL070C,YOR351C,0,1.1168005,0.16274864971637726,0.8973080515861511,0.4631389379501343
YHR069C,YNL259C,0,1.1167399,0.1627192199230194,0.8973080515861511,0.46323898434638977
YJL117W,YJR017C,1,1.1166835,0.16287057101726532,0.8983050584793091,0.46323898434638977
YLR295C,YBR118W,0,1.1163533,0.16284114122390747,0.8983050584793091,0.4633390009403229
YNL117W,YMR159C,0,1.1142745,0.16281171143054962,0.8983050584793091,0.463439017534256
YKL168C,YDR404C,0,1.1142364,0.16278229653835297,0.8983050584793091,0.4635390639305115
YDL047W,YJR031C,0,1.1137941,0.1627528965473175,0.8983050584793091,0.4636390805244446
YER185W,YPR091C,0,1.1132933,0.16272349655628204,0.8983050584793091,0.4637391269207001
YFR018C,YBR072W,0,1.1132145,0.16269411146640778,0.8983050584793091,0.4638391435146332
YOR074C,YPR198W,0,1.1118807,0.1626647412776947,0.8983050584793091,0.46393918991088867
YBR282W,YBL068W,0,1.1112695,0.16263538599014282,0.8983050584793091,0.4640392065048218
YPR030W,YGR255C,0,1.1108161,0.16260603070259094,0.8983050584793091,0.46413925290107727
YKL126W,YAL038W,0,1.1106607,0.16257669031620026,0.8983050584793091,0.4642392694950104
YPL147W,YLR033W,0,1.1104455,0.16254734992980957,0.8983050584793091,0.46433931589126587
YOR038C,YFR052W,0,1.1103363,0.16251803934574127,0.8983050584793091,0.464439332485199
YEL040W,YGR027C,0,1.1099238,0.16248872876167297,0.8983050584793091,0.4645393490791321
YGL237C,YLR163C,0,1.107982,0.16245943307876587,0.8983050584793091,0.4646393954753876
YLL051C,YJR063W,0,1.1075923,0.16243013739585876,0.8983050584793091,0.4647394120693207
YMR300C,YOR311C,0,1.1074293,0.16240087151527405,0.8983050584793091,0.46483945846557617
YMR182C,YFL010W-A,0,1.1072136,0.16237160563468933,0.8983050584793091,0.4649394750595093
YGR056W,YKL095W,0,1.1068637,0.16234233975410461,0.8983050584793091,0.46503952145576477
YPL083C,YDR059C,0,1.1065501,0.16231310367584229,0.8983050584793091,0.4651395380496979
YOR353C,YMR308C,0,1.1057718,0.16228386759757996,0.8983050584793091,0.46523958444595337
YMR054W,YOR089C,0,1.1041543,0.16225463151931763,0.8983050584793091,0.4653396010398865
YKL090W,YBR274W,0,1.1024927,0.16222542524337769,0.8983050584793091,0.4654396176338196
YDR034C,YER168C,0,1.1024266,0.16219621896743774,0.8983050584793091,0.4655396640300751
YLR113W,YGL225W,0,1.1015923,0.162167027592659,0.8983050584793091,0.4656396806240082
YPL042C,YMR213W,0,1.101538,0.16213785111904144,0.8983050584793091,0.46573972702026367
YPL110C,YPL098C,0,1.1011167,0.1621086746454239,0.8983050584793091,0.4658397436141968
YHR004C,YLR309C,0,1.1008761,0.16207951307296753,0.8983050584793091,0.46593979001045227
YJL225C,YDL148C,0,1.1003095,0.16205036640167236,0.8983050584793091,0.4660398066043854
YOR239W,YKR026C,0,1.0987759,0.1620212197303772,0.8983050584793091,0.46613985300064087
YDR030C,YNL084C,0,1.0984883,0.16199208796024323,0.8983050584793091,0.466239869594574
YGR264C,YGR010W,0,1.097274,0.16196297109127045,0.8983050584793091,0.46633991599082947
YMR180C,YOL111C,0,1.0970666,0.16193385422229767,0.8983050584793091,0.4664399325847626
YMR176W,YKL205W,0,1.097065,0.16190476715564728,0.8983050584793091,0.4665399491786957
YMR276W,YOR038C,0,1.0969415,0.1618756800889969,0.8983050584793091,0.46663999557495117
YER050C,YGL180W,0,1.0960582,0.1618465930223465,0.8983050584793091,0.4667400121688843
YBR155W,YLR268W,0,1.0958104,0.1618175357580185,0.8983050584793091,0.46684005856513977
YLR026C,YBL079W,0,1.0954833,0.1617884784936905,0.8983050584793091,0.4669400751590729
YLL027W,YGL216W,0,1.0950401,0.1617594212293625,0.8983050584793091,0.46704012155532837
YGR285C,YER007W,1,1.0948548,0.16190989315509796,0.899302065372467,0.46704012155532837
YOL026C,YGR112W,0,1.0945891,0.16188083589076996,0.899302065372467,0.4671401381492615
YDL217C,YBR074W,0,1.0940734,0.16185177862644196,0.899302065372467,0.46724018454551697
YGL050W,YMR114C,0,1.093691,0.16182275116443634,0.899302065372467,0.4673402011394501
YLR025W,YDR207C,0,1.093618,0.16179372370243073,0.899302065372467,0.4674402177333832
YOR168W,YJR040W,0,1.0933865,0.1617647111415863,0.899302065372467,0.46754026412963867
YDL054C,YFL013C,0,1.0928618,0.16173569858074188,0.899302065372467,0.4676402807235718
YMR168C,YLR404W,0,1.0925019,0.16170670092105865,0.899302065372467,0.46774032711982727
YLR329W,YOL090W,0,1.0922017,0.16167771816253662,0.899302065372467,0.4678403437137604
YNL314W,YIL047C,0,1.0913769,0.16164875030517578,0.899302065372467,0.46794039011001587
YDR083W,YPR133W-A,0,1.0908158,0.16161978244781494,0.899302065372467,0.468040406703949
YDR263C,YGR238C,0,1.0885835,0.1615908294916153,0.899302065372467,0.46814045310020447
YPL064C,YKL117W,1,1.0881497,0.1617410033941269,0.9002991318702698,0.46814045310020447
YAL017W,YMR160W,0,1.0880263,0.16171203553676605,0.9002991318702698,0.4682404696941376
YCR087C-A,YGR255C,0,1.0880218,0.1616830825805664,0.9002991318702698,0.46834051609039307
YOR378W,YPR159W,0,1.0872192,0.16165412962436676,0.9002991318702698,0.46844053268432617
YGL172W,YKR056W,0,1.087053,0.1616252064704895,0.9002991318702698,0.4685405492782593
YDR410C,YMR270C,0,1.086623,0.16159628331661224,0.9002991318702698,0.46864059567451477
YBR274W,YIR032C,0,1.0857319,0.16156736016273499,0.9002991318702698,0.4687406122684479
YNL135C,YOR232W,1,1.0856229,0.16171735525131226,0.9012961387634277,0.4687406122684479
YMR269W,YBL052C,0,1.0844779,0.161688432097435,0.9012961387634277,0.46884065866470337
YJR010W,YJL206C,0,1.0844733,0.16165950894355774,0.9012961387634277,0.4689406752586365
YDR498C,YDL015C,0,1.0843358,0.16163061559200287,0.9012961387634277,0.46904072165489197
YHR041C,YML052W,0,1.0841281,0.161601722240448,0.9012961387634277,0.4691407382488251
YBR118W,YJL117W,0,1.0840164,0.16157282888889313,0.9012961387634277,0.46924078464508057
YDR164C,YBR287W,0,1.0837444,0.16154396533966064,0.9012961387634277,0.46934080123901367
YHR047C,YDL084W,0,1.0836744,0.16151510179042816,0.9012961387634277,0.4694408178329468
YDR140W,YOR353C,0,1.0835307,0.16148623824119568,0.9012961387634277,0.46954086422920227
YJL124C,YDR369C,0,1.0832446,0.16145740449428558,0.9012961387634277,0.4696408808231354
YLR043C,YDL216C,0,1.0827317,0.1614285707473755,0.9012961387634277,0.46974092721939087
YGL094C,YKL206C,0,1.0824357,0.1613997519016266,0.9012961387634277,0.469840943813324
YIL079C,YNL078W,0,1.0824081,0.16137093305587769,0.9012961387634277,0.46994099020957947
YLR386W,YEL041W,0,1.0814747,0.16134214401245117,0.9012961387634277,0.4700410068035126
YDR151C,YBR155W,1,1.0803596,0.16149179637432098,0.9022931456565857,0.4700410068035126
YLR187W,YIL035C,0,1.0802685,0.16146297752857208,0.9022931456565857,0.47014105319976807
YBL089W,YPR138C,0,1.079971,0.16143417358398438,0.9022931456565857,0.47024106979370117
YGR285C,YLR321C,0,1.0797449,0.16140538454055786,0.9022931456565857,0.47034111618995667
YGR113W,YPL188W,0,1.0793202,0.16137661039829254,0.9022931456565857,0.47044113278388977
YOR237W,YLR129W,0,1.0783137,0.16134783625602722,0.9022931456565857,0.4705411493778229
YJL192C,YDR332W,0,1.0760429,0.1613190770149231,0.9022931456565857,0.47064119577407837
YOR147W,YGR239C,0,1.0749121,0.16129031777381897,0.9022931456565857,0.4707412123680115
YGR085C,YNL182C,0,1.0743392,0.16126158833503723,0.9022931456565857,0.47084125876426697
YOR180C,YML132W,0,1.0740612,0.1612328588962555,0.9022931456565857,0.4709412753582001
YNL223W,YIL140W,0,1.0738547,0.16120412945747375,0.9022931456565857,0.47104132175445557
YNL148C,YNR028W,1,1.0738328,0.16135351359844208,0.9032901525497437,0.47104132175445557
YNR013C,YDL077C,0,1.0737681,0.16132478415966034,0.9032901525497437,0.47114133834838867
YMR039C,YNL259C,0,1.0730469,0.1612960696220398,0.9032901525497437,0.47124138474464417
YPR072W,YBR195C,0,1.0728607,0.16126735508441925,0.9032901525497437,0.47134140133857727
YLR394W,YBL091C-A,0,1.0709698,0.1612386554479599,0.9032901525497437,0.4714414179325104
YMR039C,YLR020C,0,1.0702524,0.16120997071266174,0.9032901525497437,0.47154146432876587
YJR010W,YPL042C,0,1.0701602,0.1611812859773636,0.9032901525497437,0.471641480922699
YOR323C,YDL045W-A,0,1.0691624,0.16115261614322662,0.9032901525497437,0.47174152731895447
YBR042C,YML132W,0,1.0689615,0.16112396121025085,0.9032901525497437,0.4718415439128876
YPL094C,YGL236C,0,1.068393,0.16109530627727509,0.9032901525497437,0.47194159030914307
YMR203W,YFL017W-A,0,1.0681508,0.1610666662454605,0.9032901525497437,0.47204160690307617
YLL029W,YIL128W,0,1.0672636,0.16103804111480713,0.9032901525497437,0.47214165329933167
YPR137W,YPL112C,0,1.0663817,0.16100941598415375,0.9032901525497437,0.47224166989326477
YML094W,YNL153C,1,1.0663798,0.161158487200737,0.9042871594429016,0.47224166989326477
YDR072C,YNL307C,0,1.0658385,0.16112986207008362,0.9042871594429016,0.47234171628952026
YHR047C,YER022W,0,1.0651643,0.16110123693943024,0.9042871594429016,0.47244173288345337
YOR054C,YNL283C,0,1.0643868,0.16107262670993805,0.9042871594429016,0.4725417494773865
YKL170W,YJL124C,0,1.0601655,0.16104403138160706,0.9042871594429016,0.47264179587364197
YJL144W,YMR229C,0,1.0598634,0.16101545095443726,0.9042871594429016,0.4727418124675751
YMR089C,YGL174W,0,1.059722,0.16098687052726746,0.9042871594429016,0.47284185886383057
YJL117W,YKR102W,0,1.0596355,0.16095829010009766,0.9042871594429016,0.47294187545776367
YHR064C,YBR155W,1,1.059542,0.1611071676015854,0.9052841663360596,0.47294187545776367
YOR176W,YBR243C,0,1.0593913,0.1610785871744156,0.9052841663360596,0.47304192185401917
YDR457W,YHR079C,0,1.0592719,0.16105002164840698,0.9052841663360596,0.47314193844795227
YNL297C,YNL044W,0,1.0579345,0.16102145612239838,0.9052841663360596,0.47324198484420776
YKR101W,YML036W,0,1.0577705,0.16099290549755096,0.9052841663360596,0.47334200143814087
YIL076W,YDR332W,0,1.0561588,0.16096436977386475,0.9052841663360596,0.473442018032074
YDR304C,YLR042C,0,1.0554981,0.16093583405017853,0.9052841663360596,0.47354206442832947
YLR024C,YDR332W,0,1.0551792,0.1609073132276535,0.9052841663360596,0.4736420810222626
YOL165C,YER087W,0,1.0550067,0.16087880730628967,0.9052841663360596,0.47374212741851807
YPR024W,YDL045C,0,1.0548778,0.16085031628608704,0.9052841663360596,0.47384214401245117
YLR447C,YLR113W,0,1.054815,0.1608218252658844,0.9052841663360596,0.47394219040870667
YPR060C,YOL040C,0,1.0538626,0.16079333424568176,0.9052841663360596,0.47404220700263977
YER050C,YNL070W,0,1.0532417,0.1607648730278015,0.9052841663360596,0.47414225339889526
YPL064C,YDL143W,1,1.0531781,0.16091343760490417,0.9062811732292175,0.47414225339889526
YKR066C,YOR251C,0,1.0529648,0.16088496148586273,0.9062811732292175,0.47424226999282837
YJL005W,YAL039C,0,1.0521144,0.1608564853668213,0.9062811732292175,0.47434231638908386
YPR125W,YFL013C,0,1.0520588,0.16082802414894104,0.9062811732292175,0.47444233298301697
YCR093W,YGL216W,0,1.0509843,0.16079957783222198,0.9062811732292175,0.4745423495769501
YDR144C,YJL192C,0,1.0500336,0.16077113151550293,0.9062811732292175,0.47464239597320557
YNL307C,YPL050C,0,1.0496756,0.16074270009994507,0.9062811732292175,0.47474241256713867
YLR129W,YNL175C,0,1.0490153,0.1607142835855484,0.9062811732292175,0.47484245896339417
YLR163C,YJR130C,0,1.0480987,0.16068588197231293,0.9062811732292175,0.47494247555732727
YBR042C,YBR257W,0,1.0471287,0.16065748035907745,0.9062811732292175,0.47504252195358276
YGR052W,YFR033C,0,1.0464289,0.16062909364700317,0.9062811732292175,0.47514253854751587
YML051W,YER049W,0,1.0458512,0.1606007069349289,0.9062811732292175,0.47524258494377136
YNL044W,YKL171W,0,1.0453212,0.1605723351240158,0.9062811732292175,0.47534260153770447
YJL053W,YHR039C-A,0,1.0449781,0.16054397821426392,0.9062811732292175,0.4754426181316376
YIL095W,YDL083C,0,1.0445504,0.16051562130451202,0.9062811732292175,0.47554266452789307
YBR223C,YLR401C,0,1.0443487,0.16048729419708252,0.9062811732292175,0.47564268112182617
YNL223W,YER002W,0,1.0437602,0.16045895218849182,0.9062811732292175,0.47574272751808167
YJL213W,YOR338W,0,1.0436075,0.1604306399822235,0.9062811732292175,0.47584274411201477
YPL213W,YPR190C,0,1.04304,0.1604023277759552,0.9062811732292175,0.47594279050827026
YPR026W,YDR173C,0,1.0426273,0.16037403047084808,0.9062811732292175,0.47604280710220337
YKL064W,YBL085W,0,1.0412087,0.16034573316574097,0.9062811732292175,0.47614285349845886
YBR260C,YOR054C,0,1.0411301,0.16031746566295624,0.9062811732292175,0.47624287009239197
YML097C,YDL047W,0,1.0411247,0.16028918325901031,0.9062811732292175,0.47634291648864746
YIL134W,YJL178C,0,1.0410504,0.16026093065738678,0.9062811732292175,0.47644293308258057
YNL223W,YLR309C,0,1.0409713,0.16023267805576324,0.9062811732292175,0.47654294967651367
YDR137W,YJR063W,0,1.0405079,0.1602044403553009,0.9062811732292175,0.47664299607276917
YIL088C,YNL208W,0,1.0398159,0.16017621755599976,0.9062811732292175,0.47674301266670227
YGL170C,YLL055W,0,1.039656,0.1601479947566986,0.9062811732292175,0.47684305906295776
YCR060W,YNL259C,0,1.0394697,0.16011978685855865,0.9062811732292175,0.47694307565689087
YLR224W,YOL062C,0,1.0392637,0.1600915789604187,0.9062811732292175,0.47704312205314636
YLR395C,YPR006C,0,1.0377127,0.16006338596343994,0.9062811732292175,0.47714313864707947
YGR185C,YDR496C,0,1.0363009,0.16003520786762238,0.9062811732292175,0.47724318504333496
YHR002W,YPL082C,0,1.0358956,0.160007044672966,0.9062811732292175,0.47734320163726807
YJL087C,YMR034C,0,1.0349389,0.15997888147830963,0.9062811732292175,0.47744321823120117
YMR112C,YMR097C,0,1.034573,0.15995073318481445,0.9062811732292175,0.47754326462745667
YLL043W,YDR404C,0,1.0342281,0.15992258489131927,0.9062811732292175,0.47764328122138977
YDR414C,YDR337W,0,1.0340893,0.15989446640014648,0.9062811732292175,0.47774332761764526
YDL227C,YGL060W,0,1.0337887,0.1598663330078125,0.9062811732292175,0.47784334421157837
YMR112C,YNL121C,0,1.0336931,0.1598382294178009,0.9062811732292175,0.47794339060783386
YBR155W,YGL030W,0,1.0330985,0.1598101258277893,0.9062811732292175,0.47804340720176697
YBR195C,YIL076W,0,1.0328135,0.1597820371389389,0.9062811732292175,0.47814345359802246
YDL245C,YCL025C,0,1.0327299,0.1597539484500885,0.9062811732292175,0.47824347019195557
YGR078C,YNL153C,1,1.0323609,0.15990160405635834,0.9072781801223755,0.47824347019195557
YPR002W,YNL026W,0,1.0322888,0.15987350046634674,0.9072781801223755,0.47834351658821106
YOL066C,YGR268C,0,1.0321796,0.15984542667865753,0.9072781801223755,0.47844353318214417
YMR315W,YBR042C,0,1.031426,0.15981735289096832,0.9072781801223755,0.47854354977607727
YNR074C,YOR353C,0,1.0314069,0.1597892940044403,0.9072781801223755,0.47864359617233276
YLR447C,YDR416W,0,1.0310688,0.1597612351179123,0.9072781801223755,0.47874361276626587
YML094W,YER007W,1,1.0286316,0.159908726811409,0.9082751870155334,0.47874361276626587
YKR035W-A,YJR133W,0,1.0272439,0.1598806530237198,0.9082751870155334,0.47884365916252136
YNL073W,YKL189W,0,1.0268335,0.15985260903835297,0.9082751870155334,0.47894367575645447
YMR093W,YBR257W,0,1.0265132,0.15982456505298615,0.9082751870155334,0.47904372215270996
YNL232W,YLR009W,0,1.0263293,0.15979652106761932,0.9082751870155334,0.47914373874664307
YOL066C,YHR085W,0,1.0256351,0.1597685068845749,0.9082751870155334,0.47924378514289856
YOL112W,YDR403W,0,1.0254284,0.15974049270153046,0.9082751870155334,0.47934380173683167
YFL038C,YBR067C,0,1.0246878,0.15971247851848602,0.9082751870155334,0.47944381833076477
YKL041W,YEL041W,0,1.0244902,0.15968449413776398,0.9082751870155334,0.47954386472702026
YOL010W,YLL012W,0,1.0238175,0.15965649485588074,0.9082751870155334,0.47964388132095337
YDL197C,YCR012W,0,1.0236647,0.15962852537631989,0.9082751870155334,0.47974392771720886
YNL138W-A,YGL212W,0,1.0233364,0.15960055589675903,0.9082751870155334,0.47984394431114197
YPR137W,YOR180C,0,1.0215586,0.15957260131835938,0.9082751870155334,0.47994399070739746
YBR275C,YOR324C,0,1.0208383,0.1595446616411209,0.9082751870155334,0.48004400730133057
YFL045C,YCR012W,0,1.0207539,0.15951672196388245,0.9082751870155334,0.48014405369758606
YDR378C,YAL016W,0,1.020646,0.15948879718780518,0.9082751870155334,0.48024407029151917
YNL138W-A,YOL155C,0,1.0196482,0.1594608724117279,0.9082751870155334,0.48034411668777466
YML112W,YPL147W,0,1.0191069,0.15943297743797302,0.9082751870155334,0.48044413328170776
YCR060W,YLR165C,0,1.0191005,0.15940506756305695,0.9082751870155334,0.48054414987564087
YER162C,YFL033C,0,1.0190341,0.15937718749046326,0.9082751870155334,0.48064419627189636
YGL172W,YPR138C,0,1.0178924,0.15934930741786957,0.9082751870155334,0.48074421286582947
YER101C,YDR173C,0,1.0177184,0.15932144224643707,0.9082751870155334,0.48084425926208496
YOR219C,YPL218W,0,1.0175704,0.15929357707500458,0.9082751870155334,0.48094427585601807
YKL013C,YIL142W,0,1.0172292,0.15926574170589447,0.9082751870155334,0.48104432225227356
YGR036C,YDR151C,0,1.016672,0.15923789143562317,0.9082751870155334,0.48114433884620667
YGR216C,YOR313C,0,1.0160824,0.15921007096767426,0.9082751870155334,0.48124438524246216
YJR138W,YPR030W,0,1.0160317,0.15918225049972534,0.9082751870155334,0.48134440183639526
YHR132C,YKL015W,0,1.0160086,0.15915443003177643,0.9082751870155334,0.48144441843032837
YPL064C,YOR265W,1,1.0154133,0.15930131077766418,0.9092721939086914,0.48144441843032837
YMR173W,YOR222W,0,1.0150192,0.15927349030971527,0.9092721939086914,0.48154446482658386
YDR240C,YMR210W,0,1.0144559,0.15924568474292755,0.9092721939086914,0.48164448142051697
YPR024W,YGR246C,0,1.0143126,0.15921787917613983,0.9092721939086914,0.48174452781677246
YGL237C,YDL028C,0,1.0138091,0.1591900885105133,0.9092721939086914,0.48184454441070557
YDL206W,YBR282W,0,1.0131516,0.15916229784488678,0.9092721939086914,0.48194459080696106
YHR064C,YML074C,1,1.0124047,0.1593090146780014,0.9102692008018494,0.48194459080696106
YGL162W,YKL130C,0,1.0123008,0.15928122401237488,0.9102692008018494,0.48204460740089417
YOR323C,YGR185C,0,1.0118812,0.15925344824790955,0.9102692008018494,0.48214465379714966
YHR069C,YNR004W,0,1.0113844,0.1592256724834442,0.9102692008018494,0.48224467039108276
YIR025W,YBR282W,0,1.0113726,0.15919791162014008,0.9102692008018494,0.48234471678733826
YCR030C,YDL128W,0,1.0098736,0.15917015075683594,0.9102692008018494,0.48244473338127136
YEL030W,YPR083W,0,1.0095949,0.159142404794693,0.9102692008018494,0.48254474997520447
YGL026C,YGL010W,0,1.0084956,0.15911467373371124,0.9102692008018494,0.48264479637145996
YIL047C,YBR061C,0,1.0084568,0.1590869426727295,0.9102692008018494,0.48274481296539307
YLR404W,YPL183W-A,0,1.0070664,0.15905922651290894,0.9102692008018494,0.48284485936164856
YHR056C,YPL027W,0,1.0069462,0.15903152525424957,0.9102692008018494,0.48294487595558167
YPL078C,YOR204W,0,1.0065956,0.1590038239955902,0.9102692008018494,0.48304492235183716
YGL010W,YML109W,0,1.0056707,0.15897613763809204,0.9102692008018494,0.48314493894577026
YDR451C,YNR028W,0,1.0056055,0.15894846618175507,0.9102692008018494,0.48324498534202576
YML051W,YNL026W,0,1.0048668,0.1589207947254181,0.9102692008018494,0.48334500193595886
YNL172W,YER154W,0,1.0045418,0.1588931381702423,0.9102692008018494,0.48344504833221436
YOR274W,YEL012W,0,1.0042903,0.15886549651622772,0.9102692008018494,0.48354506492614746
YPL213W,YLR391W,0,1.0037353,0.15883785486221313,0.9102692008018494,0.48364508152008057
YNL122C,YIR039C,0,1.0033348,0.15881022810935974,0.9102692008018494,0.48374512791633606
YDR082W,YLR043C,0,1.0030807,0.15878260135650635,0.9102692008018494,0.48384514451026917
YDL074C,YPL244C,0,1.0016751,0.15875500440597534,0.9102692008018494,0.48394519090652466
YPL200W,YOL124C,0,1.0013361,0.15872739255428314,0.9102692008018494,0.48404520750045776
YML109W,YAL029C,0,0.999838,0.15869981050491333,0.9102692008018494,0.48414525389671326
YIL143C,YKR044W,0,0.9998192,0.15867222845554352,0.9102692008018494,0.48424527049064636
YER154W,YOL104C,0,0.9986161,0.1586446613073349,0.9102692008018494,0.48434531688690186
YGL256W,YOL136C,0,0.99709177,0.15861709415912628,0.9102692008018494,0.48444533348083496
YER151C,YOR008C,0,0.9956046,0.15858954191207886,0.9102692008018494,0.48454535007476807
YOL057W,YKR068C,0,0.9949469,0.15856200456619263,0.9102692008018494,0.48464539647102356
YKL007W,YBL085W,0,0.9944961,0.1585344672203064,0.9102692008018494,0.48474541306495667
YER050C,YPR125W,0,0.9943129,0.15850694477558136,0.9102692008018494,0.48484545946121216
YKL174C,YJR101W,0,0.99351364,0.15847943723201752,0.9102692008018494,0.48494547605514526
YPL151C,YIL083C,0,0.99339783,0.15845192968845367,0.9102692008018494,0.48504552245140076
YOL070C,YMR019W,0,0.99268174,0.15842443704605103,0.9102692008018494,0.48514553904533386
YDL121C,YNL192W,0,0.992585,0.15839694440364838,0.9102692008018494,0.48524558544158936
YOR180C,YGR276C,0,0.9921112,0.15836946666240692,0.9102692008018494,0.48534560203552246
YGR085C,YLR197W,0,0.9913256,0.15834200382232666,0.9102692008018494,0.48544564843177795
YMR089C,YJL071W,0,0.9905717,0.1583145409822464,0.9102692008018494,0.48554566502571106
YMR161W,YIR004W,1,0.9899587,0.15846046805381775,0.9112662076950073,0.48554566502571106
YLR183C,YER171W,0,0.98867774,0.1584330052137375,0.9112662076950073,0.48564568161964417
YCL036W,YBL068W,0,0.9872385,0.15840554237365723,0.9112662076950073,0.48574572801589966
YPL150W,YDR415C,0,0.9869176,0.15837809443473816,0.9112662076950073,0.48584574460983276
YDR423C,YKL201C,0,0.9868813,0.15835066139698029,0.9112662076950073,0.48594579100608826
YKL189W,YBR037C,0,0.98654413,0.1583232283592224,0.9112662076950073,0.48604580760002136
YHR132C,YKR026C,0,0.9852429,0.15829581022262573,0.9112662076950073,0.48614585399627686
YOL112W,YMR304W,0,0.9852166,0.15826839208602905,0.9112662076950073,0.48624587059020996
YMR019W,YHR058C,0,0.9836215,0.15824100375175476,0.9112662076950073,0.48634591698646545
YMR020W,YKL015W,0,0.9834004,0.15821360051631927,0.9112662076950073,0.48644593358039856
YGR288W,YGR251W,0,0.98326826,0.15818622708320618,0.9112662076950073,0.48654595017433167
YDR304C,YBR093C,0,0.98253846,0.15815885365009308,0.9112662076950073,0.48664599657058716
YGR012W,YAR031W,0,0.98235595,0.15813149511814117,0.9112662076950073,0.48674601316452026
YHR085W,YHL027W,0,0.9811876,0.15810413658618927,0.9112662076950073,0.48684605956077576
YLR244C,YDL225W,0,0.9811117,0.15807679295539856,0.9112662076950073,0.48694607615470886
YKL190W,YCR097WB,0,0.98056674,0.15804944932460785,0.9112662076950073,0.48704612255096436
YML071C,YNL138W,0,0.9805546,0.15802213549613953,0.9112662076950073,0.48714613914489746
YLR020C,YDR429C,0,0.9797306,0.15799480676651,0.9112662076950073,0.48724618554115295
YCR011C,YFR018C,0,0.9793602,0.15796750783920288,0.9112662076950073,0.48734620213508606
YMR194W,YFL033C,0,0.97930884,0.15794020891189575,0.9112662076950073,0.48744624853134155
YPR072W,YLR425W,0,0.97915953,0.15791292488574982,0.9112662076950073,0.48754626512527466
YOL165C,YBR274W,0,0.97857034,0.15788564085960388,0.9112662076950073,0.48764628171920776
YPR163C,YBR074W,0,0.9783584,0.15785837173461914,0.9112662076950073,0.48774632811546326
YNL127W,YDR306C,0,0.9777299,0.1578311175107956,0.9112662076950073,0.48784634470939636
YER008C,YMR097C,0,0.9773984,0.15780386328697205,0.9112662076950073,0.48794639110565186
YLR312W-A,YLR153C,0,0.9768246,0.1577766239643097,0.9112662076950073,0.48804640769958496
YMR089C,YJL024C,0,0.9765521,0.15774939954280853,0.9112662076950073,0.48814645409584045
YGR171C,YNL192W,0,0.9758199,0.15772217512130737,0.9112662076950073,0.48824647068977356
YNL095C,YJL200C,0,0.9754116,0.1576949656009674,0.9112662076950073,0.48834651708602905
YNL135C,YHR193C,1,0.97527057,0.15784026682376862,0.9122632145881653,0.48834651708602905
YOL062C,YDL148C,0,0.97501034,0.15781304240226746,0.9122632145881653,0.48844653367996216
YDR530C,YJL134W,0,0.9747863,0.1577858179807663,0.9122632145881653,0.48854655027389526
YHR064C,YNL209W,1,0.9742473,0.15793102979660034,0.9132602214813232,0.48854655027389526
YHR074W,YOL062C,0,0.9734839,0.15790380537509918,0.9132602214813232,0.48864659667015076
YPR144C,YDL055C,0,0.973371,0.15787659585475922,0.9132602214813232,0.48874661326408386
YGL237C,YAL031C,0,0.9731882,0.15784938633441925,0.9132602214813232,0.48884665966033936
YBR042C,YNL080C,0,0.9725191,0.15782219171524048,0.9132602214813232,0.48894667625427246
YLR228C,YAL040C,0,0.9714453,0.1577949970960617,0.9132602214813232,0.48904672265052795
YDR174W,YCR046C,0,0.9706305,0.15776783227920532,0.9132602214813232,0.48914673924446106
YDR083W,YPR119W,0,0.97044855,0.15774065256118774,0.9132602214813232,0.48924678564071655
YLR383W,YER162C,0,0.9678154,0.15771350264549255,0.9132602214813232,0.48934680223464966
YEL037C,YGR113W,0,0.96717954,0.15768635272979736,0.9132602214813232,0.48944684863090515
YOR084W,YMR173W,0,0.9664131,0.15765920281410217,0.9132602214813232,0.48954686522483826
YOL010W,YKL168C,0,0.9661795,0.15763208270072937,0.9132602214813232,0.48964688181877136
YCL057W,YOR261C,0,0.9661176,0.15760496258735657,0.9132602214813232,0.48974692821502686
YOL102C,YHR085W,0,0.96551657,0.15757784247398376,0.9132602214813232,0.48984694480895996
YJR119C,YOR142W,0,0.96251905,0.15755073726177216,0.9132602214813232,0.48994699120521545
YIL061C,YPR190C,0,0.9623665,0.15752364695072174,0.9132602214813232,0.49004700779914856
YDL070W,YFL001W,0,0.96228266,0.15749655663967133,0.9132602214813232,0.49014705419540405
YML051W,YNL231C,0,0.96205544,0.1574694812297821,0.9132602214813232,0.49024707078933716
YLR291C,YFL010W-A,0,0.9612351,0.15744242072105408,0.9132602214813232,0.49034711718559265
YKL119C,YMR304W,0,0.9608651,0.15741536021232605,0.9132602214813232,0.49044713377952576
YGR255C,YNL122C,0,0.9605288,0.15738831460475922,0.9132602214813232,0.49054715037345886
YDR498C,YOR261C,0,0.9605076,0.15736128389835358,0.9132602214813232,0.49064719676971436
YPR204W,YNL107W,0,0.96002936,0.15733425319194794,0.9132602214813232,0.49074721336364746
YDR383C,YGL186C,0,0.9595674,0.1573072373867035,0.9132602214813232,0.49084725975990295
YLR191W,YLR394W,0,0.95937973,0.15728022158145905,0.9132602214813232,0.49094727635383606
YER008C,YHR079C,0,0.95925105,0.1572532206773758,0.9132602214813232,0.49104732275009155
YOL082W,YGR281W,0,0.95893735,0.15722623467445374,0.9132602214813232,0.49114733934402466
YNL073W,YMR115W,0,0.95879924,0.15719924867153168,0.9132602214813232,0.49124738574028015
YDR079W,YHR059W,0,0.958375,0.1571722775697708,0.9132602214813232,0.49134740233421326
YOR159C,YER008C,0,0.95830536,0.15714530646800995,0.9132602214813232,0.49144744873046875
YOL090W,YOR226C,0,0.9578984,0.15711835026741028,0.9132602214813232,0.49154746532440186
YHR041C,YLR005W,0,0.9571376,0.1570914089679718,0.9132602214813232,0.49164748191833496
YDR167W,YPR187W,0,0.95698696,0.15706446766853333,0.9132602214813232,0.49174752831459045
YPL276W,YKR057W,0,0.9558372,0.15703754127025604,0.9132602214813232,0.49184754490852356
YEL030W,YDR364C,0,0.9540791,0.15701062977313995,0.9132602214813232,0.49194759130477905
YGR113W,YGL256W,0,0.95313543,0.15698371827602386,0.9132602214813232,0.49204760789871216
YPR072W,YMR203W,0,0.95311236,0.15695682168006897,0.9132602214813232,0.49214765429496765
YCR093W,YDR492W,0,0.9530113,0.15692992508411407,0.9132602214813232,0.49224767088890076
YMR117C,YML112W,0,0.9527027,0.15690304338932037,0.9132602214813232,0.49234771728515625
YDR451C,YLR353W,0,0.95229954,0.15687617659568787,0.9132602214813232,0.49244773387908936
YCL036W,YER052C,0,0.9518664,0.15684930980205536,0.9132602214813232,0.49254775047302246
YIL046W,YIL132C,0,0.95154625,0.15682245790958405,0.9132602214813232,0.49264779686927795
YPL119C,YLR316C,0,0.95064044,0.15679562091827393,0.9132602214813232,0.49274781346321106
YDR196C,YCL052C,0,0.9502437,0.1567687839269638,0.9132602214813232,0.49284785985946655
YLR305C,YGL094C,0,0.95017016,0.15674196183681488,0.9132602214813232,0.49294787645339966
YNR006W,YNL122C,0,0.94998187,0.15671513974666595,0.9132602214813232,0.49304792284965515
YJR078W,YPR030W,0,0.94968075,0.15668833255767822,0.9132602214813232,0.49314793944358826
YMR228W,YLR026C,0,0.94925237,0.15666154026985168,0.9132602214813232,0.49324798583984375
YEL069C,YDR498C,0,0.9480216,0.15663474798202515,0.9132602214813232,0.49334800243377686
YLR020C,YGR145W,0,0.9474287,0.1566079705953598,0.9132602214813232,0.49344804883003235
YGR113W,YDR415C,0,0.9469541,0.15658119320869446,0.9132602214813232,0.49354806542396545
YDR512C,YDR281C,0,0.94653785,0.1565544307231903,0.9132602214813232,0.49364808201789856
YLR191W,YLR047C,0,0.9462847,0.15652768313884735,0.9132602214813232,0.49374812841415405
YBR042C,YOR219C,0,0.9461637,0.1565009355545044,0.9132602214813232,0.49384814500808716
YMR054W,YNL192W,0,0.94584507,0.15647420287132263,0.9132602214813232,0.49394819140434265
YJL179W,YJL073W,1,0.94540805,0.15661828219890594,0.9142572283744812,0.49394819140434265
YKL206C,YCR046C,0,0.9449733,0.156591534614563,0.9142572283744812,0.49404820799827576
YNR003C,YER002W,0,0.944172,0.15656478703022003,0.9142572283744812,0.49414825439453125
YIL108W,YIL079C,0,0.944121,0.15653806924819946,0.9142572283744812,0.49424827098846436
YGL183C,YBL092W,0,0.9440185,0.1565113514661789,0.9142572283744812,0.49434831738471985
YGR264C,YOR099W,0,0.94394255,0.15648464858531952,0.9142572283744812,0.49444833397865295
YDR222W,YMR034C,0,0.94350857,0.15645794570446014,0.9142572283744812,0.49454835057258606
YLR394W,YMR160W,0,0.94217044,0.15643125772476196,0.9142572283744812,0.49464839696884155
YGR252W,YDR076W,0,0.94096106,0.15640456974506378,0.9142572283744812,0.49474841356277466
YLL003W,YBR031W,0,0.94057465,0.1563778966665268,0.9142572283744812,0.49484845995903015
YGR032W,YLR278C,0,0.9396715,0.156351238489151,0.9142572283744812,0.49494847655296326
YOR159C,YMR213W,0,0.93926,0.1563245803117752,0.9142572283744812,0.49504852294921875
YDR188W,YEL030W,1,0.9390125,0.15646837651729584,0.9152542352676392,0.49504852294921875
YGR077C,YCL052C,0,0.9383918,0.15644171833992004,0.9152542352676392,0.49514853954315186
YGR281W,YDL045C,0,0.9377449,0.15641506016254425,0.9152542352676392,0.49524858593940735
YCR011C,YKL206C,0,0.93733275,0.15638841688632965,0.9152542352676392,0.49534860253334045
YPL083C,YJL130C,0,0.9372667,0.15636177361011505,0.9152542352676392,0.49544864892959595
YLR440C,YGL103W,0,0.93687,0.15633514523506165,0.9152542352676392,0.49554866552352905
YJL112W,YMR246W,0,0.93684,0.15630853176116943,0.9152542352676392,0.49564868211746216
YPR083W,YHR008C,0,0.93598056,0.15628191828727722,0.9152542352676392,0.49574872851371765
YJL225C,YLR151C,0,0.93346155,0.1562553197145462,0.9152542352676392,0.49584874510765076
YDR460W,YKR020W,0,0.9323257,0.15622872114181519,0.9152542352676392,0.49594879150390625
YDR414C,YER046W,0,0.93204033,0.15620213747024536,0.9152542352676392,0.49604880809783936
YPL007C,YGL203C,0,0.9312273,0.15617556869983673,0.9152542352676392,0.49614885449409485
YKL144C,YGR222W,0,0.9306097,0.1561489999294281,0.9152542352676392,0.49624887108802795
YNL232W,YCR057C,0,0.9292965,0.15612244606018066,0.9152542352676392,0.49634891748428345
YNR017W,YNR018W,0,0.9290428,0.15609590709209442,0.9152542352676392,0.49644893407821655
YDL140C,YKL022C,0,0.9277687,0.15606936812400818,0.9152542352676392,0.49654895067214966
YMR123W,YPL218W,0,0.92763364,0.15604282915592194,0.9152542352676392,0.49664899706840515
YKL061W,YNL026W,0,0.92736983,0.15601631999015808,0.9152542352676392,0.49674901366233826
YER022W,YGR185C,0,0.9269787,0.15598981082439423,0.9152542352676392,0.49684906005859375
YDR492W,YKL078W,0,0.92598474,0.15596330165863037,0.9152542352676392,0.49694907665252686
YOL165C,YDR062W,0,0.92595685,0.1559368073940277,0.9152542352676392,0.49704912304878235
YLR440C,YKL203C,0,0.9231697,0.15591032803058624,0.9152542352676392,0.49714913964271545
YBR052C,YJL176C,0,0.92304254,0.15588384866714478,0.9152542352676392,0.49724918603897095
YPL252C,YCR055C,0,0.9230051,0.1558573842048645,0.9152542352676392,0.49734920263290405
YJL087C,YDR226W,0,0.9224584,0.15583093464374542,0.9152542352676392,0.49744924902915955
YER098W,YJL053W,0,0.9220178,0.15580448508262634,0.9152542352676392,0.49754926562309265
YJL166W,YOR279C,0,0.92201626,0.15577803552150726,0.9152542352676392,0.49764928221702576
YNL079C,YBR261C,0,0.92116094,0.15575161576271057,0.9152542352676392,0.49774932861328125
YFR013W,YPL050C,0,0.9205413,0.15572519600391388,0.9152542352676392,0.49784934520721436
YHL034C,YIL076W,0,0.92007244,0.1556987762451172,0.9152542352676392,0.49794939160346985
YBR177C,YMR087W,0,0.9196141,0.1556723713874817,0.9152542352676392,0.49804940819740295
YDR473C,YGL162W,0,0.91919374,0.15564598143100739,0.9152542352676392,0.49814945459365845
YBR276C,YGL216W,0,0.9191794,0.15561959147453308,0.9152542352676392,0.49824947118759155
YNL085W,YOR209C,0,0.91910034,0.15559321641921997,0.9152542352676392,0.49834951758384705
YNL131W,YLR330W,0,0.91769826,0.15556685626506805,0.9152542352676392,0.49844953417778015
YIL142W,YCL003W,0,0.91699046,0.15554049611091614,0.9152542352676392,0.49854955077171326
YPR198W,YGL216W,0,0.9164026,0.15551415085792542,0.9152542352676392,0.49864959716796875
YDR254W,YJL006C,0,0.914958,0.1554878056049347,0.9152542352676392,0.49874961376190186
YKL205W,YCR055C,0,0.91462886,0.15546147525310516,0.9152542352676392,0.49884966015815735
YER151C,YJL225C,0,0.9145338,0.15543514490127563,0.9152542352676392,0.49894967675209045
YOR216C,YJL085W,0,0.9144991,0.1554088443517685,0.9152542352676392,0.49904972314834595
YNL044W,YJL206C,0,0.9144362,0.15538252890110016,0.9152542352676392,0.49914973974227905
YDR454C,YDL208W,0,0.9135577,0.1553562432527542,0.9152542352676392,0.49924978613853455
YGR221C,YNL078W,0,0.91301876,0.15532994270324707,0.9152542352676392,0.49934980273246765
YMR267W,YNL092W,0,0.912954,0.15530367195606232,0.9152542352676392,0.49944984912872314
YLR289W,YPL027W,0,0.91286576,0.15527740120887756,0.9152542352676392,0.49954986572265625
YMR227C,YIL046W,0,0.91286457,0.155251145362854,0.9152542352676392,0.49964988231658936
YPL042C,YOR292C,0,0.9119992,0.15522488951683044,0.9152542352676392,0.49974992871284485
YAL022C,YPL082C,0,0.91138864,0.15519864857196808,0.9152542352676392,0.49984994530677795
YKL190W,YDR449C,0,0.91118735,0.1551724076271057,0.9152542352676392,0.49994999170303345
YOR159C,YNL117W,0,0.9104328,0.15514618158340454,0.9152542352676392,0.5000500082969666
YLR020C,YBR192W,0,0.91038835,0.15511997044086456,0.9152542352676392,0.5001500248908997
YMR200W,YOR265W,1,0.91013783,0.15526270866394043,0.9162512421607971,0.5001500248908997
YCR093W,YOR142W,0,0.9092225,0.15523648262023926,0.9162512421607971,0.5002501010894775
YJL034W,YHR142W,1,0.90898484,0.15537916123867035,0.9172482490539551,0.5002501010894775
YNR072W,YLL043W,0,0.90714926,0.15535292029380798,0.9172482490539551,0.5003501176834106
YOR301W,YOR008C,0,0.9065109,0.1553266942501068,0.9172482490539551,0.5004501342773438
YOR292C,YNL262W,0,0.90592146,0.15530046820640564,0.9172482490539551,0.5005501508712769
YNL131W,YCL057W,0,0.9039353,0.15527425706386566,0.9172482490539551,0.50065016746521
YHR211W,YPL244C,0,0.9027506,0.15524806082248688,0.9172482490539551,0.5007502436637878
YDR076W,YCL034W,0,0.90260625,0.1552218645811081,0.9172482490539551,0.500850260257721
YNL231C,YDL225W,0,0.9025706,0.1551956832408905,0.9172482490539551,0.500950276851654
YMR146C,YIL017W,0,0.902449,0.1551695019006729,0.9172482490539551,0.5010502934455872
YJL073W,YMR214W,1,0.9019083,0.1553119719028473,0.918245255947113,0.5010502934455872
YIL135C,YLR278C,0,0.9016071,0.1552857905626297,0.918245255947113,0.501150369644165
YEL012W,YBR222C,0,0.90146124,0.1552596092224121,0.918245255947113,0.5012503862380981
YOR142W,YNL290W,0,0.90092325,0.1552334427833557,0.918245255947113,0.5013504028320312
YDR460W,YNL016W,0,0.90051454,0.15520727634429932,0.918245255947113,0.5014504194259644
YER168C,YAL040C,0,0.8994583,0.1551811248064041,0.918245255947113,0.5015504360198975
YJL214W,YJL095W,0,0.89866567,0.1551549881696701,0.918245255947113,0.5016505122184753
YDR137W,YNL092W,0,0.89841497,0.1551288515329361,0.918245255947113,0.5017505288124084
YML032C,YGR251W,0,0.89800096,0.15510272979736328,0.918245255947113,0.5018505454063416
YGR095C,YER002W,0,0.89794844,0.15507660806179047,0.918245255947113,0.5019505620002747
YMR008C,YKL064W,0,0.8978398,0.15505050122737885,0.918245255947113,0.5020506381988525
YLL033W,YER190W,0,0.89750624,0.15502440929412842,0.918245255947113,0.5021506547927856
YOR054C,YJL066C,0,0.8974744,0.154998317360878,0.918245255947113,0.5022506713867188
YPL078C,YNL284C,0,0.8973988,0.15497224032878876,0.918245255947113,0.5023506879806519
YMR176W,YGL203C,0,0.8960478,0.15494616329669952,0.918245255947113,0.5024507641792297
YAL016W,YMR087W,0,0.8956027,0.15492010116577148,0.918245255947113,0.5025507807731628
YBR223C,YOR187W,0,0.89532137,0.15489403903484344,0.918245255947113,0.502650797367096
YKL009W,YNL147W,0,0.8952707,0.1548680067062378,0.918245255947113,0.502750813961029
YBR177C,YJL149W,0,0.8952111,0.15484195947647095,0.918245255947113,0.5028508305549622
YPR072W,YOR349W,0,0.89510643,0.1548159420490265,0.918245255947113,0.50295090675354
YLR452C,YOR176W,0,0.8950726,0.15478990972042084,0.918245255947113,0.5030509233474731
YNL095C,YNL182C,0,0.8950193,0.15476390719413757,0.918245255947113,0.5031509399414062
YDR212W,YNR028W,1,0.89438295,0.15490591526031494,0.919242262840271,0.5031509399414062
YGR085C,YPL112C,0,0.89277124,0.15487989783287048,0.919242262840271,0.5032509565353394
YBR120C,YER087C-B,0,0.89243484,0.15485388040542603,0.919242262840271,0.5033510327339172
YLR191W,YPR125W,0,0.8911997,0.15482787787914276,0.919242262840271,0.5034510493278503
YGL180W,YMR145C,0,0.8910256,0.1548018753528595,0.919242262840271,0.5035510659217834
YHR211W,YNR003C,0,0.89000654,0.15477588772773743,0.919242262840271,0.5036510825157166
YEL040W,YKL015W,0,0.8895359,0.15474991500377655,0.919242262840271,0.5037510991096497
YKL168C,YPL208W,0,0.8888358,0.15472394227981567,0.919242262840271,0.5038511753082275
YPL078C,YBR192W,0,0.88876903,0.154697984457016,0.919242262840271,0.5039511919021606
YGR032W,YHR058C,0,0.88838816,0.1546720415353775,0.919242262840271,0.5040512084960938
YLL029W,YHL012W,0,0.8882644,0.154646098613739,0.919242262840271,0.5041512250900269
YDR083W,YJL006C,0,0.8881342,0.15462015569210052,0.919242262840271,0.5042513012886047
YPL151C,YDL148C,0,0.8873857,0.15459422767162323,0.919242262840271,0.5043513178825378
YOR279C,YOL158C,0,0.8870935,0.15456831455230713,0.919242262840271,0.504451334476471
YMR137C,YDR207C,0,0.8869609,0.15454240143299103,0.919242262840271,0.504551351070404
YGL200C,YNL010W,0,0.8862102,0.15451650321483612,0.919242262840271,0.5046513676643372
YNL231C,YMR090W,0,0.88537586,0.1544906198978424,0.919242262840271,0.504751443862915
YKL126W,YFL013C,0,0.88494754,0.1544647365808487,0.919242262840271,0.5048514604568481
YPL139C,YOR216C,0,0.8847471,0.15443886816501617,0.919242262840271,0.5049514770507812
YDR146C,YDL140C,0,0.88446844,0.15441299974918365,0.919242262840271,0.5050514936447144
YML078W,YPL221W,1,0.8844444,0.1545545905828476,0.920239269733429,0.5050514936447144
YOL038W,YMR228W,0,0.8839836,0.15452870726585388,0.920239269733429,0.5051515698432922
YKL130C,YBR074W,0,0.88298863,0.15450283885002136,0.920239269733429,0.5052515864372253
YCL003W,YKR044W,0,0.8818675,0.15447698533535004,0.920239269733429,0.5053516030311584
YLR350W,YOR008C,0,0.88172716,0.1544511318206787,0.920239269733429,0.5054516196250916
YFR013W,YPR190C,0,0.8806688,0.15442529320716858,0.920239269733429,0.5055516362190247
YHR004C,YKL165C,0,0.88033724,0.15439946949481964,0.920239269733429,0.5056517124176025
YIL143C,YFR031C,0,0.88017064,0.1543736457824707,0.920239269733429,0.5057517290115356
YGL094C,YNL052W,0,0.87958306,0.15434782207012177,0.920239269733429,0.5058517456054688
YOL066C,YGR020C,0,0.8792753,0.15432201325893402,0.920239269733429,0.5059517621994019
YJL192C,YNR015W,0,0.87854743,0.15429621934890747,0.920239269733429,0.5060518383979797
YJR107W,YDR090C,0,0.87445056,0.15427044034004211,0.920239269733429,0.5061518549919128
YMR117C,YIL095W,0,0.8743883,0.15424464643001556,0.920239269733429,0.506251871585846
YFR031C,YHR175W,0,0.87387764,0.1542188823223114,0.920239269733429,0.506351888179779
YOR219C,YPL196W,0,0.87330914,0.15419311821460724,0.920239269733429,0.5064519643783569
YMR269W,YGR072W,0,0.87003577,0.15416736900806427,0.920239269733429,0.50655198097229
YMR180C,YLR016C,0,0.8689157,0.1541416198015213,0.920239269733429,0.5066519975662231
YGR085C,YNL175C,0,0.86820483,0.15411588549613953,0.920239269733429,0.5067520141601562
YJR149W,YJL053W,0,0.8678448,0.15409015119075775,0.920239269733429,0.5068520307540894
YLR080W,YAL024C,0,0.86750776,0.15406443178653717,0.920239269733429,0.5069521069526672
YER013W,YNR060W,0,0.8666749,0.1540387123823166,0.920239269733429,0.5070521235466003
YNL153C,YNL050C,0,0.86653984,0.1540130078792572,0.920239269733429,0.5071521401405334
YGL004C,YGR222W,0,0.8660164,0.153987318277359,0.920239269733429,0.5072521567344666
YMR160W,YDR109C,0,0.8654028,0.15396162867546082,0.920239269733429,0.5073522329330444
YHR030C,YHR214C-B,0,0.8652401,0.15393595397472382,0.920239269733429,0.5074522495269775
YIL143C,YEL022W,0,0.8647468,0.153910294175148,0.920239269733429,0.5075522661209106
YCL025C,YNL219C,0,0.8641,0.1538846343755722,0.920239269733429,0.5076522827148438
YBL098W,YMR239C,0,0.8636373,0.1538589745759964,0.920239269733429,0.5077522993087769
YPL213W,YOR283W,0,0.8623775,0.1538333296775818,0.920239269733429,0.5078523755073547
YIL135C,YOL052C,0,0.861657,0.15380769968032837,0.920239269733429,0.5079523921012878
YER165W,YBR192W,0,0.86141306,0.15378206968307495,0.920239269733429,0.508052408695221
YMR267W,YNR072W,0,0.860883,0.15375645458698273,0.920239269733429,0.508152425289154
YOR147W,YKL085W,0,0.8598995,0.1537308394908905,0.920239269733429,0.5082525014877319
YGR225W,YPR135W,0,0.8595611,0.15370523929595947,0.920239269733429,0.508352518081665
YFR031C,YDR072C,0,0.8588501,0.15367965400218964,0.920239269733429,0.5084525346755981
YJR032W,YEL003W,1,0.85838604,0.15382054448127747,0.9212362766265869,0.5084525346755981
YKL013C,YDR140W,0,0.8583083,0.15379494428634644,0.9212362766265869,0.5085525512695312
YNL231C,YMR270C,0,0.85806584,0.1537693440914154,0.9212362766265869,0.5086525678634644
YJR057W,YLR330W,0,0.8579017,0.15374375879764557,0.9212362766265869,0.5087526440620422
YER125W,YJL128C,0,0.8577512,0.15371818840503693,0.9212362766265869,0.5088526606559753
YMR032W,YGR012W,0,0.85752755,0.15369261801242828,0.9212362766265869,0.5089526772499084
YEL030W,YKR035W-A,0,0.85713494,0.15366704761981964,0.9212362766265869,0.5090526938438416
YLR183C,YHR135C,0,0.8570653,0.1536415070295334,0.9212362766265869,0.5091527700424194
YDR411C,YNR074C,0,0.8570371,0.15361596643924713,0.9212362766265869,0.5092527866363525
YNL026W,YFR052W,0,0.8567961,0.15359042584896088,0.9212362766265869,0.5093528032302856
YMR123W,YBR274W,0,0.85594064,0.15356490015983582,0.9212362766265869,0.5094528198242188
YEL036C,YKL172W,0,0.85555613,0.15353937447071075,0.9212362766265869,0.5095528364181519
YIL002C,YGL186C,0,0.85529053,0.15351387858390808,0.9212362766265869,0.5096529126167297
YOR106W,YBR170C,0,0.8550385,0.1534883677959442,0.9212362766265869,0.5097529292106628
YJR070C,YER022W,0,0.8544144,0.15346288681030273,0.9212362766265869,0.509852945804596
YMR319C,YOR085W,0,0.85351783,0.15343739092350006,0.9212362766265869,0.509952962398529
YLR009W,YDR170C,0,0.85318315,0.15341192483901978,0.9212362766265869,0.5100530385971069
YLR425W,YBR243C,0,0.85240096,0.1533864587545395,0.9212362766265869,0.51015305519104
YJL155C,YOR215C,0,0.85236675,0.1533609926700592,0.9212362766265869,0.5102530717849731
YJL124C,YNL307C,0,0.85086006,0.1533355414867401,0.9212362766265869,0.5103530883789062
YER101C,YDR364C,0,0.84964234,0.15331010520458221,0.9212362766265869,0.5104531645774841
YOL102C,YLR309C,0,0.8493458,0.15328466892242432,0.9212362766265869,0.5105531811714172
YOR219C,YIL076W,0,0.849162,0.1532592475414276,0.9212362766265869,0.5106531977653503
YDR263C,YJR031C,0,0.8490336,0.1532338261604309,0.9212362766265869,0.5107532143592834
YER055C,YER087C-B,0,0.8480406,0.1532084196805954,0.9212362766265869,0.5108532309532166
YPL213W,YDR444W,0,0.8478794,0.15318302810192108,0.9212362766265869,0.5109533071517944
YEL037C,YHR057C,0,0.84713054,0.15315763652324677,0.9212362766265869,0.5110533237457275
YER013W,YBL076C,0,0.84701,0.15313224494457245,0.9212362766265869,0.5111533403396606
YML032C,YPR125W,0,0.8468682,0.15310688316822052,0.9212362766265869,0.5112533569335938
YIL079C,YER190W,0,0.8461998,0.1530815064907074,0.9212362766265869,0.5113534331321716
YIL021W,YJL171C,0,0.845826,0.15305615961551666,0.9212362766265869,0.5114534497261047
YMR075W,YHR051W,0,0.84582365,0.15303079783916473,0.9212362766265869,0.5115534663200378
YPR080W,YBR031W,0,0.8456385,0.1530054658651352,0.9212362766265869,0.511653482913971
YDR492W,YGL259W,0,0.84540844,0.15298013389110565,0.9212362766265869,0.511753499507904
YNL095C,YBL098W,0,0.8452482,0.1529548019170761,0.9212362766265869,0.5118535757064819
YGR246C,YAL039C,0,0.8444892,0.15292949974536896,0.9212362766265869,0.511953592300415
YBR182C,YIL080W,0,0.8442297,0.1529041826725006,0.9212362766265869,0.5120536088943481
YAL017W,YER046W,0,0.84403074,0.15287889540195465,0.9212362766265869,0.5121536254882812
YMR087W,YHR109W,0,0.8432405,0.1528535932302475,0.9212362766265869,0.5122537016868591
YNL138W,YOL151W,0,0.8424225,0.15282832086086273,0.9212362766265869,0.5123537182807922
YDR167W,YDR222W,0,0.84218276,0.15280304849147797,0.9212362766265869,0.5124537348747253
YMR008C,YHR004C,0,0.84097755,0.1527777761220932,0.9212362766265869,0.5125537514686584
YAL053W,YDR155C,1,0.84095824,0.15291783213615417,0.9222332835197449,0.5125537514686584
YIR011C,YDR131C,0,0.83991456,0.1528925597667694,0.9222332835197449,0.5126537680625916
YMR090W,YGR239C,0,0.8395185,0.15286728739738464,0.9222332835197449,0.5127538442611694
YGL122C,YMR193W,0,0.8393043,0.15284202992916107,0.9222332835197449,0.5128538608551025
YML051W,YNL027W,0,0.83840084,0.1528167873620987,0.9222332835197449,0.5129538774490356
YPL273W,YDR496C,0,0.83734953,0.15279154479503632,0.9222332835197449,0.5130538940429688
YLR009W,YEL056W,0,0.8359115,0.15276630222797394,0.9222332835197449,0.5131539702415466
YBR095C,YIL133C,0,0.83571047,0.15274108946323395,0.9222332835197449,0.5132539868354797
YNL095C,YOL107W,0,0.83538866,0.15271586179733276,0.9222332835197449,0.5133540034294128
YNL258C,YML036W,0,0.83473814,0.15269066393375397,0.9222332835197449,0.513454020023346
YNL208W,YER137C,0,0.83453983,0.15266545116901398,0.9222332835197449,0.513554036617279
YHR059W,YPL244C,0,0.83304715,0.15264026820659637,0.9222332835197449,0.5136541128158569
YDL133C-A,YGR143W,0,0.8329236,0.15261508524417877,0.9222332835197449,0.51375412940979
YJR051W,YOR038C,0,0.8326163,0.15258990228176117,0.9222332835197449,0.5138541460037231
YDR423C,YBR115C,0,0.8312149,0.15256473422050476,0.9222332835197449,0.5139541625976562
YHR211W,YFR001W,0,0.8305466,0.15253958106040955,0.9222332835197449,0.5140542387962341
YOL165C,YKL203C,0,0.830449,0.15251442790031433,0.9222332835197449,0.5141542553901672
YNL131W,YNL273W,0,0.8301923,0.1524892896413803,0.9222332835197449,0.5142542719841003
YPL122C,YOR099W,0,0.82912624,0.1524641513824463,0.9222332835197449,0.5143542885780334
YPR191W,YNL182C,0,0.82808036,0.15243902802467346,0.9222332835197449,0.5144543647766113
YDR254W,YLR301W,0,0.8280664,0.15241390466690063,0.9222332835197449,0.5145543813705444
YNR057C,YPL007C,0,0.8280051,0.152388796210289,0.9222332835197449,0.5146543979644775
YFR033C,YDL045C,0,0.82779783,0.15236370265483856,0.9222332835197449,0.5147544145584106
YOR323C,YBR128C,0,0.8263265,0.15233860909938812,0.9222332835197449,0.5148544311523438
YMR123W,YFR031C,0,0.8262257,0.15231351554393768,0.9222332835197449,0.5149545073509216
YBR177C,YPR127W,0,0.82579833,0.15228843688964844,0.9222332835197449,0.5150545239448547
YNL314W,YLR183C,0,0.82485723,0.15226337313652039,0.9222332835197449,0.5151545405387878
YDL133C-A,YMR213W,0,0.8246821,0.15223830938339233,0.9222332835197449,0.515254557132721
YGR251W,YIL046W,0,0.823913,0.15221326053142548,0.9222332835197449,0.5153546333312988
YER175C,YDL024C,0,0.8237815,0.1521882265806198,0.9222332835197449,0.5154546499252319
YPL213W,YCR097WB,0,0.8235848,0.15216317772865295,0.9222332835197449,0.515554666519165
YGR036C,YOL043C,0,0.8231596,0.15213815867900848,0.9222332835197449,0.5156546831130981
YHR012W,YFL013C,0,0.8228926,0.152113139629364,0.9222332835197449,0.5157546997070312
YFL048C,YCR055C,0,0.8219288,0.15208813548088074,0.9222332835197449,0.5158547759056091
YBR278W,YMR270C,0,0.8211785,0.15206313133239746,0.9222332835197449,0.5159547924995422
YMR019W,YJL213W,0,0.8209841,0.15203812718391418,0.9222332835197449,0.5160548090934753
YPL200W,YKL015W,0,0.8204853,0.1520131528377533,0.9222332835197449,0.5161548256874084
YDL121C,YOL090W,0,0.8204345,0.1519881635904312,0.9222332835197449,0.5162549018859863
YDR262W,YKL095W,0,0.8200178,0.15196320414543152,0.9222332835197449,0.5163549184799194
YKL217W,YDL045C,0,0.8196753,0.15193824470043182,0.9222332835197449,0.5164549350738525
YDL217C,YMR321C,0,0.81944346,0.15191328525543213,0.9222332835197449,0.5165549516677856
YBR274W,YOL093W,0,0.8185854,0.15188834071159363,0.9222332835197449,0.5166549682617188
YNL131W,YJL006C,0,0.8183837,0.15186341106891632,0.9222332835197449,0.5167550444602966
YGL050W,YBR074W,0,0.81830335,0.151838481426239,0.9222332835197449,0.5168550610542297
YKL200C,YHR079C,0,0.81812805,0.1518135517835617,0.9222332835197449,0.5169550776481628
YLL051C,YAL029C,0,0.8175945,0.1517886519432068,0.9222332835197449,0.517055094242096
YDR351W,YAL040C,0,0.81753176,0.15176373720169067,0.9222332835197449,0.5171551704406738
YML132W,YER115C,0,0.8171766,0.15173885226249695,0.9222332835197449,0.5172551870346069
YMR054W,YKR101W,0,0.8164172,0.15171395242214203,0.9222332835197449,0.51735520362854
YEL053C,YJL004C,0,0.81609464,0.1516890823841095,0.9222332835197449,0.5174552202224731
YER101C,YDR262W,0,0.81592894,0.15166421234607697,0.9222332835197449,0.5175552368164062
YDL055C,YBR031W,0,0.8155993,0.15163934230804443,0.9222332835197449,0.5176553130149841
YBR275C,YKL172W,0,0.81554055,0.1516144871711731,0.9222332835197449,0.5177553296089172
YPL064C,YJR046W,1,0.81491476,0.1517535299062729,0.9232302904129028,0.5177553296089172
YGR252W,YPL042C,0,0.8148405,0.15172865986824036,0.9232302904129028,0.5178553462028503
YBR261C,YOR382W,0,0.8145763,0.15170380473136902,0.9232302904129028,0.5179553627967834
YGR145W,YIR005W,0,0.81454957,0.15167894959449768,0.9232302904129028,0.5180554389953613
YGR225W,YLR321C,0,0.81392026,0.15165410935878754,0.9232302904129028,0.5181554555892944
YMR077C,YOR299W,0,0.8132616,0.1516292840242386,0.9232302904129028,0.5182554721832275
YPL119C,YFL013C,0,0.8121371,0.15160445868968964,0.9232302904129028,0.5183554887771606
YDR414C,YHL012W,0,0.81181216,0.15157963335514069,0.9232302904129028,0.5184555649757385
YDR030C,YJR005W,0,0.8113145,0.15155482292175293,0.9232302904129028,0.5185555815696716
YIL139C,YPL112C,0,0.8111998,0.15153002738952637,0.9232302904129028,0.5186555981636047
YDR473C,YPR091C,0,0.81071866,0.1515052318572998,0.9232302904129028,0.5187556147575378
YNL232W,YMR240C,0,0.81040025,0.15148045122623444,0.9232302904129028,0.518855631351471
YDR310C,YJR112W,0,0.8102743,0.15145567059516907,0.9232302904129028,0.5189557075500488
YMR269W,YIL159W,0,0.81004757,0.1514309048652649,0.9232302904129028,0.5190557241439819
YFL038C,YPL112C,0,0.8099359,0.1514061540365219,0.9232302904129028,0.519155740737915
YDL171C,YLR386W,0,0.80934244,0.15138140320777893,0.9232302904129028,0.5192557573318481
YJR082C,YDR494W,0,0.808757,0.15135665237903595,0.9232302904129028,0.519355833530426
YBR223C,YDR423C,0,0.8083502,0.15133191645145416,0.9232302904129028,0.5194558501243591
YNR035C,YBR243C,0,0.8081187,0.15130719542503357,0.9232302904129028,0.5195558667182922
YDR499W,YOL038W,0,0.8081063,0.15128247439861298,0.9232302904129028,0.5196558833122253
YDR527W,YOR353C,0,0.8066184,0.15125775337219238,0.9232302904129028,0.5197558999061584
YLR390W,YLR145W,0,0.806164,0.15123306214809418,0.9232302904129028,0.5198559761047363
YLR344W,YIL035C,0,0.8060368,0.15120835602283478,0.9232302904129028,0.5199559926986694
YEL053C,YDR151C,0,0.80521774,0.15118367969989777,0.9232302904129028,0.5200560092926025
YJL111W,YNR028W,1,0.8047701,0.15132223069667816,0.9242272973060608,0.5200560092926025
YDL107W,YPR091C,0,0.8041929,0.15129753947257996,0.9242272973060608,0.5201560258865356
YJL087C,YJL053W,0,0.8040914,0.15127284824848175,0.9242272973060608,0.5202561020851135
YDR423C,YOR324C,0,0.8040703,0.15124815702438354,0.9242272973060608,0.5203561186790466
YBR274W,YBR276C,0,0.80391335,0.15122349560260773,0.9242272973060608,0.5204561352729797
YMR114C,YOR251C,0,0.8037145,0.15119881927967072,0.9242272973060608,0.5205561518669128
YOL142W,YAL039C,0,0.803457,0.1511741727590561,0.9242272973060608,0.520656168460846
YHR060W,YPL050C,0,0.8032598,0.15114952623844147,0.9242272973060608,0.5207562446594238
YML028W,YMR200W,0,0.80301064,0.15112487971782684,0.9242272973060608,0.5208562612533569
YCR087C-A,YER052C,0,0.8021736,0.1511002480983734,0.9242272973060608,0.52095627784729
YPR144C,YDR170C,0,0.80176467,0.15107561647891998,0.9242272973060608,0.5210562944412231
YJL140W,YHR156C,0,0.8013504,0.15105099976062775,0.9242272973060608,0.521156370639801
YDL077C,YMR075W,0,0.8008943,0.1510263979434967,0.9242272973060608,0.5212563872337341
YNL283C,YOR025W,0,0.7996304,0.15100179612636566,0.9242272973060608,0.5213564038276672
YDR415C,YNL006W,0,0.7992424,0.15097719430923462,0.9242272973060608,0.5214564204216003
YLR191W,YDR172W,0,0.799149,0.15095260739326477,0.9242272973060608,0.5215564966201782
YGL158W,YOR275C,0,0.79765165,0.15092803537845612,0.9242272973060608,0.5216565132141113
YLL019C,YFL001W,0,0.7963989,0.15090346336364746,0.9242272973060608,0.5217565298080444
YNL153C,YOR148C,0,0.7962032,0.15087890625,0.9242272973060608,0.5218565464019775
YMR020W,YGR238C,0,0.7962012,0.15085434913635254,0.9242272973060608,0.5219565629959106
YDL111C,YBR061C,0,0.7940575,0.15082980692386627,0.9242272973060608,0.5220566391944885
YLR157C,YLR350W,0,0.7937751,0.15080526471138,0.9242272973060608,0.5221566557884216
YDR476C,YHR058C,0,0.79244894,0.15078073740005493,0.9242272973060608,0.5222566723823547
YGR199W,YLR028C,0,0.79088587,0.15075622498989105,0.9242272973060608,0.5223566889762878
YGL186C,YDL029W,0,0.79027015,0.15073171257972717,0.9242272973060608,0.5224567651748657
YJR057W,YML071C,0,0.7899667,0.1507072001695633,0.9242272973060608,0.5225567817687988
YJR021C,YCR046C,0,0.78939986,0.1506827026605606,0.9242272973060608,0.5226567983627319
YOR212W,YBR223C,0,0.7892381,0.15065822005271912,0.9242272973060608,0.522756814956665
YJR036C,YDR222W,0,0.78908575,0.15063373744487762,0.9242272973060608,0.5228568315505981
YKL119C,YKL096W-A,0,0.7890849,0.15060925483703613,0.9242272973060608,0.522956907749176
YER017C,YLR389C,0,0.78895587,0.15058480203151703,0.9242272973060608,0.5230569243431091
YLR191W,YKR054C,0,0.7886669,0.15056033432483673,0.9242272973060608,0.5231569409370422
YHR175W,YGR112W,0,0.78809476,0.15053588151931763,0.9242272973060608,0.5232569575309753
YBR129C,YJL171C,0,0.7879914,0.15051144361495972,0.9242272973060608,0.5233570337295532
YLR197W,YNL175C,0,0.7877506,0.1504870057106018,0.9242272973060608,0.5234570503234863
YPR002W,YJR063W,0,0.7871022,0.1504625827074051,0.9242272973060608,0.5235570669174194
YIL134W,YFL057C,0,0.787008,0.15043817460536957,0.9242272973060608,0.5236570835113525
YDL246C,YKR002W,0,0.78684723,0.15041376650333405,0.9242272973060608,0.5237571001052856
YLL051C,YIL080W,0,0.78659225,0.15038935840129852,0.9242272973060608,0.5238571763038635
YGL004C,YDR260C,0,0.78606904,0.1503649652004242,0.9242272973060608,0.5239571928977966
YBL011W,YJL117W,0,0.7857691,0.15034057199954987,0.9242272973060608,0.5240572094917297
YIR025W,YGR077C,0,0.7856698,0.15031619369983673,0.9242272973060608,0.5241572260856628
YBR042C,YAR031W,0,0.7846311,0.1502918303012848,0.9242272973060608,0.5242573022842407
YNL016W,YDR416W,0,0.7842176,0.15026746690273285,0.9242272973060608,0.5243573188781738
YDL111C,YBR074W,0,0.7822927,0.1502431184053421,0.9242272973060608,0.5244573354721069
YBL041W,YKL203C,0,0.7822591,0.15021876990795135,0.9242272973060608,0.52455735206604
YDL039C,YEL056W,0,0.7819545,0.1501944214105606,0.9242272973060608,0.5246573686599731
YOR338W,YDL225W,0,0.7805021,0.15017010271549225,0.9242272973060608,0.524757444858551
YCL018W,YMR321C,0,0.78045624,0.1501457691192627,0.9242272973060608,0.5248574614524841
YLR129W,YGL259W,0,0.7802113,0.15012145042419434,0.9242272973060608,0.5249574780464172
YLR447C,YGR167W,0,0.78008413,0.15009714663028717,0.9242272973060608,0.5250574946403503
YKR054C,YDR207C,0,0.7798698,0.1500728577375412,0.9242272973060608,0.5251575708389282
YBR170C,YJL117W,0,0.7796105,0.15004855394363403,0.9242272973060608,0.5252575874328613
YDR405W,YDR416W,0,0.7795644,0.15002427995204926,0.9242272973060608,0.5253576040267944
YHR066W,YNL138W,0,0.7791499,0.15000000596046448,0.9242272973060608,0.5254576206207275
YJL081C,YPR030W,0,0.778675,0.1499757319688797,0.9242272973060608,0.5255576968193054
YGR036C,YDL078C,0,0.7786331,0.14995147287845612,0.9242272973060608,0.5256577134132385
YMR020W,YOL004W,0,0.7782594,0.14992721378803253,0.9242272973060608,0.5257577300071716
YNL127W,YOR388C,0,0.7781963,0.14990296959877014,0.9242272973060608,0.5258577466011047
YPR083W,YJL149W,0,0.7770822,0.14987874031066895,0.9242272973060608,0.5259577631950378
YGR281W,YLR043C,0,0.77624696,0.14985451102256775,0.9242272973060608,0.5260578393936157
YER008C,YMR228W,0,0.77620506,0.14983029663562775,0.9242272973060608,0.5261578559875488
YHR077C,YIR032C,0,0.77612305,0.14980608224868774,0.9242272973060608,0.5262578725814819
YJL134W,YJR031C,0,0.7756566,0.14978186786174774,0.9242272973060608,0.526357889175415
YIL140W,YMR075W,0,0.7747478,0.14975766837596893,0.9242272973060608,0.5264579653739929
YDL084W,YFL023W,0,0.77358127,0.14973348379135132,0.9242272973060608,0.526557981967926
YMR227C,YDR260C,0,0.773427,0.1497092992067337,0.9242272973060608,0.5266579985618591
YER049W,YNR017W,0,0.7731341,0.14968512952327728,0.9242272973060608,0.5267580151557922
YOR142W,YBL089W,0,0.773065,0.14966095983982086,0.9242272973060608,0.5268580317497253
YNL121C,YAL031C,0,0.7729895,0.14963680505752563,0.9242272973060608,0.5269581079483032
YHR066W,YBR187W,0,0.77283376,0.1496126502752304,0.9242272973060608,0.5270581245422363
YDR131C,YER019C-A,0,0.7725053,0.14958851039409637,0.9242272973060608,0.5271581411361694
YBR287W,YGR271W,0,0.7723305,0.14956437051296234,0.9242272973060608,0.5272581577301025
YOR212W,YLR314C,0,0.77167594,0.1495402455329895,0.9242272973060608,0.5273582339286804
YDR449C,YOR215C,0,0.7708321,0.14951613545417786,0.9242272973060608,0.5274582505226135
YHR079C,YGL103W,0,0.76971245,0.14949201047420502,0.9242272973060608,0.5275582671165466
YGL186C,YEL037C,0,0.7696239,0.14946791529655457,0.9242272973060608,0.5276582837104797
YMR087W,YOR089C,0,0.7687295,0.1494438201189041,0.9242272973060608,0.5277583003044128
YOR297C,YJL081C,0,0.7678417,0.14941972494125366,0.9242272973060608,0.5278583765029907
YDL215C,YJL172W,0,0.76760185,0.1493956446647644,0.9242272973060608,0.5279583930969238
YHL034C,YBL079W,0,0.76610255,0.14937157928943634,0.9242272973060608,0.5280584096908569
YMR241W,YDR083W,0,0.7660308,0.14934751391410828,0.9242272973060608,0.52815842628479
YDR151C,YDR109C,0,0.7648187,0.1493234485387802,0.9242272973060608,0.5282585024833679
YDR131C,YNR021W,0,0.7647127,0.14929939806461334,0.9242272973060608,0.528358519077301
YJR051W,YLR404W,0,0.7642311,0.14927536249160767,0.9242272973060608,0.5284585356712341
YDL216C,YKL003C,0,0.7640649,0.149251326918602,0.9242272973060608,0.5285585522651672
YPL127C,YOR084W,0,0.76369536,0.1492273062467575,0.9242272973060608,0.5286585688591003
YNR031C,YGR105W,0,0.76349986,0.14920328557491302,0.9242272973060608,0.5287586450576782
YIL083C,YLR301W,0,0.7631613,0.14917927980422974,0.9242272973060608,0.5288586616516113
YDR164C,YMR213W,0,0.7623445,0.14915527403354645,0.9242272973060608,0.5289586782455444
YDL107W,YBL091C-A,0,0.76226616,0.14913126826286316,0.9242272973060608,0.5290586948394775
YGR214W,YER137C,0,0.76168334,0.14910729229450226,0.9242272973060608,0.5291587710380554
YGR105W,YGL241W,0,0.76158726,0.14908330142498016,0.9242272973060608,0.5292587876319885
YDR473C,YNR010W,0,0.76154405,0.14905934035778046,0.9242272973060608,0.5293588042259216
YDR167W,YDL170W,0,0.7613536,0.14903536438941956,0.9242272973060608,0.5294588208198547
YHR179W,YPR127W,0,0.7605598,0.14901141822338104,0.9242272973060608,0.5295588970184326
YJL011C,YLL012W,0,0.7600245,0.14898745715618134,0.9242272973060608,0.5296589136123657
YGL244W,YPR119W,0,0.7599522,0.14896352589130402,0.9242272973060608,0.5297589302062988
YGR229C,YDR416W,0,0.75943696,0.1489395946264267,0.9242272973060608,0.5298589468002319
YMR112C,YGL225W,0,0.75904113,0.14891566336154938,0.9242272973060608,0.529958963394165
YMR013C,YJL024C,0,0.7589781,0.14889174699783325,0.9242272973060608,0.5300590395927429
YJR147W,YBR282W,0,0.758315,0.14886783063411713,0.9242272973060608,0.530159056186676
YLR289W,YDL225W,0,0.7578681,0.1488439291715622,0.9242272973060608,0.5302590727806091
YML051W,YMR319C,0,0.7568809,0.14882004261016846,0.9242272973060608,0.5303590893745422
YGL112C,YOR283W,0,0.75681293,0.14879614114761353,0.9242272973060608,0.5304591655731201
YDL047W,YKL172W,0,0.75602055,0.14877226948738098,0.9242272973060608,0.5305591821670532
YJL214W,YOR311C,0,0.75490457,0.14874839782714844,0.9242272973060608,0.5306591987609863
YHR176W,YAL053W,1,0.75418365,0.14888496696949005,0.9252243041992188,0.5306591987609863
YPR072W,YOR283W,0,0.7528238,0.1488610804080963,0.9252243041992188,0.5307592153549194
YMR033W,YLR224W,0,0.752612,0.14883720874786377,0.9252243041992188,0.5308592319488525
YPR200C,YMR228W,0,0.7525344,0.14881333708763123,0.9252243041992188,0.5309593081474304
YJL213W,YER137C,0,0.7520777,0.14878948032855988,0.9252243041992188,0.5310593247413635
YMR284W,YNR004W,0,0.75204563,0.14876562356948853,0.9252243041992188,0.5311593413352966
YEL069C,YOL004W,0,0.7517991,0.14874178171157837,0.9252243041992188,0.5312593579292297
YFL057C,YKL166C,0,0.75155723,0.1487179547548294,0.9252243041992188,0.5313594341278076
YDL202W,YDR494W,0,0.7510895,0.14869411289691925,0.9252243041992188,0.5314594507217407
YDL133C-A,YCR014C,0,0.75032145,0.14867030084133148,0.9252243041992188,0.5315594673156738
YOR145C,YNL010W,0,0.7502482,0.1486464887857437,0.9252243041992188,0.5316594839096069
YEL031W,YGR268C,0,0.74831283,0.14862267673015594,0.9252243041992188,0.53175950050354
YJR092W,YMR267W,0,0.7481818,0.14859887957572937,0.9252243041992188,0.5318595767021179
YPL094C,YJR040W,0,0.7475979,0.1485750824213028,0.9252243041992188,0.531959593296051
YHL012W,YLR206W,0,0.7465473,0.14855130016803741,0.9252243041992188,0.5320596098899841
YNL102W,YLR404W,0,0.7465196,0.14852753281593323,0.9252243041992188,0.5321596264839172
YJR032W,YKL015W,0,0.74465746,0.14850376546382904,0.9252243041992188,0.5322597026824951
YDR254W,YKL038W,0,0.7445924,0.14847999811172485,0.9252243041992188,0.5323597192764282
YOL070C,YIL139C,0,0.74330527,0.14845624566078186,0.9252243041992188,0.5324597358703613
YLR219W,YPL188W,0,0.74272907,0.14843250811100006,0.9252243041992188,0.5325597524642944
YNL147W,YPL011C,0,0.7419743,0.14840877056121826,0.9252243041992188,0.5326597690582275
YDR378C,YPR091C,0,0.7411967,0.14838503301143646,0.9252243041992188,0.5327598452568054
YNL006W,YMR161W,1,0.7396842,0.14852118492126465,0.9262213110923767,0.5327598452568054
YHR012W,YLR329W,0,0.739376,0.14849744737148285,0.9262213110923767,0.5328598618507385
YLR153C,YLR309C,0,0.7391496,0.14847370982170105,0.9262213110923767,0.5329598784446716
YHR179W,YDR415C,0,0.7388379,0.14844998717308044,0.9262213110923767,0.5330598950386047
YOR142W,YER090W,0,0.7377547,0.14842626452445984,0.9262213110923767,0.5331599712371826
YER098W,YKL003C,0,0.73719203,0.14840255677700043,0.9262213110923767,0.5332599878311157
YDL140C,YEL056W,0,0.73640615,0.14837884902954102,0.9262213110923767,0.5333600044250488
YNL147W,YLR164W,0,0.736304,0.1483551561832428,0.9262213110923767,0.5334600210189819
YAR035W,YJL149W,0,0.7355418,0.14833146333694458,0.9262213110923767,0.5335600972175598
YNL153C,YCR070W,1,0.73513675,0.14846743643283844,0.9272183179855347,0.5335600972175598
YDR072C,YPL274W,0,0.73513323,0.14844372868537903,0.9272183179855347,0.5336601138114929
YBR238C,YGL019W,0,0.73423177,0.148420050740242,0.9272183179855347,0.533760130405426
YMR033W,YJL085W,0,0.7341721,0.1483963578939438,0.9272183179855347,0.5338601469993591
YAL063C,YMR295C,0,0.7324347,0.14837267994880676,0.9272183179855347,0.5339601635932922
YFR033C,YDL047W,0,0.7313702,0.14834901690483093,0.9272183179855347,0.5340602397918701
YDR512C,YNL230C,0,0.7313697,0.1483253538608551,0.9272183179855347,0.5341602563858032
YNL080C,YLR042C,0,0.7311744,0.14830170571804047,0.9272183179855347,0.5342602729797363
YIL108W,YOL102C,0,0.73052585,0.14827805757522583,0.9272183179855347,0.5343602895736694
YOR243C,YDL061C,0,0.73022145,0.1482544243335724,0.9272183179855347,0.5344603657722473
YDL022W,YOR393W,0,0.7283382,0.14823079109191895,0.9272183179855347,0.5345603823661804
YFR031C,YKR002W,0,0.72794724,0.1482071727514267,0.9272183179855347,0.5346603989601135
YOR142W,YEL056W,0,0.7275853,0.14818355441093445,0.9272183179855347,0.5347604155540466
YPR001W,YDL040C,0,0.72731197,0.1481599509716034,0.9272183179855347,0.5348604321479797
YLL034C,YPR080W,0,0.72720766,0.14813634753227234,0.9272183179855347,0.5349605083465576
YNL095C,YNL121C,0,0.72710985,0.14811275899410248,0.9272183179855347,0.5350605249404907
YLR314C,YKR056W,0,0.72645545,0.14808917045593262,0.9272183179855347,0.5351605415344238
YCL025C,YDR140W,0,0.72608876,0.14806559681892395,0.9272183179855347,0.5352605581283569
YBR243C,YLR389C,0,0.72594476,0.14804202318191528,0.9272183179855347,0.5353606343269348
YBR195C,YPL098C,0,0.7257554,0.1480184644460678,0.9272183179855347,0.5354606509208679
YNL084C,YHR051W,0,0.7255827,0.14799490571022034,0.9272183179855347,0.535560667514801
YOR147W,YDR449C,0,0.7251961,0.14797136187553406,0.9272183179855347,0.5356606841087341
YPL151C,YDL015C,0,0.7245646,0.14794781804084778,0.9272183179855347,0.5357607007026672
YEL070W,YMR239C,0,0.723981,0.1479242891073227,0.9272183179855347,0.5358607769012451
YLR103C,YOR020C,0,0.72269315,0.1479007601737976,0.9272183179855347,0.5359607934951782
YCR093W,YNL147W,0,0.7221787,0.14787724614143372,0.9272183179855347,0.5360608100891113
YLR312W-A,YGR105W,0,0.7221056,0.14785373210906982,0.9272183179855347,0.5361608266830444
YCR087C-A,YLR016C,0,0.72182566,0.14783023297786713,0.9272183179855347,0.5362609028816223
YKL171W,YLR440C,0,0.7213361,0.14780673384666443,0.9272183179855347,0.5363609194755554
YBR006W,YNR004W,0,0.7178253,0.14778324961662292,0.9272183179855347,0.5364609360694885
YCR069W,YNL153C,1,0.7167206,0.14791865646839142,0.9282153248786926,0.5364609360694885
YPR144C,YJR147W,0,0.7164911,0.14789515733718872,0.9282153248786926,0.5365609526634216
YKR071C,YFL038C,0,0.7163896,0.14787165820598602,0.9282153248786926,0.5366609692573547
YCR014C,YDR226W,0,0.714791,0.1478481888771057,0.9282153248786926,0.5367610454559326
YOR239W,YHR168W,0,0.7147524,0.1478247046470642,0.9282153248786926,0.5368610620498657
YBR294W,YPR127W,0,0.71417093,0.1478012353181839,0.9282153248786926,0.5369610786437988
YDR159W,YDR472W,0,0.7139457,0.14777778089046478,0.9282153248786926,0.5370610952377319
YJR082C,YDL059C,0,0.7118073,0.14775432646274567,0.9282153248786926,0.5371611714363098
YLR295C,YCL018W,0,0.71160364,0.14773087203502655,0.9282153248786926,0.5372611880302429
YLR033W,YNL092W,0,0.7115425,0.14770744740962982,0.9282153248786926,0.537361204624176
YCR093W,YJL206C,0,0.7106539,0.1476840078830719,0.9282153248786926,0.5374612212181091
YJL155C,YML039W,0,0.71040434,0.14766058325767517,0.9282153248786926,0.537561297416687
YOL129W,YDR067C,0,0.7087799,0.14763717353343964,0.9282153248786926,0.5376613140106201
YJL117W,YIR004W,1,0.70874906,0.14777231216430664,0.9292123913764954,0.5376613140106201
YNL273W,YGL190C,0,0.70756483,0.1477488875389099,0.9292123913764954,0.5377613306045532
YGR167W,YMR203W,0,0.7069257,0.14772547781467438,0.9292123913764954,0.5378613471984863
YBL011W,YFR033C,0,0.7057293,0.14770205318927765,0.9292123913764954,0.5379613637924194
YBR177C,YOR216C,0,0.7046691,0.1476786583662033,0.9292123913764954,0.5380614399909973
YHR164C,YLL027W,0,0.7044429,0.14765526354312897,0.9292123913764954,0.5381614565849304
YNL010W,YPL252C,0,0.7043792,0.14763186872005463,0.9292123913764954,0.5382614731788635
YLR105C,YKL041W,0,0.70350945,0.14760848879814148,0.9292123913764954,0.5383614897727966
YBR278W,YDR494W,0,0.70281804,0.14758510887622833,0.9292123913764954,0.5384615659713745
YDL097C,YNL284C,0,0.70231324,0.14756174385547638,0.9292123913764954,0.5385615825653076
YOR071C,YFL001W,0,0.7017628,0.14753839373588562,0.9292123913764954,0.5386615991592407
YJL081C,YDL128W,0,0.7014238,0.14751504361629486,0.9292123913764954,0.5387616157531738
YOL070C,YEL031W,0,0.7010886,0.1474916934967041,0.9292123913764954,0.5388616323471069
YJR055W,YLR425W,0,0.69992894,0.14746835827827454,0.9292123913764954,0.5389617085456848
YPL151C,YHL027W,0,0.6991917,0.14744502305984497,0.9292123913764954,0.5390617251396179
YOL066C,YDR218C,0,0.6989462,0.1474217027425766,0.9292123913764954,0.539161741733551
YIL083C,YJL130C,0,0.6984198,0.14739838242530823,0.9292123913764954,0.5392617583274841
YOL111C,YDL045C,0,0.6983279,0.14737507700920105,0.9292123913764954,0.539361834526062
YJL128C,YMR240C,0,0.69810265,0.14735177159309387,0.9292123913764954,0.5394618511199951
YJL081C,YBR145W,0,0.69808775,0.1473284810781479,0.9292123913764954,0.5395618677139282
YJL179W,YDR151C,1,0.69759524,0.14746324717998505,0.9302093982696533,0.5395618677139282
YDR476C,YML128C,0,0.69698185,0.14743995666503906,0.9302093982696533,0.5396618843078613
YOR145C,YLR197W,0,0.69691193,0.14741665124893188,0.9302093982696533,0.5397619009017944
YBR066C,YKR055W,0,0.6968039,0.1473933607339859,0.9302093982696533,0.5398619771003723
YCL052C,YDL045C,0,0.6967751,0.1473700851202011,0.9302093982696533,0.5399619936943054
YGL236C,YML109W,0,0.6966472,0.14734680950641632,0.9302093982696533,0.5400620102882385
YGL174W,YLL033W,0,0.6965829,0.14732354879379272,0.9302093982696533,0.5401620268821716
YMR203W,YDR159W,0,0.69605625,0.14730028808116913,0.9302093982696533,0.5402621030807495
YPL139C,YNL298W,0,0.695888,0.14727702736854553,0.9302093982696533,0.5403621196746826
YDR262W,YCL052C,0,0.6955774,0.14725378155708313,0.9302093982696533,0.5404621362686157
YNL032W,YNR057C,0,0.69517016,0.14723055064678192,0.9302093982696533,0.5405621528625488
YFL033C,YHR079C,0,0.69500303,0.1472073197364807,0.9302093982696533,0.5406621694564819
YAL039C,YLR088W,0,0.6943839,0.1471841037273407,0.9302093982696533,0.5407622456550598
YDR067C,YBR115C,0,0.69396,0.14716088771820068,0.9302093982696533,0.5408622622489929
YBR150C,YDR140W,0,0.69393885,0.14713767170906067,0.9302093982696533,0.540962278842926
YIL140W,YHR057C,0,0.6933559,0.14711447060108185,0.9302093982696533,0.5410622954368591
YOR084W,YPL259C,0,0.69201404,0.14709128439426422,0.9302093982696533,0.541162371635437
YLR314C,YJL225C,0,0.69198644,0.1470680981874466,0.9302093982696533,0.5412623882293701
YPR182W,YDR140W,0,0.69149655,0.14704491198062897,0.9302093982696533,0.5413624048233032
YMR169C,YKL007W,0,0.69089425,0.14702174067497253,0.9302093982696533,0.5414624214172363
YHR041C,YPL096W,0,0.690293,0.1469985842704773,0.9302093982696533,0.5415624976158142
YER008C,YLL004W,0,0.6901742,0.14697542786598206,0.9302093982696533,0.5416625142097473
YDR499W,YJR036C,0,0.6887158,0.14695227146148682,0.9302093982696533,0.5417625308036804
YGL083W,YEL056W,0,0.68780863,0.14692912995815277,0.9302093982696533,0.5418625473976135
YKL119C,YCL032W,0,0.68717164,0.14690600335597992,0.9302093982696533,0.5419625639915466
YDR378C,YJR028W,0,0.68657166,0.14688287675380707,0.9302093982696533,0.5420626401901245
YHR209W,YIL170W,0,0.68621445,0.14685975015163422,0.9302093982696533,0.5421626567840576
YFL038C,YDL225W,0,0.6857219,0.14683663845062256,0.9302093982696533,0.5422626733779907
YNL314W,YHR061C,0,0.68535197,0.1468135267496109,0.9302093982696533,0.5423626899719238
YPL139C,YML028W,0,0.68508387,0.14679042994976044,0.9302093982696533,0.5424627661705017
YOL107W,YJL214W,0,0.6848049,0.14676734805107117,0.9302093982696533,0.5425627827644348
YPL112C,YJL192C,0,0.68413174,0.1467442661523819,0.9302093982696533,0.5426627993583679
YDR211W,YKL064W,0,0.68395054,0.14672118425369263,0.9302093982696533,0.542762815952301
YIR032C,YMR075W,0,0.68392164,0.14669811725616455,0.9302093982696533,0.5428628325462341
YEL062W,YCL052C,0,0.6833763,0.14667505025863647,0.9302093982696533,0.542962908744812
YNL232W,YJR032W,0,0.683355,0.1466519981622696,0.9302093982696533,0.5430629253387451
YMR039C,YLR268W,0,0.682412,0.1466289460659027,0.9302093982696533,0.5431629419326782
YOR148C,YFL054C,0,0.68116844,0.14660590887069702,0.9302093982696533,0.5432629585266113
YMR193W,YNR028W,0,0.6802213,0.14658287167549133,0.9302093982696533,0.5433630347251892
YGR052W,YCL032W,0,0.67984927,0.14655984938144684,0.9302093982696533,0.5434630513191223
YDR457W,YGR143W,0,0.6796473,0.14653682708740234,0.9302093982696533,0.5435630679130554
YLR452C,YOR215C,0,0.67906106,0.14651381969451904,0.9302093982696533,0.5436630845069885
YJL179W,YNL153C,1,0.6782157,0.14664782583713531,0.9312064051628113,0.5436630845069885
YGL174W,YKR068C,0,0.6780751,0.14662480354309082,0.9312064051628113,0.5437631011009216
YIL134W,YEL056W,0,0.6773388,0.14660179615020752,0.9312064051628113,0.5438631772994995
YKR101W,YDL097C,0,0.6765939,0.14657878875732422,0.9312064051628113,0.5439631938934326
YGR167W,YMR240C,0,0.6759231,0.14655578136444092,0.9312064051628113,0.5440632104873657
YNL131W,YOR038C,0,0.67574084,0.1465327888727188,0.9312064051628113,0.5441632270812988
YAL053W,YGR231C,1,0.6753345,0.14666666090488434,0.9322034120559692,0.5441632270812988
YMR049C,YDR170C,0,0.67488295,0.14664366841316223,0.9322034120559692,0.5442633032798767
YHR039C-A,YGR134W,0,0.67410016,0.14662066102027893,0.9322034120559692,0.5443633198738098
YOR279C,YJL081C,0,0.67356724,0.14659768342971802,0.9322034120559692,0.5444633364677429
YMR284W,YGL004C,0,0.6728637,0.1465746909379959,0.9322034120559692,0.544563353061676
YLL003W,YJL166W,0,0.6716798,0.1465517282485962,0.9322034120559692,0.5446633696556091
YJR004C,YPL099C,0,0.67093796,0.14652875065803528,0.9322034120559692,0.544763445854187
YJL005W,YLR088W,0,0.6702802,0.14650580286979675,0.9322034120559692,0.5448634624481201
YDR310C,YKL094W,0,0.6698303,0.14648284018039703,0.9322034120559692,0.5449634790420532
YLR219W,YBR281C,0,0.6693217,0.1464598923921585,0.9322034120559692,0.5450634956359863
YDR082W,YDL047W,0,0.66856915,0.14643695950508118,0.9322034120559692,0.5451635718345642
YLR005W,YMR137C,0,0.66673803,0.14641402661800385,0.9322034120559692,0.5452635884284973
YLR203C,YMR284W,0,0.6661136,0.1463911086320877,0.9322034120559692,0.5453636050224304
YGL172W,YLR033W,0,0.6659559,0.14636819064617157,0.9322034120559692,0.5454636216163635
YMR123W,YKR068C,0,0.6649069,0.14634528756141663,0.9322034120559692,0.5455636978149414
YFR036W,YCR012W,0,0.6648797,0.14632238447666168,0.9322034120559692,0.5456637144088745
YHR064C,YLR449W,1,0.6642967,0.14645595848560333,0.9332004189491272,0.5456637144088745
YDR414C,YLR344W,0,0.6640234,0.1464330404996872,0.9332004189491272,0.5457637310028076
YKL041W,YJL029C,0,0.66373444,0.14641013741493225,0.9332004189491272,0.5458637475967407
YDR527W,YDR211W,0,0.66368103,0.1463872343301773,0.9332004189491272,0.5459637641906738
YHR060W,YHR005C-A,0,0.66316795,0.14636434614658356,0.9332004189491272,0.5460638403892517
YBR020W,YDR457W,0,0.6628535,0.1463414579629898,0.9332004189491272,0.5461638569831848
YDR164C,YCL057W,0,0.6625454,0.14631858468055725,0.9332004189491272,0.5462638735771179
YJR107W,YNL297C,0,0.6618182,0.1462957113981247,0.9332004189491272,0.546363890171051
YNL284C,YLR145W,0,0.6614702,0.14627285301685333,0.9332004189491272,0.5464639663696289
YHR002W,YER168C,0,0.66139805,0.14624999463558197,0.9332004189491272,0.546563982963562
YMR061W,YNL032W,0,0.6610199,0.1462271511554718,0.9332004189491272,0.5466639995574951
YNL050C,YGL050W,0,0.65983987,0.14620430767536163,0.9332004189491272,0.5467640161514282
YLR404W,YDR410C,0,0.6573011,0.14618147909641266,0.9332004189491272,0.5468640327453613
YOR324C,YHR119W,0,0.65646994,0.14615865051746368,0.9332004189491272,0.5469641089439392
YOR168W,YPR200C,0,0.65594345,0.1461358368396759,0.9332004189491272,0.5470641255378723
YER013W,YMR179W,0,0.6549754,0.14611302316188812,0.9332004189491272,0.5471641421318054
YJL166W,YGR143W,0,0.654122,0.14609020948410034,0.9332004189491272,0.5472641587257385
YHR211W,YEL012W,0,0.6537589,0.14606741070747375,0.9332004189491272,0.5473642349243164
YHR061C,YJR083C,0,0.6534237,0.14604462683200836,0.9332004189491272,0.5474642515182495
YCL014W,YMR137C,0,0.65240574,0.14602184295654297,0.9332004189491272,0.5475642681121826
YNL117W,YBR222C,0,0.65154,0.14599905908107758,0.9332004189491272,0.5476642847061157
YBL028C,YPR060C,0,0.65143955,0.14597629010677338,0.9332004189491272,0.5477643013000488
YPL119C,YNL309W,0,0.65133953,0.14595353603363037,0.9332004189491272,0.5478643774986267
YGL018C,YNR028W,1,0.65042245,0.1460866928100586,0.9341974258422852,0.5478643774986267
YJR051W,YBL028C,0,0.6499327,0.1460639089345932,0.9341974258422852,0.5479643940925598
YJR004C,YMR194W,0,0.649869,0.146041139960289,0.9341974258422852,0.5480644106864929
YPR182W,YDR222W,0,0.6495973,0.146018385887146,0.9341974258422852,0.548164427280426
YDR233C,YIL095W,0,0.6491213,0.145995631814003,0.9341974258422852,0.5482645034790039
YDR530C,YNL016W,0,0.64849293,0.14597289264202118,0.9341974258422852,0.548364520072937
YLR080W,YHR209W,0,0.6479697,0.14595015347003937,0.9341974258422852,0.5484645366668701
YDR034C,YKR019C,0,0.6467706,0.14592742919921875,0.9341974258422852,0.5485645532608032
YDR034C,YOL040C,0,0.6464197,0.14590470492839813,0.9341974258422852,0.5486645698547363
YGL062W,YNR021W,0,0.64583945,0.14588198065757751,0.9341974258422852,0.5487646460533142
YKR066C,YPL112C,0,0.6450826,0.1458592712879181,0.9341974258422852,0.5488646626472473
YDL036C,YML112W,0,0.6450551,0.14583657681941986,0.9341974258422852,0.5489646792411804
YBR187W,YKL172W,0,0.64471257,0.14581388235092163,0.9341974258422852,0.5490646958351135
YNR004W,YOR313C,0,0.6440329,0.1457911878824234,0.9341974258422852,0.5491647720336914
YBR042C,YER090W,0,0.64355373,0.14576850831508636,0.9341974258422852,0.5492647886276245
YDL202W,YJR112W,0,0.64268905,0.14574584364891052,0.9341974258422852,0.5493648052215576
YNL121C,YJR112W,0,0.64223063,0.14572317898273468,0.9341974258422852,0.5494648218154907
YER055C,YMR160W,0,0.6413096,0.14570051431655884,0.9341974258422852,0.5495648980140686
YBR261C,YLR389C,0,0.6412731,0.1456778645515442,0.9341974258422852,0.5496649146080017
YPR196W,YMR182C,0,0.6405415,0.14565521478652954,0.9341974258422852,0.5497649312019348
YLL002W,YGL216W,0,0.63987947,0.1456325799226761,0.9341974258422852,0.5498649477958679
YBL068W,YGL030W,0,0.6395829,0.14560994505882263,0.9341974258422852,0.549964964389801
YIR025W,YBR120C,0,0.6379013,0.14558732509613037,0.9341974258422852,0.5500650405883789
YMR123W,YEL022W,0,0.6378323,0.1455647051334381,0.9341974258422852,0.550165057182312
YDR174W,YDR226W,0,0.63738364,0.14554210007190704,0.9341974258422852,0.5502650737762451
YKL013C,YCR087C-A,0,0.6373222,0.14551949501037598,0.9341974258422852,0.5503650903701782
YPL274W,YAL029C,0,0.6364206,0.1454968899488449,0.9341974258422852,0.5504651665687561
YLR047C,YML036W,0,0.6362901,0.14547429978847504,0.9341974258422852,0.5505651831626892
YGR282C,YMR089C,0,0.6353731,0.14545172452926636,0.9341974258422852,0.5506651997566223
YBR095C,YNL121C,0,0.63520396,0.14542914927005768,0.9341974258422852,0.5507652163505554
YPR171W,YIL017W,0,0.6325356,0.145406574010849,0.9341974258422852,0.5508652329444885
YPR196W,YHR174W,0,0.6323926,0.1453840136528015,0.9341974258422852,0.5509653091430664
YMR193W,YFR052W,0,0.63176334,0.14536146819591522,0.9341974258422852,0.5510653257369995
YOR219C,YCL032W,0,0.6301166,0.14533892273902893,0.9341974258422852,0.5511653423309326
YOL026C,YIL159W,0,0.62981236,0.14531637728214264,0.9341974258422852,0.5512653589248657
YKL119C,YKL165C,0,0.62968755,0.14529384672641754,0.9341974258422852,0.5513654351234436
YML049C,YGL216W,0,0.6290487,0.14527131617069244,0.9341974258422852,0.5514654517173767
YDL171C,YIL132C,0,0.62879574,0.14524880051612854,0.9341974258422852,0.5515654683113098
YKL170W,YNL026W,0,0.62866616,0.14522628486156464,0.9341974258422852,0.5516654849052429
YNL107W,YBR222C,0,0.6285274,0.14520378410816193,0.9341974258422852,0.551765501499176
YLL029W,YPR011C,0,0.6260743,0.14518128335475922,0.9341974258422852,0.5518655776977539
YLR005W,YJR040W,0,0.6255603,0.1451587975025177,0.9341974258422852,0.551965594291687
YKR035W-A,YBL026W,0,0.6251105,0.14513631165027618,0.9341974258422852,0.5520656108856201
YPR191W,YKL200C,0,0.624723,0.14511382579803467,0.9341974258422852,0.5521656274795532
YJL034W,YIL035C,0,0.6242785,0.14509135484695435,0.9341974258422852,0.5522657036781311
YOR304W,YDR131C,0,0.6241375,0.14506889879703522,0.9341974258422852,0.5523657202720642
YFR013W,YDR527W,0,0.62376165,0.1450464427471161,0.9341974258422852,0.5524657368659973
YBR195C,YOR299W,0,0.62294996,0.14502398669719696,0.9341974258422852,0.5525657534599304
YMR033W,YDR392W,0,0.6207131,0.14500154554843903,0.9341974258422852,0.5526657700538635
YOR084W,YDL045W-A,0,0.62061197,0.14497911930084229,0.9341974258422852,0.5527658462524414
YFR013W,YOL141W,0,0.6201303,0.14495667815208435,0.9341974258422852,0.5528658628463745
YOR126C,YGL122C,0,0.6197442,0.1449342668056488,0.9341974258422852,0.5529658794403076
YHR214C-B,YKL001C,0,0.6195734,0.14491184055805206,0.9341974258422852,0.5530658960342407
YIL006W,YGL233W,0,0.6191696,0.1448894441127777,0.9341974258422852,0.5531659722328186
YHR132C,YFL057C,0,0.61841726,0.14486703276634216,0.9341974258422852,0.5532659888267517
YDR353W,YCL032W,0,0.61838955,0.1448446363210678,0.9341974258422852,0.5533660054206848
YKL171W,YER087W,0,0.61811906,0.14482225477695465,0.9341974258422852,0.5534660220146179
YBR261C,YKR035W-A,0,0.61718136,0.1447998732328415,0.9341974258422852,0.5535660982131958
YBR260C,YJL103C,0,0.6170864,0.14477750658988953,0.9341974258422852,0.5536661148071289
YBR278W,YKR008W,0,0.6165862,0.14475513994693756,0.9341974258422852,0.553766131401062
YFR019W,YNR015W,0,0.6160506,0.1447327733039856,0.9341974258422852,0.5538661479949951
YBR120C,YHR004C,0,0.6152369,0.14471042156219482,0.9341974258422852,0.5539661645889282
YGL122C,YIL080W,0,0.6147584,0.14468808472156525,0.9341974258422852,0.5540662407875061
YOR304C-A,YMR020W,0,0.6146729,0.14466573297977448,0.9341974258422852,0.5541662573814392
YMR013C,YMR200W,0,0.61401075,0.1446434110403061,0.9341974258422852,0.5542662739753723
YDR059C,YFL017W-A,0,0.613821,0.1446210891008377,0.9341974258422852,0.5543662905693054
YJR107W,YKL061W,0,0.6129849,0.14459876716136932,0.9341974258422852,0.5544663667678833
YOR283W,YMR065W,0,0.612293,0.14457646012306213,0.9341974258422852,0.5545663833618164
YKR020W,YGL220W,0,0.61146307,0.14455415308475494,0.9341974258422852,0.5546663999557495
YMR210W,YOL151W,0,0.61088103,0.14453184604644775,0.9341974258422852,0.5547664165496826
YJR101W,YNL016W,0,0.61081874,0.14450956881046295,0.9341974258422852,0.5548664331436157
YKL013C,YNL238W,0,0.610803,0.14448727667331696,0.9341974258422852,0.5549665093421936
YDL097C,YLL033W,0,0.61077726,0.14446499943733215,0.9341974258422852,0.5550665259361267
YJL014W,YNR028W,1,0.610641,0.1445968896150589,0.9351944327354431,0.5550665259361267
YBR120C,YOR219C,0,0.6105312,0.1445745974779129,0.9351944327354431,0.5551665425300598
YKL119C,YGL212W,0,0.6092868,0.1445523202419281,0.9351944327354431,0.5552665591239929
YMR087W,YER168C,0,0.60909593,0.1445300430059433,0.9351944327354431,0.5553666353225708
YKL210W,YOR008C,0,0.60849077,0.1445077806711197,0.9351944327354431,0.5554666519165039
YDR151C,YDL148C,0,0.60826194,0.14448551833629608,0.9351944327354431,0.555566668510437
YBR223C,YBR155W,0,0.6081096,0.14446327090263367,0.9351944327354431,0.5556666851043701
YPR111W,YBR096W,0,0.6074923,0.14444102346897125,0.9351944327354431,0.5557667016983032
YBR155W,YMR179W,0,0.6073848,0.14441879093647003,0.9351944327354431,0.5558667778968811
YPL241C,YMR161W,1,0.6072195,0.14455048739910126,0.9361914396286011,0.5558667778968811
YER103W,YPR091C,0,0.6064844,0.14452823996543884,0.9361914396286011,0.5559667944908142
YNL032W,YJR063W,0,0.606362,0.14450600743293762,0.9361914396286011,0.5560668110847473
YOR020C,YER048C,1,0.6059535,0.14463762938976288,0.937188446521759,0.5560668110847473
YBR260C,YOR089C,0,0.6051253,0.14461538195610046,0.937188446521759,0.5561668276786804
YLR452C,YDR419W,0,0.6050747,0.14459313452243805,0.937188446521759,0.5562669038772583
YKR054C,YLR386W,0,0.6045844,0.14457090198993683,0.937188446521759,0.5563669204711914
YDL047W,YOR008C,0,0.60395575,0.1445486694574356,0.937188446521759,0.5564669370651245
YEL036C,YOR261C,0,0.60393476,0.14452645182609558,0.937188446521759,0.5565669536590576
YDR392W,YGL004C,0,0.6035912,0.14450423419475555,0.937188446521759,0.5566670298576355
YJR032W,YFR041C,1,0.60357505,0.14463572204113007,0.938185453414917,0.5566670298576355
YIL061C,YNR006W,0,0.6034366,0.14461348950862885,0.938185453414917,0.5567670464515686
YER151C,YDL077C,0,0.6031958,0.14459127187728882,0.938185453414917,0.5568670630455017
YOR074C,YBR172C,0,0.60247934,0.1445690542459488,0.938185453414917,0.5569670796394348
YLR107W,YDR392W,0,0.6011309,0.14454685151576996,0.938185453414917,0.5570670962333679
YLL045C,YER165W,0,0.6007224,0.14452464878559113,0.938185453414917,0.5571671724319458
YDL078C,YOR327C,0,0.59993094,0.1445024609565735,0.938185453414917,0.5572671890258789
YHR211W,YOR355W,0,0.5994116,0.14448027312755585,0.938185453414917,0.557367205619812
YBL091C-A,YDR470C,0,0.59925115,0.1444580852985382,0.938185453414917,0.5574672222137451
YAL017W,YCL057W,0,0.59753424,0.14443591237068176,0.938185453414917,0.557567298412323
YDL245C,YFL013C,0,0.597522,0.1444137543439865,0.938185453414917,0.5576673150062561
YNL121C,YHR051W,0,0.5950283,0.14439159631729126,0.938185453414917,0.5577673316001892
YCR014C,YBR128C,0,0.5948987,0.144369438290596,0.938185453414917,0.5578673481941223
YNL044W,YGL014W,0,0.5945148,0.14434729516506195,0.938185453414917,0.5579673647880554
YFR013W,YER013W,0,0.59401494,0.1443251520395279,0.938185453414917,0.5580674409866333
YDL215C,YGR175C,0,0.59318376,0.14430302381515503,0.938185453414917,0.5581674575805664
YER014C-A,YDL202W,0,0.59263694,0.14428089559078217,0.938185453414917,0.5582674741744995
YFL048C,YMR240C,0,0.5918994,0.1442587822675705,0.938185453414917,0.5583674907684326
YML052W,YLR026C,0,0.5913891,0.14423666894435883,0.938185453414917,0.5584675669670105
YGL180W,YMR077C,0,0.5909997,0.14421455562114716,0.938185453414917,0.5585675835609436
YDL111C,YPL139C,0,0.5908009,0.14419245719909668,0.938185453414917,0.5586676001548767
YBR145W,YKL205W,0,0.5887478,0.1441703736782074,0.938185453414917,0.5587676167488098
YJL005W,YBR074W,0,0.5872112,0.14414829015731812,0.938185453414917,0.5588676333427429
YLL041C,YCL003W,0,0.5870563,0.14412620663642883,0.938185453414917,0.5589677095413208
YGL046W,YKR028W,0,0.58579695,0.14410413801670074,0.938185453414917,0.5590677261352539
YLR329W,YML039W,0,0.58559245,0.14408206939697266,0.938185453414917,0.559167742729187
YOL093W,YBL113C,0,0.58544695,0.14406001567840576,0.938185453414917,0.5592677593231201
YDR405W,YJR119C,0,0.58524144,0.14403796195983887,0.938185453414917,0.559367835521698
YJR127C,YIL135C,0,0.58500266,0.14401592314243317,0.938185453414917,0.5594678521156311
YPR200C,YDL035C,0,0.5848992,0.14399388432502747,0.938185453414917,0.5595678687095642
YKL190W,YBR287W,0,0.5837629,0.14397184550762177,0.938185453414917,0.5596678853034973
YKL186C,YOR353C,0,0.5828035,0.14394982159137726,0.938185453414917,0.5597679018974304
YLL051C,YPL208W,0,0.58264446,0.14392781257629395,0.938185453414917,0.5598679780960083
YBR042C,YPL218W,0,0.5819311,0.14390578866004944,0.938185453414917,0.5599679946899414
YMR193W,YNL121C,0,0.5809304,0.14388379454612732,0.938185453414917,0.5600680112838745
YER154W,YJL085W,0,0.5806458,0.1438618004322052,0.938185453414917,0.5601680278778076
YGL203C,YBR257W,0,0.5799595,0.14383980631828308,0.938185453414917,0.5602681040763855
YFL066C,YNL258C,0,0.5795441,0.14381782710552216,0.938185453414917,0.5603681206703186
YHR132C,YGL046W,0,0.579058,0.14379584789276123,0.938185453414917,0.5604681372642517
YDR062W,YCR026C,0,0.57891405,0.1437738686800003,0.938185453414917,0.5605681538581848
YJL140W,YGL060W,0,0.57824904,0.14375190436840057,0.938185453414917,0.5606682300567627
YEL031W,YPL208W,0,0.57783335,0.14372995495796204,0.938185453414917,0.5607682466506958
YJR147W,YBR275C,0,0.5769057,0.1437080055475235,0.938185453414917,0.5608682632446289
YPR171W,YNL223W,0,0.5767789,0.14368605613708496,0.938185453414917,0.560968279838562
YNL273W,YLR145W,0,0.57646155,0.14366412162780762,0.938185453414917,0.5610682964324951
YGL203C,YML080W,0,0.57639563,0.14364218711853027,0.938185453414917,0.561168372631073
YDR076W,YOL004W,0,0.5756254,0.14362026751041412,0.938185453414917,0.5612683892250061
YKR026C,YHR168W,0,0.5755058,0.14359834790229797,0.938185453414917,0.5613684058189392
YCR060W,YGR145W,0,0.57544196,0.14357644319534302,0.938185453414917,0.5614684224128723
YLR200W,YBR155W,1,0.5741588,0.14370709657669067,0.939182460308075,0.5614684224128723
YBL089W,YOL151W,0,0.5736648,0.14368517696857452,0.939182460308075,0.5615684986114502
YOR187W,YNL219C,0,0.5736598,0.14366325736045837,0.939182460308075,0.5616685152053833
YPR011C,YKR101W,0,0.57361805,0.14364135265350342,0.939182460308075,0.5617685317993164
YMR321C,YHR085W,0,0.57297266,0.14361944794654846,0.939182460308075,0.5618685483932495
YPL119C,YLR321C,0,0.57224095,0.1435975581407547,0.939182460308075,0.5619685649871826
YLR183C,YBR095C,0,0.5720353,0.14357566833496094,0.939182460308075,0.5620686411857605
YLR183C,YHR156C,0,0.5718689,0.14355379343032837,0.939182460308075,0.5621686577796936
YOL141W,YDR453C,0,0.5711545,0.1435319185256958,0.939182460308075,0.5622686743736267
YLR295C,YMR054W,0,0.5689631,0.14351005852222443,0.939182460308075,0.5623686909675598
YOR148C,YPL129W,0,0.56895125,0.14348819851875305,0.939182460308075,0.5624687671661377
YJR055W,YKR008W,0,0.5685296,0.14346633851528168,0.939182460308075,0.5625687837600708
YPR149W,YKL022C,0,0.5677453,0.1434444934129715,0.939182460308075,0.5626688003540039
YIL094C,YOL040C,0,0.5658884,0.14342264831066132,0.939182460308075,0.562768816947937
YNL131W,YNR010W,0,0.5656806,0.14340081810951233,0.939182460308075,0.5628688335418701
YLR105C,YPL127C,0,0.5655514,0.14337900280952454,0.939182460308075,0.562968909740448
YBL041W,YOR279C,0,0.56491196,0.14335717260837555,0.939182460308075,0.5630689263343811
YHR119W,YBL068W,0,0.564426,0.14333535730838776,0.939182460308075,0.5631689429283142
YDR082W,YDR254W,0,0.56416124,0.14331355690956116,0.939182460308075,0.5632689595222473
YGL172W,YBR243C,0,0.5639658,0.14329175651073456,0.939182460308075,0.5633690357208252
YBR238C,YER145C,0,0.56387085,0.14326995611190796,0.939182460308075,0.5634690523147583
YDL217C,YEL056W,0,0.562607,0.14324817061424255,0.939182460308075,0.5635690689086914
YGR216C,YFL033C,0,0.56222796,0.14322640001773834,0.939182460308075,0.5636690855026245
YDL035C,YDR151C,0,0.56180894,0.14320461452007294,0.939182460308075,0.5637691020965576
YNL232W,YLR440C,0,0.561658,0.14318285882472992,0.939182460308075,0.5638691782951355
YOR212W,YBL113C,0,0.5613187,0.1431610882282257,0.939182460308075,0.5639691948890686
YLR103C,YLL012W,0,0.5612388,0.14313934743404388,0.939182460308075,0.5640692114830017
YJL155C,YOL151W,0,0.56120443,0.14311759173870087,0.939182460308075,0.5641692280769348
YLR380W,YER171W,0,0.5610087,0.14309585094451904,0.939182460308075,0.5642693042755127
YGR167W,YBR074W,0,0.5601821,0.1430741250514984,0.939182460308075,0.5643693208694458
YMR061W,YER130C,0,0.5593787,0.14305239915847778,0.939182460308075,0.5644693374633789
YHR004C,YBR276C,0,0.5589224,0.14303067326545715,0.939182460308075,0.564569354057312
YMR049C,YBL113C,0,0.5587144,0.14300896227359772,0.939182460308075,0.5646694302558899
YIR011C,YMR136W,0,0.55834454,0.14298725128173828,0.939182460308075,0.564769446849823
YNR074C,YPR204W,0,0.5574109,0.14296555519104004,0.939182460308075,0.5648694634437561
YNR028W,YDL212W,1,0.55637956,0.14309559762477875,0.9401794672012329,0.5648694634437561
YER150W,YNR004W,0,0.5547835,0.1430738866329193,0.9401794672012329,0.5649694800376892
YMR020W,YLR164W,0,0.55457807,0.14305219054222107,0.9401794672012329,0.5650694966316223
YNR017W,YPR198W,0,0.553896,0.14303047955036163,0.9401794672012329,0.5651695728302002
YLR200W,YCR060W,1,0.5532701,0.14316044747829437,0.9411764740943909,0.5651695728302002
YPR024W,YMR090W,0,0.55316544,0.14313873648643494,0.9411764740943909,0.5652695894241333
YML051W,YCR057C,0,0.5521211,0.1431170403957367,0.9411764740943909,0.5653696060180664
YNL178W,YOR251C,0,0.5519567,0.14309534430503845,0.9411764740943909,0.5654696226119995
YGL172W,YBR196C,0,0.55190796,0.1430736631155014,0.9411764740943909,0.5655696988105774
YDL029W,YKL119C,0,0.551788,0.14305198192596436,0.9411764740943909,0.5656697154045105
YNL006W,YNR028W,1,0.55165946,0.14318181574344635,0.9421734809875488,0.5656697154045105
YDR454C,YMR321C,0,0.5515644,0.1431601345539093,0.9421734809875488,0.5657697319984436
YDR389W,YAL031C,0,0.5511359,0.14313843846321106,0.9421734809875488,0.5658697485923767
YGR251W,YBR141C,0,0.55020666,0.1431167721748352,0.9421734809875488,0.5659697651863098
YBR129C,YPR125W,0,0.5490085,0.14309509098529816,0.9421734809875488,0.5660698413848877
YOR145C,YJR083C,0,0.54898906,0.1430734246969223,0.9421734809875488,0.5661698579788208
YNL135C,YDL229W,1,0.5483854,0.14320315420627594,0.9431704878807068,0.5661698579788208
YNR010W,YPL208W,0,0.5476639,0.1431814730167389,0.9431704878807068,0.5662698745727539
YOL111C,YNR035C,0,0.54723555,0.14315980672836304,0.9431704878807068,0.566369891166687
YHR176W,YCR070W,1,0.5457663,0.1432894468307495,0.9441674947738647,0.566369891166687
YGR282C,YHR002W,0,0.5456786,0.14326778054237366,0.9441674947738647,0.5664699673652649
YLL017W,YLR050C,0,0.54543567,0.1432460993528366,0.9441674947738647,0.566569983959198
YHL034C,YLR151C,0,0.5440383,0.14322443306446075,0.9441674947738647,0.5666700005531311
YPR011C,YPL150W,0,0.54398507,0.1432027816772461,0.9441674947738647,0.5667700171470642
YER022W,YOR313C,0,0.54303265,0.14318113029003143,0.9441674947738647,0.5668700337409973
YNL281W,YML049C,0,0.5427313,0.14315947890281677,0.9441674947738647,0.5669701099395752
YLR395C,YDR449C,0,0.54237247,0.1431378424167633,0.9441674947738647,0.5670701265335083
YNL008C,YOR275C,0,0.54207766,0.14311622083187103,0.9441674947738647,0.5671701431274414
YHR209W,YDR306C,0,0.5418319,0.14309458434581757,0.9441674947738647,0.5672701597213745
YDR151C,YER007W,1,0.5412353,0.14322404563426971,0.9451645016670227,0.5672701597213745
YKL061W,YOL136C,0,0.5411502,0.14320242404937744,0.9451645016670227,0.5673702359199524
YLR047C,YDR151C,0,0.540696,0.14318078756332397,0.9451645016670227,0.5674702525138855
YBL076C,YGR134W,0,0.5403575,0.1431591659784317,0.9451645016670227,0.5675702691078186
YGR238C,YNL208W,0,0.5398695,0.14313754439353943,0.9451645016670227,0.5676702857017517
YDL024C,YNL027W,0,0.5395935,0.14311593770980835,0.9451645016670227,0.5677703022956848
YPR135W,YDR229W,0,0.5391408,0.14309434592723846,0.9451645016670227,0.5678703784942627
YGR251W,YLR264W,0,0.53897685,0.14307273924350739,0.9451645016670227,0.5679703950881958
YFL010W-A,YDR416W,0,0.538486,0.1430511474609375,0.9451645016670227,0.5680704116821289
YLR425W,YOL136C,0,0.5382997,0.1430295705795288,0.9451645016670227,0.568170428276062
YLL002W,YKR069W,0,0.5380334,0.14300799369812012,0.9451645016670227,0.5682705044746399
YJR107W,YPR187W,0,0.53775984,0.14298643171787262,0.9451645016670227,0.568370521068573
YEL036C,YCL004W,0,0.5369846,0.14296485483646393,0.9451645016670227,0.5684705376625061
YPL002C,YBR037C,0,0.5361124,0.14294330775737762,0.9451645016670227,0.5685705542564392
YIL006W,YMR308C,0,0.5356427,0.14292176067829132,0.9451645016670227,0.5686706304550171
YNL309W,YLR213C,0,0.5350321,0.14290021359920502,0.9451645016670227,0.5687706470489502
YLR314C,YGL256W,0,0.5345019,0.1428786665201187,0.9451645016670227,0.5688706636428833
YMR272C,YPR060C,0,0.5339329,0.1428571492433548,0.9451645016670227,0.5689706802368164
YFR045W,YMR046C,0,0.5334162,0.1428356170654297,0.9451645016670227,0.5690706968307495
YHR211W,YDR369C,0,0.5321231,0.14281409978866577,0.9451645016670227,0.5691707730293274
YKL200C,YGL241W,0,0.5318556,0.14279258251190186,0.9451645016670227,0.5692707896232605
YDR254W,YML006C,0,0.5315211,0.14277108013629913,0.9451645016670227,0.5693708062171936
YDR304C,YKL189W,0,0.53045905,0.1427495926618576,0.9451645016670227,0.5694708228111267
YHR211W,YNL078W,0,0.5304322,0.14272809028625488,0.9451645016670227,0.5695708990097046
YLR165C,YGR036C,0,0.53032684,0.14270660281181335,0.9451645016670227,0.5696709156036377
YOR159C,YLR429W,0,0.5302892,0.14268513023853302,0.9451645016670227,0.5697709321975708
YBR195C,YOR301W,0,0.5300633,0.14266365766525269,0.9451645016670227,0.5698709487915039
YMR210W,YDL148C,0,0.529675,0.14264218509197235,0.9451645016670227,0.569970965385437
YJL214W,YGL174W,0,0.52913636,0.1426207274198532,0.9451645016670227,0.5700710415840149
YIR018W,YLR386W,0,0.5287888,0.14259928464889526,0.9451645016670227,0.570171058177948
YEL037C,YGL019W,0,0.5276222,0.14257782697677612,0.9451645016670227,0.5702710747718811
YOL111C,YPL183W-A,0,0.5275931,0.14255638420581818,0.9451645016670227,0.5703710913658142
YGR167W,YEL053C,0,0.52696264,0.14253495633602142,0.9451645016670227,0.5704711675643921
YKL064W,YGL004C,0,0.5263252,0.14251352846622467,0.9451645016670227,0.5705711841583252
YLR440C,YGR105W,0,0.5260498,0.1424921154975891,0.9451645016670227,0.5706712007522583
YPR204W,YDL097C,0,0.5255519,0.14247068762779236,0.9451645016670227,0.5707712173461914
YJR051W,YHR175W,0,0.52495,0.142449289560318,0.9451645016670227,0.5708712339401245
YAL033W,YER002W,0,0.5242754,0.14242789149284363,0.9451645016670227,0.5709713101387024
YML071C,YGL169W,0,0.52416813,0.14240649342536926,0.9451645016670227,0.5710713267326355
YCR057C,YMR114C,0,0.5241059,0.1423850953578949,0.9451645016670227,0.5711713433265686
YPR111W,YFL021W,0,0.52399313,0.14236371219158173,0.9451645016670227,0.5712713599205017
YPR196W,YOR349W,0,0.5239048,0.14234234392642975,0.9451645016670227,0.5713714361190796
YJR103W,YNL259C,0,0.5230807,0.14232097566127777,0.9451645016670227,0.5714714527130127
YPR113W,YLR321C,0,0.52269804,0.1422996073961258,0.9451645016670227,0.5715714693069458
YHL034C,YHR168W,0,0.52219033,0.142278254032135,0.9451645016670227,0.5716714859008789
YPL150W,YKL174C,0,0.52202797,0.14225690066814423,0.9451645016670227,0.571771502494812
YPL113C,YNL302C,0,0.5219044,0.14223556220531464,0.9451645016670227,0.5718715786933899
YKR054C,YDR353W,0,0.520814,0.14221422374248505,0.9451645016670227,0.571971595287323
YLR203C,YGR010W,0,0.5200035,0.14219288527965546,0.9451645016670227,0.5720716118812561
YKL067W,YCL003W,0,0.5192656,0.14217156171798706,0.9451645016670227,0.5721716284751892
YCL043C,YKL210W,0,0.5183431,0.14215025305747986,0.9451645016670227,0.5722717046737671
YJL117W,YDR229W,0,0.51760226,0.14212892949581146,0.9451645016670227,0.5723717212677002
YDR470C,YBR074W,0,0.5174824,0.14210763573646545,0.9451645016670227,0.5724717378616333
YPL042C,YOR353C,0,0.51747215,0.14208632707595825,0.9451645016670227,0.5725717544555664
YOR283W,YOR317W,0,0.51736456,0.14206503331661224,0.9451645016670227,0.5726718306541443
YPR001W,YOR313C,0,0.5171592,0.14204375445842743,0.9451645016670227,0.5727718472480774
YBR002C,YPR138C,0,0.5160285,0.14202247560024261,0.9451645016670227,0.5728718638420105
YIR025W,YDL039C,0,0.5158474,0.1420011967420578,0.9451645016670227,0.5729718804359436
YKR020W,YGL259W,0,0.5147845,0.14197993278503418,0.9451645016670227,0.5730718970298767
YGR132C,YEL030W,1,0.5147069,0.14210841059684753,0.9461615085601807,0.5730718970298767
YBR081C,YGL212W,0,0.514356,0.14208713173866272,0.9461615085601807,0.5731719732284546
YMR218C,YLR026C,0,0.5128817,0.1420658677816391,0.9461615085601807,0.5732719898223877
YMR186W,YJR040W,0,0.5123439,0.14204460382461548,0.9461615085601807,0.5733720064163208
YGL212W,YNL027W,0,0.5114704,0.14202333986759186,0.9461615085601807,0.5734720230102539
YHR005C-A,YKL182W,0,0.5113976,0.14200209081172943,0.9461615085601807,0.5735720992088318
YOL112W,YPR125W,0,0.5112985,0.1419808566570282,0.9461615085601807,0.5736721158027649
YDR414C,YEL040W,0,0.5105652,0.14195960760116577,0.9461615085601807,0.573772132396698
YHR041C,YLR380W,0,0.51036596,0.14193837344646454,0.9461615085601807,0.5738721489906311
YER050C,YKR101W,0,0.50913393,0.1419171541929245,0.9461615085601807,0.5739721655845642
YKR103W,YOL026C,0,0.5087055,0.14189593493938446,0.9461615085601807,0.5740722417831421
YNL283C,YJL200C,0,0.5083785,0.14187471568584442,0.9461615085601807,0.5741722583770752
YOR176W,YCL024W,0,0.50804406,0.14185351133346558,0.9461615085601807,0.5742722749710083
YHR074W,YIL042C,0,0.50737554,0.14183230698108673,0.9461615085601807,0.5743722915649414
YPR171W,YOL004W,0,0.5067301,0.14181111752986908,0.9461615085601807,0.5744723677635193
YGR252W,YDR472W,0,0.50611365,0.14178992807865143,0.9461615085601807,0.5745723843574524
YDR453C,YML049C,0,0.5050472,0.14176875352859497,0.9461615085601807,0.5746724009513855
YER087C-B,YNL219C,0,0.50490797,0.1417475789785385,0.9461615085601807,0.5747724175453186
YNL182C,YDR062W,0,0.5034794,0.14172640442848206,0.9461615085601807,0.5748724341392517
YHR135C,YOR285W,0,0.502773,0.1417052447795868,0.9461615085601807,0.5749725103378296
YDR310C,YDR222W,0,0.5024836,0.14168408513069153,0.9461615085601807,0.5750725269317627
YEL052W,YLR105C,0,0.50218034,0.14166294038295746,0.9461615085601807,0.5751725435256958
YAL016W,YER162C,0,0.500921,0.1416417956352234,0.9461615085601807,0.5752725601196289
YKL020C,YJL095W,0,0.50010175,0.14162065088748932,0.9461615085601807,0.5753726363182068
YLR401C,YNL304W,0,0.4998752,0.14159952104091644,0.9461615085601807,0.5754726529121399
YLR028C,YER130C,0,0.4996508,0.14157839119434357,0.9461615085601807,0.575572669506073
YPR111W,YBR275C,0,0.49837387,0.14155727624893188,0.9461615085601807,0.5756726861000061
YER185W,YER138C,0,0.49784973,0.1415361613035202,0.9461615085601807,0.5757727026939392
YJR147W,YNL080C,0,0.49771625,0.14151506125926971,0.9461615085601807,0.5758727788925171
YOR304W,YMR296C,0,0.4974597,0.14149396121501923,0.9461615085601807,0.5759727954864502
YLR009W,YGR145W,0,0.4966702,0.14147286117076874,0.9461615085601807,0.5760728120803833
YPR162C,YML058W-A,0,0.4961897,0.14145177602767944,0.9461615085601807,0.5761728286743164
YOR251C,YPL011C,0,0.49578658,0.14143070578575134,0.9461615085601807,0.5762729048728943
YDR369C,YDR403W,0,0.49565095,0.14140962064266205,0.9461615085601807,0.5763729214668274
YOL070C,YBL089W,0,0.49555206,0.14138855040073395,0.9461615085601807,0.5764729380607605
YMR020W,YIL047C,0,0.49473774,0.14136749505996704,0.9461615085601807,0.5765729546546936
YKL166C,YDR226W,0,0.49455556,0.14134643971920013,0.9461615085601807,0.5766730308532715
YNL010W,YIL047C,0,0.49449745,0.14132538437843323,0.9461615085601807,0.5767730474472046
YLR291C,YDR470C,0,0.49407056,0.14130434393882751,0.9461615085601807,0.5768730640411377
YFL023W,YDR304C,1,0.49395886,0.14143218100070953,0.9471585154533386,0.5768730640411377
YER087W,YKL186C,0,0.49330583,0.14141114056110382,0.9471585154533386,0.5769730806350708
YDR296W,YGR134W,0,0.49291018,0.14139008522033691,0.9471585154533386,0.5770730972290039
YOR275C,YDR449C,0,0.49219733,0.1413690447807312,0.9471585154533386,0.5771731734275818
YJR138W,YNR035C,0,0.49192604,0.14134801924228668,0.9471585154533386,0.5772731900215149
YKR056W,YLR160C,0,0.49181423,0.14132697880268097,0.9471585154533386,0.577373206615448
YDR245W,YOR285W,0,0.49133736,0.14130596816539764,0.9471585154533386,0.5774732232093811
YPL150W,YNL122C,0,0.49122173,0.14128494262695312,0.9471585154533386,0.577573299407959
YFL066C,YGR084C,0,0.49027944,0.141263946890831,0.9471585154533386,0.5776733160018921
YNL209W,YCR070W,1,0.49001476,0.14139162003993988,0.9481555223464966,0.5776733160018921
YPR119W,YER104W,0,0.4894427,0.14137059450149536,0.9481555223464966,0.5777733325958252
YFL010W-A,YNL192W,0,0.48928308,0.14134958386421204,0.9481555223464966,0.5778733491897583
YBL041W,YML071C,0,0.48902535,0.1413285732269287,0.9481555223464966,0.5779733657836914
YLR268W,YDR472W,0,0.48813188,0.14130757749080658,0.9481555223464966,0.5780734419822693
YDR172W,YGL060W,0,0.48809865,0.14128658175468445,0.9481555223464966,0.5781734585762024
YPL163C,YOR180C,0,0.48767227,0.1412656009197235,0.9481555223464966,0.5782734751701355
YDR310C,YBL052C,0,0.4873016,0.14124462008476257,0.9481555223464966,0.5783734917640686
YOR310C,YMR179W,0,0.48699483,0.14122363924980164,0.9481555223464966,0.5784735679626465
YCR093W,YEL070W,0,0.48678795,0.1412026733160019,0.9481555223464966,0.5785735845565796
YGL083W,YGL050W,0,0.48643008,0.14118170738220215,0.9481555223464966,0.5786736011505127
YOL057W,YDR419W,0,0.48630416,0.1411607563495636,0.9481555223464966,0.5787736177444458
YPR162C,YGL244W,0,0.4863021,0.14113980531692505,0.9481555223464966,0.5788736343383789
YPL064C,YLR394W,0,0.48607117,0.1411188542842865,0.9481555223464966,0.5789737105369568
YCL032W,YCR002C,0,0.48535004,0.14109791815280914,0.9481555223464966,0.5790737271308899
YAL022C,YNL208W,0,0.48496133,0.14107699692249298,0.9481555223464966,0.579173743724823
YKR036C,YLR163C,0,0.48413104,0.14105606079101562,0.9481555223464966,0.5792737603187561
YPL259C,YNL219C,0,0.48377937,0.14103515446186066,0.9481555223464966,0.579373836517334
YKL038W,YFL048C,0,0.4831009,0.1410142332315445,0.9481555223464966,0.5794738531112671
YPL104W,YAL031C,0,0.4828059,0.14099332690238953,0.9481555223464966,0.5795738697052002
YPR194C,YOR274W,0,0.48218313,0.14097243547439575,0.9481555223464966,0.5796738862991333
YDR079W,YJR034W,0,0.48178816,0.14095152914524078,0.9481555223464966,0.5797739028930664
YPL131W,YDL055C,0,0.48148552,0.1409306526184082,0.9481555223464966,0.5798739790916443
YOR283W,YDR170C,0,0.47991538,0.14090976119041443,0.9481555223464966,0.5799739956855774
YLR289W,YKL189W,0,0.47972566,0.14088888466358185,0.9481555223464966,0.5800740122795105
YDR494W,YBR192W,0,0.47971016,0.14086802303791046,0.9481555223464966,0.5801740288734436
YAL022C,YPR159W,0,0.4794059,0.14084716141223907,0.9481555223464966,0.5802741050720215
YNR044W,YPR163C,0,0.47919792,0.1408262997865677,0.9481555223464966,0.5803741216659546
YDR419W,YMR075W,0,0.47825277,0.1408054530620575,0.9481555223464966,0.5804741382598877
YHR059W,YAL039C,0,0.47819197,0.1407846063375473,0.9481555223464966,0.5805741548538208
YJL187C,YJL029C,0,0.4767068,0.1407637596130371,0.9481555223464966,0.5806742310523987
YHR211W,YNL290W,0,0.47655338,0.1407429277896881,0.9481555223464966,0.5807742476463318
YIL108W,YGR246C,0,0.4755709,0.1407221108675003,0.9481555223464966,0.5808742642402649
YJL187C,YDL074C,0,0.47431102,0.1407012939453125,0.9481555223464966,0.580974280834198
YJL114W,YDR059C,0,0.4739974,0.1406804770231247,0.9481555223464966,0.5810742974281311
YIL108W,YGR239C,0,0.47399592,0.1406596601009369,0.9481555223464966,0.581174373626709
YDR174W,YPL007C,0,0.47385246,0.14063885807991028,0.9481555223464966,0.5812743902206421
YHL027W,YMR246W,0,0.47384772,0.14061807096004486,0.9481555223464966,0.5813744068145752
YGL233W,YFL013C,0,0.4736417,0.14059728384017944,0.9481555223464966,0.5814744234085083
YLR107W,YLR301W,0,0.4730305,0.14057649672031403,0.9481555223464966,0.5815744996070862
YPR001W,YPL082C,0,0.4729616,0.1405557245016098,0.9481555223464966,0.5816745162010193
YJL005W,YMR087W,0,0.47272176,0.14053495228290558,0.9481555223464966,0.5817745327949524
YOL086C,YDL070W,0,0.47095752,0.14051418006420135,0.9481555223464966,0.5818745493888855
YDR378C,YJL194W,0,0.4703471,0.14049342274665833,0.9481555223464966,0.5819745659828186
YBR118W,YNL078W,0,0.47001544,0.1404726803302765,0.9481555223464966,0.5820746421813965
YJR119C,YNL223W,0,0.4698162,0.14045192301273346,0.9481555223464966,0.5821746587753296
YGR012W,YPL129W,0,0.46768883,0.14043118059635162,0.9481555223464966,0.5822746753692627
YLL029W,YDR211W,0,0.46749526,0.14041045308113098,0.9481555223464966,0.5823746919631958
YOR292C,YDR444W,0,0.46724862,0.14038972556591034,0.9481555223464966,0.5824747681617737
YFR045W,YMR054W,0,0.46720192,0.1403689980506897,0.9481555223464966,0.5825747847557068
YKL171W,YLL027W,0,0.4671623,0.14034828543663025,0.9481555223464966,0.5826748013496399
YPR204W,YBL112C,0,0.46687317,0.1403275728225708,0.9481555223464966,0.582774817943573
YJR036C,YBR230C,0,0.46628875,0.14030687510967255,0.9481555223464966,0.5828748345375061
YIL142W,YKL082C,0,0.4661562,0.1402861773967743,0.9481555223464966,0.582974910736084
YLR429W,YDR416W,0,0.46582595,0.14026547968387604,0.9481555223464966,0.5830749273300171
YLR203C,YLR404W,0,0.46478367,0.14024479687213898,0.9481555223464966,0.5831749439239502
YKR035W-A,YCL026C-B,0,0.46440715,0.1402241289615631,0.9481555223464966,0.5832749605178833
YDL059C,YKR002W,0,0.46438304,0.14020344614982605,0.9481555223464966,0.5833750367164612
YLR353W,YOR089C,0,0.46338677,0.14018277823925018,0.9481555223464966,0.5834750533103943
YIL139C,YPL163C,0,0.46314886,0.1401621252298355,0.9481555223464966,0.5835750699043274
YIL021W,YDL074C,0,0.46238887,0.14014147222042084,0.9481555223464966,0.5836750864982605
YLL055W,YLR073C,0,0.46209773,0.14012081921100616,0.9481555223464966,0.5837751030921936
YLR386W,YDL077C,0,0.46191898,0.14010018110275269,0.9481555223464966,0.5838751792907715
YNL131W,YNL073W,0,0.46089637,0.1400795429944992,0.9481555223464966,0.5839751958847046
YPL151C,YJR151C,0,0.4604294,0.14005890488624573,0.9481555223464966,0.5840752124786377
YMR032W,YOR085W,0,0.45973688,0.14003828167915344,0.9481555223464966,0.5841752290725708
YHR047C,YLL043W,0,0.45948339,0.14001767337322235,0.9481555223464966,0.5842753052711487
YGL172W,YOR351C,0,0.45913255,0.13999705016613007,0.9481555223464966,0.5843753218650818
YGR032W,YLR209C,0,0.45867717,0.13997645676136017,0.9481555223464966,0.5844753384590149
YOL057W,YDL028C,0,0.45861417,0.13995584845542908,0.9481555223464966,0.584575355052948
YML078W,YDR519W,1,0.4559092,0.14008240401744843,0.9491525292396545,0.584575355052948
YKL090W,YDR159W,0,0.45530728,0.14006179571151733,0.9491525292396545,0.5846754312515259
YMR276W,YER087W,0,0.45521617,0.14004118740558624,0.9491525292396545,0.584775447845459
YCL057W,YDR262W,0,0.45519066,0.14002059400081635,0.9491525292396545,0.5848754644393921
YDR205W,YPR200C,0,0.45511138,0.14000000059604645,0.9491525292396545,0.5849754810333252
YOL045W,YMR019W,0,0.4544996,0.13997942209243774,0.9491525292396545,0.5850754976272583
YNR004W,YOR239W,0,0.45335832,0.13995882868766785,0.9491525292396545,0.5851755738258362
YDR389W,YBR115C,0,0.45156956,0.13993826508522034,0.9491525292396545,0.5852755904197693
YPL002C,YNL267W,0,0.45067182,0.13991770148277283,0.9491525292396545,0.5853756070137024
YBL026W,YOR351C,0,0.45039928,0.13989713788032532,0.9491525292396545,0.5854756236076355
YMR296C,YGR134W,0,0.44948965,0.1398765742778778,0.9491525292396545,0.5855756998062134
YNL314W,YFR029W,0,0.44933715,0.1398560255765915,0.9491525292396545,0.5856757164001465
YDR512C,YJL176C,0,0.4483522,0.13983549177646637,0.9491525292396545,0.5857757329940796
YBR183W,YFR052W,0,0.44778663,0.13981495797634125,0.9491525292396545,0.5858757495880127
YDL024C,YLR033W,0,0.4475001,0.13979442417621613,0.9491525292396545,0.5859757661819458
YML049C,YLR073C,0,0.44667917,0.139773890376091,0.9491525292396545,0.5860758423805237
YOR020C,YCL026C-B,0,0.44655913,0.13975337147712708,0.9491525292396545,0.5861758589744568
YDR414C,YDL202W,0,0.44645882,0.13973286747932434,0.9491525292396545,0.5862758755683899
YLR386W,YPR006C,0,0.44640285,0.1397123634815216,0.9491525292396545,0.586375892162323
YAR002C-A,YNL284C,0,0.44590694,0.13969185948371887,0.9491525292396545,0.5864759683609009
YJL112W,YBL113C,0,0.44558144,0.13967135548591614,0.9491525292396545,0.586575984954834
YMR186W,YCL026C-B,0,0.4452994,0.1396508663892746,0.9491525292396545,0.5866760015487671
YPL122C,YGR214W,0,0.4425358,0.13963039219379425,0.9491525292396545,0.5867760181427002
YFR029W,YMR005W,0,0.4423411,0.1396099179983139,0.9491525292396545,0.5868760347366333
YDR512C,YBR238C,0,0.4418007,0.13958944380283356,0.9491525292396545,0.5869761109352112
YIL061C,YJL071W,0,0.44123003,0.1395689845085144,0.9491525292396545,0.5870761275291443
YIL139C,YDR403W,0,0.44102386,0.13954852521419525,0.9491525292396545,0.5871761441230774
YFR045W,YBR010W,0,0.4400676,0.1395280659198761,0.9491525292396545,0.5872761607170105
YLR107W,YBL052C,0,0.4394099,0.13950762152671814,0.9491525292396545,0.5873762369155884
YLR359W,YBR276C,0,0.43940353,0.13948717713356018,0.9491525292396545,0.5874762535095215
YPR162C,YLR278C,0,0.43877307,0.13946674764156342,0.9491525292396545,0.5875762701034546
YJR149W,YER090W,0,0.4387211,0.13944631814956665,0.9491525292396545,0.5876762866973877
YKR035W-A,YGR276C,0,0.43864644,0.13942588865756989,0.9491525292396545,0.5877763032913208
YJL128C,YGL190C,0,0.4386438,0.13940547406673431,0.9491525292396545,0.5878763794898987
YPR191W,YDR195W,0,0.43795368,0.13938505947589874,0.9491525292396545,0.5879763960838318
YDR310C,YDL074C,0,0.43740034,0.13936465978622437,0.9491525292396545,0.5880764126777649
YLR383W,YIL177C,0,0.43719336,0.13934426009655,0.9491525292396545,0.588176429271698
YJR036C,YHR156C,0,0.43706945,0.1393238753080368,0.9491525292396545,0.5882765054702759
YPR194C,YKR102W,0,0.4349342,0.13930347561836243,0.9491525292396545,0.588376522064209
YBL026W,YCR046C,0,0.434102,0.13928310573101044,0.9491525292396545,0.5884765386581421
YKL041W,YNL281W,0,0.43372855,0.13926272094249725,0.9491525292396545,0.5885765552520752
YCL043C,YHR079C,0,0.43356696,0.13924235105514526,0.9491525292396545,0.5886766314506531
YKR103W,YKL144C,0,0.43337595,0.13922199606895447,0.9491525292396545,0.5887766480445862
YDR337W,YAL029C,0,0.4331689,0.13920164108276367,0.9491525292396545,0.5888766646385193
YIR018W,YPL183W-A,0,0.43272477,0.13918128609657288,0.9491525292396545,0.5889766812324524
YLR105C,YMR034C,0,0.43260956,0.13916094601154327,0.9491525292396545,0.5890766978263855
YMR112C,YBL079W,0,0.43219778,0.13914060592651367,0.9491525292396545,0.5891767740249634
YNL283C,YDR404C,0,0.4308917,0.13912026584148407,0.9491525292396545,0.5892767906188965
YOL093W,YPR152C,0,0.42993107,0.13909994065761566,0.9491525292396545,0.5893768072128296
YKL074C,YKL097W-A,0,0.42991287,0.13907961547374725,0.9491525292396545,0.5894768238067627
YLR182W,YGL010W,0,0.42950475,0.13905930519104004,0.9491525292396545,0.5895769000053406
YHR057C,YBR155W,1,0.42784402,0.13918504118919373,0.9501495361328125,0.5895769000053406
YDR494W,YDR497C,0,0.42781433,0.13916471600532532,0.9501495361328125,0.5896769165992737
YGR216C,YNL016W,0,0.42751047,0.1391444057226181,0.9501495361328125,0.5897769331932068
YJR151C,YOR209C,0,0.4271778,0.1391240805387497,0.9501495361328125,0.5898769497871399
YMR008C,YBR080C,0,0.4259253,0.13910378515720367,0.9501495361328125,0.589976966381073
YCL014W,YBR074W,0,0.42574975,0.13908347487449646,0.9501495361328125,0.5900770425796509
YOL057W,YNR021W,0,0.4255765,0.13906317949295044,0.9501495361328125,0.590177059173584
YOR251C,YDR138W,0,0.42455044,0.1390428990125656,0.9501495361328125,0.5902770757675171
YDR076W,YNL084C,0,0.42414376,0.1390226185321808,0.9501495361328125,0.5903770923614502
YGL158W,YCR055C,0,0.42399567,0.13900233805179596,0.9501495361328125,0.5904771685600281
YKL205W,YER087C-B,0,0.42313236,0.13898205757141113,0.9501495361328125,0.5905771851539612
YPR024W,YKL210W,0,0.4219033,0.1389617919921875,0.9501495361328125,0.5906772017478943
YLR395C,YLL004W,0,0.42030334,0.13894154131412506,0.9501495361328125,0.5907772183418274
YBR081C,YKL165C,0,0.41957092,0.13892127573490143,0.9501495361328125,0.5908772349357605
YOR237W,YAL017W,0,0.41925752,0.13890103995800018,0.9501495361328125,0.5909773111343384
YGL226C-A,YIL017W,0,0.41892302,0.13888078927993774,0.9501495361328125,0.5910773277282715
YMR200W,YMR214W,1,0.41783863,0.13900627195835114,0.9511465430259705,0.5910773277282715
YPR072W,YGL112C,0,0.41764408,0.1389860212802887,0.9511465430259705,0.5911773443222046
YNL271C,YDR472W,0,0.4166522,0.13896577060222626,0.9511465430259705,0.5912773609161377
YOR142W,YDL198C,0,0.4159775,0.138945534825325,0.9511465430259705,0.5913774371147156
YDR310C,YMR229C,0,0.4127204,0.13892529904842377,0.9511465430259705,0.5914774537086487
YPR162C,YJR149W,0,0.41186637,0.13890506327152252,0.9511465430259705,0.5915774703025818
YFR013W,YLR130C,0,0.411712,0.13888484239578247,0.9511465430259705,0.5916774868965149
YKL161C,YER087C-B,0,0.41152313,0.13886462152004242,0.9511465430259705,0.591777503490448
YBR059C,YDR364C,0,0.41019893,0.13884441554546356,0.9511465430259705,0.5918775796890259
YBR278W,YFL001W,0,0.40914512,0.1388242095708847,0.9511465430259705,0.591977596282959
YOL129W,YDR196C,0,0.40897816,0.13880401849746704,0.9511465430259705,0.5920776128768921
YFR045W,YJR034W,0,0.40845624,0.13878382742404938,0.9511465430259705,0.5921776294708252
YMR054W,YJR140C,0,0.4079833,0.1387636363506317,0.9511465430259705,0.5922777056694031
YMR321C,YOR123C,0,0.4074645,0.13874346017837524,0.9511465430259705,0.5923777222633362
YNL202W,YDR444W,0,0.4074101,0.13872328400611877,0.9511465430259705,0.5924777388572693
YLL004W,YCR026C,0,0.4069813,0.1387031078338623,0.9511465430259705,0.5925777554512024
YOL124C,YHR085W,0,0.40691036,0.13868294656276703,0.9511465430259705,0.5926778316497803
YMR038C,YFL017W-A,0,0.40509295,0.13866278529167175,0.9511465430259705,0.5927778482437134
YDR296W,YOR008C,0,0.40470988,0.13864263892173767,0.9511465430259705,0.5928778648376465
YPR135W,YDR457W,0,0.40363675,0.1386224925518036,0.9511465430259705,0.5929778814315796
YDR082W,YGL180W,0,0.40132785,0.1386023461818695,0.9511465430259705,0.5930778980255127
YKR071C,YDR332W,0,0.40091762,0.13858221471309662,0.9511465430259705,0.5931779742240906
YIR005W,YGR276C,0,0.39958507,0.13856209814548492,0.9511465430259705,0.5932779908180237
YPR182W,YAR031W,0,0.39943478,0.13854196667671204,0.9511465430259705,0.5933780074119568
YPR144C,YMR005W,0,0.39942664,0.13852185010910034,0.9511465430259705,0.5934780240058899
YNL258C,YGL004C,0,0.39899528,0.13850174844264984,0.9511465430259705,0.5935781002044678
YGL241W,YGR239C,0,0.39861906,0.13848163187503815,0.9511465430259705,0.5936781167984009
YDR369C,YGL233W,0,0.3975893,0.13846154510974884,0.9511465430259705,0.593778133392334
YPL042C,YGR105W,0,0.39745945,0.13844144344329834,0.9511465430259705,0.5938781499862671
YJR151C,YER130C,0,0.3964481,0.13842135667800903,0.9511465430259705,0.5939781665802002
YOL129W,YDL140C,0,0.3961398,0.13840126991271973,0.9511465430259705,0.5940782427787781
YLR141W,YNL147W,0,0.39496776,0.1383811980485916,0.9511465430259705,0.5941782593727112
YEL036C,YDL015C,0,0.39483577,0.1383611261844635,0.9511465430259705,0.5942782759666443
YGL050W,YGL169W,0,0.3943345,0.13834106922149658,0.9511465430259705,0.5943782925605774
YOR287C,YKL203C,0,0.39394954,0.13832101225852966,0.9511465430259705,0.5944783687591553
YOR275C,YDL035C,0,0.39359266,0.13830095529556274,0.9511465430259705,0.5945783853530884
YMR315W,YDR353W,0,0.39301315,0.13828091323375702,0.9511465430259705,0.5946784019470215
YER117W,YOR294W,0,0.39296907,0.1382608711719513,0.9511465430259705,0.5947784185409546
YLR447C,YJL214W,0,0.3923968,0.13824082911014557,0.9511465430259705,0.5948784351348877
YBR276C,YKR068C,0,0.3921646,0.13822080194950104,0.9511465430259705,0.5949785113334656
YOL045W,YNL027W,0,0.3920381,0.1382007896900177,0.9511465430259705,0.5950785279273987
YPL252C,YLR390W,0,0.3919466,0.13818076252937317,0.9511465430259705,0.5951785445213318
YLR305C,YBR243C,0,0.39177752,0.13816075026988983,0.9511465430259705,0.5952785611152649
YOL070C,YDL022W,0,0.39172202,0.1381407529115677,0.9511465430259705,0.5953786373138428
YPR127W,YGL019W,0,0.39065626,0.13812074065208435,0.9511465430259705,0.5954786539077759
YJR107W,YOR304W,0,0.38927382,0.1381007581949234,0.9511465430259705,0.595578670501709
YOR292C,YBR230C,0,0.38884374,0.13808076083660126,0.9511465430259705,0.5956786870956421
YJR082C,YOR138C,0,0.38872054,0.1380607783794403,0.9511465430259705,0.59577876329422
YBR118W,YDR457W,0,0.38819057,0.13804081082344055,0.9511465430259705,0.5958787798881531
YJL081C,YPL244C,0,0.38729724,0.1380208283662796,0.9511465430259705,0.5959787964820862
YDR137W,YBL089W,0,0.38685563,0.13800086081027985,0.9511465430259705,0.5960788130760193
YGR105W,YLR160C,0,0.38584322,0.13798090815544128,0.9511465430259705,0.5961788296699524
YBR294W,YLR270W,0,0.38565063,0.13796095550060272,0.9511465430259705,0.5962789058685303
YOR292C,YBR281C,0,0.38558462,0.13794100284576416,0.9511465430259705,0.5963789224624634
YHR209W,YPR091C,0,0.38533753,0.1379210650920868,0.9511465430259705,0.5964789390563965
YGR252W,YGR171C,0,0.38372108,0.13790112733840942,0.9511465430259705,0.5965789556503296
YOR106W,YPL122C,0,0.38352928,0.13788118958473206,0.9511465430259705,0.5966790318489075
YPL131W,YFL066C,0,0.3824955,0.13786126673221588,0.9511465430259705,0.5967790484428406
YMR019W,YDR498C,0,0.3820699,0.1378413587808609,0.9511465430259705,0.5968790650367737
YLR009W,YJR130C,0,0.381711,0.13782143592834473,0.9511465430259705,0.5969790816307068
YPL127C,YBR230C,0,0.3809332,0.13780152797698975,0.9511465430259705,0.5970790982246399
YOL142W,YDR476C,0,0.380555,0.13778163492679596,0.9511465430259705,0.5971791744232178
YEL052W,YDL198C,0,0.37976357,0.13776172697544098,0.9511465430259705,0.5972791910171509
YNL283C,YOR085W,0,0.3797317,0.1377418488264084,0.9511465430259705,0.597379207611084
YNL219C,YCR002C,0,0.3795241,0.1377219557762146,0.9511465430259705,0.5974792242050171
YDR461W,YEL056W,0,0.37912807,0.137702077627182,0.9511465430259705,0.597579300403595
YGR112W,YBR192W,0,0.37894452,0.13768219947814941,0.9511465430259705,0.5976793169975281
YLR291C,YKR028W,0,0.3783623,0.13766233623027802,0.9511465430259705,0.5977793335914612
YIL170W,YFL017W-A,0,0.3783601,0.13764247298240662,0.9511465430259705,0.5978793501853943
YGR144W,YJL176C,0,0.37759468,0.1376226246356964,0.9511465430259705,0.5979793667793274
YLR289W,YAL063C,0,0.377207,0.1376027762889862,0.9511465430259705,0.5980794429779053
YPR111W,YIL047C,0,0.37714645,0.137582927942276,0.9511465430259705,0.5981794595718384
YMR304W,YLR151C,0,0.37701192,0.1375630795955658,0.9511465430259705,0.5982794761657715
YKR103W,YDR207C,0,0.3767779,0.13754324615001678,0.9511465430259705,0.5983794927597046
YNL304W,YJL085W,0,0.3765009,0.13752342760562897,0.9511465430259705,0.5984795689582825
YJR034W,YMR240C,0,0.37623164,0.13750360906124115,0.9511465430259705,0.5985795855522156
YNL085W,YNL027W,0,0.3760204,0.13748379051685333,0.9511465430259705,0.5986796021461487
YJL140W,YOR313C,0,0.37551117,0.13746397197246552,0.9511465430259705,0.5987796187400818
YMR093W,YOR355W,0,0.3746358,0.1374441683292389,0.9511465430259705,0.5988796353340149
YHR109W,YLR050C,0,0.3741297,0.13742437958717346,0.9511465430259705,0.5989797115325928
YBL005W-B,YHL027W,0,0.37341756,0.13740457594394684,0.9511465430259705,0.5990797281265259
YPL274W,YDR444W,0,0.37235454,0.1373847872018814,0.9511465430259705,0.599179744720459
YBR195C,YPL208W,0,0.37210643,0.13736501336097717,0.9511465430259705,0.5992797613143921
YJR107W,YFL033C,0,0.37207985,0.13734523952007294,0.9511465430259705,0.59937983751297
YGR271W,YOR020C,0,0.37083966,0.1373254656791687,0.9511465430259705,0.5994798541069031
YHR164C,YDR159W,0,0.36899465,0.13730570673942566,0.9511465430259705,0.5995798707008362
YIL079C,YGR271W,0,0.36851028,0.13728594779968262,0.9511465430259705,0.5996798872947693
YDR082W,YGR105W,0,0.3679049,0.13726618885993958,0.9511465430259705,0.5997799634933472
YNL282W,YOR311C,0,0.36768237,0.13724644482135773,0.9511465430259705,0.5998799800872803
YDR076W,YPR006C,0,0.36721402,0.13722670078277588,0.9511465430259705,0.5999799966812134
YPR191W,YDR429C,0,0.36673677,0.13720695674419403,0.9511465430259705,0.6000800132751465
YMR194W,YDR081C,0,0.36598724,0.13718722760677338,0.9511465430259705,0.6001800298690796
YOR304W,YLR325C,0,0.36553925,0.13716749846935272,0.9511465430259705,0.6002801060676575
YHR214C-B,YBR287W,0,0.3650165,0.13714778423309326,0.9511465430259705,0.6003801226615906
YBR120C,YPR002W,0,0.364982,0.1371280699968338,0.9511465430259705,0.6004801392555237
YPL213W,YGR167W,0,0.36447746,0.13710837066173553,0.9511465430259705,0.6005801558494568
YBR261C,YLR103C,0,0.36397386,0.13708865642547607,0.9511465430259705,0.6006802320480347
YLR028C,YOR355W,0,0.3631038,0.137068971991539,0.9511465430259705,0.6007802486419678
YLL004W,YOR251C,0,0.36284193,0.13704927265644073,0.9511465430259705,0.6008802652359009
YHR034C,YGL128C,1,0.36170024,0.13717322051525116,0.9521435499191284,0.6008802652359009
YER171W,YOR351C,0,0.36033398,0.1371535211801529,0.9521435499191284,0.600980281829834
YOR145C,YPL112C,0,0.36024195,0.13713383674621582,0.9521435499191284,0.6010802984237671
YLR321C,YGR072W,0,0.36014766,0.13711413741111755,0.9521435499191284,0.601180374622345
YOL028C,YIL017W,0,0.3596357,0.13709445297718048,0.9521435499191284,0.6012803912162781
YFR031C,YEL037C,0,0.35930178,0.1370747834444046,0.9521435499191284,0.6013804078102112
YNL202W,YOL107W,0,0.35913694,0.13705511391162872,0.9521435499191284,0.6014804244041443
YKR057W,YLR129W,0,0.35910192,0.13703544437885284,0.9521435499191284,0.6015805006027222
YNR004W,YHR109W,0,0.35900784,0.13701577484607697,0.9521435499191284,0.6016805171966553
YPL134C,YNL026W,0,0.35857087,0.13699612021446228,0.9521435499191284,0.6017805337905884
YDR233C,YKL174C,0,0.3584125,0.1369764804840088,0.9521435499191284,0.6018805503845215
YLR305C,YEL022W,0,0.3579583,0.1369568407535553,0.9521435499191284,0.6019805669784546
YAL038W,YOR230W,0,0.35765153,0.1369372010231018,0.9521435499191284,0.6020806431770325
YLR312W-A,YGL046W,0,0.35687172,0.13691756129264832,0.9521435499191284,0.6021806597709656
YPL113C,YOR180C,0,0.35618368,0.13689793646335602,0.9521435499191284,0.6022806763648987
YKL200C,YNL236W,0,0.3560252,0.13687831163406372,0.9521435499191284,0.6023806929588318
YNL202W,YNL208W,0,0.35549673,0.13685870170593262,0.9521435499191284,0.6024807691574097
YPL200W,YLR016C,0,0.35507852,0.1368390917778015,0.9521435499191284,0.6025807857513428
YMR200W,YML132W,0,0.3539431,0.1368194818496704,0.9521435499191284,0.6026808023452759
YBR195C,YLR268W,0,0.3527853,0.1367998868227005,0.9521435499191284,0.602780818939209
YBR075W,YCL032W,0,0.35239443,0.1367802917957306,0.9521435499191284,0.6028808355331421
YOR074C,YLR329W,0,0.3523757,0.13676071166992188,0.9521435499191284,0.60298091173172
YKL022C,YDL208W,0,0.35198247,0.13674111664295197,0.9521435499191284,0.6030809283256531
YJR055W,YKL117W,0,0.35159072,0.13672155141830444,0.9521435499191284,0.6031809449195862
YLR191W,YLL033W,0,0.35135692,0.13670197129249573,0.9521435499191284,0.6032809615135193
YHR060W,YGL233W,0,0.35096583,0.1366824060678482,0.9521435499191284,0.6033810377120972
YDR351W,YJL004C,0,0.35035634,0.13666285574436188,0.9521435499191284,0.6034810543060303
YFL066C,YIL133C,0,0.34985763,0.13664329051971436,0.9521435499191284,0.6035810708999634
YOR206W,YCR002C,0,0.34970272,0.13662375509738922,0.9521435499191284,0.6036810874938965
YCR014C,YIL020C,0,0.34833422,0.1366042047739029,0.9521435499191284,0.6037811636924744
YBL068W,YMR268W-A,0,0.34820616,0.13658466935157776,0.9521435499191284,0.6038811802864075
YGR081C,YDR337W,0,0.34688687,0.13656513392925262,0.9521435499191284,0.6039811968803406
YKL174C,YML030W,0,0.3462891,0.13654561340808868,0.9521435499191284,0.6040812134742737
YDR164C,YPL104W,0,0.34608716,0.13652609288692474,0.9521435499191284,0.6041812300682068
YGL014W,YBL091C-A,0,0.34577608,0.1365065723657608,0.9521435499191284,0.6042813062667847
YMR137C,YPL259C,0,0.34526122,0.13648706674575806,0.9521435499191284,0.6043813228607178
YPR144C,YOL141W,0,0.345137,0.1364675611257553,0.9521435499191284,0.6044813394546509
YGL158W,YDL206W,0,0.34460858,0.13644807040691376,0.9521435499191284,0.604581356048584
YLR314C,YMR033W,0,0.34416896,0.136428564786911,0.9521435499191284,0.6046814322471619
YJR078W,YNL223W,0,0.34186077,0.13640908896923065,0.9521435499191284,0.604781448841095
YER008C,YNL092W,0,0.3417575,0.1363895982503891,0.9521435499191284,0.6048814654350281
YGR239C,YFL023W,0,0.34028897,0.13637012243270874,0.9521435499191284,0.6049814820289612
YOR074C,YDR457W,0,0.33988026,0.13635066151618958,0.9521435499191284,0.6050814986228943
YCL008C,YHR077C,0,0.33952492,0.13633118569850922,0.9521435499191284,0.6051815748214722
YFR021W,YML109W,0,0.33892375,0.13631173968315125,0.9521435499191284,0.6052815914154053
YDR383C,YOL111C,0,0.3385593,0.13629227876663208,0.9521435499191284,0.6053816080093384
YMR315W,YKL189W,0,0.3383743,0.1362728327512741,0.9521435499191284,0.6054816246032715
YGL212W,YNR044W,0,0.3378428,0.13625338673591614,0.9521435499191284,0.6055817008018494
YLR130C,YDL035C,0,0.33741856,0.13623395562171936,0.9521435499191284,0.6056817173957825
YDL107W,YGR222W,0,0.3365847,0.13621452450752258,0.9521435499191284,0.6057817339897156
YBR080C,YDR207C,0,0.3355282,0.1361950933933258,0.9521435499191284,0.6058817505836487
YKL020C,YMR308C,0,0.33534652,0.13617567718029022,0.9521435499191284,0.6059817671775818
YGL209W,YKL038W,0,0.33510336,0.13615626096725464,0.9521435499191284,0.6060818433761597
YGR238C,YGR222W,0,0.33420312,0.13613684475421906,0.9521435499191284,0.6061818599700928
YDL059C,YCL026C-B,0,0.33381152,0.13611744344234467,0.9521435499191284,0.6062818765640259
YDR172W,YIL020C,0,0.33368444,0.13609804213047028,0.9521435499191284,0.606381893157959
YGR077C,YGL046W,0,0.33175415,0.13607865571975708,0.9521435499191284,0.6064819693565369
YNL238W,YCR097WB,0,0.33159825,0.13605926930904388,0.9521435499191284,0.60658198595047
YNL238W,YCR002C,0,0.3311956,0.1360398828983307,0.9521435499191284,0.6066820025444031
YDR076W,YJL004C,0,0.3309428,0.1360205113887787,0.9521435499191284,0.6067820191383362
YBL091C-A,YDR229W,0,0.33043247,0.13600113987922668,0.9521435499191284,0.6068820357322693
YJL024C,YCL026C-B,0,0.33025926,0.13598176836967468,0.9521435499191284,0.6069821119308472
YHR030C,YEL040W,0,0.33001292,0.13596241176128387,0.9521435499191284,0.6070821285247803
YJR031C,YJL006C,0,0.3295436,0.13594305515289307,0.9521435499191284,0.6071821451187134
YHR179W,YDL028C,0,0.32915074,0.13592371344566345,0.9521435499191284,0.6072821617126465
YOL129W,YDR389W,0,0.328941,0.13590437173843384,0.9521435499191284,0.6073822379112244
YLR329W,YOR085W,0,0.32892784,0.13588503003120422,0.9521435499191284,0.6074822545051575
YER055C,YGR084C,0,0.32865077,0.1358657032251358,0.9521435499191284,0.6075822710990906
YOR126C,YFL033C,0,0.32813457,0.13584637641906738,0.9521435499191284,0.6076822876930237
YPL042C,YDR240C,0,0.32792833,0.13582704961299896,0.9521435499191284,0.6077823638916016
YGR010W,YJL029C,0,0.32792017,0.13580773770809174,0.9521435499191284,0.6078823804855347
YBR059C,YNL032W,0,0.32786718,0.1357884258031845,0.9521435499191284,0.6079823970794678
YJR010W,YNR072W,0,0.32673362,0.13576912879943848,0.9521435499191284,0.6080824136734009
YPL112C,YNR072W,0,0.32649586,0.13574981689453125,0.9521435499191284,0.608182430267334
YBR066C,YMR273C,0,0.32640654,0.1357305347919464,0.9521435499191284,0.6082825064659119
YKL126W,YLR329W,0,0.32551822,0.13571123778820038,0.9521435499191284,0.608382523059845
YKL124W,YNR060W,0,0.32507527,0.13569195568561554,0.9521435499191284,0.6084825396537781
YBR182C,YOL136C,0,0.32480484,0.1356726735830307,0.9521435499191284,0.6085825562477112
YMR025W,YDL015C,0,0.32394218,0.13565340638160706,0.9521435499191284,0.6086826324462891
YPL259C,YLL040C,0,0.32362935,0.1356341391801834,0.9521435499191284,0.6087826490402222
YJL024C,YNL122C,0,0.3234268,0.13561488687992096,0.9521435499191284,0.6088826656341553
YGR225W,YOR275C,0,0.32322526,0.13559561967849731,0.9521435499191284,0.6089826822280884
YLR191W,YGL170C,0,0.32102674,0.13557638227939606,0.9521435499191284,0.6090826988220215
YBR125C,YJL004C,0,0.32077008,0.1355571299791336,0.9521435499191284,0.6091827750205994
YDR090C,YLR043C,0,0.32016164,0.13553789258003235,0.9521435499191284,0.6092827916145325
YER154W,YHR156C,0,0.32010096,0.1355186551809311,0.9521435499191284,0.6093828082084656
YDL179W,YGL113W,0,0.32008544,0.13549943268299103,0.9521435499191284,0.6094828248023987
YKL126W,YNL121C,0,0.31964213,0.13548021018505096,0.9521435499191284,0.6095829010009766
YFR018C,YMR034C,0,0.31938592,0.1354609876871109,0.9521435499191284,0.6096829175949097
YFL066C,YNL026W,0,0.31912997,0.13544178009033203,0.9521435499191284,0.6097829341888428
YPR024W,YGR251W,0,0.31842563,0.13542257249355316,0.9521435499191284,0.6098829507827759
YDR423C,YOL052C,0,0.31808788,0.13540337979793549,0.9521435499191284,0.609982967376709
YPR072W,YKL166C,0,0.3176192,0.13538417220115662,0.9521435499191284,0.6100830435752869
YDR195W,YDR226W,0,0.31690973,0.13536499440670013,0.9521435499191284,0.61018306016922
YNL085W,YLR447C,0,0.3163743,0.13534580171108246,0.9521435499191284,0.6102830767631531
YGL172W,YLR301W,0,0.3161623,0.13532662391662598,0.9521435499191284,0.6103830933570862
YLR105C,YDR083W,0,0.31605417,0.1353074461221695,0.9521435499191284,0.6104831695556641
YNL238W,YNL121C,0,0.3158334,0.1352882832288742,0.9521435499191284,0.6105831861495972
YNL202W,YPL244C,0,0.31500596,0.13526912033557892,0.9521435499191284,0.6106832027435303
YHR214C-B,YJL192C,0,0.3147757,0.13524995744228363,0.9521435499191284,0.6107832193374634
YLL051C,YJR119C,0,0.31395727,0.13523080945014954,0.9521435499191284,0.6108832359313965
YDR476C,YGL203C,0,0.31379968,0.13521166145801544,0.9521435499191284,0.6109833121299744
YJR053W,YBR010W,0,0.31376287,0.13519252836704254,0.9521435499191284,0.6110833287239075
YGR238C,YBR120C,0,0.31350297,0.13517339527606964,0.9521435499191284,0.6111833453178406
YOR126C,YLR164W,0,0.31339613,0.13515426218509674,0.9521435499191284,0.6112833619117737
YOR138C,YOR180C,0,0.3132416,0.13513512909412384,0.9521435499191284,0.6113834381103516
YDR211W,YPL244C,0,0.31242552,0.13511601090431213,0.9521435499191284,0.6114834547042847
YDL028C,YDR369C,0,0.31228203,0.13509690761566162,0.9521435499191284,0.6115834712982178
YOR283W,YER002W,0,0.3120938,0.13507778942584991,0.9521435499191284,0.6116834878921509
YGR175C,YDL074C,0,0.3117476,0.1350586861371994,0.9521435499191284,0.6117835640907288
YAR027W,YLR224W,0,0.3110024,0.13503959774971008,0.9521435499191284,0.6118835806846619
YOR159C,YDR492W,0,0.3099545,0.13502049446105957,0.9521435499191284,0.611983597278595
YLR353W,YIL021W,0,0.3089317,0.13500142097473145,0.9521435499191284,0.6120836138725281
YKR066C,YGR105W,0,0.30863383,0.13498233258724213,0.9521435499191284,0.6121836304664612
YPL064C,YAL053W,1,0.30833682,0.13510458171367645,0.9531405568122864,0.6121836304664612
YPR171W,YMR033W,0,0.30807805,0.13508549332618713,0.9531405568122864,0.6122837066650391
YDR476C,YIR005W,0,0.3078044,0.13506640493869781,0.9531405568122864,0.6123837232589722
YER049W,YOR304C-A,0,0.30724996,0.1350473165512085,0.9531405568122864,0.6124837398529053
YMR160W,YLR389C,0,0.30568722,0.13502824306488037,0.9531405568122864,0.6125837564468384
YPL064C,YKL097W-A,0,0.30449328,0.13500918447971344,0.9531405568122864,0.6126838326454163
YHR085W,YKL144C,0,0.30403155,0.13499011099338531,0.9531405568122864,0.6127838492393494
YNL107W,YDR449C,0,0.3030982,0.13497105240821838,0.9531405568122864,0.6128838658332825
YKL097W-A,YKR068C,0,0.3027823,0.13495200872421265,0.9531405568122864,0.6129838824272156
YPL240C,YCL026C-B,0,0.3023692,0.13493295013904572,0.9531405568122864,0.6130838990211487
YLR295C,YDR423C,0,0.30227757,0.13491392135620117,0.9531405568122864,0.6131839752197266
YBR282W,YGL148W,0,0.30133736,0.13489487767219543,0.9531405568122864,0.6132839918136597
YNR017W,YDR498C,0,0.30100307,0.1348758488893509,0.9531405568122864,0.6133840084075928
YDL216C,YPR127W,0,0.30016553,0.13485682010650635,0.9531405568122864,0.6134840250015259
YER050C,YHR056C,0,0.29881883,0.134837806224823,0.9531405568122864,0.6135841012001038
YOR020C,YJL073W,1,0.2981801,0.13495980203151703,0.9541375637054443,0.6135841012001038
YPR026W,YDR460W,0,0.2960111,0.13494077324867249,0.9541375637054443,0.6136841177940369
YMR276W,YNL006W,0,0.29589522,0.13492175936698914,0.9541375637054443,0.61378413438797
YNL131W,YDR174W,0,0.2957434,0.1349027305841446,0.9541375637054443,0.6138841509819031
YHR030C,YOR349W,0,0.29551578,0.13488371670246124,0.9541375637054443,0.6139841675758362
YOL142W,YOR085W,0,0.29481804,0.1348647177219391,0.9541375637054443,0.6140842437744141
YLR359W,YGR143W,0,0.29465657,0.13484570384025574,0.9541375637054443,0.6141842603683472
YPR144C,YGR251W,0,0.2946468,0.13482670485973358,0.9541375637054443,0.6142842769622803
YDR285W,YOR194C,0,0.29459155,0.13480772078037262,0.9541375637054443,0.6143842935562134
YBL041W,YDR151C,0,0.29427314,0.13478873670101166,0.9541375637054443,0.6144843697547913
YDR144C,YJR006W,0,0.2939399,0.1347697526216507,0.9541375637054443,0.6145843863487244
YML032C,YOR084W,0,0.29383272,0.13475076854228973,0.9541375637054443,0.6146844029426575
YNL079C,YLR429W,0,0.29378447,0.13473179936408997,0.9541375637054443,0.6147844195365906
YOR074C,YCR046C,0,0.29358587,0.1347128450870514,0.9541375637054443,0.6148844361305237
YPL188W,YHR051W,0,0.29321235,0.13469387590885162,0.9541375637054443,0.6149845123291016
YOR275C,YMR304W,0,0.29206344,0.13467492163181305,0.9541375637054443,0.6150845289230347
YDL140C,YGL004C,0,0.29083765,0.13465596735477448,0.9541375637054443,0.6151845455169678
YDR306C,YDR218C,0,0.28985488,0.1346370279788971,0.9541375637054443,0.6152845621109009
YDR026C,YLR165C,0,0.28954583,0.13461808860301971,0.9541375637054443,0.6153846383094788
YKL119C,YDR461W,0,0.2894052,0.13459914922714233,0.9541375637054443,0.6154846549034119
YGL236C,YNL259C,0,0.28911132,0.13458022475242615,0.9541375637054443,0.615584671497345
YEL022W,YMR160W,0,0.28870255,0.13456130027770996,0.9541375637054443,0.6156846880912781
YDR059C,YLR278C,0,0.2878083,0.13454239070415497,0.9541375637054443,0.615784764289856
YKL190W,YOR261C,0,0.28746367,0.13452348113059998,0.9541375637054443,0.6158847808837891
YDR131C,YBR145W,0,0.28716415,0.13450457155704498,0.9541375637054443,0.6159847974777222
YDR137W,YOR089C,0,0.28573757,0.13448566198349,0.9541375637054443,0.6160848140716553
YNL238W,YLR209C,0,0.2847826,0.1344667673110962,0.9541375637054443,0.6161848306655884
YKR103W,YLR042C,0,0.2846449,0.1344478726387024,0.9541375637054443,0.6162849068641663
YDR460W,YEL053C,0,0.28402787,0.1344289928674698,0.9541375637054443,0.6163849234580994
YER175C,YGL241W,0,0.28394794,0.13441011309623718,0.9541375637054443,0.6164849400520325
YMR013C,YDL202W,0,0.2826195,0.13439123332500458,0.9541375637054443,0.6165849566459656
YGR144W,YGL212W,0,0.28220072,0.13437236845493317,0.9541375637054443,0.6166850328445435
YJL187C,YKL189W,0,0.2807604,0.13435350358486176,0.9541375637054443,0.6167850494384766
YOR304C-A,YBR026C,0,0.27896863,0.13433463871479034,0.9541375637054443,0.6168850660324097
YJR078W,YFR018C,0,0.27891967,0.13431578874588013,0.9541375637054443,0.6169850826263428
YMR033W,YGR034W,0,0.27741987,0.1342969387769699,0.9541375637054443,0.6170850992202759
YDL059C,YCL052C,0,0.27738643,0.1342781037092209,0.9541375637054443,0.6171851754188538
YMR218C,YAL040C,0,0.2771212,0.13425925374031067,0.9541375637054443,0.6172851920127869
YDR310C,YGL233W,0,0.2762133,0.13424043357372284,0.9541375637054443,0.61738520860672
YGL172W,YGR216C,0,0.27589273,0.13422159850597382,0.9541375637054443,0.6174852252006531
YNL102W,YIL094C,0,0.27559143,0.134202778339386,0.9541375637054443,0.617585301399231
YKL022C,YGL060W,0,0.2755852,0.13418395817279816,0.9541375637054443,0.6176853179931641
YNL131W,YGR072W,0,0.27491352,0.13416515290737152,0.9541375637054443,0.6177853345870972
YBR260C,YDL206W,0,0.27431107,0.13414634764194489,0.9541375637054443,0.6178853511810303
YKL174C,YOR338W,0,0.2740569,0.13412754237651825,0.9541375637054443,0.6179853677749634
YOR243C,YPL218W,0,0.27381325,0.1341087371110916,0.9541375637054443,0.6180854439735413
YLR425W,YML071C,0,0.272568,0.13408994674682617,0.9541375637054443,0.6181854605674744
YER090W,YBL089W,0,0.27206814,0.13407117128372192,0.9541375637054443,0.6182854771614075
YKL009W,YKR056W,0,0.27192453,0.13405238091945648,0.9541375637054443,0.6183854937553406
YCL008C,YLR160C,0,0.27188656,0.13403362035751343,0.9541375637054443,0.6184855699539185
YJR031C,YLR330W,0,0.27186874,0.13401484489440918,0.9541375637054443,0.6185855865478516
YLR390W,YCL003W,0,0.2712917,0.13399608433246613,0.9541375637054443,0.6186856031417847
YDR067C,YEL070W,0,0.27076235,0.13397732377052307,0.9541375637054443,0.6187856197357178
YMR179W,YGL216W,0,0.27039608,0.13395856320858002,0.9541375637054443,0.6188856363296509
YPR125W,YMR143W,0,0.27009955,0.13393981754779816,0.9541375637054443,0.6189857125282288
YJR149W,YBL052C,0,0.26988837,0.1339210718870163,0.9541375637054443,0.6190857291221619
YJL030W,YLL017W,0,0.26986364,0.13390234112739563,0.9541375637054443,0.619185745716095
YLL041C,YML030W,0,0.26946077,0.13388361036777496,0.9541375637054443,0.6192857623100281
YOL070C,YJR083C,0,0.26935655,0.1338648796081543,0.9541375637054443,0.619385838508606
YGR081C,YDL111C,0,0.2690969,0.13384614884853363,0.9541375637054443,0.6194858551025391
YCL032W,YER190W,0,0.26897085,0.13382743299007416,0.9541375637054443,0.6195858716964722
YBR042C,YCL025C,0,0.2674464,0.13380873203277588,0.9541375637054443,0.6196858882904053
YLR208W,YML080W,0,0.26517308,0.1337900161743164,0.9541375637054443,0.6197859644889832
YFR018C,YKL165C,0,0.26498708,0.13377131521701813,0.9541375637054443,0.6198859810829163
YCL036W,YMR093W,0,0.26457798,0.13375261425971985,0.9541375637054443,0.6199859976768494
YPL188W,YMR034C,0,0.26373237,0.13373392820358276,0.9541375637054443,0.6200860142707825
YDR205W,YNL078W,0,0.26336235,0.13371524214744568,0.9541375637054443,0.6201860308647156
YOR209C,YPL050C,0,0.2627998,0.1336965560913086,0.9541375637054443,0.6202861070632935
YDL074C,YNL230C,0,0.26273006,0.1336778849363327,0.9541375637054443,0.6203861236572266
YCL024W,YDL039C,0,0.2622887,0.1336592137813568,0.9541375637054443,0.6204861402511597
YKL217W,YDR444W,0,0.2585388,0.13364055752754211,0.9541375637054443,0.6205861568450928
YNL192W,YKL124W,0,0.2584951,0.13362188637256622,0.9541375637054443,0.6206862330436707
YIL048W,YPR138C,0,0.25846648,0.13360324501991272,0.9541375637054443,0.6207862496376038
YNL032W,YLL004W,0,0.25794062,0.13358458876609802,0.9541375637054443,0.6208862662315369
YNL236W,YNL080C,0,0.25773922,0.13356594741344452,0.9541375637054443,0.62098628282547
YLR452C,YBR294W,0,0.2570514,0.13354730606079102,0.9541375637054443,0.6210862994194031
YDR059C,YML030W,0,0.25702557,0.1335286796092987,0.9541375637054443,0.621186375617981
YCR052W,YPL244C,0,0.25685245,0.1335100382566452,0.9541375637054443,0.6212863922119141
YOR243C,YKR028W,0,0.25666508,0.1334914267063141,0.9541375637054443,0.6213864088058472
YPR111W,YHR135C,0,0.256633,0.13347280025482178,0.9541375637054443,0.6214864253997803
YBR096W,YGL174W,0,0.2563942,0.13345418870449066,0.9541375637054443,0.6215865015983582
YGL083W,YKR028W,0,0.2562771,0.13343557715415955,0.9541375637054443,0.6216865181922913
YOR304C-A,YFL001W,0,0.25490054,0.13341698050498962,0.9541375637054443,0.6217865347862244
YJL114W,YAL060W,0,0.25395733,0.1333983838558197,0.9541375637054443,0.6218865513801575
YOL026C,YIL083C,0,0.25295416,0.13337978720664978,0.9541375637054443,0.6219865679740906
YPR163C,YLR309C,0,0.2524213,0.13336120545864105,0.9541375637054443,0.6220866441726685
YNL044W,YMR046C,0,0.25150943,0.13334262371063232,0.9541375637054443,0.6221866607666016
YMR301C,YNR028W,0,0.25143927,0.1333240419626236,0.9541375637054443,0.6222866773605347
YNL102W,YBR095C,0,0.25077456,0.13330547511577606,0.9541375637054443,0.6223866939544678
YMR182C,YPL113C,0,0.25032967,0.13328690826892853,0.9541375637054443,0.6224867701530457
YBR081C,YPL244C,0,0.25006303,0.133268341422081,0.9541375637054443,0.6225867867469788
YJL081C,YER052C,0,0.25003844,0.13324978947639465,0.9541375637054443,0.6226868033409119
YML051W,YOL052C,0,0.24990205,0.1332312375307083,0.9541375637054443,0.622786819934845
YKL078W,YIL095W,0,0.2495718,0.13321270048618317,0.9541375637054443,0.6228868365287781
YMR033W,YJL012C-A,0,0.24928904,0.13319414854049683,0.9541375637054443,0.622986912727356
YLR183C,YNR006W,0,0.24858737,0.13317562639713287,0.9541375637054443,0.6230869293212891
YMR123W,YNL070W,0,0.2469806,0.13315708935260773,0.9541375637054443,0.6231869459152222
YDL036C,YKL217W,0,0.24671143,0.13313856720924377,0.9541375637054443,0.6232869625091553
YJR149W,YFL054C,0,0.24599847,0.13312004506587982,0.9541375637054443,0.6233870387077332
YJR006W,YCL032W,0,0.2459912,0.13310152292251587,0.9541375637054443,0.6234870553016663
YDL142C,YNL010W,0,0.24575055,0.1330830156803131,0.9541375637054443,0.6235870718955994
YNL314W,YLR285W,0,0.2454788,0.13306452333927155,0.9541375637054443,0.6236870884895325
YJL011C,YNR057C,0,0.24366742,0.1330460160970688,0.9541375637054443,0.6237871646881104
YBR196C,YGL062W,0,0.24253312,0.13302752375602722,0.9541375637054443,0.6238871812820435
YHR164C,YJR021C,0,0.24221358,0.13300903141498566,0.9541375637054443,0.6239871978759766
YEL012W,YEL030W,0,0.24145658,0.13299055397510529,0.9541375637054443,0.6240872144699097
YOR209C,YMR114C,0,0.24045676,0.13297207653522491,0.9541375637054443,0.6241872310638428
YDL197C,YMR172W,0,0.2385643,0.13295359909534454,0.9541375637054443,0.6242873072624207
YOL145C,YGR113W,0,0.2383121,0.13293513655662537,0.9541375637054443,0.6243873238563538
YNL084C,YFR018C,0,0.23785247,0.1329166740179062,0.9541375637054443,0.6244873404502869
YDR285W,YBR281C,0,0.23686337,0.132898211479187,0.9541375637054443,0.62458735704422
YPL007C,YPL196W,0,0.23629695,0.13287974894046783,0.9541375637054443,0.6246874332427979
YPR083W,YDR470C,0,0.23580456,0.13286130130290985,0.9541375637054443,0.624787449836731
YKL171W,YER168C,0,0.23575392,0.13284286856651306,0.9541375637054443,0.6248874664306641
YLR183C,YCL026C-B,0,0.23531069,0.13282442092895508,0.9541375637054443,0.6249874830245972
YNR017W,YCR046C,0,0.23460202,0.1328059881925583,0.9541375637054443,0.6250874996185303
YNL172W,YER074W,0,0.23449518,0.1327875703573227,0.9541375637054443,0.6251875758171082
YOR251C,YPL096W,0,0.23444119,0.1327691525220871,0.9541375637054443,0.6252875924110413
YBR118W,YDR233C,0,0.23344156,0.1327507346868515,0.9541375637054443,0.6253876090049744
YGR175C,YPR119W,0,0.23328018,0.1327323168516159,0.9541375637054443,0.6254876255989075
YFR001W,YOR222W,0,0.23321402,0.1327139139175415,0.9541375637054443,0.6255877017974854
YPL129W,YMR034C,0,0.23314849,0.1326955109834671,0.9541375637054443,0.6256877183914185
YPL064C,YOR338W,0,0.2329161,0.1326771080493927,0.9541375637054443,0.6257877349853516
YDR419W,YMR087W,0,0.23285739,0.1326587200164795,0.9541375637054443,0.6258877515792847
YOL142W,YDR064W,0,0.2327942,0.13264033198356628,0.9541375637054443,0.6259877681732178
YOR323C,YKL097W-A,0,0.23202977,0.13262194395065308,0.9541375637054443,0.6260878443717957
YGL170C,YLR103C,0,0.23196183,0.13260357081890106,0.9541375637054443,0.6261878609657288
YOR020C,YDR519W,1,0.23092869,0.13272374868392944,0.9551345705986023,0.6261878609657288
YFR018C,YKL067W,0,0.23003215,0.13270536065101624,0.9551345705986023,0.6262878775596619
YLR452C,YML036W,0,0.229921,0.13268698751926422,0.9551345705986023,0.626387894153595
YGR155W,YGL190C,0,0.22697538,0.132668599486351,0.9551345705986023,0.6264879703521729
YLR005W,YGR255C,0,0.22667593,0.1326502412557602,0.9551345705986023,0.626587986946106
YKL200C,YKL020C,0,0.2263307,0.13263186812400818,0.9551345705986023,0.6266880035400391
YBR095C,YOR299W,0,0.22590339,0.13261350989341736,0.9551345705986023,0.6267880201339722
YBR275C,YER046W,0,0.2250872,0.13259515166282654,0.9551345705986023,0.6268880367279053
YIL094C,YLR224W,0,0.22491768,0.1325768083333969,0.9551345705986023,0.6269881129264832
YBR287W,YOL108C,0,0.22471178,0.13255846500396729,0.9551345705986023,0.6270881295204163
YBL091C-A,YLR026C,0,0.22433339,0.13254012167453766,0.9551345705986023,0.6271881461143494
YDR460W,YDR059C,0,0.22396126,0.13252179324626923,0.9551345705986023,0.6272881627082825
YLR295C,YKL020C,0,0.22329295,0.1325034648180008,0.9551345705986023,0.6273882389068604
YGR251W,YER171W,0,0.22217205,0.13248513638973236,0.9551345705986023,0.6274882555007935
YDR310C,YCL043C,0,0.22213562,0.13246680796146393,0.9551345705986023,0.6275882720947266
YMR315W,YPL196W,0,0.22201136,0.1324484944343567,0.9551345705986023,0.6276882886886597
YOL093W,YOR162C,0,0.22183014,0.13243019580841064,0.9551345705986023,0.6277883648872375
YDR196C,YGL062W,0,0.22167507,0.1324118822813034,0.9551345705986023,0.6278883814811707
YDR373W,YHR008C,0,0.22164547,0.13239358365535736,0.9551345705986023,0.6279883980751038
YBR261C,YBL052C,0,0.22065267,0.1323752999305725,0.9551345705986023,0.6280884146690369
YCR070W,YDL212W,1,0.22005299,0.13249516487121582,0.9561315774917603,0.6280884146690369
YJR006W,YKL175W,0,0.21969874,0.13247686624526978,0.9561315774917603,0.62818843126297
YJL155C,YMR159C,0,0.21904069,0.13245856761932373,0.9561315774917603,0.6282885074615479
YOR084W,YKR044W,0,0.21895488,0.13244026899337769,0.9561315774917603,0.628388524055481
YMR033W,YOR194C,0,0.21882343,0.13242198526859283,0.9561315774917603,0.6284885406494141
YGR167W,YMR295C,0,0.21875119,0.13240370154380798,0.9561315774917603,0.6285885572433472
YIL143C,YPR083W,0,0.21868578,0.13238541781902313,0.9561315774917603,0.628688633441925
YPR111W,YDR457W,0,0.21853217,0.13236714899539948,0.9561315774917603,0.6287886500358582
YDR423C,YGL010W,0,0.21769285,0.13234888017177582,0.9561315774917603,0.6288886666297913
YOR099W,YLR042C,0,0.2176286,0.13233062624931335,0.9561315774917603,0.6289886832237244
YML051W,YKR056W,0,0.21740419,0.1323123574256897,0.9561315774917603,0.6290886998176575
YGL203C,YFR052W,0,0.21696407,0.13229410350322723,0.9561315774917603,0.6291887760162354
YGL010W,YOR215C,0,0.21668097,0.13227586448192596,0.9561315774917603,0.6292887926101685
YGL071W,YML109W,0,0.2163097,0.1322576254606247,0.9561315774917603,0.6293888092041016
YGR238C,YMR159C,0,0.21623868,0.13223938643932343,0.9561315774917603,0.6294888257980347
YIL142W,YBR141C,0,0.21623498,0.13222114741802216,0.9561315774917603,0.6295889019966125
YNL304W,YKL168C,0,0.21616785,0.13220292329788208,0.9561315774917603,0.6296889185905457
YNL231C,YML039W,0,0.21503757,0.132184699177742,0.9561315774917603,0.6297889351844788
YPR171W,YLR401C,0,0.21493948,0.13216648995876312,0.9561315774917603,0.6298889517784119
YNL117W,YFR052W,0,0.21486801,0.13214826583862305,0.9561315774917603,0.629988968372345
YKR054C,YPR137W,0,0.21483147,0.13213005661964417,0.9561315774917603,0.6300890445709229
YHR030C,YMR182C,0,0.21465206,0.13211186230182648,0.9561315774917603,0.630189061164856
YHR074W,YHR135C,0,0.21460012,0.1320936679840088,0.9561315774917603,0.6302890777587891
YOR283W,YDR310C,0,0.21433005,0.1320754736661911,0.9561315774917603,0.6303890943527222
YGR112W,YNL284C,0,0.21417062,0.1320572793483734,0.9561315774917603,0.6304891705513
YFR036W,YMR210W,0,0.2140046,0.13203909993171692,0.9561315774917603,0.6305891871452332
YCL018W,YNL219C,0,0.21391514,0.13202092051506042,0.9561315774917603,0.6306892037391663
YBR155W,YNL153C,1,0.213042,0.1321403980255127,0.9571285843849182,0.6306892037391663
YNL085W,YNR003C,0,0.21301837,0.1321222186088562,0.9571285843849182,0.6307892203330994
YJR149W,YDR240C,0,0.21242744,0.1321040391921997,0.9571285843849182,0.6308892965316772
YER014C-A,YFR021W,0,0.21216318,0.1320858597755432,0.9571285843849182,0.6309893131256104
YNL153C,YKL074C,0,0.211714,0.13206768035888672,0.9571285843849182,0.6310893297195435
YHR047C,YLL061W,0,0.21131079,0.13204951584339142,0.9571285843849182,0.6311893463134766
YBR129C,YIL042C,0,0.21093601,0.13203135132789612,0.9571285843849182,0.6312893629074097
YJL214W,YKL205W,0,0.21031308,0.132013201713562,0.9571285843849182,0.6313894391059875
YMR008C,YDR392W,0,0.20947304,0.1319950520992279,0.9571285843849182,0.6314894556999207
YPR024W,YJR032W,0,0.20845962,0.1319769024848938,0.9571285843849182,0.6315894722938538
YKR055W,YDL097C,0,0.20714323,0.1319587677717209,0.9571285843849182,0.6316894888877869
YDR410C,YML039W,0,0.2068308,0.13194063305854797,0.9571285843849182,0.6317895650863647
YDR172W,YDL202W,0,0.2059118,0.13192249834537506,0.9571285843849182,0.6318895816802979
YJL011C,YGR012W,0,0.20584744,0.13190436363220215,0.9571285843849182,0.631989598274231
YLR291C,YEL043W,0,0.2056656,0.13188624382019043,0.9571285843849182,0.6320896148681641
YGR052W,YLR050C,0,0.20506738,0.1318681389093399,0.9571285843849182,0.6321896314620972
YOL145C,YOR239W,0,0.20483078,0.13185001909732819,0.9571285843849182,0.632289707660675
YER101C,YML049C,0,0.20427616,0.13183191418647766,0.9571285843849182,0.6323897242546082
YGL237C,YDR174W,0,0.20415874,0.13181380927562714,0.9571285843849182,0.6324897408485413
YGR199W,YJL128C,0,0.20329396,0.1317957192659378,0.9571285843849182,0.6325897574424744
YLR353W,YNL267W,0,0.20316367,0.13177762925624847,0.9571285843849182,0.6326898336410522
YLR244C,YFL054C,0,0.20245734,0.13175953924655914,0.9571285843849182,0.6327898502349854
YGL158W,YNL309W,0,0.20145524,0.131741464138031,0.9571285843849182,0.6328898668289185
YDR138W,YDL047W,0,0.20102301,0.13172337412834167,0.9571285843849182,0.6329898834228516
YNL073W,YHR082C,0,0.19998693,0.13170531392097473,0.9571285843849182,0.6330899000167847
YNL258C,YCL032W,0,0.19917108,0.1316872388124466,0.9571285843849182,0.6331899762153625
YOL112W,YBR257W,0,0.19818932,0.13166917860507965,0.9571285843849182,0.6332899928092957
YJL124C,YNL298W,0,0.19698164,0.1316511183977127,0.9571285843849182,0.6333900094032288
YHR039C-A,YDL225W,0,0.19682738,0.13163307309150696,0.9571285843849182,0.6334900259971619
YJL225C,YER165W,0,0.19633277,0.1316150277853012,0.9571285843849182,0.6335901021957397
YIL061C,YDL198C,0,0.19527683,0.13159698247909546,0.9571285843849182,0.6336901187896729
YMR301C,YIL035C,0,0.19518791,0.1315789520740509,0.9571285843849182,0.633790135383606
YLR425W,YKL203C,0,0.19486177,0.13156092166900635,0.9571285843849182,0.6338901519775391
YLR291C,YNR006W,0,0.19457898,0.1315428912639618,0.9571285843849182,0.6339901685714722
YDL202W,YKL210W,0,0.19422615,0.13152486085891724,0.9571285843849182,0.63409024477005
YGR144W,YOR123C,0,0.19420281,0.13150684535503387,0.9571285843849182,0.6341902613639832
YKL090W,YHR132C,0,0.19411665,0.1314888298511505,0.9571285843849182,0.6342902779579163
YNL178W,YFL054C,0,0.19403026,0.13147082924842834,0.9571285843849182,0.6343902945518494
YBR223C,YIL048W,0,0.19400789,0.13145282864570618,0.9571285843849182,0.6344903707504272
YKL078W,YHR051W,0,0.19400571,0.131434828042984,0.9571285843849182,0.6345903873443604
YMR269W,YDR281C,0,0.19378003,0.13141684234142303,0.9571285843849182,0.6346904039382935
YBR261C,YDR415C,0,0.19335039,0.13139885663986206,0.9571285843849182,0.6347904205322266
YDR296W,YDL245C,0,0.1932028,0.1313808709383011,0.9571285843849182,0.6348904967308044
YLR395C,YBL089W,0,0.19292197,0.1313628852367401,0.9571285843849182,0.6349905133247375
YML032C,YOR226C,0,0.19279118,0.13134491443634033,0.9571285843849182,0.6350905299186707
YPR187W,YMR093W,0,0.1914852,0.13132694363594055,0.9571285843849182,0.6351905465126038
YGL236C,YGR112W,0,0.19108802,0.13130898773670197,0.9571285843849182,0.6352905631065369
YOR304C-A,YNL267W,0,0.19095615,0.13129103183746338,0.9571285843849182,0.6353906393051147
YML099C,YNL238W,0,0.19085349,0.1312730759382248,0.9571285843849182,0.6354906558990479
YBR155W,YDR281C,0,0.1897316,0.1312551200389862,0.9571285843849182,0.635590672492981
YLL027W,YKR102W,0,0.18934795,0.1312371790409088,0.9571285843849182,0.6356906890869141
YOR054C,YOR084W,0,0.18902175,0.13121923804283142,0.9571285843849182,0.6357907652854919
YGL068W,YMR179W,0,0.18884704,0.13120131194591522,0.9571285843849182,0.635890781879425
YJL011C,YOR126C,0,0.18865451,0.13118338584899902,0.9571285843849182,0.6359907984733582
YJL004C,YKL206C,0,0.18852425,0.13116545975208282,0.9571285843849182,0.6360908150672913
YOL141W,YMR145C,0,0.18838778,0.13114753365516663,0.9571285843849182,0.6361908316612244
YIL017W,YKL001C,0,0.18815006,0.13112962245941162,0.9571285843849182,0.6362909078598022
YDR164C,YLR394W,0,0.18783689,0.13111171126365662,0.9571285843849182,0.6363909244537354
YGL226C-A,YMR193W,0,0.18771707,0.1310938149690628,0.9571285843849182,0.6364909410476685
YLR157C,YNL335W,0,0.18755269,0.131075918674469,0.9571285843849182,0.6365909576416016
YDR378C,YOL028C,0,0.18708992,0.13105802237987518,0.9571285843849182,0.6366910338401794
YGL051W,YMR240C,0,0.18702781,0.13104012608528137,0.9571285843849182,0.6367910504341125
YOR142W,YKL206C,0,0.18697184,0.13102224469184875,0.9571285843849182,0.6368910670280457
YNL192W,YER087C-B,0,0.18625934,0.13100436329841614,0.9571285843849182,0.6369910836219788
YPR162C,YNL110C,0,0.18612641,0.13098649680614471,0.9571285843849182,0.6370911002159119
YBR002C,YBR095C,0,0.18573412,0.1309686154127121,0.9571285843849182,0.6371911764144897
YDR527W,YDR369C,0,0.18471164,0.13095076382160187,0.9571285843849182,0.6372911930084229
YOR297C,YEL062W,0,0.18434793,0.13093289732933044,0.9571285843849182,0.637391209602356
YML006C,YIR005W,0,0.18380892,0.13091504573822021,0.9571285843849182,0.6374912261962891
YGR268C,YIL017W,0,0.18368201,0.13089719414710999,0.9571285843849182,0.6375913023948669
YDR512C,YNL084C,0,0.18264121,0.13087934255599976,0.9571285843849182,0.6376913189888
YBR276C,YPR152C,0,0.1826117,0.13086150586605072,0.9571285843849182,0.6377913355827332
YLR024C,YJR101W,0,0.1821911,0.13084366917610168,0.9571285843849182,0.6378913521766663
YNL079C,YIL083C,0,0.18162529,0.13082583248615265,0.9571285843849182,0.6379913687705994
YOL010W,YDL047W,0,0.18107396,0.1308080106973648,0.9571285843849182,0.6380914449691772
YJR078W,YAL031C,0,0.18061644,0.13079018890857697,0.9571285843849182,0.6381914615631104
YOR283W,YDL225W,0,0.17932016,0.13077236711978912,0.9571285843849182,0.6382914781570435
YLR009W,YMR296C,0,0.17688835,0.13075456023216248,0.9571285843849182,0.6383914947509766
YNL238W,YBR187W,0,0.17646152,0.13073675334453583,0.9571285843849182,0.6384915709495544
YPL259C,YIL132C,0,0.17643762,0.13071896135807037,0.9571285843849182,0.6385915875434875
YLR043C,YDR337W,0,0.17625794,0.13070115447044373,0.9571285843849182,0.6386916041374207
YDL245C,YMR008C,0,0.17623663,0.13068336248397827,0.9571285843849182,0.6387916207313538
YMR078C,YEL070W,0,0.17561138,0.13066557049751282,0.9571285843849182,0.6388916969299316
YEL037C,YBR096W,0,0.17544815,0.13064779341220856,0.9571285843849182,0.6389917135238647
YHR214C-B,YBR059C,0,0.17445174,0.1306300163269043,0.9571285843849182,0.6390917301177979
YAL017W,YNL239W,0,0.17428976,0.13061223924160004,0.9571285843849182,0.639191746711731
YNL297C,YOL038W,0,0.17380899,0.13059447705745697,0.9571285843849182,0.6392917633056641
YNR072W,YOL151W,0,0.17343076,0.1305767148733139,0.9571285843849182,0.6393918395042419
YML094W,YIL016W,1,0.17342904,0.13069495558738708,0.958125650882721,0.6393918395042419
YAL053W,YCL043C,1,0.17323267,0.13081316649913788,0.9591226577758789,0.6393918395042419
YDR512C,YLR025W,0,0.1729461,0.13079537451267242,0.9591226577758789,0.639491856098175
YOL057W,YPL113C,0,0.17286184,0.13077759742736816,0.9591226577758789,0.6395918726921082
YGR216C,YLR153C,0,0.17279297,0.1307598203420639,0.9591226577758789,0.6396918892860413
YMR227C,YLR309C,0,0.17178643,0.13074204325675964,0.9591226577758789,0.6397919654846191
YDR026C,YML112W,0,0.17168191,0.13072428107261658,0.9591226577758789,0.6398919820785522
YDL133C-A,YPR163C,0,0.17162274,0.1307065188884735,0.9591226577758789,0.6399919986724854
YHR060W,YOL151W,0,0.1708309,0.13068877160549164,0.9591226577758789,0.6400920152664185
YER103W,YOR283W,0,0.17059791,0.13067100942134857,0.9591226577758789,0.6401920318603516
YOL145C,YIL159W,0,0.17021546,0.1306532621383667,0.9591226577758789,0.6402921080589294
YPL042C,YDR410C,0,0.1699942,0.13063552975654602,0.9591226577758789,0.6403921246528625
YEL022W,YML049C,0,0.16891074,0.13061778247356415,0.9591226577758789,0.6404921412467957
YMR200W,YDR518W,1,0.16795266,0.13073581457138062,0.9601196646690369,0.6404921412467957
YNL079C,YCL026C-B,0,0.16664276,0.13071806728839874,0.9601196646690369,0.6405921578407288
YPL122C,YOR038C,0,0.16580403,0.13070032000541687,0.9601196646690369,0.6406922340393066
YNL085W,YBR093C,0,0.1655389,0.1306825876235962,0.9601196646690369,0.6407922506332397
YFL033C,YOL151W,0,0.16513744,0.1306648552417755,0.9601196646690369,0.6408922672271729
YDL133C-A,YLR182W,0,0.16450588,0.13064713776111603,0.9601196646690369,0.640992283821106
YPL099C,YDR472W,0,0.16344357,0.13062940537929535,0.9601196646690369,0.6410923004150391
YNL307C,YNL092W,0,0.1627743,0.13061168789863586,0.9601196646690369,0.6411923766136169
YPL110C,YER171W,0,0.16248322,0.13059398531913757,0.9601196646690369,0.64129239320755
YOR168W,YNL208W,0,0.16190182,0.1305762678384781,0.9601196646690369,0.6413924098014832
YDR530C,YOL062C,0,0.16160157,0.1305585652589798,0.9601196646690369,0.6414924263954163
YMR089C,YKL201C,0,0.16097745,0.1305408775806427,0.9601196646690369,0.6415925025939941
YDR254W,YDR138W,0,0.15981162,0.1305231750011444,0.9601196646690369,0.6416925191879272
YNL282W,YBR042C,0,0.15957105,0.1305054873228073,0.9601196646690369,0.6417925357818604
YOL070C,YFL048C,0,0.15952164,0.13048779964447021,0.9601196646690369,0.6418925523757935
YGL010W,YDR170C,0,0.15922591,0.1304701268672943,0.9601196646690369,0.6419925689697266
YLL008W,YBR261C,0,0.1586556,0.1304524540901184,0.9601196646690369,0.6420926451683044
YER117W,YCR052W,0,0.15850061,0.1304347813129425,0.9601196646690369,0.6421926617622375
YHR077C,YHR008C,0,0.1577517,0.1304171234369278,0.9601196646690369,0.6422926783561707
YPR072W,YDR195W,0,0.15710878,0.13039946556091309,0.9601196646690369,0.6423926949501038
YLL040C,YLR278C,0,0.15656853,0.13038180768489838,0.9601196646690369,0.6424927711486816
YIR011C,YKR035W-A,0,0.15643743,0.13036414980888367,0.9601196646690369,0.6425927877426147
YPL127C,YHR041C,0,0.15640073,0.13034650683403015,0.9601196646690369,0.6426928043365479
YNL304W,YNR028W,0,0.15588881,0.13032886385917664,0.9601196646690369,0.642792820930481
YHR164C,YLL004W,0,0.15562944,0.13031123578548431,0.9601196646690369,0.6428928971290588
YDR473C,YGR276C,0,0.15549889,0.130293607711792,0.9601196646690369,0.6429929137229919
YMR301C,YDL128W,0,0.15535611,0.13027597963809967,0.9601196646690369,0.643092930316925
YMR115W,YPL096W,0,0.15458792,0.13025835156440735,0.9601196646690369,0.6431929469108582
YLR386W,YNR035C,0,0.1543605,0.13024073839187622,0.9601196646690369,0.6432929635047913
YDL246C,YGR268C,0,0.15383737,0.1302231252193451,0.9601196646690369,0.6433930397033691
YDR229W,YER115C,0,0.15338477,0.13020551204681396,0.9601196646690369,0.6434930562973022
YBR195C,YPL094C,0,0.1524196,0.13018791377544403,0.9601196646690369,0.6435930728912354
YDL246C,YLR033W,0,0.14951609,0.1301703155040741,0.9601196646690369,0.6436930894851685
YGR012W,YGL233W,0,0.14920554,0.13015271723270416,0.9601196646690369,0.6437931656837463
YPL180W,YMR270C,0,0.14912307,0.13013513386249542,0.9601196646690369,0.6438931822776794
YOR206W,YCR055C,0,0.14855775,0.13011755049228668,0.9601196646690369,0.6439931988716125
YLL003W,YDR476C,0,0.14835502,0.13009996712207794,0.9601196646690369,0.6440932154655457
YKL180W,YPR119W,0,0.14769691,0.1300823986530304,0.9601196646690369,0.6441932320594788
YBR118W,YLL017W,0,0.146314,0.13006483018398285,0.9601196646690369,0.6442933082580566
YNR072W,YNL239W,0,0.14586526,0.1300472617149353,0.9601196646690369,0.6443933248519897
YPL134C,YDR076W,0,0.14539994,0.13002970814704895,0.9601196646690369,0.6444933414459229
YOR159C,YMR301C,0,0.14342114,0.1300121545791626,0.9601196646690369,0.644593358039856
YCR070W,YML048W,1,0.14332536,0.1301295906305313,0.9611166715621948,0.644593358039856
YLR129W,YJL176C,0,0.14312315,0.13011202216148376,0.9611166715621948,0.6446934342384338
YBR275C,YPL007C,0,0.14272508,0.1300944685935974,0.9611166715621948,0.6447934508323669
YNR021W,YOR187W,0,0.14270452,0.13007691502571106,0.9611166715621948,0.6448934674263
YMR114C,YNL208W,0,0.14194737,0.1300593614578247,0.9611166715621948,0.6449934840202332
YGL010W,YKR068C,0,0.14070728,0.13004182279109955,0.9611166715621948,0.6450935006141663
YBR260C,YJR040W,0,0.14019549,0.1300242841243744,0.9611166715621948,0.6451935768127441
YPL213W,YDR373W,0,0.14008269,0.13000674545764923,0.9611166715621948,0.6452935934066772
YLR285W,YJL085W,0,0.13991381,0.12998920679092407,0.9611166715621948,0.6453936100006104
YCL074W,YGR255C,0,0.1397441,0.1299716830253601,0.9611166715621948,0.6454936265945435
YOR147W,YDR072C,0,0.13926175,0.12995415925979614,0.9611166715621948,0.6455937027931213
YJR138W,YBL058W,0,0.13922969,0.12993665039539337,0.9611166715621948,0.6456937193870544
YGL203C,YJL130C,0,0.13843599,0.1299191415309906,0.9611166715621948,0.6457937359809875
YFR001W,YGL060W,0,0.13831945,0.12990163266658783,0.9611166715621948,0.6458937525749207
YKL078W,YNL095C,0,0.13831493,0.12988412380218506,0.9611166715621948,0.6459937691688538
YML058W-A,YMR061W,0,0.13824153,0.12986662983894348,0.9611166715621948,0.6460938453674316
YLR191W,YLR390W,0,0.13814777,0.1298491358757019,0.9611166715621948,0.6461938619613647
YEL012W,YJL103C,0,0.13789096,0.12983165681362152,0.9611166715621948,0.6462938785552979
YKL206C,YOL054W,0,0.136433,0.12981416285037994,0.9611166715621948,0.646393895149231
YJL128C,YDL225W,0,0.13518167,0.12979668378829956,0.9611166715621948,0.6464939713478088
YHR214C-B,YPL276W,0,0.1345501,0.12977921962738037,0.9611166715621948,0.6465939879417419
YOL070C,YHR119W,0,0.13445544,0.1297617405653,0.9611166715621948,0.646694004535675
YIL177C,YMR213W,0,0.13329513,0.1297442764043808,0.9611166715621948,0.6467940211296082
YFR021W,YKL097W-A,0,0.13288033,0.1297268271446228,0.9611166715621948,0.646894097328186
YPR162C,YIL048W,0,0.13260674,0.1297093629837036,0.9611166715621948,0.6469941139221191
YDR285W,YKL175W,0,0.13196225,0.12969191372394562,0.9611166715621948,0.6470941305160522
YHR002W,YCR002C,0,0.1313119,0.12967446446418762,0.9611166715621948,0.6471941471099854
YGR077C,YMR143W,0,0.13104826,0.12965703010559082,0.9611166715621948,0.6472941637039185
YPR196W,YDL148C,0,0.12960827,0.12963959574699402,0.9611166715621948,0.6473942399024963
YGR036C,YHR059W,0,0.1295129,0.12962216138839722,0.9611166715621948,0.6474942564964294
YDR034C,YNL283C,0,0.12934422,0.12960472702980042,0.9611166715621948,0.6475942730903625
YGR010W,YMR319C,0,0.12861022,0.1295873075723648,0.9611166715621948,0.6476942896842957
YHR056C,YHR039C-A,0,0.1284835,0.1295698881149292,0.9611166715621948,0.6477943658828735
YJR005W,YLR145W,0,0.12777102,0.12955248355865479,0.9611166715621948,0.6478943824768066
YLR429W,YPR119W,0,0.12709594,0.12953506410121918,0.9611166715621948,0.6479943990707397
YOL145C,YJR107W,0,0.12702449,0.12951767444610596,0.9611166715621948,0.6480944156646729
YDL142C,YBL041W,0,0.12664796,0.12950026988983154,0.9611166715621948,0.648194432258606
YDR196C,YBR026C,0,0.1266163,0.12948288023471832,0.9611166715621948,0.6482945084571838
YDL140C,YBR192W,0,0.12644944,0.1294654905796051,0.9611166715621948,0.6483945250511169
YEL012W,YLR164W,0,0.12624842,0.12944810092449188,0.9611166715621948,0.64849454164505
YBR081C,YLR103C,0,0.1257576,0.12943072617053986,0.9611166715621948,0.6485945582389832
YKL093W,YJL225C,0,0.12531173,0.12941335141658783,0.9611166715621948,0.648694634437561
YMR033W,YHR039C-A,0,0.12500042,0.1293959766626358,0.9611166715621948,0.6487946510314941
YFL033C,YOR008C,0,0.124374524,0.12937860190868378,0.9611166715621948,0.6488946676254272
YOR147W,YOR311C,0,0.12418452,0.12936124205589294,0.9611166715621948,0.6489946842193604
YOL142W,YLR182W,0,0.123923875,0.1293438822031021,0.9611166715621948,0.6490947008132935
YFR036W,YCL034W,0,0.12339088,0.12932653725147247,0.9611166715621948,0.6491947770118713
YPL213W,YDR364C,0,0.12331736,0.12930919229984283,0.9611166715621948,0.6492947936058044
YDR082W,YDR245W,0,0.123188555,0.1292918473482132,0.9611166715621948,0.6493948101997375
YDR263C,YLR314C,0,0.12304956,0.12927450239658356,0.9611166715621948,0.6494948267936707
YHR002W,YFR045W,0,0.12302506,0.1292571723461151,0.9611166715621948,0.6495949029922485
YHR005C-A,YFR033C,0,0.12290409,0.12923984229564667,0.9611166715621948,0.6496949195861816
YKL064W,YDR081C,0,0.12285901,0.12922252714633942,0.9611166715621948,0.6497949361801147
YIL128W,YBR274W,0,0.12261673,0.12920519709587097,0.9611166715621948,0.6498949527740479
YER117W,YCL003W,0,0.12170463,0.12918788194656372,0.9611166715621948,0.649994969367981
YJR082C,YMR090W,0,0.11937468,0.12917058169841766,0.9611166715621948,0.6500950455665588
YJR055W,YDR062W,0,0.11902353,0.1291532665491104,0.9611166715621948,0.6501950621604919
YFL048C,YIL140W,0,0.118792236,0.12913596630096436,0.9611166715621948,0.650295078754425
YLR440C,YLR389C,0,0.11867133,0.1291186660528183,0.9611166715621948,0.6503950953483582
YKL203C,YOR299W,0,0.11846693,0.12910138070583344,0.9611166715621948,0.650495171546936
YNL297C,YIL170W,0,0.11802828,0.12908409535884857,0.9611166715621948,0.6505951881408691
YPL127C,YKL117W,0,0.11751591,0.1290668100118637,0.9611166715621948,0.6506952047348022
YPR204W,YIL021W,0,0.1167793,0.12904952466487885,0.9611166715621948,0.6507952213287354
YJR127C,YBL089W,0,0.11619657,0.12903225421905518,0.9611166715621948,0.6508952975273132
YGR251W,YOR338W,0,0.11614868,0.1290149837732315,0.9611166715621948,0.6509953141212463
YHR074W,YHR051W,0,0.115943655,0.12899772822856903,0.9611166715621948,0.6510953307151794
YDL054C,YLL055W,0,0.11491586,0.12898047268390656,0.9611166715621948,0.6511953473091125
YLR325C,YML039W,0,0.114068076,0.12896321713924408,0.9611166715621948,0.6512953639030457
YDR304C,YLL033W,0,0.11370255,0.1289459615945816,0.9611166715621948,0.6513954401016235
YMR159C,YJL149W,0,0.11361742,0.12892872095108032,0.9611166715621948,0.6514954566955566
YJR070C,YOR025W,0,0.113361344,0.12891148030757904,0.9611166715621948,0.6515954732894897
YLL003W,YNL044W,0,0.11236709,0.12889423966407776,0.9611166715621948,0.6516954898834229
YML032C,YGR105W,0,0.111665845,0.12887699902057648,0.9611166715621948,0.6517955660820007
YML049C,YNL230C,0,0.11133866,0.1288597732782364,0.9611166715621948,0.6518955826759338
YHR004C,YAL031C,0,0.11072059,0.1288425624370575,0.9611166715621948,0.6519955992698669
YKR101W,YDL208W,0,0.11027253,0.1288253366947174,0.9611166715621948,0.6520956158638
YDR383C,YDR254W,0,0.10950866,0.1288081258535385,0.9611166715621948,0.6521956324577332
YJR055W,YER087C-B,0,0.10842849,0.12879091501235962,0.9611166715621948,0.652295708656311
YKL119C,YOR089C,0,0.10822126,0.12877370417118073,0.9611166715621948,0.6523957252502441
YBR081C,YMR137C,0,0.10750654,0.12875650823116302,0.9611166715621948,0.6524957418441772
YDL206W,YGR089W,0,0.10750079,0.12873931229114532,0.9611166715621948,0.6525957584381104
YBL058W,YFL013C,0,0.10726249,0.12872213125228882,0.9611166715621948,0.6526958346366882
YNL084C,YJL149W,0,0.10668716,0.12870493531227112,0.9611166715621948,0.6527958512306213
YMR315W,YEL031W,0,0.10636209,0.1286877542734146,0.9611166715621948,0.6528958678245544
YER154W,YKL161C,0,0.10618973,0.1286705881357193,0.9611166715621948,0.6529958844184875
YIL017W,YAL029C,0,0.10487363,0.1286534070968628,0.9611166715621948,0.6530959010124207
YCL036W,YKL061W,0,0.10414064,0.12863624095916748,0.9611166715621948,0.6531959772109985
YOR388C,YDR369C,0,0.10410654,0.12861907482147217,0.9611166715621948,0.6532959938049316
YGL068W,YJL117W,0,0.103990346,0.12860192358493805,0.9611166715621948,0.6533960103988647
YDR353W,YJL176C,0,0.10267536,0.12858477234840393,0.9611166715621948,0.6534960269927979
YGR281W,YLR380W,0,0.102094665,0.1285676211118698,0.9611166715621948,0.6535961031913757
YNR031C,YFL033C,0,0.10138768,0.1285504698753357,0.9611166715621948,0.6536961197853088
YLR440C,YBL026W,0,0.10120018,0.12853333353996277,0.9611166715621948,0.6537961363792419
YFL033C,YDL074C,0,0.10059059,0.12851619720458984,0.9611166715621948,0.653896152973175
YGR081C,YBR202W,0,0.10050619,0.12849906086921692,0.9611166715621948,0.6539961695671082
YNR017W,YNL078W,0,0.10000813,0.1284819394350052,0.9611166715621948,0.654096245765686
YOR216C,YIL177C,0,0.09986749,0.12846481800079346,0.9611166715621948,0.6541962623596191
YDR067C,YER022W,0,0.099821724,0.12844769656658173,0.9611166715621948,0.6542962789535522
YGR229C,YBR061C,0,0.09921625,0.1284305900335312,0.9611166715621948,0.6543962955474854
YLL027W,YHL027W,0,0.09909529,0.12841348350048065,0.9611166715621948,0.6544963717460632
YMR250W,YER137C,0,0.09858069,0.12839637696743011,0.9611166715621948,0.6545963883399963
YFL066C,YER090W,0,0.09841859,0.12837928533554077,0.9611166715621948,0.6546964049339294
YPR198W,YDR151C,0,0.09841785,0.12836217880249023,0.9611166715621948,0.6547964215278625
YNL219C,YDR260C,0,0.09722673,0.1283450871706009,0.9611166715621948,0.6548964977264404
YBR294W,YLR164W,0,0.09608348,0.12832801043987274,0.9611166715621948,0.6549965143203735
YGR281W,YNR003C,0,0.09596282,0.1283109337091446,0.9611166715621948,0.6550965309143066
YPL110C,YHR057C,0,0.095145464,0.12829385697841644,0.9611166715621948,0.6551965475082397
YFR013W,YOR351C,0,0.094623566,0.1282767802476883,0.9611166715621948,0.6552965641021729
YGL209W,YFL023W,0,0.09447253,0.12825971841812134,0.9611166715621948,0.6553966403007507
YLL027W,YDR416W,0,0.09334748,0.12824265658855438,0.9611166715621948,0.6554966568946838
YOR310C,YNL182C,0,0.09320841,0.12822559475898743,0.9611166715621948,0.6555966734886169
YDL055C,YBL089W,0,0.09315248,0.12820853292942047,0.9611166715621948,0.65569669008255
YDL029W,YML028W,0,0.09300338,0.1281914860010147,0.9611166715621948,0.6557967662811279
YPL276W,YGR155W,0,0.09084222,0.12817443907260895,0.9611166715621948,0.655896782875061
YLR182W,YGL014W,0,0.090697795,0.12815740704536438,0.9611166715621948,0.6559967994689941
YLR165C,YJR149W,0,0.088894546,0.1281403750181198,0.9611166715621948,0.6560968160629272
YLR305C,YNL117W,0,0.088303,0.12812334299087524,0.9611166715621948,0.6561968326568604
YHR074W,YNL026W,0,0.087405026,0.12810631096363068,0.9611166715621948,0.6562969088554382
YML099C,YNR060W,0,0.087130755,0.1280892938375473,0.9611166715621948,0.6563969254493713
YGR056W,YIL170W,0,0.08554822,0.12807227671146393,0.9611166715621948,0.6564969420433044
YCR057C,YLR391W-A,0,0.083714634,0.12805525958538055,0.9611166715621948,0.6565969586372375
YOL141W,YCL060C,0,0.08348818,0.12803825736045837,0.9611166715621948,0.6566970348358154
YDR383C,YLR182W,0,0.0834232,0.1280212551355362,0.9611166715621948,0.6567970514297485
YIL139C,YKR035W-A,0,0.08242574,0.128004252910614,0.9611166715621948,0.6568970680236816
YGR179C,YCL032W,0,0.08233631,0.12798725068569183,0.9611166715621948,0.6569970846176147
YDR205W,YNL232W,0,0.08218527,0.12797026336193085,0.9611166715621948,0.6570971012115479
YOL070C,YPR190C,0,0.08199912,0.12795327603816986,0.9611166715621948,0.6571971774101257
YMR319C,YIL135C,0,0.08120236,0.12793630361557007,0.9611166715621948,0.6572971940040588
YPR191W,YER087C-B,0,0.08070512,0.12791931629180908,0.9611166715621948,0.6573972105979919
YMR025W,YDR416W,0,0.08016993,0.1279023438692093,0.9611166715621948,0.657497227191925
YOL112W,YAL029C,0,0.07982758,0.1278853863477707,0.9611166715621948,0.6575973033905029
YDR137W,YNL273W,0,0.07832199,0.1278684139251709,0.9611166715621948,0.657697319984436
YDL107W,YDL215C,0,0.07810426,0.1278514564037323,0.9611166715621948,0.6577973365783691
YFR013W,YBL091C-A,0,0.07804009,0.1278344988822937,0.9611166715621948,0.6578973531723022
YJR078W,YMR213W,0,0.07776597,0.1278175562620163,0.9611166715621948,0.6579973697662354
YER154W,YER145C,0,0.07742431,0.1278006136417389,0.9611166715621948,0.6580974459648132
YKR008W,YNL178W,0,0.077165246,0.1277836710214615,0.9611166715621948,0.6581974625587463
YNL271C,YPR043W,0,0.07659495,0.12776672840118408,0.9611166715621948,0.6582974791526794
YDR026C,YDR444W,0,0.07647391,0.12774980068206787,0.9611166715621948,0.6583974957466125
YKL190W,YBR271W,0,0.07559085,0.12773287296295166,0.9611166715621948,0.6584975719451904
YNL016W,YMR270C,0,0.07538283,0.12771594524383545,0.9611166715621948,0.6585975885391235
YCL036W,YNR015W,0,0.07478189,0.12769903242588043,0.9611166715621948,0.6586976051330566
YOR054C,YGR084C,0,0.074111894,0.12768211960792542,0.9611166715621948,0.6587976217269897
YNL282W,YKL095W,0,0.07334694,0.1276652067899704,0.9611166715621948,0.6588976979255676
YDR083W,YKL095W,0,0.071757555,0.12764830887317657,0.9611166715621948,0.6589977145195007
YPR035W,YKL201C,0,0.07168715,0.12763141095638275,0.9611166715621948,0.6590977311134338
YHR069C,YNL032W,0,0.07101469,0.12761451303958893,0.9611166715621948,0.6591977477073669
YMR033W,YDR389W,0,0.06987092,0.1275976151227951,0.9611166715621948,0.6592977643013
YLL029W,YKR103W,0,0.06918536,0.12758073210716248,0.9611166715621948,0.6593978404998779
YGR036C,YNL092W,0,0.06914887,0.12756384909152985,0.9611166715621948,0.659497857093811
YNL202W,YMR159C,0,0.0687547,0.12754696607589722,0.9611166715621948,0.6595978736877441
YER171W,YFL023W,0,0.0678623,0.12753009796142578,0.9611166715621948,0.6596978902816772
YLR394W,YLR163C,0,0.06761089,0.12751322984695435,0.9611166715621948,0.6597979664802551
YNL070W,YDR260C,0,0.067515075,0.1274963617324829,0.9611166715621948,0.6598979830741882
YMR284W,YIL076W,0,0.06670684,0.12747950851917267,0.9611166715621948,0.6599979996681213
YJL179W,YIL016W,1,0.06659332,0.12759487330913544,0.9621136784553528,0.6599979996681213
YNL153C,YMR034C,0,0.06485786,0.127578005194664,0.9621136784553528,0.6600980162620544
YKL174C,YCR055C,0,0.06452152,0.12756113708019257,0.9621136784553528,0.6601980328559875
YNL236W,YOR098C,0,0.06413416,0.12754428386688232,0.9621136784553528,0.6602981090545654
YOR147W,YKL175W,0,0.063248366,0.1275274157524109,0.9621136784553528,0.6603981256484985
YJL225C,YBR187W,0,0.06295734,0.12751057744026184,0.9621136784553528,0.6604981422424316
YIR018W,YAL029C,0,0.062378377,0.1274937242269516,0.9621136784553528,0.6605981588363647
YDR151C,YDR262W,0,0.06143742,0.12747688591480255,0.9621136784553528,0.6606982350349426
YMR213W,YGL216W,0,0.061154217,0.1274600476026535,0.9621136784553528,0.6607982516288757
YPR189W,YPR091C,0,0.061085165,0.12744320929050446,0.9621136784553528,0.6608982682228088
YPR198W,YIL140W,0,0.060194418,0.1274263858795166,0.9621136784553528,0.6609982848167419
YOR287C,YMR203W,0,0.059666216,0.12740956246852875,0.9621136784553528,0.661098301410675
YBR247C,YLR141W,0,0.059642315,0.1273927390575409,0.9621136784553528,0.6611983776092529
YLR153C,YCL032W,0,0.059562564,0.12737593054771423,0.9621136784553528,0.661298394203186
YJL087C,YDR026C,0,0.059501022,0.12735910713672638,0.9621136784553528,0.6613984107971191
YOR126C,YGR229C,0,0.059489504,0.1273423135280609,0.9621136784553528,0.6614984273910522
YHR175W,YJL006C,0,0.05927658,0.12732550501823425,0.9621136784553528,0.6615985035896301
YDR083W,YOR148C,0,0.058805853,0.1273087114095688,0.9621136784553528,0.6616985201835632
YHR085W,YNL284C,0,0.058678392,0.12729191780090332,0.9621136784553528,0.6617985367774963
YHR012W,YHR175W,0,0.057298124,0.12727512419223785,0.9621136784553528,0.6618985533714294
YDL217C,YMR200W,0,0.056915842,0.12725834548473358,0.9621136784553528,0.6619985699653625
YLR209C,YBR074W,0,0.05649063,0.1272415667772293,0.9621136784553528,0.6620986461639404
YLR113W,YLR145W,0,0.056036755,0.12722478806972504,0.9621136784553528,0.6621986627578735
YGL050W,YLR380W,0,0.055072516,0.12720800936222076,0.9621136784553528,0.6622986793518066
YER185W,YHR041C,0,0.05418271,0.12719124555587769,0.9621136784553528,0.6623986959457397
YNL238W,YMR300C,0,0.053664446,0.1271744817495346,0.9621136784553528,0.6624987721443176
YJL012C-A,YFR001W,0,0.05323851,0.12715773284435272,0.9621136784553528,0.6625987887382507
YBR287W,YNL052W,0,0.052148044,0.12714096903800964,0.9621136784553528,0.6626988053321838
YDR034C,YCR057C,0,0.05149293,0.12712422013282776,0.9621136784553528,0.6627988219261169
YOR038C,YHR109W,0,0.050737288,0.12710748612880707,0.9621136784553528,0.6628988981246948
YCL074W,YJL117W,0,0.050201617,0.12709073722362518,0.9621136784553528,0.6629989147186279
YPR113W,YLL017W,0,0.04942736,0.1270740032196045,0.9621136784553528,0.663098931312561
YML006C,YJR140C,0,0.048427284,0.1270572692155838,0.9621136784553528,0.6631989479064941
YPL064C,YKR056W,0,0.048114292,0.1270405501127243,0.9621136784553528,0.6632989645004272
YEL022W,YFR045W,0,0.04763493,0.1270238310098648,0.9621136784553528,0.6633990406990051
YDR460W,YLR164W,0,0.0473506,0.1270071119070053,0.9621136784553528,0.6634990572929382
YLR005W,YJR034W,0,0.04698822,0.1269903928041458,0.9621136784553528,0.6635990738868713
YNL073W,YPL083C,0,0.0464997,0.1269736886024475,0.9621136784553528,0.6636990904808044
YHL012W,YLL003W,0,0.044347093,0.1269569844007492,0.9621136784553528,0.6637991666793823
YGR251W,YDR404C,0,0.04419814,0.1269402801990509,0.9621136784553528,0.6638991832733154
YJR082C,YNL258C,0,0.04363674,0.1269235759973526,0.9621136784553528,0.6639991998672485
YAL063C,YMR227C,0,0.04309687,0.1269068866968155,0.9621136784553528,0.6640992164611816
YGR251W,YDR076W,0,0.041870654,0.12689019739627838,0.9621136784553528,0.6641992330551147
YER101C,YKR035W-A,0,0.041853987,0.12687352299690247,0.9621136784553528,0.6642993092536926
YBR120C,YHR109W,0,0.04178241,0.12685684859752655,0.9621136784553528,0.6643993258476257
YML030W,YHR174W,0,0.041514263,0.12684017419815063,0.9621136784553528,0.6644993424415588
YGR238C,YBR274W,0,0.041352928,0.12682349979877472,0.9621136784553528,0.6645993590354919
YBR120C,YOR239W,0,0.039731085,0.12680684030056,0.9621136784553528,0.6646994352340698
YOR338W,YER115C,0,0.03930527,0.12679016590118408,0.9621136784553528,0.6647994518280029
YLR191W,YMR160W,0,0.036571264,0.12677352130413055,0.9621136784553528,0.664899468421936
YOR279C,YBR129C,0,0.03633395,0.12675686180591583,0.9621136784553528,0.6649994850158691
YCR014C,YNL239W,0,0.034976654,0.1267402172088623,0.9621136784553528,0.6650995016098022
YNL178W,YER090W,0,0.034903407,0.12672357261180878,0.9621136784553528,0.6651995778083801
YOL112W,YLR183C,0,0.03480196,0.12670692801475525,0.9621136784553528,0.6652995944023132
YMR315W,YOR215C,0,0.034332663,0.12669029831886292,0.9621136784553528,0.6653996109962463
YGR169C,YFL010W-A,0,0.033725254,0.12667366862297058,0.9621136784553528,0.6654996275901794
YBR080C,YKL165C,0,0.032832474,0.12665703892707825,0.9621136784553528,0.6655997037887573
YEL012W,YDL059C,0,0.03243357,0.1266404241323471,0.9621136784553528,0.6656997203826904
YJL112W,YOL053C-A,0,0.031012148,0.12662380933761597,0.9621136784553528,0.6657997369766235
YMR239C,YIL133C,0,0.030690372,0.12660719454288483,0.9621136784553528,0.6658997535705566
YER014C-A,YLR130C,0,0.030284166,0.1265905797481537,0.9621136784553528,0.6659997701644897
YOL165C,YJR057W,0,0.029262781,0.12657397985458374,0.9621136784553528,0.6660998463630676
YPR162C,YBL112C,0,0.029206783,0.1265573799610138,0.9621136784553528,0.6661998629570007
YDR196C,YPR133W-A,0,0.02920182,0.12654078006744385,0.9621136784553528,0.6662998795509338
YBL028C,YDL047W,0,0.029166747,0.1265241950750351,0.9621136784553528,0.6663998961448669
YDR170C,YOL053C-A,0,0.028924763,0.12650761008262634,0.9621136784553528,0.6664999723434448
YNL085W,YMR308C,0,0.028233897,0.1264910250902176,0.9621136784553528,0.6665999889373779
YLR130C,YGL046W,0,0.027116016,0.12647444009780884,0.9621136784553528,0.666700005531311
YGR012W,YLR278C,0,0.027057052,0.12645787000656128,0.9621136784553528,0.6668000221252441
YPR026W,YPL083C,0,0.026875094,0.12644129991531372,0.9621136784553528,0.666900098323822
YJL081C,YNL219C,0,0.02633676,0.12642472982406616,0.9621136784553528,0.6670001149177551
YLR025W,YBR170C,0,0.025830358,0.1264081746339798,0.9621136784553528,0.6671001315116882
YPL104W,YOR008C,0,0.025356844,0.12639161944389343,0.9621136784553528,0.6672001481056213
YNL032W,YMR296C,0,0.025104955,0.12637506425380707,0.9621136784553528,0.6673001646995544
YBR155W,YER137C,0,0.02499552,0.1263585239648819,0.9621136784553528,0.6674002408981323
YBR125C,YNL122C,0,0.023567036,0.12634196877479553,0.9621136784553528,0.6675002574920654
YNL192W,YNL016W,0,0.022924818,0.12632542848587036,0.9621136784553528,0.6676002740859985
YPR194C,YOL054W,0,0.020684049,0.12630890309810638,0.9621136784553528,0.6677002906799316
YPL094C,YPL274W,0,0.020599425,0.1262923628091812,0.9621136784553528,0.6678003668785095
YEL040W,YPL259C,0,0.020498753,0.12627583742141724,0.9621136784553528,0.6679003834724426
YCR046C,YER019C-A,0,0.019389927,0.12625932693481445,0.9621136784553528,0.6680004000663757
YFR029W,YJR051W,0,0.019323446,0.12624280154705048,0.9621136784553528,0.6681004166603088
YJL029C,YKL168C,0,0.0186744,0.1262262910604477,0.9621136784553528,0.6682004332542419
YGR238C,YDR131C,0,0.017787874,0.1262097805738449,0.9621136784553528,0.6683005094528198
YOR291W,YNL032W,0,0.017537385,0.12619328498840332,0.9621136784553528,0.6684005260467529
YHR164C,YDR260C,0,0.01708889,0.12617677450180054,0.9621136784553528,0.668500542640686
YDR512C,YNL160W,0,0.0158505,0.12616027891635895,0.9621136784553528,0.6686005592346191
YLR042C,YPL093W,0,0.015425265,0.12614379823207855,0.9621136784553528,0.668700635433197
YLR305C,YOR008C,0,0.015387759,0.12612730264663696,0.9621136784553528,0.6688006520271301
YHL034C,YHR058C,0,0.015282422,0.12611082196235657,0.9621136784553528,0.6689006686210632
YBR111W-A,YNL006W,0,0.014479175,0.12609434127807617,0.9621136784553528,0.6690006852149963
YGR252W,YJL128C,0,0.012599021,0.12607786059379578,0.9621136784553528,0.6691007018089294
YGR056W,YLL003W,0,0.012088463,0.12606139481067657,0.9621136784553528,0.6692007780075073
YLR244C,YEL036C,0,0.012071371,0.12604492902755737,0.9621136784553528,0.6693007946014404
YML080W,YGR134W,0,0.011405513,0.12602846324443817,0.9621136784553528,0.6694008111953735
YNR018W,YPR163C,0,0.011386976,0.12601201236248016,0.9621136784553528,0.6695008277893066
YLL051C,YJR032W,0,0.010865957,0.12599556148052216,0.9621136784553528,0.6696009039878845
YHL012W,YAR035W,0,0.009903178,0.12597911059856415,0.9621136784553528,0.6697009205818176
YJR082C,YBL052C,0,0.008518308,0.12596267461776733,0.9621136784553528,0.6698009371757507
YOR159C,YPR171W,0,0.00804311,0.12594622373580933,0.9621136784553528,0.6699009537696838
YCR060W,YNL080C,0,0.008038968,0.1259297877550125,0.9621136784553528,0.6700010299682617
YDR174W,YPL096W,0,0.0076046344,0.1259133666753769,0.9621136784553528,0.6701010465621948
YPL011C,YCR055C,0,0.006829649,0.12589693069458008,0.9621136784553528,0.6702010631561279
YMR210W,YJR031C,0,0.0061552227,0.12588050961494446,0.9621136784553528,0.670301079750061
YLR183C,YML080W,0,0.0058017373,0.12586408853530884,0.9621136784553528,0.6704010963439941
YLR312W-A,YPL104W,0,0.0053150505,0.1258476823568344,0.9621136784553528,0.670501172542572
YOL070C,YOR098C,0,0.005041927,0.12583127617835999,0.9621136784553528,0.6706011891365051
YHR119W,YNL335W,0,0.004765004,0.12581486999988556,0.9621136784553528,0.6707012057304382
YJL087C,YJR032W,0,0.0047501773,0.12579846382141113,0.9621136784553528,0.6708012223243713
YDR083W,YBL026W,0,0.0044418573,0.1257820576429367,0.9621136784553528,0.6709012985229492
YML051W,YFR036W,0,0.0043126345,0.12576566636562347,0.9621136784553528,0.6710013151168823
YJL134W,YMR272C,0,0.0041938424,0.12574928998947144,0.9621136784553528,0.6711013317108154
YOR212W,YIL083C,0,0.003055796,0.1257328987121582,0.9621136784553528,0.6712013483047485
YOL111C,YLR278C,0,0.00292084,0.12571652233600616,0.9621136784553528,0.6713013648986816
YMR089C,YGL190C,0,0.0015583187,0.12570014595985413,0.9621136784553528,0.6714014410972595
YDL029W,YBR238C,0,0.00088620186,0.1256837695837021,0.9621136784553528,0.6715014576911926
YLR314C,YOR008C,0,0.000849396,0.12566740810871124,0.9621136784553528,0.6716014742851257
YLR329W,YBR222C,0,0.00041490793,0.1256510466337204,0.9621136784553528,0.6717014908790588
YNL131W,YOR187W,0,0.00031805038,0.12563468515872955,0.9621136784553528,0.6718015670776367
YNL231C,YCR012W,0,-0.0009060502,0.1256183236837387,0.9621136784553528,0.6719015836715698
YMR005W,YOR089C,0,-0.0009126663,0.12560197710990906,0.9621136784553528,0.6720016002655029
YKL217W,YDR167W,0,-0.001280725,0.1255856305360794,0.9621136784553528,0.672101616859436
YMR077C,YGL212W,0,-0.0019096546,0.12556928396224976,0.9621136784553528,0.6722016334533691
YBR128C,YNL262W,0,-0.0025622845,0.1255529522895813,0.9621136784553528,0.672301709651947
YOL111C,YOL108C,0,-0.0028003156,0.12553662061691284,0.9621136784553528,0.6724017262458801
YFR018C,YGR185C,0,-0.003325507,0.12552028894424438,0.9621136784553528,0.6725017428398132
YML071C,YMR087W,0,-0.0035808235,0.12550397217273712,0.9621136784553528,0.6726017594337463
YML032C,YBR095C,0,-0.00442091,0.12548764050006866,0.9621136784553528,0.6727018356323242
YHR034C,YNR028W,1,-0.0047562122,0.12560135126113892,0.9631106853485107,0.6727018356323242
YER008C,YDR211W,0,-0.0051047653,0.12558501958847046,0.9631106853485107,0.6728018522262573
YNR028W,YOR232W,1,-0.00576061,0.12569868564605713,0.9641076922416687,0.6728018522262573
YBR278W,YDR457W,0,-0.005908102,0.12568235397338867,0.9641076922416687,0.6729018688201904
YAL033W,YPL093W,0,-0.0059919357,0.12566602230072021,0.9641076922416687,0.6730018854141235
YMR173W,YDR472W,0,-0.006002307,0.12564969062805176,0.9641076922416687,0.6731019020080566
YER019C-A,YML039W,0,-0.0067268535,0.1256333589553833,0.9641076922416687,0.6732019782066345
YMR146C,YIL083C,0,-0.0068654865,0.12561704218387604,0.9641076922416687,0.6733019948005676
YEL052W,YKR008W,0,-0.007194236,0.12560072541236877,0.9641076922416687,0.6734020113945007
YJR149W,YOR355W,0,-0.0073535964,0.1255844086408615,0.9641076922416687,0.6735020279884338
YNL304W,YMR200W,0,-0.007502079,0.12556810677051544,0.9641076922416687,0.6736021041870117
YNR031C,YLR278C,0,-0.0077273995,0.12555180490016937,0.9641076922416687,0.6737021207809448
YPL094C,YDR211W,0,-0.007805422,0.1255355030298233,0.9641076922416687,0.6738021373748779
YNL079C,YMR213W,0,-0.00947839,0.12551921606063843,0.9641076922416687,0.673902153968811
YMR005W,YGL019W,0,-0.0094849765,0.12550291419029236,0.9641076922416687,0.6740022301673889
YKL020C,YER168C,0,-0.009709179,0.12548662722110748,0.9641076922416687,0.674102246761322
YOR237W,YMR075W,0,-0.009771332,0.1254703551530838,0.9641076922416687,0.6742022633552551
YNL117W,YNL138W,0,-0.009832233,0.12545406818389893,0.9641076922416687,0.6743022799491882
YOR215C,YML056C,0,-0.009924531,0.12543779611587524,0.9641076922416687,0.6744022965431213
YKL090W,YDR518W,0,-0.010245055,0.12542152404785156,0.9641076922416687,0.6745023727416992
YPL150W,YIL021W,0,-0.010379478,0.12540526688098907,0.9641076922416687,0.6746023893356323
YHR066W,YDR416W,0,-0.011340812,0.1253890097141266,0.9641076922416687,0.6747024059295654
YDR195W,YKR068C,0,-0.012780279,0.1253727525472641,0.9641076922416687,0.6748024225234985
YHL012W,YPL050C,0,-0.01351732,0.1253564953804016,0.9641076922416687,0.6749024987220764
YNL172W,YAR031W,0,-0.0135626495,0.12534025311470032,0.9641076922416687,0.6750025153160095
YJR070C,YML006C,0,-0.017374039,0.12532399594783783,0.9641076922416687,0.6751025319099426
YJR078W,YPR111W,0,-0.017440379,0.12530776858329773,0.9641076922416687,0.6752025485038757
YDL215C,YCR011C,0,-0.018372715,0.12529152631759644,0.9641076922416687,0.6753025650978088
YGR231C,YDR519W,1,-0.01999624,0.12540484964847565,0.9651046991348267,0.6753025650978088
YJL206C,YMR034C,0,-0.020100325,0.12538860738277435,0.9651046991348267,0.6754026412963867
YHR047C,YJL178C,0,-0.020622045,0.12537236511707306,0.9651046991348267,0.6755026578903198
YPR119W,YMR301C,0,-0.021767609,0.12535612285137177,0.9651046991348267,0.6756026744842529
YKL020C,YOR377W,0,-0.021877393,0.12533989548683167,0.9651046991348267,0.675702691078186
YCL057W,YJL128C,0,-0.02191393,0.12532366812229156,0.9651046991348267,0.6758027672767639
YGR105W,YMR034C,0,-0.022014037,0.12530744075775146,0.9651046991348267,0.675902783870697
YPR026W,YNL290W,0,-0.02259092,0.12529122829437256,0.9651046991348267,0.6760028004646301
YJL081C,YKL144C,0,-0.02266211,0.12527501583099365,0.9651046991348267,0.6761028170585632
YDL036C,YNL273W,0,-0.02341817,0.12525880336761475,0.9651046991348267,0.6762028336524963
YBR278W,YNR057C,0,-0.023872599,0.12524259090423584,0.9651046991348267,0.6763029098510742
YPR194C,YOR299W,0,-0.0249784,0.12522639334201813,0.9651046991348267,0.6764029264450073
YKR055W,YMR193W,0,-0.025877655,0.12521019577980042,0.9651046991348267,0.6765029430389404
YBR275C,YNL219C,0,-0.02681103,0.1251939982175827,0.9651046991348267,0.6766029596328735
YPL188W,YNL121C,0,-0.02700919,0.12517781555652618,0.9651046991348267,0.6767030358314514
YJR119C,YHR174W,0,-0.029304788,0.12516161799430847,0.9651046991348267,0.6768030524253845
YBR081C,YKL003C,0,-0.029383123,0.12514545023441315,0.9651046991348267,0.6769030690193176
YDR304C,YDR062W,0,-0.029953936,0.12512926757335663,0.9651046991348267,0.6770030856132507
YEL052W,YIL002C,0,-0.030500904,0.1251130998134613,0.9651046991348267,0.6771031022071838
YLR047C,YER046W,0,-0.030865796,0.12509691715240479,0.9651046991348267,0.6772031784057617
YDL133C-A,YKL013C,0,-0.031132653,0.12508076429367065,0.9651046991348267,0.6773031949996948
YFR045W,YKL165C,0,-0.03120771,0.12506459653377533,0.9651046991348267,0.6774032115936279
YGR143W,YHR082C,0,-0.032069057,0.1250484436750412,0.9651046991348267,0.677503228187561
YDR254W,YOR304C-A,0,-0.032765448,0.12503229081630707,0.9651046991348267,0.6776033043861389
YOR287C,YKL067W,0,-0.03351541,0.12501613795757294,0.9651046991348267,0.677703320980072
YLL017W,YKR069W,0,-0.034121603,0.125,0.9651046991348267,0.6778033375740051
YKL015W,YKL094W,0,-0.034225404,0.12498386204242706,0.9651046991348267,0.6779033541679382
YLL002W,YBR141C,0,-0.034278214,0.12496772408485413,0.9651046991348267,0.6780034303665161
YCL004W,YMR099C,0,-0.03436856,0.12495159357786179,0.9651046991348267,0.6781034469604492
YMR117C,YMR301C,0,-0.034561813,0.12493547052145004,0.9651046991348267,0.6782034635543823
YOL082W,YIL108W,0,-0.0345717,0.1249193474650383,0.9651046991348267,0.6783034801483154
YNL147W,YJR032W,0,-0.0360727,0.12490322440862656,0.9651046991348267,0.6784034967422485
YKL217W,YJR130C,0,-0.036765873,0.12488710880279541,0.9651046991348267,0.6785035729408264
YLR219W,YIL042C,0,-0.03685183,0.12487100064754486,0.9651046991348267,0.6786035895347595
YLR425W,YDL170W,0,-0.037761807,0.12485489249229431,0.9651046991348267,0.6787036061286926
YCR030C,YPL104W,0,-0.03786698,0.12483879178762436,0.9651046991348267,0.6788036227226257
YGL158W,YAL033W,0,-0.03854564,0.124822698533535,0.9651046991348267,0.6789036989212036
YJL112W,YMR077C,0,-0.03889872,0.12480659782886505,0.9651046991348267,0.6790037155151367
YLL002W,YML036W,0,-0.03908065,0.12479051202535629,0.9651046991348267,0.6791037321090698
YBR182C,YBL112C,0,-0.039157808,0.12477442622184753,0.9651046991348267,0.6792037487030029
YLR314C,YHR214C-B,0,-0.039580733,0.12475834786891937,0.9651046991348267,0.679303765296936
YOR304W,YJL095W,0,-0.039592683,0.12474226951599121,0.9651046991348267,0.6794038414955139
YJR028W,YPL274W,0,-0.03965792,0.12472619861364365,0.9651046991348267,0.679503858089447
YCL018W,YLR165C,0,-0.03983143,0.12471012771129608,0.9651046991348267,0.6796038746833801
YPL150W,YDR240C,0,-0.04074551,0.12469406425952911,0.9651046991348267,0.6797038912773132
YKL007W,YBR294W,0,-0.040746838,0.12467800080776215,0.9651046991348267,0.6798039674758911
YPL150W,YHL027W,0,-0.040855736,0.12466194480657578,0.9651046991348267,0.6799039840698242
YOR168W,YJL149W,0,-0.041215688,0.1246458888053894,0.9651046991348267,0.6800040006637573
YDR389W,YGR112W,0,-0.04137303,0.12462984770536423,0.9651046991348267,0.6801040172576904
YNL110C,YJL081C,0,-0.04169005,0.12461379915475845,0.9651046991348267,0.6802040338516235
YPL122C,YDR109C,0,-0.04189232,0.12459775805473328,0.9651046991348267,0.6803041100502014
YCR060W,YOR084W,0,-0.04196258,0.1245817244052887,0.9651046991348267,0.6804041266441345
YGL172W,YNR015W,0,-0.04221823,0.12456569075584412,0.9651046991348267,0.6805041432380676
YDR026C,YBR287W,0,-0.044284657,0.12454966455698013,0.9651046991348267,0.6806041598320007
YOR310C,YDR508C,0,-0.044315904,0.12453364580869675,0.9651046991348267,0.6807042360305786
YMR160W,YDR497C,0,-0.044748753,0.12451761960983276,0.9651046991348267,0.6808042526245117
YLR289W,YBR095C,0,-0.044947922,0.12450160831212997,0.9651046991348267,0.6809042692184448
YGL122C,YPL208W,0,-0.044948682,0.12448559701442719,0.9651046991348267,0.6810042858123779
YBR052C,YMR065W,0,-0.04514432,0.12446959316730499,0.9651046991348267,0.681104302406311
YBL005W-B,YBR257W,0,-0.04552047,0.1244535893201828,0.9651046991348267,0.6812043786048889
YGL158W,YLR314C,0,-0.04692924,0.12443758547306061,0.9651046991348267,0.681304395198822
YEL043W,YJR040W,0,-0.047244698,0.12442159652709961,0.9651046991348267,0.6814044117927551
YDL246C,YDL225W,0,-0.04735762,0.12440560013055801,0.9651046991348267,0.6815044283866882
YBL005W-B,YPR001W,0,-0.04758352,0.12438961863517761,0.9651046991348267,0.6816045045852661
YPR144C,YGL241W,0,-0.04763815,0.12437363713979721,0.9651046991348267,0.6817045211791992
YPR163C,YOR294W,0,-0.047984913,0.12435765564441681,0.9651046991348267,0.6818045377731323
YDL111C,YDR081C,0,-0.048730776,0.124341681599617,0.9651046991348267,0.6819045543670654
YDR072C,YER165W,0,-0.049306244,0.1243257150053978,0.9651046991348267,0.6820046305656433
YMR238W,YLR024C,0,-0.049527347,0.12430974841117859,0.9651046991348267,0.6821046471595764
YMR005W,YAL024C,0,-0.049770087,0.12429378181695938,0.9651046991348267,0.6822046637535095
YOL010W,YLR042C,0,-0.050747186,0.12427783012390137,0.9651046991348267,0.6823046803474426
YGR052W,YMR210W,0,-0.05144842,0.12426187098026276,0.9651046991348267,0.6824046969413757
YJL087C,YJL029C,0,-0.05219626,0.12424592673778534,0.9651046991348267,0.6825047731399536
YMR276W,YIL170W,0,-0.05295384,0.12422998249530792,0.9651046991348267,0.6826047897338867
YML028W,YIL177C,0,-0.053044423,0.1242140382528305,0.9651046991348267,0.6827048063278198
YLR206W,YEL041W,0,-0.053162694,0.12419810146093369,0.9651046991348267,0.6828048229217529
YGR177C,YGR185C,0,-0.053269118,0.12418216466903687,0.9651046991348267,0.6829048991203308
YNL050C,YLR325C,0,-0.05338867,0.12416624277830124,0.9651046991348267,0.6830049157142639
YJR021C,YEL041W,0,-0.05344911,0.12415031343698502,0.9651046991348267,0.683104932308197
YNL027W,YJL128C,0,-0.053611934,0.12413439154624939,0.9651046991348267,0.6832049489021301
YPL274W,YDL148C,0,-0.05606383,0.12411847710609436,0.9651046991348267,0.6833049654960632
YDR090C,YFR052W,0,-0.056108095,0.12410256266593933,0.9651046991348267,0.6834050416946411
YOR038C,YGL216W,0,-0.056343228,0.1240866556763649,0.9651046991348267,0.6835050582885742
YPR162C,YKL206C,0,-0.057029203,0.12407074868679047,0.9651046991348267,0.6836050748825073
YLR182W,YOL124C,0,-0.057363153,0.12405484914779663,0.9651046991348267,0.6837050914764404
YMR123W,YDR207C,0,-0.057363734,0.12403895705938339,0.9651046991348267,0.6838051676750183
YML006C,YHR079C,0,-0.05736959,0.12402306497097015,0.9651046991348267,0.6839051842689514
YAL016W,YLR224W,0,-0.057615668,0.12400717288255692,0.9651046991348267,0.6840052008628845
YLR386W,YGR084C,0,-0.057638153,0.12399128824472427,0.9651046991348267,0.6841052174568176
YGR199W,YGL226C-A,0,-0.057887115,0.12397541105747223,0.9651046991348267,0.6842052340507507
YNL223W,YMR033W,0,-0.05807197,0.12395953387022018,0.9651046991348267,0.6843053102493286
YAL024C,YOL026C,0,-0.058100395,0.12394366413354874,0.9651046991348267,0.6844053268432617
YKR054C,YMR008C,0,-0.0583708,0.12392779439687729,0.9651046991348267,0.6845053434371948
YGR167W,YNL192W,0,-0.05849149,0.12391193211078644,0.9651046991348267,0.6846053600311279
YBR247C,YLR353W,0,-0.05892542,0.12389606982469559,0.9651046991348267,0.6847054362297058
YJR147W,YMR203W,0,-0.060616553,0.12388021498918533,0.9651046991348267,0.6848054528236389
YDR090C,YDR453C,0,-0.0607766,0.12386436015367508,0.9651046991348267,0.684905469417572
YDR258C,YCR070W,1,-0.061049223,0.1239764615893364,0.9661017060279846,0.684905469417572
YPL050C,YDL045C,0,-0.061117813,0.12396059930324554,0.9661017060279846,0.6850054860115051
YBR247C,YOL004W,0,-0.061583906,0.12394474446773529,0.9661017060279846,0.6851055026054382
YIL108W,YCL057W,0,-0.06259945,0.12392888963222504,0.9661017060279846,0.6852055788040161
YGL014W,YLL012W,0,-0.063004315,0.12391304224729538,0.9661017060279846,0.6853055953979492
YJL011C,YGR072W,0,-0.063923426,0.12389720231294632,0.9661017060279846,0.6854056119918823
YBR247C,YLR329W,0,-0.06407747,0.12388136237859726,0.9661017060279846,0.6855056285858154
YNL267W,YBR243C,0,-0.06413199,0.1238655224442482,0.9661017060279846,0.6856057047843933
YMR321C,YDL035C,0,-0.06416708,0.12384968996047974,0.9661017060279846,0.6857057213783264
YNL232W,YJL081C,0,-0.064367756,0.12383386492729187,0.9661017060279846,0.6858057379722595
YOR145C,YIL177C,0,-0.0647728,0.123818039894104,0.9661017060279846,0.6859057545661926
YKL097W-A,YBR072W,0,-0.06540473,0.12380222231149673,0.9661017060279846,0.6860058307647705
YJR083C,YJL085W,0,-0.06569153,0.12378640472888947,0.9661017060279846,0.6861058473587036
YDL028C,YPL180W,0,-0.06593774,0.12377059459686279,0.9661017060279846,0.6862058639526367
YKL217W,YPL200W,0,-0.06594219,0.12375479191541672,0.9661017060279846,0.6863058805465698
YOR297C,YDR470C,0,-0.06650163,0.12373898923397064,0.9661017060279846,0.6864058971405029
YPR024W,YPR091C,0,-0.06807405,0.12372318655252457,0.9661017060279846,0.6865059733390808
YLR160C,YDR472W,0,-0.06847477,0.12370739132165909,0.9661017060279846,0.6866059899330139
YIL088C,YIL017W,0,-0.068757355,0.1236916035413742,0.9661017060279846,0.686706006526947
YLR289W,YOL026C,0,-0.069038525,0.12367581576108932,0.9661017060279846,0.6868060231208801
YNL304W,YOR215C,0,-0.06904377,0.12366002798080444,0.9661017060279846,0.686906099319458
YNL085W,YKL022C,0,-0.069835454,0.12364425510168076,0.9661017060279846,0.6870061159133911
YDR137W,YBR281C,0,-0.0702211,0.12362847477197647,0.9661017060279846,0.6871061325073242
YFL016C,YCR070W,1,-0.07037923,0.12374027073383331,0.9670987129211426,0.6871061325073242
YBL089W,YFR019W,0,-0.07070814,0.12372449040412903,0.9670987129211426,0.6872061491012573
YDR414C,YHR069C,0,-0.070736565,0.12370871007442474,0.9670987129211426,0.6873061656951904
YMR025W,YEL056W,0,-0.07123026,0.12369293719530106,0.9670987129211426,0.6874062418937683
YFL066C,YLR285W,0,-0.07171583,0.12367716431617737,0.9670987129211426,0.6875062584877014
YDL074C,YBR276C,0,-0.07245998,0.12366139888763428,0.9670987129211426,0.6876062750816345
YHR041C,YGR113W,0,-0.07266709,0.12364563345909119,0.9670987129211426,0.6877062916755676
YBR059C,YOL062C,0,-0.073945075,0.12362987548112869,0.9670987129211426,0.6878063678741455
YJL029C,YLR389C,0,-0.07471062,0.1236141175031662,0.9670987129211426,0.6879063844680786
YDL059C,YOR311C,0,-0.07500766,0.1235983669757843,0.9670987129211426,0.6880064010620117
YJR107W,YGR246C,0,-0.07518464,0.123582623898983,0.9670987129211426,0.6881064176559448
YPR011C,YDR245W,0,-0.07531131,0.1235668808221817,0.9670987129211426,0.6882064342498779
YDR030C,YKL168C,0,-0.07679796,0.1235511377453804,0.9670987129211426,0.6883065104484558
YKL206C,YCR055C,0,-0.077175796,0.1235354021191597,0.9670987129211426,0.6884065270423889
YMR315W,YPL151C,0,-0.07721166,0.12351967394351959,0.9670987129211426,0.688506543636322
YNL032W,YOR298W,0,-0.077471256,0.12350394576787949,0.9670987129211426,0.6886065602302551
YDR059C,YOR142W,0,-0.077512324,0.12348822504281998,0.9670987129211426,0.688706636428833
YNL273W,YJR040W,0,-0.07931203,0.12347250431776047,0.9670987129211426,0.6888066530227661
YCL060C,YLL043W,0,-0.08014916,0.12345679104328156,0.9670987129211426,0.6889066696166992
YOR283W,YNL122C,0,-0.08020699,0.12344107776880264,0.9670987129211426,0.6890066862106323
YGL241W,YER130C,0,-0.08063465,0.12342537194490433,0.9670987129211426,0.6891067028045654
YMR033W,YDR211W,0,-0.080929235,0.12340966612100601,0.9670987129211426,0.6892067790031433
YLL004W,YOR098C,0,-0.08105436,0.1233939677476883,0.9670987129211426,0.6893067955970764
YPR196W,YDL022W,0,-0.08307442,0.12337827682495117,0.9670987129211426,0.6894068121910095
YNL050C,YMR228W,0,-0.08321679,0.12336258590221405,0.9670987129211426,0.6895068287849426
YNL283C,YCR046C,0,-0.08376402,0.12334689497947693,0.9670987129211426,0.6896069049835205
YJR078W,YLL002W,0,-0.08387029,0.1233312115073204,0.9670987129211426,0.6897069215774536
YNL153C,YER013W,0,-0.084236875,0.12331553548574448,0.9670987129211426,0.6898069381713867
YPR001W,YBR222C,0,-0.084923826,0.12329985946416855,0.9670987129211426,0.6899069547653198
YDR144C,YNL172W,0,-0.08604029,0.12328419089317322,0.9670987129211426,0.6900070309638977
YMR123W,YPL093W,0,-0.08641942,0.12326852232217789,0.9670987129211426,0.6901070475578308
YDR082W,YJR133W,0,-0.08656551,0.12325286120176315,0.9670987129211426,0.6902070641517639
YNL044W,YER087C-B,0,-0.08801185,0.12323720008134842,0.9670987129211426,0.690307080745697
YIL017W,YLR348C,0,-0.088114716,0.12322154641151428,0.9670987129211426,0.6904070973396301
YPR091C,YBR222C,0,-0.08812261,0.12320589274168015,0.9670987129211426,0.690507173538208
YOL093W,YDR403W,0,-0.08898634,0.1231902465224266,0.9670987129211426,0.6906071901321411
YPR189W,YJR138W,0,-0.08927755,0.12317460030317307,0.9670987129211426,0.6907072067260742
YOL057W,YDR461W,0,-0.08970149,0.12315896153450012,0.9670987129211426,0.6908072233200073
YDR449C,YOR123C,0,-0.09087995,0.12314333021640778,0.9670987129211426,0.6909072995185852
YJL166W,YBR095C,0,-0.09091601,0.12312769889831543,0.9670987129211426,0.6910073161125183
YBR020W,YOR219C,0,-0.09130962,0.12311206758022308,0.9670987129211426,0.6911073327064514
YPL150W,YPR083W,0,-0.0916605,0.12309644371271133,0.9670987129211426,0.6912073493003845
YPR162C,YGL122C,0,-0.0916695,0.12308082729578018,0.9670987129211426,0.6913073658943176
YBL028C,YJL128C,0,-0.09167442,0.12306521087884903,0.9670987129211426,0.6914074420928955
YNL273W,YNL010W,0,-0.09258795,0.12304960191249847,0.9670987129211426,0.6915074586868286
YNR057C,YIL080W,0,-0.0928836,0.12303399294614792,0.9670987129211426,0.6916074752807617
YKL206C,YJR040W,0,-0.093159065,0.12301839143037796,0.9670987129211426,0.6917074918746948
YPR111W,YMR034C,0,-0.09333235,0.123002789914608,0.9670987129211426,0.6918075680732727
YIL083C,YHL027W,0,-0.09337771,0.12298719584941864,0.9670987129211426,0.6919075846672058
YGR177C,YLR285W,0,-0.09370303,0.12297160178422928,0.9670987129211426,0.6920076012611389
YKL200C,YER002W,0,-0.09459605,0.12295601516962051,0.9670987129211426,0.692107617855072
YBL041W,YDL197C,0,-0.09465998,0.12294042855501175,0.9670987129211426,0.6922076344490051
YHR109W,YNL092W,0,-0.094933316,0.12292484939098358,0.9670987129211426,0.692307710647583
YPL183W-A,YDR262W,0,-0.09529346,0.12290927767753601,0.9670987129211426,0.6924077272415161
YKL041W,YGL060W,0,-0.09610732,0.12289370596408844,0.9670987129211426,0.6925077438354492
YEL052W,YDR072C,0,-0.09650579,0.12287813425064087,0.9670987129211426,0.6926077604293823
YLR404W,YNL238W,0,-0.097284645,0.1228625699877739,0.9670987129211426,0.6927078366279602
YGR012W,YOR313C,0,-0.09825648,0.12284701317548752,0.9670987129211426,0.6928078532218933
YBR278W,YCR046C,0,-0.09854962,0.12283145636320114,0.9670987129211426,0.6929078698158264
YOR159C,YBR282W,0,-0.09861332,0.12281589955091476,0.9670987129211426,0.6930078864097595
YOR098C,YAL029C,0,-0.09914835,0.12280035763978958,0.9670987129211426,0.6931079030036926
YGR268C,YAL031C,0,-0.10013895,0.1227848082780838,0.9670987129211426,0.6932079792022705
YKR056W,YLR224W,0,-0.100174114,0.12276926636695862,0.9670987129211426,0.6933079957962036
YJR026W,YLR224W,0,-0.10041842,0.12275373190641403,0.9670987129211426,0.6934080123901367
YNL297C,YGR095C,0,-0.10129526,0.12273819744586945,0.9670987129211426,0.6935080289840698
YKR020W,YJR032W,0,-0.101456225,0.12272267043590546,0.9670987129211426,0.6936081051826477
YDR527W,YOR215C,0,-0.10161412,0.12270715087652206,0.9670987129211426,0.6937081217765808
YDR405W,YDR473C,0,-0.10215688,0.12269162386655807,0.9670987129211426,0.6938081383705139
YJR082C,YOL026C,0,-0.102370515,0.12267611175775528,0.9670987129211426,0.693908154964447
YMR315W,YGR036C,0,-0.102532916,0.12266059964895248,0.9670987129211426,0.6940082311630249
YHR056C,YGL170C,0,-0.1036957,0.12264508754014969,0.9670987129211426,0.694108247756958
YKL206C,YAR031W,0,-0.10414084,0.12262958288192749,0.9670987129211426,0.6942082643508911
YNL121C,YDR444W,0,-0.10477586,0.12261407822370529,0.9670987129211426,0.6943082809448242
YDL217C,YPL110C,0,-0.10537043,0.12259858101606369,0.9670987129211426,0.6944082975387573
YPR113W,YHL012W,0,-0.10541796,0.12258309125900269,0.9670987129211426,0.6945083737373352
YOL057W,YBR282W,0,-0.10554263,0.12256760150194168,0.9670987129211426,0.6946083903312683
YHR132C,YBR059C,0,-0.10565224,0.12255211919546127,0.9670987129211426,0.6947084069252014
YBL028C,YML030W,0,-0.10567409,0.12253663688898087,0.9670987129211426,0.6948084235191345
YBR037C,YMR273C,0,-0.10599972,0.12252115458250046,0.9670987129211426,0.6949084997177124
YLR401C,YDR159W,0,-0.10638636,0.12250567972660065,0.9670987129211426,0.6950085163116455
YLL034C,YKL175W,0,-0.106589854,0.12249021232128143,0.9670987129211426,0.6951085329055786
YOL054W,YJL213W,0,-0.10696752,0.12247474491596222,0.9670987129211426,0.6952085494995117
YOL045W,YOR275C,0,-0.10744634,0.1224592849612236,0.9670987129211426,0.6953085660934448
YLR264W,YML080W,0,-0.107930005,0.12244382500648499,0.9670987129211426,0.6954086422920227
YMR179W,YIL076W,0,-0.10812779,0.12242837250232697,0.9670987129211426,0.6955086588859558
YOL145C,YBL079W,0,-0.10821742,0.12241291999816895,0.9670987129211426,0.6956086754798889
YJR051W,YMR093W,0,-0.11050284,0.12239747494459152,0.9670987129211426,0.695708692073822
YNR004W,YMR186W,0,-0.111490294,0.1223820373415947,0.9670987129211426,0.6958087682723999
YDR167W,YKL166C,0,-0.11152241,0.12236659228801727,0.9670987129211426,0.695908784866333
YMR269W,YDR423C,0,-0.112083375,0.12235116213560104,0.9670987129211426,0.6960088014602661
YJL194W,YGL203C,0,-0.11212505,0.12233573198318481,0.9670987129211426,0.6961088180541992
YNL290W,YMR213W,0,-0.11269063,0.12232030183076859,0.9670987129211426,0.6962088346481323
YOL165C,YER104W,0,-0.11298239,0.12230487912893295,0.9670987129211426,0.6963089108467102
YER013W,YNL273W,0,-0.11335534,0.12228946387767792,0.9670987129211426,0.6964089274406433
YPL083C,YDR415C,0,-0.11419961,0.12227404862642288,0.9670987129211426,0.6965089440345764
YDR131C,YPL240C,0,-0.11447841,0.12225863337516785,0.9670987129211426,0.6966089606285095
YGR288W,YDR444W,0,-0.11503187,0.12224322557449341,0.9670987129211426,0.6967090368270874
YOR206W,YLR154W-A,0,-0.11676848,0.12222782522439957,0.9670987129211426,0.6968090534210205
YKR008W,YCL014W,0,-0.116774626,0.12221242487430573,0.9670987129211426,0.6969090700149536
YLR395C,YNL307C,0,-0.118489064,0.12219702452421188,0.9670987129211426,0.6970090866088867
YLR107W,YBR192W,0,-0.11851489,0.12218163162469864,0.9670987129211426,0.6971091032028198
YNL085W,YNR006W,0,-0.11857027,0.12216624617576599,0.9670987129211426,0.6972091794013977
YNL267W,YMR038C,0,-0.1186506,0.12215086072683334,0.9670987129211426,0.6973091959953308
YPR011C,YPL064C,0,-0.11865631,0.12213548272848129,0.9670987129211426,0.6974092125892639
YDR151C,YNR028W,1,-0.11955843,0.12224600464105606,0.9680957198143005,0.6974092125892639
YGR252W,YPL082C,0,-0.12028623,0.12223061174154282,0.9680957198143005,0.697509229183197
YHR119W,YNL298W,0,-0.12118442,0.12221522629261017,0.9680957198143005,0.6976093053817749
YDL035C,YCR046C,0,-0.12126064,0.12219984829425812,0.9680957198143005,0.697709321975708
YBL026W,YGL233W,0,-0.12163019,0.12218447029590607,0.9680957198143005,0.6978093385696411
YDR159W,YFL023W,0,-0.12299438,0.12216909974813461,0.9680957198143005,0.6979093551635742
YOR291W,YBL058W,0,-0.123536795,0.12215372920036316,0.9680957198143005,0.6980094313621521
YDR195W,YJR130C,0,-0.12405765,0.1221383661031723,0.9680957198143005,0.6981094479560852
YDR076W,YLR073C,0,-0.12484737,0.12212300300598145,0.9680957198143005,0.6982094645500183
YBR260C,YBL091C-A,0,-0.12486318,0.12210764735937119,0.9680957198143005,0.6983094811439514
YLL012W,YNL219C,0,-0.12615772,0.12209229171276093,0.9680957198143005,0.6984094977378845
YFR031C,YOR279C,0,-0.12678109,0.12207694351673126,0.9680957198143005,0.6985095739364624
YOR304W,YER138C,0,-0.12706184,0.1220615953207016,0.9680957198143005,0.6986095905303955
YNL262W,YJR140C,0,-0.12718463,0.12204625457525253,0.9680957198143005,0.6987096071243286
YER117W,YHR077C,0,-0.12779057,0.12203091382980347,0.9680957198143005,0.6988096237182617
YKL078W,YIL021W,0,-0.12799844,0.122015580534935,0.9680957198143005,0.6989096999168396
YLR386W,YOR187W,0,-0.12897423,0.12200025469064713,0.9680957198143005,0.6990097165107727
YHR061C,YLR050C,0,-0.1303075,0.12198492139577866,0.9680957198143005,0.6991097331047058
YDL206W,YKL180W,0,-0.13098884,0.12196960300207138,0.9680957198143005,0.6992097496986389
YGL122C,YCL003W,0,-0.13134348,0.1219542846083641,0.9680957198143005,0.699309766292572
YFL011W-A,YJR021C,0,-0.13143359,0.12193896621465683,0.9680957198143005,0.6994098424911499
YMR241W,YPL252C,0,-0.1325537,0.12192365527153015,0.9680957198143005,0.699509859085083
YDR195W,YLR016C,0,-0.13309681,0.12190835177898407,0.9680957198143005,0.6996098756790161
YBL005W-B,YJR028W,0,-0.13371307,0.12189304828643799,0.9680957198143005,0.6997098922729492
YNL050C,YNL307C,0,-0.13380453,0.1218777447938919,0.9680957198143005,0.6998099684715271
YMR210W,YJR063W,0,-0.13466734,0.12186244875192642,0.9680957198143005,0.6999099850654602
YBR195C,YHR059W,0,-0.13497257,0.12184716016054153,0.9680957198143005,0.7000100016593933
YGR221C,YDR378C,0,-0.1356316,0.12183187156915665,0.9680957198143005,0.7001100182533264
YML130C,YCR070W,1,-0.13563977,0.12194204330444336,0.9690927267074585,0.7001100182533264
YMR013C,YFL035C,0,-0.13574368,0.12192674726247787,0.9690927267074585,0.7002100348472595
YJR130C,YKL015W,0,-0.13589573,0.12191145122051239,0.9690927267074585,0.7003101110458374
YKL144C,YOR085W,0,-0.13606304,0.1218961626291275,0.9690927267074585,0.7004101276397705
YPL129W,YNL290W,0,-0.13638657,0.12188087403774261,0.9690927267074585,0.7005101442337036
YDL202W,YNL307C,0,-0.1366487,0.12186560034751892,0.9690927267074585,0.7006101608276367
YHR119W,YPR060C,0,-0.13751149,0.12185031920671463,0.9690927267074585,0.7007102370262146
YGL170C,YPL244C,0,-0.13787593,0.12183504551649094,0.9690927267074585,0.7008102536201477
YPR189W,YKR102W,0,-0.13797459,0.12181977927684784,0.9690927267074585,0.7009102702140808
YPL064C,YNR006W,0,-0.13897365,0.12180451303720474,0.9690927267074585,0.7010102868080139
YBL112C,YBR120C,0,-0.13929757,0.12178924679756165,0.9690927267074585,0.701110303401947
YOR304C-A,YOR099W,0,-0.13950673,0.12177398800849915,0.9690927267074585,0.7012103796005249
YIL108W,YOR168W,0,-0.14033794,0.12175873667001724,0.9690927267074585,0.701310396194458
YJR051W,YLR383W,0,-0.14039344,0.12174348533153534,0.9690927267074585,0.7014104127883911
YOR274W,YIL061C,0,-0.14055878,0.12172824144363403,0.9690927267074585,0.7015104293823242
YPL129W,YOR085W,0,-0.1408096,0.12171299755573273,0.9690927267074585,0.7016105055809021
YJL134W,YLL012W,0,-0.14087862,0.12169776111841202,0.9690927267074585,0.7017105221748352
YMR319C,YDR410C,0,-0.14158149,0.12168252468109131,0.9690927267074585,0.7018105387687683
YDR164C,YJR133W,0,-0.14179519,0.1216672956943512,0.9690927267074585,0.7019105553627014
YMR182C,YNL262W,0,-0.14263669,0.12165206670761108,0.9690927267074585,0.7020106315612793
YER014C-A,YEL029C,0,-0.14277312,0.12163684517145157,0.9690927267074585,0.7021106481552124
YFR045W,YPL104W,0,-0.14364617,0.12162162363529205,0.9690927267074585,0.7022106647491455
YJR107W,YGL112C,0,-0.14388737,0.12160640209913254,0.9690927267074585,0.7023106813430786
YJL225C,YDL197C,0,-0.14509156,0.12159119546413422,0.9690927267074585,0.7024106979370117
YOR291W,YCL014W,0,-0.14528596,0.1215759813785553,0.9690927267074585,0.7025107741355896
YLR321C,YPL093W,0,-0.14624041,0.12156078219413757,0.9690927267074585,0.7026107907295227
YOL057W,YGR276C,0,-0.14631331,0.12154558300971985,0.9690927267074585,0.7027108073234558
YOR283W,YLR187W,0,-0.14689982,0.12153038382530212,0.9690927267074585,0.7028108239173889
YOR206W,YLR228C,0,-0.14749658,0.121515192091465,0.9690927267074585,0.7029109001159668
YGL010W,YLR005W,0,-0.1486215,0.12150000035762787,0.9690927267074585,0.7030109167098999
YGL233W,YHR051W,0,-0.1491428,0.12148481607437134,0.9690927267074585,0.703110933303833
YPR196W,YDR167W,0,-0.14921689,0.12146963179111481,0.9690927267074585,0.7032109498977661
YJR083C,YDR364C,0,-0.14992008,0.12145445495843887,0.9690927267074585,0.7033109664916992
YDR146C,YGR171C,0,-0.1499806,0.12143927812576294,0.9690927267074585,0.7034110426902771
YLR157C,YLR113W,0,-0.15051271,0.1214241087436676,0.9690927267074585,0.7035110592842102
YNL032W,YML080W,0,-0.15061069,0.12140894681215286,0.9690927267074585,0.7036110758781433
YGL170C,YER087C-B,0,-0.15079296,0.12139377743005753,0.9690927267074585,0.7037110924720764
YIL134W,YDL040C,0,-0.15087144,0.12137862294912338,0.9690927267074585,0.7038111686706543
YDR310C,YGR134W,0,-0.1524923,0.12136346846818924,0.9690927267074585,0.7039111852645874
YOR219C,YHR082C,0,-0.15255396,0.1213483139872551,0.9690927267074585,0.7040112018585205
YPR083W,YGR134W,0,-0.1540797,0.12133316695690155,0.9690927267074585,0.7041112184524536
YJL011C,YMR268W-A,0,-0.15420604,0.121318019926548,0.9690927267074585,0.7042112350463867
YNL258C,YAL040C,0,-0.15430978,0.12130288034677505,0.9690927267074585,0.7043113112449646
YOR323C,YMR005W,0,-0.15511984,0.1212877482175827,0.9690927267074585,0.7044113278388977
YHR175W,YEL070W,0,-0.15520017,0.12127261608839035,0.9690927267074585,0.7045113444328308
YGL233W,YNR035C,0,-0.15548351,0.121257483959198,0.9690927267074585,0.7046113610267639
YHR211W,YDR527W,0,-0.15591024,0.12124235928058624,0.9690927267074585,0.7047114372253418
YCR080W,YBL098W,0,-0.15620142,0.12122724205255508,0.9690927267074585,0.7048114538192749
YBR037C,YNL239W,0,-0.15646556,0.12121212482452393,0.9690927267074585,0.704911470413208
YOL054W,YMR229C,0,-0.15768224,0.12119700759649277,0.9690927267074585,0.7050114870071411
YOR038C,YHR135C,0,-0.15792988,0.1211818978190422,0.9690927267074585,0.705111563205719
YPL147W,YPR006C,0,-0.15845998,0.12116678804159164,0.9690927267074585,0.7052115797996521
YER022W,YDL045C,0,-0.15954679,0.12115168571472168,0.9690927267074585,0.7053115963935852
YKL130C,YPL027W,0,-0.16085975,0.12113659083843231,0.9690927267074585,0.7054116129875183
YIL017W,YMR159C,0,-0.16124454,0.12112149596214294,0.9690927267074585,0.7055116295814514
YJR005W,YNR002C,0,-0.16125512,0.12110640108585358,0.9690927267074585,0.7056117057800293
YLR305C,YDR332W,0,-0.16176109,0.1210913136601448,0.9690927267074585,0.7057117223739624
YOR304W,YJR070C,0,-0.16284999,0.12107623368501663,0.9690927267074585,0.7058117389678955
YNL236W,YBL113C,0,-0.16509701,0.12106115370988846,0.9690927267074585,0.7059117555618286
YPR167C,YOR338W,0,-0.16510373,0.12104607373476028,0.9690927267074585,0.7060118317604065
YDL059C,YGL241W,0,-0.16518241,0.12103100121021271,0.9690927267074585,0.7061118483543396
YOR219C,YLR209C,0,-0.16644463,0.12101593613624573,0.9690927267074585,0.7062118649482727
YDR310C,YER145C,0,-0.16670671,0.12100087106227875,0.9690927267074585,0.7063118815422058
YOR292C,YDR416W,0,-0.16846733,0.12098581343889236,0.9690927267074585,0.7064118981361389
YJR046W,YCR069W,1,-0.17113724,0.121095210313797,0.9700897336006165,0.7064118981361389
YEL040W,YLR389C,0,-0.17115353,0.12108013778924942,0.9700897336006165,0.7065119743347168
YBL085W,YLR016C,0,-0.17175338,0.12106507271528244,0.9700897336006165,0.7066119909286499
YGR246C,YPL065W,0,-0.1718062,0.12105001509189606,0.9700897336006165,0.706712007522583
YNR031C,YLR088W,0,-0.17187701,0.12103495746850967,0.9700897336006165,0.7068120241165161
YOR279C,YBL028C,0,-0.1728634,0.12101989984512329,0.9700897336006165,0.706912100315094
YPL259C,YPL007C,0,-0.17395018,0.1210048496723175,0.9700897336006165,0.7070121169090271
YOR323C,YNR067C,0,-0.17492203,0.12098980695009232,0.9700897336006165,0.7071121335029602
YOL145C,YGR169C,0,-0.17512402,0.12097476422786713,0.9700897336006165,0.7072121500968933
YDR167W,YJR083C,0,-0.17565063,0.12095972150564194,0.9700897336006165,0.7073121666908264
YGL200C,YGR255C,0,-0.17672257,0.12094468623399734,0.9700897336006165,0.7074122428894043
YNL073W,YBR271W,0,-0.17698342,0.12092965096235275,0.9700897336006165,0.7075122594833374
YPR113W,YDL246C,0,-0.17733532,0.12091462314128876,0.9700897336006165,0.7076122760772705
YCR093W,YER087W,0,-0.17821284,0.12089960277080536,0.9700897336006165,0.7077122926712036
YLR165C,YGL051W,0,-0.17832448,0.12088458240032196,0.9700897336006165,0.7078123688697815
YGL010W,YMR176W,0,-0.17893046,0.12086956202983856,0.9700897336006165,0.7079123854637146
YMR112C,YDR476C,0,-0.17899004,0.12085454910993576,0.9700897336006165,0.7080124020576477
YJR092W,YOL010W,0,-0.1793524,0.12083954364061356,0.9700897336006165,0.7081124186515808
YEL069C,YAL022C,0,-0.17997643,0.12082453817129135,0.9700897336006165,0.7082124352455139
YDL036C,YDR476C,0,-0.18080637,0.12080953270196915,0.9700897336006165,0.7083125114440918
YIL002C,YPL134C,0,-0.18104368,0.12079453468322754,0.9700897336006165,0.7084125280380249
YPL002C,YMR267W,0,-0.18115225,0.12077954411506653,0.9700897336006165,0.708512544631958
YJR083C,YOL111C,0,-0.18151113,0.12076455354690552,0.9700897336006165,0.7086125612258911
YMR300C,YLL017W,0,-0.18202026,0.1207495629787445,0.9700897336006165,0.708712637424469
YDL024C,YDL047W,0,-0.1833449,0.12073457986116409,0.9700897336006165,0.7088126540184021
YEL069C,YNL192W,0,-0.18381476,0.12071960419416428,0.9700897336006165,0.7089126706123352
YER052C,YLR050C,0,-0.18465027,0.12070462852716446,0.9700897336006165,0.7090126872062683
YDR530C,YLR183C,0,-0.18485263,0.12068965286016464,0.9700897336006165,0.7091127634048462
YGL158W,YJL012C-A,0,-0.18545935,0.12067468464374542,0.9700897336006165,0.7092127799987793
YGL169W,YPL244C,0,-0.18561067,0.1206597238779068,0.9700897336006165,0.7093127965927124
YKL126W,YDR034C,0,-0.18645686,0.12064476311206818,0.9700897336006165,0.7094128131866455
YMR137C,YJL214W,0,-0.18843777,0.12062980234622955,0.9700897336006165,0.7095128297805786
YDR419W,YLR164W,0,-0.18906307,0.12061484903097153,0.9700897336006165,0.7096129059791565
YLR105C,YPL112C,0,-0.18967894,0.1205999031662941,0.9700897336006165,0.7097129225730896
YKL217W,YLR301W,0,-0.19034654,0.12058495730161667,0.9700897336006165,0.7098129391670227
YJL087C,YDR460W,0,-0.19055179,0.12057001143693924,0.9700897336006165,0.7099129557609558
YMR168C,YDR064W,0,-0.19090104,0.12055507302284241,0.9700897336006165,0.7100130319595337
YMR054W,YDR304C,0,-0.19194442,0.12054014205932617,0.9700897336006165,0.7101130485534668
YML032C,YIL061C,0,-0.1921153,0.12052521109580994,0.9700897336006165,0.7102130651473999
YDR144C,YGR112W,0,-0.19230843,0.1205102801322937,0.9700897336006165,0.710313081741333
YIL134W,YDR090C,0,-0.19231214,0.12049535661935806,0.9700897336006165,0.7104130983352661
YHR066W,YKR019C,0,-0.19268882,0.12048043310642242,0.9700897336006165,0.710513174533844
YIR018W,YLL012W,0,-0.19301088,0.12046551704406738,0.9700897336006165,0.7106131911277771
YBR276C,YLR301W,0,-0.19395612,0.12045060843229294,0.9700897336006165,0.7107132077217102
YKR026C,YMR099C,0,-0.19422212,0.1204356998205185,0.9700897336006165,0.7108132243156433
YOR209C,YGL183C,0,-0.19454804,0.12042079120874405,0.9700897336006165,0.7109133005142212
YDR378C,YPR187W,0,-0.19489393,0.1204058900475502,0.9700897336006165,0.7110133171081543
YNL073W,YGL004C,0,-0.19517851,0.12039098888635635,0.9700897336006165,0.7111133337020874
YBR287W,YGL169W,0,-0.19532007,0.1203760951757431,0.9700897336006165,0.7112133502960205
YLR291C,YDL047W,0,-0.19728996,0.12036120891571045,0.9700897336006165,0.7113133668899536
YPL099C,YKR068C,0,-0.1979546,0.1203463226556778,0.9700897336006165,0.7114134430885315
YJR051W,YGR222W,0,-0.19817254,0.12033143639564514,0.9700897336006165,0.7115134596824646
YDR079W,YLL003W,0,-0.19866227,0.12031655758619308,0.9700897336006165,0.7116134762763977
YFR018C,YNL298W,0,-0.19942929,0.12030167877674103,0.9700897336006165,0.7117134928703308
YOR287C,YIL017W,0,-0.20032471,0.12028680741786957,0.9700897336006165,0.7118135690689087
YPL119C,YOR138C,0,-0.20054644,0.1202719435095787,0.9700897336006165,0.7119135856628418
YDR082W,YML049C,0,-0.20119768,0.12025707215070724,0.9700897336006165,0.7120136022567749
YOR291W,YOR222W,0,-0.20214047,0.12024221569299698,0.9700897336006165,0.712113618850708
YDR155C,YCR070W,1,-0.20268711,0.1203509196639061,0.9710867404937744,0.712113618850708
YLR404W,YMR273C,0,-0.20268813,0.12033604830503464,0.9710867404937744,0.7122136354446411
YCR030C,YPL127C,0,-0.20431319,0.12032118439674377,0.9710867404937744,0.712313711643219
YPR162C,YGL113W,0,-0.20436823,0.12030632048845291,0.9710867404937744,0.7124137282371521
YLR278C,YKR026C,0,-0.20629966,0.12029146403074265,0.9710867404937744,0.7125137448310852
YCL003W,YOR313C,0,-0.20687668,0.12027661502361298,0.9710867404937744,0.7126137614250183
YHR077C,YPL259C,0,-0.20692597,0.12026175856590271,0.9710867404937744,0.7127138376235962
YHR074W,YOR378W,0,-0.20719129,0.12024691700935364,0.9710867404937744,0.7128138542175293
YLL008W,YPR163C,0,-0.20806772,0.12023206800222397,0.9710867404937744,0.7129138708114624
YNL282W,YER130C,0,-0.20817389,0.1202172338962555,0.9710867404937744,0.7130138874053955
YHR214C-B,YLR164W,0,-0.20927146,0.12020239233970642,0.9710867404937744,0.7131139636039734
YIL002C,YER008C,0,-0.20955978,0.12018755823373795,0.9710867404937744,0.7132139801979065
YGL122C,YMR321C,0,-0.2099344,0.12017273157835007,0.9710867404937744,0.7133139967918396
YGR282C,YPL163C,0,-0.21013108,0.12015790492296219,0.9710867404937744,0.7134140133857727
YDR131C,YGR246C,0,-0.2106269,0.12014308571815491,0.9710867404937744,0.7135140299797058
YOR237W,YLR213C,0,-0.21103397,0.12012826651334763,0.9710867404937744,0.7136141061782837
YGR238C,YJL081C,0,-0.2114152,0.12011345475912094,0.9710867404937744,0.7137141227722168
YER050C,YMR054W,0,-0.2122069,0.12009864300489426,0.9710867404937744,0.7138141393661499
YPL113C,YGL169W,0,-0.21236232,0.12008383870124817,0.9710867404937744,0.713914155960083
YMR145C,YKL165C,0,-0.21237426,0.12006903439760208,0.9710867404937744,0.7140142321586609
YIL132C,YER104W,0,-0.21309566,0.12005423754453659,0.9710867404937744,0.714114248752594
YLR425W,YKR102W,0,-0.2130957,0.1200394406914711,0.9710867404937744,0.7142142653465271
YGL169W,YDR461W,0,-0.21325798,0.12002464383840561,0.9710867404937744,0.7143142819404602
YDL206W,YBR129C,0,-0.21338059,0.12000985443592072,0.9710867404937744,0.7144142985343933
YLR289W,YEL029C,0,-0.21344042,0.11999507248401642,0.9710867404937744,0.7145143747329712
YDL245C,YEL030W,0,-0.2138529,0.11998029053211212,0.9710867404937744,0.7146143913269043
YOR283W,YDR233C,0,-0.21389961,0.11996551603078842,0.9710867404937744,0.7147144079208374
YPR171W,YGR134W,0,-0.21639717,0.11995074152946472,0.9710867404937744,0.7148144245147705
YIL170W,YMR213W,0,-0.21646069,0.11993596702814102,0.9710867404937744,0.7149145007133484
YDL197C,YMR099C,0,-0.21737044,0.11992119997739792,0.9710867404937744,0.7150145173072815
YPR072W,YDR164C,0,-0.21742804,0.11990644037723541,0.9710867404937744,0.7151145339012146
YOL066C,YLL034C,0,-0.21744627,0.1198916807770729,0.9710867404937744,0.7152145504951477
YDR151C,YMR200W,1,-0.21759951,0.11999999731779099,0.9720837473869324,0.7152145504951477
YBR177C,YNL010W,0,-0.21769227,0.11998523026704788,0.9720837473869324,0.7153145670890808
YER145C,YDL148C,0,-0.21769887,0.11997047066688538,0.9720837473869324,0.7154146432876587
YOR292C,YDR109C,0,-0.21838695,0.11995571106672287,0.9720837473869324,0.7155146598815918
YKL020C,YJR005W,0,-0.2187787,0.11994095146656036,0.9720837473869324,0.7156146764755249
YOR219C,YMR273C,0,-0.21930495,0.11992619931697845,0.9720837473869324,0.715714693069458
YBR260C,YJL085W,0,-0.2194986,0.11991144716739655,0.9720837473869324,0.7158147692680359
YGR221C,YOL082W,0,-0.21961623,0.11989670246839523,0.9720837473869324,0.715914785861969
YOL053C-A,YNR060W,0,-0.21985748,0.11988196521997452,0.9720837473869324,0.7160148024559021
YBR177C,YCR097WB,0,-0.21990255,0.1198672205209732,0.9720837473869324,0.7161148190498352
YJL214W,YDR392W,0,-0.22009994,0.11985249072313309,0.9720837473869324,0.7162148356437683
YCR060W,YNR004W,0,-0.22060928,0.11983776092529297,0.9720837473869324,0.7163149118423462
YAL033W,YPL218W,0,-0.22137316,0.11982303112745285,0.9720837473869324,0.7164149284362793
YBR276C,YOL054W,0,-0.22222118,0.11980830878019333,0.9720837473869324,0.7165149450302124
YOR106W,YLR103C,0,-0.2224754,0.11979358643293381,0.9720837473869324,0.7166149616241455
YOR206W,YMR049C,0,-0.2227717,0.11977887153625488,0.9720837473869324,0.7167150378227234
YPL113C,YCL034W,0,-0.2229276,0.11976415663957596,0.9720837473869324,0.7168150544166565
YNL309W,YLL033W,0,-0.22329794,0.11974944919347763,0.9720837473869324,0.7169150710105896
YDR081C,YKL094W,0,-0.22423142,0.1197347417473793,0.9720837473869324,0.7170150876045227
YBL113C,YLL055W,0,-0.22435647,0.11972004175186157,0.9720837473869324,0.7171151638031006
YMR268W-A,YPR138C,0,-0.22440906,0.11970534175634384,0.9720837473869324,0.7172151803970337
YKL041W,YER130C,0,-0.22502394,0.11969064921140671,0.9720837473869324,0.7173151969909668
YOR216C,YJR053W,0,-0.22623253,0.11967595666646957,0.9720837473869324,0.7174152135848999
YCR030C,YDR262W,0,-0.2263946,0.11966126412153244,0.9720837473869324,0.717515230178833
YOL043C,YJL095W,0,-0.22709444,0.1196465790271759,0.9720837473869324,0.7176153063774109
YAL058W,YEL030W,1,-0.22709595,0.1197545975446701,0.9730807542800903,0.7176153063774109
YBR202W,YKR044W,0,-0.22843981,0.11973991245031357,0.9730807542800903,0.717715322971344
YHL012W,YJL166W,0,-0.2288039,0.11972521990537643,0.9730807542800903,0.7178153395652771
YER103W,YCR070W,1,-0.22884558,0.11983319371938705,0.9740777611732483,0.7178153395652771
YAL033W,YMR117C,0,-0.2294594,0.11981849372386932,0.9740777611732483,0.7179153561592102
YNR006W,YIL035C,0,-0.22962566,0.11980380117893219,0.9740777611732483,0.7180154323577881
YDR030C,YDR415C,0,-0.2296451,0.11978910863399506,0.9740777611732483,0.7181154489517212
YFL035C,YMR143W,0,-0.2296637,0.11977442353963852,0.9740777611732483,0.7182154655456543
YJR149W,YDR170C,0,-0.2301669,0.11975974589586258,0.9740777611732483,0.7183154821395874
YDR144C,YPL113C,0,-0.23066983,0.11974506825208664,0.9740777611732483,0.7184154987335205
YDR285W,YMR090W,0,-0.23138055,0.1197303906083107,0.9740777611732483,0.7185155749320984
YLR187W,YMR308C,0,-0.23147374,0.11971572041511536,0.9740777611732483,0.7186155915260315
YFR045W,YNL219C,0,-0.23197687,0.11970105022192001,0.9740777611732483,0.7187156081199646
YGR255C,YDR222W,0,-0.23277909,0.11968638747930527,0.9740777611732483,0.7188156247138977
YJL024C,YGL051W,0,-0.23285082,0.11967173218727112,0.9740777611732483,0.7189157009124756
YPL083C,YJR063W,0,-0.23294367,0.11965706944465637,0.9740777611732483,0.7190157175064087
YLR386W,YDR496C,0,-0.23299128,0.11964242160320282,0.9740777611732483,0.7191157341003418
YOR274W,YIL095W,0,-0.23305015,0.11962777376174927,0.9740777611732483,0.7192157506942749
YOL052C,YJR040W,0,-0.23424654,0.11961312592029572,0.9740777611732483,0.719315767288208
YDL128W,YHL027W,0,-0.2343132,0.11959848552942276,0.9740777611732483,0.7194158434867859
YJR057W,YGR222W,0,-0.23445606,0.1195838451385498,0.9740777611732483,0.719515860080719
YNL314W,YBR261C,0,-0.2353188,0.11956920474767685,0.9740777611732483,0.7196158766746521
YDL015C,YNL138W,0,-0.23573904,0.11955457925796509,0.9740777611732483,0.7197158932685852
YOR283W,YNL236W,0,-0.23622239,0.11953994631767273,0.9740777611732483,0.7198159694671631
YPL127C,YPR002W,0,-0.23680411,0.11952532082796097,0.9740777611732483,0.7199159860610962
YJR051W,YBL112C,0,-0.23926984,0.1195107027888298,0.9740777611732483,0.7200160026550293
YJR040W,YMR240C,0,-0.23946992,0.11949608474969864,0.9740777611732483,0.7201160192489624
YKL190W,YMR117C,0,-0.23979422,0.11948147416114807,0.9740777611732483,0.7202160358428955
YHR214C-B,YNL335W,0,-0.24029219,0.1194668635725975,0.9740777611732483,0.7203161120414734
YKL093W,YDR457W,0,-0.24114275,0.11945225298404694,0.9740777611732483,0.7204161286354065
YMR061W,YNL267W,0,-0.24130063,0.11943764984607697,0.9740777611732483,0.7205161452293396
YER014C-A,YPL273W,0,-0.24146007,0.11942305415868759,0.9740777611732483,0.7206161618232727
YJL087C,YNL121C,0,-0.24156083,0.11940845847129822,0.9740777611732483,0.7207162380218506
YKL020C,YNR013C,0,-0.24184248,0.11939386278390884,0.9740777611732483,0.7208162546157837
YMR295C,YOR349W,0,-0.24189678,0.11937927454710007,0.9740777611732483,0.7209162712097168
YDR454C,YMR137C,0,-0.24267086,0.11936469376087189,0.9740777611732483,0.7210162878036499
YIL134W,YGL172W,0,-0.24305138,0.11935011297464371,0.9740777611732483,0.7211163640022278
YGL226C-A,YIL177C,0,-0.24323928,0.11933553218841553,0.9740777611732483,0.7212163805961609
YDR067C,YGL180W,0,-0.24400638,0.11932095885276794,0.9740777611732483,0.721316397190094
YDR083W,YLR005W,0,-0.24427491,0.11930638551712036,0.9740777611732483,0.7214164137840271
YGR271W,YJL206C,0,-0.24500713,0.11929181963205338,0.9740777611732483,0.7215164303779602
YPL064C,YKL013C,0,-0.2452367,0.11927725374698639,0.9740777611732483,0.7216165065765381
YJL178C,YDR364C,0,-0.2453295,0.1192626953125,0.9740777611732483,0.7217165231704712
YGR252W,YDR364C,0,-0.24558237,0.11924813687801361,0.9740777611732483,0.7218165397644043
YLL051C,YAL031C,0,-0.2483511,0.11923358589410782,0.9740777611732483,0.7219165563583374
YPR196W,YPR125W,0,-0.24848929,0.11921903491020203,0.9740777611732483,0.7220166325569153
YDR254W,YPL276W,0,-0.24944365,0.11920449137687683,0.9740777611732483,0.7221166491508484
YPR198W,YLR160C,0,-0.25041926,0.11918994784355164,0.9740777611732483,0.7222166657447815
YBR282W,YOR025W,0,-0.25108874,0.11917541176080704,0.9740777611732483,0.7223166823387146
YLR033W,YAL029C,0,-0.25113502,0.11916087567806244,0.9740777611732483,0.7224166989326477
YNL261W,YDL074C,0,-0.25144124,0.11914633959531784,0.9740777611732483,0.7225167751312256
YGR268C,YCL026C-B,0,-0.25161716,0.11913181096315384,0.9740777611732483,0.7226167917251587
YGR144W,YDR473C,0,-0.25239486,0.11911728978157043,0.9740777611732483,0.7227168083190918
YLL004W,YHR039C-A,0,-0.25260332,0.11910276859998703,0.9740777611732483,0.7228168249130249
YBR274W,YGR072W,0,-0.25329727,0.11908824741840363,0.9740777611732483,0.7229169011116028
YMR194W,YER087W,0,-0.2535463,0.11907373368740082,0.9740777611732483,0.7230169177055359
YKR035W-A,YOR222W,0,-0.25458664,0.11905922740697861,0.9740777611732483,0.723116934299469
YJL194W,YBL028C,0,-0.2552567,0.1190447211265564,0.9740777611732483,0.7232169508934021
YML006C,YNR010W,0,-0.25552136,0.11903021484613419,0.9740777611732483,0.7233169674873352
YDL227C,YDR159W,0,-0.25575227,0.11901571601629257,0.9740777611732483,0.7234170436859131
YDR461W,YNL230C,0,-0.2558396,0.11900121718645096,0.9740777611732483,0.7235170602798462
YPR162C,YMR075W,0,-0.25611192,0.11898672580718994,0.9740777611732483,0.7236170768737793
YDR296W,YOR216C,0,-0.25717428,0.11897223442792892,0.9740777611732483,0.7237170934677124
YOR206W,YPL096W,0,-0.25718457,0.1189577504992485,0.9740777611732483,0.7238171696662903
YOR283W,YMR200W,0,-0.25782835,0.11894326657056808,0.9740777611732483,0.7239171862602234
YKR008W,YDL140C,0,-0.25794178,0.11892879009246826,0.9740777611732483,0.7240172028541565
YDR082W,YLR141W,0,-0.2585402,0.11891431361436844,0.9740777611732483,0.7241172194480896
YOR084W,YER098W,0,-0.25875002,0.11889984458684921,0.9740777611732483,0.7242172360420227
YDR415C,YGR084C,0,-0.2598346,0.11888537555932999,0.9740777611732483,0.7243173122406006
YLR182W,YMR025W,0,-0.26151365,0.11887090653181076,0.9740777611732483,0.7244173288345337
YPR111W,YCR057C,0,-0.26358625,0.11885644495487213,0.9740777611732483,0.7245173454284668
YAL063C,YDR498C,0,-0.2636931,0.1188419908285141,0.9740777611732483,0.7246173620223999
YFL011W-A,YIL095W,0,-0.264735,0.11882753670215607,0.9740777611732483,0.7247174382209778
YNL172W,YGL236C,0,-0.2647502,0.11881308257579803,0.9740777611732483,0.7248174548149109
YLL003W,YBR020W,0,-0.26489437,0.1187986359000206,0.9740777611732483,0.724917471408844
YOR323C,YPL167C,0,-0.26504368,0.11878419667482376,0.9740777611732483,0.7250174880027771
YDR026C,YDL078C,0,-0.2656166,0.11876975744962692,0.9740777611732483,0.725117564201355
YKL190W,YFR045W,0,-0.26565844,0.11875531822443008,0.9740777611732483,0.7252175807952881
YPR026W,YMR099C,0,-0.26613468,0.11874088644981384,0.9740777611732483,0.7253175973892212
YPL252C,YNL302C,0,-0.26656795,0.1187264546751976,0.9740777611732483,0.7254176139831543
YLR182W,YDR211W,0,-0.26774126,0.11871203035116196,0.9740777611732483,0.7255176305770874
YLR203C,YJL082W,0,-0.26807427,0.11869760602712631,0.9740777611732483,0.7256177067756653
YNL230C,YNR072W,0,-0.26892504,0.11868318915367126,0.9740777611732483,0.7257177233695984
YHR039C-A,YGL071W,0,-0.26990423,0.11866877228021622,0.9740777611732483,0.7258177399635315
YEL053C,YPR133W-A,0,-0.2702535,0.11865436285734177,0.9740777611732483,0.7259177565574646
YMR146C,YLR224W,0,-0.27054608,0.11863995343446732,0.9740777611732483,0.7260178327560425
YLR429W,YKR028W,0,-0.2706198,0.11862554401159286,0.9740777611732483,0.7261178493499756
YJR026W,YLL033W,0,-0.27079615,0.11861114203929901,0.9740777611732483,0.7262178659439087
YIL177C,YJR101W,0,-0.27102768,0.11859674751758575,0.9740777611732483,0.7263178825378418
YMR315W,YLR141W,0,-0.27239776,0.1185823529958725,0.9740777611732483,0.7264178991317749
YPR137W,YMR296C,0,-0.27274024,0.11856795847415924,0.9740777611732483,0.7265179753303528
YBR275C,YDR245W,0,-0.27318078,0.11855357140302658,0.9740777611732483,0.7266179919242859
YGL018C,YEL030W,1,-0.27337557,0.11866051703691483,0.9750747680664062,0.7266179919242859
YGL094C,YPR200C,0,-0.27417934,0.11864612251520157,0.9750747680664062,0.726718008518219
YNL085W,YOR388C,0,-0.2746101,0.11863173544406891,0.9750747680664062,0.7268180251121521
YOR148C,YOR216C,0,-0.2746986,0.11861734092235565,0.9750747680664062,0.72691810131073
YLR395C,YDR472W,0,-0.27535427,0.11860296130180359,0.9750747680664062,0.7270181179046631
YNL117W,YGL233W,0,-0.2754293,0.11858857423067093,0.9750747680664062,0.7271181344985962
YKL171W,YKL203C,0,-0.27672124,0.11857420206069946,0.9750747680664062,0.7272181510925293
YOL112W,YDR281C,0,-0.27711338,0.1185598224401474,0.9750747680664062,0.7273181676864624
YCL024W,YPL087W,0,-0.27756825,0.11854545772075653,0.9750747680664062,0.7274182438850403
YNR031C,YDR494W,0,-0.27760658,0.11853108555078506,0.9750747680664062,0.7275182604789734
YGR167W,YNL219C,0,-0.27862728,0.1185167208313942,0.9750747680664062,0.7276182770729065
YER013W,YJL095W,0,-0.27868897,0.11850236356258392,0.9750747680664062,0.7277182936668396
YMR276W,YDR498C,0,-0.27907038,0.11848800629377365,0.9750747680664062,0.7278183698654175
YML032C,YDL225W,0,-0.27934572,0.11847364902496338,0.9750747680664062,0.7279183864593506
YHR029C,YOR084W,0,-0.27946383,0.1184592992067337,0.9750747680664062,0.7280184030532837
YJL179W,YNR028W,1,-0.2804109,0.11856606602668762,0.9760717749595642,0.7280184030532837
YPL083C,YPL129W,0,-0.2804533,0.11855170875787735,0.9760717749595642,0.7281184196472168
YER103W,YGL046W,0,-0.28049126,0.11853735148906708,0.9760717749595642,0.7282184362411499
YBR141C,YER137C,0,-0.2808144,0.1185230016708374,0.9760717749595642,0.7283185124397278
YKL082C,YER087C-B,0,-0.28230414,0.11850865185260773,0.9760717749595642,0.7284185290336609
YHR077C,YNR035C,0,-0.28240448,0.11849430948495865,0.9760717749595642,0.728518545627594
YDR460W,YMR033W,0,-0.2829849,0.11847997456789017,0.9760717749595642,0.7286185622215271
YGL112C,YPR171W,0,-0.2836445,0.11846563220024109,0.9760717749595642,0.728718638420105
YPL099C,YDR262W,0,-0.28403932,0.11845129728317261,0.9760717749595642,0.7288186550140381
YHR214C-B,YJR036C,0,-0.28523803,0.11843696981668472,0.9760717749595642,0.7289186716079712
YOR126C,YPL104W,0,-0.2854533,0.11842264235019684,0.9760717749595642,0.7290186882019043
YML030W,YDL074C,0,-0.2857579,0.11840832233428955,0.9760717749595642,0.7291187644004822
YPR171W,YCR012W,0,-0.28594524,0.11839400231838226,0.9760717749595642,0.7292187809944153
YOL057W,YGR145W,0,-0.28628778,0.11837968230247498,0.9760717749595642,0.7293187975883484
YNL073W,YDR211W,0,-0.2863919,0.11836536973714828,0.9760717749595642,0.7294188141822815
YDR229W,YHR085W,0,-0.2864805,0.11835106462240219,0.9760717749595642,0.7295188307762146
YNR067C,YGL113W,0,-0.28652716,0.1183367595076561,0.9760717749595642,0.7296189069747925
YLR447C,YPR196W,0,-0.28655076,0.11832245439291,0.9760717749595642,0.7297189235687256
YNL236W,YNL192W,0,-0.28731352,0.1183081567287445,0.9760717749595642,0.7298189401626587
YCR093W,YBR096W,0,-0.28736123,0.11829385906457901,0.9760717749595642,0.7299189567565918
YBR202W,YLR228C,0,-0.288361,0.11827956885099411,0.9760717749595642,0.7300190329551697
YGL083W,YPR072W,0,-0.289552,0.11826527863740921,0.9760717749595642,0.7301190495491028
YPR026W,YIL017W,0,-0.28957334,0.11825099587440491,0.9760717749595642,0.7302190661430359
YPR035W,YDL035C,0,-0.28986824,0.1182367131114006,0.9760717749595642,0.730319082736969
YGR113W,YML049C,0,-0.2899687,0.1182224377989769,0.9760717749595642,0.7304190993309021
YLL003W,YJR032W,0,-0.29088274,0.11820816248655319,0.9760717749595642,0.73051917552948
YER098W,YOR353C,0,-0.29097039,0.11819389462471008,0.9760717749595642,0.7306191921234131
YDL245C,YGL010W,0,-0.29138625,0.11817962676286697,0.9760717749595642,0.7307192087173462
YDR405W,YKR006C,0,-0.2915726,0.11816535890102386,0.9760717749595642,0.7308192253112793
YKR035W-A,YOR194C,0,-0.29191223,0.11815109848976135,0.9760717749595642,0.7309193015098572
YBR020W,YLR103C,0,-0.2922921,0.11813683807849884,0.9760717749595642,0.7310193181037903
YOR038C,YPR125W,0,-0.29297405,0.11812258511781693,0.9760717749595642,0.7311193346977234
YCR030C,YLR391W-A,0,-0.29298326,0.1181083396077156,0.9760717749595642,0.7312193512916565
YGR288W,YBR223C,0,-0.29524726,0.11809408664703369,0.9760717749595642,0.7313193678855896
YGL010W,YOR038C,0,-0.29643652,0.11807984858751297,0.9760717749595642,0.7314194440841675
YKR044W,YGR027C,0,-0.29680854,0.11806560307741165,0.9760717749595642,0.7315194606781006
YPR196W,YEL056W,0,-0.29763106,0.11805136501789093,0.9760717749595642,0.7316194772720337
YJR026W,YPR160W,0,-0.29767993,0.1180371344089508,0.9760717749595642,0.7317194938659668
YPL094C,YFL033C,0,-0.29793197,0.11802290380001068,0.9760717749595642,0.7318195700645447
YDR026C,YHR214C-B,0,-0.29812402,0.11800868064165115,0.9760717749595642,0.7319195866584778
YGR081C,YPR111W,0,-0.2989068,0.11799445748329163,0.9760717749595642,0.7320196032524109
YPL104W,YHR156C,0,-0.2989815,0.1179802343249321,0.9760717749595642,0.732119619846344
YGL170C,YJL155C,0,-0.29908723,0.11796601861715317,0.9760717749595642,0.7322196364402771
YLR163C,YLL033W,0,-0.29977456,0.11795181035995483,0.9760717749595642,0.732319712638855
YLR020C,YMR210W,0,-0.30075428,0.1179375946521759,0.9760717749595642,0.7324197292327881
YMR269W,YMR114C,0,-0.30083826,0.11792339384555817,0.9760717749595642,0.7325197458267212
YER185W,YFL035C,0,-0.30109146,0.11790919303894043,0.9760717749595642,0.7326197624206543
YPR137W,YMR268W-A,0,-0.30120942,0.11789499223232269,0.9760717749595642,0.7327198386192322
YLR157C,YKL206C,0,-0.3023893,0.11788079142570496,0.9760717749595642,0.7328198552131653
YJR032W,YCR069W,1,-0.30240119,0.1179869994521141,0.9770687818527222,0.7328198552131653
YKR056W,YNL262W,0,-0.30277145,0.11797279119491577,0.9770687818527222,0.7329198718070984
YOR148C,YOL062C,0,-0.30330637,0.11795859783887863,0.9770687818527222,0.7330198884010315
YML071C,YML039W,0,-0.30477402,0.1179443970322609,0.9770687818527222,0.7331199645996094
YDL074C,YNR015W,0,-0.3048726,0.11793020367622375,0.9770687818527222,0.7332199811935425
YNL231C,YDR332W,0,-0.30546343,0.11791601777076721,0.9770687818527222,0.7333199977874756
YDL121C,YJL176C,0,-0.30572274,0.11790183186531067,0.9770687818527222,0.7334200143814087
YNR021W,YBL113C,0,-0.30688238,0.11788764595985413,0.9770687818527222,0.7335200309753418
YOR287C,YNL178W,0,-0.30727336,0.11787346750497818,0.9770687818527222,0.7336201071739197
YBR271W,YML028W,0,-0.3082662,0.11785928905010223,0.9770687818527222,0.7337201237678528
YDR090C,YPR125W,0,-0.30899358,0.11784511804580688,0.9770687818527222,0.7338201403617859
YHR109W,YMR240C,0,-0.30940378,0.11783094704151154,0.9770687818527222,0.733920156955719
YPL083C,YKL097W-A,0,-0.30954883,0.11781678348779678,0.9770687818527222,0.7340202331542969
YDR079W,YGR281W,0,-0.30957007,0.11780261993408203,0.9770687818527222,0.73412024974823
YER151C,YGR271W,0,-0.31127355,0.11778846383094788,0.9770687818527222,0.7342202663421631
YGL112C,YKR020W,0,-0.3119182,0.11777430772781372,0.9770687818527222,0.7343202829360962
YDR205W,YNL010W,0,-0.31248534,0.11776015162467957,0.9770687818527222,0.7344202995300293
YFL038C,YKL203C,0,-0.31376946,0.11774600297212601,0.9770687818527222,0.7345203757286072
YGR169C,YMR270C,0,-0.31407925,0.11773186177015305,0.9770687818527222,0.7346203923225403
YNL271C,YKL166C,0,-0.31431282,0.11771772056818008,0.9770687818527222,0.7347204089164734
YOR378W,YDL077C,0,-0.31441414,0.11770357936620712,0.9770687818527222,0.7348204255104065
YPL098C,YGL051W,0,-0.31455907,0.11768944561481476,0.9770687818527222,0.7349205017089844
YML028W,YPL112C,0,-0.3147589,0.1176753118634224,0.9770687818527222,0.7350205183029175
YEL037C,YER185W,0,-0.3162567,0.11766118556261063,0.9770687818527222,0.7351205348968506
YGL180W,YHR119W,0,-0.3167269,0.11764705926179886,0.9770687818527222,0.7352205514907837
YLL002W,YKL020C,0,-0.3174436,0.11763294041156769,0.9770687818527222,0.7353205680847168
YOL045W,YKL206C,0,-0.31745237,0.11761882156133652,0.9770687818527222,0.7354206442832947
YEL069C,YKL003C,0,-0.31773776,0.11760470271110535,0.9770687818527222,0.7355206608772278
YDR090C,YCR014C,0,-0.31799874,0.11759059131145477,0.9770687818527222,0.7356206774711609
YOR377W,YDR470C,0,-0.31872085,0.1175764873623848,0.9770687818527222,0.735720694065094
YNL232W,YJL095W,0,-0.31926328,0.11756238341331482,0.9770687818527222,0.7358207702636719
YCR087C-A,YBR243C,0,-0.31931055,0.11754827946424484,0.9770687818527222,0.735920786857605
YDR174W,YER138C,0,-0.3199387,0.11753418296575546,0.9770687818527222,0.7360208034515381
YGL170C,YGR276C,0,-0.3200827,0.11752008646726608,0.9770687818527222,0.7361208200454712
YDR451C,YJR083C,0,-0.32185984,0.1175059974193573,0.9770687818527222,0.7362208366394043
YMR315W,YKL206C,0,-0.3221552,0.11749190837144852,0.9770687818527222,0.7363209128379822
YDR167W,YGL216W,0,-0.3223276,0.11747782677412033,0.9770687818527222,0.7364209294319153
YDR410C,YGL060W,0,-0.3225496,0.11746374517679214,0.9770687818527222,0.7365209460258484
YJR083C,YOR232W,0,-0.3227554,0.11744966357946396,0.9770687818527222,0.7366209626197815
YCR087C-A,YPL011C,0,-0.32291538,0.11743558943271637,0.9770687818527222,0.7367210388183594
YJR149W,YLR224W,0,-0.3237813,0.11742152273654938,0.9770687818527222,0.7368210554122925
YNL131W,YNL262W,0,-0.32474363,0.11740744858980179,0.9770687818527222,0.7369210720062256
YEL053C,YIL159W,0,-0.3260613,0.1173933893442154,0.9770687818527222,0.7370210886001587
YJR119C,YOR038C,0,-0.3265665,0.117379330098629,0.9770687818527222,0.7371211647987366
YBR223C,YKL201C,0,-0.326671,0.1173652708530426,0.9770687818527222,0.7372211813926697
YLR163C,YML039W,0,-0.3275774,0.1173512190580368,0.9770687818527222,0.7373211979866028
YGL212W,YOL107W,0,-0.3276894,0.117337167263031,0.9770687818527222,0.7374212145805359
YIL134W,YHR077C,0,-0.32781172,0.11732311546802521,0.9770687818527222,0.737521231174469
YKL171W,YGL163C,0,-0.32782,0.1173090711236,0.9770687818527222,0.7376213073730469
YLR029C,YML080W,0,-0.3286044,0.1172950342297554,0.9770687818527222,0.73772132396698
YOR304C-A,YML006C,0,-0.32874528,0.1172809973359108,0.9770687818527222,0.7378213405609131
YNL163C,YNR044W,0,-0.32944977,0.11726696044206619,0.9770687818527222,0.7379213571548462
YOR283W,YDR222W,0,-0.33028802,0.11725293099880219,0.9770687818527222,0.7380214333534241
YIL134W,YLR353W,0,-0.33085424,0.11723890155553818,0.9770687818527222,0.7381214499473572
YCL024W,YDR444W,0,-0.33112332,0.11722487956285477,0.9770687818527222,0.7382214665412903
YMR145C,YLR278C,0,-0.33116257,0.11721085757017136,0.9770687818527222,0.7383214831352234
YOR283W,YPR127W,0,-0.3315739,0.11719684302806854,0.9770687818527222,0.7384214997291565
YJL114W,YMR112C,0,-0.3318031,0.11718282848596573,0.9770687818527222,0.7385215759277344
YAL017W,YJL085W,0,-0.33225846,0.11716882139444351,0.9770687818527222,0.7386215925216675
YPL259C,YJR140C,0,-0.33299455,0.1171548143029213,0.9770687818527222,0.7387216091156006
YGR052W,YHR008C,0,-0.33324268,0.11714080721139908,0.9770687818527222,0.7388216257095337
YCL014W,YJL117W,0,-0.3341386,0.11712680757045746,0.9770687818527222,0.7389217019081116
YMR146C,YPR204W,0,-0.33427966,0.11711280792951584,0.9770687818527222,0.7390217185020447
YNR072W,YBR037C,0,-0.33499333,0.11709881573915482,0.9770687818527222,0.7391217350959778
YPL078C,YIL017W,0,-0.3357403,0.11708482354879379,0.9770687818527222,0.7392217516899109
YJL005W,YKL171W,0,-0.33607566,0.11707083880901337,0.9770687818527222,0.739321768283844
YNL223W,YGR246C,0,-0.33704025,0.11705685406923294,0.9770687818527222,0.7394218444824219
YCR060W,YLR383W,0,-0.33720687,0.11704287678003311,0.9770687818527222,0.739521861076355
YNL085W,YHR069C,0,-0.33770642,0.11702889949083328,0.9770687818527222,0.7396218776702881
YOR074C,YIL095W,0,-0.33774158,0.11701492220163345,0.9770687818527222,0.7397218942642212
YOR168W,YDR415C,0,-0.33824953,0.11700095236301422,0.9770687818527222,0.7398219704627991
YGR095C,YLR005W,0,-0.3389452,0.11698698997497559,0.9770687818527222,0.7399219870567322
YNR003C,YNL259C,0,-0.33913797,0.11697302758693695,0.9770687818527222,0.7400220036506653
YDL208W,YJR130C,0,-0.34013963,0.11695906519889832,0.9770687818527222,0.7401220202445984
YDR144C,YMR229C,0,-0.34084666,0.11694511026144028,0.9770687818527222,0.7402220368385315
YDR371W,YKR002W,0,-0.3415769,0.11693115532398224,0.9770687818527222,0.7403221130371094
YPR072W,YGR264C,0,-0.34280768,0.1169172003865242,0.9770687818527222,0.7404221296310425
YBR080C,YLR024C,0,-0.34306985,0.11690325289964676,0.9770687818527222,0.7405221462249756
YBR275C,YPL163C,0,-0.3432514,0.11688931286334991,0.9770687818527222,0.7406221628189087
YDR207C,YCR055C,0,-0.3440885,0.11687537282705307,0.9770687818527222,0.7407222390174866
YIL083C,YER046W,0,-0.34510547,0.11686143279075623,0.9770687818527222,0.7408222556114197
YFR029W,YKR055W,0,-0.34567106,0.11684750020503998,0.9770687818527222,0.7409222722053528
YJR092W,YLR404W,0,-0.34585422,0.11683357506990433,0.9770687818527222,0.7410222887992859
YGR056W,YNL282W,0,-0.34613478,0.11681964248418808,0.9770687818527222,0.7411223649978638
YDR460W,YLR024C,0,-0.34830758,0.11680572479963303,0.9770687818527222,0.7412223815917969
YLR033W,YMR213W,0,-0.3483938,0.11679179966449738,0.9770687818527222,0.74132239818573
YGR052W,YGL010W,0,-0.34881613,0.11677788197994232,0.9770687818527222,0.7414224147796631
YBR002C,YNR003C,0,-0.34990433,0.11676397174596786,0.9770687818527222,0.7415224313735962
YOL102C,YKR026C,0,-0.35032332,0.11675006151199341,0.9770687818527222,0.7416225075721741
YJR107W,YNR057C,0,-0.35077718,0.11673615127801895,0.9770687818527222,0.7417225241661072
YER151C,YFR045W,0,-0.3511872,0.11672224849462509,0.9770687818527222,0.7418225407600403
YIL088C,YGR089W,0,-0.35167795,0.11670834571123123,0.9770687818527222,0.7419225573539734
YNL271C,YGR216C,0,-0.3518799,0.11669445037841797,0.9770687818527222,0.7420226335525513
YCL014W,YLR033W,0,-0.35258526,0.1166805550456047,0.9770687818527222,0.7421226501464844
YDR492W,YDR429C,0,-0.35301647,0.11666666716337204,0.9770687818527222,0.7422226667404175
YLL003W,YKL007W,0,-0.3531236,0.11665277928113937,0.9770687818527222,0.7423226833343506
YOR291W,YBR006W,0,-0.35411564,0.1166388988494873,0.9770687818527222,0.7424226999282837
YJL225C,YOR180C,0,-0.35472453,0.11662501841783524,0.9770687818527222,0.7425227761268616
YJR138W,YNL010W,0,-0.354899,0.11661113798618317,0.9770687818527222,0.7426227927207947
YCL018W,YBR111W-A,0,-0.355777,0.1165972650051117,0.9770687818527222,0.7427228093147278
YPR001W,YGR222W,0,-0.35597983,0.11658339202404022,0.9770687818527222,0.7428228259086609
YHR047C,YOL057W,0,-0.3560943,0.11656952649354935,0.9770687818527222,0.7429229021072388
YMR168C,YKL200C,0,-0.35613343,0.11655566096305847,0.9770687818527222,0.7430229187011719
YMR137C,YOR008C,0,-0.35667527,0.1165418028831482,0.9770687818527222,0.743122935295105
YPR125W,YLR073C,0,-0.3570045,0.11652794480323792,0.9770687818527222,0.7432229518890381
YOR138C,YHR135C,0,-0.35731858,0.11651408672332764,0.9770687818527222,0.7433229684829712
YHR109W,YGL060W,0,-0.35748348,0.11650023609399796,0.9770687818527222,0.7434230446815491
YJL087C,YMR276W,0,-0.3577059,0.11648639291524887,0.9770687818527222,0.7435230612754822
YEL022W,YBR150C,0,-0.35808092,0.11647254228591919,0.9770687818527222,0.7436230778694153
YMR077C,YNL110C,0,-0.3594562,0.1164587065577507,0.9770687818527222,0.7437230944633484
YJL187C,YGL244W,0,-0.3595231,0.11644486337900162,0.9770687818527222,0.7438231706619263
YPR011C,YCL024W,0,-0.3605505,0.11643103510141373,0.9770687818527222,0.7439231872558594
YHR012W,YPL087W,0,-0.36058718,0.11641719937324524,0.9770687818527222,0.7440232038497925
YHR082C,YIL048W,0,-0.36077845,0.11640337109565735,0.9770687818527222,0.7441232204437256
YNR021W,YNL238W,0,-0.36121425,0.11638955026865005,0.9770687818527222,0.7442232966423035
YLL061W,YNL122C,0,-0.3617332,0.11637572944164276,0.9770687818527222,0.7443233132362366
YNL073W,YIL177C,0,-0.3622243,0.11636190861463547,0.9770687818527222,0.7444233298301697
YPL119C,YMR038C,0,-0.36254242,0.11634809523820877,0.9770687818527222,0.7445233464241028
YMR038C,YIL048W,0,-0.36365026,0.11633428186178207,0.9770687818527222,0.7446233630180359
YLL051C,YLR329W,0,-0.3637126,0.11632047593593597,0.9770687818527222,0.7447234392166138
YJL112W,YGL212W,0,-0.36384472,0.11630667001008987,0.9770687818527222,0.7448234558105469
YLR141W,YJR101W,0,-0.3649553,0.11629287153482437,0.9770687818527222,0.74492347240448
YPR171W,YBL052C,0,-0.3654089,0.11627907305955887,0.9770687818527222,0.7450234889984131
YOR301W,YBR187W,0,-0.365559,0.11626527458429337,0.9770687818527222,0.745123565196991
YDL171C,YMR143W,0,-0.3671267,0.11625148355960846,0.9770687818527222,0.7452235817909241
YDR415C,YHR168W,0,-0.36873195,0.11623769253492355,0.9770687818527222,0.7453235983848572
YDL121C,YMR145C,0,-0.37037176,0.11622390896081924,0.9770687818527222,0.7454236149787903
YAR027W,YMR268W-A,0,-0.3709957,0.11621012538671494,0.9770687818527222,0.7455236315727234
YDR137W,YOL108C,0,-0.37175605,0.11619634926319122,0.9770687818527222,0.7456237077713013
YBL005W-B,YGR036C,0,-0.37232608,0.11618257313966751,0.9770687818527222,0.7457237243652344
YNL238W,YOL101C,0,-0.37317485,0.1161687970161438,0.9770687818527222,0.7458237409591675
YLR285W,YPR138C,0,-0.37387055,0.11615502834320068,0.9770687818527222,0.7459237575531006
YOL129W,YKL074C,0,-0.37450895,0.11614126712083817,0.9770687818527222,0.7460238337516785
YPL274W,YCL060C,0,-0.374584,0.11612750589847565,0.9770687818527222,0.7461238503456116
YER050C,YHR077C,0,-0.37465763,0.11611374467611313,0.9770687818527222,0.7462238669395447
YDR109C,YER115C,0,-0.37501505,0.11609999090433121,0.9770687818527222,0.7463238835334778
YDR373W,YML039W,0,-0.37529114,0.11608623713254929,0.9770687818527222,0.7464239001274109
YHR041C,YMR200W,0,-0.37546104,0.11607248336076736,0.9770687818527222,0.7465239763259888
YGR052W,YOR275C,0,-0.3761039,0.11605873703956604,0.9770687818527222,0.7466239929199219
YER046W,YDR444W,0,-0.3769232,0.11604499816894531,0.9770687818527222,0.746724009513855
YGR034W,YMR273C,0,-0.37696117,0.11603125929832458,0.9770687818527222,0.7468240261077881
YLR329W,YFL023W,0,-0.37707683,0.11601752042770386,0.9770687818527222,0.746924102306366
YJR149W,YJR112W,0,-0.3772875,0.11600378900766373,0.9770687818527222,0.7470241189002991
YKL041W,YCL032W,0,-0.3776822,0.1159900575876236,0.9770687818527222,0.7471241354942322
YFL066C,YLR359W,0,-0.3780319,0.11597633361816406,0.9770687818527222,0.7472241520881653
YHR085W,YNL182C,0,-0.3780852,0.11596260964870453,0.9770687818527222,0.7473241686820984
YGR012W,YLR187W,0,-0.3788131,0.115948885679245,0.9770687818527222,0.7474242448806763
YMR321C,YER190W,0,-0.3790434,0.11593516916036606,0.9770687818527222,0.7475242614746094
YPL151C,YGR271W,0,-0.379205,0.11592146009206772,0.9770687818527222,0.7476242780685425
YHR132C,YMR240C,0,-0.37927634,0.11590774357318878,0.9770687818527222,0.7477242946624756
YLR080W,YJL095W,0,-0.3794572,0.11589404195547104,0.9770687818527222,0.7478243708610535
YMR090W,YGL203C,0,-0.3795672,0.1158803328871727,0.9770687818527222,0.7479243874549866
YLR024C,YCR097WB,0,-0.37995517,0.11586663872003555,0.9770687818527222,0.7480244040489197
YIL143C,YPR091C,0,-0.38012707,0.11585293710231781,0.9770687818527222,0.7481244206428528
YGR264C,YOR355W,0,-0.3809804,0.11583924293518066,0.9770687818527222,0.7482244968414307
YFL066C,YDR151C,0,-0.38114738,0.11582555621862411,0.9770687818527222,0.7483245134353638
YLR028C,YIL047C,0,-0.38172445,0.11581186205148697,0.9770687818527222,0.7484245300292969
YPR030W,YOL053C-A,0,-0.381768,0.11579818278551102,0.9770687818527222,0.74852454662323
YIL139C,YLR321C,0,-0.3824912,0.11578449606895447,0.9770687818527222,0.7486245632171631
YLR429W,YDR109C,0,-0.38303122,0.11577082425355911,0.9770687818527222,0.748724639415741
YIL079C,YOR338W,0,-0.38430515,0.11575714498758316,0.9770687818527222,0.7488246560096741
YLR105C,YPL122C,0,-0.38458896,0.1157434731721878,0.9770687818527222,0.7489246726036072
YLL004W,YBR095C,0,-0.38492292,0.11572980880737305,0.9770687818527222,0.7490246891975403
YER165W,YMR272C,0,-0.38513035,0.11571614444255829,0.9770687818527222,0.7491247653961182
YML032C,YLR016C,0,-0.38524202,0.11570248007774353,0.9770687818527222,0.7492247819900513
YLL041C,YPL276W,0,-0.3853502,0.11568882316350937,0.9770687818527222,0.7493247985839844
YIL139C,YOR299W,0,-0.38608244,0.11567516624927521,0.9770687818527222,0.7494248151779175
YOR147W,YJR119C,0,-0.38613272,0.11566150933504105,0.9770687818527222,0.7495248317718506
YDR083W,YOR209C,0,-0.3861639,0.11564786732196808,0.9770687818527222,0.7496249079704285
YNL192W,YGL174W,0,-0.3869586,0.11563421785831451,0.9770687818527222,0.7497249245643616
YDR451C,YKR035W-A,0,-0.38715243,0.11562057584524155,0.9770687818527222,0.7498249411582947
YNL267W,YJR133W,0,-0.38760436,0.11560693383216858,0.9770687818527222,0.7499249577522278
YIL135C,YAL031C,0,-0.38812375,0.11559329926967621,0.9770687818527222,0.7500250339508057
YKL064W,YFR019W,0,-0.3901173,0.11557966470718384,0.9770687818527222,0.7501250505447388
YPL113C,YDR353W,0,-0.3905465,0.11556603759527206,0.9770687818527222,0.7502250671386719
YMR160W,YFL013C,0,-0.39077285,0.11555241048336029,0.9770687818527222,0.750325083732605
YBR042C,YCR087C-A,0,-0.3916207,0.11553879082202911,0.9770687818527222,0.7504251003265381
YKL082C,YLR309C,0,-0.39180863,0.11552517116069794,0.9770687818527222,0.750525176525116
YDL036C,YMR301C,0,-0.39213026,0.11551155149936676,0.9770687818527222,0.7506251931190491
YKL174C,YKL175W,0,-0.39227566,0.11549793928861618,0.9770687818527222,0.7507252097129822
YBR275C,YLR285W,0,-0.3926286,0.1154843270778656,0.9770687818527222,0.7508252263069153
YFR036W,YLR301W,0,-0.39262944,0.11547072231769562,0.9770687818527222,0.7509253025054932
YBR150C,YPR190C,0,-0.39270878,0.11545711755752563,0.9770687818527222,0.7510253190994263
YPL113C,YBL092W,0,-0.39277607,0.11544351279735565,0.9770687818527222,0.7511253356933594
YFL048C,YKL175W,0,-0.3928502,0.11542991548776627,0.9770687818527222,0.7512253522872925
YDR159W,YMR246W,0,-0.39341736,0.11541632562875748,0.9770687818527222,0.7513253688812256
YPL042C,YLR182W,0,-0.39365283,0.11540272831916809,0.9770687818527222,0.7514254450798035
YBR128C,YDR332W,0,-0.39517152,0.1153891459107399,0.9770687818527222,0.7515254616737366
YNR031C,YDL128W,0,-0.39574605,0.11537555605173111,0.9770687818527222,0.7516254782676697
YML030W,YOR275C,0,-0.39588067,0.11536198109388351,0.9770687818527222,0.7517254948616028
YBR150C,YOR232W,0,-0.39740664,0.11534839868545532,0.9770687818527222,0.7518255710601807
YGL209W,YFR045W,0,-0.39786494,0.11533482372760773,0.9770687818527222,0.7519255876541138
YPR011C,YLR129W,0,-0.39928457,0.11532124876976013,0.9770687818527222,0.7520256042480469
YER013W,YDR476C,0,-0.3998446,0.11530768126249313,0.9770687818527222,0.75212562084198
YPL183W-A,YBR037C,0,-0.3998624,0.11529412120580673,0.9770687818527222,0.7522256970405579
YNR018W,YJL171C,0,-0.40056002,0.11528055369853973,0.9770687818527222,0.752325713634491
YER138C,YDR337W,0,-0.40139508,0.11526699364185333,0.9770687818527222,0.7524257302284241
YER014C-A,YIR018W,0,-0.40143764,0.11525344103574753,0.9770687818527222,0.7525257468223572
YJL081C,YER130C,0,-0.40162343,0.11523988842964172,0.9770687818527222,0.7526257634162903
YGR252W,YJR140C,0,-0.4018085,0.11522633582353592,0.9770687818527222,0.7527258396148682
YDR499W,YDR164C,0,-0.4018282,0.11521279066801071,0.9770687818527222,0.7528258562088013
YMR161W,YJR017C,1,-0.40193802,0.11531680077314377,0.9780657887458801,0.7528258562088013
YJR040W,YER130C,0,-0.40244013,0.11530324071645737,0.9780657887458801,0.7529258728027344
YBR202W,YOR168W,0,-0.40259662,0.11528969556093216,0.9780657887458801,0.7530258893966675
YPR196W,YDL028C,0,-0.40405476,0.11527614295482635,0.9780657887458801,0.7531259655952454
YDR254W,YDR310C,0,-0.40446112,0.11526259779930115,0.9780657887458801,0.7532259821891785
YER171W,YDR332W,0,-0.40469912,0.11524906009435654,0.9780657887458801,0.7533259987831116
YER125W,YLR042C,0,-0.4058044,0.11523552238941193,0.9780657887458801,0.7534260153770447
YNL192W,YDR281C,0,-0.40859425,0.11522198468446732,0.9780657887458801,0.7535260319709778
YDR423C,YDR476C,0,-0.40910858,0.1152084544301033,0.9780657887458801,0.7536261081695557
YMR168C,YJL060W,0,-0.40989155,0.11519492417573929,0.9780657887458801,0.7537261247634888
YOR147W,YDL077C,0,-0.40998685,0.11518140137195587,0.9780657887458801,0.7538261413574219
YNL079C,YDR211W,0,-0.41127798,0.11516787856817245,0.9780657887458801,0.753926157951355
YBL026W,YLR309C,0,-0.41237783,0.11515436321496964,0.9780657887458801,0.7540262341499329
YGL113W,YER190W,0,-0.41279778,0.11514084786176682,0.9780657887458801,0.754126250743866
YCR060W,YCR070W,1,-0.41362074,0.11524468660354614,0.9790627956390381,0.754126250743866
YPL112C,YBR037C,0,-0.4138219,0.11523116379976273,0.9790627956390381,0.7542262673377991
YDR262W,YDL077C,0,-0.41401547,0.1152176484465599,0.9790627956390381,0.7543262839317322
YNL236W,YBR155W,0,-0.41548246,0.11520413309335709,0.9790627956390381,0.7544263005256653
YBR177C,YDL198C,0,-0.4156101,0.11519061774015427,0.9790627956390381,0.7545263767242432
YBL112C,YDR472W,0,-0.41569543,0.11517710238695145,0.9790627956390381,0.7546263933181763
YPL099C,YDL045C,0,-0.4158029,0.11516359448432922,0.9790627956390381,0.7547264099121094
YJL130C,YGR089W,0,-0.4158827,0.1151500940322876,0.9790627956390381,0.7548264265060425
YNL153C,YPL083C,0,-0.416538,0.11513659358024597,0.9790627956390381,0.7549265027046204
YHR069C,YOL028C,0,-0.41837785,0.11512309312820435,0.9790627956390381,0.7550265192985535
YBR145W,YOL040C,0,-0.41870132,0.11510960012674332,0.9790627956390381,0.7551265358924866
YBR059C,YIL076W,0,-0.42025313,0.11509610712528229,0.9790627956390381,0.7552265524864197
YBR278W,YNL297C,0,-0.42133808,0.11508262157440186,0.9790627956390381,0.7553265690803528
YNL271C,YGR239C,0,-0.42166826,0.11506913602352142,0.9790627956390381,0.7554266452789307
YCR030C,YHR061C,0,-0.422157,0.11505565047264099,0.9790627956390381,0.7555266618728638
YIR011C,YIL080W,0,-0.42305088,0.11504217237234116,0.9790627956390381,0.7556266784667969
YJR083C,YCL026C-B,0,-0.42340344,0.11502870172262192,0.9790627956390381,0.75572669506073
YPR119W,YJL171C,0,-0.4234111,0.11501522362232208,0.9790627956390381,0.7558267712593079
YNL230C,YJR112W,0,-0.42393848,0.11500175297260284,0.9790627956390381,0.755926787853241
YMR173W,YNL138W,0,-0.42416707,0.1149882897734642,0.9790627956390381,0.7560268044471741
YIL006W,YJR053W,0,-0.42436838,0.11497482657432556,0.9790627956390381,0.7561268210411072
YDL142C,YDR476C,0,-0.42448634,0.11496137082576752,0.9790627956390381,0.7562268972396851
YOR304C-A,YCL057W,0,-0.42455217,0.11494790762662888,0.9790627956390381,0.7563269138336182
YGL203C,YNR072W,0,-0.42457452,0.11493445932865143,0.9790627956390381,0.7564269304275513
YMR269W,YGL004C,0,-0.42668405,0.11492100358009338,0.9790627956390381,0.7565269470214844
YGL018C,YCR070W,1,-0.42668962,0.11502457410097122,0.980059802532196,0.7565269470214844
YCR052W,YGR027C,0,-0.42683142,0.11501111835241318,0.980059802532196,0.7566269636154175
YCR014C,YMR304W,0,-0.4274156,0.11499766260385513,0.980059802532196,0.7567270398139954
YJL004C,YCL004W,0,-0.42784214,0.11498420685529709,0.980059802532196,0.7568270564079285
YAL016W,YGR077C,0,-0.42824814,0.11497075855731964,0.980059802532196,0.7569270730018616
YER151C,YFL054C,0,-0.4287972,0.11495731770992279,0.980059802532196,0.7570270895957947
YCL036W,YLR165C,0,-0.42891213,0.11494386941194534,0.980059802532196,0.7571271657943726
YLR165C,YOR304C-A,0,-0.4297526,0.11493043601512909,0.980059802532196,0.7572271823883057
YGL068W,YHR175W,0,-0.4300873,0.11491699516773224,0.980059802532196,0.7573271989822388
YHR214C-B,YMR078C,0,-0.43203372,0.11490356177091599,0.980059802532196,0.7574272155761719
YPR196W,YLR050C,0,-0.4327073,0.11489013582468033,0.980059802532196,0.757527232170105
YOR304C-A,YDR373W,0,-0.43304026,0.11487670987844467,0.980059802532196,0.7576273083686829
YOR145C,YBL005W-B,0,-0.4339158,0.11486328393220901,0.980059802532196,0.757727324962616
YNL172W,YHR079C,0,-0.4344495,0.11484986543655396,0.980059802532196,0.7578273415565491
YKL090W,YGR222W,0,-0.43482792,0.1148364469408989,0.980059802532196,0.7579273581504822
YDL077C,YPR152C,0,-0.43505424,0.11482303589582443,0.980059802532196,0.7580274343490601
YJL178C,YFL033C,0,-0.43555307,0.11480962485074997,0.980059802532196,0.7581274509429932
YGR179C,YHR168W,0,-0.43559396,0.1147962138056755,0.980059802532196,0.7582274675369263
YEL031W,YER101C,0,-0.4361326,0.11478281021118164,0.980059802532196,0.7583274841308594
YMR218C,YDR508C,0,-0.43799204,0.11476941406726837,0.980059802532196,0.7584275007247925
YHR077C,YOR008C,0,-0.43854094,0.1147560104727745,0.980059802532196,0.7585275769233704
YMR210W,YPR163C,0,-0.43876415,0.11474261432886124,0.980059802532196,0.7586275935173035
YOR159C,YER087W,0,-0.43954402,0.11472922563552856,0.980059802532196,0.7587276101112366
YDR167W,YPL011C,0,-0.44161946,0.11471583694219589,0.980059802532196,0.7588276267051697
YOR159C,YGR084C,0,-0.44233015,0.11470244824886322,0.980059802532196,0.7589277029037476
YCR080W,YMR273C,0,-0.44318837,0.11468906700611115,0.980059802532196,0.7590277194976807
YBR202W,YKL165C,0,-0.44343704,0.11467568576335907,0.980059802532196,0.7591277360916138
YNL095C,YBR074W,0,-0.44372612,0.11466231197118759,0.980059802532196,0.7592277526855469
YGR251W,YJL117W,0,-0.44381857,0.11464893817901611,0.980059802532196,0.75932776927948
YJL187C,YJR031C,0,-0.4439687,0.11463557183742523,0.980059802532196,0.7594278454780579
YER165W,YFL035C,0,-0.44482413,0.11462219804525375,0.980059802532196,0.759527862071991
YJL187C,YDL171C,0,-0.445472,0.11460883915424347,0.980059802532196,0.7596278786659241
YPL112C,YOR089C,0,-0.44552958,0.11459548026323318,0.980059802532196,0.7597278952598572
YIL134W,YDR140W,0,-0.44577718,0.1145821213722229,0.980059802532196,0.7598279714584351
YMR049C,YHR079C,0,-0.4461602,0.11456876248121262,0.980059802532196,0.7599279880523682
YGL170C,YGR072W,0,-0.44617182,0.11455541104078293,0.980059802532196,0.7600280046463013
YMR227C,YGL010W,0,-0.44618714,0.11454206705093384,0.980059802532196,0.7601280212402344
YJL030W,YNL273W,0,-0.44622773,0.11452872306108475,0.980059802532196,0.7602280974388123
YKR055W,YOL107W,0,-0.44654882,0.11451537907123566,0.980059802532196,0.7603281140327454
YGL083W,YBR271W,0,-0.44667563,0.11450203508138657,0.980059802532196,0.7604281306266785
YPL122C,YMR210W,0,-0.44679654,0.11448870599269867,0.980059802532196,0.7605281472206116
YNL261W,YMR019W,0,-0.4477096,0.11447536945343018,0.980059802532196,0.7606281638145447
YDL111C,YNL107W,0,-0.44838834,0.11446204036474228,0.980059802532196,0.7607282400131226
YMR273C,YJL006C,0,-0.44853503,0.11444871127605438,0.980059802532196,0.7608282566070557
YOR126C,YOR304C-A,0,-0.4486107,0.11443538963794708,0.980059802532196,0.7609282732009888
YGR081C,YDR492W,0,-0.44922376,0.11442206799983978,0.980059802532196,0.7610282897949219
YBR155W,YNR028W,1,-0.44998762,0.11452513933181763,0.981056809425354,0.7610282897949219
YKR020W,YMR240C,0,-0.45070422,0.11451181024312973,0.981056809425354,0.7611283659934998
YIL095W,YAL016W,0,-0.45172828,0.11449848860502243,0.981056809425354,0.7612283825874329
YBL058W,YPL147W,0,-0.45402896,0.11448516696691513,0.981056809425354,0.761328399181366
YKL103C,YBR170C,0,-0.4541655,0.11447184532880783,0.981056809425354,0.7614284157752991
YPR011C,YKL041W,0,-0.45459586,0.11445853114128113,0.981056809425354,0.7615284323692322
YHR005C-A,YJR130C,0,-0.45465332,0.11444521695375443,0.981056809425354,0.7616285085678101
YMR077C,YDR337W,0,-0.4553525,0.11443191021680832,0.981056809425354,0.7617285251617432
YDR423C,YGL004C,0,-0.45542216,0.11441860347986221,0.981056809425354,0.7618285417556763
YAR027W,YER087W,0,-0.45584416,0.1144053041934967,0.981056809425354,0.7619285583496094
YMR019W,YAL031C,0,-0.45766777,0.1143920049071312,0.981056809425354,0.7620286345481873
YIL095W,YGR276C,0,-0.4583415,0.11437870562076569,0.981056809425354,0.7621286511421204
YJL213W,YCR026C,0,-0.45877206,0.11436541378498077,0.981056809425354,0.7622286677360535
YHL012W,YGL162W,0,-0.45973262,0.11435212194919586,0.981056809425354,0.7623286843299866
YJR138W,YOR283W,0,-0.459759,0.11433883011341095,0.981056809425354,0.7624287009239197
YFR031C,YDR416W,0,-0.45983744,0.11432554572820663,0.981056809425354,0.7625287771224976
YHR041C,YBR061C,0,-0.46014288,0.11431226879358292,0.981056809425354,0.7626287937164307
YJR057W,YOL151W,0,-0.46077228,0.1142989918589592,0.981056809425354,0.7627288103103638
YNL290W,YML039W,0,-0.4612071,0.11428571492433548,0.981056809425354,0.7628288269042969
YLL034C,YMR034C,0,-0.46150112,0.11427244544029236,0.981056809425354,0.7629289031028748
YFR029W,YJL130C,0,-0.46181613,0.11425917595624924,0.981056809425354,0.7630289196968079
YDR067C,YER162C,0,-0.46201283,0.11424590647220612,0.981056809425354,0.763128936290741
YAL016W,YDL227C,0,-0.46224764,0.11423264443874359,0.981056809425354,0.7632289528846741
YIL020C,YLR033W,0,-0.4641857,0.11421938240528107,0.981056809425354,0.7633289694786072
YLR329W,YKL124W,0,-0.46456662,0.11420612782239914,0.981056809425354,0.7634290456771851
YJR026W,YAL031C,0,-0.46461263,0.11419287323951721,0.981056809425354,0.7635290622711182
YNL070W,YCR055C,0,-0.4659045,0.11417962610721588,0.981056809425354,0.7636290788650513
YLL008W,YDR109C,0,-0.46612266,0.11416637897491455,0.981056809425354,0.7637290954589844
YER125W,YLR224W,0,-0.4666569,0.11415313184261322,0.981056809425354,0.7638291716575623
YOR274W,YPL113C,0,-0.46678767,0.11413989216089249,0.981056809425354,0.7639291882514954
YFR019W,YMR075W,0,-0.4677715,0.11412665247917175,0.981056809425354,0.7640292048454285
YJL030W,YMR172W,0,-0.46809492,0.11411342024803162,0.981056809425354,0.7641292214393616
YKL217W,YHR214C-B,0,-0.46832898,0.11410018801689148,0.981056809425354,0.7642292976379395
YGR020C,YLR024C,0,-0.46913767,0.11408695578575134,0.981056809425354,0.7643293142318726
YDR460W,YKL041W,0,-0.46930605,0.1140737310051918,0.981056809425354,0.7644293308258057
YGR010W,YOL107W,0,-0.47195217,0.11406050622463226,0.981056809425354,0.7645293474197388
YIL108W,YER046W,0,-0.47199148,0.11404728889465332,0.981056809425354,0.7646293640136719
YFR013W,YMR046C,0,-0.47236964,0.11403407156467438,0.981056809425354,0.7647294402122498
YDR419W,YBR294W,0,-0.47278452,0.11402085423469543,0.981056809425354,0.7648294568061829
YMR168C,YDL202W,0,-0.47324726,0.11400764435529709,0.981056809425354,0.764929473400116
YKR054C,YJR032W,0,-0.47342816,0.11399444192647934,0.981056809425354,0.7650294899940491
YNL172W,YDR410C,0,-0.47362858,0.113981232047081,0.981056809425354,0.765129566192627
YLR295C,YOR283W,0,-0.47376183,0.11396803706884384,0.981056809425354,0.7652295827865601
YMR099C,YLR164W,0,-0.47379607,0.11395483464002609,0.981056809425354,0.7653295993804932
YBR223C,YOL004W,0,-0.47390097,0.11394163966178894,0.981056809425354,0.7654296159744263
YDL217C,YGL169W,0,-0.47495148,0.11392844468355179,0.981056809425354,0.7655296325683594
YPR001W,YLR005W,0,-0.4750555,0.11391525715589523,0.981056809425354,0.7656297087669373
YNL309W,YFL054C,0,-0.47506088,0.11390206962823868,0.981056809425354,0.7657297253608704
YDR254W,YAL039C,0,-0.4783947,0.11388888955116272,0.981056809425354,0.7658297419548035
YEL070W,YMR075W,0,-0.4785598,0.11387570947408676,0.981056809425354,0.7659297585487366
YGL203C,YDL148C,0,-0.47882816,0.1138625293970108,0.981056809425354,0.7660298347473145
YNL282W,YDR081C,0,-0.48107713,0.11384935677051544,0.981056809425354,0.7661298513412476
YJL011C,YKL189W,0,-0.4812761,0.11383618414402008,0.981056809425354,0.7662298679351807
YER050C,YKR103W,0,-0.48163494,0.11382301896810532,0.981056809425354,0.7663298845291138
YLR105C,YOR074C,0,-0.48289952,0.11380985379219055,0.981056809425354,0.7664299011230469
YDR240C,YDR415C,0,-0.4832634,0.11379669606685638,0.981056809425354,0.7665299773216248
YPL122C,YPL259C,0,-0.48385632,0.11378353089094162,0.981056809425354,0.7666299939155579
YDR137W,YDR304C,0,-0.48391703,0.11377038061618805,0.981056809425354,0.766730010509491
YGL169W,YDR229W,0,-0.48391873,0.11375722289085388,0.981056809425354,0.7668300271034241
YBR247C,YDR076W,0,-0.48416746,0.11374407261610031,0.981056809425354,0.766930103302002
YMR046C,YPR138C,0,-0.4846851,0.11373092979192734,0.981056809425354,0.7670301198959351
YJR138W,YIL048W,0,-0.4848725,0.11371778696775436,0.981056809425354,0.7671301364898682
YJL194W,YDR457W,0,-0.48558185,0.11370464414358139,0.981056809425354,0.7672301530838013
YKL201C,YOR299W,0,-0.48572838,0.11369150876998901,0.981056809425354,0.7673301696777344
YHR214C-B,YGR185C,0,-0.48578545,0.11367837339639664,0.981056809425354,0.7674302458763123
YNL138W-A,YPL131W,0,-0.48597455,0.11366524547338486,0.981056809425354,0.7675302624702454
YMR213W,YER104W,0,-0.48622775,0.11365211009979248,0.981056809425354,0.7676302790641785
YER014C-A,YBL085W,0,-0.48736858,0.1136389896273613,0.981056809425354,0.7677302956581116
YBR196C,YPL042C,0,-0.4873871,0.11362586915493011,0.981056809425354,0.7678303718566895
YMR270C,YDR470C,0,-0.4901895,0.11361274868249893,0.981056809425354,0.7679303884506226
YBR095C,YKR028W,0,-0.4904794,0.11359962821006775,0.981056809425354,0.7680304050445557
YER171W,YBL068W,0,-0.49058676,0.11358651518821716,0.981056809425354,0.7681304216384888
YBL028C,YLR309C,0,-0.49114156,0.11357340961694717,0.981056809425354,0.7682304978370667
YKL126W,YCR097WB,0,-0.4913316,0.11356029659509659,0.981056809425354,0.7683305144309998
YML051W,YKL064W,0,-0.49137166,0.1135471984744072,0.981056809425354,0.7684305310249329
YGR167W,YEL030W,0,-0.4920984,0.11353409290313721,0.981056809425354,0.768530547618866
YBL058W,YBR111W-A,0,-0.49232495,0.11352099478244781,0.981056809425354,0.7686305642127991
YDR205W,YMR295C,0,-0.49320883,0.11350790411233902,0.981056809425354,0.768730640411377
YDR062W,YER087C-B,0,-0.4933458,0.11349480599164963,0.981056809425354,0.7688306570053101
YPL134C,YGR199W,0,-0.4951592,0.11348172277212143,0.981056809425354,0.7689306735992432
YHR214C-B,YOL028C,0,-0.4958893,0.11346863210201263,0.981056809425354,0.7690306901931763
YLL003W,YMR179W,0,-0.49597678,0.11345554888248444,0.981056809425354,0.7691307663917542
YPR127W,YGR072W,0,-0.4960148,0.11344247311353683,0.981056809425354,0.7692307829856873
YDR416W,YIL048W,0,-0.49602422,0.11342939734458923,0.981056809425354,0.7693307995796204
YLR314C,YDL198C,0,-0.49609047,0.11341632157564163,0.981056809425354,0.7694308161735535
YNR021W,YBL089W,0,-0.49631995,0.11340325325727463,0.981056809425354,0.7695308327674866
YIL080W,YFL001W,0,-0.4969143,0.11339018493890762,0.981056809425354,0.7696309089660645
YCL074W,YOR145C,0,-0.49839082,0.11337711662054062,0.981056809425354,0.7697309255599976
YMR284W,YKL013C,0,-0.498392,0.11336405575275421,0.981056809425354,0.7698309421539307
YEL052W,YHR214C-B,0,-0.49841493,0.1133509948849678,0.981056809425354,0.7699309587478638
YDR383C,YPR133W-A,0,-0.49852288,0.113337941467762,0.981056809425354,0.7700310349464417
YJL011C,YFL066C,0,-0.50265515,0.11332488805055618,0.981056809425354,0.7701310515403748
YFL013C,YER130C,0,-0.5028504,0.11331183463335037,0.981056809425354,0.7702310681343079
YBR196C,YKL206C,0,-0.5035545,0.11329878866672516,0.981056809425354,0.770331084728241
YGR282C,YGL237C,0,-0.50395954,0.11328575015068054,0.981056809425354,0.7704311013221741
YGR171C,YJR032W,0,-0.5040956,0.11327270418405533,0.981056809425354,0.770531177520752
YML039W,YER115C,0,-0.50491184,0.11325966566801071,0.981056809425354,0.7706311941146851
YLL029W,YLR187W,0,-0.5051689,0.11324663460254669,0.981056809425354,0.7707312107086182
YGR072W,YHR079C,0,-0.5052848,0.11323360353708267,0.981056809425354,0.7708312273025513
YGR056W,YOR294W,0,-0.50534046,0.11322057247161865,0.981056809425354,0.7709313035011292
YMR114C,YDR195W,0,-0.5064906,0.11320754885673523,0.981056809425354,0.7710313200950623
YAL017W,YBR026C,0,-0.5074246,0.1131945252418518,0.981056809425354,0.7711313366889954
YDR476C,YMR193W,0,-0.50767606,0.11318150162696838,0.981056809425354,0.7712313532829285
YMR090W,YNR072W,0,-0.50818866,0.11316848546266556,0.981056809425354,0.7713313698768616
YEL036C,YJL095W,0,-0.5086709,0.11315547674894333,0.981056809425354,0.7714314460754395
YNL314W,YGR222W,0,-0.5097734,0.1131424605846405,0.981056809425354,0.7715314626693726
YLR440C,YMR137C,0,-0.5105862,0.11312945187091827,0.981056809425354,0.7716314792633057
YJL081C,YJR063W,0,-0.5106609,0.11311645060777664,0.981056809425354,0.7717314958572388
YMR168C,YOR378W,0,-0.5121378,0.11310344934463501,0.981056809425354,0.7718315720558167
YOR243C,YLR153C,0,-0.51263434,0.11309044808149338,0.981056809425354,0.7719315886497498
YOR084W,YER154W,0,-0.5131601,0.11307745426893234,0.981056809425354,0.7720316052436829
YOR291W,YPL129W,0,-0.51557446,0.11306446045637131,0.981056809425354,0.772131621837616
YPR083W,YBL079W,0,-0.51643896,0.11305147409439087,0.981056809425354,0.7722316980361938
YIL134W,YOL101C,0,-0.5176653,0.11303848028182983,0.981056809425354,0.772331714630127
YLR394W,YMR240C,0,-0.51888424,0.11302550137042999,0.981056809425354,0.7724317312240601
YGL060W,YGL259W,0,-0.51982915,0.11301251500844955,0.981056809425354,0.7725317478179932
YOL057W,YBR129C,0,-0.5205111,0.11299954354763031,0.981056809425354,0.7726317644119263
YLR278C,YNL092W,0,-0.522474,0.11298656463623047,0.981056809425354,0.7727318406105042
YBR196C,YFL066C,0,-0.5237411,0.11297359317541122,0.981056809425354,0.7728318572044373
YMR238W,YLR391W,0,-0.5248114,0.11296062171459198,0.981056809425354,0.7729318737983704
YGR179C,YJR031C,0,-0.5249289,0.11294765770435333,0.981056809425354,0.7730318903923035
YMR321C,YNR072W,0,-0.5251632,0.11293469369411469,0.981056809425354,0.7731319665908813
YMR136W,YLR050C,0,-0.5260751,0.11292173713445663,0.981056809425354,0.7732319831848145
YER151C,YPL002C,0,-0.52777827,0.11290878057479858,0.981056809425354,0.7733319997787476
YLL029W,YLR080W,0,-0.527946,0.11289582401514053,0.981056809425354,0.7734320163726807
YDR131C,YBR172C,0,-0.5281677,0.11288287490606308,0.981056809425354,0.7735320329666138
YLR404W,YMR179W,0,-0.52822244,0.11286992579698563,0.981056809425354,0.7736321091651917
YOR283W,YLL033W,0,-0.5283485,0.11285697668790817,0.981056809425354,0.7737321257591248
YJL029C,YGL233W,0,-0.52840096,0.11284403502941132,0.981056809425354,0.7738321423530579
YMR077C,YGR072W,0,-0.5285454,0.11283110082149506,0.981056809425354,0.773932158946991
YLR452C,YOR378W,0,-0.52876323,0.1128181591629982,0.981056809425354,0.7740322351455688
YGL094C,YJR005W,0,-0.52894217,0.11280522495508194,0.981056809425354,0.774132251739502
YCR030C,YKL013C,0,-0.5291128,0.11279229819774628,0.981056809425354,0.7742322683334351
YNR057C,YFL035C,0,-0.5294217,0.11277937144041061,0.981056809425354,0.7743322849273682
YNL085W,YDR229W,0,-0.52968854,0.11276644468307495,0.981056809425354,0.7744323015213013
YNL314W,YHR135C,0,-0.53000057,0.11275352537631989,0.981056809425354,0.7745323777198792
YGL170C,YNL032W,0,-0.5313239,0.11274060606956482,0.981056809425354,0.7746323943138123
YOR148C,YBR096W,0,-0.5320336,0.11272768676280975,0.981056809425354,0.7747324109077454
YPL139C,YNL282W,0,-0.53244257,0.11271477490663528,0.981056809425354,0.7748324275016785
YEL070W,YBR222C,0,-0.53249466,0.11270187050104141,0.981056809425354,0.7749325037002563
YNL314W,YMR321C,0,-0.53332126,0.11268895864486694,0.981056809425354,0.7750325202941895
YER022W,YPR083W,0,-0.53362,0.11267605423927307,0.981056809425354,0.7751325368881226
YGR167W,YOR194C,0,-0.534572,0.1126631572842598,0.981056809425354,0.7752325534820557
YNL073W,YNL138W-A,0,-0.5346876,0.11265026032924652,0.981056809425354,0.7753325700759888
YLL051C,YMR301C,0,-0.53506213,0.11263736337423325,0.981056809425354,0.7754326462745667
YDR281C,YOR338W,0,-0.535152,0.11262447386980057,0.981056809425354,0.7755326628684998
YJL166W,YDR457W,0,-0.53587765,0.11261158436536789,0.981056809425354,0.7756326794624329
YOR292C,YPL087W,0,-0.536381,0.11259869486093521,0.981056809425354,0.775732696056366
YDR518W,YOR123C,0,-0.5372895,0.11258581280708313,0.981056809425354,0.7758327722549438
YNR074C,YGL233W,0,-0.53745717,0.11257293075323105,0.981056809425354,0.775932788848877
YDR461W,YJR053W,0,-0.5376709,0.11256005614995956,0.981056809425354,0.7760328054428101
YGR199W,YPL110C,0,-0.5385369,0.11254718154668808,0.981056809425354,0.7761328220367432
YKL061W,YCL003W,0,-0.53877634,0.1125343069434166,0.981056809425354,0.776232898235321
YDL121C,YFR045W,0,-0.53892845,0.11252143979072571,0.981056809425354,0.7763329148292542
YMR039C,YGL241W,0,-0.53917277,0.11250857263803482,0.981056809425354,0.7764329314231873
YMR137C,YOR215C,0,-0.53987956,0.11249571293592453,0.981056809425354,0.7765329480171204
YOL142W,YGL225W,0,-0.54046065,0.11248285323381424,0.981056809425354,0.7766329646110535
YJR127C,YOR304C-A,0,-0.54067075,0.11246999353170395,0.981056809425354,0.7767330408096313
YKL090W,YNR010W,0,-0.5414983,0.11245714128017426,0.981056809425354,0.7768330574035645
YOR159C,YLR395C,0,-0.54180294,0.11244428902864456,0.981056809425354,0.7769330739974976
YOR147W,YJL166W,0,-0.5421584,0.11243144422769547,0.981056809425354,0.7770330905914307
YGL169W,YMR246W,0,-0.5437398,0.11241859942674637,0.981056809425354,0.7771331667900085
YER013W,YGR251W,0,-0.5450128,0.11240575462579727,0.981056809425354,0.7772331833839417
YDR453C,YLR028C,0,-0.5450474,0.11239291727542877,0.981056809425354,0.7773331999778748
YDR082W,YPL139C,0,-0.5459613,0.11238007992506027,0.981056809425354,0.7774332165718079
YGL203C,YLR026C,0,-0.5461341,0.11236725002527237,0.981056809425354,0.777533233165741
YJL029C,YKR028W,0,-0.54723173,0.11235442012548447,0.981056809425354,0.7776333093643188
YER101C,YEL056W,0,-0.54764223,0.11234159022569656,0.981056809425354,0.777733325958252
YDR530C,YGR264C,0,-0.547786,0.11232876777648926,0.981056809425354,0.7778333425521851
YDR310C,YFR018C,0,-0.5482335,0.11231594532728195,0.981056809425354,0.7779333591461182
YPL099C,YNL219C,0,-0.548427,0.11230313032865524,0.981056809425354,0.778033435344696
YNL309W,YLR154W-A,0,-0.54897803,0.11229030787944794,0.981056809425354,0.7781334519386292
YGR252W,YMR075W,0,-0.5495377,0.11227750033140182,0.981056809425354,0.7782334685325623
YNL147W,YMR137C,0,-0.5504785,0.11226469278335571,0.981056809425354,0.7783334851264954
YOL038W,YER101C,0,-0.55050564,0.1122518852353096,0.981056809425354,0.7784335017204285
YGL183C,YHR057C,0,-0.55075556,0.11223907768726349,0.981056809425354,0.7785335779190063
YJR149W,YBL113C,0,-0.55091435,0.11222627758979797,0.981056809425354,0.7786335945129395
YML097C,YML028W,0,-0.551412,0.11221347749233246,0.981056809425354,0.7787336111068726
YOR237W,YJL206C,0,-0.5528896,0.11220068484544754,0.981056809425354,0.7788336277008057
YNL122C,YNL078W,0,-0.5540411,0.11218789219856262,0.981056809425354,0.7789337038993835
YMR228W,YJR140C,0,-0.5549051,0.1121750995516777,0.981056809425354,0.7790337204933167
YER171W,YFR036W,0,-0.5564797,0.11216231435537338,0.981056809425354,0.7791337370872498
YEL069C,YNL231C,0,-0.55685896,0.11214952915906906,0.981056809425354,0.7792337536811829
YPL011C,YDL097C,0,-0.556879,0.11213675141334534,0.981056809425354,0.7793338298797607
YNL138W-A,YPL110C,0,-0.557002,0.11212397366762161,0.981056809425354,0.7794338464736938
YLR452C,YOR025W,0,-0.5593065,0.11211120337247849,0.981056809425354,0.779533863067627
YDR174W,YER137C,0,-0.56061697,0.11209842562675476,0.981056809425354,0.7796338796615601
YDR076W,YOR353C,0,-0.5607168,0.11208565533161163,0.981056809425354,0.7797338962554932
YLR080W,YGL037C,0,-0.5610054,0.1120728924870491,0.981056809425354,0.779833972454071
YPL218W,YFR036W,0,-0.5614154,0.11206012964248657,0.981056809425354,0.7799339890480042
YOR106W,YJR057W,0,-0.5626138,0.11204736679792404,0.981056809425354,0.7800340056419373
YLR404W,YDR306C,0,-0.5627138,0.11203461140394211,0.981056809425354,0.7801340222358704
YPR196W,YMR267W,0,-0.5631782,0.11202185600996017,0.981056809425354,0.7802340984344482
YDL206W,YOR148C,0,-0.56355536,0.11200910806655884,0.981056809425354,0.7803341150283813
YNL032W,YCR055C,0,-0.56369203,0.1119963601231575,0.981056809425354,0.7804341316223145
YLR141W,YLR047C,0,-0.5657956,0.11198361217975616,0.981056809425354,0.7805341482162476
YCR087C-A,YOR085W,0,-0.56611705,0.11197087168693542,0.981056809425354,0.7806341648101807
YJL144W,YDR416W,0,-0.56641823,0.11195813119411469,0.981056809425354,0.7807342410087585
YMR123W,YOR025W,0,-0.56642514,0.11194539070129395,0.981056809425354,0.7808342576026917
YML006C,YDL047W,0,-0.5680206,0.1119326576590538,0.981056809425354,0.7809342741966248
YPR144C,YBL091C-A,0,-0.56952363,0.11191992461681366,0.981056809425354,0.7810342907905579
YOR159C,YDL074C,0,-0.5701182,0.11190719902515411,0.981056809425354,0.7811343669891357
YHR066W,YBR120C,0,-0.5710523,0.11189447343349457,0.981056809425354,0.7812343835830688
YKR103W,YER190W,0,-0.5715268,0.11188174784183502,0.981056809425354,0.781334400177002
YDL055C,YLR073C,0,-0.5718166,0.11186902970075607,0.981056809425354,0.7814344167709351
YGR281W,YER087W,0,-0.5719313,0.11185631155967712,0.981056809425354,0.7815344333648682
YNL223W,YDR218C,0,-0.57221043,0.11184360086917877,0.981056809425354,0.781634509563446
YEL012W,YBR177C,0,-0.57227397,0.11183089017868042,0.981056809425354,0.7817345261573792
YGR112W,YCL003W,0,-0.573027,0.11181817948818207,0.981056809425354,0.7818345427513123
YMR097C,YIL080W,0,-0.57365483,0.11180547624826431,0.981056809425354,0.7819345593452454
YPR111W,YOR313C,0,-0.5737384,0.11179277300834656,0.981056809425354,0.7820346355438232
YKL186C,YJL149W,0,-0.5741588,0.1117800772190094,0.981056809425354,0.7821346521377563
YNL223W,YOR038C,0,-0.57521033,0.11176738142967224,0.981056809425354,0.7822346687316895
YFR021W,YOL093W,0,-0.5760213,0.11175468564033508,0.981056809425354,0.7823346853256226
YHR077C,YPL011C,0,-0.57729244,0.11174199730157852,0.981056809425354,0.7824347019195557
YOL142W,YNL175C,0,-0.5773896,0.11172930896282196,0.981056809425354,0.7825347781181335
YMR097C,YFR019W,0,-0.5776534,0.1117166206240654,0.981056809425354,0.7826347947120667
YMR227C,YDR226W,0,-0.5778265,0.11170393973588943,0.981056809425354,0.7827348113059998
YGL060W,YOR123C,0,-0.57886356,0.11169125884771347,0.981056809425354,0.7828348278999329
YCR070W,YJR064W,1,-0.5803653,0.11179208010435104,0.982053816318512,0.7828348278999329
YER138C,YFL014W,0,-0.5812149,0.11177939176559448,0.982053816318512,0.7829349040985107
YNL153C,YER049W,0,-0.5820265,0.11176671087741852,0.982053816318512,0.7830349206924438
YBL112C,YDR403W,0,-0.58245575,0.11175402998924255,0.982053816318512,0.783134937286377
YKL180W,YMR268W-A,0,-0.58249867,0.11174134910106659,0.982053816318512,0.7832349538803101
YDR263C,YJL005W,0,-0.58256984,0.11172867566347122,0.982053816318512,0.7833350300788879
YOR301W,YIL159W,0,-0.5831614,0.11171600222587585,0.982053816318512,0.783435046672821
YPL042C,YER190W,0,-0.5837175,0.11170333623886108,0.982053816318512,0.7835350632667542
YLR183C,YJL095W,0,-0.58378595,0.11169067025184631,0.982053816318512,0.7836350798606873
YJL140W,YPR127W,0,-0.5841913,0.11167800426483154,0.982053816318512,0.7837350964546204
YLL002W,YDR410C,0,-0.58445287,0.11166534572839737,0.982053816318512,0.7838351726531982
YPL083C,YPR133W-A,0,-0.58518803,0.1116526871919632,0.982053816318512,0.7839351892471313
YFR033C,YMR210W,0,-0.5860573,0.11164002865552902,0.982053816318512,0.7840352058410645
YMR173W,YLR391W,0,-0.58650076,0.11162737756967545,0.982053816318512,0.7841352224349976
YCR080W,YCR055C,0,-0.58771473,0.11161473393440247,0.982053816318512,0.7842352986335754
YDR411C,YOL057W,0,-0.5880336,0.11160208284854889,0.982053816318512,0.7843353152275085
YNL138W-A,YFL017W-A,0,-0.5887492,0.11158943921327591,0.982053816318512,0.7844353318214417
YJR112W,YGR239C,0,-0.59008145,0.11157680302858353,0.982053816318512,0.7845353484153748
YGR252W,YLR244C,0,-0.5900984,0.11156416684389114,0.982053816318512,0.7846353650093079
YLR380W,YOL054W,0,-0.5902395,0.11155153065919876,0.982053816318512,0.7847354412078857
YNL032W,YIL083C,0,-0.5911662,0.11153889447450638,0.982053816318512,0.7848354578018188
YEL052W,YDL054C,0,-0.59143907,0.11152626574039459,0.982053816318512,0.784935474395752
YOL142W,YER046W,0,-0.5918168,0.1115136444568634,0.982053816318512,0.7850354909896851
YNL131W,YMR078C,0,-0.59206676,0.11150101572275162,0.982053816318512,0.7851355671882629
YOR226C,YMR099C,0,-0.59290206,0.11148840188980103,0.982053816318512,0.785235583782196
YNL310C,YJR032W,1,-0.59303534,0.11158895492553711,0.9830508232116699,0.785235583782196
YCR030C,YPL200W,0,-0.59324133,0.11157632619142532,0.9830508232116699,0.7853356003761292
YLL017W,YBL079W,0,-0.59423554,0.11156370490789413,0.9830508232116699,0.7854356169700623
YCR080W,YBL085W,0,-0.5943584,0.11155108362436295,0.9830508232116699,0.7855356335639954
YHR047C,YPR204W,0,-0.59452224,0.11153846234083176,0.9830508232116699,0.7856357097625732
YDR492W,YHL027W,0,-0.59453154,0.11152584850788116,0.9830508232116699,0.7857357263565063
YDR034C,YIR018W,0,-0.5950393,0.11151323467493057,0.9830508232116699,0.7858357429504395
YNL102W,YIL140W,0,-0.5951867,0.11150062084197998,0.9830508232116699,0.7859357595443726
YLR312W-A,YMR078C,0,-0.5953349,0.11148801445960999,0.9830508232116699,0.7860358357429504
YOR378W,YKL201C,0,-0.59610695,0.11147540807723999,0.9830508232116699,0.7861358523368835
YEL043W,YHR059W,0,-0.59631824,0.11146280914545059,0.9830508232116699,0.7862358689308167
YCR093W,YBL034C,0,-0.59649795,0.1114502102136612,0.9830508232116699,0.7863358855247498
YPL127C,YML039W,0,-0.59685946,0.1114376112818718,0.9830508232116699,0.7864359021186829
YLR026C,YDL225W,0,-0.5969092,0.111425019800663,0.9830508232116699,0.7865359783172607
YPL064C,YMR193W,0,-0.5974694,0.1114124283194542,0.9830508232116699,0.7866359949111938
YGR056W,YDL206W,0,-0.59922886,0.11139984428882599,0.9830508232116699,0.786736011505127
YEL037C,YOR393W,0,-0.59938985,0.11138726025819778,0.9830508232116699,0.7868360280990601
YDR174W,YBL034C,0,-0.60009,0.11137467622756958,0.9830508232116699,0.7869361042976379
YPL147W,YLR005W,0,-0.60056746,0.11136209964752197,0.9830508232116699,0.787036120891571
YHR175W,YGR246C,0,-0.60116947,0.11134952306747437,0.9830508232116699,0.7871361374855042
YJR031C,YLR154W-A,0,-0.6011943,0.11133694648742676,0.9830508232116699,0.7872361540794373
YKR102W,YLR301W,0,-0.60163224,0.11132437735795975,0.9830508232116699,0.7873362302780151
YHR066W,YGR199W,0,-0.6019244,0.11131180822849274,0.9830508232116699,0.7874362468719482
YDR451C,YNL122C,0,-0.60222805,0.11129924654960632,0.9830508232116699,0.7875362634658813
YBL112C,YOR230W,0,-0.6023287,0.11128668487071991,0.9830508232116699,0.7876362800598145
YLR452C,YPL200W,0,-0.6024801,0.1112741231918335,0.9830508232116699,0.7877362966537476
YNL138W-A,YGL236C,0,-0.6029904,0.11126156896352768,0.9830508232116699,0.7878363728523254
YDR410C,YKR044W,0,-0.60326874,0.11124901473522186,0.9830508232116699,0.7879363894462585
YOL136C,YAL039C,0,-0.6038367,0.11123646050691605,0.9830508232116699,0.7880364060401917
YOR324C,YGL241W,0,-0.6038588,0.11122391372919083,0.9830508232116699,0.7881364226341248
YJL087C,YPL002C,0,-0.6040132,0.1112113669514656,0.9830508232116699,0.7882364988327026
YBR081C,YJL194W,0,-0.6058364,0.11119882762432098,0.9830508232116699,0.7883365154266357
YEL062W,YLL017W,0,-0.60687,0.11118628829717636,0.9830508232116699,0.7884365320205688
YOR304W,YLR153C,0,-0.6076634,0.11117374897003174,0.9830508232116699,0.788536548614502
YBR111W-A,YLR330W,0,-0.6083528,0.11116121709346771,0.9830508232116699,0.7886365652084351
YCR087C-A,YOR349W,0,-0.60860324,0.11114868521690369,0.9830508232116699,0.7887366414070129
YDR205W,YKR066C,0,-0.60862136,0.11113616079092026,0.9830508232116699,0.788836658000946
YMR077C,YOR038C,0,-0.6088632,0.11112363636493683,0.9830508232116699,0.7889366745948792
YHR002W,YJL053W,0,-0.6096868,0.1111111119389534,0.9830508232116699,0.7890366911888123
YLR182W,YAL031C,0,-0.6098161,0.11109859496355057,0.9830508232116699,0.7891367673873901
YPR189W,YLR145W,0,-0.61070144,0.11108607798814774,0.9830508232116699,0.7892367839813232
YAL033W,YMR308C,0,-0.61176336,0.1110735610127449,0.9830508232116699,0.7893368005752563
YIL017W,YHR168W,0,-0.61218315,0.11106105148792267,0.9830508232116699,0.7894368171691895
YNL138W,YCL032W,0,-0.61235565,0.11104854196310043,0.9830508232116699,0.7895368337631226
YPR135W,YMR210W,0,-0.61247957,0.1110360324382782,0.9830508232116699,0.7896369099617004
YPL150W,YNL175C,0,-0.6127099,0.11102353036403656,0.9830508232116699,0.7897369265556335
YMR301C,YDL170W,0,-0.6127186,0.11101103574037552,0.9830508232116699,0.7898369431495667
YLR103C,YBL098W,0,-0.6129023,0.11099853366613388,0.9830508232116699,0.7899369597434998
YNR074C,YHR056C,0,-0.6133672,0.11098603904247284,0.9830508232116699,0.7900370359420776
YDL121C,YDR494W,0,-0.6138922,0.1109735518693924,0.9830508232116699,0.7901370525360107
YJR151C,YIL006W,0,-0.6143472,0.11096106469631195,0.9830508232116699,0.7902370691299438
YBR223C,YDR164C,0,-0.61556506,0.1109485775232315,0.9830508232116699,0.790337085723877
YKR055W,YCR052W,0,-0.61562634,0.11093609035015106,0.9830508232116699,0.7904371023178101
YMR117C,YDL206W,0,-0.6164538,0.11092361062765121,0.9830508232116699,0.7905371785163879
YNL095C,YOL028C,0,-0.61675733,0.11091113835573196,0.9830508232116699,0.790637195110321
YNL309W,YFL048C,0,-0.6172949,0.11089865863323212,0.9830508232116699,0.7907372117042542
YNL163C,YKL022C,0,-0.61820024,0.11088618636131287,0.9830508232116699,0.7908372282981873
YBR275C,YJL140W,0,-0.61850893,0.11087372153997421,0.9830508232116699,0.7909373044967651
YNL050C,YPR152C,0,-0.61918473,0.11086125671863556,0.9830508232116699,0.7910373210906982
YOL066C,YLR309C,0,-0.6192074,0.1108487918972969,0.9830508232116699,0.7911373376846313
YHR030C,YDL039C,0,-0.6193057,0.11083633452653885,0.9830508232116699,0.7912373542785645
YLR203C,YBR141C,0,-0.62036085,0.1108238697052002,0.9830508232116699,0.7913374304771423
YER049W,YGR095C,0,-0.62093335,0.11081141978502274,0.9830508232116699,0.7914374470710754
YJL087C,YFR001W,0,-0.6213914,0.11079896986484528,0.9830508232116699,0.7915374636650085
YMR112C,YGR010W,0,-0.62202674,0.11078651994466782,0.9830508232116699,0.7916374802589417
YLR105C,YKL190W,0,-0.6232471,0.11077407002449036,0.9830508232116699,0.7917374968528748
YPR204W,YEL022W,0,-0.6235931,0.1107616275548935,0.9830508232116699,0.7918375730514526
YNL232W,YPR080W,0,-0.62436014,0.11074918508529663,0.9830508232116699,0.7919375896453857
YDR371W,YNL284C,0,-0.62476206,0.11073675006628036,0.9830508232116699,0.7920376062393188
YMR019W,YER046W,0,-0.6248044,0.1107243150472641,0.9830508232116699,0.792137622833252
YGL170C,YDR229W,0,-0.62675834,0.11071188002824783,0.9830508232116699,0.7922376990318298
YBR223C,YDR416W,0,-0.6269084,0.11069945245981216,0.9830508232116699,0.7923377156257629
YBR081C,YBR276C,0,-0.62746716,0.1106870248913765,0.9830508232116699,0.792437732219696
YGL200C,YNL309W,0,-0.6279514,0.11067459732294083,0.9830508232116699,0.7925377488136292
YDR414C,YLR309C,0,-0.6283322,0.11066217720508575,0.9830508232116699,0.7926377654075623
YDR454C,YMR077C,0,-0.629291,0.11064975708723068,0.9830508232116699,0.7927378416061401
YCL074W,YGL241W,0,-0.6297175,0.11063734441995621,0.9830508232116699,0.7928378582000732
YNL172W,YCR052W,0,-0.63075364,0.11062493175268173,0.9830508232116699,0.7929378747940063
YOR291W,YKL001C,0,-0.6310319,0.11061251908540726,0.9830508232116699,0.7930378913879395
YPL134C,YMR213W,0,-0.63103217,0.11060011386871338,0.9830508232116699,0.7931379675865173
YGL094C,YIL159W,0,-0.6316063,0.1105877086520195,0.9830508232116699,0.7932379841804504
YAL060W,YKL171W,0,-0.6318834,0.11057530343532562,0.9830508232116699,0.7933380007743835
YHR077C,YOR340C,0,-0.63218665,0.11056290566921234,0.9830508232116699,0.7934380173683167
YGL162W,YER087W,0,-0.6322484,0.11055050790309906,0.9830508232116699,0.7935380339622498
YIL095W,YKL097W-A,0,-0.6324397,0.11053811758756638,0.9830508232116699,0.7936381101608276
YJR147W,YPL011C,0,-0.6331939,0.11052572727203369,0.9830508232116699,0.7937381267547607
YEL069C,YPL002C,0,-0.6335976,0.11051333695650101,0.9830508232116699,0.7938381433486938
YOR084W,YLL003W,0,-0.6337689,0.11050095409154892,0.9830508232116699,0.793938159942627
YJL029C,YKL124W,0,-0.63465047,0.11048857122659683,0.9830508232116699,0.7940382361412048
YOR304W,YER055C,0,-0.63533044,0.11047618836164474,0.9830508232116699,0.7941382527351379
YCR087C-A,YPR043W,0,-0.63563347,0.11046381294727325,0.9830508232116699,0.794238269329071
YNL267W,YLR394W,0,-0.6356814,0.11045143753290176,0.9830508232116699,0.7943382859230042
YNL314W,YDL206W,0,-0.6357486,0.11043906956911087,0.9830508232116699,0.7944383025169373
YLR107W,YBR111W-A,0,-0.63588315,0.11042670160531998,0.9830508232116699,0.7945383787155151
YNL236W,YMR093W,0,-0.63602555,0.11041433364152908,0.9830508232116699,0.7946383953094482
YLR141W,YNR028W,0,-0.6372542,0.11040197312831879,0.9830508232116699,0.7947384119033813
YNR031C,YBL026W,0,-0.63770074,0.11038961261510849,0.9830508232116699,0.7948384284973145
YKL015W,YGL216W,0,-0.63782597,0.1103772521018982,0.9830508232116699,0.7949385046958923
YER013W,YEL029C,0,-0.63935554,0.1103648990392685,0.9830508232116699,0.7950385212898254
YJR057W,YGR171C,0,-0.63981694,0.1103525459766388,0.9830508232116699,0.7951385378837585
YNL231C,YJL012C-A,0,-0.6403825,0.11034020036458969,0.9830508232116699,0.7952385544776917
YHR047C,YPL083C,0,-0.6406905,0.11032784730195999,0.9830508232116699,0.7953386306762695
YIL128W,YJR119C,0,-0.64220595,0.11031550914049149,0.9830508232116699,0.7954386472702026
YJL130C,YDR470C,0,-0.6422663,0.11030316352844238,0.9830508232116699,0.7955386638641357
YKL009W,YDR062W,0,-0.64315504,0.11029082536697388,0.9830508232116699,0.7956386804580688
YKL119C,YDR109C,0,-0.6438154,0.11027849465608597,0.9830508232116699,0.795738697052002
YPL151C,YCR080W,0,-0.6440932,0.11026615649461746,0.9830508232116699,0.7958387732505798
YLR301W,YLR042C,0,-0.6467641,0.11025383323431015,0.9830508232116699,0.7959387898445129
YDR254W,YHR004C,0,-0.64745355,0.11024150252342224,0.9830508232116699,0.796038806438446
YCR030C,YJL225C,0,-0.64873576,0.11022917926311493,0.9830508232116699,0.7961388230323792
YJL114W,YPL252C,0,-0.6494744,0.11021685600280762,0.9830508232116699,0.796238899230957
YGR143W,YGR222W,0,-0.65059984,0.1102045401930809,0.9830508232116699,0.7963389158248901
YLR213C,YJR063W,0,-0.6521216,0.11019222438335419,0.9830508232116699,0.7964389324188232
YIL095W,YLR153C,0,-0.6527866,0.11017990857362747,0.9830508232116699,0.7965389490127563
YJL144W,YGR155W,0,-0.6531176,0.11016760021448135,0.9830508232116699,0.7966389656066895
YIL088C,YKR002W,0,-0.6533848,0.11015529185533524,0.9830508232116699,0.7967390418052673
YMR168C,YBR243C,0,-0.6534618,0.11014298349618912,0.9830508232116699,0.7968390583992004
YGR095C,YKL074C,0,-0.6536428,0.1101306825876236,0.9830508232116699,0.7969390749931335
YOR148C,YJR083C,0,-0.65428126,0.11011838167905807,0.9830508232116699,0.7970390915870667
YNL160W,YGL046W,0,-0.65552765,0.11010608822107315,0.9830508232116699,0.7971391677856445
YIL134W,YBR182C,0,-0.6566865,0.11009379476308823,0.9830508232116699,0.7972391843795776
YGR012W,YLR164W,0,-0.6569103,0.1100815013051033,0.9830508232116699,0.7973392009735107
YLR024C,YNL182C,0,-0.6584878,0.11006921529769897,0.9830508232116699,0.7974392175674438
YDR062W,YNL219C,0,-0.65877014,0.11005692929029465,0.9830508232116699,0.797539234161377
YLR183C,YKL189W,0,-0.65969676,0.11004464328289032,0.9830508232116699,0.7976393103599548
YDL107W,YKR103W,0,-0.6604073,0.11003236472606659,0.9830508232116699,0.7977393269538879
YOR283W,YJL128C,0,-0.66067153,0.11002008616924286,0.9830508232116699,0.797839343547821
YBR275C,YNL032W,0,-0.6606793,0.11000780761241913,0.9830508232116699,0.7979393601417542
YJR005W,YFR001W,0,-0.6613142,0.109995536506176,0.9830508232116699,0.798039436340332
YBR202W,YMR301C,0,-0.6618146,0.10998326539993286,0.9830508232116699,0.7981394529342651
YGL203C,YMR295C,0,-0.6622789,0.10997100174427032,0.9830508232116699,0.7982394695281982
YBL041W,YDR211W,0,-0.6627406,0.10995873808860779,0.9830508232116699,0.7983394861221313
YGL244W,YJR031C,0,-0.663082,0.10994647443294525,0.9830508232116699,0.7984395027160645
YKL210W,YLR270W,0,-0.6633301,0.10993421822786331,0.9830508232116699,0.7985395789146423
YKL217W,YBL052C,0,-0.6636034,0.10992196202278137,0.9830508232116699,0.7986395955085754
YBR125C,YJL128C,0,-0.66370326,0.10990970581769943,0.9830508232116699,0.7987396121025085
YOL141W,YGL163C,0,-0.66544235,0.10989745706319809,0.9830508232116699,0.7988396286964417
YBR271W,YER190W,0,-0.66549754,0.10988520830869675,0.9830508232116699,0.7989397048950195
YKL166C,YPL050C,0,-0.6662032,0.109872967004776,0.9830508232116699,0.7990397214889526
YHR077C,YEL029C,0,-0.6662073,0.10986072570085526,0.9830508232116699,0.7991397380828857
YLR330W,YNR010W,0,-0.6670797,0.10984848439693451,0.9830508232116699,0.7992397546768188
YOR145C,YDL035C,0,-0.66737854,0.10983625054359436,0.9830508232116699,0.7993398308753967
YBL005W-B,YDR260C,0,-0.667935,0.10982401669025421,0.9830508232116699,0.7994398474693298
YML112W,YDR332W,0,-0.6683054,0.10981178283691406,0.9830508232116699,0.7995398640632629
YLR391W-A,YGR255C,0,-0.6686425,0.10979955643415451,0.9830508232116699,0.799639880657196
YJR083C,YNL092W,0,-0.6694009,0.10978733003139496,0.9830508232116699,0.7997398972511292
YMR089C,YER130C,0,-0.66947407,0.1097751036286354,0.9830508232116699,0.799839973449707
YBR075W,YLL033W,0,-0.6699573,0.10976288467645645,0.9830508232116699,0.7999399900436401
YNL284C,YJR034W,0,-0.6702827,0.1097506657242775,0.9830508232116699,0.8000400066375732
YKR071C,YML030W,0,-0.67060256,0.10973845422267914,0.9830508232116699,0.8001400232315063
YNL271C,YOR168W,0,-0.67070377,0.10972624272108078,0.9830508232116699,0.8002400994300842
YFL023W,YNL153C,1,-0.67088264,0.10982530564069748,0.9840478301048279,0.8002400994300842
YKL007W,YBR141C,0,-0.6711749,0.10981308668851852,0.9840478301048279,0.8003401160240173
YKR057W,YGL046W,0,-0.67221606,0.10980086773633957,0.9840478301048279,0.8004401326179504
YMR227C,YLR141W,0,-0.67242587,0.10978865623474121,0.9840478301048279,0.8005401492118835
YKL200C,YLR103C,0,-0.67269605,0.10977644473314285,0.9840478301048279,0.8006401658058167
YER098W,YBR192W,0,-0.6730732,0.1097642332315445,0.9840478301048279,0.8007402420043945
YCR057C,YPR060C,0,-0.67425644,0.10975202918052673,0.9840478301048279,0.8008402585983276
YNR004W,YMR272C,0,-0.6744882,0.10973982512950897,0.9840478301048279,0.8009402751922607
YFL066C,YCR012W,0,-0.6752491,0.10972762852907181,0.9840478301048279,0.8010402917861938
YNL131W,YBR172C,0,-0.6764427,0.10971543192863464,0.9840478301048279,0.8011403679847717
YIL128W,YOR353C,0,-0.676699,0.10970323532819748,0.9840478301048279,0.8012403845787048
YOR304W,YGL169W,0,-0.6767293,0.10969104617834091,0.9840478301048279,0.8013404011726379
YOR291W,YNL239W,0,-0.6770078,0.10967884957790375,0.9840478301048279,0.801440417766571
YJL005W,YER098W,0,-0.6776769,0.10966666787862778,0.9840478301048279,0.8015404343605042
YDR419W,YEL031W,0,-0.67774004,0.1096544861793518,0.9840478301048279,0.801640510559082
YBR278W,YIL042C,0,-0.67775893,0.10964230448007584,0.9840478301048279,0.8017405271530151
YOR292C,YIL079C,0,-0.6781893,0.10963012278079987,0.9840478301048279,0.8018405437469482
YNL274C,YJL206C,0,-0.6783324,0.10961794853210449,0.9840478301048279,0.8019405603408813
YOR388C,YBL112C,0,-0.6802609,0.10960577428340912,0.9840478301048279,0.8020406365394592
YER125W,YLR187W,0,-0.681292,0.10959360748529434,0.9840478301048279,0.8021406531333923
YGR070W,YNR028W,0,-0.68219185,0.10958143323659897,0.9840478301048279,0.8022406697273254
YGR056W,YLR314C,0,-0.6838342,0.10956927388906479,0.9840478301048279,0.8023406863212585
YEL069C,YKR035W-A,0,-0.6842922,0.10955710709095001,0.9840478301048279,0.8024407029151917
YDR205W,YPR135W,0,-0.6847971,0.10954494774341583,0.9840478301048279,0.8025407791137695
YLR391W-A,YGR185C,0,-0.68490905,0.10953279584646225,0.9840478301048279,0.8026407957077026
YLR386W,YDL040C,0,-0.6849824,0.10952063649892807,0.9840478301048279,0.8027408123016357
YEL031W,YCR080W,0,-0.68654823,0.10950848460197449,0.9840478301048279,0.8028408288955688
YJL005W,YMR173W,0,-0.68670106,0.1094963401556015,0.9840478301048279,0.8029409050941467
YOR283W,YLR197W,0,-0.6868547,0.10948419570922852,0.9840478301048279,0.8030409216880798
YMR034C,YKL003C,0,-0.6868847,0.10947205126285553,0.9840478301048279,0.8031409382820129
YNL163C,YCL052C,0,-0.6869744,0.10945990681648254,0.9840478301048279,0.803240954875946
YPR182W,YBL113C,0,-0.6871725,0.10944776982069016,0.9840478301048279,0.8033410310745239
YMR137C,YOR123C,0,-0.68879235,0.10943563282489777,0.9840478301048279,0.803441047668457
YHR082C,YNL239W,0,-0.6891854,0.10942350327968597,0.9840478301048279,0.8035410642623901
YDR304C,YPL096W,0,-0.6892545,0.10941137373447418,0.9840478301048279,0.8036410808563232
YHR002W,YKL168C,0,-0.6897086,0.10939924418926239,0.9840478301048279,0.8037410974502563
YOL004W,YDL097C,0,-0.69064575,0.1093871220946312,0.9840478301048279,0.8038411736488342
YHL012W,YOR147W,0,-0.6915045,0.109375,0.9840478301048279,0.8039411902427673
YBR075W,YAR031W,0,-0.6916958,0.1093628779053688,0.9840478301048279,0.8040412068367004
YIL002C,YIL170W,0,-0.69206595,0.1093507632613182,0.9840478301048279,0.8041412234306335
YLR395C,YLR129W,0,-0.69206655,0.10933864861726761,0.9840478301048279,0.8042412996292114
YGR264C,YDL225W,0,-0.6921757,0.10932654142379761,0.9840478301048279,0.8043413162231445
YLR404W,YBR128C,0,-0.69315183,0.1093144342303276,0.9840478301048279,0.8044413328170776
YOR292C,YDR195W,0,-0.6951988,0.1093023270368576,0.9840478301048279,0.8045413494110107
YGR285C,YDR416W,0,-0.695224,0.1092902198433876,0.9840478301048279,0.8046413660049438
YDR081C,YDL077C,0,-0.6957049,0.1092781201004982,0.9840478301048279,0.8047414422035217
YBR177C,YBL005W-B,0,-0.6968935,0.10926602780818939,0.9840478301048279,0.8048414587974548
YMR227C,YNL258C,0,-0.69973737,0.10925392806529999,0.9840478301048279,0.8049414753913879
YBR170C,YDR444W,0,-0.70021766,0.10924183577299118,0.9840478301048279,0.805041491985321
YHR211W,YOR292C,0,-0.7005155,0.10922975093126297,0.9840478301048279,0.8051415681838989
YLR157C,YBR037C,0,-0.70057404,0.10921765863895416,0.9840478301048279,0.805241584777832
YGL071W,YPL208W,0,-0.700923,0.10920557379722595,0.9840478301048279,0.8053416013717651
YJR083C,YER171W,0,-0.70096374,0.10919349640607834,0.9840478301048279,0.8054416179656982
YOL086C,YFR031C,0,-0.7013924,0.10918141901493073,0.9840478301048279,0.8055416345596313
YJR119C,YGL203C,0,-0.7016293,0.10916934162378311,0.9840478301048279,0.8056417107582092
YFL054C,YIL133C,0,-0.7019535,0.1091572642326355,0.9840478301048279,0.8057417273521423
YKL022C,YJL213W,0,-0.70201826,0.10914519429206848,0.9840478301048279,0.8058417439460754
YBR274W,YJL012C-A,0,-0.70232356,0.10913312435150146,0.9840478301048279,0.8059417605400085
YJL030W,YDR476C,0,-0.7023567,0.10912106186151505,0.9840478301048279,0.8060418367385864
YGL183C,YML080W,0,-0.70255446,0.10910899937152863,0.9840478301048279,0.8061418533325195
YGR113W,YLR391W-A,0,-0.702801,0.1090969368815422,0.9840478301048279,0.8062418699264526
YPR204W,YLR348C,0,-0.703483,0.10908488184213638,0.9840478301048279,0.8063418865203857
YMR179W,YMR308C,0,-0.70374495,0.10907282680273056,0.9840478301048279,0.8064419031143188
YKR056W,YNL208W,0,-0.7045119,0.10906077176332474,0.9840478301048279,0.8065419793128967
YLR314C,YML030W,0,-0.7050118,0.10904872417449951,0.9840478301048279,0.8066419959068298
YIL002C,YGL163C,0,-0.7050803,0.10903667658567429,0.9840478301048279,0.8067420125007629
YLR209C,YJR130C,0,-0.70566803,0.10902462899684906,0.9840478301048279,0.806842029094696
YJR057W,YPL259C,0,-0.7079014,0.10901258885860443,0.9840478301048279,0.8069421052932739
YOL057W,YPL096W,0,-0.7085165,0.1090005487203598,0.9840478301048279,0.807042121887207
YKL200C,YMR065W,0,-0.7085737,0.10898851603269577,0.9840478301048279,0.8071421384811401
YPR191W,YIL083C,0,-0.70886886,0.10897648334503174,0.9840478301048279,0.8072421550750732
YKR069W,YJL206C,0,-0.7090182,0.1089644506573677,0.9840478301048279,0.8073422312736511
YBR111W-A,YLL027W,0,-0.70907915,0.10895242542028427,0.9840478301048279,0.8074422478675842
YER022W,YML099C,0,-0.7094486,0.10894040018320084,0.9840478301048279,0.8075422644615173
YBL079W,YMR099C,0,-0.711274,0.1089283749461174,0.9840478301048279,0.8076422810554504
YJL117W,YGL233W,0,-0.71172845,0.10891635715961456,0.9840478301048279,0.8077422976493835
YEL053C,YLR154W-A,0,-0.7120138,0.10890433937311172,0.9840478301048279,0.8078423738479614
YEL043W,YDR151C,0,-0.7127085,0.10889232158660889,0.9840478301048279,0.8079423904418945
YKL203C,YFL054C,0,-0.7137587,0.10888031125068665,0.9840478301048279,0.8080424070358276
YKL093W,YPL129W,0,-0.71425456,0.1088683009147644,0.9840478301048279,0.8081424236297607
YBR095C,YJR112W,0,-0.7154317,0.10885629057884216,0.9840478301048279,0.8082424998283386
YPL064C,YIL016W,1,-0.7162871,0.10895456373691559,0.9850448369979858,0.8082424998283386
YHR164C,YIL159W,0,-0.7163731,0.10894255340099335,0.9850448369979858,0.8083425164222717
YPR127W,YPL096W,0,-0.71639717,0.1089305430650711,0.9850448369979858,0.8084425330162048
YDR419W,YIL006W,0,-0.7165439,0.10891853272914886,0.9850448369979858,0.8085425496101379
YLR020C,YCR080W,0,-0.71660244,0.10890652239322662,0.9850448369979858,0.808642566204071
YBL113C,YML056C,0,-0.71710104,0.10889451950788498,0.9850448369979858,0.8087426424026489
YPL112C,YLL017W,0,-0.7178892,0.10888252407312393,0.9850448369979858,0.808842658996582
YBR075W,YOR020C,0,-0.7179917,0.10887052118778229,0.9850448369979858,0.8089426755905151
YLR401C,YEL036C,0,-0.71973693,0.10885852575302124,0.9850448369979858,0.8090426921844482
YPR113W,YOR085W,0,-0.7202194,0.10884653776884079,0.9850448369979858,0.8091427683830261
YOR159C,YMR112C,0,-0.7203126,0.10883454233407974,0.9850448369979858,0.8092427849769592
YMR295C,YJR133W,0,-0.721052,0.10882255434989929,0.9850448369979858,0.8093428015708923
YER154W,YHR109W,0,-0.7210604,0.10881057381629944,0.9850448369979858,0.8094428181648254
YHL012W,YJL192C,0,-0.72129285,0.10879859328269958,0.9850448369979858,0.8095428347587585
YLR344W,YAL029C,0,-0.7213165,0.10878661274909973,0.9850448369979858,0.8096429109573364
YPR196W,YJL144W,0,-0.72194064,0.10877463221549988,0.9850448369979858,0.8097429275512695
YJL012C-A,YMR213W,0,-0.7227397,0.10876265913248062,0.9850448369979858,0.8098429441452026
YLR425W,YPR133W-A,0,-0.7228526,0.10875068604946136,0.9850448369979858,0.8099429607391357
YJR127C,YMR160W,0,-0.7238728,0.1087387204170227,0.9850448369979858,0.8100430369377136
YJL187C,YKL161C,0,-0.72419804,0.10872675478458405,0.9850448369979858,0.8101430535316467
YNL102W,YDR494W,0,-0.7242607,0.10871478915214539,0.9850448369979858,0.8102430701255798
YIL140W,YOR351C,0,-0.72566265,0.10870283097028732,0.9850448369979858,0.8103430867195129
YBR067C,YCL060C,0,-0.72598815,0.10869087278842926,0.9850448369979858,0.810443103313446
YIL135C,YFL057C,0,-0.7269598,0.1086789146065712,0.9850448369979858,0.8105431795120239
YKL200C,YGR177C,0,-0.7296551,0.10866695642471313,0.9850448369979858,0.810643196105957
YDL245C,YMR033W,0,-0.7304652,0.10865500569343567,0.9850448369979858,0.8107432126998901
YJL087C,YKL200C,0,-0.7316384,0.1086430624127388,0.9850448369979858,0.8108432292938232
YHR214C-B,YPR137W,0,-0.732206,0.10863111913204193,0.9850448369979858,0.8109433054924011
YNL182C,YHR079C,0,-0.73223525,0.10861917585134506,0.9850448369979858,0.8110433220863342
YHR175W,YMR210W,0,-0.7322944,0.1086072325706482,0.9850448369979858,0.8111433386802673
YNL085W,YDL028C,0,-0.73233855,0.10859529674053192,0.9850448369979858,0.8112433552742004
YDR026C,YDR090C,0,-0.7335409,0.10858336091041565,0.9850448369979858,0.8113434314727783
YGR072W,YHR008C,0,-0.7338686,0.10857142508029938,0.9850448369979858,0.8114434480667114
YDR196C,YNL236W,0,-0.73392195,0.1085594967007637,0.9850448369979858,0.8115434646606445
YNL070W,YMR210W,0,-0.7339225,0.10854756832122803,0.9850448369979858,0.8116434812545776
YCR097WB,YIL133C,0,-0.7339599,0.10853564739227295,0.9850448369979858,0.8117434978485107
YOR338W,YMR240C,0,-0.7340273,0.10852372646331787,0.9850448369979858,0.8118435740470886
YDR196C,YLR160C,0,-0.73414415,0.10851180553436279,0.9850448369979858,0.8119435906410217
YMR049C,YDR034C,0,-0.73474646,0.10849989205598831,0.9850448369979858,0.8120436072349548
YMR089C,YMR114C,0,-0.7356732,0.10848797857761383,0.9850448369979858,0.8121436238288879
YOR071C,YDR470C,0,-0.73639965,0.10847606509923935,0.9850448369979858,0.8122437000274658
YBR195C,YOR025W,0,-0.7371454,0.10846415907144547,0.9850448369979858,0.8123437166213989
YKR002W,YNR002C,0,-0.73722076,0.10845225304365158,0.9850448369979858,0.812443733215332
YPL134C,YBL098W,0,-0.7390913,0.1084403470158577,0.9850448369979858,0.8125437498092651
YKR036C,YNL138W-A,0,-0.7407222,0.10842844843864441,0.9850448369979858,0.8126437664031982
YPR190C,YCL060C,0,-0.7407843,0.10841654986143112,0.9850448369979858,0.8127438426017761
YOR291W,YNL307C,0,-0.74158037,0.10840465128421783,0.9850448369979858,0.8128438591957092
YOR126C,YOR219C,0,-0.7423652,0.10839276015758514,0.9850448369979858,0.8129438757896423
YER087W,YPR198W,0,-0.7423842,0.10838086903095245,0.9850448369979858,0.8130438923835754
YLR025W,YKR035W-A,0,-0.74344957,0.10836897790431976,0.9850448369979858,0.8131439685821533
YCR002C,YDL045C,0,-0.74449027,0.10835709422826767,0.9850448369979858,0.8132439851760864
YLR452C,YLR026C,0,-0.74558693,0.10834521055221558,0.9850448369979858,0.8133440017700195
YOR393W,YGR134W,0,-0.74572706,0.10833333432674408,0.9850448369979858,0.8134440183639526
YOR243C,YLR145W,0,-0.74584556,0.10832145810127258,0.9850448369979858,0.8135440349578857
YOR304C-A,YFL054C,0,-0.74648297,0.10830958187580109,0.9850448369979858,0.8136441111564636
YBR081C,YMR065W,0,-0.74652195,0.10829770565032959,0.9850448369979858,0.8137441277503967
YMR169C,YDR090C,0,-0.7473684,0.10828583687543869,0.9850448369979858,0.8138441443443298
YNR072W,YLR050C,0,-0.74749935,0.10827397555112839,0.9850448369979858,0.8139441609382629
YLL012W,YHR079C,0,-0.7478307,0.10826210677623749,0.9850448369979858,0.8140442371368408
YML049C,YLL043W,0,-0.74934036,0.10825024545192719,0.9850448369979858,0.8141442537307739
YLR305C,YDR159W,0,-0.74998826,0.10823838412761688,0.9850448369979858,0.814244270324707
YNR057C,YGR095C,0,-0.7501054,0.10822653025388718,0.9850448369979858,0.8143442869186401
YBR020W,YEL070W,0,-0.75068104,0.10821467638015747,0.9850448369979858,0.8144443035125732
YMR301C,YKR028W,0,-0.75142473,0.10820282250642776,0.9850448369979858,0.8145443797111511
YMR075W,YDR508C,0,-0.75190496,0.10819097608327866,0.9850448369979858,0.8146443963050842
YBR111W-A,YFR052W,0,-0.7520587,0.10817912966012955,0.9850448369979858,0.8147444128990173
YGR081C,YNR072W,0,-0.75282663,0.10816729068756104,0.9850448369979858,0.8148444294929504
YOR388C,YEL030W,0,-0.7530664,0.10815544426441193,0.9850448369979858,0.8149445056915283
YDR144C,YDL040C,0,-0.75319403,0.10814360529184341,0.9850448369979858,0.8150445222854614
YML032C,YKR036C,0,-0.75337946,0.1081317737698555,0.9850448369979858,0.8151445388793945
YER165W,YDL035C,0,-0.753816,0.10811994224786758,0.9850448369979858,0.8152445554733276
YGR180C,YGL233W,0,-0.7538534,0.10810811072587967,0.9850448369979858,0.8153446316719055
YDL121C,YJR149W,0,-0.75396436,0.10809627920389175,0.9850448369979858,0.8154446482658386
YOR071C,YLR391W-A,0,-0.7543892,0.10808445513248444,0.9850448369979858,0.8155446648597717
YCR080W,YIR005W,0,-0.7548225,0.10807263106107712,0.9850448369979858,0.8156446814537048
YPR182W,YOR168W,0,-0.75578874,0.1080608144402504,0.9850448369979858,0.8157446980476379
YDR245W,YNL238W,0,-0.75582784,0.10804899036884308,0.9850448369979858,0.8158447742462158
YML080W,YEL029C,0,-0.7562052,0.10803718119859695,0.9850448369979858,0.8159447908401489
YCL074W,YPR204W,0,-0.75622356,0.10802536457777023,0.9850448369979858,0.816044807434082
YBL005W-B,YOR393W,0,-0.7572758,0.10801355540752411,0.9850448369979858,0.8161448240280151
YKL200C,YDR174W,0,-0.75799274,0.10800174623727798,0.9850448369979858,0.816244900226593
YLR391W-A,YOL158C,0,-0.7582656,0.10798994451761246,0.9850448369979858,0.8163449168205261
YGL050W,YJL213W,0,-0.7595554,0.10797814279794693,0.9850448369979858,0.8164449334144592
YAL033W,YBR120C,0,-0.7595649,0.1079663410782814,0.9850448369979858,0.8165449500083923
YPR060C,YCL060C,0,-0.759944,0.10795454680919647,0.9850448369979858,0.8166449666023254
YDR174W,YOR311C,0,-0.76120615,0.10794275254011154,0.9850448369979858,0.8167450428009033
YCR014C,YGR095C,0,-0.7617466,0.10793095827102661,0.9850448369979858,0.8168450593948364
YOL045W,YIR005W,0,-0.7624501,0.10791917145252228,0.9850448369979858,0.8169450759887695
YDL059C,YDR109C,0,-0.76323605,0.10790738463401794,0.9850448369979858,0.8170450925827026
YKR056W,YDR498C,0,-0.76346016,0.10789559781551361,0.9850448369979858,0.8171451687812805
YDR137W,YBR111W-A,0,-0.76394796,0.10788381844758987,0.9850448369979858,0.8172451853752136
YBR002C,YDL140C,0,-0.7640325,0.10787203907966614,0.9850448369979858,0.8173452019691467
YKL095W,YLR391W,0,-0.7648074,0.1078602597117424,0.9850448369979858,0.8174452185630798
YGR225W,YCR097WB,0,-0.76640534,0.10784848779439926,0.9850448369979858,0.8175452351570129
YMR169C,YJR130C,0,-0.76668274,0.10783671587705612,0.9850448369979858,0.8176453113555908
YEL022W,YJR026W,0,-0.7668608,0.10782495141029358,0.9850448369979858,0.8177453279495239
YLL002W,YJR053W,0,-0.7674172,0.10781317949295044,0.9850448369979858,0.817845344543457
YFR021W,YJL082W,0,-0.76767087,0.1078014150261879,0.9850448369979858,0.8179453611373901
YDR144C,YLL008W,0,-0.76824975,0.10778965801000595,0.9850448369979858,0.818045437335968
YBR150C,YNR015W,0,-0.768273,0.107777900993824,0.9850448369979858,0.8181454539299011
YPL180W,YPL259C,0,-0.7685847,0.10776614397764206,0.9850448369979858,0.8182454705238342
YDR137W,YNL284C,0,-0.7694354,0.10775438696146011,0.9850448369979858,0.8183454871177673
YBR196C,YOR283W,0,-0.7696334,0.10774263739585876,0.9850448369979858,0.8184455633163452
YDR240C,YHR079C,0,-0.7697034,0.10773088783025742,0.9850448369979858,0.8185455799102783
YJL066C,YBR276C,0,-0.769813,0.10771914571523666,0.9850448369979858,0.8186455965042114
YOR215C,YFL045C,0,-0.7700482,0.10770740360021591,0.9850448369979858,0.8187456130981445
YGR169C,YKL061W,0,-0.7714997,0.10769566148519516,0.9850448369979858,0.8188456296920776
YCL074W,YKL020C,0,-0.77151895,0.107683926820755,0.9850448369979858,0.8189457058906555
YGL183C,YDL170W,0,-0.7716411,0.10767218470573425,0.9850448369979858,0.8190457224845886
YBL058W,YOR275C,0,-0.77206534,0.1076604574918747,0.9850448369979858,0.8191457390785217
YBR274W,YDR081C,0,-0.77213925,0.10764872282743454,0.9850448369979858,0.8192457556724548
YMR194W,YKR002W,0,-0.7725008,0.10763699561357498,0.9850448369979858,0.8193458318710327
YLR291C,YLR391W-A,0,-0.7726926,0.10762527585029602,0.9850448369979858,0.8194458484649658
YGL237C,YBR111W-A,0,-0.77283674,0.10761354863643646,0.9850448369979858,0.8195458650588989
YDR254W,YGL094C,0,-0.7740364,0.1076018288731575,0.9850448369979858,0.819645881652832
YFR029W,YNL267W,0,-0.77489454,0.10759010910987854,0.9850448369979858,0.8197458982467651
YNL085W,YOR311C,0,-0.7760438,0.10757839679718018,0.9850448369979858,0.819845974445343
YGL068W,YMR301C,0,-0.77639645,0.10756668448448181,0.9850448369979858,0.8199459910392761
YPR111W,YOL028C,0,-0.7765987,0.10755497217178345,0.9850448369979858,0.8200460076332092
YLR141W,YGL220W,0,-0.7769792,0.10754326730966568,0.9850448369979858,0.8201460242271423
YER014C-A,YLR314C,0,-0.7776609,0.10753156244754791,0.9850448369979858,0.8202461004257202
YOR206W,YDR498C,0,-0.77889985,0.10751985758543015,0.9850448369979858,0.8203461170196533
YDR030C,YBR278W,0,-0.7793925,0.10750816017389297,0.9850448369979858,0.8204461336135864
YGL169W,YOR340C,0,-0.7795547,0.1074964627623558,0.9850448369979858,0.8205461502075195
YBR196C,YCL014W,0,-0.7805968,0.10748477280139923,0.9850448369979858,0.8206461668014526
YPL127C,YGR169C,0,-0.78243095,0.10747307538986206,0.9850448369979858,0.8207462430000305
YLR391W-A,YBR129C,0,-0.7842361,0.10746138542890549,0.9850448369979858,0.8208462595939636
YOL057W,YNR035C,0,-0.78520703,0.10744970291852951,0.9850448369979858,0.8209462761878967
YFL014W,YJR028W,0,-0.7857086,0.10743801295757294,0.9850448369979858,0.8210462927818298
YOR292C,YAL040C,0,-0.7864231,0.10742633789777756,0.9850448369979858,0.8211463689804077
YGL046W,YCR097WB,0,-0.78687775,0.10741465538740158,0.9850448369979858,0.8212463855743408
YMR054W,YDR170C,0,-0.7874351,0.1074029803276062,0.9850448369979858,0.8213464021682739
YDR067C,YFR033C,0,-0.78838766,0.10739130526781082,0.9850448369979858,0.821446418762207
YBR075W,YER019C-A,0,-0.7886082,0.10737963020801544,0.9850448369979858,0.8215464353561401
YGL158W,YLR278C,0,-0.7888639,0.10736796259880066,0.9850448369979858,0.821646511554718
YNL262W,YNL290W,0,-0.7890815,0.10735629498958588,0.9850448369979858,0.8217465281486511
YCR026C,YLR391W,0,-0.7900001,0.10734463483095169,0.9850448369979858,0.8218465447425842
YGR221C,YGR070W,0,-0.790236,0.1073329746723175,0.9850448369979858,0.8219465613365173
YLR197W,YFL033C,0,-0.79037,0.10732131451368332,0.9850448369979858,0.8220466375350952
YKL119C,YJR147W,0,-0.79045916,0.10730965435504913,0.9850448369979858,0.8221466541290283
YOR071C,YDL045C,0,-0.7913554,0.10729800164699554,0.9850448369979858,0.8222466707229614
YAL022C,YBL113C,0,-0.79210746,0.10728634893894196,0.9850448369979858,0.8223466873168945
YOR206W,YGL241W,0,-0.79212457,0.10727470368146896,0.9850448369979858,0.8224467635154724
YHR004C,YMR321C,0,-0.79239345,0.10726305842399597,0.9850448369979858,0.8225467801094055
YGR251W,YNR031C,0,-0.792644,0.10725141316652298,0.9850448369979858,0.8226467967033386
YPR191W,YFR045W,0,-0.7950009,0.10723976790904999,0.9850448369979858,0.8227468132972717
YFL066C,YOL052C,0,-0.79534954,0.10722813010215759,0.9850448369979858,0.8228468298912048
YDR245W,YJR026W,0,-0.7955767,0.1072164922952652,0.9850448369979858,0.8229469060897827
YHR132C,YPL122C,0,-0.79590183,0.1072048619389534,0.9850448369979858,0.8230469226837158
YOL054W,YLR073C,0,-0.7961867,0.1071932315826416,0.9850448369979858,0.8231469392776489
YMR159C,YHR008C,0,-0.7979408,0.1071816012263298,0.9850448369979858,0.823246955871582
YDR351W,YDR167W,0,-0.79810023,0.1071699783205986,0.9850448369979858,0.8233470320701599
YGR072W,YOL151W,0,-0.7987468,0.1071583479642868,0.9850448369979858,0.823447048664093
YER087W,YFR019W,0,-0.7987556,0.1071467325091362,0.9850448369979858,0.8235470652580261
YOR215C,YOR349W,0,-0.799296,0.107135109603405,0.9850448369979858,0.8236470818519592
YJR010W,YFR045W,0,-0.7994976,0.1071234941482544,0.9850448369979858,0.8237470984458923
YKR035W-A,YKL124W,0,-0.7995641,0.10711187869310379,0.9850448369979858,0.8238471746444702
YJL140W,YMR046C,0,-0.80002534,0.10710027068853378,0.9850448369979858,0.8239471912384033
YDR527W,YMR160W,0,-0.80030084,0.10708866268396378,0.9850448369979858,0.8240472078323364
YPR194C,YDR195W,0,-0.80074424,0.10707705467939377,0.9850448369979858,0.8241472244262695
YLR033W,YDL208W,0,-0.80159974,0.10706545412540436,0.9850448369979858,0.8242473006248474
YIL094C,YEL043W,0,-0.8024036,0.10705385357141495,0.9850448369979858,0.8243473172187805
YOL093W,YML109W,0,-0.8037763,0.10704225301742554,0.9850448369979858,0.8244473338127136
YPL122C,YFL023W,0,-0.8040075,0.10703065991401672,0.9850448369979858,0.8245473504066467
YOL124C,YDR240C,0,-0.8054832,0.10701906681060791,0.9850448369979858,0.8246473670005798
YBR075W,YPL273W,0,-0.80575895,0.1070074737071991,0.9850448369979858,0.8247474431991577
YHR012W,YMR097C,0,-0.8059966,0.10699588805437088,0.9850448369979858,0.8248474597930908
YBR155W,YDR109C,0,-0.80856586,0.10698430240154266,0.9850448369979858,0.8249474763870239
YHR211W,YPL082C,0,-0.8090181,0.10697271674871445,0.9850448369979858,0.825047492980957
YKR020W,YJR026W,0,-0.8090813,0.10696113109588623,0.9850448369979858,0.8251475691795349
YMR168C,YIL133C,0,-0.80964136,0.10694955289363861,0.9850448369979858,0.825247585773468
YNL127W,YPL096W,0,-0.80994624,0.10693798214197159,0.9850448369979858,0.8253476023674011
YOL101C,YDR109C,0,-0.81077254,0.10692640393972397,0.9850448369979858,0.8254476189613342
YCR060W,YNR028W,1,-0.8111492,0.10702305287122726,0.9860419034957886,0.8254476189613342
YBR075W,YHR119W,0,-0.81145906,0.10701146721839905,0.9860419034957886,0.8255476355552673
YJR149W,YHL034C,0,-0.81219816,0.10699988901615143,0.9860419034957886,0.8256477117538452
YGL209W,YDR090C,0,-0.8127017,0.1069883182644844,0.9860419034957886,0.8257477283477783
YNL070W,YGR222W,0,-0.8131312,0.10697674751281738,0.9860419034957886,0.8258477449417114
YOR324C,YDR218C,0,-0.81517637,0.10696517676115036,0.9860419034957886,0.8259477615356445
YMR089C,YDL045W-A,0,-0.81519675,0.10695360600948334,0.9860419034957886,0.8260478377342224
YBR111W-A,YMR173W,0,-0.81542325,0.10694204270839691,0.9860419034957886,0.8261478543281555
YGL046W,YLR154W-A,0,-0.81560135,0.10693047940731049,0.9860419034957886,0.8262478709220886
YBR196C,YEL070W,0,-0.81601566,0.10691891610622406,0.9860419034957886,0.8263478875160217
YKL094W,YDL045C,0,-0.8160306,0.10690736025571823,0.9860419034957886,0.8264479637145996
YOL010W,YJR130C,0,-0.81619936,0.1068958044052124,0.9860419034957886,0.8265479803085327
YEL012W,YCR014C,0,-0.81655556,0.10688425600528717,0.9860419034957886,0.8266479969024658
YOR071C,YJR053W,0,-0.81764776,0.10687270015478134,0.9860419034957886,0.8267480134963989
YBR183W,YML039W,0,-0.8181051,0.1068611592054367,0.9860419034957886,0.826848030090332
YDR090C,YKL186C,0,-0.81881285,0.10684961080551147,0.9860419034957886,0.8269481062889099
YGR020C,YDR081C,0,-0.81937635,0.10683806985616684,0.9860419034957886,0.827048122882843
YBR095C,YBL052C,0,-0.81967056,0.1068265289068222,0.9860419034957886,0.8271481394767761
YIL006W,YFR001W,0,-0.820245,0.10681498795747757,0.9860419034957886,0.8272481560707092
YER175C,YGL004C,0,-0.82074857,0.10680345445871353,0.9860419034957886,0.8273482322692871
YBR275C,YCL060C,0,-0.820822,0.1067919209599495,0.9860419034957886,0.8274482488632202
YOR148C,YNL219C,0,-0.8210541,0.10678039491176605,0.9860419034957886,0.8275482654571533
YKL009W,YNL122C,0,-0.8212013,0.10676886886358261,0.9860419034957886,0.8276482820510864
YLR182W,YAL039C,0,-0.8216275,0.10675734281539917,0.9860419034957886,0.8277482986450195
YGR167W,YDL035C,0,-0.82200754,0.10674581676721573,0.9860419034957886,0.8278483748435974
YLR394W,YPL093W,0,-0.82278514,0.10673429816961288,0.9860419034957886,0.8279483914375305
YGR085C,YPR125W,0,-0.8232618,0.10672277957201004,0.9860419034957886,0.8280484080314636
YOR054C,YEL043W,0,-0.8236312,0.1067112609744072,0.9860419034957886,0.8281484246253967
YNL309W,YPL167C,0,-0.8246901,0.10669974982738495,0.9860419034957886,0.8282485008239746
YGR036C,YJR112W,0,-0.8255935,0.1066882386803627,0.9860419034957886,0.8283485174179077
YNL282W,YEL030W,0,-0.82592505,0.10667673498392105,0.9860419034957886,0.8284485340118408
YLR268W,YER137C,0,-0.8259851,0.1066652312874794,0.9860419034957886,0.8285485506057739
YIL021W,YMR273C,0,-0.82660824,0.10665372759103775,0.9860419034957886,0.828648567199707
YKL020C,YGR072W,0,-0.8275182,0.1066422238945961,0.9860419034957886,0.8287486433982849
YOL142W,YNL232W,0,-0.8289834,0.10663072764873505,0.9860419034957886,0.828848659992218
YFL035C,YJL117W,0,-0.8294325,0.10661923140287399,0.9860419034957886,0.8289486765861511
YJL114W,YNL026W,0,-0.82963836,0.10660774260759354,0.9860419034957886,0.8290486931800842
YJR057W,YHL012W,0,-0.8297178,0.10659624636173248,0.9860419034957886,0.8291487693786621
YCR097WB,YDR470C,0,-0.8306241,0.10658475756645203,0.9860419034957886,0.8292487859725952
YMR019W,YLR391W,0,-0.83198655,0.10657327622175217,0.9860419034957886,0.8293488025665283
YGR225W,YOL026C,0,-0.83201295,0.10656179487705231,0.9860419034957886,0.8294488191604614
YMR046C,YMR308C,0,-0.83382267,0.10655031353235245,0.9860419034957886,0.8295488357543945
YER098W,YBL113C,0,-0.834445,0.10653883218765259,0.9860419034957886,0.8296489119529724
YER138C,YML128C,0,-0.8347942,0.10652735829353333,0.9860419034957886,0.8297489285469055
YER190W,YOR162C,0,-0.8350407,0.10651588439941406,0.9860419034957886,0.8298489451408386
YLR353W,YIL083C,0,-0.8354989,0.1065044179558754,0.9860419034957886,0.8299489617347717
YOL066C,YDL077C,0,-0.8355824,0.10649294406175613,0.9860419034957886,0.8300490379333496
YGL050W,YMR172W,0,-0.8365647,0.10648148506879807,0.9860419034957886,0.8301490545272827
YLR285W,YBL089W,0,-0.83694327,0.1064700186252594,0.9860419034957886,0.8302490711212158
YBR223C,YKL161C,0,-0.83695734,0.10645855963230133,0.9860419034957886,0.8303490877151489
YHR077C,YJR053W,0,-0.8376163,0.10644710063934326,0.9860419034957886,0.8304491639137268
YCR080W,YDR062W,0,-0.83799636,0.10643564164638519,0.9860419034957886,0.8305491805076599
YMR117C,YHR132C,0,-0.83842826,0.10642419010400772,0.9860419034957886,0.830649197101593
YOR148C,YOR327C,0,-0.83855474,0.10641273856163025,0.9860419034957886,0.8307492136955261
YNL085W,YLR291C,0,-0.8395469,0.10640129446983337,0.9860419034957886,0.8308492302894592
YMR093W,YBR042C,0,-0.839692,0.1063898429274559,0.9860419034957886,0.8309493064880371
YMR046C,YDL128W,0,-0.84002846,0.10637839883565903,0.9860419034957886,0.8310493230819702
YLR329W,YOR219C,0,-0.84074605,0.10636696219444275,0.9860419034957886,0.8311493396759033
YDR137W,YGL163C,0,-0.84164906,0.10635552555322647,0.9860419034957886,0.8312493562698364
YGL122C,YDR222W,0,-0.84165645,0.10634408891201019,0.9860419034957886,0.8313494324684143
YJR006W,YLR154W-A,0,-0.84207535,0.10633265227079391,0.9860419034957886,0.8314494490623474
YMR179W,YLR187W,0,-0.84337986,0.10632122308015823,0.9860419034957886,0.8315494656562805
YIL088C,YDR222W,0,-0.8434587,0.10630979388952255,0.9860419034957886,0.8316494822502136
YOL053C-A,YMR304W,0,-0.84403133,0.10629836469888687,0.9860419034957886,0.8317494988441467
YOR292C,YGL113W,0,-0.84405667,0.10628694295883179,0.9860419034957886,0.8318495750427246
YDL055C,YFL035C,0,-0.8441906,0.1062755212187767,0.9860419034957886,0.8319495916366577
YLR395C,YNR017W,0,-0.8444369,0.10626409947872162,0.9860419034957886,0.8320496082305908
YOR237W,YCL014W,0,-0.84526336,0.10625268518924713,0.9860419034957886,0.8321496248245239
YPL002C,YOR275C,0,-0.84533674,0.10624127089977264,0.9860419034957886,0.8322497010231018
YGL183C,YKL022C,0,-0.84589565,0.10622986406087875,0.9860419034957886,0.8323497176170349
YGR031C-A,YMR089C,0,-0.8468104,0.10621844977140427,0.9860419034957886,0.832449734210968
YHR156C,YGL113W,0,-0.8470374,0.10620704293251038,0.9860419034957886,0.8325497508049011
YMR146C,YNL283C,0,-0.84718585,0.10619564354419708,0.9860419034957886,0.8326497673988342
YGL046W,YML132W,0,-0.84854186,0.10618423670530319,0.9860419034957886,0.8327498435974121
YGL170C,YBR042C,0,-0.84923273,0.1061728373169899,0.9860419034957886,0.8328498601913452
YJR151C,YBL113C,0,-0.849413,0.1061614453792572,0.9860419034957886,0.8329498767852783
YGR031C-A,YLR145W,0,-0.8494234,0.10615004599094391,0.9860419034957886,0.8330498933792114
YAL033W,YLR391W,0,-0.8499285,0.10613865405321121,0.9860419034957886,0.8331499695777893
YLR256W-A,YBR281C,0,-0.8502066,0.10612726956605911,0.9860419034957886,0.8332499861717224
YOR142W-A,YDR081C,0,-0.8502127,0.10611587762832642,0.9860419034957886,0.8333500027656555
YDR210C-C,YKL203C,0,-0.85025024,0.10610449314117432,0.9860419034957886,0.8334500193595886
YHR012W,YFL002W-B,0,-0.85036254,0.10609311610460281,0.9860419034957886,0.8335500359535217
YGR281W,YLR389C,0,-0.8504411,0.10608173161745071,0.9860419034957886,0.8336501121520996
YHR074W,YKL206C,0,-0.85048175,0.10607035458087921,0.9860419034957886,0.8337501287460327
YPR137C-A,YKR054C,0,-0.85087407,0.10605897754430771,0.9860419034957886,0.8338501453399658
YGL083W,YOR142W-B,0,-0.85096884,0.1060476079583168,0.9860419034957886,0.8339501619338989
YLR410W-B,YAR031W,0,-0.8516969,0.1060362383723259,0.9860419034957886,0.8340502381324768
YLR391W-A,YBR243C,0,-0.8517644,0.10602486878633499,0.9860419034957886,0.8341502547264099
YPR158C-C,YOL093W,0,-0.8518317,0.10601350665092468,0.9860419034957886,0.834250271320343
YMR203W,YCL003W,0,-0.85211855,0.10600214451551437,0.9860419034957886,0.8343502879142761
YLR256W-A,YCR087C-A,0,-0.85216075,0.10599078238010406,0.9860419034957886,0.834450364112854
YER165W,YJL081C,0,-0.85232365,0.10597942769527435,0.9860419034957886,0.8345503807067871
YKL174C,YPR127W,0,-0.85268545,0.10596807301044464,0.9860419034957886,0.8346503973007202
YPR137C-A,YKL001C,0,-0.8527486,0.10595671832561493,0.9860419034957886,0.8347504138946533
YDR414C,YLR391W-A,0,-0.8527571,0.10594536364078522,0.9860419034957886,0.8348504304885864
YPR011C,YDR261C-D,0,-0.8528931,0.1059340164065361,0.9860419034957886,0.8349505066871643
YJR147W,YLR309C,0,-0.8529277,0.10592267662286758,0.9860419034957886,0.8350505232810974
YDR261C-D,YLR033W,0,-0.85338026,0.10591132938861847,0.9860419034957886,0.8351505398750305
YPL252C,YMR160W,0,-0.853434,0.10589998960494995,0.9860419034957886,0.8352505564689636
YOR343W-B,YMR272C,0,-0.8537067,0.10588864982128143,0.9860419034957886,0.8353506326675415
YOR343W-B,YFR052W,0,-0.8537276,0.10587731748819351,0.9860419034957886,0.8354506492614746
YDL229W,YCR070W,1,-0.85380745,0.1059730276465416,0.9870389103889465,0.8354506492614746
YER049W,YLR256W-A,0,-0.8541727,0.10596168041229248,0.9870389103889465,0.8355506658554077
YGR161W-B,YJL171C,0,-0.85431725,0.10595034062862396,0.9870389103889465,0.8356506824493408
YLR256W-A,YDR476C,0,-0.85467756,0.10593900829553604,0.9870389103889465,0.8357506990432739
YDL217C,YER137C-A,0,-0.85481036,0.10592766851186752,0.9870389103889465,0.8358507752418518
YGR161W-B,YBR287W,0,-0.85505474,0.1059163361787796,0.9870389103889465,0.8359507918357849
YDR210C-C,YMR228W,0,-0.8554164,0.10590500384569168,0.9870389103889465,0.836050808429718
YLL002W,YLR033W,0,-0.8556581,0.10589367896318436,0.9870389103889465,0.8361508250236511
YPR182W,YLR154W-A,0,-0.8563192,0.10588235408067703,0.9870389103889465,0.836250901222229
YJL191W,YCR080W,0,-0.85670507,0.10587102919816971,0.9870389103889465,0.8363509178161621
YCL014W,YMR210W,0,-0.8567142,0.10585971176624298,0.9870389103889465,0.8364509344100952
YPR204W,YGR229C,0,-0.8574902,0.10584839433431625,0.9870389103889465,0.8365509510040283
YLR157C,YJL206C,0,-0.85751885,0.10583707690238953,0.9870389103889465,0.8366509675979614
YPL104W,YLR154W-A,0,-0.8581422,0.1058257594704628,0.9870389103889465,0.8367510437965393
YKR035W-A,YKL022C,0,-0.85907453,0.10581444948911667,0.9870389103889465,0.8368510603904724
YOR323C,YML045W-A,0,-0.85915506,0.10580313950777054,0.9870389103889465,0.8369510769844055
YDR014W-A,YEL029C,0,-0.85915506,0.105791836977005,0.9870389103889465,0.8370510935783386
YML080W,YDR381C-A,0,-0.85915506,0.10578053444623947,0.9870389103889465,0.8371511697769165
YBL101W-B,YNL230C,0,-0.85915506,0.10576923191547394,0.9870389103889465,0.8372511863708496
YGR161W-B,YDR218C,0,-0.85915506,0.1057579293847084,0.9870389103889465,0.8373512029647827
YDR014W-A,YJL214W,0,-0.85915506,0.10574663430452347,0.9870389103889465,0.8374512195587158
YDR014W-A,YDL097C,0,-0.85915506,0.10573533922433853,0.9870389103889465,0.8375512361526489
YGL122C,YBL101W-B,0,-0.85915506,0.10572405159473419,0.9870389103889465,0.8376513123512268
YDR530C,YDR261W-A,0,-0.85915506,0.10571276396512985,0.9870389103889465,0.8377513289451599
YFL035C,YOR338W,0,-0.85915506,0.10570147633552551,0.9870389103889465,0.837851345539093
YML045W-A,YHR079C,0,-0.85915506,0.10569018870592117,0.9870389103889465,0.8379513621330261
YGR167W,YDR014W-A,0,-0.85915506,0.10567890852689743,0.9870389103889465,0.838051438331604
YOR304C-A,YCR055C,0,-0.85915506,0.10566762834787369,0.9870389103889465,0.8381514549255371
YDR014W-A,YNL178W,0,-0.85915506,0.10565634816884995,0.9870389103889465,0.8382514715194702
YDR211W,YBL029C-A,0,-0.85915506,0.1056450754404068,0.9870389103889465,0.8383514881134033
YOL082W,YDR014W-A,0,-0.85915506,0.10563380271196365,0.9870389103889465,0.8384515643119812
YLR391W-A,YER137C,0,-0.85915506,0.10562252998352051,0.9870389103889465,0.8385515809059143
YBL101W-B,YMR137C,0,-0.85915506,0.10561126470565796,0.9870389103889465,0.8386515974998474
YDR381C-A,YNL259C,0,-0.85915506,0.10559999942779541,0.9870389103889465,0.8387516140937805
YNL284C-A,YOR324C,0,-0.85915506,0.10558873414993286,0.9870389103889465,0.8388516306877136
YLR224W,YMR268W-A,0,-0.85915506,0.10557747632265091,0.9870389103889465,0.8389517068862915
YNL284C-A,YOL136C,0,-0.85915506,0.10556621849536896,0.9870389103889465,0.8390517234802246
YDR381C-A,YCL052C,0,-0.85915506,0.105554960668087,0.9870389103889465,0.8391517400741577
YML045W-A,YGL216W,0,-0.85915506,0.10554371029138565,0.9870389103889465,0.8392517566680908
YPR137C-A,YNR067C,0,-0.85915506,0.1055324599146843,0.9870389103889465,0.8393518328666687
YPR137C-A,YER008C,0,-0.85915506,0.10552120953798294,0.9870389103889465,0.8394518494606018
YNL284C-A,YPL050C,0,-0.85915506,0.10550996661186218,0.9870389103889465,0.8395518660545349
YLR391W,YLR050C,0,-0.85915506,0.10549872368574142,0.9870389103889465,0.839651882648468
YBL029C-A,YGR155W,0,-0.85915506,0.10548748075962067,0.9870389103889465,0.8397518992424011
YGR161W-B,YJR101W,0,-0.85915506,0.10547623783349991,0.9870389103889465,0.839851975440979
YHR214C-B,YOL053C-A,0,-0.85915506,0.10546500235795975,0.9870389103889465,0.8399519920349121
YNL284C-A,YJR053W,0,-0.85915506,0.10545377433300018,0.9870389103889465,0.8400520086288452
YLR029C,YDR381C-A,0,-0.85915506,0.10544253885746002,0.9870389103889465,0.8401520252227783
YBL101W-B,YHR174W,0,-0.85915506,0.10543131083250046,0.9870389103889465,0.8402521014213562
YNL284C-A,YPL078C,0,-0.85915506,0.1054200828075409,0.9870389103889465,0.8403521180152893
YML045W-A,YMR065W,0,-0.85915506,0.10540886223316193,0.9870389103889465,0.8404521346092224
YBL101W-B,YGL163C,0,-0.85915506,0.10539763420820236,0.9870389103889465,0.8405521512031555
YML045W-A,YDR470C,0,-0.85915506,0.1053864136338234,0.9870389103889465,0.8406521677970886
YHR029C,YDR014W-A,0,-0.85915506,0.10537520051002502,0.9870389103889465,0.8407522439956665
YLR183C,YBL101W-B,0,-0.85915506,0.10536398738622665,0.9870389103889465,0.8408522605895996
YGR031C-A,YCL060C,0,-0.85915506,0.10535277426242828,0.9870389103889465,0.8409522771835327
YDR014W-A,YGL190C,0,-0.85915506,0.10534156113862991,0.9870389103889465,0.8410522937774658
YBL101W-B,YDL140C,0,-0.85915506,0.10533035546541214,0.9870389103889465,0.8411523699760437
YBL101W-B,YIL017W,0,-0.85915506,0.10531914979219437,0.9870389103889465,0.8412523865699768
YBL029C-A,YIL177C,0,-0.85915506,0.10530794411897659,0.9870389103889465,0.8413524031639099
YNL284C-A,YMR296C,0,-0.85915506,0.10529674589633942,0.9870389103889465,0.841452419757843
YIL170W,YLR154W-A,0,-0.85915506,0.10528554767370224,0.9870389103889465,0.8415524363517761
YKL067W,YML045W-A,0,-0.85915506,0.10527434945106506,0.9870389103889465,0.841652512550354
YOL057W,YDR381C-A,0,-0.85915506,0.10526315867900848,0.9870389103889465,0.8417525291442871
YDR014W-A,YMR115W,0,-0.85915506,0.1052519679069519,0.9870389103889465,0.8418525457382202
YBR066C,YML045W-A,0,-0.85915506,0.10524077713489532,0.9870389103889465,0.8419525623321533
YNL284C-A,YOR327C,0,-0.85915506,0.10522959381341934,0.9870389103889465,0.8420526385307312
YDR014W-A,YBR061C,0,-0.85915506,0.10521841049194336,0.9870389103889465,0.8421526551246643
YNL284C-A,YPR060C,0,-0.85915506,0.10520722717046738,0.9870389103889465,0.8422526717185974
YDR530C,YER137C-A,0,-0.85915506,0.1051960438489914,0.9870389103889465,0.8423526883125305
YNL284C-A,YLR348C,0,-0.85915506,0.10518486797809601,0.9870389103889465,0.8424527645111084
YGR264C,YNL284C-A,0,-0.85915506,0.10517369955778122,0.9870389103889465,0.8425527811050415
YPR137C-A,YDR530C,0,-0.85915506,0.10516252368688583,0.9870389103889465,0.8426527976989746
YNL284C-A,YHR135C,0,-0.85915506,0.10515135526657104,0.9870389103889465,0.8427528142929077
YDL022W,YBL029C-A,0,-0.85915506,0.10514018684625626,0.9870389103889465,0.8428528308868408
YBL101W-B,YMR239C,0,-0.85915506,0.10512901842594147,0.9870389103889465,0.8429529070854187
YNR021W,YDR381C-A,0,-0.85915506,0.10511785745620728,0.9870389103889465,0.8430529236793518
YDR014W-A,YCR014C,0,-0.85915506,0.10510669648647308,0.9870389103889465,0.8431529402732849
YKR036C,YML045W-A,0,-0.85915506,0.10509554296731949,0.9870389103889465,0.843252956867218
YLR203C,YML045W-A,0,-0.85915506,0.1050843894481659,0.9870389103889465,0.8433530330657959
YBL101W-B,YNL302C,0,-0.85915506,0.1050732359290123,0.9870389103889465,0.843453049659729
YBR075W,YMR046C,0,-0.85915506,0.1050620824098587,0.9870389103889465,0.8435530662536621
YPR158C-C,YCL026C-B,0,-0.85915506,0.1050509363412857,0.9870389103889465,0.8436530828475952
YEL043W,YLR154W-A,0,-0.85915506,0.10503979027271271,0.9870389103889465,0.8437530994415283
YFL002W-B,YAL024C,0,-0.85915506,0.10502864420413971,0.9870389103889465,0.8438531756401062
YDR014W-A,YBR281C,0,-0.85915506,0.10501750558614731,0.9870389103889465,0.8439531922340393
YOL045W,YDR014W-A,0,-0.85915506,0.10500636696815491,0.9870389103889465,0.8440532088279724
YML045W-A,YLR325C,0,-0.85915506,0.1049952283501625,0.9870389103889465,0.8441532254219055
YNL284C-A,YNL147W,0,-0.85915506,0.1049840897321701,0.9870389103889465,0.8442533016204834
YLR043C,YML045W-A,0,-0.85915506,0.1049729585647583,0.9870389103889465,0.8443533182144165
YML045W-A,YPL273W,0,-0.85915506,0.1049618348479271,0.9870389103889465,0.8444533348083496
YNL284C-A,YHR079C,0,-0.85915506,0.10495070368051529,0.9870389103889465,0.8445533514022827
YNL026W,YBL029C-A,0,-0.85915506,0.10493957996368408,0.9870389103889465,0.8446533679962158
YBL101W-B,YNL267W,0,-0.85915506,0.10492845624685287,0.9870389103889465,0.8447534441947937
YOL103W-B,YKL182W,0,-0.85915506,0.10491733998060226,0.9870389103889465,0.8448534607887268
YJR119C,YDR381C-A,0,-0.85915506,0.10490622371435165,0.9870389103889465,0.8449534773826599
YIL061C,YML045W-A,0,-0.85915506,0.10489510744810104,0.9870389103889465,0.845053493976593
YGR144W,YBL029C-A,0,-0.85915506,0.10488399118185043,0.9870389103889465,0.8451535701751709
YJL053W,YBL029C-A,0,-0.85915506,0.10487288236618042,0.9870389103889465,0.845253586769104
YNL284C-A,YNR015W,0,-0.85915506,0.1048617735505104,0.9870389103889465,0.8453536033630371
YJR028W,YLR154W-A,0,-0.85915506,0.1048506647348404,0.9870389103889465,0.8454536199569702
YOR292C,YBR111W-A,0,-0.85915506,0.10483956336975098,0.9870389103889465,0.8455536365509033
YKL103C,YDR381C-A,0,-0.85915506,0.10482846200466156,0.9870389103889465,0.8456537127494812
YDR014W-A,YLR073C,0,-0.85915506,0.10481736063957214,0.9870389103889465,0.8457537293434143
YER014C-A,YDR210C-C,0,-0.85915506,0.10480626672506332,0.9870389103889465,0.8458537459373474
YGR109W-B,YFL011W-A,0,-0.85915506,0.1047951728105545,0.9870389103889465,0.8459537625312805
YMR319C,YML045W-A,0,-0.85915506,0.10478407889604568,0.9870389103889465,0.8460538387298584
YBL029C-A,YMR304W,0,-0.85915506,0.10477299243211746,0.9870389103889465,0.8461538553237915
YLR154W-A,YLR050C,0,-0.85915506,0.10476190596818924,0.9870389103889465,0.8462538719177246
YGR171C,YBL029C-A,0,-0.85915506,0.10475081950426102,0.9870389103889465,0.8463538885116577
YNL138W-A,YDR444W,0,-0.85915506,0.10473974049091339,0.9870389103889465,0.8464539647102356
YML045W-A,YLR309C,0,-0.85915506,0.10472865402698517,0.9870389103889465,0.8465539813041687
YNL284C-A,YLR160C,0,-0.85915506,0.10471758246421814,0.9870389103889465,0.8466539978981018
YDR014W-A,YOR382W,0,-0.85915506,0.10470650345087051,0.9870389103889465,0.8467540144920349
YER017C,YPL257W-B,0,-0.85915506,0.10469543188810349,0.9870389103889465,0.846854031085968
YBR002C,YNL284C-A,0,-0.85915506,0.10468436032533646,0.9870389103889465,0.8469541072845459
YJL012C-A,YPL257W-B,0,-0.85915506,0.10467328876256943,0.9870389103889465,0.847054123878479
YPR204W,YKL097W-A,0,-0.85915506,0.104662224650383,0.9870389103889465,0.8471541404724121
YJR149W,YBR075W,0,-0.85915506,0.10465116053819656,0.9870389103889465,0.8472541570663452
YKL190W,YBL029C-A,0,-0.85915506,0.10464010387659073,0.9870389103889465,0.8473542332649231
YDR014W-A,YLR209C,0,-0.85915506,0.1046290397644043,0.9870389103889465,0.8474542498588562
YIL080W,YGL046W,0,-0.85915506,0.10461798310279846,0.9870389103889465,0.8475542664527893
YPR127W,YDR381C-A,0,-0.85915506,0.10460693389177322,0.9870389103889465,0.8476542830467224
YBR111W-A,YMR087W,0,-0.85915506,0.10459587723016739,0.9870389103889465,0.8477542996406555
YCR080W,YLR050C,0,-0.85915506,0.10458482801914215,0.9870389103889465,0.8478543758392334
YML045W-A,YDL128W,0,-0.85915506,0.10457378625869751,0.9870389103889465,0.8479543924331665
YDR014W-A,YNL016W,0,-0.85915506,0.10456273704767227,0.9870389103889465,0.8480544090270996
YNL138W-A,YER138C,0,-0.85915506,0.10455169528722763,0.9870389103889465,0.8481544256210327
YER017C,YDR381C-A,0,-0.85915506,0.10454065352678299,0.9870389103889465,0.8482545018196106
YNL044W,YML045W-A,0,-0.85915506,0.10452961921691895,0.9870389103889465,0.8483545184135437
YDR261C-D,YKL097W-A,0,-0.85915506,0.1045185774564743,0.9870389103889465,0.8484545350074768
YPR204W,YOL053C-A,0,-0.85915506,0.10450755059719086,0.9870389103889465,0.8485545516014099
YKR008W,YML045W-A,0,-0.85915506,0.10449651628732681,0.9870389103889465,0.848654568195343
YJL187C,YDR014W-A,0,-0.85915506,0.10448548942804337,0.9870389103889465,0.8487546443939209
YBL029C-A,YHL027W,0,-0.85915506,0.10447446256875992,0.9870389103889465,0.848854660987854
YDR014W-A,YGL241W,0,-0.85915506,0.10446343570947647,0.9870389103889465,0.8489546775817871
YBL029C-A,YPR152C,0,-0.85915506,0.10445241630077362,0.9870389103889465,0.8490546941757202
YNL284C-A,YLR285W,0,-0.85915506,0.10444139689207077,0.9870389103889465,0.8491547703742981
YEL040W,YBL029C-A,0,-0.85915506,0.10443037748336792,0.9870389103889465,0.8492547869682312
YNL079C,YBL029C-A,0,-0.85915506,0.10441936552524567,0.9870389103889465,0.8493548035621643
YDR131C,YCL003W,0,-0.85915506,0.10440835356712341,0.9870389103889465,0.8494548201560974
YKL130C,YDR381C-A,0,-0.85915506,0.10439734160900116,0.9870389103889465,0.8495548367500305
YHR164C,YBL029C-A,0,-0.85915506,0.1043863371014595,0.9870389103889465,0.8496549129486084
YDR381C-A,YLR348C,0,-0.85915506,0.10437533259391785,0.9870389103889465,0.8497549295425415
YLR227W-B,YLR154W-A,0,-0.85915506,0.10436432808637619,0.9870389103889465,0.8498549461364746
YBL076C,YML045W-A,0,-0.85915506,0.10435332357883453,0.9870389103889465,0.8499549627304077
YFL035C,YNL092W,0,-0.85915506,0.10434232652187347,0.9870389103889465,0.8500550389289856
YER185W,YBL029C-A,0,-0.85915506,0.10433132946491241,0.9870389103889465,0.8501550555229187
YNL284C-A,YOR215C,0,-0.85915506,0.10432033985853195,0.9870389103889465,0.8502550721168518
YEL030W,YDR381C-A,0,-0.85915506,0.10430934280157089,0.9870389103889465,0.8503550887107849
YCR055C,YER137C,0,-0.85915506,0.10429835319519043,0.9870389103889465,0.8504551649093628
YIL159W,YDR261W-A,0,-0.85915506,0.10428737103939056,0.9870389103889465,0.8505551815032959
YLR129W,YMR179W,0,-0.85944897,0.1042763814330101,0.9870389103889465,0.850655198097229
YPL150W,YOR324C,0,-0.8595053,0.10426539927721024,0.9870389103889465,0.8507552146911621
YKR020W,YKL186C,0,-0.8600923,0.10425442457199097,0.9870389103889465,0.8508552312850952
YML030W,YLR410W-A,0,-0.8606987,0.1042434424161911,0.9870389103889465,0.8509553074836731
YPR171W,YEL070W,0,-0.8617611,0.10423246771097183,0.9870389103889465,0.8510553240776062
YDL217C,YML039W,0,-0.8623993,0.10422150045633316,0.9870389103889465,0.8511553406715393
YKR008W,YOR142W-B,0,-0.8627824,0.10421052575111389,0.9870389103889465,0.8512553572654724
YHR005C-A,YMR295C,0,-0.86349297,0.10419955849647522,0.9870389103889465,0.8513554334640503
YBR037C,YCR097WB,0,-0.8637665,0.10418859124183655,0.9870389103889465,0.8514554500579834
YKR036C,YER165W,0,-0.8638716,0.10417763143777847,0.9870389103889465,0.8515554666519165
YNL110C,YLR410W-A,0,-0.86414206,0.1041666641831398,0.9870389103889465,0.8516554832458496
YEL031W,YER137C-A,0,-0.8642888,0.10415570437908173,0.9870389103889465,0.8517554998397827
YGR012W,YGL216W,0,-0.8649517,0.10414475202560425,0.9870389103889465,0.8518555760383606
YJL194W,YOR304C-A,0,-0.864975,0.10413379967212677,0.9870389103889465,0.8519555926322937
YLR440C,YCR080W,0,-0.8652266,0.10412284731864929,0.9870389103889465,0.8520556092262268
YGR109W-B,YER125W,0,-0.8656354,0.10411189496517181,0.9870389103889465,0.8521556258201599
YJR149W,YOR279C,0,-0.8658173,0.10410095006227493,0.9870389103889465,0.8522557020187378
YNL095C,YLR227W-B,0,-0.86620986,0.10408999770879745,0.9870389103889465,0.8523557186126709
YJL128C,YLR391W,0,-0.8668631,0.10407906025648117,0.9870389103889465,0.852455735206604
YCR093W,YDL084W,0,-0.8672472,0.10406811535358429,0.9870389103889465,0.8525557518005371
YNL127W,YLR410W-B,0,-0.86728954,0.104057177901268,0.9870389103889465,0.8526557683944702
YGR264C,YOR304W,0,-0.8679867,0.10404624044895172,0.9870389103889465,0.8527558445930481
YGL158W,YML030W,0,-0.8680014,0.10403531044721603,0.9870389103889465,0.8528558611869812
YPR137C-A,YGL225W,0,-0.8682,0.10402438044548035,0.9870389103889465,0.8529558777809143
YPR137C-A,YER151C,0,-0.8683767,0.10401345044374466,0.9870389103889465,0.8530558943748474
YPR137C-A,YKL064W,0,-0.86847115,0.10400252044200897,0.9870389103889465,0.8531559705734253
YFL011W-A,YER046W,0,-0.868585,0.10399159789085388,0.9870389103889465,0.8532559871673584
YLR227W-B,YGL190C,0,-0.8689562,0.10398067533969879,0.9870389103889465,0.8533560037612915
YDL133C-A,YLR329W,0,-0.8708638,0.1039697527885437,0.9870389103889465,0.8534560203552246
YDR210C-C,YBR243C,0,-0.87087435,0.10395883768796921,0.9870389103889465,0.8535560965538025
YHR077C,YER052C,0,-0.87117875,0.10394792258739471,0.9870389103889465,0.8536561131477356
YJR119C,YLR227W-B,0,-0.87126046,0.10393700748682022,0.9870389103889465,0.8537561297416687
YBR155W,YPR190C,0,-0.8714164,0.10392609983682632,0.9870389103889465,0.8538561463356018
YOL103W-B,YDR457W,0,-0.87245035,0.10391518473625183,0.9870389103889465,0.8539561629295349
YHR077C,YBR042C,0,-0.8727521,0.10390428453683853,0.9870389103889465,0.8540562391281128
YCR014C,YBR095C,0,-0.87309325,0.10389337688684464,0.9870389103889465,0.8541562557220459
YMR117C,YMR160W,0,-0.8731122,0.10388247668743134,0.9870389103889465,0.854256272315979
YPR158C-C,YJL192C,0,-0.8732532,0.10387157648801804,0.9870389103889465,0.8543562889099121
YBR247C,YLR256W-A,0,-0.8739235,0.10386067628860474,0.9870389103889465,0.85445636510849
YLR305C,YLR314C,0,-0.87400794,0.10384978353977203,0.9870389103889465,0.8545563817024231
YBR120C,YJR005W,0,-0.8742495,0.10383889079093933,0.9870389103889465,0.8546563982963562
YGR031C-A,YER103W,0,-0.87502646,0.10382800549268723,0.9870389103889465,0.8547564148902893
YOL103W-B,YJL006C,0,-0.8751437,0.10381711274385452,0.9870389103889465,0.8548564314842224
YMR049C,YBR095C,0,-0.87540334,0.10380622744560242,0.9870389103889465,0.8549565076828003
YNL297C,YLR219W,0,-0.8758111,0.10379534214735031,0.9870389103889465,0.8550565242767334
YPR171W,YNL267W,0,-0.87651944,0.1037844642996788,0.9870389103889465,0.8551565408706665
YBR247C,YJR028W,0,-0.87657785,0.1037735864520073,0.9870389103889465,0.8552565574645996
YHR059W,YPR152C,0,-0.87736076,0.10376270860433578,0.9870389103889465,0.8553566336631775
YPR137C-A,YDR454C,0,-0.8777435,0.10375183075666428,0.9870389103889465,0.8554566502571106
YCL036W,YGL174W,0,-0.87781775,0.10374096035957336,0.9870389103889465,0.8555566668510437
YBR182C,YMR172W,0,-0.8782848,0.10373008996248245,0.9870389103889465,0.8556566834449768
YBR128C,YBL113C,0,-0.87854797,0.10371922701597214,0.9870389103889465,0.8557567000389099
YKL168C,YLR227W-B,0,-0.87867385,0.10370835661888123,0.9870389103889465,0.8558567762374878
YPL257W-B,YOL026C,0,-0.8790256,0.10369749367237091,0.9870389103889465,0.8559567928314209
YHL012W,YDL227C,0,-0.87925494,0.10368663817644119,0.9870389103889465,0.856056809425354
YDR229W,YLR316C,0,-0.87963367,0.10367577522993088,0.9870389103889465,0.8561568260192871
YDR164C,YKL097W-A,0,-0.87982416,0.10366491973400116,0.9870389103889465,0.856256902217865
YDL028C,YDR146C,0,-0.87988824,0.10365406423807144,0.9870389103889465,0.8563569188117981
YGR161W-B,YOR020C,0,-0.8802371,0.10364321619272232,0.9870389103889465,0.8564569354057312
YKR054C,YDR233C,0,-0.8814847,0.1036323681473732,0.9870389103889465,0.8565569519996643
YML058W-A,YLR410W-B,0,-0.8819941,0.10362152010202408,0.9870389103889465,0.8566569685935974
YOR343W-B,YLR383W,0,-0.88357794,0.10361067205667496,0.9870389103889465,0.8567570447921753
YNL163C,YML080W,0,-0.8835827,0.10359983146190643,0.9870389103889465,0.8568570613861084
YGR031C-A,YNL107W,0,-0.88364655,0.10358899086713791,0.9870389103889465,0.8569570779800415
YGL174W,YLR016C,0,-0.8837485,0.10357815772294998,0.9870389103889465,0.8570570945739746
YLR256W-A,YNL302C,0,-0.8846754,0.10356731712818146,0.9870389103889465,0.8571571707725525
YLR256W-A,YNL026W,0,-0.88531,0.10355648398399353,0.9870389103889465,0.8572571873664856
YHR077C,YLR088W,0,-0.88552165,0.1035456508398056,0.9870389103889465,0.8573572039604187
YDR460W,YPR200C,0,-0.8861392,0.10353482514619827,0.9870389103889465,0.8574572205543518
YLR256W-A,YJR063W,0,-0.886539,0.10352399945259094,0.9870389103889465,0.8575572967529297
YJL034W,YCR070W,1,-0.8873136,0.10361773520708084,0.9880359172821045,0.8575572967529297
YDR218C,YPL065W,0,-0.88735807,0.10360690206289291,0.9880359172821045,0.8576573133468628
YLR157C,YCR080W,0,-0.888178,0.10359606891870499,0.9880359172821045,0.8577573299407959
YDL133C-A,YMR268W-A,0,-0.8883986,0.10358524322509766,0.9880359172821045,0.857857346534729
YDR210C-C,YIL035C,0,-0.88995445,0.10357441753149033,0.9880359172821045,0.8579573631286621
YBR247C,YDR364C,0,-0.8900819,0.103563591837883,0.9880359172821045,0.85805743932724
YGR031C-A,YDR233C,0,-0.890373,0.10355276614427567,0.9880359172821045,0.8581574559211731
YLR256W-A,YOR085W,0,-0.890936,0.10354194790124893,0.9880359172821045,0.8582574725151062
YDR512C,YJR036C,0,-0.89149326,0.1035311296582222,0.9880359172821045,0.8583574891090393
YOR142W-B,YJR021C,0,-0.8921602,0.10352031886577606,0.9880359172821045,0.8584575653076172
YGR225W,YHR004C,0,-0.8922737,0.10350950807332993,0.9880359172821045,0.8585575819015503
YMR025W,YDR281C,0,-0.89259017,0.10349869728088379,0.9880359172821045,0.8586575984954834
YCR080W,YOL040C,0,-0.8926025,0.10348788648843765,0.9880359172821045,0.8587576150894165
YMR046C,YGR089W,0,-0.89359653,0.10347708314657211,0.9880359172821045,0.8588576316833496
YLL002W,YFL002W-B,0,-0.8937812,0.10346627980470657,0.9880359172821045,0.8589577078819275
YJL012C-A,YGL233W,0,-0.8943127,0.10345547646284103,0.9880359172821045,0.8590577244758606
YJR036C,YLR256W-A,0,-0.89485455,0.1034446731209755,0.9880359172821045,0.8591577410697937
YOR237W,YPR171W,0,-0.8951639,0.10343387722969055,0.9880359172821045,0.8592577576637268
YLR256W-A,YOR275C,0,-0.89554083,0.10342308133840561,0.9880359172821045,0.8593578338623047
YNR031C,YDL077C,0,-0.8956205,0.10341229289770126,0.9880359172821045,0.8594578504562378
YBR111W-A,YDL045C,0,-0.89668965,0.10340150445699692,0.9880359172821045,0.8595578670501709
YOL103W-B,YOR162C,0,-0.89711136,0.10339071601629257,0.9880359172821045,0.859657883644104
YMR172W,YJL144W,0,-0.8973854,0.10337992757558823,0.9880359172821045,0.8597579002380371
YJL087C,YER019C-A,0,-0.89740986,0.10336914658546448,0.9880359172821045,0.859857976436615
YDL029W,YPR133W-A,0,-0.8977343,0.10335836559534073,0.9880359172821045,0.8599579930305481
YPL082C,YDR260C,0,-0.8985013,0.10334758460521698,0.9880359172821045,0.8600580096244812
YMR033W,YDL198C,0,-0.89860165,0.10333681106567383,0.9880359172821045,0.8601580262184143
YPR171W,YLR016C,0,-0.89884484,0.10332603752613068,0.9880359172821045,0.8602581024169922
YOL066C,YML080W,0,-0.89901644,0.10331526398658752,0.9880359172821045,0.8603581190109253
YPR001W,YCL060C,0,-0.8993505,0.10330449044704437,0.9880359172821045,0.8604581356048584
YOL136C,YOR251C,0,-0.90058684,0.10329372435808182,0.9880359172821045,0.8605581521987915
YDR210C-C,YLR009W,0,-0.90060157,0.10328295826911926,0.9880359172821045,0.8606581687927246
YCL060C,YKR026C,0,-0.90064734,0.1032721996307373,0.9880359172821045,0.8607582449913025
YPL257W-B,YDL216C,0,-0.9015101,0.10326143354177475,0.9880359172821045,0.8608582615852356
YKR054C,YDR210C-C,0,-0.9021065,0.10325067490339279,0.9880359172821045,0.8609582781791687
YPR125W,YLR145W,0,-0.902287,0.10323992371559143,0.9880359172821045,0.8610582947731018
YIL080W,YER087C-B,0,-0.90254205,0.10322916507720947,0.9880359172821045,0.8611583709716797
YGR268C,YLR256W-A,0,-0.9027717,0.10321841388940811,0.9880359172821045,0.8612583875656128
YJL087C,YBL034C,0,-0.90313876,0.10320766270160675,0.9880359172821045,0.8613584041595459
YDR405W,YDR218C,0,-0.9033339,0.10319691896438599,0.9880359172821045,0.861458420753479
YDL028C,YBR075W,0,-0.9034785,0.10318617522716522,0.9880359172821045,0.8615584969520569
YNL309W,YLR410W-A,0,-0.9035449,0.10317543148994446,0.9880359172821045,0.86165851354599
YOR142W-B,YDR494W,0,-0.9043975,0.1031646877527237,0.9880359172821045,0.8617585301399231
YBR075W,YBL052C,0,-0.9056197,0.10315395146608353,0.9880359172821045,0.8618585467338562
YPR158C-C,YDL217C,0,-0.90571487,0.10314321517944336,0.9880359172821045,0.8619585633277893
YOR215C,YNL052W,0,-0.9059076,0.10313247889280319,0.9880359172821045,0.8620586395263672
YML099C,YDR138W,0,-0.9060581,0.10312175005674362,0.9880359172821045,0.8621586561203003
YJR107W,YPR152C,0,-0.907715,0.10311102122068405,0.9880359172821045,0.8622586727142334
YGR072W,YLR154W-A,0,-0.9086422,0.10310029238462448,0.9880359172821045,0.8623586893081665
YPR011C,YGR271W,0,-0.908709,0.10308956354856491,0.9880359172821045,0.8624587655067444
YNL095C,YDR146C,0,-0.90927875,0.10307884216308594,0.9880359172821045,0.8625587821006775
YNL073W,YLR103C,0,-0.9098515,0.10306812077760696,0.9880359172821045,0.8626587986946106
YER017C,YLL061W,0,-0.9115623,0.10305740684270859,0.9880359172821045,0.8627588152885437
YER137C-A,YBR287W,0,-0.911949,0.10304668545722961,0.9880359172821045,0.8628588318824768
YNL138W-A,YDR062W,0,-0.9120388,0.10303597152233124,0.9880359172821045,0.8629589080810547
YJL112W,YBR075W,0,-0.9133872,0.10302526503801346,0.9880359172821045,0.8630589246749878
YMR033W,YBR096W,0,-0.91437376,0.10301455110311508,0.9880359172821045,0.8631589412689209
YNL070W,YPL007C,0,-0.9150577,0.1030038446187973,0.9880359172821045,0.863258957862854
YFL002W-B,YGR276C,0,-0.91564226,0.10299313813447952,0.9880359172821045,0.8633590340614319
YDR519W,YCR070W,1,-0.91583276,0.10308635234832764,0.9890329241752625,0.8633590340614319
YBR118W,YMR239C,0,-0.9161524,0.10307564586400986,0.9890329241752625,0.863459050655365
YIL159W,YJL149W,0,-0.916867,0.10306493192911148,0.9890329241752625,0.8635590672492981
YDL217C,YDR262W,0,-0.9169262,0.1030542254447937,0.9890329241752625,0.8636590838432312
YFR019W,YLR391W,0,-0.9169873,0.10304352641105652,0.9890329241752625,0.8637591004371643
YER049W,YBR061C,0,-0.9171128,0.10303281992673874,0.9890329241752625,0.8638591766357422
YPL127C,YJR034W,0,-0.91741884,0.10302212089300156,0.9890329241752625,0.8639591932296753
YDR460W,YGR052W,0,-0.91751873,0.10301142185926437,0.9890329241752625,0.8640592098236084
YLL045C,YML039W,0,-0.91780263,0.10300073027610779,0.9890329241752625,0.8641592264175415
YGR109W-B,YGL172W,0,-0.9178077,0.1029900312423706,0.9890329241752625,0.8642593026161194
YDR389W,YHR085W,0,-0.9182965,0.10297933965921402,0.9890329241752625,0.8643593192100525
YOR388C,YBR223C,0,-0.9183354,0.10296865552663803,0.9890329241752625,0.8644593358039856
YOL103W-B,YOR209C,0,-0.91845274,0.10295796394348145,0.9890329241752625,0.8645593523979187
YPL257W-B,YNL110C,0,-0.9191743,0.10294727981090546,0.9890329241752625,0.8646593689918518
YLR289W,YDR079W,0,-0.92026865,0.10293659567832947,0.9890329241752625,0.8647594451904297
YDL054C,YMR114C,0,-0.9207481,0.10292591899633408,0.9890329241752625,0.8648594617843628
YPR158C-C,YPL147W,0,-0.92075574,0.10291524231433868,0.9890329241752625,0.8649594783782959
YPL180W,YLR410W-B,0,-0.92143345,0.10290456563234329,0.9890329241752625,0.865059494972229
YLR256W-A,YGL216W,0,-0.9217298,0.1028938889503479,0.9890329241752625,0.8651595711708069
YOR142W-B,YDR296W,0,-0.9219527,0.1028832197189331,0.9890329241752625,0.86525958776474
YBR196C,YLR073C,0,-0.92253137,0.10287255048751831,0.9890329241752625,0.8653596043586731
YLR256W-A,YOR313C,0,-0.9228584,0.10286188125610352,0.9890329241752625,0.8654596209526062
YPR072W,YBR111W-A,0,-0.9228794,0.10285121947526932,0.9890329241752625,0.8655596971511841
YKR055W,YLR410W-B,0,-0.9230878,0.10284055769443512,0.9890329241752625,0.8656597137451172
YFL023W,YML094W,1,-0.92365193,0.10293355584144592,0.9900299310684204,0.8656597137451172
YDR196C,YJR053W,0,-0.9254947,0.10292288661003113,0.9900299310684204,0.8657597303390503
YKR056W,YPL257W-B,0,-0.9259012,0.10291221737861633,0.9900299310684204,0.8658597469329834
YKR008W,YHR077C,0,-0.92621815,0.10290155559778214,0.9900299310684204,0.8659597635269165
YOL103W-B,YJR032W,0,-0.9263543,0.10289089381694794,0.9900299310684204,0.8660598397254944
YLR182W,YKL186C,0,-0.9264749,0.10288023203611374,0.9900299310684204,0.8661598563194275
YLR160C,YBR037C,0,-0.9268385,0.10286957770586014,0.9900299310684204,0.8662598729133606
YPL257W-B,YNL080C,0,-0.9295408,0.10285891592502594,0.9900299310684204,0.8663598895072937
YNL044W,YDR261C-D,0,-0.9296188,0.10284826159477234,0.9900299310684204,0.8664599657058716
YLR107W,YKL015W,0,-0.9296886,0.10283761471509933,0.9900299310684204,0.8665599822998047
YOL066C,YBL034C,0,-0.9309189,0.10282696783542633,0.9900299310684204,0.8666599988937378
YNL147W,YML036W,0,-0.93096286,0.10281632095575333,0.9900299310684204,0.8667600154876709
YDL059C,YKR101W,0,-0.93128365,0.10280567407608032,0.9900299310684204,0.866860032081604
YBL058W,YLR164W,0,-0.9316582,0.10279503464698792,0.9900299310684204,0.8669601082801819
YMR218C,YNL219C,0,-0.9319582,0.10278438776731491,0.9900299310684204,0.867060124874115
YKR057W,YFL054C,0,-0.9323463,0.1027737557888031,0.9900299310684204,0.8671601414680481
YDR296W,YDL045W-A,0,-0.93268055,0.1027631163597107,0.9900299310684204,0.8672601580619812
YDR260C,YFL023W,0,-0.9328343,0.10275248438119888,0.9900299310684204,0.8673602342605591
YFR013W,YDR306C,0,-0.9331081,0.10274185240268707,0.9900299310684204,0.8674602508544922
YGR095C,YMR172W,0,-0.93362904,0.10273122042417526,0.9900299310684204,0.8675602674484253
YOR142W-B,YCL052C,0,-0.9342535,0.10272059589624405,0.9900299310684204,0.8676602840423584
YBR006W,YLR227W-B,0,-0.93475425,0.10270997136831284,0.9900299310684204,0.8677603006362915
YPL223C,YFL066C,0,-0.93477297,0.10269934684038162,0.9900299310684204,0.8678603768348694
YJL225C,YNR004W,0,-0.9355886,0.102688729763031,0.9900299310684204,0.8679603934288025
YDR210C-C,YDL216C,0,-0.93573487,0.10267811268568039,0.9900299310684204,0.8680604100227356
YDR210C-C,YMR136W,0,-0.93604875,0.10266749560832977,0.9900299310684204,0.8681604266166687
YDL202W,YGL148W,0,-0.9365232,0.10265687853097916,0.9900299310684204,0.8682605028152466
YOR142W-A,YFR019W,0,-0.9369282,0.10264626890420914,0.9900299310684204,0.8683605194091797
YOL102C,YLR285W,0,-0.9375315,0.10263565927743912,0.9900299310684204,0.8684605360031128
YGR109W-B,YGR112W,0,-0.93803394,0.1026250496506691,0.9900299310684204,0.8685605525970459
YCL074W,YKR019C,0,-0.93856907,0.10261444747447968,0.9900299310684204,0.868660569190979
YGR109W-B,YJR021C,0,-0.9394405,0.10260384529829025,0.9900299310684204,0.8687606453895569
YLR410W-A,YDR476C,0,-0.9394912,0.10259324312210083,0.9900299310684204,0.86886066198349
YDL121C,YFL057C,0,-0.93979394,0.10258264094591141,0.9900299310684204,0.8689606785774231
YIL095W,YOR123C,0,-0.9400946,0.10257204622030258,0.9900299310684204,0.8690606951713562
YPL064C,YCR070W,1,-0.9408707,0.10266473889350891,0.9910269379615784,0.8690606951713562
YER138C,YLL055W,0,-0.941316,0.10265413671731949,0.9910269379615784,0.8691607713699341
YMR046C,YOR351C,0,-0.9415024,0.10264353454113007,0.9910269379615784,0.8692607879638672
YOR089C,YBR173C,0,-0.9426521,0.10263293981552124,0.9910269379615784,0.8693608045578003
YPR137C-A,YFL054C,0,-0.9429867,0.10262234508991241,0.9910269379615784,0.8694608211517334
YMR117C,YDR210C-C,0,-0.9437963,0.10261175036430359,0.9910269379615784,0.8695608973503113
YJL087C,YMR296C,0,-0.94380885,0.10260115563869476,0.9910269379615784,0.8696609139442444
YOL057W,YOR343W-B,0,-0.9438133,0.10259056836366653,0.9910269379615784,0.8697609305381775
YPL064C,YDL140C,0,-0.9439584,0.1025799810886383,0.9910269379615784,0.8698609471321106
YPR189W,YFL002W-B,0,-0.9439631,0.10256939381361008,0.9910269379615784,0.8699609637260437
YNL138W-A,YHR077C,0,-0.94468105,0.10255881398916245,0.9910269379615784,0.8700610399246216
YDR210C-C,YPL094C,0,-0.9451369,0.10254823416471481,0.9910269379615784,0.8701610565185547
YDR210C-C,YDR059C,0,-0.94538534,0.10253765434026718,0.9910269379615784,0.8702610731124878
YHL012W,YEL043W,0,-0.945699,0.10252707451581955,0.9910269379615784,0.8703610897064209
YOR283W,YKL174C,0,-0.9458084,0.10251650214195251,0.9910269379615784,0.8704611659049988
YPR158C-C,YKL119C,0,-0.94652134,0.10250592976808548,0.9910269379615784,0.8705611824989319
YCR014C,YOR353C,0,-0.9468059,0.10249535739421844,0.9910269379615784,0.870661199092865
YPL276W,YPL147W,0,-0.94689286,0.102484792470932,0.9910269379615784,0.8707612156867981
YGR252W,YNR015W,0,-0.9473997,0.10247422754764557,0.9910269379615784,0.8708612322807312
YGR161W-B,YGL112C,0,-0.9476088,0.10246366262435913,0.9910269379615784,0.8709613084793091
YHR047C,YGL046W,0,-0.94805706,0.10245310515165329,0.9910269379615784,0.8710613250732422
YML073C,YBR075W,0,-0.94832355,0.10244254022836685,0.9910269379615784,0.8711613416671753
YJL200C,YJR063W,0,-0.9484937,0.10243199020624161,0.9910269379615784,0.8712613582611084
YHR132C,YKR020W,0,-0.9486122,0.10242143273353577,0.9910269379615784,0.8713614344596863
YGR161W-B,YOR084W,0,-0.9488647,0.10241088271141052,0.9910269379615784,0.8714614510536194
YHR069C,YLR391W,0,-0.9489464,0.10240033268928528,0.9910269379615784,0.8715614676475525
YDR233C,YLR256W-A,0,-0.94910824,0.10238978266716003,0.9910269379615784,0.8716614842414856
YLR314C,YDR261C-D,0,-0.94951594,0.10237923264503479,0.9910269379615784,0.8717615008354187
YOR074C,YBR059C,0,-0.9495726,0.10236869007349014,0.9910269379615784,0.8718615770339966
YPR137C-A,YOR147W,0,-0.94984436,0.1023581475019455,0.9910269379615784,0.8719615936279297
YJR149W,YFL066C,0,-0.9504687,0.10234761238098145,0.9910269379615784,0.8720616102218628
YHR085W,YKR028W,0,-0.95056725,0.1023370772600174,0.9910269379615784,0.8721616268157959
YJL029C,YOR008C,0,-0.95068073,0.10232654213905334,0.9910269379615784,0.8722617030143738
YNL127W,YNL138W,0,-0.9519144,0.1023160070180893,0.9910269379615784,0.8723617196083069
YOL103W-B,YMR136W,0,-0.95196134,0.10230547189712524,0.9910269379615784,0.87246173620224
YOR291W,YDR062W,0,-0.9543033,0.10229494422674179,0.9910269379615784,0.8725617527961731
YEL043W,YOL102C,0,-0.95575094,0.10228442400693893,0.9910269379615784,0.8726617693901062
YJL034W,YLR256W-A,0,-0.9559412,0.10227389633655548,0.9910269379615784,0.8727618455886841
YMR228W,YLR151C,0,-0.95640874,0.10226337611675262,0.9910269379615784,0.8728618621826172
YOR071C,YLR191W,0,-0.9569441,0.10225285589694977,0.9910269379615784,0.8729618787765503
YLL003W,YOR237W,0,-0.9573383,0.10224233567714691,0.9910269379615784,0.8730618953704834
YLR395C,YHR079C,0,-0.9576674,0.10223182290792465,0.9910269379615784,0.8731619715690613
YOR298W,YPL113C,0,-0.9577712,0.10222131013870239,0.9910269379615784,0.8732619881629944
YPR158C-C,YJR006W,0,-0.95833445,0.10221079736948013,0.9910269379615784,0.8733620047569275
YPL027W,YMR034C,0,-0.9584831,0.10220028460025787,0.9910269379615784,0.8734620213508606
YOR071C,YGR239C,0,-0.9592227,0.10218977928161621,0.9910269379615784,0.8735620975494385
YDR371W,YGR161W-B,0,-0.95971024,0.10217927396297455,0.9910269379615784,0.8736621141433716
YGL158W,YOR304C-A,0,-0.9613522,0.10216877609491348,0.9910269379615784,0.8737621307373047
YOL145C,YFR019W,0,-0.96160305,0.10215827077627182,0.9910269379615784,0.8738621473312378
YOR142W-B,YKL094W,0,-0.9616468,0.10214777290821075,0.9910269379615784,0.8739621639251709
YHR061C,YNL284C,0,-0.9619077,0.10213728249073029,0.9910269379615784,0.8740622401237488
YJR119C,YMR321C,0,-0.96258694,0.10212678462266922,0.9910269379615784,0.8741622567176819
YKR020W,YOR008C,0,-0.9627123,0.10211629420518875,0.9910269379615784,0.874262273311615
YPR162C,YNL273W,0,-0.9638786,0.10210580378770828,0.9910269379615784,0.8743622899055481
YGR109W-B,YJR133W,0,-0.9638964,0.10209531337022781,0.9910269379615784,0.874462366104126
YIR011C,YCL034W,0,-0.9644142,0.10208483040332794,0.9910269379615784,0.8745623826980591
YKL190W,YMR200W,0,-0.9647447,0.10207434743642807,0.9910269379615784,0.8746623992919922
YEL053C,YLL012W,0,-0.9650934,0.1020638644695282,0.9910269379615784,0.8747624158859253
YPR119W,YFL045C,0,-0.9651532,0.10205338895320892,0.9910269379615784,0.8748624324798584
YHR164C,YBR238C,0,-0.96529484,0.10204291343688965,0.9910269379615784,0.8749625086784363
YPR158C-C,YLR160C,0,-0.965341,0.10203243792057037,0.9910269379615784,0.8750625252723694
YDR081C,YPR043W,0,-0.96541375,0.1020219624042511,0.9910269379615784,0.8751625418663025
YMR250W,YPR127W,0,-0.9656607,0.10201149433851242,0.9910269379615784,0.8752625584602356
YMR146C,YPR158C-C,0,-0.96605456,0.10200102627277374,0.9910269379615784,0.8753626346588135
YDR170C,YMR065W,0,-0.96762633,0.10199055820703506,0.9910269379615784,0.8754626512527466
YOR388C,YML071C,0,-0.96788067,0.10198009759187698,0.9910269379615784,0.8755626678466797
YLR183C,YLR047C,0,-0.96799177,0.1019696369767189,0.9910269379615784,0.8756626844406128
YMR168C,YNL044W,0,-0.96822476,0.10195917636156082,0.9910269379615784,0.8757627010345459
YOL057W,YDR210C-C,0,-0.9684137,0.10194871574640274,0.9910269379615784,0.8758627772331238
YNL138W-A,YMR065W,0,-0.9689268,0.10193826258182526,0.9910269379615784,0.8759627938270569
YLR391W-A,YHR156C,0,-0.96896064,0.10192780941724777,0.9910269379615784,0.87606281042099
YNL261W,YLR278C,0,-0.970953,0.10191735625267029,0.9910269379615784,0.8761628270149231
YNL079C,YGL169W,0,-0.9709981,0.1019069105386734,0.9910269379615784,0.876262903213501
YPR158C-C,YOL108C,0,-0.97129196,0.10189646482467651,0.9910269379615784,0.8763629198074341
YCL060C,YOR351C,0,-0.9723817,0.10188601911067963,0.9910269379615784,0.8764629364013672
YCL014W,YHR039C-A,0,-0.97334856,0.10187557339668274,0.9910269379615784,0.8765629529953003
YNL073W,YOR343W-B,0,-0.9740302,0.10186513513326645,0.9910269379615784,0.8766629695892334
YDR034C,YEL031W,0,-0.97442454,0.10185469686985016,0.9910269379615784,0.8767630457878113
YPL167C,YGR072W,0,-0.97580636,0.10184425860643387,0.9910269379615784,0.8768630623817444
YBR081C,YMR033W,0,-0.9773239,0.10183382779359818,0.9910269379615784,0.8769630789756775
YJL172W,YNL307C,0,-0.9773244,0.10182339698076248,0.9910269379615784,0.8770630955696106
YBR111W-A,YEL040W,0,-0.97791123,0.10181296616792679,0.9910269379615784,0.8771631717681885
YDL206W,YOR204W,0,-0.97832125,0.10180254280567169,0.9910269379615784,0.8772631883621216
YKL022C,YDR109C,0,-0.97855943,0.101792111992836,0.9910269379615784,0.8773632049560547
YNL102W,YKL097W-A,0,-0.9785999,0.1017816886305809,0.9910269379615784,0.8774632215499878
YPL252C,YBR074W,0,-0.9789964,0.1017712727189064,0.9910269379615784,0.8775632977485657
YKR057W,YPR119W,0,-0.979366,0.1017608493566513,0.9910269379615784,0.8776633143424988
YAL017W,YMR046C,0,-0.9809708,0.1017504334449768,0.9910269379615784,0.8777633309364319
YPR204W,YAL024C,0,-0.98134816,0.10174001753330231,0.9910269379615784,0.877863347530365
YNL273W,YJR053W,0,-0.98190975,0.1017296090722084,0.9910269379615784,0.8779633641242981
YPR111W,YJR028W,0,-0.9819999,0.1017192006111145,0.9910269379615784,0.878063440322876
YGR032W,YIL083C,0,-0.9820106,0.1017087921500206,0.9910269379615784,0.8781634569168091
YEL031W,YOR142W-B,0,-0.9821382,0.1016983836889267,0.9910269379615784,0.8782634735107422
YLR105C,YDR081C,0,-0.98224723,0.10168798267841339,0.9910269379615784,0.8783634901046753
YER137C-A,YKL067W,0,-0.98253417,0.10167757421731949,0.9910269379615784,0.8784635663032532
YDR261C-D,YGR072W,0,-0.9835263,0.10166718065738678,0.9910269379615784,0.8785635828971863
YER154W,YGL026C,0,-0.9836903,0.10165677964687347,0.9910269379615784,0.8786635994911194
YLL004W,YDR138W,0,-0.9850638,0.10164638608694077,0.9910269379615784,0.8787636160850525
YIL076W,YCR097WB,0,-0.98531866,0.10163599252700806,0.9910269379615784,0.8788636326789856
YDR461W,YMR268W-A,0,-0.98546726,0.10162559896707535,0.9910269379615784,0.8789637088775635
YDR411C,YLR410W-B,0,-0.9859594,0.10161521285772324,0.9910269379615784,0.8790637254714966
YPL122C,YPL113C,0,-0.9866891,0.10160482674837112,0.9910269379615784,0.8791637420654297
YOR304C-A,YKL064W,0,-0.98709565,0.10159444063901901,0.9910269379615784,0.8792637586593628
YFR031C,YJR031C,0,-0.9879491,0.1015840545296669,0.9910269379615784,0.8793638348579407
YML052W,YDR159W,0,-0.98810256,0.10157367587089539,0.9910269379615784,0.8794638514518738
YGR285C,YDR081C,0,-0.98867375,0.10156329721212387,0.9910269379615784,0.8795638680458069
YDR082W,YLR154W-A,0,-0.9893261,0.10155291855335236,0.9910269379615784,0.87966388463974
YGR144W,YLR401C,0,-0.9898285,0.10154254734516144,0.9910269379615784,0.8797639012336731
YDR229W,YLR350W,0,-0.9899109,0.10153217613697052,0.9910269379615784,0.879863977432251
YDR083W,YDR131C,0,-0.9912927,0.1015218049287796,0.9910269379615784,0.8799639940261841
YKL013C,YNR028W,0,-0.9916234,0.10151144117116928,0.9910269379615784,0.8800640106201172
YBR096W,YBR074W,0,-0.9924475,0.10150106996297836,0.9910269379615784,0.8801640272140503
YGR216C,YFL002W-B,0,-0.99333006,0.10149070620536804,0.9910269379615784,0.8802641034126282
YLR105C,YLR329W,0,-0.9946482,0.10148034989833832,0.9910269379615784,0.8803641200065613
YLR256W-A,YPR127W,0,-0.9950776,0.101469986140728,0.9910269379615784,0.8804641366004944
YLR321C,YNR003C,0,-0.99596155,0.10145962983369827,0.9910269379615784,0.8805641531944275
YER101C,YOL054W,0,-0.9960325,0.10144927352666855,0.9910269379615784,0.8806641697883606
YJR006W,YMR273C,0,-0.9961439,0.10143892467021942,0.9910269379615784,0.8807642459869385
YPR083W,YPR127W,0,-0.9967439,0.1014285683631897,0.9910269379615784,0.8808642625808716
YNL304W,YDR261W-A,0,-0.9975256,0.10141821950674057,0.9910269379615784,0.8809642791748047
YBR075W,YOR222W,0,-0.9977628,0.10140787810087204,0.9910269379615784,0.8810642957687378
YBR059C,YOR351C,0,-0.9990686,0.10139752924442291,0.9910269379615784,0.8811643719673157
YJR006W,YCR097WB,0,-0.99922407,0.10138718783855438,0.9910269379615784,0.8812643885612488
YBL005W-B,YLR359W,0,-0.99947965,0.10137684643268585,0.9910269379615784,0.8813644051551819
YOL108C,YER104W,0,-1.0001816,0.10136651247739792,0.9910269379615784,0.881464421749115
YEL012W,YBR111W-A,0,-1.0011814,0.10135617107152939,0.9910269379615784,0.8815644979476929
YPR137C-A,YLR047C,0,-1.00122,0.10134583711624146,0.9910269379615784,0.881664514541626
YDL074C,YOL136C,0,-1.002641,0.10133551061153412,0.9910269379615784,0.8817645311355591
YDR144C,YPL082C,0,-1.0028971,0.10132517665624619,0.9910269379615784,0.8818645477294922
YBR075W,YOR232W,0,-1.0034755,0.10131485015153885,0.9910269379615784,0.8819645643234253
YOR209C,YFL001W,0,-1.0041336,0.10130452364683151,0.9910269379615784,0.8820646405220032
YPR194C,YNL107W,0,-1.0041939,0.10129420459270477,0.9910269379615784,0.8821646571159363
YNL172W,YGL060W,0,-1.0043532,0.10128387808799744,0.9910269379615784,0.8822646737098694
YGR036C,YPL119C,0,-1.0046751,0.1012735590338707,0.9910269379615784,0.8823646903038025
YER098W,YDL197C,0,-1.006073,0.10126323997974396,0.9910269379615784,0.8824647665023804
YGR177C,YLR164W,0,-1.0060884,0.10125292837619781,0.9910269379615784,0.8825647830963135
YLR103C,YGL046W,0,-1.0061077,0.10124261677265167,0.9910269379615784,0.8826647996902466
YBL041W,YLR256W-A,0,-1.0063558,0.10123230516910553,0.9910269379615784,0.8827648162841797
YOR327C,YGL113W,0,-1.006492,0.10122199356555939,0.9910269379615784,0.8828648328781128
YPR158C-C,YMR034C,0,-1.0065765,0.10121168941259384,0.9910269379615784,0.8829649090766907
YGR239C,YOR351C,0,-1.0066004,0.1012013852596283,0.9910269379615784,0.8830649256706238
YPL252C,YCR002C,0,-1.0070565,0.10119108110666275,0.9910269379615784,0.8831649422645569
YGL062W,YLR154W-A,0,-1.0072399,0.1011807844042778,0.9910269379615784,0.88326495885849
YPR002W,YLR154W-A,0,-1.007474,0.10117048025131226,0.9910269379615784,0.8833650350570679
YBR075W,YBR042C,0,-1.0077591,0.10116018354892731,0.9910269379615784,0.883465051651001
YOR142W-A,YLR251W,0,-1.0094229,0.10114989429712296,0.9910269379615784,0.8835650682449341
YCL004W,YDR364C,0,-1.0105709,0.101139597594738,0.9910269379615784,0.8836650848388672
YJL141C,YMR046C,0,-1.0108205,0.10112930834293365,0.9910269379615784,0.8837651014328003
YOR084W,YOR393W,0,-1.0126956,0.1011190265417099,0.9910269379615784,0.8838651776313782
YOR343W-B,YMR270C,0,-1.0129001,0.10110873728990555,0.9910269379615784,0.8839651942253113
YOR071C,YLR154W-A,0,-1.013651,0.1010984554886818,0.9910269379615784,0.8840652108192444
YDL054C,YML039W,0,-1.0136557,0.10108817368745804,0.9910269379615784,0.8841652274131775
YLR410W-B,YJR053W,0,-1.013748,0.10107789188623428,0.9910269379615784,0.8842653036117554
YER137C-A,YPL098C,0,-1.015699,0.10106761753559113,0.9910269379615784,0.8843653202056885
YIL128W,YKR035W-A,0,-1.0157661,0.10105734318494797,0.9910269379615784,0.8844653367996216
YBL005W-B,YOR142W-A,0,-1.016232,0.10104706883430481,0.9910269379615784,0.8845653533935547
YIL061C,YLR130C,0,-1.0162551,0.10103679448366165,0.9910269379615784,0.8846653699874878
YOR138C,YHR077C,0,-1.0163358,0.10102652758359909,0.9910269379615784,0.8847654461860657
YJR028W,YCR011C,0,-1.0166265,0.10101626068353653,0.9910269379615784,0.8848654627799988
YPL042C,YPL257W-B,0,-1.016875,0.10100599378347397,0.9910269379615784,0.8849654793739319
YML056C,YDR109C,0,-1.0177234,0.100995734333992,0.9910269379615784,0.885065495967865
YNR018W,YDL040C,0,-1.0184181,0.10098547488451004,0.9910269379615784,0.8851655721664429
YGL112C,YIL140W,0,-1.0191505,0.10097521543502808,0.9910269379615784,0.885265588760376
YOR142W-B,YDR138W,0,-1.0192088,0.10096495598554611,0.9910269379615784,0.8853656053543091
YER185W,YBR294W,0,-1.0204886,0.10095470398664474,0.9910269379615784,0.8854656219482422
YOR287C,YDR210C-C,0,-1.0208156,0.10094445198774338,0.9910269379615784,0.8855656981468201
YDR378C,YOL124C,0,-1.0216434,0.10093419998884201,0.9910269379615784,0.8856657147407532
YLR227W-B,YDR281C,0,-1.0222287,0.10092394798994064,0.9910269379615784,0.8857657313346863
YDR261W-A,YDR226W,0,-1.0225754,0.10091370344161987,0.9910269379615784,0.8858657479286194
YNL236W,YBL028C,0,-1.022979,0.1009034588932991,0.9910269379615784,0.8859657645225525
YJL194W,YDR138W,0,-1.023757,0.10089322179555893,0.9910269379615784,0.8860658407211304
YML032C,YOR353C,0,-1.0241833,0.10088297724723816,0.9910269379615784,0.8861658573150635
YJL187C,YMR268W-A,0,-1.0252331,0.10087274014949799,0.9910269379615784,0.8862658739089966
YGR161W-B,YNR015W,0,-1.0263196,0.10086250305175781,0.9910269379615784,0.8863658905029297
YLR300W,YBR145W,0,-1.0263318,0.10085227340459824,0.9910269379615784,0.8864659667015076
YDR210C-C,YNR013C,0,-1.0273082,0.10084204375743866,0.9910269379615784,0.8865659832954407
YML030W,YOL004W,0,-1.0275775,0.10083181411027908,0.9910269379615784,0.8866659998893738
YNL178W,YMR210W,0,-1.0295197,0.1008215844631195,0.9910269379615784,0.8867660164833069
YGR078C,YEL030W,1,-1.0298917,0.10091277956962585,0.9920239448547363,0.8867660164833069
YPR137C-A,YNL050C,0,-1.030556,0.10090254247188568,0.9920239448547363,0.88686603307724
YNL192W,YGL113W,0,-1.0315022,0.1008923128247261,0.9920239448547363,0.8869661092758179
YDL054C,YIL021W,0,-1.0328685,0.10088208317756653,0.9920239448547363,0.887066125869751
YOR142W-B,YDR498C,0,-1.032937,0.10087186098098755,0.9920239448547363,0.8871661424636841
YGL186C,YOR180C,0,-1.0346456,0.10086163133382797,0.9920239448547363,0.8872661590576172
YDR079W,YNL121C,0,-1.0354708,0.10085140913724899,0.9920239448547363,0.8873662352561951
YOR349W,YGL046W,0,-1.0355661,0.10084118694067001,0.9920239448547363,0.8874662518501282
YGR113W,YBR075W,0,-1.0355761,0.10083097219467163,0.9920239448547363,0.8875662684440613
YPR137C-A,YPR158C-C,0,-1.0381784,0.10082074999809265,0.9920239448547363,0.8876662850379944
YBR196C,YDR261C-D,0,-1.0386081,0.10081053525209427,0.9920239448547363,0.8877663016319275
YPL257W-B,YLL040C,0,-1.0396562,0.10080032050609589,0.9920239448547363,0.8878663778305054
YKL126W,YDR261W-A,0,-1.0407295,0.1007901132106781,0.9920239448547363,0.8879663944244385
YKL171W,YFL035C,0,-1.0416814,0.10077990591526031,0.9920239448547363,0.8880664110183716
YPL276W,YOL107W,0,-1.0417917,0.10076969861984253,0.9920239448547363,0.8881664276123047
YFR045W,YLR329W,0,-1.0440505,0.10075949132442474,0.9920239448547363,0.8882665038108826
YGL237C,YOL090W,0,-1.0442688,0.10074929147958755,0.9920239448547363,0.8883665204048157
YGL068W,YJR028W,0,-1.0445335,0.10073909163475037,0.9920239448547363,0.8884665369987488
YPL078C,YKR044W,0,-1.0454733,0.10072889178991318,0.9920239448547363,0.8885665535926819
YNL298W,YJR063W,0,-1.0463171,0.10071869939565659,0.9920239448547363,0.888666570186615
YDR067C,YOR275C,0,-1.0483067,0.1007084995508194,0.9920239448547363,0.8887666463851929
YOR377W,YOL004W,0,-1.0492821,0.1006983071565628,0.9920239448547363,0.888866662979126
YHR214C-B,YGR169C,0,-1.0507413,0.10068812221288681,0.9920239448547363,0.8889666795730591
YDR451C,YOL062C,0,-1.051588,0.10067792981863022,0.9920239448547363,0.8890666961669922
YDL202W,YLR009W,0,-1.0545056,0.10066774487495422,0.9920239448547363,0.8891667723655701
YNR028W,YLR088W,0,-1.0551018,0.10065755993127823,0.9920239448547363,0.8892667889595032
YLR440C,YGR255C,0,-1.055505,0.10064738243818283,0.9920239448547363,0.8893668055534363
YBR006W,YJR103W,0,-1.0557587,0.10063719749450684,0.9920239448547363,0.8894668221473694
YPL180W,YPL050C,0,-1.0559908,0.10062702000141144,0.9920239448547363,0.8895668983459473
YGR012W,YLL027W,0,-1.056485,0.10061684995889664,0.9920239448547363,0.8896669149398804
YNL236W,YDR498C,0,-1.057482,0.10060667246580124,0.9920239448547363,0.8897669315338135
YLR410W-A,YLR026C,0,-1.0575576,0.10059650242328644,0.9920239448547363,0.8898669481277466
YOR187W,YGL190C,0,-1.0583296,0.10058633238077164,0.9920239448547363,0.8899669647216797
YDR405W,YPL276W,0,-1.058394,0.10057616233825684,0.9920239448547363,0.8900670409202576
YNL267W,YOL107W,0,-1.0588197,0.10056599974632263,0.9920239448547363,0.8901670575141907
YML030W,YKL186C,0,-1.0592767,0.10055583715438843,0.9920239448547363,0.8902670741081238
YOR209C,YKR026C,0,-1.0598044,0.10054567456245422,0.9920239448547363,0.8903670907020569
YMR169C,YGR161W-B,0,-1.0598698,0.10053551942110062,0.9920239448547363,0.8904671669006348
YMR019W,YOR142W-A,0,-1.060224,0.10052535682916641,0.9920239448547363,0.8905671834945679
YML052W,YBR061C,0,-1.0605315,0.1005152016878128,0.9920239448547363,0.890667200088501
YPR137C-A,YMR179W,0,-1.0605782,0.1005050539970398,0.9920239448547363,0.8907672166824341
YFR045W,YLR160C,0,-1.0608239,0.10049489885568619,0.9920239448547363,0.8908672332763672
YDR131C,YJL081C,0,-1.0612031,0.10048475116491318,0.9920239448547363,0.8909673094749451
YPL119C,YMR213W,0,-1.061454,0.10047460347414017,0.9920239448547363,0.8910673260688782
YOR216C,YER137C-A,0,-1.0614622,0.10046445578336716,0.9920239448547363,0.8911673426628113
YJR004C,YOL054W,0,-1.0617778,0.10045431554317474,0.9920239448547363,0.8912673592567444
YJL114W,YBR275C,0,-1.0621686,0.10044417530298233,0.9920239448547363,0.8913674354553223
YDR210C-C,YOR338W,0,-1.0623121,0.10043403506278992,0.9920239448547363,0.8914674520492554
YMR284W,YNL273W,0,-1.0633914,0.1004239022731781,0.9920239448547363,0.8915674686431885
YKL119C,YNR035C,0,-1.064028,0.10041376203298569,0.9920239448547363,0.8916674852371216
YDL246C,YIL177C,0,-1.0644403,0.10040362924337387,0.9920239448547363,0.8917675018310547
YCL074W,YIL061C,0,-1.0646126,0.10039350390434265,0.9920239448547363,0.8918675780296326
YIL017W,YER171W,0,-1.0650996,0.10038337111473083,0.9920239448547363,0.8919675946235657
YMR301C,YDR261W-A,0,-1.0654061,0.10037324577569962,0.9920239448547363,0.8920676112174988
YDL028C,YJL071W,0,-1.0667775,0.1003631204366684,0.9920239448547363,0.8921676278114319
YJL005W,YGR095C,0,-1.0672022,0.10035300254821777,0.9920239448547363,0.8922677040100098
YPR191W,YNL297C,0,-1.0678228,0.10034287720918655,0.9920239448547363,0.8923677206039429
YLL003W,YMR308C,0,-1.068033,0.10033275932073593,0.9920239448547363,0.892467737197876
YLR391W-A,YKR035W-A,0,-1.068167,0.1003226488828659,0.9920239448547363,0.8925677537918091
YKL203C,YGL203C,0,-1.0684985,0.10031253099441528,0.9920239448547363,0.892667829990387
YER013W,YMR295C,0,-1.0696985,0.10030242055654526,0.9920239448547363,0.8927678465843201
YOL026C,YMR075W,0,-1.0704737,0.10029231011867523,0.9920239448547363,0.8928678631782532
YBR125C,YAL031C,0,-1.0705714,0.1002821996808052,0.9920239448547363,0.8929678797721863
YLR182W,YDL111C,0,-1.0710977,0.10027209669351578,0.9920239448547363,0.8930678963661194
YFL057C,YCR080W,0,-1.0717276,0.10026199370622635,0.9920239448547363,0.8931679725646973
YNL138W-A,YLR389C,0,-1.0727932,0.10025189071893692,0.9920239448547363,0.8932679891586304
YGL046W,YGL030W,0,-1.0732245,0.10024178773164749,0.9920239448547363,0.8933680057525635
YLR321C,YML080W,0,-1.0737629,0.10023169219493866,0.9920239448547363,0.8934680223464966
YNR021W,YBR037C,0,-1.073894,0.10022159665822983,0.9920239448547363,0.8935680985450745
YFL002W-B,YPL112C,0,-1.0741351,0.100211501121521,0.9920239448547363,0.8936681151390076
YLR228C,YLR033W,0,-1.0743897,0.10020141303539276,0.9920239448547363,0.8937681317329407
YJL087C,YLR145W,0,-1.0752218,0.10019131749868393,0.9920239448547363,0.8938681483268738
YOL103W-B,YKL003C,0,-1.0755597,0.1001812294125557,0.9920239448547363,0.8939681649208069
YOR212W,YBR093C,0,-1.0759662,0.10017114877700806,0.9920239448547363,0.8940682411193848
YML036W,YJR053W,0,-1.0766032,0.10016106069087982,0.9920239448547363,0.8941682577133179
YCL024W,YGR070W,0,-1.0770158,0.10015098005533218,0.9920239448547363,0.894268274307251
YDR196C,YBR075W,0,-1.0779781,0.10014089941978455,0.9920239448547363,0.8943682909011841
YOR237W,YJL081C,0,-1.0780212,0.1001308262348175,0.9920239448547363,0.894468367099762
YOR378W,YLR219W,0,-1.0782763,0.10012074559926987,0.9920239448547363,0.8945683836936951
YOR206W,YDR210C-C,0,-1.0791936,0.10011067241430283,0.9920239448547363,0.8946684002876282
YJR092W,YCL024W,0,-1.0806553,0.10010060667991638,0.9920239448547363,0.8947684168815613
YIL088C,YDR389W,0,-1.0810269,0.10009053349494934,0.9920239448547363,0.8948684334754944
YMR087W,YKR006C,0,-1.0817627,0.1000804677605629,0.9920239448547363,0.8949685096740723
YLR024C,YJR063W,0,-1.0819191,0.10007040202617645,0.9920239448547363,0.8950685262680054
YPR204W,YNL095C,0,-1.0819554,0.10006033629179001,0.9920239448547363,0.8951685428619385
YPR137C-A,YNL095C,0,-1.0824312,0.10005027800798416,0.9920239448547363,0.8952685594558716
YGR036C,YPL113C,0,-1.0824531,0.10004021972417831,0.9920239448547363,0.8953686356544495
YOR283W,YDR210C-C,0,-1.0829694,0.10003016144037247,0.9920239448547363,0.8954686522483826
YOR142W-A,YAR035W,0,-1.0830721,0.10002010315656662,0.9920239448547363,0.8955686688423157
YGR089W,YPL065W,0,-1.083245,0.10001005232334137,0.9920239448547363,0.8956686854362488
YLR301W,YDR261W-A,0,-1.0837153,0.10000000149011612,0.9920239448547363,0.8957687020301819
YGR199W,YLL061W,0,-1.0839311,0.09998995065689087,0.9920239448547363,0.8958687782287598
YOR168W,YLR389C,0,-1.0854077,0.09997989982366562,0.9920239448547363,0.8959687948226929
YOL045W,YDR090C,0,-1.0854812,0.09996985644102097,0.9920239448547363,0.896068811416626
YGR109W-B,YMR270C,0,-1.0878148,0.09995981305837631,0.9920239448547363,0.8961688280105591
YPR196W,YGR155W,0,-1.0882114,0.09994977712631226,0.9920239448547363,0.896268904209137
YFR036W,YGR027C,0,-1.0889828,0.0999397337436676,0.9920239448547363,0.8963689208030701
YDR451C,YMR267W,0,-1.089624,0.09992969781160355,0.9920239448547363,0.8964689373970032
YLR391W-A,YOL028C,0,-1.0899725,0.09991966187953949,0.9920239448547363,0.8965689539909363
YLL002W,YJL144W,0,-1.0922959,0.09990962594747543,0.9920239448547363,0.8966690301895142
YLL008W,YNL016W,0,-1.0923598,0.09989959746599197,0.9920239448547363,0.8967690467834473
YER138C,YPL027W,0,-1.0930334,0.09988956898450851,0.9920239448547363,0.8968690633773804
YLR410W-A,YOR313C,0,-1.0930781,0.09987954050302505,0.9920239448547363,0.8969690799713135
YLR410W-B,YLR270W,0,-1.0930781,0.09986951947212219,0.9920239448547363,0.8970690965652466
YJR138W,YOR304W,0,-1.0935223,0.09985949099063873,0.9920239448547363,0.8971691727638245
YDL246C,YOR215C,0,-1.0954134,0.09984946995973587,0.9920239448547363,0.8972691893577576
YNL232W,YPR190C,0,-1.0954585,0.0998394563794136,0.9920239448547363,0.8973692059516907
YPR127W,YOR008C,0,-1.0958867,0.09982943534851074,0.9920239448547363,0.8974692225456238
YCL018W,YKL205W,0,-1.0962598,0.09981942176818848,0.9920239448547363,0.8975692987442017
YDL133C-A,YGL010W,0,-1.0963898,0.09980940818786621,0.9920239448547363,0.8976693153381348
YNL050C,YDR444W,0,-1.0970683,0.09979939460754395,0.9920239448547363,0.8977693319320679
YNR004W,YGL212W,0,-1.0976442,0.09978938847780228,0.9920239448547363,0.897869348526001
YGL241W,YER104W,0,-1.0980141,0.09977938234806061,0.9920239448547363,0.8979693651199341
YBR275C,YER138C,0,-1.0982252,0.09976937621831894,0.9920239448547363,0.898069441318512
YLR410W-B,YGR271W,0,-1.0988532,0.09975937753915787,0.9920239448547363,0.8981694579124451
YPR137C-A,YER013W,0,-1.0991277,0.0997493714094162,0.9920239448547363,0.8982694745063782
YOR283W,YBL034C,0,-1.1003321,0.09973937273025513,0.9920239448547363,0.8983694911003113
YHR077C,YMR268W-A,0,-1.1003484,0.09972937405109406,0.9920239448547363,0.8984695672988892
YKL082C,YBR187W,0,-1.1006482,0.09971938282251358,0.9920239448547363,0.8985695838928223
YOL103W-B,YML056C,0,-1.1009392,0.0997093915939331,0.9920239448547363,0.8986696004867554
YNL122C,YGR072W,0,-1.1020921,0.09969940036535263,0.9920239448547363,0.8987696170806885
YHR041C,YKL061W,0,-1.1035882,0.09968940913677216,0.9920239448547363,0.8988696336746216
YIL108W,YER138C,0,-1.1039251,0.09967942535877228,0.9920239448547363,0.8989697098731995
YCL074W,YMR112C,0,-1.1044905,0.0996694415807724,0.9920239448547363,0.8990697264671326
YOR291W,YDR371W,0,-1.1048052,0.09965945780277252,0.9920239448547363,0.8991697430610657
YKL200C,YLR151C,0,-1.1049426,0.09964947402477264,0.9920239448547363,0.8992697596549988
YPR011C,YBL098W,0,-1.1050938,0.09963949769735336,0.9920239448547363,0.8993698358535767
YOR304W,YGL094C,0,-1.1057256,0.09962952136993408,0.9920239448547363,0.8994698524475098
YPR158C-C,YCL057W,0,-1.1067619,0.0996195450425148,0.9920239448547363,0.8995698690414429
YCL003W,YLR164W,0,-1.1067908,0.09960956871509552,0.9920239448547363,0.899669885635376
YFL002W-B,YNL016W,0,-1.1071373,0.09959959983825684,0.9920239448547363,0.8997699022293091
YOR142W-B,YGL026C,0,-1.1075538,0.09958963096141815,0.9920239448547363,0.899869978427887
YDR499W,YDR211W,0,-1.1075628,0.09957966208457947,0.9920239448547363,0.8999699950218201
YGR167W,YML109W,0,-1.1078693,0.09956970065832138,0.9920239448547363,0.9000700116157532
YFL057C,YBR075W,0,-1.1079193,0.0995597392320633,0.9920239448547363,0.9001700282096863
YMR114C,YPL050C,0,-1.1081825,0.0995497778058052,0.9920239448547363,0.9002701044082642
YFL002W-B,YJL149W,0,-1.1088704,0.09953981637954712,0.9920239448547363,0.9003701210021973
YDR527W,YMR272C,0,-1.1093009,0.09952986240386963,0.9920239448547363,0.9004701375961304
YLR410W-B,YAL017W,0,-1.1094044,0.09951990097761154,0.9920239448547363,0.9005701541900635
YNL232W,YPL257W-B,0,-1.1107016,0.09950995445251465,0.9920239448547363,0.9006702303886414
YFL066C,YIR032C,0,-1.1108094,0.09950000047683716,0.9920239448547363,0.9007702469825745
YAL038W,YCR097WB,0,-1.1109842,0.09949005395174026,0.9920239448547363,0.9008702635765076
YJR140C,YLR088W,0,-1.1111137,0.09948010742664337,0.9920239448547363,0.9009702801704407
YOL103W-B,YER019C-A,0,-1.1112196,0.09947016090154648,0.9920239448547363,0.9010702967643738
YAL038W,YDR262W,0,-1.1112986,0.09946021437644958,0.9920239448547363,0.9011703729629517
YLR020C,YEL030W,0,-1.1121902,0.09945027530193329,0.9920239448547363,0.9012703895568848
YHR066W,YGR246C,0,-1.1122087,0.09944033622741699,0.9920239448547363,0.9013704061508179
YJL024C,YML039W,0,-1.1122723,0.0994303971529007,0.9920239448547363,0.901470422744751
YJR010W,YKL201C,0,-1.113744,0.099420465528965,0.9920239448547363,0.9015704989433289
YLR157C,YIL061C,0,-1.1137999,0.0994105339050293,0.9920239448547363,0.901670515537262
YBR111W-A,YDL225W,0,-1.1144224,0.0994006022810936,0.9920239448547363,0.9017705321311951
YBR111W-A,YGL071W,0,-1.1145167,0.0993906706571579,0.9920239448547363,0.9018705487251282
YLR410W-B,YJL124C,0,-1.1148444,0.0993807464838028,0.9920239448547363,0.9019705653190613
YPL099C,YLR227W-B,0,-1.1148444,0.0993708148598671,0.9920239448547363,0.9020706415176392
YHR214C-B,YNR021W,0,-1.115201,0.09936089813709259,0.9920239448547363,0.9021706581115723
YGR167W,YAL029C,0,-1.1152456,0.09935097396373749,0.9920239448547363,0.9022706747055054
YNL304W,YLR033W,0,-1.1153631,0.09934105724096298,0.9920239448547363,0.9023706912994385
YLR410W-A,YGL174W,0,-1.1155715,0.09933114051818848,0.9920239448547363,0.9024707674980164
YDL029W,YHR077C,0,-1.1159182,0.09932122379541397,0.9920239448547363,0.9025707840919495
YNL282W,YLL012W,0,-1.1159403,0.09931130707263947,0.9920239448547363,0.9026708006858826
YPR011C,YCL014W,0,-1.1166239,0.09930139780044556,0.9920239448547363,0.9027708172798157
YKL013C,YBR095C,0,-1.1166972,0.09929148852825165,0.9920239448547363,0.9028708338737488
YHR061C,YMR203W,0,-1.1177256,0.09928157925605774,0.9920239448547363,0.9029709100723267
YGL050W,YKR044W,0,-1.1178935,0.09927167743444443,0.9920239448547363,0.9030709266662598
YJR092W,YBL079W,0,-1.1181861,0.09926176816225052,0.9920239448547363,0.9031709432601929
YJR119C,YJR005W,0,-1.1185415,0.0992518737912178,0.9920239448547363,0.903270959854126
YDL121C,YBR187W,0,-1.1195285,0.09924197196960449,0.9920239448547363,0.9033710360527039
YIL083C,YNL335W,0,-1.1195974,0.09923207014799118,0.9920239448547363,0.903471052646637
YPR158C-C,YCR052W,0,-1.1197169,0.09922217577695847,0.9920239448547363,0.9035710692405701
YGR109W-B,YMR173W,0,-1.1197523,0.09921228140592575,0.9920239448547363,0.9036710858345032
YPL252C,YIL177C,0,-1.1201929,0.09920239448547363,0.9920239448547363,0.9037711024284363
YDL054C,YLR050C,0,-1.1224535,0.09919250011444092,0.9920239448547363,0.9038711786270142
YKL174C,YNL309W,0,-1.1230595,0.0991826131939888,0.9920239448547363,0.9039711952209473
YDR210C-C,YPR135W,0,-1.1231871,0.09917272627353668,0.9920239448547363,0.9040712118148804
YDR261C-D,YLR309C,0,-1.1245565,0.09916284680366516,0.9920239448547363,0.9041712284088135
YLR295C,YPL082C,0,-1.1248333,0.09915296733379364,0.9920239448547363,0.9042713046073914
YGR161W-B,YLR026C,0,-1.1248972,0.09914308786392212,0.9920239448547363,0.9043713212013245
YNL073W,YOR209C,0,-1.1251924,0.0991332083940506,0.9920239448547363,0.9044713377952576
YOL103W-B,YJL060W,0,-1.1259358,0.09912332892417908,0.9920239448547363,0.9045713543891907
YPL244C,YBL079W,0,-1.1259441,0.09911345690488815,0.9920239448547363,0.9046714305877686
YMR241W,YKL172W,0,-1.1260988,0.09910358488559723,0.9920239448547363,0.9047714471817017
YBL113C,YDR416W,0,-1.1261194,0.0990937128663063,0.9920239448547363,0.9048714637756348
YJR149W,YBR281C,0,-1.1264561,0.09908384829759598,0.9920239448547363,0.9049714803695679
YPR001W,YLR410W-A,0,-1.1266046,0.09907398372888565,0.9920239448547363,0.905071496963501
YGR180C,YLR321C,0,-1.1278673,0.09906411916017532,0.9920239448547363,0.9051715731620789
YOL103W-B,YDR263C,0,-1.1283133,0.099054254591465,0.9920239448547363,0.905271589756012
YNL084C,YNL309W,0,-1.1285677,0.09904439747333527,0.9920239448547363,0.9053716063499451
YKR055W,YJL128C,0,-1.1306045,0.09903454035520554,0.9920239448547363,0.9054716229438782
YPR137C-A,YBR067C,0,-1.1311188,0.0990246832370758,0.9920239448547363,0.905571699142456
YJR149W,YGR246C,0,-1.1314907,0.09901482611894608,0.9920239448547363,0.9056717157363892
YKR103W,YFL002W-B,0,-1.1324108,0.09900497645139694,0.9920239448547363,0.9057717323303223
YNL273W,YCR087C-A,0,-1.1326897,0.09899512678384781,0.9920239448547363,0.9058717489242554
YNL107W,YBR061C,0,-1.1327994,0.09898527711629868,0.9920239448547363,0.9059717655181885
YOL086C,YFL002W-B,0,-1.132927,0.09897542744874954,0.9920239448547363,0.9060718417167664
YMR117C,YER138C,0,-1.1347713,0.098965585231781,0.9920239448547363,0.9061718583106995
YPR091C,YGR185C,0,-1.137011,0.09895574301481247,0.9920239448547363,0.9062718749046326
YGR252W,YBR061C,0,-1.1370952,0.09894590079784393,0.9920239448547363,0.9063718914985657
YEL069C,YCR060W,0,-1.1377077,0.098936066031456,0.9920239448547363,0.9064719676971436
YGL026C,YMR268W-A,0,-1.1381254,0.09892623126506805,0.9920239448547363,0.9065719842910767
YOR142W-A,YOR219C,0,-1.138475,0.09891639649868011,0.9920239448547363,0.9066720008850098
YOL103W-B,YMR229C,0,-1.1387383,0.09890656173229218,0.9920239448547363,0.9067720174789429
YDR210C-C,YCR011C,0,-1.1401821,0.09889672696590424,0.9920239448547363,0.906872034072876
YNL010W,YDR109C,0,-1.1403418,0.0988868996500969,0.9920239448547363,0.9069721102714539
YPR080W,YKL182W,0,-1.1406188,0.09887707233428955,0.9920239448547363,0.907072126865387
YNL223W,YJL192C,0,-1.1422973,0.0988672524690628,0.9920239448547363,0.9071721434593201
YIL080W,YKL003C,0,-1.1424241,0.09885742515325546,0.9920239448547363,0.9072721600532532
YMR049C,YNR031C,0,-1.1424751,0.09884760528802872,0.9920239448547363,0.907372236251831
YJL225C,YLR410W-B,0,-1.1429093,0.09883778542280197,0.9920239448547363,0.9074722528457642
YOR099W,YLR278C,0,-1.1443064,0.09882797300815582,0.9920239448547363,0.9075722694396973
YDR210C-C,YPR159W,0,-1.1445663,0.09881815314292908,0.9920239448547363,0.9076722860336304
YER138C,YJR005W,0,-1.1447042,0.09880834072828293,0.9920239448547363,0.9077723026275635
YCR052W,YDL148C,0,-1.1448424,0.09879852831363678,0.9920239448547363,0.9078723788261414
YIL132C,YOR294W,0,-1.1450133,0.09878872334957123,0.9920239448547363,0.9079723954200745
YMR227C,YGL169W,0,-1.1458472,0.09877891093492508,0.9920239448547363,0.9080724120140076
YGL172W,YLL017W,0,-1.1461773,0.09876910597085953,0.9920239448547363,0.9081724286079407
YDL059C,YMR046C,0,-1.1464851,0.09875930845737457,0.9920239448547363,0.9082725048065186
YPR137C-A,YLR325C,0,-1.147309,0.09874950349330902,0.9920239448547363,0.9083725214004517
YNL232W,YOR098C,0,-1.1485207,0.09873970597982407,0.9920239448547363,0.9084725379943848
YOR168W,YDR261W-A,0,-1.1489801,0.09872990846633911,0.9920239448547363,0.9085725545883179
YNL050C,YPL183W-A,0,-1.1492743,0.09872011095285416,0.9920239448547363,0.9086726307868958
YNL095C,YCR011C,0,-1.1492866,0.0987103208899498,0.9920239448547363,0.9087726473808289
YER098W,YPL259C,0,-1.1502774,0.09870052337646484,0.9920239448547363,0.908872663974762
YGR132C,YPL064C,1,-1.1508145,0.09878992289304733,0.9930209517478943,0.908872663974762
YHR059W,YHR119W,0,-1.1509666,0.09878012537956238,0.9930209517478943,0.9089726805686951
YJR028W,YLL012W,0,-1.1523027,0.09877032786607742,0.9930209517478943,0.9090726971626282
YJL053W,YDR281C,0,-1.1524578,0.09876053780317307,0.9930209517478943,0.909172773361206
YGR056W,YGL050W,0,-1.155307,0.09875074028968811,0.9930209517478943,0.9092727899551392
YJR078W,YHR004C,0,-1.1565821,0.09874095022678375,0.9930209517478943,0.9093728065490723
YLR301W,YBR074W,0,-1.1566033,0.09873116761445999,0.9930209517478943,0.9094728231430054
YML030W,YLR256W-A,0,-1.1570576,0.09872137755155563,0.9930209517478943,0.9095728993415833
YDR082W,YPL244C,0,-1.1575472,0.09871159493923187,0.9930209517478943,0.9096729159355164
YLR305C,YOR310C,0,-1.157712,0.09870181232690811,0.9930209517478943,0.9097729325294495
YDR416W,YDR364C,0,-1.1579978,0.09869202971458435,0.9930209517478943,0.9098729491233826
YDL107W,YHR004C,0,-1.1583443,0.09868225455284119,0.9930209517478943,0.9099729657173157
YNL304W,YER137C,0,-1.1598248,0.09867247939109802,0.9930209517478943,0.9100730419158936
YJR138W,YMR038C,0,-1.1600078,0.09866270422935486,0.9930209517478943,0.9101730585098267
YNL172W,YKL174C,0,-1.1601195,0.0986529290676117,0.9930209517478943,0.9102730751037598
YBL005W-B,YNL335W,0,-1.1605322,0.09864316135644913,0.9930209517478943,0.9103730916976929
YPR158C-C,YML112W,0,-1.1606568,0.09863339364528656,0.9930209517478943,0.9104731678962708
YCR080W,YHR039C-A,0,-1.1612656,0.09862362593412399,0.9930209517478943,0.9105731844902039
YGR031C-A,YDL077C,0,-1.1613615,0.09861385822296143,0.9930209517478943,0.910673201084137
YKR002W,YHR119W,0,-1.161365,0.09860409796237946,0.9930209517478943,0.9107732176780701
YPR158C-C,YDL215C,0,-1.161845,0.09859433770179749,0.9930209517478943,0.9108732342720032
YDR245W,YJR028W,0,-1.162159,0.09858457744121552,0.9930209517478943,0.910973310470581
YBR020W,YLR391W-A,0,-1.1625896,0.09857482463121414,0.9930209517478943,0.9110733270645142
YBR274W,YDL215C,0,-1.16281,0.09856506437063217,0.9930209517478943,0.9111733436584473
YOR291W,YPR158C-C,0,-1.1629641,0.0985553115606308,0.9930209517478943,0.9112733602523804
YOR304C-A,YKL038W,0,-1.1631687,0.09854556620121002,0.9930209517478943,0.9113734364509583
YOR142W-B,YEL022W,0,-1.1636229,0.09853581339120865,0.9930209517478943,0.9114734530448914
YMR227C,YFL001W,0,-1.1636715,0.09852606803178787,0.9930209517478943,0.9115734696388245
YPL002C,YJL012C-A,0,-1.1661968,0.0985163226723671,0.9930209517478943,0.9116734862327576
YJR005W,YMR114C,0,-1.1666337,0.09850657731294632,0.9930209517478943,0.9117735028266907
YJL071W,YBL113C,0,-1.1666962,0.09849683195352554,0.9930209517478943,0.9118735790252686
YGR221C,YMR267W,0,-1.1680498,0.09848709404468536,0.9930209517478943,0.9119735956192017
YIL135C,YOL107W,0,-1.1697599,0.09847735613584518,0.9930209517478943,0.9120736122131348
YOR142W-A,YGR246C,0,-1.1699075,0.0984676256775856,0.9930209517478943,0.9121736288070679
YLR256W-A,YPL113C,0,-1.1701701,0.09845788776874542,0.9930209517478943,0.9122737050056458
YIL134W,YPR204W,0,-1.1705921,0.09844815731048584,0.9930209517478943,0.9123737215995789
YPR196W,YKL172W,0,-1.1720089,0.09843842685222626,0.9930209517478943,0.912473738193512
YKL126W,YDL179W,0,-1.1723144,0.09842869639396667,0.9930209517478943,0.9125737547874451
YPR137C-A,YGL220W,0,-1.1730444,0.09841897338628769,0.9930209517478943,0.912673830986023
YKR036C,YPL093W,0,-1.1730752,0.0984092503786087,0.9930209517478943,0.912773847579956
YGR109W-B,YHR059W,0,-1.174007,0.09839952737092972,0.9930209517478943,0.9128738641738892
YNL282W,YBR230C,0,-1.1742293,0.09838980436325073,0.9930209517478943,0.9129738807678223
YNL163C,YNL238W,0,-1.1746029,0.09838008880615234,0.9930209517478943,0.9130738973617554
YOL054W,YGL046W,0,-1.176101,0.09837037324905396,0.9930209517478943,0.9131739735603333
YER162C,YOL108C,0,-1.1764371,0.09836065769195557,0.9930209517478943,0.9132739901542664
YDL216C,YPL112C,0,-1.1766746,0.09835094213485718,0.9930209517478943,0.9133740067481995
YER150W,YER137C-A,0,-1.1788682,0.09834123402833939,0.9930209517478943,0.9134740233421326
YDR218C,YNL092W,0,-1.1792558,0.0983315259218216,0.9930209517478943,0.9135740995407104
YMR039C,YOR298W,0,-1.1793851,0.0983218178153038,0.9930209517478943,0.9136741161346436
YLR295C,YDL121C,0,-1.1794438,0.09831210970878601,0.9930209517478943,0.9137741327285767
YJR138W,YPL276W,0,-1.1800041,0.09830240905284882,0.9930209517478943,0.9138741493225098
YJR026W,YOR085W,0,-1.1804609,0.09829270839691162,0.9930209517478943,0.9139741659164429
YHR214C-B,YGR020C,0,-1.1807641,0.09828300774097443,0.9930209517478943,0.9140742421150208
YPR204W,YPR138C,0,-1.1811491,0.09827330708503723,0.9930209517478943,0.9141742587089539
YLL034C,YPL167C,0,-1.1813102,0.09826361387968063,0.9930209517478943,0.914274275302887
YBL085W,YBR093C,0,-1.1825773,0.09825392067432404,0.9930209517478943,0.9143742918968201
YDL061C,YLR410W-B,0,-1.1825991,0.09824422746896744,0.9930209517478943,0.914474368095398
YEL070W,YML039W,0,-1.1844959,0.09823454171419144,0.9930209517478943,0.914574384689331
YBR278W,YNL092W,0,-1.1850934,0.09822484850883484,0.9930209517478943,0.9146744012832642
YMR033W,YKR102W,0,-1.1863751,0.09821516275405884,0.9930209517478943,0.9147744178771973
YJL087C,YJL192C,0,-1.187056,0.09820548444986343,0.9930209517478943,0.9148744344711304
YHR209W,YLR160C,0,-1.187137,0.09819579869508743,0.9930209517478943,0.9149745106697083
YBR238C,YBL089W,0,-1.18762,0.09818612039089203,0.9930209517478943,0.9150745272636414
YGR199W,YPL183W-A,0,-1.1877992,0.09817644208669662,0.9930209517478943,0.9151745438575745
YKL090W,YNL219C,0,-1.1894363,0.09816676378250122,0.9930209517478943,0.9152745604515076
YNL282W,YOR239W,0,-1.1939924,0.09815709292888641,0.9930209517478943,0.9153746366500854
YGR161W-B,YBR222C,0,-1.1964731,0.09814741462469101,0.9930209517478943,0.9154746532440186
YJR031C,YLR213C,0,-1.1966195,0.0981377512216568,0.9930209517478943,0.9155746698379517
YOR142W-B,YLR227W-B,0,-1.1979308,0.09812808036804199,0.9930209517478943,0.9156746864318848
YLR329W,YJL144W,0,-1.1981332,0.09811840951442719,0.9930209517478943,0.9157747030258179
YLL029W,YDR285W,0,-1.1994884,0.09810874611139297,0.9930209517478943,0.9158747792243958
YPL276W,YMR065W,0,-1.2003462,0.09809908270835876,0.9930209517478943,0.9159747958183289
YOR274W,YHR069C,0,-1.2005187,0.09808941930532455,0.9930209517478943,0.916074812412262
YGL172W,YJR028W,0,-1.2010825,0.09807976335287094,0.9930209517478943,0.9161748290061951
YOR142W-B,YLR425W,0,-1.2024682,0.09807010740041733,0.9930209517478943,0.916274905204773
YDR261C-D,YJL085W,0,-1.2037177,0.09806045144796371,0.9930209517478943,0.916374921798706
YKL217W,YJL012C-A,0,-1.2052395,0.0980507954955101,0.9930209517478943,0.9164749383926392
YFL002W-B,YHR135C,0,-1.2059221,0.09804114699363708,0.9930209517478943,0.9165749549865723
YGR109W-B,YBR061C,0,-1.2070335,0.09803149849176407,0.9930209517478943,0.9166750311851501
YKL170W,YGR281W,0,-1.2075217,0.09802184998989105,0.9930209517478943,0.9167750477790833
YGR056W,YML080W,0,-1.2078531,0.09801220148801804,0.9930209517478943,0.9168750643730164
YKL189W,YDR140W,0,-1.2083083,0.09800256043672562,0.9930209517478943,0.9169750809669495
YDR499W,YER171W,0,-1.2085006,0.0979929193854332,0.9930209517478943,0.9170750975608826
YMR123W,YDL039C,0,-1.2088333,0.09798327833414078,0.9930209517478943,0.9171751737594604
YNL314W,YDR210C-C,0,-1.2089188,0.09797363728284836,0.9930209517478943,0.9172751903533936
YOR142W-A,YLL040C,0,-1.2098023,0.09796400368213654,0.9930209517478943,0.9173752069473267
YOR142W-A,YLR410W-A,0,-1.2100354,0.09795437008142471,0.9930209517478943,0.9174752235412598
YML112W,YCL060C,0,-1.210305,0.09794473648071289,0.9930209517478943,0.9175752997398376
YLR141W,YPR200C,0,-1.2111193,0.09793510288000107,0.9930209517478943,0.9176753163337708
YDL029W,YML039W,0,-1.2119718,0.09792547672986984,0.9930209517478943,0.9177753329277039
YMR182C,YBL091C-A,0,-1.2132028,0.09791585057973862,0.9930209517478943,0.917875349521637
YOR142W-B,YLR073C,0,-1.2148366,0.09790622442960739,0.9930209517478943,0.9179753661155701
YPR137C-A,YHL027W,0,-1.2151046,0.09789659827947617,0.9930209517478943,0.918075442314148
YKL170W,YOR142W-B,0,-1.2156417,0.09788697957992554,0.9930209517478943,0.918175458908081
YDR416W,YGL071W,0,-1.215873,0.09787736088037491,0.9930209517478943,0.9182754755020142
YPR111W,YDR306C,0,-1.217753,0.09786774218082428,0.9930209517478943,0.9183754920959473
YDR159W,YML039W,0,-1.2178864,0.09785812348127365,0.9930209517478943,0.9184755682945251
YJR092W,YLR301W,0,-1.2184584,0.09784851223230362,0.9930209517478943,0.9185755848884583
YOR142W-A,YJL029C,0,-1.2184856,0.09783890098333359,0.9930209517478943,0.9186756014823914
YCR080W,YJR031C,0,-1.2188731,0.09782928973436356,0.9930209517478943,0.9187756180763245
YBR195C,YKL174C,0,-1.2196336,0.09781967848539352,0.9930209517478943,0.9188756346702576
YDR310C,YLL043W,0,-1.2201538,0.09781007468700409,0.9930209517478943,0.9189757108688354
YOR071C,YDR261C-D,0,-1.2202514,0.09780047088861465,0.9930209517478943,0.9190757274627686
YKL061W,YDR403W,0,-1.2208908,0.09779086709022522,0.9930209517478943,0.9191757440567017
YER138C,YPL257W-B,0,-1.2226796,0.09778127074241638,0.9930209517478943,0.9192757606506348
YPR167C,YGL259W,0,-1.2238336,0.09777166694402695,0.9930209517478943,0.9193758368492126
YHR079C,YBR192W,0,-1.2242444,0.09776207059621811,0.9930209517478943,0.9194758534431458
YOR297C,YMR172W,0,-1.2245245,0.09775248169898987,0.9930209517478943,0.9195758700370789
YNL117W,YCL060C,0,-1.2255642,0.09774288535118103,0.9930209517478943,0.919675886631012
YPL257W-B,YHR079C,0,-1.2258286,0.09773329645395279,0.9930209517478943,0.9197759032249451
YLL003W,YDR444W,0,-1.2265432,0.09772370755672455,0.9930209517478943,0.919875979423523
YLR080W,YNL223W,0,-1.2277366,0.09771411865949631,0.9930209517478943,0.919975996017456
YJL144W,YOL111C,0,-1.2278774,0.09770452976226807,0.9930209517478943,0.9200760126113892
YER014C-A,YPR006C,0,-1.2284598,0.09769494831562042,0.9930209517478943,0.9201760292053223
YOL103W-B,YPL110C,0,-1.2288868,0.09768536686897278,0.9930209517478943,0.9202761054039001
YPR158C-C,YHR058C,0,-1.2301097,0.09767578542232513,0.9930209517478943,0.9203761219978333
YHR214C-B,YOL136C,0,-1.2302425,0.09766621142625809,0.9930209517478943,0.9204761385917664
YOL141W,YDL217C,0,-1.2303168,0.09765662997961044,0.9930209517478943,0.9205761551856995
YGR221C,YJR138W,0,-1.2308767,0.0976470559835434,0.9930209517478943,0.9206762313842773
YLL002W,YDR296W,0,-1.2313732,0.09763748943805695,0.9930209517478943,0.9207762479782104
YDR454C,YDR261C-D,0,-1.2321858,0.0976279154419899,0.9930209517478943,0.9208762645721436
YLR344W,YLR278C,0,-1.2328885,0.09761834889650345,0.9930209517478943,0.9209762811660767
YKR056W,YMR034C,0,-1.233449,0.097608782351017,0.9930209517478943,0.9210762977600098
YBL058W,YPL223C,0,-1.2341964,0.09759921580553055,0.9930209517478943,0.9211763739585876
YIL140W,YIL047C,0,-1.2342248,0.0975896567106247,0.9930209517478943,0.9212763905525208
YDR499W,YLR088W,0,-1.2342861,0.09758009016513824,0.9930209517478943,0.9213764071464539
YLL051C,YNR074C,0,-1.2347584,0.09757053107023239,0.9930209517478943,0.921476423740387
YCL060C,YLR145W,0,-1.2356727,0.09756097197532654,0.9930209517478943,0.9215764999389648
YER013W,YEL036C,0,-1.2357371,0.09755142033100128,0.9930209517478943,0.921676516532898
YGR010W,YPL096W,0,-1.235811,0.09754186868667603,0.9930209517478943,0.921776533126831
YPL257W-B,YNR028W,0,-1.2382996,0.09753231704235077,0.9930209517478943,0.9218765497207642
YLR295C,YFL011W-A,0,-1.2384989,0.09752276539802551,0.9930209517478943,0.9219765663146973
YJR107W,YGL019W,0,-1.2391415,0.09751321375370026,0.9930209517478943,0.9220766425132751
YLR200W,YCR070W,1,-1.2397777,0.09760156273841858,0.9940179586410522,0.9220766425132751
YHR214C-B,YLR213C,0,-1.2400424,0.09759201109409332,0.9940179586410522,0.9221766591072083
YGR285C,YEL030W,1,-1.2407637,0.09768033772706985,0.9950149655342102,0.9221766591072083
YJL034W,YMR200W,1,-1.2413044,0.0977686420083046,0.9960119724273682,0.9221766591072083
YNL102W,YHR214C-B,0,-1.242177,0.09775907546281815,0.9960119724273682,0.9222766757011414
YDL197C,YOR194C,0,-1.242572,0.0977495089173317,0.9960119724273682,0.9223766922950745
YIL132C,YOR340C,0,-1.2439339,0.09773994982242584,0.9960119724273682,0.9224767684936523
YLR390W,YOL028C,0,-1.2442412,0.09773038327693939,0.9960119724273682,0.9225767850875854
YPR159W,YOR085W,0,-1.2447319,0.09772082418203354,0.9960119724273682,0.9226768016815186
YLR197W,YER137C-A,0,-1.2454618,0.09771126508712769,0.9960119724273682,0.9227768182754517
YLR256W-A,YOR230W,0,-1.2456152,0.09770171344280243,0.9960119724273682,0.9228768348693848
YNL223W,YOL004W,0,-1.2460351,0.09769215434789658,0.9960119724273682,0.9229769110679626
YOR142W-A,YPR030W,0,-1.24823,0.09768260270357132,0.9960119724273682,0.9230769276618958
YDR167W,YLR227W-B,0,-1.2487088,0.09767305105924606,0.9960119724273682,0.9231769442558289
YPL134C,YLR141W,0,-1.2488828,0.0976635068655014,0.9960119724273682,0.923276960849762
YER150W,YOR142W-A,0,-1.2490029,0.09765395522117615,0.9960119724273682,0.9233770370483398
YLL002W,YDL074C,0,-1.2524854,0.09764441102743149,0.9960119724273682,0.923477053642273
YJL029C,YDR222W,0,-1.2526803,0.09763487428426743,0.9960119724273682,0.923577070236206
YDR245W,YLR391W,0,-1.2539252,0.09762533009052277,0.9960119724273682,0.9236770868301392
YBL112C,YCL004W,0,-1.2542512,0.0976157933473587,0.9960119724273682,0.9237771034240723
YFL038C,YIL083C,0,-1.2544435,0.09760625660419464,0.9960119724273682,0.9238771796226501
YPL257W-B,YKL003C,0,-1.2550393,0.09759671986103058,0.9960119724273682,0.9239771962165833
YKL064W,YOL004W,0,-1.2551837,0.09758718311786652,0.9960119724273682,0.9240772128105164
YDL121C,YOR148C,0,-1.2552049,0.09757765382528305,0.9960119724273682,0.9241772294044495
YKL171W,YNL239W,0,-1.2567947,0.09756812453269958,0.9960119724273682,0.9242773056030273
YMR182C,YNL192W,0,-1.2571285,0.09755859524011612,0.9960119724273682,0.9243773221969604
YDL054C,YER137C-A,0,-1.2594674,0.09754906594753265,0.9960119724273682,0.9244773387908936
YER014C-A,YLR228C,0,-1.2600728,0.09753954410552979,0.9960119724273682,0.9245773553848267
YPR158C-C,YDR260C,0,-1.2607907,0.09753002226352692,0.9960119724273682,0.9246774315834045
YBR276C,YDL047W,0,-1.2609696,0.09752050042152405,0.9960119724273682,0.9247774481773376
YIL134W,YBL052C,0,-1.2609775,0.09751097857952118,0.9960119724273682,0.9248774647712708
YPR162C,YKL022C,0,-1.2611382,0.09750146418809891,0.9960119724273682,0.9249774813652039
YLR359W,YNL298W,0,-1.2631116,0.09749194979667664,0.9960119724273682,0.925077497959137
YER137C-A,YOL093W,0,-1.2633407,0.09748243540525436,0.9960119724273682,0.9251775741577148
YGR109W-B,YGR034W,0,-1.2635784,0.09747292101383209,0.9960119724273682,0.925277590751648
YBR274W,YIL017W,0,-1.2640119,0.09746341407299042,0.9960119724273682,0.925377607345581
YNL281W,YDL022W,0,-1.2651492,0.09745390713214874,0.9960119724273682,0.9254776239395142
YPL244C,YNL092W,0,-1.2660176,0.09744440019130707,0.9960119724273682,0.925577700138092
YNL273W,YLR410W-B,0,-1.2660484,0.09743490070104599,0.9960119724273682,0.9256777167320251
YKR056W,YIL083C,0,-1.2662272,0.09742539376020432,0.9960119724273682,0.9257777333259583
YPR158C-C,YNL231C,0,-1.2667384,0.09741589426994324,0.9960119724273682,0.9258777499198914
YMR020W,YHR079C,0,-1.2670504,0.09740639477968216,0.9960119724273682,0.9259777665138245
YOR343W-B,YPR149W,0,-1.2673441,0.09739690274000168,0.9960119724273682,0.9260778427124023
YOR378W,YLR383W,0,-1.2680908,0.0973874032497406,0.9960119724273682,0.9261778593063354
YDR261C-D,YOR355W,0,-1.2690501,0.09737791121006012,0.9960119724273682,0.9262778759002686
YOL103W-B,YAL063C,0,-1.2695261,0.09736841917037964,0.9960119724273682,0.9263778924942017
YFL002W-B,YML128C,0,-1.2700466,0.09735893458127975,0.9960119724273682,0.9264779686927795
YJL087C,YOR340C,0,-1.2711766,0.09734944254159927,0.9960119724273682,0.9265779852867126
YGR012W,YLR386W,0,-1.2713351,0.09733995795249939,0.9960119724273682,0.9266780018806458
YDR067C,YLR353W,0,-1.2715015,0.0973304733633995,0.9960119724273682,0.9267780184745789
YOR274W,YKL007W,0,-1.2723111,0.09732099622488022,0.9960119724273682,0.926878035068512
YKR008W,YKR006C,0,-1.2736478,0.09731151163578033,0.9960119724273682,0.9269781112670898
YOR142W-B,YLR285W,0,-1.2765512,0.09730203449726105,0.9960119724273682,0.927078127861023
YLL051C,YKL020C,0,-1.2768586,0.09729255735874176,0.9960119724273682,0.927178144454956
YML030W,YOL054W,0,-1.2773715,0.09728308767080307,0.9960119724273682,0.9272781610488892
YGL241W,YHR079C,0,-1.2774193,0.09727361053228378,0.9960119724273682,0.927378237247467
YPL257W-B,YDR416W,0,-1.2780532,0.09726414084434509,0.9960119724273682,0.9274782538414001
YMR241W,YNR017W,0,-1.2783743,0.0972546711564064,0.9960119724273682,0.9275782704353333
YDR451C,YDR337W,0,-1.2788776,0.09724520891904831,0.9960119724273682,0.9276782870292664
YKL090W,YHL027W,0,-1.2797183,0.09723573923110962,0.9960119724273682,0.9277783632278442
YGR109W-B,YER165W,0,-1.2809268,0.09722627699375153,0.9960119724273682,0.9278783798217773
YEL043W,YFR018C,0,-1.2809782,0.09721681475639343,0.9960119724273682,0.9279783964157104
YJR151C,YOR343W-B,0,-1.2810332,0.09720735251903534,0.9960119724273682,0.9280784130096436
YER014C-A,YLR389C,0,-1.2812829,0.09719789773225784,0.9960119724273682,0.9281784296035767
YKL165C,YDR261W-A,0,-1.2819746,0.09718844294548035,0.9960119724273682,0.9282785058021545
YDL028C,YJR026W,0,-1.2822258,0.09717898815870285,0.9960119724273682,0.9283785223960876
YNL172W,YPL257W-B,0,-1.2828262,0.09716953337192535,0.9960119724273682,0.9284785389900208
YPL257W-B,YOL043C,0,-1.2832584,0.09716008603572845,0.9960119724273682,0.9285785555839539
YEL043W,YLL004W,0,-1.283262,0.09715063869953156,0.9960119724273682,0.9286786317825317
YGR109W-B,YLR129W,0,-1.2833401,0.09714119136333466,0.9960119724273682,0.9287786483764648
YER137C-A,YFR033C,0,-1.2833867,0.09713174402713776,0.9960119724273682,0.928878664970398
YDR429C,YFL054C,0,-1.2837963,0.09712230414152145,0.9960119724273682,0.928978681564331
YLR256W-A,YLR130C,0,-1.2854354,0.09711286425590515,0.9960119724273682,0.9290786981582642
YNL084C,YOR275C,0,-1.286566,0.09710342437028885,0.9960119724273682,0.929178774356842
YGR251W,YLR404W,0,-1.287519,0.09709398448467255,0.9960119724273682,0.9292787909507751
YBR271W,YNL219C,0,-1.2889833,0.09708454459905624,0.9960119724273682,0.9293788075447083
YDL074C,YCR052W,0,-1.2894335,0.09707511216402054,0.9960119724273682,0.9294788241386414
YDL111C,YFL054C,0,-1.2907338,0.09706567972898483,0.9960119724273682,0.9295789003372192
YGR161W-B,YHR179W,0,-1.2909856,0.09705625474452972,0.9960119724273682,0.9296789169311523
YCL074W,YHR069C,0,-1.2928367,0.09704682230949402,0.9960119724273682,0.9297789335250854
YFL011W-A,YGR118W,0,-1.294842,0.09703739732503891,0.9960119724273682,0.9298789501190186
YBR202W,YIL021W,0,-1.2963713,0.0970279723405838,0.9960119724273682,0.9299789667129517
YOR216C,YDR081C,0,-1.2966906,0.09701854735612869,0.9960119724273682,0.9300790429115295
YIL177C,YMR304W,0,-1.2969365,0.09700912982225418,0.9960119724273682,0.9301790595054626
YEL031W,YDL179W,0,-1.2988087,0.09699971228837967,0.9960119724273682,0.9302790760993958
YDL059C,YMR228W,0,-1.2988135,0.09699029475450516,0.9960119724273682,0.9303790926933289
YCR014C,YJL006C,0,-1.299069,0.09698087722063065,0.9960119724273682,0.9304791688919067
YKL020C,YGR216C,0,-1.301168,0.09697145968675613,0.9960119724273682,0.9305791854858398
YFR045W,YML039W,0,-1.3026485,0.09696204960346222,0.9960119724273682,0.930679202079773
YGR161W-B,YDL148C,0,-1.3034106,0.0969526395201683,0.9960119724273682,0.930779218673706
YJR083C,YJL176C,0,-1.3042523,0.09694322943687439,0.9960119724273682,0.9308792352676392
YLR312W-A,YMR033W,0,-1.3049653,0.09693382680416107,0.9960119724273682,0.930979311466217
YOR147W,YCR087C-A,0,-1.3056725,0.09692441672086716,0.9960119724273682,0.9310793280601501
YMR228W,YLR410W-A,0,-1.3086857,0.09691501408815384,0.9960119724273682,0.9311793446540833
YMR218C,YDR164C,0,-1.3088443,0.09690561890602112,0.9960119724273682,0.9312793612480164
YMR078C,YER137C-A,0,-1.3091626,0.0968962162733078,0.9960119724273682,0.9313794374465942
YDR332W,YJR112W,0,-1.3103664,0.09688682109117508,0.9960119724273682,0.9314794540405273
YER168C,YJL176C,0,-1.3108056,0.09687742590904236,0.9960119724273682,0.9315794706344604
YPR196W,YLR043C,0,-1.3110957,0.09686803072690964,0.9960119724273682,0.9316794872283936
YAL022C,YBR238C,0,-1.3118256,0.09685863554477692,0.9960119724273682,0.9317795634269714
YBL079W,YLR088W,0,-1.3138865,0.09684924781322479,0.9960119724273682,0.9318795800209045
YKL205W,YKR102W,0,-1.3142266,0.09683986008167267,0.9960119724273682,0.9319795966148376
YHL012W,YKL096W-A,0,-1.3145854,0.09683047235012054,0.9960119724273682,0.9320796132087708
YBR125C,YCL024W,0,-1.3153646,0.09682109206914902,0.9960119724273682,0.9321796298027039
YHR156C,YPL065W,0,-1.3163983,0.0968117043375969,0.9960119724273682,0.9322797060012817
YLR005W,YKL189W,0,-1.3166364,0.09680232405662537,0.9960119724273682,0.9323797225952148
YJR151C,YPL064C,0,-1.317164,0.09679294377565384,0.9960119724273682,0.932479739189148
YKR102W,YGL163C,0,-1.3171775,0.09678357094526291,0.9960119724273682,0.932579755783081
YLR024C,YPR127W,0,-1.318316,0.09677419066429138,0.9960119724273682,0.9326798319816589
YER017C,YLL017W,0,-1.3189371,0.09676481783390045,0.9960119724273682,0.932779848575592
YJL114W,YJL103C,0,-1.3200238,0.09675544500350952,0.9960119724273682,0.9328798651695251
YEL070W,YDR109C,0,-1.325309,0.09674607962369919,0.9960119724273682,0.9329798817634583
YDR494W,YFR036W,0,-1.3261317,0.09673670679330826,0.9960119724273682,0.9330798983573914
YMR246W,YGR027C,0,-1.327101,0.09672734141349792,0.9960119724273682,0.9331799745559692
YCR057C,YIL080W,0,-1.3275557,0.09671797603368759,0.9960119724273682,0.9332799911499023
YPR111W,YDR499W,0,-1.3284124,0.09670861810445786,0.9960119724273682,0.9333800077438354
YKL096W-A,YCR097WB,0,-1.3284283,0.09669925272464752,0.9960119724273682,0.9334800243377686
YJR127C,YDR081C,0,-1.3291426,0.09668989479541779,0.9960119724273682,0.9335801005363464
YOL052C,YHR168W,0,-1.3296922,0.09668053686618805,0.9960119724273682,0.9336801171302795
YMR097C,YCR080W,0,-1.331055,0.09667117893695831,0.9960119724273682,0.9337801337242126
YHR066W,YOL102C,0,-1.3311279,0.09666182845830917,0.9960119724273682,0.9338801503181458
YLR410W-B,YFL017W-A,0,-1.3317113,0.09665247797966003,0.9960119724273682,0.9339801669120789
YJL114W,YBR155W,0,-1.332377,0.0966431275010109,0.9960119724273682,0.9340802431106567
YOR142W-A,YDL070W,0,-1.3326273,0.09663377702236176,0.9960119724273682,0.9341802597045898
YGR070W,YMR304W,0,-1.3341234,0.09662443399429321,0.9960119724273682,0.934280276298523
YLR020C,YDR159W,0,-1.3346994,0.09661508351564407,0.9960119724273682,0.934380292892456
YNL271C,YBR093C,0,-1.3354694,0.09660574048757553,0.9960119724273682,0.9344803690910339
YBL041W,YGR246C,0,-1.3358637,0.09659640491008759,0.9960119724273682,0.934580385684967
YOR291W,YGL216W,0,-1.3418496,0.09658706188201904,0.9960119724273682,0.9346804022789001
YOR142W-A,YLR187W,0,-1.3431845,0.0965777263045311,0.9960119724273682,0.9347804188728333
YOR287C,YLR025W,0,-1.3452959,0.09656839072704315,0.9960119724273682,0.9348804354667664
YCR087C-A,YGL071W,0,-1.345301,0.0965590551495552,0.9960119724273682,0.9349805116653442
YLR386W,YGR143W,0,-1.3457457,0.09654972702264786,0.9960119724273682,0.9350805282592773
YGR238C,YMR087W,0,-1.346875,0.09654039144515991,0.9960119724273682,0.9351805448532104
YDR451C,YLR227W-B,0,-1.3477844,0.09653106331825256,0.9960119724273682,0.9352805614471436
YIL135C,YHR082C,0,-1.347788,0.09652174264192581,0.9960119724273682,0.9353806376457214
YLR386W,YBR281C,0,-1.3491855,0.09651241451501846,0.9960119724273682,0.9354806542396545
YLR391W-A,YMR200W,0,-1.3494232,0.09650309383869171,0.9960119724273682,0.9355806708335876
YER014C-A,YOL066C,0,-1.349566,0.09649377316236496,0.9960119724273682,0.9356806874275208
YEL029C,YBR257W,0,-1.3496151,0.09648445248603821,0.9960119724273682,0.9357807636260986
YPR011C,YBL112C,0,-1.350404,0.09647513180971146,0.9960119724273682,0.9358807802200317
YLR129W,YLR386W,0,-1.3504256,0.0964658185839653,0.9960119724273682,0.9359807968139648
YDR451C,YBL091C-A,0,-1.3505408,0.09645650535821915,0.9960119724273682,0.936080813407898
YIL002C,YGL183C,0,-1.3509943,0.09644719213247299,0.9960119724273682,0.936180830001831
YPR111W,YKR019C,0,-1.3515469,0.09643787890672684,0.9960119724273682,0.9362809062004089
YLR191W,YDR034C,0,-1.3522873,0.09642857313156128,0.9960119724273682,0.936380922794342
YFR021W,YHR082C,0,-1.3535447,0.09641926735639572,0.9960119724273682,0.9364809393882751
YNL273W,YER145C,0,-1.3543767,0.09640996158123016,0.9960119724273682,0.9365809559822083
YOL057W,YER087C-B,0,-1.3558505,0.0964006558060646,0.9960119724273682,0.9366810321807861
YOR025W,YDR416W,0,-1.3563114,0.09639135748147964,0.9960119724273682,0.9367810487747192
YLL003W,YNR057C,0,-1.3580925,0.09638205170631409,0.9960119724273682,0.9368810653686523
YBL058W,YOR038C,0,-1.35963,0.09637275338172913,0.9960119724273682,0.9369810819625854
YER138C,YLR016C,0,-1.3603368,0.09636346250772476,0.9960119724273682,0.9370810985565186
YDL028C,YER137C-A,0,-1.3610466,0.0963541641831398,0.9960119724273682,0.9371811747550964
YBL026W,YCL060C,0,-1.361579,0.09634487330913544,0.9960119724273682,0.9372811913490295
YBL005W-B,YAL031C,0,-1.3617464,0.09633558243513107,0.9960119724273682,0.9373812079429626
YHR005C-A,YER137C,0,-1.3620472,0.09632629156112671,0.9960119724273682,0.9374812245368958
YGR161W-B,YJR028W,0,-1.3628035,0.09631700813770294,0.9960119724273682,0.9375813007354736
YLR312W-A,YNL282W,0,-1.3631089,0.09630772471427917,0.9960119724273682,0.9376813173294067
YJL144W,YIL079C,0,-1.3637029,0.09629844129085541,0.9960119724273682,0.9377813339233398
YCL024W,YLR103C,0,-1.3639152,0.09628915786743164,0.9960119724273682,0.937881350517273
YKL041W,YJR028W,0,-1.3641894,0.09627987444400787,0.9960119724273682,0.937981367111206
YGR072W,YCL060C,0,-1.3645349,0.0962705984711647,0.9960119724273682,0.9380814433097839
YMR078C,YDR240C,0,-1.3652507,0.09626132249832153,0.9960119724273682,0.938181459903717
YLR043C,YCL032W,0,-1.3675722,0.09625204652547836,0.9960119724273682,0.9382814764976501
YCR046C,YMR034C,0,-1.3692837,0.09624277800321579,0.9960119724273682,0.9383814930915833
YNL282W,YDR262W,0,-1.3711957,0.09623350203037262,0.9960119724273682,0.9384815692901611
YDR146C,YOL107W,0,-1.372247,0.09622423350811005,0.9960119724273682,0.9385815858840942
YPR137C-A,YDL022W,0,-1.3735338,0.09621496498584747,0.9960119724273682,0.9386816024780273
YDR210C-C,YDL045C,0,-1.3761759,0.0962057039141655,0.9960119724273682,0.9387816190719604
YAL024C,YER137C,0,-1.3765264,0.09619643539190292,0.9960119724273682,0.9388816356658936
YGL014W,YER138C,0,-1.3771015,0.09618717432022095,0.9960119724273682,0.9389817118644714
YGR077C,YJR040W,0,-1.3773661,0.09617791324853897,0.9960119724273682,0.9390817284584045
YJR036C,YHR082C,0,-1.3775313,0.09616865962743759,0.9960119724273682,0.9391817450523376
YOL102C,YKL003C,0,-1.3814323,0.09615939855575562,0.9960119724273682,0.9392817616462708
YPR001W,YDR498C,0,-1.38267,0.09615014493465424,0.9960119724273682,0.9393818378448486
YLR289W,YPL104W,0,-1.3828218,0.09614089131355286,0.9960119724273682,0.9394818544387817
YPL167C,YDR364C,0,-1.3844122,0.09613163769245148,0.9960119724273682,0.9395818710327148
YLR401C,YGL183C,0,-1.384473,0.0961223915219307,0.9960119724273682,0.939681887626648
YJL194W,YNL070W,0,-1.3851967,0.09611314535140991,0.9960119724273682,0.9397819638252258
YKR028W,YGL113W,0,-1.3890047,0.09610389918088913,0.9960119724273682,0.9398819804191589
YDL028C,YNL032W,0,-1.3891935,0.09609465301036835,0.9960119724273682,0.939981997013092
YJR026W,YLR026C,0,-1.389713,0.09608540683984756,0.9960119724273682,0.9400820136070251
YGR161W-B,YGR264C,0,-1.389816,0.09607616811990738,0.9960119724273682,0.9401820302009583
YMR295C,YCR012W,0,-1.3901526,0.0960669293999672,0.9960119724273682,0.9402821063995361
YKL126W,YPL113C,0,-1.3907583,0.09605769068002701,0.9960119724273682,0.9403821229934692
YBL058W,YFL054C,0,-1.3912942,0.09604845941066742,0.9960119724273682,0.9404821395874023
YBR052C,YKL124W,0,-1.3921037,0.09603922069072723,0.9960119724273682,0.9405821561813354
YLR447C,YOR243C,0,-1.3929611,0.09602998942136765,0.9960119724273682,0.9406822323799133
YDR373W,YMR159C,0,-1.3935837,0.09602075815200806,0.9960119724273682,0.9407822489738464
YCL025C,YJL006C,0,-1.394289,0.09601153433322906,0.9960119724273682,0.9408822655677795
YDR405W,YIL080W,0,-1.3964801,0.09600230306386948,0.9960119724273682,0.9409822821617126
YER014C-A,YBR222C,0,-1.3974788,0.09599307924509048,0.9960119724273682,0.9410822987556458
YLR227W-B,YFL001W,0,-1.3984447,0.09598385542631149,0.9960119724273682,0.9411823749542236
YDL024C,YPL244C,0,-1.4006655,0.0959746390581131,0.9960119724273682,0.9412823915481567
YLR410W-B,YLR187W,0,-1.4023819,0.0959654152393341,0.9960119724273682,0.9413824081420898
YML099C,YKL186C,0,-1.4047122,0.09595619887113571,0.9960119724273682,0.941482424736023
YPL122C,YLR285W,0,-1.4124122,0.09594698250293732,0.9960119724273682,0.9415825009346008
YGL169W,YAL040C,0,-1.4129195,0.09593777358531952,0.9960119724273682,0.9416825175285339
YFR031C,YER137C-A,0,-1.4142017,0.09592855721712112,0.9960119724273682,0.941782534122467
YLR440C,YDR389W,0,-1.4149126,0.09591934829950333,0.9960119724273682,0.9418825507164001
YJL004C,YJR026W,0,-1.4161403,0.09591013938188553,0.9960119724273682,0.9419825673103333
YMR112C,YIL080W,0,-1.4165401,0.09590093046426773,0.9960119724273682,0.9420826435089111
YLR024C,YKL094W,0,-1.4181998,0.09589172899723053,0.9960119724273682,0.9421826601028442
YPL127C,YDR423C,0,-1.4182749,0.09588252007961273,0.9960119724273682,0.9422826766967773
YBR096W,YPL273W,0,-1.4192613,0.09587331861257553,0.9960119724273682,0.9423826932907104
YGR056W,YOL045W,0,-1.419447,0.09586411714553833,0.9960119724273682,0.9424827694892883
YOR237W,YAL031C,0,-1.4197017,0.09585492312908173,0.9960119724273682,0.9425827860832214
YPR137C-A,YJL024C,0,-1.4212654,0.09584572911262512,0.9960119724273682,0.9426828026771545
YBL058W,YMR046C,0,-1.4218632,0.09583652764558792,0.9960119724273682,0.9427828192710876
YKL166C,YOL108C,0,-1.4224749,0.09582734107971191,0.9960119724273682,0.9428828358650208
YER162C,YJR026W,0,-1.4249911,0.09581814706325531,0.9960119724273682,0.9429829120635986
YNL267W,YFL033C,0,-1.4272271,0.0958089604973793,0.9960119724273682,0.9430829286575317
YDL015C,YGL169W,0,-1.4281077,0.0957997664809227,0.9960119724273682,0.9431829452514648
YKL175W,YPR119W,0,-1.4325787,0.09579058736562729,0.9960119724273682,0.943282961845398
YDR034C,YMR239C,0,-1.4333835,0.09578140079975128,0.9960119724273682,0.9433830380439758
YJL004C,YOR377W,0,-1.4336389,0.09577221423387527,0.9960119724273682,0.9434830546379089
YJL114W,YER017C,0,-1.4344376,0.09576303511857986,0.9960119724273682,0.943583071231842
YMR089C,YKL013C,0,-1.4344584,0.09575385600328445,0.9960119724273682,0.9436830878257751
YJL114W,YJR004C,0,-1.4351571,0.09574468433856964,0.9960119724273682,0.943783164024353
YOR304W,YHR077C,0,-1.435222,0.09573550522327423,0.9960119724273682,0.9438831806182861
YPL259C,YHR156C,0,-1.435544,0.09572633355855942,0.9960119724273682,0.9439831972122192
YPR204W,YER090W,0,-1.4356667,0.0957171618938446,0.9960119724273682,0.9440832138061523
YER137C-A,YLL055W,0,-1.4385295,0.09570799022912979,0.9960119724273682,0.9441832304000854
YBR183W,YDR492W,0,-1.4388332,0.09569881856441498,0.9960119724273682,0.9442833065986633
YIL108W,YDR261W-A,0,-1.4388386,0.09568965435028076,0.9960119724273682,0.9443833231925964
YNL314W,YKR002W,0,-1.4406698,0.09568049013614655,0.9960119724273682,0.9444833397865295
YHR214C-B,YBR052C,0,-1.442913,0.09567132592201233,0.9960119724273682,0.9445833563804626
YGR109W-B,YLR151C,0,-1.44313,0.09566216915845871,0.9960119724273682,0.9446834325790405
YGL200C,YLR227W-B,0,-1.44313,0.0956530049443245,0.9960119724273682,0.9447834491729736
YIL159W,YNR002C,0,-1.443152,0.09564384818077087,0.9960119724273682,0.9448834657669067
YLR447C,YFR018C,0,-1.4434357,0.09563469141721725,0.9960119724273682,0.9449834823608398
YDR144C,YOR206W,0,-1.4444461,0.09562554210424423,0.9960119724273682,0.945083498954773
YGL112C,YLR285W,0,-1.4445012,0.09561638534069061,0.9960119724273682,0.9451835751533508
YJL166W,YDR222W,0,-1.4458137,0.09560723602771759,0.9960119724273682,0.9452835917472839
YKL090W,YJL200C,0,-1.4468124,0.09559808671474457,0.9960119724273682,0.945383608341217
YGR109W-B,YCL032W,0,-1.4471116,0.09558893740177155,0.9960119724273682,0.9454836249351501
YBR111W-A,YML099C,0,-1.4479308,0.09557979553937912,0.9960119724273682,0.945583701133728
YER014C-A,YNL138W,0,-1.4488124,0.0955706462264061,0.9960119724273682,0.9456837177276611
YKL203C,YOL053C-A,0,-1.4489856,0.09556150436401367,0.9960119724273682,0.9457837343215942
YFL048C,YOR351C,0,-1.4492486,0.09555236995220184,0.9960119724273682,0.9458837509155273
YKL217W,YMR213W,0,-1.4495211,0.09554322808980942,0.9960119724273682,0.9459837675094604
YMR172W,YPL104W,0,-1.4510139,0.09553409367799759,0.9960119724273682,0.9460838437080383
YHR077C,YER171W,0,-1.453363,0.09552495926618576,0.9960119724273682,0.9461838603019714
YER138C,YBL079W,0,-1.453982,0.09551582485437393,0.9960119724273682,0.9462838768959045
YOL010W,YDR530C,0,-1.4544661,0.0955066904425621,0.9960119724273682,0.9463838934898376
YGR031C-A,YLR291C,0,-1.4563241,0.09549756348133087,0.9960119724273682,0.9464839696884155
YLR291C,YLR410W-A,0,-1.4583836,0.09548843652009964,0.9960119724273682,0.9465839862823486
YNL271C,YNL095C,0,-1.4589419,0.09547930955886841,0.9960119724273682,0.9466840028762817
YER117W,YLR278C,0,-1.4596163,0.09547018259763718,0.9960119724273682,0.9467840194702148
YKL095W,YDR470C,0,-1.4601114,0.09546106308698654,0.9960119724273682,0.946884036064148
YER168C,YDL083C,0,-1.4612428,0.09545193612575531,0.9960119724273682,0.9469841122627258
YOR142W-A,YNR010W,0,-1.4620764,0.09544281661510468,0.9960119724273682,0.9470841288566589
YBR081C,YCL014W,0,-1.4623352,0.09543370455503464,0.9960119724273682,0.947184145450592
YPL180W,YER171W,0,-1.4631393,0.095424585044384,0.9960119724273682,0.9472841620445251
YBR129C,YDR332W,0,-1.4635155,0.09541547298431396,0.9960119724273682,0.947384238243103
YBL112C,YPL119C,0,-1.4638455,0.09540636092424393,0.9960119724273682,0.9474842548370361
YGR216C,YOR351C,0,-1.4660367,0.09539724886417389,0.9960119724273682,0.9475842714309692
YNL010W,YOR142W-A,0,-1.466979,0.09538814425468445,0.9960119724273682,0.9476842880249023
YCL014W,YGL148W,0,-1.4671185,0.09537903219461441,0.9960119724273682,0.9477843642234802
YKL200C,YML049C,0,-1.4684227,0.09536992758512497,0.9960119724273682,0.9478843808174133
YOL103W-B,YNL302C,0,-1.4689811,0.09536082297563553,0.9960119724273682,0.9479843974113464
YCR030C,YLR227W-B,0,-1.4695041,0.09535172581672668,0.9960119724273682,0.9480844140052795
YHR039C-A,YMR099C,0,-1.4701195,0.09534262120723724,0.9960119724273682,0.9481844305992126
YOR343W-B,YDR498C,0,-1.4702244,0.0953335240483284,0.9960119724273682,0.9482845067977905
YMR087W,YGR084C,0,-1.4724536,0.09532442688941956,0.9960119724273682,0.9483845233917236
YBR260C,YMR268W-A,0,-1.473382,0.09531532973051071,0.9960119724273682,0.9484845399856567
YLR391W,YDR496C,0,-1.4736037,0.09530624002218246,0.9960119724273682,0.9485845565795898
YML051W,YER098W,0,-1.4741229,0.09529715031385422,0.9960119724273682,0.9486846327781677
YML032C,YGR199W,0,-1.4742273,0.09528806060552597,0.9960119724273682,0.9487846493721008
YFR045W,YML036W,0,-1.4752746,0.09527897089719772,0.9960119724273682,0.9488846659660339
YNL138W-A,YDL148C,0,-1.4759423,0.09526988118886948,0.9960119724273682,0.948984682559967
YPL083C,YML030W,0,-1.4774405,0.09526079893112183,0.9960119724273682,0.9490846991539001
YIL139C,YBR261C,0,-1.4775565,0.09525171667337418,0.9960119724273682,0.949184775352478
YCL014W,YLR227W-B,0,-1.4781082,0.09524263441562653,0.9960119724273682,0.9492847919464111
YDR261C-D,YML056C,0,-1.4781463,0.09523355215787888,0.9960119724273682,0.9493848085403442
YDL171C,YML030W,0,-1.4781963,0.09522447735071182,0.9960119724273682,0.9494848251342773
YLL003W,YLR401C,0,-1.4786663,0.09521540254354477,0.9960119724273682,0.9495849013328552
YDR261C-D,YKL144C,0,-1.4792933,0.09520632773637772,0.9960119724273682,0.9496849179267883
YPR204W,YHR041C,0,-1.4794701,0.09519725292921066,0.9960119724273682,0.9497849345207214
YFL066C,YPL110C,0,-1.4807885,0.0951881855726242,0.9960119724273682,0.9498849511146545
YDR137W,YDL045C,0,-1.4819605,0.09517911821603775,0.9960119724273682,0.9499849677085876
YKL078W,YBR115C,0,-1.4827466,0.0951700508594513,0.9960119724273682,0.9500850439071655
YGL094C,YLR391W-A,0,-1.4863254,0.09516098350286484,0.9960119724273682,0.9501850605010986
YNR021W,YOR222W,0,-1.4871814,0.09515191614627838,0.9960119724273682,0.9502850770950317
YLR410W-A,YBL068W,0,-1.4878306,0.09514285624027252,0.9960119724273682,0.9503850936889648
YLR278C,YNL239W,0,-1.4883196,0.09513379633426666,0.9960119724273682,0.9504851698875427
YDR378C,YGR251W,0,-1.4886925,0.0951247364282608,0.9960119724273682,0.9505851864814758
YHR030C,YPR137C-A,0,-1.4889436,0.09511568397283554,0.9960119724273682,0.9506852030754089
YNL095C,YNR035C,0,-1.4896042,0.09510662406682968,0.9960119724273682,0.950785219669342
YOR142W-B,YLR183C,0,-1.4897311,0.09509757161140442,0.9960119724273682,0.9508852362632751
YDL036C,YOR209C,0,-1.4920135,0.09508851915597916,0.9960119724273682,0.950985312461853
YHR066W,YOR142W-B,0,-1.4921262,0.09507947415113449,0.9960119724273682,0.9510853290557861
YKL190W,YPR200C,0,-1.4930623,0.09507042169570923,0.9960119724273682,0.9511853456497192
YLR410W-B,YDR304C,0,-1.4943697,0.09506137669086456,0.9960119724273682,0.9512853622436523
YPR137C-A,YNL239W,0,-1.4960203,0.0950523316860199,0.9960119724273682,0.9513854384422302
YLR447C,YMR268W-A,0,-1.4960465,0.09504328668117523,0.9960119724273682,0.9514854550361633
YPL273W,YLL017W,0,-1.4963465,0.09503424912691116,0.9960119724273682,0.9515854716300964
YDR498C,YFR001W,0,-1.4968545,0.0950252041220665,0.9960119724273682,0.9516854882240295
YOR159C,YGR109W-B,0,-1.4976739,0.09501616656780243,0.9960119724273682,0.9517855644226074
YLR312W-A,YFL002W-B,0,-1.4994216,0.09500712901353836,0.9960119724273682,0.9518855810165405
YDR026C,YEL070W,0,-1.4994434,0.09499809890985489,0.9960119724273682,0.9519855976104736
YFL002W-B,YIL021W,0,-1.4998882,0.09498906880617142,0.9960119724273682,0.9520856142044067
YLR227W-B,YDR508C,0,-1.5000477,0.09498003125190735,0.9960119724273682,0.9521856307983398
YDR414C,YEL031W,0,-1.5002661,0.09497100114822388,0.9960119724273682,0.9522857069969177
YPL252C,YLR227W-B,0,-1.5005631,0.094961978495121,0.9960119724273682,0.9523857235908508
YOR292C,YGR155W,0,-1.5005987,0.09495294839143753,0.9960119724273682,0.9524857401847839
YDR172W,YCR052W,0,-1.5010617,0.09494392573833466,0.9960119724273682,0.952585756778717
YMR321C,YLR145W,0,-1.5013049,0.09493490308523178,0.9960119724273682,0.9526858329772949
YCL008C,YPL096W,0,-1.5023098,0.0949258804321289,0.9960119724273682,0.952785849571228
YPL257W-B,YGL103W,0,-1.5024436,0.09491686522960663,0.9960119724273682,0.9528858661651611
YFL002W-B,YLR389C,0,-1.5033832,0.09490785002708435,0.9960119724273682,0.9529858827590942
YKL009W,YOL052C,0,-1.5035995,0.09489883482456207,0.9960119724273682,0.9530858993530273
YBR120C,YIR005W,0,-1.503649,0.0948898196220398,0.9960119724273682,0.9531859755516052
YJR149W,YDR449C,0,-1.5048332,0.09488080441951752,0.9960119724273682,0.9532859921455383
YDR261C-D,YBR031W,0,-1.5062623,0.09487179666757584,0.9960119724273682,0.9533860087394714
YBR118W,YLR227W-B,0,-1.5066416,0.09486278891563416,0.9960119724273682,0.9534860253334045
YOR142W-A,YDL208W,0,-1.5072682,0.09485378116369247,0.9960119724273682,0.9535861015319824
YER049W,YFL002W-B,0,-1.5072682,0.0948447734117508,0.9960119724273682,0.9536861181259155
YOR343W-B,YER074W,0,-1.5073256,0.09483577311038971,0.9960119724273682,0.9537861347198486
YIL061C,YFL002W-B,0,-1.5073359,0.09482676535844803,0.9960119724273682,0.9538861513137817
YIL080W,YER087W,0,-1.5075557,0.09481776505708694,0.9960119724273682,0.9539861679077148
YMR319C,YGL256W,0,-1.5083033,0.09480877220630646,0.9960119724273682,0.9540862441062927
YKL190W,YML099C,0,-1.5088153,0.09479977190494537,0.9960119724273682,0.9541862607002258
YML097C,YLR141W,0,-1.5106986,0.09479077905416489,0.9960119724273682,0.9542862772941589
YNL259C,YHR051W,0,-1.5108811,0.0947817862033844,0.9960119724273682,0.954386293888092
YFL011W-A,YMR180C,0,-1.5115457,0.09477279335260391,0.9960119724273682,0.9544863700866699
YDR083W,YIL080W,0,-1.5194948,0.09476380050182343,0.9960119724273682,0.954586386680603
YPL259C,YDR195W,0,-1.519779,0.09475481510162354,0.9960119724273682,0.9546864032745361
YPL163C,YJR032W,0,-1.5201616,0.09474582970142365,0.9960119724273682,0.9547864198684692
YLL045C,YER168C,0,-1.5220364,0.09473684430122375,0.9960119724273682,0.9548864364624023
YJR026W,YPR119W,0,-1.5222652,0.09472785890102386,0.9960119724273682,0.9549865126609802
YDR079W,YBR223C,0,-1.5238385,0.09471888095140457,0.9960119724273682,0.9550865292549133
YCR097WB,YPL065W,0,-1.5255529,0.09470989555120468,0.9960119724273682,0.9551865458488464
YOR215C,YJR103W,0,-1.5286642,0.09470091760158539,0.9960119724273682,0.9552865624427795
YIL108W,YML030W,0,-1.5299382,0.0946919396519661,0.9960119724273682,0.9553866386413574
YKL124W,YDR392W,0,-1.5321133,0.0946829691529274,0.9960119724273682,0.9554866552352905
YMR137C,YMR301C,0,-1.5331651,0.0946739986538887,0.9960119724273682,0.9555866718292236
YKR057W,YPL082C,0,-1.5354773,0.09466502070426941,0.9960119724273682,0.9556866884231567
YAR002C-A,YJR028W,0,-1.5358138,0.09465605765581131,0.9960119724273682,0.9557867646217346
YEL069C,YOL062C,0,-1.5382293,0.09464708715677261,0.9960119724273682,0.9558867812156677
YNL172W,YGR171C,0,-1.5384488,0.09463812410831451,0.9960119724273682,0.9559867978096008
YOR291W,YNL050C,0,-1.5387931,0.09462915360927582,0.9960119724273682,0.9560868144035339
YMR321C,YER087W,0,-1.5420684,0.09462019056081772,0.9960119724273682,0.956186830997467
YMR321C,YPL139C,0,-1.5425948,0.09461123496294022,0.9960119724273682,0.9562869071960449
YDR460W,YPL096W,0,-1.5426807,0.09460227191448212,0.9960119724273682,0.956386923789978
YPR011C,YOR226C,0,-1.5432848,0.09459331631660461,0.9960119724273682,0.9564869403839111
YPL042C,YJL071W,0,-1.5436385,0.09458436071872711,0.9960119724273682,0.9565869569778442
YGL241W,YHR008C,0,-1.5455376,0.09457540512084961,0.9960119724273682,0.9566870331764221
YNL138W-A,YAL040C,0,-1.5455874,0.0945664495229721,0.9960119724273682,0.9567870497703552
YDR172W,YNL223W,0,-1.5457858,0.0945575013756752,0.9960119724273682,0.9568870663642883
YDR164C,YML039W,0,-1.548152,0.0945485532283783,0.9960119724273682,0.9569870829582214
YBR111W-A,YAL029C,0,-1.5500321,0.09453960508108139,0.9960119724273682,0.9570870995521545
YPL273W,YLR050C,0,-1.5517344,0.09453065693378448,0.9960119724273682,0.9571871757507324
YJR021C,YCR080W,0,-1.5538219,0.09452171623706818,0.9960119724273682,0.9572871923446655
YOL086C,YLL003W,0,-1.5547457,0.09451277554035187,0.9960119724273682,0.9573872089385986
YJL112W,YAL039C,0,-1.5559788,0.09450383484363556,0.9960119724273682,0.9574872255325317
YDL128W,YLR088W,0,-1.5579256,0.09449489414691925,0.9960119724273682,0.9575873017311096
YOR148C,YAL017W,0,-1.559941,0.09448595345020294,0.9960119724273682,0.9576873183250427
YER055C,YJR040W,0,-1.5607778,0.09447702020406723,0.9960119724273682,0.9577873349189758
YGR221C,YOR292C,0,-1.5610635,0.09446808695793152,0.9960119724273682,0.9578873515129089
YNL107W,YCL003W,0,-1.5612555,0.0944591537117958,0.9960119724273682,0.957987368106842
YOL111C,YBR238C,0,-1.5613971,0.0944502204656601,0.9960119724273682,0.9580874443054199
YDR460W,YDR499W,0,-1.5616242,0.09444129467010498,0.9960119724273682,0.958187460899353
YNL050C,YGR229C,0,-1.5624187,0.09443236887454987,0.9960119724273682,0.9582874774932861
YBR294W,YOL053C-A,0,-1.5629537,0.09442344307899475,0.9960119724273682,0.9583874940872192
YJL103C,YLR209C,0,-1.5662378,0.09441451728343964,0.9960119724273682,0.9584875702857971
YMR238W,YJR140C,0,-1.5671991,0.09440559148788452,0.9960119724273682,0.9585875868797302
YLR289W,YDR461W,0,-1.5672162,0.09439667314291,0.9960119724273682,0.9586876034736633
YBL113C,YCL032W,0,-1.5679784,0.09438775479793549,0.9960119724273682,0.9587876200675964
YLR278C,YLR224W,0,-1.5682154,0.09437883645296097,0.9960119724273682,0.9588876366615295
YIL134W,YMR093W,0,-1.5692418,0.09436992555856705,0.9960119724273682,0.9589877128601074
YLR183C,YDL045C,0,-1.5704234,0.09436100721359253,0.9960119724273682,0.9590877294540405
YER087W,YPL208W,0,-1.5765122,0.09435209631919861,0.9960119724273682,0.9591877460479736
YBR243C,YHR051W,0,-1.5785904,0.09434318542480469,0.9960119724273682,0.9592877626419067
YJR055W,YKR055W,0,-1.5790043,0.09433427453041077,0.9960119724273682,0.9593878388404846
YPL276W,YKR044W,0,-1.5809994,0.09432537108659744,0.9960119724273682,0.9594878554344177
YLR295C,YKL200C,0,-1.5833294,0.09431646764278412,0.9960119724273682,0.9595878720283508
YBR182C,YBR074W,0,-1.5833318,0.0943075641989708,0.9960119724273682,0.9596878886222839
YML051W,YLR130C,0,-1.5853598,0.09429866075515747,0.9960119724273682,0.9597879648208618
YDR419W,YKR056W,0,-1.5882881,0.09428975731134415,0.9960119724273682,0.9598879814147949
YJR138W,YBL028C,0,-1.5883851,0.09428086131811142,0.9960119724273682,0.959987998008728
YDL245C,YJL178C,0,-1.5893664,0.09427196532487869,0.9960119724273682,0.9600880146026611
YGL237C,YLR391W,0,-1.5903184,0.09426306933164597,0.9960119724273682,0.9601880311965942
YLR429W,YER171W,0,-1.5913813,0.09425417333841324,0.9960119724273682,0.9602881073951721
YCR087C-A,YNR072W,0,-1.5916104,0.09424528479576111,0.9960119724273682,0.9603881239891052
YDL107W,YNR031C,0,-1.5919191,0.09423639625310898,0.9960119724273682,0.9604881405830383
YKR036C,YKR055W,0,-1.5938437,0.09422750771045685,0.9960119724273682,0.9605881571769714
YLR380W,YJL149W,0,-1.5946856,0.09421861916780472,0.9960119724273682,0.9606882333755493
YMR093W,YML030W,0,-1.5954105,0.09420973062515259,0.9960119724273682,0.9607882499694824
YIL139C,YDL077C,0,-1.5962675,0.09420084953308105,0.9960119724273682,0.9608882665634155
YPL064C,YFR019W,0,-1.6010725,0.09419196844100952,0.9960119724273682,0.9609882831573486
YER175C,YDR281C,0,-1.6017821,0.09418308734893799,0.9960119724273682,0.9610882997512817
YBL112C,YER145C,0,-1.6033566,0.09417420625686646,0.9960119724273682,0.9611883759498596
YBR037C,YDR444W,0,-1.60741,0.09416533261537552,0.9960119724273682,0.9612883925437927
YGR225W,YMR099C,0,-1.6096945,0.09415645897388458,0.9960119724273682,0.9613884091377258
YHR058C,YIL042C,0,-1.6115749,0.09414758533239365,0.9960119724273682,0.9614884257316589
YPL151C,YDR416W,0,-1.6149962,0.09413871169090271,0.9960119724273682,0.9615885019302368
YNL085W,YBR238C,0,-1.6164105,0.09412983804941177,0.9960119724273682,0.9616885185241699
YJR028W,YOR180C,0,-1.6167622,0.09412097185850143,0.9960119724273682,0.961788535118103
YDR404C,YLR350W,0,-1.6169844,0.0941121056675911,0.9960119724273682,0.9618885517120361
YFL066C,YBL085W,0,-1.621682,0.09410323947668076,0.9960119724273682,0.9619885683059692
YDL036C,YEL053C,0,-1.6222652,0.09409437328577042,0.9960119724273682,0.9620886445045471
YOR239W,YDR444W,0,-1.6255546,0.09408551454544067,0.9960119724273682,0.9621886610984802
YGR032W,YMR046C,0,-1.6284103,0.09407665580511093,0.9960119724273682,0.9622886776924133
YNR072W,YNR010W,0,-1.6301085,0.09406779706478119,0.9960119724273682,0.9623886942863464
YGR252W,YNL073W,0,-1.6372879,0.09405893832445145,0.9960119724273682,0.9624887704849243
YER013W,YCL014W,0,-1.638541,0.0940500870347023,0.9960119724273682,0.9625887870788574
YPL180W,YML039W,0,-1.6387523,0.09404122829437256,0.9960119724273682,0.9626888036727905
YPL276W,YDL045C,0,-1.6388891,0.09403237700462341,0.9960119724273682,0.9627888202667236
YPL007C,YJL006C,0,-1.6488323,0.09402352571487427,0.9960119724273682,0.9628888368606567
YBR120C,YJL213W,0,-1.6489394,0.09401468187570572,0.9960119724273682,0.9629889130592346
YDR090C,YLR113W,0,-1.649676,0.09400583058595657,0.9960119724273682,0.9630889296531677
YIL080W,YDR211W,0,-1.650824,0.09399698674678802,0.9960119724273682,0.9631889462471008
YNL110C,YNR044W,0,-1.6523868,0.09398814290761948,0.9960119724273682,0.9632889628410339
YDL179W,YML039W,0,-1.6525667,0.09397930651903152,0.9960119724273682,0.9633890390396118
YNL297C,YNL238W,0,-1.6575774,0.09397046267986298,0.9960119724273682,0.9634890556335449
YMR159C,YOR123C,0,-1.6578732,0.09396162629127502,0.9960119724273682,0.963589072227478
YER014C-A,YKL201C,0,-1.6588321,0.09395278990268707,0.9960119724273682,0.9636890888214111
YNL110C,YFR018C,0,-1.6597841,0.09394395351409912,0.9960119724273682,0.963789165019989
YOL102C,YNR017W,0,-1.6615436,0.09393511712551117,0.9960119724273682,0.9638891816139221
YJL194W,YML006C,0,-1.6621718,0.09392628818750381,0.9960119724273682,0.9639891982078552
YDR492W,YNL138W-A,0,-1.6625845,0.09391745924949646,0.9960119724273682,0.9640892148017883
YOR237W,YOL101C,0,-1.66313,0.0939086303114891,0.9960119724273682,0.9641892313957214
YDR383C,YNL309W,0,-1.6668992,0.09389980137348175,0.9960119724273682,0.9642893075942993
YJL005W,YMR218C,0,-1.6669452,0.09389097988605499,0.9960119724273682,0.9643893241882324
YDR373W,YIL047C,0,-1.6676866,0.09388215094804764,0.9960119724273682,0.9644893407821655
YOR283W,YAL031C,0,-1.6679566,0.09387332946062088,0.9960119724273682,0.9645893573760986
YPR204W,YIL170W,0,-1.6680511,0.09386451542377472,0.9960119724273682,0.9646894335746765
YLR047C,YIL177C,0,-1.6705558,0.09385569393634796,0.9960119724273682,0.9647894501686096
YOR304W,YDR404C,0,-1.6728355,0.0938468798995018,0.9960119724273682,0.9648894667625427
YJR004C,YNL110C,0,-1.673318,0.09383805841207504,0.9960119724273682,0.9649894833564758
YDR144C,YLR330W,0,-1.6734931,0.09382924437522888,0.9960119724273682,0.9650894999504089
YGL183C,YPL112C,0,-1.6753949,0.09382043778896332,0.9960119724273682,0.9651895761489868
YJR028W,YIL083C,0,-1.6762345,0.09381162375211716,0.9960119724273682,0.9652895927429199
YMR019W,YDR083W,0,-1.6809703,0.09380281716585159,0.9960119724273682,0.965389609336853
YML032C,YLR329W,0,-1.6818478,0.09379401057958603,0.9960119724273682,0.9654896259307861
YPL200W,YLR224W,0,-1.6821998,0.09378520399332047,0.9960119724273682,0.965589702129364
YMR241W,YJL005W,0,-1.6847196,0.0937763974070549,0.9960119724273682,0.9656897187232971
YLR130C,YPR127W,0,-1.6850926,0.09376759827136993,0.9960119724273682,0.9657897353172302
YEL069C,YBR120C,0,-1.6868184,0.09375879913568497,0.9960119724273682,0.9658897519111633
YOR378W,YHR059W,0,-1.6890389,0.09375,0.9960119724273682,0.9659897685050964
YEL069C,YDR530C,0,-1.6923817,0.09374120086431503,0.9960119724273682,0.9660898447036743
YOR304W,YFL001W,0,-1.6938913,0.09373240917921066,0.9960119724273682,0.9661898612976074
YOR106W,YER130C,0,-1.6968269,0.09372361749410629,0.9960119724273682,0.9662898778915405
YML030W,YLR316C,0,-1.6985856,0.09371481835842133,0.9960119724273682,0.9663898944854736
YNL127W,YDR512C,0,-1.7018372,0.09370603412389755,0.9960119724273682,0.9664899706840515
YGR085C,YDR109C,0,-1.703378,0.09369724243879318,0.9960119724273682,0.9665899872779846
YGL158W,YER138C,0,-1.7075939,0.09368845820426941,0.9960119724273682,0.9666900038719177
YDR472W,YEL029C,0,-1.7076969,0.09367966651916504,0.9960119724273682,0.9667900204658508
YLR033W,YML109W,0,-1.7084863,0.09367088973522186,0.9960119724273682,0.9668900966644287
YML006C,YBR192W,0,-1.7116482,0.09366210550069809,0.9960119724273682,0.9669901132583618
YBR067C,YLR301W,0,-1.7119904,0.09365332126617432,0.9960119724273682,0.9670901298522949
YHL034C,YNL138W,0,-1.7131784,0.09364454448223114,0.9960119724273682,0.967190146446228
YGR222W,YNL239W,0,-1.7135444,0.09363576769828796,0.9960119724273682,0.9672901630401611
YDR371W,YOR292C,0,-1.7151366,0.09362699091434479,0.9960119724273682,0.967390239238739
YCL074W,YBR081C,0,-1.7155088,0.09361821413040161,0.9960119724273682,0.9674902558326721
YLR278C,YPL208W,0,-1.7155696,0.09360944479703903,0.9960119724273682,0.9675902724266052
YDR083W,YOR294W,0,-1.7175919,0.09360067546367645,0.9960119724273682,0.9676902890205383
YGR221C,YJR130C,0,-1.7199212,0.09359190613031387,0.9960119724273682,0.9677903652191162
YBR223C,YGL259W,0,-1.7214559,0.0935831367969513,0.9960119724273682,0.9678903818130493
YKR057W,YBL079W,0,-1.7234764,0.09357437491416931,0.9960119724273682,0.9679903984069824
YBR260C,YKR044W,0,-1.7279297,0.09356560558080673,0.9960119724273682,0.9680904150009155
YPR191W,YMR270C,0,-1.7339623,0.09355684369802475,0.9960119724273682,0.9681904315948486
YDL055C,YOR215C,0,-1.7393436,0.09354808181524277,0.9960119724273682,0.9682905077934265
YDL121C,YKR055W,0,-1.7400858,0.09353932738304138,0.9960119724273682,0.9683905243873596
YML097C,YPL180W,0,-1.7425288,0.0935305655002594,0.9960119724273682,0.9684905409812927
YKL171W,YOR232W,0,-1.7429798,0.09352181106805801,0.9960119724273682,0.9685905575752258
YLR395C,YER171W,0,-1.744884,0.09351305663585663,0.9960119724273682,0.9686906337738037
YER050C,YPR133W-A,0,-1.7470785,0.09350430220365524,0.9960119724273682,0.9687906503677368
YBL005W-B,YNL027W,0,-1.7483587,0.09349555522203445,0.9960119724273682,0.9688906669616699
YOR310C,YMR272C,0,-1.7530348,0.09348680824041367,0.9960119724273682,0.968990683555603
YLR291C,YOL124C,0,-1.757262,0.09347805380821228,0.9960119724273682,0.9690907001495361
YFL066C,YDR476C,0,-1.7577769,0.09346931427717209,0.9960119724273682,0.969190776348114
YOR159C,YBR074W,0,-1.7616279,0.0934605672955513,0.9960119724273682,0.9692907929420471
YJR149W,YAL038W,0,-1.7618202,0.09345182776451111,0.9960119724273682,0.9693908095359802
YOR378W,YPL147W,0,-1.7619612,0.09344308078289032,0.9960119724273682,0.9694908261299133
YGR251W,YOL111C,0,-1.7625579,0.09343434125185013,0.9960119724273682,0.9695909023284912
YDL179W,YIL083C,0,-1.7655159,0.09342560917139053,0.9960119724273682,0.9696909189224243
YDR405W,YER022W,0,-1.7675885,0.09341686964035034,0.9960119724273682,0.9697909355163574
YDL246C,YOR283W,0,-1.7680343,0.09340813755989075,0.9960119724273682,0.9698909521102905
YLR391W-A,YDR416W,0,-1.7686279,0.09339939802885056,0.9960119724273682,0.9699909687042236
YBL005W-B,YMR077C,0,-1.7692076,0.09339067339897156,0.9960119724273682,0.9700910449028015
YDR512C,YOR388C,0,-1.7713348,0.09338194131851196,0.9960119724273682,0.9701910614967346
YGL050W,YKL124W,0,-1.7725759,0.09337320923805237,0.9960119724273682,0.9702910780906677
YJL011C,YJR004C,0,-1.7729812,0.09336448460817337,0.9960119724273682,0.9703910946846008
YGR113W,YBR128C,0,-1.7742134,0.09335575997829437,0.9960119724273682,0.9704911708831787
YGR077C,YPL208W,0,-1.7742572,0.09334703534841537,0.9960119724273682,0.9705911874771118
YJL124C,YGL113W,0,-1.7758505,0.09333831816911697,0.9960119724273682,0.9706912040710449
YDR026C,YGL190C,0,-1.776983,0.09332959353923798,0.9960119724273682,0.970791220664978
YOR212W,YMR272C,0,-1.7775235,0.09332087635993958,0.9960119724273682,0.9708912968635559
YBR182C,YOL107W,0,-1.7799885,0.09331215918064117,0.9960119724273682,0.970991313457489
YBL079W,YML039W,0,-1.7811172,0.09330344945192337,0.9960119724273682,0.9710913300514221
YPR127W,YJL206C,0,-1.7823839,0.09329473227262497,0.9960119724273682,0.9711913466453552
YDR383C,YGR072W,0,-1.7827804,0.09328602254390717,0.9960119724273682,0.9712913632392883
YDL246C,YGR180C,0,-1.784053,0.09327731281518936,0.9960119724273682,0.9713914394378662
YJL011C,YBL112C,0,-1.7848825,0.09326860308647156,0.9960119724273682,0.9714914560317993
YDL035C,YDL148C,0,-1.7858924,0.09325989335775375,0.9960119724273682,0.9715914726257324
YNL102W,YNR044W,0,-1.7892307,0.09325119107961655,0.9960119724273682,0.9716914892196655
YDR415C,YGL113W,0,-1.794841,0.09324248880147934,0.9960119724273682,0.9717915654182434
YBL005W-B,YDR170C,0,-1.7963479,0.09323378652334213,0.9960119724273682,0.9718915820121765
YGR144W,YMR240C,0,-1.7973361,0.09322508424520493,0.9960119724273682,0.9719915986061096
YMR276W,YDR369C,0,-1.7980129,0.09321638196706772,0.9960119724273682,0.9720916152000427
YDR512C,YOR351C,0,-1.8001621,0.09320768713951111,0.9960119724273682,0.9721916317939758
YDL029W,YDR254W,0,-1.8004875,0.0931989923119545,0.9960119724273682,0.9722917079925537
YOR287C,YPR133W-A,0,-1.8014286,0.09319029748439789,0.9960119724273682,0.9723917245864868
YBR081C,YHR066W,0,-1.8046641,0.09318160265684128,0.9960119724273682,0.9724917411804199
YDR072C,YPR152C,0,-1.8054955,0.09317291527986526,0.9960119724273682,0.972591757774353
YPL276W,YMR308C,0,-1.8071655,0.09316422790288925,0.9960119724273682,0.9726918339729309
YDR499W,YDL024C,0,-1.8083136,0.09315554052591324,0.9960119724273682,0.972791850566864
YNL283C,YMR308C,0,-1.8083797,0.09314685314893723,0.9960119724273682,0.9728918671607971
YFR029W,YDR392W,0,-1.8086046,0.09313816577196121,0.9960119724273682,0.9729918837547302
YKR026C,YEL029C,0,-1.8093553,0.0931294858455658,0.9960119724273682,0.9730919003486633
YDR310C,YCL032W,0,-1.8135599,0.09312080591917038,0.9960119724273682,0.9731919765472412
YBL079W,YNL078W,0,-1.8136504,0.09311212599277496,0.9960119724273682,0.9732919931411743
YBR115C,YDL039C,0,-1.8137355,0.09310344606637955,0.9960119724273682,0.9733920097351074
YDR512C,YML097C,0,-1.8137894,0.09309477359056473,0.9960119724273682,0.9734920263290405
YKL217W,YGL212W,0,-1.8138844,0.09308610111474991,0.9960119724273682,0.9735921025276184
YCL074W,YMR269W,0,-1.8144784,0.09307742118835449,0.9960119724273682,0.9736921191215515
YDR254W,YPL259C,0,-1.8166056,0.09306875616312027,0.9960119724273682,0.9737921357154846
YDL078C,YPL082C,0,-1.8171616,0.09306008368730545,0.9960119724273682,0.9738921523094177
YHR066W,YMR227C,0,-1.8173769,0.09305141866207123,0.9960119724273682,0.9739921689033508
YDL039C,YDR081C,0,-1.8174338,0.09304274618625641,0.9960119724273682,0.9740922451019287
YNL131W,YLR401C,0,-1.8196719,0.09303408116102219,0.9960119724273682,0.9741922616958618
YCL024W,YNR003C,0,-1.8204917,0.09302542358636856,0.9960119724273682,0.9742922782897949
YNL032W,YMR137C,0,-1.8218498,0.09301675856113434,0.9960119724273682,0.974392294883728
YMR269W,YML099C,0,-1.8225572,0.09300810098648071,0.9960119724273682,0.9744923710823059
YPL119C,YNR015W,0,-1.8262899,0.09299944341182709,0.9960119724273682,0.974592387676239
YOR054C,YBR223C,0,-1.8267117,0.09299078583717346,0.9960119724273682,0.9746924042701721
YMR218C,YPL259C,0,-1.8271405,0.09298212826251984,0.9960119724273682,0.9747924208641052
YDR082W,YDR496C,0,-1.8280158,0.09297347813844681,0.9960119724273682,0.9748924970626831
YKL171W,YNR015W,0,-1.8283412,0.09296482056379318,0.9960119724273682,0.9749925136566162
YNL271C,YPL129W,0,-1.8294423,0.09295617043972015,0.9960119724273682,0.9750925302505493
YIL083C,YEL041W,0,-1.8310206,0.09294752776622772,0.9960119724273682,0.9751925468444824
YKL126W,YER168C,0,-1.8332912,0.0929388776421547,0.9960119724273682,0.9752925634384155
YMR241W,YJR031C,0,-1.8357407,0.09293023496866226,0.9960119724273682,0.9753926396369934
YBR247C,YGL113W,0,-1.8388354,0.09292159229516983,0.9960119724273682,0.9754926562309265
YMR203W,YBL034C,0,-1.8397611,0.0929129496216774,0.9960119724273682,0.9755926728248596
YPL083C,YOR285W,0,-1.8442099,0.09290430694818497,0.9960119724273682,0.9756926894187927
YIL020C,YLR042C,0,-1.8457642,0.09289566427469254,0.9960119724273682,0.9757927656173706
YDL215C,YNL080C,0,-1.8462279,0.0928870290517807,0.9960119724273682,0.9758927822113037
YIL128W,YOR215C,0,-1.8464222,0.09287839382886887,0.9960119724273682,0.9759927988052368
YHR211W,YOR353C,0,-1.8465399,0.09286975860595703,0.9960119724273682,0.9760928153991699
YMR077C,YBL034C,0,-1.8489714,0.0928611233830452,0.9960119724273682,0.976192831993103
YMR269W,YBR282W,0,-1.8513316,0.09285249561071396,0.9960119724273682,0.9762929081916809
YDR026C,YNR031C,0,-1.8523632,0.09284386783838272,0.9960119724273682,0.976392924785614
YDL206W,YPL093W,0,-1.8528898,0.09283524006605148,0.9960119724273682,0.9764929413795471
YPR191W,YNR035C,0,-1.8538661,0.09282661229372025,0.9960119724273682,0.9765929579734802
YCL074W,YGL071W,0,-1.8549843,0.09281798452138901,0.9960119724273682,0.9766930341720581
YNL267W,YOR324C,0,-1.855835,0.09280936419963837,0.9960119724273682,0.9767930507659912
YBR223C,YGL113W,0,-1.855972,0.09280074387788773,0.9960119724273682,0.9768930673599243
YHR132C,YNL010W,0,-1.8565371,0.09279212355613708,0.9960119724273682,0.9769930839538574
YNL131W,YBL028C,0,-1.8629305,0.09278350323438644,0.9960119724273682,0.9770931005477905
YMR013C,YOR089C,0,-1.8640332,0.0927748903632164,0.9960119724273682,0.9771931767463684
YBR195C,YPR083W,0,-1.8685815,0.09276627004146576,0.9960119724273682,0.9772931933403015
YKL171W,YJR028W,0,-1.868765,0.09275765717029572,0.9960119724273682,0.9773932099342346
YLR182W,YPL252C,0,-1.8708501,0.09274905174970627,0.9960119724273682,0.9774932265281677
YCL014W,YDR240C,0,-1.8737025,0.09274043887853622,0.9960119724273682,0.9775933027267456
YML036W,YJR031C,0,-1.8778099,0.09273182600736618,0.9960119724273682,0.9776933193206787
YHR164C,YCL024W,0,-1.8799818,0.09272322058677673,0.9960119724273682,0.9777933359146118
YBR202W,YNL117W,0,-1.8800697,0.09271461516618729,0.9960119724273682,0.9778933525085449
YHR069C,YBR111W-A,0,-1.8816781,0.09270600974559784,0.9960119724273682,0.977993369102478
YPL180W,YLR073C,0,-1.8824998,0.09269741177558899,0.9960119724273682,0.9780934453010559
YPL183W-A,YLR042C,0,-1.8838434,0.09268881380558014,0.9960119724273682,0.978193461894989
YCL018W,YDR159W,0,-1.8869987,0.09268020838499069,0.9960119724273682,0.9782934784889221
YBR067C,YPR043W,0,-1.8920679,0.09267161041498184,0.9960119724273682,0.9783934950828552
YMR319C,YMR065W,0,-1.8932347,0.09266301989555359,0.9960119724273682,0.9784935712814331
YGR036C,YMR032W,0,-1.8932779,0.09265442192554474,0.9960119724273682,0.9785935878753662
YNR028W,YIL016W,1,-1.8961842,0.0927385687828064,0.9970089793205261,0.9785935878753662
YNL273W,YER130C,0,-1.8973608,0.09272997081279755,0.9970089793205261,0.9786936044692993
YNL095C,YKR102W,0,-1.8976028,0.0927213728427887,0.9970089793205261,0.9787936210632324
YDL216C,YER104W,0,-1.9084601,0.09271277487277985,0.9970089793205261,0.9788936972618103
YPL064C,YDR252W,1,-1.9086115,0.09279688447713852,0.9980059862136841,0.9788936972618103
YOR298W,YMR240C,0,-1.9091401,0.09278828650712967,0.9980059862136841,0.9789937138557434
YNL079C,YFR018C,0,-1.9094338,0.09277968108654022,0.9980059862136841,0.9790937304496765
YOL107W,YPR127W,0,-1.9111309,0.09277108311653137,0.9980059862136841,0.9791937470436096
YML080W,YKL124W,0,-1.9132755,0.09276248514652252,0.9980059862136841,0.9792937636375427
YBR287W,YLR348C,0,-1.9148328,0.09275389462709427,0.9980059862136841,0.9793938398361206
YOL004W,YJL095W,0,-1.9198384,0.09274529665708542,0.9980059862136841,0.9794938564300537
YDR240C,YIL035C,0,-1.9202123,0.09273670613765717,0.9980059862136841,0.9795938730239868
YBR096W,YKL022C,0,-1.9284861,0.09272811561822891,0.9980059862136841,0.9796938896179199
YFR036W,YDL083C,0,-1.9287847,0.09271952509880066,0.9980059862136841,0.9797939658164978
YOR054C,YDR195W,0,-1.9309678,0.0927109345793724,0.9980059862136841,0.9798939824104309
YOR071C,YDR416W,0,-1.9326152,0.09270235151052475,0.9980059862136841,0.979993999004364
YOR283W,YEL043W,0,-1.9347345,0.0926937684416771,0.9980059862136841,0.9800940155982971
YBL005W-B,YDR140W,0,-1.9370064,0.09268518537282944,0.9980059862136841,0.9801940321922302
YNL271C,YGR020C,0,-1.9394821,0.09267660230398178,0.9980059862136841,0.9802941083908081
YHR066W,YIL006W,0,-1.9403251,0.09266802668571472,0.9980059862136841,0.9803941249847412
YLR301W,YGL113W,0,-1.9415398,0.09265944361686707,0.9980059862136841,0.9804941415786743
YOR145C,YLR278C,0,-1.9439633,0.0926508679986,0.9980059862136841,0.9805941581726074
YPL078C,YMR046C,0,-1.9464378,0.09264229238033295,0.9980059862136841,0.9806942343711853
YMR046C,YPR125W,0,-1.9507854,0.09263372421264648,0.9980059862136841,0.9807942509651184
YDR245W,YMR301C,0,-1.9560292,0.09262514859437943,0.9980059862136841,0.9808942675590515
YPR144C,YOR294W,0,-1.9615641,0.09261658042669296,0.9980059862136841,0.9809942841529846
YCL074W,YCL034W,0,-1.9665624,0.0926080122590065,0.9980059862136841,0.9810943007469177
YKL038W,YPL112C,0,-1.9671497,0.09259944409132004,0.9980059862136841,0.9811943769454956
YLR009W,YEL030W,0,-1.970538,0.09259088337421417,0.9980059862136841,0.9812943935394287
YOR142W,YJL124C,0,-1.9705645,0.09258231520652771,0.9980059862136841,0.9813944101333618
YNL163C,YDR364C,0,-1.9715939,0.09257375448942184,0.9980059862136841,0.9814944267272949
YDR369C,YER171W,0,-1.9743282,0.09256519377231598,0.9980059862136841,0.9815945029258728
YML049C,YJL130C,0,-1.9768107,0.09255663305521011,0.9980059862136841,0.9816945195198059
YPL134C,YPL244C,0,-1.9796668,0.09254807978868484,0.9980059862136841,0.981794536113739
YMR061W,YLR145W,0,-1.9827598,0.09253951907157898,0.9980059862136841,0.9818945527076721
YGR199W,YML030W,0,-1.9838233,0.09253096580505371,0.9980059862136841,0.9819945693016052
YLR289W,YFL023W,0,-1.9865215,0.09252241253852844,0.9980059862136841,0.9820946455001831
YJR119C,YJL130C,0,-1.9870427,0.09251386672258377,0.9980059862136841,0.9821946620941162
YER014C-A,YNL208W,0,-1.9877529,0.0925053134560585,0.9980059862136841,0.9822946786880493
YDL047W,YJL206C,0,-1.9891288,0.09249676764011383,0.9980059862136841,0.9823946952819824
YNL122C,YGL216W,0,-1.9926955,0.09248822182416916,0.9980059862136841,0.9824947714805603
YIL080W,YPL096W,0,-2.0066981,0.09247967600822449,0.9980059862136841,0.9825947880744934
YBR081C,YFR029W,0,-2.006954,0.09247113019227982,0.9980059862136841,0.9826948046684265
YHL012W,YER185W,0,-2.009625,0.09246259182691574,0.9980059862136841,0.9827948212623596
YEL031W,YMR227C,0,-2.0116768,0.09245405346155167,0.9980059862136841,0.9828948974609375
YNR074C,YGL212W,0,-2.0134268,0.09244551509618759,0.9980059862136841,0.9829949140548706
YDL107W,YPL027W,0,-2.014724,0.09243697673082352,0.9980059862136841,0.9830949306488037
YBL079W,YDL148C,0,-2.015534,0.09242843836545944,0.9980059862136841,0.9831949472427368
YDL121C,YBR287W,0,-2.0195124,0.09241990745067596,0.9980059862136841,0.9832949638366699
YPR200C,YPR152C,0,-2.0207036,0.09241137653589249,0.9980059862136841,0.9833950400352478
YPL150W,YHR051W,0,-2.0248947,0.09240284562110901,0.9980059862136841,0.9834950566291809
YNL070W,YPL011C,0,-2.0272956,0.09239431470632553,0.9980059862136841,0.983595073223114
YJL004C,YMR172W,0,-2.0289707,0.09238578379154205,0.9980059862136841,0.9836950898170471
YOR301W,YNL052W,0,-2.0352693,0.09237726032733917,0.9980059862136841,0.983795166015625
YGL172W,YFR045W,0,-2.042536,0.09236873686313629,0.9980059862136841,0.9838951826095581
YGL209W,YHR168W,0,-2.04766,0.09236021339893341,0.9980059862136841,0.9839951992034912
YDR472W,YKL015W,0,-2.0512269,0.09235168993473053,0.9980059862136841,0.9840952157974243
YOR287C,YFL048C,0,-2.055127,0.09234317392110825,0.9980059862136841,0.9841952323913574
YBL112C,YKR035W-A,0,-2.0588286,0.09233465790748596,0.9980059862136841,0.9842953085899353
YCR014C,YLL017W,0,-2.060542,0.09232614189386368,0.9980059862136841,0.9843953251838684
YBR118W,YJL130C,0,-2.0758598,0.0923176258802414,0.9980059862136841,0.9844953417778015
YKL038W,YJL144W,0,-2.0794601,0.09230910986661911,0.9980059862136841,0.9845953583717346
YDR205W,YLR103C,0,-2.093244,0.09230060130357742,0.9980059862136841,0.9846954345703125
YCL074W,YMR039C,0,-2.1007538,0.09229209274053574,0.9980059862136841,0.9847954511642456
YDL107W,YML052W,0,-2.1026654,0.09228358417749405,0.9980059862136841,0.9848954677581787
YOR147W,YNL070W,0,-2.1055841,0.09227507561445236,0.9980059862136841,0.9849954843521118
YDL015C,YHR082C,0,-2.1110425,0.09226656705141068,0.9980059862136841,0.9850955009460449
YFL057C,YMR193W,0,-2.116318,0.09225806593894958,0.9980059862136841,0.9851955771446228
YJR092W,YCL026C-B,0,-2.1167476,0.0922495648264885,0.9980059862136841,0.9852955937385559
YJL114W,YGR020C,0,-2.1200063,0.0922410637140274,0.9980059862136841,0.985395610332489
YDR167W,YPL082C,0,-2.1203532,0.09223256260156631,0.9980059862136841,0.9854956269264221
YGR177C,YNL282W,0,-2.1231916,0.09222406148910522,0.9980059862136841,0.985595703125
YMR093W,YEL029C,0,-2.1239078,0.09221556782722473,0.9980059862136841,0.9856957197189331
YMR117C,YDL024C,0,-2.1244645,0.09220707416534424,0.9980059862136841,0.9857957363128662
YNL117W,YGR246C,0,-2.125155,0.09219858050346375,0.9980059862136841,0.9858957529067993
YJR004C,YNL163C,0,-2.1263552,0.09219008684158325,0.9980059862136841,0.9859957695007324
YDL217C,YDR222W,0,-2.1264095,0.09218160063028336,0.9980059862136841,0.9860958456993103
YNL032W,YNL202W,0,-2.1266482,0.09217311441898346,0.9980059862136841,0.9861958622932434
YLR401C,YJR063W,0,-2.1269739,0.09216462820768356,0.9980059862136841,0.9862958788871765
YCR093W,YNR067C,0,-2.1357467,0.09215614199638367,0.9980059862136841,0.9863958954811096
YDR419W,YMR093W,0,-2.1364806,0.09214765578508377,0.9980059862136841,0.9864959716796875
YLR141W,YCR087C-A,0,-2.1428359,0.09213917702436447,0.9980059862136841,0.9865959882736206
YPL027W,YNL078W,0,-2.1465733,0.09213069826364517,0.9980059862136841,0.9866960048675537
YJR031C,YPR163C,0,-2.152418,0.09212221950292587,0.9980059862136841,0.9867960214614868
YGR177C,YGR179C,0,-2.1545749,0.09211374074220657,0.9980059862136841,0.9868960976600647
YPR167C,YMR114C,0,-2.1576228,0.09210526198148727,0.9980059862136841,0.9869961142539978
YOL165C,YHR079C,0,-2.1654468,0.09209679067134857,0.9980059862136841,0.9870961308479309
YOL070C,YMR270C,0,-2.1660554,0.09208831936120987,0.9980059862136841,0.987196147441864
YOL141W,YFL023W,0,-2.1696868,0.09207984805107117,0.9980059862136841,0.9872961640357971
YFL057C,YJL214W,0,-2.1700103,0.09207137674093246,0.9980059862136841,0.987396240234375
YHL012W,YHR132C,0,-2.1722727,0.09206290543079376,0.9980059862136841,0.9874962568283081
YPR011C,YKL126W,0,-2.1759014,0.09205444157123566,0.9980059862136841,0.9875962734222412
YCL036W,YPL150W,0,-2.1793387,0.09204597771167755,0.9980059862136841,0.9876962900161743
YPR091C,YNL182C,0,-2.1840959,0.09203751385211945,0.9980059862136841,0.9877963662147522
YBR129C,YOR180C,0,-2.1933098,0.09202904999256134,0.9980059862136841,0.9878963828086853
YIL134W,YOL070C,0,-2.2039948,0.09202059358358383,0.9980059862136841,0.9879963994026184
YJR006W,YPR200C,0,-2.206017,0.09201213717460632,0.9980059862136841,0.9880964159965515
YML006C,YIL083C,0,-2.207333,0.09200367331504822,0.9980059862136841,0.9881964325904846
YMR032W,YLR033W,0,-2.2091537,0.0919952243566513,0.9980059862136841,0.9882965087890625
YER087W,YJR031C,0,-2.2118728,0.0919867679476738,0.9980059862136841,0.9883965253829956
YGL158W,YPL134C,0,-2.2137914,0.09197831153869629,0.9980059862136841,0.9884965419769287
YER098W,YLR330W,0,-2.2161963,0.09196986258029938,0.9980059862136841,0.9885965585708618
YHR002W,YJR119C,0,-2.2250037,0.09196141362190247,0.9980059862136841,0.9886966347694397
YDR405W,YJL071W,0,-2.2262866,0.09195296466350555,0.9980059862136841,0.9887966513633728
YGL083W,YLR141W,0,-2.228228,0.09194452315568924,0.9980059862136841,0.9888966679573059
YLR386W,YGR246C,0,-2.2307596,0.09193607419729233,0.9980059862136841,0.988996684551239
YMR005W,YHR214C-B,0,-2.2329903,0.09192763268947601,0.9980059862136841,0.9890967011451721
YJL071W,YDR304C,0,-2.2423172,0.0919191911816597,0.9980059862136841,0.98919677734375
YMR019W,YPL093W,0,-2.2478654,0.09191074967384338,0.9980059862136841,0.9892967939376831
YDR172W,YBR128C,0,-2.2549725,0.09190231561660767,0.9980059862136841,0.9893968105316162
YNL273W,YDR369C,0,-2.2578006,0.09189387410879135,0.9980059862136841,0.9894968271255493
YOR148C,YJL128C,0,-2.263844,0.09188544005155563,0.9980059862136841,0.9895969033241272
YCL036W,YKL189W,0,-2.2640083,0.09187700599431992,0.9980059862136841,0.9896969199180603
YOR216C,YER162C,0,-2.266722,0.0918685719370842,0.9980059862136841,0.9897969365119934
YNL127W,YNL010W,0,-2.270269,0.09186014533042908,0.9980059862136841,0.9898969531059265
YDR351W,YJR083C,0,-2.2704854,0.09185171872377396,0.9980059862136841,0.9899969696998596
YDL246C,YMR090W,0,-2.28237,0.09184328466653824,0.9980059862136841,0.9900970458984375
YJR092W,YGL050W,0,-2.2901797,0.09183486551046371,0.9980059862136841,0.9901970624923706
YBR120C,YBR271W,0,-2.3006895,0.0918264389038086,0.9980059862136841,0.9902970790863037
YNR003C,YJR040W,0,-2.304884,0.09181801229715347,0.9980059862136841,0.9903970956802368
YGL225W,YFL054C,0,-2.3137107,0.09180959314107895,0.9980059862136841,0.9904971718788147
YLR300W,YDR389W,0,-2.3161955,0.09180117398500443,0.9980059862136841,0.9905971884727478
YPL139C,YDL170W,0,-2.3227067,0.0917927548289299,0.9980059862136841,0.9906972050666809
YBR066C,YKL186C,0,-2.323092,0.09178433567285538,0.9980059862136841,0.990797221660614
YIL095W,YGR134W,0,-2.325195,0.09177592396736145,0.9980059862136841,0.9908972978591919
YOR180C,YER115C,0,-2.338116,0.09176751226186752,0.9980059862136841,0.990997314453125
YGR084C,YDR416W,0,-2.3516097,0.0917591005563736,0.9980059862136841,0.9910973310470581
YOR388C,YDR229W,0,-2.353768,0.09175068885087967,0.9980059862136841,0.9911973476409912
YLR197W,YKL182W,0,-2.3538778,0.09174227714538574,0.9980059862136841,0.9912973642349243
YKR036C,YPR125W,0,-2.3615227,0.09173387289047241,0.9980059862136841,0.9913974404335022
YPL064C,YDR285W,0,-2.3662026,0.09172546863555908,0.9980059862136841,0.9914974570274353
YIL139C,YKR044W,0,-2.367339,0.09171706438064575,0.9980059862136841,0.9915974736213684
YHR164C,YDR281C,0,-2.3673668,0.09170866012573242,0.9980059862136841,0.9916974902153015
YEL052W,YPR119W,0,-2.3695176,0.09170025587081909,0.9980059862136841,0.9917975664138794
YEL043W,YIL020C,0,-2.3734426,0.09169185906648636,0.9980059862136841,0.9918975830078125
YHR175W,YGR199W,0,-2.3879833,0.09168345481157303,0.9980059862136841,0.9919975996017456
YLR141W,YLR145W,0,-2.3882713,0.09167506545782089,0.9980059862136841,0.9920976161956787
YMR210W,YOR355W,0,-2.3974414,0.09166666865348816,0.9980059862136841,0.9921976327896118
YNR031C,YNR021W,0,-2.4105773,0.09165827184915543,0.9980059862136841,0.9922977089881897
YFL023W,YLR200W,1,-2.4145422,0.09174144268035889,0.999002993106842,0.9922977089881897
YDR076W,YHR058C,0,-2.4246264,0.09173303842544556,0.999002993106842,0.9923977255821228
YDR059C,YLR016C,0,-2.4273164,0.09172464162111282,0.999002993106842,0.9924977421760559
YLL003W,YHR069C,0,-2.4291353,0.09171624481678009,0.999002993106842,0.992597758769989
YOR291W,YGL026C,0,-2.4327679,0.09170785546302795,0.999002993106842,0.9926978349685669
YOR323C,YDR109C,0,-2.438797,0.09169945865869522,0.999002993106842,0.9927978515625
YCL036W,YDR389W,0,-2.4425163,0.09169106930494308,0.999002993106842,0.9928978681564331
YPR190C,YBL034C,0,-2.4447186,0.09168267995119095,0.999002993106842,0.9929978847503662
YDR174W,YGR134W,0,-2.4453373,0.09167429059743881,0.999002993106842,0.9930979013442993
YPL122C,YHR008C,0,-2.4457378,0.09166590124368668,0.999002993106842,0.9931979775428772
YBL028C,YIL140W,0,-2.4517782,0.09165751934051514,0.999002993106842,0.9932979941368103
YOR084W,YOL066C,0,-2.4552336,0.0916491374373436,0.999002993106842,0.9933980107307434
YOR148C,YPL096W,0,-2.4661193,0.09164075553417206,0.999002993106842,0.9934980273246765
YMR241W,YLR394W,0,-2.4751081,0.09163237363100052,0.999002993106842,0.9935981035232544
YNL273W,YPL112C,0,-2.4882774,0.09162399172782898,0.999002993106842,0.9936981201171875
YJR119C,YNL236W,0,-2.489078,0.09161561727523804,0.999002993106842,0.9937981367111206
YDR492W,YHR168W,0,-2.4951625,0.0916072428226471,0.999002993106842,0.9938981533050537
YAL033W,YKL095W,0,-2.4986446,0.09159886837005615,0.999002993106842,0.9939981698989868
YGR113W,YOR340C,0,-2.5010605,0.09159049391746521,0.999002993106842,0.9940982460975647
YJL112W,YMR099C,0,-2.504169,0.09158211946487427,0.999002993106842,0.9941982626914978
YMR321C,YKR002W,0,-2.5200775,0.09157375246286392,0.999002993106842,0.9942982792854309
YER022W,YDR109C,0,-2.5453486,0.09156538546085358,0.999002993106842,0.994398295879364
YML036W,YNL092W,0,-2.5694084,0.09155701845884323,0.999002993106842,0.9944983720779419
YHR066W,YDR072C,0,-2.5709474,0.09154865145683289,0.999002993106842,0.994598388671875
YNR018W,YOL108C,0,-2.5775576,0.09154029190540314,0.999002993106842,0.9946984052658081
YKL038W,YLR042C,0,-2.5809836,0.09153192490339279,0.999002993106842,0.9947984218597412
YOR206W,YDR389W,0,-2.5957568,0.09152356535196304,0.999002993106842,0.9948984980583191
YER138C,YGR089W,0,-2.5995088,0.0915152058005333,0.999002993106842,0.9949985146522522
YHR209W,YGL216W,0,-2.6023195,0.09150684624910355,0.999002993106842,0.9950985312461853
YAL063C,YIL132C,0,-2.625794,0.0914984941482544,0.999002993106842,0.9951985478401184
YGR155W,YLR042C,0,-2.6433663,0.09149014204740524,0.999002993106842,0.9952985644340515
YMR319C,YMR114C,0,-2.6661391,0.0914817824959755,0.999002993106842,0.9953986406326294
YMR168C,YNL172W,0,-2.6802635,0.09147343784570694,0.999002993106842,0.9954986572265625
YDL245C,YNL298W,0,-2.7047434,0.09146508574485779,0.999002993106842,0.9955986738204956
YBL085W,YNR072W,0,-2.7295399,0.09145673364400864,0.999002993106842,0.9956986904144287
YER162C,YGL169W,0,-2.7480402,0.09144838899374008,0.999002993106842,0.9957987666130066
YGR095C,YGL183C,0,-2.7942266,0.09144004434347153,0.999002993106842,0.9958987832069397
YDR254W,YGL236C,0,-2.8185773,0.09143169969320297,0.999002993106842,0.9959987998008728
YMR168C,YNL282W,0,-2.825665,0.09142335504293442,0.999002993106842,0.9960988163948059
YJR127C,YGL050W,0,-2.8484516,0.09141501784324646,0.999002993106842,0.996198832988739
YLR395C,YBR271W,0,-2.901813,0.0914066806435585,0.999002993106842,0.9962989091873169
YOR209C,YGL259W,0,-2.9404504,0.09139834344387054,0.999002993106842,0.99639892578125
YDR082W,YNL309W,0,-2.9454424,0.09139000624418259,0.999002993106842,0.9964989423751831
YJR119C,YOR310C,0,-2.9516315,0.09138166904449463,0.999002993106842,0.9965989589691162
YKL020C,YMR093W,0,-2.9606285,0.09137333929538727,0.999002993106842,0.9966990351676941
YNL271C,YGL169W,0,-2.9780948,0.09136500209569931,0.999002993106842,0.9967990517616272
YDR205W,YOL093W,0,-2.9891696,0.09135667234659195,0.999002993106842,0.9968990683555603
YNL172W,YML073C,0,-3.016612,0.09134834259748459,0.999002993106842,0.9969990849494934
YFR031C,YIL139C,0,-3.0595336,0.09134002029895782,0.999002993106842,0.9970991015434265
YDR498C,YBR238C,0,-3.061782,0.09133169054985046,0.999002993106842,0.9971991777420044
YLR024C,YDR218C,0,-3.073049,0.0913233682513237,0.999002993106842,0.9972991943359375
YLR289W,YJR112W,0,-3.0850668,0.09131504595279694,0.999002993106842,0.9973992109298706
YKL082C,YNL298W,0,-3.1082048,0.09130672365427017,0.999002993106842,0.9974992275238037
YCL036W,YDL107W,0,-3.1830487,0.091298408806324,0.999002993106842,0.9975993037223816
YLR425W,YPL093W,0,-3.193481,0.09129008650779724,0.999002993106842,0.9976993203163147
YPL134C,YGL169W,0,-3.1993794,0.09128177165985107,0.999002993106842,0.9977993369102478
YJL187C,YLR141W,0,-3.2277875,0.09127345681190491,0.999002993106842,0.9978993535041809
YOL066C,YDL024C,0,-3.2539725,0.09126514196395874,0.999002993106842,0.997999370098114
YJR107W,YMR038C,0,-3.2732556,0.09125682711601257,0.999002993106842,0.9980994462966919
YPR194C,YGR134W,0,-3.2931004,0.091248519718647,0.999002993106842,0.998199462890625
YJR119C,YLR291C,0,-3.3481772,0.09124021232128143,0.999002993106842,0.9982994794845581
YKL144C,YEL029C,0,-3.354961,0.09123190492391586,0.999002993106842,0.9983994960784912
YHR066W,YOR377W,0,-3.3654256,0.09122359752655029,0.999002993106842,0.9984995722770691
YPL252C,YOL108C,0,-3.4386973,0.09121529012918472,0.999002993106842,0.9985995888710022
YCL036W,YBR115C,0,-3.4475455,0.09120699018239975,0.999002993106842,0.9986996054649353
YOR237W,YJL095W,0,-3.4887536,0.09119869023561478,0.999002993106842,0.9987996220588684
YKR066C,YJR031C,0,-3.5009766,0.0911903902888298,0.999002993106842,0.9988996982574463
YPL163C,YNR072W,0,-3.5154037,0.09118209034204483,0.999002993106842,0.9989997148513794
YLR183C,YMR097C,0,-3.5408924,0.09117379784584045,0.999002993106842,0.9990997314453125
YGR216C,YOR219C,0,-3.5432084,0.09116549789905548,0.999002993106842,0.9991997480392456
YLR401C,YPL218W,0,-3.6914144,0.0911572054028511,0.999002993106842,0.9992997646331787
YMR218C,YOL004W,0,-3.7976103,0.09114891290664673,0.999002993106842,0.9993998408317566
YML036W,YBR037C,0,-3.80033,0.09114062041044235,0.999002993106842,0.9994998574256897
YJR138W,YKL078W,0,-4.070605,0.09113233536481857,0.999002993106842,0.9995998740196228
YHR029C,YBR037C,0,-4.157992,0.0911240428686142,0.999002993106842,0.9996998906135559
YLR183C,YFR019W,0,-4.25998,0.09111575782299042,0.999002993106842,0.9997999668121338
YNL172W,YOR237W,0,-4.3292637,0.09110747277736664,0.999002993106842,0.9998999834060669
YGR285C,YLR394W,0,-4.4811373,0.09109918773174286,0.999002993106842,1.0
YFL023W,YEL030W,1,-5.5663953,0.09118181467056274,1.0,1.0
