Gene A,Gene B,Label,Score,Precision,Recall,False Positive Rate
YAL033W,YHR164C,0,66.92514,0.0,0.0,0.00010010010009864345
YJL130C,YER183C,1,37.359024,0.5,0.0009900990407913923,0.00010010010009864345
YKL016C,YDR341C,1,34.27017,0.6666666865348816,0.0019801980815827847,0.00010010010009864345
YGR204W,YDL004W,1,33.66169,0.75,0.002970297122374177,0.00010010010009864345
YBL099W,YNL247W,1,31.91164,0.800000011920929,0.003960396163165569,0.00010010010009864345
YHR019C,YHR011W,1,31.699978,0.8333333134651184,0.004950494971126318,0.00010010010009864345
YFL022C,YDR377W,1,31.548557,0.8571428656578064,0.005940594244748354,0.00010010010009864345
YDR023W,YGR244C,1,31.13612,0.875,0.006930693052709103,0.00010010010009864345
YIL078W,YPL271W,1,31.051033,0.8888888955116272,0.007920792326331139,0.00010010010009864345
YDR298C,YDR037W,1,30.647963,0.8999999761581421,0.0089108906686306,0.00010010010009864345
YFL022C,YBR039W,1,29.57529,0.9090909361839294,0.009900989942252636,0.00010010010009864345
YDR023W,YKL034W,1,29.310604,0.9166666865348816,0.010891089215874672,0.00010010010009864345
YIL078W,YDR313C,1,29.22254,0.9230769276618958,0.011881188489496708,0.00010010010009864345
YDR298C,YDR341C,1,28.790302,0.9285714030265808,0.01287128683179617,0.00010010010009864345
YPL078C,YDR037W,1,28.651455,0.9333333373069763,0.013861386105418205,0.00010010010009864345
YHR019C,YPR180W,1,28.647362,0.9375,0.014851485379040241,0.00010010010009864345
YGR204W,YPL078C,1,28.576391,0.9411764740943909,0.015841584652662277,0.00010010010009864345
YOL097C,YBR218C,1,28.466406,0.9444444179534912,0.01683168299496174,0.00010010010009864345
YOR303W,YPL160W,1,28.394531,0.9473684430122375,0.0178217813372612,0.00010010010009864345
YOR215C,YPR145W,1,28.049713,0.949999988079071,0.01881188154220581,0.00010010010009864345
YDR092W,YHR020W,1,27.868269,0.9523809552192688,0.019801979884505272,0.00010010010009864345
YLR060W,YBL080C,1,27.832016,0.9545454382896423,0.020792080089449883,0.00010010010009864345
YKR057W,YFR033C,0,27.748074,0.9130434989929199,0.020792080089449883,0.0002002002001972869
YHR020W,YHR011W,1,27.58161,0.9166666865348816,0.021782178431749344,0.0002002002001972869
YLR239C,YHR020W,1,27.478857,0.9200000166893005,0.022772276774048805,0.0002002002001972869
YGR264C,YPR047W,1,27.196888,0.9230769276618958,0.023762376978993416,0.0002002002001972869
YFL022C,YPL271W,1,27.187027,0.9259259104728699,0.024752475321292877,0.0002002002001972869
YLR080W,YBL076C,0,27.155453,0.8928571343421936,0.024752475321292877,0.00030030030757188797
YLR060W,YJR109C,1,26.895498,0.8965517282485962,0.02574257366359234,0.00030030030757188797
YGR184C,YBR121C,1,26.586975,0.8999999761581421,0.02673267386853695,0.00030030030757188797
YIL078W,YOL058W,1,26.477264,0.9032257795333862,0.02772277221083641,0.00030030030757188797
YDR037W,YBR218C,1,26.404335,0.90625,0.028712870553135872,0.00030030030757188797
YOR335C,YBR039W,1,25.823227,0.9090909361839294,0.029702970758080482,0.00030030030757188797
YER183C,YBR208C,1,25.52359,0.9117646813392639,0.030693069100379944,0.00030030030757188797
YOL097C,YPL078C,1,25.32434,0.9142857193946838,0.031683169305324554,0.00030030030757188797
YHR020W,YJR109C,1,25.285631,0.9166666865348816,0.03267326578497887,0.00030030030757188797
YDR242W,YHR019C,1,25.240227,0.9189189076423645,0.03366336598992348,0.00030030030757188797
YDR298C,YLR060W,1,25.203018,0.9210526347160339,0.03465346619486809,0.00030030030757188797
YDR242W,YPR033C,1,25.145737,0.9230769276618958,0.0356435626745224,0.00030030030757188797
YOL033W,YBL039C,1,25.123085,0.925000011920929,0.03663366287946701,0.00030030030757188797
YNL052W,YGR118W,0,25.049559,0.9024389982223511,0.03663366287946701,0.0004004004003945738
YPR047W,YDR341C,1,24.955627,0.9047619104385376,0.03762376308441162,0.0004004004003945738
YBR039W,YGR124W,1,24.820217,0.9069767594337463,0.03861385956406593,0.0004004004003945738
YNL220W,YJR109C,1,24.804897,0.9090909361839294,0.039603959769010544,0.0004004004003945738
YJL166W,YGL030W,0,24.668125,0.8888888955116272,0.039603959769010544,0.0005005004932172596
YGR184C,YBL076C,1,24.628193,0.8913043737411499,0.040594059973955154,0.0005005004932172596
YJL101C,YDR037W,1,24.612179,0.8936170339584351,0.041584160178899765,0.0005005004932172596
YHR020W,YHR171W,1,24.5947,0.8958333134651184,0.04257425665855408,0.0005005004932172596
YLR153C,YGL087C,1,24.569443,0.8979591727256775,0.04356435686349869,0.0005005004932172596
YLL008W,YOR187W,0,24.41705,0.8799999952316284,0.04356435686349869,0.0006006006151437759
YLR382C,YHR020W,1,24.388329,0.8823529481887817,0.0445544570684433,0.0006006006151437759
YOR303W,YLR060W,1,24.330746,0.8846153616905212,0.04554455354809761,0.0006006006151437759
YDR322C-A,YGL245W,1,24.311459,0.8867924809455872,0.04653465375304222,0.0006006006151437759
YBR121C,YBL080C,1,24.307243,0.8888888955116272,0.04752475395798683,0.0006006006151437759
YFR033C,YGR214W,0,24.258709,0.8727272748947144,0.04752475395798683,0.0007007006788626313
YPL040C,YPL160W,1,24.198563,0.875,0.048514850437641144,0.0007007006788626313
YHR020W,YPR145W,1,24.16884,0.8771929740905762,0.049504950642585754,0.0007007006788626313
YDR242W,YLR060W,1,24.146057,0.8793103694915771,0.050495050847530365,0.0007007006788626313
YDR023W,YLR239C,1,24.136028,0.8813559412956238,0.05148514732718468,0.0007007006788626313
YEL012W,YIL133C,0,24.107634,0.8666666746139526,0.05148514732718468,0.0008008008007891476
YIL020C,YLR359W,0,23.9255,0.8524590134620667,0.05148514732718468,0.0009009009227156639
YGL245W,YPR180W,1,23.919321,0.8548387289047241,0.05247524753212929,0.0009009009227156639
YLR060W,YHR171W,1,23.802773,0.8571428656578064,0.0534653477370739,0.0009009009227156639
YDR298C,YBR084W,1,23.728935,0.859375,0.05445544421672821,0.0009009009227156639
YBL099W,YBL076C,1,23.682777,0.8615384697914124,0.05544554442167282,0.0009009009227156639
YBL076C,YGL087C,1,23.66969,0.8636363744735718,0.05643564462661743,0.0009009009227156639
YPL040C,YMR207C,1,23.664888,0.8656716346740723,0.057425741106271744,0.0009009009227156639
YGL026C,YIL046W,0,23.645775,0.8529411554336548,0.057425741106271744,0.0010010009864345193
YBR082C,YDR037W,1,23.61858,0.8550724387168884,0.058415841311216354,0.0010010009864345193
YDR092W,YGL234W,1,23.585169,0.8571428656578064,0.059405941516160965,0.0010010009864345193
YOL049W,YJR121W,1,23.301186,0.8591549396514893,0.06039603799581528,0.0010010009864345193
YCR024C,YDR037W,1,23.299479,0.8611111044883728,0.06138613820075989,0.0010010009864345193
YNL220W,YOR215C,1,23.18328,0.8630136847496033,0.0623762384057045,0.0010010009864345193
YBL099W,YHR111W,1,23.0177,0.8648648858070374,0.06336633861064911,0.0010010009864345193
YDR092W,YBR084W,1,22.888092,0.8666666746139526,0.06435643881559372,0.0010010009864345193
YGR204W,YBR084W,1,22.86972,0.8684210777282715,0.06534653156995773,0.0010010009864345193
YLR005W,YLR344W,0,22.743093,0.8571428656578064,0.06534653156995773,0.0011011010501533747
YDR377W,YGL234W,1,22.63843,0.8589743375778198,0.06633663177490234,0.0011011010501533747
YBR039W,YEL019C,1,22.537106,0.8607594966888428,0.06732673197984695,0.0011011010501533747
YJL130C,YBR208C,1,22.498396,0.862500011920929,0.06831683218479156,0.0011011010501533747
YGR264C,YER100W,1,22.303793,0.8641975522041321,0.06930693238973618,0.0011011010501533747
YAL033W,YGL071W,0,22.19199,0.8536585569381714,0.06930693238973618,0.0012012012302875519
YIL078W,YER015W,1,22.166534,0.8554216623306274,0.07029703259468079,0.0012012012302875519
YBR121C,YOR339C,1,22.152798,0.8571428656578064,0.0712871253490448,0.0012012012302875519
YOR156C,YDR023W,1,22.10635,0.8588235378265381,0.07227722555398941,0.0012012012302875519
YOR335C,YOR317W,1,22.101833,0.8604651093482971,0.07326732575893402,0.0012012012302875519
YOR215C,YBR218C,1,22.052212,0.8620689511299133,0.07425742596387863,0.0012012012302875519
YER087W,YBR121C,1,21.91182,0.8636363744735718,0.07524752616882324,0.0012012012302875519
YDR023W,YGR061C,1,21.853111,0.8651685118675232,0.07623762637376785,0.0012012012302875519
YDL004W,YBR218C,1,21.847637,0.8666666746139526,0.07722771912813187,0.0012012012302875519
YDR298C,YNL220W,1,21.792284,0.8681318759918213,0.07821781933307648,0.0012012012302875519
YIL030C,YGR094W,1,21.78907,0.8695651888847351,0.07920791953802109,0.0012012012302875519
YPR081C,YDR341C,1,21.47375,0.8709677457809448,0.0801980197429657,0.0012012012302875519
YOL013C,YBL039C,1,21.4412,0.8723404407501221,0.08118811994791031,0.0012012012302875519
YGR133W,YDR341C,1,21.439137,0.8736842274665833,0.08217822015285492,0.0012012012302875519
YBL099W,YOR241W,1,21.416565,0.875,0.08316832035779953,0.0012012012302875519
YLL018C,YDR313C,1,21.375137,0.876288652420044,0.08415841311216354,0.0012012012302875519
YPR033C,YDL004W,1,21.365189,0.8775510191917419,0.08514851331710815,0.0012012012302875519
YKL132C,YLR060W,1,21.348469,0.8787878751754761,0.08613861352205276,0.0012012012302875519
YLR390W,YPR043W,0,21.347511,0.8700000047683716,0.08613861352205276,0.0013013012940064073
YOR335C,YDR177W,1,21.341408,0.8712871074676514,0.08712871372699738,0.0013013012940064073
YOL058W,YLR060W,1,21.331532,0.8725489974021912,0.08811881393194199,0.0013013012940064073
YPR191W,YJL192C,0,21.298977,0.8640776872634888,0.08811881393194199,0.0014014013577252626
YPR026W,YNL163C,0,21.295685,0.8557692170143127,0.08811881393194199,0.0015015015378594398
YDR037W,YMR022W,1,21.2585,0.8571428656578064,0.0891089141368866,0.0015015015378594398
YBR121C,YNR016C,1,21.255348,0.8584905862808228,0.09009900689125061,0.0015015015378594398
YMR246W,YDR092W,1,21.202854,0.8598130941390991,0.09108910709619522,0.0015015015378594398
YDR242W,YOR168W,1,21.114067,0.8611111044883728,0.09207920730113983,0.0015015015378594398
YIL145C,YDR037W,1,20.976603,0.8623853325843811,0.09306930750608444,0.0015015015378594398
YOR317W,YDR023W,1,20.94919,0.8636363744735718,0.09405940771102905,0.0015015015378594398
YCR011C,YPR163C,0,20.810352,0.8558558821678162,0.09405940771102905,0.0016016016015782952
YDR414C,YPR191W,0,20.800457,0.8482142686843872,0.09405940771102905,0.0017017016652971506
YGR204W,YHR020W,1,20.782936,0.8495575189590454,0.09504950791597366,0.0017017016652971506
YPL078C,YBR187W,0,20.65043,0.8421052694320679,0.09504950791597366,0.0018018018454313278
YNL178W,YCL052C,0,20.64777,0.834782600402832,0.09504950791597366,0.0019019019091501832
YPL271W,YOR168W,1,20.61633,0.8362069129943848,0.09603960067033768,0.0019019019091501832
YOR168W,YJR109C,1,20.50469,0.8376068472862244,0.09702970087528229,0.0019019019091501832
YGR244C,YPR180W,1,20.426517,0.8389830589294434,0.0980198010802269,0.0019019019091501832
YMR321C,YLR301W,0,20.408842,0.831932783126831,0.0980198010802269,0.0020020019728690386
YLR295C,YBL039C,1,20.394054,0.8333333134651184,0.09900990128517151,0.0020020019728690386
YBR082C,YOL097C,1,20.32417,0.8347107172012329,0.10000000149011612,0.0020020019728690386
YGL087C,YBL039C,1,20.244648,0.8360655903816223,0.10099010169506073,0.0020020019728690386
YOR142W,YPR145W,1,20.165228,0.8373983502388,0.10198019444942474,0.0020020019728690386
YMR217W,YHR111W,1,20.087528,0.8387096524238586,0.10297029465436935,0.0020020019728690386
YPR145W,YHR011W,1,19.969526,0.8399999737739563,0.10396039485931396,0.0020020019728690386
YMR217W,YHR091C,1,19.95348,0.841269850730896,0.10495049506425858,0.0020020019728690386
YLR060W,YEL012W,1,19.929272,0.8425197005271912,0.10594059526920319,0.0020020019728690386
YOR303W,YAR015W,1,19.904613,0.84375,0.1069306954741478,0.0020020019728690386
YOR317W,YGR094W,1,19.895699,0.8449612259864807,0.10792079567909241,0.0020020019728690386
YMR090W,YDR508C,0,19.885242,0.8384615182876587,0.10792079567909241,0.002102102153003216
YGR204W,YBL076C,1,19.836613,0.8396946787834167,0.10891088843345642,0.002102102153003216
YLR295C,YPL234C,1,19.718954,0.8409090638160706,0.10990098863840103,0.002102102153003216
YDR211W,YLR028C,0,19.53424,0.8345864415168762,0.10990098863840103,0.0022022021003067493
YFL022C,YHR171W,1,19.501713,0.8358209133148193,0.11089108884334564,0.0022022021003067493
YHR030C,YDL083C,0,19.477928,0.8296296000480652,0.11089108884334564,0.0023023022804409266
YHR019C,YKL010C,1,19.446613,0.8308823704719543,0.11188118904829025,0.0023023022804409266
YDR023W,YPL003W,1,19.425236,0.8321167826652527,0.11287128925323486,0.0023023022804409266
YPR024W,YER055C,0,19.375622,0.8260869383811951,0.11287128925323486,0.0024024024605751038
YER150W,YLR153C,0,19.314756,0.8201438784599304,0.11287128925323486,0.0025025024078786373
YEL027W,YGR124W,1,19.29405,0.8214285969734192,0.11386138945817947,0.0025025024078786373
YPL040C,YOR241W,1,19.292744,0.8226950168609619,0.11485148221254349,0.0025025024078786373
YNL247W,YNL073W,1,19.280024,0.8239436745643616,0.1158415824174881,0.0025025024078786373
YPL097W,YLR060W,1,19.27964,0.8251748085021973,0.11683168262243271,0.0025025024078786373
YPL078C,YBR218C,1,19.239914,0.8263888955116272,0.11782178282737732,0.0025025024078786373
YPL097W,YDL164C,1,19.233051,0.8275862336158752,0.11881188303232193,0.0025025024078786373
YGR264C,YCR066W,1,19.175276,0.8287671208381653,0.11980198323726654,0.0025025024078786373
YGR034W,YHR051W,0,19.150444,0.8231292366981506,0.11980198323726654,0.0026026025880128145
YLR395C,YMR123W,0,19.14362,0.8175675868988037,0.11980198323726654,0.0027027027681469917
YDR054C,YCR024C,1,19.120628,0.818791925907135,0.12079207599163055,0.0027027027681469917
YOR335C,YGR264C,1,19.113045,0.8199999928474426,0.12178217619657516,0.0027027027681469917
YIL009W,YDR313C,1,19.068945,0.8211920261383057,0.12277227640151978,0.0027027027681469917
YHR020W,YEL019C,1,19.016212,0.8223684430122375,0.12376237660646439,0.0027027027681469917
YBR208C,YDR341C,1,19.009804,0.8235294222831726,0.124752476811409,0.0027027027681469917
YML096W,YOL097C,1,19.008057,0.8246753215789795,0.125742569565773,0.0027027027681469917
YIL145C,YJR036C,1,18.998188,0.8258064389228821,0.12673267722129822,0.0027027027681469917
YOL058W,YKL016C,1,18.967918,0.8269230723381042,0.12772276997566223,0.0027027027681469917
YGR155W,YJR034W,0,18.935331,0.8216560482978821,0.12772276997566223,0.0028028027154505253
YDR283C,YBR082C,1,18.935226,0.8227847814559937,0.12871287763118744,0.0028028027154505253
YPR047W,YGR124W,1,18.923042,0.8238993883132935,0.12970297038555145,0.0028028027154505253
YLL041C,YIL021W,0,18.829763,0.8187500238418579,0.12970297038555145,0.0029029028955847025
YKL194C,YEL012W,1,18.81585,0.8198757767677307,0.13069306313991547,0.0029029028955847025
YBR082C,YPL078C,1,18.812935,0.8209876418113708,0.13168317079544067,0.0029029028955847025
YOL033W,YNL191W,1,18.748802,0.8220859169960022,0.1326732635498047,0.0029029028955847025
YML081C-A,YDR341C,1,18.72652,0.8231707215309143,0.1336633712053299,0.0029029028955847025
YPR111W,YNL050C,0,18.686138,0.8181818127632141,0.1336633712053299,0.0030030030757188797
YLR359W,YGR214W,0,18.68016,0.8132529854774475,0.1336633712053299,0.0031031030230224133
YKL194C,YGR204W,1,18.660591,0.8143712282180786,0.1346534639596939,0.0031031030230224133
YJL101C,YFL022C,1,18.659725,0.8154761791229248,0.13564357161521912,0.0031031030230224133
YJL101C,YMR217W,1,18.64939,0.8165680766105652,0.13663366436958313,0.0031031030230224133
YOL058W,YDR298C,1,18.595234,0.8176470398902893,0.13762375712394714,0.0031031030230224133
YMR217W,YGL240W,1,18.570984,0.8187134265899658,0.13861386477947235,0.0031031030230224133
YIL009W,YPR047W,1,18.557796,0.819767415523529,0.13960395753383636,0.0031031030230224133
YOR005C,YLR060W,1,18.551579,0.8208092451095581,0.14059406518936157,0.0031031030230224133
YHR019C,YBR222C,1,18.526443,0.8218390941619873,0.14158415794372559,0.0031031030230224133
YOR310C,YBR145W,0,18.45507,0.8171428442001343,0.14158415794372559,0.0032032032031565905
YPL160W,YPL234C,1,18.376709,0.8181818127632141,0.1425742506980896,0.0032032032031565905
YNL220W,YKL034W,1,18.367805,0.8192090392112732,0.1435643583536148,0.0032032032031565905
YER074W,YKL001C,0,18.2618,0.8146067261695862,0.1435643583536148,0.0033033033832907677
YIL145C,YKL194C,1,18.224442,0.8156424760818481,0.14455445110797882,0.0033033033832907677
YLR153C,YOL058W,1,18.188753,0.8166666626930237,0.14554455876350403,0.0033033033832907677
YDL036C,YGR077C,0,18.180855,0.8121547102928162,0.14554455876350403,0.0034034033305943012
YOL013C,YPR145W,1,18.174162,0.8131868243217468,0.14653465151786804,0.0034034033305943012
YKL194C,YDR377W,1,18.168213,0.8142076730728149,0.14752475917339325,0.0034034033305943012
YGR184C,YDR023W,1,18.13488,0.8152173757553101,0.14851485192775726,0.0034034033305943012
YDR023W,YPR066W,1,18.097206,0.816216230392456,0.14950494468212128,0.0034034033305943012
YIL030C,YMR217W,1,18.083256,0.8172042965888977,0.15049505233764648,0.0034034033305943012
YBR196C,YER115C,0,18.082539,0.8128342032432556,0.15049505233764648,0.0035035035107284784
YDL008W,YGL234W,1,18.071095,0.813829779624939,0.1514851450920105,0.0035035035107284784
YGR264C,YGR155W,0,18.06047,0.8095238208770752,0.1514851450920105,0.0036036036908626556
YNL281W,YGL148W,0,18.024164,0.8052631616592407,0.1514851450920105,0.003703703638166189
YAR015W,YPL160W,1,18.009594,0.8062826991081238,0.1524752527475357,0.003703703638166189
YOR335C,YHR011W,1,17.995705,0.8072916865348816,0.15346534550189972,0.003703703638166189
YOR317W,YGR124W,1,17.965094,0.8082901835441589,0.15445543825626373,0.003703703638166189
YLR447C,YMR210W,0,17.951696,0.8041236996650696,0.15445543825626373,0.0038038038183003664
YDR298C,YGL141W,1,17.95055,0.8051282167434692,0.15544554591178894,0.0038038038183003664
YGR061C,YMR207C,1,17.920925,0.8061224222183228,0.15643563866615295,0.0038038038183003664
YNL138W,YPL273W,0,17.815172,0.8020304441452026,0.15643563866615295,0.0039039039984345436
YDL008W,YLR060W,1,17.803894,0.8030303120613098,0.15742574632167816,0.0039039039984345436
YMR321C,YOR285W,0,17.796833,0.7989949584007263,0.15742574632167816,0.004004003945738077
YGR094W,YGR264C,1,17.773556,0.800000011920929,0.15841583907604218,0.004004003945738077
YBL099W,YPL234C,1,17.747644,0.8009950518608093,0.15940594673156738,0.004004003945738077
YKL194C,YHR171W,1,17.726025,0.801980197429657,0.1603960394859314,0.004004003945738077
YDR059C,YDR023W,1,17.715958,0.802955687046051,0.1613861322402954,0.004004003945738077
YPR145W,YNL073W,1,17.70118,0.8039215803146362,0.16237623989582062,0.004004003945738077
YIL030C,YHR171W,1,17.700106,0.8048780560493469,0.16336633265018463,0.004004003945738077
YOL049W,YIL078W,1,17.698036,0.8058252334594727,0.16435644030570984,0.004004003945738077
YCR024C,YDL064W,1,17.696217,0.8067632913589478,0.16534653306007385,0.004004003945738077
YOL145C,YNL160W,0,17.673988,0.8028846383094788,0.16534653306007385,0.004104103893041611
YOL097C,YGR124W,1,17.659538,0.8038277626037598,0.16633664071559906,0.004104103893041611
YGL245W,YMR293C,1,17.636724,0.8047618865966797,0.16732673346996307,0.004104103893041611
YDR023W,YNL191W,1,17.600328,0.8056871891021729,0.1683168262243271,0.004104103893041611
YER183C,YKL034W,1,17.573164,0.8066037893295288,0.1693069338798523,0.004104103893041611
YDR242W,YOR335C,1,17.571402,0.8075117468833923,0.1702970266342163,0.004104103893041611
YPL104W,YGR124W,1,17.509129,0.8084112405776978,0.17128713428974152,0.004104103893041611
YOR005C,YOR156C,1,17.479507,0.8093023300170898,0.17227722704410553,0.004104103893041611
YIL009W,YBR127C,1,17.447523,0.8101851940155029,0.17326731979846954,0.004104103893041611
YIL030C,YBR121C,1,17.44382,0.8110598921775818,0.17425742745399475,0.004104103893041611
YKL144C,YLR350W,0,17.435665,0.8073394298553467,0.17425742745399475,0.004204204306006432
YNL131W,YDL078C,0,17.418076,0.8036529421806335,0.17425742745399475,0.004304304253309965
YPL151C,YIL020C,0,17.414955,0.800000011920929,0.17425742745399475,0.004404404200613499
YOL049W,YNL220W,1,17.388779,0.8009049892425537,0.17524752020835876,0.004404404200613499
YOR339C,YCR066W,1,17.387226,0.8018018007278442,0.17623762786388397,0.004404404200613499
YBL099W,YGL058W,1,17.377527,0.8026905655860901,0.17722772061824799,0.004404404200613499
YBR082C,YOL010W,1,17.363804,0.8035714030265808,0.1782178282737732,0.004404404200613499
YBL080C,YPR180W,1,17.360914,0.804444432258606,0.1792079210281372,0.004404404200613499
YPL252C,YIL046W,0,17.33642,0.8008849620819092,0.1792079210281372,0.0045045046135783195
YDR298C,YHR171W,1,17.32321,0.8017621040344238,0.18019801378250122,0.0045045046135783195
YLR452C,YPL113C,0,17.274883,0.7982456088066101,0.18019801378250122,0.004604604560881853
YER098W,YKR057W,0,17.27295,0.7947598099708557,0.18019801378250122,0.004704704508185387
YML096W,YLR060W,1,17.255226,0.7956521511077881,0.18118812143802643,0.004704704508185387
YKL010C,YBR127C,1,17.236542,0.7965368032455444,0.18217821419239044,0.004704704508185387
YIL078W,YNR016C,1,17.210144,0.7974137663841248,0.18316832184791565,0.004704704508185387
YER100W,YAR015W,1,17.195059,0.7982832789421082,0.18415841460227966,0.004704704508185387
YPR033C,YPL078C,1,17.193573,0.7991452813148499,0.18514852225780487,0.004704704508185387
YLR295C,YPL087W,0,17.183537,0.7957446575164795,0.18514852225780487,0.0048048049211502075
YLR239C,YBR094W,1,17.178082,0.7966101765632629,0.18613861501216888,0.0048048049211502075
YKL010C,YPL097W,1,17.163652,0.797468364238739,0.1871287077665329,0.0048048049211502075
YML128C,YIL133C,0,17.122406,0.7941176295280457,0.1871287077665329,0.004904904868453741
YEL012W,YDR226W,0,17.09504,0.7907949686050415,0.1871287077665329,0.005005004815757275
YLL018C,YBR218C,1,17.080849,0.7916666865348816,0.1881188154220581,0.005005004815757275
YMR022W,YGL234W,1,17.062849,0.7925311326980591,0.18910890817642212,0.005005004815757275
YKL016C,YBL080C,1,17.042477,0.7933884263038635,0.19009901583194733,0.005005004815757275
YBR082C,YDR298C,1,17.02563,0.7942386865615845,0.19108910858631134,0.005005004815757275
YDR409W,YBR127C,1,17.000603,0.7950819730758667,0.19207920134067535,0.005005004815757275
YMR136W,YCR012W,0,16.997715,0.7918367385864258,0.19207920134067535,0.0051051052287220955
YER183C,YOR142W,1,16.996319,0.792682945728302,0.19306930899620056,0.0051051052287220955
YNL220W,YPR066W,1,16.988605,0.7935222387313843,0.19405940175056458,0.0051051052287220955
YBR084W,YPR180W,1,16.988346,0.7943548560142517,0.19504950940608978,0.0051051052287220955
YOL097C,YDR177W,1,16.960049,0.7951807379722595,0.1960396021604538,0.0051051052287220955
YPR033C,YCR024C,1,16.940619,0.7960000038146973,0.197029709815979,0.0051051052287220955
YHR171W,YBR039W,1,16.932507,0.7968127727508545,0.19801980257034302,0.0051051052287220955
YIL145C,YDR092W,1,16.927422,0.7976190447807312,0.19900989532470703,0.0051051052287220955
YDR313C,YOR339C,1,16.910378,0.7984189987182617,0.20000000298023224,0.0051051052287220955
YOL049W,YOR241W,1,16.90759,0.7992125749588013,0.20099009573459625,0.0051051052287220955
YLR153C,YBR208C,1,16.885963,0.800000011920929,0.20198020339012146,0.0051051052287220955
YBR282W,YIL133C,0,16.867317,0.796875,0.20198020339012146,0.005205205176025629
YOR310C,YJL213W,0,16.863506,0.7937743067741394,0.20198020339012146,0.005305305123329163
YOR212W,YFR045W,0,16.852745,0.7906976938247681,0.20198020339012146,0.0054054055362939835
YLR239C,YBR084W,1,16.843311,0.7915058135986328,0.20297029614448547,0.0054054055362939835
YBR222C,YPR145W,1,16.837765,0.7923076748847961,0.2039603888988495,0.0054054055362939835
YLL045C,YGR281W,0,16.828064,0.7892720103263855,0.2039603888988495,0.005505505483597517
YGR169C,YLR151C,0,16.797703,0.7862595319747925,0.2039603888988495,0.005605605430901051
YGR204W,YEL019C,1,16.78619,0.7870722413063049,0.2049504965543747,0.005605605430901051
YML096W,YGL058W,1,16.772182,0.7878788113594055,0.2059405893087387,0.005605605430901051
YNL127W,YBR031W,0,16.762238,0.7849056720733643,0.2059405893087387,0.005705705843865871
YOL049W,YHR019C,1,16.71347,0.7857142686843872,0.20693069696426392,0.005705705843865871
YMR217W,YPL104W,1,16.694805,0.7865168452262878,0.20792078971862793,0.005705705843865871
YGR185C,YAL054C,1,16.680029,0.7873134613037109,0.20891089737415314,0.005705705843865871
YGL240W,YPR145W,1,16.639544,0.7881041169166565,0.20990099012851715,0.005705705843865871
YPR024W,YKL172W,0,16.623302,0.7851851582527161,0.20990099012851715,0.005805805791169405
YBR082C,YBL039C,1,16.620892,0.785977840423584,0.21089108288288116,0.005805805791169405
YBL039C,YHR011W,1,16.619442,0.7867646813392639,0.21188119053840637,0.005805805791169405
YOL097C,YAL054C,1,16.590364,0.7875458002090454,0.21287128329277039,0.005805805791169405
YDL061C,YOR292C,0,16.57485,0.7846715450286865,0.21287128329277039,0.0059059057384729385
YGR184C,YGL234W,1,16.559933,0.7854545712471008,0.2138613909482956,0.0059059057384729385
YOR156C,YPL160W,1,16.553434,0.7862318754196167,0.2148514837026596,0.0059059057384729385
YOR168W,YJR133W,0,16.517738,0.7833935022354126,0.2148514837026596,0.006006006151437759
YPL223C,YKR026C,0,16.476727,0.7805755138397217,0.2148514837026596,0.006106106098741293
YKL203C,YKL001C,0,16.473259,0.7777777910232544,0.2148514837026596,0.0062062060460448265
YGR285C,YBR037C,0,16.46566,0.7749999761581421,0.2148514837026596,0.006306306459009647
YNL247W,YPR081C,1,16.45126,0.7758007049560547,0.21584159135818481,0.006306306459009647
YHR019C,YPR035W,1,16.440247,0.7765957713127136,0.21683168411254883,0.006306306459009647
YNL220W,YER015W,1,16.434454,0.7773851752281189,0.21782177686691284,0.006306306459009647
YMR169C,YHR069C,0,16.433487,0.7746478915214539,0.21782177686691284,0.006406406406313181
YOL049W,YDL064W,1,16.357437,0.7754386067390442,0.21881188452243805,0.006406406406313181
YOR241W,YMR022W,1,16.352211,0.7762237787246704,0.21980197727680206,0.006406406406313181
YPL097W,YGL087C,1,16.32594,0.7770034670829773,0.22079208493232727,0.006406406406313181
YDR023W,YDR341C,1,16.309298,0.7777777910232544,0.22178217768669128,0.006406406406313181
YGL245W,YPL234C,1,16.293625,0.7785466909408569,0.2227722704410553,0.006406406406313181
YBR082C,YGR204W,1,16.270868,0.7793103456497192,0.2237623780965805,0.006406406406313181
YBR261C,YDL140C,0,16.260092,0.7766323089599609,0.2237623780965805,0.0065065063536167145
YLR153C,YLR306W,1,16.246647,0.7773972749710083,0.22475247085094452,0.0065065063536167145
YLR153C,YPL234C,1,16.204607,0.7781569957733154,0.22574257850646973,0.0065065063536167145
YDL164C,YLR382C,1,16.18823,0.7789115905761719,0.22673267126083374,0.0065065063536167145
YDR460W,YDL083C,0,16.188118,0.7762711644172668,0.22673267126083374,0.006606606766581535
YNL247W,YCR024C,1,16.18372,0.7770270109176636,0.22772277891635895,0.006606606766581535
YOR168W,YAL054C,1,16.177326,0.7777777910232544,0.22871287167072296,0.006606606766581535
YDL141W,YGL245W,1,16.17466,0.7785235047340393,0.22970296442508698,0.006606606766581535
YFL038C,YMR321C,0,16.166285,0.7759197354316711,0.22970296442508698,0.006706706713885069
YGR244C,YKL034W,1,16.165636,0.7766666412353516,0.23069307208061218,0.006706706713885069
YEL031W,YCL052C,0,16.160152,0.7740863561630249,0.23069307208061218,0.0068068066611886024
YOR303W,YGR264C,1,16.1575,0.7748344540596008,0.2316831648349762,0.0068068066611886024
YGR264C,YGL234W,1,16.11576,0.7755775451660156,0.2326732724905014,0.0068068066611886024
YLR153C,YDR322C-A,1,16.111092,0.7763158082962036,0.23366336524486542,0.0068068066611886024
YDL083C,YMR143W,0,16.088696,0.7737705111503601,0.23366336524486542,0.006906907074153423
YDR423C,YBR187W,0,16.07959,0.7712418437004089,0.23366336524486542,0.007007007021456957
YPL078C,YBR041W,1,16.070751,0.7719869613647461,0.23465345799922943,0.007007007021456957
YMR319C,YPL099C,0,16.051895,0.7694805264472961,0.23465345799922943,0.00710710696876049
YHR074W,YBL080C,1,16.03703,0.7702265381813049,0.23564356565475464,0.00710710696876049
YIL143C,YJR070C,0,16.03268,0.7677419185638428,0.23564356565475464,0.007207207381725311
YLR306W,YGR061C,1,16.029314,0.7684887647628784,0.23663365840911865,0.007207207381725311
YDR059C,YGL245W,1,16.027243,0.7692307829856873,0.23762376606464386,0.007207207381725311
YPR137W,YKL085W,0,15.981702,0.7667731642723083,0.23762376606464386,0.007307307329028845
YMR210W,YBR173C,0,15.9762745,0.7643312215805054,0.23762376606464386,0.007407407276332378
YOL049W,YDL185W,1,15.967983,0.7650793790817261,0.23861385881900787,0.007407407276332378
YPL190C,YBR084W,1,15.943314,0.7658227682113647,0.23960396647453308,0.007407407276332378
YEL012W,YGL148W,0,15.938342,0.7634069323539734,0.23960396647453308,0.007507507689297199
YDR322C-A,YOR241W,1,15.922113,0.7641509175300598,0.2405940592288971,0.007507507689297199
YHR171W,YPR180W,1,15.884703,0.7648902535438538,0.2415841519832611,0.007507507689297199
YLR060W,YML081C-A,1,15.843996,0.765625,0.24257425963878632,0.007507507689297199
YJR092W,YPL131W,0,15.827951,0.763239860534668,0.24257425963878632,0.007607607636600733
YBR127C,YBR039W,1,15.813211,0.7639751434326172,0.24356435239315033,0.007607607636600733
YNL178W,YCR011C,0,15.80287,0.7616099119186401,0.24356435239315033,0.007707707583904266
YKL194C,YBL076C,1,15.789563,0.7623456716537476,0.24455446004867554,0.007707707583904266
YIL030C,YPL097W,1,15.757046,0.763076901435852,0.24554455280303955,0.007707707583904266
YPL097W,YOR168W,1,15.742992,0.7638036608695984,0.24653466045856476,0.007707707583904266
YFL022C,YCR024C,1,15.74246,0.7645260095596313,0.24752475321292877,0.007707707583904266
YDR322C-A,YBL039C,1,15.74024,0.7652438879013062,0.24851484596729279,0.007707707583904266
YNL191W,YGL234W,1,15.732258,0.7659574747085571,0.249504953622818,0.007707707583904266
YNL220W,YPL234C,1,15.724064,0.7666666507720947,0.250495046377182,0.007707707583904266
YPR033C,YOR142W,1,15.717775,0.7673715949058533,0.251485139131546,0.007707707583904266
YER074W,YJL128C,0,15.7133,0.7650602459907532,0.251485139131546,0.007807807996869087
YLL019C,YHR174W,0,15.70737,0.7627627849578857,0.251485139131546,0.007907907478511333
YIL078W,YHR020W,1,15.699287,0.7634730339050293,0.2524752616882324,0.007907907478511333
YPR033C,YOR215C,1,15.691303,0.7641791105270386,0.25346535444259644,0.007907907478511333
YGR204W,YDR409W,1,15.67263,0.7648809552192688,0.25445544719696045,0.007907907478511333
YOL082W,YPL104W,0,15.666111,0.7626112699508667,0.25445544719696045,0.008008007891476154
YLR020C,YPR002W,0,15.658731,0.7603550553321838,0.25445544719696045,0.008108108304440975
YFL039C,YPR180W,1,15.65358,0.76106196641922,0.25544553995132446,0.008108108304440975
YPR011C,YPR137W,0,15.643662,0.7588235139846802,0.25544553995132446,0.008208207786083221
YDR268W,YER100W,1,15.612579,0.759530782699585,0.2564356327056885,0.008208207786083221
YFL022C,YGL245W,1,15.611002,0.7602339386940002,0.2574257552623749,0.008208207786083221
YPL276W,YDL061C,0,15.609364,0.7580174803733826,0.2574257552623749,0.008308308199048042
YBR094W,YGR124W,1,15.605313,0.7587209343910217,0.2584158480167389,0.008308308199048042
YGR264C,YMR207C,1,15.60244,0.7594202756881714,0.2594059407711029,0.008308308199048042
YLR153C,YGL245W,1,15.5949135,0.7601156234741211,0.2603960335254669,0.008308308199048042
YBR120C,YGL103W,0,15.533443,0.7579250931739807,0.2603960335254669,0.008408408612012863
YNL202W,YER074W,0,15.527027,0.7557471394538879,0.2603960335254669,0.00850850809365511
YKL010C,YBR121C,1,15.523705,0.7564470171928406,0.26138612627983093,0.00850850809365511
YMR194W,YDL021W,0,15.515802,0.7542856931686401,0.26138612627983093,0.00860860850661993
YNL302C,YPL218W,0,15.508259,0.752136766910553,0.26138612627983093,0.008708708919584751
YDL045W-A,YPL093W,0,15.501772,0.75,0.26138612627983093,0.008808808401226997
YLR113W,YMR246W,0,15.483619,0.7478753328323364,0.26138612627983093,0.008908908814191818
YDR377W,YBL076C,1,15.455286,0.7485875487327576,0.26237624883651733,0.008908908814191818
YDR059C,YGR185C,1,15.44166,0.7492957711219788,0.26336634159088135,0.008908908814191818
YFL033C,YPL078C,0,15.436581,0.7471910119056702,0.26336634159088135,0.009009009227156639
YDR313C,YER100W,1,15.435063,0.7478991746902466,0.26435643434524536,0.009009009227156639
YER183C,YBR121C,1,15.434473,0.748603343963623,0.2653465270996094,0.009009009227156639
YER183C,YBL039C,1,15.407429,0.7493036389350891,0.2663366198539734,0.009009009227156639
YDR409W,YER100W,1,15.3934355,0.75,0.2673267424106598,0.009009009227156639
YOR335C,YHR171W,1,15.390869,0.7506925463676453,0.2683168351650238,0.009009009227156639
YGR095C,YCL025C,0,15.385693,0.7486187815666199,0.2683168351650238,0.009109108708798885
YGR177C,YPR127W,0,15.326508,0.7465564608573914,0.2683168351650238,0.009209209121763706
YKL034W,YPL234C,1,15.319333,0.7472527623176575,0.2693069279193878,0.009209209121763706
YIL009W,YDL185W,1,15.298044,0.7479451894760132,0.27029702067375183,0.009209209121763706
YGR134W,YBR010W,0,15.262768,0.7459016442298889,0.27029702067375183,0.009309309534728527
YCL025C,YDR472W,0,15.25671,0.7438691854476929,0.27029702067375183,0.009409409016370773
YMR146C,YCR046C,0,15.213472,0.741847813129425,0.27029702067375183,0.009509509429335594
YOR005C,YLR295C,1,15.210157,0.7425474524497986,0.27128714323043823,0.009509509429335594
YFL039C,YCR066W,1,15.209669,0.7432432174682617,0.27227723598480225,0.009509509429335594
YBL080C,YDL004W,1,15.204231,0.7439352869987488,0.27326732873916626,0.009509509429335594
YNL178W,YER052C,0,15.196281,0.7419354915618896,0.27326732873916626,0.009609609842300415
YMR146C,YPL276W,0,15.186209,0.7399463653564453,0.27326732873916626,0.009709709323942661
YJL046W,YKL016C,1,15.184717,0.740641713142395,0.2742574214935303,0.009709709323942661
YDR298C,YPR035W,1,15.177723,0.7413333058357239,0.2752475142478943,0.009709709323942661
YDR429C,YNL006W,0,15.160099,0.7393617033958435,0.2752475142478943,0.009809809736907482
YPR072W,YPR149W,0,15.15688,0.7374005317687988,0.2752475142478943,0.009909910149872303
YOR317W,YGR061C,1,15.152769,0.738095223903656,0.2762376368045807,0.009909910149872303
YPL087W,YLR153C,0,15.141121,0.7361477613449097,0.2762376368045807,0.01001000963151455
YPL271W,YGR133W,1,15.138714,0.7368420958518982,0.2772277295589447,0.01001000963151455
YER145C,YIL076W,0,15.12006,0.7349081635475159,0.2772277295589447,0.01011011004447937
YHR171W,YDL064W,1,15.11256,0.735602080821991,0.2782178223133087,0.01011011004447937
YOR303W,YOR168W,1,15.078558,0.7362924218177795,0.27920791506767273,0.01011011004447937
YPR080W,YLR016C,0,15.076818,0.734375,0.27920791506767273,0.010210210457444191
YDL008W,YGL245W,1,15.069422,0.7350649237632751,0.28019800782203674,0.010210210457444191
YOL145C,YDL040C,0,15.069333,0.7331606149673462,0.28019800782203674,0.010310309939086437
YPL190C,YNL220W,1,15.062209,0.7338501214981079,0.28118813037872314,0.010310309939086437
YHR091C,YGL087C,1,15.045395,0.7345361113548279,0.28217822313308716,0.010310309939086437
YDR497C,YGR239C,0,15.045154,0.7326478362083435,0.28217822313308716,0.010410410352051258
YOR335C,YJL101C,1,15.034517,0.7333333492279053,0.28316831588745117,0.010410410352051258
YPL040C,YCR024C,1,15.024992,0.7340153455734253,0.2841584086418152,0.010410410352051258
YMR145C,YJL130C,0,15.015192,0.7321428656578064,0.2841584086418152,0.010510510765016079
YMR217W,YGR094W,1,15.010099,0.732824444770813,0.2851485013961792,0.010510510765016079
YMR112C,YKL085W,0,15.007577,0.7309644818305969,0.2851485013961792,0.010610610246658325
YCR030C,YGR264C,0,15.002583,0.7291139364242554,0.2851485013961792,0.010710710659623146
YDR064W,YFL033C,0,14.990611,0.7272727489471436,0.2851485013961792,0.010810811072587967
YDR037W,YPL160W,1,14.987494,0.7279596924781799,0.2861386239528656,0.010810811072587967
YNL247W,YBR222C,1,14.926646,0.7286432385444641,0.2871287167072296,0.010810811072587967
YKL217W,YNL016W,0,14.893171,0.7268170714378357,0.2871287167072296,0.010910910554230213
YDR242W,YCR066W,1,14.886705,0.7275000214576721,0.28811880946159363,0.010910910554230213
YOL155C,YEL040W,0,14.836737,0.7256857752799988,0.28811880946159363,0.011011010967195034
YGR032W,YMR308C,0,14.835409,0.7238805890083313,0.28811880946159363,0.011111111380159855
YGL186C,YGL148W,0,14.811423,0.7220843434333801,0.28811880946159363,0.011211210861802101
YBL076C,YHR171W,1,14.790705,0.7227723002433777,0.28910890221595764,0.011211210861802101
YMR217W,YMR207C,1,14.759612,0.7234567999839783,0.29009902477264404,0.011211210861802101
YKL194C,YIL030C,1,14.756386,0.7241379022598267,0.29108911752700806,0.011211210861802101
YMR246W,YKL034W,1,14.75382,0.7248157262802124,0.29207921028137207,0.011211210861802101
YLL045C,YGL220W,0,14.74345,0.7230392098426819,0.29207921028137207,0.011311311274766922
YNL283C,YDR226W,0,14.738745,0.7212713956832886,0.29207921028137207,0.011411411687731743
YLR300W,YDL128W,0,14.730738,0.7195122241973877,0.29207921028137207,0.011511511169373989
YDL121C,YDL083C,0,14.724699,0.7177615761756897,0.29207921028137207,0.01161161158233881
YBL099W,YOR156C,1,14.707006,0.7184466123580933,0.2930693030357361,0.01161161158233881
YOR287C,YKL085W,0,14.696844,0.7167070508003235,0.2930693030357361,0.01171171199530363
YKL016C,YBR039W,1,14.686789,0.717391312122345,0.2940593957901001,0.01171171199530363
YPR066W,YGL141W,1,14.671661,0.7180722951889038,0.2950495183467865,0.01171171199530363
YLR447C,YOR283W,0,14.658515,0.7163461446762085,0.2950495183467865,0.011811811476945877
YDR377W,YER100W,1,14.658503,0.7170263528823853,0.2960396111011505,0.011811811476945877
YNL026W,YGR027C,0,14.654278,0.7153109908103943,0.2960396111011505,0.011911911889910698
YPL190C,YKL034W,1,14.653025,0.715990424156189,0.2970297038555145,0.011911911889910698
YPR066W,YGR124W,1,14.6521635,0.7166666388511658,0.29801979660987854,0.011911911889910698
YMR123W,YCL018W,0,14.640526,0.7149643898010254,0.29801979660987854,0.012012012302875519
YAL054C,YAL038W,0,14.633579,0.7132701277732849,0.29801979660987854,0.012112111784517765
YML081C-A,YMR022W,1,14.620819,0.7139480113983154,0.29900988936424255,0.012112111784517765
YKL093W,YGR118W,0,14.618592,0.7122641801834106,0.29900988936424255,0.012212212197482586
YBR120C,YPL110C,0,14.599516,0.7105882167816162,0.29900988936424255,0.012312312610447407
YBR120C,YLR264W,0,14.596122,0.7089201807975769,0.29900988936424255,0.012412412092089653
YHR030C,YDR454C,0,14.595438,0.7072599530220032,0.29900988936424255,0.012512512505054474
YBR183W,YBR187W,0,14.562492,0.7056074738502502,0.29900988936424255,0.012612612918019295
YDR306C,YBR031W,0,14.560383,0.7039626836776733,0.29900988936424255,0.012712712399661541
YHR019C,YNL073W,1,14.547422,0.7046511769294739,0.30000001192092896,0.012712712399661541
YKL041W,YMR321C,0,14.546166,0.7030162215232849,0.30000001192092896,0.012812812812626362
YKL093W,YDL055C,0,14.513351,0.7013888955116272,0.30000001192092896,0.012912913225591183
YPR047W,YMR113W,1,14.498539,0.7020785212516785,0.30099010467529297,0.012912913225591183
YOR005C,YDR023W,1,14.471264,0.7027649879455566,0.301980197429657,0.012912913225591183
YPL097W,YBR218C,1,14.461458,0.7034482955932617,0.302970290184021,0.012912913225591183
YLR033W,YKL085W,0,14.45599,0.7018348574638367,0.302970290184021,0.013013012707233429
YDR037W,YMR207C,1,14.450378,0.7025171518325806,0.303960382938385,0.013013012707233429
YLL008W,YIR038C,0,14.447075,0.7009132504463196,0.303960382938385,0.01311311312019825
YKR054C,YER168C,0,14.437277,0.6993166208267212,0.303960382938385,0.01321321353316307
YFL014W,YKR026C,0,14.42976,0.6977272629737854,0.303960382938385,0.013313313014805317
YJR133W,YMR143W,0,14.404959,0.6961451172828674,0.303960382938385,0.013413413427770138
YBL076C,YDR037W,1,14.403473,0.6968325972557068,0.3049505054950714,0.013413413427770138
YIL021W,YFR033C,0,14.391987,0.6952595710754395,0.3049505054950714,0.013513513840734959
YGL094C,YFR033C,0,14.382742,0.6936936974525452,0.3049505054950714,0.013613613322377205
YLR395C,YOR294W,0,14.379946,0.6921348571777344,0.3049505054950714,0.013713713735342026
YNL220W,YOR142W,1,14.371004,0.6928251385688782,0.3059405982494354,0.013713713735342026
YOR156C,YDR298C,1,14.36953,0.6935123205184937,0.30693069100379944,0.013713713735342026
YPL139C,YLR359W,0,14.348935,0.6919642686843872,0.30693069100379944,0.013813814148306847
YBR115C,YGR239C,0,14.339536,0.6904231905937195,0.30693069100379944,0.013913913629949093
YEL012W,YGR175C,0,14.330676,0.6888889074325562,0.30693069100379944,0.014014014042913914
YOR317W,YGL234W,1,14.314461,0.6895787119865417,0.30792078375816345,0.014014014042913914
YIL088C,YNL052W,0,14.304727,0.6880530714988708,0.30792078375816345,0.014114114455878735
YNL274C,YDL083C,0,14.2981825,0.6865342259407043,0.30792078375816345,0.01421421393752098
YPL097W,YBR082C,1,14.289229,0.6872246861457825,0.30891087651252747,0.01421421393752098
YIL030C,YBR084W,1,14.280847,0.687912106513977,0.30990099906921387,0.01421421393752098
YOL049W,YLR239C,1,14.280031,0.6885964870452881,0.3108910918235779,0.01421421393752098
YPL040C,YKL010C,1,14.274116,0.6892778873443604,0.3118811845779419,0.01421421393752098
YPR011C,YLL008W,0,14.262616,0.6877729296684265,0.3118811845779419,0.014314314350485802
YPR080W,YJL024C,0,14.2621,0.686274528503418,0.3118811845779419,0.014414414763450623
YGR225W,YPL050C,0,14.259332,0.6847826242446899,0.3118811845779419,0.014514514245092869
YLR447C,YLR025W,0,14.256369,0.6832971572875977,0.3118811845779419,0.01461461465805769
YHR002W,YLR312W-A,0,14.248646,0.6818181872367859,0.3118811845779419,0.01471471507102251
YJL046W,YEL027W,1,14.2203045,0.6825054287910461,0.3128712773323059,0.01471471507102251
YBL076C,YDL064W,1,14.212676,0.6831896305084229,0.3138613998889923,0.01471471507102251
YKL180W,YGR118W,0,14.20237,0.6817204356193542,0.3138613998889923,0.014814814552664757
YOR241W,YBR218C,1,14.199247,0.6824034452438354,0.3148514926433563,0.014814814552664757
YLR047C,YAL038W,0,14.198778,0.680942177772522,0.3148514926433563,0.014914914965629578
YLR306W,YDR313C,1,14.198632,0.6816239356994629,0.31584158539772034,0.014914914965629578
YBR170C,YBR093C,0,14.194845,0.6801705956459045,0.31584158539772034,0.015015015378594398
YOL155C,YGR271W,0,14.179505,0.6787233948707581,0.31584158539772034,0.015115114860236645
YNL247W,YBL039C,1,14.160894,0.6794055104255676,0.31683167815208435,0.015115114860236645
YKL013C,YGL225W,0,14.16007,0.6779661178588867,0.31683167815208435,0.015215215273201466
YMR321C,YMR176W,0,14.143933,0.6765327453613281,0.31683167815208435,0.015315315686166286
YLL045C,YLR312W-A,0,14.143534,0.6751055121421814,0.31683167815208435,0.015415415167808533
YHR091C,YGL141W,1,14.133941,0.675789475440979,0.31782177090644836,0.015415415167808533
YBL099W,YNL191W,1,14.128761,0.6764705777168274,0.31881189346313477,0.015415415167808533
YDL008W,YPL040C,1,14.12731,0.6771488189697266,0.3198019862174988,0.015415415167808533
YDR313C,YPR180W,1,14.114972,0.6778242588043213,0.3207920789718628,0.015415415167808533
YGL026C,YPL223C,0,14.107845,0.6764091849327087,0.3207920789718628,0.015515515580773354
YJR127C,YBR155W,0,14.103436,0.675000011920929,0.3207920789718628,0.015615615993738174
YPL097W,YDR298C,1,14.101942,0.6756756901741028,0.3217821717262268,0.015615615993738174
YGL087C,YBL080C,1,14.092188,0.6763485670089722,0.3227722644805908,0.015615615993738174
YER183C,YBR084W,1,14.080259,0.6770186424255371,0.3237623870372772,0.015615615993738174
YGR238C,YGL103W,0,14.076401,0.6756198406219482,0.3237623870372772,0.015715716406702995
YCR024C,YGR244C,1,14.074091,0.6762886643409729,0.32475247979164124,0.015715716406702995
YJL046W,YEL012W,1,14.058228,0.6769547462463379,0.32574257254600525,0.015715716406702995
YNR016C,YMR022W,1,14.055325,0.6776180863380432,0.32673266530036926,0.015715716406702995
YGL245W,YGL058W,1,14.040905,0.6782786846160889,0.3277227580547333,0.015715716406702995
YPR033C,YGR185C,1,13.994419,0.6789366006851196,0.3287128806114197,0.015715716406702995
YMR217W,YBL039C,1,13.99287,0.6795918345451355,0.3297029733657837,0.015715716406702995
YDR377W,YPL234C,1,13.98734,0.6802443861961365,0.3306930661201477,0.015715716406702995
YJR121W,YBR208C,1,13.985442,0.6808943152427673,0.3316831588745117,0.015715716406702995
YLL041C,YPR060C,0,13.981001,0.679513156414032,0.3316831588745117,0.015815814957022667
YBR208C,YCR066W,1,13.980234,0.6801619529724121,0.3326732814311981,0.015815814957022667
YMR246W,YPL040C,1,13.970648,0.6808080673217773,0.33366337418556213,0.015815814957022667
YOL049W,YMR293C,1,13.968421,0.6814516186714172,0.33465346693992615,0.015815814957022667
YBR082C,YBR115C,1,13.963969,0.682092547416687,0.33564355969429016,0.015815814957022667
YPR194C,YBL076C,0,13.9630375,0.6807228922843933,0.33564355969429016,0.015915915369987488
YJR149W,YMR321C,0,13.957115,0.679358720779419,0.33564355969429016,0.01601601578295231
YDR090C,YER055C,0,13.956,0.6779999732971191,0.33564355969429016,0.01611611619591713
YBR039W,YBR041W,1,13.947485,0.6786426901817322,0.3366336524486542,0.01611611619591713
YLL018C,YER015W,1,13.944792,0.6792828440666199,0.3376237750053406,0.01611611619591713
YKL201C,YIL133C,0,13.938414,0.6779323816299438,0.3376237750053406,0.01621621660888195
YOR156C,YEL012W,1,13.922178,0.6785714030265808,0.3386138677597046,0.01621621660888195
YNL191W,YBR218C,1,13.904662,0.6792079210281372,0.3396039605140686,0.01621621660888195
YLR060W,YDR177W,1,13.896639,0.6798418760299683,0.3405940532684326,0.01621621660888195
YNL220W,YGL141W,1,13.879933,0.6804733872413635,0.34158414602279663,0.01621621660888195
YGL141W,YBR218C,1,13.879385,0.6811023354530334,0.34257426857948303,0.01621621660888195
YPL150W,YER165W,0,13.878015,0.6797642707824707,0.34257426857948303,0.01631631702184677
YOR215C,YDR353W,0,13.876188,0.6784313917160034,0.34257426857948303,0.016416415572166443
YGL087C,YHR171W,1,13.862593,0.6790606379508972,0.34356436133384705,0.016416415572166443
YPL097W,YDR409W,1,13.859625,0.6796875,0.34455445408821106,0.016416415572166443
YOR005C,YDR377W,1,13.85511,0.680311918258667,0.3455445468425751,0.016416415572166443
YNL220W,YDR054C,1,13.845478,0.6809338331222534,0.3465346395969391,0.016416415572166443
YPL040C,YDL164C,1,13.842163,0.6815534234046936,0.3475247621536255,0.016416415572166443
YGR061C,YHR011W,1,13.83337,0.682170569896698,0.3485148549079895,0.016416415572166443
YLR382C,YLR295C,1,13.83313,0.6827852725982666,0.3495049476623535,0.016416415572166443
YOL058W,YPL078C,1,13.814056,0.6833977103233337,0.35049504041671753,0.016416415572166443
YOR084W,YHR179W,0,13.81246,0.6820809245109558,0.35049504041671753,0.016516515985131264
YKR057W,YPL078C,0,13.78912,0.6807692050933838,0.35049504041671753,0.016616616398096085
YNL026W,YKR026C,0,13.787643,0.6794625520706177,0.35049504041671753,0.016716716811060905
YDR242W,YKL034W,1,13.786762,0.6800765991210938,0.35148516297340393,0.016716716811060905
YJL101C,YDR177W,1,13.778407,0.6806883215904236,0.35247525572776794,0.016716716811060905
YBL099W,YDR054C,1,13.777514,0.6812977194786072,0.35346534848213196,0.016716716811060905
YDL198C,YGL203C,0,13.773072,0.6800000071525574,0.35346534848213196,0.016816817224025726
YJL103C,YBL092W,0,13.772774,0.6787072420120239,0.35346534848213196,0.016916917636990547
YBL076C,YDR177W,1,13.771486,0.6793168783187866,0.35445544123649597,0.016916917636990547
YER013W,YPL113C,0,13.768499,0.6780303120613098,0.35445544123649597,0.01701701618731022
YDL036C,YGR171C,0,13.742363,0.6767485737800598,0.35445544123649597,0.01711711660027504
YPL276W,YMR321C,0,13.725,0.6754717230796814,0.35445544123649597,0.01721721701323986
YGR061C,YDL064W,1,13.685822,0.6760828495025635,0.35544553399086,0.01721721701323986
YBR202W,YIL006W,0,13.68202,0.6748120188713074,0.35544553399086,0.01731731742620468
YGL240W,YGL058W,1,13.6726265,0.6754221320152283,0.3564356565475464,0.01731731742620468
YER049W,YFL014W,0,13.668154,0.6741573214530945,0.3564356565475464,0.017417417839169502
YGR084C,YNL092W,0,13.666457,0.672897219657898,0.3564356565475464,0.017517518252134323
YGL087C,YGR185C,1,13.661394,0.6735074520111084,0.3574257493019104,0.017517518252134323
YGL240W,YBL076C,1,13.639393,0.6741154789924622,0.3584158420562744,0.017517518252134323
YNL073W,YBR010W,0,13.626818,0.6728624701499939,0.3584158420562744,0.017617616802453995
YDR268W,YFL039C,1,13.623453,0.6734693646430969,0.3594059348106384,0.017617616802453995
YHR174W,YPR006C,0,13.616392,0.6722221970558167,0.3594059348106384,0.017717717215418816
YML073C,YDL024C,0,13.615941,0.6709796786308289,0.3594059348106384,0.017817817628383636
YNL163C,YOR215C,0,13.615736,0.669741690158844,0.3594059348106384,0.017917918041348457
YNL160W,YPR043W,0,13.589583,0.6685082912445068,0.3594059348106384,0.018018018454313278
YDL024C,YBL026W,0,13.577372,0.6672794222831726,0.3594059348106384,0.0181181188672781
YDR059C,YMR217W,1,13.572575,0.6678898930549622,0.36039602756500244,0.0181181188672781
YMR146C,YLR295C,0,13.561756,0.6666666865348816,0.36039602756500244,0.01821821741759777
YDR090C,YPR006C,0,13.560471,0.6654478907585144,0.36039602756500244,0.01831831783056259
YOL049W,YPL234C,1,13.53243,0.6660584211349487,0.36138615012168884,0.01831831783056259
YDR298C,YHR011W,1,13.529889,0.6666666865348816,0.36237624287605286,0.01831831783056259
YKR057W,YOR219C,0,13.499922,0.6654545664787292,0.36237624287605286,0.018418418243527412
YPR080W,YMR238W,0,13.487782,0.6642467975616455,0.36237624287605286,0.018518518656492233
YOR156C,YLR306W,1,13.480005,0.6648550629615784,0.36336633563041687,0.018518518656492233
YIL021W,YKL038W,0,13.4772835,0.663652777671814,0.36336633563041687,0.018618619069457054
YEL069C,YBL005W-B,0,13.470089,0.6624549031257629,0.36336633563041687,0.018718719482421875
YOR317W,YPR033C,1,13.462987,0.6630630493164062,0.3643564283847809,0.018718719482421875
YDR037W,YDL064W,1,13.460281,0.6636690497398376,0.3653465211391449,0.018718719482421875
YLL018C,YGR133W,1,13.451988,0.6642729043960571,0.3663366436958313,0.018718719482421875
YPL003W,YHR011W,1,13.433383,0.6648745536804199,0.3673267364501953,0.018718719482421875
YDR079W,YPL050C,0,13.426586,0.663685142993927,0.3673267364501953,0.018818818032741547
YBR202W,YPR030W,0,13.418123,0.6625000238418579,0.3673267364501953,0.018918918445706367
YGR020C,YDR298C,1,13.408131,0.6631016135215759,0.3683168292045593,0.018918918445706367
YNL281W,YML052W,0,13.398684,0.6619216799736023,0.3683168292045593,0.01901901885867119
YPL273W,YFR019W,0,13.370816,0.6607459783554077,0.3683168292045593,0.01911911927163601
YPR113W,YDR090C,0,13.367805,0.6595744490623474,0.3683168292045593,0.01921921968460083
YGL234W,YGR124W,1,13.3659115,0.6601769924163818,0.36930692195892334,0.01921921968460083
YLR183C,YOR187W,0,13.363579,0.6590105891227722,0.36930692195892334,0.01931932009756565
YDL107W,YGR214W,0,13.361658,0.6578482985496521,0.36930692195892334,0.019419418647885323
YPL134C,YJL141C,0,13.358636,0.6566901206970215,0.36930692195892334,0.019519519060850143
YIL128W,YAL060W,0,13.349602,0.6555360555648804,0.36930692195892334,0.019619619473814964
YPL240C,YDL208W,0,13.349012,0.6543859839439392,0.36930692195892334,0.019719719886779785
YDR034C,YDL217C,0,13.335562,0.653239905834198,0.36930692195892334,0.019819820299744606
YDL036C,YOL155C,0,13.331516,0.6520978808403015,0.36930692195892334,0.019919920712709427
YMR169C,YMR146C,0,13.325026,0.650959849357605,0.36930692195892334,0.0200200192630291
YJR149W,YHR051W,0,13.310705,0.6498258113861084,0.36930692195892334,0.02012011967599392
YML073C,YBR282W,0,13.307339,0.6486956477165222,0.36930692195892334,0.02022022008895874
YIL035C,YGR027C,0,13.306332,0.6475694179534912,0.36930692195892334,0.02032032050192356
YKL094W,YDR226W,0,13.2992,0.6464471220970154,0.36930692195892334,0.020420420914888382
YBL039C,YGR124W,1,13.298088,0.6470588445663452,0.37029704451560974,0.020420420914888382
YIL145C,YOL013C,1,13.289927,0.6476684212684631,0.37128713726997375,0.020420420914888382
YML032C,YPR163C,0,13.283693,0.6465517282485962,0.37128713726997375,0.020520521327853203
YNL073W,YBR039W,1,13.276391,0.6471600532531738,0.37227723002433777,0.020520521327853203
YPR072W,YLL040C,0,13.274609,0.6460481286048889,0.37227723002433777,0.020620619878172874
YBR120C,YPL011C,0,13.273106,0.6449399590492249,0.37227723002433777,0.020720720291137695
YDR177W,YBR208C,1,13.265909,0.6455479264259338,0.3732673227787018,0.020720720291137695
YPR035W,YPL234C,1,13.259596,0.6461538672447205,0.3742574155330658,0.020720720291137695
YOR317W,YHR091C,1,13.2317095,0.6467576622962952,0.3752475380897522,0.020720720291137695
YPL097W,YAR015W,1,13.2282295,0.6473594307899475,0.3762376308441162,0.020720720291137695
YLR029C,YNL274C,0,13.216794,0.646258533000946,0.3762376308441162,0.020820820704102516
YMR315W,YDR369C,0,13.210943,0.6451612710952759,0.3762376308441162,0.020920921117067337
YOR215C,YGL234W,1,13.208108,0.6457627415657043,0.3772277235984802,0.020920921117067337
YDR409W,YNL247W,1,13.205056,0.6463621258735657,0.37821781635284424,0.020920921117067337
YJR070C,YBR274W,0,13.194073,0.6452702879905701,0.37821781635284424,0.021021021530032158
YMR173W,YHR077C,0,13.1876955,0.6441821455955505,0.37821781635284424,0.02112112194299698
YDL185W,YEL012W,1,13.181885,0.6447811722755432,0.37920790910720825,0.02112112194299698
YIL134W,YIL048W,0,13.180351,0.6436975002288818,0.37920790910720825,0.02122122049331665
YPL040C,YKL034W,1,13.179367,0.6442952752113342,0.38019803166389465,0.02122122049331665
YOL129W,YDR262W,0,13.167628,0.643216073513031,0.38019803166389465,0.02132132090628147
YPR113W,YBR287W,0,13.166227,0.6421404480934143,0.38019803166389465,0.021421421319246292
YNL079C,YJL130C,0,13.165981,0.6410684585571289,0.38019803166389465,0.021521521732211113
YBR230C,YHR039C-A,0,13.163525,0.6399999856948853,0.38019803166389465,0.021621622145175934
YIL094C,YPL139C,0,13.162035,0.6389350891113281,0.38019803166389465,0.021721722558140755
YIL145C,YML096W,1,13.156954,0.6395348906517029,0.38118812441825867,0.021721722558140755
YOR099W,YKR102W,0,13.154459,0.6384742856025696,0.38118812441825867,0.021821821108460426
YMR319C,YNR002C,0,13.152104,0.637417197227478,0.38118812441825867,0.021921921521425247
YOL049W,YGR185C,1,13.144089,0.6380165219306946,0.3821782171726227,0.021921921521425247
YHR179W,YPL078C,0,13.1143265,0.6369637250900269,0.3821782171726227,0.022022021934390068
YHR111W,YBL080C,1,13.110041,0.6375617980957031,0.3831683099269867,0.022022021934390068
YML096W,YMR113W,1,13.102849,0.6381579041481018,0.3841584026813507,0.022022021934390068
YLR330W,YHR051W,0,13.095057,0.6371099948883057,0.3841584026813507,0.02212212234735489
YLR295C,YGL141W,1,13.08794,0.6377049088478088,0.3851485252380371,0.02212212234735489
YGR246C,YGL004C,0,13.083535,0.6366612315177917,0.3851485252380371,0.02222222276031971
YOL086C,YJL225C,0,13.061824,0.6356208920478821,0.3851485252380371,0.02232232317328453
YLL061W,YIL133C,0,13.061289,0.6345840096473694,0.3851485252380371,0.022422421723604202
YHR074W,YDR023W,1,13.057463,0.6351791620254517,0.3861386179924011,0.022422421723604202
YNL178W,YKL205W,0,13.0498905,0.6341463327407837,0.3861386179924011,0.022522522136569023
YLL034C,YOR020C,0,13.039478,0.6331169009208679,0.3861386179924011,0.022622622549533844
YDR390C,YOR339C,1,13.038638,0.6337115168571472,0.38712871074676514,0.022622622549533844
YLL041C,YJL124C,0,13.027137,0.6326860785484314,0.38712871074676514,0.022722722962498665
YER098W,YBR037C,0,13.022637,0.631663978099823,0.38712871074676514,0.022822823375463486
YNL191W,YPR081C,1,13.012329,0.6322580575942993,0.38811880350112915,0.022822823375463486
YJR121W,YHR091C,1,12.998535,0.6328502297401428,0.38910889625549316,0.022822823375463486
YBR282W,YGR214W,0,12.993408,0.6318327784538269,0.38910889625549316,0.022922923788428307
YJL130C,YDR023W,1,12.98455,0.6324237585067749,0.39009901881217957,0.022922923788428307
YIL134W,YDR146C,0,12.9728565,0.6314102411270142,0.39009901881217957,0.023023022338747978
YDR268W,YMR207C,1,12.971254,0.6320000290870667,0.3910891115665436,0.023023022338747978
YDL185W,YHR171W,1,12.9653015,0.6325878500938416,0.3920792043209076,0.023023022338747978
YOR005C,YNL191W,1,12.958588,0.6331738233566284,0.3930692970752716,0.023023022338747978
YHR002W,YDL040C,0,12.948007,0.6321656107902527,0.3930692970752716,0.0231231227517128
YOL049W,YCR024C,1,12.947167,0.632750391960144,0.394059419631958,0.0231231227517128
YGR036C,YOR194C,0,12.946355,0.6317460536956787,0.394059419631958,0.02322322316467762
YIL079C,YGR143W,0,12.933548,0.6307448744773865,0.394059419631958,0.02332332357764244
YDL215C,YJL130C,0,12.920344,0.6297468543052673,0.394059419631958,0.02342342399060726
YGR167W,YLR344W,0,12.8925,0.6287519931793213,0.394059419631958,0.023523524403572083
YPR047W,YKL016C,1,12.890609,0.6293375492095947,0.395049512386322,0.023523524403572083
YBR282W,YMR229C,0,12.882463,0.6283464431762695,0.395049512386322,0.023623622953891754
YDR172W,YPL183W-A,0,12.879408,0.6273584961891174,0.395049512386322,0.023723723366856575
YBR082C,YJR036C,1,12.872139,0.6279434561729431,0.39603960514068604,0.023723723366856575
YER162C,YGR214W,0,12.832773,0.6269592642784119,0.39603960514068604,0.023823823779821396
YBR183W,YER090W,0,12.832703,0.6259781122207642,0.39603960514068604,0.023923924192786217
YDL185W,YPL078C,1,12.820543,0.6265624761581421,0.39702969789505005,0.023923924192786217
YCL018W,YAR027W,0,12.810146,0.6255850195884705,0.39702969789505005,0.024024024605751038
YNR044W,YLR348C,0,12.77589,0.6246106028556824,0.39702969789505005,0.02412412501871586
YKR066C,YGR145W,0,12.763857,0.6236391663551331,0.39702969789505005,0.02422422356903553
YOL052C,YGL060W,0,12.757642,0.6226708292961121,0.39702969789505005,0.02432432398200035
YPL050C,YOR285W,0,12.75068,0.6217054128646851,0.39702969789505005,0.024424424394965172
YKL189W,YDR508C,0,12.744797,0.6207430362701416,0.39702969789505005,0.024524524807929993
YHL034C,YOL104C,0,12.739471,0.6197836399078369,0.39702969789505005,0.024624625220894814
YOR005C,YJR109C,1,12.734388,0.6203703880310059,0.39801979064941406,0.024624625220894814
YLR306W,YPR180W,1,12.731764,0.6209552884101868,0.39900991320610046,0.024624625220894814
YMR115W,YOR340C,0,12.725051,0.6200000047683716,0.39900991320610046,0.024724725633859634
YDR322C-A,YJR109C,1,12.717644,0.620583713054657,0.4000000059604645,0.024724725633859634
YDR283C,YPL078C,1,12.688236,0.6211656332015991,0.4009900987148285,0.024724725633859634
YJL101C,YOR215C,1,12.686352,0.621745765209198,0.4019801914691925,0.024724725633859634
YDR313C,YCR066W,1,12.674797,0.6223241686820984,0.4029702842235565,0.024724725633859634
YKL194C,YPL234C,1,12.660154,0.6229007840156555,0.4039604067802429,0.024724725633859634
YDR453C,YJL095W,0,12.642332,0.6219512224197388,0.4039604067802429,0.024824824184179306
YOL124C,YJL082W,0,12.6288185,0.621004581451416,0.4039604067802429,0.024924924597144127
YJL200C,YNL274C,0,12.626421,0.6200608015060425,0.4039604067802429,0.025025025010108948
YBL076C,YFL039C,1,12.618883,0.6206373572349548,0.40495049953460693,0.025025025010108948
YER175C,YPR160W,0,12.610527,0.6196969747543335,0.40495049953460693,0.02512512542307377
YLR306W,YGL087C,1,12.604866,0.6202723383903503,0.40594059228897095,0.02512512542307377
YPR190C,YLR359W,0,12.587686,0.6193353533744812,0.40594059228897095,0.02522522583603859
YLR206W,YGR285C,0,12.585169,0.6184012293815613,0.40594059228897095,0.02532532624900341
YBR115C,YPL234C,1,12.567953,0.6189758777618408,0.40693068504333496,0.02532532624900341
YKL170W,YIL094C,0,12.564539,0.6180450916290283,0.40693068504333496,0.025425424799323082
YMR217W,YOR215C,1,12.547766,0.6186186075210571,0.407920777797699,0.025425424799323082
YPL097W,YGR133W,1,12.542026,0.6191903948783875,0.4089109003543854,0.025425424799323082
YJL200C,YOR020C,0,12.540842,0.6182634830474854,0.4089109003543854,0.025525525212287903
YIL021W,YLR344W,0,12.530451,0.6173393130302429,0.4089109003543854,0.025625625625252724
YLR395C,YDR496C,0,12.526462,0.6164178848266602,0.4089109003543854,0.025725726038217545
YLR203C,YPR002W,0,12.521446,0.6154992580413818,0.4089109003543854,0.025825826451182365
YIL145C,YAL054C,1,12.521328,0.6160714030265808,0.4099009931087494,0.025825826451182365
YGR171C,YGL058W,1,12.515698,0.6166418790817261,0.4108910858631134,0.025825826451182365
YER087W,YLR386W,0,12.513947,0.6157270073890686,0.4108910858631134,0.025925925001502037
YKL103C,YPR060C,0,12.510658,0.614814817905426,0.4108910858631134,0.026026025414466858
YPR182W,YMR270C,0,12.48649,0.6139053106307983,0.4108910858631134,0.02612612582743168
YDL074C,YEL019C,1,12.465437,0.6144756078720093,0.4118811786174774,0.02612612582743168
YIL009W,YNL247W,1,12.461206,0.6150442361831665,0.4128713011741638,0.02612612582743168
YOR156C,YGL141W,1,12.441837,0.61561119556427,0.41386139392852783,0.02612612582743168
YPL131W,YCL052C,0,12.431245,0.6147058606147766,0.41386139392852783,0.0262262262403965
YJR051W,YFL033C,0,12.424112,0.6138032078742981,0.41386139392852783,0.02632632665336132
YDR337W,YIL035C,0,12.424017,0.6129032373428345,0.41386139392852783,0.02642642706632614
YOL058W,YNL073W,1,12.421993,0.6134699583053589,0.41485148668289185,0.02642642706632614
YOL093W,YLR130C,0,12.418105,0.6125730872154236,0.41485148668289185,0.026526525616645813
YJL101C,YMR246W,1,12.415406,0.6131386756896973,0.41584157943725586,0.026526525616645813
YMR093W,YOR298W,0,12.41536,0.6122449040412903,0.41584157943725586,0.026626626029610634
YER008C,YGR285C,0,12.413223,0.6113536953926086,0.41584157943725586,0.026726726442575455
YPR081C,YDL064W,1,12.40191,0.6119186282157898,0.4168316721916199,0.026726726442575455
YLL045C,YOR285W,0,12.3969345,0.6110304594039917,0.4168316721916199,0.026826826855540276
YPL183W-A,YMR075W,0,12.377935,0.6101449131965637,0.4168316721916199,0.026926927268505096
YOL013C,YBR041W,1,12.373806,0.6107091307640076,0.4178217947483063,0.026926927268505096
YOR159C,YPR160W,0,12.371653,0.6098265647888184,0.4178217947483063,0.027027027681469917
YDL128W,YJR140C,0,12.369476,0.6089466214179993,0.4178217947483063,0.02712712623178959
YKL194C,YBR218C,1,12.360374,0.609510064125061,0.4188118875026703,0.02712712623178959
YBR026C,YCL052C,0,12.351414,0.6086331009864807,0.4188118875026703,0.02722722664475441
YMR194W,YOR008C,0,12.346148,0.607758641242981,0.4188118875026703,0.02732732705771923
YGL058W,YNL073W,1,12.343882,0.6083213686943054,0.4198019802570343,0.02732732705771923
YOR232W,YKL053C-A,0,12.310858,0.6074498295783997,0.4198019802570343,0.02742742747068405
YOR145C,YMR186W,0,12.299826,0.6065808534622192,0.4198019802570343,0.027527527883648872
YBR082C,YKL016C,1,12.294644,0.6071428656578064,0.4207920730113983,0.027527527883648872
YDR411C,YGR214W,0,12.272957,0.6062767505645752,0.4207920730113983,0.027627628296613693
YDL141W,YNL220W,1,12.250413,0.6068376302719116,0.42178216576576233,0.027627628296613693
YDL021W,YFL001W,0,12.24394,0.6059743762016296,0.42178216576576233,0.027727726846933365
YPR024W,YML097C,0,12.243273,0.6051136255264282,0.42178216576576233,0.027827827259898186
YOR054C,YOR287C,0,12.223986,0.6042553186416626,0.42178216576576233,0.027927927672863007
YOR298W,YBR093C,0,12.199102,0.6033994555473328,0.42178216576576233,0.028028028085827827
YLR395C,YDR337W,0,12.189535,0.602545976638794,0.42178216576576233,0.02812812849879265
YPR072W,YBR052C,0,12.188425,0.6016949415206909,0.42178216576576233,0.02822822891175747
YLR382C,YFL039C,1,12.186562,0.602256715297699,0.42277228832244873,0.02822822891175747
YOR222W,YLR309C,0,12.186508,0.6014084219932556,0.42277228832244873,0.02832832746207714
YPR182W,YKR071C,0,12.168911,0.600562572479248,0.42277228832244873,0.02842842787504196
YPL040C,YHR171W,1,12.160183,0.601123571395874,0.42376238107681274,0.02842842787504196
YGR036C,YFL023W,0,12.141148,0.6002805233001709,0.42376238107681274,0.028528528288006783
YIL020C,YPR127W,0,12.132299,0.599439799785614,0.42376238107681274,0.028628628700971603
YLR382C,YCR024C,1,12.131296,0.6000000238418579,0.42475247383117676,0.028628628700971603
YBL099W,YPL104W,1,12.127344,0.6005586385726929,0.42574256658554077,0.028628628700971603
YNL261W,YPL078C,0,12.122253,0.5997210741043091,0.42574256658554077,0.028728729113936424
YGR264C,YGR175C,0,12.111666,0.5988857746124268,0.42574256658554077,0.028828829526901245
YER151C,YPR001W,0,12.111172,0.5980528593063354,0.42574256658554077,0.028928928077220917
YHR066W,YDR262W,0,12.081061,0.5972222089767456,0.42574256658554077,0.029029028490185738
YOR274W,YNL006W,0,12.080862,0.596393883228302,0.42574256658554077,0.02912912890315056
YJR055W,YNL092W,0,12.078025,0.5955678820610046,0.42574256658554077,0.02922922931611538
YKL130C,YPR006C,0,12.076136,0.5947441458702087,0.42574256658554077,0.0293293297290802
YGR252W,YGR027C,0,12.070436,0.5939226746559143,0.42574256658554077,0.02942943014204502
YLR447C,YDR429C,0,12.066042,0.5931034684181213,0.42574256658554077,0.029529528692364693
YPL271W,YOL077W-A,1,12.063284,0.5936639308929443,0.4267326593399048,0.029529528692364693
YER008C,YGR027C,0,12.057007,0.5928473472595215,0.4267326593399048,0.029629629105329514
YFL038C,YMR087W,0,12.044174,0.5920329689979553,0.4267326593399048,0.029729729518294334
YLR295C,YMR008C,0,12.041444,0.5912208557128906,0.4267326593399048,0.029829829931259155
YAL038W,YFL017W-A,0,12.026092,0.5904109477996826,0.4267326593399048,0.029929930344223976
YBR082C,YBL080C,1,11.980796,0.5909712910652161,0.4277227818965912,0.029929930344223976
YER055C,YMR308C,0,11.970467,0.5901639461517334,0.4277227818965912,0.030030030757188797
YAL060W,YOR216C,0,11.961145,0.5893588066101074,0.4277227818965912,0.03013012930750847
YER100W,YOR168W,1,11.951572,0.5899182558059692,0.4287128746509552,0.03013012930750847
YBR002C,YNL284C,0,11.943384,0.5891156196594238,0.4287128746509552,0.03023022972047329
YIL145C,YOR241W,1,11.941395,0.5896739363670349,0.4297029674053192,0.03023022972047329
YOR303W,YGL087C,1,11.94099,0.5902306437492371,0.4306930601596832,0.03023022972047329
YMR025W,YNR013C,0,11.934777,0.5894308686256409,0.4306930601596832,0.03033033013343811
YMR315W,YKL205W,0,11.933573,0.5886332988739014,0.4306930601596832,0.03043043054640293
YNL247W,YPR180W,1,11.924968,0.5891891717910767,0.43168318271636963,0.03043043054640293
YKR056W,YPR127W,0,11.921026,0.588394045829773,0.43168318271636963,0.030530530959367752
YOL058W,YDL185W,1,11.918114,0.5889487862586975,0.43267327547073364,0.030530530959367752
YKL180W,YPR160W,0,11.916515,0.5881561040878296,0.43267327547073364,0.030630631372332573
YIL134W,YDL077C,0,11.91605,0.5873655676841736,0.43267327547073364,0.030730729922652245
YDR059C,YNL247W,1,11.914825,0.5879194736480713,0.43366336822509766,0.030730729922652245
YJR070C,YDR494W,0,11.908091,0.5871313810348511,0.43366336822509766,0.030830830335617065
YPL213W,YDL171C,0,11.90517,0.586345374584198,0.43366336822509766,0.030930930748581886
YLR029C,YKL064W,0,11.90283,0.5855615139007568,0.43366336822509766,0.031031031161546707
YDR059C,YOR311C,0,11.887213,0.584779679775238,0.43366336822509766,0.031131131574511528
YBL068W,YPR138C,0,11.881774,0.5839999914169312,0.43366336822509766,0.03123123198747635
YEL012W,YLR029C,0,11.879258,0.5832223892211914,0.43366336822509766,0.03133133053779602
YIL145C,YJR121W,1,11.878432,0.583776593208313,0.43465346097946167,0.03133133053779602
YDR233C,YLR390W,0,11.8644285,0.5830013155937195,0.43465346097946167,0.03143143281340599
YJL087C,YBR082C,1,11.858778,0.5835543870925903,0.4356435537338257,0.03143143281340599
YMR269W,YPR091C,0,11.846938,0.5827814340591431,0.4356435537338257,0.03153153136372566
YJL166W,YGR177C,0,11.822208,0.5820105671882629,0.4356435537338257,0.031631629914045334
YJR005W,YER090W,0,11.821865,0.5812417268753052,0.4356435537338257,0.031731732189655304
YDR494W,YDR389W,0,11.806836,0.5804749131202698,0.4356435537338257,0.031831830739974976
YPR026W,YOL102C,0,11.806549,0.5797101259231567,0.4356435537338257,0.031931933015584946
YPR162C,YGR027C,0,11.806476,0.5789473652839661,0.4356435537338257,0.03203203156590462
YGR012W,YNL070W,0,11.802395,0.578186571598053,0.4356435537338257,0.03213213384151459
YDR283C,YOL058W,1,11.800287,0.5787401795387268,0.4366336762905121,0.03213213384151459
YJL101C,YPL190C,1,11.7979,0.5792922377586365,0.4376237690448761,0.03213213384151459
YMR193W,YMR250W,0,11.792733,0.5785340070724487,0.4376237690448761,0.03223223239183426
YPL083C,YGR177C,0,11.776033,0.5777778029441833,0.4376237690448761,0.03233233094215393
YPL213W,YMR229C,0,11.770228,0.5770235061645508,0.4376237690448761,0.0324324332177639
YOL066C,YGR258C,0,11.769885,0.5762711763381958,0.4376237690448761,0.03253253176808357
YDR377W,YOR142W,1,11.76987,0.5768229365348816,0.4386138617992401,0.03253253176808357
YMR228W,YDR337W,0,11.768948,0.5760728120803833,0.4386138617992401,0.03263263404369354
YLR060W,YGL062W,1,11.762507,0.5766233801841736,0.4396039545536041,0.03263263404369354
YDR298C,YOR339C,1,11.748575,0.5771725177764893,0.44059404730796814,0.03263263404369354
YEL022W,YIL042C,0,11.742214,0.5764248967170715,0.44059404730796814,0.032732732594013214
YBR170C,YKR044W,0,11.738471,0.5756791830062866,0.44059404730796814,0.032832831144332886
YHR011W,YER015W,1,11.734297,0.5762273669242859,0.44158416986465454,0.032832831144332886
YAL060W,YIL035C,0,11.730904,0.5754838585853577,0.44158416986465454,0.032932933419942856
YLR024C,YKR006C,0,11.729811,0.5747422575950623,0.44158416986465454,0.03303303197026253
YLR306W,YOL010W,1,11.725243,0.5752895474433899,0.44257426261901855,0.03303303197026253
YJL034W,YDR496C,0,11.725126,0.5745501518249512,0.44257426261901855,0.0331331342458725
YDR453C,YDL074C,0,11.72361,0.5738126039505005,0.44257426261901855,0.03323323279619217
YAR031W,YBR173C,0,11.714308,0.5730769038200378,0.44257426261901855,0.03333333507180214
YJL130C,YJR121W,1,11.702126,0.573623538017273,0.44356435537338257,0.03333333507180214
YKL016C,YDL004W,1,11.700872,0.5741688013076782,0.4445544481277466,0.03333333507180214
YGR020C,YOL013C,1,11.698913,0.5747126340866089,0.4455445408821106,0.03333333507180214
YCR087C-A,YMR193W,0,11.69881,0.5739796161651611,0.4455445408821106,0.03343343362212181
YLL018C,YBR127C,1,11.698102,0.5745223164558411,0.446534663438797,0.03343343362212181
YOR335C,YFL022C,1,11.679926,0.5750635862350464,0.447524756193161,0.03343343362212181
YIL145C,YOR142W,1,11.675789,0.5756035447120667,0.448514848947525,0.03343343362212181
YJL155C,YIL076W,0,11.674999,0.5748730897903442,0.448514848947525,0.03353353217244148
YOL097C,YEL012W,1,11.67271,0.5754119157791138,0.44950494170188904,0.03353353217244148
YHR164C,YFR033C,0,11.664434,0.5746835470199585,0.44950494170188904,0.03363363444805145
YDR242W,YBR208C,1,11.656967,0.5752212405204773,0.45049506425857544,0.03363363444805145
YPR080W,YDL021W,0,11.648222,0.5744949579238892,0.45049506425857544,0.033733732998371124
YDL022W,YBR281C,0,11.629471,0.5737704634666443,0.45049506425857544,0.033833835273981094
YOR206W,YLR380W,0,11.615595,0.5730478763580322,0.45049506425857544,0.033933933824300766
YGR221C,YBL098W,0,11.615042,0.5723270177841187,0.45049506425857544,0.03403403237462044
YKL010C,YNL220W,1,11.60394,0.572864294052124,0.45148515701293945,0.03403403237462044
YLR208W,YMR145C,0,11.588093,0.5721455216407776,0.45148515701293945,0.03413413465023041
YIL078W,YEL012W,1,11.57691,0.572681725025177,0.45247524976730347,0.03413413465023041
YLR359W,YCL052C,0,11.573273,0.5719649791717529,0.45247524976730347,0.03423423320055008
YOL049W,YOR339C,1,11.565543,0.5724999904632568,0.4534653425216675,0.03423423320055008
YPR033C,YGL141W,1,11.556404,0.5730336904525757,0.4544554352760315,0.03423423320055008
YIL145C,YIL083C,1,11.555161,0.5735660791397095,0.4554455578327179,0.03423423320055008
YDL029W,YGL103W,0,11.545683,0.5728517770767212,0.4554455578327179,0.03433433547616005
YDL078C,YGR171C,0,11.531748,0.572139322757721,0.4554455578327179,0.03443443402647972
YPL190C,YBR041W,1,11.529568,0.5726708173751831,0.4564356505870819,0.03443443402647972
YMR077C,YIL076W,0,11.5280695,0.5719602704048157,0.4564356505870819,0.03453453630208969
YOL129W,YJL166W,0,11.52481,0.5712515711784363,0.4564356505870819,0.03463463485240936
YEL030W,YBR243C,0,11.520792,0.5705445408821106,0.4564356505870819,0.034734733402729034
YGR177C,YBR052C,0,11.513561,0.5698392987251282,0.4564356505870819,0.034834835678339005
YAR027W,YGL030W,0,11.51268,0.5691357851028442,0.4564356505870819,0.034934934228658676
YMR293C,YGL062W,1,11.510779,0.5696671009063721,0.4574257433414459,0.034934934228658676
YHR211W,YNL147W,0,11.509023,0.568965494632721,0.4574257433414459,0.035035036504268646
YCL018W,YPL223C,0,11.491645,0.5682656764984131,0.4574257433414459,0.03513513505458832
YDR059C,YGL234W,1,11.490658,0.5687960982322693,0.45841583609580994,0.03513513505458832
YBR294W,YDL198C,0,11.467848,0.5680981874465942,0.45841583609580994,0.03523523360490799
YIL108W,YER154W,0,11.457536,0.5674019455909729,0.45841583609580994,0.03533533588051796
YDR174W,YDL040C,0,11.441871,0.5667074918746948,0.45841583609580994,0.03543543443083763
YLR321C,YDR470C,0,11.440367,0.5660146474838257,0.45841583609580994,0.0355355367064476
YOR209C,YMR113W,1,11.439877,0.5665445923805237,0.45940592885017395,0.0355355367064476
YMR090W,YFR052W,0,11.437553,0.5658536553382874,0.45940592885017395,0.03563563525676727
YPR091C,YLR348C,0,11.4288025,0.5651644468307495,0.45940592885017395,0.03573573753237724
YOR311C,YDL040C,0,11.424896,0.5644769072532654,0.45940592885017395,0.035835836082696915
YJL101C,YMR113W,1,11.404306,0.5650060772895813,0.46039605140686035,0.035835836082696915
YGR020C,YLR151C,0,11.39048,0.5643203854560852,0.46039605140686035,0.035935934633016586
YBR020W,YGL148W,0,11.387857,0.5636363625526428,0.46039605140686035,0.036036036908626556
YGR258C,YKL182W,0,11.383123,0.5629540085792542,0.46039605140686035,0.03613613545894623
YOR243C,YJL103C,0,11.379052,0.5622732639312744,0.46039605140686035,0.0362362377345562
YDR054C,YPL234C,1,11.375818,0.5628019571304321,0.46138614416122437,0.0362362377345562
YGR204W,YBR127C,1,11.374212,0.5633293390274048,0.4623762369155884,0.0362362377345562
YPL127C,YBR202W,0,11.37178,0.5626506209373474,0.4623762369155884,0.03633633628487587
YIL009W,YOL013C,1,11.364643,0.5631768703460693,0.4633663296699524,0.03633633628487587
YOR142W,YDR262W,0,11.362476,0.5625,0.4633663296699524,0.03643643483519554
YEL062W,YPR163C,0,11.361054,0.5618247389793396,0.4633663296699524,0.03653653711080551
YDR059C,YJL029C,0,11.357475,0.5611510872840881,0.4633663296699524,0.03663663566112518
YOR283W,YJL144W,0,11.355154,0.5604790449142456,0.4633663296699524,0.03673673793673515
YPR080W,YOL054W,0,11.353027,0.559808611869812,0.4633663296699524,0.036836836487054825
YDR283C,YDR390C,1,11.350602,0.5603345036506653,0.4643564224243164,0.036836836487054825
YER100W,YCR024C,1,11.343842,0.560859203338623,0.4653465449810028,0.036836836487054825
YKR006C,YPL093W,0,11.341979,0.5601906776428223,0.4653465449810028,0.036936938762664795
YDR411C,YBR006W,0,11.341335,0.5595238208770752,0.4653465449810028,0.03703703731298447
YPR200C,YJR053W,0,11.3409,0.5588585138320923,0.4653465449810028,0.03713713586330414
YLL004W,YGR070W,0,11.338322,0.5581947565078735,0.4653465449810028,0.03723723813891411
YIL143C,YOL026C,0,11.334402,0.5575326085090637,0.4653465449810028,0.03733733668923378
YBR274W,YCL057W,0,11.32375,0.5568720102310181,0.4653465449810028,0.03743743896484375
YPR047W,YJL046W,1,11.306015,0.5573964715003967,0.4663366377353668,0.03743743896484375
YOL049W,YOR215C,1,11.304976,0.5579196214675903,0.46732673048973083,0.03743743896484375
YER055C,YEL037C,0,11.288995,0.5572609305381775,0.46732673048973083,0.03753753751516342
YLR452C,YCL024W,0,11.2871475,0.5566037893295288,0.46732673048973083,0.03763763606548309
YGR285C,YKL003C,0,11.283645,0.5559481978416443,0.46732673048973083,0.03773773834109306
YPL042C,YLL061W,0,11.279417,0.5552940964698792,0.46732673048973083,0.037837836891412735
YKL085W,YLL012W,0,11.273777,0.554641604423523,0.46732673048973083,0.037937939167022705
YMR112C,YFL010W-A,0,11.272192,0.5539906024932861,0.46732673048973083,0.03803803771734238
YLR306W,YPL234C,1,11.269545,0.5545134544372559,0.46831682324409485,0.03803803771734238
YNL191W,YOR168W,1,11.263204,0.5550351142883301,0.46930691599845886,0.03803803771734238
YDR283C,YCR024C,1,11.253468,0.5555555820465088,0.47029703855514526,0.03803803771734238
YGR169C,YDR260C,0,11.248234,0.5549065470695496,0.47029703855514526,0.03813813999295235
YLR289W,YLL008W,0,11.244041,0.5542590618133545,0.47029703855514526,0.03823823854327202
YGR282C,YOL093W,0,11.240798,0.5536130666732788,0.47029703855514526,0.03833833709359169
YMR321C,YDL055C,0,11.237711,0.5529685616493225,0.47029703855514526,0.03843843936920166
YBR155W,YOR008C,0,11.22888,0.5523256063461304,0.47029703855514526,0.03853853791952133
YGL103W,YFL021W,0,11.214219,0.5516840815544128,0.47029703855514526,0.0386386401951313
YAL060W,YOL158C,0,11.21156,0.5510441064834595,0.47029703855514526,0.038738738745450974
YLR306W,YBR127C,1,11.211132,0.5515643358230591,0.4712871313095093,0.038738738745450974
YMR269W,YFL054C,0,11.203701,0.5509259104728699,0.4712871313095093,0.038838837295770645
YMR145C,YNR003C,0,11.203071,0.5502890348434448,0.4712871313095093,0.038938939571380615
YOR209C,YAL017W,0,11.198122,0.5496535897254944,0.4712871313095093,0.03903903812170029
YEL037C,YDL097C,0,11.197193,0.5490196347236633,0.4712871313095093,0.03913914039731026
YLR239C,YNR016C,1,11.189144,0.5495391488075256,0.4722772240638733,0.03913914039731026
YIR011C,YBL091C-A,0,11.186876,0.5489068031311035,0.4722772240638733,0.03923923894762993
YML112W,YPL196W,0,11.183531,0.548275887966156,0.4722772240638733,0.0393393374979496
YOR335C,YGL245W,1,11.15993,0.5487945079803467,0.4732673168182373,0.0393393374979496
YAL060W,YAR035W,0,11.159585,0.5481651425361633,0.4732673168182373,0.03943943977355957
YBR120C,YIL047C,0,11.158518,0.5475372076034546,0.4732673168182373,0.03953953832387924
YOR340C,YGR239C,0,11.145094,0.5469107627868652,0.4732673168182373,0.03963964059948921
YBR096W,YMR115W,0,11.14374,0.5462856888771057,0.4732673168182373,0.039739739149808884
YBR187W,YDR337W,0,11.12735,0.5456621050834656,0.4732673168182373,0.039839841425418854
YGL240W,YGL087C,1,11.11685,0.5461801886558533,0.4742574393749237,0.039839841425418854
YKR035W-A,YNL274C,0,11.0930195,0.5455580949783325,0.4742574393749237,0.039939939975738525
YJR151C,YOR204W,0,11.083402,0.5449374318122864,0.4742574393749237,0.0400400385260582
YMR186W,YOR194C,0,11.07998,0.5443181991577148,0.4742574393749237,0.04014014080166817
YHR020W,YBL039C,1,11.075214,0.5448353886604309,0.4752475321292877,0.04014014080166817
YPR149W,YML036W,0,11.070517,0.5442177057266235,0.4752475321292877,0.04024023935198784
YPR198W,YNR018W,0,11.068848,0.5436013340950012,0.4752475321292877,0.04034034162759781
YJL117W,YGR070W,0,11.063841,0.5429864525794983,0.4752475321292877,0.04044044017791748
YLR043C,YBR129C,0,11.056582,0.5423728823661804,0.4752475321292877,0.04054053872823715
YFL033C,YPR043W,0,11.053545,0.5417607426643372,0.4752475321292877,0.04064064100384712
YLR024C,YNL175C,0,11.049812,0.541149914264679,0.4752475321292877,0.040740739554166794
YGR167W,YMR200W,0,11.046204,0.5405405163764954,0.4752475321292877,0.040840841829776764
YMR207C,YAR015W,1,11.0454235,0.5410573482513428,0.47623762488365173,0.040840841829776764
YGL259W,YFL023W,0,11.041631,0.5404494404792786,0.47623762488365173,0.040940940380096436
YER017C,YNL016W,0,11.037524,0.5398428440093994,0.47623762488365173,0.041041042655706406
YPL097W,YBR039W,1,11.025248,0.5403587222099304,0.47722771763801575,0.041041042655706406
YPR162C,YOL151W,0,11.023431,0.5397536158561707,0.47722771763801575,0.04114114120602608
YFR021W,YDR457W,0,11.020214,0.5391498804092407,0.47722771763801575,0.04124123975634575
YPL276W,YMR308C,0,11.018627,0.5385474562644958,0.47722771763801575,0.04134134203195572
YOR168W,YEL012W,1,11.015349,0.5390625,0.47821781039237976,0.04134134203195572
YDR298C,YDR377W,1,11.01257,0.5395763516426086,0.47920793294906616,0.04134134203195572
YGL234W,YER015W,1,10.999998,0.5400890707969666,0.4801980257034302,0.04134134203195572
YNL220W,YBR222C,1,10.998571,0.5406006574630737,0.4811881184577942,0.04134134203195572
YHR029C,YHL027W,0,10.997471,0.5400000214576721,0.4811881184577942,0.04144144058227539
YAL063C,YDR304C,0,10.996117,0.5394006371498108,0.4811881184577942,0.04154154285788536
YFR036W,YNR015W,0,10.988445,0.5388026833534241,0.4811881184577942,0.04164164140820503
YBR031W,YGL241W,0,10.986008,0.5382059812545776,0.4811881184577942,0.041741739958524704
YNL160W,YGR012W,0,10.979671,0.5376105904579163,0.4811881184577942,0.041841842234134674
YLL041C,YFR021W,0,10.976645,0.5370165705680847,0.4811881184577942,0.041941940784454346
YJL085W,YJR130C,0,10.976175,0.5364238619804382,0.4811881184577942,0.042042043060064316
YKR057W,YAL031C,0,10.969226,0.535832405090332,0.4811881184577942,0.04214214161038399
YGL087C,YEL027W,1,10.967614,0.5363436341285706,0.4821782112121582,0.04214214161038399
YOR317W,YER074W,0,10.965281,0.5357535481452942,0.4821782112121582,0.04224224388599396
YLR291C,YOL026C,0,10.965277,0.5351648330688477,0.4821782112121582,0.04234234243631363
YML049C,YOR020C,0,10.957058,0.5345773696899414,0.4821782112121582,0.0424424409866333
YOR156C,YDR313C,1,10.950557,0.5350877046585083,0.4831683039665222,0.0424424409866333
YLR295C,YDR419W,0,10.938535,0.5345016717910767,0.4831683039665222,0.04254254326224327
YOR176W,YGL241W,0,10.922531,0.5339168310165405,0.4831683039665222,0.04264264181256294
YPL040C,YGL245W,1,10.917284,0.534426212310791,0.4841584265232086,0.04264264181256294
YBR037C,YOR340C,0,10.899763,0.5338428020477295,0.4841584265232086,0.04274274408817291
YKR057W,YJL141C,0,10.896668,0.5332606434822083,0.4841584265232086,0.042842842638492584
YFL038C,YPR080W,0,10.893704,0.5326797366142273,0.4841584265232086,0.042942941188812256
YKL203C,YLL027W,0,10.891902,0.5321000814437866,0.4841584265232086,0.043043043464422226
YBR094W,YCR066W,1,10.891439,0.532608687877655,0.48514851927757263,0.043043043464422226
YIL094C,YFR033C,0,10.887043,0.5320304036140442,0.48514851927757263,0.0431431420147419
YHR209W,YKL082C,0,10.871744,0.5314533710479736,0.48514851927757263,0.04324324429035187
YER055C,YER046W,0,10.866636,0.5308775901794434,0.48514851927757263,0.04334334284067154
YMR321C,YML073C,0,10.860023,0.5303030014038086,0.48514851927757263,0.04344344511628151
YER008C,YDR429C,0,10.859255,0.5297297239303589,0.48514851927757263,0.04354354366660118
YPR182W,YMR093W,0,10.8510065,0.5291576385498047,0.48514851927757263,0.04364364221692085
YML051W,YHR057C,0,10.847281,0.5285868644714355,0.48514851927757263,0.04374374449253082
YDR083W,YGL220W,0,10.847273,0.5280172228813171,0.48514851927757263,0.043843843042850494
YDR026C,YML128C,0,10.843352,0.5274488925933838,0.48514851927757263,0.043943945318460464
YKR035W-A,YBR010W,0,10.839745,0.5268816947937012,0.48514851927757263,0.044044043868780136
YJL087C,YPL271W,1,10.838024,0.5273898839950562,0.48613861203193665,0.044044043868780136
YKL016C,YOL077W-A,1,10.827842,0.5278970003128052,0.48712870478630066,0.044044043868780136
YPR035W,YBL039C,1,10.822388,0.5284029841423035,0.4881187975406647,0.044044043868780136
YNL232W,YPL196W,0,10.817559,0.5278372764587402,0.4881187975406647,0.04414414241909981
YOR054C,YNL032W,0,10.814827,0.5272727012634277,0.4881187975406647,0.04424424469470978
YHR111W,YGR133W,1,10.813164,0.5277777910232544,0.4891089200973511,0.04424424469470978
YAL054C,YOR226C,0,10.807615,0.527214527130127,0.4891089200973511,0.04434434324502945
YNL232W,YCL043C,0,10.801866,0.526652455329895,0.4891089200973511,0.04444444552063942
YLR153C,YDR377W,1,10.799392,0.5271565318107605,0.4900990128517151,0.04444444552063942
YBR230C,YDR373W,0,10.795563,0.5265957713127136,0.4900990128517151,0.04454454407095909
YDR026C,YLR386W,0,10.793688,0.5260361433029175,0.4900990128517151,0.04464464634656906
YDR037W,YNL073W,1,10.788757,0.5265392661094666,0.4910891056060791,0.04464464634656906
YPL042C,YNL262W,0,10.787755,0.5259808897972107,0.4910891056060791,0.04474474489688873
YDR023W,YDL074C,1,10.786356,0.5264830589294434,0.4920791983604431,0.04474474489688873
YER055C,YDL083C,0,10.784865,0.5259259343147278,0.4920791983604431,0.044844843447208405
YOR323C,YMR272C,0,10.783909,0.5253700017929077,0.4920791983604431,0.044944945722818375
YIR025W,YGR214W,0,10.777384,0.5248152017593384,0.4920791983604431,0.045045044273138046
YEL043W,YJL213W,0,10.772217,0.5242615938186646,0.4920791983604431,0.045145146548748016
YGR169C,YOL124C,0,10.766143,0.5237091779708862,0.4920791983604431,0.04524524509906769
YOR241W,YDR341C,1,10.760557,0.524210512638092,0.4930693209171295,0.04524524509906769
YMR217W,YDR409W,1,10.749831,0.5247108340263367,0.49405941367149353,0.04524524509906769
YML051W,YOL026C,0,10.747667,0.5241596698760986,0.49405941367149353,0.04534534364938736
YMR005W,YOR085W,0,10.744419,0.5236096382141113,0.49405941367149353,0.04544544592499733
YDR172W,YIL048W,0,10.743767,0.5230607986450195,0.49405941367149353,0.045545544475317
YMR284W,YDL040C,0,10.742827,0.5225130915641785,0.49405941367149353,0.04564564675092697
YML096W,YCR066W,1,10.734712,0.5230125784873962,0.49504950642585754,0.04564564675092697
YLL041C,YGR020C,0,10.716655,0.5224660634994507,0.49504950642585754,0.04574574530124664
YOR159C,YMR210W,0,10.68416,0.5219206809997559,0.49504950642585754,0.04584584757685661
YDR322C-A,YNL073W,1,10.6815815,0.5224192142486572,0.49603959918022156,0.04584584757685661
YDL022W,YDL039C,0,10.67936,0.5218750238418579,0.49603959918022156,0.045945946127176285
YDL040C,YER019C-A,0,10.678043,0.5213319659233093,0.49603959918022156,0.046046044677495956
YOL155C,YBR129C,0,10.676671,0.5207900404930115,0.49603959918022156,0.046146146953105927
YIL009W,YLR306W,1,10.674479,0.5212876200675964,0.49702969193458557,0.046146146953105927
YBR183W,YNL219C,0,10.672657,0.5207468867301941,0.49702969193458557,0.0462462455034256
YBL099W,YLR295C,1,10.669313,0.5212435126304626,0.498019814491272,0.0462462455034256
YLR329W,YML128C,0,10.66435,0.520703911781311,0.498019814491272,0.04634634777903557
YPL190C,YGL141W,1,10.654818,0.5211995840072632,0.499009907245636,0.04634634777903557
YBR052C,YNL175C,0,10.6508045,0.5206611752510071,0.499009907245636,0.04644644632935524
YIL134W,YMR180C,0,10.650379,0.5201238393783569,0.499009907245636,0.04654654487967491
YPL213W,YNR017W,0,10.649867,0.5195876359939575,0.499009907245636,0.04664664715528488
YPL110C,YPR133W-A,0,10.646175,0.5190525054931641,0.499009907245636,0.04674674570560455
YDR283C,YNL247W,1,10.644535,0.5195473432540894,0.5,0.04674674570560455
YBR223C,YLR321C,0,10.639678,0.5190133452415466,0.5,0.04684684798121452
YKR071C,YJR133W,0,10.637766,0.5184804797172546,0.5,0.046946946531534195
YEL022W,YNR013C,0,10.63443,0.5179487466812134,0.5,0.047047048807144165
YKR055W,YHR085W,0,10.63265,0.5174180269241333,0.5,0.04714714735746384
YDL142C,YIL076W,0,10.618019,0.516888439655304,0.5,0.04724724590778351
YJL085W,YMR136W,0,10.612731,0.5163599252700806,0.5,0.04734734818339348
YPR035W,YLR348C,0,10.608385,0.5158324837684631,0.5,0.04744744673371315
YMR005W,YNR017W,0,10.606823,0.5153061151504517,0.5,0.04754754900932312
YMR269W,YAL031C,0,10.60565,0.5147808194160461,0.5,0.04764764755964279
YBR196C,YGR238C,0,10.601962,0.5142565965652466,0.5,0.04774774610996246
YBR150C,YJL079C,0,10.599524,0.513733446598053,0.5,0.047847848385572433
YPL240C,YOL054W,0,10.596052,0.5132113695144653,0.5,0.047947946935892105
YOR215C,YKL016C,1,10.5869255,0.5137056112289429,0.500990092754364,0.047947946935892105
YJL071W,YPL273W,0,10.585698,0.5131846070289612,0.500990092754364,0.048048049211502075
YKL190W,YBR037C,0,10.5838,0.5126646161079407,0.500990092754364,0.04814814776182175
YLR191W,YDR494W,0,10.563528,0.5121457576751709,0.500990092754364,0.04824825003743172
YGL220W,YBR010W,0,10.541274,0.5116279125213623,0.500990092754364,0.04834834858775139
YGR081C,YKL175W,0,10.540951,0.5111111402511597,0.500990092754364,0.04844844713807106
YGL180W,YBR010W,0,10.530413,0.5105953812599182,0.500990092754364,0.04854854941368103
YGR229C,YDR081C,0,10.525055,0.5100806355476379,0.500990092754364,0.0486486479640007
YBR202W,YLL041C,0,10.524178,0.5095669627189636,0.500990092754364,0.04874875023961067
YDR144C,YMR136W,0,10.51515,0.5090543031692505,0.500990092754364,0.048848848789930344
YDR026C,YOR232W,0,10.501089,0.5085427165031433,0.500990092754364,0.048948947340250015
YNL261W,YJL085W,0,10.500206,0.5080321431159973,0.500990092754364,0.049049049615859985
YPR080W,YKL053C-A,0,10.497218,0.5075225830078125,0.500990092754364,0.04914914816617966
YKL053C-A,YPR163C,0,10.49643,0.5070140361785889,0.500990092754364,0.04924925044178963
YPR187W,YGR171C,0,10.494753,0.5065065026283264,0.500990092754364,0.0493493489921093
YFR019W,YPR163C,0,10.485803,0.5059999823570251,0.500990092754364,0.04944945126771927
YIL002C,YKL053C-A,0,10.484022,0.5054945349693298,0.500990092754364,0.04954954981803894
YJL034W,YLL034C,0,10.483182,0.5049900412559509,0.500990092754364,0.04964964836835861
YIL009W,YHR011W,1,10.479983,0.5054835677146912,0.501980185508728,0.04964964836835861
YPL007C,YER046W,0,10.479536,0.5049800872802734,0.501980185508728,0.04974975064396858
YML073C,YML030W,0,10.469569,0.5044776201248169,0.501980185508728,0.049849849194288254
YOR147W,YGR246C,0,10.463957,0.5039761662483215,0.501980185508728,0.049949951469898224
YNR018W,YKR035W-A,0,10.459762,0.5034756660461426,0.501980185508728,0.050050050020217896
YDR313C,YHR171W,1,10.45656,0.5039682388305664,0.502970278263092,0.050050050020217896
YDR242W,YOR339C,1,10.456316,0.5044598579406738,0.503960371017456,0.050050050020217896
YBR127C,YPL234C,1,10.442542,0.5049505233764648,0.5049505233764648,0.050050050020217896
YNL202W,YPL112C,0,10.436468,0.5044510364532471,0.5049505233764648,0.05015014857053757
YML097C,YIL177C,0,10.435411,0.5039525628089905,0.5049505233764648,0.05025025084614754
YLR080W,YNL080C,0,10.433443,0.5034551024436951,0.5049505233764648,0.05035034939646721
YMR020W,YGL169W,0,10.425161,0.5029585957527161,0.5049505233764648,0.05045045167207718
YLR452C,YLR141W,0,10.423502,0.5024630427360535,0.5049505233764648,0.05055055022239685
YGR285C,YDR218C,0,10.419264,0.501968502998352,0.5049505233764648,0.05065065249800682
YLR390W,YMR229C,0,10.419012,0.501474916934967,0.5049505233764648,0.05075075104832649
YGL240W,YFL039C,1,10.416275,0.5019646286964417,0.5059406161308289,0.05075075104832649
YNL314W,YIL035C,0,10.414968,0.5014720559120178,0.5059406161308289,0.050850849598646164
YDR067C,YGL170C,0,10.414312,0.5009803771972656,0.5059406161308289,0.050950951874256134
YOR054C,YPL104W,0,10.404978,0.5004897117614746,0.5059406161308289,0.051051050424575806
YGR012W,YKL067W,0,10.395905,0.5,0.5059406161308289,0.051151152700185776
YBR223C,YLR350W,0,10.3950405,0.4995112419128418,0.5059406161308289,0.05125125125050545
YDL141W,YBR084W,1,10.3939295,0.5,0.5069307088851929,0.05125125125050545
YKL067W,YBR187W,0,10.388172,0.4995121955871582,0.5069307088851929,0.05135134980082512
YLR024C,YMR217W,1,10.387363,0.5,0.5079208016395569,0.05135134980082512
YMR301C,YKL053C-A,0,10.384741,0.4995131492614746,0.5079208016395569,0.05145145207643509
YOR206W,YIL170W,0,10.3841095,0.4990272521972656,0.5079208016395569,0.05155155062675476
YEL036C,YMR034C,0,10.37658,0.49854227900505066,0.5079208016395569,0.05165165290236473
YKL217W,YOR287C,0,10.374456,0.4980582594871521,0.5079208016395569,0.0517517514526844
YLR383W,YPR163C,0,10.369864,0.49757516384124756,0.5079208016395569,0.051851850003004074
YDR310C,YOR377W,0,10.368178,0.4970930218696594,0.5079208016395569,0.051951952278614044
YLR103C,YFL048C,0,10.362129,0.4966118037700653,0.5079208016395569,0.052052050828933716
YPL064C,YGL226C-A,0,10.35962,0.4961315393447876,0.5079208016395569,0.052152153104543686
YBL099W,YNR016C,1,10.359509,0.4966183602809906,0.5089108943939209,0.052152153104543686
YDR144C,YKL171W,0,10.353636,0.4961389899253845,0.5089108943939209,0.05225225165486336
YJL187C,YFR033C,0,10.347946,0.49566057324409485,0.5089108943939209,0.05235235393047333
YJR121W,YHR171W,1,10.346287,0.49614644050598145,0.5099009871482849,0.05235235393047333
YGL241W,YOR089C,0,10.341089,0.4956689178943634,0.5099009871482849,0.052452452480793
YMR180C,YMR267W,0,10.340643,0.4951923191547394,0.5099009871482849,0.05255255103111267
YDR409W,YPL078C,1,10.337985,0.49567723274230957,0.5108910799026489,0.05255255103111267
YKL085W,YER052C,0,10.3377,0.4952015280723572,0.5108910799026489,0.05265265330672264
YOR241W,YNR016C,1,10.334908,0.49568551778793335,0.5118811726570129,0.05265265330672264
YAL054C,YBL039C,1,10.333704,0.4961685836315155,0.512871265411377,0.05265265330672264
YJL101C,YDR313C,1,10.331162,0.49665072560310364,0.513861358165741,0.05265265330672264
YLL041C,YBR278W,0,10.326595,0.4961759150028229,0.513861358165741,0.05275275185704231
YIL145C,YOR168W,1,10.322857,0.4966571033000946,0.5148515105247498,0.05275275185704231
YPL150W,YPR163C,0,10.315344,0.49618321657180786,0.5148515105247498,0.05285285413265228
YER162C,YBL098W,0,10.300841,0.49571019411087036,0.5148515105247498,0.052952952682971954
YOR142W,YHR011W,1,10.294887,0.49619048833847046,0.5158416032791138,0.052952952682971954
YNL010W,YHR004C,0,10.290977,0.4957183599472046,0.5158416032791138,0.053053051233291626
YDR530C,YGL236C,0,10.288547,0.49524715542793274,0.5158416032791138,0.053153153508901596
YHR168W,YML128C,0,10.283923,0.49477681517601013,0.5158416032791138,0.05325325205922127
YDL198C,YNL006W,0,10.283735,0.49430739879608154,0.5158416032791138,0.05335335433483124
YHR002W,YDR262W,0,10.283358,0.4938388764858246,0.5158416032791138,0.05345345288515091
YLR359W,YMR159C,0,10.283123,0.49337121844291687,0.5158416032791138,0.05355355516076088
YIL020C,YPR149W,0,10.281918,0.4929044544696808,0.5158416032791138,0.05365365371108055
YLL017W,YAL029C,0,10.273024,0.49243855476379395,0.5158416032791138,0.05375375226140022
YOR232W,YDR470C,0,10.272716,0.49197354912757874,0.5158416032791138,0.05385385453701019
YGR184C,YPL078C,1,10.272614,0.49245283007621765,0.5168316960334778,0.05385385453701019
YFL022C,YHR019C,1,10.271715,0.49293118715286255,0.5178217887878418,0.05385385453701019
YKL119C,YGR175C,0,10.27044,0.4924670457839966,0.5178217887878418,0.053953953087329865
YKL170W,YDL171C,0,10.267043,0.49200376868247986,0.5178217887878418,0.054054055362939835
YJL134W,YPR138C,0,10.2645,0.4915413558483124,0.5178217887878418,0.054154153913259506
YFL057C,YGL233W,0,10.259817,0.49107980728149414,0.5178217887878418,0.05425425246357918
YKL132C,YOL058W,1,10.257793,0.49155721068382263,0.5188118815422058,0.05425425246357918
YNL073W,YMR020W,0,10.25114,0.49109652638435364,0.5188118815422058,0.05435435473918915
YBR183W,YFR021W,0,10.250441,0.4906367063522339,0.5188118815422058,0.05445445328950882
YDL021W,YOR294W,0,10.250044,0.4901777505874634,0.5188118815422058,0.05455455556511879
YDR167W,YDR403W,0,10.244751,0.4897196292877197,0.5188118815422058,0.05465465411543846
YAR035W,YPR043W,0,10.241447,0.4892623722553253,0.5188118815422058,0.05475475639104843
YAL039C,YPL208W,0,10.241006,0.48880597949028015,0.5188118815422058,0.0548548549413681
YDR497C,YOR340C,0,10.240517,0.48835042119026184,0.5188118815422058,0.054954953491687775
YDR023W,YGR204W,1,10.236582,0.48882681131362915,0.5198019742965698,0.054954953491687775
YPR191W,YOL090W,0,10.233485,0.4883720874786377,0.5198019742965698,0.055055055767297745
YPR187W,YCR011C,0,10.231834,0.4879182279109955,0.5198019742965698,0.055155154317617416
YIL143C,YNR021W,0,10.218885,0.48746517300605774,0.5198019742965698,0.055255256593227386
YOR084W,YDR172W,0,10.217443,0.48701298236846924,0.5198019742965698,0.05535535514354706
YJR028W,YOR299W,0,10.214963,0.4865616261959076,0.5198019742965698,0.05545545369386673
YGL186C,YDR222W,0,10.210203,0.4861111044883728,0.5198019742965698,0.0555555559694767
YMR113W,YGR185C,1,10.209317,0.48658648133277893,0.5207920670509338,0.0555555559694767
YLR020C,YDL078C,0,10.201902,0.486136794090271,0.5207920670509338,0.05565565451979637
YLR141W,YNL070W,0,10.185764,0.48568791151046753,0.5207920670509338,0.05575575679540634
YDL061C,YKL205W,0,10.184166,0.4852398633956909,0.5207920670509338,0.05585585534572601
YDR322C-A,YPR180W,1,10.183474,0.48571428656578064,0.5217821598052979,0.05585585534572601
YGR020C,YPL003W,1,10.180659,0.4861878454685211,0.5227722525596619,0.05585585534572601
YGR264C,YBR041W,1,10.174816,0.48666054010391235,0.5237624049186707,0.05585585534572601
YHR047C,YNL160W,0,10.170122,0.48621323704719543,0.5237624049186707,0.05595595762133598
YMR117C,YJL225C,0,10.15962,0.48576676845550537,0.5237624049186707,0.056056056171655655
YOR317W,YIL030C,1,10.157305,0.4862385392189026,0.5247524976730347,0.056056056171655655
YEL031W,YJL024C,0,10.154537,0.4857928454875946,0.5247524976730347,0.05615615472197533
YDR414C,YFL054C,0,10.147337,0.4853479862213135,0.5247524976730347,0.0562562569975853
YOR106W,YGL162W,0,10.147035,0.4849039316177368,0.5247524976730347,0.05635635554790497
YGR036C,YDR062W,0,10.142391,0.4844606816768646,0.5247524976730347,0.05645645782351494
YPL094C,YOL093W,0,10.133661,0.4840182662010193,0.5247524976730347,0.05655655637383461
YOR222W,YDR262W,0,10.131315,0.4835766553878784,0.5247524976730347,0.05665665492415428
YDR242W,YOL058W,1,10.128597,0.48404741287231445,0.5257425904273987,0.05665665492415428
YDR092W,YHR171W,1,10.123337,0.48451730608940125,0.5267326831817627,0.05665665492415428
YKL182W,YDR392W,0,10.121062,0.48407644033432007,0.5267326831817627,0.05675675719976425
YDR283C,YPR047W,1,10.109997,0.4845454692840576,0.5277227759361267,0.05675675719976425
YHL012W,YGR285C,0,10.108883,0.48410534858703613,0.5277227759361267,0.05685685575008392
YLL041C,YFL023W,0,10.107763,0.4836660623550415,0.5277227759361267,0.05695695802569389
YBR080C,YNL208W,0,10.097956,0.48322755098342896,0.5277227759361267,0.057057056576013565
YOL124C,YOR377W,0,10.094947,0.4827898442745209,0.5277227759361267,0.057157158851623535
YDR196C,YBL092W,0,10.09475,0.48235294222831726,0.5277227759361267,0.05725725740194321
YKL171W,YLL061W,0,10.09152,0.4819168150424957,0.5277227759361267,0.05735735595226288
YJR078W,YIL088C,0,10.089399,0.48148149251937866,0.5277227759361267,0.05745745822787285
YJR005W,YLR394W,0,10.081021,0.4810469448566437,0.5277227759361267,0.05755755677819252
YCL043C,YKL180W,0,10.079137,0.48061317205429077,0.5277227759361267,0.05765765905380249
YDL202W,YPR030W,0,10.075689,0.48018017411231995,0.5277227759361267,0.05775775760412216
YER049W,YMR008C,0,10.074724,0.4797479808330536,0.5277227759361267,0.057857856154441833
YMR182C,YCL018W,0,10.071568,0.4793165326118469,0.5277227759361267,0.057957958430051804
YDL185W,YOL077W-A,1,10.071211,0.47978436946868896,0.5287128686904907,0.057957958430051804
YPR011C,YGL094C,0,10.06836,0.479353666305542,0.5287128686904907,0.058058056980371475
YLR080W,YNL032W,0,10.067264,0.4789237678050995,0.5287128686904907,0.058158159255981445
YOL165C,YBL052C,0,10.065529,0.4784946143627167,0.5287128686904907,0.05825825780630112
YOL141W,YBR010W,0,10.065471,0.47806623578071594,0.5287128686904907,0.05835836008191109
YPR024W,YDR207C,0,10.064155,0.4776386320590973,0.5287128686904907,0.05845845863223076
YHR019C,YOR241W,1,10.061756,0.47810545563697815,0.5297029614448547,0.05845845863223076
YLR105C,YLL041C,0,10.059158,0.4776785671710968,0.5297029614448547,0.05855855718255043
YLR383W,YDR138W,0,10.054693,0.47725245356559753,0.5297029614448547,0.0586586594581604
YEL052W,YGL050W,0,10.05308,0.47682708501815796,0.5297029614448547,0.05875875800848007
YBR052C,YPR060C,0,10.050693,0.47640249133110046,0.5297029614448547,0.05885886028409004
YDL045W-A,YDL077C,0,10.044488,0.47597864270210266,0.5297029614448547,0.058958958834409714
YDL141W,YDR390C,1,10.042044,0.47644445300102234,0.5306930541992188,0.058958958834409714
YER087W,YER015W,1,10.040991,0.4769093990325928,0.5316831469535828,0.058958958834409714
YLR183C,YIL021W,0,10.040228,0.4764862358570099,0.5316831469535828,0.059059057384729385
YOL107W,YBR093C,0,10.0393305,0.4760638177394867,0.5316831469535828,0.059159159660339355
YPL150W,YER090W,0,10.031195,0.4756421744823456,0.5316831469535828,0.05925925821065903
YOR159C,YNL073W,0,10.014914,0.4752212464809418,0.5316831469535828,0.059359360486269
YDL078C,YHR077C,0,10.012764,0.47480106353759766,0.5316831469535828,0.05945945903658867
YNL117W,YKR026C,0,10.008517,0.47438162565231323,0.5316831469535828,0.05955956131219864
YPL003W,YNR016C,1,10.006968,0.4748455286026001,0.5326732397079468,0.05955956131219864
YBR084W,YBL039C,1,9.996618,0.4753086566925049,0.5336633920669556,0.05955956131219864
YLR025W,YKR006C,0,9.994891,0.474889874458313,0.5336633920669556,0.05965965986251831
YFL039C,YEL019C,1,9.993961,0.47535210847854614,0.5346534848213196,0.05965965986251831
YOR138C,YCR012W,0,9.993211,0.47493404150009155,0.5346534848213196,0.05975975841283798
YPL276W,YDL179W,0,9.989213,0.47451668977737427,0.5346534848213196,0.05985986068844795
YER074W,YNL175C,0,9.979543,0.4741000831127167,0.5346534848213196,0.059959959238767624
YER087W,YMR113W,1,9.976795,0.4745613932609558,0.5356435775756836,0.059959959238767624
YOL090W,YKL085W,0,9.969259,0.47414547204971313,0.5356435775756836,0.060060061514377594
YOR339C,YEL019C,1,9.969152,0.4746059477329254,0.5366336703300476,0.060060061514377594
YOR156C,YIL078W,1,9.965049,0.4750656187534332,0.5376237630844116,0.060060061514377594
YLR153C,YLR060W,1,9.960405,0.4755244851112366,0.5386138558387756,0.060060061514377594
YDR159W,YOL062C,0,9.959992,0.47510915994644165,0.5386138558387756,0.060160160064697266
YLL045C,YEL037C,0,9.95516,0.4746945798397064,0.5386138558387756,0.06026025861501694
YDR090C,YLR348C,0,9.945181,0.4742807447910309,0.5386138558387756,0.06036036089062691
YFR031C,YNL307C,0,9.93812,0.47386759519577026,0.5386138558387756,0.06046045944094658
YOR241W,YGL087C,1,9.933046,0.4743255078792572,0.5396039485931396,0.06046045944094658
YCL043C,YIR032C,0,9.930096,0.4739130437374115,0.5396039485931396,0.06056056171655655
YKL061W,YKR044W,0,9.918906,0.4735012948513031,0.5396039485931396,0.06066066026687622
YKR006C,YOR222W,0,9.915196,0.4730902910232544,0.5396039485931396,0.06076076254248619
YLR300W,YER019C-A,0,9.907649,0.4726799726486206,0.5396039485931396,0.06086086109280586
YOR323C,YPR191W,0,9.904198,0.4722703695297241,0.5396039485931396,0.060960959643125534
YLR028C,YAL029C,0,9.901647,0.47186148166656494,0.5396039485931396,0.061061061918735504
YKL095W,YGR027C,0,9.899675,0.4714532792568207,0.5396039485931396,0.061161160469055176
YDR229W,YER115C,0,9.899542,0.4710458219051361,0.5396039485931396,0.061261262744665146
YGL026C,YBR031W,0,9.898985,0.47063902020454407,0.5396039485931396,0.06136136129498482
YGR167W,YGR246C,0,9.894603,0.4702329635620117,0.5396039485931396,0.06146145984530449
YOR241W,YBL039C,1,9.8891535,0.47068965435028076,0.5405940413475037,0.06146145984530449
YIL035C,YDL083C,0,9.884396,0.47028422355651855,0.5405940413475037,0.06156156212091446
YOR212W,YEL041W,0,9.880888,0.46987950801849365,0.5405940413475037,0.06166166067123413
YKL210W,YJL130C,1,9.879652,0.47033533453941345,0.5415841341018677,0.06166166067123413
YKL170W,YLR182W,0,9.878906,0.4699312746524811,0.5415841341018677,0.0617617629468441
YNL052W,YOR349W,0,9.877914,0.4695279002189636,0.5415841341018677,0.06186186149716377
YKL182W,YKL175W,0,9.871025,0.4691252112388611,0.5415841341018677,0.06196196377277374
YDL107W,YBL076C,0,9.866939,0.46872320771217346,0.5415841341018677,0.062062062323093414
YJR006W,YMR075W,0,9.865016,0.46832191944122314,0.5415841341018677,0.062162160873413086
YLR295C,YAL063C,0,9.862866,0.46792128682136536,0.5415841341018677,0.062262263149023056
YOL004W,YJR034W,0,9.850277,0.4675213694572449,0.5415841341018677,0.06236236169934273
YPR196W,YGL050W,0,9.848109,0.4671221077442169,0.5415841341018677,0.0624624639749527
YFL038C,YDR457W,0,9.846449,0.46672356128692627,0.5415841341018677,0.06256256252527237
YLR153C,YNR035C,0,9.832859,0.46632567048072815,0.5415841341018677,0.06266266107559204
YOR313C,YNL259C,0,9.8324175,0.46592843532562256,0.5415841341018677,0.06276275962591171
YNL073W,YNL335W,0,9.828005,0.4655319154262543,0.5415841341018677,0.06286286562681198
YGR020C,YJL004C,0,9.807724,0.4651360511779785,0.5415841341018677,0.06296296417713165
YOR292C,YBR042C,0,9.8000345,0.4647408723831177,0.5415841341018677,0.06306306272745132
YDR174W,YDR451C,0,9.798309,0.46434634923934937,0.5415841341018677,0.063163161277771
YOR005C,YGL234W,1,9.795843,0.4648006856441498,0.5425742864608765,0.063163161277771
YIL143C,YLR394W,0,9.790024,0.4644067883491516,0.5425742864608765,0.06326325982809067
YOR209C,YGL234W,1,9.778066,0.46486029028892517,0.5435643792152405,0.06326325982809067
YMR089C,YMR308C,0,9.770698,0.46446701884269714,0.5435643792152405,0.06336336582899094
YJL053W,YPL273W,0,9.769009,0.46407437324523926,0.5435643792152405,0.06346346437931061
YOL093W,YPL078C,0,9.76413,0.4636824429035187,0.5435643792152405,0.06356356292963028
YER055C,YJL060W,0,9.7635565,0.46329113841056824,0.5435643792152405,0.06366366147994995
YPR125W,YLR016C,0,9.753662,0.4629005193710327,0.5435643792152405,0.06376376748085022
YGL158W,YJL004C,0,9.747071,0.46251052618026733,0.5435643792152405,0.06386386603116989
YDL004W,YBR208C,1,9.741842,0.46296295523643494,0.5445544719696045,0.06386386603116989
YDR283C,YAR015W,1,9.741602,0.46341463923454285,0.5455445647239685,0.06386386603116989
YDR026C,YKR057W,0,9.738519,0.46302521228790283,0.5455445647239685,0.06396396458148956
YLR153C,YGR185C,1,9.737609,0.4634760618209839,0.5465346574783325,0.06396396458148956
YPR182W,YEL040W,0,9.727749,0.463087260723114,0.5465346574783325,0.06406406313180923
YBR274W,YAL016W,0,9.725931,0.4626990854740143,0.5465346574783325,0.0641641616821289
YLR165C,YML028W,0,9.725712,0.4623115658760071,0.5465346574783325,0.06426426768302917
YLR153C,YDL164C,1,9.723948,0.4627614915370941,0.5475247502326965,0.06426426768302917
YGL236C,YLL004W,0,9.717426,0.46237456798553467,0.5475247502326965,0.06436436623334885
YKL061W,YGL103W,0,9.715372,0.46198830008506775,0.5475247502326965,0.06446446478366852
YPL151C,YMR089C,0,9.714495,0.46160265803337097,0.5475247502326965,0.06456456333398819
YPR135W,YGL203C,0,9.713129,0.4612176716327667,0.5475247502326965,0.06466466188430786
YLR306W,YFL039C,1,9.71257,0.46166667342185974,0.5485148429870605,0.06466466188430786
YER050C,YPL104W,0,9.709823,0.46128225326538086,0.5485148429870605,0.06476476788520813
YPR194C,YLR264W,0,9.706293,0.4608984887599945,0.5485148429870605,0.0648648664355278
YDR067C,YAR035W,0,9.702888,0.4605153799057007,0.5485148429870605,0.06496496498584747
YOL086C,YLR113W,0,9.698902,0.460132896900177,0.5485148429870605,0.06506506353616714
YER055C,YOL026C,0,9.695489,0.45975103974342346,0.5485148429870605,0.06516516208648682
YOR168W,YNL239W,0,9.694072,0.45936980843544006,0.5485148429870605,0.06526526808738708
YPL183W-A,YJL082W,0,9.679635,0.4589892327785492,0.5485148429870605,0.06536536663770676
YHR012W,YCL025C,0,9.670244,0.45860928297042847,0.5485148429870605,0.06546546518802643
YPR182W,YMR176W,0,9.668325,0.4582299292087555,0.5485148429870605,0.0655655637383461
YBR115C,YBR218C,1,9.668023,0.4586776793003082,0.5495049357414246,0.0655655637383461
YLR024C,YNL247W,1,9.663317,0.45912468433380127,0.5504950284957886,0.0655655637383461
YHR030C,YJR119C,0,9.663054,0.4587458670139313,0.5504950284957886,0.06566566228866577
YDR512C,YMR200W,0,9.661957,0.4583676755428314,0.5504950284957886,0.06576576828956604
YMR117C,YJL192C,0,9.659372,0.4579901099205017,0.5504950284957886,0.06586586683988571
YER183C,YGL245W,1,9.655809,0.4584362208843231,0.5514851212501526,0.06586586683988571
YNL085W,YPL183W-A,0,9.654993,0.4580592215061188,0.5514851212501526,0.06596596539020538
YDR263C,YDR260C,0,9.65387,0.4576828181743622,0.5514851212501526,0.06606606394052505
YNL160W,YDR140W,0,9.646606,0.4573070704936981,0.5514851212501526,0.06616616249084473
YKL038W,YER074W,0,9.645405,0.4569319188594818,0.5514851212501526,0.066266268491745
YMR089C,YML109W,0,9.645382,0.45655736327171326,0.5514851212501526,0.06636636704206467
YGL083W,YGL203C,0,9.642933,0.45618346333503723,0.5514851212501526,0.06646646559238434
YDR429C,YNL284C,0,9.642269,0.45581015944480896,0.5514851212501526,0.06656656414270401
YGL014W,YDR164C,0,9.641419,0.45543745160102844,0.5514851212501526,0.06666667014360428
YOR212W,YPR133W-A,0,9.630686,0.45506536960601807,0.5514851212501526,0.06676676869392395
YBR059C,YFL057C,0,9.630604,0.45469388365745544,0.5514851212501526,0.06686686724424362
YHR061C,YLR016C,0,9.626533,0.4543229937553406,0.5514851212501526,0.0669669657945633
YBR094W,YML081C-A,1,9.624037,0.45476773381233215,0.5524752736091614,0.0669669657945633
YKL082C,YLR359W,0,9.611872,0.45439738035202026,0.5524752736091614,0.06706706434488297
YML096W,YGL087C,1,9.609623,0.45484134554862976,0.5534653663635254,0.06706706434488297
YOR142W,YNR057C,1,9.603317,0.45528456568717957,0.5544554591178894,0.06706706434488297
YKL090W,YPL188W,0,9.602646,0.4549146890640259,0.5544554591178894,0.06716717034578323
YOR142W,YBL039C,1,9.594438,0.4553571343421936,0.5554455518722534,0.06716717034578323
YDR170C,YGL051W,0,9.589981,0.4549878239631653,0.5554455518722534,0.0672672688961029
YKL126W,YPR138C,0,9.584682,0.4546191394329071,0.5554455518722534,0.06736736744642258
YER154W,YDR527W,0,9.58466,0.4542510211467743,0.5554455518722534,0.06746746599674225
YJR051W,YBR155W,0,9.584528,0.45388349890708923,0.5554455518722534,0.06756756454706192
YOR194C,YGL071W,0,9.573123,0.45351657271385193,0.5554455518722534,0.06766767054796219
YMR123W,YGL019W,0,9.569919,0.4531502425670624,0.5554455518722534,0.06776776909828186
YKL210W,YHR008C,0,9.562983,0.4527845084667206,0.5554455518722534,0.06786786764860153
YPR033C,YJR103W,1,9.56114,0.4532258212566376,0.5564356446266174,0.06786786764860153
YOL010W,YPR127W,0,9.557779,0.45286059379577637,0.5564356446266174,0.0679679661989212
YGR027C,YBR192W,0,9.5557375,0.4524959623813629,0.5564356446266174,0.06806806474924088
YGR145W,YPL183W-A,0,9.55348,0.4521319270133972,0.5564356446266174,0.06816817075014114
YBR096W,YKR044W,0,9.5530205,0.4517684876918793,0.5564356446266174,0.06826826930046082
YER087W,YHR011W,1,9.548159,0.45220884680747986,0.5574257373809814,0.06826826930046082
YDL198C,YDL148C,0,9.546597,0.4518459141254425,0.5574257373809814,0.06836836785078049
YLR382C,YJR036C,1,9.542479,0.452285498380661,0.5584158301353455,0.06836836785078049
YKR054C,YDR470C,0,9.536791,0.45192307233810425,0.5584158301353455,0.06846846640110016
YKR102W,YEL056W,0,9.532141,0.45156124234199524,0.5584158301353455,0.06856856495141983
YDR499W,YOR008C,0,9.530628,0.451200008392334,0.5584158301353455,0.0686686709523201
YDL022W,YFL001W,0,9.528191,0.4508393406867981,0.5584158301353455,0.06876876950263977
YMR054W,YMR143W,0,9.514038,0.4504792392253876,0.5584158301353455,0.06886886805295944
YKL130C,YML132W,0,9.508989,0.4501197040081024,0.5584158301353455,0.06896896660327911
YGL122C,YJR063W,0,9.5089445,0.449760764837265,0.5584158301353455,0.06906907260417938
YJL130C,YGR133W,1,9.507454,0.4501992166042328,0.5594059228897095,0.06906907260417938
YAL063C,YLR344W,0,9.499141,0.4498407542705536,0.5594059228897095,0.06916917115449905
YBR275C,YPR133W-A,0,9.498051,0.44948288798332214,0.5594059228897095,0.06926926970481873
YML096W,YOR168W,1,9.491436,0.44992050528526306,0.5603960156440735,0.06926926970481873
YOR176W,YPR060C,0,9.490256,0.4495631456375122,0.5603960156440735,0.0693693682551384
YGR145W,YOR020C,0,9.488216,0.4492063522338867,0.5603960156440735,0.06946946680545807
YIL021W,YPR030W,0,9.468164,0.4488501250743866,0.5603960156440735,0.06956957280635834
YBR202W,YDR296W,0,9.46633,0.44849446415901184,0.5603960156440735,0.06966967135667801
YNL202W,YKR035W-A,0,9.46601,0.44813933968544006,0.5603960156440735,0.06976976990699768
YHR041C,YNL138W,0,9.460222,0.44778481125831604,0.5603960156440735,0.06986986845731735
YLL045C,YGR285C,0,9.457451,0.447430819272995,0.5603960156440735,0.06996996700763702
YML049C,YNL262W,0,9.456562,0.4470774233341217,0.5603960156440735,0.07007007300853729
YDR453C,YPR060C,0,9.454847,0.446724534034729,0.5603960156440735,0.07017017155885696
YNL191W,YOR339C,1,9.447892,0.44716086983680725,0.5613861680030823,0.07017017155885696
YDR059C,YOR317W,1,9.445159,0.4475965201854706,0.5623762607574463,0.07017017155885696
YLR314C,YJL130C,0,9.439919,0.4472441077232361,0.5623762607574463,0.07027027010917664
YPL134C,YOR311C,0,9.435725,0.4468922019004822,0.5623762607574463,0.07037036865949631
YPR024W,YIL021W,0,9.43269,0.446540892124176,0.5623762607574463,0.07047046720981598
YLR191W,YNL258C,0,9.432351,0.44619008898735046,0.5623762607574463,0.07057057321071625
YCL024W,YHR051W,0,9.431509,0.44583988189697266,0.5623762607574463,0.07067067176103592
YJR032W,YPL196W,0,9.423106,0.44549018144607544,0.5623762607574463,0.07077077031135559
YPL127C,YNL273W,0,9.4206705,0.445141077041626,0.5623762607574463,0.07087086886167526
YJL130C,YBL080C,1,9.419618,0.4455755650997162,0.5633663535118103,0.07087086886167526
YPL150W,YMR267W,0,9.417469,0.44522690773010254,0.5633663535118103,0.07097096741199493
YDR260C,YLR348C,0,9.41361,0.44487881660461426,0.5633663535118103,0.0710710734128952
YBR282W,YGL233W,0,9.399079,0.44453126192092896,0.5633663535118103,0.07117117196321487
YPR191W,YHR135C,0,9.394219,0.44418424367904663,0.5633663535118103,0.07127127051353455
YDR377W,YBR222C,1,9.393349,0.44461777806282043,0.5643564462661743,0.07127127051353455
YML073C,YKL124W,0,9.389416,0.4442712366580963,0.5643564462661743,0.07137136906385422
YLR153C,YNL247W,1,9.383726,0.4447040557861328,0.5653465390205383,0.07137136906385422
YNL231C,YDR492W,0,9.382362,0.4443579912185669,0.5653465390205383,0.07147147506475449
YER055C,YOR226C,0,9.381977,0.44401243329048157,0.5653465390205383,0.07157157361507416
YEL037C,YPL078C,0,9.37702,0.4436674416065216,0.5653465390205383,0.07167167216539383
YGR180C,YJL225C,0,9.371138,0.4433229863643646,0.5653465390205383,0.0717717707157135
YDR144C,YHR008C,0,9.370812,0.4429790675640106,0.5653465390205383,0.07187186926603317
YLR401C,YLR278C,0,9.369654,0.4426356554031372,0.5653465390205383,0.07197197526693344
YDR146C,YPL183W-A,0,9.363039,0.44229280948638916,0.5653465390205383,0.07207207381725311
YDR140W,YPR133W-A,0,9.360471,0.4419504702091217,0.5653465390205383,0.07217217236757278
YLR285W,YCR011C,0,9.353299,0.4416086673736572,0.5653465390205383,0.07227227091789246
YNL283C,YMR075W,0,9.345369,0.4412674009799957,0.5653465390205383,0.07237236946821213
YER087W,YOR241W,1,9.342976,0.4416988492012024,0.5663366317749023,0.07237236946821213
YNR006W,YDL039C,0,9.337923,0.4413580298423767,0.5663366317749023,0.0724724754691124
YPL127C,YOR074C,0,9.335232,0.441017746925354,0.5663366317749023,0.07257257401943207
YJR078W,YDL202W,0,9.33198,0.4406779706478119,0.5663366317749023,0.07267267256975174
YIL002C,YDR079W,0,9.325269,0.44033873081207275,0.5663366317749023,0.07277277112007141
YMR169C,YER171W,0,9.324502,0.4399999976158142,0.5663366317749023,0.07287286967039108
YLR182W,YNL122C,0,9.323396,0.43966180086135864,0.5663366317749023,0.07297297567129135
YGR167W,YLR348C,0,9.319956,0.43932411074638367,0.5663366317749023,0.07307307422161102
YDR174W,YKL003C,0,9.315346,0.43898695707321167,0.5663366317749023,0.0731731727719307
YPR196W,YJL141C,0,9.312603,0.43865031003952026,0.5663366317749023,0.07327327132225037
YJL087C,YCR046C,0,9.305397,0.43831416964530945,0.5663366317749023,0.07337336987257004
YDL107W,YEL022W,0,9.304314,0.4379785656929016,0.5663366317749023,0.0734734758734703
YMR241W,YMR137C,0,9.289196,0.43764346837997437,0.5663366317749023,0.07357357442378998
YLR208W,YNL079C,0,9.288977,0.4373088777065277,0.5663366317749023,0.07367367297410965
YBR155W,YER087W,0,9.288525,0.43697479367256165,0.5663366317749023,0.07377377152442932
YAL060W,YNR015W,0,9.287653,0.43664121627807617,0.5663366317749023,0.07387387752532959
YKL182W,YOL043C,0,9.287196,0.4363081753253937,0.5663366317749023,0.07397397607564926
YOR241W,YPL234C,1,9.286561,0.4367378056049347,0.5673267245292664,0.07397397607564926
YDR497C,YBR281C,0,9.2839985,0.4364051818847656,0.5673267245292664,0.07407407462596893
YPR180W,YEL012W,1,9.281235,0.43683409690856934,0.5683168172836304,0.07407407462596893
YNL232W,YPR083W,0,9.28087,0.4365018904209137,0.5683168172836304,0.0741741731762886
YNL032W,YLR350W,0,9.279409,0.43617022037506104,0.5683168172836304,0.07427427172660828
YJL005W,YFR033C,0,9.265108,0.4358390271663666,0.5683168172836304,0.07437437772750854
YBR145W,YDR508C,0,9.261896,0.4355083405971527,0.5683168172836304,0.07447447627782822
YML096W,YHR011W,1,9.260223,0.43593630194664,0.5693069100379944,0.07447447627782822
YPR137W,YIL170W,0,9.25843,0.43560606241226196,0.5693069100379944,0.07457457482814789
YMR169C,YLR348C,0,9.246299,0.4352762997150421,0.5693069100379944,0.07467467337846756
YCL025C,YJR063W,0,9.242136,0.43494704365730286,0.5693069100379944,0.07477477192878723
YOR168W,YPL027W,0,9.24132,0.4346182942390442,0.5693069100379944,0.0748748779296875
YHR002W,YDR167W,0,9.239845,0.4342900216579437,0.5693069100379944,0.07497497648000717
YGR036C,YGR271W,0,9.239539,0.43396225571632385,0.5693069100379944,0.07507507503032684
YBL076C,YHR085W,0,9.234356,0.43363499641418457,0.5693069100379944,0.07517517358064651
YNL232W,YCL025C,0,9.23377,0.4333082139492035,0.5693069100379944,0.07527527213096619
YDR414C,YLR080W,0,9.233723,0.432981938123703,0.5693069100379944,0.07537537813186646
YGR112W,YDR449C,0,9.233049,0.4326561391353607,0.5693069100379944,0.07547547668218613
YDR083W,YBR067C,0,9.22507,0.43233081698417664,0.5693069100379944,0.0755755752325058
YMR097C,YHR004C,0,9.219233,0.43200600147247314,0.5693069100379944,0.07567567378282547
YNR074C,YDR415C,0,9.21773,0.43168169260025024,0.5693069100379944,0.07577577233314514
YOR237W,YPL180W,0,9.217134,0.43135783076286316,0.5693069100379944,0.07587587833404541
YOR025W,YKL064W,0,9.216787,0.43103447556495667,0.5693069100379944,0.07597597688436508
YHR214C-B,YBL076C,0,9.215031,0.4307115972042084,0.5693069100379944,0.07607607543468475
YMR168C,YPL098C,0,9.214497,0.4303892254829407,0.5693069100379944,0.07617617398500443
YLR016C,YJL213W,0,9.213388,0.4300673007965088,0.5693069100379944,0.0762762799859047
YDR196C,YGR185C,0,9.207034,0.4297458827495575,0.5693069100379944,0.07637637853622437
YER183C,YPR033C,1,9.204225,0.43017175793647766,0.5702970027923584,0.07637637853622437
YDR377W,YER015W,1,9.197991,0.4305970072746277,0.5712871551513672,0.07637637853622437
YMR112C,YOR180C,0,9.189169,0.43027591705322266,0.5712871551513672,0.07647647708654404
YBR082C,YHR091C,1,9.1842985,0.4307004511356354,0.5722772479057312,0.07647647708654404
YER013W,YBL092W,0,9.170111,0.4303797483444214,0.5722772479057312,0.07657657563686371
YNL122C,YBL068W,0,9.169989,0.4300595223903656,0.5722772479057312,0.07667667418718338
YGR282C,YLR141W,0,9.164784,0.429739773273468,0.5722772479057312,0.07677678018808365
YKL103C,YIL035C,0,9.16459,0.42942050099372864,0.5722772479057312,0.07687687873840332
YDL185W,YAL054C,1,9.161724,0.42984411120414734,0.5732673406600952,0.07687687873840332
YEL030W,YJL081C,0,9.158447,0.429525226354599,0.5732673406600952,0.07697697728872299
YOL040C,YDR392W,0,9.141616,0.42920681834220886,0.5732673406600952,0.07707707583904266
YML097C,YLR380W,0,9.140157,0.42888888716697693,0.5732673406600952,0.07717717438936234
YHR069C,YMR193W,0,9.140046,0.4285714328289032,0.5732673406600952,0.0772772803902626
YDR026C,YGR281W,0,9.13784,0.4282544255256653,0.5732673406600952,0.07737737894058228
YLR390W,YHR119W,0,9.134186,0.42793792486190796,0.5732673406600952,0.07747747749090195
YJR005W,YKL064W,0,9.132549,0.42762187123298645,0.5732673406600952,0.07757757604122162
YPR196W,YIL143C,0,9.131218,0.42730626463890076,0.5732673406600952,0.07767767459154129
YPR167C,YEL040W,0,9.129971,0.42699116468429565,0.5732673406600952,0.07777778059244156
YDR377W,YML081C-A,1,9.1249895,0.4274134039878845,0.5742574334144592,0.07777778059244156
YPL113C,YBR074W,0,9.122742,0.42709866166114807,0.5742574334144592,0.07787787914276123
YDL061C,YER101C,0,9.115343,0.4267843961715698,0.5742574334144592,0.0779779776930809
YKL067W,YMR239C,0,9.111856,0.4264705777168274,0.5742574334144592,0.07807807624340057
YJR151C,YNR018W,0,9.1092415,0.42615723609924316,0.5742574334144592,0.07817817479372025
YIL134W,YKL096W-A,0,9.108097,0.42584434151649475,0.5742574334144592,0.07827828079462051
YJR053W,YFR033C,0,9.102613,0.42553192377090454,0.5742574334144592,0.07837837934494019
YNL178W,YJL141C,0,9.099869,0.42521995306015015,0.5742574334144592,0.07847847789525986
YMR123W,YER087W,0,9.0981655,0.42490842938423157,0.5742574334144592,0.07857857644557953
YDL029W,YKL094W,0,9.096673,0.4245973527431488,0.5742574334144592,0.0786786749958992
YJR130C,YOR311C,0,9.096358,0.42428675293922424,0.5742574334144592,0.07877878099679947
YJR057W,YGL233W,0,9.095669,0.4239766001701355,0.5742574334144592,0.07887887954711914
YLR029C,YDR170C,0,9.089935,0.42366692423820496,0.5742574334144592,0.07897897809743881
YJL079C,YNL307C,0,9.086632,0.42335766553878784,0.5742574334144592,0.07907907664775848
YEL031W,YPL110C,0,9.081608,0.42304888367652893,0.5742574334144592,0.07917918264865875
YGL240W,YDR054C,1,9.081545,0.4234693944454193,0.5752475261688232,0.07917918264865875
YOR239W,YLL040C,0,9.078879,0.42316097021102905,0.5752475261688232,0.07927928119897842
YPR072W,YMR145C,0,9.078157,0.4228529930114746,0.5752475261688232,0.0793793797492981
YNL191W,YHR111W,1,9.076334,0.4232727289199829,0.5762376189231873,0.0793793797492981
YOR219C,YBR037C,0,9.073672,0.4229651093482971,0.5762376189231873,0.07947947829961777
YKL067W,YMR090W,0,9.068342,0.42265796661376953,0.5762376189231873,0.07957957684993744
YDL097C,YDR262W,0,9.065426,0.42235124111175537,0.5762376189231873,0.07967968285083771
YDL185W,YLR295C,1,9.0573845,0.42277011275291443,0.5772277116775513,0.07967968285083771
YPL190C,YKL210W,1,9.052986,0.4231884181499481,0.5782178044319153,0.07967968285083771
YGR251W,YOR292C,0,9.049879,0.42288196086883545,0.5782178044319153,0.07977978140115738
YIL088C,YPL096W,0,9.047842,0.422575980424881,0.5782178044319153,0.07987987995147705
YLR285W,YPL113C,0,9.04779,0.42227041721343994,0.5782178044319153,0.07997997850179672
YPL213W,YLR401C,0,9.047089,0.4219653308391571,0.5782178044319153,0.0800800770521164
YJL103C,YFL023W,0,9.047035,0.4216606616973877,0.5782178044319153,0.08018018305301666
YDR283C,YDL185W,1,9.044861,0.4220779240131378,0.5792078971862793,0.08018018305301666
YDR378C,YLR291C,0,9.043373,0.42177361249923706,0.5792078971862793,0.08028028160333633
YDR196C,YKL015W,0,9.04155,0.4214697480201721,0.5792078971862793,0.080380380153656
YDR304C,YLR309C,0,9.041452,0.4211663007736206,0.5792078971862793,0.08048047870397568
YPR196W,YJR055W,0,9.031548,0.4208633005619049,0.5792078971862793,0.08058057725429535
YFR031C,YOR187W,0,9.029557,0.420560747385025,0.5792078971862793,0.08068068325519562
YMR145C,YBR243C,0,9.028307,0.42025861144065857,0.5792078971862793,0.08078078180551529
YDL171C,YDL198C,0,9.025849,0.41995692253112793,0.5792078971862793,0.08088088035583496
YLR289W,YNL016W,0,9.023907,0.4196556806564331,0.5792078971862793,0.08098097890615463
YOR388C,YOR299W,0,9.017582,0.4193548262119293,0.5792078971862793,0.0810810774564743
YOL111C,YDR260C,0,9.016741,0.41905444860458374,0.5792078971862793,0.08118118345737457
YDL045W-A,YDR449C,0,9.014313,0.4187544882297516,0.5792078971862793,0.08128128200769424
YMR033W,YIL080W,0,9.010191,0.41845494508743286,0.5792078971862793,0.08138138055801392
YIR038C,YCL025C,0,9.007965,0.41815581917762756,0.5792078971862793,0.08148147910833359
YOL145C,YLR350W,0,9.005131,0.4178571403026581,0.5792078971862793,0.08158158510923386
YPL183W-A,YDR497C,0,9.003386,0.417558878660202,0.5792078971862793,0.08168168365955353
YPL131W,YBL011W,0,8.998304,0.4172610640525818,0.5792078971862793,0.0817817822098732
YER165W,YOR353C,0,8.996367,0.4169636368751526,0.5792078971862793,0.08188188076019287
YOR377W,YDR429C,0,8.993469,0.4166666567325592,0.5792078971862793,0.08198197931051254
YBR170C,YML056C,0,8.98439,0.41637009382247925,0.5792078971862793,0.08208208531141281
YOR230W,YFL001W,0,8.983587,0.4160739779472351,0.5792078971862793,0.08218218386173248
YBR002C,YGL030W,0,8.982465,0.415778249502182,0.5792078971862793,0.08228228241205215
YML097C,YBR230C,0,8.980474,0.4154829680919647,0.5792078971862793,0.08238238096237183
YNL073W,YAL063C,0,8.979708,0.4151880741119385,0.5792078971862793,0.0824824795126915
YMR146C,YPL110C,0,8.978074,0.41489362716674805,0.5792078971862793,0.08258258551359177
YDL171C,YLR028C,0,8.971159,0.41459956765174866,0.5792078971862793,0.08268268406391144
YGL014W,YGL169W,0,8.969503,0.4143059551715851,0.5792078971862793,0.08278278261423111
YNL010W,YLR383W,0,8.965918,0.41401273012161255,0.5792078971862793,0.08288288116455078
YDL084W,YOR251C,0,8.963472,0.41371995210647583,0.5792078971862793,0.08298297971487045
YIL095W,YFL054C,0,8.962353,0.41342756152153015,0.5792078971862793,0.08308308571577072
YMR207C,YGR133W,1,8.961267,0.4138418138027191,0.5801980495452881,0.08308308571577072
YLR447C,YIL035C,0,8.960173,0.4135497510433197,0.5801980495452881,0.0831831842660904
YDL185W,YKL210W,1,8.956949,0.41396331787109375,0.5811881422996521,0.0831831842660904
YPL134C,YLL034C,0,8.956274,0.413671612739563,0.5811881422996521,0.08328328281641006
YCR011C,YFL001W,0,8.955518,0.41338029503822327,0.5811881422996521,0.08338338136672974
YDR026C,YML080W,0,8.952975,0.4130893647670746,0.5811881422996521,0.08348347991704941
YER100W,YPR047W,1,8.944317,0.4135020971298218,0.5821782350540161,0.08348347991704941
YDR298C,YKL016C,1,8.942812,0.4139142632484436,0.5831683278083801,0.08348347991704941
YBR094W,YMR207C,1,8.938433,0.4143258333206177,0.5841584205627441,0.08348347991704941
YOL112W,YGR072W,0,8.933284,0.4140350818634033,0.5841584205627441,0.08358358591794968
YGR171C,YKL094W,0,8.915185,0.4137447476387024,0.5841584205627441,0.08368368446826935
YKL165C,YGR118W,0,8.9148655,0.4134548008441925,0.5841584205627441,0.08378378301858902
YBR094W,YGR133W,1,8.914824,0.4138655364513397,0.5851485133171082,0.08378378301858902
YDR092W,YER015W,1,8.914589,0.4142757058143616,0.5861386060714722,0.08378378301858902
YOL129W,YOL104C,0,8.914503,0.4139860272407532,0.5861386060714722,0.08388388156890869
YPL151C,YPL252C,0,8.911986,0.4136967062950134,0.5861386060714722,0.08398398756980896
YDR304C,YJL130C,0,8.907418,0.4134078323841095,0.5861386060714722,0.08408408612012863
YPR011C,YHR074W,0,8.899006,0.4131193161010742,0.5861386060714722,0.0841841846704483
YLR025W,YIL020C,0,8.89616,0.41283124685287476,0.5861386060714722,0.08428428322076797
YPL064C,YIL177C,0,8.885447,0.41254356503486633,0.5861386060714722,0.08438438177108765
YJL200C,YOL004W,0,8.883795,0.41225627064704895,0.5861386060714722,0.08448448777198792
YNL178W,YHR058C,0,8.883085,0.411969393491745,0.5861386060714722,0.08458458632230759
YAL017W,YMR075W,0,8.879238,0.4116829037666321,0.5861386060714722,0.08468468487262726
YPL240C,YNL050C,0,8.878502,0.4113968014717102,0.5861386060714722,0.08478478342294693
YHR171W,YEL012W,1,8.877148,0.41180557012557983,0.5871286988258362,0.08478478342294693
YLR103C,YGR070W,0,8.87689,0.41151976585388184,0.5871286988258362,0.0848848819732666
YER165W,YNL335W,0,8.874052,0.41123440861701965,0.5871286988258362,0.08498498797416687
YGR052W,YLL033W,0,8.87355,0.4109494090080261,0.5871286988258362,0.08508508652448654
YGR144W,YLR153C,0,8.872754,0.410664826631546,0.5871286988258362,0.08518518507480621
YKL010C,YHR171W,1,8.871946,0.41107267141342163,0.5881187915802002,0.08518518507480621
YEL022W,YDL015C,0,8.871397,0.4107883870601654,0.5881187915802002,0.08528528362512589
YNR018W,YGL148W,0,8.870208,0.4105044901371002,0.5881187915802002,0.08538538217544556
YOR317W,YOR324C,0,8.86623,0.4102209806442261,0.5881187915802002,0.08548548817634583
YOR303W,YER015W,1,8.865403,0.4106280207633972,0.5891088843345642,0.08548548817634583
YLR285W,YPL183W-A,0,8.862761,0.41034483909606934,0.5891088843345642,0.0855855867266655
YDL197C,YDL225W,0,8.862099,0.4100620150566101,0.5891088843345642,0.08568568527698517
YDR195W,YOR285W,0,8.858034,0.4097796082496643,0.5891088843345642,0.08578578382730484
YLR382C,YDR390C,1,8.85774,0.4101858139038086,0.590099036693573,0.08578578382730484
YBR120C,YOL054W,0,8.854318,0.40990370512008667,0.590099036693573,0.08588588237762451
YPL183W-A,YPL098C,0,8.851028,0.4096219837665558,0.590099036693573,0.08598598837852478
YER125W,YGR036C,0,8.844084,0.40934064984321594,0.590099036693573,0.08608608692884445
YPL003W,YER015W,1,8.84037,0.40974605083465576,0.591089129447937,0.08608608692884445
YLR239C,YPR081C,1,8.836315,0.4101508855819702,0.592079222202301,0.08608608692884445
YFR013W,YGL051W,0,8.832285,0.4098697602748871,0.592079222202301,0.08618618547916412
YBL099W,YOL077W-A,1,8.82145,0.4102739691734314,0.593069314956665,0.08618618547916412
YKL132C,YJR109C,1,8.817569,0.41067761182785034,0.594059407711029,0.08618618547916412
YFL014W,YNL147W,0,8.812925,0.4103967249393463,0.594059407711029,0.0862862840294838
YDR283C,YDR092W,1,8.812437,0.41079971194267273,0.5950495004653931,0.0862862840294838
YCL024W,YHR135C,0,8.811924,0.4105191230773926,0.5950495004653931,0.08638639003038406
YMR284W,YKR057W,0,8.808676,0.41023892164230347,0.5950495004653931,0.08648648858070374
YDL059C,YPL093W,0,8.808308,0.409959077835083,0.5950495004653931,0.08658658713102341
YOL129W,YGR077C,0,8.807447,0.4096796214580536,0.5950495004653931,0.08668668568134308
YML056C,YJR034W,0,8.801567,0.4094005525112152,0.5950495004653931,0.08678678423166275
YJR051W,YNL232W,0,8.801396,0.4091218411922455,0.5950495004653931,0.08688689023256302
YHR066W,YBR150C,0,8.794106,0.4088435471057892,0.5950495004653931,0.08698698878288269
YAR002C-A,YER138C,0,8.791611,0.40856561064720154,0.5950495004653931,0.08708708733320236
YDL246C,YEL040W,0,8.786616,0.40828803181648254,0.5950495004653931,0.08718718588352203
YNL160W,YLR157C,0,8.786557,0.408010870218277,0.5950495004653931,0.0872872844338417
YNL238W,YDR470C,0,8.784145,0.40773406624794006,0.5950495004653931,0.08738739043474197
YPL213W,YNR057C,0,8.783451,0.4074576199054718,0.5950495004653931,0.08748748898506165
YAL060W,YKR102W,0,8.782021,0.4071815609931946,0.5950495004653931,0.08758758753538132
YER049W,YPL087W,0,8.781061,0.4069058895111084,0.5950495004653931,0.08768768608570099
YGR144W,YPL002C,0,8.771822,0.40663057565689087,0.5950495004653931,0.08778778463602066
YBR287W,YOL062C,0,8.764152,0.4063556492328644,0.5950495004653931,0.08788789063692093
YBR183W,YPL139C,0,8.761447,0.40608108043670654,0.5950495004653931,0.0879879891872406
YDL202W,YKL203C,0,8.755905,0.40580689907073975,0.5950495004653931,0.08808808773756027
YDR411C,YGR229C,0,8.750368,0.4055330753326416,0.5950495004653931,0.08818818628787994
YJR149W,YNR018W,0,8.749985,0.4052596092224121,0.5950495004653931,0.08828828483819962
YGL200C,YNL107W,0,8.745851,0.40498653054237366,0.5950495004653931,0.08838839083909988
YBR084W,YBR208C,1,8.740175,0.40538719296455383,0.5960395932197571,0.08838839083909988
YIL078W,YDR023W,1,8.735678,0.4057873487472534,0.5970296859741211,0.08838839083909988
YPL119C,YGR155W,0,8.734835,0.4055144488811493,0.5970296859741211,0.08848848938941956
YGR105W,YMR273C,0,8.734491,0.4052419364452362,0.5970296859741211,0.08858858793973923
YOR339C,YDL064W,1,8.7320595,0.4056413769721985,0.5980197787284851,0.08858858793973923
YMR182C,YMR301C,0,8.729074,0.4053691327571869,0.5980197787284851,0.0886886864900589
YLL008W,YGL259W,0,8.72873,0.40509724617004395,0.5980197787284851,0.08878879249095917
YLL043W,YFL021W,0,8.727102,0.40482574701309204,0.5980197787284851,0.08888889104127884
YAR015W,YGR244C,1,8.726969,0.40522438287734985,0.5990098714828491,0.08888889104127884
YOL129W,YNL178W,0,8.721088,0.40495315194129944,0.5990098714828491,0.08898898959159851
YNL016W,YGR239C,0,8.719805,0.4046822786331177,0.5990098714828491,0.08908908814191818
YNL219C,YAL039C,0,8.714123,0.40441176295280457,0.5990098714828491,0.08918918669223785
YGR264C,YKL210W,1,8.711977,0.4048096239566803,0.6000000238418579,0.08918918669223785
YJL011C,YIR032C,0,8.711831,0.4045393764972687,0.6000000238418579,0.08928929269313812
YDR082W,YIL020C,0,8.707295,0.4042695164680481,0.6000000238418579,0.0893893912434578
YLL045C,YPL131W,0,8.707213,0.40400001406669617,0.6000000238418579,0.08948948979377747
YDR454C,YGL244W,0,8.703444,0.4037308394908905,0.6000000238418579,0.08958958834409714
YMR250W,YFR033C,0,8.70122,0.4034620523452759,0.6000000238418579,0.08968968689441681
YIL108W,YGR246C,0,8.697343,0.4031936228275299,0.6000000238418579,0.08978979289531708
YOR156C,YPR047W,1,8.688017,0.4035904109477997,0.6009901165962219,0.08978979289531708
YNL309W,YFR052W,0,8.686507,0.4033222496509552,0.6009901165962219,0.08988989144563675
YJL134W,YGR143W,0,8.677584,0.40305444598197937,0.6009901165962219,0.08998998999595642
YOR243C,YMR194W,0,8.674866,0.4027869999408722,0.6009901165962219,0.09009008854627609
YPR127W,YGL019W,0,8.674407,0.4025198817253113,0.6009901165962219,0.09019018709659576
YML097C,YBR173C,0,8.669363,0.4022531509399414,0.6009901165962219,0.09029029309749603
YDL206W,YER052C,0,8.666412,0.4019867479801178,0.6009901165962219,0.0903903916478157
YKR057W,YDL148C,0,8.659595,0.40172070264816284,0.6009901165962219,0.09049049019813538
YDL164C,YDR054C,1,8.650448,0.4021163880825043,0.6019802093505859,0.09049049019813538
YOR388C,YEL029C,0,8.649205,0.4018506407737732,0.6019802093505859,0.09059058874845505
YGL225W,YGL103W,0,8.648912,0.401585191488266,0.6019802093505859,0.09069068729877472
YLL061W,YDR472W,0,8.643324,0.40132012963294983,0.6019802093505859,0.09079079329967499
YPR187W,YMR194W,0,8.639553,0.40105539560317993,0.6019802093505859,0.09089089184999466
YLR291C,YPR160W,0,8.63685,0.4007910490036011,0.6019802093505859,0.09099099040031433
YOR142W,YLR224W,0,8.626597,0.4005270004272461,0.6019802093505859,0.091091088950634
YPR189W,YKL124W,0,8.618784,0.40026333928108215,0.6019802093505859,0.09119118750095367
YKR101W,YGR185C,0,8.614424,0.4000000059604645,0.6019802093505859,0.09129129350185394
YJL155C,YML036W,0,8.610386,0.39973700046539307,0.6019802093505859,0.09139139205217361
YML032C,YOR232W,0,8.605261,0.3994743824005127,0.6019802093505859,0.09149149060249329
YKL170W,YDL142C,0,8.6038685,0.3992120921611786,0.6019802093505859,0.09159158915281296
YFL033C,YPR060C,0,8.595218,0.39895012974739075,0.6019802093505859,0.09169169515371323
YDL202W,YAL016W,0,8.594076,0.39868852496147156,0.6019802093505859,0.0917917937040329
YPL127C,YPL183W-A,0,8.59326,0.39842724800109863,0.6019802093505859,0.09189189225435257
YDL215C,YHR209W,0,8.588881,0.39816632866859436,0.6019802093505859,0.09199199080467224
YGL141W,YOL013C,1,8.581242,0.39856019616127014,0.60297030210495,0.09199199080467224
YKR056W,YIL076W,0,8.580732,0.39829954504966736,0.60297030210495,0.09209208935499191
YBR202W,YML030W,0,8.576298,0.39803922176361084,0.60297030210495,0.09219219535589218
YKR066C,YGL071W,0,8.574914,0.3977792263031006,0.60297030210495,0.09229229390621185
YIL006W,YCL004W,0,8.57406,0.397519588470459,0.60297030210495,0.09239239245653152
YDR472W,YAL039C,0,8.5729065,0.39726027846336365,0.60297030210495,0.0924924910068512
YKR071C,YPL096W,0,8.572439,0.3970012962818146,0.60297030210495,0.09259258955717087
YMR194W,YHR109W,0,8.571379,0.39674267172813416,0.60297030210495,0.09269269555807114
YOL107W,YBL011W,0,8.570822,0.396484375,0.60297030210495,0.09279279410839081
YOR304C-A,YER171W,0,8.569318,0.3962264060974121,0.60297030210495,0.09289289265871048
YBL041W,YPL218W,0,8.569103,0.39596879482269287,0.60297030210495,0.09299299120903015
YBR081C,YJL141C,0,8.562335,0.3957115113735199,0.60297030210495,0.09309308975934982
YOR206W,YGL019W,0,8.560593,0.3954545557498932,0.60297030210495,0.09319319576025009
YJL004C,YIL006W,0,8.557659,0.39519792795181274,0.60297030210495,0.09329329431056976
YBR115C,YPR180W,1,8.5548,0.3955901563167572,0.603960394859314,0.09329329431056976
YLR447C,YDR332W,0,8.550087,0.39533376693725586,0.603960394859314,0.09339339286088943
YHR029C,YNL110C,0,8.548437,0.3950777053833008,0.603960394859314,0.0934934914112091
YOL112W,YLR325C,0,8.543699,0.39482200145721436,0.603960394859314,0.09359358996152878
YPL042C,YNL147W,0,8.54187,0.3945666253566742,0.603960394859314,0.09369369596242905
YKL090W,YBL098W,0,8.535959,0.3943115770816803,0.603960394859314,0.09379379451274872
YDR322C-A,YPL003W,1,8.535651,0.39470285177230835,0.604950487613678,0.09379379451274872
YGL083W,YER087W,0,8.524809,0.39444804191589355,0.604950487613678,0.09389389306306839
YDR283C,YKL016C,1,8.524629,0.39483872056007385,0.605940580368042,0.09389389306306839
YER019C-A,YNL078W,0,8.517891,0.39458414912223816,0.605940580368042,0.09399399161338806
YBR145W,YJR031C,0,8.511431,0.39432990550994873,0.605940580368042,0.09409409761428833
YOR156C,YPL078C,1,8.509584,0.3947198987007141,0.606930673122406,0.09409409761428833
YEL052W,YKR069W,0,8.507419,0.3944658935070038,0.606930673122406,0.094194196164608
YHR132C,YML036W,0,8.5055685,0.3942122161388397,0.606930673122406,0.09429429471492767
YHR012W,YOR084W,0,8.504953,0.3939588665962219,0.606930673122406,0.09439439326524734
YJR057W,YLR390W,0,8.5048,0.3937058448791504,0.606930673122406,0.09449449181556702
YGR221C,YHR119W,0,8.499442,0.3934531509876251,0.606930673122406,0.09459459781646729
YIL094C,YER074W,0,8.497989,0.39320075511932373,0.606930673122406,0.09469469636678696
YPL252C,YPL259C,0,8.496689,0.392948716878891,0.606930673122406,0.09479479491710663
YLR447C,YDR064W,0,8.494566,0.39269697666168213,0.606930673122406,0.0948948934674263
YLL027W,YBL092W,0,8.491793,0.3924455940723419,0.606930673122406,0.09499499201774597
YFR036W,YCL052C,0,8.490155,0.3921945095062256,0.606930673122406,0.09509509801864624
YJL191W,YOR226C,0,8.484969,0.39194372296333313,0.606930673122406,0.09519519656896591
YLR153C,YNR016C,1,8.483332,0.3923322558403015,0.60792076587677,0.09519519656896591
YPL104W,YER015W,1,8.479213,0.3927203118801117,0.6089109182357788,0.09519519656896591
YLR047C,YBL076C,0,8.472592,0.3924696743488312,0.6089109182357788,0.09529529511928558
YBR247C,YNL208W,0,8.467159,0.3922193944454193,0.6089109182357788,0.09539539366960526
YLR394W,YDR138W,0,8.462206,0.3919694125652313,0.6089109182357788,0.09549549221992493
YNR010W,YMR229C,0,8.458107,0.3917197585105896,0.6089109182357788,0.0955955982208252
YPR119W,YER090W,0,8.452501,0.39147040247917175,0.6089109182357788,0.09569569677114487
YBL080C,YEL012W,1,8.446391,0.3918575048446655,0.6099010109901428,0.09569569677114487
YJR101W,YNL239W,0,8.446124,0.3916083872318268,0.6099010109901428,0.09579579532146454
YNL297C,YPR083W,0,8.445915,0.3913595974445343,0.6099010109901428,0.09589589387178421
YGL234W,YEL019C,1,8.439078,0.39174604415893555,0.6108911037445068,0.09589589387178421
YGR225W,YER165W,0,8.438098,0.3914974629878998,0.6108911037445068,0.09599599242210388
YCL043C,YGR276C,0,8.435973,0.3912492096424103,0.6108911037445068,0.09609609842300415
YLL041C,YNR035C,0,8.434067,0.39100125432014465,0.6108911037445068,0.09619619697332382
YDR419W,YOR349W,0,8.43071,0.3907536268234253,0.6108911037445068,0.0962962955236435
YBR093C,YGR214W,0,8.430384,0.3905063271522522,0.6108911037445068,0.09639639407396317
YNR057C,YMR300C,0,8.4268265,0.390259325504303,0.6108911037445068,0.09649650007486343
YIL143C,YBR059C,0,8.422739,0.3900126516819,0.6108911037445068,0.0965965986251831
YLR244C,YDL140C,0,8.421646,0.38976627588272095,0.6108911037445068,0.09669669717550278
YBR271W,YPL183W-A,0,8.41465,0.38952019810676575,0.6108911037445068,0.09679679572582245
YCR011C,YDR304C,0,8.413041,0.3892744481563568,0.6108911037445068,0.09689689427614212
YGR214W,YLR350W,0,8.406097,0.38902899622917175,0.6108911037445068,0.09699700027704239
YBR081C,YMR273C,0,8.401709,0.38878387212753296,0.6108911037445068,0.09709709882736206
YOL052C,YPL113C,0,8.400792,0.38853904604911804,0.6108911037445068,0.09719719737768173
YDR242W,YKL010C,1,8.398733,0.38892385363578796,0.6118811964988708,0.09719719737768173
YDR196C,YLR103C,0,8.397434,0.38867923617362976,0.6118811964988708,0.0972972959280014
YPL240C,YGL163C,0,8.396425,0.3884349465370178,0.6118811964988708,0.09739739447832108
YNL208W,YDR364C,0,8.392448,0.38819095492362976,0.6118811964988708,0.09749750047922134
YPL190C,YDR023W,1,8.390386,0.38857501745224,0.6128712892532349,0.09749750047922134
YOR327C,YNL175C,0,8.3881855,0.38833123445510864,0.6128712892532349,0.09759759902954102
YPR191W,YBL079W,0,8.386255,0.38808777928352356,0.6128712892532349,0.09769769757986069
YPR024W,YGL236C,0,8.386238,0.38784462213516235,0.6128712892532349,0.09779779613018036
YLR208W,YPL110C,0,8.385642,0.387601763010025,0.6128712892532349,0.09789789468050003
YLR395C,YNR010W,0,8.376444,0.3873592019081116,0.6128712892532349,0.0979980006814003
YML036W,YER019C-A,0,8.375181,0.387116938829422,0.6128712892532349,0.09809809923171997
YMR005W,YNR004W,0,8.372306,0.3868750035762787,0.6128712892532349,0.09819819778203964
YLR206W,YBR042C,0,8.366941,0.38663336634635925,0.6128712892532349,0.09829829633235931
YLR264W,YHR109W,0,8.365223,0.3863919973373413,0.6128712892532349,0.09839839488267899
YDL164C,YGL087C,1,8.357268,0.38677480816841125,0.6138613820075989,0.09839839488267899
YOR054C,YBR196C,0,8.356621,0.3865336775779724,0.6138613820075989,0.09849850088357925
YJL192C,YBR093C,0,8.356117,0.38629284501075745,0.6138613820075989,0.09859859943389893
YJR119C,YGR171C,0,8.350187,0.38605231046676636,0.6138613820075989,0.0986986979842186
YKL194C,YPR066W,1,8.34664,0.3864343464374542,0.6148514747619629,0.0986986979842186
YPL190C,YBR082C,1,8.339069,0.3868159055709839,0.6158415675163269,0.0986986979842186
YBL076C,YBR094W,1,8.336497,0.38719701766967773,0.6168316602706909,0.0986986979842186
YDR059C,YPR152C,0,8.332407,0.38695651292800903,0.6168316602706909,0.09879879653453827
YLR350W,YOR285W,0,8.332342,0.3867163360118866,0.6168316602706909,0.09889890253543854
YNL220W,YER125W,1,8.328392,0.3870967626571655,0.6178217530250549,0.09889890253543854
YNL122C,YKL003C,0,8.328354,0.3868567943572998,0.6178217530250549,0.09899900108575821
YHR074W,YPL003W,1,8.326874,0.38723668456077576,0.6188119053840637,0.09899900108575821
YOR324C,YBR074W,0,8.324162,0.38699689507484436,0.6188119053840637,0.09909909963607788
YLR289W,YOR287C,0,8.3226795,0.38675743341445923,0.6188119053840637,0.09919919818639755
YER055C,YNL016W,0,8.32085,0.3865182399749756,0.6188119053840637,0.09929929673671722
YMR093W,YBL011W,0,8.319197,0.3862793445587158,0.6188119053840637,0.09939940273761749
YMR033W,YDL128W,0,8.310122,0.3860407769680023,0.6188119053840637,0.09949950128793716
YDR454C,YBL052C,0,8.302822,0.3858024775981903,0.6188119053840637,0.09959959983825684
YLR153C,YOL077W-A,1,8.300474,0.38618138432502747,0.6198019981384277,0.09959959983825684
YBL076C,YIL047C,0,8.299255,0.38594329357147217,0.6198019981384277,0.09969969838857651
YKL210W,YPL274W,0,8.296318,0.38570547103881836,0.6198019981384277,0.09979979693889618
YDR306C,YBR115C,0,8.295267,0.3854679763317108,0.6198019981384277,0.09989990293979645
YKL078W,YDR059C,0,8.287375,0.38523077964782715,0.6198019981384277,0.10000000149011612
YPL188W,YCR052W,0,8.28652,0.38499385118484497,0.6198019981384277,0.10010010004043579
YIL088C,YGR118W,0,8.281364,0.38475722074508667,0.6198019981384277,0.10020019859075546
YPL078C,YPL003W,1,8.277866,0.38513514399528503,0.6207920908927917,0.10020019859075546
YBR115C,YAL054C,1,8.275969,0.3855125904083252,0.6217821836471558,0.10020019859075546
YPR024W,YGR271W,0,8.258803,0.38527607917785645,0.6217821836471558,0.10030029714107513
YOR388C,YLL008W,0,8.258134,0.3850398659706116,0.6217821836471558,0.1004004031419754
YBR247C,YKR102W,0,8.256919,0.3848039209842682,0.6217821836471558,0.10050050169229507
YPL093W,YOR008C,0,8.2558975,0.3845682740211487,0.6217821836471558,0.10060060024261475
YDR460W,YBL091C-A,0,8.254634,0.38433292508125305,0.6217821836471558,0.10070069879293442
YPL190C,YDL185W,1,8.254267,0.3847094774246216,0.6227722764015198,0.10070069879293442
YMR112C,YFL038C,0,8.254253,0.38447433710098267,0.6227722764015198,0.10080079734325409
YER008C,YPR006C,0,8.249697,0.38423946499824524,0.6227722764015198,0.10090090334415436
YGL220W,YGR214W,0,8.248003,0.3840048909187317,0.6227722764015198,0.10100100189447403
YPL104W,YNL073W,1,8.247909,0.3843807280063629,0.6237623691558838,0.10100100189447403
YPL274W,YDR392W,0,8.245081,0.3841463327407837,0.6237623691558838,0.1011011004447937
YLR289W,YLR330W,0,8.243169,0.38391223549842834,0.6237623691558838,0.10120119899511337
YOR071C,YLR329W,0,8.24221,0.3836784362792969,0.6237623691558838,0.10130130499601364
YBR261C,YKL210W,0,8.241853,0.3834449052810669,0.6237623691558838,0.10140140354633331
YER150W,YIL159W,0,8.240545,0.3832116723060608,0.6237623691558838,0.10150150209665298
YPL112C,YHR039C-A,0,8.238291,0.38297873735427856,0.6237623691558838,0.10160160064697266
YNL073W,YHR039C-A,0,8.237308,0.38274604082107544,0.6237623691558838,0.10170169919729233
YER055C,YNL219C,0,8.232529,0.3825136721134186,0.6237623691558838,0.1018018051981926
YCR057C,YLR026C,0,8.231796,0.3822815418243408,0.6237623691558838,0.10190190374851227
YNR018W,YPL104W,0,8.227794,0.3820497393608093,0.6237623691558838,0.10200200229883194
YDR415C,YMR295C,0,8.2263775,0.38181817531585693,0.6237623691558838,0.10210210084915161
YLR029C,YOL108C,0,8.2253,0.3815869092941284,0.6237623691558838,0.10220219939947128
YKR019C,YNR017W,0,8.22528,0.3813559412956238,0.6237623691558838,0.10230230540037155
YDR268W,YDR313C,1,8.223069,0.38173019886016846,0.6247524619102478,0.10230230540037155
YDR405W,YDL216C,0,8.212669,0.38149940967559814,0.6247524619102478,0.10240240395069122
YOR241W,YPL160W,1,8.209076,0.38187310099601746,0.6257425546646118,0.10240240395069122
YGL083W,YGR169C,0,8.20777,0.38164252042770386,0.6257425546646118,0.1025025025010109
YDR205W,YBR276C,0,8.206922,0.38141217827796936,0.6257425546646118,0.10260260105133057
YDR082W,YDL022W,0,8.206615,0.38118213415145874,0.6257425546646118,0.10270269960165024
YDR322C-A,YPR066W,1,8.202809,0.38155514001846313,0.6267326474189758,0.10270269960165024
YOR156C,YDR054C,1,8.19976,0.3819276988506317,0.6277227997779846,0.10270269960165024
YPR204W,YOL062C,0,8.198655,0.38169777393341064,0.6277227997779846,0.1028028056025505
YML058W-A,YBR074W,0,8.195627,0.38146811723709106,0.6277227997779846,0.10290290415287018
YDL064W,YMR022W,1,8.194426,0.3818400502204895,0.6287128925323486,0.10290290415287018
YGR180C,YBL011W,0,8.188757,0.38161057233810425,0.6287128925323486,0.10300300270318985
YDL021W,YER171W,0,8.186697,0.38138139247894287,0.6287128925323486,0.10310310125350952
YER165W,YPR083W,0,8.185502,0.3811524510383606,0.6287128925323486,0.1032031998038292
YLR208W,YGR032W,0,8.185265,0.3809238076210022,0.6287128925323486,0.10330330580472946
YER090W,YMR200W,0,8.180004,0.3806954324245453,0.6287128925323486,0.10340340435504913
YLR244C,YFR045W,0,8.176685,0.38046735525131226,0.6287128925323486,0.1035035029053688
YLR359W,YKR044W,0,8.166496,0.3802395164966583,0.6287128925323486,0.10360360145568848
YJL066C,YCR052W,0,8.164506,0.38001197576522827,0.6287128925323486,0.10370370000600815
YNR017W,YDR218C,0,8.161703,0.3797847032546997,0.6287128925323486,0.10380380600690842
YOR106W,YOL052C,0,8.158779,0.37955766916275024,0.6287128925323486,0.10390390455722809
YER145C,YGL259W,0,8.157585,0.37933093309402466,0.6287128925323486,0.10400400310754776
YDR092W,YML081C-A,1,8.151727,0.37970149517059326,0.6297029852867126,0.10400400310754776
YKL094W,YLR309C,0,8.142154,0.379474937915802,0.6297029852867126,0.10410410165786743
YEL022W,YBR026C,0,8.141048,0.37924864888191223,0.6297029852867126,0.1042042076587677
YAL022C,YPL096W,0,8.1401,0.37902265787124634,0.6297029852867126,0.10430430620908737
YIL134W,YGR271W,0,8.139039,0.37879690527915955,0.6297029852867126,0.10440440475940704
YOL066C,YCL024W,0,8.128746,0.37857142090797424,0.6297029852867126,0.10450450330972672
YBL026W,YDL170W,0,8.126959,0.3783462345600128,0.6297029852867126,0.10460460186004639
YDR390C,YMR022W,1,8.126381,0.3787158131599426,0.6306930780410767,0.10460460186004639
YDR222W,YGR027C,0,8.126339,0.37849077582359314,0.6306930780410767,0.10470470786094666
YDR411C,YNR003C,0,8.125927,0.37826603651046753,0.6306930780410767,0.10480480641126633
YGL083W,YLR163C,0,8.121576,0.378041535615921,0.6306930780410767,0.104904904961586
YPL113C,YCR087C-A,0,8.117758,0.3778173327445984,0.6306930780410767,0.10500500351190567
YBL058W,YDR233C,0,8.115715,0.37759336829185486,0.6306930780410767,0.10510510206222534
YPL134C,YKR056W,0,8.114923,0.3773696720600128,0.6306930780410767,0.10520520806312561
YHR005C-A,YML030W,0,8.108765,0.37714624404907227,0.6306930780410767,0.10530530661344528
YOL086C,YKL182W,0,8.107348,0.3769230842590332,0.6306930780410767,0.10540540516376495
YLL051C,YKL182W,0,8.107113,0.37670016288757324,0.6306930780410767,0.10550550371408463
YDR090C,YOR251C,0,8.106677,0.37647753953933716,0.6306930780410767,0.1056056022644043
YHR074W,YDR341C,1,8.104486,0.3768458366394043,0.6316831707954407,0.1056056022644043
YDR034C,YGL026C,0,8.102684,0.37662336230278015,0.6316831707954407,0.10570570826530457
YNL008C,YLR224W,0,8.101936,0.3764011859893799,0.6316831707954407,0.10580580681562424
YBR052C,YDR353W,0,8.100612,0.3761792480945587,0.6316831707954407,0.10590590536594391
YPL042C,YJL166W,0,8.100429,0.37595757842063904,0.6316831707954407,0.10600600391626358
YLR043C,YGL122C,0,8.099185,0.37573614716529846,0.6316831707954407,0.10610610246658325
YGR144W,YIL094C,0,8.092467,0.37551501393318176,0.6316831707954407,0.10620620846748352
YDL141W,YMR293C,1,8.091425,0.3758823573589325,0.6326732635498047,0.10620620846748352
YLR153C,YGL234W,1,8.091215,0.3762492537498474,0.6336633563041687,0.10620620846748352
YER150W,YOR222W,0,8.088508,0.3760282099246979,0.6336633563041687,0.10630630701780319
YNL008C,YMR112C,0,8.087094,0.37580740451812744,0.6336633563041687,0.10640640556812286
YGR180C,YOL108C,0,8.084417,0.3755868673324585,0.6336633563041687,0.10650650411844254
YMR180C,YBR230C,0,8.081247,0.37536656856536865,0.6336633563041687,0.1066066101193428
YJL130C,YBR082C,1,8.08123,0.3757327198982239,0.6346534490585327,0.1066066101193428
YER165W,YDR218C,0,8.080896,0.37551259994506836,0.6346534490585327,0.10670670866966248
YGL058W,YML081C-A,1,8.078281,0.3758782148361206,0.6356435418128967,0.10670670866966248
YJR149W,YGR145W,0,8.068063,0.3756582736968994,0.6356435418128967,0.10680680721998215
YJL005W,YLR394W,0,8.067051,0.3754386007785797,0.6356435418128967,0.10690690577030182
YDR460W,YEL012W,0,8.06492,0.3752191662788391,0.6356435418128967,0.10700700432062149
YDL141W,YGL087C,1,8.062924,0.37558412551879883,0.6366336345672607,0.10700700432062149
YLR009W,YOR008C,0,8.062352,0.37536486983299255,0.6366336345672607,0.10710711032152176
YER103W,YBR037C,0,8.060293,0.3751458525657654,0.6366336345672607,0.10720720887184143
YJL087C,YGL014W,0,8.05733,0.3749271035194397,0.6366336345672607,0.1073073074221611
YPR066W,YEL027W,1,8.055636,0.3752913773059845,0.6376237869262695,0.1073073074221611
YNR006W,YBR026C,0,8.051617,0.37507280707359314,0.6376237869262695,0.10740740597248077
YLR344W,YMR193W,0,8.05023,0.3748544752597809,0.6376237869262695,0.10750750452280045
YCL018W,YBR287W,0,8.045539,0.3746364116668701,0.6376237869262695,0.10760761052370071
YJL130C,YDL004W,1,8.043499,0.375,0.6386138796806335,0.10760761052370071
YOR355W,YBR072W,0,8.042552,0.37478211522102356,0.6386138796806335,0.10770770907402039
YKL206C,YBR222C,0,8.042029,0.3745644688606262,0.6386138796806335,0.10780780762434006
YJR006W,YJR103W,0,8.041281,0.374347060918808,0.6386138796806335,0.10790790617465973
YLR312W-A,YGL148W,0,8.038759,0.37412992119789124,0.6386138796806335,0.1080080047249794
YOR168W,YCR046C,0,8.036664,0.373913049697876,0.6386138796806335,0.10810811072587967
YDR403W,YDR497C,0,8.03557,0.3736964166164398,0.6386138796806335,0.10820820927619934
YER050C,YKL124W,0,8.032534,0.37348002195358276,0.6386138796806335,0.10830830782651901
YBR128C,YFR036W,0,8.03219,0.3732638955116272,0.6386138796806335,0.10840840637683868
YBR066C,YDR131C,0,8.031521,0.37304800748825073,0.6386138796806335,0.10850850492715836
YOR239W,YCR011C,0,8.02862,0.37283235788345337,0.6386138796806335,0.10860861092805862
YML099C,YBR031W,0,8.023814,0.3726169764995575,0.6386138796806335,0.1087087094783783
YDR383C,YNL258C,0,8.020967,0.3724018335342407,0.6386138796806335,0.10880880802869797
YOL077W-A,YGR185C,1,8.01837,0.372763991355896,0.6396039724349976,0.10880880802869797
YOR054C,YKL166C,0,8.017116,0.37254902720451355,0.6396039724349976,0.10890890657901764
YGR221C,YER049W,0,8.015212,0.3723343014717102,0.6396039724349976,0.10900901257991791
YHL034C,YDR229W,0,8.013321,0.37211981415748596,0.6396039724349976,0.10910911113023758
YDR144C,YEL040W,0,8.009949,0.3719055950641632,0.6396039724349976,0.10920920968055725
YLR197W,YMR273C,0,8.009508,0.37169161438941956,0.6396039724349976,0.10930930823087692
YJL005W,YDR170C,0,8.008263,0.371477872133255,0.6396039724349976,0.1094094067811966
YOR317W,YBL092W,0,8.007356,0.37126436829566956,0.6396039724349976,0.10950951278209686
YNL232W,YMR143W,0,8.004702,0.3710511326789856,0.6396039724349976,0.10960961133241653
YKL078W,YGR222W,0,8.0002,0.37083810567855835,0.6396039724349976,0.1097097098827362
YER145C,YGL060W,0,7.999814,0.3706253468990326,0.6396039724349976,0.10980980843305588
YAR002C-A,YER115C,0,7.997836,0.3704128563404083,0.6396039724349976,0.10990990698337555
YFL014W,YJL178C,0,7.9951105,0.37020057439804077,0.6396039724349976,0.11001001298427582
YBR196C,YMR246W,0,7.991452,0.3699885308742523,0.6396039724349976,0.11011011153459549
YAL063C,YGR271W,0,7.990983,0.36977675557136536,0.6396039724349976,0.11021021008491516
YLR295C,YHR079C,0,7.987808,0.3695652186870575,0.6396039724349976,0.11031030863523483
YJL171C,YKR068C,0,7.977112,0.36935392022132874,0.6396039724349976,0.1104104071855545
YLR316C,YGR027C,0,7.9746633,0.3691428601741791,0.6396039724349976,0.11051051318645477
YCL018W,YOL136C,0,7.9725723,0.3689320385456085,0.6396039724349976,0.11061061173677444
YKL117W,YGL148W,0,7.970034,0.36872145533561707,0.6396039724349976,0.11071071028709412
YMR049C,YGL122C,0,7.969129,0.3685111105442047,0.6396039724349976,0.11081080883741379
YNL232W,YDR373W,0,7.968009,0.36830103397369385,0.6396039724349976,0.11091090738773346
YMR123W,YPL134C,0,7.9672728,0.3680911660194397,0.6396039724349976,0.11101101338863373
YOR317W,YNL191W,1,7.9644556,0.3684510290622711,0.6405940651893616,0.11101101338863373
YDR254W,YJR053W,0,7.962866,0.3682413101196289,0.6405940651893616,0.1111111119389534
YLR113W,YLR264W,0,7.9604692,0.3680318593978882,0.6405940651893616,0.11121121048927307
YNL032W,YMR186W,0,7.9572797,0.3678226172924042,0.6405940651893616,0.11131130903959274
YMR049C,YBR276C,0,7.9560356,0.36761364340782166,0.6405940651893616,0.11141141504049301
YDL170W,YDL225W,0,7.9559875,0.36740487813949585,0.6405940651893616,0.11151151359081268
YOR142W,YOR339C,1,7.9559655,0.3677639067173004,0.6415841579437256,0.11151151359081268
YGR225W,YPR125W,0,7.955819,0.36755529046058655,0.6415841579437256,0.11161161214113235
YOL052C,YKR068C,0,7.947381,0.36734694242477417,0.6415841579437256,0.11171171069145203
YDR059C,YOL097C,1,7.9449377,0.367705374956131,0.6425742506980896,0.11171171069145203
YJL101C,YDL141W,1,7.9413524,0.36806342005729675,0.6435643434524536,0.11171171069145203
YNL160W,YOL026C,0,7.93721,0.36785513162612915,0.6435643434524536,0.1118118092417717
YMR087W,YLR348C,0,7.933628,0.36764705181121826,0.6435643434524536,0.11191191524267197
YAL024C,YLR024C,0,7.9334826,0.36743924021720886,0.6435643434524536,0.11201201379299164
YDL206W,YBR276C,0,7.9293566,0.3672316372394562,0.6435643434524536,0.11211211234331131
YMR228W,YGR171C,0,7.927177,0.3670242726802826,0.6435643434524536,0.11221221089363098
YGL058W,YBR208C,1,7.9263678,0.3673814833164215,0.6445544362068176,0.11221221089363098
YDR353W,YAL040C,0,7.9256144,0.36717426776885986,0.6445544362068176,0.11231230944395065
YDR090C,YKL180W,0,7.923626,0.3669672906398773,0.6445544362068176,0.11241241544485092
YOR215C,YGR185C,1,7.923544,0.36732393503189087,0.6455445289611816,0.11241241544485092
YNL160W,YJL206C,0,7.9209714,0.36711710691452026,0.6455445289611816,0.1125125139951706
YDR164C,YOR209C,0,7.920102,0.36691051721572876,0.6455445289611816,0.11261261254549026
YGL240W,YKL034W,1,7.9104896,0.36726659536361694,0.6465346813201904,0.11261261254549026
YAL022C,YJL079C,0,7.9072065,0.3670601546764374,0.6465346813201904,0.11271271109580994
YDR423C,YDR444W,0,7.90325,0.3668539226055145,0.6465346813201904,0.11281280964612961
YNL163C,YKL201C,0,7.8956428,0.36664795875549316,0.6465346813201904,0.11291291564702988
YDR054C,YBR039W,1,7.892969,0.3670033812522888,0.6475247740745544,0.11291291564702988
YHR074W,YOL097C,1,7.888369,0.36735838651657104,0.6485148668289185,0.11291291564702988
YBR081C,YGL180W,0,7.8871155,0.36715245246887207,0.6485148668289185,0.11301301419734955
YGR155W,YKL124W,0,7.8843956,0.3669467866420746,0.6485148668289185,0.11311311274766922
YMR093W,YBR222C,0,7.883107,0.3667413294315338,0.6485148668289185,0.11321321129798889
YGR145W,YIL020C,0,7.883008,0.36653608083724976,0.6485148668289185,0.11331330984830856
YDL074C,YPR145W,1,7.880746,0.3668903708457947,0.6495049595832825,0.11331330984830856
YKR071C,YGR034W,0,7.8783083,0.36668530106544495,0.6495049595832825,0.11341341584920883
YER090W,YOR162C,0,7.875734,0.36648043990135193,0.6495049595832825,0.1135135143995285
YJL172W,YMR270C,0,7.8746476,0.366275817155838,0.6495049595832825,0.11361361294984818
YDL215C,YNR004W,0,7.8730736,0.3660714328289032,0.6495049595832825,0.11371371150016785
YLR395C,YMR269W,0,7.872989,0.3658672571182251,0.6495049595832825,0.11381381750106812
YJL200C,YDR332W,0,7.869151,0.3656633198261261,0.6495049595832825,0.11391391605138779
YDR054C,YER015W,1,7.8684044,0.3660167157649994,0.6504950523376465,0.11391391605138779
YCR060W,YDL198C,0,7.866684,0.36581292748451233,0.6504950523376465,0.11401401460170746
YGR010W,YBL028C,0,7.8655033,0.365609347820282,0.6504950523376465,0.11411411315202713
YJR149W,YKR057W,0,7.8643923,0.36540600657463074,0.6504950523376465,0.1142142117023468
YGR094W,YOL077W-A,1,7.863496,0.3657587468624115,0.6514851450920105,0.1142142117023468
YPL151C,YIL094C,0,7.86271,0.3655555546283722,0.6514851450920105,0.11431431770324707
YDR205W,YLR344W,0,7.858629,0.3653525710105896,0.6514851450920105,0.11441441625356674
YDR460W,YMR115W,0,7.857786,0.3651498258113861,0.6514851450920105,0.11451451480388641
YFL014W,YLL012W,0,7.855864,0.3649473190307617,0.6514851450920105,0.11461461335420609
YLL018C,YNR057C,1,7.855729,0.3652993440628052,0.6524752378463745,0.11461461335420609
YKL206C,YNL182C,0,7.8552074,0.36509695649147034,0.6524752378463745,0.11471471190452576
YGL094C,YAR035W,0,7.8523555,0.3648948073387146,0.6524752378463745,0.11481481790542603
YDL061C,YGR271W,0,7.8468637,0.3646928668022156,0.6524752378463745,0.1149149164557457
YLL029W,YDR260C,0,7.846563,0.36449116468429565,0.6524752378463745,0.11501501500606537
YPL183W-A,YKL095W,0,7.8454256,0.36428967118263245,0.6524752378463745,0.11511511355638504
YER055C,YLR316C,0,7.843731,0.36408838629722595,0.6524752378463745,0.11521521210670471
YBR294W,YBL079W,0,7.843249,0.36388736963272095,0.6524752378463745,0.11531531810760498
YDL061C,YHR004C,0,7.843014,0.36368653178215027,0.6524752378463745,0.11541541665792465
YPL042C,YNL050C,0,7.8421063,0.3634859323501587,0.6524752378463745,0.11551551520824432
YDL107W,YOR123C,0,7.8382607,0.3632855713367462,0.6524752378463745,0.115615613758564
YHR164C,YHR168W,0,7.8318596,0.36308538913726807,0.6524752378463745,0.11571571230888367
YIL009W,YER087W,1,7.8301563,0.36343613266944885,0.6534653306007385,0.11571571230888367
YER055C,YBR177C,0,7.825375,0.36323609948158264,0.6534653306007385,0.11581581830978394
YER022W,YAL031C,0,7.8176236,0.36303630471229553,0.6534653306007385,0.11591591686010361
YPL273W,YPL218W,0,7.816388,0.36283671855926514,0.6534653306007385,0.11601601541042328
YDL008W,YGL058W,1,7.8161845,0.3631868064403534,0.6544554233551025,0.11601601541042328
YOR005C,YBR115C,1,7.8104305,0.3635365068912506,0.6554455161094666,0.11601601541042328
YKR057W,YDL198C,0,7.809326,0.363336980342865,0.6554455161094666,0.11611611396074295
YAL038W,YBR187W,0,7.8069963,0.36313769221305847,0.6554455161094666,0.11621621251106262
YMR022W,YEL012W,1,7.805805,0.3634868562221527,0.6564356684684753,0.11621621251106262
YBR223C,YMR173W,0,7.8019114,0.36328765749931335,0.6564356684684753,0.11631631851196289
YJR092W,YDR508C,0,7.796785,0.3630887269973755,0.6564356684684753,0.11641641706228256
YLR244C,YNL117W,0,7.793645,0.36288997530937195,0.6564356684684753,0.11651651561260223
YDL140C,YGR185C,0,7.7839584,0.3626914620399475,0.6564356684684753,0.1166166141629219
YHR029C,YBL113C,0,7.7775974,0.3624931573867798,0.6564356684684753,0.11671672016382217
YOR317W,YOL058W,1,7.7747703,0.36284151673316956,0.6574257612228394,0.11671672016382217
YER117W,YDR337W,0,7.774696,0.36264336109161377,0.6574257612228394,0.11681681871414185
YGR238C,YOR187W,0,7.7746167,0.3624454140663147,0.6574257612228394,0.11691691726446152
YMR114C,YGL103W,0,7.7739353,0.36224767565727234,0.6574257612228394,0.11701701581478119
YPL223C,YKR035W-A,0,7.77376,0.3620501756668091,0.6574257612228394,0.11711711436510086
YDL061C,YBL085W,0,7.771772,0.36185285449028015,0.6574257612228394,0.11721722036600113
YHR214C-B,YLR291C,0,7.7704573,0.3616557717323303,0.6574257612228394,0.1173173189163208
YMR146C,YBR202W,0,7.7695193,0.3614588975906372,0.6574257612228394,0.11741741746664047
YKL090W,YLR208W,0,7.7684126,0.3612622320652008,0.6574257612228394,0.11751751601696014
YDR494W,YFL057C,0,7.7633533,0.3610658049583435,0.6574257612228394,0.11761761456727982
YBR067C,YNL078W,0,7.75556,0.36086955666542053,0.6574257612228394,0.11771772056818008
YLR353W,YBR067C,0,7.752952,0.36067354679107666,0.6574257612228394,0.11781781911849976
YLR182W,YLR268W,0,7.750658,0.3604777455329895,0.6574257612228394,0.11791791766881943
YBR120C,YDL039C,0,7.746021,0.36028215289115906,0.6574257612228394,0.1180180162191391
YDL246C,YGL169W,0,7.745964,0.3600867688655853,0.6574257612228394,0.11811811476945877
YPL213W,YPR191W,0,7.742503,0.3598915934562683,0.6574257612228394,0.11821822077035904
YPR189W,YDR494W,0,7.742201,0.359696626663208,0.6574257612228394,0.11831831932067871
YOR324C,YJL171C,0,7.7418733,0.3595018982887268,0.6574257612228394,0.11841841787099838
YPR035W,YPL119C,0,7.739328,0.35930734872817993,0.6574257612228394,0.11851851642131805
YBR082C,YDR313C,1,7.739205,0.35965386033058167,0.6584158539772034,0.11851851642131805
YMR117C,YMR172W,0,7.7365265,0.35945945978164673,0.6584158539772034,0.11861861497163773
YPL127C,YHR109W,0,7.7362,0.3592652678489685,0.6584158539772034,0.118718720972538
YPR162C,YNR021W,0,7.7353544,0.359071284532547,0.6584158539772034,0.11881881952285767
YPL078C,YBL085W,0,7.7306037,0.3588775098323822,0.6584158539772034,0.11891891807317734
YDR196C,YJL085W,0,7.7289877,0.35868391394615173,0.6584158539772034,0.11901901662349701
YKL053C-A,YLR016C,0,7.728536,0.35849055647850037,0.6584158539772034,0.11911912262439728
YML073C,YPL188W,0,7.7235303,0.3582974076271057,0.6584158539772034,0.11921922117471695
YML028W,YPL196W,0,7.723234,0.3581044673919678,0.6584158539772034,0.11931931972503662
YNL302C,YNL208W,0,7.722616,0.35791173577308655,0.6584158539772034,0.11941941827535629
YKL103C,YPL027W,0,7.718311,0.35771921277046204,0.6584158539772034,0.11951951682567596
YIL128W,YFR033C,0,7.7156744,0.35752686858177185,0.6584158539772034,0.11961962282657623
YLR395C,YOL158C,0,7.710808,0.35733476281166077,0.6584158539772034,0.1197197213768959
YHL034C,YPL274W,0,7.707473,0.3571428656578064,0.6584158539772034,0.11981981992721558
YPL147W,YKL172W,0,7.706158,0.35695114731788635,0.6584158539772034,0.11991991847753525
YPR001W,YML080W,0,7.7059083,0.3567596673965454,0.6584158539772034,0.12002001702785492
YOR005C,YPL040C,1,7.703845,0.3571045696735382,0.6594059467315674,0.12002001702785492
YLR300W,YJR103W,0,7.703144,0.35691317915916443,0.6594059467315674,0.12012012302875519
YPR024W,YDL111C,0,7.700197,0.35672202706336975,0.6594059467315674,0.12022022157907486
YDR460W,YPL218W,0,7.694167,0.3565310537815094,0.6594059467315674,0.12032032012939453
YGL112C,YJL191W,0,7.6876607,0.35634028911590576,0.6594059467315674,0.1204204186797142
YER101C,YPL274W,0,7.686199,0.35614973306655884,0.6594059467315674,0.12052051723003387
YPL104W,YJL117W,0,7.6801004,0.35595938563346863,0.6594059467315674,0.12062062323093414
YMR267W,YMR304W,0,7.678644,0.35576921701431274,0.6594059467315674,0.12072072178125381
YNR074C,YER130C,0,7.6775694,0.35557928681373596,0.6594059467315674,0.12082082033157349
YBL028C,YAL017W,0,7.675844,0.3553895354270935,0.6594059467315674,0.12092091888189316
YDR457W,YOR327C,0,7.6752515,0.35519999265670776,0.6594059467315674,0.12102101743221283
YDR254W,YMR145C,0,7.6744537,0.35501065850257874,0.6594059467315674,0.1211211234331131
YMR033W,YNL178W,0,7.673688,0.3548215329647064,0.6594059467315674,0.12122122198343277
YNL247W,YOR215C,1,7.673313,0.3551650643348694,0.6603960394859314,0.12122122198343277
YDL035C,YDR472W,0,7.6664724,0.3549760580062866,0.6603960394859314,0.12132132053375244
YOL107W,YFL048C,0,7.665731,0.3547872304916382,0.6603960394859314,0.12142141908407211
YDR449C,YPR043W,0,7.6656494,0.35459861159324646,0.6603960394859314,0.12152152508497238
YDR377W,YPR081C,1,7.6644344,0.35494154691696167,0.6613861322402954,0.12152152508497238
YHR002W,YEL041W,0,7.657937,0.3547530472278595,0.6613861322402954,0.12162162363529205
YDR144C,YDR164C,0,7.652116,0.35456475615501404,0.6613861322402954,0.12172172218561172
YDL084W,YEL056W,0,7.6487703,0.3543766438961029,0.6613861322402954,0.1218218207359314
YPR091C,YIL133C,0,7.64386,0.3541887700557709,0.6613861322402954,0.12192191928625107
YLR005W,YBR093C,0,7.6431904,0.3540010452270508,0.6613861322402954,0.12202202528715134
YDR146C,YNL147W,0,7.6426935,0.3538135588169098,0.6613861322402954,0.12212212383747101
YMR077C,YNL178W,0,7.642681,0.3536262512207031,0.6613861322402954,0.12222222238779068
YGR052W,YGR027C,0,7.642249,0.3534391522407532,0.6613861322402954,0.12232232093811035
YDR034C,YJR040W,0,7.639516,0.35325226187705994,0.6613861322402954,0.12242241948843002
YKL132C,YLR382C,1,7.632227,0.3535940945148468,0.6623762249946594,0.12242241948843002
YJR121W,YDL074C,1,7.631613,0.3539355397224426,0.6633663177490234,0.12242241948843002
YFL054C,YKR069W,0,7.6298604,0.3537486791610718,0.6633663177490234,0.12252252548933029
YEL031W,YCR011C,0,7.6269703,0.35356199741363525,0.6633663177490234,0.12262262403964996
YNR021W,YER019C-A,0,7.6165047,0.35337552428245544,0.6633663177490234,0.12272272258996964
YML097C,YIL006W,0,7.612407,0.35318925976753235,0.6633663177490234,0.1228228211402893
YBL091C-A,YDR404C,0,7.605534,0.3530031740665436,0.6633663177490234,0.12292291969060898
YPR035W,YOR145C,0,7.603261,0.35281726717948914,0.6633663177490234,0.12302302569150925
YPR024W,YOR085W,0,7.6021686,0.3526315689086914,0.6633663177490234,0.12312312424182892
YOL145C,YFR021W,0,7.600769,0.3524460792541504,0.6633663177490234,0.12322322279214859
YPR011C,YDR218C,0,7.597067,0.3522607684135437,0.6633663177490234,0.12332332134246826
YHR002W,YDR083W,0,7.5946646,0.3520756661891937,0.6633663177490234,0.12342341989278793
YNL231C,YFR033C,0,7.5938115,0.3518907427787781,0.6633663177490234,0.1235235258936882
YOL043C,YBR281C,0,7.5890026,0.35170602798461914,0.6633663177490234,0.12362362444400787
YGR214W,YGR239C,0,7.5875273,0.3515215218067169,0.6633663177490234,0.12372372299432755
YLR295C,YCR066W,1,7.5874586,0.3518615663051605,0.6643564105033875,0.12372372299432755
YLR312W-A,YBR042C,0,7.587227,0.35167714953422546,0.6643564105033875,0.12382382154464722
YDR083W,YHR004C,0,7.5850286,0.3514929413795471,0.6643564105033875,0.12392392754554749
YGL058W,YCR024C,1,7.5841575,0.35183244943618774,0.6653465628623962,0.12392392754554749
YBR082C,YPR035W,1,7.580968,0.3521716296672821,0.6663366556167603,0.12392392754554749
YDR457W,YEL012W,1,7.5798903,0.3525104522705078,0.6673267483711243,0.12392392754554749
YPR001W,YLR301W,0,7.576185,0.3523261845111847,0.6673267483711243,0.12402402609586716
YNL191W,YCR066W,1,7.5756044,0.352664589881897,0.6683168411254883,0.12402402609586716
YOR084W,YML049C,0,7.5737724,0.352480411529541,0.6683168411254883,0.12412412464618683
YLL043W,YOR338W,0,7.572938,0.3522964417934418,0.6683168411254883,0.1242242231965065
YOR377W,YDR364C,0,7.5718174,0.35211268067359924,0.6683168411254883,0.12432432174682617
YOR388C,YOL062C,0,7.5703864,0.35192909836769104,0.6683168411254883,0.12442442774772644
YMR217W,YOL077W-A,1,7.5669937,0.3522668182849884,0.6693069338798523,0.12442442774772644
YJR147W,YPL240C,0,7.5661497,0.35208332538604736,0.6693069338798523,0.12452452629804611
YDR174W,YBR294W,0,7.5625196,0.35190004110336304,0.6693069338798523,0.12462462484836578
YLR452C,YPL274W,0,7.5602703,0.3517169654369354,0.6693069338798523,0.12472472339868546
YCL036W,YIL006W,0,7.559026,0.35153406858444214,0.6693069338798523,0.12482482194900513
YPR024W,YMR300C,0,7.5575476,0.3513513505458832,0.6693069338798523,0.1249249279499054
YAR002C-A,YLR009W,0,7.5552006,0.35116884112358093,0.6693069338798523,0.12502501904964447
YFR021W,YAL016W,0,7.5507426,0.350986510515213,0.6693069338798523,0.12512512505054474
YMR267W,YFL001W,0,7.547927,0.3508043587207794,0.6693069338798523,0.125225231051445
YER100W,YGR185C,1,7.5472126,0.3511410653591156,0.6702970266342163,0.125225231051445
YGR155W,YIR039C,0,7.5445685,0.35095903277397156,0.6702970266342163,0.12532532215118408
YDR457W,YDR211W,0,7.5419183,0.35077720880508423,0.6702970266342163,0.12542542815208435
YDR351W,YOR098C,0,7.541091,0.35059553384780884,0.6702970266342163,0.12552551925182343
YER183C,YGL062W,1,7.5370607,0.35093167424201965,0.6712871193885803,0.12552551925182343
YAR035W,YOR313C,0,7.5249987,0.3507501184940338,0.6712871193885803,0.1256256252527237
YGL236C,YJR040W,0,7.5249577,0.3505687713623047,0.6712871193885803,0.12572573125362396
YJL095W,YIL042C,0,7.5214314,0.3503876030445099,0.6712871193885803,0.12582582235336304
YPL078C,YAL054C,1,7.5203695,0.35072314739227295,0.6722772121429443,0.12582582235336304
YJL171C,YDL077C,0,7.5187135,0.3505420684814453,0.6722772121429443,0.1259259283542633
YHR074W,YGL087C,1,7.518627,0.35087719559669495,0.6732673048973083,0.1259259283542633
YHR029C,YDR109C,0,7.5137515,0.35069623589515686,0.6732673048973083,0.12602601945400238
YMR319C,YFL054C,0,7.508566,0.3505154550075531,0.6732673048973083,0.12612612545490265
YKL170W,YNL232W,0,7.5078325,0.35033488273620605,0.6732673048973083,0.12622623145580292
YDR174W,YER190W,0,7.5051475,0.35015448927879333,0.6732673048973083,0.126326322555542
YKL103C,YKL205W,0,7.502261,0.34997427463531494,0.6732673048973083,0.12642642855644226
YPL190C,YNL073W,1,7.5002413,0.3503086566925049,0.6742573976516724,0.12642642855644226
YDR473C,YBR067C,0,7.499181,0.35012853145599365,0.6742573976516724,0.12652651965618134
YDL061C,YBR187W,0,7.4990196,0.34994861483573914,0.6742573976516724,0.1266266256570816
YNL178W,YJR063W,0,7.498843,0.34976887702941895,0.6742573976516724,0.12672673165798187
YJL130C,YLR295C,1,7.498588,0.35010266304016113,0.6752475500106812,0.12672673165798187
YPR033C,YOR241W,1,7.495743,0.35043612122535706,0.6762376427650452,0.12672673165798187
YBR125C,YNL160W,0,7.490361,0.35025641322135925,0.6762376427650452,0.12682682275772095
YDR378C,YDR226W,0,7.490266,0.3500768840312958,0.6762376427650452,0.12692692875862122
YBR170C,YJL213W,0,7.4900637,0.3498975336551666,0.6762376427650452,0.1270270198583603
YDR371W,YPR006C,0,7.48839,0.3497183918952942,0.6762376427650452,0.12712712585926056
YCR024C,YBR218C,1,7.486426,0.3500511646270752,0.6772277355194092,0.12712712585926056
YDR131C,YOR261C,0,7.485223,0.3498721122741699,0.6772277355194092,0.12722723186016083
YDR414C,YPL180W,0,7.47853,0.349693238735199,0.6772277355194092,0.1273273229598999
YPR190C,YNR072W,0,7.4782815,0.34951457381248474,0.6772277355194092,0.12742742896080017
YBR006W,YGR095C,0,7.4763765,0.34933605790138245,0.6772277355194092,0.12752753496170044
YOR142W,YEL027W,1,7.4754596,0.3496682047843933,0.6782178282737732,0.12752753496170044
YER145C,YOR085W,0,7.4753904,0.34948980808258057,0.6782178282737732,0.12762762606143951
YBR066C,YGL148W,0,7.4746423,0.34931159019470215,0.6782178282737732,0.12772773206233978
YNL008C,YLL043W,0,7.4744773,0.34913355112075806,0.6782178282737732,0.12782782316207886
YHR041C,YOR324C,0,7.469806,0.3489556908607483,0.6782178282737732,0.12792792916297913
YLR401C,YBR230C,0,7.4695625,0.34877800941467285,0.6782178282737732,0.1280280351638794
YKL010C,YGL240W,1,7.468856,0.349109411239624,0.6792079210281372,0.1280280351638794
YJL087C,YBR222C,1,7.466926,0.34944048523902893,0.6801980137825012,0.1280280351638794
YBR238C,YHR008C,0,7.464589,0.3492628335952759,0.6801980137825012,0.12812812626361847
YBL011W,YML039W,0,7.462084,0.34908536076545715,0.6801980137825012,0.12822823226451874
YGR238C,YCR057C,0,7.459918,0.34890806674957275,0.6801980137825012,0.1283283233642578
YBR196C,YOR311C,0,7.4570084,0.3487309515476227,0.6801980137825012,0.12842842936515808
YDL206W,YEL022W,0,7.4519076,0.3485540449619293,0.6801980137825012,0.12852853536605835
YDR296W,YMR136W,0,7.4518943,0.3483772873878479,0.6801980137825012,0.12862862646579742
YBR182C,YNR018W,0,7.450244,0.3482007086277008,0.6801980137825012,0.1287287324666977
YNL178W,YFR036W,0,7.4494157,0.34802430868148804,0.6801980137825012,0.12882882356643677
YLR163C,YNL192W,0,7.4470096,0.3478480875492096,0.6801980137825012,0.12892892956733704
YOR299W,YKL003C,0,7.446972,0.34767207503318787,0.6801980137825012,0.1290290355682373
YNL271C,YDR337W,0,7.445369,0.3474962115287781,0.6801980137825012,0.12912912666797638
YLR203C,YHR119W,0,7.4435163,0.3473205268383026,0.6801980137825012,0.12922923266887665
YJL178C,YKL124W,0,7.4410567,0.3471450209617615,0.6801980137825012,0.12932932376861572
YLR025W,YHR079C,0,7.4363375,0.34696969389915466,0.6801980137825012,0.129429429769516
YLR359W,YOL108C,0,7.43273,0.3467945456504822,0.6801980137825012,0.12952953577041626
YPL150W,YNL010W,0,7.4279547,0.346619576215744,0.6801980137825012,0.12962962687015533
YOL058W,YAR015W,1,7.4273252,0.3469490706920624,0.6811881065368652,0.12962962687015533
YPR083W,YCL025C,0,7.42328,0.3467741906642914,0.6811881065368652,0.1297297328710556
YLR395C,YOR283W,0,7.4202065,0.3465994894504547,0.6811881065368652,0.12982982397079468
YFL013C,YNL080C,0,7.4129076,0.34642496705055237,0.6811881065368652,0.12992992997169495
YDL185W,YMR293C,1,7.4091396,0.34675389528274536,0.6821781992912292,0.12992992997169495
YPL078C,YPL007C,0,7.4090314,0.3465794622898102,0.6821781992912292,0.13003003597259521
YBR052C,YER046W,0,7.4054375,0.3464052379131317,0.6821781992912292,0.1301301270723343
YHR132C,YNL262W,0,7.403841,0.3462311625480652,0.6821781992912292,0.13023023307323456
YOR005C,YOR209C,1,7.4020576,0.3465595245361328,0.6831682920455933,0.13023023307323456
YGR020C,YHR011W,1,7.401347,0.3468875586986542,0.684158444404602,0.13023023307323456
YOR298W,YML039W,0,7.398805,0.34671348333358765,0.684158444404602,0.13033032417297363
YDL083C,YGL051W,0,7.3963532,0.34653961658477783,0.684158444404602,0.1304304301738739
YPR182W,YBL052C,0,7.388593,0.34636592864990234,0.684158444404602,0.13053053617477417
YBR172C,YKL015W,0,7.3867245,0.3461923897266388,0.684158444404602,0.13063062727451324
YLR033W,YDL225W,0,7.3855944,0.34601902961730957,0.684158444404602,0.1307307332754135
YGL026C,YKL206C,0,7.3826523,0.3458458483219147,0.684158444404602,0.1308308243751526
YJL172W,YCL057W,0,7.376322,0.3456728458404541,0.684158444404602,0.13093093037605286
YAL060W,YIL061C,0,7.373889,0.34549999237060547,0.684158444404602,0.13103103637695312
YGR036C,YKL172W,0,7.372058,0.34532734751701355,0.684158444404602,0.1311311274766922
YGR252W,YIL048W,0,7.36959,0.34515485167503357,0.684158444404602,0.13123123347759247
YOR301W,YBL041W,0,7.369332,0.3449825346469879,0.684158444404602,0.13133132457733154
YPR196W,YDR392W,0,7.3662086,0.3448103666305542,0.684158444404602,0.1314314305782318
YPL188W,YJL082W,0,7.3600593,0.3446384072303772,0.684158444404602,0.13153153657913208
YLL029W,YDL036C,0,7.35983,0.34446659684181213,0.684158444404602,0.13163162767887115
YPR035W,YOR142W,1,7.359763,0.3447932302951813,0.6851485371589661,0.13163162767887115
YFL013C,YLR145W,0,7.3582544,0.3446215093135834,0.6851485371589661,0.13173173367977142
YPL252C,YBR282W,0,7.3561854,0.3444499671459198,0.6851485371589661,0.1318318247795105
YOL026C,YPR138C,0,7.3529735,0.34427860379219055,0.6851485371589661,0.13193193078041077
YOR377W,YBR141C,0,7.352273,0.34410741925239563,0.6851485371589661,0.13203203678131104
YJR119C,YER074W,0,7.351916,0.34393638372421265,0.6851485371589661,0.1321321278810501
YPR194C,YKR056W,0,7.34855,0.343765527009964,0.6851485371589661,0.13223223388195038
YKL171W,YOL107W,0,7.348419,0.34359484910964966,0.6851485371589661,0.13233232498168945
YDR512C,YKL175W,0,7.346775,0.34342432022094727,0.6851485371589661,0.13243243098258972
YLR291C,YKL085W,0,7.3465624,0.3432539701461792,0.6851485371589661,0.13253253698349
YNL335W,YFR033C,0,7.345401,0.34308379888534546,0.6851485371589661,0.13263262808322906
YMR182C,YDR332W,0,7.344983,0.34291377663612366,0.6851485371589661,0.13273273408412933
YOL049W,YDL008W,1,7.3445587,0.3432392179965973,0.6861386299133301,0.13273273408412933
YBR230C,YOR215C,0,7.343214,0.34306931495666504,0.6861386299133301,0.1328328400850296
YER165W,YLR251W,0,7.3406568,0.3428995609283447,0.6861386299133301,0.13293293118476868
YDR170C,YLR151C,0,7.3354745,0.34272995591163635,0.6861386299133301,0.13303303718566895
YKL119C,YNL117W,0,7.3328876,0.3425605595111847,0.6861386299133301,0.13313312828540802
YER125W,YGR244C,1,7.332386,0.3428853750228882,0.6871287226676941,0.13313312828540802
YLR182W,YBL091C-A,0,7.3321614,0.3427160382270813,0.6871287226676941,0.1332332342863083
YIL134W,YDL198C,0,7.3317046,0.34254688024520874,0.6871287226676941,0.13333334028720856
YGR056W,YMR176W,0,7.329301,0.3423779010772705,0.6871287226676941,0.13343343138694763
YDL035C,YJR103W,0,7.323394,0.3422090709209442,0.6871287226676941,0.1335335373878479
YJL087C,YLR429W,0,7.3232174,0.34204041957855225,0.6871287226676941,0.13363362848758698
YLL017W,YOL004W,0,7.317504,0.3418719172477722,0.6871287226676941,0.13373373448848724
YDR476C,YJR053W,0,7.30889,0.3417035937309265,0.6871287226676941,0.1338338404893875
YOL004W,YGL148W,0,7.3082256,0.34153541922569275,0.6871287226676941,0.1339339315891266
YMR246W,YMR034C,0,7.3075786,0.3413674235343933,0.6871287226676941,0.13403403759002686
YHR175W,YIL135C,0,7.302765,0.3411996066570282,0.6871287226676941,0.13413412868976593
YMR049C,YLR380W,0,7.3011665,0.341031938791275,0.6871287226676941,0.1342342346906662
YOR215C,YHR171W,1,7.3006105,0.3413555920124054,0.6881188154220581,0.1342342346906662
YDL029W,YOR285W,0,7.3005266,0.3411880135536194,0.6881188154220581,0.13433434069156647
YLR404W,YDL083C,0,7.2937455,0.3410206139087677,0.6881188154220581,0.13443443179130554
YLR314C,YNL175C,0,7.292766,0.34085336327552795,0.6881188154220581,0.1345345377922058
YPR035W,YJR103W,1,7.290641,0.34117648005485535,0.6891089081764221,0.1345345377922058
YBR230C,YDL208W,0,7.2889905,0.34100931882858276,0.6891089081764221,0.13463462889194489
YKL093W,YDR404C,0,7.288869,0.3408423066139221,0.6891089081764221,0.13473473489284515
YPL083C,YJR021C,0,7.286914,0.3406754732131958,0.6891089081764221,0.13483484089374542
YGL037C,YPL167C,0,7.284494,0.3405088186264038,0.6891089081764221,0.1349349319934845
YOL155C,YDL039C,0,7.284052,0.34034231305122375,0.6891089081764221,0.13503503799438477
YOR324C,YFL054C,0,7.2822857,0.34017595648765564,0.6891089081764221,0.13513512909412384
YBL058W,YGL183C,0,7.2805996,0.34000977873802185,0.6891089081764221,0.1352352350950241
YDR306C,YBR072W,0,7.280474,0.33984375,0.6891089081764221,0.13533534109592438
YDR144C,YNL262W,0,7.277794,0.3396779000759125,0.6891089081764221,0.13543543219566345
YPL119C,YOL026C,0,7.276661,0.3395121991634369,0.6891089081764221,0.13553553819656372
YNL309W,YPL113C,0,7.2723327,0.33934664726257324,0.6891089081764221,0.1356356292963028
YBL068W,YML039W,0,7.2701435,0.3391812741756439,0.6891089081764221,0.13573573529720306
YGR282C,YPR043W,0,7.2690287,0.3390160799026489,0.6891089081764221,0.13583584129810333
YER022W,YBR093C,0,7.2686872,0.33885103464126587,0.6891089081764221,0.1359359323978424
YDR527W,YGR268C,0,7.266184,0.33868613839149475,0.6891089081764221,0.13603603839874268
YNL271C,YHL034C,0,7.2641306,0.33852139115333557,0.6891089081764221,0.13613612949848175
YDL171C,YER090W,0,7.2638884,0.3383568227291107,0.6891089081764221,0.13623623549938202
YDR167W,YDR492W,0,7.2632027,0.3381924331188202,0.6891089081764221,0.1363363415002823
YMR276W,YDR131C,0,7.2619114,0.3380281627178192,0.6891089081764221,0.13643643260002136
YGR177C,YJL128C,0,7.2516847,0.33786407113075256,0.6891089081764221,0.13653653860092163
YLR153C,YGL220W,0,7.2514935,0.33770015835762024,0.6891089081764221,0.1366366297006607
YHR135C,YMR099C,0,7.2512054,0.33753636479377747,0.6891089081764221,0.13673673570156097
YDL179W,YBR026C,0,7.2509747,0.337372750043869,0.6891089081764221,0.13683684170246124
YKL013C,YDL083C,0,7.2479563,0.3372093141078949,0.6891089081764221,0.13693693280220032
YFR019W,YDR218C,0,7.2442408,0.3370459973812103,0.6891089081764221,0.13703703880310059
YCR060W,YPR135W,0,7.2439995,0.3368828594684601,0.6891089081764221,0.13713712990283966
YDR322C-A,YOR215C,1,7.24242,0.3372036814689636,0.6900990009307861,0.13713712990283966
YKL194C,YEL019C,1,7.241655,0.3375241756439209,0.6910890936851501,0.13713712990283966
YOR287C,YOR142W,0,7.2397094,0.33736103773117065,0.6910890936851501,0.13723723590373993
YNR010W,YHR051W,0,7.2392707,0.33719807863235474,0.6910890936851501,0.1373373419046402
YPR182W,YLR268W,0,7.237798,0.33703523874282837,0.6910890936851501,0.13743743300437927
YKL007W,YML049C,0,7.236615,0.33687257766723633,0.6910890936851501,0.13753753900527954
YAL022C,YOR324C,0,7.2323627,0.3367100954055786,0.6910890936851501,0.1376376450061798
YGR268C,YOL040C,0,7.2303286,0.33654773235321045,0.6910890936851501,0.13773773610591888
YJR036C,YKL082C,0,7.2297945,0.3363855481147766,0.6910890936851501,0.13783784210681915
YJR063W,YML132W,0,7.2276278,0.3362235128879547,0.6910890936851501,0.13793793320655823
YKL093W,YBR093C,0,7.227154,0.33606162667274475,0.6910890936851501,0.1380380392074585
YJL029C,YOR285W,0,7.2267265,0.33589988946914673,0.6910890936851501,0.13813814520835876
YBR182C,YDR172W,0,7.225814,0.33573833107948303,0.6910890936851501,0.13823823630809784
YKL117W,YBR061C,0,7.221014,0.3355769217014313,0.6910890936851501,0.1383383423089981
YJR053W,YMR099C,0,7.2201133,0.33541566133499146,0.6910890936851501,0.13843843340873718
YBR247C,YER022W,0,7.2172546,0.3352545499801636,0.6910890936851501,0.13853853940963745
YMR097C,YDR174W,0,7.215023,0.33509361743927,0.6910890936851501,0.13863864541053772
YMR315W,YML099C,0,7.2138586,0.3349328339099884,0.6910890936851501,0.1387387365102768
YFR033C,YDL097C,0,7.213706,0.33477216958999634,0.6910890936851501,0.13883884251117706
YPR194C,YMR229C,0,7.2126303,0.3346116840839386,0.6910890936851501,0.13893893361091614
YAL038W,YBR042C,0,7.212187,0.3344513773918152,0.6910890936851501,0.1390390396118164
YKL189W,YBL098W,0,7.210223,0.3342911899089813,0.6910890936851501,0.13913914561271667
YLR153C,YPL078C,1,7.209627,0.33460986614227295,0.6920791864395142,0.13913914561271667
YGR143W,YIL133C,0,7.2091064,0.33444976806640625,0.6920791864395142,0.13923923671245575
YFR031C,YHR082C,0,7.2060914,0.3342898190021515,0.6920791864395142,0.13933934271335602
YDL036C,YMR075W,0,7.1983614,0.33413001894950867,0.6920791864395142,0.1394394338130951
YPR001W,YJL124C,0,7.197213,0.3339703679084778,0.6920791864395142,0.13953953981399536
YDR263C,YPR080W,0,7.1956787,0.3338108956813812,0.6920791864395142,0.13963964581489563
YNL282W,YLR088W,0,7.195639,0.3336515426635742,0.6920791864395142,0.1397397369146347
YDR082W,YOR145C,0,7.19374,0.33349236845970154,0.6920791864395142,0.13983984291553497
YPR198W,YPL104W,0,7.1933594,0.3333333432674408,0.6920791864395142,0.13993993401527405
YOR089C,YGR276C,0,7.1910534,0.3331744372844696,0.6920791864395142,0.14004004001617432
YBR187W,YDR140W,0,7.1872272,0.33301571011543274,0.6920791864395142,0.14014014601707458
YGR134W,YGR027C,0,7.1777887,0.3328571319580078,0.6920791864395142,0.14024023711681366
YLL051C,YGR264C,0,7.1776648,0.3326987028121948,0.6920791864395142,0.14034034311771393
YPR162C,YLR278C,0,7.1769853,0.33254045248031616,0.6920791864395142,0.140440434217453
YMR093W,YMR300C,0,7.1725245,0.33238232135772705,0.6920791864395142,0.14054054021835327
YML071C,YOR008C,0,7.168667,0.3322243392467499,0.6920791864395142,0.14064064621925354
YKL090W,YBR020W,0,7.1642485,0.33206650614738464,0.6920791864395142,0.14074073731899261
YNL138W,YLR278C,0,7.156329,0.33190882205963135,0.6920791864395142,0.14084084331989288
YDL074C,YNR002C,0,7.1528997,0.3317513167858124,0.6920791864395142,0.14094093441963196
YLL018C,YOL077W-A,1,7.151597,0.3320683240890503,0.6930692791938782,0.14094093441963196
YBR120C,YGL220W,0,7.1463194,0.3319108486175537,0.6930692791938782,0.14104104042053223
YPR002W,YLR316C,0,7.146198,0.33175355195999146,0.6930692791938782,0.1411411464214325
YDL061C,YJR040W,0,7.1426234,0.33159640431404114,0.6930692791938782,0.14124123752117157
YNL172W,YIL021W,0,7.137952,0.33143940567970276,0.6930692791938782,0.14134134352207184
YPR196W,YKL020C,0,7.135004,0.33128252625465393,0.6930692791938782,0.1414414346218109
YCR011C,YKL175W,0,7.1330857,0.33112582564353943,0.6930692791938782,0.14154154062271118
YOR382W,YOR311C,0,7.131583,0.33096927404403687,0.6930692791938782,0.14164164662361145
YHR002W,YDL198C,0,7.1292725,0.33081284165382385,0.6930692791938782,0.14174173772335052
YLR219W,YOR261C,0,7.1289873,0.33065658807754517,0.6930692791938782,0.1418418437242508
YJR151C,YDR151C,0,7.1283474,0.3305004835128784,0.6930692791938782,0.14194193482398987
YLR080W,YNL236W,0,7.1267014,0.3303444981575012,0.6930692791938782,0.14204204082489014
YOR279C,YBL011W,0,7.1256175,0.33018869161605835,0.6930692791938782,0.1421421468257904
YCL024W,YBL011W,0,7.116917,0.33003300428390503,0.6930692791938782,0.14224223792552948
YOR209C,YAR015W,1,7.1160545,0.3303487300872803,0.694059431552887,0.14224223792552948
YGL226C-A,YDL208W,0,7.114682,0.3301931321620941,0.694059431552887,0.14234234392642975
YLL019C,YDR062W,0,7.114602,0.3300376534461975,0.694059431552887,0.14244243502616882
YDR285W,YMR145C,0,7.1145525,0.32988235354423523,0.694059431552887,0.1425425410270691
YGR144W,YLR130C,0,7.113521,0.3297271728515625,0.694059431552887,0.14264264702796936
YER055C,YLR197W,0,7.1098604,0.3295721709728241,0.694059431552887,0.14274273812770844
YBR150C,YCL057W,0,7.108881,0.32941728830337524,0.694059431552887,0.1428428441286087
YHR091C,YKL210W,1,7.1009574,0.3297322690486908,0.695049524307251,0.1428428441286087
YDL059C,YNL219C,0,7.100806,0.3295774757862091,0.695049524307251,0.14294295012950897
YLR105C,YFL014W,0,7.100071,0.32942280173301697,0.695049524307251,0.14304304122924805
YMR315W,YNL258C,0,7.0997944,0.32926830649375916,0.695049524307251,0.14314314723014832
YDR419W,YFL013C,0,7.098373,0.3291139304637909,0.695049524307251,0.1432432383298874
YPR035W,YHR020W,1,7.0977893,0.3294283151626587,0.696039617061615,0.1432432383298874
YJR078W,YMR319C,0,7.0950336,0.3292739987373352,0.696039617061615,0.14334334433078766
YDR494W,YPR198W,0,7.093902,0.32911986112594604,0.696039617061615,0.14344345033168793
YGL180W,YLR264W,0,7.093128,0.32896584272384644,0.696039617061615,0.143543541431427
YKL093W,YDL074C,0,7.0917,0.32881197333335876,0.696039617061615,0.14364364743232727
YNL127W,YPL188W,0,7.0862417,0.32865825295448303,0.696039617061615,0.14374373853206635
YKL161C,YLR005W,0,7.0856214,0.32850468158721924,0.696039617061615,0.1438438445329666
YMR228W,YFL017W-A,0,7.083617,0.328351229429245,0.696039617061615,0.14394395053386688
YDR076W,YOR123C,0,7.080511,0.3281979560852051,0.696039617061615,0.14404404163360596
YPR196W,YML080W,0,7.079325,0.3280448019504547,0.696039617061615,0.14414414763450623
YER087W,YMR207C,1,7.0791283,0.3283582031726837,0.697029709815979,0.14414414763450623
YDR059C,YDL141W,1,7.0780973,0.32867133617401123,0.698019802570343,0.14414414763450623
YKR068C,YBR093C,0,7.07417,0.32851818203926086,0.698019802570343,0.1442442387342453
YGR167W,YJL081C,0,7.0726976,0.32836514711380005,0.698019802570343,0.14434434473514557
YPL097W,YOR241W,1,7.0726547,0.32867783308029175,0.699009895324707,0.14434434473514557
YLR026C,YLR348C,0,7.07222,0.3285248875617981,0.699009895324707,0.14444445073604584
YKL217W,YFR018C,0,7.0694942,0.3283720910549164,0.699009895324707,0.1445445418357849
YER055C,YER185W,0,7.0685854,0.3282194435596466,0.699009895324707,0.14464464783668518
YLR024C,YDR390C,1,7.0631495,0.3285315930843353,0.699999988079071,0.14464464783668518
YDL170W,YGR185C,0,7.0597754,0.3283790051937103,0.699999988079071,0.14474473893642426
YKR036C,YLR300W,0,7.0592766,0.32822656631469727,0.699999988079071,0.14484484493732452
YGL112C,YML006C,0,7.057475,0.32807424664497375,0.699999988079071,0.1449449509382248
YDR170C,YKL094W,0,7.0561447,0.3279220759868622,0.699999988079071,0.14504504203796387
YOL155C,YBR095C,0,7.0536375,0.32777005434036255,0.699999988079071,0.14514514803886414
YKL144C,YOR020C,0,7.050796,0.32761815190315247,0.699999988079071,0.1452452391386032
YPL097W,YPL003W,1,7.048092,0.3279295861721039,0.7009900808334351,0.1452452391386032
YLR344W,YPL093W,0,7.0450287,0.32777777314186096,0.7009900808334351,0.14534534513950348
YPL273W,YPR127W,0,7.0413127,0.32762610912323,0.7009900808334351,0.14544545114040375
YKL064W,YNL219C,0,7.0377207,0.32747456431388855,0.7009900808334351,0.14554554224014282
YDL078C,YBR238C,0,7.0343513,0.32732316851615906,0.7009900808334351,0.1456456482410431
YDR172W,YKL085W,0,7.0338182,0.3271718919277191,0.7009900808334351,0.14574573934078217
YMR061W,YKR002W,0,7.0319285,0.3270207941532135,0.7009900808334351,0.14584584534168243
YKR057W,YGL174W,0,7.030079,0.32686981558799744,0.7009900808334351,0.1459459513425827
YMR113W,YJR036C,1,7.0267277,0.3271804451942444,0.7019801735877991,0.1459459513425827
YHR119W,YNL239W,0,7.0250425,0.3270295262336731,0.7019801735877991,0.14604604244232178
YBR059C,YBR096W,0,7.020692,0.32687875628471375,0.7019801735877991,0.14614614844322205
YGL068W,YAL039C,0,7.0195923,0.32672810554504395,0.7019801735877991,0.14624623954296112
YGR204W,YBR041W,1,7.018343,0.3270382285118103,0.7029703259468079,0.14624623954296112
YOL033W,YAL054C,1,7.016459,0.3273480534553528,0.7039604187011719,0.14624623954296112
YOR298W,YPL183W-A,0,7.015049,0.32719743251800537,0.7039604187011719,0.1463463455438614
YGR288W,YHR047C,0,7.0140486,0.3270469307899475,0.7039604187011719,0.14644645154476166
YER013W,YDL217C,0,7.009693,0.3268965482711792,0.7039604187011719,0.14654654264450073
YLR203C,YGL014W,0,7.0089355,0.3267463147640228,0.7039604187011719,0.146646648645401
YDR389W,YLR270W,0,7.0085135,0.3265962302684784,0.7039604187011719,0.14674673974514008
YBL026W,YFL001W,0,7.008359,0.3264462947845459,0.7039604187011719,0.14684684574604034
YLR289W,YPR191W,0,7.004369,0.32629647850990295,0.7039604187011719,0.1469469517469406
YNR004W,YDL039C,0,7.0038137,0.32614678144454956,0.7039604187011719,0.1470470428466797
YDR390C,YGL141W,1,6.9987297,0.3264557421207428,0.7049505114555359,0.1470470428466797
YPL200W,YOR340C,0,6.997282,0.32630613446235657,0.7049505114555359,0.14714714884757996
YDR405W,YDR497C,0,6.993909,0.3261566758155823,0.7049505114555359,0.14724723994731903
YDR310C,YNL223W,0,6.9918404,0.32600733637809753,0.7049505114555359,0.1473473459482193
YER074W,YDR444W,0,6.9905863,0.32585811614990234,0.7049505114555359,0.14744745194911957
YJR021C,YBR282W,0,6.9897842,0.3257090449333191,0.7049505114555359,0.14754754304885864
YOR310C,YGL030W,0,6.9890385,0.3255601227283478,0.7049505114555359,0.1476476490497589
YNL131W,YPR133W-A,0,6.987728,0.325411319732666,0.7049505114555359,0.14774775505065918
YFL014W,YGR145W,0,6.986014,0.3252626657485962,0.7049505114555359,0.14784784615039825
YEL030W,YGR214W,0,6.983431,0.3251141607761383,0.7049505114555359,0.14794795215129852
YGR081C,YOR274W,0,6.98105,0.32496577501296997,0.7049505114555359,0.1480480432510376
YIL177C,YDR472W,0,6.9791903,0.3248175084590912,0.7049505114555359,0.14814814925193787
YKR008W,YMR114C,0,6.9791327,0.32466939091682434,0.7049505114555359,0.14824825525283813
YGR285C,YMR160W,0,6.975842,0.32452142238616943,0.7049505114555359,0.1483483463525772
YBR183W,YBR230C,0,6.9755497,0.3243735730648041,0.7049505114555359,0.14844845235347748
YGR171C,YPR081C,1,6.972991,0.32468125224113464,0.7059406042098999,0.14844845235347748
YCL018W,YKR066C,0,6.9726844,0.32453346252441406,0.7059406042098999,0.14854854345321655
YCL014W,YKL053C-A,0,6.9705157,0.32438579201698303,0.7059406042098999,0.14864864945411682
YNL008C,YEL062W,0,6.96817,0.32423830032348633,0.7059406042098999,0.1487487554550171
YPL213W,YJR101W,0,6.9674315,0.3240908980369568,0.7059406042098999,0.14884884655475616
YLR130C,YGR276C,0,6.957976,0.3239436745643616,0.7059406042098999,0.14894895255565643
YDL008W,YPR066W,1,6.957443,0.3242506682872772,0.7069306969642639,0.14894895255565643
YOL010W,YGR118W,0,6.953208,0.3241035044193268,0.7069306969642639,0.1490490436553955
YLR080W,YPR119W,0,6.952591,0.3239564299583435,0.7069306969642639,0.14914914965629578
YJR133W,YNL259C,0,6.950109,0.32380953431129456,0.7069306969642639,0.14924925565719604
YPR119W,YJL149W,0,6.9489098,0.32366272807121277,0.7069306969642639,0.14934934675693512
YMR025W,YDL216C,0,6.9478683,0.3235160708427429,0.7069306969642639,0.1494494527578354
YPL040C,YDL185W,1,6.94561,0.3238224685192108,0.7079207897186279,0.1494494527578354
YER074W,YOR123C,0,6.945355,0.32367587089538574,0.7079207897186279,0.14954954385757446
YLR383W,YGL203C,0,6.935916,0.3235294222831726,0.7079207897186279,0.14964964985847473
YIL083C,YBL068W,0,6.934235,0.323383092880249,0.7079207897186279,0.149749755859375
YOR099W,YLL055W,0,6.9306765,0.323236882686615,0.7079207897186279,0.14984984695911407
YPR135W,YDR151C,0,6.929051,0.3230908215045929,0.7079207897186279,0.14994995296001434
YDL059C,YDL208W,0,6.9270635,0.32294490933418274,0.7079207897186279,0.15005004405975342
YJL128C,YPR043W,0,6.9260983,0.32279908657073975,0.7079207897186279,0.1501501500606537
YGL241W,YOR230W,0,6.9252815,0.3226534426212311,0.7079207897186279,0.15025025606155396
YEL030W,YOR393W,0,6.9197464,0.3225078880786896,0.7079207897186279,0.15035034716129303
YGR061C,YDR457W,1,6.9172134,0.32281333208084106,0.7089108824729919,0.15035034716129303
YGR084C,YLR350W,0,6.916052,0.3226678669452667,0.7089108824729919,0.1504504531621933
YDL054C,YJR053W,0,6.914975,0.32252252101898193,0.7089108824729919,0.15055054426193237
YDR268W,YPR081C,1,6.914906,0.32282754778862,0.709900975227356,0.15055054426193237
YCL036W,YOR355W,0,6.9132137,0.32268226146698,0.709900975227356,0.15065065026283264
YNL153C,YHR209W,0,6.9121933,0.3225371241569519,0.709900975227356,0.1507507562637329
YMR179W,YKL053C-A,0,6.9042645,0.322392076253891,0.709900975227356,0.15085084736347198
YDR411C,YMR210W,0,6.9041786,0.322247177362442,0.709900975227356,0.15095095336437225
YOL066C,YEL040W,0,6.8902807,0.322102427482605,0.709900975227356,0.15105104446411133
YJR149W,YGL220W,0,6.8891964,0.3219577968120575,0.709900975227356,0.1511511504650116
YDR369C,YMR136W,0,6.888919,0.32181328535079956,0.709900975227356,0.15125125646591187
YDL084W,YDR207C,0,6.8880925,0.32166892290115356,0.709900975227356,0.15135134756565094
YLL045C,YMR228W,0,6.887501,0.32152464985847473,0.709900975227356,0.1514514535665512
YDL024C,YNL335W,0,6.8761024,0.3213805556297302,0.709900975227356,0.15155154466629028
YDR054C,YGL141W,1,6.872815,0.3216845989227295,0.71089106798172,0.15155154466629028
YER103W,YJR119C,0,6.8726273,0.3215405344963074,0.71089106798172,0.15165165066719055
YLR130C,YOL101C,0,6.8648977,0.3213965892791748,0.71089106798172,0.15175175666809082
YKL038W,YMR160W,0,6.8638105,0.3212527930736542,0.71089106798172,0.1518518477678299
YER098W,YGL113W,0,6.862811,0.3211091160774231,0.71089106798172,0.15195195376873016
YDR414C,YKR020W,0,6.861132,0.32096558809280396,0.71089106798172,0.15205204486846924
YMR218C,YFR018C,0,6.859039,0.320822149515152,0.71089106798172,0.1521521508693695
YIL088C,YHR057C,0,6.858503,0.32067885994911194,0.71089106798172,0.15225225687026978
YNL102W,YBR276C,0,6.857351,0.32053571939468384,0.71089106798172,0.15235234797000885
YPR187W,YMR097C,0,6.8490434,0.3203926682472229,0.71089106798172,0.15245245397090912
YLR329W,YOR285W,0,6.847871,0.3202497661113739,0.71089106798172,0.1525525599718094
YOR317W,YER015W,1,6.847569,0.3205528259277344,0.711881160736084,0.1525525599718094
YDR414C,YDL078C,0,6.8412514,0.32040998339653015,0.711881160736084,0.15265265107154846
YOL129W,YGR155W,0,6.835286,0.3202672600746155,0.711881160736084,0.15275275707244873
YMR013C,YJR151C,0,6.833762,0.32012465596199036,0.711881160736084,0.1528528481721878
YEL030W,YLR028C,0,6.833186,0.3199822008609772,0.711881160736084,0.15295295417308807
YDR494W,YGL220W,0,6.832891,0.31983986496925354,0.711881160736084,0.15305306017398834
YDR492W,YBR261C,0,6.8323517,0.31969764828681946,0.711881160736084,0.15315315127372742
YKL126W,YLR395C,0,6.830712,0.3195555508136749,0.711881160736084,0.15325325727462769
YMR272C,YNL121C,0,6.829525,0.31941360235214233,0.711881160736084,0.15335334837436676
YLL012W,YGL030W,0,6.828389,0.3192717730998993,0.711881160736084,0.15345345437526703
YLR344W,YGL060W,0,6.8277683,0.3191300630569458,0.711881160736084,0.1535535603761673
YPL104W,YLR295C,1,6.8268356,0.3194321095943451,0.7128713130950928,0.1535535603761673
YJR119C,YOR313C,0,6.826615,0.3192904591560364,0.7128713130950928,0.15365365147590637
YDR499W,YNR018W,0,6.8225203,0.3191489279270172,0.7128713130950928,0.15375375747680664
YBR145W,YLR251W,0,6.8215733,0.31900754570961,0.7128713130950928,0.15385384857654572
YGR238C,YNL110C,0,6.818919,0.3188662528991699,0.7128713130950928,0.15395395457744598
YKR028W,YMR034C,0,6.818364,0.3187251091003418,0.7128713130950928,0.15405406057834625
YDR026C,YKL119C,0,6.813537,0.3185840845108032,0.7128713130950928,0.15415415167808533
YER150W,YJL024C,0,6.810314,0.3184431791305542,0.7128713130950928,0.1542542576789856
YJR130C,YJR063W,0,6.810016,0.3183023929595947,0.7128713130950928,0.15435434877872467
YCL043C,YLR213C,0,6.8079605,0.3181617259979248,0.7128713130950928,0.15445445477962494
YGR010W,YML073C,0,6.8026576,0.3180212080478668,0.7128713130950928,0.1545545607805252
YNR074C,YBL026W,0,6.802614,0.3178808093070984,0.7128713130950928,0.15465465188026428
YJL112W,YOR126C,0,6.801834,0.3177404999732971,0.7128713130950928,0.15475475788116455
YDR174W,YIL076W,0,6.800336,0.3176003396511078,0.7128713130950928,0.15485484898090363
YJR021C,YPL208W,0,6.7946663,0.3174603283405304,0.7128713130950928,0.1549549549818039
YOR206W,YOR251C,0,6.7897325,0.31732040643692017,0.7128713130950928,0.15505506098270416
YIL143C,YJL081C,0,6.7892523,0.3171806037425995,0.7128713130950928,0.15515515208244324
YDL078C,YJL024C,0,6.786751,0.31704095005989075,0.7128713130950928,0.1552552580833435
YOR226C,YML132W,0,6.7864337,0.31690141558647156,0.7128713130950928,0.15535534918308258
YDR268W,YDL164C,1,6.7855062,0.3172019422054291,0.7138614058494568,0.15535534918308258
YHR156C,YGR134W,0,6.78549,0.3170624375343323,0.7138614058494568,0.15545545518398285
YER175C,YKR068C,0,6.7795005,0.3169230818748474,0.7138614058494568,0.15555556118488312
YDR090C,YOR204W,0,6.7764416,0.3167838454246521,0.7138614058494568,0.1556556522846222
YBR081C,YJR036C,0,6.7746086,0.31664469838142395,0.7138614058494568,0.15575575828552246
YMR227C,YDR195W,0,6.7699804,0.31650570034980774,0.7138614058494568,0.15585584938526154
YML030W,YBL029C-A,0,6.7679567,0.3163668215274811,0.7138614058494568,0.1559559553861618
YPR035W,YPL078C,1,6.767416,0.3166666626930237,0.7148514986038208,0.1559559553861618
YJL087C,YGL037C,0,6.763532,0.3165278434753418,0.7148514986038208,0.15605606138706207
YOL033W,YEL019C,1,6.7573004,0.31682735681533813,0.7158415913581848,0.15605606138706207
YPR135W,YBL076C,0,6.75451,0.31668856739997864,0.7158415913581848,0.15615615248680115
YGR144W,YHR051W,0,6.7528925,0.3165499269962311,0.7158415913581848,0.15625625848770142
YBR274W,YBL092W,0,6.747612,0.3164113759994507,0.7158415913581848,0.1563563495874405
YGR085C,YBR150C,0,6.744963,0.3162729740142822,0.7158415913581848,0.15645645558834076
YPL113C,YHR156C,0,6.744503,0.31613466143608093,0.7158415913581848,0.15655656158924103
YHR091C,YBR208C,1,6.742756,0.3164335787296295,0.7168316841125488,0.15655656158924103
YNL231C,YER019C-A,0,6.7417393,0.316295325756073,0.7168316841125488,0.1566566526889801
YLR113W,YGL163C,0,6.7396584,0.31615719199180603,0.7168316841125488,0.15675675868988037
YJL134W,YDR062W,0,6.7388353,0.316019207239151,0.7168316841125488,0.15685684978961945
YNR006W,YHR057C,0,6.737215,0.31588131189346313,0.7168316841125488,0.15695695579051971
YDR423C,YJR101W,0,6.7327704,0.3157435655593872,0.7168316841125488,0.15705706179141998
YDR144C,YKL174C,0,6.728514,0.31560593843460083,0.7168316841125488,0.15715715289115906
YGL186C,YHR082C,0,6.7213526,0.3154684007167816,0.7168316841125488,0.15725725889205933
YMR319C,YBR287W,0,6.720538,0.31533101201057434,0.7168316841125488,0.1573573499917984
YOR142W,YHR057C,0,6.715269,0.3151937425136566,0.7168316841125488,0.15745745599269867
YDL217C,YPL087W,0,6.7150393,0.31505656242370605,0.7168316841125488,0.15755756199359894
YDR389W,YKR102W,0,6.714569,0.31491953134536743,0.7168316841125488,0.157657653093338
YOR020C,YPR138C,0,6.70896,0.31478261947631836,0.7168316841125488,0.15775775909423828
YPL064C,YJL095W,0,6.7066145,0.31464579701423645,0.7168316841125488,0.15785786509513855
YOL049W,YOR317W,1,6.704914,0.3149435222148895,0.7178217768669128,0.15785786509513855
YPR144C,YJR036C,0,6.6937885,0.3148067593574524,0.7178217768669128,0.15795795619487762
YHR179W,YLR213C,0,6.6928787,0.3146701455116272,0.7178217768669128,0.1580580621957779
YLR026C,YEL056W,0,6.6894197,0.31453362107276917,0.7178217768669128,0.15815815329551697
YBR081C,YKL217W,0,6.6887116,0.3143972158432007,0.7178217768669128,0.15825825929641724
YHR002W,YFL001W,0,6.682172,0.31426095962524414,0.7178217768669128,0.1583583652973175
YBR150C,YBR282W,0,6.6770797,0.31412479281425476,0.7178217768669128,0.15845845639705658
YER098W,YJL006C,0,6.6763144,0.31398874521255493,0.7178217768669128,0.15855856239795685
YKL009W,YER168C,0,6.6727,0.31385281682014465,0.7178217768669128,0.15865865349769592
YPL104W,YCR024C,1,6.6721573,0.3141497075557709,0.7188118696212769,0.15865865349769592
YBR243C,YBR074W,0,6.6705656,0.31401383876800537,0.7188118696212769,0.1587587594985962
YBR093C,YBL092W,0,6.666946,0.3138780891895294,0.7188118696212769,0.15885886549949646
YJR101W,YNL078W,0,6.6615233,0.31374242901802063,0.7188118696212769,0.15895895659923553
YOR206W,YGL010W,0,6.6612735,0.3136069178581238,0.7188118696212769,0.1590590626001358
YDL179W,YMR270C,0,6.6576433,0.3134714961051941,0.7188118696212769,0.15915915369987488
YJR092W,YIL020C,0,6.6567388,0.31333622336387634,0.7188118696212769,0.15925925970077515
YMR145C,YKL206C,0,6.6533613,0.31320104002952576,0.7188118696212769,0.15935936570167542
YGR238C,YMR269W,0,6.6470823,0.3130659759044647,0.7188118696212769,0.1594594568014145
YDR476C,YDR353W,0,6.6461296,0.31293103098869324,0.7188118696212769,0.15955956280231476
YDL029W,YKL013C,0,6.644946,0.3127962052822113,0.7188118696212769,0.15965965390205383
YDL084W,YER125W,0,6.644545,0.3126614987850189,0.7188118696212769,0.1597597599029541
YKL090W,YLR160C,0,6.642869,0.3125269114971161,0.7188118696212769,0.15985986590385437
YMR087W,YBL091C-A,0,6.641498,0.3123924136161804,0.7188118696212769,0.15995995700359344
YBL076C,YKL210W,1,6.6412473,0.3126881718635559,0.7198019623756409,0.15995995700359344
YMR019W,YDL021W,0,6.6405177,0.312553733587265,0.7198019623756409,0.1600600630044937
YLL051C,YHR179W,0,6.640044,0.31241941452026367,0.7198019623756409,0.1601601541042328
YMR173W,YPL208W,0,6.6385307,0.3122852146625519,0.7198019623756409,0.16026026010513306
YLR264W,YNR002C,0,6.6348925,0.31215113401412964,0.7198019623756409,0.16036036610603333
YOL141W,YIR038C,0,6.6344366,0.31201717257499695,0.7198019623756409,0.1604604572057724
YNL261W,YIL095W,0,6.630585,0.3118833005428314,0.7198019623756409,0.16056056320667267
YGR225W,YLR113W,0,6.626334,0.31174957752227783,0.7198019623756409,0.16066065430641174
YMR112C,YJL005W,0,6.626113,0.3116159439086914,0.7198019623756409,0.160760760307312
YLR380W,YMR193W,0,6.6257753,0.31148242950439453,0.7198019623756409,0.16086086630821228
YDR254W,YGL122C,0,6.6239705,0.3113490343093872,0.7198019623756409,0.16096095740795135
YDL024C,YNL110C,0,6.623484,0.31121575832366943,0.7198019623756409,0.16106106340885162
YPR198W,YDL040C,0,6.62337,0.3110825717449188,0.7198019623756409,0.1611611545085907
YMR179W,YDL083C,0,6.621097,0.31094953417778015,0.7198019623756409,0.16126126050949097
YLR182W,YBR031W,0,6.6192737,0.31081658601760864,0.7198019623756409,0.16136136651039124
YDL040C,YHR079C,0,6.618711,0.3106837570667267,0.7198019623756409,0.1614614576101303
YGL037C,YKL096W-A,0,6.6155024,0.3105510473251343,0.7198019623756409,0.16156156361103058
YKL082C,YOR008C,0,6.6147285,0.3104184567928314,0.7198019623756409,0.16166165471076965
YNR074C,YLR026C,0,6.6117744,0.3102859556674957,0.7198019623756409,0.16176176071166992
YHR030C,YER115C,0,6.6068316,0.3101535737514496,0.7198019623756409,0.1618618667125702
YDR233C,YCR046C,0,6.6059747,0.310021311044693,0.7198019623756409,0.16196195781230927
YNL052W,YFL001W,0,6.6044626,0.30988916754722595,0.7198019623756409,0.16206206381320953
YNL282W,YPL007C,0,6.603239,0.30975714325904846,0.7198019623756409,0.1621621549129486
YKR056W,YKL201C,0,6.6024184,0.30962520837783813,0.7198019623756409,0.16226226091384888
YOL102C,YML128C,0,6.600868,0.30949339270591736,0.7198019623756409,0.16236236691474915
YOL066C,YOL155C,0,6.5981607,0.30936169624328613,0.7198019623756409,0.16246245801448822
YKL166C,YDR369C,0,6.598102,0.30923011898994446,0.7198019623756409,0.1625625640153885
YJL066C,YDR364C,0,6.5971613,0.30909863114356995,0.7198019623756409,0.16266267001628876
YNR072W,YNL182C,0,6.597025,0.308967262506485,0.7198019623756409,0.16276276111602783
YDR205W,YOL107W,0,6.595891,0.3088360130786896,0.7198019623756409,0.1628628671169281
YDR090C,YLR301W,0,6.592373,0.3087048828601837,0.7198019623756409,0.16296295821666718
YPR080W,YKL094W,0,6.5922623,0.308573842048645,0.7198019623756409,0.16306306421756744
YPR204W,YNL121C,0,6.5913982,0.30844295024871826,0.7198019623756409,0.1631631702184677
YBR182C,YEL056W,0,6.589583,0.3083121180534363,0.7198019623756409,0.1632632613182068
YGL244W,YKL144C,0,6.588646,0.30818143486976624,0.7198019623756409,0.16336336731910706
YOR324C,YDL208W,0,6.58815,0.30805084109306335,0.7198019623756409,0.16346345841884613
YGL209W,YER145C,0,6.5880322,0.30792036652565,0.7198019623756409,0.1635635644197464
YKL103C,YPL139C,0,6.5843973,0.30779001116752625,0.7198019623756409,0.16366367042064667
YNL079C,YDR457W,0,6.5809975,0.30765974521636963,0.7198019623756409,0.16376376152038574
YOR243C,YMR228W,0,6.5807695,0.30752959847450256,0.7198019623756409,0.163863867521286
YDR211W,YMR034C,0,6.573338,0.30739957094192505,0.7198019623756409,0.16396395862102509
YPL147W,YDR416W,0,6.571705,0.3072696626186371,0.7198019623756409,0.16406406462192535
YMR227C,YJL082W,0,6.568617,0.3071398437023163,0.7198019623756409,0.16416417062282562
YJR092W,YDR159W,0,6.567221,0.30701014399528503,0.7198019623756409,0.1642642617225647
YER138C,YBR238C,0,6.5668826,0.30688053369522095,0.7198019623756409,0.16436436772346497
YGR268C,YOR038C,0,6.5634794,0.3067510426044464,0.7198019623756409,0.16446445882320404
YMR172W,YFL045C,0,6.5630445,0.3066216707229614,0.7198019623756409,0.1645645648241043
YHR056C,YMR194W,0,6.5623345,0.306492418050766,0.7198019623756409,0.16466467082500458
YBR081C,YNR028W,0,6.560046,0.3063632547855377,0.7198019623756409,0.16476476192474365
YKL013C,YDR476C,0,6.558346,0.306234210729599,0.7198019623756409,0.16486486792564392
YGR244C,YIL083C,1,6.5515194,0.3065263032913208,0.7207920551300049,0.16486486792564392
YJR107W,YDR226W,0,6.5490675,0.30639731884002686,0.7207920551300049,0.164964959025383
YNL073W,YJL191W,0,6.5474205,0.3062683939933777,0.7207920551300049,0.16506506502628326
YBR095C,YER002W,0,6.541923,0.30613961815834045,0.7207920551300049,0.16516517102718353
YMR097C,YPR060C,0,6.5406218,0.3060109317302704,0.7207920551300049,0.1652652621269226
YOL136C,YPL093W,0,6.539467,0.30588236451148987,0.7207920551300049,0.16536536812782288
YKL020C,YGR214W,0,6.538312,0.3057538866996765,0.7207920551300049,0.16546545922756195
YLR395C,YNL006W,0,6.5378065,0.3056255280971527,0.7207920551300049,0.16556556522846222
YDR322C-A,YBR082C,1,6.5362654,0.3059169054031372,0.7217822074890137,0.16556556522846222
YMR267W,YDR472W,0,6.534853,0.3057885766029358,0.7217822074890137,0.1656656712293625
YKL067W,YMR246W,0,6.534676,0.3056603670120239,0.7217822074890137,0.16576576232910156
YNL304W,YKR006C,0,6.532291,0.3055322766304016,0.7217822074890137,0.16586586833000183
YER055C,YLR401C,0,6.5301747,0.30540427565574646,0.7217822074890137,0.1659659594297409
YOL086C,YDR508C,0,6.5282497,0.30527639389038086,0.7217822074890137,0.16606606543064117
YNL230C,YOR020C,0,6.527418,0.3051486015319824,0.7217822074890137,0.16616617143154144
YDR476C,YNL239W,0,6.526958,0.30502092838287354,0.7217822074890137,0.16626626253128052
YLR047C,YKL130C,0,6.525997,0.3048933446407318,0.7217822074890137,0.1663663685321808
YPL134C,YDR494W,0,6.525448,0.30476588010787964,0.7217822074890137,0.16646645963191986
YPR191W,YOL026C,0,6.524257,0.304638534784317,0.7217822074890137,0.16656656563282013
YJR070C,YPL183W-A,0,6.523988,0.30451127886772156,0.7217822074890137,0.1666666716337204
YEL031W,YMR008C,0,6.522363,0.30438414216041565,0.7217822074890137,0.16676676273345947
YGR177C,YBR031W,0,6.522256,0.3042570948600769,0.7217822074890137,0.16686686873435974
YKL126W,YJL030W,0,6.5188603,0.3041301667690277,0.7217822074890137,0.16696695983409882
YPL127C,YMR032W,0,6.5176306,0.3040033280849457,0.7217822074890137,0.16706706583499908
YDL036C,YPL218W,0,6.5128174,0.3038766086101532,0.7217822074890137,0.16716717183589935
YMR115W,YDR470C,0,6.50893,0.30375000834465027,0.7217822074890137,0.16726726293563843
YFL014W,YIR038C,0,6.508875,0.3036234974861145,0.7217822074890137,0.1673673689365387
YCL014W,YPL188W,0,6.506533,0.3034970760345459,0.7217822074890137,0.16746746003627777
YBR080C,YFL010W-A,0,6.5060472,0.30337077379226685,0.7217822074890137,0.16756756603717804
YLR447C,YOR215C,0,6.5054646,0.30324459075927734,0.7217822074890137,0.1676676720380783
YLR080W,YNL281W,0,6.503145,0.303118497133255,0.7217822074890137,0.16776776313781738
YBR052C,YBL085W,0,6.502941,0.3029925227165222,0.7217822074890137,0.16786786913871765
YOR206W,YKL064W,0,6.502469,0.3028666377067566,0.7217822074890137,0.16796797513961792
YKR054C,YGR070W,0,6.5020313,0.3027408719062805,0.7217822074890137,0.168068066239357
YLL017W,YER074W,0,6.500513,0.3026151955127716,0.7217822074890137,0.16816817224025726
YOR209C,YKL165C,0,6.5004387,0.30248963832855225,0.7217822074890137,0.16826826333999634
YOR377W,YGR229C,0,6.4988384,0.30236417055130005,0.7217822074890137,0.1683683693408966
YOR317W,YGR185C,1,6.4982076,0.30265340209007263,0.7227723002433777,0.1683683693408966
YDL164C,YGR061C,1,6.496522,0.3029423952102661,0.7237623929977417,0.1683683693408966
YEL043W,YLR348C,0,6.48573,0.30281689763069153,0.7237623929977417,0.16846847534179688
YER052C,YFR052W,0,6.479249,0.3026915192604065,0.7237623929977417,0.16856856644153595
YOL111C,YDR337W,0,6.4762254,0.3025662302970886,0.7237623929977417,0.16866867244243622
YKL010C,YPL234C,1,6.4702597,0.3028547763824463,0.7247524857521057,0.16866867244243622
YER150W,YPL113C,0,6.470156,0.3027295172214508,0.7247524857521057,0.1687687635421753
YEL030W,YPL007C,0,6.467976,0.3026043772697449,0.7247524857521057,0.16886886954307556
YOR304W,YKL022C,0,6.4640226,0.3024793267250061,0.7247524857521057,0.16896897554397583
YPL099C,YLR278C,0,6.4629917,0.3023543953895569,0.7247524857521057,0.1690690666437149
YHR069C,YIL006W,0,6.458192,0.30222955346107483,0.7247524857521057,0.16916917264461517
YOL004W,YLR316C,0,6.457353,0.3021048307418823,0.7247524857521057,0.16926926374435425
YGL209W,YBR202W,0,6.451874,0.301980197429657,0.7247524857521057,0.16936936974525452
YDR451C,YMR172W,0,6.451436,0.3018556833267212,0.7247524857521057,0.16946947574615479
YLL051C,YGR155W,0,6.440381,0.30173125863075256,0.7247524857521057,0.16956956684589386
YPL094C,YOR324C,0,6.440113,0.3016069233417511,0.7247524857521057,0.16966967284679413
YGR052W,YLR219W,0,6.4400406,0.3014827072620392,0.7247524857521057,0.1697697639465332
YMR112C,YJR006W,0,6.437887,0.30135858058929443,0.7247524857521057,0.16986986994743347
YKR071C,YNL027W,0,6.4364233,0.30123457312583923,0.7247524857521057,0.16996997594833374
YDR030C,YGL225W,0,6.436303,0.3011106550693512,0.7247524857521057,0.17007006704807281
YGR171C,YKL210W,1,6.435197,0.30139803886413574,0.7257425785064697,0.17007006704807281
YAL031C,YCL052C,0,6.4312334,0.3012741506099701,0.7257425785064697,0.17017017304897308
YMR089C,YNL070W,0,6.4311247,0.301150381565094,0.7257425785064697,0.17027026414871216
YOR156C,YMR022W,1,6.428016,0.3014373779296875,0.7267326712608337,0.17027026414871216
YMR013C,YGL256W,0,6.4251986,0.3013136386871338,0.7267326712608337,0.17037037014961243
YIL128W,YDL171C,0,6.423766,0.30118998885154724,0.7267326712608337,0.1704704761505127
YGL203C,YDL083C,0,6.422611,0.30106645822525024,0.7267326712608337,0.17057056725025177
YER019C-A,YNL219C,0,6.4178433,0.3009430170059204,0.7267326712608337,0.17067067325115204
YDR304C,YKL022C,0,6.41442,0.30081966519355774,0.7267326712608337,0.1707707643508911
YLR312W-A,YLR264W,0,6.412978,0.3006964325904846,0.7267326712608337,0.17087087035179138
YPR190C,YDR304C,0,6.4127545,0.30057328939437866,0.7267326712608337,0.17097097635269165
YBL026W,YDR081C,0,6.412163,0.30045026540756226,0.7267326712608337,0.17107106745243073
YDR285W,YGR255C,0,6.411376,0.300327330827713,0.7267326712608337,0.171171173453331
YPL240C,YPR200C,0,6.4100285,0.30020448565483093,0.7267326712608337,0.17127126455307007
YCL025C,YBL098W,0,6.409089,0.3000817596912384,0.7267326712608337,0.17137137055397034
YDR076W,YNL050C,0,6.4090796,0.29995912313461304,0.7267326712608337,0.1714714765548706
YJL206C,YLR164W,0,6.4048014,0.2998366057872772,0.7267326712608337,0.17157156765460968
YDR067C,YMR099C,0,6.4021506,0.29971417784690857,0.7267326712608337,0.17167167365550995
YNR006W,YLR285W,0,6.4008374,0.2995918393135071,0.7267326712608337,0.17177176475524902
YJR057W,YGL162W,0,6.399994,0.29946959018707275,0.7267326712608337,0.1718718707561493
YDR492W,YBR282W,0,6.399541,0.299347460269928,0.7267326712608337,0.17197197675704956
YDL036C,YNL044W,0,6.3986225,0.29922544956207275,0.7267326712608337,0.17207206785678864
YER017C,YKL096W-A,0,6.398139,0.2991034984588623,0.7267326712608337,0.1721721738576889
YFL038C,YKL124W,0,6.394206,0.2989816665649414,0.7267326712608337,0.17227226495742798
YLR285W,YMR213W,0,6.393215,0.29885992407798767,0.7267326712608337,0.17237237095832825
YBR020W,YIL094C,0,6.389638,0.2987383008003235,0.7267326712608337,0.17247247695922852
YOR230W,YDR373W,0,6.3869047,0.29861676692962646,0.7267326712608337,0.1725725680589676
YPR081C,YPL003W,1,6.383058,0.2989020049571991,0.7277227640151978,0.1725725680589676
YBR052C,YJL124C,0,6.3781624,0.29878050088882446,0.7277227640151978,0.17267267405986786
YDL021W,YIR038C,0,6.3770866,0.298659086227417,0.7277227640151978,0.17277278006076813
YJR004C,YGR027C,0,6.3768916,0.2985377609729767,0.7277227640151978,0.1728728711605072
YOL045W,YPL240C,0,6.3746243,0.2984165549278259,0.7277227640151978,0.17297297716140747
YLR447C,YDL047W,0,6.3715477,0.2982954680919647,0.7277227640151978,0.17307306826114655
YBL080C,YIL083C,1,6.3700976,0.2985801100730896,0.7287128567695618,0.17307306826114655
YLL004W,YHR057C,0,6.3679585,0.2984590530395508,0.7287128567695618,0.17317317426204681
YJL166W,YLL027W,0,6.367369,0.29833805561065674,0.7287128567695618,0.17327328026294708
YPL200W,YMR194W,0,6.3659043,0.29821717739105225,0.7287128567695618,0.17337337136268616
YLL004W,YEL053C,0,6.3629684,0.2980963885784149,0.7287128567695618,0.17347347736358643
YDR494W,YPL188W,0,6.362353,0.29797571897506714,0.7287128567695618,0.1735735684633255
YGR052W,YPR125W,0,6.359963,0.29785510897636414,0.7287128567695618,0.17367367446422577
YFL010W-A,YJR101W,0,6.358635,0.2977346181869507,0.7287128567695618,0.17377378046512604
YDL028C,YNL078W,0,6.3500404,0.2976142466068268,0.7287128567695618,0.1738738715648651
YJL130C,YPR081C,1,6.3471274,0.29789814352989197,0.7297029495239258,0.1738738715648651
YCR030C,YDR083W,0,6.3445463,0.29777777194976807,0.7297029495239258,0.17397397756576538
YFR029W,YMR229C,0,6.342682,0.2976575195789337,0.7297029495239258,0.17407406866550446
YFR031C,YJL134W,0,6.338088,0.29753735661506653,0.7297029495239258,0.17417417466640472
YFR036W,YGL190C,0,6.3372707,0.2974172830581665,0.7297029495239258,0.174274280667305
YKL190W,YKL085W,0,6.3335943,0.29729729890823364,0.7297029495239258,0.17437437176704407
YPR047W,YBR218C,1,6.3334126,0.29758065938949585,0.7306930422782898,0.17437437176704407
YFR021W,YPL119C,0,6.3322363,0.2974607050418854,0.7306930422782898,0.17447447776794434
YNL230C,YGL103W,0,6.331084,0.29734084010124207,0.7306930422782898,0.1745745688676834
YNL160W,YJL172W,0,6.3309903,0.2972210943698883,0.7306930422782898,0.17467467486858368
YCR011C,YDL225W,0,6.3288627,0.2971014380455017,0.7306930422782898,0.17477478086948395
YMR114C,YOL004W,0,6.328597,0.29698190093040466,0.7306930422782898,0.17487487196922302
YAL060W,YDL015C,0,6.3282433,0.2968624234199524,0.7306930422782898,0.1749749779701233
YML132W,YMR229C,0,6.3272276,0.2967430651187897,0.7306930422782898,0.17507506906986237
YMR065W,YDR207C,0,6.327014,0.2966237962245941,0.7306930422782898,0.17517517507076263
YJL087C,YMR145C,0,6.325508,0.2965046167373657,0.7306930422782898,0.1752752810716629
YBR026C,YDL040C,0,6.323793,0.2963855564594269,0.7306930422782898,0.17537537217140198
YDR079W,YHR132C,0,6.320128,0.2962665557861328,0.7306930422782898,0.17547547817230225
YDR499W,YHL034C,0,6.3183084,0.2961476743221283,0.7306930422782898,0.17557556927204132
YDR242W,YEL027W,1,6.315403,0.29642999172210693,0.7316831946372986,0.17557556927204132
YLR239C,YHR011W,1,6.3135414,0.29671210050582886,0.7326732873916626,0.17557556927204132
YGL083W,YOR237W,0,6.312318,0.29659318923950195,0.7326732873916626,0.1756756752729416
YPL151C,YIL132C,0,6.312033,0.2964743673801422,0.7326732873916626,0.17577578127384186
YJR021C,YBR192W,0,6.311947,0.29635563492774963,0.7326732873916626,0.17587587237358093
YGR214W,YGL259W,0,6.3113565,0.2962369918823242,0.7326732873916626,0.1759759783744812
YOR005C,YOL033W,1,6.3099985,0.29651859402656555,0.7336633801460266,0.1759759783744812
YGR112W,YKL175W,0,6.3093615,0.2964000105857849,0.7336633801460266,0.17607606947422028
YGR089W,YCR012W,0,6.308161,0.29628148674964905,0.7336633801460266,0.17617617547512054
YBR066C,YIL061C,0,6.305218,0.29616308212280273,0.7336633801460266,0.1762762814760208
YDR137W,YMR173W,0,6.3046083,0.2960447371006012,0.7336633801460266,0.1763763725757599
YNL079C,YGR246C,0,6.304388,0.2959265112876892,0.7336633801460266,0.17647647857666016
YLR029C,YKL203C,0,6.2955503,0.2958083748817444,0.7336633801460266,0.17657656967639923
YOR212W,YPR043W,0,6.2912345,0.2956903576850891,0.7336633801460266,0.1766766756772995
YDL097C,YPR138C,0,6.2894583,0.2955724000930786,0.7336633801460266,0.17677678167819977
YKL093W,YDL215C,0,6.288162,0.2954545319080353,0.7336633801460266,0.17687687277793884
YPL134C,YIL020C,0,6.285284,0.2953367829322815,0.7336633801460266,0.1769769787788391
YLR425W,YMR300C,0,6.2847347,0.2952191233634949,0.7336633801460266,0.17707706987857819
YLL041C,YOR351C,0,6.283388,0.2951015532016754,0.7336633801460266,0.17717717587947845
YKL170W,YJL081C,0,6.28322,0.2949840724468231,0.7336633801460266,0.17727728188037872
YDR498C,YPL259C,0,6.2806215,0.294866681098938,0.7336633801460266,0.1773773729801178
YNL297C,YFL038C,0,6.277993,0.2947494089603424,0.7336633801460266,0.17747747898101807
YPL098C,YAL031C,0,6.2778006,0.2946321964263916,0.7336633801460266,0.17757758498191833
YDR492W,YPL099C,0,6.2772827,0.29451510310173035,0.7336633801460266,0.1776776760816574
YLR191W,YHL034C,0,6.2736177,0.29439809918403625,0.7336633801460266,0.17777778208255768
YFL001W,YNR002C,0,6.270913,0.2942811846733093,0.7336633801460266,0.17787787318229675
YDR034C,YDR233C,0,6.268852,0.29416435956954956,0.7336633801460266,0.17797797918319702
YKL119C,YIL047C,0,6.2685375,0.29404762387275696,0.7336633801460266,0.1780780851840973
YDR067C,YOR285W,0,6.268181,0.2939309775829315,0.7336633801460266,0.17817817628383636
YBR282W,YAL029C,0,6.2651424,0.29381442070007324,0.7336633801460266,0.17827828228473663
YKR035W-A,YJL082W,0,6.264348,0.2936979830265045,0.7336633801460266,0.1783783733844757
YDL246C,YLR295C,0,6.2633286,0.29358160495758057,0.7336633801460266,0.17847847938537598
YDR353W,YER074W,0,6.255295,0.29346534609794617,0.7336633801460266,0.17857858538627625
YNL283C,YOR355W,0,6.254366,0.29334917664527893,0.7336633801460266,0.17867867648601532
YGL225W,YPL274W,0,6.2533164,0.29323309659957886,0.7336633801460266,0.1787787824869156
YNL153C,YPL099C,0,6.238949,0.29311707615852356,0.7336633801460266,0.17887887358665466
YGL186C,YDL170W,0,6.2351456,0.2930011749267578,0.7336633801460266,0.17897897958755493
YLR160C,YPR163C,0,6.2339854,0.29288536310195923,0.7336633801460266,0.1790790855884552
YDL215C,YKL206C,0,6.231527,0.2927696704864502,0.7336633801460266,0.17917917668819427
YAL054C,YDR159W,0,6.2282686,0.29265403747558594,0.7336633801460266,0.17927928268909454
YNR031C,YOR340C,0,6.2280583,0.29253849387168884,0.7336633801460266,0.17937937378883362
YLR024C,YOR303W,1,6.2262115,0.2928176820278168,0.7346534729003906,0.17937937378883362
YLL003W,YNL258C,0,6.224307,0.29270216822624207,0.7346534729003906,0.1794794797897339
YLR113W,YLR348C,0,6.2213087,0.2925867438316345,0.7346534729003906,0.17957958579063416
YMR276W,YJL029C,0,6.218075,0.29247140884399414,0.7346534729003906,0.17967967689037323
YDL206W,YDR233C,0,6.216549,0.2923561930656433,0.7346534729003906,0.1797797828912735
YJL101C,YJR103W,1,6.2153544,0.29263490438461304,0.7356435656547546,0.1797797828912735
YDL121C,YLR005W,0,6.2138963,0.2925196886062622,0.7356435656547546,0.17987987399101257
YKR002W,YHR135C,0,6.212106,0.29240456223487854,0.7356435656547546,0.17997997999191284
YMR210W,YPR152C,0,6.2103305,0.29228952527046204,0.7356435656547546,0.1800800859928131
YKL217W,YLR389C,0,6.2101126,0.2921746075153351,0.7356435656547546,0.18018017709255219
YNL107W,YJR034W,0,6.2089367,0.2920597493648529,0.7356435656547546,0.18028028309345245
YOR084W,YPL273W,0,6.202415,0.2919449806213379,0.7356435656547546,0.18038037419319153
YOR159C,YHR135C,0,6.199368,0.2918303310871124,0.7356435656547546,0.1804804801940918
YLR080W,YLR141W,0,6.1979485,0.29171574115753174,0.7356435656547546,0.18058058619499207
YHR002W,YLR425W,0,6.196218,0.2916012704372406,0.7356435656547546,0.18068067729473114
YBR096W,YFR052W,0,6.1948605,0.29148685932159424,0.7356435656547546,0.1807807832956314
YIL177C,YDR195W,0,6.1923103,0.29137253761291504,0.7356435656547546,0.18088087439537048
YDR460W,YGL037C,0,6.1910076,0.2912583351135254,0.7356435656547546,0.18098098039627075
YLR394W,YGL163C,0,6.1900063,0.2911441922187805,0.7356435656547546,0.18108108639717102
YBR002C,YPL134C,0,6.1880674,0.2910301685333252,0.7356435656547546,0.1811811774969101
YLL045C,YER165W,0,6.186885,0.29091620445251465,0.7356435656547546,0.18128128349781036
YDL074C,YOR226C,0,6.186884,0.29080235958099365,0.7356435656547546,0.18138137459754944
YLR182W,YMR137C,0,6.1864243,0.29068857431411743,0.7356435656547546,0.1814814805984497
YGR144W,YML052W,0,6.1863985,0.2905748784542084,0.7356435656547546,0.18158158659934998
YNL302C,YLR088W,0,6.1832914,0.29046130180358887,0.7356435656547546,0.18168167769908905
YBR129C,YJL206C,0,6.182294,0.29034778475761414,0.7356435656547546,0.18178178369998932
YKL117W,YMR238W,0,6.178939,0.29023438692092896,0.7356435656547546,0.1818818747997284
YOR142W,YDL004W,1,6.1788006,0.29051151871681213,0.7366336584091187,0.1818818747997284
YDL084W,YNL232W,0,6.176358,0.29039812088012695,0.7366336584091187,0.18198198080062866
YNL127W,YOL124C,0,6.1761603,0.29028481245040894,0.7366336584091187,0.18208208680152893
YNL127W,YLR401C,0,6.1759577,0.2901715934276581,0.7366336584091187,0.182182177901268
YLR305C,YOR123C,0,6.175341,0.2900584936141968,0.7366336584091187,0.18228228390216827
YMR228W,YOR382W,0,6.173181,0.28994545340538025,0.7366336584091187,0.18238237500190735
YJL112W,YFR033C,0,6.1728735,0.2898325026035309,0.7366336584091187,0.18248248100280762
YPL208W,YLR088W,0,6.171196,0.2897196114063263,0.7366336584091187,0.18258258700370789
YJL141C,YBR282W,0,6.1696196,0.28960683941841125,0.7366336584091187,0.18268267810344696
YER052C,YPR138C,0,6.1663785,0.2894941568374634,0.7366336584091187,0.18278278410434723
YFL022C,YJR036C,1,6.164486,0.2897705137729645,0.7376237511634827,0.18278278410434723
YLR047C,YMR143W,0,6.164416,0.289657860994339,0.7376237511634827,0.1828828901052475
YJR092W,YPL129W,0,6.163369,0.2895452678203583,0.7376237511634827,0.18298298120498657
YBR080C,YBR187W,0,6.162755,0.2894327938556671,0.7376237511634827,0.18308308720588684
YDR383C,YMR246W,0,6.1594925,0.2893203794956207,0.7376237511634827,0.18318317830562592
YPR066W,YPL234C,1,6.1586523,0.2895962595939636,0.7386138439178467,0.18318317830562592
YLR312W-A,YGL030W,0,6.155939,0.289483904838562,0.7386138439178467,0.18328328430652618
YBR172C,YGL259W,0,6.155284,0.2893716096878052,0.7386138439178467,0.18338339030742645
YOL045W,YDR076W,0,6.151301,0.2892594039440155,0.7386138439178467,0.18348348140716553
YER125W,YMR090W,0,6.150736,0.289147287607193,0.7386138439178467,0.1835835874080658
YLL017W,YOL151W,0,6.150644,0.28903526067733765,0.7386138439178467,0.18368367850780487
YFL057C,YDL035C,0,6.150159,0.28892332315444946,0.7386138439178467,0.18378378450870514
YDR454C,YOR168W,0,6.1492887,0.28881144523620605,0.7386138439178467,0.1838838905096054
YLR016C,YGL148W,0,6.148935,0.2886996865272522,0.7386138439178467,0.18398398160934448
YDR322C-A,YDR092W,1,6.148,0.2889748513698578,0.7396039366722107,0.18398398160934448
YLR208W,YPR043W,0,6.1476874,0.2888631224632263,0.7396039366722107,0.18408408761024475
YMR054W,YPR159W,0,6.1473985,0.2887514531612396,0.7396039366722107,0.18418417870998383
YER050C,YER145C,0,6.145775,0.2886398732662201,0.7396039366722107,0.1842842847108841
YNL223W,YLR050C,0,6.1443615,0.2885283827781677,0.7396039366722107,0.18438439071178436
YKL093W,YHR179W,0,6.144227,0.2884169816970825,0.7396039366722107,0.18448448181152344
YMR186W,YDR364C,0,6.143543,0.2883056700229645,0.7396039366722107,0.1845845878124237
YJR078W,YLR314C,0,6.14242,0.2881944477558136,0.7396039366722107,0.18468467891216278
YPL244C,YDR497C,0,6.1416674,0.2880833148956299,0.7396039366722107,0.18478478491306305
YMR218C,YGL212W,0,6.140608,0.28797224164009094,0.7396039366722107,0.18488489091396332
YKL010C,YDR377W,1,6.138055,0.28824663162231445,0.7405940890312195,0.18488489091396332
YOR310C,YJL206C,0,6.137637,0.2881355881690979,0.7405940890312195,0.1849849820137024
YPR135W,YMR210W,0,6.130754,0.2880246341228485,0.7405940890312195,0.18508508801460266
YNL223W,YMR203W,0,6.1303473,0.2879137694835663,0.7405940890312195,0.18518517911434174
YPL122C,YLR278C,0,6.1301746,0.2878029942512512,0.7405940890312195,0.185285285115242
YPL139C,YGL060W,0,6.129863,0.2876923084259033,0.7405940890312195,0.18538539111614227
YMR115W,YLR350W,0,6.129574,0.2875817120075226,0.7405940890312195,0.18548548221588135
YDL022W,YDR373W,0,6.1295624,0.2874711751937866,0.7405940890312195,0.18558558821678162
YOL077W-A,YGR124W,1,6.1222982,0.2877449095249176,0.7415841817855835,0.18558558821678162
YGR036C,YGR134W,0,6.1220818,0.28763440251350403,0.7415841817855835,0.1856856793165207
YOR317W,YJL192C,0,6.1202893,0.2875239849090576,0.7415841817855835,0.18578578531742096
YNL010W,YML049C,0,6.117791,0.28741365671157837,0.7415841817855835,0.18588589131832123
YDR411C,YNL259C,0,6.1161304,0.2873034179210663,0.7415841817855835,0.1859859824180603
YNL110C,YFR019W,0,6.1144247,0.287193238735199,0.7415841817855835,0.18608608841896057
YOL054W,YJR133W,0,6.104785,0.2870831787586212,0.7415841817855835,0.18618617951869965
YKL182W,YJL192C,0,6.1000547,0.28697317838668823,0.7415841817855835,0.18628628551959991
YBR128C,YBR093C,0,6.0957766,0.2868632674217224,0.7415841817855835,0.18638639152050018
YPR072W,YMR159C,0,6.0956845,0.28675344586372375,0.7415841817855835,0.18648648262023926
YDR082W,YHR082C,0,6.094302,0.28664371371269226,0.7415841817855835,0.18658658862113953
YGL094C,YOR297C,0,6.0935974,0.28653404116630554,0.7415841817855835,0.1866866797208786
YLR103C,YGR179C,0,6.093177,0.2864244878292084,0.7415841817855835,0.18678678572177887
YLR024C,YLR306W,1,6.090846,0.28669723868370056,0.7425742745399475,0.18678678572177887
YDR172W,YEL030W,0,6.089671,0.2865876853466034,0.7425742745399475,0.18688689172267914
YDR429C,YDR470C,0,6.0884366,0.2864782214164734,0.7425742745399475,0.1869869828224182
YNL314W,YLR164W,0,6.0865374,0.28636884689331055,0.7425742745399475,0.18708708882331848
YGR036C,YDL216C,0,6.0856485,0.2862595319747925,0.7425742745399475,0.18718717992305756
YGR225W,YIL021W,0,6.085039,0.28615033626556396,0.7425742745399475,0.18728728592395782
YDR492W,YLR285W,0,6.0840964,0.2860412001609802,0.7425742745399475,0.1873873919248581
YJR032W,YBR145W,0,6.083235,0.28593215346336365,0.7425742745399475,0.18748748302459717
YBR195C,YIL134W,0,6.0785723,0.28582316637039185,0.7425742745399475,0.18758758902549744
YDL024C,YHR109W,0,6.078246,0.2857142984867096,0.7425742745399475,0.1876876950263977
YDR170C,YPL273W,0,6.071517,0.2856054902076721,0.7425742745399475,0.18778778612613678
YKR036C,YGL068W,0,6.0705347,0.2854967713356018,0.7425742745399475,0.18788789212703705
YLR206W,YDL083C,0,6.0704927,0.28538814187049866,0.7425742745399475,0.18798798322677612
YDR332W,YBL052C,0,6.067296,0.2852795720100403,0.7425742745399475,0.1880880892276764
YHR164C,YBR238C,0,6.06198,0.2851710915565491,0.7425742745399475,0.18818819522857666
YCL008C,YDL077C,0,6.061763,0.285062700510025,0.7425742745399475,0.18828828632831573
YGR288W,YBR120C,0,6.0557814,0.28495439887046814,0.7425742745399475,0.188388392329216
YLR203C,YGR246C,0,6.051694,0.2848461866378784,0.7425742745399475,0.18848848342895508
YDR518W,YCR011C,0,6.0513315,0.28473803400993347,0.7425742745399475,0.18858858942985535
YPL213W,YOL108C,0,6.04891,0.2846299707889557,0.7425742745399475,0.18868869543075562
YKL117W,YKL022C,0,6.047716,0.28452199697494507,0.7425742745399475,0.1887887865304947
YPR135W,YER019C-A,0,6.0463905,0.2844141125679016,0.7425742745399475,0.18888889253139496
YDR527W,YDR470C,0,6.0428076,0.28430628776550293,0.7425742745399475,0.18898898363113403
YER138C,YMR180C,0,6.0391817,0.2841985523700714,0.7425742745399475,0.1890890896320343
YLR024C,YKL210W,1,6.0385447,0.28446969389915466,0.7435643672943115,0.1890890896320343
YPR035W,YDR131C,0,6.0378103,0.28436198830604553,0.7435643672943115,0.18918919563293457
YOR388C,YPL110C,0,6.034799,0.2842543423175812,0.7435643672943115,0.18928928673267365
YOR274W,YER154W,0,6.030824,0.28414681553840637,0.7435643672943115,0.1893893927335739
YGL158W,YHR069C,0,6.024805,0.28403934836387634,0.7435643672943115,0.189489483833313
YBR020W,YDL061C,0,6.024279,0.2839319407939911,0.7435643672943115,0.18958958983421326
YOR339C,YMR022W,1,6.024203,0.28420257568359375,0.7445544600486755,0.18958958983421326
YPR167C,YFR018C,0,6.0205526,0.2840951979160309,0.7445544600486755,0.18968969583511353
YDR454C,YGL180W,0,6.020233,0.2839879095554352,0.7445544600486755,0.1897897869348526
YBL098W,YIL047C,0,6.015747,0.28388071060180664,0.7445544600486755,0.18988989293575287
YLR182W,YJL214W,0,6.0152507,0.2837735712528229,0.7445544600486755,0.18998998403549194
YFR021W,YPL083C,0,6.015031,0.28366655111312866,0.7445544600486755,0.1900900900363922
YGL141W,YNR016C,1,6.011291,0.28393664956092834,0.7455445528030396,0.1900900900363922
YOR388C,YFR036W,0,6.0093594,0.28382962942123413,0.7455445528030396,0.19019019603729248
YLR113W,YNR004W,0,6.0082912,0.2837226688861847,0.7455445528030396,0.19029028713703156
YIL009W,YBR115C,1,6.0025845,0.2839924693107605,0.7465346455574036,0.19029028713703156
YDR530C,YHR041C,0,6.001868,0.28388553857803345,0.7465346455574036,0.19039039313793182
YNL314W,YCR057C,0,6.001746,0.28377869725227356,0.7465346455574036,0.1904904842376709
YMR269W,YDL083C,0,6.0017166,0.28367194533348083,0.7465346455574036,0.19059059023857117
YOR074C,YDR404C,0,6.0004263,0.2835652530193329,0.7465346455574036,0.19069069623947144
YPR144C,YNR013C,0,6.0000196,0.2834586501121521,0.7465346455574036,0.1907907873392105
YDR170C,YMR186W,0,5.9976125,0.2833521366119385,0.7465346455574036,0.19089089334011078
YDR512C,YKR054C,0,5.99679,0.28324568271636963,0.7465346455574036,0.19099098443984985
YKL034W,YPR180W,1,5.9960594,0.2835148274898529,0.7475247383117676,0.19099098443984985
YKL117W,YER125W,0,5.9958587,0.28340840339660645,0.7475247383117676,0.19109109044075012
YDR059C,YNL262W,0,5.9951887,0.28330206871032715,0.7475247383117676,0.1911911964416504
YPL276W,YKL053C-A,0,5.9951425,0.2831957936286926,0.7475247383117676,0.19129128754138947
YDR167W,YJL172W,0,5.9943113,0.28308960795402527,0.7475247383117676,0.19139139354228973
YLR103C,YML030W,0,5.9940815,0.2829835116863251,0.7475247383117676,0.1914914846420288
YDL217C,YER055C,0,5.991557,0.28287747502326965,0.7475247383117676,0.19159159064292908
YIR039C,YCL032W,0,5.9903073,0.2827715277671814,0.7475247383117676,0.19169169664382935
YGR171C,YGL234W,1,5.988986,0.28304004669189453,0.7485148310661316,0.19169169664382935
YPL097W,YDR457W,1,5.9885864,0.28330838680267334,0.7495049238204956,0.19169169664382935
YMR089C,YAL054C,0,5.988039,0.2832023799419403,0.7495049238204956,0.19179178774356842
YMR203W,YCL025C,0,5.9875526,0.2830964922904968,0.7495049238204956,0.1918918937444687
YDR453C,YBR276C,0,5.987359,0.2829906642436981,0.7495049238204956,0.19199198484420776
YOL086C,YDL128W,0,5.986267,0.2828848958015442,0.7495049238204956,0.19209209084510803
YER151C,YEL056W,0,5.982508,0.2827792167663574,0.7495049238204956,0.1921921968460083
YNL202W,YPL087W,0,5.982234,0.2826736271381378,0.7495049238204956,0.19229228794574738
YLR295C,YOR377W,0,5.975897,0.2825681269168854,0.7495049238204956,0.19239239394664764
YNL052W,YHR109W,0,5.9756126,0.2824626863002777,0.7495049238204956,0.19249248504638672
YHR077C,YDR337W,0,5.975076,0.2823573350906372,0.7495049238204956,0.192592591047287
YLR029C,YJL178C,0,5.974839,0.2822520434856415,0.7495049238204956,0.19269269704818726
YAR002C-A,YGL113W,0,5.9673643,0.2821468412876129,0.7495049238204956,0.19279278814792633
YER175C,YPL188W,0,5.9615498,0.2820417284965515,0.7495049238204956,0.1928928941488266
YBR006W,YGL103W,0,5.961528,0.2819366753101349,0.7495049238204956,0.19299300014972687
YBR150C,YBL112C,0,5.9614763,0.2818317115306854,0.7495049238204956,0.19309309124946594
YJL187C,YNL138W,0,5.956851,0.2817268371582031,0.7495049238204956,0.1931931972503662
YDL097C,YOR123C,0,5.9555645,0.2816220223903656,0.7495049238204956,0.19329328835010529
YLR197W,YPR163C,0,5.954668,0.28151729702949524,0.7495049238204956,0.19339339435100555
YPL082C,YHR008C,0,5.9543667,0.28141263127326965,0.7495049238204956,0.19349350035190582
YJL029C,YDR332W,0,5.954303,0.28130805492401123,0.7495049238204956,0.1935935914516449
YDR411C,YPR159W,0,5.952065,0.28120356798171997,0.7495049238204956,0.19369369745254517
YDR263C,YGR264C,0,5.9508653,0.2810991406440735,0.7495049238204956,0.19379378855228424
YKR035W-A,YAL040C,0,5.946766,0.28099480271339417,0.7495049238204956,0.1938938945531845
YGL180W,YMR229C,0,5.94377,0.2808905243873596,0.7495049238204956,0.19399400055408478
YDL029W,YDL215C,0,5.941988,0.28078633546829224,0.7495049238204956,0.19409409165382385
YLR103C,YMR250W,0,5.9419827,0.280682235956192,0.7495049238204956,0.19419419765472412
YGR020C,YML128C,0,5.941369,0.2805781960487366,0.7495049238204956,0.1942942887544632
YLR197W,YLR130C,0,5.938868,0.2804742455482483,0.7495049238204956,0.19439439475536346
YBR222C,YOR241W,1,5.9387197,0.28074073791503906,0.7504950761795044,0.19439439475536346
YJR151C,YLR268W,0,5.93758,0.2806367874145508,0.7504950761795044,0.19449450075626373
YMR203W,YBL026W,0,5.9367,0.28053292632102966,0.7504950761795044,0.1945945918560028
YLR305C,YGR036C,0,5.931946,0.2804291546344757,0.7504950761795044,0.19469469785690308
YIL128W,YIR018W,0,5.931732,0.28032544255256653,0.7504950761795044,0.19479478895664215
YOL141W,YGR199W,0,5.930706,0.2802218198776245,0.7504950761795044,0.19489489495754242
YHR214C-B,YOR299W,0,5.9303236,0.28011825680732727,0.7504950761795044,0.1949950009584427
YBR195C,YPL183W-A,0,5.9261456,0.2800147831439972,0.7504950761795044,0.19509509205818176
YDL179W,YLR440C,0,5.9256535,0.2799113690853119,0.7504950761795044,0.19519519805908203
YLR244C,YDL024C,0,5.9231443,0.27980804443359375,0.7504950761795044,0.1952952891588211
YGR252W,YOL043C,0,5.921486,0.2797048091888428,0.7504950761795044,0.19539539515972137
YIL159W,YFR033C,0,5.921481,0.2796016335487366,0.7504950761795044,0.19549550116062164
YBR170C,YEL041W,0,5.9212866,0.27949851751327515,0.7504950761795044,0.19559559226036072
YGL233W,YOR349W,0,5.9204936,0.2793954908847809,0.7504950761795044,0.195695698261261
YLR386W,YGR214W,0,5.9203815,0.2792925536632538,0.7504950761795044,0.19579578936100006
YPR035W,YJR036C,1,5.9175787,0.279558002948761,0.7514851689338684,0.19579578936100006
YNL102W,YDR492W,0,5.9162064,0.2794550955295563,0.7514851689338684,0.19589589536190033
YMR146C,YGL019W,0,5.915811,0.27935221791267395,0.7514851689338684,0.1959960013628006
YGR238C,YGL169W,0,5.9147444,0.2792494595050812,0.7514851689338684,0.19609609246253967
YML032C,YLL004W,0,5.9124556,0.2791467308998108,0.7514851689338684,0.19619619846343994
YGR239C,YJR103W,0,5.911092,0.27904412150382996,0.7514851689338684,0.19629628956317902
YKL132C,YDL064W,1,5.910964,0.27930906414985657,0.7524752616882324,0.19629628956317902
YBR196C,YBR202W,0,5.9084206,0.27920645475387573,0.7524752616882324,0.19639639556407928
YOR335C,YIL083C,1,5.9064884,0.27947115898132324,0.7534653544425964,0.19639639556407928
YMR075W,YDR444W,0,5.9019046,0.2793685793876648,0.7534653544425964,0.19649650156497955
YIL030C,YDR390C,1,5.9010553,0.2796330153942108,0.7544554471969604,0.19649650156497955
YPL082C,YOR313C,0,5.8993826,0.27953043580055237,0.7544554471969604,0.19659659266471863
YPR191W,YAL040C,0,5.8988194,0.2794279456138611,0.7544554471969604,0.1966966986656189
YJR138W,YER175C,0,5.897723,0.2793255150318146,0.7544554471969604,0.19679678976535797
YGL236C,YPR002W,0,5.8973227,0.27922314405441284,0.7544554471969604,0.19689689576625824
YMR319C,YKR002W,0,5.8941193,0.27912089228630066,0.7544554471969604,0.1969970017671585
YDR026C,YMR246W,0,5.8918543,0.27901867032051086,0.7544554471969604,0.19709709286689758
YOR054C,YJL134W,0,5.8880167,0.27891653776168823,0.7544554471969604,0.19719719886779785
YMR039C,YDL148C,0,5.881318,0.27881449460983276,0.7544554471969604,0.19729728996753693
YMR078C,YNL147W,0,5.8760004,0.27871251106262207,0.7544554471969604,0.1973973959684372
YPL003W,YEL012W,1,5.865081,0.2789762318134308,0.7554455399513245,0.1973973959684372
YLR314C,YLR029C,0,5.8616276,0.2788742780685425,0.7554455399513245,0.19749750196933746
YNL016W,YJR133W,0,5.86147,0.27877238392829895,0.7554455399513245,0.19759759306907654
YOR212W,YPR204W,0,5.858805,0.2786705493927002,0.7554455399513245,0.1976976990699768
YDR414C,YDL035C,0,5.8575,0.278568834066391,0.7554455399513245,0.19779780507087708
YJR006W,YKL003C,0,5.856391,0.2784671485424042,0.7554455399513245,0.19789789617061615
YGR077C,YOR025W,0,5.8533497,0.2783655524253845,0.7554455399513245,0.19799800217151642
YGR167W,YNL202W,0,5.8517733,0.27826404571533203,0.7554455399513245,0.1980980932712555
YFL014W,YKL166C,0,5.850148,0.2781625986099243,0.7554455399513245,0.19819819927215576
YMR182C,YLR344W,0,5.8498135,0.2780612111091614,0.7554455399513245,0.19829830527305603
YJL060W,YKL144C,0,5.8417993,0.2779599130153656,0.7554455399513245,0.1983983963727951
YFL057C,YMR038C,0,5.8368416,0.277858704328537,0.7554455399513245,0.19849850237369537
YOL124C,YIR032C,0,5.835522,0.27775755524635315,0.7554455399513245,0.19859859347343445
YKR103W,YDR492W,0,5.835392,0.2776564657688141,0.7554455399513245,0.19869869947433472
YGR268C,YKL203C,0,5.8335414,0.2775554656982422,0.7554455399513245,0.19879880547523499
YFR031C,YFR036W,0,5.830675,0.27745455503463745,0.7554455399513245,0.19889889657497406
YDR233C,YPL007C,0,5.8287945,0.2773537039756775,0.7554455399513245,0.19899900257587433
YDR351W,YPL119C,0,5.8276167,0.2772529125213623,0.7554455399513245,0.1990990936756134
YNL095C,YBR243C,0,5.823243,0.2771522104740143,0.7554455399513245,0.19919919967651367
YJL141C,YNL016W,0,5.820245,0.27705156803131104,0.7554455399513245,0.19929930567741394
YER050C,YDR195W,0,5.8191395,0.27695098519325256,0.7554455399513245,0.19939939677715302
YFL038C,YPL094C,0,5.8184385,0.27685052156448364,0.7554455399513245,0.19949950277805328
YDL206W,YBR187W,0,5.8181105,0.2767500877380371,0.7554455399513245,0.19959959387779236
YGR184C,YLR295C,1,5.814415,0.27701231837272644,0.7564356327056885,0.19959959387779236
YLR228C,YOR162C,0,5.811372,0.2769119143486023,0.7564356327056885,0.19969969987869263
YEL036C,YLR270W,0,5.8090467,0.2768115997314453,0.7564356327056885,0.1997998058795929
YJR083C,YDR062W,0,5.8059225,0.2767113447189331,0.7564356327056885,0.19989989697933197
YLR153C,YMR207C,1,5.80556,0.2769732177257538,0.7574257254600525,0.19989989697933197
YOR215C,YBR127C,1,5.804666,0.27723488211631775,0.7584158182144165,0.19989989697933197
YMR173W,YML132W,0,5.8024864,0.27713459730148315,0.7584158182144165,0.20000000298023224
YDL217C,YBR128C,0,5.801414,0.27703437209129333,0.7584158182144165,0.2001000940799713
YDR409W,YIL083C,1,5.7987146,0.2772957384586334,0.7594059109687805,0.2001000940799713
YPR182W,YAL063C,0,5.7972603,0.2771955132484436,0.7594059109687805,0.20020020008087158
YOR303W,YGL062W,1,5.7957115,0.2774566411972046,0.7603960633277893,0.20020020008087158
YGR113W,YCL008C,0,5.794213,0.27735644578933716,0.7603960633277893,0.20030030608177185
YBR278W,YJR082C,0,5.7939153,0.2772563099861145,0.7603960633277893,0.20040039718151093
YCL057W,YEL029C,0,5.7928467,0.277156263589859,0.7603960633277893,0.2005005031824112
YIL132C,YFL017W-A,0,5.7916565,0.2770562767982483,0.7603960633277893,0.20060059428215027
YLR429W,YDR497C,0,5.791181,0.27695637941360474,0.7603960633277893,0.20070070028305054
YEL040W,YJL128C,0,5.790613,0.27685651183128357,0.7603960633277893,0.2008008062839508
YJR119C,YDL040C,0,5.789477,0.27675676345825195,0.7603960633277893,0.20090089738368988
YMR295C,YOL062C,0,5.7882185,0.2766570746898651,0.7603960633277893,0.20100100338459015
YDR059C,YDR377W,1,5.7862325,0.27691754698753357,0.7613861560821533,0.20100100338459015
YBR282W,YDR381C-A,0,5.7832747,0.27681785821914673,0.7613861560821533,0.20110109448432922
YJR151C,YKL064W,0,5.7827425,0.27671825885772705,0.7613861560821533,0.2012012004852295
YLL008W,YKL206C,0,5.7813954,0.27661871910095215,0.7613861560821533,0.20130130648612976
YOR287C,YKR006C,0,5.7811728,0.276519238948822,0.7613861560821533,0.20140139758586884
YDR030C,YJL134W,0,5.780001,0.27641984820365906,0.7613861560821533,0.2015015035867691
YMR304W,YDR508C,0,5.7764435,0.27632051706314087,0.7613861560821533,0.20160159468650818
YGL051W,YHR051W,0,5.776078,0.27622127532958984,0.7613861560821533,0.20170170068740845
YDR207C,YLR301W,0,5.7749023,0.2761220932006836,0.7613861560821533,0.20180180668830872
YLR386W,YNL175C,0,5.7739515,0.2760229706764221,0.7613861560821533,0.2019018977880478
YOL141W,YIL094C,0,5.771474,0.2759239375591278,0.7613861560821533,0.20200200378894806
YGR052W,YLR029C,0,5.771137,0.27582496404647827,0.7613861560821533,0.20210209488868713
YBL052C,YJR034W,0,5.7632627,0.2757260799407959,0.7613861560821533,0.2022022008895874
YMR210W,YNL080C,0,5.763129,0.2756272256374359,0.7613861560821533,0.20230230689048767
YGL237C,YPL042C,0,5.761988,0.2755284905433655,0.7613861560821533,0.20240239799022675
YOL049W,YOR142W,1,5.7618866,0.27578797936439514,0.7623762488365173,0.20240239799022675
YPL134C,YBR067C,0,5.7614765,0.2756892144680023,0.7623762488365173,0.20250250399112701
YMR284W,YJL128C,0,5.760264,0.27559053897857666,0.7623762488365173,0.20260260999202728
YDL141W,YDR409W,1,5.7577157,0.27584972977638245,0.7633663415908813,0.20260260999202728
YOR313C,YKL095W,0,5.757179,0.2757510840892792,0.7633663415908813,0.20270270109176636
YIL006W,YMR193W,0,5.756997,0.2756524980068207,0.7633663415908813,0.20280280709266663
YJL087C,YER052C,0,5.7565556,0.27555397152900696,0.7633663415908813,0.2029028981924057
YOL010W,YGR133W,1,5.7550592,0.2758128046989441,0.7643564343452454,0.2029028981924057
YPR026W,YDR211W,0,5.7531924,0.27571427822113037,0.7643564343452454,0.20300300419330597
YLR452C,YKL171W,0,5.7514677,0.2756158411502838,0.7643564343452454,0.20310311019420624
YOR304C-A,YGL148W,0,5.750121,0.2755174934864044,0.7643564343452454,0.2032032012939453
YEL069C,YDR083W,0,5.7492514,0.2754192054271698,0.7643564343452454,0.20330330729484558
YKL217W,YJL079C,0,5.74909,0.27532097697257996,0.7643564343452454,0.20340339839458466
YLR312W-A,YNL147W,0,5.7489767,0.2752228081226349,0.7643564343452454,0.20350350439548492
YOL026C,YDR353W,0,5.748088,0.275124728679657,0.7643564343452454,0.2036036103963852
YOR301W,YGR077C,0,5.747359,0.27502670884132385,0.7643564343452454,0.20370370149612427
YGR077C,YCR087C-A,0,5.746893,0.2749287784099579,0.7643564343452454,0.20380380749702454
YJL130C,YEL019C,1,5.738929,0.2751868963241577,0.7653465270996094,0.20380380749702454
YDR313C,YKL034W,1,5.738813,0.2754448354244232,0.7663366198539734,0.20380380749702454
YKL090W,YJL053W,0,5.7383404,0.2753468453884125,0.7663366198539734,0.2039038985967636
YDR423C,YBR115C,0,5.737184,0.2752489447593689,0.7663366198539734,0.20400400459766388
YER090W,YDR332W,0,5.7365484,0.2751510739326477,0.7663366198539734,0.20410411059856415
YPR091C,YAL029C,0,5.735182,0.2750532925128937,0.7663366198539734,0.20420420169830322
YKL090W,YDR196C,0,5.7351694,0.2749556005001068,0.7663366198539734,0.2043043076992035
YDR242W,YHR074W,1,5.7345037,0.2752130627632141,0.7673267126083374,0.2043043076992035
YLR208W,YHR119W,0,5.7342043,0.27511537075042725,0.7673267126083374,0.20440439879894257
YLR050C,YLR348C,0,5.7337894,0.27501773834228516,0.7673267126083374,0.20450450479984283
YKL020C,YPR163C,0,5.733614,0.27492019534111023,0.7673267126083374,0.2046046108007431
YNL044W,YNL032W,0,5.733221,0.2748226821422577,0.7673267126083374,0.20470470190048218
YLR300W,YKL053C-A,0,5.731535,0.2747252881526947,0.7673267126083374,0.20480480790138245
YOR351C,YBR061C,0,5.727929,0.2746279239654541,0.7673267126083374,0.20490489900112152
YDR196C,YGL050W,0,5.727801,0.27453064918518066,0.7673267126083374,0.2050050050020218
YML049C,YKL067W,0,5.7265396,0.274433434009552,0.7673267126083374,0.20510511100292206
YLL040C,YPR043W,0,5.726324,0.2743362784385681,0.7673267126083374,0.20520520210266113
YHR175W,YGR276C,0,5.724245,0.2742392122745514,0.7673267126083374,0.2053053081035614
YOL165C,YJR053W,0,5.7225027,0.27414220571517944,0.7673267126083374,0.20540539920330048
YMR145C,YJR101W,0,5.7224336,0.27404525876045227,0.7673267126083374,0.20550550520420074
YOL141W,YLR270W,0,5.721535,0.27394840121269226,0.7673267126083374,0.205605611205101
YML028W,YMR115W,0,5.7204237,0.273851603269577,0.7673267126083374,0.2057057023048401
YMR087W,YJL130C,0,5.7187576,0.27375486493110657,0.7673267126083374,0.20580580830574036
YCR093W,YLR009W,0,5.7144547,0.2736581861972809,0.7673267126083374,0.20590589940547943
YGL200C,YHR058C,0,5.7139387,0.27356159687042236,0.7673267126083374,0.2060060054063797
YDR146C,YOR187W,0,5.7121873,0.2734650671482086,0.7673267126083374,0.20610611140727997
YPL276W,YDL015C,0,5.7109346,0.27336859703063965,0.7673267126083374,0.20620620250701904
YGL180W,YGL190C,0,5.7101564,0.27327221632003784,0.7673267126083374,0.2063063085079193
YLR312W-A,YGL010W,0,5.7092695,0.2731758952140808,0.7673267126083374,0.2064063996076584
YMR193W,YJR112W,0,5.708502,0.27307963371276855,0.7673267126083374,0.20650650560855865
YNL258C,YIL133C,0,5.7063007,0.2729834318161011,0.7673267126083374,0.20660661160945892
YPL276W,YOL108C,0,5.7058353,0.27288731932640076,0.7673267126083374,0.206706702709198
YIL170W,YER002W,0,5.705302,0.2727912664413452,0.7673267126083374,0.20680680871009827
YCL074W,YOR008C,0,5.7037745,0.27269527316093445,0.7673267126083374,0.20690689980983734
YBR080C,YHR008C,0,5.7037597,0.27259936928749084,0.7673267126083374,0.2070070058107376
YIL009W,YOR317W,1,5.701833,0.27285513281822205,0.7683168053627014,0.2070070058107376
YIL035C,YFR052W,0,5.6983013,0.27275922894477844,0.7683168053627014,0.20710711181163788
YLL041C,YPL218W,0,5.6977544,0.2726633846759796,0.7683168053627014,0.20720720291137695
YBR066C,YHR175W,0,5.6968555,0.27256762981414795,0.7683168053627014,0.20730730891227722
YNR074C,YPL188W,0,5.6948576,0.27247190475463867,0.7683168053627014,0.2074074000120163
YKL210W,YOL028C,0,5.6942434,0.27237626910209656,0.7683168053627014,0.20750750601291656
YIL143C,YIR011C,0,5.6936283,0.2722806930541992,0.7683168053627014,0.20760761201381683
YDR226W,YOR123C,0,5.6935787,0.27218520641326904,0.7683168053627014,0.2077077031135559
YEL036C,YCR057C,0,5.6904163,0.27208974957466125,0.7683168053627014,0.20780780911445618
YDR411C,YJL213W,0,5.688878,0.27199438214302063,0.7683168053627014,0.20790791511535645
YBR125C,YAL063C,0,5.6886787,0.2718990743160248,0.7683168053627014,0.20800800621509552
YOR378W,YGR239C,0,5.6865206,0.2718038558959961,0.7683168053627014,0.2081081122159958
YFL033C,YOR230W,0,5.68593,0.2717086970806122,0.7683168053627014,0.20820820331573486
YLR316C,YLR348C,0,5.683751,0.27161356806755066,0.7683168053627014,0.20830830931663513
YDR090C,YMR075W,0,5.6824903,0.2715185582637787,0.7683168053627014,0.2084084153175354
YMR078C,YNL259C,0,5.68043,0.2714235782623291,0.7683168053627014,0.20850850641727448
YMR180C,YOL026C,0,5.6796613,0.2713286578655243,0.7683168053627014,0.20860861241817474
YLR219W,YBL011W,0,5.67946,0.27123382687568665,0.7683168053627014,0.20870870351791382
YMR005W,YKL117W,0,5.6783247,0.2711390554904938,0.7683168053627014,0.2088088095188141
YNL335W,YPL093W,0,5.677134,0.27104437351226807,0.7683168053627014,0.20890891551971436
YBR260C,YLR191W,0,5.6754,0.27094972133636475,0.7683168053627014,0.20900900661945343
YDL028C,YKR069W,0,5.6720405,0.2708551585674286,0.7683168053627014,0.2091091126203537
YBR276C,YMR296C,0,5.671901,0.2707606554031372,0.7683168053627014,0.20920920372009277
YMR319C,YMR273C,0,5.670688,0.2706662118434906,0.7683168053627014,0.20930930972099304
YDR351W,YDL217C,0,5.6682577,0.27057182788848877,0.7683168053627014,0.2094094157218933
YPL099C,YOR209C,0,5.6671453,0.2704775035381317,0.7683168053627014,0.20950950682163239
YDL227C,YIL177C,0,5.6655145,0.2703832685947418,0.7683168053627014,0.20960961282253265
YOL141W,YER101C,0,5.665405,0.2702890932559967,0.7683168053627014,0.20970970392227173
YOR287C,YER087W,0,5.664301,0.27019497752189636,0.7683168053627014,0.209809809923172
YPL180W,YDL227C,0,5.6629205,0.2701009511947632,0.7683168053627014,0.20990991592407227
YBR118W,YLR197W,0,5.6619215,0.2700069546699524,0.7683168053627014,0.21001000702381134
YNR074C,YEL070W,0,5.661478,0.26991304755210876,0.7683168053627014,0.2101101130247116
YPL064C,YAR002C-A,0,5.659098,0.2698192000389099,0.7683168053627014,0.21021020412445068
YHR030C,YBR059C,0,5.656928,0.26972541213035583,0.7683168053627014,0.21031031012535095
YOR377W,YER074W,0,5.6545477,0.26963168382644653,0.7683168053627014,0.21041041612625122
YGL162W,YKR068C,0,5.652501,0.2695380449295044,0.7683168053627014,0.2105105072259903
YML028W,YNL138W,0,5.650031,0.26944443583488464,0.7683168053627014,0.21061061322689056
YDR530C,YOR089C,0,5.649617,0.26935091614723206,0.7683168053627014,0.21071070432662964
YBR145W,YCL026C-B,0,5.6481853,0.26925745606422424,0.7683168053627014,0.2108108103275299
YDR079W,YLR251W,0,5.647642,0.2691640555858612,0.7683168053627014,0.21091091632843018
YGL200C,YER115C,0,5.6465826,0.26907074451446533,0.7683168053627014,0.21101100742816925
YMR267W,YHL027W,0,5.6457005,0.26897746324539185,0.7683168053627014,0.21111111342906952
YNL117W,YNL290W,0,5.6438293,0.2688842713832855,0.7683168053627014,0.2112112045288086
YER103W,YMR229C,0,5.6429353,0.268791139125824,0.7683168053627014,0.21131131052970886
YDR196C,YNR018W,0,5.6416264,0.2686980664730072,0.7683168053627014,0.21141141653060913
YGR118W,YMR143W,0,5.640419,0.2686050534248352,0.7683168053627014,0.2115115076303482
YJR004C,YIL140W,0,5.640277,0.268512099981308,0.7683168053627014,0.21161161363124847
YOR145C,YMR054W,0,5.6384087,0.2684192359447479,0.7683168053627014,0.21171170473098755
YBR096W,YOR285W,0,5.6304035,0.26832643151283264,0.7683168053627014,0.21181181073188782
YML049C,YHR059W,0,5.629667,0.26823365688323975,0.7683168053627014,0.21191191673278809
YGR094W,YDR457W,1,5.629245,0.26848652958869934,0.7693069577217102,0.21191191673278809
YLR429W,YGR271W,0,5.6288333,0.26839378476142883,0.7693069577217102,0.21201200783252716
YPL104W,YBL052C,0,5.6266356,0.2683010995388031,0.7693069577217102,0.21211211383342743
YMR112C,YMR193W,0,5.6167383,0.26820850372314453,0.7693069577217102,0.2122122049331665
YPL240C,YKR102W,0,5.615505,0.26811593770980835,0.7693069577217102,0.21231231093406677
YIL002C,YNL298W,0,5.6151586,0.26802346110343933,0.7693069577217102,0.21241241693496704
YMR172W,YGR070W,0,5.614808,0.2679310441017151,0.7693069577217102,0.21251250803470612
YAR002C-A,YOL093W,0,5.6144476,0.2678386867046356,0.7693069577217102,0.21261261403560638
YOR209C,YER100W,1,5.6100674,0.26809096336364746,0.7702970504760742,0.21261261403560638
YKL013C,YDR403W,0,5.6099544,0.2679986357688904,0.7702970504760742,0.21271272003650665
YLR270W,YBL068W,0,5.6099386,0.2679063379764557,0.7702970504760742,0.21281281113624573
YGL203C,YLR160C,0,5.6097293,0.26781409978866577,0.7702970504760742,0.212912917137146
YHR132C,YBR276C,0,5.6089497,0.267721951007843,0.7702970504760742,0.21301300823688507
YLL034C,YPR002W,0,5.6077857,0.26762986183166504,0.7702970504760742,0.21311311423778534
YOL086C,YER022W,0,5.6075764,0.26753783226013184,0.7702970504760742,0.2132132202386856
YMR089C,YIL140W,0,5.6056204,0.2674458622932434,0.7702970504760742,0.21331331133842468
YOL066C,YFR031C,0,5.604809,0.26735395193099976,0.7702970504760742,0.21341341733932495
YKL201C,YPR159W,0,5.604389,0.2672621011734009,0.7702970504760742,0.21351350843906403
YPR001W,YGR214W,0,5.603337,0.26717033982276917,0.7702970504760742,0.2136136144399643
YPL083C,YBR276C,0,5.6022105,0.26707860827445984,0.7702970504760742,0.21371372044086456
YBL076C,YNL073W,1,5.6015444,0.267330139875412,0.7712871432304382,0.21371372044086456
YLR380W,YLR160C,0,5.6011863,0.26723840832710266,0.7712871432304382,0.21381381154060364
YJR078W,YLL040C,0,5.5981393,0.2671467661857605,0.7712871432304382,0.2139139175415039
YGR070W,YKL003C,0,5.5959578,0.2670551836490631,0.7712871432304382,0.21401400864124298
YKL144C,YIR039C,0,5.594478,0.2669636607170105,0.7712871432304382,0.21411411464214325
YDL111C,YOR008C,0,5.593891,0.26687222719192505,0.7712871432304382,0.21421422064304352
YKL009W,YBL029C-A,0,5.59361,0.266780823469162,0.7712871432304382,0.2143143117427826
YPL223C,YML099C,0,5.593066,0.2666894793510437,0.7712871432304382,0.21441441774368286
YLR060W,YNR057C,1,5.591866,0.2669404447078705,0.7722772359848022,0.21441441774368286
YGR143W,YJR112W,0,5.5901403,0.2668491303920746,0.7722772359848022,0.21451450884342194
YMR093W,YMR193W,0,5.5897584,0.26675787568092346,0.7722772359848022,0.2146146148443222
YJR138W,YGR032W,0,5.589004,0.2666666805744171,0.7722772359848022,0.21471472084522247
YGR180C,YBR129C,0,5.5862393,0.26657551527023315,0.7722772359848022,0.21481481194496155
YML056C,YCR026C,0,5.5826726,0.26648446917533875,0.7722772359848022,0.21491491794586182
YOR230W,YPR138C,0,5.579696,0.2663934528827667,0.7722772359848022,0.2150150090456009
YJL005W,YDR492W,0,5.5790963,0.2663024961948395,0.7722772359848022,0.21511511504650116
YNL231C,YHR069C,0,5.578972,0.266211599111557,0.7722772359848022,0.21521522104740143
YJL114W,YOR349W,0,5.5773444,0.2661207914352417,0.7722772359848022,0.2153153121471405
YMR269W,YLR163C,0,5.5741496,0.2660300135612488,0.7722772359848022,0.21541541814804077
YDR137W,YLR130C,0,5.5739717,0.265939325094223,0.7722772359848022,0.21551550924777985
YER185W,YPR002W,0,5.573138,0.26584866642951965,0.7722772359848022,0.21561561524868011
YMR049C,YMR034C,0,5.5720735,0.26575809717178345,0.7722772359848022,0.21571572124958038
YOR378W,YDR222W,0,5.5706253,0.265667587518692,0.7722772359848022,0.21581581234931946
YNL016W,YDR109C,0,5.5705023,0.265577107667923,0.7722772359848022,0.21591591835021973
YDL171C,YLR050C,0,5.564843,0.2654867172241211,0.7722772359848022,0.2160160094499588
YGR144W,YJR057W,0,5.5634785,0.265396386384964,0.7722772359848022,0.21611611545085907
YMR008C,YLR163C,0,5.562041,0.26530611515045166,0.7722772359848022,0.21621622145175934
YPR030W,YJL176C,0,5.5559053,0.2652159035205841,0.7722772359848022,0.2163163125514984
YJR040W,YLR153C,0,5.555764,0.26512575149536133,0.7722772359848022,0.21641641855239868
YBR118W,YOR338W,0,5.5554876,0.2650356888771057,0.7722772359848022,0.21651650965213776
YML051W,YKL038W,0,5.5554867,0.2649456560611725,0.7722772359848022,0.21661661565303802
YGR185C,YPL234C,1,5.5547886,0.26519525051116943,0.7732673287391663,0.21661661565303802
YER125W,YLR025W,0,5.5538073,0.2651052176952362,0.7732673287391663,0.2167167216539383
YGL062W,YDR404C,0,5.5525856,0.26501527428627014,0.7732673287391663,0.21681681275367737
YGL158W,YDR167W,0,5.551897,0.26492536067962646,0.7732673287391663,0.21691691875457764
YGR155W,YDR062W,0,5.5501018,0.26483553647994995,0.7732673287391663,0.2170170098543167
YOL124C,YNL016W,0,5.5491543,0.2647457718849182,0.7732673287391663,0.21711711585521698
YDR233C,YAL029C,0,5.5487556,0.26465603709220886,0.7732673287391663,0.21721722185611725
YDR416W,YNL239W,0,5.548362,0.2645663917064667,0.7732673287391663,0.21731731295585632
YEL053C,YHR057C,0,5.5425377,0.26447680592536926,0.7732673287391663,0.2174174189567566
YCR012W,YMR229C,0,5.541701,0.2643872797489166,0.7732673287391663,0.21751752495765686
YOR230W,YKR068C,0,5.5415087,0.26429781317710876,0.7732673287391663,0.21761761605739594
YOL054W,YJR103W,0,5.5414147,0.2642083764076233,0.7732673287391663,0.2177177220582962
YOR071C,YLR268W,0,5.5404058,0.264119029045105,0.7732673287391663,0.21781781315803528
YDL198C,YMR270C,0,5.5402703,0.26402974128723145,0.7732673287391663,0.21791791915893555
YER049W,YIL083C,0,5.539264,0.2639405131340027,0.7732673287391663,0.21801802515983582
YNL008C,YER154W,0,5.53862,0.2638513445854187,0.7732673287391663,0.2181181162595749
YOR176W,YBL098W,0,5.537481,0.2637622356414795,0.7732673287391663,0.21821822226047516
YGL122C,YKL205W,0,5.5370374,0.26367318630218506,0.7732673287391663,0.21831831336021423
YOL112W,YPL093W,0,5.534899,0.2635841965675354,0.7732673287391663,0.2184184193611145
YBR195C,YNL044W,0,5.533841,0.2634952664375305,0.7732673287391663,0.21851852536201477
YBR118W,YNL050C,0,5.5275936,0.2634063959121704,0.7732673287391663,0.21861861646175385
YGL244W,YCR011C,0,5.527337,0.2633175849914551,0.7732673287391663,0.2187187224626541
YML112W,YJR034W,0,5.526923,0.2632288634777069,0.7732673287391663,0.2188188135623932
YMR241W,YEL041W,0,5.526468,0.26314017176628113,0.7732673287391663,0.21891891956329346
YOR239W,YBR243C,0,5.5261135,0.2630515396595001,0.7732673287391663,0.21901902556419373
YLL012W,YOR294W,0,5.523651,0.2629629671573639,0.7732673287391663,0.2191191166639328
YJL117W,YCL032W,0,5.523317,0.26287445425987244,0.7732673287391663,0.21921922266483307
YKL171W,YKL096W-A,0,5.521928,0.26278600096702576,0.7732673287391663,0.21931931376457214
YHR132C,YPR001W,0,5.5218177,0.26269760727882385,0.7732673287391663,0.2194194197654724
YDL121C,YLR401C,0,5.515964,0.2626092731952667,0.7732673287391663,0.21951952576637268
YKR055W,YGL200C,0,5.5156035,0.26252099871635437,0.7732673287391663,0.21961961686611176
YDL029W,YER074W,0,5.515119,0.2624327838420868,0.7732673287391663,0.21971972286701202
YMR087W,YPL007C,0,5.5141115,0.262344628572464,0.7732673287391663,0.2198198139667511
YGR020C,YNL290W,0,5.511037,0.26225656270980835,0.7732673287391663,0.21991991996765137
YJL130C,YOR241W,1,5.5053988,0.2625041902065277,0.7742574214935303,0.21991991996765137
YKL009W,YMR272C,0,5.5010996,0.2624160945415497,0.7742574214935303,0.22002002596855164
YJL191W,YKR102W,0,5.495908,0.2623280882835388,0.7742574214935303,0.2201201170682907
YBR238C,YPL093W,0,5.4956093,0.26224011182785034,0.7742574214935303,0.22022022306919098
YFR013W,YMR300C,0,5.494483,0.26215219497680664,0.7742574214935303,0.22032031416893005
YGR056W,YJR004C,0,5.494115,0.2620643377304077,0.7742574214935303,0.22042042016983032
YPR167C,YDR079W,0,5.4904923,0.26197654008865356,0.7742574214935303,0.2205205261707306
YDR240C,YHR057C,0,5.4856625,0.2618888020515442,0.7742574214935303,0.22062061727046967
YJR021C,YDR109C,0,5.4849625,0.2618011236190796,0.7742574214935303,0.22072072327136993
YIL142W,YDR497C,0,5.4847174,0.26171353459358215,0.7742574214935303,0.220820814371109
YAL031C,YIR032C,0,5.4737062,0.2616259753704071,0.7742574214935303,0.22092092037200928
YMR241W,YGR171C,0,5.4736004,0.26153847575187683,0.7742574214935303,0.22102102637290955
YPR167C,YJR057W,0,5.472732,0.26145100593566895,0.7742574214935303,0.22112111747264862
YFL033C,YCL057W,0,5.467279,0.2613636255264282,0.7742574214935303,0.2212212234735489
YDR419W,YLR285W,0,5.4667726,0.2612763047218323,0.7742574214935303,0.22132131457328796
YEL036C,YMR186W,0,5.4655743,0.2611890435218811,0.7742574214935303,0.22142142057418823
YKL041W,YBR059C,0,5.464829,0.2611018419265747,0.7742574214935303,0.2215215265750885
YOR098C,YHR057C,0,5.463452,0.2610146999359131,0.7742574214935303,0.22162161767482758
YLR203C,YPR159W,0,5.461409,0.26092758774757385,0.7742574214935303,0.22172172367572784
YKL166C,YLR359W,0,5.458729,0.2608405649662018,0.7742574214935303,0.22182181477546692
YMR284W,YGL256W,0,5.4569902,0.2607535719871521,0.7742574214935303,0.2219219207763672
YDL061C,YDR429C,0,5.45362,0.2606666684150696,0.7742574214935303,0.22202202677726746
YKL090W,YDR034C,0,5.447251,0.26057979464530945,0.7742574214935303,0.22212211787700653
YCL014W,YCL034W,0,5.4455986,0.2604930102825165,0.7742574214935303,0.2222222238779068
YBR274W,YKL165C,0,5.445241,0.2604062557220459,0.7742574214935303,0.22232231497764587
YLL045C,YKR006C,0,5.4451017,0.2603195607662201,0.7742574214935303,0.22242242097854614
YMR054W,YOL124C,0,5.444404,0.26023295521736145,0.7742574214935303,0.2225225269794464
YOR291W,YHR135C,0,5.4373713,0.2601463794708252,0.7742574214935303,0.22262261807918549
YLR244C,YMR159C,0,5.4349613,0.2600598633289337,0.7742574214935303,0.22272272408008575
YPR194C,YPL127C,0,5.4315863,0.259973406791687,0.7742574214935303,0.22282283008098602
YHR030C,YJL029C,0,5.4314737,0.2598870098590851,0.7742574214935303,0.2229229211807251
YJR092W,YDR233C,0,5.430849,0.25980067253112793,0.7742574214935303,0.22302302718162537
YBR067C,YPL196W,0,5.4303846,0.25971439480781555,0.7742574214935303,0.22312311828136444
YER151C,YNL208W,0,5.4295835,0.25962814688682556,0.7742574214935303,0.2232232242822647
YPR113W,YJL130C,0,5.429039,0.25954198837280273,0.7742574214935303,0.22332333028316498
YDL171C,YGR095C,0,5.4284234,0.2594558596611023,0.7742574214935303,0.22342342138290405
YLL003W,YHR051W,0,5.427816,0.259369820356369,0.7742574214935303,0.22352352738380432
YEL053C,YBR187W,0,5.427424,0.25928381085395813,0.7742574214935303,0.2236236184835434
YJL034W,YFR033C,0,5.4267464,0.2591978907585144,0.7742574214935303,0.22372372448444366
YNL314W,YJL066C,0,5.4249034,0.25911200046539307,0.7742574214935303,0.22382383048534393
YPL078C,YNL335W,0,5.4201126,0.2590261697769165,0.7742574214935303,0.223923921585083
YPR144C,YJL130C,0,5.416806,0.2589403986930847,0.7742574214935303,0.22402402758598328
YDR196C,YBR020W,0,5.4124646,0.2588546872138977,0.7742574214935303,0.22412411868572235
YGR089W,YGL259W,0,5.4111977,0.25876903533935547,0.7742574214935303,0.22422422468662262
YPL274W,YGL148W,0,5.4047217,0.2586834132671356,0.7742574214935303,0.2243243306875229
YDR167W,YBL029C-A,0,5.403144,0.25859788060188293,0.7742574214935303,0.22442442178726196
YER185W,YGL226C-A,0,5.39685,0.258512407541275,0.7742574214935303,0.22452452778816223
YJR040W,YGL071W,0,5.389127,0.2584269642829895,0.7742574214935303,0.2246246188879013
YNL085W,YCL014W,0,5.3872294,0.25834158062934875,0.7742574214935303,0.22472472488880157
YMR025W,YPL196W,0,5.386545,0.25825628638267517,0.7742574214935303,0.22482483088970184
YIL145C,YNR057C,1,5.383121,0.2585011422634125,0.7752475142478943,0.22482483088970184
YDR371W,YFL048C,0,5.3810844,0.2584158480167389,0.7752475142478943,0.22492492198944092
YOR297C,YLR163C,0,5.3792853,0.2583305835723877,0.7752475142478943,0.2250250279903412
YBR059C,YNL182C,0,5.3781877,0.2582453787326813,0.7752475142478943,0.22512511909008026
YER008C,YBL029C-A,0,5.375288,0.25816023349761963,0.7752475142478943,0.22522522509098053
YGR081C,YMR025W,0,5.3742504,0.25807514786720276,0.7752475142478943,0.2253253310918808
YEL031W,YJL200C,0,5.373711,0.25799012184143066,0.7752475142478943,0.22542542219161987
YJR070C,YGL071W,0,5.371476,0.25790512561798096,0.7752475142478943,0.22552552819252014
YGR179C,YBR276C,0,5.371249,0.2578202188014984,0.7752475142478943,0.22562561929225922
YKR036C,YPL218W,0,5.3709607,0.25773534178733826,0.7752475142478943,0.22572572529315948
YMR097C,YPL093W,0,5.3695164,0.25765055418014526,0.7752475142478943,0.22582583129405975
YDL246C,YOR209C,0,5.3687572,0.25756579637527466,0.7752475142478943,0.22592592239379883
YLR285W,YDL225W,0,5.3667016,0.25748109817504883,0.7752475142478943,0.2260260283946991
YNL191W,YJR036C,1,5.365577,0.25772517919540405,0.7762376070022583,0.2260260283946991
YBL028C,YPR006C,0,5.3632884,0.2576404809951782,0.7762376070022583,0.22612611949443817
YOL112W,YLR380W,0,5.3600903,0.25755584239959717,0.7762376070022583,0.22622622549533844
YJL060W,YCR012W,0,5.3563128,0.2574712634086609,0.7762376070022583,0.2263263314962387
YJL114W,YDL015C,0,5.356082,0.2573867440223694,0.7762376070022583,0.22642642259597778
YNL010W,YMR273C,0,5.3558145,0.25730225443840027,0.7762376070022583,0.22652652859687805
YOR310C,YJL178C,0,5.3523197,0.2572178542613983,0.7762376070022583,0.22662661969661713
YOR054C,YFL023W,0,5.3502684,0.25713348388671875,0.7762376070022583,0.2267267256975174
YBR066C,YEL031W,0,5.3494606,0.25704917311668396,0.7762376070022583,0.22682683169841766
YHR012W,YGL014W,0,5.349004,0.25696492195129395,0.7762376070022583,0.22692692279815674
YDL045W-A,YDR062W,0,5.3462934,0.2568807303905487,0.7762376070022583,0.227027028799057
YOR378W,YBL026W,0,5.3426943,0.25679659843444824,0.7762376070022583,0.22712711989879608
YJR151C,YKL210W,0,5.3419065,0.25671249628067017,0.7762376070022583,0.22722722589969635
YGL240W,YMR293C,1,5.3418283,0.2569558024406433,0.7772276997566223,0.22722722589969635
YNL178W,YDR173C,0,5.3409348,0.2568717300891876,0.7772276997566223,0.22732733190059662
YDL045W-A,YCL008C,0,5.3408947,0.2567876875400543,0.7772276997566223,0.2274274230003357
YMR117C,YKR055W,0,5.340514,0.2567037343978882,0.7772276997566223,0.22752752900123596
YAL024C,YLR047C,0,5.338454,0.25661981105804443,0.7772276997566223,0.22762763500213623
YLL027W,YOR089C,0,5.337366,0.25653594732284546,0.7772276997566223,0.2277277261018753
YOR294W,YHR051W,0,5.3368697,0.25645214319229126,0.7772276997566223,0.22782783210277557
YGL200C,YDL097C,0,5.336645,0.25636839866638184,0.7772276997566223,0.22792792320251465
YMR005W,YCR011C,0,5.335782,0.2562846839427948,0.7772276997566223,0.22802802920341492
YGL225W,YNL230C,0,5.334819,0.2562010586261749,0.7772276997566223,0.22812813520431519
YLR157C,YDR172W,0,5.3347187,0.25611746311187744,0.7772276997566223,0.22822822630405426
YOL086C,YJL112W,0,5.334365,0.25603392720222473,0.7772276997566223,0.22832833230495453
YDL121C,YDR137W,0,5.334193,0.2559504508972168,0.7772276997566223,0.2284284234046936
YOR099W,YIL035C,0,5.327338,0.25586700439453125,0.7772276997566223,0.22852852940559387
YDR067C,YGL236C,0,5.324299,0.25578364729881287,0.7772276997566223,0.22862863540649414
YMR077C,YEL070W,0,5.324162,0.25570032000541687,0.7772276997566223,0.22872872650623322
YPL139C,YMR172W,0,5.323776,0.25561705231666565,0.7772276997566223,0.22882883250713348
YDL185W,YPR035W,1,5.32336,0.255859375,0.7782177925109863,0.22882883250713348
YMR203W,YGR276C,0,5.3232355,0.2557761073112488,0.7782177925109863,0.22892892360687256
YGL094C,YHL034C,0,5.322961,0.25569289922714233,0.7782177925109863,0.22902902960777283
YNL050C,YLR209C,0,5.3228693,0.25560975074768066,0.7782177925109863,0.2291291356086731
YPR024W,YPR200C,0,5.322295,0.25552666187286377,0.7782177925109863,0.22922922670841217
YOR304C-A,YER090W,0,5.31952,0.25544360280036926,0.7782177925109863,0.22932933270931244
YDR378C,YNL138W,0,5.3183203,0.2553606331348419,0.7782177925109863,0.2294294238090515
YER165W,YOR275C,0,5.314752,0.25527769327163696,0.7782177925109863,0.22952952980995178
YGL148W,YNL092W,0,5.314628,0.2551948130130768,0.7782177925109863,0.22962963581085205
YPR187W,YLR020C,0,5.3124676,0.255111962556839,0.7782177925109863,0.22972972691059113
YLR025W,YDL216C,0,5.3119907,0.25502920150756836,0.7782177925109863,0.2298298329114914
YMR089C,YLR088W,0,5.3116746,0.2549464702606201,0.7782177925109863,0.22992992401123047
YHR209W,YNL070W,0,5.3079395,0.25486379861831665,0.7782177925109863,0.23003003001213074
YDR353W,YMR159C,0,5.3034644,0.25478118658065796,0.7782177925109863,0.230130136013031
YOR156C,YAR015W,1,5.3026776,0.25502267479896545,0.7792079448699951,0.230130136013031
YGR112W,YHR085W,0,5.301868,0.25494006276130676,0.7792079448699951,0.23023022711277008
YPR026W,YOR324C,0,5.3016825,0.25485751032829285,0.7792079448699951,0.23033033311367035
YKR071C,YBR006W,0,5.3012633,0.2547750174999237,0.7792079448699951,0.23043042421340942
YPR111W,YGR167W,0,5.2981853,0.25469255447387695,0.7792079448699951,0.2305305302143097
YLL008W,YMR193W,0,5.296886,0.254610151052475,0.7792079448699951,0.23063063621520996
YOL142W,YIL142W,0,5.2949505,0.2545278072357178,0.7792079448699951,0.23073072731494904
YGR020C,YOL136C,0,5.2948046,0.25444552302360535,0.7792079448699951,0.2308308333158493
YOL141W,YIL042C,0,5.2927876,0.2543632984161377,0.7792079448699951,0.23093092441558838
YJL213W,YBL068W,0,5.2906494,0.25428110361099243,0.7792079448699951,0.23103103041648865
YDL054C,YKL001C,0,5.2883644,0.25419896841049194,0.7792079448699951,0.23113113641738892
YLR024C,YDR457W,1,5.2879043,0.2544397711753845,0.7801980376243591,0.23113113641738892
YOR209C,YBR094W,1,5.287674,0.25468042492866516,0.7811881303787231,0.23113113641738892
YOR261C,YOR327C,0,5.2875175,0.2545982599258423,0.7811881303787231,0.231231227517128
YIL021W,YJR028W,0,5.287356,0.2545161247253418,0.7811881303787231,0.23133133351802826
YBR182C,YKL007W,0,5.2864714,0.2544340491294861,0.7811881303787231,0.23143142461776733
YMR113W,YIL083C,1,5.2859087,0.25467440485954285,0.7821782231330872,0.23143142461776733
YPR194C,YDR173C,0,5.28456,0.25459232926368713,0.7821782231330872,0.2315315306186676
YMR284W,YJL024C,0,5.284004,0.2545103132724762,0.7821782231330872,0.23163163661956787
YIL080W,YLR344W,0,5.2807007,0.25442832708358765,0.7821782231330872,0.23173172771930695
YPR113W,YML030W,0,5.280505,0.25434643030166626,0.7821782231330872,0.23183183372020721
YDL217C,YFL010W-A,0,5.280256,0.25426456332206726,0.7821782231330872,0.2319319248199463
YPL276W,YBR145W,0,5.2786093,0.25418275594711304,0.7821782231330872,0.23203203082084656
YGR264C,YJL024C,0,5.278537,0.2541010081768036,0.7821782231330872,0.23213213682174683
YMR284W,YDR064W,0,5.2758813,0.25401929020881653,0.7821782231330872,0.2322322279214859
YHR060W,YJR083C,0,5.271802,0.25393763184547424,0.7821782231330872,0.23233233392238617
YPL240C,YML132W,0,5.271258,0.25385603308677673,0.7821782231330872,0.23243242502212524
YMR159C,YOR313C,0,5.270658,0.253774493932724,0.7821782231330872,0.2325325310230255
YPR162C,YMR115W,0,5.2704268,0.25369298458099365,0.7821782231330872,0.23263263702392578
YDR067C,YER162C,0,5.2682915,0.25361156463623047,0.7821782231330872,0.23273272812366486
YEL030W,YKL206C,0,5.2678795,0.2535301744937897,0.7821782231330872,0.23283283412456512
YKL203C,YER090W,0,5.2655606,0.25344881415367126,0.7821782231330872,0.2329329401254654
YDR383C,YDL055C,0,5.2652717,0.25336754322052,0.7821782231330872,0.23303303122520447
YFL010W-A,YHR057C,0,5.265064,0.25328630208969116,0.7821782231330872,0.23313313722610474
YPR194C,YGR251W,0,5.2647514,0.2532051205635071,0.7821782231330872,0.2332332283258438
YLR024C,YNR057C,1,5.2613654,0.2534444034099579,0.7831683158874512,0.2332332283258438
YMR025W,YGR155W,0,5.259718,0.2533632218837738,0.7831683158874512,0.23333333432674408
YJR051W,YMR200W,0,5.258951,0.2532820999622345,0.7831683158874512,0.23343344032764435
YBR271W,YOR327C,0,5.2578917,0.25320103764533997,0.7831683158874512,0.23353353142738342
YLR344W,YNR060W,0,5.248803,0.2531200051307678,0.7831683158874512,0.2336336374282837
YMR241W,YIL083C,0,5.242685,0.25303903222084045,0.7831683158874512,0.23373372852802277
YBL029C-A,YBL092W,0,5.241967,0.25295811891555786,0.7831683158874512,0.23383383452892303
YKL020C,YPL208W,0,5.241287,0.25287723541259766,0.7831683158874512,0.2339339405298233
YOR304C-A,YBL029C-A,0,5.2355056,0.2527964115142822,0.7831683158874512,0.23403403162956238
YCL036W,YNL271C,0,5.2323356,0.2527156472206116,0.7831683158874512,0.23413413763046265
YKL022C,YOL040C,0,5.230488,0.2526349425315857,0.7831683158874512,0.23423422873020172
YBR120C,YDR062W,0,5.2298307,0.2525542676448822,0.7831683158874512,0.234334334731102
YDR233C,YJL134W,0,5.2296495,0.2524736821651459,0.7831683158874512,0.23443444073200226
YNL297C,YBR093C,0,5.2234993,0.25239309668540955,0.7831683158874512,0.23453453183174133
YCR014C,YER052C,0,5.2214327,0.2523126006126404,0.7831683158874512,0.2346346378326416
YNL006W,YPR133W-A,0,5.220356,0.2522321343421936,0.7831683158874512,0.23473472893238068
YDR090C,YFL048C,0,5.219864,0.2521517276763916,0.7831683158874512,0.23483483493328094
YLR165C,YPL096W,0,5.21813,0.2520713806152344,0.7831683158874512,0.2349349409341812
YNL084C,YDR381C-A,0,5.215936,0.2519910931587219,0.7831683158874512,0.2350350320339203
YBR222C,YBR208C,1,5.2140574,0.2522293031215668,0.7841584086418152,0.2350350320339203
YDR064W,YPR125W,0,5.21276,0.25214898586273193,0.7841584086418152,0.23513513803482056
YGR251W,YJL141C,0,5.2115965,0.25206875801086426,0.7841584086418152,0.23523522913455963
YGR020C,YDR409W,1,5.2108126,0.2523066997528076,0.7851485013961792,0.23523522913455963
YPL094C,YDL225W,0,5.2098465,0.25222647190093994,0.7851485013961792,0.2353353351354599
YBR082C,YIL083C,1,5.204408,0.252464234828949,0.7861385941505432,0.2353353351354599
YIL134W,YPL196W,0,5.2034163,0.2523839771747589,0.7861385941505432,0.23543544113636017
YOL129W,YKR028W,0,5.201677,0.2523037791252136,0.7861385941505432,0.23553553223609924
YJR151C,YNR031C,0,5.200472,0.2522236406803131,0.7861385941505432,0.2356356382369995
YPL094C,YEL041W,0,5.1978846,0.252143532037735,0.7861385941505432,0.2357357293367386
YMR020W,YMR319C,0,5.196176,0.25206348299980164,0.7861385941505432,0.23583583533763885
YDR245W,YOR089C,0,5.1958594,0.25198349356651306,0.7861385941505432,0.23593594133853912
YDL140C,YOR123C,0,5.194492,0.25190356373786926,0.7861385941505432,0.2360360324382782
YDR079W,YJL130C,0,5.194257,0.25182366371154785,0.7861385941505432,0.23613613843917847
YLL040C,YGL103W,0,5.1937056,0.2517438232898712,0.7861385941505432,0.23623622953891754
YER052C,YLR050C,0,5.190794,0.25166401267051697,0.7861385941505432,0.2363363355398178
YJL034W,YNL084C,0,5.1905355,0.2515842914581299,0.7861385941505432,0.23643644154071808
YPL273W,YCR026C,0,5.185321,0.2515046000480652,0.7861385941505432,0.23653653264045715
YMR013C,YMR039C,0,5.1841035,0.2514249384403229,0.7861385941505432,0.23663663864135742
YNR017W,YBR257W,0,5.180546,0.25134536623954773,0.7861385941505432,0.2367367297410965
YLR024C,YGL234W,1,5.178061,0.2515822649002075,0.7871286869049072,0.2367367297410965
YFR021W,YIR018W,0,5.1760893,0.2515026926994324,0.7871286869049072,0.23683683574199677
YBR115C,YPL050C,0,5.1650705,0.2514231503009796,0.7871286869049072,0.23693694174289703
YEL043W,YLR285W,0,5.163746,0.25134366750717163,0.7871286869049072,0.2370370328426361
YPL127C,YBR042C,0,5.1630764,0.25126421451568604,0.7871286869049072,0.23713713884353638
YEL030W,YMR186W,0,5.16201,0.2511848211288452,0.7871286869049072,0.23723722994327545
YDR146C,YBR281C,0,5.1590686,0.25110548734664917,0.7871286869049072,0.23733733594417572
YHR047C,YER168C,0,5.1588078,0.2510262131690979,0.7871286869049072,0.237437441945076
YEL031W,YPR127W,0,5.1585064,0.250946968793869,0.7871286869049072,0.23753753304481506
YEL056W,YNL239W,0,5.1554356,0.2508677840232849,0.7871286869049072,0.23763763904571533
YOR310C,YMR270C,0,5.154036,0.2507886290550232,0.7871286869049072,0.2377377450466156
YBR150C,YML049C,0,5.1521177,0.25070956349372864,0.7871286869049072,0.23783783614635468
YDR304C,YDR229W,0,5.151291,0.25063052773475647,0.7871286869049072,0.23793794214725494
YMR087W,YHR156C,0,5.149988,0.2505515217781067,0.7871286869049072,0.23803803324699402
YJR057W,YOR020C,0,5.1478734,0.2504725754261017,0.7871286869049072,0.2381381392478943
YLR080W,YPL196W,0,5.1476545,0.25039368867874146,0.7871286869049072,0.23823824524879456
YOR206W,YPR163C,0,5.1475945,0.250314861536026,0.7871286869049072,0.23833833634853363
YOR243C,YOR025W,0,5.1451926,0.25023606419563293,0.7871286869049072,0.2384384423494339
YGL237C,YJL225C,0,5.142602,0.25015732645988464,0.7871286869049072,0.23853853344917297
YDR451C,YHR209W,0,5.1413045,0.25007864832878113,0.7871286869049072,0.23863863945007324
YNL267W,YGL225W,0,5.141178,0.25,0.7871286869049072,0.2387387454509735
YIL080W,YKL015W,0,5.139529,0.24992141127586365,0.7871286869049072,0.23883883655071259
YPR198W,YJR031C,0,5.1375675,0.24984286725521088,0.7871286869049072,0.23893894255161285
YKL001C,YBL079W,0,5.137178,0.2497643679380417,0.7871286869049072,0.23903903365135193
YGR180C,YML039W,0,5.1360564,0.24968592822551727,0.7871286869049072,0.2391391396522522
YDR296W,YCR057C,0,5.1359167,0.24960753321647644,0.7871286869049072,0.23923924565315247
YJR053W,YNL219C,0,5.1324434,0.2495291829109192,0.7871286869049072,0.23933933675289154
YPL127C,YKL007W,0,5.130745,0.2494508922100067,0.7871286869049072,0.2394394427537918
YLR153C,YOR241W,1,5.1300006,0.2496863305568695,0.788118839263916,0.2394394427537918
YGL062W,YOL077W-A,1,5.1293507,0.24992160499095917,0.78910893201828,0.2394394427537918
YPR167C,YKR008W,0,5.128458,0.24984325468540192,0.78910893201828,0.23953953385353088
YLR024C,YOR353C,0,5.1274734,0.24976496398448944,0.78910893201828,0.23963963985443115
YDL022W,YCL034W,0,5.1259613,0.24968671798706055,0.78910893201828,0.23973974585533142
YOL111C,YDR364C,0,5.124729,0.24960851669311523,0.78910893201828,0.2398398369550705
YIR038C,YML036W,0,5.1246758,0.2495303750038147,0.78910893201828,0.23993994295597076
YKL170W,YAR031W,0,5.1233935,0.24945226311683655,0.78910893201828,0.24004003405570984
YKL117W,YBR141C,0,5.1220465,0.24937421083450317,0.78910893201828,0.2401401400566101
YKL041W,YHR174W,0,5.1202016,0.24929621815681458,0.78910893201828,0.24024024605751038
YLR024C,YPL003W,1,5.119581,0.24953095614910126,0.790099024772644,0.24024024605751038
YDR512C,YNL262W,0,5.1177244,0.24945294857025146,0.790099024772644,0.24034033715724945
YOR291W,YNL147W,0,5.11635,0.24937500059604645,0.790099024772644,0.24044044315814972
YMR019W,YGR171C,0,5.1160116,0.249297097325325,0.790099024772644,0.2405405342578888
YDL206W,YBR020W,0,5.1135163,0.24921923875808716,0.790099024772644,0.24064064025878906
YMR159C,YBR281C,0,5.1126013,0.24914142489433289,0.790099024772644,0.24074074625968933
YGL162W,YLL008W,0,5.111804,0.2490636706352234,0.790099024772644,0.2408408373594284
YDR082W,YBR115C,0,5.1102095,0.24898596107959747,0.790099024772644,0.24094094336032867
YHR002W,YPL147W,0,5.109495,0.24890829622745514,0.790099024772644,0.24104103446006775
YML071C,YEL029C,0,5.106736,0.2488306760787964,0.790099024772644,0.24114114046096802
YNL102W,YJL071W,0,5.1058903,0.2487531155347824,0.790099024772644,0.2412412464618683
YMR168C,YLR043C,0,5.1051216,0.24867559969425201,0.790099024772644,0.24134133756160736
YMR173W,YLR325C,0,5.103336,0.2485981285572052,0.790099024772644,0.24144144356250763
YKR035W-A,YGR271W,0,5.1028976,0.24852071702480316,0.790099024772644,0.2415415346622467
YJL011C,YOR126C,0,5.0984745,0.2484433352947235,0.790099024772644,0.24164164066314697
YGL037C,YGL004C,0,5.096492,0.24836601316928864,0.790099024772644,0.24174174666404724
YDR260C,YJL082W,0,5.095789,0.24828873574733734,0.790099024772644,0.24184183776378632
YPL151C,YLR187W,0,5.0933094,0.24821150302886963,0.790099024772644,0.24194194376468658
YKL078W,YDL171C,0,5.0915766,0.2481343299150467,0.790099024772644,0.24204203486442566
YHL012W,YJR005W,0,5.0915465,0.24805720150470734,0.790099024772644,0.24214214086532593
YJL046W,YJR036C,1,5.0896225,0.24829086661338806,0.7910891175270081,0.24214214086532593
YGL172W,YMR077C,0,5.089161,0.2482137382030487,0.7910891175270081,0.2422422468662262
YPL259C,YDL077C,0,5.088583,0.24813663959503174,0.7910891175270081,0.24234233796596527
YKL126W,YDR079W,0,5.0881424,0.24805961549282074,0.7910891175270081,0.24244244396686554
YGR085C,YGL019W,0,5.087092,0.24798262119293213,0.7910891175270081,0.2425425499677658
YJR010W,YBR170C,0,5.0870466,0.2479056715965271,0.7910891175270081,0.24264264106750488
YCR014C,YMR087W,0,5.0866966,0.24782878160476685,0.7910891175270081,0.24274274706840515
YER049W,YPL196W,0,5.085828,0.24775193631649017,0.7910891175270081,0.24284283816814423
YPL188W,YLR278C,0,5.0816393,0.24767513573169708,0.7910891175270081,0.2429429441690445
YHR074W,YCR066W,1,5.0810823,0.24790827929973602,0.7920792102813721,0.2429429441690445
YPL276W,YCL004W,0,5.0765023,0.24783147871494293,0.7920792102813721,0.24304305016994476
YGR010W,YBR192W,0,5.0760365,0.24775472283363342,0.7920792102813721,0.24314314126968384
YNL131W,YAL016W,0,5.0754013,0.2476780116558075,0.7920792102813721,0.2432432472705841
YFR021W,YDL040C,0,5.0749397,0.24760136008262634,0.7920792102813721,0.24334333837032318
YJL060W,YMR269W,0,5.074906,0.24752475321292877,0.7920792102813721,0.24344344437122345
YNR010W,YMR075W,0,5.0719223,0.24744819104671478,0.7920792102813721,0.24354355037212372
YNL223W,YKL015W,0,5.0712633,0.24737167358398438,0.7920792102813721,0.2436436414718628
YNL006W,YKR068C,0,5.069414,0.24729521572589874,0.7920792102813721,0.24374374747276306
YKR054C,YMR099C,0,5.069189,0.2472187876701355,0.7920792102813721,0.24384383857250214
YDR423C,YKL186C,0,5.06859,0.24714241921901703,0.7920792102813721,0.2439439445734024
YOR279C,YDL140C,0,5.0654054,0.24706609547138214,0.7920792102813721,0.24404405057430267
YBR222C,YDR457W,1,5.0632887,0.24729855358600616,0.7930693030357361,0.24404405057430267
YNL314W,YCR011C,0,5.061942,0.24722221493721008,0.7930693030357361,0.24414414167404175
YMR077C,YNR017W,0,5.0607414,0.24714593589305878,0.7930693030357361,0.24424424767494202
YOL028C,YPL065W,0,5.059968,0.24706971645355225,0.7930693030357361,0.2443443387746811
YLR153C,YFL013C,0,5.0576463,0.2469935268163681,0.7930693030357361,0.24444444477558136
YMR087W,YFR052W,0,5.057443,0.24691738188266754,0.7930693030357361,0.24454455077648163
YPR189W,YNR074C,0,5.0569324,0.24684129655361176,0.7930693030357361,0.2446446418762207
YEL036C,YLR219W,0,5.0553656,0.24676525592803955,0.7930693030357361,0.24474474787712097
YLR025W,YNL078W,0,5.054735,0.24668924510478973,0.7930693030357361,0.24484483897686005
YDL078C,YBR093C,0,5.0541563,0.2466132938861847,0.7930693030357361,0.24494494497776031
YGR034W,YNL006W,0,5.0494747,0.24653740227222443,0.7930693030357361,0.24504505097866058
YPR066W,YLR295C,1,5.0474725,0.2467692345380783,0.7940593957901001,0.24504505097866058
YMR090W,YPL183W-A,0,5.047174,0.24669332802295685,0.7940593957901001,0.24514514207839966
YGR034W,YDR109C,0,5.0466747,0.24661746621131897,0.7940593957901001,0.24524524807929993
YMR182C,YER013W,0,5.0446577,0.24654164910316467,0.7940593957901001,0.245345339179039
YER055C,YLR005W,0,5.043165,0.24646589159965515,0.7940593957901001,0.24544544517993927
YMR025W,YJL029C,0,5.040388,0.24639016389846802,0.7940593957901001,0.24554555118083954
YOL057W,YJL206C,0,5.040289,0.24631449580192566,0.7940593957901001,0.2456456422805786
YLR321C,YNL219C,0,5.0337267,0.24623887240886688,0.7940593957901001,0.24574574828147888
YDL036C,YLR440C,0,5.0309744,0.2461632937192917,0.7940593957901001,0.24584583938121796
YLL019C,YER090W,0,5.029591,0.24608775973320007,0.7940593957901001,0.24594594538211823
YOL010W,YER022W,0,5.0263577,0.24601227045059204,0.7940593957901001,0.2460460513830185
YKL171W,YDL227C,0,5.024543,0.2459368258714676,0.7940593957901001,0.24614614248275757
YPL027W,YLR151C,0,5.0232544,0.24586144089698792,0.7940593957901001,0.24624624848365784
YDR454C,YHR119W,0,5.0231633,0.24578608572483063,0.7940593957901001,0.2463463395833969
YGR032W,YMR193W,0,5.0217586,0.24571079015731812,0.7940593957901001,0.24644644558429718
YMR039C,YOL054W,0,5.0211763,0.245635524392128,0.7940593957901001,0.24654655158519745
YBR177C,YML109W,0,5.0209346,0.24556031823158264,0.7940593957901001,0.24664664268493652
YNL147W,YEL029C,0,5.020831,0.24548515677452087,0.7940593957901001,0.2467467486858368
YPL119C,YER002W,0,5.0181856,0.2454100400209427,0.7940593957901001,0.24684683978557587
YDR164C,YJL200C,0,5.017605,0.24533496797084808,0.7940593957901001,0.24694694578647614
YDR137W,YKL117W,0,5.01701,0.24525994062423706,0.7940593957901001,0.2470470517873764
YER154W,YMR173W,0,5.0161786,0.24518495798110962,0.7940593957901001,0.24714714288711548
YDL128W,YLR016C,0,5.0160494,0.24511002004146576,0.7940593957901001,0.24724724888801575
YMR246W,YPL160W,1,5.0155945,0.24534066021442413,0.7950494885444641,0.24724724888801575
YHR085W,YGL220W,0,5.0152574,0.24526573717594147,0.7950494885444641,0.24734733998775482
YIR032C,YBR061C,0,5.01169,0.2451908439397812,0.7950494885444641,0.2474474459886551
YMR025W,YPR119W,0,5.0093527,0.2451159954071045,0.7950494885444641,0.24754755198955536
YDL061C,YLR187W,0,5.007599,0.24504119157791138,0.7950494885444641,0.24764764308929443
YMR039C,YPR002W,0,5.007133,0.24496644735336304,0.7950494885444641,0.2477477490901947
YDR414C,YDR381C-A,0,5.007098,0.24489173293113708,0.7950494885444641,0.24784785509109497
YPL129W,YJL149W,0,5.0047317,0.2448170781135559,0.7950494885444641,0.24794794619083405
YPR162C,YDL128W,0,5.004018,0.24474245309829712,0.7950494885444641,0.24804805219173431
YLR107W,YEL043W,0,5.0024366,0.2446678876876831,0.7950494885444641,0.2481481432914734
YMR246W,YJR103W,1,5.002017,0.2448979616165161,0.7960395812988281,0.2481481432914734
YIL021W,YIL047C,0,4.9970574,0.2448233813047409,0.7960395812988281,0.24824824929237366
YMR038C,YOR275C,0,4.9967985,0.24474886059761047,0.7960395812988281,0.24834835529327393
YMR169C,YPR002W,0,4.9956484,0.24467436969280243,0.7960395812988281,0.248448446393013
YDL022W,YJR034W,0,4.9954414,0.24459993839263916,0.7960395812988281,0.24854855239391327
YLR239C,YER125W,1,4.994301,0.2448296844959259,0.7970296740531921,0.24854855239391327
YGR085C,YLR329W,0,4.992078,0.24475523829460144,0.7970296740531921,0.24864864349365234
YOR243C,YLR389C,0,4.9919114,0.24468085169792175,0.7970296740531921,0.2487487494945526
YDL217C,YNL095C,0,4.9915543,0.24460650980472565,0.7970296740531921,0.24884885549545288
YNL095C,YKL001C,0,4.990875,0.24453219771385193,0.7970296740531921,0.24894894659519196
YKL203C,YBR031W,0,4.9899426,0.24445794522762299,0.7970296740531921,0.24904905259609222
YOR237W,YGL050W,0,4.988927,0.24438372254371643,0.7970296740531921,0.2491491436958313
YDR512C,YOL129W,0,4.9853516,0.24430955946445465,0.7970296740531921,0.24924924969673157
YMR203W,YEL062W,0,4.981885,0.24423544108867645,0.7970296740531921,0.24934935569763184
YIL135C,YPL273W,0,4.979687,0.24416135251522064,0.7970296740531921,0.2494494467973709
YMR241W,YIL006W,0,4.9771986,0.2440873235464096,0.7970296740531921,0.24954955279827118
YJL060W,YBR010W,0,4.9706383,0.24401333928108215,0.7970296740531921,0.24964964389801025
YOR299W,YJR040W,0,4.970495,0.24393939971923828,0.7970296740531921,0.24974974989891052
YGR281W,YDL202W,0,4.96789,0.2438654899597168,0.7970296740531921,0.2498498558998108
YIR025W,YBR223C,0,4.9676657,0.2437916398048401,0.7970296740531921,0.24994994699954987
YMR089C,YDR260C,0,4.9669976,0.24371783435344696,0.7970296740531921,0.25005003809928894
YGL170C,YIR039C,0,4.964826,0.24364407360553741,0.7970296740531921,0.2501501441001892
YCR087C-A,YNL239W,0,4.96469,0.24357034265995026,0.7970296740531921,0.2502502501010895
YOR084W,YHR058C,0,4.9631476,0.24349667131900787,0.7970296740531921,0.25035035610198975
YGR281W,YOR204W,0,4.959953,0.24342304468154907,0.7970296740531921,0.25045046210289
YBL113C,YLR088W,0,4.959918,0.24334946274757385,0.7970296740531921,0.2505505383014679
YBL058W,YNL258C,0,4.959011,0.24327591061592102,0.7970296740531921,0.25065064430236816
YPL213W,YLR251W,0,4.9590034,0.24320241808891296,0.7970296740531921,0.25075075030326843
YJL034W,YML073C,0,4.958405,0.2431289702653885,0.7970296740531921,0.2508508563041687
YNL008C,YDR083W,0,4.9581904,0.2430555522441864,0.7970296740531921,0.25095096230506897
YMR160W,YER137C,0,4.9559784,0.2429821938276291,0.7970296740531921,0.25105103850364685
YCL057W,YOR194C,0,4.9559007,0.24290886521339417,0.7970296740531921,0.2511511445045471
YBL112C,YJL004C,0,4.954373,0.24283559620380402,0.7970296740531921,0.2512512505054474
YMR020W,YPR138C,0,4.952622,0.24276235699653625,0.7970296740531921,0.25135135650634766
YKL203C,YIR032C,0,4.9513254,0.24268917739391327,0.7970296740531921,0.2514514625072479
YJR010W,YLR024C,0,4.9509044,0.24261602759361267,0.7970296740531921,0.2515515387058258
YOR292C,YPL050C,0,4.947569,0.24254293739795685,0.7970296740531921,0.2516516447067261
YDR371W,YNL230C,0,4.9468517,0.2424698770046234,0.7970296740531921,0.25175175070762634
YPL151C,YDR285W,0,4.9460135,0.24239686131477356,0.7970296740531921,0.2518518567085266
YPL183W-A,YMR239C,0,4.943959,0.24232390522956848,0.7970296740531921,0.2519519627094269
YJL187C,YLR380W,0,4.942543,0.2422509789466858,0.7970296740531921,0.25205203890800476
YOL045W,YDR449C,0,4.942195,0.24217809736728668,0.7970296740531921,0.25215214490890503
YOR349W,YDR497C,0,4.9418993,0.24210526049137115,0.7970296740531921,0.2522522509098053
YDR298C,YIL083C,1,4.940901,0.24233312904834747,0.7980198264122009,0.2522522509098053
YLR029C,YDR476C,0,4.9400463,0.24226029217243195,0.7980198264122009,0.25235235691070557
YHR209W,YBR222C,0,4.9394817,0.2421875,0.7980198264122009,0.25245246291160583
YOR304C-A,YDL061C,0,4.9363813,0.24211475253105164,0.7980198264122009,0.2525525391101837
YKR035W-A,YLR325C,0,4.935918,0.24204203486442566,0.7980198264122009,0.252652645111084
YHR060W,YLR380W,0,4.9355335,0.24196937680244446,0.7980198264122009,0.25275275111198425
YNL163C,YJL213W,0,4.9323664,0.24189676344394684,0.7980198264122009,0.2528528571128845
YMR169C,YMR304W,0,4.929265,0.2418241798877716,0.7980198264122009,0.2529529631137848
YDL179W,YJL155C,0,4.927218,0.24175165593624115,0.7980198264122009,0.25305303931236267
YKL182W,YMR308C,0,4.9256372,0.24167916178703308,0.7980198264122009,0.25315314531326294
YBR145W,YOR226C,0,4.9223375,0.2416067123413086,0.7980198264122009,0.2532532513141632
YPR002W,YHR058C,0,4.9215174,0.2415343075990677,0.7980198264122009,0.2533533573150635
YHR168W,YEL056W,0,4.918803,0.24146194756031036,0.7980198264122009,0.25345346331596375
YDR518W,YNL050C,0,4.9186525,0.24138963222503662,0.7980198264122009,0.2535535395145416
YPR002W,YGR084C,0,4.9173403,0.24131736159324646,0.7980198264122009,0.2536536455154419
YFR001W,YMR300C,0,4.9149923,0.24124513566493988,0.7980198264122009,0.25375375151634216
YNR004W,YJL191W,0,4.9135895,0.24117295444011688,0.7980198264122009,0.25385385751724243
YIL030C,YGL062W,1,4.912293,0.24139994382858276,0.7990099191665649,0.25385385751724243
YNL163C,YDL216C,0,4.910493,0.24132774770259857,0.7990099191665649,0.2539539635181427
YPR080W,YPL218W,0,4.9076996,0.24125561118125916,0.7990099191665649,0.2540540397167206
YNL085W,YBR282W,0,4.9060755,0.24118350446224213,0.7990099191665649,0.25415414571762085
YKL007W,YJL071W,0,4.9003844,0.24111144244670868,0.7990099191665649,0.2542542517185211
YDL121C,YBR222C,0,4.8997216,0.2410394251346588,0.7990099191665649,0.2543543577194214
YDR518W,YLR206W,0,4.8997207,0.24096745252609253,0.7990099191665649,0.25445446372032166
YDR405W,YNL080C,0,4.8940153,0.24089552462100983,0.7990099191665649,0.25455453991889954
YGR225W,YGR032W,0,4.8925695,0.2408236414194107,0.7990099191665649,0.2546546459197998
YDR062W,YMR308C,0,4.892498,0.24075178802013397,0.7990099191665649,0.2547547519207001
YJR103W,YAL039C,0,4.8910303,0.24067999422550201,0.7990099191665649,0.25485485792160034
YJL114W,YOR283W,0,4.890114,0.24060823023319244,0.7990099191665649,0.2549549639225006
YBL076C,YJR140C,0,4.888729,0.24053651094436646,0.7990099191665649,0.2550550699234009
YGL240W,YGL141W,1,4.8885603,0.24076281487941742,0.800000011920929,0.2550550699234009
YKR035W-A,YGL148W,0,4.8882923,0.24069109559059143,0.800000011920929,0.25515514612197876
YHR029C,YLR129W,0,4.8855863,0.24061942100524902,0.800000011920929,0.25525525212287903
YBL029C-A,YDR364C,0,4.88389,0.240547776222229,0.800000011920929,0.2553553581237793
YBL058W,YOR187W,0,4.882421,0.24047619104385376,0.800000011920929,0.25545546412467957
YBR120C,YGL148W,0,4.882148,0.2404046356678009,0.800000011920929,0.25555557012557983
YOR353C,YDR381C-A,0,4.881878,0.24033313989639282,0.800000011920929,0.2556556463241577
YBL029C-A,YMR115W,0,4.8818007,0.24026167392730713,0.800000011920929,0.255755752325058
YLR452C,YMR213W,0,4.8811984,0.24019025266170502,0.800000011920929,0.25585585832595825
YJR151C,YGR169C,0,4.880843,0.2401188760995865,0.800000011920929,0.2559559643268585
YLR305C,YNL284C,0,4.8805656,0.24004752933979034,0.800000011920929,0.2560560703277588
YKL126W,YDR263C,0,4.877635,0.23997624218463898,0.800000011920929,0.25615614652633667
YOR283W,YER052C,0,4.875411,0.23990498483181,0.800000011920929,0.25625625252723694
YBR177C,YOL101C,0,4.872794,0.2398337721824646,0.800000011920929,0.2563563585281372
YPR113W,YPL113C,0,4.8723593,0.23976260423660278,0.800000011920929,0.2564564645290375
YOR206W,YFR018C,0,4.871623,0.23969148099422455,0.800000011920929,0.25655657052993774
YJR127C,YDR195W,0,4.86843,0.2396204024553299,0.800000011920929,0.2566566467285156
YLR080W,YNR035C,0,4.867957,0.23954936861991882,0.800000011920929,0.2567567527294159
YJL066C,YOL040C,0,4.8666067,0.23947836458683014,0.800000011920929,0.25685685873031616
YHR005C-A,YOR038C,0,4.8622303,0.23940740525722504,0.800000011920929,0.25695696473121643
YDR378C,YLR268W,0,4.857786,0.23933649063110352,0.800000011920929,0.2570570707321167
YNL307C,YMR200W,0,4.857695,0.23926562070846558,0.800000011920929,0.2571571469306946
YHR209W,YKL015W,0,4.8575354,0.23919479548931122,0.800000011920929,0.25725725293159485
YGR012W,YOR098C,0,4.856222,0.23912400007247925,0.800000011920929,0.2573573589324951
YDR076W,YOL155C,0,4.8515825,0.23905324935913086,0.800000011920929,0.2574574649333954
YJL140W,YGR034W,0,4.8475842,0.23898254334926605,0.800000011920929,0.25755757093429565
YKR056W,YML073C,0,4.844926,0.23891188204288483,0.800000011920929,0.25765764713287354
YGR144W,YPL011C,0,4.843964,0.23884126543998718,0.800000011920929,0.2577577531337738
YLR305C,YDL179W,0,4.841566,0.23877067863941193,0.800000011920929,0.2578578591346741
YKR102W,YOR222W,0,4.8404045,0.23870015144348145,0.800000011920929,0.25795796513557434
YLR191W,YGR238C,0,4.840089,0.23862965404987335,0.800000011920929,0.2580580711364746
YEL069C,YGR246C,0,4.8393793,0.23855920135974884,0.800000011920929,0.2581581473350525
YJR103W,YGL087C,1,4.839325,0.23878394067287445,0.800990104675293,0.2581581473350525
YJR082C,YOR216C,0,4.8393145,0.23871348798274994,0.800990104675293,0.25825825333595276
YGL026C,YGR222W,0,4.837307,0.23864306509494781,0.800990104675293,0.258358359336853
YBR287W,YBR115C,0,4.837165,0.23857268691062927,0.800990104675293,0.2584584653377533
YNL232W,YMR039C,0,4.8365445,0.2385023534297943,0.800990104675293,0.25855857133865356
YER151C,YOL158C,0,4.8350496,0.23843206465244293,0.800990104675293,0.25865864753723145
YJR149W,YAR027W,0,4.834526,0.23836182057857513,0.800990104675293,0.2587587535381317
YGR264C,YOL077W-A,1,4.8343,0.2385861575603485,0.801980197429657,0.2587587535381317
YJL071W,YKR101W,0,4.830408,0.23851589858531952,0.801980197429657,0.258858859539032
YJR078W,YER150W,0,4.830324,0.2384456843137741,0.801980197429657,0.25895896553993225
YER098W,YGL122C,0,4.8286986,0.23837551474571228,0.801980197429657,0.2590590715408325
YLR289W,YOR038C,0,4.8251095,0.23830538988113403,0.801980197429657,0.2591591477394104
YDR457W,YOR089C,0,4.822666,0.23823529481887817,0.801980197429657,0.25925925374031067
YHR074W,YNL284C,0,4.819979,0.2381652444601059,0.801980197429657,0.25935935974121094
YIL142W,YKL117W,0,4.819609,0.2380952388048172,0.801980197429657,0.2594594657421112
YPL127C,YLR429W,0,4.819002,0.23802527785301208,0.801980197429657,0.2595595717430115
YOL058W,YDR457W,1,4.8181033,0.23824912309646606,0.802970290184021,0.2595595717430115
YDR245W,YER052C,0,4.8166056,0.23817914724349976,0.802970290184021,0.25965964794158936
YPR182W,YLR425W,0,4.815373,0.23810921609401703,0.802970290184021,0.2597597539424896
YMR093W,YLR187W,0,4.814006,0.23803932964801788,0.802970290184021,0.2598598599433899
YPR091C,YDR381C-A,0,4.8136387,0.23796948790550232,0.802970290184021,0.25995996594429016
YOR159C,YDR207C,0,4.810448,0.23789967596530914,0.802970290184021,0.26006007194519043
YOR212W,YDL208W,0,4.8040285,0.23782990872859955,0.802970290184021,0.2601601481437683
YER183C,YOL077W-A,1,4.8008585,0.2380533516407013,0.803960382938385,0.2601601481437683
YLR203C,YJR140C,0,4.7988906,0.2379835844039917,0.803960382938385,0.2602602541446686
YPR187W,YLR425W,0,4.798045,0.23791386187076569,0.803960382938385,0.26036036014556885
YNR003C,YMR304W,0,4.796482,0.23784416913986206,0.803960382938385,0.2604604661464691
YPR135W,YMR090W,0,4.7946467,0.23777452111244202,0.803960382938385,0.2605605721473694
YMR146C,YGL068W,0,4.791089,0.23770491778850555,0.803960382938385,0.26066064834594727
YBR182C,YDL074C,0,4.790677,0.23763535916805267,0.803960382938385,0.26076075434684753
YEL053C,YDL015C,0,4.789747,0.23756583034992218,0.803960382938385,0.2608608603477478
YDR172W,YDR410C,0,4.789473,0.23749634623527527,0.803960382938385,0.26096096634864807
YNL281W,YNL335W,0,4.7881966,0.23742690682411194,0.803960382938385,0.26106107234954834
YKL082C,YBL029C-A,0,4.7799754,0.237357497215271,0.803960382938385,0.2611611485481262
YDR196C,YNL290W,0,4.7784686,0.23728813230991364,0.803960382938385,0.2612612545490265
YJR078W,YFL001W,0,4.7782373,0.23721881210803986,0.803960382938385,0.26136136054992676
YLL027W,YER137C,0,4.777863,0.23714953660964966,0.803960382938385,0.261461466550827
YBR183W,YDL202W,0,4.777727,0.23708029091358185,0.803960382938385,0.2615615725517273
YOR168W,YPR135W,0,4.777276,0.23701108992099762,0.803960382938385,0.2616616487503052
YMR093W,YDR415C,0,4.774219,0.23694193363189697,0.803960382938385,0.26176175475120544
YNL231C,YPR083W,0,4.7736735,0.2368728071451187,0.803960382938385,0.2618618607521057
YGL226C-A,YDR262W,0,4.7731695,0.23680374026298523,0.803960382938385,0.261961966753006
YPL134C,YOR162C,0,4.7730985,0.23673468828201294,0.803960382938385,0.26206207275390625
YKL144C,YGR214W,0,4.7714896,0.23666569590568542,0.803960382938385,0.26216214895248413
YMR207C,YBR218C,1,4.768937,0.2368881106376648,0.804950475692749,0.26216214895248413
YGL014W,YIR018W,0,4.7682505,0.2368191033601761,0.804950475692749,0.2622622549533844
YOR388C,YNL027W,0,4.7659626,0.23675014078617096,0.804950475692749,0.26236236095428467
YOR388C,YJR063W,0,4.7659044,0.23668122291564941,0.804950475692749,0.26246246695518494
YDR076W,YDR381C-A,0,4.7657294,0.23661233484745026,0.804950475692749,0.2625625729560852
YPL099C,YOR340C,0,4.7651873,0.23654349148273468,0.804950475692749,0.2626626491546631
YDL045W-A,YLR251W,0,4.7627344,0.23647469282150269,0.804950475692749,0.26276275515556335
YBR202W,YDR229W,0,4.7573547,0.23640593886375427,0.804950475692749,0.2628628611564636
YDR512C,YDR457W,0,4.75714,0.23633721470832825,0.804950475692749,0.2629629671573639
YPR189W,YMR087W,0,4.755993,0.2362685203552246,0.804950475692749,0.26306307315826416
YMR267W,YER104W,0,4.755041,0.23619988560676575,0.804950475692749,0.26316314935684204
YNL220W,YBR115C,1,4.7521076,0.23642171919345856,0.805940568447113,0.26316314935684204
YCL074W,YMR267W,0,4.748539,0.2363530844449997,0.805940568447113,0.2632632553577423
YDR473C,YJR051W,0,4.7484503,0.23628446459770203,0.805940568447113,0.2633633613586426
YLR401C,YNR035C,0,4.7471128,0.23621590435504913,0.805940568447113,0.26346346735954285
YBL028C,YIL133C,0,4.746929,0.23614737391471863,0.805940568447113,0.2635635733604431
YIL083C,YOR222W,0,4.74615,0.2360788881778717,0.805940568447113,0.263663649559021
YDR451C,YMR099C,0,4.745901,0.23601043224334717,0.805940568447113,0.26376375555992126
YOL093W,YGL019W,0,4.7448387,0.2359420359134674,0.805940568447113,0.26386386156082153
YGR072W,YOR285W,0,4.744722,0.23587365448474884,0.805940568447113,0.2639639675617218
YBR042C,YDR381C-A,0,4.7437744,0.23580533266067505,0.805940568447113,0.26406407356262207
YDR454C,YLR380W,0,4.741134,0.23573704063892365,0.805940568447113,0.26416414976119995
YDR369C,YPR043W,0,4.736786,0.23566879332065582,0.805940568447113,0.2642642557621002
YMR301C,YCL026C-B,0,4.7363973,0.2356005758047104,0.805940568447113,0.2643643617630005
YIL078W,YOR168W,1,4.7358327,0.23582175374031067,0.8069307208061218,0.2643643617630005
YIR011C,YKR057W,0,4.735465,0.23575353622436523,0.8069307208061218,0.26446446776390076
YDR381C-A,YAL039C,0,4.7340965,0.23568536341190338,0.8069307208061218,0.264564573764801
YGR171C,YPL078C,1,4.72681,0.23590633273124695,0.8079208135604858,0.264564573764801
YDL107W,YGR112W,0,4.7256756,0.2358381450176239,0.8079208135604858,0.2646646499633789
YHR132C,YDL039C,0,4.7251244,0.23577000200748444,0.8079208135604858,0.2647647559642792
YGL209W,YBR173C,0,4.723714,0.23570190370082855,0.8079208135604858,0.26486486196517944
YBL041W,YKL096W-A,0,4.723374,0.23563385009765625,0.8079208135604858,0.2649649679660797
YMR097C,YGL037C,0,4.722742,0.23556582629680634,0.8079208135604858,0.26506507396698
YHR005C-A,YDL022W,0,4.722242,0.2354978322982788,0.8079208135604858,0.26516517996788025
YPR182W,YOR299W,0,4.72219,0.23542988300323486,0.8079208135604858,0.26526525616645813
YLL003W,YLL045C,0,4.7205153,0.2353619784116745,0.8079208135604858,0.2653653621673584
YKL170W,YBR120C,0,4.7199936,0.23529411852359772,0.8079208135604858,0.26546546816825867
YDR414C,YGR222W,0,4.7197514,0.23522628843784332,0.8079208135604858,0.26556557416915894
YHR074W,YOR089C,0,4.7170467,0.2351585030555725,0.8079208135604858,0.2656656801700592
YER098W,YOR180C,0,4.7164755,0.23509074747562408,0.8079208135604858,0.2657657563686371
YJL005W,YCL057W,0,4.712885,0.23502303659915924,0.8079208135604858,0.26586586236953735
YPR204W,YMR038C,0,4.712704,0.23495537042617798,0.8079208135604858,0.2659659683704376
YDR416W,YOR338W,0,4.71162,0.2348877340555191,0.8079208135604858,0.2660660743713379
YJL087C,YLR047C,0,4.708131,0.2348201423883438,0.8079208135604858,0.26616618037223816
YBR125C,YLR191W,0,4.707088,0.2347525954246521,0.8079208135604858,0.26626625657081604
YNL070W,YJL144W,0,4.7050014,0.23468507826328278,0.8079208135604858,0.2663663625717163
YBR080C,YBL091C-A,0,4.7043285,0.23461759090423584,0.8079208135604858,0.2664664685726166
YBR247C,YOR025W,0,4.7038,0.23455016314983368,0.8079208135604858,0.26656657457351685
YOR393W,YML056C,0,4.703458,0.2344827651977539,0.8079208135604858,0.2666666805744171
YLR329W,YDL148C,0,4.702318,0.23441539704799652,0.8079208135604858,0.266766756772995
YDR453C,YGR077C,0,4.7004304,0.23434807360172272,0.8079208135604858,0.26686686277389526
YDR254W,YBR026C,0,4.700392,0.2342807948589325,0.8079208135604858,0.26696696877479553
YJL114W,YDR240C,0,4.700267,0.23421354591846466,0.8079208135604858,0.2670670747756958
YOR378W,YMR240C,0,4.699344,0.2341463416814804,0.8079208135604858,0.26716718077659607
YPR072W,YDR173C,0,4.6966367,0.23407916724681854,0.8079208135604858,0.26726725697517395
YNR021W,YIR038C,0,4.693329,0.23401203751564026,0.8079208135604858,0.2673673629760742
YOR204W,YPL011C,0,4.693258,0.23394495248794556,0.8079208135604858,0.2674674689769745
YER100W,YBR218C,1,4.692451,0.2341645210981369,0.8089109063148499,0.2674674689769745
YOR301W,YOR008C,0,4.6912565,0.234097421169281,0.8089109063148499,0.26756757497787476
YGL212W,YLR270W,0,4.69118,0.2340303659439087,0.8089109063148499,0.267667680978775
YBR031W,YOL040C,0,4.686597,0.23396334052085876,0.8089109063148499,0.2677677571773529
YDR072C,YDL040C,0,4.6851444,0.23389635980129242,0.8089109063148499,0.2678678631782532
YCR030C,YLR197W,0,4.68492,0.23382942378520966,0.8089109063148499,0.26796796917915344
YLR029C,YGL233W,0,4.6846633,0.23376251757144928,0.8089109063148499,0.2680680751800537
YNL238W,YKL022C,0,4.6845994,0.23369565606117249,0.8089109063148499,0.268168181180954
YFR029W,YDL097C,0,4.6844726,0.23362882435321808,0.8089109063148499,0.26826825737953186
YOR335C,YOL010W,1,4.6808715,0.23384791612625122,0.8099009990692139,0.26826825737953186
YGR225W,YKL001C,0,4.6803336,0.23378108441829681,0.8099009990692139,0.26836836338043213
YPR035W,YCL026C-B,0,4.6800404,0.2337142825126648,0.8099009990692139,0.2684684693813324
YPL104W,YOR142W,1,4.679658,0.23393316566944122,0.8108910918235779,0.2684684693813324
YDR454C,YPL112C,0,4.6753607,0.2338663637638092,0.8108910918235779,0.26856857538223267
YER017C,YOR187W,0,4.673703,0.23379960656166077,0.8108910918235779,0.26866868138313293
YDR254W,YOR355W,0,4.673252,0.23373287916183472,0.8108910918235779,0.2687687575817108
YGL183C,YDR444W,0,4.672619,0.23366619646549225,0.8108910918235779,0.2688688635826111
YJR149W,YBR294W,0,4.6722264,0.23359954357147217,0.8108910918235779,0.26896896958351135
YBR274W,YNR021W,0,4.6693544,0.23353293538093567,0.8108910918235779,0.2690690755844116
YLR305C,YPL064C,0,4.664524,0.23346635699272156,0.8108910918235779,0.2691691815853119
YPL200W,YGL019W,0,4.6607084,0.23339982330799103,0.8108910918235779,0.26926925778388977
YMR173W,YDR229W,0,4.6600657,0.23333333432674408,0.8108910918235779,0.26936936378479004
YNL261W,YNL219C,0,4.6584997,0.23326687514781952,0.8108910918235779,0.2694694697856903
YGR072W,YDR381C-A,0,4.6584587,0.23320046067237854,0.8108910918235779,0.2695695757865906
YLR043C,YOR324C,0,4.6571465,0.23313407599925995,0.8108910918235779,0.26966968178749084
YOR089C,YJL128C,0,4.656801,0.23306773602962494,0.8108910918235779,0.2697697579860687
YBL079W,YGR276C,0,4.6564045,0.23300142586231232,0.8108910918235779,0.269869863986969
YHR175W,YGR027C,0,4.6561384,0.23293516039848328,0.8108910918235779,0.26996996998786926
YML071C,YJL130C,0,4.655198,0.23286892473697662,0.8108910918235779,0.27007007598876953
YOR054C,YKL172W,0,4.654427,0.23280273377895355,0.8108910918235779,0.2701701819896698
YGL212W,YOR349W,0,4.6537914,0.23273657262325287,0.8108910918235779,0.2702702581882477
YLL027W,YHR135C,0,4.6515102,0.23267045617103577,0.8108910918235779,0.27037036418914795
YHR012W,YER090W,0,4.650529,0.23260436952114105,0.8108910918235779,0.2704704701900482
YDR059C,YGL087C,1,4.648099,0.2328222543001175,0.8118811845779419,0.2704704701900482
YMR173W,YOR382W,0,4.6465826,0.23275616765022278,0.8118811845779419,0.2705705761909485
YPL131W,YER019C-A,0,4.6433825,0.23269012570381165,0.8118811845779419,0.27067068219184875
YDR383C,YEL070W,0,4.641373,0.2326241135597229,0.8118811845779419,0.27077075839042664
YOR261C,YPL208W,0,4.639937,0.23255814611911774,0.8118811845779419,0.2708708643913269
YDR460W,YLR300W,0,4.6376505,0.23249220848083496,0.8118811845779419,0.2709709703922272
YGR180C,YEL043W,0,4.6369047,0.23242630064487457,0.8118811845779419,0.27107107639312744
YPL180W,YDR497C,0,4.636422,0.23236043751239777,0.8118811845779419,0.2711711823940277
YOL028C,YGL051W,0,4.6351614,0.23229461908340454,0.8118811845779419,0.2712712585926056
YER171W,YKL085W,0,4.633342,0.2322288304567337,0.8118811845779419,0.27137136459350586
YIL030C,YDL164C,1,4.6323996,0.23244620859622955,0.8128712773323059,0.27137136459350586
YKL130C,YBL092W,0,4.6304545,0.23238041996955872,0.8128712773323059,0.27147147059440613
YGR020C,YIL083C,1,4.6297,0.23259761929512024,0.8138613700866699,0.27147147059440613
YLL012W,YDL148C,0,4.6293,0.2325318306684494,0.8138613700866699,0.2715715765953064
YIL088C,YLL012W,0,4.629076,0.23246605694293976,0.8138613700866699,0.27167168259620667
YMR218C,YHR119W,0,4.6251287,0.2324003428220749,0.8138613700866699,0.27177175879478455
YFR031C,YJL155C,0,4.6222467,0.2323346585035324,0.8138613700866699,0.2718718647956848
YLR395C,YPL139C,0,4.611627,0.23226900398731232,0.8138613700866699,0.2719719707965851
YJR103W,YGR244C,1,4.61036,0.23248587548732758,0.8148514628410339,0.2719719707965851
YKR036C,YPL094C,0,4.6093435,0.23242022097110748,0.8148514628410339,0.27207207679748535
YOL158C,YKL201C,0,4.6082716,0.23235459625720978,0.8148514628410339,0.2721721827983856
YBR170C,YJL171C,0,4.606909,0.23228901624679565,0.8148514628410339,0.2722722589969635
YPR196W,YGR229C,0,4.6067905,0.2322234809398651,0.8148514628410339,0.27237236499786377
YKL010C,YBR115C,1,4.6064925,0.2324400544166565,0.815841555595398,0.27237236499786377
YOR291W,YOR274W,0,4.60309,0.23237450420856476,0.815841555595398,0.27247247099876404
YOL129W,YDL171C,0,4.6025925,0.2323089987039566,0.815841555595398,0.2725725769996643
YGR252W,YDR403W,0,4.6024265,0.23224352300167084,0.815841555595398,0.2726726830005646
YKL013C,YDL039C,0,4.602174,0.23217807710170746,0.815841555595398,0.27277275919914246
YJR103W,YBL039C,1,4.599794,0.23239436745643616,0.8168317079544067,0.27277275919914246
YMR200W,YLR050C,0,4.5988245,0.23232892155647278,0.8168317079544067,0.2728728652000427
YDR059C,YNL259C,0,4.5971947,0.23226352035999298,0.8168317079544067,0.272972971200943
YDR304C,YPL098C,0,4.5942907,0.23219814896583557,0.8168317079544067,0.27307307720184326
YPL027W,YBR010W,0,4.5941763,0.23213280737400055,0.8168317079544067,0.27317318320274353
YJR053W,YDR381C-A,0,4.5899267,0.2320675104856491,0.8168317079544067,0.2732732594013214
YDR457W,YBL091C-A,0,4.5855684,0.23200224339962006,0.8168317079544067,0.2733733654022217
YOR388C,YNL298W,0,4.584768,0.23193702101707458,0.8168317079544067,0.27347347140312195
YBR155W,YOR313C,0,4.5823154,0.2318718433380127,0.8168317079544067,0.2735735774040222
YDR083W,YJL166W,0,4.5811977,0.231806680560112,0.8168317079544067,0.2736736834049225
YPR002W,YGR171C,0,4.578835,0.23174157738685608,0.8168317079544067,0.27377375960350037
YPL064C,YOR089C,0,4.5782647,0.23167648911476135,0.8168317079544067,0.27387386560440063
YOR339C,YNL073W,1,4.5779285,0.2318921983242035,0.8178218007087708,0.27387386560440063
YPL196W,YJR031C,0,4.5753255,0.23182711005210876,0.8178218007087708,0.2739739716053009
YGR238C,YMR093W,0,4.5691233,0.23176206648349762,0.8178218007087708,0.27407407760620117
YMR176W,YIL076W,0,4.569043,0.23169705271720886,0.8178218007087708,0.27417418360710144
YKL130C,YOR226C,0,4.5662527,0.2316320836544037,0.8178218007087708,0.2742742598056793
YLL041C,YOR251C,0,4.554279,0.2315671443939209,0.8178218007087708,0.2743743658065796
YLL002W,YGL010W,0,4.5542746,0.2315022349357605,0.8178218007087708,0.27447447180747986
YOR074C,YMR033W,0,4.552223,0.23143737018108368,0.8178218007087708,0.2745745778083801
YOL145C,YJR051W,0,4.551688,0.23137255012989044,0.8178218007087708,0.2746746838092804
YNL271C,YGR095C,0,4.5471716,0.2313077598810196,0.8178218007087708,0.2747747600078583
YNL131W,YML056C,0,4.5446053,0.23124299943447113,0.8178218007087708,0.27487486600875854
YKL082C,YGL148W,0,4.5441523,0.23117828369140625,0.8178218007087708,0.2749749720096588
YGL058W,YKL210W,1,4.5428534,0.23139339685440063,0.8188118934631348,0.2749749720096588
YMR013C,YML132W,0,4.540336,0.23132866621017456,0.8188118934631348,0.2750750780105591
YOL038W,YMR194W,0,4.539609,0.23126398026943207,0.8188118934631348,0.27517518401145935
YFL054C,YER046W,0,4.5393424,0.23119932413101196,0.8188118934631348,0.2752752900123596
YJR127C,YDL206W,0,4.5393314,0.23113471269607544,0.8188118934631348,0.2753753662109375
YOR378W,YML052W,0,4.539094,0.2310701310634613,0.8188118934631348,0.27547547221183777
YDR460W,YGR112W,0,4.5368443,0.23100557923316956,0.8188118934631348,0.27557557821273804
YKL166C,YOR020C,0,4.5365863,0.2309410721063614,0.8188118934631348,0.2756756842136383
YIL145C,YLR153C,1,4.532505,0.23115578293800354,0.8198019862174988,0.2756756842136383
YLR314C,YFL002W-B,0,4.532096,0.23109126091003418,0.8198019862174988,0.2757757902145386
YGR020C,YOR230W,0,4.531066,0.2310267835855484,0.8198019862174988,0.27587586641311646
YOR237W,YCR011C,0,4.530544,0.230962336063385,0.8198019862174988,0.2759759724140167
YML032C,YJL112W,0,4.5285587,0.2308979332447052,0.8198019862174988,0.276076078414917
YNL008C,YGL190C,0,4.5279474,0.23083356022834778,0.8198019862174988,0.27617618441581726
YHR211W,YKL119C,0,4.526853,0.23076923191547394,0.8198019862174988,0.27627629041671753
YNL238W,YDR151C,0,4.526601,0.23070493340492249,0.8198019862174988,0.2763763666152954
YHR164C,YDR131C,0,4.5241575,0.23064066469669342,0.8198019862174988,0.2764764726161957
YEL022W,YOR317W,0,4.523333,0.23057644069194794,0.8198019862174988,0.27657657861709595
YDR296W,YDR281C,0,4.52302,0.23051224648952484,0.8198019862174988,0.2766766846179962
YDR034C,YPL113C,0,4.52153,0.23044809699058533,0.8198019862174988,0.2767767906188965
YHR074W,YBR127C,1,4.516773,0.23066221177577972,0.8207920789718628,0.2767767906188965
YNR004W,YHR058C,0,4.516494,0.23059804737567902,0.8207920789718628,0.27687686681747437
YNL258C,YGR084C,0,4.5162253,0.2305339276790619,0.8207920789718628,0.27697697281837463
YMR146C,YGL026C,0,4.5141735,0.23046983778476715,0.8207920789718628,0.2770770788192749
YDR381C-A,YHR008C,0,4.513081,0.2304057776927948,0.8207920789718628,0.27717718482017517
YER098W,YOR232W,0,4.509901,0.23034176230430603,0.8207920789718628,0.27727729082107544
YMR093W,YBR010W,0,4.5097303,0.23027777671813965,0.8207920789718628,0.2773773670196533
YFR031C,YBR155W,0,4.508606,0.23021383583545685,0.8207920789718628,0.2774774730205536
YDR144C,YML058W-A,0,4.5070996,0.23014990985393524,0.8207920789718628,0.27757757902145386
YOR274W,YNR072W,0,4.5067368,0.2300860434770584,0.8207920789718628,0.2776776850223541
YER049W,YGR112W,0,4.5065794,0.23002219200134277,0.8207920789718628,0.2777777910232544
YML058W-A,YDR281C,0,4.506168,0.22995838522911072,0.8207920789718628,0.2778778672218323
YPR196W,YPL082C,0,4.5059214,0.22989462316036224,0.8207920789718628,0.27797797322273254
YGR155W,YHR058C,0,4.5043483,0.22983089089393616,0.8207920789718628,0.2780780792236328
YOR377W,YDL208W,0,4.4980087,0.22976718842983246,0.8207920789718628,0.2781781852245331
YOL086C,YCR057C,0,4.4962955,0.22970351576805115,0.8207920789718628,0.27827829122543335
YGR118W,YAL031C,0,4.48717,0.22963988780975342,0.8207920789718628,0.27837836742401123
YBR294W,YFL023W,0,4.4864354,0.22957628965377808,0.8207920789718628,0.2784784734249115
YNL084C,YIL021W,0,4.4846163,0.22951273620128632,0.8207920789718628,0.27857857942581177
YOR298W,YLL040C,0,4.480566,0.22944921255111694,0.8207920789718628,0.27867868542671204
YGR034W,YCL032W,0,4.480205,0.22938571870326996,0.8207920789718628,0.2787787914276123
YKL168C,YKL053C-A,0,4.4794865,0.22932226955890656,0.8207920789718628,0.2788788676261902
YBL068W,YML109W,0,4.479049,0.22925885021686554,0.8207920789718628,0.27897897362709045
YNL032W,YBR096W,0,4.4789295,0.2291954606771469,0.8207920789718628,0.2790790796279907
YER050C,YLR301W,0,4.477146,0.22913211584091187,0.8207920789718628,0.279179185628891
YER103W,YNL304W,0,4.475176,0.2290688008069992,0.8207920789718628,0.27927929162979126
YDR512C,YDR262W,0,4.4751244,0.22900553047657013,0.8207920789718628,0.27937936782836914
YHR179W,YLL004W,0,4.4729133,0.22894227504730225,0.8207920789718628,0.2794794738292694
YDR453C,YHL034C,0,4.471572,0.22887907922267914,0.8207920789718628,0.2795795798301697
YAL016W,YER046W,0,4.471497,0.22881589829921722,0.8207920789718628,0.27967968583106995
YKL013C,YDL245C,0,4.471123,0.2287527620792389,0.8207920789718628,0.2797797918319702
YEL012W,YMR087W,0,4.470915,0.22868965566158295,0.8207920789718628,0.2798798680305481
YMR300C,YNR060W,0,4.468774,0.2286265790462494,0.8207920789718628,0.27997997403144836
YMR250W,YPL096W,0,4.468429,0.22856354713439941,0.8207920789718628,0.28008008003234863
YER175C,YGR185C,0,4.4679375,0.22850054502487183,0.8207920789718628,0.2801801860332489
YDR499W,YLR024C,0,4.4652743,0.22843758761882782,0.8207920789718628,0.28028029203414917
YPL083C,YPR080W,0,4.464658,0.2283746600151062,0.8207920789718628,0.28038036823272705
YLR157C,YAL054C,0,4.462416,0.22831176221370697,0.8207920789718628,0.2804804742336273
YDR030C,YMR065W,0,4.4618874,0.22824889421463013,0.8207920789718628,0.2805805802345276
YPL099C,YKL206C,0,4.4603395,0.22818607091903687,0.8207920789718628,0.28068068623542786
YOR355W,YGL148W,0,4.459408,0.228123277425766,0.8207920789718628,0.2807807922363281
YGL183C,YLR145W,0,4.4588337,0.2280605286359787,0.8207920789718628,0.280880868434906
YCR052W,YOR180C,0,4.4581676,0.2279977947473526,0.8207920789718628,0.2809809744358063
YDL059C,YGR113W,0,4.455706,0.22793510556221008,0.8207920789718628,0.28108108043670654
YBL080C,YBR218C,1,4.455579,0.22814732789993286,0.8217821717262268,0.28108108043670654
YDR146C,YMR115W,0,4.454079,0.22808463871479034,0.8217821717262268,0.2811811864376068
YNR017W,YBL029C-A,0,4.4532585,0.22802197933197021,0.8217821717262268,0.2812812924385071
YDL227C,YGR239C,0,4.45229,0.22795934975147247,0.8217821717262268,0.28138136863708496
YPR182W,YJR057W,0,4.446098,0.2278967648744583,0.8217821717262268,0.28148147463798523
YGR281W,YGR185C,0,4.445099,0.22783420979976654,0.8217821717262268,0.2815815806388855
YPL190C,YJL130C,1,4.439319,0.22804610431194305,0.8227722644805908,0.2815815806388855
YBR095C,YNL239W,0,4.4391193,0.2279835343360901,0.8227722644805908,0.28168168663978577
YOR025W,YBL029C-A,0,4.4378457,0.2279210090637207,0.8227722644805908,0.28178179264068604
YNL117W,YER125W,0,4.434953,0.2278585135936737,0.8227722644805908,0.2818818688392639
YAL016W,YAL029C,0,4.4348183,0.2277960479259491,0.8227722644805908,0.2819819748401642
YNL284C-A,YKL124W,0,4.4340863,0.22773362696170807,0.8227722644805908,0.28208208084106445
YFL048C,YMR114C,0,4.4272375,0.22767123579978943,0.8227722644805908,0.2821821868419647
YDR090C,YGL237C,0,4.4265976,0.22760887444019318,0.8227722644805908,0.282282292842865
YNL283C,YOR317W,0,4.424548,0.2275465428829193,0.8227722644805908,0.28238236904144287
YBR282W,YDR392W,0,4.4242363,0.22748425602912903,0.8227722644805908,0.28248247504234314
YLR107W,YLL017W,0,4.4230585,0.22742199897766113,0.8227722644805908,0.2825825810432434
YPR194C,YBR170C,0,4.4228106,0.22735978662967682,0.8227722644805908,0.2826826870441437
YGR252W,YGL030W,0,4.4189525,0.2272975891828537,0.8227722644805908,0.28278279304504395
YPR137W,YLL033W,0,4.41387,0.22723543643951416,0.8227722644805908,0.2828828692436218
YDL097C,YCL052C,0,4.4125943,0.227173313498497,0.8227722644805908,0.2829829752445221
YNL238W,YHR135C,0,4.4103146,0.22711123526096344,0.8227722644805908,0.28308308124542236
YKL007W,YDR381C-A,0,4.409627,0.22704918682575226,0.8227722644805908,0.28318318724632263
YKR036C,YBL029C-A,0,4.406962,0.22698716819286346,0.8227722644805908,0.2832832932472229
YBR260C,YLR251W,0,4.405729,0.22692517936229706,0.8227722644805908,0.2833833694458008
YLR153C,YBR094W,1,4.40084,0.22713622450828552,0.8237623572349548,0.2833833694458008
YIL128W,YDL078C,0,4.40018,0.22707423567771912,0.8237623572349548,0.28348347544670105
YHL012W,YOR338W,0,4.3948116,0.2270122766494751,0.8237623572349548,0.2835835814476013
YDL107W,YOR378W,0,4.394647,0.22695034742355347,0.8237623572349548,0.2836836874485016
YOL004W,YNL080C,0,4.392566,0.22688846290111542,0.8237623572349548,0.28378379344940186
YDR322C-A,YBR222C,1,4.3920774,0.2270992398262024,0.8247524499893188,0.28378379344940186
YMR020W,YJL191W,0,4.391742,0.22703734040260315,0.8247524499893188,0.28388386964797974
YPL167C,YKL165C,0,4.3909435,0.2269754707813263,0.8247524499893188,0.28398397564888
YPR187W,YGL026C,0,4.38968,0.22691364586353302,0.8247524499893188,0.2840840816497803
YOR147W,YDR381C-A,0,4.3884096,0.22685185074806213,0.8247524499893188,0.28418418765068054
YBR183W,YLR033W,0,4.386797,0.22679008543491364,0.8247524499893188,0.2842842936515808
YPL087W,YOR393W,0,4.385523,0.22672836482524872,0.8247524499893188,0.2843843698501587
YKR057W,YER168C,0,4.384814,0.2266666740179062,0.8247524499893188,0.28448447585105896
YDL074C,YIR039C,0,4.384668,0.22660499811172485,0.8247524499893188,0.28458458185195923
YDL028C,YOL043C,0,4.382272,0.2265433818101883,0.8247524499893188,0.2846846878528595
YDR304C,YOL101C,0,4.381963,0.22648178040981293,0.8247524499893188,0.28478479385375977
YDR405W,YBR187W,0,4.38161,0.22642022371292114,0.8247524499893188,0.28488487005233765
YER013W,YDR207C,0,4.3812037,0.22635869681835175,0.8247524499893188,0.2849849760532379
YGR229C,YHR135C,0,4.3810983,0.22629719972610474,0.8247524499893188,0.2850850820541382
YPR002W,YMR046C,0,4.3808727,0.2262357473373413,0.8247524499893188,0.28518518805503845
YJR057W,YGL190C,0,4.3804035,0.22617430984973907,0.8247524499893188,0.2852852940559387
YGL068W,YPR152C,0,4.379983,0.22611291706562042,0.8247524499893188,0.285385400056839
YOR074C,YKR035W-A,0,4.3775253,0.22605155408382416,0.8247524499893188,0.28548547625541687
YNL073W,YOR317W,1,4.3772917,0.22626152634620667,0.8257426023483276,0.28548547625541687
YER050C,YPL180W,0,4.3749557,0.2262001633644104,0.8257426023483276,0.28558558225631714
YIL021W,YDR470C,0,4.3701706,0.22613883018493652,0.8257426023483276,0.2856856882572174
YGL083W,YMR146C,0,4.3697553,0.22607752680778503,0.8257426023483276,0.2857857942581177
YFR029W,YPR163C,0,4.367625,0.22601625323295593,0.8257426023483276,0.28588590025901794
YFR013W,YOR020C,0,4.367304,0.2259550243616104,0.8257426023483276,0.2859859764575958
YAR002C-A,YMR210W,0,4.365912,0.22589382529258728,0.8257426023483276,0.2860860824584961
YDR131C,YCL026C-B,0,4.365305,0.22583265602588654,0.8257426023483276,0.28618618845939636
YJL024C,YAR031W,0,4.364228,0.22577151656150818,0.8257426023483276,0.28628629446029663
YLR047C,YIL042C,0,4.364213,0.2257104218006134,0.8257426023483276,0.2863864004611969
YOL107W,YGR155W,0,4.3625603,0.22564935684204102,0.8257426023483276,0.2864864766597748
YKR008W,YPR006C,0,4.3602786,0.22558832168579102,0.8257426023483276,0.28658658266067505
YML099C,YDR476C,0,4.3591566,0.2255273163318634,0.8257426023483276,0.2866866886615753
YIL088C,YKL064W,0,4.3574953,0.22546634078025818,0.8257426023483276,0.2867867946624756
YKL013C,YEL040W,0,4.3572364,0.22540540993213654,0.8257426023483276,0.28688690066337585
YHR047C,YNR003C,0,4.356901,0.22534450888633728,0.8257426023483276,0.28698697686195374
YNL304W,YCR011C,0,4.3524055,0.2252836376428604,0.8257426023483276,0.287087082862854
YDL142C,YAR035W,0,4.350238,0.22522279620170593,0.8257426023483276,0.2871871888637543
YBR125C,YDL084W,0,4.3462553,0.22516198456287384,0.8257426023483276,0.28728729486465454
YBR080C,YLR213C,0,4.345974,0.22510121762752533,0.8257426023483276,0.2873874008655548
YFR036W,YER104W,0,4.341025,0.2250404804944992,0.8257426023483276,0.2874874770641327
YBR155W,YDR304C,0,4.340514,0.22497977316379547,0.8257426023483276,0.28758758306503296
YMR207C,YHR171W,1,4.3393536,0.22518877685070038,0.8267326951026917,0.28758758306503296
YCL018W,YNL223W,0,4.338002,0.22512806951999664,0.8267326951026917,0.2876876890659332
YIL083C,YKR044W,0,4.337588,0.2250673919916153,0.8267326951026917,0.2877877950668335
YER022W,YMR077C,0,4.3361325,0.22500672936439514,0.8267326951026917,0.28788790106773376
YNL008C,YJL172W,0,4.336008,0.22494612634181976,0.8267326951026917,0.28798797726631165
YGL172W,YPR133W-A,0,4.335665,0.22488553822040558,0.8267326951026917,0.2880880832672119
YLR130C,YMR099C,0,4.328288,0.22482497990131378,0.8267326951026917,0.2881881892681122
YGL180W,YOR351C,0,4.3270664,0.22476446628570557,0.8267326951026917,0.28828829526901245
YLR285W,YHR174W,0,4.3253784,0.22470398247241974,0.8267326951026917,0.2883884012699127
YMR078C,YDR218C,0,4.3224726,0.2246435284614563,0.8267326951026917,0.2884884774684906
YDR369C,YMR267W,0,4.321553,0.22458310425281525,0.8267326951026917,0.28858858346939087
YBR059C,YDL225W,0,4.320115,0.22452272474765778,0.8267326951026917,0.28868868947029114
YPL119C,YFL013C,0,4.3189077,0.2244623601436615,0.8267326951026917,0.2887887954711914
YDR389W,YMR114C,0,4.3182907,0.2244020402431488,0.8267326951026917,0.2888889014720917
YBL092W,YOR351C,0,4.3173294,0.2243417501449585,0.8267326951026917,0.28898897767066956
YKL013C,YPR149W,0,4.3152637,0.22428148984909058,0.8267326951026917,0.2890890836715698
YGL209W,YMR182C,0,4.3151765,0.22422127425670624,0.8267326951026917,0.2891891896724701
YNL095C,YGR112W,0,4.314784,0.2241610735654831,0.8267326951026917,0.28928929567337036
YNL271C,YLR394W,0,4.314304,0.22410091757774353,0.8267326951026917,0.28938940167427063
YLR219W,YML006C,0,4.309363,0.22404077649116516,0.8267326951026917,0.2894894778728485
YNL232W,YPL183W-A,0,4.3087564,0.22398068010807037,0.8267326951026917,0.2895895838737488
YPR060C,YKR026C,0,4.307334,0.22392062842845917,0.8267326951026917,0.28968968987464905
YER014C-A,YDL148C,0,4.307149,0.22386059165000916,0.8267326951026917,0.2897897958755493
YOR212W,YBR093C,0,4.3054194,0.22380058467388153,0.8267326951026917,0.2898899018764496
YOR145C,YGL162W,0,4.305321,0.2237406224012375,0.8267326951026917,0.28998997807502747
YDL141W,YOL010W,1,4.3024197,0.22394856810569763,0.8277227878570557,0.28998997807502747
YOR261C,YLR153C,0,4.302162,0.2238885909318924,0.8277227878570557,0.29009008407592773
YDR146C,YIL042C,0,4.301032,0.22382864356040955,0.8277227878570557,0.290190190076828
YEL031W,YML071C,0,4.2975817,0.22376874089241028,0.8277227878570557,0.29029029607772827
YDR207C,YOR098C,0,4.295607,0.2237088531255722,0.8277227878570557,0.29039040207862854
YPL151C,YHR002W,0,4.293504,0.2236490100622177,0.8277227878570557,0.2904904782772064
YGR216C,YIR032C,0,4.2923865,0.2235891968011856,0.8277227878570557,0.2905905842781067
YDL064W,YEL019C,1,4.2911696,0.2237967848777771,0.8287128806114197,0.2905905842781067
YOR145C,YEL056W,0,4.2910194,0.223736971616745,0.8287128806114197,0.29069069027900696
YDR283C,YHR011W,1,4.290515,0.22394441068172455,0.8297029733657837,0.29069069027900696
YDR174W,YCL026C-B,0,4.2892885,0.22388458251953125,0.8297029733657837,0.2907907962799072
YKL015W,YGL103W,0,4.289012,0.22382478415966034,0.8297029733657837,0.2908909022808075
YKR066C,YDR164C,0,4.285334,0.22376501560211182,0.8297029733657837,0.2909909784793854
YER103W,YJL192C,0,4.282516,0.22370529174804688,0.8297029733657837,0.29109108448028564
YLR029C,YKR006C,0,4.2818756,0.22364558279514313,0.8297029733657837,0.2911911904811859
YBR274W,YBR096W,0,4.277879,0.22358591854572296,0.8297029733657837,0.2912912964820862
YPL104W,YLR164W,0,4.277265,0.223526269197464,0.8297029733657837,0.29139140248298645
YOR310C,YML112W,0,4.276757,0.2234666645526886,0.8297029733657837,0.29149147868156433
YBR182C,YNL309W,0,4.2750278,0.2234070897102356,0.8297029733657837,0.2915915846824646
YDR414C,YCL026C-B,0,4.274983,0.22334754467010498,0.8297029733657837,0.29169169068336487
YMR293C,YEL019C,1,4.274791,0.22355449199676514,0.8306930661201477,0.29169169068336487
YDL206W,YIL094C,0,4.2708745,0.22349493205547333,0.8306930661201477,0.29179179668426514
YPR162C,YNL016W,0,4.2692165,0.2234354168176651,0.8306930661201477,0.2918919026851654
YJR036C,YBR192W,0,4.26558,0.22337593138217926,0.8306930661201477,0.2919919788837433
YDL246C,YOR294W,0,4.2650976,0.2233164757490158,0.8306930661201477,0.29209208488464355
YKR057W,YER019C-A,0,4.264969,0.22325704991817474,0.8306930661201477,0.2921921908855438
YMR218C,YKL189W,0,4.26126,0.22319765388965607,0.8306930661201477,0.2922922968864441
YKL074C,YPL078C,0,4.255171,0.22313830256462097,0.8306930661201477,0.29239240288734436
YIL134W,YIL042C,0,4.253251,0.22307896614074707,0.8306930661201477,0.29249247908592224
YDR263C,YBR282W,0,4.2504773,0.22301967442035675,0.8306930661201477,0.2925925850868225
YMR176W,YOR194C,0,4.2500305,0.22296039760112762,0.8306930661201477,0.2926926910877228
YKL103C,YNR010W,0,4.249917,0.22290116548538208,0.8306930661201477,0.29279279708862305
YKR054C,YBL098W,0,4.2491083,0.22284196317195892,0.8306930661201477,0.2928929030895233
YGL244W,YCL026C-B,0,4.2480154,0.22278279066085815,0.8306930661201477,0.2929929792881012
YNL271C,YGR084C,0,4.247274,0.22272364795207977,0.8306930661201477,0.29309308528900146
YPL104W,YBR026C,0,4.244712,0.22266454994678497,0.8306930661201477,0.29319319128990173
YPR080W,YOR261C,0,4.2422457,0.22260546684265137,0.8306930661201477,0.293293297290802
YDR131C,YPL196W,0,4.2413692,0.22254641354084015,0.8306930661201477,0.29339340329170227
YKR071C,YKR002W,0,4.238491,0.2224874049425125,0.8306930661201477,0.29349347949028015
YGL209W,YBR155W,0,4.2340293,0.22242842614650726,0.8306930661201477,0.2935935854911804
YGR268C,YPR138C,0,4.233535,0.2223694622516632,0.8306930661201477,0.2936936914920807
YPR011C,YJR031C,0,4.2334723,0.22231054306030273,0.8306930661201477,0.29379379749298096
YDR026C,YML028W,0,4.233411,0.22225165367126465,0.8306930661201477,0.2938939034938812
YBR094W,YGL087C,1,4.223176,0.2224576324224472,0.8316831588745117,0.2938939034938812
YDL078C,YOR313C,0,4.22166,0.22239872813224792,0.8316831588745117,0.2939939796924591
YOR304C-A,YGL226C-A,0,4.2215853,0.22233986854553223,0.8316831588745117,0.2940940856933594
YDR454C,YPR160W,0,4.2213645,0.22228102385997772,0.8316831588745117,0.29419419169425964
YMR168C,YDL045W-A,0,4.2197647,0.2222222238779068,0.8316831588745117,0.2942942976951599
YAR035W,YDR195W,0,4.2197056,0.22216345369815826,0.8316831588745117,0.2943944036960602
YDR205W,YDR369C,0,4.2180195,0.22210471332073212,0.8316831588745117,0.29449447989463806
YLR312W-A,YER165W,0,4.2156634,0.22204598784446716,0.8316831588745117,0.29459458589553833
YKL117W,YDR373W,0,4.2126465,0.22198732197284698,0.8316831588745117,0.2946946918964386
YCL043C,YDR496C,0,4.211049,0.221928671002388,0.8316831588745117,0.29479479789733887
YEL069C,YHR074W,0,4.209482,0.2218700498342514,0.8316831588745117,0.29489490389823914
YJL187C,YOR382W,0,4.208415,0.2218114584684372,0.8316831588745117,0.294994980096817
YOL111C,YDR381C-A,0,4.207773,0.22175289690494537,0.8316831588745117,0.2950950860977173
YHR164C,YMR308C,0,4.2059093,0.22169438004493713,0.8316831588745117,0.29519519209861755
YOL090W,YER115C,0,4.2057886,0.2216358780860901,0.8316831588745117,0.2952952980995178
YOL102C,YNR044W,0,4.202146,0.22157742083072662,0.8316831588745117,0.2953954041004181
YDR499W,YER090W,0,4.201178,0.22151899337768555,0.8316831588745117,0.29549551010131836
YJL011C,YBR294W,0,4.1994257,0.22146058082580566,0.8316831588745117,0.29559558629989624
YPL087W,YBL098W,0,4.1975102,0.22140221297740936,0.8316831588745117,0.2956956923007965
YGR255C,YDR373W,0,4.1967087,0.22134387493133545,0.8316831588745117,0.2957957983016968
YNL281W,YJL103C,0,4.1946564,0.22128556668758392,0.8316831588745117,0.29589590430259705
YBR006W,YJL004C,0,4.1943536,0.22122728824615479,0.8316831588745117,0.2959960103034973
YLL029W,YJL011C,0,4.194172,0.22116903960704803,0.8316831588745117,0.2960960865020752
YAL054C,YLR164W,0,4.1933174,0.22111082077026367,0.8316831588745117,0.29619619250297546
YOR287C,YDR444W,0,4.1923366,0.2210526317358017,0.8316831588745117,0.29629629850387573
YJR055W,YDR454C,0,4.189234,0.2209944725036621,0.8316831588745117,0.296396404504776
YPR111W,YJL141C,0,4.1891346,0.2209363430738449,0.8316831588745117,0.29649651050567627
YJR004C,YOL026C,0,4.1887136,0.2208782583475113,0.8316831588745117,0.29659658670425415
YHR091C,YIL083C,1,4.187083,0.22108307480812073,0.8326732516288757,0.29659658670425415
YOR291W,YOL107W,0,4.18427,0.22102496027946472,0.8326732516288757,0.2966966927051544
YGL209W,YEL030W,0,4.1833706,0.2209668904542923,0.8326732516288757,0.2967967987060547
YHR030C,YBR093C,0,4.1816235,0.22090885043144226,0.8326732516288757,0.29689690470695496
YNR004W,YER145C,0,4.180703,0.2208508402109146,0.8326732516288757,0.2969970107078552
YDR090C,YGR034W,0,4.1806226,0.22079285979270935,0.8326732516288757,0.2970970869064331
YJR021C,YMR033W,0,4.1805706,0.22073490917682648,0.8326732516288757,0.2971971929073334
YER087W,YDR159W,0,4.1790414,0.220676988363266,0.8326732516288757,0.29729729890823364
YKR103W,YGR285C,0,4.1768675,0.2206190973520279,0.8326732516288757,0.2973974049091339
YDR310C,YOR226C,0,4.1760273,0.22056123614311218,0.8326732516288757,0.2974975109100342
YMR089C,YMR213W,0,4.1756096,0.22050340473651886,0.8326732516288757,0.29759758710861206
YER013W,YOR274W,0,4.174165,0.22044560313224792,0.8326732516288757,0.29769769310951233
YMR203W,YLR020C,0,4.174076,0.22038784623146057,0.8326732516288757,0.2977977991104126
YPL223C,YPL244C,0,4.17226,0.2203301042318344,0.8326732516288757,0.29789790511131287
YJL087C,YKR054C,0,4.1711755,0.22027239203453064,0.8326732516288757,0.29799801111221313
YMR194W,YCL026C-B,0,4.1694326,0.22021470963954926,0.8326732516288757,0.298098087310791
YPR113W,YGR010W,0,4.1693444,0.22015707194805145,0.8326732516288757,0.2981981933116913
YAL063C,YHR061C,0,4.168459,0.22009944915771484,0.8326732516288757,0.29829829931259155
YBR208C,YKL210W,1,4.1679792,0.2203035056591034,0.8336633443832397,0.29829829931259155
YFL033C,YBR173C,0,4.167017,0.22024588286876678,0.8336633443832397,0.2983984053134918
YKL103C,YMR180C,0,4.166895,0.22018828988075256,0.8336633443832397,0.2984985113143921
YOR274W,YBR093C,0,4.166861,0.22013071179389954,0.8336633443832397,0.29859858751296997
YGL014W,YOL054W,0,4.1658154,0.2200731784105301,0.8336633443832397,0.29869869351387024
YEL031W,YNL110C,0,4.16575,0.22001567482948303,0.8336633443832397,0.2987987995147705
YPL150W,YGL112C,0,4.16442,0.21995820105075836,0.8336633443832397,0.2988989055156708
YJR092W,YIL142W,0,4.164103,0.21990075707435608,0.8336633443832397,0.29899901151657104
YGR268C,YNL110C,0,4.162175,0.21984334290027618,0.8336633443832397,0.2990990877151489
YMR238W,YBR115C,0,4.159525,0.21978595852851868,0.8336633443832397,0.2991991937160492
YHR085W,YER046W,0,4.158959,0.21972860395908356,0.8336633443832397,0.29929929971694946
YER117W,YPL208W,0,4.1571994,0.21967127919197083,0.8336633443832397,0.29939940571784973
YGL225W,YJL130C,0,4.15603,0.21961398422718048,0.8336633443832397,0.29949951171875
YJL053W,YPL183W-A,0,4.1552005,0.21955671906471252,0.8336633443832397,0.2995995879173279
YIL006W,YNR035C,0,4.1540804,0.21949948370456696,0.8336633443832397,0.29969969391822815
YKL096W-A,YLR251W,0,4.1531835,0.21944227814674377,0.8336633443832397,0.2997997999191284
YJL187C,YGR072W,0,4.1528463,0.21938510239124298,0.8336633443832397,0.2998999059200287
YKL038W,YJL191W,0,4.1512823,0.21932795643806458,0.8336633443832397,0.30000001192092896
YPR002W,YDR240C,0,4.150113,0.21927084028720856,0.8336633443832397,0.30010008811950684
YDR389W,YNL080C,0,4.1498966,0.21921373903751373,0.8336633443832397,0.3002001941204071
YIR038C,YLR033W,0,4.1489587,0.2191566824913025,0.8336633443832397,0.3003003001213074
YGR282C,YGL030W,0,4.147681,0.21909965574741364,0.8336633443832397,0.30040040612220764
YER125W,YML056C,0,4.1475534,0.21904265880584717,0.8336633443832397,0.3005005121231079
YIL108W,YKR068C,0,4.147282,0.2189856916666031,0.8336633443832397,0.3006005883216858
YOL165C,YJL117W,0,4.147131,0.2189287543296814,0.8336633443832397,0.30070069432258606
YIL094C,YCL026C-B,0,4.146185,0.2188718467950821,0.8336633443832397,0.30080080032348633
YJL166W,YGR276C,0,4.144514,0.21881496906280518,0.8336633443832397,0.3009009063243866
YDL246C,YPL163C,0,4.1435585,0.21875812113285065,0.8336633443832397,0.30100101232528687
YPR091C,YFL054C,0,4.1400843,0.2187013030052185,0.8336633443832397,0.30110108852386475
YDR411C,YPL110C,0,4.1391573,0.21864451467990875,0.8336633443832397,0.301201194524765
YPR135W,YML036W,0,4.138484,0.2185877412557602,0.8336633443832397,0.3013013005256653
YGL200C,YBR187W,0,4.1340575,0.21853101253509521,0.8336633443832397,0.30140140652656555
YPR158C-C,YDL077C,0,4.1339493,0.21847431361675262,0.8336633443832397,0.3015015125274658
YLR219W,YOR215C,0,4.1336346,0.21841764450073242,0.8336633443832397,0.3016015887260437
YKL009W,YOR251C,0,4.1307044,0.2183609902858734,0.8336633443832397,0.30170169472694397
YDL055C,YMR272C,0,4.1297283,0.21830438077449799,0.8336633443832397,0.30180180072784424
YOR283W,YGR010W,0,4.1294317,0.21824780106544495,0.8336633443832397,0.3019019067287445
YJL166W,YPL112C,0,4.1285334,0.2181912362575531,0.8336633443832397,0.3020020127296448
YER098W,YDR211W,0,4.1275444,0.21813471615314484,0.8336633443832397,0.30210208892822266
YGR238C,YLR042C,0,4.126794,0.21807821094989777,0.8336633443832397,0.3022021949291229
YOL086C,YLR285W,0,4.1236696,0.21802175045013428,0.8336633443832397,0.3023023009300232
YNL008C,YCL057W,0,4.123609,0.21796530485153198,0.8336633443832397,0.30240240693092346
YKR068C,YBR072W,0,4.1234584,0.21790890395641327,0.8336633443832397,0.30250251293182373
YGL225W,YGL236C,0,4.120844,0.21785251796245575,0.8336633443832397,0.3026025891304016
YJL053W,YLL061W,0,4.120514,0.2177961766719818,0.8336633443832397,0.3027026951313019
YEL036C,YDR381C-A,0,4.12032,0.21773985028266907,0.8336633443832397,0.30280280113220215
YJL005W,YER002W,0,4.1202207,0.2176835536956787,0.8336633443832397,0.3029029071331024
YBR247C,YDL028C,0,4.1182456,0.21762728691101074,0.8336633443832397,0.3030030131340027
YOL155C,YGL010W,0,4.1145916,0.21757106482982635,0.8336633443832397,0.30310308933258057
YAL038W,YKL165C,0,4.1144047,0.21751485764980316,0.8336633443832397,0.30320319533348083
YDL015C,YOL028C,0,4.1106987,0.21745868027210236,0.8336633443832397,0.3033033013343811
YJR010W,YCL026C-B,0,4.1072645,0.21740253269672394,0.8336633443832397,0.30340340733528137
YKR019C,YML128C,0,4.1054406,0.2173464149236679,0.8336633443832397,0.30350351333618164
YDL206W,YNL262W,0,4.102338,0.21729032695293427,0.8336633443832397,0.3036035895347595
YGR081C,YDL245C,0,4.1009555,0.217234268784523,0.8336633443832397,0.3037036955356598
YBL029C-A,YIR039C,0,4.10042,0.21717822551727295,0.8336633443832397,0.30380380153656006
YLR295C,YKL034W,1,4.0980406,0.217380091547966,0.8346534371376038,0.30380380153656006
YOR378W,YLR344W,0,4.097663,0.21732404828071594,0.8346534371376038,0.3039039075374603
YLR295C,YER017C,0,4.0972166,0.21726803481578827,0.8346534371376038,0.3040040135383606
YLR009W,YML056C,0,4.0944986,0.21721206605434418,0.8346534371376038,0.3041040897369385
YDR414C,YFL010W-A,0,4.0928683,0.21715611219406128,0.8346534371376038,0.30420419573783875
YGL060W,YMR304W,0,4.0926104,0.21710017323493958,0.8346534371376038,0.304304301738739
YJL112W,YPL093W,0,4.091693,0.21704427897930145,0.8346534371376038,0.3044044077396393
YGL183C,YPL104W,0,4.090412,0.21698841452598572,0.8346534371376038,0.30450451374053955
YCL043C,YIL020C,0,4.088715,0.21693257987499237,0.8346534371376038,0.30460458993911743
YBR196C,YLR329W,0,4.084262,0.2168767750263214,0.8346534371376038,0.3047046959400177
YLR395C,YHR058C,0,4.0829945,0.21682098507881165,0.8346534371376038,0.30480480194091797
YDR364C,YOR313C,0,4.080639,0.21676523983478546,0.8346534371376038,0.30490490794181824
YPL150W,YBR170C,0,4.0781283,0.21670950949192047,0.8346534371376038,0.3050050139427185
YDR079W,YOR393W,0,4.073492,0.21665382385253906,0.8346534371376038,0.3051051199436188
YHR074W,YIL030C,1,4.0729218,0.21685509383678436,0.8356435894966125,0.3051051199436188
YOR216C,YKL095W,0,4.0677223,0.21679937839508057,0.8356435894966125,0.30520519614219666
YHR004C,YKR006C,0,4.065667,0.21674370765686035,0.8356435894966125,0.3053053021430969
YLR295C,YIL048W,0,4.064467,0.21668806672096252,0.8356435894966125,0.3054054081439972
YGL037C,YOL026C,0,4.0632367,0.2166324406862259,0.8356435894966125,0.30550551414489746
YNL309W,YGR027C,0,4.0603456,0.21657685935497284,0.8356435894966125,0.30560562014579773
YHR179W,YPR080W,0,4.060025,0.21652129292488098,0.8356435894966125,0.3057056963443756
YKR035W-A,YNL262W,0,4.059949,0.2164657562971115,0.8356435894966125,0.3058058023452759
YCL032W,YDL077C,0,4.0569634,0.21641024947166443,0.8356435894966125,0.30590590834617615
YDR296W,YLR344W,0,4.056434,0.21635478734970093,0.8356435894966125,0.3060060143470764
YOR274W,YDR405W,0,4.0560527,0.21629934012889862,0.8356435894966125,0.3061061203479767
YKR054C,YGR169C,0,4.0559654,0.2162439078092575,0.8356435894966125,0.30620619654655457
YBR196C,YMR117C,0,4.053589,0.21618852019309998,0.8356435894966125,0.30630630254745483
YLR314C,YOR074C,0,4.0534534,0.21613316237926483,0.8356435894966125,0.3064064085483551
YPR091C,YJL085W,0,4.0505247,0.21607783436775208,0.8356435894966125,0.30650651454925537
YPL188W,YNR015W,0,4.050296,0.2160225212574005,0.8356435894966125,0.30660662055015564
YOR215C,YIL083C,1,4.048854,0.21622313559055328,0.8366336822509766,0.30660662055015564
YER049W,YDR457W,0,4.0486755,0.21616782248020172,0.8366336822509766,0.3067066967487335
YNL160W,YNL219C,0,4.047064,0.21611253917217255,0.8366336822509766,0.3068068027496338
YMR228W,YPR152C,0,4.0464363,0.21605727076530457,0.8366336822509766,0.30690690875053406
YOL102C,YFR036W,0,4.0417604,0.21600204706192017,0.8366336822509766,0.3070070147514343
YPR190C,YNL259C,0,4.041396,0.21594683825969696,0.8366336822509766,0.3071071207523346
YDR512C,YJR053W,0,4.0412564,0.21589167416095734,0.8366336822509766,0.3072071969509125
YNL163C,YJR028W,0,4.039132,0.2158365249633789,0.8366336822509766,0.30730730295181274
YPR080W,YOR089C,0,4.0391307,0.21578140556812286,0.8366336822509766,0.307407408952713
YJL141C,YDR389W,0,4.037776,0.2157263159751892,0.8366336822509766,0.3075075149536133
YOR323C,YOR275C,0,4.036847,0.21567125618457794,0.8366336822509766,0.30760762095451355
YEL022W,YJL214W,0,4.0363483,0.21561622619628906,0.8366336822509766,0.30770769715309143
YNL247W,YIL083C,1,4.0362444,0.21581633388996124,0.8376237750053406,0.30770769715309143
YFL010W-A,YNL307C,0,4.034992,0.21576128900051117,0.8376237750053406,0.3078078031539917
YHR047C,YPR159W,0,4.034721,0.21570627391338348,0.8376237750053406,0.30790790915489197
YOL151W,YER087C-B,0,4.027508,0.21565128862857819,0.8376237750053406,0.30800801515579224
YFL039C,YPL234C,1,4.0273623,0.21585117280483246,0.8386138677597046,0.30800801515579224
YOR323C,YIL048W,0,4.0266485,0.21579617261886597,0.8386138677597046,0.3081081211566925
YJR107W,YMR038C,0,4.026093,0.21574121713638306,0.8386138677597046,0.3082081973552704
YKL093W,YFR021W,0,4.025625,0.21568627655506134,0.8386138677597046,0.30830830335617065
YOL111C,YKL001C,0,4.0240602,0.215631365776062,0.8386138677597046,0.3084084093570709
YKR101W,YBR026C,0,4.023889,0.21557648479938507,0.8386138677597046,0.3085085153579712
YBR150C,YKL094W,0,4.02265,0.21552163362503052,0.8386138677597046,0.30860862135887146
YLR060W,YBR115C,1,4.0217037,0.21572118997573853,0.8396039605140686,0.30860862135887146
YPL083C,YBL034C,0,4.0197406,0.21566632390022278,0.8396039605140686,0.30870869755744934
YDR059C,YKR028W,0,4.019195,0.21561148762702942,0.8396039605140686,0.3088088035583496
YDL206W,YOR025W,0,4.017424,0.21555668115615845,0.8396039605140686,0.3089089095592499
YGL083W,YNR003C,0,4.0133195,0.21550190448760986,0.8396039605140686,0.30900901556015015
YDR072C,YER087C-B,0,4.0126514,0.21544715762138367,0.8396039605140686,0.3091091215610504
YCR093W,YGR179C,0,4.0120997,0.21539242565631866,0.8396039605140686,0.3092091977596283
YFL033C,YLR033W,0,4.0112395,0.21533773839473724,0.8396039605140686,0.30930930376052856
YBR115C,YDR341C,1,4.010211,0.2155369371175766,0.8405940532684326,0.30930930376052856
YGL060W,YFL017W-A,0,4.0089645,0.21548223495483398,0.8405940532684326,0.30940940976142883
YGR085C,YOR327C,0,4.006789,0.21542756259441376,0.8405940532684326,0.3095095157623291
YDL227C,YOR089C,0,4.0065126,0.21537290513515472,0.8405940532684326,0.30960962176322937
YJL166W,YBR096W,0,4.00622,0.21531829237937927,0.8405940532684326,0.30970969796180725
YFL045C,YHR168W,0,4.004013,0.21526369452476501,0.8405940532684326,0.3098098039627075
YOL086C,YJL144W,0,4.002671,0.21520912647247314,0.8405940532684326,0.3099099099636078
YIL143C,YGL060W,0,4.0013113,0.21515458822250366,0.8405940532684326,0.31001001596450806
YOL111C,YDR207C,0,4.0007086,0.21510007977485657,0.8405940532684326,0.3101101219654083
YJL172W,YDL128W,0,4.000396,0.21504558622837067,0.8405940532684326,0.3102101981639862
YBR177C,YHR058C,0,3.9947593,0.21499113738536835,0.8405940532684326,0.3103103041648865
YGR251W,YIL083C,0,3.994367,0.21493670344352722,0.8405940532684326,0.31041041016578674
YMR250W,YOR285W,0,3.9929671,0.21488231420516968,0.8405940532684326,0.310510516166687
YOR071C,YNR018W,0,3.9919348,0.21482793986797333,0.8405940532684326,0.3106106221675873
YOR159C,YDR460W,0,3.9917066,0.21477359533309937,0.8405940532684326,0.31071069836616516
YHR029C,YGR118W,0,3.9900534,0.2147192656993866,0.8405940532684326,0.31081080436706543
YEL043W,YOL026C,0,3.989017,0.2146649807691574,0.8405940532684326,0.3109109103679657
YGR246C,YDR260C,0,3.9864645,0.21461071074008942,0.8405940532684326,0.31101101636886597
YMR270C,YDR392W,0,3.9859157,0.214556485414505,0.8405940532684326,0.31111112236976624
YKR002W,YFL023W,0,3.9853911,0.2145022749900818,0.8405940532684326,0.3112111985683441
YGL237C,YOR219C,0,3.98489,0.21444809436798096,0.8405940532684326,0.3113113045692444
YBR002C,YOR283W,0,3.9826884,0.21439394354820251,0.8405940532684326,0.31141141057014465
YOL040C,YPL208W,0,3.9800167,0.21433980762958527,0.8405940532684326,0.3115115165710449
YBR261C,YDR497C,0,3.9794888,0.2142857164144516,0.8405940532684326,0.3116116225719452
YBR067C,YJL117W,0,3.9788582,0.21423164010047913,0.8405940532684326,0.31171169877052307
YGL169W,YER171W,0,3.9771254,0.21417759358882904,0.8405940532684326,0.31181180477142334
YDR072C,YDR415C,0,3.9755306,0.21412357687950134,0.8405940532684326,0.3119119107723236
YDR411C,YDR423C,0,3.9729757,0.21406958997249603,0.8405940532684326,0.3120120167732239
YNL085W,YGR167W,0,3.9718633,0.2140156328678131,0.8405940532684326,0.31211212277412415
YDR476C,YHR109W,0,3.9713442,0.21396169066429138,0.8405940532684326,0.312212198972702
YBR195C,YMR301C,0,3.970196,0.21390777826309204,0.8405940532684326,0.3123123049736023
YDR473C,YOR074C,0,3.9685888,0.21385391056537628,0.8405940532684326,0.31241241097450256
YOR310C,YCL026C-B,0,3.9652457,0.21380005776882172,0.8405940532684326,0.31251251697540283
YOR232W,YLR389C,0,3.9604018,0.21374621987342834,0.8405940532684326,0.3126126229763031
YLR244C,YFL017W-A,0,3.9598188,0.21369242668151855,0.8405940532684326,0.312712699174881
YGR177C,YLR309C,0,3.958122,0.21363864839076996,0.8405940532684326,0.31281280517578125
YDL015C,YPR125W,0,3.9580812,0.21358489990234375,0.8405940532684326,0.3129129111766815
YMR186W,YIR005W,0,3.957715,0.21353118121623993,0.8405940532684326,0.3130130171775818
YCL008C,YOL040C,0,3.9540257,0.2134774923324585,0.8405940532684326,0.31311312317848206
YDL074C,YPR066W,1,3.9532912,0.21367521584033966,0.8415841460227966,0.31311312317848206
YOL070C,YOL062C,0,3.9531887,0.21362151205539703,0.8415841460227966,0.31321319937705994
YOL045W,YMR295C,0,3.9503295,0.2135678380727768,0.8415841460227966,0.3133133053779602
YIR005W,YIR032C,0,3.9495234,0.21351419389247894,0.8415841460227966,0.3134134113788605
YDR137W,YOR219C,0,3.948804,0.21346057951450348,0.8415841460227966,0.31351351737976074
YPL180W,YFR018C,0,3.948156,0.2134069800376892,0.8415841460227966,0.313613623380661
YOR237W,YCL052C,0,3.9446757,0.21335341036319733,0.8415841460227966,0.3137136995792389
YHR066W,YER138C,0,3.9440875,0.21329987049102783,0.8415841460227966,0.31381380558013916
YLR163C,YPR127W,0,3.9439807,0.21324636042118073,0.8415841460227966,0.31391391158103943
YLR020C,YDL140C,0,3.9438138,0.213192880153656,0.8415841460227966,0.3140140175819397
YLR228C,YER074W,0,3.9437866,0.21313941478729248,0.8415841460227966,0.31411412358283997
YEL040W,YDL070W,0,3.9413745,0.21308597922325134,0.8415841460227966,0.31421419978141785
YGL170C,YOL090W,0,3.9396667,0.2130325883626938,0.8415841460227966,0.3143143057823181
YNL032W,YKL203C,0,3.9388843,0.21297919750213623,0.8415841460227966,0.3144144117832184
YNL153C,YEL053C,0,3.9380746,0.21292585134506226,0.8415841460227966,0.31451451778411865
YDR518W,YOL026C,0,3.9369543,0.21287252008914948,0.8415841460227966,0.3146146237850189
YLR130C,YOR349W,0,3.9366608,0.21281923353672028,0.8415841460227966,0.3147146999835968
YOR206W,YAL029C,0,3.9364653,0.21276596188545227,0.8415841460227966,0.31481480598449707
YBR006W,YHR164C,0,3.9357421,0.21271272003650665,0.8415841460227966,0.31491491198539734
YML028W,YOR222W,0,3.9354336,0.21265949308872223,0.8415841460227966,0.3150150179862976
YDL202W,YPL273W,0,3.931781,0.2126062959432602,0.8415841460227966,0.3151151239871979
YKL217W,YGR155W,0,3.9273093,0.21255314350128174,0.8415841460227966,0.31521522998809814
YOL040C,YKL003C,0,3.924786,0.21250000596046448,0.8415841460227966,0.315315306186676
YDR144C,YDR195W,0,3.9221199,0.2124468833208084,0.8415841460227966,0.3154154121875763
YKR103W,YBL011W,0,3.921022,0.21239380538463593,0.8415841460227966,0.31551551818847656
YDR064W,YLR029C,0,3.9200745,0.21234074234962463,0.8415841460227966,0.31561562418937683
YBR080C,YFL045C,0,3.9186685,0.21228770911693573,0.8415841460227966,0.3157157301902771
YJL194W,YMR273C,0,3.9182155,0.2122347056865692,0.8415841460227966,0.315815806388855
YLR404W,YIL094C,0,3.9157076,0.21218173205852509,0.8415841460227966,0.31591591238975525
YJL004C,YPL011C,0,3.9122682,0.21212877333164215,0.8415841460227966,0.3160160183906555
YLL040C,YGL030W,0,3.9103727,0.2120758444070816,0.8415841460227966,0.3161161243915558
YNL267W,YDR470C,0,3.9066417,0.21202294528484344,0.8415841460227966,0.31621623039245605
YIL095W,YJR032W,0,3.906549,0.21197007596492767,0.8415841460227966,0.31631630659103394
YNL121C,YDR497C,0,3.9049203,0.2119172215461731,0.8415841460227966,0.3164164125919342
YGR204W,YNL191W,1,3.904679,0.2121136635541916,0.8425742387771606,0.3164164125919342
YFL038C,YBR026C,0,3.90426,0.212060809135437,0.8425742387771606,0.3165165185928345
YBR042C,YML132W,0,3.903699,0.21200796961784363,0.8425742387771606,0.31661662459373474
YLR452C,YHL012W,0,3.9032226,0.21195517480373383,0.8425742387771606,0.316716730594635
YMR210W,YDR226W,0,3.9031878,0.21190239489078522,0.8425742387771606,0.3168168067932129
YNL084C,YDR392W,0,3.9027033,0.211849644780159,0.8425742387771606,0.31691691279411316
YIL002C,YLR291C,0,3.9020853,0.21179690957069397,0.8425742387771606,0.3170170187950134
YDR411C,YDR306C,0,3.9015708,0.21174421906471252,0.8425742387771606,0.3171171247959137
YMR319C,YOL090W,0,3.8986516,0.21169154345989227,0.8425742387771606,0.31721723079681396
YIL094C,YBL089W,0,3.8984156,0.2116388976573944,0.8425742387771606,0.31731730699539185
YGR010W,YPL131W,0,3.897156,0.21158628165721893,0.8425742387771606,0.3174174129962921
YEL053C,YLR024C,0,3.8956099,0.21153368055820465,0.8425742387771606,0.3175175189971924
YDR174W,YNR072W,0,3.8948638,0.21148110926151276,0.8425742387771606,0.31761762499809265
YJL200C,YOR089C,0,3.8933256,0.21142856776714325,0.8425742387771606,0.3177177309989929
YML071C,YFL017W-A,0,3.8926635,0.21137605607509613,0.8425742387771606,0.3178178071975708
YPR167C,YKL022C,0,3.8926542,0.2113235592842102,0.8425742387771606,0.31791791319847107
YMR061W,YGR229C,0,3.8926492,0.21127110719680786,0.8425742387771606,0.31801801919937134
YLL004W,YPL183W-A,0,3.8924088,0.2112186700105667,0.8425742387771606,0.3181181252002716
YHR066W,YGL014W,0,3.8902407,0.21116624772548676,0.8425742387771606,0.3182182312011719
YDR378C,YNL283C,0,3.8890405,0.21111387014389038,0.8425742387771606,0.31831830739974976
YDR492W,YDR496C,0,3.8876238,0.2110615074634552,0.8425742387771606,0.31841841340065
YOL077W-A,YEL019C,1,3.88513,0.21125712990760803,0.8435643315315247,0.31841841340065
YOR382W,YJL053W,0,3.8844917,0.21120475232601166,0.8435643315315247,0.3185185194015503
YKL217W,YDR497C,0,3.8842854,0.21115241944789886,0.8435643315315247,0.31861862540245056
YPL223C,YMR194W,0,3.8838682,0.21110010147094727,0.8435643315315247,0.31871873140335083
YJR103W,YNR057C,1,3.8837695,0.21129551529884338,0.8445544838905334,0.31871873140335083
YCR093W,YDL070W,0,3.883452,0.2112431824207306,0.8445544838905334,0.3188188076019287
YJR004C,YLR312W-A,0,3.8821409,0.21119089424610138,0.8445544838905334,0.318918913602829
YGL212W,YOL107W,0,3.8809175,0.21113862097263336,0.8445544838905334,0.31901901960372925
YNL084C,YKL095W,0,3.879404,0.21108636260032654,0.8445544838905334,0.3191191256046295
YLR107W,YOR126C,0,3.878656,0.2110341489315033,0.8445544838905334,0.3192192316055298
YMR117C,YJL085W,0,3.8771708,0.21098195016384125,0.8445544838905334,0.31931930780410767
YPL240C,YLR394W,0,3.8763254,0.2109297662973404,0.8445544838905334,0.31941941380500793
YNL232W,YNL026W,0,3.8758757,0.21087762713432312,0.8445544838905334,0.3195195198059082
YMR049C,YOR393W,0,3.8748195,0.21082550287246704,0.8445544838905334,0.31961962580680847
YAL063C,YFL002W-B,0,3.8743873,0.21077340841293335,0.8445544838905334,0.31971973180770874
YLR410W-A,YFL017W-A,0,3.8737655,0.21072134375572205,0.8445544838905334,0.3198198080062866
YDR371W,YDL055C,0,3.8735566,0.21066929399967194,0.8445544838905334,0.3199199140071869
YDR351W,YER074W,0,3.8730178,0.2106172889471054,0.8445544838905334,0.32002002000808716
YNL050C,YGR020C,0,3.8728836,0.21056529879570007,0.8445544838905334,0.3201201260089874
YMR123W,YAL040C,0,3.8694105,0.21051332354545593,0.8445544838905334,0.3202202320098877
YER154W,YJL149W,0,3.8668592,0.21046139299869537,0.8445544838905334,0.3203203082084656
YDR518W,YER090W,0,3.8662384,0.210409477353096,0.8445544838905334,0.32042041420936584
YGR105W,YKL064W,0,3.8658905,0.21035757660865784,0.8445544838905334,0.3205205202102661
YGR034W,YPR083W,0,3.8648114,0.21030572056770325,0.8445544838905334,0.3206206262111664
YJL155C,YDR415C,0,3.8645563,0.21025387942790985,0.8445544838905334,0.32072073221206665
YOL062C,YPL027W,0,3.8615456,0.21020206809043884,0.8445544838905334,0.32082080841064453
YGR216C,YOR216C,0,3.8609781,0.21015028655529022,0.8445544838905334,0.3209209144115448
YPR149W,YMR075W,0,3.8595095,0.2100985199213028,0.8445544838905334,0.32102102041244507
YJL081C,YGL019W,0,3.8593533,0.21004678308963776,0.8445544838905334,0.32112112641334534
YLR206W,YHR057C,0,3.8592854,0.2099950760602951,0.8445544838905334,0.3212212324142456
YHR077C,YJL176C,0,3.8592076,0.20994339883327484,0.8445544838905334,0.3213213086128235
YDR461W,YBR072W,0,3.8579764,0.20989173650741577,0.8445544838905334,0.32142141461372375
YNL182C,YLR213C,0,3.8555374,0.2098401039838791,0.8445544838905334,0.321521520614624
YGR180C,YMR137C,0,3.8524857,0.2097884863615036,0.8445544838905334,0.3216216266155243
YLR024C,YFL022C,1,3.8512177,0.20998278260231018,0.8455445766448975,0.3216216266155243
YJL114W,YLL012W,0,3.850997,0.2099311649799347,0.8455445766448975,0.32172173261642456
YJL155C,YCR026C,0,3.8503175,0.2098795771598816,0.8455445766448975,0.32182180881500244
YGL170C,YOR355W,0,3.8493843,0.20982800424098969,0.8455445766448975,0.3219219148159027
YER145C,YLL012W,0,3.8464339,0.20977646112442017,0.8455445766448975,0.322022020816803
YPR191W,YGR258C,0,3.8442574,0.20972494781017303,0.8455445766448975,0.32212212681770325
YDR261C-D,YFL001W,0,3.8440228,0.2096734642982483,0.8455445766448975,0.3222222328186035
YFL038C,YDR174W,0,3.8430767,0.20962199568748474,0.8455445766448975,0.3223223090171814
YIL094C,YNR060W,0,3.8423383,0.20957055687904358,0.8455445766448975,0.32242241501808167
YLR395C,YLL040C,0,3.8419552,0.2095191329717636,0.8455445766448975,0.32252252101898193
YOL043C,YLR028C,0,3.8410628,0.20946773886680603,0.8455445766448975,0.3226226270198822
YDL028C,YBL068W,0,3.8404846,0.20941637456417084,0.8455445766448975,0.32272273302078247
YGR145W,YCL034W,0,3.8402603,0.20936504006385803,0.8455445766448975,0.32282280921936035
YIL108W,YPR125W,0,3.8388793,0.20931372046470642,0.8455445766448975,0.3229229152202606
YPL151C,YDR195W,0,3.8370714,0.2092624306678772,0.8455445766448975,0.3230230212211609
YBR275C,YBR074W,0,3.8362565,0.20921117067337036,0.8455445766448975,0.32312312722206116
YJL024C,YBR061C,0,3.8360906,0.20915992558002472,0.8455445766448975,0.3232232332229614
YJR021C,YIL047C,0,3.8326273,0.20910871028900146,0.8455445766448975,0.3233233094215393
YML032C,YNR035C,0,3.8311834,0.2090575248003006,0.8455445766448975,0.3234234154224396
YGR288W,YPR125W,0,3.8309734,0.20900636911392212,0.8455445766448975,0.32352352142333984
YGR216C,YLR344W,0,3.8281634,0.20895522832870483,0.8455445766448975,0.3236236274242401
YJL087C,YMR241W,0,3.8281574,0.20890410244464874,0.8455445766448975,0.3237237334251404
YFL048C,YOR393W,0,3.8247514,0.20885302126407623,0.8455445766448975,0.32382380962371826
YDR381C-A,YBR074W,0,3.824638,0.20880195498466492,0.8455445766448975,0.32392391562461853
YJR078W,YBR115C,0,3.8234396,0.208750918507576,0.8455445766448975,0.3240240216255188
YBL028C,YLR325C,0,3.8223598,0.20869989693164825,0.8455445766448975,0.32412412762641907
YHR047C,YDR159W,0,3.8212752,0.2086489200592041,0.8455445766448975,0.32422423362731934
YMR020W,YLR389C,0,3.8212366,0.20859794318675995,0.8455445766448975,0.3243243098258972
YLL029W,YBR202W,0,3.8204033,0.20854701101779938,0.8455445766448975,0.3244244158267975
YKR035W-A,YCR046C,0,3.8187044,0.20849609375,0.8455445766448975,0.32452452182769775
YKL190W,YFR036W,0,3.8154945,0.208445206284523,0.8455445766448975,0.324624627828598
YMR146C,YPR125W,0,3.814878,0.20839433372020721,0.8455445766448975,0.3247247338294983
YOR237W,YBR276C,0,3.814569,0.208343505859375,0.8455445766448975,0.32482481002807617
YOR005C,YIL145C,1,3.8145528,0.20853658020496368,0.8465346693992615,0.32482481002807617
YDR414C,YDR195W,0,3.8135316,0.20848573744297028,0.8465346693992615,0.32492491602897644
YDR144C,YLR191W,0,3.8100762,0.20843490958213806,0.8465346693992615,0.3250250220298767
YGR171C,YDR322C-A,1,3.8099585,0.2086278349161148,0.8475247621536255,0.3250250220298767
YGL037C,YDR240C,0,3.8092113,0.2085769921541214,0.8475247621536255,0.325125128030777
YDL054C,YNR028W,0,3.8088217,0.20852619409561157,0.8475247621536255,0.32522523403167725
YKL186C,YLR348C,0,3.8075855,0.20847539603710175,0.8475247621536255,0.3253253400325775
YNL032W,YER190W,0,3.8056407,0.2084246426820755,0.8475247621536255,0.3254254162311554
YIL088C,YDR062W,0,3.803574,0.20837390422821045,0.8475247621536255,0.32552552223205566
YNL297C,YNR035C,0,3.8024268,0.20832319557666779,0.8475247621536255,0.32562562823295593
YBR125C,YDL170W,0,3.8009849,0.20827250182628632,0.8475247621536255,0.3257257342338562
YPL134C,YDR151C,0,3.7978292,0.20822183787822723,0.8475247621536255,0.32582584023475647
YNL307C,YPL188W,0,3.7975967,0.20817120373249054,0.8475247621536255,0.32592591643333435
YIR032C,YIL048W,0,3.796249,0.20812059938907623,0.8475247621536255,0.3260260224342346
YJL112W,YBR274W,0,3.7949672,0.20807000994682312,0.8475247621536255,0.3261261284351349
YMR087W,YNL080C,0,3.792095,0.2080194354057312,0.8475247621536255,0.32622623443603516
YIL145C,YPL234C,1,3.7894888,0.20821185410022736,0.8485148549079895,0.32622623443603516
YPL180W,YDL047W,0,3.7886624,0.20816127955913544,0.8485148549079895,0.3263263404369354
YLR395C,YDL202W,0,3.7867823,0.2081107348203659,0.8485148549079895,0.3264264166355133
YDR351W,YDL202W,0,3.786355,0.20806020498275757,0.8485148549079895,0.3265265226364136
YEL031W,YDL206W,0,3.7860289,0.20800970494747162,0.8485148549079895,0.32662662863731384
YGL172W,YNL117W,0,3.7850518,0.20795923471450806,0.8485148549079895,0.3267267346382141
YNL160W,YGR089W,0,3.781124,0.2079087793827057,0.8485148549079895,0.3268268406391144
YDR254W,YBR276C,0,3.7777038,0.2078583538532257,0.8485148549079895,0.32692691683769226
YGL240W,YDR457W,1,3.7773025,0.2080504298210144,0.8495049476623535,0.32692691683769226
YOR074C,YMR296C,0,3.7759497,0.20800000429153442,0.8495049476623535,0.32702702283859253
YMR097C,YOR085W,0,3.7753925,0.20794959366321564,0.8495049476623535,0.3271271288394928
YAL038W,YLR410W-A,0,3.7742434,0.20789919793605804,0.8495049476623535,0.32722723484039307
YOL066C,YFL033C,0,3.7737117,0.20784883201122284,0.8495049476623535,0.32732734084129333
YNL271C,YML028W,0,3.7722445,0.20779849588871002,0.8495049476623535,0.3274274170398712
YKL124W,YJR063W,0,3.771114,0.2077481895685196,0.8495049476623535,0.3275275230407715
YDR460W,YNL262W,0,3.7710638,0.20769789814949036,0.8495049476623535,0.32762762904167175
YJR151C,YGR177C,0,3.7707381,0.20764762163162231,0.8495049476623535,0.327727735042572
YER022W,YJL225C,0,3.7707093,0.20759738981723785,0.8495049476623535,0.3278278410434723
YBR125C,YKL009W,0,3.7700005,0.2075471729040146,0.8495049476623535,0.32792791724205017
YJL006C,YGL030W,0,3.7699335,0.20749697089195251,0.8495049476623535,0.32802802324295044
YPR072W,YOR085W,0,3.769668,0.20744681358337402,0.8495049476623535,0.3281281292438507
YOR304C-A,YMR115W,0,3.7696276,0.20739667117595673,0.8495049476623535,0.328228235244751
YBR294W,YMR229C,0,3.769355,0.20734654366970062,0.8495049476623535,0.32832834124565125
YPL112C,YMR213W,0,3.7667763,0.2072964459657669,0.8495049476623535,0.3284284174442291
YDR172W,YLR425W,0,3.764017,0.20724637806415558,0.8495049476623535,0.3285285234451294
YDR419W,YOR204W,0,3.763571,0.20719632506370544,0.8495049476623535,0.32862862944602966
YPL139C,YGR084C,0,3.763139,0.2071463018655777,0.8495049476623535,0.32872873544692993
YDR461W,YGL060W,0,3.7586126,0.20709630846977234,0.8495049476623535,0.3288288414478302
YDR410C,YNL052W,0,3.7567372,0.20704632997512817,0.8495049476623535,0.3289289176464081
YJL005W,YLR026C,0,3.756402,0.2069963812828064,0.8495049476623535,0.32902902364730835
YOR147W,YKL095W,0,3.7540746,0.2069464474916458,0.8495049476623535,0.3291291296482086
YKR056W,YNL138W,0,3.7537806,0.2068965584039688,0.8495049476623535,0.3292292356491089
YKL161C,YLR425W,0,3.752897,0.2068466693162918,0.8495049476623535,0.32932934165000916
YLR314C,YDR453C,0,3.7519217,0.2067968249320984,0.8495049476623535,0.32942941784858704
YLR107W,YMR270C,0,3.751792,0.20674698054790497,0.8495049476623535,0.3295295238494873
YER168C,YGR118W,0,3.7503257,0.20669718086719513,0.8495049476623535,0.3296296298503876
YHL034C,YPR133W-A,0,3.7500653,0.20664739608764648,0.8495049476623535,0.32972973585128784
YJL134W,YBL089W,0,3.7491517,0.20659764111042023,0.8495049476623535,0.3298298418521881
YKL095W,YMR143W,0,3.7471828,0.20654790103435516,0.8495049476623535,0.329929918050766
YEL040W,YJL079C,0,3.7426553,0.2064981907606125,0.8495049476623535,0.33003002405166626
YAL033W,YIL094C,0,3.7419896,0.2064485102891922,0.8495049476623535,0.33013013005256653
YPR182W,YOL028C,0,3.7396455,0.2063988447189331,0.8495049476623535,0.3302302360534668
YDR261C-D,YML039W,0,3.7385917,0.2063492089509964,0.8495049476623535,0.33033034205436707
YLR291C,YLR410W-B,0,3.7345347,0.2062995880842209,0.8495049476623535,0.33043041825294495
YJL034W,YOL124C,0,3.7323818,0.20624999701976776,0.8495049476623535,0.3305305242538452
YML052W,YHR039C-A,0,3.7323165,0.20620043575763702,0.8495049476623535,0.3306306302547455
YLR359W,YER087C-B,0,3.7309144,0.20615088939666748,0.8495049476623535,0.33073073625564575
YLR080W,YPL096W,0,3.7302322,0.20610137283802032,0.8495049476623535,0.330830842256546
YOR138C,YDL097C,0,3.7297077,0.20605187118053436,0.8495049476623535,0.3309309184551239
YER151C,YLR182W,0,3.7294917,0.2060023993253708,0.8495049476623535,0.33103102445602417
YDR351W,YKL210W,0,3.729477,0.2059529572725296,0.8495049476623535,0.33113113045692444
YDR414C,YOR054C,0,3.7244077,0.2059035301208496,0.8495049476623535,0.3312312364578247
YOR301W,YGR145W,0,3.7238564,0.205854132771492,0.8495049476623535,0.331331342458725
YJL112W,YDR159W,0,3.7236075,0.2058047503232956,0.8495049476623535,0.33143141865730286
YGR105W,YNR072W,0,3.7231567,0.20575539767742157,0.8495049476623535,0.3315315246582031
YOR317W,YKL074C,0,3.7217367,0.20570605993270874,0.8495049476623535,0.3316316306591034
YLR401C,YNL178W,0,3.7212744,0.2056567519903183,0.8495049476623535,0.33173173666000366
YOR261C,YPR152C,0,3.7184362,0.20560747385025024,0.8495049476623535,0.33183184266090393
YBR031W,YMR295C,0,3.717756,0.20555821061134338,0.8495049476623535,0.3319319188594818
YDL029W,YHL012W,0,3.7140436,0.2055089771747589,0.8495049476623535,0.3320320248603821
YFR031C,YDL245C,0,3.7139726,0.20545977354049683,0.8495049476623535,0.33213213086128235
YBR150C,YOR187W,0,3.7121992,0.20541058480739594,0.8495049476623535,0.3322322368621826
YGR077C,YMR295C,0,3.7119687,0.20536141097545624,0.8495049476623535,0.3323323428630829
YJR070C,YDR151C,0,3.7098196,0.20531228184700012,0.8495049476623535,0.33243241906166077
YGR034W,YLR163C,0,3.709336,0.205263152718544,0.8495049476623535,0.33253252506256104
YBR066C,YKR066C,0,3.7092006,0.20521406829357147,0.8495049476623535,0.3326326310634613
YMR039C,YMR273C,0,3.7082605,0.20516499876976013,0.8495049476623535,0.3327327370643616
YGL244W,YGL148W,0,3.7078795,0.20511594414710999,0.8495049476623535,0.33283284306526184
YLR452C,YDR174W,0,3.7075446,0.20506691932678223,0.8495049476623535,0.3329329192638397
YOL066C,YNL262W,0,3.7069259,0.20501792430877686,0.8495049476623535,0.33303302526474
YOR005C,YLR239C,1,3.7055514,0.20520783960819244,0.8504950404167175,0.33303302526474
YNR021W,YBR010W,0,3.704169,0.20515882968902588,0.8504950404167175,0.33313313126564026
YOL129W,YJR078W,0,3.7014976,0.2051098346710205,0.8504950404167175,0.3332332372665405
YJL166W,YPL078C,0,3.7001336,0.20506086945533752,0.8504950404167175,0.3333333432674408
YMR013C,YJR006W,0,3.699867,0.20501193404197693,0.8504950404167175,0.3334334194660187
YLR386W,YEL062W,0,3.690676,0.20496301352977753,0.8504950404167175,0.33353352546691895
YDR090C,YKR055W,0,3.6876802,0.2049141228199005,0.8504950404167175,0.3336336314678192
YPR083W,YMR193W,0,3.6868794,0.2048652470111847,0.8504950404167175,0.3337337374687195
YDL029W,YBL028C,0,3.686749,0.20481640100479126,0.8504950404167175,0.33383384346961975
YMR113W,YDR457W,1,3.6821096,0.2050059586763382,0.8514851331710815,0.33383384346961975
YOL103W-B,YIL047C,0,3.6792507,0.20495709776878357,0.8514851331710815,0.33393391966819763
YAR027W,YPL096W,0,3.6761286,0.20490826666355133,0.8514851331710815,0.3340340256690979
YFL002W-B,YMR210W,0,3.6746674,0.20485945045948029,0.8514851331710815,0.33413413166999817
YER137C-A,YJL079C,0,3.6737096,0.20481066405773163,0.8514851331710815,0.33423423767089844
YBR170C,YOR355W,0,3.673472,0.20476190745830536,0.8514851331710815,0.3343343436717987
YPL150W,YLR088W,0,3.673196,0.20471316576004028,0.8514851331710815,0.3344344198703766
YIL079C,YER046W,0,3.6724153,0.2046644389629364,0.8514851331710815,0.33453452587127686
YKR055W,YNR018W,0,3.669492,0.2046157568693161,0.8514851331710815,0.3346346318721771
YHR056C,YDL202W,0,3.6689355,0.2045670747756958,0.8514851331710815,0.3347347378730774
YOR291W,YGR288W,0,3.6682377,0.20451843738555908,0.8514851331710815,0.33483484387397766
YGL158W,YKR055W,0,3.6672692,0.20446979999542236,0.8514851331710815,0.33493492007255554
YMR061W,YOR180C,0,3.6668668,0.20442120730876923,0.8514851331710815,0.3350350260734558
YJL087C,YOR054C,0,3.6644077,0.20437262952327728,0.8514851331710815,0.3351351320743561
YNL127W,YPR162C,0,3.6612685,0.20432406663894653,0.8514851331710815,0.33523523807525635
YNL127W,YLR213C,0,3.6545424,0.20427553355693817,0.8514851331710815,0.3353353440761566
YDL054C,YOR382W,0,3.653501,0.2042270302772522,0.8514851331710815,0.3354354500770569
YHR164C,YKL171W,0,3.6525145,0.20417854189872742,0.8514851331710815,0.33553552627563477
YOR209C,YNL302C,0,3.6518679,0.20413006842136383,0.8514851331710815,0.33563563227653503
YBR202W,YOR310C,0,3.6503851,0.20408163964748383,0.8514851331710815,0.3357357382774353
YNL008C,YKL096W-A,0,3.6451964,0.20403321087360382,0.8514851331710815,0.33583584427833557
YGL062W,YPL160W,1,3.6448145,0.20422200858592987,0.8524752259254456,0.33583584427833557
YPL163C,YLR316C,0,3.6439092,0.20417357981204987,0.8524752259254456,0.33593595027923584
YLR165C,YLR383W,0,3.6434603,0.20412518084049225,0.8524752259254456,0.3360360264778137
YLR289W,YHR051W,0,3.6431208,0.20407679677009583,0.8524752259254456,0.336136132478714
YDR083W,YJL172W,0,3.638183,0.2040284425020218,0.8524752259254456,0.33623623847961426
YBR115C,YAL039C,0,3.63799,0.20398010313510895,0.8524752259254456,0.3363363444805145
YDL029W,YJL112W,0,3.6373599,0.2039317786693573,0.8524752259254456,0.3364364504814148
YEL069C,YNL079C,0,3.6364803,0.20388349890708923,0.8524752259254456,0.3365365266799927
YDR170C,YBL034C,0,3.6360536,0.20383523404598236,0.8524752259254456,0.33663663268089294
YCR057C,YER104W,0,3.633956,0.20378698408603668,0.8524752259254456,0.3367367386817932
YJL155C,YMR296C,0,3.6321092,0.2037387639284134,0.8524752259254456,0.3368368446826935
YGR282C,YGR105W,0,3.6304703,0.2036905586719513,0.8524752259254456,0.33693695068359375
YFL002W-B,YLR033W,0,3.6283355,0.20364238321781158,0.8524752259254456,0.33703702688217163
YJL114W,YMR173W,0,3.6266818,0.20359423756599426,0.8524752259254456,0.3371371328830719
YOR159C,YDR140W,0,3.6240363,0.20354609191417694,0.8524752259254456,0.33723723888397217
YGL237C,YNL052W,0,3.6234345,0.2034979909658432,0.8524752259254456,0.33733734488487244
YGL014W,YLR359W,0,3.621734,0.20344990491867065,0.8524752259254456,0.3374374508857727
YNL153C,YMR160W,0,3.6211944,0.2034018486738205,0.8524752259254456,0.3375375270843506
YDR457W,YNR035C,0,3.6152644,0.20335380733013153,0.8524752259254456,0.33763763308525085
YLR153C,YGR020C,1,3.6152506,0.20354191958904266,0.8534653186798096,0.33763763308525085
YGR085C,YOR085W,0,3.6142962,0.2034938633441925,0.8534653186798096,0.3377377390861511
YER013W,YLR197W,0,3.6134834,0.20344583690166473,0.8534653186798096,0.3378378450870514
YAR002C-A,YLL034C,0,3.6103597,0.20339782536029816,0.8534653186798096,0.33793795108795166
YMR169C,YOR106W,0,3.609054,0.20334984362125397,0.8534653186798096,0.33803802728652954
YDR371W,YKL186C,0,3.6082225,0.20330189168453217,0.8534653186798096,0.3381381332874298
YHR039C-A,YDR262W,0,3.6074762,0.20325395464897156,0.8534653186798096,0.3382382392883301
YBR150C,YDL111C,0,3.6064067,0.20320603251457214,0.8534653186798096,0.33833834528923035
YBR202W,YGL190C,0,3.604281,0.20315814018249512,0.8534653186798096,0.3384384512901306
YJL034W,YPR194C,0,3.6026385,0.20311027765274048,0.8534653186798096,0.3385385274887085
YOL145C,YGR221C,0,3.600174,0.20306243002414703,0.8534653186798096,0.33863863348960876
YNL232W,YGR185C,0,3.598675,0.20301459729671478,0.8534653186798096,0.33873873949050903
YDR423C,YKR026C,0,3.597898,0.20296679437160492,0.8534653186798096,0.3388388454914093
YBR125C,YDR159W,0,3.5967739,0.20291902124881744,0.8534653186798096,0.33893895149230957
YPR135W,YCL034W,0,3.594513,0.20287126302719116,0.8534653186798096,0.33903902769088745
YNR021W,YJR005W,0,3.5936842,0.20282353460788727,0.8534653186798096,0.3391391336917877
YDR026C,YOR393W,0,3.593635,0.20277582108974457,0.8534653186798096,0.339239239692688
YFR013W,YMR182C,0,3.5935526,0.20272812247276306,0.8534653186798096,0.33933934569358826
YJR107W,YJR147W,0,3.5932012,0.20268045365810394,0.8534653186798096,0.3394394516944885
YGR171C,YDR298C,1,3.5917983,0.20286789536476135,0.8544554710388184,0.3394394516944885
YJR010W,YPL011C,0,3.5906756,0.20282021164894104,0.8544554710388184,0.3395395278930664
YLR113W,YNL335W,0,3.5890598,0.20277255773544312,0.8544554710388184,0.3396396338939667
YDL074C,YDR461W,0,3.5872,0.20272491872310638,0.8544554710388184,0.33973973989486694
YGR113W,YER168C,0,3.5852041,0.20267730951309204,0.8544554710388184,0.3398398458957672
YPL119C,YKR044W,0,3.5851,0.20262973010540009,0.8544554710388184,0.3399399518966675
YKL201C,YCL026C-B,0,3.5850205,0.20258216559886932,0.8544554710388184,0.34004002809524536
YER074W,YJR031C,0,3.5815403,0.20253461599349976,0.8544554710388184,0.34014013409614563
YMR272C,YKR101W,0,3.5785258,0.20248709619045258,0.8544554710388184,0.3402402400970459
YGR285C,YER137C-A,0,3.5774336,0.2024395912885666,0.8544554710388184,0.34034034609794617
YKL013C,YLR383W,0,3.5733104,0.202392116189003,0.8544554710388184,0.34044045209884644
YKR020W,YDR410C,0,3.5725937,0.20234467089176178,0.8544554710388184,0.3405405282974243
YNL073W,YFR045W,0,3.5725787,0.20229724049568176,0.8544554710388184,0.3406406342983246
YGR177C,YKL189W,0,3.5724704,0.20224982500076294,0.8544554710388184,0.34074074029922485
YKL132C,YPR035W,1,3.5723433,0.20243674516677856,0.8554455637931824,0.34074074029922485
YNL027W,YGL169W,0,3.5718002,0.20238931477069855,0.8554455637931824,0.3408408463001251
YMR168C,YMR241W,0,3.570623,0.20234191417694092,0.8554455637931824,0.3409409523010254
YOL142W,YBR118W,0,3.5683975,0.20229454338550568,0.8554455637931824,0.34104102849960327
YDL008W,YPR035W,1,3.5651217,0.20248126983642578,0.8564356565475464,0.34104102849960327
YIL139C,YPR198W,0,3.5636683,0.20243388414382935,0.8564356565475464,0.34114113450050354
YMR267W,YDR062W,0,3.5627115,0.2023865282535553,0.8564356565475464,0.3412412405014038
YKR019C,YHR175W,0,3.5627086,0.20233918726444244,0.8564356565475464,0.3413413465023041
YER103W,YOR311C,0,3.5619144,0.20229186117649078,0.8564356565475464,0.34144145250320435
YOR310C,YHR135C,0,3.5445373,0.2022445648908615,0.8564356565475464,0.3415415287017822
YKL074C,YNL239W,0,3.5433815,0.20219728350639343,0.8564356565475464,0.3416416347026825
YNL127W,YLR301W,0,3.5431848,0.20215003192424774,0.8564356565475464,0.34174174070358276
YJL029C,YBL098W,0,3.542633,0.20210281014442444,0.8564356565475464,0.34184184670448303
YLR187W,YIL046W,0,3.540626,0.20205558836460114,0.8564356565475464,0.3419419527053833
YBR059C,YER162C,0,3.5390067,0.2020084112882614,0.8564356565475464,0.3420420289039612
YDR170C,YEL029C,0,3.5383234,0.20196124911308289,0.8564356565475464,0.34214213490486145
YAR035W,YBR061C,0,3.5326328,0.20191410183906555,0.8564356565475464,0.3422422409057617
YGR036C,YMR203W,0,3.5326116,0.2018669843673706,0.8564356565475464,0.342342346906662
YOL103W-B,YGR085C,0,3.531536,0.20181988179683685,0.8564356565475464,0.34244245290756226
YKR035W-A,YER087C-B,0,3.5299497,0.2017727941274643,0.8564356565475464,0.34254252910614014
YPR182W,YBR037C,0,3.5254295,0.20172575116157532,0.8564356565475464,0.3426426351070404
YJL172W,YOR226C,0,3.5249722,0.20167870819568634,0.8564356565475464,0.3427427411079407
YGL212W,YDR373W,0,3.5234213,0.20163169503211975,0.8564356565475464,0.34284284710884094
YDR414C,YFR018C,0,3.5230134,0.20158471167087555,0.8564356565475464,0.3429429531097412
YOR206W,YBL076C,0,3.5218284,0.20153774321079254,0.8564356565475464,0.3430430293083191
YLR024C,YDR377W,1,3.5174172,0.20172373950481415,0.8574257493019104,0.3430430293083191
YMR241W,YOL124C,0,3.5163894,0.20167675614356995,0.8574257493019104,0.34314313530921936
YNR006W,YNL282W,0,3.5158327,0.20162980258464813,0.8574257493019104,0.34324324131011963
YGL180W,YER087C-B,0,3.5144196,0.2015828639268875,0.8574257493019104,0.3433433473110199
YIL143C,YIR005W,0,3.513739,0.20153595507144928,0.8574257493019104,0.34344345331192017
YGR161W-B,YDR392W,0,3.5090952,0.20148906111717224,0.8574257493019104,0.34354352951049805
YDL217C,YPR163C,0,3.5087528,0.2014421969652176,0.8574257493019104,0.3436436355113983
YER162C,YJL004C,0,3.5084295,0.20139534771442413,0.8574257493019104,0.3437437415122986
YNL080C,YOL151W,0,3.508348,0.20134852826595306,0.8574257493019104,0.34384384751319885
YDL141W,YMR113W,1,3.5050955,0.20153416693210602,0.8584158420562744,0.34384384751319885
YDR411C,YDL107W,0,3.5045547,0.20148733258247375,0.8584158420562744,0.3439439535140991
YER049W,YLL034C,0,3.5009496,0.20144051313400269,0.8584158420562744,0.344044029712677
YKL093W,YAL031C,0,3.5006096,0.201393723487854,0.8584158420562744,0.34414413571357727
YNL309W,YKL203C,0,3.4993782,0.2013469636440277,0.8584158420562744,0.34424424171447754
YPL273W,YNL219C,0,3.4993033,0.20130020380020142,0.8584158420562744,0.3443443477153778
YDR177W,YBR115C,1,3.4944646,0.20148560404777527,0.8594059348106384,0.3443443477153778
YOR145C,YPL093W,0,3.4943798,0.20143884420394897,0.8594059348106384,0.3444444537162781
YOL112W,YOR338W,0,3.493369,0.20139211416244507,0.8594059348106384,0.34454452991485596
YLR024C,YEL019C,1,3.4931123,0.20157736539840698,0.8603960275650024,0.34454452991485596
YFL038C,YKL203C,0,3.4928322,0.2015306055545807,0.8603960275650024,0.3446446359157562
YKR054C,YFL023W,0,3.4928312,0.20148389041423798,0.8603960275650024,0.3447447419166565
YDR419W,YJL141C,0,3.491116,0.20143717527389526,0.8603960275650024,0.34484484791755676
YGR288W,YMR276W,0,3.490221,0.20139050483703613,0.8603960275650024,0.34494495391845703
YER055C,YNL262W,0,3.489522,0.201343834400177,0.8603960275650024,0.3450450599193573
YBR150C,YNL078W,0,3.4834356,0.20129719376564026,0.8603960275650024,0.3451451361179352
YIL009W,YOR168W,1,3.4823833,0.2014821618795395,0.8613861203193665,0.3451451361179352
YBR052C,YMR180C,0,3.4808717,0.20143552124500275,0.8613861203193665,0.34524524211883545
YDR083W,YKR020W,0,3.4795566,0.2013888955116272,0.8613861203193665,0.3453453481197357
YBL041W,YNL302C,0,3.4793906,0.20134228467941284,0.8613861203193665,0.345445454120636
YAL022C,YPR133W-A,0,3.4781225,0.20129570364952087,0.8613861203193665,0.34554556012153625
YHR179W,YPR160W,0,3.4747095,0.2012491375207901,0.8613861203193665,0.34564563632011414
YNL044W,YGL220W,0,3.471567,0.20120258629322052,0.8613861203193665,0.3457457423210144
YKR103W,YCL025C,0,3.4714918,0.20115606486797333,0.8613861203193665,0.3458458483219147
YNL261W,YPR119W,0,3.4697628,0.20110957324504852,0.8613861203193665,0.34594595432281494
YPR167C,YML045W-A,0,3.4694993,0.2010630965232849,0.8613861203193665,0.3460460603237152
YMR228W,YHR119W,0,3.4677548,0.2010166347026825,0.8613861203193665,0.3461461365222931
YHR012W,YCR002C,0,3.4664211,0.20097020268440247,0.8613861203193665,0.34624624252319336
YDR419W,YML128C,0,3.4660897,0.20092378556728363,0.8613861203193665,0.34634634852409363
YPL188W,YFL013C,0,3.4646654,0.20087739825248718,0.8613861203193665,0.3464464545249939
YGR161W-B,YMR218C,0,3.4643593,0.20083102583885193,0.8613861203193665,0.34654656052589417
YLR080W,YBR061C,0,3.4640608,0.20078466832637787,0.8613861203193665,0.34664663672447205
YHR085W,YJL149W,0,3.463536,0.2007383406162262,0.8613861203193665,0.3467467427253723
YGR225W,YNL010W,0,3.4628162,0.2006920427083969,0.8613861203193665,0.3468468487262726
YEL036C,YLR440C,0,3.4622257,0.20064575970172882,0.8613861203193665,0.34694695472717285
YGL162W,YER104W,0,3.460823,0.20059949159622192,0.8613861203193665,0.3470470607280731
YJR119C,YNR015W,0,3.4608111,0.20055325329303741,0.8613861203193665,0.347147136926651
YJL194W,YDR530C,0,3.4543462,0.2005070298910141,0.8613861203193665,0.34724724292755127
YCL036W,YKL205W,0,3.4526334,0.20046083629131317,0.8613861203193665,0.34734734892845154
YER154W,YLR227W-B,0,3.4518309,0.20041465759277344,0.8613861203193665,0.3474474549293518
YDR245W,YKL074C,0,3.4473298,0.2003684937953949,0.8613861203193665,0.3475475609302521
YGL158W,YPL093W,0,3.4450946,0.20032235980033875,0.8613861203193665,0.34764763712882996
YLR425W,YER145C,0,3.445014,0.2002762407064438,0.8613861203193665,0.3477477431297302
YER008C,YOR038C,0,3.4397144,0.20023015141487122,0.8613861203193665,0.3478478491306305
YNL160W,YDR059C,0,3.4384363,0.20018407702445984,0.8613861203193665,0.34794795513153076
YJL005W,YOR355W,0,3.4374435,0.20013803243637085,0.8613861203193665,0.34804806113243103
YDL208W,YBR026C,0,3.4291608,0.20009200274944305,0.8613861203193665,0.3481481373310089
YHR041C,YAR031W,0,3.4287825,0.20004598796367645,0.8613861203193665,0.3482482433319092
YER017C,YML006C,0,3.4276755,0.20000000298023224,0.8613861203193665,0.34834834933280945
YJR083C,YDL083C,0,3.4233866,0.19995403289794922,0.8613861203193665,0.3484484553337097
YNL274C,YGL071W,0,3.4199822,0.1999080926179886,0.8613861203193665,0.34854856133461
YMR228W,YDR229W,0,3.4189618,0.19986216723918915,0.8613861203193665,0.34864863753318787
YDR072C,YMR145C,0,3.4167588,0.1998162567615509,0.8613861203193665,0.34874874353408813
YPL151C,YKL210W,0,3.4130774,0.19977037608623505,0.8613861203193665,0.3488488495349884
YMR169C,YLR278C,0,3.4099581,0.19972452521324158,0.8613861203193665,0.34894895553588867
YAL039C,YDR444W,0,3.4079826,0.1996786743402481,0.8613861203193665,0.34904906153678894
YGL172W,YGR214W,0,3.4070506,0.19963285326957703,0.8613861203193665,0.3491491377353668
YKL217W,YCL024W,0,3.4061267,0.19958706200122833,0.8613861203193665,0.3492492437362671
YMR321C,YNL219C,0,3.4051955,0.19954128563404083,0.8613861203193665,0.34934934973716736
YBR115C,YJL176C,0,3.4014473,0.19949552416801453,0.8613861203193665,0.3494494557380676
YPL011C,YNL284C,0,3.4013927,0.1994497925043106,0.8613861203193665,0.3495495617389679
YOR230W,YLR348C,0,3.3995705,0.19940407574176788,0.8613861203193665,0.3496496379375458
YLR153C,YOR215C,1,3.394901,0.19958753883838654,0.8623762130737305,0.3496496379375458
YPL273W,YIL047C,0,3.3939636,0.19954180717468262,0.8623762130737305,0.34974974393844604
YOR388C,YIL132C,0,3.3929892,0.1994961053133011,0.8623762130737305,0.3498498499393463
YDL128W,YDL040C,0,3.390458,0.19945041835308075,0.8623762130737305,0.3499499559402466
YGL209W,YLL003W,0,3.3887913,0.1994047611951828,0.8623762130737305,0.35005006194114685
YGL010W,YNL026W,0,3.3885534,0.19935911893844604,0.8623762130737305,0.35015013813972473
YGR036C,YKL189W,0,3.3864331,0.19931350648403168,0.8623762130737305,0.350250244140625
YIL061C,YPL050C,0,3.3837824,0.1992679089307785,0.8623762130737305,0.35035035014152527
YAL063C,YBL034C,0,3.3834014,0.19922232627868652,0.8623762130737305,0.35045045614242554
YOR283W,YGR238C,0,3.380362,0.19917677342891693,0.8623762130737305,0.3505505621433258
YER098W,YLR206W,0,3.3789072,0.19913123548030853,0.8623762130737305,0.3506506383419037
YGL094C,YER150W,0,3.374578,0.19908571243286133,0.8623762130737305,0.35075074434280396
YIR005W,YPR160W,0,3.3731785,0.1990402191877365,0.8623762130737305,0.3508508503437042
YIL095W,YPL110C,0,3.3724,0.1989947408437729,0.8623762130737305,0.3509509563446045
YMR319C,YHL027W,0,3.3708894,0.19894929230213165,0.8623762130737305,0.35105106234550476
YDL121C,YDR453C,0,3.3707352,0.1989038586616516,0.8623762130737305,0.35115113854408264
YOR148C,YER052C,0,3.3705459,0.19885845482349396,0.8623762130737305,0.3512512445449829
YOR338W,YGR027C,0,3.3687952,0.1988130509853363,0.8623762130737305,0.3513513505458832
YOL155C,YBR187W,0,3.3674116,0.19876769185066223,0.8623762130737305,0.35145145654678345
YDL121C,YLL043W,0,3.3670316,0.19872233271598816,0.8623762130737305,0.3515515625476837
YDR137W,YDR138W,0,3.3664207,0.19867700338363647,0.8623762130737305,0.3516516387462616
YLR425W,YJL082W,0,3.364126,0.19863170385360718,0.8623762130737305,0.35175174474716187
YPR189W,YIL095W,0,3.3595219,0.19858640432357788,0.8623762130737305,0.35185185074806213
YNL314W,YER117W,0,3.3585012,0.19854114949703217,0.8623762130737305,0.3519519567489624
YIL128W,YLR291C,0,3.3573115,0.19849589467048645,0.8623762130737305,0.35205206274986267
YDL029W,YMR159C,0,3.3561807,0.19845066964626312,0.8623762130737305,0.35215213894844055
YOR378W,YPL252C,0,3.3547196,0.198405459523201,0.8623762130737305,0.3522522449493408
YMR123W,YMR321C,0,3.3536716,0.19836027920246124,0.8623762130737305,0.3523523509502411
YML049C,YJR063W,0,3.3513541,0.1983151137828827,0.8623762130737305,0.35245245695114136
YHR074W,YDL004W,1,3.3512888,0.19849760830402374,0.8633663654327393,0.35245245695114136
YPL160W,YDR457W,1,3.3509235,0.19868001341819763,0.8643564581871033,0.35245245695114136
YLR410W-B,YOR232W,0,3.3506718,0.1986348181962967,0.8643564581871033,0.3525525629520416
YOR206W,YJL140W,0,3.349435,0.19858962297439575,0.8643564581871033,0.3526526391506195
YGL087C,YNR057C,1,3.3490117,0.1987718939781189,0.8653465509414673,0.3526526391506195
YNL172W,YJL029C,0,3.3488317,0.19872669875621796,0.8653465509414673,0.3527527451515198
YHR211W,YMR321C,0,3.3466446,0.1986815184354782,0.8653465509414673,0.35285285115242004
YPR144C,YJL079C,0,3.3458538,0.19863636791706085,0.8653465509414673,0.3529529571533203
YKL144C,YJL149W,0,3.3456287,0.1985912322998047,0.8653465509414673,0.3530530631542206
YOR377W,YJR133W,0,3.344998,0.19854611158370972,0.8653465509414673,0.35315313935279846
YKL095W,YBR074W,0,3.3442402,0.19850102066993713,0.8653465509414673,0.35325324535369873
YNL297C,YHR135C,0,3.3431644,0.19845594465732574,0.8653465509414673,0.353353351354599
YGR282C,YLR390W,0,3.3402123,0.19841089844703674,0.8653465509414673,0.35345345735549927
YOR071C,YGL236C,0,3.3386626,0.19836586713790894,0.8653465509414673,0.35355356335639954
YOR261C,YPL065W,0,3.336277,0.19832085072994232,0.8653465509414673,0.3536536395549774
YFL038C,YDR164C,0,3.3346505,0.1982758641242981,0.8653465509414673,0.3537537455558777
YGR281W,YFR018C,0,3.3337498,0.19823089241981506,0.8653465509414673,0.35385385155677795
YLR382C,YNL073W,1,3.3335629,0.1984127014875412,0.8663366436958313,0.35385385155677795
YNL032W,YBR026C,0,3.3312464,0.19836771488189697,0.8663366436958313,0.3539539575576782
YEL053C,YGL113W,0,3.3303518,0.19832275807857513,0.8663366436958313,0.3540540635585785
YOR106W,YER087W,0,3.3286173,0.1982778161764145,0.8663366436958313,0.35415413975715637
YJL011C,YGR089W,0,3.3285728,0.19823288917541504,0.8663366436958313,0.35425424575805664
YJL101C,YPR081C,1,3.3283684,0.19841448962688446,0.8673267364501953,0.35425424575805664
YLR105C,YOL104C,0,3.3277483,0.198369562625885,0.8673267364501953,0.3543543517589569
YLL041C,YIR011C,0,3.326963,0.19832465052604675,0.8673267364501953,0.3544544577598572
YDR174W,YDR138W,0,3.325551,0.19827976822853088,0.8673267364501953,0.35455456376075745
YJL187C,YMR267W,0,3.3253956,0.1982349008321762,0.8673267364501953,0.3546546399593353
YER151C,YNL080C,0,3.324967,0.19819004833698273,0.8673267364501953,0.3547547459602356
YDR494W,YKL094W,0,3.3244061,0.19814521074295044,0.8673267364501953,0.35485485196113586
YBR155W,YOR089C,0,3.3242571,0.19810040295124054,0.8673267364501953,0.35495495796203613
YGL068W,YOR098C,0,3.3222742,0.19805562496185303,0.8673267364501953,0.3550550639629364
YPL110C,YLR330W,0,3.3210309,0.19801084697246552,0.8673267364501953,0.35515516996383667
YJL011C,YGR010W,0,3.3208337,0.1979660987854004,0.8673267364501953,0.35525524616241455
YER137C-A,YJR101W,0,3.3189077,0.19792138040065765,0.8673267364501953,0.3553553521633148
YMR203W,YCL026C-B,0,3.3177795,0.19787666201591492,0.8673267364501953,0.3554554581642151
YKL168C,YNL259C,0,3.317592,0.19783197343349457,0.8673267364501953,0.35555556416511536
YOR343W-B,YDL148C,0,3.3142664,0.1977873146533966,0.8673267364501953,0.3556556701660156
YLR295C,YIR039C,0,3.3133583,0.19774267077445984,0.8673267364501953,0.3557557463645935
YDR261C-D,YGL103W,0,3.3117566,0.19769804179668427,0.8673267364501953,0.3558558523654938
YDR383C,YBR129C,0,3.3116956,0.19765342772006989,0.8673267364501953,0.35595595836639404
YKL015W,YMR143W,0,3.3094954,0.1976088434457779,0.8673267364501953,0.3560560643672943
YDR229W,YJL213W,0,3.309345,0.1975642740726471,0.8673267364501953,0.3561561703681946
YPL139C,YMR179W,0,3.3070421,0.19751973450183868,0.8673267364501953,0.35625624656677246
YJR051W,YPL257W-B,0,3.306433,0.19747520983219147,0.8673267364501953,0.35635635256767273
YMR020W,YBR145W,0,3.3062525,0.19743070006370544,0.8673267364501953,0.356456458568573
YPR182W,YDR381C-A,0,3.3034286,0.19738620519638062,0.8673267364501953,0.35655656456947327
YFR001W,YLR278C,0,3.3030238,0.19734174013137817,0.8673267364501953,0.35665667057037354
YDL004W,YKL210W,1,3.302042,0.19752252101898193,0.8683168292045593,0.35665667057037354
YPR030W,YDL170W,0,3.301618,0.1974780410528183,0.8683168292045593,0.3567567467689514
YER130C,YGL259W,0,3.2985282,0.19743359088897705,0.8683168292045593,0.3568568527698517
YGR070W,YOR085W,0,3.2939286,0.197389155626297,0.8683168292045593,0.35695695877075195
YOR237W,YLR410W-A,0,3.2913408,0.19734473526477814,0.8683168292045593,0.3570570647716522
YGR109W-B,YDR064W,0,3.291088,0.19730034470558167,0.8683168292045593,0.3571571707725525
YJR057W,YGR185C,0,3.2902327,0.1972559541463852,0.8683168292045593,0.35725724697113037
YDL097C,YJL128C,0,3.2897434,0.1972116082906723,0.8683168292045593,0.35735735297203064
YLR256W-A,YJL149W,0,3.2893927,0.1971672624349594,0.8683168292045593,0.3574574589729309
YMR061W,YGL256W,0,3.2892318,0.1971229463815689,0.8683168292045593,0.3575575649738312
YNL127W,YGR238C,0,3.2869933,0.1970786452293396,0.8683168292045593,0.35765767097473145
YHR132C,YLR410W-A,0,3.286412,0.19703437387943268,0.8683168292045593,0.3577577471733093
YJL005W,YJL130C,0,3.286106,0.19699011743068695,0.8683168292045593,0.3578578531742096
YMR020W,YNL078W,0,3.2859395,0.19694587588310242,0.8683168292045593,0.35795795917510986
YHR069C,YLR268W,0,3.2857587,0.19690166413784027,0.8683168292045593,0.35805806517601013
YJL011C,YDR260C,0,3.2842796,0.19685746729373932,0.8683168292045593,0.3581581711769104
YDL061C,YDL077C,0,3.2823617,0.19681328535079956,0.8683168292045593,0.3582582473754883
YGL225W,YDR353W,0,3.2795405,0.1967691332101822,0.8683168292045593,0.35835835337638855
YER014C-A,YPL196W,0,3.2791004,0.196724995970726,0.8683168292045593,0.3584584593772888
YMR054W,YBR042C,0,3.278976,0.19668087363243103,0.8683168292045593,0.3585585653781891
YEL037C,YNL044W,0,3.2789178,0.19663676619529724,0.8683168292045593,0.35865867137908936
YGR161W-B,YDL084W,0,3.2785141,0.19659268856048584,0.8683168292045593,0.35875874757766724
YOR261C,YPL027W,0,3.2782948,0.19654862582683563,0.8683168292045593,0.3588588535785675
YGL225W,YDL083C,0,3.2779655,0.1965045928955078,0.8683168292045593,0.3589589595794678
YKL007W,YGR185C,0,3.2746537,0.1964605748653412,0.8683168292045593,0.35905906558036804
YBL058W,YHR164C,0,3.2739325,0.19641657173633575,0.8683168292045593,0.3591591715812683
YJR055W,YIR011C,0,3.2721786,0.1963725984096527,0.8683168292045593,0.3592592477798462
YER050C,YOR168W,0,3.2707832,0.19632862508296967,0.8683168292045593,0.35935935378074646
YLR024C,YOR209C,1,3.2685847,0.1965085119009018,0.8693069219589233,0.35935935378074646
YDL206W,YOL004W,0,3.2668958,0.19646453857421875,0.8693069219589233,0.35945945978164673
YER117W,YGL103W,0,3.2662072,0.1964205801486969,0.8693069219589233,0.359559565782547
YGR179C,YKL053C-A,0,3.2648804,0.19637665152549744,0.8693069219589233,0.35965967178344727
YOL129W,YLL043W,0,3.2641053,0.19633273780345917,0.8693069219589233,0.35975974798202515
YDR023W,YIL083C,1,3.2640285,0.1965124011039734,0.8702970147132874,0.35975974798202515
YNL284C-A,YPL131W,0,3.2636847,0.19646848738193512,0.8702970147132874,0.3598598539829254
YGR171C,YLR224W,0,3.2630785,0.19642457365989685,0.8702970147132874,0.3599599599838257
YML051W,YDL121C,0,3.2630763,0.19638068974018097,0.8702970147132874,0.36006006598472595
YPL147W,YPL093W,0,3.257915,0.19633683562278748,0.8702970147132874,0.3601601719856262
YGL209W,YPL042C,0,3.2576952,0.19629298150539398,0.8702970147132874,0.3602602481842041
YNR021W,YLR251W,0,3.2572308,0.19624915719032288,0.8702970147132874,0.36036035418510437
YOL038W,YER190W,0,3.2571015,0.19620536267757416,0.8702970147132874,0.36046046018600464
YOR176W,YBR276C,0,3.2566137,0.19616156816482544,0.8702970147132874,0.3605605661869049
YBR275C,YLR219W,0,3.2546353,0.1961178034543991,0.8702970147132874,0.3606606721878052
YER090W,YDR062W,0,3.2544641,0.19607405364513397,0.8702970147132874,0.36076074838638306
YLR404W,YNR021W,0,3.254318,0.19603033363819122,0.8702970147132874,0.3608608543872833
YPR024W,YNR004W,0,3.253458,0.19598662853240967,0.8702970147132874,0.3609609603881836
YOL043C,YPL188W,0,3.2524889,0.1959429383277893,0.8702970147132874,0.36106106638908386
YPR162C,YLR145W,0,3.2513309,0.19589926302433014,0.8702970147132874,0.36116117238998413
YOL086C,YKL203C,0,3.2508287,0.19585561752319336,0.8702970147132874,0.361261248588562
YDL111C,YKR006C,0,3.249739,0.19581198692321777,0.8702970147132874,0.3613613545894623
YNL261W,YKL201C,0,3.2470436,0.19576837122440338,0.8702970147132874,0.36146146059036255
YDR263C,YKL067W,0,3.2464662,0.19572478532791138,0.8702970147132874,0.3615615665912628
YLR163C,YLR389C,0,3.245923,0.19568121433258057,0.8702970147132874,0.3616616725921631
YDR512C,YDR167W,0,3.2446926,0.19563765823841095,0.8702970147132874,0.36176174879074097
YOL070C,YER050C,0,3.2438135,0.19559413194656372,0.8702970147132874,0.36186185479164124
YFL045C,YDR496C,0,3.2431705,0.1955506056547165,0.8702970147132874,0.3619619607925415
YLR080W,YLR251W,0,3.2419024,0.19550712406635284,0.8702970147132874,0.3620620667934418
YER117W,YKL053C-A,0,3.2412176,0.1954636424779892,0.8702970147132874,0.36216217279434204
YNL085W,YLR278C,0,3.2407331,0.19542019069194794,0.8702970147132874,0.3622622489929199
YJR149W,YPL093W,0,3.2397654,0.19537675380706787,0.8702970147132874,0.3623623549938202
YPR111W,YKL094W,0,3.2385483,0.195333331823349,0.8702970147132874,0.36246246099472046
YPR144C,YML045W-A,0,3.2383227,0.19528993964195251,0.8702970147132874,0.3625625669956207
YNR004W,YOR219C,0,3.2361975,0.19524656236171722,0.8702970147132874,0.362662672996521
YBL005W-B,YLR047C,0,3.2359226,0.19520319998264313,0.8702970147132874,0.3627627491950989
YNL121C,YCR026C,0,3.23381,0.19515985250473022,0.8702970147132874,0.36286285519599915
YOR297C,YCR011C,0,3.232554,0.1951165348291397,0.8702970147132874,0.3629629611968994
YHR056C,YGR012W,0,3.232345,0.1950732320547104,0.8702970147132874,0.3630630671977997
YGL209W,YKR103W,0,3.23034,0.19502995908260345,0.8702970147132874,0.36316317319869995
YLR440C,YBR010W,0,3.2302542,0.19498668611049652,0.8702970147132874,0.36326324939727783
YJR082C,YMR137C,0,3.2298746,0.19494344294071198,0.8702970147132874,0.3633633553981781
YNR072W,YMR229C,0,3.2293458,0.19490021467208862,0.8702970147132874,0.36346346139907837
YKL130C,YIR039C,0,3.2292619,0.19485701620578766,0.8702970147132874,0.36356356739997864
YJR055W,YGL103W,0,3.229114,0.1948138326406479,0.8702970147132874,0.3636636734008789
YJR070C,YNL284C-A,0,3.228754,0.1947706639766693,0.8702970147132874,0.3637637495994568
YKL090W,YOR099W,0,3.225214,0.19472751021385193,0.8702970147132874,0.36386385560035706
YGL112C,YCR026C,0,3.2239633,0.19468438625335693,0.8702970147132874,0.3639639616012573
YLR005W,YCL032W,0,3.223898,0.19464127719402313,0.8702970147132874,0.3640640676021576
YNR021W,YER087C-B,0,3.2238643,0.19459818303585052,0.8702970147132874,0.36416417360305786
YGR077C,YLR380W,0,3.2233393,0.1945551186800003,0.8702970147132874,0.36426424980163574
YER154W,YLR344W,0,3.2227635,0.19451205432415009,0.8702970147132874,0.364364355802536
YJL130C,YPL234C,1,3.2227266,0.1946902722120285,0.8712871074676514,0.364364355802536
YPL094C,YLR251W,0,3.2214477,0.19464720785617828,0.8712871074676514,0.3644644618034363
YDR457W,YKL064W,0,3.219339,0.19460415840148926,0.8712871074676514,0.36456456780433655
YNL138W,YMR065W,0,3.2186875,0.19456113874912262,0.8712871074676514,0.3646646738052368
YKR068C,YKL095W,0,3.2169814,0.19451811909675598,0.8712871074676514,0.3647647500038147
YGL180W,YKR028W,0,3.2158668,0.19447514414787292,0.8712871074676514,0.36486485600471497
YHR056C,YOR393W,0,3.2134218,0.19443216919898987,0.8712871074676514,0.36496496200561523
YHR209W,YMR087W,0,3.2123346,0.1943892240524292,0.8712871074676514,0.3650650680065155
YLR244C,YGR271W,0,3.2111907,0.19434629380702972,0.8712871074676514,0.36516517400741577
YOL158C,YNL274C,0,3.2106102,0.19430337846279144,0.8712871074676514,0.36526528000831604
YNL178W,YPR043W,0,3.2104335,0.19426049292087555,0.8712871074676514,0.3653653562068939
YOL057W,YNL052W,0,3.2098787,0.19421760737895966,0.8712871074676514,0.3654654622077942
YDR512C,YLR270W,0,3.2098737,0.19417475163936615,0.8712871074676514,0.36556556820869446
YNR067C,YLR164W,0,3.2090676,0.19413192570209503,0.8712871074676514,0.3656656742095947
YBR081C,YOR145C,0,3.208949,0.1940890997648239,0.8712871074676514,0.365765780210495
YKL022C,YDR062W,0,3.2077327,0.19404630362987518,0.8712871074676514,0.3658658564090729
YDR229W,YML056C,0,3.2076426,0.19400352239608765,0.8712871074676514,0.36596596240997314
YPL183W-A,YCL034W,0,3.2069983,0.1939607709646225,0.8712871074676514,0.3660660684108734
YDL070W,YPR006C,0,3.2067857,0.19391801953315735,0.8712871074676514,0.3661661744117737
YBR059C,YDR172W,0,3.206781,0.1938752979040146,0.8712871074676514,0.36626628041267395
YDL074C,YNR016C,1,3.2065663,0.19405286014080048,0.8722772002220154,0.36626628041267395
YGR081C,YPR083W,0,3.2027397,0.19401012361049652,0.8722772002220154,0.36636635661125183
YLR440C,YLR227W-B,0,3.2023716,0.19396741688251495,0.8722772002220154,0.3664664626121521
YDR026C,YIL080W,0,3.2012832,0.19392472505569458,0.8722772002220154,0.36656656861305237
YJR119C,YCL034W,0,3.2008903,0.1938820481300354,0.8722772002220154,0.36666667461395264
YNL309W,YDR416W,0,3.2002678,0.19383938610553741,0.8722772002220154,0.3667667806148529
YOR317W,YKL034W,1,3.1997685,0.1940167248249054,0.8732673525810242,0.3667667806148529
YOL112W,YOR099W,0,3.1965652,0.19397404789924622,0.8732673525810242,0.3668668568134308
YPR182W,YGL162W,0,3.196518,0.19393140077590942,0.8732673525810242,0.36696696281433105
YGR072W,YNL219C,0,3.1953874,0.19388876855373383,0.8732673525810242,0.3670670688152313
YJL124C,YJL192C,0,3.1941946,0.19384615123271942,0.8732673525810242,0.3671671748161316
YPR182W,YNL335W,0,3.1912205,0.1938035637140274,0.8732673525810242,0.36726728081703186
YPL042C,YOR251C,0,3.1908174,0.19376099109649658,0.8732673525810242,0.36736735701560974
YOR206W,YDR083W,0,3.1905181,0.19371843338012695,0.8732673525810242,0.36746746301651
YNL117W,YLR033W,0,3.1901386,0.19367589056491852,0.8732673525810242,0.3675675690174103
YAL054C,YNR015W,0,3.1899734,0.19363336265087128,0.8732673525810242,0.36766767501831055
YPL003W,YKL210W,1,3.1871905,0.1938103586435318,0.8742574453353882,0.36766767501831055
YGR034W,YDR261W-A,0,3.1849618,0.19376783072948456,0.8742574453353882,0.3677677810192108
YJR109C,YHR011W,1,3.1848135,0.19394470751285553,0.8752475380897522,0.3677677810192108
YPR144C,YML032C,0,3.1824398,0.1939021646976471,0.8752475380897522,0.3678678572177887
YDR205W,YMR250W,0,3.1808167,0.19385965168476105,0.8752475380897522,0.36796796321868896
YLR228C,YFL002W-B,0,3.1746662,0.193817138671875,0.8752475380897522,0.36806806921958923
YOR142W-B,YGR036C,0,3.1741354,0.19377465546131134,0.8752475380897522,0.3681681752204895
YOR071C,YLL040C,0,3.1735373,0.19373218715190887,0.8752475380897522,0.36826828122138977
YDR262W,YOR340C,0,3.17314,0.1936897486448288,0.8752475380897522,0.36836835741996765
YDR062W,YPR159W,0,3.1722345,0.19364731013774872,0.8752475380897522,0.3684684634208679
YDR268W,YDL008W,1,3.1685,0.1938239187002182,0.8762376308441162,0.3684684634208679
YDR498C,YPL078C,0,3.1674604,0.19378148019313812,0.8762376308441162,0.3685685694217682
YMR112C,YHL034C,0,3.1668987,0.19373905658721924,0.8762376308441162,0.36866867542266846
YEL036C,YPR043W,0,3.165349,0.19369664788246155,0.8762376308441162,0.3687687814235687
YLL003W,YNL102W,0,3.162945,0.19365426898002625,0.8762376308441162,0.3688688576221466
YDR473C,YDR261C-D,0,3.162276,0.19361190497875214,0.8762376308441162,0.3689689636230469
YLR256W-A,YIL042C,0,3.1611023,0.19356955587863922,0.8762376308441162,0.36906906962394714
YDR415C,YGR239C,0,3.160753,0.1935272216796875,0.8762376308441162,0.3691691756248474
YMR019W,YJR103W,0,3.1583028,0.19348491728305817,0.8762376308441162,0.3692692816257477
YCR030C,YEL062W,0,3.1581063,0.19344262778759003,0.8762376308441162,0.36936935782432556
YJR055W,YBL085W,0,3.1579857,0.19340035319328308,0.8762376308441162,0.36946946382522583
YBR223C,YMR077C,0,3.1570039,0.19335809350013733,0.8762376308441162,0.3695695698261261
YJL200C,YMR180C,0,3.1569088,0.19331586360931396,0.8762376308441162,0.36966967582702637
YDR218C,YMR213W,0,3.1568415,0.1932736337184906,0.8762376308441162,0.36976978182792664
YPL151C,YOR138C,0,3.1558921,0.19323143362998962,0.8762376308441162,0.3698698580265045
YDL133C-A,YKL206C,0,3.1536748,0.19318926334381104,0.8762376308441162,0.3699699640274048
YOR212W,YGL122C,0,3.1532729,0.19314709305763245,0.8762376308441162,0.37007007002830505
YHR091C,YCR024C,1,3.1512547,0.19332315027713776,0.8772277235984802,0.37007007002830505
YMR276W,YNL160W,0,3.150512,0.19328097999095917,0.8772277235984802,0.3701701760292053
YNL032W,YOR299W,0,3.1500854,0.19323882460594177,0.8772277235984802,0.3702702820301056
YHR164C,YHR004C,0,3.149953,0.19319668412208557,0.8772277235984802,0.37037035822868347
YDL206W,YDR240C,0,3.1475146,0.19315457344055176,0.8772277235984802,0.37047046422958374
YDR254W,YLR291C,0,3.1465156,0.19311246275901794,0.8772277235984802,0.370570570230484
YNL223W,YJL071W,0,3.1448324,0.19307038187980652,0.8772277235984802,0.3706706762313843
YJR026W,YLR330W,0,3.1436033,0.1930283159017563,0.8772277235984802,0.37077078223228455
YBR170C,YOR038C,0,3.1414227,0.19298627972602844,0.8772277235984802,0.3708708584308624
YDL036C,YDR131C,0,3.139545,0.1929442435503006,0.8772277235984802,0.3709709644317627
YKL067W,YKR102W,0,3.1378338,0.19290223717689514,0.8772277235984802,0.37107107043266296
YBL091C-A,YDR207C,0,3.1364832,0.19286024570465088,0.8772277235984802,0.37117117643356323
YGR167W,YFR018C,0,3.132791,0.192818284034729,0.8772277235984802,0.3712712824344635
YPL240C,YPL113C,0,3.1315036,0.19277632236480713,0.8772277235984802,0.3713713586330414
YGL162W,YFL013C,0,3.1314569,0.19273439049720764,0.8772277235984802,0.37147146463394165
YFL002W-B,YDL021W,0,3.1305802,0.19269247353076935,0.8772277235984802,0.3715715706348419
YML112W,YLL017W,0,3.130293,0.19265057146549225,0.8772277235984802,0.3716716766357422
YEL012W,YJL006C,0,3.1302614,0.19260869920253754,0.8772277235984802,0.37177178263664246
YOL103W-B,YBR202W,0,3.1291926,0.19256682693958282,0.8772277235984802,0.37187185883522034
YMR123W,YDL216C,0,3.1280174,0.1925249844789505,0.8772277235984802,0.3719719648361206
YLR157C,YMR203W,0,3.1262107,0.19248315691947937,0.8772277235984802,0.3720720708370209
YDL197C,YLR353W,0,3.1260948,0.19244135916233063,0.8772277235984802,0.37217217683792114
YOR212W,YKR055W,0,3.1259522,0.19239956140518188,0.8772277235984802,0.3722722828388214
YOR237W,YGR112W,0,3.1247907,0.19235779345035553,0.8772277235984802,0.3723723590373993
YMR123W,YBR287W,0,3.12387,0.19231604039669037,0.8772277235984802,0.37247246503829956
YLR289W,YLR425W,0,3.1236792,0.1922743022441864,0.8772277235984802,0.37257257103919983
YOR343W-B,YPR163C,0,3.1236506,0.19223259389400482,0.8772277235984802,0.3726726770401001
YDL024C,YDR261W-A,0,3.123437,0.19219088554382324,0.8772277235984802,0.37277278304100037
YBR223C,YLL027W,0,3.1228895,0.19214920699596405,0.8772277235984802,0.37287285923957825
YGL014W,YFL054C,0,3.1224675,0.19210754334926605,0.8772277235984802,0.3729729652404785
YMR179W,YDR062W,0,3.1224585,0.19206589460372925,0.8772277235984802,0.3730730712413788
YOR194C,YJR103W,0,3.1220865,0.19202427566051483,0.8772277235984802,0.37317317724227905
YDL021W,YBR281C,0,3.121334,0.1919826716184616,0.8772277235984802,0.3732732832431793
YER138C,YOL028C,0,3.1208436,0.1919410675764084,0.8772277235984802,0.3733733594417572
YPL082C,YGL103W,0,3.119821,0.19189950823783875,0.8772277235984802,0.37347346544265747
YLR452C,YNL281W,0,3.1194189,0.1918579488992691,0.8772277235984802,0.37357357144355774
YKR071C,YPR149W,0,3.1172647,0.19181640446186066,0.8772277235984802,0.373673677444458
YJL178C,YOL158C,0,3.1163294,0.1917748898267746,0.8772277235984802,0.3737737834453583
YGL236C,YLR390W,0,3.1157908,0.19173339009284973,0.8772277235984802,0.37387385964393616
YER101C,YFL045C,0,3.115682,0.19169190526008606,0.8772277235984802,0.3739739656448364
YER049W,YDL054C,0,3.1152112,0.19165045022964478,0.8772277235984802,0.3740740716457367
YLR440C,YNL121C,0,3.1140673,0.1916089951992035,0.8772277235984802,0.37417417764663696
YPL196W,YDL097C,0,3.1139393,0.1915675699710846,0.8772277235984802,0.37427428364753723
YPR091C,YPR152C,0,3.1115701,0.1915261596441269,0.8772277235984802,0.3743743598461151
YBR278W,YGL233W,0,3.1090899,0.19148476421833038,0.8772277235984802,0.3744744658470154
YER137C-A,YGR246C,0,3.1090612,0.19144338369369507,0.8772277235984802,0.37457457184791565
YPR111W,YDR261C-D,0,3.107678,0.19140203297138214,0.8772277235984802,0.3746746778488159
YJR083C,YLR153C,0,3.1062024,0.1913606971502304,0.8772277235984802,0.3747747838497162
YKR044W,YFR052W,0,3.1018758,0.19131937623023987,0.8772277235984802,0.37487486004829407
YOR147W,YAL024C,0,3.101259,0.19127807021141052,0.8772277235984802,0.37497496604919434
YMR276W,YLR129W,0,3.101054,0.19123677909374237,0.8772277235984802,0.3750750720500946
YKL090W,YDL245C,0,3.0991893,0.1911955177783966,0.8772277235984802,0.3751751780509949
YGR020C,YDL008W,1,3.0990245,0.19137001037597656,0.8782178163528442,0.3751751780509949
YLL008W,YGR268C,0,3.098943,0.1913287341594696,0.8782178163528442,0.37527528405189514
YMR301C,YML109W,0,3.0964832,0.19128747284412384,0.8782178163528442,0.3753753900527954
YGR012W,YKL130C,0,3.0954363,0.19124622642993927,0.8782178163528442,0.3754754662513733
YJL005W,YNL117W,0,3.0952644,0.1912049949169159,0.8782178163528442,0.37557557225227356
YOR343W-B,YMR227C,0,3.094046,0.1911637932062149,0.8782178163528442,0.37567567825317383
YJL071W,YGR185C,0,3.0935698,0.1911226063966751,0.8782178163528442,0.3757757842540741
YIR025W,YPL252C,0,3.0932925,0.1910814344882965,0.8782178163528442,0.37587589025497437
YDL164C,YBR094W,1,3.0932746,0.19125565886497498,0.8792079091072083,0.37587589025497437
YDR030C,YDL111C,0,3.0900705,0.19121447205543518,0.8792079091072083,0.37597596645355225
YER103W,YKR055W,0,3.0889838,0.19117330014705658,0.8792079091072083,0.3760760724544525
YPR113W,YLR020C,0,3.0867138,0.19113215804100037,0.8792079091072083,0.3761761784553528
YPL110C,YNL175C,0,3.0865026,0.19109103083610535,0.8792079091072083,0.37627628445625305
YBR294W,YOR355W,0,3.0855992,0.19104991853237152,0.8792079091072083,0.3763763904571533
YPR191W,YOL054W,0,3.0821528,0.1910088211297989,0.8792079091072083,0.3764764666557312
YKL090W,YLR285W,0,3.0785565,0.19096773862838745,0.8792079091072083,0.37657657265663147
YBR081C,YER154W,0,3.0774555,0.1909266859292984,0.8792079091072083,0.37667667865753174
YLR321C,YPL087W,0,3.0765166,0.19088563323020935,0.8792079091072083,0.376776784658432
YOR142W-A,YKR069W,0,3.074486,0.1908446103334427,0.8792079091072083,0.3768768906593323
YIL006W,YLR410W-B,0,3.0737748,0.1908036172389984,0.8792079091072083,0.37697696685791016
YGR144W,YNL232W,0,3.0735953,0.19076262414455414,0.8792079091072083,0.3770770728588104
YLR203C,YDR392W,0,3.073446,0.19072164595127106,0.8792079091072083,0.3771771788597107
YLR395C,YDR527W,0,3.0731838,0.19068069756031036,0.8792079091072083,0.37727728486061096
YDR090C,YGR084C,0,3.0730696,0.19063976407051086,0.8792079091072083,0.37737739086151123
YBR196C,YJL130C,0,3.0723562,0.19059884548187256,0.8792079091072083,0.3774774670600891
YDR414C,YDR261C-D,0,3.071866,0.19055794179439545,0.8792079091072083,0.3775775730609894
YOR388C,YPL218W,0,3.0715842,0.19051705300807953,0.8792079091072083,0.37767767906188965
YDR138W,YJL085W,0,3.0710106,0.190476194024086,0.8792079091072083,0.3777777850627899
YNR031C,YBL052C,0,3.0686662,0.19043533504009247,0.8792079091072083,0.3778778910636902
YHR164C,YNR003C,0,3.066836,0.19039450585842133,0.8792079091072083,0.37797796726226807
YMR008C,YER087W,0,3.059552,0.19035369157791138,0.8792079091072083,0.37807807326316833
YML051W,YMR240C,0,3.0590243,0.19031290709972382,0.8792079091072083,0.3781781792640686
YNL121C,YGL259W,0,3.058025,0.19027212262153625,0.8792079091072083,0.37827828526496887
YKL090W,YNL262W,0,3.0573897,0.19023136794567108,0.8792079091072083,0.37837839126586914
YDR082W,YJL117W,0,3.0572214,0.1901906132698059,0.8792079091072083,0.378478467464447
YMR117C,YOR299W,0,3.0557523,0.19014988839626312,0.8792079091072083,0.3785785734653473
YER154W,YNL121C,0,3.0550516,0.19010917842388153,0.8792079091072083,0.37867867946624756
YOR159C,YER008C,0,3.0544038,0.19006849825382233,0.8792079091072083,0.3787787854671478
YKL171W,YPL002C,0,3.0491447,0.19002781808376312,0.8792079091072083,0.3788788914680481
YBR195C,YDL202W,0,3.0491343,0.1899871677160263,0.8792079091072083,0.378978967666626
YPR137W,YNR010W,0,3.046236,0.1899465173482895,0.8792079091072083,0.37907907366752625
YDR092W,YOR339C,1,3.0453396,0.19011975824832916,0.8801980018615723,0.37907907366752625
YNR018W,YOR025W,0,3.0441132,0.19007910788059235,0.8801980018615723,0.3791791796684265
YHR082C,YBR026C,0,3.0422132,0.19003847241401672,0.8801980018615723,0.3792792856693268
YDR492W,YNR072W,0,3.0409455,0.1899978667497635,0.8801980018615723,0.37937939167022705
YNL261W,YLR227W-B,0,3.035027,0.18995726108551025,0.8801980018615723,0.37947946786880493
YDR144C,YHR056C,0,3.0339952,0.1899166852235794,0.8801980018615723,0.3795795738697052
YPR204W,YPL129W,0,3.0333974,0.18987612426280975,0.8801980018615723,0.37967967987060547
YNL172W,YLR285W,0,3.0323706,0.1898355782032013,0.8801980018615723,0.37977978587150574
YER117W,YPL183W-A,0,3.0312157,0.18979504704475403,0.8801980018615723,0.379879891872406
YOL145C,YMR321C,0,3.031012,0.18975453078746796,0.8801980018615723,0.3799799680709839
YIL020C,YGL220W,0,3.0305345,0.18971404433250427,0.8801980018615723,0.38008007407188416
YIR018W,YPL257W-B,0,3.0303445,0.1896735578775406,0.8801980018615723,0.3801801800727844
YGL094C,YDR170C,0,3.0286846,0.1896331012248993,0.8801980018615723,0.3802802860736847
YLR227W-B,YGL030W,0,3.0281327,0.1895926594734192,0.8801980018615723,0.38038039207458496
YLR410W-A,YJL213W,0,3.027096,0.18955223262310028,0.8801980018615723,0.38048046827316284
YMR169C,YKR036C,0,3.026856,0.18951183557510376,0.8801980018615723,0.3805805742740631
YDR512C,YJL172W,0,3.0266767,0.18947143852710724,0.8801980018615723,0.3806806802749634
YLR285W,YLR325C,0,3.0245664,0.1894310712814331,0.8801980018615723,0.38078078627586365
YGL112C,YLR206W,0,3.0242448,0.18939071893692017,0.8801980018615723,0.3808808922767639
YGL209W,YLR305C,0,3.0231118,0.18935036659240723,0.8801980018615723,0.3809809684753418
YPR113W,YLR107W,0,3.0219307,0.18931004405021667,0.8801980018615723,0.38108107447624207
YOR025W,YOR355W,0,3.0209048,0.1892697513103485,0.8801980018615723,0.38118118047714233
YGR225W,YNL309W,0,3.0197716,0.18922945857048035,0.8801980018615723,0.3812812864780426
YJR021C,YML073C,0,3.0181324,0.18918919563293457,0.8801980018615723,0.38138139247894287
YDR454C,YNL026W,0,3.0175607,0.1891489326953888,0.8801980018615723,0.38148146867752075
YOL129W,YGR105W,0,3.015468,0.1891086995601654,0.8801980018615723,0.381581574678421
YPR113W,YOR219C,0,3.0154352,0.1890684813261032,0.8801980018615723,0.3816816806793213
YMR123W,YMR246W,0,3.0148768,0.1890282779932022,0.8801980018615723,0.38178178668022156
YHR030C,YDL036C,0,3.0143788,0.1889880895614624,0.8801980018615723,0.3818818926811218
YHR135C,YOR338W,0,3.012613,0.18894793093204498,0.8801980018615723,0.3819819688796997
YOR142W,YNL026W,0,3.0124276,0.18890777230262756,0.8801980018615723,0.3820820748806
YOL155C,YDL015C,0,3.0122547,0.18886764347553253,0.8801980018615723,0.38218218088150024
YOR126C,YOR194C,0,3.010126,0.1888275295495987,0.8801980018615723,0.3822822868824005
YNL131W,YHR060W,0,3.0073948,0.18878743052482605,0.8801980018615723,0.3823823928833008
YOR297C,YGR255C,0,3.003664,0.1887473464012146,0.8801980018615723,0.38248246908187866
YMR093W,YNL182C,0,3.002756,0.18870727717876434,0.8801980018615723,0.38258257508277893
YMR039C,YMR228W,0,3.0017478,0.18866723775863647,0.8801980018615723,0.3826826810836792
YMR112C,YOR085W,0,3.001209,0.1886271983385086,0.8801980018615723,0.38278278708457947
YNL117W,YMR008C,0,2.9975038,0.18858718872070312,0.8801980018615723,0.38288289308547974
YMR049C,YPL065W,0,2.9962626,0.18854719400405884,0.8801980018615723,0.3829829692840576
YHR077C,YLL040C,0,2.99557,0.18850721418857574,0.8801980018615723,0.3830830752849579
YNL172W,YIR039C,0,2.9943893,0.18846724927425385,0.8801980018615723,0.38318318128585815
YEL053C,YEL056W,0,2.9941087,0.18842729926109314,0.8801980018615723,0.3832832872867584
YKL180W,YFL010W-A,0,2.9900672,0.18838736414909363,0.8801980018615723,0.3833833932876587
YER019C-A,YER002W,0,2.9900532,0.1883474588394165,0.8801980018615723,0.3834834694862366
YDR423C,YGR246C,0,2.9880066,0.18830756843090057,0.8801980018615723,0.38358357548713684
YKL210W,YDL077C,0,2.9875088,0.18826767802238464,0.8801980018615723,0.3836836814880371
YHR030C,YJR101W,0,2.9872985,0.1882278174161911,0.8801980018615723,0.3837837874889374
YCL025C,YLR227W-B,0,2.985914,0.18818797171115875,0.8801980018615723,0.38388389348983765
YOR317W,YCR024C,1,2.9847221,0.18835978209972382,0.8811880946159363,0.38388389348983765
YMR146C,YDR229W,0,2.9844975,0.18831993639469147,0.8811880946159363,0.3839839696884155
YMR005W,YBR243C,0,2.9827852,0.18828009068965912,0.8811880946159363,0.3840840756893158
YER103W,YDR151C,0,2.982709,0.18824027478694916,0.8811880946159363,0.38418418169021606
YJR010W,YOR355W,0,2.9807765,0.1882004588842392,0.8811880946159363,0.38428428769111633
YML097C,YDR261W-A,0,2.9787726,0.18816067278385162,0.8811880946159363,0.3843843936920166
YKR019C,YNR072W,0,2.9779987,0.18812090158462524,0.8811880946159363,0.3844844698905945
YER008C,YNL172W,0,2.976607,0.18808114528656006,0.8811880946159363,0.38458457589149475
YLL043W,YOR008C,0,2.974679,0.18804141879081726,0.8811880946159363,0.384684681892395
YDL084W,YPL200W,0,2.973825,0.18800169229507446,0.8811880946159363,0.3847847878932953
YPR111W,YGL200C,0,2.9735508,0.18796198070049286,0.8811880946159363,0.38488489389419556
YGR169C,YDR518W,0,2.9733508,0.18792229890823364,0.8811880946159363,0.38498497009277344
YLR206W,YJR101W,0,2.9726634,0.18788263201713562,0.8811880946159363,0.3850850760936737
YIR038C,YOL040C,0,2.9695685,0.1878429651260376,0.8811880946159363,0.385185182094574
YGR010W,YOR382W,0,2.9663692,0.18780332803726196,0.8811880946159363,0.38528528809547424
YGR109W-B,YOL104C,0,2.9658794,0.18776370584964752,0.8811880946159363,0.3853853940963745
YER017C,YCL034W,0,2.9642117,0.18772411346435547,0.8811880946159363,0.3854855000972748
YKL013C,YER087C-B,0,2.9637518,0.18768452107906342,0.8811880946159363,0.38558557629585266
YLR325C,YBR192W,0,2.9636693,0.18764494359493256,0.8811880946159363,0.38568568229675293
YPL151C,YGL004C,0,2.962862,0.18760539591312408,0.8811880946159363,0.3857857882976532
YJR119C,YCR011C,0,2.9605281,0.1875658631324768,0.8811880946159363,0.38588589429855347
YGL172W,YBR067C,0,2.9593844,0.18752634525299072,0.8811880946159363,0.38598600029945374
YDR207C,YPR163C,0,2.9586213,0.18748682737350464,0.8811880946159363,0.3860860764980316
YEL052W,YFL033C,0,2.9582753,0.18744733929634094,0.8811880946159363,0.3861861824989319
YNL231C,YDR262W,0,2.9581153,0.18740788102149963,0.8811880946159363,0.38628628849983215
YDR218C,YGL259W,0,2.9576855,0.18736842274665833,0.8811880946159363,0.3863863945007324
YGL241W,YKR006C,0,2.9551172,0.1873289793729782,0.8811880946159363,0.3864865005016327
YMR159C,YKL095W,0,2.9549098,0.18728956580162048,0.8811880946159363,0.38658657670021057
YNL267W,YKL085W,0,2.9516926,0.18725015223026276,0.8811880946159363,0.38668668270111084
YMR315W,YJR005W,0,2.9497323,0.18721076846122742,0.8811880946159363,0.3867867887020111
YIL139C,YDL061C,0,2.9495997,0.18717139959335327,0.8811880946159363,0.3868868947029114
YOR142W-B,YMR272C,0,2.948491,0.18713204562664032,0.8811880946159363,0.38698700070381165
YFL057C,YPL147W,0,2.9474752,0.18709270656108856,0.8811880946159363,0.3870870769023895
YMR169C,YDL140C,0,2.9467769,0.187053382396698,0.8811880946159363,0.3871871829032898
YMR117C,YFL002W-B,0,2.9453764,0.18701407313346863,0.8811880946159363,0.38728728890419006
YFL038C,YER087C-B,0,2.944683,0.18697479367256165,0.8811880946159363,0.38738739490509033
YKL182W,YBL098W,0,2.9431248,0.18693551421165466,0.8811880946159363,0.3874875009059906
YLR312W-A,YOR162C,0,2.9409535,0.18689626455307007,0.8811880946159363,0.3875875771045685
YKL041W,YIL177C,0,2.939922,0.18685702979564667,0.8811880946159363,0.38768768310546875
YGL062W,YPL003W,1,2.9397774,0.187027707695961,0.8821782469749451,0.38768768310546875
YCR030C,YNL262W,0,2.9393644,0.1869884580373764,0.8821782469749451,0.387787789106369
YGR268C,YBR093C,0,2.9390078,0.186949223279953,0.8821782469749451,0.3878878951072693
YOL082W,YKL053C-A,0,2.9378927,0.1869100034236908,0.8821782469749451,0.38798800110816956
YDR453C,YNL335W,0,2.9377446,0.18687079846858978,0.8821782469749451,0.38808807730674744
YJL034W,YGR084C,0,2.937613,0.18683162331581116,0.8821782469749451,0.3881881833076477
YOR299W,YLL040C,0,2.934442,0.18679244816303253,0.8821782469749451,0.388288289308548
YOR209C,YLR382C,1,2.9340014,0.18696290254592896,0.8831683397293091,0.388288289308548
YOR168W,YOL104C,0,2.9338372,0.18692372739315033,0.8831683397293091,0.38838839530944824
YPR080W,YFL002W-B,0,2.9329033,0.1868845522403717,0.8831683397293091,0.3884885013103485
YPR091C,YEL056W,0,2.9319925,0.18684540688991547,0.8831683397293091,0.3885885775089264
YMR182C,YOR378W,0,2.9292912,0.18680627644062042,0.8831683397293091,0.38868868350982666
YPR002W,YDR416W,0,2.9273605,0.18676717579364777,0.8831683397293091,0.38878878951072693
YOR304W,YLR206W,0,2.9245765,0.1867280751466751,0.8831683397293091,0.3888888955116272
YNR031C,YBR282W,0,2.9212322,0.18668898940086365,0.8831683397293091,0.38898900151252747
YLR009W,YLR264W,0,2.9189453,0.18664993345737457,0.8831683397293091,0.38908907771110535
YJL178C,YDL140C,0,2.9178076,0.1866108775138855,0.8831683397293091,0.3891891837120056
YKL119C,YNL073W,0,2.9164672,0.1865718513727188,0.8831683397293091,0.3892892897129059
YOR274W,YDR131C,0,2.9159346,0.18653282523155212,0.8831683397293091,0.38938939571380615
YHR041C,YCL034W,0,2.9157872,0.18649382889270782,0.8831683397293091,0.3894895017147064
YPL273W,YKR044W,0,2.9151795,0.18645484745502472,0.8831683397293091,0.3895895779132843
YFL038C,YOL104C,0,2.913732,0.1864158809185028,0.8831683397293091,0.38968968391418457
YOR206W,YMR115W,0,2.91285,0.1863769292831421,0.8831683397293091,0.38978978991508484
YNL284C-A,YOL043C,0,2.9124427,0.18633799254894257,0.8831683397293091,0.3898898959159851
YDR082W,YDL047W,0,2.911938,0.18629908561706543,0.8831683397293091,0.3899900019168854
YDR306C,YHR051W,0,2.9098046,0.1862601786851883,0.8831683397293091,0.39009007811546326
YMR194W,YER190W,0,2.9076853,0.18622130155563354,0.8831683397293091,0.3901901841163635
YER138C,YLR321C,0,2.905295,0.1861824244260788,0.8831683397293091,0.3902902901172638
YIL006W,YJR140C,0,2.9043612,0.18614357709884644,0.8831683397293091,0.39039039611816406
YCL018W,YNR057C,0,2.9034085,0.18610472977161407,0.8831683397293091,0.39049050211906433
YJR082C,YGL060W,0,2.9013026,0.1860659122467041,0.8831683397293091,0.3905905783176422
YML045W-A,YLR073C,0,2.8998723,0.18602710962295532,0.8831683397293091,0.3906906843185425
YOR142W-B,YGL244W,0,2.8989205,0.18598832190036774,0.8831683397293091,0.39079079031944275
YDL202W,YBR170C,0,2.896606,0.18594954907894135,0.8831683397293091,0.390890896320343
YMR186W,YBL079W,0,2.895672,0.18591079115867615,0.8831683397293091,0.3909910023212433
YHR164C,YBL085W,0,2.8953416,0.18587206304073334,0.8831683397293091,0.39109107851982117
YBR020W,YLR312W-A,0,2.894712,0.18583333492279053,0.8831683397293091,0.39119118452072144
YOL142W,YKL161C,0,2.8938951,0.1857946217060089,0.8831683397293091,0.3912912905216217
YGR161W-B,YOR145C,0,2.8936455,0.18575593829154968,0.8831683397293091,0.391391396522522
YDR054C,YGL062W,1,2.8924718,0.1859254688024521,0.8841584324836731,0.391391396522522
YKL130C,YOL136C,0,2.8924465,0.18588675558567047,0.8841584324836731,0.39149150252342224
YDR449C,YOL108C,0,2.8887458,0.18584807217121124,0.8841584324836731,0.3915915787220001
YLR203C,YLL033W,0,2.8873415,0.1858094036579132,0.8841584324836731,0.3916916847229004
YBR294W,YGR077C,0,2.8872757,0.18577075004577637,0.8841584324836731,0.39179179072380066
YHR077C,YNL219C,0,2.8871527,0.18573211133480072,0.8841584324836731,0.3918918967247009
YGL158W,YJL176C,0,2.8857696,0.18569348752498627,0.8841584324836731,0.3919920027256012
YKL189W,YPL065W,0,2.8820705,0.185654878616333,0.8841584324836731,0.3920920789241791
YGR109W-B,YNL208W,0,2.880017,0.18561629951000214,0.8841584324836731,0.39219218492507935
YOL142W,YBR282W,0,2.8771167,0.18557772040367126,0.8841584324836731,0.3922922909259796
YDR454C,YDR210C-C,0,2.877105,0.18553917109966278,0.8841584324836731,0.3923923969268799
YDL097C,YGR214W,0,2.8764422,0.1855006217956543,0.8841584324836731,0.39249250292778015
YPR162C,YHR079C,0,2.8764367,0.1854621022939682,0.8841584324836731,0.39259257912635803
YLL008W,YHR085W,0,2.8750823,0.1854235827922821,0.8841584324836731,0.3926926851272583
YGR169C,YER137C-A,0,2.872604,0.1853850930929184,0.8841584324836731,0.39279279112815857
YNL044W,YBR145W,0,2.8725517,0.18534661829471588,0.8841584324836731,0.39289289712905884
YER014C-A,YGL050W,0,2.8719256,0.18530815839767456,0.8841584324836731,0.3929930031299591
YLR314C,YOR085W,0,2.870985,0.18526971340179443,0.8841584324836731,0.393093079328537
YCL032W,YOR351C,0,2.8697503,0.1852312833070755,0.8841584324836731,0.39319318532943726
YDR389W,YDL170W,0,2.8695574,0.18519286811351776,0.8841584324836731,0.3932932913303375
YGR180C,YMR115W,0,2.8693407,0.18515446782112122,0.8841584324836731,0.3933933973312378
YGR161W-B,YKL009W,0,2.8689644,0.18511608242988586,0.8841584324836731,0.39349350333213806
YDR173C,YLR251W,0,2.8673532,0.1850777268409729,0.8841584324836731,0.39359357953071594
YPR167C,YIR005W,0,2.8670402,0.18503937125205994,0.8841584324836731,0.3936936855316162
YKR071C,YPL244C,0,2.8639152,0.18500103056430817,0.8841584324836731,0.3937937915325165
YPL094C,YKL053C-A,0,2.8634865,0.18496271967887878,0.8841584324836731,0.39389389753341675
YIR039C,YMR273C,0,2.86307,0.1849244087934494,0.8841584324836731,0.393994003534317
YBR261C,YBR281C,0,2.8622875,0.1848861277103424,0.8841584324836731,0.3940940797328949
YOR206W,YIR018W,0,2.8605413,0.1848478615283966,0.8841584324836731,0.39419418573379517
YLL003W,YOL028C,0,2.8599093,0.1848095953464508,0.8841584324836731,0.39429429173469543
YKL170W,YKR102W,0,2.859198,0.1847713589668274,0.8841584324836731,0.3943943977355957
YBR177C,YPL104W,0,2.8584385,0.18473313748836517,0.8841584324836731,0.39449450373649597
YPR001W,YDR207C,0,2.858394,0.18469493091106415,0.8841584324836731,0.39459457993507385
YIL095W,YJR130C,0,2.8580716,0.18465673923492432,0.8841584324836731,0.3946946859359741
YDL133C-A,YJL005W,0,2.8567514,0.18461856245994568,0.8841584324836731,0.3947947919368744
YKR020W,YIL079C,0,2.8562553,0.18458040058612823,0.8841584324836731,0.39489489793777466
YJL005W,YKL174C,0,2.8538733,0.18454225361347198,0.8841584324836731,0.3949950039386749
YML032C,YLR160C,0,2.8537447,0.18450413644313812,0.8841584324836731,0.3950951099395752
YLR410W-A,YKR028W,0,2.8505213,0.18446601927280426,0.8841584324836731,0.3951951861381531
YGR252W,YMR213W,0,2.8498678,0.1844279170036316,0.8841584324836731,0.39529529213905334
YGL236C,YMR038C,0,2.8486738,0.1843898445367813,0.8841584324836731,0.3953953981399536
YHR005C-A,YER017C,0,2.8474605,0.18435177206993103,0.8841584324836731,0.3954955041408539
YFL054C,YGL004C,0,2.8474476,0.18431372940540314,0.8841584324836731,0.39559561014175415
YHR005C-A,YCR012W,0,2.8465867,0.18427568674087524,0.8841584324836731,0.39569568634033203
YJL117W,YDL097C,0,2.844841,0.18423767387866974,0.8841584324836731,0.3957957923412323
YNR074C,YJR032W,0,2.8444245,0.18419967591762543,0.8841584324836731,0.39589589834213257
YPR171W,YBR120C,0,2.8432422,0.18416167795658112,0.8841584324836731,0.39599600434303284
YNL163C,YDR109C,0,2.8431492,0.1841237097978592,0.8841584324836731,0.3960961103439331
YOL108C,YJR133W,0,2.8414135,0.18408575654029846,0.8841584324836731,0.396196186542511
YDL015C,YKL210W,0,2.839685,0.18404781818389893,0.8841584324836731,0.39629629254341125
YKR006C,YLR389C,0,2.8390703,0.18400989472866058,0.8841584324836731,0.3963963985443115
YHR077C,YKL203C,0,2.8388796,0.18397198617458344,0.8841584324836731,0.3964965045452118
YLR401C,YOR194C,0,2.8380167,0.18393409252166748,0.8841584324836731,0.39659661054611206
YIL095W,YFL010W-A,0,2.8375,0.18389621376991272,0.8841584324836731,0.39669668674468994
YFL038C,YPR171W,0,2.8373544,0.18385834991931915,0.8841584324836731,0.3967967927455902
YMR321C,YPR125W,0,2.8368769,0.18382050096988678,0.8841584324836731,0.3968968987464905
YGL170C,YGR258C,0,2.8365655,0.1837826669216156,0.8841584324836731,0.39699700474739075
YNL258C,YBL034C,0,2.8361115,0.1837448626756668,0.8841584324836731,0.397097110748291
YCL036W,YLR386W,0,2.834303,0.18370705842971802,0.8841584324836731,0.3971971869468689
YMR284W,YPR083W,0,2.8325882,0.18366926908493042,0.8841584324836731,0.39729729294776917
YDL040C,YPL096W,0,2.8321261,0.1836315095424652,0.8841584324836731,0.39739739894866943
YOL155C,YMR032W,0,2.8312917,0.18359375,0.8841584324836731,0.3974975049495697
YPR182W,YLL027W,0,2.8307233,0.18355600535869598,0.8841584324836731,0.39759761095046997
YDL054C,YBR095C,0,2.829947,0.18351829051971436,0.8841584324836731,0.39769768714904785
YBL029C-A,YPR119W,0,2.829598,0.18348059058189392,0.8841584324836731,0.3977977931499481
YJL004C,YKL094W,0,2.8291888,0.1834428906440735,0.8841584324836731,0.3978978991508484
YHR041C,YPR002W,0,2.8270416,0.18340522050857544,0.8841584324836731,0.39799800515174866
YDL121C,YLR330W,0,2.8269074,0.1833675503730774,0.8841584324836731,0.3980981111526489
YJL141C,YOL093W,0,2.8268054,0.18332991003990173,0.8841584324836731,0.3981981873512268
YDR498C,YFL017W-A,0,2.8247833,0.18329228460788727,0.8841584324836731,0.3982982933521271
YBR222C,YPR081C,1,2.8241174,0.18345987796783447,0.8851485252380371,0.3982982933521271
YHR074W,YJL134W,0,2.8227944,0.1834222376346588,0.8851485252380371,0.39839839935302734
YBR081C,YFL014W,0,2.8209965,0.18338461220264435,0.8851485252380371,0.3984985053539276
YGR281W,YGR177C,0,2.8195539,0.18334700167179108,0.8851485252380371,0.3985986113548279
YNL117W,YDL170W,0,2.8192155,0.183309406042099,0.8851485252380371,0.39869868755340576
YFR031C,YMR267W,0,2.818618,0.18327182531356812,0.8851485252380371,0.39879879355430603
YPL257W-B,YDR281C,0,2.8175097,0.18323427438735962,0.8851485252380371,0.3988988995552063
YDR261C-D,YOR085W,0,2.8169417,0.18319672346115112,0.8851485252380371,0.39899900555610657
YIL030C,YPR066W,1,2.8167214,0.18336406350135803,0.8861386179924011,0.39899900555610657
YHR164C,YOL054W,0,2.8164797,0.18332651257514954,0.8861386179924011,0.39909911155700684
YNL160W,YLL061W,0,2.816038,0.18328896164894104,0.8861386179924011,0.3991991877555847
YGR251W,YCL052C,0,2.8119109,0.18325144052505493,0.8861386179924011,0.399299293756485
YKL067W,YLR227W-B,0,2.8116617,0.18321391940116882,0.8861386179924011,0.39939939975738525
YDL059C,YMR078C,0,2.8115463,0.1831764280796051,0.8861386179924011,0.3994995057582855
YPR024W,YLR191W,0,2.8109632,0.18313893675804138,0.8861386179924011,0.3995996117591858
YER137C-A,YPR119W,0,2.8084192,0.18310147523880005,0.8861386179924011,0.39969968795776367
YNR021W,YML045W-A,0,2.8079665,0.1830640286207199,0.8861386179924011,0.39979979395866394
YGR238C,YJR053W,0,2.8073575,0.18302658200263977,0.8861386179924011,0.3998998999595642
YOR343W-B,YPL104W,0,2.8053076,0.18298916518688202,0.8861386179924011,0.4000000059604645
YML045W-A,YLR270W,0,2.805191,0.18295176327228546,0.8861386179924011,0.40010011196136475
YIL061C,YHR060W,0,2.8026037,0.1829143613576889,0.8861386179924011,0.4002001881599426
YJR070C,YJL029C,0,2.802247,0.18287698924541473,0.8861386179924011,0.4003002941608429
YDR414C,YDR210C-C,0,2.8013291,0.18283963203430176,0.8861386179924011,0.40040040016174316
YOR123C,YER087C-B,0,2.7976975,0.18280228972434998,0.8861386179924011,0.40050050616264343
YMR065W,YLR227W-B,0,2.797065,0.1827649623155594,0.8861386179924011,0.4006006121635437
YDR064W,YDR138W,0,2.7960782,0.18272764980793,0.8861386179924011,0.4007006883621216
YJR119C,YDL148C,0,2.7951965,0.1826903522014618,0.8861386179924011,0.40080079436302185
YML058W-A,YGL212W,0,2.795129,0.1826530545949936,0.8861386179924011,0.4009009003639221
YPL257W-B,YER137C,0,2.7935934,0.18261578679084778,0.8861386179924011,0.4010010063648224
YJL141C,YDL040C,0,2.7925282,0.18257853388786316,0.8861386179924011,0.40110111236572266
YPL218W,YDL035C,0,2.7920923,0.18254129588603973,0.8861386179924011,0.40120118856430054
YDL128W,YAL039C,0,2.7872474,0.1825040727853775,0.8861386179924011,0.4013012945652008
YGR109W-B,YBR294W,0,2.7871704,0.18246686458587646,0.8861386179924011,0.4014014005661011
YEL052W,YNR010W,0,2.786335,0.18242967128753662,0.8861386179924011,0.40150150656700134
YKL180W,YBR129C,0,2.7863214,0.18239250779151917,0.8861386179924011,0.4016016125679016
YMR049C,YPR091C,0,2.78535,0.1823553442955017,0.8861386179924011,0.4017016887664795
YGR036C,YNL302C,0,2.7853112,0.18231819570064545,0.8861386179924011,0.40180179476737976
YEL012W,YPR030W,0,2.78293,0.18228106200695038,0.8861386179924011,0.40190190076828003
YDR082W,YGR271W,0,2.780862,0.1822439432144165,0.8861386179924011,0.4020020067691803
YNL178W,YGL174W,0,2.7794743,0.18220683932304382,0.8861386179924011,0.40210211277008057
YBR287W,YMR272C,0,2.7774644,0.18216975033283234,0.8861386179924011,0.40220218896865845
YMR049C,YKR028W,0,2.7770078,0.18213267624378204,0.8861386179924011,0.4023022949695587
YPL257W-B,YDL077C,0,2.7762475,0.18209563195705414,0.8861386179924011,0.402402400970459
YLR390W,YDR261W-A,0,2.775024,0.18205858767032623,0.8861386179924011,0.40250250697135925
YKR071C,YFL038C,0,2.7748642,0.18202155828475952,0.8861386179924011,0.4026026129722595
YFL066C,YLR024C,0,2.772471,0.181984543800354,0.8861386179924011,0.4027026891708374
YPR190C,YHR156C,0,2.771602,0.18194754421710968,0.8861386179924011,0.40280279517173767
YPL276W,YER138C,0,2.7693396,0.18191057443618774,0.8861386179924011,0.40290290117263794
YMR112C,YBR145W,0,2.767156,0.1818736046552658,0.8861386179924011,0.4030030071735382
YJR010W,YBR052C,0,2.7668123,0.18183664977550507,0.8861386179924011,0.4031031131744385
YDR494W,YFL002W-B,0,2.7645168,0.18179970979690552,0.8861386179924011,0.40320318937301636
YKL078W,YGR238C,0,2.7638583,0.18176279962062836,0.8861386179924011,0.4033032953739166
YLR024C,YPL104W,1,2.7637892,0.18192893266677856,0.8871287107467651,0.4033032953739166
YJL114W,YML109W,0,2.7637649,0.1818920075893402,0.8871287107467651,0.4034034013748169
YPL119C,YOR317W,0,2.7625365,0.18185508251190186,0.8871287107467651,0.40350350737571716
YDL121C,YMR194W,0,2.7622323,0.1818181872367859,0.8871287107467651,0.40360361337661743
YNL307C,YMR301C,0,2.7589202,0.18178129196166992,0.8871287107467651,0.4037036895751953
YPL257W-B,YMR240C,0,2.7507987,0.18174442648887634,0.8871287107467651,0.4038037955760956
YKL074C,YER171W,0,2.7501667,0.18170756101608276,0.8871287107467651,0.40390390157699585
YKL124W,YJR133W,0,2.749856,0.18167072534561157,0.8871287107467651,0.4040040075778961
YDR429C,YMR160W,0,2.74887,0.18163388967514038,0.8871287107467651,0.4041041135787964
YPL273W,YLR325C,0,2.7459517,0.18159708380699158,0.8871287107467651,0.40420418977737427
YFL002W-B,YCL025C,0,2.7444224,0.18156027793884277,0.8871287107467651,0.40430429577827454
YHR069C,YHR059W,0,2.7434466,0.18152350187301636,0.8871287107467651,0.4044044017791748
YJL030W,YDR310C,0,2.742425,0.18148672580718994,0.8871287107467651,0.4045045077800751
YLR107W,YGL233W,0,2.7423716,0.1814499795436859,0.8871287107467651,0.40460461378097534
YJL087C,YPR137C-A,0,2.7416122,0.18141324818134308,0.8871287107467651,0.4047046899795532
YOR338W,YGR239C,0,2.7380006,0.18137651681900024,0.8871287107467651,0.4048047959804535
YDL061C,YBR276C,0,2.737692,0.1813398152589798,0.8871287107467651,0.40490490198135376
YJL011C,YGL068W,0,2.7355292,0.18130311369895935,0.8871287107467651,0.40500500798225403
YKR035W-A,YGL233W,0,2.735357,0.1812664419412613,0.8871287107467651,0.4051051139831543
YPL150W,YAL033W,0,2.7344556,0.18122977018356323,0.8871287107467651,0.40520521998405457
YPL223C,YJL081C,0,2.7317085,0.18119312822818756,0.8871287107467651,0.40530529618263245
YAL054C,YFL002W-B,0,2.7308288,0.1811564862728119,0.8871287107467651,0.4054054021835327
YPL257W-B,YFR033C,0,2.7299638,0.1811198741197586,0.8871287107467651,0.405505508184433
YGL094C,YOR226C,0,2.7290487,0.18108326196670532,0.8871287107467651,0.40560561418533325
YMR137C,YNL182C,0,2.727133,0.18104667961597443,0.8871287107467651,0.4057057201862335
YER046W,YJR133W,0,2.7264688,0.18101009726524353,0.8871287107467651,0.4058057963848114
YKL022C,YLR151C,0,2.7260692,0.18097354471683502,0.8871287107467651,0.40590590238571167
YMR117C,YDR416W,0,2.7251487,0.1809369921684265,0.8871287107467651,0.40600600838661194
YGR288W,YKL117W,0,2.7238283,0.1809004694223404,0.8871287107467651,0.4061061143875122
YLR344W,YLR389C,0,2.7234225,0.18086394667625427,0.8871287107467651,0.4062062203884125
YFR021W,YLR410W-B,0,2.723055,0.18082745373249054,0.8871287107467651,0.40630629658699036
YDR064W,YER002W,0,2.7218308,0.1807909607887268,0.8871287107467651,0.4064064025878906
YOR099W,YGL220W,0,2.720178,0.18075448274612427,0.8871287107467651,0.4065065085887909
YAR002C-A,YGR155W,0,2.715968,0.18071803450584412,0.8871287107467651,0.40660661458969116
YAL017W,YOR098C,0,2.7134933,0.18068158626556396,0.8871287107467651,0.40670672059059143
YPR137C-A,YMR300C,0,2.7129023,0.1806451678276062,0.8871287107467651,0.4068067967891693
YBR002C,YNL314W,0,2.7127905,0.18060874938964844,0.8871287107467651,0.4069069027900696
YJL200C,YHR077C,0,2.710266,0.18057234585285187,0.8871287107467651,0.40700700879096985
YIL061C,YGL103W,0,2.7090921,0.18053597211837769,0.8871287107467651,0.4071071147918701
YLR353W,YDL035C,0,2.7082987,0.1804995983839035,0.8871287107467651,0.4072072207927704
YJR083C,YNL052W,0,2.7081542,0.18046323955059052,0.8871287107467651,0.40730729699134827
YOR142W-B,YGR239C,0,2.7076716,0.18042689561843872,0.8871287107467651,0.40740740299224854
YDL107W,YPL139C,0,2.7071273,0.18039058148860931,0.8871287107467651,0.4075075089931488
YNL231C,YDR310C,0,2.705468,0.1803542673587799,0.8871287107467651,0.4076076149940491
YPL213W,YDL045W-A,0,2.7040944,0.1803179681301117,0.8871287107467651,0.40770772099494934
YPL244C,YER104W,0,2.7025018,0.18028168380260468,0.8871287107467651,0.4078077971935272
YDR411C,YOR216C,0,2.7018106,0.18024542927742004,0.8871287107467651,0.4079079031944275
YOR283W,YDR304C,0,2.6986227,0.1802091747522354,0.8871287107467651,0.40800800919532776
YEL052W,YDR310C,0,2.6975293,0.18017293512821198,0.8871287107467651,0.408108115196228
YIR025W,YOR377W,0,2.6935427,0.18013671040534973,0.8871287107467651,0.4082082211971283
YDR137W,YLR227W-B,0,2.6933122,0.18010050058364868,0.8871287107467651,0.4083082973957062
YDL197C,YPL104W,0,2.6924498,0.18006430566310883,0.8871287107467651,0.40840840339660645
YMR005W,YPL180W,0,2.6919122,0.18002812564373016,0.8871287107467651,0.4085085093975067
YNL261W,YGL174W,0,2.6914456,0.1799919605255127,0.8871287107467651,0.408608615398407
YCR093W,YJL225C,0,2.6902475,0.17995581030845642,0.8871287107467651,0.40870872139930725
YLR206W,YOL104C,0,2.689108,0.17991967499256134,0.8871287107467651,0.40880879759788513
YDL179W,YGR229C,0,2.682178,0.17988355457782745,0.8871287107467651,0.4089089035987854
YJL114W,YGL014W,0,2.6820629,0.17984744906425476,0.8871287107467651,0.40900900959968567
YNL282W,YMR099C,0,2.6807284,0.17981135845184326,0.8871287107467651,0.40910911560058594
YNL284C-A,YOR187W,0,2.6805658,0.17977528274059296,0.8871287107467651,0.4092092216014862
YJR053W,YMR246W,0,2.6802456,0.17973922193050385,0.8871287107467651,0.4093092978000641
YLL029W,YLR264W,0,2.6790714,0.17970317602157593,0.8871287107467651,0.40940940380096436
YGL112C,YIL080W,0,2.6787832,0.179667130112648,0.8871287107467651,0.4095095098018646
YDR205W,YML056C,0,2.6783764,0.17963111400604248,0.8871287107467651,0.4096096158027649
YBR081C,YDR167W,0,2.6768467,0.17959511280059814,0.8871287107467651,0.40970972180366516
YER125W,YER019C-A,0,2.675459,0.1795591115951538,0.8871287107467651,0.40980979800224304
YPL240C,YLR410W-A,0,2.6750245,0.17952314019203186,0.8871287107467651,0.4099099040031433
YDL008W,YPL190C,1,2.6740355,0.1796875,0.8881188035011292,0.4099099040031433
YJL087C,YGL220W,0,2.6739874,0.17965151369571686,0.8881188035011292,0.4100100100040436
YNL153C,YKL180W,0,2.673593,0.1796155422925949,0.8881188035011292,0.41011011600494385
YDL121C,YLR009W,0,2.6709597,0.17957958579063416,0.8881188035011292,0.4102102220058441
YAL054C,YDR131C,0,2.6691291,0.1795436292886734,0.8881188035011292,0.410310298204422
YHR074W,YBR074W,0,2.6689808,0.17950770258903503,0.8881188035011292,0.41041040420532227
YOR343W-B,YPR198W,0,2.6681156,0.17947179079055786,0.8881188035011292,0.41051051020622253
YLR410W-A,YNR003C,0,2.6680167,0.17943589389324188,0.8881188035011292,0.4106106162071228
YJR083C,YBR093C,0,2.6664295,0.1793999969959259,0.8881188035011292,0.41071072220802307
YMR319C,YBR238C,0,2.6663296,0.1793641299009323,0.8881188035011292,0.41081079840660095
YNL010W,YIL135C,0,2.6661398,0.17932826280593872,0.8881188035011292,0.4109109044075012
YPL257W-B,YPL196W,0,2.6643915,0.17929242551326752,0.8881188035011292,0.4110110104084015
YGL226C-A,YBR129C,0,2.6638243,0.1792565882205963,0.8881188035011292,0.41111111640930176
YDR210C-C,YER137C,0,2.662764,0.1792207807302475,0.8881188035011292,0.411211222410202
YOL103W-B,YGR216C,0,2.662613,0.17918497323989868,0.8881188035011292,0.4113112986087799
YNL314W,YLR016C,0,2.660811,0.17914919555187225,0.8881188035011292,0.4114114046096802
YDR499W,YDR261W-A,0,2.6587172,0.17911341786384583,0.8881188035011292,0.41151151061058044
YGL172W,YJL194W,0,2.657826,0.1790776550769806,0.8881188035011292,0.4116116166114807
YNL178W,YNL302C,0,2.6527553,0.17904192209243774,0.8881188035011292,0.411711722612381
YIL095W,YLR316C,0,2.6521711,0.1790061891078949,0.8881188035011292,0.41181179881095886
YBR195C,YGL169W,0,2.6518972,0.17897047102451324,0.8881188035011292,0.41191190481185913
YJR028W,YOR251C,0,2.6499205,0.17893476784229279,0.8881188035011292,0.4120120108127594
YDL029W,YPR083W,0,2.6483738,0.17889907956123352,0.8881188035011292,0.41211211681365967
YCL004W,YJL176C,0,2.6459625,0.17886340618133545,0.8881188035011292,0.41221222281455994
YPR158C-C,YJL112W,0,2.6449502,0.17882774770259857,0.8881188035011292,0.4123122990131378
YJR021C,YMR213W,0,2.6439202,0.1787921041250229,0.8881188035011292,0.4124124050140381
YGR161W-B,YPR162C,0,2.6408834,0.1787564754486084,0.8881188035011292,0.41251251101493835
YLR227W-B,YDR260C,0,2.64068,0.1787208616733551,0.8881188035011292,0.4126126170158386
YGL203C,YKL095W,0,2.6390429,0.178685262799263,0.8881188035011292,0.4127127230167389
YMR213W,YER104W,0,2.6366234,0.1786496788263321,0.8881188035011292,0.4128127992153168
YHR209W,YOL107W,0,2.6365037,0.17861409485340118,0.8881188035011292,0.41291290521621704
YPR158C-C,YPR091C,0,2.6334267,0.17857854068279266,0.8881188035011292,0.4130130112171173
YDR411C,YLR350W,0,2.6330678,0.17854298651218414,0.8881188035011292,0.4131131172180176
YLR410W-A,YMR240C,0,2.6322865,0.178507462143898,0.8881188035011292,0.41321322321891785
YHR005C-A,YPR001W,0,2.6320186,0.17847195267677307,0.8881188035011292,0.4133132994174957
YNR031C,YJL029C,0,2.6290414,0.17843644320964813,0.8881188035011292,0.413413405418396
YGR085C,YGR155W,0,2.6283312,0.1784009486436844,0.8881188035011292,0.41351351141929626
YPL274W,YER130C,0,2.6271906,0.17836548388004303,0.8881188035011292,0.41361361742019653
YPL094C,YJL006C,0,2.6265588,0.17833001911640167,0.8881188035011292,0.4137137234210968
YBR275C,YOR382W,0,2.62645,0.1782945692539215,0.8881188035011292,0.4138137996196747
YPR189W,YGR264C,0,2.624288,0.17825913429260254,0.8881188035011292,0.41391390562057495
YJL112W,YJL060W,0,2.6225235,0.17822372913360596,0.8881188035011292,0.4140140116214752
YOR216C,YDR222W,0,2.622102,0.17818832397460938,0.8881188035011292,0.4141141176223755
YLR113W,YER162C,0,2.621807,0.178152933716774,0.8881188035011292,0.41421422362327576
YOR142W-A,YBL098W,0,2.621061,0.1781175583600998,0.8881188035011292,0.41431429982185364
YOR291W,YJL172W,0,2.620087,0.1780821979045868,0.8881188035011292,0.4144144058227539
YDR245W,YDR429C,0,2.6174054,0.1780468374490738,0.8881188035011292,0.4145145118236542
YMR319C,YOR187W,0,2.6171339,0.17801150679588318,0.8881188035011292,0.41461461782455444
YEL070W,YDR392W,0,2.6148267,0.17797619104385376,0.8881188035011292,0.4147147238254547
YER087W,YDR415C,0,2.6137562,0.17794089019298553,0.8881188035011292,0.4148148000240326
YBR274W,YCR046C,0,2.6126475,0.1779055893421173,0.8881188035011292,0.41491490602493286
YLR314C,YIL021W,0,2.6122417,0.17787031829357147,0.8881188035011292,0.41501501202583313
YNL192W,YNR002C,0,2.611208,0.17783504724502563,0.8881188035011292,0.4151151180267334
YJR057W,YGL071W,0,2.610846,0.17779980599880219,0.8881188035011292,0.41521522402763367
YLR206W,YPR152C,0,2.6090813,0.17776456475257874,0.8881188035011292,0.41531533002853394
YNR021W,YFL035C,0,2.6082518,0.17772933840751648,0.8881188035011292,0.4154154062271118
YLR391W-A,YFL035C,0,2.607384,0.1776941418647766,0.8881188035011292,0.4155155122280121
YNR074C,YMR268W-A,0,2.607384,0.17765894532203674,0.8881188035011292,0.41561561822891235
YKR101W,YLR154W-A,0,2.607384,0.17762376368045807,0.8881188035011292,0.4157157242298126
YDR030C,YNL138W-A,0,2.607384,0.1775885969400406,0.8881188035011292,0.4158158302307129
YKL020C,YDR014W-A,0,2.607384,0.1775534451007843,0.8881188035011292,0.41591590642929077
YGR031C-A,YJL112W,0,2.607384,0.1775183081626892,0.8881188035011292,0.41601601243019104
YDR207C,YCR097WB,0,2.607384,0.1774831861257553,0.8881188035011292,0.4161161184310913
YFL011W-A,YNL044W,0,2.607384,0.1774480640888214,0.8881188035011292,0.4162162244319916
YJL012C-A,YDR226W,0,2.607384,0.1774129718542099,0.8881188035011292,0.41631633043289185
YGR169C,YBR111W-A,0,2.607384,0.17737789452075958,0.8881188035011292,0.4164164066314697
YNL121C,YCR055C,0,2.607384,0.17734281718730927,0.8881188035011292,0.41651651263237
YER150W,YDR014W-A,0,2.607384,0.17730776965618134,0.8881188035011292,0.41661661863327026
YFL002W-B,YBL029C-A,0,2.607384,0.1772727221250534,0.8881188035011292,0.41671672463417053
YNL138W-A,YJL117W,0,2.607384,0.17723770439624786,0.8881188035011292,0.4168168306350708
YJL012C-A,YOR215C,0,2.607384,0.17720268666744232,0.8881188035011292,0.4169169068336487
YJR092W,YJL012C-A,0,2.607384,0.17716768383979797,0.8881188035011292,0.41701701283454895
YLR244C,YJL012C-A,0,2.607384,0.17713269591331482,0.8881188035011292,0.4171171188354492
YER175C,YMR268W-A,0,2.607384,0.17709772288799286,0.8881188035011292,0.4172172248363495
YFL011W-A,YOR377W,0,2.607384,0.1770627647638321,0.8881188035011292,0.41731733083724976
YLR391W-A,YOR324C,0,2.607384,0.17702782154083252,0.8881188035011292,0.41741740703582764
YKL016C,YAR070W-A,1,2.607384,0.17719021439552307,0.8891088962554932,0.41741740703582764
YHR214W-G,YOR339C,1,2.607384,0.17735253274440765,0.8900989890098572,0.41741740703582764
YBR111W-A,YKL205W,0,2.607384,0.1773175597190857,0.8900989890098572,0.4175175130367279
YBL029C-A,YJR026W,0,2.607384,0.17728258669376373,0.8900989890098572,0.4176176190376282
YJL012C-A,YBL079W,0,2.607384,0.17724762856960297,0.8900989890098572,0.41771772503852844
YGR031C-A,YEL029C,0,2.607384,0.1772127002477646,0.8900989890098572,0.4178178310394287
YAR070W-A,YOL010W,1,2.607384,0.17737485468387604,0.8910890817642212,0.4178178310394287
YGR264C,YLR391W-A,0,2.607384,0.17733989655971527,0.8910890817642212,0.4179179072380066
YOL053C-A,YKR069W,0,2.607384,0.1773049682378769,0.8910890817642212,0.41801801323890686
YCL003W,YFL017W-A,0,2.607384,0.1772700399160385,0.8910890817642212,0.41811811923980713
YDR014W-A,YBL085W,0,2.607384,0.17723512649536133,0.8910890817642212,0.4182182252407074
YFL011W-A,YER137C-A,0,2.607384,0.17720024287700653,0.8910890817642212,0.41831833124160767
YJL012C-A,YKL001C,0,2.607384,0.17716535925865173,0.8910890817642212,0.41841840744018555
YDR296W,YCR097WB,0,2.607384,0.17713049054145813,0.8910890817642212,0.4185185134410858
YGR031C-A,YCR087C-A,0,2.607384,0.17709563672542572,0.8910890817642212,0.4186186194419861
YHR029C,YLR154W-A,0,2.607384,0.1770607978105545,0.8910890817642212,0.41871872544288635
YFL011W-A,YPR135W,0,2.607384,0.1770259588956833,0.8910890817642212,0.4188188314437866
YMR241W,YGR031C-A,0,2.607384,0.17699114978313446,0.8910890817642212,0.4189189076423645
YBL113C,YBL029C-A,0,2.607384,0.17695635557174683,0.8910890817642212,0.41901901364326477
YPL083C,YMR268W-A,0,2.607384,0.1769215613603592,0.8910890817642212,0.41911911964416504
YKR019C,YOL053C-A,0,2.607384,0.17688679695129395,0.8910890817642212,0.4192192256450653
YPR189W,YLR391W,0,2.607384,0.1768520325422287,0.8910890817642212,0.4193193316459656
YFL011W-A,YGR036C,0,2.607384,0.17681728303432465,0.8910890817642212,0.41941940784454346
YGR031C-A,YER171W,0,2.607384,0.17678256332874298,0.8910890817642212,0.4195195138454437
YGL112C,YLR154W-A,0,2.607384,0.17674784362316132,0.8910890817642212,0.419619619846344
YLR391W-A,YKL053C-A,0,2.607384,0.17671313881874084,0.8910890817642212,0.41971972584724426
YDR067C,YMR268W-A,0,2.607384,0.17667844891548157,0.8910890817642212,0.41981983184814453
YPR011C,YLR154W-A,0,2.607384,0.17664377391338348,0.8910890817642212,0.4199199080467224
YLR391W-A,YER190W,0,2.607384,0.1766090989112854,0.8910890817642212,0.4200200140476227
YMR117C,YCR097WB,0,2.607384,0.1765744537115097,0.8910890817642212,0.42012012004852295
YIL088C,YLR154W-A,0,2.607384,0.1765398234128952,0.8910890817642212,0.4202202260494232
YLR391W-A,YGL226C-A,0,2.607384,0.1765051931142807,0.8910890817642212,0.4203203320503235
YOL053C-A,YKL053C-A,0,2.607384,0.1764705926179886,0.8910890817642212,0.42042040824890137
YHR069C,YOL053C-A,0,2.607384,0.17643599212169647,0.8910890817642212,0.42052051424980164
YDR079W,YLR154W-A,0,2.607384,0.17640140652656555,0.8910890817642212,0.4206206202507019
YDR383C,YGR031C-A,0,2.607384,0.17636683583259583,0.8910890817642212,0.4207207262516022
YNL138W-A,YNL262W,0,2.607384,0.1763322949409485,0.8910890817642212,0.42082083225250244
YDR261W-A,YCL026C-B,0,2.607384,0.17629775404930115,0.8910890817642212,0.4209209084510803
YCR060W,YNL138W-A,0,2.607384,0.1762632131576538,0.8910890817642212,0.4210210144519806
YML097C,YBR111W-A,0,2.607384,0.17622870206832886,0.8910890817642212,0.42112112045288086
YHR214W-G,YDL004W,1,2.607384,0.17638997733592987,0.89207923412323,0.42112112045288086
YKL200C,YHR077C,0,2.607384,0.17635545134544373,0.89207923412323,0.42122122645378113
YLR154W-A,YLR088W,0,2.607384,0.17632094025611877,0.89207923412323,0.4213213324546814
YLR391W-A,YKL165C,0,2.607384,0.17628644406795502,0.89207923412323,0.4214214086532593
YMR065W,YOL053C-A,0,2.607384,0.17625196278095245,0.89207923412323,0.42152151465415955
YJL012C-A,YOL158C,0,2.607384,0.1762174814939499,0.89207923412323,0.4216216206550598
YBR111W-A,YPL139C,0,2.607384,0.17618303000926971,0.89207923412323,0.4217217266559601
YDR014W-A,YDR416W,0,2.607384,0.17614857852458954,0.89207923412323,0.42182183265686035
YJL012C-A,YKL095W,0,2.607384,0.17611415684223175,0.89207923412323,0.42192190885543823
YLL018C,YAR070W-A,1,2.607384,0.17627516388893127,0.893069326877594,0.42192190885543823
YNL138W-A,YKL165C,0,2.607384,0.1762407124042511,0.893069326877594,0.4220220148563385
YBR111W-A,YHR168W,0,2.607384,0.1762062907218933,0.893069326877594,0.42212212085723877
YDR083W,YJL012C-A,0,2.607384,0.17617186903953552,0.893069326877594,0.42222222685813904
YNL138W-A,YDL170W,0,2.607384,0.17613747715950012,0.893069326877594,0.4223223328590393
YDR034C,YDR014W-A,0,2.607384,0.17610308527946472,0.893069326877594,0.4224224090576172
YOR343W-B,YLR154W-A,0,2.607384,0.17606870830059052,0.893069326877594,0.42252251505851746
YOL053C-A,YER171W,0,2.607384,0.1760343462228775,0.893069326877594,0.4226226210594177
YLR329W,YMR268W-A,0,2.607384,0.17599999904632568,0.893069326877594,0.422722727060318
YFL011W-A,YER046W,0,2.607384,0.17596566677093506,0.893069326877594,0.42282283306121826
YLR073C,YLR154W-A,0,2.607384,0.17593134939670563,0.893069326877594,0.42292290925979614
YBR075W,YPR133W-A,0,2.607384,0.1758970320224762,0.893069326877594,0.4230230152606964
YJL012C-A,YJL206C,0,2.607384,0.17586274445056915,0.893069326877594,0.4231231212615967
YFL011W-A,YJL081C,0,2.607384,0.1758284568786621,0.893069326877594,0.42322322726249695
YLR153C,YHR214W-G,1,2.607384,0.1759890913963318,0.894059419631958,0.42322322726249695
YPR083W,YCR097WB,0,2.607384,0.17595478892326355,0.894059419631958,0.4233233332633972
YKL182W,YCL060C,0,2.607384,0.1759205162525177,0.894059419631958,0.4234234094619751
YOL053C-A,YJL095W,0,2.607384,0.17588624358177185,0.894059419631958,0.42352351546287537
YGR179C,YOL053C-A,0,2.607384,0.1758520007133484,0.894059419631958,0.42362362146377563
YAR070W-A,YDL064W,1,2.607384,0.17601245641708374,0.895049512386322,0.42362362146377563
YBL029C-A,YCL060C,0,2.607384,0.17597819864749908,0.895049512386322,0.4237237274646759
YBR081C,YCL003W,0,2.607384,0.17594394087791443,0.895049512386322,0.42382383346557617
YOL097C,YAR070W-A,1,2.607384,0.17610430717468262,0.896039605140686,0.42382383346557617
YGR031C-A,YAL022C,0,2.607384,0.17607003450393677,0.896039605140686,0.42392390966415405
YLR383W,YOL053C-A,0,2.607384,0.1760357916355133,0.896039605140686,0.4240240156650543
YDR014W-A,YPR080W,0,2.607384,0.17600154876708984,0.896039605140686,0.4241241216659546
YCL008C,YMR268W-A,0,2.607384,0.17596733570098877,0.896039605140686,0.42422422766685486
YLR191W,YOL053C-A,0,2.607384,0.1759331226348877,0.896039605140686,0.4243243336677551
YDR014W-A,YPL139C,0,2.607384,0.17589892446994781,0.896039605140686,0.424424409866333
YIL061C,YNL138W-A,0,2.607384,0.17586475610733032,0.896039605140686,0.4245245158672333
YLR289W,YNL138W-A,0,2.607384,0.17583058774471283,0.896039605140686,0.42462462186813354
YGR031C-A,YLR203C,0,2.607384,0.17579641938209534,0.896039605140686,0.4247247278690338
YNL138W-A,YBR042C,0,2.607384,0.17576228082180023,0.896039605140686,0.4248248338699341
YMR273C,YLR154W-A,0,2.607384,0.17572815716266632,0.896039605140686,0.42492491006851196
YDL171C,YCR097WB,0,2.607384,0.1756940335035324,0.896039605140686,0.42502501606941223
YFL011W-A,YJR130C,0,2.607384,0.1756599396467209,0.896039605140686,0.4251251220703125
YNL138W-A,YER130C,0,2.607384,0.17562584578990936,0.896039605140686,0.42522522807121277
YER017C,YCR097WB,0,2.607384,0.17559176683425903,0.896039605140686,0.42532533407211304
YNL284C-A,YLR154W-A,0,2.607384,0.1755577176809311,0.896039605140686,0.4254254400730133
YDR014W-A,YJR032W,0,2.607384,0.17552366852760315,0.896039605140686,0.4255255162715912
YLR391W-A,YBL092W,0,2.607384,0.1754896193742752,0.896039605140686,0.42562562227249146
YNL138W-A,YCL032W,0,2.607384,0.17545560002326965,0.896039605140686,0.4257257282733917
YGR113W,YMR268W-A,0,2.607384,0.1754215955734253,0.896039605140686,0.425825834274292
YDL035C,YMR268W-A,0,2.607384,0.17538759112358093,0.896039605140686,0.42592594027519226
YLR391W-A,YNL259C,0,2.607384,0.17535361647605896,0.896039605140686,0.42602601647377014
YBR075W,YFL001W,0,2.607384,0.175319641828537,0.896039605140686,0.4261261224746704
YNL138W-A,YPL259C,0,2.607384,0.1752856820821762,0.896039605140686,0.4262262284755707
YKL096W-A,YGL046W,0,2.607384,0.17525173723697662,0.896039605140686,0.42632633447647095
YJL225C,YOL053C-A,0,2.607384,0.17521780729293823,0.896039605140686,0.4264264404773712
YLL040C,YGL046W,0,2.607384,0.17518389225006104,0.896039605140686,0.4265265166759491
YJR121W,YHR214W-G,1,2.607384,0.17534352838993073,0.89702969789505,0.4265265166759491
YJL012C-A,YLR033W,0,2.607384,0.17530959844589233,0.89702969789505,0.42662662267684937
YPL276W,YMR268W-A,0,2.607384,0.17527568340301514,0.89702969789505,0.42672672867774963
YFL011W-A,YHR077C,0,2.607384,0.17524178326129913,0.89702969789505,0.4268268346786499
YOR349W,YLR391W,0,2.607384,0.17520788311958313,0.89702969789505,0.42692694067955017
YGR031C-A,YAR031W,0,2.607384,0.17517401278018951,0.89702969789505,0.42702701687812805
YDR261C-D,YDR381C-A,0,2.607384,0.1751401573419571,0.89702969789505,0.4271271228790283
YLR244C,YBR111W-A,0,2.607384,0.17510630190372467,0.89702969789505,0.4272272288799286
YBR111W-A,YJR083C,0,2.607384,0.17507246136665344,0.89702969789505,0.42732733488082886
YNL138W-A,YOR085W,0,2.607384,0.1750386357307434,0.89702969789505,0.4274274408817291
YOR304C-A,YCR055C,0,2.607384,0.17500482499599457,0.89702969789505,0.427527517080307
YDR174W,YDR014W-A,0,2.607384,0.17497102916240692,0.89702969789505,0.4276276230812073
YER014C-A,YML045W-A,0,2.607384,0.17493724822998047,0.89702969789505,0.42772772908210754
YBR111W-A,YOR148C,0,2.607384,0.1749034821987152,0.89702969789505,0.4278278350830078
YHR214W-G,YKL034W,1,2.607384,0.17506273090839386,0.8980197906494141,0.4278278350830078
YCL024W,YMR268W-A,0,2.607384,0.1750289499759674,0.8980197906494141,0.4279279410839081
YNL138W-A,YHR039C-A,0,2.607384,0.17499518394470215,0.8980197906494141,0.42802801728248596
YDR423C,YJL012C-A,0,2.607384,0.1749614179134369,0.8980197906494141,0.42812812328338623
YFL011W-A,YNR002C,0,2.607384,0.17492768168449402,0.8980197906494141,0.4282282292842865
YGR072W,YMR268W-A,0,2.607384,0.17489394545555115,0.8980197906494141,0.42832833528518677
YDR405W,YFL011W-A,0,2.607384,0.17486022412776947,0.8980197906494141,0.42842844128608704
YOL086C,YGR031C-A,0,2.607384,0.174826517701149,0.8980197906494141,0.4285285174846649
YGR031C-A,YGL200C,0,2.607384,0.1747928261756897,0.8980197906494141,0.4286286234855652
YBR020W,YLR391W-A,0,2.607384,0.1747591495513916,0.8980197906494141,0.42872872948646545
YKL009W,YLR391W-A,0,2.607384,0.1747254878282547,0.8980197906494141,0.4288288354873657
YFL035C,YER137C,0,2.607384,0.174691841006279,0.8980197906494141,0.428928941488266
YBL101W-B,YML073C,0,2.607384,0.17465819418430328,0.8980197906494141,0.42902901768684387
YGR031C-A,YDR332W,0,2.607384,0.17462456226348877,0.8980197906494141,0.42912912368774414
YFL011W-A,YNL121C,0,2.607384,0.17459096014499664,0.8980197906494141,0.4292292296886444
YHR020W,YHR214W-G,1,2.607384,0.17474980652332306,0.8990098834037781,0.4292292296886444
YJL012C-A,YPL163C,0,2.607384,0.17471618950366974,0.8990098834037781,0.4293293356895447
YLR024C,YAR070W-A,1,2.607384,0.174874946475029,0.8999999761581421,0.4293293356895447
YJR103W,YHR214W-G,1,2.607384,0.17503365874290466,0.9009901285171509,0.4293293356895447
YDL215C,YDR014W-A,0,2.607384,0.17499999701976776,0.9009901285171509,0.42942944169044495
YGR031C-A,YPR187W,0,2.607384,0.17496635019779205,0.9009901285171509,0.4295295178890228
YGL062W,YAR070W-A,1,2.607384,0.17512495815753937,0.9019802212715149,0.4295295178890228
YBR111W-A,YNL309W,0,2.607384,0.17509129643440247,0.9019802212715149,0.4296296238899231
YGR031C-A,YLL041C,0,2.607384,0.17505764961242676,0.9019802212715149,0.42972972989082336
YOL129W,YFL011W-A,0,2.607384,0.17502401769161224,0.9019802212715149,0.42982983589172363
YDR177W,YAR070W-A,1,2.607384,0.17518247663974762,0.9029703140258789,0.42982983589172363
YNL138W-A,YKL015W,0,2.607384,0.1751488447189331,0.9029703140258789,0.4299299418926239
YDR254W,YLR391W-A,0,2.607384,0.1751152127981186,0.9029703140258789,0.4300300180912018
YBR111W-A,YNL238W,0,2.607384,0.17508159577846527,0.9029703140258789,0.43013012409210205
YMR032W,YMR268W-A,0,2.607384,0.17504797875881195,0.9029703140258789,0.4302302300930023
YLR024C,YHR214W-G,1,2.607384,0.1752062886953354,0.9039604067802429,0.4302302300930023
YDR014W-A,YMR203W,0,2.607384,0.17517267167568207,0.9039604067802429,0.4303303360939026
YNL314W,YLR154W-A,0,2.607384,0.17513906955718994,0.9039604067802429,0.43043044209480286
YFL011W-A,YMR143W,0,2.607384,0.175105482339859,0.9039604067802429,0.43053051829338074
YDR245W,YMR268W-A,0,2.607384,0.17507191002368927,0.9039604067802429,0.430630624294281
YFL035C,YML036W,0,2.607384,0.17503833770751953,0.9039604067802429,0.4307307302951813
YGL226C-A,YCR097WB,0,2.607384,0.17500479519367218,0.9039604067802429,0.43083083629608154
YJL087C,YJL012C-A,0,2.607384,0.17497125267982483,0.9039604067802429,0.4309309422969818
YOL104C,YMR268W-A,0,2.607384,0.17493772506713867,0.9039604067802429,0.4310310184955597
YGL186C,YLR391W-A,0,2.607384,0.1749042123556137,0.9039604067802429,0.43113112449645996
YGR031C-A,YOR377W,0,2.607384,0.17487071454524994,0.9039604067802429,0.43123123049736023
YGR031C-A,YDL208W,0,2.607384,0.17483723163604736,0.9039604067802429,0.4313313364982605
YGR020C,YAR070W-A,1,2.607384,0.17499521374702454,0.9049504995346069,0.4313313364982605
YIL143C,YDR014W-A,0,2.607384,0.17496171593666077,0.9049504995346069,0.43143144249916077
YBR111W-A,YMR213W,0,2.607384,0.1749282330274582,0.9049504995346069,0.43153151869773865
YLR391W-A,YOL040C,0,2.607384,0.17489475011825562,0.9049504995346069,0.4316316246986389
YPL040C,YHR214W-G,1,2.607384,0.17505261301994324,0.905940592288971,0.4316316246986389
YBR111W-A,YPL098C,0,2.607384,0.17501913011074066,0.905940592288971,0.4317317306995392
YFL011W-A,YDR423C,0,2.607384,0.17498566210269928,0.905940592288971,0.43183183670043945
YJL012C-A,YER074W,0,2.607384,0.1749521940946579,0.905940592288971,0.4319319427013397
YDL227C,YOL053C-A,0,2.607384,0.1749187558889389,0.905940592288971,0.4320320188999176
YHR214W-G,YEL027W,1,2.607384,0.1750764548778534,0.906930685043335,0.4320320188999176
YPR001W,YLR391W-A,0,2.607384,0.1750430017709732,0.906930685043335,0.43213212490081787
YFL011W-A,YOR222W,0,2.607384,0.17500954866409302,0.906930685043335,0.43223223090171814
YIL139C,YOL053C-A,0,2.607384,0.17497612535953522,0.906930685043335,0.4323323369026184
YDL004W,YAR070W-A,1,2.607384,0.17513369023799896,0.907920777797699,0.4323323369026184
YJL012C-A,YGR214W,0,2.607384,0.17510025203227997,0.907920777797699,0.4324324429035187
YNL138W-A,YGR276C,0,2.607384,0.17506681382656097,0.907920777797699,0.43253251910209656
YPR035W,YNL138W-A,0,2.607384,0.17503340542316437,0.907920777797699,0.4326326251029968
YDL084W,YBL101W-B,0,2.6052165,0.17499999701976776,0.907920777797699,0.4327327311038971
YKL166C,YDL208W,0,2.6044421,0.17496660351753235,0.907920777797699,0.43283283710479736
YNL267W,YDR261W-A,0,2.6018324,0.17493322491645813,0.907920777797699,0.43293294310569763
YBR202W,YOR142W-A,0,2.6015375,0.1748998612165451,0.907920777797699,0.4330330193042755
YER050C,YCL060C,0,2.6002846,0.17486651241779327,0.907920777797699,0.4331331253051758
YPR198W,YLR227W-B,0,2.5986218,0.17483317852020264,0.907920777797699,0.43323323130607605
YLL029W,YDR499W,0,2.5969408,0.174799844622612,0.907920777797699,0.4333333373069763
YCR087C-A,YJR034W,0,2.5967786,0.17476654052734375,0.907920777797699,0.4334334433078766
YBL101W-B,YPL240C,0,2.5944543,0.1747332364320755,0.907920777797699,0.43353351950645447
YBR059C,YHR059W,0,2.5943675,0.17469994723796844,0.907920777797699,0.43363362550735474
YKR101W,YCR097WB,0,2.5943472,0.17466667294502258,0.907920777797699,0.433733731508255
YAL038W,YBL011W,0,2.594132,0.17463339865207672,0.907920777797699,0.4338338375091553
YDL021W,YLR390W,0,2.5911503,0.17460015416145325,0.907920777797699,0.43393394351005554
YFR018C,YLR391W,0,2.5902119,0.17456690967082977,0.907920777797699,0.4340340197086334
YOR237W,YCR055C,0,2.5892425,0.1745336949825287,0.907920777797699,0.4341341257095337
YJL134W,YOL028C,0,2.5881672,0.1745004802942276,0.907920777797699,0.43423423171043396
YIL132C,YCL060C,0,2.587047,0.1744672805070877,0.907920777797699,0.43433433771133423
YBR031W,YMR229C,0,2.5865805,0.17443408071994781,0.907920777797699,0.4344344437122345
YLR191W,YGR185C,0,2.5842934,0.1744009107351303,0.907920777797699,0.4345345199108124
YIL017W,YDR416W,0,2.5840862,0.174367755651474,0.907920777797699,0.43463462591171265
YKL078W,YPR080W,0,2.583343,0.1743346005678177,0.907920777797699,0.4347347319126129
YER014C-A,YFL023W,0,2.5808935,0.17430146038532257,0.907920777797699,0.4348348379135132
YFL035C,YER052C,0,2.5806315,0.17426833510398865,0.907920777797699,0.43493494391441345
YJL194W,YOR222W,0,2.5803537,0.17423522472381592,0.907920777797699,0.4350350499153137
YCL074W,YGL046W,0,2.5790129,0.17420212924480438,0.907920777797699,0.4351351261138916
YKL103C,YMR032W,0,2.5788462,0.17416903376579285,0.907920777797699,0.43523523211479187
YJL140W,YHR168W,0,2.5776215,0.1741359680891037,0.907920777797699,0.43533533811569214
YNL284C-A,YML128C,0,2.5776212,0.17410290241241455,0.907920777797699,0.4354354441165924
YLR227W-B,YNR002C,0,2.576401,0.1740698516368866,0.907920777797699,0.4355355501174927
YDL245C,YNL284C-A,0,2.5762959,0.17403681576251984,0.907920777797699,0.43563562631607056
YMR276W,YDR146C,0,2.575405,0.17400379478931427,0.907920777797699,0.4357357323169708
YLR029C,YGR036C,0,2.5744882,0.1739707887172699,0.907920777797699,0.4358358383178711
YOR176W,YLR425W,0,2.5743737,0.17393778264522552,0.907920777797699,0.43593594431877136
YFL035C,YJR040W,0,2.5742526,0.17390479147434235,0.907920777797699,0.43603605031967163
YOR343W-B,YPL011C,0,2.5726166,0.17387183010578156,0.907920777797699,0.4361361265182495
YEL041W,YOR085W,0,2.5726054,0.17383886873722076,0.907920777797699,0.4362362325191498
YOL103W-B,YKL130C,0,2.5725193,0.17380590736865997,0.907920777797699,0.43633633852005005
YER175C,YMR272C,0,2.5712736,0.17377297580242157,0.907920777797699,0.4364364445209503
YJR005W,YDR222W,0,2.5695307,0.17374005913734436,0.907920777797699,0.4365365505218506
YLR410W-A,YPL273W,0,2.568542,0.17370714247226715,0.907920777797699,0.43663662672042847
YMR020W,YJL103C,0,2.5667186,0.17367424070835114,0.907920777797699,0.43673673272132874
YLR164W,YBR061C,0,2.5666976,0.1736413538455963,0.907920777797699,0.436836838722229
YGR282C,YOR349W,0,2.5666928,0.17360848188400269,0.907920777797699,0.4369369447231293
YJR070C,YDL208W,0,2.5665598,0.17357562482357025,0.907920777797699,0.43703705072402954
YIL006W,YNR015W,0,2.564733,0.17354276776313782,0.907920777797699,0.4371371269226074
YGL200C,YFL010W-A,0,2.5644026,0.17350994050502777,0.907920777797699,0.4372372329235077
YPL213W,YFL035C,0,2.5632033,0.17347711324691772,0.907920777797699,0.43733733892440796
YLR107W,YIL017W,0,2.56193,0.17344430088996887,0.907920777797699,0.4374374449253082
YOR219C,YNL259C,0,2.561702,0.1734115034341812,0.907920777797699,0.4375375509262085
YOR054C,YDR497C,0,2.559234,0.17337870597839355,0.907920777797699,0.4376376271247864
YOR142W-A,YIL170W,0,2.5582747,0.17334593832492828,0.907920777797699,0.43773773312568665
YKL097W-A,YAL029C,0,2.557976,0.173313170671463,0.907920777797699,0.4378378391265869
YDL021W,YMR273C,0,2.5575933,0.17328041791915894,0.907920777797699,0.4379379451274872
YLL002W,YER145C,0,2.556226,0.17324768006801605,0.907920777797699,0.43803805112838745
YOL129W,YGR268C,0,2.5524445,0.17321495711803436,0.907920777797699,0.43813812732696533
YNL232W,YJR028W,0,2.5510826,0.17318224906921387,0.907920777797699,0.4382382333278656
YIL094C,YGL169W,0,2.5506134,0.17314954102039337,0.907920777797699,0.43833833932876587
YNL314W,YOR327C,0,2.550416,0.17311686277389526,0.907920777797699,0.43843844532966614
YGL050W,YPL087W,0,2.5489826,0.17308418452739716,0.907920777797699,0.4385385513305664
YKL074C,YBR074W,0,2.5465772,0.17305152118206024,0.907920777797699,0.4386386275291443
YDL111C,YIL170W,0,2.5463836,0.17301887273788452,0.907920777797699,0.43873873353004456
YNR006W,YLR256W-A,0,2.545744,0.1729862242937088,0.907920777797699,0.4388388395309448
YPR024W,YCR052W,0,2.5452685,0.17295360565185547,0.907920777797699,0.4389389455318451
YNL223W,YBR115C,0,2.5451837,0.17292098701000214,0.907920777797699,0.43903905153274536
YNL274C,YDL035C,0,2.5447922,0.17288838326931,0.907920777797699,0.43913912773132324
YBR006W,YLR160C,0,2.5445428,0.17285579442977905,0.907920777797699,0.4392392337322235
YLR452C,YLR165C,0,2.5425615,0.1728232204914093,0.907920777797699,0.4393393397331238
YOR298W,YNL052W,0,2.5388298,0.17279064655303955,0.907920777797699,0.43943944573402405
YJR004C,YIL076W,0,2.53872,0.1727581024169922,0.907920777797699,0.4395395517349243
YLR404W,YDR497C,0,2.537639,0.17272555828094482,0.907920777797699,0.4396396279335022
YGL122C,YBL101W-B,0,2.5371385,0.17269302904605865,0.907920777797699,0.43973973393440247
YNL298W,YEL056W,0,2.5364022,0.17266051471233368,0.907920777797699,0.43983983993530273
YDR472W,YPR159W,0,2.5341592,0.1726280152797699,0.907920777797699,0.439939945936203
YJR028W,YNL298W,0,2.5327246,0.17259551584720612,0.907920777797699,0.44004005193710327
YGR109W-B,YLL045C,0,2.5303915,0.17256304621696472,0.907920777797699,0.44014012813568115
YBL098W,YDR444W,0,2.5303056,0.17253057658672333,0.907920777797699,0.4402402341365814
YNR013C,YFL021W,0,2.528863,0.17249812185764313,0.907920777797699,0.4403403401374817
YFL035C,YNR018W,0,2.5273716,0.17246568202972412,0.907920777797699,0.44044044613838196
YCR011C,YCL060C,0,2.5265152,0.17243324220180511,0.907920777797699,0.4405405521392822
YKL180W,YHR039C-A,0,2.5264127,0.1724008321762085,0.907920777797699,0.4406406283378601
YEL052W,YJR028W,0,2.525905,0.17236842215061188,0.907920777797699,0.4407407343387604
YHR066W,YNR067C,0,2.5242562,0.17233602702617645,0.907920777797699,0.44084084033966064
YLR380W,YJL082W,0,2.523667,0.17230364680290222,0.907920777797699,0.4409409463405609
YOR148C,YIL076W,0,2.5213623,0.17227128148078918,0.907920777797699,0.4410410523414612
YER137C-A,YPR091C,0,2.5208113,0.17223891615867615,0.907920777797699,0.44114112854003906
YJL005W,YFL002W-B,0,2.5198722,0.1722065657377243,0.907920777797699,0.44124123454093933
YDL215C,YOL102C,0,2.5195012,0.17217424511909485,0.907920777797699,0.4413413405418396
YGR056W,YEL041W,0,2.517253,0.1721419245004654,0.907920777797699,0.44144144654273987
YJL141C,YKR044W,0,2.5164776,0.17210960388183594,0.907920777797699,0.44154155254364014
YLR080W,YLR227W-B,0,2.5159192,0.17207731306552887,0.907920777797699,0.441641628742218
YOR168W,YOL010W,1,2.5158596,0.17223264276981354,0.908910870552063,0.441641628742218
YDR196C,YNR002C,0,2.5150557,0.17220033705234528,0.908910870552063,0.4417417347431183
YGR161W-B,YPR030W,0,2.5097055,0.1721680462360382,0.908910870552063,0.44184184074401855
YLR295C,YDL045C,0,2.5091057,0.17213575541973114,0.908910870552063,0.4419419467449188
YDL121C,YML073C,0,2.505675,0.17210349440574646,0.908910870552063,0.4420420527458191
YMR168C,YFR045W,0,2.505619,0.17207123339176178,0.908910870552063,0.442142128944397
YMR276W,YBR075W,0,2.5044818,0.1720389872789383,0.908910870552063,0.44224223494529724
YOL066C,YNL044W,0,2.5044372,0.1720067411661148,0.908910870552063,0.4423423409461975
YKR056W,YLR391W,0,2.5030994,0.1719745248556137,0.908910870552063,0.4424424469470978
YIR018W,YPL113C,0,2.503036,0.1719423085451126,0.908910870552063,0.44254255294799805
YHR030C,YCR097WB,0,2.5029998,0.1719101071357727,0.908910870552063,0.4426426291465759
YPL087W,YLR088W,0,2.500202,0.171877920627594,0.908910870552063,0.4427427351474762
YNR018W,YMR272C,0,2.4987314,0.17184574902057648,0.908910870552063,0.44284284114837646
YAL033W,YGL259W,0,2.4977627,0.17181359231472015,0.908910870552063,0.44294294714927673
YLR256W-A,YHR119W,0,2.4969897,0.17178143560886383,0.908910870552063,0.443043053150177
YHL012W,YPL257W-B,0,2.4953175,0.1717492938041687,0.908910870552063,0.4431431293487549
YDR411C,YOL054W,0,2.4945035,0.17171716690063477,0.908910870552063,0.44324323534965515
YLR043C,YNL178W,0,2.4941137,0.17168505489826202,0.908910870552063,0.4433433413505554
YKR066C,YOR142W-A,0,2.4929,0.17165295779705048,0.908910870552063,0.4434434473514557
YOR275C,YFR019W,0,2.4919386,0.17162086069583893,0.908910870552063,0.44354355335235596
YMR078C,YCR055C,0,2.4919274,0.17158877849578857,0.908910870552063,0.44364362955093384
YDL142C,YHR004C,0,2.4917378,0.17155671119689941,0.908910870552063,0.4437437355518341
YER175C,YCR055C,0,2.4912274,0.17152465879917145,0.908910870552063,0.4438438415527344
YPR190C,YNR010W,0,2.4900365,0.17149262130260468,0.908910870552063,0.44394394755363464
YAL022C,YIL094C,0,2.487498,0.1714605838060379,0.908910870552063,0.4440440535545349
YGR012W,YJL024C,0,2.486954,0.17142857611179352,0.908910870552063,0.4441441297531128
YGR109W-B,YMR193W,0,2.4850712,0.17139656841754913,0.908910870552063,0.44424423575401306
YMR146C,YNL026W,0,2.4848752,0.17136457562446594,0.908910870552063,0.44434434175491333
YGR012W,YNL258C,0,2.4844031,0.17133258283138275,0.908910870552063,0.4444444477558136
YEL037C,YCR097WB,0,2.4843564,0.17130061984062195,0.908910870552063,0.44454455375671387
YJL034W,YOL104C,0,2.4841003,0.17126865684986115,0.908910870552063,0.44464462995529175
YDR494W,YGR276C,0,2.4832637,0.17123670876026154,0.908910870552063,0.444744735956192
YGL094C,YDR404C,0,2.4821415,0.17120477557182312,0.908910870552063,0.4448448419570923
YKL171W,YLR130C,0,2.480956,0.1711728572845459,0.908910870552063,0.44494494795799255
YCR080W,YLR026C,0,2.4800596,0.17114093899726868,0.908910870552063,0.4450450539588928
YLR033W,YJR140C,0,2.4795623,0.17110903561115265,0.908910870552063,0.4451451599597931
YBR170C,YDL070W,0,2.4777489,0.17107714712619781,0.908910870552063,0.44524523615837097
YGL162W,YNL107W,0,2.4774117,0.17104527354240417,0.908910870552063,0.44534534215927124
YOL107W,YCL025C,0,2.4730005,0.17101341485977173,0.908910870552063,0.4454454481601715
YOR297C,YPL011C,0,2.471208,0.17098155617713928,0.908910870552063,0.4455455541610718
YDR419W,YGR095C,0,2.4711447,0.17094972729682922,0.908910870552063,0.44564566016197205
YGR089W,YDR173C,0,2.4710042,0.17091789841651917,0.908910870552063,0.4457457363605499
YKR019C,YCR097WB,0,2.4696903,0.1708860695362091,0.908910870552063,0.4458458423614502
YGL209W,YOR237W,0,2.4694118,0.17085427045822144,0.908910870552063,0.44594594836235046
YJR149W,YPL119C,0,2.469297,0.17082247138023376,0.908910870552063,0.44604605436325073
YNL284C-A,YMR228W,0,2.4689903,0.17079070210456848,0.908910870552063,0.446146160364151
YPL180W,YJL140W,0,2.4687843,0.1707589328289032,0.908910870552063,0.4462462365627289
YNR031C,YCL057W,0,2.4682193,0.1707271784543991,0.908910870552063,0.44634634256362915
YPR113W,YNL284C-A,0,2.4658275,0.17069542407989502,0.908910870552063,0.4464464485645294
YGR229C,YDR261W-A,0,2.464578,0.17066369950771332,0.908910870552063,0.4465465545654297
YGR056W,YCL008C,0,2.464502,0.17063197493553162,0.908910870552063,0.44664666056632996
YJL103C,YPR133W-A,0,2.4640296,0.1706002652645111,0.908910870552063,0.44674673676490784
YFL002W-B,YDR392W,0,2.4637823,0.1705685555934906,0.908910870552063,0.4468468427658081
YDR451C,YKL206C,0,2.4630346,0.17053687572479248,0.908910870552063,0.4469469487667084
YMR186W,YNL230C,0,2.4618585,0.17050519585609436,0.908910870552063,0.44704705476760864
YJR032W,YHR109W,0,2.4612396,0.17047353088855743,0.908910870552063,0.4471471607685089
YGR109W-B,YGR255C,0,2.4611073,0.1704418808221817,0.908910870552063,0.4472472369670868
YJR036C,YFL039C,1,2.4600816,0.17059588432312012,0.909900963306427,0.4472472369670868
YLR329W,YCR080W,0,2.459978,0.1705642193555832,0.909900963306427,0.44734734296798706
YDR164C,YGR118W,0,2.458599,0.17053256928920746,0.909900963306427,0.44744744896888733
YHR077C,YOR351C,0,2.4578586,0.17050093412399292,0.909900963306427,0.4475475549697876
YKL013C,YLR033W,0,2.4573956,0.17046929895877838,0.909900963306427,0.44764766097068787
YML032C,YNL262W,0,2.4572165,0.17043767869472504,0.909900963306427,0.44774773716926575
YCL043C,YJR101W,0,2.4569468,0.17040608823299408,0.909900963306427,0.447847843170166
YIL061C,YKL009W,0,2.4560533,0.17037448287010193,0.909900963306427,0.4479479491710663
YDR403W,YCR097WB,0,2.4548612,0.17034290730953217,0.909900963306427,0.44804805517196655
YNL314W,YFL002W-B,0,2.4544039,0.1703113466501236,0.909900963306427,0.4481481611728668
YJR028W,YDR508C,0,2.4529583,0.17027978599071503,0.909900963306427,0.4482482373714447
YEL022W,YDR245W,0,2.4527738,0.17024824023246765,0.909900963306427,0.44834834337234497
YGR171C,YER002W,0,2.4525633,0.17021670937538147,0.909900963306427,0.44844844937324524
YHL034C,YGL046W,0,2.450292,0.1701851785182953,0.909900963306427,0.4485485553741455
YHR211W,YGL030W,0,2.449675,0.1701536774635315,0.909900963306427,0.4486486613750458
YGR252W,YCR052W,0,2.4486823,0.1701221764087677,0.909900963306427,0.44874873757362366
YMR032W,YBR096W,0,2.4483447,0.1700906902551651,0.909900963306427,0.4488488435745239
YPR111W,YNR015W,0,2.4478397,0.1700592190027237,0.909900963306427,0.4489489495754242
YPL200W,YMR136W,0,2.4475784,0.1700277477502823,0.909900963306427,0.44904905557632446
YGR221C,YOR317W,0,2.4473825,0.16999630630016327,0.909900963306427,0.44914916157722473
YKL090W,YDL015C,0,2.446692,0.16996486485004425,0.909900963306427,0.4492492377758026
YKL090W,YGL172W,0,2.4445875,0.16993343830108643,0.909900963306427,0.4493493437767029
YIL002C,YCR080W,0,2.444549,0.1699020117521286,0.909900963306427,0.44944944977760315
YDL170W,YNR013C,0,2.4437964,0.16987061500549316,0.909900963306427,0.4495495557785034
YPR137C-A,YPL252C,0,2.4433541,0.16983921825885773,0.909900963306427,0.4496496617794037
YNL271C,YER049W,0,2.4417777,0.16980783641338348,0.909900963306427,0.44974973797798157
YOR212W,YBR042C,0,2.4415553,0.16977646946907043,0.909900963306427,0.44984984397888184
YMR250W,YKL053C-A,0,2.43997,0.16974510252475739,0.909900963306427,0.4499499499797821
YPR189W,YML030W,0,2.4397373,0.16971376538276672,0.909900963306427,0.4500500559806824
YGR052W,YDL028C,0,2.4395998,0.16968242824077606,0.909900963306427,0.45015016198158264
YGR109W-B,YKL144C,0,2.4384038,0.1696510910987854,0.909900963306427,0.4502502381801605
YKL009W,YOR355W,0,2.4375267,0.16961978375911713,0.909900963306427,0.4503503441810608
YIL142W,YPR198W,0,2.4371932,0.16958849132061005,0.909900963306427,0.45045045018196106
YOL033W,YBR208C,1,2.4366102,0.169741690158844,0.9108911156654358,0.45045045018196106
YBL026W,YBL079W,0,2.435463,0.16971038281917572,0.9108911156654358,0.45055055618286133
YJL085W,YPL098C,0,2.4338245,0.16967909038066864,0.9108911156654358,0.4506506621837616
YDR242W,YJR036C,1,2.4333873,0.16983219981193542,0.9118812084197998,0.4506506621837616
YDR518W,YLL033W,0,2.4329069,0.16980087757110596,0.9118812084197998,0.4507507383823395
YLR187W,YHR057C,0,2.4315886,0.16976958513259888,0.9118812084197998,0.45085084438323975
YHR066W,YCL003W,0,2.430359,0.1697382926940918,0.9118812084197998,0.45095095038414
YPL050C,YJR103W,0,2.428871,0.1697070151567459,0.9118812084197998,0.4510510563850403
YHR047C,YJL214W,0,2.4269056,0.16967575252056122,0.9118812084197998,0.45115116238594055
YPL167C,YOR187W,0,2.4259198,0.16964450478553772,0.9118812084197998,0.45125123858451843
YOR291W,YJL029C,0,2.4256496,0.16961325705051422,0.9118812084197998,0.4513513445854187
YGR252W,YMR284W,0,2.4255843,0.16958202421665192,0.9118812084197998,0.45145145058631897
YER008C,YLR410W-B,0,2.4251444,0.1695508062839508,0.9118812084197998,0.45155155658721924
YER014C-A,YMR240C,0,2.4226122,0.1695196032524109,0.9118812084197998,0.4516516625881195
YML112W,YFL010W-A,0,2.4218235,0.16948840022087097,0.9118812084197998,0.4517517387866974
YKL166C,YDR444W,0,2.4209487,0.16945722699165344,0.9118812084197998,0.45185184478759766
YDL179W,YDR261C-D,0,2.4209256,0.1694260537624359,0.9118812084197998,0.4519519507884979
YIL017W,YLR309C,0,2.4203234,0.16939488053321838,0.9118812084197998,0.4520520567893982
YNL138W,YOR025W,0,2.4202812,0.16936373710632324,0.9118812084197998,0.45215216279029846
YPR060C,YOR180C,0,2.4198377,0.1693325936794281,0.9118812084197998,0.45225223898887634
YKR035W-A,YFL013C,0,2.4197862,0.16930146515369415,0.9118812084197998,0.4523523449897766
YNL078W,YNL239W,0,2.418889,0.1692703515291214,0.9118812084197998,0.4524524509906769
YMR033W,YNL138W,0,2.4182887,0.16923925280570984,0.9118812084197998,0.45255255699157715
YLR191W,YNL261W,0,2.4180527,0.16920815408229828,0.9118812084197998,0.4526526629924774
YAR002C-A,YDR210C-C,0,2.4178739,0.1691770702600479,0.9118812084197998,0.4527527391910553
YHL012W,YBR075W,0,2.4155245,0.16914600133895874,0.9118812084197998,0.45285284519195557
YBR075W,YIL079C,0,2.414441,0.16911494731903076,0.9118812084197998,0.45295295119285583
YOL158C,YLR024C,0,2.4142056,0.16908389329910278,0.9118812084197998,0.4530530571937561
YEL012W,YAL040C,0,2.4119782,0.1690528690814972,0.9118812084197998,0.45315316319465637
YNL085W,YOR204W,0,2.4107194,0.1690218448638916,0.9118812084197998,0.45325323939323425
YDL246C,YGR199W,0,2.4095905,0.168990820646286,0.9118812084197998,0.4533533453941345
YPL064C,YAL029C,0,2.4092114,0.1689598262310028,0.9118812084197998,0.4534534513950348
YOR297C,YDR210C-C,0,2.4070725,0.1689288318157196,0.9118812084197998,0.45355355739593506
YFL035C,YNL006W,0,2.4057055,0.1688978523015976,0.9118812084197998,0.4536536633968353
YER150W,YLR321C,0,2.4044704,0.16886688768863678,0.9118812084197998,0.4537537395954132
YJL155C,YAR035W,0,2.4019418,0.16883592307567596,0.9118812084197998,0.4538538455963135
YOR317W,YKL010C,1,2.4017758,0.16898827254772186,0.9128713011741638,0.4538538455963135
YCL060C,YDR364C,0,2.4017398,0.16895730793476105,0.9128713011741638,0.45395395159721375
YDR414C,YLR344W,0,2.4013526,0.16892634332180023,0.9128713011741638,0.454054057598114
YKL022C,YDR222W,0,2.3995287,0.1688954085111618,0.9128713011741638,0.4541541635990143
YDR268W,YHR111W,1,2.3980856,0.16904762387275696,0.9138613939285278,0.4541541635990143
YKR066C,YBR155W,0,2.3980708,0.16901665925979614,0.9138613939285278,0.45425423979759216
YGL010W,YKR044W,0,2.3966534,0.16898572444915771,0.9138613939285278,0.45435434579849243
YLR410W-A,YFL001W,0,2.3966098,0.1689547896385193,0.9138613939285278,0.4544544517993927
YOR054C,YOR393W,0,2.39625,0.16892386972904205,0.9138613939285278,0.45455455780029297
YLR107W,YML097C,0,2.396082,0.16889294981956482,0.9138613939285278,0.45465466380119324
YOR251C,YMR267W,0,2.395791,0.16886205971240997,0.9138613939285278,0.4547547399997711
YPR026W,YPR137C-A,0,2.394826,0.16883116960525513,0.9138613939285278,0.4548548460006714
YEL031W,YML028W,0,2.3935394,0.16880029439926147,0.9138613939285278,0.45495495200157166
YDL121C,YLR410W-A,0,2.3932137,0.16876943409442902,0.9138613939285278,0.4550550580024719
YNL220W,YIL083C,1,2.3929663,0.16892139613628387,0.9148514866828918,0.4550550580024719
YLR404W,YDL074C,0,2.392956,0.16889052093029022,0.9148514866828918,0.4551551640033722
YJL214W,YPL218W,0,2.3919597,0.16885964572429657,0.9148514866828918,0.45525527000427246
YOR343W-B,YBL098W,0,2.39173,0.1688288003206253,0.9148514866828918,0.45535534620285034
YMR284W,YEL041W,0,2.390873,0.16879795491695404,0.9148514866828918,0.4554554522037506
YOR237W,YDR508C,0,2.3901863,0.16876712441444397,0.9148514866828918,0.4555555582046509
YLR165C,YJL053W,0,2.3897731,0.1687363088130951,0.9148514866828918,0.45565566420555115
YFL045C,YOL040C,0,2.3876104,0.16870549321174622,0.9148514866828918,0.4557557702064514
YNL284C-A,YOR351C,0,2.3874605,0.16867469251155853,0.9148514866828918,0.4558558464050293
YDL084W,YEL036C,0,2.3872402,0.16864390671253204,0.9148514866828918,0.45595595240592957
YML045W-A,YER137C,0,2.3858666,0.16861313581466675,0.9148514866828918,0.45605605840682983
YIL170W,YGL174W,0,2.3854523,0.16858237981796265,0.9148514866828918,0.4561561644077301
YPL078C,YEL056W,0,2.381579,0.16855162382125854,0.9148514866828918,0.45625627040863037
YLR300W,YOL040C,0,2.3804376,0.16852088272571564,0.9148514866828918,0.45635634660720825
YPL099C,YKL201C,0,2.3768225,0.16849015653133392,0.9148514866828918,0.4564564526081085
YOL102C,YPL257W-B,0,2.3738523,0.1684594303369522,0.9148514866828918,0.4565565586090088
YML045W-A,YOR355W,0,2.3714106,0.16842873394489288,0.9148514866828918,0.45665666460990906
YDR499W,YLR285W,0,2.3703902,0.16839803755283356,0.9148514866828918,0.4567567706108093
YLL004W,YML049C,0,2.3697934,0.16836734116077423,0.9148514866828918,0.4568568468093872
YHR005C-A,YJL134W,0,2.3678956,0.1683366745710373,0.9148514866828918,0.4569569528102875
YMR241W,YLR305C,0,2.367703,0.16830600798130035,0.9148514866828918,0.45705705881118774
YNL127W,YJR082C,0,2.3674426,0.1682753562927246,0.9148514866828918,0.457157164812088
YPR171W,YDR261C-D,0,2.3674312,0.16824471950531006,0.9148514866828918,0.4572572708129883
YOR239W,YBL034C,0,2.367352,0.1682140976190567,0.9148514866828918,0.45735734701156616
YOR142W-B,YOR237W,0,2.3635721,0.16818347573280334,0.9148514866828918,0.45745745301246643
YGR077C,YKL003C,0,2.3622549,0.16815286874771118,0.9148514866828918,0.4575575590133667
YER046W,YNR010W,0,2.3618994,0.1681222766637802,0.9148514866828918,0.45765766501426697
YJL166W,YLR042C,0,2.3614213,0.16809168457984924,0.9148514866828918,0.45775777101516724
YLR268W,YFL001W,0,2.3593812,0.16806110739707947,0.9148514866828918,0.4578578472137451
YDR285W,YHR209W,0,2.3585043,0.1680305451154709,0.9148514866828918,0.4579579532146454
YDL215C,YLR312W-A,0,2.358001,0.1679999977350235,0.9148514866828918,0.45805805921554565
YAL040C,YMR273C,0,2.3574092,0.1679694652557373,0.9148514866828918,0.4581581652164459
YML080W,YOR180C,0,2.357353,0.1679389327764511,0.9148514866828918,0.4582582712173462
YBR093C,YHR168W,0,2.3552551,0.1679084151983261,0.9148514866828918,0.4583583474159241
YNL010W,YDR164C,0,2.3545823,0.1678779125213623,0.9148514866828918,0.45845845341682434
YOL057W,YNL284C-A,0,2.3543043,0.1678474098443985,0.9148514866828918,0.4585585594177246
YKL210W,YER190W,0,2.353539,0.1678169220685959,0.9148514866828918,0.4586586654186249
YER014C-A,YHR061C,0,2.3511822,0.16778644919395447,0.9148514866828918,0.45875877141952515
YGR010W,YLR410W-B,0,2.351082,0.16775599122047424,0.9148514866828918,0.458858847618103
YAL016W,YCR080W,0,2.3504558,0.16772553324699402,0.9148514866828918,0.4589589536190033
YDL198C,YPR043W,0,2.3487644,0.16769510507583618,0.9148514866828918,0.45905905961990356
YBL101W-B,YOL054W,0,2.3467941,0.16766467690467834,0.9148514866828918,0.45915916562080383
YGR052W,YDR233C,0,2.3466306,0.1676342487335205,0.9148514866828918,0.4592592716217041
YOR310C,YHR077C,0,2.3458054,0.16760385036468506,0.9148514866828918,0.459359347820282
YDR064W,YNR006W,0,2.3451877,0.1675734519958496,0.9148514866828918,0.45945945382118225
YGL259W,YLR391W,0,2.3451853,0.16754306852817535,0.9148514866828918,0.4595595598220825
YOR071C,YER137C-A,0,2.3435678,0.1675126850605011,0.9148514866828918,0.4596596658229828
YOR343W-B,YMR033W,0,2.3434734,0.16748233139514923,0.9148514866828918,0.45975977182388306
YNL231C,YLR227W-B,0,2.3432772,0.16745197772979736,0.9148514866828918,0.45985984802246094
YIL080W,YCL052C,0,2.3406398,0.1674216389656067,0.9148514866828918,0.4599599540233612
YAL033W,YNL131W,0,2.3383124,0.16739130020141602,0.9148514866828918,0.4600600600242615
YEL062W,YIL048W,0,2.3358083,0.16736099123954773,0.9148514866828918,0.46016016602516174
YNL153C,YDR416W,0,2.3350885,0.16733068227767944,0.9148514866828918,0.460260272026062
YDR414C,YNR017W,0,2.334783,0.16730037331581116,0.9148514866828918,0.4603603482246399
YJL030W,YHR109W,0,2.3344567,0.16727009415626526,0.9148514866828918,0.46046045422554016
YDL133C-A,YHR164C,0,2.3340113,0.16723981499671936,0.9148514866828918,0.46056056022644043
YLR183C,YDL028C,0,2.332721,0.16720955073833466,0.9148514866828918,0.4606606662273407
YOL158C,YER046W,0,2.3309596,0.16717930138111115,0.9148514866828918,0.46076077222824097
YPL196W,YFL010W-A,0,2.3304403,0.16714905202388763,0.9148514866828918,0.46086084842681885
YHR002W,YCR087C-A,0,2.3303947,0.1671188324689865,0.9148514866828918,0.4609609544277191
YPL151C,YGL026C,0,2.3302689,0.1670886129140854,0.9148514866828918,0.4610610604286194
YGL112C,YBR080C,0,2.328152,0.16705839335918427,0.9148514866828918,0.46116116642951965
YBR075W,YKR044W,0,2.3277693,0.16702820360660553,0.9148514866828918,0.4612612724304199
YKL165C,YDR261W-A,0,2.3271635,0.1669980138540268,0.9148514866828918,0.4613613486289978
YBR260C,YDR210C-C,0,2.3261573,0.16696783900260925,0.9148514866828918,0.46146145462989807
YML052W,YDR138W,0,2.3238025,0.1669376641511917,0.9148514866828918,0.46156156063079834
YBR081C,YKL165C,0,2.3236296,0.16690751910209656,0.9148514866828918,0.4616616666316986
YMR146C,YNL050C,0,2.322587,0.1668773740530014,0.9148514866828918,0.4617617726325989
YEL052W,YDL202W,0,2.3223562,0.16684724390506744,0.9148514866828918,0.46186184883117676
YPR091C,YOR338W,0,2.3196502,0.16681711375713348,0.9148514866828918,0.461961954832077
YJL060W,YIL046W,0,2.3196154,0.16678699851036072,0.9148514866828918,0.4620620608329773
YMR019W,YMR301C,0,2.3188353,0.16675689816474915,0.9148514866828918,0.46216216683387756
YNL110C,YKL097W-A,0,2.3182085,0.16672681272029877,0.9148514866828918,0.46226227283477783
YLR206W,YOL151W,0,2.3176942,0.1666967272758484,0.9148514866828918,0.4623623490333557
YCR080W,YKL210W,0,2.317521,0.1666666716337204,0.9148514866828918,0.462462455034256
YKL170W,YDR527W,0,2.3170855,0.1666366159915924,0.9148514866828918,0.46256256103515625
YJR092W,YLL034C,0,2.3170469,0.16660656034946442,0.9148514866828918,0.4626626670360565
YJL187C,YDL045C,0,2.3141806,0.1665765345096588,0.9148514866828918,0.4627627730369568
YPL223C,YFL035C,0,2.3134794,0.1665465086698532,0.9148514866828918,0.46286284923553467
YNL273W,YOR222W,0,2.3128204,0.1665164828300476,0.9148514866828918,0.46296295523643494
YGL183C,YJL117W,0,2.3126767,0.1664864867925644,0.9148514866828918,0.4630630612373352
YLR080W,YIL048W,0,2.3111053,0.16645649075508118,0.9148514866828918,0.4631631672382355
YLR329W,YDL128W,0,2.3090534,0.16642650961875916,0.9148514866828918,0.46326327323913574
YPR190C,YNL274C,0,2.3040705,0.16639654338359833,0.9148514866828918,0.4633633494377136
YGL094C,YER171W,0,2.3036852,0.1663665771484375,0.9148514866828918,0.4634634554386139
YGL169W,YOR204W,0,2.302992,0.16633664071559906,0.9148514866828918,0.46356356143951416
YDR210C-C,YGR185C,0,2.3016076,0.16630668938159943,0.9148514866828918,0.46366366744041443
YMR180C,YJR112W,0,2.3015826,0.16627676784992218,0.9148514866828918,0.4637637734413147
YDL022W,YLR033W,0,2.3011754,0.16624684631824493,0.9148514866828918,0.4638638496398926
YHR066W,YAL039C,0,2.300549,0.16621693968772888,0.9148514866828918,0.46396395564079285
YOR343W-B,YGR167W,0,2.2992935,0.16618704795837402,0.9148514866828918,0.4640640616416931
YAL054C,YFR052W,0,2.2988539,0.16615717113018036,0.9148514866828918,0.4641641676425934
YOR215C,YGR244C,1,2.2986844,0.16630707681179047,0.9158415794372559,0.4641641676425934
YPR158C-C,YJL134W,0,2.298667,0.1662771850824356,0.9158415794372559,0.46426427364349365
YLR080W,YFL033C,0,2.2979305,0.16624730825424194,0.9158415794372559,0.46436434984207153
YOR145C,YBL028C,0,2.2977386,0.16621743142604828,0.9158415794372559,0.4644644558429718
YDR254W,YEL053C,0,2.2958546,0.1661875694990158,0.9158415794372559,0.46456456184387207
YMR160W,YCR097WB,0,2.294236,0.16615772247314453,0.9158415794372559,0.46466466784477234
YOL103W-B,YNL016W,0,2.2934196,0.16612787544727325,0.9158415794372559,0.4647647738456726
YGR145W,YMR136W,0,2.2924147,0.16609804332256317,0.9158415794372559,0.4648648500442505
YNL070W,YMR273C,0,2.292097,0.16606822609901428,0.9158415794372559,0.46496495604515076
YOR388C,YLR325C,0,2.290821,0.1660384088754654,0.9158415794372559,0.465065062046051
YPL083C,YNR002C,0,2.2905755,0.1660086214542389,0.9158415794372559,0.4651651680469513
YER137C-A,YOR351C,0,2.2903981,0.1659788191318512,0.9158415794372559,0.46526527404785156
YOR243C,YLR268W,0,2.2898326,0.1659490466117859,0.9158415794372559,0.46536538004875183
YFR029W,YGL046W,0,2.289595,0.16591928899288177,0.9158415794372559,0.4654654562473297
YGR056W,YOR084W,0,2.289358,0.16588953137397766,0.9158415794372559,0.46556556224823
YMR145C,YCL025C,0,2.2856581,0.16585978865623474,0.9158415794372559,0.46566566824913025
YOL086C,YBR187W,0,2.2849054,0.16583004593849182,0.9158415794372559,0.4657657742500305
YLR295C,YDR138W,0,2.2844746,0.1658003181219101,0.9158415794372559,0.4658658802509308
YER145C,YML039W,0,2.2838397,0.16577060520648956,0.9158415794372559,0.46596595644950867
YML099C,YOR162C,0,2.2807233,0.16574090719223022,0.9158415794372559,0.46606606245040894
YER165W,YER087C-B,0,2.2786727,0.1657112091779709,0.9158415794372559,0.4661661684513092
YPL274W,YIL017W,0,2.2785406,0.16568152606487274,0.9158415794372559,0.4662662744522095
YJR021C,YNL182C,0,2.2781415,0.1656518578529358,0.9158415794372559,0.46636638045310974
YNL095C,YNL262W,0,2.2755058,0.16562220454216003,0.9158415794372559,0.4664664566516876
YNL284C-A,YMR186W,0,2.2747118,0.16559255123138428,0.9158415794372559,0.4665665626525879
YLR227W-B,YBL079W,0,2.2745192,0.16556291282176971,0.9158415794372559,0.46666666865348816
YMR284W,YNL117W,0,2.2741375,0.16553328931331635,0.9158415794372559,0.4667667746543884
YML049C,YGR112W,0,2.2740493,0.16550366580486298,0.9158415794372559,0.4668668806552887
YLR386W,YCL057W,0,2.2732751,0.1654740571975708,0.9158415794372559,0.4669669568538666
YDR473C,YHR057C,0,2.2720919,0.16544446349143982,0.9158415794372559,0.46706706285476685
YDL028C,YLR224W,0,2.2714639,0.16541488468647003,0.9158415794372559,0.4671671688556671
YNL178W,YDR476C,0,2.2704692,0.16538530588150024,0.9158415794372559,0.4672672748565674
YDR268W,YER087W,1,2.2688568,0.16553449630737305,0.9168316721916199,0.4672672748565674
YPR011C,YIL094C,0,2.2687783,0.16550491750240326,0.9168316721916199,0.46736738085746765
YNL026W,YMR099C,0,2.2687716,0.16547533869743347,0.9168316721916199,0.46746745705604553
YOL070C,YJL214W,0,2.268754,0.16544577479362488,0.9168316721916199,0.4675675630569458
YLR410W-A,YER002W,0,2.2676969,0.16541622579097748,0.9168316721916199,0.46766766905784607
YGL158W,YOR142W,0,2.2660823,0.16538667678833008,0.9168316721916199,0.46776777505874634
YDR378C,YPR158C-C,0,2.265339,0.16535714268684387,0.9168316721916199,0.4678678810596466
YOR142W-A,YMR087W,0,2.2632627,0.16532762348651886,0.9168316721916199,0.4679679572582245
YMR005W,YMR228W,0,2.2630553,0.16529810428619385,0.9168316721916199,0.46806806325912476
YOR297C,YIL170W,0,2.262862,0.16526859998703003,0.9168316721916199,0.468168169260025
YFL066C,YGL004C,0,2.261645,0.1652391105890274,0.9168316721916199,0.4682682752609253
YOR299W,YCR097WB,0,2.2598195,0.16520963609218597,0.9168316721916199,0.46836838126182556
YKL119C,YNL122C,0,2.2588987,0.16518016159534454,0.9168316721916199,0.46846845746040344
YLR410W-B,YLR410W-A,0,2.25786,0.1651507019996643,0.9168316721916199,0.4685685634613037
YOR126C,YOR377W,0,2.257389,0.16512125730514526,0.9168316721916199,0.468668669462204
YMR087W,YLR256W-A,0,2.2557478,0.16509181261062622,0.9168316721916199,0.46876877546310425
YDR172W,YOR216C,0,2.2533243,0.16506238281726837,0.9168316721916199,0.4688688814640045
YNL032W,YML045W-A,0,2.2533126,0.16503296792507172,0.9168316721916199,0.4689689576625824
YKL175W,YDR261W-A,0,2.2523205,0.16500356793403625,0.9168316721916199,0.46906906366348267
YHR012W,YDR079W,0,2.2490807,0.1649741679430008,0.9168316721916199,0.46916916966438293
YCR080W,YPL208W,0,2.2475634,0.16494478285312653,0.9168316721916199,0.4692692756652832
YPL276W,YNL092W,0,2.247317,0.16491539776325226,0.9168316721916199,0.46936938166618347
YMR241W,YLR410W-B,0,2.2463996,0.16488604247570038,0.9168316721916199,0.46946945786476135
YPR137C-A,YMR240C,0,2.2462175,0.1648566871881485,0.9168316721916199,0.4695695638656616
YLL018C,YPR066W,1,2.2447948,0.16500534117221832,0.9178217649459839,0.4695695638656616
YOR084W,YOR298W,0,2.2437549,0.16497597098350525,0.9178217649459839,0.4696696698665619
YPL064C,YDR261W-A,0,2.2436504,0.16494661569595337,0.9178217649459839,0.46976977586746216
YPR035W,YBR208C,1,2.2422793,0.16509518027305603,0.9188118577003479,0.46976977586746216
YAR002C-A,YIL132C,0,2.2420263,0.16506581008434296,0.9188118577003479,0.4698698818683624
YLR410W-B,YML052W,0,2.2398915,0.16503645479679108,0.9188118577003479,0.4699699580669403
YCL060C,YIL042C,0,2.2394042,0.1650071144104004,0.9188118577003479,0.4700700640678406
YFL035C,YGR112W,0,2.237627,0.1649777740240097,0.9188118577003479,0.47017017006874084
YER165W,YOR261C,0,2.2359657,0.1649484485387802,0.9188118577003479,0.4702702760696411
YPR149W,YER137C,0,2.2347546,0.16491913795471191,0.9188118577003479,0.4703703820705414
YBR125C,YHR135C,0,2.2336285,0.1648898422718048,0.9188118577003479,0.47047045826911926
YLR182W,YKR102W,0,2.2332206,0.1648605465888977,0.9188118577003479,0.47057056427001953
YJL191W,YER087W,0,2.233166,0.1648312658071518,0.9188118577003479,0.4706706702709198
YLL051C,YER019C-A,0,2.2330909,0.16480198502540588,0.9188118577003479,0.47077077627182007
YDR030C,YPL200W,0,2.2323194,0.16477273404598236,0.9188118577003479,0.47087088227272034
YOR142W,YDL097C,0,2.231109,0.16474348306655884,0.9188118577003479,0.4709709584712982
YDR210C-C,YJR149W,0,2.2307467,0.16471423208713531,0.9188118577003479,0.4710710644721985
YLR029C,YPR152C,0,2.2302268,0.16468501091003418,0.9188118577003479,0.47117117047309875
YBR150C,YHR051W,0,2.2295802,0.16465578973293304,0.9188118577003479,0.471271276473999
YHL027W,YBL068W,0,2.229567,0.1646265685558319,0.9188118577003479,0.4713713824748993
YOR209C,YOR168W,1,2.2290092,0.16477474570274353,0.9198019504547119,0.4713713824748993
YCL060C,YHL027W,0,2.2286768,0.1647455245256424,0.9198019504547119,0.4714714586734772
YJL176C,YLR213C,0,2.2283025,0.16471631824970245,0.9198019504547119,0.47157156467437744
YML080W,YPL093W,0,2.2264366,0.1646871119737625,0.9198019504547119,0.4716716706752777
YGR169C,YBL068W,0,2.2252588,0.16465792059898376,0.9198019504547119,0.471771776676178
YHR132C,YPL188W,0,2.2252378,0.1646287441253662,0.9198019504547119,0.47187188267707825
YMR039C,YMR032W,0,2.2246654,0.16459956765174866,0.9198019504547119,0.47197195887565613
YPR204W,YKR008W,0,2.22096,0.1645704209804535,0.9198019504547119,0.4720720648765564
YDR512C,YLL002W,0,2.2190275,0.16454127430915833,0.9198019504547119,0.47217217087745667
YDR260C,YKL003C,0,2.2187667,0.16451212763786316,0.9198019504547119,0.47227227687835693
YDR083W,YCL060C,0,2.2178993,0.1644829958677292,0.9198019504547119,0.4723723828792572
YNR017W,YGR145W,0,2.2177258,0.1644538789987564,0.9198019504547119,0.4724724590778351
YPR024W,YCR012W,0,2.2175786,0.16442477703094482,0.9198019504547119,0.47257256507873535
YPR137C-A,YCR046C,0,2.2175467,0.16439567506313324,0.9198019504547119,0.4726726710796356
YMR123W,YKR006C,0,2.216148,0.16436660289764404,0.9198019504547119,0.4727727770805359
YNL079C,YML045W-A,0,2.2152934,0.16433751583099365,0.9198019504547119,0.47287288308143616
YJL225C,YCR012W,0,2.2137368,0.16430845856666565,0.9198019504547119,0.47297295928001404
YDL028C,YOR279C,0,2.2122676,0.16427940130233765,0.9198019504547119,0.4730730652809143
YLR312W-A,YJL081C,0,2.2094538,0.16425035893917084,0.9198019504547119,0.4731731712818146
YOL151W,YOR294W,0,2.2088923,0.16422131657600403,0.9198019504547119,0.47327327728271484
YDL208W,YOR085W,0,2.208087,0.1641922891139984,0.9198019504547119,0.4733733832836151
YGR109W-B,YLL012W,0,2.207899,0.164163276553154,0.9198019504547119,0.473473459482193
YOR212W,YHR175W,0,2.206434,0.16413427889347076,0.9198019504547119,0.47357356548309326
YKL038W,YFL033C,0,2.205939,0.16410528123378754,0.9198019504547119,0.47367367148399353
YGL226C-A,YOR313C,0,2.2034984,0.1640762984752655,0.9198019504547119,0.4737737774848938
YDL054C,YJL191W,0,2.2032156,0.16404733061790466,0.9198019504547119,0.47387388348579407
YOR215C,YER046W,0,2.2019167,0.16401836276054382,0.9198019504547119,0.47397395968437195
YJR070C,YOR168W,0,2.20021,0.16398940980434418,0.9198019504547119,0.4740740656852722
YOR239W,YMR210W,0,2.1983428,0.16396047174930573,0.9198019504547119,0.4741741716861725
YNL085W,YHL027W,0,2.1952937,0.16393153369426727,0.9198019504547119,0.47427427768707275
YBL026W,YGL163C,0,2.1951492,0.16390261054039001,0.9198019504547119,0.474374383687973
YNL182C,YHR008C,0,2.195109,0.16387370228767395,0.9198019504547119,0.4744744598865509
YDR454C,YOR142W-A,0,2.1947021,0.16384479403495789,0.9198019504547119,0.47457456588745117
YMR172W,YNL006W,0,2.1940494,0.16381590068340302,0.9198019504547119,0.47467467188835144
YER090W,YDR416W,0,2.1906796,0.16378702223300934,0.9198019504547119,0.4747747778892517
YKR055W,YBR243C,0,2.1900306,0.16375815868377686,0.9198019504547119,0.474874883890152
YPL110C,YKL022C,0,2.1888242,0.16372929513454437,0.9198019504547119,0.47497496008872986
YEL043W,YDR218C,0,2.187922,0.16370044648647308,0.9198019504547119,0.4750750660896301
YGR179C,YLR350W,0,2.1864803,0.1636715978384018,0.9198019504547119,0.4751751720905304
YKL067W,YKL097W-A,0,2.1856487,0.1636427640914917,0.9198019504547119,0.47527527809143066
YNR006W,YDR337W,0,2.1840186,0.1636139452457428,0.9198019504547119,0.47537538409233093
YDR411C,YIL002C,0,2.1840136,0.1635851413011551,0.9198019504547119,0.4754754900932312
YGL112C,YOR275C,0,2.183555,0.16355633735656738,0.9198019504547119,0.4755755662918091
YLR306W,YHR091C,1,2.1832442,0.1637035757303238,0.9207921028137207,0.4755755662918091
YDR222W,YPL093W,0,2.1831744,0.1636747568845749,0.9207921028137207,0.47567567229270935
YOL103W-B,YLR394W,0,2.1825552,0.16364596784114838,0.9207921028137207,0.4757757782936096
YJL124C,YGL103W,0,2.1815393,0.16361716389656067,0.9207921028137207,0.4758758842945099
YKL078W,YKL097W-A,0,2.1815152,0.16358838975429535,0.9207921028137207,0.47597599029541016
YLR305C,YFL035C,0,2.1798341,0.16355961561203003,0.9207921028137207,0.47607606649398804
YJR040W,YCL060C,0,2.1771953,0.1635308563709259,0.9207921028137207,0.4761761724948883
YKL186C,YOL062C,0,2.1768146,0.16350211203098297,0.9207921028137207,0.4762762784957886
YLR107W,YMR097C,0,2.1750367,0.16347336769104004,0.9207921028137207,0.47637638449668884
YLR227W-B,YOR098C,0,2.17447,0.1634446382522583,0.9207921028137207,0.4764764904975891
YOR142W-A,YGL259W,0,2.1731677,0.16341592371463776,0.9207921028137207,0.476576566696167
YNL309W,YDR173C,0,2.1725109,0.1633872091770172,0.9207921028137207,0.47667667269706726
YNR031C,YGR285C,0,2.172121,0.16335850954055786,0.9207921028137207,0.47677677869796753
YPR137W,YNR072W,0,2.170988,0.1633298248052597,0.9207921028137207,0.4768768846988678
YPR002W,YER130C,0,2.1708994,0.16330114006996155,0.9207921028137207,0.47697699069976807
YPR198W,YNR013C,0,2.1707277,0.16327247023582458,0.9207921028137207,0.47707706689834595
YDR261C-D,YIL046W,0,2.169733,0.16324381530284882,0.9207921028137207,0.4771771728992462
YGL186C,YGL233W,0,2.1694033,0.16321516036987305,0.9207921028137207,0.4772772789001465
YJR138W,YCL014W,0,2.1673377,0.16318652033805847,0.9207921028137207,0.47737738490104675
YPR196W,YKL053C-A,0,2.1659813,0.1631578952074051,0.9207921028137207,0.477477490901947
YHR061C,YCL060C,0,2.16574,0.1631292700767517,0.9207921028137207,0.4775775671005249
YPL244C,YDR404C,0,2.1652138,0.16310065984725952,0.9207921028137207,0.47767767310142517
YJL066C,YPL276W,0,2.1646311,0.16307206451892853,0.9207921028137207,0.47777777910232544
YJL071W,YIL046W,0,2.163887,0.16304348409175873,0.9207921028137207,0.4778778851032257
YMR090W,YCL060C,0,2.1637948,0.16301490366458893,0.9207921028137207,0.477977991104126
YML073C,YOR317W,0,2.1621926,0.16298632323741913,0.9207921028137207,0.47807806730270386
YER137C-A,YPR127W,0,2.1619177,0.16295777261257172,0.9207921028137207,0.4781781733036041
YOR142W-B,YPR125W,0,2.1608088,0.1629292219877243,0.9207921028137207,0.4782782793045044
YMR228W,YNR044W,0,2.1601975,0.16290068626403809,0.9207921028137207,0.47837838530540466
YCL008C,YMR186W,0,2.159625,0.16287215054035187,0.9207921028137207,0.47847849130630493
YDL054C,YDR226W,0,2.1550608,0.16284362971782684,0.9207921028137207,0.4785785675048828
YJL166W,YGL051W,0,2.1548388,0.162815123796463,0.9207921028137207,0.4786786735057831
YPR006C,YDR261W-A,0,2.1539178,0.16278663277626038,0.9207921028137207,0.47877877950668335
YOR142W-A,YEL029C,0,2.1536162,0.16275814175605774,0.9207921028137207,0.4788788855075836
YIL135C,YPL163C,0,2.153246,0.1627296656370163,0.9207921028137207,0.4789789915084839
YHR056C,YNL309W,0,2.1526508,0.16270118951797485,0.9207921028137207,0.47907906770706177
YGL062W,YLR025W,0,2.1487148,0.1626727283000946,0.9207921028137207,0.47917917370796204
YKL200C,YGL004C,0,2.1483617,0.16264428198337555,0.9207921028137207,0.4792792797088623
YJL191W,YLR073C,0,2.1457977,0.1626158356666565,0.9207921028137207,0.4793793857097626
YOR279C,YJL134W,0,2.1453435,0.16258741915225983,0.9207921028137207,0.47947949171066284
YBL091C-A,YNL192W,0,2.1445906,0.16255898773670197,0.9207921028137207,0.4795795679092407
YOR071C,YDR371W,0,2.1438427,0.1625305861234665,0.9207921028137207,0.479679673910141
YPR158C-C,YOL111C,0,2.1434138,0.16250218451023102,0.9207921028137207,0.47977977991104126
YIL088C,YGL046W,0,2.1424994,0.16247379779815674,0.9207921028137207,0.47987988591194153
YGR221C,YCL060C,0,2.1412807,0.16244541108608246,0.9207921028137207,0.4799799919128418
YPL042C,YBR282W,0,2.1408489,0.16241703927516937,0.9207921028137207,0.4800800681114197
YKL182W,YDR508C,0,2.138172,0.16238868236541748,0.9207921028137207,0.48018017411231995
YDR205W,YKL064W,0,2.1379116,0.16236034035682678,0.9207921028137207,0.4802802801132202
YDR518W,YER138C,0,2.1377325,0.16233199834823608,0.9207921028137207,0.4803803861141205
YDR167W,YMR300C,0,2.1362534,0.16230367124080658,0.9207921028137207,0.48048049211502075
YOR138C,YCL004W,0,2.1359096,0.16227534413337708,0.9207921028137207,0.48058056831359863
YIL170W,YJR034W,0,2.1350772,0.16224703192710876,0.9207921028137207,0.4806806743144989
YCR097WB,YGL051W,0,2.1344342,0.16221873462200165,0.9207921028137207,0.48078078031539917
YGR264C,YGL170C,0,2.13428,0.16219043731689453,0.9207921028137207,0.48088088631629944
YHR119W,YDR151C,0,2.1335456,0.1621621549129486,0.9207921028137207,0.4809809923171997
YKL117W,YBR281C,0,2.133027,0.16213388741016388,0.9207921028137207,0.4810810685157776
YBR260C,YOR206W,0,2.1319919,0.16210563480854034,0.9207921028137207,0.48118117451667786
YML051W,YML049C,0,2.1319358,0.1620773822069168,0.9207921028137207,0.4812812805175781
YGL083W,YNL095C,0,2.131682,0.16204914450645447,0.9207921028137207,0.4813813865184784
YOR071C,YBL098W,0,2.1313689,0.16202090680599213,0.9207921028137207,0.48148149251937866
YBR183W,YGR229C,0,2.1305192,0.16199268400669098,0.9207921028137207,0.48158156871795654
YPL151C,YGR032W,0,2.1286798,0.16196447610855103,0.9207921028137207,0.4816816747188568
YJR070C,YMR077C,0,2.1272418,0.16193626821041107,0.9207921028137207,0.4817817807197571
YAL038W,YJR040W,0,2.125661,0.1619080752134323,0.9207921028137207,0.48188188672065735
YPL134C,YJR040W,0,2.1245036,0.16187989711761475,0.9207921028137207,0.4819819927215576
YDR457W,YBR287W,0,2.1239276,0.16185171902179718,0.9207921028137207,0.4820820689201355
YOR274W,YML028W,0,2.1232333,0.1618235558271408,0.9207921028137207,0.48218217492103577
YKR055W,YGR036C,0,2.1222029,0.16179540753364563,0.9207921028137207,0.48228228092193604
YNL281W,YNL110C,0,2.1205826,0.16176725924015045,0.9207921028137207,0.4823823869228363
YMR270C,YJL176C,0,2.1205096,0.16173912584781647,0.9207921028137207,0.4824824929237366
YER014C-A,YGR285C,0,2.1197073,0.16171100735664368,0.9207921028137207,0.48258256912231445
YDL121C,YPR133W-A,0,2.1173697,0.1616828888654709,0.9207921028137207,0.4826826751232147
YCR052W,YPR043W,0,2.115249,0.1616547852754593,0.9207921028137207,0.482782781124115
YDR059C,YGL190C,0,2.1151235,0.1616266965866089,0.9207921028137207,0.48288288712501526
YJR070C,YJL079C,0,2.114721,0.16159860789775848,0.9207921028137207,0.4829829931259155
YDR371W,YCR052W,0,2.1143746,0.16157053411006927,0.9207921028137207,0.4830830693244934
YNL267W,YMR186W,0,2.1142836,0.16154247522354126,0.9207921028137207,0.4831831753253937
YOR378W,YNR021W,0,2.113817,0.16151441633701324,0.9207921028137207,0.48328328132629395
YFR013W,YAL024C,0,2.1135318,0.16148637235164642,0.9207921028137207,0.4833833873271942
YDL022W,YPL129W,0,2.111646,0.1614583283662796,0.9207921028137207,0.4834834933280945
YJR107W,YFR019W,0,2.1100113,0.16143031418323517,0.9207921028137207,0.48358356952667236
YMR241W,YBR172C,0,2.1075463,0.16140228509902954,0.9207921028137207,0.48368367552757263
YER014C-A,YOR148C,0,2.107309,0.1613742858171463,0.9207921028137207,0.4837837815284729
YOR297C,YIL094C,0,2.1061962,0.16134628653526306,0.9207921028137207,0.48388388752937317
YOR142W-B,YGL026C,0,2.1058488,0.16131830215454102,0.9207921028137207,0.48398399353027344
YBR020W,YBL112C,0,2.1034856,0.16129031777381897,0.9207921028137207,0.4840840697288513
YNL297C,YGR118W,0,2.1019135,0.16126234829425812,0.9207921028137207,0.4841841757297516
YJL172W,YLL012W,0,2.1015286,0.16123439371585846,0.9207921028137207,0.48428428173065186
YBR125C,YMR270C,0,2.0990028,0.16120645403862,0.9207921028137207,0.4843843877315521
YJL155C,YJL029C,0,2.0961163,0.16117851436138153,0.9207921028137207,0.4844844937324524
YBR067C,YCR055C,0,2.0955937,0.16115057468414307,0.9207921028137207,0.4845845699310303
YCL024W,YDR138W,0,2.094965,0.161122664809227,0.9207921028137207,0.48468467593193054
YGR167W,YDR404C,0,2.0934424,0.1610947549343109,0.9207921028137207,0.4847847819328308
YMR049C,YDR306C,0,2.0913253,0.16106684505939484,0.9207921028137207,0.4848848879337311
YKL074C,YIL076W,0,2.0909994,0.16103896498680115,0.9207921028137207,0.48498499393463135
YLR452C,YHR066W,0,2.090125,0.16101108491420746,0.9207921028137207,0.4850850999355316
YKL013C,YDR261C-D,0,2.0888767,0.16098320484161377,0.9207921028137207,0.4851851761341095
YDL206W,YDR392W,0,2.0883658,0.16095535457134247,0.9207921028137207,0.48528528213500977
YGL180W,YFL002W-B,0,2.088301,0.16092748939990997,0.9207921028137207,0.48538538813591003
YJL011C,YGR216C,0,2.0881495,0.16089965403079987,0.9207921028137207,0.4854854941368103
YGR246C,YML045W-A,0,2.0878012,0.16087181866168976,0.9207921028137207,0.48558560013771057
YDR205W,YLL043W,0,2.0863726,0.16084399819374084,0.9207921028137207,0.48568567633628845
YPL151C,YHR039C-A,0,2.0858665,0.16081619262695312,0.9207921028137207,0.4857857823371887
YMR295C,YNL122C,0,2.0853329,0.1607883870601654,0.9207921028137207,0.485885888338089
YIR018W,YCL057W,0,2.0834508,0.16076058149337769,0.9207921028137207,0.48598599433898926
YER137C-A,YEL062W,0,2.0823238,0.16073280572891235,0.9207921028137207,0.4860861003398895
YER055C,YLR256W-A,0,2.079442,0.16070502996444702,0.9207921028137207,0.4861861765384674
YMR182C,YPL110C,0,2.0775528,0.16067726910114288,0.9207921028137207,0.4862862825393677
YNL160W,YER138C,0,2.0758092,0.16064950823783875,0.9207921028137207,0.48638638854026794
YLR410W-B,YCR046C,0,2.0739422,0.1606217622756958,0.9207921028137207,0.4864864945411682
YJL114W,YER117W,0,2.0735488,0.16059403121471405,0.9207921028137207,0.4865866005420685
YOR142W-B,YHR132C,0,2.071141,0.1605663001537323,0.9207921028137207,0.48668667674064636
YGR109W-B,YMR034C,0,2.0704875,0.16053858399391174,0.9207921028137207,0.48678678274154663
YOR159C,YOR351C,0,2.0681925,0.1605108678340912,0.9207921028137207,0.4868868887424469
YER125W,YDL097C,0,2.0672874,0.16048318147659302,0.9207921028137207,0.48698699474334717
YBR118W,YDR205W,0,2.0670624,0.16045548021793365,0.9207921028137207,0.48708710074424744
YKR071C,YOR215C,0,2.0665088,0.16042780876159668,0.9207921028137207,0.4871871769428253
YDL111C,YGL060W,0,2.0660143,0.1604001373052597,0.9207921028137207,0.4872872829437256
YDR310C,YLR028C,0,2.0656505,0.16037248075008392,0.9207921028137207,0.48738738894462585
YGR252W,YDR461W,0,2.064527,0.16034482419490814,0.9207921028137207,0.4874874949455261
YDR411C,YLR191W,0,2.0635903,0.16031718254089355,0.9207921028137207,0.4875876009464264
YDR512C,YMR284W,0,2.0632875,0.16028955578804016,0.9207921028137207,0.4876876771450043
YCL014W,YCR055C,0,2.062953,0.16026192903518677,0.9207921028137207,0.48778778314590454
YOR142W-B,YPL098C,0,2.0628672,0.16023431718349457,0.9207921028137207,0.4878878891468048
YOL045W,YLR227W-B,0,2.0618258,0.16020672023296356,0.9207921028137207,0.4879879951477051
YHR030C,YJR092W,0,2.0609114,0.16017912328243256,0.9207921028137207,0.48808810114860535
YNR017W,YOL158C,0,2.0608368,0.16015154123306274,0.9207921028137207,0.4881881773471832
YML032C,YGR161W-B,0,2.0604043,0.16012397408485413,0.9207921028137207,0.4882882833480835
YNL153C,YKR103W,0,2.0584486,0.1600964069366455,0.9207921028137207,0.48838838934898376
YKL206C,YOR393W,0,2.0574872,0.1600688397884369,0.9207921028137207,0.48848849534988403
YOR393W,YBL068W,0,2.056319,0.16004130244255066,0.9207921028137207,0.4885886013507843
YFL014W,YBL029C-A,0,2.0545013,0.16001376509666443,0.9207921028137207,0.4886886775493622
YOR232W,YKL203C,0,2.0526044,0.1599862426519394,0.9207921028137207,0.48878878355026245
YLR440C,YGR246C,0,2.0508182,0.15995872020721436,0.9207921028137207,0.4888888895511627
YDL133C-A,YNL267W,0,2.0489795,0.1599312126636505,0.9207921028137207,0.488988995552063
YGL209W,YDR140W,0,2.0475113,0.15990372002124786,0.9207921028137207,0.48908910155296326
YDR492W,YPR163C,0,2.0459619,0.15987622737884521,0.9207921028137207,0.48918917775154114
YOR297C,YLR350W,0,2.0439346,0.15984874963760376,0.9207921028137207,0.4892892837524414
YGR244C,YAL054C,1,2.043529,0.15999312698841095,0.9217821955680847,0.4892892837524414
YDR296W,YAL017W,0,2.0410466,0.1599656343460083,0.9217821955680847,0.4893893897533417
YGL169W,YJR034W,0,2.0390215,0.15993815660476685,0.9217821955680847,0.48948949575424194
YGR238C,YOR239W,0,2.038918,0.1599106788635254,0.9217821955680847,0.4895896017551422
YDL206W,YDR146C,0,2.0387473,0.15988321602344513,0.9217821955680847,0.4896896779537201
YEL022W,YKR056W,0,2.038134,0.15985576808452606,0.9217821955680847,0.48978978395462036
YPR002W,YJR133W,0,2.0336552,0.159828320145607,0.9217821955680847,0.48988988995552063
YNL236W,YFL033C,0,2.0330138,0.15980088710784912,0.9217821955680847,0.4899899959564209
YLR295C,YDR285W,0,2.03262,0.15977346897125244,0.9217821955680847,0.49009010195732117
YPL127C,YDR530C,0,2.0325594,0.15974605083465576,0.9217821955680847,0.49019017815589905
YER019C-A,YEL056W,0,2.0315893,0.15971864759922028,0.9217821955680847,0.4902902841567993
YOL057W,YER090W,0,2.031557,0.15969125926494598,0.9217821955680847,0.4903903901576996
YCL003W,YNL052W,0,2.0299845,0.1596638709306717,0.9217821955680847,0.49049049615859985
YMR013C,YCL003W,0,2.0299182,0.1596364825963974,0.9217821955680847,0.4905906021595001
YOR301W,YEL040W,0,2.029762,0.1596091240644455,0.9217821955680847,0.490690678358078
YJL140W,YOR025W,0,2.02962,0.1595817655324936,0.9217821955680847,0.49079078435897827
YNL052W,YCR046C,0,2.0289888,0.1595544070005417,0.9217821955680847,0.49089089035987854
YMR169C,YLR206W,0,2.0287166,0.15952707827091217,0.9217821955680847,0.4909909963607788
YGR161W-B,YOR126C,0,2.0283418,0.15949974954128265,0.9217821955680847,0.4910911023616791
YPR187W,YNL175C,0,2.0274522,0.15947242081165314,0.9217821955680847,0.49119117856025696
YDL227C,YJL095W,0,2.0235152,0.15944510698318481,0.9217821955680847,0.4912912845611572
YML058W-A,YKL166C,0,2.0218897,0.15941780805587769,0.9217821955680847,0.4913913905620575
YKL103C,YPL083C,0,2.0214274,0.15939050912857056,0.9217821955680847,0.49149149656295776
YLR187W,YJL128C,0,2.0212502,0.15936322510242462,0.9217821955680847,0.49159160256385803
YDR261C-D,YLR301W,0,2.0202222,0.15933595597743988,0.9217821955680847,0.4916916787624359
YLR410W-B,YJL214W,0,2.01912,0.15930868685245514,0.9217821955680847,0.4917917847633362
YML052W,YJL117W,0,2.0190825,0.1592814326286316,0.9217821955680847,0.49189189076423645
YIL046W,YPR160W,0,2.0156064,0.15925419330596924,0.9217821955680847,0.4919919967651367
YJR070C,YNL010W,0,2.0154953,0.15922695398330688,0.9217821955680847,0.492092102766037
YPR158C-C,YDR072C,0,2.0153897,0.15919972956180573,0.9217821955680847,0.49219217896461487
YNL073W,YFL035C,0,2.0150874,0.15917250514030457,0.9217821955680847,0.49229228496551514
YPR137C-A,YOR230W,0,2.0149338,0.1591452956199646,0.9217821955680847,0.4923923909664154
YKL020C,YOR294W,0,2.0140774,0.15911810100078583,0.9217821955680847,0.4924924969673157
YJR006W,YLR390W,0,2.013827,0.15909090638160706,0.9217821955680847,0.49259260296821594
YPR144C,YDR423C,0,2.01375,0.15906372666358948,0.9217821955680847,0.4926926791667938
YMR089C,YPL218W,0,2.0128415,0.1590365618467331,0.9217821955680847,0.4927927851676941
YAL060W,YLR301W,0,2.010586,0.1590093970298767,0.9217821955680847,0.49289289116859436
YMR276W,YIL088C,0,2.0075202,0.15898224711418152,0.9217821955680847,0.49299299716949463
YOL107W,YIR032C,0,2.0066757,0.15895509719848633,0.9217821955680847,0.4930931031703949
YLR314C,YDR210C-C,0,2.0041916,0.15892796218395233,0.9217821955680847,0.4931931793689728
YLR410W-B,YPR119W,0,2.0014625,0.15890084207057953,0.9217821955680847,0.49329328536987305
YOL111C,YPR043W,0,2.001315,0.15887372195720673,0.9217821955680847,0.4933933913707733
YJL178C,YML030W,0,2.0009012,0.15884661674499512,0.9217821955680847,0.4934934973716736
YMR112C,YNL223W,0,1.9963424,0.1588195115327835,0.9217821955680847,0.49359360337257385
YCR080W,YOR099W,0,1.994174,0.1587924212217331,0.9217821955680847,0.49369367957115173
YBL101W-B,YNL282W,0,1.9933088,0.15876534581184387,0.9217821955680847,0.493793785572052
YKL174C,YDR072C,0,1.9929799,0.15873828530311584,0.9217821955680847,0.49389389157295227
YOR099W,YFL013C,0,1.9907205,0.15871120989322662,0.9217821955680847,0.49399399757385254
YLR080W,YMR065W,0,1.9905123,0.1586841642856598,0.9217821955680847,0.4940941035747528
YML032C,YCL043C,0,1.9890825,0.15865711867809296,0.9217821955680847,0.4941941797733307
YMR020W,YOL124C,0,1.9884455,0.15863008797168732,0.9217821955680847,0.49429428577423096
YGR095C,YIL017W,0,1.9881166,0.15860307216644287,0.9217821955680847,0.4943943917751312
YER137C-A,YDR261W-A,0,1.985135,0.15857605636119843,0.9217821955680847,0.4944944977760315
YDR337W,YJL006C,0,1.9847934,0.15854904055595398,0.9217821955680847,0.49459460377693176
YJL194W,YFR021W,0,1.9840208,0.15852205455303192,0.9217821955680847,0.49469467997550964
YOR301W,YNL335W,0,1.9826286,0.15849506855010986,0.9217821955680847,0.4947947859764099
YBR095C,YOR180C,0,1.9815714,0.1584680825471878,0.9217821955680847,0.4948948919773102
YGR271W,YOR351C,0,1.9804015,0.15844111144542694,0.9217821955680847,0.49499499797821045
YDR144C,YLR386W,0,1.9794852,0.15841415524482727,0.9217821955680847,0.4950951039791107
YGR032W,YKL097W-A,0,1.9764872,0.1583872139453888,0.9217821955680847,0.495195209980011
YJR082C,YOR142W-A,0,1.9756829,0.15836027264595032,0.9217821955680847,0.49529528617858887
YCL018W,YDR416W,0,1.9748966,0.15833333134651184,0.9217821955680847,0.49539539217948914
YPR190C,YKL095W,0,1.9746722,0.15830640494823456,0.9217821955680847,0.4954954981803894
YOR142W-A,YML006C,0,1.9689796,0.15827949345111847,0.9217821955680847,0.4955956041812897
YDR172W,YCL032W,0,1.9681611,0.15825259685516357,0.9217821955680847,0.49569571018218994
YLR305C,YHR079C,0,1.9672978,0.15822570025920868,0.9217821955680847,0.4957957863807678
YDR405W,YHR060W,0,1.9661443,0.15819880366325378,0.9217821955680847,0.4958958923816681
YMR284W,YKL166C,0,1.9656574,0.15817193686962128,0.9217821955680847,0.49599599838256836
YAR035W,YGR276C,0,1.9655801,0.15814507007598877,0.9217821955680847,0.49609610438346863
YFL035C,YNL239W,0,1.9647093,0.15811820328235626,0.9217821955680847,0.4961962103843689
YBL113C,YLL040C,0,1.9641001,0.15809135138988495,0.9217821955680847,0.4962962865829468
YML030W,YJR133W,0,1.9638286,0.15806451439857483,0.9217821955680847,0.49639639258384705
YNL102W,YLL061W,0,1.9622546,0.1580376774072647,0.9217821955680847,0.4964964985847473
YBR223C,YLR033W,0,1.9595203,0.15801085531711578,0.9217821955680847,0.4965966045856476
YLR163C,YDR404C,0,1.956367,0.15798404812812805,0.9217821955680847,0.49669671058654785
YDR210C-C,YBR271W,0,1.9559885,0.15795724093914032,0.9217821955680847,0.49679678678512573
YGR161W-B,YJL060W,0,1.9547238,0.15793044865131378,0.9217821955680847,0.496896892786026
YOR142W-A,YMR250W,0,1.9541157,0.15790365636348724,0.9217821955680847,0.49699699878692627
YLR344W,YNL092W,0,1.9539973,0.1578768938779831,0.9217821955680847,0.49709710478782654
YBR177C,YHR119W,0,1.9519181,0.15785011649131775,0.9217821955680847,0.4971972107887268
YPR167C,YOR142W-A,0,1.9511187,0.1578233540058136,0.9217821955680847,0.4972972869873047
YKL126W,YPL007C,0,1.9483997,0.15779660642147064,0.9217821955680847,0.49739739298820496
YJL112W,YHL027W,0,1.947195,0.15776987373828888,0.9217821955680847,0.4974974989891052
YKL082C,YLR410W-A,0,1.9467392,0.15774314105510712,0.9217821955680847,0.4975976049900055
YLR278C,YPL065W,0,1.9421637,0.15771640837192535,0.9217821955680847,0.49769771099090576
YLL003W,YMR308C,0,1.9421601,0.15768970549106598,0.9217821955680847,0.49779778718948364
YNL223W,YJR063W,0,1.9410243,0.1576630026102066,0.9217821955680847,0.4978978931903839
YJL004C,YLR386W,0,1.9384031,0.15763629972934723,0.9217821955680847,0.4979979991912842
YER162C,YHR051W,0,1.9382561,0.15760961174964905,0.9217821955680847,0.49809810519218445
YLL002W,YFR045W,0,1.9378414,0.15758293867111206,0.9217821955680847,0.4981982111930847
YPL087W,YOR327C,0,1.933297,0.15755626559257507,0.9217821955680847,0.4982982873916626
YOL043C,YBR276C,0,1.9327884,0.15752960741519928,0.9217821955680847,0.49839839339256287
YKR071C,YDL148C,0,1.93248,0.15750296413898468,0.9217821955680847,0.49849849939346313
YJL112W,YGL163C,0,1.9320098,0.15747632086277008,0.9217821955680847,0.4985986053943634
YHR029C,YJR112W,0,1.9318688,0.15744969248771667,0.9217821955680847,0.49869871139526367
YDR369C,YGL174W,0,1.9311478,0.15742306411266327,0.9217821955680847,0.49879878759384155
YMR246W,YER087C-B,0,1.9291568,0.15739645063877106,0.9217821955680847,0.4988988935947418
YKR036C,YBL101W-B,0,1.9273013,0.15736983716487885,0.9217821955680847,0.4989989995956421
YJL087C,YBR094W,1,1.9248369,0.15751224756240845,0.9227722883224487,0.4989989995956421
YKR055W,YML030W,0,1.9241363,0.15748563408851624,0.9227722883224487,0.49909910559654236
YHR061C,YDR415C,0,1.9237725,0.15745903551578522,0.9227722883224487,0.4991992115974426
YCR055C,YKL095W,0,1.9220175,0.1574324369430542,0.9227722883224487,0.4992992877960205
YJR005W,YPL110C,0,1.9196403,0.15740583837032318,0.9227722883224487,0.4993993937969208
YIL139C,YDR423C,0,1.919427,0.15737926959991455,0.9227722883224487,0.49949949979782104
YLR404W,YOL151W,0,1.9192288,0.15735268592834473,0.9227722883224487,0.4995996057987213
YDR261C-D,YHR156C,0,1.9179082,0.1573261320590973,0.9227722883224487,0.4996997117996216
YNL127W,YIL006W,0,1.9168441,0.15729957818984985,0.9227722883224487,0.49979978799819946
YGL209W,YNL284C,0,1.9156543,0.1572730392217636,0.9227722883224487,0.49989989399909973
YFL035C,YOR162C,0,1.9149384,0.15724650025367737,0.9227722883224487,0.5
YJL081C,YLR050C,0,1.9136326,0.15721997618675232,0.9227722883224487,0.5001000761985779
YPL150W,YDR218C,0,1.9135627,0.15719345211982727,0.9227722883224487,0.5002002120018005
YNL335W,YOR089C,0,1.9128585,0.15716694295406342,0.9227722883224487,0.5003002882003784
YJR107W,YNL026W,0,1.9125197,0.15714044868946075,0.9227722883224487,0.5004004240036011
YJR006W,YDR174W,0,1.909116,0.1571139544248581,0.9227722883224487,0.500500500202179
YIL017W,YGL174W,0,1.9079707,0.15708747506141663,0.9227722883224487,0.5006005764007568
YKR019C,YOL124C,0,1.9076593,0.15706101059913635,0.9227722883224487,0.5007007122039795
YNL258C,YOR393W,0,1.906419,0.15703454613685608,0.9227722883224487,0.5008007884025574
YDR383C,YBL101W-B,0,1.9059446,0.1570080816745758,0.9227722883224487,0.50090092420578
YEL022W,YBR282W,0,1.905571,0.15698164701461792,0.9227722883224487,0.5010010004043579
YJL140W,YCL003W,0,1.9045873,0.15695519745349884,0.9227722883224487,0.5011010766029358
YDR254W,YFR021W,0,1.9043392,0.15692877769470215,0.9227722883224487,0.5012012124061584
YDR196C,YIL159W,0,1.9039948,0.15690235793590546,0.9227722883224487,0.5013012886047363
YLL034C,YKL097W-A,0,1.9034945,0.15687595307826996,0.9227722883224487,0.501401424407959
YKL020C,YGR089W,0,1.9009821,0.15684954822063446,0.9227722883224487,0.5015015006065369
YLR353W,YFL035C,0,1.9009163,0.15682315826416016,0.9227722883224487,0.5016015768051147
YBR257W,YMR240C,0,1.9004548,0.15679676830768585,0.9227722883224487,0.5017017126083374
YGR109W-B,YOR219C,0,1.8995492,0.15677039325237274,0.9227722883224487,0.5018017888069153
YOR071C,YPL274W,0,1.8981167,0.15674403309822083,0.9227722883224487,0.5019019246101379
YCL057W,YOR025W,0,1.8968529,0.1567176729440689,0.9227722883224487,0.5020020008087158
YGL026C,YKR028W,0,1.8951309,0.15669132769107819,0.9227722883224487,0.5021020770072937
YJR082C,YER130C,0,1.8947225,0.15666498243808746,0.9227722883224487,0.5022022128105164
YOR297C,YOR355W,0,1.8933781,0.15663865208625793,0.9227722883224487,0.5023022890090942
YBR275C,YML099C,0,1.8929479,0.1566123366355896,0.9227722883224487,0.5024024248123169
YDR369C,YCL003W,0,1.8902345,0.15658602118492126,0.9227722883224487,0.5025025010108948
YDR261C-D,YNL259C,0,1.8901896,0.15655972063541412,0.9227722883224487,0.5026025772094727
YNL304W,YBL052C,0,1.8888636,0.15653342008590698,0.9227722883224487,0.5027027130126953
YLR024C,YFL039C,1,1.8877746,0.1566750556230545,0.9237623810768127,0.5027027130126953
YLR395C,YDL225W,0,1.8862768,0.15664875507354736,0.9237623810768127,0.5028027892112732
YLL051C,YPL093W,0,1.8839102,0.15662245452404022,0.9237623810768127,0.5029029250144958
YHR074W,YOL013C,1,1.8820422,0.15676401555538177,0.9247524738311768,0.5029029250144958
YDR211W,YBR072W,0,1.8799698,0.15673771500587463,0.9247524738311768,0.5030030012130737
YOR142W-B,YFL033C,0,1.8793305,0.1567114144563675,0.9247524738311768,0.5031030774116516
YDL054C,YBL101W-B,0,1.8792553,0.15668511390686035,0.9247524738311768,0.5032032132148743
YOR025W,YER002W,0,1.879255,0.1566588431596756,0.9247524738311768,0.5033032894134521
YLL027W,YLR042C,0,1.8787162,0.15663257241249084,0.9247524738311768,0.5034034252166748
YPL167C,YDL097C,0,1.875784,0.1566063016653061,0.9247524738311768,0.5035035014152527
YML045W-A,YCR046C,0,1.8750564,0.15658004581928253,0.9247524738311768,0.5036035776138306
YNL261W,YDL171C,0,1.8734293,0.15655380487442017,0.9247524738311768,0.5037037134170532
YGR268C,YPL007C,0,1.8710642,0.1565275639295578,0.9247524738311768,0.5038037896156311
YMR005W,YOR297C,0,1.8708017,0.15650133788585663,0.9247524738311768,0.5039039254188538
YMR020W,YPL099C,0,1.8703948,0.15647512674331665,0.9247524738311768,0.5040040016174316
YOR025W,YOL151W,0,1.8685977,0.15644891560077667,0.9247524738311768,0.5041040778160095
YMR033W,YGL225W,0,1.8685693,0.1564227044582367,0.9247524738311768,0.5042042136192322
YGR143W,YGL174W,0,1.8661015,0.1563965231180191,0.9247524738311768,0.5043042898178101
YER050C,YLR390W,0,1.8657669,0.15637032687664032,0.9247524738311768,0.5044044256210327
YPL213W,YMR273C,0,1.8639791,0.15634416043758392,0.9247524738311768,0.5045045018196106
YKL206C,YDR173C,0,1.8621464,0.15631799399852753,0.9247524738311768,0.5046045780181885
YFL033C,YPL257W-B,0,1.8584464,0.15629182755947113,0.9247524738311768,0.5047047138214111
YDR254W,YJL176C,0,1.8580213,0.15626569092273712,0.9247524738311768,0.504804790019989
YPL099C,YPR119W,0,1.8574464,0.15623953938484192,0.9247524738311768,0.5049049258232117
YGL212W,YDR218C,0,1.8561432,0.1562134176492691,0.9247524738311768,0.5050050020217896
YLR208W,YCR011C,0,1.8561374,0.1561872959136963,0.9247524738311768,0.5051050782203674
YFL014W,YDR261W-A,0,1.854826,0.15616117417812347,0.9247524738311768,0.5052052140235901
YPL271W,YKL210W,1,1.8542365,0.15630224347114563,0.9257425665855408,0.5052052140235901
YOR378W,YFL014W,0,1.85012,0.15627612173557281,0.9257425665855408,0.505305290222168
YKL119C,YCL043C,0,1.8490177,0.15625,0.9257425665855408,0.5054054260253906
YCR080W,YJL117W,0,1.8486322,0.15622389316558838,0.9257425665855408,0.5055055022239685
YOR343W-B,YMR087W,0,1.8472928,0.15619780123233795,0.9257425665855408,0.5056055784225464
YDR371W,YLR425W,0,1.8456796,0.15617170929908752,0.9257425665855408,0.505705714225769
YJR138W,YGR252W,0,1.8454306,0.1561456173658371,0.9257425665855408,0.5058057904243469
YKL200C,YDR140W,0,1.8447268,0.15611955523490906,0.9257425665855408,0.5059059262275696
YBR125C,YEL056W,0,1.8443723,0.15609349310398102,0.9257425665855408,0.5060060024261475
YLR227W-B,YDL208W,0,1.8423619,0.15606743097305298,0.9257425665855408,0.5061060786247253
YDL008W,YJL046W,1,1.8399949,0.15620827674865723,0.9267326593399048,0.5061060786247253
YJR092W,YPL223C,0,1.832164,0.1561822146177292,0.9267326593399048,0.506206214427948
YNL084C,YMR159C,0,1.8311954,0.15615615248680115,0.9267326593399048,0.5063062906265259
YOL066C,YER185W,0,1.8310809,0.1561301052570343,0.9267326593399048,0.5064064264297485
YDR411C,YJL155C,0,1.8304493,0.15610407292842865,0.9267326593399048,0.5065065026283264
YOL158C,YJL117W,0,1.8300767,0.156078040599823,0.9267326593399048,0.5066065788269043
YGL186C,YNL262W,0,1.82896,0.15605202317237854,0.9267326593399048,0.506706714630127
YNR074C,YGR109W-B,0,1.828038,0.15602600574493408,0.9267326593399048,0.5068067908287048
YNL010W,YGL046W,0,1.8273752,0.15600000321865082,0.9267326593399048,0.5069069266319275
YLR105C,YGL180W,0,1.8231242,0.15597400069236755,0.9267326593399048,0.5070070028305054
YJL225C,YIR039C,0,1.8229382,0.15594801306724548,0.9267326593399048,0.5071070790290833
YDR310C,YPL252C,0,1.8227334,0.1559220403432846,0.9267326593399048,0.5072072148323059
YNL026W,YPL087W,0,1.822477,0.15589606761932373,0.9267326593399048,0.5073072910308838
YOL086C,YIL143C,0,1.8220927,0.15587010979652405,0.9267326593399048,0.5074074268341064
YFR018C,YDL225W,0,1.8177845,0.15584415197372437,0.9267326593399048,0.5075075030326843
YLR295C,YLR309C,0,1.8162074,0.15581820905208588,0.9267326593399048,0.5076075792312622
YIL159W,YHR109W,0,1.8154838,0.15579228103160858,0.9267326593399048,0.5077077150344849
YLR390W,YJL213W,0,1.8114264,0.1557663530111313,0.9267326593399048,0.5078077912330627
YHR119W,YMR229C,0,1.8105485,0.15574043989181519,0.9267326593399048,0.5079079270362854
YIR011C,YPR006C,0,1.8083665,0.15571452677249908,0.9267326593399048,0.5080080032348633
YEL030W,YDR140W,0,1.8066734,0.15568862855434418,0.9267326593399048,0.5081080794334412
YPR137C-A,YAL033W,0,1.8064911,0.15566273033618927,0.9267326593399048,0.5082082152366638
YNL147W,YBL098W,0,1.8059809,0.15563684701919556,0.9267326593399048,0.5083082914352417
YNL297C,YPR163C,0,1.8054472,0.15561097860336304,0.9267326593399048,0.5084084272384644
YAL017W,YIL017W,0,1.805133,0.15558511018753052,0.9267326593399048,0.5085085034370422
YNL297C,YGR285C,0,1.804332,0.155559241771698,0.9267326593399048,0.5086085796356201
YPL040C,YKL016C,1,1.8026263,0.15569956600666046,0.9277227520942688,0.5086085796356201
YER117W,YGR199W,0,1.802067,0.15567369759082794,0.9277227520942688,0.5087087154388428
YPR113W,YDL028C,0,1.8020233,0.15564784407615662,0.9277227520942688,0.5088087916374207
YCL003W,YNR015W,0,1.8017554,0.1556219905614853,0.9277227520942688,0.5089089274406433
YPR187W,YGL216W,0,1.8011811,0.15559615194797516,0.9277227520942688,0.5090090036392212
YPL129W,YIR039C,0,1.8001547,0.15557031333446503,0.9277227520942688,0.5091090798377991
YBR075W,YDR281C,0,1.7995027,0.1555444896221161,0.9277227520942688,0.5092092156410217
YGR134W,YIR032C,0,1.7992084,0.15551866590976715,0.9277227520942688,0.5093092918395996
YBR125C,YOL108C,0,1.7954006,0.1554928570985794,0.9277227520942688,0.5094094276428223
YLR009W,YML052W,0,1.7946637,0.15546706318855286,0.9277227520942688,0.5095095038414001
YKL186C,YOR353C,0,1.7945161,0.1554412692785263,0.9277227520942688,0.509609580039978
YCL018W,YGL030W,0,1.7936964,0.15541549026966095,0.9277227520942688,0.5097097158432007
YPR137C-A,YBR182C,0,1.7935618,0.1553897112607956,0.9277227520942688,0.5098097920417786
YNL117W,YJL006C,0,1.7925136,0.15536394715309143,0.9277227520942688,0.5099099278450012
YLL045C,YPL002C,0,1.7922676,0.15533819794654846,0.9277227520942688,0.5100100040435791
YOR261C,YHR079C,0,1.7918228,0.1553124487400055,0.9277227520942688,0.5101101398468018
YER013W,YDL142C,0,1.7901281,0.15528671443462372,0.9277227520942688,0.5102102160453796
YDR131C,YLR391W,0,1.7898312,0.15526098012924194,0.9277227520942688,0.5103102922439575
YKL170W,YDL208W,0,1.7884488,0.15523526072502136,0.9277227520942688,0.5104104280471802
YBL005W-B,YJL029C,0,1.7860506,0.15520954132080078,0.9277227520942688,0.5105105042457581
YER165W,YBR095C,0,1.7857547,0.1551838368177414,0.9277227520942688,0.5106106400489807
YGR113W,YOR085W,0,1.7857367,0.155158132314682,0.9277227520942688,0.5107107162475586
YPR194C,YGL220W,0,1.7848032,0.155132457613945,0.9277227520942688,0.5108107924461365
YJR082C,YJL030W,0,1.7834542,0.15510676801204681,0.9277227520942688,0.5109109282493591
YGL158W,YBR260C,0,1.7823851,0.15508109331130981,0.9277227520942688,0.511011004447937
YOL141W,YOL004W,0,1.7822325,0.155055433511734,0.9277227520942688,0.5111111402511597
YOL004W,YJR103W,0,1.7817101,0.1550297886133194,0.9277227520942688,0.5112112164497375
YOL129W,YPR159W,0,1.780446,0.1550041288137436,0.9277227520942688,0.5113112926483154
YKR103W,YHR174W,0,1.7765658,0.15497849881649017,0.9277227520942688,0.5114114284515381
YMR117C,YER130C,0,1.776203,0.15495286881923676,0.9277227520942688,0.511511504650116
YPR137C-A,YDL206W,0,1.775626,0.15492725372314453,0.9277227520942688,0.5116116404533386
YGL172W,YLR359W,0,1.775107,0.1549016386270523,0.9277227520942688,0.5117117166519165
YNR021W,YDR444W,0,1.7748433,0.15487603843212128,0.9277227520942688,0.5118117928504944
YOR142W-B,YER150W,0,1.774215,0.15485043823719025,0.9277227520942688,0.511911928653717
YDL029W,YLR197W,0,1.7728661,0.1548248529434204,0.9277227520942688,0.5120120048522949
YPL094C,YNL274C,0,1.769774,0.15479926764965057,0.9277227520942688,0.5121121406555176
YCR052W,YGL220W,0,1.7692914,0.15477369725704193,0.9277227520942688,0.5122122168540955
YBR066C,YPL007C,0,1.7686107,0.15474814176559448,0.9277227520942688,0.5123122930526733
YPR135W,YPL093W,0,1.7685512,0.15472258627414703,0.9277227520942688,0.512412428855896
YCR080W,YBR145W,0,1.7678003,0.15469704568386078,0.9277227520942688,0.5125125050544739
YEL069C,YDR404C,0,1.7674055,0.15467150509357452,0.9277227520942688,0.5126126408576965
YDR527W,YHR174W,0,1.7635417,0.15464597940444946,0.9277227520942688,0.5127127170562744
YHR030C,YLR321C,0,1.7631581,0.1546204686164856,0.9277227520942688,0.5128127932548523
YPR187W,YGR145W,0,1.7629912,0.15459495782852173,0.9277227520942688,0.512912929058075
YHR012W,YER125W,0,1.7628201,0.15456944704055786,0.9277227520942688,0.5130130052566528
YHR041C,YDR415C,0,1.7618881,0.1545439511537552,0.9277227520942688,0.5131131410598755
YGL004C,YJL082W,0,1.7612516,0.1545184701681137,0.9277227520942688,0.5132132172584534
YGR052W,YKL095W,0,1.7602637,0.15449298918247223,0.9277227520942688,0.5133132934570312
YBR172C,YDL148C,0,1.756396,0.15446752309799194,0.9277227520942688,0.5134134292602539
YKL126W,YER104W,0,1.7558595,0.15444205701351166,0.9277227520942688,0.5135135054588318
YMR025W,YFL023W,0,1.7556528,0.15441660583019257,0.9277227520942688,0.5136136412620544
YDR167W,YOR393W,0,1.7550099,0.15439116954803467,0.9277227520942688,0.5137137174606323
YGR180C,YGL004C,0,1.7541301,0.15436573326587677,0.9277227520942688,0.5138137936592102
YOR142W-B,YJL171C,0,1.7533319,0.15434031188488007,0.9277227520942688,0.5139139294624329
YPL223C,YKR028W,0,1.7526469,0.15431489050388336,0.9277227520942688,0.5140140056610107
YLR182W,YCR055C,0,1.7499537,0.15428948402404785,0.9277227520942688,0.5141141414642334
YBR230C,YLL043W,0,1.7493483,0.15426407754421234,0.9277227520942688,0.5142142176628113
YBL091C-A,YPL147W,0,1.7491388,0.15423868596553802,0.9277227520942688,0.5143142938613892
YJL200C,YNR006W,0,1.7490653,0.1542132943868637,0.9277227520942688,0.5144144296646118
YEL052W,YFR033C,0,1.7463039,0.15418791770935059,0.9277227520942688,0.5145145058631897
YNL284C-A,YDR457W,0,1.7432969,0.15416255593299866,0.9277227520942688,0.5146146416664124
YDL070W,YFL013C,0,1.7432914,0.15413719415664673,0.9277227520942688,0.5147147178649902
YOL141W,YGL226C-A,0,1.7429901,0.154111847281456,0.9277227520942688,0.5148147940635681
YKR020W,YFL035C,0,1.7421429,0.15408650040626526,0.9277227520942688,0.5149149298667908
YER125W,YNL078W,0,1.7413455,0.15406116843223572,0.9277227520942688,0.5150150060653687
YDL083C,YBL034C,0,1.7397919,0.15403583645820618,0.9277227520942688,0.5151151418685913
YPR072W,YPL127C,0,1.7395358,0.15401051938533783,0.9277227520942688,0.5152152180671692
YHR004C,YOL101C,0,1.7392128,0.15398520231246948,0.9277227520942688,0.5153152942657471
YBR261C,YNL121C,0,1.7392054,0.15395991504192352,0.9277227520942688,0.5154154300689697
YBR275C,YBR075W,0,1.7369003,0.15393461287021637,0.9277227520942688,0.5155155062675476
YHR056C,YNL027W,0,1.7367907,0.1539093255996704,0.9277227520942688,0.5156156420707703
YGL170C,YOR142W-A,0,1.7344751,0.15388405323028564,0.9277227520942688,0.5157157182693481
YOL129W,YNL079C,0,1.7338558,0.15385878086090088,0.9277227520942688,0.515815794467926
YPR171W,YOR351C,0,1.7319672,0.1538335233926773,0.9277227520942688,0.5159159302711487
YJR078W,YHR061C,0,1.7297422,0.15380826592445374,0.9277227520942688,0.5160160064697266
YPR190C,YLR380W,0,1.727589,0.15378302335739136,0.9277227520942688,0.5161161422729492
YLL029W,YBR002C,0,1.7268078,0.15375779569149017,0.9277227520942688,0.5162162184715271
YJL114W,YDR233C,0,1.7256631,0.153732568025589,0.9277227520942688,0.516316294670105
YLR264W,YGL019W,0,1.7248478,0.153707355260849,0.9277227520942688,0.5164164304733276
YOR283W,YOR204W,0,1.7224491,0.153682142496109,0.9277227520942688,0.5165165066719055
YLR256W-A,YJR133W,0,1.7211018,0.15365692973136902,0.9277227520942688,0.5166166424751282
YER049W,YER046W,0,1.7205995,0.15363174676895142,0.9277227520942688,0.516716718673706
YDL045W-A,YGR276C,0,1.7196406,0.1536065638065338,0.9277227520942688,0.5168167948722839
YKR102W,YGL113W,0,1.7193054,0.1535813808441162,0.9277227520942688,0.5169169306755066
YNL044W,YOR279C,0,1.7172016,0.1535562127828598,0.9277227520942688,0.5170170068740845
YAR027W,YLR033W,0,1.7169855,0.1535310447216034,0.9277227520942688,0.5171171426773071
YOR304W,YLR227W-B,0,1.7165954,0.15350589156150818,0.9277227520942688,0.517217218875885
YGL244W,YNL078W,0,1.7154307,0.15348075330257416,0.9277227520942688,0.5173172950744629
YLL003W,YCL057W,0,1.7149193,0.15345561504364014,0.9277227520942688,0.5174174308776855
YOR251C,YDR392W,0,1.7125221,0.1534304916858673,0.9277227520942688,0.5175175070762634
YPL011C,YGL103W,0,1.7112492,0.15340536832809448,0.9277227520942688,0.5176176428794861
YBL091C-A,YKR035W-A,0,1.7106241,0.15338025987148285,0.9277227520942688,0.517717719078064
YMR160W,YMR034C,0,1.7101772,0.15335515141487122,0.9277227520942688,0.5178177952766418
YMR180C,YBL089W,0,1.7100776,0.15333005785942078,0.9277227520942688,0.5179179310798645
YDR067C,YGR010W,0,1.7081244,0.15330497920513153,0.9277227520942688,0.5180180072784424
YOL102C,YPL273W,0,1.7062328,0.15327990055084229,0.9277227520942688,0.518118143081665
YGR020C,YOR241W,1,1.7041343,0.1534183770418167,0.9287128448486328,0.518118143081665
YKL126W,YOR142W-A,0,1.7027774,0.15339329838752747,0.9287128448486328,0.5182182192802429
YGL083W,YOR142W-B,0,1.7022204,0.15336821973323822,0.9287128448486328,0.5183182954788208
YOR126C,YML128C,0,1.7006036,0.15334314107894897,0.9287128448486328,0.5184184312820435
YOL124C,YJR063W,0,1.6992779,0.15331807732582092,0.9287128448486328,0.5185185074806213
YBR128C,YJL103C,0,1.6986881,0.15329302847385406,0.9287128448486328,0.518618643283844
YOR138C,YOR349W,0,1.697232,0.1532679796218872,0.9287128448486328,0.5187187194824219
YJL176C,YDR404C,0,1.6958942,0.15324293076992035,0.9287128448486328,0.5188187956809998
YGR251W,YGL148W,0,1.6958617,0.15321789681911469,0.9287128448486328,0.5189189314842224
YPR135W,YEL062W,0,1.6947782,0.15319287776947021,0.9287128448486328,0.5190190076828003
YOR142W-B,YPL274W,0,1.6938773,0.15316785871982574,0.9287128448486328,0.519119143486023
YOL010W,YPL147W,0,1.693241,0.15314285457134247,0.9287128448486328,0.5192192196846008
YPR113W,YPL094C,0,1.6920826,0.15311786532402039,0.9287128448486328,0.5193192958831787
YPL094C,YBL101W-B,0,1.6904253,0.1530928611755371,0.9287128448486328,0.5194194316864014
YMR169C,YOR343W-B,0,1.6883283,0.15306788682937622,0.9287128448486328,0.5195195078849792
YDR429C,YER171W,0,1.687733,0.15304291248321533,0.9287128448486328,0.5196196436882019
YDR405W,YER125W,0,1.6856499,0.15301793813705444,0.9287128448486328,0.5197197198867798
YKL001C,YGL220W,0,1.6846702,0.15299299359321594,0.9287128448486328,0.5198197960853577
YOL093W,YMR075W,0,1.6832367,0.15296803414821625,0.9287128448486328,0.5199199318885803
YJL112W,YKL180W,0,1.6827183,0.15294308960437775,0.9287128448486328,0.5200200080871582
YOL103W-B,YDL045C,0,1.681326,0.15291815996170044,0.9287128448486328,0.5201201438903809
YNL267W,YKL189W,0,1.6807432,0.15289323031902313,0.9287128448486328,0.5202202200889587
YPR187W,YOL040C,0,1.6798356,0.15286831557750702,0.9287128448486328,0.5203202962875366
YIL017W,YLR016C,0,1.6763297,0.1528434157371521,0.9287128448486328,0.5204204320907593
YHR012W,YOR216C,0,1.6762362,0.152818500995636,0.9287128448486328,0.5205205082893372
YBL076C,YOR294W,0,1.6756423,0.15279361605644226,0.9287128448486328,0.5206206440925598
YGL244W,YGR118W,0,1.6742374,0.15276873111724854,0.9287128448486328,0.5207207202911377
YNL284C-A,YKL085W,0,1.6737568,0.1527438461780548,0.9287128448486328,0.5208207964897156
YLL045C,YLR256W-A,0,1.6729095,0.15271899104118347,0.9287128448486328,0.5209209322929382
YBR177C,YDL035C,0,1.672722,0.15269412100315094,0.9287128448486328,0.5210210084915161
YNL153C,YGR285C,0,1.6726844,0.1526692658662796,0.9287128448486328,0.5211211442947388
YHR077C,YGR185C,0,1.6715244,0.15264442563056946,0.9287128448486328,0.5212212204933167
YMR269W,YOR232W,0,1.670671,0.15261958539485931,0.9287128448486328,0.5213212966918945
YOR304C-A,YLR033W,0,1.66927,0.15259476006031036,0.9287128448486328,0.5214214324951172
YBR075W,YOR085W,0,1.66921,0.1525699347257614,0.9287128448486328,0.5215215086936951
YOR279C,YDR146C,0,1.6659167,0.15254512429237366,0.9287128448486328,0.5216216444969177
YBL058W,YDL022W,0,1.6655856,0.1525203287601471,0.9287128448486328,0.5217217206954956
YDL111C,YER101C,0,1.6619396,0.15249553322792053,0.9287128448486328,0.5218217968940735
YLR386W,YGL174W,0,1.6583847,0.15247073769569397,0.9287128448486328,0.5219219326972961
YOR323C,YOR226C,0,1.6581788,0.1524459570646286,0.9287128448486328,0.522022008895874
YCL074W,YDL216C,0,1.656557,0.15242119133472443,0.9287128448486328,0.5221221446990967
YHR005C-A,YJR103W,0,1.656038,0.15239642560482025,0.9287128448486328,0.5222222208976746
YDL246C,YCR055C,0,1.6554998,0.15237167477607727,0.9287128448486328,0.5223222970962524
YNL281W,YMR227C,0,1.6547072,0.1523469239473343,0.9287128448486328,0.5224224328994751
YHR069C,YKL001C,0,1.65447,0.1523221880197525,0.9287128448486328,0.522522509098053
YPL083C,YMR213W,0,1.6520429,0.15229745209217072,0.9287128448486328,0.5226226449012756
YDR261C-D,YGL163C,0,1.6517711,0.15227273106575012,0.9287128448486328,0.5227227210998535
YCL004W,YNL219C,0,1.6513743,0.15224801003932953,0.9287128448486328,0.5228227972984314
YGR221C,YER137C-A,0,1.6513023,0.15222330391407013,0.9287128448486328,0.522922933101654
YNL153C,YJR082C,0,1.647646,0.15219859778881073,0.9287128448486328,0.5230230093002319
YJR140C,YLR088W,0,1.6475393,0.15217390656471252,0.9287128448486328,0.5231231451034546
YBR172C,YPL147W,0,1.6472194,0.1521492302417755,0.9287128448486328,0.5232232213020325
YOR239W,YHR168W,0,1.6470225,0.1521245539188385,0.9287128448486328,0.5233232975006104
YJR057W,YMR284W,0,1.6466615,0.15209989249706268,0.9287128448486328,0.523423433303833
YPR189W,YLL002W,0,1.6457611,0.15207523107528687,0.9287128448486328,0.5235235095024109
YOR232W,YKL097W-A,0,1.6438992,0.15205056965351105,0.9287128448486328,0.5236236453056335
YNL163C,YBR187W,0,1.6422621,0.15202593803405762,0.9287128448486328,0.5237237215042114
YBR075W,YGR229C,0,1.6416749,0.152001291513443,0.9287128448486328,0.5238237977027893
YGR161W-B,YGR268C,0,1.6398643,0.15197667479515076,0.9287128448486328,0.523923933506012
YDR337W,YOR351C,0,1.6376381,0.15195204317569733,0.9287128448486328,0.5240240097045898
YIL006W,YOL054W,0,1.636828,0.15192744135856628,0.9287128448486328,0.5241241455078125
YPR144C,YMR239C,0,1.6350918,0.15190283954143524,0.9287128448486328,0.5242242217063904
YNL026W,YMR115W,0,1.6350849,0.1518782377243042,0.9287128448486328,0.5243242979049683
YPR187W,YDR444W,0,1.6344593,0.15185365080833435,0.9287128448486328,0.5244244337081909
YIL128W,YNL261W,0,1.6305027,0.1518290638923645,0.9287128448486328,0.5245245099067688
YLL008W,YOL155C,0,1.6269679,0.15180449187755585,0.9287128448486328,0.5246246457099915
YFL045C,YMR075W,0,1.6257291,0.1517799347639084,0.9287128448486328,0.5247247219085693
YPL094C,YJL214W,0,1.6257094,0.15175537765026093,0.9287128448486328,0.5248247981071472
YML097C,YPR060C,0,1.6242626,0.15173083543777466,0.9287128448486328,0.5249249339103699
YOR292C,YDR218C,0,1.6226306,0.1517062932252884,0.9287128448486328,0.5250250101089478
YOL129W,YJL006C,0,1.6218543,0.15168176591396332,0.9287128448486328,0.5251251459121704
YOR378W,YKR069W,0,1.6211169,0.15165723860263824,0.9287128448486328,0.5252252221107483
YJR006W,YNL236W,0,1.621001,0.15163272619247437,0.9287128448486328,0.5253252983093262
YDR082W,YCR080W,0,1.6175628,0.15160821378231049,0.9287128448486328,0.5254254341125488
YBL058W,YKL124W,0,1.6170974,0.1515837162733078,0.9287128448486328,0.5255255103111267
YPL064C,YOR142W-B,0,1.6167154,0.15155921876430511,0.9287128448486328,0.5256256461143494
YPL119C,YJL149W,0,1.6161592,0.15153473615646362,0.9287128448486328,0.5257257223129272
YGR032W,YPR060C,0,1.6157687,0.15151025354862213,0.9287128448486328,0.5258257985115051
YPL276W,YOL043C,0,1.614372,0.15148578584194183,0.9287128448486328,0.5259259343147278
YDR090C,YMR295C,0,1.6138511,0.15146133303642273,0.9287128448486328,0.5260260105133057
YNL102W,YML030W,0,1.6120533,0.15143688023090363,0.9287128448486328,0.5261261463165283
YDR494W,YFR052W,0,1.6075797,0.15141242742538452,0.9287128448486328,0.5262262225151062
YOL155C,YNL259C,0,1.6058812,0.1513879895210266,0.9287128448486328,0.5263262987136841
YBL005W-B,YMR304W,0,1.6058002,0.1513635665178299,0.9287128448486328,0.5264264345169067
YJL191W,YIR038C,0,1.6041169,0.15133914351463318,0.9287128448486328,0.5265265107154846
YMR039C,YLR227W-B,0,1.6029752,0.15131473541259766,0.9287128448486328,0.5266266465187073
YLR256W-A,YMR300C,0,1.60185,0.15129032731056213,0.9287128448486328,0.5267267227172852
YPL064C,YCL003W,0,1.6014643,0.1512659192085266,0.9287128448486328,0.526826798915863
YNL117W,YIL042C,0,1.5994091,0.15124154090881348,0.9287128448486328,0.5269269347190857
YBR059C,YJR140C,0,1.5987505,0.15121714770793915,0.9287128448486328,0.5270270109176636
YEL031W,YBR080C,0,1.5979745,0.1511927843093872,0.9287128448486328,0.5271271467208862
YMR049C,YOR168W,0,1.5953636,0.15116840600967407,0.9287128448486328,0.5272272229194641
YDR492W,YLR312W-A,0,1.5938671,0.15114405751228333,0.9287128448486328,0.527327299118042
YLR080W,YOL158C,0,1.5931838,0.15111970901489258,0.9287128448486328,0.5274274349212646
YHR012W,YJR092W,0,1.5930564,0.15109536051750183,0.9287128448486328,0.5275275111198425
YOR317W,YLR382C,1,1.5929666,0.15123207867145538,0.9297029972076416,0.5275275111198425
YCR030C,YER171W,0,1.5926024,0.15120773017406464,0.9297029972076416,0.5276276469230652
YDR518W,YGR238C,0,1.5902488,0.1511833816766739,0.9297029972076416,0.5277277231216431
YLR244C,YOL108C,0,1.5892873,0.15115904808044434,0.9297029972076416,0.527827799320221
YLR244C,YLR301W,0,1.589165,0.15113471448421478,0.9297029972076416,0.5279279351234436
YOL045W,YNL290W,0,1.5860246,0.15111039578914642,0.9297029972076416,0.5280280113220215
YJR138W,YJL214W,0,1.58586,0.15108607709407806,0.9297029972076416,0.5281281471252441
YBL058W,YHR109W,0,1.5853137,0.1510617733001709,0.9297029972076416,0.528228223323822
YOR106W,YLR380W,0,1.5844102,0.15103748440742493,0.9297029972076416,0.5283282995223999
YOL103W-B,YLR113W,0,1.5843458,0.15101318061351776,0.9297029972076416,0.5284284353256226
YOR215C,YBR115C,1,1.5835856,0.1511497050523758,0.9306930899620056,0.5284284353256226
YPR113W,YNL175C,0,1.5821779,0.15112540125846863,0.9306930899620056,0.5285285115242004
YOL103W-B,YEL031W,0,1.5793769,0.15110111236572266,0.9306930899620056,0.5286286473274231
YGR109W-B,YOL043C,0,1.5784018,0.15107682347297668,0.9306930899620056,0.528728723526001
YDR296W,YJL166W,0,1.578276,0.1510525494813919,0.9306930899620056,0.5288287997245789
YLR228C,YIL047C,0,1.5780857,0.15102827548980713,0.9306930899620056,0.5289289355278015
YJR032W,YLR164W,0,1.5748413,0.15100401639938354,0.9306930899620056,0.5290290117263794
YDR451C,YLR145W,0,1.5739436,0.15097975730895996,0.9306930899620056,0.529129147529602
YNL153C,YJL206C,0,1.5724771,0.15095551311969757,0.9306930899620056,0.5292292237281799
YLR256W-A,YLL012W,0,1.5668297,0.15093128383159637,0.9306930899620056,0.5293292999267578
YLR163C,YJL085W,0,1.5665348,0.15090705454349518,0.9306930899620056,0.5294294357299805
YOR142W-A,YNL259C,0,1.5659385,0.15088282525539398,0.9306930899620056,0.5295295119285583
YER137C-A,YBL085W,0,1.5624158,0.15085861086845398,0.9306930899620056,0.529629647731781
YOR304C-A,YGR118W,0,1.5620936,0.15083439648151398,0.9306930899620056,0.5297297239303589
YOL103W-B,YDL208W,0,1.5615883,0.15081019699573517,0.9306930899620056,0.5298298001289368
YJL114W,YHL034C,0,1.5613567,0.15078601241111755,0.9306930899620056,0.5299299359321594
YJL024C,YJL006C,0,1.5613477,0.15076182782649994,0.9306930899620056,0.5300300121307373
YMR049C,YJL134W,0,1.5611765,0.15073765814304352,0.9306930899620056,0.53013014793396
YLR344W,YGL203C,0,1.5603887,0.1507134884595871,0.9306930899620056,0.5302302241325378
YOR343W-B,YJL079C,0,1.5587666,0.15068931877613068,0.9306930899620056,0.5303303599357605
YBR177C,YKL189W,0,1.5581557,0.15066516399383545,0.9306930899620056,0.5304304361343384
YOR274W,YDR261W-A,0,1.5576078,0.15064102411270142,0.9306930899620056,0.5305305123329163
YGR161W-B,YGL112C,0,1.5570961,0.15061688423156738,0.9306930899620056,0.5306306481361389
YMR160W,YDR416W,0,1.5569565,0.15059275925159454,0.9306930899620056,0.5307307243347168
YOL038W,YJL117W,0,1.5551554,0.1505686342716217,0.9306930899620056,0.5308308601379395
YDR405W,YLR270W,0,1.554728,0.15054452419281006,0.9306930899620056,0.5309309363365173
YOL141W,YHR004C,0,1.5500491,0.1505204141139984,0.9306930899620056,0.5310310125350952
YKL013C,YML080W,0,1.5489434,0.15049631893634796,0.9306930899620056,0.5311311483383179
YGR109W-B,YHR008C,0,1.5459114,0.1504722237586975,0.9306930899620056,0.5312312245368958
YGL010W,YJL085W,0,1.545655,0.15044814348220825,0.9306930899620056,0.5313313603401184
YBR125C,YLR182W,0,1.5452859,0.150424063205719,0.9306930899620056,0.5314314365386963
YKL200C,YDL227C,0,1.5444627,0.15039999783039093,0.9306930899620056,0.5315315127372742
YGL209W,YDR472W,0,1.5427812,0.15037593245506287,0.9306930899620056,0.5316316485404968
YOR382W,YDL015C,0,1.5424706,0.150351881980896,0.9306930899620056,0.5317317247390747
YLR191W,YMR019W,0,1.5373253,0.15032784640789032,0.9306930899620056,0.5318318605422974
YNL284C-A,YLR301W,0,1.5370519,0.15030381083488464,0.9306930899620056,0.5319319367408752
YOR206W,YKL097W-A,0,1.537041,0.15027977526187897,0.9306930899620056,0.5320320129394531
YDR159W,YNR002C,0,1.5361097,0.15025575459003448,0.9306930899620056,0.5321321487426758
YIL017W,YKL022C,0,1.5359623,0.15023173391819,0.9306930899620056,0.5322322249412537
YDR076W,YDR410C,0,1.5356663,0.1502077281475067,0.9306930899620056,0.5323323607444763
YJR127C,YER022W,0,1.5334702,0.15018373727798462,0.9306930899620056,0.5324324369430542
YGR252W,YIL108W,0,1.5331078,0.15015974640846252,0.9306930899620056,0.5325325131416321
YOR138C,YAL017W,0,1.5324907,0.15013575553894043,0.9306930899620056,0.5326326489448547
YER117W,YDR508C,0,1.529031,0.15011177957057953,0.9306930899620056,0.5327327251434326
YER050C,YGR216C,0,1.5289485,0.15008781850337982,0.9306930899620056,0.5328328609466553
YOR355W,YML056C,0,1.5227953,0.15006385743618011,0.9306930899620056,0.5329329371452332
YOR243C,YER125W,0,1.5223755,0.1500399112701416,0.9306930899620056,0.533033013343811
YLR191W,YJL225C,0,1.5198625,0.1500159651041031,0.9306930899620056,0.5331331491470337
YDR034C,YOR294W,0,1.5198607,0.14999201893806458,0.9306930899620056,0.5332332253456116
YFR029W,YNL192W,0,1.5196526,0.14996808767318726,0.9306930899620056,0.5333333611488342
YBR202W,YOR304W,0,1.5181358,0.14994417130947113,0.9306930899620056,0.5334334373474121
YML051W,YFL038C,0,1.5180614,0.149920254945755,0.9306930899620056,0.53353351354599
YOR292C,YIR038C,0,1.5176231,0.14989635348320007,0.9306930899620056,0.5336336493492126
YJL214W,YDR261W-A,0,1.5168505,0.14987245202064514,0.9306930899620056,0.5337337255477905
YEL052W,YDL022W,0,1.5137833,0.1498485505580902,0.9306930899620056,0.5338338613510132
YMR146C,YKR069W,0,1.5134983,0.14982467889785767,0.9306930899620056,0.5339339375495911
YNL117W,YGL169W,0,1.5131534,0.14980079233646393,0.9306930899620056,0.534034013748169
YBR202W,YLR329W,0,1.5127707,0.14977692067623138,0.9306930899620056,0.5341341495513916
YLR295C,YDR261W-A,0,1.5126088,0.14975306391716003,0.9306930899620056,0.5342342257499695
YMR241W,YDL084W,0,1.5121754,0.14972920715808868,0.9306930899620056,0.5343343615531921
YNL282W,YMR090W,0,1.5114204,0.14970536530017853,0.9306930899620056,0.53443443775177
YOL103W-B,YDL039C,0,1.5080564,0.14968152344226837,0.9306930899620056,0.5345345139503479
YGL083W,YJL130C,0,1.5078471,0.1496576964855194,0.9306930899620056,0.5346346497535706
YHR175W,YDR229W,0,1.5072316,0.14963386952877045,0.9306930899620056,0.5347347259521484
YJR082C,YOL093W,0,1.506559,0.14961005747318268,0.9306930899620056,0.5348348617553711
YDR285W,YER074W,0,1.503993,0.1495862454175949,0.9306930899620056,0.534934937953949
YFL057C,YBR129C,0,1.5036969,0.14956244826316833,0.9306930899620056,0.5350350141525269
YDR498C,YDR159W,0,1.5019768,0.14953865110874176,0.9306930899620056,0.5351351499557495
YAL017W,YJL144W,0,1.5018997,0.14951486885547638,0.9306930899620056,0.5352352261543274
YLR105C,YHR056C,0,1.500747,0.1494911015033722,0.9306930899620056,0.53533536195755
YGR238C,YBR026C,0,1.5000294,0.1494673192501068,0.9306930899620056,0.5354354381561279
YJL141C,YOR020C,0,1.4999583,0.14944356679916382,0.9306930899620056,0.5355355143547058
YKR020W,YLR028C,0,1.4984031,0.14941979944705963,0.9306930899620056,0.5356356501579285
YDR457W,YNL219C,0,1.4976104,0.14939606189727783,0.9306930899620056,0.5357357263565063
YNR018W,YFL017W-A,0,1.497278,0.14937232434749603,0.9306930899620056,0.535835862159729
YDL246C,YNL182C,0,1.4969517,0.14934858679771423,0.9306930899620056,0.5359359383583069
YOR343W-B,YML049C,0,1.4937439,0.14932486414909363,0.9306930899620056,0.5360360145568848
YNL027W,YMR210W,0,1.4929974,0.14930114150047302,0.9306930899620056,0.5361361503601074
YLR105C,YOR317W,0,1.4923173,0.1492774337530136,0.9306930899620056,0.5362362265586853
YLR270W,YCR002C,0,1.4913146,0.1492537260055542,0.9306930899620056,0.536336362361908
YOR071C,YGR288W,0,1.4864371,0.14923003315925598,0.9306930899620056,0.5364364385604858
YNL131W,YLR088W,0,1.4855103,0.14920635521411896,0.9306930899620056,0.5365365147590637
YJL103C,YLR301W,0,1.4800141,0.14918266236782074,0.9306930899620056,0.5366366505622864
YGL094C,YLR033W,0,1.4796066,0.1491589993238449,0.9306930899620056,0.5367367267608643
YBR183W,YGL046W,0,1.4791253,0.14913533627986908,0.9306930899620056,0.5368368625640869
YKR103W,YGR238C,0,1.4788233,0.14911167323589325,0.9306930899620056,0.5369369387626648
YMR145C,YML045W-A,0,1.4762706,0.1490880250930786,0.9306930899620056,0.5370370149612427
YJR057W,YLR224W,0,1.4750247,0.14906437695026398,0.9306930899620056,0.5371371507644653
YDR026C,YDR369C,0,1.4745367,0.14904074370861053,0.9306930899620056,0.5372372269630432
YNL309W,YGL019W,0,1.4732903,0.1490171253681183,0.9306930899620056,0.5373373627662659
YIL061C,YDR261W-A,0,1.4727899,0.14899350702762604,0.9306930899620056,0.5374374389648438
YDR174W,YKL130C,0,1.4706001,0.1489698886871338,0.9306930899620056,0.5375375151634216
YLL029W,YPR163C,0,1.4701388,0.14894628524780273,0.9306930899620056,0.5376376509666443
YGL158W,YDR416W,0,1.4684223,0.14892268180847168,0.9306930899620056,0.5377377271652222
YGR288W,YHR004C,0,1.4645126,0.14889909327030182,0.9306930899620056,0.5378378629684448
YFR033C,YOL104C,0,1.4633579,0.14887551963329315,0.9306930899620056,0.5379379391670227
YHR156C,YCR097WB,0,1.4633462,0.14885194599628448,0.9306930899620056,0.5380380153656006
YKR019C,YHR085W,0,1.4631191,0.14882837235927582,0.9306930899620056,0.5381381511688232
YHL012W,YGL237C,0,1.463001,0.14880481362342834,0.9306930899620056,0.5382382273674011
YKL200C,YOR285W,0,1.4611858,0.14878125488758087,0.9306930899620056,0.5383383631706238
YNL117W,YFL033C,0,1.4605575,0.1487577110528946,0.9306930899620056,0.5384384393692017
YMR186W,YBR257W,0,1.460264,0.1487341821193695,0.9306930899620056,0.5385385155677795
YMR137C,YLL033W,0,1.4597679,0.14871065318584442,0.9306930899620056,0.5386386513710022
YOR340C,YDR404C,0,1.4591103,0.14868712425231934,0.9306930899620056,0.5387387275695801
YIL143C,YOR038C,0,1.4571598,0.14866361021995544,0.9306930899620056,0.5388388633728027
YNL284C-A,YKL061W,0,1.4561417,0.14864009618759155,0.9306930899620056,0.5389389395713806
YDL121C,YEL036C,0,1.4556285,0.14861659705638885,0.9306930899620056,0.5390390157699585
YMR239C,YER019C-A,0,1.4550433,0.14859311282634735,0.9306930899620056,0.5391391515731812
YOR142W-A,YJL124C,0,1.4549465,0.14856962859630585,0.9306930899620056,0.539239227771759
YKL097W-A,YBL089W,0,1.4548776,0.14854614436626434,0.9306930899620056,0.5393393635749817
YPL276W,YJL144W,0,1.4548348,0.14852267503738403,0.9306930899620056,0.5394394397735596
YKL090W,YGR113W,0,1.4534178,0.14849920570850372,0.9306930899620056,0.5395395159721375
YJL114W,YOR279C,0,1.4525983,0.1484757512807846,0.9306930899620056,0.5396396517753601
YLR183C,YOR038C,0,1.4524132,0.14845231175422668,0.9306930899620056,0.539739727973938
YGL172W,YLR163C,0,1.4503543,0.14842885732650757,0.9306930899620056,0.5398398637771606
YOR084W,YHR004C,0,1.4492414,0.14840543270111084,0.9306930899620056,0.5399399399757385
YOL103W-B,YIL143C,0,1.4483615,0.1483820080757141,0.9306930899620056,0.5400400161743164
YDR470C,YBR192W,0,1.4478186,0.14835858345031738,0.9306930899620056,0.5401401519775391
YDR310C,YGL212W,0,1.447168,0.14833517372608185,0.9306930899620056,0.5402402281761169
YJR101W,YFL017W-A,0,1.4470749,0.1483117640018463,0.9306930899620056,0.5403403639793396
YLR073C,YER130C,0,1.4470005,0.14828836917877197,0.9306930899620056,0.5404404401779175
YOL093W,YKL097W-A,0,1.4469175,0.14826498925685883,0.9306930899620056,0.5405405163764954
YOL103W-B,YDL021W,0,1.4469019,0.14824160933494568,0.9306930899620056,0.540640652179718
YCR030C,YDL021W,0,1.4461142,0.14821822941303253,0.9306930899620056,0.5407407283782959
YJL101C,YDL074C,1,1.4440155,0.1483525186777115,0.9316831827163696,0.5407407283782959
YKL097W-A,YIL047C,0,1.4399987,0.14832912385463715,0.9316831827163696,0.5408408641815186
YMR090W,YLR024C,0,1.4397207,0.1483057588338852,0.9316831827163696,0.5409409403800964
YKR054C,YDR496C,0,1.4391092,0.14828237891197205,0.9316831827163696,0.5410410165786743
YOR219C,YOR222W,0,1.4386212,0.1482590138912201,0.9316831827163696,0.541141152381897
YLR264W,YDR229W,0,1.4358422,0.14823566377162933,0.9316831827163696,0.5412412285804749
YJL112W,YMR180C,0,1.4356803,0.14821231365203857,0.9316831827163696,0.5413413643836975
YEL070W,YBR243C,0,1.4356527,0.148188978433609,0.9316831827163696,0.5414414405822754
YDR451C,YDL047W,0,1.432297,0.14816564321517944,0.9316831827163696,0.5415415167808533
YFR013W,YJL085W,0,1.4321219,0.14814232289791107,0.9316831827163696,0.5416416525840759
YLR440C,YIL083C,0,1.4318101,0.1481190025806427,0.9316831827163696,0.5417417287826538
YPR137C-A,YPR125W,0,1.4316053,0.14809568226337433,0.9316831827163696,0.5418418645858765
YGR052W,YJR028W,0,1.4310669,0.14807237684726715,0.9316831827163696,0.5419419407844543
YHL012W,YCL008C,0,1.4305251,0.14804908633232117,0.9316831827163696,0.5420420169830322
YMR241W,YOR304W,0,1.4304715,0.14802579581737518,0.9316831827163696,0.5421421527862549
YLL029W,YGR095C,0,1.4292613,0.1480025202035904,0.9316831827163696,0.5422422289848328
YML058W-A,YDL055C,0,1.429245,0.1479792445898056,0.9316831827163696,0.5423423647880554
YLR228C,YFR052W,0,1.4291277,0.1479559689760208,0.9316831827163696,0.5424424409866333
YJL124C,YLL040C,0,1.4286205,0.14793270826339722,0.9316831827163696,0.5425425171852112
YML045W-A,YHR082C,0,1.428135,0.14790946245193481,0.9316831827163696,0.5426426529884338
YGL174W,YOL054W,0,1.4259872,0.1478862166404724,0.9316831827163696,0.5427427291870117
YJL066C,YJR036C,0,1.425808,0.1478629857301712,0.9316831827163696,0.5428428649902344
YBR208C,YOL010W,1,1.425711,0.14799685776233673,0.9326732754707336,0.5428428649902344
YER154W,YOR232W,0,1.4252174,0.14797361195087433,0.9326732754707336,0.5429429411888123
YJR107W,YPL213W,0,1.4249654,0.14795036613941193,0.9326732754707336,0.5430430173873901
YCL036W,YDL055C,0,1.423652,0.14792713522911072,0.9326732754707336,0.5431431531906128
YMR054W,YBL028C,0,1.4234097,0.1479039043188095,0.9326732754707336,0.5432432293891907
YHR164C,YMR213W,0,1.4224601,0.1478806883096695,0.9326732754707336,0.5433433651924133
YDR453C,YDR306C,0,1.4201589,0.14785747230052948,0.9326732754707336,0.5434434413909912
YDL036C,YER087C-B,0,1.4199619,0.14783427119255066,0.9326732754707336,0.5435435175895691
YJL140W,YBL011W,0,1.4187899,0.14781108498573303,0.9326732754707336,0.5436436533927917
YAL054C,YLR391W,0,1.4179858,0.1477878838777542,0.9326732754707336,0.5437437295913696
YPL200W,YLR329W,0,1.4178683,0.14776471257209778,0.9326732754707336,0.5438438653945923
YOR142W,YJL053W,0,1.4176602,0.14774152636528015,0.9326732754707336,0.5439439415931702
YDR409W,YBR222C,1,1.4160095,0.14787517488002777,0.9336633682250977,0.5439439415931702
YPR137W,YNL147W,0,1.4116929,0.14785198867321014,0.9336633682250977,0.544044017791748
YBL101W-B,YNL335W,0,1.4113936,0.1478288173675537,0.9336633682250977,0.5441441535949707
YDL054C,YJL172W,0,1.411045,0.14780564606189728,0.9336633682250977,0.5442442297935486
YER098W,YGL094C,0,1.410229,0.14778247475624084,0.9336633682250977,0.5443443655967712
YJR057W,YPR111W,0,1.4096715,0.1477593183517456,0.9336633682250977,0.5444444417953491
YLR452C,YDR281C,0,1.4081949,0.14773617684841156,0.9336633682250977,0.544544517993927
YOR222W,YHR168W,0,1.4048128,0.14771303534507751,0.9336633682250977,0.5446446537971497
YGL062W,YDL215C,0,1.4039344,0.14768989384174347,0.9336633682250977,0.5447447299957275
YDR518W,YPL122C,0,1.4028342,0.14766676723957062,0.9336633682250977,0.5448448657989502
YLR325C,YJL206C,0,1.4013729,0.14764365553855896,0.9336633682250977,0.5449449419975281
YKL186C,YGL220W,0,1.4007554,0.1476205438375473,0.9336633682250977,0.545045018196106
YDR383C,YHR066W,0,1.3981347,0.14759743213653564,0.9336633682250977,0.5451451539993286
YLL003W,YOR008C,0,1.3971459,0.14757433533668518,0.9336633682250977,0.5452452301979065
YMR250W,YLR301W,0,1.3970468,0.14755123853683472,0.9336633682250977,0.5453453660011292
YMR300C,YOR349W,0,1.3944021,0.14752815663814545,0.9336633682250977,0.545445442199707
YGL237C,YOL107W,0,1.3930136,0.14750508964061737,0.9336633682250977,0.5455455183982849
YLR256W-A,YCL034W,0,1.3927672,0.1474820077419281,0.9336633682250977,0.5456456542015076
YNR031C,YDL055C,0,1.3879671,0.14745895564556122,0.9336633682250977,0.5457457304000854
YMR241W,YPL180W,0,1.3869913,0.14743590354919434,0.9336633682250977,0.5458458662033081
YOR142W-A,YBR243C,0,1.3869567,0.14741285145282745,0.9336633682250977,0.545945942401886
YBR075W,YGL030W,0,1.3861209,0.14738981425762177,0.9336633682250977,0.5460460186004639
YOL057W,YCL003W,0,1.3833349,0.14736677706241608,0.9336633682250977,0.5461461544036865
YDR076W,YPL240C,0,1.3810453,0.14734375476837158,0.9336633682250977,0.5462462306022644
YGR225W,YBR115C,0,1.3805931,0.1473207324743271,0.9336633682250977,0.5463463664054871
YKL174C,YPR187W,0,1.3797922,0.1472977250814438,0.9336633682250977,0.5464464426040649
YGL244W,YBL034C,0,1.3796732,0.14727471768856049,0.9336633682250977,0.5465465188026428
YHR214C-B,YOR279C,0,1.3795333,0.14725171029567719,0.9336633682250977,0.5466466546058655
YBL112C,YPL093W,0,1.3795116,0.14722873270511627,0.9336633682250977,0.5467467308044434
YGR246C,YBR192W,0,1.3778625,0.14720574021339417,0.9336633682250977,0.546846866607666
YDR457W,YPR030W,0,1.3775711,0.14718276262283325,0.9336633682250977,0.5469469428062439
YBL005W-B,YPL208W,0,1.3766565,0.14715979993343353,0.9336633682250977,0.5470470190048218
YJL178C,YGL060W,0,1.3760821,0.1471368372440338,0.9336633682250977,0.5471471548080444
YER087W,YNL220W,1,1.3746862,0.14726988971233368,0.9346534609794617,0.5471471548080444
YPR137C-A,YOL052C,0,1.3739405,0.14724691212177277,0.9346534609794617,0.5472472310066223
YPR187W,YDR140W,0,1.3736544,0.14722394943237305,0.9346534609794617,0.547347366809845
YLR305C,YNL006W,0,1.3684895,0.14720100164413452,0.9346534609794617,0.5474474430084229
YCL004W,YOR098C,0,1.3680089,0.147178053855896,0.9346534609794617,0.5475475192070007
YMR173W,YLL012W,0,1.3643689,0.14715510606765747,0.9346534609794617,0.5476476550102234
YPR196W,YGR145W,0,1.363935,0.14713217318058014,0.9346534609794617,0.5477477312088013
YBR150C,YGL148W,0,1.362784,0.1471092402935028,0.9346534609794617,0.5478478670120239
YER154W,YGR246C,0,1.3604882,0.14708632230758667,0.9346534609794617,0.5479479432106018
YNL008C,YIL020C,0,1.359821,0.14706340432167053,0.9346534609794617,0.5480480194091797
YNL232W,YOR008C,0,1.3587363,0.1470405012369156,0.9346534609794617,0.5481481552124023
YKL078W,YPR127W,0,1.3585501,0.14701759815216064,0.9346534609794617,0.5482482314109802
YNL282W,YER074W,0,1.3583441,0.1469947099685669,0.9346534609794617,0.5483483672142029
YNL191W,YEL012W,1,1.3554424,0.14712750911712646,0.9356435537338257,0.5483483672142029
YJL124C,YDR151C,0,1.3553927,0.14710460603237152,0.9356435537338257,0.5484484434127808
YBR066C,YER049W,0,1.3544879,0.14708171784877777,0.9356435537338257,0.5485485196113586
YOR378W,YMR145C,0,1.3538494,0.14705882966518402,0.9356435537338257,0.5486486554145813
YGR246C,YPR060C,0,1.3520212,0.14703594148159027,0.9356435537338257,0.5487487316131592
YLR404W,YBR222C,0,1.3504312,0.14701306819915771,0.9356435537338257,0.5488488674163818
YBR247C,YMR032W,0,1.349943,0.14699019491672516,0.9356435537338257,0.5489489436149597
YMR077C,YIL094C,0,1.3498653,0.1469673365354538,0.9356435537338257,0.5490490198135376
YJL034W,YBR020W,0,1.3464217,0.14694449305534363,0.9356435537338257,0.5491491556167603
YGR113W,YLR160C,0,1.3456185,0.14692163467407227,0.9356435537338257,0.5492492318153381
YNR004W,YPR001W,0,1.3455266,0.1468988060951233,0.9356435537338257,0.5493493676185608
YBR257W,YJR063W,0,1.3451555,0.14687597751617432,0.9356435537338257,0.5494494438171387
YPR194C,YJL095W,0,1.342796,0.14685314893722534,0.9356435537338257,0.5495495200157166
YER175C,YBL091C-A,0,1.3421372,0.14683033525943756,0.9356435537338257,0.5496496558189392
YJR107W,YMR114C,0,1.3408339,0.14680752158164978,0.9356435537338257,0.5497497320175171
YOR071C,YBR202W,0,1.3404877,0.1467847228050232,0.9356435537338257,0.5498498678207397
YBR294W,YER137C,0,1.3387443,0.1467619240283966,0.9356435537338257,0.5499499440193176
YDL171C,YDR410C,0,1.3378171,0.14673912525177002,0.9356435537338257,0.5500500798225403
YGL113W,YNL092W,0,1.3374679,0.14671634137630463,0.9356435537338257,0.5501501560211182
YDL015C,YFL023W,0,1.3353549,0.14669357240200043,0.9356435537338257,0.550250232219696
YKL013C,YCL057W,0,1.3350015,0.14667080342769623,0.9356435537338257,0.5503503680229187
YOL112W,YPL096W,0,1.3300853,0.14664804935455322,0.9356435537338257,0.5504504442214966
YOR291W,YML049C,0,1.3299363,0.14662529528141022,0.9356435537338257,0.5505505800247192
YCL060C,YNL290W,0,1.3294635,0.1466025412082672,0.9356435537338257,0.5506506562232971
YGR161W-B,YJR036C,0,1.3285456,0.1465798020362854,0.9356435537338257,0.550750732421875
YGL186C,YGL190C,0,1.3284299,0.14655707776546478,0.9356435537338257,0.5508508682250977
YFL014W,YLL040C,0,1.3279489,0.14653435349464417,0.9356435537338257,0.5509509444236755
YER175C,YJL134W,0,1.3270752,0.14651162922382355,0.9356435537338257,0.5510510802268982
YCR011C,YNL219C,0,1.3268741,0.14648891985416412,0.9356435537338257,0.5511511564254761
YGL068W,YPL257W-B,0,1.3258479,0.1464662104845047,0.9356435537338257,0.551251232624054
YOR209C,YGR244C,1,1.325144,0.14659848809242249,0.9366336464881897,0.551251232624054
YPL163C,YJR053W,0,1.3248757,0.14657576382160187,0.9366336464881897,0.5513513684272766
YER098W,YGR246C,0,1.3243635,0.14655305445194244,0.9366336464881897,0.5514514446258545
YBL089W,YOR294W,0,1.322989,0.1465303599834442,0.9366336464881897,0.5515515804290771
YBR196C,YGL180W,0,1.3227229,0.14650766551494598,0.9366336464881897,0.551651656627655
YOL141W,YLR164W,0,1.3223596,0.14648498594760895,0.9366336464881897,0.5517517328262329
YJR055W,YCR026C,0,1.3223472,0.1464623063802719,0.9366336464881897,0.5518518686294556
YKL182W,YPL218W,0,1.3210206,0.14643962681293488,0.9366336464881897,0.5519519448280334
YCL060C,YPR159W,0,1.3202734,0.14641696214675903,0.9366336464881897,0.5520520806312561
YMR284W,YDL179W,0,1.3201351,0.14639431238174438,0.9366336464881897,0.552152156829834
YGR081C,YKL096W-A,0,1.3188621,0.14637164771556854,0.9366336464881897,0.5522522330284119
YGL172W,YFL021W,0,1.3177502,0.1463490128517151,0.9366336464881897,0.5523523688316345
YPL183W-A,YDR262W,0,1.3174138,0.14632637798786163,0.9366336464881897,0.5524524450302124
YCL074W,YPR162C,0,1.3170658,0.14630374312400818,0.9366336464881897,0.5525525808334351
YJR010W,YOR142W-A,0,1.3167741,0.14628112316131592,0.9366336464881897,0.5526526570320129
YJL005W,YPR204W,0,1.3144671,0.14625850319862366,0.9366336464881897,0.5527527332305908
YLR314C,YER002W,0,1.3133584,0.1462358981370926,0.9366336464881897,0.5528528690338135
YBR081C,YHR168W,0,1.3133357,0.14621329307556152,0.9366336464881897,0.5529529452323914
YDR072C,YNL027W,0,1.3120877,0.14619070291519165,0.9366336464881897,0.553053081035614
YPR135W,YBR095C,0,1.3114244,0.14616811275482178,0.9366336464881897,0.5531531572341919
YNL085W,YBR195C,0,1.310485,0.1461455225944519,0.9366336464881897,0.5532532334327698
YDL246C,YNL223W,0,1.3091431,0.14612294733524323,0.9366336464881897,0.5533533692359924
YKL200C,YOL090W,0,1.3082361,0.14610038697719574,0.9366336464881897,0.5534534454345703
YGL183C,YJL095W,0,1.306818,0.14607782661914825,0.9366336464881897,0.553553581237793
YMR005W,YNL230C,0,1.3056703,0.14605526626110077,0.9366336464881897,0.5536536574363708
YDR454C,YLR016C,0,1.303736,0.14603272080421448,0.9366336464881897,0.5537537336349487
YNR072W,YNR013C,0,1.3026491,0.14601019024848938,0.9366336464881897,0.5538538694381714
YPR204W,YOL043C,0,1.301729,0.14598765969276428,0.9366336464881897,0.5539539456367493
YJL024C,YCL003W,0,1.29969,0.14596512913703918,0.9366336464881897,0.5540540814399719
YNL273W,YKL166C,0,1.298119,0.14594261348247528,0.9366336464881897,0.5541541576385498
YJL140W,YJR032W,0,1.2975636,0.14592009782791138,0.9366336464881897,0.5542542338371277
YJR083C,YCR002C,0,1.2974916,0.14589759707450867,0.9366336464881897,0.5543543696403503
YBR183W,YGR225W,0,1.2912984,0.14587509632110596,0.9366336464881897,0.5544544458389282
YDR476C,YOL136C,0,1.2909155,0.14585261046886444,0.9366336464881897,0.5545545816421509
YER049W,YLL040C,0,1.290604,0.14583012461662292,0.9366336464881897,0.5546546578407288
YPR011C,YJL071W,0,1.286436,0.1458076387643814,0.9366336464881897,0.5547547340393066
YAL022C,YGR155W,0,1.2851819,0.1457851678133011,0.9366336464881897,0.5548548698425293
YKL171W,YNL258C,0,1.2847703,0.14576271176338196,0.9366336464881897,0.5549549460411072
YKR066C,YDR353W,0,1.2828865,0.14574025571346283,0.9366336464881897,0.5550550818443298
YER008C,YER137C-A,0,1.2826312,0.1457177996635437,0.9366336464881897,0.5551551580429077
YKL200C,YNR021W,0,1.2815297,0.14569535851478577,0.9366336464881897,0.5552552342414856
YHR047C,YML056C,0,1.2814193,0.14567293226718903,0.9366336464881897,0.5553553700447083
YGL062W,YOR187W,0,1.281203,0.14565050601959229,0.9366336464881897,0.5554554462432861
YNL079C,YMR246W,0,1.2782931,0.14562807977199554,0.9366336464881897,0.5555555820465088
YGR288W,YBR170C,0,1.278003,0.14560566842556,0.9366336464881897,0.5556556582450867
YBR275C,YNL178W,0,1.2762089,0.14558325707912445,0.9366336464881897,0.5557557344436646
YDR512C,YHR156C,0,1.275442,0.1455608606338501,0.9366336464881897,0.5558558702468872
YMR117C,YEL037C,0,1.2748547,0.14553846418857574,0.9366336464881897,0.5559559464454651
YBR260C,YNR072W,0,1.273673,0.1455160677433014,0.9366336464881897,0.5560560822486877
YHR082C,YBR061C,0,1.2729876,0.14549370110034943,0.9366336464881897,0.5561561584472656
YPR198W,YDR369C,0,1.2728316,0.14547131955623627,0.9366336464881897,0.5562562346458435
YKR036C,YLR410W-A,0,1.27212,0.1454489529132843,0.9366336464881897,0.5563563704490662
YER049W,YPR030W,0,1.2680955,0.14542660117149353,0.9366336464881897,0.556456446647644
YPR189W,YJL191W,0,1.2671833,0.14540424942970276,0.9366336464881897,0.5565565824508667
YLR024C,YOL010W,1,1.2666199,0.14553557336330414,0.9376237392425537,0.5565565824508667
YKR019C,YFL013C,0,1.2661313,0.14551322162151337,0.9376237392425537,0.5566566586494446
YPL113C,YDR461W,0,1.2649826,0.1454908549785614,0.9376237392425537,0.5567567348480225
YKL041W,YPL007C,0,1.264828,0.14546850323677063,0.9376237392425537,0.5568568706512451
YOR378W,YGR134W,0,1.2630826,0.14544616639614105,0.9376237392425537,0.556956946849823
YLR016C,YCL060C,0,1.2611644,0.14542382955551147,0.9376237392425537,0.5570570826530457
YMR321C,YOR089C,0,1.2596005,0.1454015076160431,0.9376237392425537,0.5571571588516235
YOL082W,YPR194C,0,1.2575954,0.1453791856765747,0.9376237392425537,0.5572572350502014
YGR161W-B,YDR173C,0,1.2545254,0.14535686373710632,0.9376237392425537,0.5573573708534241
YEL069C,YGL162W,0,1.2514377,0.14533455669879913,0.9376237392425537,0.557457447052002
YGL050W,YOR123C,0,1.2511579,0.14531226456165314,0.9376237392425537,0.5575575828552246
YDL227C,YBR287W,0,1.2504988,0.14528997242450714,0.9376237392425537,0.5576576590538025
YLR208W,YMR203W,0,1.246742,0.14526768028736115,0.9376237392425537,0.5577577352523804
YDR322C-A,YAL054C,1,1.2463412,0.14539876580238342,0.9386138319969177,0.5577577352523804
YDR304C,YKR044W,0,1.2458007,0.14537647366523743,0.9386138319969177,0.557857871055603
YDR082W,YNL085W,0,1.2457043,0.14535418152809143,0.9386138319969177,0.5579579472541809
YDR170C,YNL258C,0,1.2438136,0.14533190429210663,0.9386138319969177,0.5580580830574036
YGL019W,YNL219C,0,1.2436026,0.14530962705612183,0.9386138319969177,0.5581581592559814
YMR146C,YCL008C,0,1.2433175,0.14528734982013702,0.9386138319969177,0.5582582354545593
YGR077C,YOR038C,0,1.2431806,0.14526508748531342,0.9386138319969177,0.558358371257782
YNL095C,YEL036C,0,1.2430366,0.145242840051651,0.9386138319969177,0.5584584474563599
YNL052W,YMR213W,0,1.2426186,0.1452205926179886,0.9386138319969177,0.5585585832595825
YNL284C-A,YPL129W,0,1.242163,0.14519834518432617,0.9386138319969177,0.5586586594581604
YGR225W,YGL256W,0,1.2419064,0.14517611265182495,0.9386138319969177,0.5587587356567383
YIL139C,YOR008C,0,1.2414318,0.14515388011932373,0.9386138319969177,0.5588588714599609
YDR076W,YPL027W,0,1.2408892,0.1451316624879837,0.9386138319969177,0.5589589476585388
YJR031C,YPR160W,0,1.2406996,0.14510944485664368,0.9386138319969177,0.5590590834617615
YMR117C,YDR444W,0,1.2366736,0.14508724212646484,0.9386138319969177,0.5591591596603394
YKL064W,YKL094W,0,1.2356422,0.145065039396286,0.9386138319969177,0.5592592358589172
YNL261W,YIR005W,0,1.234326,0.14504283666610718,0.9386138319969177,0.5593593716621399
YKL182W,YJR053W,0,1.233253,0.14502064883708954,0.9386138319969177,0.5594594478607178
YMR049C,YGL094C,0,1.2324672,0.1449984759092331,0.9386138319969177,0.5595595836639404
YER175C,YBR075W,0,1.232392,0.14497630298137665,0.9386138319969177,0.5596596598625183
YDL045W-A,YGR112W,0,1.2312171,0.1449541300535202,0.9386138319969177,0.5597597360610962
YDL202W,YML097C,0,1.2263203,0.14493197202682495,0.9386138319969177,0.5598598718643188
YOL045W,YPL259C,0,1.2262226,0.1449098140001297,0.9386138319969177,0.5599599480628967
YEL052W,YMR137C,0,1.2243025,0.14488767087459564,0.9386138319969177,0.5600600838661194
YPR137C-A,YGL068W,0,1.2240154,0.14486552774906158,0.9386138319969177,0.5601601600646973
YOR343W-B,YKL161C,0,1.2230461,0.14484338462352753,0.9386138319969177,0.5602602362632751
YEL053C,YPL104W,0,1.2220666,0.14482127130031586,0.9386138319969177,0.5603603720664978
YOR287C,YLR330W,0,1.2218534,0.144799143075943,0.9386138319969177,0.5604604482650757
YLL041C,YJR032W,0,1.2216974,0.14477702975273132,0.9386138319969177,0.5605605840682983
YGR216C,YLR219W,0,1.2209028,0.14475493133068085,0.9386138319969177,0.5606606602668762
YPL131W,YLR321C,0,1.2206385,0.14473281800746918,0.9386138319969177,0.5607607364654541
YPR171W,YBR173C,0,1.219515,0.1447107344865799,0.9386138319969177,0.5608608722686768
YJR057W,YIL133C,0,1.218394,0.1446886509656906,0.9386138319969177,0.5609609484672546
YDR306C,YMR176W,0,1.2182221,0.14466656744480133,0.9386138319969177,0.5610610842704773
YJL114W,YER103W,0,1.2179906,0.14464449882507324,0.9386138319969177,0.5611611604690552
YDL035C,YNL175C,0,1.2170649,0.14462243020534515,0.9386138319969177,0.5612612366676331
YOL112W,YOL093W,0,1.2165815,0.14460036158561707,0.9386138319969177,0.5613613724708557
YOL010W,YJL140W,0,1.2164509,0.14457830786705017,0.9386138319969177,0.5614614486694336
YGR244C,YKL210W,1,1.2157438,0.1447087526321411,0.9396039843559265,0.5614614486694336
YNR017W,YLR344W,0,1.2150146,0.14468668401241302,0.9396039843559265,0.5615615844726562
YOR241W,YOL010W,1,1.2133415,0.1448170691728592,0.9405940771102905,0.5615615844726562
YDR472W,YIR039C,0,1.2113804,0.1447950005531311,0.9405940771102905,0.5616616606712341
YNL236W,YHL027W,0,1.2107149,0.14477293193340302,0.9405940771102905,0.561761736869812
YOR292C,YDR472W,0,1.2105968,0.14475087821483612,0.9405940771102905,0.5618618726730347
YNL284C,YAL039C,0,1.209265,0.14472882449626923,0.9405940771102905,0.5619619488716125
YDL074C,YBL052C,0,1.2091478,0.14470678567886353,0.9405940771102905,0.5620620846748352
YOL090W,YJL085W,0,1.2077217,0.14468474686145782,0.9405940771102905,0.5621621608734131
YNL080C,YCL034W,0,1.2074578,0.14466270804405212,0.9405940771102905,0.562262237071991
YPR158C-C,YDR499W,0,1.203531,0.14464068412780762,0.9405940771102905,0.5623623728752136
YGR109W-B,YOR123C,0,1.2035112,0.1446186602115631,0.9405940771102905,0.5624624490737915
YOR176W,YGR113W,0,1.2022623,0.1445966511964798,0.9405940771102905,0.5625625848770142
YER162C,YGR143W,0,1.2015673,0.14457464218139648,0.9405940771102905,0.562662661075592
YAL033W,YBR042C,0,1.2002852,0.14455264806747437,0.9405940771102905,0.5627627372741699
YPL127C,YHR209W,0,1.200144,0.14453065395355225,0.9405940771102905,0.5628628730773926
YDR067C,YPL257W-B,0,1.1962048,0.14450867474079132,0.9405940771102905,0.5629629492759705
YBR260C,YGR216C,0,1.195812,0.1444866955280304,0.9405940771102905,0.5630630850791931
YIL132C,YPR160W,0,1.1921074,0.14446471631526947,0.9405940771102905,0.563163161277771
YAL063C,YBR275C,0,1.1899936,0.14444275200366974,0.9405940771102905,0.5632632374763489
YJL006C,YOR313C,0,1.1888969,0.1444208025932312,0.9405940771102905,0.5633633732795715
YER137C-A,YGR072W,0,1.1884131,0.14439883828163147,0.9405940771102905,0.5634634494781494
YPR137C-A,YFR036W,0,1.1875708,0.14437690377235413,0.9405940771102905,0.5635635852813721
YBL113C,YPR163C,0,1.1871958,0.1443549543619156,0.9405940771102905,0.56366366147995
YBL028C,YGR185C,0,1.1847703,0.14433303475379944,0.9405940771102905,0.5637637376785278
YIL143C,YOR142W-B,0,1.183112,0.1443111002445221,0.9405940771102905,0.5638638734817505
YIL017W,YOR340C,0,1.1820321,0.14428918063640594,0.9405940771102905,0.5639639496803284
YLR219W,YMR075W,0,1.1812125,0.144267275929451,0.9405940771102905,0.564064085483551
YDR210C-C,YFL014W,0,1.1804502,0.14424537122249603,0.9405940771102905,0.5641641616821289
YDR030C,YIR011C,0,1.1751629,0.14422346651554108,0.9405940771102905,0.5642642378807068
YGR177C,YJL192C,0,1.1742849,0.14420157670974731,0.9405940771102905,0.5643643736839294
YJR004C,YDL022W,0,1.1738651,0.14417968690395355,0.9405940771102905,0.5644644498825073
YLR228C,YAR031W,0,1.1732717,0.14415781199932098,0.9405940771102905,0.56456458568573
YML112W,YDL179W,0,1.1694058,0.14413593709468842,0.9405940771102905,0.5646646618843079
YDL133C-A,YDR245W,0,1.1693472,0.14411407709121704,0.9405940771102905,0.5647647380828857
YJR057W,YOR226C,0,1.1686513,0.14409221708774567,0.9405940771102905,0.5648648738861084
YOR388C,YAL039C,0,1.168497,0.14407037198543549,0.9405940771102905,0.5649649500846863
YER125W,YIL083C,1,1.1667154,0.1442001461982727,0.9415841698646545,0.5649649500846863
YBR002C,YFR052W,0,1.16499,0.14417828619480133,0.9415841698646545,0.5650650858879089
YOR222W,YCR055C,0,1.1641014,0.14415644109249115,0.9415841698646545,0.5651651620864868
YNL079C,YOL040C,0,1.1629063,0.14413458108901978,0.9415841698646545,0.5652652382850647
YKR069W,YNL290W,0,1.1611663,0.1441127508878708,0.9415841698646545,0.5653653740882874
YGR169C,YMR308C,0,1.1589282,0.1440909057855606,0.9415841698646545,0.5654654502868652
YOL045W,YPR043W,0,1.1582818,0.14406907558441162,0.9415841698646545,0.5655655860900879
YKR068C,YGL019W,0,1.1569428,0.14404726028442383,0.9415841698646545,0.5656656622886658
YDL039C,YOR294W,0,1.1558175,0.14402544498443604,0.9415841698646545,0.5657657384872437
YLR043C,YBR072W,0,1.1544517,0.14400362968444824,0.9415841698646545,0.5658658742904663
YBR271W,YMR300C,0,1.1535547,0.14398182928562164,0.9415841698646545,0.5659659504890442
YGR077C,YMR137C,0,1.1496506,0.14396002888679504,0.9415841698646545,0.5660660862922668
YCL004W,YDR416W,0,1.148963,0.14393824338912964,0.9415841698646545,0.5661661624908447
YKL009W,YGR036C,0,1.1466209,0.14391645789146423,0.9415841698646545,0.5662662386894226
YGR252W,YJL155C,0,1.1455493,0.14389468729496002,0.9415841698646545,0.5663663744926453
YCL074W,YGR056W,0,1.1454116,0.1438729166984558,0.9415841698646545,0.5664664506912231
YMR315W,YLR350W,0,1.1430833,0.1438511610031128,0.9415841698646545,0.5665665864944458
YIL135C,YJL071W,0,1.1414258,0.14382940530776978,0.9415841698646545,0.5666666626930237
YLR105C,YDR026C,0,1.1407001,0.14380764961242676,0.9415841698646545,0.5667667388916016
YLR043C,YHR174W,0,1.1406283,0.14378590881824493,0.9415841698646545,0.5668668746948242
YBR275C,YIL046W,0,1.1378618,0.1437641680240631,0.9415841698646545,0.5669669508934021
YDR451C,YNL335W,0,1.1378113,0.14374244213104248,0.9415841698646545,0.5670670866966248
YGR185C,YML056C,0,1.1357241,0.14372071623802185,0.9415841698646545,0.5671671628952026
YJR138W,YDL246C,0,1.1356013,0.14369900524616241,0.9415841698646545,0.5672672390937805
YGR268C,YKR102W,0,1.1331486,0.14367729425430298,0.9415841698646545,0.5673673748970032
YOL103W-B,YDL097C,0,1.1330719,0.14365558326244354,0.9415841698646545,0.567467451095581
YHR209W,YOR261C,0,1.1327589,0.1436338871717453,0.9415841698646545,0.5675675868988037
YLR353W,YEL070W,0,1.1323965,0.14361220598220825,0.9415841698646545,0.5676676630973816
YOL093W,YFL017W-A,0,1.1322101,0.1435905247926712,0.9415841698646545,0.5677677392959595
YLL041C,YKL171W,0,1.1321944,0.14356884360313416,0.9415841698646545,0.5678678750991821
YGR246C,YKR026C,0,1.131638,0.1435471624135971,0.9415841698646545,0.56796795129776
YFL002W-B,YMR078C,0,1.1300297,0.14352551102638245,0.9415841698646545,0.5680680871009827
YPL002C,YIL048W,0,1.1299132,0.1435038447380066,0.9415841698646545,0.5681681632995605
YDL206W,YLR160C,0,1.129897,0.14348219335079193,0.9415841698646545,0.5682682394981384
YNL283C,YBR075W,0,1.1290953,0.14346055686473846,0.9415841698646545,0.5683683753013611
YDR457W,YMR159C,0,1.1288515,0.143438920378685,0.9415841698646545,0.568468451499939
YGR271W,YBR173C,0,1.1260669,0.14341728389263153,0.9415841698646545,0.5685685873031616
YGR288W,YPL150W,0,1.1255964,0.14339566230773926,0.9415841698646545,0.5686686635017395
YNL284C-A,YIL083C,0,1.1237056,0.14337404072284698,0.9415841698646545,0.5687687397003174
YFL022C,YPL234C,1,1.1236647,0.14350315928459167,0.9425742626190186,0.5687687397003174
YJL060W,YOR038C,0,1.1222548,0.1434815376996994,0.9425742626190186,0.56886887550354
YIL143C,YHR109W,0,1.1189876,0.14345991611480713,0.9425742626190186,0.5689689517021179
YLR390W,YNR002C,0,1.1160805,0.14343829452991486,0.9425742626190186,0.5690690875053406
YNR057C,YML081C-A,1,1.1155356,0.14356733858585358,0.9435643553733826,0.5690690875053406
YBR294W,YNL304W,0,1.11543,0.1435457170009613,0.9435643553733826,0.5691691637039185
YBR182C,YDL227C,0,1.1143066,0.14352409541606903,0.9435643553733826,0.5692692399024963
YKR019C,YCL032W,0,1.1134894,0.14350248873233795,0.9435643553733826,0.569369375705719
YDL059C,YKL189W,0,1.1118934,0.14348088204860687,0.9435643553733826,0.5694694519042969
YOL086C,YPL163C,0,1.1113939,0.1434592753648758,0.9435643553733826,0.5695695877075195
YJL066C,YOR279C,0,1.1109197,0.1434376835823059,0.9435643553733826,0.5696696639060974
YOL101C,YGL071W,0,1.1106807,0.14341610670089722,0.9435643553733826,0.5697697401046753
YJR101W,YHR168W,0,1.1074585,0.14339452981948853,0.9435643553733826,0.569869875907898
YBR282W,YER130C,0,1.1063507,0.14337295293807983,0.9435643553733826,0.5699699521064758
YKL200C,YKR008W,0,1.1062096,0.14335139095783234,0.9435643553733826,0.5700700879096985
YMR160W,YOR098C,0,1.1061612,0.14332982897758484,0.9435643553733826,0.5701701641082764
YOR304W,YML045W-A,0,1.1044357,0.14330826699733734,0.9435643553733826,0.570270299911499
YOR212W,YPL119C,0,1.1031116,0.14328671991825104,0.9435643553733826,0.5703703761100769
YLR270W,YJR133W,0,1.102462,0.14326518774032593,0.9435643553733826,0.5704704523086548
YLR160C,YDR260C,0,1.1005654,0.14324365556240082,0.9435643553733826,0.5705705881118774
YGL241W,YKL094W,0,1.1001345,0.1432221233844757,0.9435643553733826,0.5706706643104553
YIL088C,YPR138C,0,1.097604,0.1432006061077118,0.9435643553733826,0.570770800113678
YHL012W,YNL304W,0,1.0963681,0.14317908883094788,0.9435643553733826,0.5708708763122559
YLR208W,YNL230C,0,1.0962996,0.14315757155418396,0.9435643553733826,0.5709709525108337
YKL093W,YGR216C,0,1.0962359,0.14313608407974243,0.9435643553733826,0.5710710883140564
YOL066C,YJL029C,0,1.095582,0.1431145817041397,0.9435643553733826,0.5711711645126343
YDL107W,YNR006W,0,1.0945604,0.14309309422969818,0.9435643553733826,0.5712713003158569
YPR137C-A,YNR018W,0,1.092629,0.14307160675525665,0.9435643553733826,0.5713713765144348
YIL020C,YKL082C,0,1.0911028,0.14305013418197632,0.9435643553733826,0.5714714527130127
YHR211W,YNR010W,0,1.0902553,0.14302866160869598,0.9435643553733826,0.5715715885162354
YEL031W,YPR187W,0,1.0902262,0.14300720393657684,0.9435643553733826,0.5716716647148132
YGR161W-B,YLL061W,0,1.0901768,0.1429857462644577,0.9435643553733826,0.5717718005180359
YNL010W,YNL175C,0,1.0891517,0.14296430349349976,0.9435643553733826,0.5718718767166138
YGL112C,YGR070W,0,1.085943,0.14294284582138062,0.9435643553733826,0.5719719529151917
YPR080W,YDL045C,0,1.0825268,0.14292141795158386,0.9435643553733826,0.5720720887184143
YKR103W,YOR168W,0,1.0819429,0.1428999900817871,0.9435643553733826,0.5721721649169922
YJR006W,YOR230W,0,1.0813047,0.14287856221199036,0.9435643553733826,0.5722723007202148
YPR024W,YHR029C,0,1.079471,0.1428571492433548,0.9435643553733826,0.5723723769187927
YKR006C,YBL079W,0,1.0792154,0.14283573627471924,0.9435643553733826,0.5724724531173706
YDL022W,YEL056W,0,1.0778887,0.14281432330608368,0.9435643553733826,0.5725725889205933
YNL027W,YIL177C,0,1.0755004,0.14279292523860931,0.9435643553733826,0.5726726651191711
YLR314C,YDR211W,0,1.0754263,0.14277154207229614,0.9435643553733826,0.5727728009223938
YDR378C,YMR210W,0,1.0716,0.14275014400482178,0.9435643553733826,0.5728728771209717
YHR085W,YDL039C,0,1.0713863,0.1427287757396698,0.9435643553733826,0.5729729533195496
YGR175C,YDR151C,0,1.0712081,0.14270739257335663,0.9435643553733826,0.5730730891227722
YER101C,YKL094W,0,1.07116,0.14268602430820465,0.9435643553733826,0.5731731653213501
YBR002C,YER087C-B,0,1.069681,0.14266467094421387,0.9435643553733826,0.5732733011245728
YDR414C,YPL093W,0,1.0680239,0.14264331758022308,0.9435643553733826,0.5733733773231506
YCR080W,YIL035C,0,1.0679926,0.1426219642162323,0.9435643553733826,0.5734734535217285
YOR343W-B,YAL040C,0,1.0656852,0.1426006257534027,0.9435643553733826,0.5735735893249512
YOR324C,YER019C-A,0,1.064707,0.14257928729057312,0.9435643553733826,0.573673665523529
YJL087C,YAR015W,1,1.0631366,0.14270755648612976,0.9445544481277466,0.573673665523529
YDR242W,YPR035W,1,1.0624485,0.14283578097820282,0.9455445408821106,0.573673665523529
YMR172W,YNR035C,0,1.061837,0.14281441271305084,0.9455445408821106,0.5737738013267517
YFL001W,YBL068W,0,1.0605652,0.14279305934906006,0.9455445408821106,0.5738738775253296
YNR060W,YGL113W,0,1.0601082,0.14277172088623047,0.9455445408821106,0.5739739537239075
YER050C,YMR186W,0,1.0600855,0.14275036752223969,0.9455445408821106,0.5740740895271301
YOL045W,YOR204W,0,1.0589226,0.1427290439605713,0.9455445408821106,0.574174165725708
YMR013C,YNL267W,0,1.0558052,0.1427077054977417,0.9455445408821106,0.5742743015289307
YPL213W,YER185W,0,1.0555071,0.1426863819360733,0.9455445408821106,0.5743743777275085
YPL042C,YDR304C,0,1.0554626,0.1426650732755661,0.9455445408821106,0.5744744539260864
YER117W,YAR031W,0,1.0533981,0.1426437646150589,0.9455445408821106,0.5745745897293091
YER014C-A,YMR034C,0,1.0529311,0.1426224559545517,0.9455445408821106,0.574674665927887
YHR135C,YBR192W,0,1.0504142,0.1426011621952057,0.9455445408821106,0.5747748017311096
YPR149W,YNL052W,0,1.0468596,0.14257986843585968,0.9455445408821106,0.5748748779296875
YNL271C,YGL019W,0,1.0467674,0.14255858957767487,0.9455445408821106,0.5749749541282654
YAR002C-A,YDL077C,0,1.0441902,0.14253731071949005,0.9455445408821106,0.575075089931488
YAR002C-A,YJL191W,0,1.0423633,0.14251604676246643,0.9455445408821106,0.5751751661300659
YIL006W,YPL007C,0,1.0415987,0.1424947828054428,0.9455445408821106,0.5752753019332886
YPR196W,YIL108W,0,1.038813,0.1424735188484192,0.9455445408821106,0.5753753781318665
YOL102C,YDR207C,0,1.0356025,0.14245226979255676,0.9455445408821106,0.5754754543304443
YML058W-A,YBR026C,0,1.0354431,0.14243102073669434,0.9455445408821106,0.575575590133667
YLR105C,YPL093W,0,1.0353994,0.1424097865819931,0.9455445408821106,0.5756756663322449
YGR012W,YJL081C,0,1.0352572,0.14238855242729187,0.9455445408821106,0.5757758021354675
YIL006W,YNR018W,0,1.0344231,0.14236731827259064,0.9455445408821106,0.5758758783340454
YER087C-B,YFL023W,0,1.0340384,0.1423460990190506,0.9455445408821106,0.5759759545326233
YPL139C,YIL079C,0,1.0335569,0.14232489466667175,0.9455445408821106,0.576076090335846
YBL112C,YOR089C,0,1.0317072,0.1423036754131317,0.9455445408821106,0.5761761665344238
YDL111C,YNL230C,0,1.0296844,0.14228248596191406,0.9455445408821106,0.5762763023376465
YER098W,YIL159W,0,1.0290818,0.14226128160953522,0.9455445408821106,0.5763763785362244
YHR030C,YGR105W,0,1.0290635,0.14224009215831757,0.9455445408821106,0.5764764547348022
YHL034C,YBL089W,0,1.027917,0.1422189176082611,0.9455445408821106,0.5765765905380249
YNL258C,YPL208W,0,1.0264845,0.14219774305820465,0.9455445408821106,0.5766766667366028
YGR225W,YGL026C,0,1.0261943,0.1421765685081482,0.9455445408821106,0.5767768025398254
YJL053W,YNL307C,0,1.0261303,0.14215540885925293,0.9455445408821106,0.5768768787384033
YJL005W,YKL096W-A,0,1.025774,0.14213424921035767,0.9455445408821106,0.5769769549369812
YLR191W,YOL093W,0,1.0246289,0.1421130895614624,0.9455445408821106,0.5770770907402039
YFL014W,YLR227W-B,0,1.0239067,0.14209194481372833,0.9455445408821106,0.5771771669387817
YDR207C,YLR348C,0,1.021566,0.14207081496715546,0.9455445408821106,0.5772773027420044
YMR054W,YAR031W,0,1.0205069,0.14204968512058258,0.9455445408821106,0.5773773789405823
YLR305C,YGR252W,0,1.0158235,0.1420285552740097,0.9455445408821106,0.5774774551391602
YDR090C,YDL142C,0,1.0144125,0.14200744032859802,0.9455445408821106,0.5775775909423828
YGL256W,YKL097W-A,0,1.0143952,0.14198632538318634,0.9455445408821106,0.5776776671409607
YDL246C,YLR256W-A,0,1.0140833,0.14196521043777466,0.9455445408821106,0.5777778029441833
YPR035W,YGL141W,1,1.0130688,0.1420927494764328,0.9465346336364746,0.5777778029441833
YLR107W,YOR099W,0,1.0129647,0.14207163453102112,0.9465346336364746,0.5778778791427612
YAR002C-A,YMR038C,0,1.0104123,0.14205051958560944,0.9465346336364746,0.5779779553413391
YDR405W,YFL002W-B,0,1.0092824,0.14202941954135895,0.9465346336364746,0.5780780911445618
YGL010W,YPL078C,0,1.0075251,0.14200831949710846,0.9465346336364746,0.5781781673431396
YJL112W,YKL200C,0,1.0062863,0.14198723435401917,0.9465346336364746,0.5782783031463623
YDL061C,YNL298W,0,1.0053463,0.14196614921092987,0.9465346336364746,0.5783783793449402
YPL096W,YBR281C,0,1.0011468,0.14194506406784058,0.9465346336364746,0.5784784555435181
YOL145C,YMR160W,0,0.9988765,0.14192399382591248,0.9465346336364746,0.5785785913467407
YGL200C,YER046W,0,0.9973533,0.14190292358398438,0.9465346336364746,0.5786786675453186
YFL035C,YIL047C,0,0.9971551,0.14188186824321747,0.9465346336364746,0.5787788033485413
YCR014C,YDR076W,0,0.9965093,0.14186081290245056,0.9465346336364746,0.5788788795471191
YIL128W,YHR008C,0,0.9962282,0.14183975756168365,0.9465346336364746,0.578978955745697
YER013W,YPL007C,0,0.9956089,0.14181871712207794,0.9465346336364746,0.5790790915489197
YMR112C,YGL216W,0,0.99485993,0.14179769158363342,0.9465346336364746,0.5791791677474976
YPL139C,YMR087W,0,0.99457467,0.1417766511440277,0.9465346336364746,0.5792793035507202
YJL085W,YER046W,0,0.99440205,0.14175564050674438,0.9465346336364746,0.5793793797492981
YAR031W,YKR026C,0,0.9932073,0.14173461496829987,0.9465346336364746,0.579479455947876
YOR085W,YER002W,0,0.9915158,0.14171360433101654,0.9465346336364746,0.5795795917510986
YNL102W,YJL103C,0,0.9914541,0.1416926085948944,0.9465346336364746,0.5796796679496765
YKL067W,YMR300C,0,0.9907297,0.14167161285877228,0.9465346336364746,0.5797798037528992
YOL165C,YER130C,0,0.9906929,0.14165061712265015,0.9465346336364746,0.579879879951477
YJL194W,YDR444W,0,0.9848858,0.1416296362876892,0.9465346336364746,0.5799799561500549
YFR031C,YLR404W,0,0.9809278,0.14160865545272827,0.9465346336364746,0.5800800919532776
YJL024C,YKL144C,0,0.98076916,0.14158767461776733,0.9465346336364746,0.5801801681518555
YKL200C,YGL169W,0,0.97972596,0.1415667086839676,0.9465346336364746,0.5802803039550781
YKL119C,YOR142W-A,0,0.979054,0.14154575765132904,0.9465346336364746,0.580380380153656
YNL127W,YCL036W,0,0.9789173,0.1415247917175293,0.9465346336364746,0.5804804563522339
YLR353W,YLL061W,0,0.9783795,0.14150385558605194,0.9465346336364746,0.5805805921554565
YLR306W,YEL019C,1,0.97811365,0.14163090288639069,0.9475247263908386,0.5805805921554565
YCR060W,YBR155W,0,0.9760051,0.14160993695259094,0.9475247263908386,0.5806806683540344
YFR013W,YGR089W,0,0.9751388,0.1415889859199524,0.9475247263908386,0.5807808041572571
YLR020C,YER017C,0,0.9749541,0.14156804978847504,0.9475247263908386,0.580880880355835
YOR142W-A,YLL055W,0,0.97453505,0.14154711365699768,0.9475247263908386,0.5809809565544128
YJL029C,YCL060C,0,0.97359985,0.14152617752552032,0.9475247263908386,0.5810810923576355
YOR311C,YGL051W,0,0.97356886,0.14150525629520416,0.9475247263908386,0.5811811685562134
YMR097C,YBL089W,0,0.9731386,0.141484335064888,0.9475247263908386,0.581281304359436
YBR247C,YDR451C,0,0.9727311,0.14146341383457184,0.9475247263908386,0.5813813805580139
YKR103W,YDR496C,0,0.9695091,0.14144250750541687,0.9475247263908386,0.5814814567565918
YDR453C,YNL117W,0,0.9681545,0.1414216011762619,0.9475247263908386,0.5815815925598145
YHR041C,YCL025C,0,0.9679927,0.14140070974826813,0.9475247263908386,0.5816816687583923
YOL010W,YNR072W,0,0.9669047,0.14137981832027435,0.9475247263908386,0.581781804561615
YOR142W-B,YNL138W,0,0.9637788,0.14135894179344177,0.9475247263908386,0.5818818807601929
YDR411C,YNL274C,0,0.9635587,0.1413380652666092,0.9475247263908386,0.5819819569587708
YOR297C,YMR321C,0,0.9633394,0.1413171887397766,0.9475247263908386,0.5820820927619934
YPR072W,YHL034C,0,0.9628141,0.14129632711410522,0.9475247263908386,0.5821821689605713
YJR130C,YJL128C,0,0.9604228,0.14127546548843384,0.9475247263908386,0.582282304763794
YPR171W,YBL079W,0,0.9592383,0.14125461876392365,0.9475247263908386,0.5823823809623718
YDL245C,YPL096W,0,0.9590471,0.14123377203941345,0.9475247263908386,0.5824824571609497
YJR119C,YAL063C,0,0.95844024,0.14121292531490326,0.9475247263908386,0.5825825929641724
YGL170C,YNL297C,0,0.9582455,0.14119209349155426,0.9475247263908386,0.5826826691627502
YOR355W,YJL149W,0,0.95791376,0.14117126166820526,0.9475247263908386,0.5827828049659729
YOR147W,YHR119W,0,0.9555374,0.14115044474601746,0.9475247263908386,0.5828828811645508
YLR165C,YAL038W,0,0.9544642,0.14112962782382965,0.9475247263908386,0.5829829573631287
YKL020C,YJL053W,0,0.9544327,0.14110881090164185,0.9475247263908386,0.5830830931663513
YIL142W,YJL225C,0,0.95241743,0.14108800888061523,0.9475247263908386,0.5831831693649292
YER175C,YGR271W,0,0.9500018,0.14106722176074982,0.9475247263908386,0.5832833051681519
YLR270W,YJR034W,0,0.9481223,0.1410464197397232,0.9475247263908386,0.5833833813667297
YER137C-A,YPL208W,0,0.94756603,0.14102564752101898,0.9475247263908386,0.5834834575653076
YOR038C,YER130C,0,0.94714284,0.14100486040115356,0.9475247263908386,0.5835835933685303
YKL161C,YNR013C,0,0.9470868,0.14098408818244934,0.9475247263908386,0.5836836695671082
YDR059C,YOR025W,0,0.9464775,0.14096331596374512,0.9475247263908386,0.5837838053703308
YKL038W,YMR238W,0,0.9458346,0.1409425586462021,0.9475247263908386,0.5838838815689087
YPR002W,YFL023W,0,0.9444194,0.14092180132865906,0.9475247263908386,0.5839839577674866
YKL097W-A,YPL087W,0,0.94433236,0.14090105891227722,0.9475247263908386,0.5840840935707092
YGL200C,YML128C,0,0.9442332,0.14088031649589539,0.9475247263908386,0.5841841697692871
YPL252C,YER171W,0,0.94277674,0.14085958898067474,0.9475247263908386,0.5842843055725098
YOR261C,YDR195W,0,0.9423104,0.1408388465642929,0.9475247263908386,0.5843843817710876
YMR025W,YJL192C,0,0.93773276,0.14081813395023346,0.9475247263908386,0.5844844579696655
YLL003W,YGR171C,0,0.93746865,0.14079740643501282,0.9475247263908386,0.5845845937728882
YDR034C,YPR198W,0,0.9371766,0.14077669382095337,0.9475247263908386,0.5846846699714661
YOL038W,YNL284C-A,0,0.93667436,0.14075599610805511,0.9475247263908386,0.5847848057746887
YOR084W,YMR075W,0,0.9355882,0.14073529839515686,0.9475247263908386,0.5848848819732666
YJR040W,YPR119W,0,0.9343899,0.1407146006822586,0.9475247263908386,0.5849849581718445
YMR077C,YHR005C-A,0,0.93301195,0.14069391787052155,0.9475247263908386,0.5850850939750671
YNL107W,YNL258C,0,0.9328901,0.14067323505878448,0.9475247263908386,0.585185170173645
YLL041C,YDL070W,0,0.9328529,0.14065255224704742,0.9475247263908386,0.5852853059768677
YJR119C,YKL201C,0,0.9325923,0.14063188433647156,0.9475247263908386,0.5853853821754456
YKR054C,YLL033W,0,0.93183184,0.14061123132705688,0.9475247263908386,0.5854854583740234
YJR127C,YLR103C,0,0.92290556,0.14059056341648102,0.9475247263908386,0.5855855941772461
YKR044W,YNL078W,0,0.9227292,0.14056991040706635,0.9475247263908386,0.585685670375824
YMR089C,YLR028C,0,0.9225353,0.14054927229881287,0.9475247263908386,0.5857858061790466
YGL241W,YFL021W,0,0.9207521,0.1405286341905594,0.9475247263908386,0.5858858823776245
YOL103W-B,YKL171W,0,0.920454,0.1405079960823059,0.9475247263908386,0.5859859585762024
YBR006W,YLR020C,0,0.9194286,0.14048737287521362,0.9475247263908386,0.586086094379425
YGR056W,YCR012W,0,0.9191325,0.14046674966812134,0.9475247263908386,0.5861861705780029
YIR025W,YKL061W,0,0.9184101,0.14044614136219025,0.9475247263908386,0.5862863063812256
YKR055W,YDL047W,0,0.9180718,0.14042553305625916,0.9475247263908386,0.5863863825798035
YDR411C,YOR008C,0,0.9159316,0.14040492475032806,0.9475247263908386,0.5864864587783813
YDL029W,YJL095W,0,0.91564614,0.14038433134555817,0.9475247263908386,0.586586594581604
YLL029W,YNL223W,0,0.91519636,0.14036373794078827,0.9475247263908386,0.5866866707801819
YPL150W,YMR143W,0,0.9150331,0.14034315943717957,0.9475247263908386,0.5867868065834045
YGR225W,YKL161C,0,0.91257656,0.14032258093357086,0.9475247263908386,0.5868868827819824
YJL187C,YDR174W,0,0.91149706,0.14030200242996216,0.9475247263908386,0.5869869589805603
YKL103C,YJR057W,0,0.9100559,0.14028143882751465,0.9475247263908386,0.587087094783783
YLL003W,YEL056W,0,0.9097049,0.14026087522506714,0.9475247263908386,0.5871871709823608
YDL107W,YNR060W,0,0.9096068,0.14024032652378082,0.9475247263908386,0.5872873067855835
YCL008C,YBR129C,0,0.9092771,0.1402197778224945,0.9475247263908386,0.5873873829841614
YDR210C-C,YGL004C,0,0.90922403,0.14019924402236938,0.9475247263908386,0.5874874591827393
YOL145C,YKL180W,0,0.9077031,0.14017869532108307,0.9475247263908386,0.5875875949859619
YJR004C,YOR099W,0,0.90561795,0.14015817642211914,0.9475247263908386,0.5876876711845398
YML036W,YHR039C-A,0,0.90183663,0.14013764262199402,0.9475247263908386,0.5877878069877625
YGL203C,YDR281C,0,0.9013683,0.1401171237230301,0.9475247263908386,0.5878878831863403
YOL111C,YNL259C,0,0.9005901,0.14009661972522736,0.9475247263908386,0.5879879593849182
YEL052W,YKL210W,0,0.8990996,0.14007611572742462,0.9475247263908386,0.5880880951881409
YJL187C,YNL026W,0,0.8983928,0.1400556117296219,0.9475247263908386,0.5881881713867188
YLR029C,YDR496C,0,0.89454484,0.14003512263298035,0.9475247263908386,0.5882883071899414
YGL060W,YHR057C,0,0.8894802,0.1400146335363388,0.9475247263908386,0.5883883833885193
YIL030C,YOR303W,1,0.8890783,0.14014042913913727,0.9485148787498474,0.5883883833885193
YLR160C,YDR262W,0,0.88797987,0.14011994004249573,0.9485148787498474,0.5884884595870972
YOL155C,YPL274W,0,0.8876277,0.1400994509458542,0.9485148787498474,0.5885885953903198
YMR054W,YJL144W,0,0.88758636,0.14007896184921265,0.9485148787498474,0.5886886715888977
YHR214C-B,YFL038C,0,0.8869387,0.1400584727525711,0.9485148787498474,0.5887888073921204
YJL149W,YER115C,0,0.8858567,0.14003801345825195,0.9485148787498474,0.5888888835906982
YGR169C,YER130C,0,0.8835093,0.1400175392627716,0.9485148787498474,0.5889889597892761
YCL036W,YMR304W,0,0.88331795,0.13999707996845245,0.9485148787498474,0.5890890955924988
YJR028W,YOL052C,0,0.881861,0.1399766206741333,0.9485148787498474,0.5891891717910767
YGR238C,YMR136W,0,0.88153696,0.13995617628097534,0.9485148787498474,0.5892893075942993
YBR275C,YMR032W,0,0.88142085,0.13993573188781738,0.9485148787498474,0.5893893837928772
YKL165C,YKR069W,0,0.8795941,0.13991528749465942,0.9485148787498474,0.5894894599914551
YGL256W,YIL042C,0,0.8795569,0.13989485800266266,0.9485148787498474,0.5895895957946777
YGL172W,YHR209W,0,0.87751114,0.1398744285106659,0.9485148787498474,0.5896896719932556
YAL016W,YAR031W,0,0.877233,0.13985401391983032,0.9485148787498474,0.5897898077964783
YDR378C,YDR170C,0,0.8769273,0.13983359932899475,0.9485148787498474,0.5898898839950562
YLR389C,YNL092W,0,0.8765365,0.13981319963932037,0.9485148787498474,0.589989960193634
YML071C,YDR423C,0,0.87627727,0.1397927850484848,0.9485148787498474,0.5900900959968567
YMR203W,YIL017W,0,0.87621266,0.13977240025997162,0.9485148787498474,0.5901901721954346
YBR059C,YGR112W,0,0.8757975,0.13975200057029724,0.9485148787498474,0.5902903079986572
YOR020C,YDR109C,0,0.8755933,0.13973161578178406,0.9485148787498474,0.5903903841972351
YDR410C,YLL017W,0,0.8752218,0.13971124589443207,0.9485148787498474,0.5904905200004578
YBR075W,YOR219C,0,0.8743018,0.13969087600708008,0.9485148787498474,0.5905905961990356
YNR035C,YDR109C,0,0.8706777,0.1396705061197281,0.9485148787498474,0.5906906723976135
YOL112W,YMR115W,0,0.86848116,0.1396501511335373,0.9485148787498474,0.5907908082008362
YDR419W,YDL028C,0,0.86722845,0.1396297961473465,0.9485148787498474,0.5908908843994141
YLR187W,YMR160W,0,0.86498773,0.1396094411611557,0.9485148787498474,0.5909910202026367
YMR093W,YGR020C,0,0.8643517,0.1395891010761261,0.9485148787498474,0.5910910964012146
YOL052C,YDR260C,0,0.8642558,0.1395687609910965,0.9485148787498474,0.5911911725997925
YOL165C,YPR035W,0,0.8638311,0.1395484358072281,0.9485148787498474,0.5912913084030151
YNL085W,YEL037C,0,0.86226577,0.13952811062335968,0.9485148787498474,0.591391384601593
YDL029W,YGL037C,0,0.86223984,0.13950778543949127,0.9485148787498474,0.5914915204048157
YJR005W,YAL031C,0,0.8619749,0.13948747515678406,0.9485148787498474,0.5915915966033936
YHR175W,YNR006W,0,0.8613518,0.13946716487407684,0.9485148787498474,0.5916916728019714
YDR364C,YDL045C,0,0.85871863,0.13944686949253082,0.9485148787498474,0.5917918086051941
YJR070C,YBL092W,0,0.8575592,0.1394265741109848,0.9485148787498474,0.591891884803772
YKL161C,YPR152C,0,0.8573489,0.13940629363059998,0.9485148787498474,0.5919920206069946
YGL083W,YKL144C,0,0.85702956,0.13938599824905396,0.9485148787498474,0.5920920968055725
YPL002C,YBR031W,0,0.85648054,0.13936573266983032,0.9485148787498474,0.5921921730041504
YOR126C,YJL117W,0,0.8553362,0.1393454521894455,0.9485148787498474,0.592292308807373
YPR196W,YNR057C,0,0.8550912,0.13932518661022186,0.9485148787498474,0.5923923850059509
YPR135W,YBR031W,0,0.8548915,0.13930493593215942,0.9485148787498474,0.5924925208091736
YFR021W,YDR207C,0,0.8538114,0.1392846703529358,0.9485148787498474,0.5925925970077515
YNR067C,YNL239W,0,0.85306764,0.13926443457603455,0.9485148787498474,0.5926926732063293
YNL232W,YDR131C,0,0.8529053,0.1392441838979721,0.9485148787498474,0.592792809009552
YBR276C,YDL097C,0,0.851486,0.13922394812107086,0.9485148787498474,0.5928928852081299
YOL090W,YNL298W,0,0.85010827,0.1392037272453308,0.9485148787498474,0.5929930210113525
YIL061C,YKL061W,0,0.8494667,0.13918349146842957,0.9485148787498474,0.5930930972099304
YCR060W,YGL190C,0,0.8484925,0.13916327059268951,0.9485148787498474,0.5931931734085083
YBL005W-B,YKR028W,0,0.84641457,0.13914306461811066,0.9485148787498474,0.593293309211731
YOL129W,YIL095W,0,0.84486485,0.1391228586435318,0.9485148787498474,0.5933933854103088
YNR044W,YMR159C,0,0.8447943,0.13910265266895294,0.9485148787498474,0.5934935212135315
YNL223W,YER087W,0,0.8426826,0.13908246159553528,0.9485148787498474,0.5935935974121094
YLR129W,YNL309W,0,0.84005,0.13906227052211761,0.9485148787498474,0.5936936736106873
YDR419W,YKL161C,0,0.8390571,0.13904209434986115,0.9485148787498474,0.5937938094139099
YLR359W,YKL097W-A,0,0.8386815,0.13902191817760468,0.9485148787498474,0.5938938856124878
YPL163C,YIL177C,0,0.83802134,0.1390017420053482,0.9485148787498474,0.5939940214157104
YEL030W,YDR404C,0,0.83545953,0.13898158073425293,0.9485148787498474,0.5940940976142883
YPL098C,YBR141C,0,0.83486116,0.13896141946315765,0.9485148787498474,0.5941941738128662
YIL006W,YIL017W,0,0.8334662,0.13894125819206238,0.9485148787498474,0.5942943096160889
YGL212W,YOR353C,0,0.8331867,0.1389211118221283,0.9485148787498474,0.5943943858146667
YNL102W,YGR089W,0,0.83283484,0.1389009654521942,0.9485148787498474,0.5944945216178894
YGR036C,YGL220W,0,0.8295506,0.13888083398342133,0.9485148787498474,0.5945945978164673
YIL009W,YDR457W,1,0.82920814,0.139005646109581,0.9495049715042114,0.5945945978164673
YLR300W,YJR040W,0,0.8274509,0.1389855146408081,0.9495049715042114,0.5946946740150452
YOR291W,YCL057W,0,0.82662475,0.13896536827087402,0.9495049715042114,0.5947948098182678
YGR179C,YDR337W,0,0.8255136,0.13894523680210114,0.9495049715042114,0.5948948860168457
YKL124W,YPL096W,0,0.822382,0.13892510533332825,0.9495049715042114,0.5949950218200684
YNL284C-A,YOR275C,0,0.82207304,0.13890498876571655,0.9495049715042114,0.5950950980186462
YJL087C,YBL112C,0,0.82133436,0.13888487219810486,0.9495049715042114,0.5951951742172241
YJR138W,YPR137W,0,0.8174292,0.13886475563049316,0.9495049715042114,0.5952953100204468
YOR159C,YKL205W,0,0.8156357,0.13884465396404266,0.9495049715042114,0.5953953862190247
YDR415C,YKL003C,0,0.8148846,0.13882455229759216,0.9495049715042114,0.5954955220222473
YEL069C,YIL108W,0,0.81127197,0.13880445063114166,0.9495049715042114,0.5955955982208252
YLR228C,YDR261W-A,0,0.81053215,0.13878436386585236,0.9495049715042114,0.5956956744194031
YKR103W,YLR383W,0,0.8079176,0.13876429200172424,0.9495049715042114,0.5957958102226257
YHR164C,YOR327C,0,0.80776787,0.13874422013759613,0.9495049715042114,0.5958958864212036
YNL127W,YOR311C,0,0.8060477,0.13872414827346802,0.9495049715042114,0.5959960222244263
YKL182W,YDR461W,0,0.8054122,0.1387040764093399,0.9495049715042114,0.5960960984230042
YLR329W,YLR268W,0,0.80364186,0.13868401944637299,0.9495049715042114,0.596196174621582
YMR284W,YGR225W,0,0.8034947,0.13866396248340607,0.9495049715042114,0.5962963104248047
YDL179W,YGL004C,0,0.7999488,0.13864392042160034,0.9495049715042114,0.5963963866233826
YLR107W,YML006C,0,0.7996588,0.13862387835979462,0.9495049715042114,0.5964965224266052
YLR203C,YJR082C,0,0.79469377,0.13860385119915009,0.9495049715042114,0.5965965986251831
YHR174W,YDR140W,0,0.7945383,0.13858380913734436,0.9495049715042114,0.596696674823761
YPR162C,YNL230C,0,0.79421353,0.13856379687786102,0.9495049715042114,0.5967968106269836
YNR006W,YDL227C,0,0.79401684,0.1385437697172165,0.9495049715042114,0.5968968868255615
YOR382W,YGL113W,0,0.79378796,0.13852375745773315,0.9495049715042114,0.5969970226287842
YJL087C,YBR172C,0,0.7919569,0.138503760099411,0.9495049715042114,0.5970970988273621
YNL232W,YBR281C,0,0.78952277,0.13848374783992767,0.9495049715042114,0.5971971750259399
YMR284W,YBR118W,0,0.78859127,0.13846376538276672,0.9495049715042114,0.5972973108291626
YGR285C,YDR498C,0,0.78836787,0.13844376802444458,0.9495049715042114,0.5973973870277405
YPR194C,YER055C,0,0.786312,0.13842378556728363,0.9495049715042114,0.5974975228309631
YKL203C,YGR089W,0,0.7860579,0.13840380311012268,0.9495049715042114,0.597597599029541
YNL202W,YPL098C,0,0.78534997,0.13838383555412292,0.9495049715042114,0.5976976752281189
YEL053C,YHR059W,0,0.7843066,0.13836386799812317,0.9495049715042114,0.5977978110313416
YIL159W,YKL189W,0,0.78206366,0.1383439153432846,0.9495049715042114,0.5978978872299194
YPR072W,YCR093W,0,0.780496,0.13832396268844604,0.9495049715042114,0.5979980230331421
YKL013C,YPL098C,0,0.77882195,0.13830401003360748,0.9495049715042114,0.59809809923172
YLR285W,YLR073C,0,0.7784132,0.13828407227993011,0.9495049715042114,0.5981981754302979
YER130C,YPL096W,0,0.77826893,0.13826413452625275,0.9495049715042114,0.5982983112335205
YDL245C,YMR228W,0,0.77629066,0.13824419677257538,0.9495049715042114,0.5983983874320984
YIL061C,YIL048W,0,0.77626055,0.1382242739200592,0.9495049715042114,0.598498523235321
YKR071C,YKR054C,0,0.77598065,0.13820435106754303,0.9495049715042114,0.5985985994338989
YEL036C,YDR353W,0,0.7759781,0.13818444311618805,0.9495049715042114,0.5986986756324768
YJL141C,YGL169W,0,0.7729585,0.13816453516483307,0.9495049715042114,0.5987988114356995
YHR074W,YPL223C,0,0.7714974,0.1381446272134781,0.9495049715042114,0.5988988876342773
YNL080C,YGL113W,0,0.7701844,0.1381247341632843,0.9495049715042114,0.5989990234375
YKL090W,YGR072W,0,0.7691402,0.13810484111309052,0.9495049715042114,0.5990990996360779
YBR276C,YOR311C,0,0.76661897,0.13808494806289673,0.9495049715042114,0.5991991758346558
YNL008C,YNL026W,0,0.7665717,0.13806506991386414,0.9495049715042114,0.5992993116378784
YDL202W,YOR311C,0,0.76337457,0.13804520666599274,0.9495049715042114,0.5993993878364563
YBR081C,YBR128C,0,0.7626386,0.13802532851696014,0.9495049715042114,0.599499523639679
YOR393W,YMR143W,0,0.7613479,0.13800546526908875,0.9495049715042114,0.5995995998382568
YJR005W,YMR193W,0,0.7611306,0.13798561692237854,0.9495049715042114,0.5996996760368347
YJR082C,YBR074W,0,0.76075965,0.13796575367450714,0.9495049715042114,0.5997998118400574
YDL024C,YDL070W,0,0.7599974,0.13794592022895813,0.9495049715042114,0.5998998880386353
YPR111W,YJL155C,0,0.7583383,0.13792607188224792,0.9495049715042114,0.6000000238418579
YGR169C,YBL112C,0,0.7571877,0.1379062384366989,0.9495049715042114,0.6001001000404358
YOR304C-A,YNL259C,0,0.7559478,0.1378864198923111,0.9495049715042114,0.6002001762390137
YCL003W,YGL163C,0,0.7552139,0.13786658644676208,0.9495049715042114,0.6003003120422363
YMR173W,YER104W,0,0.7541195,0.13784676790237427,0.9495049715042114,0.6004003882408142
YJR051W,YBR271W,0,0.75114787,0.13782696425914764,0.9495049715042114,0.6005005240440369
YKL020C,YBR274W,0,0.74881935,0.13780716061592102,0.9495049715042114,0.6006006002426147
YKL094W,YLR348C,0,0.7480515,0.1377873569726944,0.9495049715042114,0.6007006764411926
YJR119C,YJR070C,0,0.74774027,0.13776756823062897,0.9495049715042114,0.6008008122444153
YFL048C,YDL035C,0,0.7471874,0.13774777948856354,0.9495049715042114,0.6009008884429932
YNL131W,YML080W,0,0.74448776,0.1377279907464981,0.9495049715042114,0.6010010242462158
YJL011C,YFR019W,0,0.74414074,0.13770821690559387,0.9495049715042114,0.6011011004447937
YPL042C,YMR321C,0,0.7439003,0.13768844306468964,0.9495049715042114,0.6012011766433716
YGL244W,YCL057W,0,0.7412934,0.1376686692237854,0.9495049715042114,0.6013013124465942
YMR033W,YJL085W,0,0.7405413,0.13764891028404236,0.9495049715042114,0.6014013886451721
YBR177C,YKL020C,0,0.7383176,0.1376291662454605,0.9495049715042114,0.6015015244483948
YMR025W,YLR394W,0,0.7358675,0.13760940730571747,0.9495049715042114,0.6016016006469727
YOR304C-A,YNL239W,0,0.7308975,0.13758966326713562,0.9495049715042114,0.6017016768455505
YDL133C-A,YDL015C,0,0.73084545,0.13756993412971497,0.9495049715042114,0.6018018126487732
YKL041W,YNL281W,0,0.7306008,0.1375502049922943,0.9495049715042114,0.6019018888473511
YBR278W,YNR018W,0,0.72802407,0.13753047585487366,0.9495049715042114,0.6020020246505737
YMR020W,YNR067C,0,0.72751105,0.1375107616186142,0.9495049715042114,0.6021021008491516
YDL061C,YPL113C,0,0.7267313,0.13749103248119354,0.9495049715042114,0.6022021770477295
YLR073C,YNL290W,0,0.7249019,0.13747133314609528,0.9495049715042114,0.6023023128509521
YPR194C,YNR060W,0,0.7228951,0.137451633810997,0.9495049715042114,0.60240238904953
YMR169C,YOL158C,0,0.7218534,0.13743193447589874,0.9495049715042114,0.6025025248527527
YOL141W,YNL147W,0,0.7216096,0.13741223514080048,0.9495049715042114,0.6026026010513306
YNL230C,YMR273C,0,0.7204802,0.1373925507068634,0.9495049715042114,0.6027026772499084
YPR191W,YNR072W,0,0.7198104,0.13737286627292633,0.9495049715042114,0.6028028130531311
YHR047C,YDR138W,0,0.7184472,0.13735319674015045,0.9495049715042114,0.602902889251709
YBL011W,YGL259W,0,0.71796286,0.13733352720737457,0.9495049715042114,0.6030030250549316
YDR083W,YPR135W,0,0.7101145,0.1373138576745987,0.9495049715042114,0.6031031012535095
YDR337W,YCR097WB,0,0.7097178,0.137294203042984,0.9495049715042114,0.6032031774520874
YGR199W,YPL122C,0,0.7081597,0.13727454841136932,0.9495049715042114,0.6033033132553101
YDL074C,YPL160W,1,0.7064264,0.13739801943302155,0.9504950642585754,0.6033033132553101
YLR228C,YKL020C,0,0.70464957,0.13737836480140686,0.9504950642585754,0.6034033894538879
YNL172W,YIL159W,0,0.7020743,0.13735871016979218,0.9504950642585754,0.6035035252571106
YGR169C,YMR034C,0,0.70163083,0.1373390555381775,0.9504950642585754,0.6036036014556885
YOR074C,YMR238W,0,0.7008588,0.137319415807724,0.9504950642585754,0.6037036776542664
YIL002C,YCR012W,0,0.7005726,0.1372997760772705,0.9504950642585754,0.603803813457489
YJR127C,YMR046C,0,0.69966215,0.13728013634681702,0.9504950642585754,0.6039038896560669
YER098W,YLR329W,0,0.6955526,0.13726051151752472,0.9504950642585754,0.6040040254592896
YIL061C,YIL140W,0,0.69452846,0.13724088668823242,0.9504950642585754,0.6041041016578674
YDR072C,YOR123C,0,0.6935482,0.13722126185894012,0.9504950642585754,0.6042041778564453
YDR296W,YCR026C,0,0.69322985,0.13720165193080902,0.9504950642585754,0.604304313659668
YDR429C,YBR093C,0,0.6922043,0.1371820569038391,0.9504950642585754,0.6044043898582458
YNR013C,YDR262W,0,0.69153607,0.137162446975708,0.9504950642585754,0.6045045256614685
YOR084W,YJR032W,0,0.69063437,0.1371428519487381,0.9504950642585754,0.6046046018600464
YIR025W,YJL178C,0,0.689852,0.13712327182292938,0.9504950642585754,0.6047046780586243
YOL026C,YBR173C,0,0.6879406,0.13710369169712067,0.9504950642585754,0.6048048138618469
YKL144C,YLR213C,0,0.68729365,0.13708411157131195,0.9504950642585754,0.6049048900604248
YOL045W,YLL027W,0,0.6864983,0.13706453144550323,0.9504950642585754,0.6050050258636475
YNR016C,YER015W,1,0.6863484,0.13718771934509277,0.9514851570129395,0.6050050258636475
YKR071C,YLR157C,0,0.6850271,0.13716813921928406,0.9514851570129395,0.6051051020622253
YNL073W,YML109W,0,0.68275577,0.13714855909347534,0.9514851570129395,0.6052051782608032
YKR028W,YGL148W,0,0.6826674,0.13712899386882782,0.9514851570129395,0.6053053140640259
YKL097W-A,YLL043W,0,0.68260664,0.1371094286441803,0.9514851570129395,0.6054053902626038
YDR351W,YDR138W,0,0.682479,0.13708987832069397,0.9514851570129395,0.6055055260658264
YGL170C,YER138C,0,0.68246174,0.13707031309604645,0.9514851570129395,0.6056056022644043
YGR258C,YPR190C,0,0.68231493,0.13705076277256012,0.9514851570129395,0.6057056784629822
YOR071C,YHR061C,0,0.68015885,0.13703122735023499,0.9514851570129395,0.6058058142662048
YGR056W,YLR268W,0,0.6799045,0.13701169192790985,0.9514851570129395,0.6059058904647827
YER100W,YGL062W,1,0.67833203,0.13713471591472626,0.9524752497673035,0.6059058904647827
YDL208W,YCR097WB,0,0.6698402,0.13711516559123993,0.9524752497673035,0.6060060262680054
YBL041W,YJR133W,0,0.66964996,0.1370956301689148,0.9524752497673035,0.6061061024665833
YMR145C,YJL206C,0,0.6696032,0.13707609474658966,0.9524752497673035,0.6062061786651611
YAL063C,YNR002C,0,0.6681398,0.13705655932426453,0.9524752497673035,0.6063063144683838
YDR164C,YOR162C,0,0.667883,0.13703703880310059,0.9524752497673035,0.6064063906669617
YHR074W,YGR171C,1,0.66751736,0.13715994358062744,0.9534653425216675,0.6064063906669617
YOR159C,YNR057C,0,0.66722,0.1371404230594635,0.9534653425216675,0.6065065264701843
YJR036C,YMR022W,1,0.66586506,0.13726328313350677,0.9544554352760315,0.6065065264701843
YGR034W,YNL258C,0,0.66074383,0.13724373281002045,0.9544554352760315,0.6066066026687622
YJR051W,YMR054W,0,0.6556791,0.1372241973876953,0.9544554352760315,0.6067066788673401
YIL159W,YAL039C,0,0.6543716,0.13720466196537018,0.9544554352760315,0.6068068146705627
YDL022W,YMR160W,0,0.6540506,0.13718514144420624,0.9544554352760315,0.6069068908691406
YMR293C,YAL054C,1,0.653595,0.13730791211128235,0.9554455280303955,0.6069068908691406
YHR111W,YKL210W,1,0.6529516,0.13743063807487488,0.9564356207847595,0.6069068908691406
YJR119C,YIL108W,0,0.6528913,0.13741110265254974,0.9564356207847595,0.6070070266723633
YLR321C,YJR031C,0,0.6506483,0.13739155232906342,0.9564356207847595,0.6071071028709412
YPL094C,YLR042C,0,0.65027964,0.13737201690673828,0.9564356207847595,0.607207179069519
YOR148C,YLL061W,0,0.649474,0.13735248148441315,0.9564356207847595,0.6073073148727417
YGL172W,YDR174W,0,0.648701,0.1373329609632492,0.9564356207847595,0.6074073910713196
YCL004W,YJR133W,0,0.6486802,0.13731342554092407,0.9564356207847595,0.6075075268745422
YOR275C,YKR102W,0,0.6486378,0.13729391992092133,0.9564356207847595,0.6076076030731201
YKL200C,YOR355W,0,0.6478185,0.13727439939975739,0.9564356207847595,0.607707679271698
YKL009W,YKL038W,0,0.6476143,0.13725490868091583,0.9564356207847595,0.6078078150749207
YLR278C,YGL071W,0,0.64646673,0.13723540306091309,0.9564356207847595,0.6079078912734985
YDR378C,YGL216W,0,0.6446098,0.13721591234207153,0.9564356207847595,0.6080080270767212
YBR196C,YNL192W,0,0.6441845,0.13719642162322998,0.9564356207847595,0.6081081032752991
YOR324C,YER168C,0,0.64179695,0.13717694580554962,0.9564356207847595,0.608208179473877
YNL236W,YIL080W,0,0.640587,0.13715745508670807,0.9564356207847595,0.6083083152770996
YJL029C,YHR156C,0,0.6402807,0.1371379941701889,0.9564356207847595,0.6084083914756775
YPR002W,YCR055C,0,0.6399871,0.13711851835250854,0.9564356207847595,0.6085085272789001
YGL037C,YLR309C,0,0.639698,0.13709905743598938,0.9564356207847595,0.608608603477478
YGR167W,YCR097WB,0,0.63941264,0.1370796114206314,0.9564356207847595,0.6087086796760559
YPR137W,YHR059W,0,0.6367673,0.13706016540527344,0.9564356207847595,0.6088088154792786
YEL043W,YDL015C,0,0.6346569,0.13704071938991547,0.9564356207847595,0.6089088916778564
YNL232W,YGL113W,0,0.6341791,0.1370212733745575,0.9564356207847595,0.6090090274810791
YLR206W,YDL215C,0,0.6341161,0.13700184226036072,0.9564356207847595,0.609109103679657
YDR090C,YLR160C,0,0.6341144,0.13698241114616394,0.9564356207847595,0.6092091798782349
YBL085W,YGL148W,0,0.63365376,0.13696299493312836,0.9564356207847595,0.6093093156814575
YDR090C,YPL007C,0,0.63158906,0.13694357872009277,0.9564356207847595,0.6094093918800354
YKL093W,YMR077C,0,0.63089687,0.1369241625070572,0.9564356207847595,0.6095095276832581
YBR274W,YKL085W,0,0.62807894,0.1369047611951828,0.9564356207847595,0.6096096038818359
YOL004W,YBR061C,0,0.6276224,0.1368853598833084,0.9564356207847595,0.6097096800804138
YPR080W,YGR095C,0,0.6275997,0.13686597347259521,0.9564356207847595,0.6098098158836365
YJL103C,YKL061W,0,0.6274512,0.13684657216072083,0.9564356207847595,0.6099098920822144
YLL055W,YPR060C,0,0.62512326,0.13682720065116882,0.9564356207847595,0.610010027885437
YJR127C,YPL276W,0,0.62304205,0.13680781424045563,0.9564356207847595,0.6101101040840149
YKL007W,YBL011W,0,0.62298286,0.13678844273090363,0.9564356207847595,0.6102102398872375
YMR123W,YGL113W,0,0.6227093,0.13676907122135162,0.9564356207847595,0.6103103160858154
YMR117C,YGL103W,0,0.6200062,0.13674971461296082,0.9564356207847595,0.6104103922843933
YDR026C,YPL274W,0,0.6177646,0.13673035800457,0.9564356207847595,0.610510528087616
YJR021C,YOR294W,0,0.61642987,0.1367110162973404,0.9564356207847595,0.6106106042861938
YOR148C,YAL029C,0,0.6163252,0.13669165968894958,0.9564356207847595,0.6107107400894165
YLR141W,YKL001C,0,0.615219,0.13667233288288116,0.9564356207847595,0.6108108162879944
YGL158W,YDL059C,0,0.6134308,0.13665299117565155,0.9564356207847595,0.6109108924865723
YMR179W,YDR229W,0,0.6116444,0.13663366436958313,0.9564356207847595,0.6110110282897949
YBR177C,YMR145C,0,0.609092,0.1366143375635147,0.9564356207847595,0.6111111044883728
YDL179W,YDR476C,0,0.6090857,0.13659502565860748,0.9564356207847595,0.6112112402915955
YPR152C,YNL259C,0,0.60774416,0.13657571375370026,0.9564356207847595,0.6113113164901733
YDR429C,YNL307C,0,0.6074711,0.13655640184879303,0.9564356207847595,0.6114113926887512
YBR081C,YGR285C,0,0.60612833,0.136537104845047,0.9564356207847595,0.6115115284919739
YDL133C-A,YER151C,0,0.605294,0.13651780784130096,0.9564356207847595,0.6116116046905518
YJR006W,YML099C,0,0.6049929,0.13649851083755493,0.9564356207847595,0.6117117404937744
YHR164C,YBR118W,0,0.6038557,0.1364792287349701,0.9564356207847595,0.6118118166923523
YPR144C,YNL085W,0,0.6036871,0.13645994663238525,0.9564356207847595,0.6119118928909302
YLL002W,YGR052W,0,0.6032487,0.1364406794309616,0.9564356207847595,0.6120120286941528
YEL062W,YCL004W,0,0.6016474,0.13642141222953796,0.9564356207847595,0.6121121048927307
YBR128C,YGL019W,0,0.5970499,0.13640214502811432,0.9564356207847595,0.6122122406959534
YPL064C,YFL021W,0,0.59634614,0.13638289272785187,0.9564356207847595,0.6123123168945312
YGR145W,YOR222W,0,0.59338737,0.13636364042758942,0.9564356207847595,0.6124123930931091
YDR170C,YJR140C,0,0.59327567,0.13634438812732697,0.9564356207847595,0.6125125288963318
YOR145C,YBL098W,0,0.59060216,0.1363251507282257,0.9564356207847595,0.6126126050949097
YBR187W,YDR151C,0,0.587986,0.13630591332912445,0.9564356207847595,0.6127127408981323
YOL038W,YDR229W,0,0.5867465,0.1362866759300232,0.9564356207847595,0.6128128170967102
YEL052W,YFL066C,0,0.5856287,0.13626745343208313,0.9564356207847595,0.6129128932952881
YIL095W,YBR067C,0,0.58217263,0.13624823093414307,0.9564356207847595,0.6130130290985107
YOR297C,YFR052W,0,0.5813352,0.1362290233373642,0.9564356207847595,0.6131131052970886
YNL283C,YLR391W,0,0.58078897,0.13620981574058533,0.9564356207847595,0.6132132411003113
YER008C,YOR338W,0,0.57891536,0.13619060814380646,0.9564356207847595,0.6133133172988892
YHR004C,YOL124C,0,0.5784153,0.13617141544818878,0.9564356207847595,0.613413393497467
YLR182W,YJL130C,0,0.5758095,0.1361522227525711,0.9564356207847595,0.6135135293006897
YBR275C,YJL117W,0,0.57386696,0.13613303005695343,0.9564356207847595,0.6136136054992676
YJL060W,YJL024C,0,0.57270235,0.13611385226249695,0.9564356207847595,0.6137137413024902
YNL238W,YCL060C,0,0.57217324,0.13609467446804047,0.9564356207847595,0.6138138175010681
YLL061W,YDR151C,0,0.5719491,0.13607549667358398,0.9564356207847595,0.613913893699646
YAL016W,YDR109C,0,0.5701691,0.1360563337802887,0.9564356207847595,0.6140140295028687
YJL060W,YOR311C,0,0.5672301,0.1360371708869934,0.9564356207847595,0.6141141057014465
YKL119C,YOR008C,0,0.56101847,0.13601802289485931,0.9564356207847595,0.6142142415046692
YJL085W,YAR031W,0,0.5601367,0.13599887490272522,0.9564356207847595,0.6143143177032471
YPR135W,YCL025C,0,0.55777276,0.13597972691059113,0.9564356207847595,0.614414393901825
YGR285C,YFL023W,0,0.55706173,0.13596059381961823,0.9564356207847595,0.6145145297050476
YGL170C,YJL172W,0,0.5566157,0.13594146072864532,0.9564356207847595,0.6146146059036255
YJL085W,YLR325C,0,0.55649745,0.13592232763767242,0.9564356207847595,0.6147147417068481
YDL029W,YJR063W,0,0.55416054,0.13590320944786072,0.9564356207847595,0.614814817905426
YPR083W,YOL101C,0,0.55192065,0.135884091258049,0.9564356207847595,0.6149148941040039
YDL216C,YMR075W,0,0.55179614,0.1358649730682373,0.9564356207847595,0.6150150299072266
YKR036C,YDR062W,0,0.5486598,0.1358458697795868,0.9564356207847595,0.6151151061058044
YHR211W,YNL006W,0,0.5485335,0.13582676649093628,0.9564356207847595,0.6152152419090271
YLR404W,YHR077C,0,0.5475689,0.13580767810344696,0.9564356207847595,0.615315318107605
YMR179W,YNL192W,0,0.5473232,0.13578858971595764,0.9564356207847595,0.6154153943061829
YDL036C,YLR050C,0,0.5471084,0.13576950132846832,0.9564356207847595,0.6155155301094055
YER162C,YLR033W,0,0.5469204,0.1357504278421402,0.9564356207847595,0.6156156063079834
YGL068W,YOR142W,0,0.5425559,0.13573135435581207,0.9564356207847595,0.615715742111206
YPR080W,YIR039C,0,0.54240674,0.13571228086948395,0.9564356207847595,0.6158158183097839
YMR238W,YOL104C,0,0.5398731,0.13569322228431702,0.9564356207847595,0.6159158945083618
YDR026C,YOL062C,0,0.5389847,0.13567416369915009,0.9564356207847595,0.6160160303115845
YPL110C,YLR209C,0,0.5385387,0.13565510511398315,0.9564356207847595,0.6161161065101624
YBR128C,YJR101W,0,0.53647923,0.13563606142997742,0.9564356207847595,0.616216242313385
YIL088C,YLR213C,0,0.53621227,0.13561701774597168,0.9564356207847595,0.6163163185119629
YPL110C,YKL085W,0,0.5349474,0.13559797406196594,0.9564356207847595,0.6164163947105408
YBR261C,YOR008C,0,0.5341481,0.1355789452791214,0.9564356207847595,0.6165165305137634
YDR090C,YCR026C,0,0.53296775,0.13555991649627686,0.9564356207847595,0.6166166067123413
YGR252W,YNR021W,0,0.5320606,0.1355409026145935,0.9564356207847595,0.616716742515564
YHR175W,YNL092W,0,0.5304125,0.13552188873291016,0.9564356207847595,0.6168168187141418
YKL020C,YML036W,0,0.53031504,0.1355028748512268,0.9564356207847595,0.6169168949127197
YLR141W,YJL004C,0,0.52915084,0.13548387587070465,0.9564356207847595,0.6170170307159424
YBR230C,YCL025C,0,0.5266688,0.1354648768901825,0.9564356207847595,0.6171171069145203
YIR025W,YLR353W,0,0.5262007,0.13544587790966034,0.9564356207847595,0.6172172427177429
YMR315W,YKR055W,0,0.5247858,0.13542689383029938,0.9564356207847595,0.6173173189163208
YLR033W,YKL095W,0,0.5244982,0.13540790975093842,0.9564356207847595,0.6174173951148987
YML045W-A,YPR060C,0,0.5241331,0.13538892567157745,0.9564356207847595,0.6175175309181213
YGR264C,YBR271W,0,0.5232962,0.13536995649337769,0.9564356207847595,0.6176176071166992
YEL036C,YIL080W,0,0.5232289,0.13535098731517792,0.9564356207847595,0.6177177429199219
YOL066C,YDL070W,0,0.52294236,0.13533203303813934,0.9564356207847595,0.6178178191184998
YDR196C,YCL032W,0,0.52234846,0.13531306385993958,0.9564356207847595,0.6179178953170776
YGL203C,YMR159C,0,0.52060443,0.1352941244840622,0.9564356207847595,0.6180180311203003
YDL015C,YFR052W,0,0.51998335,0.13527517020702362,0.9564356207847595,0.6181181073188782
YER162C,YBR287W,0,0.5185538,0.13525623083114624,0.9564356207847595,0.6182182431221008
YLR025W,YHR077C,0,0.5163336,0.13523729145526886,0.9564356207847595,0.6183183193206787
YOR287C,YDR172W,0,0.5151178,0.13521836698055267,0.9564356207847595,0.6184183955192566
YDR131C,YEL041W,0,0.5131495,0.1351994425058365,0.9564356207847595,0.6185185313224792
YLR113W,YFR018C,0,0.51312476,0.1351805180311203,0.9564356207847595,0.6186186075210571
YOL038W,YPR060C,0,0.512193,0.1351616084575653,0.9564356207847595,0.6187187433242798
YHR074W,YOR349W,0,0.5091436,0.13514269888401031,0.9564356207847595,0.6188188195228577
YBR006W,YNL026W,0,0.5085056,0.13512378931045532,0.9564356207847595,0.6189188957214355
YGL225W,YNR028W,0,0.50647426,0.13510489463806152,0.9564356207847595,0.6190190315246582
YMR078C,YML109W,0,0.5039083,0.13508599996566772,0.9564356207847595,0.6191191077232361
YDL206W,YDR218C,0,0.5035155,0.13506712019443512,0.9564356207847595,0.6192192435264587
YIL139C,YDL055C,0,0.5034005,0.13504822552204132,0.9564356207847595,0.6193193197250366
YGL241W,YCL060C,0,0.501661,0.1350293606519699,0.9564356207847595,0.6194193959236145
YML073C,YDR403W,0,0.50122845,0.1350104808807373,0.9564356207847595,0.6195195317268372
YCL060C,YKR026C,0,0.50049734,0.1349916160106659,0.9564356207847595,0.619619607925415
YMR013C,YJL144W,0,0.50014955,0.13497275114059448,0.9564356207847595,0.6197197437286377
YHR085W,YJL176C,0,0.49988195,0.13495390117168427,0.9564356207847595,0.6198198199272156
YMR227C,YAL024C,0,0.49599844,0.13493505120277405,0.9564356207847595,0.6199198961257935
YJR053W,YOL151W,0,0.49516356,0.13491620123386383,0.9564356207847595,0.6200200319290161
YOR099W,YKR028W,0,0.49411464,0.1348973661661148,0.9564356207847595,0.620120108127594
YOR393W,YHR079C,0,0.4930234,0.13487853109836578,0.9564356207847595,0.6202202439308167
YMR137C,YMR301C,0,0.49092755,0.13485969603061676,0.9564356207847595,0.6203203201293945
YER008C,YNL117W,0,0.48947924,0.13484087586402893,0.9564356207847595,0.6204203963279724
YHR164C,YMR180C,0,0.48938954,0.1348220556974411,0.9564356207847595,0.6205205321311951
YPR137W,YGR214W,0,0.4886316,0.13480323553085327,0.9564356207847595,0.620620608329773
YNL236W,YDL202W,0,0.4877674,0.13478443026542664,0.9564356207847595,0.6207207441329956
YER162C,YML030W,0,0.4869636,0.134765625,0.9564356207847595,0.6208208203315735
YDR164C,YNR028W,0,0.4859947,0.13474681973457336,0.9564356207847595,0.6209208965301514
YIR025W,YOL102C,0,0.48594636,0.13472802937030792,0.9564356207847595,0.621021032333374
YOR147W,YIR039C,0,0.4813973,0.13470923900604248,0.9564356207847595,0.6211211085319519
YMR019W,YGR271W,0,0.48088843,0.13469046354293823,0.9564356207847595,0.6212212443351746
YJR021C,YOR317W,0,0.48071957,0.13467168807983398,0.9564356207847595,0.6213213205337524
YDL171C,YGL183C,0,0.47786373,0.13465291261672974,0.9564356207847595,0.6214213967323303
YMR169C,YPR152C,0,0.47744983,0.13463415205478668,0.9564356207847595,0.621521532535553
YPR137C-A,YGL010W,0,0.4765251,0.13461539149284363,0.9564356207847595,0.6216216087341309
YHR132C,YKR068C,0,0.47418642,0.13459663093090057,0.9564356207847595,0.6217217445373535
YDR144C,YJL124C,0,0.47031352,0.13457787036895752,0.9564356207847595,0.6218218207359314
YOL045W,YPL274W,0,0.47022682,0.13455912470817566,0.9564356207847595,0.6219218969345093
YOR317W,YDR054C,1,0.46817327,0.1346796602010727,0.9574257135391235,0.6219218969345093
YBR075W,YGL103W,0,0.46760038,0.13466091454029083,0.9574257135391235,0.6220220327377319
YPR024W,YNR072W,0,0.46734,0.13464215397834778,0.9574257135391235,0.6221221089363098
YNL127W,YCR055C,0,0.46515155,0.1346234232187271,0.9574257135391235,0.6222222447395325
YNR010W,YDL045C,0,0.46314788,0.13460467755794525,0.9574257135391235,0.6223223209381104
YDR233C,YDR062W,0,0.46197918,0.13458594679832458,0.9574257135391235,0.6224223971366882
YDL133C-A,YOL102C,0,0.4619772,0.13456721603870392,0.9574257135391235,0.6225225329399109
YGR056W,YBR282W,0,0.45968074,0.13454848527908325,0.9574257135391235,0.6226226091384888
YJL034W,YIR039C,0,0.45728707,0.13452976942062378,0.9574257135391235,0.6227227449417114
YDL179W,YBL076C,0,0.45584714,0.1345110535621643,0.9574257135391235,0.6228228211402893
YGR032W,YML049C,0,0.45380336,0.13449235260486603,0.9574257135391235,0.6229228973388672
YHR132C,YOL102C,0,0.4531629,0.13447365164756775,0.9574257135391235,0.6230230331420898
YJL079C,YDR140W,0,0.45104408,0.13445495069026947,0.9574257135391235,0.6231231093406677
YDL028C,YFR019W,0,0.4508506,0.13443626463413239,0.9574257135391235,0.6232232451438904
YDR144C,YLR213C,0,0.45039752,0.1344175636768341,0.9574257135391235,0.6233233213424683
YDL029W,YEL062W,0,0.44981694,0.13439889252185822,0.9574257135391235,0.6234233975410461
YEL070W,YPL129W,0,0.449603,0.13438020646572113,0.9574257135391235,0.6235235333442688
YER013W,YHR209W,0,0.44622082,0.13436153531074524,0.9574257135391235,0.6236236095428467
YHR041C,YMR246W,0,0.44293198,0.13434287905693054,0.9574257135391235,0.6237237453460693
YLR401C,YDL097C,0,0.4421867,0.13432420790195465,0.9574257135391235,0.6238238215446472
YOR287C,YEL041W,0,0.43998724,0.13430555164813995,0.9574257135391235,0.6239238977432251
YOR216C,YML052W,0,0.43990114,0.13428691029548645,0.9574257135391235,0.6240240335464478
YIL135C,YFL023W,0,0.43925476,0.13426825404167175,0.9574257135391235,0.6241241097450256
YGL010W,YOR351C,0,0.43757588,0.13424961268901825,0.9574257135391235,0.6242242455482483
YJR004C,YJR140C,0,0.4321633,0.13423098623752594,0.9574257135391235,0.6243243217468262
YFR013W,YBR192W,0,0.43082577,0.13421235978603363,0.9574257135391235,0.624424397945404
YBL101W-B,YDR403W,0,0.4298685,0.13419373333454132,0.9574257135391235,0.6245245337486267
YGR056W,YHR047C,0,0.42854136,0.134175106883049,0.9574257135391235,0.6246246099472046
YGR199W,YLR329W,0,0.42779183,0.1341564953327179,0.9574257135391235,0.6247247457504272
YFR031C,YDR497C,0,0.4270606,0.13413788378238678,0.9574257135391235,0.6248248219490051
YCR011C,YMR273C,0,0.42574745,0.13411927223205566,0.9574257135391235,0.624924898147583
YDR082W,YJR130C,0,0.42440015,0.13410067558288574,0.9574257135391235,0.6250250339508057
YJL005W,YDL045C,0,0.42320323,0.13408207893371582,0.9574257135391235,0.6251251101493835
YPL151C,YJL082W,0,0.4230438,0.1340634971857071,0.9574257135391235,0.6252252459526062
YLR440C,YOR142W,0,0.42258558,0.13404491543769836,0.9574257135391235,0.6253253221511841
YGL037C,YBR129C,0,0.41822076,0.13402633368968964,0.9574257135391235,0.625425398349762
YNL131W,YKR102W,0,0.41818458,0.1340077668428421,0.9574257135391235,0.6255255341529846
YPR072W,YHR061C,0,0.41642833,0.13398918509483337,0.9574257135391235,0.6256256103515625
YJR078W,YJR026W,0,0.41590926,0.13397063314914703,0.9574257135391235,0.6257257461547852
YLR289W,YDR373W,0,0.41589332,0.1339520663022995,0.9574257135391235,0.625825822353363
YLR113W,YLR160C,0,0.41253638,0.13393351435661316,0.9574257135391235,0.6259258985519409
YDL133C-A,YNR057C,0,0.41072544,0.133914977312088,0.9574257135391235,0.6260260343551636
YJR010W,YNL259C,0,0.40635538,0.13389642536640167,0.9574257135391235,0.6261261105537415
YNR074C,YDR137W,0,0.40591148,0.13387788832187653,0.9574257135391235,0.6262262463569641
YLR244C,YLR187W,0,0.4052528,0.13385935127735138,0.9574257135391235,0.626326322555542
YJR010W,YGL259W,0,0.40367967,0.13384082913398743,0.9574257135391235,0.6264263987541199
YIL142W,YDR138W,0,0.40308914,0.13382230699062347,0.9574257135391235,0.6265265345573425
YJR051W,YMR273C,0,0.40274966,0.13380378484725952,0.9574257135391235,0.6266266107559204
YMR020W,YCR052W,0,0.39738452,0.13378527760505676,0.9574257135391235,0.6267267465591431
YMR176W,YBR026C,0,0.39686415,0.133766770362854,0.9574257135391235,0.626826822757721
YGL183C,YNL335W,0,0.39424643,0.13374827802181244,0.9574257135391235,0.6269268989562988
YGR052W,YLL012W,0,0.3915935,0.13372977077960968,0.9574257135391235,0.6270270347595215
YLR306W,YMR113W,1,0.39121875,0.13384956121444702,0.9584158658981323,0.6270270347595215
YER154W,YMR137C,0,0.39000332,0.13383105397224426,0.9584158658981323,0.6271271109580994
YNR057C,YNR035C,0,0.38819218,0.1338125467300415,0.9584158658981323,0.627227246761322
YNL117W,YDR109C,0,0.38737413,0.13379405438899994,0.9584158658981323,0.6273273229598999
YKL001C,YJR063W,0,0.38550228,0.13377556204795837,0.9584158658981323,0.6274273991584778
YDR512C,YGL190C,0,0.38445163,0.133757084608078,0.9584158658981323,0.6275275349617004
YOR209C,YPR180W,1,0.38351315,0.1338767558336258,0.9594059586524963,0.6275275349617004
YBR274W,YFL017W-A,0,0.38252735,0.13385826349258423,0.9594059586524963,0.6276276111602783
YLR452C,YJL192C,0,0.38132656,0.13383978605270386,0.9594059586524963,0.627727746963501
YLR103C,YLR130C,0,0.3809788,0.1338212937116623,0.9594059586524963,0.6278278231620789
YGL186C,YJL128C,0,0.3799711,0.13380281627178192,0.9594059586524963,0.6279278993606567
YKL171W,YPL007C,0,0.37954515,0.13378433883190155,0.9594059586524963,0.6280280351638794
YDL142C,YPL096W,0,0.3795132,0.13376587629318237,0.9594059586524963,0.6281281113624573
YOR355W,YHL027W,0,0.37783003,0.1337474137544632,0.9594059586524963,0.6282282471656799
YDR454C,YCR012W,0,0.37638766,0.13372895121574402,0.9594059586524963,0.6283283233642578
YOR215C,YNL192W,0,0.37088382,0.13371050357818604,0.9594059586524963,0.6284283995628357
YDL059C,YCL024W,0,0.3704311,0.13369205594062805,0.9594059586524963,0.6285285353660583
YGR144W,YKL124W,0,0.37042755,0.13367360830307007,0.9594059586524963,0.6286286115646362
YFR001W,YML036W,0,0.3686647,0.13365517556667328,0.9594059586524963,0.6287287473678589
YPR135W,YGR134W,0,0.3672849,0.1336367428302765,0.9594059586524963,0.6288288235664368
YPR144C,YJL071W,0,0.36572254,0.1336183100938797,0.9594059586524963,0.6289288997650146
YNL273W,YEL040W,0,0.36489117,0.1335998922586441,0.9594059586524963,0.6290290355682373
YBR195C,YDR222W,0,0.3645301,0.1335814744234085,0.9594059586524963,0.6291291117668152
YPR200C,YIL132C,0,0.36424834,0.1335630565881729,0.9594059586524963,0.6292292475700378
YJL066C,YPR006C,0,0.3611048,0.1335446536540985,0.9594059586524963,0.6293293237686157
YOL107W,YPL087W,0,0.3602062,0.1335262507200241,0.9594059586524963,0.6294293999671936
YKL117W,YML039W,0,0.3599532,0.1335078477859497,0.9594059586524963,0.6295295357704163
YMR272C,YOR162C,0,0.35982072,0.1334894597530365,0.9594059586524963,0.6296296119689941
YOR187W,YML039W,0,0.35936013,0.1334710717201233,0.9594059586524963,0.6297297477722168
YEL037C,YPR135W,0,0.35370076,0.13345269858837128,0.9594059586524963,0.6298298239707947
YGR268C,YKL189W,0,0.3534612,0.13343431055545807,0.9594059586524963,0.6299299001693726
YKL203C,YOL062C,0,0.35299742,0.13341593742370605,0.9594059586524963,0.6300300359725952
YOR204W,YKR102W,0,0.35140634,0.13339757919311523,0.9594059586524963,0.6301301121711731
YOR216C,YNL282W,0,0.3497014,0.13337922096252441,0.9594059586524963,0.6302302479743958
YGL183C,YPL196W,0,0.34943432,0.1333608627319336,0.9594059586524963,0.6303303241729736
YBR002C,YGL183C,0,0.34930372,0.13334250450134277,0.9594059586524963,0.6304304599761963
YDL164C,YER125W,1,0.3484585,0.13346174359321594,0.9603960514068604,0.6304304599761963
YNL236W,YKL001C,0,0.348206,0.13344338536262512,0.9603960514068604,0.6305305361747742
YBR010W,YDR444W,0,0.348183,0.1334250271320343,0.9603960514068604,0.630630612373352
YER013W,YGL220W,0,0.34696874,0.13340668380260468,0.9603960514068604,0.6307307481765747
YDR159W,YOR327C,0,0.3464563,0.13338834047317505,0.9603960514068604,0.6308308243751526
YPL083C,YKR068C,0,0.3451174,0.13336999714374542,0.9603960514068604,0.6309309601783752
YNL232W,YPR119W,0,0.34493598,0.133351668715477,0.9603960514068604,0.6310310363769531
YCR060W,YBR187W,0,0.34274668,0.13333334028720856,0.9603960514068604,0.631131112575531
YLR285W,YKL001C,0,0.34207845,0.13331501185894012,0.9603960514068604,0.6312312483787537
YJL030W,YOL108C,0,0.34141362,0.1332966834306717,0.9603960514068604,0.6313313245773315
YMR123W,YCR055C,0,0.33878732,0.13327836990356445,0.9603960514068604,0.6314314603805542
YDL084W,YML099C,0,0.33846352,0.13326005637645721,0.9603960514068604,0.6315315365791321
YOR159C,YPR198W,0,0.33827066,0.13324175775051117,0.9603960514068604,0.63163161277771
YOR291W,YOL043C,0,0.3377307,0.13322345912456512,0.9603960514068604,0.6317317485809326
YFL014W,YLL033W,0,0.33661145,0.13320516049861908,0.9603960514068604,0.6318318247795105
YGR085C,YMR033W,0,0.33512577,0.13318687677383423,0.9603960514068604,0.6319319605827332
YGL112C,YPR187W,0,0.33389956,0.13316859304904938,0.9603960514068604,0.632032036781311
YKR071C,YPL163C,0,0.33369946,0.13315030932426453,0.9603960514068604,0.6321321129798889
YJL087C,YDL179W,0,0.33168933,0.13313204050064087,0.9603960514068604,0.6322322487831116
YLR165C,YHR005C-A,0,0.33030617,0.1331137716770172,0.9603960514068604,0.6323323249816895
YER168C,YDL045C,0,0.32999992,0.13309550285339355,0.9603960514068604,0.6324324607849121
YOL066C,YNL335W,0,0.3295601,0.1330772340297699,0.9603960514068604,0.63253253698349
YCR080W,YDL047W,0,0.3294412,0.13305898010730743,0.9603960514068604,0.6326326131820679
YJR082C,YFL001W,0,0.329094,0.13304074108600616,0.9603960514068604,0.6327327489852905
YKL007W,YLR359W,0,0.32693803,0.1330224871635437,0.9603960514068604,0.6328328251838684
YGL087C,YIL083C,1,0.3268233,0.13314136862754822,0.9613861441612244,0.6328328251838684
YPR204W,YHR059W,0,0.32570314,0.13312311470508575,0.9613861441612244,0.6329329609870911
YPR167C,YKR056W,0,0.32450897,0.1331048607826233,0.9613861441612244,0.633033037185669
YER154W,YKL168C,0,0.32449698,0.13308662176132202,0.9613861441612244,0.6331331133842468
YOR206W,YER115C,0,0.32234323,0.13306838274002075,0.9613861441612244,0.6332332491874695
YPL147W,YLL043W,0,0.32189083,0.13305014371871948,0.9613861441612244,0.6333333253860474
YDR383C,YML058W-A,0,0.32163137,0.1330319195985794,0.9613861441612244,0.63343346118927
YOR038C,YGL004C,0,0.31912214,0.13301369547843933,0.9613861441612244,0.6335335373878479
YBR066C,YHR039C-A,0,0.31888676,0.13299548625946045,0.9613861441612244,0.6336336135864258
YIL177C,YIL035C,0,0.31773937,0.13297726213932037,0.9613861441612244,0.6337337493896484
YHR209W,YJL213W,0,0.3158915,0.1329590529203415,0.9613861441612244,0.6338338255882263
YBR275C,YGR214W,0,0.3128949,0.1329408586025238,0.9613861441612244,0.633933961391449
YPR162C,YDR233C,0,0.31020212,0.13292264938354492,0.9613861441612244,0.6340340375900269
YEL022W,YOL004W,0,0.30935192,0.13290445506572723,0.9613861441612244,0.6341341137886047
YKL013C,YKL085W,0,0.30619147,0.13288627564907074,0.9613861441612244,0.6342342495918274
YIL017W,YDR364C,0,0.305165,0.13286809623241425,0.9613861441612244,0.6343343257904053
YJL060W,YLR020C,0,0.3046456,0.13284991681575775,0.9613861441612244,0.6344344615936279
YMR033W,YNR013C,0,0.30374607,0.13283173739910126,0.9613861441612244,0.6345345377922058
YKL074C,YDR261W-A,0,0.30177233,0.13281357288360596,0.9613861441612244,0.6346346139907837
YHR175W,YMR034C,0,0.30160996,0.13279540836811066,0.9613861441612244,0.6347347497940063
YKL170W,YMR238W,0,0.3012642,0.13277724385261536,0.9613861441612244,0.6348348259925842
YMR276W,YMR033W,0,0.30072933,0.13275909423828125,0.9613861441612244,0.6349349617958069
YOL066C,YHR059W,0,0.3003506,0.13274094462394714,0.9613861441612244,0.6350350379943848
YPR011C,YDR414C,0,0.29976267,0.13272279500961304,0.9613861441612244,0.6351351141929626
YDR449C,YIL076W,0,0.29933345,0.13270466029644012,0.9613861441612244,0.6352352499961853
YMR033W,YDR146C,0,0.295699,0.1326865255832672,0.9613861441612244,0.6353353261947632
YIL128W,YMR246W,0,0.29520375,0.1326683908700943,0.9613861441612244,0.6354354619979858
YDR518W,YLR227W-B,0,0.29072446,0.13265027105808258,0.9613861441612244,0.6355355381965637
YNL284C-A,YDR195W,0,0.29037285,0.13263215124607086,0.9613861441612244,0.6356356143951416
YMR218C,YMR046C,0,0.29021668,0.13261404633522034,0.9613861441612244,0.6357357501983643
YOR317W,YMR113W,1,0.28998518,0.13273248076438904,0.9623762369155884,0.6357357501983643
YGR177C,YOR142W-A,0,0.28761974,0.13271436095237732,0.9623762369155884,0.6358358263969421
YOL026C,YCL003W,0,0.28752244,0.1326962411403656,0.9623762369155884,0.6359359622001648
YER151C,YIL048W,0,0.28677648,0.13267813622951508,0.9623762369155884,0.6360360383987427
YJL053W,YLR330W,0,0.28671467,0.13266003131866455,0.9623762369155884,0.6361361145973206
YHR085W,YDR508C,0,0.2865752,0.13264192640781403,0.9623762369155884,0.6362362504005432
YAL033W,YER138C,0,0.2854487,0.1326238214969635,0.9623762369155884,0.6363363265991211
YPR158C-C,YFR036W,0,0.28340283,0.13260573148727417,0.9623762369155884,0.6364364624023438
YNL044W,YDR353W,0,0.28331667,0.13258764147758484,0.9623762369155884,0.6365365386009216
YDR518W,YOL108C,0,0.28235832,0.1325695514678955,0.9623762369155884,0.6366366147994995
YKL126W,YOR311C,0,0.27967697,0.13255147635936737,0.9623762369155884,0.6367367506027222
YNL274C,YKL094W,0,0.27846038,0.13253340125083923,0.9623762369155884,0.6368368268013
YDR419W,YDR337W,0,0.2780625,0.1325153410434723,0.9623762369155884,0.6369369626045227
YPL150W,YBR243C,0,0.27770346,0.13249728083610535,0.9623762369155884,0.6370370388031006
YIL094C,YNL147W,0,0.2775067,0.1324792206287384,0.9623762369155884,0.6371371150016785
YER008C,YLR228C,0,0.2771244,0.13246116042137146,0.9623762369155884,0.6372372508049011
YLR033W,YDR444W,0,0.27648252,0.1324431151151657,0.9623762369155884,0.637337327003479
YNR031C,YKR026C,0,0.27564147,0.13242506980895996,0.9623762369155884,0.6374374628067017
YER014C-A,YAL016W,0,0.27434677,0.1324070245027542,0.9623762369155884,0.6375375390052795
YHR029C,YFL048C,0,0.27083835,0.13238899409770966,0.9623762369155884,0.6376376152038574
YNL281W,YKL205W,0,0.27044606,0.1323709636926651,0.9623762369155884,0.6377377510070801
YHR175W,YER162C,0,0.2672695,0.13235294818878174,0.9623762369155884,0.637837827205658
YEL062W,YPR138C,0,0.26722217,0.13233491778373718,0.9623762369155884,0.6379379630088806
YNL153C,YML099C,0,0.2645828,0.13231690227985382,0.9623762369155884,0.6380380392074585
YDL111C,YJR028W,0,0.26202035,0.13229890167713165,0.9623762369155884,0.6381381154060364
YBL058W,YMR078C,0,0.26184124,0.1322808861732483,0.9623762369155884,0.638238251209259
YML032C,YOL045W,0,0.2617577,0.13226288557052612,0.9623762369155884,0.6383383274078369
YHL012W,YBR096W,0,0.26083338,0.13224489986896515,0.9623762369155884,0.6384384632110596
YIR011C,YLR391W,0,0.26015618,0.13222691416740417,0.9623762369155884,0.6385385394096375
YOR209C,YGL062W,1,0.25984865,0.13234494626522064,0.9633663296699524,0.6385385394096375
YGL241W,YJR103W,0,0.2575885,0.13232694566249847,0.9633663296699524,0.6386386156082153
YNL314W,YML049C,0,0.25715846,0.1323089450597763,0.9633663296699524,0.638738751411438
YPL040C,YOR142W,1,0.25575608,0.132426917552948,0.9643564224243164,0.638738751411438
YNL044W,YBR096W,0,0.25395787,0.13240891695022583,0.9643564224243164,0.6388388276100159
YMR146C,YDR310C,0,0.25356495,0.13239091634750366,0.9643564224243164,0.6389389634132385
YNR004W,YKL015W,0,0.25241566,0.1323729306459427,0.9643564224243164,0.6390390396118164
YGR169C,YMR078C,0,0.2522353,0.1323549449443817,0.9643564224243164,0.6391391158103943
YIL080W,YNL238W,0,0.24907666,0.13233695924282074,0.9643564224243164,0.6392392516136169
YOL004W,YNR072W,0,0.24868886,0.13231897354125977,0.9643564224243164,0.6393393278121948
YMR284W,YOR310C,0,0.2475996,0.13230100274085999,0.9643564224243164,0.6394394636154175
YDR415C,YDR353W,0,0.24419838,0.1322830319404602,0.9643564224243164,0.6395395398139954
YBR222C,YNR057C,1,0.24288452,0.13240087032318115,0.9653465151786804,0.6395395398139954
YCL018W,YML045W-A,0,0.24133691,0.13238288462162018,0.9653465151786804,0.6396396160125732
YER049W,YML058W-A,0,0.23996948,0.1323649138212204,0.9653465151786804,0.6397397518157959
YKR055W,YNR072W,0,0.23660797,0.1323469579219818,0.9653465151786804,0.6398398280143738
YDR034C,YNR057C,0,0.23590468,0.13232898712158203,0.9653465151786804,0.6399399638175964
YKL210W,YIR005W,0,0.23304656,0.13231103122234344,0.9653465151786804,0.6400400400161743
YDR530C,YOR351C,0,0.23154104,0.13229307532310486,0.9653465151786804,0.6401401162147522
YPR024W,YGL113W,0,0.23128068,0.13227513432502747,0.9653465151786804,0.6402402520179749
YNL230C,YDR364C,0,0.23117584,0.13225719332695007,0.9653465151786804,0.6403403282165527
YHL027W,YGR222W,0,0.22951439,0.13223925232887268,0.9653465151786804,0.6404404640197754
YBR115C,YOR340C,0,0.22871143,0.1322213113307953,0.9653465151786804,0.6405405402183533
YLR386W,YDL077C,0,0.22753859,0.1322033852338791,0.9653465151786804,0.6406406164169312
YER046W,YDR140W,0,0.2275191,0.1321854591369629,0.9653465151786804,0.6407407522201538
YOR106W,YKL189W,0,0.2234264,0.13216754794120789,0.9653465151786804,0.6408408284187317
YHR060W,YOR219C,0,0.2181316,0.13214963674545288,0.9653465151786804,0.6409409642219543
YOR219C,YML080W,0,0.21756124,0.13213172554969788,0.9653465151786804,0.6410410404205322
YMR270C,YPL093W,0,0.21689439,0.13211381435394287,0.9653465151786804,0.6411411166191101
YER125W,YPL096W,0,0.21311054,0.13209591805934906,0.9653465151786804,0.6412412524223328
YPR200C,YFR001W,0,0.21307476,0.13207802176475525,0.9653465151786804,0.6413413286209106
YGR052W,YBR093C,0,0.21024573,0.13206014037132263,0.9653465151786804,0.6414414644241333
YLR314C,YDL022W,0,0.21007895,0.13204225897789001,0.9653465151786804,0.6415415406227112
YDR242W,YOR317W,1,0.20863748,0.1321597844362259,0.9663366079330444,0.6415415406227112
YKL171W,YKL144C,0,0.20812976,0.13214188814163208,0.9663366079330444,0.6416416168212891
YMR227C,YJL006C,0,0.20681503,0.13212400674819946,0.9663366079330444,0.6417417526245117
YGL209W,YPL151C,0,0.2059049,0.13210612535476685,0.9663366079330444,0.6418418288230896
YBR125C,YPL099C,0,0.20565641,0.13208824396133423,0.9663366079330444,0.6419419646263123
YPR011C,YBR037C,0,0.20557666,0.1320703625679016,0.9663366079330444,0.6420420408248901
YIL139C,YDL040C,0,0.20495224,0.1320524960756302,0.9663366079330444,0.642142117023468
YHR211W,YDR072C,0,0.20488599,0.13203462958335876,0.9663366079330444,0.6422422528266907
YGR056W,YJR031C,0,0.20102936,0.13201677799224854,0.9663366079330444,0.6423423290252686
YBR145W,YIL042C,0,0.19773519,0.1319989114999771,0.9663366079330444,0.6424424648284912
YLR219W,YCR011C,0,0.19642732,0.13198107481002808,0.9663366079330444,0.6425425410270691
YHR066W,YGR199W,0,0.19548082,0.13196322321891785,0.9663366079330444,0.642642617225647
YKR066C,YNL110C,0,0.1951294,0.1319453865289688,0.9663366079330444,0.6427427530288696
YNL147W,YBR093C,0,0.19425389,0.13192754983901978,0.9663366079330444,0.6428428292274475
YPR137C-A,YNL202W,0,0.19400917,0.13190971314907074,0.9663366079330444,0.6429429650306702
YPL082C,YDR151C,0,0.1939292,0.1318918913602829,0.9663366079330444,0.643043041229248
YMR033W,YCL052C,0,0.19234842,0.13187406957149506,0.9663366079330444,0.6431431174278259
YOR147W,YEL036C,0,0.19153094,0.13185624778270721,0.9663366079330444,0.6432432532310486
YKL200C,YER150W,0,0.18874145,0.13183844089508057,0.9663366079330444,0.6433433294296265
YBR042C,YMR229C,0,0.18488705,0.13182063400745392,0.9663366079330444,0.6434434652328491
YDL128W,YLR278C,0,0.18333262,0.13180284202098846,0.9663366079330444,0.643543541431427
YLR020C,YJL171C,0,0.18266237,0.13178503513336182,0.9663366079330444,0.6436436176300049
YJL194W,YPR127W,0,0.18119872,0.13176724314689636,0.9663366079330444,0.6437437534332275
YDL024C,YNR044W,0,0.18077385,0.1317494660615921,0.9663366079330444,0.6438438296318054
YBL026W,YOR349W,0,0.18035841,0.13173167407512665,0.9663366079330444,0.6439439654350281
YOL093W,YLR325C,0,0.1798585,0.1317138969898224,0.9663366079330444,0.644044041633606
YMR273C,YLR325C,0,0.17976332,0.13169613480567932,0.9663366079330444,0.6441441178321838
YLL029W,YLR009W,0,0.17870194,0.13167835772037506,0.9663366079330444,0.6442442536354065
YJR127C,YML109W,0,0.17844576,0.131660595536232,0.9663366079330444,0.6443443298339844
YIL142W,YJL081C,0,0.17662808,0.13164283335208893,0.9663366079330444,0.644444465637207
YNL050C,YOR099W,0,0.1760791,0.13162508606910706,0.9663366079330444,0.6445445418357849
YER138C,YGR145W,0,0.17504859,0.13160733878612518,0.9663366079330444,0.6446446180343628
YOR297C,YLL033W,0,0.1723398,0.1315895915031433,0.9663366079330444,0.6447447538375854
YGL233W,YJR140C,0,0.17187786,0.13157185912132263,0.9663366079330444,0.6448448300361633
YKL009W,YMR097C,0,0.16686085,0.13155411183834076,0.9663366079330444,0.644944965839386
YLR390W,YGR134W,0,0.16583186,0.13153639435768127,0.9663366079330444,0.6450450420379639
YPR162C,YLR183C,0,0.16118443,0.1315186619758606,0.9663366079330444,0.6451451182365417
YPR080W,YDR444W,0,0.16078103,0.1315009444952011,0.9663366079330444,0.6452452540397644
YOR038C,YJL095W,0,0.16010097,0.13148322701454163,0.9663366079330444,0.6453453302383423
YLR157C,YMR193W,0,0.15994118,0.13146552443504333,0.9663366079330444,0.6454454660415649
YPL134C,YNL258C,0,0.15820518,0.13144780695438385,0.9663366079330444,0.6455455422401428
YPR191W,YNL282W,0,0.15731883,0.13143010437488556,0.9663366079330444,0.6456456184387207
YJL006C,YKL015W,0,0.15685713,0.13141241669654846,0.9663366079330444,0.6457457542419434
YFR029W,YGL010W,0,0.15680933,0.13139472901821136,0.9663366079330444,0.6458458304405212
YPR204W,YER002W,0,0.15314704,0.13137704133987427,0.9663366079330444,0.6459459662437439
YPL276W,YGL071W,0,0.15272534,0.13135935366153717,0.9663366079330444,0.6460460424423218
YJL144W,YDR262W,0,0.15183216,0.13134168088436127,0.9663366079330444,0.6461461186408997
YNR060W,YBR061C,0,0.14987415,0.13132400810718536,0.9663366079330444,0.6462462544441223
YBR006W,YGL062W,0,0.14763191,0.13130633533000946,0.9663366079330444,0.6463463306427002
YDL084W,YGR072W,0,0.14696395,0.13128867745399475,0.9663366079330444,0.6464464664459229
YBR128C,YOR393W,0,0.14252561,0.13127101957798004,0.9663366079330444,0.6465465426445007
YJL004C,YGL037C,0,0.14224327,0.13125336170196533,0.9663366079330444,0.6466466188430786
YMR241W,YLL033W,0,0.14219368,0.13123571872711182,0.9663366079330444,0.6467467546463013
YOR324C,YDR173C,0,0.14198315,0.1312180757522583,0.9663366079330444,0.6468468308448792
YKL103C,YNR044W,0,0.13974178,0.13120043277740479,0.9663366079330444,0.6469469666481018
YLR344W,YKL189W,0,0.13845432,0.13118278980255127,0.9663366079330444,0.6470470428466797
YBR183W,YJL082W,0,0.1363374,0.13116516172885895,0.9663366079330444,0.6471471190452576
YIL088C,YNL304W,0,0.1348939,0.13114753365516663,0.9663366079330444,0.6472472548484802
YPR125W,YDL039C,0,0.13443035,0.1311299204826355,0.9663366079330444,0.6473473310470581
YBR282W,YDR404C,0,0.13395596,0.13111230731010437,0.9663366079330444,0.6474474668502808
YKL170W,YIL135C,0,0.13343239,0.13109469413757324,0.9663366079330444,0.6475475430488586
YDR079W,YKL003C,0,0.13234746,0.13107708096504211,0.9663366079330444,0.6476476192474365
YKL182W,YLR309C,0,0.13233924,0.13105948269367218,0.9663366079330444,0.6477477550506592
YGR281W,YOR123C,0,0.13043392,0.13104188442230225,0.9663366079330444,0.6478478312492371
YBL011W,YMR034C,0,0.13013351,0.1310243010520935,0.9663366079330444,0.6479479670524597
YJL060W,YLR209C,0,0.1273719,0.13100671768188477,0.9663366079330444,0.6480480432510376
YDR304C,YFL023W,0,0.12712622,0.13098913431167603,0.9663366079330444,0.6481481194496155
YDL206W,YNL230C,0,0.12584305,0.13097155094146729,0.9663366079330444,0.6482482552528381
YLR264W,YGR255C,0,0.12527795,0.13095398247241974,0.9663366079330444,0.648348331451416
YIL142W,YGL226C-A,0,0.12333089,0.1309364140033722,0.9663366079330444,0.6484484672546387
YGR169C,YDL059C,0,0.1232616,0.13091884553432465,0.9663366079330444,0.6485485434532166
YJL178C,YIL140W,0,0.12142539,0.1309012919664383,0.9663366079330444,0.6486486196517944
YER055C,YLL040C,0,0.12132907,0.13088373839855194,0.9663366079330444,0.6487487554550171
YPL134C,YDR083W,0,0.119267166,0.1308661848306656,0.9663366079330444,0.648848831653595
YDR174W,YBL085W,0,0.114547014,0.13084864616394043,0.9663366079330444,0.6489489674568176
YBR128C,YPR152C,0,0.11441624,0.13083109259605408,0.9663366079330444,0.6490490436553955
YDR369C,YMR295C,0,0.10782498,0.1308135688304901,0.9663366079330444,0.6491491198539734
YOL107W,YPL259C,0,0.10706335,0.13079603016376495,0.9663366079330444,0.649249255657196
YGR020C,YGR155W,0,0.10703486,0.130778506398201,0.9663366079330444,0.6493493318557739
YMR246W,YML128C,0,0.10684264,0.13076098263263702,0.9663366079330444,0.6494494676589966
YNL008C,YNR057C,0,0.106727295,0.13074347376823425,0.9663366079330444,0.6495495438575745
YNL008C,YLR278C,0,0.104218125,0.13072596490383148,0.9663366079330444,0.6496496200561523
YHR066W,YGL163C,0,0.10324216,0.1307084560394287,0.9663366079330444,0.649749755859375
YDR457W,YPL234C,1,0.10264787,0.13082484900951385,0.9673267602920532,0.649749755859375
YDR518W,YOR377W,0,0.1021567,0.13080734014511108,0.9673267602920532,0.6498498320579529
YHR005C-A,YDR353W,0,0.10114628,0.1307898312807083,0.9673267602920532,0.6499499678611755
YGR056W,YAL054C,0,0.10017675,0.13077232241630554,0.9673267602920532,0.6500500440597534
YGR113W,YDR146C,0,0.09786311,0.13075481355190277,0.9673267602920532,0.6501501798629761
YAL024C,YER019C-A,0,0.097691774,0.1307373195886612,0.9673267602920532,0.650250256061554
YPR113W,YDL197C,0,0.09728868,0.13071982562541962,0.9673267602920532,0.6503503322601318
YBL098W,YBR072W,0,0.09682143,0.13070234656333923,0.9673267602920532,0.6504504680633545
YKL171W,YGR143W,0,0.096260935,0.13068485260009766,0.9673267602920532,0.6505505442619324
YLR278C,YJL082W,0,0.09499401,0.13066737353801727,0.9673267602920532,0.650650680065155
YDL054C,YPL240C,0,0.09449801,0.13064990937709808,0.9673267602920532,0.6507507562637329
YMR200W,YJL006C,0,0.092671126,0.1306324303150177,0.9673267602920532,0.6508508324623108
YKL061W,YDL015C,0,0.09195007,0.1306149661540985,0.9673267602920532,0.6509509682655334
YGL212W,YEL030W,0,0.090628,0.13059751689434052,0.9673267602920532,0.6510510444641113
YCR060W,YOR243C,0,0.09037301,0.13058005273342133,0.9673267602920532,0.651151180267334
YBR257W,YMR143W,0,0.08999848,0.13056260347366333,0.9673267602920532,0.6512512564659119
YER014C-A,YGR276C,0,0.089396715,0.13054516911506653,0.9673267602920532,0.6513513326644897
YJR107W,YDR444W,0,0.08916947,0.13052771985530853,0.9673267602920532,0.6514514684677124
YMR013C,YER145C,0,0.088124424,0.13051028549671173,0.9673267602920532,0.6515515446662903
YLR386W,YDR138W,0,0.08802658,0.13049285113811493,0.9673267602920532,0.6516516804695129
YMR061W,YJL144W,0,0.0804795,0.13047543168067932,0.9673267602920532,0.6517517566680908
YJL114W,YJR032W,0,0.07989861,0.1304580122232437,0.9673267602920532,0.6518518328666687
YDR159W,YJR140C,0,0.07931796,0.1304405927658081,0.9673267602920532,0.6519519686698914
YEL040W,YNL175C,0,0.07740185,0.1304231733083725,0.9673267602920532,0.6520520448684692
YJL128C,YKL095W,0,0.07604444,0.13040576875209808,0.9673267602920532,0.6521521806716919
YDR229W,YJL171C,0,0.07583848,0.13038836419582367,0.9673267602920532,0.6522522568702698
YLR103C,YDL035C,0,0.07472434,0.13037095963954926,0.9673267602920532,0.6523523330688477
YHR058C,YFL017W-A,0,0.07263982,0.13035356998443604,0.9673267602920532,0.6524524688720703
YGR264C,YCR012W,0,0.07231581,0.13033618032932281,0.9673267602920532,0.6525525450706482
YBL058W,YHR214C-B,0,0.07118708,0.1303187906742096,0.9673267602920532,0.6526526808738708
YIL083C,YDR369C,0,0.06880809,0.13030141592025757,0.9673267602920532,0.6527527570724487
YGR085C,YMR308C,0,0.068775296,0.13028404116630554,0.9673267602920532,0.6528528332710266
YOR237W,YHR174W,0,0.0685201,0.13026666641235352,0.9673267602920532,0.6529529690742493
YIL088C,YPL104W,0,0.06735745,0.13024930655956268,0.9673267602920532,0.6530530452728271
YAR027W,YPR083W,0,0.066805005,0.13023193180561066,0.9673267602920532,0.6531531810760498
YNL314W,YBL079W,0,0.06429708,0.13021458685398102,0.9673267602920532,0.6532532572746277
YKL013C,YLR050C,0,0.062240988,0.13019722700119019,0.9673267602920532,0.6533533334732056
YKL190W,YMR238W,0,0.06140408,0.13017988204956055,0.9673267602920532,0.6534534692764282
YJR112W,YDR226W,0,0.06091076,0.1301625370979309,0.9673267602920532,0.6535535454750061
YLR390W,YDL140C,0,0.05915472,0.13014519214630127,0.9673267602920532,0.6536536812782288
YPR171W,YIL017W,0,0.059010148,0.13012786209583282,0.9673267602920532,0.6537537574768066
YOL107W,YAL040C,0,0.05774373,0.13011053204536438,0.9673267602920532,0.6538538336753845
YNL236W,YPL119C,0,0.057681322,0.13009320199489594,0.9673267602920532,0.6539539694786072
YHR029C,YEL029C,0,0.053222895,0.13007588684558868,0.9673267602920532,0.6540540456771851
YBR115C,YMR065W,0,0.0503006,0.13005857169628143,0.9673267602920532,0.6541541814804077
YOR148C,YNR035C,0,0.049754634,0.13004125654697418,0.9673267602920532,0.6542542576789856
YPL087W,YER046W,0,0.04903412,0.13002395629882812,0.9673267602920532,0.6543543338775635
YCL043C,YBR141C,0,0.045657992,0.13000665605068207,0.9673267602920532,0.6544544696807861
YLL017W,YIL140W,0,0.045259655,0.129989355802536,0.9673267602920532,0.654554545879364
YKL061W,YMR114C,0,0.04498461,0.12997207045555115,0.9673267602920532,0.6546546816825867
YPR137W,YGL203C,0,0.044770718,0.1299547702074051,0.9673267602920532,0.6547547578811646
YNL284C,YER104W,0,0.043369174,0.12993748486042023,0.9673267602920532,0.6548548340797424
YDR383C,YDL142C,0,0.043318555,0.12992021441459656,0.9673267602920532,0.6549549698829651
YIL108W,YJL124C,0,0.04129517,0.1299029439687729,0.9673267602920532,0.655055046081543
YLR163C,YKL085W,0,0.04094109,0.12988567352294922,0.9673267602920532,0.6551551818847656
YDR527W,YDR229W,0,0.039411366,0.12986840307712555,0.9673267602920532,0.6552552580833435
YLR191W,YGL060W,0,0.03464675,0.12985114753246307,0.9673267602920532,0.6553553342819214
YMR090W,YFL023W,0,0.034051538,0.1298338919878006,0.9673267602920532,0.655455470085144
YPR135W,YKR026C,0,0.033886388,0.12981663644313812,0.9673267602920532,0.6555555462837219
YOR209C,YML036W,0,0.03297147,0.12979939579963684,0.9673267602920532,0.6556556820869446
YDR411C,YPL196W,0,0.031079948,0.12978214025497437,0.9673267602920532,0.6557557582855225
YER162C,YJL128C,0,0.02873224,0.12976491451263428,0.9673267602920532,0.6558558344841003
YKL171W,YKL022C,0,0.028322265,0.129747673869133,0.9673267602920532,0.655955970287323
YOL049W,YER087W,1,0.02693808,0.12986323237419128,0.9683168530464172,0.655955970287323
YPL082C,YPL274W,0,0.026315153,0.12984599173069,0.9683168530464172,0.6560560464859009
YBL113C,YIL132C,0,0.025532871,0.12982875108718872,0.9683168530464172,0.6561561822891235
YFL035C,YNR060W,0,0.024836421,0.12981152534484863,0.9683168530464172,0.6562562584877014
YDR494W,YGR268C,0,0.024834156,0.12979429960250854,0.9683168530464172,0.6563563346862793
YDR306C,YNR035C,0,0.024201453,0.12977707386016846,0.9683168530464172,0.656456470489502
YDL227C,YGR089W,0,0.022104442,0.12975984811782837,0.9683168530464172,0.6565565466880798
YIL080W,YBR173C,0,0.022038013,0.12974263727664948,0.9683168530464172,0.6566566824913025
YOR020C,YLR151C,0,0.020813823,0.12972542643547058,0.9683168530464172,0.6567567586898804
YDR081C,YGL103W,0,0.020553589,0.1297082155942917,0.9683168530464172,0.6568568348884583
YDL121C,YOL090W,0,0.018223107,0.129691019654274,0.9683168530464172,0.6569569706916809
YOL111C,YOL104C,0,0.017226994,0.1296738237142563,0.9683168530464172,0.6570570468902588
YMR112C,YAL054C,0,0.013722539,0.12965664267539978,0.9683168530464172,0.6571571826934814
YHR156C,YLR330W,0,0.013550758,0.12963944673538208,0.9683168530464172,0.6572572588920593
YGL158W,YFR033C,0,0.012655437,0.12962226569652557,0.9683168530464172,0.6573573350906372
YDR411C,YDL039C,0,0.011591375,0.12960508465766907,0.9683168530464172,0.6574574708938599
YER049W,YKR069W,0,0.011553168,0.12958791851997375,0.9683168530464172,0.6575575470924377
YCL024W,YLR164W,0,0.011418462,0.12957075238227844,0.9683168530464172,0.6576576828956604
YDR411C,YJR031C,0,0.011132747,0.12955358624458313,0.9683168530464172,0.6577577590942383
YMR276W,YOR180C,0,0.010200024,0.12953642010688782,0.9683168530464172,0.6578578352928162
YMR020W,YJR031C,0,0.009685338,0.1295192688703537,0.9683168530464172,0.6579579710960388
YML058W-A,YDR403W,0,0.008955121,0.12950211763381958,0.9683168530464172,0.6580580472946167
YLL034C,YIL020C,0,0.005073555,0.12948496639728546,0.9683168530464172,0.6581581830978394
YGR056W,YDL083C,0,0.0007636249,0.12946783006191254,0.9683168530464172,0.6582582592964172
YFR045W,YNR072W,0,0.0006991029,0.1294506937265396,0.9683168530464172,0.6583583354949951
YDR453C,YOL151W,0,-0.00093483925,0.1294335573911667,0.9683168530464172,0.6584584712982178
YGR199W,YGR012W,0,-0.00580582,0.12941643595695496,0.9683168530464172,0.6585585474967957
YDL121C,YNL079C,0,-0.0092384815,0.12939931452274323,0.9683168530464172,0.6586586833000183
YGL094C,YKL205W,0,-0.009724081,0.1293821930885315,0.9683168530464172,0.6587587594985962
YNL050C,YLR103C,0,-0.011025488,0.12936508655548096,0.9683168530464172,0.6588588356971741
YKL103C,YOR299W,0,-0.011055112,0.12934796512126923,0.9683168530464172,0.6589589715003967
YGR036C,YGL019W,0,-0.011882052,0.1293308585882187,0.9683168530464172,0.6590590476989746
YNL283C,YGL203C,0,-0.012224674,0.12931376695632935,0.9683168530464172,0.6591591835021973
YLR329W,YDR389W,0,-0.015660822,0.12929667532444,0.9683168530464172,0.6592592597007751
YIL035C,YCL032W,0,-0.017708331,0.12927958369255066,0.9683168530464172,0.659359335899353
YDR196C,YMR179W,0,-0.024748921,0.12926249206066132,0.9683168530464172,0.6594594717025757
YOR291W,YDR151C,0,-0.027747333,0.12924540042877197,0.9683168530464172,0.6595595479011536
YNL095C,YJL149W,0,-0.02988094,0.12922832369804382,0.9683168530464172,0.6596596837043762
YCL024W,YIL042C,0,-0.03201729,0.12921126186847687,0.9683168530464172,0.6597597599029541
YKL182W,YAR031W,0,-0.03250444,0.12919418513774872,0.9683168530464172,0.659859836101532
YFL014W,YOR279C,0,-0.03370981,0.12917712330818176,0.9683168530464172,0.6599599719047546
YDR026C,YNL084C,0,-0.03374107,0.1291600614786148,0.9683168530464172,0.6600600481033325
YOR106W,YIL132C,0,-0.03417568,0.12914301455020905,0.9683168530464172,0.6601601839065552
YMR005W,YDL202W,0,-0.034253716,0.1291259527206421,0.9683168530464172,0.6602602601051331
YPL151C,YIL135C,0,-0.035030894,0.12910890579223633,0.9683168530464172,0.6603603363037109
YNL160W,YDL077C,0,-0.035832614,0.12909187376499176,0.9683168530464172,0.6604604721069336
YPL213W,YOR304W,0,-0.035859942,0.129074826836586,0.9683168530464172,0.6605605483055115
YFL048C,YLR042C,0,-0.03807044,0.12905779480934143,0.9683168530464172,0.6606606841087341
YDR076W,YGR084C,0,-0.041011095,0.12904077768325806,0.9683168530464172,0.660760760307312
YOR349W,YOR327C,0,-0.041221797,0.1290237456560135,0.9683168530464172,0.6608608365058899
YHR061C,YPL273W,0,-0.044880748,0.12900672852993011,0.9683168530464172,0.6609609723091125
YDR498C,YEL070W,0,-0.045665264,0.12898971140384674,0.9683168530464172,0.6610610485076904
YPL223C,YJR053W,0,-0.050098464,0.12897270917892456,0.9683168530464172,0.6611611843109131
YKR102W,YIL047C,0,-0.050779283,0.1289556920528412,0.9683168530464172,0.661261260509491
YHR174W,YMR270C,0,-0.053893328,0.128938689827919,0.9683168530464172,0.6613613367080688
YLR043C,YBR276C,0,-0.054001033,0.12892170250415802,0.9683168530464172,0.6614614725112915
YIL143C,YER162C,0,-0.054299086,0.12890470027923584,0.9683168530464172,0.6615615487098694
YOL066C,YMR270C,0,-0.05737394,0.12888771295547485,0.9683168530464172,0.661661684513092
YBL028C,YHR156C,0,-0.057879418,0.12887074053287506,0.9683168530464172,0.6617617607116699
YOR251C,YPR159W,0,-0.058859587,0.12885375320911407,0.9683168530464172,0.6618618369102478
YDR429C,YOR219C,0,-0.062073454,0.12883678078651428,0.9683168530464172,0.6619619727134705
YGL062W,YPR083W,0,-0.062104225,0.1288198083639145,0.9683168530464172,0.6620620489120483
YAL024C,YKL095W,0,-0.06251611,0.1288028508424759,0.9683168530464172,0.662162184715271
YML099C,YLR187W,0,-0.06661585,0.1287858784198761,0.9683168530464172,0.6622622609138489
YER117W,YBR118W,0,-0.06735891,0.1287689208984375,0.9683168530464172,0.6623623371124268
YDR138W,YMR296C,0,-0.07172471,0.1287519782781601,0.9683168530464172,0.6624624729156494
YBR294W,YPR080W,0,-0.07191672,0.1287350207567215,0.9683168530464172,0.6625625491142273
YIL170W,YAL039C,0,-0.0719744,0.1287180781364441,0.9683168530464172,0.66266268491745
YGR238C,YML128C,0,-0.07220669,0.12870115041732788,0.9683168530464172,0.6627627611160278
YDR306C,YER168C,0,-0.07284221,0.12868420779705048,0.9683168530464172,0.6628628373146057
YLR206W,YDR306C,0,-0.074232996,0.12866728007793427,0.9683168530464172,0.6629629731178284
YGR288W,YBR222C,0,-0.07426351,0.12865035235881805,0.9683168530464172,0.6630630493164062
YLR228C,YDL021W,0,-0.07804397,0.12863343954086304,0.9683168530464172,0.6631631851196289
YBL041W,YOR194C,0,-0.078155935,0.12861651182174683,0.9683168530464172,0.6632632613182068
YLR344W,YER087C-B,0,-0.08099872,0.1285995990037918,0.9683168530464172,0.6633633375167847
YBR006W,YJR112W,0,-0.083515406,0.12858270108699799,0.9683168530464172,0.6634634733200073
YLR285W,YBR026C,0,-0.0842917,0.12856578826904297,0.9683168530464172,0.6635635495185852
YNL160W,YDR306C,0,-0.08518855,0.12854889035224915,0.9683168530464172,0.6636636853218079
YKR006C,YMR099C,0,-0.08590964,0.12853200733661652,0.9683168530464172,0.6637637615203857
YLR228C,YGR012W,0,-0.086393476,0.1285151094198227,0.9683168530464172,0.6638638377189636
YDR499W,YML036W,0,-0.08741218,0.12849822640419006,0.9683168530464172,0.6639639735221863
YDR205W,YDR496C,0,-0.088171005,0.12848134338855743,0.9683168530464172,0.6640640497207642
YOR301W,YMR213W,0,-0.09061885,0.128464475274086,0.9683168530464172,0.6641641855239868
YOL112W,YJL130C,0,-0.091276675,0.12844759225845337,0.9683168530464172,0.6642642617225647
YKL166C,YLR278C,0,-0.09547758,0.12843072414398193,0.9683168530464172,0.6643643379211426
YOL093W,YJR063W,0,-0.09912294,0.1284138709306717,0.9683168530464172,0.6644644737243652
YMR308C,YFL023W,0,-0.10080373,0.12839700281620026,0.9683168530464172,0.6645645499229431
YBR150C,YFL013C,0,-0.102585614,0.12838014960289001,0.9683168530464172,0.6646646857261658
YER138C,YNR018W,0,-0.103792965,0.12836329638957977,0.9683168530464172,0.6647647619247437
YJR053W,YBL085W,0,-0.10602361,0.12834645807743073,0.9683168530464172,0.6648648381233215
YBR202W,YIL133C,0,-0.1080541,0.12832961976528168,0.9683168530464172,0.6649649739265442
YHR030C,YPR190C,0,-0.10954255,0.12831278145313263,0.9683168530464172,0.6650650501251221
YCR093W,YGR012W,0,-0.1097728,0.12829594314098358,0.9683168530464172,0.6651651859283447
YKL200C,YKL013C,0,-0.1101287,0.12827911972999573,0.9683168530464172,0.6652652621269226
YBR172C,YMR093W,0,-0.11056852,0.12826229631900787,0.9683168530464172,0.6653653383255005
YOR147W,YAL031C,0,-0.11160025,0.12824547290802002,0.9683168530464172,0.6654654741287231
YHR005C-A,YOL062C,0,-0.11213192,0.12822866439819336,0.9683168530464172,0.665565550327301
YOR159C,YNL223W,0,-0.112662405,0.1282118558883667,0.9683168530464172,0.6656656861305237
YLR244C,YOR098C,0,-0.11355147,0.12819504737854004,0.9683168530464172,0.6657657623291016
YMR159C,YCL052C,0,-0.11405313,0.12817823886871338,0.9683168530464172,0.6658658385276794
YDR222W,YOR180C,0,-0.11420208,0.1281614452600479,0.9683168530464172,0.6659659743309021
YOR298W,YLR389C,0,-0.11722827,0.12814465165138245,0.9683168530464172,0.66606605052948
YCL043C,YEL029C,0,-0.12124874,0.12812787294387817,0.9683168530464172,0.6661661863327026
YCR060W,YOR142W,0,-0.12156874,0.1281110793352127,0.9683168530464172,0.6662662625312805
YGR225W,YFL013C,0,-0.12344456,0.12809430062770844,0.9683168530464172,0.6663663387298584
YCL004W,YCR052W,0,-0.12554075,0.12807752192020416,0.9683168530464172,0.666466474533081
YOR138C,YOR204W,0,-0.12663731,0.12806075811386108,0.9683168530464172,0.6665665507316589
YOL104C,YMR229C,0,-0.12871501,0.128043994307518,0.9683168530464172,0.6666666865348816
YJR057W,YIL088C,0,-0.13026428,0.12802723050117493,0.9683168530464172,0.6667667627334595
YJR010W,YEL043W,0,-0.13045609,0.12801046669483185,0.9683168530464172,0.6668668389320374
YJL155C,YDR207C,0,-0.13092364,0.12799371778964996,0.9683168530464172,0.66696697473526
YKL009W,YNL304W,0,-0.13460982,0.12797696888446808,0.9683168530464172,0.6670670509338379
YGL183C,YCR087C-A,0,-0.13469738,0.1279602199792862,0.9683168530464172,0.6671671867370605
YHR029C,YDR159W,0,-0.13510601,0.1279434859752655,0.9683168530464172,0.6672672629356384
YER050C,YMR300C,0,-0.14031565,0.1279267519712448,0.9683168530464172,0.6673673391342163
YIL080W,YOR393W,0,-0.14072955,0.12791001796722412,0.9683168530464172,0.667467474937439
YJL155C,YPL011C,0,-0.14202446,0.12789329886436462,0.9683168530464172,0.6675675511360168
YOR206W,YGL183C,0,-0.14360762,0.12787656486034393,0.9683168530464172,0.6676676869392395
YHR012W,YOR323C,0,-0.14652798,0.12785984575748444,0.9683168530464172,0.6677677631378174
YMR046C,YOR393W,0,-0.14685416,0.12784314155578613,0.9683168530464172,0.6678678393363953
YKL015W,YKL094W,0,-0.14717925,0.12782642245292664,0.9683168530464172,0.6679679751396179
YHR002W,YPL196W,0,-0.14860508,0.12780971825122833,0.9683168530464172,0.6680680513381958
YJL087C,YBR115C,1,-0.14955294,0.12792369723320007,0.9693069458007812,0.6680680513381958
YDL084W,YPL082C,0,-0.149901,0.12790697813034058,0.9693069458007812,0.6681681871414185
YDR392W,YPL096W,0,-0.15159667,0.12789027392864227,0.9693069458007812,0.6682682633399963
YBR195C,YDR067C,0,-0.15291363,0.12787356972694397,0.9693069458007812,0.6683683395385742
YPR189W,YPL150W,0,-0.15516195,0.12785686552524567,0.9693069458007812,0.6684684753417969
YDR419W,YAL031C,0,-0.15573892,0.12784016132354736,0.9693069458007812,0.6685685515403748
YCL003W,YIL035C,0,-0.1563778,0.12782347202301025,0.9693069458007812,0.6686686873435974
YOL102C,YNL182C,0,-0.15954697,0.12780678272247314,0.9693069458007812,0.6687687635421753
YNL147W,YDR207C,0,-0.15992141,0.12779010832309723,0.9693069458007812,0.6688688397407532
YBR118W,YKL007W,0,-0.16040136,0.1277734339237213,0.9693069458007812,0.6689689755439758
YOR126C,YFR052W,0,-0.16059685,0.1277567595243454,0.9693069458007812,0.6690690517425537
YER100W,YDR054C,1,-0.16089833,0.1278705596923828,0.9702970385551453,0.6690690517425537
YGL050W,YIL132C,0,-0.16350305,0.1278538852930069,0.9702970385551453,0.6691691875457764
YMR099C,YOR008C,0,-0.16352126,0.1278371959924698,0.9702970385551453,0.6692692637443542
YLR264W,YDL083C,0,-0.16503203,0.12782053649425507,0.9702970385551453,0.6693693399429321
YLR291C,YLL012W,0,-0.16816491,0.12780386209487915,0.9702970385551453,0.6694694757461548
YPL050C,YLR350W,0,-0.16996455,0.12778720259666443,0.9702970385551453,0.6695695519447327
YOR232W,YLL033W,0,-0.17084208,0.1277705281972885,0.9702970385551453,0.6696696877479553
YNL110C,YER190W,0,-0.17309242,0.12775388360023499,0.9702970385551453,0.6697697639465332
YHR056C,YLR025W,0,-0.17338166,0.12773722410202026,0.9702970385551453,0.6698698401451111
YGR281W,YLR425W,0,-0.17343676,0.12772057950496674,0.9702970385551453,0.6699699759483337
YNL079C,YBR074W,0,-0.17616862,0.1277039349079132,0.9702970385551453,0.6700700521469116
YJR070C,YOR085W,0,-0.17621678,0.12768729031085968,0.9702970385551453,0.6701701879501343
YJL030W,YDR285W,0,-0.18068433,0.12767066061496735,0.9702970385551453,0.6702702641487122
YMR089C,YCR026C,0,-0.18396765,0.127654030919075,0.9702970385551453,0.6703703999519348
YMR005W,YGL237C,0,-0.18856788,0.12763740122318268,0.9702970385551453,0.6704704761505127
YGL014W,YEL036C,0,-0.18875614,0.12762078642845154,0.9702970385551453,0.6705705523490906
YBL005W-B,YNR017W,0,-0.18959373,0.1276041716337204,0.9702970385551453,0.6706706881523132
YEL022W,YPR125W,0,-0.1905027,0.12758755683898926,0.9702970385551453,0.6707707643508911
YGR179C,YJR140C,0,-0.19331224,0.12757094204425812,0.9702970385551453,0.6708709001541138
YOR106W,YOR215C,0,-0.19446436,0.12755434215068817,0.9702970385551453,0.6709709763526917
YOL165C,YNR044W,0,-0.195324,0.12753774225711823,0.9702970385551453,0.6710710525512695
YGL062W,YNL073W,1,-0.19641915,0.12765127420425415,0.9712871313095093,0.6710710525512695
YHR066W,YLR285W,0,-0.19688582,0.127634659409523,0.9712871313095093,0.6711711883544922
YNL153C,YCL003W,0,-0.1969639,0.12761805951595306,0.9712871313095093,0.6712712645530701
YJL053W,YOR020C,0,-0.1973007,0.12760145962238312,0.9712871313095093,0.6713714003562927
YJR078W,YBL092W,0,-0.19871776,0.12758485972881317,0.9712871313095093,0.6714714765548706
YJR004C,YEL029C,0,-0.20281649,0.12756827473640442,0.9712871313095093,0.6715715527534485
YLR285W,YOR239W,0,-0.20447762,0.12755168974399567,0.9712871313095093,0.6716716885566711
YCL057W,YOR355W,0,-0.20451903,0.12753510475158691,0.9712871313095093,0.671771764755249
YBR075W,YLR224W,0,-0.20624462,0.12751851975917816,0.9712871313095093,0.6718719005584717
YOL070C,YPL259C,0,-0.20723754,0.1275019496679306,0.9712871313095093,0.6719719767570496
YHR132C,YIL006W,0,-0.20788097,0.12748537957668304,0.9712871313095093,0.6720720529556274
YOR054C,YOL028C,0,-0.20834029,0.12746880948543549,0.9712871313095093,0.6721721887588501
YGL014W,YPL180W,0,-0.20913506,0.12745225429534912,0.9712871313095093,0.672272264957428
YNR067C,YER019C-A,0,-0.21000713,0.12743569910526276,0.9712871313095093,0.6723724007606506
YGR112W,YOR232W,0,-0.21043223,0.1274191439151764,0.9712871313095093,0.6724724769592285
YCR057C,YJR140C,0,-0.21217597,0.12740260362625122,0.9712871313095093,0.6725725531578064
YMR145C,YKL003C,0,-0.21266475,0.12738604843616486,0.9712871313095093,0.672672688961029
YOL082W,YIR032C,0,-0.21618018,0.12736950814723969,0.9712871313095093,0.6727727651596069
YNL178W,YKL097W-A,0,-0.21675949,0.1273529827594757,0.9712871313095093,0.6728729009628296
YGR085C,YJR053W,0,-0.21705288,0.12733644247055054,0.9712871313095093,0.6729729771614075
YMR186W,YHR039C-A,0,-0.2175557,0.12731991708278656,0.9712871313095093,0.6730730533599854
YKL171W,YHR004C,0,-0.21882355,0.12730340659618378,0.9712871313095093,0.673173189163208
YJR004C,YMR093W,0,-0.22064756,0.1272868812084198,0.9712871313095093,0.6732732653617859
YOR323C,YGR118W,0,-0.22214124,0.12727037072181702,0.9712871313095093,0.6733734011650085
YOR230W,YNL219C,0,-0.22457407,0.12725386023521423,0.9712871313095093,0.6734734773635864
YLL019C,YER162C,0,-0.22645414,0.12723734974861145,0.9712871313095093,0.6735735535621643
YER150W,YNR067C,0,-0.23116946,0.12722085416316986,0.9712871313095093,0.673673689365387
YIL143C,YHR074W,0,-0.23200414,0.12720435857772827,0.9712871313095093,0.6737737655639648
YPL200W,YOR098C,0,-0.23735544,0.12718786299228668,0.9712871313095093,0.6738739013671875
YDR281C,YFL021W,0,-0.23845553,0.1271713823080063,0.9712871313095093,0.6739739775657654
YOR071C,YGR281W,0,-0.23951292,0.1271548867225647,0.9712871313095093,0.6740740537643433
YEL052W,YDL054C,0,-0.23982763,0.1271384209394455,0.9712871313095093,0.6741741895675659
YML080W,YMR240C,0,-0.24093702,0.1271219402551651,0.9712871313095093,0.6742742657661438
YOR219C,YDR140W,0,-0.24143481,0.1271054744720459,0.9712871313095093,0.6743744015693665
YPR167C,YDL208W,0,-0.24271083,0.1270889937877655,0.9712871313095093,0.6744744777679443
YMR093W,YKL130C,0,-0.24385071,0.1270725429058075,0.9712871313095093,0.6745745539665222
YDR453C,YPL093W,0,-0.2440387,0.1270560771226883,0.9712871313095093,0.6746746897697449
YJR006W,YHR209W,0,-0.24460936,0.12703962624073029,0.9712871313095093,0.6747747659683228
YBR002C,YHR179W,0,-0.24480198,0.12702317535877228,0.9712871313095093,0.6748749017715454
YLR300W,YLR268W,0,-0.24503219,0.12700673937797546,0.9712871313095093,0.6749749779701233
YIL061C,YNR057C,0,-0.24852961,0.12699028849601746,0.9712871313095093,0.6750750541687012
YCR014C,YLR301W,0,-0.2495498,0.12697385251522064,0.9712871313095093,0.6751751899719238
YDR499W,YJL192C,0,-0.2503909,0.12695741653442383,0.9712871313095093,0.6752752661705017
YMR241W,YGR180C,0,-0.2513628,0.1269409954547882,0.9712871313095093,0.6753754019737244
YDR454C,YGR020C,0,-0.25182205,0.1269245743751526,0.9712871313095093,0.6754754781723022
YOL082W,YGL236C,0,-0.25438175,0.12690815329551697,0.9712871313095093,0.6755755543708801
YPR159W,YER115C,0,-0.2603879,0.12689173221588135,0.9712871313095093,0.6756756901741028
YMR168C,YLR386W,0,-0.26210493,0.12687532603740692,0.9712871313095093,0.6757757663726807
YGL068W,YCL004W,0,-0.26718134,0.1268589198589325,0.9712871313095093,0.6758759021759033
YPR204W,YAL038W,0,-0.2682153,0.12684251368045807,0.9712871313095093,0.6759759783744812
YPL150W,YBR080C,0,-0.26832747,0.12682612240314484,0.9712871313095093,0.6760760545730591
YOR301W,YEL031W,0,-0.26888138,0.1268097162246704,0.9712871313095093,0.6761761903762817
YDR144C,YDL197C,0,-0.27019465,0.12679332494735718,0.9712871313095093,0.6762762665748596
YAL054C,YMR203W,0,-0.27059895,0.12677694857120514,0.9712871313095093,0.6763764023780823
YOL028C,YPL188W,0,-0.2730054,0.1267605572938919,0.9712871313095093,0.6764764785766602
YOL043C,YOR098C,0,-0.2741716,0.12674418091773987,0.9712871313095093,0.676576554775238
YNL307C,YBR026C,0,-0.27582216,0.12672781944274902,0.9712871313095093,0.6766766905784607
YNL127W,YMR137C,0,-0.27703667,0.12671144306659698,0.9712871313095093,0.6767767667770386
YDR492W,YGR199W,0,-0.27795982,0.12669508159160614,0.9712871313095093,0.6768769025802612
YIL159W,YLR026C,0,-0.27979088,0.1266787201166153,0.9712871313095093,0.6769769787788391
YNR002C,YHR079C,0,-0.28156793,0.12666235864162445,0.9712871313095093,0.677077054977417
YLR289W,YDL107W,0,-0.2856065,0.1266460120677948,0.9712871313095093,0.6771771907806396
YNL052W,YOR285W,0,-0.28825593,0.12662966549396515,0.9712871313095093,0.6772772669792175
YNL304W,YIR039C,0,-0.29197186,0.1266133189201355,0.9712871313095093,0.6773774027824402
YDL028C,YEL062W,0,-0.29214334,0.12659698724746704,0.9712871313095093,0.6774774789810181
YBR125C,YKL171W,0,-0.2922523,0.1265806406736374,0.9712871313095093,0.677577555179596
YIL170W,YPR030W,0,-0.3004381,0.12656430900096893,0.9712871313095093,0.6776776909828186
YFR021W,YOL004W,0,-0.3013984,0.12654799222946167,0.9712871313095093,0.6777777671813965
YJR055W,YMR319C,0,-0.30170274,0.1265316605567932,0.9712871313095093,0.6778779029846191
YCR093W,YCR011C,0,-0.30238736,0.12651534378528595,0.9712871313095093,0.677977979183197
YBR202W,YMR078C,0,-0.30271107,0.1264990270137787,0.9712871313095093,0.6780780553817749
YBR118W,YDL216C,0,-0.30281526,0.12648272514343262,0.9712871313095093,0.6781781911849976
YHR004C,YDR472W,0,-0.3054376,0.12646642327308655,0.9712871313095093,0.6782782673835754
YBR080C,YGR105W,0,-0.30787295,0.12645012140274048,0.9712871313095093,0.6783784031867981
YNL044W,YDR472W,0,-0.30840805,0.1264338195323944,0.9712871313095093,0.678478479385376
YMR038C,YBL068W,0,-0.30924505,0.12641753256320953,0.9712871313095093,0.6785785555839539
YER138C,YBL089W,0,-0.3119886,0.12640123069286346,0.9712871313095093,0.6786786913871765
YJR147W,YDR211W,0,-0.31445765,0.12638495862483978,0.9712871313095093,0.6787787675857544
YER125W,YJL155C,0,-0.31468758,0.1263686716556549,0.9712871313095093,0.678878903388977
YEL053C,YLR026C,0,-0.31759232,0.12635239958763123,0.9712871313095093,0.6789789795875549
YPL094C,YGL050W,0,-0.31769657,0.12633612751960754,0.9712871313095093,0.6790790557861328
YCR060W,YNR021W,0,-0.32095215,0.12631985545158386,0.9712871313095093,0.6791791915893555
YNL238W,YNL121C,0,-0.32265884,0.12630359828472137,0.9712871313095093,0.6792792677879333
YMR218C,YDR195W,0,-0.32378173,0.1262873262166977,0.9712871313095093,0.679379403591156
YJR083C,YLR350W,0,-0.32388568,0.1262710839509964,0.9712871313095093,0.6794794797897339
YDL245C,YGR105W,0,-0.32499063,0.1262548267841339,0.9712871313095093,0.6795795559883118
YOR145C,YKL166C,0,-0.3252835,0.12623858451843262,0.9712871313095093,0.6796796917915344
YBR183W,YJR057W,0,-0.325861,0.12622234225273132,0.9712871313095093,0.6797797679901123
YPL007C,YNL302C,0,-0.32635343,0.12620609998703003,0.9712871313095093,0.679879903793335
YKL085W,YGR222W,0,-0.33192706,0.12618985772132874,0.9712871313095093,0.6799799799919128
YHR047C,YMR061W,0,-0.33395618,0.12617363035678864,0.9712871313095093,0.6800800561904907
YKL103C,YLR300W,0,-0.33540824,0.12615740299224854,0.9712871313095093,0.6801801919937134
YJL155C,YIL159W,0,-0.33716822,0.12614119052886963,0.9712871313095093,0.6802802681922913
YGL241W,YOR098C,0,-0.33790743,0.12612496316432953,0.9712871313095093,0.6803804039955139
YNL095C,YGL050W,0,-0.33818585,0.12610875070095062,0.9712871313095093,0.6804804801940918
YBR155W,YNL080C,0,-0.3382499,0.12609253823757172,0.9712871313095093,0.6805805563926697
YGR113W,YIL133C,0,-0.33829153,0.126076340675354,0.9712871313095093,0.6806806921958923
YDL054C,YOL108C,0,-0.3400435,0.1260601431131363,0.9712871313095093,0.6807807683944702
YEL040W,YDL039C,0,-0.3402329,0.12604394555091858,0.9712871313095093,0.6808809041976929
YER087W,YLL012W,0,-0.34025478,0.12602774798870087,0.9712871313095093,0.6809809803962708
YPL147W,YDR173C,0,-0.340971,0.12601156532764435,0.9712871313095093,0.6810810565948486
YOL043C,YFR019W,0,-0.34117034,0.12599538266658783,0.9712871313095093,0.6811811923980713
YER014C-A,YPL064C,0,-0.34122348,0.1259792000055313,0.9712871313095093,0.6812812685966492
YDR263C,YDR530C,0,-0.34558022,0.1259630173444748,0.9712871313095093,0.6813814043998718
YPL276W,YGL244W,0,-0.34678042,0.12594684958457947,0.9712871313095093,0.6814814805984497
YLR305C,YGR113W,0,-0.3474698,0.12593068182468414,0.9712871313095093,0.6815815567970276
YNL008C,YKR054C,0,-0.34873468,0.12591451406478882,0.9712871313095093,0.6816816926002502
YOR074C,YMR065W,0,-0.34896308,0.1258983612060547,0.9712871313095093,0.6817817687988281
YDR146C,YOR313C,0,-0.35029113,0.12588220834732056,0.9712871313095093,0.6818819046020508
YOL112W,YKR066C,0,-0.35517657,0.12586605548858643,0.9712871313095093,0.6819819808006287
YGL236C,YCR012W,0,-0.3557669,0.1258499026298523,0.9712871313095093,0.6820820569992065
YER175C,YMR114C,0,-0.35649323,0.12583376467227936,0.9712871313095093,0.6821821928024292
YKR055W,YHR061C,0,-0.35733992,0.12581762671470642,0.9712871313095093,0.6822822690010071
YPL087W,YDR207C,0,-0.3613823,0.12580148875713348,0.9712871313095093,0.6823824048042297
YDL054C,YGL169W,0,-0.3636607,0.12578535079956055,0.9712871313095093,0.6824824810028076
YNL027W,YNR060W,0,-0.36422905,0.1257692277431488,0.9712871313095093,0.6825825572013855
YDR229W,YGL030W,0,-0.36513433,0.12575310468673706,0.9712871313095093,0.6826826930046082
YOR212W,YPL257W-B,0,-0.36523342,0.1257369965314865,0.9712871313095093,0.682782769203186
YJL112W,YGL046W,0,-0.3670296,0.12572087347507477,0.9712871313095093,0.6828829050064087
YOL066C,YNL026W,0,-0.36774155,0.12570476531982422,0.9712871313095093,0.6829829812049866
YOR378W,YKL130C,0,-0.36971408,0.12568865716457367,0.9712871313095093,0.6830830574035645
YDL171C,YJR053W,0,-0.37017363,0.12567256391048431,0.9712871313095093,0.6831831932067871
YJL178C,YLR350W,0,-0.3736812,0.12565645575523376,0.9712871313095093,0.683283269405365
YPL042C,YEL043W,0,-0.37400305,0.1256403625011444,0.9712871313095093,0.6833834052085876
YDR082W,YMR089C,0,-0.37521666,0.12562428414821625,0.9712871313095093,0.6834834814071655
YMR145C,YOR215C,0,-0.37637568,0.1256081908941269,0.9712871313095093,0.6835835576057434
YNL208W,YDR373W,0,-0.37680867,0.12559211254119873,0.9712871313095093,0.6836836934089661
YKL061W,YBR042C,0,-0.37767708,0.12557603418827057,0.9712871313095093,0.683783769607544
YGR036C,YJL155C,0,-0.37820244,0.1255599707365036,0.9712871313095093,0.6838839054107666
YNR067C,YHR041C,0,-0.3789509,0.12554389238357544,0.9712871313095093,0.6839839816093445
YBR081C,YHR074W,0,-0.3790341,0.12552782893180847,0.9712871313095093,0.6840840578079224
YLR157C,YDR226W,0,-0.37955105,0.1255117654800415,0.9712871313095093,0.684184193611145
YKR056W,YKL206C,0,-0.38098177,0.12549571692943573,0.9712871313095093,0.6842842698097229
YDL047W,YLR088W,0,-0.3868885,0.12547966837882996,0.9712871313095093,0.6843844056129456
YDL059C,YCR014C,0,-0.3877343,0.12546361982822418,0.9712871313095093,0.6844844818115234
YER022W,YHR004C,0,-0.3879038,0.1254475712776184,0.9712871313095093,0.6845845580101013
YOR353C,YPR163C,0,-0.3910551,0.12543153762817383,0.9712871313095093,0.684684693813324
YOR084W,YDL133C-A,0,-0.39716125,0.12541548907756805,0.9712871313095093,0.6847847700119019
YLL004W,YNL230C,0,-0.39903188,0.12539947032928467,0.9712871313095093,0.6848849058151245
YBL101W-B,YDR332W,0,-0.39938426,0.1253834366798401,0.9712871313095093,0.6849849820137024
YPL151C,YGL237C,0,-0.4011134,0.1253674179315567,0.9712871313095093,0.6850850582122803
YOL145C,YGR271W,0,-0.40123296,0.12535139918327332,0.9712871313095093,0.6851851940155029
YNL314W,YOR378W,0,-0.40252763,0.12533538043498993,0.9712871313095093,0.6852852702140808
YLR353W,YOR285W,0,-0.40329695,0.12531936168670654,0.9712871313095093,0.6853854060173035
YDR512C,YGR105W,0,-0.40478128,0.12530335783958435,0.9712871313095093,0.6854854822158813
YDR389W,YJR130C,0,-0.40505373,0.12528735399246216,0.9712871313095093,0.6855855584144592
YKR020W,YDR164C,0,-0.4052893,0.12527135014533997,0.9712871313095093,0.6856856942176819
YMR169C,YHR214C-B,0,-0.4059335,0.12525536119937897,0.9712871313095093,0.6857857704162598
YKL170W,YBR271W,0,-0.40903017,0.12523937225341797,0.9712871313095093,0.6858859062194824
YJR010W,YNL110C,0,-0.40926826,0.12522338330745697,0.9712871313095093,0.6859859824180603
YBR006W,YDR304C,0,-0.41111693,0.12520740926265717,0.9712871313095093,0.6860860586166382
YLR291C,YPR119W,0,-0.41144723,0.12519142031669617,0.9712871313095093,0.6861861944198608
YGL062W,YOR148C,0,-0.41995946,0.12517544627189636,0.9712871313095093,0.6862862706184387
YPL112C,YOL090W,0,-0.42025718,0.12515947222709656,0.9712871313095093,0.6863864064216614
YDR137W,YPL274W,0,-0.42296326,0.12514351308345795,0.9712871313095093,0.6864864826202393
YDR419W,YHR168W,0,-0.4236763,0.12512755393981934,0.9712871313095093,0.6865865588188171
YBR195C,YHR058C,0,-0.42460656,0.12511159479618073,0.9712871313095093,0.6866866946220398
YPL188W,YKR068C,0,-0.42498052,0.12509563565254211,0.9712871313095093,0.6867867708206177
YIL143C,YJL085W,0,-0.4251024,0.1250796914100647,0.9712871313095093,0.6868869066238403
YKL174C,YKL096W-A,0,-0.4316688,0.12506374716758728,0.9712871313095093,0.6869869828224182
YDR454C,YBL026W,0,-0.43393493,0.12504780292510986,0.9712871313095093,0.6870870590209961
YKL119C,YJR034W,0,-0.43404984,0.12503185868263245,0.9712871313095093,0.6871871948242188
YHR004C,YKL038W,0,-0.43437353,0.12501592934131622,0.9712871313095093,0.6872872710227966
YPR035W,YEL043W,0,-0.43487245,0.125,0.9712871313095093,0.6873874068260193
YOL010W,YEL043W,0,-0.43545687,0.12498407810926437,0.9712871313095093,0.6874874830245972
YKL009W,YDR416W,0,-0.43553558,0.12496815621852875,0.9712871313095093,0.687587559223175
YKL126W,YDL059C,0,-0.43556207,0.12495223432779312,0.9712871313095093,0.6876876950263977
YJL155C,YDR461W,0,-0.4363983,0.12493631988763809,0.9712871313095093,0.6877877712249756
YNL044W,YJL191W,0,-0.43843403,0.12492041289806366,0.9712871313095093,0.6878879070281982
YPR011C,YGL162W,0,-0.43993074,0.12490450590848923,0.9712871313095093,0.6879879832267761
YGR081C,YPL094C,0,-0.44055626,0.12488860636949539,0.9712871313095093,0.688088059425354
YJL141C,YOR089C,0,-0.44203234,0.12487270683050156,0.9712871313095093,0.6881881952285767
YLR029C,YOR313C,0,-0.44443312,0.12485681474208832,0.9712871313095093,0.6882882714271545
YNR006W,YKL015W,0,-0.44597337,0.12484093010425568,0.9712871313095093,0.6883884072303772
YOR243C,YMR270C,0,-0.44673085,0.12482503801584244,0.9712871313095093,0.6884884834289551
YOR377W,YOL043C,0,-0.4484732,0.1248091608285904,0.9712871313095093,0.688588559627533
YDR026C,YAL022C,0,-0.4504483,0.12479328364133835,0.9712871313095093,0.6886886954307556
YDR383C,YBR223C,0,-0.45122516,0.1247774139046669,0.9712871313095093,0.6887887716293335
YJR078W,YMR284W,0,-0.4539563,0.12476154416799545,0.9712871313095093,0.6888889074325562
YDR159W,YDR218C,0,-0.458089,0.124745674431324,0.9712871313095093,0.688988983631134
YER185W,YPR001W,0,-0.4588797,0.12472981214523315,0.9712871313095093,0.6890890598297119
YOR230W,YAL029C,0,-0.46016917,0.1247139573097229,0.9712871313095093,0.6891891956329346
YGR179C,YHR079C,0,-0.46087253,0.12469810247421265,0.9712871313095093,0.6892892718315125
YGR216C,YGL236C,0,-0.46332294,0.12468225508928299,0.9712871313095093,0.6893894076347351
YKL126W,YIR039C,0,-0.46412012,0.12466641515493393,0.9712871313095093,0.689489483833313
YOR206W,YMR038C,0,-0.46687567,0.12465057522058487,0.9712871313095093,0.6895895600318909
YOR310C,YER185W,0,-0.47345895,0.12463473528623581,0.9712871313095093,0.6896896958351135
YJL128C,YDR373W,0,-0.47396955,0.12461890280246735,0.9712871313095093,0.6897897720336914
YPL213W,YJL176C,0,-0.47506005,0.12460307031869888,0.9712871313095093,0.6898899078369141
YOR243C,YOR239W,0,-0.47518605,0.12458725273609161,0.9712871313095093,0.6899899840354919
YDL133C-A,YJL141C,0,-0.4755992,0.12457142770290375,0.9712871313095093,0.6900901198387146
YGR036C,YKR028W,0,-0.47560218,0.12455561012029648,0.9712871313095093,0.6901901960372925
YOL142W,YNL016W,0,-0.47748482,0.1245397999882698,0.9712871313095093,0.6902902722358704
YLR429W,YGR118W,0,-0.48145765,0.12452398985624313,0.9712871313095093,0.690390408039093
YLR191W,YLR251W,0,-0.48669934,0.12450818717479706,0.9712871313095093,0.6904904842376709
YPL274W,YPR152C,0,-0.48737106,0.12449238449335098,0.9712871313095093,0.6905906200408936
YGL174W,YNR028W,0,-0.48817098,0.1244765892624855,0.9712871313095093,0.6906906962394714
YMR227C,YOR382W,0,-0.48926568,0.12446079403162003,0.9712871313095093,0.6907907724380493
YDR449C,YBR173C,0,-0.492409,0.12444500625133514,0.9712871313095093,0.690890908241272
YMR241W,YBR059C,0,-0.4930848,0.12442922592163086,0.9712871313095093,0.6909909844398499
YLR009W,YBL089W,0,-0.4944862,0.12441344559192657,0.9712871313095093,0.6910911202430725
YLR321C,YJR053W,0,-0.49833423,0.12439766526222229,0.9712871313095093,0.6911911964416504
YNL073W,YGL046W,0,-0.4999349,0.1243818923830986,0.9712871313095093,0.6912912726402283
YHR061C,YDR140W,0,-0.5021465,0.12436612695455551,0.9712871313095093,0.6913914084434509
YGL180W,YOR378W,0,-0.50368166,0.12435036152601242,0.9712871313095093,0.6914914846420288
YGL050W,YMR229C,0,-0.5040085,0.12433460354804993,0.9712871313095093,0.6915916204452515
YGR169C,YOR138C,0,-0.50406575,0.12431884557008743,0.9712871313095093,0.6916916966438293
YNL085W,YLR197W,0,-0.50562,0.12430309504270554,0.9712871313095093,0.6917917728424072
YDL029W,YDL206W,0,-0.5071379,0.12428734451532364,0.9712871313095093,0.6918919086456299
YHR004C,YIL095W,0,-0.50740474,0.12427160143852234,0.9712871313095093,0.6919919848442078
YGL026C,YDL015C,0,-0.5074088,0.12425585836172104,0.9712871313095093,0.6920921206474304
YDL121C,YPR060C,0,-0.5079237,0.12424012273550034,0.9712871313095093,0.6921921968460083
YOL070C,YGR155W,0,-0.5087455,0.12422438710927963,0.9712871313095093,0.6922922730445862
YDR174W,YDR211W,0,-0.5118151,0.12420865893363953,0.9712871313095093,0.6923924088478088
YDL015C,YLR330W,0,-0.5137309,0.12419293820858002,0.9712871313095093,0.6924924850463867
YDR351W,YGR012W,0,-0.51804966,0.12417721748352051,0.9712871313095093,0.6925926208496094
YGL062W,YNR035C,0,-0.5201664,0.124161496758461,0.9712871313095093,0.6926926970481873
YDR403W,YNL182C,0,-0.5202553,0.12414578348398209,0.9712871313095093,0.6927927732467651
YOR323C,YDR473C,0,-0.52150035,0.12413007766008377,0.9712871313095093,0.6928929090499878
YOR388C,YFL035C,0,-0.52259654,0.12411437183618546,0.9712871313095093,0.6929929852485657
YNL307C,YER046W,0,-0.52399886,0.12409867346286774,0.9712871313095093,0.6930931210517883
YPL139C,YBR287W,0,-0.52418923,0.12408297508955002,0.9712871313095093,0.6931931972503662
YLR183C,YLL061W,0,-0.5330545,0.1240672841668129,0.9712871313095093,0.6932932734489441
YAR035W,YIR039C,0,-0.5360402,0.12405159324407578,0.9712871313095093,0.6933934092521667
YDR263C,YNL095C,0,-0.5376301,0.12403590977191925,0.9712871313095093,0.6934934854507446
YNL236W,YER017C,0,-0.5400776,0.12402022629976273,0.9712871313095093,0.6935936212539673
YPR113W,YDR164C,0,-0.5445956,0.1240045502781868,0.9712871313095093,0.6936936974525452
YPL240C,YBR238C,0,-0.5456381,0.12398887425661087,0.9712871313095093,0.693793773651123
YER125W,YNL335W,0,-0.5456696,0.12397320568561554,0.9712871313095093,0.6938939094543457
YOL070C,YLL043W,0,-0.5462054,0.1239575445652008,0.9712871313095093,0.6939939856529236
YKL020C,YOR085W,0,-0.546271,0.12394188344478607,0.9712871313095093,0.6940941214561462
YLR295C,YJR140C,0,-0.5493451,0.12392622232437134,0.9712871313095093,0.6941941976547241
YHR061C,YLR440C,0,-0.5498238,0.1239105686545372,0.9712871313095093,0.694294273853302
YIL132C,YBR192W,0,-0.550244,0.12389492243528366,0.9712871313095093,0.6943944096565247
YLL061W,YLL043W,0,-0.5513304,0.12387927621603012,0.9712871313095093,0.6944944858551025
YOR353C,YDR404C,0,-0.5514494,0.12386363744735718,0.9712871313095093,0.6945946216583252
YPL151C,YGR239C,0,-0.55326486,0.12384799867868423,0.9712871313095093,0.6946946978569031
YMR146C,YLR020C,0,-0.55371344,0.12383236736059189,0.9712871313095093,0.694794774055481
YDR512C,YOL107W,0,-0.55483735,0.12381673604249954,0.9712871313095093,0.6948949098587036
YDR076W,YDR262W,0,-0.5549468,0.12380111217498779,0.9712871313095093,0.6949949860572815
YLR300W,YBR010W,0,-0.5576185,0.12378548830747604,0.9712871313095093,0.6950951218605042
YIL170W,YPR127W,0,-0.5582144,0.12376987189054489,0.9712871313095093,0.695195198059082
YNL223W,YJL141C,0,-0.5584178,0.12375425547361374,0.9712871313095093,0.6952952742576599
YGR052W,YNL070W,0,-0.55858374,0.12373864650726318,0.9712871313095093,0.6953954100608826
YBR170C,YIL170W,0,-0.5590796,0.12372304499149323,0.9712871313095093,0.6954954862594604
YHR179W,YNL032W,0,-0.5642545,0.12370744347572327,0.9712871313095093,0.6955956220626831
YKL200C,YER115C,0,-0.5688843,0.12369184195995331,0.9712871313095093,0.695695698261261
YIL083C,YER115C,0,-0.5699806,0.12367624789476395,0.9712871313095093,0.6957957744598389
YMR123W,YAR002C-A,0,-0.5700307,0.12366066128015518,0.9712871313095093,0.6958959102630615
YOL142W,YDR496C,0,-0.57484686,0.12364507466554642,0.9712871313095093,0.6959959864616394
YDR167W,YOR237W,0,-0.57958937,0.12362948805093765,0.9712871313095093,0.6960961222648621
YIL177C,YNL290W,0,-0.58303046,0.12361390888690948,0.9712871313095093,0.6961961984634399
YKL182W,YMR159C,0,-0.58504736,0.12359833717346191,0.9712871313095093,0.6962962746620178
YBR172C,YHR174W,0,-0.58649313,0.12358276546001434,0.9712871313095093,0.6963964104652405
YDR242W,YOR209C,1,-0.5896996,0.12369316071271896,0.9722772240638733,0.6963964104652405
YJL214W,YAL040C,0,-0.5901861,0.1236775815486908,0.9722772240638733,0.6964964866638184
YMR203W,YDR109C,0,-0.5911192,0.12366200983524323,0.9722772240638733,0.696596622467041
YDR411C,YJL030W,0,-0.5922235,0.12364643812179565,0.9722772240638733,0.6966966986656189
YOR147W,YPL104W,0,-0.59246314,0.12363086640834808,0.9722772240638733,0.6967967748641968
YDR416W,YPR159W,0,-0.5931859,0.1236153095960617,0.9722772240638733,0.6968969106674194
YBR195C,YPL223C,0,-0.5944603,0.12359974533319473,0.9722772240638733,0.6969969868659973
YLR191W,YLR016C,0,-0.5948913,0.12358419597148895,0.9722772240638733,0.69709712266922
YDR083W,YBL079W,0,-0.5979998,0.12356863915920258,0.9722772240638733,0.6971971988677979
YIL177C,YER145C,0,-0.59816885,0.12355309724807739,0.9722772240638733,0.6972972750663757
YGL037C,YER115C,0,-0.59880435,0.12353755533695221,0.9722772240638733,0.6973974108695984
YOR355W,YMR296C,0,-0.6035274,0.12352201342582703,0.9722772240638733,0.6974974870681763
YOL043C,YJL103C,0,-0.6071402,0.12350647896528244,0.9722772240638733,0.6975976228713989
YER074W,YNL298W,0,-0.6129074,0.12349094450473785,0.9722772240638733,0.6976976990699768
YFR013W,YLL002W,0,-0.6147478,0.12347541749477386,0.9722772240638733,0.6977977752685547
YML006C,YKL172W,0,-0.6168799,0.12345989793539047,0.9722772240638733,0.6978979110717773
YKR008W,YPL078C,0,-0.6192204,0.12344437092542648,0.9722772240638733,0.6979979872703552
YLR157C,YHR074W,0,-0.6238966,0.12342885881662369,0.9722772240638733,0.6980981230735779
YOR216C,YIL076W,0,-0.62408453,0.12341334670782089,0.9722772240638733,0.6981981992721558
YHR214C-B,YNL298W,0,-0.62614614,0.1233978420495987,0.9722772240638733,0.6982982754707336
YGR144W,YEL040W,0,-0.6275028,0.1233823373913765,0.9722772240638733,0.6983984112739563
YDR030C,YBR183W,0,-0.6277429,0.1233668327331543,0.9722772240638733,0.6984984874725342
YDR449C,YLR325C,0,-0.6294453,0.1233513355255127,0.9722772240638733,0.6985986232757568
YMR269W,YBL028C,0,-0.6303457,0.12333584576845169,0.9722772240638733,0.6986986994743347
YEL031W,YIL046W,0,-0.63043755,0.12332035601139069,0.9722772240638733,0.6987987756729126
YNL267W,YNL202W,0,-0.63250786,0.12330487370491028,0.9722772240638733,0.6988989114761353
YKL041W,YPL078C,0,-0.63307965,0.12328939139842987,0.9722772240638733,0.6989989876747131
YKL171W,YML071C,0,-0.6352443,0.12327391654253006,0.9722772240638733,0.6990991234779358
YDR518W,YJL178C,0,-0.63539475,0.12325844168663025,0.9722772240638733,0.6991991996765137
YMR038C,YKL130C,0,-0.63628185,0.12324297428131104,0.9722772240638733,0.6992992758750916
YJR051W,YJL140W,0,-0.63858014,0.12322750687599182,0.9722772240638733,0.6993994116783142
YLR425W,YPL122C,0,-0.63880455,0.1232120469212532,0.9722772240638733,0.6994994878768921
YMR301C,YKR026C,0,-0.64035755,0.12319658696651459,0.9722772240638733,0.6995996236801147
YKL001C,YOR340C,0,-0.6420351,0.12318113446235657,0.9722772240638733,0.6996996998786926
YPL002C,YMR065W,0,-0.6450148,0.12316568195819855,0.9722772240638733,0.6997997760772705
YEL031W,YDR083W,0,-0.6456297,0.12315023690462112,0.9722772240638733,0.6998999118804932
YJR083C,YPL096W,0,-0.65024483,0.1231347993016243,0.9722772240638733,0.699999988079071
YIL083C,YPR163C,0,-0.6525053,0.12311936169862747,0.9722772240638733,0.7001001238822937
YDL197C,YBR281C,0,-0.6554092,0.12310392409563065,0.9722772240638733,0.7002002000808716
YLR314C,YFL048C,0,-0.65583205,0.12308849394321442,0.9722772240638733,0.7003002762794495
YPL127C,YER145C,0,-0.65586865,0.12307306379079819,0.9722772240638733,0.7004004120826721
YPR111W,YNL027W,0,-0.6579116,0.12305764108896255,0.9722772240638733,0.70050048828125
YKR020W,YBR010W,0,-0.66066515,0.12304222583770752,0.9722772240638733,0.7006006240844727
YLL019C,YKL210W,0,-0.66066706,0.12302681058645248,0.9722772240638733,0.7007007002830505
YLL003W,YLR025W,0,-0.66098875,0.12301140278577805,0.9722772240638733,0.7008007764816284
YOR323C,YLL017W,0,-0.6624968,0.12299599498510361,0.9722772240638733,0.7009009122848511
YDR196C,YBR120C,0,-0.6625236,0.12298058718442917,0.9722772240638733,0.701000988483429
YML032C,YNL236W,0,-0.66323066,0.12296518683433533,0.9722772240638733,0.7011011242866516
YOL141W,YBR276C,0,-0.6634767,0.12294979393482208,0.9722772240638733,0.7012012004852295
YHR211W,YNL309W,0,-0.66434276,0.12293440103530884,0.9722772240638733,0.7013012766838074
YPR024W,YGL026C,0,-0.6645256,0.12291901558637619,0.9722772240638733,0.70140141248703
YNL281W,YBR287W,0,-0.6650915,0.12290363013744354,0.9722772240638733,0.7015014886856079
YGR144W,YGL112C,0,-0.66665614,0.12288825213909149,0.9722772240638733,0.7016016244888306
YJL191W,YDR472W,0,-0.66906375,0.12287287414073944,0.9722772240638733,0.7017017006874084
YLR043C,YOR353C,0,-0.6696405,0.12285750359296799,0.9722772240638733,0.7018017768859863
YHR175W,YHR077C,0,-0.6777559,0.12284213304519653,0.9722772240638733,0.701901912689209
YOR147W,YKL124W,0,-0.6798829,0.12282676994800568,0.9722772240638733,0.7020019888877869
YPR135W,YLR213C,0,-0.6824267,0.12281140685081482,0.9722772240638733,0.7021021246910095
YKL210W,YAL040C,0,-0.683192,0.12279605120420456,0.9722772240638733,0.7022022008895874
YGL226C-A,YDR364C,0,-0.6838836,0.1227806955575943,0.9722772240638733,0.7023022770881653
YGL170C,YOR232W,0,-0.6849185,0.12276534736156464,0.9722772240638733,0.7024024128913879
YOR142W-A,YBL089W,0,-0.6858506,0.12274999916553497,0.9722772240638733,0.7025024890899658
YDR416W,YFL054C,0,-0.685869,0.12273465842008591,0.9722772240638733,0.7026026248931885
YCL024W,YGR155W,0,-0.68672675,0.12271931767463684,0.9722772240638733,0.7027027010917664
YDR414C,YOL108C,0,-0.6869012,0.12270398437976837,0.9722772240638733,0.7028027772903442
YAL016W,YOR038C,0,-0.68904614,0.1226886585354805,0.9722772240638733,0.7029029130935669
YKL090W,YPR163C,0,-0.69036984,0.12267333269119263,0.9722772240638733,0.7030029892921448
YDL047W,YCR055C,0,-0.69134367,0.12265800684690475,0.9722772240638733,0.7031031250953674
YPR200C,YLR024C,0,-0.695745,0.12264268845319748,0.9722772240638733,0.7032032012939453
YPR006C,YLR309C,0,-0.69609916,0.1226273700594902,0.9722772240638733,0.7033032774925232
YGL237C,YNL290W,0,-0.6969879,0.12261205911636353,0.9722772240638733,0.7034034132957458
YKL171W,YNL026W,0,-0.6973242,0.12259675562381744,0.9722772240638733,0.7035034894943237
YER017C,YIL047C,0,-0.6978569,0.12258145213127136,0.9722772240638733,0.7036036252975464
YIL139C,YBL113C,0,-0.69844973,0.12256614863872528,0.9722772240638733,0.7037037014961243
YGR179C,YGR072W,0,-0.69881624,0.1225508525967598,0.9722772240638733,0.7038037776947021
YDL197C,YCL014W,0,-0.7013667,0.12253556400537491,0.9722772240638733,0.7039039134979248
YDR079W,YBL058W,0,-0.70420796,0.12252027541399002,0.9722772240638733,0.7040039896965027
YJR051W,YIL133C,0,-0.71240336,0.12250498682260513,0.9722772240638733,0.7041041254997253
YPL196W,YPL208W,0,-0.7137507,0.12248970568180084,0.9722772240638733,0.7042042016983032
YBR096W,YPL093W,0,-0.715573,0.12247443199157715,0.9722772240638733,0.7043042778968811
YGR052W,YDL198C,0,-0.7158326,0.12245915830135345,0.9722772240638733,0.7044044137001038
YKL119C,YGR112W,0,-0.71772575,0.12244389206171036,0.9722772240638733,0.7045044898986816
YJL225C,YLR219W,0,-0.7178655,0.12242862582206726,0.9722772240638733,0.7046046257019043
YIL128W,YDL133C-A,0,-0.7192102,0.12241335958242416,0.9722772240638733,0.7047047019004822
YJR051W,YMR250W,0,-0.7193031,0.12239810824394226,0.9722772240638733,0.7048047780990601
YLR394W,YPR083W,0,-0.7195504,0.12238284945487976,0.9722772240638733,0.7049049139022827
YDL170W,YOR180C,0,-0.7219268,0.12236759811639786,0.9722772240638733,0.7050049901008606
YPR081C,YNR057C,1,-0.72202414,0.12247695028781891,0.9732673168182373,0.7050049901008606
YNL073W,YHR061C,0,-0.7222072,0.12246169149875641,0.9732673168182373,0.7051051259040833
YDR419W,YGL050W,0,-0.72735065,0.1224464401602745,0.9732673168182373,0.7052052021026611
YNL232W,YGL200C,0,-0.7276142,0.1224311888217926,0.9732673168182373,0.705305278301239
YDR285W,YHR051W,0,-0.7302045,0.1224159374833107,0.9732673168182373,0.7054054141044617
YMR065W,YGR089W,0,-0.733961,0.1224006935954094,0.9732673168182373,0.7055054903030396
YOR159C,YPL050C,0,-0.7351182,0.12238545715808868,0.9732673168182373,0.7056056261062622
YKR055W,YOR204W,0,-0.736688,0.12237022072076797,0.9732673168182373,0.7057057023048401
YHR066W,YML039W,0,-0.7376051,0.12235499173402786,0.9732673168182373,0.705805778503418
YPR072W,YNL050C,0,-0.73796517,0.12233976274728775,0.9732673168182373,0.7059059143066406
YDR283C,YHR074W,1,-0.7379781,0.12244898080825806,0.9742574095726013,0.7059059143066406
YML080W,YNL092W,0,-0.7396689,0.12243374437093735,0.9742574095726013,0.7060059905052185
YMR020W,YBR129C,0,-0.73969805,0.12241851538419724,0.9742574095726013,0.7061061263084412
YPR026W,YOL165C,0,-0.74034405,0.12240328639745712,0.9742574095726013,0.706206202507019
YLR157C,YDR306C,0,-0.74056196,0.12238805741071701,0.9742574095726013,0.7063062787055969
YJL200C,YDL047W,0,-0.7412909,0.1223728358745575,0.9742574095726013,0.7064064145088196
YPR035W,YKL067W,0,-0.7437098,0.12235762178897858,0.9742574095726013,0.7065064907073975
YBL085W,YJR034W,0,-0.74372435,0.12234240770339966,0.9742574095726013,0.7066066265106201
YBR066C,YBR281C,0,-0.7442902,0.12232720106840134,0.9742574095726013,0.706706702709198
YLR301W,YGL216W,0,-0.7497206,0.12231199443340302,0.9742574095726013,0.7068067789077759
YNL297C,YGL225W,0,-0.75027007,0.12229679524898529,0.9742574095726013,0.7069069147109985
YDR059C,YOR142W,1,-0.7508117,0.12240586429834366,0.9752475023269653,0.7069069147109985
YMR123W,YCL008C,0,-0.7513333,0.12239065766334534,0.9752475023269653,0.7070069909095764
YCR052W,YLL043W,0,-0.75169545,0.12237545102834702,0.9752475023269653,0.7071071267127991
YHR119W,YOR311C,0,-0.75272447,0.12236025184392929,0.9752475023269653,0.707207202911377
YLR447C,YOL093W,0,-0.7541602,0.12234505265951157,0.9752475023269653,0.7073072791099548
YMR112C,YAR002C-A,0,-0.7543641,0.12232985347509384,0.9752475023269653,0.7074074149131775
YOL057W,YLR165C,0,-0.7545887,0.12231466174125671,0.9752475023269653,0.7075074911117554
YNL283C,YBR274W,0,-0.75518787,0.12229947745800018,0.9752475023269653,0.707607626914978
YIL159W,YJR034W,0,-0.75536436,0.12228429317474365,0.9752475023269653,0.7077077031135559
YKL165C,YPL188W,0,-0.75813484,0.12226911634206772,0.9752475023269653,0.7078077793121338
YOL124C,YJL214W,0,-0.75819737,0.12225393950939178,0.9752475023269653,0.7079079151153564
YPL139C,YKL038W,0,-0.7599548,0.12223877012729645,0.9752475023269653,0.7080079913139343
YDR530C,YFL066C,0,-0.76074064,0.12222360074520111,0.9752475023269653,0.708108127117157
YKL166C,YGR271W,0,-0.7611816,0.12220843881368637,0.9752475023269653,0.7082082033157349
YMR160W,YNL122C,0,-0.76287055,0.12219327688217163,0.9752475023269653,0.7083082795143127
YMR039C,YNR021W,0,-0.7632432,0.12217812240123749,0.9752475023269653,0.7084084153175354
YLR165C,YLR160C,0,-0.7634117,0.12216296792030334,0.9752475023269653,0.7085084915161133
YGL236C,YOR349W,0,-0.76429963,0.1221478208899498,0.9752475023269653,0.7086086273193359
YNL027W,YGR118W,0,-0.76647854,0.12213267385959625,0.9752475023269653,0.7087087035179138
YDR072C,YLR389C,0,-0.7686394,0.1221175268292427,0.9752475023269653,0.7088087797164917
YDR351W,YHR057C,0,-0.77082443,0.12210239470005035,0.9752475023269653,0.7089089155197144
YBR195C,YGR012W,0,-0.77151346,0.1220872551202774,0.9752475023269653,0.7090089917182922
YMR315W,YLR268W,0,-0.7720414,0.12207213044166565,0.9752475023269653,0.7091091275215149
YNL032W,YLR130C,0,-0.7758661,0.1220569983124733,0.9752475023269653,0.7092092037200928
YGR105W,YDR159W,0,-0.7759675,0.12204188108444214,0.9752475023269653,0.7093092799186707
YPR198W,YOL004W,0,-0.7773452,0.12202675640583038,0.9752475023269653,0.7094094157218933
YDL083C,YCR002C,0,-0.7800444,0.12201164662837982,0.9752475023269653,0.7095094919204712
YFR001W,YPL259C,0,-0.78171533,0.12199652940034866,0.9752475023269653,0.7096096277236938
YPL200W,YLR183C,0,-0.7817432,0.1219814270734787,0.9752475023269653,0.7097097039222717
YPL127C,YNR018W,0,-0.7826805,0.12196631729602814,0.9752475023269653,0.7098097801208496
YGL112C,YOR279C,0,-0.7845873,0.12195122241973877,0.9752475023269653,0.7099099159240723
YBR067C,YNL262W,0,-0.7855172,0.1219361200928688,0.9752475023269653,0.7100099921226501
YMR008C,YEL030W,0,-0.7899523,0.12192103266716003,0.9752475023269653,0.7101101279258728
YGR252W,YKL217W,0,-0.79081,0.12190593779087067,0.9752475023269653,0.7102102041244507
YOR317W,YMR075W,0,-0.79387456,0.12189085781574249,0.9752475023269653,0.7103103399276733
YMR176W,YEL041W,0,-0.79847825,0.12187577039003372,0.9752475023269653,0.7104104161262512
YLR429W,YMR272C,0,-0.79906845,0.12186069786548615,0.9752475023269653,0.7105104923248291
YDR026C,YGR095C,0,-0.8003495,0.12184561789035797,0.9752475023269653,0.7106106281280518
YBR170C,YAL040C,0,-0.8004513,0.12183055281639099,0.9752475023269653,0.7107107043266296
YKL189W,YBR093C,0,-0.80196345,0.12181548029184341,0.9752475023269653,0.7108108401298523
YNL102W,YGR238C,0,-0.8028076,0.12180042266845703,0.9752475023269653,0.7109109163284302
YDL171C,YPL244C,0,-0.80325365,0.12178535759449005,0.9752475023269653,0.7110109925270081
YJR083C,YFR036W,0,-0.8034445,0.12177030742168427,0.9752475023269653,0.7111111283302307
YBL058W,YLR440C,0,-0.80442387,0.12175524979829788,0.9752475023269653,0.7112112045288086
YGR020C,YDR062W,0,-0.80906683,0.12174020707607269,0.9752475023269653,0.7113113403320312
YNL314W,YJR051W,0,-0.8114604,0.1217251643538475,0.9752475023269653,0.7114114165306091
YMR228W,YGR034W,0,-0.8118607,0.12171012163162231,0.9752475023269653,0.711511492729187
YER049W,YGL004C,0,-0.81195164,0.12169508635997772,0.9752475023269653,0.7116116285324097
YPL240C,YKR006C,0,-0.8168832,0.12168005108833313,0.9752475023269653,0.7117117047309875
YJL124C,YDL047W,0,-0.8183193,0.12166502326726913,0.9752475023269653,0.7118118405342102
YOR209C,YNR018W,0,-0.8195179,0.12164999544620514,0.9752475023269653,0.7119119167327881
YGR105W,YOR123C,0,-0.8211918,0.12163497507572174,0.9752475023269653,0.712011992931366
YIR011C,YKR055W,0,-0.8222389,0.12161995470523834,0.9752475023269653,0.7121121287345886
YIL017W,YFL021W,0,-0.8272747,0.12160494178533554,0.9752475023269653,0.7122122049331665
YPR182W,YCR002C,0,-0.82764924,0.12158992886543274,0.9752475023269653,0.7123123407363892
YBR052C,YLR024C,0,-0.82813054,0.12157492339611053,0.9752475023269653,0.712412416934967
YCR030C,YAL017W,0,-0.82966405,0.12155991792678833,0.9752475023269653,0.7125124931335449
YNL273W,YNL010W,0,-0.8297124,0.12154491245746613,0.9752475023269653,0.7126126289367676
YHR074W,YLR344W,0,-0.8310936,0.12152992188930511,0.9752475023269653,0.7127127051353455
YDR306C,YPR002W,0,-0.83292687,0.12151492387056351,0.9752475023269653,0.7128128409385681
YBL058W,YOR209C,0,-0.8330235,0.1214999407529831,0.9752475023269653,0.712912917137146
YAR002C-A,YPL065W,0,-0.83326817,0.12148495018482208,0.9752475023269653,0.7130129933357239
YDR461W,YGL071W,0,-0.8379921,0.12146997451782227,0.9752475023269653,0.7131131291389465
YEL012W,YDR296W,0,-0.8380488,0.12145499140024185,0.9752475023269653,0.7132132053375244
YDR030C,YKL067W,0,-0.8382267,0.12144002318382263,0.9752475023269653,0.7133133411407471
YMR137C,YCL004W,0,-0.838923,0.12142504751682281,0.9752475023269653,0.713413417339325
YNL138W,YOR187W,0,-0.83914,0.1214100793004036,0.9752475023269653,0.7135134935379028
YDR167W,YBL034C,0,-0.8398319,0.12139511853456497,0.9752475023269653,0.7136136293411255
YOL136C,YLL017W,0,-0.84122634,0.12138015776872635,0.9752475023269653,0.7137137055397034
YOL054W,YJL176C,0,-0.8448213,0.12136520445346832,0.9752475023269653,0.713813841342926
YMR078C,YMR087W,0,-0.8459954,0.1213502511382103,0.9752475023269653,0.7139139175415039
YJR021C,YDL074C,0,-0.8471043,0.12133530527353287,0.9752475023269653,0.7140139937400818
YDR285W,YOR285W,0,-0.8494312,0.12132035940885544,0.9752475023269653,0.7141141295433044
YOR168W,YMR269W,0,-0.8502847,0.1213054209947586,0.9752475023269653,0.7142142057418823
YNL010W,YCL014W,0,-0.8583697,0.12129048258066177,0.9752475023269653,0.714314341545105
YPL112C,YOL004W,0,-0.8589651,0.12127555161714554,0.9752475023269653,0.7144144177436829
YKR036C,YCR026C,0,-0.8596688,0.1212606206536293,0.9752475023269653,0.7145144939422607
YPR190C,YDR392W,0,-0.860116,0.12124568969011307,0.9752475023269653,0.7146146297454834
YDR423C,YNR057C,0,-0.860806,0.12123076617717743,0.9752475023269653,0.7147147059440613
YPR182W,YMR078C,0,-0.861525,0.12121585011482239,0.9752475023269653,0.7148148417472839
YEL036C,YLL043W,0,-0.8615335,0.12120093405246735,0.9752475023269653,0.7149149179458618
YHR175W,YDR310C,0,-0.8615338,0.1211860254406929,0.9752475023269653,0.7150149941444397
YFR021W,YMR301C,0,-0.8637296,0.12117111682891846,0.9752475023269653,0.7151151299476624
YDR351W,YOR292C,0,-0.86428624,0.12115620821714401,0.9752475023269653,0.7152152061462402
YCL043C,YIL076W,0,-0.86957794,0.12114131450653076,0.9752475023269653,0.7153153419494629
YLR401C,YPR043W,0,-0.8702326,0.12112641334533691,0.9752475023269653,0.7154154181480408
YLR153C,YOL010W,1,-0.8713847,0.1212344765663147,0.9762375950813293,0.7154154181480408
YMR172W,YNL258C,0,-0.87263656,0.12121957540512085,0.9762375950813293,0.7155154943466187
YDR530C,YIR005W,0,-0.873093,0.121204674243927,0.9762375950813293,0.7156156301498413
YOL142W,YJL079C,0,-0.87497157,0.12118977308273315,0.9762375950813293,0.7157157063484192
YMR160W,YOR338W,0,-0.87889385,0.1211748793721199,0.9762375950813293,0.7158158421516418
YDL074C,YBR218C,1,-0.8817885,0.12128286808729172,0.9772277474403381,0.7158158421516418
YLR425W,YPR149W,0,-0.8852507,0.12126796692609787,0.9772277474403381,0.7159159183502197
YML028W,YKL038W,0,-0.8860004,0.12125307321548462,0.9772277474403381,0.7160159945487976
YJL011C,YLL041C,0,-0.8866142,0.12123817950487137,0.9772277474403381,0.7161161303520203
YDR170C,YLR348C,0,-0.8876116,0.12122328579425812,0.9772277474403381,0.7162162065505981
YPL011C,YOR355W,0,-0.8882725,0.12120839953422546,0.9772277474403381,0.7163163423538208
YDL245C,YMR078C,0,-0.89073485,0.12119351327419281,0.9772277474403381,0.7164164185523987
YNL110C,YFL023W,0,-0.8927771,0.12117863446474075,0.9772277474403381,0.7165164947509766
YBL028C,YPL147W,0,-0.8944002,0.1211637631058693,0.9772277474403381,0.7166166305541992
YGR258C,YPR160W,0,-0.8954781,0.12114889174699783,0.9772277474403381,0.7167167067527771
YOR274W,YDR527W,0,-0.89728594,0.12113402038812637,0.9772277474403381,0.7168168425559998
YCL074W,YFL066C,0,-0.899683,0.12111915647983551,0.9772277474403381,0.7169169187545776
YLR312W-A,YDR240C,0,-0.9015609,0.12110429257154465,0.9772277474403381,0.7170169949531555
YMR137C,YLR073C,0,-0.9047376,0.12108943611383438,0.9772277474403381,0.7171171307563782
YKL217W,YMR136W,0,-0.90591335,0.12107457965612411,0.9772277474403381,0.717217206954956
YKL126W,YKL203C,0,-0.9062816,0.12105973064899445,0.9772277474403381,0.7173173427581787
YEL069C,YJR119C,0,-0.9064841,0.12104488909244537,0.9772277474403381,0.7174174189567566
YPL196W,YHR057C,0,-0.909084,0.1210300400853157,0.9772277474403381,0.7175174951553345
YLR300W,YJL117W,0,-0.9145239,0.12101520597934723,0.9772277474403381,0.7176176309585571
YNL281W,YNL078W,0,-0.91775113,0.12100036442279816,0.9772277474403381,0.717717707157135
YNL121C,YKL172W,0,-0.9182923,0.12098553776741028,0.9772277474403381,0.7178178429603577
YGR052W,YKL015W,0,-0.9199587,0.1209707036614418,0.9772277474403381,0.7179179191589355
YIL135C,YPL093W,0,-0.9225445,0.12095588445663452,0.9772277474403381,0.7180179953575134
YDR164C,YFR019W,0,-0.9235197,0.12094105780124664,0.9772277474403381,0.7181181311607361
YGR229C,YKL001C,0,-0.9260843,0.12092624604701996,0.9772277474403381,0.718218207359314
YNL281W,YDR410C,0,-0.9274063,0.12091142684221268,0.9772277474403381,0.7183183431625366
YMR097C,YDR151C,0,-0.9301777,0.12089662253856659,0.9772277474403381,0.7184184193611145
YJL141C,YFL017W-A,0,-0.93285805,0.1208818107843399,0.9772277474403381,0.7185184955596924
YOL045W,YNL182C,0,-0.93678033,0.12086700648069382,0.9772277474403381,0.718618631362915
YDL111C,YGL051W,0,-0.93744475,0.12085220962762833,0.9772277474403381,0.7187187075614929
YGR268C,YKL067W,0,-0.93781835,0.12083741277456284,0.9772277474403381,0.7188188433647156
YLL029W,YER104W,0,-0.9382128,0.12082262337207794,0.9772277474403381,0.7189189195632935
YKL206C,YDR416W,0,-0.9383172,0.12080783396959305,0.9772277474403381,0.7190189957618713
YMR123W,YER171W,0,-0.9412198,0.12079305201768875,0.9772277474403381,0.719119131565094
YGR258C,YNR072W,0,-0.94728255,0.12077827006578445,0.9772277474403381,0.7192192077636719
YNR057C,YGL113W,0,-0.94783574,0.12076348811388016,0.9772277474403381,0.7193193435668945
YNL160W,YPL129W,0,-0.94811165,0.12074871361255646,0.9772277474403381,0.7194194197654724
YMR284W,YCR002C,0,-0.95079315,0.12073394656181335,0.9772277474403381,0.7195194959640503
YDL202W,YCL043C,0,-0.9513696,0.12071917951107025,0.9772277474403381,0.719619631767273
YIL046W,YJR140C,0,-0.951794,0.12070441246032715,0.9772277474403381,0.7197197079658508
YLR187W,YOR285W,0,-0.9521691,0.12068965286016464,0.9772277474403381,0.7198198437690735
YKL166C,YJL071W,0,-0.95390105,0.12067490071058273,0.9772277474403381,0.7199199199676514
YOR025W,YLL043W,0,-0.9548012,0.12066014856100082,0.9772277474403381,0.7200199961662292
YPR113W,YAL029C,0,-0.9569387,0.12064539641141891,0.9772277474403381,0.7201201319694519
YGR252W,YOR324C,0,-0.9591148,0.1206306517124176,0.9772277474403381,0.7202202081680298
YBL005W-B,YIL048W,0,-0.95939845,0.12061591446399689,0.9772277474403381,0.7203203439712524
YDR082W,YBR125C,0,-0.9596264,0.12060116976499557,0.9772277474403381,0.7204204201698303
YNL117W,YOL043C,0,-0.96242356,0.12058643996715546,0.9772277474403381,0.7205204963684082
YPL064C,YDR296W,0,-0.9644334,0.12057171016931534,0.9772277474403381,0.7206206321716309
YKR002W,YNL122C,0,-0.9645159,0.12055698037147522,0.9772277474403381,0.7207207083702087
YDR205W,YGR113W,0,-0.9665554,0.1205422580242157,0.9772277474403381,0.7208208441734314
YHR012W,YFR029W,0,-0.96810716,0.12052753567695618,0.9772277474403381,0.7209209203720093
YOR084W,YER017C,0,-0.968917,0.12051282078027725,0.9772277474403381,0.7210209965705872
YJL155C,YDL022W,0,-0.96983546,0.12049810588359833,0.9772277474403381,0.7211211323738098
YGR251W,YJR112W,0,-0.970055,0.1204833984375,0.9772277474403381,0.7212212085723877
YJL005W,YPR159W,0,-0.9704722,0.12046869099140167,0.9772277474403381,0.7213213443756104
YPR171W,YKL186C,0,-0.9737407,0.12045399099588394,0.9772277474403381,0.7214214205741882
YDR211W,YLL017W,0,-0.97400856,0.12043929100036621,0.9772277474403381,0.7215214967727661
YGL209W,YML039W,0,-0.9761324,0.12042459845542908,0.9772277474403381,0.7216216325759888
YKL203C,YJL095W,0,-0.9764303,0.12040990591049194,0.9772277474403381,0.7217217087745667
YDR518W,YPR127W,0,-0.9790604,0.1203952208161354,0.9772277474403381,0.7218218445777893
YGL112C,YNL095C,0,-0.98152655,0.12038053572177887,0.9772277474403381,0.7219219207763672
YKL013C,YPR190C,0,-0.9825851,0.12036585062742233,0.9772277474403381,0.7220219969749451
YBL028C,YLR047C,0,-0.9855326,0.12035117298364639,0.9772277474403381,0.7221221327781677
YGL112C,YMR240C,0,-0.98762786,0.12033650279045105,0.9772277474403381,0.7222222089767456
YKR056W,YDR173C,0,-0.9932515,0.1203218325972557,0.9772277474403381,0.7223223447799683
YNL085W,YMR250W,0,-0.993955,0.12030716985464096,0.9772277474403381,0.7224224209785461
YBR120C,YHR168W,0,-0.99408096,0.12029250711202621,0.9772277474403381,0.722522497177124
YBL101W-B,YDR304C,0,-0.9982401,0.12027784436941147,0.9772277474403381,0.7226226329803467
YDR364C,YOR340C,0,-0.9992088,0.12026318907737732,0.9772277474403381,0.7227227091789246
YKR008W,YCR046C,0,-1.0000608,0.12024854123592377,0.9772277474403381,0.7228228449821472
YPR072W,YLR301W,0,-1.0026052,0.12023388594388962,0.9772277474403381,0.7229229211807251
YBR278W,YGL113W,0,-1.0032487,0.12021924555301666,0.9772277474403381,0.723022997379303
YBL113C,YCL060C,0,-1.0050169,0.12020460516214371,0.9772277474403381,0.7231231331825256
YLR447C,YEL037C,0,-1.0059899,0.12018996477127075,0.9772277474403381,0.7232232093811035
YPL002C,YGL113W,0,-1.0063576,0.1201753318309784,0.9772277474403381,0.7233233451843262
YJL005W,YNR060W,0,-1.00892,0.12016069889068604,0.9772277474403381,0.723423421382904
YPR011C,YOR054C,0,-1.015926,0.12014607340097427,0.9772277474403381,0.7235234975814819
YOR349W,YPR152C,0,-1.0168566,0.12013144791126251,0.9772277474403381,0.7236236333847046
YCL036W,YPL131W,0,-1.0170454,0.12011682987213135,0.9772277474403381,0.7237237095832825
YMR270C,YNR010W,0,-1.0173354,0.12010221183300018,0.9772277474403381,0.7238238453865051
YDR026C,YDR211W,0,-1.0179831,0.12008760124444962,0.9772277474403381,0.723923921585083
YBR247C,YJR101W,0,-1.0202496,0.12007299065589905,0.9772277474403381,0.7240239977836609
YMR054W,YLR309C,0,-1.0209246,0.12005838751792908,0.9772277474403381,0.7241241335868835
YLR047C,YLR321C,0,-1.0275967,0.1200437843799591,0.9772277474403381,0.7242242097854614
YBL034C,YIR032C,0,-1.0280339,0.12002918869256973,0.9772277474403381,0.7243243455886841
YBL091C-A,YJL144W,0,-1.0296316,0.12001459300518036,0.9772277474403381,0.724424421787262
YDR146C,YEL030W,0,-1.0310723,0.11999999731779099,0.9772277474403381,0.7245244979858398
YDR059C,YMR099C,0,-1.032812,0.11998540908098221,0.9772277474403381,0.7246246337890625
YPR113W,YER154W,0,-1.0344616,0.11997082829475403,0.9772277474403381,0.7247247099876404
YER125W,YCL032W,0,-1.0351377,0.11995624750852585,0.9772277474403381,0.724824845790863
YOR071C,YMR229C,0,-1.0384852,0.11994166672229767,0.9772277474403381,0.7249249219894409
YOR168W,YLR163C,0,-1.0389795,0.11992709338665009,0.9772277474403381,0.7250249981880188
YOL057W,YLR028C,0,-1.0400457,0.1199125275015831,0.9772277474403381,0.7251251339912415
YPR162C,YDR332W,0,-1.0422686,0.11989796161651611,0.9772277474403381,0.7252252101898193
YGL172W,YKR056W,0,-1.0426872,0.11988339573144913,0.9772277474403381,0.725325345993042
YLR043C,YGR179C,0,-1.0438985,0.11986883729696274,0.9772277474403381,0.7254254221916199
YDL107W,YLR251W,0,-1.044179,0.11985427886247635,0.9772277474403381,0.7255254983901978
YNL258C,YOR180C,0,-1.0488825,0.11983972787857056,0.9772277474403381,0.7256256341934204
YGR171C,YJL206C,0,-1.0489631,0.11982517689466476,0.9772277474403381,0.7257257103919983
YER050C,YPR001W,0,-1.0512735,0.11981063336133957,0.9772277474403381,0.725825846195221
YLR285W,YMR099C,0,-1.0522401,0.11979608982801437,0.9772277474403381,0.7259259223937988
YJR006W,YBL098W,0,-1.0546997,0.11978155374526978,0.9772277474403381,0.7260259985923767
YJR034W,YCR055C,0,-1.0547642,0.11976701766252518,0.9772277474403381,0.7261261343955994
YMR228W,YMR193W,0,-1.0550789,0.11975248903036118,0.9772277474403381,0.7262262105941772
YNL147W,YLL027W,0,-1.0573109,0.11973796039819717,0.9772277474403381,0.7263263463973999
YJR057W,YGL170C,0,-1.0591904,0.11972343176603317,0.9772277474403381,0.7264264225959778
YJL004C,YFR001W,0,-1.0607821,0.11970891803503036,0.9772277474403381,0.7265264987945557
YDR512C,YPL244C,0,-1.0617195,0.11969439685344696,0.9772277474403381,0.7266266345977783
YAL017W,YBL113C,0,-1.0621635,0.11967988312244415,0.9772277474403381,0.7267267107963562
YJL166W,YLR050C,0,-1.062336,0.11966537684202194,0.9772277474403381,0.7268268465995789
YJR057W,YGL010W,0,-1.0625106,0.11965086311101913,0.9772277474403381,0.7269269227981567
YFR029W,YMR061W,0,-1.0635731,0.11963636428117752,0.9772277474403381,0.7270269989967346
YNL153C,YOR216C,0,-1.0636567,0.11962186545133591,0.9772277474403381,0.7271271347999573
YFR021W,YLR042C,0,-1.0644441,0.1196073666214943,0.9772277474403381,0.7272272109985352
YLR043C,YLR270W,0,-1.0670962,0.11959287524223328,0.9772277474403381,0.7273273468017578
YBR059C,YJR034W,0,-1.0672457,0.11957838386297226,0.9772277474403381,0.7274274230003357
YGR113W,YOR194C,0,-1.0677185,0.11956389993429184,0.9772277474403381,0.7275274991989136
YKL013C,YLR165C,0,-1.0723121,0.11954941600561142,0.9772277474403381,0.7276276350021362
YOL124C,YIL133C,0,-1.0726721,0.1195349395275116,0.9772277474403381,0.7277277112007141
YPR162C,YLR425W,0,-1.0735719,0.11952046304941177,0.9772277474403381,0.7278278470039368
YEL043W,YDR211W,0,-1.0753773,0.11950599402189255,0.9772277474403381,0.7279279232025146
YKL067W,YML039W,0,-1.0770674,0.11949152499437332,0.9772277474403381,0.7280279994010925
YPL122C,YLR285W,0,-1.0807382,0.11947706341743469,0.9772277474403381,0.7281281352043152
YDR172W,YIL135C,0,-1.0825046,0.11946260184049606,0.9772277474403381,0.7282282114028931
YDR059C,YNR013C,0,-1.0828272,0.11944814026355743,0.9772277474403381,0.7283283472061157
YLR395C,YKR054C,0,-1.0833579,0.1194336861371994,0.9772277474403381,0.7284284234046936
YOR279C,YIL006W,0,-1.0840101,0.11941923946142197,0.9772277474403381,0.7285284996032715
YLR129W,YDL015C,0,-1.0844178,0.11940479278564453,0.9772277474403381,0.7286286354064941
YER168C,YBL089W,0,-1.0850233,0.1193903461098671,0.9772277474403381,0.728728711605072
YKL082C,YGL004C,0,-1.0856373,0.11937590688467026,0.9772277474403381,0.7288288474082947
YLR107W,YOL062C,0,-1.0875466,0.11936146765947342,0.9772277474403381,0.7289289236068726
YLR380W,YNR002C,0,-1.0895588,0.11934703588485718,0.9772277474403381,0.7290289998054504
YGL183C,YPR160W,0,-1.0921746,0.11933261156082153,0.9772277474403381,0.7291291356086731
YOR304C-A,YML071C,0,-1.0947231,0.11931817978620529,0.9772277474403381,0.729229211807251
YMR065W,YKR068C,0,-1.0964842,0.11930376291275024,0.9772277474403381,0.7293293476104736
YDR306C,YOR142W,0,-1.0969846,0.1192893385887146,0.9772277474403381,0.7294294238090515
YBR150C,YLR187W,0,-1.097121,0.11927492171525955,0.9772277474403381,0.7295295000076294
YLR103C,YOR275C,0,-1.0982218,0.1192605122923851,0.9772277474403381,0.729629635810852
YFR031C,YKR020W,0,-1.1000179,0.11924610286951065,0.9772277474403381,0.7297297120094299
YDR429C,YJL006C,0,-1.1001298,0.1192317008972168,0.9772277474403381,0.7298298478126526
YJL112W,YPL087W,0,-1.1042249,0.11921729892492294,0.9772277474403381,0.7299299240112305
YIL083C,YBR010W,0,-1.1099887,0.11920289695262909,0.9772277474403381,0.7300300598144531
YGL237C,YLR183C,0,-1.1101903,0.11918850243091583,0.9772277474403381,0.730130136013031
YDR383C,YDR530C,0,-1.1117084,0.11917411535978317,0.9772277474403381,0.7302302122116089
YKL082C,YIL140W,0,-1.1124787,0.11915972828865051,0.9772277474403381,0.7303303480148315
YPR111W,YOR074C,0,-1.1135615,0.11914534121751785,0.9772277474403381,0.7304304242134094
YHR214C-B,YFL010W-A,0,-1.1142817,0.11913096159696579,0.9772277474403381,0.7305305600166321
YOR301W,YKL038W,0,-1.1148965,0.11911658197641373,0.9772277474403381,0.73063063621521
YDR449C,YNR028W,0,-1.117859,0.11910220980644226,0.9772277474403381,0.7307307124137878
YGR113W,YKR044W,0,-1.1199555,0.1190878376364708,0.9772277474403381,0.7308308482170105
YIR038C,YAL039C,0,-1.1207824,0.11907347291707993,0.9772277474403381,0.7309309244155884
YOR138C,YJL128C,0,-1.1251135,0.11905910819768906,0.9772277474403381,0.731031060218811
YJL124C,YLR268W,0,-1.1264182,0.11904475092887878,0.9772277474403381,0.7311311364173889
YOR301W,YDR263C,0,-1.1274796,0.11903039366006851,0.9772277474403381,0.7312312126159668
YLR005W,YBR115C,0,-1.1316684,0.11901603639125824,0.9772277474403381,0.7313313484191895
YOR299W,YML052W,0,-1.1320142,0.11900168657302856,0.9772277474403381,0.7314314246177673
YJR006W,YMR180C,0,-1.1333257,0.11898734420537949,0.9772277474403381,0.73153156042099
YEL029C,YJR103W,0,-1.1337137,0.11897300183773041,0.9772277474403381,0.7316316366195679
YOL057W,YLR107W,0,-1.1345475,0.11895865947008133,0.9772277474403381,0.7317317128181458
YDR423C,YJL103C,0,-1.1352494,0.11894432455301285,0.9772277474403381,0.7318318486213684
YNL102W,YPL223C,0,-1.1353283,0.11892998963594437,0.9772277474403381,0.7319319248199463
YBR084W,YNR057C,1,-1.1356226,0.11903614550828934,0.9782178401947021,0.7319319248199463
YLR105C,YLL061W,0,-1.136287,0.11902180314064026,0.9782178401947021,0.732032060623169
YLR224W,YGR239C,0,-1.1364145,0.11900746822357178,0.9782178401947021,0.7321321368217468
YOL129W,YIL170W,0,-1.137533,0.1189931333065033,0.9782178401947021,0.7322322130203247
YGR180C,YGR118W,0,-1.1380968,0.11897880584001541,0.9782178401947021,0.7323323488235474
YKL117W,YCR014C,0,-1.1395924,0.11896447837352753,0.9782178401947021,0.7324324250221252
YLL004W,YEL062W,0,-1.14054,0.11895015835762024,0.9782178401947021,0.7325325608253479
YER154W,YGL226C-A,0,-1.1405544,0.11893583834171295,0.9782178401947021,0.7326326370239258
YJR082C,YBR020W,0,-1.1414789,0.11892151832580566,0.9782178401947021,0.7327327132225037
YLR312W-A,YOR138C,0,-1.1421,0.11890720576047897,0.9782178401947021,0.7328328490257263
YNL153C,YLR129W,0,-1.142457,0.11889290064573288,0.9782178401947021,0.7329329252243042
YMR173W,YJR028W,0,-1.1427895,0.11887859553098679,0.9782178401947021,0.7330330610275269
YNL050C,YHR168W,0,-1.1428708,0.11886429041624069,0.9782178401947021,0.7331331372261047
YJR078W,YKL144C,0,-1.1429386,0.1188499927520752,0.9782178401947021,0.7332332134246826
YDR494W,YMR159C,0,-1.1436508,0.1188357025384903,0.9782178401947021,0.7333333492279053
YDL054C,YGR276C,0,-1.1456188,0.1188214048743248,0.9782178401947021,0.7334334254264832
YOR126C,YBR222C,0,-1.1486826,0.1188071221113205,0.9782178401947021,0.7335335612297058
YJL155C,YBR287W,0,-1.1487417,0.1187928318977356,0.9782178401947021,0.7336336374282837
YIL128W,YDL170W,0,-1.1511456,0.11877854913473129,0.9782178401947021,0.7337337136268616
YDR177W,YIL083C,1,-1.1514736,0.11888448148965836,0.9792079329490662,0.7337337136268616
YBR026C,YOR020C,0,-1.1542252,0.11887019127607346,0.9792079329490662,0.7338338494300842
YKL103C,YLR028C,0,-1.1543794,0.11885590851306915,0.9792079329490662,0.7339339256286621
YJR036C,YNL073W,1,-1.1558675,0.11896178871393204,0.9801980257034302,0.7339339256286621
YKR103W,YMR179W,0,-1.1568406,0.11894749850034714,0.9801980257034302,0.7340340614318848
YML030W,YOR232W,0,-1.1580362,0.11893320828676224,0.9801980257034302,0.7341341376304626
YBR182C,YLL004W,0,-1.1586741,0.11891891807317734,0.9801980257034302,0.7342342138290405
YMR169C,YOR025W,0,-1.1594131,0.11890463531017303,0.9801980257034302,0.7343343496322632
YOL102C,YEL041W,0,-1.1604297,0.11889035999774933,0.9801980257034302,0.7344344258308411
YLL002W,YER104W,0,-1.1605787,0.11887607723474503,0.9801980257034302,0.7345345616340637
YBR020W,YIL095W,0,-1.1612737,0.11886180937290192,0.9801980257034302,0.7346346378326416
YBR182C,YPL147W,0,-1.1614633,0.11884754151105881,0.9801980257034302,0.7347347140312195
YLR107W,YDR496C,0,-1.1671009,0.1188332736492157,0.9801980257034302,0.7348348498344421
YDR144C,YOR393W,0,-1.1705112,0.11881901323795319,0.9801980257034302,0.73493492603302
YOL136C,YLR145W,0,-1.1720841,0.11880475282669067,0.9801980257034302,0.7350350618362427
YPR200C,YNL258C,0,-1.1724882,0.11879049986600876,0.9801980257034302,0.7351351380348206
YPR011C,YNL138W,0,-1.1753114,0.11877624690532684,0.9801980257034302,0.7352352142333984
YDR285W,YBR271W,0,-1.1764477,0.11876199394464493,0.9801980257034302,0.7353353500366211
YDR423C,YML109W,0,-1.1769277,0.11874774843454361,0.9801980257034302,0.735435426235199
YOR237W,YML028W,0,-1.1779008,0.11873351037502289,0.9801980257034302,0.7355355620384216
YER049W,YLR350W,0,-1.178922,0.11871927231550217,0.9801980257034302,0.7356356382369995
YHR012W,YJL030W,0,-1.1809349,0.11870503425598145,0.9801980257034302,0.7357357144355774
YJR004C,YPR163C,0,-1.1817915,0.11869080364704132,0.9801980257034302,0.7358358502388
YOR074C,YPR198W,0,-1.1835424,0.1186765730381012,0.9801980257034302,0.7359359264373779
YBR247C,YLR153C,0,-1.1844584,0.11866234987974167,0.9801980257034302,0.7360360622406006
YBR274W,YNL163C,0,-1.1852174,0.11864812672138214,0.9801980257034302,0.7361361384391785
YBL092W,YML039W,0,-1.1856056,0.11863391101360321,0.9801980257034302,0.7362362146377563
YDR144C,YOR243C,0,-1.1863271,0.11861969530582428,0.9801980257034302,0.736336350440979
YGL256W,YKR006C,0,-1.1879585,0.11860548704862595,0.9801980257034302,0.7364364266395569
YHR005C-A,YFL010W-A,0,-1.1881278,0.11859127879142761,0.9801980257034302,0.7365365624427795
YGR288W,YJR092W,0,-1.1882654,0.11857707798480988,0.9801980257034302,0.7366366386413574
YJL194W,YPR159W,0,-1.1917026,0.11856287717819214,0.9801980257034302,0.7367367148399353
YKL007W,YDR281C,0,-1.1921133,0.1185486763715744,0.9801980257034302,0.736836850643158
YFR031C,YIL094C,0,-1.194152,0.11853448301553726,0.9801980257034302,0.7369369268417358
YNL223W,YIR005W,0,-1.1967405,0.11852028965950012,0.9801980257034302,0.7370370626449585
YMR173W,YBR129C,0,-1.2015314,0.11850610375404358,0.9801980257034302,0.7371371388435364
YDL215C,YPR083W,0,-1.2021561,0.11849191784858704,0.9801980257034302,0.7372372150421143
YLR447C,YGR072W,0,-1.2023607,0.11847773939371109,0.9801980257034302,0.7373373508453369
YFR029W,YEL030W,0,-1.2023696,0.11846356093883514,0.9801980257034302,0.7374374270439148
YLR191W,YDR453C,0,-1.2032778,0.1184493899345398,0.9801980257034302,0.7375375628471375
YPL129W,YDL170W,0,-1.2036979,0.11843521893024445,0.9801980257034302,0.7376376390457153
YIL128W,YFR031C,0,-1.2039607,0.1184210553765297,0.9801980257034302,0.7377377152442932
YKL078W,YHR041C,0,-1.2070333,0.11840689182281494,0.9801980257034302,0.7378378510475159
YIL094C,YGL050W,0,-1.2083042,0.11839272826910019,0.9801980257034302,0.7379379272460938
YJL128C,YBR026C,0,-1.2091278,0.11837857216596603,0.9801980257034302,0.7380380630493164
YKL020C,YCL014W,0,-1.2092952,0.11836441606283188,0.9801980257034302,0.7381381392478943
YDL074C,YNL274C,0,-1.2113148,0.11835026741027832,0.9801980257034302,0.7382382154464722
YOL086C,YGL122C,0,-1.2157369,0.11833611875772476,0.9801980257034302,0.7383383512496948
YDL022W,YCL004W,0,-1.2164669,0.1183219775557518,0.9801980257034302,0.7384384274482727
YGL200C,YPL240C,0,-1.2165452,0.11830783635377884,0.9801980257034302,0.7385385632514954
YGL212W,YNL302C,0,-1.2189894,0.11829370260238647,0.9801980257034302,0.7386386394500732
YER098W,YML039W,0,-1.2208999,0.11827956885099411,0.9801980257034302,0.7387387156486511
YJR078W,YGR246C,0,-1.2231971,0.11826544255018234,0.9801980257034302,0.7388388514518738
YNL110C,YOR038C,0,-1.2235794,0.11825131624937057,0.9801980257034302,0.7389389276504517
YLR197W,YBR172C,0,-1.224309,0.11823718994855881,0.9801980257034302,0.7390390634536743
YOL102C,YAL024C,0,-1.2245947,0.11822307109832764,0.9801980257034302,0.7391391396522522
YFR029W,YLR009W,0,-1.2249849,0.11820895224809647,0.9801980257034302,0.7392392158508301
YDR172W,YOR232W,0,-1.2250031,0.11819484084844589,0.9801980257034302,0.7393393516540527
YOR275C,YHR008C,0,-1.2251035,0.11818072944879532,0.9801980257034302,0.7394394278526306
YDL215C,YNR015W,0,-1.2284039,0.11816662549972534,0.9801980257034302,0.7395395636558533
YDR067C,YBR052C,0,-1.2338779,0.11815252155065536,0.9801980257034302,0.7396396398544312
YLR270W,YLR309C,0,-1.2367055,0.11813842505216599,0.9801980257034302,0.739739716053009
YDR473C,YMR172W,0,-1.2401416,0.1181243285536766,0.9801980257034302,0.7398398518562317
YDL024C,YGL212W,0,-1.2402823,0.11811023950576782,0.9801980257034302,0.7399399280548096
YDL216C,YHR008C,0,-1.2408512,0.11809615045785904,0.9801980257034302,0.7400400638580322
YJL029C,YCR052W,0,-1.24274,0.11808206140995026,0.9801980257034302,0.7401401400566101
YCL074W,YIL128W,0,-1.2440953,0.11806797981262207,0.9801980257034302,0.740240216255188
YLL034C,YDR211W,0,-1.2454982,0.11805389821529388,0.9801980257034302,0.7403403520584106
YJL140W,YLR348C,0,-1.2463986,0.1180398240685463,0.9801980257034302,0.7404404282569885
YGR238C,YDL035C,0,-1.24648,0.1180257499217987,0.9801980257034302,0.7405405640602112
YBR183W,YOR298W,0,-1.2469101,0.11801168322563171,0.9801980257034302,0.7406406402587891
YLR228C,YNL262W,0,-1.247377,0.11799761652946472,0.9801980257034302,0.7407407164573669
YBR042C,YDL170W,0,-1.2498868,0.11798355728387833,0.9801980257034302,0.7408408522605896
YDL197C,YKL203C,0,-1.2524433,0.11796949803829193,0.9801980257034302,0.7409409284591675
YGR252W,YIL143C,0,-1.2535236,0.11795543879270554,0.9801980257034302,0.7410410642623901
YJR078W,YLR348C,0,-1.255182,0.11794138699769974,0.9801980257034302,0.741141140460968
YMR210W,YNR072W,0,-1.255906,0.11792733520269394,0.9801980257034302,0.7412412166595459
YJL141C,YLR386W,0,-1.2560217,0.11791329085826874,0.9801980257034302,0.7413413524627686
YLR314C,YER087W,0,-1.2563212,0.11789924651384354,0.9801980257034302,0.7414414286613464
YBR282W,YOR327C,0,-1.256712,0.11788520961999893,0.9801980257034302,0.7415415644645691
YMR168C,YBR278W,0,-1.2571242,0.11787117272615433,0.9801980257034302,0.741641640663147
YPL083C,YGL010W,0,-1.258321,0.11785714328289032,0.9801980257034302,0.7417417168617249
YNR015W,YPL208W,0,-1.2583411,0.11784311383962631,0.9801980257034302,0.7418418526649475
YER049W,YGR113W,0,-1.2591124,0.1178290918469429,0.9801980257034302,0.7419419288635254
YMR176W,YER104W,0,-1.2598252,0.1178150624036789,0.9801980257034302,0.742042064666748
YEL031W,YGR246C,0,-1.26056,0.11780104786157608,0.9801980257034302,0.7421421408653259
YLR080W,YHR082C,0,-1.2625732,0.11778703331947327,0.9801980257034302,0.7422422170639038
YOR216C,YPL259C,0,-1.2630787,0.11777301877737045,0.9801980257034302,0.7423423528671265
YBL005W-B,YAR035W,0,-1.2638612,0.11775901168584824,0.9801980257034302,0.7424424290657043
YMR049C,YLL004W,0,-1.2641214,0.11774500459432602,0.9801980257034302,0.742542564868927
YNL010W,YBL028C,0,-1.2647918,0.1177310049533844,0.9801980257034302,0.7426426410675049
YDL215C,YGL220W,0,-1.2712072,0.11771700531244278,0.9801980257034302,0.7427427172660828
YDL227C,YNL239W,0,-1.2716002,0.11770300567150116,0.9801980257034302,0.7428428530693054
YDL021W,YOR239W,0,-1.2721694,0.11768901348114014,0.9801980257034302,0.7429429292678833
YNL070W,YPR006C,0,-1.2722638,0.11767502874135971,0.9801980257034302,0.743043065071106
YNL236W,YMR046C,0,-1.2725714,0.11766104400157928,0.9801980257034302,0.7431431412696838
YLR203C,YCR046C,0,-1.2732724,0.11764705926179886,0.9801980257034302,0.7432432174682617
YBR222C,YJR103W,1,-1.2766054,0.11775190383195877,0.9811881184577942,0.7432432174682617
YBR006W,YBR026C,0,-1.2766508,0.11773791164159775,0.9811881184577942,0.7433433532714844
YJR149W,YDR306C,0,-1.2781953,0.11772392690181732,0.9811881184577942,0.7434434294700623
YPL276W,YNL283C,0,-1.2791971,0.1177099421620369,0.9811881184577942,0.7435435652732849
YDL142C,YPR159W,0,-1.2813264,0.11769596487283707,0.9811881184577942,0.7436436414718628
YLR113W,YBR192W,0,-1.2836207,0.11768198758363724,0.9811881184577942,0.7437437176704407
YNL281W,YOR378W,0,-1.2854185,0.11766801029443741,0.9811881184577942,0.7438438534736633
YER185W,YOL107W,0,-1.2886722,0.11765404045581818,0.9811881184577942,0.7439439296722412
YJR051W,YKR020W,0,-1.2893132,0.11764007806777954,0.9811881184577942,0.7440440654754639
YNL223W,YJL176C,0,-1.2898209,0.1176261156797409,0.9811881184577942,0.7441441416740417
YLR182W,YGL037C,0,-1.2899448,0.11761215329170227,0.9811881184577942,0.7442442178726196
YJR006W,YPL099C,0,-1.2997445,0.11759819835424423,0.9811881184577942,0.7443443536758423
YKL009W,YNL302C,0,-1.3017337,0.1175842434167862,0.9811881184577942,0.7444444298744202
YOR388C,YNL314W,0,-1.3031535,0.11757029592990875,0.9811881184577942,0.7445445656776428
YLR305C,YJR112W,0,-1.3035891,0.11755634844303131,0.9811881184577942,0.7446446418762207
YMR284W,YDL202W,0,-1.3050507,0.11754240095615387,0.9811881184577942,0.7447447180747986
YER168C,YEL062W,0,-1.3057034,0.11752846091985703,0.9811881184577942,0.7448448538780212
YMR046C,YOR162C,0,-1.3061947,0.11751452833414078,0.9811881184577942,0.7449449300765991
YGL083W,YBR257W,0,-1.3063997,0.11750059574842453,0.9811881184577942,0.7450450658798218
YML071C,YBR173C,0,-1.3065084,0.11748666316270828,0.9811881184577942,0.7451451420783997
YJL087C,YNL283C,0,-1.3076384,0.11747273802757263,0.9811881184577942,0.7452452182769775
YOR261C,YAL040C,0,-1.3081087,0.11745881289243698,0.9811881184577942,0.7453453540802002
YNL163C,YMR296C,0,-1.3110013,0.11744489520788193,0.9811881184577942,0.7454454302787781
YOL010W,YER104W,0,-1.3141534,0.11743097752332687,0.9811881184577942,0.7455455660820007
YIL128W,YIL079C,0,-1.3192631,0.11741705983877182,0.9811881184577942,0.7456456422805786
YNL138W,YNR060W,0,-1.3198692,0.11740314960479736,0.9811881184577942,0.7457457184791565
YJR092W,YNL273W,0,-1.3209668,0.1173892468214035,0.9811881184577942,0.7458458542823792
YJR082C,YDR369C,0,-1.3230319,0.11737534403800964,0.9811881184577942,0.745945930480957
YNR021W,YMR295C,0,-1.3256428,0.11736144125461578,0.9811881184577942,0.7460460662841797
YOL045W,YOR353C,0,-1.3257625,0.11734754592180252,0.9811881184577942,0.7461461424827576
YGR171C,YPL027W,0,-1.3264031,0.11733365058898926,0.9811881184577942,0.7462462186813354
YKL038W,YJL144W,0,-1.32761,0.117319755256176,0.9811881184577942,0.7463463544845581
YBR274W,YOL111C,0,-1.3281939,0.11730587482452393,0.9811881184577942,0.746446430683136
YNL297C,YHR085W,0,-1.3306923,0.11729198694229126,0.9811881184577942,0.7465465664863586
YDL028C,YOR226C,0,-1.3345716,0.11727810651063919,0.9811881184577942,0.7466466426849365
YLR395C,YHR085W,0,-1.3352858,0.11726422607898712,0.9811881184577942,0.7467467188835144
YLL004W,YDR498C,0,-1.3360476,0.11725035309791565,0.9811881184577942,0.7468468546867371
YHR060W,YNR072W,0,-1.3362515,0.11723648756742477,0.9811881184577942,0.7469469308853149
YOR209C,YOR180C,0,-1.3429099,0.1172226145863533,0.9811881184577942,0.7470470666885376
YKL103C,YDR109C,0,-1.3484926,0.11720874905586243,0.9811881184577942,0.7471471428871155
YOL142W,YDL206W,0,-1.3490863,0.11719489097595215,0.9811881184577942,0.7472472190856934
YGL172W,YNL238W,0,-1.3493733,0.11718103289604187,0.9811881184577942,0.747347354888916
YGR036C,YLR348C,0,-1.3502225,0.11716718226671219,0.9811881184577942,0.7474474310874939
YGR034W,YAR031W,0,-1.3506091,0.11715332418680191,0.9811881184577942,0.7475475668907166
YOL038W,YFR045W,0,-1.3560128,0.11713948100805283,0.9811881184577942,0.7476476430892944
YMR272C,YGL113W,0,-1.3584576,0.11712563782930374,0.9811881184577942,0.7477477192878723
YOR377W,YLL040C,0,-1.3596137,0.11711179465055466,0.9811881184577942,0.747847855091095
YDL070W,YKL205W,0,-1.3613402,0.11709795892238617,0.9811881184577942,0.7479479312896729
YNL122C,YKL189W,0,-1.3628261,0.11708412319421768,0.9811881184577942,0.7480480670928955
YPR080W,YPR190C,0,-1.3650097,0.1170702874660492,0.9811881184577942,0.7481481432914734
YDR353W,YKR102W,0,-1.3656447,0.1170564591884613,0.9811881184577942,0.7482482194900513
YJR036C,YJR103W,1,-1.366055,0.11716074496507645,0.9821782112121582,0.7482482194900513
YDR144C,YBL079W,0,-1.3664616,0.11714690923690796,0.9821782112121582,0.7483483552932739
YFL066C,YBR129C,0,-1.3669361,0.11713307350873947,0.9821782112121582,0.7484484314918518
YPR191W,YNL297C,0,-1.3671598,0.11711924523115158,0.9821782112121582,0.7485485672950745
YHR211W,YJL149W,0,-1.3671942,0.11710541695356369,0.9821782112121582,0.7486486434936523
YLL061W,YFR052W,0,-1.3674297,0.1170915961265564,0.9821782112121582,0.7487487196922302
YMR301C,YFR033C,0,-1.3688672,0.1170777752995491,0.9821782112121582,0.7488488554954529
YNL163C,YGL216W,0,-1.3742632,0.1170639619231224,0.9821782112121582,0.7489489316940308
YDR072C,YIL035C,0,-1.374926,0.11705014854669571,0.9821782112121582,0.7490490674972534
YOL129W,YPL200W,0,-1.3768616,0.11703633517026901,0.9821782112121582,0.7491491436958313
YNL122C,YIL076W,0,-1.3784113,0.11702252924442291,0.9821782112121582,0.7492492198944092
YDR285W,YDR146C,0,-1.3798358,0.11700873076915741,0.9821782112121582,0.7493493556976318
YOL142W,YDR233C,0,-1.3809137,0.1169949322938919,0.9821782112121582,0.7494494318962097
YPL139C,YLR129W,0,-1.3826303,0.1169811338186264,0.9821782112121582,0.7495495676994324
YBR002C,YJL079C,0,-1.3876104,0.1169673353433609,0.9821782112121582,0.7496496438980103
YHR030C,YNL044W,0,-1.3879298,0.11695355176925659,0.9821782112121582,0.7497497200965881
YNL271C,YEL041W,0,-1.3889532,0.11693976074457169,0.9821782112121582,0.7498498558998108
YOR298W,YCL003W,0,-1.3895831,0.11692597717046738,0.9821782112121582,0.7499499320983887
YOR071C,YNL223W,0,-1.3902197,0.11691220104694366,0.9821782112121582,0.7500500679016113
YGR271W,YIR005W,0,-1.3914179,0.11689841747283936,0.9821782112121582,0.7501501441001892
YHR164C,YBR287W,0,-1.3916976,0.11688464879989624,0.9821782112121582,0.7502502799034119
YHR030C,YDR310C,0,-1.3918191,0.11687088012695312,0.9821782112121582,0.7503503561019897
YDR026C,YBR177C,0,-1.3931254,0.11685711145401001,0.9821782112121582,0.7504504323005676
YGL026C,YOR204W,0,-1.3942614,0.1168433427810669,0.9821782112121582,0.7505505681037903
YDR518W,YLR425W,0,-1.40029,0.11682958155870438,0.9821782112121582,0.7506506443023682
YBL112C,YGR112W,0,-1.4003352,0.11681582778692245,0.9821782112121582,0.7507507801055908
YGL200C,YMR179W,0,-1.4014375,0.11680207401514053,0.9821782112121582,0.7508508563041687
YJL213W,YPR159W,0,-1.4018924,0.11678832024335861,0.9821782112121582,0.7509509325027466
YDR530C,YDR146C,0,-1.4057217,0.11677457392215729,0.9821782112121582,0.7510510683059692
YLR305C,YBR187W,0,-1.4063637,0.11676082760095596,0.9821782112121582,0.7511511445045471
YLR182W,YJL200C,0,-1.4077823,0.11674708873033524,0.9821782112121582,0.7512512803077698
YGL037C,YLR016C,0,-1.4093863,0.11673334985971451,0.9821782112121582,0.7513513565063477
YNL027W,YNL121C,0,-1.4105618,0.11671961098909378,0.9821782112121582,0.7514514327049255
YPL119C,YEL056W,0,-1.4118193,0.11670587956905365,0.9821782112121582,0.7515515685081482
YOR304C-A,YOR251C,0,-1.412152,0.11669215559959412,0.9821782112121582,0.7516516447067261
YLR395C,YOR148C,0,-1.4125578,0.11667843163013458,0.9821782112121582,0.7517517805099487
YHR069C,YBR020W,0,-1.4143796,0.11666470766067505,0.9821782112121582,0.7518518567085266
YKL161C,YMR272C,0,-1.4165591,0.11665099114179611,0.9821782112121582,0.7519519329071045
YER046W,YGR070W,0,-1.4189737,0.11663727462291718,0.9821782112121582,0.7520520687103271
YJL053W,YKL206C,0,-1.420822,0.11662355810403824,0.9821782112121582,0.752152144908905
YNL304W,YNL262W,0,-1.4216425,0.1166098490357399,0.9821782112121582,0.7522522807121277
YLR321C,YGR276C,0,-1.4217722,0.11659614741802216,0.9821782112121582,0.7523523569107056
YNR044W,YNR013C,0,-1.4222493,0.11658244580030441,0.9821782112121582,0.7524524331092834
YKR103W,YDR195W,0,-1.4222668,0.11656874418258667,0.9821782112121582,0.7525525689125061
YFL045C,YDL083C,0,-1.4232119,0.11655505001544952,0.9821782112121582,0.752652645111084
YMR168C,YNL138W,0,-1.4264197,0.11654135584831238,0.9821782112121582,0.7527527809143066
YER008C,YMR160W,0,-1.4265859,0.11652766168117523,0.9821782112121582,0.7528528571128845
YGL162W,YJR021C,0,-1.4271299,0.11651397496461868,0.9821782112121582,0.7529529333114624
YOR222W,YJR103W,0,-1.4275401,0.11650029569864273,0.9821782112121582,0.7530530691146851
YBR059C,YMR046C,0,-1.4319984,0.11648661643266678,0.9821782112121582,0.7531531453132629
YOL129W,YKL022C,0,-1.4326215,0.11647293716669083,0.9821782112121582,0.7532532811164856
YHR069C,YMR008C,0,-1.4331386,0.11645926535129547,0.9821782112121582,0.7533533573150635
YJR078W,YPL112C,0,-1.433357,0.11644559353590012,0.9821782112121582,0.7534534335136414
YKL007W,YML028W,0,-1.4391189,0.11643192172050476,0.9821782112121582,0.753553569316864
YPL147W,YLR050C,0,-1.4422257,0.11641825735569,0.9821782112121582,0.7536536455154419
YHR066W,YNL110C,0,-1.442447,0.11640460044145584,0.9821782112121582,0.7537537813186646
YPL099C,YLR026C,0,-1.4427844,0.11639094352722168,0.9821782112121582,0.7538538575172424
YKR103W,YJL082W,0,-1.4430172,0.11637728661298752,0.9821782112121582,0.7539539337158203
YDR383C,YLR309C,0,-1.4433613,0.11636363714933395,0.9821782112121582,0.754054069519043
YGR179C,YLR209C,0,-1.4443107,0.11634998768568039,0.9821782112121582,0.7541541457176208
YER185W,YOL062C,0,-1.4452547,0.11633634567260742,0.9821782112121582,0.7542542815208435
YKL119C,YHR005C-A,0,-1.4461657,0.11632270365953445,0.9821782112121582,0.7543543577194214
YNL281W,YER101C,0,-1.4496645,0.11630906164646149,0.9821782112121582,0.7544544339179993
YHR074W,YOR317W,1,-1.4498699,0.11641266196966171,0.9831683039665222,0.7544544339179993
YGL062W,YMR304W,0,-1.4526012,0.11639901250600815,0.9831683039665222,0.7545545697212219
YOR287C,YMR087W,0,-1.4547926,0.11638537049293518,0.9831683039665222,0.7546546459197998
YFL066C,YBR230C,0,-1.4560188,0.11637173593044281,0.9831683039665222,0.7547547817230225
YNL102W,YBR187W,0,-1.4592721,0.11635809391736984,0.9831683039665222,0.7548548579216003
YER013W,YLL012W,0,-1.4624577,0.11634446680545807,0.9831683039665222,0.7549549341201782
YFR031C,YIL021W,0,-1.462904,0.1163308322429657,0.9831683039665222,0.7550550699234009
YGL200C,YPL050C,0,-1.4662036,0.11631720513105392,0.9831683039665222,0.7551551461219788
YJR149W,YDR072C,0,-1.4669528,0.11630358546972275,0.9831683039665222,0.7552552819252014
YOL066C,YPR135W,0,-1.4685178,0.11628996580839157,0.9831683039665222,0.7553553581237793
YLR183C,YJL176C,0,-1.4685901,0.1162763461470604,0.9831683039665222,0.7554554343223572
YKL013C,YMR273C,0,-1.471879,0.11626273393630981,0.9831683039665222,0.7555555701255798
YJL172W,YBR072W,0,-1.4720917,0.11624912172555923,0.9831683039665222,0.7556556463241577
YNL102W,YHR175W,0,-1.4745388,0.11623551696538925,0.9831683039665222,0.7557557821273804
YNL073W,YLL017W,0,-1.475542,0.11622191220521927,0.9831683039665222,0.7558558583259583
YBR120C,YDR337W,0,-1.4786273,0.11620830744504929,0.9831683039665222,0.7559559345245361
YAR002C-A,YJL141C,0,-1.4891521,0.1161947101354599,0.9831683039665222,0.7560560703277588
YNR006W,YPL196W,0,-1.4897032,0.11618111282587051,0.9831683039665222,0.7561561465263367
YIL139C,YPL087W,0,-1.4914404,0.11616752296686172,0.9831683039665222,0.7562562823295593
YEL053C,YOL101C,0,-1.4920305,0.11615393310785294,0.9831683039665222,0.7563563585281372
YOL057W,YIR032C,0,-1.4934065,0.11614035069942474,0.9831683039665222,0.7564564347267151
YHR066W,YKL171W,0,-1.4971875,0.11612676829099655,0.9831683039665222,0.7565565705299377
YOR074C,YDR392W,0,-1.5019537,0.11611319333314896,0.9831683039665222,0.7566566467285156
YNL153C,YIR025W,0,-1.504425,0.11609961092472076,0.9831683039665222,0.7567567825317383
YDR090C,YBR257W,0,-1.5049049,0.11608604341745377,0.9831683039665222,0.7568568587303162
YDR034C,YOR099W,0,-1.5067979,0.11607247591018677,0.9831683039665222,0.756956934928894
YKL130C,YDR226W,0,-1.5076632,0.11605890840291977,0.9831683039665222,0.7570570707321167
YLR009W,YOL062C,0,-1.5078459,0.11604534089565277,0.9831683039665222,0.7571571469306946
YMR200W,YMR304W,0,-1.508295,0.11603178083896637,0.9831683039665222,0.7572572827339172
YGL068W,YKL165C,0,-1.509328,0.11601822823286057,0.9831683039665222,0.7573573589324951
YDR172W,YJR031C,0,-1.5110662,0.11600467562675476,0.9831683039665222,0.757457435131073
YOR147W,YDR172W,0,-1.5122852,0.11599112302064896,0.9831683039665222,0.7575575709342957
YER103W,YPR135W,0,-1.5212481,0.11597757786512375,0.9831683039665222,0.7576576471328735
YMR013C,YHL027W,0,-1.5228667,0.11596403270959854,0.9831683039665222,0.7577577829360962
YBR202W,YJR103W,0,-1.5280626,0.11595048755407333,0.9831683039665222,0.7578578591346741
YOL102C,YDR146C,0,-1.5292424,0.11593694984912872,0.9831683039665222,0.757957935333252
YJL124C,YNL078W,0,-1.5294526,0.11592341959476471,0.9831683039665222,0.7580580711364746
YBR274W,YNL050C,0,-1.5305656,0.1159098893404007,0.9831683039665222,0.7581581473350525
YNL314W,YJR133W,0,-1.533684,0.11589635908603668,0.9831683039665222,0.7582582831382751
YKR036C,YGR143W,0,-1.534044,0.11588283628225327,0.9831683039665222,0.758358359336853
YDL142C,YDR109C,0,-1.5357004,0.11586931347846985,0.9831683039665222,0.7584584355354309
YIR039C,YKL094W,0,-1.539095,0.11585579067468643,0.9831683039665222,0.7585585713386536
YNR035C,YDR470C,0,-1.5392351,0.11584227532148361,0.9831683039665222,0.7586586475372314
YDR034C,YOR194C,0,-1.5452006,0.11582876741886139,0.9831683039665222,0.7587587833404541
YOL093W,YPR030W,0,-1.5494322,0.11581525206565857,0.9831683039665222,0.758858859539032
YDL202W,YGR239C,0,-1.5498438,0.11580175161361694,0.9831683039665222,0.7589589357376099
YMR296C,YLR145W,0,-1.551528,0.11578824371099472,0.9831683039665222,0.7590590715408325
YCL074W,YIL135C,0,-1.5550418,0.1157747432589531,0.9831683039665222,0.7591591477394104
YBR202W,YNL239W,0,-1.5585169,0.11576125025749207,0.9831683039665222,0.7592592835426331
YDR067C,YOR138C,0,-1.5590199,0.11574775725603104,0.9831683039665222,0.7593593597412109
YBL005W-B,YPR001W,0,-1.5622126,0.11573426425457001,0.9831683039665222,0.7594594359397888
YDL216C,YNR035C,0,-1.5632193,0.11572077870368958,0.9831683039665222,0.7595595717430115
YGR056W,YKR044W,0,-1.5638819,0.11570729315280914,0.9831683039665222,0.7596596479415894
YDR530C,YPL082C,0,-1.5648661,0.11569381505250931,0.9831683039665222,0.759759783744812
YML071C,YJR112W,0,-1.5764806,0.11568033695220947,0.9831683039665222,0.7598598599433899
YDR034C,YJL178C,0,-1.578603,0.11566685885190964,0.9831683039665222,0.7599599361419678
YGL158W,YJL225C,0,-1.5790577,0.1156533882021904,0.9831683039665222,0.7600600719451904
YLR113W,YLL012W,0,-1.5816193,0.11563991755247116,0.9831683039665222,0.7601601481437683
YCR052W,YKR102W,0,-1.5826445,0.11562645435333252,0.9831683039665222,0.760260283946991
YKR066C,YDR211W,0,-1.5838295,0.11561299115419388,0.9831683039665222,0.7603603601455688
YGL122C,YMR137C,0,-1.5854745,0.11559953540563583,0.9831683039665222,0.7604604363441467
YOL155C,YMR143W,0,-1.5909185,0.11558607965707779,0.9831683039665222,0.7605605721473694
YDR472W,YLR330W,0,-1.5924412,0.11557262390851974,0.9831683039665222,0.7606606483459473
YBR195C,YIL002C,0,-1.595385,0.1155591756105423,0.9831683039665222,0.7607607841491699
YMR228W,YER171W,0,-1.5962509,0.11554572731256485,0.9831683039665222,0.7608608603477478
YJL171C,YMR143W,0,-1.5976934,0.115532286465168,0.9831683039665222,0.7609609365463257
YJL134W,YDR260C,0,-1.5981538,0.11551884561777115,0.9831683039665222,0.7610610723495483
YDL107W,YJL124C,0,-1.5985351,0.1155054122209549,0.9831683039665222,0.7611611485481262
YNL102W,YGL180W,0,-1.599279,0.11549197137355804,0.9831683039665222,0.7612612843513489
YDR034C,YBR129C,0,-1.601145,0.11547854542732239,0.9831683039665222,0.7613613605499268
YLR228C,YNR035C,0,-1.6014315,0.11546511948108673,0.9831683039665222,0.7614614367485046
YIR011C,YGL071W,0,-1.6039815,0.11545169353485107,0.9831683039665222,0.7615615725517273
YDR207C,YKL022C,0,-1.604306,0.11543826758861542,0.9831683039665222,0.7616616487503052
YPR083W,YGL071W,0,-1.6043208,0.11542484909296036,0.9831683039665222,0.7617617845535278
YDR067C,YKL166C,0,-1.6051408,0.1154114380478859,0.9831683039665222,0.7618618607521057
YLR321C,YLR224W,0,-1.6088731,0.11539802700281143,0.9831683039665222,0.7619619369506836
YHR041C,YMR115W,0,-1.6102364,0.11538461595773697,0.9831683039665222,0.7620620727539062
YBL041W,YBR074W,0,-1.61236,0.1153712123632431,0.9831683039665222,0.7621621489524841
YDR371W,YER151C,0,-1.613219,0.11535780876874924,0.9831683039665222,0.7622622847557068
YLL027W,YBL034C,0,-1.6133685,0.11534440517425537,0.9831683039665222,0.7623623609542847
YDR378C,YLR404W,0,-1.6195054,0.1153310090303421,0.9831683039665222,0.7624624371528625
YGL158W,YNL230C,0,-1.6204513,0.11531762033700943,0.9831683039665222,0.7625625729560852
YMR005W,YLR016C,0,-1.622374,0.11530422419309616,0.9831683039665222,0.7626626491546631
YPR167C,YGL237C,0,-1.6223934,0.11529084295034409,0.9831683039665222,0.7627627849578857
YGR288W,YPR043W,0,-1.6225338,0.11527745425701141,0.9831683039665222,0.7628628611564636
YDR378C,YDL111C,0,-1.6249263,0.11526407301425934,0.9831683039665222,0.7629629373550415
YBR095C,YLR330W,0,-1.6252242,0.11525069922208786,0.9831683039665222,0.7630630731582642
YML052W,YER019C-A,0,-1.628473,0.11523731797933578,0.9831683039665222,0.763163149356842
YPR187W,YGR271W,0,-1.633414,0.1152239516377449,0.9831683039665222,0.7632632851600647
YOL057W,YGL212W,0,-1.6346421,0.11521057784557343,0.9831683039665222,0.7633633613586426
YGL233W,YOR008C,0,-1.636512,0.11519721895456314,0.9831683039665222,0.7634634375572205
YLR312W-A,YNL258C,0,-1.6385274,0.11518385261297226,0.9831683039665222,0.7635635733604431
YPL213W,YMR075W,0,-1.6397125,0.11517049372196198,0.9831683039665222,0.763663649559021
YGR081C,YPR080W,0,-1.6406316,0.11515713483095169,0.9831683039665222,0.7637637853622437
YCL004W,YFL017W-A,0,-1.6413534,0.115143783390522,0.9831683039665222,0.7638638615608215
YNL172W,YLR291C,0,-1.6476276,0.11513043195009232,0.9831683039665222,0.7639639377593994
YGR246C,YLL027W,0,-1.647677,0.11511708796024323,0.9831683039665222,0.7640640735626221
YPL259C,YHR174W,0,-1.6496683,0.11510374397039413,0.9831683039665222,0.7641641497612
YOR084W,YOL054W,0,-1.6506984,0.11509039998054504,0.9831683039665222,0.7642642855644226
YNL084C,YNL309W,0,-1.6546829,0.11507706344127655,0.9831683039665222,0.7643643617630005
YEL036C,YIL046W,0,-1.6546935,0.11506373435258865,0.9831683039665222,0.7644644379615784
YKL078W,YAL024C,0,-1.6559805,0.11505039781332016,0.9831683039665222,0.764564573764801
YLR182W,YOL108C,0,-1.6565095,0.11503706872463226,0.9831683039665222,0.7646646499633789
YOL158C,YGR229C,0,-1.6578431,0.11502374708652496,0.9831683039665222,0.7647647857666016
YBR195C,YMR321C,0,-1.6591274,0.11501042544841766,0.9831683039665222,0.7648648619651794
YJL192C,YLL040C,0,-1.6592853,0.11499710381031036,0.9831683039665222,0.7649649381637573
YBL098W,YDR151C,0,-1.6592895,0.11498378962278366,0.9831683039665222,0.76506507396698
YBL041W,YMR097C,0,-1.6634395,0.11497047543525696,0.9831683039665222,0.7651651501655579
YMR013C,YML112W,0,-1.6644732,0.11495716869831085,0.9831683039665222,0.7652652859687805
YCL074W,YJL082W,0,-1.6658226,0.11494386196136475,0.9831683039665222,0.7653653621673584
YHL034C,YML056C,0,-1.6667804,0.11493055522441864,0.9831683039665222,0.7654654383659363
YOL038W,YCL032W,0,-1.6678703,0.11491725593805313,0.9831683039665222,0.7655655741691589
YOR194C,YNL016W,0,-1.6682142,0.11490395665168762,0.9831683039665222,0.7656656503677368
YPL099C,YFR018C,0,-1.6683815,0.11489066481590271,0.9831683039665222,0.7657657861709595
YML073C,YBR031W,0,-1.6686773,0.1148773729801178,0.9831683039665222,0.7658658623695374
YPL151C,YJR082C,0,-1.6702747,0.11486408114433289,0.9831683039665222,0.7659659385681152
YDR369C,YOR353C,0,-1.6766989,0.11485079675912857,0.9831683039665222,0.7660660743713379
YJL060W,YJR034W,0,-1.6779761,0.11483751237392426,0.9831683039665222,0.7661661505699158
YDL028C,YLR020C,0,-1.6780591,0.11482423543930054,0.9831683039665222,0.7662662863731384
YNL102W,YCR046C,0,-1.6789865,0.11481095850467682,0.9831683039665222,0.7663663625717163
YER098W,YEL041W,0,-1.6800319,0.1147976890206337,0.9831683039665222,0.7664664387702942
YKR019C,YCR014C,0,-1.6839855,0.11478441953659058,0.9831683039665222,0.7665665745735168
YOL070C,YKR066C,0,-1.6858845,0.11477115005254745,0.9831683039665222,0.7666666507720947
YCR055C,YJR063W,0,-1.6875765,0.11475788801908493,0.9831683039665222,0.7667667865753174
YKL189W,YFR019W,0,-1.6877478,0.1147446259856224,0.9831683039665222,0.7668668627738953
YBL005W-B,YDR494W,0,-1.6919267,0.11473137140274048,0.9831683039665222,0.7669669389724731
YLL029W,YOR239W,0,-1.6921182,0.11471811681985855,0.9831683039665222,0.7670670747756958
YDR196C,YGL169W,0,-1.692507,0.11470486223697662,0.9831683039665222,0.7671671509742737
YLR182W,YJL030W,0,-1.6935637,0.11469161510467529,0.9831683039665222,0.7672672867774963
YNL008C,YCR087C-A,0,-1.694477,0.11467836797237396,0.9831683039665222,0.7673673629760742
YOL111C,YDR403W,0,-1.6978639,0.11466512829065323,0.9831683039665222,0.7674674391746521
YER165W,YBR031W,0,-1.6983553,0.1146518886089325,0.9831683039665222,0.7675675749778748
YMR087W,YEL030W,0,-1.7011214,0.11463864892721176,0.9831683039665222,0.7676676511764526
YBL041W,YLR390W,0,-1.7085558,0.11462541669607162,0.9831683039665222,0.7677677869796753
YLR160C,YGL163C,0,-1.7111958,0.11461219191551208,0.9831683039665222,0.7678678631782532
YNR074C,YLR348C,0,-1.7135988,0.11459895968437195,0.9831683039665222,0.767967939376831
YMR123W,YHR214C-B,0,-1.7141743,0.11458573490381241,0.9831683039665222,0.7680680751800537
YIL135C,YBL011W,0,-1.7146149,0.11457251757383347,0.9831683039665222,0.7681681513786316
YGL241W,YMR115W,0,-1.7147006,0.11455930024385452,0.9831683039665222,0.7682682871818542
YDR144C,YLR244C,0,-1.7148929,0.11454608291387558,0.9831683039665222,0.7683683633804321
YNL131W,YOR204W,0,-1.7180705,0.11453287303447723,0.9831683039665222,0.76846843957901
YFL001W,YDR364C,0,-1.7258246,0.11451966315507889,0.9831683039665222,0.7685685753822327
YOR054C,YPR149W,0,-1.7265656,0.11450646072626114,0.9831683039665222,0.7686686515808105
YOR106W,YNL314W,0,-1.7265906,0.11449325829744339,0.9831683039665222,0.7687687873840332
YJL155C,YBR115C,0,-1.7269783,0.11448005586862564,0.9831683039665222,0.7688688635826111
YMR005W,YAR002C-A,0,-1.7270501,0.11446686089038849,0.9831683039665222,0.768968939781189
YHR061C,YOL151W,0,-1.7271581,0.11445366591215134,0.9831683039665222,0.7690690755844116
YOR301W,YNL131W,0,-1.7306421,0.11444047838449478,0.9831683039665222,0.7691691517829895
YBL112C,YDL140C,0,-1.7308031,0.11442729085683823,0.9831683039665222,0.7692692875862122
YMR168C,YMR097C,0,-1.731052,0.11441410332918167,0.9831683039665222,0.76936936378479
YPL274W,YDR138W,0,-1.7327833,0.11440092325210571,0.9831683039665222,0.7694694399833679
YAL054C,YAL039C,0,-1.7336996,0.11438774317502975,0.9831683039665222,0.7695695757865906
YOR089C,YPL218W,0,-1.7342267,0.1143745705485344,0.9831683039665222,0.7696696519851685
YMR005W,YOR311C,0,-1.7350798,0.11436139792203903,0.9831683039665222,0.7697697877883911
YAR035W,YJR040W,0,-1.735761,0.11434822529554367,0.9831683039665222,0.769869863986969
YGR214W,YNL092W,0,-1.7411304,0.1143350601196289,0.9831683039665222,0.7699699401855469
YOR212W,YLR209C,0,-1.7418362,0.11432189494371414,0.9831683039665222,0.7700700759887695
YMR176W,YLR026C,0,-1.7425327,0.11430873721837997,0.9831683039665222,0.7701701521873474
YGR052W,YMR020W,0,-1.7432296,0.1142955794930458,0.9831683039665222,0.7702702879905701
YEL022W,YDR496C,0,-1.7442039,0.11428242921829224,0.9831683039665222,0.770370364189148
YPL213W,YOL102C,0,-1.7456551,0.11426927149295807,0.9831683039665222,0.7704704999923706
YLR353W,YNR060W,0,-1.7460179,0.1142561286687851,0.9831683039665222,0.7705705761909485
YGR070W,YMR273C,0,-1.7460963,0.11424297839403152,0.9831683039665222,0.7706706523895264
YOR310C,YNL175C,0,-1.7474021,0.11422984302043915,0.9831683039665222,0.770770788192749
YDR499W,YDR364C,0,-1.7474816,0.11421670019626617,0.9831683039665222,0.7708708643913269
YNR021W,YCL060C,0,-1.7506363,0.1142035648226738,0.9831683039665222,0.7709710001945496
YOR176W,YNL122C,0,-1.7515197,0.11419042944908142,0.9831683039665222,0.7710710763931274
YBR155W,YJR031C,0,-1.7524271,0.11417730152606964,0.9831683039665222,0.7711711525917053
YIL108W,YCL004W,0,-1.7528156,0.11416417360305786,0.9831683039665222,0.771271288394928
YDR405W,YBL089W,0,-1.7531697,0.11415105313062668,0.9831683039665222,0.7713713645935059
YML112W,YNL080C,0,-1.7576033,0.1141379326581955,0.9831683039665222,0.7714715003967285
YBL101W-B,YPL104W,0,-1.7580581,0.11412481218576431,0.9831683039665222,0.7715715765953064
YIL020C,YBR281C,0,-1.7599095,0.11411169916391373,0.9831683039665222,0.7716716527938843
YKL085W,YIL048W,0,-1.7630198,0.11409858614206314,0.9831683039665222,0.7717717885971069
YPL007C,YMR160W,0,-1.7646723,0.11408548057079315,0.9831683039665222,0.7718718647956848
YHR069C,YJR140C,0,-1.7659775,0.11407237499952316,0.9831683039665222,0.7719720005989075
YOR237W,YNL259C,0,-1.7703087,0.11405926942825317,0.9831683039665222,0.7720720767974854
YPL240C,YNL084C,0,-1.7710782,0.11404617130756378,0.9831683039665222,0.7721721529960632
YJR107W,YPL099C,0,-1.7742792,0.11403307318687439,0.9831683039665222,0.7722722887992859
YDR306C,YKL180W,0,-1.7749044,0.1140199825167656,0.9831683039665222,0.7723723649978638
YCR014C,YDL097C,0,-1.7753477,0.1140068918466568,0.9831683039665222,0.7724725008010864
YDR260C,YPR159W,0,-1.7760195,0.113993801176548,0.9831683039665222,0.7725725769996643
YBR223C,YLR042C,0,-1.777929,0.1139807179570198,0.9831683039665222,0.7726726531982422
YKL210W,YNL078W,0,-1.7781074,0.11396763473749161,0.9831683039665222,0.7727727890014648
YDL215C,YLR042C,0,-1.7829922,0.113954558968544,0.9831683039665222,0.7728728652000427
YDR211W,YIL079C,0,-1.7849557,0.1139414831995964,0.9831683039665222,0.7729730010032654
YJR055W,YOR106W,0,-1.7868296,0.1139284074306488,0.9831683039665222,0.7730730772018433
YJR006W,YLL033W,0,-1.7881027,0.1139153391122818,0.9831683039665222,0.7731731534004211
YGL209W,YCR026C,0,-1.7887645,0.1139022707939148,0.9831683039665222,0.7732732892036438
YJR082C,YKL022C,0,-1.7891133,0.11388920992612839,0.9831683039665222,0.7733733654022217
YDR146C,YNL121C,0,-1.7892741,0.11387614905834198,0.9831683039665222,0.7734735012054443
YFR029W,YOL090W,0,-1.78997,0.11386308819055557,0.9831683039665222,0.7735735774040222
YKR019C,YNL259C,0,-1.7974861,0.11385003477334976,0.9831683039665222,0.7736736536026001
YNL102W,YNR004W,0,-1.8000228,0.11383698135614395,0.9831683039665222,0.7737737894058228
YOR159C,YGR118W,0,-1.8007576,0.11382393538951874,0.9831683039665222,0.7738738656044006
YHR059W,YJR130C,0,-1.8073086,0.11381088942289352,0.9831683039665222,0.7739740014076233
YDL133C-A,YML071C,0,-1.8100249,0.11379784345626831,0.9831683039665222,0.7740740776062012
YGR144W,YIL017W,0,-1.812582,0.1137848049402237,0.9831683039665222,0.774174153804779
YBR118W,YLR268W,0,-1.8155767,0.11377176642417908,0.9831683039665222,0.7742742896080017
YNL238W,YKL144C,0,-1.8161349,0.11375873535871506,0.9831683039665222,0.7743743658065796
YLR452C,YNR004W,0,-1.822172,0.11374570429325104,0.9831683039665222,0.7744745016098022
YER151C,YIR032C,0,-1.8226328,0.11373267322778702,0.9831683039665222,0.7745745778083801
YEL052W,YDR351W,0,-1.8235722,0.1137196496129036,0.9831683039665222,0.774674654006958
YMR038C,YLR330W,0,-1.8256557,0.11370663344860077,0.9831683039665222,0.7747747898101807
YPR204W,YDR332W,0,-1.8260959,0.11369360983371735,0.9831683039665222,0.7748748660087585
YLR165C,YMR143W,0,-1.8276892,0.11368059366941452,0.9831683039665222,0.7749750018119812
YGL170C,YDR389W,0,-1.8294877,0.11366758495569229,0.9831683039665222,0.7750750780105591
YMR173W,YBR052C,0,-1.8316501,0.11365456879138947,0.9831683039665222,0.775175154209137
YOL082W,YDL215C,0,-1.8324624,0.11364156752824783,0.9831683039665222,0.7752752900123596
YOL129W,YMR025W,0,-1.8330103,0.1136285588145256,0.9831683039665222,0.7753753662109375
YHR074W,YMR020W,0,-1.8337755,0.11361555755138397,0.9831683039665222,0.7754755020141602
YBR125C,YGL010W,0,-1.8341494,0.11360256373882294,0.9831683039665222,0.775575578212738
YDL217C,YDR137W,0,-1.8353121,0.1135895699262619,0.9831683039665222,0.7756756544113159
YKL119C,YHR057C,0,-1.8376569,0.11357657611370087,0.9831683039665222,0.7757757902145386
YMR038C,YDR173C,0,-1.838593,0.11356358975172043,0.9831683039665222,0.7758758664131165
YGL062W,YMR075W,0,-1.839263,0.11355060338973999,0.9831683039665222,0.7759760022163391
YGR095C,YLR088W,0,-1.84147,0.11353761702775955,0.9831683039665222,0.776076078414917
YBR066C,YDR460W,0,-1.8428371,0.11352463811635971,0.9831683039665222,0.7761761546134949
YBR276C,YPL096W,0,-1.8438145,0.11351165920495987,0.9831683039665222,0.7762762904167175
YGR167W,YJL176C,0,-1.8469388,0.11349868774414062,0.9831683039665222,0.7763763666152954
YOR274W,YOR084W,0,-1.8502457,0.11348571628332138,0.9831683039665222,0.7764765024185181
YGL068W,YNL138W,0,-1.8547406,0.11347274482250214,0.9831683039665222,0.776576578617096
YBR052C,YGL046W,0,-1.8553255,0.11345978081226349,0.9831683039665222,0.7766766548156738
YBR081C,YLR160C,0,-1.8556709,0.11344681680202484,0.9831683039665222,0.7767767906188965
YNL084C,YNL032W,0,-1.856272,0.11343386024236679,0.9831683039665222,0.7768768668174744
YGR252W,YIL021W,0,-1.8580754,0.11342090368270874,0.9831683039665222,0.776977002620697
YOL082W,YDR263C,0,-1.8613445,0.11340794712305069,0.9831683039665222,0.7770770788192749
YIL009W,YBR208C,1,-1.8640501,0.11350919306278229,0.9841583967208862,0.7770770788192749
YML051W,YDL036C,0,-1.8641235,0.11349622905254364,0.9841583967208862,0.7771771550178528
YGL212W,YEL070W,0,-1.8709054,0.11348327249288559,0.9841583967208862,0.7772772908210754
YIL080W,YFR018C,0,-1.8715023,0.11347031593322754,0.9841583967208862,0.7773773670196533
YJL066C,YNL335W,0,-1.872607,0.11345736682415009,0.9841583967208862,0.777477502822876
YKL038W,YDR281C,0,-1.8730576,0.11344441771507263,0.9841583967208862,0.7775775790214539
YNR074C,YHR211W,0,-1.8763428,0.11343147605657578,0.9841583967208862,0.7776776552200317
YGR167W,YMR020W,0,-1.8789203,0.11341852694749832,0.9841583967208862,0.7777777910232544
YNR031C,YMR039C,0,-1.8792521,0.11340559273958206,0.9841583967208862,0.7778778672218323
YML051W,YJL172W,0,-1.8813424,0.1133926510810852,0.9841583967208862,0.7779780030250549
YMR077C,YGR112W,0,-1.8837208,0.11337971687316895,0.9841583967208862,0.7780780792236328
YOL093W,YKR026C,0,-1.886968,0.11336679011583328,0.9841583967208862,0.7781781554222107
YHR132C,YDR262W,0,-1.8889987,0.11335386335849762,0.9841583967208862,0.7782782912254333
YOR291W,YNL271C,0,-1.8911371,0.11334093660116196,0.9841583967208862,0.7783783674240112
YAR035W,YCL034W,0,-1.8940861,0.1133280098438263,0.9841583967208862,0.7784785032272339
YIL177C,YNL259C,0,-1.8941736,0.11331509053707123,0.9841583967208862,0.7785785794258118
YER165W,YPR043W,0,-1.8960257,0.11330217868089676,0.9841583967208862,0.7786786556243896
YFL066C,YNL110C,0,-1.8988492,0.11328926682472229,0.9841583967208862,0.7787787914276123
YGL068W,YKL038W,0,-1.8990777,0.11327635496854782,0.9841583967208862,0.7788788676261902
YKR055W,YLR394W,0,-1.8999888,0.11326344311237335,0.9841583967208862,0.7789790034294128
YLR440C,YNR013C,0,-1.9021561,0.11325053870677948,0.9841583967208862,0.7790790796279907
YBL085W,YJR103W,0,-1.9095054,0.1132376417517662,0.9841583967208862,0.7791791558265686
YGR085C,YDR229W,0,-1.9137173,0.11322473734617233,0.9841583967208862,0.7792792916297913
YOR298W,YOL151W,0,-1.9167563,0.11321184784173965,0.9841583967208862,0.7793793678283691
YJL194W,YDR167W,0,-1.9189945,0.11319895088672638,0.9841583967208862,0.7794795036315918
YJL192C,YER130C,0,-1.9211578,0.1131860613822937,0.9841583967208862,0.7795795798301697
YOL010W,YKL130C,0,-1.921977,0.11317317187786102,0.9841583967208862,0.7796796560287476
YLR206W,YER190W,0,-1.922142,0.11316028982400894,0.9841583967208862,0.7797797918319702
YDR079W,YHR002W,0,-1.9229257,0.11314740777015686,0.9841583967208862,0.7798798680305481
YBR276C,YOR085W,0,-1.923303,0.11313453316688538,0.9841583967208862,0.7799800038337708
YFR013W,YMR065W,0,-1.92502,0.11312165856361389,0.9841583967208862,0.7800800800323486
YMR008C,YPL011C,0,-1.9256067,0.11310878396034241,0.9841583967208862,0.7801801562309265
YPR144C,YCR093W,0,-1.929375,0.11309591680765152,0.9841583967208862,0.7802802920341492
YER022W,YNL230C,0,-1.9298527,0.11308304965496063,0.9841583967208862,0.780380368232727
YAL024C,YCR011C,0,-1.9299083,0.11307018250226974,0.9841583967208862,0.7804805040359497
YMR227C,YMR273C,0,-1.9328406,0.11305732280015945,0.9841583967208862,0.7805805802345276
YDR403W,YDR392W,0,-1.9330901,0.11304447054862976,0.9841583967208862,0.7806806564331055
YDR371W,YBR120C,0,-1.9336143,0.11303161084651947,0.9841583967208862,0.7807807922363281
YLR390W,YJL176C,0,-1.9356422,0.11301875859498978,0.9841583967208862,0.780880868434906
YKL210W,YNL027W,0,-1.9356713,0.11300591379404068,0.9841583967208862,0.7809810042381287
YDL179W,YKR055W,0,-1.9383538,0.11299306899309158,0.9841583967208862,0.7810810804367065
YPR137W,YLL043W,0,-1.9394369,0.11298022419214249,0.9841583967208862,0.7811811566352844
YMR117C,YLR429W,0,-1.9396946,0.11296737939119339,0.9841583967208862,0.7812812924385071
YEL052W,YPL011C,0,-1.9399216,0.11295454204082489,0.9841583967208862,0.781381368637085
YJL194W,YDR392W,0,-1.9402801,0.11294171214103699,0.9841583967208862,0.7814815044403076
YNR018W,YNL230C,0,-1.9411968,0.11292888224124908,0.9841583967208862,0.7815815806388855
YOR071C,YOR085W,0,-1.9433994,0.11291605234146118,0.9841583967208862,0.7816816568374634
YHL012W,YGR077C,0,-1.9437344,0.11290322244167328,0.9841583967208862,0.781781792640686
YAL016W,YBL089W,0,-1.9464164,0.11289039999246597,0.9841583967208862,0.7818818688392639
YDL246C,YGL060W,0,-1.9482737,0.11287758499383926,0.9841583967208862,0.7819820046424866
YDR460W,YLR103C,0,-1.9493563,0.11286476999521255,0.9841583967208862,0.7820820808410645
YGL209W,YGR285C,0,-1.9493806,0.11285195499658585,0.9841583967208862,0.7821821570396423
YHR074W,YHR209W,0,-1.9502163,0.11283913999795914,0.9841583967208862,0.782282292842865
YJR147W,YLL061W,0,-1.9514161,0.11282633244991302,0.9841583967208862,0.7823823690414429
YNL107W,YBR129C,0,-1.9552785,0.11281352490186691,0.9841583967208862,0.7824825048446655
YNL271C,YJL178C,0,-1.9564356,0.1128007248044014,0.9841583967208862,0.7825825810432434
YER017C,YJL176C,0,-1.9564621,0.11278792470693588,0.9841583967208862,0.7826826572418213
YDR378C,YDL202W,0,-1.9575868,0.11277513206005096,0.9841583967208862,0.782782793045044
YHR175W,YKL074C,0,-1.9587375,0.11276233941316605,0.9841583967208862,0.7828828692436218
YDR296W,YDR229W,0,-1.959663,0.11274954676628113,0.9841583967208862,0.7829830050468445
YIL095W,YLR268W,0,-1.9601547,0.1127367615699768,0.9841583967208862,0.7830830812454224
YHR012W,YPL082C,0,-1.9617037,0.11272397637367249,0.9841583967208862,0.7831831574440002
YIR011C,YNR015W,0,-1.9617567,0.11271119117736816,0.9841583967208862,0.7832832932472229
YIL083C,YNL258C,0,-1.9628997,0.11269841343164444,0.9841583967208862,0.7833833694458008
YOR206W,YIL139C,0,-1.9632149,0.11268563568592072,0.9841583967208862,0.7834835052490234
YJR082C,YMR159C,0,-1.9645747,0.11267286539077759,0.9841583967208862,0.7835835814476013
YLL051C,YMR304W,0,-1.9679574,0.11266009509563446,0.9841583967208862,0.7836836576461792
YNR004W,YLR160C,0,-1.9690381,0.11264732480049133,0.9841583967208862,0.7837837934494019
YLR182W,YMR054W,0,-1.9691312,0.1126345619559288,0.9841583967208862,0.7838838696479797
YOR292C,YMR272C,0,-1.9700577,0.11262179911136627,0.9841583967208862,0.7839840054512024
YOL142W,YGR255C,0,-1.97025,0.11260904371738434,0.9841583967208862,0.7840840816497803
YOL142W,YNL172W,0,-1.9721297,0.11259628087282181,0.9841583967208862,0.7841841578483582
YPR072W,YNL092W,0,-1.9749988,0.11258353292942047,0.9841583967208862,0.7842842936515808
YAL054C,YDR207C,0,-1.9756485,0.11257078498601913,0.9841583967208862,0.7843843698501587
YDR494W,YAL040C,0,-1.9761982,0.1125580370426178,0.9841583967208862,0.7844845056533813
YOR074C,YLR050C,0,-1.976783,0.11254528909921646,0.9841583967208862,0.7845845818519592
YFL045C,YER190W,0,-1.977069,0.11253254860639572,0.9841583967208862,0.7846846580505371
YGL026C,YGR105W,0,-1.978106,0.11251980811357498,0.9841583967208862,0.7847847938537598
YMR180C,YAL017W,0,-1.9804362,0.11250707507133484,0.9841583967208862,0.7848848700523376
YDR306C,YLL012W,0,-1.9856901,0.1124943420290947,0.9841583967208862,0.7849850058555603
YFL014W,YJR133W,0,-1.9864125,0.11248160898685455,0.9841583967208862,0.7850850820541382
YNL297C,YJL081C,0,-1.9869215,0.11246888339519501,0.9841583967208862,0.7851851582527161
YFL010W-A,YKL144C,0,-1.9881859,0.11245615780353546,0.9841583967208862,0.7852852940559387
YDR082W,YOR313C,0,-1.9917238,0.11244343966245651,0.9841583967208862,0.7853853702545166
YIL128W,YJL103C,0,-1.9945385,0.11243072152137756,0.9841583967208862,0.7854855060577393
YKL161C,YPL167C,0,-1.9974169,0.11241800338029861,0.9841583967208862,0.7855855822563171
YOR287C,YJL053W,0,-1.9982154,0.11240529268980026,0.9841583967208862,0.785685658454895
YBL041W,YKR006C,0,-1.9992033,0.11239258199930191,0.9841583967208862,0.7857857942581177
YBR172C,YHR005C-A,0,-2.000367,0.11237987875938416,0.9841583967208862,0.7858858704566956
YIL142W,YDR081C,0,-2.0009031,0.1123671680688858,0.9841583967208862,0.7859860062599182
YOR310C,YDL216C,0,-2.0012083,0.11235447227954865,0.9841583967208862,0.7860860824584961
YGR271W,YKL096W-A,0,-2.0020425,0.11234176903963089,0.9841583967208862,0.786186158657074
YEL070W,YPR125W,0,-2.0027463,0.11232907325029373,0.9841583967208862,0.7862862944602966
YGR085C,YJL134W,0,-2.0029569,0.11231638491153717,0.9841583967208862,0.7863863706588745
YBR261C,YGR177C,0,-2.0031407,0.11230369657278061,0.9841583967208862,0.7864865064620972
YMR300C,YHR058C,0,-2.0053988,0.11229100823402405,0.9841583967208862,0.786586582660675
YNL085W,YOL004W,0,-2.0055077,0.11227832734584808,0.9841583967208862,0.7866866588592529
YBR170C,YKL074C,0,-2.0055377,0.11226563900709152,0.9841583967208862,0.7867867946624756
YJR082C,YNL284C,0,-2.0057619,0.11225296556949615,0.9841583967208862,0.7868868708610535
YPR191W,YER046W,0,-2.0059936,0.11224029213190079,0.9841583967208862,0.7869870066642761
YOL082W,YMR213W,0,-2.007664,0.11222761869430542,0.9841583967208862,0.787087082862854
YMR049C,YNL095C,0,-2.0077803,0.11221494525671005,0.9841583967208862,0.7871871590614319
YGL112C,YDL202W,0,-2.007976,0.11220227926969528,0.9841583967208862,0.7872872948646545
YGR288W,YIL002C,0,-2.0097275,0.11218961328268051,0.9841583967208862,0.7873873710632324
YDL054C,YMR228W,0,-2.010445,0.11217695474624634,0.9841583967208862,0.7874875068664551
YIL094C,YLR042C,0,-2.010769,0.11216429620981216,0.9841583967208862,0.787587583065033
YHR030C,YNL084C,0,-2.0115228,0.11215164512395859,0.9841583967208862,0.7876876592636108
YMR168C,YLR429W,0,-2.0117192,0.11213898658752441,0.9841583967208862,0.7877877950668335
YLR105C,YGL237C,0,-2.0124454,0.11212634295225143,0.9841583967208862,0.7878878712654114
YMR013C,YDR172W,0,-2.0134602,0.11211369186639786,0.9841583967208862,0.787988007068634
YKR036C,YER098W,0,-2.0150485,0.11210104823112488,0.9841583967208862,0.7880880832672119
YNL273W,YPR083W,0,-2.0154338,0.1120884045958519,0.9841583967208862,0.7881881594657898
YNL304W,YNR057C,0,-2.0161452,0.11207576841115952,0.9841583967208862,0.7882882952690125
YGR144W,YJL060W,0,-2.0192854,0.11206313222646713,0.9841583967208862,0.7883883714675903
YNR057C,YDR341C,1,-2.0196056,0.1121632307767868,0.9851484894752502,0.7883883714675903
YOR176W,YPR001W,0,-2.0224953,0.11215058714151382,0.9851484894752502,0.788488507270813
YOR279C,YPL110C,0,-2.0250897,0.11213794350624084,0.9851484894752502,0.7885885834693909
YLL051C,YGL170C,0,-2.0261674,0.11212530732154846,0.9851484894752502,0.7886886596679688
YJR127C,YLR359W,0,-2.0262313,0.11211267858743668,0.9851484894752502,0.7887887954711914
YOR176W,YLR301W,0,-2.0263648,0.1121000424027443,0.9851484894752502,0.7888888716697693
YDR353W,YIR005W,0,-2.0269775,0.11208741366863251,0.9851484894752502,0.7889890074729919
YPL064C,YJL128C,0,-2.031782,0.11207479238510132,0.9851484894752502,0.7890890836715698
YNL314W,YDL074C,0,-2.0325398,0.11206217110157013,0.9851484894752502,0.7891891598701477
YDL245C,YCR057C,0,-2.0354996,0.11204954981803894,0.9851484894752502,0.7892892956733704
YOR219C,YGL060W,0,-2.0369802,0.11203693598508835,0.9851484894752502,0.7893893718719482
YOL057W,YGR252W,0,-2.0379055,0.11202432215213776,0.9851484894752502,0.7894895076751709
YDR496C,YMR143W,0,-2.0390751,0.11201170831918716,0.9851484894752502,0.7895895838737488
YDR026C,YKL174C,0,-2.0391839,0.11199910193681717,0.9851484894752502,0.7896896600723267
YBR155W,YOR226C,0,-2.0399048,0.11198649555444717,0.9851484894752502,0.7897897958755493
YER103W,YML036W,0,-2.0400689,0.11197388917207718,0.9851484894752502,0.7898898720741272
YMR300C,YOR340C,0,-2.0408576,0.11196129024028778,0.9851484894752502,0.7899900078773499
YKR020W,YKL096W-A,0,-2.041762,0.11194869130849838,0.9851484894752502,0.7900900840759277
YDR473C,YNL290W,0,-2.0452409,0.11193609982728958,0.9851484894752502,0.7901902198791504
YLR452C,YIL132C,0,-2.04613,0.11192350834608078,0.9851484894752502,0.7902902960777283
YHR002W,YDR306C,0,-2.052216,0.11191092431545258,0.9851484894752502,0.7903903722763062
YNL102W,YDL111C,0,-2.055296,0.11189833283424377,0.9851484894752502,0.7904905080795288
YIL139C,YKR057W,0,-2.055407,0.11188575625419617,0.9851484894752502,0.7905905842781067
YNL335W,YNR044W,0,-2.057483,0.11187317222356796,0.9851484894752502,0.7906907200813293
YPR144C,YLR157C,0,-2.0579026,0.11186059564352036,0.9851484894752502,0.7907907962799072
YNL153C,YAR002C-A,0,-2.0591881,0.11184801906347275,0.9851484894752502,0.7908908724784851
YLR305C,YPR162C,0,-2.0607686,0.11183544993400574,0.9851484894752502,0.7909910082817078
YGL158W,YML039W,0,-2.0634239,0.11182288080453873,0.9851484894752502,0.7910910844802856
YJL166W,YJL103C,0,-2.065122,0.11181031912565231,0.9851484894752502,0.7911912202835083
YPL050C,YCR012W,0,-2.0658622,0.1117977499961853,0.9851484894752502,0.7912912964820862
YKR044W,YDR496C,0,-2.067337,0.11178519576787949,0.9851484894752502,0.7913913726806641
YGL062W,YBR218C,1,-2.0700788,0.1118849664926529,0.986138641834259,0.7913913726806641
YAL033W,YLL045C,0,-2.0702438,0.11187240481376648,0.986138641834259,0.7914915084838867
YGL083W,YFL048C,0,-2.070304,0.11185983568429947,0.986138641834259,0.7915915846824646
YLR113W,YKL001C,0,-2.0720658,0.11184727400541306,0.986138641834259,0.7916917204856873
YJR130C,YMR304W,0,-2.0726833,0.11183471977710724,0.986138641834259,0.7917917966842651
YCL074W,YOR148C,0,-2.0753882,0.11182216554880142,0.986138641834259,0.791891872882843
YAL038W,YDR416W,0,-2.0799773,0.1118096113204956,0.986138641834259,0.7919920086860657
YMR194W,YMR308C,0,-2.0834565,0.11179705709218979,0.986138641834259,0.7920920848846436
YCR060W,YCL004W,0,-2.0848327,0.11178451031446457,0.986138641834259,0.7921922206878662
YPR204W,YDR174W,0,-2.091272,0.11177196353673935,0.986138641834259,0.7922922968864441
YLR228C,YOR123C,0,-2.0931706,0.11175942420959473,0.986138641834259,0.792392373085022
YOR138C,YHR039C-A,0,-2.095356,0.1117468848824501,0.986138641834259,0.7924925088882446
YMR054W,YOR219C,0,-2.095744,0.11173435300588608,0.986138641834259,0.7925925850868225
YKL170W,YLL002W,0,-2.0957966,0.11172181367874146,0.986138641834259,0.7926927208900452
YKL082C,YNL258C,0,-2.0967367,0.11170928925275803,0.986138641834259,0.792792797088623
YMR008C,YJR036C,0,-2.0979593,0.111696757376194,0.986138641834259,0.7928928732872009
YLR208W,YDR404C,0,-2.1014433,0.11168423295021057,0.986138641834259,0.7929930090904236
YJR036C,YML056C,0,-2.1076891,0.11167170852422714,0.986138641834259,0.7930930852890015
YHR085W,YNR013C,0,-2.1096692,0.11165919154882431,0.986138641834259,0.7931932210922241
YKL126W,YPL196W,0,-2.109836,0.11164667457342148,0.986138641834259,0.793293297290802
YLR197W,YDR207C,0,-2.109911,0.11163416504859924,0.986138641834259,0.7933933734893799
YJR053W,YLR325C,0,-2.110717,0.11162165552377701,0.986138641834259,0.7934935092926025
YDR167W,YBL068W,0,-2.1177316,0.11160914599895477,0.986138641834259,0.7935935854911804
YGR199W,YLR389C,0,-2.1177583,0.11159663647413254,0.986138641834259,0.7936937212944031
YLR026C,YPR043W,0,-2.1187239,0.1115841343998909,0.986138641834259,0.793793797492981
YOR304C-A,YBR274W,0,-2.123046,0.11157163977622986,0.986138641834259,0.7938938736915588
YOL093W,YJL171C,0,-2.1246192,0.11155913770198822,0.986138641834259,0.7939940094947815
YMR039C,YIL135C,0,-2.1258101,0.11154664307832718,0.986138641834259,0.7940940856933594
YHR175W,YGL004C,0,-2.1266336,0.11153415590524673,0.986138641834259,0.794194221496582
YDR172W,YNL080C,0,-2.1288745,0.11152166873216629,0.986138641834259,0.7942942976951599
YMR159C,YGR222W,0,-2.131296,0.11150918155908585,0.986138641834259,0.7943943738937378
YDR389W,YJL117W,0,-2.133176,0.1114966943860054,0.986138641834259,0.7944945096969604
YHR175W,YHR051W,0,-2.136114,0.11148421466350555,0.986138641834259,0.7945945858955383
YAR002C-A,YDR457W,0,-2.1389384,0.1114717423915863,0.986138641834259,0.794694721698761
YDL036C,YOR297C,0,-2.1389396,0.11145926266908646,0.986138641834259,0.7947947978973389
YER013W,YPR060C,0,-2.1415772,0.1114467978477478,0.986138641834259,0.7948948740959167
YMR146C,YNL078W,0,-2.1423962,0.11143432557582855,0.986138641834259,0.7949950098991394
YJL087C,YJR026W,0,-2.1440997,0.1114218607544899,0.986138641834259,0.7950950860977173
YBR052C,YDR444W,0,-2.1441145,0.11140939593315125,0.986138641834259,0.7951952219009399
YJR078W,YFR036W,0,-2.1459394,0.11139693856239319,0.986138641834259,0.7952952980995178
YER013W,YDR498C,0,-2.1537511,0.11138448119163513,0.986138641834259,0.7953953742980957
YML049C,YGR089W,0,-2.1541452,0.11137202382087708,0.986138641834259,0.7954955101013184
YJR083C,YGL241W,0,-2.1548507,0.11135957390069962,0.986138641834259,0.7955955862998962
YKR002W,YPL273W,0,-2.1550076,0.11134712398052216,0.986138641834259,0.7956957221031189
YOR243C,YPR171W,0,-2.1558998,0.1113346740603447,0.986138641834259,0.7957957983016968
YJL178C,YNR010W,0,-2.1605034,0.11132223159074783,0.986138641834259,0.7958958745002747
YKL007W,YBR170C,0,-2.1637757,0.11130978912115097,0.986138641834259,0.7959960103034973
YPL082C,YPR125W,0,-2.1640751,0.1112973541021347,0.986138641834259,0.7960960865020752
YMR269W,YGR216C,0,-2.1641114,0.11128491908311844,0.986138641834259,0.7961962223052979
YMR008C,YKR020W,0,-2.1676044,0.11127248406410217,0.986138641834259,0.7962962985038757
YOR323C,YBR115C,0,-2.1696491,0.1112600564956665,0.986138641834259,0.7963963747024536
YKR036C,YLR440C,0,-2.1747313,0.11124762892723083,0.986138641834259,0.7964965105056763
YJL134W,YBR257W,0,-2.1758835,0.11123520135879517,0.986138641834259,0.7965965867042542
YCL004W,YFL054C,0,-2.1762166,0.1112227812409401,0.986138641834259,0.7966967225074768
YPL083C,YJL200C,0,-2.1767344,0.11121036112308502,0.986138641834259,0.7967967987060547
YPL129W,YNL078W,0,-2.1771739,0.11119794845581055,0.986138641834259,0.7968968749046326
YJR051W,YHR209W,0,-2.178382,0.11118553578853607,0.986138641834259,0.7969970107078552
YGL037C,YOL062C,0,-2.178609,0.1111731231212616,0.986138641834259,0.7970970869064331
YJR138W,YOR180C,0,-2.184035,0.11116071790456772,0.986138641834259,0.7971972227096558
YPL002C,YDR260C,0,-2.1840446,0.11114831268787384,0.986138641834259,0.7972972989082336
YFR029W,YML073C,0,-2.18692,0.11113590747117996,0.986138641834259,0.7973973751068115
YKR019C,YER115C,0,-2.1914039,0.11112350970506668,0.986138641834259,0.7974975109100342
YKL020C,YBR281C,0,-2.1917415,0.1111111119389534,0.986138641834259,0.7975975871086121
YNR004W,YBL028C,0,-2.1919904,0.11109871417284012,0.986138641834259,0.7976977229118347
YDL054C,YFL017W-A,0,-2.1921067,0.11108632385730743,0.986138641834259,0.7977977991104126
YMR038C,YDR472W,0,-2.19214,0.11107394099235535,0.986138641834259,0.7978978753089905
YLR270W,YGL071W,0,-2.1980155,0.11106155067682266,0.986138641834259,0.7979980111122131
YBR275C,YCL014W,0,-2.1981227,0.11104916781187057,0.986138641834259,0.798098087310791
YPR144C,YNL282W,0,-2.1996393,0.11103679239749908,0.986138641834259,0.7981982231140137
YFL038C,YNR035C,0,-2.1996937,0.111024409532547,0.986138641834259,0.7982982993125916
YPL122C,YAR031W,0,-2.201305,0.1110120341181755,0.986138641834259,0.7983983755111694
YFL057C,YHR051W,0,-2.2018619,0.11099966615438461,0.986138641834259,0.7984985113143921
YOR054C,YBR061C,0,-2.2051272,0.11098729819059372,0.986138641834259,0.79859858751297
YJR082C,YLR386W,0,-2.2054877,0.11097493022680283,0.986138641834259,0.7986987233161926
YNR006W,YPR198W,0,-2.207665,0.11096256971359253,0.986138641834259,0.7987987995147705
YPR190C,YKR026C,0,-2.211459,0.11095020920038223,0.986138641834259,0.7988988757133484
YDR090C,YKL166C,0,-2.213017,0.11093784868717194,0.986138641834259,0.798999011516571
YOR382W,YGL163C,0,-2.2133026,0.11092549562454224,0.986138641834259,0.7990990877151489
YNL102W,YKL165C,0,-2.2156062,0.11091314256191254,0.986138641834259,0.7991992235183716
YAL033W,YKL082C,0,-2.2175307,0.11090078949928284,0.986138641834259,0.7992992997169495
YDR410C,YGL060W,0,-2.2176404,0.11088844388723373,0.986138641834259,0.7993993759155273
YNR031C,YNR002C,0,-2.217723,0.11087609827518463,0.986138641834259,0.79949951171875
YBL112C,YGL037C,0,-2.220057,0.11086376011371613,0.986138641834259,0.7995995879173279
YLR314C,YLR073C,0,-2.2226992,0.11085142195224762,0.986138641834259,0.7996997237205505
YBL112C,YNL208W,0,-2.2228384,0.11083908379077911,0.986138641834259,0.7997997999191284
YGR144W,YBR173C,0,-2.2236857,0.1108267530798912,0.986138641834259,0.7998998761177063
YHL027W,YCL032W,0,-2.2238698,0.1108144223690033,0.986138641834259,0.800000011920929
YPR047W,YNR057C,1,-2.2239084,0.11091333627700806,0.987128734588623,0.800000011920929
YNL079C,YMR025W,0,-2.230005,0.11090099811553955,0.987128734588623,0.8001000881195068
YBR208C,YMR022W,1,-2.2337565,0.11099988967180252,0.9881188273429871,0.8001000881195068
YMR227C,YOR148C,0,-2.235517,0.11098754405975342,0.9881188273429871,0.8002002239227295
YOL082W,YGL068W,0,-2.2358465,0.11097520589828491,0.9881188273429871,0.8003003001213074
YLR043C,YCR097WB,0,-2.2378533,0.1109628677368164,0.9881188273429871,0.8004003763198853
YPR144C,YLL043W,0,-2.239026,0.1109505295753479,0.9881188273429871,0.8005005121231079
YBR125C,YJL112W,0,-2.244988,0.1109381914138794,0.9881188273429871,0.8006005883216858
YPL200W,YNL219C,0,-2.246317,0.11092586070299149,0.9881188273429871,0.8007007241249084
YOR377W,YKL061W,0,-2.2475023,0.11091353744268417,0.9881188273429871,0.8008008003234863
YHR012W,YBL098W,0,-2.2504804,0.11090121418237686,0.9881188273429871,0.8009008765220642
YOR219C,YDR138W,0,-2.2521262,0.11088889092206955,0.9881188273429871,0.8010010123252869
YMR176W,YJL081C,0,-2.253285,0.11087656766176224,0.9881188273429871,0.8011010885238647
YKR103W,YLR321C,0,-2.2560496,0.11086425185203552,0.9881188273429871,0.8012012243270874
YOR274W,YNL016W,0,-2.2564528,0.11085193604230881,0.9881188273429871,0.8013013005256653
YGL062W,YLR219W,0,-2.256538,0.11083962768316269,0.9881188273429871,0.8014013767242432
YHR047C,YOR089C,0,-2.2567964,0.11082731932401657,0.9881188273429871,0.8015015125274658
YLR028C,YJL081C,0,-2.258346,0.11081501096487045,0.9881188273429871,0.8016015887260437
YMR168C,YOR378W,0,-2.2592356,0.11080271005630493,0.9881188273429871,0.8017017245292664
YPR026W,YPR113W,0,-2.263634,0.11079040914773941,0.9881188273429871,0.8018018007278442
YBR247C,YNL192W,0,-2.2637715,0.11077810823917389,0.9881188273429871,0.8019018769264221
YHR077C,YGR179C,0,-2.2642412,0.11076581478118896,0.9881188273429871,0.8020020127296448
YDR351W,YBR061C,0,-2.2649355,0.11075352132320404,0.9881188273429871,0.8021020889282227
YDR353W,YPL208W,0,-2.2660413,0.11074123531579971,0.9881188273429871,0.8022022247314453
YCL004W,YOR194C,0,-2.2707965,0.11072894930839539,0.9881188273429871,0.8023023009300232
YMR061W,YPL093W,0,-2.2708879,0.11071666330099106,0.9881188273429871,0.8024023771286011
YNR021W,YOR142W,0,-2.2719665,0.11070438474416733,0.9881188273429871,0.8025025129318237
YDL197C,YHR135C,0,-2.2757242,0.1106921061873436,0.9881188273429871,0.8026025891304016
YCL043C,YKL096W-A,0,-2.2757742,0.11067982763051987,0.9881188273429871,0.8027027249336243
YLR264W,YBR243C,0,-2.2775555,0.11066755652427673,0.9881188273429871,0.8028028011322021
YNL153C,YOL038W,0,-2.2776473,0.1106552854180336,0.9881188273429871,0.80290287733078
YCL032W,YDR470C,0,-2.2803206,0.11064301431179047,0.9881188273429871,0.8030030131340027
YMR160W,YDL077C,0,-2.2809114,0.11063075065612793,0.9881188273429871,0.8031030893325806
YDR512C,YMR276W,0,-2.286552,0.1106184870004654,0.9881188273429871,0.8032032251358032
YKL007W,YBR261C,0,-2.287234,0.11060623079538345,0.9881188273429871,0.8033033013343811
YGL183C,YNL298W,0,-2.287523,0.11059397459030151,0.9881188273429871,0.803403377532959
YOR025W,YDR081C,0,-2.2875695,0.11058171838521957,0.9881188273429871,0.8035035133361816
YJL187C,YOR232W,0,-2.2889555,0.11056946963071823,0.9881188273429871,0.8036035895347595
YNL267W,YMR213W,0,-2.2900336,0.11055722087621689,0.9881188273429871,0.8037037253379822
YBR247C,YOL107W,0,-2.2943468,0.11054497212171555,0.9881188273429871,0.8038038015365601
YER008C,YFL038C,0,-2.2946653,0.1105327308177948,0.9881188273429871,0.8039038777351379
YHR082C,YDR404C,0,-2.29724,0.11052048951387405,0.9881188273429871,0.8040040135383606
YDR285W,YER185W,0,-2.2981994,0.11050824820995331,0.9881188273429871,0.8041040897369385
YBR172C,YOL026C,0,-2.3009076,0.11049601435661316,0.9881188273429871,0.8042042255401611
YHL034C,YMR270C,0,-2.301508,0.11048378050327301,0.9881188273429871,0.804304301738739
YJL172W,YJR133W,0,-2.3019147,0.11047155410051346,0.9881188273429871,0.8044043779373169
YNL271C,YMR049C,0,-2.3047018,0.1104593276977539,0.9881188273429871,0.8045045137405396
YHR029C,YAL017W,0,-2.3053508,0.11044710129499435,0.9881188273429871,0.8046045899391174
YGL183C,YLR187W,0,-2.3062057,0.1104348823428154,0.9881188273429871,0.8047047257423401
YPR113W,YMR039C,0,-2.3074865,0.11042266339063644,0.9881188273429871,0.804804801940918
YDR296W,YLR197W,0,-2.3115659,0.11041044443845749,0.9881188273429871,0.8049048781394958
YNL304W,YKL144C,0,-2.3142376,0.11039823293685913,0.9881188273429871,0.8050050139427185
YML112W,YDR476C,0,-2.3166924,0.11038602143526077,0.9881188273429871,0.8051050901412964
YGR221C,YJL144W,0,-2.3173065,0.11037380993366241,0.9881188273429871,0.805205225944519
YKL119C,YPL196W,0,-2.3181806,0.11036160588264465,0.9881188273429871,0.8053053021430969
YPL122C,YMR179W,0,-2.3285937,0.11034940183162689,0.9881188273429871,0.8054053783416748
YBL058W,YGL241W,0,-2.3287678,0.11033720523118973,0.9881188273429871,0.8055055141448975
YPL127C,YEL022W,0,-2.3292685,0.11032500863075256,0.9881188273429871,0.8056055903434753
YDR079W,YBL112C,0,-2.3295984,0.1103128120303154,0.9881188273429871,0.805705726146698
YPL122C,YDL040C,0,-2.3327074,0.11030061542987823,0.9881188273429871,0.8058058023452759
YNR074C,YCR002C,0,-2.3360767,0.11028842628002167,0.9881188273429871,0.8059058785438538
YHR060W,YGL030W,0,-2.338437,0.1102762445807457,0.9881188273429871,0.8060060143470764
YMR090W,YHR119W,0,-2.339851,0.11026406288146973,0.9881188273429871,0.8061060905456543
YJL171C,YCL052C,0,-2.3398676,0.11025188118219376,0.9881188273429871,0.806206226348877
YLR043C,YIR018W,0,-2.339885,0.11023969948291779,0.9881188273429871,0.8063063025474548
YNL095C,YEL030W,0,-2.3438783,0.11022752523422241,0.9881188273429871,0.8064063787460327
YNL172W,YNR006W,0,-2.3443105,0.11021535098552704,0.9881188273429871,0.8065065145492554
YOR317W,YBR222C,1,-2.3460255,0.11031360179185867,0.9891089200973511,0.8065065145492554
YKL103C,YPL087W,0,-2.346634,0.1103014275431633,0.9891089200973511,0.8066065907478333
YMR315W,YKL067W,0,-2.3469515,0.11028924584388733,0.9891089200973511,0.8067067265510559
YBR195C,YPL150W,0,-2.3479075,0.11027707159519196,0.9891089200973511,0.8068068027496338
YPR171W,YBR230C,0,-2.3492153,0.11026489734649658,0.9891089200973511,0.8069068789482117
YOR274W,YBR080C,0,-2.3547373,0.1102527305483818,0.9891089200973511,0.8070070147514343
YMR228W,YLR187W,0,-2.3551445,0.11024056375026703,0.9891089200973511,0.8071070909500122
YOL129W,YKL161C,0,-2.3555446,0.11022840440273285,0.9891089200973511,0.8072072267532349
YDR410C,YCR002C,0,-2.358231,0.11021623760461807,0.9891089200973511,0.8073073029518127
YKL038W,YNL092W,0,-2.3606095,0.11020407825708389,0.9891089200973511,0.8074073791503906
YPR125W,YDL208W,0,-2.3631997,0.11019192636013031,0.9891089200973511,0.8075075149536133
YKL161C,YMR114C,0,-2.365457,0.11017977446317673,0.9891089200973511,0.8076075911521912
YNL302C,YJL213W,0,-2.3659253,0.11016762256622314,0.9891089200973511,0.8077077269554138
YCR060W,YEL043W,0,-2.3663235,0.11015547811985016,0.9891089200973511,0.8078078031539917
YJL225C,YKL189W,0,-2.3672829,0.11014332622289658,0.9891089200973511,0.8079078793525696
YGR010W,YPL110C,0,-2.3681538,0.11013118922710419,0.9891089200973511,0.8080080151557922
YLL019C,YDL140C,0,-2.3720832,0.1101190447807312,0.9891089200973511,0.8081080913543701
YDR254W,YLR020C,0,-2.3796237,0.11010690778493881,0.9891089200973511,0.8082082271575928
YER017C,YDR222W,0,-2.3799424,0.11009477823972702,0.9891089200973511,0.8083083033561707
YKR068C,YFL023W,0,-2.3803353,0.11008264124393463,0.9891089200973511,0.8084083795547485
YHR056C,YDR254W,0,-2.3830957,0.11007051914930344,0.9891089200973511,0.8085085153579712
YHR214C-B,YDL216C,0,-2.3835082,0.11005838960409164,0.9891089200973511,0.8086085915565491
YGR144W,YOR304C-A,0,-2.3852172,0.11004626750946045,0.9891089200973511,0.8087087273597717
YGR221C,YGL174W,0,-2.3886454,0.11003414541482925,0.9891089200973511,0.8088088035583496
YNL304W,YDR429C,0,-2.3900447,0.11002202332019806,0.9891089200973511,0.8089088797569275
YIL061C,YMR033W,0,-2.3933592,0.11000990867614746,0.9891089200973511,0.8090090155601501
YNL095C,YDR404C,0,-2.393631,0.10999780148267746,0.9891089200973511,0.809109091758728
YJL176C,YNL092W,0,-2.3942654,0.10998568683862686,0.9891089200973511,0.8092092275619507
YOR335C,YJL087C,1,-2.3949776,0.11008366197347641,0.9900990128517151,0.8092092275619507
YPL151C,YLR295C,0,-2.3951392,0.11007154732942581,0.9900990128517151,0.8093093037605286
YBL005W-B,YLR219W,0,-2.395258,0.11005943268537521,0.9900990128517151,0.8094093799591064
YGR167W,YFL048C,0,-2.3984592,0.11004731804132462,0.9900990128517151,0.8095095157623291
YBR261C,YNL274C,0,-2.3998494,0.11003521084785461,0.9900990128517151,0.809609591960907
YDR351W,YNL259C,0,-2.4031425,0.11002310365438461,0.9900990128517151,0.8097097277641296
YJL144W,YMR273C,0,-2.4037974,0.11001100391149521,0.9900990128517151,0.8098098039627075
YPR144C,YJL124C,0,-2.404848,0.10999889671802521,0.9900990128517151,0.8099098801612854
YGR252W,YPL011C,0,-2.407514,0.1099868044257164,0.9900990128517151,0.8100100159645081
YKR020W,YLR016C,0,-2.4109814,0.109974704682827,0.9900990128517151,0.8101100921630859
YGR258C,YFL066C,0,-2.4114566,0.10996261239051819,0.9900990128517151,0.8102102279663086
YDR079W,YKL200C,0,-2.4120295,0.10995052009820938,0.9900990128517151,0.8103103041648865
YOL107W,YPR030W,0,-2.4129558,0.10993843525648117,0.9900990128517151,0.8104104399681091
YPR162C,YIL140W,0,-2.413219,0.10992635041475296,0.9900990128517151,0.810510516166687
YMR296C,YOR123C,0,-2.413972,0.10991426557302475,0.9900990128517151,0.8106105923652649
YGR180C,YMR304W,0,-2.4165542,0.10990218818187714,0.9900990128517151,0.8107107281684875
YKL117W,YFL023W,0,-2.419044,0.10989011079072952,0.9900990128517151,0.8108108043670654
YHR132C,YMR061W,0,-2.42056,0.10987803339958191,0.9900990128517151,0.8109109401702881
YGR271W,YJR140C,0,-2.4207025,0.10986596345901489,0.9900990128517151,0.811011016368866
YDR164C,YDR207C,0,-2.4229178,0.10985389351844788,0.9900990128517151,0.8111110925674438
YPL160W,YOL010W,1,-2.424212,0.10995166748762131,0.9910891056060791,0.8111110925674438
YKL206C,YDL047W,0,-2.4247544,0.1099395900964737,0.9910891056060791,0.8112112283706665
YLR305C,YPL093W,0,-2.4249349,0.10992752015590668,0.9910891056060791,0.8113113045692444
YDR285W,YDR245W,0,-2.4251995,0.10991545021533966,0.9910891056060791,0.811411440372467
YGR077C,YGL190C,0,-2.42699,0.10990338027477264,0.9910891056060791,0.8115115165710449
YOL102C,YGR171C,0,-2.4278245,0.10989131778478622,0.9910891056060791,0.8116115927696228
YPR182W,YOR025W,0,-2.4306567,0.1098792552947998,0.9910891056060791,0.8117117285728455
YPL252C,YML128C,0,-2.430849,0.10986719280481339,0.9910891056060791,0.8118118047714233
YOR145C,YHR079C,0,-2.4336464,0.10985513776540756,0.9910891056060791,0.811911940574646
YJL114W,YKL096W-A,0,-2.4344711,0.10984308272600174,0.9910891056060791,0.8120120167732239
YBL005W-B,YHR041C,0,-2.4355648,0.10983102768659592,0.9910891056060791,0.8121120929718018
YOR243C,YHR060W,0,-2.4361594,0.10981898009777069,0.9910891056060791,0.8122122287750244
YMR315W,YKL130C,0,-2.4378495,0.10980693250894547,0.9910891056060791,0.8123123049736023
YHR074W,YDR403W,0,-2.43895,0.10979489237070084,0.9910891056060791,0.812412440776825
YDR527W,YGL169W,0,-2.4422712,0.10978284478187561,0.9910891056060791,0.8125125169754028
YNL160W,YGL046W,0,-2.4439535,0.10977080464363098,0.9910891056060791,0.8126125931739807
YDR351W,YPR159W,0,-2.4450314,0.10975877195596695,0.9910891056060791,0.8127127289772034
YOR304C-A,YLR390W,0,-2.4468656,0.10974673926830292,0.9910891056060791,0.8128128051757812
YHR061C,YLR042C,0,-2.4472632,0.10973470658063889,0.9910891056060791,0.8129129409790039
YPR135W,YLR300W,0,-2.4507396,0.10972268134355545,0.9910891056060791,0.8130130171775818
YJL200C,YDR146C,0,-2.4539783,0.10971065610647202,0.9910891056060791,0.8131130933761597
YOR299W,YER046W,0,-2.4546428,0.10969863086938858,0.9910891056060791,0.8132132291793823
YPR113W,YPL200W,0,-2.455951,0.10968661308288574,0.9910891056060791,0.8133133053779602
YDL077C,YBR061C,0,-2.4597068,0.1096745952963829,0.9910891056060791,0.8134134411811829
YGR036C,YMR033W,0,-2.461068,0.10966257750988007,0.9910891056060791,0.8135135173797607
YKR102W,YML039W,0,-2.4635577,0.10965056717395782,0.9910891056060791,0.8136135935783386
YGR056W,YGR225W,0,-2.4655113,0.10963855683803558,0.9910891056060791,0.8137137293815613
YJR149W,YGL174W,0,-2.469297,0.10962654650211334,0.9910891056060791,0.8138138055801392
YMR038C,YDR498C,0,-2.4731402,0.1096145436167717,0.9910891056060791,0.8139139413833618
YDL022W,YML039W,0,-2.4740243,0.10960254073143005,0.9910891056060791,0.8140140175819397
YMR227C,YMR115W,0,-2.476244,0.10959053784608841,0.9910891056060791,0.8141140937805176
YGL050W,YIL170W,0,-2.478182,0.10957854241132736,0.9910891056060791,0.8142142295837402
YJR070C,YJL095W,0,-2.4803033,0.10956654697656631,0.9910891056060791,0.8143143057823181
YMR077C,YML056C,0,-2.4814587,0.10955455899238586,0.9910891056060791,0.8144144415855408
YPR144C,YHR005C-A,0,-2.4818304,0.10954257100820541,0.9910891056060791,0.8145145177841187
YGR155W,YOR353C,0,-2.4819782,0.10953058302402496,0.9910891056060791,0.8146145939826965
YDL059C,YLL027W,0,-2.4843607,0.10951860249042511,0.9910891056060791,0.8147147297859192
YMR093W,YLR163C,0,-2.4850159,0.10950662195682526,0.9910891056060791,0.8148148059844971
YCR060W,YLR050C,0,-2.493339,0.1094946414232254,0.9910891056060791,0.8149149417877197
YNL044W,YMR228W,0,-2.4946232,0.10948266088962555,0.9910891056060791,0.8150150179862976
YNL131W,YIL079C,0,-2.4980135,0.10947068780660629,0.9910891056060791,0.8151150941848755
YHR056C,YDR218C,0,-2.498098,0.10945872217416763,0.9910891056060791,0.8152152299880981
YPL104W,YCR066W,1,-2.4984825,0.10955609381198883,0.9920791983604431,0.8152152299880981
YPR171W,YDL148C,0,-2.4989407,0.10954411327838898,0.9920791983604431,0.815315306186676
YNL283C,YIL046W,0,-2.5001361,0.10953214019536972,0.9920791983604431,0.8154154419898987
YKL041W,YLR348C,0,-2.5005689,0.10952016711235046,0.9920791983604431,0.8155155181884766
YOL082W,YIL128W,0,-2.502514,0.10950819402933121,0.9920791983604431,0.8156155943870544
YDR233C,YLL004W,0,-2.502944,0.10949622839689255,0.9920791983604431,0.8157157301902771
YCR060W,YKL201C,0,-2.504337,0.10948426276445389,0.9920791983604431,0.815815806388855
YOL145C,YEL036C,0,-2.5056791,0.10947230458259583,0.9920791983604431,0.8159159421920776
YKL171W,YLR309C,0,-2.5068288,0.10946034640073776,0.9920791983604431,0.8160160183906555
YJL225C,YAL029C,0,-2.5127985,0.1094483882188797,0.9920791983604431,0.8161160945892334
YLR394W,YLR309C,0,-2.515792,0.10943643748760223,0.9920791983604431,0.816216230392456
YGR282C,YBR172C,0,-2.5165093,0.10942448675632477,0.9920791983604431,0.8163163065910339
YNL008C,YLR291C,0,-2.519441,0.1094125360250473,0.9920791983604431,0.8164164423942566
YGL122C,YDR131C,0,-2.5222917,0.10940059274435043,0.9920791983604431,0.8165165185928345
YHR079C,YBL092W,0,-2.5241647,0.10938864946365356,0.9920791983604431,0.8166165947914124
YJL071W,YOR327C,0,-2.5267563,0.1093767061829567,0.9920791983604431,0.816716730594635
YPR072W,YNR044W,0,-2.529903,0.10936477035284042,0.9920791983604431,0.8168168067932129
YGR034W,YLL055W,0,-2.5327487,0.10935283452272415,0.9920791983604431,0.8169169425964355
YGR282C,YNL239W,0,-2.533008,0.10934089869260788,0.9920791983604431,0.8170170187950134
YKL171W,YBR128C,0,-2.5392933,0.1093289703130722,0.9920791983604431,0.8171170949935913
YPR111W,YMR075W,0,-2.541082,0.10931704193353653,0.9920791983604431,0.817217230796814
YIL140W,YPL218W,0,-2.5451784,0.10930511355400085,0.9920791983604431,0.8173173069953918
YHR066W,YKL061W,0,-2.5474052,0.10929319262504578,0.9920791983604431,0.8174174427986145
YNL117W,YMR267W,0,-2.5496347,0.1092812716960907,0.9920791983604431,0.8175175189971924
YPR119W,YDR140W,0,-2.5515547,0.10926935821771622,0.9920791983604431,0.8176175951957703
YKL020C,YPR119W,0,-2.552638,0.10925744473934174,0.9920791983604431,0.8177177309989929
YLL004W,YHL027W,0,-2.553455,0.10924553126096725,0.9920791983604431,0.8178178071975708
YGL158W,YGR268C,0,-2.5553436,0.10923361778259277,0.9920791983604431,0.8179179430007935
YCR052W,YGR143W,0,-2.5587957,0.10922171175479889,0.9920791983604431,0.8180180191993713
YGL026C,YPL122C,0,-2.5616288,0.109209805727005,0.9920791983604431,0.8181180953979492
YOR304C-A,YJL006C,0,-2.5648255,0.10919790714979172,0.9920791983604431,0.8182182312011719
YDR371W,YCR030C,0,-2.5649123,0.10918600857257843,0.9920791983604431,0.8183183073997498
YHR029C,YKR103W,0,-2.5651276,0.10917410999536514,0.9920791983604431,0.8184184432029724
YDL107W,YOL028C,0,-2.5681245,0.10916221886873245,0.9920791983604431,0.8185185194015503
YJR147W,YER002W,0,-2.570644,0.10915032774209976,0.9920791983604431,0.8186185956001282
YOR287C,YBL052C,0,-2.5721421,0.10913843661546707,0.9920791983604431,0.8187187314033508
YNR021W,YIL047C,0,-2.573635,0.10912655293941498,0.9920791983604431,0.8188188076019287
YMR315W,YNL202W,0,-2.5763125,0.10911466926336288,0.9920791983604431,0.8189189434051514
YOL026C,YFR036W,0,-2.5776544,0.10910278558731079,0.9920791983604431,0.8190190196037292
YLR113W,YMR173W,0,-2.5785832,0.1090909093618393,0.9920791983604431,0.8191190958023071
YLR321C,YLR130C,0,-2.5818584,0.1090790331363678,0.9920791983604431,0.8192192316055298
YER008C,YBL091C-A,0,-2.5844276,0.1090671569108963,0.9920791983604431,0.8193193078041077
YML049C,YLL027W,0,-2.585247,0.1090552881360054,0.9920791983604431,0.8194194436073303
YOR209C,YGR239C,0,-2.5859609,0.1090434193611145,0.9920791983604431,0.8195195198059082
YNL127W,YOL158C,0,-2.5864787,0.1090315580368042,0.9920791983604431,0.8196195960044861
YNL238W,YPR152C,0,-2.5869446,0.1090196967124939,0.9920791983604431,0.8197197318077087
YGL014W,YMR203W,0,-2.5878623,0.1090078353881836,0.9920791983604431,0.8198198080062866
YGR252W,YBR074W,0,-2.5888457,0.10899597406387329,0.9920791983604431,0.8199199438095093
YGR056W,YFR013W,0,-2.5904808,0.10898412019014359,0.9920791983604431,0.8200200200080872
YNL008C,YDR461W,0,-2.59099,0.10897226631641388,0.9920791983604431,0.820120096206665
YMR136W,YER087C-B,0,-2.5911822,0.10896041989326477,0.9920791983604431,0.8202202320098877
YDR423C,YER162C,0,-2.5955715,0.10894857347011566,0.9920791983604431,0.8203203082084656
YFR045W,YOL158C,0,-2.5973725,0.10893672704696655,0.9920791983604431,0.8204204440116882
YOL093W,YPR159W,0,-2.5978208,0.10892488062381744,0.9920791983604431,0.8205205202102661
YNR031C,YMR308C,0,-2.5990386,0.10891304165124893,0.9920791983604431,0.820620596408844
YDL246C,YPL119C,0,-2.6010823,0.10890120267868042,0.9920791983604431,0.8207207322120667
YDR414C,YJR092W,0,-2.608111,0.1088893711566925,0.9920791983604431,0.8208208084106445
YOR311C,YPR043W,0,-2.6101532,0.10887753963470459,0.9920791983604431,0.8209209442138672
YDR499W,YLR130C,0,-2.6114805,0.10886570811271667,0.9920791983604431,0.8210210204124451
YJL194W,YGR118W,0,-2.6115658,0.10885388404130936,0.9920791983604431,0.821121096611023
YLR359W,YOR180C,0,-2.6142545,0.10884205996990204,0.9920791983604431,0.8212212324142456
YMR112C,YGR118W,0,-2.6160636,0.10883023589849472,0.9920791983604431,0.8213213086128235
YBR274W,YDL070W,0,-2.6173165,0.108818419277668,0.9920791983604431,0.8214214444160461
YOR142W,YER190W,0,-2.6218028,0.10880660265684128,0.9920791983604431,0.821521520614624
YFL033C,YGR222W,0,-2.6239235,0.10879478603601456,0.9920791983604431,0.8216215968132019
YBR020W,YPR030W,0,-2.6261997,0.10878297686576843,0.9920791983604431,0.8217217326164246
YGR252W,YOR142W,0,-2.6311784,0.10877116769552231,0.9920791983604431,0.8218218088150024
YBR120C,YDR332W,0,-2.6325853,0.10875935852527618,0.9920791983604431,0.8219219446182251
YNL261W,YOR230W,0,-2.6341531,0.10874755680561066,0.9920791983604431,0.822022020816803
YGR175C,YLR026C,0,-2.6345558,0.10873575508594513,0.9920791983604431,0.8221220970153809
YDR512C,YGR113W,0,-2.635335,0.1087239608168602,0.9920791983604431,0.8222222328186035
YAL017W,YGL233W,0,-2.637874,0.10871215909719467,0.9920791983604431,0.8223223090171814
YOL004W,YNR002C,0,-2.6385436,0.10870037227869034,0.9920791983604431,0.822422444820404
YJL200C,YOR038C,0,-2.6423764,0.10868857800960541,0.9920791983604431,0.8225225210189819
YDR030C,YJL053W,0,-2.6453106,0.10867679119110107,0.9920791983604431,0.8226225972175598
YKR102W,YFL001W,0,-2.647066,0.10866500437259674,0.9920791983604431,0.8227227330207825
YPR035W,YDL024C,0,-2.6489575,0.10865321755409241,0.9920791983604431,0.8228228092193604
YPR162C,YNR067C,0,-2.649093,0.10864143818616867,0.9920791983604431,0.822922945022583
YJL030W,YAL040C,0,-2.6538687,0.10862965881824493,0.9920791983604431,0.8230230212211609
YOR274W,YOL052C,0,-2.6546726,0.1086178869009018,0.9920791983604431,0.8231230974197388
YDR229W,YBL079W,0,-2.6571608,0.10860611498355865,0.9920791983604431,0.8232232332229614
YNL273W,YPR006C,0,-2.6575408,0.10859434306621552,0.9920791983604431,0.8233233094215393
YOL010W,YJL214W,0,-2.6577082,0.10858257114887238,0.9920791983604431,0.823423445224762
YBR195C,YPL113C,0,-2.662154,0.10857080668210983,0.9920791983604431,0.8235235214233398
YMR089C,YKR101W,0,-2.6632838,0.10855904966592789,0.9920791983604431,0.8236235976219177
YOL129W,YDR378C,0,-2.6636758,0.10854728519916534,0.9920791983604431,0.8237237334251404
YCR030C,YLR164W,0,-2.6640296,0.1085355281829834,0.9920791983604431,0.8238238096237183
YHR074W,YAL054C,1,-2.6711373,0.10863208025693893,0.9930692911148071,0.8238238096237183
YGL186C,YOR162C,0,-2.671996,0.10862031579017639,0.9930692911148071,0.8239239454269409
YIL083C,YER145C,0,-2.6759658,0.10860855132341385,0.9930692911148071,0.8240240216255188
YGR036C,YDR476C,0,-2.6786733,0.1085967943072319,0.9930692911148071,0.8241240978240967
YER050C,YLR141W,0,-2.6792235,0.10858503729104996,0.9930692911148071,0.8242242336273193
YGL259W,YOR162C,0,-2.6798115,0.10857328772544861,0.9930692911148071,0.8243243098258972
YNR021W,YLL055W,0,-2.6805222,0.10856153070926666,0.9930692911148071,0.8244244456291199
YHR047C,YMR186W,0,-2.6827517,0.10854978114366531,0.9930692911148071,0.8245245218276978
YKR020W,YOR353C,0,-2.6830997,0.10853803902864456,0.9930692911148071,0.8246245980262756
YKR055W,YCR046C,0,-2.6877005,0.10852628946304321,0.9930692911148071,0.8247247338294983
YJR031C,YDL148C,0,-2.6929498,0.10851455479860306,0.9930692911148071,0.8248248100280762
YMR093W,YJL171C,0,-2.6957393,0.1085028126835823,0.9930692911148071,0.8249249458312988
YLR353W,YGL004C,0,-2.6972501,0.10849107801914215,0.9930692911148071,0.8250250220298767
YLR165C,YGR216C,0,-2.698054,0.108479343354702,0.9930692911148071,0.8251250982284546
YNL127W,YBL026W,0,-2.6994615,0.10846760869026184,0.9930692911148071,0.8252252340316772
YCR014C,YGR077C,0,-2.7004933,0.10845588147640228,0.9930692911148071,0.8253253102302551
YMR033W,YOL111C,0,-2.7007053,0.10844415426254272,0.9930692911148071,0.8254254460334778
YIL088C,YOR237W,0,-2.710309,0.10843243449926376,0.9930692911148071,0.8255255222320557
YLL051C,YBL079W,0,-2.7114,0.1084207147359848,0.9930692911148071,0.8256255984306335
YKL217W,YNL122C,0,-2.7137256,0.10840899497270584,0.9930692911148071,0.8257257342338562
YPL218W,YGL004C,0,-2.7148514,0.10839727520942688,0.9930692911148071,0.8258258104324341
YKL007W,YOR222W,0,-2.7158668,0.10838556289672852,0.9930692911148071,0.8259259462356567
YMR054W,YCR011C,0,-2.7219965,0.10837385058403015,0.9930692911148071,0.8260260224342346
YKL020C,YLR047C,0,-2.7220774,0.10836214572191238,0.9930692911148071,0.8261260986328125
YLR047C,YHR058C,0,-2.724296,0.10835044085979462,0.9930692911148071,0.8262262344360352
YGL256W,YPL093W,0,-2.7246144,0.10833873599767685,0.9930692911148071,0.826326310634613
YBR125C,YPL064C,0,-2.7317057,0.10832703113555908,0.9930692911148071,0.8264264464378357
YCR093W,YGR251W,0,-2.7400908,0.10831533372402191,0.9930692911148071,0.8265265226364136
YKL103C,YIR005W,0,-2.7406611,0.10830363631248474,0.9930692911148071,0.8266265988349915
YJR028W,YLR390W,0,-2.740666,0.10829194635152817,0.9930692911148071,0.8267267346382141
YKL170W,YMR008C,0,-2.7421434,0.1082802563905716,0.9930692911148071,0.826826810836792
YNL172W,YPR060C,0,-2.7453966,0.10826856642961502,0.9930692911148071,0.8269269466400146
YNL230C,YLL061W,0,-2.7460248,0.10825688391923904,0.9930692911148071,0.8270270228385925
YGR251W,YDR229W,0,-2.7465959,0.10824519395828247,0.9930692911148071,0.8271270990371704
YPR190C,YDL039C,0,-2.7475848,0.10823351889848709,0.9930692911148071,0.8272272348403931
YLR244C,YPR043W,0,-2.749415,0.10822183638811111,0.9930692911148071,0.827327311038971
YJL128C,YLR389C,0,-2.751728,0.10821016132831573,0.9930692911148071,0.8274274468421936
YMR186W,YBR026C,0,-2.7545173,0.10819848626852036,0.9930692911148071,0.8275275230407715
YML028W,YDR081C,0,-2.7561355,0.10818681865930557,0.9930692911148071,0.8276275992393494
YLL043W,YJL176C,0,-2.758002,0.10817515105009079,0.9930692911148071,0.827727735042572
YDR205W,YJR053W,0,-2.7583168,0.10816348344087601,0.9930692911148071,0.8278278112411499
YDL059C,YLR278C,0,-2.75876,0.10815182328224182,0.9930692911148071,0.8279279470443726
YJR006W,YLL017W,0,-2.759659,0.10814016312360764,0.9930692911148071,0.8280280232429504
YHR214C-B,YPL131W,0,-2.7599297,0.10812850296497345,0.9930692911148071,0.8281280994415283
YDR026C,YDL054C,0,-2.7601383,0.10811685025691986,0.9930692911148071,0.828228235244751
YLL041C,YNL050C,0,-2.760736,0.10810519754886627,0.9930692911148071,0.8283283114433289
YDR306C,YDR146C,0,-2.7609725,0.10809354484081268,0.9930692911148071,0.8284284472465515
YIL061C,YPL252C,0,-2.7620544,0.10808189958333969,0.9930692911148071,0.8285285234451294
YOL062C,YNR002C,0,-2.7621264,0.1080702543258667,0.9930692911148071,0.8286285996437073
YBL098W,YKL172W,0,-2.7628288,0.10805860906839371,0.9930692911148071,0.8287287354469299
YDR383C,YOR085W,0,-2.7653065,0.10804697126150131,0.9930692911148071,0.8288288116455078
YGR252W,YNL016W,0,-2.7677817,0.10803532600402832,0.9930692911148071,0.8289289474487305
YDL171C,YPL098C,0,-2.769661,0.10802369564771652,0.9930692911148071,0.8290290236473083
YJR070C,YPR190C,0,-2.7706234,0.10801205784082413,0.9930692911148071,0.8291290998458862
YOR054C,YGL060W,0,-2.7712955,0.10800042748451233,0.9930692911148071,0.8292292356491089
YOR301W,YLR103C,0,-2.7726562,0.10798880457878113,0.9930692911148071,0.8293293118476868
YJL030W,YMR039C,0,-2.7748818,0.10797717422246933,0.9930692911148071,0.8294294476509094
YKL103C,YIL088C,0,-2.77766,0.10796555131673813,0.9930692911148071,0.8295295238494873
YBR020W,YNL309W,0,-2.7781944,0.10795393586158752,0.9930692911148071,0.8296296000480652
YDL107W,YPL188W,0,-2.778456,0.10794231295585632,0.9930692911148071,0.8297297358512878
YLR191W,YNL236W,0,-2.7814817,0.10793069750070572,0.9930692911148071,0.8298298120498657
YKL041W,YAL039C,0,-2.7882304,0.10791908949613571,0.9930692911148071,0.8299299478530884
YCL036W,YMR075W,0,-2.7889073,0.10790747404098511,0.9930692911148071,0.8300300240516663
YDR460W,YGR229C,0,-2.789505,0.1078958660364151,0.9930692911148071,0.8301301598548889
YPR011C,YEL037C,0,-2.7900434,0.10788426548242569,0.9930692911148071,0.8302302360534668
YLR228C,YCR026C,0,-2.794345,0.10787265747785568,0.9930692911148071,0.8303303122520447
YGL170C,YGR105W,0,-2.796064,0.10786105692386627,0.9930692911148071,0.8304304480552673
YKL206C,YML109W,0,-2.7988086,0.10784946382045746,0.9930692911148071,0.8305305242538452
YDR419W,YKR055W,0,-2.800613,0.10783786326646805,0.9930692911148071,0.8306306600570679
YPL147W,YER104W,0,-2.8018687,0.10782627761363983,0.9930692911148071,0.8307307362556458
YJL066C,YPL002C,0,-2.8022337,0.10781468451023102,0.9930692911148071,0.8308308124542236
YLL002W,YCL052C,0,-2.8050241,0.1078030988574028,0.9930692911148071,0.8309309482574463
YDL107W,YBR072W,0,-2.8067017,0.10779151320457458,0.9930692911148071,0.8310310244560242
YOL102C,YNR010W,0,-2.806756,0.10777992755174637,0.9930692911148071,0.8311311602592468
YJR082C,YKL009W,0,-2.8094687,0.10776834934949875,0.9930692911148071,0.8312312364578247
YLR219W,YNL110C,0,-2.8157988,0.10775677114725113,0.9930692911148071,0.8313313126564026
YDR174W,YDR332W,0,-2.8192325,0.10774519294500351,0.9930692911148071,0.8314314484596252
YJL114W,YNL138W,0,-2.819253,0.10773362219333649,0.9930692911148071,0.8315315246582031
YGL068W,YDR499W,0,-2.8210337,0.10772205144166946,0.9930692911148071,0.8316316604614258
YDL206W,YCR057C,0,-2.8219862,0.10771048069000244,0.9930692911148071,0.8317317366600037
YLR105C,YBL011W,0,-2.8315477,0.10769891738891602,0.9930692911148071,0.8318318128585815
YOR299W,YLR251W,0,-2.8376517,0.10768735408782959,0.9930692911148071,0.8319319486618042
YGR113W,YHR039C-A,0,-2.8386066,0.10767579078674316,0.9930692911148071,0.8320320248603821
YAL033W,YDL111C,0,-2.8457222,0.10766423493623734,0.9930692911148071,0.8321321606636047
YNR044W,YKR028W,0,-2.8487616,0.1076526790857315,0.9930692911148071,0.8322322368621826
YMR168C,YJL053W,0,-2.8505387,0.10764112323522568,0.9930692911148071,0.8323323130607605
YLR228C,YPL252C,0,-2.8520007,0.10762957483530045,0.9930692911148071,0.8324324488639832
YNL271C,YOR237W,0,-2.8538074,0.10761802643537521,0.9930692911148071,0.832532525062561
YPL167C,YOL136C,0,-2.861032,0.10760647803544998,0.9930692911148071,0.8326326608657837
YJL155C,YJL176C,0,-2.8619478,0.10759493708610535,0.9930692911148071,0.8327327370643616
YBR095C,YMR300C,0,-2.8621807,0.10758339613676071,0.9930692911148071,0.8328328132629395
YPR189W,YJR112W,0,-2.8669257,0.10757185518741608,0.9930692911148071,0.8329329490661621
YFR029W,YJL082W,0,-2.8704238,0.10756032168865204,0.9930692911148071,0.83303302526474
YOL070C,YLL041C,0,-2.8744254,0.107548788189888,0.9930692911148071,0.8331331610679626
YDL133C-A,YGR032W,0,-2.8750768,0.10753725469112396,0.9930692911148071,0.8332332372665405
YJR070C,YCR055C,0,-2.876568,0.10752572864294052,0.9930692911148071,0.8333333134651184
YHL034C,YNL230C,0,-2.8771052,0.10751420259475708,0.9930692911148071,0.8334334492683411
YDL036C,YJR004C,0,-2.8773675,0.10750267654657364,0.9930692911148071,0.833533525466919
YLR105C,YMR020W,0,-2.880202,0.1074911579489708,0.9930692911148071,0.8336336612701416
YMR005W,YPL083C,0,-2.8827913,0.10747963935136795,0.9930692911148071,0.8337337374687195
YLR107W,YBR278W,0,-2.883106,0.1074681207537651,0.9930692911148071,0.8338338136672974
YER098W,YPR159W,0,-2.8842576,0.10745660960674286,0.9930692911148071,0.83393394947052
YMR179W,YKL205W,0,-2.8847337,0.10744509845972061,0.9930692911148071,0.8340340256690979
YMR315W,YOR025W,0,-2.8867698,0.10743358731269836,0.9930692911148071,0.8341341614723206
YML099C,YMR272C,0,-2.8894005,0.10742208361625671,0.9930692911148071,0.8342342376708984
YDR079W,YML006C,0,-2.8922246,0.10741057991981506,0.9930692911148071,0.8343343138694763
YDR378C,YGR169C,0,-2.8945725,0.10739907622337341,0.9930692911148071,0.834434449672699
YIL132C,YOR285W,0,-2.895758,0.10738757997751236,0.9930692911148071,0.8345345258712769
YDR146C,YLR028C,0,-2.8960025,0.1073760837316513,0.9930692911148071,0.8346346616744995
YIL142W,YEL037C,0,-2.8962126,0.10736458748579025,0.9930692911148071,0.8347347378730774
YKR066C,YNR004W,0,-2.9001446,0.1073530986905098,0.9930692911148071,0.8348348140716553
YPL131W,YHR059W,0,-2.9004805,0.10734160989522934,0.9930692911148071,0.8349349498748779
YDL107W,YDR416W,0,-2.9012432,0.10733012109994888,0.9930692911148071,0.8350350260734558
YNR074C,YJR057W,0,-2.9025116,0.10731863975524902,0.9930692911148071,0.8351351618766785
YIL143C,YEL022W,0,-2.9039097,0.10730715841054916,0.9930692911148071,0.8352352380752563
YJL004C,YER171W,0,-2.905225,0.1072956770658493,0.9930692911148071,0.8353353142738342
YNL026W,YJR103W,0,-2.9077158,0.10728420317173004,0.9930692911148071,0.8354354500770569
YEL070W,YML080W,0,-2.9133914,0.10727272927761078,0.9930692911148071,0.8355355262756348
YBR115C,YOR219C,0,-2.918891,0.10726125538349152,0.9930692911148071,0.8356356620788574
YDL215C,YFR036W,0,-2.920516,0.10724978893995285,0.9930692911148071,0.8357357382774353
YPR167C,YOR378W,0,-2.9214528,0.10723832249641418,0.9930692911148071,0.8358358144760132
YCR014C,YER168C,0,-2.9228737,0.10722685605287552,0.9930692911148071,0.8359359502792358
YKL103C,YHR004C,0,-2.9229455,0.10721538960933685,0.9930692911148071,0.8360360264778137
YIL061C,YNR044W,0,-2.9235606,0.10720393061637878,0.9930692911148071,0.8361361622810364
YNL092W,YER115C,0,-2.9238377,0.10719247907400131,0.9930692911148071,0.8362362384796143
YOR237W,YOL043C,0,-2.9274368,0.10718102008104324,0.9930692911148071,0.8363363146781921
YKL166C,YKL203C,0,-2.9299479,0.10716956853866577,0.9930692911148071,0.8364364504814148
YIL079C,YBR281C,0,-2.9331036,0.1071581169962883,0.9930692911148071,0.8365365266799927
YNL297C,YDL047W,0,-2.9332285,0.10714667290449142,0.9930692911148071,0.8366366624832153
YMR218C,YMR093W,0,-2.9361348,0.10713522881269455,0.9930692911148071,0.8367367386817932
YOL066C,YOR338W,0,-2.9388435,0.10712378472089767,0.9930692911148071,0.8368368148803711
YNL008C,YGL162W,0,-2.9399037,0.1071123480796814,0.9930692911148071,0.8369369506835938
YNL153C,YOL062C,0,-2.941298,0.10710090398788452,0.9930692911148071,0.8370370268821716
YDL078C,YMR176W,0,-2.9494238,0.10708947479724884,0.9930692911148071,0.8371371626853943
YJR055W,YDL107W,0,-2.949541,0.10707803815603256,0.9930692911148071,0.8372372388839722
YER008C,YCR014C,0,-2.951017,0.10706660896539688,0.9930692911148071,0.83733731508255
YOR237W,YKL001C,0,-2.9553285,0.1070551797747612,0.9930692911148071,0.8374374508857727
YJL034W,YER125W,0,-2.9566298,0.10704375803470612,0.9930692911148071,0.8375375270843506
YLL041C,YKR103W,0,-2.9592936,0.10703233629465103,0.9930692911148071,0.8376376628875732
YAR027W,YER104W,0,-2.9618409,0.10702091455459595,0.9930692911148071,0.8377377390861511
YDR254W,YER137C,0,-2.9631615,0.10700949281454086,0.9930692911148071,0.837837815284729
YHR077C,YPL065W,0,-2.9657068,0.10699807852506638,0.9930692911148071,0.8379379510879517
YNL309W,YGL037C,0,-2.9661565,0.10698666423559189,0.9930692911148071,0.8380380272865295
YGL174W,YDR062W,0,-2.9674482,0.106975257396698,0.9930692911148071,0.8381381630897522
YGL186C,YER103W,0,-2.9690642,0.10696385055780411,0.9930692911148071,0.8382382392883301
YOR304W,YOR393W,0,-2.9699218,0.10695244371891022,0.9930692911148071,0.838338315486908
YER019C-A,YPR159W,0,-2.9699883,0.10694103688001633,0.9930692911148071,0.8384384512901306
YEL069C,YLR350W,0,-2.971762,0.10692963749170303,0.9930692911148071,0.8385385274887085
YHR211W,YLR073C,0,-2.9722733,0.10691823810338974,0.9930692911148071,0.8386386632919312
YPL082C,YOR038C,0,-2.9738777,0.10690684616565704,0.9930692911148071,0.838738739490509
YHL012W,YGR070W,0,-2.9772391,0.10689544677734375,0.9930692911148071,0.8388388156890869
YEL036C,YEL056W,0,-2.97783,0.10688405483961105,0.9930692911148071,0.8389389514923096
YBR066C,YGL014W,0,-2.9785903,0.10687267035245895,0.9930692911148071,0.8390390276908875
YMR038C,YPR152C,0,-2.9791133,0.10686128586530685,0.9930692911148071,0.8391391634941101
YBR141C,YAL029C,0,-2.9796293,0.10684990137815475,0.9930692911148071,0.839239239692688
YHR214C-B,YCL032W,0,-2.9799657,0.10683851689100266,0.9930692911148071,0.8393393158912659
YMR123W,YJL053W,0,-2.9820414,0.10682713985443115,0.9930692911148071,0.8394394516944885
YDR460W,YER101C,0,-2.985974,0.10681576281785965,0.9930692911148071,0.8395395278930664
YJR055W,YDR296W,0,-2.9862072,0.10680438578128815,0.9930692911148071,0.8396396636962891
YBR222C,YGL190C,0,-2.9878893,0.10679301619529724,0.9930692911148071,0.8397397398948669
YGR179C,YGL174W,0,-2.9908566,0.10678164660930634,0.9930692911148071,0.8398398160934448
YML032C,YAL022C,0,-2.9937823,0.10677027702331543,0.9930692911148071,0.8399399518966675
YNL050C,YPL208W,0,-2.9952228,0.10675891488790512,0.9930692911148071,0.8400400280952454
YGL060W,YLR050C,0,-2.995881,0.10674755275249481,0.9930692911148071,0.840140163898468
YLR165C,YDL021W,0,-2.998488,0.1067361906170845,0.9930692911148071,0.8402402400970459
YNL297C,YFR036W,0,-2.9996815,0.10672483593225479,0.9930692911148071,0.8403403162956238
YOR237W,YKL201C,0,-3.0027504,0.10671348124742508,0.9930692911148071,0.8404404520988464
YOR377W,YPR030W,0,-3.0033565,0.10670212656259537,0.9930692911148071,0.8405405282974243
YPL042C,YEL037C,0,-3.0038133,0.10669077932834625,0.9930692911148071,0.840640664100647
YDR389W,YDR159W,0,-3.0066795,0.10667943209409714,0.9930692911148071,0.8407407402992249
YDR497C,YER190W,0,-3.011753,0.10666808485984802,0.9930692911148071,0.8408408164978027
YPR091C,YDR109C,0,-3.0140767,0.1066567450761795,0.9930692911148071,0.8409409523010254
YPL042C,YOR123C,0,-3.0166466,0.10664539784193039,0.9930692911148071,0.8410410284996033
YDR082W,YAL039C,0,-3.0228038,0.10663406550884247,0.9930692911148071,0.8411411643028259
YFR031C,YPR111W,0,-3.0250335,0.10662272572517395,0.9930692911148071,0.8412412405014038
YDR254W,YOR239W,0,-3.0284567,0.10661139339208603,0.9930692911148071,0.8413413166999817
YNL232W,YJL004C,0,-3.02983,0.10660006105899811,0.9930692911148071,0.8414414525032043
YCR014C,YNL290W,0,-3.0308404,0.10658873617649078,0.9930692911148071,0.8415415287017822
YKL161C,YER087W,0,-3.0319219,0.10657741129398346,0.9930692911148071,0.8416416645050049
YPR190C,YJL029C,0,-3.0341463,0.10656608641147614,0.9930692911148071,0.8417417407035828
YJL194W,YOR304W,0,-3.0356717,0.10655476152896881,0.9930692911148071,0.8418418169021606
YBL089W,YDR496C,0,-3.0361643,0.10654344409704208,0.9930692911148071,0.8419419527053833
YJL005W,YPL252C,0,-3.046988,0.10653212666511536,0.9930692911148071,0.8420420289039612
YER090W,YOR008C,0,-3.0491657,0.10652081668376923,0.9930692911148071,0.8421421647071838
YCR060W,YCR057C,0,-3.0511498,0.1065095067024231,0.9930692911148071,0.8422422409057617
YKR006C,YHL027W,0,-3.0632653,0.10649819672107697,0.9930692911148071,0.8423423171043396
YGR175C,YJR026W,0,-3.0641265,0.10648688673973083,0.9930692911148071,0.8424424529075623
YLL034C,YMR301C,0,-3.0648618,0.1064755842089653,0.9930692911148071,0.8425425291061401
YGR143W,YER115C,0,-3.064916,0.10646428167819977,0.9930692911148071,0.8426426649093628
YLR213C,YLR151C,0,-3.0656257,0.10645297914743423,0.9930692911148071,0.8427427411079407
YHR179W,YOR025W,0,-3.0668292,0.1064416840672493,0.9930692911148071,0.8428428173065186
YBR128C,YPR159W,0,-3.0681057,0.10643038898706436,0.9930692911148071,0.8429429531097412
YMR321C,YBR061C,0,-3.0684855,0.10641910135746002,0.9930692911148071,0.8430430293083191
YFR045W,YOR148C,0,-3.068893,0.10640780627727509,0.9930692911148071,0.8431431651115417
YBR195C,YMR136W,0,-3.0693467,0.10639651864767075,0.9930692911148071,0.8432432413101196
YOR292C,YNL290W,0,-3.0700636,0.106385238468647,0.9930692911148071,0.8433433175086975
YPR171W,YPR001W,0,-3.0710816,0.10637395083904266,0.9930692911148071,0.8434434533119202
YBR125C,YLR270W,0,-3.0737977,0.10636267066001892,0.9930692911148071,0.843543529510498
YDR144C,YJR031C,0,-3.0770285,0.10635139793157578,0.9930692911148071,0.8436436653137207
YGR251W,YNL080C,0,-3.0770514,0.10634011775255203,0.9930692911148071,0.8437437415122986
YDL084W,YDR137W,0,-3.0792973,0.10632884502410889,0.9930692911148071,0.8438438177108765
YKL013C,YHR119W,0,-3.0814683,0.10631757229566574,0.9930692911148071,0.8439439535140991
YPL151C,YLR383W,0,-3.0875678,0.10630630701780319,0.9930692911148071,0.844044029712677
YER154W,YOR275C,0,-3.088356,0.10629504173994064,0.9930692911148071,0.8441441655158997
YOR239W,YJL029C,0,-3.0902753,0.1062837764620781,0.9930692911148071,0.8442442417144775
YBR177C,YNL026W,0,-3.0935445,0.10627251863479614,0.9930692911148071,0.8443443179130554
YPR144C,YDR527W,0,-3.0949187,0.1062612533569336,0.9930692911148071,0.8444444537162781
YBR067C,YOL004W,0,-3.096828,0.10625000298023224,0.9930692911148071,0.844544529914856
YGR179C,YDR260C,0,-3.0984633,0.10623874515295029,0.9930692911148071,0.8446446657180786
YJR092W,YDR207C,0,-3.1016893,0.10622749477624893,0.9930692911148071,0.8447447419166565
YBR195C,YMR061W,0,-3.1048985,0.10621624439954758,0.9930692911148071,0.8448448181152344
YPL213W,YBR129C,0,-3.1119924,0.10620500147342682,0.9930692911148071,0.844944953918457
YDL107W,YJR112W,0,-3.1122146,0.10619375109672546,0.9930692911148071,0.8450450301170349
YMR321C,YAL031C,0,-3.1137245,0.1061825081706047,0.9930692911148071,0.8451451659202576
YER050C,YOL158C,0,-3.1165125,0.10617127269506454,0.9930692911148071,0.8452452421188354
YDR454C,YOL136C,0,-3.1175847,0.10616003721952438,0.9930692911148071,0.8453453183174133
YJL144W,YNL080C,0,-3.119578,0.10614880174398422,0.9930692911148071,0.845445454120636
YDR405W,YLL004W,0,-3.1201696,0.10613756626844406,0.9930692911148071,0.8455455303192139
YMR145C,YKR068C,0,-3.120179,0.1061263382434845,0.9930692911148071,0.8456456661224365
YEL070W,YLR164W,0,-3.1203237,0.10611511021852493,0.9930692911148071,0.8457457423210144
YFR029W,YMR179W,0,-3.1213698,0.10610388219356537,0.9930692911148071,0.8458458185195923
YMR033W,YMR160W,0,-3.1222994,0.1060926616191864,0.9930692911148071,0.8459459543228149
YCL036W,YNL259C,0,-3.1236048,0.10608144104480743,0.9930692911148071,0.8460460305213928
YJR083C,YKR101W,0,-3.129655,0.10607022047042847,0.9930692911148071,0.8461461663246155
YOL142W,YBL092W,0,-3.1337805,0.1060590073466301,0.9930692911148071,0.8462462425231934
YJL034W,YOL136C,0,-3.1358275,0.10604778677225113,0.9930692911148071,0.8463463187217712
YGR020C,YDR457W,1,-3.14025,0.10614229738712311,0.9940593838691711,0.8463463187217712
YOR020C,YKR044W,0,-3.1421533,0.10613107681274414,0.9940593838691711,0.8464464545249939
YDR245W,YCR087C-A,0,-3.1486816,0.10611986368894577,0.9940593838691711,0.8465465307235718
YNL147W,YMR272C,0,-3.1528237,0.1061086431145668,0.9940593838691711,0.8466466665267944
YKL013C,YAR035W,0,-3.1528423,0.10609742999076843,0.9940593838691711,0.8467467427253723
YIL009W,YMR246W,1,-3.1533213,0.10619188845157623,0.9950494766235352,0.8467467427253723
YIL002C,YGL216W,0,-3.1561146,0.10618066787719727,0.9950494766235352,0.8468468189239502
YPL083C,YHR039C-A,0,-3.1600509,0.1061694473028183,0.9950494766235352,0.8469469547271729
YLR197W,YPR198W,0,-3.1621795,0.10615823417901993,0.9950494766235352,0.8470470309257507
YNL079C,YDL045W-A,0,-3.1631072,0.10614702105522156,0.9950494766235352,0.8471471667289734
YGR145W,YGL113W,0,-3.164226,0.10613580793142319,0.9950494766235352,0.8472472429275513
YPR111W,YNL192W,0,-3.1649327,0.10612460225820541,0.9950494766235352,0.8473473191261292
YCL014W,YER168C,0,-3.1652203,0.10611339658498764,0.9950494766235352,0.8474474549293518
YDL028C,YDL077C,0,-3.167984,0.10610219836235046,0.9950494766235352,0.8475475311279297
YFL014W,YLR103C,0,-3.1690788,0.10609099268913269,0.9950494766235352,0.8476476669311523
YER138C,YDL170W,0,-3.169672,0.10607979446649551,0.9950494766235352,0.8477477431297302
YKL103C,YPL252C,0,-3.17093,0.10606860369443893,0.9950494766235352,0.8478478193283081
YDR026C,YGR089W,0,-3.171269,0.10605740547180176,0.9950494766235352,0.8479479551315308
YGL203C,YLR309C,0,-3.1720822,0.10604621469974518,0.9950494766235352,0.8480480313301086
YDL206W,YJR063W,0,-3.172205,0.1060350313782692,0.9950494766235352,0.8481481671333313
YDR196C,YOL112W,0,-3.1737022,0.10602384060621262,0.9950494766235352,0.8482482433319092
YMR284W,YPL163C,0,-3.1737862,0.10601265728473663,0.9950494766235352,0.8483483195304871
YDL202W,YJL176C,0,-3.174331,0.10600147396326065,0.9950494766235352,0.8484484553337097
YPR196W,YGR216C,0,-3.180708,0.10599029809236526,0.9950494766235352,0.8485485315322876
YJR004C,YBR052C,0,-3.1808968,0.10597912222146988,0.9950494766235352,0.8486486673355103
YJL087C,YLR314C,0,-3.1809587,0.1059679463505745,0.9950494766235352,0.8487487435340881
YOR071C,YHR002W,0,-3.185501,0.10595677047967911,0.9950494766235352,0.848848819732666
YDR527W,YMR273C,0,-3.1910858,0.10594560205936432,0.9950494766235352,0.8489489555358887
YPL180W,YNL147W,0,-3.1911173,0.10593443363904953,0.9950494766235352,0.8490490317344666
YHR214C-B,YEL043W,0,-3.1917524,0.10592327266931534,0.9950494766235352,0.8491491675376892
YGL014W,YOR311C,0,-3.195993,0.10591211169958115,0.9950494766235352,0.8492492437362671
YGL216W,YJL082W,0,-3.1962552,0.10590095072984695,0.9950494766235352,0.849349319934845
YLR182W,YGL241W,0,-3.1969457,0.10588978976011276,0.9950494766235352,0.8494494557380676
YHR002W,YGL244W,0,-3.2021797,0.10587863624095917,0.9950494766235352,0.8495495319366455
YKR057W,YOR148C,0,-3.2023404,0.10586748272180557,0.9950494766235352,0.8496496677398682
YAL063C,YNR072W,0,-3.206429,0.10585632920265198,0.9950494766235352,0.849749743938446
YPL151C,YLL027W,0,-3.209844,0.10584518313407898,0.9950494766235352,0.8498498201370239
YPL218W,YOR123C,0,-3.2099142,0.10583403706550598,0.9950494766235352,0.8499499559402466
YDL059C,YJL140W,0,-3.210745,0.10582289099693298,0.9950494766235352,0.8500500321388245
YHR174W,YJL171C,0,-3.214086,0.10581175237894058,0.9950494766235352,0.8501501679420471
YOR099W,YBR096W,0,-3.2147675,0.10580061376094818,0.9950494766235352,0.850250244140625
YHR211W,YFL013C,0,-3.2174072,0.10578947514295578,0.9950494766235352,0.8503503799438477
YCL008C,YML080W,0,-3.2179017,0.10577833652496338,0.9950494766235352,0.8504504561424255
YGL162W,YGL071W,0,-3.2191482,0.10576720535755157,0.9950494766235352,0.8505505323410034
YDL197C,YBR010W,0,-3.2213964,0.10575607419013977,0.9950494766235352,0.8506506681442261
YLR028C,YBL026W,0,-3.2266574,0.10574495047330856,0.9950494766235352,0.850750744342804
YMR013C,YLR270W,0,-3.2283266,0.10573382675647736,0.9950494766235352,0.8508508801460266
YPL151C,YDR530C,0,-3.2285585,0.10572270303964615,0.9950494766235352,0.8509509563446045
YOR212W,YGL200C,0,-3.2356806,0.10571157932281494,0.9950494766235352,0.8510510325431824
YIL143C,YGL163C,0,-3.2364953,0.10570046305656433,0.9950494766235352,0.851151168346405
YDR414C,YGL256W,0,-3.236607,0.10568934679031372,0.9950494766235352,0.8512512445449829
YMR241W,YER168C,0,-3.2376547,0.10567823052406311,0.9950494766235352,0.8513513803482056
YNL304W,YKL165C,0,-3.2440145,0.1056671217083931,0.9950494766235352,0.8514514565467834
YDR476C,YPL096W,0,-3.244759,0.10565601289272308,0.9950494766235352,0.8515515327453613
YPR072W,YLR105C,0,-3.2470336,0.10564490407705307,0.9950494766235352,0.851651668548584
YGR144W,YGL071W,0,-3.2484384,0.10563380271196365,0.9950494766235352,0.8517517447471619
YBR278W,YEL030W,0,-3.2503557,0.10562270134687424,0.9950494766235352,0.8518518805503845
YLR314C,YNR004W,0,-3.2522511,0.10561159998178482,0.9950494766235352,0.8519519567489624
YEL053C,YLR073C,0,-3.2570977,0.105600506067276,0.9950494766235352,0.8520520329475403
YML006C,YLR268W,0,-3.2581897,0.10558941215276718,0.9950494766235352,0.8521521687507629
YOR301W,YKL144C,0,-3.2591908,0.10557831823825836,0.9950494766235352,0.8522522449493408
YLL003W,YLR024C,0,-3.2594924,0.10556722432374954,0.9950494766235352,0.8523523807525635
YER013W,YMR115W,0,-3.2601583,0.10555613785982132,0.9950494766235352,0.8524524569511414
YKL130C,YER137C,0,-3.2606478,0.1055450513958931,0.9950494766235352,0.8525525331497192
YMR005W,YLR244C,0,-3.261966,0.10553397238254547,0.9950494766235352,0.8526526689529419
YCR026C,YLR088W,0,-3.262851,0.10552288591861725,0.9950494766235352,0.8527527451515198
YMR032W,YMR272C,0,-3.2630668,0.10551181435585022,0.9950494766235352,0.8528528809547424
YDR369C,YOL054W,0,-3.2633605,0.1055007353425026,0.9950494766235352,0.8529529571533203
YDL074C,YKL144C,0,-3.2634735,0.10548966377973557,0.9950494766235352,0.8530530333518982
YLR197W,YOR313C,0,-3.2650998,0.10547859221696854,0.9950494766235352,0.8531531691551208
YOR126C,YML099C,0,-3.267263,0.10546752065420151,0.9950494766235352,0.8532532453536987
YKL171W,YFR033C,0,-3.2687056,0.10545645654201508,0.9950494766235352,0.8533533811569214
YOL057W,YKL172W,0,-3.2696686,0.10544539242982864,0.9950494766235352,0.8534534573554993
YOL158C,YPL093W,0,-3.2696955,0.10543432831764221,0.9950494766235352,0.8535535335540771
YJR107W,YOL066C,0,-3.269958,0.10542326420545578,0.9950494766235352,0.8536536693572998
YBL085W,YNR044W,0,-3.2714407,0.10541220754384995,0.9950494766235352,0.8537537455558777
YOR378W,YMR304W,0,-3.2720838,0.10540115088224411,0.9950494766235352,0.8538538813591003
YDR498C,YJL029C,0,-3.2781854,0.10539010167121887,0.9950494766235352,0.8539539575576782
YJL178C,YIL006W,0,-3.2806587,0.10537905246019363,0.9950494766235352,0.8540540337562561
YAL038W,YOR377W,0,-3.2816765,0.1053680032491684,0.9950494766235352,0.8541541695594788
YOL141W,YNL026W,0,-3.282278,0.10535695403814316,0.9950494766235352,0.8542542457580566
YLR033W,YDR472W,0,-3.2858055,0.10534591227769852,0.9950494766235352,0.8543543815612793
YOR279C,YOR219C,0,-3.2866743,0.10533487051725388,0.9950494766235352,0.8544544577598572
YNL307C,YNL121C,0,-3.2874174,0.10532382875680923,0.9950494766235352,0.8545545339584351
YEL036C,YNL309W,0,-3.2882774,0.10531279444694519,0.9950494766235352,0.8546546697616577
YGL233W,YLR130C,0,-3.2914844,0.10530176013708115,0.9950494766235352,0.8547547459602356
YOR310C,YDR389W,0,-3.2929502,0.1052907258272171,0.9950494766235352,0.8548548817634583
YEL053C,YOL111C,0,-3.2964127,0.10527969896793365,0.9950494766235352,0.8549549579620361
YOR261C,YMR270C,0,-3.2989094,0.10526867210865021,0.9950494766235352,0.855055034160614
YLR314C,YFR001W,0,-3.3006542,0.10525764524936676,0.9950494766235352,0.8551551699638367
YML032C,YER104W,0,-3.303354,0.10524662584066391,0.9950494766235352,0.8552552461624146
YGL158W,YOL151W,0,-3.3044567,0.10523559898138046,0.9950494766235352,0.8553553819656372
YER190W,YDR496C,0,-3.3071084,0.10522458702325821,0.9950494766235352,0.8554554581642151
YLL019C,YJL176C,0,-3.3081765,0.10521356761455536,0.9950494766235352,0.855555534362793
YJL005W,YAR031W,0,-3.3100924,0.1052025556564331,0.9950494766235352,0.8556556701660156
YPR113W,YFL038C,0,-3.3111567,0.10519154369831085,0.9950494766235352,0.8557557463645935
YPR167C,YLR163C,0,-3.3136048,0.1051805317401886,0.9950494766235352,0.8558558821678162
YBR275C,YKL144C,0,-3.316742,0.10516952723264694,0.9950494766235352,0.855955958366394
YOR145C,YNL092W,0,-3.3195102,0.10515852272510529,0.9950494766235352,0.8560560345649719
YOR349W,YKR006C,0,-3.3205419,0.10514751821756363,0.9950494766235352,0.8561561703681946
YDR369C,YLR164W,0,-3.3238077,0.10513652116060257,0.9950494766235352,0.8562562465667725
YBR096W,YDR353W,0,-3.3242917,0.10512552410364151,0.9950494766235352,0.8563563823699951
YER103W,YLR383W,0,-3.3282814,0.10511452704668045,0.9950494766235352,0.856456458568573
YBR080C,YMR229C,0,-3.3287733,0.10510353744029999,0.9950494766235352,0.8565565347671509
YOL145C,YOR338W,0,-3.3296134,0.10509254783391953,0.9950494766235352,0.8566566705703735
YJR004C,YBR006W,0,-3.3351014,0.10508155822753906,0.9950494766235352,0.8567567467689514
YOR292C,YNL223W,0,-3.3356361,0.1050705686211586,0.9950494766235352,0.8568568825721741
YKL174C,YPR163C,0,-3.3361533,0.10505958646535873,0.9950494766235352,0.856956958770752
YBR195C,YDR079W,0,-3.3368468,0.10504860430955887,0.9950494766235352,0.8570570349693298
YDR449C,YMR075W,0,-3.3465915,0.105037622153759,0.9950494766235352,0.8571571707725525
YKL210W,YGL174W,0,-3.350996,0.10502664744853973,0.9950494766235352,0.8572572469711304
YJR083C,YPL093W,0,-3.3514678,0.10501567274332047,0.9950494766235352,0.857357382774353
YIL108W,YKL085W,0,-3.3552723,0.1050046980381012,0.9950494766235352,0.8574574589729309
YHR069C,YMR319C,0,-3.3567553,0.10499373078346252,0.9950494766235352,0.8575575351715088
YIR018W,YLR386W,0,-3.356765,0.10498276352882385,0.9950494766235352,0.8576576709747314
YKR056W,YGR276C,0,-3.3574898,0.10497179627418518,0.9950494766235352,0.8577577471733093
YBR223C,YML080W,0,-3.3636432,0.1049608364701271,0.9950494766235352,0.857857882976532
YOR304C-A,YGL010W,0,-3.3681636,0.10494987666606903,0.9950494766235352,0.8579579591751099
YOR243C,YER175C,0,-3.3687813,0.10493891686201096,0.9950494766235352,0.8580580353736877
YHR069C,YIL042C,0,-3.3750768,0.10492795705795288,0.9950494766235352,0.8581581711769104
YKL020C,YCL052C,0,-3.3752246,0.1049170047044754,0.9950494766235352,0.8582582473754883
YPL240C,YBR222C,0,-3.3760068,0.10490605235099792,0.9950494766235352,0.8583583831787109
YML049C,YJL130C,0,-3.3799086,0.10489510744810104,0.9950494766235352,0.8584584593772888
YLR312W-A,YLR429W,0,-3.3809733,0.10488415509462357,0.9950494766235352,0.8585585355758667
YER098W,YLR219W,0,-3.3812551,0.10487321019172668,0.9950494766235352,0.8586586713790894
YLR401C,YMR093W,0,-3.3827353,0.1048622727394104,0.9950494766235352,0.8587587475776672
YMR238W,YMR136W,0,-3.386328,0.10485132783651352,0.9950494766235352,0.8588588833808899
YML112W,YNL298W,0,-3.38799,0.10484039038419724,0.9950494766235352,0.8589589595794678
YGL200C,YDR109C,0,-3.3930035,0.10482945293188095,0.9950494766235352,0.8590590357780457
YOL142W,YER125W,0,-3.3934426,0.10481852293014526,0.9950494766235352,0.8591591715812683
YJR101W,YIR005W,0,-3.3967886,0.10480759292840958,0.9950494766235352,0.8592592477798462
YGR081C,YJL134W,0,-3.3973923,0.10479666292667389,0.9950494766235352,0.8593593835830688
YEL036C,YJR130C,0,-3.400307,0.1047857329249382,0.9950494766235352,0.8594594597816467
YJR127C,YMR218C,0,-3.4009507,0.10477481037378311,0.9950494766235352,0.8595595359802246
YKR055W,YOR038C,0,-3.4022546,0.10476388782262802,0.9950494766235352,0.8596596717834473
YDR423C,YLR270W,0,-3.4028258,0.10475297272205353,0.9950494766235352,0.8597597479820251
YDL215C,YAL031C,0,-3.4033153,0.10474205017089844,0.9950494766235352,0.8598598837852478
YGR199W,YJR063W,0,-3.4053411,0.10473113507032394,0.9950494766235352,0.8599599599838257
YMR008C,YLR024C,0,-3.4061558,0.10472022742033005,0.9950494766235352,0.8600600361824036
YDR351W,YHR209W,0,-3.4084656,0.10470931231975555,0.9950494766235352,0.8601601719856262
YNL236W,YHR005C-A,0,-3.4101267,0.10469840466976166,0.9950494766235352,0.8602602481842041
YFL066C,YDR229W,0,-3.4153352,0.10468749701976776,0.9950494766235352,0.8603603839874268
YDR233C,YBL113C,0,-3.416566,0.10467659682035446,0.9950494766235352,0.8604604601860046
YDR451C,YNL078W,0,-3.4218595,0.10466569662094116,0.9950494766235352,0.8605605363845825
YJL134W,YGR034W,0,-3.426403,0.10465479642152786,0.9950494766235352,0.8606606721878052
YGL200C,YCL014W,0,-3.428421,0.10464389622211456,0.9950494766235352,0.8607607483863831
YNL281W,YCR055C,0,-3.4297018,0.10463300347328186,0.9950494766235352,0.8608608841896057
YOR382W,YCL034W,0,-3.433826,0.10462211072444916,0.9950494766235352,0.8609609603881836
YDL059C,YDR140W,0,-3.435402,0.10461121797561646,0.9950494766235352,0.8610610365867615
YOL086C,YKL210W,0,-3.4414043,0.10460033267736435,0.9950494766235352,0.8611611723899841
YBR196C,YER138C,0,-3.4438267,0.10458944737911224,0.9950494766235352,0.861261248588562
YEL052W,YNR017W,0,-3.4464736,0.10457856208086014,0.9950494766235352,0.8613613843917847
YLR295C,YOR123C,0,-3.447013,0.10456768423318863,0.9950494766235352,0.8614614605903625
YMR203W,YDR332W,0,-3.447202,0.10455680638551712,0.9950494766235352,0.8615615367889404
YMR117C,YPL093W,0,-3.4486868,0.10454592853784561,0.9950494766235352,0.8616616725921631
YPL113C,YMR240C,0,-3.450285,0.1045350506901741,0.9950494766235352,0.861761748790741
YNR017W,YPL129W,0,-3.4506297,0.10452418029308319,0.9950494766235352,0.8618618845939636
YCR057C,YLR301W,0,-3.4507444,0.10451330989599228,0.9950494766235352,0.8619619607925415
YNL102W,YOR304W,0,-3.4521365,0.10450244694948196,0.9950494766235352,0.8620620369911194
YIR025W,YGR034W,0,-3.4536257,0.10449157655239105,0.9950494766235352,0.862162172794342
YGL170C,YDR281C,0,-3.454562,0.10448071360588074,0.9950494766235352,0.8622622489929199
YCL043C,YIL080W,0,-3.4546394,0.10446985810995102,0.9950494766235352,0.8623623847961426
YDR240C,YDR138W,0,-3.4581957,0.1044589951634407,0.9950494766235352,0.8624624609947205
YJR082C,YOR297C,0,-3.4648867,0.10444813966751099,0.9950494766235352,0.8625625371932983
YLL008W,YDR472W,0,-3.4650602,0.10443728417158127,0.9950494766235352,0.862662672996521
YGR012W,YOL104C,0,-3.4689207,0.10442643612623215,0.9950494766235352,0.8627627491950989
YLL051C,YIL139C,0,-3.4693003,0.10441558808088303,0.9950494766235352,0.8628628849983215
YHR012W,YOR311C,0,-3.4710078,0.1044047400355339,0.9950494766235352,0.8629629611968994
YLR383W,YKL144C,0,-3.4717047,0.10439389199018478,0.9950494766235352,0.8630630373954773
YLR219W,YPR083W,0,-3.4740727,0.10438305139541626,0.9950494766235352,0.8631631731987
YOR206W,YPL252C,0,-3.4762511,0.10437221080064774,0.9950494766235352,0.8632632493972778
YHR012W,YBL005W-B,0,-3.4766445,0.10436137020587921,0.9950494766235352,0.8633633852005005
YMR136W,YJL149W,0,-3.4841626,0.10435053706169128,0.9950494766235352,0.8634634613990784
YGL259W,YDR226W,0,-3.4902987,0.10433970391750336,0.9950494766235352,0.8635635375976562
YJL214W,YDR062W,0,-3.4907908,0.10432887077331543,0.9950494766235352,0.8636636734008789
YNL297C,YOL026C,0,-3.4924421,0.1043180376291275,0.9950494766235352,0.8637637495994568
YJL081C,YJR130C,0,-3.4940383,0.10430721193552017,0.9950494766235352,0.8638638854026794
YHR005C-A,YPR030W,0,-3.4970684,0.10429638624191284,0.9950494766235352,0.8639639616012573
YDR233C,YHR168W,0,-3.502562,0.10428556799888611,0.9950494766235352,0.8640640377998352
YJR028W,YNL110C,0,-3.5033743,0.10427474230527878,0.9950494766235352,0.8641641736030579
YDR137W,YJL144W,0,-3.5043592,0.10426393151283264,0.9950494766235352,0.8642642498016357
YMR194W,YOR239W,0,-3.5043862,0.10425311326980591,0.9950494766235352,0.8643643856048584
YCR087C-A,YGL174W,0,-3.5051832,0.10424229502677917,0.9950494766235352,0.8644644618034363
YEL070W,YLR224W,0,-3.5053291,0.10423148423433304,0.9950494766235352,0.8645645380020142
YDR451C,YDR472W,0,-3.5059996,0.1042206808924675,0.9950494766235352,0.8646646738052368
YPL096W,YPL208W,0,-3.5096333,0.10420987010002136,0.9950494766235352,0.8647647500038147
YNL127W,YJL213W,0,-3.5099444,0.10419906675815582,0.9950494766235352,0.8648648858070374
YPL139C,YDL074C,0,-3.515521,0.10418826341629028,0.9950494766235352,0.8649649620056152
YLR316C,YDR496C,0,-3.5214422,0.10417746752500534,0.9950494766235352,0.8650650382041931
YCL036W,YDR404C,0,-3.5242522,0.1041666641831398,0.9950494766235352,0.8651651740074158
YGR288W,YOR283W,0,-3.524549,0.10415586829185486,0.9950494766235352,0.8652652502059937
YOL111C,YMR250W,0,-3.527389,0.10414507985115051,0.9950494766235352,0.8653653860092163
YMR308C,YOR008C,0,-3.5318465,0.10413428395986557,0.9950494766235352,0.8654654622077942
YDR499W,YCL004W,0,-3.53818,0.10412349551916122,0.9950494766235352,0.8655655384063721
YDR499W,YNR028W,0,-3.5437903,0.10411271452903748,0.9950494766235352,0.8656656742095947
YGL071W,YPL065W,0,-3.5441895,0.10410192608833313,0.9950494766235352,0.8657657504081726
YPR200C,YNR002C,0,-3.5447369,0.10409114509820938,0.9950494766235352,0.8658658862113953
YJR119C,YJL176C,0,-3.5507221,0.10408036410808563,0.9950494766235352,0.8659659624099731
YAL040C,YBL079W,0,-3.5526373,0.10406958311796188,0.9950494766235352,0.866066038608551
YKL093W,YIR018W,0,-3.5564294,0.10405880957841873,0.9950494766235352,0.8661661744117737
YLR291C,YLR073C,0,-3.5590937,0.10404803603887558,0.9950494766235352,0.8662662506103516
YKL041W,YGR072W,0,-3.560676,0.10403726994991302,0.9950494766235352,0.8663663864135742
YOR176W,YBR129C,0,-3.562869,0.10402649641036987,0.9950494766235352,0.8664664626121521
YBR020W,YNL117W,0,-3.5668151,0.10401573032140732,0.9950494766235352,0.86656653881073
YFL033C,YMR301C,0,-3.5670123,0.10400496423244476,0.9950494766235352,0.8666666746139526
YOL155C,YNR018W,0,-3.5701258,0.1039942055940628,0.9950494766235352,0.8667667508125305
YLL051C,YEL053C,0,-3.571805,0.10398344695568085,0.9950494766235352,0.8668668866157532
YNL309W,YDR364C,0,-3.5735164,0.10397268831729889,0.9950494766235352,0.866966962814331
YIR018W,YMR115W,0,-3.5738413,0.10396192967891693,0.9950494766235352,0.8670670390129089
YDR499W,YKL001C,0,-3.5855255,0.10395117849111557,0.9950494766235352,0.8671671748161316
YMR077C,YMR114C,0,-3.588232,0.10394042730331421,0.9950494766235352,0.8672672510147095
YNL006W,YNL258C,0,-3.588253,0.10392967611551285,0.9950494766235352,0.8673673868179321
YIL061C,YBR257W,0,-3.5890582,0.10391893237829208,0.9950494766235352,0.86746746301651
YJL066C,YMR218C,0,-3.5928388,0.10390818864107132,0.9950494766235352,0.8675675392150879
YOL145C,YLL033W,0,-3.5945387,0.10389744490385056,0.9950494766235352,0.8676676750183105
YBR066C,YKL095W,0,-3.5960646,0.10388670861721039,0.9950494766235352,0.8677677512168884
YML073C,YML039W,0,-3.598342,0.10387597233057022,0.9950494766235352,0.8678678870201111
YLR452C,YPL112C,0,-3.599485,0.10386523604393005,0.9950494766235352,0.867967963218689
YDR064W,YDL039C,0,-3.6019506,0.10385449975728989,0.9950494766235352,0.8680680394172668
YPL087W,YMR213W,0,-3.6035752,0.10384377092123032,0.9950494766235352,0.8681681752204895
YMR146C,YMR078C,0,-3.6038046,0.10383304208517075,0.9950494766235352,0.8682682514190674
YGR084C,YCR012W,0,-3.6080575,0.10382231324911118,0.9950494766235352,0.86836838722229
YAL038W,YOR219C,0,-3.6090188,0.1038115918636322,0.9950494766235352,0.8684684634208679
YLR305C,YNL147W,0,-3.6091793,0.10380087047815323,0.9950494766235352,0.8685685396194458
YKL201C,YIL159W,0,-3.613347,0.10379014909267426,0.9950494766235352,0.8686686754226685
YDL084W,YOR261C,0,-3.6159348,0.10377942770719528,0.9950494766235352,0.8687687516212463
YMR090W,YMR213W,0,-3.6227455,0.1037687137722969,0.9950494766235352,0.868868887424469
YOR323C,YMR143W,0,-3.6234126,0.10375799983739853,0.9950494766235352,0.8689689636230469
YOL158C,YJL081C,0,-3.6319408,0.10374729335308075,0.9950494766235352,0.8690690398216248
YPL122C,YGR089W,0,-3.6381912,0.10373657941818237,0.9950494766235352,0.8691691756248474
YOL093W,YHR174W,0,-3.6395988,0.1037258729338646,0.9950494766235352,0.8692692518234253
YGL209W,YEL012W,0,-3.6408215,0.10371517390012741,0.9950494766235352,0.869369387626648
YGL200C,YFR036W,0,-3.6461208,0.10370446741580963,0.9950494766235352,0.8694694638252258
YMR194W,YJL071W,0,-3.64702,0.10369376838207245,0.9950494766235352,0.8695695400238037
YGR258C,YOL062C,0,-3.647091,0.10368306934833527,0.9950494766235352,0.8696696758270264
YML099C,YHR119W,0,-3.6504087,0.10367237776517868,0.9950494766235352,0.8697697520256042
YOR074C,YAL029C,0,-3.6518936,0.1036616787314415,0.9950494766235352,0.8698698878288269
YBR006W,YIL080W,0,-3.652144,0.10365098714828491,0.9950494766235352,0.8699699640274048
YGL169W,YER145C,0,-3.6551456,0.10364030301570892,0.9950494766235352,0.8700700998306274
YOL102C,YLR209C,0,-3.6588821,0.10362961143255234,0.9950494766235352,0.8701701760292053
YOR323C,YLR389C,0,-3.6634011,0.10361892729997635,0.9950494766235352,0.8702702522277832
YCR011C,YBL085W,0,-3.6696675,0.10360825061798096,0.9950494766235352,0.8703703880310059
YDR378C,YOR279C,0,-3.6723924,0.10359756648540497,0.9950494766235352,0.8704704642295837
YNL044W,YBR080C,0,-3.6817188,0.10358688980340958,0.9950494766235352,0.8705706000328064
YDL036C,YNL236W,0,-3.6848307,0.10357621312141418,0.9950494766235352,0.8706706762313843
YKL119C,YML028W,0,-3.6925583,0.10356553643941879,0.9950494766235352,0.8707707524299622
YLR163C,YDR195W,0,-3.692628,0.103554867208004,0.9950494766235352,0.8708708882331848
YLR020C,YMR238W,0,-3.6930964,0.1035441979765892,0.9950494766235352,0.8709709644317627
YNL027W,YPL087W,0,-3.693579,0.103533536195755,0.9950494766235352,0.8710711002349854
YHR164C,YOR138C,0,-3.6943717,0.10352286696434021,0.9950494766235352,0.8711711764335632
YPR162C,YDR138W,0,-3.6965775,0.10351220518350601,0.9950494766235352,0.8712712526321411
YGL062W,YMR137C,0,-3.6972723,0.10350154340267181,0.9950494766235352,0.8713713884353638
YGL237C,YDL206W,0,-3.6978626,0.10349088907241821,0.9950494766235352,0.8714714646339417
YLR105C,YFL048C,0,-3.6985793,0.10348022729158401,0.9950494766235352,0.8715716004371643
YMR117C,YLR009W,0,-3.6987944,0.10346958041191101,0.9950494766235352,0.8716716766357422
YPR200C,YJL071W,0,-3.7004628,0.10345892608165741,0.9950494766235352,0.8717717528343201
YML051W,YKL013C,0,-3.7039018,0.1034482792019844,0.9950494766235352,0.8718718886375427
YPL147W,YOR311C,0,-3.7039871,0.1034376323223114,0.9950494766235352,0.8719719648361206
YPL127C,YNL026W,0,-3.7062755,0.1034269854426384,0.9950494766235352,0.8720721006393433
YMR168C,YPL011C,0,-3.7065532,0.1034163385629654,0.9950494766235352,0.8721721768379211
YLR009W,YDL128W,0,-3.7127018,0.10340569913387299,0.9950494766235352,0.872272253036499
YNL172W,YHR069C,0,-3.7175193,0.10339505970478058,0.9950494766235352,0.8723723888397217
YMR218C,YKL096W-A,0,-3.7211895,0.10338442772626877,0.9950494766235352,0.8724724650382996
YKL126W,YER130C,0,-3.721621,0.10337378829717636,0.9950494766235352,0.8725726008415222
YOR279C,YPR198W,0,-3.7218924,0.10336315631866455,0.9950494766235352,0.8726726770401001
YIL061C,YBR155W,0,-3.7225928,0.10335253179073334,0.9950494766235352,0.872772753238678
YMR046C,YDR404C,0,-3.7242398,0.10334189981222153,0.9950494766235352,0.8728728890419006
YJR032W,YIL133C,0,-3.7293048,0.10333127528429031,0.9950494766235352,0.8729729652404785
YKL189W,YLL012W,0,-3.7300386,0.1033206507563591,0.9950494766235352,0.8730731010437012
YGR258C,YLR301W,0,-3.7314973,0.10331003367900848,0.9950494766235352,0.873173177242279
YOR194C,YGL259W,0,-3.7429438,0.10329941660165787,0.9950494766235352,0.8732732534408569
YKL007W,YCL032W,0,-3.744021,0.10328879952430725,0.9950494766235352,0.8733733892440796
YGR281W,YJL206C,0,-3.7482388,0.10327818244695663,0.9950494766235352,0.8734734654426575
YNL070W,YBL079W,0,-3.754848,0.10326757282018661,0.9950494766235352,0.8735736012458801
YOL136C,YBL085W,0,-3.7608445,0.1032569631934166,0.9950494766235352,0.873673677444458
YNL079C,YPL002C,0,-3.7624354,0.10324635356664658,0.9950494766235352,0.8737737536430359
YDL202W,YML080W,0,-3.7634475,0.10323574393987656,0.9950494766235352,0.8738738894462585
YDL133C-A,YHR041C,0,-3.7636611,0.10322514176368713,0.9950494766235352,0.8739739656448364
YMR032W,YCL052C,0,-3.7651727,0.10321453958749771,0.9950494766235352,0.8740741014480591
YLR321C,YLR073C,0,-3.767672,0.10320394486188889,0.9950494766235352,0.874174177646637
YOR287C,YMR295C,0,-3.7682254,0.10319334268569946,0.9950494766235352,0.8742742538452148
YGL225W,YBR243C,0,-3.7717445,0.10318274796009064,0.9950494766235352,0.8743743896484375
YKL078W,YLR129W,0,-3.7729104,0.10317216068506241,0.9950494766235352,0.8744744658470154
YJR107W,YPR198W,0,-3.7738712,0.10316156595945358,0.9950494766235352,0.874574601650238
YHR058C,YMR115W,0,-3.7748017,0.10315097868442535,0.9950494766235352,0.8746746778488159
YJL114W,YJR082C,0,-3.77597,0.10314039140939713,0.9950494766235352,0.8747747540473938
YCR060W,YHR164C,0,-3.7774863,0.1031298115849495,0.9950494766235352,0.8748748898506165
YPL139C,YEL062W,0,-3.778064,0.10311923176050186,0.9950494766235352,0.8749749660491943
YNR003C,YBL052C,0,-3.7820525,0.10310865193605423,0.9950494766235352,0.875075101852417
YKL144C,YLR278C,0,-3.7828918,0.1030980721116066,0.9950494766235352,0.8751751780509949
YML051W,YDR389W,0,-3.784577,0.10308749973773956,0.9950494766235352,0.8752752542495728
YBR031W,YMR296C,0,-3.7879894,0.10307691991329193,0.9950494766235352,0.8753753900527954
YBL028C,YGL163C,0,-3.7883034,0.1030663549900055,0.9950494766235352,0.8754754662513733
YGR012W,YGL113W,0,-3.7888734,0.10305578261613846,0.9950494766235352,0.875575602054596
YBL041W,YJL053W,0,-3.7923365,0.10304521769285202,0.9950494766235352,0.8756756782531738
YOR274W,YMR227C,0,-3.7946458,0.10303465276956558,0.9950494766235352,0.8757757544517517
YNL304W,YIR005W,0,-3.7977405,0.10302408784627914,0.9950494766235352,0.8758758902549744
YMR301C,YBR257W,0,-3.8041139,0.1030135303735733,0.9950494766235352,0.8759759664535522
YGR246C,YLL043W,0,-3.8069127,0.10300297290086746,0.9950494766235352,0.8760761022567749
YKL103C,YGR199W,0,-3.8072715,0.10299241542816162,0.9950494766235352,0.8761761784553528
YGL071W,YER002W,0,-3.812071,0.10298186540603638,0.9950494766235352,0.8762762546539307
YMR046C,YMR301C,0,-3.8145552,0.10297130793333054,0.9950494766235352,0.8763763904571533
YGR251W,YDL015C,0,-3.8149283,0.10296076536178589,0.9950494766235352,0.8764764666557312
YOL082W,YNL175C,0,-3.8178172,0.10295021533966064,0.9950494766235352,0.8765766024589539
YGR095C,YJL053W,0,-3.8216748,0.102939672768116,0.9950494766235352,0.8766766786575317
YER103W,YDL206W,0,-3.8225877,0.10292913019657135,0.9950494766235352,0.8767767548561096
YKL206C,YJL095W,0,-3.823328,0.1029185876250267,0.9950494766235352,0.8768768906593323
YDR174W,YGR095C,0,-3.8237586,0.10290804505348206,0.9950494766235352,0.8769769668579102
YGR180C,YNL032W,0,-3.831372,0.102897509932518,0.9950494766235352,0.8770771026611328
YIL143C,YPL129W,0,-3.8329546,0.10288697481155396,0.9950494766235352,0.8771771788597107
YKL009W,YKL022C,0,-3.835878,0.1028764471411705,0.9950494766235352,0.8772772550582886
YPR191W,YJL214W,0,-3.8363004,0.10286591947078705,0.9950494766235352,0.8773773908615112
YLR107W,YKL095W,0,-3.8382215,0.1028553918004036,0.9950494766235352,0.8774774670600891
YJR138W,YBR261C,0,-3.8417425,0.10284486413002014,0.9950494766235352,0.8775776028633118
YLR353W,YDL097C,0,-3.8455052,0.10283433645963669,0.9950494766235352,0.8776776790618896
YJR010W,YLR391W,0,-3.8475077,0.10282381623983383,0.9950494766235352,0.8777777552604675
YJR151C,YKL171W,0,-3.8483086,0.10281329602003098,0.9950494766235352,0.8778778910636902
YER017C,YLR073C,0,-3.8559015,0.10280278325080872,0.9950494766235352,0.8779779672622681
YBR080C,YMR300C,0,-3.8559268,0.10279227048158646,0.9950494766235352,0.8780781030654907
YPL011C,YGL051W,0,-3.8569236,0.1027817577123642,0.9950494766235352,0.8781781792640686
YDL217C,YLL004W,0,-3.8580701,0.10277124494314194,0.9950494766235352,0.8782782554626465
YER150W,YJL144W,0,-3.8610806,0.10276073962450027,0.9950494766235352,0.8783783912658691
YDR473C,YCL004W,0,-3.86489,0.10275022685527802,0.9950494766235352,0.878478467464447
YJR070C,YCL034W,0,-3.8654346,0.10273972898721695,0.9950494766235352,0.8785786032676697
YBR195C,YOR304W,0,-3.871581,0.10272922366857529,0.9950494766235352,0.8786786794662476
YMR049C,YGL170C,0,-3.876585,0.10271872580051422,0.9950494766235352,0.8787787556648254
YCL074W,YJR127C,0,-3.8766685,0.10270822793245316,0.9950494766235352,0.8788788914680481
YMR117C,YNL178W,0,-3.879959,0.10269773006439209,0.9950494766235352,0.878978967666626
YOR159C,YDR389W,0,-3.8800282,0.10268723964691162,0.9950494766235352,0.8790791034698486
YGL180W,YOR275C,0,-3.8839707,0.10267674922943115,0.9950494766235352,0.8791791796684265
YGR252W,YER101C,0,-3.8926756,0.10266625881195068,0.9950494766235352,0.8792792558670044
YMR020W,YLR353W,0,-3.8937638,0.10265576839447021,0.9950494766235352,0.879379391670227
YKL161C,YOR317W,0,-3.8946257,0.10264528542757034,0.9950494766235352,0.8794794678688049
YKR071C,YCR087C-A,0,-3.896318,0.10263480246067047,0.9950494766235352,0.8795796036720276
YER013W,YER171W,0,-3.8972535,0.1026243269443512,0.9950494766235352,0.8796796798706055
YLL012W,YAL029C,0,-3.9014142,0.10261384397745132,0.9950494766235352,0.8797797560691833
YBL028C,YMR179W,0,-3.902482,0.10260336846113205,0.9950494766235352,0.879879891872406
YJL213W,YCL032W,0,-3.9031873,0.10259289294481277,0.9950494766235352,0.8799799680709839
YOR126C,YNL259C,0,-3.903284,0.1025824248790741,0.9950494766235352,0.8800801038742065
YBR006W,YML056C,0,-3.9035292,0.10257195681333542,0.9950494766235352,0.8801801800727844
YMR112C,YKL201C,0,-3.908072,0.10256148874759674,0.9950494766235352,0.8802802562713623
YDR411C,YNL107W,0,-3.909563,0.10255102068185806,0.9950494766235352,0.880380392074585
YFR021W,YJL176C,0,-3.9140935,0.10254056006669998,0.9950494766235352,0.8804804682731628
YLR197W,YNL182C,0,-3.9171062,0.1025300994515419,0.9950494766235352,0.8805806040763855
YDR306C,YJR133W,0,-3.920213,0.10251963883638382,0.9950494766235352,0.8806806802749634
YMR005W,YFR019W,0,-3.9205751,0.10250917822122574,0.9950494766235352,0.8807807564735413
YOL165C,YER087W,0,-3.923635,0.10249872505664825,0.9950494766235352,0.8808808922767639
YLR191W,YMR250W,0,-3.9242709,0.10248827189207077,0.9950494766235352,0.8809809684753418
YGR221C,YLR314C,0,-3.9256356,0.10247781872749329,0.9950494766235352,0.8810811042785645
YDL206W,YER190W,0,-3.926748,0.1024673730134964,0.9950494766235352,0.8811811804771423
YHR174W,YHR119W,0,-3.927278,0.10245692729949951,0.9950494766235352,0.8812812566757202
YDR144C,YBR074W,0,-3.9301488,0.10244648158550262,0.9950494766235352,0.8813813924789429
YHR041C,YKL038W,0,-3.9309473,0.10243604332208633,0.9950494766235352,0.8814814686775208
YKL022C,YNL121C,0,-3.9395099,0.10242559760808945,0.9950494766235352,0.8815816044807434
YDR492W,YJL141C,0,-3.942974,0.10241516679525375,0.9950494766235352,0.8816816806793213
YPL147W,YER046W,0,-3.9432654,0.10240472853183746,0.9950494766235352,0.8817817568778992
YJL053W,YLL027W,0,-3.9435425,0.10239429771900177,0.9950494766235352,0.8818818926811218
YJR028W,YOR311C,0,-3.9465847,0.10238385945558548,0.9950494766235352,0.8819819688796997
YOR292C,YNL092W,0,-3.9470696,0.10237343609333038,0.9950494766235352,0.8820821046829224
YLR429W,YCL003W,0,-3.951735,0.10236300528049469,0.9950494766235352,0.8821821808815002
YBR081C,YER115C,0,-3.952558,0.1023525819182396,0.9950494766235352,0.8822822570800781
YMR179W,YLR224W,0,-3.9530892,0.1023421585559845,0.9950494766235352,0.8823823928833008
YBR182C,YLL008W,0,-3.9577405,0.1023317351937294,0.9950494766235352,0.8824824690818787
YIL128W,YDR172W,0,-3.9629526,0.1023213192820549,0.9950494766235352,0.8825826048851013
YNR028W,YGL163C,0,-3.9643965,0.1023109033703804,0.9950494766235352,0.8826826810836792
YML049C,YKL175W,0,-3.9680462,0.1023004874587059,0.9950494766235352,0.8827827572822571
YOL129W,YBR129C,0,-3.9683318,0.102290078997612,0.9950494766235352,0.8828828930854797
YIL046W,YLR209C,0,-3.9686437,0.1022796630859375,0.9950494766235352,0.8829829692840576
YGR288W,YJL171C,0,-3.9722977,0.1022692546248436,0.9950494766235352,0.8830831050872803
YMR032W,YOR353C,0,-3.9728317,0.10225885361433029,0.9950494766235352,0.8831831812858582
YLL051C,YNL032W,0,-3.9730368,0.10224844515323639,0.9950494766235352,0.883283257484436
YNL085W,YKL074C,0,-3.9736707,0.10223804414272308,0.9950494766235352,0.8833833932876587
YML132W,YFL021W,0,-3.98038,0.10222765058279037,0.9950494766235352,0.8834834694862366
YMR097C,YIL159W,0,-3.9804568,0.10221724957227707,0.9950494766235352,0.8835836052894592
YGL083W,YIL079C,0,-3.9826674,0.10220685601234436,0.9950494766235352,0.8836836814880371
YKL165C,YML056C,0,-3.982748,0.10219646245241165,0.9950494766235352,0.883783757686615
YLR213C,YOR180C,0,-3.988871,0.10218606889247894,0.9950494766235352,0.8838838934898376
YAR002C-A,YLR088W,0,-3.9927144,0.10217568278312683,0.9950494766235352,0.8839839696884155
YOR310C,YNL298W,0,-3.9956894,0.10216529667377472,0.9950494766235352,0.8840841054916382
YPR194C,YPR030W,0,-3.9977548,0.10215491056442261,0.9950494766235352,0.8841841816902161
YER175C,YPR200C,0,-3.9998713,0.1021445244550705,0.9950494766235352,0.884284257888794
YJL144W,YOL090W,0,-4.0030804,0.10213414579629898,0.9950494766235352,0.8843843936920166
YMR137C,YNL078W,0,-4.0080223,0.10212376713752747,0.9950494766235352,0.8844844698905945
YGR282C,YPR159W,0,-4.010458,0.10211338847875595,0.9950494766235352,0.8845846056938171
YJL066C,YGL259W,0,-4.0107336,0.10210301727056503,0.9950494766235352,0.884684681892395
YKR055W,YOR378W,0,-4.011749,0.10209264606237411,0.9950494766235352,0.8847847580909729
YBR278W,YBR172C,0,-4.0129504,0.1020822748541832,0.9950494766235352,0.8848848938941956
YJL114W,YMR228W,0,-4.020473,0.10207191109657288,0.9950494766235352,0.8849849700927734
YAL033W,YOR098C,0,-4.0257726,0.10206153988838196,0.9950494766235352,0.8850851058959961
YBR260C,YIR025W,0,-4.0327864,0.10205117613077164,0.9950494766235352,0.885185182094574
YJL166W,YBR141C,0,-4.037826,0.10204081982374191,0.9950494766235352,0.8852852582931519
YDR499W,YNL297C,0,-4.038491,0.10203045606613159,0.9950494766235352,0.8853853940963745
YLR028C,YPL196W,0,-4.039535,0.10202009975910187,0.9950494766235352,0.8854854702949524
YDR512C,YFR019W,0,-4.048056,0.10200974345207214,0.9950494766235352,0.885585606098175
YDR164C,YLR329W,0,-4.0501566,0.10199939459562302,0.9950494766235352,0.8856856822967529
YNL153C,YOR377W,0,-4.0512533,0.10198903828859329,0.9950494766235352,0.8857857584953308
YDL036C,YOR243C,0,-4.0526204,0.10197868943214417,0.9950494766235352,0.8858858942985535
YNL122C,YNR044W,0,-4.0653744,0.10196834057569504,0.9950494766235352,0.8859859704971313
YGL203C,YDR260C,0,-4.0665207,0.10195799916982651,0.9950494766235352,0.886086106300354
YPL139C,YOR393W,0,-4.067912,0.10194765776395798,0.9950494766235352,0.8861861824989319
YFR018C,YDR476C,0,-4.069227,0.10193731635808945,0.9950494766235352,0.8862862586975098
YBR002C,YML028W,0,-4.079316,0.10192697495222092,0.9950494766235352,0.8863863945007324
YMR210W,YKR028W,0,-4.083463,0.10191664099693298,0.9950494766235352,0.8864864706993103
YPR149W,YJL144W,0,-4.083671,0.10190630704164505,0.9950494766235352,0.886586606502533
YAR002C-A,YLL012W,0,-4.0861483,0.10189597308635712,0.9950494766235352,0.8866866827011108
YFR031C,YDR262W,0,-4.087701,0.10188564658164978,0.9950494766235352,0.8867867588996887
YLR251W,YNL259C,0,-4.095575,0.10187532007694244,0.9950494766235352,0.8868868947029114
YKL190W,YDR229W,0,-4.10118,0.10186499357223511,0.9950494766235352,0.8869869709014893
YBR006W,YPL188W,0,-4.1015596,0.10185466706752777,0.9950494766235352,0.8870871067047119
YGL186C,YOR180C,0,-4.103362,0.10184434801340103,0.9950494766235352,0.8871871829032898
YDL202W,YDR373W,0,-4.1054435,0.10183402895927429,0.9950494766235352,0.8872872591018677
YDR281C,YDR260C,0,-4.1076546,0.10182370990514755,0.9950494766235352,0.8873873949050903
YMR054W,YGR179C,0,-4.1083226,0.10181339085102081,0.9950494766235352,0.8874874711036682
YJR032W,YKL124W,0,-4.108582,0.10180307924747467,0.9950494766235352,0.8875876069068909
YDL111C,YNL070W,0,-4.1092515,0.10179276764392853,0.9950494766235352,0.8876876831054688
YBR002C,YGL037C,0,-4.1095963,0.10178245604038239,0.9950494766235352,0.8877877593040466
YCL014W,YLR316C,0,-4.1111684,0.10177215188741684,0.9950494766235352,0.8878878951072693
YCL074W,YMR013C,0,-4.113282,0.1017618477344513,0.9950494766235352,0.8879879713058472
YMR089C,YJL053W,0,-4.117319,0.10175154358148575,0.9950494766235352,0.8880881071090698
YKL041W,YIR011C,0,-4.1183047,0.1017412468791008,0.9950494766235352,0.8881881833076477
YHR047C,YLR325C,0,-4.119694,0.10173094272613525,0.9950494766235352,0.8882882595062256
YDL059C,YKR068C,0,-4.1234784,0.1017206460237503,0.9950494766235352,0.8883883953094482
YMR241W,YGL190C,0,-4.1252704,0.10171035677194595,0.9950494766235352,0.8884884715080261
YDR072C,YDR494W,0,-4.1272936,0.101700060069561,0.9950494766235352,0.8885886073112488
YCL014W,YOL062C,0,-4.127363,0.10168977081775665,0.9950494766235352,0.8886886835098267
YBR081C,YCR026C,0,-4.127496,0.1016794815659523,0.9950494766235352,0.8887887597084045
YJL114W,YJL030W,0,-4.1334653,0.10166919231414795,0.9950494766235352,0.8888888955116272
YDR059C,YBL026W,0,-4.135931,0.1016589105129242,0.9950494766235352,0.8889889717102051
YGR177C,YJR083C,0,-4.136663,0.10164862871170044,0.9950494766235352,0.8890891075134277
YLR353W,YOR025W,0,-4.137394,0.10163834691047668,0.9950494766235352,0.8891891837120056
YGR271W,YLR325C,0,-4.138839,0.10162807255983353,0.9950494766235352,0.8892892599105835
YLR009W,YML073C,0,-4.1404314,0.10161779820919037,0.9950494766235352,0.8893893957138062
YDR383C,YDR351W,0,-4.1420507,0.10160752385854721,0.9950494766235352,0.889489471912384
YJL141C,YBR287W,0,-4.158303,0.10159724950790405,0.9950494766235352,0.8895896077156067
YKL144C,YGR185C,0,-4.16895,0.10158698260784149,0.9950494766235352,0.8896896839141846
YBL113C,YFL045C,0,-4.173302,0.10157671570777893,0.9950494766235352,0.8897897601127625
YDR205W,YOL054W,0,-4.177275,0.10156644880771637,0.9950494766235352,0.8898898959159851
YNR044W,YNL298W,0,-4.1774,0.10155618190765381,0.9950494766235352,0.889989972114563
YNL027W,YGR222W,0,-4.182535,0.10154592245817184,0.9950494766235352,0.8900901079177856
YLR425W,YBL068W,0,-4.182978,0.10153566300868988,0.9950494766235352,0.8901901841163635
YKR071C,YBR155W,0,-4.1848464,0.10152540355920792,0.9950494766235352,0.8902903199195862
YMR013C,YLR219W,0,-4.189502,0.10151515156030655,0.9950494766235352,0.8903903961181641
YNL172W,YJL079C,0,-4.191004,0.10150489956140518,0.9950494766235352,0.8904904723167419
YGR034W,YOR338W,0,-4.1937537,0.10149464756250381,0.9950494766235352,0.8905906081199646
YMR203W,YPR006C,0,-4.194941,0.10148439556360245,0.9950494766235352,0.8906906843185425
YML051W,YDR195W,0,-4.1954,0.10147415101528168,0.9950494766235352,0.8907908201217651
YDR306C,YDR392W,0,-4.19583,0.10146390646696091,0.9950494766235352,0.890890896320343
YIL135C,YBR222C,0,-4.1961927,0.10145366191864014,0.9950494766235352,0.8909909725189209
YGL236C,YPL274W,0,-4.2048078,0.10144342482089996,0.9950494766235352,0.8910911083221436
YIL094C,YAL040C,0,-4.205053,0.10143318772315979,0.9950494766235352,0.8911911845207214
YDR030C,YNR031C,0,-4.207982,0.10142295062541962,0.9950494766235352,0.8912913203239441
YDR159W,YGL019W,0,-4.209589,0.10141271352767944,0.9950494766235352,0.891391396522522
YGR105W,YLR278C,0,-4.2118754,0.10140248388051987,0.9950494766235352,0.8914914727210999
YML071C,YPL099C,0,-4.2144356,0.10139225423336029,0.9950494766235352,0.8915916085243225
YKL020C,YNL147W,0,-4.215355,0.10138202458620071,0.9950494766235352,0.8916916847229004
YMR046C,YGR089W,0,-4.219739,0.10137179493904114,0.9950494766235352,0.891791820526123
YLR386W,YPL188W,0,-4.2198076,0.10136157274246216,0.9950494766235352,0.8918918967247009
YGR056W,YPL196W,0,-4.2241755,0.10135135054588318,0.9950494766235352,0.8919919729232788
YLR425W,YJL213W,0,-4.2269053,0.1013411283493042,0.9950494766235352,0.8920921087265015
YER150W,YDL040C,0,-4.2319345,0.10133091360330582,0.9950494766235352,0.8921921849250793
YJR055W,YCL024W,0,-4.235991,0.10132069885730743,0.9950494766235352,0.892292320728302
YPL064C,YDR527W,0,-4.2377276,0.10131048411130905,0.9950494766235352,0.8923923969268799
YJR051W,YDR373W,0,-4.240633,0.10130026936531067,0.9950494766235352,0.8924924731254578
YMR089C,YDR229W,0,-4.243003,0.10129006206989288,0.9950494766235352,0.8925926089286804
YBR020W,YOR292C,0,-4.2472596,0.1012798547744751,0.9950494766235352,0.8926926851272583
YBR129C,YLL043W,0,-4.2490296,0.10126964747905731,0.9950494766235352,0.892792820930481
YOR142W,YJL006C,0,-4.2491345,0.10125944763422012,0.9950494766235352,0.8928928971290588
YNL297C,YBR230C,0,-4.2498074,0.10124924778938293,0.9950494766235352,0.8929929733276367
YPR167C,YMR115W,0,-4.249851,0.10123904794454575,0.9950494766235352,0.8930931091308594
YDR530C,YNL274C,0,-4.250666,0.10122884809970856,0.9950494766235352,0.8931931853294373
YDR499W,YMR077C,0,-4.257735,0.10121865570545197,0.9950494766235352,0.8932933211326599
YBR202W,YJL191W,0,-4.262355,0.10120845586061478,0.9950494766235352,0.8933933973312378
YOR194C,YJR101W,0,-4.265062,0.10119827091693878,0.9950494766235352,0.8934934735298157
YBR238C,YGR084C,0,-4.2670355,0.10118807852268219,0.9950494766235352,0.8935936093330383
YNL117W,YDR076W,0,-4.2694025,0.1011778935790062,0.9950494766235352,0.8936936855316162
YGL233W,YOR311C,0,-4.2698193,0.1011677086353302,0.9950494766235352,0.8937938213348389
YDR473C,YNL302C,0,-4.271256,0.1011575236916542,0.9950494766235352,0.8938938975334167
YKL205W,YAL040C,0,-4.271837,0.10114734619855881,0.9950494766235352,0.8939939737319946
YMR032W,YBR061C,0,-4.272133,0.10113716125488281,0.9950494766235352,0.8940941095352173
YLR157C,YAR002C-A,0,-4.276775,0.10112698376178741,0.9950494766235352,0.8941941857337952
YBR195C,YML028W,0,-4.2832794,0.10111681371927261,0.9950494766235352,0.8942943215370178
YBR195C,YPR026W,0,-4.283457,0.10110663622617722,0.9950494766235352,0.8943943977355957
YGL071W,YMR213W,0,-4.2848134,0.10109646618366241,0.9950494766235352,0.8944944739341736
YLR330W,YKL095W,0,-4.2850056,0.10108630359172821,0.9950494766235352,0.8945946097373962
YJL187C,YML097C,0,-4.2875257,0.10107613354921341,0.9950494766235352,0.8946946859359741
YMR160W,YLL033W,0,-4.289757,0.1010659709572792,0.9950494766235352,0.8947948217391968
YER117W,YOR340C,0,-4.3043575,0.101055808365345,0.9950494766235352,0.8948948979377747
YOR292C,YER190W,0,-4.3070126,0.1010456457734108,0.9950494766235352,0.8949949741363525
YPL213W,YNL236W,0,-4.307031,0.10103549063205719,0.9950494766235352,0.8950951099395752
YGR034W,YLR153C,0,-4.308523,0.10102532804012299,0.9950494766235352,0.8951951861381531
YIL159W,YHR079C,0,-4.3091674,0.10101518034934998,0.9950494766235352,0.8952953219413757
YGR081C,YGL112C,0,-4.310215,0.10100502520799637,0.9950494766235352,0.8953953981399536
YLR183C,YIR018W,0,-4.310541,0.10099487751722336,0.9950494766235352,0.8954954743385315
YMR033W,YBL089W,0,-4.3147507,0.10098472982645035,0.9950494766235352,0.8955956101417542
YDR131C,YNR002C,0,-4.316082,0.10097458213567734,0.9950494766235352,0.895695686340332
YGL014W,YCR002C,0,-4.318137,0.10096443444490433,0.9950494766235352,0.8957958221435547
YHR209W,YFR019W,0,-4.319316,0.10095429420471191,0.9950494766235352,0.8958958983421326
YER162C,YDR369C,0,-4.319996,0.1009441539645195,0.9950494766235352,0.8959959745407104
YPR204W,YML056C,0,-4.322784,0.10093401372432709,0.9950494766235352,0.8960961103439331
YPR160W,YMR099C,0,-4.3242264,0.10092388093471527,0.9950494766235352,0.896196186542511
YOL070C,YJL117W,0,-4.3321877,0.10091374814510345,0.9950494766235352,0.8962963223457336
YER022W,YKL172W,0,-4.338156,0.10090361535549164,0.9950494766235352,0.8963963985443115
YCR060W,YIL095W,0,-4.3385277,0.10089348256587982,0.9950494766235352,0.8964964747428894
YNL236W,YDR429C,0,-4.34303,0.1008833572268486,0.9950494766235352,0.8965966105461121
YMR114C,YLR309C,0,-4.343909,0.10087323188781738,0.9950494766235352,0.8966966867446899
YHR079C,YLR164W,0,-4.3547616,0.10086310654878616,0.9950494766235352,0.8967968225479126
YNL236W,YIL139C,0,-4.355932,0.10085298866033554,0.9950494766235352,0.8968968987464905
YCR014C,YBR072W,0,-4.3561254,0.10084286332130432,0.9950494766235352,0.8969969749450684
YGR169C,YCL032W,0,-4.3563585,0.1008327454328537,0.9950494766235352,0.897097110748291
YDR254W,YMR295C,0,-4.361532,0.10082263499498367,0.9950494766235352,0.8971971869468689
YDR378C,YDL039C,0,-4.3615665,0.10081251710653305,0.9950494766235352,0.8972973227500916
YFR013W,YHR179W,0,-4.363298,0.10080240666866302,0.9950494766235352,0.8973973989486694
YLL002W,YLL008W,0,-4.3649855,0.100792296230793,0.9950494766235352,0.8974974751472473
YDR460W,YDR229W,0,-4.365636,0.10078219324350357,0.9950494766235352,0.89759761095047
YDR460W,YAR035W,0,-4.3661504,0.10077208280563354,0.9950494766235352,0.8976976871490479
YGL158W,YLR380W,0,-4.3692284,0.10076197981834412,0.9950494766235352,0.8977978229522705
YOL057W,YGL122C,0,-4.3741546,0.10075187683105469,0.9950494766235352,0.8978978991508484
YBL112C,YJL117W,0,-4.375725,0.10074178129434586,0.9950494766235352,0.8979979753494263
YDL133C-A,YPL223C,0,-4.3816204,0.10073168575763702,0.9950494766235352,0.8980981111526489
YNR067C,YMR173W,0,-4.382527,0.10072159022092819,0.9950494766235352,0.8981981873512268
YLL012W,YPR159W,0,-4.3852243,0.10071149468421936,0.9950494766235352,0.8982983231544495
YMR038C,YMR087W,0,-4.388389,0.10070139914751053,0.9950494766235352,0.8983983993530273
YPL223C,YJL082W,0,-4.38935,0.1006913110613823,0.9950494766235352,0.8984984755516052
YMR112C,YNL309W,0,-4.392271,0.10068122297525406,0.9950494766235352,0.8985986113548279
YPR167C,YOR382W,0,-4.3953447,0.10067114233970642,0.9950494766235352,0.8986986875534058
YER022W,YGR238C,0,-4.395642,0.10066105425357819,0.9950494766235352,0.8987988233566284
YJL194W,YDL170W,0,-4.3958178,0.10065097361803055,0.9950494766235352,0.8988988995552063
YKL190W,YPR119W,0,-4.395917,0.10064090043306351,0.9950494766235352,0.8989989757537842
YJR147W,YGR271W,0,-4.3963804,0.10063081979751587,0.9950494766235352,0.8990991115570068
YOR243C,YOL108C,0,-4.398782,0.10062074661254883,0.9950494766235352,0.8991991877555847
YGR184C,YMR207C,1,-4.399477,0.10071077942848206,0.996039628982544,0.8991991877555847
YNL160W,YNL044W,0,-4.401553,0.10070069879293442,0.996039628982544,0.8992993235588074
YFR018C,YNL070W,0,-4.4033003,0.10069061815738678,0.996039628982544,0.8993993997573853
YPL050C,YBR026C,0,-4.410082,0.10068054497241974,0.996039628982544,0.8994994759559631
YCR060W,YNL102W,0,-4.413108,0.1006704717874527,0.996039628982544,0.8995996117591858
YGR036C,YGR112W,0,-4.4211316,0.10066039860248566,0.996039628982544,0.8996996879577637
YDL179W,YOR232W,0,-4.422556,0.10065032541751862,0.996039628982544,0.8997998237609863
YOL165C,YNL095C,0,-4.4246426,0.10064025968313217,0.996039628982544,0.8998998999595642
YLR353W,YNL026W,0,-4.4328346,0.10063018649816513,0.996039628982544,0.8999999761581421
YHR085W,YOR222W,0,-4.4330287,0.10062012076377869,0.996039628982544,0.9001001119613647
YLR025W,YMR136W,0,-4.4335947,0.10061006247997284,0.996039628982544,0.9002001881599426
YCL032W,YNL239W,0,-4.435916,0.1005999967455864,0.996039628982544,0.9003003239631653
YJL187C,YIR018W,0,-4.4379187,0.10058993846178055,0.996039628982544,0.9004004001617432
YGR089W,YJR103W,0,-4.442364,0.1005798876285553,0.996039628982544,0.900500476360321
YBL068W,YNL078W,0,-4.4448843,0.10056982934474945,0.996039628982544,0.9006006121635437
YMR032W,YMR160W,0,-4.4452887,0.1005597785115242,0.996039628982544,0.9007006883621216
YMR250W,YGR072W,0,-4.4471507,0.10054972767829895,0.996039628982544,0.9008008241653442
YNL230C,YGR070W,0,-4.447407,0.1005396768450737,0.996039628982544,0.9009009003639221
YHR074W,YGR089W,0,-4.450996,0.10052962601184845,0.996039628982544,0.9010009765625
YIL021W,YOR194C,0,-4.4562206,0.1005195826292038,0.996039628982544,0.9011011123657227
YCL036W,YDL040C,0,-4.4622507,0.10050953924655914,0.996039628982544,0.9012011885643005
YBL112C,YLR380W,0,-4.4636154,0.10049950331449509,0.996039628982544,0.9013013243675232
YMR180C,YNL335W,0,-4.468903,0.10048945993185043,0.996039628982544,0.9014014005661011
YER145C,YLR042C,0,-4.4692545,0.10047942399978638,0.996039628982544,0.901501476764679
YDL040C,YDL077C,0,-4.469837,0.10046938806772232,0.996039628982544,0.9016016125679016
YDL036C,YGL062W,0,-4.4714274,0.10045935958623886,0.996039628982544,0.9017016887664795
YER103W,YHR119W,0,-4.473513,0.1004493236541748,0.996039628982544,0.9018018245697021
YPR171W,YNL006W,0,-4.4815087,0.10043929517269135,0.996039628982544,0.90190190076828
YOR274W,YLR163C,0,-4.4823875,0.10042926669120789,0.996039628982544,0.9020019769668579
YNL138W,YOR261C,0,-4.4838734,0.10041924566030502,0.996039628982544,0.9021021127700806
YNL127W,YGR134W,0,-4.489225,0.10040922462940216,0.996039628982544,0.9022021889686584
YJR082C,YLR285W,0,-4.4934683,0.1003992035984993,0.996039628982544,0.9023023247718811
YJL134W,YKL165C,0,-4.4956436,0.10038918256759644,0.996039628982544,0.902402400970459
YLR251W,YFL021W,0,-4.5025463,0.10037916898727417,0.996039628982544,0.9025024771690369
YLL051C,YNL282W,0,-4.503728,0.10036914795637131,0.996039628982544,0.9026026129722595
YOR304W,YKL186C,0,-4.505789,0.10035913437604904,0.996039628982544,0.9027026891708374
YLL051C,YPR043W,0,-4.5061417,0.10034912824630737,0.996039628982544,0.9028028249740601
YMR284W,YJL144W,0,-4.5074053,0.10033911466598511,0.996039628982544,0.9029029011726379
YLR353W,YER171W,0,-4.5096498,0.10032910853624344,0.996039628982544,0.9030029773712158
YNL095C,YGL183C,0,-4.5105376,0.10031910985708237,0.996039628982544,0.9031031131744385
YBR052C,YLR429W,0,-4.518299,0.1003091037273407,0.996039628982544,0.9032031893730164
YJL144W,YER104W,0,-4.5213976,0.10029910504817963,0.996039628982544,0.903303325176239
YDR414C,YLR073C,0,-4.5251775,0.10028910636901855,0.996039628982544,0.9034034013748169
YDR527W,YNL080C,0,-4.5292616,0.10027910768985748,0.996039628982544,0.9035034775733948
YGR282C,YPR160W,0,-4.5293875,0.10026910901069641,0.996039628982544,0.9036036133766174
YKR008W,YLR163C,0,-4.529417,0.10025911778211594,0.996039628982544,0.9037036895751953
YEL036C,YIL132C,0,-4.529662,0.10024912655353546,0.996039628982544,0.903803825378418
YBR274W,YIR005W,0,-4.5303535,0.10023914277553558,0.996039628982544,0.9039039015769958
YGR036C,YML132W,0,-4.535638,0.10022915154695511,0.996039628982544,0.9040039777755737
YHR211W,YJR006W,0,-4.5375037,0.10021916776895523,0.996039628982544,0.9041041135787964
YNL274C,YNR072W,0,-4.5392885,0.10020918399095535,0.996039628982544,0.9042041897773743
YJR082C,YML099C,0,-4.5417933,0.10019920021295547,0.996039628982544,0.9043043255805969
YOR283W,YGR199W,0,-4.545025,0.1001892238855362,0.996039628982544,0.9044044017791748
YDR245W,YBR095C,0,-4.5624876,0.10017924755811691,0.996039628982544,0.9045044779777527
YDR030C,YGL233W,0,-4.5693846,0.10016927123069763,0.996039628982544,0.9046046137809753
YDL245C,YLR164W,0,-4.5762734,0.10015930235385895,0.996039628982544,0.9047046899795532
YOR327C,YDL045C,0,-4.581409,0.10014932602643967,0.996039628982544,0.9048048257827759
YGR282C,YGL190C,0,-4.5816054,0.10013935714960098,0.996039628982544,0.9049049019813538
YIL108W,YLR130C,0,-4.581894,0.1001293882727623,0.996039628982544,0.9050049781799316
YDL142C,YNR060W,0,-4.582757,0.10011942684650421,0.996039628982544,0.9051051139831543
YPL094C,YEL036C,0,-4.583099,0.10010946542024612,0.996039628982544,0.9052051901817322
YPR127W,YOR008C,0,-4.5860705,0.10009950399398804,0.996039628982544,0.9053053259849548
YAL060W,YPL099C,0,-4.5875483,0.10008954256772995,0.996039628982544,0.9054054021835327
YEL070W,YJL082W,0,-4.601699,0.10007958859205246,0.996039628982544,0.9055054783821106
YMR269W,YML071C,0,-4.6035914,0.10006963461637497,0.996039628982544,0.9056056141853333
YDR518W,YPL208W,0,-4.6036754,0.10005968064069748,0.996039628982544,0.9057056903839111
YNR006W,YDL024C,0,-4.6050096,0.10004972666501999,0.996039628982544,0.9058058261871338
YLR024C,YDL083C,0,-4.6064577,0.1000397801399231,0.996039628982544,0.9059059023857117
YIL142W,YKR002W,0,-4.6119933,0.1000298336148262,0.996039628982544,0.9060059785842896
YPL134C,YPL083C,0,-4.6135364,0.10001988708972931,0.996039628982544,0.9061061143875122
YHR211W,YKL041W,0,-4.6208925,0.10000994056463242,0.996039628982544,0.9062061905860901
YDL208W,YAL029C,0,-4.6212645,0.10000000149011612,0.996039628982544,0.9063063263893127
YOL158C,YBR096W,0,-4.622526,0.09999006241559982,0.996039628982544,0.9064064025878906
YOL026C,YLR316C,0,-4.6234207,0.09998012334108353,0.996039628982544,0.9065064787864685
YCL074W,YML028W,0,-4.624229,0.09997018426656723,0.996039628982544,0.9066066145896912
YOR304W,YNL283C,0,-4.6250424,0.09996025264263153,0.996039628982544,0.906706690788269
YBR093C,YGL030W,0,-4.6273723,0.09995032101869583,0.996039628982544,0.9068068265914917
YJL166W,YBR059C,0,-4.629938,0.09994039684534073,0.996039628982544,0.9069069027900696
YPL240C,YMR213W,0,-4.6300173,0.09993046522140503,0.996039628982544,0.9070069789886475
YGR179C,YKL165C,0,-4.631752,0.09992054104804993,0.996039628982544,0.9071071147918701
YNL281W,YOR180C,0,-4.631807,0.09991061687469482,0.996039628982544,0.907207190990448
YMR038C,YMR159C,0,-4.6328726,0.09990069270133972,0.996039628982544,0.9073073267936707
YER050C,YMR270C,0,-4.639386,0.09989077597856522,0.996039628982544,0.9074074029922485
YOL057W,YDL140C,0,-4.6426826,0.09988085925579071,0.996039628982544,0.9075074791908264
YLR129W,YDL035C,0,-4.6435223,0.0998709425330162,0.996039628982544,0.9076076149940491
YGR171C,YJL171C,0,-4.649535,0.0998610258102417,0.996039628982544,0.907707691192627
YKL038W,YCR002C,0,-4.651164,0.09985111653804779,0.996039628982544,0.9078078269958496
YNL282W,YGL216W,0,-4.6516085,0.09984120726585388,0.996039628982544,0.9079079031944275
YOR382W,YFR001W,0,-4.6522274,0.09983129799365997,0.996039628982544,0.9080079793930054
YMR046C,YOR222W,0,-4.657278,0.09982139617204666,0.996039628982544,0.908108115196228
YIL002C,YJR083C,0,-4.659465,0.09981148689985275,0.996039628982544,0.9082081913948059
YOL082W,YKL007W,0,-4.663983,0.09980158507823944,0.996039628982544,0.9083083271980286
YLR157C,YKL189W,0,-4.66747,0.09979169070720673,0.996039628982544,0.9084084033966064
YCL043C,YOR349W,0,-4.667515,0.09978178888559341,0.996039628982544,0.9085084795951843
YLL002W,YMR267W,0,-4.668582,0.0997718945145607,0.996039628982544,0.908608615398407
YOR084W,YKL124W,0,-4.668807,0.09976200014352798,0.996039628982544,0.9087086915969849
YKL119C,YLR050C,0,-4.6688333,0.09975210577249527,0.996039628982544,0.9088088274002075
YCL004W,YPL011C,0,-4.6718946,0.09974221885204315,0.996039628982544,0.9089089035987854
YGR081C,YFL023W,0,-4.6725965,0.09973233193159103,0.996039628982544,0.9090089797973633
YDL084W,YLL033W,0,-4.673293,0.09972244501113892,0.996039628982544,0.9091091156005859
YKL020C,YBR074W,0,-4.674859,0.0997125580906868,0.996039628982544,0.9092091917991638
YGR282C,YAL060W,0,-4.67609,0.09970267862081528,0.996039628982544,0.9093093276023865
YPR127W,YKL015W,0,-4.681164,0.09969279915094376,0.996039628982544,0.9094094038009644
YOL004W,YOR311C,0,-4.682898,0.09968291968107224,0.996039628982544,0.9095094799995422
YGL237C,YDL097C,0,-4.695128,0.09967304021120071,0.996039628982544,0.9096096158027649
YPR002W,YLR042C,0,-4.695526,0.09966316819190979,0.996039628982544,0.9097096920013428
YGR216C,YHR082C,0,-4.6998262,0.09965329617261887,0.996039628982544,0.9098098278045654
YCR052W,YGL030W,0,-4.7011127,0.09964342415332794,0.996039628982544,0.9099099040031433
YOR274W,YGR216C,0,-4.7041955,0.09963355213403702,0.996039628982544,0.910010039806366
YBR020W,YOL151W,0,-4.704477,0.09962368756532669,0.996039628982544,0.9101101160049438
YLL004W,YDR404C,0,-4.7057447,0.09961382299661636,0.996039628982544,0.9102101922035217
YML099C,YBL089W,0,-4.7070036,0.09960395842790604,0.996039628982544,0.9103103280067444
YLL002W,YML028W,0,-4.7072344,0.0995941013097763,0.996039628982544,0.9104104042053223
YOL112W,YJR112W,0,-4.707452,0.09958424419164658,0.996039628982544,0.9105105400085449
YLR182W,YBL041W,0,-4.7088614,0.09957438707351685,0.996039628982544,0.9106106162071228
YMR203W,YMR159C,0,-4.709218,0.09956452995538712,0.996039628982544,0.9107106924057007
YDL084W,YNR028W,0,-4.709534,0.09955467283725739,0.996039628982544,0.9108108282089233
YBR002C,YMR218C,0,-4.717671,0.09954482316970825,0.996039628982544,0.9109109044075012
YCR030C,YPR167C,0,-4.719788,0.09953497350215912,0.996039628982544,0.9110110402107239
YKL085W,YOR020C,0,-4.7273664,0.09952513128519058,0.996039628982544,0.9111111164093018
YDL133C-A,YLR020C,0,-4.729084,0.09951528161764145,0.996039628982544,0.9112111926078796
YHR069C,YGL004C,0,-4.7338157,0.09950543940067291,0.996039628982544,0.9113113284111023
YER103W,YNR004W,0,-4.740454,0.09949559718370438,0.996039628982544,0.9114114046096802
YDL022W,YMR273C,0,-4.741764,0.09948576241731644,0.996039628982544,0.9115115404129028
YGR238C,YNL006W,0,-4.743614,0.0994759202003479,0.996039628982544,0.9116116166114807
YDL202W,YNL110C,0,-4.7443857,0.09946608543395996,0.996039628982544,0.9117116928100586
YGL094C,YBR095C,0,-4.746421,0.09945625066757202,0.996039628982544,0.9118118286132812
YMR270C,YNR060W,0,-4.746825,0.09944642335176468,0.996039628982544,0.9119119048118591
YJL004C,YML006C,0,-4.7469416,0.09943658858537674,0.996039628982544,0.9120120406150818
YPL087W,YOR123C,0,-4.7487407,0.0994267612695694,0.996039628982544,0.9121121168136597
YPL082C,YDR081C,0,-4.749577,0.09941694140434265,0.996039628982544,0.9122121930122375
YJR147W,YER104W,0,-4.767901,0.09940711408853531,0.996039628982544,0.9123123288154602
YBL098W,YOL108C,0,-4.76927,0.09939729422330856,0.996039628982544,0.9124124050140381
YKL013C,YFL045C,0,-4.7724166,0.09938747435808182,0.996039628982544,0.9125125408172607
YPR162C,YBL011W,0,-4.778947,0.09937765449285507,0.996039628982544,0.9126126170158386
YMR013C,YGL103W,0,-4.784794,0.09936784207820892,0.996039628982544,0.9127126932144165
YMR269W,YPL122C,0,-4.787264,0.09935802221298218,0.996039628982544,0.9128128290176392
YIL083C,YGL103W,0,-4.7920437,0.09934820979833603,0.996039628982544,0.912912905216217
YPR144C,YOL028C,0,-4.7932014,0.09933840483427048,0.996039628982544,0.9130130410194397
YAR002C-A,YJL214W,0,-4.795402,0.09932859241962433,0.996039628982544,0.9131131172180176
YGR271W,YFL013C,0,-4.798731,0.09931878745555878,0.996039628982544,0.9132131934165955
YPL200W,YJL024C,0,-4.805954,0.09930898249149323,0.996039628982544,0.9133133292198181
YGR216C,YJR083C,0,-4.808955,0.09929917752742767,0.996039628982544,0.913413405418396
YOR304W,YJL149W,0,-4.8125944,0.09928938001394272,0.996039628982544,0.9135135412216187
YJL155C,YOR230W,0,-4.8172717,0.09927958250045776,0.996039628982544,0.9136136174201965
YKR103W,YNL262W,0,-4.8241844,0.09926978498697281,0.996039628982544,0.9137136936187744
YMR061W,YJL006C,0,-4.8274565,0.09925998747348785,0.996039628982544,0.9138138294219971
YJL225C,YJL085W,0,-4.8275843,0.0992501974105835,0.996039628982544,0.913913905620575
YJL005W,YHR004C,0,-4.837862,0.09924040734767914,0.996039628982544,0.9140140414237976
YDL111C,YMR227C,0,-4.841495,0.09923061728477478,0.996039628982544,0.9141141176223755
YER049W,YPL127C,0,-4.8418946,0.09922082722187042,0.996039628982544,0.9142141938209534
YOR388C,YKL093W,0,-4.8421693,0.09921104460954666,0.996039628982544,0.914314329624176
YMR049C,YCR060W,0,-4.8430314,0.0992012619972229,0.996039628982544,0.9144144058227539
YOR106W,YDR389W,0,-4.8453894,0.09919147938489914,0.996039628982544,0.9145145416259766
YBR120C,YDL097C,0,-4.8479815,0.09918170422315598,0.996039628982544,0.9146146178245544
YER150W,YML099C,0,-4.850233,0.09917192161083221,0.996039628982544,0.9147146940231323
YFL048C,YDL070W,0,-4.851669,0.09916214644908905,0.996039628982544,0.914814829826355
YGR134W,YER002W,0,-4.853347,0.09915237873792648,0.996039628982544,0.9149149060249329
YLR244C,YNL084C,0,-4.8567114,0.09914260357618332,0.996039628982544,0.9150150418281555
YLR244C,YOR275C,0,-4.8573074,0.09913283586502075,0.996039628982544,0.9151151180267334
YML058W-A,YKR020W,0,-4.8664937,0.09912306815385818,0.996039628982544,0.9152151942253113
YFR001W,YLR224W,0,-4.8707767,0.09911330044269562,0.996039628982544,0.9153153300285339
YNL208W,YCL032W,0,-4.878728,0.09910354018211365,0.996039628982544,0.9154154062271118
YHR175W,YGR036C,0,-4.8803997,0.09909377247095108,0.996039628982544,0.9155155420303345
YOL066C,YIL047C,0,-4.8823423,0.09908401221036911,0.996039628982544,0.9156156182289124
YOL112W,YGR258C,0,-4.888648,0.09907425940036774,0.996039628982544,0.9157156944274902
YBR294W,YGR113W,0,-4.903784,0.09906449913978577,0.996039628982544,0.9158158302307129
YOR219C,YCR052W,0,-4.906663,0.0990547463297844,0.996039628982544,0.9159159064292908
YAL033W,YNL026W,0,-4.911053,0.09904499351978302,0.996039628982544,0.9160160422325134
YJL112W,YOR324C,0,-4.9129453,0.09903524070978165,0.996039628982544,0.9161161184310913
YLR270W,YNR015W,0,-4.920907,0.09902549535036087,0.996039628982544,0.9162161946296692
YDR196C,YHR004C,0,-4.9215155,0.0990157499909401,0.996039628982544,0.9163163304328918
YKL078W,YDR410C,0,-4.9281263,0.09900600463151932,0.996039628982544,0.9164164066314697
YOL070C,YPR135W,0,-4.928876,0.09899625927209854,0.996039628982544,0.9165165424346924
YKL189W,YPR152C,0,-4.934709,0.09898652136325836,0.996039628982544,0.9166166186332703
YGR036C,YNL070W,0,-4.936837,0.09897678345441818,0.996039628982544,0.9167166948318481
YDR172W,YOL111C,0,-4.946719,0.098967045545578,0.996039628982544,0.9168168306350708
YGL186C,YJL053W,0,-4.9599447,0.09895730763673782,0.996039628982544,0.9169169068336487
YGR288W,YKL189W,0,-4.960792,0.09894757717847824,0.996039628982544,0.9170170426368713
YML073C,YEL053C,0,-4.963006,0.09893784672021866,0.996039628982544,0.9171171188354492
YDL111C,YLR088W,0,-4.964216,0.09892811626195908,0.996039628982544,0.9172171950340271
YMR284W,YHL027W,0,-4.966258,0.0989183858036995,0.996039628982544,0.9173173308372498
YJR078W,YLL017W,0,-4.9711475,0.09890866279602051,0.996039628982544,0.9174174070358276
YGR056W,YMR200W,0,-4.9715405,0.09889893978834152,0.996039628982544,0.9175175428390503
YPL276W,YLR228C,0,-4.9760075,0.09888921678066254,0.996039628982544,0.9176176190376282
YJL087C,YDR371W,0,-4.9838276,0.09887949377298355,0.996039628982544,0.917717695236206
YGR144W,YLL045C,0,-4.9856305,0.09886977821588516,0.996039628982544,0.9178178310394287
YDR449C,YDL074C,0,-4.988847,0.09886006265878677,0.996039628982544,0.9179179072380066
YDR079W,YKR056W,0,-4.997525,0.09885034710168839,0.996039628982544,0.9180180430412292
YIL134W,YHL012W,0,-5.0051947,0.0988406389951706,0.996039628982544,0.9181181192398071
YPR204W,YGR070W,0,-5.009673,0.0988309234380722,0.996039628982544,0.918218195438385
YMR093W,YDL227C,0,-5.0104365,0.09882121533155441,0.996039628982544,0.9183183312416077
YCL057W,YDL170W,0,-5.0116043,0.09881151467561722,0.996039628982544,0.9184184074401855
YDR530C,YBR170C,0,-5.0116434,0.09880180656909943,0.996039628982544,0.9185185432434082
YLR073C,YNL092W,0,-5.0123444,0.09879210591316223,0.996039628982544,0.9186186194419861
YKR056W,YBL113C,0,-5.0130363,0.09878240525722504,0.996039628982544,0.918718695640564
YOR106W,YMR250W,0,-5.0181026,0.09877270460128784,0.996039628982544,0.9188188314437866
YML071C,YEL041W,0,-5.022707,0.09876301139593124,0.996039628982544,0.9189189076423645
YMR168C,YPL196W,0,-5.0260696,0.09875331073999405,0.996039628982544,0.9190190434455872
YER049W,YGR271W,0,-5.030772,0.09874361753463745,0.996039628982544,0.919119119644165
YPL180W,YBR115C,0,-5.031965,0.09873393177986145,0.996039628982544,0.9192191958427429
YOR147W,YPL093W,0,-5.03385,0.09872423857450485,0.996039628982544,0.9193193316459656
YMR241W,YOL158C,0,-5.0338664,0.09871455281972885,0.996039628982544,0.9194194078445435
YJR057W,YDL077C,0,-5.0342536,0.09870486706495285,0.996039628982544,0.9195195436477661
YDR449C,YDR062W,0,-5.037467,0.09869518131017685,0.996039628982544,0.919619619846344
YOR239W,YNL230C,0,-5.0427327,0.09868550300598145,0.996039628982544,0.9197196960449219
YNL267W,YJL029C,0,-5.0433044,0.09867582470178604,0.996039628982544,0.9198198318481445
YGL050W,YNL110C,0,-5.047333,0.09866614639759064,0.996039628982544,0.9199199080467224
YNL273W,YMR061W,0,-5.0509872,0.09865646809339523,0.996039628982544,0.9200200438499451
YCL036W,YMR284W,0,-5.052455,0.09864678978919983,0.996039628982544,0.920120120048523
YMR227C,YNL080C,0,-5.055155,0.09863711893558502,0.996039628982544,0.9202201962471008
YML049C,YGR134W,0,-5.0558753,0.09862744808197021,0.996039628982544,0.9203203320503235
YOL010W,YDL054C,0,-5.0584407,0.098617784678936,0.996039628982544,0.9204204082489014
YHR066W,YPL082C,0,-5.061697,0.0986081138253212,0.996039628982544,0.920520544052124
YJR021C,YKL165C,0,-5.0646276,0.09859845042228699,0.996039628982544,0.9206206202507019
YPL002C,YGR145W,0,-5.065699,0.09858878701925278,0.996039628982544,0.9207206964492798
YIL088C,YLR380W,0,-5.070251,0.09857913106679916,0.996039628982544,0.9208208322525024
YGL158W,YJL206C,0,-5.0705595,0.09856946766376495,0.996039628982544,0.9209209084510803
YPL002C,YBL112C,0,-5.073434,0.09855981171131134,0.996039628982544,0.921021044254303
YBR006W,YNL044W,0,-5.0778913,0.09855015575885773,0.996039628982544,0.9211211204528809
YHR056C,YJR070C,0,-5.078151,0.09854049980640411,0.996039628982544,0.9212211966514587
YDR174W,YCL034W,0,-5.091355,0.0985308513045311,0.996039628982544,0.9213213324546814
YMR046C,YKL095W,0,-5.091728,0.09852120280265808,0.996039628982544,0.9214214086532593
YJR051W,YMR034C,0,-5.092915,0.09851155430078506,0.996039628982544,0.9215215444564819
YIR025W,YOR261C,0,-5.0986166,0.09850190579891205,0.996039628982544,0.9216216206550598
YJR006W,YGL225W,0,-5.100482,0.09849226474761963,0.996039628982544,0.9217216968536377
YEL053C,YAL017W,0,-5.1009455,0.09848262369632721,0.996039628982544,0.9218218326568604
YMR049C,YKL174C,0,-5.1018043,0.09847298264503479,0.996039628982544,0.9219219088554382
YAL022C,YHR069C,0,-5.117119,0.09846334904432297,0.996039628982544,0.9220220446586609
YIL020C,YOR382W,0,-5.1190443,0.09845370799303055,0.996039628982544,0.9221221208572388
YBR257W,YDR404C,0,-5.1213865,0.09844407439231873,0.996039628982544,0.9222221970558167
YBL058W,YKL119C,0,-5.1242914,0.0984344407916069,0.996039628982544,0.9223223328590393
YKR026C,YEL056W,0,-5.128044,0.09842481464147568,0.996039628982544,0.9224224090576172
YNR067C,YNL163C,0,-5.128318,0.09841518104076385,0.996039628982544,0.9225225448608398
YDR196C,YGR089W,0,-5.1314955,0.09840555489063263,0.996039628982544,0.9226226210594177
YOR310C,YOR340C,0,-5.131919,0.0983959287405014,0.996039628982544,0.9227226972579956
YOR323C,YGR085C,0,-5.1320596,0.09838631004095078,0.996039628982544,0.9228228330612183
YDL054C,YOL093W,0,-5.133168,0.09837668389081955,0.996039628982544,0.9229229092597961
YBR067C,YBR037C,0,-5.1346936,0.09836706519126892,0.996039628982544,0.9230230450630188
YBR128C,YNL121C,0,-5.1430984,0.09835744649171829,0.996039628982544,0.9231231212615967
YKL170W,YDR222W,0,-5.1483645,0.09834783524274826,0.996039628982544,0.9232231974601746
YDR174W,YHR061C,0,-5.1624994,0.09833822399377823,0.996039628982544,0.9233233332633972
YOL093W,YOR162C,0,-5.163493,0.0983286127448082,0.996039628982544,0.9234234094619751
YKL201C,YJL144W,0,-5.1638217,0.09831900149583817,0.996039628982544,0.9235235452651978
YDR453C,YPR001W,0,-5.1671357,0.09830939024686813,0.996039628982544,0.9236236214637756
YJL225C,YNL302C,0,-5.1685133,0.0982997864484787,0.996039628982544,0.9237236976623535
YDR419W,YOL124C,0,-5.169188,0.09829018265008926,0.996039628982544,0.9238238334655762
YMR089C,YPR091C,0,-5.179473,0.09828057885169983,0.996039628982544,0.923923909664154
YHR132C,YGR179C,0,-5.1825156,0.0982709750533104,0.996039628982544,0.9240240454673767
YGL237C,YFL021W,0,-5.1825657,0.09826137870550156,0.996039628982544,0.9241241216659546
YBL011W,YDR281C,0,-5.1827927,0.09825178235769272,0.996039628982544,0.9242241978645325
YNL230C,YJR140C,0,-5.184678,0.09824218600988388,0.996039628982544,0.9243243336677551
YOR159C,YNL282W,0,-5.1895723,0.09823259711265564,0.996039628982544,0.924424409866333
YKR066C,YGL212W,0,-5.190727,0.0982230007648468,0.996039628982544,0.9245245456695557
YLR043C,YOR230W,0,-5.197529,0.09821341186761856,0.996039628982544,0.9246246218681335
YDR082W,YNL304W,0,-5.203326,0.09820382297039032,0.996039628982544,0.9247246980667114
YNL138W,YLR042C,0,-5.2063375,0.09819424152374268,0.996039628982544,0.9248248338699341
YHR066W,YPL208W,0,-5.2172627,0.09818466007709503,0.996039628982544,0.924924910068512
YPL163C,YNL302C,0,-5.2192764,0.09817507863044739,0.996039628982544,0.9250250458717346
YHR061C,YJR112W,0,-5.2196655,0.09816549718379974,0.996039628982544,0.9251251220703125
YGL169W,YJR140C,0,-5.225993,0.0981559157371521,0.996039628982544,0.9252251982688904
YDR310C,YNL110C,0,-5.238564,0.09814634174108505,0.996039628982544,0.925325334072113
YLR300W,YKL203C,0,-5.2388487,0.098136767745018,0.996039628982544,0.9254254102706909
YDR473C,YML112W,0,-5.2429204,0.09812719374895096,0.996039628982544,0.9255255460739136
YLL003W,YHL027W,0,-5.2456994,0.09811762720346451,0.996039628982544,0.9256256222724915
YLR107W,YJR036C,0,-5.251201,0.09810805320739746,0.996039628982544,0.9257256984710693
YKL126W,YKL074C,0,-5.2518396,0.09809848666191101,0.996039628982544,0.925825834274292
YLL002W,YIL140W,0,-5.2534356,0.09808892011642456,0.996039628982544,0.9259259104728699
YMR032W,YCL004W,0,-5.257653,0.09807936102151871,0.996039628982544,0.9260260462760925
YER185W,YLR264W,0,-5.2637477,0.09806980192661285,0.996039628982544,0.9261261224746704
YMR061W,YNL238W,0,-5.264862,0.098060242831707,0.996039628982544,0.9262261986732483
YGL256W,YER046W,0,-5.265033,0.09805068373680115,0.996039628982544,0.926326334476471
YHR041C,YBR187W,0,-5.2664356,0.0980411246418953,0.996039628982544,0.9264264106750488
YMR013C,YKL103C,0,-5.2750187,0.09803157299757004,0.996039628982544,0.9265265464782715
YML071C,YGR271W,0,-5.291807,0.09802202135324478,0.996039628982544,0.9266266226768494
YGR281W,YDL245C,0,-5.2958627,0.09801246970891953,0.996039628982544,0.9267266988754272
YKL165C,YJR063W,0,-5.296043,0.09800292551517487,0.996039628982544,0.9268268346786499
YDL045W-A,YLR141W,0,-5.30523,0.09799337387084961,0.996039628982544,0.9269269108772278
YHR211W,YNL232W,0,-5.3098884,0.09798382967710495,0.996039628982544,0.9270270466804504
YPL050C,YDR416W,0,-5.3165617,0.09797428548336029,0.996039628982544,0.9271271228790283
YHR005C-A,YPL163C,0,-5.318163,0.09796474874019623,0.996039628982544,0.9272271990776062
YPR144C,YDL206W,0,-5.321203,0.09795521199703217,0.996039628982544,0.9273273348808289
YOR025W,YLR164W,0,-5.3233614,0.0979456752538681,0.996039628982544,0.9274274110794067
YMR284W,YKL007W,0,-5.3248315,0.09793613851070404,0.996039628982544,0.9275275468826294
YOL082W,YNR017W,0,-5.3285103,0.09792660176753998,0.996039628982544,0.9276276230812073
YDR499W,YLR270W,0,-5.3423476,0.09791707247495651,0.996039628982544,0.9277276992797852
YJL225C,YGR222W,0,-5.348908,0.09790754318237305,0.996039628982544,0.9278278350830078
YJL112W,YPL050C,0,-5.3494987,0.09789801388978958,0.996039628982544,0.9279279112815857
YKR056W,YBR282W,0,-5.3591795,0.09788849204778671,0.996039628982544,0.9280280470848083
YDL140C,YNL258C,0,-5.3624806,0.09787896275520325,0.996039628982544,0.9281281232833862
YBR026C,YML109W,0,-5.3686047,0.09786944091320038,0.996039628982544,0.9282281994819641
YMR033W,YFL066C,0,-5.3693137,0.09785991907119751,0.996039628982544,0.9283283352851868
YGL180W,YLL055W,0,-5.3709793,0.09785040467977524,0.996039628982544,0.9284284114837646
YPR171W,YMR273C,0,-5.375263,0.09784089028835297,0.996039628982544,0.9285285472869873
YDR371W,YKL020C,0,-5.381981,0.0978313684463501,0.996039628982544,0.9286286234855652
YML073C,YDL070W,0,-5.3833714,0.09782186150550842,0.996039628982544,0.9287286996841431
YER151C,YDR461W,0,-5.389847,0.09781234711408615,0.996039628982544,0.9288288354873657
YOL142W,YNL282W,0,-5.390792,0.09780284017324448,0.996039628982544,0.9289289116859436
YMR241W,YOR294W,0,-5.3921576,0.0977933332324028,0.996039628982544,0.9290290474891663
YLR314C,YEL029C,0,-5.394783,0.09778382629156113,0.996039628982544,0.9291291236877441
YBR195C,YGR271W,0,-5.3987207,0.09777431935071945,0.996039628982544,0.929229199886322
YPR072W,YPR137W,0,-5.402212,0.09776481986045837,0.996039628982544,0.9293293356895447
YER154W,YBR096W,0,-5.403284,0.0977553203701973,0.996039628982544,0.9294294118881226
YMR186W,YJL082W,0,-5.4045496,0.09774582087993622,0.996039628982544,0.9295295476913452
YIR025W,YNL084C,0,-5.410925,0.09773632884025574,0.996039628982544,0.9296296238899231
YJL171C,YDR461W,0,-5.412552,0.09772682934999466,0.996039628982544,0.929729700088501
YDR498C,YER190W,0,-5.4131126,0.09771733731031418,0.996039628982544,0.9298298358917236
YJL011C,YLR224W,0,-5.4180965,0.0977078452706337,0.996039628982544,0.9299299120903015
YBL098W,YKL015W,0,-5.4221826,0.09769836068153381,0.996039628982544,0.9300300478935242
YOR304W,YOR038C,0,-5.422832,0.09768886864185333,0.996039628982544,0.930130124092102
YBL041W,YML097C,0,-5.432407,0.09767938405275345,0.996039628982544,0.9302302598953247
YGL083W,YHR164C,0,-5.433278,0.09766989946365356,0.996039628982544,0.9303303360939026
YDR137W,YJL103C,0,-5.4379587,0.09766042232513428,0.996039628982544,0.9304304122924805
YMR136W,YLR164W,0,-5.4390144,0.09765094518661499,0.996039628982544,0.9305305480957031
YLR183C,YBL112C,0,-5.4494333,0.0976414605975151,0.996039628982544,0.930630624294281
YOL142W,YER171W,0,-5.4647837,0.09763199090957642,0.996039628982544,0.9307307600975037
YOL165C,YLL008W,0,-5.465137,0.09762251377105713,0.996039628982544,0.9308308362960815
YNL304W,YJL117W,0,-5.4773245,0.09761304408311844,0.996039628982544,0.9309309124946594
YJL141C,YDL039C,0,-5.498161,0.09760356694459915,0.996039628982544,0.9310310482978821
YOR279C,YMR075W,0,-5.5020328,0.09759410470724106,0.996039628982544,0.93113112449646
YDR254W,YPL087W,0,-5.5084896,0.09758463501930237,0.996039628982544,0.9312312602996826
YNL102W,YLR016C,0,-5.510503,0.09757517278194427,0.996039628982544,0.9313313364982605
YBR095C,YKL189W,0,-5.510749,0.09756570309400558,0.996039628982544,0.9314314126968384
YDR233C,YMR269W,0,-5.51651,0.09755624830722809,0.996039628982544,0.931531548500061
YMR020W,YMR270C,0,-5.518675,0.09754678606987,0.996039628982544,0.9316316246986389
YPL099C,YPL112C,0,-5.53192,0.0975373312830925,0.996039628982544,0.9317317605018616
YOR138C,YOR377W,0,-5.5338573,0.0975278690457344,0.996039628982544,0.9318318367004395
YCL014W,YCL004W,0,-5.5357285,0.0975184217095375,0.996039628982544,0.9319319128990173
YNR074C,YPR080W,0,-5.5381155,0.09750896692276001,0.996039628982544,0.93203204870224
YNL070W,YDR496C,0,-5.543578,0.09749951213598251,0.996039628982544,0.9321321249008179
YOR287C,YOR038C,0,-5.5458994,0.09749006479978561,0.996039628982544,0.9322322607040405
YJL225C,YOR098C,0,-5.5464616,0.09748061746358871,0.996039628982544,0.9323323369026184
YFR029W,YAL016W,0,-5.552035,0.09747117757797241,0.996039628982544,0.9324324131011963
YCR093W,YPL064C,0,-5.5578594,0.09746173024177551,0.996039628982544,0.932532548904419
YMR033W,YJL128C,0,-5.56679,0.09745229035615921,0.996039628982544,0.9326326251029968
YMR296C,YDR062W,0,-5.5680075,0.09744285047054291,0.996039628982544,0.9327327609062195
YPR200C,YBR222C,0,-5.5700674,0.0974334105849266,0.996039628982544,0.9328328371047974
YCR057C,YDR173C,0,-5.5789933,0.0974239781498909,0.996039628982544,0.9329329133033752
YBR170C,YPR001W,0,-5.582428,0.0974145457148552,0.996039628982544,0.9330330491065979
YDR351W,YDL225W,0,-5.5842705,0.09740511327981949,0.996039628982544,0.9331331253051758
YOR239W,YLR330W,0,-5.5929,0.09739568084478378,0.996039628982544,0.9332332611083984
YEL036C,YKL015W,0,-5.597712,0.09738625586032867,0.996039628982544,0.9333333373069763
YBR195C,YJL081C,0,-5.599329,0.09737682342529297,0.996039628982544,0.9334334135055542
YLR301W,YBR192W,0,-5.6033335,0.09736740589141846,0.996039628982544,0.9335335493087769
YPR113W,YDL084W,0,-5.6073284,0.09735798090696335,0.996039628982544,0.9336336255073547
YPL065W,YJR103W,0,-5.616043,0.09734855592250824,0.996039628982544,0.9337337613105774
YJL114W,YGR258C,0,-5.6218176,0.09733913838863373,0.996039628982544,0.9338338375091553
YJR119C,YDL028C,0,-5.6287174,0.09732972085475922,0.996039628982544,0.9339339137077332
YBL005W-B,YLR026C,0,-5.6329246,0.0973203033208847,0.996039628982544,0.9340340495109558
YNL283C,YGR032W,0,-5.661724,0.09731089323759079,0.996039628982544,0.9341341257095337
YLR353W,YHR082C,0,-5.6654043,0.09730148315429688,0.996039628982544,0.9342342615127563
YLR025W,YDL024C,0,-5.673996,0.09729207307100296,0.996039628982544,0.9343343377113342
YNL160W,YPR083W,0,-5.6783247,0.09728266298770905,0.996039628982544,0.9344344139099121
YGL256W,YOR377W,0,-5.691688,0.09727325290441513,0.996039628982544,0.9345345497131348
YPR196W,YMR019W,0,-5.700866,0.09726385027170181,0.996039628982544,0.9346346259117126
YNL267W,YPL110C,0,-5.7065897,0.0972544476389885,0.996039628982544,0.9347347617149353
YGR239C,YNL239W,0,-5.707067,0.09724504500627518,0.996039628982544,0.9348348379135132
YBR125C,YJR032W,0,-5.7110634,0.09723564982414246,0.996039628982544,0.9349349141120911
YOL102C,YKL165C,0,-5.7111797,0.09722624719142914,0.996039628982544,0.9350350499153137
YNL117W,YKR055W,0,-5.725011,0.09721685200929642,0.996039628982544,0.9351351261138916
YLR105C,YBR042C,0,-5.729167,0.0972074568271637,0.996039628982544,0.9352352619171143
YJR006W,YNL307C,0,-5.747778,0.09719806909561157,0.996039628982544,0.9353353381156921
YMR269W,YOR382W,0,-5.757992,0.09718867391347885,0.996039628982544,0.93543541431427
YOL070C,YGR238C,0,-5.7598877,0.09717928618192673,0.996039628982544,0.9355355501174927
YOR310C,YNL273W,0,-5.7608953,0.0971699059009552,0.996039628982544,0.9356356263160706
YCL032W,YAL029C,0,-5.7616663,0.09716051816940308,0.996039628982544,0.9357357621192932
YDR410C,YDL148C,0,-5.762437,0.09715113788843155,0.996039628982544,0.9358358383178711
YNR031C,YNL092W,0,-5.7626553,0.09714175015687943,0.996039628982544,0.935935914516449
YOR147W,YLR330W,0,-5.7630987,0.0971323773264885,0.996039628982544,0.9360360503196716
YOR054C,YDR453C,0,-5.7703514,0.09712299704551697,0.996039628982544,0.9361361265182495
YOL142W,YNL027W,0,-5.771968,0.09711362421512604,0.996039628982544,0.9362362623214722
YDR512C,YJL194W,0,-5.774001,0.09710424393415451,0.996039628982544,0.93633633852005
YOL145C,YOL004W,0,-5.7759547,0.09709487855434418,0.996039628982544,0.9364364147186279
YER098W,YNL239W,0,-5.776181,0.09708550572395325,0.996039628982544,0.9365365505218506
YOL082W,YIL143C,0,-5.7814255,0.09707613289356232,0.996039628982544,0.9366366267204285
YOR232W,YER104W,0,-5.785899,0.09706676751375198,0.996039628982544,0.9367367625236511
YNL131W,YGL010W,0,-5.789898,0.09705740213394165,0.996039628982544,0.936836838722229
YJL112W,YCL032W,0,-5.7934785,0.09704804420471191,0.996039628982544,0.9369369149208069
YKL103C,YLR244C,0,-5.804544,0.09703867882490158,0.996039628982544,0.9370370507240295
YDR067C,YOR294W,0,-5.8052464,0.09702932089567184,0.996039628982544,0.9371371269226074
YIL042C,YNL092W,0,-5.8103266,0.09701996296644211,0.996039628982544,0.9372372627258301
YDR285W,YDL215C,0,-5.810668,0.09701060503721237,0.996039628982544,0.937337338924408
YER103W,YBR222C,0,-5.811443,0.09700125455856323,0.996039628982544,0.9374374151229858
YNL127W,YGR221C,0,-5.8165274,0.09699190407991409,0.996039628982544,0.9375375509262085
YLR165C,YDL225W,0,-5.819723,0.09698255360126495,0.996039628982544,0.9376376271247864
YOL141W,YGL148W,0,-5.833028,0.09697320312261581,0.996039628982544,0.937737762928009
YDR527W,YOR098C,0,-5.83555,0.09696385264396667,0.996039628982544,0.9378378391265869
YBR187W,YDL128W,0,-5.843874,0.09695450961589813,0.996039628982544,0.9379379153251648
YDR518W,YMR319C,0,-5.8464565,0.09694516658782959,0.996039628982544,0.9380380511283875
YLR389C,YMR240C,0,-5.851524,0.09693582355976105,0.996039628982544,0.9381381273269653
YJR082C,YDL074C,0,-5.854988,0.0969264879822731,0.996039628982544,0.938238263130188
YPL240C,YGR179C,0,-5.855913,0.09691714495420456,0.996039628982544,0.9383383393287659
YOL038W,YPL180W,0,-5.856305,0.09690780937671661,0.996039628982544,0.9384384155273438
YGL103W,YNL078W,0,-5.8566823,0.09689848124980927,0.996039628982544,0.9385385513305664
YHR211W,YMR213W,0,-5.857649,0.09688914567232132,0.996039628982544,0.9386386275291443
YER137C,YNL092W,0,-5.8759794,0.09687981754541397,0.996039628982544,0.9387387633323669
YLR270W,YPL050C,0,-5.87678,0.09687048941850662,0.996039628982544,0.9388388395309448
YFL057C,YMR145C,0,-5.8806877,0.09686116129159927,0.996039628982544,0.9389389157295227
YGR229C,YLR325C,0,-5.886324,0.09685183316469193,0.996039628982544,0.9390390515327454
YPL002C,YPR002W,0,-5.8893185,0.09684251248836517,0.996039628982544,0.9391391277313232
YLR080W,YFR021W,0,-5.89082,0.09683319181203842,0.996039628982544,0.9392392635345459
YMR005W,YJL071W,0,-5.8926287,0.09682387113571167,0.996039628982544,0.9393393397331238
YDR473C,YOR299W,0,-5.900123,0.09681455045938492,0.996039628982544,0.9394394159317017
YHR047C,YBR128C,0,-5.902566,0.09680523723363876,0.996039628982544,0.9395395517349243
YOR230W,YPL050C,0,-5.904955,0.09679592400789261,0.996039628982544,0.9396396279335022
YBR271W,YML052W,0,-5.907017,0.09678661078214645,0.996039628982544,0.9397397637367249
YOR299W,YJL176C,0,-5.91077,0.0967772975564003,0.996039628982544,0.9398398399353027
YBR020W,YNR010W,0,-5.9111075,0.09676798433065414,0.996039628982544,0.9399399161338806
YNL304W,YOL043C,0,-5.912992,0.09675867855548859,0.996039628982544,0.9400400519371033
YBR002C,YLR033W,0,-5.9176574,0.09674937278032303,0.996039628982544,0.9401401281356812
YLR033W,YIL133C,0,-5.9194,0.09674007445573807,0.996039628982544,0.9402402639389038
YMR123W,YBR026C,0,-5.919505,0.09673076868057251,0.996039628982544,0.9403403401374817
YCR093W,YMR143W,0,-5.9267845,0.09672147035598755,0.996039628982544,0.9404404163360596
YOR168W,YMR078C,0,-5.928358,0.09671217203140259,0.996039628982544,0.9405405521392822
YGR225W,YPL112C,0,-5.928445,0.09670287370681763,0.996039628982544,0.9406406283378601
YNL044W,YNR002C,0,-5.9300265,0.09669358283281326,0.996039628982544,0.9407407641410828
YNL283C,YLL004W,0,-5.930574,0.0966842845082283,0.996039628982544,0.9408408403396606
YDR499W,YER175C,0,-5.935483,0.09667499363422394,0.996039628982544,0.9409409165382385
YGL190C,YMR143W,0,-5.94415,0.09666570276021957,0.996039628982544,0.9410410523414612
YNR018W,YJR103W,0,-5.9476933,0.0966564193367958,0.996039628982544,0.9411411285400391
YJR083C,YKL144C,0,-5.9529886,0.09664713591337204,0.996039628982544,0.9412412643432617
YGR169C,YNR057C,0,-5.956258,0.09663784503936768,0.996039628982544,0.9413413405418396
YDL078C,YOR230W,0,-5.9609995,0.0966285690665245,0.996039628982544,0.9414414167404175
YGL112C,YJL006C,0,-5.976332,0.09661928564310074,0.996039628982544,0.9415415525436401
YLR208W,YGL019W,0,-5.9774394,0.09661000967025757,0.996039628982544,0.941641628742218
YNL032W,YGR072W,0,-5.978882,0.0966007262468338,0.996039628982544,0.9417417645454407
YFR018C,YDR260C,0,-5.9789777,0.09659145772457123,0.996039628982544,0.9418418407440186
YLR113W,YOR025W,0,-5.991515,0.09658218175172806,0.996039628982544,0.9419419169425964
YMR061W,YPL273W,0,-5.9922266,0.09657291322946548,0.996039628982544,0.9420420527458191
YHR039C-A,YPL027W,0,-5.999826,0.09656363725662231,0.996039628982544,0.942142128944397
YKL117W,YGR229C,0,-6.0003486,0.09655436873435974,0.996039628982544,0.9422422647476196
YER050C,YNR006W,0,-6.0026217,0.09654510766267776,0.996039628982544,0.9423423409461975
YHR066W,YHR156C,0,-6.015744,0.09653583914041519,0.996039628982544,0.9424424171447754
YJL187C,YIL094C,0,-6.0182323,0.09652657806873322,0.996039628982544,0.942542552947998
YKR056W,YLR353W,0,-6.018673,0.09651731699705124,0.996039628982544,0.9426426291465759
YMR005W,YLR316C,0,-6.022668,0.09650805592536926,0.996039628982544,0.9427427649497986
YBR170C,YKR101W,0,-6.029162,0.09649880230426788,0.996039628982544,0.9428428411483765
YLR353W,YBR026C,0,-6.029552,0.0964895486831665,0.996039628982544,0.9429429173469543
YGR271W,YBR061C,0,-6.039028,0.09648029506206512,0.996039628982544,0.943043053150177
YPL240C,YLR429W,0,-6.0397434,0.09647104144096375,0.996039628982544,0.9431431293487549
YFR045W,YLL033W,0,-6.039747,0.09646178781986237,0.996039628982544,0.9432432651519775
YER098W,YJL187C,0,-6.0400095,0.09645254164934158,0.996039628982544,0.9433433413505554
YHR214C-B,YLL061W,0,-6.0506554,0.0964432954788208,0.996039628982544,0.9434434175491333
YML097C,YLR300W,0,-6.0576453,0.09643404930830002,0.996039628982544,0.943543553352356
YOR226C,YBR243C,0,-6.06284,0.09642480313777924,0.996039628982544,0.9436436295509338
YMR239C,YJL176C,0,-6.0629077,0.09641556441783905,0.996039628982544,0.9437437653541565
YJL172W,YCR014C,0,-6.0668106,0.09640632569789886,0.996039628982544,0.9438438415527344
YOR219C,YNR010W,0,-6.069927,0.09639708697795868,0.996039628982544,0.9439439177513123
YBR155W,YML006C,0,-6.0806823,0.0963878482580185,0.996039628982544,0.9440440535545349
YLR325C,YOR340C,0,-6.0814056,0.0963786169886589,0.996039628982544,0.9441441297531128
YOL043C,YML039W,0,-6.0816126,0.09636938571929932,0.996039628982544,0.9442442655563354
YGR180C,YOL107W,0,-6.0910544,0.09636015444993973,0.996039628982544,0.9443443417549133
YLR203C,YNL230C,0,-6.0926423,0.09635092318058014,0.996039628982544,0.9444444179534912
YAR002C-A,YDR131C,0,-6.096493,0.09634169936180115,0.996039628982544,0.9445445537567139
YLR165C,YDR172W,0,-6.0994186,0.09633246809244156,0.996039628982544,0.9446446299552917
YNL172W,YOR353C,0,-6.105691,0.09632324427366257,0.996039628982544,0.9447447657585144
YMR269W,YMR308C,0,-6.107646,0.09631402790546417,0.996039628982544,0.9448448419570923
YAL033W,YMR229C,0,-6.1080713,0.09630480408668518,0.996039628982544,0.9449449181556702
YGR179C,YDR472W,0,-6.111072,0.09629558771848679,0.996039628982544,0.9450450539588928
YBR243C,YFL023W,0,-6.1127586,0.09628637135028839,0.996039628982544,0.9451451301574707
YLL051C,YLR103C,0,-6.1201143,0.09627715498209,0.996039628982544,0.9452452659606934
YKR071C,YGL113W,0,-6.128647,0.0962679460644722,0.996039628982544,0.9453453421592712
YOL145C,YMR238W,0,-6.132126,0.0962587296962738,0.996039628982544,0.9454454183578491
YMR093W,YJL095W,0,-6.1398964,0.096249520778656,0.996039628982544,0.9455455541610718
YNL271C,YKR044W,0,-6.144512,0.09624031186103821,0.996039628982544,0.9456456303596497
YBR195C,YFR045W,0,-6.1475544,0.09623111039400101,0.996039628982544,0.9457457661628723
YGR085C,YNR028W,0,-6.1475935,0.09622190147638321,0.996039628982544,0.9458458423614502
YIL139C,YER171W,0,-6.161772,0.09621270000934601,0.996039628982544,0.9459459185600281
YBR261C,YJL141C,0,-6.165263,0.09620349854230881,0.996039628982544,0.9460460543632507
YCR060W,YNR006W,0,-6.171796,0.0961943045258522,0.996039628982544,0.9461461305618286
YLR285W,YOL108C,0,-6.1842966,0.096185103058815,0.996039628982544,0.9462462663650513
YCR060W,YNL267W,0,-6.1903477,0.0961759090423584,0.996039628982544,0.9463463425636292
YAR002C-A,YMR173W,0,-6.1910706,0.0961667150259018,0.996039628982544,0.946446418762207
YDR067C,YMR039C,0,-6.1943693,0.09615752100944519,0.996039628982544,0.9465465545654297
YNL032W,YKL082C,0,-6.2047358,0.09614833444356918,0.996039628982544,0.9466466307640076
YBR222C,YNL092W,0,-6.2075815,0.09613914042711258,0.996039628982544,0.9467467665672302
YER008C,YJL053W,0,-6.2119255,0.09612995386123657,0.996039628982544,0.9468468427658081
YFR001W,YCL004W,0,-6.215191,0.09612077474594116,0.996039628982544,0.946946918964386
YOR219C,YMR143W,0,-6.215875,0.09611158818006516,0.996039628982544,0.9470470547676086
YOR317W,YML006C,0,-6.2274,0.09610240906476974,0.996039628982544,0.9471471309661865
YDR530C,YDR245W,0,-6.2302094,0.09609322994947433,0.996039628982544,0.9472472667694092
YMR065W,YOL108C,0,-6.2353706,0.09608405083417892,0.996039628982544,0.9473473429679871
YGL209W,YJL066C,0,-6.236541,0.09607487171888351,0.996039628982544,0.9474474191665649
YNL107W,YMR229C,0,-6.2383165,0.0960657000541687,0.996039628982544,0.9475475549697876
YGR252W,YBR061C,0,-6.2391157,0.09605652838945389,0.996039628982544,0.9476476311683655
YKL020C,YGL037C,0,-6.249483,0.09604735672473907,0.996039628982544,0.9477477669715881
YPL082C,YJR063W,0,-6.261704,0.09603818506002426,0.996039628982544,0.947847843170166
YKR056W,YMR136W,0,-6.2661333,0.09602902084589005,0.996039628982544,0.9479479193687439
YNL102W,YJL117W,0,-6.2745132,0.09601985663175583,0.996039628982544,0.9480480551719666
YOL052C,YOL028C,0,-6.2768636,0.09601069241762161,0.996039628982544,0.9481481313705444
YBL089W,YDR403W,0,-6.2867756,0.0960015282034874,0.996039628982544,0.9482482671737671
YDL111C,YAL029C,0,-6.288651,0.09599236398935318,0.996039628982544,0.948348343372345
YMR284W,YBR074W,0,-6.2936354,0.09598320722579956,0.996039628982544,0.9484484195709229
YJL130C,YJR101W,0,-6.29768,0.09597405046224594,0.996039628982544,0.9485485553741455
YLR080W,YPL042C,0,-6.300558,0.09596489369869232,0.996039628982544,0.9486486315727234
YJL011C,YLR141W,0,-6.30515,0.0959557443857193,0.996039628982544,0.948748767375946
YLR047C,YDR461W,0,-6.3088007,0.09594658762216568,0.996039628982544,0.9488488435745239
YOL165C,YPL244C,0,-6.310681,0.09593743830919266,0.996039628982544,0.9489489197731018
YMR020W,YJL155C,0,-6.3168592,0.09592828899621964,0.996039628982544,0.9490490555763245
YNL032W,YOL054W,0,-6.318348,0.09591914713382721,0.996039628982544,0.9491491317749023
YER175C,YNL080C,0,-6.318461,0.09590999782085419,0.996039628982544,0.949249267578125
YPL259C,YLR278C,0,-6.3219824,0.09590085595846176,0.996039628982544,0.9493493437767029
YJL112W,YKR103W,0,-6.3247967,0.09589171409606934,0.996039628982544,0.9494494199752808
YPL167C,YLR389C,0,-6.3254337,0.09588257968425751,0.996039628982544,0.9495495557785034
YAL054C,YHL027W,0,-6.327173,0.09587343782186508,0.996039628982544,0.9496496319770813
YNR074C,YLR130C,0,-6.3272977,0.09586430341005325,0.996039628982544,0.949749767780304
YBL076C,YKL165C,0,-6.337304,0.09585516899824142,0.996039628982544,0.9498498439788818
YIL080W,YAR031W,0,-6.3476343,0.0958460345864296,0.996039628982544,0.9499499201774597
YBR002C,YBR006W,0,-6.362382,0.09583690762519836,0.996039628982544,0.9500500559806824
YKL020C,YKL078W,0,-6.3642063,0.09582777321338654,0.996039628982544,0.9501501321792603
YNL304W,YKL095W,0,-6.3652034,0.0958186462521553,0.996039628982544,0.9502502679824829
YML071C,YOL124C,0,-6.384082,0.09580952674150467,0.996039628982544,0.9503503441810608
YOL129W,YLR157C,0,-6.3903503,0.09580039978027344,0.996039628982544,0.9504504799842834
YGL094C,YNR035C,0,-6.3981886,0.0957912802696228,0.996039628982544,0.9505505561828613
YLR020C,YOL111C,0,-6.409089,0.09578216075897217,0.996039628982544,0.9506506323814392
YAL033W,YNL283C,0,-6.413891,0.09577304124832153,0.996039628982544,0.9507507681846619
YNL147W,YNR003C,0,-6.415058,0.0957639217376709,0.996039628982544,0.9508508443832397
YOL057W,YMR203W,0,-6.417099,0.09575480967760086,0.996039628982544,0.9509509801864624
YNR057C,YLR073C,0,-6.4285517,0.09574569016695023,0.996039628982544,0.9510510563850403
YLR325C,YOR338W,0,-6.4477863,0.09573657810688019,0.996039628982544,0.9511511325836182
YPL134C,YNL304W,0,-6.448752,0.09572747349739075,0.996039628982544,0.9512512683868408
YOR148C,YFL001W,0,-6.4512167,0.09571836143732071,0.996039628982544,0.9513513445854187
YCL036W,YOR054C,0,-6.451326,0.09570925682783127,0.996039628982544,0.9514514803886414
YER138C,YPR119W,0,-6.4528904,0.09570015221834183,0.996039628982544,0.9515515565872192
YJR107W,YIL006W,0,-6.4640517,0.09569104760885239,0.996039628982544,0.9516516327857971
YBR261C,YGR084C,0,-6.4656897,0.09568195044994354,0.996039628982544,0.9517517685890198
YOR237W,YBR141C,0,-6.47536,0.0956728458404541,0.996039628982544,0.9518518447875977
YOR147W,YGR238C,0,-6.4879875,0.09566374868154526,0.996039628982544,0.9519519805908203
YCR060W,YOL124C,0,-6.493532,0.09565465152263641,0.996039628982544,0.9520520567893982
YDL054C,YMR267W,0,-6.49413,0.09564556181430817,0.996039628982544,0.9521521329879761
YPL064C,YOR299W,0,-6.504943,0.09563646465539932,0.996039628982544,0.9522522687911987
YMR319C,YEL040W,0,-6.507698,0.09562737494707108,0.996039628982544,0.9523523449897766
YBR257W,YIL048W,0,-6.5102024,0.09561828523874283,0.996039628982544,0.9524524807929993
YDR371W,YMR295C,0,-6.519473,0.09560920298099518,0.996039628982544,0.9525525569915771
YMR089C,YJL004C,0,-6.520652,0.09560011327266693,0.996039628982544,0.952652633190155
YJL087C,YPR162C,0,-6.5245867,0.09559103101491928,0.996039628982544,0.9527527689933777
YKL103C,YJR026W,0,-6.53992,0.09558194875717163,0.996039628982544,0.9528528451919556
YMR276W,YPR091C,0,-6.5407467,0.09557286649942398,0.996039628982544,0.9529529809951782
YDR131C,YML080W,0,-6.5494537,0.09556379169225693,0.996039628982544,0.9530530571937561
YHR061C,YOR275C,0,-6.555172,0.09555470943450928,0.996039628982544,0.953153133392334
YDR026C,YPL082C,0,-6.5588675,0.09554563462734222,0.996039628982544,0.9532532691955566
YMR078C,YDL039C,0,-6.560432,0.09553655982017517,0.996039628982544,0.9533533453941345
YNL314W,YGR105W,0,-6.5736723,0.09552749246358871,0.996039628982544,0.9534534811973572
YLL029W,YGR255C,0,-6.575617,0.09551841765642166,0.996039628982544,0.9535535573959351
YNR067C,YLR103C,0,-6.5835924,0.0955093502998352,0.996039628982544,0.9536536335945129
YOL145C,YMR061W,0,-6.58563,0.09550028294324875,0.996039628982544,0.9537537693977356
YMR321C,YDR245W,0,-6.5881433,0.09549122303724289,0.996039628982544,0.9538538455963135
YOR283W,YLR183C,0,-6.59205,0.09548215568065643,0.996039628982544,0.9539539813995361
YER125W,YGR134W,0,-6.5927906,0.09547309577465057,0.996039628982544,0.954054057598114
YKL093W,YPL200W,0,-6.594261,0.09546403586864471,0.996039628982544,0.9541541337966919
YOL028C,YOR226C,0,-6.6257033,0.09545497596263885,0.996039628982544,0.9542542695999146
YLR107W,YLR009W,0,-6.626544,0.09544592350721359,0.996039628982544,0.9543543457984924
YGL172W,YOL057W,0,-6.638069,0.09543686360120773,0.996039628982544,0.9544544816017151
YOR275C,YDR138W,0,-6.641511,0.09542781114578247,0.996039628982544,0.954554557800293
YMR013C,YOL052C,0,-6.641595,0.09541875869035721,0.996039628982544,0.9546546339988708
YOR338W,YMR034C,0,-6.6618586,0.09540971368551254,0.996039628982544,0.9547547698020935
YJL214W,YAR031W,0,-6.6762857,0.09540066123008728,0.996039628982544,0.9548548460006714
YOR206W,YDR410C,0,-6.6772294,0.09539161622524261,0.996039628982544,0.954954981803894
YGR225W,YJL214W,0,-6.6793423,0.09538257122039795,0.996039628982544,0.9550550580024719
YGR010W,YKL165C,0,-6.6801367,0.09537353366613388,0.996039628982544,0.9551551342010498
YBR042C,YPR159W,0,-6.6839767,0.09536448866128922,0.996039628982544,0.9552552700042725
YML051W,YDR196C,0,-6.6899486,0.09535545110702515,0.996039628982544,0.9553553462028503
YER175C,YGL004C,0,-6.69779,0.09534641355276108,0.996039628982544,0.955455482006073
YJL114W,YOR209C,0,-6.7028,0.09533737599849701,0.996039628982544,0.9555555582046509
YLR165C,YPL167C,0,-6.7048655,0.09532834589481354,0.996039628982544,0.9556556344032288
YKL020C,YDL140C,0,-6.7092133,0.09531930834054947,0.996039628982544,0.9557557702064514
YJL187C,YKL172W,0,-6.7163963,0.095310278236866,0.996039628982544,0.9558558464050293
YNL282W,YPR125W,0,-6.7189627,0.09530124813318253,0.996039628982544,0.955955982208252
YJL066C,YPR149W,0,-6.731311,0.09529222548007965,0.996039628982544,0.9560560584068298
YMR065W,YKL085W,0,-6.7315893,0.09528319537639618,0.996039628982544,0.9561561346054077
YAL040C,YPR160W,0,-6.73551,0.0952741727232933,0.996039628982544,0.9562562704086304
YMR186W,YDL045C,0,-6.739126,0.09526515007019043,0.996039628982544,0.9563563466072083
YKR071C,YFL010W-A,0,-6.7451572,0.09525612741708755,0.996039628982544,0.9564564824104309
YBR230C,YGR143W,0,-6.745412,0.09524711221456528,0.996039628982544,0.9565565586090088
YPR171W,YLR025W,0,-6.7530327,0.095238097012043,0.996039628982544,0.9566566348075867
YJL081C,YJL085W,0,-6.7711325,0.09522908180952072,0.996039628982544,0.9567567706108093
YDL217C,YJR101W,0,-6.772498,0.09522006660699844,0.996039628982544,0.9568568468093872
YJR127C,YLR429W,0,-6.7730722,0.09521105140447617,0.996039628982544,0.9569569826126099
YJL225C,YPL131W,0,-6.7762327,0.09520204365253448,0.996039628982544,0.9570570588111877
YIL002C,YIL159W,0,-6.780207,0.0951930359005928,0.996039628982544,0.9571571350097656
YMR194W,YFL010W-A,0,-6.780343,0.09518402814865112,0.996039628982544,0.9572572708129883
YKL171W,YBL028C,0,-6.780613,0.09517502039670944,0.996039628982544,0.9573573470115662
YLL029W,YHR082C,0,-6.785877,0.09516602009534836,0.996039628982544,0.9574574828147888
YOR304W,YPL139C,0,-6.7881927,0.09515701979398727,0.996039628982544,0.9575575590133667
YLR080W,YLL012W,0,-6.7937584,0.09514801949262619,0.996039628982544,0.9576576352119446
YDL217C,YNL290W,0,-6.7987065,0.0951390191912651,0.996039628982544,0.9577577710151672
YLR043C,YDL227C,0,-6.813427,0.09513002634048462,0.996039628982544,0.9578578472137451
YER050C,YKL180W,0,-6.818451,0.09512102603912354,0.996039628982544,0.9579579830169678
YDR164C,YPL122C,0,-6.8203416,0.09511203318834305,0.996039628982544,0.9580580592155457
YLR182W,YOR038C,0,-6.8294573,0.09510304033756256,0.996039628982544,0.9581581354141235
YOL107W,YNL092W,0,-6.834564,0.09509405493736267,0.996039628982544,0.9582582712173462
YER008C,YKL124W,0,-6.836813,0.09508506953716278,0.996039628982544,0.9583583474159241
YJL034W,YFL014W,0,-6.8407707,0.0950760766863823,0.996039628982544,0.9584584832191467
YNL027W,YNL298W,0,-6.8437214,0.095067098736763,0.996039628982544,0.9585585594177246
YPL042C,YNR002C,0,-6.846527,0.09505811333656311,0.996039628982544,0.9586586356163025
YNR067C,YBR173C,0,-6.8568373,0.09504912793636322,0.996039628982544,0.9587587714195251
YNL127W,YMR054W,0,-6.857291,0.09504014998674393,0.996039628982544,0.958858847618103
YGR085C,YIL140W,0,-6.860524,0.09503117203712463,0.996039628982544,0.9589589834213257
YJL114W,YMR218C,0,-6.8705397,0.09502219408750534,0.996039628982544,0.9590590596199036
YLL003W,YLR251W,0,-6.87158,0.09501322358846664,0.996039628982544,0.9591591358184814
YNL131W,YOR304W,0,-6.872303,0.09500425308942795,0.996039628982544,0.9592592716217041
YLR024C,YJL171C,0,-6.877173,0.09499527513980865,0.996039628982544,0.959359347820282
YDR332W,YDL045C,0,-6.877965,0.09498631209135056,0.996039628982544,0.9594594836235046
YDR131C,YHR085W,0,-6.8829536,0.09497734159231186,0.996039628982544,0.9595595598220825
YDL078C,YCR002C,0,-6.8856463,0.09496837854385376,0.996039628982544,0.9596596360206604
YOR159C,YJL060W,0,-6.8900743,0.09495940804481506,0.996039628982544,0.9597597718238831
YJR031C,YGR134W,0,-6.8901486,0.09495044499635696,0.996039628982544,0.9598598480224609
YNL231C,YDL179W,0,-6.901107,0.09494148939847946,0.996039628982544,0.9599599838256836
YDR064W,YMR038C,0,-6.906955,0.09493252635002136,0.996039628982544,0.9600600600242615
YNL297C,YLR033W,0,-6.9114904,0.09492357075214386,0.996039628982544,0.9601601362228394
YBR238C,YNR035C,0,-6.922928,0.09491461515426636,0.996039628982544,0.960260272026062
YGR255C,YHL027W,0,-6.9310093,0.09490565955638885,0.996039628982544,0.9603603482246399
YFR018C,YLL040C,0,-6.9362025,0.09489671140909195,0.996039628982544,0.9604604840278625
YJR006W,YKL061W,0,-6.9366245,0.09488775581121445,0.996039628982544,0.9605605602264404
YGL237C,YBR128C,0,-6.943262,0.09487880766391754,0.996039628982544,0.9606606364250183
YPL223C,YMR250W,0,-6.944015,0.09486985951662064,0.996039628982544,0.960760772228241
YPR204W,YOR317W,0,-6.9611216,0.09486091136932373,0.996039628982544,0.9608608484268188
YCL036W,YJR101W,0,-6.9628735,0.09485197067260742,0.996039628982544,0.9609609842300415
YKL007W,YGR179C,0,-6.968324,0.09484302997589111,0.996039628982544,0.9610610604286194
YMR032W,YDR444W,0,-6.985818,0.0948340892791748,0.996039628982544,0.9611611366271973
YEL036C,YLR164W,0,-6.9979086,0.0948251485824585,0.996039628982544,0.9612612724304199
YOR176W,YPR091C,0,-7.0040684,0.09481620788574219,0.996039628982544,0.9613613486289978
YGR144W,YOR351C,0,-7.0052624,0.09480727463960648,0.996039628982544,0.9614614844322205
YDL061C,YBR067C,0,-7.0074635,0.09479834139347076,0.996039628982544,0.9615615606307983
YMR046C,YLR026C,0,-7.008649,0.09478940814733505,0.996039628982544,0.9616616368293762
YPL147W,YER115C,0,-7.010749,0.09478047490119934,0.996039628982544,0.9617617726325989
YDR026C,YHR069C,0,-7.0188437,0.09477154910564423,0.996039628982544,0.9618618488311768
YMR077C,YBR222C,0,-7.0242662,0.09476262331008911,0.996039628982544,0.9619619846343994
YMR078C,YOR098C,0,-7.028546,0.094753697514534,0.996039628982544,0.9620620608329773
YGR288W,YJL124C,0,-7.044427,0.09474477171897888,0.996039628982544,0.9621621370315552
YEL070W,YIL177C,0,-7.0468454,0.09473585337400436,0.996039628982544,0.9622622728347778
YLR009W,YLR187W,0,-7.054091,0.09472692757844925,0.996039628982544,0.9623623490333557
YKR056W,YLR213C,0,-7.0577736,0.09471800923347473,0.996039628982544,0.9624624848365784
YOR304W,YDR245W,0,-7.061731,0.09470909088850021,0.996039628982544,0.9625625610351562
YBL028C,YFL023W,0,-7.06273,0.09470017999410629,0.996039628982544,0.9626626372337341
YJL066C,YNL274C,0,-7.0637627,0.09469126164913177,0.996039628982544,0.9627627730369568
YBR196C,YPR187W,0,-7.0663624,0.09468235075473785,0.996039628982544,0.9628628492355347
YDL024C,YEL056W,0,-7.0707693,0.09467343986034393,0.996039628982544,0.9629629850387573
YFL066C,YIL020C,0,-7.0841618,0.09466453641653061,0.996039628982544,0.9630630612373352
YDL015C,YMR200W,0,-7.0843134,0.09465562552213669,0.996039628982544,0.9631631374359131
YIL046W,YDR218C,0,-7.085145,0.09464672207832336,0.996039628982544,0.9632632732391357
YHR082C,YML128C,0,-7.0904922,0.09463781863451004,0.996039628982544,0.9633633494377136
YLR386W,YBL034C,0,-7.101959,0.09462891519069672,0.996039628982544,0.9634634852409363
YGL094C,YLR380W,0,-7.114723,0.09462001174688339,0.996039628982544,0.9635635614395142
YJR006W,YLR129W,0,-7.11757,0.09461111575365067,0.996039628982544,0.963663637638092
YOL057W,YDL245C,0,-7.118171,0.09460221976041794,0.996039628982544,0.9637637734413147
YLR353W,YOL107W,0,-7.1280317,0.09459332376718521,0.996039628982544,0.9638638496398926
YGL122C,YPL065W,0,-7.1288548,0.09458442777395248,0.996039628982544,0.9639639854431152
YPR204W,YJL178C,0,-7.149718,0.09457553923130035,0.996039628982544,0.9640640616416931
YNR044W,YJR031C,0,-7.1514997,0.09456665068864822,0.996039628982544,0.964164137840271
YGR144W,YGR089W,0,-7.1547313,0.0945577621459961,0.996039628982544,0.9642642736434937
YPL139C,YIL135C,0,-7.157179,0.09454887360334396,0.996039628982544,0.9643643498420715
YMR090W,YPR083W,0,-7.1703367,0.09453998506069183,0.996039628982544,0.9644644856452942
YNL032W,YJL006C,0,-7.1814194,0.0945311039686203,0.996039628982544,0.9645645618438721
YLR129W,YFL023W,0,-7.189239,0.09452222287654877,0.996039628982544,0.96466463804245
YPR135W,YMR273C,0,-7.1928024,0.09451334178447723,0.996039628982544,0.9647647738456726
YKR019C,YOL102C,0,-7.194313,0.0945044606924057,0.996039628982544,0.9648648500442505
YBR095C,YPR159W,0,-7.199439,0.09449558705091476,0.996039628982544,0.9649649858474731
YMR169C,YJR026W,0,-7.2025614,0.09448671340942383,0.996039628982544,0.965065062046051
YBR195C,YIL080W,0,-7.2138443,0.09447783976793289,0.996039628982544,0.9651651382446289
YDR137W,YER168C,0,-7.215509,0.09446896612644196,0.996039628982544,0.9652652740478516
YMR112C,YJR026W,0,-7.2168427,0.09446009248495102,0.996039628982544,0.9653653502464294
YLR452C,YJL128C,0,-7.2259746,0.09445122629404068,0.996039628982544,0.9654654860496521
YGR020C,YDL039C,0,-7.231785,0.09444236010313034,0.996039628982544,0.96556556224823
YDR449C,YDR470C,0,-7.2325315,0.09443349391222,0.996039628982544,0.9656656384468079
YDR373W,YOR180C,0,-7.2371597,0.09442462772130966,0.996039628982544,0.9657657742500305
YMR039C,YOR251C,0,-7.24448,0.09441576898097992,0.996039628982544,0.9658658504486084
YBR172C,YGL037C,0,-7.2466946,0.09440691024065018,0.996039628982544,0.965965986251831
YDR419W,YGR167W,0,-7.2512665,0.09439805150032043,0.996039628982544,0.9660660624504089
YNL044W,YDL059C,0,-7.254165,0.09438919275999069,0.996039628982544,0.9661661386489868
YFR001W,YIR005W,0,-7.254227,0.09438033401966095,0.996039628982544,0.9662662744522095
YIL079C,YLR073C,0,-7.2641625,0.0943714827299118,0.996039628982544,0.9663663506507874
YDR460W,YIL159W,0,-7.2668295,0.09436263144016266,0.996039628982544,0.96646648645401
YOL142W,YOL136C,0,-7.2737823,0.09435378015041351,0.996039628982544,0.9665665626525879
YPR080W,YLR025W,0,-7.2759156,0.09434492886066437,0.996039628982544,0.9666666388511658
YEL069C,YNL239W,0,-7.2809134,0.09433608502149582,0.996039628982544,0.9667667746543884
YLR105C,YJL149W,0,-7.2876463,0.09432724118232727,0.996039628982544,0.9668668508529663
YJL225C,YEL040W,0,-7.2935915,0.09431839734315872,0.996039628982544,0.966966986656189
YDR310C,YLL033W,0,-7.3089094,0.09430955350399017,0.996039628982544,0.9670670628547668
YLR429W,YOR299W,0,-7.31281,0.09430070966482162,0.996039628982544,0.9671671390533447
YHR119W,YOL104C,0,-7.3145905,0.09429187327623367,0.996039628982544,0.9672672748565674
YHR179W,YDR146C,0,-7.3198204,0.09428303688764572,0.996039628982544,0.9673673510551453
YLR383W,YDR281C,0,-7.3265276,0.09427420049905777,0.996039628982544,0.9674674868583679
YDR131C,YDR229W,0,-7.3294854,0.09426536411046982,0.996039628982544,0.9675675630569458
YGL203C,YNR003C,0,-7.3459263,0.09425653517246246,0.996039628982544,0.9676676392555237
YHR066W,YDR146C,0,-7.3507857,0.09424770623445511,0.996039628982544,0.9677677750587463
YHR029C,YKL168C,0,-7.3581123,0.09423887729644775,0.996039628982544,0.9678678512573242
YOL107W,YPR060C,0,-7.3581314,0.0942300483584404,0.996039628982544,0.9679679870605469
YGR238C,YLR389C,0,-7.3620462,0.09422122687101364,0.996039628982544,0.9680680632591248
YBR247C,YOL052C,0,-7.3685493,0.09421239793300629,0.996039628982544,0.9681681394577026
YGR089W,YNL175C,0,-7.377078,0.09420357644557953,0.996039628982544,0.9682682752609253
YBR247C,YHR056C,0,-7.385371,0.09419475495815277,0.996039628982544,0.9683683514595032
YIR011C,YGL203C,0,-7.3937526,0.09418594092130661,0.996039628982544,0.9684684872627258
YMR013C,YKL190W,0,-7.394234,0.09417711943387985,0.996039628982544,0.9685685634613037
YCR030C,YNL050C,0,-7.3975015,0.09416830539703369,0.996039628982544,0.9686686396598816
YLR264W,YGL174W,0,-7.4050946,0.09415949136018753,0.996039628982544,0.9687687754631042
YMR270C,YER190W,0,-7.4194145,0.09415067732334137,0.996039628982544,0.9688688516616821
YLR270W,YNL092W,0,-7.427388,0.0941418707370758,0.996039628982544,0.9689689874649048
YMR218C,YGR216C,0,-7.4288454,0.09413305670022964,0.996039628982544,0.9690690636634827
YKL161C,YMR078C,0,-7.4441533,0.09412425011396408,0.996039628982544,0.9691691398620605
YDL036C,YMR077C,0,-7.4477887,0.09411544352769852,0.996039628982544,0.9692692756652832
YPL244C,YAL029C,0,-7.449499,0.09410664439201355,0.996039628982544,0.9693693518638611
YOL124C,YJR083C,0,-7.451975,0.09409783780574799,0.996039628982544,0.9694694876670837
YPL163C,YMR114C,0,-7.4562426,0.09408903867006302,0.996039628982544,0.9695695638656616
YDR415C,YPR152C,0,-7.461348,0.09408023953437805,0.996039628982544,0.9696696400642395
YNL079C,YGR229C,0,-7.463953,0.09407144039869308,0.996039628982544,0.9697697758674622
YBR230C,YDL097C,0,-7.466158,0.09406264871358871,0.996039628982544,0.96986985206604
YBR274W,YDR461W,0,-7.467393,0.09405384957790375,0.996039628982544,0.9699699878692627
YAL033W,YCR052W,0,-7.4748516,0.09404505789279938,0.996039628982544,0.9700700640678406
YOL165C,YKR056W,0,-7.484557,0.09403626620769501,0.996039628982544,0.9701701998710632
YOR106W,YDR174W,0,-7.487412,0.09402748197317123,0.996039628982544,0.9702702760696411
YOR025W,YHR085W,0,-7.4896774,0.09401869028806686,0.996039628982544,0.970370352268219
YMR319C,YDR310C,0,-7.4944334,0.09400990605354309,0.996039628982544,0.9704704880714417
YKL205W,YHR039C-A,0,-7.508084,0.09400112181901932,0.996039628982544,0.9705705642700195
YMR013C,YPL065W,0,-7.5101023,0.09399233758449554,0.996039628982544,0.9706707000732422
YBR274W,YPL163C,0,-7.512015,0.09398356080055237,0.996039628982544,0.9707707762718201
YMR097C,YJR140C,0,-7.514595,0.0939747765660286,0.996039628982544,0.970870852470398
YKR020W,YFR018C,0,-7.521674,0.09396599978208542,0.996039628982544,0.9709709882736206
YLR295C,YHR057C,0,-7.523069,0.09395722299814224,0.996039628982544,0.9710710644721985
YNL182C,YCR002C,0,-7.528826,0.09394844621419907,0.996039628982544,0.9711712002754211
YHR004C,YNR035C,0,-7.5410156,0.09393967688083649,0.996039628982544,0.971271276473999
YKL095W,YLR151C,0,-7.545863,0.09393090754747391,0.996039628982544,0.9713713526725769
YNL127W,YER185W,0,-7.551708,0.09392213821411133,0.996039628982544,0.9714714884757996
YDR138W,YKR068C,0,-7.5548897,0.09391336888074875,0.996039628982544,0.9715715646743774
YDR453C,YER101C,0,-7.5583773,0.09390459954738617,0.996039628982544,0.9716717004776001
YNL050C,YGR271W,0,-7.560711,0.09389583766460419,0.996039628982544,0.971771776676178
YOL141W,YOR393W,0,-7.5608788,0.0938870757818222,0.996039628982544,0.9718718528747559
YCL008C,YOL052C,0,-7.562098,0.09387831389904022,0.996039628982544,0.9719719886779785
YOR237W,YBR187W,0,-7.564647,0.09386955201625824,0.996039628982544,0.9720720648765564
YKL038W,YPR190C,0,-7.5694923,0.09386079758405685,0.996039628982544,0.972172200679779
YOR304C-A,YJL206C,0,-7.589114,0.09385203570127487,0.996039628982544,0.9722722768783569
YLR129W,YFL066C,0,-7.6084566,0.09384328126907349,0.996039628982544,0.9723723530769348
YPR137W,YOR209C,0,-7.608777,0.0938345268368721,0.996039628982544,0.9724724888801575
YDR254W,YBR257W,0,-7.617311,0.09382577985525131,0.996039628982544,0.9725725650787354
YPL163C,YDL074C,0,-7.6342936,0.09381702542304993,0.996039628982544,0.972672700881958
YGR258C,YNL307C,0,-7.6397133,0.09380827844142914,0.996039628982544,0.9727727770805359
YPR187W,YPR159W,0,-7.646437,0.09379953145980835,0.996039628982544,0.9728728532791138
YHR077C,YLR213C,0,-7.6513147,0.09379079192876816,0.996039628982544,0.9729729890823364
YOR209C,YLR429W,0,-7.6763783,0.09378204494714737,0.996039628982544,0.9730730652809143
YOR074C,YML039W,0,-7.6840343,0.09377330541610718,0.996039628982544,0.973173201084137
YMR112C,YDR081C,0,-7.690313,0.09376456588506699,0.996039628982544,0.9732732772827148
YPR152C,YJR063W,0,-7.690396,0.0937558263540268,0.996039628982544,0.9733733534812927
YMR169C,YPR159W,0,-7.6924095,0.0937470868229866,0.996039628982544,0.9734734892845154
YBR066C,YBL112C,0,-7.693962,0.09373835474252701,0.996039628982544,0.9735735654830933
YKL210W,YAR035W,0,-7.694273,0.09372961521148682,0.996039628982544,0.9736737012863159
YBR183W,YNR044W,0,-7.6988325,0.09372089058160782,0.996039628982544,0.9737737774848938
YDL216C,YEL041W,0,-7.703157,0.09371215850114822,0.996039628982544,0.9738738536834717
YNL147W,YBL089W,0,-7.706919,0.09370342642068863,0.996039628982544,0.9739739894866943
YOR323C,YBR095C,0,-7.709776,0.09369470179080963,0.996039628982544,0.9740740656852722
YER171W,YOR294W,0,-7.725837,0.09368597716093063,0.996039628982544,0.9741742014884949
YAL022C,YJL071W,0,-7.732396,0.09367725253105164,0.996039628982544,0.9742742776870728
YLR316C,YJR103W,0,-7.739661,0.09366852790117264,0.996039628982544,0.9743743538856506
YJR004C,YMR019W,0,-7.7484093,0.09365981072187424,0.996039628982544,0.9744744896888733
YBR173C,YBR257W,0,-7.757736,0.09365108609199524,0.996039628982544,0.9745745658874512
YBR195C,YLR291C,0,-7.780029,0.09364236891269684,0.996039628982544,0.9746747016906738
YOR020C,YMR034C,0,-7.784293,0.09363365918397903,0.996039628982544,0.9747747778892517
YKL038W,YAR035W,0,-7.78557,0.09362494200468063,0.996039628982544,0.9748748540878296
YDR211W,YKL168C,0,-7.796011,0.09361623227596283,0.996039628982544,0.9749749898910522
YKL201C,YDR218C,0,-7.7985587,0.09360751509666443,0.996039628982544,0.9750750660896301
YNL084C,YLR264W,0,-7.8027153,0.09359880536794662,0.996039628982544,0.9751752018928528
YKR056W,YCR026C,0,-7.824801,0.09359010308980942,0.996039628982544,0.9752752780914307
YLR157C,YOR085W,0,-7.826601,0.09358139336109161,0.996039628982544,0.9753753542900085
YNL309W,YML099C,0,-7.8414135,0.0935726910829544,0.996039628982544,0.9754754900932312
YGR144W,YIL132C,0,-7.842151,0.0935639888048172,0.996039628982544,0.9755755662918091
YDR457W,YGR118W,0,-7.8563824,0.09355528652667999,0.996039628982544,0.9756757020950317
YNL027W,YIL140W,0,-7.8652515,0.09354658424854279,0.996039628982544,0.9757757782936096
YBL058W,YER137C,0,-7.867259,0.09353788942098618,0.996039628982544,0.9758758544921875
YER022W,YNL281W,0,-7.8799553,0.09352919459342957,0.996039628982544,0.9759759902954102
YOR054C,YAL054C,0,-7.8880014,0.09352049976587296,0.996039628982544,0.976076066493988
YMR090W,YBR243C,0,-7.8924103,0.09351180493831635,0.996039628982544,0.9761762022972107
YPR001W,YPL113C,0,-7.8953485,0.09350311011075974,0.996039628982544,0.9762762784957886
YCL008C,YEL070W,0,-7.9037423,0.09349442273378372,0.996039628982544,0.9763763546943665
YLR009W,YMR179W,0,-7.911474,0.09348573535680771,0.996039628982544,0.9764764904975891
YGR255C,YGL190C,0,-7.9237413,0.0934770479798317,0.996039628982544,0.976576566696167
YMR168C,YNL117W,0,-7.935569,0.09346836060285568,0.996039628982544,0.9766767024993896
YBR128C,YNL239W,0,-7.9425745,0.09345968067646027,0.996039628982544,0.9767767786979675
YOL057W,YCL024W,0,-7.946947,0.09345100075006485,0.996039628982544,0.9768768548965454
YOR138C,YNL298W,0,-7.9532,0.09344232082366943,0.996039628982544,0.9769769906997681
YLR219W,YPL087W,0,-7.97272,0.09343364089727402,0.996039628982544,0.977077066898346
YDR461W,YNR072W,0,-7.992853,0.0934249609708786,0.996039628982544,0.9771772027015686
YCR052W,YFL023W,0,-7.9929304,0.09341628849506378,0.996039628982544,0.9772772789001465
YOR176W,YGL051W,0,-8.001025,0.09340761601924896,0.996039628982544,0.9773773550987244
YJL130C,YHR079C,0,-8.013541,0.09339894354343414,0.996039628982544,0.977477490901947
YCL004W,YJR063W,0,-8.0273,0.09339027106761932,0.996039628982544,0.9775775671005249
YNL172W,YPL122C,0,-8.036848,0.0933815985918045,0.996039628982544,0.9776777029037476
YDR195W,YPR125W,0,-8.064979,0.09337293356657028,0.996039628982544,0.9777777791023254
YML006C,YOR294W,0,-8.077986,0.09336426854133606,0.996039628982544,0.9778778553009033
YJR005W,YLR389C,0,-8.083887,0.09335560351610184,0.996039628982544,0.977977991104126
YBR006W,YPL200W,0,-8.10606,0.09334694594144821,0.996039628982544,0.9780780673027039
YOL145C,YNL110C,0,-8.108925,0.09333828091621399,0.996039628982544,0.9781782031059265
YER117W,YCR052W,0,-8.112957,0.09332962334156036,0.996039628982544,0.9782782793045044
YIL177C,YDL077C,0,-8.132053,0.09332096576690674,0.996039628982544,0.9783783555030823
YGL062W,YDL170W,0,-8.177324,0.09331230819225311,0.996039628982544,0.9784784913063049
YOR378W,YFR019W,0,-8.196127,0.09330365061759949,0.996039628982544,0.9785785675048828
YNR031C,YNL182C,0,-8.206439,0.09329500049352646,0.996039628982544,0.9786787033081055
YGL094C,YLR025W,0,-8.240488,0.09328635036945343,0.996039628982544,0.9787787795066833
YLR285W,YLR016C,0,-8.241228,0.0932777002453804,0.996039628982544,0.9788788557052612
YMR025W,YLR429W,0,-8.26486,0.09326905012130737,0.996039628982544,0.9789789915084839
YHR061C,YER115C,0,-8.269056,0.09326040744781494,0.996039628982544,0.9790790677070618
YBR222C,YOR180C,0,-8.269258,0.09325176477432251,0.996039628982544,0.9791792035102844
YLR103C,YPL167C,0,-8.284358,0.09324311465024948,0.996039628982544,0.9792792797088623
YDL024C,YNL262W,0,-8.285368,0.09323447942733765,0.996039628982544,0.9793793559074402
YOR283W,YIL139C,0,-8.295045,0.09322583675384521,0.996039628982544,0.9794794917106628
YDR499W,YDL070W,0,-8.31624,0.09321720153093338,0.996039628982544,0.9795795679092407
YAL033W,YOR038C,0,-8.320831,0.09320855885744095,0.996039628982544,0.9796797037124634
YNL236W,YDL074C,0,-8.331553,0.09319992363452911,0.996039628982544,0.9797797799110413
YBR052C,YOR085W,0,-8.408743,0.09319129586219788,0.996039628982544,0.9798798561096191
YEL037C,YOL054W,0,-8.4093,0.09318266063928604,0.996039628982544,0.9799799919128418
YBR182C,YJR021C,0,-8.420244,0.0931740328669548,0.996039628982544,0.9800800681114197
YOR074C,YJR026W,0,-8.432344,0.09316539764404297,0.996039628982544,0.9801802039146423
YDR310C,YKL165C,0,-8.443069,0.09315677732229233,0.996039628982544,0.9802802801132202
YPR167C,YCL034W,0,-8.448999,0.09314814954996109,0.996039628982544,0.9803803563117981
YKL078W,YIL132C,0,-8.457006,0.09313952177762985,0.996039628982544,0.9804804921150208
YGR175C,YGR179C,0,-8.457712,0.09313090145587921,0.996039628982544,0.9805805683135986
YJR051W,YMR099C,0,-8.488148,0.09312228113412857,0.996039628982544,0.9806807041168213
YHR066W,YBR282W,0,-8.508379,0.09311366081237793,0.996039628982544,0.9807807803153992
YLR020C,YML006C,0,-8.512299,0.09310504049062729,0.996039628982544,0.980880856513977
YGL094C,YJL071W,0,-8.51241,0.09309642761945724,0.996039628982544,0.9809809923171997
YLR153C,YDR457W,1,-8.523674,0.0931803435087204,0.997029721736908,0.9809809923171997
YNL304W,YPR002W,0,-8.525317,0.09317172318696976,0.997029721736908,0.9810810685157776
YDL055C,YKL165C,0,-8.541254,0.09316310286521912,0.997029721736908,0.9811812043190002
YLR394W,YBR257W,0,-8.552822,0.09315448999404907,0.997029721736908,0.9812812805175781
YOR148C,YNL182C,0,-8.556286,0.09314586967229843,0.997029721736908,0.981381356716156
YDL039C,YNL298W,0,-8.591461,0.09313725680112839,0.997029721736908,0.9814814925193787
YCR093W,YJL134W,0,-8.614781,0.09312864392995834,0.997029721736908,0.9815815687179565
YNL163C,YLR042C,0,-8.626343,0.0931200310587883,0.997029721736908,0.9816817045211792
YJL114W,YEL030W,0,-8.630312,0.09311141818761826,0.997029721736908,0.9817817807197571
YLR107W,YFL001W,0,-8.66294,0.09310281276702881,0.997029721736908,0.981881856918335
YOL090W,YNR010W,0,-8.674332,0.09309419989585876,0.997029721736908,0.9819819927215576
YLR395C,YDR518W,0,-8.677025,0.09308559447526932,0.997029721736908,0.9820820689201355
YGR167W,YGR185C,0,-8.684433,0.09307699650526047,0.997029721736908,0.9821822047233582
YGR095C,YER115C,0,-8.696117,0.09306839108467102,0.997029721736908,0.982282280921936
YOR054C,YBR243C,0,-8.698479,0.09305979311466217,0.997029721736908,0.9823823571205139
YNL297C,YDL077C,0,-8.701948,0.09305119514465332,0.997029721736908,0.9824824929237366
YHL012W,YMR240C,0,-8.708717,0.09304259717464447,0.997029721736908,0.9825825691223145
YLR073C,YOR008C,0,-8.720197,0.09303399920463562,0.997029721736908,0.9826827049255371
YMR061W,YJL176C,0,-8.73056,0.09302540123462677,0.997029721736908,0.982782781124115
YOR237W,YER185W,0,-8.73077,0.09301681071519852,0.997029721736908,0.9828828573226929
YJR070C,YLR353W,0,-8.745143,0.09300822019577026,0.997029721736908,0.9829829931259155
YNR067C,YFL021W,0,-8.750977,0.09299962967634201,0.997029721736908,0.9830830693244934
YGL209W,YPR160W,0,-8.761852,0.09299103915691376,0.997029721736908,0.9831832051277161
YOL052C,YNL230C,0,-8.785264,0.0929824560880661,0.997029721736908,0.983283281326294
YGR238C,YPL027W,0,-8.796883,0.09297387301921844,0.997029721736908,0.9833833575248718
YOR159C,YGL203C,0,-8.813479,0.09296528995037079,0.997029721736908,0.9834834933280945
YGR010W,YDR518W,0,-8.814966,0.09295670688152313,0.997029721736908,0.9835835695266724
YMR020W,YNL223W,0,-8.816532,0.09294812381267548,0.997029721736908,0.983683705329895
YPR191W,YPR159W,0,-8.857925,0.09293954819440842,0.997029721736908,0.9837837815284729
YNL153C,YOL054W,0,-8.889837,0.09293097257614136,0.997029721736908,0.9838838577270508
YBR155W,YOL136C,0,-8.893299,0.0929223969578743,0.997029721736908,0.9839839935302734
YAL060W,YCR046C,0,-8.908245,0.09291382133960724,0.997029721736908,0.9840840697288513
YIL139C,YOL093W,0,-8.916298,0.09290525317192078,0.997029721736908,0.984184205532074
YKR008W,YDR496C,0,-8.947908,0.09289667755365372,0.997029721736908,0.9842842817306519
YGR179C,YJL171C,0,-8.972533,0.09288810938596725,0.997029721736908,0.9843843579292297
YEL030W,YNL259C,0,-8.995868,0.09287954121828079,0.997029721736908,0.9844844937324524
YPL094C,YGR113W,0,-9.005985,0.09287097305059433,0.997029721736908,0.9845845699310303
YBL112C,YIL047C,0,-9.022289,0.09286241233348846,0.997029721736908,0.9846847057342529
YOR239W,YMR239C,0,-9.023108,0.0928538516163826,0.997029721736908,0.9847847819328308
YLR394W,YNR060W,0,-9.025782,0.09284529089927673,0.997029721736908,0.9848848581314087
YNL085W,YER168C,0,-9.026823,0.09283673018217087,0.997029721736908,0.9849849939346313
YFL014W,YJL082W,0,-9.05603,0.092828169465065,0.997029721736908,0.9850850701332092
YMR019W,YHR085W,0,-9.063473,0.09281961619853973,0.997029721736908,0.9851852059364319
YJL066C,YEL037C,0,-9.06509,0.09281106293201447,0.997029721736908,0.9852852821350098
YKL174C,YLR160C,0,-9.102062,0.0928025096654892,0.997029721736908,0.9853853583335876
YLR105C,YOR098C,0,-9.147091,0.09279395639896393,0.997029721736908,0.9854854941368103
YML109W,YML132W,0,-9.147798,0.09278540313243866,0.997029721736908,0.9855855703353882
YLR316C,YJL006C,0,-9.149546,0.09277685731649399,0.997029721736908,0.9856857061386108
YPL163C,YLR264W,0,-9.159536,0.09276831150054932,0.997029721736908,0.9857857823371887
YMR123W,YER130C,0,-9.165455,0.09275976568460464,0.997029721736908,0.9858858585357666
YNL044W,YLR197W,0,-9.202028,0.09275121986865997,0.997029721736908,0.9859859943389893
YJL171C,YAR031W,0,-9.212637,0.0927426815032959,0.997029721736908,0.9860860705375671
YKL119C,YKR102W,0,-9.219364,0.09273413568735123,0.997029721736908,0.9861862063407898
YDR159W,YDR496C,0,-9.229286,0.09272559732198715,0.997029721736908,0.9862862825393677
YOR054C,YKL190W,0,-9.250893,0.09271705895662308,0.997029721736908,0.9863863587379456
YEL053C,YPR030W,0,-9.256355,0.0927085280418396,0.997029721736908,0.9864864945411682
YHR004C,YMR046C,0,-9.261154,0.09269998967647552,0.997029721736908,0.9865865707397461
YOL136C,YNL298W,0,-9.279251,0.09269145876169205,0.997029721736908,0.9866867065429688
YKR054C,YJR101W,0,-9.311846,0.09268292784690857,0.997029721736908,0.9867867827415466
YBR247C,YMR049C,0,-9.314626,0.09267439693212509,0.997029721736908,0.9868868589401245
YCL004W,YJL082W,0,-9.337706,0.09266586601734161,0.997029721736908,0.9869869947433472
YJL034W,YLR251W,0,-9.342322,0.09265734255313873,0.997029721736908,0.987087070941925
YCR060W,YBR271W,0,-9.343929,0.09264881908893585,0.997029721736908,0.9871872067451477
YLR043C,YDR423C,0,-9.345537,0.09264029562473297,0.997029721736908,0.9872872829437256
YPL259C,YKL175W,0,-9.393618,0.09263177216053009,0.997029721736908,0.9873873591423035
YHR056C,YJL144W,0,-9.419853,0.09262324869632721,0.997029721736908,0.9874874949455261
YFR001W,YGL233W,0,-9.423688,0.09261473268270493,0.997029721736908,0.987587571144104
YDL245C,YNR072W,0,-9.426554,0.09260621666908264,0.997029721736908,0.9876877069473267
YPL065W,YBR074W,0,-9.441613,0.09259770065546036,0.997029721736908,0.9877877831459045
YBR222C,YPL218W,0,-9.49214,0.09258918464183807,0.997029721736908,0.9878878593444824
YKL119C,YNL027W,0,-9.504529,0.09258067607879639,0.997029721736908,0.9879879951477051
YER185W,YDR476C,0,-9.516285,0.0925721675157547,0.997029721736908,0.988088071346283
YJL011C,YJR103W,0,-9.584187,0.09256365150213242,0.997029721736908,0.9881882071495056
YLR389C,YDR260C,0,-9.616911,0.09255515038967133,0.997029721736908,0.9882882833480835
YNL160W,YDR518W,0,-9.619944,0.09254664182662964,0.997029721736908,0.9883883595466614
YER168C,YNL027W,0,-9.631181,0.09253813326358795,0.997029721736908,0.988488495349884
YJL225C,YGL200C,0,-9.678151,0.09252963215112686,0.997029721736908,0.9885885715484619
YBR287W,YKL001C,0,-9.694018,0.09252113103866577,0.997029721736908,0.9886887073516846
YJR107W,YOR239W,0,-9.714668,0.09251262992620468,0.997029721736908,0.9887887835502625
YBR172C,YJL155C,0,-9.723438,0.09250413626432419,0.997029721736908,0.9888888597488403
YDR499W,YBR072W,0,-9.726381,0.0924956351518631,0.997029721736908,0.988988995552063
YPL163C,YJR083C,0,-9.731161,0.0924871414899826,0.997029721736908,0.9890890717506409
YBR002C,YKL007W,0,-9.805489,0.09247864782810211,0.997029721736908,0.9891892075538635
YNR067C,YOL040C,0,-9.832191,0.09247015416622162,0.997029721736908,0.9892892837524414
YDR429C,YLR164W,0,-9.832921,0.09246166795492172,0.997029721736908,0.9893893599510193
YER185W,YBR042C,0,-9.862289,0.09245317429304123,0.997029721736908,0.9894894957542419
YGR070W,YLR042C,0,-9.867584,0.09244468808174133,0.997029721736908,0.9895895719528198
YPR190C,YMR295C,0,-9.895094,0.09243620187044144,0.997029721736908,0.9896897077560425
YOR106W,YKL161C,0,-9.911188,0.09242771565914154,0.997029721736908,0.9897897839546204
YJR112W,YJL006C,0,-9.92626,0.09241923689842224,0.997029721736908,0.9898898601531982
YNL274C,YBR243C,0,-9.943333,0.09241075813770294,0.997029721736908,0.9899899959564209
YNL160W,YOR020C,0,-9.992453,0.09240227192640305,0.997029721736908,0.9900900721549988
YCL043C,YGR179C,0,-10.012147,0.09239380061626434,0.997029721736908,0.9901902079582214
YOL010W,YNR057C,1,-10.013995,0.09247706085443497,0.998019814491272,0.9901902079582214
YOR310C,YNR044W,0,-10.016725,0.09246858209371567,0.998019814491272,0.9902902841567993
YOR106W,YLL034C,0,-10.047956,0.09246009588241577,0.998019814491272,0.990390419960022
YBR260C,YIL139C,0,-10.052036,0.09245161712169647,0.998019814491272,0.9904904961585999
YJL178C,YBL026W,0,-10.06769,0.09244313836097717,0.998019814491272,0.9905905723571777
YEL037C,YOR219C,0,-10.088383,0.09243465960025787,0.998019814491272,0.9906907081604004
YFR036W,YMR270C,0,-10.118109,0.09242618829011917,0.998019814491272,0.9907907843589783
YNR044W,YDR364C,0,-10.13724,0.09241771697998047,0.998019814491272,0.9908909201622009
YDL024C,YLR330W,0,-10.161768,0.09240923821926117,0.998019814491272,0.9909909963607788
YJL004C,YDR498C,0,-10.172752,0.09240076690912247,0.998019814491272,0.9910910725593567
YOR215C,YLR224W,0,-10.176069,0.09239230304956436,0.998019814491272,0.9911912083625793
YMR046C,YNR044W,0,-10.208275,0.09238383173942566,0.998019814491272,0.9912912845611572
YKR054C,YJR028W,0,-10.220493,0.09237536787986755,0.998019814491272,0.9913914203643799
YPR072W,YJL006C,0,-10.255326,0.09236690402030945,0.998019814491272,0.9914914965629578
YLR105C,YDR218C,0,-10.265543,0.09235844016075134,0.998019814491272,0.9915915727615356
YPR198W,YNL274C,0,-10.266657,0.09234997630119324,0.998019814491272,0.9916917085647583
YOR126C,YPL112C,0,-10.2853985,0.09234151989221573,0.998019814491272,0.9917917847633362
YMR315W,YGR282C,0,-10.317024,0.09233305603265762,0.998019814491272,0.9918919205665588
YOR126C,YNR060W,0,-10.387499,0.09232459962368011,0.998019814491272,0.9919919967651367
YBR006W,YOR180C,0,-10.429602,0.0923161432147026,0.998019814491272,0.9920920729637146
YKL130C,YIL046W,0,-10.435703,0.0923076942563057,0.998019814491272,0.9921922087669373
YDR059C,YIL083C,1,-10.452358,0.09239080548286438,0.999009907245636,0.9921922087669373
YJL141C,YAR031W,0,-10.486668,0.09238234907388687,0.999009907245636,0.9922922849655151
YLL004W,YLL012W,0,-10.49325,0.09237389266490936,0.999009907245636,0.9923924207687378
YGL162W,YDL197C,0,-10.500197,0.09236543625593185,0.999009907245636,0.9924924969673157
YGR268C,YPL244C,0,-10.514433,0.09235697984695435,0.999009907245636,0.9925925731658936
YBR247C,YJL071W,0,-10.531973,0.09234852343797684,0.999009907245636,0.9926927089691162
YJL087C,YJL011C,0,-10.555679,0.09234007447957993,0.999009907245636,0.9927927851676941
YKL166C,YBR187W,0,-10.569151,0.09233162552118301,0.999009907245636,0.9928929209709167
YDR211W,YPL167C,0,-10.615763,0.0923231765627861,0.999009907245636,0.9929929971694946
YKL007W,YJL171C,0,-10.619463,0.09231472760438919,0.999009907245636,0.9930930733680725
YPL064C,YJL200C,0,-10.624688,0.09230628609657288,0.999009907245636,0.9931932091712952
YBL112C,YDR173C,0,-10.694103,0.09229784458875656,0.999009907245636,0.993293285369873
YNL147W,YNR044W,0,-10.774615,0.09228939563035965,0.999009907245636,0.9933934211730957
YLR291C,YJR112W,0,-10.780376,0.09228096157312393,0.999009907245636,0.9934934973716736
YJL140W,YGL113W,0,-10.790676,0.09227252006530762,0.999009907245636,0.9935935735702515
YJR140C,YOL151W,0,-10.797308,0.0922640785574913,0.999009907245636,0.9936937093734741
YOR084W,YHL027W,0,-10.8492985,0.09225564450025558,0.999009907245636,0.993793785572052
YGR180C,YKR020W,0,-10.942632,0.09224721044301987,0.999009907245636,0.9938939213752747
YLL002W,YGR143W,0,-10.982349,0.09223877638578415,0.999009907245636,0.9939939975738525
YBR261C,YJL144W,0,-11.014029,0.09223034977912903,0.999009907245636,0.9940940737724304
YMR019W,YBR155W,0,-11.021549,0.09222191572189331,0.999009907245636,0.9941942095756531
YOL082W,YJR026W,0,-11.043349,0.09221348911523819,0.999009907245636,0.994294285774231
YGL237C,YLR025W,0,-11.046078,0.09220506250858307,0.999009907245636,0.9943944215774536
YOR304W,YPL002C,0,-11.0514,0.09219663590192795,0.999009907245636,0.9944944977760315
YLL029W,YLR208W,0,-11.143801,0.09218821674585342,0.999009907245636,0.9945945739746094
YNL283C,YOR299W,0,-11.147948,0.0921797901391983,0.999009907245636,0.994694709777832
YER185W,YLL061W,0,-11.274441,0.09217137098312378,0.999009907245636,0.9947947859764099
YPL112C,YGR229C,0,-11.274595,0.09216295182704926,0.999009907245636,0.9948949217796326
YJL194W,YIL083C,0,-11.303096,0.09215453267097473,0.999009907245636,0.9949949979782104
YOR216C,YGR034W,0,-11.30557,0.0921461209654808,0.999009907245636,0.9950950741767883
YJR138W,YLL004W,0,-11.331272,0.09213770180940628,0.999009907245636,0.995195209980011
YDR351W,YPL129W,0,-11.370279,0.09212929010391235,0.999009907245636,0.9952952861785889
YOR148C,YFL023W,0,-11.529703,0.09212087839841843,0.999009907245636,0.9953954219818115
YPR187W,YMR077C,0,-11.550088,0.0921124666929245,0.999009907245636,0.9954954981803894
YOR176W,YBR095C,0,-11.553447,0.09210406243801117,0.999009907245636,0.9955955743789673
YLL029W,YDR076W,0,-11.679892,0.09209565818309784,0.999009907245636,0.9956957101821899
YOR297C,YMR046C,0,-11.703385,0.09208724647760391,0.999009907245636,0.9957957863807678
YJL194W,YBR072W,0,-11.777702,0.09207884967327118,0.999009907245636,0.9958959221839905
YNL095C,YMR296C,0,-11.817516,0.09207044541835785,0.999009907245636,0.9959959983825684
YDR030C,YOL151W,0,-11.818878,0.09206204116344452,0.999009907245636,0.9960960745811462
YNL236W,YLR321C,0,-11.85454,0.09205364435911179,0.999009907245636,0.9961962103843689
YLR107W,YDR218C,0,-11.871227,0.09204524755477905,0.999009907245636,0.9962962865829468
YBL028C,YML099C,0,-11.874386,0.09203685075044632,0.999009907245636,0.9963964223861694
YOR215C,YNR044W,0,-11.905876,0.09202845394611359,0.999009907245636,0.9964964985847473
YOR084W,YAR031W,0,-11.925473,0.09202006459236145,0.999009907245636,0.9965965747833252
YOR239W,YOR275C,0,-12.0269785,0.09201167523860931,0.999009907245636,0.9966967105865479
YNL163C,YGR089W,0,-12.029696,0.09200328588485718,0.999009907245636,0.9967967867851257
YPL240C,YLR026C,0,-12.167256,0.09199489653110504,0.999009907245636,0.9968969225883484
YEL037C,YLR268W,0,-12.213436,0.0919865071773529,0.999009907245636,0.9969969987869263
YMR025W,YBR145W,0,-12.2228565,0.09197812527418137,0.999009907245636,0.9970970749855042
YDR263C,YNR006W,0,-12.229935,0.09196973592042923,0.999009907245636,0.9971972107887268
YLR452C,YOL038W,0,-12.327202,0.09196135401725769,0.999009907245636,0.9972972869873047
YJR138W,YKL130C,0,-12.352117,0.09195297211408615,0.999009907245636,0.9973974227905273
YNR006W,YMR213W,0,-12.412548,0.09194459766149521,0.999009907245636,0.9974974989891052
YMR246W,YNR057C,1,-12.455345,0.09202733635902405,1.0,0.9974974989891052
YNL261W,YLR380W,0,-12.460354,0.09201894700527191,1.0,0.9975975751876831
YBR261C,YOL124C,0,-12.523558,0.09201056510210037,1.0,0.9976977109909058
YPR135W,YNL262W,0,-12.54916,0.09200218319892883,1.0,0.9977977871894836
YNL267W,YNL006W,0,-12.555996,0.09199380874633789,1.0,0.9978979229927063
YER098W,YJL172W,0,-12.58848,0.09198542684316635,1.0,0.9979979991912842
YJL194W,YKL189W,0,-12.834792,0.09197705239057541,1.0,0.9980980753898621
YMR276W,YMR039C,0,-12.899288,0.09196867793798447,1.0,0.9981982111930847
YER150W,YDR281C,0,-12.9153,0.09196030348539352,1.0,0.9982982873916626
YDR410C,YMR240C,0,-13.358414,0.09195192903280258,1.0,0.9983984231948853
YMR136W,YLR073C,0,-13.501526,0.09194356203079224,1.0,0.9984984993934631
YDR254W,YPR060C,0,-13.846874,0.0919351875782013,1.0,0.998598575592041
YDR030C,YDR461W,0,-13.853046,0.09192682057619095,1.0,0.9986987113952637
YHR004C,YOR317W,0,-13.902664,0.0919184535741806,1.0,0.9987987875938416
YNL231C,YFR045W,0,-13.9882145,0.09191009402275085,1.0,0.9988989233970642
YOL066C,YNL232W,0,-14.096571,0.09190172702074051,1.0,0.9989989995956421
YOL082W,YFR029W,0,-14.1818695,0.09189336746931076,1.0,0.99909907579422
YBR247C,YJL194W,0,-14.959539,0.09188500791788101,1.0,0.9991992115974426
YOL010W,YIL079C,0,-14.993994,0.09187664836645126,1.0,0.9992992877960205
YMR020W,YMR238W,0,-15.138142,0.09186828881502151,1.0,0.9993994235992432
YOL082W,YBR093C,0,-15.162476,0.09185993671417236,1.0,0.999499499797821
YPR113W,YFL014W,0,-15.658681,0.09185158461332321,1.0,0.9995995759963989
YMR077C,YLR009W,0,-15.756151,0.09184323251247406,1.0,0.9996997117996216
YOR106W,YFR001W,0,-16.071445,0.09183488041162491,1.0,0.9997997879981995
YGL037C,YOR099W,0,-22.299149,0.09182652831077576,1.0,0.9998999238014221
YJL011C,YKL203C,0,-29.251484,0.0918181836605072,1.0,1.0
