Gene A,Gene B,Label,Score,Precision,Recall,False Positive Rate
YPR025C,YNR023W,0,-0.16449234,0.0,0.0,9.999999747378752e-05
YLR215C,YDR013W,0,-0.86350393,0.0,0.0,0.00019999999494757503
YKL173W,YLR277C,1,-0.88014555,0.3333333432674408,0.0010000000474974513,0.00019999999494757503
YPR046W,YMR270C,0,-1.0921795,0.25,0.0010000000474974513,0.0003000000142492354
YPL151C,YLR277C,1,-1.3332047,0.4000000059604645,0.0020000000949949026,0.0003000000142492354
YLR147C,YLR277C,1,-1.3480465,0.5,0.003000000026077032,0.0003000000142492354
YJR093C,YJL203W,1,-1.3808634,0.5714285969734192,0.004000000189989805,0.0003000000142492354
YKL139W,YLR424W,1,-1.4567239,0.625,0.004999999888241291,0.0003000000142492354
YPR025C,YPR046W,0,-1.4619877,0.5555555820465088,0.004999999888241291,0.00039999998989515007
YFL025C,YOL045W,0,-1.4807613,0.5,0.004999999888241291,0.0005000000237487257
YGL155W,YMR153W,0,-1.5638413,0.4545454680919647,0.004999999888241291,0.0006000000284984708
YKL173W,YKL018W,1,-1.6258283,0.5,0.006000000052154064,0.0006000000284984708
YKR086W,YLR147C,1,-1.6391578,0.5384615659713745,0.007000000216066837,0.0006000000284984708
YPR025C,YNL153C,0,-1.6392437,0.5,0.007000000216066837,0.000699999975040555
YKL139W,YLR277C,1,-1.641993,0.5333333611488342,0.00800000037997961,0.000699999975040555
YKL208W,YPR094W,1,-1.6475493,0.5625,0.008999999612569809,0.000699999975040555
YFL017W-A,YOR148C,1,-1.6698492,0.5882353186607361,0.009999999776482582,0.000699999975040555
YPR082C,YPL151C,1,-1.6855973,0.6111111044883728,0.010999999940395355,0.000699999975040555
YGR129W,YLR277C,1,-1.6934804,0.6315789222717285,0.012000000104308128,0.000699999975040555
YLR147C,YKL018W,1,-1.69578,0.6499999761581421,0.013000000268220901,0.000699999975040555
YKL139W,YGR129W,1,-1.7131305,0.6666666865348816,0.014000000432133675,0.000699999975040555
YKL139W,YDL098C,1,-1.7297442,0.6818181872367859,0.014999999664723873,0.000699999975040555
YIR005W,YPL151C,1,-1.7423106,0.695652186870575,0.01600000075995922,0.000699999975040555
YGL035C,YNR026C,0,-1.8329353,0.6666666865348816,0.01600000075995922,0.0007999999797903001
YHR167W,YJL139C,0,-1.853531,0.6399999856948853,0.01600000075995922,0.0008999999845400453
YER068W,YGL122C,1,-1.860558,0.6538461446762085,0.017000000923871994,0.0008999999845400453
YPL101W,YDL036C,0,-1.8658342,0.6296296119689941,0.017000000923871994,0.0010000000474974513
YPL151C,YGR129W,1,-1.8947756,0.6428571343421936,0.017999999225139618,0.0010000000474974513
YKL139W,YGL122C,1,-1.9055976,0.6551724076271057,0.01899999938905239,0.0010000000474974513
YPR057W,YJL203W,1,-1.9233845,0.6666666865348816,0.019999999552965164,0.0010000000474974513
YBR211C,YNL118C,0,-1.9407215,0.6451612710952759,0.019999999552965164,0.0010999999940395355
YOR159C,YGR129W,1,-1.9407433,0.65625,0.020999999716877937,0.0010999999940395355
YKL208W,YLR147C,1,-1.947999,0.6666666865348816,0.02199999988079071,0.0010999999940395355
YKL139W,YAL043C,1,-1.961625,0.6764705777168274,0.023000000044703484,0.0010999999940395355
YPR025C,YNL311C,0,-1.9620059,0.6571428775787354,0.023000000044703484,0.0012000000569969416
YAL015C,YDR181C,0,-1.9676379,0.6388888955116272,0.023000000044703484,0.0013000000035390258
YML102W,YDR013W,0,-1.971855,0.6216216087341309,0.023000000044703484,0.00139999995008111
YCL016C,YCL032W,0,-1.9776706,0.6052631735801697,0.023000000044703484,0.001500000013038516
YJR093C,YGR129W,1,-1.9818516,0.6153846383094788,0.024000000208616257,0.001500000013038516
YGR003W,YNR023W,0,-2.0013952,0.6000000238418579,0.024000000208616257,0.0015999999595806003
YBR164C,YDR075W,0,-2.020779,0.5853658318519592,0.024000000208616257,0.0017000000225380063
YER032W,YGR129W,1,-2.030621,0.5952380895614624,0.02500000037252903,0.0017000000225380063
YMR138W,YDR308C,0,-2.043091,0.5813953280448914,0.02500000037252903,0.0017999999690800905
YJR093C,YJR022W,1,-2.0481012,0.5909090638160706,0.026000000536441803,0.0017999999690800905
YDL088C,YJL128C,0,-2.0483985,0.5777778029441833,0.026000000536441803,0.0019000000320374966
YDR386W,YOR329C,0,-2.052049,0.5652173757553101,0.026000000536441803,0.0020000000949949026
YDR205W,YML103C,0,-2.0532143,0.5531914830207825,0.026000000536441803,0.002099999925121665
YFR005C,YKL173W,1,-2.0638738,0.5625,0.027000000700354576,0.002099999925121665
YOR319W,YPL151C,1,-2.077363,0.5714285969734192,0.02800000086426735,0.002099999925121665
YCL054W,YOR106W,0,-2.092806,0.5600000023841858,0.02800000086426735,0.002199999988079071
YKR086W,YLR277C,1,-2.0968366,0.5686274766921997,0.028999999165534973,0.002199999988079071
YGR003W,YHL009C,0,-2.105332,0.557692289352417,0.028999999165534973,0.002300000051036477
YKL139W,YPR072W,1,-2.115638,0.5660377144813538,0.029999999329447746,0.002300000051036477
YNL147W,YPL151C,1,-2.1167226,0.5740740895271301,0.03099999949336052,0.002300000051036477
YPL151C,YOR148C,1,-2.1297522,0.581818163394928,0.03200000151991844,0.002300000051036477
YFL013C,YNL110C,0,-2.1784995,0.5714285969734192,0.03200000151991844,0.002400000113993883
YOR319W,YGR129W,1,-2.1918218,0.5789473652839661,0.032999999821186066,0.002400000113993883
YKR086W,YLR424W,1,-2.1945558,0.5862069129943848,0.03400000184774399,0.002400000113993883
YNL282W,YGR129W,1,-2.2012572,0.5932203531265259,0.03500000014901161,0.002400000113993883
YCL016C,YLR007W,0,-2.2338965,0.5833333134651184,0.03500000014901161,0.0024999999441206455
YDL087C,YIL061C,1,-2.2472718,0.5901639461517334,0.035999998450279236,0.0024999999441206455
YOL142W,YLR262C,0,-2.2473364,0.5806451439857483,0.035999998450279236,0.0026000000070780516
YNL136W,YDL217C,0,-2.253748,0.5714285969734192,0.035999998450279236,0.0027000000700354576
YDL017W,YBR155W,0,-2.2605069,0.5625,0.035999998450279236,0.00279999990016222
YGL155W,YDL013W,0,-2.2633564,0.5538461804389954,0.035999998450279236,0.002899999963119626
YMR162C,YLR166C,0,-2.2731118,0.5454545617103577,0.035999998450279236,0.003000000026077032
YKR086W,YKL173W,1,-2.276836,0.5522388219833374,0.03700000047683716,0.003000000026077032
YDR524C,YOR039W,0,-2.2989442,0.5441176295280457,0.03700000047683716,0.003100000089034438
YER068W,YDR195W,1,-2.3083673,0.5507246255874634,0.03799999877810478,0.003100000089034438
YLR025W,YML114C,0,-2.3194065,0.5428571701049805,0.03799999877810478,0.0031999999191612005
YKL139W,YDR195W,1,-2.3194125,0.5492957830429077,0.039000000804662704,0.0031999999191612005
YJL194W,YIL129C,0,-2.3206031,0.5416666865348816,0.039000000804662704,0.0032999999821186066
YPR057W,YML049C,1,-2.3210022,0.5479452013969421,0.03999999910593033,0.0032999999821186066
YLR025W,YDL235C,0,-2.3228343,0.5405405163764954,0.03999999910593033,0.0034000000450760126
YBR211C,YLL015W,0,-2.3324108,0.5333333611488342,0.03999999910593033,0.0035000001080334187
YDL087C,YLR277C,1,-2.338033,0.5394737124443054,0.04100000113248825,0.0035000001080334187
YNL288W,YNR015W,0,-2.3381405,0.5324675440788269,0.04100000113248825,0.003599999938160181
YPR025C,YDR013W,0,-2.3390617,0.5256410241127014,0.04100000113248825,0.003700000001117587
YBR155W,YDR013W,0,-2.348982,0.5189873576164246,0.04100000113248825,0.003800000064074993
YDR478W,YGR129W,1,-2.353267,0.5249999761581421,0.041999999433755875,0.003800000064074993
YJR022W,YPL151C,1,-2.3535697,0.5308641791343689,0.0430000014603138,0.003800000064074993
YIL061C,YDL098C,1,-2.356032,0.5365853905677795,0.04399999976158142,0.003800000064074993
YDL098C,YLR277C,1,-2.3573675,0.5421686768531799,0.04500000178813934,0.003800000064074993
YOR159C,YKL173W,1,-2.3644996,0.5476190447807312,0.04600000008940697,0.003800000064074993
YDR163W,YIL061C,1,-2.3666606,0.5529412031173706,0.04699999839067459,0.003800000064074993
YDL175C,YKL122C,0,-2.3670716,0.5465116500854492,0.04699999839067459,0.0038999998942017555
YKL173W,YGR129W,1,-2.3778508,0.5517241358757019,0.04800000041723251,0.0038999998942017555
YPL151C,YDR478W,1,-2.3803346,0.5568181872367859,0.04899999871850014,0.0038999998942017555
YDR289C,YDR308C,0,-2.3852499,0.550561785697937,0.04899999871850014,0.004000000189989805
YDR081C,YML015C,0,-2.3866982,0.5444444417953491,0.04899999871850014,0.004100000020116568
YIL061C,YGR129W,1,-2.388979,0.5494505763053894,0.05000000074505806,0.004100000020116568
YDR081C,YGL171W,0,-2.3915792,0.54347825050354,0.05000000074505806,0.00419999985024333
YKR086W,YKL018W,1,-2.3935094,0.5483871102333069,0.050999999046325684,0.00419999985024333
YJR093C,YIR005W,1,-2.3972561,0.5531914830207825,0.052000001072883606,0.00419999985024333
YNL020C,YGL155W,0,-2.4030347,0.5473684072494507,0.052000001072883606,0.00430000014603138
YBR073W,YNL304W,0,-2.4053898,0.5416666865348816,0.052000001072883606,0.004399999976158142
YBR065C,YPR182W,1,-2.4067457,0.5463917255401611,0.05299999937415123,0.004399999976158142
YML080W,YMR283C,0,-2.4161685,0.5408163070678711,0.05299999937415123,0.0044999998062849045
YNR010W,YOL001W,0,-2.4280047,0.5353535413742065,0.05299999937415123,0.004600000102072954
YKL208W,YJR093C,1,-2.4295492,0.5400000214576721,0.05400000140070915,0.004600000102072954
YKL208W,YJR022W,1,-2.4335952,0.5445544719696045,0.054999999701976776,0.004600000102072954
YML062C,YML097C,0,-2.4366665,0.5392156839370728,0.054999999701976776,0.004699999932199717
YPL151C,YIL061C,1,-2.4616852,0.5436893105506897,0.0560000017285347,0.004699999932199717
YDR208W,YOL066C,0,-2.4633904,0.5384615659713745,0.0560000017285347,0.004800000227987766
YDL017W,YPL211W,0,-2.4671001,0.5333333611488342,0.0560000017285347,0.004900000058114529
YNL164C,YMR005W,0,-2.4702039,0.5283018946647644,0.0560000017285347,0.004999999888241291
YIR005W,YGR129W,1,-2.470298,0.5327102541923523,0.05700000002980232,0.004999999888241291
YNL149C,YIL008W,0,-2.4744728,0.5277777910232544,0.05700000002980232,0.005100000184029341
YGR218W,YGR158C,0,-2.4750652,0.5229358077049255,0.05700000002980232,0.005200000014156103
YPR057W,YKL173W,1,-2.4754996,0.5272727012634277,0.057999998331069946,0.005200000014156103
YNR026C,YLR262C,0,-2.475926,0.522522509098053,0.057999998331069946,0.0052999998442828655
YKL139W,YML049C,1,-2.479567,0.5267857313156128,0.05900000035762787,0.0052999998442828655
YGR258C,YER008C,0,-2.48541,0.5221238732337952,0.05900000035762787,0.005400000140070915
YML103C,YJL139C,0,-2.4925408,0.5175438523292542,0.05900000035762787,0.005499999970197678
YGL155W,YHR119W,0,-2.497457,0.5130434632301331,0.05900000035762787,0.00559999980032444
YJR093C,YDR195W,1,-2.4987907,0.517241358757019,0.05999999865889549,0.00559999980032444
YMR216C,YLR277C,1,-2.5046954,0.5213675498962402,0.061000000685453415,0.00559999980032444
YNL147W,YGR129W,1,-2.5079033,0.5254237055778503,0.06199999898672104,0.00559999980032444
YOR034C,YJR150C,0,-2.512649,0.5210084319114685,0.06199999898672104,0.00570000009611249
YPR134W,YNL311C,0,-2.5127919,0.5166666507720947,0.06199999898672104,0.005799999926239252
YHR119W,YDR207C,0,-2.514103,0.5123966932296753,0.06199999898672104,0.005900000222027302
YKR002W,YFL017W-A,1,-2.5192747,0.5163934230804443,0.06300000101327896,0.005900000222027302
YFL023W,YOR106W,0,-2.5202146,0.5121951103210449,0.06300000101327896,0.006000000052154064
YMR091C,YML098W,0,-2.521762,0.5080645084381104,0.06300000101327896,0.006099999882280827
YPR134W,YDL058W,0,-2.5223708,0.5040000081062317,0.06300000101327896,0.006200000178068876
YDR195W,YOR148C,1,-2.5279617,0.5079365372657776,0.06400000303983688,0.006200000178068876
YMR153W,YDL150W,0,-2.5350633,0.5039370059967041,0.06400000303983688,0.006300000008195639
YPR082C,YIR005W,1,-2.5384533,0.5078125,0.06499999761581421,0.006300000008195639
YHR073W,YDR379W,0,-2.5484717,0.5038759708404541,0.06499999761581421,0.006399999838322401
YIR005W,YLR147C,1,-2.5488245,0.5076923370361328,0.06599999964237213,0.006399999838322401
YCL016C,YPL209C,0,-2.5494294,0.5038167834281921,0.06599999964237213,0.006500000134110451
YDL013W,YBR258C,0,-2.5505135,0.5,0.06599999964237213,0.006599999964237213
YMR138W,YDR325W,0,-2.5507555,0.49624061584472656,0.06599999964237213,0.0066999997943639755
YDR021W,YDR191W,0,-2.5615401,0.49253731966018677,0.06599999964237213,0.006800000090152025
YCL055W,YML098W,0,-2.5661016,0.4888888895511627,0.06599999964237213,0.006899999920278788
YNL027W,YOL001W,0,-2.5681648,0.4852941036224365,0.06599999964237213,0.007000000216066837
YNR015W,YOL105C,0,-2.5710661,0.48175182938575745,0.06599999964237213,0.0071000000461936
YKL139W,YFL017W-A,1,-2.5742202,0.4855072498321533,0.06700000166893005,0.0071000000461936
YBR211C,YDR289C,0,-2.5743494,0.48201438784599304,0.06700000166893005,0.007199999876320362
YFL017W-A,YGR129W,1,-2.576788,0.48571428656578064,0.06800000369548798,0.007199999876320362
YOR319W,YKL095W,1,-2.5774462,0.4893617033958435,0.0689999982714653,0.007199999876320362
YPR072W,YPL151C,1,-2.5791767,0.49295774102211,0.07000000029802322,0.007199999876320362
YGL172W,YDL217C,0,-2.5905797,0.4895104765892029,0.07000000029802322,0.007300000172108412
YFL017W-A,YDR478W,1,-2.5907366,0.4930555522441864,0.07100000232458115,0.007300000172108412
YCR048W,YJR110W,0,-2.593896,0.48965516686439514,0.07100000232458115,0.007400000002235174
YER114C,YIL120W,0,-2.5982258,0.48630136251449585,0.07100000232458115,0.007499999832361937
YHR187W,YLR166C,0,-2.599811,0.4829931855201721,0.07100000232458115,0.007600000128149986
YCL055W,YDL217C,0,-2.6003413,0.4797297418117523,0.07100000232458115,0.007699999958276749
YNL147W,YOR148C,1,-2.602141,0.48322147130966187,0.07199999690055847,0.007699999958276749
YKR002W,YPR094W,1,-2.6030858,0.4866666793823242,0.0729999989271164,0.007699999958276749
YBR211C,YHR119W,0,-2.6059763,0.4834437072277069,0.0729999989271164,0.007799999788403511
YJL065C,YMR073C,0,-2.6076183,0.4802631437778473,0.0729999989271164,0.007899999618530273
YOR159C,YIL061C,1,-2.6084156,0.48366013169288635,0.07400000095367432,0.007899999618530273
YDL098C,YKL095W,1,-2.6164064,0.48701298236846924,0.07500000298023224,0.007899999618530273
YBR210W,YDL045C,0,-2.622929,0.4838709533214569,0.07500000298023224,0.00800000037997961
YNL282W,YKL095W,1,-2.6238961,0.4871794879436493,0.07599999755620956,0.00800000037997961
YKL139W,YKR002W,1,-2.6280134,0.4904458522796631,0.07699999958276749,0.00800000037997961
YGL238W,YGR024C,0,-2.628435,0.4873417615890503,0.07699999958276749,0.008100000210106373
YFR013W,YOR346W,0,-2.6315908,0.48427674174308777,0.07699999958276749,0.008200000040233135
YLR394W,YBR295W,0,-2.6337771,0.48124998807907104,0.07699999958276749,0.008299999870359898
YIL159W,YKR055W,0,-2.6387856,0.47826087474823,0.07699999958276749,0.00839999970048666
YJL203W,YAL043C,1,-2.6418343,0.48148149251937866,0.07800000160932541,0.00839999970048666
YDL087C,YNL282W,1,-2.6420293,0.48466256260871887,0.07900000363588333,0.00839999970048666
YPR057W,YIR005W,1,-2.6427007,0.4878048896789551,0.07999999821186066,0.00839999970048666
YBR211C,YDR308C,0,-2.6545577,0.4848484992980957,0.07999999821186066,0.008500000461935997
YDL006W,YCL054W,0,-2.6550517,0.4819277226924896,0.07999999821186066,0.00860000029206276
YGR003W,YNR054C,0,-2.65962,0.4790419042110443,0.07999999821186066,0.008700000122189522
YPL202C,YOR322C,0,-2.6602912,0.4761904776096344,0.07999999821186066,0.008799999952316284
YDL225W,YKL079W,0,-2.6633697,0.47337278723716736,0.07999999821186066,0.008899999782443047
YGL247W,YLR332W,0,-2.6777458,0.47058823704719543,0.07999999821186066,0.008999999612569809
YFR005C,YGR129W,1,-2.6926756,0.4736842215061188,0.08100000023841858,0.008999999612569809
YKL139W,YJR093C,1,-2.693047,0.4767441749572754,0.0820000022649765,0.008999999612569809
YLR242C,YCR028C,0,-2.6941888,0.47398844361305237,0.0820000022649765,0.009100000374019146
YOR159C,YKL018W,1,-2.7000678,0.477011501789093,0.08299999684095383,0.009100000374019146
YPL202C,YML015C,0,-2.7022092,0.47428572177886963,0.08299999684095383,0.009200000204145908
YGL003C,YGL142C,0,-2.7050207,0.47159090638160706,0.08299999684095383,0.00930000003427267
YBL058W,YDL217C,0,-2.7100785,0.4689265489578247,0.08299999684095383,0.009399999864399433
YPL211W,YML015C,0,-2.7111397,0.466292142868042,0.08299999684095383,0.009499999694526196
YNL282W,YKL173W,1,-2.7170153,0.46927374601364136,0.08399999886751175,0.009499999694526196
YKL079W,YLR025W,0,-2.717316,0.46666666865348816,0.08399999886751175,0.009600000455975533
YOR319W,YML049C,1,-2.7225587,0.469613254070282,0.08500000089406967,0.009600000455975533
YIL056W,YOL105C,0,-2.7232943,0.4670329689979553,0.08500000089406967,0.009700000286102295
YDL017W,YPR046W,0,-2.7255204,0.4644808769226074,0.08500000089406967,0.009800000116229057
YDR195W,YFL017W-A,1,-2.7256105,0.46739131212234497,0.0860000029206276,0.009800000116229057
YPR025C,YFR028C,0,-2.7324498,0.4648648500442505,0.0860000029206276,0.00989999994635582
YBR002C,YPR018W,0,-2.7340586,0.46236559748649597,0.0860000029206276,0.009999999776482582
YNR010W,YNL149C,0,-2.738932,0.45989304780960083,0.0860000029206276,0.010099999606609344
YPR057W,YDR163W,1,-2.7397556,0.46276596188545227,0.08699999749660492,0.010099999606609344
YBR049C,YDR379W,0,-2.739808,0.460317462682724,0.08699999749660492,0.010200000368058681
YPR082C,YOR148C,1,-2.7423708,0.46315789222717285,0.08799999952316284,0.010200000368058681
YKL139W,YKL018W,1,-2.748452,0.4659685790538788,0.08900000154972076,0.010200000368058681
YBL026W,YKL173W,1,-2.7526534,0.46875,0.09000000357627869,0.010200000368058681
YHL036W,YLR006C,0,-2.7598288,0.4663212299346924,0.09000000357627869,0.010300000198185444
YBR258C,YKL122C,0,-2.7628865,0.4639175236225128,0.09000000357627869,0.010400000028312206
YJR093C,YPL151C,1,-2.763132,0.46666666865348816,0.09099999815225601,0.010400000028312206
YDR498C,YCR060W,0,-2.7659779,0.4642857015132904,0.09099999815225601,0.010499999858438969
YML015C,YDR398W,0,-2.7737198,0.46192893385887146,0.09099999815225601,0.010599999688565731
YDL006W,YML097C,0,-2.7742069,0.4595959484577179,0.09099999815225601,0.010700000450015068
YDR013W,YDL150W,0,-2.7765894,0.45728641748428345,0.09099999815225601,0.01080000028014183
YDR478W,YKL173W,1,-2.7774231,0.46000000834465027,0.09200000017881393,0.01080000028014183
YPL151C,YOR159C,1,-2.7792745,0.46268656849861145,0.09300000220537186,0.01080000028014183
YKL139W,YDL087C,1,-2.7892418,0.4653465449810028,0.09399999678134918,0.01080000028014183
YPL202C,YDR142C,0,-2.7913647,0.46305418014526367,0.09399999678134918,0.010900000110268593
YDL098C,YGR129W,1,-2.793449,0.46568626165390015,0.0949999988079071,0.010900000110268593
YPL211W,YDL006W,0,-2.7986147,0.46341463923454285,0.0949999988079071,0.010999999940395355
YJL203W,YAL032C,1,-2.7989724,0.4660194218158722,0.09600000083446503,0.010999999940395355
YCL016C,YPR070W,0,-2.8026848,0.4637681245803833,0.09600000083446503,0.011099999770522118
YGL035C,YGL151W,0,-2.803681,0.4615384638309479,0.09600000083446503,0.01119999960064888
YDL225W,YGR211W,0,-2.8061047,0.45933014154434204,0.09600000083446503,0.011300000362098217
YGL151W,YBR073W,0,-2.8078756,0.4571428596973419,0.09600000083446503,0.01140000019222498
YDL013W,YNL088W,0,-2.8139062,0.45497629046440125,0.09600000083446503,0.011500000022351742
YJL183W,YDR498C,0,-2.8189936,0.4528301954269409,0.09600000083446503,0.011599999852478504
YNL032W,YBL061C,0,-2.8200104,0.4507042169570923,0.09600000083446503,0.011699999682605267
YPR072W,YML049C,1,-2.8241649,0.4532710313796997,0.09700000286102295,0.011699999682605267
YPR046W,YGR258C,0,-2.8273096,0.45116278529167175,0.09700000286102295,0.011800000444054604
YJR093C,YDL098C,1,-2.829101,0.45370370149612427,0.09799999743700027,0.011800000444054604
YPR046W,YNL032W,0,-2.8333218,0.4516128897666931,0.09799999743700027,0.011900000274181366
YMR138W,YAL015C,0,-2.8394372,0.44954127073287964,0.09799999743700027,0.012000000104308128
YGR033C,YEL004W,0,-2.8416302,0.44748857617378235,0.09799999743700027,0.01209999993443489
YGL247W,YPL010W,0,-2.8453999,0.44545453786849976,0.09799999743700027,0.012199999764561653
YLR215C,YDL017W,0,-2.84862,0.44343891739845276,0.09799999743700027,0.012299999594688416
YKL139W,YPL151C,1,-2.8495915,0.44594594836235046,0.0989999994635582,0.012299999594688416
YDL117W,YPL239W,0,-2.857091,0.4439461827278137,0.0989999994635582,0.012400000356137753
YPR057W,YKR002W,1,-2.8583472,0.4464285671710968,0.10000000149011612,0.012400000356137753
YDL225W,YLL011W,0,-2.8594217,0.4444444477558136,0.10000000149011612,0.012500000186264515
YPR018W,YMR005W,0,-2.8600295,0.44247788190841675,0.10000000149011612,0.012600000016391277
YMR162C,YML103C,0,-2.8659186,0.44052863121032715,0.10000000149011612,0.01269999984651804
YAL043C,YLR277C,1,-2.8695219,0.4429824650287628,0.10100000351667404,0.01269999984651804
YLR319C,YPR070W,0,-2.8699784,0.4410480260848999,0.10100000351667404,0.012799999676644802
YMR052W,YML093W,0,-2.8708649,0.43913042545318604,0.10100000351667404,0.012900000438094139
YNL032W,YER005W,0,-2.8715513,0.4372294247150421,0.10100000351667404,0.013000000268220901
YPL151C,YLR147C,1,-2.8778589,0.4396551847457886,0.10199999809265137,0.013000000268220901
YKR086W,YDR478W,1,-2.8804884,0.44206008315086365,0.10300000011920929,0.013000000268220901
YPL151C,YPR094W,1,-2.8823173,0.4444444477558136,0.10400000214576721,0.013000000268220901
YIR005W,YDR478W,1,-2.8843153,0.44680851697921753,0.10499999672174454,0.013000000268220901
YJR093C,YOR148C,1,-2.8855553,0.44915252923965454,0.10599999874830246,0.013000000268220901
YJR093C,YGL122C,1,-2.8868608,0.4514767825603485,0.10700000077486038,0.013000000268220901
YNL129W,YBR258C,0,-2.8870604,0.4495798349380493,0.10700000077486038,0.013100000098347664
YNR075W,YGR059W,0,-2.8923154,0.4476987421512604,0.10700000077486038,0.013199999928474426
YMR052W,YOR171C,0,-2.8933349,0.44583332538604736,0.10700000077486038,0.013299999758601189
YKL139W,YBL026W,1,-2.8939161,0.44813278317451477,0.1080000028014183,0.013299999758601189
YLR319C,YOR206W,0,-2.8945436,0.44628098607063293,0.1080000028014183,0.013399999588727951
YGL035C,YDL042C,0,-2.8971205,0.4444444477558136,0.1080000028014183,0.013500000350177288
YMR138W,YER075C,0,-2.899074,0.44262295961380005,0.1080000028014183,0.01360000018030405
YJL006C,YPR046W,0,-2.8994129,0.44081631302833557,0.1080000028014183,0.013700000010430813
YIR005W,YKL095W,1,-2.8995464,0.44308942556381226,0.10899999737739563,0.013700000010430813
YPR025C,YFR013W,0,-2.900848,0.4412955343723297,0.10899999737739563,0.013799999840557575
YAL032C,YIL061C,1,-2.9018037,0.44354838132858276,0.10999999940395355,0.013799999840557575
YPL151C,YAL043C,1,-2.902617,0.4457831382751465,0.11100000143051147,0.013799999840557575
YKL042W,YDR310C,0,-2.9029932,0.4440000057220459,0.11100000143051147,0.013899999670684338
YLR242C,YIR018W,0,-2.9044433,0.44223108887672424,0.11100000143051147,0.014000000432133675
YMR091C,YML023C,0,-2.9082806,0.4404761791229248,0.11100000143051147,0.014100000262260437
YJR140C,YDR379W,0,-2.9104545,0.4387351870536804,0.11100000143051147,0.0142000000923872
YDL006W,YMR266W,0,-2.9110236,0.437007874250412,0.11100000143051147,0.014299999922513962
YBR210W,YDR142C,0,-2.9211419,0.43529412150382996,0.11100000143051147,0.014399999752640724
YLR116W,YIL061C,1,-2.925729,0.4375,0.1120000034570694,0.014399999752640724
YGL122C,YDR195W,1,-2.9258528,0.43968871235847473,0.11299999803304672,0.014399999752640724
YMR021C,YHR034C,0,-2.9260545,0.43798449635505676,0.11299999803304672,0.014499999582767487
YJL203W,YIL061C,1,-2.9342012,0.44015443325042725,0.11400000005960464,0.014499999582767487
YML102W,YML114C,0,-2.9368129,0.4384615421295166,0.11400000005960464,0.014600000344216824
YHR175W,YDR013W,0,-2.9414651,0.4367816150188446,0.11400000005960464,0.014700000174343586
YOR319W,YIL061C,1,-2.9428685,0.43893128633499146,0.11500000208616257,0.014700000174343586
YGL003C,YFL036W,0,-2.9433455,0.4372623562812805,0.11500000208616257,0.014800000004470348
YML049C,YLR277C,1,-2.9472866,0.43939393758773804,0.11599999666213989,0.014800000004470348
YCL025C,YPL110C,0,-2.9496593,0.4377358555793762,0.11599999666213989,0.01489999983459711
YOR039W,YML098W,0,-2.949709,0.43609023094177246,0.11599999666213989,0.014999999664723873
YPL151C,YKL018W,1,-2.950986,0.43820226192474365,0.11699999868869781,0.014999999664723873
YDR163W,YDR195W,1,-2.951485,0.44029849767684937,0.11800000071525574,0.014999999664723873
YPR104C,YBR129C,0,-2.9623456,0.43866172432899475,0.11800000071525574,0.01510000042617321
YFL013C,YMR283C,0,-2.9632752,0.43703705072402954,0.11800000071525574,0.015200000256299973
YDL088C,YKL191W,0,-2.9660153,0.4354243576526642,0.11800000071525574,0.015300000086426735
YOL142W,YML114C,0,-2.9692626,0.43382352590560913,0.11800000071525574,0.015399999916553497
YPL235W,YML015C,0,-2.972315,0.43223443627357483,0.11800000071525574,0.01549999974668026
YGR003W,YOL009C,0,-2.9724138,0.43065693974494934,0.11800000071525574,0.015599999576807022
YLR078C,YLR007W,0,-2.9745817,0.4290909171104431,0.11800000071525574,0.015699999406933784
YOR148C,YKL018W,1,-2.9777281,0.4311594069004059,0.11900000274181366,0.015699999406933784
YDR301W,YJR093C,1,-2.9787807,0.4332129955291748,0.11999999731779099,0.015699999406933784
YGR158C,YGL092W,0,-2.9788852,0.4316546618938446,0.11999999731779099,0.015799999237060547
YNL153C,YDR379W,0,-2.979381,0.4301075339317322,0.11999999731779099,0.01590000092983246
YDR345C,YGL219C,0,-2.9821687,0.4285714328289032,0.11999999731779099,0.01600000075995922
YDL013W,YML062C,0,-2.9877443,0.4270462691783905,0.11999999731779099,0.016100000590085983
YJR022W,YDL098C,1,-2.9949524,0.42907801270484924,0.12099999934434891,0.016100000590085983
YPL151C,YDR195W,1,-2.9967902,0.4310953915119171,0.12200000137090683,0.016100000590085983
YMR091C,YML014W,0,-2.9974418,0.42957746982574463,0.12200000137090683,0.016200000420212746
YDL013W,YOR212W,0,-3.0001307,0.42807018756866455,0.12200000137090683,0.016300000250339508
YGL247W,YGR211W,0,-3.0012293,0.42657342553138733,0.12200000137090683,0.01640000008046627
YDL029W,YDR046C,0,-3.0056217,0.4250870943069458,0.12200000137090683,0.016499999910593033
YBR278W,YBR258C,0,-3.0063348,0.4236111044883728,0.12200000137090683,0.016599999740719795
YPR057W,YDL087C,1,-3.0117826,0.42560553550720215,0.12300000339746475,0.016599999740719795
YHR187W,YMR073C,0,-3.0131369,0.4241379201412201,0.12300000339746475,0.016699999570846558
YLR215C,YLR268W,0,-3.0146618,0.42268040776252747,0.12300000339746475,0.01679999940097332
YIR005W,YPR094W,1,-3.0149186,0.42465752363204956,0.12399999797344208,0.01679999940097332
YAL009W,YNL222W,0,-3.0153155,0.42320817708969116,0.12399999797344208,0.016899999231100082
YKR038C,YOL045W,0,-3.017788,0.4217686951160431,0.12399999797344208,0.017000000923871994
YKL208W,YPL151C,1,-3.0179148,0.4237288236618042,0.125,0.017000000923871994
YBR210W,YCR009C,0,-3.0203495,0.42229729890823364,0.125,0.017100000753998756
YGL122C,YLR277C,1,-3.0222464,0.42424243688583374,0.12600000202655792,0.017100000753998756
YPR082C,YGR129W,1,-3.0222852,0.42617449164390564,0.12700000405311584,0.017100000753998756
YJL072C,YHL009C,0,-3.026388,0.4247491657733917,0.12700000405311584,0.01720000058412552
YDR098C,YHR012W,0,-3.0298848,0.4233333468437195,0.12700000405311584,0.01730000041425228
YMR266W,YGR186W,0,-3.0325468,0.42192691564559937,0.12700000405311584,0.017400000244379044
YKL173W,YKL095W,1,-3.0342762,0.42384105920791626,0.12800000607967377,0.017400000244379044
YHL040C,YDR289C,0,-3.0379043,0.4224422574043274,0.12800000607967377,0.017500000074505806
YMR162C,YDL138W,0,-3.0388284,0.42105263471603394,0.12800000607967377,0.01759999990463257
YIL061C,YBR152W,1,-3.0408132,0.4229508340358734,0.1289999932050705,0.01759999990463257
YPR025C,YGL172W,0,-3.0408478,0.4215686321258545,0.1289999932050705,0.01769999973475933
YJR093C,YKR086W,1,-3.0421615,0.423452764749527,0.12999999523162842,0.01769999973475933
YDR301W,YKL139W,1,-3.0422301,0.4253246784210205,0.13099999725818634,0.01769999973475933
YHL040C,YPR025C,0,-3.048574,0.4239482283592224,0.13099999725818634,0.017799999564886093
YER075C,YBR267W,0,-3.0499568,0.42258065938949585,0.13099999725818634,0.017899999395012856
YFL023W,YOR330C,0,-3.0505006,0.42122185230255127,0.13099999725818634,0.017999999225139618
YMR214W,YDL225W,0,-3.0505047,0.41987180709838867,0.13099999725818634,0.01810000091791153
YDL181W,YHR001W-A,0,-3.0518646,0.41853034496307373,0.13099999725818634,0.018200000748038292
YNL118C,YDR189W,0,-3.0518906,0.41719746589660645,0.13099999725818634,0.018300000578165054
YGL003C,YHR167W,0,-3.0544996,0.4158730208873749,0.13099999725818634,0.018400000408291817
YCL016C,YDR081C,0,-3.0546546,0.41455695033073425,0.13099999725818634,0.01850000023841858
YGL247W,YIL120W,0,-3.0556705,0.4132492244243622,0.13099999725818634,0.01860000006854534
YAL032C,YLR277C,1,-3.0557497,0.4150943458080292,0.13199999928474426,0.01860000006854534
YJR022W,YDR195W,1,-3.0560203,0.41692790389060974,0.13300000131130219,0.01860000006854534
YPR072W,YIL061C,1,-3.0565999,0.41874998807907104,0.1340000033378601,0.01860000006854534
YHR023W,YDL080C,0,-3.0570197,0.41744548082351685,0.1340000033378601,0.018699999898672104
YDR163W,YDL098C,1,-3.0582318,0.4192546606063843,0.13500000536441803,0.018699999898672104
YPR025C,YMR089C,0,-3.059033,0.4179566502571106,0.13500000536441803,0.018799999728798866
YCL055W,YDL225W,0,-3.0608928,0.4166666567325592,0.13500000536441803,0.01889999955892563
YKL018W,YLR277C,1,-3.062273,0.41846153140068054,0.13600000739097595,0.01889999955892563
YDR359C,YLR417W,0,-3.0650182,0.4171779155731201,0.13600000739097595,0.01899999938905239
YJL203W,YLR277C,1,-3.066702,0.41896024346351624,0.13699999451637268,0.01899999938905239
YBL026W,YLR147C,1,-3.0669715,0.42073169350624084,0.1379999965429306,0.01899999938905239
YLR319C,YHR084W,0,-3.0696015,0.41945287585258484,0.1379999965429306,0.019099999219179153
YML062C,YOR307C,0,-3.0720966,0.41818180680274963,0.1379999965429306,0.019200000911951065
YJL207C,YAL015C,0,-3.0722196,0.41691842675209045,0.1379999965429306,0.019300000742077827
YDR460W,YHR099W,0,-3.0734541,0.41566264629364014,0.1379999965429306,0.01940000057220459
YFL017W-A,YKL018W,1,-3.0750613,0.41741740703582764,0.13899999856948853,0.01940000057220459
YPL151C,YMR216C,1,-3.0763843,0.41916167736053467,0.14000000059604645,0.01940000057220459
YDR301W,YLR277C,1,-3.077355,0.420895516872406,0.14100000262260437,0.01940000057220459
YDR142C,YOL001W,0,-3.0787568,0.4196428656578064,0.14100000262260437,0.019500000402331352
YNL288W,YOR179C,0,-3.079916,0.4183976352214813,0.14100000262260437,0.019600000232458115
YDL175C,YMR138W,0,-3.0815835,0.417159765958786,0.14100000262260437,0.019700000062584877
YCR044C,YJL139C,0,-3.0819483,0.4159291982650757,0.14100000262260437,0.01979999989271164
YDR393W,YHR012W,0,-3.084946,0.41470587253570557,0.14100000262260437,0.019899999722838402
YBR211C,YLR026C,0,-3.0865426,0.4134897291660309,0.14100000262260437,0.019999999552965164
YBR278W,YDL006W,0,-3.0868328,0.41228070855140686,0.14100000262260437,0.020099999383091927
YKL173W,YDL098C,1,-3.0903797,0.413994163274765,0.1420000046491623,0.020099999383091927
YDR379W,YDL058W,0,-3.0934799,0.4127906858921051,0.1420000046491623,0.02019999921321869
YGL092W,YDL006W,0,-3.0990653,0.4115942120552063,0.1420000046491623,0.0203000009059906
YML014W,YLR262C,0,-3.0997283,0.41040462255477905,0.1420000046491623,0.020400000736117363
YBL026W,YGR129W,1,-3.102727,0.4121037423610687,0.14300000667572021,0.020400000736117363
YBR065C,YNL282W,1,-3.1053674,0.4137931168079376,0.14399999380111694,0.020400000736117363
YMR153W,YBR049C,0,-3.1135879,0.41260746121406555,0.14399999380111694,0.020500000566244125
YKL139W,YIR005W,1,-3.114472,0.41428571939468384,0.14499999582767487,0.020500000566244125
YBL047C,YGR258C,0,-3.116023,0.41310539841651917,0.14499999582767487,0.020600000396370888
YMR041C,YMR224C,0,-3.117497,0.4119318127632141,0.14499999582767487,0.02070000022649765
YDL087C,YGL122C,1,-3.1178265,0.4135977327823639,0.1459999978542328,0.02070000022649765
YDR301W,YKL173W,1,-3.1180267,0.41525423526763916,0.1469999998807907,0.02070000022649765
YPL151C,YML049C,1,-3.1180892,0.4169014096260071,0.14800000190734863,0.02070000022649765
YPR057W,YKR086W,1,-3.1188185,0.4185393154621124,0.14900000393390656,0.02070000022649765
YNL164C,YNR026C,0,-3.1223376,0.41736695170402527,0.14900000393390656,0.020800000056624413
YNL282W,YBR152W,1,-3.1233976,0.4189944267272949,0.15000000596046448,0.020800000056624413
YKR055W,YOL142W,0,-3.1235511,0.417827308177948,0.15000000596046448,0.020899999886751175
YBR065C,YML049C,1,-3.1273715,0.4194444417953491,0.1509999930858612,0.020899999886751175
YKL139W,YOR148C,1,-3.1280963,0.42105263471603394,0.15199999511241913,0.020899999886751175
YGL105W,YMR109W,0,-3.1327765,0.41988950967788696,0.15199999511241913,0.020999999716877937
YER088C,YGL013C,0,-3.133693,0.41873279213905334,0.15199999511241913,0.0210999995470047
YNL153C,YNL032W,0,-3.1345577,0.4175824224948883,0.15199999511241913,0.021199999377131462
YMR138W,YDR081C,0,-3.136532,0.41643837094306946,0.15199999511241913,0.021299999207258224
YJL203W,YDR478W,1,-3.1367407,0.41803279519081116,0.15299999713897705,0.021299999207258224
YHL040C,YOL164W,0,-3.138963,0.41689372062683105,0.15299999713897705,0.021400000900030136
YFL021W,YDR456W,0,-3.1407077,0.41576087474823,0.15299999713897705,0.0215000007301569
YPL177C,YDL128W,0,-3.146456,0.4146341383457184,0.15299999713897705,0.02160000056028366
YDL013W,YOR123C,0,-3.1465254,0.41351351141929626,0.15299999713897705,0.021700000390410423
YAL032C,YDL098C,1,-3.1468182,0.4150943458080292,0.15399999916553497,0.021700000390410423
YGL142C,YIR018W,0,-3.1505558,0.4139784872531891,0.15399999916553497,0.021800000220537186
YFL025C,YIL002C,0,-3.1507325,0.4128686189651489,0.15399999916553497,0.021900000050663948
YIL131C,YMR214W,0,-3.150868,0.4117647111415863,0.15399999916553497,0.02199999988079071
YKL205W,YKR095W,0,-3.1517062,0.41066667437553406,0.15399999916553497,0.022099999710917473
YFL017W-A,YKL173W,1,-3.1524165,0.41223403811454773,0.1550000011920929,0.022099999710917473
YFR013W,YOR340C,0,-3.1528287,0.4111405909061432,0.1550000011920929,0.022199999541044235
YAL032C,YKL173W,1,-3.1530852,0.4126984179019928,0.15600000321865082,0.022199999541044235
YBR211C,YDL217C,0,-3.1535957,0.4116095006465912,0.15600000321865082,0.022299999371170998
YHL040C,YDR460W,0,-3.1545124,0.410526305437088,0.15600000321865082,0.02239999920129776
YDL175C,YMR214W,0,-3.1553242,0.4094488322734833,0.15600000321865082,0.02250000089406967
YHR005C,YNL262W,0,-3.1556373,0.4083769619464874,0.15600000321865082,0.022600000724196434
YKR002W,YKL173W,1,-3.1568453,0.40992167592048645,0.15700000524520874,0.022600000724196434
YGL155W,YLR381W,0,-3.1581323,0.4088541567325592,0.15700000524520874,0.022700000554323196
YIL120W,YDR393W,0,-3.158495,0.40779221057891846,0.15700000524520874,0.02280000038444996
YPR032W,YPL210C,0,-3.1590786,0.40673574805259705,0.15700000524520874,0.02290000021457672
YML049C,YIL061C,1,-3.1603737,0.4082687199115753,0.15800000727176666,0.02290000021457672
YER028C,YIL056W,0,-3.1616013,0.40721648931503296,0.15800000727176666,0.023000000044703484
YGL247W,YNL136W,0,-3.1631029,0.4061696529388428,0.15800000727176666,0.023099999874830246
YIR005W,YOR148C,1,-3.1631904,0.4076923131942749,0.1589999943971634,0.023099999874830246
YOR330C,YOL113W,0,-3.1644583,0.4066496193408966,0.1589999943971634,0.02319999970495701
YJL203W,YLR147C,1,-3.164662,0.40816327929496765,0.1599999964237213,0.02319999970495701
YPR025C,YPL208W,0,-3.1648562,0.40712466835975647,0.1599999964237213,0.02329999953508377
YML127W,YNL167C,0,-3.1648755,0.4060913622379303,0.1599999964237213,0.023399999365210533
YPL209C,YDR181C,0,-3.1649928,0.40506330132484436,0.1599999964237213,0.023499999195337296
YCR009C,YIL084C,0,-3.1674638,0.4040403962135315,0.1599999964237213,0.023600000888109207
YPR057W,YPR094W,1,-3.1685195,0.4055415689945221,0.16099999845027924,0.023600000888109207
YGL016W,YHR167W,0,-3.170528,0.4045226275920868,0.16099999845027924,0.02370000071823597
YNR023W,YDL235C,0,-3.1746,0.4035087823867798,0.16099999845027924,0.023800000548362732
YGL065C,YMR283C,0,-3.177754,0.4025000035762787,0.16099999845027924,0.023900000378489494
YKL139W,YJR022W,1,-3.1787837,0.4039900302886963,0.16200000047683716,0.023900000378489494
YDL013W,YMR283C,0,-3.1788847,0.4029850661754608,0.16200000047683716,0.024000000208616257
YER165W,YEL037C,0,-3.1811922,0.4019851088523865,0.16200000047683716,0.02410000003874302
YLR215C,YMR214W,0,-3.1832714,0.4009900987148285,0.16200000047683716,0.02419999986886978
YNL084C,YDR386W,0,-3.1838925,0.4000000059604645,0.16200000047683716,0.024299999698996544
YNR010W,YJL025W,0,-3.1853547,0.39901477098464966,0.16200000047683716,0.024399999529123306
YJL065C,YDR393W,0,-3.1871762,0.39803439378738403,0.16200000047683716,0.02449999935925007
YAL032C,YKL018W,1,-3.1880884,0.39950981736183167,0.16300000250339508,0.02449999935925007
YOR106W,YJL154C,0,-3.1933439,0.39853301644325256,0.16300000250339508,0.02459999918937683
YMR301C,YML127W,0,-3.1952698,0.3975609838962555,0.16300000250339508,0.024700000882148743
YDR180W,YDR207C,0,-3.1956067,0.3965936601161957,0.16300000250339508,0.024800000712275505
YFR028C,YHR167W,0,-3.1964931,0.3956310749053955,0.16300000250339508,0.024900000542402267
YMR301C,YHR073W,0,-3.1982331,0.39467310905456543,0.16300000250339508,0.02500000037252903
YKR086W,YGR129W,1,-3.2020884,0.39613527059555054,0.164000004529953,0.02500000037252903
YOL108C,YOL069W,0,-3.2044191,0.39518073201179504,0.164000004529953,0.025100000202655792
YFL048C,YOR106W,0,-3.205228,0.39423078298568726,0.164000004529953,0.025200000032782555
YER164W,YDR480W,0,-3.2092996,0.3932853639125824,0.164000004529953,0.025299999862909317
YPR057W,YDR301W,1,-3.2121787,0.3947368562221527,0.16500000655651093,0.025299999862909317
YML062C,YDR087C,0,-3.212513,0.3937947452068329,0.16500000655651093,0.02539999969303608
YGL073W,YDR460W,0,-3.2149556,0.3928571343421936,0.16500000655651093,0.025499999523162842
YGL122C,YKL173W,1,-3.2158701,0.39429929852485657,0.16599999368190765,0.025499999523162842
YLR068W,YJL139C,0,-3.2174351,0.39336493611335754,0.16599999368190765,0.025599999353289604
YOR319W,YKL173W,1,-3.220321,0.39479905366897583,0.16699999570846558,0.025599999353289604
YPL209C,YML103C,0,-3.2207355,0.3938679099082947,0.16699999570846558,0.025699999183416367
YER028C,YNL129W,0,-3.221105,0.3929411768913269,0.16699999570846558,0.025800000876188278
YDR289C,YGR186W,0,-3.2231512,0.39201876521110535,0.16699999570846558,0.02590000070631504
YBR210W,YFL013C,0,-3.2237391,0.3911007046699524,0.16699999570846558,0.026000000536441803
YNR023W,YGR063C,0,-3.2287438,0.3901869058609009,0.16699999570846558,0.026100000366568565
YJR022W,YLR277C,1,-3.231745,0.3916083872318268,0.1679999977350235,0.026100000366568565
YOR039W,YDR013W,0,-3.2317746,0.3906976878643036,0.1679999977350235,0.026200000196695328
YIL128W,YDR081C,0,-3.2332623,0.38979119062423706,0.1679999977350235,0.02630000002682209
YHR169W,YBR258C,0,-3.2349157,0.3888888955116272,0.1679999977350235,0.026399999856948853
YIR005W,YFL017W-A,1,-3.2354188,0.3903002440929413,0.16899999976158142,0.026399999856948853
YJL203W,YGR129W,1,-3.2372327,0.39170506596565247,0.17000000178813934,0.026399999856948853
YLR147C,YOR159C,1,-3.237967,0.3931034505367279,0.17100000381469727,0.026399999856948853
YGR059W,YJR110W,0,-3.2390883,0.39220184087753296,0.17100000381469727,0.026499999687075615
YDR397C,YML093W,0,-3.2412505,0.3913043439388275,0.17100000381469727,0.026599999517202377
YAL032C,YFL017W-A,1,-3.2414098,0.39269405603408813,0.1720000058412552,0.026599999517202377
YNL008C,YDL058W,0,-3.2414713,0.39179953932762146,0.1720000058412552,0.02669999934732914
YJL203W,YKL173W,1,-3.2414887,0.39318183064460754,0.17299999296665192,0.02669999934732914
YBR211C,YDR059C,0,-3.2417293,0.39229023456573486,0.17299999296665192,0.026799999177455902
YJR022W,YOR148C,1,-3.242568,0.3936651647090912,0.17399999499320984,0.026799999177455902
YDR163W,YPR082C,1,-3.24336,0.3950338661670685,0.17499999701976776,0.026799999177455902
YNL153C,YKR079C,0,-3.2440796,0.3941441476345062,0.17499999701976776,0.026900000870227814
YIL159W,YNL110C,0,-3.24417,0.3932584226131439,0.17499999701976776,0.027000000700354576
YFL009W,YLR090W,0,-3.2443151,0.39237669110298157,0.17499999701976776,0.02710000053048134
YML102W,YOL066C,0,-3.2462664,0.3914988934993744,0.17499999701976776,0.0272000003606081
YFR028C,YDR181C,0,-3.2471972,0.390625,0.17499999701976776,0.027300000190734863
YJR093C,YLR147C,1,-3.2489433,0.39198216795921326,0.17599999904632568,0.027300000190734863
YBR002C,YMR266W,0,-3.2490478,0.3911111056804657,0.17599999904632568,0.027400000020861626
YNL282W,YFR005C,1,-3.2497358,0.39246121048927307,0.1770000010728836,0.027400000020861626
YOR330C,YGL013C,0,-3.2514248,0.39159291982650757,0.1770000010728836,0.027499999850988388
YBL026W,YPL151C,1,-3.2530704,0.39293599128723145,0.17800000309944153,0.027499999850988388
YDL087C,YML049C,1,-3.2535625,0.39427313208580017,0.17900000512599945,0.027499999850988388
YKL208W,YAL043C,1,-3.2537694,0.3956044018268585,0.18000000715255737,0.027499999850988388
YLR116W,YLR147C,1,-3.254352,0.3969298303127289,0.1809999942779541,0.027499999850988388
YKL139W,YER068W,1,-3.2552857,0.39824944734573364,0.18199999630451202,0.027499999850988388
YML102W,YKL042W,0,-3.2565587,0.39737990498542786,0.18199999630451202,0.02759999968111515
YKL055C,YOR307C,0,-3.2568622,0.3965141475200653,0.18199999630451202,0.027699999511241913
YBR231C,YDL217C,0,-3.256974,0.395652174949646,0.18199999630451202,0.027799999341368675
YDL175C,YER075C,0,-3.25841,0.39479392766952515,0.18199999630451202,0.027899999171495438
YDR273W,YHR005C,0,-3.2594347,0.39393940567970276,0.18199999630451202,0.02800000086426735
YKL139W,YBR152W,1,-3.2632327,0.3952483832836151,0.18299999833106995,0.02800000086426735
YNR010W,YCR042C,0,-3.2636538,0.3943965435028076,0.18299999833106995,0.02810000069439411
YGL143C,YCR060W,0,-3.2640722,0.3935483992099762,0.18299999833106995,0.028200000524520874
YBR278W,YDL232W,0,-3.2641938,0.3927038609981537,0.18299999833106995,0.028300000354647636
YOL133W,YLR007W,0,-3.2648363,0.3918629586696625,0.18299999833106995,0.0284000001847744
YCL016C,YOL031C,0,-3.2660444,0.3910256326198578,0.18299999833106995,0.02850000001490116
YDL058W,YOL129W,0,-3.2671647,0.3901918828487396,0.18299999833106995,0.028599999845027924
YPL177C,YNL311C,0,-3.268177,0.389361709356308,0.18299999833106995,0.028699999675154686
YGR024C,YKL166C,0,-3.26832,0.3885350227355957,0.18299999833106995,0.02879999950528145
YOR249C,YJR102C,0,-3.2684321,0.38771185278892517,0.18299999833106995,0.02889999933540821
YJR022W,YKL018W,1,-3.2693567,0.3890063464641571,0.18400000035762787,0.02889999933540821
YLR116W,YAL043C,1,-3.2727935,0.3902953565120697,0.1850000023841858,0.02889999933540821
YPR025C,YNL323W,0,-3.273192,0.38947367668151855,0.1850000023841858,0.028999999165534973
YHR187W,YBL061C,0,-3.27531,0.3886554539203644,0.1850000023841858,0.029100000858306885
YNL153C,YNR015W,0,-3.2765486,0.3878406584262848,0.1850000023841858,0.029200000688433647
YPR025C,YKR007W,0,-3.2803137,0.3870292901992798,0.1850000023841858,0.02930000051856041
YML102W,YMR153W,0,-3.2846951,0.3862212896347046,0.1850000023841858,0.029400000348687172
YDL225W,YOR064C,0,-3.284901,0.3854166567325592,0.1850000023841858,0.029500000178813934
YPR046W,YML097C,0,-3.285742,0.38461539149284363,0.1850000023841858,0.029600000008940697
YCL004W,YOR106W,0,-3.287691,0.3838174343109131,0.1850000023841858,0.02969999983906746
YER164W,YNL027W,0,-3.288344,0.3830227851867676,0.1850000023841858,0.02979999966919422
YNR010W,YNL026W,0,-3.2899094,0.3822314143180847,0.1850000023841858,0.029899999499320984
YPR025C,YML114C,0,-3.290586,0.3814432919025421,0.1850000023841858,0.029999999329447746
YKL021C,YGR186W,0,-3.2921903,0.38065844774246216,0.1850000023841858,0.03009999915957451
YAL015C,YNR023W,0,-3.2931147,0.3798767924308777,0.1850000023841858,0.03020000085234642
YGL122C,YAL043C,1,-3.295423,0.3811475336551666,0.1860000044107437,0.03020000085234642
YML102W,YMR296C,0,-3.2967591,0.38036808371543884,0.1860000044107437,0.030300000682473183
YJR140C,YMR091C,0,-3.299548,0.37959182262420654,0.1860000044107437,0.030400000512599945
YGL155W,YKL166C,0,-3.3001165,0.3788187503814697,0.1860000044107437,0.030500000342726707
YIL159W,YDR308C,0,-3.3030686,0.37804877758026123,0.1860000044107437,0.03060000017285347
YKL220C,YBR258C,0,-3.3049324,0.37728193402290344,0.1860000044107437,0.030700000002980232
YJR093C,YOR319W,1,-3.3057973,0.3785425126552582,0.18700000643730164,0.030700000002980232
YNL127W,YGL151W,0,-3.3069112,0.3777777850627899,0.18700000643730164,0.030799999833106995
YBR278W,YLR262C,0,-3.306973,0.3770161271095276,0.18700000643730164,0.030899999663233757
YGR230W,YCL032W,0,-3.3070607,0.3762575387954712,0.18700000643730164,0.03099999949336052
YLR081W,YJL214W,0,-3.3084002,0.3755020201206207,0.18700000643730164,0.031099999323487282
YPR072W,YFL017W-A,1,-3.3084416,0.3767535090446472,0.18799999356269836,0.031099999323487282
YKL220C,YJR110W,0,-3.3106031,0.37599998712539673,0.18799999356269836,0.031199999153614044
YBR065C,YKL025C,1,-3.310725,0.3772455155849457,0.1889999955892563,0.031199999153614044
YOR144C,YOR307C,0,-3.3112388,0.37649402022361755,0.1889999955892563,0.031300000846385956
YPL258C,YJR110W,0,-3.3114738,0.3757455348968506,0.1889999955892563,0.03139999881386757
YHR042W,YDL195W,0,-3.311998,0.375,0.1889999955892563,0.03150000050663948
YPL192C,YKL166C,0,-3.3137665,0.3742574155330658,0.1889999955892563,0.031599998474121094
YMR201C,YMR270C,0,-3.314983,0.373517781496048,0.1889999955892563,0.031700000166893005
YDL154W,YKL088W,0,-3.3169432,0.37278106808662415,0.1889999955892563,0.03180000185966492
YJR140C,YIL030C,0,-3.317314,0.3720472455024719,0.1889999955892563,0.03189999982714653
YLR384C,YDL042C,0,-3.3174047,0.3713163137435913,0.1889999955892563,0.03200000151991844
YKL139W,YKL025C,1,-3.3200064,0.37254902720451355,0.1899999976158142,0.03200000151991844
YDL170W,YLR240W,0,-3.3200068,0.37181997299194336,0.1899999976158142,0.032099999487400055
YPR094W,YKL018W,1,-3.3224092,0.373046875,0.19099999964237213,0.032099999487400055
YNL027W,YBR258C,0,-3.3241184,0.37231969833374023,0.19099999964237213,0.03220000118017197
YPR025C,YBR159W,0,-3.3241684,0.3715953230857849,0.19099999964237213,0.03229999914765358
YDL225W,YIL008W,0,-3.325183,0.3708737790584564,0.19099999964237213,0.03240000084042549
YNL032W,YCL032W,0,-3.325242,0.3701550364494324,0.19099999964237213,0.032499998807907104
YAR008W,YML098W,0,-3.3271189,0.3694390654563904,0.19099999964237213,0.032600000500679016
YIL070C,YKL150W,0,-3.3275313,0.36872586607933044,0.19099999964237213,0.03269999846816063
YBL026W,YKR086W,1,-3.328702,0.36994218826293945,0.19200000166893005,0.03269999846816063
YGL035C,YDR075W,0,-3.3292325,0.3692307770252228,0.19200000166893005,0.03280000016093254
YJL025W,YOR329C,0,-3.3294504,0.3685220777988434,0.19200000166893005,0.03290000185370445
YNL222W,YEL004W,0,-3.329825,0.36781609058380127,0.19200000166893005,0.032999999821186066
YFL009W,YNL032W,0,-3.3309906,0.36711281538009644,0.19200000166893005,0.03310000151395798
YBR073W,YPL258C,0,-3.331688,0.3664122223854065,0.19200000166893005,0.03319999948143959
YGL247W,YLR068W,0,-3.3324451,0.36571428179740906,0.19200000166893005,0.0333000011742115
YML049C,YFL017W-A,1,-3.3337457,0.36692014336586,0.19300000369548798,0.0333000011742115
YBR129C,YGL098W,0,-3.333838,0.36622390151023865,0.19300000369548798,0.033399999141693115
YCR060W,YJR102C,0,-3.3363032,0.3655303120613098,0.19300000369548798,0.03350000083446503
YHR175W,YDL181W,0,-3.336545,0.3648393154144287,0.19300000369548798,0.03359999880194664
YBR107C,YLR193C,0,-3.3373222,0.3641509413719177,0.19300000369548798,0.03370000049471855
YBR278W,YFL004W,0,-3.3381217,0.36346516013145447,0.19300000369548798,0.033799998462200165
YDL017W,YJL148W,0,-3.3386002,0.36278194189071655,0.19300000369548798,0.033900000154972076
YGL247W,YDL200C,0,-3.3396754,0.36210131645202637,0.19300000369548798,0.03400000184774399
YDR337W,YCR044C,0,-3.340057,0.36142322421073914,0.19300000369548798,0.0340999998152256
YPL211W,YDR081C,0,-3.3402486,0.36074766516685486,0.19300000369548798,0.03420000150799751
YBR002C,YIL030C,0,-3.3411543,0.36007463932037354,0.19300000369548798,0.034299999475479126
YBR107C,YBL102W,0,-3.3425903,0.3594040870666504,0.19300000369548798,0.03440000116825104
YOR148C,YLR277C,1,-3.3428798,0.36059480905532837,0.1940000057220459,0.03440000116825104
YOL069W,YCL063W,0,-3.343931,0.359925776720047,0.1940000057220459,0.03449999913573265
YJL145W,YAL009W,0,-3.3477683,0.3592592477798462,0.1940000057220459,0.03460000082850456
YPR094W,YOR148C,1,-3.348204,0.3604436218738556,0.19499999284744263,0.03460000082850456
YLR068W,YIL008W,0,-3.3525436,0.35977858304977417,0.19499999284744263,0.034699998795986176
YHR119W,YCL032W,0,-3.3530273,0.3591160178184509,0.19499999284744263,0.03480000048875809
YOL001W,YFR003C,0,-3.353078,0.3584558963775635,0.19499999284744263,0.0348999984562397
YMR283C,YPL208W,0,-3.3600383,0.35779815912246704,0.19499999284744263,0.03500000014901161
YDR298C,YBR210W,0,-3.3618078,0.3571428656578064,0.19499999284744263,0.035100001841783524
YMR021C,YMR153W,0,-3.3638313,0.35648995637893677,0.19499999284744263,0.03519999980926514
YLR424W,YLR277C,1,-3.3643422,0.35766422748565674,0.19599999487400055,0.03519999980926514
YNL282W,YIL061C,1,-3.364789,0.35883423686027527,0.19699999690055847,0.03519999980926514
YBR073W,YBR273C,0,-3.3658538,0.35818180441856384,0.19699999690055847,0.03530000150203705
YPR057W,YNL147W,1,-3.3662338,0.3593466281890869,0.1979999989271164,0.03530000150203705
YLR215C,YPL101W,0,-3.3663297,0.3586956560611725,0.1979999989271164,0.03539999946951866
YGR262C,YDR208W,0,-3.369351,0.3580470085144043,0.1979999989271164,0.03550000116229057
YPL151C,YLR424W,1,-3.369799,0.35920578241348267,0.19900000095367432,0.03550000116229057
YNL281W,YLR011W,0,-3.3722224,0.3585585653781891,0.19900000095367432,0.035599999129772186
YDL145C,YDL080C,0,-3.3723054,0.35791367292404175,0.19900000095367432,0.0357000008225441
YML062C,YHR073W,0,-3.3739145,0.35727110505104065,0.19900000095367432,0.03579999879002571
YPR072W,YJL203W,1,-3.374022,0.3584229350090027,0.20000000298023224,0.03579999879002571
YAL032C,YLR424W,1,-3.3767328,0.3595706522464752,0.20100000500679016,0.03579999879002571
YNL282W,YPL151C,1,-3.3770125,0.36071428656578064,0.20200000703334808,0.03579999879002571
YLR381W,YFR013W,0,-3.377636,0.3600713014602661,0.20200000703334808,0.03590000048279762
YDL138W,YIL008W,0,-3.378438,0.35943061113357544,0.20200000703334808,0.035999998450279236
YNL288W,YHR187W,0,-3.379275,0.35879218578338623,0.20200000703334808,0.03610000014305115
YKL079W,YDR325W,0,-3.38051,0.3581560254096985,0.20200000703334808,0.03620000183582306
YOL045W,YLR467W,0,-3.3816605,0.3575221300125122,0.20200000703334808,0.03629999980330467
YDR363W-A,YIL063C,0,-3.3818412,0.356890469789505,0.20200000703334808,0.036400001496076584
YIL002C,YER028C,0,-3.3825614,0.3562610149383545,0.20200000703334808,0.0364999994635582
YAL043C,YKL173W,1,-3.3832686,0.35739436745643616,0.2029999941587448,0.0364999994635582
YLR116W,YKL018W,1,-3.3833518,0.35852372646331787,0.20399999618530273,0.0364999994635582
YNL084C,YGR186W,0,-3.3845692,0.35789474844932556,0.20399999618530273,0.03660000115633011
YAL032C,YPL151C,1,-3.3848813,0.3590192496776581,0.20499999821186066,0.03660000115633011
YFL023W,YIR015W,0,-3.3859591,0.3583916127681732,0.20499999821186066,0.03669999912381172
YMR073C,YHR119W,0,-3.38693,0.35776615142822266,0.20499999821186066,0.03680000081658363
YLR066W,YLR417W,0,-3.3872137,0.3571428656578064,0.20499999821186066,0.03689999878406525
YHR187W,YBR073W,0,-3.3885794,0.35652172565460205,0.20499999821186066,0.03700000047683716
YOR330C,YNL053W,0,-3.3891404,0.3559027910232544,0.20499999821186066,0.03709999844431877
YBL026W,YOR148C,1,-3.3903694,0.3570190668106079,0.20600000023841858,0.03709999844431877
YBR211C,YDR189W,0,-3.39326,0.35640138387680054,0.20600000023841858,0.03720000013709068
YDL008W,YLR262C,0,-3.3943603,0.3557858467102051,0.20600000023841858,0.037300001829862595
YPR025C,YOR212W,0,-3.394797,0.35517242550849915,0.20600000023841858,0.03739999979734421
YDR163W,YBL026W,1,-3.3973672,0.3562822639942169,0.2070000022649765,0.03739999979734421
YOR319W,YPR072W,1,-3.3985877,0.35738831758499146,0.20800000429153442,0.03739999979734421
YAR008W,YNL088W,0,-3.400154,0.35677531361579895,0.20800000429153442,0.03750000149011612
YMR296C,YDR388W,0,-3.400721,0.3561643958091736,0.20800000429153442,0.03759999945759773
YOR319W,YKR002W,1,-3.4007947,0.3572649657726288,0.20900000631809235,0.03759999945759773
YNL328C,YGR059W,0,-3.4009995,0.3566552996635437,0.20900000631809235,0.037700001150369644
YMR214W,YGR063C,0,-3.4010894,0.35604768991470337,0.20900000631809235,0.03779999911785126
YJR045C,YKL034W,0,-3.4030018,0.3554421663284302,0.20900000631809235,0.03790000081062317
YBR065C,YDR195W,1,-3.4055626,0.35653650760650635,0.20999999344348907,0.03790000081062317
YHR034C,YBR258C,0,-3.4058118,0.35593220591545105,0.20999999344348907,0.03799999877810478
YBR210W,YJR102C,0,-3.4064312,0.3553299605846405,0.20999999344348907,0.038100000470876694
YKR002W,YPL151C,1,-3.4078667,0.3564189076423645,0.210999995470047,0.038100000470876694
YBR038W,YLR059C,0,-3.4092631,0.35581788420677185,0.210999995470047,0.03819999843835831
YJL194W,YHR012W,0,-3.4097023,0.3552188575267792,0.210999995470047,0.03830000013113022
YJR022W,YGR129W,1,-3.4103386,0.35630252957344055,0.21199999749660492,0.03830000013113022
YPR025C,YBR107C,0,-3.412694,0.3557046949863434,0.21199999749660492,0.03840000182390213
YBR049C,YDR181C,0,-3.4140465,0.3551088869571686,0.21199999749660492,0.03849999979138374
YOL077W-A,YGR033C,0,-3.4140763,0.35451504588127136,0.21199999749660492,0.038600001484155655
YJL006C,YDR398W,0,-3.4154377,0.3539232015609741,0.21199999749660492,0.03869999945163727
YNL282W,YDL098C,1,-3.4160058,0.35499998927116394,0.21299999952316284,0.03869999945163727
YFR013W,YLR007W,0,-3.4172785,0.3544093072414398,0.21299999952316284,0.03880000114440918
YPL151C,YKL173W,1,-3.4181328,0.35548171401023865,0.21400000154972076,0.03880000114440918
YMR069W,YMR214W,0,-3.4185667,0.35489219427108765,0.21400000154972076,0.03889999911189079
YJR022W,YKR086W,1,-3.4197445,0.35596027970314026,0.2150000035762787,0.03889999911189079
YPR082C,YLR277C,1,-3.4214125,0.35702478885650635,0.2160000056028366,0.03889999911189079
YDR181C,YJL145W,0,-3.4218826,0.3564356565475464,0.2160000056028366,0.039000000804662704
YDR301W,YPL151C,1,-3.4227238,0.35749587416648865,0.21699999272823334,0.039000000804662704
YNL039W,YMR263W,0,-3.4228175,0.3569079041481018,0.21699999272823334,0.03909999877214432
YJR022W,YPR094W,1,-3.4252734,0.357963889837265,0.21799999475479126,0.03909999877214432
YNR010W,YBR258C,0,-3.4262385,0.3573770523071289,0.21799999475479126,0.03920000046491623
YNL129W,YJL154C,0,-3.4269242,0.356792151927948,0.21799999475479126,0.03929999843239784
YHR034C,YNL186W,0,-3.4270568,0.3562091588973999,0.21799999475479126,0.039400000125169754
YKR086W,YIL061C,1,-3.4270875,0.3572593927383423,0.21899999678134918,0.039400000125169754
YLR384C,YHR119W,0,-3.4271908,0.3566775321960449,0.21899999678134918,0.039500001817941666
YJR093C,YAL032C,1,-3.4286,0.35772356390953064,0.2199999988079071,0.039500001817941666
YAL032C,YOR159C,1,-3.4296527,0.35876622796058655,0.22100000083446503,0.039500001817941666
YIL118W,YMR283C,0,-3.4297435,0.3581847548484802,0.22100000083446503,0.03959999978542328
YNL281W,YJL145W,0,-3.4303174,0.3576051890850067,0.22100000083446503,0.03970000147819519
YMR153W,YKL042W,0,-3.431744,0.35702747106552124,0.22100000083446503,0.039799999445676804
YDR013W,YDL080C,0,-3.4351835,0.3564516007900238,0.22100000083446503,0.039900001138448715
YDR191W,YHR084W,0,-3.4366527,0.3558776080608368,0.22100000083446503,0.03999999910593033
YNL210W,YDR478W,1,-3.4367137,0.35691317915916443,0.22200000286102295,0.03999999910593033
YDR202C,YNL032W,0,-3.4369414,0.35634028911590576,0.22200000286102295,0.04010000079870224
YGR224W,YAL009W,0,-3.4377217,0.35576921701431274,0.22200000286102295,0.04019999876618385
YDR337W,YKL079W,0,-3.4377687,0.35519999265670776,0.22200000286102295,0.040300000458955765
YBL026W,YLR277C,1,-3.4385643,0.3562300205230713,0.22300000488758087,0.040300000458955765
YMR153W,YGR211W,0,-3.4408267,0.35566186904907227,0.22300000488758087,0.04039999842643738
YNR010W,YKR038C,0,-3.4420083,0.3550955355167389,0.22300000488758087,0.04050000011920929
YIL061C,YKL095W,1,-3.4433584,0.3561208248138428,0.2240000069141388,0.04050000011920929
YKR002W,YDL098C,1,-3.4436762,0.3571428656578064,0.22499999403953552,0.04050000011920929
YGL016W,YGL035C,0,-3.4463918,0.3565768599510193,0.22499999403953552,0.0406000018119812
YGL247W,YBR172C,0,-3.4474938,0.3560126721858978,0.22499999403953552,0.040699999779462814
YOR160W,YER031C,0,-3.4478414,0.35545024275779724,0.22499999403953552,0.040800001472234726
YDL087C,YAL043C,1,-3.4496977,0.3564668893814087,0.22599999606609344,0.040800001472234726
YBR107C,YDL042C,0,-3.4514966,0.3559055030345917,0.22599999606609344,0.04089999943971634
YOR319W,YOR159C,1,-3.4528418,0.35691824555397034,0.22699999809265137,0.04089999943971634
YOR159C,YOR148C,1,-3.4539824,0.3579277992248535,0.2280000001192093,0.04089999943971634
YML047C,YBL093C,0,-3.4559946,0.35736677050590515,0.2280000001192093,0.04100000113248825
YOL043C,YPL268W,0,-3.458036,0.35680750012397766,0.2280000001192093,0.041099999099969864
YDR163W,YBR152W,1,-3.458355,0.3578124940395355,0.2290000021457672,0.041099999099969864
YGL247W,YKR079C,0,-3.462756,0.357254296541214,0.2290000021457672,0.041200000792741776
YIL119C,YHR006W,0,-3.4631023,0.35669782757759094,0.2290000021457672,0.04129999876022339
YHR158C,YOR149C,0,-3.4651542,0.3561430871486664,0.2290000021457672,0.0414000004529953
YDR386W,YMR283C,0,-3.4676757,0.3555900752544403,0.2290000021457672,0.04149999842047691
YPR018W,YHL009C,0,-3.4704733,0.35503876209259033,0.2290000021457672,0.041600000113248825
YFR005C,YIL061C,1,-3.473859,0.3560371398925781,0.23000000417232513,0.041600000113248825
YMR214W,YDR207C,0,-3.474193,0.3554868698120117,0.23000000417232513,0.04170000180602074
YPR057W,YIL061C,1,-3.4745183,0.35648149251937866,0.23100000619888306,0.04170000180602074
YFL025C,YOR144C,0,-3.477672,0.35593220591545105,0.23100000619888306,0.04179999977350235
YIL119C,YOR172W,0,-3.4803917,0.35538461804389954,0.23100000619888306,0.04190000146627426
YGL122C,YKR002W,1,-3.48062,0.3563748002052307,0.23199999332427979,0.04190000146627426
YLR319C,YGL142C,0,-3.4837508,0.3558282256126404,0.23199999332427979,0.041999999433755875
YBR065C,YGR129W,1,-3.483996,0.3568147122859955,0.2329999953508377,0.041999999433755875
YLL018C-A,YML015C,0,-3.4842095,0.35626912117004395,0.2329999953508377,0.042100001126527786
YOL069W,YPL192C,0,-3.4842825,0.3557251989841461,0.2329999953508377,0.0421999990940094
YGL035C,YJL129C,0,-3.484439,0.3551829159259796,0.2329999953508377,0.04230000078678131
YGR003W,YGR229C,0,-3.4850316,0.3546423017978668,0.2329999953508377,0.042399998754262924
YHR099W,YLR262C,0,-3.48568,0.35410335659980774,0.2329999953508377,0.042500000447034836
YBR132C,YBR089C-A,0,-3.4867067,0.3535660207271576,0.2329999953508377,0.04259999841451645
YLR215C,YGL190C,0,-3.4877074,0.3530302941799164,0.2329999953508377,0.04270000010728836
YER008C,YFR031C,0,-3.4898906,0.3524962067604065,0.2329999953508377,0.04280000180006027
YOR039W,YMR284W,0,-3.4913764,0.35196375846862793,0.2329999953508377,0.042899999767541885
YML023C,YJL072C,0,-3.4923573,0.3514328896999359,0.2329999953508377,0.0430000014603138
YPR070W,YNL053W,0,-3.4928021,0.35090360045433044,0.2329999953508377,0.04309999942779541
YML049C,YMR216C,1,-3.4933336,0.35187968611717224,0.23399999737739563,0.04309999942779541
YMR076C,YCL004W,0,-3.496059,0.3513513505458832,0.23399999737739563,0.04320000112056732
YDR331W,YPR032W,0,-3.4964476,0.35082459449768066,0.23399999737739563,0.043299999088048935
YDL088C,YKL205W,0,-3.4969764,0.3502993881702423,0.23399999737739563,0.04340000078082085
YPR072W,YMR216C,1,-3.4990578,0.35127055644989014,0.23499999940395355,0.04340000078082085
YJL090C,YNL304W,0,-3.5001047,0.3507462739944458,0.23499999940395355,0.04349999874830246
YOR221C,YDR308C,0,-3.5016508,0.3502235412597656,0.23499999940395355,0.04360000044107437
YMR153W,YMR026C,0,-3.5028214,0.349702388048172,0.23499999940395355,0.043699998408555984
YDR478W,YLR277C,1,-3.5047352,0.35066863894462585,0.23600000143051147,0.043699998408555984
YDR301W,YBL026W,1,-3.5048656,0.3516320586204529,0.2370000034570694,0.043699998408555984
YOR039W,YOR171C,0,-3.5053267,0.35111111402511597,0.2370000034570694,0.043800000101327896
YDL087C,YKL173W,1,-3.506834,0.35207101702690125,0.23800000548362732,0.043800000101327896
YNL149C,YGR024C,0,-3.5077662,0.35155096650123596,0.23800000548362732,0.04390000179409981
YBR192W,YGR063C,0,-3.5079672,0.35103243589401245,0.23800000548362732,0.04399999976158142
YNL061W,YML103C,0,-3.508019,0.3505154550075531,0.23800000548362732,0.04410000145435333
YJR093C,YIL061C,1,-3.5084956,0.35147058963775635,0.23899999260902405,0.04410000145435333
YNR026C,YNL311C,0,-3.5124822,0.35095447301864624,0.23899999260902405,0.044199999421834946
YPR018W,YBR258C,0,-3.5130606,0.3504398763179779,0.23899999260902405,0.04430000111460686
YOL063C,YNL222W,0,-3.5132818,0.34992679953575134,0.23899999260902405,0.04439999908208847
YGL172W,YDR308C,0,-3.513472,0.34941521286964417,0.23899999260902405,0.04450000077486038
YFR013W,YML015C,0,-3.5135098,0.34890511631965637,0.23899999260902405,0.044599998742341995
YNL118C,YNL304W,0,-3.5137599,0.34839650988578796,0.23899999260902405,0.04470000043511391
YKL025C,YKL173W,1,-3.5151074,0.34934496879577637,0.23999999463558197,0.04470000043511391
YNL288W,YOR221C,0,-3.5154476,0.3488371968269348,0.23999999463558197,0.04479999840259552
YLR319C,YKL011C,0,-3.515472,0.34833091497421265,0.23999999463558197,0.04490000009536743
YNR010W,YMR089C,0,-3.516141,0.3478260934352875,0.23999999463558197,0.04500000178813934
YJL203W,YKL018W,1,-3.51717,0.3487699031829834,0.2409999966621399,0.04500000178813934
YKL139W,YIL061C,1,-3.5179167,0.34971097111701965,0.24199999868869781,0.04500000178813934
YDR515W,YPR086W,0,-3.5187027,0.3492063581943512,0.24199999868869781,0.045099999755620956
YBR065C,YJL203W,1,-3.5189056,0.35014408826828003,0.24300000071525574,0.045099999755620956
YER019W,YKL212W,0,-3.521877,0.34964028000831604,0.24300000071525574,0.04520000144839287
YDR298C,YJL065C,0,-3.5231414,0.34913793206214905,0.24300000071525574,0.04529999941587448
YLR381W,YIL008W,0,-3.5238485,0.34863701462745667,0.24300000071525574,0.04540000110864639
YBL105C,YER005W,0,-3.5282555,0.3481375277042389,0.24300000071525574,0.045499999076128006
YBR160W,YHR167W,0,-3.5283215,0.3476394712924957,0.24300000071525574,0.04560000076889992
YGL065C,YDR325W,0,-3.5283377,0.3471428453922272,0.24300000071525574,0.04569999873638153
YAL043C,YIL061C,1,-3.5292065,0.34807416796684265,0.24400000274181366,0.04569999873638153
YGR158C,YDL235C,0,-3.5318232,0.34757834672927856,0.24400000274181366,0.04580000042915344
YDR195W,YLR277C,1,-3.5341966,0.3485063910484314,0.24500000476837158,0.04580000042915344
YPR057W,YGR129W,1,-3.535843,0.3494318127632141,0.2460000067949295,0.04580000042915344
YGL122C,YLR424W,1,-3.5360389,0.3503546118736267,0.24699999392032623,0.04580000042915344
YKR095W,YDR075W,0,-3.5380065,0.3498583436012268,0.24699999392032623,0.045899998396635056
YJL203W,YDR195W,1,-3.5400717,0.35077792406082153,0.24799999594688416,0.045899998396635056
YPR094W,YML049C,1,-3.5406525,0.35169491171836853,0.24899999797344208,0.045899998396635056
YGL171W,YNL032W,0,-3.541832,0.35119888186454773,0.24899999797344208,0.04600000008940697
YNL039W,YDR393W,0,-3.544155,0.35070422291755676,0.24899999797344208,0.04610000178217888
YGR218W,YDL014W,0,-3.5447521,0.350210964679718,0.24899999797344208,0.04619999974966049
YNL118C,YLR240W,0,-3.5453513,0.3497191071510315,0.24899999797344208,0.046300001442432404
YJR022W,YKR002W,1,-3.547394,0.35063114762306213,0.25,0.046300001442432404
YHR175W,YOR307C,0,-3.5475683,0.3501400649547577,0.25,0.04639999940991402
YBL080C,YBR050C,0,-3.5478957,0.3496503531932831,0.25,0.04650000110268593
YBR065C,YBR152W,1,-3.5481722,0.35055866837501526,0.25099998712539673,0.04650000110268593
YBR159W,YDR208W,0,-3.5482678,0.35006973147392273,0.25099998712539673,0.04659999907016754
YBR107C,YCL032W,0,-3.5492039,0.34958216547966003,0.25099998712539673,0.04670000076293945
YOR249C,YLR010C,0,-3.5493004,0.3490959703922272,0.25099998712539673,0.046799998730421066
YNR026C,YHR167W,0,-3.552751,0.34861111640930176,0.25099998712539673,0.04690000042319298
YDR301W,YPR072W,1,-3.55415,0.34951457381248474,0.25200000405311584,0.04690000042319298
YJR093C,YLR424W,1,-3.5541687,0.35041549801826477,0.2529999911785126,0.04690000042319298
YPR094W,YKL095W,1,-3.555078,0.351313978433609,0.2540000081062317,0.04690000042319298
YBR278W,YOL001W,0,-3.5552864,0.35082873702049255,0.2540000081062317,0.04699999839067459
YKL191W,YEL037C,0,-3.5559578,0.35034483671188354,0.2540000081062317,0.0471000000834465
YJL111W,YGL016W,0,-3.5579247,0.3498622477054596,0.2540000081062317,0.047200001776218414
YOR260W,YNL088W,0,-3.5624075,0.3493810296058655,0.2540000081062317,0.04729999974370003
YER114C,YDR205W,0,-3.5631611,0.34890109300613403,0.2540000081062317,0.04740000143647194
YDR013W,YGR186W,0,-3.5641775,0.34842249751091003,0.2540000081062317,0.04749999940395355
YGL247W,YDL017W,0,-3.5660973,0.3479452133178711,0.2540000081062317,0.047600001096725464
YJR093C,YKL018W,1,-3.5664759,0.3488371968269348,0.2549999952316284,0.047600001096725464
YML049C,YDL098C,1,-3.5665367,0.34972676634788513,0.25600001215934753,0.047600001096725464
YGL172W,YOR272W,0,-3.5667844,0.3492496609687805,0.25600001215934753,0.04769999906420708
YJR139C,YML058W-A,0,-3.5678737,0.3487738370895386,0.25600001215934753,0.04780000075697899
YJR083C,YPL202C,0,-3.5683327,0.3482993245124817,0.25600001215934753,0.0478999987244606
YKR079C,YHL009C,0,-3.5684502,0.3478260934352875,0.25600001215934753,0.04800000041723251
YPL235W,YLR262C,0,-3.568635,0.34735414385795593,0.25600001215934753,0.04809999838471413
YDR524C,YDR345C,0,-3.568707,0.34688347578048706,0.25600001215934753,0.04820000007748604
YDL006W,YML014W,0,-3.5689826,0.34641405940055847,0.25600001215934753,0.04830000177025795
YAL015C,YBR258C,0,-3.5690854,0.34594595432281494,0.25600001215934753,0.04839999973773956
YFL003C,YBR258C,0,-3.5690956,0.3454790711402893,0.25600001215934753,0.048500001430511475
YFL009W,YHR150W,0,-3.569407,0.34501346945762634,0.25600001215934753,0.04859999939799309
YGR258C,YNL088W,0,-3.5696583,0.34454911947250366,0.25600001215934753,0.048700001090765
YKR095W,YNR023W,0,-3.5698862,0.34408602118492126,0.25600001215934753,0.04879999905824661
YAL043C,YFL017W-A,1,-3.5710096,0.34496644139289856,0.25699999928474426,0.04879999905824661
YHR175W,YPL177C,0,-3.5723743,0.3445040285587311,0.25699999928474426,0.048900000751018524
YCR107W,YDR142C,0,-3.5740113,0.3440428376197815,0.25699999928474426,0.04899999871850014
YOR319W,YKL018W,1,-3.5747213,0.3449198007583618,0.257999986410141,0.04899999871850014
YKL139W,YLR147C,1,-3.5752263,0.3457943797111511,0.2590000033378601,0.04899999871850014
YDR021W,YLR007W,0,-3.5754676,0.3453333377838135,0.2590000033378601,0.04910000041127205
YNL230C,YEL016C,0,-3.5778942,0.34487348794937134,0.2590000033378601,0.04919999837875366
YDL232W,YBR058C-A,0,-3.5784872,0.3444148898124695,0.2590000033378601,0.049300000071525574
YFL017W-A,YDL098C,1,-3.5828438,0.3452855348587036,0.25999999046325684,0.049300000071525574
YGL004C,YMR270C,0,-3.5830474,0.3448275923728943,0.25999999046325684,0.049400001764297485
YKL055C,YML127W,0,-3.5845857,0.34437087178230286,0.25999999046325684,0.0494999997317791
YIL142W,YMR283C,0,-3.585558,0.34391534328460693,0.25999999046325684,0.04960000142455101
YPR200C,YML047C,0,-3.5871525,0.3434610366821289,0.25999999046325684,0.04969999939203262
YKL146W,YLR090W,0,-3.5877385,0.3430079221725464,0.25999999046325684,0.049800001084804535
YJR093C,YNL147W,1,-3.5877485,0.343873530626297,0.26100000739097595,0.049800001084804535
YBR218C,YMR284W,0,-3.588229,0.3434210419654846,0.26100000739097595,0.04989999905228615
YIL002C,YJR010C-A,0,-3.5904126,0.34296977519989014,0.26100000739097595,0.05000000074505806
YDR081C,YJL145W,0,-3.5910344,0.3425196707248688,0.26100000739097595,0.05009999871253967
YGL122C,YKL095W,1,-3.591588,0.3433813750743866,0.2619999945163727,0.05009999871253967
YIL084C,YDR308C,0,-3.5917037,0.34293192625045776,0.2619999945163727,0.050200000405311584
YJR093C,YBL026W,1,-3.5923548,0.34379085898399353,0.2630000114440918,0.050200000405311584
YNL282W,YDR478W,1,-3.5924997,0.34464752674102783,0.2639999985694885,0.050200000405311584
YPR182W,YIL061C,1,-3.5925403,0.34550195932388306,0.26499998569488525,0.050200000405311584
YJL165C,YLR034C,0,-3.5925908,0.3450520932674408,0.26499998569488525,0.0502999983727932
YKR086W,YOR159C,1,-3.5937166,0.34590378403663635,0.26600000262260437,0.0502999983727932
YML032C,YMR005W,0,-3.594471,0.34545454382896423,0.26600000262260437,0.05040000006556511
YGR262C,YDR515W,0,-3.5948281,0.3450064957141876,0.26600000262260437,0.05050000175833702
YBR258C,YAL009W,0,-3.5951605,0.34455958008766174,0.26600000262260437,0.050599999725818634
YNL210W,YFR005C,1,-3.5960195,0.34540751576423645,0.2669999897480011,0.050599999725818634
YNL084C,YAL015C,0,-3.5962076,0.3449612259864807,0.2669999897480011,0.050700001418590546
YGL247W,YPL210C,0,-3.5987115,0.3445161283016205,0.2669999897480011,0.05079999938607216
YBR267W,YGR186W,0,-3.5990453,0.344072163105011,0.2669999897480011,0.05090000107884407
YIR005W,YKR086W,1,-3.5997021,0.34491634368896484,0.2680000066757202,0.05090000107884407
YGL035C,YML097C,0,-3.5997045,0.3444730043411255,0.2680000066757202,0.050999999046325684
YBR065C,YNL210W,1,-3.6002138,0.34531450271606445,0.26899999380111694,0.050999999046325684
YPR057W,YFL017W-A,1,-3.601177,0.3461538553237915,0.27000001072883606,0.050999999046325684
YGR003W,YEL062W,0,-3.6014695,0.3457106351852417,0.27000001072883606,0.051100000739097595
YGL247W,YJL208C,0,-3.601491,0.3452685475349426,0.27000001072883606,0.05119999870657921
YOR249C,YNL304W,0,-3.601594,0.3448275923728943,0.27000001072883606,0.05130000039935112
YPL268W,YIL084C,0,-3.6025376,0.3443877696990967,0.27000001072883606,0.05139999836683273
YNL288W,YKR038C,0,-3.6025968,0.3439490497112274,0.27000001072883606,0.051500000059604645
YHR167W,YDR485C,0,-3.602889,0.3435114622116089,0.27000001072883606,0.051600001752376556
YBR164C,YFL025C,0,-3.6032686,0.3430749773979187,0.27000001072883606,0.05169999971985817
YEL062W,YIL084C,0,-3.604123,0.34263959527015686,0.27000001072883606,0.05180000141263008
YIR005W,YLR277C,1,-3.6044822,0.34347274899482727,0.2709999978542328,0.05180000141263008
YDR205W,YNL167C,0,-3.605207,0.3430379629135132,0.2709999978542328,0.051899999380111694
YKR007W,YDR207C,0,-3.6078014,0.34260430932044983,0.2709999978542328,0.052000001072883606
YJL203W,YDL098C,1,-3.6078095,0.34343433380126953,0.2720000147819519,0.052000001072883606
YGL035C,YFR034C,0,-3.608876,0.34300124645233154,0.2720000147819519,0.05209999904036522
YJR140C,YFR031C,0,-3.6113915,0.3425692617893219,0.2720000147819519,0.05220000073313713
YKL079W,YGR186W,0,-3.6123602,0.3421383500099182,0.2720000147819519,0.052299998700618744
YHR158C,YBR129C,0,-3.6124926,0.34170854091644287,0.2720000147819519,0.052400000393390656
YBR065C,YJR093C,1,-3.6137466,0.34253451228141785,0.27300000190734863,0.052400000393390656
YMR301C,YML103C,0,-3.6148033,0.34210526943206787,0.27300000190734863,0.05249999836087227
YGL122C,YMR216C,1,-3.61623,0.3429286479949951,0.27399998903274536,0.05249999836087227
YDR195W,YLR147C,1,-3.6171503,0.34375,0.2750000059604645,0.05249999836087227
YML049C,YDR478W,1,-3.617594,0.34456929564476013,0.2759999930858612,0.05249999836087227
YDR480W,YDR397C,0,-3.6179566,0.3441396653652191,0.2759999930858612,0.05260000005364418
YPL202C,YOR064C,0,-3.621805,0.34371107816696167,0.2759999930858612,0.05270000174641609
YOL043C,YOR307C,0,-3.6223106,0.34328359365463257,0.2759999930858612,0.052799999713897705
YNL147W,YPR072W,1,-3.6238477,0.34409937262535095,0.2770000100135803,0.052799999713897705
YJR083C,YGL190C,0,-3.624662,0.3436724543571472,0.2770000100135803,0.05290000140666962
YIL084C,YGR211W,0,-3.6250694,0.34324657917022705,0.2770000100135803,0.05299999937415123
YGL065C,YDR498C,0,-3.6255693,0.34282177686691284,0.2770000100135803,0.05310000106692314
YKL195W,YOL113W,0,-3.6260376,0.3423980176448822,0.2770000100135803,0.053199999034404755
YKR002W,YDR478W,1,-3.6272008,0.3432098627090454,0.27799999713897705,0.053199999034404755
YER032W,YIL061C,1,-3.6276603,0.34401974081993103,0.27900001406669617,0.053199999034404755
YKL208W,YGL122C,1,-3.6300108,0.3448275923728943,0.2800000011920929,0.053199999034404755
YMR266W,YFR031C,0,-3.6307878,0.3444034457206726,0.2800000011920929,0.053300000727176666
YFL021W,YLR090W,0,-3.6318185,0.3439803421497345,0.2800000011920929,0.05339999869465828
YDR163W,YLR277C,1,-3.6353993,0.34478527307510376,0.2809999883174896,0.05339999869465828
YER114C,YDL150W,0,-3.6361794,0.344362735748291,0.2809999883174896,0.05350000038743019
YBL026W,YIL061C,1,-3.636343,0.3451652526855469,0.28200000524520874,0.05350000038743019
YJR083C,YJL008C,0,-3.63694,0.3447432816028595,0.28200000524520874,0.053599998354911804
YDL006W,YDR181C,0,-3.637832,0.3443223536014557,0.28200000524520874,0.053700000047683716
YOR239W,YLR242C,0,-3.638669,0.34390243887901306,0.28200000524520874,0.05380000174045563
YNL147W,YAL032C,1,-3.6392481,0.3447015881538391,0.28299999237060547,0.05380000174045563
YIR005W,YIL061C,1,-3.6404898,0.3454987704753876,0.2840000092983246,0.05380000174045563
YIR005W,YJR022W,1,-3.6417022,0.3462940454483032,0.2849999964237213,0.05380000174045563
YFR005C,YLR147C,1,-3.6419666,0.34708738327026367,0.28600001335144043,0.05380000174045563
YGL122C,YFR005C,1,-3.6435852,0.3478787839412689,0.28700000047683716,0.05380000174045563
YKL021C,YMR047C,0,-3.6449552,0.347457617521286,0.28700000047683716,0.05389999970793724
YIR005W,YAL043C,1,-3.6462903,0.34824666380882263,0.2879999876022339,0.05389999970793724
YGR258C,YAR008W,0,-3.6467106,0.3478260934352875,0.2879999876022339,0.05400000140070915
YMR052W,YBR077C,0,-3.6472535,0.3474065065383911,0.2879999876022339,0.054099999368190765
YKL208W,YJL203W,1,-3.6483333,0.3481927812099457,0.289000004529953,0.054099999368190765
YKL011C,YLL011W,0,-3.6484256,0.3477737605571747,0.289000004529953,0.05420000106096268
YMR076C,YPL258C,0,-3.6487262,0.34735578298568726,0.289000004529953,0.05429999902844429
YLR319C,YNR075W,0,-3.6494195,0.3469387888908386,0.289000004529953,0.0544000007212162
YJL203W,YOR148C,1,-3.6494617,0.34772181510925293,0.28999999165534973,0.0544000007212162
YPR057W,YGL122C,1,-3.6515217,0.3485029935836792,0.29100000858306885,0.0544000007212162
YDR195W,YDL098C,1,-3.6527042,0.34928229451179504,0.2919999957084656,0.0544000007212162
YIL118W,YHR084W,0,-3.6528907,0.34886500239372253,0.2919999957084656,0.054499998688697815
YJR092W,YNL084C,0,-3.6529455,0.3484486937522888,0.2919999957084656,0.05460000038146973
YGL122C,YBR152W,1,-3.6546738,0.3492252826690674,0.2930000126361847,0.05460000038146973
YFR034C,YKR008W,0,-3.655333,0.34880951046943665,0.2930000126361847,0.05469999834895134
YBR211C,YGR202C,0,-3.6555512,0.3483947813510895,0.2930000126361847,0.05480000004172325
YPL190C,YML015C,0,-3.6569993,0.3479810059070587,0.2930000126361847,0.05490000173449516
YMR201C,YMR283C,0,-3.6576385,0.34756821393966675,0.2930000126361847,0.054999999701976776
YOR103C,YKR059W,0,-3.658379,0.3471564054489136,0.2930000126361847,0.05510000139474869
YFL023W,YDR359C,0,-3.658605,0.3467455506324768,0.2930000126361847,0.0551999993622303
YBR160W,YGR158C,0,-3.6593523,0.3463357090950012,0.2930000126361847,0.05530000105500221
YBR073W,YKL079W,0,-3.6619344,0.34592679142951965,0.2930000126361847,0.055399999022483826
YDR524C,YGR003W,0,-3.6637137,0.3455188572406769,0.2930000126361847,0.05550000071525574
YBR211C,YDL235C,0,-3.6637235,0.3451119065284729,0.2930000126361847,0.05559999868273735
YKL079W,YJL139C,0,-3.664761,0.34470587968826294,0.2930000126361847,0.05570000037550926
YHR073W,YCR009C,0,-3.666254,0.3443008363246918,0.2930000126361847,0.055799998342990875
YJR140C,YJR074W,0,-3.6666775,0.3438967168331146,0.2930000126361847,0.05590000003576279
YIL061C,YLR277C,1,-3.6670287,0.34466588497161865,0.2939999997615814,0.05590000003576279
YDL154W,YDL006W,0,-3.667671,0.3442623019218445,0.2939999997615814,0.0560000017285347
YIR022W,YGR033C,0,-3.6680658,0.34385964274406433,0.2939999997615814,0.05609999969601631
YDR040C,YDR393W,0,-3.6690073,0.3434579372406006,0.2939999997615814,0.05620000138878822
YLR011W,YJL145W,0,-3.6707277,0.34305718541145325,0.2939999997615814,0.056299999356269836
YPR082C,YFR005C,1,-3.6708503,0.3438228368759155,0.29499998688697815,0.056299999356269836
YHR158C,YIR018W,0,-3.672023,0.3434225916862488,0.29499998688697815,0.05640000104904175
YNL118C,YDL138W,0,-3.6738663,0.34302327036857605,0.29499998688697815,0.05649999901652336
YDR478W,YIL061C,1,-3.6743114,0.3437862992286682,0.29600000381469727,0.05649999901652336
YJR140C,YDL006W,0,-3.6759381,0.3433874845504761,0.29600000381469727,0.05660000070929527
YKL220C,YDR181C,0,-3.677437,0.34298956394195557,0.29600000381469727,0.056699998676776886
YPR070W,YNL061W,0,-3.680892,0.34259259700775146,0.29600000381469727,0.0568000003695488
YHR023W,YHR012W,0,-3.6811154,0.342196524143219,0.29600000381469727,0.05689999833703041
YML120C,YLR346C,0,-3.6816366,0.34180137515068054,0.29600000381469727,0.05700000002980232
YPL202C,YDR075W,0,-3.6845365,0.3414071500301361,0.29600000381469727,0.057100001722574234
YDR163W,YNL282W,1,-3.6859734,0.34216588735580444,0.296999990940094,0.057100001722574234
YBR049C,YNL304W,0,-3.686473,0.3417721390724182,0.296999990940094,0.05719999969005585
YFL023W,YOL045W,0,-3.6876934,0.341379314661026,0.296999990940094,0.05730000138282776
YPR104C,YPR134W,0,-3.6878872,0.3409873843193054,0.296999990940094,0.05739999935030937
YDR310C,YPR095C,0,-3.6894906,0.3405963182449341,0.296999990940094,0.057500001043081284
YGL011C,YDL042C,0,-3.6907117,0.34020617604255676,0.296999990940094,0.0575999990105629
YDR013W,YEL051W,0,-3.6911824,0.3398169279098511,0.296999990940094,0.05770000070333481
YOR377W,YER019W,0,-3.6932971,0.339428573846817,0.296999990940094,0.05779999867081642
YOR160W,YPL235W,0,-3.6945577,0.3390410840511322,0.296999990940094,0.05790000036358833
YOR037W,YBR073W,0,-3.6969235,0.3386545181274414,0.296999990940094,0.057999998331069946
YGL142C,YLR329W,0,-3.6994965,0.33826878666877747,0.296999990940094,0.05810000002384186
YOR349W,YKL079W,0,-3.6996844,0.33788394927978516,0.296999990940094,0.05820000171661377
YBR211C,YCL008C,0,-3.7005634,0.3375000059604645,0.296999990940094,0.05829999968409538
YDR163W,YPL151C,1,-3.701391,0.3382519781589508,0.2980000078678131,0.05829999968409538
YNR015W,YDL080C,0,-3.701712,0.33786848187446594,0.2980000078678131,0.058400001376867294
YLR332W,YPL190C,0,-3.7019722,0.3374858498573303,0.2980000078678131,0.05849999934434891
YJL090C,YJL154C,0,-3.7035284,0.33710408210754395,0.2980000078678131,0.05860000103712082
YDR163W,YKL173W,1,-3.704174,0.3378531038761139,0.29899999499320984,0.05860000103712082
YJR017C,YIL061C,1,-3.7042043,0.3386004567146301,0.30000001192092896,0.05860000103712082
YKL005C,YLR219W,0,-3.7048447,0.33821871876716614,0.30000001192092896,0.05869999900460243
YPL101W,YPR086W,0,-3.7062187,0.3378378450870514,0.30000001192092896,0.058800000697374344
YDR081C,YHL009C,0,-3.7074745,0.3374578058719635,0.30000001192092896,0.05889999866485596
YOL009C,YPL153C,0,-3.7103245,0.33707866072654724,0.30000001192092896,0.05900000035762787
YIL106W,YIL030C,0,-3.7105815,0.33670035004615784,0.30000001192092896,0.05909999832510948
YBR278W,YNL084C,0,-3.7113407,0.3363228738307953,0.30000001192092896,0.05920000001788139
YKL018W,YGR129W,1,-3.7131193,0.33706608414649963,0.3009999990463257,0.05920000001788139
YER075C,YDR181C,0,-3.714371,0.3366890251636505,0.3009999990463257,0.059300001710653305
YBL026W,YPR072W,1,-3.715139,0.3374301791191101,0.3019999861717224,0.059300001710653305
YFL029C,YDL170W,0,-3.7155316,0.3370535671710968,0.3019999861717224,0.05939999967813492
YDL098C,YLR424W,1,-3.7156372,0.33779263496398926,0.30300000309944153,0.05939999967813492
YOR239W,YNL222W,0,-3.716082,0.33741647005081177,0.30300000309944153,0.05950000137090683
YLR381W,YOL066C,0,-3.7168124,0.3370411694049835,0.30300000309944153,0.05959999933838844
YER068W,YFL017W-A,1,-3.7169874,0.3377777636051178,0.30399999022483826,0.05959999933838844
YGR218W,YBR201W,0,-3.717599,0.337402880191803,0.30399999022483826,0.059700001031160355
YOR034C,YER019W,0,-3.7176137,0.337028831243515,0.30399999022483826,0.05979999899864197
YMR052W,YFL011W,0,-3.7176523,0.3366555869579315,0.30399999022483826,0.05990000069141388
YDR301W,YOR319W,1,-3.7189364,0.33738937973976135,0.3050000071525574,0.05990000069141388
YLR026C,YDR425W,0,-3.7190282,0.33701658248901367,0.3050000071525574,0.05999999865889549
YOR349W,YLR034C,0,-3.7192597,0.33664458990097046,0.3050000071525574,0.060100000351667404
YGR155W,YDL080C,0,-3.7201133,0.3362734317779541,0.3050000071525574,0.06019999831914902
YKR002W,YLR277C,1,-3.7202985,0.3370043933391571,0.3059999942779541,0.06019999831914902
YJL090C,YLR195C,0,-3.7206287,0.3366336524486542,0.3059999942779541,0.06030000001192093
YGL016W,YDR379W,0,-3.7227206,0.3362637460231781,0.3059999942779541,0.06040000170469284
YEL062W,YDR425W,0,-3.7235603,0.3358946144580841,0.3059999942779541,0.060499999672174454
YDL087C,YPL151C,1,-3.7235758,0.33662280440330505,0.3070000112056732,0.060499999672174454
YOR330C,YHR084W,0,-3.7241592,0.3362541198730469,0.3070000112056732,0.060600001364946365
YDL098C,YKL018W,1,-3.725739,0.33698031306266785,0.30799999833106995,0.060600001364946365
YKL160W,YPR188C,0,-3.727126,0.3366120159626007,0.30799999833106995,0.06069999933242798
YKR008W,YMR089C,0,-3.727425,0.3362445533275604,0.30799999833106995,0.06080000102519989
YGL142C,YMR266W,0,-3.7278862,0.3358778655529022,0.30799999833106995,0.0608999989926815
YPL060W,YBR275C,0,-3.7282774,0.3355119824409485,0.30799999833106995,0.061000000685453415
YMR224C,YMR284W,0,-3.728897,0.3351469039916992,0.30799999833106995,0.06109999865293503
YGL172W,YHR099W,0,-3.7307773,0.33478260040283203,0.30799999833106995,0.06120000034570694
YKR002W,YKR086W,1,-3.7322345,0.3355048894882202,0.3089999854564667,0.06120000034570694
YIL084C,YNR006W,0,-3.7325387,0.33514100313186646,0.3089999854564667,0.06129999831318855
YLR008C,YDR328C,0,-3.7333143,0.3347778916358948,0.3089999854564667,0.061400000005960464
YBR065C,YPL151C,1,-3.7334547,0.33549782633781433,0.3100000023841858,0.061400000005960464
YDR320C-A,YGL171W,0,-3.7335682,0.3351351320743561,0.3100000023841858,0.061500001698732376
YDL087C,YDR195W,1,-3.7347417,0.33585312962532043,0.3109999895095825,0.061500001698732376
YNL147W,YLR277C,1,-3.73498,0.33656957745552063,0.31200000643730164,0.061500001698732376
YAL043C,YKL018W,1,-3.7354915,0.33728447556495667,0.31299999356269836,0.061500001698732376
YJR083C,YCL063W,0,-3.7361362,0.33692142367362976,0.31299999356269836,0.06159999966621399
YPL091W,YPR086W,0,-3.7365184,0.33655914664268494,0.31299999356269836,0.0617000013589859
YBL009W,YML055W,0,-3.7365727,0.3361976444721222,0.31299999356269836,0.061799999326467514
YGL172W,YJL148W,0,-3.7366588,0.33583691716194153,0.31299999356269836,0.061900001019239426
YER114C,YJL006C,0,-3.7375245,0.33547696471214294,0.31299999356269836,0.06199999898672104
YDR174W,YDR142C,0,-3.7381036,0.33511778712272644,0.31299999356269836,0.06210000067949295
YBR258C,YPL258C,0,-3.7387557,0.33475935459136963,0.31299999356269836,0.062199998646974564
YMR283C,YGR063C,0,-3.7412138,0.3344016969203949,0.31299999356269836,0.062300000339746475
YKR086W,YPR182W,1,-3.7435048,0.335112065076828,0.3140000104904175,0.062300000339746475
YKR095W,YJL010C,0,-3.7446084,0.3347547948360443,0.3140000104904175,0.06239999830722809
YJR083C,YGR202C,0,-3.7453902,0.3343982994556427,0.3140000104904175,0.0625
YGR218W,YDL006W,0,-3.7454045,0.3340425491333008,0.3140000104904175,0.06260000169277191
YER164W,YHR084W,0,-3.7458496,0.33368757367134094,0.3140000104904175,0.06270000338554382
YBL093C,YIL008W,0,-3.74663,0.3333333432674408,0.3140000104904175,0.06279999762773514
YKL112W,YLL015W,0,-3.7472024,0.33297985792160034,0.3140000104904175,0.06289999932050705
YNL282W,YJL203W,1,-3.7478497,0.3336864411830902,0.3149999976158142,0.06289999932050705
YNR010W,YDL217C,0,-3.7480626,0.3333333432674408,0.3149999976158142,0.06300000101327896
YDR205W,YFR029W,0,-3.7506127,0.3329809606075287,0.3149999976158142,0.06310000270605087
YNL032W,YLR425W,0,-3.7507055,0.33262935280799866,0.3149999976158142,0.06319999694824219
YCL014W,YPL163C,0,-3.7519157,0.3322784900665283,0.3149999976158142,0.0632999986410141
YPR082C,YKL025C,1,-3.7521143,0.3329820930957794,0.3160000145435333,0.0632999986410141
YGL122C,YDR478W,1,-3.752635,0.33368420600891113,0.31700000166893005,0.0632999986410141
YPR046W,YOR172W,0,-3.7541661,0.3333333432674408,0.31700000166893005,0.06340000033378601
YDR386W,YLR262C,0,-3.7555609,0.33298319578170776,0.31700000166893005,0.06350000202655792
YJR076C,YDR485C,0,-3.758761,0.3326337933540344,0.31700000166893005,0.06360000371932983
YMR162C,YML015C,0,-3.7589016,0.3322851061820984,0.31700000166893005,0.06369999796152115
YGR261C,YGR063C,0,-3.7614374,0.33193716406822205,0.31700000166893005,0.06379999965429306
YFR029W,YPR018W,0,-3.7617211,0.3315899670124054,0.31700000166893005,0.06390000134706497
YFR013W,YBR258C,0,-3.7617426,0.33124345541000366,0.31700000166893005,0.06400000303983688
YJL108C,YDL080C,0,-3.7617536,0.3308976888656616,0.31700000166893005,0.0640999972820282
YGR129W,YKL095W,1,-3.761764,0.33159542083740234,0.3179999887943268,0.0640999972820282
YGL180W,YLR034C,0,-3.761806,0.33125001192092896,0.3179999887943268,0.06419999897480011
YPL101W,YBR107C,0,-3.7633345,0.33090531826019287,0.3179999887943268,0.06430000066757202
YMR270C,YHR012W,0,-3.7652907,0.3305613398551941,0.3179999887943268,0.06440000236034393
YML098W,YMR106C,0,-3.7654471,0.3302180767059326,0.3179999887943268,0.06449999660253525
YKR002W,YDR195W,1,-3.7657094,0.33091285824775696,0.3190000057220459,0.06449999660253525
YDR478W,YLR424W,1,-3.766756,0.3316062092781067,0.3199999928474426,0.06449999660253525
YOR098C,YLR059C,0,-3.7671943,0.3312629461288452,0.3199999928474426,0.06459999829530716
YGL065C,YCR028C,0,-3.767532,0.33092036843299866,0.3199999928474426,0.06469999998807907
YDR075W,YBR073W,0,-3.768074,0.3305785059928894,0.3199999928474426,0.06480000168085098
YFL013C,YPL082C,0,-3.7684863,0.33023735880851746,0.3199999928474426,0.0649000033736229
YBR160W,YMR296C,0,-3.7691822,0.3298968970775604,0.3199999928474426,0.06499999761581421
YPL082C,YBR073W,0,-3.769536,0.3295571506023407,0.3199999928474426,0.06509999930858612
YNL147W,YDR478W,1,-3.7697053,0.3302469253540039,0.32100000977516174,0.06509999930858612
YKR086W,YJL203W,1,-3.769974,0.3309352397918701,0.32199999690055847,0.06509999930858612
YDL013W,YLR010C,0,-3.7700238,0.3305954933166504,0.32199999690055847,0.06520000100135803
YGR222W,YDR013W,0,-3.7706313,0.3302564024925232,0.32199999690055847,0.06530000269412994
YLR431C,YBR107C,0,-3.77109,0.3299180269241333,0.32199999690055847,0.06539999693632126
YFL029C,YEL016C,0,-3.7712932,0.3295803368091583,0.32199999690055847,0.06549999862909317
YDL087C,YLR116W,1,-3.7724118,0.3302658498287201,0.3230000138282776,0.06549999862909317
YCL014W,YDR480W,0,-3.7732978,0.3299284875392914,0.3230000138282776,0.06560000032186508
YMR052W,YGR158C,0,-3.7744913,0.3295918405056,0.3230000138282776,0.065700002014637
YPR094W,YDR195W,1,-3.777082,0.3302752375602722,0.3240000009536743,0.065700002014637
YDR498C,YNL311C,0,-3.777238,0.3299388885498047,0.3240000009536743,0.0658000037074089
YMR298W,YOL066C,0,-3.777359,0.32960325479507446,0.3240000009536743,0.06589999794960022
YBR201W,YKL197C,0,-3.7775354,0.32926830649375916,0.3240000009536743,0.06599999964237213
YLR319C,YDR379W,0,-3.7812,0.3289340138435364,0.3240000009536743,0.06610000133514404
YNL230C,YOR106W,0,-3.781914,0.3286004066467285,0.3240000009536743,0.06620000302791595
YHR187W,YJR086W,0,-3.7820365,0.32826748490333557,0.3240000009536743,0.06629999727010727
YJR017C,YKL018W,1,-3.7822351,0.32894736528396606,0.32499998807907104,0.06629999727010727
YFR030W,YBR295W,0,-3.784168,0.3286147713661194,0.32499998807907104,0.06639999896287918
YJL145W,YNL032W,0,-3.7842662,0.32828283309936523,0.32499998807907104,0.06650000065565109
YML062C,YMR197C,0,-3.7842855,0.3279515504837036,0.32499998807907104,0.066600002348423
YPL101W,YMR270C,0,-3.7864332,0.3276209533214569,0.32499998807907104,0.06669999659061432
YBR160W,YNL153C,0,-3.7865307,0.3272910416126251,0.32499998807907104,0.06679999828338623
YDR195W,YGR129W,1,-3.7867305,0.3279677927494049,0.32600000500679016,0.06679999828338623
YAL043C,YKL095W,1,-3.7868035,0.32864320278167725,0.3269999921321869,0.06679999828338623
YNL136W,YBR283C,0,-3.7868428,0.32831326127052307,0.3269999921321869,0.06689999997615814
YGL142C,YDR142C,0,-3.7872348,0.32798394560813904,0.3269999921321869,0.06700000166893005
YPR072W,YOR148C,1,-3.7893782,0.328657329082489,0.328000009059906,0.06700000166893005
YMR270C,YGR024C,0,-3.789546,0.32832834124565125,0.328000009059906,0.06710000336170197
YMR047C,YOR217W,0,-3.7908225,0.328000009059906,0.328000009059906,0.06719999760389328
YAL015C,YIL063C,0,-3.7929752,0.3276723325252533,0.328000009059906,0.06729999929666519
YMR201C,YML127W,0,-3.7938821,0.3273453116416931,0.328000009059906,0.0674000009894371
YDR276C,YCL063W,0,-3.7949672,0.32701894640922546,0.328000009059906,0.06750000268220901
YOL043C,YDR485C,0,-3.795074,0.32669323682785034,0.328000009059906,0.06759999692440033
YBR065C,YAL032C,1,-3.7953322,0.32736319303512573,0.32899999618530273,0.06759999692440033
YNL210W,YKL018W,1,-3.7953596,0.3280318081378937,0.33000001311302185,0.06759999692440033
YMR162C,YJL129C,0,-3.795372,0.32770606875419617,0.33000001311302185,0.06769999861717224
YHR169W,YNL164C,0,-3.795388,0.3273809552192688,0.33000001311302185,0.06780000030994415
YNL020C,YLR135W,0,-3.7954404,0.32705649733543396,0.33000001311302185,0.06790000200271606
YMR232W,YDR075W,0,-3.7954488,0.32673266530036926,0.33000001311302185,0.06800000369548798
YDR189W,YGR186W,0,-3.796406,0.3264094889163971,0.33000001311302185,0.06809999793767929
YGR097W,YDR423C,0,-3.796855,0.32608696818351746,0.33000001311302185,0.0681999996304512
YOR322C,YNL167C,0,-3.8008137,0.32576504349708557,0.33000001311302185,0.06830000132322311
YBR211C,YMR073C,0,-3.8013277,0.3254437744617462,0.33000001311302185,0.06840000301599503
YPL082C,YGR258C,0,-3.8017302,0.3251231610774994,0.33000001311302185,0.06849999725818634
YER028C,YIL120W,0,-3.8028166,0.3248031437397003,0.33000001311302185,0.06859999895095825
YNL129W,YDR075W,0,-3.8033953,0.3244837820529938,0.33000001311302185,0.06870000064373016
YDL087C,YBR152W,1,-3.8046696,0.3251473605632782,0.3310000002384186,0.06870000064373016
YFL025C,YDL135C,0,-3.8048968,0.32482826709747314,0.3310000002384186,0.06880000233650208
YNL147W,YKL173W,1,-3.8050418,0.32549020648002625,0.3319999873638153,0.06880000233650208
YDL087C,YPR182W,1,-3.806034,0.3261508345603943,0.3330000042915344,0.06880000233650208
YBL026W,YFL017W-A,1,-3.8064106,0.32681018114089966,0.33399999141693115,0.06880000233650208
YGL016W,YMR153W,0,-3.806626,0.32649070024490356,0.33399999141693115,0.06889999657869339
YNL147W,YKR086W,1,-3.8075733,0.3271484375,0.33500000834465027,0.06889999657869339
YPL224C,YPR095C,0,-3.8081207,0.3268292546272278,0.33500000834465027,0.0689999982714653
YBR089C-A,YDL140C,0,-3.8096275,0.3265107274055481,0.33500000834465027,0.06909999996423721
YOL009C,YOR087W,0,-3.8099866,0.32619279623031616,0.33500000834465027,0.06920000165700912
YBR059C,YOR322C,0,-3.810582,0.32587549090385437,0.33500000834465027,0.06930000334978104
YKL088W,YLR346C,0,-3.810657,0.32555878162384033,0.33500000834465027,0.06939999759197235
YGR003W,YDR345C,0,-3.8115714,0.3252427279949188,0.33500000834465027,0.06949999928474426
YGR230W,YPR095C,0,-3.812037,0.3249272406101227,0.33500000834465027,0.06960000097751617
YML102W,YLR394W,0,-3.812456,0.32461240887641907,0.33500000834465027,0.06970000267028809
YLR319C,YOR144C,0,-3.8134878,0.3242981731891632,0.33500000834465027,0.0697999969124794
YNL222W,YCR060W,0,-3.8139179,0.3239845335483551,0.33500000834465027,0.06989999860525131
YJL203W,YML049C,1,-3.8141215,0.32463768124580383,0.335999995470047,0.06989999860525131
YAL043C,YMR216C,1,-3.8146214,0.3252895772457123,0.3370000123977661,0.06989999860525131
YPR082C,YKL018W,1,-3.8153546,0.32594022154808044,0.33799999952316284,0.06989999860525131
YGL142C,YML062C,0,-3.8165529,0.3256261944770813,0.33799999952316284,0.07000000029802322
YNL030W,YNR023W,0,-3.8167624,0.3253127932548523,0.33799999952316284,0.07010000199079514
YDL175C,YML055W,0,-3.8168561,0.32499998807907104,0.33799999952316284,0.07020000368356705
YOR064C,YIL080W,0,-3.8169115,0.32468780875205994,0.33799999952316284,0.07029999792575836
YBR210W,YHR073W,0,-3.8172402,0.3243761956691742,0.33799999952316284,0.07039999961853027
YPL202C,YHR158C,0,-3.8176012,0.3240652084350586,0.33799999952316284,0.07050000131130219
YPR057W,YBL026W,1,-3.817882,0.3247126340866089,0.33899998664855957,0.07050000131130219
YBR164C,YDL235C,0,-3.8197503,0.3244019150733948,0.33899998664855957,0.0706000030040741
YJL133W,YML055W,0,-3.8207269,0.3240917921066284,0.33899998664855957,0.07069999724626541
YOR307C,YGR033C,0,-3.8208392,0.3237822353839874,0.33899998664855957,0.07079999893903732
YDL013W,YGL035C,0,-3.8222003,0.3234732747077942,0.33899998664855957,0.07090000063180923
YLR215C,YDL200C,0,-3.8226883,0.3231649100780487,0.33899998664855957,0.07100000232458115
YOR319W,YER068W,1,-3.8235373,0.32380953431129456,0.3400000035762787,0.07100000232458115
YKR002W,YJL203W,1,-3.823725,0.3244529068470001,0.3409999907016754,0.07100000232458115
YDR191W,YDL200C,0,-3.8241374,0.32414448261260986,0.3409999907016754,0.07109999656677246
YNL127W,YDL006W,0,-3.824245,0.32383665442466736,0.3409999907016754,0.07119999825954437
YGL003C,YIL129C,0,-3.8269892,0.3235294222831726,0.3409999907016754,0.07129999995231628
YMR138W,YPL211W,0,-3.8287644,0.3232227563858032,0.3409999907016754,0.0714000016450882
YNL110C,YDL217C,0,-3.8289065,0.3229166567325592,0.3409999907016754,0.07150000333786011
YOR005C,YFR030W,0,-3.8289979,0.32261115312576294,0.3409999907016754,0.07159999758005142
YGL004C,YDL058W,0,-3.8293002,0.32230624556541443,0.3409999907016754,0.07169999927282333
YGL190C,YOR171C,0,-3.829608,0.3220018744468689,0.3409999907016754,0.07180000096559525
YFL023W,YNR026C,0,-3.8301902,0.3216980993747711,0.3409999907016754,0.07190000265836716
YIR033W,YIR015W,0,-3.831373,0.3213949203491211,0.3409999907016754,0.07199999690055847
YBR107C,YPL010W,0,-3.8318663,0.32109227776527405,0.3409999907016754,0.07209999859333038
YML092C,YLR262C,0,-3.8323972,0.32079023122787476,0.3409999907016754,0.0722000002861023
YJL008C,YOR217W,0,-3.8329678,0.32048872113227844,0.3409999907016754,0.0723000019788742
YNL153C,YGL171W,0,-3.833233,0.3201878070831299,0.3409999907016754,0.07240000367164612
YGL178W,YAR008W,0,-3.8341393,0.3198874294757843,0.3409999907016754,0.07249999791383743
YNL311C,YOR064C,0,-3.8350103,0.3195876181125641,0.3409999907016754,0.07259999960660934
YOR034C,YAR033W,0,-3.8366091,0.3192884027957916,0.3409999907016754,0.07270000129938126
YFL041W,YOL001W,0,-3.8370173,0.31898972392082214,0.3409999907016754,0.07280000299215317
YNL288W,YBR258C,0,-3.837328,0.31869158148765564,0.3409999907016754,0.07289999723434448
YOR034C,YBL098W,0,-3.839457,0.3183940351009369,0.3409999907016754,0.0729999989271164
YMR153W,YDR083W,0,-3.840789,0.3180970251560211,0.3409999907016754,0.0731000006198883
YKL139W,YER032W,1,-3.8408375,0.31873252987861633,0.34200000762939453,0.0731000006198883
YDR397C,YPR032W,0,-3.84207,0.31843575835227966,0.34200000762939453,0.07320000231266022
YGL122C,YKL025C,1,-3.8427174,0.3190697729587555,0.34299999475479126,0.07320000231266022
YOL126C,YOR307C,0,-3.8433619,0.3187732398509979,0.34299999475479126,0.07329999655485153
YNL027W,YPL060W,0,-3.8444166,0.31847724318504333,0.34299999475479126,0.07339999824762344
YBR107C,YMR073C,0,-3.8452096,0.3181818127632141,0.34299999475479126,0.07349999994039536
YFR028C,YGL190C,0,-3.8454244,0.31788691878318787,0.34299999475479126,0.07360000163316727
YKR095W,YOR179C,0,-3.8457856,0.317592591047287,0.34299999475479126,0.07370000332593918
YMR266W,YFL008W,0,-3.8462124,0.3172987997531891,0.34299999475479126,0.0737999975681305
YLR007W,YDR207C,0,-3.8462791,0.31700554490089417,0.34299999475479126,0.0738999992609024
YOL045W,YLR263W,0,-3.8466072,0.3167128264904022,0.34299999475479126,0.07400000095367432
YDR331W,YBL061C,0,-3.8469496,0.31642067432403564,0.34299999475479126,0.07410000264644623
YMR284W,YIL080W,0,-3.8471398,0.31612902879714966,0.34299999475479126,0.07419999688863754
YHR175W,YBR159W,0,-3.8474727,0.31583794951438904,0.34299999475479126,0.07429999858140945
YDR397C,YKR079C,0,-3.847527,0.315547376871109,0.34299999475479126,0.07440000027418137
YDR231C,YDR451C,0,-3.8477707,0.31525734066963196,0.34299999475479126,0.07450000196695328
YGR158C,YFR031C,0,-3.848085,0.3149678707122803,0.34299999475479126,0.07460000365972519
YML062C,YNL262W,0,-3.848976,0.3146789073944092,0.34299999475479126,0.0746999979019165
YPR057W,YOR319W,1,-3.8497908,0.31530705094337463,0.3440000116825104,0.0746999979019165
YDL003W,YNL304W,0,-3.8516097,0.31501832604408264,0.3440000116825104,0.07479999959468842
YDL197C,YDR386W,0,-3.8518054,0.31473010778427124,0.3440000116825104,0.07490000128746033
YDR301W,YOR148C,1,-3.854553,0.3153564929962158,0.3449999988079071,0.07490000128746033
YJR140C,YNL032W,0,-3.85465,0.31506848335266113,0.3449999988079071,0.07500000298023224
YBR065C,YAL043C,1,-3.8547175,0.3156934380531311,0.34599998593330383,0.07500000298023224
YDR397C,YDR363W-A,0,-3.855017,0.31540563702583313,0.34599998593330383,0.07509999722242355
YML062C,YKL088W,0,-3.8573632,0.3151184022426605,0.34599998593330383,0.07519999891519547
YFR013W,YOL142W,0,-3.8588328,0.3148316740989685,0.34599998593330383,0.07530000060796738
YJR083C,YLR007W,0,-3.8599007,0.3145454525947571,0.34599998593330383,0.07540000230073929
YAL044C,YPL091W,0,-3.8622274,0.31425976753234863,0.34599998593330383,0.0754999965429306
YIL106W,YDR460W,0,-3.8625128,0.3139745891094208,0.34599998593330383,0.07559999823570251
YDL088C,YJL208C,0,-3.8630533,0.3136899471282959,0.34599998593330383,0.07569999992847443
YML103C,YDR372C,0,-3.8636625,0.3134058117866516,0.34599998593330383,0.07580000162124634
YDR163W,YFL017W-A,1,-3.8640065,0.31402716040611267,0.34700000286102295,0.07580000162124634
YDR478W,YDL098C,1,-3.8641748,0.314647376537323,0.3479999899864197,0.07580000162124634
YOR159C,YDR478W,1,-3.8645906,0.315266489982605,0.3490000069141388,0.07580000162124634
YEL062W,YOL045W,0,-3.8656263,0.31498193740844727,0.3490000069141388,0.07590000331401825
YIR005W,YMR216C,1,-3.8663566,0.315599650144577,0.3499999940395355,0.07590000331401825
YJR083C,YJL139C,0,-3.8668947,0.315315306186676,0.3499999940395355,0.07599999755620956
YLR262C,YGR285C,0,-3.8671536,0.315031498670578,0.3499999940395355,0.07609999924898148
YPR082C,YDR195W,1,-3.8683767,0.3156474828720093,0.35100001096725464,0.07609999924898148
YJR150C,YDR372C,0,-3.8684988,0.31536388397216797,0.35100001096725464,0.07620000094175339
YDL087C,YMR216C,1,-3.8704927,0.315978467464447,0.35199999809265137,0.07620000094175339
YOR346W,YNL311C,0,-3.8706183,0.3156950771808624,0.35199999809265137,0.0763000026345253
YKL197C,YNL311C,0,-3.8706405,0.3154121935367584,0.35199999809265137,0.07639999687671661
YOR160W,YDR308C,0,-3.8714125,0.315129816532135,0.35199999809265137,0.07649999856948853
YKR002W,YKL018W,1,-3.8716764,0.3157424032688141,0.3529999852180481,0.07649999856948853
YJL025W,YMR005W,0,-3.8723948,0.3154602348804474,0.3529999852180481,0.07660000026226044
YDR013W,YCL008C,0,-3.8737907,0.3151785731315613,0.3529999852180481,0.07670000195503235
YDL098C,YOR148C,1,-3.874194,0.31578946113586426,0.3540000021457672,0.07670000195503235
YGR261C,YPR200C,0,-3.8760107,0.31550800800323486,0.3540000021457672,0.07680000364780426
YMR296C,YBL061C,0,-3.876158,0.31522706151008606,0.3540000021457672,0.07689999788999557
YBR129C,YLR263W,0,-3.8773255,0.31494662165641785,0.3540000021457672,0.07699999958276749
YBR038W,YOR217W,0,-3.8779626,0.31466665863990784,0.3540000021457672,0.0771000012755394
YCL055W,YLR166C,0,-3.8785949,0.3143872022628784,0.3540000021457672,0.07720000296831131
YJL090C,YFL013C,0,-3.8796902,0.3141082525253296,0.3540000021457672,0.07729999721050262
YKR008W,YDL128W,0,-3.8803778,0.31382977962493896,0.3540000021457672,0.07739999890327454
YDL008W,YPR095C,0,-3.881059,0.31355181336402893,0.3540000021457672,0.07750000059604645
YOR319W,YLR147C,1,-3.8814592,0.3141593039035797,0.35499998927116394,0.07750000059604645
YOL130W,YBR129C,0,-3.8842437,0.313881516456604,0.35499998927116394,0.07760000228881836
YPR057W,YOR148C,1,-3.8847656,0.31448763608932495,0.35600000619888306,0.07760000228881836
YNL147W,YJL203W,1,-3.8847713,0.31509268283843994,0.3569999933242798,0.07760000228881836
YPR046W,YOL038W,0,-3.885509,0.31481480598449707,0.3569999933242798,0.07769999653100967
YDR013W,YDR076W,0,-3.8868604,0.3145374357700348,0.3569999933242798,0.07779999822378159
YJL203W,YPR094W,1,-3.8872073,0.31514084339141846,0.3580000102519989,0.07779999822378159
YLR166C,YJR102C,0,-3.8872547,0.3148636817932129,0.3580000102519989,0.0778999999165535
YFR028C,YCR042C,0,-3.8875148,0.3145869970321655,0.3580000102519989,0.07800000160932541
YBL009W,YGR230W,0,-3.8888087,0.31431078910827637,0.3580000102519989,0.07810000330209732
YML049C,YBR152W,1,-3.8890886,0.3149122893810272,0.35899999737739563,0.07810000330209732
YMR216C,YKL173W,1,-3.8892484,0.3155127167701721,0.36000001430511475,0.07810000330209732
YPL151C,YFR005C,1,-3.8900204,0.31611207127571106,0.3610000014305115,0.07810000330209732
YKL139W,YMR216C,1,-3.8907895,0.3167104125022888,0.3619999885559082,0.07810000330209732
YBL061C,YJR110W,0,-3.891983,0.3164335787296295,0.3619999885559082,0.07819999754428864
YNL288W,YLR166C,0,-3.8924456,0.31615719199180603,0.3619999885559082,0.07829999923706055
YMR041C,YDL217C,0,-3.895288,0.31588131189346313,0.3619999885559082,0.07840000092983246
YFR013W,YDR189W,0,-3.8973246,0.31560593843460083,0.3619999885559082,0.07850000262260437
YJR022W,YJL203W,1,-3.898132,0.3162021040916443,0.3630000054836273,0.07850000262260437
YGR262C,YJL008C,0,-3.8993106,0.3159268796443939,0.3630000054836273,0.07859999686479568
YOL063C,YKL079W,0,-3.8993535,0.31565216183662415,0.3630000054836273,0.0786999985575676
YNR010W,YOL009C,0,-3.8995368,0.3153779208660126,0.3630000054836273,0.07880000025033951
YJL006C,YDR289C,0,-3.8997188,0.3151041567325592,0.3630000054836273,0.07890000194311142
YAL032C,YGR129W,1,-3.900814,0.31569817662239075,0.36399999260902405,0.07890000194311142
YLR192C,YIL129C,0,-3.9014904,0.3154246211051941,0.36399999260902405,0.07900000363588333
YER164W,YML093W,0,-3.9022017,0.31515151262283325,0.36399999260902405,0.07909999787807465
YJR083C,YNR054C,0,-3.9028218,0.3148788809776306,0.36399999260902405,0.07919999957084656
YHR187W,YLR008C,0,-3.903863,0.31460675597190857,0.36399999260902405,0.07930000126361847
YNL026W,YJL139C,0,-3.9039254,0.31433504819869995,0.36399999260902405,0.07940000295639038
YAL015C,YHR006W,0,-3.904206,0.3140638470649719,0.36399999260902405,0.0794999971985817
YLL061W,YOR172W,0,-3.9042509,0.3137930929660797,0.36399999260902405,0.07959999889135361
YJR017C,YKL025C,1,-3.9060566,0.3143841624259949,0.36500000953674316,0.07959999889135361
YJR092W,YJL154C,0,-3.9083061,0.314113587141037,0.36500000953674316,0.07970000058412552
YAL015C,YBL102W,0,-3.9084873,0.3138435184955597,0.36500000953674316,0.07980000227689743
YNL153C,YGL004C,0,-3.9086337,0.3135738968849182,0.36500000953674316,0.07989999651908875
YPR134W,YDR485C,0,-3.9098601,0.31330472230911255,0.36500000953674316,0.07999999821186066
YDL117W,YPR086W,0,-3.911191,0.3130360245704651,0.36500000953674316,0.08009999990463257
YHR012W,YDL235C,0,-3.9118407,0.31276777386665344,0.36500000953674316,0.08020000159740448
YDR379W,YFL004W,0,-3.912222,0.3125,0.36500000953674316,0.08030000329017639
YDR081C,YNL262W,0,-3.9124942,0.3122326731681824,0.36500000953674316,0.0803999975323677
YMR153W,YIR015W,0,-3.913574,0.31196582317352295,0.36500000953674316,0.08049999922513962
YDL143W,YHR073W,0,-3.9161403,0.31169939041137695,0.36500000953674316,0.08060000091791153
YFR028C,YJL006C,0,-3.9163246,0.31143343448638916,0.36500000953674316,0.08070000261068344
YJL008C,YDR398W,0,-3.916349,0.31116795539855957,0.36500000953674316,0.08079999685287476
YHR158C,YGL053W,0,-3.9172397,0.3109028935432434,0.36500000953674316,0.08089999854564667
YNL288W,YBR087W,0,-3.9187336,0.31063830852508545,0.36500000953674316,0.08100000023841858
YJR150C,YBR077C,0,-3.9189615,0.3103741407394409,0.36500000953674316,0.08110000193119049
YML073C,YMR214W,0,-3.9192386,0.3101104497909546,0.36500000953674316,0.0812000036239624
YFL048C,YDL217C,0,-3.919285,0.3098472058773041,0.36500000953674316,0.08129999786615372
YGR003W,YML127W,0,-3.9195266,0.309584379196167,0.36500000953674316,0.08139999955892563
YDR460W,YJR110W,0,-3.9197602,0.3093220293521881,0.36500000953674316,0.08150000125169754
YFL025C,YPR181C,0,-3.9203777,0.30906012654304504,0.36500000953674316,0.08160000294446945
YLR116W,YKL173W,1,-3.9210765,0.3096446692943573,0.3659999966621399,0.08160000294446945
YHL036W,YPR155C,0,-3.9215539,0.30938291549682617,0.3659999966621399,0.08169999718666077
YPR070W,YPL268W,0,-3.92199,0.30912160873413086,0.3659999966621399,0.08179999887943268
YER028C,YBR283C,0,-3.9221528,0.30886074900627136,0.3659999966621399,0.08190000057220459
YAL043C,YDL098C,1,-3.9226184,0.30944350361824036,0.367000013589859,0.08190000057220459
YNR075W,YGL178W,0,-3.9227107,0.3091828227043152,0.367000013589859,0.0820000022649765
YDR498C,YCL063W,0,-3.922997,0.30892255902290344,0.367000013589859,0.08209999650716782
YOR322C,YKR008W,0,-3.9230165,0.3086627423763275,0.367000013589859,0.08219999819993973
YBL026W,YDR478W,1,-3.9230304,0.30924370884895325,0.36800000071525574,0.08219999819993973
YKR002W,YLR424W,1,-3.9233127,0.3098236918449402,0.36899998784065247,0.08219999819993973
YLR011W,YDR460W,0,-3.9240572,0.3095637559890747,0.36899998784065247,0.08229999989271164
YML102W,YDL036C,0,-3.9250708,0.30930426716804504,0.36899998784065247,0.08240000158548355
YGL155W,YMR106C,0,-3.9254818,0.3090452253818512,0.36899998784065247,0.08250000327825546
YBR185C,YKL034W,0,-3.925991,0.3087866008281708,0.36899998784065247,0.08259999752044678
YDR301W,YNL147W,1,-3.9263198,0.30936455726623535,0.3700000047683716,0.08259999752044678
YFL025C,YPL239W,0,-3.9263973,0.30910611152648926,0.3700000047683716,0.08269999921321869
YJR150C,YGR180C,0,-3.9273438,0.3088480830192566,0.3700000047683716,0.0828000009059906
YNL136W,YEL051W,0,-3.9277384,0.30859050154685974,0.3700000047683716,0.08290000259876251
YKL112W,YIR022W,0,-3.9282205,0.3083333373069763,0.3700000047683716,0.08299999684095383
YNL210W,YPR094W,1,-3.9282613,0.30890923738479614,0.3709999918937683,0.08299999684095383
YJR093C,YKL095W,1,-3.9294744,0.30948418378829956,0.3720000088214874,0.08299999684095383
YOL130W,YHL009C,0,-3.9311996,0.309226930141449,0.3720000088214874,0.08309999853372574
YDL088C,YOR179C,0,-3.931588,0.3089700937271118,0.3720000088214874,0.08320000022649765
YCR038C,YFL009W,0,-3.9324706,0.3087137043476105,0.3720000088214874,0.08330000191926956
YCL027W,YPL153C,0,-3.9330964,0.30845770239830017,0.3720000088214874,0.08340000361204147
YAL043C,YML049C,1,-3.9331055,0.3090306520462036,0.37299999594688416,0.08340000361204147
YER032W,YNL282W,1,-3.9362764,0.30960264801979065,0.37400001287460327,0.08340000361204147
YER008C,YDL042C,0,-3.9371543,0.3093465566635132,0.37400001287460327,0.08349999785423279
YNL210W,YKL095W,1,-3.9378247,0.3099173605442047,0.375,0.08349999785423279
YJR093C,YBR152W,1,-3.937924,0.31048721075057983,0.37599998712539673,0.08349999785423279
YPR072W,YOR159C,1,-3.937974,0.31105610728263855,0.37700000405311584,0.08349999785423279
YPR082C,YPR094W,1,-3.9383616,0.31162407994270325,0.3779999911785126,0.08349999785423279
YGL238W,YGR258C,0,-3.939237,0.311367392539978,0.3779999911785126,0.0835999995470047
YOR319W,YDR195W,1,-3.9397535,0.31193414330482483,0.3790000081062317,0.0835999995470047
YMR301C,YNL039W,0,-3.9401984,0.31167763471603394,0.3790000081062317,0.08370000123977661
YOR319W,YMR216C,1,-3.9402695,0.3122432231903076,0.3799999952316284,0.08370000123977661
YGL016W,YLR417W,0,-3.9415064,0.31198686361312866,0.3799999952316284,0.08380000293254852
YBR211C,YGL151W,0,-3.942686,0.31173092126846313,0.3799999952316284,0.08389999717473984
YNL147W,YDR195W,1,-3.9439993,0.3122950792312622,0.38100001215934753,0.08389999717473984
YDR298C,YPL239W,0,-3.9440372,0.312039315700531,0.38100001215934753,0.08399999886751175
YGR227W,YLR467W,0,-3.9453094,0.31178396940231323,0.38100001215934753,0.08410000056028366
YER114C,YIL112W,0,-3.9455972,0.3115290403366089,0.38100001215934753,0.08420000225305557
YDR386W,YDR393W,0,-3.945735,0.3112744987010956,0.38100001215934753,0.08429999649524689
YML080W,YMR214W,0,-3.9461484,0.3110204041004181,0.38100001215934753,0.0843999981880188
YDR498C,YEL051W,0,-3.9469423,0.31076672673225403,0.38100001215934753,0.08449999988079071
YER032W,YPR072W,1,-3.9470053,0.3113284409046173,0.38199999928474426,0.08449999988079071
YDL154W,YBR073W,0,-3.9472108,0.3110749125480652,0.38199999928474426,0.08460000157356262
YKL195W,YDR397C,0,-3.947238,0.3108218014240265,0.38199999928474426,0.08470000326633453
YJL165C,YER008C,0,-3.9504156,0.3105691075325012,0.38199999928474426,0.08479999750852585
YOR346W,YDR189W,0,-3.9504282,0.310316801071167,0.38199999928474426,0.08489999920129776
YLL018C-A,YDR116C,0,-3.9509435,0.3100649416446686,0.38199999928474426,0.08500000089406967
YBR038W,YGR158C,0,-3.9510622,0.3098134696483612,0.38199999928474426,0.08510000258684158
YJL072C,YGL098W,0,-3.9511237,0.3095623850822449,0.38199999928474426,0.0851999968290329
YOR036W,YLR010C,0,-3.9511955,0.30931174755096436,0.38199999928474426,0.08529999852180481
YOR217W,YLR268W,0,-3.9516482,0.3090614974498749,0.38199999928474426,0.08540000021457672
YBR107C,YDR337W,0,-3.9519536,0.30881163477897644,0.38199999928474426,0.08550000190734863
YER164W,YDR308C,0,-3.952244,0.30856218934059143,0.38199999928474426,0.08560000360012054
YPL096C-A,YPL060W,0,-3.9524686,0.30831316113471985,0.38199999928474426,0.08569999784231186
YER019W,YDL138W,0,-3.953012,0.3080645203590393,0.38199999928474426,0.08579999953508377
YLR116W,YDR478W,1,-3.9544804,0.3086220920085907,0.382999986410141,0.08579999953508377
YAL043C,YPR094W,1,-3.955372,0.30917873978614807,0.3840000033378601,0.08579999953508377
YGR155W,YBR058C-A,0,-3.9554949,0.30893000960350037,0.3840000033378601,0.08590000122785568
YGR155W,YMR109W,0,-3.9558115,0.3086816668510437,0.3840000033378601,0.0860000029206276
YAL032C,YAL043C,1,-3.9565368,0.30923694372177124,0.38499999046325684,0.0860000029206276
YOR171C,YOR098C,0,-3.9566107,0.3089887499809265,0.38499999046325684,0.08609999716281891
YOR260W,YKR055W,0,-3.9571145,0.3087409734725952,0.38499999046325684,0.08619999885559082
YIL036W,YLR263W,0,-3.9572396,0.30849358439445496,0.38499999046325684,0.08630000054836273
YLR127C,YGL124C,0,-3.9576545,0.30824658274650574,0.38499999046325684,0.08640000224113464
YJR076C,YHR167W,0,-3.9578745,0.30799999833106995,0.38499999046325684,0.08649999648332596
YPR072W,YKR002W,1,-3.9581363,0.30855315923690796,0.38600000739097595,0.08649999648332596
YGL142C,YOR179C,0,-3.958865,0.3083067238330841,0.38600000739097595,0.08659999817609787
YOL009C,YLR007W,0,-3.959148,0.3080606460571289,0.38600000739097595,0.08669999986886978
YBR211C,YLR242C,0,-3.959781,0.30781498551368713,0.38600000739097595,0.0868000015616417
YIR033W,YGL006W,0,-3.9606652,0.3075697124004364,0.38600000739097595,0.0869000032544136
YPL043W,YNR026C,0,-3.960926,0.3073248267173767,0.38600000739097595,0.08699999749660492
YLL061W,YFR031C,0,-3.9609332,0.30708035826683044,0.38600000739097595,0.08709999918937683
YDL087C,YKL095W,1,-3.961806,0.30763116478919983,0.3869999945163727,0.08709999918937683
YOR349W,YFR013W,0,-3.9623992,0.3073868155479431,0.3869999945163727,0.08720000088214874
YJL111W,YOR172W,0,-3.962816,0.30714285373687744,0.3869999945163727,0.08730000257492065
YKL139W,YJL203W,1,-3.9628756,0.3076923191547394,0.3880000114440918,0.08730000257492065
YNL262W,YDL080C,0,-3.9629154,0.30744850635528564,0.3880000114440918,0.08739999681711197
YDR524C,YGR063C,0,-3.9644327,0.30720508098602295,0.3880000114440918,0.08749999850988388
YGR063C,YLR010C,0,-3.9644666,0.3069620132446289,0.3880000114440918,0.08760000020265579
YBL016W,YPR070W,0,-3.9647784,0.3067193627357483,0.3880000114440918,0.0877000018954277
YDL058W,YJL139C,0,-3.9656136,0.3064770996570587,0.3880000114440918,0.08780000358819962
YGL238W,YDR397C,0,-3.9656296,0.3062351942062378,0.3880000114440918,0.08789999783039093
YIL036W,YBR258C,0,-3.9673307,0.3059936761856079,0.3880000114440918,0.08799999952316284
YJR093C,YMR216C,1,-3.9681153,0.3065405786037445,0.3889999985694885,0.08799999952316284
YPR018W,YKL166C,0,-3.9684129,0.30629920959472656,0.3889999985694885,0.08810000121593475
YHR023W,YLR262C,0,-3.9695845,0.30605822801589966,0.3889999985694885,0.08820000290870667
YDR386W,YLR066W,0,-3.9696612,0.3058176040649414,0.3889999985694885,0.08829999715089798
YGR024C,YGR285C,0,-3.9707322,0.3055773675441742,0.3889999985694885,0.08839999884366989
YML127W,YDR207C,0,-3.9716253,0.305337518453598,0.3889999985694885,0.0885000005364418
YDR289C,YHL009C,0,-3.9717422,0.3050980269908905,0.3889999985694885,0.08860000222921371
YBR010W,YDL235C,0,-3.9717705,0.304858922958374,0.3889999985694885,0.08869999647140503
YMR162C,YER005W,0,-3.9718676,0.3046202063560486,0.3889999985694885,0.08879999816417694
YMR301C,YBR008C,0,-3.972396,0.3043818473815918,0.3889999985694885,0.08889999985694885
YAR033W,YDR393W,0,-3.9736881,0.30414387583732605,0.3889999985694885,0.08900000154972076
YGL190C,YDR460W,0,-3.9737778,0.30390626192092896,0.3889999985694885,0.08910000324249268
YLL015W,YOR171C,0,-3.9738626,0.3036690056324005,0.3889999985694885,0.08919999748468399
YLR332W,YGL124C,0,-3.974078,0.3034321367740631,0.3889999985694885,0.0892999991774559
YJR131W,YHR039C,0,-3.974173,0.30319562554359436,0.3889999985694885,0.08940000087022781
YBR010W,YDL036C,0,-3.975902,0.30295950174331665,0.3889999985694885,0.08950000256299973
YJR093C,YDL087C,1,-3.9763417,0.3035019338130951,0.38999998569488525,0.08950000256299973
YLR147C,YDL098C,1,-3.976527,0.3040435314178467,0.39100000262260437,0.08950000256299973
YML062C,YPL211W,0,-3.9768038,0.3038073182106018,0.39100000262260437,0.08959999680519104
YMR052W,YCR060W,0,-3.9768155,0.3035714328289032,0.39100000262260437,0.08969999849796295
YAL043C,YFR005C,1,-3.9782271,0.3041117191314697,0.3919999897480011,0.08969999849796295
YPR188C,YHR012W,0,-3.9782705,0.30387598276138306,0.3919999897480011,0.08980000019073486
YLR133W,YOL066C,0,-3.9782877,0.30364057421684265,0.3919999897480011,0.08990000188350677
YBL026W,YDR195W,1,-3.9786358,0.3041795790195465,0.3930000066757202,0.08990000188350677
YER028C,YML097C,0,-3.9796748,0.30394431948661804,0.3930000066757202,0.09000000357627869
YIL106W,YDR181C,0,-3.9808502,0.3037094175815582,0.3930000066757202,0.09009999781847
YOL108C,YIL080W,0,-3.9810157,0.30347490310668945,0.3930000066757202,0.09019999951124191
YKR086W,YAL032C,1,-3.9831367,0.30401235818862915,0.39399999380111694,0.09019999951124191
YDL117W,YNR015W,0,-3.98388,0.3037779629230499,0.39399999380111694,0.09030000120401382
YFL029C,YBR087W,0,-3.984487,0.30354392528533936,0.39399999380111694,0.09040000289678574
YNL020C,YDR485C,0,-3.9845026,0.30331024527549744,0.39399999380111694,0.09049999713897705
YDR205W,YNL088W,0,-3.9847112,0.30307692289352417,0.39399999380111694,0.09059999883174896
YOR249C,YER169W,0,-3.9854152,0.30284395813941956,0.39399999380111694,0.09070000052452087
YKL042W,YHR099W,0,-3.986207,0.302611380815506,0.39399999380111694,0.09080000221729279
YHR061C,YOL045W,0,-3.986214,0.30237913131713867,0.39399999380111694,0.0908999964594841
YER068W,YLR277C,1,-3.9867396,0.3029141128063202,0.39500001072883606,0.0908999964594841
YCR042C,YJL129C,0,-3.9880672,0.30268198251724243,0.39500001072883606,0.09099999815225601
YGL065C,YGR014W,0,-3.9882617,0.3024502396583557,0.39500001072883606,0.09109999984502792
YAL015C,YOL105C,0,-3.9889433,0.30221882462501526,0.39500001072883606,0.09120000153779984
YML062C,YKR095W,0,-3.989015,0.30198776721954346,0.39500001072883606,0.09130000323057175
YKL208W,YDR195W,1,-3.9890919,0.3025210201740265,0.3959999978542328,0.09130000323057175
YPL091W,YPL060W,0,-3.9893637,0.30229008197784424,0.3959999978542328,0.09139999747276306
YLR431C,YGL247W,0,-3.9908242,0.30205950140953064,0.3959999978542328,0.09149999916553497
YJR022W,YIL061C,1,-3.9913056,0.302591472864151,0.3970000147819519,0.09149999916553497
YDL045C,YPL153C,0,-3.9918456,0.30236101150512695,0.3970000147819519,0.09160000085830688
YFL013C,YAL009W,0,-3.9921021,0.30213090777397156,0.3970000147819519,0.0917000025510788
YNL008C,YLR394W,0,-3.9922357,0.3019011318683624,0.3970000147819519,0.09179999679327011
YML114C,YGR285C,0,-3.9925904,0.30167174339294434,0.3970000147819519,0.09189999848604202
YGL065C,YDR191W,0,-3.9933312,0.3014426827430725,0.3970000147819519,0.09200000017881393
YNL210W,YNL282W,1,-3.9939842,0.3019726872444153,0.39800000190734863,0.09200000017881393
YDR142C,YHR167W,0,-3.9944594,0.301743745803833,0.39800000190734863,0.09210000187158585
YFL023W,YOR260W,0,-3.9949455,0.3015151619911194,0.39800000190734863,0.09220000356435776
YNL110C,YLR263W,0,-3.9961557,0.301286906003952,0.39800000190734863,0.09229999780654907
YNL032W,YCL063W,0,-3.9985719,0.3010590076446533,0.39800000190734863,0.09239999949932098
YKR055W,YLR026C,0,-3.9995637,0.3008314371109009,0.39800000190734863,0.0925000011920929
YPL202C,YBR049C,0,-4.0006404,0.3006042242050171,0.39800000190734863,0.09260000288486481
YPL082C,YDR289C,0,-4.0006504,0.30037736892700195,0.39800000190734863,0.09269999712705612
YCR048W,YJR010C-A,0,-4.0008044,0.3001508414745331,0.39800000190734863,0.09279999881982803
YNL027W,YKR055W,0,-4.001796,0.2999246418476105,0.39800000190734863,0.09290000051259995
YGL175C,YDL080C,0,-4.003143,0.2996987998485565,0.39800000190734863,0.09300000220537186
YPR057W,YKL095W,1,-4.0032167,0.30022573471069336,0.39899998903274536,0.09300000220537186
YGL175C,YDR372C,0,-4.0037227,0.30000001192092896,0.39899998903274536,0.09309999644756317
YDL087C,YFL017W-A,1,-4.004015,0.3005259335041046,0.4000000059604645,0.09309999644756317
YCR072C,YDL225W,0,-4.0040703,0.3003003001213074,0.4000000059604645,0.09319999814033508
YKL160W,YDR075W,0,-4.005562,0.3000750243663788,0.4000000059604645,0.093299999833107
YGL143C,YOL001W,0,-4.0057745,0.29985007643699646,0.4000000059604645,0.0934000015258789
YDR075W,YLL011W,0,-4.005789,0.2996254563331604,0.4000000059604645,0.09350000321865082
YLR081W,YBR050C,0,-4.006565,0.299401193857193,0.4000000059604645,0.09359999746084213
YOR171C,YOR106W,0,-4.006583,0.29917725920677185,0.4000000059604645,0.09369999915361404
YOR034C,YKL166C,0,-4.006647,0.298953652381897,0.4000000059604645,0.09380000084638596
YER032W,YKL018W,1,-4.0083823,0.299477219581604,0.4009999930858612,0.09380000084638596
YIL084C,YGL098W,0,-4.0092406,0.2992537319660187,0.4009999930858612,0.09390000253915787
YDL087C,YFR005C,1,-4.01004,0.2997762858867645,0.4020000100135803,0.09390000253915787
YFL009W,YOR160W,0,-4.011078,0.29955291748046875,0.4020000100135803,0.09399999678134918
YJL194W,YBL061C,0,-4.011628,0.29932984709739685,0.4020000100135803,0.0940999984741211
YPR057W,YDR478W,1,-4.0120115,0.2998511791229248,0.40299999713897705,0.0940999984741211
YDR081C,YFL008W,0,-4.012222,0.29962825775146484,0.40299999713897705,0.094200000166893
YMR150C,YJR131W,0,-4.012331,0.29940563440322876,0.40299999713897705,0.09430000185966492
YBR087W,YBR273C,0,-4.0128307,0.29918336868286133,0.40299999713897705,0.09440000355243683
YPR094W,YLR277C,1,-4.0134234,0.2997032701969147,0.40400001406669617,0.09440000355243683
YKL208W,YKR002W,1,-4.015326,0.30022239685058594,0.4050000011920929,0.09440000355243683
YPR134W,YNL032W,0,-4.0155616,0.30000001192092896,0.4050000011920929,0.09449999779462814
YFL048C,YCL063W,0,-4.0155783,0.29977795481681824,0.4050000011920929,0.09459999948740005
YIL128W,YDR310C,0,-4.0166388,0.2995562255382538,0.4050000011920929,0.09470000118017197
YFR005C,YLR424W,1,-4.016683,0.30007392168045044,0.4059999883174896,0.09470000118017197
YFL025C,YAR008W,0,-4.0178223,0.29985228180885315,0.4059999883174896,0.09480000287294388
YJL065C,YML103C,0,-4.0180016,0.2996309995651245,0.4059999883174896,0.09489999711513519
YDR040C,YOL031C,0,-4.019595,0.29941001534461975,0.4059999883174896,0.0949999988079071
YCL043C,YLR090W,0,-4.021346,0.29918938875198364,0.4059999883174896,0.09510000050067902
YLR263W,YDR498C,0,-4.0214176,0.2989690601825714,0.4059999883174896,0.09520000219345093
YLR008C,YDR207C,0,-4.0214252,0.29874908924102783,0.4059999883174896,0.09529999643564224
YNL027W,YCL027W,0,-4.0214486,0.29852941632270813,0.4059999883174896,0.09539999812841415
YJL165C,YMR224C,0,-4.024061,0.2983100712299347,0.4059999883174896,0.09549999982118607
YIL131C,YOR098C,0,-4.025056,0.2980910539627075,0.4059999883174896,0.09560000151395798
YGR003W,YBR233W-A,0,-4.0259485,0.2978723347187042,0.4059999883174896,0.09570000320672989
YFR005C,YKL095W,1,-4.0260725,0.2983871102333069,0.40700000524520874,0.09570000320672989
YNL136W,YDL150W,0,-4.026249,0.29816851019859314,0.40700000524520874,0.0957999974489212
YGL122C,YML049C,1,-4.027378,0.2986822724342346,0.40799999237060547,0.0957999974489212
YFL017W-A,YKL095W,1,-4.0287094,0.2991953194141388,0.4090000092983246,0.0957999974489212
YDR098C,YBR058C-A,0,-4.0288663,0.2989766001701355,0.4090000092983246,0.09589999914169312
YGL122C,YNL282W,1,-4.0300417,0.2994886636734009,0.4099999964237213,0.09589999914169312
YLR157C,YOL049W,0,-4.0315537,0.29927006363868713,0.4099999964237213,0.09600000083446503
YPR070W,YIR018W,0,-4.0319715,0.29905179142951965,0.4099999964237213,0.09610000252723694
YDR075W,YHR012W,0,-4.032158,0.29883381724357605,0.4099999964237213,0.09619999676942825
YDR163W,YLR147C,1,-4.032342,0.2993445098400116,0.41100001335144043,0.09619999676942825
YER068W,YPR072W,1,-4.0353694,0.29985442757606506,0.41200000047683716,0.09619999676942825
YPR018W,YBR127C,0,-4.035501,0.2996363639831543,0.41200000047683716,0.09629999846220016
YOR319W,YBR152W,1,-4.035522,0.30014535784721375,0.4129999876022339,0.09629999846220016
YCL016C,YAR008W,0,-4.0355825,0.29992738366127014,0.4129999876022339,0.09640000015497208
YKL021C,YHR119W,0,-4.037195,0.2997097373008728,0.4129999876022339,0.09650000184774399
YGL065C,YGR258C,0,-4.0380297,0.29949238896369934,0.4129999876022339,0.0966000035405159
YDR163W,YIR005W,1,-4.038092,0.30000001192092896,0.414000004529953,0.0966000035405159
YDL045C,YIL030C,0,-4.0388074,0.29978275299072266,0.414000004529953,0.09669999778270721
YPR104C,YNL030W,0,-4.0393815,0.299565851688385,0.414000004529953,0.09679999947547913
YPR046W,YDR363W-A,0,-4.039943,0.29934924840927124,0.414000004529953,0.09690000116825104
YOL043C,YNL311C,0,-4.040046,0.29913294315338135,0.414000004529953,0.09700000286102295
YGL003C,YIR018W,0,-4.040302,0.2989169657230377,0.414000004529953,0.09709999710321426
YGR097W,YFR034C,0,-4.0415106,0.29870128631591797,0.414000004529953,0.09719999879598618
YLR116W,YMR216C,1,-4.043243,0.2992069125175476,0.41499999165534973,0.09719999879598618
YMR162C,YML127W,0,-4.0439796,0.2989913523197174,0.41499999165534973,0.09730000048875809
YBR275C,YLR025W,0,-4.0444055,0.2987760901451111,0.41499999165534973,0.09740000218153
YPR070W,YKR095W-A,0,-4.04713,0.298561155796051,0.41499999165534973,0.09749999642372131
YHR116W,YGR033C,0,-4.0488386,0.29834651947021484,0.41499999165534973,0.09759999811649323
YPL153C,YDL217C,0,-4.04901,0.29813218116760254,0.41499999165534973,0.09769999980926514
YPR104C,YDR181C,0,-4.049512,0.2979181706905365,0.41499999165534973,0.09780000150203705
YNL084C,YIL112W,0,-4.0503993,0.29770445823669434,0.41499999165534973,0.09790000319480896
YOR349W,YJR140C,0,-4.051584,0.29749104380607605,0.41499999165534973,0.09799999743700027
YOL133W,YFL008W,0,-4.05258,0.29727792739868164,0.41499999165534973,0.09809999912977219
YKR038C,YGR181W,0,-4.0532146,0.2970651388168335,0.41499999165534973,0.0982000008225441
YER142C,YNL129W,0,-4.053398,0.29685264825820923,0.41499999165534973,0.09830000251531601
YKR007W,YJL145W,0,-4.0545187,0.29664045572280884,0.41499999165534973,0.09839999675750732
YIL112W,YPL258C,0,-4.0547934,0.2964285612106323,0.41499999165534973,0.09849999845027924
YOR123C,YKL021C,0,-4.0558214,0.2962169945240021,0.41499999165534973,0.09860000014305115
YPR046W,YFR029W,0,-4.0568585,0.2960056960582733,0.41499999165534973,0.09870000183582306
YNL032W,YJL129C,0,-4.0569463,0.2957947254180908,0.41499999165534973,0.09880000352859497
YFL009W,YDR207C,0,-4.0581193,0.2955840528011322,0.41499999165534973,0.09889999777078629
YLR329W,YDR181C,0,-4.0582533,0.29537367820739746,0.41499999165534973,0.0989999994635582
YOR079C,YLR078C,0,-4.058618,0.2951635718345642,0.41499999165534973,0.09910000115633011
YDR498C,YOR179C,0,-4.0594535,0.2949537932872772,0.41499999165534973,0.09920000284910202
YOL142W,YER005W,0,-4.0602565,0.2947443127632141,0.41499999165534973,0.09929999709129333
YCR038C,YIL056W,0,-4.0603204,0.2945351302623749,0.41499999165534973,0.09939999878406525
YJL006C,YML114C,0,-4.061162,0.2943262457847595,0.41499999165534973,0.09950000047683716
YHR005C,YIL120W,0,-4.061599,0.29411765933036804,0.41499999165534973,0.09960000216960907
YGR218W,YJL139C,0,-4.062151,0.29390934109687805,0.41499999165534973,0.09969999641180038
YIL159W,YLR381W,0,-4.063814,0.2937013506889343,0.41499999165534973,0.0997999981045723
YMR052W,YPL146C,0,-4.064537,0.2934936285018921,0.41499999165534973,0.09989999979734421
YLR332W,YFR034C,0,-4.0648584,0.29328620433807373,0.41499999165534973,0.10000000149011612
YDL150W,YML097C,0,-4.0660787,0.29307910799980164,0.41499999165534973,0.10010000318288803
YHR023W,YNL222W,0,-4.0664887,0.29287227988243103,0.41499999165534973,0.10019999742507935
YLR192C,YBR192W,0,-4.0665708,0.2926657199859619,0.41499999165534973,0.10029999911785126
YMR216C,YFL017W-A,1,-4.067139,0.2931641936302185,0.41600000858306885,0.10029999911785126
YGL003C,YCR009C,0,-4.068465,0.29295775294303894,0.41600000858306885,0.10040000081062317
YHR042W,YNL129W,0,-4.069224,0.29275158047676086,0.41600000858306885,0.10050000250339508
YLL018C-A,YAL007C,0,-4.0693707,0.29254570603370667,0.41600000858306885,0.1005999967455864
YGL011C,YIL129C,0,-4.0702887,0.29234012961387634,0.41600000858306885,0.1006999984383583
YBL102W,YNL311C,0,-4.071623,0.2921348214149475,0.41600000858306885,0.10080000013113022
YDR345C,YDL080C,0,-4.0718637,0.29192981123924255,0.41600000858306885,0.10090000182390213
YKL016C,YGL175C,0,-4.0718846,0.2917250990867615,0.41600000858306885,0.10100000351667404
YFL041W,YOL009C,0,-4.0725865,0.2915206849575043,0.41600000858306885,0.10109999775886536
YGR097W,YLR081W,0,-4.0732865,0.29131653904914856,0.41600000858306885,0.10119999945163727
YDR524C,YER169W,0,-4.073297,0.29111266136169434,0.41600000858306885,0.10130000114440918
YKL095W,YLR277C,1,-4.0733733,0.29160839319229126,0.4169999957084656,0.10130000114440918
YER167W,YBR278W,0,-4.0737157,0.2914046049118042,0.4169999957084656,0.10140000283718109
YMR224C,YGR222W,0,-4.0739517,0.291201114654541,0.4169999957084656,0.1014999970793724
YNL323W,YOR172W,0,-4.0741615,0.2909978926181793,0.4169999957084656,0.10159999877214432
YPR002W,YDL042C,0,-4.0744433,0.2907949686050415,0.4169999957084656,0.10170000046491623
YIR005W,YML049C,1,-4.0745482,0.29128921031951904,0.4180000126361847,0.10170000046491623
YDR046C,YML062C,0,-4.0750947,0.291086345911026,0.4180000126361847,0.10180000215768814
YLR335W,YDL006W,0,-4.0751443,0.29088377952575684,0.4180000126361847,0.10189999639987946
YNL136W,YOL122C,0,-4.0754385,0.29068151116371155,0.4180000126361847,0.10199999809265137
YNL210W,YPR182W,1,-4.0758004,0.29117444157600403,0.4189999997615814,0.10199999809265137
YLR078C,YNR026C,0,-4.075853,0.2909722328186035,0.4189999997615814,0.10209999978542328
YDR046C,YIL034C,0,-4.076112,0.2907702922821045,0.4189999997615814,0.10220000147819519
YPR072W,YGL030W,1,-4.076189,0.291262149810791,0.41999998688697815,0.10220000147819519
YBR275C,YIL063C,0,-4.0765066,0.29106029868125916,0.41999998688697815,0.1023000031709671
YER032W,YFL017W-A,1,-4.077026,0.29155123233795166,0.42100000381469727,0.1023000031709671
YOR260W,YFL036W,0,-4.077325,0.29134947061538696,0.42100000381469727,0.10239999741315842
YNL129W,YIL008W,0,-4.077461,0.29114800691604614,0.42100000381469727,0.10249999910593033
YJR010C-A,YDL235C,0,-4.0781813,0.2909467816352844,0.42100000381469727,0.10260000079870224
YBR039W,YPL239W,0,-4.0783186,0.2907458543777466,0.42100000381469727,0.10270000249147415
YKR038C,YPL060W,0,-4.07913,0.29054519534111023,0.42100000381469727,0.10279999673366547
YBR107C,YDR181C,0,-4.0791974,0.29034483432769775,0.42100000381469727,0.10289999842643738
YBL026W,YKL018W,1,-4.080182,0.2908339202404022,0.421999990940094,0.10289999842643738
YCR028C,YPL210C,0,-4.0804777,0.2906336188316345,0.421999990940094,0.10300000011920929
YDR163W,YMR216C,1,-4.0812507,0.29112181067466736,0.4230000078678131,0.10300000011920929
YPR082C,YKL173W,1,-4.0826025,0.29160934686660767,0.42399999499320984,0.10300000011920929
YNL281W,YNL044W,0,-4.082923,0.2914089262485504,0.42399999499320984,0.1031000018119812
YJL194W,YNL328C,0,-4.083699,0.29120880365371704,0.42399999499320984,0.10320000350475311
YKL139W,YBR065C,1,-4.0846543,0.2916952669620514,0.42500001192092896,0.10320000350475311
YNL149C,YOR172W,0,-4.0846624,0.2914952039718628,0.42500001192092896,0.10329999774694443
YDR386W,YML014W,0,-4.0850825,0.2912954092025757,0.42500001192092896,0.10339999943971634
YGR262C,YPL082C,0,-4.0852337,0.29109588265419006,0.42500001192092896,0.10350000113248825
YKL208W,YAL032C,1,-4.085368,0.29158109426498413,0.4259999990463257,0.10350000113248825
YIL142W,YDR174W,0,-4.0864925,0.2913816571235657,0.4259999990463257,0.10360000282526016
YNL147W,YER068W,1,-4.0865593,0.2918660342693329,0.4269999861717224,0.10360000282526016
YDR301W,YDR195W,1,-4.0881047,0.2923497259616852,0.42800000309944153,0.10360000282526016
YJL148W,YKL088W,0,-4.0900383,0.2921501696109772,0.42800000309944153,0.10369999706745148
YDL045C,YOR212W,0,-4.0904446,0.29195088148117065,0.42800000309944153,0.10379999876022339
YML132W,YGR059W,0,-4.090685,0.2917518615722656,0.42800000309944153,0.1039000004529953
YLR329W,YJR027W,0,-4.092218,0.2915531396865845,0.42800000309944153,0.10400000214576721
YCL008C,YML014W,0,-4.0930333,0.2913546562194824,0.42800000309944153,0.10409999638795853
YGR262C,YIR018W,0,-4.0932636,0.29115647077560425,0.42800000309944153,0.10419999808073044
YML049C,YGR129W,1,-4.094943,0.2916383445262909,0.42899999022483826,0.10419999808073044
YMR225C,YJR045C,0,-4.0954323,0.2914402186870575,0.42899999022483826,0.10429999977350235
YPL101W,YBR008C,0,-4.0964484,0.2912423610687256,0.42899999022483826,0.10440000146627426
YDL008W,YOR149C,0,-4.0970063,0.29104477167129517,0.42899999022483826,0.10450000315904617
YCL004W,YOL038W,0,-4.0970364,0.29084745049476624,0.42899999022483826,0.10459999740123749
YNR023W,YDR165W,0,-4.0997024,0.2906503975391388,0.42899999022483826,0.1046999990940094
YBR234C,YAL015C,0,-4.10028,0.29045361280441284,0.42899999022483826,0.10480000078678131
YNL127W,YML015C,0,-4.101135,0.2902570962905884,0.42899999022483826,0.10490000247955322
YLR078C,YML098W,0,-4.1022744,0.2900608479976654,0.42899999022483826,0.10499999672174454
YAL043C,YGR129W,1,-4.103142,0.29054054617881775,0.4300000071525574,0.10499999672174454
YNL020C,YBL102W,0,-4.103631,0.29034435749053955,0.4300000071525574,0.10509999841451645
YNL282W,YLR277C,1,-4.1051664,0.29082322120666504,0.4309999942779541,0.10509999841451645
YGR155W,YDR081C,0,-4.1055455,0.290627121925354,0.4309999942779541,0.10520000010728836
YBL026W,YMR216C,1,-4.106273,0.29110512137413025,0.4320000112056732,0.10520000010728836
YGR284C,YGR063C,0,-4.1067114,0.290909081697464,0.4320000112056732,0.10530000180006027
YPR082C,YFL017W-A,1,-4.106836,0.29138627648353577,0.43299999833106995,0.10530000180006027
YBR065C,YOR148C,1,-4.1070676,0.291862815618515,0.4339999854564667,0.10530000180006027
YDR425W,YJR110W,0,-4.107491,0.2916666567325592,0.4339999854564667,0.10540000349283218
YJR093C,YKL025C,1,-4.1078706,0.292142391204834,0.4350000023841858,0.10540000349283218
YER075C,YKL166C,0,-4.1081386,0.29194632172584534,0.4350000023841858,0.1054999977350235
YKL139W,YLR116W,1,-4.1082187,0.2924211919307709,0.4359999895095825,0.1054999977350235
YGL003C,YGL006W,0,-4.1083336,0.2922252118587494,0.4359999895095825,0.10559999942779541
YGL073W,YBL105C,0,-4.1085157,0.292029470205307,0.4359999895095825,0.10570000112056732
YNL149C,YDL006W,0,-4.108912,0.2918339967727661,0.4359999895095825,0.10580000281333923
YDL200C,YDR181C,0,-4.1101055,0.2916387915611267,0.4359999895095825,0.10589999705553055
YMR150C,YGL124C,0,-4.1103272,0.2914438545703888,0.4359999895095825,0.10599999874830246
YBR087W,YBR058C-A,0,-4.1105795,0.29124915599823,0.4359999895095825,0.10610000044107437
YNL068C,YKR095W,0,-4.11097,0.29105472564697266,0.4359999895095825,0.10620000213384628
YOR160W,YIL129C,0,-4.111169,0.2908605635166168,0.4359999895095825,0.1062999963760376
YML080W,YHR187W,0,-4.1123796,0.2906666696071625,0.4359999895095825,0.10639999806880951
YGR261C,YLR381W,0,-4.1136074,0.29047301411628723,0.4359999895095825,0.10649999976158142
YKR086W,YPR094W,1,-4.114075,0.2909454107284546,0.43700000643730164,0.10649999976158142
YBR210W,YBR058C-A,0,-4.1158648,0.2907518148422241,0.43700000643730164,0.10660000145435333
YOR212W,YKL166C,0,-4.118414,0.29055851697921753,0.43700000643730164,0.10670000314712524
YNL323W,YLR195C,0,-4.1190586,0.29036545753479004,0.43700000643730164,0.10679999738931656
YCR038C,YNL327W,0,-4.119371,0.29017263650894165,0.43700000643730164,0.10689999908208847
YHR006W,YDR359C,0,-4.119544,0.28998008370399475,0.43700000643730164,0.10700000077486038
YKL085W,YBR186W,0,-4.120724,0.28978779911994934,0.43700000643730164,0.1071000024676323
YKL139W,YNL147W,1,-4.122273,0.2902584373950958,0.43799999356269836,0.1071000024676323
YDR301W,YFL017W-A,1,-4.12345,0.29072847962379456,0.4390000104904175,0.1071000024676323
YBR164C,YIL142W,0,-4.123904,0.2905360758304596,0.4390000104904175,0.10719999670982361
YBR278W,YOR036W,0,-4.1258965,0.29034391045570374,0.4390000104904175,0.10729999840259552
YGL122C,YPR072W,1,-4.126274,0.29081296920776367,0.4399999976158142,0.10729999840259552
YNL032W,YNR006W,0,-4.126278,0.2906208634376526,0.4399999976158142,0.10740000009536743
YOR319W,YOR148C,1,-4.1276164,0.29108911752700806,0.4410000145435333,0.10740000009536743
YDR320C-A,YPL209C,0,-4.1276565,0.29089710116386414,0.4410000145435333,0.10750000178813934
YKL173W,YOR148C,1,-4.128231,0.29136452078819275,0.44200000166893005,0.10750000178813934
YOR249C,YLR425W,0,-4.130527,0.291172593832016,0.44200000166893005,0.10760000348091125
YNR015W,YEL051W,0,-4.131306,0.29098090529441833,0.44200000166893005,0.10769999772310257
YGL035C,YER005W,0,-4.133058,0.29078948497772217,0.44200000166893005,0.10779999941587448
YKL101W,YCR042C,0,-4.133133,0.2905983030796051,0.44200000166893005,0.10790000110864639
YGR003W,YOR064C,0,-4.134386,0.29040735960006714,0.44200000166893005,0.1080000028014183
YJR074W,YGL178W,0,-4.1344695,0.29021668434143066,0.44200000166893005,0.10809999704360962
YPR082C,YER032W,1,-4.134642,0.2906824052333832,0.4429999887943268,0.10809999704360962
YER167W,YGL175C,0,-4.1365404,0.2904917895793915,0.4429999887943268,0.10819999873638153
YNL147W,YKR002W,1,-4.137712,0.2909567356109619,0.4440000057220459,0.10819999873638153
YDR337W,YIR022W,0,-4.138321,0.2907662093639374,0.4440000057220459,0.10830000042915344
YBL016W,YML114C,0,-4.1385794,0.29057592153549194,0.4440000057220459,0.10840000212192535
YFL017W-A,YIL061C,1,-4.139954,0.2910398840904236,0.4449999928474426,0.10840000212192535
YMR138W,YKR095W,0,-4.1400604,0.2908496856689453,0.4449999928474426,0.10849999636411667
YPL060W,YML015C,0,-4.140161,0.29065969586372375,0.4449999928474426,0.10859999805688858
YIR015W,YKR008W,0,-4.14194,0.2904699742794037,0.4449999928474426,0.10869999974966049
YHR073W,YGL171W,0,-4.142531,0.2902804911136627,0.4449999928474426,0.1088000014424324
YPR138C,YOR330C,0,-4.142722,0.29009127616882324,0.4449999928474426,0.10890000313520432
YLR431C,YBL080C,0,-4.143638,0.2899022698402405,0.4449999928474426,0.10899999737739563
YDR075W,YOR217W,0,-4.1448765,0.2897135317325592,0.4449999928474426,0.10909999907016754
YBR256C,YBR275C,0,-4.1466913,0.2895250618457794,0.4449999928474426,0.10920000076293945
YOR079C,YLR011W,0,-4.147564,0.28933680057525635,0.4449999928474426,0.10930000245571136
YLR319C,YNL088W,0,-4.1480618,0.28914880752563477,0.4449999928474426,0.10939999669790268
YDR393W,YFL004W,0,-4.148063,0.2889610528945923,0.4449999928474426,0.10949999839067459
YDL087C,YGR129W,1,-4.1484623,0.2894224524497986,0.44600000977516174,0.10949999839067459
YNL147W,YKL095W,1,-4.1493206,0.28988325595855713,0.44699999690055847,0.10949999839067459
YGR186W,YML014W,0,-4.1509404,0.2896954119205475,0.44699999690055847,0.1096000000834465
YGR249W,YMR266W,0,-4.1539903,0.28950777649879456,0.44699999690055847,0.10970000177621841
YFR052W,YLR455W,0,-4.1546044,0.2893203794956207,0.44699999690055847,0.10980000346899033
YPR057W,YDR195W,1,-4.1562057,0.2897800803184509,0.4480000138282776,0.10980000346899033
YJL183W,YNL149C,0,-4.156522,0.28959277272224426,0.4480000138282776,0.10989999771118164
YBR107C,YPR018W,0,-4.157314,0.2894056737422943,0.4480000138282776,0.10999999940395355
YJL076W,YPR036W,0,-4.1582026,0.28921884298324585,0.4480000138282776,0.11010000109672546
YGR224W,YLR135W,0,-4.158687,0.2890322506427765,0.4480000138282776,0.11020000278949738
YJL165C,YMR109W,0,-4.1587915,0.28884589672088623,0.4480000138282776,0.11029999703168869
YGL195W,YDR456W,0,-4.159124,0.2886597812175751,0.4480000138282776,0.1103999987244606
YGL151W,YML097C,0,-4.1596756,0.2884739339351654,0.4480000138282776,0.11050000041723251
YDR345C,YHR158C,0,-4.161828,0.28828829526901245,0.4480000138282776,0.11060000211000443
YLR081W,YDR131C,0,-4.1626368,0.2881028950214386,0.4480000138282776,0.11069999635219574
YNL136W,YOR172W,0,-4.1633434,0.28791773319244385,0.4480000138282776,0.11079999804496765
YLR329W,YML039W,0,-4.1642385,0.2877328097820282,0.4480000138282776,0.11089999973773956
YDL200C,YDL058W,0,-4.164409,0.28754812479019165,0.4480000138282776,0.11100000143051147
YNL118C,YLR026C,0,-4.1644287,0.2873637080192566,0.4480000138282776,0.11110000312328339
YJL010C,YJL139C,0,-4.16602,0.28717949986457825,0.4480000138282776,0.1111999973654747
YFR028C,YML023C,0,-4.1669974,0.286995530128479,0.4480000138282776,0.11129999905824661
YHR158C,YOR346W,0,-4.1671886,0.2868117690086365,0.4480000138282776,0.11140000075101852
YGL035C,YDL232W,0,-4.1672482,0.28662827610969543,0.4480000138282776,0.11150000244379044
YGL219C,YML062C,0,-4.168305,0.2864450216293335,0.4480000138282776,0.11159999668598175
YDR174W,YIL030C,0,-4.1685414,0.28626197576522827,0.4480000138282776,0.11169999837875366
YGR262C,YIL109C,0,-4.1695905,0.28607916831970215,0.4480000138282776,0.11180000007152557
YAR033W,YGR059W,0,-4.1697755,0.2858966290950775,0.4480000138282776,0.11190000176429749
YAL022C,YDR481C,0,-4.17061,0.2857142984867096,0.4480000138282776,0.1120000034570694
YFL041W,YML062C,0,-4.1706576,0.2855321764945984,0.4480000138282776,0.11209999769926071
YMR052W,YOL117W,0,-4.1708302,0.28535032272338867,0.4480000138282776,0.11219999939203262
YGL151W,YJR102C,0,-4.170934,0.28516867756843567,0.4480000138282776,0.11230000108480453
YBR231C,YHR099W,0,-4.1712008,0.28498727083206177,0.4480000138282776,0.11240000277757645
YJL065C,YMR263W,0,-4.1713004,0.28480610251426697,0.4480000138282776,0.11249999701976776
YDR298C,YBR105C,0,-4.1719184,0.28462517261505127,0.4480000138282776,0.11259999871253967
YBR065C,YKR086W,1,-4.1724153,0.28507936000823975,0.4490000009536743,0.11259999871253967
YHL040C,YGL172W,0,-4.172684,0.2848984897136688,0.4490000009536743,0.11270000040531158
YIR005W,YKL018W,1,-4.1728,0.2853519320487976,0.44999998807907104,0.11270000040531158
YPR072W,YAL043C,1,-4.1728706,0.285804808139801,0.45100000500679016,0.11270000040531158
YLR116W,YNL282W,1,-4.1730275,0.2862571179866791,0.4519999921321869,0.11270000040531158
YOR103C,YCL063W,0,-4.173122,0.2860759496688843,0.4519999921321869,0.1128000020980835
YGL053W,YDL128W,0,-4.173659,0.2858949899673462,0.4519999921321869,0.11289999634027481
YKL208W,YKL139W,1,-4.173743,0.2863464057445526,0.453000009059906,0.11289999634027481
YKR002W,YOR148C,1,-4.1743007,0.2867972254753113,0.45399999618530273,0.11289999634027481
YNL118C,YML023C,0,-4.1748405,0.28661617636680603,0.45399999618530273,0.11299999803304672
YDL017W,YNL167C,0,-4.174925,0.2864353358745575,0.45399999618530273,0.11309999972581863
YBR068C,YGR010W,0,-4.175722,0.28625473380088806,0.45399999618530273,0.11320000141859055
YNL061W,YMR183C,0,-4.176002,0.28607434034347534,0.45399999618530273,0.11330000311136246
YJR139C,YDR328C,0,-4.1760993,0.2858942151069641,0.45399999618530273,0.11339999735355377
YOR179C,YOR064C,0,-4.1774874,0.2857142984867096,0.45399999618530273,0.11349999904632568
YNL068C,YER169W,0,-4.1778965,0.2855345904827118,0.45399999618530273,0.1136000007390976
YJL111W,YNL230C,0,-4.179186,0.2853551208972931,0.45399999618530273,0.1137000024318695
YNL323W,YPR046W,0,-4.1792626,0.2851758897304535,0.45399999618530273,0.11379999667406082
YBL016W,YMR263W,0,-4.180409,0.2849968671798706,0.45399999618530273,0.11389999836683273
YBR185C,YGR222W,0,-4.1806474,0.28481805324554443,0.45399999618530273,0.11400000005960464
YPR025C,YEL051W,0,-4.181598,0.28463950753211975,0.45399999618530273,0.11410000175237656
YOL130W,YLR332W,0,-4.1819153,0.2844611406326294,0.45399999618530273,0.11420000344514847
YIL142W,YMR153W,0,-4.1819863,0.2842830419540405,0.45399999618530273,0.11429999768733978
YIR022W,YJL139C,0,-4.1822014,0.284105122089386,0.45399999618530273,0.1143999993801117
YPL021W,YDR142C,0,-4.1822214,0.28392744064331055,0.45399999618530273,0.1145000010728836
YCR028C,YBL061C,0,-4.18238,0.2837499976158142,0.45399999618530273,0.11460000276565552
YPL118W,YCL063W,0,-4.183778,0.2835727632045746,0.45399999618530273,0.11469999700784683
YFL036W,YML015C,0,-4.1840672,0.28339576721191406,0.45399999618530273,0.11479999870061874
YGL195W,YLR166C,0,-4.1844645,0.28321895003318787,0.45399999618530273,0.11490000039339066
YKL025C,YIL061C,1,-4.1845016,0.28366583585739136,0.45500001311302185,0.11490000039339066
YJL203W,YKL095W,1,-4.185857,0.2841121554374695,0.4560000002384186,0.11490000039339066
YKR095W,YOR212W,0,-4.186491,0.2839352488517761,0.4560000002384186,0.11500000208616257
YGL151W,YER075C,0,-4.1866927,0.2837585508823395,0.4560000002384186,0.11509999632835388
YBR155W,YNL136W,0,-4.187016,0.28358209133148193,0.4560000002384186,0.1151999980211258
YPR134W,YMR091C,0,-4.187814,0.2834058403968811,0.4560000002384186,0.1152999997138977
YMR153W,YDL235C,0,-4.1884384,0.2832298278808594,0.4560000002384186,0.11540000140666962
YNR010W,YCL004W,0,-4.1893744,0.283053994178772,0.4560000002384186,0.11550000309944153
YLR110C,YFL021W,0,-4.1895432,0.28287839889526367,0.4560000002384186,0.11559999734163284
YJL145W,YGR024C,0,-4.1897054,0.2827030420303345,0.4560000002384186,0.11569999903440475
YDL087C,YAL032C,1,-4.190139,0.2831474542617798,0.4569999873638153,0.11569999903440475
YDR320C-A,YKL150W,0,-4.1907883,0.282972127199173,0.4569999873638153,0.11580000072717667
YLR026C,YIL022W,0,-4.1915627,0.28279703855514526,0.4569999873638153,0.11590000241994858
YPR070W,YDR398W,0,-4.191751,0.2826221287250519,0.4569999873638153,0.11599999666213989
YNR026C,YBL061C,0,-4.192508,0.2824474573135376,0.4569999873638153,0.1160999983549118
YER179W,YPL021W,0,-4.1927314,0.28227299451828003,0.4569999873638153,0.11620000004768372
YNL323W,YGL143C,0,-4.1939063,0.28209877014160156,0.4569999873638153,0.11630000174045563
YPL258C,YOL105C,0,-4.1944985,0.2819247245788574,0.4569999873638153,0.11640000343322754
YLR193C,YIL056W,0,-4.1945105,0.2817509174346924,0.4569999873638153,0.11649999767541885
YJL194W,YDL200C,0,-4.1949086,0.28157731890678406,0.4569999873638153,0.11659999936819077
YNL210W,YOR159C,1,-4.195289,0.282019704580307,0.4580000042915344,0.11659999936819077
YJL165C,YKL055C,0,-4.197417,0.28184616565704346,0.4580000042915344,0.11670000106096268
YOL009C,YNL074C,0,-4.1977715,0.28167280554771423,0.4580000042915344,0.11680000275373459
YFL009W,YIL118W,0,-4.197802,0.2814996838569641,0.4580000042915344,0.1168999969959259
YBR211C,YBR160W,0,-4.1978383,0.2813267707824707,0.4580000042915344,0.11699999868869781
YMR301C,YHR119W,0,-4.198519,0.2811540961265564,0.4580000042915344,0.11710000038146973
YNL304W,YIL080W,0,-4.1991496,0.2809816002845764,0.4580000042915344,0.11720000207424164
YNL136W,YER169W,0,-4.1998644,0.28080931305885315,0.4580000042915344,0.11729999631643295
YDR163W,YLR424W,1,-4.199986,0.28125,0.45899999141693115,0.11729999631643295
YOL108C,YHR006W,0,-4.201282,0.2810777723789215,0.45899999141693115,0.11739999800920486
YFL011W,YKL086W,0,-4.2038145,0.28090575337409973,0.45899999141693115,0.11749999970197678
YDR205W,YDR081C,0,-4.204898,0.28073394298553467,0.45899999141693115,0.11760000139474869
YCL016C,YOL038W,0,-4.204954,0.2805623412132263,0.45899999141693115,0.1177000030875206
YML049C,YFR005C,1,-4.2059417,0.28100183606147766,0.46000000834465027,0.1177000030875206
YDR231C,YBR037C,0,-4.2061477,0.2808302938938141,0.46000000834465027,0.11779999732971191
YKR086W,YDR195W,1,-4.20866,0.2812690734863281,0.460999995470047,0.11779999732971191
YPR052C,YCL005W-A,0,-4.2089357,0.28109756112098694,0.460999995470047,0.11789999902248383
YGR097W,YOL142W,0,-4.209033,0.28092625737190247,0.460999995470047,0.11800000071525574
YFL023W,YOR160W,0,-4.209149,0.2807551622390747,0.460999995470047,0.11810000240802765
YCL027W,YHR005C,0,-4.209846,0.28058430552482605,0.460999995470047,0.11819999665021896
YHR061C,YAL009W,0,-4.2103696,0.2804136276245117,0.460999995470047,0.11829999834299088
YDL013W,YKL122C,0,-4.210393,0.2802431583404541,0.460999995470047,0.11840000003576279
YOR123C,YMR021C,0,-4.210585,0.2800728976726532,0.460999995470047,0.1185000017285347
YBR152W,YLR277C,1,-4.2109585,0.2805100083351135,0.4620000123977661,0.1185000017285347
YGR003W,YOL121C,0,-4.2116203,0.2803398072719574,0.4620000123977661,0.11860000342130661
YMR021C,YOR149C,0,-4.212658,0.2801697850227356,0.4620000123977661,0.11869999766349792
YCR028C,YHR150W,0,-4.2127523,0.2800000011920929,0.4620000123977661,0.11879999935626984
YJL006C,YGL004C,0,-4.212866,0.2798303961753845,0.4620000123977661,0.11890000104904175
YLR068W,YNL164C,0,-4.21317,0.27966102957725525,0.4620000123977661,0.11900000274181366
YOR349W,YPL242C,0,-4.2132483,0.2794918417930603,0.4620000123977661,0.11909999698400497
YDR320C-A,YCR072C,0,-4.2138243,0.27932286262512207,0.4620000123977661,0.11919999867677689
YPR094W,YGR129W,1,-4.215082,0.2797583043575287,0.46299999952316284,0.11919999867677689
YHR124W,YDL042C,0,-4.215256,0.27958938479423523,0.46299999952316284,0.1193000003695488
YDL008W,YCR044C,0,-4.2156906,0.2794206440448761,0.46299999952316284,0.11940000206232071
YPL269W,YHR119W,0,-4.2158403,0.2792521119117737,0.46299999952316284,0.11949999630451202
YLR026C,YOL031C,0,-4.215971,0.279083788394928,0.46299999952316284,0.11959999799728394
YDR181C,YDL235C,0,-4.216614,0.278915673494339,0.46299999952316284,0.11969999969005585
YJR076C,YNL136W,0,-4.216669,0.2787477374076843,0.46299999952316284,0.11980000138282776
YPR082C,YLR424W,1,-4.2168064,0.27918171882629395,0.46399998664855957,0.11980000138282776
YJL111W,YFL013C,0,-4.216891,0.27901384234428406,0.46399998664855957,0.11990000307559967
YLR394W,YOR307C,0,-4.2169075,0.2788461446762085,0.46399998664855957,0.11999999731779099
YBR038W,YHR039C,0,-4.2177687,0.27867868542671204,0.46399998664855957,0.1200999990105629
YMR001C,YKL122C,0,-4.217831,0.2785114049911499,0.46399998664855957,0.12020000070333481
YPR094W,YDR478W,1,-4.2192554,0.2789442241191864,0.4650000035762787,0.12020000070333481
YLR081W,YLL019C,0,-4.2198772,0.27877697348594666,0.4650000035762787,0.12030000239610672
YDR386W,YHR034C,0,-4.220418,0.2786099314689636,0.4650000035762787,0.12039999663829803
YLR147C,YBR152W,1,-4.2208843,0.27904191613197327,0.4659999907016754,0.12039999663829803
YCL016C,YLR268W,0,-4.2215276,0.278874933719635,0.4659999907016754,0.12049999833106995
YLL011W,YMR183C,0,-4.2228355,0.2787081301212311,0.4659999907016754,0.12060000002384186
YNL014W,YML039W,0,-4.2238646,0.27854153513908386,0.4659999907016754,0.12070000171661377
YGL124C,YPL258C,0,-4.224667,0.27837514877319336,0.4659999907016754,0.12080000340938568
YMR203W,YDL128W,0,-4.2249,0.2782089412212372,0.4659999907016754,0.120899997651577
YDR208W,YIL084C,0,-4.224954,0.2780429720878601,0.4659999907016754,0.12099999934434891
YBR145W,YGL178W,0,-4.225148,0.27787715196609497,0.4659999907016754,0.12110000103712082
YMR266W,YIL129C,0,-4.2258816,0.27771157026290894,0.4659999907016754,0.12120000272989273
YGL124C,YMR263W,0,-4.2261024,0.2775461673736572,0.4659999907016754,0.12129999697208405
YFL025C,YOL069W,0,-4.226189,0.27738094329833984,0.4659999907016754,0.12139999866485596
YER088C,YMR298W,0,-4.2264805,0.27721595764160156,0.4659999907016754,0.12150000035762787
YPR001W,YOL156W,0,-4.227861,0.2770511209964752,0.4659999907016754,0.12160000205039978
YPR082C,YDL087C,1,-4.227899,0.27748069167137146,0.46700000762939453,0.12160000205039978
YBR258C,YLR193C,0,-4.2282124,0.2773159146308899,0.46700000762939453,0.1216999962925911
YIL061C,YLR424W,1,-4.228753,0.2777447998523712,0.46799999475479126,0.1216999962925911
YPR072W,YDR195W,1,-4.229954,0.27817317843437195,0.4690000116825104,0.1216999962925911
YBR218C,YDR388W,0,-4.2299957,0.2780083119869232,0.4690000116825104,0.121799997985363
YMR052W,YML033W,0,-4.231939,0.2778435945510864,0.4690000116825104,0.12189999967813492
YJL010C,YDR131C,0,-4.23363,0.27767908573150635,0.4690000116825104,0.12200000137090683
YGL155W,YMR026C,0,-4.233752,0.277514785528183,0.4690000116825104,0.12210000306367874
YMR216C,YGR129W,1,-4.2338705,0.277942031621933,0.4699999988079071,0.12210000306367874
YJL148W,YIL080W,0,-4.234253,0.2777777910232544,0.4699999988079071,0.12219999730587006
YNL164C,YER075C,0,-4.2355595,0.27761369943618774,0.4699999988079071,0.12229999899864197
YOR034C,YOR088W,0,-4.2369037,0.2774498164653778,0.4699999988079071,0.12240000069141388
YJL006C,YMR214W,0,-4.23696,0.2772861421108246,0.4699999988079071,0.12250000238418579
YDL175C,YFL048C,0,-4.237031,0.2771226465702057,0.4699999988079071,0.1225999966263771
YIL131C,YFR031C,0,-4.237324,0.2769593298435211,0.4699999988079071,0.12269999831914902
YPR082C,YJR093C,1,-4.238001,0.2773851454257965,0.47099998593330383,0.12269999831914902
YNL312W,YBR258C,0,-4.2385077,0.2772218883037567,0.47099998593330383,0.12280000001192093
YLR011W,YDR075W,0,-4.238519,0.27705880999565125,0.47099998593330383,0.12290000170469284
YPL153C,YGL004C,0,-4.2387867,0.2768959403038025,0.47099998593330383,0.12300000339746475
YGR014W,YOL105C,0,-4.239447,0.27673324942588806,0.47099998593330383,0.12309999763965607
YDR058C,YNL088W,0,-4.2396607,0.27657076716423035,0.47099998593330383,0.12319999933242798
YKL011C,YML015C,0,-4.2416463,0.27640846371650696,0.47099998593330383,0.12330000102519989
YOL113W,YCL008C,0,-4.241667,0.2762463390827179,0.47099998593330383,0.1234000027179718
YPR182W,YKL018W,1,-4.2424297,0.27667057514190674,0.47200000286102295,0.1234000027179718
YNL147W,YDL098C,1,-4.2427187,0.277094304561615,0.4729999899864197,0.1234000027179718
YOL108C,YLR193C,0,-4.2430634,0.27693209052085876,0.4729999899864197,0.12349999696016312
YEL051W,YML131W,0,-4.2444053,0.27677005529403687,0.4729999899864197,0.12359999865293503
YML055W,YCR061W,0,-4.245135,0.2766081988811493,0.4729999899864197,0.12370000034570694
YLR068W,YBL061C,0,-4.2466993,0.27644652128219604,0.4729999899864197,0.12380000203847885
YBR267W,YDR372C,0,-4.2471595,0.2762850522994995,0.4729999899864197,0.12389999628067017
YNL148C,YPL060W,0,-4.2490435,0.2761237621307373,0.4729999899864197,0.12399999797344208
YDL013W,YDL138W,0,-4.2495527,0.2759626507759094,0.4729999899864197,0.12409999966621399
YKL208W,YIL061C,1,-4.2499204,0.2763848304748535,0.4740000069141388,0.12409999966621399
YNL008C,YJL207C,0,-4.2502537,0.2762237787246704,0.4740000069141388,0.1242000013589859
YLR008C,YOL142W,0,-4.250999,0.27606290578842163,0.4740000069141388,0.12430000305175781
YGL122C,YDL098C,1,-4.2514606,0.27648428082466125,0.4749999940395355,0.12430000305175781
YDR331W,YFL004W,0,-4.252471,0.27632343769073486,0.4749999940395355,0.12439999729394913
YBL047C,YHR023W,0,-4.253357,0.2761628031730652,0.4749999940395355,0.12449999898672104
YOL077W-A,YNL131W,0,-4.2534547,0.27600231766700745,0.4749999940395355,0.12460000067949295
YGL175C,YPL163C,0,-4.2537265,0.2758420407772064,0.4749999940395355,0.12470000237226486
YOR079C,YKR007W,0,-4.254093,0.2756819427013397,0.4749999940395355,0.12479999661445618
YBR129C,YBR049C,0,-4.2555475,0.27552205324172974,0.4749999940395355,0.12489999830722809
YDR460W,YLR417W,0,-4.255659,0.2753623127937317,0.4749999940395355,0.125
YBR038W,YHR138C,0,-4.256203,0.27520278096199036,0.4749999940395355,0.1251000016927719
YOL063C,YPR086W,0,-4.2564745,0.27504342794418335,0.4749999940395355,0.12520000338554382
YKR002W,YGR129W,1,-4.257005,0.27546295523643494,0.47600001096725464,0.12520000338554382
YPR094W,YDL098C,1,-4.257349,0.2758820056915283,0.47699999809265137,0.12520000338554382
YJL006C,YER031C,0,-4.257761,0.27572253346443176,0.47699999809265137,0.12530000507831573
YKR008W,YLR010C,0,-4.2577643,0.2755632698535919,0.47699999809265137,0.12540000677108765
YKL197C,YIR015W,0,-4.2583637,0.275404155254364,0.47699999809265137,0.12549999356269836
YOR319W,YDL098C,1,-4.2584724,0.2758222818374634,0.4779999852180481,0.12549999356269836
YDL080C,YLR262C,0,-4.2585425,0.27566319704055786,0.4779999852180481,0.12559999525547028
YLR425W,YOL105C,0,-4.2585554,0.27550432085990906,0.4779999852180481,0.1256999969482422
YGL073W,YOR106W,0,-4.2586193,0.2753456234931946,0.4779999852180481,0.1257999986410141
YMR029C,YIL063C,0,-4.2590156,0.27518710494041443,0.4779999852180481,0.125900000333786
YOL108C,YDR515W,0,-4.259069,0.2750287652015686,0.4779999852180481,0.12600000202655792
YMR301C,YGL247W,0,-4.259535,0.2748706042766571,0.4779999852180481,0.12610000371932983
YNL039W,YNL084C,0,-4.2595754,0.2747126519680023,0.4779999852180481,0.12620000541210175
YMR109W,YCR053W,0,-4.260805,0.2745548486709595,0.4779999852180481,0.12630000710487366
YAL009W,YGR024C,0,-4.2611732,0.27439725399017334,0.4779999852180481,0.12639999389648438
YNL270C,YAR008W,0,-4.263509,0.27423980832099915,0.4779999852180481,0.1264999955892563
YDR195W,YMR216C,1,-4.263588,0.2746559679508209,0.4790000021457672,0.1264999955892563
YER114C,YDR372C,0,-4.264304,0.2744985818862915,0.4790000021457672,0.1265999972820282
YCL014W,YDR310C,0,-4.264769,0.274341344833374,0.4790000021457672,0.1266999989748001
YGL016W,YBR129C,0,-4.265402,0.27418431639671326,0.4790000021457672,0.12680000066757202
YNR010W,YPL043W,0,-4.2659044,0.2740274667739868,0.4790000021457672,0.12690000236034393
YOR160W,YLR425W,0,-4.2661448,0.2738707959651947,0.4790000021457672,0.12700000405311584
YDL045C,YNL149C,0,-4.2667503,0.2737142741680145,0.4790000021457672,0.12710000574588776
YER008C,YIL008W,0,-4.267062,0.27355796098709106,0.4790000021457672,0.12720000743865967
YBR160W,YFR030W,0,-4.267416,0.27340182662010193,0.4790000021457672,0.12729999423027039
YDR398W,YLL056C,0,-4.2680507,0.2732458710670471,0.4790000021457672,0.1273999959230423
YDL197C,YBR089C-A,0,-4.268427,0.27309009432792664,0.4790000021457672,0.1274999976158142
YPL188W,YHR006W,0,-4.268815,0.2729344666004181,0.4790000021457672,0.12759999930858612
YBR065C,YKR002W,1,-4.2689676,0.27334851026535034,0.47999998927116394,0.12759999930858612
YNL074C,YLR193C,0,-4.269673,0.2731929421424866,0.47999998927116394,0.12770000100135803
YDR524C,YER008C,0,-4.269833,0.27303755283355713,0.47999998927116394,0.12780000269412994
YJR076C,YDR208W,0,-4.2700934,0.2728823125362396,0.47999998927116394,0.12790000438690186
YDL087C,YOR148C,1,-4.2708535,0.27329546213150024,0.48100000619888306,0.12790000438690186
YNL288W,YGR033C,0,-4.2708564,0.2731402516365051,0.48100000619888306,0.12800000607967377
YDL232W,YML015C,0,-4.271865,0.2729852497577667,0.48100000619888306,0.12809999287128448
YKL208W,YDL098C,1,-4.2732334,0.27339762449264526,0.4819999933242798,0.12809999287128448
YDL014W,YDL080C,0,-4.2738333,0.27324262261390686,0.4819999933242798,0.1281999945640564
YDR308C,YDR485C,0,-4.2740903,0.27308782935142517,0.4819999933242798,0.1282999962568283
YGL092W,YER072W,0,-4.274863,0.2729331851005554,0.4819999933242798,0.12839999794960022
YDR397C,YDR189W,0,-4.2753563,0.27277871966362,0.4819999933242798,0.12849999964237213
YPR025C,YDL145C,0,-4.276271,0.2726244330406189,0.4819999933242798,0.12860000133514404
YOL077W-A,YOR230W,0,-4.276294,0.2724703252315521,0.4819999933242798,0.12870000302791595
YFR030W,YOL031C,0,-4.2773066,0.2723163962364197,0.4819999933242798,0.12880000472068787
YOR330C,YHR138C,0,-4.277481,0.27216261625289917,0.4819999933242798,0.12890000641345978
YBR159W,YPL224C,0,-4.277996,0.272009015083313,0.4819999933242798,0.1289999932050705
YGR258C,YMR183C,0,-4.278057,0.2718556225299835,0.4819999933242798,0.1290999948978424
YOL049W,YIL080W,0,-4.2785625,0.271702378988266,0.4819999933242798,0.12919999659061432
YNL136W,YDR081C,0,-4.278736,0.2715492844581604,0.4819999933242798,0.12929999828338623
YBR278W,YLR346C,0,-4.2802744,0.2713963985443115,0.4819999933242798,0.12939999997615814
YDR021W,YDL042C,0,-4.2816153,0.2712436616420746,0.4819999933242798,0.12950000166893005
YBR159W,YOL038W,0,-4.281818,0.271091103553772,0.4819999933242798,0.12960000336170197
YMR091C,YML114C,0,-4.281954,0.2709387242794037,0.4819999933242798,0.12970000505447388
YDR301W,YJR022W,1,-4.282484,0.27134832739830017,0.4830000102519989,0.12970000505447388
YGR010W,YML033W,0,-4.283862,0.2711959481239319,0.4830000102519989,0.1298000067472458
YDR320C-A,YOR330C,0,-4.284027,0.2710437774658203,0.4830000102519989,0.1298999935388565
YKR002W,YML049C,1,-4.284992,0.2714526057243347,0.48399999737739563,0.1298999935388565
YNL230C,YNL222W,0,-4.285303,0.27130043506622314,0.48399999737739563,0.12999999523162842
YHR116W,YHR001W-A,0,-4.2860613,0.2711484730243683,0.48399999737739563,0.13009999692440033
YMR073C,YML098W,0,-4.286866,0.270996630191803,0.48399999737739563,0.13019999861717224
YBL026W,YNL210W,1,-4.2873454,0.27140459418296814,0.48500001430511475,0.13019999861717224
YAL032C,YBR152W,1,-4.2877245,0.2718120813369751,0.4860000014305115,0.13019999861717224
YBR211C,YNL014W,0,-4.2882166,0.2716601490974426,0.4860000014305115,0.13030000030994415
YAL032C,YDR478W,1,-4.28891,0.27206704020500183,0.4869999885559082,0.13030000030994415
YKL139W,YKL095W,1,-4.2890053,0.2724734842777252,0.4880000054836273,0.13030000030994415
YPL101W,YPR188C,0,-4.289075,0.2723214328289032,0.4880000054836273,0.13040000200271606
YER075C,YPL235W,0,-4.2899036,0.2721695601940155,0.4880000054836273,0.13050000369548798
YNL118C,YPL269W,0,-4.2909718,0.27201783657073975,0.4880000054836273,0.1306000053882599
YDR163W,YFR005C,1,-4.2910643,0.2724233865737915,0.48899999260902405,0.1306000053882599
YOR171C,YIL022W,0,-4.2915683,0.2722717225551605,0.48899999260902405,0.1307000070810318
YFR028C,YCR028C,0,-4.293315,0.2721202075481415,0.48899999260902405,0.13079999387264252
YOR319W,YFL017W-A,1,-4.293317,0.27252504229545593,0.49000000953674316,0.13079999387264252
YJR093C,YML049C,1,-4.2937613,0.2729294002056122,0.4909999966621399,0.13079999387264252
YDR301W,YMR216C,1,-4.29404,0.273333340883255,0.492000013589859,0.13079999387264252
YEL027W,YDR310C,0,-4.2950287,0.2731815576553345,0.492000013589859,0.13089999556541443
YGL238W,YDR331W,0,-4.295251,0.27302995324134827,0.492000013589859,0.13099999725818634
YIL109C,YGR192C,0,-4.2960625,0.2728785276412964,0.492000013589859,0.13109999895095825
YDL175C,YJL076W,0,-4.2964735,0.27272728085517883,0.492000013589859,0.13120000064373016
YAL043C,YOR159C,1,-4.296631,0.2731302082538605,0.49300000071525574,0.13120000064373016
YPL101W,YBR058C-A,0,-4.296659,0.2729789614677429,0.49300000071525574,0.13130000233650208
YPL096C-A,YLR166C,0,-4.2967696,0.2728278934955597,0.49300000071525574,0.131400004029274
YGL178W,YPL188W,0,-4.297014,0.2726770043373108,0.49300000071525574,0.1315000057220459
YPR072W,YGR129W,1,-4.297228,0.2730790376663208,0.49399998784065247,0.1315000057220459
YGL122C,YPR182W,1,-4.2977695,0.2734806537628174,0.4950000047683716,0.1315000057220459
YJL165C,YER005W,0,-4.2984977,0.27332964539527893,0.4950000047683716,0.1316000074148178
YPR182W,YOR148C,1,-4.300058,0.27373069524765015,0.4959999918937683,0.1316000074148178
YDR163W,YJR022W,1,-4.3005857,0.27413126826286316,0.4970000088214874,0.1316000074148178
YDL013W,YJR028W,0,-4.30185,0.27398014068603516,0.4970000088214874,0.13169999420642853
YJL065C,YMR270C,0,-4.302046,0.2738291919231415,0.4970000088214874,0.13179999589920044
YPR070W,YLR262C,0,-4.3048034,0.27367842197418213,0.4970000088214874,0.13189999759197235
YOL121C,YLR166C,0,-4.3053102,0.2735278010368347,0.4970000088214874,0.13199999928474426
YKL112W,YCL032W,0,-4.3053923,0.27337732911109924,0.4970000088214874,0.13210000097751617
YEL062W,YOR088W,0,-4.3054414,0.2732270359992981,0.4970000088214874,0.13220000267028809
YFL009W,YMR270C,0,-4.305914,0.2730769217014313,0.4970000088214874,0.13230000436306
YLL019C,YDL138W,0,-4.307165,0.2729269564151764,0.4970000088214874,0.1324000060558319
YPR188C,YBR275C,0,-4.3072696,0.27277716994285583,0.4970000088214874,0.13249999284744263
YDL225W,YLR090W,0,-4.308188,0.2726275324821472,0.4970000088214874,0.13259999454021454
YNL014W,YOR171C,0,-4.308444,0.2724780738353729,0.4970000088214874,0.13269999623298645
YLR431C,YMR153W,0,-4.30916,0.27232876420021057,0.4970000088214874,0.13279999792575836
YBR210W,YDL006W,0,-4.309371,0.27217963337898254,0.4970000088214874,0.13289999961853027
YDR195W,YKL095W,1,-4.309407,0.27257800102233887,0.49799999594688416,0.13289999961853027
YML103C,YML033W,0,-4.310485,0.27242887020111084,0.49799999594688416,0.13300000131130219
YDR423C,YDL232W,0,-4.310811,0.2722799479961395,0.49799999594688416,0.1331000030040741
YLR263W,YER169W,0,-4.3113008,0.27213114500045776,0.49799999594688416,0.133200004696846
YGL151W,YNL186W,0,-4.3117104,0.2719825208187103,0.49799999594688416,0.13330000638961792
YJR092W,YBR077C,0,-4.3122597,0.2718340754508972,0.49799999594688416,0.13339999318122864
YFR031C,YIL063C,0,-4.3123302,0.27168574929237366,0.49799999594688416,0.13349999487400055
YLL018C-A,YDL128W,0,-4.3124866,0.2715376317501068,0.49799999594688416,0.13359999656677246
YDR181C,YGR285C,0,-4.3137317,0.2713896334171295,0.49799999594688416,0.13369999825954437
YAL022C,YER089C,0,-4.3137527,0.27124184370040894,0.49799999594688416,0.13379999995231628
YER035W,YOL009C,0,-4.3142476,0.2710941731929779,0.49799999594688416,0.1339000016450882
YOL066C,YIR018W,0,-4.3143926,0.2709466814994812,0.49799999594688416,0.1340000033378601
YHR119W,YML097C,0,-4.3147926,0.27079933881759644,0.49799999594688416,0.13410000503063202
YBR073W,YLR034C,0,-4.3148766,0.270652174949646,0.49799999594688416,0.13420000672340393
YJR083C,YNL030W,0,-4.315415,0.2705051600933075,0.49799999594688416,0.13429999351501465
YDR478W,YBR152W,1,-4.3156414,0.2709012031555176,0.49900001287460327,0.13429999351501465
YOR123C,YML014W,0,-4.316707,0.27075421810150146,0.49900001287460327,0.13439999520778656
YPL190C,YLR195C,0,-4.3170667,0.2706073820590973,0.49900001287460327,0.13449999690055847
YOR346W,YIR022W,0,-4.317982,0.27046069502830505,0.49900001287460327,0.13459999859333038
YFR034C,YMR283C,0,-4.3182163,0.27031418681144714,0.49900001287460327,0.1347000002861023
YKL025C,YFL017W-A,1,-4.3187833,0.27070924639701843,0.5,0.1347000002861023
YML129C,YLR425W,0,-4.32031,0.2705627679824829,0.5,0.1348000019788742
YGR230W,YML093W,0,-4.3206987,0.2704164385795593,0.5,0.13490000367164612
YLR263W,YIL109C,0,-4.320979,0.2702702581882477,0.5,0.13500000536441803
YIR005W,YLR424W,1,-4.321614,0.2706645131111145,0.5009999871253967,0.13500000536441803
YDR191W,YCR042C,0,-4.3216176,0.27051836252212524,0.5009999871253967,0.13510000705718994
YLR147C,YKL095W,1,-4.323478,0.2709120213985443,0.5019999742507935,0.13510000705718994
YLL019C,YML062C,0,-4.323501,0.27076590061187744,0.5019999742507935,0.13519999384880066
YGR097W,YCL032W,0,-4.324152,0.2706199586391449,0.5019999742507935,0.13529999554157257
YBR065C,YKL095W,1,-4.3243785,0.27101293206214905,0.503000020980835,0.13529999554157257
YKR095W,YHR034C,0,-4.32448,0.2708669900894165,0.503000020980835,0.13539999723434448
YOL063C,YCR044C,0,-4.3255987,0.2707211971282959,0.503000020980835,0.1354999989271164
YMR216C,YDL098C,1,-4.325854,0.2711135149002075,0.5040000081062317,0.1354999989271164
YNL020C,YMR270C,0,-4.3261514,0.2709677517414093,0.5040000081062317,0.1356000006198883
YOR123C,YOR172W,0,-4.32703,0.270822137594223,0.5040000081062317,0.13570000231266022
YOL043C,YER075C,0,-4.327504,0.27067670226097107,0.5040000081062317,0.13580000400543213
YNL053W,YMR013C,0,-4.3275557,0.27053138613700867,0.5040000081062317,0.13590000569820404
YOR031W,YML062C,0,-4.328362,0.270386278629303,0.5040000081062317,0.13600000739097595
YPL151C,YKL095W,1,-4.3289156,0.27077749371528625,0.5049999952316284,0.13600000739097595
YOR349W,YGL124C,0,-4.3290153,0.2706323564052582,0.5049999952316284,0.13609999418258667
YDR423C,YOR171C,0,-4.329879,0.2704874277114868,0.5049999952316284,0.13619999587535858
YIR005W,YOR159C,1,-4.3315344,0.2708779573440552,0.5059999823570251,0.13619999587535858
YBR002C,YER169W,0,-4.331896,0.2707329988479614,0.5059999823570251,0.1362999975681305
YOR260W,YPR181C,0,-4.3335223,0.2705882489681244,0.5059999823570251,0.1363999992609024
YPR082C,YJR017C,1,-4.3350706,0.27097809314727783,0.5070000290870667,0.1363999992609024
YOR349W,YGL092W,0,-4.335899,0.2708333432674408,0.5070000290870667,0.13650000095367432
YDR142C,YDL225W,0,-4.3367195,0.2706887423992157,0.5070000290870667,0.13660000264644623
YMR069W,YJR010C-A,0,-4.3369155,0.27054429054260254,0.5070000290870667,0.13670000433921814
YCL016C,YLR329W,0,-4.337286,0.2703999876976013,0.5070000290870667,0.13680000603199005
YGR218W,YGL151W,0,-4.337477,0.2702558636665344,0.5070000290870667,0.13689999282360077
YGR097W,YLR007W,0,-4.3376055,0.27011188864707947,0.5070000290870667,0.13699999451637268
YLR215C,YLR384C,0,-4.337855,0.26996806263923645,0.5070000290870667,0.1370999962091446
YER164W,YOL133W,0,-4.338071,0.26982438564300537,0.5070000290870667,0.1371999979019165
YFR024C,YCR009C,0,-4.3396626,0.26968085765838623,0.5070000290870667,0.13729999959468842
YMR138W,YDR397C,0,-4.3396635,0.26953747868537903,0.5070000290870667,0.13740000128746033
YJR017C,YFL017W-A,1,-4.33993,0.26992562413215637,0.5080000162124634,0.13740000128746033
YGL073W,YPL060W,0,-4.340505,0.26978227496147156,0.5080000162124634,0.13750000298023224
YLR268W,YDL080C,0,-4.3405137,0.2696390748023987,0.5080000162124634,0.13760000467300415
YKR086W,YOR148C,1,-4.340625,0.2700265347957611,0.5090000033378601,0.13760000467300415
YKR095W,YHR163W,0,-4.34125,0.2698833644390106,0.5090000033378601,0.13770000636577606
YDR480W,YJL072C,0,-4.342266,0.26974034309387207,0.5090000033378601,0.13779999315738678
YCL016C,YNL088W,0,-4.342839,0.26959747076034546,0.5090000033378601,0.1378999948501587
YDR205W,YKL122C,0,-4.343723,0.2694547474384308,0.5090000033378601,0.1379999965429306
YLR116W,YJL203W,1,-4.3437676,0.2698412835597992,0.5099999904632568,0.1379999965429306
YMR012W,YBR127C,0,-4.3441515,0.2696985602378845,0.5099999904632568,0.13809999823570251
YHR193C,YHR200W,0,-4.345715,0.2695560157299042,0.5099999904632568,0.13819999992847443
YER075C,YGR181W,0,-4.349288,0.26941362023353577,0.5099999904632568,0.13830000162124634
YKL139W,YDR163W,1,-4.3494306,0.2697993516921997,0.5109999775886536,0.13830000162124634
YGR230W,YGR181W,0,-4.3497343,0.2696569859981537,0.5109999775886536,0.13840000331401825
YGR177C,YCL075W,0,-4.350019,0.2695147693157196,0.5109999775886536,0.13850000500679016
YOL001W,YIL084C,0,-4.35098,0.26937270164489746,0.5109999775886536,0.13860000669956207
YGR227W,YPL060W,0,-4.35099,0.26923078298568726,0.5109999775886536,0.1386999934911728
YLR078C,YBR160W,0,-4.3510723,0.2690889835357666,0.5109999775886536,0.1387999951839447
YDR098C,YLR384C,0,-4.351332,0.2689473628997803,0.5109999775886536,0.1388999968767166
YDL175C,YML093W,0,-4.3520474,0.2688058912754059,0.5109999775886536,0.13899999856948853
YBR233W-A,YHR005C,0,-4.3528404,0.26866456866264343,0.5109999775886536,0.13910000026226044
YGL065C,YNL149C,0,-4.353002,0.2685233950614929,0.5109999775886536,0.13920000195503235
YEL062W,YNL222W,0,-4.353185,0.26838234066963196,0.5109999775886536,0.13930000364780426
YMR232W,YBR258C,0,-4.3536296,0.2682414650917053,0.5109999775886536,0.13940000534057617
YGL035C,YDR460W,0,-4.354013,0.2681007385253906,0.5109999775886536,0.13950000703334808
YOR330C,YOL031C,0,-4.3543286,0.26796016097068787,0.5109999775886536,0.1395999938249588
YML113W,YPL101W,0,-4.355256,0.26781970262527466,0.5109999775886536,0.1396999955177307
YLR066W,YOL105C,0,-4.355526,0.2676794230937958,0.5109999775886536,0.13979999721050262
YDL117W,YJR102C,0,-4.356626,0.26753926277160645,0.5109999775886536,0.13989999890327454
YPR082C,YER068W,1,-4.357178,0.2679225504398346,0.5120000243186951,0.13989999890327454
YOL133W,YBR159W,0,-4.357563,0.26778241991996765,0.5120000243186951,0.14000000059604645
YDR301W,YPR082C,1,-4.358654,0.2681651711463928,0.5130000114440918,0.14000000059604645
YBR107C,YKR007W,0,-4.3586874,0.26802507042884827,0.5130000114440918,0.14010000228881836
YNL074C,YLR195C,0,-4.358702,0.26788511872291565,0.5130000114440918,0.14020000398159027
YIR022W,YDR308C,0,-4.358871,0.26774531602859497,0.5130000114440918,0.14030000567436218
YAL043C,YLR424W,1,-4.3592315,0.26812729239463806,0.5139999985694885,0.14030000567436218
YNR006W,YNL154C,0,-4.359725,0.2679874897003174,0.5139999985694885,0.1404000073671341
YBR039W,YDR013W,0,-4.3608685,0.26784783601760864,0.5139999985694885,0.1404999941587448
YML129C,YLR010C,0,-4.3611646,0.26770833134651184,0.5139999985694885,0.14059999585151672
YKR002W,YIL061C,1,-4.3612947,0.26808953285217285,0.5149999856948853,0.14059999585151672
YGR262C,YJR092W,0,-4.3618517,0.26795005798339844,0.5149999856948853,0.14069999754428864
YKR086W,YDL098C,1,-4.3619065,0.26833072304725647,0.515999972820282,0.14069999754428864
YNL282W,YKR086W,1,-4.362463,0.26871103048324585,0.5170000195503235,0.14069999754428864
YGR230W,YMR162C,0,-4.362559,0.2685714364051819,0.5170000195503235,0.14079999923706055
YPR046W,YML092C,0,-4.3631988,0.26843199133872986,0.5170000195503235,0.14090000092983246
YGR224W,YNR023W,0,-4.36389,0.26829269528388977,0.5170000195503235,0.14100000262260437
YOR210W,YMR214W,0,-4.364443,0.26815351843833923,0.5170000195503235,0.14110000431537628
YMR162C,YDR142C,0,-4.364523,0.268014520406723,0.5170000195503235,0.1412000060081482
YDR013W,YBR273C,0,-4.366566,0.26787564158439636,0.5170000195503235,0.1412999927997589
YGL092W,YNL167C,0,-4.367202,0.26773691177368164,0.5170000195503235,0.14139999449253082
YHR006W,YIL129C,0,-4.3686433,0.26759833097457886,0.5170000195503235,0.14149999618530273
YLR329W,YDR308C,0,-4.3687067,0.267459899187088,0.5170000195503235,0.14159999787807465
YGL195W,YJR140C,0,-4.368779,0.2673216164112091,0.5170000195503235,0.14169999957084656
YML055W,YDL217C,0,-4.369276,0.26718345284461975,0.5170000195503235,0.14180000126361847
YMR073C,YHR041C,0,-4.3693438,0.2670454680919647,0.5170000195503235,0.14190000295639038
YPL096C-A,YPL033C,0,-4.369434,0.26690760254859924,0.5170000195503235,0.1420000046491623
YOR002W,YNL280C,0,-4.369816,0.2667698562145233,0.5170000195503235,0.1421000063419342
YGR262C,YKL042W,0,-4.3707104,0.2666322886943817,0.5170000195503235,0.14219999313354492
YLR011W,YMR106C,0,-4.37298,0.26649484038352966,0.5170000195503235,0.14229999482631683
YML062C,YDR165W,0,-4.373293,0.26635754108428955,0.5170000195503235,0.14239999651908875
YDR195W,YPR182W,1,-4.37341,0.266735315322876,0.5180000066757202,0.14239999651908875
YNL027W,YPL239W,0,-4.3737373,0.26659804582595825,0.5180000066757202,0.14249999821186066
YJR140C,YMR225C,0,-4.3739495,0.2664608955383301,0.5180000066757202,0.14259999990463257
YNR026C,YPR032W,0,-4.3744774,0.26632389426231384,0.5180000066757202,0.14270000159740448
YDL087C,YPR072W,1,-4.3754873,0.2667009234428406,0.5189999938011169,0.14270000159740448
YPL010W,YOR087W,0,-4.3763866,0.26656395196914673,0.5189999938011169,0.1428000032901764
YFR028C,YDL006W,0,-4.3781753,0.26642709970474243,0.5189999938011169,0.1429000049829483
YFR034C,YDL170W,0,-4.378546,0.2662903964519501,0.5189999938011169,0.14300000667572021
YFR005C,YKL018W,1,-4.3788295,0.2666666805744171,0.5199999809265137,0.14300000667572021
YPR200C,YMR138W,0,-4.379058,0.26652997732162476,0.5199999809265137,0.14309999346733093
YEL037C,YKR079C,0,-4.379218,0.2663934528827667,0.5199999809265137,0.14319999516010284
YFL013C,YAR008W,0,-4.3796353,0.26625704765319824,0.5199999809265137,0.14329999685287476
YFR030W,YPL106C,0,-4.3798046,0.2661207914352417,0.5199999809265137,0.14339999854564667
YJR017C,YLR116W,1,-4.3799763,0.2664961516857147,0.5210000276565552,0.14339999854564667
YHR175W,YJL010C,0,-4.380272,0.26635992527008057,0.5210000276565552,0.14350000023841858
YOR159C,YLR424W,1,-4.380311,0.2667348086833954,0.5220000147819519,0.14350000023841858
YGR262C,YKL122C,0,-4.380326,0.26659858226776123,0.5220000147819519,0.1436000019311905
YIR005W,YFR005C,1,-4.380412,0.26697295904159546,0.5230000019073486,0.1436000019311905
YBL009W,YPR020W,0,-4.381227,0.2668367326259613,0.5230000019073486,0.1437000036239624
YER068W,YIL061C,1,-4.382474,0.26721060276031494,0.5239999890327454,0.1437000036239624
YDR163W,YGR129W,1,-4.382483,0.26758408546447754,0.5249999761581421,0.1437000036239624
YGL238W,YJL148W,0,-4.3830686,0.2674477696418762,0.5249999761581421,0.14380000531673431
YOR171C,YDR325W,0,-4.3833814,0.26731160283088684,0.5249999761581421,0.14390000700950623
YJR092W,YJR086W,0,-4.3850565,0.2671755850315094,0.5249999761581421,0.14399999380111694
YCL014W,YHR167W,0,-4.385228,0.2670396864414215,0.5249999761581421,0.14409999549388885
YDR379W,YLR026C,0,-4.385559,0.26690390706062317,0.5249999761581421,0.14419999718666077
YDR320C-A,YDR345C,0,-4.385866,0.26676830649375916,0.5249999761581421,0.14429999887943268
YOL077W-A,YGR059W,0,-4.3862653,0.2666327953338623,0.5249999761581421,0.1444000005722046
YML032C,YKL088W,0,-4.386794,0.2664974629878998,0.5249999761581421,0.1445000022649765
YOR249C,YLR135W,0,-4.3880744,0.2663622498512268,0.5249999761581421,0.1446000039577484
YJL065C,YLR025W,0,-4.388407,0.26622718572616577,0.5249999761581421,0.14470000565052032
YMR109W,YML033W,0,-4.3888073,0.2660922408103943,0.5249999761581421,0.14480000734329224
YBL026W,YBR152W,1,-4.390919,0.2664640247821808,0.5260000228881836,0.14480000734329224
YJR022W,YAL043C,1,-4.392539,0.26683545112609863,0.5270000100135803,0.14480000734329224
YBR010W,YDR372C,0,-4.392866,0.26670041680336,0.5270000100135803,0.14489999413490295
YKL197C,YCR009C,0,-4.3931484,0.2665655016899109,0.5270000100135803,0.14499999582767487
YER142C,YPR086W,0,-4.3933063,0.26643073558807373,0.5270000100135803,0.14509999752044678
YFL017W-A,YLR424W,1,-4.3937025,0.2668014168739319,0.527999997138977,0.14509999752044678
YIL159W,YIL008W,0,-4.3945394,0.2666666805744171,0.527999997138977,0.1451999992132187
YDR301W,YKL018W,1,-4.3949494,0.2670368552207947,0.5289999842643738,0.1451999992132187
YHR169W,YDR098C,0,-4.3951902,0.2669021189212799,0.5289999842643738,0.1453000009059906
YGL105W,YDR498C,0,-4.3952866,0.2667675316333771,0.5289999842643738,0.1454000025987625
YNL147W,YLR147C,1,-4.395853,0.2671371102333069,0.5299999713897705,0.1454000025987625
YGR230W,YPL211W,0,-4.397009,0.26700252294540405,0.5299999713897705,0.14550000429153442
YFR034C,YDL006W,0,-4.397022,0.26686808466911316,0.5299999713897705,0.14560000598430634
YNL222W,YHR181W,0,-4.3971114,0.2667337656021118,0.5299999713897705,0.14569999277591705
YOR260W,YJL072C,0,-4.397519,0.2665995955467224,0.5299999713897705,0.14579999446868896
YOL077W-A,YKL166C,0,-4.3985844,0.26646557450294495,0.5299999713897705,0.14589999616146088
YGR041W,YDR460W,0,-4.399105,0.26633167266845703,0.5299999713897705,0.1459999978542328
YML049C,YKL095W,1,-4.3992157,0.2667001485824585,0.531000018119812,0.1459999978542328
YFR031C,YKL166C,0,-4.400459,0.26656627655029297,0.531000018119812,0.1460999995470047
YKL205W,YOR172W,0,-4.4008174,0.266432523727417,0.531000018119812,0.1462000012397766
YCR053W,YBR058C-A,0,-4.4014416,0.26629889011383057,0.531000018119812,0.14630000293254852
YDL003W,YBR275C,0,-4.4014935,0.2661654055118561,0.531000018119812,0.14640000462532043
YGL190C,YNL153C,0,-4.4018574,0.26603206992149353,0.531000018119812,0.14650000631809235
YHR158C,YKL079W,0,-4.4019947,0.26589885354042053,0.531000018119812,0.14659999310970306
YLR160C,YER089C,0,-4.4030066,0.2657657563686371,0.531000018119812,0.14669999480247498
YBL026W,YKL025C,1,-4.40333,0.26613306999206543,0.5320000052452087,0.14669999480247498
YBR065C,YLR147C,1,-4.403601,0.26649999618530273,0.5329999923706055,0.14669999480247498
YAL044C,YCR044C,0,-4.4046383,0.2663668096065521,0.5329999923706055,0.1467999964952469
YOL077W-A,YKR079C,0,-4.405152,0.26623377203941345,0.5329999923706055,0.1468999981880188
YNL065W,YKR008W,0,-4.4060225,0.26610085368156433,0.5329999923706055,0.1469999998807907
YMR021C,YBR083W,0,-4.406515,0.26596805453300476,0.5329999923706055,0.14710000157356262
YNL129W,YPL239W,0,-4.4076343,0.26583540439605713,0.5329999923706055,0.14720000326633453
YDL017W,YGR211W,0,-4.408476,0.26570290327072144,0.5329999923706055,0.14730000495910645
YPL202C,YPL033C,0,-4.409079,0.2655704915523529,0.5329999923706055,0.14740000665187836
YGL065C,YER114C,0,-4.409402,0.2654382586479187,0.5329999923706055,0.14749999344348907
YOR123C,YOR287C,0,-4.410129,0.26530611515045166,0.5329999923706055,0.147599995136261
YKR038C,YML103C,0,-4.4119363,0.26517412066459656,0.5329999923706055,0.1476999968290329
YOL077W-A,YBL098W,0,-4.412734,0.2650422751903534,0.5329999923706055,0.1477999985218048
YGR155W,YFL013C,0,-4.4127827,0.2649105489253998,0.5329999923706055,0.14790000021457672
YKL146W,YNR015W,0,-4.412916,0.2647789418697357,0.5329999923706055,0.14800000190734863
YER028C,YEL004W,0,-4.4130216,0.2646474540233612,0.5329999923706055,0.14810000360012054
YOL009C,YIR015W,0,-4.413406,0.26451611518859863,0.5329999923706055,0.14820000529289246
YDR301W,YKL095W,1,-4.4134784,0.2648809552192688,0.5339999794960022,0.14820000529289246
YCR048W,YDR388W,0,-4.4135685,0.2647496163845062,0.5339999794960022,0.14830000698566437
YPL096C-A,YOL127W,0,-4.4137435,0.2646184265613556,0.5339999794960022,0.14839999377727509
YDR524C,YBL105C,0,-4.413785,0.2644873559474945,0.5339999794960022,0.148499995470047
YNR075W,YLR329W,0,-4.414173,0.26435643434524536,0.5339999794960022,0.1485999971628189
YAL043C,YLR147C,1,-4.4144044,0.26472043991088867,0.5350000262260437,0.1485999971628189
YPL096C-A,YOL039W,0,-4.41647,0.2645895183086395,0.5350000262260437,0.14869999885559082
YNL136W,YPR083W,0,-4.4165707,0.26445871591567993,0.5350000262260437,0.14880000054836273
YOR171C,YBR240C,0,-4.417015,0.2643280625343323,0.5350000262260437,0.14890000224113464
YIL002C,YML098W,0,-4.4181924,0.26419752836227417,0.5350000262260437,0.14900000393390656
YGL122C,YJL203W,1,-4.4187646,0.2645606994628906,0.5360000133514404,0.14900000393390656
YER142C,YLR262C,0,-4.4190845,0.2644301950931549,0.5360000133514404,0.14910000562667847
YBR065C,YFR005C,1,-4.4192233,0.26479288935661316,0.5370000004768372,0.14910000562667847
YOR319W,YJR022W,1,-4.4193525,0.26515525579452515,0.5379999876022339,0.14910000562667847
YOR217W,YPR086W,0,-4.420041,0.2650246322154999,0.5379999876022339,0.14920000731945038
YML049C,YLR424W,1,-4.4203305,0.26538652181625366,0.5389999747276306,0.14920000731945038
YBL105C,YBR073W,0,-4.4207296,0.2652558982372284,0.5389999747276306,0.1492999941110611
YMR224C,YBR129C,0,-4.4207344,0.26512542366981506,0.5389999747276306,0.149399995803833
YGL178W,YLR048W,0,-4.421146,0.26499509811401367,0.5389999747276306,0.14949999749660492
YFL025C,YGL084C,0,-4.421665,0.26486486196517944,0.5389999747276306,0.14959999918937683
YLR078C,YNL281W,0,-4.421736,0.26473477482795715,0.5389999747276306,0.14970000088214874
YDR320C-A,YGR222W,0,-4.4230766,0.2646048069000244,0.5389999747276306,0.14980000257492065
YDR231C,YMR089C,0,-4.4232645,0.2644749879837036,0.5389999747276306,0.14990000426769257
YNL282W,YFL017W-A,1,-4.4235377,0.2648357152938843,0.5400000214576721,0.14990000426769257
YNL323W,YCL074W,0,-4.4242983,0.2647058963775635,0.5400000214576721,0.15000000596046448
YFL025C,YOR088W,0,-4.424347,0.2645761966705322,0.5400000214576721,0.1500999927520752
YGL143C,YMR091C,0,-4.424753,0.2644466161727905,0.5400000214576721,0.1501999944448471
YER088C,YJL207C,0,-4.425198,0.26431718468666077,0.5400000214576721,0.15029999613761902
YNL210W,YJL203W,1,-4.4259048,0.26467710733413696,0.5410000085830688,0.15029999613761902
YLR335W,YOL045W,0,-4.4260383,0.2645476758480072,0.5410000085830688,0.15039999783039093
YNL118C,YKL122C,0,-4.426096,0.264418363571167,0.5410000085830688,0.15049999952316284
YGR261C,YDL006W,0,-4.426653,0.2642892003059387,0.5410000085830688,0.15060000121593475
YOL063C,YBL102W,0,-4.4276295,0.26416015625,0.5410000085830688,0.15070000290870667
YML058W-A,YDR359C,0,-4.427911,0.26403123140335083,0.5410000085830688,0.15080000460147858
YIL036W,YPR095C,0,-4.4284253,0.2639024257659912,0.5410000085830688,0.1509000062942505
YOR172W,YDR131C,0,-4.4294415,0.26377376914024353,0.5410000085830688,0.1509999930858612
YER068W,YKL025C,1,-4.42962,0.264132559299469,0.5419999957084656,0.1509999930858612
YMR216C,YOR148C,1,-4.430088,0.2644909918308258,0.5429999828338623,0.1509999930858612
YOL130W,YDR341C,0,-4.4301996,0.2643622159957886,0.5429999828338623,0.15109999477863312
YJR022W,YKL095W,1,-4.4307756,0.26472020149230957,0.5440000295639038,0.15109999477863312
YOR123C,YDL083C,0,-4.430903,0.26459142565727234,0.5440000295639038,0.15119999647140503
YML113W,YNR023W,0,-4.4319096,0.26446279883384705,0.5440000295639038,0.15129999816417694
YHR073W,YPR018W,0,-4.432172,0.2643342912197113,0.5440000295639038,0.15139999985694885
YPR072W,YLR147C,1,-4.434869,0.2646915912628174,0.5450000166893005,0.15139999985694885
YMR069W,YER075C,0,-4.4349995,0.26456311345100403,0.5450000166893005,0.15150000154972076
YJL203W,YFL017W-A,1,-4.4352217,0.2649199366569519,0.5460000038146973,0.15150000154972076
YFR013W,YNL302C,0,-4.43544,0.26479145884513855,0.5460000038146973,0.15160000324249268
YNL068C,YFR013W,0,-4.4355273,0.26466310024261475,0.5460000038146973,0.1517000049352646
YMR153W,YHR006W,0,-4.436759,0.2645348906517029,0.5460000038146973,0.1518000066280365
YGL078C,YNR026C,0,-4.4371405,0.2644067704677582,0.5460000038146973,0.15189999341964722
YFL016C,YKR007W,0,-4.437241,0.2642787992954254,0.5460000038146973,0.15199999511241913
YDL008W,YCR038C,0,-4.437288,0.2641509473323822,0.5460000038146973,0.15209999680519104
YDL197C,YIL056W,0,-4.4375906,0.26402321457862854,0.5460000038146973,0.15219999849796295
YBR164C,YHR119W,0,-4.4381275,0.26389560103416443,0.5460000038146973,0.15230000019073486
YBR258C,YLR346C,0,-4.438329,0.26376810669898987,0.5460000038146973,0.15240000188350677
YIR005W,YER068W,1,-4.4390006,0.2641236186027527,0.546999990940094,0.15240000188350677
YJL008C,YHR187W,0,-4.439048,0.2639961242675781,0.546999990940094,0.1525000035762787
YOR036W,YOL045W,0,-4.439065,0.2638687789440155,0.546999990940094,0.1526000052690506
YOL009C,YFR030W,0,-4.44006,0.26374155282974243,0.546999990940094,0.1527000069618225
YMR011W,YBR058C-A,0,-4.4402447,0.2636144459247589,0.546999990940094,0.15279999375343323
YDR301W,YGL030W,1,-4.44025,0.26396918296813965,0.5479999780654907,0.15279999375343323
YDR363W-A,YDL225W,0,-4.441121,0.26384207606315613,0.5479999780654907,0.15289999544620514
YOR329C,YOR088W,0,-4.4414,0.26371511816978455,0.5479999780654907,0.15299999713897705
YHR116W,YMR013C,0,-4.4415627,0.2635882496833801,0.5479999780654907,0.15309999883174896
YHL040C,YNL304W,0,-4.442233,0.26346153020858765,0.5479999780654907,0.15320000052452087
YMR184W,YOL113W,0,-4.4425764,0.2633349299430847,0.5479999780654907,0.15330000221729279
YNL311C,YHR084W,0,-4.4428997,0.26320844888687134,0.5479999780654907,0.1534000039100647
YJL006C,YDR337W,0,-4.4437375,0.2630820870399475,0.5479999780654907,0.1535000056028366
YOR329C,YOR307C,0,-4.4437475,0.26295584440231323,0.5479999780654907,0.15360000729560852
YLR157C,YBR295W,0,-4.4442444,0.2628297507762909,0.5479999780654907,0.15369999408721924
YGL190C,YDR310C,0,-4.4443636,0.2627037465572357,0.5479999780654907,0.15379999577999115
YFL029C,YBR210W,0,-4.444744,0.2625778615474701,0.5479999780654907,0.15389999747276306
YGL078C,YCR042C,0,-4.4448314,0.262452095746994,0.5479999780654907,0.15399999916553497
YMR214W,YOR272W,0,-4.445915,0.2623264789581299,0.5479999780654907,0.15410000085830688
YBR059C,YNL304W,0,-4.446224,0.2622009515762329,0.5479999780654907,0.1542000025510788
YOL002C,YBR105C,0,-4.4465184,0.2620755732059479,0.5479999780654907,0.1543000042438507
YLR110C,YJR139C,0,-4.4482307,0.26195028424263,0.5479999780654907,0.15440000593662262
YJR139C,YBR283C,0,-4.448685,0.2618251442909241,0.5479999780654907,0.15449999272823334
YNL210W,YPL151C,1,-4.44877,0.26217764616012573,0.5490000247955322,0.15449999272823334
YCR072C,YOR179C,0,-4.4491158,0.2620525062084198,0.5490000247955322,0.15459999442100525
YLR007W,YDR165W,0,-4.4492865,0.2619274854660034,0.5490000247955322,0.15469999611377716
YMR296C,YOL129W,0,-4.450318,0.2618025839328766,0.5490000247955322,0.15479999780654907
YNL053W,YOR179C,0,-4.451372,0.2616778016090393,0.5490000247955322,0.15489999949932098
YPR057W,YLR277C,1,-4.4514813,0.2620295286178589,0.550000011920929,0.15489999949932098
YDR195W,YML049C,1,-4.4519734,0.2623809576034546,0.5509999990463257,0.15489999949932098
YAR033W,YML092C,0,-4.4519854,0.26225605607032776,0.5509999990463257,0.1550000011920929
YNL323W,YLR034C,0,-4.4522457,0.26213130354881287,0.5509999990463257,0.1551000028848648
YNL164C,YPL235W,0,-4.4524503,0.2620066702365875,0.5509999990463257,0.15520000457763672
YGR097W,YLR193C,0,-4.452616,0.26188212633132935,0.5509999990463257,0.15530000627040863
YFR013W,YDR341C,0,-4.4540377,0.2617577314376831,0.5509999990463257,0.15539999306201935
YOR036W,YOL031C,0,-4.455304,0.26163342595100403,0.5509999990463257,0.15549999475479126
YLR319C,YDL135C,0,-4.456239,0.2615092694759369,0.5509999990463257,0.15559999644756317
YBR233W-A,YKL122C,0,-4.457593,0.2613852024078369,0.5509999990463257,0.15569999814033508
YKR095W,YNL129W,0,-4.4575953,0.2612612545490265,0.5509999990463257,0.155799999833107
YDR397C,YER117W,0,-4.4580927,0.2611374258995056,0.5509999990463257,0.1559000015258789
YNL148C,YHR200W,0,-4.4584064,0.2610137462615967,0.5509999990463257,0.15600000321865082
YOR002W,YOR106W,0,-4.458469,0.2608901560306549,0.5509999990463257,0.15610000491142273
YIR005W,YGL122C,1,-4.45862,0.2612399458885193,0.5519999861717224,0.15610000491142273
YOL130W,YIL084C,0,-4.4586573,0.2611163556575775,0.5519999861717224,0.15620000660419464
YJL208C,YDR189W,0,-4.459567,0.2609929144382477,0.5519999861717224,0.15629999339580536
YBR211C,YJL090C,0,-4.4601507,0.260869562625885,0.5519999861717224,0.15639999508857727
YIR005W,YAL032C,1,-4.4609547,0.26121869683265686,0.5529999732971191,0.15639999508857727
YBR039W,YLR215C,0,-4.46227,0.2610953748226166,0.5529999732971191,0.15649999678134918
YOR319W,YLR116W,1,-4.462273,0.261444091796875,0.5540000200271606,0.15649999678134918
YPR200C,YOL043C,0,-4.46243,0.26132073998451233,0.5540000200271606,0.1565999984741211
YBR201W,YDR191W,0,-4.462475,0.2611975371837616,0.5540000200271606,0.156700000166893
YOR260W,YJL128C,0,-4.4625645,0.2610744535923004,0.5540000200271606,0.15680000185966492
YOR330C,YPR052C,0,-4.463071,0.2609514892101288,0.5540000200271606,0.15690000355243683
YGL073W,YMR270C,0,-4.463102,0.2608286142349243,0.5540000200271606,0.15700000524520874
YOR249C,YDR379W,0,-4.463678,0.2607058882713318,0.5540000200271606,0.15710000693798065
YFL008W,YHR167W,0,-4.464624,0.2605832517147064,0.5540000200271606,0.15719999372959137
YPR138C,YMR283C,0,-4.4650025,0.2604607343673706,0.5540000200271606,0.15729999542236328
YDL017W,YNL186W,0,-4.4652233,0.26033833622932434,0.5540000200271606,0.1573999971151352
YBR107C,YFR052W,0,-4.465724,0.2602160573005676,0.5540000200271606,0.1574999988079071
YBR211C,YIR022W,0,-4.465747,0.26009389758110046,0.5540000200271606,0.15760000050067902
YLR335W,YMR270C,0,-4.466007,0.25997185707092285,0.5540000200271606,0.15770000219345093
YNR023W,YNL131W,0,-4.4664497,0.2598499059677124,0.5540000200271606,0.15780000388622284
YEL037C,YKR055W,0,-4.466743,0.2597280740737915,0.5540000200271606,0.15790000557899475
YNL307C,YDR460W,0,-4.467064,0.25960636138916016,0.5540000200271606,0.15800000727176666
YGR224W,YHR061C,0,-4.4672737,0.25948476791381836,0.5540000200271606,0.15809999406337738
YBL058W,YML114C,0,-4.4675326,0.2593632936477661,0.5540000200271606,0.1581999957561493
YPR018W,YNR006W,0,-4.4679685,0.2592419385910034,0.5540000200271606,0.1582999974489212
YGR063C,YEL051W,0,-4.469888,0.2591206729412079,0.5540000200271606,0.15839999914169312
YKR002W,YAL032C,1,-4.4713273,0.2594670355319977,0.5550000071525574,0.15839999914169312
YKL208W,YOR148C,1,-4.4714966,0.2598130702972412,0.5559999942779541,0.15839999914169312
YBR295W,YIR018W,0,-4.4724884,0.2596917450428009,0.5559999942779541,0.15850000083446503
YCR028C,YOR210W,0,-4.4725,0.25957050919532776,0.5559999942779541,0.15860000252723694
YPL153C,YFR031C,0,-4.472603,0.2594493627548218,0.5559999942779541,0.15870000422000885
YLR242C,YCR053W,0,-4.4729958,0.25932836532592773,0.5559999942779541,0.15880000591278076
YPL153C,YLR329W,0,-4.47342,0.25920745730400085,0.5559999942779541,0.15889999270439148
YPR182W,YDL098C,1,-4.473513,0.25955265760421753,0.5569999814033508,0.15889999270439148
YOL130W,YPL110C,0,-4.4749055,0.25943177938461304,0.5569999814033508,0.1589999943971634
YIL129C,YER031C,0,-4.475581,0.2593109905719757,0.5569999814033508,0.1590999960899353
YBR160W,YBR210W,0,-4.4756193,0.25919032096862793,0.5569999814033508,0.15919999778270721
YJL203W,YFR005C,1,-4.4766126,0.25953489542007446,0.5580000281333923,0.15919999778270721
YDR345C,YLR010C,0,-4.476884,0.2594142258167267,0.5580000281333923,0.15929999947547913
YIL120W,YBR267W,0,-4.478027,0.25929367542266846,0.5580000281333923,0.15940000116825104
YGR041W,YGL092W,0,-4.4786215,0.2591732442378998,0.5580000281333923,0.15950000286102295
YOR171C,YCL054W,0,-4.4788847,0.25905293226242065,0.5580000281333923,0.15960000455379486
YDL117W,YMR026C,0,-4.4792852,0.2589327096939087,0.5580000281333923,0.15970000624656677
YDR163W,YML049C,1,-4.47973,0.25927644968032837,0.5590000152587891,0.15970000624656677
YPR070W,YML032C,0,-4.4802074,0.2591562271118164,0.5590000152587891,0.1597999930381775
YGR261C,YGL004C,0,-4.4805326,0.2590361535549164,0.5590000152587891,0.1598999947309494
YLR242C,YJR092W,0,-4.4821696,0.2589161694049835,0.5590000152587891,0.1599999964237213
YLR425W,YIL080W,0,-4.4823046,0.2587963044643402,0.5590000152587891,0.16009999811649323
YFL041W,YML014W,0,-4.4830656,0.25867652893066406,0.5590000152587891,0.16019999980926514
YIR005W,YJL203W,1,-4.4843926,0.2590194344520569,0.5600000023841858,0.16019999980926514
YDL143W,YGL151W,0,-4.485132,0.2588996887207031,0.5600000023841858,0.16030000150203705
YJR110W,YJL139C,0,-4.486122,0.25878003239631653,0.5600000023841858,0.16040000319480896
YMR232W,YGL062W,0,-4.4868717,0.2586604952812195,0.5600000023841858,0.16050000488758087
YMR029C,YEL004W,0,-4.4874263,0.258541077375412,0.5600000023841858,0.16060000658035278
YML132W,YBR233W-A,0,-4.487523,0.25842177867889404,0.5600000023841858,0.1606999933719635
YGL256W,YNL167C,0,-4.487722,0.25830256938934326,0.5600000023841858,0.1607999950647354
YPL188W,YDL235C,0,-4.487837,0.2581835091114044,0.5600000023841858,0.16089999675750732
YPR025C,YDR320C-A,0,-4.4882674,0.25806450843811035,0.5600000023841858,0.16099999845027924
YJL208C,YMR013C,0,-4.488622,0.2579456567764282,0.5600000023841858,0.16110000014305115
YGR261C,YIL117C,0,-4.488963,0.25782689452171326,0.5600000023841858,0.16120000183582306
YML114C,YKR079C,0,-4.489497,0.25770825147628784,0.5600000023841858,0.16130000352859497
YOL066C,YFR052W,0,-4.489868,0.2575896978378296,0.5600000023841858,0.16140000522136688
YKL197C,YMR266W,0,-4.4907837,0.2574712634086609,0.5600000023841858,0.1615000069141388
YOR103C,YPL258C,0,-4.492244,0.25735294818878174,0.5600000023841858,0.1615999937057495
YJL183W,YJL108C,0,-4.4933043,0.25723472237586975,0.5600000023841858,0.16169999539852142
YPR154W,YIR015W,0,-4.493916,0.2571166157722473,0.5600000023841858,0.16179999709129333
YKR038C,YIL008W,0,-4.494136,0.25699862837791443,0.5600000023841858,0.16189999878406525
YGR097W,YLR319C,0,-4.4950514,0.2568807303905487,0.5600000023841858,0.16200000047683716
YER032W,YAL043C,1,-4.4950705,0.2572214603424072,0.5609999895095825,0.16200000047683716
YBR210W,YBR275C,0,-4.4958076,0.2571035623550415,0.5609999895095825,0.16210000216960907
YER114C,YPL018W,0,-4.496005,0.2569858133792877,0.5609999895095825,0.16220000386238098
YJR022W,YFL017W-A,1,-4.4961343,0.25732600688934326,0.5619999766349792,0.16220000386238098
YJR150C,YIL053W,0,-4.4967675,0.2572082281112671,0.5619999766349792,0.1623000055551529
YDL042C,YKL042W,0,-4.4971237,0.25709056854248047,0.5619999766349792,0.1624000072479248
YBR192W,YCL063W,0,-4.4978237,0.2569730281829834,0.5619999766349792,0.16249999403953552
YOR144C,YDR498C,0,-4.4983377,0.2568555772304535,0.5619999766349792,0.16259999573230743
YDL117W,YPL210C,0,-4.4995546,0.25673824548721313,0.5619999766349792,0.16269999742507935
YMR298W,YML062C,0,-4.5001106,0.25662100315093994,0.5619999766349792,0.16279999911785126
YGL011C,YDL217C,0,-4.5009193,0.2565038800239563,0.5619999766349792,0.16290000081062317
YDL126C,YOL113W,0,-4.5011563,0.2563868761062622,0.5619999766349792,0.16300000250339508
YMR041C,YIR033W,0,-4.5011654,0.2562699615955353,0.5619999766349792,0.163100004196167
YDL135C,YJR145C,0,-4.501439,0.2561531364917755,0.5619999766349792,0.1632000058889389
YDR386W,YIR015W,0,-4.5018487,0.2560364603996277,0.5619999766349792,0.16329999268054962
YGL004C,YDL225W,0,-4.5030785,0.25591984391212463,0.5619999766349792,0.16339999437332153
YJR076C,YDL217C,0,-4.5032816,0.2558033764362335,0.5619999766349792,0.16349999606609344
YOR031W,YBL016W,0,-4.5047617,0.25568699836730957,0.5619999766349792,0.16359999775886536
YBR065C,YDL087C,1,-4.5055575,0.2560254633426666,0.5630000233650208,0.16359999775886536
YJL111W,YMR079W,0,-4.5064344,0.2559090852737427,0.5630000233650208,0.16369999945163727
YLR005W,YHR006W,0,-4.506467,0.2557928264141083,0.5630000233650208,0.16380000114440918
YHR194W,YIL119C,0,-4.5067472,0.25567665696144104,0.5630000233650208,0.1639000028371811
YJL194W,YHR119W,0,-4.5071745,0.25556060671806335,0.5630000233650208,0.164000004529953
YGL142C,YCR080W,0,-4.5074596,0.25544464588165283,0.5630000233650208,0.16410000622272491
YER088C,YNL307C,0,-4.507474,0.25532880425453186,0.5630000233650208,0.16419999301433563
YOR039W,YIR015W,0,-4.5076203,0.25521305203437805,0.5630000233650208,0.16429999470710754
YFL003C,YHR041C,0,-4.5078816,0.2550974190235138,0.5630000233650208,0.16439999639987946
YPL235W,YPR032W,0,-4.50801,0.2549818754196167,0.5630000233650208,0.16449999809265137
YKL112W,YDR142C,0,-4.5084643,0.25486645102500916,0.5630000233650208,0.16459999978542328
YLR127C,YGR186W,0,-4.5085793,0.25475114583969116,0.5630000233650208,0.1647000014781952
YJR076C,YBR107C,0,-4.5086794,0.25463590025901794,0.5630000233650208,0.1648000031709671
YLL015W,YML097C,0,-4.5086856,0.25452080368995667,0.5630000233650208,0.164900004863739
YFL048C,YJL025W,0,-4.509613,0.25440579652786255,0.5630000233650208,0.16500000655651093
YLR381W,YDL013W,0,-4.51034,0.2542908787727356,0.5630000233650208,0.16509999334812164
YLR384C,YDL128W,0,-4.510504,0.2541760802268982,0.5630000233650208,0.16519999504089355
YBL026W,YKR002W,1,-4.5114098,0.25451263785362244,0.5640000104904175,0.16519999504089355
YLR431C,YOR330C,0,-4.511981,0.25439783930778503,0.5640000104904175,0.16529999673366547
YBR107C,YPL208W,0,-4.5122333,0.2542831301689148,0.5640000104904175,0.16539999842643738
YHR187W,YDL003W,0,-4.512927,0.2541685402393341,0.5640000104904175,0.1655000001192093
YER032W,YML049C,1,-4.513457,0.2545045018196106,0.5649999976158142,0.1655000001192093
YOR171C,YDR087C,0,-4.5135536,0.2543899118900299,0.5649999976158142,0.1656000018119812
YPR200C,YDR046C,0,-4.513646,0.25427544116973877,0.5649999976158142,0.1657000035047531
YJR131W,YOL066C,0,-4.514106,0.2541610300540924,0.5649999976158142,0.16580000519752502
YEL062W,YPL010W,0,-4.514228,0.254046767950058,0.5649999976158142,0.16590000689029694
YNL027W,YDR021W,0,-4.5156674,0.2539325952529907,0.5649999976158142,0.16599999368190765
YLR160C,YFL016C,0,-4.5158343,0.2538185119628906,0.5649999976158142,0.16609999537467957
YLL015W,YHR006W,0,-4.5161047,0.2537045478820801,0.5649999976158142,0.16619999706745148
YJR010C-A,YPL163C,0,-4.51661,0.2535906732082367,0.5649999976158142,0.1662999987602234
YIL128W,YCL005W-A,0,-4.517997,0.2534768879413605,0.5649999976158142,0.1664000004529953
YKL160W,YNL068C,0,-4.5195074,0.2533632218837738,0.5649999976158142,0.1665000021457672
YNL147W,YML049C,1,-4.5197096,0.2536979019641876,0.5659999847412109,0.1665000021457672
YGR230W,YDL225W,0,-4.5197997,0.25358423590660095,0.5659999847412109,0.16660000383853912
YGR227W,YDR310C,0,-4.519805,0.25347065925598145,0.5659999847412109,0.16670000553131104
YNL268W,YML098W,0,-4.519946,0.2533572018146515,0.5659999847412109,0.16680000722408295
YJR093C,YFR005C,1,-4.520078,0.25369128584861755,0.5669999718666077,0.16680000722408295
YKL025C,YKR086W,1,-4.520443,0.25402504205703735,0.5680000185966492,0.16680000722408295
YBR065C,YGL122C,1,-4.520584,0.25435853004455566,0.5690000057220459,0.16680000722408295
YER028C,YIL106W,0,-4.520723,0.254244863986969,0.5690000057220459,0.16689999401569366
YAL043C,YDR195W,1,-4.521494,0.2545779347419739,0.5699999928474426,0.16689999401569366
YPR020W,YOL043C,0,-4.5229015,0.2544642984867096,0.5699999928474426,0.16699999570846558
YCL014W,YPL177C,0,-4.523015,0.2543507218360901,0.5699999928474426,0.1670999974012375
YML102W,YDR397C,0,-4.523096,0.2542372941970825,0.5699999928474426,0.1671999990940094
YDR397C,YER008C,0,-4.523105,0.2541239559650421,0.5699999928474426,0.1673000007867813
YER032W,YLR277C,1,-4.5234776,0.2544563412666321,0.5709999799728394,0.1673000007867813
YLR160C,YBR010W,0,-4.523879,0.2543429732322693,0.5709999799728394,0.16740000247955322
YJR110W,YPL033C,0,-4.5241594,0.25422975420951843,0.5709999799728394,0.16750000417232513
YKL146W,YGR014W,0,-4.525343,0.25411659479141235,0.5709999799728394,0.16760000586509705
YDL117W,YOL105C,0,-4.526018,0.2540035545825958,0.5709999799728394,0.16769999265670776
YJR022W,YLR424W,1,-4.526121,0.2543352544307709,0.5720000267028809,0.16769999265670776
YJL108C,YIL117C,0,-4.5263133,0.25422221422195435,0.5720000267028809,0.16779999434947968
YNL222W,YOR272W,0,-4.5268826,0.25410929322242737,0.5720000267028809,0.1678999960422516
YNL167C,YCR084C,0,-4.527996,0.25399646162986755,0.5720000267028809,0.1679999977350235
YPL192C,YLR135W,0,-4.528993,0.2538837194442749,0.5720000267028809,0.1680999994277954
YCL054W,YDR460W,0,-4.5292883,0.2537710666656494,0.5720000267028809,0.16820000112056732
YBR010W,YPL153C,0,-4.5299315,0.2536585330963135,0.5720000267028809,0.16830000281333923
YER075C,YDR310C,0,-4.530177,0.2535460889339447,0.5720000267028809,0.16840000450611115
YKL034W,YJR110W,0,-4.530589,0.2534337639808655,0.5720000267028809,0.16850000619888306
YBL098W,YDR231C,0,-4.530665,0.2533215284347534,0.5720000267028809,0.16859999299049377
YKL139W,YNL282W,1,-4.531416,0.25365206599235535,0.5730000138282776,0.16859999299049377
YNR010W,YML127W,0,-4.5319147,0.2535398304462433,0.5730000138282776,0.16869999468326569
YOR171C,YMR047C,0,-4.5325775,0.2534276843070984,0.5730000138282776,0.1687999963760376
YKR002W,YLR147C,1,-4.5334396,0.2537577450275421,0.5740000009536743,0.1687999963760376
YNL210W,YKL173W,1,-4.534285,0.25408750772476196,0.574999988079071,0.1687999963760376
YFL025C,YNL084C,0,-4.5343766,0.2539752721786499,0.574999988079071,0.1688999980688095
YBR278W,YGL073W,0,-4.534913,0.253863126039505,0.574999988079071,0.16899999976158142
YBR295W,YJR110W,0,-4.535725,0.25375109910964966,0.574999988079071,0.16910000145435333
YBR155W,YOR008C-A,0,-4.5360417,0.2536391615867615,0.574999988079071,0.16920000314712524
YLR332W,YKL197C,0,-4.5362787,0.25352734327316284,0.574999988079071,0.16930000483989716
YBR155W,YDL036C,0,-4.5367866,0.25341561436653137,0.574999988079071,0.16940000653266907
YPL242C,YML127W,0,-4.5369844,0.25330397486686707,0.574999988079071,0.16949999332427979
YPR104C,YPL253C,0,-4.5374126,0.2531924247741699,0.574999988079071,0.1695999950170517
YDL225W,YNL088W,0,-4.53869,0.25308099389076233,0.574999988079071,0.1696999967098236
YKR086W,YML049C,1,-4.539078,0.25340959429740906,0.5759999752044678,0.1696999967098236
YHR175W,YDR180W,0,-4.539103,0.25329816341400146,0.5759999752044678,0.16979999840259552
YKR038C,YDR013W,0,-4.5394416,0.25318682193756104,0.5759999752044678,0.16990000009536743
YOL130W,YOR217W,0,-4.5395336,0.25307556986808777,0.5759999752044678,0.17000000178813934
YJL183W,YBR087W,0,-4.540015,0.25296443700790405,0.5759999752044678,0.17010000348091125
YNL270C,YDR460W,0,-4.5400624,0.2528533935546875,0.5759999752044678,0.17020000517368317
YJR093C,YPR182W,1,-4.540099,0.25318121910095215,0.5770000219345093,0.17020000517368317
YOR221C,YLR006C,0,-4.540642,0.2530701756477356,0.5770000219345093,0.17030000686645508
YJR022W,YGL122C,1,-4.5415425,0.2533976435661316,0.578000009059906,0.17030000686645508
YAR033W,YLR193C,0,-4.541544,0.25328660011291504,0.578000009059906,0.1703999936580658
YDR174W,YCR044C,0,-4.542299,0.25317564606666565,0.578000009059906,0.1704999953508377
YGL155W,YGL172W,0,-4.5428543,0.2530648112297058,0.578000009059906,0.17059999704360962
YCR107W,YCL004W,0,-4.542859,0.25295403599739075,0.578000009059906,0.17069999873638153
YJL006C,YFL013C,0,-4.543108,0.25284337997436523,0.578000009059906,0.17080000042915344
YDR331W,YJR140C,0,-4.543403,0.2527328431606293,0.578000009059906,0.17090000212192535
YJR083C,YKR095W-A,0,-4.5437465,0.2526223659515381,0.578000009059906,0.17100000381469727
YBR159W,YDR122W,0,-4.543874,0.25251200795173645,0.578000009059906,0.17110000550746918
YGL226C-A,YNR015W,0,-4.5452685,0.252401739358902,0.578000009059906,0.1712000072002411
YML033W,YER031C,0,-4.5464716,0.25229158997535706,0.578000009059906,0.1712999939918518
YBL016W,YDR337W,0,-4.5465775,0.2521815001964569,0.578000009059906,0.17139999568462372
YGR262C,YNL154C,0,-4.547046,0.2520715296268463,0.578000009059906,0.17149999737739563
YBR059C,YFR031C,0,-4.5482984,0.2519616484642029,0.578000009059906,0.17159999907016754
YHR169W,YIL029C,0,-4.548838,0.2518518567085266,0.578000009059906,0.17170000076293945
YPL059W,YDR081C,0,-4.5490723,0.2517421543598175,0.578000009059906,0.17180000245571136
YBR132C,YLR259C,0,-4.550158,0.25163257122039795,0.578000009059906,0.17190000414848328
YBL009W,YIR022W,0,-4.550317,0.25152307748794556,0.578000009059906,0.1720000058412552
YMR052W,YDL080C,0,-4.5506277,0.25141364336013794,0.578000009059906,0.1720999926328659
YKL112W,YHR167W,0,-4.550887,0.25130435824394226,0.578000009059906,0.17219999432563782
YLR005W,YIL056W,0,-4.551405,0.25119513273239136,0.578000009059906,0.17229999601840973
YGR041W,YHL036W,0,-4.55171,0.25108602643013,0.578000009059906,0.17239999771118164
YCR028C,YCR060W,0,-4.552313,0.2509769797325134,0.578000009059906,0.17249999940395355
YKL191W,YBR008C,0,-4.552353,0.2508680522441864,0.578000009059906,0.17260000109672546
YFR013W,YGL143C,0,-4.5524564,0.25075921416282654,0.578000009059906,0.17270000278949738
YPR032W,YBR127C,0,-4.5540237,0.25065046548843384,0.578000009059906,0.1728000044822693
YNL164C,YOR171C,0,-4.5540833,0.2505418360233307,0.578000009059906,0.1729000061750412
YPL208W,YLR262C,0,-4.5544806,0.2504332661628723,0.578000009059906,0.17299999296665192
YFR005C,YBR152W,1,-4.554594,0.2507579028606415,0.5789999961853027,0.17299999296665192
YBR087W,YGL175C,0,-4.554914,0.2506493628025055,0.5789999961853027,0.17309999465942383
YJL006C,YIL129C,0,-4.5566435,0.2505408823490143,0.5789999961853027,0.17319999635219574
YBR278W,YJL133W,0,-4.5574145,0.2504325211048126,0.5789999961853027,0.17329999804496765
YGR230W,YOL142W,0,-4.5574827,0.2503242492675781,0.5789999961853027,0.17339999973773956
YNL127W,YBR159W,0,-4.558277,0.2502160668373108,0.5789999961853027,0.17350000143051147
YML080W,YOR171C,0,-4.5589385,0.250108003616333,0.5789999961853027,0.1736000031232834
YOR209C,YOR307C,0,-4.558997,0.25,0.5789999961853027,0.1737000048160553
YJR092W,YKL011C,0,-4.559007,0.24989210069179535,0.5789999961853027,0.1738000065088272
YHR158C,YDL042C,0,-4.5597124,0.24978429079055786,0.5789999961853027,0.17389999330043793
YOR346W,YDR372C,0,-4.5602064,0.24967658519744873,0.5789999961853027,0.17399999499320984
YER032W,YBR152W,1,-4.560632,0.25,0.5799999833106995,0.17399999499320984
YDR337W,YDR308C,0,-4.5610657,0.24989229440689087,0.5799999833106995,0.17409999668598175
YGL143C,YLR135W,0,-4.5620766,0.2497846633195877,0.5799999833106995,0.17419999837875366
YCR038C,YPR070W,0,-4.562174,0.2496771365404129,0.5799999833106995,0.17430000007152557
YBR132C,YNL311C,0,-4.5631156,0.24956971406936646,0.5799999833106995,0.17440000176429749
YOL066C,YPL026C,0,-4.564871,0.24946236610412598,0.5799999833106995,0.1745000034570694
YOL043C,YFL008W,0,-4.5652595,0.24935512244701385,0.5799999833106995,0.1746000051498413
YDL006W,YOR087W,0,-4.5653915,0.2492479532957077,0.5799999833106995,0.17470000684261322
YNL136W,YJL207C,0,-4.568224,0.2491408884525299,0.5799999833106995,0.17479999363422394
YLR319C,YIL030C,0,-4.5682774,0.24903391301631927,0.5799999833106995,0.17489999532699585
YOR221C,YDL042C,0,-4.569401,0.248927041888237,0.5799999833106995,0.17499999701976776
YDL008W,YDR131C,0,-4.57041,0.2488202452659607,0.5799999833106995,0.17509999871253967
YOL049W,YOR221C,0,-4.5706654,0.24871355295181274,0.5799999833106995,0.17520000040531158
YNL136W,YCR028C,0,-4.571425,0.24860695004463196,0.5799999833106995,0.1753000020980835
YER164W,YML113W,0,-4.5714836,0.24850042164325714,0.5799999833106995,0.1754000037908554
YGL016W,YPL258C,0,-4.5730915,0.24839399755001068,0.5799999833106995,0.17550000548362732
YKL025C,YDR195W,1,-4.574069,0.24871575832366943,0.5809999704360962,0.17550000548362732
YPR082C,YKR086W,1,-4.5742636,0.2490372210741043,0.5820000171661377,0.17550000548362732
YOL001W,YNL222W,0,-4.574546,0.24893070757389069,0.5820000171661377,0.17560000717639923
YKL146W,YDL058W,0,-4.574832,0.24882428348064423,0.5820000171661377,0.17569999396800995
YDR046C,YGR054W,0,-4.5751343,0.24871794879436493,0.5820000171661377,0.17579999566078186
YMR225C,YCL008C,0,-4.5757313,0.2486117035150528,0.5820000171661377,0.17589999735355377
YNL288W,YER088C,0,-4.5760703,0.24850554764270782,0.5820000171661377,0.17599999904632568
YDR320C-A,YLR034C,0,-4.576423,0.24839948117733002,0.5820000171661377,0.1761000007390976
YDL013W,YDR363W-A,0,-4.5768642,0.24829351902008057,0.5820000171661377,0.1762000024318695
YJL121C,YLR010C,0,-4.5772295,0.24818763136863708,0.5820000171661377,0.17630000412464142
YDR163W,YJL203W,1,-4.5774827,0.24850809574127197,0.5830000042915344,0.17630000412464142
YKR086W,YMR216C,1,-4.5778327,0.24882829189300537,0.5839999914169312,0.17630000412464142
YOR179C,YGR024C,0,-4.5780287,0.24872231483459473,0.5839999914169312,0.17640000581741333
YPL209C,YDR325W,0,-4.5790663,0.24861642718315125,0.5839999914169312,0.17649999260902405
YDR055W,YIL029C,0,-4.5798025,0.24851064383983612,0.5839999914169312,0.17659999430179596
YLR263W,YNR023W,0,-4.580163,0.24840493500232697,0.5839999914169312,0.17669999599456787
YDL225W,YLR455W,0,-4.580365,0.24829931557178497,0.5839999914169312,0.17679999768733978
YIL106W,YBR192W,0,-4.5805655,0.24819380044937134,0.5839999914169312,0.1768999993801117
YKL093W,YBR258C,0,-4.580637,0.24808835983276367,0.5839999914169312,0.1770000010728836
YDL175C,YDL058W,0,-4.581662,0.24798300862312317,0.5839999914169312,0.17710000276565552
YNL061W,YHR181W,0,-4.581782,0.24787776172161102,0.5839999914169312,0.17720000445842743
YDL045C,YBR073W,0,-4.582465,0.24777258932590485,0.5839999914169312,0.17730000615119934
YML113W,YML055W,0,-4.582491,0.24766752123832703,0.5839999914169312,0.17739999294281006
YIL112W,YIR033W,0,-4.5829344,0.24756252765655518,0.5839999914169312,0.17749999463558197
YGR261C,YHL009C,0,-4.5831223,0.2474576234817505,0.5839999914169312,0.17759999632835388
YMR073C,YNL311C,0,-4.5840983,0.24735282361507416,0.5839999914169312,0.1776999980211258
YJL090C,YDL170W,0,-4.5842285,0.2472480982542038,0.5839999914169312,0.1777999997138977
YKL150W,YOR221C,0,-4.5842466,0.2471434623003006,0.5839999914169312,0.17790000140666962
YIL118W,YLR455W,0,-4.584705,0.24703891575336456,0.5839999914169312,0.17800000309944153
YGL016W,YMR283C,0,-4.586122,0.2469344586133957,0.5839999914169312,0.17810000479221344
YNR002C,YLR010C,0,-4.586408,0.24683009088039398,0.5839999914169312,0.17820000648498535
YGL238W,YKR095W-A,0,-4.586426,0.24672581255435944,0.5839999914169312,0.17829999327659607
YLR160C,YML014W,0,-4.5869603,0.24662162363529205,0.5839999914169312,0.17839999496936798
YOL117W,YER008C,0,-4.587447,0.24651752412319183,0.5839999914169312,0.1784999966621399
YGL151W,YKL042W,0,-4.5882907,0.24641349911689758,0.5839999914169312,0.1785999983549118
YMR203W,YHR099W,0,-4.588332,0.2463095784187317,0.5839999914169312,0.17870000004768372
YJR076C,YER088C,0,-4.588387,0.24620573222637177,0.5839999914169312,0.17880000174045563
YDR142C,YDL109C,0,-4.588421,0.246101975440979,0.5839999914169312,0.17890000343322754
YAL043C,YPR182W,1,-4.588666,0.24641954898834229,0.5849999785423279,0.17890000343322754
YDR181C,YIL129C,0,-4.5889206,0.24631579220294952,0.5849999785423279,0.17900000512599945
YGR258C,YDL150W,0,-4.589574,0.24621212482452393,0.5849999785423279,0.17910000681877136
YOR037W,YLR010C,0,-4.590349,0.2461085468530655,0.5849999785423279,0.17919999361038208
YOR005C,YOR123C,0,-4.5907197,0.24600504338741302,0.5849999785423279,0.179299995303154
YLR332W,YJL133W,0,-4.59088,0.24590164422988892,0.5849999785423279,0.1793999969959259
YLR381W,YKL205W,0,-4.5909505,0.24579831957817078,0.5849999785423279,0.17949999868869781
YNL065W,YDR310C,0,-4.591022,0.2456950843334198,0.5849999785423279,0.17960000038146973
YER068W,YBR152W,1,-4.5910544,0.24601174890995026,0.5860000252723694,0.17960000038146973
YDR301W,YPR182W,1,-4.591491,0.24632816016674042,0.5870000123977661,0.17960000038146973
YPR182W,YBR152W,1,-4.5918674,0.2466442883014679,0.5879999995231628,0.17960000038146973
YPL146C,YCL075W,0,-4.592146,0.2465408742427826,0.5879999995231628,0.17970000207424164
YKL208W,YKL018W,1,-4.5921655,0.2468566596508026,0.5889999866485596,0.17970000207424164
YMR232W,YDR453C,0,-4.5923367,0.2467532455921173,0.5889999866485596,0.17980000376701355
YMR001C,YDL217C,0,-4.592511,0.24664992094039917,0.5889999866485596,0.17990000545978546
YDL042C,YGR181W,0,-4.5931787,0.246546670794487,0.5889999866485596,0.18000000715255737
YPR082C,YJL203W,1,-4.593407,0.24686191976070404,0.5899999737739563,0.18000000715255737
YGR041W,YHR012W,0,-4.594472,0.24675868451595306,0.5899999737739563,0.1800999939441681
YKL025C,YAL043C,1,-4.5950246,0.24707357585430145,0.5910000205039978,0.1800999939441681
YPL059W,YMR142C,0,-4.595507,0.24697032570838928,0.5910000205039978,0.18019999563694
YPL258C,YLR240W,0,-4.5956497,0.24686716496944427,0.5910000205039978,0.18029999732971191
YDR345C,YIL080W,0,-4.5957365,0.24676409363746643,0.5910000205039978,0.18039999902248383
YNL020C,YOL049W,0,-4.596368,0.24666109681129456,0.5910000205039978,0.18050000071525574
YPL101W,YDL232W,0,-4.596596,0.24655820429325104,0.5910000205039978,0.18060000240802765
YGR224W,YLR425W,0,-4.596863,0.2464553862810135,0.5910000205039978,0.18070000410079956
YOL069W,YDR485C,0,-4.5972576,0.2463526427745819,0.5910000205039978,0.18080000579357147
YOL049W,YOR241W,0,-4.5976677,0.2462500035762787,0.5910000205039978,0.1808999925851822
YNL008C,YIL063C,0,-4.597929,0.24614743888378143,0.5910000205039978,0.1809999942779541
YDR498C,YOR307C,0,-4.599354,0.24604496359825134,0.5910000205039978,0.181099995970726
YKL025C,YLR147C,1,-4.600807,0.246358722448349,0.5920000076293945,0.181099995970726
YGL124C,YGR111W,0,-4.6010804,0.24625623226165771,0.5920000076293945,0.18119999766349792
YKL195W,YKL086W,0,-4.602683,0.2461538463830948,0.5920000076293945,0.18129999935626984
YDR009W,YHR001W-A,0,-4.6032825,0.24605153501033783,0.5920000076293945,0.18140000104904175
YBR077C,YJR027W,0,-4.6038804,0.24594931304454803,0.5920000076293945,0.18150000274181366
YDR498C,YCL054W,0,-4.6047487,0.2458471804857254,0.5920000076293945,0.18160000443458557
YDL017W,YGL004C,0,-4.6057415,0.24574512243270874,0.5920000076293945,0.18170000612735748
YMR021C,YPL208W,0,-4.606877,0.24564315378665924,0.5920000076293945,0.1817999929189682
YAL022C,YCL054W,0,-4.6074524,0.2455412745475769,0.5920000076293945,0.1818999946117401
YER164W,YBR283C,0,-4.6076574,0.24543946981430054,0.5920000076293945,0.18199999630451202
YML058W-A,YJR086W,0,-4.608133,0.24533775448799133,0.5920000076293945,0.18209999799728394
YGR202C,YGL006W,0,-4.608178,0.2452361285686493,0.5920000076293945,0.18219999969005585
YPR057W,YFR005C,1,-4.608281,0.24554865062236786,0.5929999947547913,0.18219999969005585
YMR047C,YGL175C,0,-4.608939,0.24544702470302582,0.5929999947547913,0.18230000138282776
YPL153C,YCL008C,0,-4.6092253,0.24534547328948975,0.5929999947547913,0.18240000307559967
YKR038C,YBR105C,0,-4.6092796,0.24524399638175964,0.5929999947547913,0.18250000476837158
YMR005W,YPL033C,0,-4.6096406,0.2451426237821579,0.5929999947547913,0.1826000064611435
YPL060W,YLR135W,0,-4.610217,0.24504132568836212,0.5929999947547913,0.1826999932527542
YPL010W,YML093W,0,-4.610496,0.24494010210037231,0.5929999947547913,0.18279999494552612
YNR054C,YML032C,0,-4.6106887,0.24483898282051086,0.5929999947547913,0.18289999663829803
YNL039W,YDR207C,0,-4.6107407,0.2447379231452942,0.5929999947547913,0.18299999833106995
YPR083W,YFR029W,0,-4.6116724,0.24463696777820587,0.5929999947547913,0.18310000002384186
YJR093C,YPR072W,1,-4.6123857,0.24494844675064087,0.593999981880188,0.18310000002384186
YLR215C,YLR166C,0,-4.612645,0.24484749138355255,0.593999981880188,0.18320000171661377
YGL192W,YDL036C,0,-4.612853,0.244746595621109,0.593999981880188,0.18330000340938568
YFL009W,YFL018C,0,-4.6131544,0.24464580416679382,0.593999981880188,0.1834000051021576
YOR159C,YFL017W-A,1,-4.6133237,0.24495677649974823,0.5950000286102295,0.1834000051021576
YFL008W,YDR398W,0,-4.613549,0.24485597014427185,0.5950000286102295,0.1835000067949295
YJR150C,YKL080W,0,-4.6139035,0.24475523829460144,0.5950000286102295,0.18359999358654022
YNL068C,YOR260W,0,-4.614065,0.2446546107530594,0.5950000286102295,0.18369999527931213
YGR177C,YNL032W,0,-4.615571,0.2445540428161621,0.5950000286102295,0.18379999697208405
YBL061C,YOR272W,0,-4.6155815,0.2444535791873932,0.5950000286102295,0.18389999866485596
YML058W-A,YHR039C,0,-4.616116,0.24435319006443024,0.5950000286102295,0.18400000035762787
YBR068C,YNR010W,0,-4.616376,0.24425287544727325,0.5950000286102295,0.18410000205039978
YDL175C,YGR010W,0,-4.616706,0.24415265023708344,0.5950000286102295,0.1842000037431717
YOL108C,YDR276C,0,-4.6168222,0.24405249953269958,0.5950000286102295,0.1843000054359436
YBR065C,YLR116W,1,-4.6171484,0.24436244368553162,0.5960000157356262,0.1843000054359436
YOR180C,YLR059C,0,-4.61787,0.24426229298114777,0.5960000157356262,0.18440000712871552
YEL027W,YMR266W,0,-4.618346,0.24416223168373108,0.5960000157356262,0.18449999392032623
YLR242C,YNR015W,0,-4.6195297,0.24406224489212036,0.5960000157356262,0.18459999561309814
YNL039W,YML127W,0,-4.619766,0.2439623475074768,0.5960000157356262,0.18469999730587006
YLR319C,YOR037W,0,-4.6203337,0.24386252462863922,0.5960000157356262,0.18479999899864197
YER073W,YLR090W,0,-4.620455,0.2437627762556076,0.5960000157356262,0.18490000069141388
YER114C,YAL009W,0,-4.620631,0.24366311728954315,0.5960000157356262,0.1850000023841858
YGL155W,YGR010W,0,-4.621767,0.24356354773044586,0.5960000157356262,0.1851000040769577
YHR194W,YLR263W,0,-4.6224737,0.24346405267715454,0.5960000157356262,0.18520000576972961
YPR200C,YGL004C,0,-4.6231546,0.2433646321296692,0.5960000157356262,0.18529999256134033
YOR319W,YAL043C,1,-4.6235957,0.24367347359657288,0.597000002861023,0.18529999256134033
YFL013C,YLR384C,0,-4.624093,0.24357405304908752,0.597000002861023,0.18539999425411224
YJL065C,YMR089C,0,-4.6249466,0.24347472190856934,0.597000002861023,0.18549999594688416
YKR038C,YNL110C,0,-4.6253843,0.24337546527385712,0.597000002861023,0.18559999763965607
YLL026W,YDR359C,0,-4.62543,0.24327628314495087,0.597000002861023,0.18569999933242798
YER032W,YKL025C,1,-4.6263103,0.2435845285654068,0.5979999899864197,0.18569999933242798
YLR381W,YDR075W,0,-4.6265893,0.24348534643650055,0.5979999899864197,0.1858000010251999
YNL074C,YHR119W,0,-4.6275015,0.24338623881340027,0.5979999899864197,0.1859000027179718
YBR233W-A,YBR172C,0,-4.6276197,0.24328722059726715,0.5979999899864197,0.1860000044107437
YGR227W,YPL188W,0,-4.627846,0.2431882917881012,0.5979999899864197,0.18610000610351562
YGL073W,YDR325W,0,-4.628493,0.2430894374847412,0.5979999899864197,0.18619999289512634
YER073W,YOR221C,0,-4.628733,0.2429906576871872,0.5979999899864197,0.18629999458789825
YBR218C,YAL009W,0,-4.6306667,0.24289195239543915,0.5979999899864197,0.18639999628067017
YOL113W,YLL056C,0,-4.630934,0.24279333651065826,0.5979999899864197,0.18649999797344208
YLR381W,YMR021C,0,-4.6320043,0.24269481003284454,0.5979999899864197,0.186599999666214
YPR104C,YOR212W,0,-4.6326056,0.2425963431596756,0.5979999899864197,0.1867000013589859
YPL082C,YIL129C,0,-4.63307,0.24249796569347382,0.5979999899864197,0.1868000030517578
YKL021C,YDR208W,0,-4.633151,0.2423996776342392,0.5979999899864197,0.18690000474452972
YNL328C,YHR119W,0,-4.6332817,0.24230146408081055,0.5979999899864197,0.18700000643730164
YKL025C,YPL151C,1,-4.6333094,0.24260833859443665,0.5989999771118164,0.18700000643730164
YCR042C,YGR033C,0,-4.633785,0.242510125041008,0.5989999771118164,0.18709999322891235
YMR232W,YNL268W,0,-4.6338644,0.24241198599338531,0.5989999771118164,0.18719999492168427
YJR022W,YNL282W,1,-4.6343684,0.24271844327449799,0.6000000238418579,0.18719999492168427
YNL074C,YGL151W,0,-4.634385,0.2426203042268753,0.6000000238418579,0.18729999661445618
YPR057W,YAL043C,1,-4.6344576,0.2429264336824417,0.6010000109672546,0.18729999661445618
YMR138W,YJR028W,0,-4.634483,0.24282827973365784,0.6010000109672546,0.1873999983072281
YDL008W,YNR054C,0,-4.634597,0.24273021519184113,0.6010000109672546,0.1875
YJL184W,YIL112W,0,-4.634777,0.2426322102546692,0.6010000109672546,0.1876000016927719
YOR349W,YJL129C,0,-4.634915,0.24253429472446442,0.6010000109672546,0.18770000338554382
YJR017C,YLR277C,1,-4.6350646,0.24283985793590546,0.6019999980926514,0.18770000338554382
YGR224W,YKL165C,0,-4.6352916,0.24274194240570068,0.6019999980926514,0.18780000507831573
YCR048W,YGR249W,0,-4.6353164,0.24264410138130188,0.6019999980926514,0.18790000677108765
YOR349W,YNL262W,0,-4.635456,0.24254633486270905,0.6019999980926514,0.18799999356269836
YBR039W,YOR160W,0,-4.6374125,0.24244865775108337,0.6019999980926514,0.18809999525547028
YNL328C,YMR263W,0,-4.637807,0.24235104024410248,0.6019999980926514,0.1881999969482422
YJL021C,YFR053C,0,-4.6382785,0.24225352704524994,0.6019999980926514,0.1882999986410141
YMR073C,YFR052W,0,-4.638623,0.24215607345104218,0.6019999980926514,0.188400000333786
YGR003W,YHR158C,0,-4.6390324,0.24205870926380157,0.6019999980926514,0.18850000202655792
YLR424W,YKL018W,1,-4.639406,0.2423633486032486,0.6029999852180481,0.18850000202655792
YBR211C,YLR066W,0,-4.639411,0.2422659695148468,0.6029999852180481,0.18860000371932983
YFL023W,YOR144C,0,-4.63946,0.24216867983341217,0.6029999852180481,0.18870000541210175
YGR003W,YLR425W,0,-4.6404476,0.2420714646577835,0.6029999852180481,0.18880000710487366
YIL142W,YCL063W,0,-4.640491,0.24197432398796082,0.6029999852180481,0.18889999389648438
YCR028C,YDR341C,0,-4.64056,0.2418772578239441,0.6029999852180481,0.1889999955892563
YMR301C,YBR295W,0,-4.641192,0.24178026616573334,0.6029999852180481,0.1890999972820282
YBR039W,YBR210W,0,-4.641409,0.24168336391448975,0.6029999852180481,0.1891999989748001
YBR160W,YBR010W,0,-4.641974,0.24158653616905212,0.6029999852180481,0.18930000066757202
YDR331W,YHR181W,0,-4.6420355,0.24148978292942047,0.6029999852180481,0.18940000236034393
YJR017C,YAL043C,1,-4.643133,0.2417934387922287,0.6039999723434448,0.18940000236034393
YDR480W,YKL165C,0,-4.643367,0.24169668555259705,0.6039999723434448,0.18950000405311584
YOR377W,YML127W,0,-4.643523,0.24160000681877136,0.6039999723434448,0.18960000574588776
YPR018W,YDL150W,0,-4.64472,0.24150340259075165,0.6039999723434448,0.18970000743865967
YIL128W,YIR022W,0,-4.645211,0.2414068728685379,0.6039999723434448,0.18979999423027039
YPR046W,YLR195C,0,-4.6480837,0.24131043255329132,0.6039999723434448,0.1898999959230423
YGR218W,YJL006C,0,-4.6482515,0.24121405184268951,0.6039999723434448,0.1899999976158142
YOL108C,YFR013W,0,-4.6493235,0.24111776053905487,0.6039999723434448,0.19009999930858612
YDR301W,YDL087C,1,-4.6495714,0.24142059683799744,0.6050000190734863,0.19009999930858612
YJL183W,YIL129C,0,-4.650309,0.2413242906332016,0.6050000190734863,0.19020000100135803
YDL143W,YEL051W,0,-4.6507177,0.24122807383537292,0.6050000190734863,0.19030000269412994
YPL202C,YDR131C,0,-4.650743,0.24113193154335022,0.6050000190734863,0.19040000438690186
YDR214W,YML131W,0,-4.6508145,0.24103586375713348,0.6050000190734863,0.19050000607967377
YML114C,YHR012W,0,-4.650848,0.24093987047672272,0.6050000190734863,0.19059999287128448
YNL164C,YLR010C,0,-4.65095,0.24084395170211792,0.6050000190734863,0.1906999945640564
YNL014W,YOR160W,0,-4.651312,0.2407481074333191,0.6050000190734863,0.1907999962568283
YMR266W,YDL195W,0,-4.6513147,0.24065235257148743,0.6050000190734863,0.19089999794960022
YPL248C,YDR055W,0,-4.6517878,0.24055665731430054,0.6050000190734863,0.19099999964237213
YEL016C,YGL151W,0,-4.652274,0.2404610514640808,0.6050000190734863,0.19110000133514404
YPR082C,YNL147W,1,-4.6525526,0.24076281487941742,0.6060000061988831,0.19110000133514404
YER169W,YMR270C,0,-4.652859,0.2406671941280365,0.6060000061988831,0.19120000302791595
YGR224W,YJR131W,0,-4.653061,0.24057166278362274,0.6060000061988831,0.19130000472068787
YCL054W,YOR064C,0,-4.653118,0.24047619104385376,0.6060000061988831,0.19140000641345978
YGR186W,YCL019W,0,-4.6536756,0.24038080871105194,0.6060000061988831,0.1914999932050705
YOR221C,YGL011C,0,-4.655031,0.2402854859828949,0.6060000061988831,0.1915999948978424
YMR072W,YIL119C,0,-4.655273,0.24019025266170502,0.6060000061988831,0.19169999659061432
YNL009W,YPR188C,0,-4.6553664,0.2400950938463211,0.6060000061988831,0.19179999828338623
YPL209C,YIL080W,0,-4.656413,0.23999999463558197,0.6060000061988831,0.19189999997615814
YDR301W,YDR163W,1,-4.6569605,0.24030086398124695,0.6069999933242798,0.19189999997615814
YDR310C,YBR083W,0,-4.657021,0.240205779671669,0.6069999933242798,0.19200000166893005
YFL010W-A,YML023C,0,-4.6574755,0.24011075496673584,0.6069999933242798,0.19210000336170197
YMR029C,YLR066W,0,-4.6581173,0.24001581966876984,0.6069999933242798,0.19220000505447388
YLR160C,YJR028W,0,-4.6588535,0.2399209439754486,0.6069999933242798,0.1923000067472458
YKL208W,YJR017C,1,-4.6590786,0.24022126197814941,0.6079999804496765,0.1923000067472458
YDR214W,YNL039W,0,-4.659094,0.24012638628482819,0.6079999804496765,0.1923999935388565
YDL087C,YLR147C,1,-4.659177,0.24042637646198273,0.609000027179718,0.1923999935388565
YJL165C,YDR308C,0,-4.6595407,0.2403314858675003,0.609000027179718,0.19249999523162842
YBR065C,YLR277C,1,-4.6595926,0.24063116312026978,0.6100000143051147,0.19249999523162842
YDR481C,YER005W,0,-4.6606245,0.24053627252578735,0.6100000143051147,0.19259999692440033
YKR076W,YCR080W,0,-4.660887,0.2404414713382721,0.6100000143051147,0.19269999861717224
YML015C,YIL056W,0,-4.6614575,0.2403467297554016,0.6100000143051147,0.19280000030994415
YFR013W,YKL055C,0,-4.661472,0.2402520626783371,0.6100000143051147,0.19290000200271606
YOR005C,YDL225W,0,-4.6614876,0.24015748500823975,0.6100000143051147,0.19300000369548798
YDR524C,YOR106W,0,-4.6618567,0.24006296694278717,0.6100000143051147,0.1931000053882599
YDL128W,YMR284W,0,-4.662052,0.23996852338314056,0.6100000143051147,0.1932000070810318
YDL008W,YNL312W,0,-4.6625824,0.23987416923046112,0.6100000143051147,0.19329999387264252
YJL128C,YBL093C,0,-4.662646,0.23977987468242645,0.6100000143051147,0.19339999556541443
YIL106W,YOR149C,0,-4.662833,0.23968565464019775,0.6100000143051147,0.19349999725818634
YHR116W,YML131W,0,-4.6628804,0.23959150910377502,0.6100000143051147,0.19359999895095825
YLR263W,YOR172W,0,-4.6635895,0.23949745297431946,0.6100000143051147,0.19370000064373016
YDR309C,YOL031C,0,-4.663762,0.23940345644950867,0.6100000143051147,0.19380000233650208
YIL128W,YHR034C,0,-4.6638083,0.23930953443050385,0.6100000143051147,0.193900004029274
YHR019C,YGR186W,0,-4.6644416,0.239215686917305,0.6100000143051147,0.1940000057220459
YFL017W-A,YBR152W,1,-4.664451,0.23951391875743866,0.6110000014305115,0.1940000057220459
YDL128W,YJR102C,0,-4.665903,0.2394200563430786,0.6110000014305115,0.1941000074148178
YLL015W,YGL151W,0,-4.666591,0.23932628333568573,0.6110000014305115,0.19419999420642853
YPL209C,YOR272W,0,-4.6671715,0.23923256993293762,0.6110000014305115,0.19429999589920044
YBR065C,YDL098C,1,-4.668194,0.23953033983707428,0.6119999885559082,0.19429999589920044
YNL110C,YJL145W,0,-4.6688795,0.23943662643432617,0.6119999885559082,0.19439999759197235
YER019W,YER001W,0,-4.6692615,0.23934297263622284,0.6119999885559082,0.19449999928474426
YNL129W,YJL145W,0,-4.6694713,0.23924940824508667,0.6119999885559082,0.19460000097751617
YPR104C,YFR034C,0,-4.6695623,0.23915591835975647,0.6119999885559082,0.19470000267028809
YJL034W,YNL186W,0,-4.67008,0.23906250298023224,0.6119999885559082,0.19480000436306
YER028C,YER005W,0,-4.6713247,0.23896914720535278,0.6119999885559082,0.1949000060558319
YJL194W,YCL075W,0,-4.671444,0.2388758808374405,0.6119999885559082,0.19499999284744263
YGR227W,YDR165W,0,-4.6715364,0.23878267407417297,0.6119999885559082,0.19509999454021454
YBL009W,YJL111W,0,-4.6722145,0.23868954181671143,0.6119999885559082,0.19519999623298645
YDR386W,YNL222W,0,-4.6722345,0.23859648406505585,0.6119999885559082,0.19529999792575836
YMR150C,YIL106W,0,-4.6723475,0.23850350081920624,0.6119999885559082,0.19539999961853027
YCL016C,YNL154C,0,-4.672428,0.2384105920791626,0.6119999885559082,0.19550000131130219
YPR165W,YOL121C,0,-4.673172,0.23831775784492493,0.6119999885559082,0.1956000030040741
YIL106W,YAL009W,0,-4.6732616,0.23822498321533203,0.6119999885559082,0.195700004696846
YBR059C,YDL080C,0,-4.6737404,0.2381322979927063,0.6119999885559082,0.19580000638961792
YHL036W,YIL109C,0,-4.673801,0.23803967237472534,0.6119999885559082,0.19589999318122864
YBR065C,YFL017W-A,1,-4.6741457,0.23833592236042023,0.6129999756813049,0.19589999318122864
YPL018W,YGL172W,0,-4.675239,0.23824329674243927,0.6129999756813049,0.19599999487400055
YOL069W,YDR379W,0,-4.6759877,0.2381507307291031,0.6129999756813049,0.19609999656677246
YGR218W,YKL122C,0,-4.6760283,0.23805825412273407,0.6129999756813049,0.19619999825954437
YGL175C,YLR268W,0,-4.6761513,0.23796583712100983,0.6129999756813049,0.19629999995231628
YLR381W,YDR180W,0,-4.67617,0.23787349462509155,0.6129999756813049,0.1964000016450882
YCL027W,YBR002C,0,-4.6762934,0.23778122663497925,0.6129999756813049,0.1965000033378601
YPR083W,YDR207C,0,-4.6765203,0.2376890331506729,0.6129999756813049,0.19660000503063202
YPR002W,YIR018W,0,-4.677595,0.23759689927101135,0.6129999756813049,0.19670000672340393
YKR086W,YFR005C,1,-4.6777544,0.237892284989357,0.6140000224113464,0.19670000672340393
YKR095W-A,YDR189W,0,-4.6783915,0.23780015110969543,0.6140000224113464,0.19679999351501465
YLR166C,YOR179C,0,-4.678701,0.23770809173583984,0.6140000224113464,0.19689999520778656
YGR239C,YIL056W,0,-4.6790276,0.23761609196662903,0.6140000224113464,0.19699999690055847
YJL184W,YGL011C,0,-4.680544,0.23752418160438538,0.6140000224113464,0.19709999859333038
YGR097W,YHR034C,0,-4.6806254,0.2374323308467865,0.6140000224113464,0.1972000002861023
YLR110C,YPR138C,0,-4.6806326,0.2373405545949936,0.6140000224113464,0.1973000019788742
YGL195W,YMR021C,0,-4.6806884,0.23724883794784546,0.6140000224113464,0.19740000367164612
YMR001C,YLR005W,0,-4.681448,0.2371572107076645,0.6140000224113464,0.19750000536441803
YCL016C,YOL020W,0,-4.6817675,0.2370656430721283,0.6140000224113464,0.19760000705718994
YDR301W,YKR002W,1,-4.6822743,0.23736009001731873,0.6150000095367432,0.19760000705718994
YAL032C,YFR005C,1,-4.682721,0.23765432834625244,0.6159999966621399,0.19760000705718994
YOR079C,YPR070W,0,-4.683751,0.23756267130374908,0.6159999966621399,0.19769999384880066
YMR073C,YFR034C,0,-4.6846733,0.2374710887670517,0.6159999966621399,0.19779999554157257
YDR301W,YPR094W,1,-4.6852264,0.23776493966579437,0.6169999837875366,0.19779999554157257
YHR150W,YDR485C,0,-4.685716,0.2376733422279358,0.6169999837875366,0.19789999723434448
YGR230W,YML103C,0,-4.6866703,0.23758181929588318,0.6169999837875366,0.1979999989271164
YKL042W,YOR287C,0,-4.68848,0.23749037086963654,0.6169999837875366,0.1981000006198883
YJL111W,YNL323W,0,-4.6886134,0.23739899694919586,0.6169999837875366,0.19820000231266022
YGR218W,YOL133W,0,-4.689851,0.23730769753456116,0.6169999837875366,0.19830000400543213
YDL170W,YGR111W,0,-4.6907353,0.23721645772457123,0.6169999837875366,0.19840000569820404
YOL122C,YIR018W,0,-4.6912184,0.23712529242038727,0.6169999837875366,0.19850000739097595
YNR010W,YML033W,0,-4.6915164,0.23703418672084808,0.6169999837875366,0.19859999418258667
YPR020W,YGL247W,0,-4.692954,0.23694317042827606,0.6169999837875366,0.19869999587535858
YFR030W,YLR329W,0,-4.6931143,0.23685221374034882,0.6169999837875366,0.1987999975681305
YLR007W,YOR098C,0,-4.6933045,0.23676131665706635,0.6169999837875366,0.1988999992609024
YPL091W,YER028C,0,-4.6939707,0.23667050898075104,0.6169999837875366,0.19900000095367432
YOR180C,YOL043C,0,-4.6942706,0.2365797609090805,0.6169999837875366,0.19910000264644623
YHR034C,YMR270C,0,-4.6942797,0.23648907244205475,0.6169999837875366,0.19920000433921814
YDR335W,YHL036W,0,-4.6947093,0.23639847338199615,0.6169999837875366,0.19930000603199005
YDR337W,YIL129C,0,-4.6947536,0.23630793392658234,0.6169999837875366,0.19939999282360077
YGL155W,YBR089C-A,0,-4.695429,0.2362174540758133,0.6169999837875366,0.19949999451637268
YDL175C,YDR480W,0,-4.6955767,0.2361270636320114,0.6169999837875366,0.1995999962091446
YOL130W,YCR083W,0,-4.696168,0.23603671789169312,0.6169999837875366,0.1996999979019165
YLR384C,YIL120W,0,-4.696455,0.23594646155834198,0.6169999837875366,0.19979999959468842
YKL191W,YML032C,0,-4.6964874,0.23585626482963562,0.6169999837875366,0.19990000128746033
YJL165C,YMR270C,0,-4.696889,0.23576614260673523,0.6169999837875366,0.20000000298023224
YDL088C,YHR001W-A,0,-4.697384,0.2356760948896408,0.6169999837875366,0.20010000467300415
YKL160W,YJL207C,0,-4.6978703,0.23558610677719116,0.6169999837875366,0.20020000636577606
YDR195W,YDR478W,1,-4.698246,0.2358778566122055,0.6179999709129333,0.20020000636577606
YLR215C,YDR180W,0,-4.698662,0.23578786849975586,0.6179999709129333,0.20029999315738678
YFL009W,YER028C,0,-4.699735,0.235697939991951,0.6179999709129333,0.2003999948501587
YDL098C,YBR152W,1,-4.699894,0.23598933219909668,0.6190000176429749,0.2003999948501587
YOR221C,YNR006W,0,-4.7001286,0.23589938879013062,0.6190000176429749,0.2004999965429306
YHR073W,YDR398W,0,-4.7002106,0.23580951988697052,0.6190000176429749,0.20059999823570251
YJL065C,YGL068W,0,-4.700311,0.2357197254896164,0.6190000176429749,0.20069999992847443
YPR155C,YDL006W,0,-4.7003665,0.23562999069690704,0.6190000176429749,0.20080000162124634
YPL171C,YKL086W,0,-4.700689,0.23554033041000366,0.6190000176429749,0.20090000331401825
YJR045C,YNL070W,0,-4.7008004,0.23545074462890625,0.6190000176429749,0.20100000500679016
YOL108C,YIL106W,0,-4.700985,0.2353612184524536,0.6190000176429749,0.20110000669956207
YML080W,YER028C,0,-4.701087,0.23527176678180695,0.6190000176429749,0.2011999934911728
YDR289C,YJL129C,0,-4.7016983,0.23518237471580505,0.6190000176429749,0.2012999951839447
YJL021C,YOL122C,0,-4.7019463,0.23509305715560913,0.6190000176429749,0.2013999968767166
YDL087C,YDL098C,1,-4.702347,0.23538345098495483,0.6200000047683716,0.2013999968767166
YDR432W,YJL148W,0,-4.7026815,0.23529411852359772,0.6200000047683716,0.20149999856948853
YLR219W,YPL258C,0,-4.7029047,0.23520486056804657,0.6200000047683716,0.20160000026226044
YDR142C,YBR275C,0,-4.7032003,0.2351156622171402,0.6200000047683716,0.20170000195503235
YJL008C,YHR023W,0,-4.7034307,0.2350265383720398,0.6200000047683716,0.20180000364780426
YKL112W,YCR084C,0,-4.703727,0.23493747413158417,0.6200000047683716,0.20190000534057617
YCR028C,YIL119C,0,-4.7038918,0.2348484843969345,0.6200000047683716,0.20200000703334808
YMR047C,YCL019W,0,-4.7043858,0.23475955426692963,0.6200000047683716,0.2020999938249588
YJR083C,YOR064C,0,-4.7044125,0.2346706986427307,0.6200000047683716,0.2021999955177307
YNL053W,YDR131C,0,-4.704574,0.23458191752433777,0.6200000047683716,0.20229999721050262
YPR094W,YPR182W,1,-4.704595,0.23487140238285065,0.6209999918937683,0.20229999721050262
YMR298W,YMR270C,0,-4.7065496,0.2347826063632965,0.6209999918937683,0.20239999890327454
YLR195C,YFR034C,0,-4.7066145,0.23469388484954834,0.6209999918937683,0.20250000059604645
YHR187W,YOR103C,0,-4.707282,0.23460520803928375,0.6209999918937683,0.20260000228881836
YOR241W,YNL053W,0,-4.708317,0.23451662063598633,0.6209999918937683,0.20270000398159027
YNL147W,YKL025C,1,-4.7088623,0.23480558395385742,0.621999979019165,0.20270000398159027
YMR301C,YPL153C,0,-4.708924,0.2347169816493988,0.621999979019165,0.20280000567436218
YGL195W,YML023C,0,-4.710192,0.23462843894958496,0.621999979019165,0.2029000073671341
YLR116W,YOR148C,1,-4.710298,0.2349170446395874,0.6230000257492065,0.2029000073671341
YDR397C,YCR044C,0,-4.710509,0.23482850193977356,0.6230000257492065,0.2029999941587448
YER114C,YLR192C,0,-4.711036,0.2347400188446045,0.6230000257492065,0.20309999585151672
YML080W,YOL066C,0,-4.711208,0.2346515953540802,0.6230000257492065,0.20319999754428864
YAL042W,YMR183C,0,-4.7119155,0.23456324636936188,0.6230000257492065,0.20329999923706055
YDR208W,YOL113W,0,-4.712284,0.23447497189044952,0.6230000257492065,0.20340000092983246
YGR010W,YDR058C,0,-4.7127533,0.23438675701618195,0.6230000257492065,0.20350000262260437
YOR064C,YGR111W,0,-4.713737,0.23429860174655914,0.6230000257492065,0.20360000431537628
YNL084C,YKL166C,0,-4.7138414,0.2342105209827423,0.6230000257492065,0.2037000060081482
YNL127W,YNL268W,0,-4.713867,0.23412251472473145,0.6230000257492065,0.2037999927997589
YFR034C,YIL084C,0,-4.7150836,0.23403455317020416,0.6230000257492065,0.20389999449253082
YDR432W,YBR273C,0,-4.7154894,0.23394668102264404,0.6230000257492065,0.20399999618530273
YLR078C,YCL005W-A,0,-4.715593,0.2338588535785675,0.6230000257492065,0.20409999787807465
YDR372C,YHL009C,0,-4.715681,0.23377110064029694,0.6230000257492065,0.20419999957084656
YBL016W,YLR010C,0,-4.716444,0.23368342220783234,0.6230000257492065,0.20430000126361847
YDR298C,YDR075W,0,-4.716469,0.2335958033800125,0.6230000257492065,0.20440000295639038
YIL084C,YJL129C,0,-4.716516,0.23350824415683746,0.6230000257492065,0.2045000046491623
YJR017C,YNL147W,1,-4.7166023,0.2337954342365265,0.6240000128746033,0.2045000046491623
YCR044C,YBL058W,0,-4.7175345,0.23370786011219025,0.6240000128746033,0.2046000063419342
YBR256C,YIR015W,0,-4.717559,0.23362036049365997,0.6240000128746033,0.20469999313354492
YJL208C,YHR073W,0,-4.7179246,0.23353293538093567,0.6240000128746033,0.20479999482631683
YDR122W,YJL072C,0,-4.717948,0.23344556987285614,0.6240000128746033,0.20489999651908875
YMR162C,YNL153C,0,-4.71835,0.2333582639694214,0.6240000128746033,0.20499999821186066
YPL202C,YGR258C,0,-4.718794,0.2332710325717926,0.6240000128746033,0.20509999990463257
YNL053W,YPL153C,0,-4.7191877,0.2331838607788086,0.6240000128746033,0.20520000159740448
YPR188C,YDR083W,0,-4.719513,0.23309674859046936,0.6240000128746033,0.2053000032901764
YDR393W,YJR086W,0,-4.719522,0.2330097109079361,0.6240000128746033,0.2054000049829483
YOL039W,YLR166C,0,-4.7199874,0.2329227328300476,0.6240000128746033,0.20550000667572021
YGR227W,YBR218C,0,-4.720022,0.2328358143568039,0.6240000128746033,0.20559999346733093
YCR028C,YBR273C,0,-4.720087,0.23274897038936615,0.6240000128746033,0.20569999516010284
YGL065C,YNL084C,0,-4.720284,0.23266218602657318,0.6240000128746033,0.20579999685287476
YDR021W,YGR222W,0,-4.7202873,0.23257547616958618,0.6240000128746033,0.20589999854564667
YLR242C,YML114C,0,-4.720574,0.23248882591724396,0.6240000128746033,0.20600000023841858
YGL219C,YOL043C,0,-4.720584,0.2324022352695465,0.6240000128746033,0.2061000019311905
YOR307C,YML055W,0,-4.7208414,0.23231570422649384,0.6240000128746033,0.2062000036239624
YBL102W,YHL009C,0,-4.721074,0.23222924768924713,0.6240000128746033,0.20630000531673431
YBR278W,YKL191W,0,-4.7214303,0.2321428507566452,0.6240000128746033,0.20640000700950623
YNL148C,YMR270C,0,-4.7220545,0.23205652832984924,0.6240000128746033,0.20649999380111694
YBR065C,YJR022W,1,-4.7223225,0.23234200477600098,0.625,0.20649999380111694
YOR123C,YLR417W,0,-4.722383,0.23225566744804382,0.625,0.20659999549388885
YHL040C,YKR008W,0,-4.722542,0.23216938972473145,0.625,0.20669999718666077
YLR034C,YNL070W,0,-4.722851,0.23208317160606384,0.625,0.20679999887943268
YPR072W,YKL018W,1,-4.723142,0.23236823081970215,0.6259999871253967,0.20679999887943268
YJL025W,YBR058C-A,0,-4.7238626,0.23228199779987335,0.6259999871253967,0.2069000005722046
YCL016C,YGR285C,0,-4.7244463,0.23219583928585052,0.6259999871253967,0.2070000022649765
YER068W,YDR478W,1,-4.7244987,0.23248054087162018,0.6269999742507935,0.2070000022649765
YGL178W,YCR080W,0,-4.72466,0.23239436745643616,0.6269999742507935,0.2071000039577484
YIL106W,YLR025W,0,-4.7251134,0.2323082685470581,0.6269999742507935,0.20720000565052032
YBR145W,YEL004W,0,-4.7253532,0.23222222924232483,0.6269999742507935,0.20730000734329224
YAL044C,YPL253C,0,-4.7257667,0.23213624954223633,0.6269999742507935,0.20739999413490295
YGL178W,YHR041C,0,-4.7260294,0.2320503294467926,0.6269999742507935,0.20749999582767487
YDL058W,YDR131C,0,-4.726059,0.23196448385715485,0.6269999742507935,0.20759999752044678
YCR038C,YGL238W,0,-4.7263203,0.23187869787216187,0.6269999742507935,0.2076999992132187
YPL096C-A,YLR135W,0,-4.7266145,0.23179297149181366,0.6269999742507935,0.2078000009059906
YMR072W,YHR041C,0,-4.726759,0.23170731961727142,0.6269999742507935,0.2079000025987625
YPR155C,YNL304W,0,-4.7283187,0.23162172734737396,0.6269999742507935,0.20800000429153442
YMR232W,YDR393W,0,-4.7290506,0.23153619468212128,0.6269999742507935,0.20810000598430634
YLR078C,YNL323W,0,-4.729439,0.23145072162151337,0.6269999742507935,0.20819999277591705
YOR171C,YMR214W,0,-4.7298713,0.23136530816555023,0.6269999742507935,0.20829999446868896
YOR346W,YLR455W,0,-4.72995,0.23127996921539307,0.6269999742507935,0.20839999616146088
YKR002W,YMR216C,1,-4.7308526,0.23156341910362244,0.628000020980835,0.20839999616146088
YBR201W,YGR111W,0,-4.7310076,0.23147806525230408,0.628000020980835,0.2084999978542328
YGL011C,YGR211W,0,-4.731294,0.2313927710056305,0.628000020980835,0.2085999995470047
YMR073C,YLR329W,0,-4.7313914,0.23130755126476288,0.628000020980835,0.2087000012397766
YGL105W,YPL208W,0,-4.7326536,0.23122239112854004,0.628000020980835,0.20880000293254852
YJR092W,YDL036C,0,-4.7327714,0.23113729059696198,0.628000020980835,0.20890000462532043
YDL135C,YBL061C,0,-4.7330017,0.2310522496700287,0.628000020980835,0.20900000631809235
YNL307C,YMR183C,0,-4.7333055,0.23096726834774017,0.628000020980835,0.20909999310970306
YLR381W,YMR296C,0,-4.733317,0.23088234663009644,0.628000020980835,0.20919999480247498
YKL208W,YPR082C,1,-4.733325,0.23116500675678253,0.6290000081062317,0.20919999480247498
YIL084C,YPR095C,0,-4.7335114,0.2310800850391388,0.6290000081062317,0.2092999964952469
YGL035C,YBR283C,0,-4.7339425,0.23099522292613983,0.6290000081062317,0.2093999981880188
YER167W,YPR001W,0,-4.734514,0.23091042041778564,0.6290000081062317,0.2094999998807907
YPL110C,YKL088W,0,-4.734947,0.23082569241523743,0.6290000081062317,0.20960000157356262
YPR086W,YPL033C,0,-4.735113,0.2307410091161728,0.6290000081062317,0.20970000326633453
YER068W,YLR116W,1,-4.7356777,0.23102310299873352,0.6299999952316284,0.20970000326633453
YER114C,YPR095C,0,-4.7359676,0.23093841969966888,0.6299999952316284,0.20980000495910645
YDL013W,YPR181C,0,-4.7361917,0.23085379600524902,0.6299999952316284,0.20990000665187836
YNL153C,YAL015C,0,-4.7362757,0.23076923191547394,0.6299999952316284,0.20999999344348907
YGL190C,YMR283C,0,-4.7364235,0.23068472743034363,0.6299999952316284,0.210099995136261
YDR116C,YDR277C,0,-4.7366924,0.2306002974510193,0.6299999952316284,0.2101999968290329
YGL192W,YBL093C,0,-4.736734,0.23051591217517853,0.6299999952316284,0.2102999985218048
YBL009W,YIL063C,0,-4.737139,0.23043160140514374,0.6299999952316284,0.21040000021457672
YDR456W,YPL234C,0,-4.737216,0.23034735023975372,0.6299999952316284,0.21050000190734863
YHR039C,YHR099W,0,-4.7372646,0.23026315867900848,0.6299999952316284,0.21060000360012054
YER167W,YJR010C-A,0,-4.7373676,0.23017902672290802,0.6299999952316284,0.21070000529289246
YOR002W,YDR013W,0,-4.73752,0.23009495437145233,0.6299999952316284,0.21080000698566437
YGR010W,YPL010W,0,-4.7375317,0.2300109565258026,0.6299999952316284,0.21089999377727509
YJL065C,YPR086W,0,-4.737996,0.22992700338363647,0.6299999952316284,0.210999995470047
YHR023W,YDR181C,0,-4.738336,0.2298431247472763,0.6299999952316284,0.2110999971628189
YMR041C,YHR099W,0,-4.7397046,0.2297593057155609,0.6299999952316284,0.21119999885559082
YLR005W,YBR105C,0,-4.7398024,0.2296755313873291,0.6299999952316284,0.21130000054836273
YKL160W,YOR103C,0,-4.740267,0.22959183156490326,0.6299999952316284,0.21140000224113464
YDR208W,YBR058C-A,0,-4.740426,0.2295081913471222,0.6299999952316284,0.21150000393390656
YOR149C,YCL075W,0,-4.7410135,0.2294246107339859,0.6299999952316284,0.21160000562667847
YDL008W,YDL017W,0,-4.741195,0.22934110462665558,0.6299999952316284,0.21170000731945038
YKL146W,YCR084C,0,-4.741247,0.22925764322280884,0.6299999952316284,0.2117999941110611
YFL018C,YGR024C,0,-4.74131,0.22917424142360687,0.6299999952316284,0.211899995803833
YNR010W,YDL200C,0,-4.7414236,0.22909091413021088,0.6299999952316284,0.21199999749660492
YOL156W,YOL113W,0,-4.7414937,0.22900763154029846,0.6299999952316284,0.21209999918937683
YDR456W,YCR083W,0,-4.7419524,0.22892442345619202,0.6299999952316284,0.21220000088214874
YER167W,YOR005C,0,-4.7420325,0.22884126007556915,0.6299999952316284,0.21230000257492065
YNL220W,YGR186W,0,-4.742696,0.22875817120075226,0.6299999952316284,0.21240000426769257
YER068W,YPL151C,1,-4.743243,0.22903811931610107,0.6309999823570251,0.21240000426769257
YLR110C,YPL059W,0,-4.743623,0.2289550006389618,0.6309999823570251,0.21250000596046448
YFL016C,YMR109W,0,-4.743662,0.22887195646762848,0.6309999823570251,0.2125999927520752
YOR039W,YJL034W,0,-4.7437134,0.22878897190093994,0.6309999823570251,0.2126999944448471
YGL030W,YGR129W,1,-4.7442503,0.22906850278377533,0.6320000290870667,0.2126999944448471
YJL065C,YOR149C,0,-4.7443542,0.2289855033159256,0.6320000290870667,0.21279999613761902
YBL061C,YOR287C,0,-4.7447567,0.22890257835388184,0.6320000290870667,0.21289999783039093
YPR082C,YGL122C,1,-4.745058,0.22918175160884857,0.6330000162124634,0.21289999783039093
YHR073W,YIL080W,0,-4.745499,0.22909881174564362,0.6330000162124634,0.21299999952316284
YBR233W-A,YBR037C,0,-4.745633,0.22901591658592224,0.6330000162124634,0.21310000121593475
YDR397C,YLR262C,0,-4.7462626,0.22893309593200684,0.6330000162124634,0.21320000290870667
YNL288W,YGR181W,0,-4.747197,0.228850319981575,0.6330000162124634,0.21330000460147858
YOR221C,YPR165W,0,-4.747642,0.22876761853694916,0.6330000162124634,0.2134000062942505
YDL017W,YPL192C,0,-4.7484517,0.22868497669696808,0.6330000162124634,0.2134999930858612
YMR225C,YPL239W,0,-4.748872,0.22860237956047058,0.6330000162124634,0.21359999477863312
YOL049W,YIL008W,0,-4.748926,0.22851985692977905,0.6330000162124634,0.21369999647140503
YBR049C,YML014W,0,-4.749214,0.2284373939037323,0.6330000162124634,0.21379999816417694
YPL192C,YDR515W,0,-4.749636,0.22835497558116913,0.6330000162124634,0.21389999985694885
YLR381W,YML098W,0,-4.749978,0.22827263176441193,0.6330000162124634,0.21400000154972076
YPR057W,YLR116W,1,-4.7505283,0.22855083644390106,0.6340000033378601,0.21400000154972076
YJL076W,YDL109C,0,-4.7510614,0.22846846282482147,0.6340000033378601,0.21410000324249268
YGL030W,YPR182W,1,-4.7524567,0.22874639928340912,0.6349999904632568,0.21410000324249268
YCR053W,YGR211W,0,-4.75247,0.22866402566432953,0.6349999904632568,0.2142000049352646
YBR159W,YMR203W,0,-4.752673,0.22858171164989471,0.6349999904632568,0.2143000066280365
YDR423C,YOL001W,0,-4.7528396,0.22849945724010468,0.6349999904632568,0.21439999341964722
YER068W,YKR086W,1,-4.7529144,0.2287769764661789,0.6359999775886536,0.21439999341964722
YBR068C,YLR010C,0,-4.753068,0.22869470715522766,0.6359999775886536,0.21449999511241913
YOL069W,YCL008C,0,-4.75328,0.2286125123500824,0.6359999775886536,0.21459999680519104
YKL042W,YDL235C,0,-4.7534056,0.22853036224842072,0.6359999775886536,0.21469999849796295
YKL208W,YIR005W,1,-4.7541018,0.2288074642419815,0.6370000243186951,0.21469999849796295
YJL184W,YGL175C,0,-4.7551413,0.22872531414031982,0.6370000243186951,0.21480000019073486
YMR216C,YBR152W,1,-4.755664,0.22900214791297913,0.6380000114440918,0.21480000019073486
YNL074C,YDR372C,0,-4.7561207,0.22891998291015625,0.6380000114440918,0.21490000188350677
YER032W,YBL026W,1,-4.7565565,0.22919656336307526,0.6389999985694885,0.21490000188350677
YDR207C,YER072W,0,-4.756599,0.2291143834590912,0.6389999985694885,0.2150000035762787
YPL018W,YOR149C,0,-4.7566824,0.2290322631597519,0.6389999985694885,0.2151000052690506
YHR171W,YOR088W,0,-4.7570295,0.22895020246505737,0.6389999985694885,0.2152000069618225
YML032C,YDR498C,0,-4.757084,0.22886820137500763,0.6389999985694885,0.21529999375343323
YOR172W,YIL080W,0,-4.7579,0.22878624498844147,0.6389999985694885,0.21539999544620514
YNL136W,YJL148W,0,-4.7589874,0.22870436310768127,0.6389999985694885,0.21549999713897705
YDL003W,YIL080W,0,-4.759663,0.22862254083156586,0.6389999985694885,0.21559999883174896
YIL002C,YNL304W,0,-4.7601933,0.22854077816009521,0.6389999985694885,0.21570000052452087
YDR298C,YML102W,0,-4.7606077,0.22845906019210815,0.6389999985694885,0.21580000221729279
YPR082C,YDL098C,1,-4.7609997,0.2287348061800003,0.6399999856948853,0.21580000221729279
YKL079W,YPR095C,0,-4.761101,0.22865308821201324,0.6399999856948853,0.2159000039100647
YKR059W,YOR142W-B,0,-4.761423,0.22857142984867096,0.6399999856948853,0.2160000056028366
YDL017W,YDR320C-A,0,-4.7615147,0.22848983108997345,0.6399999856948853,0.21610000729560852
YJR017C,YPR182W,1,-4.7625537,0.22876517474651337,0.640999972820282,0.21610000729560852
YLL015W,YJR028W,0,-4.762739,0.22868354618549347,0.640999972820282,0.21619999408721924
YMR301C,YOL077W-A,0,-4.7629805,0.22860199213027954,0.640999972820282,0.21629999577999115
YIL119C,YDL109C,0,-4.7638454,0.2285204976797104,0.640999972820282,0.21639999747276306
YLR090W,YIL080W,0,-4.763997,0.228439062833786,0.640999972820282,0.21649999916553497
YCL008C,YML039W,0,-4.764282,0.22835767269134521,0.640999972820282,0.21660000085830688
YBL102W,YCL005W-A,0,-4.764343,0.2282763570547104,0.640999972820282,0.2167000025510788
YGR097W,YMR109W,0,-4.7653265,0.22819508612155914,0.640999972820282,0.2168000042438507
YDL154W,YCR060W,0,-4.765558,0.22811387479305267,0.640999972820282,0.21690000593662262
YMR224C,YLR346C,0,-4.766329,0.22803272306919098,0.640999972820282,0.21699999272823334
YGR261C,YHR073W,0,-4.7665453,0.22795163094997406,0.640999972820282,0.21709999442100525
YKL160W,YHR005C,0,-4.766645,0.22787059843540192,0.640999972820282,0.21719999611377716
YDL200C,YIL118W,0,-4.7671356,0.22778962552547455,0.640999972820282,0.21729999780654907
YLR431C,YGL142C,0,-4.767549,0.22770869731903076,0.640999972820282,0.21739999949932098
YLR081W,YCR080W,0,-4.7676563,0.22762784361839294,0.640999972820282,0.2175000011920929
YIL036W,YCR042C,0,-4.7684274,0.2275470346212387,0.640999972820282,0.2176000028848648
YFR024C,YPL210C,0,-4.7688274,0.22746628522872925,0.640999972820282,0.21770000457763672
YNL230C,YFR030W,0,-4.769543,0.22738559544086456,0.640999972820282,0.21780000627040863
YOR249C,YEL016C,0,-4.7704377,0.22730496525764465,0.640999972820282,0.21789999306201935
YBR077C,YLR240W,0,-4.770678,0.22722439467906952,0.640999972820282,0.21799999475479126
YGL011C,YHR099W,0,-4.771518,0.22714386880397797,0.640999972820282,0.21809999644756317
YBR234C,YDR480W,0,-4.771727,0.2270634025335312,0.640999972820282,0.21819999814033508
YLR147C,YPR182W,1,-4.772178,0.22733710706233978,0.6420000195503235,0.21819999814033508
YLR319C,YGL238W,0,-4.772316,0.227256640791893,0.6420000195503235,0.218299999833107
YER088C,YLR268W,0,-4.7728605,0.2271762192249298,0.6420000195503235,0.2184000015258789
YNL268W,YDR372C,0,-4.7737465,0.2270958572626114,0.6420000195503235,0.21850000321865082
YDL017W,YPR188C,0,-4.774231,0.22701555490493774,0.6420000195503235,0.21860000491142273
YBR065C,YPR094W,1,-4.774973,0.22728879749774933,0.6430000066757202,0.21860000491142273
YBR010W,YHR084W,0,-4.7754893,0.2272084802389145,0.6430000066757202,0.21870000660419464
YOR037W,YCL074W,0,-4.7757063,0.22712822258472443,0.6430000066757202,0.21879999339580536
YBR049C,YDL235C,0,-4.776169,0.22704802453517914,0.6430000066757202,0.21889999508857727
YOL063C,YOL121C,0,-4.7763414,0.22696787118911743,0.6430000066757202,0.21899999678134918
YDR040C,YPL208W,0,-4.7764835,0.2268877923488617,0.6430000066757202,0.2190999984741211
YOL127W,YNL026W,0,-4.7767115,0.22680775821208954,0.6430000066757202,0.219200000166893
YJL008C,YGL226C-A,0,-4.7782974,0.22672778367996216,0.6430000066757202,0.21930000185966492
YJL208C,YPR018W,0,-4.7788043,0.22664786875247955,0.6430000066757202,0.21940000355243683
YDL117W,YIL129C,0,-4.7794995,0.22656799852848053,0.6430000066757202,0.21950000524520874
YML049C,YKL018W,1,-4.7797484,0.22684043645858765,0.6439999938011169,0.21950000524520874
YER179W,YOL156W,0,-4.779806,0.22676056623458862,0.6439999938011169,0.21960000693798065
YNL027W,YAR008W,0,-4.779866,0.22668074071407318,0.6439999938011169,0.21969999372959137
YNL053W,YML098W,0,-4.780109,0.2266009896993637,0.6439999938011169,0.21979999542236328
YBR164C,YNL084C,0,-4.7807636,0.22652128338813782,0.6439999938011169,0.2198999971151352
YKR038C,YDR058C,0,-4.78088,0.2264416366815567,0.6439999938011169,0.2199999988079071
YOL045W,YCR009C,0,-4.78101,0.22636203467845917,0.6439999938011169,0.22010000050067902
YDL154W,YDR142C,0,-4.781959,0.2262825071811676,0.6439999938011169,0.22020000219345093
YML023C,YOL043C,0,-4.782792,0.22620302438735962,0.6439999938011169,0.22030000388622284
YMR069W,YKL197C,0,-4.782924,0.2261236011981964,0.6439999938011169,0.22040000557899475
YGL226C-A,YBR192W,0,-4.783122,0.22604422271251678,0.6439999938011169,0.22050000727176666
YOR239W,YOR322C,0,-4.783219,0.22596491873264313,0.6439999938011169,0.22059999406337738
YNR075W,YLR026C,0,-4.7835917,0.22588565945625305,0.6439999938011169,0.2206999957561493
YNL210W,YLR147C,1,-4.7839193,0.226157084107399,0.6449999809265137,0.2206999957561493
YOR088W,YGR211W,0,-4.784636,0.22607780992984772,0.6449999809265137,0.2207999974489212
YER008C,YLR425W,0,-4.784847,0.22599859535694122,0.6449999809265137,0.22089999914169312
YFL008W,YGR181W,0,-4.78556,0.2259194403886795,0.6449999809265137,0.22100000083446503
YGL256W,YDL175C,0,-4.7861156,0.22584033012390137,0.6449999809265137,0.22110000252723694
YLR011W,YDR289C,0,-4.78643,0.2257612943649292,0.6449999809265137,0.22120000422000885
YML047C,YLR090W,0,-4.786656,0.22568228840827942,0.6449999809265137,0.22130000591278076
YIR005W,YNL147W,1,-4.7878814,0.2259531319141388,0.6460000276565552,0.22130000591278076
YFR034C,YDR328C,0,-4.787894,0.225874125957489,0.6460000276565552,0.22139999270439148
YIR015W,YDL042C,0,-4.787985,0.225795179605484,0.6460000276565552,0.2214999943971634
YGR227W,YJL108C,0,-4.7880077,0.22571627795696259,0.6460000276565552,0.2215999960899353
YLR127C,YJL207C,0,-4.7880316,0.22563743591308594,0.6460000276565552,0.22169999778270721
YOR239W,YOL063C,0,-4.7880774,0.22555865347385406,0.6460000276565552,0.22179999947547913
YPR104C,YGL124C,0,-4.7888064,0.22547993063926697,0.6460000276565552,0.22190000116825104
YML080W,YPL268W,0,-4.7888947,0.22540125250816345,0.6460000276565552,0.22200000286102295
YBR159W,YNL312W,0,-4.7889466,0.2253226339817047,0.6460000276565552,0.22210000455379486
YNL230C,YDR515W,0,-4.7889585,0.22524407505989075,0.6460000276565552,0.22220000624656677
YBR234C,YHR119W,0,-4.7890253,0.22516556084156036,0.6460000276565552,0.2222999930381775
YPL100W,YDR076W,0,-4.789091,0.22508710622787476,0.6460000276565552,0.2223999947309494
YNL147W,YFL017W-A,1,-4.7896943,0.2253570258617401,0.6470000147819519,0.2223999947309494
YJR017C,YLR147C,1,-4.7909503,0.22562673687934875,0.6480000019073486,0.2223999947309494
YBR010W,YLR329W,0,-4.791033,0.22554820775985718,0.6480000019073486,0.2224999964237213
YLR381W,YNL136W,0,-4.791132,0.22546972334384918,0.6480000019073486,0.22259999811649323
YMR270C,YCL019W,0,-4.792048,0.22539129853248596,0.6480000019073486,0.22269999980926514
YGL180W,YPL188W,0,-4.7923985,0.22531293332576752,0.6480000019073486,0.22280000150203705
YDL087C,YLR424W,1,-4.7927785,0.22558219730854034,0.6489999890327454,0.22280000150203705
YFR028C,YOR260W,0,-4.7933216,0.2255038172006607,0.6489999890327454,0.22290000319480896
YGL124C,YOL043C,0,-4.7948704,0.22542549669742584,0.6489999890327454,0.22300000488758087
YIR041W,YPL033C,0,-4.7950754,0.22534722089767456,0.6489999890327454,0.22310000658035278
YJR150C,YDR359C,0,-4.795544,0.22526900470256805,0.6489999890327454,0.2231999933719635
YFL057C,YOL077W-A,0,-4.79565,0.22519083321094513,0.6489999890327454,0.2232999950647354
YER164W,YBR087W,0,-4.796051,0.22511273622512817,0.6489999890327454,0.22339999675750732
YLR110C,YLR355C,0,-4.7960596,0.2250346690416336,0.6489999890327454,0.22349999845027924
YCR044C,YOL117W,0,-4.7969418,0.224956676363945,0.6489999890327454,0.22360000014305115
YPR002W,YML033W,0,-4.796985,0.22487872838974,0.6489999890327454,0.22370000183582306
YGL065C,YDL225W,0,-4.797123,0.22480082511901855,0.6489999890327454,0.22380000352859497
YFL009W,YGR218W,0,-4.7972345,0.2247229963541031,0.6489999890327454,0.22390000522136688
YAL009W,YNL154C,0,-4.7973323,0.2246452122926712,0.6489999890327454,0.2240000069141388
YLR394W,YGR003W,0,-4.7976737,0.2245674729347229,0.6489999890327454,0.2240999937057495
YJR093C,YNL282W,1,-4.7977285,0.22483569383621216,0.6499999761581421,0.2240999937057495
YBR164C,YDL143W,0,-4.79778,0.22475795447826385,0.6499999761581421,0.22419999539852142
YPR020W,YPR158W-A,0,-4.7978306,0.22468025982379913,0.6499999761581421,0.22429999709129333
YHR019C,YDR316W-B,0,-4.79812,0.2246026247739792,0.6499999761581421,0.22439999878406525
YDR423C,YIL036W,0,-4.7981696,0.22452504932880402,0.6499999761581421,0.22450000047683716
YFL021W,YJR102C,0,-4.798773,0.22444751858711243,0.6499999761581421,0.22460000216960907
YMR029C,YBR058C-A,0,-4.7987785,0.22437003254890442,0.6499999761581421,0.22470000386238098
YMR224C,YIL029C,0,-4.799808,0.22429262101650238,0.6499999761581421,0.2248000055551529
YMR029C,YDL225W,0,-4.8002596,0.22421523928642273,0.6499999761581421,0.2249000072479248
YLR007W,YHR138C,0,-4.8005567,0.22413793206214905,0.6499999761581421,0.22499999403953552
YJR093C,YKR002W,1,-4.8005695,0.22440537810325623,0.6510000228881836,0.22499999403953552
YLR157C,YOL013C,0,-4.8008623,0.22432805597782135,0.6510000228881836,0.22509999573230743
YFL016C,YML015C,0,-4.8013306,0.22425077855587006,0.6510000228881836,0.22519999742507935
YPR082C,YBR065C,1,-4.801715,0.22451791167259216,0.6520000100135803,0.22519999742507935
YOL063C,YNR026C,0,-4.802121,0.22444061934947968,0.6520000100135803,0.22529999911785126
YGL122C,YKR086W,1,-4.802824,0.2247074991464615,0.652999997138977,0.22529999911785126
YPR072W,YKL095W,1,-4.803008,0.22497420012950897,0.6539999842643738,0.22529999911785126
YFL016C,YDL217C,0,-4.8035426,0.22489683330059052,0.6539999842643738,0.22540000081062317
YOL013C,YHR073W,0,-4.803849,0.22481952607631683,0.6539999842643738,0.22550000250339508
YER019W,YDL083C,0,-4.8043003,0.22474226355552673,0.6539999842643738,0.225600004196167
YOL164W,YIL080W,0,-4.804342,0.2246650606393814,0.6539999842643738,0.2257000058889389
YKL195W,YHR119W,0,-4.8047533,0.22458791732788086,0.6539999842643738,0.22579999268054962
YCL055W,YFR031C,0,-4.8050947,0.2245108187198639,0.6539999842643738,0.22589999437332153
YER028C,YDR208W,0,-4.805155,0.2244337648153305,0.6539999842643738,0.22599999606609344
YDR165W,YJL139C,0,-4.805212,0.2243567705154419,0.6539999842643738,0.22609999775886536
YDR189W,YDR451C,0,-4.8053293,0.22427983582019806,0.6539999842643738,0.22619999945163727
YHL040C,YLR166C,0,-4.8053627,0.2242029458284378,0.6539999842643738,0.22630000114440918
YKL220C,YPR155C,0,-4.80568,0.22412611544132233,0.6539999842643738,0.2264000028371811
YPR082C,YJR022W,1,-4.806077,0.22439192235469818,0.6549999713897705,0.2264000028371811
YDR301W,YAL032C,1,-4.8066444,0.22465753555297852,0.656000018119812,0.2264000028371811
YLL019C,YMR263W,0,-4.806652,0.22458061575889587,0.656000018119812,0.226500004529953
YJL194W,YFR029W,0,-4.8068485,0.2245037704706192,0.656000018119812,0.22660000622272491
YHR099W,YCR102C,0,-4.807076,0.22442695498466492,0.656000018119812,0.22669999301433563
YLR329W,YCR080W,0,-4.807255,0.2243501991033554,0.656000018119812,0.22679999470710754
YFL048C,YIR018W,0,-4.8075876,0.22427350282669067,0.656000018119812,0.22689999639987946
YER164W,YLL019C,0,-4.8077707,0.22419685125350952,0.656000018119812,0.22699999809265137
YJL184W,YDR337W,0,-4.8080697,0.22412025928497314,0.656000018119812,0.22709999978542328
YGL155W,YNL030W,0,-4.808654,0.22404371201992035,0.656000018119812,0.2272000014781952
YPR182W,YLR277C,1,-4.808852,0.22430863976478577,0.6570000052452087,0.2272000014781952
YOR036W,YLR417W,0,-4.8091564,0.22423207759857178,0.6570000052452087,0.2273000031709671
YDR309C,YBL105C,0,-4.809166,0.22415557503700256,0.6570000052452087,0.227400004863739
YBL047C,YDR040C,0,-4.809567,0.22407913208007812,0.6570000052452087,0.22750000655651093
YKL112W,YJL008C,0,-4.8098555,0.22400273382663727,0.6570000052452087,0.22759999334812164
YNL147W,YFR005C,1,-4.8099203,0.22426721453666687,0.6579999923706055,0.22759999334812164
YPL096C-A,YHR150W,0,-4.81036,0.22419080138206482,0.6579999923706055,0.22769999504089355
YPR020W,YPL235W,0,-4.8105955,0.22411444783210754,0.6579999923706055,0.22779999673366547
YPL269W,YDR208W,0,-4.8106036,0.22403813898563385,0.6579999923706055,0.22789999842643738
YML102W,YPL060W,0,-4.8108096,0.22396187484264374,0.6579999923706055,0.2280000001192093
YCL043C,YGL175C,0,-4.810932,0.2238856703042984,0.6579999923706055,0.2281000018119812
YLL015W,YMR013C,0,-4.8109784,0.22380952537059784,0.6579999923706055,0.2282000035047531
YCR048W,YCR038C,0,-4.811001,0.22373342514038086,0.6579999923706055,0.22830000519752502
YML092C,YHR181W,0,-4.811575,0.22365736961364746,0.6579999923706055,0.22840000689029694
YBL098W,YPL258C,0,-4.8116693,0.22358137369155884,0.6579999923706055,0.22849999368190765
YBL102W,YDR325W,0,-4.8124104,0.223505437374115,0.6579999923706055,0.22859999537467957
YCR107W,YIL002C,0,-4.8124237,0.22342954576015472,0.6579999923706055,0.22869999706745148
YJL021C,YOR149C,0,-4.812561,0.22335369884967804,0.6579999923706055,0.2287999987602234
YPL026C,YDR460W,0,-4.812666,0.22327791154384613,0.6579999923706055,0.2289000004529953
YCL004W,YBL058W,0,-4.8126683,0.2232021689414978,0.6579999923706055,0.2290000021457672
YBR038W,YHR150W,0,-4.813134,0.22312648594379425,0.6579999923706055,0.22910000383853912
YML073C,YOR142W-B,0,-4.8133287,0.22305084764957428,0.6579999923706055,0.22920000553131104
YDL126C,YDR320C-A,0,-4.813396,0.22297526895999908,0.6579999923706055,0.22930000722408295
YHR124W,YDL080C,0,-4.8138537,0.22289973497390747,0.6579999923706055,0.22939999401569366
YOR037W,YOR005C,0,-4.814106,0.22282424569129944,0.6579999923706055,0.22949999570846558
YBR050C,YCL005W-A,0,-4.814247,0.22274881601333618,0.6579999923706055,0.2295999974012375
YOR036W,YCR044C,0,-4.81458,0.2226734310388565,0.6579999923706055,0.2296999990940094
YLR240W,YDR372C,0,-4.8150187,0.2225981056690216,0.6579999923706055,0.2298000007867813
YDR040C,YOL038W,0,-4.8152514,0.2225228250026703,0.6579999923706055,0.22990000247955322
YPR083W,YCL008C,0,-4.8157606,0.22244760394096375,0.6579999923706055,0.23000000417232513
YDR524C,YPR032W,0,-4.8158293,0.22237242758274078,0.6579999923706055,0.23010000586509705
YDR098C,YKR095W,0,-4.8159523,0.2222972959280014,0.6579999923706055,0.23019999265670776
YDR195W,YLR424W,1,-4.8161907,0.22255994379520416,0.6589999794960022,0.23019999265670776
YPL242C,YOL045W,0,-4.8162947,0.22248481214046478,0.6589999794960022,0.23029999434947968
YLR160C,YOR088W,0,-4.8165836,0.22240972518920898,0.6589999794960022,0.2303999960422516
YDR524C,YBL061C,0,-4.8168764,0.22233468294143677,0.6589999794960022,0.2304999977350235
YFR005C,YLR277C,1,-4.816892,0.22259695827960968,0.6600000262260437,0.2304999977350235
YGR003W,YPL235W,0,-4.8172374,0.22252191603183746,0.6600000262260437,0.2305999994277954
YCL027W,YOL117W,0,-4.8179293,0.22244691848754883,0.6600000262260437,0.23070000112056732
YKR086W,YPL151C,1,-4.8181586,0.22270889580249786,0.6610000133514404,0.23070000112056732
YNL032W,YPR086W,0,-4.8182907,0.22263388335704803,0.6610000133514404,0.23080000281333923
YJL006C,YOR064C,0,-4.818664,0.2225589156150818,0.6610000133514404,0.23090000450611115
YNL328C,YOL043C,0,-4.8190384,0.22248400747776031,0.6610000133514404,0.23100000619888306
YPL082C,YPR086W,0,-4.819303,0.22240915894508362,0.6610000133514404,0.23109999299049377
YLR034C,YBR083W,0,-4.819416,0.2223343402147293,0.6610000133514404,0.23119999468326569
YJL021C,YGR211W,0,-4.819874,0.22225958108901978,0.6610000133514404,0.2312999963760376
YJL207C,YML098W,0,-4.821933,0.22218486666679382,0.6610000133514404,0.2313999980688095
YMR197C,YPR158W-A,0,-4.8220186,0.22211021184921265,0.6610000133514404,0.23149999976158142
YJL072C,YDR058C,0,-4.8225517,0.22203560173511505,0.6610000133514404,0.23160000145435333
YDR009W,YMR175W,0,-4.822574,0.22196105122566223,0.6610000133514404,0.23170000314712524
YER167W,YHR099W,0,-4.823383,0.221886545419693,0.6610000133514404,0.23180000483989716
YFL009W,YAL007C,0,-4.823536,0.22181208431720734,0.6610000133514404,0.23190000653266907
YPR104C,YDR337W,0,-4.8236957,0.22173766791820526,0.6610000133514404,0.23199999332427979
YJR070C,YDR316W-B,0,-4.8240466,0.22166331112384796,0.6610000133514404,0.2320999950170517
YHR194W,YLR166C,0,-4.824231,0.22158899903297424,0.6610000133514404,0.2321999967098236
YFR005C,YPR182W,1,-4.8245063,0.22184985876083374,0.6620000004768372,0.2321999967098236
YBR008C,YMR139W,0,-4.8246856,0.22177554666996002,0.6620000004768372,0.23229999840259552
YER068W,YKL018W,1,-4.8247566,0.22203616797924042,0.6629999876022339,0.23229999840259552
YDL087C,YER068W,1,-4.8247747,0.22229662537574768,0.6639999747276306,0.23229999840259552
YER167W,YNR026C,0,-4.825083,0.2222222238779068,0.6639999747276306,0.23240000009536743
YDR163W,YKR002W,1,-4.8254685,0.22248244285583496,0.6650000214576721,0.23240000009536743
YLR304C,YML033W,0,-4.826358,0.22240802645683289,0.6650000214576721,0.23250000178813934
YGL003C,YCL027W,0,-4.8264437,0.22233366966247559,0.6650000214576721,0.23260000348091125
YBR210W,YJR131W,0,-4.826524,0.22225935757160187,0.6650000214576721,0.23270000517368317
YBR233W-A,YHR012W,0,-4.826834,0.22218510508537292,0.6650000214576721,0.23280000686645508
YLR381W,YIR018W,0,-4.8268585,0.22211088240146637,0.6650000214576721,0.2328999936580658
YNL009W,YER159C-A,0,-4.826872,0.22203673422336578,0.6650000214576721,0.2329999953508377
YBR077C,YML033W,0,-4.8270063,0.22196261584758759,0.6650000214576721,0.23309999704360962
YGR230W,YPL096C-A,0,-4.8271437,0.22188855707645416,0.6650000214576721,0.23319999873638153
YBL026W,YNL147W,1,-4.827318,0.2221481055021286,0.6660000085830688,0.23319999873638153
YOL108C,YGR038C-A,0,-4.8276687,0.22207403182983398,0.6660000085830688,0.23330000042915344
YDR432W,YFL036W,0,-4.827853,0.22200000286102295,0.6660000085830688,0.23340000212192535
YDR021W,YPL210C,0,-4.827859,0.2219260185956955,0.6660000085830688,0.23350000381469727
YJR083C,YMR021C,0,-4.8291063,0.22185209393501282,0.6660000085830688,0.23360000550746918
YHR073W,YNL070W,0,-4.8291163,0.22177822887897491,0.6660000085830688,0.2337000072002411
YDR345C,YGR202C,0,-4.829611,0.2217043936252594,0.6660000085830688,0.2337999939918518
YLR455W,YOR287C,0,-4.829917,0.22163061797618866,0.6660000085830688,0.23389999568462372
YNL084C,YDL200C,0,-4.8301587,0.2215568870306015,0.6660000085830688,0.23399999737739563
YOL069W,YGR186W,0,-4.8302746,0.22148320078849792,0.6660000085830688,0.23409999907016754
YBR186W,YKL088W,0,-4.8305984,0.22140957415103912,0.6660000085830688,0.23420000076293945
YBR278W,YNL068C,0,-4.8307414,0.2213359922170639,0.6660000085830688,0.23430000245571136
YOL020W,YLL056C,0,-4.830994,0.22126245498657227,0.6660000085830688,0.23440000414848328
YOL009C,YER159C-A,0,-4.83267,0.2211889773607254,0.6660000085830688,0.2345000058412552
YAR009C,YCL075W,0,-4.833024,0.22111554443836212,0.6660000085830688,0.2345999926328659
YMR001C,YHR005C,0,-4.8331566,0.22104215621948242,0.6660000085830688,0.23469999432563782
YGL065C,YPL177C,0,-4.833212,0.2209688127040863,0.6660000085830688,0.23479999601840973
YDL045C,YOR064C,0,-4.833376,0.22089552879333496,0.6660000085830688,0.23489999771118164
YMR073C,YGR010W,0,-4.833664,0.220822274684906,0.6660000085830688,0.23499999940395355
YDL029W,YFL004W,0,-4.8338423,0.22074909508228302,0.6660000085830688,0.23510000109672546
YDR273W,YCR062W,0,-4.8340535,0.22067594528198242,0.6660000085830688,0.23520000278949738
YPL096C-A,YOR217W,0,-4.8341904,0.2206028550863266,0.6660000085830688,0.2353000044822693
YJR092W,YLR215C,0,-4.834459,0.22052979469299316,0.6660000085830688,0.2354000061750412
YPR200C,YNL084C,0,-4.834557,0.2204568088054657,0.6660000085830688,0.23549999296665192
YCL055W,YCR060W,0,-4.8351593,0.22038385272026062,0.6660000085830688,0.23559999465942383
YDL200C,YFR029W,0,-4.8360004,0.22031095623970032,0.6660000085830688,0.23569999635219574
YMR153W,YLR059C,0,-4.8363795,0.2202380895614624,0.6660000085830688,0.23579999804496765
YDL154W,YML114C,0,-4.836525,0.22016528248786926,0.6660000085830688,0.23589999973773956
YCL055W,YPR032W,0,-4.836891,0.2200925350189209,0.6660000085830688,0.23600000143051147
YPL177C,YJL108C,0,-4.8378425,0.22001981735229492,0.6660000085830688,0.2361000031232834
YBR164C,YPL208W,0,-4.838125,0.21994715929031372,0.6660000085830688,0.2362000048160553
YCR048W,YAR033W,0,-4.8382387,0.2198745459318161,0.6660000085830688,0.2363000065088272
YGL247W,YKL191W,0,-4.838749,0.21980197727680206,0.6660000085830688,0.23639999330043793
YGR261C,YCR053W,0,-4.8390875,0.2197294682264328,0.6660000085830688,0.23649999499320984
YKL139W,YPR082C,1,-4.839179,0.21998681128025055,0.6669999957084656,0.23649999499320984
YIL129C,YDR485C,0,-4.8392434,0.2199142724275589,0.6669999957084656,0.23659999668598175
YNL147W,YOR159C,1,-4.8400564,0.22017139196395874,0.6679999828338623,0.23659999668598175
YDL006W,YLR240W,0,-4.8402624,0.2200988531112671,0.6679999828338623,0.23669999837875366
YFR003C,YDL109C,0,-4.840582,0.22002634406089783,0.6679999828338623,0.23680000007152557
YKL112W,YGR186W,0,-4.8406353,0.21995389461517334,0.6679999828338623,0.23690000176429749
YIL008W,YOR088W,0,-4.841936,0.21988150477409363,0.6679999828338623,0.2370000034570694
YJL184W,YLL056C,0,-4.842049,0.2198091447353363,0.6679999828338623,0.2371000051498413
YFL048C,YBL080C,0,-4.8423347,0.21973684430122375,0.6679999828338623,0.23720000684261322
YNL210W,YFL017W-A,1,-4.8431277,0.21999342739582062,0.6690000295639038,0.23720000684261322
YJR131W,YDR386W,0,-4.8431635,0.21992109715938568,0.6690000295639038,0.23729999363422394
YMR021C,YDR515W,0,-4.8433704,0.21984882652759552,0.6690000295639038,0.23739999532699585
YDR345C,YDL230W,0,-4.843589,0.21977661550045013,0.6690000295639038,0.23749999701976776
YER164W,YOR172W,0,-4.843603,0.21970443427562714,0.6690000295639038,0.23759999871253967
YLR319C,YML092C,0,-4.843718,0.21963229775428772,0.6690000295639038,0.23770000040531158
YFL023W,YDR098C,0,-4.8439837,0.21956022083759308,0.6690000295639038,0.2378000020980835
YNL027W,YBR273C,0,-4.844521,0.21948818862438202,0.6690000295639038,0.2379000037908554
YFR028C,YGR024C,0,-4.8445487,0.21941620111465454,0.6690000295639038,0.23800000548362732
YHR175W,YBR275C,0,-4.844831,0.21934425830841064,0.6690000295639038,0.23810000717639923
YPL101W,YMR203W,0,-4.8451643,0.21927237510681152,0.6690000295639038,0.23819999396800995
YER073W,YGR177C,0,-4.8455877,0.2192005217075348,0.6690000295639038,0.23829999566078186
YJL006C,YGR111W,0,-4.8456674,0.21912872791290283,0.6690000295639038,0.23839999735355377
YHR042W,YOR142W-B,0,-4.846223,0.21905697882175446,0.6690000295639038,0.23849999904632568
YBL105C,YER089C,0,-4.8466053,0.21898527443408966,0.6690000295639038,0.2386000007390976
YMR001C,YBR107C,0,-4.847091,0.21891361474990845,0.6690000295639038,0.2387000024318695
YNL147W,YGL122C,1,-4.84887,0.21916912496089935,0.6700000166893005,0.2387000024318695
YNR054C,YFR024C,0,-4.8489714,0.21909745037555695,0.6700000166893005,0.23880000412464142
YPR070W,YOR142W-B,0,-4.8499193,0.21902582049369812,0.6700000166893005,0.23890000581741333
YDR087C,YDR316W-B,0,-4.8502817,0.21895425021648407,0.6700000166893005,0.23899999260902405
YIR005W,YKL025C,1,-4.8512034,0.21920940279960632,0.6710000038146973,0.23899999260902405
YDR320C-A,YBR077C,0,-4.851419,0.21913781762123108,0.6710000038146973,0.23909999430179596
YGL084C,YLR256W-A,0,-4.8517313,0.21906627714633942,0.6710000038146973,0.23919999599456787
YML080W,YDL013W,0,-4.852318,0.21899478137493134,0.6710000038146973,0.23929999768733978
YBR233W-A,YGR010W,0,-4.8533416,0.21892333030700684,0.6710000038146973,0.2393999993801117
YGL155W,YGR111W,0,-4.8540926,0.21885192394256592,0.6710000038146973,0.2395000010728836
YIL131C,YDR142C,0,-4.85464,0.21878056228160858,0.6710000038146973,0.23960000276565552
YDR480W,YDR205W,0,-4.854825,0.21870926022529602,0.6710000038146973,0.23970000445842743
YDR081C,YNL167C,0,-4.854907,0.21863798797130585,0.6710000038146973,0.23980000615119934
YDR397C,YCL054W,0,-4.854941,0.21856677532196045,0.6710000038146973,0.23989999294281006
YKR008W,YIL029C,0,-4.856214,0.21849560737609863,0.6710000038146973,0.23999999463558197
YDL042C,YJR045C,0,-4.856462,0.2184244841337204,0.6710000038146973,0.24009999632835388
YJL165C,YNL014W,0,-4.856707,0.21835340559482574,0.6710000038146973,0.2401999980211258
YGL178W,YOL069W,0,-4.8570356,0.21828237175941467,0.6710000038146973,0.2402999997138977
YLR081W,YOR179C,0,-4.8571672,0.21821138262748718,0.6710000038146973,0.24040000140666962
YJL025W,YDR180W,0,-4.857203,0.21814043819904327,0.6710000038146973,0.24050000309944153
YGR224W,YMR283C,0,-4.857426,0.21806955337524414,0.6710000038146973,0.24060000479221344
YGL078C,YMR069W,0,-4.8575892,0.2179986983537674,0.6710000038146973,0.24070000648498535
YPL010W,YOR172W,0,-4.8577247,0.21792790293693542,0.6710000038146973,0.24079999327659607
YGL190C,YLR335W,0,-4.8585052,0.21785713732242584,0.6710000038146973,0.24089999496936798
YBL047C,YHR194W,0,-4.8586674,0.21778643131256104,0.6710000038146973,0.2409999966621399
YML098W,YCL074W,0,-4.858906,0.2177157700061798,0.6710000038146973,0.2410999983549118
YMR001C,YDR013W,0,-4.8589287,0.21764515340328217,0.6710000038146973,0.24120000004768372
YPR032W,YPL253C,0,-4.8589373,0.2175745815038681,0.6710000038146973,0.24130000174045563
YLR431C,YOR340C,0,-4.858985,0.21750405430793762,0.6710000038146973,0.24140000343322754
YER028C,YOR064C,0,-4.859208,0.21743357181549072,0.6710000038146973,0.24150000512599945
YDL200C,YOL103W-A,0,-4.8593416,0.2173631340265274,0.6710000038146973,0.24160000681877136
YOL156W,YLR410W-B,0,-4.8596315,0.21729274094104767,0.6710000038146973,0.24169999361038208
YNL039W,YOR209C,0,-4.8597217,0.2172224074602127,0.6710000038146973,0.241799995303154
YNL262W,YML097C,0,-4.8603544,0.21715210378170013,0.6710000038146973,0.2418999969959259
YIL106W,YER169W,0,-4.860392,0.21708184480667114,0.6710000038146973,0.24199999868869781
YDR122W,YPR070W,0,-4.860682,0.21701164543628693,0.6710000038146973,0.24210000038146973
YFR024C,YNL044W,0,-4.8607163,0.2169414758682251,0.6710000038146973,0.24220000207424164
YPR094W,YKL173W,1,-4.860861,0.2171945720911026,0.671999990940094,0.24220000207424164
YER035W,YHR124W,0,-4.861267,0.21712438762187958,0.671999990940094,0.24230000376701355
YLR268W,YPL258C,0,-4.861643,0.21705426275730133,0.671999990940094,0.24240000545978546
YKR066C,YDR210C-C,0,-4.8616605,0.21698418259620667,0.671999990940094,0.24250000715255737
YFL048C,YOL045W,0,-4.862299,0.2169141322374344,0.671999990940094,0.2425999939441681
YNL230C,YPL253C,0,-4.8623033,0.21684414148330688,0.671999990940094,0.24269999563694
YJR083C,YLL018C-A,0,-4.8628774,0.21677419543266296,0.671999990940094,0.24279999732971191
YDR301W,YIR005W,1,-4.862946,0.21702677011489868,0.6729999780654907,0.24279999732971191
YOL049W,YER075C,0,-4.8633413,0.21695680916309357,0.6729999780654907,0.24289999902248383
YOL002C,YBL061C,0,-4.8634567,0.21688687801361084,0.6729999780654907,0.24300000071525574
YLR329W,YCL075W,0,-4.8635225,0.2168170064687729,0.6729999780654907,0.24310000240802765
YJR093C,YER068W,1,-4.8635373,0.21706923842430115,0.6740000247955322,0.24310000240802765
YJR017C,YOR319W,1,-4.8636193,0.21732130646705627,0.675000011920929,0.24310000240802765
YKL208W,YKL095W,1,-4.8637877,0.21757322549819946,0.6759999990463257,0.24310000240802765
YBR258C,YJR028W,0,-4.863899,0.21750321984291077,0.6759999990463257,0.24320000410079956
YJR110W,YLL056C,0,-4.863974,0.21743325889110565,0.6759999990463257,0.24330000579357147
YJR139C,YOR142W-B,0,-4.864487,0.21736334264278412,0.6759999990463257,0.2433999925851822
YFL029C,YCL032W,0,-4.8647456,0.21729347109794617,0.6759999990463257,0.2434999942779541
YLL061W,YNL131W,0,-4.8647666,0.2172236442565918,0.6759999990463257,0.243599995970726
YDR320C-A,YDL135C,0,-4.8654184,0.2171538770198822,0.6759999990463257,0.24369999766349792
YBR192W,YHR099W,0,-4.8660417,0.217084139585495,0.6759999990463257,0.24379999935626984
YPL096C-A,YMR283C,0,-4.866086,0.21701444685459137,0.6759999990463257,0.24390000104904175
YDL042C,YML055W,0,-4.8663664,0.21694479882717133,0.6759999990463257,0.24400000274181366
YFL048C,YLR410W-B,0,-4.866444,0.21687519550323486,0.6759999990463257,0.24410000443458557
YKL005C,YGL006W,0,-4.8664684,0.21680565178394318,0.6759999990463257,0.24420000612735748
YDR524C,YDR189W,0,-4.866724,0.21673613786697388,0.6759999990463257,0.2442999929189682
YLR127C,YDR122W,0,-4.866765,0.21666666865348816,0.6759999990463257,0.2443999946117401
YNL230C,YJL139C,0,-4.8674164,0.21659724414348602,0.6759999990463257,0.24449999630451202
YER068W,YLR147C,1,-4.867421,0.21684817969799042,0.6769999861717224,0.24449999630451202
YGR097W,YGL247W,0,-4.867481,0.2167787402868271,0.6769999861717224,0.24459999799728394
YJR017C,YER032W,1,-4.8676124,0.21702945232391357,0.6779999732971191,0.24459999799728394
YLR219W,YGR038C-A,0,-4.8680387,0.21695999801158905,0.6779999732971191,0.24469999969005585
YLR081W,YGR038C-B,0,-4.8681107,0.2168905884027481,0.6779999732971191,0.24480000138282776
YEL027W,YGR038C-B,0,-4.8682556,0.21682123839855194,0.6779999732971191,0.24490000307559967
YOR036W,YGR186W,0,-4.8684707,0.21675191819667816,0.6779999732971191,0.24500000476837158
YPR020W,YLR035C-A,0,-4.8686357,0.21668264269828796,0.6779999732971191,0.2451000064611435
YDR397C,YBL093C,0,-4.868836,0.21661341190338135,0.6779999732971191,0.2451999932527542
YDL150W,YOR179C,0,-4.869209,0.2165442407131195,0.6779999732971191,0.24529999494552612
YPL010W,YOL121C,0,-4.8692617,0.21647509932518005,0.6779999732971191,0.24539999663829803
YOR239W,YOR144C,0,-4.869298,0.21640600264072418,0.6779999732971191,0.24549999833106995
YFL057C,YJR083C,0,-4.8694167,0.2163369506597519,0.6779999732971191,0.24560000002384186
YBL105C,YMR203W,0,-4.8694925,0.21626794338226318,0.6779999732971191,0.24570000171661377
YMR150C,YGR038C-A,0,-4.8702855,0.21619898080825806,0.6779999732971191,0.24580000340938568
YPR070W,YCR042C,0,-4.87076,0.2161300629377365,0.6779999732971191,0.2459000051021576
YPR138C,YJL025W,0,-4.870761,0.21606118977069855,0.6779999732971191,0.2460000067949295
YLR304C,YLR410W-B,0,-4.870938,0.21599236130714417,0.6779999732971191,0.24609999358654022
YNL307C,YER159C-A,0,-4.870938,0.21592356264591217,0.6779999732971191,0.24619999527931213
YPR032W,YBR273C,0,-4.871294,0.21585482358932495,0.6779999732971191,0.24629999697208405
YKL005C,YMR225C,0,-4.871331,0.2157861292362213,0.6779999732971191,0.24639999866485596
YLR293C,YML033W,0,-4.871537,0.21571746468544006,0.6779999732971191,0.24650000035762787
YGR262C,YMR203W,0,-4.871679,0.2156488597393036,0.6779999732971191,0.24660000205039978
YPL242C,YOL113W,0,-4.871731,0.2155802845954895,0.6779999732971191,0.2467000037431717
YER106W,YBR066C,0,-4.8719254,0.215511754155159,0.6779999732971191,0.2468000054359436
YGL190C,YIR015W,0,-4.872662,0.21544328331947327,0.6779999732971191,0.24690000712871552
YPL190C,YML098W,0,-4.8726716,0.21537484228610992,0.6779999732971191,0.24699999392032623
YMR052W,YGL151W,0,-4.8731213,0.21530644595623016,0.6779999732971191,0.24709999561309814
YOR144C,YDL200C,0,-4.8733673,0.21523809432983398,0.6779999732971191,0.24719999730587006
YFR034C,YML123C,0,-4.8734546,0.2151697874069214,0.6779999732971191,0.24729999899864197
YNL222W,YGR038C-B,0,-4.8740115,0.21510152518749237,0.6779999732971191,0.24740000069141388
YNL328C,YPR158W-A,0,-4.8741617,0.21503330767154694,0.6779999732971191,0.2475000023841858
YDL006W,YMR013C,0,-4.8743815,0.2149651199579239,0.6779999732971191,0.2476000040769577
YCR042C,YER072W,0,-4.8745966,0.21489699184894562,0.6779999732971191,0.24770000576972961
YMR296C,YHR200W,0,-4.875066,0.21482889354228973,0.6779999732971191,0.24779999256134033
YGR041W,YGR038C-A,0,-4.8754435,0.21476085484027863,0.6779999732971191,0.24789999425411224
YLR133W,YCR084C,0,-4.8756,0.2146928459405899,0.6779999732971191,0.24799999594688416
YOL108C,YML015C,0,-4.875721,0.21462488174438477,0.6779999732971191,0.24809999763965607
YOL049W,YGL013C,0,-4.876531,0.2145569622516632,0.6779999732971191,0.24819999933242798
YPR025C,YGR211W,0,-4.876685,0.21448908746242523,0.6779999732971191,0.2483000010251999
YGL013C,YOR287C,0,-4.877018,0.21442125737667084,0.6779999732971191,0.2484000027179718
YPL091W,YLR410W-B,0,-4.877328,0.21435345709323883,0.6779999732971191,0.2485000044107437
YOR349W,YDR191W,0,-4.87788,0.2142857164144516,0.6779999732971191,0.24860000610351562
YGL098W,YLR417W,0,-4.8779917,0.21421800553798676,0.6779999732971191,0.24869999289512634
YML032C,YDL128W,0,-4.8782644,0.2141503542661667,0.6779999732971191,0.24879999458789825
YHR150W,YBR231C,0,-4.878388,0.214082732796669,0.6779999732971191,0.24889999628067017
YAL007C,YNL068C,0,-4.8784285,0.2140151560306549,0.6779999732971191,0.24899999797344208
YPR072W,YDR478W,1,-4.879706,0.2142631709575653,0.6790000200271606,0.24899999797344208
YHR061C,YOL103W-A,0,-4.8799667,0.21419557929039001,0.6790000200271606,0.249099999666214
YDL008W,YGR038C-A,0,-4.880419,0.2141280323266983,0.6790000200271606,0.2492000013589859
YMR201C,YLR035C-A,0,-4.881075,0.21406053006649017,0.6790000200271606,0.2493000030517578
YPR020W,YNL230C,0,-4.8814287,0.21399307250976562,0.6790000200271606,0.24940000474452972
YER032W,YLR147C,1,-4.8814564,0.21424070000648499,0.6800000071525574,0.24940000474452972
YNL020C,YOR039W,0,-4.8818073,0.21417322754859924,0.6800000071525574,0.24950000643730164
YLR242C,YCR080W,0,-4.8824654,0.21410579979419708,0.6800000071525574,0.24959999322891235
YNL311C,YLR455W,0,-4.882797,0.2140384018421173,0.6800000071525574,0.24969999492168427
YGR261C,YER114C,0,-4.8835363,0.21397104859352112,0.6800000071525574,0.24979999661445618
YJL021C,YMR001C,0,-4.8835874,0.2139037400484085,0.6800000071525574,0.2498999983072281
YOL142W,YDR328C,0,-4.883663,0.21383647620677948,0.6800000071525574,0.25
YPL060W,YMR153W,0,-4.8836727,0.21376925706863403,0.6800000071525574,0.2500999867916107
YGR224W,YLR011W,0,-4.8838353,0.21370206773281097,0.6800000071525574,0.2502000033855438
YIR005W,YPR182W,1,-4.8842416,0.21394909918308258,0.6809999942779541,0.2502000033855438
YER075C,YNL032W,0,-4.8844395,0.21388190984725952,0.6809999942779541,0.25029999017715454
YGL178W,YGR038C-B,0,-4.8845644,0.21381475031375885,0.6809999942779541,0.25040000677108765
YNL153C,YDR485C,0,-4.8847094,0.21374765038490295,0.6809999942779541,0.25049999356269836
YFL036W,YBR231C,0,-4.8848763,0.21368058025836945,0.6809999942779541,0.25060001015663147
YML113W,YJL129C,0,-4.885328,0.21361355483531952,0.6809999942779541,0.2506999969482422
YDR301W,YBR065C,1,-4.8859,0.2138601392507553,0.6819999814033508,0.2506999969482422
YPL177C,YLR011W,0,-4.886217,0.2137930989265442,0.6819999814033508,0.2508000135421753
YPL059W,YOR142W-B,0,-4.8865995,0.21372610330581665,0.6819999814033508,0.250900000333786
YDR363W-A,YDL170W,0,-4.8866405,0.2136591523885727,0.6819999814033508,0.25099998712539673
YJR139C,YDR207C,0,-4.8866577,0.21359223127365112,0.6819999814033508,0.25110000371932983
YEL016C,YOL031C,0,-4.886727,0.21352535486221313,0.6819999814033508,0.25119999051094055
YMR109W,YNR015W,0,-4.8871946,0.21345852315425873,0.6819999814033508,0.25130000710487366
YPL211W,YML039W,0,-4.887215,0.2133917361497879,0.6819999814033508,0.2513999938964844
YPR200C,YLR035C-A,0,-4.8876934,0.21332499384880066,0.6819999814033508,0.2515000104904175
YIL070C,YHR119W,0,-4.887723,0.2132582813501358,0.6819999814033508,0.2515999972820282
YNL148C,YML103C,0,-4.888056,0.21319162845611572,0.6819999814033508,0.2517000138759613
YGR284C,YDR365W-B,0,-4.8888607,0.21312500536441803,0.6819999814033508,0.251800000667572
YHR039C,YKL212W,0,-4.889515,0.21305841207504272,0.6819999814033508,0.25189998745918274
YDR365W-B,YOR287C,0,-4.8895392,0.2129918783903122,0.6819999814033508,0.25200000405311584
YBR008C,YCL075W,0,-4.8895903,0.21292538940906525,0.6819999814033508,0.25209999084472656
YFR024C,YHR016C,0,-4.8897686,0.21285893023014069,0.6819999814033508,0.25220000743865967
YIL106W,YKL122C,0,-4.8900776,0.2127925157546997,0.6819999814033508,0.2522999942302704
YHR158C,YDR316W-B,0,-4.890293,0.21272613108158112,0.6819999814033508,0.2524000108242035
YFR053C,YGR038C-B,0,-4.890444,0.2126598060131073,0.6819999814033508,0.2524999976158142
YDL225W,YKL088W,0,-4.890804,0.21259351074695587,0.6819999814033508,0.2526000142097473
YNL068C,YPR086W,0,-4.891284,0.21252726018428802,0.6819999814033508,0.25270000100135803
YDL181W,YDR210C-C,0,-4.891349,0.21246105432510376,0.6819999814033508,0.25279998779296875
YDR363W-A,YJR028W,0,-4.8919024,0.21239489316940308,0.6819999814033508,0.25290000438690186
YPL110C,YDL058W,0,-4.8923006,0.21232876181602478,0.6819999814033508,0.2529999911785126
YHR099W,YGR038C-A,0,-4.8923283,0.21226269006729126,0.6819999814033508,0.2531000077724457
YAL015C,YJR028W,0,-4.892332,0.21219663321971893,0.6819999814033508,0.2531999945640564
YER019W,YCR083W,0,-4.8924294,0.21213063597679138,0.6819999814033508,0.2533000111579895
YOL063C,YDR131C,0,-4.892551,0.2120646834373474,0.6819999814033508,0.2533999979496002
YBL016W,YLR410W-B,0,-4.892555,0.21199876070022583,0.6819999814033508,0.2535000145435333
YOR322C,YBL058W,0,-4.892665,0.21193288266658783,0.6819999814033508,0.25360000133514404
YFR024C,YDR515W,0,-4.892911,0.21186703443527222,0.6819999814033508,0.25369998812675476
YGL180W,YPR158W-A,0,-4.893007,0.21180124580860138,0.6819999814033508,0.25380000472068787
YOR036W,YLR256W-A,0,-4.8932333,0.21173548698425293,0.6819999814033508,0.2538999915122986
YGR284C,YDR331W,0,-4.8934565,0.21166977286338806,0.6819999814033508,0.2540000081062317
YKL025C,YMR216C,1,-4.8935204,0.21191436052322388,0.6830000281333923,0.2540000081062317
YCR048W,YLR329W,0,-4.8935747,0.21184863150119781,0.6830000281333923,0.2540999948978424
YBR037C,YLR410W-B,0,-4.893685,0.21178294718265533,0.6830000281333923,0.2542000114917755
YOL039W,YDR365W-B,0,-4.8937607,0.21171729266643524,0.6830000281333923,0.25429999828338623
YNL039W,YCL075W,0,-4.8938255,0.21165168285369873,0.6830000281333923,0.25440001487731934
YDR202C,YNL054W-A,0,-4.8939867,0.2115861177444458,0.6830000281333923,0.25450000166893005
YFR052W,YOL103W-A,0,-4.8942127,0.21152059733867645,0.6830000281333923,0.25459998846054077
YPL018W,YKR095W-A,0,-4.8953295,0.2114551067352295,0.6830000281333923,0.2547000050544739
YOL077W-A,YDR363W-A,0,-4.895523,0.2113896608352661,0.6830000281333923,0.2547999918460846
YFL018C,YJL026W,0,-4.8959036,0.21132425963878632,0.6830000281333923,0.2549000084400177
YNL032W,YDR086C,0,-4.8967366,0.2112588882446289,0.6830000281333923,0.2549999952316284
YBR089C-A,YCL005W-A,0,-4.897299,0.21119356155395508,0.6830000281333923,0.2551000118255615
YMR138W,YGR181W,0,-4.897519,0.21112827956676483,0.6830000281333923,0.25519999861717224
YNL282W,YKL018W,1,-4.897867,0.21137206256389618,0.6840000152587891,0.25519999861717224
YER073W,YLR160C,0,-4.897956,0.21130676567554474,0.6840000152587891,0.25529998540878296
YLR006C,YDR485C,0,-4.8979883,0.21124151349067688,0.6840000152587891,0.25540000200271606
YMR012W,YMR005W,0,-4.8989344,0.2111762911081314,0.6840000152587891,0.2554999887943268
YER003C,YGL175C,0,-4.899001,0.21111111342906952,0.6840000152587891,0.2556000053882599
YLR007W,YOR142W-B,0,-4.8991127,0.2110459804534912,0.6840000152587891,0.2556999921798706
YIL118W,YHR012W,0,-4.8992085,0.2109808772802353,0.6840000152587891,0.2558000087738037
YOR002W,YOR209C,0,-4.899313,0.21091581881046295,0.6840000152587891,0.25589999556541443
YLR034C,YML033W,0,-4.8996058,0.2108508050441742,0.6840000152587891,0.25600001215934753
YBR278W,YLR135W,0,-4.899682,0.21078582108020782,0.6840000152587891,0.25609999895095825
YKL112W,YHR006W,0,-4.899755,0.21072088181972504,0.6840000152587891,0.25619998574256897
YBR065C,YMR216C,1,-4.9001856,0.21096396446228027,0.6850000023841858,0.25619998574256897
YDR174W,YPR070W,0,-4.900799,0.2108990103006363,0.6850000023841858,0.2563000023365021
YIR033W,YDR359C,0,-4.90081,0.2108341008424759,0.6850000023841858,0.2563999891281128
YBR186W,YCR080W,0,-4.900852,0.21076923608779907,0.6850000023841858,0.2565000057220459
YAR033W,YCL075W,0,-4.9013257,0.21070440113544464,0.6850000023841858,0.2565999925136566
YMR175W,YGR038C-A,0,-4.9020147,0.2106396108865738,0.6850000023841858,0.2567000091075897
YLR116W,YGR129W,1,-4.902642,0.2108822613954544,0.6859999895095825,0.2567000091075897
YBR155W,YOR142W-B,0,-4.902768,0.21081745624542236,0.6859999895095825,0.25679999589920044
YBR039W,YOL113W,0,-4.903018,0.2107526808977127,0.6859999895095825,0.25690001249313354
YGL180W,YKL086W,0,-4.903032,0.21068796515464783,0.6859999895095825,0.25699999928474426
YJL208C,YIL084C,0,-4.9030495,0.21062327921390533,0.6859999895095825,0.257099986076355
YPL096C-A,YIL109C,0,-4.903101,0.21055862307548523,0.6859999895095825,0.2572000026702881
YLR110C,YOL108C,0,-4.9036083,0.2104940116405487,0.6859999895095825,0.2572999894618988
YFL023W,YML127W,0,-4.9041476,0.21042944490909576,0.6859999895095825,0.2574000060558319
YAR033W,YCL019W,0,-4.9047494,0.2103649228811264,0.6859999895095825,0.2574999928474426
YKR038C,YPL234C,0,-4.9048395,0.21030043065547943,0.6859999895095825,0.25760000944137573
YFR028C,YNL061W,0,-4.9051948,0.21023598313331604,0.6859999895095825,0.25769999623298645
YNL312W,YNL304W,0,-4.9053454,0.21017156541347504,0.6859999895095825,0.25780001282691956
YCL016C,YLR256W-A,0,-4.905444,0.21010719239711761,0.6859999895095825,0.2578999996185303
YBR256C,YDR210C-C,0,-4.905633,0.21004286408424377,0.6859999895095825,0.257999986410141
YGL151W,YOR142W-B,0,-4.905746,0.20997858047485352,0.6859999895095825,0.2581000030040741
YLR215C,YMR183C,0,-4.9057813,0.20991432666778564,0.6859999895095825,0.2581999897956848
YML008C,YDR098C-A,0,-4.905972,0.20985010266304016,0.6859999895095825,0.2583000063896179
YOR307C,YPR036W,0,-4.9066625,0.20978593826293945,0.6859999895095825,0.25839999318122864
YNL061W,YIL029C,0,-4.906757,0.20972180366516113,0.6859999895095825,0.25850000977516174
YDR142C,YDL150W,0,-4.9068103,0.2096576988697052,0.6859999895095825,0.25859999656677246
YPR070W,YPR158W-A,0,-4.906952,0.20959363877773285,0.6859999895095825,0.25870001316070557
YDR163W,YPR182W,1,-4.9071307,0.20983506739139557,0.6869999766349792,0.25870001316070557
YOR217W,YJL025W,0,-4.9072704,0.20977099239826202,0.6869999766349792,0.2587999999523163
YNL328C,YDR386W,0,-4.907338,0.20970696210861206,0.6869999766349792,0.258899986743927
YJL194W,YOR005C,0,-4.9073524,0.20964296162128448,0.6869999766349792,0.2590000033378601
YHR175W,YCL055W,0,-4.9075,0.2095790058374405,0.6869999766349792,0.2590999901294708
YJR083C,YML033W,0,-4.9076543,0.20951509475708008,0.6869999766349792,0.25920000672340393
YHR012W,YJR028W,0,-4.9077063,0.20945121347904205,0.6869999766349792,0.25929999351501465
YMR298W,YDR210C-C,0,-4.908309,0.2093873769044876,0.6869999766349792,0.25940001010894775
YPL171C,YNL054W-A,0,-4.908346,0.20932358503341675,0.6869999766349792,0.25949999690055847
YPR104C,YLR335W,0,-4.9086742,0.20925982296466827,0.6869999766349792,0.2596000134944916
YMR263W,YCL074W,0,-4.908775,0.20919610559940338,0.6869999766349792,0.2597000002861023
YNL268W,YFL008W,0,-4.9089575,0.20913241803646088,0.6869999766349792,0.259799987077713
YOR349W,YGL098W,0,-4.9091015,0.20906877517700195,0.6869999766349792,0.2599000036716461
YJR017C,YMR216C,1,-4.909191,0.2093093991279602,0.6880000233650208,0.2599000036716461
YGL078C,YKR038C,0,-4.9091954,0.2092457413673401,0.6880000233650208,0.25999999046325684
YLR215C,YOL121C,0,-4.9093366,0.20918212831020355,0.6880000233650208,0.26010000705718994
YML058W-A,YOL103W-A,0,-4.909402,0.2091185450553894,0.6880000233650208,0.26019999384880066
YPR025C,YER159C-A,0,-4.9095526,0.20905499160289764,0.6880000233650208,0.26030001044273376
YKR007W,YCR042C,0,-4.909593,0.20899149775505066,0.6880000233650208,0.2603999972343445
YOR036W,YNL054W-A,0,-4.9097033,0.20892803370952606,0.6880000233650208,0.2605000138282776
YKR002W,YBR152W,1,-4.9098454,0.2091681808233261,0.6890000104904175,0.2605000138282776
YJL203W,YOR159C,1,-4.9102464,0.20940819382667542,0.6899999976158142,0.2605000138282776
YLL019C,YJR027W,0,-4.910597,0.20934465527534485,0.6899999976158142,0.2606000006198883
YMR001C,YNL032W,0,-4.910651,0.20928116142749786,0.6899999976158142,0.260699987411499
YDR180W,YLL011W,0,-4.910826,0.20921771228313446,0.6899999976158142,0.26080000400543213
YBR278W,YOL113W,0,-4.9108415,0.20915429294109344,0.6899999976158142,0.26089999079704285
YIL128W,YGR038C-B,0,-4.9109097,0.20909090340137482,0.6899999976158142,0.26100000739097595
YDR058C,YGR038C-A,0,-4.911248,0.20902757346630096,0.6899999976158142,0.26109999418258667
YAL016W,YDR316W-B,0,-4.9113617,0.2089642584323883,0.6899999976158142,0.2612000107765198
YNL312W,YGR038C-A,0,-4.9113617,0.20890100300312042,0.6899999976158142,0.2612999975681305
YPL100W,YDR207C,0,-4.9115105,0.20883777737617493,0.6899999976158142,0.2614000141620636
YER164W,YDL042C,0,-4.911666,0.20877458155155182,0.6899999976158142,0.2615000009536743
YDR055W,YOL066C,0,-4.9116793,0.2087114304304123,0.6899999976158142,0.26159998774528503
YAL044C,YGR181W,0,-4.911831,0.20864832401275635,0.6899999976158142,0.26170000433921814
YMR184W,YBR129C,0,-4.911839,0.2085852473974228,0.6899999976158142,0.26179999113082886
YDR163W,YGL122C,1,-4.912121,0.20882441103458405,0.6909999847412109,0.26179999113082886
YJL129C,YDL235C,0,-4.912157,0.2087613344192505,0.6909999847412109,0.26190000772476196
YBR267W,YHR099W,0,-4.912426,0.20869827270507812,0.6909999847412109,0.2619999945163727
YJL008C,YGL078C,0,-4.9125085,0.20863527059555054,0.6909999847412109,0.2621000111103058
YDR393W,YDR398W,0,-4.912511,0.20857229828834534,0.6909999847412109,0.2621999979019165
YHL040C,YDR098C-A,0,-4.91253,0.20850935578346252,0.6909999847412109,0.2623000144958496
YNL210W,YLR277C,1,-4.9126453,0.20874811708927155,0.6919999718666077,0.2623000144958496
YDL017W,YNL054W-A,0,-4.913397,0.20868515968322754,0.6919999718666077,0.2624000012874603
YML102W,YPL234C,0,-4.9135094,0.20862224698066711,0.6919999718666077,0.26249998807907104
YDR331W,YDR363W-A,0,-4.9136353,0.20855937898159027,0.6919999718666077,0.26260000467300415
YIL159W,YLR425W,0,-4.913906,0.20849654078483582,0.6919999718666077,0.26269999146461487
YJR076C,YNL153C,0,-4.913914,0.20843373239040375,0.6919999718666077,0.262800008058548
YBR077C,YCL032W,0,-4.9140882,0.20837096869945526,0.6919999718666077,0.2628999948501587
YCL004W,YDR098C-A,0,-4.914113,0.20830824971199036,0.6919999718666077,0.2630000114440918
YER073W,YPR046W,0,-4.9142566,0.20824556052684784,0.6919999718666077,0.2630999982357025
YOR319W,YNL282W,1,-4.914465,0.2084837555885315,0.6930000185966492,0.2630999982357025
YOR349W,YGR186W,0,-4.9147177,0.20842105150222778,0.6930000185966492,0.2632000148296356
YKR095W-A,YCR042C,0,-4.9147606,0.20835839211940765,0.6930000185966492,0.26330000162124634
YBL026W,YJR022W,1,-4.914762,0.208596333861351,0.6940000057220459,0.26330000162124634
YML058W-A,YDR210C-C,0,-4.915131,0.2085336595773697,0.6940000057220459,0.26339998841285706
YAL044C,YNL054W-A,0,-4.915244,0.20847101509571075,0.6940000057220459,0.26350000500679016
YML023C,YOR064C,0,-4.9154186,0.2084084153175354,0.6940000057220459,0.2635999917984009
YBR010W,YLR410W-B,0,-4.915696,0.20834584534168243,0.6940000057220459,0.263700008392334
YBL105C,YLR410W-B,0,-4.9159975,0.20828332006931305,0.6940000057220459,0.2637999951839447
YDL181W,YGR202C,0,-4.916028,0.20822082459926605,0.6940000057220459,0.2639000117778778
YOL049W,YGL143C,0,-4.916046,0.20815837383270264,0.6940000057220459,0.2639999985694885
YIL119C,YDR289C,0,-4.9168224,0.2080959528684616,0.6940000057220459,0.26409998536109924
YJL145W,YDR341C,0,-4.9168487,0.20803357660770416,0.6940000057220459,0.26420000195503235
YAL043C,YBR152W,1,-4.916889,0.20827090740203857,0.6949999928474426,0.26420000195503235
YMR026C,YLR035C-A,0,-4.916915,0.20820850133895874,0.6949999928474426,0.26429998874664307
YGR284C,YMR079W,0,-4.917101,0.20814615488052368,0.6949999928474426,0.26440000534057617
YMR073C,YLR410W-B,0,-4.917656,0.208083838224411,0.6949999928474426,0.2644999921321869
YJL111W,YOL126C,0,-4.918034,0.20802155137062073,0.6949999928474426,0.26460000872612
YNL039W,YOR322C,0,-4.9181814,0.20795930922031403,0.6949999928474426,0.2646999955177307
YJL076W,YDL195W,0,-4.91836,0.2078970968723297,0.6949999928474426,0.2648000121116638
YGR158C,YCL019W,0,-4.918895,0.20783492922782898,0.6949999928474426,0.26489999890327454
YHR012W,YOR287C,0,-4.9193106,0.20777279138565063,0.6949999928474426,0.26499998569488525
YCL014W,YDL117W,0,-4.9194374,0.20771069824695587,0.6949999928474426,0.26510000228881836
YHR174W,YCR102C,0,-4.919466,0.2076486349105835,0.6949999928474426,0.2651999890804291
YMR232W,YKR095W-A,0,-4.9205475,0.2075866162776947,0.6949999928474426,0.2653000056743622
YOR144C,YLR425W,0,-4.9207697,0.2075246274471283,0.6949999928474426,0.2653999924659729
YHR163W,YDR365W-B,0,-4.921048,0.20746268332004547,0.6949999928474426,0.265500009059906
YLR219W,YDR210C-C,0,-4.921199,0.20740076899528503,0.6949999928474426,0.2655999958515167
YPL091W,YIL056W,0,-4.9213276,0.20733889937400818,0.6949999928474426,0.26570001244544983
YDR301W,YER068W,1,-4.9213276,0.20757530629634857,0.6959999799728394,0.26570001244544983
YFL036W,YNR026C,0,-4.921827,0.20751342177391052,0.6959999799728394,0.26579999923706055
YMR109W,YDR365W-B,0,-4.921877,0.20745156705379486,0.6959999799728394,0.26589998602867126
YNL127W,YDR276C,0,-4.9219966,0.20738975703716278,0.6959999799728394,0.26600000262260437
YFR013W,YPL253C,0,-4.9221325,0.2073279768228531,0.6959999799728394,0.2660999894142151
YDL195W,YPR036W,0,-4.922676,0.20726622641086578,0.6959999799728394,0.2662000060081482
YDR331W,YPL043W,0,-4.9226923,0.20720452070236206,0.6959999799728394,0.2662999927997589
YDR142C,YPL253C,0,-4.922755,0.20714285969734192,0.6959999799728394,0.266400009393692
YAL044C,YDR210C-C,0,-4.9236107,0.20708122849464417,0.6959999799728394,0.26649999618530273
YKL016C,YCR028C,0,-4.9236956,0.2070196270942688,0.6959999799728394,0.26660001277923584
YEL027W,YDL058W,0,-4.92397,0.20695807039737701,0.6959999799728394,0.26669999957084656
YLR081W,YLR410W-B,0,-4.924138,0.2068965584039688,0.6959999799728394,0.2667999863624573
YNL328C,YER089C,0,-4.924379,0.2068350613117218,0.6959999799728394,0.2669000029563904
YMR052W,YOR330C,0,-4.924814,0.20677362382411957,0.6959999799728394,0.2669999897480011
YPL265W,YML023C,0,-4.924885,0.20671220123767853,0.6959999799728394,0.2671000063419342
YEL037C,YNL088W,0,-4.9250593,0.20665083825588226,0.6959999799728394,0.2671999931335449
YLR110C,YGR038C-A,0,-4.925456,0.2065894901752472,0.6959999799728394,0.267300009727478
YLR034C,YOR142W-B,0,-4.925456,0.2065281867980957,0.6959999799728394,0.26739999651908875
YGR230W,YNL088W,0,-4.925852,0.2064669281244278,0.6959999799728394,0.26750001311302185
YDL088C,YIL063C,0,-4.9258614,0.20640569925308228,0.6959999799728394,0.26759999990463257
YOL066C,YDR210C-C,0,-4.9258704,0.20634450018405914,0.6959999799728394,0.2676999866962433
YMR026C,YML039W,0,-4.926295,0.2062833458185196,0.6959999799728394,0.2678000032901764
YPR020W,YFR024C,0,-4.9267044,0.20622222125530243,0.6959999799728394,0.2678999900817871
YOR148C,YLR424W,1,-4.926897,0.20645734667778015,0.6970000267028809,0.2678999900817871
YER028C,YMR069W,0,-4.926927,0.2063962072134018,0.6970000267028809,0.2680000066757202
YDR086C,YLR455W,0,-4.9269934,0.20633511245250702,0.6970000267028809,0.26809999346733093
YCR038C,YBR049C,0,-4.927237,0.20627404749393463,0.6970000267028809,0.26820001006126404
YDL138W,YLL011W,0,-4.9279203,0.20621301233768463,0.6970000267028809,0.26829999685287476
YJL021C,YLR355C,0,-4.92793,0.2061520218849182,0.6970000267028809,0.26840001344680786
YER031C,YOL103W-A,0,-4.927943,0.20609107613563538,0.6970000267028809,0.2685000002384186
YGR097W,YHR158C,0,-4.928326,0.20603014528751373,0.6970000267028809,0.2685999870300293
YNL164C,YDR131C,0,-4.9283857,0.20596927404403687,0.6970000267028809,0.2687000036239624
YPR095C,YGR038C-A,0,-4.928546,0.2059084177017212,0.6970000267028809,0.2687999904155731
YGL068W,YJR027W,0,-4.9286146,0.2058476060628891,0.6970000267028809,0.2689000070095062
YOR005C,YDR372C,0,-4.9287558,0.2057868391275406,0.6970000267028809,0.26899999380111694
YDL140C,YER005W,0,-4.928779,0.20572608709335327,0.6970000267028809,0.26910001039505005
YNL268W,YLL061W,0,-4.928894,0.20566539466381073,0.6970000267028809,0.26919999718666077
YOL156W,YHL009C,0,-4.9290156,0.20560471713542938,0.6970000267028809,0.26930001378059387
YHR169W,YNL054W-A,0,-4.9293747,0.20554408431053162,0.6970000267028809,0.2694000005722046
YEL041W,YLR256W-A,0,-4.9295635,0.20548349618911743,0.6970000267028809,0.2694999873638153
YGL180W,YDR210C-C,0,-4.9296007,0.20542292296886444,0.6970000267028809,0.2696000039577484
YJL133W,YML039W,0,-4.9296904,0.20536240935325623,0.6970000267028809,0.26969999074935913
YOL133W,YDR210C-C,0,-4.9298267,0.2053019106388092,0.6970000267028809,0.26980000734329224
YNL282W,YDR195W,1,-4.930045,0.2055359184741974,0.6980000138282776,0.26980000734329224
YIL002C,YNL262W,0,-4.930392,0.20547541975975037,0.6980000138282776,0.26989999413490295
YNL014W,YCR062W,0,-4.9306664,0.20541495084762573,0.6980000138282776,0.27000001072883606
YDL017W,YOR142W-B,0,-4.931108,0.2053545117378235,0.6980000138282776,0.2700999975204468
YAL054C,YNL311C,0,-4.9313884,0.20529411733150482,0.6980000138282776,0.2702000141143799
YFR024C,YBR073W,0,-4.9315267,0.20523375272750854,0.6980000138282776,0.2703000009059906
YDR480W,YCL027W,0,-4.931596,0.20517343282699585,0.6980000138282776,0.2703999876976013
YOR098C,YGR038C-B,0,-4.9317107,0.20511314272880554,0.6980000138282776,0.2705000042915344
YJL025W,YDR365W-B,0,-4.932012,0.20505288243293762,0.6980000138282776,0.27059999108314514
YLR011W,YBR273C,0,-4.93268,0.2049926519393921,0.6980000138282776,0.27070000767707825
YNR075W,YBL032W,0,-4.932829,0.20493246614933014,0.6980000138282776,0.27079999446868896
YJR092W,YKR008W,0,-4.9334736,0.20487232506275177,0.6980000138282776,0.27090001106262207
YOR079C,YOR272W,0,-4.933597,0.2048122137784958,0.6980000138282776,0.2709999978542328
YPL177C,YLR256W-A,0,-4.9337826,0.2047521322965622,0.6980000138282776,0.2711000144481659
YJR083C,YHR161C,0,-4.9338303,0.204692080616951,0.6980000138282776,0.2712000012397766
YGL065C,YGR038C-B,0,-4.933933,0.20463207364082336,0.6980000138282776,0.27129998803138733
YER089C,YER075C,0,-4.934162,0.20457209646701813,0.6980000138282776,0.27140000462532043
YDR451C,YDR210C-C,0,-4.934347,0.20451216399669647,0.6980000138282776,0.27149999141693115
YOR330C,YMR069W,0,-4.934735,0.2044522613286972,0.6980000138282776,0.27160000801086426
YOR144C,YNL323W,0,-4.934758,0.20439238846302032,0.6980000138282776,0.271699994802475
YHR001W-A,YER005W,0,-4.934802,0.20433254539966583,0.6980000138282776,0.2718000113964081
YOR340C,YMR270C,0,-4.9349394,0.20427274703979492,0.6980000138282776,0.2718999981880188
YEL041W,YDR210C-C,0,-4.935025,0.2042129933834076,0.6980000138282776,0.2720000147819519
YKR095W,YPR181C,0,-4.93509,0.20415325462818146,0.6980000138282776,0.2721000015735626
YGR230W,YBL016W,0,-4.935169,0.2040935605764389,0.6980000138282776,0.27219998836517334
YNL084C,YLR410W-B,0,-4.935477,0.20403391122817993,0.6980000138282776,0.27230000495910645
YPL177C,YMR175W,0,-4.935506,0.20397427678108215,0.6980000138282776,0.27239999175071716
YDR076W,YOR088W,0,-4.9355702,0.20391470193862915,0.6980000138282776,0.27250000834465027
YER072W,YPR158W-A,0,-4.9358535,0.20385514199733734,0.6980000138282776,0.272599995136261
YNR010W,YBR058C-A,0,-4.936444,0.2037956267595291,0.6980000138282776,0.2727000117301941
YPL210C,YLR410W-B,0,-4.937209,0.20373614132404327,0.6980000138282776,0.2727999985218048
YHR124W,YLR035C-A,0,-4.9372716,0.20367668569087982,0.6980000138282776,0.2728999853134155
YLR166C,YCL063W,0,-4.937416,0.20361727476119995,0.6980000138282776,0.27300000190734863
YDL135C,YLR410W-B,0,-4.937586,0.20355789363384247,0.6980000138282776,0.27309998869895935
YHR194W,YDL138W,0,-4.9386683,0.20349854230880737,0.6980000138282776,0.27320000529289246
YBL105C,YHR084W,0,-4.9391584,0.20343923568725586,0.6980000138282776,0.2732999920845032
YHR150W,YDR310C,0,-4.9392033,0.20337995886802673,0.6980000138282776,0.2734000086784363
YLR006C,YNL054W-A,0,-4.939205,0.20332071185112,0.6980000138282776,0.273499995470047
YLR248W,YOL103W-A,0,-4.939431,0.20326150953769684,0.6980000138282776,0.2736000120639801
YJL065C,YJR028W,0,-4.939509,0.20320232212543488,0.6980000138282776,0.2736999988555908
YLR006C,YLR256W-A,0,-4.9397326,0.2031431943178177,0.6980000138282776,0.27379998564720154
YNR075W,YLL061W,0,-4.9402504,0.2030840814113617,0.6980000138282776,0.27390000224113464
YMR076C,YJR086W,0,-4.941131,0.20302501320838928,0.6980000138282776,0.27399998903274536
YPL268W,YHR099W,0,-4.941219,0.20296597480773926,0.6980000138282776,0.27410000562667847
YPL091W,YGR038C-B,0,-4.942312,0.20290698111057281,0.6980000138282776,0.2741999924182892
YBL080C,YPR086W,0,-4.9427843,0.20284800231456757,0.6980000138282776,0.2743000090122223
YFR030W,YLR035C-A,0,-4.9428463,0.2027890831232071,0.6980000138282776,0.274399995803833
YPR083W,YDR337W,0,-4.9429398,0.2027301788330078,0.6980000138282776,0.2745000123977661
YKL197C,YOL103W-A,0,-4.942971,0.20267131924629211,0.6980000138282776,0.27459999918937683
YJL090C,YDR365W-B,0,-4.942971,0.2026124745607376,0.6980000138282776,0.27469998598098755
YLR025W,YLR035C-A,0,-4.9434237,0.20255368947982788,0.6980000138282776,0.27480000257492065
YLR157C,YDR059C,0,-4.9443154,0.20249491930007935,0.6980000138282776,0.27489998936653137
YFR024C,YER089C,0,-4.9448247,0.2024361938238144,0.6980000138282776,0.2750000059604645
YAL022C,YDL013W,0,-4.9448366,0.20237749814987183,0.6980000138282776,0.2750999927520752
YFL009W,YDL142C,0,-4.944891,0.20231884717941284,0.6980000138282776,0.2752000093460083
YHR171W,YDR098C-A,0,-4.9454,0.20226021111011505,0.6980000138282776,0.275299996137619
YNL262W,YLR410W-B,0,-4.9456263,0.20220161974430084,0.6980000138282776,0.2754000127315521
YKL079W,YER159C-A,0,-4.9461536,0.20214305818080902,0.6980000138282776,0.27549999952316284
YMR270C,YDR098C-A,0,-4.946229,0.20208454132080078,0.6980000138282776,0.27559998631477356
YGR230W,YDR098C-A,0,-4.9463234,0.20202605426311493,0.6980000138282776,0.27570000290870667
YAL042W,YER159C-A,0,-4.9464364,0.20196759700775146,0.6980000138282776,0.2757999897003174
YIR033W,YLR410W-B,0,-4.946493,0.2019091695547104,0.6980000138282776,0.2759000062942505
YHR012W,YDR316W-B,0,-4.9472275,0.2018507868051529,0.6980000138282776,0.2759999930858612
YGR227W,YDR009W,0,-4.94761,0.2017924189567566,0.6980000138282776,0.2761000096797943
YDR335W,YDR316W-B,0,-4.9479055,0.20173411071300507,0.6980000138282776,0.27619999647140503
YDR309C,YGR038C-A,0,-4.9483013,0.20167581737041473,0.6980000138282776,0.27630001306533813
YMR301C,YGL238W,0,-4.948393,0.20161756873130798,0.6980000138282776,0.27639999985694885
YDR046C,YOR142W-B,0,-4.948489,0.20155933499336243,0.6980000138282776,0.27649998664855957
YKL080W,YER159C-A,0,-4.948754,0.20150116086006165,0.6980000138282776,0.2766000032424927
YBR185C,YOR106W,0,-4.949185,0.20144300162792206,0.6980000138282776,0.2766999900341034
YIL063C,YDR210C-C,0,-4.949319,0.20138488709926605,0.6980000138282776,0.2768000066280365
YJR092W,YDR308C,0,-4.9499536,0.20132680237293243,0.6980000138282776,0.2768999934196472
YFL011W,YDR210C-C,0,-4.950185,0.2012687474489212,0.6980000138282776,0.2770000100135803
YER028C,YKR095W-A,0,-4.950296,0.20121072232723236,0.6980000138282776,0.27709999680519104
YKL079W,YLR035C-A,0,-4.9503365,0.2011527419090271,0.6980000138282776,0.27720001339912415
YCL027W,YHR023W,0,-4.9505243,0.20109479129314423,0.6980000138282776,0.27730000019073486
YFR024C,YNL307C,0,-4.9505267,0.20103687047958374,0.6980000138282776,0.2773999869823456
YGR230W,YBL105C,0,-4.9505806,0.20097897946834564,0.6980000138282776,0.2775000035762787
YLR090W,YPR158W-A,0,-4.950807,0.20092113316059113,0.6980000138282776,0.2775999903678894
YNL026W,YDR086C,0,-4.951338,0.200863316655159,0.6980000138282776,0.2777000069618225
YOL063C,YDR316W-B,0,-4.951353,0.20080552995204926,0.6980000138282776,0.2777999937534332
YLR304C,YEL027W,0,-4.9513655,0.2007477730512619,0.6980000138282776,0.27790001034736633
YDR423C,YER159C-A,0,-4.95141,0.20069004595279694,0.6980000138282776,0.27799999713897705
YJL194W,YMR270C,0,-4.9522448,0.20063236355781555,0.6980000138282776,0.27810001373291016
YMR119W,YLR035C-A,0,-4.9522824,0.20057471096515656,0.6980000138282776,0.2782000005245209
YBR283C,YML131W,0,-4.953037,0.20051708817481995,0.6980000138282776,0.2782999873161316
YOR149C,YLR410W-B,0,-4.9530487,0.20045951008796692,0.6980000138282776,0.2784000039100647
YJL128C,YOL103W-A,0,-4.9530673,0.20040194690227509,0.6980000138282776,0.2784999907016754
YPR065W,YJR027W,0,-4.953418,0.20034442842006683,0.6980000138282776,0.2786000072956085
YOR322C,YOR098C,0,-4.953434,0.20028693974018097,0.6980000138282776,0.27869999408721924
YLR467W,YDR210C-C,0,-4.953746,0.2002294957637787,0.6980000138282776,0.27880001068115234
YPL248C,YBR192W,0,-4.954028,0.2001720666885376,0.6980000138282776,0.27889999747276306
YGR063C,YOR212W,0,-4.9546423,0.2001146823167801,0.6980000138282776,0.27900001406669617
YLR355C,YHR200W,0,-4.9546657,0.20005732774734497,0.6980000138282776,0.2791000008583069
YPR025C,YGL178W,0,-4.955023,0.20000000298023224,0.6980000138282776,0.2791999876499176
YBL009W,YDR316W-B,0,-4.9554224,0.1999427080154419,0.6980000138282776,0.2793000042438507
YNL136W,YNL262W,0,-4.9554257,0.19988545775413513,0.6980000138282776,0.2793999910354614
YER028C,YGR054W,0,-4.955436,0.19982822239398956,0.6980000138282776,0.27950000762939453
YOR034C,YGR038C-A,0,-4.955573,0.19977103173732758,0.6980000138282776,0.27959999442100525
YKL042W,YOL020W,0,-4.9559,0.19971387088298798,0.6980000138282776,0.27970001101493835
YBR132C,YLR256W-A,0,-4.956119,0.19965675473213196,0.6980000138282776,0.2797999978065491
YKL205W,YOR142W-B,0,-4.956289,0.19959965348243713,0.6980000138282776,0.2799000144004822
YMR069W,YJL128C,0,-4.956316,0.1995425969362259,0.6980000138282776,0.2800000011920929
YJR083C,YNL136W,0,-4.9564376,0.19948557019233704,0.6980000138282776,0.2800999879837036
YPL190C,YGR038C-A,0,-4.956609,0.19942857325077057,0.6980000138282776,0.2802000045776367
YAL044C,YBR192W,0,-4.9566455,0.1993716061115265,0.6980000138282776,0.28029999136924744
YPR095C,YJR110W,0,-4.956746,0.199314683675766,0.6980000138282776,0.28040000796318054
YGR227W,YMR225C,0,-4.956792,0.1992577761411667,0.6980000138282776,0.28049999475479126
YIL002C,YLR066W,0,-4.9568715,0.19920091331005096,0.6980000138282776,0.28060001134872437
YEL051W,YGR038C-B,0,-4.9572873,0.19914408028125763,0.6980000138282776,0.2806999981403351
YAL054C,YBL033C,0,-4.957715,0.19908727705478668,0.6980000138282776,0.2808000147342682
YOR329C,YLR268W,0,-4.9577336,0.19903050363063812,0.6980000138282776,0.2809000015258789
YPR002W,YLR256W-A,0,-4.958041,0.19897377490997314,0.6980000138282776,0.2809999883174896
YMR001C,YPL242C,0,-4.958222,0.19891707599163055,0.6980000138282776,0.28110000491142273
YDR083W,YOR142W-B,0,-4.958568,0.19886039197444916,0.6980000138282776,0.28119999170303345
YBR211C,YDR365W-B,0,-4.9590015,0.19880375266075134,0.6980000138282776,0.28130000829696655
YDL045C,YLR410W-B,0,-4.9592843,0.1987471580505371,0.6980000138282776,0.28139999508857727
YGL142C,YPL082C,0,-4.959321,0.19869057834148407,0.6980000138282776,0.2815000116825104
YPL177C,YBR231C,0,-4.9595532,0.19863402843475342,0.6980000138282776,0.2815999984741211
YOR249C,YDR372C,0,-4.9599233,0.19857752323150635,0.6980000138282776,0.2816999852657318
YGL016W,YPL153C,0,-4.9600344,0.19852104783058167,0.6980000138282776,0.2818000018596649
YIL118W,YDR316W-B,0,-4.960226,0.19846460223197937,0.6980000138282776,0.28189998865127563
YER159C-A,YKL088W,0,-4.9606028,0.19840818643569946,0.6980000138282776,0.28200000524520874
YMR197C,YPL239W,0,-4.9609056,0.19835180044174194,0.6980000138282776,0.28209999203681946
YNL136W,YJR028W,0,-4.9613476,0.198295459151268,0.6980000138282776,0.28220000863075256
YNL061W,YLR410W-B,0,-4.961771,0.19823913276195526,0.6980000138282776,0.2822999954223633
YJL184W,YCL005W-A,0,-4.9621687,0.1981828510761261,0.6980000138282776,0.2824000120162964
YFL016C,YOL045W,0,-4.9622526,0.19812659919261932,0.6980000138282776,0.2824999988079071
YDR191W,YCL004W,0,-4.9622927,0.19807037711143494,0.6980000138282776,0.2825999855995178
YDL181W,YDL128W,0,-4.9624743,0.19801418483257294,0.6980000138282776,0.2827000021934509
YER032W,YMR216C,1,-4.9624767,0.19824163615703583,0.6990000009536743,0.2827000021934509
YEL027W,YDR365W-B,0,-4.9625525,0.19818542897701263,0.6990000009536743,0.28279998898506165
YOR149C,YNL154C,0,-4.962716,0.19812925159931183,0.6990000009536743,0.28290000557899475
YDR214W,YIL002C,0,-4.9627366,0.1980731040239334,0.6990000009536743,0.28299999237060547
YNL065W,YDR210C-C,0,-4.962949,0.19801700115203857,0.6990000009536743,0.2831000089645386
YOL009C,YGR038C-B,0,-4.9632587,0.19796091318130493,0.6990000009536743,0.2831999957561493
YIR033W,YNL054W-A,0,-4.9633627,0.19790486991405487,0.6990000009536743,0.2833000123500824
YOL105C,YNL054W-A,0,-4.9634476,0.1978488564491272,0.6990000009536743,0.2833999991416931
YER179W,YCR080W,0,-4.9636097,0.1977928727865219,0.6990000009536743,0.28349998593330383
YOR319W,YGL122C,1,-4.963797,0.19801980257034302,0.699999988079071,0.28349998593330383
YFR030W,YGR054W,0,-4.96385,0.19796380400657654,0.699999988079071,0.28360000252723694
YAL016W,YLR256W-A,0,-4.9640703,0.19790783524513245,0.699999988079071,0.28369998931884766
YGL171W,YEL051W,0,-4.9645257,0.19785189628601074,0.699999988079071,0.28380000591278076
YOL130W,YNL149C,0,-4.9648714,0.19779598712921143,0.699999988079071,0.2838999927043915
YNR075W,YDL150W,0,-4.9650497,0.1977401077747345,0.699999988079071,0.2840000092983246
YFR005C,YFL017W-A,1,-4.9650965,0.19796667993068695,0.7009999752044678,0.2840000092983246
YBR038W,YCR080W,0,-4.9659195,0.19791078567504883,0.7009999752044678,0.2840999960899353
YGL190C,YER159C-A,0,-4.9660597,0.1978549212217331,0.7009999752044678,0.2842000126838684
YMR270C,YDR316W-B,0,-4.9660983,0.19779910147190094,0.7009999752044678,0.2842999994754791
YPL059W,YBL102W,0,-4.966316,0.19774329662322998,0.7009999752044678,0.28439998626708984
YKL025C,YOR148C,1,-4.967892,0.19796954095363617,0.7020000219345093,0.28439998626708984
YOL130W,YNL020C,0,-4.9684057,0.1979137361049652,0.7020000219345093,0.28450000286102295
YDR345C,YOL103W-A,0,-4.9684753,0.19785794615745544,0.7020000219345093,0.28459998965263367
YOR221C,YFR052W,0,-4.968531,0.19780220091342926,0.7020000219345093,0.2847000062465668
YGL105W,YLR256W-A,0,-4.968678,0.19774648547172546,0.7020000219345093,0.2847999930381775
YER089C,YLR410W-B,0,-4.968678,0.19769078493118286,0.7020000219345093,0.2849000096321106
YAL009W,YLR010C,0,-4.9687357,0.19763512909412384,0.7020000219345093,0.2849999964237213
YOL113W,YGR211W,0,-4.9689555,0.1975795030593872,0.7020000219345093,0.2851000130176544
YML132W,YOR142W-B,0,-4.9689584,0.19752392172813416,0.7020000219345093,0.28519999980926514
YPR065W,YNR023W,0,-4.968965,0.1974683552980423,0.7020000219345093,0.28529998660087585
YER028C,YGR038C-A,0,-4.969634,0.19741281867027283,0.7020000219345093,0.28540000319480896
YHR158C,YKR095W-A,0,-4.96976,0.19735732674598694,0.7020000219345093,0.2854999899864197
YJR140C,YPR134W,0,-4.9698696,0.19730184972286224,0.7020000219345093,0.2856000065803528
YKL212W,YNL054W-A,0,-4.9698806,0.19724641740322113,0.7020000219345093,0.2856999933719635
YHR194W,YOL103W-A,0,-4.970045,0.1971910148859024,0.7020000219345093,0.2858000099658966
YGR239C,YNL054W-A,0,-4.9700737,0.19713564217090607,0.7020000219345093,0.2858999967575073
YJL183W,YML055W,0,-4.970089,0.19708029925823212,0.7020000219345093,0.28600001335144043
YBL026W,YOR159C,1,-4.9702716,0.19730563461780548,0.703000009059906,0.28600001335144043
YLR157C,YFL021W,0,-4.9702735,0.19725027680397034,0.703000009059906,0.28610000014305115
YEL016C,YLR467W,0,-4.970412,0.19719494879245758,0.703000009059906,0.28619998693466187
YKL166C,YOR008C-A,0,-4.9705534,0.1971396505832672,0.703000009059906,0.28630000352859497
YDR075W,YDR210C-C,0,-4.9707212,0.19708438217639923,0.703000009059906,0.2863999903202057
YHR169W,YAL015C,0,-4.9707975,0.19702914357185364,0.703000009059906,0.2865000069141388
YGR014W,YDR098C-A,0,-4.9715233,0.19697394967079163,0.703000009059906,0.2865999937057495
YDR040C,YKR095W-A,0,-4.9715347,0.1969187706708908,0.703000009059906,0.2867000102996826
YJL021C,YJR145C,0,-4.9715433,0.19686362147331238,0.703000009059906,0.28679999709129333
YLL056C,YNL054W-A,0,-4.972388,0.19680851697921753,0.703000009059906,0.28690001368522644
YIR041W,YGR038C-B,0,-4.972721,0.19675342738628387,0.703000009059906,0.28700000047683716
YHR171W,YCR062W,0,-4.973042,0.1966983824968338,0.703000009059906,0.2870999872684479
YIL120W,YDR365W-B,0,-4.9730544,0.19664335250854492,0.703000009059906,0.287200003862381
YBR256C,YCR080W,0,-4.9732666,0.19658836722373962,0.703000009059906,0.2872999906539917
YKL205W,YGR038C-B,0,-4.973508,0.1965334117412567,0.703000009059906,0.2874000072479248
YHR084W,YOR142W-B,0,-4.9739575,0.1964784860610962,0.703000009059906,0.2874999940395355
YKL086W,YNL054W-A,0,-4.974122,0.19642357528209686,0.703000009059906,0.28760001063346863
YCL054W,YDR310C,0,-4.9743814,0.19636870920658112,0.703000009059906,0.28769999742507935
YLR215C,YIL063C,0,-4.974427,0.19631387293338776,0.703000009059906,0.28780001401901245
YLR166C,YGR038C-B,0,-4.9744453,0.19625906646251678,0.703000009059906,0.28790000081062317
YPR083W,YLR256W-A,0,-4.974702,0.1962043046951294,0.703000009059906,0.2879999876022339
YPL010W,YLR256W-A,0,-4.974727,0.1961495578289032,0.703000009059906,0.288100004196167
YDR076W,YDR058C,0,-4.974776,0.1960948407649994,0.703000009059906,0.2881999909877777
YBL061C,YJR027W,0,-4.9748425,0.19604015350341797,0.703000009059906,0.2883000075817108
YFL048C,YKL212W,0,-4.974966,0.19598549604415894,0.703000009059906,0.28839999437332153
YMR153W,YDR202C,0,-4.9752846,0.19593088328838348,0.703000009059906,0.28850001096725464
YDR423C,YNR067C,0,-4.975374,0.19587628543376923,0.703000009059906,0.28859999775886536
YDR040C,YIL117C,0,-4.975439,0.19582173228263855,0.703000009059906,0.28870001435279846
YLR355C,YLR256W-A,0,-4.9761343,0.19576719403266907,0.703000009059906,0.2888000011444092
YHR073W,YDL083C,0,-4.9761763,0.19571270048618317,0.703000009059906,0.2888999879360199
YCL026C-A,YDR316W-B,0,-4.9765167,0.19565822184085846,0.703000009059906,0.289000004529953
YAL054C,YHR124W,0,-4.9767346,0.19560378789901733,0.703000009059906,0.2890999913215637
YGR224W,YPL253C,0,-4.9767675,0.1955493688583374,0.703000009059906,0.2892000079154968
YER138C,YLR256W-A,0,-4.9770555,0.19549499452114105,0.703000009059906,0.28929999470710754
YFL029C,YFR024C,0,-4.977603,0.1954406499862671,0.703000009059906,0.28940001130104065
YAL015C,YLR410W-B,0,-4.977826,0.19538632035255432,0.703000009059906,0.28949999809265137
YNL154C,YNL054W-A,0,-4.9779463,0.19533203542232513,0.703000009059906,0.2896000146865845
YER179W,YBR024W,0,-4.9779954,0.19527778029441833,0.703000009059906,0.2897000014781952
YDR308C,YLR417W,0,-4.978127,0.19522355496883392,0.703000009059906,0.2897999882698059
YJR110W,YDR316W-B,0,-4.978577,0.1951693445444107,0.703000009059906,0.289900004863739
YMR225C,YDR210W-C,0,-4.978577,0.19511517882347107,0.703000009059906,0.28999999165534973
YML033W,YDR098C-A,0,-4.978577,0.19506104290485382,0.703000009059906,0.29010000824928284
YCL005W-A,YML131W,0,-4.978577,0.19500693678855896,0.703000009059906,0.29019999504089355
YCR062W,YDR316W-B,0,-4.978577,0.1949528604745865,0.703000009059906,0.29030001163482666
YJL207C,YDR365W-B,0,-4.978577,0.1948988139629364,0.703000009059906,0.2903999984264374
YIL022W,YDR210W-C,0,-4.978577,0.1948447823524475,0.703000009059906,0.2904999852180481
YBR233W-A,YDR131C,0,-4.978577,0.1947907954454422,0.703000009059906,0.2906000018119812
YHR163W,YDR210W-C,0,-4.978577,0.19473683834075928,0.703000009059906,0.2906999886035919
YNL070W,YDR210W-C,0,-4.978577,0.19468291103839874,0.703000009059906,0.290800005197525
YCL005W-A,YCR102C,0,-4.978577,0.1946290135383606,0.703000009059906,0.29089999198913574
YGL105W,YDR210W-C,0,-4.978577,0.19457514584064484,0.703000009059906,0.29100000858306885
YOL045W,YDR365W-B,0,-4.978577,0.19452130794525146,0.703000009059906,0.29109999537467957
YNL044W,YDR210W-C,0,-4.978577,0.19446749985218048,0.703000009059906,0.29120001196861267
YPL096C-A,YCL019W,0,-4.978577,0.19441372156143188,0.703000009059906,0.2912999987602234
YFL057C,YGR038C-B,0,-4.978577,0.19435997307300568,0.703000009059906,0.2913999855518341
YJL026W,YDR210W-C,0,-4.978577,0.19430623948574066,0.703000009059906,0.2915000021457672
YJL145W,YDR210W-C,0,-4.978577,0.19425255060195923,0.703000009059906,0.29159998893737793
YLR005W,YDR210W-C,0,-4.978577,0.19419889152050018,0.703000009059906,0.29170000553131104
YDL140C,YDR210W-C,0,-4.978577,0.19414526224136353,0.703000009059906,0.29179999232292175
YCL005W-A,YLR410W-B,0,-4.978577,0.19409166276454926,0.703000009059906,0.29190000891685486
YOL049W,YDR210W-C,0,-4.978577,0.19403809309005737,0.703000009059906,0.2919999957084656
YOR103C,YGR038C-A,0,-4.978577,0.19398455321788788,0.703000009059906,0.2921000123023987
YAL016W,YDR210W-C,0,-4.978577,0.19393102824687958,0.703000009059906,0.2921999990940094
YCR080W,YCL074W,0,-4.978577,0.19387754797935486,0.703000009059906,0.2922999858856201
YKR095W-A,YCL074W,0,-4.978577,0.19382409751415253,0.703000009059906,0.2924000024795532
YKL029C,YDR210W-C,0,-4.978577,0.19377067685127258,0.703000009059906,0.29249998927116394
YDL080C,YDR210W-C,0,-4.978577,0.19371727108955383,0.703000009059906,0.29260000586509705
YIL034C,YDR210W-C,0,-4.978577,0.19366391003131866,0.703000009059906,0.29269999265670776
YGL006W,YDR210C-C,0,-4.978577,0.19361057877540588,0.703000009059906,0.29280000925064087
YML033W,YGR038C-B,0,-4.978577,0.1935572624206543,0.703000009059906,0.2928999960422516
YGR227W,YPR158W-A,0,-4.978577,0.1935039907693863,0.703000009059906,0.2930000126361847
YIL159W,YER159C-A,0,-4.978577,0.19345074892044067,0.703000009059906,0.2930999994277954
YOR349W,YDR210W-C,0,-4.978577,0.19339752197265625,0.703000009059906,0.29319998621940613
YBR058C-A,YJR028W,0,-4.978577,0.1933443397283554,0.703000009059906,0.29330000281333923
YOR160W,YDR210W-C,0,-4.978577,0.19329117238521576,0.703000009059906,0.29339998960494995
YPR032W,YDR210W-C,0,-4.978577,0.1932380497455597,0.703000009059906,0.29350000619888306
YGR227W,YOL103W-A,0,-4.978577,0.19318494200706482,0.703000009059906,0.2935999929904938
YBR275C,YDR098C-A,0,-4.978577,0.19313186407089233,0.703000009059906,0.2937000095844269
YPL224C,YDR210W-C,0,-4.978577,0.19307883083820343,0.703000009059906,0.2937999963760376
YNL074C,YDR210W-C,0,-4.978577,0.19302581250667572,0.703000009059906,0.2939000129699707
YJR092W,YLR410W-B,0,-4.978577,0.1929728239774704,0.703000009059906,0.2939999997615814
YIL159W,YDR098C-A,0,-4.978577,0.19291986525058746,0.703000009059906,0.29409998655319214
YBR233W-A,YCR102C,0,-4.978577,0.19286693632602692,0.703000009059906,0.29420000314712524
YCR062W,YOR142W-B,0,-4.978577,0.19281403720378876,0.703000009059906,0.29429998993873596
YOL039W,YDR210W-C,0,-4.978577,0.19276116788387299,0.703000009059906,0.29440000653266907
YIL070C,YDR210W-C,0,-4.978577,0.1927083283662796,0.703000009059906,0.2944999933242798
YPL106C,YDR210W-C,0,-4.978577,0.1926555186510086,0.703000009059906,0.2946000099182129
YHR158C,YER028C,0,-4.9789333,0.19260273873806,0.703000009059906,0.2946999967098236
YMR270C,YCR062W,0,-4.9789867,0.19254998862743378,0.703000009059906,0.2948000133037567
YMR092C,YMR001C,0,-4.9793196,0.19249726831912994,0.703000009059906,0.29490000009536743
YNL210W,YBR152W,1,-4.9793706,0.19271831214427948,0.7039999961853027,0.29490000009536743
YFR052W,YDR316W-B,0,-4.979631,0.19266557693481445,0.7039999961853027,0.29499998688697815
YGR097W,YOR230W,0,-4.979909,0.19261285662651062,0.7039999961853027,0.29510000348091125
YDR480W,YHR041C,0,-4.979939,0.19256018102169037,0.7039999961853027,0.295199990272522
YDR432W,YER159C-A,0,-4.9800625,0.1925075203180313,0.7039999961853027,0.2953000068664551
YPL101W,YDR365W-B,0,-4.9800673,0.19245488941669464,0.7039999961853027,0.2953999936580658
YDL014W,YCL075W,0,-4.980195,0.19240228831768036,0.7039999961853027,0.2955000102519989
YBR234C,YLR133W,0,-4.9803524,0.19234973192214966,0.7039999961853027,0.2955999970436096
YAL015C,YGR211W,0,-4.9804277,0.19229719042778015,0.7039999961853027,0.2957000136375427
YCL014W,YGR249W,0,-4.980751,0.19224467873573303,0.7039999961853027,0.29580000042915344
YOL164W,YJR140C,0,-4.9809976,0.1921921968460083,0.7039999961853027,0.29589998722076416
YGL092W,YIL129C,0,-4.9810104,0.19213974475860596,0.7039999961853027,0.29600000381469727
YMR224C,YDR365W-B,0,-4.981139,0.1920873075723648,0.7039999961853027,0.296099990606308
YDR058C,YMR089C,0,-4.9822197,0.19203491508960724,0.7039999961853027,0.2962000072002411
YHR194W,YCR062W,0,-4.982321,0.19198255240917206,0.7039999961853027,0.2962999939918518
YGR227W,YPL096C-A,0,-4.9825087,0.19193020462989807,0.7039999961853027,0.2964000105857849
YDR397C,YML039W,0,-4.9831266,0.19187790155410767,0.7039999961853027,0.29649999737739563
YMR270C,YGR063C,0,-4.983491,0.19182561337947845,0.7039999961853027,0.29660001397132874
YDR318W,YLR455W,0,-4.9838166,0.19177335500717163,0.7039999961853027,0.29670000076293945
YOL049W,YNL054W-A,0,-4.9841075,0.1917211264371872,0.7039999961853027,0.29679998755455017
YDR055W,YDR365W-B,0,-4.9841113,0.19166894257068634,0.7039999961853027,0.2969000041484833
YKL220C,YJL010C,0,-4.984127,0.19161677360534668,0.7039999961853027,0.296999990940094
YBR059C,YKR007W,0,-4.984225,0.1915646195411682,0.7039999961853027,0.2971000075340271
YDL181W,YLR035C-A,0,-4.9844537,0.19151251018047333,0.7039999961853027,0.2971999943256378
YDR231C,YLR410W-B,0,-4.9845614,0.19146043062210083,0.7039999961853027,0.2973000109195709
YDL126C,YLR256W-A,0,-4.984656,0.19140838086605072,0.7039999961853027,0.29739999771118164
YFR028C,YPL190C,0,-4.984952,0.1913563460111618,0.7039999961853027,0.29750001430511475
YMR139W,YLR410W-B,0,-4.984996,0.19130434095859528,0.7039999961853027,0.29760000109672546
YBL009W,YIR015W,0,-4.9851217,0.19125238060951233,0.7039999961853027,0.2976999878883362
YHR158C,YDR210C-C,0,-4.9852047,0.19120043516159058,0.7039999961853027,0.2978000044822693
YOR349W,YHR023W,0,-4.9852986,0.1911485195159912,0.7039999961853027,0.29789999127388
YIL112W,YPL210C,0,-4.985307,0.19109663367271423,0.7039999961853027,0.2980000078678131
YFL021W,YDR058C,0,-4.9854484,0.19104477763175964,0.7039999961853027,0.29809999465942383
YNR075W,YJR027W,0,-4.985652,0.19099295139312744,0.7039999961853027,0.29820001125335693
YCL074W,YPR158W-A,0,-4.9857817,0.19094114005565643,0.7039999961853027,0.29829999804496765
YKR095W,YCR080W,0,-4.985791,0.190889373421669,0.7039999961853027,0.29840001463890076
YMR232W,YLR410W-B,0,-4.986906,0.19083762168884277,0.7039999961853027,0.2985000014305115
YPR001W,YNL054W-A,0,-4.987001,0.19078591465950012,0.7039999961853027,0.2985999882221222
YHR200W,YOR142W-B,0,-4.9870167,0.19073422253131866,0.7039999961853027,0.2987000048160553
YJR083C,YML127W,0,-4.987104,0.1906825602054596,0.7039999961853027,0.298799991607666
YDL175C,YGR038C-A,0,-4.9880905,0.1906309276819229,0.7039999961853027,0.2989000082015991
YNL186W,YNL054W-A,0,-4.9883037,0.19057932496070862,0.7039999961853027,0.29899999499320984
YMR076C,YDR210C-C,0,-4.9890223,0.19052773714065552,0.7039999961853027,0.29910001158714294
YPR001W,YBR073W,0,-4.9891477,0.190476194024086,0.7039999961853027,0.29919999837875366
YPL171C,YKR095W-A,0,-4.9893746,0.19042466580867767,0.7039999961853027,0.2992999851703644
YDL154W,YGR038C-B,0,-4.9894094,0.19037316739559174,0.7039999961853027,0.2994000017642975
YDR210C-C,YGR111W,0,-4.9896855,0.19032171368598938,0.7039999961853027,0.2994999885559082
YJL021C,YOR330C,0,-4.9898486,0.19027027487754822,0.7039999961853027,0.2996000051498413
YER159C-A,YLL056C,0,-4.990238,0.19021886587142944,0.7039999961853027,0.299699991941452
YDL135C,YLR256W-A,0,-4.990325,0.19016747176647186,0.7039999961853027,0.29980000853538513
YOR344C,YLR410W-B,0,-4.9905853,0.19011612236499786,0.7039999961853027,0.29989999532699585
YIL142W,YGR192C,0,-4.990793,0.19006478786468506,0.7039999961853027,0.30000001192092896
YGR014W,YML127W,0,-4.9911776,0.19001349806785583,0.7039999961853027,0.3000999987125397
YDR214W,YDR335W,0,-4.9912567,0.1899622231721878,0.7039999961853027,0.3001999855041504
YMR266W,YGR038C-B,0,-4.9913197,0.18991097807884216,0.7039999961853027,0.3003000020980835
YDR163W,YBR065C,1,-4.9915504,0.19012944400310516,0.7049999833106995,0.3003000020980835
YIL117C,YOR142W-B,0,-4.9916353,0.19007818400859833,0.7049999833106995,0.3003999888896942
YDR423C,YPL118W,0,-4.9924355,0.19002695381641388,0.7049999833106995,0.3005000054836273
YHR084W,YDR359C,0,-4.9929075,0.18997575342655182,0.7049999833106995,0.30059999227523804
YKL208W,YDR163W,1,-4.9929667,0.19019396603107452,0.7059999704360962,0.30059999227523804
YLL018C-A,YLR332W,0,-4.993484,0.19014273583889008,0.7059999704360962,0.30070000886917114
YKL195W,YJR028W,0,-4.993828,0.1900915503501892,0.7059999704360962,0.30079999566078186
YCL027W,YCR062W,0,-4.993831,0.19004037976264954,0.7059999704360962,0.30090001225471497
YNL328C,YDR365W-B,0,-4.994004,0.18998923897743225,0.7059999704360962,0.3009999990463257
YBR192W,YGR038C-A,0,-4.9942803,0.18993812799453735,0.7059999704360962,0.3010999858379364
YMR091C,YFR052W,0,-4.9945555,0.18988703191280365,0.7059999704360962,0.3012000024318695
YJL021C,YDR277C,0,-4.994667,0.18983598053455353,0.7059999704360962,0.3012999892234802
YIL128W,YDL154W,0,-4.9950743,0.1897849440574646,0.7059999704360962,0.30140000581741333
YGR132C,YHR167W,0,-4.9951077,0.18973393738269806,0.7059999704360962,0.30149999260902405
YOR180C,YNL054W-A,0,-4.9956145,0.1896829605102539,0.7059999704360962,0.30160000920295715
YBR127C,YNL054W-A,0,-4.995741,0.18963201344013214,0.7059999704360962,0.30169999599456787
YBR066C,YPR158W-A,0,-4.996215,0.18958109617233276,0.7059999704360962,0.301800012588501
YLL061W,YOR346W,0,-4.996243,0.18953020870685577,0.7059999704360962,0.3018999993801117
YML114C,YGR054W,0,-4.996403,0.18947933614253998,0.7059999704360962,0.3019999861717224
YJL194W,YDR210C-C,0,-4.9964676,0.18942849338054657,0.7059999704360962,0.3021000027656555
YML102W,YML033W,0,-4.996884,0.18937768042087555,0.7059999704360962,0.30219998955726624
YKL166C,YNL054W-A,0,-4.99691,0.18932689726352692,0.7059999704360962,0.30230000615119934
YER164W,YCL063W,0,-4.9969625,0.18927614390850067,0.7059999704360962,0.30239999294281006
YBL016W,YAR009C,0,-4.9973583,0.18922540545463562,0.7059999704360962,0.30250000953674316
YPL118W,YDR398W,0,-4.997923,0.18917471170425415,0.7059999704360962,0.3025999963283539
YJR076C,YPL258C,0,-4.9981728,0.18912403285503387,0.7059999704360962,0.302700012922287
YDR210C-C,YLR035C-A,0,-4.998189,0.189073383808136,0.7059999704360962,0.3027999997138977
YDR515W,YDR098C-A,0,-4.998221,0.18902276456356049,0.7059999704360962,0.3028999865055084
YOR307C,YLR035C-A,0,-4.9983225,0.18897216022014618,0.7059999704360962,0.30300000309944153
YPL059W,YPR046W,0,-4.9983377,0.18892160058021545,0.7059999704360962,0.30309998989105225
YBR278W,YGL142C,0,-4.9985595,0.18887105584144592,0.7059999704360962,0.30320000648498535
YMR021C,YDR379W,0,-4.998724,0.18882054090499878,0.7059999704360962,0.30329999327659607
YLR242C,YPL177C,0,-4.9988794,0.18877005577087402,0.7059999704360962,0.3034000098705292
YER032W,YPL151C,1,-4.9993906,0.1889868974685669,0.7070000171661377,0.3034000098705292
YGR024C,YOL103W-A,0,-4.999563,0.18893639743328094,0.7070000171661377,0.3034999966621399
YPR083W,YJL025W,0,-4.9998436,0.18888592720031738,0.7070000171661377,0.303600013256073
YOL013C,YKR008W,0,-4.9999275,0.18883547186851501,0.7070000171661377,0.3037000000476837
YNL039W,YLR256W-A,0,-5.0001154,0.18878504633903503,0.7070000171661377,0.30379998683929443
YGL238W,YFR024C,0,-5.000387,0.18873465061187744,0.7070000171661377,0.30390000343322754
YDR195W,YOR159C,1,-5.0006094,0.18895116448402405,0.7080000042915344,0.30390000343322754
YOR031W,YGL178W,0,-5.0009604,0.18890075385570526,0.7080000042915344,0.30399999022483826
YGL238W,YER159C-A,0,-5.0012054,0.18885035812854767,0.7080000042915344,0.30410000681877136
YHL009C,YNL054W-A,0,-5.001269,0.18880000710487366,0.7080000042915344,0.3041999936103821
YJL021C,YOR088W,0,-5.0013943,0.18874967098236084,0.7080000042915344,0.3043000102043152
YPL202C,YER089C,0,-5.001397,0.1886993646621704,0.7080000042915344,0.3043999969959259
YGL035C,YLR256W-A,0,-5.0014896,0.18864908814430237,0.7080000042915344,0.304500013589859
YCL008C,YOR142W-B,0,-5.0018373,0.18859882652759552,0.7080000042915344,0.3046000003814697
YOL066C,YAR009C,0,-5.001874,0.18854859471321106,0.7080000042915344,0.30469998717308044
YML113W,YNL054W-A,0,-5.002011,0.18849840760231018,0.7080000042915344,0.30480000376701355
YDR174W,YDR059C,0,-5.002244,0.1884482353925705,0.7080000042915344,0.30489999055862427
YER068W,YNL282W,1,-5.00229,0.18866418302059174,0.7089999914169312,0.30489999055862427
YDR013W,YJL154C,0,-5.0023146,0.18861399590969086,0.7089999914169312,0.3050000071525574
YMR225C,YMR139W,0,-5.0025105,0.18856382369995117,0.7089999914169312,0.3050999939441681
YKL093W,YHR167W,0,-5.00306,0.18851369619369507,0.7089999914169312,0.3052000105381012
YMR079W,YDR210C-C,0,-5.0032587,0.18846358358860016,0.7089999914169312,0.3052999973297119
YMR298W,YOR088W,0,-5.0033116,0.18841350078582764,0.7089999914169312,0.305400013923645
YOR349W,YEL051W,0,-5.003759,0.1883634477853775,0.7089999914169312,0.30550000071525574
YDR231C,YIL119C,0,-5.003784,0.18831340968608856,0.7089999914169312,0.30559998750686646
YPL177C,YOR212W,0,-5.003982,0.1882634162902832,0.7089999914169312,0.30570000410079956
YDL058W,YDR098C-A,0,-5.0040803,0.18821343779563904,0.7089999914169312,0.3057999908924103
YLL015W,YDR210C-C,0,-5.004096,0.18816348910331726,0.7089999914169312,0.3059000074863434
YGL180W,YDL225W,0,-5.0041056,0.18811355531215668,0.7089999914169312,0.3059999942779541
YNL311C,YDR316W-B,0,-5.0043015,0.18806366622447968,0.7089999914169312,0.3061000108718872
YFL011W,YCL032W,0,-5.0043273,0.18801379203796387,0.7089999914169312,0.3061999976634979
YCR044C,YDR388W,0,-5.004389,0.18796394765377045,0.7089999914169312,0.30630001425743103
YPL265W,YEL037C,0,-5.0045176,0.18791413307189941,0.7089999914169312,0.30640000104904175
YJL128C,YDR365W-B,0,-5.004855,0.18786433339118958,0.7089999914169312,0.30649998784065247
YLR078C,YDR210C-C,0,-5.004902,0.18781456351280212,0.7089999914169312,0.30660000443458557
YMR201C,YMR183C,0,-5.005511,0.18776482343673706,0.7089999914169312,0.3066999912261963
YPR072W,YLR277C,1,-5.0056305,0.18797987699508667,0.7099999785423279,0.3066999912261963
YAL032C,YGL030W,1,-5.005908,0.18819481134414673,0.7110000252723694,0.3066999912261963
YIL109C,YER159C-A,0,-5.0059605,0.1881450116634369,0.7110000252723694,0.3068000078201294
YDR276C,YCR062W,0,-5.0059795,0.18809524178504944,0.7110000252723694,0.3068999946117401
YGL151W,YFL004W,0,-5.0062013,0.18804548680782318,0.7110000252723694,0.3070000112056732
YJR022W,YOR159C,1,-5.0071144,0.18826018273830414,0.7120000123977661,0.3070000112056732
YGL013C,YDR316W-B,0,-5.0072565,0.1882104128599167,0.7120000123977661,0.30709999799728394
YPR070W,YCL019W,0,-5.007777,0.18816067278385162,0.7120000123977661,0.30720001459121704
YLL015W,YGL098W,0,-5.0082207,0.18811096251010895,0.7120000123977661,0.30730000138282776
YLR355C,YPR158W-A,0,-5.008331,0.18806128203868866,0.7120000123977661,0.3073999881744385
YLR381W,YDL195W,0,-5.0083685,0.18801161646842957,0.7120000123977661,0.3075000047683716
YDR498C,YBL102W,0,-5.0083914,0.18796198070049286,0.7120000123977661,0.3075999915599823
YNL241C,YGR038C-B,0,-5.0087414,0.18791237473487854,0.7120000123977661,0.3077000081539154
YNL009W,YDR359C,0,-5.009147,0.1878627985715866,0.7120000123977661,0.3077999949455261
YPL211W,YPR158W-A,0,-5.009263,0.18781323730945587,0.7120000123977661,0.30790001153945923
YML073C,YHR200W,0,-5.009348,0.18776370584964752,0.7120000123977661,0.30799999833106995
YNL053W,YGR038C-B,0,-5.0098634,0.18771420419216156,0.7120000123977661,0.30809998512268066
YPR070W,YIL120W,0,-5.0102596,0.18766473233699799,0.7120000123977661,0.30820000171661377
YJL214W,YDR013W,0,-5.0102606,0.1876152902841568,0.7120000123977661,0.3082999885082245
YGL195W,YCR062W,0,-5.0103292,0.1875658631324768,0.7120000123977661,0.3084000051021576
YFR024C,YJL102W,0,-5.011337,0.1875164657831192,0.7120000123977661,0.3084999918937683
YLL061W,YGR181W,0,-5.0113816,0.1874670833349228,0.7120000123977661,0.3086000084877014
YMR162C,YFR024C,0,-5.0121713,0.18741774559020996,0.7120000123977661,0.30869999527931213
YCR038C,YLR166C,0,-5.0123544,0.18736842274665833,0.7120000123977661,0.30880001187324524
YDL079C,YPR158W-A,0,-5.012376,0.18731912970542908,0.7120000123977661,0.30889999866485596
YMR089C,YML131W,0,-5.012518,0.18726985156536102,0.7120000123977661,0.3089999854564667
YOR123C,YCR062W,0,-5.0126824,0.18722061812877655,0.7120000123977661,0.3091000020503998
YDR075W,YPL234C,0,-5.0127993,0.18717139959335327,0.7120000123977661,0.3091999888420105
YML132W,YKR095W-A,0,-5.012968,0.18712221086025238,0.7120000123977661,0.3093000054359436
YKL146W,YJR076C,0,-5.0129924,0.18707303702831268,0.7120000123977661,0.3093999922275543
YIL106W,YLR256W-A,0,-5.0130396,0.18702390789985657,0.7120000123977661,0.3095000088214874
YDR289C,YLR035C-A,0,-5.013051,0.18697479367256165,0.7120000123977661,0.30959999561309814
YOR260W,YIL029C,0,-5.0134115,0.1869257092475891,0.7120000123977661,0.30970001220703125
YDL145C,YJL025W,0,-5.013437,0.18687663972377777,0.7120000123977661,0.30979999899864197
YDL170W,YNL054W-A,0,-5.0137033,0.18682760000228882,0.7120000123977661,0.3098999857902527
YPR052C,YJL129C,0,-5.013982,0.18677859008312225,0.7120000123977661,0.3100000023841858
YML103C,YDL128W,0,-5.0142274,0.18672960996627808,0.7120000123977661,0.3100999891757965
YJR028W,YLL056C,0,-5.014287,0.1866806447505951,0.7120000123977661,0.3102000057697296
YML073C,YNR023W,0,-5.014863,0.1866317242383957,0.7120000123977661,0.31029999256134033
YBR050C,YLR035C-A,0,-5.014887,0.1865828037261963,0.7120000123977661,0.31040000915527344
YAR008W,YPR095C,0,-5.0152006,0.18653392791748047,0.7120000123977661,0.31049999594688416
YJR045C,YOL103W-A,0,-5.0153484,0.18648506700992584,0.7120000123977661,0.31060001254081726
YOR037W,YGL229C,0,-5.015449,0.1864362359046936,0.7120000123977661,0.310699999332428
YHR023W,YDR210C-C,0,-5.0156016,0.18638743460178375,0.7120000123977661,0.3107999861240387
YDR423C,YLR410W-B,0,-5.0159497,0.1863386482000351,0.7120000123977661,0.3109000027179718
YBR240C,YLR256W-A,0,-5.0160446,0.18628990650177002,0.7120000123977661,0.3109999895095825
YPL026C,YLR035C-A,0,-5.016346,0.18624116480350494,0.7120000123977661,0.3111000061035156
YFL036W,YDR210C-C,0,-5.016488,0.18619246780872345,0.7120000123977661,0.31119999289512634
YLR242C,YPL192C,0,-5.0168858,0.18614378571510315,0.7120000123977661,0.31130000948905945
YBR155W,YER159C-A,0,-5.016899,0.18609513342380524,0.7120000123977661,0.31139999628067017
YCR038C,YOR142W-B,0,-5.017152,0.1860465109348297,0.7120000123977661,0.31150001287460327
YBR211C,YLR035C-A,0,-5.017531,0.18599790334701538,0.7120000123977661,0.311599999666214
YBR065C,YIR005W,1,-5.0176134,0.186210498213768,0.7129999995231628,0.311599999666214
YGL078C,YIR022W,0,-5.017706,0.18616187572479248,0.7129999995231628,0.3116999864578247
YDR335W,YPR158W-A,0,-5.0177217,0.18611328303813934,0.7129999995231628,0.3118000030517578
YBR295W,YKR095W-A,0,-5.0177364,0.1860647201538086,0.7129999995231628,0.31189998984336853
YOR249C,YOR210W,0,-5.0177794,0.18601617217063904,0.7129999995231628,0.31200000643730164
YJL010C,YPR158W-A,0,-5.017817,0.18596765398979187,0.7129999995231628,0.31209999322891235
YBL050W,YNL311C,0,-5.0183434,0.1859191656112671,0.7129999995231628,0.31220000982284546
YNL210W,YPR072W,1,-5.0186467,0.18613138794898987,0.7139999866485596,0.31220000982284546
YJR139C,YJR027W,0,-5.0188065,0.1860828846693039,0.7139999866485596,0.3122999966144562
YDR301W,YFR005C,1,-5.0188723,0.18629494309425354,0.7149999737739563,0.3122999966144562
YGR003W,YIL053W,0,-5.0192347,0.18624642491340637,0.7149999737739563,0.3124000132083893
YFL023W,YFL003C,0,-5.020197,0.1861979216337204,0.7149999737739563,0.3125
YDL019C,YGR038C-B,0,-5.021076,0.18614943325519562,0.7149999737739563,0.3125999867916107
YNL281W,YCR062W,0,-5.0212407,0.18610098958015442,0.7149999737739563,0.3127000033855438
YJR150C,YDR365W-B,0,-5.021266,0.18605256080627441,0.7149999737739563,0.31279999017715454
YPL209C,YOR142W-B,0,-5.021519,0.1860041618347168,0.7149999737739563,0.31290000677108765
YJR017C,YAL032C,1,-5.02152,0.1862158626317978,0.7160000205039978,0.31290000677108765
YFL025C,YLR329W,0,-5.02168,0.18616744875907898,0.7160000205039978,0.31299999356269836
YJL102W,YHR119W,0,-5.0219436,0.18611904978752136,0.7160000205039978,0.31310001015663147
YER032W,YOR159C,1,-5.0220375,0.18633055686950684,0.7170000076293945,0.31310001015663147
YOR217W,YDL138W,0,-5.022191,0.18628215789794922,0.7170000076293945,0.3131999969482422
YPL018W,YGR014W,0,-5.0222044,0.1862337589263916,0.7170000076293945,0.3133000135421753
YFL004W,YER159C-A,0,-5.022785,0.18618540465831757,0.7170000076293945,0.313400000333786
YGL003C,YNR075W,0,-5.0229297,0.18613706529140472,0.7170000076293945,0.31349998712539673
YBR159W,YMR284W,0,-5.023217,0.18608875572681427,0.7170000076293945,0.31360000371932983
YGR262C,YBR077C,0,-5.023247,0.1860404759645462,0.7170000076293945,0.31369999051094055
YMR001C,YDL150W,0,-5.0234375,0.18599221110343933,0.7170000076293945,0.31380000710487366
YGL030W,YKL018W,1,-5.0245347,0.18620331585407257,0.7179999947547913,0.31380000710487366
YER028C,YER089C,0,-5.024619,0.1861550360918045,0.7179999947547913,0.3138999938964844
YDR276C,YPL010W,0,-5.0247316,0.18610678613185883,0.7179999947547913,0.3140000104904175
YML129C,YHR041C,0,-5.024744,0.18605856597423553,0.7179999947547913,0.3140999972820282
YCR060W,YER138C,0,-5.024849,0.18601036071777344,0.7179999947547913,0.3142000138759613
YBR186W,YOR142W-B,0,-5.024969,0.18596218526363373,0.7179999947547913,0.314300000667572
YGL226C-A,YBR218C,0,-5.0250363,0.1859140396118164,0.7179999947547913,0.31439998745918274
YER114C,YPL177C,0,-5.025293,0.18586590886116028,0.7179999947547913,0.31450000405311584
YLL011W,YCR062W,0,-5.0254054,0.18581780791282654,0.7179999947547913,0.31459999084472656
YJL034W,YDR276C,0,-5.0254145,0.185769721865654,0.7179999947547913,0.31470000743865967
YJL021C,YDR379W,0,-5.0257483,0.18572168052196503,0.7179999947547913,0.3147999942302704
YCR107W,YDR386W,0,-5.0261097,0.18567365407943726,0.7179999947547913,0.3149000108242035
YDR081C,YHR163W,0,-5.0262012,0.18562564253807068,0.7179999947547913,0.3149999976158142
YML113W,YKL088W,0,-5.026517,0.18557767570018768,0.7179999947547913,0.3151000142097473
YOR249C,YLR193C,0,-5.026518,0.1855297088623047,0.7179999947547913,0.31520000100135803
YDR273W,YLR256W-A,0,-5.026931,0.18548178672790527,0.7179999947547913,0.31529998779296875
YGL122C,YGR129W,1,-5.0270166,0.18569214642047882,0.718999981880188,0.31529998779296875
YDR205W,YDR365W-B,0,-5.027026,0.1856442093849182,0.718999981880188,0.31540000438690186
YHR116W,YMR263W,0,-5.027065,0.1855962872505188,0.718999981880188,0.3154999911785126
YDR076W,YCL005W-A,0,-5.0272303,0.18554838001728058,0.718999981880188,0.3156000077724457
YDR058C,YDR365W-B,0,-5.0278177,0.18550051748752594,0.718999981880188,0.3156999945640564
YNL030W,YLR026C,0,-5.0278625,0.1854526698589325,0.718999981880188,0.3158000111579895
YPL242C,YPL192C,0,-5.0280685,0.18540485203266144,0.718999981880188,0.3158999979496002
YHR169W,YER159C-A,0,-5.0282288,0.18535704910755157,0.718999981880188,0.3160000145435333
YNL136W,YGL175C,0,-5.0285535,0.1853092759847641,0.718999981880188,0.31610000133514404
YPR188C,YPR036W,0,-5.028921,0.185261532664299,0.718999981880188,0.31619998812675476
YGR024C,YLR035C-A,0,-5.029351,0.18521380424499512,0.718999981880188,0.31630000472068787
YMR047C,YBR105C,0,-5.029381,0.1851661056280136,0.718999981880188,0.3163999915122986
YNL088W,YOR064C,0,-5.029396,0.1851184368133545,0.718999981880188,0.3165000081062317
YBR145W,YNL074C,0,-5.0295,0.18507078289985657,0.718999981880188,0.3165999948978424
YDR325W,YDR098C-A,0,-5.029811,0.18502315878868103,0.718999981880188,0.3167000114917755
YDL232W,YGR038C-A,0,-5.030349,0.18497556447982788,0.718999981880188,0.31679999828338623
YPL101W,YJL165C,0,-5.0306444,0.18492798507213593,0.718999981880188,0.31690001487731934
YPR138C,YGR202C,0,-5.0306864,0.18488043546676636,0.718999981880188,0.31700000166893005
YHR041C,YLR256W-A,0,-5.031172,0.18483290076255798,0.718999981880188,0.31709998846054077
YDR163W,YDL087C,1,-5.031871,0.18504241108894348,0.7200000286102295,0.31709998846054077
YJL008C,YCR062W,0,-5.031891,0.1849948614835739,0.7200000286102295,0.3172000050544739
YLR034C,YLR035C-A,0,-5.0321817,0.18494734168052673,0.7200000286102295,0.3172999918460846
YDR310C,YCR062W,0,-5.0324717,0.18489985167980194,0.7200000286102295,0.3174000084400177
YOL066C,YML055W,0,-5.032483,0.18485237658023834,0.7200000286102295,0.3174999952316284
YJR131W,YGR038C-A,0,-5.0330706,0.18480493128299713,0.7200000286102295,0.3176000118255615
YML102W,YGR038C-A,0,-5.0331655,0.18475750088691711,0.7200000286102295,0.31769999861717224
YIL118W,YJL139C,0,-5.0332384,0.18471011519432068,0.7200000286102295,0.31779998540878296
YLR304C,YGL143C,0,-5.0332804,0.18466272950172424,0.7200000286102295,0.31790000200271606
YDR335W,YBR037C,0,-5.033608,0.1846153885126114,0.7200000286102295,0.3179999887943268
YKR086W,YKL095W,1,-5.0337453,0.1848244071006775,0.7210000157356262,0.3179999887943268
YDL008W,YIL002C,0,-5.033852,0.18477703630924225,0.7210000157356262,0.3181000053882599
YJR017C,YJR093C,1,-5.0338974,0.1849859058856964,0.722000002861023,0.3181000053882599
YCR028C,YOR008C-A,0,-5.033953,0.18493852019309998,0.722000002861023,0.3181999921798706
YNL084C,YBR010W,0,-5.033991,0.18489116430282593,0.722000002861023,0.3183000087738037
YLL018C-A,YGR181W,0,-5.034241,0.18484382331371307,0.722000002861023,0.31839999556541443
YMR047C,YOR142W-B,0,-5.0342417,0.1847965121269226,0.722000002861023,0.31850001215934753
YOR346W,YCR062W,0,-5.034609,0.18474923074245453,0.722000002861023,0.31859999895095825
YJR017C,YDR478W,1,-5.0351005,0.18495778739452362,0.7229999899864197,0.31859999895095825
YNL268W,YLR268W,0,-5.03572,0.18491049110889435,0.7229999899864197,0.31869998574256897
YJR076C,YOL108C,0,-5.0360165,0.18486320972442627,0.7229999899864197,0.3188000023365021
YBR002C,YGR038C-A,0,-5.036425,0.18481595814228058,0.7229999899864197,0.3188999891281128
YHR194W,YCR009C,0,-5.036504,0.18476872146129608,0.7229999899864197,0.3190000057220459
YPR072W,YNL282W,1,-5.0365105,0.18497700989246368,0.7239999771118164,0.3190000057220459
YPR002W,YNR023W,0,-5.0375853,0.184929758310318,0.7239999771118164,0.3190999925136566
YIL117C,YPR086W,0,-5.0381546,0.1848825365304947,0.7239999771118164,0.3192000091075897
YLR127C,YDR398W,0,-5.0381618,0.18483532965183258,0.7239999771118164,0.31929999589920044
YMR011W,YJR010C-A,0,-5.0384007,0.18478815257549286,0.7239999771118164,0.31940001249313354
YJR017C,YDL098C,1,-5.038772,0.18499617278575897,0.7250000238418579,0.31940001249313354
YDR365W-B,YLR410W-B,0,-5.0389886,0.18494898080825806,0.7250000238418579,0.31949999928474426
YOL129W,YCL019W,0,-5.039238,0.18490180373191833,0.7250000238418579,0.319599986076355
YKL025C,YGR129W,1,-5.039345,0.18510964512825012,0.7260000109672546,0.319599986076355
YOL069W,YGL011C,0,-5.0397377,0.1850624531507492,0.7260000109672546,0.3197000026702881
YML062C,YDR210C-C,0,-5.0401597,0.18501529097557068,0.7260000109672546,0.3197999894618988
YER073W,YPL082C,0,-5.0404224,0.18496815860271454,0.7260000109672546,0.3199000060558319
YHR203C,YCL019W,0,-5.040611,0.1849210411310196,0.7260000109672546,0.3199999928474426
YJR083C,YML014W,0,-5.040741,0.18487395346164703,0.7260000109672546,0.32010000944137573
YIR033W,YKL080W,0,-5.041025,0.18482688069343567,0.7260000109672546,0.32019999623298645
YNL288W,YGR111W,0,-5.0410643,0.1847798377275467,0.7260000109672546,0.32030001282691956
YEL027W,YCR062W,0,-5.041333,0.1847328245639801,0.7260000109672546,0.3203999996185303
YOL130W,YEL027W,0,-5.041787,0.1846858263015747,0.7260000109672546,0.320499986410141
YJR022W,YNL210W,1,-5.0418673,0.1848931908607483,0.7269999980926514,0.320499986410141
YLR248W,YDR365W-B,0,-5.0430393,0.1848461776971817,0.7269999980926514,0.3206000030040741
YBL105C,YDR098C-A,0,-5.0431023,0.1847991794347763,0.7269999980926514,0.3206999897956848
YBR087W,YCL008C,0,-5.043833,0.1847522258758545,0.7269999980926514,0.3208000063896179
YJL207C,YCR062W,0,-5.044603,0.18470528721809387,0.7269999980926514,0.32089999318122864
YKL055C,YLR006C,0,-5.0446086,0.18465836346149445,0.7269999980926514,0.32100000977516174
YDR273W,YNL068C,0,-5.0447927,0.1846114844083786,0.7269999980926514,0.32109999656677246
YNL054W-A,YPR158W-A,0,-5.0449066,0.18456460535526276,0.7269999980926514,0.32120001316070557
YDL143W,YDR328C,0,-5.0451093,0.1845177710056305,0.7269999980926514,0.3212999999523163
YDR081C,YLR256W-A,0,-5.0451603,0.18447095155715942,0.7269999980926514,0.321399986743927
YCR107W,YDR365W-B,0,-5.045223,0.18442414700984955,0.7269999980926514,0.3215000033378601
YOR039W,YHR039C,0,-5.045347,0.18437737226486206,0.7269999980926514,0.3215999901294708
YKL195W,YML131W,0,-5.045376,0.18433062732219696,0.7269999980926514,0.32170000672340393
YPL059W,YGL068W,0,-5.04587,0.18428389728069305,0.7269999980926514,0.32179999351501465
YGL178W,YER117W,0,-5.0461817,0.18423719704151154,0.7269999980926514,0.32190001010894775
YGR202C,YBR172C,0,-5.0462,0.1841905266046524,0.7269999980926514,0.32199999690055847
YPL242C,YHR023W,0,-5.0462356,0.18414387106895447,0.7269999980926514,0.3221000134944916
YCR048W,YBR010W,0,-5.0464096,0.18409724533557892,0.7269999980926514,0.3222000002861023
YMR047C,YOR179C,0,-5.046652,0.18405063450336456,0.7269999980926514,0.322299987077713
YPL242C,YLR035C-A,0,-5.046662,0.1840040534734726,0.7269999980926514,0.3224000036716461
YJL165C,YDR180W,0,-5.046905,0.18395748734474182,0.7269999980926514,0.32249999046325684
YMR263W,YPR158W-A,0,-5.0469317,0.18391095101833344,0.7269999980926514,0.32260000705718994
YDR163W,YER068W,1,-5.046942,0.18411734700202942,0.7279999852180481,0.32260000705718994
YKL112W,YCR048W,0,-5.046978,0.18407079577445984,0.7279999852180481,0.32269999384880066
YKL220C,YER005W,0,-5.0470395,0.18402427434921265,0.7279999852180481,0.32280001044273376
YKL205W,YDR098C-A,0,-5.047375,0.18397776782512665,0.7279999852180481,0.3228999972343445
YGL030W,YFL017W-A,1,-5.047617,0.18418392539024353,0.7289999723434448,0.3228999972343445
YMR224C,YLR410W-B,0,-5.0476284,0.18413740396499634,0.7289999723434448,0.3230000138282776
YPR057W,YKL025C,1,-5.0480576,0.18434342741966248,0.7300000190734863,0.3230000138282776
YBR172C,YGR063C,0,-5.0483437,0.1842968910932541,0.7300000190734863,0.3231000006198883
YOR064C,YER159C-A,0,-5.0484514,0.1842503845691681,0.7300000190734863,0.323199987411499
YKL160W,YGR059W,0,-5.048662,0.1842038929462433,0.7300000190734863,0.32330000400543213
YDR086C,YPR158W-A,0,-5.048831,0.18415741622447968,0.7300000190734863,0.32339999079704285
YDR316W-B,YKL088W,0,-5.048831,0.18411096930503845,0.7300000190734863,0.32350000739097595
YJL021C,YOL142W,0,-5.0489287,0.18406455218791962,0.7300000190734863,0.32359999418258667
YLR215C,YML014W,0,-5.049001,0.18401814997196198,0.7300000190734863,0.3237000107765198
YOR217W,YIL109C,0,-5.0490975,0.18397177755832672,0.7300000190734863,0.3237999975681305
YNL127W,YOR179C,0,-5.0491104,0.18392542004585266,0.7300000190734863,0.3239000141620636
YGR222W,YDL225W,0,-5.049754,0.183879092335701,0.7300000190734863,0.3240000009536743
YJL129C,YDR365W-B,0,-5.04978,0.1838327944278717,0.7300000190734863,0.32409998774528503
YPR095C,YDR098C-A,0,-5.0498433,0.1837865114212036,0.7300000190734863,0.32420000433921814
YPR018W,YML039W,0,-5.0498514,0.18374024331569672,0.7300000190734863,0.32429999113082886
YPL192C,YLR256W-A,0,-5.050033,0.1836940050125122,0.7300000190734863,0.32440000772476196
YJR150C,YFR034C,0,-5.050145,0.18364779651165009,0.7300000190734863,0.3244999945163727
YFL010W-A,YGL016W,0,-5.050773,0.18360160291194916,0.7300000190734863,0.3246000111103058
YHR160C,YOR142W-B,0,-5.0507927,0.18355543911457062,0.7300000190734863,0.3246999979019165
YHR158C,YFR029W,0,-5.0509114,0.18350930511951447,0.7300000190734863,0.3248000144958496
YPL248C,YLR035C-A,0,-5.0512123,0.1834631860256195,0.7300000190734863,0.3249000012874603
YJL090C,YGL006W,0,-5.0512156,0.18341708183288574,0.7300000190734863,0.32499998807907104
YNL164C,YDR180W,0,-5.0514245,0.18337100744247437,0.7300000190734863,0.32510000467300415
YBR049C,YOL105C,0,-5.051836,0.18332496285438538,0.7300000190734863,0.32519999146461487
YGL013C,YGR038C-A,0,-5.0519953,0.18327893316745758,0.7300000190734863,0.325300008058548
YNR010W,YFR034C,0,-5.052538,0.18323293328285217,0.7300000190734863,0.3253999948501587
YDR040C,YAL044C,0,-5.052888,0.18318694829940796,0.7300000190734863,0.3255000114440918
YFL021W,YDR316W-B,0,-5.0534515,0.18314099311828613,0.7300000190734863,0.3255999982357025
YGR222W,YCL032W,0,-5.0538087,0.1830950528383255,0.7300000190734863,0.3257000148296356
YGL124C,YGL151W,0,-5.0538692,0.18304914236068726,0.7300000190734863,0.32580000162124634
YDL197C,YOR221C,0,-5.0542936,0.1830032616853714,0.7300000190734863,0.32589998841285706
YOL108C,YDR393W,0,-5.0545516,0.18295739591121674,0.7300000190734863,0.32600000500679016
YMR301C,YCL019W,0,-5.054774,0.18291154503822327,0.7300000190734863,0.3260999917984009
YHR041C,YER138C,0,-5.05532,0.18286573886871338,0.7300000190734863,0.326200008392334
YDL008W,YNL061W,0,-5.055643,0.1828199326992035,0.7300000190734863,0.3262999951839447
YLR377C,YJL072C,0,-5.055711,0.182774156332016,0.7300000190734863,0.3264000117778778
YIL142W,YCL055W,0,-5.055831,0.18272840976715088,0.7300000190734863,0.3264999985694885
YKR066C,YJL072C,0,-5.0559587,0.18268267810344696,0.7300000190734863,0.32659998536109924
YJR140C,YPL210C,0,-5.056693,0.18263697624206543,0.7300000190734863,0.32670000195503235
YLR335W,YML127W,0,-5.0568542,0.1825912892818451,0.7300000190734863,0.32679998874664307
YBR132C,YJL026W,0,-5.0579147,0.18254563212394714,0.7300000190734863,0.32690000534057617
YGR003W,YNL054W-A,0,-5.058388,0.18250000476837158,0.7300000190734863,0.3269999921321869
YPR083W,YFL003C,0,-5.058467,0.18245439231395721,0.7300000190734863,0.32710000872612
YLR215C,YCR062W,0,-5.058628,0.18240879476070404,0.7300000190734863,0.3271999955177307
YHR203C,YER159C-A,0,-5.059148,0.18236322700977325,0.7300000190734863,0.3273000121116638
YDR345C,YEL037C,0,-5.059229,0.18231768906116486,0.7300000190734863,0.32739999890327454
YFL029C,YCL004W,0,-5.0592604,0.18227216601371765,0.7300000190734863,0.32749998569488525
YDR481C,YLR035C-A,0,-5.059303,0.18222665786743164,0.7300000190734863,0.32760000228881836
YMR162C,YNL032W,0,-5.0593386,0.18218117952346802,0.7300000190734863,0.3276999890804291
YPL235W,YDR485C,0,-5.0594635,0.18213573098182678,0.7300000190734863,0.3278000056743622
YGR155W,YCR062W,0,-5.059642,0.18209029734134674,0.7300000190734863,0.3278999924659729
YPL202C,YHR099W,0,-5.060428,0.1820448935031891,0.7300000190734863,0.328000009059906
YMR047C,YER159C-A,0,-5.060477,0.18199950456619263,0.7300000190734863,0.3280999958515167
YCR107W,YJL165C,0,-5.0605183,0.18195413053035736,0.7300000190734863,0.32820001244544983
YOR159C,YKL095W,1,-5.060546,0.1821579933166504,0.7310000061988831,0.32820001244544983
YDR083W,YIL084C,0,-5.061462,0.18211260437965393,0.7310000061988831,0.32829999923706055
YFL009W,YDR098C-A,0,-5.061553,0.18206724524497986,0.7310000061988831,0.32839998602867126
YNL164C,YDL042C,0,-5.0615945,0.18202191591262817,0.7310000061988831,0.32850000262260437
YLR381W,YDR337W,0,-5.062003,0.18197660148143768,0.7310000061988831,0.3285999894142151
YLR160C,YOR008C-A,0,-5.06254,0.1819313019514084,0.7310000061988831,0.3287000060081482
YNL030W,YCL005W-A,0,-5.0626554,0.18188604712486267,0.7310000061988831,0.3287999927997589
YIL002C,YLR410W-B,0,-5.063009,0.18184079229831696,0.7310000061988831,0.328900009393692
YDL175C,YOL117W,0,-5.0631447,0.18179556727409363,0.7310000061988831,0.32899999618530273
YBR160W,YGR284C,0,-5.0632358,0.1817503720521927,0.7310000061988831,0.32910001277923584
YBL032W,YBR049C,0,-5.0637517,0.18170519173145294,0.7310000061988831,0.32919999957084656
YIL008W,YPL239W,0,-5.0639076,0.18166004121303558,0.7310000061988831,0.3292999863624573
YLR127C,YIL119C,0,-5.064562,0.18161490559577942,0.7310000061988831,0.3294000029563904
YDR180W,YMR079W,0,-5.0647516,0.18156979978084564,0.7310000061988831,0.3294999897480011
YKL197C,YGR038C-B,0,-5.0649705,0.18152470886707306,0.7310000061988831,0.3296000063419342
YER068W,YPR182W,1,-5.0657916,0.18172790110111237,0.7319999933242798,0.3296000063419342
YDR122W,YPL258C,0,-5.0664253,0.1816827952861786,0.7319999933242798,0.3296999931335449
YIR041W,YCR102C,0,-5.066756,0.1816377192735672,0.7319999933242798,0.329800009727478
YGL003C,YHR061C,0,-5.0674496,0.181592658162117,0.7319999933242798,0.32989999651908875
YGL078C,YJL128C,0,-5.0674715,0.181547611951828,0.7319999933242798,0.33000001311302185
YBR210W,YLR377C,0,-5.068254,0.18150261044502258,0.7319999933242798,0.33009999990463257
YJL165C,YOR142W-B,0,-5.0685782,0.18145760893821716,0.7319999933242798,0.3301999866962433
YGL142C,YJR028W,0,-5.0687323,0.18141263723373413,0.7319999933242798,0.3303000032901764
YDR046C,YER159C-A,0,-5.0687685,0.1813676953315735,0.7319999933242798,0.3303999900817871
YGR063C,YLR256W-A,0,-5.0689583,0.18132276833057404,0.7319999933242798,0.3305000066757202
YDL008W,YAR033W,0,-5.069215,0.18127785623073578,0.7319999933242798,0.33059999346733093
YMR197C,YJR110W,0,-5.0699315,0.1812329739332199,0.7319999933242798,0.33070001006126404
YPR072W,YBR152W,1,-5.069942,0.18143564462661743,0.7329999804496765,0.33070001006126404
YDR076W,YOR344C,0,-5.070326,0.18139074742794037,0.7329999804496765,0.33079999685287476
YJR070C,YKL166C,0,-5.070389,0.1813458651304245,0.7329999804496765,0.33090001344680786
YBR177C,YPR065W,0,-5.0706577,0.18130101263523102,0.7329999804496765,0.3310000002384186
YGL098W,YDR365W-B,0,-5.07187,0.18125617504119873,0.7329999804496765,0.3310999870300293
YDR301W,YOR159C,1,-5.072386,0.18145859241485596,0.734000027179718,0.3310999870300293
YJR022W,YLR116W,1,-5.0725117,0.18166090548038483,0.7350000143051147,0.3310999870300293
YPL100W,YPL242C,0,-5.072744,0.18161600828170776,0.7350000143051147,0.3312000036239624
YDL143W,YDR086C,0,-5.0730114,0.1815711408853531,0.7350000143051147,0.3312999904155731
YFR024C,YCR044C,0,-5.073079,0.1815263032913208,0.7350000143051147,0.3314000070095062
YPR200C,YOL069W,0,-5.0731716,0.1814814805984497,0.7350000143051147,0.33149999380111694
YGR258C,YAL016W,0,-5.07348,0.181436687707901,0.7350000143051147,0.33160001039505005
YHR194W,YLR035C-A,0,-5.0735273,0.1813919097185135,0.7350000143051147,0.33169999718666077
YJL108C,YOR142W-B,0,-5.073642,0.18134714663028717,0.7350000143051147,0.33180001378059387
YLR192C,YKL042W,0,-5.0740023,0.18130241334438324,0.7350000143051147,0.3319000005722046
YAL044C,YOR098C,0,-5.07407,0.1812577098608017,0.7350000143051147,0.3319999873638153
YGL065C,YPL026C,0,-5.0741897,0.18121302127838135,0.7350000143051147,0.3321000039577484
YJR022W,YKL025C,1,-5.0743794,0.18141484260559082,0.7360000014305115,0.3321000039577484
YOL069W,YDR328C,0,-5.074848,0.18137013912200928,0.7360000014305115,0.33219999074935913
YIL128W,YER159C-A,0,-5.074971,0.18132545053958893,0.7360000014305115,0.33230000734329224
YGR261C,YGL035C,0,-5.0755134,0.18128079175949097,0.7360000014305115,0.33239999413490295
YGR155W,YPL234C,0,-5.075742,0.1812361478805542,0.7360000014305115,0.33250001072883606
YLL015W,YFL008W,0,-5.076387,0.18119153380393982,0.7360000014305115,0.3325999975204468
YJR145C,YPR158W-A,0,-5.0764904,0.18114693462848663,0.7360000014305115,0.3327000141143799
YNL304W,YKL088W,0,-5.0765553,0.18110236525535583,0.7360000014305115,0.3328000009059906
YGR041W,YGR054W,0,-5.0766163,0.18105781078338623,0.7360000014305115,0.3328999876976013
YPR032W,YDL235C,0,-5.076624,0.181013286113739,0.7360000014305115,0.3330000042915344
YLR116W,YPR094W,1,-5.077257,0.18121466040611267,0.7369999885559082,0.3330000042915344
YER075C,YBL033C,0,-5.0773554,0.18117010593414307,0.7369999885559082,0.33309999108314514
YOR037W,YDL154W,0,-5.0774026,0.18112558126449585,0.7369999885559082,0.33320000767707825
YDL109C,YGR038C-B,0,-5.07744,0.18108108639717102,0.7369999885559082,0.33329999446868896
YLR157C,YNR075W,0,-5.0779047,0.18103660643100739,0.7369999885559082,0.33340001106262207
YDL145C,YDL058W,0,-5.0779533,0.18099214136600494,0.7369999885559082,0.3334999978542328
YLL026W,YGR038C-B,0,-5.0780725,0.1809477061033249,0.7369999885559082,0.3336000144481659
YDL175C,YLR346C,0,-5.0780725,0.18090328574180603,0.7369999885559082,0.3337000012397766
YHR116W,YOR180C,0,-5.0785623,0.18085889518260956,0.7369999885559082,0.33379998803138733
YER142C,YMR283C,0,-5.0789337,0.18081451952457428,0.7369999885559082,0.33390000462532043
YKL080W,YCL019W,0,-5.079456,0.1807701736688614,0.7369999885559082,0.33399999141693115
YOL066C,YDR059C,0,-5.0794597,0.1807258427143097,0.7369999885559082,0.33410000801086426
YBR233W-A,YLR193C,0,-5.079674,0.18068154156208038,0.7369999885559082,0.334199994802475
YHR116W,YBR159W,0,-5.079895,0.18063725531101227,0.7369999885559082,0.3343000113964081
YFR052W,YBR240C,0,-5.0800114,0.18059299886226654,0.7369999885559082,0.3343999981880188
YJR083C,YHR099W,0,-5.0801797,0.180548757314682,0.7369999885559082,0.3345000147819519
YNL136W,YDR316W-B,0,-5.080224,0.18050453066825867,0.7369999885559082,0.3346000015735626
YDL013W,YKR095W-A,0,-5.080357,0.18046033382415771,0.7369999885559082,0.33469998836517334
YOR031W,YDL006W,0,-5.0805387,0.18041615188121796,0.7369999885559082,0.33480000495910645
YJL184W,YDR083W,0,-5.080606,0.18037199974060059,0.7369999885559082,0.33489999175071716
YBR129C,YLR035C-A,0,-5.080946,0.1803278625011444,0.7369999885559082,0.33500000834465027
YNL288W,YIL029C,0,-5.0811043,0.18028375506401062,0.7369999885559082,0.335099995136261
YOR377W,YPR154W,0,-5.081395,0.18023966252803802,0.7369999885559082,0.3352000117301941
YGL065C,YOR123C,0,-5.0816383,0.18019559979438782,0.7369999885559082,0.3352999985218048
YDR423C,YDL080C,0,-5.0819616,0.1801515519618988,0.7369999885559082,0.3353999853134155
YJL208C,YDL128W,0,-5.0822315,0.18010753393173218,0.7369999885559082,0.33550000190734863
YJL129C,YDL170W,0,-5.0825953,0.18006351590156555,0.7369999885559082,0.33559998869895935
YGL180W,YPL153C,0,-5.082757,0.1800195425748825,0.7369999885559082,0.33570000529289246
YGR268C,YDL138W,0,-5.082986,0.17997558414936066,0.7369999885559082,0.3357999920845032
YOR079C,YHR158C,0,-5.083049,0.179931640625,0.7369999885559082,0.3359000086784363
YGR230W,YDR386W,0,-5.083096,0.17988772690296173,0.7369999885559082,0.335999995470047
YPL026C,YCL019W,0,-5.083644,0.17984382808208466,0.7369999885559082,0.3361000120639801
YNL186W,YGR038C-A,0,-5.0838323,0.17979994416236877,0.7369999885559082,0.3361999988555908
YMR026C,YCL019W,0,-5.0840645,0.17975610494613647,0.7369999885559082,0.33629998564720154
YCR107W,YAR009C,0,-5.0842314,0.17971226572990417,0.7369999885559082,0.33640000224113464
YNR054C,YLR135W,0,-5.0847206,0.17966845631599426,0.7369999885559082,0.33649998903274536
YKL220C,YDL013W,0,-5.0848975,0.17962466180324554,0.7369999885559082,0.33660000562667847
YBR059C,YDL117W,0,-5.084962,0.1795808970928192,0.7369999885559082,0.3366999924182892
YGL247W,YNL288W,0,-5.0857267,0.17953714728355408,0.7369999885559082,0.3368000090122223
YDL195W,YBR283C,0,-5.08595,0.17949342727661133,0.7369999885559082,0.336899995803833
YPR082C,YMR216C,1,-5.0864124,0.17969320714473724,0.7379999756813049,0.336899995803833
YDL058W,YGR038C-A,0,-5.0871234,0.1796494573354721,0.7379999756813049,0.3370000123977661
YPL082C,YER031C,0,-5.0875874,0.17960573732852936,0.7379999756813049,0.33709999918937683
YPR182W,YDR478W,1,-5.088076,0.17980535328388214,0.7390000224113464,0.33709999918937683
YNL220W,YGL172W,0,-5.0881767,0.1797616183757782,0.7390000224113464,0.33719998598098755
YOR036W,YER075C,0,-5.0883217,0.17971789836883545,0.7390000224113464,0.33730000257492065
YGR088W,YOR142W-B,0,-5.088706,0.1796742081642151,0.7390000224113464,0.33739998936653137
YHR174W,YML033W,0,-5.0888166,0.17963053286075592,0.7390000224113464,0.3375000059604645
YEL027W,YBL032W,0,-5.0890837,0.17958687245845795,0.7390000224113464,0.3375999927520752
YKR055W,YNL026W,0,-5.089802,0.17954324185848236,0.7390000224113464,0.3377000093460083
YCR009C,YJR028W,0,-5.0899043,0.17949964106082916,0.7390000224113464,0.337799996137619
YDR040C,YHR099W,0,-5.0900354,0.17945604026317596,0.7390000224113464,0.3379000127315521
YJR017C,YNL210W,1,-5.0900393,0.1796552538871765,0.7400000095367432,0.3379000127315521
YCR107W,YML062C,0,-5.0913687,0.17961165308952332,0.7400000095367432,0.33799999952316284
YML023C,YJR102C,0,-5.09147,0.1795680671930313,0.7400000095367432,0.33809998631477356
YHR200W,YIL084C,0,-5.0916996,0.1795244961977005,0.7400000095367432,0.33820000290870667
YGL178W,YPR165W,0,-5.0932107,0.17948095500469208,0.7400000095367432,0.3382999897003174
YGR097W,YLR166C,0,-5.093514,0.17943744361400604,0.7400000095367432,0.3384000062942505
YPL021W,YDR363W-A,0,-5.0939407,0.17939393222332,0.7400000095367432,0.3384999930858612
YDL117W,YDL109C,0,-5.093975,0.17935046553611755,0.7400000095367432,0.3386000096797943
YDR195W,YFR005C,1,-5.0942583,0.17954930663108826,0.7409999966621399,0.3386000096797943
YJL128C,YCR062W,0,-5.0944486,0.17950581014156342,0.7409999966621399,0.33869999647140503
YJR139C,YFR052W,0,-5.0944905,0.17946234345436096,0.7409999966621399,0.33880001306533813
YJR022W,YDR478W,1,-5.094722,0.17966102063655853,0.7419999837875366,0.33880001306533813
YML127W,YLL056C,0,-5.0952516,0.1796175241470337,0.7419999837875366,0.33889999985694885
YBR233W-A,YGR132C,0,-5.095565,0.17957405745983124,0.7419999837875366,0.33899998664855957
YDL029W,YGR054W,0,-5.0960026,0.17953060567378998,0.7419999837875366,0.3391000032424927
YGL192W,YBR105C,0,-5.0962925,0.1794871836900711,0.7419999837875366,0.3391999900341034
YBL032W,YBR159W,0,-5.0963135,0.17944377660751343,0.7419999837875366,0.3393000066280365
YNL009W,YBL102W,0,-5.096335,0.17940038442611694,0.7419999837875366,0.3393999934196472
YPL224C,YDL109C,0,-5.09689,0.17935702204704285,0.7419999837875366,0.3395000100135803
YFL048C,YER117W,0,-5.09698,0.17931367456912994,0.7419999837875366,0.33959999680519104
YML129C,YDL154W,0,-5.0970664,0.17927035689353943,0.7419999837875366,0.33970001339912415
YDL088C,YDR318W,0,-5.097181,0.1792270541191101,0.7419999837875366,0.33980000019073486
YPR165W,YJR028W,0,-5.097811,0.17918376624584198,0.7419999837875366,0.3398999869823456
YGR227W,YDR335W,0,-5.097959,0.17914050817489624,0.7419999837875366,0.3400000035762787
YJR150C,YOR386W,0,-5.0981793,0.1790972799062729,0.7419999837875366,0.3400999903678894
YDR122W,YEL051W,0,-5.0982533,0.17905405163764954,0.7419999837875366,0.3402000069618225
YGL073W,YGR111W,0,-5.0990205,0.17901085317134857,0.7419999837875366,0.3402999937534332
YDR205W,YGL098W,0,-5.0992274,0.17896768450737,0.7419999837875366,0.34040001034736633
YGL155W,YEL041W,0,-5.0993586,0.1789245307445526,0.7419999837875366,0.34049999713897705
YDR086C,YCL019W,0,-5.0995684,0.17888139188289642,0.7419999837875366,0.34060001373291016
YDL143W,YLR026C,0,-5.1000686,0.17883826792240143,0.7419999837875366,0.3407000005245209
YDR231C,YCL075W,0,-5.100544,0.17879517376422882,0.7419999837875366,0.3407999873161316
YER088C,YLR355C,0,-5.1007543,0.1787521094083786,0.7419999837875366,0.3409000039100647
YLL015W,YDR059C,0,-5.100804,0.17870905995368958,0.7419999837875366,0.3409999907016754
YNL008C,YBR073W,0,-5.100946,0.17866602540016174,0.7419999837875366,0.3411000072956085
YOR249C,YBR105C,0,-5.101033,0.1786230206489563,0.7419999837875366,0.34119999408721924
YPL151C,YPR182W,1,-5.101125,0.17882069945335388,0.7429999709129333,0.34119999408721924
YCR080W,YAL016W,0,-5.101775,0.17877766489982605,0.7429999709129333,0.34130001068115234
YML062C,YBR050C,0,-5.102066,0.1787346601486206,0.7429999709129333,0.34139999747276306
YJL165C,YIL029C,0,-5.102263,0.17869168519973755,0.7429999709129333,0.34150001406669617
YMR153W,YLR467W,0,-5.102786,0.1786487102508545,0.7429999709129333,0.3416000008583069
YHR200W,YLR467W,0,-5.1029167,0.17860576510429382,0.7429999709129333,0.3416999876499176
YGR284C,YOL009C,0,-5.1031895,0.17856284976005554,0.7429999709129333,0.3418000042438507
YMR012W,YPR158W-A,0,-5.10377,0.17851994931697845,0.7429999709129333,0.3418999910354614
YNL020C,YDL045C,0,-5.1039996,0.17847706377506256,0.7429999709129333,0.34200000762939453
YJL128C,YJR010C-A,0,-5.10409,0.17843419313430786,0.7429999709129333,0.34209999442100525
YNL136W,YDR289C,0,-5.1041193,0.17839135229587555,0.7429999709129333,0.34220001101493835
YBR077C,YIL030C,0,-5.1044316,0.17834854125976562,0.7429999709129333,0.3422999978065491
YJR091C,YJL072C,0,-5.1047225,0.1783057302236557,0.7429999709129333,0.3424000144004822
YKL197C,YOL129W,0,-5.1048,0.17826294898986816,0.7429999709129333,0.3425000011920929
YBR038W,YFR024C,0,-5.1052346,0.17822019755840302,0.7429999709129333,0.3425999879837036
YGR202C,YML033W,0,-5.1056333,0.17817746102809906,0.7429999709129333,0.3427000045776367
YFL041W,YOR254C,0,-5.1058283,0.1781347393989563,0.7429999709129333,0.34279999136924744
YDR040C,YML092C,0,-5.1059732,0.17809204757213593,0.7429999709129333,0.34290000796318054
YGR158C,YPR158W-A,0,-5.1064916,0.17804937064647675,0.7429999709129333,0.34299999475479126
YMR012W,YER159C-A,0,-5.106555,0.17800670862197876,0.7429999709129333,0.34310001134872437
YHR194W,YOL043C,0,-5.1069508,0.17796407639980316,0.7429999709129333,0.3431999981403351
YHR084W,YCL032W,0,-5.1070743,0.17792145907878876,0.7429999709129333,0.3433000147342682
YML114C,YBR083W,0,-5.107337,0.17787885665893555,0.7429999709129333,0.3434000015258789
YGR038C-A,YJR027W,0,-5.1075673,0.17783628404140472,0.7429999709129333,0.3434999883174896
YJR022W,YMR216C,1,-5.107746,0.1780330240726471,0.7440000176429749,0.3434999883174896
YDL117W,YDR328C,0,-5.1079807,0.17799043655395508,0.7440000176429749,0.34360000491142273
YPR200C,YJL111W,0,-5.108157,0.17794786393642426,0.7440000176429749,0.34369999170303345
YKL208W,YFR005C,1,-5.108423,0.1781444251537323,0.7450000047683716,0.34369999170303345
YOR377W,YGR258C,0,-5.1091156,0.17810183763504028,0.7450000047683716,0.34380000829696655
YDR320C-A,YDR393W,0,-5.109269,0.17805927991867065,0.7450000047683716,0.34389999508857727
YPL021W,YDR205W,0,-5.1096873,0.17801672220230103,0.7450000047683716,0.3440000116825104
YBR132C,YDR359C,0,-5.1102133,0.17797419428825378,0.7450000047683716,0.3440999984741211
YLR431C,YKR079C,0,-5.110435,0.17793169617652893,0.7450000047683716,0.3441999852657318
YER142C,YPL208W,0,-5.1104555,0.17788921296596527,0.7450000047683716,0.3443000018596649
YJL121C,YPL234C,0,-5.1108613,0.1778467446565628,0.7450000047683716,0.34439998865127563
YGL003C,YER028C,0,-5.111035,0.17780429124832153,0.7450000047683716,0.34450000524520874
YPL153C,YGR033C,0,-5.111056,0.17776186764240265,0.7450000047683716,0.34459999203681946
YLR078C,YOL063C,0,-5.111703,0.17771945893764496,0.7450000047683716,0.34470000863075256
YDL017W,YDR086C,0,-5.111771,0.17767708003520966,0.7450000047683716,0.3447999954223633
YIL109C,YPL163C,0,-5.1119537,0.17763471603393555,0.7450000047683716,0.3449000120162964
YPL163C,YGR111W,0,-5.112058,0.17759236693382263,0.7450000047683716,0.3449999988079071
YDR331W,YPL163C,0,-5.112123,0.1775500476360321,0.7450000047683716,0.3450999855995178
YOR005C,YLR346C,0,-5.112132,0.17750774323940277,0.7450000047683716,0.3452000021934509
YPR083W,YLR166C,0,-5.1124444,0.17746545374393463,0.7450000047683716,0.34529998898506165
YGL098W,YNL304W,0,-5.1126757,0.17742319405078888,0.7450000047683716,0.34540000557899475
YDR481C,YJL139C,0,-5.1128206,0.17738094925880432,0.7450000047683716,0.34549999237060547
YNL288W,YPL146C,0,-5.113224,0.17733873426914215,0.7450000047683716,0.3456000089645386
YFR034C,YML098W,0,-5.1137476,0.17729651927947998,0.7450000047683716,0.3456999957561493
YNR075W,YMR013C,0,-5.113758,0.1772543489933014,0.7450000047683716,0.3458000123500824
YNL280C,YMR298W,0,-5.1137924,0.1772121787071228,0.7450000047683716,0.3458999991416931
YOR346W,YDL080C,0,-5.114213,0.1771700382232666,0.7450000047683716,0.34599998593330383
YGR177C,YOR260W,0,-5.114833,0.1771279126405716,0.7450000047683716,0.34610000252723694
YNL328C,YPR083W,0,-5.1150575,0.17708580195903778,0.7450000047683716,0.34619998931884766
YJL145W,YOR212W,0,-5.1152773,0.17704372107982635,0.7450000047683716,0.34630000591278076
YBR132C,YGR038C-B,0,-5.1153526,0.17700167000293732,0.7450000047683716,0.3463999927043915
YBR132C,YIL063C,0,-5.115402,0.17695961892604828,0.7450000047683716,0.3465000092983246
YAL009W,YOR088W,0,-5.1154385,0.17691759765148163,0.7450000047683716,0.3465999960899353
YLR135W,YER138C,0,-5.1155615,0.17687559127807617,0.7450000047683716,0.3467000126838684
YDR163W,YAL032C,1,-5.1156297,0.1770709753036499,0.7459999918937683,0.3467000126838684
YPL091W,YGL142C,0,-5.1160946,0.17702895402908325,0.7459999918937683,0.3467999994754791
YBL009W,YJL128C,0,-5.11654,0.1769869476556778,0.7459999918937683,0.34689998626708984
YMR072W,YCR062W,0,-5.116568,0.17694497108459473,0.7459999918937683,0.34700000286102295
YPL258C,YDR316W-B,0,-5.1166186,0.17690300941467285,0.7459999918937683,0.34709998965263367
YLR394W,YOR172W,0,-5.1167827,0.17686107754707336,0.7459999918937683,0.3472000062465668
YNL014W,YBR073W,0,-5.116802,0.17681914567947388,0.7459999918937683,0.3472999930381775
YCL026C-A,YPL248C,0,-5.116952,0.17677725851535797,0.7459999918937683,0.3474000096321106
YBL009W,YML080W,0,-5.1170416,0.17673537135124207,0.7459999918937683,0.3474999964237213
YFL025C,YDR423C,0,-5.1172366,0.17669351398944855,0.7459999918937683,0.3476000130176544
YPR082C,YBL026W,1,-5.1173024,0.17688846588134766,0.746999979019165,0.3476000130176544
YMR029C,YDL154W,0,-5.1180553,0.17684659361839294,0.746999979019165,0.34769999980926514
YDL017W,YPL096C-A,0,-5.1184864,0.17680473625659943,0.746999979019165,0.34779998660087585
YBR008C,YNL304W,0,-5.1198306,0.1767628937959671,0.746999979019165,0.34790000319480896
YBL016W,YLR135W,0,-5.1203113,0.17672108113765717,0.746999979019165,0.3479999899864197
YGL105W,YOR087W,0,-5.1203136,0.17667928338050842,0.746999979019165,0.3481000065803528
YKL139W,YOR159C,1,-5.120343,0.17687396705150604,0.7480000257492065,0.3481000065803528
YJL184W,YCR009C,0,-5.121443,0.1768321543931961,0.7480000257492065,0.3481999933719635
YGR024C,YJR027W,0,-5.1218853,0.17679035663604736,0.7480000257492065,0.3483000099658966
YNL030W,YOR008C-A,0,-5.1221013,0.176748588681221,0.7480000257492065,0.3483999967575073
YOR034C,YMR106C,0,-5.1224093,0.17670682072639465,0.7480000257492065,0.34850001335144043
YGL190C,YJL006C,0,-5.1231575,0.17666509747505188,0.7480000257492065,0.34860000014305115
YDR309C,YOR142W-B,0,-5.123834,0.1766233742237091,0.7480000257492065,0.34869998693466187
YER032W,YKR002W,1,-5.1244187,0.17681775987148285,0.7490000128746033,0.34869998693466187
YPL100W,YML039W,0,-5.124654,0.17677602171897888,0.7490000128746033,0.34880000352859497
YBR065C,YPR072W,1,-5.124656,0.17697027325630188,0.75,0.34880000352859497
YDL154W,YLR026C,0,-5.1247034,0.17692852020263672,0.75,0.3488999903202057
YLL015W,YDL217C,0,-5.1247296,0.17688679695129395,0.75,0.3490000069141388
YOL127W,YIL084C,0,-5.1250677,0.17684508860111237,0.75,0.3490999937057495
YMR139W,YER008C,0,-5.125373,0.17680339515209198,0.75,0.3492000102996826
YMR052W,YPL235W,0,-5.125536,0.17676173150539398,0.75,0.34929999709129333
YNR067C,YBR107C,0,-5.1260524,0.17672008275985718,0.75,0.34940001368522644
YLR192C,YDR432W,0,-5.126381,0.17667844891548157,0.75,0.34950000047683716
YBR283C,YBR231C,0,-5.1269293,0.17663682997226715,0.75,0.3495999872684479
YOL077W-A,YLR467W,0,-5.126962,0.17659524083137512,0.75,0.349700003862381
YOR106W,YIL029C,0,-5.1272507,0.1765536665916443,0.75,0.3497999906539917
YKL160W,YML023C,0,-5.127288,0.17651212215423584,0.75,0.3499000072479248
YHR041C,YDR359C,0,-5.127678,0.1764705926179886,0.75,0.3499999940395355
YGL122C,YKL018W,1,-5.1277466,0.1766643077135086,0.7509999871253967,0.3499999940395355
YBR210W,YNL014W,0,-5.127809,0.17662276327610016,0.7509999871253967,0.35010001063346863
YGR261C,YML047C,0,-5.128375,0.1765812337398529,0.7509999871253967,0.35019999742507935
YLR127C,YPR138C,0,-5.128989,0.17653973400592804,0.7509999871253967,0.35030001401901245
YMR298W,YMR224C,0,-5.129099,0.17649823427200317,0.7509999871253967,0.35040000081062317
YLR127C,YLR133W,0,-5.1299324,0.1764567643404007,0.7509999871253967,0.3504999876022339
YER164W,YML123C,0,-5.1300726,0.1764153093099594,0.7509999871253967,0.350600004196167
YCR060W,YCL019W,0,-5.1300774,0.17637388408184052,0.7509999871253967,0.3506999909877777
YOR377W,YGR041W,0,-5.1300926,0.1763324737548828,0.7509999871253967,0.3508000075817108
YAR009C,YIL080W,0,-5.1307383,0.1762910783290863,0.7509999871253967,0.35089999437332153
YNL153C,YLR384C,0,-5.130971,0.17624971270561218,0.7509999871253967,0.35100001096725464
YNL148C,YGL092W,0,-5.131628,0.17620834708213806,0.7509999871253967,0.35109999775886536
YDR207C,YJR102C,0,-5.131724,0.17616701126098633,0.7509999871253967,0.35120001435279846
YML132W,YPL153C,0,-5.1319046,0.17612570524215698,0.7509999871253967,0.3513000011444092
YBR083W,YER138C,0,-5.1321797,0.17608441412448883,0.7509999871253967,0.3513999879360199
YHR158C,YER142C,0,-5.1322412,0.17604313790798187,0.7509999871253967,0.351500004529953
YBL047C,YML015C,0,-5.1322727,0.1760018765926361,0.7509999871253967,0.3515999913215637
YBR077C,YEL051W,0,-5.1328745,0.17596063017845154,0.7509999871253967,0.3517000079154968
YOR217W,YGR054W,0,-5.1337924,0.17591941356658936,0.7509999871253967,0.35179999470710754
YML102W,YGR033C,0,-5.1343822,0.17587822675704956,0.7509999871253967,0.35190001130104065
YOL121C,YER031C,0,-5.1345882,0.17583703994750977,0.7509999871253967,0.35199999809265137
YPR082C,YLR116W,1,-5.1346755,0.1760299652814865,0.7519999742507935,0.35199999809265137
YBL098W,YCL019W,0,-5.1348877,0.17598876357078552,0.7519999742507935,0.3521000146865845
YER044C,YOR103C,0,-5.135056,0.17594759166240692,0.7519999742507935,0.3522000014781952
YPL177C,YNL088W,0,-5.1353984,0.17590643465518951,0.7519999742507935,0.3522999882698059
YMR153W,YJR010C-A,0,-5.1357417,0.1758652925491333,0.7519999742507935,0.352400004863739
YMR119W,YDL109C,0,-5.1359067,0.17582418024539948,0.7519999742507935,0.35249999165534973
YLR381W,YFL013C,0,-5.1365294,0.17578308284282684,0.7519999742507935,0.35260000824928284
YFR030W,YLR166C,0,-5.1367807,0.1757420003414154,0.7519999742507935,0.35269999504089355
YGL151W,YDL235C,0,-5.1375737,0.17570093274116516,0.7519999742507935,0.35280001163482666
YOR037W,YER106W,0,-5.138028,0.1756598949432373,0.7519999742507935,0.3528999984264374
YGL219C,YJL052W,0,-5.1380625,0.17561887204647064,0.7519999742507935,0.3529999852180481
YBR132C,YDL140C,0,-5.1383867,0.17557786405086517,0.7519999742507935,0.3531000018119812
YHR175W,YBR186W,0,-5.1386156,0.1755368858575821,0.7519999742507935,0.3531999886035919
YNR006W,YGR038C-B,0,-5.1391506,0.1754959225654602,0.7519999742507935,0.353300005197525
YOL156W,YLR035C-A,0,-5.139594,0.1754549741744995,0.7519999742507935,0.35339999198913574
YBR234C,YNR067C,0,-5.1396036,0.1754140406847,0.7519999742507935,0.35350000858306885
YML092C,YGR111W,0,-5.139654,0.1753731369972229,0.7519999742507935,0.35359999537467957
YFL003C,YDR277C,0,-5.140045,0.17533224821090698,0.7519999742507935,0.35370001196861267
YGL192W,YBR231C,0,-5.140469,0.17529137432575226,0.7519999742507935,0.3537999987602234
YBR186W,YJL108C,0,-5.141071,0.17525053024291992,0.7519999742507935,0.3538999855518341
YPL101W,YNL044W,0,-5.141171,0.17520968616008759,0.7519999742507935,0.3540000021457672
YFR031C,YJR045C,0,-5.1411943,0.17516888678073883,0.7519999742507935,0.35409998893737793
YPL265W,YOR346W,0,-5.1412954,0.17512808740139008,0.7519999742507935,0.35420000553131104
YDR524C,YLR157C,0,-5.141449,0.1750873178243637,0.7519999742507935,0.35429999232292175
YLR304C,YPR086W,0,-5.141881,0.17504654824733734,0.7519999742507935,0.35440000891685486
YJR092W,YDL200C,0,-5.1423254,0.17500582337379456,0.7519999742507935,0.3544999957084656
YHR039C,YGR033C,0,-5.1425834,0.17496509850025177,0.7519999742507935,0.3546000123023987
YNL136W,YBR010W,0,-5.1428475,0.17492440342903137,0.7519999742507935,0.3546999990940094
YDR308C,YJR027W,0,-5.143518,0.17488372325897217,0.7519999742507935,0.3547999858856201
YMR216C,YLR147C,1,-5.144149,0.17507556080818176,0.753000020980835,0.3547999858856201
YLR332W,YPL118W,0,-5.144464,0.17503486573696136,0.753000020980835,0.3549000024795532
YPR082C,YML049C,1,-5.1445074,0.1752265840768814,0.7540000081062317,0.3549000024795532
YBR258C,YBR083W,0,-5.1446366,0.17518587410449982,0.7540000081062317,0.35499998927116394
YFL023W,YDR432W,0,-5.1453595,0.17514517903327942,0.7540000081062317,0.35510000586509705
YHR061C,YKL212W,0,-5.145444,0.17510449886322021,0.7540000081062317,0.35519999265670776
YPL268W,YDR365W-B,0,-5.1464934,0.1750638484954834,0.7540000081062317,0.35530000925064087
YPR082C,YDR478W,1,-5.1465464,0.17525534331798553,0.7549999952316284,0.35530000925064087
YLR319C,YLR293C,0,-5.1472774,0.17521466314792633,0.7549999952316284,0.3553999960422516
YKR066C,YIR015W,0,-5.1473565,0.17517401278018951,0.7549999952316284,0.3555000126361847
YGR202C,YJR028W,0,-5.1473722,0.1751333773136139,0.7549999952316284,0.3555999994277954
YBR049C,YIL109C,0,-5.1476912,0.17509277164936066,0.7549999952316284,0.35569998621940613
YKL208W,YGR129W,1,-5.147832,0.1752840280532837,0.7559999823570251,0.35569998621940613
YNL230C,YDR076W,0,-5.1483374,0.17524339258670807,0.7559999823570251,0.35580000281333923
YKR079C,YIL063C,0,-5.14884,0.17520278692245483,0.7559999823570251,0.35589998960494995
YNL008C,YDR081C,0,-5.1490755,0.1751621812582016,0.7559999823570251,0.35600000619888306
YOR031W,YOL133W,0,-5.1491027,0.17512160539627075,0.7559999823570251,0.3560999929904938
YMR091C,YIL109C,0,-5.1492867,0.1750810593366623,0.7559999823570251,0.3562000095844269
YNL262W,YHR099W,0,-5.1495113,0.17504051327705383,0.7559999823570251,0.3562999963760376
YJL148W,YPR086W,0,-5.149843,0.17499999701976776,0.7559999823570251,0.3564000129699707
YDR205W,YCL075W,0,-5.1503844,0.17495949566364288,0.7559999823570251,0.3564999997615814
YER032W,YLR424W,1,-5.1505766,0.17515039443969727,0.7570000290870667,0.3564999997615814
YLR394W,YOR160W,0,-5.15063,0.1751098781824112,0.7570000290870667,0.35659998655319214
YDL197C,YFR030W,0,-5.1506786,0.17506937682628632,0.7570000290870667,0.35670000314712524
YDR163W,YNL147W,1,-5.150859,0.17526011168956757,0.7580000162124634,0.35670000314712524
YBR010W,YDR432W,0,-5.151072,0.1752195954322815,0.7580000162124634,0.35679998993873596
YLR377C,YGR054W,0,-5.1512322,0.1751791089773178,0.7580000162124634,0.35690000653266907
YBR039W,YMR073C,0,-5.151289,0.17513863742351532,0.7580000162124634,0.3569999933242798
YOR160W,YIR022W,0,-5.151764,0.17509818077087402,0.7580000162124634,0.3571000099182129
YBR211C,YJL102W,0,-5.1518836,0.17505773901939392,0.7580000162124634,0.3571999967098236
YPR181C,YML114C,0,-5.151948,0.175017312169075,0.7580000162124634,0.3573000133037567
YPL096C-A,YOL066C,0,-5.1521025,0.1749769151210785,0.7580000162124634,0.35740000009536743
YGL105W,YPL010W,0,-5.152272,0.17493653297424316,0.7580000162124634,0.35749998688697815
YDR480W,YLR262C,0,-5.152562,0.17489616572856903,0.7580000162124634,0.35760000348091125
YNL268W,YER005W,0,-5.1528597,0.17485582828521729,0.7580000162124634,0.357699990272522
YFL003C,YCL074W,0,-5.1534386,0.17481549084186554,0.7580000162124634,0.3578000068664551
YOR179C,YGR186W,0,-5.1543236,0.17477518320083618,0.7580000162124634,0.3578999936580658
YKL139W,YPR182W,1,-5.1544447,0.17496542632579803,0.7590000033378601,0.3578999936580658
YNL280C,YGL195W,0,-5.154546,0.17492510378360748,0.7590000033378601,0.3580000102519989
YBR089C-A,YDL195W,0,-5.155917,0.17488479614257812,0.7590000033378601,0.3580999970436096
YLR110C,YJR027W,0,-5.156004,0.17484450340270996,0.7590000033378601,0.3582000136375427
YFR024C,YNL061W,0,-5.1575303,0.17480424046516418,0.7590000033378601,0.35830000042915344
YER169W,YLR005W,0,-5.1580267,0.1747639924287796,0.7590000033378601,0.35839998722076416
YLR059C,YEL004W,0,-5.1581087,0.1747237592935562,0.7590000033378601,0.35850000381469727
YPR083W,YGL098W,0,-5.1581674,0.17468354105949402,0.7590000033378601,0.358599990606308
YGR218W,YDR055W,0,-5.1582355,0.1746433526277542,0.7590000033378601,0.3587000072002411
YJL194W,YGL011C,0,-5.1590757,0.1746031790971756,0.7590000033378601,0.3587999939918518
YOL045W,YML127W,0,-5.1590815,0.17456302046775818,0.7590000033378601,0.3589000105857849
YPR188C,YGR186W,0,-5.159193,0.17452287673950195,0.7590000033378601,0.35899999737739563
YER106W,YOR210W,0,-5.159318,0.17448276281356812,0.7590000033378601,0.35910001397132874
YNL281W,YFL008W,0,-5.1594706,0.17444266378879547,0.7590000033378601,0.35920000076293945
YMR301C,YGR224W,0,-5.159716,0.17440257966518402,0.7590000033378601,0.35929998755455017
YGR261C,YMR162C,0,-5.1598682,0.17436251044273376,0.7590000033378601,0.3594000041484833
YJL165C,YDR432W,0,-5.1601114,0.1743224561214447,0.7590000033378601,0.359499990940094
YIL034C,YPL153C,0,-5.1604075,0.17428243160247803,0.7590000033378601,0.3596000075340271
YGL013C,YDL195W,0,-5.1606894,0.17424242198467255,0.7590000033378601,0.3596999943256378
YGL247W,YHR061C,0,-5.161214,0.17420242726802826,0.7590000033378601,0.3598000109195709
YDR231C,YOL066C,0,-5.161271,0.17416246235370636,0.7590000033378601,0.35989999771118164
YDR081C,YJR110W,0,-5.1615305,0.17412251234054565,0.7590000033378601,0.36000001430511475
YGL238W,YER165W,0,-5.1618395,0.17408256232738495,0.7590000033378601,0.36010000109672546
YOL108C,YGL175C,0,-5.1624556,0.17404265701770782,0.7590000033378601,0.3601999878883362
YKR059W,YML039W,0,-5.1626635,0.1740027517080307,0.7590000033378601,0.3603000044822693
YKL025C,YBR152W,1,-5.1626716,0.17419207096099854,0.7599999904632568,0.3603000044822693
YLR133W,YKR095W-A,0,-5.1632876,0.17415215075016022,0.7599999904632568,0.36039999127388
YGL142C,YKL042W,0,-5.1634374,0.1741122603416443,0.7599999904632568,0.3605000078678131
YIL118W,YKL122C,0,-5.163599,0.17407238483428955,0.7599999904632568,0.36059999465942383
YER019W,YPR083W,0,-5.163719,0.17403250932693481,0.7599999904632568,0.36070001125335693
YOL077W-A,YJL026W,0,-5.163929,0.17399267852306366,0.7599999904632568,0.36079999804496765
YNL053W,YLR467W,0,-5.1647463,0.1739528477191925,0.7599999904632568,0.36090001463890076
YER179W,YCL019W,0,-5.164975,0.17391304671764374,0.7599999904632568,0.3610000014305115
YDR301W,YJL203W,1,-5.1654925,0.1741020381450653,0.7609999775886536,0.3610000014305115
YCR044C,YML033W,0,-5.165493,0.17406220734119415,0.7609999775886536,0.3610999882221222
YBR010W,YDL058W,0,-5.165914,0.17402240633964539,0.7609999775886536,0.3612000048160553
YNL039W,YDR205W,0,-5.166045,0.1739826202392578,0.7609999775886536,0.361299991607666
YLR133W,YNL027W,0,-5.166518,0.17394286394119263,0.7609999775886536,0.3614000082015991
YBL016W,YOR307C,0,-5.1669917,0.17390310764312744,0.7609999775886536,0.36149999499320984
YFR024C,YML047C,0,-5.167035,0.17386338114738464,0.7609999775886536,0.36160001158714294
YMR216C,YIL061C,1,-5.1672554,0.17405207455158234,0.7620000243186951,0.36160001158714294
YGR224W,YDR320C-A,0,-5.167675,0.17401233315467834,0.7620000243186951,0.36169999837875366
YHL040C,YCR083W,0,-5.168665,0.17397260665893555,0.7620000243186951,0.3617999851703644
YDR181C,YOL031C,0,-5.1691227,0.17393289506435394,0.7620000243186951,0.3619000017642975
YPL118W,YCL004W,0,-5.169373,0.17389319837093353,0.7620000243186951,0.3619999885559082
YER142C,YBR258C,0,-5.1693783,0.1738535314798355,0.7620000243186951,0.3621000051498413
YMR021C,YLR010C,0,-5.169445,0.1738138645887375,0.7620000243186951,0.362199991941452
YGR261C,YOL020W,0,-5.1701713,0.17377422749996185,0.7620000243186951,0.36230000853538513
YPL268W,YIL008W,0,-5.1703176,0.1737346053123474,0.7620000243186951,0.36239999532699585
YOR221C,YNL032W,0,-5.1706743,0.17369501292705536,0.7620000243186951,0.36250001192092896
YNL153C,YER138C,0,-5.171012,0.1736554205417633,0.7620000243186951,0.3625999987125397
YDR122W,YML114C,0,-5.171024,0.17361585795879364,0.7620000243186951,0.3626999855041504
YOR031W,YOR005C,0,-5.1711483,0.17357631027698517,0.7620000243186951,0.3628000020980835
YJL021C,YOL013C,0,-5.172335,0.1735367774963379,0.7620000243186951,0.3628999888896942
YKL139W,YPR094W,1,-5.1725607,0.1737249493598938,0.7630000114440918,0.3628999888896942
YGR010W,YPL208W,0,-5.1728907,0.17368540167808533,0.7630000114440918,0.3630000054836273
YDR320C-A,YGR284C,0,-5.1732397,0.17364588379859924,0.7630000114440918,0.36309999227523804
YNL281W,YPL239W,0,-5.173401,0.17360636591911316,0.7630000114440918,0.36320000886917114
YLR008C,YNL026W,0,-5.1734877,0.17356687784194946,0.7630000114440918,0.36329999566078186
YPR082C,YLR147C,1,-5.173565,0.17375482618808746,0.7639999985694885,0.36329999566078186
YGL124C,YML131W,0,-5.173696,0.17371532320976257,0.7639999985694885,0.36340001225471497
YJL214W,YDL006W,0,-5.1737185,0.17367583513259888,0.7639999985694885,0.3634999990463257
YKL016C,YPR018W,0,-5.173719,0.17363636195659637,0.7639999985694885,0.3635999858379364
YMR203W,YER138C,0,-5.17375,0.17359690368175507,0.7639999985694885,0.3637000024318695
YFL023W,YMR073C,0,-5.174089,0.17355747520923615,0.7639999985694885,0.3637999892234802
YMR250W,YKL088W,0,-5.174436,0.17351806163787842,0.7639999985694885,0.36390000581741333
YIL002C,YCL054W,0,-5.174651,0.17347866296768188,0.7639999985694885,0.36399999260902405
YNL147W,YMR216C,1,-5.1750784,0.17366628348827362,0.7649999856948853,0.36399999260902405
YNL302C,YCR042C,0,-5.175332,0.1736268699169159,0.7649999856948853,0.36410000920295715
YOR179C,YCR083W,0,-5.1755695,0.17358747124671936,0.7649999856948853,0.36419999599456787
YDR214W,YPL265W,0,-5.1760817,0.17354808747768402,0.7649999856948853,0.364300012588501
YOR002W,YBR087W,0,-5.1761565,0.17350873351097107,0.7649999856948853,0.3643999993801117
YNL039W,YPL096C-A,0,-5.1761785,0.1734693944454193,0.7649999856948853,0.3644999861717224
YNL136W,YGL229C,0,-5.1762156,0.17343005537986755,0.7649999856948853,0.3646000027656555
YFR024C,YDR076W,0,-5.176619,0.17339074611663818,0.7649999856948853,0.36469998955726624
YNR067C,YKR038C,0,-5.1770096,0.1733514666557312,0.7649999856948853,0.36480000615119934
YBR234C,YCR042C,0,-5.177237,0.17331218719482422,0.7649999856948853,0.36489999294281006
YHR061C,YDR189W,0,-5.177538,0.17327293753623962,0.7649999856948853,0.36500000953674316
YGL065C,YBL102W,0,-5.178192,0.17323370277881622,0.7649999856948853,0.3650999963283539
YOR322C,YML131W,0,-5.178209,0.17319448292255402,0.7649999856948853,0.365200012922287
YGL190C,YCL004W,0,-5.178628,0.173155277967453,0.7649999856948853,0.3652999997138977
YHR039C,YGL172W,0,-5.1791315,0.17311608791351318,0.7649999856948853,0.3653999865055084
YIL119C,YMR263W,0,-5.179351,0.17307692766189575,0.7649999856948853,0.36550000309944153
YOL013C,YLR332W,0,-5.179591,0.17303776741027832,0.7649999856948853,0.36559998989105225
YJL072C,YPL235W,0,-5.1797934,0.17299863696098328,0.7649999856948853,0.36570000648498535
YLR329W,YOL129W,0,-5.1798353,0.17295953631401062,0.7649999856948853,0.36579999327659607
YBR152W,YGR129W,1,-5.180488,0.17314647138118744,0.765999972820282,0.36579999327659607
YOR031W,YFR030W,0,-5.1806126,0.1731073409318924,0.765999972820282,0.3659000098705292
YBR210W,YOL066C,0,-5.1810694,0.17306824028491974,0.765999972820282,0.3659999966621399
YNL039W,YHR160C,0,-5.181348,0.17302913963794708,0.765999972820282,0.366100013256073
YPL091W,YJL183W,0,-5.182097,0.17299006879329681,0.765999972820282,0.3662000000476837
YDR335W,YMR091C,0,-5.182271,0.17295099794864655,0.765999972820282,0.36629998683929443
YJL111W,YDR386W,0,-5.1822906,0.17291195690631866,0.765999972820282,0.36640000343322754
YCR053W,YDL128W,0,-5.182784,0.17287294566631317,0.765999972820282,0.36649999022483826
YLR011W,YJR131W,0,-5.1834645,0.17283393442630768,0.765999972820282,0.36660000681877136
YGR041W,YDR363W-A,0,-5.1835365,0.17279495298862457,0.765999972820282,0.3666999936103821
YML080W,YOL133W,0,-5.184001,0.17275597155094147,0.765999972820282,0.3668000102043152
YLR116W,YPL151C,1,-5.185229,0.17294250428676605,0.7670000195503235,0.3668000102043152
YKL197C,YIL129C,0,-5.185576,0.17290352284908295,0.7670000195503235,0.3668999969959259
YOL133W,YDL128W,0,-5.186396,0.17286454141139984,0.7670000195503235,0.367000013589859
YNL153C,YCR080W,0,-5.18641,0.17282558977603912,0.7670000195503235,0.3671000003814697
YFL009W,YBR107C,0,-5.1865273,0.1727866679430008,0.7670000195503235,0.36719998717308044
YBR010W,YLR090W,0,-5.18668,0.17274774610996246,0.7670000195503235,0.36730000376701355
YOR002W,YNL074C,0,-5.186705,0.17270885407924652,0.7670000195503235,0.36739999055862427
YOR217W,YCL074W,0,-5.18683,0.17266996204853058,0.7670000195503235,0.3675000071525574
YKR002W,YOR159C,1,-5.186919,0.1728561818599701,0.7680000066757202,0.3675000071525574
YDL029W,YML058W-A,0,-5.187167,0.17281727492809296,0.7680000066757202,0.3675999939441681
YOL130W,YDL088C,0,-5.1873627,0.1727783977985382,0.7680000066757202,0.3677000105381012
YNL210W,YKR086W,1,-5.1877117,0.17296446859836578,0.7689999938011169,0.3677000105381012
YDL029W,YKR007W,0,-5.187812,0.17292556166648865,0.7689999938011169,0.3677999973297119
YPL091W,YCR080W,0,-5.187979,0.1728866845369339,0.7689999938011169,0.367900013923645
YGL142C,YDR116C,0,-5.1884136,0.17284783720970154,0.7689999938011169,0.36800000071525574
YJL010C,YDR432W,0,-5.188431,0.17280898988246918,0.7689999938011169,0.36809998750686646
YHR175W,YAL015C,0,-5.188761,0.172770157456398,0.7689999938011169,0.36820000410079956
YDR163W,YKL095W,1,-5.189373,0.1729559749364853,0.7699999809265137,0.36820000410079956
YDL080C,YDR451C,0,-5.189396,0.17291712760925293,0.7699999809265137,0.3682999908924103
YJL021C,YNL039W,0,-5.1894603,0.17287831008434296,0.7699999809265137,0.3684000074863434
YDL126C,YEL051W,0,-5.189599,0.17283950746059418,0.7699999809265137,0.3684999942779541
YMR283C,YLR268W,0,-5.1898875,0.1728007197380066,0.7699999809265137,0.3686000108718872
YOL077W-A,YBL016W,0,-5.19002,0.1727619469165802,0.7699999809265137,0.3686999976634979
YHR116W,YBR008C,0,-5.1903815,0.172723188996315,0.7699999809265137,0.36880001425743103
YHR124W,YOR106W,0,-5.190713,0.1726844608783722,0.7699999809265137,0.36890000104904175
YOR249C,YFL016C,0,-5.191088,0.17264573276042938,0.7699999809265137,0.36899998784065247
YER088C,YBR278W,0,-5.1914153,0.17260703444480896,0.7699999809265137,0.36910000443458557
YFR024C,YEL004W,0,-5.1916094,0.17256835103034973,0.7699999809265137,0.3691999912261963
YBL080C,YBR273C,0,-5.1917896,0.1725296825170517,0.7699999809265137,0.3693000078201294
YKL160W,YKR095W-A,0,-5.1924357,0.17249104380607605,0.7699999809265137,0.3693999946117401
YBR211C,YGL105W,0,-5.193513,0.1724524050951004,0.7699999809265137,0.3695000112056732
YKR066C,YNR010W,0,-5.1935825,0.17241379618644714,0.7699999809265137,0.36959999799728394
YML114C,YGR033C,0,-5.1937056,0.17237520217895508,0.7699999809265137,0.36970001459121704
YIR033W,YBL105C,0,-5.1939774,0.1723366230726242,0.7699999809265137,0.36980000138282776
YDR083W,YDR393W,0,-5.194995,0.17229805886745453,0.7699999809265137,0.3698999881744385
YDR191W,YLR090W,0,-5.1951466,0.17225950956344604,0.7699999809265137,0.3700000047683716
YIR005W,YLR116W,1,-5.19574,0.1724446415901184,0.7710000276565552,0.3700000047683716
YOL117W,YMR263W,0,-5.1958194,0.17240607738494873,0.7710000276565552,0.3700999915599823
YDR163W,YOR319W,1,-5.1965156,0.17259110510349274,0.7720000147819519,0.3700999915599823
YDL008W,YCL032W,0,-5.197198,0.17255252599716187,0.7720000147819519,0.3702000081539154
YKL191W,YBR192W,0,-5.197259,0.1725139617919922,0.7720000147819519,0.3702999949455261
YDR423C,YPL235W,0,-5.197282,0.1724754273891449,0.7720000147819519,0.37040001153945923
YNL164C,YML039W,0,-5.197625,0.1724368929862976,0.7720000147819519,0.37049999833106995
YPR070W,YOL117W,0,-5.1978955,0.1723983883857727,0.7720000147819519,0.37059998512268066
YOR005C,YDR359C,0,-5.1979637,0.172359898686409,0.7720000147819519,0.37070000171661377
YDR318W,YJR027W,0,-5.1983156,0.17232142388820648,0.7720000147819519,0.3707999885082245
YCR038C,YLL056C,0,-5.198744,0.17228297889232635,0.7720000147819519,0.3709000051021576
YHR203C,YOR008C-A,0,-5.199123,0.17224453389644623,0.7720000147819519,0.3709999918937683
YIL022W,YJR028W,0,-5.1996636,0.1722061187028885,0.7720000147819519,0.3711000084877014
YLR319C,YDL109C,0,-5.19979,0.17216770350933075,0.7720000147819519,0.37119999527931213
YBL105C,YLR467W,0,-5.1998086,0.1721293181180954,0.7720000147819519,0.37130001187324524
YLR332W,YDR086C,0,-5.2003403,0.17209094762802124,0.7720000147819519,0.37139999866485596
YFR028C,YDR165W,0,-5.2011614,0.17205259203910828,0.7720000147819519,0.3714999854564667
YHR023W,YGR063C,0,-5.201224,0.1720142662525177,0.7720000147819519,0.3716000020503998
YJL021C,YDR331W,0,-5.201253,0.17197594046592712,0.7720000147819519,0.3716999888420105
YAL022C,YCR102C,0,-5.201765,0.17193764448165894,0.7720000147819519,0.3718000054359436
YKL021C,YNL044W,0,-5.201832,0.17189934849739075,0.7720000147819519,0.3718999922275543
YGR177C,YLR005W,0,-5.2033696,0.17186108231544495,0.7720000147819519,0.3720000088214874
YGR097W,YBR087W,0,-5.2034187,0.17182283103466034,0.7720000147819519,0.37209999561309814
YLR160C,YOR039W,0,-5.2046704,0.17178459465503693,0.7720000147819519,0.37220001220703125
YLR110C,YCR084C,0,-5.204713,0.1717463880777359,0.7720000147819519,0.37229999899864197
YOR079C,YER164W,0,-5.2049327,0.17170818150043488,0.7720000147819519,0.3723999857902527
YJL021C,YLR110C,0,-5.2050314,0.17167000472545624,0.7720000147819519,0.3725000023841858
YDL135C,YJL129C,0,-5.2052183,0.1716318428516388,0.7720000147819519,0.3725999891757965
YDR460W,YCL019W,0,-5.205312,0.17159368097782135,0.7720000147819519,0.3727000057697296
YNL039W,YDR059C,0,-5.2062593,0.1715555489063263,0.7720000147819519,0.37279999256134033
YJR092W,YGR054W,0,-5.206295,0.17151744663715363,0.7720000147819519,0.37290000915527344
YER032W,YDR195W,1,-5.2067943,0.17170146107673645,0.7730000019073486,0.37290000915527344
YHR116W,YAL009W,0,-5.206828,0.1716633290052414,0.7730000019073486,0.37299999594688416
YOL164W,YKR055W,0,-5.2069073,0.17162522673606873,0.7730000019073486,0.37310001254081726
YKL208W,YKR086W,1,-5.2069798,0.1718091070652008,0.7739999890327454,0.37310001254081726
YDR087C,YDR328C,0,-5.207699,0.17177097499370575,0.7739999890327454,0.373199999332428
YJL021C,YHR006W,0,-5.208214,0.1717328578233719,0.7739999890327454,0.3732999861240387
YLL018C-A,YGL171W,0,-5.208216,0.1716947704553604,0.7739999890327454,0.3734000027179718
YMR001C,YOR106W,0,-5.208297,0.17165668308734894,0.7739999890327454,0.3734999895095825
YNL039W,YGL008C,0,-5.2085485,0.17161862552165985,0.7739999890327454,0.3736000061035156
YOR002W,YLR425W,0,-5.2091236,0.17158058285713196,0.7739999890327454,0.37369999289512634
YBR107C,YOL117W,0,-5.2095146,0.17154255509376526,0.7739999890327454,0.37380000948905945
YNL282W,YLR147C,1,-5.209963,0.17172612249851227,0.7749999761581421,0.37380000948905945
YIL070C,YLR035C-A,0,-5.2102003,0.17168807983398438,0.7749999761581421,0.37389999628067017
YDL117W,YBR233W-A,0,-5.210415,0.17165005207061768,0.7749999761581421,0.37400001287460327
YOR260W,YBR185C,0,-5.210493,0.17161203920841217,0.7749999761581421,0.374099999666214
YML132W,YGR024C,0,-5.2107096,0.17157405614852905,0.7749999761581421,0.3741999864578247
YBR233W-A,YBL093C,0,-5.211725,0.17153607308864594,0.7749999761581421,0.3743000030517578
YPL091W,YLL061W,0,-5.2117867,0.1714981198310852,0.7749999761581421,0.37439998984336853
YNR015W,YHR084W,0,-5.2123637,0.17146018147468567,0.7749999761581421,0.37450000643730164
YBR010W,YBR049C,0,-5.2124743,0.17142225801944733,0.7749999761581421,0.37459999322891235
YBR083W,YMR089C,0,-5.212514,0.17138434946537018,0.7749999761581421,0.37470000982284546
YNL311C,YBR083W,0,-5.212616,0.17134645581245422,0.7749999761581421,0.3747999966144562
YJL207C,YML123C,0,-5.2129602,0.17130857706069946,0.7749999761581421,0.3749000132083893
YLR059C,YDR308C,0,-5.2131863,0.1712707132101059,0.7749999761581421,0.375
YLR425W,YKL080W,0,-5.2133684,0.17123287916183472,0.7749999761581421,0.3750999867916107
YLR242C,YGL016W,0,-5.2144938,0.17119504511356354,0.7749999761581421,0.3752000033855438
YCR028C,YBR256C,0,-5.21477,0.17115724086761475,0.7749999761581421,0.37529999017715454
YNL065W,YCR048W,0,-5.214967,0.17111945152282715,0.7749999761581421,0.37540000677108765
YJL021C,YER001W,0,-5.2152767,0.17108167707920074,0.7749999761581421,0.37549999356269836
YOR217W,YPL106C,0,-5.215514,0.17104391753673553,0.7749999761581421,0.37560001015663147
YGR041W,YJL076W,0,-5.2156725,0.17100617289543152,0.7749999761581421,0.3756999969482422
YLR034C,YHR099W,0,-5.2158394,0.1709684580564499,0.7749999761581421,0.3758000135421753
YMR162C,YMR150C,0,-5.215954,0.17093074321746826,0.7749999761581421,0.375900000333786
YIL112W,YNL110C,0,-5.216256,0.17089305818080902,0.7749999761581421,0.37599998712539673
YHL036W,YBL102W,0,-5.2167635,0.17085537314414978,0.7749999761581421,0.37610000371932983
YPR182W,YKL173W,1,-5.217608,0.17103813588619232,0.7760000228881836,0.37610000371932983
YPL258C,YCL005W-A,0,-5.217869,0.1710004359483719,0.7760000228881836,0.37619999051094055
YAL022C,YGL035C,0,-5.2193594,0.17096276581287384,0.7760000228881836,0.37630000710487366
YGL124C,YMR109W,0,-5.2195706,0.170925110578537,0.7760000228881836,0.3763999938964844
YBL026W,YDL098C,1,-5.2195807,0.171107679605484,0.7770000100135803,0.3763999938964844
YGL068W,YNL053W,0,-5.2196026,0.17107000946998596,0.7770000100135803,0.3765000104904175
YDR189W,YCR060W,0,-5.2199097,0.1710323542356491,0.7770000100135803,0.3765999972820282
YDR075W,YML131W,0,-5.2201223,0.17099471390247345,0.7770000100135803,0.3767000138759613
YOR260W,YJR027W,0,-5.220392,0.17095708847045898,0.7770000100135803,0.376800000667572
YHR150W,YMR263W,0,-5.220607,0.1709194928407669,0.7770000100135803,0.37689998745918274
YPR072W,YKR086W,1,-5.220698,0.17110182344913483,0.777999997138977,0.37689998745918274
YDL029W,YDR277C,0,-5.2209206,0.17106419801712036,0.777999997138977,0.37700000405311584
YDR345C,YOR209C,0,-5.2209516,0.17102660238742828,0.777999997138977,0.37709999084472656
YDR515W,YAR009C,0,-5.2211885,0.1709890067577362,0.777999997138977,0.37720000743865967
YBL080C,YPL188W,0,-5.2212334,0.17095144093036652,0.777999997138977,0.3772999942302704
YLR319C,YBL105C,0,-5.2220755,0.17091389000415802,0.777999997138977,0.3774000108242035
YCR038C,YGL004C,0,-5.222559,0.17087633907794952,0.777999997138977,0.3774999976158142
YCR009C,YJR027W,0,-5.223931,0.17083881795406342,0.777999997138977,0.3776000142097473
YPL209C,YEL051W,0,-5.223957,0.1708013117313385,0.777999997138977,0.37770000100135803
YDR075W,YHR041C,0,-5.2241993,0.17076383531093597,0.777999997138977,0.37779998779296875
YIL002C,YGL035C,0,-5.224306,0.17072635889053345,0.777999997138977,0.37790000438690186
YBL032W,YBR129C,0,-5.224573,0.17068889737129211,0.777999997138977,0.3779999911785126
YHR041C,YLR346C,0,-5.2248573,0.17065146565437317,0.777999997138977,0.3781000077724457
YBL026W,YLR116W,1,-5.225587,0.17083333432674408,0.7789999842643738,0.3781000077724457
YHL036W,YIL029C,0,-5.22573,0.17079587280750275,0.7789999842643738,0.3781999945640564
YJR017C,YOR159C,1,-5.225962,0.1709776371717453,0.7799999713897705,0.3781999945640564
YJL010C,YNL088W,0,-5.225999,0.17094017565250397,0.7799999713897705,0.3783000111579895
YPL202C,YPL021W,0,-5.226221,0.17090271413326263,0.7799999713897705,0.3783999979496002
YBR201W,YGL062W,0,-5.226645,0.1708652824163437,0.7799999713897705,0.3785000145435333
YPL018W,YML023C,0,-5.226707,0.17082785069942474,0.7799999713897705,0.37860000133514404
YBR077C,YPL234C,0,-5.226763,0.17079044878482819,0.7799999713897705,0.37869998812675476
YBR162C,YER072W,0,-5.2273707,0.17075306177139282,0.7799999713897705,0.37880000472068787
YNL282W,YPR094W,1,-5.227893,0.1709345579147339,0.781000018119812,0.37880000472068787
YGL172W,YER117W,0,-5.2281814,0.17089715600013733,0.781000018119812,0.3788999915122986
YJR140C,YOL126C,0,-5.2284784,0.17085976898670197,0.781000018119812,0.3790000081062317
YPL118W,YHR167W,0,-5.2289515,0.1708223968744278,0.781000018119812,0.3790999948978424
YCR048W,YLR332W,0,-5.2293396,0.17078503966331482,0.781000018119812,0.3792000114917755
YLR192C,YHR181W,0,-5.2293715,0.17074769735336304,0.781000018119812,0.37929999828338623
YNL268W,YJL108C,0,-5.2295084,0.17071038484573364,0.781000018119812,0.37940001487731934
YHL040C,YDR181C,0,-5.2298584,0.17067307233810425,0.781000018119812,0.37950000166893005
YDL008W,YMR214W,0,-5.2304025,0.17063578963279724,0.781000018119812,0.37959998846054077
YJR045C,YAR009C,0,-5.2304096,0.17059852182865143,0.781000018119812,0.3797000050544739
YOR340C,YDR515W,0,-5.231308,0.17056125402450562,0.781000018119812,0.3797999918460846
YDR081C,YDL135C,0,-5.2321224,0.1705240160226822,0.781000018119812,0.3799000084400177
YJL108C,YLR025W,0,-5.232314,0.17048679292201996,0.781000018119812,0.3799999952316284
YKL016C,YOR329C,0,-5.232667,0.17044958472251892,0.781000018119812,0.3801000118255615
YDR331W,YNR026C,0,-5.2329516,0.17041239142417908,0.781000018119812,0.38019999861717224
YPL190C,YOR346W,0,-5.233253,0.17037521302700043,0.781000018119812,0.38029998540878296
YDR081C,YPL163C,0,-5.2337027,0.17033806443214417,0.781000018119812,0.38040000200271606
YGR222W,YFR029W,0,-5.2338142,0.1703009158372879,0.781000018119812,0.3804999887943268
YOR260W,YDR075W,0,-5.233901,0.17026378214359283,0.781000018119812,0.3806000053882599
YPL190C,YPL268W,0,-5.2345138,0.17022667825222015,0.781000018119812,0.3806999921798706
YJR022W,YPR182W,1,-5.2350416,0.1704074889421463,0.7820000052452087,0.3806999921798706
YPL096C-A,YOL133W,0,-5.2351947,0.17037037014961243,0.7820000052452087,0.3808000087738037
YLR078C,YIL112W,0,-5.2352104,0.17033326625823975,0.7820000052452087,0.38089999556541443
YKL165C,YDR393W,0,-5.2354093,0.17029616236686707,0.7820000052452087,0.38100001215934753
YMR052W,YBR240C,0,-5.2355733,0.17025908827781677,0.7820000052452087,0.38109999895095825
YHR163W,YJR086W,0,-5.2360363,0.17022202908992767,0.7820000052452087,0.38119998574256897
YER179W,YPR002W,0,-5.236512,0.17018498480319977,0.7820000052452087,0.3813000023365021
YML123C,YDR075W,0,-5.2367234,0.17014795541763306,0.7820000052452087,0.3813999891281128
YHL009C,YDL109C,0,-5.2375727,0.17011094093322754,0.7820000052452087,0.3815000057220459
YFR029W,YFL008W,0,-5.237686,0.17007394134998322,0.7820000052452087,0.3815999925136566
YHR200W,YCL019W,0,-5.2377977,0.17003697156906128,0.7820000052452087,0.3817000091075897
YOL108C,YPR065W,0,-5.238078,0.17000000178813934,0.7820000052452087,0.38179999589920044
YMR001C,YLR417W,0,-5.238146,0.1699630469083786,0.7820000052452087,0.38190001249313354
YGL011C,YOL113W,0,-5.2386446,0.16992612183094025,0.7820000052452087,0.38199999928474426
YDR098C,YDR289C,0,-5.239275,0.1698891967535019,0.7820000052452087,0.382099986076355
YGR097W,YKL093W,0,-5.240078,0.16985230147838593,0.7820000052452087,0.3822000026702881
YOL077W-A,YPR155C,0,-5.240332,0.16981542110443115,0.7820000052452087,0.3822999894618988
YML123C,YAL009W,0,-5.2403564,0.16977855563163757,0.7820000052452087,0.3824000060558319
YBR002C,YMR203W,0,-5.2405634,0.169741690158844,0.7820000052452087,0.3824999928474426
YGR155W,YGR181W,0,-5.2415195,0.1697048544883728,0.7820000052452087,0.38260000944137573
YBR068C,YDR205W,0,-5.241612,0.1696680337190628,0.7820000052452087,0.38269999623298645
YGL037C,YOR344C,0,-5.242424,0.1696312427520752,0.7820000052452087,0.38280001282691956
YGL171W,YLL056C,0,-5.24275,0.16959445178508759,0.7820000052452087,0.3828999996185303
YCR048W,YDL036C,0,-5.2428026,0.16955767571926117,0.7820000052452087,0.382999986410141
YDR122W,YDR515W,0,-5.2442245,0.16952091455459595,0.7820000052452087,0.3831000030040741
YDR131C,YIL080W,0,-5.2445,0.1694841831922531,0.7820000052452087,0.3831999897956848
YNL084C,YNL061W,0,-5.2445774,0.16944745182991028,0.7820000052452087,0.3833000063896179
YJL006C,YGR054W,0,-5.2446856,0.16941075026988983,0.7820000052452087,0.38339999318122864
YBR065C,YKL173W,1,-5.244824,0.16959063708782196,0.7829999923706055,0.38339999318122864
YNL032W,YML039W,0,-5.245529,0.16955392062664032,0.7829999923706055,0.38350000977516174
YBR233W-A,YMR225C,0,-5.2463293,0.16951720416545868,0.7829999923706055,0.38359999656677246
YDL029W,YPL153C,0,-5.24634,0.16948051750659943,0.7829999923706055,0.38370001316070557
YPR057W,YER068W,1,-5.246493,0.16966024041175842,0.7839999794960022,0.38370001316070557
YKR038C,YHR073W,0,-5.246969,0.16962353885173798,0.7839999794960022,0.3837999999523163
YGL142C,YCL074W,0,-5.2469735,0.16958685219287872,0.7839999794960022,0.383899986743927
YIL008W,YJR110W,0,-5.247184,0.16955018043518066,0.7839999794960022,0.3840000033378601
YHR012W,YCR102C,0,-5.2477922,0.1695135086774826,0.7839999794960022,0.3840999901294708
YPL248C,YNL032W,0,-5.247838,0.16947686672210693,0.7839999794960022,0.38420000672340393
YLR262C,YML039W,0,-5.248255,0.16944023966789246,0.7839999794960022,0.38429999351501465
YER088C,YKL080W,0,-5.248383,0.16940362751483917,0.7839999794960022,0.38440001010894775
YCL019W,YIL080W,0,-5.2486196,0.16936703026294708,0.7839999794960022,0.38449999690055847
YOR209C,YHR181W,0,-5.2486477,0.1693304479122162,0.7839999794960022,0.3846000134944916
YJR083C,YGR014W,0,-5.2487097,0.16929389536380768,0.7839999794960022,0.3847000002861023
YGR227W,YOL038W,0,-5.249056,0.16925734281539917,0.7839999794960022,0.384799987077713
YPR104C,YHR039C,0,-5.249076,0.16922080516815186,0.7839999794960022,0.3849000036716461
YHL040C,YGL219C,0,-5.2491245,0.16918429732322693,0.7839999794960022,0.38499999046325684
YGR218W,YPL106C,0,-5.24938,0.169147789478302,0.7839999794960022,0.38510000705718994
YDL143W,YOL069W,0,-5.2494235,0.16911129653453827,0.7839999794960022,0.38519999384880066
YOR377W,YPL192C,0,-5.2497272,0.16907483339309692,0.7839999794960022,0.38530001044273376
YJL129C,YCR083W,0,-5.2498007,0.16903838515281677,0.7839999794960022,0.3853999972343445
YGL195W,YDL109C,0,-5.25,0.16900193691253662,0.7839999794960022,0.3855000138282776
YCL008C,YBR273C,0,-5.2503986,0.16896551847457886,0.7839999794960022,0.3856000006198883
YGR261C,YIL109C,0,-5.250662,0.1689291149377823,0.7839999794960022,0.385699987411499
YJL034W,YPL192C,0,-5.2507896,0.16889271140098572,0.7839999794960022,0.38580000400543213
YMR216C,YOR159C,1,-5.250918,0.1690717190504074,0.7850000262260437,0.38580000400543213
YCR048W,YLR381W,0,-5.2511897,0.16903531551361084,0.7850000262260437,0.38589999079704285
YKL025C,YKL095W,1,-5.2518454,0.16921420395374298,0.7860000133514404,0.38589999079704285
YPR082C,YAL032C,1,-5.25238,0.16939303278923035,0.7870000004768372,0.38589999079704285
YML127W,YLR005W,0,-5.252495,0.169356569647789,0.7870000004768372,0.38600000739097595
YMR201C,YOR008C-A,0,-5.253255,0.16932013630867004,0.7870000004768372,0.38609999418258667
YOR103C,YDR131C,0,-5.25333,0.16928371787071228,0.7870000004768372,0.3862000107765198
YOR344C,YPR036W,0,-5.2535534,0.1692473143339157,0.7870000004768372,0.3862999975681305
YGR202C,YDR013W,0,-5.2543592,0.16921092569828033,0.7870000004768372,0.3864000141620636
YOL142W,YLR135W,0,-5.254509,0.16917455196380615,0.7870000004768372,0.3865000009536743
YLR417W,YJL139C,0,-5.2548485,0.16913819313049316,0.7870000004768372,0.38659998774528503
YNL027W,YKL212W,0,-5.255351,0.16910184919834137,0.7870000004768372,0.38670000433921814
YFL003C,YGR180C,0,-5.255755,0.16906552016735077,0.7870000004768372,0.38679999113082886
YML102W,YDR393W,0,-5.2563143,0.16902920603752136,0.7870000004768372,0.38690000772476196
YIL084C,YPL258C,0,-5.2564254,0.16899290680885315,0.7870000004768372,0.3869999945163727
YDL036C,YJR028W,0,-5.2565594,0.16895663738250732,0.7870000004768372,0.3871000111103058
YLR025W,YAL009W,0,-5.256712,0.1689203679561615,0.7870000004768372,0.3871999979019165
YDL145C,YGL175C,0,-5.257036,0.16888411343097687,0.7870000004768372,0.3873000144958496
YER167W,YDR040C,0,-5.257336,0.16884788870811462,0.7870000004768372,0.3874000012874603
YLR192C,YCR060W,0,-5.2574325,0.16881166398525238,0.7870000004768372,0.38749998807907104
YJL183W,YIL029C,0,-5.257604,0.16877546906471252,0.7870000004768372,0.38760000467300415
YBR172C,YML033W,0,-5.2576284,0.16873927414417267,0.7870000004768372,0.38769999146461487
YPL096C-A,YDR075W,0,-5.2577286,0.1687031090259552,0.7870000004768372,0.387800008058548
YLR160C,YIL129C,0,-5.2578,0.16866695880889893,0.7870000004768372,0.3878999948501587
YBR087W,YLR268W,0,-5.258643,0.16863080859184265,0.7870000004768372,0.3880000114440918
YIR033W,YDL058W,0,-5.2587914,0.16859468817710876,0.7870000004768372,0.3880999982357025
YHR194W,YNL053W,0,-5.2594447,0.16855858266353607,0.7870000004768372,0.3882000148296356
YLL018C-A,YMR079W,0,-5.2595205,0.16852247714996338,0.7870000004768372,0.38830000162124634
YHR193C,YDR208W,0,-5.259592,0.16848640143871307,0.7870000004768372,0.38839998841285706
YLR205C,YMR263W,0,-5.2599697,0.16845034062862396,0.7870000004768372,0.38850000500679016
YJR074W,YPR095C,0,-5.2601833,0.16841429471969604,0.7870000004768372,0.3885999917984009
YNL053W,YKL080W,0,-5.260479,0.16837826371192932,0.7870000004768372,0.388700008392334
YLR147C,YDR478W,1,-5.2605257,0.16855615377426147,0.7879999876022339,0.388700008392334
YER068W,YJL203W,1,-5.260588,0.16873395442962646,0.7889999747276306,0.388700008392334
YFL025C,YGL006W,0,-5.2607174,0.16869787871837616,0.7889999747276306,0.3887999951839447
YGR227W,YJR102C,0,-5.2607293,0.16866181790828705,0.7889999747276306,0.3889000117778778
YLR157C,YCR009C,0,-5.2608237,0.16862577199935913,0.7889999747276306,0.3889999985694885
YGL003C,YBR233W-A,0,-5.2612734,0.1685897409915924,0.7889999747276306,0.38909998536109924
YMR224C,YIR022W,0,-5.2616525,0.16855372488498688,0.7889999747276306,0.38920000195503235
YOR239W,YOL009C,0,-5.2617707,0.16851772367954254,0.7889999747276306,0.38929998874664307
YIL131C,YLR025W,0,-5.261805,0.1684817373752594,0.7889999747276306,0.38940000534057617
YNL008C,YPR155C,0,-5.26186,0.16844576597213745,0.7889999747276306,0.3894999921321869
YOR005C,YOL117W,0,-5.261945,0.1684098243713379,0.7889999747276306,0.38960000872612
YNL030W,YLR205C,0,-5.262101,0.16837388277053833,0.7889999747276306,0.3896999955177307
YIL002C,YOL121C,0,-5.2623725,0.16833795607089996,0.7889999747276306,0.3898000121116638
YDL145C,YML123C,0,-5.262434,0.1683020442724228,0.7889999747276306,0.38989999890327454
YGL084C,YBR058C-A,0,-5.2625003,0.168266162276268,0.7889999747276306,0.38999998569488525
YOR221C,YKL042W,0,-5.262686,0.16823028028011322,0.7889999747276306,0.39010000228881836
YDR273W,YDL042C,0,-5.262732,0.16819441318511963,0.7889999747276306,0.3901999890804291
YMR232W,YLR006C,0,-5.2630115,0.16815856099128723,0.7889999747276306,0.3903000056743622
YLR034C,YGR229C,0,-5.2633653,0.16812273859977722,0.7889999747276306,0.3903999924659729
YKL042W,YCR102C,0,-5.263517,0.1680869162082672,0.7889999747276306,0.390500009059906
YLL015W,YGR222W,0,-5.263978,0.1680511236190796,0.7889999747276306,0.3905999958515167
YGR227W,YAR009C,0,-5.2642193,0.16801533102989197,0.7889999747276306,0.39070001244544983
YLR215C,YBR240C,0,-5.2644143,0.16797956824302673,0.7889999747276306,0.39079999923706055
YOL121C,YOR344C,0,-5.2645965,0.1679438054561615,0.7889999747276306,0.39089998602867126
YFL009W,YOR172W,0,-5.2648478,0.16790807247161865,0.7889999747276306,0.39100000262260437
YBR107C,YLR048W,0,-5.2654123,0.1678723394870758,0.7889999747276306,0.3910999894142151
YDL150W,YOR212W,0,-5.265476,0.16783663630485535,0.7889999747276306,0.3912000060081482
YCL016C,YDR359C,0,-5.2657933,0.1678009331226349,0.7889999747276306,0.3912999927997589
YEL016C,YLR059C,0,-5.2659597,0.16776525974273682,0.7889999747276306,0.391400009393692
YGR262C,YGL078C,0,-5.266357,0.16772958636283875,0.7889999747276306,0.39149999618530273
YKL025C,YLR424W,1,-5.266753,0.1679064780473709,0.7900000214576721,0.39149999618530273
YPR138C,YFR052W,0,-5.2669373,0.16787080466747284,0.7900000214576721,0.39160001277923584
YLR157C,YBR105C,0,-5.267232,0.16783514618873596,0.7900000214576721,0.39169999957084656
YNL020C,YDR040C,0,-5.2677083,0.16779948770999908,0.7900000214576721,0.3917999863624573
YNL147W,YAL043C,1,-5.2677884,0.16797621548175812,0.7910000085830688,0.3917999863624573
YLR006C,YCL074W,0,-5.267934,0.16794055700302124,0.7910000085830688,0.3919000029563904
YCL004W,YLR417W,0,-5.268361,0.16790489852428436,0.7910000085830688,0.3919999897480011
YOR241W,YOL031C,0,-5.268897,0.16786926984786987,0.7910000085830688,0.3921000063419342
YOR039W,YER028C,0,-5.2694597,0.16783365607261658,0.7910000085830688,0.3921999931335449
YDR456W,YML127W,0,-5.2699637,0.16779804229736328,0.7910000085830688,0.392300009727478
YDR318W,YBL033C,0,-5.270261,0.16776245832443237,0.7910000085830688,0.39239999651908875
YNL328C,YHR034C,0,-5.270761,0.16772688925266266,0.7910000085830688,0.39250001311302185
YMR201C,YDR202C,0,-5.271302,0.16769133508205414,0.7910000085830688,0.39259999990463257
YGL247W,YBR177C,0,-5.2720623,0.16765578091144562,0.7910000085830688,0.3926999866962433
YKL005C,YDR328C,0,-5.2720695,0.16762025654315948,0.7910000085830688,0.3928000032901764
YCR048W,YBR172C,0,-5.2721863,0.16758474707603455,0.7910000085830688,0.3928999900817871
YER068W,YAL043C,1,-5.272584,0.16776107251644135,0.7919999957084656,0.3928999900817871
YLL018C-A,YOR287C,0,-5.272653,0.16772553324699402,0.7919999957084656,0.3930000066757202
YOR079C,YNL241C,0,-5.2731495,0.16769002377986908,0.7919999957084656,0.39309999346733093
YMR119W,YFL021W,0,-5.275144,0.16765452921390533,0.7919999957084656,0.39320001006126404
YOR099W,YGL175C,0,-5.2757487,0.16761904954910278,0.7919999957084656,0.39329999685287476
YBR038W,YKL080W,0,-5.2759295,0.16758358478546143,0.7919999957084656,0.39340001344680786
YLR355C,YGR181W,0,-5.2761345,0.16754813492298126,0.7919999957084656,0.3935000002384186
YML062C,YIR041W,0,-5.2763076,0.1675126850605011,0.7919999957084656,0.3935999870300293
YPL106C,YIL129C,0,-5.276516,0.16747726500034332,0.7919999957084656,0.3937000036239624
YNL027W,YLR008C,0,-5.277153,0.16744185984134674,0.7919999957084656,0.3937999904155731
YNL136W,YML039W,0,-5.2773724,0.16740646958351135,0.7919999957084656,0.3939000070095062
YPL096C-A,YNL074C,0,-5.277645,0.16737109422683716,0.7919999957084656,0.39399999380111694
YMR073C,YIL106W,0,-5.277807,0.16733573377132416,0.7919999957084656,0.39410001039505005
YIL142W,YFL013C,0,-5.2781487,0.16730037331581116,0.7919999957084656,0.39419999718666077
YPL096C-A,YHL009C,0,-5.2783995,0.16726504266262054,0.7919999957084656,0.39430001378059387
YOR002W,YCR038C,0,-5.2787633,0.16722972691059113,0.7919999957084656,0.3944000005722046
YGL016W,YDR460W,0,-5.27938,0.1671944260597229,0.7919999957084656,0.3944999873638153
YDR207C,YNL044W,0,-5.2794046,0.16715914011001587,0.7919999957084656,0.3946000039577484
YFL010W-A,YGL124C,0,-5.2795877,0.16712386906147003,0.7919999957084656,0.39469999074935913
YOR249C,YMR232W,0,-5.27993,0.1670886129140854,0.7919999957084656,0.39480000734329224
YPL210C,YKL166C,0,-5.2806997,0.16705337166786194,0.7919999957084656,0.39489999413490295
YCL014W,YOR209C,0,-5.280849,0.1670181304216385,0.7919999957084656,0.39500001072883606
YER068W,YAL032C,1,-5.2808948,0.16719375550746918,0.7929999828338623,0.39500001072883606
YNL008C,YOR330C,0,-5.2810106,0.16715851426124573,0.7929999828338623,0.3950999975204468
YGR132C,YOR149C,0,-5.281403,0.16712328791618347,0.7929999828338623,0.3952000141143799
YNL014W,YML058W-A,0,-5.2814627,0.1670880764722824,0.7929999828338623,0.3953000009059906
YDR098C,YJL010C,0,-5.28256,0.16705287992954254,0.7929999828338623,0.3953999876976013
YDR289C,YDR086C,0,-5.282584,0.16701769828796387,0.7929999828338623,0.3955000042915344
YPL100W,YPR134W,0,-5.282633,0.1669825166463852,0.7929999828338623,0.39559999108314514
YGL219C,YDL058W,0,-5.282728,0.1669473648071289,0.7929999828338623,0.39570000767707825
YDR318W,YJR086W,0,-5.2828217,0.1669122278690338,0.7929999828338623,0.39579999446868896
YOL130W,YNR023W,0,-5.2830663,0.16687710583209991,0.7929999828338623,0.39590001106262207
YER114C,YCR084C,0,-5.2840457,0.1668419986963272,0.7929999828338623,0.3959999978542328
YGR284C,YHR203C,0,-5.284444,0.1668069064617157,0.7929999828338623,0.3961000144481659
YGR059W,YOR344C,0,-5.2854943,0.1667718142271042,0.7929999828338623,0.3962000012397766
YNL136W,YNR026C,0,-5.2855377,0.16673675179481506,0.7929999828338623,0.39629998803138733
YJR150C,YBL050W,0,-5.285661,0.16670170426368713,0.7929999828338623,0.39640000462532043
YDR163W,YER032W,1,-5.2860885,0.16687683761119843,0.7940000295639038,0.39640000462532043
YMR150C,YBL105C,0,-5.286587,0.1668417751789093,0.7940000295639038,0.39649999141693115
YKL101W,YOL038W,0,-5.286601,0.16680672764778137,0.7940000295639038,0.39660000801086426
YKR095W,YLL061W,0,-5.286666,0.16677168011665344,0.7940000295639038,0.396699994802475
YJL021C,YOR171C,0,-5.2867117,0.1667366623878479,0.7940000295639038,0.3968000113964081
YPR200C,YLR078C,0,-5.2870555,0.16670165956020355,0.7940000295639038,0.3968999981880188
YJL194W,YOR008C-A,0,-5.287471,0.1666666716337204,0.7940000295639038,0.3970000147819519
YDL200C,YML039W,0,-5.287711,0.16663168370723724,0.7940000295639038,0.3971000015735626
YOL045W,YAR009C,0,-5.2878995,0.16659672558307648,0.7940000295639038,0.39719998836517334
YCL026C-A,YGR268C,0,-5.288416,0.1665617823600769,0.7940000295639038,0.39730000495910645
YDR524C,YMR029C,0,-5.288683,0.16652683913707733,0.7940000295639038,0.39739999175071716
YLR116W,YBR152W,1,-5.2893944,0.16670161485671997,0.7950000166893005,0.39739999175071716
YDL013W,YBR083W,0,-5.289489,0.1666666716337204,0.7950000166893005,0.39750000834465027
YLR127C,YDR337W,0,-5.289693,0.16663172841072083,0.7950000166893005,0.397599995136261
YBR240C,YOR008C-A,0,-5.290887,0.16659681499004364,0.7950000166893005,0.3977000117301941
YLR381W,YHR160C,0,-5.290988,0.16656191647052765,0.7950000166893005,0.3977999985218048
YPL059W,YCL005W-A,0,-5.290988,0.16652701795101166,0.7950000166893005,0.3978999853134155
YLR377C,YPL060W,0,-5.291136,0.16649214923381805,0.7950000166893005,0.39800000190734863
YGR041W,YGL004C,0,-5.291234,0.16645728051662445,0.7950000166893005,0.39809998869895935
YNL061W,YAR008W,0,-5.291924,0.16642244160175323,0.7950000166893005,0.39820000529289246
YJR139C,YLR467W,0,-5.291971,0.16638760268688202,0.7950000166893005,0.3982999920845032
YER068W,YGL030W,1,-5.2919855,0.1665620356798172,0.7960000038146973,0.3982999920845032
YMR029C,YJR045C,0,-5.2920675,0.16652719676494598,0.7960000038146973,0.3984000086784363
YGL016W,YMR089C,0,-5.2927523,0.16649237275123596,0.7960000038146973,0.398499995470047
YMR214W,YOL113W,0,-5.293357,0.16645754873752594,0.7960000038146973,0.3986000120639801
YMR079W,YDR359C,0,-5.2937098,0.1664227545261383,0.7960000038146973,0.3986999988555908
YML073C,YCR102C,0,-5.2947664,0.16638796031475067,0.7960000038146973,0.39879998564720154
YNL323W,YKL034W,0,-5.295327,0.16635318100452423,0.7960000038146973,0.39890000224113464
YHR167W,YIR018W,0,-5.295332,0.16631843149662018,0.7960000038146973,0.39899998903274536
YKR095W-A,YDR310C,0,-5.2962074,0.16628368198871613,0.7960000038146973,0.39910000562667847
YBR038W,YGR010W,0,-5.296233,0.16624896228313446,0.7960000038146973,0.3991999924182892
YGL178W,YOR210W,0,-5.2963266,0.1662142425775528,0.7960000038146973,0.3993000090122223
YBL026W,YDL087C,1,-5.296697,0.16638830304145813,0.796999990940094,0.3993000090122223
YGR262C,YFL021W,0,-5.2968683,0.16635358333587646,0.796999990940094,0.399399995803833
YNR075W,YJL184W,0,-5.296963,0.1663188636302948,0.796999990940094,0.3995000123977661
YJL207C,YIL008W,0,-5.2970824,0.16628415882587433,0.796999990940094,0.39959999918937683
YER088C,YDR208W,0,-5.297392,0.16624948382377625,0.796999990940094,0.39969998598098755
YML129C,YMR270C,0,-5.2974195,0.16621480882167816,0.796999990940094,0.39980000257492065
YPL100W,YHR061C,0,-5.2977576,0.16618014872074127,0.796999990940094,0.39989998936653137
YCR038C,YAR009C,0,-5.29783,0.16614550352096558,0.796999990940094,0.4000000059604645
YBR234C,YJR028W,0,-5.2980447,0.16611087322235107,0.796999990940094,0.4000999927520752
YPR200C,YGR132C,0,-5.2981787,0.16607627272605896,0.796999990940094,0.4002000093460083
YDL195W,YPL163C,0,-5.2983766,0.16604167222976685,0.796999990940094,0.400299996137619
YGL105W,YEL027W,0,-5.298541,0.16600708663463593,0.796999990940094,0.4004000127315521
YBR155W,YJR102C,0,-5.2986846,0.1659725159406662,0.796999990940094,0.40049999952316284
YDR207C,YKL080W,0,-5.2988296,0.16593796014785767,0.796999990940094,0.40059998631477356
YJR083C,YCR028C,0,-5.2989693,0.16590341925621033,0.796999990940094,0.40070000290870667
YGR180C,YHR041C,0,-5.2992983,0.16586889326572418,0.796999990940094,0.4007999897003174
YMR069W,YPL268W,0,-5.2994533,0.16583436727523804,0.796999990940094,0.4009000062942505
YDL197C,YAR009C,0,-5.299715,0.16579987108707428,0.796999990940094,0.4009999930858612
YGR192C,YBR127C,0,-5.2998066,0.16576538980007172,0.796999990940094,0.4011000096797943
YKL139W,YNL210W,1,-5.299858,0.1659388691186905,0.7979999780654907,0.4011000096797943
YKR008W,YML039W,0,-5.300478,0.16590437293052673,0.7979999780654907,0.40119999647140503
YJL184W,YGR229C,0,-5.3013544,0.16586987674236298,0.7979999780654907,0.40130001306533813
YBR177C,YDL109C,0,-5.3014627,0.1658354103565216,0.7979999780654907,0.40139999985694885
YPR052C,YKL056C,0,-5.3019166,0.16580095887184143,0.7979999780654907,0.40149998664855957
YHR005C,YPL146C,0,-5.3019953,0.16576650738716125,0.7979999780654907,0.4016000032424927
YLR160C,YBL058W,0,-5.302087,0.16573208570480347,0.7979999780654907,0.4016999900341034
YPL059W,YNL131W,0,-5.302272,0.16569767892360687,0.7979999780654907,0.4018000066280365
YJR083C,YDL145C,0,-5.3022747,0.16566327214241028,0.7979999780654907,0.4018999934196472
YDR098C,YNR023W,0,-5.3024445,0.16562889516353607,0.7979999780654907,0.4020000100135803
YGR239C,YMR270C,0,-5.3025575,0.16559451818466187,0.7979999780654907,0.40209999680519104
YDR276C,YLR417W,0,-5.3027244,0.16556017100811005,0.7979999780654907,0.40220001339912415
YDR174W,YFR024C,0,-5.30286,0.16552582383155823,0.7979999780654907,0.40230000019073486
YNL148C,YER179W,0,-5.303162,0.1654914915561676,0.7979999780654907,0.4023999869823456
YLR166C,YDL109C,0,-5.3033013,0.16545718908309937,0.7979999780654907,0.4025000035762787
YNL030W,YPR046W,0,-5.303382,0.16542288661003113,0.7979999780654907,0.4025999903678894
YIL142W,YDR397C,0,-5.30381,0.16538859903812408,0.7979999780654907,0.4027000069618225
YOL130W,YBR073W,0,-5.3039756,0.16535432636737823,0.7979999780654907,0.4027999937534332
YCR107W,YPR165W,0,-5.3041496,0.16532006859779358,0.7979999780654907,0.40290001034736633
YJL065C,YML080W,0,-5.304239,0.16528582572937012,0.7979999780654907,0.40299999713897705
YLR116W,YKL025C,1,-5.304268,0.16545869410037994,0.7990000247955322,0.40299999713897705
YNL210W,YIL061C,1,-5.3043795,0.1656314730644226,0.800000011920929,0.40299999713897705
YKL025C,YML049C,1,-5.304467,0.1658041775226593,0.8009999990463257,0.40299999713897705
YOR319W,YNL210W,1,-5.3045073,0.16597682237625122,0.8019999861717224,0.40299999713897705
YPR104C,YML055W,0,-5.304839,0.1659424751996994,0.8019999861717224,0.40310001373291016
YPL190C,YDR388W,0,-5.3052034,0.16590815782546997,0.8019999861717224,0.4032000005245209
YCL027W,YDR083W,0,-5.305248,0.16587384045124054,0.8019999861717224,0.4032999873161316
YBR192W,YGR111W,0,-5.3060436,0.1658395379781723,0.8019999861717224,0.4034000039100647
YMR029C,YLR135W,0,-5.3063164,0.16580525040626526,0.8019999861717224,0.4034999907016754
YER073W,YGL003C,0,-5.3066254,0.1657709777355194,0.8019999861717224,0.4036000072956085
YFL003C,YGR202C,0,-5.3070397,0.16573671996593475,0.8019999861717224,0.40369999408721924
YOR239W,YFL048C,0,-5.307473,0.1657024770975113,0.8019999861717224,0.40380001068115234
YKL021C,YMR225C,0,-5.307619,0.16566824913024902,0.8019999861717224,0.40389999747276306
YDL135C,YOR307C,0,-5.3076506,0.16563403606414795,0.8019999861717224,0.40400001406669617
YBL026W,YPR094W,1,-5.308967,0.16580632328987122,0.8029999732971191,0.40400001406669617
YPL021W,YDR180W,0,-5.3091345,0.16577209532260895,0.8029999732971191,0.4041000008583069
YCR028C,YDR131C,0,-5.3092847,0.16573786735534668,0.8029999732971191,0.4041999876499176
YAL043C,YOR148C,1,-5.309285,0.1659100353717804,0.8040000200271606,0.4041999876499176
YNL061W,YNL044W,0,-5.3095098,0.16587579250335693,0.8040000200271606,0.4043000042438507
YCR107W,YBR159W,0,-5.3095136,0.16584157943725586,0.8040000200271606,0.4043999910354614
YLR157C,YLR346C,0,-5.3098583,0.16580738127231598,0.8040000200271606,0.40450000762939453
YPR001W,YPL242C,0,-5.310134,0.1657731980085373,0.8040000200271606,0.40459999442100525
YNL039W,YPL211W,0,-5.3104973,0.1657390296459198,0.8040000200271606,0.40470001101493835
YGR227W,YBR008C,0,-5.3107014,0.1657048612833023,0.8040000200271606,0.4047999978065491
YDL142C,YIL112W,0,-5.3107176,0.1656707227230072,0.8040000200271606,0.4049000144004822
YOL077W-A,YPL082C,0,-5.310836,0.1656365841627121,0.8040000200271606,0.4050000011920929
YML092C,YCR102C,0,-5.3116326,0.16560247540473938,0.8040000200271606,0.4050999879837036
YGL256W,YOL129W,0,-5.311722,0.16556836664676666,0.8040000200271606,0.4052000045776367
YGL068W,YJR086W,0,-5.312209,0.16553428769111633,0.8040000200271606,0.40529999136924744
YGL226C-A,YOL045W,0,-5.312358,0.165500208735466,0.8040000200271606,0.40540000796318054
YMR232W,YDR363W-A,0,-5.3127575,0.16546614468097687,0.8040000200271606,0.40549999475479126
YHL040C,YDR308C,0,-5.3132253,0.16543209552764893,0.8040000200271606,0.40560001134872437
YLR007W,YOR217W,0,-5.313363,0.16539806127548218,0.8040000200271606,0.4056999981403351
YFL029C,YGR111W,0,-5.31361,0.16536404192447662,0.8040000200271606,0.4058000147342682
YDR498C,YJR027W,0,-5.31459,0.16533003747463226,0.8040000200271606,0.4059000015258789
YMR011W,YHR119W,0,-5.314889,0.1652960479259491,0.8040000200271606,0.4059999883174896
YGR202C,YMR175W,0,-5.3155713,0.16526207327842712,0.8040000200271606,0.40610000491142273
YDL232W,YDL170W,0,-5.3156033,0.16522811353206635,0.8040000200271606,0.40619999170303345
YKL055C,YPL234C,0,-5.3159237,0.16519416868686676,0.8040000200271606,0.40630000829696655
YGL003C,YDR498C,0,-5.316051,0.16516022384166718,0.8040000200271606,0.40639999508857727
YBR201W,YMR026C,0,-5.316837,0.16512630879878998,0.8040000200271606,0.4065000116825104
YMR263W,YLL056C,0,-5.316988,0.16509240865707397,0.8040000200271606,0.4065999984741211
YMR183C,YDR325W,0,-5.317251,0.16505850851535797,0.8040000200271606,0.4066999852657318
YLR215C,YDR341C,0,-5.3175173,0.16502462327480316,0.8040000200271606,0.4068000018596649
YOR037W,YFL041W,0,-5.3175225,0.16499076783657074,0.8040000200271606,0.40689998865127563
YOR149C,YER138C,0,-5.3176346,0.16495691239833832,0.8040000200271606,0.40700000524520874
YLR242C,YPR001W,0,-5.3178625,0.1649230718612671,0.8040000200271606,0.40709999203681946
YNL008C,YML023C,0,-5.317875,0.16488924622535706,0.8040000200271606,0.40720000863075256
YFL016C,YBR256C,0,-5.3183117,0.1648554503917694,0.8040000200271606,0.4072999954223633
YGR224W,YOL069W,0,-5.318949,0.16482165455818176,0.8040000200271606,0.4074000120162964
YNL070W,YDL109C,0,-5.319073,0.1647878736257553,0.8040000200271606,0.4074999988079071
YGR261C,YKL088W,0,-5.319235,0.16475409269332886,0.8040000200271606,0.4075999855995178
YAL022C,YNL307C,0,-5.3196974,0.1647203415632248,0.8040000200271606,0.4077000021934509
YOR144C,YOL142W,0,-5.320017,0.16468660533428192,0.8040000200271606,0.40779998898506165
YGL053W,YJR028W,0,-5.3203526,0.16465288400650024,0.8040000200271606,0.40790000557899475
YGR224W,YLR166C,0,-5.320713,0.16461916267871857,0.8040000200271606,0.40799999237060547
YDR309C,YLR329W,0,-5.320731,0.16458547115325928,0.8040000200271606,0.4081000089645386
YGR033C,YER138C,0,-5.320792,0.1645517796278,0.8040000200271606,0.4081999957561493
YDL117W,YNL131W,0,-5.320985,0.1645181030035019,0.8040000200271606,0.4083000123500824
YPR095C,YMR197C,0,-5.32156,0.16448445618152618,0.8040000200271606,0.4083999991416931
YML092C,YPL253C,0,-5.3223786,0.16445080935955048,0.8040000200271606,0.40849998593330383
YJL111W,YLL011W,0,-5.322845,0.16441717743873596,0.8040000200271606,0.40860000252723694
YPL018W,YBL061C,0,-5.3229003,0.16438356041908264,0.8040000200271606,0.40869998931884766
YAL016W,YJR110W,0,-5.3231807,0.16434995830059052,0.8040000200271606,0.40880000591278076
YOR039W,YJL076W,0,-5.3232684,0.16431637108325958,0.8040000200271606,0.4088999927043915
YKL139W,YFR005C,1,-5.323472,0.16448712348937988,0.8050000071525574,0.4088999927043915
YJL203W,YBR152W,1,-5.323736,0.1646578162908554,0.8059999942779541,0.4088999927043915
YGL105W,YPR104C,0,-5.323904,0.1646241843700409,0.8059999942779541,0.4090000092983246
YML047C,YCR080W,0,-5.3240585,0.16459056735038757,0.8059999942779541,0.4090999960899353
YOR123C,YGR111W,0,-5.3245945,0.16455696523189545,0.8059999942779541,0.4092000126838684
YOR099W,YKL212W,0,-5.3247633,0.16452337801456451,0.8059999942779541,0.4092999994754791
YOR349W,YEL037C,0,-5.325073,0.16448979079723358,0.8059999942779541,0.40939998626708984
YDR098C,YLR455W,0,-5.325697,0.16445623338222504,0.8059999942779541,0.40950000286102295
YNL280C,YMR214W,0,-5.3258524,0.16442269086837769,0.8059999942779541,0.40959998965263367
YOR217W,YPL208W,0,-5.326384,0.16438914835453033,0.8059999942779541,0.4097000062465668
YGR230W,YOR322C,0,-5.3263903,0.16435562074184418,0.8059999942779541,0.4097999930381775
YMR069W,YOR346W,0,-5.3264947,0.1643221229314804,0.8059999942779541,0.4099000096321106
YPL043W,YOR088W,0,-5.326688,0.16428862512111664,0.8059999942779541,0.4099999964237213
YJR131W,YGL092W,0,-5.3271694,0.16425514221191406,0.8059999942779541,0.4101000130176544
YOL126C,YJL129C,0,-5.327489,0.16422167420387268,0.8059999942779541,0.41019999980926514
YJL111W,YIL063C,0,-5.328179,0.1641882210969925,0.8059999942779541,0.41029998660087585
YJL111W,YJR028W,0,-5.328536,0.1641547828912735,0.8059999942779541,0.41040000319480896
YLR215C,YOL038W,0,-5.328658,0.1641213595867157,0.8059999942779541,0.4104999899864197
YKL101W,YJL128C,0,-5.3288026,0.1640879511833191,0.8059999942779541,0.4106000065803528
YDL232W,YHR138C,0,-5.3289027,0.16405454277992249,0.8059999942779541,0.4106999933719635
YJR086W,YOR088W,0,-5.3290963,0.16402116417884827,0.8059999942779541,0.4108000099658966
YGR218W,YJL090C,0,-5.329171,0.16398778557777405,0.8059999942779541,0.4108999967575073
YBR186W,YIR022W,0,-5.329346,0.16395443677902222,0.8059999942779541,0.41100001335144043
YLR431C,YDR498C,0,-5.3294873,0.16392108798027039,0.8059999942779541,0.41110000014305115
YCL025C,YDL109C,0,-5.330205,0.16388775408267975,0.8059999942779541,0.41119998693466187
YDR301W,YJR017C,1,-5.3302507,0.16405773162841797,0.8069999814033508,0.41119998693466187
YOR039W,YDR142C,0,-5.331996,0.16402438282966614,0.8069999814033508,0.41130000352859497
YIL056W,YNR006W,0,-5.332156,0.1639910638332367,0.8069999814033508,0.4113999903202057
YLR157C,YER019W,0,-5.3324018,0.16395774483680725,0.8069999814033508,0.4115000069141388
YJL006C,YMR298W,0,-5.333583,0.163924440741539,0.8069999814033508,0.4115999937057495
YHR175W,YDL006W,0,-5.33441,0.16389115154743195,0.8069999814033508,0.4117000102996826
YOR079C,YPL043W,0,-5.334855,0.1638578623533249,0.8069999814033508,0.41179999709129333
YML113W,YFR024C,0,-5.335628,0.16382460296154022,0.8069999814033508,0.41190001368522644
YBL102W,YOL031C,0,-5.335766,0.16379135847091675,0.8069999814033508,0.41200000047683716
YBR145W,YJL154C,0,-5.335943,0.16375811398029327,0.8069999814033508,0.4120999872684479
YJL194W,YJL208C,0,-5.336023,0.1637248992919922,0.8069999814033508,0.412200003862381
YJL021C,YCL004W,0,-5.3371363,0.1636916846036911,0.8069999814033508,0.4122999906539917
YNL065W,YLR034C,0,-5.337613,0.1636584848165512,0.8069999814033508,0.4124000072479248
YFL057C,YOL133W,0,-5.337844,0.1636252999305725,0.8069999814033508,0.4124999940395355
YIL142W,YCL074W,0,-5.338503,0.163592129945755,0.8069999814033508,0.41260001063346863
YKR007W,YMR091C,0,-5.339408,0.1635589748620987,0.8069999814033508,0.41269999742507935
YDR214W,YBR159W,0,-5.3397784,0.16352583467960358,0.8069999814033508,0.41280001401901245
YAR008W,YML114C,0,-5.339958,0.16349270939826965,0.8069999814033508,0.41290000081062317
YNL280C,YBR192W,0,-5.340004,0.16345958411693573,0.8069999814033508,0.4129999876022339
YFR029W,YNL186W,0,-5.3405714,0.1634264886379242,0.8069999814033508,0.413100004196167
YNR075W,YOR123C,0,-5.3407507,0.16339339315891266,0.8069999814033508,0.4131999909877777
YJL108C,YML098W,0,-5.340844,0.1633603274822235,0.8069999814033508,0.4133000075817108
YGL016W,YMR076C,0,-5.341599,0.16332726180553436,0.8069999814033508,0.41339999437332153
YBR234C,YKL079W,0,-5.3418093,0.1632942110300064,0.8069999814033508,0.41350001096725464
YJR022W,YPR072W,1,-5.341978,0.16346348822116852,0.8080000281333923,0.41350001096725464
YOL049W,YCL054W,0,-5.341998,0.16343042254447937,0.8080000281333923,0.41359999775886536
YFR005C,YDL098C,1,-5.3420105,0.16359959542751312,0.8090000152587891,0.41359999775886536
YML008C,YHR041C,0,-5.3420196,0.16356651484966278,0.8090000152587891,0.41370001435279846
YBL026W,YAL043C,1,-5.342215,0.16373559832572937,0.8100000023841858,0.41370001435279846
YHL040C,YJL184W,0,-5.342436,0.16370250284671783,0.8100000023841858,0.4138000011444092
YHR005C,YAR009C,0,-5.3424664,0.1636694222688675,0.8100000023841858,0.4138999879360199
YDR456W,YHR099W,0,-5.34312,0.16363635659217834,0.8100000023841858,0.414000004529953
YHR167W,YDL170W,0,-5.343601,0.1636033058166504,0.8100000023841858,0.4140999913215637
YML012W,YMR011W,0,-5.3437967,0.16357026994228363,0.8100000023841858,0.4142000079154968
YGL226C-A,YHR006W,0,-5.344245,0.16353724896907806,0.8100000023841858,0.41429999470710754
YLR166C,YKL088W,0,-5.344343,0.1635042428970337,0.8100000023841858,0.41440001130104065
YMR184W,YGR249W,0,-5.344413,0.16347123682498932,0.8100000023841858,0.41449999809265137
YJL111W,YIL070C,0,-5.34453,0.16343826055526733,0.8100000023841858,0.4146000146865845
YPL118W,YOR307C,0,-5.3447742,0.16340528428554535,0.8100000023841858,0.4147000014781952
YLR384C,YDL058W,0,-5.3447742,0.16337232291698456,0.8100000023841858,0.4147999882698059
YJL148W,YCL054W,0,-5.3449764,0.16333937644958496,0.8100000023841858,0.414900004863739
YKL079W,YNL070W,0,-5.345424,0.16330644488334656,0.8100000023841858,0.41499999165534973
YGR222W,YDR131C,0,-5.3454704,0.16327352821826935,0.8100000023841858,0.41510000824928284
YNL065W,YDR345C,0,-5.3454704,0.16324062645435333,0.8100000023841858,0.41519999504089355
YPL026C,YML033W,0,-5.345811,0.1632077395915985,0.8100000023841858,0.41530001163482666
YDL029W,YFR034C,0,-5.345891,0.1631748527288437,0.8100000023841858,0.4153999984264374
YPR057W,YLR147C,1,-5.34629,0.1633433997631073,0.8109999895095825,0.4153999984264374
YIL106W,YGR054W,0,-5.3463964,0.16331051290035248,0.8109999895095825,0.4154999852180481
YBR059C,YDR481C,0,-5.346492,0.16327762603759766,0.8109999895095825,0.4156000018119812
YGL192W,YDL080C,0,-5.346543,0.16324476897716522,0.8109999895095825,0.4156999886035919
YJL207C,YCR009C,0,-5.347481,0.1632119119167328,0.8109999895095825,0.415800005197525
YKL146W,YNL262W,0,-5.3481846,0.16317906975746155,0.8109999895095825,0.41589999198913574
YGR041W,YOL129W,0,-5.3483143,0.1631462424993515,0.8109999895095825,0.41600000858306885
YDL145C,YKR095W,0,-5.348548,0.16311343014240265,0.8109999895095825,0.41609999537467957
YPL101W,YER031C,0,-5.34898,0.163080632686615,0.8109999895095825,0.41620001196861267
YER032W,YER068W,1,-5.3495584,0.16324889659881592,0.8119999766349792,0.41620001196861267
YBR068C,YJR027W,0,-5.349819,0.16321608424186707,0.8119999766349792,0.4162999987602234
YHR181W,YOR287C,0,-5.350355,0.1631832867860794,0.8119999766349792,0.4163999855518341
YNL323W,YBR273C,0,-5.3505373,0.16315048933029175,0.8119999766349792,0.4165000021457672
YDR320C-A,YLR263W,0,-5.351299,0.16311772167682648,0.8119999766349792,0.41659998893737793
YKR095W,YLR135W,0,-5.3516445,0.1630849540233612,0.8119999766349792,0.41670000553131104
YJL006C,YEL016C,0,-5.351872,0.16305221617221832,0.8119999766349792,0.41679999232292175
YGL073W,YIL029C,0,-5.351934,0.16301947832107544,0.8119999766349792,0.41690000891685486
YER114C,YNL288W,0,-5.3522596,0.16298675537109375,0.8119999766349792,0.4169999957084656
YMR052W,YGR059W,0,-5.352437,0.16295404732227325,0.8119999766349792,0.4171000123023987
YIL036W,YMR047C,0,-5.3529058,0.16292135417461395,0.8119999766349792,0.4171999990940094
YIL109C,YOR088W,0,-5.354357,0.16288866102695465,0.8119999766349792,0.4172999858856201
YDR174W,YBL080C,0,-5.354436,0.16285599768161774,0.8119999766349792,0.4174000024795532
YHR200W,YJR027W,0,-5.354613,0.16282333433628082,0.8119999766349792,0.41749998927116394
YDR116C,YOR008C-A,0,-5.355086,0.1627907007932663,0.8119999766349792,0.41760000586509705
YNL328C,YDR393W,0,-5.3551316,0.16275806725025177,0.8119999766349792,0.41769999265670776
YJL128C,YNL154C,0,-5.3552613,0.16272544860839844,0.8119999766349792,0.41780000925064087
YKL160W,YLR262C,0,-5.355471,0.1626928448677063,0.8119999766349792,0.4178999960422516
YNL281W,YGL006W,0,-5.355802,0.16266025602817535,0.8119999766349792,0.4180000126361847
YLR215C,YKL165C,0,-5.3559303,0.1626276820898056,0.8119999766349792,0.4180999994277954
YLR355C,YFR013W,0,-5.356017,0.16259510815143585,0.8119999766349792,0.41819998621940613
YKL005C,YPL239W,0,-5.356017,0.1625625640153885,0.8119999766349792,0.41830000281333923
YNL147W,YKL018W,1,-5.3560615,0.16273018717765808,0.8130000233650208,0.41830000281333923
YNL039W,YLR248W,0,-5.3560677,0.16269761323928833,0.8130000233650208,0.41839998960494995
YGR097W,YIL106W,0,-5.3562765,0.16266506910324097,0.8130000233650208,0.41850000619888306
YLR133W,YLR195C,0,-5.3568606,0.1626325249671936,0.8130000233650208,0.4185999929904938
YPR070W,YGR014W,0,-5.3568764,0.16259999573230743,0.8130000233650208,0.4187000095844269
YFL009W,YER089C,0,-5.357416,0.16256748139858246,0.8130000233650208,0.4187999963760376
YJR017C,YGL030W,1,-5.3579793,0.16273491084575653,0.8140000104904175,0.4187999963760376
YPR046W,YDR335W,0,-5.358207,0.16270238161087036,0.8140000104904175,0.4189000129699707
YPR057W,YMR216C,1,-5.358881,0.16286970674991608,0.8149999976158142,0.4189000129699707
YNL311C,YBR273C,0,-5.359705,0.1628371626138687,0.8149999976158142,0.4189999997615814
YGL065C,YCL075W,0,-5.35974,0.16280463337898254,0.8149999976158142,0.41909998655319214
YDL128W,YKL088W,0,-5.3598175,0.16277211904525757,0.8149999976158142,0.41920000314712524
YLR384C,YMR021C,0,-5.36001,0.1627396196126938,0.8149999976158142,0.41929998993873596
YPR065W,YNR026C,0,-5.3601556,0.16270712018013,0.8149999976158142,0.41940000653266907
YDL014W,YDL217C,0,-5.3602915,0.1626746505498886,0.8149999976158142,0.4194999933242798
YOR031W,YNL328C,0,-5.360609,0.16264218091964722,0.8149999976158142,0.4196000099182129
YHL040C,YKR095W-A,0,-5.3606415,0.1626097410917282,0.8149999976158142,0.4196999967098236
YOL122C,YDL128W,0,-5.3609467,0.1625773012638092,0.8149999976158142,0.4198000133037567
YJR091C,YMR296C,0,-5.361029,0.1625448763370514,0.8149999976158142,0.41990000009536743
YOR079C,YDR456W,0,-5.3610506,0.16251246631145477,0.8149999976158142,0.41999998688697815
YGL151W,YML098W,0,-5.3611794,0.16248007118701935,0.8149999976158142,0.42010000348091125
YMR079W,YEL051W,0,-5.3613806,0.16244767606258392,0.8149999976158142,0.420199990272522
YMR076C,YGR222W,0,-5.361454,0.1624153107404709,0.8149999976158142,0.4203000068664551
YDL143W,YKL079W,0,-5.3614683,0.16238294541835785,0.8149999976158142,0.4203999936580658
YOL039W,YDR372C,0,-5.3615,0.162350594997406,0.8149999976158142,0.4205000102519989
YLR127C,YDR059C,0,-5.362015,0.16231825947761536,0.8149999976158142,0.4205999970436096
YOL063C,YOR098C,0,-5.362404,0.1622859388589859,0.8149999976158142,0.4207000136375427
YJR083C,YNL131W,0,-5.363408,0.16225363314151764,0.8149999976158142,0.42080000042915344
YPL234C,YDL058W,0,-5.363844,0.16222134232521057,0.8149999976158142,0.42089998722076416
YBR068C,YGR227W,0,-5.363856,0.1621890515089035,0.8149999976158142,0.42100000381469727
YNR010W,YPR165W,0,-5.364064,0.16215679049491882,0.8149999976158142,0.421099990606308
YPR032W,YCL063W,0,-5.364154,0.16212452948093414,0.8149999976158142,0.4212000072002411
YLL015W,YCL014W,0,-5.365715,0.16209228336811066,0.8149999976158142,0.4212999939918518
YJR145C,YDL235C,0,-5.365779,0.16206005215644836,0.8149999976158142,0.4214000105857849
YOL049W,YLR417W,0,-5.366435,0.16202783584594727,0.8149999976158142,0.42149999737739563
YDL143W,YGL172W,0,-5.366485,0.16199563443660736,0.8149999976158142,0.42160001397132874
YGL122C,YGL030W,1,-5.366843,0.1621621549129486,0.8159999847412109,0.42160001397132874
YDL088C,YML120C,0,-5.3668523,0.1621299386024475,0.8159999847412109,0.42170000076293945
YHR034C,YFL036W,0,-5.3673964,0.1620977371931076,0.8159999847412109,0.42179998755455017
YJR093C,YER032W,1,-5.3681583,0.1622641533613205,0.8169999718666077,0.42179998755455017
YOL049W,YBR192W,0,-5.3688693,0.1622319370508194,0.8169999718666077,0.4219000041484833
YLR116W,YOR159C,1,-5.368891,0.16239824891090393,0.8180000185966492,0.4219000041484833
YER075C,YNL167C,0,-5.3692956,0.16236601769924164,0.8180000185966492,0.421999990940094
YNL061W,YDL135C,0,-5.369566,0.16233380138874054,0.8180000185966492,0.4221000075340271
YKL055C,YCR083W,0,-5.3695917,0.16230158507823944,0.8180000185966492,0.4221999943256378
YFL013C,YHR138C,0,-5.3697824,0.16226938366889954,0.8180000185966492,0.4223000109195709
YNL084C,YIL119C,0,-5.370218,0.16223721206188202,0.8180000185966492,0.42239999771118164
YIL053W,YKL166C,0,-5.3702493,0.1622050404548645,0.8180000185966492,0.42250001430511475
YGR230W,YOL013C,0,-5.37148,0.16217288374900818,0.8180000185966492,0.42260000109672546
YDR021W,YOR212W,0,-5.3722887,0.16214072704315186,0.8180000185966492,0.4226999878883362
YPR200C,YDR174W,0,-5.372305,0.16210860013961792,0.8180000185966492,0.4228000044822693
YFR034C,YMR263W,0,-5.372669,0.16207648813724518,0.8180000185966492,0.42289999127388
YBL026W,YFR005C,1,-5.3729467,0.16224247217178345,0.8190000057220459,0.42289999127388
YHR200W,YDR341C,0,-5.373001,0.1622103452682495,0.8190000057220459,0.4230000078678131
YER068W,YGR129W,1,-5.373657,0.16237623989582062,0.8199999928474426,0.4230000078678131
YNL070W,YCL074W,0,-5.3740683,0.1623440831899643,0.8199999928474426,0.42309999465942383
YLL015W,YGR024C,0,-5.374409,0.16231195628643036,0.8199999928474426,0.42320001125335693
YPR002W,YPL239W,0,-5.374996,0.16227982938289642,0.8199999928474426,0.42329999804496765
YDR298C,YGL151W,0,-5.375368,0.16224771738052368,0.8199999928474426,0.42340001463890076
YNL061W,YDL128W,0,-5.375758,0.16221563518047333,0.8199999928474426,0.4235000014305115
YBR160W,YLR262C,0,-5.3758106,0.16218353807926178,0.8199999928474426,0.4235999882221222
YGL105W,YBR160W,0,-5.3760056,0.16215147078037262,0.8199999928474426,0.4237000048160553
YNR075W,YNL074C,0,-5.3760962,0.16211941838264465,0.8199999928474426,0.423799991607666
YLR384C,YIR022W,0,-5.376259,0.1620873659849167,0.8199999928474426,0.4239000082015991
YOR144C,YPL268W,0,-5.3764734,0.1620553433895111,0.8199999928474426,0.42399999499320984
YOR260W,YGL171W,0,-5.3766804,0.16202332079410553,0.8199999928474426,0.42410001158714294
YJR017C,YJL203W,1,-5.37689,0.16218885779380798,0.8209999799728394,0.42410001158714294
YML012W,YDL140C,0,-5.377166,0.1621568202972412,0.8209999799728394,0.42419999837875366
YFL057C,YFL041W,0,-5.377673,0.16212479770183563,0.8209999799728394,0.4242999851703644
YJR070C,YCR060W,0,-5.377863,0.16209279000759125,0.8209999799728394,0.4244000017642975
YNL186W,YEL004W,0,-5.3780766,0.16206079721450806,0.8209999799728394,0.4244999885559082
YLR135W,YML033W,0,-5.3783274,0.16202881932258606,0.8209999799728394,0.4246000051498413
YKL208W,YKL025C,1,-5.378522,0.162194162607193,0.8220000267028809,0.4246000051498413
YLR116W,YPR072W,1,-5.378622,0.16235944628715515,0.8230000138282776,0.4246000051498413
YNL065W,YMR298W,0,-5.3795195,0.16232740879058838,0.8230000138282776,0.424699991941452
YBL032W,YHR158C,0,-5.3796964,0.162295401096344,0.8230000138282776,0.42480000853538513
YPL188W,YLR026C,0,-5.3797836,0.1622634083032608,0.8230000138282776,0.42489999532699585
YOL031C,YER005W,0,-5.3804636,0.1622314155101776,0.8230000138282776,0.42500001192092896
YJL021C,YDR086C,0,-5.380685,0.1621994525194168,0.8230000138282776,0.4250999987125397
YBR068C,YCR102C,0,-5.380706,0.162167489528656,0.8230000138282776,0.4251999855041504
YBR218C,YBR105C,0,-5.3807697,0.1621355414390564,0.8230000138282776,0.4253000020980835
YBR201W,YMR284W,0,-5.3836074,0.16210360825061798,0.8230000138282776,0.4253999888896942
YDL117W,YJL133W,0,-5.384068,0.16207167506217957,0.8230000138282776,0.4255000054836273
YPL153C,YKR079C,0,-5.3841248,0.16203977167606354,0.8230000138282776,0.42559999227523804
YMR109W,YML014W,0,-5.3842487,0.1620078682899475,0.8230000138282776,0.42570000886917114
YPL269W,YOL113W,0,-5.3847466,0.16197599470615387,0.8230000138282776,0.42579999566078186
YNL282W,YOR159C,1,-5.3848786,0.162140890955925,0.8240000009536743,0.42579999566078186
YGL035C,YBL102W,0,-5.385372,0.16210898756980896,0.8240000009536743,0.42590001225471497
YNL061W,YPL192C,0,-5.3855815,0.16207709908485413,0.8240000009536743,0.4259999990463257
YDR040C,YHR012W,0,-5.3856173,0.16204522550106049,0.8240000009536743,0.4260999858379364
YJL072C,YBL058W,0,-5.385969,0.16201336681842804,0.8240000009536743,0.4262000024318695
YFR028C,YKL160W,0,-5.386034,0.1619815230369568,0.8240000009536743,0.4262999892234802
YPL096C-A,YPR095C,0,-5.3862777,0.16194967925548553,0.8240000009536743,0.42640000581741333
YML055W,YNL070W,0,-5.3865347,0.16191786527633667,0.8240000009536743,0.42649999260902405
YHR023W,YOL031C,0,-5.386551,0.1618860512971878,0.8240000009536743,0.42660000920295715
YNL020C,YIL022W,0,-5.386638,0.16185425221920013,0.8240000009536743,0.42669999599456787
YGR262C,YCL019W,0,-5.3867054,0.16182246804237366,0.8240000009536743,0.426800012588501
YDR098C,YKR008W,0,-5.386731,0.16179069876670837,0.8240000009536743,0.4268999993801117
YKR059W,YOL105C,0,-5.386948,0.1617589294910431,0.8240000009536743,0.4269999861717224
YIL142W,YOR144C,0,-5.387182,0.1617271900177002,0.8240000009536743,0.4271000027656555
YGL142C,YDR180W,0,-5.387248,0.1616954505443573,0.8240000009536743,0.42719998955726624
YPR200C,YDR277C,0,-5.3876452,0.1616637259721756,0.8240000009536743,0.42730000615119934
YFL036W,YHR041C,0,-5.3883796,0.1616320163011551,0.8240000009536743,0.42739999294281006
YGR258C,YPR036W,0,-5.388414,0.16160030663013458,0.8240000009536743,0.42750000953674316
YCR044C,YDL042C,0,-5.38858,0.16156862676143646,0.8240000009536743,0.4275999963283539
YOR034C,YLR346C,0,-5.3887362,0.16153694689273834,0.8240000009536743,0.427700012922287
YNL220W,YLR381W,0,-5.3888497,0.1615052968263626,0.8240000009536743,0.4277999997138977
YER044C,YPL208W,0,-5.389131,0.16147364675998688,0.8240000009536743,0.4278999865055084
YJL021C,YOR031W,0,-5.389395,0.16144201159477234,0.8240000009536743,0.42800000309944153
YKL220C,YML131W,0,-5.3896484,0.1614103764295578,0.8240000009536743,0.42809998989105225
YBR233W-A,YPR095C,0,-5.389824,0.16137877106666565,0.8240000009536743,0.42820000648498535
YOR206W,YDR498C,0,-5.3907256,0.1613471657037735,0.8240000009536743,0.42829999327659607
YBL061C,YMR203W,0,-5.3907595,0.16131559014320374,0.8240000009536743,0.4284000098705292
YOL156W,YML047C,0,-5.390793,0.16128401458263397,0.8240000009536743,0.4284999966621399
YOL066C,YFL036W,0,-5.3910656,0.1612524390220642,0.8240000009536743,0.428600013256073
YJL008C,YGL011C,0,-5.391089,0.16122089326381683,0.8240000009536743,0.4287000000476837
YIL142W,YJL208C,0,-5.391322,0.16118936240673065,0.8240000009536743,0.42879998683929443
YDR273W,YJL129C,0,-5.391357,0.16115783154964447,0.8240000009536743,0.42890000343322754
YOL063C,YDR425W,0,-5.391559,0.16112631559371948,0.8240000009536743,0.42899999022483826
YDR460W,YNR006W,0,-5.3923016,0.1610948145389557,0.8240000009536743,0.42910000681877136
YFR024C,YML123C,0,-5.3924494,0.1610633283853531,0.8240000009536743,0.4291999936103821
YGL053W,YHR181W,0,-5.3924723,0.16103185713291168,0.8240000009536743,0.4293000102043152
YDR337W,YLR034C,0,-5.3927493,0.16100038588047028,0.8240000009536743,0.4293999969959259
YFL013C,YDR460W,0,-5.392793,0.16096894443035126,0.8240000009536743,0.429500013589859
YPL110C,YHR194W,0,-5.3934517,0.16093750298023224,0.8240000009536743,0.4296000003814697
YLR127C,YCL074W,0,-5.3936796,0.16090607643127441,0.8240000009536743,0.42969998717308044
YNL148C,YLL061W,0,-5.3939075,0.16087466478347778,0.8240000009536743,0.42980000376701355
YGL171W,YIL063C,0,-5.394162,0.16084325313568115,0.8240000009536743,0.42989999055862427
YJR017C,YDL087C,1,-5.394439,0.16100703179836273,0.824999988079071,0.42989999055862427
YPR188C,YBR087W,0,-5.39487,0.1609756052494049,0.824999988079071,0.4300000071525574
YFL009W,YNL328C,0,-5.3950634,0.16094420850276947,0.824999988079071,0.4300999939441681
YGL190C,YDL150W,0,-5.395603,0.16091281175613403,0.824999988079071,0.4302000105381012
YOR230W,YOR088W,0,-5.396015,0.1608814299106598,0.824999988079071,0.4302999973297119
YCL014W,YDR453C,0,-5.3970914,0.16085006296634674,0.824999988079071,0.430400013923645
YMR162C,YLR455W,0,-5.3972936,0.16081871092319489,0.824999988079071,0.43050000071525574
YKL021C,YOL045W,0,-5.3981404,0.16078737378120422,0.824999988079071,0.43059998750686646
YML058W-A,YOL066C,0,-5.398317,0.16075603663921356,0.824999988079071,0.43070000410079956
YGR003W,YER138C,0,-5.398492,0.1607247292995453,0.824999988079071,0.4307999908924103
YKL056C,YOR008C-A,0,-5.3994226,0.16069342195987701,0.824999988079071,0.4309000074863434
YDL200C,YDL225W,0,-5.3994775,0.16066212952136993,0.824999988079071,0.4309999942779541
YCL004W,YOL121C,0,-5.400346,0.16063083708286285,0.824999988079071,0.4311000108718872
YOR171C,YNL339C,0,-5.4005585,0.16059957444667816,0.824999988079071,0.4311999976634979
YLR135W,YGR059W,0,-5.4010477,0.16056831181049347,0.824999988079071,0.43130001425743103
YBR010W,YMR183C,0,-5.401074,0.16053706407546997,0.824999988079071,0.43140000104904175
YPL208W,YOR106W,0,-5.401813,0.16050583124160767,0.824999988079071,0.43149998784065247
YCL016C,YIL080W,0,-5.401978,0.16047461330890656,0.824999988079071,0.43160000443458557
YER164W,YOR217W,0,-5.4021525,0.16044341027736664,0.824999988079071,0.4316999912261963
YDL126C,YHR174W,0,-5.402297,0.16041220724582672,0.824999988079071,0.4318000078201294
YGL124C,YPR134W,0,-5.402446,0.160381019115448,0.824999988079071,0.4318999946117401
YAL044C,YMR298W,0,-5.402804,0.16034986078739166,0.824999988079071,0.4320000112056732
YOR307C,YDR310C,0,-5.4029183,0.16031868755817413,0.824999988079071,0.43209999799728394
YOR079C,YDR341C,0,-5.4035187,0.160287544131279,0.824999988079071,0.43220001459121704
YGL065C,YDL019C,0,-5.4037213,0.16025641560554504,0.824999988079071,0.43230000138282776
YFR053C,YGR180C,0,-5.404909,0.1602252870798111,0.824999988079071,0.4323999881744385
YDL117W,YFL048C,0,-5.405137,0.16019417345523834,0.824999988079071,0.4325000047683716
YCL027W,YCL019W,0,-5.4053173,0.16016307473182678,0.824999988079071,0.4325999915599823
YMR203W,YCL005W-A,0,-5.405365,0.16013199090957642,0.824999988079071,0.4327000081539154
YKL056C,YER138C,0,-5.4054437,0.16010090708732605,0.824999988079071,0.4327999949455261
YNL281W,YHR161C,0,-5.4055204,0.16006985306739807,0.824999988079071,0.43290001153945923
YPL239W,YOR088W,0,-5.4056864,0.1600387990474701,0.824999988079071,0.43299999833106995
YPR082C,YBR152W,1,-5.405807,0.16020171344280243,0.8259999752044678,0.43299999833106995
YAL042W,YDR388W,0,-5.4061246,0.16017064452171326,0.8259999752044678,0.43309998512268066
YNL164C,YPL211W,0,-5.4061475,0.16013959050178528,0.8259999752044678,0.43320000171661377
YOR160W,YMR079W,0,-5.4072156,0.1601085513830185,0.8259999752044678,0.4332999885082245
YBR218C,YGR181W,0,-5.4082065,0.1600775122642517,0.8259999752044678,0.4334000051021576
YOR099W,YDL138W,0,-5.408311,0.1600465029478073,0.8259999752044678,0.4334999918937683
YBR159W,YPR155C,0,-5.408588,0.16001549363136292,0.8259999752044678,0.4336000084877014
YDL140C,YOR344C,0,-5.4086084,0.1599844992160797,0.8259999752044678,0.43369999527931213
YLR006C,YOR008C-A,0,-5.408778,0.1599535197019577,0.8259999752044678,0.43380001187324524
YEL037C,YJL154C,0,-5.408988,0.1599225550889969,0.8259999752044678,0.43389999866485596
YPL010W,YBR256C,0,-5.4090347,0.15989160537719727,0.8259999752044678,0.4339999854564667
YOR087W,YAR009C,0,-5.4091806,0.15986065566539764,0.8259999752044678,0.4341000020503998
YLR263W,YPR095C,0,-5.4093695,0.15982972085475922,0.8259999752044678,0.4341999888420105
YBR008C,YJR028W,0,-5.4093723,0.15979880094528198,0.8259999752044678,0.4343000054359436
YMR184W,YBL093C,0,-5.4096646,0.15976789593696594,0.8259999752044678,0.4343999922275543
YOR180C,YER005W,0,-5.4099092,0.1597369909286499,0.8259999752044678,0.4345000088214874
YDR359C,YCR102C,0,-5.410272,0.15970611572265625,0.8259999752044678,0.43459999561309814
YAL042W,YJL076W,0,-5.4104524,0.1596752405166626,0.8259999752044678,0.43470001220703125
YKL197C,YKL122C,0,-5.4109397,0.15964438021183014,0.8259999752044678,0.43479999899864197
YJR140C,YJR027W,0,-5.4111905,0.15961351990699768,0.8259999752044678,0.4348999857902527
YLL018C-A,YPL059W,0,-5.4113255,0.1595826894044876,0.8259999752044678,0.4350000023841858
YHR001W-A,YCL005W-A,0,-5.4119606,0.15955185890197754,0.8259999752044678,0.4350999891757965
YKR095W-A,YLR417W,0,-5.4120154,0.15952104330062866,0.8259999752044678,0.4352000057697296
YNL230C,YNL241C,0,-5.412139,0.15949024260044098,0.8259999752044678,0.43529999256134033
YPL118W,YBR172C,0,-5.4122686,0.1594594568014145,0.8259999752044678,0.43540000915527344
YLR157C,YBR240C,0,-5.412281,0.1594286859035492,0.8259999752044678,0.43549999594688416
YBR185C,YML062C,0,-5.4129257,0.1593979150056839,0.8259999752044678,0.43560001254081726
YDR202C,YFL008W,0,-5.4130187,0.1593671590089798,0.8259999752044678,0.435699999332428
YBR008C,YDR485C,0,-5.414459,0.1593364179134369,0.8259999752044678,0.4357999861240387
YBR010W,YMR079W,0,-5.4148264,0.15930569171905518,0.8259999752044678,0.4359000027179718
YGR202C,YHR041C,0,-5.4149294,0.15927496552467346,0.8259999752044678,0.4359999895095825
YLR248W,YOL122C,0,-5.41531,0.15924426913261414,0.8259999752044678,0.4361000061035156
YLR332W,YGR024C,0,-5.4154663,0.1592135727405548,0.8259999752044678,0.43619999289512634
YDL087C,YPR094W,1,-5.4154825,0.1593756079673767,0.8270000219345093,0.43619999289512634
YDL175C,YNL068C,0,-5.4156265,0.1593448966741562,0.8270000219345093,0.43630000948905945
YNL274C,YIL070C,0,-5.415666,0.15931420028209686,0.8270000219345093,0.43639999628067017
YIR005W,YDL087C,1,-5.415756,0.1594761162996292,0.828000009059906,0.43639999628067017
YOR221C,YMR270C,0,-5.4166565,0.1594454050064087,0.828000009059906,0.43650001287460327
YDR386W,YCL019W,0,-5.416666,0.15941470861434937,0.828000009059906,0.436599999666214
YPR200C,YDR345C,0,-5.4167223,0.15938402712345123,0.828000009059906,0.4366999864578247
YPR001W,YDR320C-A,0,-5.4169397,0.1593533456325531,0.828000009059906,0.4368000030517578
YNL088W,YPL239W,0,-5.41695,0.15932267904281616,0.828000009059906,0.43689998984336853
YPL100W,YPL033C,0,-5.41713,0.1592920422554016,0.828000009059906,0.43700000643730164
YKL166C,YER005W,0,-5.417223,0.15926139056682587,0.828000009059906,0.43709999322891235
YER003C,YOR088W,0,-5.417573,0.1592307686805725,0.828000009059906,0.43720000982284546
YLR304C,YHR174W,0,-5.4180546,0.15920014679431915,0.828000009059906,0.4372999966144562
YLR195C,YPR181C,0,-5.418721,0.15916955471038818,0.828000009059906,0.4374000132083893
YGL016W,YDR363W-A,0,-5.4188323,0.15913896262645721,0.828000009059906,0.4375
YJR017C,YPR072W,1,-5.418845,0.1593005359172821,0.8289999961853027,0.4375
YPL208W,YDR180W,0,-5.418851,0.15926992893218994,0.8289999961853027,0.4375999867916107
YPL043W,YER031C,0,-5.4189515,0.15923933684825897,0.8289999961853027,0.4377000033855438
YPL110C,YOR008C-A,0,-5.4192758,0.1592087596654892,0.8289999961853027,0.43779999017715454
YKL018W,YKL095W,1,-5.4193153,0.15937019884586334,0.8299999833106995,0.43779999017715454
YHR119W,YKL086W,0,-5.4196043,0.15933960676193237,0.8299999833106995,0.43790000677108765
YNL053W,YPR134W,0,-5.419901,0.1593090146780014,0.8299999833106995,0.43799999356269836
YPR020W,YFL041W,0,-5.420106,0.15927845239639282,0.8299999833106995,0.43810001015663147
YIL128W,YER089C,0,-5.4201097,0.15924789011478424,0.8299999833106995,0.4381999969482422
YOR307C,YGL098W,0,-5.42018,0.15921734273433685,0.8299999833106995,0.4383000135421753
YKL195W,YDR337W,0,-5.4202304,0.15918681025505066,0.8299999833106995,0.438400000333786
YPL096C-A,YCL027W,0,-5.4208384,0.15915627777576447,0.8299999833106995,0.43849998712539673
YCR038C,YGL195W,0,-5.42099,0.15912576019763947,0.8299999833106995,0.43860000371932983
YPL242C,YDL006W,0,-5.421133,0.15909527242183685,0.8299999833106995,0.43869999051094055
YFL013C,YPL192C,0,-5.4216866,0.15906476974487305,0.8299999833106995,0.43880000710487366
YPL043W,YPR018W,0,-5.42198,0.15903429687023163,0.8299999833106995,0.4388999938964844
YPL091W,YER142C,0,-5.422101,0.1590038239955902,0.8299999833106995,0.4390000104904175
YPL146C,YLR135W,0,-5.4221573,0.15897338092327118,0.8299999833106995,0.4390999972820282
YMR069W,YML114C,0,-5.422189,0.15894293785095215,0.8299999833106995,0.4392000138759613
YKR095W-A,YML092C,0,-5.422537,0.1589125096797943,0.8299999833106995,0.439300000667572
YIL063C,YAR009C,0,-5.422788,0.15888208150863647,0.8299999833106995,0.43939998745918274
YLR048W,YDR207C,0,-5.423085,0.15885166823863983,0.8299999833106995,0.43950000405311584
YBR273C,YCL075W,0,-5.4235516,0.15882128477096558,0.8299999833106995,0.43959999084472656
YHR019C,YPL101W,0,-5.4236345,0.15879088640213013,0.8299999833106995,0.43970000743865967
YKL160W,YPL211W,0,-5.4238935,0.15876051783561707,0.8299999833106995,0.4397999942302704
YOR344C,YAR009C,0,-5.4251056,0.1587301641702652,0.8299999833106995,0.4399000108242035
YPL209C,YGL175C,0,-5.42572,0.15869981050491333,0.8299999833106995,0.4399999976158142
YOR160W,YBR089C-A,0,-5.425805,0.15866947174072266,0.8299999833106995,0.4401000142097473
YBR107C,YOR272W,0,-5.4259157,0.15863914787769318,0.8299999833106995,0.44020000100135803
YLR007W,YGR059W,0,-5.426212,0.1586088240146637,0.8299999833106995,0.44029998779296875
YOR330C,YIL084C,0,-5.42714,0.1585785299539566,0.8299999833106995,0.44040000438690186
YCR080W,YPL210C,0,-5.4271774,0.1585482358932495,0.8299999833106995,0.4404999911785126
YBL058W,YAL009W,0,-5.4276466,0.1585179567337036,0.8299999833106995,0.4406000077724457
YOR249C,YFL048C,0,-5.4280157,0.15848767757415771,0.8299999833106995,0.4406999945640564
YJR083C,YGR054W,0,-5.428896,0.1584574282169342,0.8299999833106995,0.4408000111579895
YDR359C,YDR131C,0,-5.429109,0.1584271788597107,0.8299999833106995,0.4408999979496002
YIL142W,YNL149C,0,-5.429199,0.15839694440364838,0.8299999833106995,0.4410000145435333
YHR116W,YAL044C,0,-5.429584,0.15836672484874725,0.8299999833106995,0.44110000133514404
YGL016W,YDL232W,0,-5.42962,0.15833652019500732,0.8299999833106995,0.44119998812675476
YDR309C,YPL224C,0,-5.429847,0.1583063155412674,0.8299999833106995,0.44130000472068787
YHL036W,YGL226C-A,0,-5.430045,0.15827612578868866,0.8299999833106995,0.4413999915122986
YFL041W,YBR008C,0,-5.4301224,0.15824595093727112,0.8299999833106995,0.4415000081062317
YMR283C,YOL105C,0,-5.4302883,0.15821577608585358,0.8299999833106995,0.4415999948978424
YMR138W,YOR088W,0,-5.430398,0.15818563103675842,0.8299999833106995,0.4417000114917755
YHR187W,YLR059C,0,-5.430405,0.15815548598766327,0.8299999833106995,0.44179999828338623
YGR186W,YNR006W,0,-5.4304333,0.1581253558397293,0.8299999833106995,0.44190001487731934
YBR192W,YGR285C,0,-5.4307,0.15809524059295654,0.8299999833106995,0.44200000166893005
YBR002C,YPL239W,0,-5.4307203,0.15806512534618378,0.8299999833106995,0.44209998846054077
YJL034W,YGL175C,0,-5.4310327,0.1580350399017334,0.8299999833106995,0.4422000050544739
YML055W,YLR417W,0,-5.431182,0.15800495445728302,0.8299999833106995,0.4422999918460846
YLR304C,YOR008C-A,0,-5.4314537,0.15797486901283264,0.8299999833106995,0.4424000084400177
YIR041W,YEL041W,0,-5.431732,0.15794481337070465,0.8299999833106995,0.4424999952316284
YFL041W,YNL053W,0,-5.4317937,0.15791475772857666,0.8299999833106995,0.4426000118255615
YDL232W,YCL054W,0,-5.432602,0.15788473188877106,0.8299999833106995,0.44269999861717224
YJL184W,YBR185C,0,-5.433074,0.15785469114780426,0.8299999833106995,0.44279998540878296
YLR381W,YLR010C,0,-5.433151,0.15782468020915985,0.8299999833106995,0.44290000200271606
YEL027W,YMR047C,0,-5.4334016,0.15779468417167664,0.8299999833106995,0.4429999887943268
YER106W,YDL080C,0,-5.434215,0.15776468813419342,0.8299999833106995,0.4431000053882599
YHR124W,YMR091C,0,-5.4342914,0.1577347069978714,0.8299999833106995,0.4431999921798706
YGL016W,YBR240C,0,-5.4342923,0.15770472586154938,0.8299999833106995,0.4433000087738037
YGR132C,YGR229C,0,-5.435164,0.15767477452754974,0.8299999833106995,0.44339999556541443
YBL016W,YFR024C,0,-5.435934,0.1576448231935501,0.8299999833106995,0.44350001215934753
YOL130W,YGL003C,0,-5.4359856,0.15761488676071167,0.8299999833106995,0.44359999895095825
YML132W,YPL208W,0,-5.4360356,0.15758496522903442,0.8299999833106995,0.44369998574256897
YPR154W,YDR359C,0,-5.436127,0.15755504369735718,0.8299999833106995,0.4438000023365021
YLR384C,YMR203W,0,-5.436164,0.15752515196800232,0.8299999833106995,0.4438999891281128
YPL171C,YMR175W,0,-5.436469,0.15749526023864746,0.8299999833106995,0.4440000057220459
YBR201W,YMR109W,0,-5.4368815,0.1574653834104538,0.8299999833106995,0.4440999925136566
YER032W,YFR005C,1,-5.4371963,0.15762518346309662,0.8309999704360962,0.4440999925136566
YBR278W,YCR083W,0,-5.4373674,0.15759529173374176,0.8309999704360962,0.4442000091075897
YJL208C,YCR044C,0,-5.4375806,0.1575654149055481,0.8309999704360962,0.44429999589920044
YGR268C,YML131W,0,-5.4376755,0.15753553807735443,0.8309999704360962,0.44440001249313354
YGL256W,YER008C,0,-5.4380093,0.15750569105148315,0.8309999704360962,0.44449999928474426
YOR346W,YML093W,0,-5.43833,0.15747584402561188,0.8309999704360962,0.444599986076355
YER167W,YLR008C,0,-5.4384623,0.1574459969997406,0.8309999704360962,0.4447000026702881
YKL195W,YLL056C,0,-5.4385242,0.1574161797761917,0.8309999704360962,0.4447999894618988
YHR061C,YGR202C,0,-5.438602,0.15738636255264282,0.8309999704360962,0.4449000060558319
YBR059C,YMR021C,0,-5.4390163,0.15735656023025513,0.8309999704360962,0.4449999928474426
YKL112W,YGL004C,0,-5.439689,0.15732677280902863,0.8309999704360962,0.44510000944137573
YNL118C,YML032C,0,-5.440009,0.15729698538780212,0.8309999704360962,0.44519999623298645
YBR010W,YIR022W,0,-5.4400735,0.157267227768898,0.8309999704360962,0.44530001282691956
YBR107C,YDR116C,0,-5.4402885,0.1572374701499939,0.8309999704360962,0.4453999996185303
YOR123C,YKL212W,0,-5.441214,0.15720771253108978,0.8309999704360962,0.445499986410141
YGL256W,YBL016W,0,-5.441301,0.15717798471450806,0.8309999704360962,0.4456000030040741
YDR337W,YHR006W,0,-5.441474,0.15714825689792633,0.8309999704360962,0.4456999897956848
YLR219W,YDL058W,0,-5.4416933,0.1571185439825058,0.8309999704360962,0.4458000063896179
YOL069W,YIL008W,0,-5.441734,0.15708884596824646,0.8309999704360962,0.44589999318122864
YHR116W,YDR379W,0,-5.4418173,0.15705916285514832,0.8309999704360962,0.44600000977516174
YKL160W,YDR191W,0,-5.4418244,0.15702947974205017,0.8309999704360962,0.44609999656677246
YBR132C,YER072W,0,-5.4423866,0.15699981153011322,0.8309999704360962,0.44620001316070557
YKL220C,YMR026C,0,-5.4426117,0.15697015821933746,0.8309999704360962,0.4462999999523163
YKL025C,YPR182W,1,-5.4426203,0.15712936222553253,0.8320000171661377,0.4462999999523163
YGL151W,YMR284W,0,-5.44284,0.15709969401359558,0.8320000171661377,0.446399986743927
YDR009W,YOR008C-A,0,-5.4431124,0.15707004070281982,0.8320000171661377,0.4465000033378601
YMR041C,YML039W,0,-5.4431143,0.15704038739204407,0.8320000171661377,0.4465999901294708
YPL242C,YPL188W,0,-5.4431176,0.1570107638835907,0.8320000171661377,0.44670000672340393
YLR127C,YCR083W,0,-5.44337,0.15698112547397614,0.8320000171661377,0.44679999351501465
YDL217C,YKL080W,0,-5.443384,0.15695151686668396,0.8320000171661377,0.44690001010894775
YPR188C,YCL019W,0,-5.4449835,0.15692192316055298,0.8320000171661377,0.44699999690055847
YGR014W,YOR088W,0,-5.445281,0.156892329454422,0.8320000171661377,0.4471000134944916
YFL009W,YBR083W,0,-5.446114,0.1568627506494522,0.8320000171661377,0.4472000002861023
YPL096C-A,YGL073W,0,-5.446353,0.15683317184448242,0.8320000171661377,0.447299987077713
YNL065W,YOR088W,0,-5.446417,0.15680362284183502,0.8320000171661377,0.4474000036716461
YOR239W,YGL003C,0,-5.4468327,0.15677407383918762,0.8320000171661377,0.44749999046325684
YLR081W,YBR073W,0,-5.447217,0.15674453973770142,0.8320000171661377,0.44760000705718994
YKL055C,YKL212W,0,-5.447978,0.1567150056362152,0.8320000171661377,0.44769999384880066
YNL008C,YPL101W,0,-5.4480534,0.1566855013370514,0.8320000171661377,0.44780001044273376
YHR160C,YIL056W,0,-5.448224,0.15665599703788757,0.8320000171661377,0.4478999972343445
YOR037W,YFR031C,0,-5.449041,0.15662650763988495,0.8320000171661377,0.4480000138282776
YIL155C,YPR065W,0,-5.4494305,0.15659703314304352,0.8320000171661377,0.4481000006198883
YLL018C-A,YJR086W,0,-5.449584,0.1565675586462021,0.8320000171661377,0.448199987411499
YGL247W,YPL163C,0,-5.4498615,0.15653809905052185,0.8320000171661377,0.44830000400543213
YGL192W,YKL197C,0,-5.4499693,0.1565086543560028,0.8320000171661377,0.44839999079704285
YLR110C,YAL009W,0,-5.4506154,0.15647922456264496,0.8320000171661377,0.44850000739097595
YLR215C,YNL268W,0,-5.4507995,0.1564497947692871,0.8320000171661377,0.44859999418258667
YDR301W,YNL210W,1,-5.4512234,0.15660838782787323,0.8330000042915344,0.44859999418258667
YPL096C-A,YJR070C,0,-5.4514046,0.1565789431333542,0.8330000042915344,0.4487000107765198
YGL238W,YOL127W,0,-5.451478,0.15654951333999634,0.8330000042915344,0.4487999975681305
YBL047C,YMR005W,0,-5.451905,0.15652009844779968,0.8330000042915344,0.4489000141620636
YDR363W-A,YMR203W,0,-5.452402,0.15649069845676422,0.8330000042915344,0.4490000009536743
YOR034C,YHR171W,0,-5.452421,0.15646131336688995,0.8330000042915344,0.44909998774528503
YOL069W,YHR161C,0,-5.452831,0.15643192827701569,0.8330000042915344,0.44920000433921814
YIL106W,YPR181C,0,-5.4532256,0.1564025580883026,0.8330000042915344,0.44929999113082886
YHR023W,YNL070W,0,-5.4544644,0.15637318789958954,0.8330000042915344,0.44940000772476196
YDL197C,YGL092W,0,-5.454858,0.15634384751319885,0.8330000042915344,0.4494999945163727
YDR040C,YHR138C,0,-5.4548984,0.15631450712680817,0.8330000042915344,0.4496000111103058
YGR262C,YPL234C,0,-5.4550543,0.15628518164157867,0.8330000042915344,0.4496999979019165
YFL010W-A,YDL079C,0,-5.4550705,0.15625585615634918,0.8330000042915344,0.4498000144958496
YMR139W,YNR026C,0,-5.4551105,0.15622656047344208,0.8330000042915344,0.4499000012874603
YER167W,YJL154C,0,-5.45515,0.15619726479053497,0.8330000042915344,0.44999998807907104
YML092C,YKL042W,0,-5.4553504,0.15616798400878906,0.8330000042915344,0.45010000467300415
YGL219C,YGL004C,0,-5.4554324,0.15613870322704315,0.8330000042915344,0.45019999146461487
YGL180W,YJL065C,0,-5.455594,0.15610945224761963,0.8330000042915344,0.450300008058548
YPR020W,YBR185C,0,-5.456093,0.1560802012681961,0.8330000042915344,0.4503999948501587
YDL045C,YPL146C,0,-5.456237,0.15605095028877258,0.8330000042915344,0.4505000114440918
YIL084C,YIL008W,0,-5.4566355,0.15602172911167145,0.8330000042915344,0.4505999982357025
YJR070C,YOR088W,0,-5.457163,0.1559925079345703,0.8330000042915344,0.4507000148296356
YOR079C,YNL070W,0,-5.457222,0.15596330165863037,0.8330000042915344,0.45080000162124634
YPL096C-A,YFL036W,0,-5.457362,0.15593411028385162,0.8330000042915344,0.45089998841285706
YHR174W,YML131W,0,-5.457835,0.15590491890907288,0.8330000042915344,0.45100000500679016
YMR052W,YIL030C,0,-5.4580097,0.15587574243545532,0.8330000042915344,0.4510999917984009
YML120C,YPR065W,0,-5.4580398,0.15584658086299896,0.8330000042915344,0.451200008392334
YIL084C,YDR207C,0,-5.458696,0.1558174341917038,0.8330000042915344,0.4512999951839447
YPL208W,YPR095C,0,-5.458807,0.15578828752040863,0.8330000042915344,0.4514000117778778
YIL117C,YCL019W,0,-5.459202,0.15575915575027466,0.8330000042915344,0.4514999985694885
YOL130W,YGL142C,0,-5.4592876,0.15573003888130188,0.8330000042915344,0.45159998536109924
YBR240C,YGR111W,0,-5.459381,0.1557009369134903,0.8330000042915344,0.45170000195503235
YBL047C,YHR124W,0,-5.45945,0.1556718349456787,0.8330000042915344,0.45179998874664307
YLR219W,YLR166C,0,-5.459727,0.15564274787902832,0.8330000042915344,0.45190000534057617
YLR133W,YIL029C,0,-5.459972,0.15561367571353912,0.8330000042915344,0.4519999921321869
YHR193C,YPR181C,0,-5.460679,0.15558460354804993,0.8330000042915344,0.45210000872612
YOL077W-A,YBL050W,0,-5.460681,0.15555556118488312,0.8330000042915344,0.4521999955177307
YGL016W,YDR456W,0,-5.4610176,0.1555265188217163,0.8330000042915344,0.4523000121116638
YGR158C,YJR028W,0,-5.461332,0.1554974764585495,0.8330000042915344,0.45239999890327454
YBL026W,YKL095W,1,-5.46146,0.15565510094165802,0.8339999914169312,0.45239999890327454
YDR202C,YKL086W,0,-5.461538,0.15562604367733002,0.8339999914169312,0.45249998569488525
YLR242C,YDL232W,0,-5.4617763,0.1555970162153244,0.8339999914169312,0.45260000228881836
YCL014W,YOL126C,0,-5.462431,0.1555679887533188,0.8339999914169312,0.4526999890804291
YGL192W,YMR284W,0,-5.4631724,0.15553897619247437,0.8339999914169312,0.4528000056743622
YOR307C,YNL186W,0,-5.4631796,0.15550997853279114,0.8339999914169312,0.4528999924659729
YJL133W,YLR455W,0,-5.463413,0.1554809808731079,0.8339999914169312,0.453000009059906
YNL220W,YIL002C,0,-5.4635944,0.15545199811458588,0.8339999914169312,0.4530999958515167
YKL165C,YER138C,0,-5.465953,0.15542303025722504,0.8339999914169312,0.45320001244544983
YBR186W,YDR013W,0,-5.4659734,0.1553940773010254,0.8339999914169312,0.45329999923706055
YHR019C,YLL061W,0,-5.4665856,0.15536512434482574,0.8339999914169312,0.45339998602867126
YJR086W,YJR027W,0,-5.466678,0.1553361862897873,0.8339999914169312,0.45350000262260437
YBR258C,YPL163C,0,-5.4668045,0.15530726313591003,0.8339999914169312,0.4535999894142151
YOL077W-A,YIL022W,0,-5.4670296,0.15527833998203278,0.8339999914169312,0.4537000060081482
YGR063C,YNR006W,0,-5.4670453,0.1552494466304779,0.8339999914169312,0.4537999927997589
YCL054W,YLR005W,0,-5.467398,0.15522055327892303,0.8339999914169312,0.453900009393692
YPL224C,YML039W,0,-5.467408,0.15519165992736816,0.8339999914169312,0.45399999618530273
YHR116W,YGR211W,0,-5.468134,0.15516279637813568,0.8339999914169312,0.45410001277923584
YNL307C,YFR030W,0,-5.4682484,0.1551339328289032,0.8339999914169312,0.45419999957084656
YDR309C,YBL058W,0,-5.4689956,0.1551050841808319,0.8339999914169312,0.4542999863624573
YPR182W,YLR424W,1,-5.4690084,0.15526217222213745,0.8349999785423279,0.4542999863624573
YPL021W,YMR069W,0,-5.4692097,0.15523330867290497,0.8349999785423279,0.4544000029563904
YKL055C,YNL167C,0,-5.4698615,0.15520446002483368,0.8349999785423279,0.4544999897480011
YDR021W,YNL167C,0,-5.4698935,0.1551756113767624,0.8349999785423279,0.4546000063419342
YDR087C,YML098W,0,-5.4701633,0.1551467925310135,0.8349999785423279,0.4546999931335449
YAL015C,YER008C,0,-5.470395,0.1551179587841034,0.8349999785423279,0.454800009727478
YDL045C,YGR229C,0,-5.470766,0.15508915483951569,0.8349999785423279,0.45489999651908875
YCL055W,YOL113W,0,-5.4712086,0.15506035089492798,0.8349999785423279,0.45500001311302185
YOL001W,YOL031C,0,-5.471338,0.15503156185150146,0.8349999785423279,0.45509999990463257
YML049C,YOR159C,1,-5.471877,0.1551884114742279,0.8360000252723694,0.45509999990463257
YKL191W,YDL013W,0,-5.471911,0.1551596075296402,0.8360000252723694,0.4551999866962433
YNL074C,YHR160C,0,-5.472312,0.15513081848621368,0.8360000252723694,0.4553000032901764
YCR038C,YGR024C,0,-5.472605,0.15510204434394836,0.8360000252723694,0.4553999900817871
YNL084C,YPL235W,0,-5.472762,0.15507327020168304,0.8360000252723694,0.4555000066757202
YPR104C,YGL175C,0,-5.4731064,0.15504451096057892,0.8360000252723694,0.45559999346733093
YOR037W,YLR068W,0,-5.4732056,0.155015766620636,0.8360000252723694,0.45570001006126404
YDL138W,YCL074W,0,-5.4734106,0.15498702228069305,0.8360000252723694,0.45579999685287476
YKL166C,YIL056W,0,-5.473565,0.15495829284191132,0.8360000252723694,0.45590001344680786
YPL082C,YPL268W,0,-5.473586,0.15492957830429077,0.8360000252723694,0.4560000002384186
YJL090C,YOL001W,0,-5.473668,0.15490086376667023,0.8360000252723694,0.4560999870300293
YGR014W,YFR052W,0,-5.4741955,0.15487217903137207,0.8360000252723694,0.4562000036239624
YOR241W,YDR325W,0,-5.4743543,0.1548434942960739,0.8360000252723694,0.4562999904155731
YBL032W,YOL113W,0,-5.4744053,0.15481480956077576,0.8360000252723694,0.4564000070095062
YDR298C,YLR319C,0,-5.474614,0.1547861546278,0.8360000252723694,0.45649999380111694
YML103C,YOL105C,0,-5.4753523,0.15475749969482422,0.8360000252723694,0.45660001039505005
YNR010W,YPL106C,0,-5.475725,0.15472885966300964,0.8360000252723694,0.45669999718666077
YGR132C,YNL312W,0,-5.475848,0.15470021963119507,0.8360000252723694,0.45680001378059387
YMR052W,YER075C,0,-5.4761763,0.1546715945005417,0.8360000252723694,0.4569000005722046
YBL047C,YJL072C,0,-5.476944,0.1546429842710495,0.8360000252723694,0.4569999873638153
YDL087C,YNL210W,1,-5.477092,0.15479932725429535,0.8370000123977661,0.4569999873638153
YER164W,YPR181C,0,-5.4771013,0.15477071702480316,0.8370000123977661,0.4571000039577484
YER075C,YDR451C,0,-5.4771223,0.15474209189414978,0.8370000123977661,0.45719999074935913
YPR134W,YDR363W-A,0,-5.4774084,0.1547134965658188,0.8370000123977661,0.45730000734329224
YJL072C,YJR086W,0,-5.4775,0.1546849012374878,0.8370000123977661,0.45739999413490295
YKL195W,YOR160W,0,-5.4775295,0.154656320810318,0.8370000123977661,0.45750001072883606
YCL055W,YIL022W,0,-5.477727,0.1546277552843094,0.8370000123977661,0.4575999975204468
YER142C,YMR047C,0,-5.477749,0.15459918975830078,0.8370000123977661,0.4577000141143799
YOL031C,YPL234C,0,-5.4780526,0.15457063913345337,0.8370000123977661,0.4578000009059906
YER114C,YOR008C-A,0,-5.478118,0.15454210340976715,0.8370000123977661,0.4578999876976013
YPL060W,YKL085W,0,-5.4781237,0.15451356768608093,0.8370000123977661,0.4580000042915344
YJL021C,YOR123C,0,-5.4782434,0.1544850468635559,0.8370000123977661,0.45809999108314514
YJL128C,YPR165W,0,-5.4785724,0.15445654094219208,0.8370000123977661,0.45820000767707825
YLR157C,YJL065C,0,-5.4791775,0.15442804992198944,0.8370000123977661,0.45829999446868896
YLR377C,YGL098W,0,-5.4797745,0.1543995589017868,0.8370000123977661,0.45840001106262207
YPR181C,YCL054W,0,-5.4797974,0.15437108278274536,0.8370000123977661,0.4584999978542328
YLR007W,YCR102C,0,-5.479889,0.1543426215648651,0.8370000123977661,0.4586000144481659
YFR028C,YLR166C,0,-5.480025,0.15431416034698486,0.8370000123977661,0.4587000012397766
YMR026C,YIL120W,0,-5.4801655,0.1542857140302658,0.8370000123977661,0.45879998803138733
YMR109W,YJL121C,0,-5.4802113,0.15425728261470795,0.8370000123977661,0.45890000462532043
YPL010W,YBR037C,0,-5.4804115,0.15422885119915009,0.8370000123977661,0.45899999141693115
YLR160C,YPL018W,0,-5.480557,0.1542004495859146,0.8370000123977661,0.45910000801086426
YLR240W,YIL029C,0,-5.4808326,0.15417203307151794,0.8370000123977661,0.459199994802475
YHL036W,YMR047C,0,-5.4810543,0.15414364635944366,0.8370000123977661,0.4593000113964081
YPR025C,YDR086C,0,-5.4812584,0.15411525964736938,0.8370000123977661,0.4593999981880188
YBL093C,YCR084C,0,-5.481611,0.1540868878364563,0.8370000123977661,0.4595000147819519
YJL145W,YNL167C,0,-5.4817266,0.1540585309267044,0.8370000123977661,0.4596000015735626
YDL232W,YDR328C,0,-5.4817705,0.15403017401695251,0.8370000123977661,0.45969998836517334
YHR019C,YLR268W,0,-5.4818,0.154001846909523,0.8370000123977661,0.45980000495910645
YNL327W,YJR086W,0,-5.481801,0.1539735049009323,0.8370000123977661,0.45989999175071716
YIL118W,YBR058C-A,0,-5.482443,0.153945192694664,0.8370000123977661,0.46000000834465027
YDR298C,YKL122C,0,-5.4833126,0.1539168804883957,0.8370000123977661,0.460099995136261
YHR116W,YDR345C,0,-5.4836607,0.15388858318328857,0.8370000123977661,0.4602000117301941
YBR107C,YBR186W,0,-5.4837146,0.15386030077934265,0.8370000123977661,0.4602999985218048
YLR242C,YML113W,0,-5.483932,0.15383201837539673,0.8370000123977661,0.4603999853134155
YDL013W,YBR024W,0,-5.48401,0.153803750872612,0.8370000123977661,0.46050000190734863
YNL262W,YHR200W,0,-5.4844246,0.15377549827098846,0.8370000123977661,0.46059998869895935
YGL190C,YHR099W,0,-5.4851675,0.15374724566936493,0.8370000123977661,0.46070000529289246
YNL147W,YLR424W,1,-5.4857593,0.15390266478061676,0.8379999995231628,0.46070000529289246
YNL136W,YDL128W,0,-5.486703,0.15387439727783203,0.8379999995231628,0.4607999920845032
YBR186W,YER169W,0,-5.486722,0.1538461595773697,0.8379999995231628,0.4609000086784363
YCL004W,YIL120W,0,-5.48673,0.15381792187690735,0.8379999995231628,0.460999995470047
YDR075W,YLR090W,0,-5.486802,0.153789684176445,0.8379999995231628,0.4611000120639801
YDR055W,YOR344C,0,-5.4873304,0.15376146137714386,0.8379999995231628,0.4611999988555908
YMR225C,YIR015W,0,-5.4876375,0.1537332534790039,0.8379999995231628,0.46129998564720154
YBR008C,YMR224C,0,-5.488073,0.15370506048202515,0.8379999995231628,0.46140000224113464
YDR214W,YER008C,0,-5.4882755,0.15367688238620758,0.8379999995231628,0.46149998903274536
YGL073W,YLR268W,0,-5.4884686,0.15364870429039001,0.8379999995231628,0.46160000562667847
YLL061W,YLR025W,0,-5.489297,0.15362052619457245,0.8379999995231628,0.4616999924182892
YOL031C,YKL166C,0,-5.490246,0.15359237790107727,0.8379999995231628,0.4618000090122223
YDL088C,YCR061W,0,-5.4904513,0.1535642296075821,0.8379999995231628,0.461899995803833
YBR233W-A,YPL091W,0,-5.49057,0.1535360962152481,0.8379999995231628,0.4620000123977661
YDL126C,YER138C,0,-5.4915733,0.15350796282291412,0.8379999995231628,0.46209999918937683
YPR065W,YDR308C,0,-5.491626,0.15347985923290253,0.8379999995231628,0.46219998598098755
YIL112W,YOL121C,0,-5.4917097,0.15345175564289093,0.8379999995231628,0.46230000257492065
YDR181C,YAR009C,0,-5.4917235,0.15342365205287933,0.8379999995231628,0.46239998936653137
YBR065C,YKL018W,1,-5.491815,0.15357862412929535,0.8389999866485596,0.46239998936653137
YDL017W,YDL109C,0,-5.4922256,0.15355050563812256,0.8389999866485596,0.4625000059604645
YPR200C,YDR363W-A,0,-5.4928966,0.15352241694927216,0.8389999866485596,0.4625999927520752
YPR018W,YER138C,0,-5.49313,0.15349432826042175,0.8389999866485596,0.4627000093460083
YOR002W,YFL021W,0,-5.49321,0.15346625447273254,0.8389999866485596,0.462799996137619
YPL171C,YDR289C,0,-5.4932594,0.15343818068504333,0.8389999866485596,0.4629000127315521
YDR524C,YGL078C,0,-5.49347,0.1534101366996765,0.8389999866485596,0.46299999952316284
YDL126C,YDR040C,0,-5.4934807,0.1533820778131485,0.8389999866485596,0.46309998631477356
YIL063C,YLR467W,0,-5.4936643,0.15335404872894287,0.8389999866485596,0.46320000290870667
YDR163W,YNL210W,1,-5.493842,0.1535087674856186,0.8399999737739563,0.46320000290870667
YPL101W,YNL030W,0,-5.493862,0.15348072350025177,0.8399999737739563,0.4632999897003174
YML120C,YJR027W,0,-5.494203,0.15345267951488495,0.8399999737739563,0.4634000062942505
YCR038C,YKR059W,0,-5.494712,0.15342465043067932,0.8399999737739563,0.4634999930858612
YKL093W,YMR283C,0,-5.4947586,0.1533966362476349,0.8399999737739563,0.4636000096797943
YDL008W,YPL242C,0,-5.4955053,0.15336863696575165,0.8399999737739563,0.46369999647140503
YIL036W,YOL031C,0,-5.496136,0.1533406376838684,0.8399999737739563,0.46380001306533813
YMR052W,YHR061C,0,-5.4964466,0.15331265330314636,0.8399999737739563,0.46389999985694885
YEL062W,YKR008W,0,-5.4973106,0.15328466892242432,0.8399999737739563,0.46399998664855957
YGR010W,YIL029C,0,-5.497401,0.15325669944286346,0.8399999737739563,0.4641000032424927
YIL142W,YDL058W,0,-5.4974823,0.1532287448644638,0.8399999737739563,0.4641999900341034
YNL220W,YBR010W,0,-5.4975147,0.15320080518722534,0.8399999737739563,0.4643000066280365
YPL265W,YCL074W,0,-5.4980764,0.15317286550998688,0.8399999737739563,0.4643999934196472
YKR007W,YCR061W,0,-5.498744,0.1531449407339096,0.8399999737739563,0.4645000100135803
YER070W,YDR131C,0,-5.49885,0.15311703085899353,0.8399999737739563,0.46459999680519104
YOL126C,YML114C,0,-5.4995356,0.15308912098407745,0.8399999737739563,0.46470001339912415
YHR073W,YBR162C,0,-5.5000076,0.15306122601032257,0.8399999737739563,0.46480000019073486
YBR210W,YMR203W,0,-5.500398,0.15303334593772888,0.8399999737739563,0.4648999869823456
YKL011C,YDR273W,0,-5.501733,0.1530054658651352,0.8399999737739563,0.4650000035762787
YFR024C,YGL175C,0,-5.502084,0.1529776006937027,0.8399999737739563,0.4650999903678894
YLR007W,YGL226C-A,0,-5.5023875,0.1529497504234314,0.8399999737739563,0.4652000069618225
YDR202C,YMR197C,0,-5.5026374,0.1529219001531601,0.8399999737739563,0.4652999937534332
YGL078C,YPR032W,0,-5.502652,0.15289406478405,0.8399999737739563,0.46540001034736633
YIL036W,YGL011C,0,-5.5028567,0.15286624431610107,0.8399999737739563,0.46549999713897705
YLR059C,YDR181C,0,-5.503731,0.15283842384815216,0.8399999737739563,0.46560001373291016
YGL142C,YNL154C,0,-5.5038605,0.15281061828136444,0.8399999737739563,0.4657000005245209
YPR200C,YGR003W,0,-5.5042267,0.15278282761573792,0.8399999737739563,0.4657999873161316
YPR025C,YAR009C,0,-5.5045233,0.15275505185127258,0.8399999737739563,0.4659000039100647
YDR386W,YLR090W,0,-5.5048013,0.15272727608680725,0.8399999737739563,0.4659999907016754
YLR304C,YOR230W,0,-5.5059633,0.1526995152235031,0.8399999737739563,0.4661000072956085
YBR233W-A,YGL219C,0,-5.5061784,0.15267175436019897,0.8399999737739563,0.46619999408721924
YJR017C,YKL173W,1,-5.506262,0.152825728058815,0.8410000205039978,0.46619999408721924
YPR200C,YML033W,0,-5.5063405,0.15279796719551086,0.8410000205039978,0.46630001068115234
YCL014W,YBR037C,0,-5.5066,0.15277020633220673,0.8410000205039978,0.46639999747276306
YJL010C,YPL234C,0,-5.506689,0.15274246037006378,0.8410000205039978,0.46650001406669617
YOR159C,YLR277C,1,-5.5080953,0.15289631485939026,0.8420000076293945,0.46650001406669617
YKL220C,YOL002C,0,-5.5083838,0.15286855399608612,0.8420000076293945,0.4666000008583069
YOR307C,YCL019W,0,-5.5090137,0.15284080803394318,0.8420000076293945,0.4666999876499176
YBR160W,YKL101W,0,-5.5090995,0.15281306207180023,0.8420000076293945,0.4668000042438507
YLR205C,YBR258C,0,-5.509897,0.15278533101081848,0.8420000076293945,0.4668999910354614
YLR127C,YDL109C,0,-5.510562,0.15275761485099792,0.8420000076293945,0.46700000762939453
YKR002W,YKL095W,1,-5.5107975,0.15291130542755127,0.8429999947547913,0.46700000762939453
YDR142C,YCR084C,0,-5.510848,0.15288357436656952,0.8429999947547913,0.46709999442100525
YDR180W,YNL311C,0,-5.5109587,0.15285584330558777,0.8429999947547913,0.46720001101493835
YNL148C,YMR183C,0,-5.5112925,0.1528281420469284,0.8429999947547913,0.4672999978065491
YJR139C,YMR197C,0,-5.511636,0.15280044078826904,0.8429999947547913,0.4674000144004822
YEL027W,YPL110C,0,-5.5118017,0.15277273952960968,0.8429999947547913,0.4675000011920929
YBR037C,YDR086C,0,-5.5118465,0.1527450680732727,0.8429999947547913,0.4675999879837036
YFR028C,YOR241W,0,-5.5118837,0.15271739661693573,0.8429999947547913,0.4677000045776367
YOR346W,YHR200W,0,-5.51372,0.15268972516059875,0.8429999947547913,0.46779999136924744
YDL019C,YHR181W,0,-5.51376,0.15266208350658417,0.8429999947547913,0.46790000796318054
YAL022C,YJL108C,0,-5.5139523,0.15263444185256958,0.8429999947547913,0.46799999475479126
YAL054C,YFL025C,0,-5.514077,0.152606800198555,0.8429999947547913,0.46810001134872437
YJL208C,YHR181W,0,-5.514084,0.1525791883468628,0.8429999947547913,0.4681999981403351
YHR023W,YIR022W,0,-5.5143375,0.1525515764951706,0.8429999947547913,0.4683000147342682
YLR242C,YPL096C-A,0,-5.5144076,0.1525239795446396,0.8429999947547913,0.4684000015258789
YDR345C,YMR106C,0,-5.5147,0.15249638259410858,0.8429999947547913,0.4684999883174896
YPR018W,YGL171W,0,-5.515352,0.15246880054473877,0.8429999947547913,0.46860000491142273
YGL178W,YOR340C,0,-5.5156584,0.15244123339653015,0.8429999947547913,0.46869999170303345
YBR258C,YMR106C,0,-5.5164595,0.15241366624832153,0.8429999947547913,0.46880000829696655
YLL011W,YGR063C,0,-5.5166726,0.1523861140012741,0.8429999947547913,0.46889999508857727
YGL004C,YOR088W,0,-5.516701,0.15235857665538788,0.8429999947547913,0.4690000116825104
YGR262C,YPL253C,0,-5.5170965,0.15233103930950165,0.8429999947547913,0.4690999984741211
YDR163W,YKL018W,1,-5.517206,0.15248419344425201,0.843999981880188,0.4690999984741211
YOR249C,YLR006C,0,-5.517508,0.1524566411972046,0.843999981880188,0.4691999852657318
YMR026C,YDL036C,0,-5.5177317,0.15242911875247955,0.843999981880188,0.4693000018596649
YER142C,YGL013C,0,-5.5183954,0.15240159630775452,0.843999981880188,0.46939998865127563
YPL100W,YER035W,0,-5.5186033,0.15237407386302948,0.843999981880188,0.46950000524520874
YBL026W,YGL030W,1,-5.519026,0.1525270789861679,0.8450000286102295,0.46950000524520874
YML012W,YLR026C,0,-5.519594,0.15249954164028168,0.8450000286102295,0.46959999203681946
YDR298C,YOR340C,0,-5.5200396,0.15247203409671783,0.8450000286102295,0.46970000863075256
YIL128W,YDL138W,0,-5.5206866,0.152444526553154,0.8450000286102295,0.4697999954223633
YER070W,YML033W,0,-5.52071,0.15241703391075134,0.8450000286102295,0.4699000120162964
YNL118C,YDL135C,0,-5.521556,0.1523895412683487,0.8450000286102295,0.4699999988079071
YDR059C,YOR087W,0,-5.521745,0.15236206352710724,0.8450000286102295,0.4700999855995178
YDR309C,YJL133W,0,-5.522131,0.15233460068702698,0.8450000286102295,0.4702000021934509
YPL190C,YNL032W,0,-5.5224066,0.15230713784694672,0.8450000286102295,0.47029998898506165
YOL133W,YHR073W,0,-5.5226803,0.15227968990802765,0.8450000286102295,0.47040000557899475
YDR318W,YBR077C,0,-5.522792,0.15225225687026978,0.8450000286102295,0.47049999237060547
YDR075W,YER031C,0,-5.5229206,0.1522248238325119,0.8450000286102295,0.4706000089645386
YJR140C,YER106W,0,-5.522929,0.15219740569591522,0.8450000286102295,0.4706999957561493
YFL009W,YJL102W,0,-5.523118,0.15217000246047974,0.8450000286102295,0.4708000123500824
YGR222W,YLR329W,0,-5.523234,0.15214259922504425,0.8450000286102295,0.4708999991416931
YDR040C,YML120C,0,-5.523368,0.15211521089076996,0.8450000286102295,0.47099998593330383
YOR039W,YDL117W,0,-5.5234036,0.15208783745765686,0.8450000286102295,0.47110000252723694
YCR038C,YDR076W,0,-5.523544,0.15206046402454376,0.8450000286102295,0.47119998931884766
YKL208W,YLR116W,1,-5.52359,0.15221302211284637,0.8460000157356262,0.47119998931884766
YGL219C,YER169W,0,-5.5240793,0.15218564867973328,0.8460000157356262,0.47130000591278076
YNL065W,YNL149C,0,-5.524164,0.15215827524662018,0.8460000157356262,0.4713999927043915
YPL060W,YOR106W,0,-5.5244737,0.15213091671466827,0.8460000157356262,0.4715000092983246
YKR076W,YBR210W,0,-5.5247793,0.15210355818271637,0.8460000157356262,0.4715999960899353
YMR073C,YFR029W,0,-5.52512,0.15207621455192566,0.8460000157356262,0.4717000126838684
YBR087W,YCR084C,0,-5.5260644,0.15204888582229614,0.8460000157356262,0.4717999994754791
YCR048W,YPR104C,0,-5.526323,0.15202155709266663,0.8460000157356262,0.47189998626708984
YDL080C,YGR181W,0,-5.526508,0.1519942581653595,0.8460000157356262,0.47200000286102295
YBR050C,YIL022W,0,-5.527437,0.15196694433689117,0.8460000157356262,0.47209998965263367
YPR082C,YNL282W,1,-5.527585,0.1521192491054535,0.847000002861023,0.47209998965263367
YFL025C,YKR095W-A,0,-5.527767,0.15209193527698517,0.847000002861023,0.4722000062465668
YGL105W,YKL212W,0,-5.5279307,0.15206463634967804,0.847000002861023,0.4722999930381775
YNL327W,YML127W,0,-5.5279646,0.1520373374223709,0.847000002861023,0.4724000096321106
YOR031W,YDR142C,0,-5.528368,0.15201005339622498,0.847000002861023,0.4724999964237213
YMR201C,YLR026C,0,-5.528521,0.15198276937007904,0.847000002861023,0.4726000130176544
YIL053W,YML014W,0,-5.5288153,0.1519555151462555,0.847000002861023,0.47269999980926514
YLR205C,YDR386W,0,-5.5288663,0.15192824602127075,0.847000002861023,0.47279998660087585
YNL020C,YEL037C,0,-5.529022,0.1519010066986084,0.847000002861023,0.47290000319480896
YGR222W,YBR275C,0,-5.5291905,0.15187376737594604,0.847000002861023,0.4729999899864197
YDR498C,YOL122C,0,-5.529356,0.15184654295444489,0.847000002861023,0.4731000065803528
YGR180C,YMR197C,0,-5.5295305,0.15181931853294373,0.847000002861023,0.4731999933719635
YGL105W,YDL225W,0,-5.529927,0.15179210901260376,0.847000002861023,0.4733000099658966
YOR034C,YOR180C,0,-5.5300436,0.151764914393425,0.847000002861023,0.4733999967575073
YIL002C,YNL167C,0,-5.5301924,0.1517377346754074,0.847000002861023,0.47350001335144043
YGR097W,YPL033C,0,-5.530207,0.15171055495738983,0.847000002861023,0.47360000014305115
YPL239W,YNL304W,0,-5.531485,0.15168337523937225,0.847000002861023,0.47369998693466187
YDR393W,YPR032W,0,-5.531644,0.15165622532367706,0.847000002861023,0.47380000352859497
YGR249W,YJL129C,0,-5.5316486,0.15162907540798187,0.847000002861023,0.4738999903202057
YML132W,YIL029C,0,-5.5319057,0.15160194039344788,0.847000002861023,0.4740000069141388
YFR029W,YPL208W,0,-5.5322695,0.15157480537891388,0.847000002861023,0.4740999937057495
YJL048C,YKL088W,0,-5.5329123,0.15154768526554108,0.847000002861023,0.4742000102996826
YKL208W,YOR159C,1,-5.5329437,0.1516994684934616,0.8479999899864197,0.4742000102996826
YDR335W,YLR135W,0,-5.5330567,0.1516723334789276,0.8479999899864197,0.47429999709129333
YNL027W,YCL043C,0,-5.533075,0.1516452133655548,0.8479999899864197,0.47440001368522644
YDR202C,YIR015W,0,-5.5331826,0.151618093252182,0.8479999899864197,0.47450000047683716
YPL151C,YGL030W,1,-5.5332313,0.151769757270813,0.8489999771118164,0.47450000047683716
YDL017W,YDR337W,0,-5.5333376,0.151742622256279,0.8489999771118164,0.4745999872684479
YKL101W,YHR167W,0,-5.533519,0.15171551704406738,0.8489999771118164,0.474700003862381
YML033W,YBR105C,0,-5.5337768,0.15168841183185577,0.8489999771118164,0.4747999906539917
YFR024C,YHR006W,0,-5.534313,0.15166130661964417,0.8489999771118164,0.4749000072479248
YAL054C,YPR086W,0,-5.534346,0.15163421630859375,0.8489999771118164,0.4749999940395355
YGL180W,YCL063W,0,-5.534396,0.15160714089870453,0.8489999771118164,0.47510001063346863
YCL027W,YLR068W,0,-5.5348706,0.1515800803899765,0.8489999771118164,0.47519999742507935
YOL031C,YHR161C,0,-5.5351872,0.15155301988124847,0.8489999771118164,0.47530001401901245
YGL190C,YOR330C,0,-5.53524,0.15152597427368164,0.8489999771118164,0.47540000081062317
YJR022W,YFR005C,1,-5.5356703,0.15167737007141113,0.8500000238418579,0.47540000081062317
YCR044C,YHR200W,0,-5.535943,0.1516503095626831,0.8500000238418579,0.4754999876022339
YLL019C,YNL339C,0,-5.5365067,0.15162326395511627,0.8500000238418579,0.475600004196167
YOR377W,YIL120W,0,-5.5374126,0.15159621834754944,0.8500000238418579,0.4756999909877777
YOL077W-A,YDL126C,0,-5.537436,0.1515691876411438,0.8500000238418579,0.4758000075817108
YCL032W,YIL029C,0,-5.537677,0.15154215693473816,0.8500000238418579,0.47589999437332153
YHR175W,YCR009C,0,-5.5379915,0.1515151560306549,0.8500000238418579,0.47600001096725464
YGL226C-A,YIR018W,0,-5.5388665,0.15148815512657166,0.8500000238418579,0.47609999775886536
YFR024C,YGL092W,0,-5.5390387,0.1514611542224884,0.8500000238418579,0.47620001435279846
YMR232W,YGL226C-A,0,-5.539235,0.15143416821956635,0.8500000238418579,0.4763000011444092
YGL238W,YLR394W,0,-5.539459,0.15140719711780548,0.8500000238418579,0.4763999879360199
YCR060W,YGR111W,0,-5.539756,0.15138022601604462,0.8500000238418579,0.476500004529953
YDL087C,YKL025C,1,-5.5404224,0.15153133869171143,0.8510000109672546,0.476500004529953
YDL008W,YOL049W,0,-5.540869,0.15150436758995056,0.8510000109672546,0.4765999913215637
YGL172W,YMR013C,0,-5.5420957,0.1514773964881897,0.8510000109672546,0.4767000079154968
YIL119C,YOL142W,0,-5.542407,0.15145044028759003,0.8510000109672546,0.47679999470710754
YLR160C,YJL154C,0,-5.542484,0.15142348408699036,0.8510000109672546,0.47690001130104065
YNR054C,YCR060W,0,-5.5428104,0.15139654278755188,0.8510000109672546,0.47699999809265137
YGL247W,YPL059W,0,-5.543319,0.1513696163892746,0.8510000109672546,0.4771000146865845
YDL140C,YKR059W,0,-5.543599,0.1513427048921585,0.8510000109672546,0.4772000014781952
YDL143W,YFR028C,0,-5.54371,0.15131579339504242,0.8510000109672546,0.4772999882698059
YEL062W,YKL042W,0,-5.54413,0.15128888189792633,0.8510000109672546,0.477400004863739
YJL076W,YPL153C,0,-5.544178,0.15126200020313263,0.8510000109672546,0.47749999165534973
YJL090C,YBR107C,0,-5.5442915,0.15123511850833893,0.8510000109672546,0.47760000824928284
YOR039W,YKL021C,0,-5.545028,0.15120825171470642,0.8510000109672546,0.47769999504089355
YDL079C,YIR041W,0,-5.5451226,0.1511813849210739,0.8510000109672546,0.47780001163482666
YOR221C,YMR106C,0,-5.5458293,0.1511545330286026,0.8510000109672546,0.4778999984264374
YDR009W,YNL074C,0,-5.5466847,0.1511276811361313,0.8510000109672546,0.4779999852180481
YML047C,YHR084W,0,-5.547205,0.15110085904598236,0.8510000109672546,0.4781000018119812
YLR078C,YLR192C,0,-5.547222,0.15107402205467224,0.8510000109672546,0.4781999886035919
YBR201W,YPL060W,0,-5.5474467,0.1510472148656845,0.8510000109672546,0.478300005197525
YDL058W,YML039W,0,-5.547751,0.15102040767669678,0.8510000109672546,0.47839999198913574
YMR298W,YDR131C,0,-5.5479126,0.15099361538887024,0.8510000109672546,0.47850000858306885
YJR070C,YIR033W,0,-5.54799,0.1509668231010437,0.8510000109672546,0.47859999537467957
YGL192W,YDL138W,0,-5.548229,0.15094004571437836,0.8510000109672546,0.47870001196861267
YAL007C,YMR263W,0,-5.5483465,0.1509132832288742,0.8510000109672546,0.4787999987602234
YCL043C,YJR027W,0,-5.5484076,0.15088652074337006,0.8510000109672546,0.4788999855518341
YKL101W,YML023C,0,-5.548764,0.1508597731590271,0.8510000109672546,0.4790000021457672
YIL036W,YMR197C,0,-5.549445,0.15083304047584534,0.8510000109672546,0.47909998893737793
YIL022W,YIL063C,0,-5.549843,0.15080630779266357,0.8510000109672546,0.47920000553131104
YML092C,YLR059C,0,-5.5508575,0.150779590010643,0.8510000109672546,0.47929999232292175
YNR054C,YBR159W,0,-5.5508776,0.15075287222862244,0.8510000109672546,0.47940000891685486
YLL018C-A,YMR106C,0,-5.551214,0.15072618424892426,0.8510000109672546,0.4794999957084656
YNL030W,YDL225W,0,-5.5512404,0.15069948136806488,0.8510000109672546,0.4796000123023987
YER068W,YKR002W,1,-5.551616,0.1508498638868332,0.8519999980926514,0.4796000123023987
YLR263W,YGR186W,0,-5.5517263,0.15082316100597382,0.8519999980926514,0.4796999990940094
YMR224C,YGL092W,0,-5.551808,0.15079645812511444,0.8519999980926514,0.4797999858856201
YKL011C,YJL165C,0,-5.552203,0.15076977014541626,0.8519999980926514,0.4799000024795532
YER179W,YHL036W,0,-5.553634,0.15074309706687927,0.8519999980926514,0.47999998927116394
YER089C,YML014W,0,-5.5538497,0.15071643888950348,0.8519999980926514,0.48010000586509705
YGL190C,YIL131C,0,-5.5542297,0.15068978071212769,0.8519999980926514,0.48019999265670776
YOR005C,YIL117C,0,-5.5546503,0.1506631225347519,0.8519999980926514,0.48030000925064087
YFL010W-A,YLR263W,0,-5.555482,0.1506364941596985,0.8519999980926514,0.4803999960422516
YOR330C,YER031C,0,-5.5555096,0.15060986578464508,0.8519999980926514,0.4805000126361847
YNL030W,YOL045W,0,-5.556085,0.15058325231075287,0.8519999980926514,0.4805999994277954
YLR394W,YKR095W,0,-5.5562906,0.15055663883686066,0.8519999980926514,0.48069998621940613
YDR301W,YLR116W,1,-5.5564632,0.1507067084312439,0.8529999852180481,0.48069998621940613
YNL118C,YLR355C,0,-5.556599,0.15068009495735168,0.8529999852180481,0.48080000281333923
YFL011W,YGL124C,0,-5.5573306,0.15065348148345947,0.8529999852180481,0.48089998960494995
YFL010W-A,YBR210W,0,-5.5573673,0.15062688291072845,0.8529999852180481,0.48100000619888306
YDL126C,YDR131C,0,-5.5578146,0.15060028433799744,0.8529999852180481,0.4810999929904938
YGR262C,YBR240C,0,-5.5590487,0.1505737006664276,0.8529999852180481,0.4812000095844269
YJL194W,YPR065W,0,-5.559638,0.1505471169948578,0.8529999852180481,0.4812999963760376
YHL036W,YOR036W,0,-5.5596604,0.15052056312561035,0.8529999852180481,0.4814000129699707
YGL190C,YJL065C,0,-5.5597878,0.15049399435520172,0.8529999852180481,0.4814999997615814
YOL013C,YIL030C,0,-5.560113,0.15046745538711548,0.8529999852180481,0.48159998655319214
YDL150W,YGR285C,0,-5.560241,0.15044091641902924,0.8529999852180481,0.48170000314712524
YJR083C,YJR074W,0,-5.560316,0.1504143923521042,0.8529999852180481,0.48179998993873596
YMR150C,YJR110W,0,-5.560413,0.15038786828517914,0.8529999852180481,0.48190000653266907
YFL009W,YPR104C,0,-5.560942,0.15036135911941528,0.8529999852180481,0.4819999933242798
YOL156W,YOR172W,0,-5.5613346,0.15033486485481262,0.8529999852180481,0.4821000099182129
YPL101W,YCL054W,0,-5.5616097,0.15030837059020996,0.8529999852180481,0.4821999967098236
YDL045C,YDL019C,0,-5.561987,0.1502818912267685,0.8529999852180481,0.4823000133037567
YPL192C,YFL008W,0,-5.5619907,0.15025541186332703,0.8529999852180481,0.48240000009536743
YFL021W,YDL232W,0,-5.5620418,0.15022894740104675,0.8529999852180481,0.48249998688697815
YGL124C,YJR010C-A,0,-5.5621815,0.15020249783992767,0.8529999852180481,0.48260000348091125
YNL281W,YIL084C,0,-5.562436,0.1501760631799698,0.8529999852180481,0.482699990272522
YOR099W,YGR111W,0,-5.5626554,0.1501496285200119,0.8529999852180481,0.4828000068664551
YFL010W-A,YBR275C,0,-5.5628586,0.15012319386005402,0.8529999852180481,0.4828999936580658
YOR221C,YOR160W,0,-5.5636845,0.15009677410125732,0.8529999852180481,0.4830000102519989
YKL173W,YBR152W,1,-5.5638204,0.15024630725383759,0.8539999723434448,0.4830000102519989
YIL112W,YPR181C,0,-5.564027,0.1502198725938797,0.8539999723434448,0.4830999970436096
YIL142W,YDR337W,0,-5.5642858,0.150193452835083,0.8539999723434448,0.4832000136375427
YOR249C,YOR340C,0,-5.565069,0.1501670479774475,0.8539999723434448,0.48330000042915344
YGL155W,YKL034W,0,-5.565217,0.150140643119812,0.8539999723434448,0.48339998722076416
YMR001C,YMR106C,0,-5.5663548,0.1501142531633377,0.8539999723434448,0.48350000381469727
YBL058W,YKR059W,0,-5.566658,0.1500878781080246,0.8539999723434448,0.483599990606308
YBL026W,YLR424W,1,-5.5666804,0.15023721754550934,0.8550000190734863,0.483599990606308
YOR210W,YLR026C,0,-5.566917,0.15021082758903503,0.8550000190734863,0.4837000072002411
YGL172W,YGR202C,0,-5.5672207,0.15018443763256073,0.8550000190734863,0.4837999939918518
YGR262C,YDR337W,0,-5.567539,0.15015806257724762,0.8550000190734863,0.4839000105857849
YGL219C,YAR009C,0,-5.5682855,0.1501316875219345,0.8550000190734863,0.48399999737739563
YKL205W,YNL268W,0,-5.569529,0.1501053422689438,0.8550000190734863,0.48410001397132874
YLR263W,YJR027W,0,-5.569689,0.15007898211479187,0.8550000190734863,0.48420000076293945
YBR186W,YMR183C,0,-5.569754,0.15005265176296234,0.8550000190734863,0.48429998755455017
YOR260W,YPL242C,0,-5.5699224,0.1500263214111328,0.8550000190734863,0.4844000041484833
YKL016C,YLR068W,0,-5.5699654,0.15000000596046448,0.8550000190734863,0.484499990940094
YGL143C,YBR058C-A,0,-5.5702,0.14997369050979614,0.8550000190734863,0.4846000075340271
YGL013C,YER031C,0,-5.5702734,0.149947389960289,0.8550000190734863,0.4846999943256378
YOL063C,YOR008C-A,0,-5.570592,0.14992108941078186,0.8550000190734863,0.4848000109195709
YMR041C,YOR329C,0,-5.570684,0.1498948037624359,0.8550000190734863,0.48489999771118164
YEL016C,YPL210C,0,-5.5711174,0.14986853301525116,0.8550000190734863,0.48500001430511475
YCL025C,YOL156W,0,-5.57141,0.1498422771692276,0.8550000190734863,0.48510000109672546
YOR034C,YJR131W,0,-5.5714197,0.14981602132320404,0.8550000190734863,0.4851999878883362
YBR002C,YPL234C,0,-5.572031,0.14978976547718048,0.8550000190734863,0.4853000044822693
YNL129W,YDR189W,0,-5.5723,0.14976352453231812,0.8550000190734863,0.48539999127388
YPR065W,YFL008W,0,-5.572303,0.14973729848861694,0.8550000190734863,0.4855000078678131
YOL013C,YPR134W,0,-5.5723033,0.14971108734607697,0.8550000190734863,0.48559999465942383
YKR002W,YAL043C,1,-5.572488,0.1498599499464035,0.8560000061988831,0.48559999465942383
YPL177C,YOR209C,0,-5.572718,0.14983370900154114,0.8560000061988831,0.48570001125335693
YNR010W,YMR150C,0,-5.5727186,0.14980748295783997,0.8560000061988831,0.48579999804496765
YFL023W,YGL124C,0,-5.5728426,0.1497812718153,0.8560000061988831,0.48590001463890076
YIL034C,YJL139C,0,-5.5729856,0.1497550755739212,0.8560000061988831,0.4860000014305115
YDL143W,YPL082C,0,-5.5732613,0.14972887933254242,0.8560000061988831,0.4860999882221222
YJL021C,YMR214W,0,-5.573329,0.14970269799232483,0.8560000061988831,0.4862000048160553
YBR233W-A,YLR008C,0,-5.5740547,0.14967651665210724,0.8560000061988831,0.486299991607666
YOR144C,YEL004W,0,-5.5747995,0.14965035021305084,0.8560000061988831,0.4864000082015991
YDR116C,YOR172W,0,-5.575038,0.14962419867515564,0.8560000061988831,0.48649999499320984
YOR159C,YDL098C,1,-5.5753565,0.14977280795574188,0.8569999933242798,0.48649999499320984
YDR308C,YOR088W,0,-5.575963,0.14974664151668549,0.8569999933242798,0.48660001158714294
YCL004W,YOL113W,0,-5.576094,0.1497204750776291,0.8569999933242798,0.48669999837875366
YDR046C,YLR066W,0,-5.5776367,0.1496943235397339,0.8569999933242798,0.4867999851703644
YCR107W,YLR059C,0,-5.5776396,0.14966818690299988,0.8569999933242798,0.4869000017642975
YKR007W,YHR181W,0,-5.5778713,0.14964205026626587,0.8569999933242798,0.4869999885559082
YLR192C,YOR329C,0,-5.578389,0.14961592853069305,0.8569999933242798,0.4871000051498413
YBR039W,YCR028C,0,-5.5786557,0.14958980679512024,0.8569999933242798,0.487199991941452
YFR030W,YER138C,0,-5.5789447,0.14956369996070862,0.8569999933242798,0.48730000853538513
YFL041W,YDL058W,0,-5.578995,0.1495376080274582,0.8569999933242798,0.48739999532699585
YJL021C,YBR275C,0,-5.5793724,0.14951151609420776,0.8569999933242798,0.48750001192092896
YOR159C,YBR152W,1,-5.5797873,0.14965985715389252,0.8579999804496765,0.48750001192092896
YIL036W,YMR091C,0,-5.581565,0.1496337652206421,0.8579999804496765,0.4875999987125397
YDR397C,YMR183C,0,-5.5816402,0.14960767328739166,0.8579999804496765,0.4876999855041504
YLR081W,YML120C,0,-5.582298,0.14958159625530243,0.8579999804496765,0.4878000020980835
YDL126C,YGL190C,0,-5.5824103,0.1495555192232132,0.8579999804496765,0.4878999888896942
YML058W-A,YLR007W,0,-5.5827,0.14952945709228516,0.8579999804496765,0.4880000054836273
YOR005C,YNL323W,0,-5.582885,0.14950339496135712,0.8579999804496765,0.48809999227523804
YNL008C,YDL109C,0,-5.5835342,0.14947734773159027,0.8579999804496765,0.48820000886917114
YLL019C,YLR135W,0,-5.583744,0.14945131540298462,0.8579999804496765,0.48829999566078186
YHR005C,YGR211W,0,-5.5839014,0.14942528307437897,0.8579999804496765,0.48840001225471497
YLR242C,YPR165W,0,-5.5842795,0.1493992656469345,0.8579999804496765,0.4884999990463257
YNL148C,YDL029W,0,-5.5843205,0.14937326312065125,0.8579999804496765,0.4885999858379364
YJL008C,YDL128W,0,-5.5844097,0.14934726059436798,0.8579999804496765,0.4887000024318695
YPL202C,YBR233W-A,0,-5.5844345,0.1493212729692459,0.8579999804496765,0.4887999892234802
YPL110C,YJR110W,0,-5.585176,0.14929528534412384,0.8579999804496765,0.48890000581741333
YMR109W,YGL092W,0,-5.5857625,0.14926931262016296,0.8579999804496765,0.48899999260902405
YOR160W,YBL105C,0,-5.58587,0.1492433398962021,0.8579999804496765,0.48910000920295715
YML127W,YPR036W,0,-5.586129,0.1492173969745636,0.8579999804496765,0.48919999599456787
YER035W,YBR186W,0,-5.586142,0.14919143915176392,0.8579999804496765,0.489300012588501
YMR013C,YLR193C,0,-5.5863705,0.14916551113128662,0.8579999804496765,0.4893999993801117
YGR177C,YIL123W,0,-5.5865254,0.14913958311080933,0.8579999804496765,0.4894999861717224
YKR007W,YGR202C,0,-5.5865955,0.14911365509033203,0.8579999804496765,0.4896000027656555
YGL035C,YML131W,0,-5.5877094,0.14908775687217712,0.8579999804496765,0.48969998955726624
YLR007W,YPL253C,0,-5.58815,0.14906184375286102,0.8579999804496765,0.48980000615119934
YFL041W,YBR256C,0,-5.588542,0.1490359604358673,0.8579999804496765,0.48989999294281006
YBR160W,YAR033W,0,-5.588764,0.1490100771188736,0.8579999804496765,0.49000000953674316
YJR150C,YGL098W,0,-5.5888777,0.14898419380187988,0.8579999804496765,0.4900999963283539
YGL013C,YBL050W,0,-5.588973,0.14895834028720856,0.8579999804496765,0.490200012922287
YKR038C,YBR049C,0,-5.589843,0.14893247187137604,0.8579999804496765,0.4902999997138977
YMR021C,YNL154C,0,-5.589963,0.1489066332578659,0.8579999804496765,0.4903999865055084
YBL032W,YLR268W,0,-5.590275,0.14888079464435577,0.8579999804496765,0.49050000309944153
YDR480W,YBR105C,0,-5.5903506,0.14885495603084564,0.8579999804496765,0.49059998989105225
YDR345C,YLR066W,0,-5.590418,0.1488291472196579,0.8579999804496765,0.49070000648498535
YLL019C,YBL050W,0,-5.590491,0.14880332350730896,0.8579999804496765,0.49079999327659607
YDL008W,YGL011C,0,-5.590743,0.1487775295972824,0.8579999804496765,0.4909000098705292
YDR393W,YDL225W,0,-5.5907803,0.14875173568725586,0.8579999804496765,0.4909999966621399
YBR192W,YER031C,0,-5.5916586,0.1487259417772293,0.8579999804496765,0.491100013256073
YLR195C,YOR172W,0,-5.59167,0.14870017766952515,0.8579999804496765,0.4912000000476837
YBL102W,YCL063W,0,-5.5921974,0.14867441356182098,0.8579999804496765,0.49129998683929443
YBR039W,YHR034C,0,-5.5928903,0.14864864945411682,0.8579999804496765,0.49140000343322754
YER032W,YOR319W,1,-5.592927,0.14879612624645233,0.859000027179718,0.49140000343322754
YER032W,YNL147W,1,-5.594163,0.14894354343414307,0.8600000143051147,0.49140000343322754
YPR138C,YER075C,0,-5.594603,0.14891774952411652,0.8600000143051147,0.49149999022483826
YNL065W,YCL054W,0,-5.5946407,0.14889197051525116,0.8600000143051147,0.49160000681877136
YFL057C,YGL035C,0,-5.594957,0.1488661915063858,0.8600000143051147,0.4916999936103821
YER073W,YGL062W,0,-5.595496,0.14884042739868164,0.8600000143051147,0.4918000102043152
YOL063C,YMR069W,0,-5.5956826,0.14881467819213867,0.8600000143051147,0.4918999969959259
YFL009W,YOR179C,0,-5.595722,0.1487889289855957,0.8600000143051147,0.492000013589859
YDL117W,YML012W,0,-5.5961514,0.14876319468021393,0.8600000143051147,0.4921000003814697
YLR381W,YPL118W,0,-5.5964456,0.14873746037483215,0.8600000143051147,0.49219998717308044
YDR098C,YOR123C,0,-5.596834,0.14871174097061157,0.8600000143051147,0.49230000376701355
YEL016C,YDR388W,0,-5.596881,0.14868603646755219,0.8600000143051147,0.49239999055862427
YER035W,YCR102C,0,-5.597806,0.1486603319644928,0.8600000143051147,0.4925000071525574
YPL177C,YDL154W,0,-5.597997,0.1486346423625946,0.8600000143051147,0.4925999939441681
YPR104C,YGR014W,0,-5.598114,0.1486089527606964,0.8600000143051147,0.4927000105381012
YBR164C,YGR222W,0,-5.598147,0.1485832780599594,0.8600000143051147,0.4927999973297119
YKR076W,YMR225C,0,-5.5985374,0.1485576033592224,0.8600000143051147,0.492900013923645
YHL040C,YBR160W,0,-5.598875,0.1485319584608078,0.8600000143051147,0.49300000071525574
YOL130W,YHR200W,0,-5.599687,0.148506298661232,0.8600000143051147,0.49309998750686646
YPR018W,YBR240C,0,-5.600811,0.14848066866397858,0.8600000143051147,0.49320000410079956
YDR174W,YHR158C,0,-5.601386,0.14845503866672516,0.8600000143051147,0.4932999908924103
YCR038C,YHR042W,0,-5.6020136,0.14842940866947174,0.8600000143051147,0.4934000074863434
YHR163W,YNL304W,0,-5.6026845,0.14840379357337952,0.8600000143051147,0.4934999942779541
YLL019C,YML039W,0,-5.6027822,0.1483781933784485,0.8600000143051147,0.4936000108718872
YLR381W,YCL074W,0,-5.6030455,0.14835259318351746,0.8600000143051147,0.4936999976634979
YCR028C,YIR041W,0,-5.603143,0.14832700788974762,0.8600000143051147,0.49380001425743103
YPL269W,YGR059W,0,-5.6032104,0.14830143749713898,0.8600000143051147,0.49390000104904175
YPR052C,YIR015W,0,-5.603232,0.14827586710453033,0.8600000143051147,0.49399998784065247
YJL133W,YMR214W,0,-5.6035333,0.1482502967119217,0.8600000143051147,0.49410000443458557
YKL005C,YLR394W,0,-5.6037264,0.14822475612163544,0.8600000143051147,0.4941999912261963
YCR107W,YDR273W,0,-5.604105,0.148199200630188,0.8600000143051147,0.4943000078201294
YDL083C,YLR455W,0,-5.6043606,0.14817367494106293,0.8600000143051147,0.4943999946117401
YLR059C,YBR077C,0,-5.6046777,0.14814814925193787,0.8600000143051147,0.4945000112056732
YNR075W,YCR028C,0,-5.6047087,0.148122638463974,0.8600000143051147,0.49459999799728394
YCR048W,YFL036W,0,-5.604821,0.14809712767601013,0.8600000143051147,0.49470001459121704
YDR040C,YMR197C,0,-5.604831,0.14807163178920746,0.8600000143051147,0.49480000138282776
YNL065W,YBR127C,0,-5.6062684,0.14804613590240479,0.8600000143051147,0.4948999881744385
YPR020W,YKL101W,0,-5.6083145,0.1480206549167633,0.8600000143051147,0.4950000047683716
YGL003C,YKL195W,0,-5.608369,0.14799518883228302,0.8600000143051147,0.4950999915599823
YNL282W,YOR148C,1,-5.6083755,0.1481417715549469,0.8610000014305115,0.4950999915599823
YJL010C,YMR183C,0,-5.6088533,0.14811629056930542,0.8610000014305115,0.4952000081539154
YPL265W,YOL001W,0,-5.6089277,0.14809080958366394,0.8610000014305115,0.4952999949455261
YDR276C,YNR026C,0,-5.609047,0.14806534349918365,0.8610000014305115,0.49540001153945923
YHR005C,YOR103C,0,-5.6091504,0.14803989231586456,0.8610000014305115,0.49549999833106995
YOL164W,YOR039W,0,-5.609522,0.14801444113254547,0.8610000014305115,0.49559998512268066
YKR007W,YBL033C,0,-5.609707,0.14798900485038757,0.8610000014305115,0.49570000171661377
YOL113W,YGR186W,0,-5.6112347,0.14796356856822968,0.8610000014305115,0.4957999885082245
YIL129C,YGR192C,0,-5.611285,0.14793814718723297,0.8610000014305115,0.4959000051021576
YJL208C,YOL031C,0,-5.6114364,0.14791272580623627,0.8610000014305115,0.4959999918937683
YFR029W,YDR363W-A,0,-5.611845,0.14788731932640076,0.8610000014305115,0.4961000084877014
YER070W,YPL258C,0,-5.6119366,0.14786192774772644,0.8610000014305115,0.49619999527931213
YOL117W,YGR111W,0,-5.612322,0.14783653616905212,0.8610000014305115,0.49630001187324524
YNL307C,YDR087C,0,-5.612505,0.147811159491539,0.8610000014305115,0.49639999866485596
YPR018W,YJL121C,0,-5.6128654,0.14778578281402588,0.8610000014305115,0.4964999854564667
YNL312W,YLR048W,0,-5.612969,0.14776042103767395,0.8610000014305115,0.4966000020503998
YPL265W,YJL145W,0,-5.613864,0.14773507416248322,0.8610000014305115,0.4966999888420105
YDR075W,YHR138C,0,-5.6141763,0.14770972728729248,0.8610000014305115,0.4968000054359436
YIR015W,YCL019W,0,-5.6141806,0.14768439531326294,0.8610000014305115,0.4968999922275543
YGL004C,YER138C,0,-5.614649,0.1476590633392334,0.8610000014305115,0.4970000088214874
YPR104C,YNL070W,0,-5.6148434,0.14763374626636505,0.8610000014305115,0.49709999561309814
YOR249C,YER008C,0,-5.615265,0.1476084291934967,0.8610000014305115,0.49720001220703125
YJL008C,YER142C,0,-5.615649,0.14758312702178955,0.8610000014305115,0.49729999899864197
YHR194W,YFR031C,0,-5.6163864,0.1475578397512436,0.8610000014305115,0.4973999857902527
YDR379W,YIL084C,0,-5.6166744,0.14753255248069763,0.8610000014305115,0.4975000023841858
YIL159W,YPR165W,0,-5.6169252,0.14750728011131287,0.8610000014305115,0.4975999891757965
YDR524C,YGR268C,0,-5.617062,0.1474820077419281,0.8610000014305115,0.4977000057697296
YML113W,YCR053W,0,-5.6171336,0.14745675027370453,0.8610000014305115,0.49779999256134033
YBR159W,YHR073W,0,-5.617334,0.14743150770664215,0.8610000014305115,0.49790000915527344
YBL098W,YHR194W,0,-5.618058,0.14740626513957977,0.8610000014305115,0.49799999594688416
YJL072C,YDR398W,0,-5.6192875,0.1473810374736786,0.8610000014305115,0.49810001254081726
YCR038C,YGL003C,0,-5.6192927,0.1473558098077774,0.8610000014305115,0.498199999332428
YGL238W,YIL036W,0,-5.6199536,0.14733059704303741,0.8610000014305115,0.4982999861240387
YJR017C,YPL151C,1,-5.6201544,0.14747647941112518,0.8619999885559082,0.4982999861240387
YBR002C,YOL031C,0,-5.6204576,0.147451251745224,0.8619999885559082,0.4984000027179718
YPL190C,YBR002C,0,-5.6207247,0.14742602407932281,0.8619999885559082,0.4984999895095825
YPL060W,YAR009C,0,-5.620899,0.14740082621574402,0.8619999885559082,0.4986000061035156
YMR203W,YML097C,0,-5.6209507,0.14737561345100403,0.8619999885559082,0.49869999289512634
YNL147W,YLR116W,1,-5.621028,0.14752136170864105,0.8629999756813049,0.49869999289512634
YJL121C,YIL063C,0,-5.621112,0.14749614894390106,0.8629999756813049,0.49880000948905945
YPR200C,YDL150W,0,-5.6221724,0.14747095108032227,0.8629999756813049,0.49889999628067017
YBR177C,YER008C,0,-5.6226406,0.14744575321674347,0.8629999756813049,0.49900001287460327
YJL008C,YDL235C,0,-5.622693,0.14742057025432587,0.8629999756813049,0.499099999666214
YPL021W,YNL164C,0,-5.622939,0.14739538729190826,0.8629999756813049,0.4991999864578247
YIL056W,YIL029C,0,-5.6233025,0.14737021923065186,0.8629999756813049,0.4993000030517578
YDR298C,YOR260W,0,-5.6236954,0.14734505116939545,0.8629999756813049,0.49939998984336853
YNL328C,YMR270C,0,-5.624747,0.14731989800930023,0.8629999756813049,0.49950000643730164
YGR132C,YJL129C,0,-5.624827,0.1472947597503662,0.8629999756813049,0.49959999322891235
YHR023W,YBL105C,0,-5.624831,0.1472696214914322,0.8629999756813049,0.49970000982284546
YJL010C,YJR010C-A,0,-5.6251698,0.14724449813365936,0.8629999756813049,0.4997999966144562
YBR164C,YDR331W,0,-5.6254272,0.14721937477588654,0.8629999756813049,0.4999000132083893
YMR270C,YOR329C,0,-5.6266894,0.1471942663192749,0.8629999756813049,0.5
YDR309C,YIL080W,0,-5.626829,0.14716917276382446,0.8629999756813049,0.5001000165939331
YBR049C,YAL009W,0,-5.62709,0.14714407920837402,0.8629999756813049,0.5001999735832214
YLR078C,YEL041W,0,-5.627309,0.14711898565292358,0.8629999756813049,0.5002999901771545
YMR092C,YJL052W,0,-5.627492,0.14709392189979553,0.8629999756813049,0.5004000067710876
YLR304C,YFL009W,0,-5.627539,0.1470688432455063,0.8629999756813049,0.5005000233650208
YCR048W,YJL072C,0,-5.627644,0.14704379439353943,0.8629999756813049,0.5005999803543091
YPR070W,YMR203W,0,-5.6286154,0.14701874554157257,0.8629999756813049,0.5006999969482422
YIL131C,YML058W-A,0,-5.6288633,0.1469936966896057,0.8629999756813049,0.5008000135421753
YPL235W,YNL154C,0,-5.6293216,0.14696866273880005,0.8629999756813049,0.5008999705314636
YBR059C,YER138C,0,-5.6296005,0.14694364368915558,0.8629999756813049,0.5009999871253967
YNL088W,YER072W,0,-5.630625,0.1469186246395111,0.8629999756813049,0.5011000037193298
YOL122C,YJR102C,0,-5.6307306,0.14689362049102783,0.8629999756813049,0.5012000203132629
YNL270C,YBR160W,0,-5.6314855,0.14686861634254456,0.8629999756813049,0.5012999773025513
YLR008C,YMR270C,0,-5.6320696,0.14684362709522247,0.8629999756813049,0.5013999938964844
YGL004C,YJR028W,0,-5.6323357,0.14681865274906158,0.8629999756813049,0.5015000104904175
YBR185C,YML015C,0,-5.6326647,0.1467936784029007,0.8629999756813049,0.5016000270843506
YFR028C,YOR272W,0,-5.6328278,0.1467687040567398,0.8629999756813049,0.5016999840736389
YOR034C,YBR050C,0,-5.6329584,0.1467437446117401,0.8629999756813049,0.501800000667572
YLL011W,YOR212W,0,-5.6336503,0.1467188000679016,0.8629999756813049,0.5019000172615051
YBR233W-A,YDR453C,0,-5.6337843,0.1466938704252243,0.8629999756813049,0.5019999742507935
YNL270C,YNL053W,0,-5.6340423,0.1466689258813858,0.8629999756813049,0.5020999908447266
YNL129W,YDR276C,0,-5.6345043,0.1466440111398697,0.8629999756813049,0.5022000074386597
YPL118W,YFR029W,0,-5.634544,0.14661909639835358,0.8629999756813049,0.5023000240325928
YER167W,YNL222W,0,-5.634576,0.14659419655799866,0.8629999756813049,0.5023999810218811
YER003C,YDR388W,0,-5.634651,0.14656929671764374,0.8629999756813049,0.5024999976158142
YJL214W,YDR318W,0,-5.634812,0.14654441177845,0.8629999756813049,0.5026000142097473
YER167W,YHR061C,0,-5.63616,0.1465195268392563,0.8629999756813049,0.5026999711990356
YBL016W,YML055W,0,-5.636222,0.14649465680122375,0.8629999756813049,0.5027999877929688
YGR230W,YJR086W,0,-5.63686,0.14646978676319122,0.8629999756813049,0.5029000043869019
YOR099W,YEL051W,0,-5.6371856,0.14644493162631989,0.8629999756813049,0.503000020980835
YML058W-A,YIL056W,0,-5.637556,0.14642009139060974,0.8629999756813049,0.5030999779701233
YBR039W,YNL009W,0,-5.637613,0.1463952511548996,0.8629999756813049,0.5031999945640564
YIL131C,YNL131W,0,-5.6376534,0.14637042582035065,0.8629999756813049,0.5033000111579895
YKL165C,YLR425W,0,-5.637987,0.1463456004858017,0.8629999756813049,0.5034000277519226
YBL033C,YKL122C,0,-5.638057,0.14632079005241394,0.8629999756813049,0.5034999847412109
YPL234C,YNL154C,0,-5.63858,0.14629597961902618,0.8629999756813049,0.503600001335144
YGR041W,YMR089C,0,-5.639138,0.14627118408679962,0.8629999756813049,0.5037000179290771
YBR177C,YJL139C,0,-5.6391525,0.14624640345573425,0.8629999756813049,0.5037999749183655
YFL003C,YHR034C,0,-5.6396437,0.14622162282466888,0.8629999756813049,0.5038999915122986
YBR160W,YDR189W,0,-5.6404223,0.14619684219360352,0.8629999756813049,0.5040000081062317
YOR221C,YJL052W,0,-5.6406245,0.14617209136486053,0.8629999756813049,0.5041000247001648
YJL133W,YDR432W,0,-5.640772,0.14614732563495636,0.8629999756813049,0.5041999816894531
YOL130W,YOR346W,0,-5.6407766,0.14612258970737457,0.8629999756813049,0.5042999982833862
YMR153W,YLR166C,0,-5.6414022,0.14609785377979279,0.8629999756813049,0.5044000148773193
YGR239C,YOR064C,0,-5.6415854,0.146073117852211,0.8629999756813049,0.5044999718666077
YBR210W,YJR028W,0,-5.6418095,0.1460483968257904,0.8629999756813049,0.5045999884605408
YGL247W,YER044C,0,-5.64202,0.146023690700531,0.8629999756813049,0.5047000050544739
YMR041C,YLR006C,0,-5.642044,0.1459989845752716,0.8629999756813049,0.504800021648407
YGR186W,YLR240W,0,-5.642254,0.1459742933511734,0.8629999756813049,0.5048999786376953
YOR179C,YNR006W,0,-5.642545,0.1459496021270752,0.8629999756813049,0.5049999952316284
YPL100W,YEL041W,0,-5.6425476,0.14592492580413818,0.8629999756813049,0.5051000118255615
YML102W,YJL128C,0,-5.642887,0.14590024948120117,0.8629999756813049,0.5052000284194946
YJR091C,YER031C,0,-5.642948,0.14587558805942535,0.8629999756813049,0.505299985408783
YDR298C,YIL002C,0,-5.64312,0.14585094153881073,0.8629999756813049,0.5054000020027161
YPR165W,YLR005W,0,-5.6436825,0.1458262950181961,0.8629999756813049,0.5055000185966492
YKL208W,YPR182W,1,-5.643789,0.14597059786319733,0.8640000224113464,0.5055000185966492
YPL209C,YJR010C-A,0,-5.6440487,0.1459459513425827,0.8640000224113464,0.5055999755859375
YOR340C,YER169W,0,-5.64421,0.14592128992080688,0.8640000224113464,0.5056999921798706
YMR104C,YNL339C,0,-5.6443396,0.14589665830135345,0.8640000224113464,0.5058000087738037
YNL164C,YGR010W,0,-5.644355,0.14587202668190002,0.8640000224113464,0.5059000253677368
YLR133W,YCL075W,0,-5.6445274,0.1458473950624466,0.8640000224113464,0.5059999823570251
YPR025C,YJR045C,0,-5.6449947,0.14582277834415436,0.8640000224113464,0.5060999989509583
YDL145C,YDR398W,0,-5.6450834,0.14579817652702332,0.8640000224113464,0.5062000155448914
YPR182W,YKL095W,1,-5.6454473,0.1459423005580902,0.8650000095367432,0.5062000155448914
YDR331W,YPR154W,0,-5.6455503,0.14591768383979797,0.8650000095367432,0.5062999725341797
YHR187W,YOL038W,0,-5.64589,0.14589306712150574,0.8650000095367432,0.5063999891281128
YBR283C,YCL019W,0,-5.6463995,0.1458684653043747,0.8650000095367432,0.5065000057220459
YKL195W,YGR033C,0,-5.6466846,0.14584387838840485,0.8650000095367432,0.506600022315979
YPL265W,YML123C,0,-5.646762,0.145819291472435,0.8650000095367432,0.5066999793052673
YOR005C,YLR026C,0,-5.6467905,0.14579470455646515,0.8650000095367432,0.5067999958992004
YJR076C,YGL190C,0,-5.646832,0.1457701325416565,0.8650000095367432,0.5069000124931335
YLR355C,YNL323W,0,-5.647023,0.14574557542800903,0.8650000095367432,0.5070000290870667
YLR116W,YKL095W,1,-5.64745,0.1458894908428192,0.8659999966621399,0.5070000290870667
YPL265W,YMR266W,0,-5.6475344,0.14586491882801056,0.8659999966621399,0.507099986076355
YKL101W,YOL142W,0,-5.6476784,0.1458403468132019,0.8659999966621399,0.5072000026702881
YJL026W,YCL005W-A,0,-5.6485424,0.14581578969955444,0.8659999966621399,0.5073000192642212
YMR296C,YGR181W,0,-5.64883,0.14579124748706818,0.8659999966621399,0.5073999762535095
YIL034C,YDR388W,0,-5.649189,0.1457667052745819,0.8659999966621399,0.5074999928474426
YOR079C,YDL083C,0,-5.649192,0.14574217796325684,0.8659999966621399,0.5076000094413757
YHR175W,YKL056C,0,-5.649529,0.14571765065193176,0.8659999966621399,0.5077000260353088
YIL112W,YER089C,0,-5.6495886,0.14569313824176788,0.8659999966621399,0.5077999830245972
YOR037W,YCL004W,0,-5.6496496,0.145668625831604,0.8659999966621399,0.5078999996185303
YJR131W,YOR036W,0,-5.649818,0.14564412832260132,0.8659999966621399,0.5080000162124634
YDL008W,YKL212W,0,-5.6499176,0.14561964571475983,0.8659999966621399,0.5080999732017517
YJL034W,YIL029C,0,-5.650295,0.14559516310691833,0.8659999966621399,0.5081999897956848
YIL120W,YJL129C,0,-5.6503286,0.14557068049907684,0.8659999966621399,0.5083000063896179
YOR180C,YJL121C,0,-5.6506176,0.14554621279239655,0.8659999966621399,0.508400022983551
YDR301W,YBR152W,1,-5.651285,0.14568980038166046,0.8669999837875366,0.508400022983551
YLR431C,YKL195W,0,-5.6514134,0.14566531777381897,0.8669999837875366,0.5084999799728394
YMR301C,YHR124W,0,-5.6518173,0.14564085006713867,0.8669999837875366,0.5085999965667725
YDR046C,YOL113W,0,-5.6520033,0.14561639726161957,0.8669999837875366,0.5087000131607056
YPL248C,YML127W,0,-5.652119,0.14559194445610046,0.8669999837875366,0.5088000297546387
YGL256W,YHR161C,0,-5.6525736,0.14556749165058136,0.8669999837875366,0.508899986743927
YLR195C,YKL042W,0,-5.6530075,0.14554305374622345,0.8669999837875366,0.5090000033378601
YPR094W,YLR424W,1,-5.6531224,0.14568647742271423,0.8679999709129333,0.5090000033378601
YKR059W,YCR102C,0,-5.6541295,0.14566202461719513,0.8679999709129333,0.5091000199317932
YPL018W,YMR073C,0,-5.654313,0.14563758671283722,0.8679999709129333,0.5091999769210815
YBR059C,YOR098C,0,-5.654544,0.1456131488084793,0.8679999709129333,0.5092999935150146
YOR344C,YHL009C,0,-5.654934,0.1455887258052826,0.8679999709129333,0.5094000101089478
YIL129C,YNL154C,0,-5.6551085,0.14556431770324707,0.8679999709129333,0.5095000267028809
YDR328C,YFL008W,0,-5.655575,0.14553990960121155,0.8679999709129333,0.5095999836921692
YCR072C,YML033W,0,-5.655857,0.14551550149917603,0.8679999709129333,0.5097000002861023
YNL127W,YER169W,0,-5.6564546,0.1454911231994629,0.8679999709129333,0.5098000168800354
YPL091W,YML073C,0,-5.657321,0.14546672999858856,0.8679999709129333,0.5098999738693237
YMR091C,YCR042C,0,-5.6574054,0.14544236660003662,0.8679999709129333,0.5099999904632568
YNL039W,YIL131C,0,-5.6576357,0.1454179883003235,0.8679999709129333,0.5101000070571899
YNL070W,YPR036W,0,-5.65768,0.14539363980293274,0.8679999709129333,0.510200023651123
YGL003C,YBR127C,0,-5.657979,0.145369291305542,0.8679999709129333,0.5102999806404114
YGR010W,YNL149C,0,-5.6580563,0.14534494280815125,0.8679999709129333,0.5103999972343445
YOL142W,YPR036W,0,-5.6583233,0.1453206092119217,0.8679999709129333,0.5105000138282776
YDL126C,YGR014W,0,-5.6583366,0.14529629051685333,0.8679999709129333,0.5105999708175659
YER032W,YOR148C,1,-5.658581,0.14543932676315308,0.8690000176429749,0.5105999708175659
YCR060W,YBR105C,0,-5.658622,0.14541499316692352,0.8690000176429749,0.510699987411499
YGL247W,YLL019C,0,-5.659033,0.14539065957069397,0.8690000176429749,0.5108000040054321
YHR116W,YBR185C,0,-5.6592317,0.1453663408756256,0.8690000176429749,0.5109000205993652
YDL138W,YNL241C,0,-5.6592712,0.14534203708171844,0.8690000176429749,0.5109999775886536
YLR394W,YHR175W,0,-5.659507,0.14531771838665009,0.8690000176429749,0.5110999941825867
YDL175C,YGL011C,0,-5.659725,0.1452934294939041,0.8690000176429749,0.5112000107765198
YJR083C,YPR001W,0,-5.6602907,0.14526914060115814,0.8690000176429749,0.5113000273704529
YDR163W,YKR086W,1,-5.6604767,0.14541199803352356,0.8700000047683716,0.5113000273704529
YIL106W,YIL063C,0,-5.6605053,0.1453876942396164,0.8700000047683716,0.5113999843597412
YCL025C,YML055W,0,-5.6607313,0.14536340534687042,0.8700000047683716,0.5115000009536743
YDL142C,YIL063C,0,-5.6607704,0.14533913135528564,0.8700000047683716,0.5116000175476074
YGR211W,YDR131C,0,-5.660981,0.14531484246253967,0.8700000047683716,0.5116999745368958
YJL194W,YDL128W,0,-5.6611595,0.1452905833721161,0.8700000047683716,0.5117999911308289
YBR038W,YMR021C,0,-5.6612024,0.1452663242816925,0.8700000047683716,0.511900007724762
YNL148C,YML129C,0,-5.6614475,0.14524206519126892,0.8700000047683716,0.5120000243186951
YHR116W,YGL084C,0,-5.6618853,0.14521782100200653,0.8700000047683716,0.5120999813079834
YLR059C,YCL074W,0,-5.661905,0.14519359171390533,0.8700000047683716,0.5121999979019165
YBL061C,YPR036W,0,-5.6619124,0.14516936242580414,0.8700000047683716,0.5123000144958496
YMR184W,YGL192W,0,-5.66225,0.14514514803886414,0.8700000047683716,0.5123999714851379
YOR377W,YLR193C,0,-5.662381,0.14512093365192413,0.8700000047683716,0.512499988079071
YOL130W,YKL165C,0,-5.662383,0.14509673416614532,0.8700000047683716,0.5126000046730042
YPL242C,YLR240W,0,-5.6627007,0.14507253468036652,0.8700000047683716,0.5127000212669373
YEL041W,YOR087W,0,-5.662918,0.1450483500957489,0.8700000047683716,0.5127999782562256
YHR158C,YKL195W,0,-5.6629324,0.1450241655111313,0.8700000047683716,0.5128999948501587
YDR040C,YMR005W,0,-5.6633077,0.14499999582767487,0.8700000047683716,0.5130000114440918
YAL007C,YGL053W,0,-5.663579,0.14497584104537964,0.8700000047683716,0.5131000280380249
YLR205C,YLL056C,0,-5.6648664,0.1449516862630844,0.8700000047683716,0.5131999850273132
YJL102W,YER138C,0,-5.665036,0.14492753148078918,0.8700000047683716,0.5133000016212463
YIL063C,YML039W,0,-5.665744,0.14490339159965515,0.8700000047683716,0.5134000182151794
YOR260W,YBR087W,0,-5.6660213,0.1448792666196823,0.8700000047683716,0.5134999752044678
YKL029C,YBL093C,0,-5.666369,0.14485514163970947,0.8700000047683716,0.5135999917984009
YOL113W,YBL061C,0,-5.666472,0.14483103156089783,0.8700000047683716,0.513700008392334
YGR262C,YJR091C,0,-5.666545,0.14480692148208618,0.8700000047683716,0.5138000249862671
YGL084C,YMR142C,0,-5.667101,0.14478282630443573,0.8700000047683716,0.5138999819755554
YFR024C,YKL079W,0,-5.667462,0.14475873112678528,0.8700000047683716,0.5139999985694885
YGL013C,YMR203W,0,-5.667716,0.14473465085029602,0.8700000047683716,0.5141000151634216
YOR180C,YMR091C,0,-5.668583,0.14471058547496796,0.8700000047683716,0.51419997215271
YOR159C,YPR182W,1,-5.6688147,0.14485281705856323,0.8709999918937683,0.51419997215271
YNL281W,YPR018W,0,-5.6690764,0.14482873678207397,0.8709999918937683,0.5142999887466431
YLR116W,YLR424W,1,-5.669249,0.14497090876102448,0.871999979019165,0.5142999887466431
YJL214W,YOR036W,0,-5.6710167,0.14494681358337402,0.871999979019165,0.5144000053405762
YHR174W,YGL172W,0,-5.6723747,0.14492271840572357,0.871999979019165,0.5145000219345093
YER032W,YIR005W,1,-5.672518,0.1450648009777069,0.8730000257492065,0.5145000219345093
YBR129C,YBR077C,0,-5.673138,0.14504070580005646,0.8730000257492065,0.5145999789237976
YHL040C,YOR039W,0,-5.6734085,0.145016610622406,0.8730000257492065,0.5146999955177307
YER008C,YBR162C,0,-5.6736765,0.14499253034591675,0.8730000257492065,0.5148000121116638
YIL106W,YML093W,0,-5.6736836,0.1449684500694275,0.8730000257492065,0.5149000287055969
YOR260W,YPL082C,0,-5.6737056,0.14494438469409943,0.8730000257492065,0.5149999856948853
YNL030W,YLR005W,0,-5.674446,0.14492031931877136,0.8730000257492065,0.5151000022888184
YAL022C,YBL058W,0,-5.6746216,0.1448962688446045,0.8730000257492065,0.5152000188827515
YGR239C,YOR329C,0,-5.674663,0.14487221837043762,0.8730000257492065,0.5152999758720398
YLR110C,YBR038W,0,-5.6749277,0.14484818279743195,0.8730000257492065,0.5153999924659729
YFL010W-A,YHR006W,0,-5.6749983,0.14482414722442627,0.8730000257492065,0.515500009059906
YIL159W,YMR047C,0,-5.675029,0.1448001265525818,0.8730000257492065,0.5156000256538391
YPL234C,YNL339C,0,-5.6761894,0.1447761207818985,0.8730000257492065,0.5156999826431274
YMR214W,YHR006W,0,-5.6767235,0.1447521150112152,0.8730000257492065,0.5157999992370605
YKL146W,YAL009W,0,-5.6768274,0.14472812414169312,0.8730000257492065,0.5159000158309937
YHR116W,YOR088W,0,-5.6769133,0.14470413327217102,0.8730000257492065,0.515999972820282
YJR139C,YEL004W,0,-5.677478,0.14468014240264893,0.8730000257492065,0.5160999894142151
YFL010W-A,YDR021W,0,-5.6777253,0.14465616643428802,0.8730000257492065,0.5162000060081482
YDR075W,YDR059C,0,-5.6784143,0.14463220536708832,0.8730000257492065,0.5163000226020813
YML113W,YJR145C,0,-5.678555,0.1446082442998886,0.8730000257492065,0.5163999795913696
YCL016C,YPR002W,0,-5.6792088,0.1445842981338501,0.8730000257492065,0.5164999961853027
YBR183W,YLL056C,0,-5.679244,0.14456035196781158,0.8730000257492065,0.5166000127792358
YIR005W,YBR152W,1,-5.6797876,0.1447019875049591,0.8740000128746033,0.5166000127792358
YDL003W,YGR158C,0,-5.6810303,0.1446780264377594,0.8740000128746033,0.516700029373169
YGR261C,YMR183C,0,-5.681125,0.14465409517288208,0.8740000128746033,0.5167999863624573
YMR216C,YDR478W,1,-5.6811714,0.14479562640190125,0.875,0.5167999863624573
YOR254C,YML039W,0,-5.6819925,0.14477168023586273,0.875,0.5169000029563904
YNL053W,YDR498C,0,-5.682061,0.14474771916866302,0.875,0.5170000195503235
YBR201W,YCL063W,0,-5.682275,0.1447237879037857,0.875,0.5170999765396118
YDL080C,YMR089C,0,-5.6825137,0.1446998566389084,0.875,0.5171999931335449
YMR047C,YKR095W-A,0,-5.682661,0.14467592537403107,0.875,0.517300009727478
YDR040C,YGR239C,0,-5.683215,0.14465200901031494,0.875,0.5174000263214111
YPR188C,YMR089C,0,-5.6838093,0.14462809264659882,0.875,0.5174999833106995
YJR150C,YOR230W,0,-5.6838465,0.14460419118404388,0.875,0.5175999999046326
YDR273W,YHR034C,0,-5.684281,0.14458030462265015,0.875,0.5177000164985657
YDL117W,YFL003C,0,-5.68451,0.1445564180612564,0.875,0.517799973487854
YLR262C,YAR009C,0,-5.6846547,0.14453254640102386,0.875,0.5178999900817871
YHR042W,YOL045W,0,-5.684958,0.14450867474079132,0.875,0.5180000066757202
YJL148W,YDR310C,0,-5.6851625,0.14448480308055878,0.875,0.5181000232696533
YNL084C,YLR384C,0,-5.6857285,0.14446096122264862,0.875,0.5181999802589417
YGL256W,YKL080W,0,-5.685911,0.14443710446357727,0.875,0.5182999968528748
YGR059W,YDL109C,0,-5.6860905,0.14441326260566711,0.875,0.5184000134468079
YDR276C,YDL140C,0,-5.686164,0.14438943564891815,0.875,0.5184999704360962
YDR309C,YDR131C,0,-5.6869516,0.14436562359333038,0.875,0.5185999870300293
YBR039W,YLR034C,0,-5.687413,0.14434179663658142,0.875,0.5187000036239624
YFR013W,YCL075W,0,-5.6875277,0.14431799948215485,0.875,0.5188000202178955
YIL034C,YGL226C-A,0,-5.6875668,0.14429420232772827,0.875,0.5188999772071838
YBR211C,YKR079C,0,-5.688482,0.1442704051733017,0.875,0.5189999938011169
YMR001C,YBL093C,0,-5.6885943,0.14424662292003632,0.875,0.51910001039505
YHR116W,YOR106W,0,-5.68878,0.14422284066677094,0.875,0.5192000269889832
YER003C,YIL084C,0,-5.6888447,0.14419907331466675,0.875,0.5192999839782715
YHR203C,YDL042C,0,-5.689069,0.14417532086372375,0.875,0.5194000005722046
YDR309C,YER117W,0,-5.6891236,0.14415156841278076,0.875,0.5195000171661377
YMR301C,YPL248C,0,-5.689356,0.14412781596183777,0.875,0.519599974155426
YBL032W,YDR276C,0,-5.689805,0.14410407841205597,0.875,0.5196999907493591
YLR263W,YIL056W,0,-5.6899977,0.14408035576343536,0.875,0.5198000073432922
YBR159W,YGR014W,0,-5.6903505,0.14405663311481476,0.875,0.5199000239372253
YMR076C,YDL109C,0,-5.6913013,0.14403292536735535,0.875,0.5199999809265137
YJL165C,YOR241W,0,-5.6913233,0.14400921761989594,0.875,0.5200999975204468
YJR074W,YJL072C,0,-5.691518,0.14398552477359772,0.875,0.5202000141143799
YCL055W,YIL063C,0,-5.691536,0.1439618319272995,0.875,0.5202999711036682
YGR224W,YPL248C,0,-5.6916437,0.14393815398216248,0.875,0.5203999876976013
YBR152W,YLR424W,1,-5.691971,0.14407894015312195,0.8759999871253967,0.5203999876976013
YER142C,YHR124W,0,-5.692706,0.14405524730682373,0.8759999871253967,0.5205000042915344
YGL155W,YJR139C,0,-5.6933107,0.1440315693616867,0.8759999871253967,0.5206000208854675
YGL004C,YML127W,0,-5.69338,0.14400789141654968,0.8759999871253967,0.5206999778747559
YLR195C,YGL092W,0,-5.693755,0.14398421347141266,0.8759999871253967,0.520799994468689
YER068W,YML049C,1,-5.693855,0.14412489533424377,0.8769999742507935,0.520799994468689
YER028C,YBL033C,0,-5.6939526,0.14410121738910675,0.8769999742507935,0.5209000110626221
YMR076C,YDR180W,0,-5.6943493,0.14407753944396973,0.8769999742507935,0.5210000276565552
YBR107C,YDL225W,0,-5.694554,0.1440538763999939,0.8769999742507935,0.5210999846458435
YDR397C,YGR181W,0,-5.694562,0.14403021335601807,0.8769999742507935,0.5212000012397766
YGL256W,YLL015W,0,-5.6955442,0.14400656521320343,0.8769999742507935,0.5213000178337097
YOL063C,YMR225C,0,-5.695576,0.14398293197155,0.8769999742507935,0.521399974822998
YBR164C,YIR022W,0,-5.6975074,0.14395928382873535,0.8769999742507935,0.5214999914169312
YKL166C,YDL128W,0,-5.697673,0.1439356654882431,0.8769999742507935,0.5216000080108643
YBL009W,YOL108C,0,-5.697768,0.14391204714775085,0.8769999742507935,0.5217000246047974
YDR515W,YIL022W,0,-5.698148,0.1438884288072586,0.8769999742507935,0.5217999815940857
YJL214W,YOR330C,0,-5.6983232,0.14386482536792755,0.8769999742507935,0.5218999981880188
YBR008C,YBR089C-A,0,-5.6988044,0.1438412368297577,0.8769999742507935,0.5220000147819519
YER106W,YLR090W,0,-5.6988745,0.14381764829158783,0.8769999742507935,0.5220999717712402
YMR153W,YIR041W,0,-5.699165,0.14379405975341797,0.8769999742507935,0.5221999883651733
YER073W,YHR041C,0,-5.6992693,0.1437704861164093,0.8769999742507935,0.5223000049591064
YNR054C,YPR036W,0,-5.700079,0.14374692738056183,0.8769999742507935,0.5224000215530396
YOL049W,YKR079C,0,-5.7002873,0.14372336864471436,0.8769999742507935,0.5224999785423279
YJL184W,YPL210C,0,-5.700546,0.14369982481002808,0.8769999742507935,0.522599995136261
YMR092C,YJR139C,0,-5.7005844,0.1436762809753418,0.8769999742507935,0.5227000117301941
YNL084C,YOL105C,0,-5.7006655,0.14365273714065552,0.8769999742507935,0.5228000283241272
YNL074C,YML103C,0,-5.701377,0.14362922310829163,0.8769999742507935,0.5228999853134155
YKL025C,YFR005C,1,-5.7023153,0.14376944303512573,0.878000020980835,0.5228999853134155
YLR078C,YNL110C,0,-5.7033396,0.14374591410160065,0.878000020980835,0.5230000019073486
YMR298W,YGL013C,0,-5.7034287,0.14372237026691437,0.878000020980835,0.5231000185012817
YLR008C,YHR012W,0,-5.703925,0.14369885623455048,0.878000020980835,0.5231999754905701
YNL281W,YNR015W,0,-5.704127,0.14367534220218658,0.878000020980835,0.5232999920845032
YNR054C,YMR076C,0,-5.704708,0.1436518281698227,0.878000020980835,0.5234000086784363
YCL014W,YDR142C,0,-5.7048674,0.14362832903862,0.878000020980835,0.5235000252723694
YDR331W,YJR145C,0,-5.705512,0.1436048448085785,0.878000020980835,0.5235999822616577
YLR127C,YDL088C,0,-5.7071085,0.143581360578537,0.878000020980835,0.5236999988555908
YJR086W,YCR102C,0,-5.70713,0.14355787634849548,0.878000020980835,0.5238000154495239
YDR345C,YDR013W,0,-5.7072215,0.14353440701961517,0.878000020980835,0.5238999724388123
YOL009C,YLR268W,0,-5.707719,0.14351095259189606,0.878000020980835,0.5239999890327454
YPR188C,YGR239C,0,-5.7077546,0.14348749816417694,0.878000020980835,0.5241000056266785
YDR174W,YHR161C,0,-5.7082148,0.14346405863761902,0.878000020980835,0.5242000222206116
YBR132C,YML131W,0,-5.7086143,0.1434406191110611,0.878000020980835,0.5242999792098999
YJL207C,YPR065W,0,-5.7087545,0.14341717958450317,0.878000020980835,0.524399995803833
YMR225C,YJR110W,0,-5.7104034,0.14339375495910645,0.878000020980835,0.5245000123977661
YDR191W,YER138C,0,-5.710532,0.1433703452348709,0.878000020980835,0.5246000289916992
YBR160W,YOR149C,0,-5.710626,0.14334693551063538,0.878000020980835,0.5246999859809875
YDR202C,YKR008W,0,-5.7107725,0.14332354068756104,0.878000020980835,0.5248000025749207
YNL136W,YPL248C,0,-5.71128,0.1433001458644867,0.878000020980835,0.5249000191688538
YMR073C,YCL019W,0,-5.7115297,0.14327676594257355,0.878000020980835,0.5249999761581421
YGL016W,YOR098C,0,-5.7115316,0.1432533860206604,0.878000020980835,0.5250999927520752
YLR078C,YFR031C,0,-5.711651,0.14323002099990845,0.878000020980835,0.5252000093460083
YGR249W,YDR337W,0,-5.713257,0.1432066559791565,0.878000020980835,0.5253000259399414
YLR157C,YMR283C,0,-5.713526,0.14318330585956573,0.878000020980835,0.5253999829292297
YDL135C,YCL054W,0,-5.713847,0.14315995573997498,0.878000020980835,0.5254999995231628
YDR081C,YOR088W,0,-5.7144537,0.1431366205215454,0.878000020980835,0.525600016117096
YDR301W,YDL098C,1,-5.7146306,0.14327628910541534,0.8790000081062317,0.525600016117096
YBR145W,YCL004W,0,-5.715248,0.14325293898582458,0.8790000081062317,0.5256999731063843
YBR145W,YGR218W,0,-5.715548,0.14322958886623383,0.8790000081062317,0.5257999897003174
YHR160C,YML032C,0,-5.7159853,0.14320625364780426,0.8790000081062317,0.5259000062942505
YJR083C,YCR102C,0,-5.7160044,0.1431829333305359,0.8790000081062317,0.5260000228881836
YLR068W,YLR346C,0,-5.716442,0.14315961301326752,0.8790000081062317,0.5260999798774719
YJL207C,YNL339C,0,-5.716488,0.14313629269599915,0.8790000081062317,0.526199996471405
YLR048W,YGR033C,0,-5.716529,0.14311298727989197,0.8790000081062317,0.5263000130653381
YBR010W,YDL083C,0,-5.7169924,0.14308969676494598,0.8790000081062317,0.5264000296592712
YBR275C,YPR036W,0,-5.7184467,0.14306640625,0.8790000081062317,0.5264999866485596
YGR284C,YPL253C,0,-5.719507,0.1430431306362152,0.8790000081062317,0.5266000032424927
YOR307C,YLR010C,0,-5.720081,0.14301985502243042,0.8790000081062317,0.5267000198364258
YJR139C,YDR191W,0,-5.7205114,0.14299657940864563,0.8790000081062317,0.5267999768257141
YDL017W,YCL026C-A,0,-5.720782,0.14297331869602203,0.8790000081062317,0.5268999934196472
YNL148C,YDR363W-A,0,-5.720937,0.14295007288455963,0.8790000081062317,0.5270000100135803
YLR116W,YML049C,1,-5.721451,0.1430894285440445,0.8799999952316284,0.5270000100135803
YBR087W,YLR135W,0,-5.7215424,0.1430661678314209,0.8799999952316284,0.5271000266075134
YGR202C,YGL171W,0,-5.7223387,0.1430429071187973,0.8799999952316284,0.5271999835968018
YOR160W,YNL149C,0,-5.722375,0.1430196613073349,0.8799999952316284,0.5273000001907349
YAL007C,YDL006W,0,-5.722665,0.1429964303970337,0.8799999952316284,0.527400016784668
YKL160W,YJR091C,0,-5.722984,0.14297319948673248,0.8799999952316284,0.5274999737739563
YBR273C,YPL033C,0,-5.723213,0.14294996857643127,0.8799999952316284,0.5275999903678894
YJL129C,YER138C,0,-5.7234716,0.14292675256729126,0.8799999952316284,0.5277000069618225
YDL029W,YJL139C,0,-5.7239037,0.14290353655815125,0.8799999952316284,0.5278000235557556
YLR304C,YDR456W,0,-5.7244205,0.14288033545017242,0.8799999952316284,0.527899980545044
YHR169W,YIL112W,0,-5.725461,0.1428571492433548,0.8799999952316284,0.527999997138977
YDL042C,YOR287C,0,-5.725554,0.14283394813537598,0.8799999952316284,0.5281000137329102
YLR081W,YMR270C,0,-5.7257557,0.14281077682971954,0.8799999952316284,0.5281999707221985
YDL058W,YOR087W,0,-5.7260447,0.1427876055240631,0.8799999952316284,0.5282999873161316
YOR144C,YOL156W,0,-5.72631,0.14276443421840668,0.8799999952316284,0.5284000039100647
YOR103C,YCR053W,0,-5.727022,0.14274127781391144,0.8799999952316284,0.5285000205039978
YHR061C,YDR345C,0,-5.727107,0.1427181363105774,0.8799999952316284,0.5285999774932861
YNL230C,YIL117C,0,-5.72742,0.14269499480724335,0.8799999952316284,0.5286999940872192
YDL154W,YML047C,0,-5.727522,0.1426718533039093,0.8799999952316284,0.5288000106811523
YER142C,YHR012W,0,-5.7276525,0.14264872670173645,0.8799999952316284,0.5289000272750854
YPL269W,YDL058W,0,-5.727906,0.1426256150007248,0.8799999952316284,0.5289999842643738
YFL023W,YNL061W,0,-5.7284164,0.14260248839855194,0.8799999952316284,0.5291000008583069
YDR298C,YGR024C,0,-5.7284307,0.14257939159870148,0.8799999952316284,0.52920001745224
YLL061W,YPL118W,0,-5.728609,0.142556294798851,0.8799999952316284,0.5292999744415283
YML012W,YML093W,0,-5.728692,0.14253319799900055,0.8799999952316284,0.5293999910354614
YBR039W,YGL143C,0,-5.7288857,0.14251011610031128,0.8799999952316284,0.5295000076293945
YER003C,YOL039W,0,-5.72943,0.1424870491027832,0.8799999952316284,0.5296000242233276
YDR098C,YBR162C,0,-5.7297463,0.14246398210525513,0.8799999952316284,0.529699981212616
YAL042W,YFR013W,0,-5.729807,0.14244091510772705,0.8799999952316284,0.5297999978065491
YER106W,YPR052C,0,-5.7302275,0.14241786301136017,0.8799999952316284,0.5299000144004822
YML047C,YDR453C,0,-5.730565,0.14239482581615448,0.8799999952316284,0.5299999713897705
YDL143W,YGR222W,0,-5.731159,0.1423717886209488,0.8799999952316284,0.5300999879837036
YGL171W,YNL044W,0,-5.73151,0.1423487514257431,0.8799999952316284,0.5302000045776367
YLR319C,YJL102W,0,-5.73196,0.1423257291316986,0.8799999952316284,0.5303000211715698
YER019W,YLR135W,0,-5.7325144,0.1423027217388153,0.8799999952316284,0.5303999781608582
YAL042W,YIR033W,0,-5.732688,0.142279714345932,0.8799999952316284,0.5304999947547913
YML132W,YDR485C,0,-5.7326913,0.1422567069530487,0.8799999952316284,0.5306000113487244
YPR083W,YOL117W,0,-5.73353,0.1422337144613266,0.8799999952316284,0.5307000279426575
YCL025C,YDL117W,0,-5.734139,0.14221073687076569,0.8799999952316284,0.5307999849319458
YMR106C,YLR455W,0,-5.7342024,0.14218775928020477,0.8799999952316284,0.5309000015258789
YDR277C,YMR175W,0,-5.7346077,0.14216478168964386,0.8799999952316284,0.531000018119812
YHR160C,YOL038W,0,-5.734889,0.14214181900024414,0.8799999952316284,0.5310999751091003
YJL133W,YLR048W,0,-5.7348967,0.14211885631084442,0.8799999952316284,0.5311999917030334
YOR098C,YPL235W,0,-5.735139,0.1420959085226059,0.8799999952316284,0.5313000082969666
YMR029C,YPL188W,0,-5.7352953,0.14207297563552856,0.8799999952316284,0.5314000248908997
YBR039W,YGL226C-A,0,-5.7353306,0.14205004274845123,0.8799999952316284,0.531499981880188
YHR061C,YOR346W,0,-5.735392,0.1420271098613739,0.8799999952316284,0.5315999984741211
YBR159W,YDR451C,0,-5.735545,0.14200419187545776,0.8799999952316284,0.5317000150680542
YNR015W,YDR131C,0,-5.735925,0.14198128879070282,0.8799999952316284,0.5317999720573425
YLR110C,YLR425W,0,-5.736847,0.14195838570594788,0.8799999952316284,0.5318999886512756
YLL015W,YPL082C,0,-5.7370777,0.14193548262119293,0.8799999952316284,0.5320000052452087
YOR319W,YBL026W,1,-5.7373586,0.142073854804039,0.8809999823570251,0.5320000052452087
YPR181C,YDR310C,0,-5.737702,0.14205095171928406,0.8809999823570251,0.5321000218391418
YNL008C,YCL074W,0,-5.7377105,0.1420280486345291,0.8809999823570251,0.5321999788284302
YLR078C,YOR386W,0,-5.7379446,0.14200516045093536,0.8809999823570251,0.5322999954223633
YNL039W,YLR133W,0,-5.7382064,0.1419822722673416,0.8809999823570251,0.5324000120162964
YHR194W,YCL043C,0,-5.7388005,0.14195939898490906,0.8809999823570251,0.5325000286102295
YPR057W,YNL282W,1,-5.7390256,0.14209763705730438,0.8820000290870667,0.5325000286102295
YBR107C,YIL029C,0,-5.73987,0.14207474887371063,0.8820000290870667,0.5325999855995178
YJL076W,YJR010C-A,0,-5.7398853,0.14205186069011688,0.8820000290870667,0.5327000021934509
YJL194W,YOR036W,0,-5.7400093,0.14202898740768433,0.8820000290870667,0.532800018787384
YLR195C,YNL302C,0,-5.7401657,0.14200611412525177,0.8820000290870667,0.5328999757766724
YIL036W,YML047C,0,-5.740316,0.1419832557439804,0.8820000290870667,0.5329999923706055
YIL034C,YNL311C,0,-5.740323,0.14196041226387024,0.8820000290870667,0.5331000089645386
YDR337W,YPR155C,0,-5.740547,0.14193755388259888,0.8820000290870667,0.5332000255584717
YOR002W,YDL217C,0,-5.7407913,0.1419147253036499,0.8820000290870667,0.53329998254776
YKL146W,YOL009C,0,-5.741319,0.14189189672470093,0.8820000290870667,0.5333999991416931
YOR123C,YBL033C,0,-5.7417803,0.14186906814575195,0.8820000290870667,0.5335000157356262
YMR138W,YGL192W,0,-5.741838,0.14184625446796417,0.8820000290870667,0.5335999727249146
YDL045C,YMR214W,0,-5.742202,0.1418234407901764,0.8820000290870667,0.5336999893188477
YLR110C,YNL339C,0,-5.7425375,0.1418006420135498,0.8820000290870667,0.5338000059127808
YPR200C,YKL042W,0,-5.7433853,0.14177784323692322,0.8820000290870667,0.5339000225067139
YPL265W,YMR296C,0,-5.7440004,0.14175505936145782,0.8820000290870667,0.5339999794960022
YLR011W,YDR202C,0,-5.744076,0.14173229038715363,0.8820000290870667,0.5340999960899353
YMR216C,YLR424W,1,-5.744727,0.1418701857328415,0.8830000162124634,0.5340999960899353
YLR319C,YNL339C,0,-5.7447734,0.1418473869562149,0.8830000162124634,0.5342000126838684
YPL192C,YBR105C,0,-5.7448406,0.1418246030807495,0.8830000162124634,0.5343000292778015
YFL025C,YLR059C,0,-5.744954,0.1418018341064453,0.8830000162124634,0.5343999862670898
YBR159W,YOL002C,0,-5.745241,0.1417790651321411,0.8830000162124634,0.534500002861023
YML058W-A,YPR155C,0,-5.7455263,0.14175629615783691,0.8830000162124634,0.534600019454956
YKL166C,YOR088W,0,-5.7456174,0.1417335420846939,0.8830000162124634,0.5346999764442444
YMR184W,YKL195W,0,-5.7460966,0.1417108029127121,0.8830000162124634,0.5347999930381775
YHR119W,YML039W,0,-5.7478666,0.14168806374073029,0.8830000162124634,0.5349000096321106
YDR320C-A,YEL060C,0,-5.748704,0.14166532456874847,0.8830000162124634,0.5350000262260437
YDR116C,YLR262C,0,-5.748705,0.14164260029792786,0.8830000162124634,0.535099983215332
YHR005C,YPL026C,0,-5.7493067,0.14161989092826843,0.8830000162124634,0.5351999998092651
YMR266W,YPR181C,0,-5.7500515,0.141597181558609,0.8830000162124634,0.5353000164031982
YNR067C,YFR030W,0,-5.7501826,0.14157447218894958,0.8830000162124634,0.5353999733924866
YPR065W,YLR417W,0,-5.750779,0.14155177772045135,0.8830000162124634,0.5354999899864197
YER142C,YCR084C,0,-5.7509146,0.14152909815311432,0.8830000162124634,0.5356000065803528
YKL080W,YML131W,0,-5.751215,0.1415064036846161,0.8830000162124634,0.5357000231742859
YBR185C,YGR132C,0,-5.7517333,0.14148373901844025,0.8830000162124634,0.5357999801635742
YHR175W,YHR138C,0,-5.7523494,0.1414610743522644,0.8830000162124634,0.5358999967575073
YKL208W,YFL017W-A,1,-5.752425,0.14159859716892242,0.8840000033378601,0.5358999967575073
YPL268W,YJR110W,0,-5.752626,0.1415759176015854,0.8840000033378601,0.5360000133514404
YPL082C,YOL001W,0,-5.7527695,0.14155323803424835,0.8840000033378601,0.5360999703407288
YCL014W,YHR006W,0,-5.752934,0.1415305733680725,0.8840000033378601,0.5361999869346619
YCR038C,YNL328C,0,-5.7530346,0.14150792360305786,0.8840000033378601,0.536300003528595
YJL034W,YGR010W,0,-5.753543,0.1414852738380432,0.8840000033378601,0.5364000201225281
YBR211C,YOR206W,0,-5.7539372,0.14146263897418976,0.8840000033378601,0.5364999771118164
YDR055W,YHR161C,0,-5.754135,0.1414400041103363,0.8840000033378601,0.5365999937057495
YPL146C,YIL022W,0,-5.754285,0.14141736924648285,0.8840000033378601,0.5367000102996826
YOR031W,YDR131C,0,-5.7545495,0.1413947492837906,0.8840000033378601,0.5368000268936157
YOR221C,YHR001W-A,0,-5.754629,0.14137214422225952,0.8840000033378601,0.536899983882904
YDL079C,YHR012W,0,-5.7547894,0.14134953916072845,0.8840000033378601,0.5370000004768372
YNL065W,YBL093C,0,-5.7552648,0.1413269340991974,0.8840000033378601,0.5371000170707703
YJR150C,YOR221C,0,-5.755363,0.14130434393882751,0.8840000033378601,0.5371999740600586
YHR001W-A,YFL008W,0,-5.756119,0.14128176867961884,0.8840000033378601,0.5372999906539917
YDL200C,YDR310C,0,-5.756179,0.14125919342041016,0.8840000033378601,0.5374000072479248
YGL016W,YCR102C,0,-5.75628,0.14123661816120148,0.8840000033378601,0.5375000238418579
YKL085W,YKL080W,0,-5.75706,0.141214057803154,0.8840000033378601,0.5375999808311462
YFL009W,YFR003C,0,-5.757509,0.1411914974451065,0.8840000033378601,0.5376999974250793
YOL130W,YDL008W,0,-5.7577667,0.14116895198822021,0.8840000033378601,0.5378000140190125
YGL256W,YPL177C,0,-5.7581053,0.14114642143249512,0.8840000033378601,0.5378999710083008
YJL207C,YKL034W,0,-5.758211,0.14112387597560883,0.8840000033378601,0.5379999876022339
YMR298W,YER001W,0,-5.7583637,0.14110136032104492,0.8840000033378601,0.538100004196167
YDL017W,YDL019C,0,-5.7584147,0.14107884466648102,0.8840000033378601,0.5382000207901001
YLR335W,YAL009W,0,-5.7584734,0.14105632901191711,0.8840000033378601,0.5382999777793884
YDR301W,YNL282W,1,-5.758895,0.14119336009025574,0.8849999904632568,0.5382999777793884
YAR033W,YLR346C,0,-5.760008,0.14117084443569183,0.8849999904632568,0.5383999943733215
YLR157C,YHR200W,0,-5.7601705,0.14114832878112793,0.8849999904632568,0.5385000109672546
YGL192W,YBL105C,0,-5.7613473,0.14112581312656403,0.8849999904632568,0.5386000275611877
YPR138C,YOL001W,0,-5.761969,0.14110331237316132,0.8849999904632568,0.5386999845504761
YDR009W,YLR332W,0,-5.7624774,0.1410808265209198,0.8849999904632568,0.5388000011444092
YOR330C,YDR388W,0,-5.7626905,0.14105834066867828,0.8849999904632568,0.5389000177383423
YPL224C,YHR006W,0,-5.7627935,0.14103585481643677,0.8849999904632568,0.5389999747276306
YPL091W,YPR154W,0,-5.762994,0.14101338386535645,0.8849999904632568,0.5390999913215637
YDR214W,YBR233W-A,0,-5.7638035,0.14099091291427612,0.8849999904632568,0.5392000079154968
YGR155W,YKL220C,0,-5.763938,0.140968456864357,0.8849999904632568,0.5393000245094299
YOR249C,YKL212W,0,-5.764091,0.14094601571559906,0.8849999904632568,0.5393999814987183
YML092C,YDR341C,0,-5.7644424,0.14092355966567993,0.8849999904632568,0.5394999980926514
YKR076W,YFL003C,0,-5.7649474,0.1409011334180832,0.8849999904632568,0.5396000146865845
YJL108C,YNL186W,0,-5.7651153,0.14087870717048645,0.8849999904632568,0.5396999716758728
YAL044C,YDR181C,0,-5.7651796,0.1408562809228897,0.8849999904632568,0.5397999882698059
YLL018C-A,YOL127W,0,-5.765209,0.14083386957645416,0.8849999904632568,0.539900004863739
YJR092W,YDL143W,0,-5.765445,0.14081145823001862,0.8849999904632568,0.5400000214576721
YBR059C,YMR153W,0,-5.765993,0.14078906178474426,0.8849999904632568,0.5400999784469604
YJL006C,YNL268W,0,-5.7661824,0.1407666653394699,0.8849999904632568,0.5401999950408936
YLR135W,YDR453C,0,-5.7664104,0.14074426889419556,0.8849999904632568,0.5403000116348267
YOR206W,YHR034C,0,-5.766509,0.1407219022512436,0.8849999904632568,0.5404000282287598
YLR157C,YMR026C,0,-5.7666984,0.14069952070713043,0.8849999904632568,0.5404999852180481
YOR249C,YBR160W,0,-5.7668095,0.14067715406417847,0.8849999904632568,0.5406000018119812
YDR086C,YDR453C,0,-5.7682447,0.1406548023223877,0.8849999904632568,0.5407000184059143
YNL280C,YBR010W,0,-5.7684393,0.14063245058059692,0.8849999904632568,0.5407999753952026
YBL047C,YKR095W-A,0,-5.768585,0.14061009883880615,0.8849999904632568,0.5408999919891357
YIR005W,YNL282W,1,-5.769969,0.14074662327766418,0.8859999775886536,0.5408999919891357
YOR098C,YIL056W,0,-5.770093,0.1407242715358734,0.8859999775886536,0.5410000085830688
YGR227W,YJL129C,0,-5.7707796,0.14070191979408264,0.8859999775886536,0.541100025177002
YLR160C,YKL205W,0,-5.771153,0.14067958295345306,0.8859999775886536,0.5411999821662903
YLR034C,YHR181W,0,-5.7723093,0.1406572461128235,0.8859999775886536,0.5412999987602234
YAR033W,YGR111W,0,-5.772637,0.1406349241733551,0.8859999775886536,0.5414000153541565
YDL045C,YNL026W,0,-5.7737126,0.14061260223388672,0.8859999775886536,0.5414999723434448
YIL128W,YGL178W,0,-5.773921,0.14059029519557953,0.8859999775886536,0.5415999889373779
YMR266W,YGR211W,0,-5.7739744,0.14056798815727234,0.8859999775886536,0.541700005531311
YHR061C,YDR325W,0,-5.7740765,0.14054568111896515,0.8859999775886536,0.5418000221252441
YKL195W,YDL079C,0,-5.7741942,0.14052338898181915,0.8859999775886536,0.5418999791145325
YDL036C,YIL022W,0,-5.7743273,0.14050111174583435,0.8859999775886536,0.5419999957084656
YIL159W,YDL195W,0,-5.774647,0.14047883450984955,0.8859999775886536,0.5421000123023987
YKR095W,YBR295W,0,-5.7746916,0.14045655727386475,0.8859999775886536,0.5422000288963318
YLR034C,YHR138C,0,-5.7748237,0.14043429493904114,0.8859999775886536,0.5422999858856201
YFL048C,YOR221C,0,-5.775051,0.14041204750537872,0.8859999775886536,0.5424000024795532
YLR059C,YOR064C,0,-5.7751365,0.1403898000717163,0.8859999775886536,0.5425000190734863
YML047C,YDL217C,0,-5.775229,0.1403675526380539,0.8859999775886536,0.5425999760627747
YOR254C,YIL008W,0,-5.775267,0.14034532010555267,0.8859999775886536,0.5426999926567078
YDR191W,YPL269W,0,-5.7753625,0.14032308757305145,0.8859999775886536,0.5428000092506409
YGL190C,YDR059C,0,-5.7757573,0.14030086994171143,0.8859999775886536,0.542900025844574
YDL230W,YCR009C,0,-5.7758503,0.1402786523103714,0.8859999775886536,0.5429999828338623
YBR050C,YJR110W,0,-5.776243,0.14025644958019257,0.8859999775886536,0.5430999994277954
YBR155W,YOR241W,0,-5.776697,0.14023424685001373,0.8859999775886536,0.5432000160217285
YNL026W,YLR166C,0,-5.776885,0.1402120590209961,0.8859999775886536,0.5432999730110168
YKL080W,YOR064C,0,-5.7769403,0.14018987119197845,0.8859999775886536,0.54339998960495
YBL009W,YEL016C,0,-5.777264,0.140167698264122,0.8859999775886536,0.5435000061988831
YIL119C,YDL058W,0,-5.7785,0.14014552533626556,0.8859999775886536,0.5436000227928162
YMR296C,YLR166C,0,-5.7788897,0.14012335240840912,0.8859999775886536,0.5436999797821045
YPL253C,YNL339C,0,-5.7790804,0.14010119438171387,0.8859999775886536,0.5437999963760376
YER075C,YDL128W,0,-5.7792544,0.1400790512561798,0.8859999775886536,0.5439000129699707
YGR222W,YDR086C,0,-5.779279,0.14005690813064575,0.8859999775886536,0.5440000295639038
YJL207C,YOL020W,0,-5.779811,0.1400347650051117,0.8859999775886536,0.5440999865531921
YBL058W,YDL128W,0,-5.7799997,0.14001263678073883,0.8859999775886536,0.5442000031471252
YLR160C,YGR192C,0,-5.780367,0.13999052345752716,0.8859999775886536,0.5443000197410583
YDR480W,YPL258C,0,-5.781679,0.1399684101343155,0.8859999775886536,0.5443999767303467
YKL195W,YDR498C,0,-5.7818136,0.13994629681110382,0.8859999775886536,0.5444999933242798
YOR249C,YPR181C,0,-5.7823553,0.13992419838905334,0.8859999775886536,0.5446000099182129
YGL247W,YNL307C,0,-5.78315,0.13990209996700287,0.8859999775886536,0.544700026512146
YNL127W,YGR132C,0,-5.7833376,0.1398800164461136,0.8859999775886536,0.5447999835014343
YOR180C,YHR187W,0,-5.78343,0.1398579329252243,0.8859999775886536,0.5449000000953674
YOR039W,YDR277C,0,-5.783615,0.13983586430549622,0.8859999775886536,0.5450000166893005
YPR020W,YFL021W,0,-5.7837696,0.13981379568576813,0.8859999775886536,0.5450999736785889
YJL133W,YHR150W,0,-5.784449,0.13979172706604004,0.8859999775886536,0.545199990272522
YLR127C,YFL009W,0,-5.784774,0.13976967334747314,0.8859999775886536,0.5453000068664551
YPR052C,YDR379W,0,-5.7851696,0.13974763453006744,0.8859999775886536,0.5454000234603882
YPL043W,YDR485C,0,-5.785174,0.13972559571266174,0.8859999775886536,0.5454999804496765
YMR216C,YPR182W,1,-5.7852106,0.13986124098300934,0.8870000243186951,0.5454999804496765
YOL156W,YKL197C,0,-5.785314,0.13983918726444244,0.8870000243186951,0.5455999970436096
YJR131W,YOR254C,0,-5.786435,0.13981714844703674,0.8870000243186951,0.5457000136375427
YFL018C,YPL188W,0,-5.78648,0.13979510962963104,0.8870000243186951,0.545799970626831
YFL021W,YOL043C,0,-5.78665,0.13977308571338654,0.8870000243186951,0.5458999872207642
YFR024C,YML114C,0,-5.7867823,0.13975106179714203,0.8870000243186951,0.5460000038146973
YBL016W,YHR200W,0,-5.787176,0.13972905278205872,0.8870000243186951,0.5461000204086304
YLR332W,YCR060W,0,-5.7873135,0.1397070437669754,0.8870000243186951,0.5461999773979187
YOL121C,YPL210C,0,-5.787402,0.1396850347518921,0.8870000243186951,0.5462999939918518
YPL265W,YMR150C,0,-5.7874775,0.13966304063796997,0.8870000243186951,0.5464000105857849
YDL029W,YML127W,0,-5.787588,0.13964106142520905,0.8870000243186951,0.546500027179718
YPL210C,YCL074W,0,-5.787674,0.13961908221244812,0.8870000243186951,0.5465999841690063
YBR002C,YLR268W,0,-5.787961,0.1395971029996872,0.8870000243186951,0.5467000007629395
YNL127W,YHR001W-A,0,-5.789766,0.13957513868808746,0.8870000243186951,0.5468000173568726
YCL004W,YFL008W,0,-5.789802,0.13955317437648773,0.8870000243186951,0.5468999743461609
YGL016W,YGR258C,0,-5.7901783,0.1395312249660492,0.8870000243186951,0.546999990940094
YAR033W,YKR059W,0,-5.7918086,0.13950927555561066,0.8870000243186951,0.5471000075340271
YEL027W,YGL078C,0,-5.791895,0.1394873410463333,0.8870000243186951,0.5472000241279602
YGR097W,YOL069W,0,-5.792116,0.13946540653705597,0.8870000243186951,0.5472999811172485
YKL029C,YER169W,0,-5.7922997,0.13944348692893982,0.8870000243186951,0.5473999977111816
YLR215C,YER117W,0,-5.7926383,0.13942156732082367,0.8870000243186951,0.5475000143051147
YBR186W,YGL229C,0,-5.793048,0.13939964771270752,0.8870000243186951,0.5475999712944031
YGR014W,YKL079W,0,-5.793251,0.13937774300575256,0.8870000243186951,0.5476999878883362
YDR524C,YJL006C,0,-5.793648,0.1393558531999588,0.8870000243186951,0.5478000044822693
YNL053W,YIL084C,0,-5.7936926,0.13933396339416504,0.8870000243186951,0.5479000210762024
YNL323W,YBR231C,0,-5.7938347,0.13931207358837128,0.8870000243186951,0.5479999780654907
YGR227W,YJL184W,0,-5.79387,0.1392901986837387,0.8870000243186951,0.5480999946594238
YJR139C,YDL232W,0,-5.793974,0.13926832377910614,0.8870000243186951,0.5482000112533569
YAL007C,YNL129W,0,-5.794057,0.13924646377563477,0.8870000243186951,0.54830002784729
YPL026C,YKR079C,0,-5.794283,0.13922461867332458,0.8870000243186951,0.5483999848365784
YIL002C,YIL053W,0,-5.794737,0.1392027586698532,0.8870000243186951,0.5485000014305115
YDR524C,YGL004C,0,-5.7947435,0.13918091356754303,0.8870000243186951,0.5486000180244446
YKL195W,YIL129C,0,-5.7947955,0.13915908336639404,0.8870000243186951,0.5486999750137329
YBR037C,YLR090W,0,-5.795087,0.13913725316524506,0.8870000243186951,0.548799991607666
YIL155C,YEL016C,0,-5.795328,0.13911543786525726,0.8870000243186951,0.5489000082015991
YDR046C,YIL120W,0,-5.7957063,0.13909362256526947,0.8870000243186951,0.5490000247955322
YML132W,YBR183W,0,-5.796336,0.13907180726528168,0.8870000243186951,0.5490999817848206
YAL022C,YOR209C,0,-5.7964697,0.13905000686645508,0.8870000243186951,0.5491999983787537
YDL045C,YJL052W,0,-5.7968493,0.13902820646762848,0.8870000243186951,0.5493000149726868
YKR079C,YML131W,0,-5.797362,0.13900642096996307,0.8870000243186951,0.5493999719619751
YDL017W,YOR149C,0,-5.7976465,0.13898465037345886,0.8870000243186951,0.5494999885559082
YER114C,YDR318W,0,-5.7978277,0.13896286487579346,0.8870000243186951,0.5496000051498413
YIR033W,YBR037C,0,-5.798135,0.13894110918045044,0.8870000243186951,0.5497000217437744
YPL208W,YDL083C,0,-5.7985854,0.13891933858394623,0.8870000243186951,0.5497999787330627
YGR218W,YJR110W,0,-5.7991524,0.1388975828886032,0.8870000243186951,0.5498999953269958
YOR031W,YMR150C,0,-5.799306,0.1388758420944214,0.8870000243186951,0.550000011920929
YOL126C,YKR008W,0,-5.7993255,0.13885410130023956,0.8870000243186951,0.5501000285148621
YDR116C,YDR180W,0,-5.7997084,0.13883237540721893,0.8870000243186951,0.5501999855041504
YGR088W,YBR210W,0,-5.7997627,0.1388106346130371,0.8870000243186951,0.5503000020980835
YOL077W-A,YJL111W,0,-5.7999396,0.13878892362117767,0.8870000243186951,0.5504000186920166
YKR007W,YBL061C,0,-5.800378,0.13876721262931824,0.8870000243186951,0.5504999756813049
YIL142W,YOR241W,0,-5.802293,0.1387455016374588,0.8870000243186951,0.550599992275238
YGL065C,YLR394W,0,-5.8022985,0.13872380554676056,0.8870000243186951,0.5507000088691711
YHR158C,YDR165W,0,-5.8031254,0.13870210945606232,0.8870000243186951,0.5508000254631042
YNL032W,YLL056C,0,-5.803258,0.13868042826652527,0.8870000243186951,0.5508999824523926
YBR002C,YCL005W-A,0,-5.8033023,0.13865874707698822,0.8870000243186951,0.5509999990463257
YIL118W,YML093W,0,-5.803385,0.13863708078861237,0.8870000243186951,0.5511000156402588
YOR349W,YLR133W,0,-5.803796,0.1386154145002365,0.8870000243186951,0.5511999726295471
YGL092W,YOL020W,0,-5.8038645,0.13859374821186066,0.8870000243186951,0.5512999892234802
YNR075W,YER089C,0,-5.8041515,0.138572096824646,0.8870000243186951,0.5514000058174133
YKL112W,YDL083C,0,-5.8041887,0.13855046033859253,0.8870000243186951,0.5515000224113464
YDL013W,YOR287C,0,-5.8046384,0.13852880895137787,0.8870000243186951,0.5515999794006348
YJL006C,YPL118W,0,-5.805275,0.1385071873664856,0.8870000243186951,0.5516999959945679
YML033W,YIL056W,0,-5.805281,0.13848555088043213,0.8870000243186951,0.551800012588501
YMR052W,YDR116C,0,-5.805311,0.13846394419670105,0.8870000243186951,0.5519000291824341
YPL202C,YDL170W,0,-5.806341,0.13844232261180878,0.8870000243186951,0.5519999861717224
YNL210W,YDR195W,1,-5.8064604,0.13857677578926086,0.8880000114440918,0.5519999861717224
YPR052C,YDR325W,0,-5.807367,0.1385551542043686,0.8880000114440918,0.5521000027656555
YMR069W,YNL129W,0,-5.807452,0.1385335475206375,0.8880000114440918,0.5522000193595886
YCL026C-A,YMR047C,0,-5.8077526,0.13851192593574524,0.8880000114440918,0.552299976348877
YER032W,YGL122C,1,-5.8080544,0.13864628970623016,0.8889999985694885,0.552299976348877
YBR129C,YLR066W,0,-5.8080907,0.1386246681213379,0.8889999985694885,0.5523999929428101
YFL023W,YHR163W,0,-5.80814,0.1386030614376068,0.8889999985694885,0.5525000095367432
YPL209C,YPR065W,0,-5.8102465,0.13858145475387573,0.8889999985694885,0.5526000261306763
YHR150W,YHR041C,0,-5.8102784,0.13855984807014465,0.8889999985694885,0.5526999831199646
YAL007C,YJL133W,0,-5.8106885,0.13853825628757477,0.8889999985694885,0.5527999997138977
YOL001W,YPL188W,0,-5.8110123,0.13851666450500488,0.8889999985694885,0.5529000163078308
YPL188W,YCL063W,0,-5.811243,0.1384950876235962,0.8889999985694885,0.5529999732971191
YDR498C,YMR284W,0,-5.8115115,0.1384735256433487,0.8889999985694885,0.5530999898910522
YDL087C,YKR002W,1,-5.8118176,0.1386076956987381,0.8899999856948853,0.5530999898910522
YJL194W,YBR159W,0,-5.8121543,0.1385861039161682,0.8899999856948853,0.5532000064849854
YIL008W,YGL098W,0,-5.812685,0.13856452703475952,0.8899999856948853,0.5533000230789185
YOR210W,YDR328C,0,-5.8130717,0.13854296505451202,0.8899999856948853,0.5533999800682068
YGR249W,YDR289C,0,-5.813801,0.13852140307426453,0.8899999856948853,0.5534999966621399
YLR205C,YPL268W,0,-5.8139296,0.13849984109401703,0.8899999856948853,0.553600013256073
YGR284C,YGR059W,0,-5.8139963,0.13847829401493073,0.8899999856948853,0.5536999702453613
YPR020W,YIL084C,0,-5.81443,0.13845674693584442,0.8899999856948853,0.5537999868392944
YDR040C,YAL015C,0,-5.8148932,0.1384352147579193,0.8899999856948853,0.5539000034332275
YHR061C,YDR397C,0,-5.814909,0.1384136825799942,0.8899999856948853,0.5540000200271606
YCR107W,YOR098C,0,-5.8151464,0.13839216530323029,0.8899999856948853,0.554099977016449
YER001W,YNL026W,0,-5.8158894,0.13837064802646637,0.8899999856948853,0.5541999936103821
YHL036W,YBR127C,0,-5.8163414,0.13834913074970245,0.8899999856948853,0.5543000102043152
YKL195W,YGL175C,0,-5.8164124,0.13832762837409973,0.8899999856948853,0.5544000267982483
YOR098C,YGR239C,0,-5.816566,0.1383061408996582,0.8899999856948853,0.5544999837875366
YBL016W,YGR024C,0,-5.816985,0.13828465342521667,0.8899999856948853,0.5546000003814697
YCR048W,YHR041C,0,-5.817054,0.13826316595077515,0.8899999856948853,0.5547000169754028
YPR020W,YNL262W,0,-5.817346,0.1382416933774948,0.8899999856948853,0.5547999739646912
YNR002C,YDR298C,0,-5.8175683,0.13822022080421448,0.8899999856948853,0.5548999905586243
YJL133W,YDL235C,0,-5.819231,0.13819876313209534,0.8899999856948853,0.5550000071525574
YDL083C,YBR231C,0,-5.819329,0.1381773054599762,0.8899999856948853,0.5551000237464905
YLR431C,YNL154C,0,-5.8195076,0.13815584778785706,0.8899999856948853,0.5551999807357788
YJL128C,YOR340C,0,-5.819607,0.1381344050168991,0.8899999856948853,0.5552999973297119
YDR298C,YOR180C,0,-5.8196344,0.13811297714710236,0.8899999856948853,0.555400013923645
YBR089C-A,YGR229C,0,-5.8197346,0.1380915492773056,0.8899999856948853,0.5554999709129333
YER028C,YKR008W,0,-5.8201094,0.13807012140750885,0.8899999856948853,0.5555999875068665
YPL242C,YAL016W,0,-5.820199,0.1380487084388733,0.8899999856948853,0.5557000041007996
YER008C,YOR008C-A,0,-5.820323,0.13802729547023773,0.8899999856948853,0.5558000206947327
YKL025C,YNL282W,1,-5.8203526,0.13816095888614655,0.890999972820282,0.5558000206947327
YPR188C,YML032C,0,-5.820804,0.1381395310163498,0.890999972820282,0.555899977684021
YLR011W,YDR456W,0,-5.82109,0.13811811804771423,0.890999972820282,0.5559999942779541
YOL038W,YOL121C,0,-5.8213887,0.13809671998023987,0.890999972820282,0.5561000108718872
YDL197C,YOR307C,0,-5.821535,0.1380753070116043,0.890999972820282,0.5562000274658203
YFL010W-A,YNL074C,0,-5.821787,0.13805392384529114,0.890999972820282,0.5562999844551086
YPL101W,YMR029C,0,-5.822406,0.13803252577781677,0.890999972820282,0.5564000010490417
YDR337W,YOR103C,0,-5.8226256,0.1380111575126648,0.890999972820282,0.5565000176429749
YLR081W,YHR187W,0,-5.8226814,0.13798977434635162,0.890999972820282,0.5565999746322632
YGR180C,YOR329C,0,-5.822898,0.13796840608119965,0.890999972820282,0.5566999912261963
YBR127C,YGR054W,0,-5.823066,0.13794705271720886,0.890999972820282,0.5568000078201294
YDL197C,YGL247W,0,-5.8235435,0.13792569935321808,0.890999972820282,0.5569000244140625
YBL047C,YKL212W,0,-5.8241386,0.1379043459892273,0.890999972820282,0.5569999814033508
YDR309C,YMR106C,0,-5.825776,0.1378830075263977,0.890999972820282,0.5570999979972839
YMR072W,YDR040C,0,-5.8269258,0.13786166906356812,0.890999972820282,0.557200014591217
YAL054C,YNL304W,0,-5.8270855,0.13784034550189972,0.890999972820282,0.5572999715805054
YML058W-A,YIR022W,0,-5.827097,0.13781902194023132,0.890999972820282,0.5573999881744385
YPL059W,YEL062W,0,-5.8271723,0.13779771327972412,0.890999972820282,0.5575000047683716
YNR023W,YOR087W,0,-5.8277726,0.13777640461921692,0.890999972820282,0.5576000213623047
YHR194W,YDR453C,0,-5.828313,0.13775509595870972,0.890999972820282,0.557699978351593
YHR193C,YBR083W,0,-5.8283525,0.1377338021993637,0.890999972820282,0.5577999949455261
YJL133W,YJL145W,0,-5.828657,0.1377125233411789,0.890999972820282,0.5579000115394592
YFL010W-A,YOR180C,0,-5.8301725,0.13769124448299408,0.890999972820282,0.5580000281333923
YBR233W-A,YDL079C,0,-5.830448,0.13766996562480927,0.890999972820282,0.5580999851226807
YMR119W,YDL217C,0,-5.831034,0.13764870166778564,0.890999972820282,0.5582000017166138
YMR298W,YDR208W,0,-5.8312545,0.13762743771076202,0.890999972820282,0.5583000183105469
YDL197C,YGL192W,0,-5.831265,0.1376061737537384,0.890999972820282,0.5583999752998352
YBR068C,YNR026C,0,-5.8316708,0.13758492469787598,0.890999972820282,0.5584999918937683
YDR425W,YFR003C,0,-5.8320675,0.13756369054317474,0.890999972820282,0.5586000084877014
YHR169W,YKL122C,0,-5.832334,0.1375424563884735,0.890999972820282,0.5587000250816345
YJR093C,YGL030W,1,-5.8324833,0.13767556846141815,0.8920000195503235,0.5587000250816345
YGL143C,YGL013C,0,-5.8328266,0.13765431940555573,0.8920000195503235,0.5587999820709229
YMR109W,YEL004W,0,-5.8328514,0.1376330852508545,0.8920000195503235,0.558899998664856
YOR319W,YGL030W,1,-5.833188,0.13776612281799316,0.8930000066757202,0.558899998664856
YKL191W,YNR054C,0,-5.833397,0.13774487376213074,0.8930000066757202,0.5590000152587891
YPR200C,YLR381W,0,-5.8337727,0.1377236247062683,0.8930000066757202,0.5590999722480774
YHR181W,YEL004W,0,-5.8338804,0.13770239055156708,0.8930000066757202,0.5591999888420105
YBL016W,YDR481C,0,-5.834305,0.13768115639686584,0.8930000066757202,0.5593000054359436
YNL328C,YML033W,0,-5.834824,0.1376599371433258,0.8930000066757202,0.5594000220298767
YLL015W,YMR203W,0,-5.8357983,0.13763871788978577,0.8930000066757202,0.559499979019165
YLR394W,YOR209C,0,-5.835871,0.13761751353740692,0.8930000066757202,0.5595999956130981
YLL019C,YIR015W,0,-5.836134,0.13759630918502808,0.8930000066757202,0.5597000122070312
YBL009W,YBL105C,0,-5.8362465,0.13757510483264923,0.8930000066757202,0.5598000288009644
YLR068W,YDR328C,0,-5.8365173,0.13755391538143158,0.8930000066757202,0.5598999857902527
YDL142C,YML015C,0,-5.8368025,0.13753272593021393,0.8930000066757202,0.5600000023841858
YOL130W,YOR149C,0,-5.8370395,0.13751155138015747,0.8930000066757202,0.5601000189781189
YML073C,YML014W,0,-5.8371468,0.137490376830101,0.8930000066757202,0.5601999759674072
YBR159W,YDL140C,0,-5.8376713,0.13746921718120575,0.8930000066757202,0.5602999925613403
YPL188W,YJL154C,0,-5.8377357,0.13744805753231049,0.8930000066757202,0.5604000091552734
YJL025W,YGL098W,0,-5.838507,0.13742689788341522,0.8930000066757202,0.5605000257492065
YFR024C,YKL166C,0,-5.8386316,0.13740575313568115,0.8930000066757202,0.5605999827384949
YOR034C,YDL140C,0,-5.83872,0.13738460838794708,0.8930000066757202,0.560699999332428
YLR377C,YLR006C,0,-5.838956,0.1373634785413742,0.8930000066757202,0.5608000159263611
YIL056W,YGR111W,0,-5.8394184,0.13734236359596252,0.8930000066757202,0.5608999729156494
YNL220W,YNL129W,0,-5.8399153,0.13732123374938965,0.8930000066757202,0.5609999895095825
YJR091C,YJL128C,0,-5.839944,0.13730011880397797,0.8930000066757202,0.5611000061035156
YER044C,YKL079W,0,-5.839957,0.13727901875972748,0.8930000066757202,0.5612000226974487
YEL062W,YOR179C,0,-5.84015,0.137257918715477,0.8930000066757202,0.5612999796867371
YPL096C-A,YMR270C,0,-5.8401556,0.1372368186712265,0.8930000066757202,0.5613999962806702
YDR142C,YPL163C,0,-5.8402452,0.1372157335281372,0.8930000066757202,0.5615000128746033
YJR091C,YHL009C,0,-5.840371,0.1371946483850479,0.8930000066757202,0.5616000294685364
YBR145W,YNL129W,0,-5.8413486,0.1371735781431198,0.8930000066757202,0.5616999864578247
YOR034C,YER164W,0,-5.8415527,0.1371525079011917,0.8930000066757202,0.5618000030517578
YDR524C,YMR076C,0,-5.8418083,0.1371314525604248,0.8930000066757202,0.5619000196456909
YDR046C,YDL195W,0,-5.8418736,0.1371103972196579,0.8930000066757202,0.5619999766349792
YBR186W,YNL262W,0,-5.84301,0.137089341878891,0.8930000066757202,0.5620999932289124
YMR013C,YCL063W,0,-5.8434963,0.13706830143928528,0.8930000066757202,0.5622000098228455
YMR150C,YHR203C,0,-5.8440976,0.13704726099967957,0.8930000066757202,0.5623000264167786
YMR139W,YMR270C,0,-5.8451767,0.13702623546123505,0.8930000066757202,0.5623999834060669
YDL154W,YLR034C,0,-5.8454986,0.13700520992279053,0.8930000066757202,0.5625
YFL023W,YAL044C,0,-5.846189,0.1369841992855072,0.8930000066757202,0.5626000165939331
YNL030W,YPR086W,0,-5.8462505,0.13696318864822388,0.8930000066757202,0.5626999735832214
YBL032W,YJR045C,0,-5.8466864,0.13694219291210175,0.8930000066757202,0.5627999901771545
YDR298C,YCL014W,0,-5.8469925,0.13692119717597961,0.8930000066757202,0.5629000067710876
YNL280C,YIR018W,0,-5.8477488,0.13690020143985748,0.8930000066757202,0.5630000233650208
YCL025C,YGR024C,0,-5.848261,0.13687922060489655,0.8930000066757202,0.5630999803543091
YDL232W,YNL044W,0,-5.8482943,0.1368582397699356,0.8930000066757202,0.5631999969482422
YER073W,YAL016W,0,-5.8495045,0.13683725893497467,0.8930000066757202,0.5633000135421753
YJR092W,YOR212W,0,-5.850027,0.13681630790233612,0.8930000066757202,0.5633999705314636
YAL044C,YNL032W,0,-5.8502693,0.13679534196853638,0.8930000066757202,0.5634999871253967
YPR200C,YBR024W,0,-5.8504934,0.13677439093589783,0.8930000066757202,0.5636000037193298
YML012W,YDR328C,0,-5.850602,0.13675343990325928,0.8930000066757202,0.5637000203132629
YFL041W,YGR186W,0,-5.8506384,0.13673250377178192,0.8930000066757202,0.5637999773025513
YGR230W,YPL269W,0,-5.851449,0.13671156764030457,0.8930000066757202,0.5638999938964844
YDR309C,YOR254C,0,-5.852008,0.1366906464099884,0.8930000066757202,0.5640000104904175
YBL009W,YKL197C,0,-5.8523273,0.13666972517967224,0.8930000066757202,0.5641000270843506
YER167W,YBL033C,0,-5.8525286,0.13664881885051727,0.8930000066757202,0.5641999840736389
YKR066C,YNL339C,0,-5.852618,0.1366279125213623,0.8930000066757202,0.564300000667572
YHR171W,YNL274C,0,-5.8527412,0.13660700619220734,0.8930000066757202,0.5644000172615051
YMR175W,YDR460W,0,-5.8534584,0.13658611476421356,0.8930000066757202,0.5644999742507935
YER169W,YCR042C,0,-5.853581,0.1365652233362198,0.8930000066757202,0.5645999908447266
YMR072W,YPL242C,0,-5.8539686,0.1365443468093872,0.8930000066757202,0.5647000074386597
YFL011W,YCR061W,0,-5.854129,0.13652347028255463,0.8930000066757202,0.5648000240325928
YFL025C,YJL165C,0,-5.8551445,0.13650259375572205,0.8930000066757202,0.5648999810218811
YNL153C,YGL175C,0,-5.8562045,0.13648173213005066,0.8930000066757202,0.5649999976158142
YER032W,YKL095W,1,-5.856303,0.13661369681358337,0.8939999938011169,0.5649999976158142
YGR224W,YML132W,0,-5.8564,0.1365928202867508,0.8939999938011169,0.5651000142097473
YLR059C,YGR111W,0,-5.8569746,0.1365719586610794,0.8939999938011169,0.5651999711990356
YOR344C,YLR455W,0,-5.8573523,0.13655109703540802,0.8939999938011169,0.5652999877929688
YER106W,YOR106W,0,-5.8576865,0.13653023540973663,0.8939999938011169,0.5654000043869019
YJR017C,YFR005C,1,-5.85795,0.1366620808839798,0.8949999809265137,0.5654000043869019
YBR275C,YOL121C,0,-5.858801,0.1366412192583084,0.8949999809265137,0.565500020980835
YHR171W,YLR319C,0,-5.8601217,0.13662035763263702,0.8949999809265137,0.5655999779701233
YJR074W,YGL172W,0,-5.8606076,0.13659951090812683,0.8949999809265137,0.5656999945640564
YER165W,YJR028W,0,-5.861674,0.13657866418361664,0.8949999809265137,0.5658000111579895
YPL202C,YKL195W,0,-5.862055,0.13655783236026764,0.8949999809265137,0.5659000277519226
YDL197C,YCR061W,0,-5.86207,0.13653700053691864,0.8949999809265137,0.5659999847412109
YGL238W,YDR480W,0,-5.862341,0.13651616871356964,0.8949999809265137,0.566100001335144
YOL043C,YOR098C,0,-5.8623724,0.13649535179138184,0.8949999809265137,0.5662000179290771
YJR074W,YEL004W,0,-5.8624506,0.13647453486919403,0.8949999809265137,0.5662999749183655
YKL025C,YPR094W,1,-5.8624783,0.13660618662834167,0.8960000276565552,0.5662999749183655
YJR017C,YGR129W,1,-5.8631716,0.13673780858516693,0.8970000147819519,0.5662999749183655
YDL128W,YIL029C,0,-5.8635306,0.13671696186065674,0.8970000147819519,0.5663999915122986
YDR231C,YKL056C,0,-5.8635406,0.13669613003730774,0.8970000147819519,0.5665000081062317
YHR194W,YOL129W,0,-5.8636174,0.13667529821395874,0.8970000147819519,0.5666000247001648
YOR180C,YDR021W,0,-5.864543,0.13665448129177094,0.8970000147819519,0.5666999816894531
YJR070C,YDR379W,0,-5.864602,0.13663366436958313,0.8970000147819519,0.5667999982833862
YKL150W,YBR087W,0,-5.8648233,0.13661284744739532,0.8970000147819519,0.5669000148773193
YMR138W,YOR209C,0,-5.865851,0.1365920454263687,0.8970000147819519,0.5669999718666077
YJL121C,YDL235C,0,-5.866433,0.1365712583065033,0.8970000147819519,0.5670999884605408
YLR078C,YGR186W,0,-5.8671827,0.13655047118663788,0.8970000147819519,0.5672000050544739
YJR092W,YHR084W,0,-5.8681083,0.13652968406677246,0.8970000147819519,0.567300021648407
YER044C,YER117W,0,-5.8682404,0.13650889694690704,0.8970000147819519,0.5673999786376953
YCR048W,YLR025W,0,-5.868349,0.13648812472820282,0.8970000147819519,0.5674999952316284
YGL219C,YEL004W,0,-5.8684564,0.1364673674106598,0.8970000147819519,0.5676000118255615
YBR295W,YJL154C,0,-5.8688855,0.13644661009311676,0.8970000147819519,0.5677000284194946
YJR139C,YDR081C,0,-5.86919,0.13642585277557373,0.8970000147819519,0.567799985408783
YLR381W,YCL043C,0,-5.869201,0.1364051103591919,0.8970000147819519,0.5679000020027161
YLR068W,YMR021C,0,-5.869421,0.13638436794281006,0.8970000147819519,0.5680000185966492
YIR033W,YFL008W,0,-5.8694267,0.13636364042758942,0.8970000147819519,0.5680999755859375
YNL288W,YDR425W,0,-5.870087,0.13634291291236877,0.8970000147819519,0.5681999921798706
YPR155C,YHR001W-A,0,-5.8702097,0.13632218539714813,0.8970000147819519,0.5683000087738037
YJR022W,YDL087C,1,-5.8703156,0.13645341992378235,0.8980000019073486,0.5683000087738037
YPL177C,YOR210W,0,-5.870413,0.1364326924085617,0.8980000019073486,0.5684000253677368
YFR028C,YPR181C,0,-5.8708487,0.13641196489334106,0.8980000019073486,0.5684999823570251
YGL084C,YML098W,0,-5.871419,0.13639125227928162,0.8980000019073486,0.5685999989509583
YMR201C,YBR105C,0,-5.8714323,0.13637053966522217,0.8980000019073486,0.5687000155448914
YOL127W,YDR372C,0,-5.8716087,0.13634982705116272,0.8980000019073486,0.5687999725341797
YGL016W,YKL021C,0,-5.87166,0.13632912933826447,0.8980000019073486,0.5688999891281128
YOR123C,YDL230W,0,-5.87214,0.1363084465265274,0.8980000019073486,0.5690000057220459
YFL010W-A,YML127W,0,-5.872212,0.13628774881362915,0.8980000019073486,0.569100022315979
YKL025C,YDL098C,1,-5.8727098,0.13641881942749023,0.8989999890327454,0.569100022315979
YLR335W,YLR059C,0,-5.8731003,0.13639812171459198,0.8989999890327454,0.5691999793052673
YBL050W,YPL210C,0,-5.873229,0.13637742400169373,0.8989999890327454,0.5692999958992004
YJR092W,YDR273W,0,-5.873289,0.13635674118995667,0.8989999890327454,0.5694000124931335
YPL269W,YGL062W,0,-5.873373,0.1363360583782196,0.8989999890327454,0.5695000290870667
YMR069W,YOL105C,0,-5.8735237,0.13631539046764374,0.8989999890327454,0.569599986076355
YDR335W,YKR055W,0,-5.873741,0.13629472255706787,0.8989999890327454,0.5697000026702881
YOL130W,YPL106C,0,-5.8751984,0.1362740695476532,0.8989999890327454,0.5698000192642212
YMR150C,YBL050W,0,-5.8752437,0.13625341653823853,0.8989999890327454,0.5698999762535095
YPL211W,YDL109C,0,-5.875908,0.13623276352882385,0.8989999890327454,0.5699999928474426
YDL029W,YKL165C,0,-5.8759747,0.13621212542057037,0.8989999890327454,0.5701000094413757
YLR160C,YLR332W,0,-5.876367,0.1361914873123169,0.8989999890327454,0.5702000260353088
YOR039W,YPL248C,0,-5.8775244,0.1361708641052246,0.8989999890327454,0.5702999830245972
YOR171C,YNL268W,0,-5.8779836,0.13615024089813232,0.8989999890327454,0.5703999996185303
YHR005C,YJL102W,0,-5.878038,0.13612961769104004,0.8989999890327454,0.5705000162124634
YOR210W,YHR012W,0,-5.8780413,0.13610900938510895,0.8989999890327454,0.5705999732017517
YAL007C,YLR135W,0,-5.878381,0.13608840107917786,0.8989999890327454,0.5706999897956848
YLR355C,YOR322C,0,-5.8788624,0.13606780767440796,0.8989999890327454,0.5708000063896179
YFL048C,YCL055W,0,-5.878872,0.13604721426963806,0.8989999890327454,0.570900022983551
YOR386W,YPL033C,0,-5.8797116,0.13602663576602936,0.8989999890327454,0.5709999799728394
YLR133W,YPL268W,0,-5.879718,0.13600605726242065,0.8989999890327454,0.5710999965667725
YGR177C,YIL080W,0,-5.879765,0.13598547875881195,0.8989999890327454,0.5712000131607056
YPR083W,YOL031C,0,-5.8798227,0.13596491515636444,0.8989999890327454,0.5713000297546387
YHR203C,YBL061C,0,-5.8802733,0.13594435155391693,0.8989999890327454,0.571399986743927
YEL037C,YLR193C,0,-5.8807697,0.13592380285263062,0.8989999890327454,0.5715000033378601
YDR040C,YDL013W,0,-5.8816347,0.1359032541513443,0.8989999890327454,0.5716000199317932
YKL011C,YML055W,0,-5.882119,0.13588270545005798,0.8989999890327454,0.5716999769210815
YDR425W,YDR310C,0,-5.8822107,0.13586217164993286,0.8989999890327454,0.5717999935150146
YCR048W,YFR052W,0,-5.8824854,0.13584163784980774,0.8989999890327454,0.5719000101089478
YPR018W,YMR197C,0,-5.882578,0.1358211189508438,0.8989999890327454,0.5720000267028809
YNL147W,YGL030W,1,-5.8828735,0.1359516680240631,0.8999999761581421,0.5720000267028809
YMR138W,YCR072C,0,-5.882997,0.135931134223938,0.8999999761581421,0.5720999836921692
YCL025C,YIL022W,0,-5.8831577,0.13591060042381287,0.8999999761581421,0.5722000002861023
YLR157C,YJL129C,0,-5.8832617,0.13589008152484894,0.8999999761581421,0.5723000168800354
YPR018W,YNL302C,0,-5.8835115,0.135869562625885,0.8999999761581421,0.5723999738693237
YNL065W,YER106W,0,-5.884945,0.13584905862808228,0.8999999761581421,0.5724999904632568
YGL142C,YIL117C,0,-5.885206,0.13582855463027954,0.8999999761581421,0.5726000070571899
YFL011W,YLL061W,0,-5.885541,0.1358080506324768,0.8999999761581421,0.572700023651123
YGL238W,YKR007W,0,-5.8859034,0.13578756153583527,0.8999999761581421,0.5727999806404114
YGL238W,YCL055W,0,-5.8859653,0.13576708734035492,0.8999999761581421,0.5728999972343445
YNR015W,YBR273C,0,-5.8864055,0.13574661314487457,0.8999999761581421,0.5730000138282776
YDL006W,YHR203C,0,-5.8866215,0.13572613894939423,0.8999999761581421,0.5730999708175659
YFL025C,YER106W,0,-5.8867474,0.13570566475391388,0.8999999761581421,0.573199987411499
YNL148C,YBL098W,0,-5.887389,0.13568520545959473,0.8999999761581421,0.5733000040054321
YOR377W,YER028C,0,-5.887391,0.13566476106643677,0.8999999761581421,0.5734000205993652
YPL242C,YOR172W,0,-5.88771,0.1356443166732788,0.8999999761581421,0.5734999775886536
YGL004C,YHR006W,0,-5.8878503,0.13562387228012085,0.8999999761581421,0.5735999941825867
YGR230W,YBR066C,0,-5.8885384,0.1356034278869629,0.8999999761581421,0.5737000107765198
YOR322C,YFR031C,0,-5.8888464,0.13558301329612732,0.8999999761581421,0.5738000273704529
YER019W,YFL016C,0,-5.889179,0.13556258380413055,0.8999999761581421,0.5738999843597412
YPL110C,YMR089C,0,-5.889253,0.13554216921329498,0.8999999761581421,0.5740000009536743
YHR175W,YCR028C,0,-5.8898544,0.1355217546224594,0.8999999761581421,0.5741000175476074
YGR284C,YCL008C,0,-5.8900194,0.13550135493278503,0.8999999761581421,0.5741999745368958
YNL307C,YNL311C,0,-5.890077,0.13548095524311066,0.8999999761581421,0.5742999911308289
YGL256W,YHR175W,0,-5.891221,0.13546057045459747,0.8999999761581421,0.574400007724762
YJR083C,YDR432W,0,-5.891287,0.1354401856660843,0.8999999761581421,0.5745000243186951
YKL101W,YIL029C,0,-5.8915286,0.1354198008775711,0.8999999761581421,0.5745999813079834
YFL057C,YLL061W,0,-5.8916097,0.13539943099021912,0.8999999761581421,0.5746999979019165
YPL177C,YBR010W,0,-5.8917403,0.13537906110286713,0.8999999761581421,0.5748000144958496
YBL102W,YNL070W,0,-5.892038,0.13535870611667633,0.8999999761581421,0.5748999714851379
YNR075W,YJL072C,0,-5.892087,0.13533835113048553,0.8999999761581421,0.574999988079071
YLR293C,YPR032W,0,-5.8921614,0.13531799614429474,0.8999999761581421,0.5751000046730042
YIR033W,YJR028W,0,-5.892688,0.13529765605926514,0.8999999761581421,0.5752000212669373
YDL117W,YJR086W,0,-5.892982,0.13527731597423553,0.8999999761581421,0.5752999782562256
YDR524C,YPL043W,0,-5.8934374,0.13525699079036713,0.8999999761581421,0.5753999948501587
YIL109C,YEL004W,0,-5.8936667,0.13523666560649872,0.8999999761581421,0.5755000114440918
YOR005C,YGL004C,0,-5.8937163,0.1352163404226303,0.8999999761581421,0.5756000280380249
YPR095C,YNL044W,0,-5.893968,0.1351960301399231,0.8999999761581421,0.5756999850273132
YLR068W,YHR084W,0,-5.8943796,0.13517573475837708,0.8999999761581421,0.5758000016212463
YDL175C,YEL027W,0,-5.894601,0.13515542447566986,0.8999999761581421,0.5759000182151794
YJL021C,YDL154W,0,-5.8951626,0.13513512909412384,0.8999999761581421,0.5759999752044678
YLR192C,YDR276C,0,-5.896122,0.135114848613739,0.8999999761581421,0.5760999917984009
YKL122C,YDR398W,0,-5.896283,0.1350945681333542,0.8999999761581421,0.576200008392334
YDR087C,YPR181C,0,-5.896805,0.13507428765296936,0.8999999761581421,0.5763000249862671
YGL256W,YNL288W,0,-5.896819,0.13505402207374573,0.8999999761581421,0.5763999819755554
YBR008C,YFL036W,0,-5.8968296,0.1350337564945221,0.8999999761581421,0.5764999985694885
YKL016C,YGL142C,0,-5.89855,0.13501350581645966,0.8999999761581421,0.5766000151634216
YEL027W,YOR206W,0,-5.89889,0.13499325513839722,0.8999999761581421,0.57669997215271
YGR218W,YDR076W,0,-5.8989563,0.13497300446033478,0.8999999761581421,0.5767999887466431
YFL013C,YPR165W,0,-5.8990574,0.13495276868343353,0.8999999761581421,0.5769000053405762
YDL200C,YDR451C,0,-5.8990827,0.1349325329065323,0.8999999761581421,0.5770000219345093
YEL027W,YDL217C,0,-5.8999414,0.13491231203079224,0.8999999761581421,0.5770999789237976
YBR068C,YGR249W,0,-5.9002943,0.13489209115505219,0.8999999761581421,0.5771999955177307
YBR185C,YDR277C,0,-5.900454,0.13487187027931213,0.8999999761581421,0.5773000121116638
YOR249C,YGL238W,0,-5.9007263,0.13485166430473328,0.8999999761581421,0.5774000287055969
YDL117W,YHR193C,0,-5.9009275,0.13483145833015442,0.8999999761581421,0.5774999856948853
YFR030W,YHR041C,0,-5.901166,0.13481126725673676,0.8999999761581421,0.5776000022888184
YOL164W,YBL061C,0,-5.9017143,0.1347910761833191,0.8999999761581421,0.5777000188827515
YPL192C,YGL229C,0,-5.9017544,0.13477088510990143,0.8999999761581421,0.5777999758720398
YOR307C,YDR086C,0,-5.9020643,0.13475070893764496,0.8999999761581421,0.5778999924659729
YOR180C,YLR377C,0,-5.902186,0.1347305327653885,0.8999999761581421,0.578000009059906
YOL108C,YML023C,0,-5.9026937,0.1347103714942932,0.8999999761581421,0.5781000256538391
YDL135C,YKL166C,0,-5.9029713,0.13469021022319794,0.8999999761581421,0.5781999826431274
YLR008C,YPL208W,0,-5.903005,0.13467006385326385,0.8999999761581421,0.5782999992370605
YNL288W,YNL088W,0,-5.9030323,0.13464991748332977,0.8999999761581421,0.5784000158309937
YGL192W,YAL016W,0,-5.9031215,0.1346297711133957,0.8999999761581421,0.578499972820282
YKL085W,YLL056C,0,-5.903311,0.1346096247434616,0.8999999761581421,0.5785999894142151
YJL006C,YOL126C,0,-5.903651,0.13458950817584991,0.8999999761581421,0.5787000060081482
YNL068C,YIL120W,0,-5.904034,0.13456937670707703,0.8999999761581421,0.5788000226020813
YOR329C,YLR005W,0,-5.9040847,0.13454926013946533,0.8999999761581421,0.5788999795913696
YKR038C,YER072W,0,-5.9053082,0.13452914357185364,0.8999999761581421,0.5789999961853027
YGR177C,YLR355C,0,-5.9054313,0.13450904190540314,0.8999999761581421,0.5791000127792358
YNL074C,YDL195W,0,-5.9066525,0.13448894023895264,0.8999999761581421,0.579200029373169
YFL025C,YBL080C,0,-5.906769,0.13446885347366333,0.8999999761581421,0.5792999863624573
YLR068W,YBR002C,0,-5.906786,0.13444876670837402,0.8999999761581421,0.5794000029563904
YGR224W,YJL026W,0,-5.9071336,0.13442867994308472,0.8999999761581421,0.5795000195503235
YPR052C,YDR076W,0,-5.9072514,0.1344086080789566,0.8999999761581421,0.5795999765396118
YBR256C,YCL005W-A,0,-5.9073095,0.1343885362148285,0.8999999761581421,0.5796999931335449
YER117W,YKL212W,0,-5.9077272,0.13436846435070038,0.8999999761581421,0.579800009727478
YGR230W,YBR273C,0,-5.90822,0.13434840738773346,0.8999999761581421,0.5799000263214111
YDR480W,YGR024C,0,-5.908271,0.13432836532592773,0.8999999761581421,0.5799999833106995
YMR138W,YJL076W,0,-5.908946,0.13430830836296082,0.8999999761581421,0.5800999999046326
YOR254C,YGR033C,0,-5.90954,0.1342882663011551,0.8999999761581421,0.5802000164985657
YNR075W,YOR064C,0,-5.909776,0.13426823914051056,0.8999999761581421,0.580299973487854
YOR239W,YKL212W,0,-5.909826,0.13424821197986603,0.8999999761581421,0.5803999900817871
YCL055W,YGR239C,0,-5.91,0.1342281848192215,0.8999999761581421,0.5805000066757202
YMR216C,YKL018W,1,-5.9102235,0.134357288479805,0.9010000228881836,0.5805000066757202
YNL148C,YKL011C,0,-5.9111123,0.13433726131916046,0.9010000228881836,0.5806000232696533
YML032C,YLR417W,0,-5.9113684,0.13431723415851593,0.9010000228881836,0.5806999802589417
YKL016C,YCL026C-A,0,-5.9115953,0.1342972069978714,0.9010000228881836,0.5807999968528748
YBR240C,YJR102C,0,-5.9116287,0.13427719473838806,0.9010000228881836,0.5809000134468079
YMR184W,YDR021W,0,-5.911927,0.13425718247890472,0.9010000228881836,0.5809999704360962
YDR276C,YER075C,0,-5.912032,0.13423718512058258,0.9010000228881836,0.5810999870300293
YGL016W,YLL061W,0,-5.9121504,0.13421718776226044,0.9010000228881836,0.5812000036239624
YCR042C,YER138C,0,-5.912377,0.1341972053050995,0.9010000228881836,0.5813000202178955
YOR260W,YCR009C,0,-5.912599,0.13417720794677734,0.9010000228881836,0.5813999772071838
YOL049W,YJR028W,0,-5.9129963,0.1341572403907776,0.9010000228881836,0.5814999938011169
YDL230W,YDR363W-A,0,-5.9131184,0.13413725793361664,0.9010000228881836,0.58160001039505
YGL004C,YNL088W,0,-5.913394,0.13411729037761688,0.9010000228881836,0.5817000269889832
YOR079C,YGR014W,0,-5.9135647,0.13409733772277832,0.9010000228881836,0.5817999839782715
YPL171C,YBR037C,0,-5.913915,0.13407738506793976,0.9010000228881836,0.5819000005722046
YML062C,YGR285C,0,-5.914147,0.1340574324131012,0.9010000228881836,0.5820000171661377
YDL230W,YKL079W,0,-5.914269,0.13403749465942383,0.9010000228881836,0.582099974155426
YPR104C,YFL011W,0,-5.91483,0.13401755690574646,0.9010000228881836,0.5821999907493591
YBR132C,YGR192C,0,-5.914983,0.1339976191520691,0.9010000228881836,0.5823000073432922
YNL270C,YDR276C,0,-5.915679,0.13397769629955292,0.9010000228881836,0.5824000239372253
YJR139C,YNR023W,0,-5.915948,0.13395777344703674,0.9010000228881836,0.5824999809265137
YGL092W,YCR053W,0,-5.916456,0.13393786549568176,0.9010000228881836,0.5825999975204468
YHR169W,YJL010C,0,-5.9167233,0.13391795754432678,0.9010000228881836,0.5827000141143799
YBL047C,YMR296C,0,-5.9170704,0.1338980495929718,0.9010000228881836,0.5827999711036682
YOR160W,YML097C,0,-5.9171486,0.13387815654277802,0.9010000228881836,0.5828999876976013
YML129C,YLR011W,0,-5.917181,0.13385826349258423,0.9010000228881836,0.5830000042915344
YKL093W,YBR037C,0,-5.91747,0.13383838534355164,0.9010000228881836,0.5831000208854675
YLR319C,YNL280C,0,-5.9182787,0.13381850719451904,0.9010000228881836,0.5831999778747559
YGL143C,YML120C,0,-5.9187865,0.13379862904548645,0.9010000228881836,0.583299994468689
YOR002W,YIL106W,0,-5.9188046,0.13377876579761505,0.9010000228881836,0.5834000110626221
YDR208W,YOR254C,0,-5.9194775,0.13375890254974365,0.9010000228881836,0.5835000276565552
YMR073C,YDR481C,0,-5.9195366,0.13373905420303345,0.9010000228881836,0.5835999846458435
YBR132C,YPL163C,0,-5.9208117,0.13371920585632324,0.9010000228881836,0.5837000012397766
YGR186W,YPL258C,0,-5.920821,0.13369935750961304,0.9010000228881836,0.5838000178337097
YJL102W,YBR049C,0,-5.9211245,0.13367952406406403,0.9010000228881836,0.583899974822998
YPL100W,YMR150C,0,-5.921364,0.13365969061851501,0.9010000228881836,0.5839999914169312
YPL192C,YDR076W,0,-5.921869,0.1336398720741272,0.9010000228881836,0.5841000080108643
YIR005W,YNL210W,1,-5.922259,0.13376834988594055,0.9020000100135803,0.5841000080108643
YBR155W,YBR002C,0,-5.9224787,0.13374851644039154,0.9020000100135803,0.5842000246047974
YOR249C,YJR139C,0,-5.9236155,0.13372868299484253,0.9020000100135803,0.5842999815940857
YFR052W,YOR088W,0,-5.9237423,0.1337088644504547,0.9020000100135803,0.5843999981880188
YMR301C,YER106W,0,-5.923782,0.1336890459060669,0.9020000100135803,0.5845000147819519
YDR214W,YGR258C,0,-5.924383,0.13366924226284027,0.9020000100135803,0.5845999717712402
YKL146W,YER169W,0,-5.92514,0.13364942371845245,0.9020000100135803,0.5846999883651733
YNL127W,YLR081W,0,-5.925221,0.13362963497638702,0.9020000100135803,0.5848000049591064
YER008C,YMR106C,0,-5.925459,0.1336098313331604,0.9020000100135803,0.5849000215530396
YDR055W,YNL222W,0,-5.9262214,0.13359004259109497,0.9020000100135803,0.5849999785423279
YNL118C,YKR007W,0,-5.9264565,0.13357026875019073,0.9020000100135803,0.585099995136261
YGL190C,YGL084C,0,-5.9265933,0.1335504949092865,0.9020000100135803,0.5852000117301941
YBR037C,YNL241C,0,-5.9282093,0.13353072106838226,0.9020000100135803,0.5853000283241272
YMR001C,YLR133W,0,-5.9282656,0.13351094722747803,0.9020000100135803,0.5853999853134155
YJL006C,YMR142C,0,-5.9283834,0.13349118828773499,0.9020000100135803,0.5855000019073486
YLR268W,YCL075W,0,-5.928476,0.13347144424915314,0.9020000100135803,0.5856000185012817
YPL188W,YDR359C,0,-5.9284782,0.1334517002105713,0.9020000100135803,0.5856999754905701
YDL181W,YFL008W,0,-5.9287906,0.13343195617198944,0.9020000100135803,0.5857999920845032
YDL145C,YIL080W,0,-5.929333,0.1334122121334076,0.9020000100135803,0.5859000086784363
YFL025C,YBR231C,0,-5.9296217,0.13339248299598694,0.9020000100135803,0.5860000252723694
YPL208W,YNL339C,0,-5.9299936,0.13337276875972748,0.9020000100135803,0.5860999822616577
YCR048W,YGR262C,0,-5.930219,0.13335303962230682,0.9020000100135803,0.5861999988555908
YOL013C,YMR021C,0,-5.9309015,0.13333334028720856,0.9020000100135803,0.5863000154495239
YDR180W,YJL145W,0,-5.931112,0.1333136260509491,0.9020000100135803,0.5863999724388123
YOL156W,YGL175C,0,-5.931513,0.13329392671585083,0.9020000100135803,0.5864999890327454
YNL288W,YLR293C,0,-5.9316196,0.13327422738075256,0.9020000100135803,0.5866000056266785
YDR081C,YJR027W,0,-5.931793,0.1332545429468155,0.9020000100135803,0.5867000222206116
YMR296C,YLR135W,0,-5.931966,0.13323485851287842,0.9020000100135803,0.5867999792098999
YMR072W,YJL184W,0,-5.933113,0.13321518898010254,0.9020000100135803,0.586899995803833
YCL025C,YGR258C,0,-5.9343233,0.13319550454616547,0.9020000100135803,0.5870000123977661
YJL008C,YBR073W,0,-5.9345617,0.13317584991455078,0.9020000100135803,0.5871000289916992
YNL220W,YMR013C,0,-5.9346247,0.1331561803817749,0.9020000100135803,0.5871999859809875
YGL030W,YOR159C,1,-5.9346256,0.13328413665294647,0.902999997138977,0.5871999859809875
YBR059C,YHR174W,0,-5.934929,0.1332644671201706,0.902999997138977,0.5873000025749207
YBL098W,YNL129W,0,-5.9352183,0.13324479758739471,0.902999997138977,0.5874000191688538
YOL164W,YMR183C,0,-5.9356294,0.13322514295578003,0.902999997138977,0.5874999761581421
YBR038W,YPL021W,0,-5.9358444,0.13320548832416534,0.902999997138977,0.5875999927520752
YGR261C,YER164W,0,-5.937587,0.13318583369255066,0.902999997138977,0.5877000093460083
YJL194W,YHR169W,0,-5.9388113,0.13316619396209717,0.902999997138977,0.5878000259399414
YJR017C,YER068W,1,-5.9391513,0.133294016122818,0.9039999842643738,0.5878000259399414
YNL110C,YKL122C,0,-5.9394045,0.1332743614912033,0.9039999842643738,0.5878999829292297
YMR012W,YMR047C,0,-5.9395256,0.13325472176074982,0.9039999842643738,0.5879999995231628
YML058W-A,YPL106C,0,-5.9396653,0.13323508203029633,0.9039999842643738,0.588100016117096
YNL323W,YLR026C,0,-5.9396815,0.13321544229984283,0.9039999842643738,0.5881999731063843
YKL146W,YKL011C,0,-5.940205,0.13319581747055054,0.9039999842643738,0.5882999897003174
YML102W,YOR005C,0,-5.9404316,0.13317619264125824,0.9039999842643738,0.5884000062942505
YPR104C,YJL052W,0,-5.9419413,0.13315658271312714,0.9039999842643738,0.5885000228881836
YDR480W,YPL242C,0,-5.9420066,0.13313697278499603,0.9039999842643738,0.5885999798774719
YML120C,YDL235C,0,-5.9421434,0.13311736285686493,0.9039999842643738,0.588699996471405
YLR377C,YPL242C,0,-5.9425488,0.13309776782989502,0.9039999842643738,0.5888000130653381
YMR109W,YIL109C,0,-5.942639,0.1330781728029251,0.9039999842643738,0.5889000296592712
YBR059C,YKL080W,0,-5.9426765,0.1330585777759552,0.9039999842643738,0.5889999866485596
YOR377W,YNL068C,0,-5.943939,0.13303899765014648,0.9039999842643738,0.5891000032424927
YDR276C,YOL121C,0,-5.944392,0.13301941752433777,0.9039999842643738,0.5892000198364258
YCR048W,YFL029C,0,-5.944499,0.13299985229969025,0.9039999842643738,0.5892999768257141
YDL013W,YNL328C,0,-5.944622,0.13298028707504272,0.9039999842643738,0.5893999934196472
YOR249C,YNL009W,0,-5.9447365,0.1329607367515564,0.9039999842643738,0.5895000100135803
YPR001W,YFL021W,0,-5.9447923,0.13294117152690887,0.9039999842643738,0.5896000266075134
YPL190C,YPR165W,0,-5.9450846,0.13292163610458374,0.9039999842643738,0.5896999835968018
YOL066C,YOR287C,0,-5.945266,0.1329020857810974,0.9039999842643738,0.5898000001907349
YAL044C,YGL143C,0,-5.9452915,0.13288255035877228,0.9039999842643738,0.589900016784668
YGR262C,YJR131W,0,-5.946065,0.13286301493644714,0.9039999842643738,0.5899999737739563
YPL021W,YLR268W,0,-5.947299,0.1328434944152832,0.9039999842643738,0.5900999903678894
YDR515W,YPL106C,0,-5.9476995,0.13282397389411926,0.9039999842643738,0.5902000069618225
YEL062W,YGR229C,0,-5.9497223,0.13280446827411652,0.9039999842643738,0.5903000235557556
YPR200C,YGR202C,0,-5.950167,0.13278496265411377,0.9039999842643738,0.590399980545044
YMR072W,YGL105W,0,-5.9504747,0.13276545703411102,0.9039999842643738,0.590499997138977
YDL235C,YHR138C,0,-5.9517546,0.13274596631526947,0.9039999842643738,0.5906000137329102
YOR144C,YBR240C,0,-5.9518924,0.13272647559642792,0.9039999842643738,0.5906999707221985
YOR249C,YLR467W,0,-5.9519005,0.13270698487758636,0.9039999842643738,0.5907999873161316
YGR177C,YML103C,0,-5.9520464,0.132687509059906,0.9039999842643738,0.5909000039100647
YIL118W,YNL167C,0,-5.952898,0.13266803324222565,0.9039999842643738,0.5910000205039978
YLR011W,YJL052W,0,-5.953338,0.13264857232570648,0.9039999842643738,0.5910999774932861
YGL084C,YJR086W,0,-5.953785,0.13262911140918732,0.9039999842643738,0.5911999940872192
YHR061C,YML123C,0,-5.9540524,0.13260965049266815,0.9039999842643738,0.5913000106811523
YPL100W,YPR036W,0,-5.954259,0.13259020447731018,0.9039999842643738,0.5914000272750854
YMR029C,YDR142C,0,-5.9542603,0.1325707584619522,0.9039999842643738,0.5914999842643738
YJR150C,YOR180C,0,-5.9544497,0.13255131244659424,0.9039999842643738,0.5916000008583069
YIL117C,YBR273C,0,-5.9545155,0.13253188133239746,0.9039999842643738,0.59170001745224
YJL128C,YMR139W,0,-5.9546156,0.13251246511936188,0.9039999842643738,0.5917999744415283
YBR010W,YER106W,0,-5.955183,0.1324930340051651,0.9039999842643738,0.5918999910354614
YDR524C,YLR008C,0,-5.955312,0.13247361779212952,0.9039999842643738,0.5920000076293945
YAL007C,YDR515W,0,-5.955491,0.13245421648025513,0.9039999842643738,0.5921000242233276
YGR249W,YGR111W,0,-5.9556746,0.13243481516838074,0.9039999842643738,0.592199981212616
YGL006W,YJL108C,0,-5.9557343,0.13241541385650635,0.9039999842643738,0.5922999978065491
YAR033W,YNL186W,0,-5.9565954,0.13239601254463196,0.9039999842643738,0.5924000144004822
YMR283C,YBR037C,0,-5.956772,0.13237662613391876,0.9039999842643738,0.5924999713897705
YKR066C,YLR346C,0,-5.956787,0.13235725462436676,0.9039999842643738,0.5925999879837036
YIL036W,YJL026W,0,-5.9570503,0.13233786821365356,0.9039999842643738,0.5927000045776367
YLR195C,YBL102W,0,-5.957671,0.13231849670410156,0.9039999842643738,0.5928000211715698
YOL156W,YNL026W,0,-5.958014,0.13229914009571075,0.9039999842643738,0.5928999781608582
YPL208W,YPL106C,0,-5.958173,0.13227978348731995,0.9039999842643738,0.5929999947547913
YIL034C,YLR007W,0,-5.958993,0.13226042687892914,0.9039999842643738,0.5931000113487244
YNL328C,YLR026C,0,-5.9590874,0.13224107027053833,0.9039999842643738,0.5932000279426575
YMR021C,YBL033C,0,-5.9598656,0.13222172856330872,0.9039999842643738,0.5932999849319458
YFR028C,YNL268W,0,-5.9604483,0.1322024017572403,0.9039999842643738,0.5934000015258789
YHR039C,YER089C,0,-5.960725,0.13218307495117188,0.9039999842643738,0.593500018119812
YBR177C,YOL117W,0,-5.9609776,0.13216374814510345,0.9039999842643738,0.5935999751091003
YJL008C,YDL045C,0,-5.9611416,0.13214442133903503,0.9039999842643738,0.5936999917030334
YIL070C,YBR258C,0,-5.9614854,0.1321251094341278,0.9039999842643738,0.5938000082969666
YNL328C,YBR089C-A,0,-5.9616165,0.13210579752922058,0.9039999842643738,0.5939000248908997
YMR073C,YOR206W,0,-5.962332,0.13208650052547455,0.9039999842643738,0.593999981880188
YPL242C,YDL109C,0,-5.96261,0.13206720352172852,0.9039999842643738,0.5940999984741211
YHR124W,YCR044C,0,-5.9628487,0.13204790651798248,0.9039999842643738,0.5942000150680542
YMR001C,YKR095W-A,0,-5.9630136,0.13202862441539764,0.9039999842643738,0.5942999720573425
YJR074W,YLR467W,0,-5.9631286,0.1320093423128128,0.9039999842643738,0.5943999886512756
YJL090C,YOR098C,0,-5.963366,0.13199007511138916,0.9039999842643738,0.5945000052452087
YDL045C,YLR008C,0,-5.9638844,0.13197080790996552,0.9039999842643738,0.5946000218391418
YOR254C,YJR027W,0,-5.963896,0.13195154070854187,0.9039999842643738,0.5946999788284302
YLR381W,YKL029C,0,-5.9643126,0.13193228840827942,0.9039999842643738,0.5947999954223633
YKL016C,YDR083W,0,-5.96433,0.13191303610801697,0.9039999842643738,0.5949000120162964
YMR041C,YLR110C,0,-5.9653225,0.13189378380775452,0.9039999842643738,0.5950000286102295
YHR169W,YPL190C,0,-5.9657373,0.13187454640865326,0.9039999842643738,0.5950999855995178
YNL074C,YHR099W,0,-5.9669175,0.131855309009552,0.9039999842643738,0.5952000021934509
YKL025C,YJL203W,1,-5.9670596,0.13198190927505493,0.9049999713897705,0.5952000021934509
YJR017C,YOR148C,1,-5.9672995,0.13210847973823547,0.906000018119812,0.5952000021934509
YHR194W,YLR240W,0,-5.9673505,0.13208922743797302,0.906000018119812,0.595300018787384
YFL048C,YJL207C,0,-5.968439,0.13206997513771057,0.906000018119812,0.5953999757766724
YGR284C,YGR014W,0,-5.9685087,0.13205072283744812,0.906000018119812,0.5954999923706055
YNL270C,YBR002C,0,-5.968702,0.13203147053718567,0.906000018119812,0.5956000089645386
YPR200C,YNL030W,0,-5.9687147,0.1320122331380844,0.906000018119812,0.5957000255584717
YJL207C,YGR202C,0,-5.9691486,0.13199301064014435,0.906000018119812,0.59579998254776
YKL112W,YNL328C,0,-5.9693127,0.1319737732410431,0.906000018119812,0.5958999991416931
YDR202C,YJR102C,0,-5.9700594,0.13195456564426422,0.906000018119812,0.5960000157356262
YDR205W,YDR087C,0,-5.970106,0.13193534314632416,0.906000018119812,0.5960999727249146
YHR001W-A,YDR308C,0,-5.970895,0.1319161355495453,0.906000018119812,0.5961999893188477
YOR106W,YCR061W,0,-5.9711065,0.13189692795276642,0.906000018119812,0.5963000059127808
YAR033W,YFL036W,0,-5.971309,0.13187773525714874,0.906000018119812,0.5964000225067139
YGL195W,YER019W,0,-5.9714417,0.13185854256153107,0.906000018119812,0.5964999794960022
YOL130W,YGL124C,0,-5.973409,0.1318393498659134,0.906000018119812,0.5965999960899353
YIL128W,YDL128W,0,-5.9739504,0.1318201720714569,0.906000018119812,0.5967000126838684
YBR164C,YKL101W,0,-5.973983,0.13180099427700043,0.906000018119812,0.5968000292778015
YBL098W,YCL074W,0,-5.9752846,0.13178181648254395,0.906000018119812,0.5968999862670898
YGL016W,YOR064C,0,-5.975498,0.13176265358924866,0.906000018119812,0.597000002861023
YNL136W,YJL108C,0,-5.976236,0.13174349069595337,0.906000018119812,0.597100019454956
YLL015W,YFL003C,0,-5.9764066,0.13172434270381927,0.906000018119812,0.5971999764442444
YML103C,YFL008W,0,-5.976433,0.13170519471168518,0.906000018119812,0.5972999930381775
YHR001W-A,YGL098W,0,-5.977084,0.1316860467195511,0.906000018119812,0.5974000096321106
YHR203C,YOR064C,0,-5.9773073,0.13166691362857819,0.906000018119812,0.5975000262260437
YER035W,YGL151W,0,-5.977698,0.13164778053760529,0.906000018119812,0.597599983215332
YOR322C,YER003C,0,-5.977949,0.13162864744663239,0.906000018119812,0.5976999998092651
YGR010W,YNL061W,0,-5.9785347,0.13160952925682068,0.906000018119812,0.5978000164031982
YNL088W,YJR110W,0,-5.978903,0.13159041106700897,0.906000018119812,0.5978999733924866
YGR177C,YOR349W,0,-5.9789433,0.13157130777835846,0.906000018119812,0.5979999899864197
YJL108C,YDL058W,0,-5.9790473,0.13155220448970795,0.906000018119812,0.5981000065803528
YKL029C,YHR034C,0,-5.9791183,0.13153310120105743,0.906000018119812,0.5982000231742859
YDR309C,YDR498C,0,-5.9792438,0.13151401281356812,0.906000018119812,0.5982999801635742
YLR248W,YIL022W,0,-5.9793773,0.1314949244260788,0.906000018119812,0.5983999967575073
YGR177C,YHR023W,0,-5.9794817,0.13147583603858948,0.906000018119812,0.5985000133514404
YKR095W,YDL230W,0,-5.9799886,0.13145676255226135,0.906000018119812,0.5985999703407288
YGR229C,YLL011W,0,-5.980125,0.13143768906593323,0.906000018119812,0.5986999869346619
YOL066C,YGR285C,0,-5.980399,0.1314186304807663,0.906000018119812,0.598800003528595
YKL021C,YGL098W,0,-5.980772,0.13139957189559937,0.906000018119812,0.5989000201225281
YAL042W,YIL008W,0,-5.980844,0.13138051331043243,0.906000018119812,0.5989999771118164
YML012W,YFR034C,0,-5.9812603,0.1313614547252655,0.906000018119812,0.5990999937057495
YOR148C,YBR152W,1,-5.98202,0.1314873844385147,0.9070000052452087,0.5990999937057495
YOR209C,YNL311C,0,-5.982049,0.13146832585334778,0.9070000052452087,0.5992000102996826
YML103C,YMR284W,0,-5.982087,0.13144928216934204,0.9070000052452087,0.5993000268936157
YHR171W,YDL006W,0,-5.983196,0.1314302235841751,0.9070000052452087,0.599399983882904
YBR077C,YML131W,0,-5.9832063,0.13141117990016937,0.9070000052452087,0.5995000004768372
YJR091C,YPR138C,0,-5.9832153,0.13139215111732483,0.9070000052452087,0.5996000170707703
YER001W,YGL013C,0,-5.9833226,0.13137312233448029,0.9070000052452087,0.5996999740600586
YOL049W,YML039W,0,-5.9834714,0.13135409355163574,0.9070000052452087,0.5997999906539917
YMR012W,YJR140C,0,-5.983474,0.1313350647687912,0.9070000052452087,0.5999000072479248
YMR047C,YPL234C,0,-5.9836483,0.13131605088710785,0.9070000052452087,0.6000000238418579
YML120C,YLR455W,0,-5.983758,0.1312970519065857,0.9070000052452087,0.6000999808311462
YDL142C,YMR076C,0,-5.9850893,0.13127803802490234,0.9070000052452087,0.6001999974250793
YBL032W,YNL304W,0,-5.9852085,0.1312590390443802,0.9070000052452087,0.6003000140190125
YMR041C,YJL214W,0,-5.9859786,0.13124005496501923,0.9070000052452087,0.6003999710083008
YJL006C,YOL122C,0,-5.9860106,0.13122107088565826,0.9070000052452087,0.6004999876022339
YHR193C,YML103C,0,-5.986172,0.1312020868062973,0.9070000052452087,0.600600004196167
YDR273W,YLR268W,0,-5.986846,0.13118310272693634,0.9070000052452087,0.6007000207901001
YOR034C,YPR104C,0,-5.9880924,0.13116413354873657,0.9070000052452087,0.6007999777793884
YGL195W,YPL253C,0,-5.9887843,0.1311451643705368,0.9070000052452087,0.6008999943733215
YJL214W,YNL167C,0,-5.9888897,0.13112621009349823,0.9070000052452087,0.6010000109672546
YDR163W,YJR017C,1,-5.9892383,0.13125181198120117,0.9079999923706055,0.6010000109672546
YMR069W,YER089C,0,-5.9894433,0.1312328428030014,0.9079999923706055,0.6011000275611877
YMR296C,YGL124C,0,-5.9894915,0.13121387362480164,0.9079999923706055,0.6011999845504761
YPR057W,YJR017C,1,-5.99024,0.1313394010066986,0.9089999794960022,0.6011999845504761
YCL016C,YBR283C,0,-5.9907064,0.13132043182849884,0.9089999794960022,0.6013000011444092
YBL032W,YDR379W,0,-5.991303,0.13130146265029907,0.9089999794960022,0.6014000177383423
YBL047C,YHR034C,0,-5.991771,0.1312824934720993,0.9089999794960022,0.6014999747276306
YDR328C,YJL154C,0,-5.9919195,0.13126353919506073,0.9089999794960022,0.6015999913215637
YJR017C,YLR424W,1,-5.992543,0.13138896226882935,0.9100000262260437,0.6015999913215637
YLR025W,YDR058C,0,-5.993277,0.13137000799179077,0.9100000262260437,0.6017000079154968
YOR377W,YPL010W,0,-5.993392,0.131351038813591,0.9100000262260437,0.6018000245094299
YAL044C,YDL006W,0,-5.993415,0.13133208453655243,0.9100000262260437,0.6018999814987183
YPL026C,YPR036W,0,-5.993759,0.13131313025951385,0.9100000262260437,0.6019999980926514
YMR001C,YLR346C,0,-5.995128,0.13129419088363647,0.9100000262260437,0.6021000146865845
YLR381W,YDR341C,0,-5.9951468,0.1312752515077591,0.9100000262260437,0.6021999716758728
YBR145W,YER005W,0,-5.9968443,0.1312563121318817,0.9100000262260437,0.6022999882698059
YLR059C,YMR270C,0,-5.997108,0.13123738765716553,0.9100000262260437,0.602400004863739
YGR284C,YLR025W,0,-5.997128,0.13121846318244934,0.9100000262260437,0.6025000214576721
YLR157C,YDR379W,0,-5.9973617,0.13119953870773315,0.9100000262260437,0.6025999784469604
YNR026C,YPR036W,0,-5.997492,0.13118062913417816,0.9100000262260437,0.6026999950408936
YOR239W,YKL165C,0,-5.99782,0.13116171956062317,0.9100000262260437,0.6028000116348267
YGR222W,YER008C,0,-5.997863,0.13114280998706818,0.9100000262260437,0.6029000282287598
YGL192W,YGL226C-A,0,-5.998127,0.13112391531467438,0.9100000262260437,0.6029999852180481
YDL154W,YMR183C,0,-5.9982677,0.13110503554344177,0.9100000262260437,0.6031000018119812
YER070W,YGR059W,0,-5.998448,0.13108614087104797,0.9100000262260437,0.6032000184059143
YBR295W,YCR044C,0,-5.9987783,0.13106726109981537,0.9100000262260437,0.6032999753952026
YBR164C,YPR052C,0,-5.9989023,0.13104838132858276,0.9100000262260437,0.6033999919891357
YBR185C,YBR127C,0,-5.998992,0.13102951645851135,0.9100000262260437,0.6035000085830688
YBR039W,YMR069W,0,-5.999152,0.13101065158843994,0.9100000262260437,0.603600025177002
YOR209C,YHR200W,0,-5.999276,0.13099180161952972,0.9100000262260437,0.6036999821662903
YLR133W,YFR052W,0,-5.999874,0.1309729367494583,0.9100000262260437,0.6037999987602234
YOR099W,YOL001W,0,-6.0001297,0.1309540867805481,0.9100000262260437,0.6039000153541565
YKL220C,YOL122C,0,-6.0002418,0.13093525171279907,0.9100000262260437,0.6039999723434448
YMR001C,YDR165W,0,-6.000766,0.13091641664505005,0.9100000262260437,0.6040999889373779
YLL061W,YOR307C,0,-6.000871,0.13089758157730103,0.9100000262260437,0.604200005531311
YGL003C,YBR273C,0,-6.0013657,0.1308787614107132,0.9100000262260437,0.6043000221252441
YFL021W,YDR325W,0,-6.001601,0.13085994124412537,0.9100000262260437,0.6043999791145325
YIR041W,YIL030C,0,-6.0019665,0.13084112107753754,0.9100000262260437,0.6044999957084656
YPL091W,YDR208W,0,-6.002046,0.1308223158121109,0.9100000262260437,0.6046000123023987
YBR065C,YLR424W,1,-6.002637,0.13094724714756012,0.9110000133514404,0.6046000123023987
YNR015W,YNL339C,0,-6.0027866,0.1309284269809723,0.9110000133514404,0.6047000288963318
YCL016C,YPR165W,0,-6.0028934,0.13090960681438446,0.9110000133514404,0.6047999858856201
YGR268C,YAR033W,0,-6.0031643,0.13089080154895782,0.9110000133514404,0.6049000024795532
YIL106W,YHR042W,0,-6.0037365,0.1308719962835312,0.9110000133514404,0.6050000190734863
YJR086W,YEL004W,0,-6.0050497,0.13085320591926575,0.9110000133514404,0.6050999760627747
YLR259C,YOR217W,0,-6.005248,0.1308344155550003,0.9110000133514404,0.6051999926567078
YBR186W,YOL127W,0,-6.0053663,0.13081562519073486,0.9110000133514404,0.6053000092506409
YGL065C,YHR039C,0,-6.0055723,0.13079683482646942,0.9110000133514404,0.605400025844574
YGR155W,YCL043C,0,-6.007127,0.13077805936336517,0.9110000133514404,0.6054999828338623
YJR139C,YML073C,0,-6.0076513,0.13075929880142212,0.9110000133514404,0.6055999994277954
YHR169W,YDR379W,0,-6.0077085,0.13074052333831787,0.9110000133514404,0.6057000160217285
YMR073C,YIL123W,0,-6.008914,0.13072176277637482,0.9110000133514404,0.6057999730110168
YMR073C,YML123C,0,-6.0090475,0.13070301711559296,0.9110000133514404,0.60589998960495
YFL010W-A,YDR081C,0,-6.0097775,0.1306842565536499,0.9110000133514404,0.6060000061988831
YDL142C,YFL011W,0,-6.010579,0.13066552579402924,0.9110000133514404,0.6061000227928162
YMR232W,YJL102W,0,-6.010668,0.13064678013324738,0.9110000133514404,0.6061999797821045
YMR026C,YML093W,0,-6.010806,0.1306280493736267,0.9110000133514404,0.6062999963760376
YMR266W,YMR089C,0,-6.0109158,0.13060931861400604,0.9110000133514404,0.6064000129699707
YDR098C,YLR011W,0,-6.011048,0.13059060275554657,0.9110000133514404,0.6065000295639038
YOR099W,YML131W,0,-6.0112257,0.1305718719959259,0.9110000133514404,0.6065999865531921
YOR034C,YHR163W,0,-6.011462,0.13055317103862762,0.9110000133514404,0.6067000031471252
YLR417W,YCR061W,0,-6.0116606,0.13053445518016815,0.9110000133514404,0.6068000197410583
YHR019C,YER008C,0,-6.011774,0.13051575422286987,0.9110000133514404,0.6068999767303467
YPL177C,YPL192C,0,-6.0117807,0.1304970681667328,0.9110000133514404,0.6069999933242798
YJL111W,YPL059W,0,-6.011835,0.1304783672094345,0.9110000133514404,0.6071000099182129
YOR260W,YNL030W,0,-6.012556,0.13045968115329742,0.9110000133514404,0.607200026512146
YDR009W,YDL036C,0,-6.01287,0.13044100999832153,0.9110000133514404,0.6072999835014343
YIL053W,YDR087C,0,-6.013216,0.13042233884334564,0.9110000133514404,0.6074000000953674
YNR015W,YGR063C,0,-6.0134706,0.13040366768836975,0.9110000133514404,0.6075000166893005
YNL327W,YCL063W,0,-6.013529,0.13038499653339386,0.9110000133514404,0.6075999736785889
YGL124C,YMR026C,0,-6.0138073,0.13036634027957916,0.9110000133514404,0.607699990272522
YPR165W,YLR455W,0,-6.013975,0.13034768402576447,0.9110000133514404,0.6078000068664551
YLL015W,YJL184W,0,-6.0143757,0.13032904267311096,0.9110000133514404,0.6079000234603882
YMR184W,YDR046C,0,-6.014492,0.13031040132045746,0.9110000133514404,0.6079999804496765
YOR037W,YML055W,0,-6.015259,0.13029175996780396,0.9110000133514404,0.6080999970436096
YJL194W,YFL004W,0,-6.015304,0.13027313351631165,0.9110000133514404,0.6082000136375427
YBR050C,YDR131C,0,-6.0153255,0.13025450706481934,0.9110000133514404,0.608299970626831
YDR298C,YJL208C,0,-6.0160646,0.13023588061332703,0.9110000133514404,0.6083999872207642
YKR038C,YBL050W,0,-6.0161557,0.1302172690629959,0.9110000133514404,0.6085000038146973
YPL265W,YBR275C,0,-6.016472,0.1301986575126648,0.9110000133514404,0.6086000204086304
YKL160W,YDR331W,0,-6.016526,0.13018004596233368,0.9110000133514404,0.6086999773979187
YDL117W,YMR284W,0,-6.016532,0.13016144931316376,0.9110000133514404,0.6087999939918518
YML008C,YDR013W,0,-6.016563,0.13014285266399384,0.9110000133514404,0.6089000105857849
YBR059C,YAL042W,0,-6.0174,0.1301242709159851,0.9110000133514404,0.609000027179718
YPR200C,YMR047C,0,-6.0175624,0.13010568916797638,0.9110000133514404,0.6090999841690063
YLR335W,YCR044C,0,-6.017606,0.13008710741996765,0.9110000133514404,0.6092000007629395
YDR335W,YHR150W,0,-6.0176783,0.13006852567195892,0.9110000133514404,0.6093000173568726
YOR079C,YER003C,0,-6.0179505,0.1300499588251114,0.9110000133514404,0.6093999743461609
YFL018C,YML055W,0,-6.0179625,0.13003140687942505,0.9110000133514404,0.609499990940094
YBL016W,YIL117C,0,-6.0186367,0.13001284003257751,0.9110000133514404,0.6096000075340271
YFL018C,YJL108C,0,-6.0195823,0.12999428808689117,0.9110000133514404,0.6097000241279602
YPR188C,YJL154C,0,-6.019763,0.12997575104236603,0.9110000133514404,0.6097999811172485
YNR075W,YCR042C,0,-6.0199056,0.1299571990966797,0.9110000133514404,0.6098999977111816
YMR069W,YDR451C,0,-6.0200663,0.12993866205215454,0.9110000133514404,0.6100000143051147
YJR076C,YFR029W,0,-6.0205245,0.1299201399087906,0.9110000133514404,0.6100999712944031
YFL018C,YHR006W,0,-6.020646,0.12990161776542664,0.9110000133514404,0.6101999878883362
YGR261C,YOR272W,0,-6.0210204,0.12988309562206268,0.9110000133514404,0.6103000044822693
YGL192W,YIL030C,0,-6.0210295,0.12986457347869873,0.9110000133514404,0.6104000210762024
YGR224W,YBL032W,0,-6.0210733,0.12984606623649597,0.9110000133514404,0.6104999780654907
YLR332W,YOR103C,0,-6.0210876,0.1298275589942932,0.9110000133514404,0.6105999946594238
YOR144C,YHR138C,0,-6.021408,0.12980906665325165,0.9110000133514404,0.6107000112533569
YLL015W,YDR485C,0,-6.021605,0.12979057431221008,0.9110000133514404,0.61080002784729
YOR002W,YLR193C,0,-6.0223074,0.12977208197116852,0.9110000133514404,0.6108999848365784
YNL148C,YKR095W,0,-6.0229053,0.12975358963012695,0.9110000133514404,0.6110000014305115
YOR037W,YKL056C,0,-6.022914,0.12973511219024658,0.9110000133514404,0.6111000180244446
YML113W,YNL328C,0,-6.0229936,0.1297166496515274,0.9110000133514404,0.6111999750137329
YOL130W,YGL171W,0,-6.0239334,0.12969817221164703,0.9110000133514404,0.611299991607666
YFL025C,YOR099W,0,-6.0241513,0.12967970967292786,0.9110000133514404,0.6114000082015991
YOL009C,YPL146C,0,-6.0248,0.12966126203536987,0.9110000133514404,0.6115000247955322
YFL057C,YAR033W,0,-6.0251184,0.1296427994966507,0.9110000133514404,0.6115999817848206
YLR384C,YJR045C,0,-6.025129,0.1296243667602539,0.9110000133514404,0.6116999983787537
YAL042W,YOR172W,0,-6.026092,0.12960591912269592,0.9110000133514404,0.6118000149726868
YJL010C,YDL138W,0,-6.026536,0.12958748638629913,0.9110000133514404,0.6118999719619751
YBR002C,YBR105C,0,-6.026715,0.12956905364990234,0.9110000133514404,0.6119999885559082
YBL098W,YBR160W,0,-6.0270505,0.12955062091350555,0.9110000133514404,0.6121000051498413
YKL093W,YOL066C,0,-6.0275555,0.12953220307826996,0.9110000133514404,0.6122000217437744
YBR234C,YPL235W,0,-6.0286837,0.12951378524303436,0.9110000133514404,0.6122999787330627
YKR055W,YIL022W,0,-6.0293045,0.12949538230895996,0.9110000133514404,0.6123999953269958
YKL150W,YPL118W,0,-6.02944,0.12947697937488556,0.9110000133514404,0.612500011920929
YDL143W,YDR388W,0,-6.0301666,0.12945857644081116,0.9110000133514404,0.6126000285148621
YDR214W,YDR131C,0,-6.030522,0.12944018840789795,0.9110000133514404,0.6126999855041504
YNL030W,YDL042C,0,-6.031105,0.12942178547382355,0.9110000133514404,0.6128000020980835
YOL121C,YLR034C,0,-6.0317698,0.12940341234207153,0.9110000133514404,0.6129000186920166
YKR007W,YGR192C,0,-6.03183,0.12938502430915833,0.9110000133514404,0.6129999756813049
YOR377W,YLR455W,0,-6.0319514,0.1293666511774063,0.9110000133514404,0.613099992275238
YHR124W,YIL029C,0,-6.032587,0.1293482929468155,0.9110000133514404,0.6132000088691711
YLL015W,YPL192C,0,-6.033569,0.12932991981506348,0.9110000133514404,0.6133000254631042
YDR451C,YOR287C,0,-6.0338907,0.12931156158447266,0.9110000133514404,0.6133999824523926
YGL030W,YDR478W,1,-6.0338945,0.12943513691425323,0.9120000004768372,0.6133999824523926
YJL008C,YOL069W,0,-6.034226,0.12941677868366241,0.9120000004768372,0.6134999990463257
YLR329W,YJL121C,0,-6.0347085,0.1293984055519104,0.9120000004768372,0.6136000156402588
YNL270C,YIR015W,0,-6.0353346,0.12938004732131958,0.9120000004768372,0.6136999726295471
YJR017C,YIR005W,1,-6.035361,0.1295035481452942,0.9129999876022339,0.6136999726295471
YJR092W,YFL021W,0,-6.0361505,0.12948517501354218,0.9129999876022339,0.6137999892234802
YBL016W,YBR218C,0,-6.03685,0.12946681678295135,0.9129999876022339,0.6139000058174133
YPR083W,YOR344C,0,-6.037414,0.12944845855236053,0.9129999876022339,0.6140000224113464
YJR139C,YHR042W,0,-6.037504,0.1294301152229309,0.9129999876022339,0.6140999794006348
YBR010W,YBR105C,0,-6.037898,0.12941177189350128,0.9129999876022339,0.6141999959945679
YDR480W,YOR210W,0,-6.0383253,0.12939342856407166,0.9129999876022339,0.614300012588501
YKL195W,YFL008W,0,-6.0384865,0.12937508523464203,0.9129999876022339,0.6144000291824341
YJR150C,YNL164C,0,-6.03868,0.1293567568063736,0.9129999876022339,0.6144999861717224
YKL195W,YDL042C,0,-6.039245,0.12933842837810516,0.9129999876022339,0.6146000027656555
YGL229C,YKL086W,0,-6.0393295,0.12932011485099792,0.9129999876022339,0.6147000193595886
YJR140C,YOL127W,0,-6.0415115,0.12930180132389069,0.9129999876022339,0.614799976348877
YPR082C,YNL210W,1,-6.0431514,0.12942509353160858,0.9139999747276306,0.614799976348877
YGR192C,YGR033C,0,-6.043253,0.12940676510334015,0.9139999747276306,0.6148999929428101
YLR059C,YJR145C,0,-6.0445423,0.1293884515762329,0.9139999747276306,0.6150000095367432
YNL230C,YDR180W,0,-6.0447555,0.12937013804912567,0.9139999747276306,0.6151000261306763
YDR021W,YGL143C,0,-6.04483,0.12935182452201843,0.9139999747276306,0.6151999831199646
YGR014W,YBR073W,0,-6.0459795,0.1293335258960724,0.9139999747276306,0.6152999997138977
YLR381W,YHR169W,0,-6.046197,0.12931522727012634,0.9139999747276306,0.6154000163078308
YPL269W,YPL234C,0,-6.04664,0.1292969286441803,0.9139999747276306,0.6154999732971191
YBR058C-A,YLR262C,0,-6.046787,0.12927864491939545,0.9139999747276306,0.6155999898910522
YIL128W,YEL062W,0,-6.04692,0.1292603611946106,0.9139999747276306,0.6157000064849854
YJL034W,YML023C,0,-6.04768,0.12924207746982574,0.9139999747276306,0.6158000230789185
YLR157C,YIL112W,0,-6.048011,0.1292238086462021,0.9139999747276306,0.6158999800682068
YML092C,YIL109C,0,-6.048188,0.12920553982257843,0.9139999747276306,0.6159999966621399
YNL210W,YKR002W,1,-6.04842,0.1293286234140396,0.9150000214576721,0.6159999966621399
YJR017C,YJR022W,1,-6.0486145,0.1294516623020172,0.9160000085830688,0.6159999966621399
YLR026C,YHR163W,0,-6.0488853,0.12943337857723236,0.9160000085830688,0.616100013256073
YML102W,YOL126C,0,-6.049245,0.1294150948524475,0.9160000085830688,0.6161999702453613
YNL328C,YMR203W,0,-6.050297,0.12939681112766266,0.9160000085830688,0.6162999868392944
YGR230W,YKR066C,0,-6.051502,0.1293785274028778,0.9160000085830688,0.6164000034332275
YGL065C,YGL053W,0,-6.0527344,0.12936025857925415,0.9160000085830688,0.6165000200271606
YNL312W,YDR131C,0,-6.052927,0.1293419897556305,0.9160000085830688,0.616599977016449
YKL195W,YEL051W,0,-6.0529947,0.12932373583316803,0.9160000085830688,0.6166999936103821
YOR103C,YNL262W,0,-6.053025,0.12930548191070557,0.9160000085830688,0.6168000102043152
YOR144C,YKL212W,0,-6.053159,0.1292872279882431,0.9160000085830688,0.6169000267982483
YDR040C,YFL011W,0,-6.05391,0.12926897406578064,0.9160000085830688,0.6169999837875366
YGR010W,YPL033C,0,-6.0540237,0.12925073504447937,0.9160000085830688,0.6171000003814697
YJR017C,YKL095W,1,-6.054387,0.12937359511852264,0.9169999957084656,0.6171000003814697
YDL083C,YJR086W,0,-6.0544014,0.12935534119606018,0.9169999957084656,0.6172000169754028
YMR301C,YGL143C,0,-6.05441,0.12933708727359772,0.9169999957084656,0.6172999739646912
YML012W,YDL058W,0,-6.0545526,0.12931884825229645,0.9169999957084656,0.6173999905586243
YER106W,YER028C,0,-6.0545616,0.12930062413215637,0.9169999957084656,0.6175000071525574
YBR066C,YBR192W,0,-6.05537,0.1292823851108551,0.9169999957084656,0.6176000237464905
YDR298C,YGR186W,0,-6.0558605,0.12926416099071503,0.9169999957084656,0.6176999807357788
YDR208W,YJL208C,0,-6.0559,0.12924595177173615,0.9169999957084656,0.6177999973297119
YDR009W,YJR110W,0,-6.0564637,0.12922772765159607,0.9169999957084656,0.617900013923645
YGR284C,YNL026W,0,-6.056926,0.1292095184326172,0.9169999957084656,0.6179999709129333
YDR122W,YKL042W,0,-6.057045,0.1291913241147995,0.9169999957084656,0.6180999875068665
YOR144C,YFL004W,0,-6.057769,0.1291731297969818,0.9169999957084656,0.6182000041007996
YNL061W,YIR015W,0,-6.0584784,0.12915493547916412,0.9169999957084656,0.6183000206947327
YIL034C,YOL002C,0,-6.0586705,0.12913674116134644,0.9169999957084656,0.618399977684021
YCL014W,YHR169W,0,-6.0592966,0.12911856174468994,0.9169999957084656,0.6184999942779541
YDL017W,YDL140C,0,-6.0594673,0.12910038232803345,0.9169999957084656,0.6186000108718872
YKR086W,YBR152W,1,-6.0596085,0.12922297418117523,0.9179999828338623,0.6186000108718872
YCL027W,YDR055W,0,-6.0599103,0.12920477986335754,0.9179999828338623,0.6187000274658203
YER179W,YIR041W,0,-6.061782,0.12918660044670105,0.9179999828338623,0.6187999844551086
YMR224C,YJR045C,0,-6.0627136,0.12916842103004456,0.9179999828338623,0.6189000010490417
YMR283C,YIL109C,0,-6.0635176,0.12915025651454926,0.9179999828338623,0.6190000176429749
YGL030W,YOR148C,1,-6.0637302,0.12927275896072388,0.9190000295639038,0.6190000176429749
YLR381W,YPL269W,0,-6.063802,0.1292545646429062,0.9190000295639038,0.6190999746322632
YPL146C,YDL128W,0,-6.063986,0.1292364001274109,0.9190000295639038,0.6191999912261963
YNL220W,YNL136W,0,-6.064027,0.1292182207107544,0.9190000295639038,0.6193000078201294
YCL014W,YDR075W,0,-6.064351,0.1292000561952591,0.9190000295639038,0.6194000244140625
YNR010W,YMR021C,0,-6.064856,0.1291818916797638,0.9190000295639038,0.6194999814033508
YGL068W,YJL072C,0,-6.0652266,0.1291637420654297,0.9190000295639038,0.6195999979972839
YJR010C-A,YHR138C,0,-6.0656443,0.12914559245109558,0.9190000295639038,0.619700014591217
YHR194W,YDR481C,0,-6.0659523,0.12912744283676147,0.9190000295639038,0.6197999715805054
YFL041W,YGL124C,0,-6.0669317,0.12910929322242737,0.9190000295639038,0.6198999881744385
YER114C,YJR010C-A,0,-6.0675564,0.12909115850925446,0.9190000295639038,0.6200000047683716
YNL282W,YLR424W,1,-6.0676174,0.12921348214149475,0.9200000166893005,0.6200000047683716
YLR116W,YDR195W,1,-6.068619,0.12933576107025146,0.9210000038146973,0.6200000047683716
YLL061W,YPR165W,0,-6.0686994,0.12931761145591736,0.9210000038146973,0.6201000213623047
YBR132C,YPL082C,0,-6.0687227,0.12929944694042206,0.9210000038146973,0.620199978351593
YLR110C,YGR063C,0,-6.0688553,0.12928129732608795,0.9210000038146973,0.6202999949455261
YDR191W,YEL041W,0,-6.0689917,0.12926316261291504,0.9210000038146973,0.6204000115394592
YCR038C,YMR298W,0,-6.0692024,0.12924501299858093,0.9210000038146973,0.6205000281333923
YGL195W,YJL207C,0,-6.0697093,0.12922687828540802,0.9210000038146973,0.6205999851226807
YGL065C,YEL004W,0,-6.069801,0.1292087584733963,0.9210000038146973,0.6207000017166138
YCL055W,YGL175C,0,-6.0708423,0.1291906237602234,0.9210000038146973,0.6208000183105469
YBR172C,YDR451C,0,-6.0711784,0.12917250394821167,0.9210000038146973,0.6208999752998352
YPL021W,YDL080C,0,-6.0713024,0.12915439903736115,0.9210000038146973,0.6209999918937683
YPL021W,YGL195W,0,-6.0718474,0.12913629412651062,0.9210000038146973,0.6211000084877014
YNL149C,YPL153C,0,-6.072077,0.1291181892156601,0.9210000038146973,0.6212000250816345
YNL210W,YLR116W,1,-6.072729,0.1292402595281601,0.921999990940094,0.6212000250816345
YMR029C,YNL339C,0,-6.0734396,0.12922213971614838,0.921999990940094,0.6212999820709229
YAL007C,YMR139W,0,-6.0736384,0.12920403480529785,0.921999990940094,0.621399998664856
YDR273W,YIL063C,0,-6.0740876,0.12918592989444733,0.921999990940094,0.6215000152587891
YDR423C,YDL150W,0,-6.0749207,0.129167839884758,0.921999990940094,0.6215999722480774
YGR261C,YNL014W,0,-6.075027,0.12914973497390747,0.921999990940094,0.6216999888420105
YMR021C,YHR138C,0,-6.0757027,0.12913165986537933,0.921999990940094,0.6218000054359436
YNR075W,YBR275C,0,-6.076299,0.12911356985569,0.921999990940094,0.6219000220298767
YNL268W,YDR181C,0,-6.076434,0.12909549474716187,0.921999990940094,0.621999979019165
YHR073W,YPL171C,0,-6.0764656,0.12907741963863373,0.921999990940094,0.6220999956130981
YNL136W,YMR013C,0,-6.0769014,0.1290593445301056,0.921999990940094,0.6222000122070312
YGR249W,YMR263W,0,-6.0774965,0.12904128432273865,0.921999990940094,0.6223000288009644
YKR059W,YKR079C,0,-6.0775533,0.1290232241153717,0.921999990940094,0.6223999857902527
YDL154W,YML098W,0,-6.077869,0.12900517880916595,0.921999990940094,0.6225000023841858
YLR068W,YLR205C,0,-6.0779877,0.1289871335029602,0.921999990940094,0.6226000189781189
YPR082C,YGL030W,1,-6.079069,0.1291089653968811,0.9229999780654907,0.6226000189781189
YBR231C,YHR138C,0,-6.0795345,0.12909090518951416,0.9229999780654907,0.6226999759674072
YNR067C,YOR179C,0,-6.0800223,0.1290728598833084,0.9229999780654907,0.6227999925613403
YOR099W,YGR285C,0,-6.080119,0.12905481457710266,0.9229999780654907,0.6229000091552734
YDR432W,YMR270C,0,-6.0802555,0.1290367692708969,0.9229999780654907,0.6230000257492065
YMR298W,YNL311C,0,-6.0803285,0.12901872396469116,0.9229999780654907,0.6230999827384949
YJR010C-A,YMR005W,0,-6.0804925,0.1290006935596466,0.9229999780654907,0.623199999332428
YGR177C,YKL029C,0,-6.0805054,0.12898267805576324,0.9229999780654907,0.6233000159263611
YLR157C,YNL280C,0,-6.080567,0.1289646476507187,0.9229999780654907,0.6233999729156494
YNL210W,YKL025C,1,-6.0807376,0.12908633053302765,0.9240000247955322,0.6233999729156494
YIL155C,YPR018W,0,-6.0817194,0.1290683001279831,0.9240000247955322,0.6234999895095825
YPL091W,YPL209C,0,-6.0818872,0.12905028462409973,0.9240000247955322,0.6236000061035156
YNL065W,YIL131C,0,-6.082152,0.12903225421905518,0.9240000247955322,0.6237000226974487
YNL220W,YJR076C,0,-6.082205,0.12901423871517181,0.9240000247955322,0.6237999796867371
YPL190C,YIR041W,0,-6.0824957,0.12899622321128845,0.9240000247955322,0.6238999962806702
YGR041W,YNL339C,0,-6.0829506,0.12897822260856628,0.9240000247955322,0.6240000128746033
YMR162C,YCR102C,0,-6.0830603,0.12896022200584412,0.9240000247955322,0.6241000294685364
YGR224W,YJL034W,0,-6.0832505,0.12894222140312195,0.9240000247955322,0.6241999864578247
YML123C,YBR083W,0,-6.083337,0.12892423570156097,0.9240000247955322,0.6243000030517578
YFL048C,YDR372C,0,-6.084305,0.12890625,0.9240000247955322,0.6244000196456909
YER114C,YMR298W,0,-6.084856,0.12888826429843903,0.9240000247955322,0.6244999766349792
YMR073C,YFL018C,0,-6.0849233,0.12887029349803925,0.9240000247955322,0.6245999932289124
YKR076W,YKR008W,0,-6.0864863,0.12885232269763947,0.9240000247955322,0.6247000098228455
YBR234C,YBR177C,0,-6.086855,0.12883435189723969,0.9240000247955322,0.6248000264167786
YKL011C,YOL156W,0,-6.0868974,0.1288163959980011,0.9240000247955322,0.6248999834060669
YOL013C,YOR064C,0,-6.0872283,0.1287984400987625,0.9240000247955322,0.625
YNL148C,YPR134W,0,-6.087947,0.12878048419952393,0.9240000247955322,0.6251000165939331
YDR116C,YFR029W,0,-6.0886316,0.12876254320144653,0.9240000247955322,0.6251999735832214
YAL054C,YML058W-A,0,-6.089562,0.12874460220336914,0.9240000247955322,0.6252999901771545
YCR048W,YPR200C,0,-6.090292,0.12872666120529175,0.9240000247955322,0.6254000067710876
YBR039W,YEL062W,0,-6.0910544,0.12870873510837555,0.9240000247955322,0.6255000233650208
YLR160C,YJL025W,0,-6.092456,0.12869080901145935,0.9240000247955322,0.6255999803543091
YJL207C,YIL053W,0,-6.0930367,0.12867288291454315,0.9240000247955322,0.6256999969482422
YPR020W,YBR256C,0,-6.093277,0.12865497171878815,0.9240000247955322,0.6258000135421753
YJL184W,YGR202C,0,-6.093751,0.12863706052303314,0.9240000247955322,0.6258999705314636
YPL082C,YDR335W,0,-6.093911,0.12861914932727814,0.9240000247955322,0.6259999871253967
YLR329W,YFL036W,0,-6.094036,0.12860125303268433,0.9240000247955322,0.6261000037193298
YOR349W,YHR019C,0,-6.09433,0.12858335673809052,0.9240000247955322,0.6262000203132629
YHR171W,YDR331W,0,-6.094514,0.1285654604434967,0.9240000247955322,0.6262999773025513
YJL034W,YPR070W,0,-6.095045,0.1285475790500641,0.9240000247955322,0.6263999938964844
YBL080C,YDL195W,0,-6.0963054,0.12852969765663147,0.9240000247955322,0.6265000104904175
YPR057W,YKL018W,1,-6.0964565,0.12865090370178223,0.925000011920929,0.6265000104904175
YMR183C,YNL088W,0,-6.0965214,0.12863300740718842,0.925000011920929,0.6266000270843506
YGR155W,YIL109C,0,-6.0979643,0.1286151260137558,0.925000011920929,0.6266999840736389
YER032W,YNL210W,1,-6.099105,0.12873627245426178,0.9259999990463257,0.6266999840736389
YPR083W,YPR002W,0,-6.09914,0.12871837615966797,0.9259999990463257,0.626800000667572
YPR082C,YOR319W,1,-6.0994167,0.12883947789669037,0.9269999861717224,0.626800000667572
YPL091W,YPL171C,0,-6.1000338,0.12882156670093536,0.9269999861717224,0.6269000172615051
YGL190C,YJL121C,0,-6.100501,0.12880367040634155,0.9269999861717224,0.6269999742507935
YDR013W,YML131W,0,-6.1006336,0.12878577411174774,0.9269999861717224,0.6270999908447266
YLR160C,YBR077C,0,-6.1009083,0.12876787781715393,0.9269999861717224,0.6272000074386597
YNL061W,YCL004W,0,-6.101418,0.1287499964237213,0.9269999861717224,0.6273000240325928
YLR116W,YKR086W,1,-6.101728,0.12887099385261536,0.9279999732971191,0.6273000240325928
YNL270C,YGL037C,0,-6.102066,0.12885309755802155,0.9279999732971191,0.6273999810218811
YKR076W,YDL042C,0,-6.1023912,0.12883520126342773,0.9279999732971191,0.6274999976158142
YGR230W,YGL178W,0,-6.102478,0.12881731986999512,0.9279999732971191,0.6276000142097473
YPL258C,YOR106W,0,-6.1025596,0.1287994384765625,0.9279999732971191,0.6276999711990356
YGL180W,YOR160W,0,-6.1029844,0.12878157198429108,0.9279999732971191,0.6277999877929688
YGR155W,YIL029C,0,-6.1037903,0.12876370549201965,0.9279999732971191,0.6279000043869019
YCL054W,YGR063C,0,-6.1050467,0.12874583899974823,0.9279999732971191,0.628000020980835
YKL160W,YGR222W,0,-6.105133,0.1287279725074768,0.9279999732971191,0.6280999779701233
YNL149C,YKR059W,0,-6.105768,0.12871012091636658,0.9279999732971191,0.6281999945640564
YLL019C,YGR054W,0,-6.1058125,0.12869226932525635,0.9279999732971191,0.6283000111579895
YER138C,YJR028W,0,-6.1060176,0.1286744326353073,0.9279999732971191,0.6284000277519226
YML129C,YMR263W,0,-6.1067004,0.12865659594535828,0.9279999732971191,0.6284999847412109
YLL061W,YPL253C,0,-6.106927,0.12863875925540924,0.9279999732971191,0.628600001335144
YIL002C,YFL004W,0,-6.1072326,0.1286209225654602,0.9279999732971191,0.6287000179290771
YLR377C,YLR034C,0,-6.1085544,0.12860310077667236,0.9279999732971191,0.6287999749183655
YKL205W,YPR095C,0,-6.10917,0.12858527898788452,0.9279999732971191,0.6288999915122986
YAL054C,YHR161C,0,-6.109317,0.12856747210025787,0.9279999732971191,0.6290000081062317
YOR180C,YDL135C,0,-6.1094365,0.12854966521263123,0.9279999732971191,0.6291000247001648
YDL195W,YGR229C,0,-6.1099844,0.12853185832500458,0.9279999732971191,0.6291999816894531
YDL008W,YKL085W,0,-6.1100225,0.12851405143737793,0.9279999732971191,0.6292999982833862
YGR262C,YDL140C,0,-6.1103373,0.12849625945091248,0.9279999732971191,0.6294000148773193
YIL030C,YGR181W,0,-6.11048,0.12847846746444702,0.9279999732971191,0.6294999718666077
YER164W,YBR201W,0,-6.1107373,0.12846069037914276,0.9279999732971191,0.6295999884605408
YPL100W,YMR026C,0,-6.111006,0.1284429132938385,0.9279999732971191,0.6297000050544739
YBR185C,YFR052W,0,-6.1111298,0.12842513620853424,0.9279999732971191,0.629800021648407
YBL032W,YGL172W,0,-6.1111584,0.12840735912322998,0.9279999732971191,0.6298999786376953
YDR189W,YLR010C,0,-6.111535,0.12838959693908691,0.9279999732971191,0.6299999952316284
YNL281W,YBL093C,0,-6.1118174,0.12837183475494385,0.9279999732971191,0.6301000118255615
YML080W,YDR309C,0,-6.1123095,0.12835408747196198,0.9279999732971191,0.6302000284194946
YBR283C,YKL034W,0,-6.114049,0.1283363252878189,0.9279999732971191,0.630299985408783
YKL195W,YOR064C,0,-6.114189,0.12831857800483704,0.9279999732971191,0.6304000020027161
YER075C,YLR248W,0,-6.114561,0.12830084562301636,0.9279999732971191,0.6305000185966492
YGR284C,YPR188C,0,-6.1147346,0.12828311324119568,0.9279999732971191,0.6305999755859375
YHR001W-A,YGR054W,0,-6.1148834,0.128265380859375,0.9279999732971191,0.6306999921798706
YGL098W,YOR087W,0,-6.1149383,0.12824764847755432,0.9279999732971191,0.6308000087738037
YJR131W,YOL142W,0,-6.11566,0.12822993099689484,0.9279999732971191,0.6309000253677368
YDL145C,YOL043C,0,-6.115937,0.12821221351623535,0.9279999732971191,0.6309999823570251
YNL084C,YNL009W,0,-6.1160107,0.12819449603557587,0.9279999732971191,0.6310999989509583
YDR013W,YOL039W,0,-6.116726,0.12817679345607758,0.9279999732971191,0.6312000155448914
YPR057W,YBR065C,1,-6.1174912,0.12829719483852386,0.9290000200271606,0.6312000155448914
YOL156W,YML103C,0,-6.1179857,0.12827947735786438,0.9290000200271606,0.6312999725341797
YGL030W,YKL173W,1,-6.1186743,0.1283998340368271,0.9300000071525574,0.6312999725341797
YBR010W,YGR132C,0,-6.1192074,0.1283821165561676,0.9300000071525574,0.6313999891281128
YPL188W,YPL192C,0,-6.1201134,0.12836438417434692,0.9300000071525574,0.6315000057220459
YOL156W,YGR181W,0,-6.120509,0.12834666669368744,0.9300000071525574,0.631600022315979
YBR049C,YIL022W,0,-6.1205244,0.12832896411418915,0.9300000071525574,0.6316999793052673
YIR041W,YFR029W,0,-6.1206017,0.12831126153469086,0.9300000071525574,0.6317999958992004
YHR171W,YKL016C,0,-6.121393,0.12829355895519257,0.9300000071525574,0.6319000124931335
YGR218W,YFL021W,0,-6.1214085,0.12827585637569427,0.9300000071525574,0.6320000290870667
YGR239C,YOR272W,0,-6.1216335,0.12825816869735718,0.9300000071525574,0.632099986076355
YMR119W,YLR240W,0,-6.121879,0.12824048101902008,0.9300000071525574,0.6322000026702881
YMR298W,YER008C,0,-6.122719,0.12822280824184418,0.9300000071525574,0.6323000192642212
YGL143C,YBR275C,0,-6.1228285,0.12820513546466827,0.9300000071525574,0.6323999762535095
YKL150W,YCR044C,0,-6.122918,0.12818746268749237,0.9300000071525574,0.6324999928474426
YHR005C,YPL106C,0,-6.1233025,0.12816978991031647,0.9300000071525574,0.6326000094413757
YPR046W,YOL117W,0,-6.124475,0.12815213203430176,0.9300000071525574,0.6327000260353088
YMR001C,YIL029C,0,-6.124765,0.12813447415828705,0.9300000071525574,0.6327999830245972
YBR278W,YGL013C,0,-6.125939,0.12811681628227234,0.9300000071525574,0.6328999996185303
YHR005C,YNL268W,0,-6.1259947,0.12809917330741882,0.9300000071525574,0.6330000162124634
YCR060W,YPR036W,0,-6.126176,0.1280815303325653,0.9300000071525574,0.6330999732017517
YBR145W,YDL145C,0,-6.126987,0.1280638873577118,0.9300000071525574,0.6331999897956848
YLR329W,YIL053W,0,-6.12714,0.12804625928401947,0.9300000071525574,0.6333000063896179
YDR098C,YOR179C,0,-6.1292944,0.12802863121032715,0.9300000071525574,0.633400022983551
YDR480W,YML093W,0,-6.1300564,0.12801101803779602,0.9300000071525574,0.6334999799728394
YDL143W,YER008C,0,-6.130535,0.1279933899641037,0.9300000071525574,0.6335999965667725
YOL038W,YER031C,0,-6.1306047,0.12797577679157257,0.9300000071525574,0.6337000131607056
YJL203W,YMR216C,1,-6.1307898,0.12809576094150543,0.9309999942779541,0.6337000131607056
YFR031C,YDL128W,0,-6.1309447,0.1280781328678131,0.9309999942779541,0.6338000297546387
YGR261C,YMR201C,0,-6.1316485,0.12806051969528198,0.9309999942779541,0.633899986743927
YNL149C,YDR425W,0,-6.131668,0.12804290652275085,0.9309999942779541,0.6340000033378601
YJR131W,YJL121C,0,-6.131699,0.12802530825138092,0.9309999942779541,0.6341000199317932
YGR097W,YPR020W,0,-6.1320534,0.1280076950788498,0.9309999942779541,0.6341999769210815
YOL130W,YPL265W,0,-6.1320558,0.12799009680747986,0.9309999942779541,0.6342999935150146
YJL026W,YCR102C,0,-6.132267,0.12797251343727112,0.9309999942779541,0.6344000101089478
YER035W,YLR005W,0,-6.13241,0.12795491516590118,0.9309999942779541,0.6345000267028809
YDR423C,YBR283C,0,-6.132569,0.12793733179569244,0.9309999942779541,0.6345999836921692
YPR057W,YOR159C,1,-6.1327972,0.12805715203285217,0.9319999814033508,0.6345999836921692
YPR020W,YMR029C,0,-6.132923,0.12803956866264343,0.9319999814033508,0.6347000002861023
YOR002W,YDR098C,0,-6.13336,0.1280219852924347,0.9319999814033508,0.6348000168800354
YBR283C,YML093W,0,-6.1338487,0.12800440192222595,0.9319999814033508,0.6348999738693237
YML102W,YLR355C,0,-6.133893,0.1279868185520172,0.9319999814033508,0.6349999904632568
YDL017W,YHR160C,0,-6.1340675,0.12796925008296967,0.9319999814033508,0.6351000070571899
YMR041C,YDR191W,0,-6.134159,0.12795168161392212,0.9319999814033508,0.635200023651123
YLR259C,YJL154C,0,-6.135153,0.12793411314487457,0.9319999814033508,0.6352999806404114
YOR099W,YBR256C,0,-6.1352882,0.12791655957698822,0.9319999814033508,0.6353999972343445
YDL126C,YNL068C,0,-6.135598,0.12789899110794067,0.9319999814033508,0.6355000138282776
YBR211C,YFL018C,0,-6.1360884,0.12788145244121552,0.9319999814033508,0.6355999708175659
YKR076W,YML058W-A,0,-6.1361527,0.12786389887332916,0.9319999814033508,0.635699987411499
YMR072W,YHR167W,0,-6.136734,0.127846360206604,0.9319999814033508,0.6358000040054321
YJL102W,YDR498C,0,-6.1367407,0.12782883644104004,0.9319999814033508,0.6359000205993652
YDR046C,YFL003C,0,-6.136998,0.12781129777431488,0.9319999814033508,0.6359999775886536
YJR070C,YOL038W,0,-6.1371326,0.12779377400875092,0.9319999814033508,0.6360999941825867
YBR145W,YNL307C,0,-6.137331,0.12777625024318695,0.9319999814033508,0.6362000107765198
YIL053W,YLR005W,0,-6.1373796,0.12775874137878418,0.9319999814033508,0.6363000273704529
YHR005C,YJR028W,0,-6.13776,0.1277412325143814,0.9319999814033508,0.6363999843597412
YPL100W,YNL288W,0,-6.1378694,0.12772372364997864,0.9319999814033508,0.6365000009536743
YJL214W,YLR240W,0,-6.1379094,0.12770621478557587,0.9319999814033508,0.6366000175476074
YDL230W,YCR060W,0,-6.139272,0.1276887208223343,0.9319999814033508,0.6366999745368958
YAL032C,YKL095W,1,-6.139349,0.12780821323394775,0.9330000281333923,0.6366999745368958
YDR277C,YKL034W,0,-6.1394596,0.12779071927070618,0.9330000281333923,0.6367999911308289
YHR160C,YJL121C,0,-6.1400495,0.1277732104063034,0.9330000281333923,0.636900007724762
YIL117C,YPR095C,0,-6.140627,0.12775571644306183,0.9330000281333923,0.6370000243186951
YKL093W,YFL003C,0,-6.1417236,0.12773822247982025,0.9330000281333923,0.6370999813079834
YGR249W,YOR106W,0,-6.1418962,0.12772074341773987,0.9330000281333923,0.6371999979019165
YOL126C,YPR155C,0,-6.1420403,0.12770326435565948,0.9330000281333923,0.6373000144958496
YNL084C,YPL082C,0,-6.1423893,0.1276857852935791,0.9330000281333923,0.6373999714851379
YMR012W,YKL088W,0,-6.142393,0.12766830623149872,0.9330000281333923,0.637499988079071
YMR001C,YMR197C,0,-6.142479,0.12765084207057953,0.9330000281333923,0.6376000046730042
YPR002W,YHR034C,0,-6.142656,0.12763337790966034,0.9330000281333923,0.6377000212669373
YGL065C,YHR116W,0,-6.1427846,0.12761592864990234,0.9330000281333923,0.6377999782562256
YDL008W,YDL126C,0,-6.1431723,0.12759846448898315,0.9330000281333923,0.6378999948501587
YBR068C,YKL212W,0,-6.1444387,0.12758101522922516,0.9330000281333923,0.6380000114440918
YLR195C,YNR026C,0,-6.1451507,0.12756358087062836,0.9330000281333923,0.6381000280380249
YDL154W,YDR310C,0,-6.1452603,0.12754613161087036,0.9330000281333923,0.6381999850273132
YPL192C,YBL102W,0,-6.1456814,0.12752869725227356,0.9330000281333923,0.6383000016212463
YMR029C,YGR054W,0,-6.146601,0.12751127779483795,0.9330000281333923,0.6384000182151794
YPR052C,YPL171C,0,-6.146638,0.12749384343624115,0.9330000281333923,0.6384999752044678
YER073W,YJR086W,0,-6.147341,0.12747642397880554,0.9330000281333923,0.6385999917984009
YJL065C,YCR072C,0,-6.148003,0.12745901942253113,0.9330000281333923,0.638700008392334
YDR480W,YBR083W,0,-6.1480455,0.12744159996509552,0.9330000281333923,0.6388000249862671
YBR083W,YDL080C,0,-6.1482816,0.1274241954088211,0.9330000281333923,0.6388999819755554
YFL029C,YPL026C,0,-6.148843,0.12740680575370789,0.9330000281333923,0.6389999985694885
YMR076C,YDR341C,0,-6.14896,0.12738940119743347,0.9330000281333923,0.6391000151634216
YER044C,YOR230W,0,-6.149954,0.12737201154232025,0.9330000281333923,0.63919997215271
YDL175C,YDR189W,0,-6.1507688,0.12735462188720703,0.9330000281333923,0.6392999887466431
YJL111W,YMR142C,0,-6.150858,0.127337247133255,0.9330000281333923,0.6394000053405762
YDR345C,YMR270C,0,-6.1510277,0.12731987237930298,0.9330000281333923,0.6395000219345093
YGL016W,YPL146C,0,-6.1519537,0.12730249762535095,0.9330000281333923,0.6395999789237976
YJR022W,YML049C,1,-6.152064,0.1274215579032898,0.9340000152587891,0.6395999789237976
YER167W,YAR033W,0,-6.1521397,0.12740416824817657,0.9340000152587891,0.6396999955177307
YNL148C,YEL016C,0,-6.1522083,0.12738679349422455,0.9340000152587891,0.6398000121116638
YOL133W,YBR049C,0,-6.1523447,0.12736941874027252,0.9340000152587891,0.6399000287055969
YIL131C,YOR172W,0,-6.152728,0.1273520588874817,0.9340000152587891,0.6399999856948853
YCR083W,YPL253C,0,-6.152827,0.12733469903469086,0.9340000152587891,0.6401000022888184
YFL057C,YLR205C,0,-6.152832,0.12731733918190002,0.9340000152587891,0.6402000188827515
YIL036W,YDL036C,0,-6.1532054,0.1272999793291092,0.9340000152587891,0.6402999758720398
YLR116W,YFR005C,1,-6.1532755,0.12741892039775848,0.9350000023841858,0.6402999758720398
YKR095W-A,YCR009C,0,-6.1537886,0.12740156054496765,0.9350000023841858,0.6403999924659729
YDR098C,YDR451C,0,-6.1539674,0.12738420069217682,0.9350000023841858,0.640500009059906
YPL210C,YBR283C,0,-6.1543055,0.127366840839386,0.9350000023841858,0.6406000256538391
YMR283C,YJL121C,0,-6.154335,0.12734949588775635,0.9350000023841858,0.6406999826431274
YOR217W,YOR344C,0,-6.1544,0.1273321509361267,0.9350000023841858,0.6407999992370605
YJL194W,YPL091W,0,-6.1553345,0.12731482088565826,0.9350000023841858,0.6409000158309937
YOR002W,YBL009W,0,-6.155488,0.12729747593402863,0.9350000023841858,0.640999972820282
YNL328C,YFR052W,0,-6.1555996,0.12728014588356018,0.9350000023841858,0.6410999894142151
YDL003W,YPR095C,0,-6.1556625,0.12726283073425293,0.9350000023841858,0.6412000060081482
YEL027W,YDR460W,0,-6.1567264,0.12724551558494568,0.9350000023841858,0.6413000226020813
YER106W,YPR165W,0,-6.1571455,0.12722820043563843,0.9350000023841858,0.6413999795913696
YGR284C,YAL009W,0,-6.1579614,0.12721088528633118,0.9350000023841858,0.6414999961853027
YHR200W,YBL102W,0,-6.158635,0.12719358503818512,0.9350000023841858,0.6416000127792358
YBL032W,YGR158C,0,-6.1600432,0.12717628479003906,0.9350000023841858,0.641700029373169
YGR059W,YIL129C,0,-6.1603384,0.127158984541893,0.9350000023841858,0.6417999863624573
YBL047C,YGL226C-A,0,-6.160398,0.12714168429374695,0.9350000023841858,0.6419000029563904
YKL165C,YNL167C,0,-6.160502,0.12712439894676208,0.9350000023841858,0.6420000195503235
YLR157C,YPR020W,0,-6.1606193,0.12710712850093842,0.9350000023841858,0.6420999765396118
YDL088C,YLR205C,0,-6.161237,0.12708984315395355,0.9350000023841858,0.6421999931335449
YBR132C,YDR310C,0,-6.1612463,0.12707257270812988,0.9350000023841858,0.642300009727478
YCR048W,YDL150W,0,-6.1614876,0.1270553022623062,0.9350000023841858,0.6424000263214111
YLR160C,YHR150W,0,-6.16153,0.12703804671764374,0.9350000023841858,0.6424999833106995
YML103C,YLR048W,0,-6.161579,0.12702079117298126,0.9350000023841858,0.6425999999046326
YLR110C,YJL184W,0,-6.1617985,0.1270035356283188,0.9350000023841858,0.6427000164985657
YER114C,YNR067C,0,-6.1619368,0.1269862800836563,0.9350000023841858,0.642799973487854
YNL274C,YNL222W,0,-6.1619654,0.12696903944015503,0.9350000023841858,0.6428999900817871
YOL043C,YMR013C,0,-6.1636868,0.12695179879665375,0.9350000023841858,0.6430000066757202
YEL016C,YGL098W,0,-6.163701,0.12693455815315247,0.9350000023841858,0.6431000232696533
YGL172W,YPR002W,0,-6.1637363,0.12691733241081238,0.9350000023841858,0.6431999802589417
YNL281W,YER106W,0,-6.1637487,0.1269001066684723,0.9350000023841858,0.6432999968528748
YPR002W,YHR181W,0,-6.1643353,0.1268828809261322,0.9350000023841858,0.6434000134468079
YBR211C,YDR076W,0,-6.1644135,0.1268656700849533,0.9350000023841858,0.6434999704360962
YJL111W,YOR349W,0,-6.1645203,0.12684845924377441,0.9350000023841858,0.6435999870300293
YPL059W,YOR149C,0,-6.164714,0.12683124840259552,0.9350000023841858,0.6437000036239624
YNL270C,YHR181W,0,-6.1656933,0.12681405246257782,0.9350000023841858,0.6438000202178955
YGL068W,YEL016C,0,-6.1658845,0.12679685652256012,0.9350000023841858,0.6438999772071838
YFL048C,YMR283C,0,-6.1665344,0.12677966058254242,0.9350000023841858,0.6439999938011169
YGR249W,YHR001W-A,0,-6.1665797,0.1267624795436859,0.9350000023841858,0.64410001039505
YDR165W,YOL105C,0,-6.1671762,0.1267452836036682,0.9350000023841858,0.6442000269889832
YNL039W,YOL129W,0,-6.1674976,0.1267281174659729,0.9350000023841858,0.6442999839782715
YFL029C,YNL110C,0,-6.1675215,0.1267109364271164,0.9350000023841858,0.6444000005722046
YMR225C,YNL186W,0,-6.1675367,0.12669377028942108,0.9350000023841858,0.6445000171661377
YIL053W,YLR135W,0,-6.1678896,0.12667660415172577,0.9350000023841858,0.644599974155426
YNL020C,YCR009C,0,-6.1685457,0.12665943801403046,0.9350000023841858,0.6446999907493591
YOL156W,YMR106C,0,-6.168793,0.12664228677749634,0.9350000023841858,0.6448000073432922
YBL032W,YAL016W,0,-6.168868,0.12662513554096222,0.9350000023841858,0.6449000239372253
YBL098W,YOR008C-A,0,-6.169153,0.1266079843044281,0.9350000023841858,0.6449999809265137
YHR073W,YGR192C,0,-6.1691937,0.12659084796905518,0.9350000023841858,0.6450999975204468
YPR002W,YLR467W,0,-6.1699963,0.12657371163368225,0.9350000023841858,0.6452000141143799
YBR283C,YNL070W,0,-6.17014,0.12655657529830933,0.9350000023841858,0.6452999711036682
YIL053W,YPL258C,0,-6.1718388,0.1265394538640976,0.9350000023841858,0.6453999876976013
YJR139C,YMR069W,0,-6.1719623,0.12652233242988586,0.9350000023841858,0.6455000042915344
YKL101W,YOL043C,0,-6.172998,0.12650521099567413,0.9350000023841858,0.6456000208854675
YBR068C,YGL068W,0,-6.1737146,0.1264880895614624,0.9350000023841858,0.6456999778747559
YCL032W,YCR061W,0,-6.1738167,0.12647098302841187,0.9350000023841858,0.645799994468689
YJL021C,YGR249W,0,-6.174099,0.12645387649536133,0.9350000023841858,0.6459000110626221
YJL194W,YAR033W,0,-6.1746426,0.12643678486347198,0.9350000023841858,0.6460000276565552
YMR001C,YOR206W,0,-6.1753397,0.12641969323158264,0.9350000023841858,0.6460999846458435
YGR218W,YFL003C,0,-6.1756797,0.1264026015996933,0.9350000023841858,0.6462000012397766
YGL016W,YML032C,0,-6.1757207,0.12638550996780396,0.9350000023841858,0.6463000178337097
YPL208W,YNL070W,0,-6.17673,0.1263684332370758,0.9350000023841858,0.646399974822998
YPL248C,YKL093W,0,-6.1777306,0.12635135650634766,0.9350000023841858,0.6464999914169312
YOR217W,YCR072C,0,-6.1778555,0.1263342797756195,0.9350000023841858,0.6466000080108643
YNL210W,YGL030W,1,-6.1783247,0.12645231187343597,0.9359999895095825,0.6466000080108643
YKL150W,YMR270C,0,-6.1784153,0.12643523514270782,0.9359999895095825,0.6467000246047974
YKL112W,YFL003C,0,-6.1787224,0.12641815841197968,0.9359999895095825,0.6467999815940857
YNR026C,YHR138C,0,-6.178805,0.12640108168125153,0.9359999895095825,0.6468999981880188
YOR260W,YPR134W,0,-6.1788726,0.12638401985168457,0.9359999895095825,0.6470000147819519
YGL016W,YML092C,0,-6.179035,0.12636694312095642,0.9359999895095825,0.6470999717712402
YOR221C,YDL232W,0,-6.1795206,0.12634989619255066,0.9359999895095825,0.6471999883651733
YBL105C,YAL016W,0,-6.179917,0.1263328343629837,0.9359999895095825,0.6473000049591064
YGL016W,YJR074W,0,-6.180744,0.12631578743457794,0.9359999895095825,0.6474000215530396
YJL111W,YDR076W,0,-6.180995,0.12629874050617218,0.9359999895095825,0.6474999785423279
YGL256W,YPL239W,0,-6.181846,0.1262817084789276,0.9359999895095825,0.647599995136261
YBR065C,YNL147W,1,-6.1819563,0.12639956176280975,0.9369999766349792,0.647599995136261
YDL003W,YDL019C,0,-6.1821322,0.126382514834404,0.9369999766349792,0.6477000117301941
YMR296C,YLR262C,0,-6.182374,0.12636548280715942,0.9369999766349792,0.6478000283241272
YNL312W,YPR018W,0,-6.183239,0.12634843587875366,0.9369999766349792,0.6478999853134155
YOR034C,YDL200C,0,-6.1833277,0.1263314038515091,0.9369999766349792,0.6480000019073486
YPR104C,YGR268C,0,-6.183753,0.12631437182426453,0.9369999766349792,0.6481000185012817
YLR048W,YDR393W,0,-6.183776,0.12629733979701996,0.9369999766349792,0.6481999754905701
YJR070C,YLR467W,0,-6.1855087,0.12628032267093658,0.9369999766349792,0.6482999920845032
YBR162C,YNL186W,0,-6.1858425,0.1262633055448532,0.9369999766349792,0.6484000086784363
YLR127C,YHR116W,0,-6.187778,0.12624628841876984,0.9369999766349792,0.6485000252723694
YMR072W,YIR015W,0,-6.18812,0.12622928619384766,0.9369999766349792,0.6485999822616577
YJR139C,YIL123W,0,-6.188241,0.12621228396892548,0.9369999766349792,0.6486999988555908
YKL160W,YJR140C,0,-6.1882534,0.1261952817440033,0.9369999766349792,0.6488000154495239
YBR008C,YFR013W,0,-6.1883063,0.1261782944202423,0.9369999766349792,0.6488999724388123
YLL015W,YDR098C,0,-6.1885967,0.12616130709648132,0.9369999766349792,0.6489999890327454
YMR301C,YLR010C,0,-6.1889467,0.12614431977272034,0.9369999766349792,0.6491000056266785
YIL159W,YML008C,0,-6.1896057,0.12612733244895935,0.9369999766349792,0.6492000222206116
YOR123C,YER106W,0,-6.1896667,0.12611036002635956,0.9369999766349792,0.6492999792098999
YMR175W,YJL052W,0,-6.189781,0.12609338760375977,0.9369999766349792,0.649399995803833
YDR277C,YOL066C,0,-6.190773,0.12607643008232117,0.9369999766349792,0.6495000123977661
YBR177C,YMR026C,0,-6.1910434,0.12605945765972137,0.9369999766349792,0.6496000289916992
YGL035C,YJR110W,0,-6.191082,0.12604250013828278,0.9369999766349792,0.6496999859809875
YKR066C,YNL281W,0,-6.191942,0.12602555751800537,0.9369999766349792,0.6498000025749207
YBR087W,YOL121C,0,-6.193616,0.12600859999656677,0.9369999766349792,0.6499000191688538
YJL207C,YOL126C,0,-6.194109,0.12599165737628937,0.9369999766349792,0.6499999761581421
YLR007W,YDR276C,0,-6.1942906,0.12597472965717316,0.9369999766349792,0.6500999927520752
YDR425W,YLR066W,0,-6.1949563,0.12595778703689575,0.9369999766349792,0.6502000093460083
YPL100W,YER164W,0,-6.1953707,0.12594085931777954,0.9369999766349792,0.6503000259399414
YNL074C,YNL131W,0,-6.1953955,0.12592393159866333,0.9369999766349792,0.6503999829292297
YLR068W,YML092C,0,-6.195433,0.1259070187807083,0.9369999766349792,0.6504999995231628
YMR041C,YGR258C,0,-6.1961765,0.1258900910615921,0.9369999766349792,0.650600016117096
YMR175W,YGR063C,0,-6.196682,0.12587319314479828,0.9369999766349792,0.6506999731063843
YBR065C,YBL026W,1,-6.19771,0.1259905993938446,0.9380000233650208,0.6506999731063843
YOL164W,YCR038C,0,-6.197896,0.1259736716747284,0.9380000233650208,0.6507999897003174
YKL146W,YPL026C,0,-6.1981573,0.12595675885677338,0.9380000233650208,0.6509000062942505
YBL102W,YLR005W,0,-6.1983237,0.12593984603881836,0.9380000233650208,0.6510000228881836
YCL014W,YHR001W-A,0,-6.198608,0.12592294812202454,0.9380000233650208,0.6510999798774719
YJL034W,YNL131W,0,-6.198898,0.12590603530406952,0.9380000233650208,0.651199996471405
YBR218C,YDL235C,0,-6.1990004,0.1258891373872757,0.9380000233650208,0.6513000130653381
YKL042W,YDR453C,0,-6.199089,0.12587225437164307,0.9380000233650208,0.6514000296592712
YPL171C,YJR102C,0,-6.199682,0.12585535645484924,0.9380000233650208,0.6514999866485596
YMR041C,YBR129C,0,-6.201106,0.1258384734392166,0.9380000233650208,0.6516000032424927
YHR034C,YMR175W,0,-6.2018757,0.12582159042358398,0.9380000233650208,0.6517000198364258
YFL009W,YCR084C,0,-6.2019916,0.12580472230911255,0.9380000233650208,0.6517999768257141
YDR423C,YGR054W,0,-6.202297,0.1257878541946411,0.9380000233650208,0.6518999934196472
YKL112W,YDR009W,0,-6.202712,0.12577098608016968,0.9380000233650208,0.6520000100135803
YGL219C,YOL121C,0,-6.202976,0.12575411796569824,0.9380000233650208,0.6521000266075134
YPL190C,YBL105C,0,-6.203285,0.125737264752388,0.9380000233650208,0.6521999835968018
YGR097W,YJL076W,0,-6.2033224,0.12572041153907776,0.9380000233650208,0.6523000001907349
YNL136W,YDL230W,0,-6.20384,0.12570355832576752,0.9380000233650208,0.652400016784668
YKL195W,YGR181W,0,-6.2043886,0.12568672001361847,0.9380000233650208,0.6524999737739563
YNL262W,YDR328C,0,-6.204423,0.12566988170146942,0.9380000233650208,0.6525999903678894
YGL124C,YPR165W,0,-6.204946,0.12565304338932037,0.9380000233650208,0.6527000069618225
YFL057C,YNL110C,0,-6.205151,0.12563621997833252,0.9380000233650208,0.6528000235557556
YDR498C,YGR186W,0,-6.205739,0.12561939656734467,0.9380000233650208,0.652899980545044
YOR144C,YOR209C,0,-6.2058845,0.1256025731563568,0.9380000233650208,0.652999997138977
YER167W,YDR181C,0,-6.2066007,0.12558574974536896,0.9380000233650208,0.6531000137329102
YPL268W,YER031C,0,-6.207036,0.1255689412355423,0.9380000233650208,0.6531999707221985
YML113W,YJR028W,0,-6.207405,0.12555213272571564,0.9380000233650208,0.6532999873161316
YBL105C,YKL086W,0,-6.208338,0.12553533911705017,0.9380000233650208,0.6534000039100647
YDL200C,YGR222W,0,-6.2085547,0.1255185306072235,0.9380000233650208,0.6535000205039978
YBL016W,YKL101W,0,-6.209012,0.12550173699855804,0.9380000233650208,0.6535999774932861
YNL136W,YBR177C,0,-6.209962,0.12548494338989258,0.9380000233650208,0.6536999940872192
YGL256W,YPR065W,0,-6.2104483,0.1254681646823883,0.9380000233650208,0.6538000106811523
YLR259C,YGL124C,0,-6.210561,0.12545138597488403,0.9380000233650208,0.6539000272750854
YPL146C,YKL122C,0,-6.2106457,0.12543460726737976,0.9380000233650208,0.6539999842643738
YDL036C,YNL186W,0,-6.2106915,0.12541784346103668,0.9380000233650208,0.6541000008583069
YGR097W,YIL070C,0,-6.2112603,0.1254010647535324,0.9380000233650208,0.65420001745224
YJR131W,YPL153C,0,-6.2113667,0.12538430094718933,0.9380000233650208,0.6542999744415283
YMR072W,YMR041C,0,-6.211455,0.12536755204200745,0.9380000233650208,0.6543999910354614
YBL047C,YGR186W,0,-6.2118177,0.12535078823566437,0.9380000233650208,0.6545000076293945
YMR184W,YGR202C,0,-6.2118616,0.12533403933048248,0.9380000233650208,0.6546000242233276
YMR184W,YLR219W,0,-6.211958,0.1253173053264618,0.9380000233650208,0.654699981212616
YNL327W,YGL195W,0,-6.212474,0.1253005564212799,0.9380000233650208,0.6547999978065491
YLL026W,YHR194W,0,-6.2132654,0.12528382241725922,0.9380000233650208,0.6549000144004822
YLR160C,YFL013C,0,-6.2135344,0.12526708841323853,0.9380000233650208,0.6549999713897705
YFL041W,YMR298W,0,-6.2136006,0.12525036931037903,0.9380000233650208,0.6550999879837036
YML129C,YGL151W,0,-6.2144356,0.12523365020751953,0.9380000233650208,0.6552000045776367
YBL098W,YKL034W,0,-6.2145996,0.12521693110466003,0.9380000233650208,0.6553000211715698
YLR394W,YKL205W,0,-6.2146807,0.12520021200180054,0.9380000233650208,0.6553999781608582
YER088C,YNL339C,0,-6.214772,0.12518350780010223,0.9380000233650208,0.6554999947547913
YGR230W,YBR083W,0,-6.2148895,0.12516680359840393,0.9380000233650208,0.6556000113487244
YKL086W,YOR172W,0,-6.215327,0.12515009939670563,0.9380000233650208,0.6557000279426575
YLR394W,YPL265W,0,-6.216625,0.12513341009616852,0.9380000233650208,0.6557999849319458
YDL083C,YDL042C,0,-6.2181573,0.1251167207956314,0.9380000233650208,0.6559000015258789
YGR230W,YGR285C,0,-6.2184505,0.1251000314950943,0.9380000233650208,0.656000018119812
YDL019C,YKL086W,0,-6.218807,0.1250833421945572,0.9380000233650208,0.6560999751091003
YNL281W,YBL032W,0,-6.219629,0.12506666779518127,0.9380000233650208,0.6561999917030334
YOR307C,YML097C,0,-6.219781,0.12504999339580536,0.9380000233650208,0.6563000082969666
YFL009W,YDR087C,0,-6.2202163,0.12503331899642944,0.9380000233650208,0.6564000248908997
YGL030W,YLR147C,1,-6.220479,0.1251499354839325,0.9390000104904175,0.6564000248908997
YMR266W,YBR162C,0,-6.2208624,0.12513326108455658,0.9390000104904175,0.656499981880188
YLR081W,YLR259C,0,-6.2209644,0.12511658668518066,0.9390000104904175,0.6565999984741211
YIL131C,YML032C,0,-6.22215,0.12509992718696594,0.9390000104904175,0.6567000150680542
YHR187W,YCR061W,0,-6.2225256,0.12508325278759003,0.9390000104904175,0.6567999720573425
YNL312W,YDR189W,0,-6.222545,0.1250665932893753,0.9390000104904175,0.6568999886512756
YFR013W,YDR456W,0,-6.2229886,0.12504993379116058,0.9390000104904175,0.6570000052452087
YIR041W,YIL029C,0,-6.2241373,0.12503328919410706,0.9390000104904175,0.6571000218391418
YDR310C,YLL056C,0,-6.2241507,0.12501664459705353,0.9390000104904175,0.6571999788284302
YDR379W,YPL033C,0,-6.224358,0.125,0.9390000104904175,0.6572999954223633
YBR210W,YLR467W,0,-6.224736,0.12498336285352707,0.9390000104904175,0.6574000120162964
YML113W,YPL026C,0,-6.2259283,0.12496672570705414,0.9390000104904175,0.6575000286102295
YER142C,YDL230W,0,-6.2260222,0.1249501034617424,0.9390000104904175,0.6575999855995178
YBL098W,YHR161C,0,-6.2260256,0.12493347376585007,0.9390000104904175,0.6577000021934509
YNL009W,YJL207C,0,-6.2266626,0.12491685152053833,0.9390000104904175,0.657800018787384
YBR177C,YGL013C,0,-6.2274704,0.12490023672580719,0.9390000104904175,0.6578999757766724
YML008C,YHR138C,0,-6.227868,0.12488362938165665,0.9390000104904175,0.6579999923706055
YKL011C,YHR175W,0,-6.228266,0.1248670220375061,0.9390000104904175,0.6581000089645386
YEL016C,YEL037C,0,-6.2285337,0.12485042214393616,0.9390000104904175,0.6582000255584717
YLR133W,YMR270C,0,-6.2287054,0.12483382225036621,0.9390000104904175,0.65829998254776
YNL084C,YDL079C,0,-6.229007,0.12481722980737686,0.9390000104904175,0.6583999991416931
YPL110C,YDR098C,0,-6.229102,0.12480063736438751,0.9390000104904175,0.6585000157356262
YPL248C,YKR055W,0,-6.2291665,0.12478405237197876,0.9390000104904175,0.6585999727249146
YHR203C,YCR084C,0,-6.229204,0.1247674748301506,0.9390000104904175,0.6586999893188477
YOR034C,YDR059C,0,-6.2297206,0.12475089728832245,0.9390000104904175,0.6588000059127808
YGL073W,YKL101W,0,-6.2306175,0.12473432719707489,0.9390000104904175,0.6589000225067139
YOR377W,YNL014W,0,-6.231311,0.12471775710582733,0.9390000104904175,0.6589999794960022
YPL110C,YKR059W,0,-6.2314177,0.12470119446516037,0.9390000104904175,0.6590999960899353
YHR124W,YJL145W,0,-6.2314897,0.124684639275074,0.9390000104904175,0.6592000126838684
YGL155W,YPL248C,0,-6.231628,0.12466808408498764,0.9390000104904175,0.6593000292778015
YNL008C,YLR248W,0,-6.232467,0.12465153634548187,0.9390000104904175,0.6593999862670898
YNL074C,YJL025W,0,-6.2326827,0.1246349886059761,0.9390000104904175,0.659500002861023
YLR010C,YPL253C,0,-6.232806,0.12461844831705093,0.9390000104904175,0.659600019454956
YCL014W,YLR135W,0,-6.2332573,0.12460190802812576,0.9390000104904175,0.6596999764442444
YBR233W-A,YDR277C,0,-6.233317,0.12458537518978119,0.9390000104904175,0.6597999930381775
YHR005C,YDR059C,0,-6.233594,0.12456884980201721,0.9390000104904175,0.6599000096321106
YHR039C,YNL311C,0,-6.2338285,0.12455232441425323,0.9390000104904175,0.6600000262260437
YIR022W,YPR181C,0,-6.233882,0.12453580647706985,0.9390000104904175,0.660099983215332
YJL065C,YBR066C,0,-6.2352095,0.12451929599046707,0.9390000104904175,0.6601999998092651
YLR205C,YNL311C,0,-6.2365665,0.12450278550386429,0.9390000104904175,0.6603000164031982
YPL059W,YPL258C,0,-6.2368174,0.1244862750172615,0.9390000104904175,0.6603999733924866
YJL208C,YPR032W,0,-6.236988,0.12446977943181992,0.9390000104904175,0.6604999899864197
YGL180W,YML032C,0,-6.237013,0.12445328384637833,0.9390000104904175,0.6606000065803528
YJL048C,YCL005W-A,0,-6.23742,0.12443678826093674,0.9390000104904175,0.6607000231742859
YDL019C,YMR266W,0,-6.2381916,0.12442030012607574,0.9390000104904175,0.6607999801635742
YGL035C,YBR083W,0,-6.238596,0.12440381199121475,0.9390000104904175,0.6608999967575073
YPR188C,YCR053W,0,-6.238615,0.12438733875751495,0.9390000104904175,0.6610000133514404
YOR123C,YHR039C,0,-6.238799,0.12437085807323456,0.9390000104904175,0.6610999703407288
YDR277C,YDL195W,0,-6.2388854,0.12435439229011536,0.9390000104904175,0.6611999869346619
YKL165C,YMR076C,0,-6.239369,0.12433792650699615,0.9390000104904175,0.661300003528595
YML102W,YGL098W,0,-6.2398357,0.12432146072387695,0.9390000104904175,0.6614000201225281
YDR021W,YML092C,0,-6.2399673,0.12430500239133835,0.9390000104904175,0.6614999771118164
YJR091C,YGL011C,0,-6.240077,0.12428855150938034,0.9390000104904175,0.6615999937057495
YDL008W,YBR050C,0,-6.2403116,0.12427210062742233,0.9390000104904175,0.6617000102996826
YJL148W,YGR111W,0,-6.240342,0.12425565719604492,0.9390000104904175,0.6618000268936157
YIL036W,YJL121C,0,-6.2406373,0.12423921376466751,0.9390000104904175,0.661899983882904
YMR092C,YOL043C,0,-6.241066,0.1242227777838707,0.9390000104904175,0.6620000004768372
YFR034C,YEL004W,0,-6.241469,0.12420634925365448,0.9390000104904175,0.6621000170707703
YMR029C,YEL037C,0,-6.241729,0.12418992072343826,0.9390000104904175,0.6621999740600586
YLR381W,YPL106C,0,-6.242029,0.12417349964380264,0.9390000104904175,0.6622999906539917
YMR106C,YGR054W,0,-6.2420425,0.12415707856416702,0.9390000104904175,0.6624000072479248
YMR092C,YDL042C,0,-6.242108,0.124140664935112,0.9390000104904175,0.6625000238418579
YLR355C,YMR106C,0,-6.242164,0.12412425875663757,0.9390000104904175,0.6625999808311462
YER088C,YKR007W,0,-6.2421813,0.12410785257816315,0.9390000104904175,0.6626999974250793
YMR175W,YHR099W,0,-6.242194,0.12409144639968872,0.9390000104904175,0.6628000140190125
YNL323W,YDR451C,0,-6.2423263,0.12407505512237549,0.9390000104904175,0.6628999710083008
YCR072C,YIL129C,0,-6.2424307,0.12405866384506226,0.9390000104904175,0.6629999876022339
YPL091W,YKL055C,0,-6.2426405,0.12404227256774902,0.9390000104904175,0.663100004196167
YLL061W,YIR041W,0,-6.2431903,0.12402588874101639,0.9390000104904175,0.6632000207901001
YLR068W,YOR212W,0,-6.243591,0.12400951236486435,0.9390000104904175,0.6632999777793884
YKL093W,YNL307C,0,-6.2436705,0.12399313598871231,0.9390000104904175,0.6633999943733215
YGR155W,YMR201C,0,-6.2441907,0.12397675961256027,0.9390000104904175,0.6635000109672546
YNL220W,YGR033C,0,-6.2449775,0.12396039813756943,0.9390000104904175,0.6636000275611877
YNL328C,YJL102W,0,-6.245118,0.12394403666257858,0.9390000104904175,0.6636999845504761
YDL013W,YOL127W,0,-6.2455463,0.12392767518758774,0.9390000104904175,0.6638000011444092
YOL038W,YOL045W,0,-6.2461185,0.12391132116317749,0.9390000104904175,0.6639000177383423
YBR059C,YBR068C,0,-6.246649,0.12389497458934784,0.9390000104904175,0.6639999747276306
YOR254C,YOR179C,0,-6.2466593,0.12387862801551819,0.9390000104904175,0.6640999913215637
YBR201W,YLR377C,0,-6.2466965,0.12386228889226913,0.9390000104904175,0.6642000079154968
YJL072C,YDR451C,0,-6.2489867,0.12384594976902008,0.9390000104904175,0.6643000245094299
YKR086W,YGL030W,1,-6.249399,0.12396149337291718,0.9399999976158142,0.6643000245094299
YMR225C,YDL232W,0,-6.249611,0.12394514679908752,0.9399999976158142,0.6643999814987183
YKL034W,YPL033C,0,-6.2499466,0.12392880767583847,0.9399999976158142,0.6644999980926514
YJR131W,YNL304W,0,-6.2499876,0.12391246855258942,0.9399999976158142,0.6646000146865845
YML113W,YGR059W,0,-6.25,0.12389613687992096,0.9399999976158142,0.6646999716758728
YDR122W,YCR044C,0,-6.2501698,0.1238798126578331,0.9399999976158142,0.6647999882698059
YNL230C,YMR214W,0,-6.2502213,0.12386348843574524,0.9399999976158142,0.664900004863739
YDL143W,YIL056W,0,-6.250244,0.12384716421365738,0.9399999976158142,0.6650000214576721
YDL029W,YGR262C,0,-6.2512455,0.12383085489273071,0.9399999976158142,0.6650999784469604
YMR092C,YBL032W,0,-6.2512913,0.12381453812122345,0.9399999976158142,0.6651999950408936
YDL142C,YGL142C,0,-6.251629,0.12379823625087738,0.9399999976158142,0.6653000116348267
YOL156W,YOR087W,0,-6.2523575,0.12378193438053131,0.9399999976158142,0.6654000282287598
YLR242C,YJR145C,0,-6.2527,0.12376563251018524,0.9399999976158142,0.6654999852180481
YGL192W,YKL086W,0,-6.253169,0.12374933809041977,0.9399999976158142,0.6656000018119812
YFL048C,YDR432W,0,-6.253763,0.1237330511212349,0.9399999976158142,0.6657000184059143
YIL128W,YLR417W,0,-6.25385,0.12371676415205002,0.9399999976158142,0.6657999753952026
YLR293C,YMR298W,0,-6.2539034,0.12370048463344574,0.9399999976158142,0.6658999919891357
YNL302C,YPL253C,0,-6.2539344,0.12368421256542206,0.9399999976158142,0.6660000085830688
YFL010W-A,YBR089C-A,0,-6.253956,0.12366794049739838,0.9399999976158142,0.666100025177002
YLL061W,YNL129W,0,-6.254186,0.1236516684293747,0.9399999976158142,0.6661999821662903
YPR165W,YDR515W,0,-6.2542977,0.12363540381193161,0.9399999976158142,0.6662999987602234
YNL127W,YFL016C,0,-6.254445,0.12361914664506912,0.9399999976158142,0.6664000153541565
YJL121C,YLR268W,0,-6.254497,0.12360288947820663,0.9399999976158142,0.6664999723434448
YGL180W,YKR007W,0,-6.25557,0.12358663976192474,0.9399999976158142,0.6665999889373779
YFL029C,YER005W,0,-6.2563434,0.12357039749622345,0.9399999976158142,0.666700005531311
YGL078C,YDR337W,0,-6.257594,0.12355415523052216,0.9399999976158142,0.6668000221252441
YGL143C,YFR052W,0,-6.257777,0.12353791296482086,0.9399999976158142,0.6668999791145325
YOR002W,YMR183C,0,-6.2583356,0.12352168560028076,0.9399999976158142,0.6669999957084656
YNL008C,YPL082C,0,-6.258501,0.12350545078516006,0.9399999976158142,0.6671000123023987
YOR340C,YAL009W,0,-6.2585716,0.12348923087120056,0.9399999976158142,0.6672000288963318
YLR319C,YML012W,0,-6.259244,0.12347300350666046,0.9399999976158142,0.6672999858856201
YJL214W,YDR481C,0,-6.259282,0.12345679104328156,0.9399999976158142,0.6674000024795532
YML129C,YDR081C,0,-6.259782,0.12344057857990265,0.9399999976158142,0.6675000190734863
YPL060W,YBL050W,0,-6.2599916,0.12342436611652374,0.9399999976158142,0.6675999760627747
YLR025W,YMR089C,0,-6.260022,0.12340816855430603,0.9399999976158142,0.6676999926567078
YBR162C,YDR341C,0,-6.2620444,0.12339196354150772,0.9399999976158142,0.6678000092506409
YKL208W,YDL087C,1,-6.262459,0.12350702285766602,0.9409999847412109,0.6678000092506409
YGL192W,YCR060W,0,-6.2628307,0.12349081039428711,0.9409999847412109,0.667900025844574
YJL072C,YMR203W,0,-6.263067,0.1234746128320694,0.9409999847412109,0.6679999828338623
YCR107W,YPL082C,0,-6.2637496,0.12345840781927109,0.9409999847412109,0.6680999994277954
YBR160W,YKR059W,0,-6.2639365,0.12344221770763397,0.9409999847412109,0.6682000160217285
YOR322C,YNL302C,0,-6.2640605,0.12342602014541626,0.9409999847412109,0.6682999730110168
YOR322C,YBR058C-A,0,-6.2651157,0.12340983748435974,0.9409999847412109,0.66839998960495
YDL142C,YBL105C,0,-6.265232,0.12339365482330322,0.9409999847412109,0.6685000061988831
YGR003W,YAL044C,0,-6.2653837,0.1233774721622467,0.9409999847412109,0.6686000227928162
YBR283C,YCR053W,0,-6.265984,0.12336129695177078,0.9409999847412109,0.6686999797821045
YOR344C,YJR102C,0,-6.2663345,0.12334512919187546,0.9409999847412109,0.6687999963760376
YJL008C,YDR359C,0,-6.2670546,0.12332896143198013,0.9409999847412109,0.6689000129699707
YOR099W,YGL092W,0,-6.2674046,0.1233128011226654,0.9409999847412109,0.6690000295639038
YJR139C,YNL307C,0,-6.2690344,0.12329664826393127,0.9409999847412109,0.6690999865531921
YLR081W,YER005W,0,-6.270377,0.12328049540519714,0.9409999847412109,0.6692000031471252
YIR033W,YML023C,0,-6.270566,0.12326434254646301,0.9409999847412109,0.6693000197410583
YNL288W,YCR061W,0,-6.2709384,0.12324819713830948,0.9409999847412109,0.6693999767303467
YPL026C,YDR451C,0,-6.271583,0.12323205918073654,0.9409999847412109,0.6694999933242798
YPL248C,YJR074W,0,-6.2716594,0.1232159212231636,0.9409999847412109,0.6696000099182129
YDR277C,YDR485C,0,-6.27187,0.12319979071617126,0.9409999847412109,0.669700026512146
YLR192C,YDL128W,0,-6.271994,0.12318366020917892,0.9409999847412109,0.6697999835014343
YNL020C,YFL004W,0,-6.272211,0.12316753715276718,0.9409999847412109,0.6699000000953674
YHR160C,YDR485C,0,-6.27368,0.12315142154693604,0.9409999847412109,0.6700000166893005
YIL123W,YDR086C,0,-6.2738304,0.12313530594110489,0.9409999847412109,0.6700999736785889
YHR160C,YHR006W,0,-6.274185,0.12311919033527374,0.9409999847412109,0.670199990272522
YIR033W,YNL339C,0,-6.274932,0.12310308963060379,0.9409999847412109,0.6703000068664551
YGR155W,YGR192C,0,-6.2755194,0.12308698147535324,0.9409999847412109,0.6704000234603882
YDR298C,YJL048C,0,-6.275562,0.12307088822126389,0.9409999847412109,0.6704999804496765
YGL172W,YML131W,0,-6.27641,0.12305479496717453,0.9409999847412109,0.6705999970436096
YMR069W,YDR388W,0,-6.276904,0.12303870171308517,0.9409999847412109,0.6707000136375427
YDR116C,YFL008W,0,-6.277245,0.12302261590957642,0.9409999847412109,0.670799970626831
YKL165C,YKL150W,0,-6.2776604,0.12300653755664825,0.9409999847412109,0.6708999872207642
YJL145W,YMR089C,0,-6.27828,0.12299045920372009,0.9409999847412109,0.6710000038146973
YMR119W,YDL006W,0,-6.278514,0.12297438830137253,0.9409999847412109,0.6711000204086304
YIL159W,YBR058C-A,0,-6.2786136,0.12295831739902496,0.9409999847412109,0.6711999773979187
YML113W,YCL004W,0,-6.279038,0.122942253947258,0.9409999847412109,0.6712999939918518
YOR144C,YCR044C,0,-6.2790604,0.12292619049549103,0.9409999847412109,0.6714000105857849
YPR036W,YEL051W,0,-6.279505,0.12291013449430466,0.9409999847412109,0.671500027179718
YJR150C,YMR266W,0,-6.2795887,0.12289408594369888,0.9409999847412109,0.6715999841690063
YER089C,YGR180C,0,-6.2804384,0.12287803739309311,0.9409999847412109,0.6717000007629395
YKL165C,YPR032W,0,-6.2811627,0.12286198884248734,0.9409999847412109,0.6718000173568726
YMR184W,YDL135C,0,-6.281163,0.12284595519304276,0.9409999847412109,0.6718999743461609
YDR481C,YKL034W,0,-6.2818007,0.12282991409301758,0.9409999847412109,0.671999990940094
YKL146W,YCR028C,0,-6.2820406,0.1228138878941536,0.9409999847412109,0.6721000075340271
YGL073W,YER001W,0,-6.2824564,0.12279786169528961,0.9409999847412109,0.6722000241279602
YJR086W,YCR084C,0,-6.282977,0.12278183549642563,0.9409999847412109,0.6722999811172485
YOR319W,YAL032C,1,-6.283199,0.12289628386497498,0.9419999718666077,0.6722999811172485
YGR177C,YNL339C,0,-6.283842,0.1228802502155304,0.9419999718666077,0.6723999977111816
YKL205W,YNL026W,0,-6.285345,0.12286422401666641,0.9419999718666077,0.6725000143051147
YGR158C,YOL038W,0,-6.285553,0.12284819781780243,0.9419999718666077,0.6725999712944031
YAL022C,YKL029C,0,-6.286859,0.12283217906951904,0.9419999718666077,0.6726999878883362
YER088C,YFR031C,0,-6.286908,0.12281616777181625,0.9419999718666077,0.6728000044822693
YGL180W,YDR337W,0,-6.2869344,0.12280015647411346,0.9419999718666077,0.6729000210762024
YML103C,YBR240C,0,-6.2875667,0.12278415262699127,0.9419999718666077,0.6729999780654907
YNL280C,YGR229C,0,-6.2876606,0.12276814877986908,0.9419999718666077,0.6730999946594238
YOR144C,YDL019C,0,-6.2878504,0.12275215238332748,0.9419999718666077,0.6732000112533569
YNL020C,YKL034W,0,-6.289465,0.12273615598678589,0.9419999718666077,0.67330002784729
YMR106C,YDL235C,0,-6.2900457,0.12272016704082489,0.9419999718666077,0.6733999848365784
YGL142C,YLR384C,0,-6.290132,0.12270417809486389,0.9419999718666077,0.6735000014305115
YJR140C,YPR052C,0,-6.2907085,0.12268819659948349,0.9419999718666077,0.6736000180244446
YLR242C,YOL127W,0,-6.2925663,0.12267222255468369,0.9419999718666077,0.6736999750137329
YPL106C,YEL051W,0,-6.293009,0.12265624850988388,0.9419999718666077,0.673799991607666
YBL009W,YHR150W,0,-6.2936664,0.12264028191566467,0.9419999718666077,0.6739000082015991
YIR033W,YFL003C,0,-6.293725,0.12262431532144547,0.9419999718666077,0.6740000247955322
YMR232W,YML098W,0,-6.294941,0.12260835617780685,0.9419999718666077,0.6740999817848206
YKR055W,YDR289C,0,-6.295053,0.12259239703416824,0.9419999718666077,0.6741999983787537
YOR349W,YDL019C,0,-6.295056,0.12257644534111023,0.9419999718666077,0.6743000149726868
YJL129C,YDL109C,0,-6.2952394,0.12256050109863281,0.9419999718666077,0.6743999719619751
YHR005C,YLR248W,0,-6.295693,0.1225445568561554,0.9419999718666077,0.6744999885559082
YJL214W,YGR111W,0,-6.2958984,0.12252861261367798,0.9419999718666077,0.6746000051498413
YOL164W,YJL128C,0,-6.2963433,0.12251268327236176,0.9419999718666077,0.6747000217437744
YHR001W-A,YOR329C,0,-6.2965555,0.12249674648046494,0.9419999718666077,0.6747999787330627
YKR066C,YHR012W,0,-6.2966323,0.12248082458972931,0.9419999718666077,0.6748999953269958
YNL149C,YPR018W,0,-6.297009,0.12246489524841309,0.9419999718666077,0.675000011920929
YPL208W,YOL039W,0,-6.2970285,0.12244898080825806,0.9419999718666077,0.6751000285148621
YJL214W,YPR018W,0,-6.297079,0.12243306636810303,0.9419999718666077,0.6751999855041504
YLR467W,YGR111W,0,-6.2976675,0.122417151927948,0.9419999718666077,0.6753000020980835
YGL256W,YLR157C,0,-6.2979774,0.12240124493837357,0.9419999718666077,0.6754000186920166
YCR028C,YMR201C,0,-6.2984366,0.12238534539937973,0.9419999718666077,0.6754999756813049
YNL210W,YLR424W,1,-6.2991343,0.12249935418367386,0.9430000185966492,0.6754999756813049
YDL126C,YLR262C,0,-6.299206,0.12248343974351883,0.9430000185966492,0.675599992275238
YAL054C,YDR191W,0,-6.2994776,0.1224675327539444,0.9430000185966492,0.6757000088691711
YBR201W,YML012W,0,-6.299651,0.12245163321495056,0.9430000185966492,0.6758000254631042
YHR187W,YBR037C,0,-6.299833,0.12243573367595673,0.9430000185966492,0.6758999824523926
YML120C,YOL043C,0,-6.3000245,0.12241983413696289,0.9430000185966492,0.6759999990463257
YPL018W,YOR106W,0,-6.300296,0.12240394949913025,0.9430000185966492,0.6761000156402588
YDL126C,YPL091W,0,-6.300805,0.12238805741071701,0.9430000185966492,0.6761999726295471
YMR029C,YLR006C,0,-6.3011694,0.12237218022346497,0.9430000185966492,0.6762999892234802
YCR107W,YGR158C,0,-6.30158,0.12235630303621292,0.9430000185966492,0.6764000058174133
YNL148C,YDR046C,0,-6.3019447,0.12234042584896088,0.9430000185966492,0.6765000224113464
YDR021W,YDR276C,0,-6.302265,0.12232455611228943,0.9430000185966492,0.6765999794006348
YDL087C,YKR086W,1,-6.302683,0.12243839353322983,0.9440000057220459,0.6765999794006348
YJL184W,YGR010W,0,-6.3032036,0.12242251634597778,0.9440000057220459,0.6766999959945679
YGL151W,YBR024W,0,-6.3034334,0.12240663915872574,0.9440000057220459,0.676800012588501
YGL122C,YOR148C,1,-6.303569,0.12252041697502136,0.9449999928474426,0.676800012588501
YGL195W,YLR355C,0,-6.3037605,0.12250453978776932,0.9449999928474426,0.6769000291824341
YML062C,YJR131W,0,-6.3038783,0.12248865514993668,0.9449999928474426,0.6769999861717224
YJL148W,YJR086W,0,-6.304653,0.12247278541326523,0.9449999928474426,0.6771000027656555
YGR010W,YOR272W,0,-6.30571,0.12245691567659378,0.9449999928474426,0.6772000193595886
YGR258C,YDL128W,0,-6.305766,0.12244104593992233,0.9449999928474426,0.677299976348877
YPL091W,YDR083W,0,-6.3070073,0.12242518365383148,0.9449999928474426,0.6773999929428101
YML123C,YJL121C,0,-6.307296,0.12240932881832123,0.9449999928474426,0.6775000095367432
YKR066C,YLR381W,0,-6.307807,0.12239347398281097,0.9449999928474426,0.6776000261306763
YGL105W,YCL004W,0,-6.308366,0.12237761914730072,0.9449999928474426,0.6776999831199646
YGL226C-A,YDL230W,0,-6.308968,0.12236177921295166,0.9449999928474426,0.6777999997138977
YHR193C,YBR049C,0,-6.3104877,0.122345931828022,0.9449999928474426,0.6779000163078308
YNR002C,YER005W,0,-6.3118105,0.12233009934425354,0.9449999928474426,0.6779999732971191
YOR221C,YML131W,0,-6.312155,0.12231426686048508,0.9449999928474426,0.6780999898910522
YOL031C,YIL022W,0,-6.3132086,0.12229843437671661,0.9449999928474426,0.6782000064849854
YJL076W,YOR230W,0,-6.3133645,0.12228260934352875,0.9449999928474426,0.6783000230789185
YDR214W,YNL129W,0,-6.31343,0.12226678431034088,0.9449999928474426,0.6783999800682068
YGR155W,YNL230C,0,-6.314225,0.12225096672773361,0.9449999928474426,0.6784999966621399
YOR210W,YBR058C-A,0,-6.314559,0.12223515659570694,0.9449999928474426,0.678600013256073
YLL019C,YCL063W,0,-6.314944,0.12221934646368027,0.9449999928474426,0.6786999702453613
YGL142C,YKL085W,0,-6.315634,0.12220354378223419,0.9449999928474426,0.6787999868392944
YOR002W,YER089C,0,-6.3159494,0.12218774110078812,0.9449999928474426,0.6789000034332275
YDR432W,YLR135W,0,-6.3170986,0.12217194586992264,0.9449999928474426,0.6790000200271606
YML113W,YOR340C,0,-6.31757,0.12215615063905716,0.9449999928474426,0.679099977016449
YDL083C,YJR102C,0,-6.3178387,0.12214036285877228,0.9449999928474426,0.6791999936103821
YBR039W,YHR163W,0,-6.318012,0.122124582529068,0.9449999928474426,0.6793000102043152
YJL148W,YLR268W,0,-6.3180223,0.12210880219936371,0.9449999928474426,0.6794000267982483
YGL256W,YBL105C,0,-6.319013,0.12209302186965942,0.9449999928474426,0.6794999837875366
YPL208W,YCR053W,0,-6.319478,0.12207724899053574,0.9449999928474426,0.6796000003814697
YNL053W,YNL129W,0,-6.319721,0.12206148356199265,0.9449999928474426,0.6797000169754028
YPL010W,YAR008W,0,-6.32023,0.12204571813344955,0.9449999928474426,0.6797999739646912
YER114C,YOL122C,0,-6.3208585,0.12202996015548706,0.9449999928474426,0.6798999905586243
YKL208W,YLR424W,1,-6.3210425,0.12214332073926926,0.9459999799728394,0.6798999905586243
YBL047C,YPL190C,0,-6.321121,0.12212754786014557,0.9459999799728394,0.6800000071525574
YLL015W,YMR214W,0,-6.321126,0.12211178243160248,0.9459999799728394,0.6801000237464905
YOR180C,YPL026C,0,-6.3211756,0.12209602445363998,0.9459999799728394,0.6801999807357788
YDR122W,YDR432W,0,-6.3214254,0.12208026647567749,0.9459999799728394,0.6802999973297119
YJL076W,YJL148W,0,-6.3220053,0.1220645159482956,0.9459999799728394,0.680400013923645
YGR132C,YNL154C,0,-6.323152,0.1220487654209137,0.9459999799728394,0.6804999709129333
YMR142C,YBR127C,0,-6.3231993,0.1220330223441124,0.9459999799728394,0.6805999875068665
YKL025C,YGL030W,1,-6.324136,0.12214626371860504,0.9470000267028809,0.6805999875068665
YGL016W,YDL200C,0,-6.324351,0.12213051319122314,0.9470000267028809,0.6807000041007996
YPR001W,YNL281W,0,-6.324956,0.12211476266384125,0.9470000267028809,0.6808000206947327
YOL002C,YNL149C,0,-6.3258142,0.12209901958703995,0.9470000267028809,0.680899977684021
YDL045C,YKL166C,0,-6.325944,0.12208327651023865,0.9470000267028809,0.6809999942779541
YFL003C,YOL066C,0,-6.32638,0.12206754088401794,0.9470000267028809,0.6811000108718872
YMR076C,YOR212W,0,-6.3265643,0.12205181270837784,0.9470000267028809,0.6812000274658203
YER032W,YKR086W,1,-6.326936,0.12216494977474213,0.9480000138282776,0.6812000274658203
YHL040C,YGL195W,0,-6.327792,0.12214920669794083,0.9480000138282776,0.6812999844551086
YHR161C,YJL139C,0,-6.3280144,0.12213347107172012,0.9480000138282776,0.6814000010490417
YGR249W,YMR076C,0,-6.3284664,0.12211773544549942,0.9480000138282776,0.6815000176429749
YAL016W,YDR341C,0,-6.3287907,0.12210200726985931,0.9480000138282776,0.6815999746322632
YNR075W,YNL009W,0,-6.3293467,0.1220862865447998,0.9480000138282776,0.6816999912261963
YFL029C,YDR331W,0,-6.329534,0.1220705658197403,0.9480000138282776,0.6818000078201294
YKL085W,YIL084C,0,-6.3299494,0.12205484509468079,0.9480000138282776,0.6819000244140625
YOR206W,YJL129C,0,-6.3300505,0.12203913182020187,0.9480000138282776,0.6819999814033508
YNL270C,YMR089C,0,-6.3310585,0.12202342599630356,0.9480000138282776,0.6820999979972839
YCR038C,YJL208C,0,-6.331187,0.12200772017240524,0.9480000138282776,0.682200014591217
YDR345C,YPL211W,0,-6.332164,0.12199202179908752,0.9480000138282776,0.6822999715805054
YMR119W,YJL008C,0,-6.333246,0.1219763234257698,0.9480000138282776,0.6823999881744385
YNL148C,YJL090C,0,-6.3339195,0.12196063250303268,0.9480000138282776,0.6825000047683716
YDR335W,YJL108C,0,-6.334034,0.12194494158029556,0.9480000138282776,0.6826000213623047
YNL129W,YGR063C,0,-6.3344,0.12192925810813904,0.9480000138282776,0.682699978351593
YGL065C,YNL068C,0,-6.334473,0.12191358208656311,0.9480000138282776,0.6827999949455261
YBR039W,YMR201C,0,-6.3347282,0.12189790606498718,0.9480000138282776,0.6829000115394592
YOR349W,YER117W,0,-6.335058,0.12188223004341125,0.9480000138282776,0.6830000281333923
YJL148W,YHR084W,0,-6.3350954,0.12186656147241592,0.9480000138282776,0.6830999851226807
YNL268W,YER142C,0,-6.336442,0.12185090035200119,0.9480000138282776,0.6832000017166138
YOR037W,YPL146C,0,-6.336598,0.12183523923158646,0.9480000138282776,0.6833000183105469
YKL191W,YBL032W,0,-6.337028,0.12181958556175232,0.9480000138282776,0.6833999752998352
YPL202C,YHR138C,0,-6.3372464,0.12180393189191818,0.9480000138282776,0.6834999918937683
YPL208W,YML114C,0,-6.337555,0.12178828567266464,0.9480000138282776,0.6836000084877014
YCL025C,YBR278W,0,-6.3379946,0.1217726394534111,0.9480000138282776,0.6837000250816345
YKL016C,YDL017W,0,-6.338046,0.12175700068473816,0.9480000138282776,0.6837999820709229
YPL118W,YML123C,0,-6.338364,0.12174136191606522,0.9480000138282776,0.683899998664856
YGR158C,YOL122C,0,-6.3386993,0.12172573059797287,0.9480000138282776,0.6840000152587891
YPR083W,YBR283C,0,-6.3387556,0.12171010673046112,0.9480000138282776,0.6840999722480774
YBR234C,YGL180W,0,-6.3391085,0.12169448286294937,0.9480000138282776,0.6841999888420105
YLR078C,YHL036W,0,-6.3394575,0.12167885899543762,0.9480000138282776,0.6843000054359436
YHR042W,YLR090W,0,-6.340064,0.12166324257850647,0.9480000138282776,0.6844000220298767
YDR086C,YGR285C,0,-6.340695,0.12164763361215591,0.9480000138282776,0.684499979019165
YDL029W,YCR060W,0,-6.340949,0.12163202464580536,0.9480000138282776,0.6845999956130981
YEL062W,YLR467W,0,-6.3413672,0.1216164231300354,0.9480000138282776,0.6847000122070312
YNL220W,YNR015W,0,-6.341751,0.12160082161426544,0.9480000138282776,0.6848000288009644
YMR184W,YOR322C,0,-6.34216,0.12158522754907608,0.9480000138282776,0.6848999857902527
YNL230C,YPL026C,0,-6.342385,0.12156963348388672,0.9480000138282776,0.6850000023841858
YAL022C,YMR047C,0,-6.3424935,0.12155404686927795,0.9480000138282776,0.6851000189781189
YDR337W,YHL036W,0,-6.342923,0.12153846025466919,0.9480000138282776,0.6851999759674072
YOR098C,YOL038W,0,-6.3433466,0.12152288109064102,0.9480000138282776,0.6852999925613403
YNL302C,YIL123W,0,-6.343424,0.12150730937719345,0.9480000138282776,0.6854000091552734
YDR456W,YHR150W,0,-6.344013,0.12149173766374588,0.9480000138282776,0.6855000257492065
YLR381W,YML047C,0,-6.3442135,0.12147616595029831,0.9480000138282776,0.6855999827384949
YMR047C,YCR060W,0,-6.3447914,0.12146060168743134,0.9480000138282776,0.685699999332428
YPR200C,YNL154C,0,-6.3456106,0.12144504487514496,0.9480000138282776,0.6858000159263611
YJL214W,YFR013W,0,-6.3459654,0.12142948806285858,0.9480000138282776,0.6858999729156494
YOR099W,YOR179C,0,-6.346151,0.1214139312505722,0.9480000138282776,0.6859999895095825
YGR097W,YOR210W,0,-6.3465242,0.12139838933944702,0.9480000138282776,0.6861000061035156
YDR309C,YPL163C,0,-6.3467903,0.12138283997774124,0.9480000138282776,0.6862000226974487
YPR082C,YPR182W,1,-6.347473,0.1214953288435936,0.9490000009536743,0.6862000226974487
YLR026C,YDR453C,0,-6.347519,0.12147977203130722,0.9490000009536743,0.6862999796867371
YLR127C,YGL105W,0,-6.3478007,0.12146422266960144,0.9490000009536743,0.6863999962806702
YER142C,YCL043C,0,-6.3486443,0.12144868075847626,0.9490000009536743,0.6865000128746033
YMR001C,YPL224C,0,-6.3487844,0.12143313884735107,0.9490000009536743,0.6866000294685364
YNL148C,YDR273W,0,-6.3488946,0.12141760438680649,0.9490000009536743,0.6866999864578247
YOL009C,YIR041W,0,-6.3489895,0.1214020699262619,0.9490000009536743,0.6868000030517578
YJR091C,YBL061C,0,-6.349078,0.12138654291629791,0.9490000009536743,0.6869000196456909
YKL122C,YDR058C,0,-6.349202,0.12137101590633392,0.9490000009536743,0.6869999766349792
YHR193C,YNR015W,0,-6.349477,0.12135549634695053,0.9490000009536743,0.6870999932289124
YBL032W,YFL003C,0,-6.349802,0.12133998423814774,0.9490000009536743,0.6872000098228455
YFR053C,YOL113W,0,-6.350271,0.12132447212934494,0.9490000009536743,0.6873000264167786
YDR009W,YKL093W,0,-6.350281,0.12130896002054214,0.9490000009536743,0.6873999834060669
YLR192C,YBR105C,0,-6.351198,0.12129345536231995,0.9490000009536743,0.6875
YMR184W,YCR009C,0,-6.351373,0.12127795815467834,0.9490000009536743,0.6876000165939331
YBR164C,YGL192W,0,-6.3518357,0.12126246094703674,0.9490000009536743,0.6876999735832214
YOR034C,YGL155W,0,-6.351901,0.12124696373939514,0.9490000009536743,0.6877999901771545
YKR038C,YBR077C,0,-6.351989,0.12123147398233414,0.9490000009536743,0.6879000067710876
YOR210W,YBL058W,0,-6.3522205,0.12121599167585373,0.9490000009536743,0.6880000233650208
YDL143W,YML129C,0,-6.3526716,0.12120050936937332,0.9490000009536743,0.6880999803543091
YDL017W,YDR453C,0,-6.3527207,0.12118503451347351,0.9490000009536743,0.6881999969482422
YHR194W,YDL019C,0,-6.352993,0.1211695596575737,0.9490000009536743,0.6883000135421753
YOL130W,YER028C,0,-6.3534975,0.12115409225225449,0.9490000009536743,0.6883999705314636
YOR144C,YGL062W,0,-6.3537846,0.12113862484693527,0.9490000009536743,0.6884999871253967
YMR012W,YDR379W,0,-6.35396,0.12112316489219666,0.9490000009536743,0.6886000037193298
YNR010W,YBR201W,0,-6.354075,0.12110770493745804,0.9490000009536743,0.6887000203132629
YGR230W,YPL242C,0,-6.3542695,0.12109225243330002,0.9490000009536743,0.6887999773025513
YDL019C,YDR076W,0,-6.354682,0.1210768073797226,0.9490000009536743,0.6888999938964844
YMR203W,YDR451C,0,-6.355058,0.12106136232614517,0.9490000009536743,0.6890000104904175
YGL192W,YLR262C,0,-6.3550644,0.12104591727256775,0.9490000009536743,0.6891000270843506
YDR055W,YDR059C,0,-6.35523,0.12103047966957092,0.9490000009536743,0.6891999840736389
YDR208W,YOL127W,0,-6.3554115,0.1210150495171547,0.9490000009536743,0.689300000667572
YOR319W,YPR182W,1,-6.3555374,0.12112712115049362,0.949999988079071,0.689300000667572
YBR278W,YHR161C,0,-6.3566604,0.1211116760969162,0.949999988079071,0.6894000172615051
YDR013W,YOL129W,0,-6.356689,0.12109623849391937,0.949999988079071,0.6894999742507935
YOL049W,YKL042W,0,-6.356983,0.12108080834150314,0.949999988079071,0.6895999908447266
YDR122W,YPR036W,0,-6.3577647,0.12106537818908691,0.949999988079071,0.6897000074386597
YLR205C,YNL131W,0,-6.357951,0.12104994803667068,0.949999988079071,0.6898000240325928
YKL029C,YOR329C,0,-6.3581867,0.12103452533483505,0.949999988079071,0.6898999810218811
YCL004W,YDR481C,0,-6.3582077,0.12101911008358002,0.949999988079071,0.6899999976158142
YBR008C,YDR180W,0,-6.358668,0.12100369483232498,0.949999988079071,0.6901000142097473
YDR021W,YIL022W,0,-6.358753,0.12098827958106995,0.949999988079071,0.6901999711990356
YPR181C,YDL235C,0,-6.3596992,0.1209728792309761,0.949999988079071,0.6902999877929688
YAL042W,YDL170W,0,-6.3600316,0.12095747143030167,0.949999988079071,0.6904000043869019
YLR377C,YOR209C,0,-6.3601294,0.12094207853078842,0.949999988079071,0.690500020980835
YPL091W,YLR059C,0,-6.3601484,0.12092667818069458,0.949999988079071,0.6905999779701233
YDR481C,YLR248W,0,-6.360423,0.12091129273176193,0.949999988079071,0.6906999945640564
YPR165W,YLR268W,0,-6.3606076,0.12089589983224869,0.949999988079071,0.6908000111579895
YML123C,YGL171W,0,-6.3608885,0.12088052183389664,0.949999988079071,0.6909000277519226
YDR214W,YLR025W,0,-6.3610125,0.12086513638496399,0.949999988079071,0.6909999847412109
YML058W-A,YER169W,0,-6.361174,0.12084976583719254,0.949999988079071,0.691100001335144
YKR066C,YAR033W,0,-6.3617887,0.12083439528942108,0.949999988079071,0.6912000179290771
YGL037C,YBR083W,0,-6.361924,0.12081902474164963,0.949999988079071,0.6912999749183655
YGL143C,YGL092W,0,-6.3630695,0.12080366164445877,0.949999988079071,0.6913999915122986
YJL090C,YGR249W,0,-6.3640127,0.12078830599784851,0.949999988079071,0.6915000081062317
YDL045C,YMR183C,0,-6.3641953,0.12077295035123825,0.949999988079071,0.6916000247001648
YDL126C,YBR010W,0,-6.364496,0.12075759470462799,0.949999988079071,0.6916999816894531
YNR002C,YOL031C,0,-6.364915,0.12074224650859833,0.949999988079071,0.6917999982833862
YBR164C,YJL214W,0,-6.365817,0.12072690576314926,0.949999988079071,0.6919000148773193
YMR001C,YPL190C,0,-6.366273,0.1207115650177002,0.949999988079071,0.6919999718666077
YOR377W,YKL160W,0,-6.3674526,0.12069622427225113,0.949999988079071,0.6920999884605408
YDL175C,YNL339C,0,-6.3682947,0.12068089097738266,0.949999988079071,0.6922000050544739
YBR164C,YOR349W,0,-6.3684525,0.12066556513309479,0.949999988079071,0.692300021648407
YDR456W,YFR034C,0,-6.3690724,0.12065023928880692,0.949999988079071,0.6923999786376953
YLR059C,YBR162C,0,-6.369379,0.12063492089509964,0.949999988079071,0.6924999952316284
YDL003W,YDR498C,0,-6.3701982,0.12061960250139236,0.949999988079071,0.6926000118255615
YNL328C,YBR186W,0,-6.371974,0.12060429155826569,0.949999988079071,0.6927000284194946
YBR186W,YIL063C,0,-6.37282,0.12058898061513901,0.949999988079071,0.692799985408783
YJL111W,YBL032W,0,-6.3741455,0.12057367712259293,0.949999988079071,0.6929000020027161
YKL025C,YDR478W,1,-6.374219,0.12068527936935425,0.9509999752044678,0.6929000020027161
YGR010W,YOR344C,0,-6.374613,0.12066996842622757,0.9509999752044678,0.6930000185966492
YOR221C,YJL154C,0,-6.3748612,0.12065465748310089,0.9509999752044678,0.6930999755859375
YBR159W,YCR102C,0,-6.3754344,0.12063935399055481,0.9509999752044678,0.6931999921798706
YGL013C,YDR372C,0,-6.37572,0.12062405049800873,0.9509999752044678,0.6933000087738037
YDL142C,YOL043C,0,-6.375721,0.12060875445604324,0.9509999752044678,0.6934000253677368
YMR298W,YDR325W,0,-6.37575,0.12059345841407776,0.9509999752044678,0.6934999823570251
YPL091W,YPL210C,0,-6.375763,0.12057816982269287,0.9509999752044678,0.6935999989509583
YMR012W,YKR038C,0,-6.3763685,0.12056288123130798,0.9509999752044678,0.6937000155448914
YFL048C,YNR054C,0,-6.376627,0.12054760009050369,0.9509999752044678,0.6937999725341797
YGL195W,YPL235W,0,-6.3770657,0.1205323189496994,0.9509999752044678,0.6938999891281128
YBR066C,YML015C,0,-6.378374,0.12051704525947571,0.9509999752044678,0.6940000057220459
YBR240C,YGL098W,0,-6.378638,0.12050177156925201,0.9509999752044678,0.694100022315979
YLR259C,YKR007W,0,-6.378937,0.12048650532960892,0.9509999752044678,0.6941999793052673
YBR050C,YIL129C,0,-6.3796434,0.12047124654054642,0.9509999752044678,0.6942999958992004
YKL086W,YEL004W,0,-6.379727,0.12045598775148392,0.9509999752044678,0.6944000124931335
YDL126C,YCL016C,0,-6.379878,0.12044072896242142,0.9509999752044678,0.6945000290870667
YKL016C,YHR163W,0,-6.3799553,0.12042547762393951,0.9509999752044678,0.694599986076355
YLR304C,YOL108C,0,-6.3801165,0.12041023373603821,0.9509999752044678,0.6947000026702881
YBR107C,YIL120W,0,-6.3804674,0.1203949898481369,0.9509999752044678,0.6948000192642212
YGR268C,YDR205W,0,-6.3805246,0.1203797459602356,0.9509999752044678,0.6948999762535095
YEL062W,YDL232W,0,-6.3806047,0.12036450952291489,0.9509999752044678,0.6949999928474426
YLL026W,YER089C,0,-6.380656,0.12034928053617477,0.9509999752044678,0.6951000094413757
YPR134W,YGL229C,0,-6.3807297,0.12033405154943466,0.9509999752044678,0.6952000260353088
YNL065W,YEL004W,0,-6.380995,0.12031882256269455,0.9509999752044678,0.6952999830245972
YIL117C,YGL062W,0,-6.3810716,0.12030360847711563,0.9509999752044678,0.6953999996185303
YNL068C,YGL192W,0,-6.381153,0.12028838694095612,0.9509999752044678,0.6955000162124634
YBR185C,YBR105C,0,-6.38138,0.1202731728553772,0.9509999752044678,0.6955999732017517
YBR201W,YLR192C,0,-6.381915,0.12025796622037888,0.9509999752044678,0.6956999897956848
YDR214W,YFL025C,0,-6.3820095,0.12024275958538055,0.9509999752044678,0.6958000063896179
YNL068C,YLR008C,0,-6.382123,0.12022756040096283,0.9509999752044678,0.695900022983551
YOR322C,YNL070W,0,-6.382647,0.1202123612165451,0.9509999752044678,0.6959999799728394
YBR240C,YNL154C,0,-6.383136,0.12019716948270798,0.9509999752044678,0.6960999965667725
YLR007W,YDL195W,0,-6.3837295,0.12018197774887085,0.9509999752044678,0.6962000131607056
YER003C,YFL004W,0,-6.383791,0.12016679346561432,0.9509999752044678,0.6963000297546387
YGR003W,YFL018C,0,-6.384058,0.12015160918235779,0.9509999752044678,0.696399986743927
YHR150W,YGL011C,0,-6.3841996,0.12013643234968185,0.9509999752044678,0.6965000033378601
YIL117C,YKL042W,0,-6.385063,0.12012125551700592,0.9509999752044678,0.6966000199317932
YDR298C,YGL092W,0,-6.3858805,0.12010608613491058,0.9509999752044678,0.6966999769210815
YMR270C,YBR024W,0,-6.386347,0.12009092420339584,0.9509999752044678,0.6967999935150146
YER088C,YPL235W,0,-6.3869123,0.1200757548213005,0.9509999752044678,0.6969000101089478
YKL160W,YMR197C,0,-6.3870273,0.12006060034036636,0.9509999752044678,0.6970000267028809
YHR187W,YDR388W,0,-6.387048,0.12004544585943222,0.9509999752044678,0.6970999836921692
YMR203W,YKR079C,0,-6.387062,0.12003029137849808,0.9509999752044678,0.6972000002861023
YMR076C,YKL080W,0,-6.387476,0.12001514434814453,0.9509999752044678,0.6973000168800354
YDR335W,YCR053W,0,-6.3874884,0.11999999731779099,0.9509999752044678,0.6973999738693237
YJL108C,YIL084C,0,-6.387699,0.11998485773801804,0.9509999752044678,0.6974999904632568
YGR230W,YOR260W,0,-6.3881745,0.11996972560882568,0.9509999752044678,0.6976000070571899
YJR076C,YGR014W,0,-6.3890467,0.11995459347963333,0.9509999752044678,0.697700023651123
YML080W,YPL235W,0,-6.389584,0.11993946135044098,0.9509999752044678,0.6977999806404114
YJR145C,YEL004W,0,-6.389723,0.11992433667182922,0.9509999752044678,0.6978999972343445
YMR011W,YBR049C,0,-6.3901825,0.11990921944379807,0.9509999752044678,0.6980000138282776
YCL025C,YOL113W,0,-6.3908415,0.1198941022157669,0.9509999752044678,0.6980999708175659
YGL172W,YLR248W,0,-6.391001,0.11987898498773575,0.9509999752044678,0.698199987411499
YGL229C,YDL195W,0,-6.391391,0.11986387521028519,0.9509999752044678,0.6983000040054321
YER035W,YDL080C,0,-6.3918753,0.11984877288341522,0.9509999752044678,0.6984000205993652
YLR248W,YMR270C,0,-6.392472,0.11983367055654526,0.9509999752044678,0.6984999775886536
YDL045C,YOR272W,0,-6.3929996,0.11981856822967529,0.9509999752044678,0.6985999941825867
YLR078C,YOL013C,0,-6.393118,0.11980347335338593,0.9509999752044678,0.6987000107765198
YLR259C,YFL008W,0,-6.393245,0.11978838592767715,0.9509999752044678,0.6988000273704529
YDR122W,YDR310C,0,-6.3941965,0.11977329850196838,0.9509999752044678,0.6988999843597412
YGL084C,YDR388W,0,-6.394472,0.11975821852684021,0.9509999752044678,0.6990000009536743
YFL018C,YBR087W,0,-6.396126,0.11974313855171204,0.9509999752044678,0.6991000175476074
YJL203W,YPR182W,1,-6.396779,0.11985395848751068,0.9520000219345093,0.6991000175476074
YBR068C,YOR386W,0,-6.397388,0.11983887106180191,0.9520000219345093,0.6991999745368958
YHR158C,YDL083C,0,-6.3974314,0.11982379108667374,0.9520000219345093,0.6992999911308289
YCR102C,YLR346C,0,-6.3984737,0.11980871111154556,0.9520000219345093,0.699400007724762
YDL181W,YBR127C,0,-6.3990726,0.11979363113641739,0.9520000219345093,0.6995000243186951
YOL164W,YNL127W,0,-6.399674,0.11977855861186981,0.9520000219345093,0.6995999813079834
YJR076C,YHR174W,0,-6.399766,0.11976349353790283,0.9520000219345093,0.6996999979019165
YML120C,YFL004W,0,-6.400021,0.11974842846393585,0.9520000219345093,0.6998000144958496
YFR034C,YHR001W-A,0,-6.4001627,0.11973336338996887,0.9520000219345093,0.6998999714851379
YPR104C,YDR453C,0,-6.400922,0.11971831321716309,0.9520000219345093,0.699999988079071
YPL224C,YAL015C,0,-6.4016743,0.1197032555937767,0.9520000219345093,0.7001000046730042
YER114C,YLL061W,0,-6.4021683,0.11968820542097092,0.9520000219345093,0.7002000212669373
YDL008W,YOL156W,0,-6.402359,0.11967316269874573,0.9520000219345093,0.7002999782562256
YDL154W,YDR456W,0,-6.403434,0.11965811997652054,0.9520000219345093,0.7003999948501587
YER169W,YOL020W,0,-6.4038477,0.11964308470487595,0.9520000219345093,0.7005000114440918
YGR014W,YBR162C,0,-6.4039526,0.11962804943323135,0.9520000219345093,0.7006000280380249
YKL220C,YPR138C,0,-6.405235,0.11961301416158676,0.9520000219345093,0.7006999850273132
YBL098W,YBR183W,0,-6.4052744,0.11959798634052277,0.9520000219345093,0.7008000016212463
YMR301C,YNL288W,0,-6.405903,0.11958296597003937,0.9520000219345093,0.7009000182151794
YDR273W,YMR026C,0,-6.406371,0.11956794559955597,0.9520000219345093,0.7009999752044678
YFL041W,YGR180C,0,-6.4065256,0.11955293267965317,0.9520000219345093,0.7010999917984009
YGL256W,YOL002C,0,-6.4065957,0.11953791975975037,0.9520000219345093,0.701200008392334
YGR224W,YBL061C,0,-6.406682,0.11952291429042816,0.9520000219345093,0.7013000249862671
YDR180W,YBR283C,0,-6.407254,0.11950790882110596,0.9520000219345093,0.7013999819755554
YGR155W,YGR202C,0,-6.4074745,0.11949291080236435,0.9520000219345093,0.7014999985694885
YGL256W,YMR139W,0,-6.4075656,0.11947791278362274,0.9520000219345093,0.7016000151634216
YGR249W,YGL098W,0,-6.407874,0.11946292221546173,0.9520000219345093,0.70169997215271
YBR145W,YBR038W,0,-6.408042,0.11944793164730072,0.9520000219345093,0.7017999887466431
YCR048W,YML103C,0,-6.408121,0.11943294107913971,0.9520000219345093,0.7019000053405762
YOR239W,YHR005C,0,-6.4094768,0.11941796541213989,0.9520000219345093,0.7020000219345093
YJL076W,YEL004W,0,-6.4097624,0.11940298229455948,0.9520000219345093,0.7020999789237976
YLR110C,YNL070W,0,-6.4100695,0.11938801407814026,0.9520000219345093,0.7021999955177307
YHR005C,YGL219C,0,-6.4105554,0.11937303841114044,0.9520000219345093,0.7023000121116638
YGR229C,YNL070W,0,-6.4110203,0.11935807764530182,0.9520000219345093,0.7024000287055969
YCL043C,YER117W,0,-6.411091,0.1193431094288826,0.9520000219345093,0.7024999856948853
YFL023W,YLR166C,0,-6.411656,0.11932815611362457,0.9520000219345093,0.7026000022888184
YKL079W,YDR165W,0,-6.411681,0.11931319534778595,0.9520000219345093,0.7027000188827515
YBR283C,YIL008W,0,-6.4117765,0.11929824203252792,0.9520000219345093,0.7027999758720398
YOR099W,YDR386W,0,-6.4119334,0.1192832961678505,0.9520000219345093,0.7028999924659729
YDR425W,YBR240C,0,-6.412421,0.11926835030317307,0.9520000219345093,0.703000009059906
YKL191W,YFL018C,0,-6.4124346,0.11925341188907623,0.9520000219345093,0.7031000256538391
YAL007C,YDL080C,0,-6.41348,0.1192384734749794,0.9520000219345093,0.7031999826431274
YBR132C,YFR003C,0,-6.413577,0.11922354251146317,0.9520000219345093,0.7032999992370605
YNL110C,YPL033C,0,-6.4136887,0.11920861154794693,0.9520000219345093,0.7034000158309937
YLR068W,YOL127W,0,-6.414005,0.11919368803501129,0.9520000219345093,0.703499972820282
YML062C,YER165W,0,-6.4144573,0.11917876452207565,0.9520000219345093,0.7035999894142151
YNR010W,YHR160C,0,-6.4147944,0.11916384845972061,0.9520000219345093,0.7037000060081482
YOR031W,YOR149C,0,-6.4154587,0.11914893984794617,0.9520000219345093,0.7038000226020813
YML093W,YBR105C,0,-6.415533,0.11913402378559113,0.9520000219345093,0.7038999795913696
YKL208W,YBL026W,1,-6.4165263,0.11924424767494202,0.953000009059906,0.7038999795913696
YPL059W,YIL106W,0,-6.416671,0.11922932416200638,0.953000009059906,0.7039999961853027
YMR201C,YJL148W,0,-6.4167657,0.11921440809965134,0.953000009059906,0.7041000127792358
YJL006C,YBR127C,0,-6.4186316,0.11919949948787689,0.953000009059906,0.704200029373169
YMR296C,YJR074W,0,-6.4189625,0.11918459087610245,0.953000009059906,0.7042999863624573
YBR059C,YIR041W,0,-6.4196587,0.1191696897149086,0.953000009059906,0.7044000029563904
YEL027W,YPL190C,0,-6.4199543,0.11915478855371475,0.953000009059906,0.7045000195503235
YER073W,YDL008W,0,-6.4202223,0.1191398948431015,0.953000009059906,0.7045999765396118
YML080W,YFL004W,0,-6.420642,0.11912500113248825,0.953000009059906,0.7046999931335449
YBR039W,YGL098W,0,-6.42084,0.1191101148724556,0.953000009059906,0.704800009727478
YCL055W,YLR008C,0,-6.4211173,0.11909522861242294,0.953000009059906,0.7049000263214111
YCL014W,YOR340C,0,-6.421347,0.11908034235239029,0.953000009059906,0.7049999833106995
YHR169W,YHR158C,0,-6.4219093,0.11906546354293823,0.953000009059906,0.7050999999046326
YGR155W,YOL031C,0,-6.4220457,0.11905059218406677,0.953000009059906,0.7052000164985657
YMR072W,YOL156W,0,-6.422115,0.11903572082519531,0.953000009059906,0.705299973487854
YLR263W,YNL131W,0,-6.4230328,0.11902085691690445,0.953000009059906,0.7053999900817871
YHL040C,YPL235W,0,-6.42305,0.11900599300861359,0.953000009059906,0.7055000066757202
YOL043C,YER070W,0,-6.423129,0.11899113655090332,0.953000009059906,0.7056000232696533
YKR076W,YPL190C,0,-6.423621,0.11897628009319305,0.953000009059906,0.7056999802589417
YOR239W,YGL004C,0,-6.423673,0.11896143108606339,0.953000009059906,0.7057999968528748
YPL234C,YCR083W,0,-6.4238124,0.11894658207893372,0.953000009059906,0.7059000134468079
YLR110C,YJR131W,0,-6.423913,0.11893173307180405,0.953000009059906,0.7059999704360962
YOL164W,YMR284W,0,-6.425434,0.11891689896583557,0.953000009059906,0.7060999870300293
YDL088C,YLR355C,0,-6.42626,0.1189020574092865,0.953000009059906,0.7062000036239624
YPL190C,YGL013C,0,-6.4267693,0.11888722330331802,0.953000009059906,0.7063000202178955
YGL016W,YML131W,0,-6.426858,0.11887239664793015,0.953000009059906,0.7063999772071838
YJR083C,YLR332W,0,-6.427908,0.11885756999254227,0.953000009059906,0.7064999938011169
YLL015W,YDR276C,0,-6.4279113,0.11884275078773499,0.953000009059906,0.70660001039505
YMR201C,YEL004W,0,-6.427938,0.1188279315829277,0.953000009059906,0.7067000269889832
YOL164W,YBR192W,0,-6.4280634,0.11881311237812042,0.953000009059906,0.7067999839782715
YHR194W,YOR330C,0,-6.4282594,0.11879830807447433,0.953000009059906,0.7069000005722046
YGL256W,YOR037W,0,-6.4286075,0.11878349632024765,0.953000009059906,0.7070000171661377
YBR295W,YMR089C,0,-6.4289536,0.11876869201660156,0.953000009059906,0.707099974155426
YGL247W,YHR019C,0,-6.4298205,0.11875389516353607,0.953000009059906,0.7071999907493591
YGR268C,YDR425W,0,-6.4300423,0.11873909831047058,0.953000009059906,0.7073000073432922
YOR346W,YBR037C,0,-6.4303617,0.11872430890798569,0.953000009059906,0.7074000239372253
YOR149C,YPL253C,0,-6.431635,0.1187095195055008,0.953000009059906,0.7074999809265137
YGR177C,YGL013C,0,-6.433075,0.1186947301030159,0.953000009059906,0.7075999975204468
YNL030W,YDL128W,0,-6.4332547,0.1186799481511116,0.953000009059906,0.7077000141143799
YMR214W,YCR083W,0,-6.4333487,0.1186651736497879,0.953000009059906,0.7077999711036682
YHR039C,YFL036W,0,-6.4334607,0.1186503991484642,0.953000009059906,0.7078999876976013
YJL148W,YMR089C,0,-6.434152,0.1186356246471405,0.953000009059906,0.7080000042915344
YKL160W,YHR174W,0,-6.434396,0.118620865046978,0.953000009059906,0.7081000208854675
YML113W,YNL070W,0,-6.4344587,0.1186060979962349,0.953000009059906,0.7081999778747559
YDL003W,YKL212W,0,-6.4345255,0.11859133839607239,0.953000009059906,0.708299994468689
YNL268W,YOL031C,0,-6.4355354,0.11857658624649048,0.953000009059906,0.7084000110626221
YPL082C,YIL053W,0,-6.4359083,0.11856183409690857,0.953000009059906,0.7085000276565552
YJR017C,YNL282W,1,-6.436387,0.1186714768409729,0.9539999961853027,0.7085000276565552
YGR088W,YJL072C,0,-6.4365597,0.1186567172408104,0.9539999961853027,0.7085999846458435
YML008C,YGL143C,0,-6.436783,0.11864195764064789,0.9539999961853027,0.7087000012397766
YIL131C,YOR087W,0,-6.438869,0.11862720549106598,0.9539999961853027,0.7088000178337097
YPR181C,YML097C,0,-6.4393663,0.11861246079206467,0.9539999961853027,0.708899974822998
YGL256W,YBR234C,0,-6.4396477,0.11859771609306335,0.9539999961853027,0.7089999914169312
YPR083W,YPR065W,0,-6.440584,0.11858297139406204,0.9539999961853027,0.7091000080108643
YKL086W,YDR131C,0,-6.440608,0.11856823414564133,0.9539999961853027,0.7092000246047974
YOR239W,YLR068W,0,-6.440629,0.11855349689722061,0.9539999961853027,0.7092999815940857
YGR014W,YJR010C-A,0,-6.442262,0.1185387670993805,0.9539999961853027,0.7093999981880188
YDL019C,YDR481C,0,-6.44273,0.11852403730154037,0.9539999961853027,0.7095000147819519
YML102W,YBR210W,0,-6.4432626,0.11850931495428085,0.9539999961853027,0.7095999717712402
YOR254C,YLR010C,0,-6.4433603,0.11849460005760193,0.9539999961853027,0.7096999883651733
YLR304C,YPL026C,0,-6.44495,0.11847987771034241,0.9539999961853027,0.7098000049591064
YDR524C,YPL253C,0,-6.4449987,0.11846517026424408,0.9539999961853027,0.7099000215530396
YPR020W,YCR083W,0,-6.445092,0.11845046281814575,0.9539999961853027,0.7099999785423279
YOL063C,YGR284C,0,-6.4457164,0.11843575537204742,0.9539999961853027,0.710099995136261
YJL090C,YGL011C,0,-6.445733,0.1184210553765297,0.9539999961853027,0.7102000117301941
YNL288W,YJL006C,0,-6.446209,0.11840635538101196,0.9539999961853027,0.7103000283241272
YLR205C,YBR058C-A,0,-6.4464035,0.11839166283607483,0.9539999961853027,0.7103999853134155
YOL126C,YLR166C,0,-6.446455,0.1183769702911377,0.9539999961853027,0.7105000019073486
YER003C,YLR166C,0,-6.447404,0.11836228519678116,0.9539999961853027,0.7106000185012817
YIL142W,YLR355C,0,-6.4478245,0.11834760010242462,0.9539999961853027,0.7106999754905701
YKL086W,YHR084W,0,-6.4480143,0.11833292245864868,0.9539999961853027,0.7107999920845032
YOR171C,YBR058C-A,0,-6.4485955,0.11831824481487274,0.9539999961853027,0.7109000086784363
YAL054C,YPR104C,0,-6.448652,0.1183035746216774,0.9539999961853027,0.7110000252723694
YOR031W,YAR033W,0,-6.448844,0.11828890442848206,0.9539999961853027,0.7110999822616577
YHR169W,YGR211W,0,-6.4493685,0.11827423423528671,0.9539999961853027,0.7111999988555908
YDL008W,YPL234C,0,-6.4495125,0.11825957894325256,0.9539999961853027,0.7113000154495239
YLR304C,YGR218W,0,-6.449567,0.11824491620063782,0.9539999961853027,0.7113999724388123
YLR195C,YBR295W,0,-6.4509873,0.11823026090860367,0.9539999961853027,0.7114999890327454
YOL077W-A,YPR181C,0,-6.4522686,0.11821561306715012,0.9539999961853027,0.7116000056266785
YKL160W,YBR162C,0,-6.452276,0.11820096522569656,0.9539999961853027,0.7117000222206116
YBR185C,YDL080C,0,-6.4524236,0.11818632483482361,0.9539999961853027,0.7117999792098999
YLR026C,YHR138C,0,-6.453456,0.11817168444395065,0.9539999961853027,0.711899995803833
YCL026C-A,YGR010W,0,-6.4537535,0.1181570440530777,0.9539999961853027,0.7120000123977661
YBR089C-A,YIR018W,0,-6.453861,0.11814241856336594,0.9539999961853027,0.7121000289916992
YPR188C,YHR124W,0,-6.4543633,0.11812778562307358,0.9539999961853027,0.7121999859809875
YBL016W,YPL239W,0,-6.454428,0.11811316013336182,0.9539999961853027,0.7123000025749207
YGL192W,YLL019C,0,-6.4551754,0.11809854209423065,0.9539999961853027,0.7124000191688538
YGL195W,YJR086W,0,-6.4555054,0.11808392405509949,0.9539999961853027,0.7124999761581421
YNR067C,YFR003C,0,-6.4564466,0.11806930601596832,0.9539999961853027,0.7125999927520752
YJR070C,YIL129C,0,-6.456949,0.11805469542741776,0.9539999961853027,0.7127000093460083
YMR012W,YJL165C,0,-6.457475,0.11804009228944778,0.9539999961853027,0.7128000259399414
YKL191W,YLR219W,0,-6.4576855,0.11802548915147781,0.9539999961853027,0.7128999829292297
YNL065W,YFL010W-A,0,-6.458457,0.11801088601350784,0.9539999961853027,0.7129999995231628
YKL208W,YML049C,1,-6.459708,0.118119977414608,0.9549999833106995,0.7129999995231628
YLR157C,YGL073W,0,-6.460363,0.11810536682605743,0.9549999833106995,0.713100016117096
YGR261C,YML131W,0,-6.460699,0.11809076368808746,0.9549999833106995,0.7131999731063843
YNL280C,YPR138C,0,-6.461031,0.11807616055011749,0.9549999833106995,0.7132999897003174
YER164W,YIL123W,0,-6.461192,0.11806156486272812,0.9549999833106995,0.7134000062942505
YGL030W,YML049C,1,-6.461925,0.11817058175802231,0.9559999704360962,0.7134000062942505
YML012W,YHR005C,0,-6.46194,0.11815597862005234,0.9559999704360962,0.7135000228881836
YPL091W,YGR202C,0,-6.461961,0.11814137548208237,0.9559999704360962,0.7135999798774719
YIR033W,YHR124W,0,-6.4624043,0.118126779794693,0.9559999704360962,0.713699996471405
YDL083C,YOL122C,0,-6.4640956,0.11811218410730362,0.9559999704360962,0.7138000130653381
YOL133W,YDL079C,0,-6.4643464,0.11809758841991425,0.9559999704360962,0.7139000296592712
YGR041W,YJL072C,0,-6.464353,0.11808300763368607,0.9559999704360962,0.7139999866485596
YHR116W,YKL205W,0,-6.4645624,0.11806841939687729,0.9559999704360962,0.7141000032424927
YEL027W,YOL009C,0,-6.4655924,0.11805383861064911,0.9559999704360962,0.7142000198364258
YNL220W,YBR059C,0,-6.4657507,0.11803926527500153,0.9559999704360962,0.7142999768257141
YFL048C,YPL209C,0,-6.4659786,0.11802469193935394,0.9559999704360962,0.7143999934196472
YGL180W,YOL013C,0,-6.4666853,0.11801011860370636,0.9559999704360962,0.7145000100135803
YNL323W,YLR025W,0,-6.467457,0.11799556016921997,0.9559999704360962,0.7146000266075134
YMR150C,YMR201C,0,-6.4685884,0.11798099428415298,0.9559999704360962,0.7146999835968018
YPR052C,YLR262C,0,-6.4689436,0.1179664358496666,0.9559999704360962,0.7148000001907349
YGL068W,YBR127C,0,-6.469366,0.1179518848657608,0.9559999704360962,0.714900016784668
YIL034C,YKR007W,0,-6.4694986,0.11793733388185501,0.9559999704360962,0.7149999737739563
YDL008W,YGL195W,0,-6.471224,0.11792278289794922,0.9559999704360962,0.7150999903678894
YAL054C,YBL080C,0,-6.4716806,0.11790823936462402,0.9559999704360962,0.7152000069618225
YBR267W,YGR285C,0,-6.471839,0.11789369583129883,0.9559999704360962,0.7153000235557556
YBR145W,YFL048C,0,-6.4721117,0.11787915974855423,0.9559999704360962,0.715399980545044
YJL165C,YIL008W,0,-6.4723024,0.11786463111639023,0.9559999704360962,0.715499997138977
YLL061W,YGL013C,0,-6.4732385,0.11785009503364563,0.9559999704360962,0.7156000137329102
YNL084C,YDR202C,0,-6.4735065,0.11783557385206223,0.9559999704360962,0.7156999707221985
YPR001W,YKL160W,0,-6.473873,0.11782105267047882,0.9559999704360962,0.7157999873161316
YPL248C,YDR075W,0,-6.4747324,0.11780653148889542,0.9559999704360962,0.7159000039100647
YKL011C,YOL129W,0,-6.47504,0.11779201775789261,0.9559999704360962,0.7160000205039978
YJR150C,YHR158C,0,-6.47507,0.1177775040268898,0.9559999704360962,0.7160999774932861
YML129C,YHR084W,0,-6.4753103,0.11776299774646759,0.9559999704360962,0.7161999940872192
YDR055W,YMR079W,0,-6.475504,0.11774849146604538,0.9559999704360962,0.7163000106811523
YKR038C,YIL123W,0,-6.4755354,0.11773399263620377,0.9559999704360962,0.7164000272750854
YNR054C,YNL070W,0,-6.4757495,0.11771949380636215,0.9559999704360962,0.7164999842643738
YML058W-A,YOR272W,0,-6.4757633,0.11770500242710114,0.9559999704360962,0.7166000008583069
YML058W-A,YOL001W,0,-6.476577,0.11769051104784012,0.9559999704360962,0.71670001745224
YJR022W,YBR152W,1,-6.476656,0.11779911071062088,0.9570000171661377,0.71670001745224
YML123C,YMR263W,0,-6.4767613,0.11778461188077927,0.9570000171661377,0.7167999744415283
YGR284C,YMR214W,0,-6.477574,0.11777012050151825,0.9570000171661377,0.7168999910354614
YPL211W,YBR087W,0,-6.477665,0.11775562912225723,0.9570000171661377,0.7170000076293945
YFL048C,YLR081W,0,-6.4797277,0.11774114519357681,0.9570000171661377,0.7171000242233276
YAL054C,YER035W,0,-6.479908,0.11772666126489639,0.9570000171661377,0.717199981212616
YDR515W,YOR344C,0,-6.4804745,0.11771217733621597,0.9570000171661377,0.7172999978065491
YGR249W,YGR186W,0,-6.4807014,0.11769770085811615,0.9570000171661377,0.7174000144004822
YAR033W,YDL150W,0,-6.4809885,0.11768322438001633,0.9570000171661377,0.7174999713897705
YJR083C,YOL129W,0,-6.481632,0.1176687553524971,0.9570000171661377,0.7175999879837036
YLR219W,YKR055W,0,-6.4823465,0.11765429377555847,0.9570000171661377,0.7177000045776367
YHR001W-A,YIL022W,0,-6.482909,0.11763982474803925,0.9570000171661377,0.7178000211715698
YGR249W,YLR059C,0,-6.4836364,0.11762537062168121,0.9570000171661377,0.7178999781608582
YGR010W,YDR341C,0,-6.48396,0.11761091649532318,0.9570000171661377,0.7179999947547913
YDL232W,YCL008C,0,-6.484513,0.11759646236896515,0.9570000171661377,0.7181000113487244
YOR005C,YNL274C,0,-6.484782,0.11758201569318771,0.9570000171661377,0.7182000279426575
YPL043W,YEL004W,0,-6.4850283,0.11756756901741028,0.9570000171661377,0.7182999849319458
YPL177C,YBL093C,0,-6.485249,0.11755312979221344,0.9570000171661377,0.7184000015258789
YIL036W,YDR207C,0,-6.485895,0.1175386905670166,0.9570000171661377,0.718500018119812
YBL047C,YNL302C,0,-6.4868193,0.11752425134181976,0.9570000171661377,0.7185999751091003
YML023C,YOR103C,0,-6.4871387,0.11750981956720352,0.9570000171661377,0.7186999917030334
YLR081W,YDL036C,0,-6.4871674,0.11749539524316788,0.9570000171661377,0.7188000082969666
YMR298W,YOL121C,0,-6.4872594,0.11748097091913223,0.9570000171661377,0.7189000248908997
YMR079W,YBR258C,0,-6.48739,0.11746655404567719,0.9570000171661377,0.718999981880188
YNL220W,YJL133W,0,-6.489061,0.11745213717222214,0.9570000171661377,0.7190999984741211
YIR022W,YFL004W,0,-6.4892282,0.11743772029876709,0.9570000171661377,0.7192000150680542
YMR011W,YKL021C,0,-6.489253,0.11742331087589264,0.9570000171661377,0.7192999720573425
YOL069W,YJL148W,0,-6.4893026,0.11740890890359879,0.9570000171661377,0.7193999886512756
YKL208W,YBR065C,1,-6.48957,0.11751717329025269,0.9580000042915344,0.7193999886512756
YML058W-A,YIL118W,0,-6.489682,0.11750275641679764,0.9580000042915344,0.7195000052452087
YPL242C,YOL126C,0,-6.490285,0.11748834699392319,0.9580000042915344,0.7196000218391418
YNL288W,YML047C,0,-6.490815,0.11747394502162933,0.9580000042915344,0.7196999788284302
YNL147W,YNL210W,1,-6.4909925,0.11758214980363846,0.9589999914169312,0.7196999788284302
YKL150W,YJL139C,0,-6.4911957,0.11756773293018341,0.9589999914169312,0.7197999954223633
YGR258C,YHR161C,0,-6.4912634,0.11755332350730896,0.9589999914169312,0.7199000120162964
YKR095W,YNL302C,0,-6.4914026,0.11753891408443451,0.9589999914169312,0.7200000286102295
YOL156W,YNL323W,0,-6.4914827,0.11752451211214066,0.9589999914169312,0.7200999855995178
YPL110C,YLR467W,0,-6.4920306,0.1175101101398468,0.9589999914169312,0.7202000021934509
YNL118C,YHR174W,0,-6.493926,0.11749570816755295,0.9589999914169312,0.720300018787384
YGR227W,YGL068W,0,-6.4941998,0.11748132109642029,0.9589999914169312,0.7203999757766724
YGR229C,YOL129W,0,-6.4943285,0.11746692657470703,0.9589999914169312,0.7204999923706055
YGL003C,YDL232W,0,-6.494537,0.11745253950357437,0.9589999914169312,0.7206000089645386
YDR076W,YFL004W,0,-6.4946966,0.11743815988302231,0.9589999914169312,0.7207000255584717
YIL117C,YLR425W,0,-6.495146,0.11742378026247025,0.9589999914169312,0.72079998254776
YNR010W,YHR203C,0,-6.4958982,0.11740940064191818,0.9589999914169312,0.7208999991416931
YLR394W,YDR086C,0,-6.496151,0.11739502847194672,0.9589999914169312,0.7210000157356262
YER164W,YPL171C,0,-6.4968023,0.11738066375255585,0.9589999914169312,0.7210999727249146
YDR318W,YJR145C,0,-6.496997,0.11736629903316498,0.9589999914169312,0.7211999893188477
YGR248W,YNL222W,0,-6.497283,0.11735193431377411,0.9589999914169312,0.7213000059127808
YOL126C,YPL235W,0,-6.497596,0.11733757704496384,0.9589999914169312,0.7214000225067139
YDR046C,YBR283C,0,-6.4976835,0.11732321977615356,0.9589999914169312,0.7214999794960022
YER106W,YDL036C,0,-6.497819,0.11730886995792389,0.9589999914169312,0.7215999960899353
YNL008C,YPL224C,0,-6.4981303,0.11729452013969421,0.9589999914169312,0.7217000126838684
YHR193C,YFL041W,0,-6.4984293,0.11728017777204514,0.9589999914169312,0.7218000292778015
YBR038W,YMR296C,0,-6.498828,0.11726583540439606,0.9589999914169312,0.7218999862670898
YBR267W,YOR254C,0,-6.499009,0.11725150048732758,0.9589999914169312,0.722000002861023
YKL212W,YDR165W,0,-6.4991837,0.1172371655702591,0.9589999914169312,0.722100019454956
YFR031C,YMR089C,0,-6.4993696,0.11722283065319061,0.9589999914169312,0.7221999764442444
YGR224W,YOR212W,0,-6.499625,0.11720850318670273,0.9589999914169312,0.7222999930381775
YMR250W,YDR393W,0,-6.499711,0.11719418317079544,0.9589999914169312,0.7224000096321106
YHR174W,YGR059W,0,-6.5003686,0.11717986315488815,0.9589999914169312,0.7225000262260437
YHR023W,YGR239C,0,-6.50039,0.11716554313898087,0.9589999914169312,0.722599983215332
YKL205W,YFL003C,0,-6.5008516,0.11715123057365417,0.9589999914169312,0.7226999998092651
YGL219C,YCR083W,0,-6.500856,0.11713692545890808,0.9589999914169312,0.7228000164031982
YOL108C,YHR124W,0,-6.50154,0.11712262034416199,0.9589999914169312,0.7228999733924866
YHR163W,YDR059C,0,-6.5018334,0.1171083152294159,0.9589999914169312,0.7229999899864197
YIR033W,YBR066C,0,-6.502267,0.1170940175652504,0.9589999914169312,0.7231000065803528
YPL018W,YJR140C,0,-6.5030236,0.1170797199010849,0.9589999914169312,0.7232000231742859
YBR145W,YPR155C,0,-6.503233,0.1170654296875,0.9589999914169312,0.7232999801635742
YHR001W-A,YAR008W,0,-6.504148,0.1170511394739151,0.9589999914169312,0.7233999967575073
YBL032W,YNL302C,0,-6.5042133,0.1170368567109108,0.9589999914169312,0.7235000133514404
YOR034C,YPL026C,0,-6.504256,0.1170225739479065,0.9589999914169312,0.7235999703407288
YPR020W,YMR089C,0,-6.504434,0.11700829863548279,0.9589999914169312,0.7236999869346619
YIR041W,YOL122C,0,-6.504618,0.11699402332305908,0.9589999914169312,0.723800003528595
YOR249C,YIL109C,0,-6.504879,0.11697974801063538,0.9589999914169312,0.7239000201225281
YNL280C,YBL080C,0,-6.505567,0.11696548014879227,0.9589999914169312,0.7239999771118164
YGL247W,YHR138C,0,-6.5057874,0.11695121973752975,0.9589999914169312,0.7240999937057495
YGL004C,YGR192C,0,-6.5067616,0.11693695932626724,0.9589999914169312,0.7242000102996826
YGR041W,YHR138C,0,-6.507494,0.11692269891500473,0.9589999914169312,0.7243000268936157
YER035W,YNL164C,0,-6.508745,0.11690844595432281,0.9589999914169312,0.724399983882904
YDR174W,YHR041C,0,-6.509075,0.1168942004442215,0.9589999914169312,0.7245000004768372
YOR103C,YBR162C,0,-6.509503,0.11687995493412018,0.9589999914169312,0.7246000170707703
YER073W,YCL016C,0,-6.5100455,0.11686570942401886,0.9589999914169312,0.7246999740600586
YGL062W,YML015C,0,-6.5103025,0.11685147136449814,0.9589999914169312,0.7247999906539917
YBR066C,YEL004W,0,-6.5109296,0.11683723330497742,0.9589999914169312,0.7249000072479248
YPR020W,YPL210C,0,-6.513543,0.11682300269603729,0.9589999914169312,0.7250000238418579
YLR007W,YDR055W,0,-6.513792,0.11680877208709717,0.9589999914169312,0.7250999808311462
YJL207C,YHR161C,0,-6.514052,0.11679454147815704,0.9589999914169312,0.7251999974250793
YDR276C,YMR214W,0,-6.5147243,0.11678031831979752,0.9589999914169312,0.7253000140190125
YDR122W,YBR089C-A,0,-6.5150547,0.11676610261201859,0.9589999914169312,0.7253999710083008
YGL030W,YBR152W,1,-6.515545,0.11687362939119339,0.9599999785423279,0.7253999710083008
YLL026W,YBL102W,0,-6.515992,0.11685940623283386,0.9599999785423279,0.7254999876022339
YPR001W,YBR256C,0,-6.5167084,0.11684518307447433,0.9599999785423279,0.725600004196167
YDL230W,YFR029W,0,-6.516803,0.11683095991611481,0.9599999785423279,0.7257000207901001
YOR005C,YMR076C,0,-6.517144,0.11681674420833588,0.9599999785423279,0.7257999777793884
YMR041C,YMR266W,0,-6.518608,0.11680252850055695,0.9599999785423279,0.7258999943733215
YLR335W,YDR363W-A,0,-6.518674,0.11678832024335861,0.9599999785423279,0.7260000109672546
YMR119W,YKL195W,0,-6.519876,0.11677411198616028,0.9599999785423279,0.7261000275611877
YCR072C,YJL154C,0,-6.5200405,0.11675991117954254,0.9599999785423279,0.7261999845504761
YDR116C,YEL051W,0,-6.5200787,0.1167457103729248,0.9599999785423279,0.7263000011444092
YOR329C,YEL041W,0,-6.5202475,0.11673151701688766,0.9599999785423279,0.7264000177383423
YBR278W,YDR456W,0,-6.5202727,0.11671732366085052,0.9599999785423279,0.7264999747276306
YJR076C,YDR058C,0,-6.521167,0.11670313775539398,0.9599999785423279,0.7265999913215637
YCL016C,YKL029C,0,-6.5221405,0.11668895184993744,0.9599999785423279,0.7267000079154968
YIL070C,YLR010C,0,-6.522664,0.1166747659444809,0.9599999785423279,0.7268000245094299
YBR132C,YCR048W,0,-6.5227623,0.11666058748960495,0.9599999785423279,0.7268999814987183
YDL230W,YGR054W,0,-6.523463,0.1166464164853096,0.9599999785423279,0.7269999980926514
YIL036W,YJL214W,0,-6.5238023,0.11663224548101425,0.9599999785423279,0.7271000146865845
YER165W,YNL312W,0,-6.5242434,0.1166180744767189,0.9599999785423279,0.7271999716758728
YAL007C,YML032C,0,-6.5242805,0.11660391092300415,0.9599999785423279,0.7272999882698059
YLR259C,YDL006W,0,-6.5244,0.1165897473692894,0.9599999785423279,0.727400004863739
YMR072W,YBR275C,0,-6.5244904,0.11657559126615524,0.9599999785423279,0.7275000214576721
YJL194W,YDL135C,0,-6.5245976,0.11656143516302109,0.9599999785423279,0.7275999784469604
YPL269W,YDR310C,0,-6.524625,0.11654728651046753,0.9599999785423279,0.7276999950408936
YBR234C,YOR103C,0,-6.525003,0.11653313785791397,0.9599999785423279,0.7278000116348267
YBR059C,YIL063C,0,-6.5252385,0.11651899665594101,0.9599999785423279,0.7279000282287598
YPL110C,YOR209C,0,-6.5259924,0.11650485545396805,0.9599999785423279,0.7279999852180481
YNL268W,YDR075W,0,-6.5260525,0.11649071425199509,0.9599999785423279,0.7281000018119812
YNL220W,YGL073W,0,-6.5277357,0.11647658050060272,0.9599999785423279,0.7282000184059143
YAR008W,YKR059W,0,-6.5279665,0.11646245419979095,0.9599999785423279,0.7282999753952026
YMR250W,YMR076C,0,-6.52802,0.11644832789897919,0.9599999785423279,0.7283999919891357
YLL019C,YFR034C,0,-6.528118,0.11643420159816742,0.9599999785423279,0.7285000085830688
YBR164C,YKR008W,0,-6.528278,0.11642008274793625,0.9599999785423279,0.728600025177002
YMR250W,YDL128W,0,-6.5284395,0.11640596389770508,0.9599999785423279,0.7286999821662903
YDR163W,YGL030W,1,-6.5289326,0.11651309579610825,0.9610000252723694,0.7286999821662903
YML012W,YNL311C,0,-6.5291815,0.11649896949529648,0.9610000252723694,0.7287999987602234
YLR384C,YIL119C,0,-6.5306263,0.11648485064506531,0.9610000252723694,0.7289000153541565
YNL065W,YCR084C,0,-6.530653,0.11647073179483414,0.9610000252723694,0.7289999723434448
YPL171C,YCR102C,0,-6.530983,0.11645661294460297,0.9610000252723694,0.7290999889373779
YDR309C,YNL312W,0,-6.5311356,0.11644250899553299,0.9610000252723694,0.729200005531311
YLL018C-A,YML073C,0,-6.533762,0.11642839759588242,0.9610000252723694,0.7293000221252441
YLL015W,YNL262W,0,-6.534113,0.11641429364681244,0.9610000252723694,0.7293999791145325
YIL053W,YLR090W,0,-6.5350437,0.11640019714832306,0.9610000252723694,0.7294999957084656
YPL208W,YLR425W,0,-6.5352707,0.11638609319925308,0.9610000252723694,0.7296000123023987
YNL274C,YOL108C,0,-6.535295,0.1163720041513443,0.9610000252723694,0.7297000288963318
YPR134W,YBR089C-A,0,-6.535493,0.11635791510343552,0.9610000252723694,0.7297999858856201
YIL128W,YBR240C,0,-6.5358677,0.11634382605552673,0.9610000252723694,0.7299000024795532
YFL021W,YNR026C,0,-6.5372686,0.11632974445819855,0.9610000252723694,0.7300000190734863
YER072W,YDR341C,0,-6.537281,0.11631566286087036,0.9610000252723694,0.7300999760627747
YOL045W,YDR388W,0,-6.537598,0.11630158871412277,0.9610000252723694,0.7301999926567078
YLR068W,YDR341C,0,-6.538782,0.11628751456737518,0.9610000252723694,0.7303000092506409
YMR052W,YMR203W,0,-6.538897,0.1162734404206276,0.9610000252723694,0.730400025844574
YML049C,YPR182W,1,-6.5391116,0.11638035625219345,0.9620000123977661,0.730400025844574
YGL084C,YOL113W,0,-6.540246,0.11636627465486526,0.9620000123977661,0.7304999828338623
YGR227W,YDR122W,0,-6.54172,0.11635220050811768,0.9620000123977661,0.7305999994277954
YJL010C,YPR165W,0,-6.5425406,0.11633813381195068,0.9620000123977661,0.7307000160217285
YLL026W,YPL153C,0,-6.5425997,0.1163240596652031,0.9620000123977661,0.7307999730110168
YDL232W,YGL006W,0,-6.5426626,0.1163100004196167,0.9620000123977661,0.73089998960495
YNL274C,YGR222W,0,-6.543068,0.1162959411740303,0.9620000123977661,0.7310000061988831
YBL098W,YJR091C,0,-6.5439434,0.11628188192844391,0.9620000123977661,0.7311000227928162
YDR480W,YDR009W,0,-6.543988,0.11626783013343811,0.9620000123977661,0.7311999797821045
YOR260W,YPL106C,0,-6.544502,0.11625377833843231,0.9620000123977661,0.7312999963760376
YPL153C,YJL052W,0,-6.5446978,0.11623972654342651,0.9620000123977661,0.7314000129699707
YGL256W,YGL062W,0,-6.5450406,0.11622568219900131,0.9620000123977661,0.7315000295639038
YNL039W,YKL029C,0,-6.545118,0.11621164530515671,0.9620000123977661,0.7315999865531921
YMR052W,YGR010W,0,-6.545349,0.1161976084113121,0.9620000123977661,0.7317000031471252
YCL027W,YPR138C,0,-6.545925,0.1161835715174675,0.9620000123977661,0.7318000197410583
YBR129C,YOL020W,0,-6.5459585,0.11616954207420349,0.9620000123977661,0.7318999767303467
YOR180C,YGL192W,0,-6.5467787,0.11615552008152008,0.9620000123977661,0.7319999933242798
YJL034W,YDL042C,0,-6.547075,0.11614149808883667,0.9620000123977661,0.7321000099182129
YPL235W,YLR034C,0,-6.547122,0.11612747609615326,0.9620000123977661,0.732200026512146
YPL248C,YBR049C,0,-6.5479617,0.11611346155405045,0.9620000123977661,0.7322999835014343
YNL274C,YLR059C,0,-6.548442,0.11609944701194763,0.9620000123977661,0.7324000000953674
YGL105W,YMR142C,0,-6.5491753,0.11608543246984482,0.9620000123977661,0.7325000166893005
YDR456W,YNL302C,0,-6.5493927,0.1160714253783226,0.9620000123977661,0.7325999736785889
YNR054C,YLR417W,0,-6.550207,0.11605742573738098,0.9620000123977661,0.732699990272522
YNL339C,YML131W,0,-6.5505185,0.11604342609643936,0.9620000123977661,0.7328000068664551
YCL026C-A,YBR295W,0,-6.551077,0.11602942645549774,0.9620000123977661,0.7329000234603882
YNL148C,YGL006W,0,-6.5514565,0.11601543426513672,0.9620000123977661,0.7329999804496765
YOR210W,YLR166C,0,-6.5517354,0.11600144952535629,0.9620000123977661,0.7330999970436096
YJL165C,YBR267W,0,-6.5521483,0.11598745733499527,0.9620000123977661,0.7332000136375427
YHR061C,YDR451C,0,-6.5526595,0.11597348004579544,0.9620000123977661,0.733299970626831
YNL027W,YDL083C,0,-6.552698,0.11595949530601501,0.9620000123977661,0.7333999872207642
YPL248C,YIL118W,0,-6.5531282,0.11594552546739578,0.9620000123977661,0.7335000038146973
YDR116C,YJL072C,0,-6.5535784,0.11593154817819595,0.9620000123977661,0.7336000204086304
YFR053C,YNL032W,0,-6.554344,0.11591757833957672,0.9620000123977661,0.7336999773979187
YJL111W,YPL269W,0,-6.5545816,0.11590361595153809,0.9620000123977661,0.7337999939918518
YDL019C,YMR183C,0,-6.5550947,0.11588965356349945,0.9620000123977661,0.7339000105857849
YBR039W,YJL128C,0,-6.555146,0.11587569117546082,0.9620000123977661,0.734000027179718
YBR164C,YDL126C,0,-6.5554094,0.11586173623800278,0.9620000123977661,0.7340999841690063
YML123C,YHR167W,0,-6.5559063,0.11584778130054474,0.9620000123977661,0.7342000007629395
YNR075W,YDR432W,0,-6.5562944,0.1158338338136673,0.9620000123977661,0.7343000173568726
YIL119C,YHR200W,0,-6.5567694,0.11581988632678986,0.9620000123977661,0.7343999743461609
YOL031C,YFL008W,0,-6.5568676,0.11580594629049301,0.9620000123977661,0.734499990940094
YGL195W,YNL307C,0,-6.5572534,0.11579200625419617,0.9620000123977661,0.7346000075340271
YOR099W,YMR109W,0,-6.55797,0.11577807366847992,0.9620000123977661,0.7347000241279602
YNL074C,YIL063C,0,-6.558079,0.11576414108276367,0.9620000123977661,0.7347999811172485
YER032W,YLR116W,1,-6.558661,0.11587053537368774,0.9629999995231628,0.7347999811172485
YOR239W,YNL327W,0,-6.558668,0.1158565953373909,0.9629999995231628,0.7348999977111816
YBR258C,YCR053W,0,-6.5595446,0.11584265530109406,0.9629999995231628,0.7350000143051147
YMR119W,YMR076C,0,-6.5595703,0.11582872271537781,0.9629999995231628,0.7350999712944031
YNL008C,YGR158C,0,-6.5596447,0.11581479012966156,0.9629999995231628,0.7351999878883362
YNL230C,YDL135C,0,-6.559676,0.11580086499452591,0.9629999995231628,0.7353000044822693
YLL019C,YBL033C,0,-6.56012,0.11578693985939026,0.9629999995231628,0.7354000210762024
YML047C,YOR149C,0,-6.560356,0.1157730221748352,0.9629999995231628,0.7354999780654907
YIL070C,YDR432W,0,-6.560428,0.11575910449028015,0.9629999995231628,0.7355999946594238
YOL156W,YKR008W,0,-6.5617895,0.1157451942563057,0.9629999995231628,0.7357000112533569
YOR039W,YIL022W,0,-6.5619254,0.11573128402233124,0.9629999995231628,0.73580002784729
YFL016C,YBR129C,0,-6.5624347,0.11571737378835678,0.9629999995231628,0.7358999848365784
YPR094W,YGL030W,1,-6.563035,0.11582361906766891,0.9639999866485596,0.7358999848365784
YBR039W,YPL269W,0,-6.564814,0.11580970883369446,0.9639999866485596,0.7360000014305115
YMR076C,YOL127W,0,-6.5651584,0.11579579859972,0.9639999866485596,0.7361000180244446
YNL129W,YLR010C,0,-6.5651627,0.11578188836574554,0.9639999866485596,0.7361999750137329
YOL126C,YLR007W,0,-6.566627,0.11576798558235168,0.9639999866485596,0.736299991607666
YDR046C,YJR086W,0,-6.566712,0.11575408279895782,0.9639999866485596,0.7364000082015991
YDL150W,YIL123W,0,-6.5689325,0.11574018746614456,0.9639999866485596,0.7365000247955322
YDL029W,YPL211W,0,-6.5698795,0.1157262921333313,0.9639999866485596,0.7365999817848206
YPL018W,YDR189W,0,-6.569998,0.11571239680051804,0.9639999866485596,0.7366999983787537
YER167W,YNL328C,0,-6.5701475,0.11569850891828537,0.9639999866485596,0.7368000149726868
YDL175C,YNL280C,0,-6.570343,0.1156846284866333,0.9639999866485596,0.7368999719619751
YOR377W,YJR145C,0,-6.570394,0.11567074805498123,0.9639999866485596,0.7369999885559082
YBR201W,YPL190C,0,-6.5714884,0.11565686762332916,0.9639999866485596,0.7371000051498413
YDR318W,YBR162C,0,-6.5723696,0.11564299464225769,0.9639999866485596,0.7372000217437744
YCR044C,YEL060C,0,-6.5723724,0.11562912166118622,0.9639999866485596,0.7372999787330627
YAL007C,YJL145W,0,-6.5727696,0.11561525613069534,0.9639999866485596,0.7373999953269958
YDL079C,YIL056W,0,-6.5729413,0.11560139060020447,0.9639999866485596,0.737500011920929
YMR225C,YEL041W,0,-6.57302,0.11558753252029419,0.9639999866485596,0.7376000285148621
YPL171C,YJL129C,0,-6.57341,0.11557367444038391,0.9639999866485596,0.7376999855041504
YOR039W,YNL280C,0,-6.5741386,0.11555981636047363,0.9639999866485596,0.7378000020980835
YDL029W,YBR177C,0,-6.5742283,0.11554596573114395,0.9639999866485596,0.7379000186920166
YBR010W,YNL131W,0,-6.5742908,0.11553212255239487,0.9639999866485596,0.7379999756813049
YJL076W,YDR083W,0,-6.5746126,0.11551827192306519,0.9639999866485596,0.738099992275238
YBR038W,YHR005C,0,-6.5746193,0.1155044361948967,0.9639999866485596,0.7382000088691711
YNL262W,YOL127W,0,-6.574916,0.11549059301614761,0.9639999866485596,0.7383000254631042
YOR180C,YDR309C,0,-6.57507,0.11547675728797913,0.9639999866485596,0.7383999824523926
YOL164W,YBR105C,0,-6.5754795,0.11546292901039124,0.9639999866485596,0.7384999990463257
YPL269W,YBR283C,0,-6.575494,0.11544910073280334,0.9639999866485596,0.7386000156402588
YNR010W,YFL016C,0,-6.5755167,0.11543527990579605,0.9639999866485596,0.7386999726295471
YPL190C,YDL014W,0,-6.575969,0.11542145907878876,0.9639999866485596,0.7387999892234802
YML058W-A,YDR076W,0,-6.5766573,0.11540763825178146,0.9639999866485596,0.7389000058174133
YMR224C,YGR014W,0,-6.5771713,0.11539382487535477,0.9639999866485596,0.7390000224113464
YLR192C,YFR030W,0,-6.577446,0.11538001149892807,0.9639999866485596,0.7390999794006348
YGR230W,YJL154C,0,-6.5777607,0.11536620557308197,0.9639999866485596,0.7391999959945679
YMR150C,YOR346W,0,-6.5783157,0.11535239964723587,0.9639999866485596,0.739300012588501
YDR214W,YPL091W,0,-6.5800695,0.11533860117197037,0.9639999866485596,0.7394000291824341
YHR158C,YOL126C,0,-6.5802355,0.11532480269670486,0.9639999866485596,0.7394999861717224
YJR140C,YNL241C,0,-6.580698,0.11531100422143936,0.9639999866485596,0.7396000027656555
YLR304C,YCR053W,0,-6.583067,0.11529721319675446,0.9639999866485596,0.7397000193595886
YPL253C,YGR054W,0,-6.5834036,0.11528342217206955,0.9639999866485596,0.739799976348877
YNL014W,YOL038W,0,-6.5842524,0.11526963859796524,0.9639999866485596,0.7398999929428101
YDR308C,YBR127C,0,-6.5847435,0.11525585502386093,0.9639999866485596,0.7400000095367432
YOL164W,YLR394W,0,-6.5849714,0.11524207890033722,0.9639999866485596,0.7401000261306763
YIL034C,YIR022W,0,-6.585573,0.11522830277681351,0.9639999866485596,0.7401999831199646
YJL108C,YNL304W,0,-6.587054,0.11521453410387039,0.9639999866485596,0.7402999997138977
YMR298W,YPR018W,0,-6.587076,0.11520076543092728,0.9639999866485596,0.7404000163078308
YML012W,YEL041W,0,-6.5872965,0.11518699675798416,0.9639999866485596,0.7404999732971191
YNR054C,YMR106C,0,-6.587373,0.11517323553562164,0.9639999866485596,0.7405999898910522
YNL147W,YPR182W,1,-6.5878158,0.1152789369225502,0.9649999737739563,0.7405999898910522
YER003C,YDR393W,0,-6.588067,0.11526516824960709,0.9649999737739563,0.7407000064849854
YGR227W,YGR249W,0,-6.588212,0.11525140702724457,0.9649999737739563,0.7408000230789185
YLL026W,YHR073W,0,-6.588438,0.11523763835430145,0.9649999737739563,0.7408999800682068
YDL019C,YJL154C,0,-6.589029,0.11522387713193893,0.9649999737739563,0.7409999966621399
YPL171C,YOR210W,0,-6.590352,0.11521012336015701,0.9649999737739563,0.741100013256073
YGR284C,YFL008W,0,-6.5907917,0.11519636958837509,0.9649999737739563,0.7411999702453613
YER179W,YDL225W,0,-6.591219,0.11518262326717377,0.9649999737739563,0.7412999868392944
YMR109W,YJL026W,0,-6.5913973,0.11516887694597244,0.9649999737739563,0.7414000034332275
YGR192C,YDR451C,0,-6.5914598,0.11515513062477112,0.9649999737739563,0.7415000200271606
YLR332W,YPR155C,0,-6.5919476,0.11514139175415039,0.9649999737739563,0.741599977016449
YHR150W,YBR172C,0,-6.5922036,0.11512765288352966,0.9649999737739563,0.7416999936103821
YOR149C,YML093W,0,-6.5924716,0.11511392146348953,0.9649999737739563,0.7418000102043152
YPL060W,YER117W,0,-6.5927925,0.1151001900434494,0.9649999737739563,0.7419000267982483
YPL018W,YBR183W,0,-6.5928087,0.11508646607398987,0.9649999737739563,0.7419999837875366
YJL034W,YDL083C,0,-6.5930843,0.11507274210453033,0.9649999737739563,0.7421000003814697
YKL205W,YBL102W,0,-6.593193,0.1150590181350708,0.9649999737739563,0.7422000169754028
YJL034W,YIL123W,0,-6.594374,0.11504530161619186,0.9649999737739563,0.7422999739646912
YDR231C,YDR131C,0,-6.5950155,0.11503159254789352,0.9649999737739563,0.7423999905586243
YGL035C,YOL069W,0,-6.596448,0.11501787602901459,0.9649999737739563,0.7425000071525574
YDL045C,YKL205W,0,-6.5989075,0.11500417441129684,0.9649999737739563,0.7426000237464905
YGR155W,YBR185C,0,-6.599027,0.1149904653429985,0.9649999737739563,0.7426999807357788
YHL040C,YHR001W-A,0,-6.599201,0.11497676372528076,0.9649999737739563,0.7427999973297119
YFL008W,YMR089C,0,-6.5994787,0.11496306955814362,0.9649999737739563,0.742900013923645
YLR394W,YIR033W,0,-6.6010637,0.11494937539100647,0.9649999737739563,0.7429999709129333
YGL190C,YPL269W,0,-6.6014023,0.11493568122386932,0.9649999737739563,0.7430999875068665
YDR195W,YGL030W,1,-6.6016245,0.115041084587574,0.9660000205039978,0.7430999875068665
YJL102W,YOR160W,0,-6.6019006,0.11502739042043686,0.9660000205039978,0.7432000041007996
YAR033W,YNL061W,0,-6.602278,0.11501368880271912,0.9660000205039978,0.7433000206947327
YFL003C,YFR052W,0,-6.6023316,0.11500000208616257,0.9660000205039978,0.743399977684021
YPL202C,YFL010W-A,0,-6.602389,0.11498630791902542,0.9660000205039978,0.7434999942779541
YBR185C,YFL008W,0,-6.6028757,0.11497262865304947,0.9660000205039978,0.7436000108718872
YMR162C,YDR359C,0,-6.6037526,0.11495894193649292,0.9660000205039978,0.7437000274658203
YFR053C,YGL178W,0,-6.6045666,0.11494526267051697,0.9660000205039978,0.7437999844551086
YOL077W-A,YLR205C,0,-6.604642,0.11493159085512161,0.9660000205039978,0.7439000010490417
YHR175W,YOR386W,0,-6.6051493,0.11491791903972626,0.9660000205039978,0.7440000176429749
YPR065W,YCR102C,0,-6.605823,0.1149042472243309,0.9660000205039978,0.7440999746322632
YBR295W,YBR105C,0,-6.606243,0.11489058285951614,0.9660000205039978,0.7441999912261963
YDL126C,YCL063W,0,-6.6065874,0.11487691849470139,0.9660000205039978,0.7443000078201294
YGL084C,YPL163C,0,-6.607388,0.11486326158046722,0.9660000205039978,0.7444000244140625
YPL110C,YEL051W,0,-6.6074185,0.11484960466623306,0.9660000205039978,0.7444999814033508
YER106W,YCR083W,0,-6.607574,0.1148359477519989,0.9660000205039978,0.7445999979972839
YNR006W,YHR138C,0,-6.608711,0.11482229828834534,0.9660000205039978,0.744700014591217
YBR087W,YBL033C,0,-6.6090994,0.11480864882469177,0.9660000205039978,0.7447999715805054
YDR481C,YBR087W,0,-6.609578,0.1147950068116188,0.9660000205039978,0.7448999881744385
YLR193C,YCL063W,0,-6.609662,0.11478137224912643,0.9660000205039978,0.7450000047683716
YIL070C,YOR103C,0,-6.6098804,0.11476773023605347,0.9660000205039978,0.7451000213623047
YKL005C,YLL061W,0,-6.610125,0.1147540956735611,0.9660000205039978,0.745199978351593
YDL138W,YKR059W,0,-6.6104937,0.11474046856164932,0.9660000205039978,0.7452999949455261
YDL045C,YNL127W,0,-6.6106596,0.11472684144973755,0.9660000205039978,0.7454000115394592
YKL150W,YGL219C,0,-6.611626,0.11471321433782578,0.9660000205039978,0.7455000281333923
YOR180C,YER070W,0,-6.611644,0.1146995946764946,0.9660000205039978,0.7455999851226807
YOR037W,YJL025W,0,-6.6121373,0.11468598246574402,0.9660000205039978,0.7457000017166138
YMR201C,YIR022W,0,-6.6128254,0.11467236280441284,0.9660000205039978,0.7458000183105469
YGR088W,YMR052W,0,-6.613246,0.11465875059366226,0.9660000205039978,0.7458999752998352
YGL035C,YOL117W,0,-6.613258,0.11464514583349228,0.9660000205039978,0.7459999918937683
YCR038C,YJL145W,0,-6.6135263,0.1146315410733223,0.9660000205039978,0.7461000084877014
YHR116W,YFR052W,0,-6.613633,0.11461794376373291,0.9660000205039978,0.7462000250816345
YIL120W,YHR012W,0,-6.6143064,0.11460433900356293,0.9660000205039978,0.7462999820709229
YBR066C,YLR007W,0,-6.614946,0.11459074914455414,0.9660000205039978,0.746399998664856
YBL098W,YJR076C,0,-6.6150455,0.11457715928554535,0.9660000205039978,0.7465000152587891
YBR234C,YPL210C,0,-6.6151257,0.11456356942653656,0.9660000205039978,0.7465999722480774
YHR005C,YDR276C,0,-6.615465,0.11454997956752777,0.9660000205039978,0.7466999888420105
YMR079W,YDR325W,0,-6.616417,0.11453639715909958,0.9660000205039978,0.7468000054359436
YMR298W,YKR055W,0,-6.617275,0.11452282220125198,0.9660000205039978,0.7469000220298767
YJR139C,YOR340C,0,-6.617317,0.11450924724340439,0.9660000205039978,0.746999979019165
YGR155W,YNL328C,0,-6.618164,0.1144956722855568,0.9660000205039978,0.7470999956130981
YPL100W,YJL214W,0,-6.6189632,0.1144821047782898,0.9660000205039978,0.7472000122070312
YPR052C,YDL042C,0,-6.6193733,0.1144685372710228,0.9660000205039978,0.7473000288009644
YBR234C,YNL327W,0,-6.6203947,0.1144549772143364,0.9660000205039978,0.7473999857902527
YPL242C,YGL143C,0,-6.620804,0.11444141715765,0.9660000205039978,0.7475000023841858
YER003C,YOR217W,0,-6.621191,0.11442785710096359,0.9660000205039978,0.7476000189781189
YML080W,YMR197C,0,-6.6216583,0.11441430449485779,0.9660000205039978,0.7476999759674072
YNL030W,YHR039C,0,-6.621869,0.11440075933933258,0.9660000205039978,0.7477999925613403
YGL008C,YLL056C,0,-6.6223555,0.11438721418380737,0.9660000205039978,0.7479000091552734
YDR298C,YNL014W,0,-6.6233215,0.11437366902828217,0.9660000205039978,0.7480000257492065
YGR249W,YJR045C,0,-6.623407,0.11436013132333755,0.9660000205039978,0.7480999827384949
YHR150W,YOR272W,0,-6.623717,0.11434659361839294,0.9660000205039978,0.748199999332428
YPL018W,YDR337W,0,-6.6238346,0.11433305591344833,0.9660000205039978,0.7483000159263611
YKR002W,YPR182W,1,-6.6238804,0.11443787068128586,0.9670000076293945,0.7483000159263611
YOR254C,YKL080W,0,-6.62414,0.11442432552576065,0.9670000076293945,0.7483999729156494
YGL065C,YOR180C,0,-6.62442,0.11441078782081604,0.9670000076293945,0.7484999895095825
YKL191W,YOL039W,0,-6.62456,0.11439725756645203,0.9670000076293945,0.7486000061035156
YKL011C,YGR181W,0,-6.6246715,0.11438372731208801,0.9670000076293945,0.7487000226974487
YNL210W,YAL032C,1,-6.6250906,0.11448846757411957,0.9679999947547913,0.7487000226974487
YKL011C,YKL150W,0,-6.6254425,0.11447492986917496,0.9679999947547913,0.7487999796867371
YPL265W,YDR359C,0,-6.625985,0.11446139216423035,0.9679999947547913,0.7488999962806702
YNL327W,YIR018W,0,-6.626257,0.11444786190986633,0.9679999947547913,0.7490000128746033
YJL165C,YER031C,0,-6.6264734,0.11443433165550232,0.9679999947547913,0.7491000294685364
YCL027W,YDR453C,0,-6.6277657,0.1144208014011383,0.9679999947547913,0.7491999864578247
YDR481C,YER075C,0,-6.628434,0.11440727859735489,0.9679999947547913,0.7493000030517578
YDR076W,YLR059C,0,-6.6287136,0.11439376324415207,0.9679999947547913,0.7494000196456909
YNL061W,YNL129W,0,-6.6288643,0.11438024044036865,0.9679999947547913,0.7494999766349792
YDR480W,YJL145W,0,-6.6304107,0.11436673253774643,0.9679999947547913,0.7495999932289124
YMR109W,YJL108C,0,-6.630659,0.11435321718454361,0.9679999947547913,0.7497000098228455
YNR002C,YLR205C,0,-6.6316423,0.11433970928192139,0.9679999947547913,0.7498000264167786
YPR200C,YML129C,0,-6.6320033,0.11432620882987976,0.9679999947547913,0.7498999834060669
YMR069W,YGR222W,0,-6.632457,0.11431270837783813,0.9679999947547913,0.75
YHR171W,YNL068C,0,-6.6327224,0.11429920792579651,0.9679999947547913,0.7501000165939331
YML114C,YCR061W,0,-6.632943,0.11428571492433548,0.9679999947547913,0.7501999735832214
YMR092C,YGL105W,0,-6.633268,0.11427222192287445,0.9679999947547913,0.7502999901771545
YML058W-A,YJL145W,0,-6.6333475,0.11425873637199402,0.9679999947547913,0.7504000067710876
YAL054C,YER089C,0,-6.633824,0.11424525082111359,0.9679999947547913,0.7505000233650208
YNL030W,YBR087W,0,-6.6352043,0.11423176527023315,0.9679999947547913,0.7505999803543091
YGL190C,YPR065W,0,-6.635252,0.11421828716993332,0.9679999947547913,0.7506999969482422
YHR171W,YDR116C,0,-6.6352777,0.11420481652021408,0.9679999947547913,0.7508000135421753
YLR319C,YER070W,0,-6.6353254,0.11419133841991425,0.9679999947547913,0.7508999705314636
YDR142C,YDL230W,0,-6.6353254,0.1141778752207756,0.9679999947547913,0.7509999871253967
YKL160W,YCL027W,0,-6.6353893,0.11416440457105637,0.9679999947547913,0.7511000037193298
YKR095W,YGL006W,0,-6.6356955,0.11415094137191772,0.9679999947547913,0.7512000203132629
YJL006C,YBL033C,0,-6.6361012,0.11413748562335968,0.9679999947547913,0.7512999773025513
YMR092C,YPR095C,0,-6.636282,0.11412402987480164,0.9679999947547913,0.7513999938964844
YBR132C,YDR331W,0,-6.6364293,0.11411057412624359,0.9679999947547913,0.7515000104904175
YJR074W,YMR175W,0,-6.637212,0.11409712582826614,0.9679999947547913,0.7516000270843506
YHR019C,YPR086W,0,-6.637325,0.1140836775302887,0.9679999947547913,0.7516999840736389
YIL034C,YBR087W,0,-6.637624,0.11407023668289185,0.9679999947547913,0.751800000667572
YHR175W,YBL016W,0,-6.6391115,0.114056795835495,0.9679999947547913,0.7519000172615051
YDR214W,YGL013C,0,-6.6398764,0.11404335498809814,0.9679999947547913,0.7519999742507935
YDL181W,YER075C,0,-6.6409693,0.11402992159128189,0.9679999947547913,0.7520999908447266
YDL029W,YOR260W,0,-6.6415606,0.11401648819446564,0.9679999947547913,0.7522000074386597
YNL270C,YER075C,0,-6.6419973,0.11400306224822998,0.9679999947547913,0.7523000240325928
YER073W,YNL044W,0,-6.6420503,0.11398963630199432,0.9679999947547913,0.7523999810218811
YPL269W,YGR249W,0,-6.6423445,0.11397621780633926,0.9679999947547913,0.7524999976158142
YFL016C,YDR276C,0,-6.642367,0.1139627993106842,0.9679999947547913,0.7526000142097473
YDL029W,YLR417W,0,-6.643008,0.11394938081502914,0.9679999947547913,0.7526999711990356
YBR039W,YNL328C,0,-6.6441493,0.11393596976995468,0.9679999947547913,0.7527999877929688
YMR214W,YBR105C,0,-6.6443844,0.11392255872488022,0.9679999947547913,0.7529000043869019
YNL148C,YFL013C,0,-6.646024,0.11390915513038635,0.9679999947547913,0.753000020980835
YKL011C,YMR089C,0,-6.6463757,0.11389575153589249,0.9679999947547913,0.7530999779701233
YBR068C,YML032C,0,-6.646385,0.11388235539197922,0.9679999947547913,0.7531999945640564
YEL037C,YJL052W,0,-6.6469135,0.11386895924806595,0.9679999947547913,0.7533000111579895
YKR095W,YER070W,0,-6.6476145,0.11385556310415268,0.9679999947547913,0.7534000277519226
YNL230C,YML062C,0,-6.6476474,0.11384217441082001,0.9679999947547913,0.7534999847412109
YER073W,YDR337W,0,-6.648116,0.11382878571748734,0.9679999947547913,0.753600001335144
YHR160C,YML047C,0,-6.6485176,0.11381540447473526,0.9679999947547913,0.7537000179290771
YLR332W,YOL039W,0,-6.648776,0.11380202323198318,0.9679999947547913,0.7537999749183655
YDR214W,YBR172C,0,-6.649867,0.11378864198923111,0.9679999947547913,0.7538999915122986
YDR046C,YBL033C,0,-6.6504674,0.11377526819705963,0.9679999947547913,0.7540000081062317
YJL194W,YGR063C,0,-6.6511374,0.11376190185546875,0.9679999947547913,0.7541000247001648
YKL205W,YMR109W,0,-6.651434,0.11374852806329727,0.9679999947547913,0.7541999816894531
YDR046C,YGR033C,0,-6.6515675,0.11373516917228699,0.9679999947547913,0.7542999982833862
YGR158C,YPR165W,0,-6.6521297,0.1137218028306961,0.9679999947547913,0.7544000148773193
YKL021C,YDR086C,0,-6.6524973,0.11370844393968582,0.9679999947547913,0.7544999718666077
YGR158C,YNL131W,0,-6.6529946,0.11369509249925613,0.9679999947547913,0.7545999884605408
YOR377W,YMR201C,0,-6.653,0.11368174105882645,0.9679999947547913,0.7547000050544739
YHR042W,YIL022W,0,-6.653021,0.11366838961839676,0.9679999947547913,0.754800021648407
YFL036W,YNL241C,0,-6.6536674,0.11365504562854767,0.9679999947547913,0.7548999786376953
YFL009W,YOL127W,0,-6.654471,0.11364170163869858,0.9679999947547913,0.7549999952316284
YOR079C,YMR232W,0,-6.6546555,0.11362835764884949,0.9679999947547913,0.7551000118255615
YNL118C,YHR001W-A,0,-6.6549215,0.113615021109581,0.9679999947547913,0.7552000284194946
YOR209C,YBR050C,0,-6.6561384,0.1136016920208931,0.9679999947547913,0.755299985408783
YOR254C,YIL123W,0,-6.656431,0.1135883629322052,0.9679999947547913,0.7554000020027161
YNL020C,YIR041W,0,-6.6569724,0.1135750338435173,0.9679999947547913,0.7555000185966492
YOR031W,YBR087W,0,-6.657236,0.1135617047548294,0.9679999947547913,0.7555999755859375
YPR200C,YOL117W,0,-6.657251,0.1135483905673027,0.9679999947547913,0.7556999921798706
YBR278W,YFL008W,0,-6.657649,0.1135350689291954,0.9679999947547913,0.7558000087738037
YGR249W,YPL239W,0,-6.6578465,0.1135217547416687,0.9679999947547913,0.7559000253677368
YML058W-A,YOR340C,0,-6.658416,0.113508440554142,0.9679999947547913,0.7559999823570251
YOR239W,YNL061W,0,-6.6594143,0.11349513381719589,0.9679999947547913,0.7560999989509583
YGL053W,YBR283C,0,-6.6595287,0.11348182708024979,0.9679999947547913,0.7562000155448914
YOL108C,YNL312W,0,-6.6602383,0.11346852779388428,0.9679999947547913,0.7562999725341797
YMR021C,YBR037C,0,-6.6609807,0.11345522850751877,0.9679999947547913,0.7563999891281128
YDR087C,YNL304W,0,-6.6617446,0.11344192922115326,0.9679999947547913,0.7565000057220459
YJR092W,YBR185C,0,-6.6623383,0.11342863738536835,0.9679999947547913,0.756600022315979
YMR069W,YPL171C,0,-6.662467,0.11341534554958344,0.9679999947547913,0.7566999793052673
YOR099W,YFR031C,0,-6.6632485,0.11340206116437912,0.9679999947547913,0.7567999958992004
YGR258C,YGL229C,0,-6.664063,0.1133887767791748,0.9679999947547913,0.7569000124931335
YKL055C,YOL117W,0,-6.664384,0.11337549984455109,0.9679999947547913,0.7570000290870667
YJL165C,YPL043W,0,-6.6646376,0.11336222290992737,0.9679999947547913,0.757099986076355
YGL171W,YPL258C,0,-6.6656723,0.11334894597530365,0.9679999947547913,0.7572000026702881
YMR069W,YOR386W,0,-6.665928,0.11333567649126053,0.9679999947547913,0.7573000192642212
YBL098W,YAR033W,0,-6.666561,0.11332240700721741,0.9679999947547913,0.7573999762535095
YGR284C,YOR171C,0,-6.6666403,0.11330914497375488,0.9679999947547913,0.7574999928474426
YCL014W,YOL127W,0,-6.667017,0.11329588294029236,0.9679999947547913,0.7576000094413757
YGL037C,YPR036W,0,-6.6671014,0.11328262090682983,0.9679999947547913,0.7577000260353088
YPL248C,YPL010W,0,-6.6673403,0.1132693663239479,0.9679999947547913,0.7577999830245972
YPR020W,YGL151W,0,-6.667864,0.11325611174106598,0.9679999947547913,0.7578999996185303
YOL164W,YDR191W,0,-6.669903,0.11324286460876465,0.9679999947547913,0.7580000162124634
YKL055C,YDL135C,0,-6.6699657,0.11322961747646332,0.9679999947547913,0.7580999732017517
YMR184W,YGR284C,0,-6.670179,0.11321637779474258,0.9679999947547913,0.7581999897956848
YFL023W,YOR180C,0,-6.670308,0.11320313066244125,0.9679999947547913,0.7583000063896179
YCL026C-A,YBL016W,0,-6.6706376,0.11318989843130112,0.9679999947547913,0.758400022983551
YBR132C,YMR183C,0,-6.6711006,0.11317666620016098,0.9679999947547913,0.7584999799728394
YLR332W,YLR219W,0,-6.6713595,0.11316343396902084,0.9679999947547913,0.7585999965667725
YOL013C,YNL241C,0,-6.6730986,0.1131502017378807,0.9679999947547913,0.7587000131607056
YDR273W,YDR309C,0,-6.673341,0.11313697695732117,0.9679999947547913,0.7588000297546387
YNL268W,YJL145W,0,-6.67346,0.11312375962734222,0.9679999947547913,0.758899986743927
YHR012W,YDR341C,0,-6.6737766,0.11311054229736328,0.9679999947547913,0.7590000033378601
YGR262C,YOR349W,0,-6.674344,0.11309732496738434,0.9679999947547913,0.7591000199317932
YNR002C,YER075C,0,-6.6744003,0.11308411508798599,0.9679999947547913,0.7591999769210815
YGL008C,YML015C,0,-6.674909,0.11307090520858765,0.9679999947547913,0.7592999935150146
YML120C,YJL108C,0,-6.675035,0.1130576953291893,0.9679999947547913,0.7594000101089478
YBR267W,YBL050W,0,-6.6756716,0.11304449290037155,0.9679999947547913,0.7595000267028809
YPL265W,YPL258C,0,-6.6758657,0.1130312904715538,0.9679999947547913,0.7595999836921692
YLR205C,YJR045C,0,-6.6760206,0.11301809549331665,0.9679999947547913,0.7597000002861023
YLR133W,YGL011C,0,-6.676123,0.1130049005150795,0.9679999947547913,0.7598000168800354
YPL265W,YOL038W,0,-6.676634,0.11299171298742294,0.9679999947547913,0.7598999738693237
YDR076W,YHR181W,0,-6.6773915,0.11297852545976639,0.9679999947547913,0.7599999904632568
YDR231C,YLR011W,0,-6.6786284,0.11296533793210983,0.9679999947547913,0.7601000070571899
YHR171W,YML047C,0,-6.680021,0.11295215785503387,0.9679999947547913,0.760200023651123
YER088C,YEL004W,0,-6.680075,0.11293897777795792,0.9679999947547913,0.7602999806404114
YJR092W,YNL061W,0,-6.680195,0.11292580515146255,0.9679999947547913,0.7603999972343445
YJR076C,YOR087W,0,-6.680384,0.1129126325249672,0.9679999947547913,0.7605000138282776
YOR034C,YNL312W,0,-6.6810575,0.11289945989847183,0.9679999947547913,0.7605999708175659
YBR059C,YLR240W,0,-6.681181,0.11288629472255707,0.9679999947547913,0.760699987411499
YPL190C,YDR087C,0,-6.6832314,0.1128731369972229,0.9679999947547913,0.7608000040054321
YMR162C,YJL148W,0,-6.683537,0.11285997182130814,0.9679999947547913,0.7609000205993652
YML073C,YOR179C,0,-6.683797,0.11284681409597397,0.9679999947547913,0.7609999775886536
YDL087C,YOR159C,1,-6.6840715,0.11295022815465927,0.968999981880188,0.7609999775886536
YER169W,YPL239W,0,-6.684155,0.1129370629787445,0.968999981880188,0.7610999941825867
YPR095C,YOL020W,0,-6.6849136,0.11292390525341034,0.968999981880188,0.7612000107765198
YOR005C,YPR036W,0,-6.685407,0.11291074007749557,0.968999981880188,0.7613000273704529
YOR241W,YBR037C,0,-6.6865344,0.112897589802742,0.968999981880188,0.7613999843597412
YJR091C,YEL051W,0,-6.6865892,0.11288443952798843,0.968999981880188,0.7615000009536743
YOR230W,YER031C,0,-6.6871266,0.11287128925323486,0.968999981880188,0.7616000175476074
YOR144C,YNL154C,0,-6.6875286,0.11285813897848129,0.968999981880188,0.7616999745368958
YIL002C,YIL123W,0,-6.687773,0.11284499615430832,0.968999981880188,0.7617999911308289
YLR205C,YGR063C,0,-6.687914,0.11283186078071594,0.968999981880188,0.761900007724762
YER019W,YAL016W,0,-6.6880436,0.11281871795654297,0.968999981880188,0.7620000243186951
YPR134W,YMR142C,0,-6.6883745,0.11280559003353119,0.968999981880188,0.7620999813079834
YDR423C,YDR202C,0,-6.6889267,0.11279245465993881,0.968999981880188,0.7621999979019165
YDR021W,YMR089C,0,-6.6891136,0.11277932673692703,0.968999981880188,0.7623000144958496
YLR008C,YDL140C,0,-6.689353,0.11276620626449585,0.968999981880188,0.7623999714851379
YHR171W,YFR053C,0,-6.6897206,0.11275308579206467,0.968999981880188,0.762499988079071
YGR155W,YNL262W,0,-6.6897945,0.11273996531963348,0.968999981880188,0.7626000046730042
YOR123C,YPL106C,0,-6.689887,0.1127268522977829,0.968999981880188,0.7627000212669373
YLR335W,YNL186W,0,-6.690128,0.11271373927593231,0.968999981880188,0.7627999782562256
YLR355C,YMR069W,0,-6.6910806,0.11270062625408173,0.968999981880188,0.7628999948501587
YHR193C,YDL150W,0,-6.6913443,0.11268752068281174,0.968999981880188,0.7630000114440918
YJR076C,YMR197C,0,-6.692115,0.11267441511154175,0.968999981880188,0.7631000280380249
YLL026W,YBR083W,0,-6.6922264,0.11266131699085236,0.968999981880188,0.7631999850273132
YJL208C,YJL154C,0,-6.6927447,0.11264821887016296,0.968999981880188,0.7633000016212463
YER073W,YPL242C,0,-6.6933603,0.11263512820005417,0.968999981880188,0.7634000182151794
YDR298C,YLR293C,0,-6.6937146,0.11262203752994537,0.968999981880188,0.7634999752044678
YHR169W,YOL142W,0,-6.6939297,0.11260894685983658,0.968999981880188,0.7635999917984009
YMR069W,YMR175W,0,-6.6955347,0.11259586364030838,0.968999981880188,0.763700008392334
YBR234C,YPL059W,0,-6.6958256,0.11258278042078018,0.968999981880188,0.7638000249862671
YCL025C,YBR283C,0,-6.6959395,0.11256970465183258,0.968999981880188,0.7638999819755554
YDR009W,YDL200C,0,-6.696886,0.11255662888288498,0.968999981880188,0.7639999985694885
YOR249C,YNL274C,0,-6.6969595,0.11254355311393738,0.968999981880188,0.7641000151634216
YDR046C,YLR248W,0,-6.6999607,0.11253048479557037,0.968999981880188,0.76419997215271
YGL065C,YKR066C,0,-6.701046,0.11251741647720337,0.968999981880188,0.7642999887466431
YOL164W,YKL195W,0,-6.7012844,0.11250435560941696,0.968999981880188,0.7644000053405762
YBR234C,YMR106C,0,-6.70154,0.11249129474163055,0.968999981880188,0.7645000219345093
YPL248C,YGL219C,0,-6.7020483,0.11247823387384415,0.968999981880188,0.7645999789237976
YNL220W,YML015C,0,-6.702059,0.11246518045663834,0.968999981880188,0.7646999955177307
YJL090C,YDR453C,0,-6.703448,0.11245212703943253,0.968999981880188,0.7648000121116638
YNR015W,YJR086W,0,-6.703792,0.11243908107280731,0.968999981880188,0.7649000287055969
YNR002C,YOR307C,0,-6.7039366,0.1124260351061821,0.968999981880188,0.7649999856948853
YHL036W,YOR064C,0,-6.7040534,0.11241299659013748,0.968999981880188,0.7651000022888184
YGR180C,YPL210C,0,-6.704879,0.11239995062351227,0.968999981880188,0.7652000188827515
YBR256C,YIL008W,0,-6.7049475,0.11238691955804825,0.968999981880188,0.7652999758720398
YLR133W,YOR036W,0,-6.705019,0.11237388104200363,0.968999981880188,0.7653999924659729
YJR074W,YBR049C,0,-6.707876,0.11236084997653961,0.968999981880188,0.765500009059906
YFR030W,YDR451C,0,-6.709666,0.11234782636165619,0.968999981880188,0.7656000256538391
YKL079W,YJL048C,0,-6.7114754,0.11233480274677277,0.968999981880188,0.7656999826431274
YGR192C,YHL009C,0,-6.711953,0.11232177913188934,0.968999981880188,0.7657999992370605
YJR140C,YDR122W,0,-6.712036,0.11230876296758652,0.968999981880188,0.7659000158309937
YGL256W,YDR181C,0,-6.712052,0.11229574680328369,0.968999981880188,0.765999972820282
YPR095C,YKR079C,0,-6.7121105,0.11228273808956146,0.968999981880188,0.7660999894142151
YBR267W,YJL154C,0,-6.7122455,0.11226972192525864,0.968999981880188,0.7662000060081482
YDR345C,YML073C,0,-6.712425,0.112256720662117,0.968999981880188,0.7663000226020813
YIL036W,YJR010C-A,0,-6.712441,0.11224371939897537,0.968999981880188,0.7663999795913696
YER008C,YML014W,0,-6.712801,0.11223071813583374,0.968999981880188,0.7664999961853027
YOL127W,YFR031C,0,-6.712926,0.11221771687269211,0.968999981880188,0.7666000127792358
YDR231C,YGR268C,0,-6.713097,0.11220472306013107,0.968999981880188,0.766700029373169
YHR200W,YPR086W,0,-6.7139235,0.11219173669815063,0.968999981880188,0.7667999863624573
YBR077C,YHR163W,0,-6.7140617,0.1121787428855896,0.968999981880188,0.7669000029563904
YJL026W,YPL258C,0,-6.7142286,0.11216575652360916,0.968999981880188,0.7670000195503235
YDR331W,YNL030W,0,-6.7148204,0.11215277761220932,0.968999981880188,0.7670999765396118
YBR162C,YKL166C,0,-6.715226,0.11213979870080948,0.968999981880188,0.7671999931335449
YJL034W,YHR138C,0,-6.716309,0.11212681978940964,0.968999981880188,0.767300009727478
YOL002C,YJR010C-A,0,-6.716734,0.1121138483285904,0.968999981880188,0.7674000263214111
YDL013W,YMR175W,0,-6.717034,0.11210087686777115,0.968999981880188,0.7674999833106995
YLL015W,YIL034C,0,-6.7171373,0.1120879128575325,0.968999981880188,0.7675999999046326
YNL009W,YMR298W,0,-6.7176147,0.11207494884729385,0.968999981880188,0.7677000164985657
YOR377W,YIL112W,0,-6.719084,0.1120619848370552,0.968999981880188,0.767799973487854
YKL093W,YOR179C,0,-6.719782,0.11204902827739716,0.968999981880188,0.7678999900817871
YER003C,YGL037C,0,-6.721785,0.1120360717177391,0.968999981880188,0.7680000066757202
YBR065C,YJR017C,1,-6.721916,0.11213872581720352,0.9700000286102295,0.7680000066757202
YDL230W,YAL009W,0,-6.722149,0.11212576925754547,0.9700000286102295,0.7681000232696533
YJR076C,YDR122W,0,-6.7221584,0.11211280524730682,0.9700000286102295,0.7681999802589417
YMR119W,YLR335W,0,-6.72223,0.11209984868764877,0.9700000286102295,0.7682999968528748
YDR083W,YBR083W,0,-6.722277,0.11208689957857132,0.9700000286102295,0.7684000134468079
YLR319C,YGL062W,0,-6.723117,0.11207394301891327,0.9700000286102295,0.7684999704360962
YNL136W,YML058W-A,0,-6.7232633,0.11206100136041641,0.9700000286102295,0.7685999870300293
YPL202C,YNL070W,0,-6.724153,0.11204805225133896,0.9700000286102295,0.7687000036239624
YPL101W,YMR139W,0,-6.7242303,0.1120351105928421,0.9700000286102295,0.7688000202178955
YHR160C,YIL084C,0,-6.724553,0.11202217638492584,0.9700000286102295,0.7688999772071838
YIL159W,YGR192C,0,-6.7248693,0.11200923472642899,0.9700000286102295,0.7689999938011169
YFL057C,YML015C,0,-6.7256837,0.11199630796909332,0.9700000286102295,0.76910001039505
YDR122W,YIL070C,0,-6.725717,0.11198337376117706,0.9700000286102295,0.7692000269889832
YNL220W,YNL020C,0,-6.7265368,0.1119704470038414,0.9700000286102295,0.7692999839782715
YGR230W,YJR070C,0,-6.726655,0.11195752769708633,0.9700000286102295,0.7694000005722046
YNL014W,YMR296C,0,-6.7269435,0.11194460839033127,0.9700000286102295,0.7695000171661377
YNL065W,YPR200C,0,-6.727625,0.1119316890835762,0.9700000286102295,0.769599974155426
YHR194W,YLR059C,0,-6.7285953,0.11191876977682114,0.9700000286102295,0.7696999907493591
YGR202C,YML014W,0,-6.729128,0.11190585792064667,0.9700000286102295,0.7698000073432922
YMR119W,YOL038W,0,-6.7295547,0.1118929535150528,0.9700000286102295,0.7699000239372253
YPL265W,YML014W,0,-6.7295675,0.11188004910945892,0.9700000286102295,0.7699999809265137
YGR180C,YOR272W,0,-6.730672,0.11186714470386505,0.9700000286102295,0.7700999975204468
YFR013W,YGR181W,0,-6.7309327,0.11185424029827118,0.9700000286102295,0.7702000141143799
YOL113W,YNR015W,0,-6.731221,0.1118413433432579,0.9700000286102295,0.7702999711036682
YNR002C,YCR042C,0,-6.732237,0.11182845383882523,0.9700000286102295,0.7703999876976013
YLR319C,YOR087W,0,-6.7327366,0.11181556433439255,0.9700000286102295,0.7705000042915344
YBR065C,YOR159C,1,-6.7336187,0.11191793531179428,0.9710000157356262,0.7705000042915344
YCL014W,YPL091W,0,-6.733713,0.111905038356781,0.9710000157356262,0.7706000208854675
YDL200C,YGR059W,0,-6.734771,0.11189214140176773,0.9710000157356262,0.7706999778747559
YGL053W,YDR207C,0,-6.7348723,0.11187925189733505,0.9710000157356262,0.770799994468689
YOL077W-A,YMR047C,0,-6.735387,0.11186636239290237,0.9710000157356262,0.7709000110626221
YKL220C,YML093W,0,-6.7355304,0.1118534728884697,0.9710000157356262,0.7710000276565552
YKL029C,YKL079W,0,-6.7356234,0.11184059083461761,0.9710000157356262,0.7710999846458435
YLR205C,YDR142C,0,-6.736974,0.11182770878076553,0.9710000157356262,0.7712000012397766
YNL008C,YIL053W,0,-6.7370253,0.11181483417749405,0.9710000157356262,0.7713000178337097
YML129C,YBR295W,0,-6.7372065,0.11180195957422256,0.9710000157356262,0.771399974822998
YJL207C,YNL312W,0,-6.7373476,0.11178908497095108,0.9710000157356262,0.7714999914169312
YGR063C,YAL016W,0,-6.7374144,0.11177621781826019,0.9710000157356262,0.7716000080108643
YGL195W,YPL060W,0,-6.738064,0.1117633506655693,0.9710000157356262,0.7717000246047974
YKL112W,YBR256C,0,-6.7401314,0.11175049096345901,0.9710000157356262,0.7717999815940857
YPR138C,YNL186W,0,-6.7413173,0.11173763126134872,0.9710000157356262,0.7718999981880188
YIL022W,YJR102C,0,-6.7421546,0.11172477155923843,0.9710000157356262,0.7720000147819519
YKR066C,YOR171C,0,-6.7422934,0.11171191930770874,0.9710000157356262,0.7720999717712402
YDL014W,YBR087W,0,-6.7423115,0.11169906705617905,0.9710000157356262,0.7721999883651733
YNL147W,YDL087C,1,-6.742449,0.11180124431848526,0.972000002861023,0.7721999883651733
YER179W,YFR031C,0,-6.742505,0.11178838461637497,0.972000002861023,0.7723000049591064
YKR002W,YFR005C,1,-6.743286,0.1118905246257782,0.9729999899864197,0.7723000049591064
YIL002C,YJL121C,0,-6.7436843,0.11187765747308731,0.9729999899864197,0.7724000215530396
YAL022C,YLR006C,0,-6.743744,0.11186479777097702,0.9729999899864197,0.7724999785423279
YLR293C,YGR181W,0,-6.743787,0.11185193806886673,0.9729999899864197,0.772599995136261
YOL063C,YDL003W,0,-6.7442617,0.11183907836675644,0.9729999899864197,0.7727000117301941
YBR211C,YHR061C,0,-6.744263,0.11182622611522675,0.9729999899864197,0.7728000283241272
YPL110C,YDL150W,0,-6.7460437,0.11181337386369705,0.9729999899864197,0.7728999853134155
YFL041W,YCL027W,0,-6.7466183,0.11180052906274796,0.9729999899864197,0.7730000019073486
YHR061C,YDR083W,0,-6.7470965,0.11178768426179886,0.9729999899864197,0.7731000185012817
YKR007W,YIL109C,0,-6.7472563,0.11177483946084976,0.9729999899864197,0.7731999754905701
YBR132C,YBR273C,0,-6.747957,0.11176200211048126,0.9729999899864197,0.7732999920845032
YOR210W,YOR329C,0,-6.749252,0.11174916476011276,0.9729999899864197,0.7734000086784363
YOR260W,YMR197C,0,-6.7499866,0.11173633486032486,0.9729999899864197,0.7735000252723694
YNL327W,YBR037C,0,-6.750106,0.11172350496053696,0.9729999899864197,0.7735999822616577
YLR157C,YJL214W,0,-6.750758,0.11171067506074905,0.9729999899864197,0.7736999988555908
YMR012W,YKL029C,0,-6.7507877,0.11169785261154175,0.9729999899864197,0.7738000154495239
YBR295W,YBR024W,0,-6.751019,0.11168503016233444,0.9729999899864197,0.7738999724388123
YNL061W,YBR002C,0,-6.7519207,0.11167221516370773,0.9729999899864197,0.7739999890327454
YPR155C,YJR010C-A,0,-6.7533193,0.11165940016508102,0.9729999899864197,0.7741000056266785
YIL112W,YJR074W,0,-6.753391,0.11164658516645432,0.9729999899864197,0.7742000222206116
YHR116W,YCL032W,0,-6.7544045,0.1116337776184082,0.9729999899864197,0.7742999792098999
YDR524C,YOL002C,0,-6.755692,0.11162097007036209,0.9729999899864197,0.774399995803833
YLR304C,YOR260W,0,-6.756248,0.11160816997289658,0.9729999899864197,0.7745000123977661
YHR187W,YHR042W,0,-6.75626,0.11159536987543106,0.9729999899864197,0.7746000289916992
YGL192W,YEL051W,0,-6.7570505,0.11158256977796555,0.9729999899864197,0.7746999859809875
YPL059W,YOR209C,0,-6.75723,0.11156977713108063,0.9729999899864197,0.7748000025749207
YDR021W,YKL212W,0,-6.7575636,0.11155698448419571,0.9729999899864197,0.7749000191688538
YHR116W,YDL170W,0,-6.757799,0.11154419183731079,0.9729999899864197,0.7749999761581421
YDL135C,YPR036W,0,-6.758544,0.11153140664100647,0.9729999899864197,0.7750999927520752
YHR073W,YER072W,0,-6.758699,0.11151862144470215,0.9729999899864197,0.7752000093460083
YNL065W,YML032C,0,-6.7591524,0.11150584369897842,0.9729999899864197,0.7753000259399414
YDL140C,YLL011W,0,-6.759245,0.1114930659532547,0.9729999899864197,0.7753999829292297
YIL117C,YGL011C,0,-6.7592506,0.11148029565811157,0.9729999899864197,0.7754999995231628
YGR268C,YLR346C,0,-6.7594376,0.11146752536296844,0.9729999899864197,0.775600016117096
YHR061C,YLR384C,0,-6.759971,0.11145475506782532,0.9729999899864197,0.7756999731063843
YOR239W,YLR005W,0,-6.7602224,0.11144198477268219,0.9729999899864197,0.7757999897003174
YNL110C,YIL109C,0,-6.760494,0.11142922937870026,0.9729999899864197,0.7759000062942505
YIL142W,YJR131W,0,-6.760536,0.11141646653413773,0.9729999899864197,0.7760000228881836
YHR200W,YBR273C,0,-6.761305,0.11140371114015579,0.9729999899864197,0.7760999798774719
YGR177C,YLR293C,0,-6.7614,0.11139095574617386,0.9729999899864197,0.776199996471405
YGL065C,YOL113W,0,-6.7616262,0.11137820780277252,0.9729999899864197,0.7763000130653381
YKL011C,YGL053W,0,-6.7624187,0.11136545985937119,0.9729999899864197,0.7764000296592712
YOR322C,YOR344C,0,-6.762452,0.11135271191596985,0.9729999899864197,0.7764999866485596
YDR180W,YCR084C,0,-6.763318,0.11133997142314911,0.9729999899864197,0.7766000032424927
YGR262C,YHR042W,0,-6.763961,0.11132723093032837,0.9729999899864197,0.7767000198364258
YMR298W,YLR346C,0,-6.7660275,0.11131449788808823,0.9729999899864197,0.7767999768257141
YOR144C,YDR122W,0,-6.7663136,0.11130176484584808,0.9729999899864197,0.7768999934196472
YKL093W,YER031C,0,-6.76647,0.11128903180360794,0.9729999899864197,0.7770000100135803
YOL013C,YML047C,0,-6.766474,0.1112763062119484,0.9729999899864197,0.7771000266075134
YLR384C,YOR206W,0,-6.7668586,0.11126358062028885,0.9729999899864197,0.7771999835968018
YNL327W,YOR221C,0,-6.7688165,0.1112508550286293,0.9729999899864197,0.7773000001907349
YGR227W,YBR256C,0,-6.7690372,0.11123813688755035,0.9729999899864197,0.777400016784668
YOL043C,YPR181C,0,-6.7693586,0.111225426197052,0.9729999899864197,0.7774999737739563
YDR214W,YKL122C,0,-6.7693996,0.11121270805597305,0.9729999899864197,0.7775999903678894
YOL133W,YML058W-A,0,-6.769463,0.1111999973654747,0.9729999899864197,0.7777000069618225
YDR328C,YDR131C,0,-6.770625,0.11118729412555695,0.9729999899864197,0.7778000235557556
YKL195W,YNL053W,0,-6.770895,0.11117459088563919,0.9729999899864197,0.777899980545044
YNL270C,YEL037C,0,-6.7716126,0.11116188764572144,0.9729999899864197,0.777999997138977
YER035W,YDL013W,0,-6.7734504,0.11114919185638428,0.9729999899864197,0.7781000137329102
YIL109C,YGR229C,0,-6.773549,0.11113649606704712,0.9729999899864197,0.7781999707221985
YGL062W,YCL054W,0,-6.7735615,0.11112380027770996,0.9729999899864197,0.7782999873161316
YOL133W,YJL214W,0,-6.7736006,0.1111111119389534,0.9729999899864197,0.7784000039100647
YLR205C,YPL118W,0,-6.773711,0.11109842360019684,0.9729999899864197,0.7785000205039978
YDL126C,YLR205C,0,-6.773952,0.11108574271202087,0.9729999899864197,0.7785999774932861
YFR030W,YJL048C,0,-6.774134,0.11107306182384491,0.9729999899864197,0.7786999940872192
YLR116W,YGL030W,1,-6.7744074,0.11117452383041382,0.9739999771118164,0.7786999940872192
YDL079C,YAL015C,0,-6.774722,0.11116183549165726,0.9739999771118164,0.7788000106811523
YLR394W,YCR102C,0,-6.7747507,0.1111491471529007,0.9739999771118164,0.7789000272750854
YFL010W-A,YPL082C,0,-6.775196,0.11113646626472473,0.9739999771118164,0.7789999842643738
YDL232W,YIL118W,0,-6.775567,0.11112378537654877,0.9739999771118164,0.7791000008583069
YPL248C,YKR079C,0,-6.776514,0.1111111119389534,0.9739999771118164,0.77920001745224
YDL170W,YDR451C,0,-6.776703,0.11109843850135803,0.9739999771118164,0.7792999744415283
YJL111W,YNL339C,0,-6.7775154,0.11108576506376266,0.9739999771118164,0.7793999910354614
YML092C,YBR083W,0,-6.7776155,0.1110730990767479,0.9739999771118164,0.7795000076293945
YDR231C,YDL079C,0,-6.7781982,0.11106043308973312,0.9739999771118164,0.7796000242233276
YPR025C,YNL241C,0,-6.779105,0.11104777455329895,0.9739999771118164,0.779699981212616
YLR329W,YGL171W,0,-6.779627,0.11103510856628418,0.9739999771118164,0.7797999978065491
YER106W,YKL195W,0,-6.7798038,0.1110224574804306,0.9739999771118164,0.7799000144004822
YNL014W,YGR239C,0,-6.77981,0.11100979894399643,0.9739999771118164,0.7799999713897705
YLR332W,YCR083W,0,-6.780334,0.11099714785814285,0.9739999771118164,0.7800999879837036
YKL150W,YLR425W,0,-6.7808847,0.11098450422286987,0.9739999771118164,0.7802000045776367
YBR164C,YPL106C,0,-6.7814093,0.1109718605875969,0.9739999771118164,0.7803000211715698
YER088C,YHR039C,0,-6.7814145,0.11095921695232391,0.9739999771118164,0.7803999781608582
YGR268C,YKL212W,0,-6.7816467,0.11094658076763153,0.9739999771118164,0.7804999947547913
YIL109C,YHR138C,0,-6.7820487,0.11093393713235855,0.9739999771118164,0.7806000113487244
YKL191W,YDR309C,0,-6.782202,0.11092130839824677,0.9739999771118164,0.7807000279426575
YBR129C,YDR451C,0,-6.782592,0.11090867966413498,0.9739999771118164,0.7807999849319458
YOR002W,YDR075W,0,-6.7838254,0.1108960509300232,0.9739999771118164,0.7809000015258789
YDL145C,YCL008C,0,-6.783922,0.11088342219591141,0.9739999771118164,0.781000018119812
YJR150C,YHR187W,0,-6.784003,0.11087080091238022,0.9739999771118164,0.7810999751091003
YDL003W,YPR181C,0,-6.78505,0.11085818707942963,0.9739999771118164,0.7811999917030334
YOL049W,YFL003C,0,-6.7860765,0.11084556579589844,0.9739999771118164,0.7813000082969666
YKL160W,YGR181W,0,-6.787333,0.11083295196294785,0.9739999771118164,0.7814000248908997
YIL155C,YCR061W,0,-6.787572,0.11082034558057785,0.9739999771118164,0.781499981880188
YDR087C,YAL009W,0,-6.7878,0.11080773919820786,0.9739999771118164,0.7815999984741211
YKL146W,YGL003C,0,-6.7879515,0.11079513281583786,0.9739999771118164,0.7817000150680542
YPL018W,YIL123W,0,-6.7888346,0.11078252643346786,0.9739999771118164,0.7817999720573425
YBR059C,YAL007C,0,-6.7893353,0.11076992750167847,0.9739999771118164,0.7818999886512756
YPL100W,YPR154W,0,-6.7894506,0.11075733602046967,0.9739999771118164,0.7820000052452087
YHR116W,YHR158C,0,-6.7895846,0.11074474453926086,0.9739999771118164,0.7821000218391418
YFR013W,YHR181W,0,-6.7910213,0.11073215305805206,0.9739999771118164,0.7821999788284302
YMR119W,YDR207C,0,-6.791232,0.11071956157684326,0.9739999771118164,0.7822999954223633
YNR002C,YNL026W,0,-6.7913513,0.11070697754621506,0.9739999771118164,0.7824000120162964
YGL192W,YPL010W,0,-6.792559,0.11069439351558685,0.9739999771118164,0.7825000286102295
YJR150C,YER117W,0,-6.7939854,0.11068181693553925,0.9739999771118164,0.7825999855995178
YLR304C,YAL009W,0,-6.795287,0.11066924035549164,0.9739999771118164,0.7827000021934509
YMR072W,YOR103C,0,-6.795674,0.11065667122602463,0.9739999771118164,0.782800018787384
YDR009W,YNL241C,0,-6.7961087,0.11064410209655762,0.9739999771118164,0.7828999757766724
YJL184W,YMR224C,0,-6.7961435,0.1106315329670906,0.9739999771118164,0.7829999923706055
YPR065W,YMR266W,0,-6.797038,0.1106189638376236,0.9739999771118164,0.7831000089645386
YLR259C,YNL149C,0,-6.797578,0.11060640215873718,0.9739999771118164,0.7832000255584717
YER167W,YBR256C,0,-6.797659,0.11059384793043137,0.9739999771118164,0.78329998254776
YGL084C,YNL328C,0,-6.797753,0.11058128625154495,0.9739999771118164,0.7833999991416931
YBR059C,YGL073W,0,-6.799095,0.11056873947381973,0.9739999771118164,0.7835000157356262
YOR099W,YBR127C,0,-6.799597,0.11055618524551392,0.9739999771118164,0.7835999727249146
YDL142C,YMR183C,0,-6.7999554,0.1105436384677887,0.9739999771118164,0.7836999893188477
YNL068C,YPL163C,0,-6.8010864,0.11053109169006348,0.9739999771118164,0.7838000059127808
YKL016C,YER008C,0,-6.8016615,0.11051855236291885,0.9739999771118164,0.7839000225067139
YGL004C,YNL154C,0,-6.8017063,0.11050601303577423,0.9739999771118164,0.7839999794960022
YPR154W,YGR033C,0,-6.801894,0.11049347370862961,0.9739999771118164,0.7840999960899353
YDR273W,YGL008C,0,-6.8020544,0.11048094183206558,0.9739999771118164,0.7842000126838684
YPR070W,YBR283C,0,-6.803201,0.11046840995550156,0.9739999771118164,0.7843000292778015
YPL043W,YDL140C,0,-6.8038135,0.11045588552951813,0.9739999771118164,0.7843999862670898
YFL011W,YML032C,0,-6.804615,0.1104433611035347,0.9739999771118164,0.784500002861023
YHR150W,YIL053W,0,-6.8054075,0.11043083667755127,0.9739999771118164,0.784600019454956
YJL194W,YDR174W,0,-6.806187,0.11041831970214844,0.9739999771118164,0.7846999764442444
YKL165C,YCL043C,0,-6.8061914,0.1104058027267456,0.9739999771118164,0.7847999930381775
YPL091W,YBR186W,0,-6.80665,0.11039329320192337,0.9739999771118164,0.7849000096321106
YMR150C,YCL032W,0,-6.8068213,0.11038077622652054,0.9739999771118164,0.7850000262260437
YLR248W,YKL042W,0,-6.8068748,0.1103682741522789,0.9739999771118164,0.785099983215332
YDR345C,YOL069W,0,-6.8069134,0.11035576462745667,0.9739999771118164,0.7851999998092651
YPL224C,YPL026C,0,-6.806932,0.11034326255321503,0.9739999771118164,0.7853000164031982
YLR011W,YJL121C,0,-6.807415,0.11033076792955399,0.9739999771118164,0.7853999733924866
YKL205W,YGL068W,0,-6.808387,0.11031826585531235,0.9739999771118164,0.7854999899864197
YER179W,YDL235C,0,-6.8089085,0.1103057786822319,0.9739999771118164,0.7856000065803528
YFL041W,YJL145W,0,-6.80922,0.11029328405857086,0.9739999771118164,0.7857000231742859
YKL112W,YDR388W,0,-6.809916,0.11028079688549042,0.9739999771118164,0.7857999801635742
YBR177C,YLR008C,0,-6.8101006,0.11026830971240997,0.9739999771118164,0.7858999967575073
YFL011W,YHR158C,0,-6.810914,0.11025582998991013,0.9739999771118164,0.7860000133514404
YNR002C,YDL006W,0,-6.8109236,0.11024335026741028,0.9739999771118164,0.7860999703407288
YPL268W,YLR329W,0,-6.811328,0.11023087054491043,0.9739999771118164,0.7861999869346619
YOR386W,YJR045C,0,-6.8117685,0.11021839827299118,0.9739999771118164,0.786300003528595
YPL091W,YNL009W,0,-6.811945,0.11020592600107193,0.9739999771118164,0.7864000201225281
YNR010W,YGR180C,0,-6.8126135,0.11019346117973328,0.9739999771118164,0.7864999771118164
YER142C,YCL032W,0,-6.8128595,0.11018099635839462,0.9739999771118164,0.7865999937057495
YCL055W,YDR432W,0,-6.813632,0.11016853153705597,0.9739999771118164,0.7867000102996826
YHR073W,YJL026W,0,-6.8137884,0.11015607416629791,0.9739999771118164,0.7868000268936157
YHR023W,YNL339C,0,-6.814291,0.11014361679553986,0.9739999771118164,0.786899983882904
YNL148C,YPR083W,0,-6.8145566,0.1101311594247818,0.9739999771118164,0.7870000004768372
YFR028C,YCL043C,0,-6.8150535,0.11011870950460434,0.9739999771118164,0.7871000170707703
YFL016C,YNR006W,0,-6.816104,0.11010625958442688,0.9739999771118164,0.7871999740600586
YCL026C-A,YOR210W,0,-6.8169804,0.11009381711483002,0.9739999771118164,0.7872999906539917
YBR073W,YGR180C,0,-6.8187246,0.11008137464523315,0.9739999771118164,0.7874000072479248
YOR330C,YER070W,0,-6.819356,0.11006893217563629,0.9739999771118164,0.7875000238418579
YMR076C,YNL312W,0,-6.819543,0.11005649715662003,0.9739999771118164,0.7875999808311462
YHR005C,YCR061W,0,-6.8201857,0.11004406213760376,0.9739999771118164,0.7876999974250793
YKL101W,YOL113W,0,-6.8204346,0.11003163456916809,0.9739999771118164,0.7878000140190125
YLL018C-A,YPL265W,0,-6.8212204,0.11001919955015182,0.9739999771118164,0.7878999710083008
YER073W,YDR059C,0,-6.8232574,0.11000677943229675,0.9739999771118164,0.7879999876022339
YGL247W,YML120C,0,-6.8281355,0.10999435186386108,0.9739999771118164,0.788100004196167
YGR262C,YNL009W,0,-6.8288827,0.10998193174600601,0.9739999771118164,0.7882000207901001
YAR033W,YOR098C,0,-6.8295636,0.10996951907873154,0.9739999771118164,0.7882999777793884
YBR008C,YJR145C,0,-6.8302693,0.10995709896087646,0.9739999771118164,0.7883999943733215
YLR394W,YGL226C-A,0,-6.830668,0.10994468629360199,0.9739999771118164,0.7885000109672546
YNL270C,YDR174W,0,-6.831294,0.10993228107690811,0.9739999771118164,0.7886000275611877
YOR241W,YBR273C,0,-6.831569,0.10991987586021423,0.9739999771118164,0.7886999845504761
YOR221C,YGR063C,0,-6.83166,0.10990747064352036,0.9739999771118164,0.7888000011444092
YKR038C,YER106W,0,-6.8317733,0.10989507287740707,0.9739999771118164,0.7889000177383423
YKL165C,YCR009C,0,-6.8320594,0.10988267511129379,0.9739999771118164,0.7889999747276306
YJR070C,YOR221C,0,-6.8334885,0.10987027734518051,0.9739999771118164,0.7890999913215637
YML073C,YOL122C,0,-6.8343267,0.10985788702964783,0.9739999771118164,0.7892000079154968
YOR180C,YBR050C,0,-6.83473,0.10984549671411514,0.9739999771118164,0.7893000245094299
YDL126C,YDR515W,0,-6.835478,0.10983310639858246,0.9739999771118164,0.7893999814987183
YNL027W,YPL208W,0,-6.835623,0.10982072353363037,0.9739999771118164,0.7894999980926514
YIR033W,YNL026W,0,-6.8358946,0.10980834066867828,0.9739999771118164,0.7896000146865845
YFL016C,YKR095W,0,-6.8368587,0.1097959652543068,0.9739999771118164,0.7896999716758728
YMR029C,YBL016W,0,-6.8371687,0.1097835898399353,0.9739999771118164,0.7897999882698059
YBL098W,YKR038C,0,-6.837285,0.10977121442556381,0.9739999771118164,0.789900004863739
YDR040C,YBR050C,0,-6.837599,0.10975884646177292,0.9739999771118164,0.7900000214576721
YHR174W,YLR025W,0,-6.837661,0.10974647849798203,0.9739999771118164,0.7900999784469604
YKL112W,YOL126C,0,-6.838134,0.10973411798477173,0.9739999771118164,0.7901999950408936
YIL053W,YBR273C,0,-6.838213,0.10972175002098083,0.9739999771118164,0.7903000116348267
YIL034C,YPL258C,0,-6.8384333,0.10970939695835114,0.9739999771118164,0.7904000282287598
YDL145C,YDR122W,0,-6.839532,0.10969703644514084,0.9739999771118164,0.7904999852180481
YOR002W,YDR087C,0,-6.839688,0.10968468338251114,0.9739999771118164,0.7906000018119812
YLR127C,YBR083W,0,-6.8398333,0.10967233777046204,0.9739999771118164,0.7907000184059143
YKL021C,YIL109C,0,-6.8402276,0.10965998470783234,0.9739999771118164,0.7907999753952026
YNL053W,YHR016C,0,-6.8403397,0.10964763909578323,0.9739999771118164,0.7908999919891357
YDL029W,YBR010W,0,-6.8406034,0.10963530093431473,0.9739999771118164,0.7910000085830688
YNL327W,YML093W,0,-6.8407736,0.10962296277284622,0.9739999771118164,0.791100025177002
YLR048W,YOL020W,0,-6.8409014,0.10961062461137772,0.9739999771118164,0.7911999821662903
YPL224C,YGR010W,0,-6.842422,0.10959828644990921,0.9739999771118164,0.7912999987602234
YIL053W,YLR048W,0,-6.842513,0.1095859557390213,0.9739999771118164,0.7914000153541565
YFL057C,YPL082C,0,-6.8431444,0.10957363247871399,0.9739999771118164,0.7914999723434448
YGL004C,YCR061W,0,-6.84327,0.10956130176782608,0.9739999771118164,0.7915999889373779
YNL270C,YFL016C,0,-6.8453493,0.10954897850751877,0.9739999771118164,0.791700005531311
YIL036W,YAL009W,0,-6.8453865,0.10953666269779205,0.9739999771118164,0.7918000221252441
YNL220W,YOR212W,0,-6.8475,0.10952434688806534,0.9739999771118164,0.7918999791145325
YNL262W,YMR142C,0,-6.847668,0.10951203107833862,0.9739999771118164,0.7919999957084656
YNL009W,YLR193C,0,-6.8489733,0.10949971526861191,0.9739999771118164,0.7921000123023987
YMR001C,YOL045W,0,-6.8490295,0.10948740690946579,0.9739999771118164,0.7922000288963318
YGL065C,YHR193C,0,-6.8494043,0.10947510600090027,0.9739999771118164,0.7922999858856201
YCR042C,YLR193C,0,-6.85024,0.10946279764175415,0.9739999771118164,0.7924000024795532
YJL008C,YOL013C,0,-6.8505034,0.10945049673318863,0.9739999771118164,0.7925000190734863
YNL065W,YFL016C,0,-6.850698,0.1094382032752037,0.9739999771118164,0.7925999760627747
YIL070C,YFL036W,0,-6.8517857,0.10942590981721878,0.9739999771118164,0.7926999926567078
YOR330C,YDR397C,0,-6.853291,0.10941361635923386,0.9739999771118164,0.7928000092506409
YNL307C,YER169W,0,-6.853948,0.10940132290124893,0.9739999771118164,0.792900025844574
YJR086W,YDR207C,0,-6.854411,0.1093890368938446,0.9739999771118164,0.7929999828338623
YPL110C,YNL088W,0,-6.8545294,0.10937675833702087,0.9739999771118164,0.7930999994277954
YGR010W,YJL121C,0,-6.856528,0.10936447232961655,0.9739999771118164,0.7932000160217285
YNL110C,YBR256C,0,-6.8567433,0.10935219377279282,0.9739999771118164,0.7932999730110168
YFL016C,YKR008W,0,-6.8572702,0.10933992266654968,0.9739999771118164,0.79339998960495
YGL068W,YNL131W,0,-6.858371,0.10932764410972595,0.9739999771118164,0.7935000061988831
YIL070C,YNL154C,0,-6.858614,0.10931537300348282,0.9739999771118164,0.7936000227928162
YLR293C,YOL126C,0,-6.8591833,0.10930310934782028,0.9739999771118164,0.7936999797821045
YHR005C,YKL080W,0,-6.8596563,0.10929084569215775,0.9739999771118164,0.7937999963760376
YLR081W,YDL135C,0,-6.859788,0.10927858203649521,0.9739999771118164,0.7939000129699707
YOR171C,YBR050C,0,-6.8600616,0.10926632583141327,0.9739999771118164,0.7940000295639038
YHR005C,YJR010C-A,0,-6.8602753,0.10925406962633133,0.9739999771118164,0.7940999865531921
YJR140C,YBL033C,0,-6.860304,0.10924181342124939,0.9739999771118164,0.7942000031471252
YOR005C,YER003C,0,-6.8603516,0.10922956466674805,0.9739999771118164,0.7943000197410583
YCR072C,YPR095C,0,-6.860589,0.1092173159122467,0.9739999771118164,0.7943999767303467
YJL076W,YJL121C,0,-6.8606567,0.10920506715774536,0.9739999771118164,0.7944999933242798
YMR119W,YLR219W,0,-6.8607397,0.10919282585382462,0.9739999771118164,0.7946000099182129
YJL208C,YDR451C,0,-6.861085,0.10918058454990387,0.9739999771118164,0.794700026512146
YOL126C,YDR083W,0,-6.8618584,0.10916835069656372,0.9739999771118164,0.7947999835014343
YDR180W,YLR268W,0,-6.8624425,0.10915611684322357,0.9739999771118164,0.7949000000953674
YDL117W,YIL119C,0,-6.8627005,0.10914388298988342,0.9739999771118164,0.7950000166893005
YKL150W,YGL092W,0,-6.862915,0.10913164913654327,0.9739999771118164,0.7950999736785889
YKL016C,YJL183W,0,-6.8631186,0.10911942273378372,0.9739999771118164,0.795199990272522
YIL112W,YDR328C,0,-6.863472,0.10910720378160477,0.9739999771118164,0.7953000068664551
YDR309C,YMR201C,0,-6.8635283,0.10909498482942581,0.9739999771118164,0.7954000234603882
YPL248C,YJR045C,0,-6.8638215,0.10908276587724686,0.9739999771118164,0.7954999804496765
YOR217W,YBR024W,0,-6.864103,0.1090705469250679,0.9739999771118164,0.7955999970436096
YMR232W,YCR044C,0,-6.8643603,0.10905833542346954,0.9739999771118164,0.7957000136375427
YHR175W,YAL022C,0,-6.8654184,0.10904612392187119,0.9739999771118164,0.795799970626831
YGR010W,YDR055W,0,-6.865451,0.10903391987085342,0.9739999771118164,0.7958999872207642
YOL001W,YOR254C,0,-6.8655024,0.10902171581983566,0.9739999771118164,0.7960000038146973
YDR122W,YNL044W,0,-6.865765,0.1090095117688179,0.9739999771118164,0.7961000204086304
YJL203W,YGL030W,1,-6.8661547,0.10910922288894653,0.9750000238418579,0.7961000204086304
YDL154W,YOR346W,0,-6.86681,0.10909701138734818,0.9750000238418579,0.7961999773979187
YKL055C,YPR154W,0,-6.8674774,0.10908480733633041,0.9750000238418579,0.7962999939918518
YDR086C,YLR240W,0,-6.8698473,0.10907260328531265,0.9750000238418579,0.7964000105857849
YKL146W,YNL039W,0,-6.870183,0.10906039923429489,0.9750000238418579,0.796500027179718
YGR155W,YBR240C,0,-6.872929,0.10904820263385773,0.9750000238418579,0.7965999841690063
YPR155C,YOR287C,0,-6.8745294,0.10903601348400116,0.9750000238418579,0.7967000007629395
YOR079C,YMR296C,0,-6.8755608,0.109023816883564,0.9750000238418579,0.7968000173568726
YGL226C-A,YBR162C,0,-6.8756466,0.10901162773370743,0.9750000238418579,0.7968999743461609
YER019W,YPR154W,0,-6.876331,0.10899943858385086,0.9750000238418579,0.796999990940094
YKL197C,YNL339C,0,-6.8774004,0.10898725688457489,0.9750000238418579,0.7971000075340271
YNR054C,YDR309C,0,-6.878123,0.10897507518529892,0.9750000238418579,0.7972000241279602
YDR432W,YPR002W,0,-6.8790383,0.10896289348602295,0.9750000238418579,0.7972999811172485
YFL025C,YJR045C,0,-6.8800097,0.10895071923732758,0.9750000238418579,0.7973999977111816
YML062C,YEL060C,0,-6.880052,0.1089385449886322,0.9750000238418579,0.7975000143051147
YDL135C,YNR006W,0,-6.8806148,0.10892637819051743,0.9750000238418579,0.7975999712944031
YMR079W,YNL311C,0,-6.8810887,0.10891421139240265,0.9750000238418579,0.7976999878883362
YBR127C,YKL088W,0,-6.881237,0.10890204459428787,0.9750000238418579,0.7978000044822693
YGR014W,YBL080C,0,-6.881811,0.10888988524675369,0.9750000238418579,0.7979000210762024
YPL110C,YPL163C,0,-6.8819003,0.10887771844863892,0.9750000238418579,0.7979999780654907
YIL131C,YAR033W,0,-6.8825846,0.10886556655168533,0.9750000238418579,0.7980999946594238
YMR298W,YBL033C,0,-6.8836546,0.10885340720415115,0.9750000238418579,0.7982000112533569
YBR132C,YGR230W,0,-6.8853364,0.10884126275777817,0.9750000238418579,0.79830002784729
YPL100W,YAL044C,0,-6.885643,0.10882911086082458,0.9750000238418579,0.7983999848365784
YKR002W,YGL030W,1,-6.8873754,0.10892856866121292,0.9760000109672546,0.7983999848365784
YLR157C,YPL043W,0,-6.8880258,0.10891641676425934,0.9760000109672546,0.7985000014305115
YER044C,YIR033W,0,-6.8880963,0.10890426486730576,0.9760000109672546,0.7986000180244446
YJR140C,YBR050C,0,-6.8887615,0.10889211297035217,0.9760000109672546,0.7986999750137329
YLR048W,YGR059W,0,-6.888868,0.10887996107339859,0.9760000109672546,0.798799991607666
YDR214W,YLR431C,0,-6.888896,0.1088678166270256,0.9760000109672546,0.7989000082015991
YKL146W,YPL163C,0,-6.89118,0.10885567963123322,0.9760000109672546,0.7990000247955322
YGL030W,YIL061C,1,-6.89215,0.10895505547523499,0.9769999980926514,0.7990000247955322
YNL327W,YDR460W,0,-6.8928213,0.108942911028862,0.9769999980926514,0.7990999817848206
YJR150C,YGL035C,0,-6.8933687,0.10893075913190842,0.9769999980926514,0.7991999983787537
YGR132C,YCR102C,0,-6.8937573,0.10891861468553543,0.9769999980926514,0.7993000149726868
YGR177C,YHR158C,0,-6.893778,0.10890647768974304,0.9769999980926514,0.7993999719619751
YLR059C,YIL123W,0,-6.895661,0.10889434069395065,0.9769999980926514,0.7994999885559082
YHR158C,YDR341C,0,-6.8956842,0.10888220369815826,0.9769999980926514,0.7996000051498413
YPL269W,YGR222W,0,-6.8960795,0.10887006670236588,0.9769999980926514,0.7997000217437744
YNL026W,YBR083W,0,-6.8963127,0.10885793715715408,0.9769999980926514,0.7997999787330627
YOL031C,YBR083W,0,-6.8965693,0.10884580761194229,0.9769999980926514,0.7998999953269958
YPL059W,YOL038W,0,-6.896797,0.1088336855173111,0.9769999980926514,0.800000011920929
YGR155W,YLR329W,0,-6.897509,0.1088215634226799,0.9769999980926514,0.8001000285148621
YOL130W,YMR001C,0,-6.897541,0.1088094413280487,0.9769999980926514,0.8001999855041504
YBR145W,YPR052C,0,-6.8985567,0.10879732668399811,0.9769999980926514,0.8003000020980835
YBR256C,YJL145W,0,-6.8988595,0.10878521203994751,0.9769999980926514,0.8004000186920166
YNL009W,YOL031C,0,-6.900235,0.10877310484647751,0.9769999980926514,0.8004999756813049
YHR034C,YFR052W,0,-6.9015164,0.10876099020242691,0.9769999980926514,0.800599992275238
YDR098C,YPL163C,0,-6.9033356,0.1087488904595375,0.9769999980926514,0.8007000088691711
YKL208W,YNL210W,1,-6.903371,0.10884808003902435,0.9779999852180481,0.8007000088691711
YDL230W,YMR284W,0,-6.9034996,0.10883596539497375,0.9779999852180481,0.8008000254631042
YNL008C,YKL016C,0,-6.903651,0.10882385820150375,0.9779999852180481,0.8008999824523926
YIL022W,YKL034W,0,-6.9037347,0.10881175100803375,0.9779999852180481,0.8009999990463257
YGR261C,YDR231C,0,-6.9045153,0.10879964381456375,0.9779999852180481,0.8011000156402588
YHR171W,YPR036W,0,-6.904603,0.10878754407167435,0.9779999852180481,0.8011999726295471
YKL029C,YML097C,0,-6.9048085,0.10877544432878494,0.9779999852180481,0.8012999892234802
YKL056C,YDR398W,0,-6.9056826,0.10876334458589554,0.9779999852180481,0.8014000058174133
YDR524C,YDL003W,0,-6.905937,0.10875125229358673,0.9779999852180481,0.8015000224113464
YOR377W,YNL154C,0,-6.9059978,0.10873916000127792,0.9779999852180481,0.8015999794006348
YJL214W,YOR307C,0,-6.906193,0.10872706770896912,0.9779999852180481,0.8016999959945679
YDL017W,YPR065W,0,-6.91175,0.1087149828672409,0.9779999852180481,0.801800012588501
YNR067C,YER117W,0,-6.9117584,0.1087028980255127,0.9779999852180481,0.8019000291824341
YOL164W,YMR201C,0,-6.912033,0.10869082063436508,0.9779999852180481,0.8019999861717224
YBR073W,YBR162C,0,-6.9123487,0.10867874324321747,0.9779999852180481,0.8021000027656555
YBL058W,YPL234C,0,-6.91403,0.10866666585206985,0.9779999852180481,0.8022000193595886
YKL195W,YOR209C,0,-6.9146056,0.10865459591150284,0.9779999852180481,0.802299976348877
YLL019C,YMR284W,0,-6.914834,0.10864252597093582,0.9779999852180481,0.8023999929428101
YMR250W,YKL165C,0,-6.915123,0.1086304560303688,0.9779999852180481,0.8025000095367432
YJR022W,YGL030W,1,-6.9155407,0.10872945189476013,0.9789999723434448,0.8025000095367432
YHR169W,YIL053W,0,-6.9168124,0.10871738195419312,0.9789999723434448,0.8026000261306763
YIL034C,YMR214W,0,-6.9171915,0.1087053045630455,0.9789999723434448,0.8026999831199646
YGL124C,YDR276C,0,-6.9172,0.10869324207305908,0.9789999723434448,0.8027999997138977
YLR133W,YMR073C,0,-6.917437,0.10868117213249207,0.9789999723434448,0.8029000163078308
YER044C,YBR275C,0,-6.9184675,0.10866910964250565,0.9789999723434448,0.8029999732971191
YLR425W,YNL339C,0,-6.918666,0.10865704715251923,0.9789999723434448,0.8030999898910522
YOL122C,YBR231C,0,-6.918914,0.1086449921131134,0.9789999723434448,0.8032000064849854
YPR046W,YKL056C,0,-6.9189997,0.10863293707370758,0.9789999723434448,0.8033000230789185
YOR160W,YPL163C,0,-6.9191947,0.10862088203430176,0.9789999723434448,0.8033999800682068
YBR278W,YJL052W,0,-6.920163,0.10860882699489594,0.9789999723434448,0.8034999966621399
YBR107C,YPL043W,0,-6.920686,0.1085967868566513,0.9789999723434448,0.803600013256073
YLR081W,YDR174W,0,-6.9212594,0.10858473926782608,0.9789999723434448,0.8036999702453613
YAL054C,YLR455W,0,-6.9215136,0.10857269912958145,0.9789999723434448,0.8037999868392944
YGL003C,YBR050C,0,-6.921588,0.10856065899133682,0.9789999723434448,0.8039000034332275
YPL202C,YHR174W,0,-6.9222074,0.1085486188530922,0.9789999723434448,0.8040000200271606
YBL033C,YMR197C,0,-6.925336,0.10853658616542816,0.9789999723434448,0.804099977016449
YJR091C,YKL093W,0,-6.925413,0.10852455347776413,0.9789999723434448,0.8041999936103821
YOL121C,YDR083W,0,-6.9259295,0.1085125282406807,0.9789999723434448,0.8043000102043152
YML120C,YDL058W,0,-6.9269457,0.10850049555301666,0.9789999723434448,0.8044000267982483
YKL150W,YJL121C,0,-6.927019,0.10848847776651382,0.9789999723434448,0.8044999837875366
YJR092W,YGL068W,0,-6.9276776,0.10847645252943039,0.9789999723434448,0.8046000003814697
YMR138W,YJR074W,0,-6.928077,0.10846443474292755,0.9789999723434448,0.8047000169754028
YPR001W,YDR337W,0,-6.928486,0.10845241695642471,0.9789999723434448,0.8047999739646912
YGL065C,YNL009W,0,-6.9286327,0.10844040662050247,0.9789999723434448,0.8048999905586243
YKR007W,YNL186W,0,-6.9286466,0.10842839628458023,0.9789999723434448,0.8050000071525574
YPL110C,YOR272W,0,-6.929312,0.10841639339923859,0.9789999723434448,0.8051000237464905
YMR072W,YLR048W,0,-6.929901,0.10840438306331635,0.9789999723434448,0.8051999807357788
YDL045C,YOL142W,0,-6.930049,0.1083923801779747,0.9789999723434448,0.8052999973297119
YOL133W,YPL163C,0,-6.930085,0.10838038474321365,0.9789999723434448,0.805400013923645
YGL195W,YPL210C,0,-6.9303465,0.1083683893084526,0.9789999723434448,0.8054999709129333
YDR076W,YDR363W-A,0,-6.9313436,0.10835639387369156,0.9789999723434448,0.8055999875068665
YHR169W,YHR174W,0,-6.9318266,0.10834439843893051,0.9789999723434448,0.8057000041007996
YJL194W,YOR254C,0,-6.9320292,0.10833241045475006,0.9789999723434448,0.8058000206947327
YDL181W,YBR083W,0,-6.9322534,0.10832042247056961,0.9789999723434448,0.805899977684021
YOR239W,YLR431C,0,-6.932354,0.10830844193696976,0.9789999723434448,0.8059999942779541
YNR002C,YGL084C,0,-6.9324083,0.1082964614033699,0.9789999723434448,0.8061000108718872
YFL041W,YER003C,0,-6.9326286,0.10828448086977005,0.9789999723434448,0.8062000274658203
YDR388W,YOL129W,0,-6.9329205,0.1082725077867508,0.9789999723434448,0.8062999844551086
YIL131C,YJR110W,0,-6.933605,0.10826053470373154,0.9789999723434448,0.8064000010490417
YNL274C,YFR030W,0,-6.934169,0.10824856162071228,0.9789999723434448,0.8065000176429749
YAL054C,YLR467W,0,-6.935014,0.10823659598827362,0.9789999723434448,0.8065999746322632
YER068W,YOR159C,1,-6.935264,0.10833517462015152,0.9800000190734863,0.8065999746322632
YBL033C,YMR079W,0,-6.935293,0.10832320153713226,0.9800000190734863,0.8066999912261963
YBR083W,YNL088W,0,-6.935858,0.108311228454113,0.9800000190734863,0.8068000078201294
YGL192W,YFL008W,0,-6.936116,0.10829926282167435,0.9800000190734863,0.8069000244140625
YDL135C,YER169W,0,-6.936165,0.10828728973865509,0.9800000190734863,0.8069999814033508
YJL183W,YIL119C,0,-6.937398,0.10827533155679703,0.9800000190734863,0.8070999979972839
YJL183W,YBR240C,0,-6.937826,0.10826336592435837,0.9800000190734863,0.807200014591217
YDR335W,YNL149C,0,-6.938663,0.1082514077425003,0.9800000190734863,0.8072999715805054
YDL117W,YJL026W,0,-6.938904,0.10823944956064224,0.9800000190734863,0.8073999881744385
YPL268W,YJL121C,0,-6.939073,0.10822749882936478,0.9800000190734863,0.8075000047683716
YJL010C,YBR256C,0,-6.940875,0.10821554809808731,0.9800000190734863,0.8076000213623047
YHR171W,YLR025W,0,-6.9417434,0.10820359736680984,0.9800000190734863,0.807699978351593
YDR207C,YLR193C,0,-6.9419084,0.10819165408611298,0.9800000190734863,0.8077999949455261
YDR214W,YPL163C,0,-6.942234,0.10817971080541611,0.9800000190734863,0.8079000115394592
YML073C,YGL011C,0,-6.942648,0.10816776752471924,0.9800000190734863,0.8080000281333923
YDR524C,YIL117C,0,-6.943448,0.10815583169460297,0.9800000190734863,0.8080999851226807
YOR322C,YDL079C,0,-6.944291,0.1081438958644867,0.9800000190734863,0.8082000017166138
YBR177C,YDR310C,0,-6.9443855,0.10813196748495102,0.9800000190734863,0.8083000183105469
YHR187W,YDR456W,0,-6.9446015,0.10812003165483475,0.9800000190734863,0.8083999752998352
YMR011W,YFR031C,0,-6.9454055,0.10810811072587967,0.9800000190734863,0.8084999918937683
YOL126C,YPR032W,0,-6.94629,0.108096182346344,0.9800000190734863,0.8086000084877014
YDR122W,YBR129C,0,-6.9486856,0.10808426141738892,0.9800000190734863,0.8087000250816345
YCR072C,YDL058W,0,-6.949054,0.10807234048843384,0.9800000190734863,0.8087999820709229
YMR029C,YER072W,0,-6.9492826,0.10806042701005936,0.9800000190734863,0.808899998664856
YLR304C,YPR018W,0,-6.949716,0.10804851353168488,0.9800000190734863,0.8090000152587891
YBR089C-A,YKR059W,0,-6.9507246,0.1080366000533104,0.9800000190734863,0.8090999722480774
YKL016C,YLR263W,0,-6.9531994,0.10802469402551651,0.9800000190734863,0.8091999888420105
YBR177C,YLR025W,0,-6.953604,0.10801278799772263,0.9800000190734863,0.8093000054359436
YBR145W,YNL312W,0,-6.9541454,0.10800088196992874,0.9800000190734863,0.8094000220298767
YDR481C,YGR192C,0,-6.954611,0.10798898339271545,0.9800000190734863,0.809499979019165
YMR092C,YDR456W,0,-6.9586415,0.10797708481550217,0.9800000190734863,0.8095999956130981
YML120C,YJL048C,0,-6.9590664,0.10796518623828888,0.9800000190734863,0.8097000122070312
YKL150W,YBR083W,0,-6.959511,0.10795329511165619,0.9800000190734863,0.8098000288009644
YNL009W,YOL105C,0,-6.959556,0.1079414039850235,0.9800000190734863,0.8098999857902527
YDR298C,YGR059W,0,-6.959814,0.10792951285839081,0.9800000190734863,0.8100000023841858
YLR355C,YDR013W,0,-6.960786,0.10791762918233871,0.9800000190734863,0.8101000189781189
YFR029W,YJL145W,0,-6.960906,0.10790574550628662,0.9800000190734863,0.8101999759674072
YOL002C,YER075C,0,-6.961211,0.10789386928081512,0.9800000190734863,0.8102999925613403
YDR331W,YJL121C,0,-6.9613185,0.10788199305534363,0.9800000190734863,0.8104000091552734
YMR119W,YAL007C,0,-6.961706,0.10787011682987213,0.9800000190734863,0.8105000257492065
YNL110C,YML014W,0,-6.9618216,0.10785824060440063,0.9800000190734863,0.8105999827384949
YIR033W,YEL060C,0,-6.962868,0.10784637182950974,0.9800000190734863,0.810699999332428
YDL197C,YNL153C,0,-6.963215,0.10783451050519943,0.9800000190734863,0.8108000159263611
YGL053W,YCR083W,0,-6.9634585,0.10782264173030853,0.9800000190734863,0.8108999729156494
YBR039W,YML132W,0,-6.9634647,0.10781078040599823,0.9800000190734863,0.8109999895095825
YKL011C,YGL238W,0,-6.9642725,0.10779891908168793,0.9800000190734863,0.8111000061035156
YKL205W,YOR221C,0,-6.9651546,0.10778706520795822,0.9800000190734863,0.8112000226974487
YDL014W,YBR172C,0,-6.965392,0.10777521133422852,0.9800000190734863,0.8112999796867371
YER003C,YML073C,0,-6.965657,0.10776335746049881,0.9800000190734863,0.8113999962806702
YOR144C,YPL234C,0,-6.9659324,0.1077515110373497,0.9800000190734863,0.8115000128746033
YPL018W,YMR079W,0,-6.9660435,0.10773966461420059,0.9800000190734863,0.8116000294685364
YGR158C,YLR059C,0,-6.966105,0.10772782564163208,0.9800000190734863,0.8116999864578247
YDL017W,YJR045C,0,-6.9666724,0.10771597921848297,0.9800000190734863,0.8118000030517578
YER001W,YDR341C,0,-6.967421,0.10770414024591446,0.9800000190734863,0.8119000196456909
YJL165C,YLR205C,0,-6.9675646,0.10769230872392654,0.9800000190734863,0.8119999766349792
YKL101W,YMR109W,0,-6.967577,0.10768047720193863,0.9800000190734863,0.8120999932289124
YKL021C,YDR076W,0,-6.967764,0.10766864567995071,0.9800000190734863,0.8122000098228455
YML023C,YCR053W,0,-6.9684067,0.1076568141579628,0.9800000190734863,0.8123000264167786
YKL029C,YPL026C,0,-6.9689417,0.10764499008655548,0.9800000190734863,0.8123999834060669
YKL205W,YLR008C,0,-6.9690566,0.10763316601514816,0.9800000190734863,0.8125
YDR021W,YOL049W,0,-6.9708576,0.10762134939432144,0.9800000190734863,0.8126000165939331
YDR046C,YOR210W,0,-6.97136,0.10760953277349472,0.9800000190734863,0.8126999735832214
YGL226C-A,YGR258C,0,-6.9720984,0.107597716152668,0.9800000190734863,0.8127999901771545
YNL220W,YER031C,0,-6.9722395,0.10758590698242188,0.9800000190734863,0.8129000067710876
YJL072C,YPR036W,0,-6.9750977,0.10757409781217575,0.9800000190734863,0.8130000233650208
YIR041W,YHR001W-A,0,-6.975215,0.10756228864192963,0.9800000190734863,0.8130999803543091
YER165W,YKL086W,0,-6.9768314,0.1075504794716835,0.9800000190734863,0.8131999969482422
YBR155W,YNL230C,0,-6.9774094,0.10753867775201797,0.9800000190734863,0.8133000135421753
YNL274C,YPR134W,0,-6.9775233,0.10752688348293304,0.9800000190734863,0.8133999705314636
YNL009W,YMR106C,0,-6.977825,0.10751508176326752,0.9800000190734863,0.8134999871253967
YMR092C,YOR099W,0,-6.9781384,0.10750328749418259,0.9800000190734863,0.8136000037193298
YIL159W,YBR105C,0,-6.979268,0.10749150067567825,0.9800000190734863,0.8137000203132629
YOR254C,YMR106C,0,-6.979281,0.10747971385717392,0.9800000190734863,0.8137999773025513
YJL183W,YMR201C,0,-6.980304,0.10746792703866959,0.9800000190734863,0.8138999938964844
YCR107W,YNL088W,0,-6.9809074,0.10745614022016525,0.9800000190734863,0.8140000104904175
YDL143W,YHR138C,0,-6.9809875,0.10744436085224152,0.9800000190734863,0.8141000270843506
YMR201C,YDR379W,0,-6.98203,0.10743258148431778,0.9800000190734863,0.8141999840736389
YML120C,YDL225W,0,-6.982136,0.10742080211639404,0.9800000190734863,0.814300000667572
YPR001W,YHR181W,0,-6.982271,0.1074090301990509,0.9800000190734863,0.8144000172615051
YJR110W,YCR061W,0,-6.9829354,0.10739725828170776,0.9800000190734863,0.8144999742507935
YKL160W,YGL229C,0,-6.983975,0.10738549381494522,0.9800000190734863,0.8145999908447266
YPL100W,YMR013C,0,-6.9844923,0.10737372934818268,0.9800000190734863,0.8147000074386597
YBR164C,YJR139C,0,-6.9846773,0.10736196488142014,0.9800000190734863,0.8148000240325928
YOL002C,YOR087W,0,-6.9849386,0.10735020041465759,0.9800000190734863,0.8148999810218811
YFL029C,YIL120W,0,-6.9853506,0.10733844339847565,0.9800000190734863,0.8149999976158142
YOR239W,YHR138C,0,-6.9857388,0.1073266863822937,0.9800000190734863,0.8151000142097473
YIR041W,YHR006W,0,-6.9868755,0.10731493681669235,0.9800000190734863,0.8151999711990356
YLL018C-A,YDR335W,0,-6.9890537,0.107303187251091,0.9800000190734863,0.8152999877929688
YMR109W,YDR325W,0,-6.9891024,0.10729143768548965,0.9800000190734863,0.8154000043869019
YLR304C,YGL037C,0,-6.9897656,0.1072796955704689,0.9800000190734863,0.815500020980835
YIL034C,YGR211W,0,-6.990675,0.10726795345544815,0.9800000190734863,0.8155999779701233
YLL026W,YKR095W,0,-6.991746,0.1072562113404274,0.9800000190734863,0.8156999945640564
YKL085W,YBR077C,0,-6.9948826,0.10724447667598724,0.9800000190734863,0.8158000111579895
YFR028C,YLR377C,0,-6.9962068,0.10723274201154709,0.9800000190734863,0.8159000277519226
YER073W,YJL008C,0,-6.9966364,0.10722100734710693,0.9800000190734863,0.8159999847412109
YFL025C,YIL128W,0,-6.9967885,0.10720928013324738,0.9800000190734863,0.816100001335144
YFR013W,YOR099W,0,-6.99705,0.10719755291938782,0.9800000190734863,0.8162000179290771
YNL009W,YLR262C,0,-6.997197,0.10718582570552826,0.9800000190734863,0.8162999749183655
YKL016C,YNL129W,0,-6.9974713,0.1071741059422493,0.9800000190734863,0.8163999915122986
YNL210W,YMR216C,1,-6.9979763,0.10727173089981079,0.9810000061988831,0.8163999915122986
YLR195C,YMR201C,0,-6.9981003,0.10726000368595123,0.9810000061988831,0.8165000081062317
YJR017C,YBL026W,1,-6.998239,0.10735760629177094,0.9819999933242798,0.8165000081062317
YKR066C,YIL022W,0,-6.998815,0.10734587162733078,0.9819999933242798,0.8166000247001648
YDR055W,YPL033C,0,-6.9995255,0.10733413696289062,0.9819999933242798,0.8166999816894531
YJL026W,YNL044W,0,-6.999755,0.10732240229845047,0.9819999933242798,0.8167999982833862
YHR171W,YPL026C,0,-7.000249,0.10731067508459091,0.9819999933242798,0.8169000148773193
YGL192W,YMR079W,0,-7.001404,0.10729894787073135,0.9819999933242798,0.8169999718666077
YOR002W,YPR134W,0,-7.0014405,0.10728722810745239,0.9819999933242798,0.8170999884605408
YNL307C,YJL108C,0,-7.0018682,0.10727550834417343,0.9819999933242798,0.8172000050544739
YBR089C-A,YER117W,0,-7.0023646,0.10726378858089447,0.9819999933242798,0.817300021648407
YLR219W,YIL022W,0,-7.0030465,0.1072520762681961,0.9819999933242798,0.8173999786376953
YLR355C,YLR346C,0,-7.003087,0.10724036395549774,0.9819999933242798,0.8174999952316284
YBR145W,YGR224W,0,-7.0046067,0.10722865164279938,0.9819999933242798,0.8176000118255615
YLR219W,YEL004W,0,-7.006075,0.10721694678068161,0.9819999933242798,0.8177000284194946
YBR172C,YNL339C,0,-7.0060916,0.10720524191856384,0.9819999933242798,0.817799985408783
YMR012W,YMR106C,0,-7.006565,0.10719353705644608,0.9819999933242798,0.8179000020027161
YNL280C,YMR175W,0,-7.006693,0.1071818396449089,0.9819999933242798,0.8180000185966492
YPR083W,YMR142C,0,-7.007495,0.10717014223337173,0.9819999933242798,0.8180999755859375
YGL062W,YOR230W,0,-7.007613,0.10715844482183456,0.9819999933242798,0.8181999921798706
YOR098C,YGL098W,0,-7.007766,0.10714675486087799,0.9819999933242798,0.8183000087738037
YDR331W,YKL034W,0,-7.0083923,0.10713506489992142,0.9819999933242798,0.8184000253677368
YMR184W,YGR088W,0,-7.0087376,0.10712337493896484,0.9819999933242798,0.8184999823570251
YDR202C,YJL025W,0,-7.010177,0.10711169242858887,0.9819999933242798,0.8185999989509583
YER044C,YLR467W,0,-7.0104294,0.10710000991821289,0.9819999933242798,0.8187000155448914
YDL029W,YML032C,0,-7.01095,0.10708833485841751,0.9819999933242798,0.8187999725341797
YKR066C,YOR179C,0,-7.0117054,0.10707665234804153,0.9819999933242798,0.8188999891281128
YHR174W,YIR033W,0,-7.0133963,0.10706497728824615,0.9819999933242798,0.8190000057220459
YNL008C,YGL175C,0,-7.013521,0.10705330967903137,0.9819999933242798,0.819100022315979
YKR066C,YGR218W,0,-7.013956,0.10704164206981659,0.9819999933242798,0.8191999793052673
YOR319W,YJL203W,1,-7.0144134,0.10713896155357361,0.9829999804496765,0.8191999793052673
YKR007W,YBR162C,0,-7.0147686,0.10712728649377823,0.9829999804496765,0.8192999958992004
YBR059C,YBR240C,0,-7.014998,0.10711561143398285,0.9829999804496765,0.8194000124931335
YLR205C,YDL150W,0,-7.0152597,0.10710394382476807,0.9829999804496765,0.8195000290870667
YBL032W,YKL080W,0,-7.0166626,0.10709227621555328,0.9829999804496765,0.819599986076355
YHR167W,YBR105C,0,-7.017552,0.1070806086063385,0.9829999804496765,0.8197000026702881
YMR072W,YDL029W,0,-7.01857,0.10706894844770432,0.9829999804496765,0.8198000192642212
YPR020W,YJL048C,0,-7.019255,0.10705728828907013,0.9829999804496765,0.8198999762535095
YOR217W,YJL121C,0,-7.019815,0.10704562813043594,0.9829999804496765,0.8199999928474426
YAL042W,YJL108C,0,-7.0215864,0.10703397542238235,0.9829999804496765,0.8201000094413757
YJR092W,YGR192C,0,-7.0219603,0.10702232271432877,0.9829999804496765,0.8202000260353088
YDR009W,YMR089C,0,-7.0224113,0.10701067000627518,0.9829999804496765,0.8202999830245972
YOL013C,YDL019C,0,-7.022485,0.10699901729822159,0.9829999804496765,0.8203999996185303
YDL088C,YDR388W,0,-7.0231237,0.1069873720407486,0.9829999804496765,0.8205000162124634
YGL084C,YFR034C,0,-7.0252438,0.1069757342338562,0.9829999804496765,0.8205999732017517
YBR172C,YHR006W,0,-7.0270867,0.10696408897638321,0.9829999804496765,0.8206999897956848
YCR061W,YGR054W,0,-7.028099,0.10695245116949081,0.9829999804496765,0.8208000063896179
YJL026W,YFL008W,0,-7.0281076,0.10694082081317902,0.9829999804496765,0.820900022983551
YOR386W,YIR022W,0,-7.0294714,0.10692918300628662,0.9829999804496765,0.8209999799728394
YML012W,YDL019C,0,-7.029741,0.10691755264997482,0.9829999804496765,0.8210999965667725
YDR021W,YMR106C,0,-7.030201,0.10690592974424362,0.9829999804496765,0.8212000131607056
YER044C,YOR087W,0,-7.0336127,0.10689429938793182,0.9829999804496765,0.8213000297546387
YER089C,YDR087C,0,-7.0347223,0.10688267648220062,0.9829999804496765,0.821399986743927
YML058W-A,YEL062W,0,-7.0351543,0.10687106102705002,0.9829999804496765,0.8215000033378601
YMR052W,YGR268C,0,-7.0361094,0.10685943812131882,0.9829999804496765,0.8216000199317932
YML080W,YGR132C,0,-7.0366178,0.10684782266616821,0.9829999804496765,0.8216999769210815
YMR301C,YML058W-A,0,-7.037284,0.1068362146615982,0.9829999804496765,0.8217999935150146
YOR349W,YDR055W,0,-7.038253,0.1068246066570282,0.9829999804496765,0.8219000101089478
YMR011W,YFR052W,0,-7.0387635,0.10681299865245819,0.9829999804496765,0.8220000267028809
YER032W,YPR182W,1,-7.038941,0.10691004246473312,0.984000027179718,0.8220000267028809
YGR249W,YHR161C,0,-7.0400815,0.10689842700958252,0.984000027179718,0.8220999836921692
YLR263W,YOL039W,0,-7.04173,0.10688681155443192,0.984000027179718,0.8222000002861023
YJR070C,YCR053W,0,-7.042272,0.10687520354986191,0.984000027179718,0.8223000168800354
YNL270C,YJL208C,0,-7.0423985,0.1068635955452919,0.984000027179718,0.8223999738693237
YML012W,YDR485C,0,-7.0425725,0.10685199499130249,0.984000027179718,0.8224999904632568
YKL160W,YDL170W,0,-7.0428123,0.10684039443731308,0.984000027179718,0.8226000070571899
YCL043C,YHR084W,0,-7.042835,0.10682879388332367,0.984000027179718,0.822700023651123
YDR388W,YHR167W,0,-7.043682,0.10681719332933426,0.984000027179718,0.8227999806404114
YIL119C,YLR467W,0,-7.0441475,0.10680560022592545,0.984000027179718,0.8228999972343445
YOL108C,YFR003C,0,-7.044525,0.10679400712251663,0.984000027179718,0.8230000138282776
YLR394W,YCR061W,0,-7.044744,0.10678242146968842,0.984000027179718,0.8230999708175659
YPL021W,YLR262C,0,-7.0450344,0.1067708358168602,0.984000027179718,0.823199987411499
YKL160W,YMR298W,0,-7.0451794,0.10675925016403198,0.984000027179718,0.8233000040054321
YLR377C,YOL020W,0,-7.0454407,0.10674766451120377,0.984000027179718,0.8234000205993652
YLR005W,YFR003C,0,-7.0459986,0.10673608630895615,0.984000027179718,0.8234999775886536
YPR065W,YLR268W,0,-7.046733,0.10672451555728912,0.984000027179718,0.8235999941825867
YGL124C,YER165W,0,-7.047078,0.1067129373550415,0.984000027179718,0.8237000107765198
YOR260W,YLR248W,0,-7.047573,0.10670136660337448,0.984000027179718,0.8238000273704529
YMR041C,YOR079C,0,-7.048051,0.10668979585170746,0.984000027179718,0.8238999843597412
YML132W,YOR241W,0,-7.0484004,0.10667823255062103,0.984000027179718,0.8240000009536743
YIL142W,YER070W,0,-7.0484743,0.1066666692495346,0.984000027179718,0.8241000175476074
YDR098C,YLR166C,0,-7.049167,0.10665510594844818,0.984000027179718,0.8241999745368958
YHR019C,YPL242C,0,-7.0500474,0.10664354264736176,0.984000027179718,0.8242999911308289
YMR162C,YOR230W,0,-7.050205,0.10663198679685593,0.984000027179718,0.824400007724762
YDR055W,YCR009C,0,-7.0506277,0.1066204383969307,0.984000027179718,0.8245000243186951
YPL234C,YNR006W,0,-7.0508423,0.10660888254642487,0.984000027179718,0.8245999813079834
YDL079C,YIL022W,0,-7.050951,0.10659733414649963,0.984000027179718,0.8246999979019165
YFL011W,YLR034C,0,-7.052045,0.1065857857465744,0.984000027179718,0.8248000144958496
YKL042W,YOR087W,0,-7.0531106,0.10657424479722977,0.984000027179718,0.8248999714851379
YOL164W,YPR002W,0,-7.0537972,0.10656270384788513,0.984000027179718,0.824999988079071
YGR248W,YDR058C,0,-7.0543523,0.1065511628985405,0.984000027179718,0.8251000046730042
YOR031W,YIL117C,0,-7.054472,0.10653962939977646,0.984000027179718,0.8252000212669373
YKL160W,YGR284C,0,-7.0546722,0.10652809590101242,0.984000027179718,0.8252999782562256
YOL013C,YKL166C,0,-7.0551844,0.10651656240224838,0.984000027179718,0.8253999948501587
YPL248C,YMR224C,0,-7.055408,0.10650503635406494,0.984000027179718,0.8255000114440918
YGL142C,YDR328C,0,-7.055686,0.1064935028553009,0.984000027179718,0.8256000280380249
YFL023W,YNL280C,0,-7.0560412,0.10648198425769806,0.984000027179718,0.8256999850273132
YLR133W,YHR061C,0,-7.058071,0.10647045820951462,0.984000027179718,0.8258000016212463
YDL029W,YDR142C,0,-7.058357,0.10645893961191177,0.984000027179718,0.8259000182151794
YLR242C,YML008C,0,-7.058479,0.10644742846488953,0.984000027179718,0.8259999752044678
YOR180C,YGR229C,0,-7.0585527,0.10643590986728668,0.984000027179718,0.8260999917984009
YPL265W,YDL138W,0,-7.0592136,0.10642439872026443,0.984000027179718,0.826200008392334
YNL270C,YKL101W,0,-7.0597706,0.10641288757324219,0.984000027179718,0.8263000249862671
YDR423C,YIL034C,0,-7.06082,0.10640138387680054,0.984000027179718,0.8263999819755554
YDR174W,YMR175W,0,-7.0609303,0.10638988018035889,0.984000027179718,0.8264999985694885
YGR177C,YMR301C,0,-7.063666,0.10637837648391724,0.984000027179718,0.8266000151634216
YPL153C,YKR059W,0,-7.0641136,0.10636688023805618,0.984000027179718,0.82669997215271
YFL057C,YHR039C,0,-7.064945,0.10635538399219513,0.984000027179718,0.8267999887466431
YKL085W,YNL339C,0,-7.0666614,0.10634388774633408,0.984000027179718,0.8269000053405762
YHR150W,YLR193C,0,-7.0673847,0.10633239895105362,0.984000027179718,0.8270000219345093
YDR524C,YNL270C,0,-7.0688457,0.10632091015577316,0.984000027179718,0.8270999789237976
YPR138C,YHR006W,0,-7.0694466,0.1063094213604927,0.984000027179718,0.8271999955177307
YBL098W,YLR059C,0,-7.0703235,0.10629794001579285,0.984000027179718,0.8273000121116638
YBR177C,YPL224C,0,-7.070792,0.10628645867109299,0.984000027179718,0.8274000287055969
YCR107W,YDR341C,0,-7.0724154,0.10627497732639313,0.984000027179718,0.8274999856948853
YOR239W,YNL148C,0,-7.0727363,0.10626349598169327,0.984000027179718,0.8276000022888184
YMR296C,YCR060W,0,-7.072891,0.106252022087574,0.984000027179718,0.8277000188827515
YDR277C,YHR034C,0,-7.0729156,0.10624055564403534,0.984000027179718,0.8277999758720398
YOR144C,YLR293C,0,-7.073313,0.10622908174991608,0.984000027179718,0.8278999924659729
YBR283C,YOL020W,0,-7.0736465,0.10621761530637741,0.984000027179718,0.828000009059906
YGR180C,YCR009C,0,-7.0737357,0.10620614886283875,0.984000027179718,0.8281000256538391
YKL165C,YML098W,0,-7.0739365,0.10619468986988068,0.984000027179718,0.8281999826431274
YGL105W,YNR006W,0,-7.074107,0.10618323087692261,0.984000027179718,0.8282999992370605
YFL010W-A,YPL026C,0,-7.074875,0.10617177188396454,0.984000027179718,0.8284000158309937
YPL101W,YOL013C,0,-7.074878,0.10616032034158707,0.984000027179718,0.828499972820282
YNL118C,YOL126C,0,-7.075074,0.1061488687992096,0.984000027179718,0.8285999894142151
YDR009W,YMR104C,0,-7.075208,0.10613741725683212,0.984000027179718,0.8287000060081482
YOR239W,YJR086W,0,-7.0775423,0.10612597316503525,0.984000027179718,0.8288000226020813
YGR177C,YDR013W,0,-7.0777497,0.10611452907323837,0.984000027179718,0.8288999795913696
YLL026W,YPR032W,0,-7.07815,0.1061030849814415,0.984000027179718,0.8289999961853027
YDR116C,YKL080W,0,-7.078793,0.10609164088964462,0.984000027179718,0.8291000127792358
YIL034C,YGL011C,0,-7.0788474,0.10608020424842834,0.984000027179718,0.829200029373169
YMR139W,YLR006C,0,-7.0790544,0.10606877505779266,0.984000027179718,0.8292999863624573
YOR005C,YGL092W,0,-7.07915,0.10605733841657639,0.984000027179718,0.8294000029563904
YDL126C,YCR009C,0,-7.0808077,0.1060459092259407,0.984000027179718,0.8295000195503235
YOR180C,YHR200W,0,-7.0819855,0.10603448003530502,0.984000027179718,0.8295999765396118
YDR046C,YKL122C,0,-7.0819964,0.10602305829524994,0.984000027179718,0.8296999931335449
YDR009W,YDR379W,0,-7.0830564,0.10601163655519485,0.984000027179718,0.829800009727478
YKL212W,YMR203W,0,-7.0837927,0.10600021481513977,0.984000027179718,0.8299000263214111
YOR002W,YMR052W,0,-7.0875177,0.10598880052566528,0.984000027179718,0.8299999833106995
YLL015W,YOR340C,0,-7.0878754,0.1059773862361908,0.984000027179718,0.8300999999046326
YPL265W,YNL323W,0,-7.088415,0.10596597194671631,0.984000027179718,0.8302000164985657
YDR328C,YOR344C,0,-7.088455,0.10595455765724182,0.984000027179718,0.830299973487854
YLR431C,YGR268C,0,-7.0890574,0.10594315081834793,0.984000027179718,0.8303999900817871
YLR425W,YGR054W,0,-7.0891438,0.10593174397945404,0.984000027179718,0.8305000066757202
YGL219C,YGL008C,0,-7.089656,0.10592034459114075,0.984000027179718,0.8306000232696533
YPR001W,YGL084C,0,-7.091337,0.10590894520282745,0.984000027179718,0.8306999802589417
YMR109W,YLR135W,0,-7.0925617,0.10589754581451416,0.984000027179718,0.8307999968528748
YAL042W,YMR026C,0,-7.0931444,0.10588615387678146,0.984000027179718,0.8309000134468079
YGL078C,YLR034C,0,-7.0931454,0.10587475448846817,0.984000027179718,0.8309999704360962
YDR318W,YEL037C,0,-7.094207,0.10586337000131607,0.984000027179718,0.8310999870300293
YNL061W,YHR163W,0,-7.0955024,0.10585197806358337,0.984000027179718,0.8312000036239624
YPL208W,YJL052W,0,-7.095872,0.10584059357643127,0.984000027179718,0.8313000202178955
YDR165W,YDR398W,0,-7.096301,0.10582920908927917,0.984000027179718,0.8313999772071838
YML129C,YLL011W,0,-7.0970316,0.10581783205270767,0.984000027179718,0.8314999938011169
YGL190C,YDL003W,0,-7.0989466,0.10580645501613617,0.984000027179718,0.83160001039505
YGL092W,YHR138C,0,-7.0997596,0.10579507797956467,0.984000027179718,0.8317000269889832
YPL248C,YCL055W,0,-7.1009045,0.10578370094299316,0.984000027179718,0.8317999839782715
YFL023W,YHR061C,0,-7.1011324,0.10577233135700226,0.984000027179718,0.8319000005722046
YMR301C,YDR231C,0,-7.1011643,0.10576096177101135,0.984000027179718,0.8320000171661377
YJL133W,YDR453C,0,-7.1014194,0.10574959963560104,0.984000027179718,0.832099974155426
YER179W,YDR174W,0,-7.1029763,0.10573823004961014,0.984000027179718,0.8321999907493591
YML132W,YOR230W,0,-7.1041617,0.10572687536478043,0.984000027179718,0.8323000073432922
YOR249C,YML008C,0,-7.1045346,0.10571551322937012,0.984000027179718,0.8324000239372253
YNL274C,YCR009C,0,-7.105018,0.1057041585445404,0.984000027179718,0.8324999809265137
YKL146W,YKL212W,0,-7.105134,0.1056928038597107,0.984000027179718,0.8325999975204468
YPL265W,YOL043C,0,-7.105521,0.10568144917488098,0.984000027179718,0.8327000141143799
YBR234C,YLR068W,0,-7.1059484,0.10567010194063187,0.984000027179718,0.8327999711036682
YOR005C,YPR154W,0,-7.1062818,0.10565875470638275,0.984000027179718,0.8328999876976013
YBR201W,YFL008W,0,-7.106437,0.10564741492271423,0.984000027179718,0.8330000042915344
YDL175C,YNL312W,0,-7.10687,0.10563606768846512,0.984000027179718,0.8331000208854675
YDR086C,YOR179C,0,-7.1072598,0.1056247353553772,0.984000027179718,0.8331999778747559
YGL105W,YCR053W,0,-7.108139,0.10561339557170868,0.984000027179718,0.833299994468689
YDR423C,YDR180W,0,-7.1084146,0.10560206323862076,0.984000027179718,0.8334000110626221
YCL027W,YKL212W,0,-7.1084375,0.10559073090553284,0.984000027179718,0.8335000276565552
YLR319C,YJL048C,0,-7.108538,0.10557939857244492,0.984000027179718,0.8335999846458435
YGL219C,YOR287C,0,-7.109418,0.10556807368993759,0.984000027179718,0.8337000012397766
YGL011C,YCL032W,0,-7.1096373,0.10555674880743027,0.984000027179718,0.8338000178337097
YDR337W,YJL076W,0,-7.1098166,0.10554542392492294,0.984000027179718,0.833899974822998
YOR034C,YEL027W,0,-7.109829,0.10553410649299622,0.984000027179718,0.8339999914169312
YNL148C,YLR259C,0,-7.109972,0.10552278906106949,0.984000027179718,0.8341000080108643
YNR023W,YOR230W,0,-7.110308,0.10551147162914276,0.984000027179718,0.8342000246047974
YLR205C,YOL122C,0,-7.1105137,0.10550016164779663,0.984000027179718,0.8342999815940857
YPL265W,YEL004W,0,-7.110834,0.1054888516664505,0.984000027179718,0.8343999981880188
YKL112W,YPL106C,0,-7.1109295,0.10547754168510437,0.984000027179718,0.8345000147819519
YKL208W,YMR216C,1,-7.1109886,0.10557341575622559,0.9850000143051147,0.8345000147819519
YLR335W,YBR077C,0,-7.1118994,0.10556210577487946,0.9850000143051147,0.8345999717712402
YJL111W,YDL142C,0,-7.112172,0.10555079579353333,0.9850000143051147,0.8346999883651733
YDR298C,YHR161C,0,-7.112401,0.1055394858121872,0.9850000143051147,0.8348000049591064
YBR164C,YIL117C,0,-7.1126976,0.10552817583084106,0.9850000143051147,0.8349000215530396
YLR133W,YDL230W,0,-7.113066,0.10551687330007553,0.9850000143051147,0.8349999785423279
YHR061C,YJL034W,0,-7.114315,0.10550557076931,0.9850000143051147,0.835099995136261
YIL036W,YNL061W,0,-7.114617,0.10549426823854446,0.9850000143051147,0.8352000117301941
YLR304C,YIL053W,0,-7.1146555,0.10548297315835953,0.9850000143051147,0.8353000283241272
YFR029W,YBR183W,0,-7.114687,0.10547167807817459,0.9850000143051147,0.8353999853134155
YLR110C,YHR116W,0,-7.1153507,0.10546038299798965,0.9850000143051147,0.8355000019073486
YMR047C,YEL060C,0,-7.1165466,0.10544909536838531,0.9850000143051147,0.8356000185012817
YKL139W,YGL030W,1,-7.1167836,0.10554485023021698,0.9860000014305115,0.8356000185012817
YIR041W,YOL020W,0,-7.1169415,0.10553355515003204,0.9860000014305115,0.8356999754905701
YFR052W,YOR344C,0,-7.117755,0.1055222600698471,0.9860000014305115,0.8357999920845032
YLR011W,YPL234C,0,-7.117888,0.10551096498966217,0.9860000014305115,0.8359000086784363
YPR138C,YLR248W,0,-7.1185365,0.10549967736005783,0.9860000014305115,0.8360000252723694
YML008C,YCL043C,0,-7.1190615,0.10548838973045349,0.9860000014305115,0.8360999822616577
YFL025C,YDL014W,0,-7.11958,0.10547710955142975,0.9860000014305115,0.8361999988555908
YBR059C,YLR384C,0,-7.119718,0.10546582192182541,0.9860000014305115,0.8363000154495239
YIL155C,YOL009C,0,-7.1201525,0.10545454174280167,0.9860000014305115,0.8363999724388123
YGR258C,YMR203W,0,-7.120821,0.10544326901435852,0.9860000014305115,0.8364999890327454
YOL013C,YFL016C,0,-7.120825,0.10543199628591537,0.9860000014305115,0.8366000056266785
YOR099W,YOR172W,0,-7.121619,0.10542072355747223,0.9860000014305115,0.8367000222206116
YFL023W,YDL014W,0,-7.121928,0.10540945082902908,0.9860000014305115,0.8367999792098999
YNR067C,YOL020W,0,-7.121976,0.10539818555116653,0.9860000014305115,0.836899995803833
YKL197C,YGR211W,0,-7.1220818,0.10538692027330399,0.9860000014305115,0.8370000123977661
YBR087W,YPR181C,0,-7.122393,0.10537565499544144,0.9860000014305115,0.8371000289916992
YIL070C,YDL083C,0,-7.12249,0.10536439716815948,0.9860000014305115,0.8371999859809875
YDR040C,YDR083W,0,-7.1225424,0.10535313934087753,0.9860000014305115,0.8373000025749207
YNL030W,YGL073W,0,-7.1229777,0.10534188151359558,0.9860000014305115,0.8374000191688538
YMR203W,YAL016W,0,-7.1232038,0.10533062368631363,0.9860000014305115,0.8374999761581421
YKR066C,YGR284C,0,-7.126378,0.10531937330961227,0.9860000014305115,0.8375999927520752
YLR394W,YAL044C,0,-7.127296,0.10530813038349152,0.9860000014305115,0.8377000093460083
YNL153C,YHR124W,0,-7.127424,0.10529688000679016,0.9860000014305115,0.8378000259399414
YKL055C,YGL053W,0,-7.127615,0.1052856370806694,0.9860000014305115,0.8378999829292297
YMR225C,YDL083C,0,-7.1288023,0.10527439415454865,0.9860000014305115,0.8379999995231628
YBL098W,YNL153C,0,-7.12902,0.10526315867900848,0.9860000014305115,0.838100016117096
YMR142C,YKR059W,0,-7.129232,0.10525192320346832,0.9860000014305115,0.8381999731063843
YMR029C,YHR041C,0,-7.129936,0.10524068772792816,0.9860000014305115,0.8382999897003174
YGL084C,YOR206W,0,-7.1311812,0.105229452252388,0.9860000014305115,0.8384000062942505
YGL062W,YDL150W,0,-7.1320987,0.10521822422742844,0.9860000014305115,0.8385000228881836
YDL019C,YHR163W,0,-7.1321917,0.10520699620246887,0.9860000014305115,0.8385999798774719
YNL270C,YGR229C,0,-7.133087,0.1051957756280899,0.9860000014305115,0.838699996471405
YGR132C,YKR059W,0,-7.1338253,0.10518455505371094,0.9860000014305115,0.8388000130653381
YPR001W,YBR049C,0,-7.1347885,0.10517333447933197,0.9860000014305115,0.8389000296592712
YDR214W,YGR229C,0,-7.135068,0.105162113904953,0.9860000014305115,0.8389999866485596
YGL180W,YPL224C,0,-7.1352196,0.10515090078115463,0.9860000014305115,0.8391000032424927
YCL026C-A,YNL030W,0,-7.1363587,0.10513968765735626,0.9860000014305115,0.8392000198364258
YKR055W,YHR016C,0,-7.136504,0.10512848198413849,0.9860000014305115,0.8392999768257141
YIL034C,YBR240C,0,-7.1375604,0.10511726886034012,0.9860000014305115,0.8393999934196472
YOR123C,YGL229C,0,-7.1384535,0.10510606318712234,0.9860000014305115,0.8395000100135803
YAL042W,YDR460W,0,-7.1389866,0.10509486496448517,0.9860000014305115,0.8396000266075134
YLR078C,YBR183W,0,-7.1403475,0.1050836592912674,0.9860000014305115,0.8396999835968018
YGR284C,YNL014W,0,-7.1413894,0.10507246106863022,0.9860000014305115,0.8398000001907349
YCL025C,YBR211C,0,-7.1415997,0.10506127029657364,0.9860000014305115,0.839900016784668
YGL105W,YJL154C,0,-7.141717,0.10505007207393646,0.9860000014305115,0.8399999737739563
YNL274C,YHR006W,0,-7.1426954,0.10503888130187988,0.9860000014305115,0.8400999903678894
YPL177C,YLR248W,0,-7.1427927,0.1050276979804039,0.9860000014305115,0.8402000069618225
YFL057C,YDR098C,0,-7.142914,0.10501650720834732,0.9860000014305115,0.8403000235557556
YKL150W,YMR104C,0,-7.1429462,0.10500532388687134,0.9860000014305115,0.840399980545044
YHR169W,YBR066C,0,-7.1440887,0.10499414056539536,0.9860000014305115,0.840499997138977
YER075C,YIL053W,0,-7.144644,0.10498296469449997,0.9860000014305115,0.8406000137329102
YBL032W,YML023C,0,-7.1460934,0.10497178882360458,0.9860000014305115,0.8406999707221985
YBR068C,YOL108C,0,-7.1462927,0.1049606129527092,0.9860000014305115,0.8407999873161316
YLR377C,YPL211W,0,-7.1467743,0.10494944453239441,0.9860000014305115,0.8409000039100647
YOR103C,YDR059C,0,-7.146783,0.10493826866149902,0.9860000014305115,0.8410000205039978
YGL256W,YNL241C,0,-7.146964,0.10492710769176483,0.9860000014305115,0.8410999774932861
YKL101W,YBR024W,0,-7.1474295,0.10491593927145004,0.9860000014305115,0.8411999940872192
YDR335W,YPR165W,0,-7.1498137,0.10490477830171585,0.9860000014305115,0.8413000106811523
YGR284C,YML120C,0,-7.150135,0.10489361733198166,0.9860000014305115,0.8414000272750854
YGL155W,YMR175W,0,-7.1502905,0.10488245636224747,0.9860000014305115,0.8414999842643738
YJL133W,YOR206W,0,-7.1503954,0.10487130284309387,0.9860000014305115,0.8416000008583069
YOL127W,YNL154C,0,-7.1517267,0.10486014932394028,0.9860000014305115,0.84170001745224
YMR138W,YPL265W,0,-7.152034,0.10484900325536728,0.9860000014305115,0.8417999744415283
YLR259C,YDR207C,0,-7.154252,0.10483784973621368,0.9860000014305115,0.8418999910354614
YER032W,YDL087C,1,-7.1554704,0.10493302345275879,0.9869999885559082,0.8418999910354614
YPL110C,YJL010C,0,-7.155902,0.1049218699336052,0.9869999885559082,0.8420000076293945
YER044C,YLR377C,0,-7.156567,0.1049107164144516,0.9869999885559082,0.8421000242233276
YBL032W,YJR145C,0,-7.156723,0.104899562895298,0.9869999885559082,0.842199981212616
YGL190C,YBL058W,0,-7.156882,0.104888416826725,0.9869999885559082,0.8422999978065491
YGR014W,YML014W,0,-7.156943,0.10487727075815201,0.9869999885559082,0.8424000144004822
YJL072C,YOL020W,0,-7.1575,0.10486612468957901,0.9869999885559082,0.8424999713897705
YPR200C,YMR296C,0,-7.157821,0.10485498607158661,0.9869999885559082,0.8425999879837036
YER044C,YKL085W,0,-7.158304,0.10484384745359421,0.9869999885559082,0.8427000045776367
YFR034C,YEL041W,0,-7.1583962,0.1048327162861824,0.9869999885559082,0.8428000211715698
YER142C,YEL041W,0,-7.161193,0.10482157766819,0.9869999885559082,0.8428999781608582
YOL001W,YGR181W,0,-7.161203,0.1048104465007782,0.9869999885559082,0.8429999947547913
YML014W,YLR240W,0,-7.161973,0.10479932278394699,0.9869999885559082,0.8431000113487244
YOR144C,YDR277C,0,-7.162858,0.10478819161653519,0.9869999885559082,0.8432000279426575
YLR377C,YKL021C,0,-7.163342,0.10477706789970398,0.9869999885559082,0.8432999849319458
YBL098W,YOL066C,0,-7.1647854,0.10476595163345337,0.9869999885559082,0.8434000015258789
YER001W,YOL020W,0,-7.164941,0.10475482791662216,0.9869999885559082,0.843500018119812
YGR088W,YNL327W,0,-7.169079,0.10474371165037155,0.9869999885559082,0.8435999751091003
YLR048W,YKL088W,0,-7.169772,0.10473259538412094,0.9869999885559082,0.8436999917030334
YGL065C,YIR041W,0,-7.1704655,0.10472148656845093,0.9869999885559082,0.8438000082969666
YLR068W,YHR124W,0,-7.1704845,0.10471037775278091,0.9869999885559082,0.8439000248908997
YBR164C,YHR042W,0,-7.170827,0.1046992689371109,0.9869999885559082,0.843999981880188
YML023C,YBR273C,0,-7.1714396,0.10468816012144089,0.9869999885559082,0.8440999984741211
YHR174W,YDR341C,0,-7.172283,0.10467705875635147,0.9869999885559082,0.8442000150680542
YLR304C,YOR212W,0,-7.172497,0.10466595739126205,0.9869999885559082,0.8442999720573425
YOR239W,YGL143C,0,-7.173218,0.10465486347675323,0.9869999885559082,0.8443999886512756
YPR200C,YDR328C,0,-7.1747723,0.10464376956224442,0.9869999885559082,0.8445000052452087
YGR180C,YCL054W,0,-7.1765695,0.1046326756477356,0.9869999885559082,0.8446000218391418
YDR040C,YAL016W,0,-7.1779847,0.10462158173322678,0.9869999885559082,0.8446999788284302
YIL120W,YNL302C,0,-7.179451,0.10461049526929855,0.9869999885559082,0.8447999954223633
YDR046C,YBL098W,0,-7.1830277,0.10459940880537033,0.9869999885559082,0.8449000120162964
YGL003C,YKL021C,0,-7.183675,0.10458832234144211,0.9869999885559082,0.8450000286102295
YJR131W,YBR267W,0,-7.1837378,0.10457724332809448,0.9869999885559082,0.8450999855995178
YBL080C,YFR003C,0,-7.1837907,0.10456616431474686,0.9869999885559082,0.8452000021934509
YLR078C,YMR250W,0,-7.1843033,0.10455508530139923,0.9869999885559082,0.845300018787384
YDL142C,YDL036C,0,-7.1871696,0.1045440137386322,0.9869999885559082,0.8453999757766724
YOR079C,YMR104C,0,-7.1874332,0.10453293472528458,0.9869999885559082,0.8454999923706055
YKR066C,YPL060W,0,-7.187651,0.10452187061309814,0.9869999885559082,0.8456000089645386
YAL054C,YGR218W,0,-7.18783,0.10451079905033112,0.9869999885559082,0.8457000255584717
YPL091W,YPL224C,0,-7.1879034,0.10449973493814468,0.9869999885559082,0.84579998254776
YPR020W,YGL053W,0,-7.1881685,0.10448867082595825,0.9869999885559082,0.8458999991416931
YMR298W,YBR295W,0,-7.1882143,0.10447761416435242,0.9869999885559082,0.8460000157356262
YOL001W,YDR083W,0,-7.1888757,0.10446655005216599,0.9869999885559082,0.8460999727249146
YNL027W,YJL214W,0,-7.188951,0.10445550084114075,0.9869999885559082,0.8461999893188477
YNL136W,YOL020W,0,-7.1895137,0.10444444417953491,0.9869999885559082,0.8463000059127808
YML014W,YLR425W,0,-7.1898584,0.10443339496850967,0.9869999885559082,0.8464000225067139
YCR044C,YOL020W,0,-7.1900873,0.10442234575748444,0.9869999885559082,0.8464999794960022
YOR212W,YDR451C,0,-7.190466,0.1044112965464592,0.9869999885559082,0.8465999960899353
YLR319C,YPR165W,0,-7.1915865,0.10440025478601456,0.9869999885559082,0.8467000126838684
YHR124W,YDR180W,0,-7.192282,0.10438921302556992,0.9869999885559082,0.8468000292778015
YLR219W,YPL163C,0,-7.19294,0.10437817126512527,0.9869999885559082,0.8468999862670898
YGR132C,YOR386W,0,-7.19387,0.10436713695526123,0.9869999885559082,0.847000002861023
YNR010W,YMR250W,0,-7.195605,0.10435610264539719,0.9869999885559082,0.847100019454956
YDL088C,YER179W,0,-7.196088,0.10434506833553314,0.9869999885559082,0.8471999764442444
YGR268C,YDL170W,0,-7.1961517,0.1043340414762497,0.9869999885559082,0.8472999930381775
YHR124W,YER072W,0,-7.198078,0.10432300716638565,0.9869999885559082,0.8474000096321106
YPL188W,YEL060C,0,-7.1983824,0.1043119877576828,0.9869999885559082,0.8475000262260437
YDL230W,YGR285C,0,-7.199396,0.10430096089839935,0.9869999885559082,0.847599983215332
YER070W,YDR398W,0,-7.200241,0.1042899414896965,0.9869999885559082,0.8476999998092651
YNL008C,YBR010W,0,-7.2005043,0.10427892208099365,0.9869999885559082,0.8478000164031982
YOR144C,YMR109W,0,-7.201041,0.1042679026722908,0.9869999885559082,0.8478999733924866
YLR068W,YKL086W,0,-7.2018337,0.10425689071416855,0.9869999885559082,0.8479999899864197
YNR067C,YML120C,0,-7.2019124,0.1042458787560463,0.9869999885559082,0.8481000065803528
YPL242C,YOR340C,0,-7.202071,0.10423487424850464,0.9869999885559082,0.8482000231742859
YDR301W,YLR424W,1,-7.203925,0.10432945936918259,0.9879999756813049,0.8482000231742859
YBR038W,YOL133W,0,-7.204525,0.10431844741106033,0.9879999756813049,0.8482999801635742
YCL026C-A,YDL036C,0,-7.204714,0.10430743545293808,0.9879999756813049,0.8483999967575073
YGR229C,YPL106C,0,-7.2049074,0.10429642349481583,0.9879999756813049,0.8485000133514404
YAL042W,YOL038W,0,-7.2049704,0.10428541153669357,0.9879999756813049,0.8485999703407288
YJL194W,YOL013C,0,-7.2067204,0.10427440702915192,0.9879999756813049,0.8486999869346619
YDR214W,YDR231C,0,-7.2082853,0.10426340252161026,0.9879999756813049,0.848800003528595
YMR232W,YHR194W,0,-7.2084513,0.1042523980140686,0.9879999756813049,0.8489000201225281
YKL150W,YKL055C,0,-7.2088103,0.10424140095710754,0.9879999756813049,0.8489999771118164
YDR524C,YNL327W,0,-7.2096148,0.10423040390014648,0.9879999756813049,0.8490999937057495
YGL238W,YDL140C,0,-7.210579,0.10421940684318542,0.9879999756813049,0.8492000102996826
YAL054C,YJL207C,0,-7.21089,0.10420841723680496,0.9879999756813049,0.8493000268936157
YIL034C,YJL121C,0,-7.2109756,0.1041974276304245,0.9879999756813049,0.849399983882904
YKR076W,YMR201C,0,-7.2127957,0.10418643802404404,0.9879999756813049,0.8495000004768372
YLR157C,YML097C,0,-7.212926,0.10417545586824417,0.9879999756813049,0.8496000170707703
YIL119C,YGR192C,0,-7.2147884,0.1041644737124443,0.9879999756813049,0.8496999740600586
YHR039C,YMR106C,0,-7.215109,0.10415349155664444,0.9879999756813049,0.8497999906539917
YBL016W,YLL061W,0,-7.2156973,0.10414250940084457,0.9879999756813049,0.8499000072479248
YPL188W,YIL109C,0,-7.216256,0.1041315346956253,0.9879999756813049,0.8500000238418579
YNL281W,YPR138C,0,-7.217383,0.10412055999040604,0.9879999756813049,0.8500999808311462
YGL068W,YBR077C,0,-7.218203,0.10410959273576736,0.9879999756813049,0.8501999974250793
YDR231C,YNL068C,0,-7.218835,0.1040986180305481,0.9879999756813049,0.8503000140190125
YLR259C,YDR318W,0,-7.219577,0.10408765077590942,0.9879999756813049,0.8503999710083008
YKL220C,YDL135C,0,-7.2201424,0.10407669097185135,0.9879999756813049,0.8504999876022339
YBR059C,YML032C,0,-7.2205253,0.10406572371721268,0.9879999756813049,0.850600004196167
YHR124W,YPL239W,0,-7.2207675,0.1040547639131546,0.9879999756813049,0.8507000207901001
YHR150W,YGR192C,0,-7.2210345,0.10404381155967712,0.9879999756813049,0.8507999777793884
YGL016W,YBR089C-A,0,-7.2210436,0.10403285175561905,0.9879999756813049,0.8508999943733215
YPL211W,YLR268W,0,-7.2213364,0.10402189940214157,0.9879999756813049,0.8510000109672546
YPL059W,YGL229C,0,-7.222865,0.10401094704866409,0.9879999756813049,0.8511000275611877
YKL191W,YMR296C,0,-7.2238092,0.10400000214576721,0.9879999756813049,0.8511999845504761
YIL155C,YIL129C,0,-7.224392,0.10398905724287033,0.9879999756813049,0.8513000011444092
YKL093W,YNL154C,0,-7.2245245,0.10397811233997345,0.9879999756813049,0.8514000177383423
YOR346W,YCR061W,0,-7.225196,0.10396716743707657,0.9879999756813049,0.8514999747276306
YBL033C,YMR013C,0,-7.2260575,0.10395622998476028,0.9879999756813049,0.8515999913215637
YGR097W,YML080W,0,-7.226165,0.103945292532444,0.9879999756813049,0.8517000079154968
YML132W,YJL207C,0,-7.226259,0.10393435508012772,0.9879999756813049,0.8518000245094299
YGR155W,YLR335W,0,-7.229448,0.10392342507839203,0.9879999756813049,0.8518999814987183
YML047C,YOL031C,0,-7.229998,0.10391249507665634,0.9879999756813049,0.8519999980926514
YCL026C-A,YPR181C,0,-7.230035,0.10390156507492065,0.9879999756813049,0.8521000146865845
YCL025C,YER088C,0,-7.230116,0.10389064252376556,0.9879999756813049,0.8521999716758728
YCL043C,YIR022W,0,-7.2307544,0.10387971997261047,0.9879999756813049,0.8522999882698059
YKL150W,YCR053W,0,-7.231082,0.10386879742145538,0.9879999756813049,0.852400004863739
YFL057C,YAR008W,0,-7.2332945,0.10385788232088089,0.9879999756813049,0.8525000214576721
YNL280C,YDL014W,0,-7.233632,0.1038469597697258,0.9879999756813049,0.8525999784469604
YKL160W,YGL068W,0,-7.2339563,0.1038360446691513,0.9879999756813049,0.8526999950408936
YHR042W,YDR086C,0,-7.2369103,0.10382513701915741,0.9879999756813049,0.8528000116348267
YIL070C,YLR417W,0,-7.2370167,0.10381422936916351,0.9879999756813049,0.8529000282287598
YFR028C,YOL001W,0,-7.238137,0.10380332171916962,0.9879999756813049,0.8529999852180481
YDL003W,YDR180W,0,-7.2387795,0.10379241406917572,0.9879999756813049,0.8531000018119812
YGL030W,YMR216C,1,-7.238892,0.10388655215501785,0.9890000224113464,0.8531000018119812
YLR259C,YDL217C,0,-7.2418404,0.10387564450502396,0.9890000224113464,0.8532000184059143
YMR250W,YAL044C,0,-7.242057,0.10386473685503006,0.9890000224113464,0.8532999753952026
YJR091C,YFR031C,0,-7.2428718,0.10385382920503616,0.9890000224113464,0.8533999919891357
YML120C,YGL098W,0,-7.2447677,0.10384292155504227,0.9890000224113464,0.8535000085830688
YML047C,YBL102W,0,-7.2458096,0.10383202135562897,0.9890000224113464,0.853600025177002
YPL100W,YCL032W,0,-7.2466717,0.10382112115621567,0.9890000224113464,0.8536999821662903
YKL011C,YDR331W,0,-7.2470484,0.10381022095680237,0.9890000224113464,0.8537999987602234
YAL042W,YPL224C,0,-7.2478013,0.10379932820796967,0.9890000224113464,0.8539000153541565
YGR229C,YKL056C,0,-7.2480993,0.10378843545913696,0.9890000224113464,0.8539999723434448
YDR335W,YOR149C,0,-7.2484827,0.10377754271030426,0.9890000224113464,0.8540999889373779
YDL138W,YCR053W,0,-7.2490005,0.10376665741205215,0.9890000224113464,0.854200005531311
YPR001W,YMR029C,0,-7.250348,0.10375577211380005,0.9890000224113464,0.8543000221252441
YMR072W,YGR180C,0,-7.2507744,0.10374488681554794,0.9890000224113464,0.8543999791145325
YKL055C,YMR175W,0,-7.251069,0.10373400151729584,0.9890000224113464,0.8544999957084656
YJL108C,YDR359C,0,-7.251156,0.10372312366962433,0.9890000224113464,0.8546000123023987
YPL242C,YCL004W,0,-7.2516184,0.10371224582195282,0.9890000224113464,0.8547000288963318
YAL042W,YBR240C,0,-7.2521896,0.10370137542486191,0.9890000224113464,0.8547999858856201
YGL124C,YDR328C,0,-7.2524443,0.1036904975771904,0.9890000224113464,0.8549000024795532
YLR377C,YBR283C,0,-7.252734,0.10367963463068008,0.9890000224113464,0.8550000190734863
YHR084W,YCR061W,0,-7.2540913,0.10366876423358917,0.9890000224113464,0.8550999760627747
YKL160W,YFR052W,0,-7.254482,0.10365789383649826,0.9890000224113464,0.8551999926567078
YNL328C,YNL302C,0,-7.2547083,0.10364703088998795,0.9890000224113464,0.8553000092506409
YGL068W,YNL241C,0,-7.255161,0.10363617539405823,0.9890000224113464,0.855400025844574
YBR107C,YHR016C,0,-7.2552667,0.10362531244754791,0.9890000224113464,0.8554999828338623
YBR155W,YDR116C,0,-7.255966,0.1036144569516182,0.9890000224113464,0.8555999994277954
YBR192W,YCR083W,0,-7.2566304,0.10360360145568848,0.9890000224113464,0.8557000160217285
YGL142C,YLR205C,0,-7.2569437,0.10359275341033936,0.9890000224113464,0.8557999730110168
YNL307C,YPR052C,0,-7.258602,0.10358190536499023,0.9890000224113464,0.85589998960495
YDR423C,YLL011W,0,-7.2594976,0.10357105731964111,0.9890000224113464,0.8560000061988831
YBR145W,YML098W,0,-7.259767,0.10356020927429199,0.9890000224113464,0.8561000227928162
YBR211C,YER001W,0,-7.2599564,0.10354936867952347,0.9890000224113464,0.8561999797821045
YNL280C,YJR145C,0,-7.260988,0.10353852808475494,0.9890000224113464,0.8562999963760376
YNL281W,YBR105C,0,-7.2632723,0.10352768748998642,0.9890000224113464,0.8564000129699707
YBR008C,YHR001W-A,0,-7.263584,0.10351685434579849,0.9890000224113464,0.8565000295639038
YKL085W,YCR042C,0,-7.264847,0.10350602120161057,0.9890000224113464,0.8565999865531921
YFL057C,YMR214W,0,-7.265109,0.10349518805742264,0.9890000224113464,0.8567000031471252
YER019W,YJL010C,0,-7.2654586,0.10348435491323471,0.9890000224113464,0.8568000197410583
YHR042W,YHR167W,0,-7.2658577,0.10347352921962738,0.9890000224113464,0.8568999767303467
YCR038C,YDL079C,0,-7.2661285,0.10346270352602005,0.9890000224113464,0.8569999933242798
YOL164W,YKL086W,0,-7.266959,0.10345188528299332,0.9890000224113464,0.8571000099182129
YHR174W,YDR202C,0,-7.268224,0.10344105958938599,0.9890000224113464,0.857200026512146
YOL049W,YOR230W,0,-7.2690845,0.10343024134635925,0.9890000224113464,0.8572999835014343
YOL013C,YPR138C,0,-7.269543,0.10341943055391312,0.9890000224113464,0.8574000000953674
YDL181W,YOR106W,0,-7.269646,0.10340861231088638,0.9890000224113464,0.8575000166893005
YDR231C,YGR010W,0,-7.2704806,0.10339780151844025,0.9890000224113464,0.8575999736785889
YLR081W,YMR079W,0,-7.27108,0.10338699817657471,0.9890000224113464,0.857699990272522
YMR150C,YGR192C,0,-7.2722,0.10337618738412857,0.9890000224113464,0.8578000068664551
YJL194W,YGR155W,0,-7.272374,0.10336538404226303,0.9890000224113464,0.8579000234603882
YPR052C,YBR162C,0,-7.273652,0.10335458070039749,0.9890000224113464,0.8579999804496765
YJL102W,YDR055W,0,-7.2737417,0.10334378480911255,0.9890000224113464,0.8580999970436096
YML120C,YML023C,0,-7.2740154,0.10333298146724701,0.9890000224113464,0.8582000136375427
YPR002W,YBR162C,0,-7.2765,0.10332219302654266,0.9890000224113464,0.858299970626831
YIL142W,YML129C,0,-7.2789307,0.10331139713525772,0.9890000224113464,0.8583999872207642
YJL165C,YBR127C,0,-7.2796574,0.10330060869455338,0.9890000224113464,0.8585000038146973
YNL008C,YGL195W,0,-7.2802777,0.10328982025384903,0.9890000224113464,0.8586000204086304
YNR002C,YJL034W,0,-7.2832656,0.10327903181314468,0.9890000224113464,0.8586999773979187
YFL029C,YOR340C,0,-7.283348,0.10326824337244034,0.9890000224113464,0.8587999939918518
YNL110C,YJR110W,0,-7.2847238,0.10325746238231659,0.9890000224113464,0.8589000105857849
YPL100W,YJR145C,0,-7.2864814,0.10324668884277344,0.9890000224113464,0.859000027179718
YCR038C,YKL150W,0,-7.2867956,0.10323590785264969,0.9890000224113464,0.8590999841690063
YBR145W,YDL197C,0,-7.289038,0.10322513431310654,0.9890000224113464,0.8592000007629395
YPR155C,YIL109C,0,-7.2892246,0.10321436077356339,0.9890000224113464,0.8593000173568726
YAL044C,YCL055W,0,-7.2895727,0.10320358723402023,0.9890000224113464,0.8593999743461609
YIL159W,YNL302C,0,-7.2901483,0.10319282114505768,0.9890000224113464,0.859499990940094
YPR095C,YBR162C,0,-7.292804,0.10318205505609512,0.9890000224113464,0.8596000075340271
YHR116W,YNL088W,0,-7.2948856,0.10317128896713257,0.9890000224113464,0.8597000241279602
YJL129C,YBR183W,0,-7.2959194,0.10316053032875061,0.9890000224113464,0.8597999811172485
YGL180W,YMR183C,0,-7.2959466,0.10314977169036865,0.9890000224113464,0.8598999977111816
YNL268W,YBR024W,0,-7.296174,0.1031390130519867,0.9890000224113464,0.8600000143051147
YHR042W,YNL026W,0,-7.2962546,0.10312826186418533,0.9890000224113464,0.8600999712944031
YNL039W,YIL120W,0,-7.2981133,0.10311750322580338,0.9890000224113464,0.8601999878883362
YIL034C,YIL117C,0,-7.298942,0.10310675203800201,0.9890000224113464,0.8603000044822693
YDR142C,YKL056C,0,-7.2995043,0.10309600830078125,0.9890000224113464,0.8604000210762024
YPL043W,YGL062W,0,-7.3003764,0.10308526456356049,0.9890000224113464,0.8604999780654907
YOR144C,YKL165C,0,-7.300981,0.10307452082633972,0.9890000224113464,0.8605999946594238
YLR059C,YPL033C,0,-7.3014984,0.10306377708911896,0.9890000224113464,0.8607000112533569
YGR186W,YNL241C,0,-7.301634,0.10305304080247879,0.9890000224113464,0.86080002784729
YHR163W,YKL166C,0,-7.3029003,0.10304229706525803,0.9890000224113464,0.8608999848365784
YGL247W,YDL140C,0,-7.3037176,0.10303156822919846,0.9890000224113464,0.8610000014305115
YNL153C,YER142C,0,-7.3040447,0.10302083194255829,0.9890000224113464,0.8611000180244446
YPL043W,YCL054W,0,-7.3052926,0.10301010310649872,0.9890000224113464,0.8611999750137329
YOR239W,YPL043W,0,-7.305603,0.10299937427043915,0.9890000224113464,0.861299991607666
YIL120W,YOL127W,0,-7.3064165,0.10298865288496017,0.9890000224113464,0.8614000082015991
YJL148W,YER117W,0,-7.307527,0.1029779240489006,0.9890000224113464,0.8615000247955322
YPL101W,YML058W-A,0,-7.3082027,0.10296720266342163,0.9890000224113464,0.8615999817848206
YER179W,YCL032W,0,-7.3118424,0.10295648872852325,0.9890000224113464,0.8616999983787537
YKL165C,YIR015W,0,-7.3122253,0.10294576734304428,0.9890000224113464,0.8618000149726868
YJL184W,YGR063C,0,-7.3126316,0.1029350534081459,0.9890000224113464,0.8618999719619751
YLR259C,YOR340C,0,-7.3140316,0.10292433947324753,0.9890000224113464,0.8619999885559082
YOR037W,YGR192C,0,-7.314187,0.10291363298892975,0.9890000224113464,0.8621000051498413
YML073C,YGR059W,0,-7.3145504,0.10290292650461197,0.9890000224113464,0.8622000217437744
YKL029C,YDR453C,0,-7.314582,0.10289222002029419,0.9890000224113464,0.8622999787330627
YLR335W,YOL117W,0,-7.3154,0.10288151353597641,0.9890000224113464,0.8623999953269958
YBL098W,YML080W,0,-7.316548,0.10287081450223923,0.9890000224113464,0.862500011920929
YIR005W,YGL030W,1,-7.3169107,0.1029641181230545,0.9900000095367432,0.862500011920929
YIL117C,YDR398W,0,-7.317042,0.10295341163873672,0.9900000095367432,0.8626000285148621
YBR275C,YKL034W,0,-7.3182735,0.10294270515441895,0.9900000095367432,0.8626999855041504
YMR250W,YER106W,0,-7.318989,0.10293200612068176,0.9900000095367432,0.8628000020980835
YDL045C,YDR341C,0,-7.319154,0.10292129963636398,0.9900000095367432,0.8629000186920166
YLR078C,YFL011W,0,-7.3198934,0.1029106006026268,0.9900000095367432,0.8629999756813049
YDR388W,YNR006W,0,-7.3199635,0.10289990901947021,0.9900000095367432,0.863099992275238
YPL110C,YJL026W,0,-7.3205957,0.10288920998573303,0.9900000095367432,0.8632000088691711
YFL029C,YER179W,0,-7.3215075,0.10287851840257645,0.9900000095367432,0.8633000254631042
YPR155C,YDL140C,0,-7.321576,0.10286782681941986,0.9900000095367432,0.8633999824523926
YPL177C,YPL211W,0,-7.3219604,0.10285714268684387,0.9900000095367432,0.8634999990463257
YPL018W,YBR002C,0,-7.322258,0.10284645855426788,0.9900000095367432,0.8636000156402588
YPR165W,YHR012W,0,-7.322555,0.1028357744216919,0.9900000095367432,0.8636999726295471
YOL013C,YBL061C,0,-7.323181,0.1028250902891159,0.9900000095367432,0.8637999892234802
YHR181W,YOR230W,0,-7.3231974,0.10281441360712051,0.9900000095367432,0.8639000058174133
YDR046C,YNL044W,0,-7.323931,0.10280373692512512,0.9900000095367432,0.8640000224113464
YDL126C,YOL122C,0,-7.324401,0.10279306769371033,0.9900000095367432,0.8640999794006348
YDL003W,YIL084C,0,-7.325071,0.10278239101171494,0.9900000095367432,0.8641999959945679
YNR054C,YPL026C,0,-7.325429,0.10277172178030014,0.9900000095367432,0.864300012588501
YKL191W,YER070W,0,-7.328516,0.10276105254888535,0.9900000095367432,0.8644000291824341
YMR184W,YDL036C,0,-7.329252,0.10275039076805115,0.9900000095367432,0.8644999861717224
YIL034C,YNR015W,0,-7.3309493,0.10273972898721695,0.9900000095367432,0.8646000027656555
YDR372C,YFR003C,0,-7.331278,0.10272906720638275,0.9900000095367432,0.8647000193595886
YJR022W,YER068W,1,-7.3314867,0.10282216221094131,0.9909999966621399,0.8647000193595886
YGL151W,YDR453C,0,-7.3315935,0.10281149297952652,0.9909999966621399,0.864799976348877
YPR057W,YGL030W,1,-7.3317842,0.10290456563234329,0.9919999837875366,0.864799976348877
YER165W,YMR270C,0,-7.3326283,0.1028938889503479,0.9919999837875366,0.8648999929428101
YJR092W,YNL302C,0,-7.3327093,0.1028832197189331,0.9919999837875366,0.8650000095367432
YMR250W,YGR249W,0,-7.3333707,0.10287255048751831,0.9919999837875366,0.8651000261306763
YOL039W,YMR013C,0,-7.334014,0.10286188125610352,0.9919999837875366,0.8651999831199646
YJR010C-A,YDR485C,0,-7.33428,0.10285121947526932,0.9919999837875366,0.8652999997138977
YDR425W,YKL086W,0,-7.335623,0.10284055769443512,0.9919999837875366,0.8654000163078308
YLR066W,YNL186W,0,-7.335987,0.10282989591360092,0.9919999837875366,0.8654999732971191
YJR139C,YHL009C,0,-7.3369308,0.10281923413276672,0.9919999837875366,0.8655999898910522
YOR099W,YOR212W,0,-7.3372107,0.10280857980251312,0.9919999837875366,0.8657000064849854
YGL003C,YCR053W,0,-7.3372297,0.10279792547225952,0.9919999837875366,0.8658000230789185
YHR193C,YBR240C,0,-7.3374844,0.10278727859258652,0.9919999837875366,0.8658999800682068
YDR337W,YJL026W,0,-7.3393135,0.10277662426233292,0.9919999837875366,0.8659999966621399
YHR181W,YFR003C,0,-7.339573,0.10276597738265991,0.9919999837875366,0.866100013256073
YMR073C,YDR453C,0,-7.340152,0.1027553379535675,0.9919999837875366,0.8661999702453613
YFL048C,YIL119C,0,-7.3411427,0.1027446910738945,0.9919999837875366,0.8662999868392944
YER179W,YDR202C,0,-7.3437386,0.1027340516448021,0.9919999837875366,0.8664000034332275
YMR011W,YDR456W,0,-7.3454895,0.10272341221570969,0.9919999837875366,0.8665000200271606
YFL016C,YDR202C,0,-7.3461847,0.10271278023719788,0.9919999837875366,0.866599977016449
YBR050C,YDR388W,0,-7.3470926,0.10270214080810547,0.9919999837875366,0.8666999936103821
YPR020W,YML073C,0,-7.347162,0.10269150882959366,0.9919999837875366,0.8668000102043152
YDL083C,YGR211W,0,-7.3484707,0.10268088430166245,0.9919999837875366,0.8669000267982483
YDR397C,YDR388W,0,-7.3505893,0.10267025232315063,0.9919999837875366,0.8669999837875366
YLR011W,YIL053W,0,-7.352659,0.10265962779521942,0.9919999837875366,0.8671000003814697
YNL030W,YCR083W,0,-7.3535004,0.10264900326728821,0.9919999837875366,0.8672000169754028
YML080W,YOL121C,0,-7.3540506,0.10263838618993759,0.9919999837875366,0.8672999739646912
YIL070C,YLL011W,0,-7.3544207,0.10262776911258698,0.9919999837875366,0.8673999905586243
YLR068W,YMR079W,0,-7.355816,0.10261715203523636,0.9919999837875366,0.8675000071525574
YOR349W,YAL042W,0,-7.356283,0.10260653495788574,0.9919999837875366,0.8676000237464905
YOL013C,YMR076C,0,-7.357114,0.10259592533111572,0.9919999837875366,0.8676999807357788
YGR097W,YPL043W,0,-7.357115,0.1025853157043457,0.9919999837875366,0.8677999973297119
YPL171C,YIL109C,0,-7.3581085,0.10257470607757568,0.9919999837875366,0.867900013923645
YBL098W,YPR025C,0,-7.359473,0.10256410390138626,0.9919999837875366,0.8679999709129333
YHR034C,YDL083C,0,-7.3609815,0.10255350172519684,0.9919999837875366,0.8680999875068665
YHR171W,YKL197C,0,-7.361147,0.10254289954900742,0.9919999837875366,0.8682000041007996
YBR132C,YJL048C,0,-7.361716,0.102532297372818,0.9919999837875366,0.8683000206947327
YGL030W,YKL095W,1,-7.361835,0.1026250496506691,0.9929999709129333,0.8683000206947327
YGR088W,YPR070W,0,-7.361877,0.10261444747447968,0.9929999709129333,0.868399977684021
YOL043C,YMR203W,0,-7.3623395,0.10260384529829025,0.9929999709129333,0.8684999942779541
YDR298C,YGR010W,0,-7.3627644,0.10259324312210083,0.9929999709129333,0.8686000108718872
YJL102W,YDR515W,0,-7.3661165,0.10258264094591141,0.9929999709129333,0.8687000274658203
YDL197C,YDR098C,0,-7.366335,0.10257204622030258,0.9929999709129333,0.8687999844551086
YIL034C,YGL143C,0,-7.366963,0.10256145149469376,0.9929999709129333,0.8689000010490417
YGR224W,YDR098C,0,-7.3673706,0.10255086421966553,0.9929999709129333,0.8690000176429749
YOR239W,YDL003W,0,-7.367486,0.1025402694940567,0.9929999709129333,0.8690999746322632
YJL194W,YMR284W,0,-7.370166,0.10252968221902847,0.9929999709129333,0.8691999912261963
YOL013C,YDR515W,0,-7.3706427,0.10251910239458084,0.9929999709129333,0.8693000078201294
YPR134W,YDL083C,0,-7.3720093,0.10250851511955261,0.9929999709129333,0.8694000244140625
YHR174W,YML098W,0,-7.3728094,0.10249793529510498,0.9929999709129333,0.8694999814033508
YLR160C,YIL142W,0,-7.373482,0.10248735547065735,0.9929999709129333,0.8695999979972839
YIL118W,YLR048W,0,-7.3737564,0.10247678309679031,0.9929999709129333,0.869700014591217
YGR222W,YJL048C,0,-7.3741736,0.10246620327234268,0.9929999709129333,0.8697999715805054
YGL030W,YLR424W,1,-7.374628,0.10255881398916245,0.9940000176429749,0.8697999715805054
YHR034C,YEL004W,0,-7.37525,0.10254823416471481,0.9940000176429749,0.8698999881744385
YHR174W,YPL242C,0,-7.3766937,0.10253765434026718,0.9940000176429749,0.8700000047683716
YBL080C,YGR239C,0,-7.3769503,0.10252707451581955,0.9940000176429749,0.8701000213623047
YMR072W,YDL145C,0,-7.3776608,0.10251650214195251,0.9940000176429749,0.870199978351593
YGR218W,YDL019C,0,-7.3779078,0.10250592976808548,0.9940000176429749,0.8702999949455261
YHR005C,YLR355C,0,-7.378647,0.10249535739421844,0.9940000176429749,0.8704000115394592
YIL155C,YBR127C,0,-7.378737,0.102484792470932,0.9940000176429749,0.8705000281333923
YNL008C,YOR209C,0,-7.379096,0.10247422754764557,0.9940000176429749,0.8705999851226807
YDL143W,YAR033W,0,-7.379408,0.10246366262435913,0.9940000176429749,0.8707000017166138
YJL208C,YGR285C,0,-7.382761,0.10245310515165329,0.9940000176429749,0.8708000183105469
YJL090C,YKL086W,0,-7.3829446,0.10244254022836685,0.9940000176429749,0.8708999752998352
YPL190C,YJL076W,0,-7.383913,0.10243199020624161,0.9940000176429749,0.8709999918937683
YNL009W,YMR201C,0,-7.384351,0.10242143273353577,0.9940000176429749,0.8711000084877014
YGR041W,YDR083W,0,-7.384465,0.10241088271141052,0.9940000176429749,0.8712000250816345
YFL025C,YJL048C,0,-7.3847246,0.10240033268928528,0.9940000176429749,0.8712999820709229
YER164W,YLR048W,0,-7.385548,0.10238978266716003,0.9940000176429749,0.871399998664856
YJL148W,YBR162C,0,-7.3855896,0.10237923264503479,0.9940000176429749,0.8715000152587891
YGL238W,YGR249W,0,-7.3860164,0.10236869007349014,0.9940000176429749,0.8715999722480774
YHR039C,YKL034W,0,-7.386244,0.1023581475019455,0.9940000176429749,0.8716999888420105
YGL256W,YGL008C,0,-7.386835,0.10234761238098145,0.9940000176429749,0.8718000054359436
YGL084C,YBL058W,0,-7.387444,0.1023370772600174,0.9940000176429749,0.8719000220298767
YDL045C,YDR453C,0,-7.388363,0.10232654213905334,0.9940000176429749,0.871999979019165
YML032C,YMR197C,0,-7.389287,0.1023160070180893,0.9940000176429749,0.8720999956130981
YMR139W,YNL241C,0,-7.3902807,0.10230547189712524,0.9940000176429749,0.8722000122070312
YAL007C,YIL053W,0,-7.3914466,0.10229494422674179,0.9940000176429749,0.8723000288009644
YKL086W,YOL105C,0,-7.391568,0.10228442400693893,0.9940000176429749,0.8723999857902527
YJL214W,YDR122W,0,-7.3927064,0.10227389633655548,0.9940000176429749,0.8725000023841858
YLL018C-A,YAL016W,0,-7.3936872,0.10226337611675262,0.9940000176429749,0.8726000189781189
YDL029W,YJL128C,0,-7.3939676,0.10225285589694977,0.9940000176429749,0.8726999759674072
YJR150C,YJL148W,0,-7.3948,0.10224233567714691,0.9940000176429749,0.8727999925613403
YDR122W,YKL195W,0,-7.396103,0.10223182290792465,0.9940000176429749,0.8729000091552734
YOL063C,YDR165W,0,-7.3969193,0.10222131013870239,0.9940000176429749,0.8730000257492065
YDL230W,YAL016W,0,-7.3980002,0.10221079736948013,0.9940000176429749,0.8730999827384949
YLR068W,YHR042W,0,-7.398485,0.10220028460025787,0.9940000176429749,0.873199999332428
YAL054C,YER044C,0,-7.3992047,0.10218977928161621,0.9940000176429749,0.8733000159263611
YMR301C,YNL280C,0,-7.399367,0.10217927396297455,0.9940000176429749,0.8733999729156494
YML012W,YBR083W,0,-7.40187,0.10216877609491348,0.9940000176429749,0.8734999895095825
YJR145C,YMR203W,0,-7.402714,0.10215827077627182,0.9940000176429749,0.8736000061035156
YHL040C,YDR021W,0,-7.4034767,0.10214777290821075,0.9940000176429749,0.8737000226974487
YAL042W,YPL153C,0,-7.4036694,0.10213728249073029,0.9940000176429749,0.8737999796867371
YMR011W,YHR203C,0,-7.4042883,0.10212678462266922,0.9940000176429749,0.8738999962806702
YOR180C,YPL265W,0,-7.405238,0.10211629420518875,0.9940000176429749,0.8740000128746033
YMR250W,YPL209C,0,-7.4061704,0.10210580378770828,0.9940000176429749,0.8741000294685364
YKL011C,YLR293C,0,-7.406475,0.10209531337022781,0.9940000176429749,0.8741999864578247
YCL043C,YOR106W,0,-7.407446,0.10208483040332794,0.9940000176429749,0.8743000030517578
YER070W,YCL008C,0,-7.408227,0.10207434743642807,0.9940000176429749,0.8744000196456909
YGR227W,YOL020W,0,-7.4094076,0.1020638644695282,0.9940000176429749,0.8744999766349792
YLR248W,YJL121C,0,-7.410504,0.10205338895320892,0.9940000176429749,0.8745999932289124
YNL020C,YNR002C,0,-7.4111543,0.10204291343688965,0.9940000176429749,0.8747000098228455
YBR050C,YCL063W,0,-7.4113135,0.10203243792057037,0.9940000176429749,0.8748000264167786
YGL008C,YIL120W,0,-7.41407,0.1020219624042511,0.9940000176429749,0.8748999834060669
YFR030W,YFL008W,0,-7.4146013,0.10201149433851242,0.9940000176429749,0.875
YGR258C,YDR388W,0,-7.41471,0.10200102627277374,0.9940000176429749,0.8751000165939331
YNL220W,YLR135W,0,-7.414939,0.10199055820703506,0.9940000176429749,0.8751999735832214
YCR038C,YOL129W,0,-7.416354,0.10198009759187698,0.9940000176429749,0.8752999901771545
YGL013C,YJL026W,0,-7.418463,0.1019696369767189,0.9940000176429749,0.8754000067710876
YMR184W,YER114C,0,-7.420225,0.10195917636156082,0.9940000176429749,0.8755000233650208
YOR034C,YGR054W,0,-7.4202614,0.10194871574640274,0.9940000176429749,0.8755999803543091
YKL146W,YNL084C,0,-7.42066,0.10193826258182526,0.9940000176429749,0.8756999969482422
YPR018W,YGL229C,0,-7.42109,0.10192780941724777,0.9940000176429749,0.8758000135421753
YMR138W,YBR066C,0,-7.421857,0.10191735625267029,0.9940000176429749,0.8758999705314636
YGL143C,YCR084C,0,-7.4237223,0.1019069105386734,0.9940000176429749,0.8759999871253967
YBR087W,YKL080W,0,-7.4244547,0.10189646482467651,0.9940000176429749,0.8761000037193298
YDR087C,YGR285C,0,-7.424664,0.10188601911067963,0.9940000176429749,0.8762000203132629
YML058W-A,YOL122C,0,-7.425129,0.10187557339668274,0.9940000176429749,0.8762999773025513
YLR192C,YKL080W,0,-7.4259324,0.10186513513326645,0.9940000176429749,0.8763999938964844
YMR072W,YOR039W,0,-7.4260635,0.10185469686985016,0.9940000176429749,0.8765000104904175
YOL142W,YKL056C,0,-7.4261804,0.10184425860643387,0.9940000176429749,0.8766000270843506
YDL003W,YJR145C,0,-7.4270563,0.10183382779359818,0.9940000176429749,0.8766999840736389
YNL307C,YDR359C,0,-7.4271555,0.10182339698076248,0.9940000176429749,0.876800000667572
YOR144C,YBR210W,0,-7.428293,0.10181296616792679,0.9940000176429749,0.8769000172615051
YGL192W,YPL106C,0,-7.4291987,0.10180254280567169,0.9940000176429749,0.8769999742507935
YPR083W,YJR010C-A,0,-7.429335,0.101792111992836,0.9940000176429749,0.8770999908447266
YMR232W,YBL058W,0,-7.431054,0.1017816886305809,0.9940000176429749,0.8772000074386597
YNR010W,YKL165C,0,-7.431217,0.1017712727189064,0.9940000176429749,0.8773000240325928
YPL210C,YIL022W,0,-7.431386,0.1017608493566513,0.9940000176429749,0.8773999810218811
YHL040C,YJL194W,0,-7.433157,0.1017504334449768,0.9940000176429749,0.8774999976158142
YNL053W,YBR066C,0,-7.4341316,0.10174001753330231,0.9940000176429749,0.8776000142097473
YNL302C,YHR138C,0,-7.434587,0.1017296090722084,0.9940000176429749,0.8776999711990356
YCR107W,YJL076W,0,-7.435834,0.1017192006111145,0.9940000176429749,0.8777999877929688
YKR038C,YFR003C,0,-7.4376297,0.1017087921500206,0.9940000176429749,0.8779000043869019
YCR009C,YLR025W,0,-7.4381943,0.1016983836889267,0.9940000176429749,0.878000020980835
YIL131C,YGL062W,0,-7.4384294,0.10168798267841339,0.9940000176429749,0.8780999779701233
YLR384C,YGL192W,0,-7.4410043,0.10167757421731949,0.9940000176429749,0.8781999945640564
YLR259C,YOR212W,0,-7.442707,0.10166718065738678,0.9940000176429749,0.8783000111579895
YHR073W,YGL037C,0,-7.4446964,0.10165677964687347,0.9940000176429749,0.8784000277519226
YDR309C,YDR202C,0,-7.4451933,0.10164638608694077,0.9940000176429749,0.8784999847412109
YKL220C,YGL229C,0,-7.4454064,0.10163599252700806,0.9940000176429749,0.878600001335144
YKL093W,YDL036C,0,-7.445723,0.10162559896707535,0.9940000176429749,0.8787000179290771
YER035W,YGL084C,0,-7.445927,0.10161521285772324,0.9940000176429749,0.8787999749183655
YNL280C,YOR064C,0,-7.4460373,0.10160482674837112,0.9940000176429749,0.8788999915122986
YCR038C,YBR162C,0,-7.4471197,0.10159444063901901,0.9940000176429749,0.8790000081062317
YLR205C,YNL110C,0,-7.447832,0.1015840545296669,0.9940000176429749,0.8791000247001648
YNL327W,YIL118W,0,-7.4488597,0.10157367587089539,0.9940000176429749,0.8791999816894531
YGR155W,YJL148W,0,-7.4492283,0.10156329721212387,0.9940000176429749,0.8792999982833862
YOR239W,YLL026W,0,-7.4494686,0.10155291855335236,0.9940000176429749,0.8794000148773193
YPL269W,YNL339C,0,-7.451949,0.10154254734516144,0.9940000176429749,0.8794999718666077
YLR242C,YER001W,0,-7.452574,0.10153217613697052,0.9940000176429749,0.8795999884605408
YGL016W,YDR202C,0,-7.452902,0.1015218049287796,0.9940000176429749,0.8797000050544739
YKR066C,YMR104C,0,-7.4536533,0.10151144117116928,0.9940000176429749,0.879800021648407
YPL224C,YDR189W,0,-7.4536767,0.10150106996297836,0.9940000176429749,0.8798999786376953
YBR059C,YBL058W,0,-7.4538264,0.10149070620536804,0.9940000176429749,0.8799999952316284
YOR377W,YBR087W,0,-7.454364,0.10148034989833832,0.9940000176429749,0.8801000118255615
YKR066C,YNR006W,0,-7.454433,0.101469986140728,0.9940000176429749,0.8802000284194946
YML129C,YDL036C,0,-7.4546533,0.10145962983369827,0.9940000176429749,0.880299985408783
YGL008C,YDR388W,0,-7.4551897,0.10144927352666855,0.9940000176429749,0.8804000020027161
YBR066C,YOL142W,0,-7.4555955,0.10143892467021942,0.9940000176429749,0.8805000185966492
YBR050C,YDR083W,0,-7.4561543,0.1014285683631897,0.9940000176429749,0.8805999755859375
YOR031W,YML014W,0,-7.456814,0.10141821950674057,0.9940000176429749,0.8806999921798706
YIR033W,YPL211W,0,-7.4578776,0.10140787810087204,0.9940000176429749,0.8808000087738037
YCR038C,YHR161C,0,-7.4587183,0.10139752924442291,0.9940000176429749,0.8809000253677368
YER003C,YLR025W,0,-7.4591246,0.10138718783855438,0.9940000176429749,0.8809999823570251
YER165W,YJR145C,0,-7.4593325,0.10137684643268585,0.9940000176429749,0.8810999989509583
YML120C,YML032C,0,-7.459426,0.10136651247739792,0.9940000176429749,0.8812000155448914
YDR423C,YDL142C,0,-7.460296,0.10135617107152939,0.9940000176429749,0.8812999725341797
YBR172C,YML093W,0,-7.462817,0.10134583711624146,0.9940000176429749,0.8813999891281128
YDR202C,YCR072C,0,-7.463922,0.10133551061153412,0.9940000176429749,0.8815000057220459
YJR070C,YIL123W,0,-7.4643464,0.10132517665624619,0.9940000176429749,0.881600022315979
YER001W,YGL006W,0,-7.46577,0.10131485015153885,0.9940000176429749,0.8816999793052673
YIL112W,YER106W,0,-7.4664307,0.10130452364683151,0.9940000176429749,0.8817999958992004
YKR076W,YBL105C,0,-7.466679,0.10129420459270477,0.9940000176429749,0.8819000124931335
YFL048C,YGL219C,0,-7.468637,0.10128387808799744,0.9940000176429749,0.8820000290870667
YJL129C,YNL339C,0,-7.469939,0.1012735590338707,0.9940000176429749,0.882099986076355
YDR277C,YML103C,0,-7.4702644,0.10126323997974396,0.9940000176429749,0.8822000026702881
YHR150W,YGL004C,0,-7.4713697,0.10125292837619781,0.9940000176429749,0.8823000192642212
YCR053W,YIL008W,0,-7.471719,0.10124261677265167,0.9940000176429749,0.8823999762535095
YOL020W,YDL235C,0,-7.47178,0.10123230516910553,0.9940000176429749,0.8824999928474426
YLR377C,YFR052W,0,-7.4723115,0.10122199356555939,0.9940000176429749,0.8826000094413757
YBR008C,YPR083W,0,-7.472493,0.10121168941259384,0.9940000176429749,0.8827000260353088
YHR160C,YER072W,0,-7.4744215,0.1012013852596283,0.9940000176429749,0.8827999830245972
YOL156W,YLL011W,0,-7.475256,0.10119108110666275,0.9940000176429749,0.8828999996185303
YFL011W,YNL186W,0,-7.477104,0.1011807844042778,0.9940000176429749,0.8830000162124634
YDL145C,YKL080W,0,-7.4782977,0.10117048025131226,0.9940000176429749,0.8830999732017517
YJR092W,YOL002C,0,-7.4789333,0.10116018354892731,0.9940000176429749,0.8831999897956848
YML120C,YGL004C,0,-7.4789476,0.10114989429712296,0.9940000176429749,0.8833000063896179
YNR002C,YPL082C,0,-7.4800687,0.101139597594738,0.9940000176429749,0.883400022983551
YLR304C,YOR254C,0,-7.4804015,0.10112930834293365,0.9940000176429749,0.8834999799728394
YOR260W,YLR006C,0,-7.4814534,0.1011190265417099,0.9940000176429749,0.8835999965667725
YLR377C,YDR359C,0,-7.4831142,0.10110873728990555,0.9940000176429749,0.8837000131607056
YNL302C,YKL056C,0,-7.484963,0.1010984554886818,0.9940000176429749,0.8838000297546387
YOL013C,YBL033C,0,-7.486169,0.10108817368745804,0.9940000176429749,0.883899986743927
YPL059W,YOL133W,0,-7.4865007,0.10107789188623428,0.9940000176429749,0.8840000033378601
YKL085W,YPL146C,0,-7.4872093,0.10106761753559113,0.9940000176429749,0.8841000199317932
YHR116W,YNL061W,0,-7.4901357,0.10105734318494797,0.9940000176429749,0.8841999769210815
YKL085W,YMR104C,0,-7.4906306,0.10104706883430481,0.9940000176429749,0.8842999935150146
YDR273W,YCR028C,0,-7.4923162,0.10103679448366165,0.9940000176429749,0.8844000101089478
YMR052W,YKR059W,0,-7.493395,0.10102652758359909,0.9940000176429749,0.8845000267028809
YJR083C,YER044C,0,-7.4934797,0.10101626068353653,0.9940000176429749,0.8845999836921692
YDR397C,YIL053W,0,-7.4945173,0.10100599378347397,0.9940000176429749,0.8847000002861023
YDR423C,YNL088W,0,-7.4957776,0.100995734333992,0.9940000176429749,0.8848000168800354
YBR073W,YMR079W,0,-7.495825,0.10098547488451004,0.9940000176429749,0.8848999738693237
YBR129C,YEL060C,0,-7.49615,0.10097521543502808,0.9940000176429749,0.8849999904632568
YHR150W,YDR451C,0,-7.499103,0.10096495598554611,0.9940000176429749,0.8851000070571899
YDR009W,YGR211W,0,-7.501259,0.10095470398664474,0.9940000176429749,0.885200023651123
YFL057C,YJR145C,0,-7.5026083,0.10094445198774338,0.9940000176429749,0.8852999806404114
YMR119W,YNL030W,0,-7.502904,0.10093419998884201,0.9940000176429749,0.8853999972343445
YLR007W,YER070W,0,-7.5076222,0.10092394798994064,0.9940000176429749,0.8855000138282776
YCL004W,YNL131W,0,-7.5084968,0.10091370344161987,0.9940000176429749,0.8855999708175659
YNR002C,YOL108C,0,-7.5105886,0.1009034588932991,0.9940000176429749,0.885699987411499
YBR218C,YDR087C,0,-7.5111694,0.10089322179555893,0.9940000176429749,0.8858000040054321
YER028C,YKL056C,0,-7.5114717,0.10088297724723816,0.9940000176429749,0.8859000205993652
YGR024C,YAL016W,0,-7.5115314,0.10087274014949799,0.9940000176429749,0.8859999775886536
YDR165W,YJL154C,0,-7.512471,0.10086250305175781,0.9940000176429749,0.8860999941825867
YBL098W,YLR219W,0,-7.5137634,0.10085227340459824,0.9940000176429749,0.8862000107765198
YNL147W,YPR094W,1,-7.5141315,0.10094349086284637,0.9950000047683716,0.8862000107765198
YMR296C,YOR386W,0,-7.514642,0.1009332537651062,0.9950000047683716,0.8863000273704529
YML008C,YHR061C,0,-7.514736,0.10092301666736603,0.9950000047683716,0.8863999843597412
YLR081W,YML047C,0,-7.5151963,0.10091277956962585,0.9950000047683716,0.8865000009536743
YFL057C,YDR298C,0,-7.5165253,0.10090254247188568,0.9950000047683716,0.8866000175476074
YMR298W,YBR183W,0,-7.5173817,0.1008923128247261,0.9950000047683716,0.8866999745368958
YNL280C,YMR250W,0,-7.5176153,0.10088208317756653,0.9950000047683716,0.8867999911308289
YPR020W,YIL129C,0,-7.518199,0.10087186098098755,0.9950000047683716,0.886900007724762
YPL188W,YKL056C,0,-7.5191174,0.10086163133382797,0.9950000047683716,0.8870000243186951
YML008C,YGL008C,0,-7.5192466,0.10085140913724899,0.9950000047683716,0.8870999813079834
YDL197C,YER117W,0,-7.519262,0.10084118694067001,0.9950000047683716,0.8871999979019165
YNL149C,YJL026W,0,-7.520268,0.10083097219467163,0.9950000047683716,0.8873000144958496
YKL165C,YCR072C,0,-7.5204077,0.10082074999809265,0.9950000047683716,0.8873999714851379
YFL023W,YDR059C,0,-7.5255594,0.10081053525209427,0.9950000047683716,0.887499988079071
YNL164C,YNL074C,0,-7.5261993,0.10080032050609589,0.9950000047683716,0.8876000046730042
YOL126C,YGR258C,0,-7.527355,0.1007901132106781,0.9950000047683716,0.8877000212669373
YMR298W,YDL014W,0,-7.5294833,0.10077990591526031,0.9950000047683716,0.8877999782562256
YCL025C,YDR180W,0,-7.531233,0.10076969861984253,0.9950000047683716,0.8878999948501587
YPL101W,YHR001W-A,0,-7.5315304,0.10075949132442474,0.9950000047683716,0.8880000114440918
YPR001W,YLR355C,0,-7.533033,0.10074929147958755,0.9950000047683716,0.8881000280380249
YNR075W,YHR163W,0,-7.533436,0.10073909163475037,0.9950000047683716,0.8881999850273132
YLR048W,YNL222W,0,-7.533716,0.10072889178991318,0.9950000047683716,0.8883000016212463
YDL230W,YNL070W,0,-7.5342007,0.10071869939565659,0.9950000047683716,0.8884000182151794
YGR177C,YOR307C,0,-7.5348773,0.1007084995508194,0.9950000047683716,0.8884999752044678
YGR258C,YIR022W,0,-7.5353985,0.1006983071565628,0.9950000047683716,0.8885999917984009
YBR231C,YHR161C,0,-7.535436,0.10068812221288681,0.9950000047683716,0.888700008392334
YIR041W,YMR079W,0,-7.5355353,0.10067792981863022,0.9950000047683716,0.8888000249862671
YHR171W,YDR273W,0,-7.535693,0.10066774487495422,0.9950000047683716,0.8888999819755554
YML113W,YLR417W,0,-7.536146,0.10065755993127823,0.9950000047683716,0.8889999985694885
YPL265W,YMR225C,0,-7.5364714,0.10064738243818283,0.9950000047683716,0.8891000151634216
YBR283C,YPL033C,0,-7.537606,0.10063719749450684,0.9950000047683716,0.88919997215271
YIL131C,YIL056W,0,-7.5379496,0.10062702000141144,0.9950000047683716,0.8892999887466431
YML120C,YER075C,0,-7.5385523,0.10061684995889664,0.9950000047683716,0.8894000053405762
YGR180C,YMR104C,0,-7.53878,0.10060667246580124,0.9950000047683716,0.8895000219345093
YNL167C,YNL339C,0,-7.53897,0.10059650242328644,0.9950000047683716,0.8895999789237976
YLR008C,YMR197C,0,-7.53979,0.10058633238077164,0.9950000047683716,0.8896999955177307
YNL274C,YOR287C,0,-7.5400586,0.10057616233825684,0.9950000047683716,0.8898000121116638
YNL009W,YJL102W,0,-7.5411005,0.10056599974632263,0.9950000047683716,0.8899000287055969
YDR098C,YOL031C,0,-7.5425262,0.10055583715438843,0.9950000047683716,0.8899999856948853
YAL007C,YHR041C,0,-7.5432787,0.10054567456245422,0.9950000047683716,0.8901000022888184
YLR384C,YKL195W,0,-7.544056,0.10053551942110062,0.9950000047683716,0.8902000188827515
YER070W,YDR341C,0,-7.545174,0.10052535682916641,0.9950000047683716,0.8902999758720398
YNL009W,YKL205W,0,-7.545273,0.1005152016878128,0.9950000047683716,0.8903999924659729
YFL010W-A,YKL195W,0,-7.545433,0.1005050539970398,0.9950000047683716,0.890500009059906
YOR329C,YOR149C,0,-7.545684,0.10049489885568619,0.9950000047683716,0.8906000256538391
YNL026W,YGR059W,0,-7.5470233,0.10048475116491318,0.9950000047683716,0.8906999826431274
YPL202C,YDR040C,0,-7.5472536,0.10047460347414017,0.9950000047683716,0.8907999992370605
YFL057C,YMR013C,0,-7.5473385,0.10046445578336716,0.9950000047683716,0.8909000158309937
YER044C,YGL037C,0,-7.548871,0.10045431554317474,0.9950000047683716,0.890999972820282
YCL032W,YKL034W,0,-7.551756,0.10044417530298233,0.9950000047683716,0.8910999894142151
YER035W,YER072W,0,-7.552651,0.10043403506278992,0.9950000047683716,0.8912000060081482
YOL009C,YBR162C,0,-7.553897,0.1004239022731781,0.9950000047683716,0.8913000226020813
YER179W,YMR250W,0,-7.553909,0.10041376203298569,0.9950000047683716,0.8913999795913696
YMR076C,YGL229C,0,-7.554041,0.10040362924337387,0.9950000047683716,0.8914999961853027
YOL142W,YMR284W,0,-7.554338,0.10039350390434265,0.9950000047683716,0.8916000127792358
YFR029W,YER070W,0,-7.555684,0.10038337111473083,0.9950000047683716,0.891700029373169
YER044C,YHR119W,0,-7.555794,0.10037324577569962,0.9950000047683716,0.8917999863624573
YHR193C,YNR054C,0,-7.556267,0.1003631204366684,0.9950000047683716,0.8919000029563904
YLR377C,YML123C,0,-7.5564795,0.10035300254821777,0.9950000047683716,0.8920000195503235
YLR110C,YKL150W,0,-7.5574903,0.10034287720918655,0.9950000047683716,0.8920999765396118
YOL108C,YDR122W,0,-7.558855,0.10033275932073593,0.9950000047683716,0.8921999931335449
YDR480W,YGL229C,0,-7.5601053,0.1003226488828659,0.9950000047683716,0.892300009727478
YPL026C,YCR060W,0,-7.5603094,0.10031253099441528,0.9950000047683716,0.8924000263214111
YDR335W,YBR267W,0,-7.560903,0.10030242055654526,0.9950000047683716,0.8924999833106995
YHR161C,YEL004W,0,-7.5616946,0.10029231011867523,0.9950000047683716,0.8925999999046326
YML132W,YJL048C,0,-7.561923,0.1002821996808052,0.9950000047683716,0.8927000164985657
YNL009W,YLR195C,0,-7.5624657,0.10027209669351578,0.9950000047683716,0.892799973487854
YLR068W,YBL050W,0,-7.562558,0.10026199370622635,0.9950000047683716,0.8928999900817871
YLR355C,YDR453C,0,-7.56395,0.10025189071893692,0.9950000047683716,0.8930000066757202
YER179W,YBL058W,0,-7.5652523,0.10024178773164749,0.9950000047683716,0.8931000232696533
YGL062W,YFL008W,0,-7.5654087,0.10023169219493866,0.9950000047683716,0.8931999802589417
YMR012W,YPL043W,0,-7.5655274,0.10022159665822983,0.9950000047683716,0.8932999968528748
YBR050C,YHR099W,0,-7.566368,0.100211501121521,0.9950000047683716,0.8934000134468079
YDL143W,YLR248W,0,-7.56645,0.10020141303539276,0.9950000047683716,0.8934999704360962
YLR394W,YPL043W,0,-7.5668006,0.10019131749868393,0.9950000047683716,0.8935999870300293
YBL016W,YJL048C,0,-7.5668817,0.1001812294125557,0.9950000047683716,0.8937000036239624
YDR205W,YCR061W,0,-7.567466,0.10017114877700806,0.9950000047683716,0.8938000202178955
YGL078C,YER179W,0,-7.5680127,0.10016106069087982,0.9950000047683716,0.8938999772071838
YLR081W,YDR432W,0,-7.5681553,0.10015098005533218,0.9950000047683716,0.8939999938011169
YKL029C,YBL102W,0,-7.5707335,0.10014089941978455,0.9950000047683716,0.89410001039505
YGL053W,YPR065W,0,-7.571804,0.1001308262348175,0.9950000047683716,0.8942000269889832
YKR066C,YDR341C,0,-7.575015,0.10012074559926987,0.9950000047683716,0.8942999839782715
YDR273W,YHR124W,0,-7.57571,0.10011067241430283,0.9950000047683716,0.8944000005722046
YGR192C,YJL048C,0,-7.5768156,0.10010060667991638,0.9950000047683716,0.8945000171661377
YOR180C,YKL197C,0,-7.579443,0.10009053349494934,0.9950000047683716,0.894599974155426
YJR076C,YOR230W,0,-7.581581,0.1000804677605629,0.9950000047683716,0.8946999907493591
YDL142C,YIR041W,0,-7.5815954,0.10007040202617645,0.9950000047683716,0.8948000073432922
YBR066C,YDR081C,0,-7.581804,0.10006033629179001,0.9950000047683716,0.8949000239372253
YPL248C,YFL036W,0,-7.5821342,0.10005027800798416,0.9950000047683716,0.8949999809265137
YNL009W,YGR211W,0,-7.582293,0.10004021972417831,0.9950000047683716,0.8950999975204468
YKL165C,YER169W,0,-7.5842104,0.10003016144037247,0.9950000047683716,0.8952000141143799
YFL016C,YLR008C,0,-7.5856476,0.10002010315656662,0.9950000047683716,0.8952999711036682
YER070W,YOR212W,0,-7.5872602,0.10001005232334137,0.9950000047683716,0.8953999876976013
YDR122W,YGL092W,0,-7.5873733,0.10000000149011612,0.9950000047683716,0.8955000042915344
YKL085W,YPR032W,0,-7.5877075,0.09998995065689087,0.9950000047683716,0.8956000208854675
YBR185C,YPL258C,0,-7.5880594,0.09997989982366562,0.9950000047683716,0.8956999778747559
YBR008C,YOR386W,0,-7.588735,0.09996985644102097,0.9950000047683716,0.895799994468689
YHR160C,YOL020W,0,-7.590808,0.09995981305837631,0.9950000047683716,0.8959000110626221
YPL146C,YGL008C,0,-7.5915947,0.09994977712631226,0.9950000047683716,0.8960000276565552
YDR481C,YBR024W,0,-7.5918245,0.0999397337436676,0.9950000047683716,0.8960999846458435
YLL026W,YLR332W,0,-7.5931177,0.09992969781160355,0.9950000047683716,0.8962000012397766
YOR031W,YGR054W,0,-7.593215,0.09991966187953949,0.9950000047683716,0.8963000178337097
YLL015W,YGL192W,0,-7.5937614,0.09990962594747543,0.9950000047683716,0.896399974822998
YBL016W,YJL052W,0,-7.5940924,0.09989959746599197,0.9950000047683716,0.8964999914169312
YNL065W,YLR242C,0,-7.5951767,0.09988956898450851,0.9950000047683716,0.8966000080108643
YGR224W,YBR283C,0,-7.598215,0.09987954050302505,0.9950000047683716,0.8967000246047974
YMR026C,YGR192C,0,-7.5982423,0.09986951947212219,0.9950000047683716,0.8967999815940857
YML008C,YBR037C,0,-7.598273,0.09985949099063873,0.9950000047683716,0.8968999981880188
YDR021W,YCR009C,0,-7.600051,0.09984946995973587,0.9950000047683716,0.8970000147819519
YPL018W,YBR267W,0,-7.6002784,0.0998394563794136,0.9950000047683716,0.8970999717712402
YCR107W,YKR079C,0,-7.6003017,0.09982943534851074,0.9950000047683716,0.8971999883651733
YAL042W,YDR289C,0,-7.600664,0.09981942176818848,0.9950000047683716,0.8973000049591064
YGR181W,YAL016W,0,-7.6018887,0.09980940818786621,0.9950000047683716,0.8974000215530396
YGR262C,YFR003C,0,-7.602629,0.09979939460754395,0.9950000047683716,0.8974999785423279
YFL048C,YDR116C,0,-7.6031823,0.09978938847780228,0.9950000047683716,0.897599995136261
YKL112W,YKR076W,0,-7.603694,0.09977938234806061,0.9950000047683716,0.8977000117301941
YER179W,YLR248W,0,-7.604404,0.09976937621831894,0.9950000047683716,0.8978000283241272
YPL248C,YBR295W,0,-7.6044817,0.09975937753915787,0.9950000047683716,0.8978999853134155
YFL021W,YDL079C,0,-7.604527,0.0997493714094162,0.9950000047683716,0.8980000019073486
YKL197C,YIR022W,0,-7.606472,0.09973937273025513,0.9950000047683716,0.8981000185012817
YDL181W,YGL013C,0,-7.608302,0.09972937405109406,0.9950000047683716,0.8981999754905701
YBR008C,YHR160C,0,-7.608393,0.09971938282251358,0.9950000047683716,0.8982999920845032
YOR099W,YPL118W,0,-7.609233,0.0997093915939331,0.9950000047683716,0.8984000086784363
YGL195W,YML047C,0,-7.610197,0.09969940036535263,0.9950000047683716,0.8985000252723694
YPL224C,YKL166C,0,-7.6140337,0.09968940913677216,0.9950000047683716,0.8985999822616577
YCL026C-A,YBR066C,0,-7.6166897,0.09967942535877228,0.9950000047683716,0.8986999988555908
YIL022W,YER031C,0,-7.6173577,0.0996694415807724,0.9950000047683716,0.8988000154495239
YGL124C,YOL127W,0,-7.621545,0.09965945780277252,0.9950000047683716,0.8988999724388123
YGR088W,YPL190C,0,-7.6223764,0.09964947402477264,0.9950000047683716,0.8989999890327454
YKR066C,YGL016W,0,-7.622472,0.09963949769735336,0.9950000047683716,0.8991000056266785
YMR296C,YHR163W,0,-7.6252465,0.09962952136993408,0.9950000047683716,0.8992000222206116
YOL127W,YDL140C,0,-7.627814,0.0996195450425148,0.9950000047683716,0.8992999792098999
YER028C,YIL053W,0,-7.6281223,0.09960956871509552,0.9950000047683716,0.899399995803833
YDR298C,YFR003C,0,-7.629594,0.09959959983825684,0.9950000047683716,0.8995000123977661
YBR295W,YPR065W,0,-7.6303434,0.09958963096141815,0.9950000047683716,0.8996000289916992
YDR191W,YGR180C,0,-7.631442,0.09957966208457947,0.9950000047683716,0.8996999859809875
YDR055W,YMR089C,0,-7.6317296,0.09956970065832138,0.9950000047683716,0.8998000025749207
YGL073W,YLR248W,0,-7.633345,0.0995597392320633,0.9950000047683716,0.8999000191688538
YKL146W,YDL014W,0,-7.633674,0.0995497778058052,0.9950000047683716,0.8999999761581421
YFL009W,YBR183W,0,-7.634142,0.09953981637954712,0.9950000047683716,0.9000999927520752
YCL026C-A,YBL050W,0,-7.6357174,0.09952986240386963,0.9950000047683716,0.9002000093460083
YDR214W,YPL269W,0,-7.6358614,0.09951990097761154,0.9950000047683716,0.9003000259399414
YGL068W,YIL119C,0,-7.6360197,0.09950995445251465,0.9950000047683716,0.9003999829292297
YPL110C,YKL093W,0,-7.6364717,0.09950000047683716,0.9950000047683716,0.9004999995231628
YOR329C,YMR203W,0,-7.6372166,0.09949005395174026,0.9950000047683716,0.900600016117096
YLR259C,YMR139W,0,-7.638828,0.09948010742664337,0.9950000047683716,0.9006999731063843
YPL021W,YML062C,0,-7.638898,0.09947016090154648,0.9950000047683716,0.9007999897003174
YBR234C,YFL011W,0,-7.6395535,0.09946021437644958,0.9950000047683716,0.9009000062942505
YGL195W,YGL068W,0,-7.640067,0.09945027530193329,0.9950000047683716,0.9010000228881836
YEL016C,YNL154C,0,-7.640569,0.09944033622741699,0.9950000047683716,0.9010999798774719
YML062C,YDL079C,0,-7.645661,0.0994303971529007,0.9950000047683716,0.901199996471405
YPL248C,YIR022W,0,-7.646273,0.099420465528965,0.9950000047683716,0.9013000130653381
YFL011W,YMR266W,0,-7.6462955,0.0994105339050293,0.9950000047683716,0.9014000296592712
YBR145W,YOR039W,0,-7.6478753,0.0994006022810936,0.9950000047683716,0.9014999866485596
YER167W,YML008C,0,-7.648994,0.0993906706571579,0.9950000047683716,0.9016000032424927
YDL145C,YER142C,0,-7.649189,0.0993807464838028,0.9950000047683716,0.9017000198364258
YLL019C,YOR212W,0,-7.6500273,0.0993708148598671,0.9950000047683716,0.9017999768257141
YCL004W,YML073C,0,-7.6509743,0.09936089813709259,0.9950000047683716,0.9018999934196472
YBR077C,YOL020W,0,-7.651036,0.09935097396373749,0.9950000047683716,0.9020000100135803
YIL120W,YPR065W,0,-7.6538954,0.09934105724096298,0.9950000047683716,0.9021000266075134
YHR174W,YLR240W,0,-7.655045,0.09933114051818848,0.9950000047683716,0.9021999835968018
YMR029C,YBR172C,0,-7.6551247,0.09932122379541397,0.9950000047683716,0.9023000001907349
YKL165C,YFL016C,0,-7.6551294,0.09931130707263947,0.9950000047683716,0.902400016784668
YGL084C,YOL002C,0,-7.655407,0.09930139780044556,0.9950000047683716,0.9024999737739563
YHR194W,YIL008W,0,-7.655496,0.09929148852825165,0.9950000047683716,0.9025999903678894
YPR138C,YPL188W,0,-7.656737,0.09928157925605774,0.9950000047683716,0.9027000069618225
YML120C,YOR103C,0,-7.65748,0.09927167743444443,0.9950000047683716,0.9028000235557556
YDR122W,YPL190C,0,-7.6575623,0.09926176816225052,0.9950000047683716,0.902899980545044
YKL080W,YEL041W,0,-7.6580977,0.0992518737912178,0.9950000047683716,0.902999997138977
YDR298C,YMR104C,0,-7.6591806,0.09924197196960449,0.9950000047683716,0.9031000137329102
YGL192W,YER003C,0,-7.661097,0.09923207014799118,0.9950000047683716,0.9031999707221985
YPL043W,YLR135W,0,-7.661459,0.09922217577695847,0.9950000047683716,0.9032999873161316
YMR150C,YPR134W,0,-7.6621265,0.09921228140592575,0.9950000047683716,0.9034000039100647
YMR150C,YOL039W,0,-7.6623774,0.09920239448547363,0.9950000047683716,0.9035000205039978
YCR072C,YNL070W,0,-7.6638274,0.09919250011444092,0.9950000047683716,0.9035999774932861
YFL029C,YGL078C,0,-7.6647673,0.0991826131939888,0.9950000047683716,0.9036999940872192
YMR079W,YGR285C,0,-7.6652317,0.09917272627353668,0.9950000047683716,0.9038000106811523
YCL055W,YGR180C,0,-7.666255,0.09916284680366516,0.9950000047683716,0.9039000272750854
YCL025C,YLL026W,0,-7.6667876,0.09915296733379364,0.9950000047683716,0.9039999842643738
YMR162C,YIR041W,0,-7.669004,0.09914308786392212,0.9950000047683716,0.9041000008583069
YNL312W,YGL229C,0,-7.6701584,0.0991332083940506,0.9950000047683716,0.90420001745224
YNL307C,YOR386W,0,-7.6714196,0.09912332892417908,0.9950000047683716,0.9042999744415283
YKL208W,YER032W,1,-7.671531,0.09921307116746902,0.9959999918937683,0.9042999744415283
YLR048W,YMR106C,0,-7.672725,0.0992031842470169,0.9959999918937683,0.9043999910354614
YOL164W,YER142C,0,-7.6729126,0.09919330477714539,0.9959999918937683,0.9045000076293945
YDL029W,YDR180W,0,-7.67306,0.09918343275785446,0.9959999918937683,0.9046000242233276
YIL034C,YCR053W,0,-7.6745405,0.09917355328798294,0.9959999918937683,0.904699981212616
YDL045C,YGL062W,0,-7.674724,0.09916368126869202,0.9959999918937683,0.9047999978065491
YBR185C,YNL339C,0,-7.674928,0.09915380924940109,0.9959999918937683,0.9049000144004822
YHR116W,YNL280C,0,-7.6752334,0.09914393723011017,0.9959999918937683,0.9049999713897705
YML113W,YOR087W,0,-7.6757827,0.09913407266139984,0.9959999918937683,0.9050999879837036
YGL030W,YDL098C,1,-7.678978,0.09922372549772263,0.996999979019165,0.9050999879837036
YHR019C,YPL153C,0,-7.681264,0.0992138534784317,0.996999979019165,0.9052000045776367
YKL195W,YNL302C,0,-7.6816454,0.09920398145914078,0.996999979019165,0.9053000211715698
YML123C,YJL145W,0,-7.6816463,0.09919410943984985,0.996999979019165,0.9053999781608582
YKL011C,YIL120W,0,-7.6821213,0.09918424487113953,0.996999979019165,0.9054999947547913
YKR066C,YOR346W,0,-7.682537,0.0991743728518486,0.996999979019165,0.9056000113487244
YDR277C,YDR397C,0,-7.685026,0.09916450828313828,0.996999979019165,0.9057000279426575
YCL025C,YIL128W,0,-7.68685,0.09915465116500854,0.996999979019165,0.9057999849319458
YMR052W,YOR230W,0,-7.6868906,0.09914478659629822,0.996999979019165,0.9059000015258789
YOL122C,YGR285C,0,-7.687223,0.09913492947816849,0.996999979019165,0.906000018119812
YGL078C,YJL121C,0,-7.689971,0.09912507236003876,0.996999979019165,0.9060999751091003
YOR160W,YJL026W,0,-7.6908617,0.09911522269248962,0.996999979019165,0.9061999917030334
YIL034C,YDR308C,0,-7.692152,0.0991053655743599,0.996999979019165,0.9063000082969666
YHR042W,YNR015W,0,-7.693796,0.09909551590681076,0.996999979019165,0.9064000248908997
YIL123W,YOR344C,0,-7.69487,0.09908566623926163,0.996999979019165,0.906499981880188
YLR068W,YNL186W,0,-7.6950655,0.09907582402229309,0.996999979019165,0.9065999984741211
YGL229C,YDL235C,0,-7.696441,0.09906597435474396,0.996999979019165,0.9067000150680542
YJL207C,YGL006W,0,-7.6969147,0.09905613213777542,0.996999979019165,0.9067999720573425
YPL224C,YER165W,0,-7.697894,0.09904629737138748,0.996999979019165,0.9068999886512756
YGL037C,YDL138W,0,-7.6984577,0.09903645515441895,0.996999979019165,0.9070000052452087
YBR068C,YJL026W,0,-7.7009773,0.099026620388031,0.996999979019165,0.9071000218391418
YNR054C,YOR099W,0,-7.7025833,0.09901678562164307,0.996999979019165,0.9071999788284302
YHR160C,YDL150W,0,-7.702924,0.09900695085525513,0.996999979019165,0.9072999954223633
YPR020W,YJL026W,0,-7.703992,0.09899712353944778,0.996999979019165,0.9074000120162964
YMR092C,YNL153C,0,-7.7042646,0.09898728877305984,0.996999979019165,0.9075000286102295
YPL018W,YDL003W,0,-7.705722,0.0989774614572525,0.996999979019165,0.9075999855995178
YDR298C,YKL029C,0,-7.7098923,0.09896764159202576,0.996999979019165,0.9077000021934509
YLR133W,YIL118W,0,-7.71082,0.09895781427621841,0.996999979019165,0.907800018787384
YDR481C,YLR048W,0,-7.711283,0.09894799441099167,0.996999979019165,0.9078999757766724
YLR133W,YOR254C,0,-7.712387,0.09893817454576492,0.996999979019165,0.9079999923706055
YKL195W,YBL061C,0,-7.7125034,0.09892836213111877,0.996999979019165,0.9081000089645386
YLL026W,YML097C,0,-7.7127657,0.09891854226589203,0.996999979019165,0.9082000255584717
YBR037C,YNL088W,0,-7.7141566,0.09890872985124588,0.996999979019165,0.90829998254776
YNL110C,YKL212W,0,-7.714768,0.09889891743659973,0.996999979019165,0.9083999991416931
YDR480W,YML008C,0,-7.7159505,0.09888911247253418,0.996999979019165,0.9085000157356262
YDL029W,YKL005C,0,-7.718957,0.09887930005788803,0.996999979019165,0.9085999727249146
YDR481C,YDL235C,0,-7.7216673,0.09886949509382248,0.996999979019165,0.9086999893188477
YDL195W,YBR273C,0,-7.7225785,0.09885969012975693,0.996999979019165,0.9088000059127808
YDR273W,YGR014W,0,-7.7233295,0.09884989261627197,0.996999979019165,0.9089000225067139
YFR053C,YGR033C,0,-7.7245455,0.09884008765220642,0.996999979019165,0.9089999794960022
YER073W,YJL148W,0,-7.725025,0.09883029013872147,0.996999979019165,0.9090999960899353
YCL027W,YMR079W,0,-7.727852,0.09882050007581711,0.996999979019165,0.9092000126838684
YER073W,YCL026C-A,0,-7.728647,0.09881070256233215,0.996999979019165,0.9093000292778015
YHL040C,YEL051W,0,-7.729959,0.0988009124994278,0.996999979019165,0.9093999862670898
YCR072C,YMR106C,0,-7.7310743,0.09879112243652344,0.996999979019165,0.909500002861023
YML008C,YPR188C,0,-7.731755,0.09878133237361908,0.996999979019165,0.909600019454956
YER070W,YLR193C,0,-7.732652,0.09877154976129532,0.996999979019165,0.9096999764442444
YER003C,YGL098W,0,-7.7326818,0.09876175969839096,0.996999979019165,0.9097999930381775
YBR050C,YOR212W,0,-7.733507,0.0987519845366478,0.996999979019165,0.9099000096321106
YDR309C,YOR230W,0,-7.7343273,0.09874220192432404,0.996999979019165,0.9100000262260437
YDL083C,YOL129W,0,-7.736014,0.09873241931200027,0.996999979019165,0.910099983215332
YBR059C,YOL117W,0,-7.7366133,0.09872264415025711,0.996999979019165,0.9101999998092651
YPR070W,YPL033C,0,-7.7369504,0.09871286898851395,0.996999979019165,0.9103000164031982
YKL056C,YER005W,0,-7.7371206,0.09870310127735138,0.996999979019165,0.9103999733924866
YDR059C,YOL129W,0,-7.7390456,0.09869332611560822,0.996999979019165,0.9104999899864197
YDL142C,YGR155W,0,-7.7399263,0.09868355840444565,0.996999979019165,0.9106000065803528
YNL281W,YBR050C,0,-7.7400236,0.09867379069328308,0.996999979019165,0.9107000231742859
YLL019C,YDR208W,0,-7.740803,0.09866403043270111,0.996999979019165,0.9107999801635742
YCL026C-A,YKL166C,0,-7.7409105,0.09865426272153854,0.996999979019165,0.9108999967575073
YNL274C,YBR077C,0,-7.74245,0.09864450246095657,0.996999979019165,0.9110000133514404
YDL200C,YBR050C,0,-7.746833,0.0986347422003746,0.996999979019165,0.9110999703407288
YLR068W,YER003C,0,-7.7469387,0.09862498939037323,0.996999979019165,0.9111999869346619
YOL063C,YIL070C,0,-7.7512364,0.09861522912979126,0.996999979019165,0.911300003528595
YMR250W,YIL120W,0,-7.751511,0.09860547631978989,0.996999979019165,0.9114000201225281
YPL010W,YER169W,0,-7.754992,0.09859573096036911,0.996999979019165,0.9114999771118164
YGR177C,YNL323W,0,-7.757163,0.09858597815036774,0.996999979019165,0.9115999937057495
YNL061W,YFR029W,0,-7.759344,0.09857623279094696,0.996999979019165,0.9117000102996826
YPL248C,YOR254C,0,-7.7594166,0.09856648743152618,0.996999979019165,0.9118000268936157
YLR078C,YHR174W,0,-7.760785,0.09855674207210541,0.996999979019165,0.911899983882904
YDL154W,YMR142C,0,-7.761545,0.09854699671268463,0.996999979019165,0.9120000004768372
YER073W,YDR451C,0,-7.7618704,0.09853725880384445,0.996999979019165,0.9121000170707703
YEL027W,YJL048C,0,-7.762081,0.09852752089500427,0.996999979019165,0.9121999740600586
YNL030W,YCR061W,0,-7.762163,0.09851778298616409,0.996999979019165,0.9122999906539917
YML092C,YHR016C,0,-7.762376,0.09850805252790451,0.996999979019165,0.9124000072479248
YBL093C,YMR203W,0,-7.762593,0.09849832206964493,0.996999979019165,0.9125000238418579
YGR268C,YDR515W,0,-7.7657967,0.09848859161138535,0.996999979019165,0.9125999808311462
YDL142C,YML012W,0,-7.7660093,0.09847886115312576,0.996999979019165,0.9126999974250793
YFL016C,YGR180C,0,-7.7683964,0.09846913814544678,0.996999979019165,0.9128000140190125
YLR215C,YKL085W,0,-7.770809,0.09845941513776779,0.996999979019165,0.9128999710083008
YGR177C,YPL242C,0,-7.7717495,0.0984496921300888,0.996999979019165,0.9129999876022339
YJL076W,YML073C,0,-7.772666,0.09843996912240982,0.996999979019165,0.913100004196167
YGL256W,YMR001C,0,-7.7734995,0.09843024611473083,0.996999979019165,0.9132000207901001
YMR041C,YIR041W,0,-7.7748413,0.09842053055763245,0.996999979019165,0.9132999777793884
YFL057C,YGL238W,0,-7.775935,0.09841081500053406,0.996999979019165,0.9133999943733215
YDR273W,YOR241W,0,-7.776985,0.09840110689401627,0.996999979019165,0.9135000109672546
YNL030W,YER169W,0,-7.777076,0.09839139133691788,0.996999979019165,0.9136000275611877
YJR131W,YOR340C,0,-7.7773943,0.09838168323040009,0.996999979019165,0.9136999845504761
YGL092W,YBR273C,0,-7.777747,0.0983719751238823,0.996999979019165,0.9138000011444092
YLL015W,YER003C,0,-7.77825,0.0983622744679451,0.996999979019165,0.9139000177383423
YJR070C,YMR203W,0,-7.778942,0.09835256636142731,0.996999979019165,0.9139999747276306
YJL208C,YLR248W,0,-7.779214,0.09834286570549011,0.996999979019165,0.9140999913215637
YDR276C,YJL148W,0,-7.7792215,0.09833317250013351,0.996999979019165,0.9142000079154968
YDL135C,YHR200W,0,-7.7820487,0.09832347184419632,0.996999979019165,0.9143000245094299
YML123C,YPL235W,0,-7.7830577,0.09831377863883972,0.996999979019165,0.9143999814987183
YHR171W,YGL142C,0,-7.7864776,0.09830408543348312,0.996999979019165,0.9144999980926514
YLR133W,YPL253C,0,-7.787964,0.09829439222812653,0.996999979019165,0.9146000146865845
YDL126C,YIL109C,0,-7.7883816,0.09828469902276993,0.996999979019165,0.9146999716758728
YMR184W,YER117W,0,-7.7901335,0.09827501326799393,0.996999979019165,0.9147999882698059
YGL062W,YHR041C,0,-7.790922,0.09826532751321793,0.996999979019165,0.914900004863739
YOL066C,YMR104C,0,-7.7911973,0.09825564175844193,0.996999979019165,0.9150000214576721
YKR002W,YNL282W,1,-7.792531,0.09834450483322144,0.9980000257492065,0.9150000214576721
YMR109W,YDR087C,0,-7.793623,0.09833481162786484,0.9980000257492065,0.9150999784469604
YBR066C,YDR460W,0,-7.798719,0.09832512587308884,0.9980000257492065,0.9151999950408936
YOR034C,YIL142W,0,-7.801796,0.09831544011831284,0.9980000257492065,0.9153000116348267
YML132W,YLR059C,0,-7.8018446,0.09830575436353683,0.9980000257492065,0.9154000282287598
YNL020C,YER070W,0,-7.8019114,0.09829606860876083,0.9980000257492065,0.9154999852180481
YMR092C,YGL092W,0,-7.802458,0.09828639030456543,0.9980000257492065,0.9156000018119812
YML123C,YMR284W,0,-7.804608,0.09827671200037003,0.9980000257492065,0.9157000184059143
YNL274C,YGL229C,0,-7.8083606,0.09826703369617462,0.9980000257492065,0.9157999753952026
YBR160W,YDR425W,0,-7.809352,0.09825736284255981,0.9980000257492065,0.9158999919891357
YDR202C,YCR053W,0,-7.809702,0.09824768453836441,0.9980000257492065,0.9160000085830688
YPL202C,YOR230W,0,-7.810717,0.0982380136847496,0.9980000257492065,0.916100025177002
YHR019C,YOR210W,0,-7.8108926,0.0982283428311348,0.9980000257492065,0.9161999821662903
YOL142W,YDL170W,0,-7.8109975,0.09821867942810059,0.9980000257492065,0.9162999987602234
YFL023W,YKL034W,0,-7.8131156,0.09820901602506638,0.9980000257492065,0.9164000153541565
YGL105W,YFR029W,0,-7.814884,0.09819935262203217,0.9980000257492065,0.9164999723434448
YOR210W,YDR359C,0,-7.8162317,0.09818968921899796,0.9980000257492065,0.9165999889373779
YHR187W,YLR006C,0,-7.816635,0.09818002581596375,0.9980000257492065,0.916700005531311
YKL085W,YPR083W,0,-7.818927,0.09817036986351013,0.9980000257492065,0.9168000221252441
YPR154W,YMR139W,0,-7.8194923,0.09816071391105652,0.9980000257492065,0.9168999791145325
YHR019C,YJR131W,0,-7.819915,0.0981510654091835,0.9980000257492065,0.9169999957084656
YGL105W,YER169W,0,-7.820281,0.09814140945672989,0.9980000257492065,0.9171000123023987
YNL008C,YGL229C,0,-7.8220615,0.09813176095485687,0.9980000257492065,0.9172000288963318
YGL035C,YIL123W,0,-7.8227396,0.09812211245298386,0.9980000257492065,0.9172999858856201
YKR066C,YOR209C,0,-7.822797,0.09811246395111084,0.9980000257492065,0.9174000024795532
YMR013C,YOR230W,0,-7.8244395,0.09810282289981842,0.9980000257492065,0.9175000190734863
YNL088W,YBR273C,0,-7.825931,0.098093181848526,0.9980000257492065,0.9175999760627747
YJL108C,YOL039W,0,-7.8268394,0.09808354079723358,0.9980000257492065,0.9176999926567078
YKL029C,YOR087W,0,-7.8303037,0.09807389974594116,0.9980000257492065,0.9178000092506409
YML129C,YDR076W,0,-7.8304796,0.09806426614522934,0.9980000257492065,0.917900025844574
YML132W,YER179W,0,-7.832557,0.09805462509393692,0.9980000257492065,0.9179999828338623
YNL220W,YDR309C,0,-7.833143,0.0980449914932251,0.9980000257492065,0.9180999994277954
YMR201C,YNL302C,0,-7.8335323,0.09803536534309387,0.9980000257492065,0.9182000160217285
YML132W,YLR166C,0,-7.8340673,0.09802573174238205,0.9980000257492065,0.9182999730110168
YJL148W,YOR329C,0,-7.8352785,0.09801610559225082,0.9980000257492065,0.91839998960495
YPL265W,YBL032W,0,-7.8356857,0.0980064794421196,0.9980000257492065,0.9185000061988831
YDR231C,YNL127W,0,-7.835985,0.09799686074256897,0.9980000257492065,0.9186000227928162
YNR054C,YLR008C,0,-7.83607,0.09798723459243774,0.9980000257492065,0.9186999797821045
YOL002C,YHR001W-A,0,-7.8394504,0.09797761589288712,0.9980000257492065,0.9187999963760376
YJL184W,YGR192C,0,-7.8409815,0.09796799719333649,0.9980000257492065,0.9189000129699707
YHR019C,YKL122C,0,-7.8420467,0.09795838594436646,0.9980000257492065,0.9190000295639038
YER165W,YAL009W,0,-7.8455734,0.09794876724481583,0.9980000257492065,0.9190999865531921
YBL080C,YDL036C,0,-7.8477893,0.0979391559958458,0.9980000257492065,0.9192000031471252
YER165W,YGR239C,0,-7.8484015,0.09792954474687576,0.9980000257492065,0.9193000197410583
YDL079C,YKL080W,0,-7.849143,0.09791993349790573,0.9980000257492065,0.9193999767303467
YLR304C,YPL033C,0,-7.8506584,0.0979103296995163,0.9980000257492065,0.9194999933242798
YPR001W,YOR098C,0,-7.851279,0.09790072590112686,0.9980000257492065,0.9196000099182129
YMR250W,YML114C,0,-7.8515434,0.09789112210273743,0.9980000257492065,0.919700026512146
YIL155C,YDR379W,0,-7.851635,0.09788152575492859,0.9980000257492065,0.9197999835014343
YLR133W,YNR015W,0,-7.8524966,0.09787192195653915,0.9980000257492065,0.9199000000953674
YIL117C,YMR005W,0,-7.8531494,0.09786232560873032,0.9980000257492065,0.9200000166893005
YGR088W,YAL044C,0,-7.853643,0.09785272926092148,0.9980000257492065,0.9200999736785889
YLR205C,YHR073W,0,-7.8536863,0.09784314036369324,0.9980000257492065,0.920199990272522
YGL006W,YOR064C,0,-7.8564014,0.0978335440158844,0.9980000257492065,0.9203000068664551
YDL181W,YGL016W,0,-7.8582206,0.09782395511865616,0.9980000257492065,0.9204000234603882
YBR155W,YGR180C,0,-7.8589487,0.09781436622142792,0.9980000257492065,0.9204999804496765
YMR041C,YJL076W,0,-7.864113,0.09780478477478027,0.9980000257492065,0.9205999970436096
YLR377C,YHR161C,0,-7.8651257,0.09779519587755203,0.9980000257492065,0.9207000136375427
YER044C,YHR167W,0,-7.8655367,0.09778561443090439,0.9980000257492065,0.920799970626831
YPL248C,YAL016W,0,-7.867028,0.09777603298425674,0.9980000257492065,0.9208999872207642
YCL026C-A,YOR098C,0,-7.8670435,0.0977664589881897,0.9980000257492065,0.9210000038146973
YLR205C,YNL061W,0,-7.8675747,0.09775687754154205,0.9980000257492065,0.9211000204086304
YLR192C,YHR161C,0,-7.8677464,0.097747303545475,0.9980000257492065,0.9211999773979187
YFL016C,YBL093C,0,-7.8696747,0.09773773699998856,0.9980000257492065,0.9212999939918518
YPL146C,YOR087W,0,-7.8704042,0.09772816300392151,0.9980000257492065,0.9214000105857849
YOL164W,YEL041W,0,-7.8709817,0.09771859645843506,0.9980000257492065,0.921500027179718
YFR029W,YKR059W,0,-7.8712,0.09770902991294861,0.9980000257492065,0.9215999841690063
YIL155C,YFR034C,0,-7.8762856,0.09769946336746216,0.9980000257492065,0.9217000007629395
YFR030W,YOR212W,0,-7.8781786,0.09768989682197571,0.9980000257492065,0.9218000173568726
YOR210W,YLR006C,0,-7.8796816,0.09768033772706985,0.9980000257492065,0.9218999743461609
YFL016C,YJL010C,0,-7.882252,0.097670778632164,0.9980000257492065,0.921999990940094
YOL013C,YGL098W,0,-7.882666,0.09766121953725815,0.9980000257492065,0.9221000075340271
YJL145W,YHR006W,0,-7.8848267,0.0976516604423523,0.9980000257492065,0.9222000241279602
YBR164C,YER088C,0,-7.884836,0.09764210879802704,0.9980000257492065,0.9222999811172485
YGR177C,YOR037W,0,-7.8848963,0.09763255715370178,0.9980000257492065,0.9223999977111816
YDR009W,YPL059W,0,-7.8851304,0.09762300550937653,0.9980000257492065,0.9225000143051147
YBR164C,YIL119C,0,-7.885713,0.09761346131563187,0.9980000257492065,0.9225999712944031
YKR066C,YLR355C,0,-7.8870583,0.09760390967130661,0.9980000257492065,0.9226999878883362
YDR515W,YCR053W,0,-7.888315,0.09759436547756195,0.9980000257492065,0.9228000044822693
YNL270C,YGL171W,0,-7.888506,0.09758482128381729,0.9980000257492065,0.9229000210762024
YHR174W,YAL007C,0,-7.889578,0.09757528454065323,0.9980000257492065,0.9229999780654907
YGL256W,YDR309C,0,-7.8922787,0.09756574779748917,0.9980000257492065,0.9230999946594238
YFL057C,YBR183W,0,-7.8925295,0.0975562036037445,0.9980000257492065,0.9232000112533569
YHR124W,YCR072C,0,-7.8949604,0.09754667431116104,0.9980000257492065,0.92330002784729
YMR250W,YDR174W,0,-7.896681,0.09753713756799698,0.9980000257492065,0.9233999848365784
YDR122W,YDR075W,0,-7.897641,0.09752760827541351,0.9980000257492065,0.9235000014305115
YFR028C,YLR219W,0,-7.8978105,0.09751807898283005,0.9980000257492065,0.9236000180244446
YPL192C,YMR142C,0,-7.89962,0.09750854969024658,0.9980000257492065,0.9236999750137329
YGR155W,YKL150W,0,-7.8996944,0.09749902039766312,0.9980000257492065,0.923799991607666
YBR010W,YDL181W,0,-7.901181,0.09748949855566025,0.9980000257492065,0.9239000082015991
YBR059C,YJR091C,0,-7.901273,0.09747997671365738,0.9980000257492065,0.9240000247955322
YJR070C,YJR131W,0,-7.9021125,0.09747045487165451,0.9980000257492065,0.9240999817848206
YJL108C,YNL302C,0,-7.9028673,0.09746094048023224,0.9980000257492065,0.9241999983787537
YPR001W,YIL070C,0,-7.903741,0.09745141863822937,0.9980000257492065,0.9243000149726868
YDL017W,YNL241C,0,-7.906439,0.0974419042468071,0.9980000257492065,0.9243999719619751
YOL127W,YHR203C,0,-7.909038,0.09743238985538483,0.9980000257492065,0.9244999885559082
YML113W,YHR194W,0,-7.9135466,0.09742288291454315,0.9980000257492065,0.9246000051498413
YER117W,YOR329C,0,-7.9144964,0.09741337597370148,0.9980000257492065,0.9247000217437744
YPR065W,YDR087C,0,-7.916295,0.0974038615822792,0.9980000257492065,0.9247999787330627
YOL002C,YIL008W,0,-7.9186044,0.09739436209201813,0.9980000257492065,0.9248999953269958
YLR133W,YKL195W,0,-7.9215755,0.09738485515117645,0.9980000257492065,0.925000011920929
YER142C,YPL043W,0,-7.9216127,0.09737535566091537,0.9980000257492065,0.9251000285148621
YPR155C,YMR104C,0,-7.922372,0.0973658561706543,0.9980000257492065,0.9251999855041504
YNL136W,YPL026C,0,-7.9234786,0.09735635668039322,0.9980000257492065,0.9253000020980835
YGL256W,YBR050C,0,-7.9239635,0.09734685719013214,0.9980000257492065,0.9254000186920166
YBR050C,YOR210W,0,-7.924195,0.09733736515045166,0.9980000257492065,0.9254999756813049
YLL019C,YDR398W,0,-7.9247656,0.09732787311077118,0.9980000257492065,0.925599992275238
YNL280C,YPL211W,0,-7.9258986,0.0973183810710907,0.9980000257492065,0.9257000088691711
YDR122W,YNL149C,0,-7.9276514,0.09730888903141022,0.9980000257492065,0.9258000254631042
YML113W,YER035W,0,-7.9285316,0.09729940444231033,0.9980000257492065,0.9258999824523926
YPR200C,YNL009W,0,-7.929621,0.09728991985321045,0.9980000257492065,0.9259999990463257
YKL208W,YNL282W,1,-7.930282,0.09737791121006012,0.9990000128746033,0.9259999990463257
YLR355C,YJL133W,0,-7.9302826,0.09736841917037964,0.9990000128746033,0.9261000156402588
YJR145C,YKL034W,0,-7.930522,0.09735893458127975,0.9990000128746033,0.9261999726295471
YPL101W,YOL002C,0,-7.934328,0.09734944254159927,0.9990000128746033,0.9262999892234802
YLR293C,YPR154W,0,-7.935555,0.09733995795249939,0.9990000128746033,0.9264000058174133
YNL280C,YKL093W,0,-7.936146,0.0973304733633995,0.9990000128746033,0.9265000224113464
YPL248C,YER142C,0,-7.939363,0.09732099622488022,0.9990000128746033,0.9265999794006348
YNL280C,YJL184W,0,-7.939431,0.09731151163578033,0.9990000128746033,0.9266999959945679
YNL009W,YCL004W,0,-7.939594,0.09730203449726105,0.9990000128746033,0.926800012588501
YHR174W,YDR189W,0,-7.9470634,0.09729255735874176,0.9990000128746033,0.9269000291824341
YBR132C,YNL088W,0,-7.947462,0.09728308767080307,0.9990000128746033,0.9269999861717224
YHR193C,YPL033C,0,-7.950525,0.09727361053228378,0.9990000128746033,0.9271000027656555
YDR046C,YDL154W,0,-7.952785,0.09726414084434509,0.9990000128746033,0.9272000193595886
YDL029W,YML008C,0,-7.954372,0.0972546711564064,0.9990000128746033,0.927299976348877
YJL076W,YKR079C,0,-7.9556193,0.09724520891904831,0.9990000128746033,0.9273999929428101
YIL034C,YOR031W,0,-7.956721,0.09723573923110962,0.9990000128746033,0.9275000095367432
YNR002C,YNL280C,0,-7.9570913,0.09722627699375153,0.9990000128746033,0.9276000261306763
YGR227W,YLL019C,0,-7.9584503,0.09721681475639343,0.9990000128746033,0.9276999831199646
YML008C,YPR083W,0,-7.9617505,0.09720735251903534,0.9990000128746033,0.9277999997138977
YHR193C,YKL055C,0,-7.96208,0.09719789773225784,0.9990000128746033,0.9279000163078308
YNL280C,YOL122C,0,-7.9629993,0.09718844294548035,0.9990000128746033,0.9279999732971191
YMR139W,YMR197C,0,-7.963461,0.09717898815870285,0.9990000128746033,0.9280999898910522
YLR304C,YER003C,0,-7.964469,0.09716953337192535,0.9990000128746033,0.9282000064849854
YPR154W,YDR075W,0,-7.96526,0.09716008603572845,0.9990000128746033,0.9283000230789185
YAL007C,YKL165C,0,-7.965419,0.09715063869953156,0.9990000128746033,0.9283999800682068
YNL270C,YBR127C,0,-7.9684095,0.09714119136333466,0.9990000128746033,0.9284999966621399
YAL042W,YDL138W,0,-7.9701405,0.09713174402713776,0.9990000128746033,0.928600013256073
YCR048W,YPL101W,0,-7.9705706,0.09712230414152145,0.9990000128746033,0.9286999702453613
YNR002C,YMR073C,0,-7.9736614,0.09711286425590515,0.9990000128746033,0.9287999868392944
YPL265W,YGL171W,0,-7.975586,0.09710342437028885,0.9990000128746033,0.9289000034332275
YJL208C,YIL117C,0,-7.9757843,0.09709398448467255,0.9990000128746033,0.9290000200271606
YAL015C,YPR165W,0,-7.9761953,0.09708454459905624,0.9990000128746033,0.929099977016449
YJL026W,YMR089C,0,-7.976386,0.09707511216402054,0.9990000128746033,0.9291999936103821
YBR162C,YDL128W,0,-7.9800615,0.09706567972898483,0.9990000128746033,0.9293000102043152
YDR009W,YOL013C,0,-7.980982,0.09705625474452972,0.9990000128746033,0.9294000267982483
YBR164C,YKL165C,0,-7.981291,0.09704682230949402,0.9990000128746033,0.9294999837875366
YOR239W,YDL200C,0,-7.9847674,0.09703739732503891,0.9990000128746033,0.9296000003814697
YNL220W,YOR344C,0,-7.9860377,0.0970279723405838,0.9990000128746033,0.9297000169754028
YIR041W,YGR248W,0,-7.9863663,0.09701854735612869,0.9990000128746033,0.9297999739646912
YLR110C,YDR058C,0,-7.9878826,0.09700912982225418,0.9990000128746033,0.9298999905586243
YDL145C,YGR059W,0,-7.9881144,0.09699971228837967,0.9990000128746033,0.9300000071525574
YIL034C,YJR076C,0,-7.996626,0.09699029475450516,0.9990000128746033,0.9301000237464905
YIL128W,YDR456W,0,-8.000618,0.09698087722063065,0.9990000128746033,0.9301999807357788
YCL026C-A,YNL061W,0,-8.000952,0.09697145968675613,0.9990000128746033,0.9302999973297119
YGR177C,YOL113W,0,-8.001926,0.09696204960346222,0.9990000128746033,0.930400013923645
YGL084C,YNL311C,0,-8.002468,0.0969526395201683,0.9990000128746033,0.9304999709129333
YNL220W,YOL043C,0,-8.003868,0.09694322943687439,0.9990000128746033,0.9305999875068665
YER073W,YLL026W,0,-8.003877,0.09693382680416107,0.9990000128746033,0.9307000041007996
YDR277C,YAL016W,0,-8.004596,0.09692441672086716,0.9990000128746033,0.9308000206947327
YKL093W,YKL212W,0,-8.006154,0.09691501408815384,0.9990000128746033,0.930899977684021
YCL032W,YBR273C,0,-8.010352,0.09690561890602112,0.9990000128746033,0.9309999942779541
YBR177C,YBR183W,0,-8.01376,0.0968962162733078,0.9990000128746033,0.9311000108718872
YDL036C,YDR453C,0,-8.015145,0.09688682109117508,0.9990000128746033,0.9312000274658203
YPR083W,YPR154W,0,-8.018248,0.09687742590904236,0.9990000128746033,0.9312999844551086
YPL265W,YMR153W,0,-8.018828,0.09686803072690964,0.9990000128746033,0.9314000010490417
YCL026C-A,YPL106C,0,-8.018927,0.09685863554477692,0.9990000128746033,0.9315000176429749
YNR010W,YPR138C,0,-8.019516,0.09684924781322479,0.9990000128746033,0.9315999746322632
YLR219W,YKL166C,0,-8.020976,0.09683986008167267,0.9990000128746033,0.9316999912261963
YKL205W,YHR161C,0,-8.021679,0.09683047235012054,0.9990000128746033,0.9318000078201294
YBR283C,YGL098W,0,-8.021985,0.09682109206914902,0.9990000128746033,0.9319000244140625
YGR180C,YOL105C,0,-8.022685,0.0968117043375969,0.9990000128746033,0.9319999814033508
YMR250W,YPR086W,0,-8.024288,0.09680232405662537,0.9990000128746033,0.9320999979972839
YPL265W,YGL084C,0,-8.025584,0.09679294377565384,0.9990000128746033,0.932200014591217
YOR217W,YKL086W,0,-8.027972,0.09678357094526291,0.9990000128746033,0.9322999715805054
YLR293C,YGR285C,0,-8.027976,0.09677419066429138,0.9990000128746033,0.9323999881744385
YPL110C,YPL059W,0,-8.028343,0.09676481783390045,0.9990000128746033,0.9325000047683716
YER179W,YPL163C,0,-8.030244,0.09675544500350952,0.9990000128746033,0.9326000213623047
YOR171C,YMR175W,0,-8.030827,0.09674607962369919,0.9990000128746033,0.932699978351593
YMR250W,YGL053W,0,-8.033752,0.09673670679330826,0.9990000128746033,0.9327999949455261
YML129C,YIL131C,0,-8.034339,0.09672734141349792,0.9990000128746033,0.9329000115394592
YHR169W,YDR335W,0,-8.034805,0.09671797603368759,0.9990000128746033,0.9330000281333923
YGR155W,YER003C,0,-8.036793,0.09670861810445786,0.9990000128746033,0.9330999851226807
YKL085W,YMR203W,0,-8.037944,0.09669925272464752,0.9990000128746033,0.9332000017166138
YGR284C,YNL009W,0,-8.038189,0.09668989479541779,0.9990000128746033,0.9333000183105469
YPL188W,YOL039W,0,-8.039136,0.09668053686618805,0.9990000128746033,0.9333999752998352
YOL013C,YDL230W,0,-8.042631,0.09667117893695831,0.9990000128746033,0.9334999918937683
YMR301C,YEL041W,0,-8.043977,0.09666182845830917,0.9990000128746033,0.9336000084877014
YCR038C,YMR203W,0,-8.045095,0.09665247797966003,0.9990000128746033,0.9337000250816345
YGL037C,YOR106W,0,-8.046813,0.0966431275010109,0.9990000128746033,0.9337999820709229
YER001W,YAR033W,0,-8.047872,0.09663377702236176,0.9990000128746033,0.933899998664856
YGR014W,YOR340C,0,-8.049324,0.09662443399429321,0.9990000128746033,0.9340000152587891
YJR091C,YPL118W,0,-8.049526,0.09661508351564407,0.9990000128746033,0.9340999722480774
YHR061C,YGR248W,0,-8.050404,0.09660574048757553,0.9990000128746033,0.9341999888420105
YKL150W,YMR284W,0,-8.051035,0.09659640491008759,0.9990000128746033,0.9343000054359436
YIL131C,YLR240W,0,-8.053035,0.09658706188201904,0.9990000128746033,0.9344000220298767
YGR268C,YPL118W,0,-8.059397,0.0965777263045311,0.9990000128746033,0.934499979019165
YBL047C,YER003C,0,-8.060219,0.09656839072704315,0.9990000128746033,0.9345999956130981
YPL118W,YDR481C,0,-8.061159,0.0965590551495552,0.9990000128746033,0.9347000122070312
YJR091C,YER003C,0,-8.061576,0.09654972702264786,0.9990000128746033,0.9348000288009644
YHR019C,YDR087C,0,-8.064261,0.09654039144515991,0.9990000128746033,0.9348999857902527
YER035W,YBR002C,0,-8.071651,0.09653106331825256,0.9990000128746033,0.9350000023841858
YPL100W,YPR181C,0,-8.0738125,0.09652174264192581,0.9990000128746033,0.9351000189781189
YAL044C,YOR206W,0,-8.07546,0.09651241451501846,0.9990000128746033,0.9351999759674072
YJR091C,YER028C,0,-8.077988,0.09650309383869171,0.9990000128746033,0.9352999925613403
YKR076W,YGR284C,0,-8.082457,0.09649377316236496,0.9990000128746033,0.9354000091552734
YER179W,YKL080W,0,-8.0825405,0.09648445248603821,0.9990000128746033,0.9355000257492065
YKL212W,YCR083W,0,-8.084464,0.09647513180971146,0.9990000128746033,0.9355999827384949
YBR068C,YDL003W,0,-8.086519,0.0964658185839653,0.9990000128746033,0.935699999332428
YDR046C,YJL102W,0,-8.090105,0.09645650535821915,0.9990000128746033,0.9358000159263611
YMR029C,YCR072C,0,-8.091733,0.09644719213247299,0.9990000128746033,0.9358999729156494
YPL224C,YBL058W,0,-8.094947,0.09643787890672684,0.9990000128746033,0.9359999895095825
YDR009W,YOL129W,0,-8.095138,0.09642857313156128,0.9990000128746033,0.9361000061035156
YGR177C,YBR050C,0,-8.09523,0.09641926735639572,0.9990000128746033,0.9362000226974487
YOR031W,YMR079W,0,-8.098718,0.09640996158123016,0.9990000128746033,0.9362999796867371
YCR072C,YOL129W,0,-8.09975,0.0964006558060646,0.9990000128746033,0.9363999962806702
YOL002C,YKL122C,0,-8.102546,0.09639135748147964,0.9990000128746033,0.9365000128746033
YDL088C,YGR180C,0,-8.103922,0.09638205170631409,0.9990000128746033,0.9366000294685364
YNL110C,YJR145C,0,-8.105179,0.09637275338172913,0.9990000128746033,0.9366999864578247
YMR072W,YML008C,0,-8.105748,0.09636346250772476,0.9990000128746033,0.9368000030517578
YGR192C,YDR207C,0,-8.106638,0.0963541641831398,0.9990000128746033,0.9369000196456909
YDL143W,YML047C,0,-8.107919,0.09634487330913544,0.9990000128746033,0.9369999766349792
YKL034W,YBR127C,0,-8.108835,0.09633558243513107,0.9990000128746033,0.9370999932289124
YLR259C,YJL148W,0,-8.110709,0.09632629156112671,0.9990000128746033,0.9372000098228455
YNR075W,YLL026W,0,-8.114474,0.09631700813770294,0.9990000128746033,0.9373000264167786
YFL021W,YBL033C,0,-8.114505,0.09630772471427917,0.9990000128746033,0.9373999834060669
YDL142C,YLR192C,0,-8.115544,0.09629844129085541,0.9990000128746033,0.9375
YIL070C,YJL148W,0,-8.1155815,0.09628915786743164,0.9990000128746033,0.9376000165939331
YMR092C,YDR205W,0,-8.117202,0.09627987444400787,0.9990000128746033,0.9376999735832214
YNL008C,YML129C,0,-8.1172905,0.0962705984711647,0.9990000128746033,0.9377999901771545
YOL013C,YBR240C,0,-8.118362,0.09626132249832153,0.9990000128746033,0.9379000067710876
YDL117W,YJL048C,0,-8.118969,0.09625204652547836,0.9990000128746033,0.9380000233650208
YOR209C,YMR201C,0,-8.119083,0.09624277800321579,0.9990000128746033,0.9380999803543091
YML129C,YDR515W,0,-8.119387,0.09623350203037262,0.9990000128746033,0.9381999969482422
YHR193C,YGL192W,0,-8.120246,0.09622423350811005,0.9990000128746033,0.9383000135421753
YML120C,YMR079W,0,-8.120397,0.09621496498584747,0.9990000128746033,0.9383999705314636
YPL021W,YOR209C,0,-8.121352,0.0962057039141655,0.9990000128746033,0.9384999871253967
YNL009W,YJL076W,0,-8.123944,0.09619643539190292,0.9990000128746033,0.9386000037193298
YDR273W,YEL041W,0,-8.124246,0.09618717432022095,0.9990000128746033,0.9387000203132629
YPR083W,YGL008C,0,-8.124551,0.09617791324853897,0.9990000128746033,0.9387999773025513
YDR087C,YDR388W,0,-8.125044,0.09616865962743759,0.9990000128746033,0.9388999938964844
YFL057C,YNL030W,0,-8.127083,0.09615939855575562,0.9990000128746033,0.9390000104904175
YHR193C,YBR066C,0,-8.128477,0.09615014493465424,0.9990000128746033,0.9391000270843506
YDR273W,YGL124C,0,-8.129846,0.09614089131355286,0.9990000128746033,0.9391999840736389
YKL055C,YEL041W,0,-8.13163,0.09613163769245148,0.9990000128746033,0.939300000667572
YDR214W,YOL126C,0,-8.134414,0.0961223915219307,0.9990000128746033,0.9394000172615051
YDR480W,YKR076W,0,-8.135211,0.09611314535140991,0.9990000128746033,0.9394999742507935
YOR099W,YPR002W,0,-8.136107,0.09610389918088913,0.9990000128746033,0.9395999908447266
YGL073W,YLL026W,0,-8.1412115,0.09609465301036835,0.9990000128746033,0.9397000074386597
YDL232W,YDR202C,0,-8.143424,0.09608540683984756,0.9990000128746033,0.9398000240325928
YML058W-A,YDR181C,0,-8.145272,0.09607616811990738,0.9990000128746033,0.9398999810218811
YFL021W,YNL154C,0,-8.146208,0.0960669293999672,0.9990000128746033,0.9399999976158142
YDR456W,YKL166C,0,-8.147163,0.09605769068002701,0.9990000128746033,0.9401000142097473
YLR215C,YNL274C,0,-8.151038,0.09604845941066742,0.9990000128746033,0.9401999711990356
YHR171W,YJL108C,0,-8.152991,0.09603922069072723,0.9990000128746033,0.9402999877929688
YLR219W,YER165W,0,-8.154426,0.09602998942136765,0.9990000128746033,0.9404000043869019
YGL078C,YKR007W,0,-8.154754,0.09602075815200806,0.9990000128746033,0.940500020980835
YNL274C,YDR425W,0,-8.155016,0.09601153433322906,0.9990000128746033,0.9405999779701233
YPL163C,YKL080W,0,-8.155402,0.09600230306386948,0.9990000128746033,0.9406999945640564
YPR020W,YDL145C,0,-8.157119,0.09599307924509048,0.9990000128746033,0.9408000111579895
YDL181W,YGR258C,0,-8.159997,0.09598385542631149,0.9990000128746033,0.9409000277519226
YER003C,YNL304W,0,-8.163374,0.0959746390581131,0.9990000128746033,0.9409999847412109
YLR078C,YGR248W,0,-8.16369,0.0959654152393341,0.9990000128746033,0.941100001335144
YKL150W,YPR181C,0,-8.1642065,0.09595619887113571,0.9990000128746033,0.9412000179290771
YGL016W,YMR175W,0,-8.164952,0.09594698250293732,0.9990000128746033,0.9412999749183655
YPL248C,YGR192C,0,-8.165714,0.09593777358531952,0.9990000128746033,0.9413999915122986
YLR048W,YDR180W,0,-8.167014,0.09592855721712112,0.9990000128746033,0.9415000081062317
YBL098W,YML114C,0,-8.17098,0.09591934829950333,0.9990000128746033,0.9416000247001648
YGL142C,YJR145C,0,-8.172031,0.09591013938188553,0.9990000128746033,0.9416999816894531
YMR001C,YBR066C,0,-8.172453,0.09590093046426773,0.9990000128746033,0.9417999982833862
YGR186W,YJL048C,0,-8.177801,0.09589172899723053,0.9990000128746033,0.9419000148773193
YML113W,YGL062W,0,-8.178247,0.09588252007961273,0.9990000128746033,0.9419999718666077
YBR066C,YKL056C,0,-8.184917,0.09587331861257553,0.9990000128746033,0.9420999884605408
YJL128C,YBR183W,0,-8.185627,0.09586411714553833,0.9990000128746033,0.9422000050544739
YLR293C,YPL163C,0,-8.185886,0.09585492312908173,0.9990000128746033,0.942300021648407
YML127W,YJL052W,0,-8.186905,0.09584572911262512,0.9990000128746033,0.9423999786376953
YBR132C,YJL207C,0,-8.188961,0.09583652764558792,0.9990000128746033,0.9424999952316284
YKL029C,YBR089C-A,0,-8.191466,0.09582734107971191,0.9990000128746033,0.9426000118255615
YJL076W,YGR132C,0,-8.192197,0.09581814706325531,0.9990000128746033,0.9427000284194946
YFR053C,YDR481C,0,-8.192687,0.0958089604973793,0.9990000128746033,0.942799985408783
YGL195W,YMR284W,0,-8.193619,0.0957997664809227,0.9990000128746033,0.9429000020027161
YNL014W,YNL131W,0,-8.196207,0.09579058736562729,0.9990000128746033,0.9430000185966492
YJL145W,YDL170W,0,-8.198493,0.09578140079975128,0.9990000128746033,0.9430999755859375
YLR219W,YPR155C,0,-8.201939,0.09577221423387527,0.9990000128746033,0.9431999921798706
YHR203C,YKL086W,0,-8.204373,0.09576303511857986,0.9990000128746033,0.9433000087738037
YMR012W,YDL142C,0,-8.205067,0.09575385600328445,0.9990000128746033,0.9434000253677368
YJL148W,YBR172C,0,-8.205104,0.09574468433856964,0.9990000128746033,0.9434999823570251
YIL155C,YDR191W,0,-8.211421,0.09573550522327423,0.9990000128746033,0.9435999989509583
YHR194W,YNL044W,0,-8.21244,0.09572633355855942,0.9990000128746033,0.9437000155448914
YNL153C,YMR284W,0,-8.214444,0.0957171618938446,0.9990000128746033,0.9437999725341797
YMR175W,YPL210C,0,-8.217613,0.09570799022912979,0.9990000128746033,0.9438999891281128
YGL062W,YDL083C,0,-8.218068,0.09569881856441498,0.9990000128746033,0.9440000057220459
YER035W,YLR384C,0,-8.219448,0.09568965435028076,0.9990000128746033,0.944100022315979
YDR055W,YHR167W,0,-8.222945,0.09568049013614655,0.9990000128746033,0.9441999793052673
YNL009W,YDR202C,0,-8.227983,0.09567132592201233,0.9990000128746033,0.9442999958992004
YLR304C,YIL120W,0,-8.232097,0.09566216915845871,0.9990000128746033,0.9444000124931335
YIL142W,YLR006C,0,-8.232582,0.0956530049443245,0.9990000128746033,0.9445000290870667
YBR002C,YDL083C,0,-8.233182,0.09564384818077087,0.9990000128746033,0.944599986076355
YLR377C,YOR210W,0,-8.234328,0.09563469141721725,0.9990000128746033,0.9447000026702881
YGL171W,YKL086W,0,-8.234743,0.09562554210424423,0.9990000128746033,0.9448000192642212
YIL123W,YKL086W,0,-8.239007,0.09561638534069061,0.9990000128746033,0.9448999762535095
YIL128W,YFR003C,0,-8.244306,0.09560723602771759,0.9990000128746033,0.9449999928474426
YGR202C,YML073C,0,-8.244416,0.09559808671474457,0.9990000128746033,0.9451000094413757
YML008C,YDR142C,0,-8.247575,0.09558893740177155,0.9990000128746033,0.9452000260353088
YML012W,YNL274C,0,-8.247897,0.09557979553937912,0.9990000128746033,0.9452999830245972
YLR192C,YCR053W,0,-8.248788,0.0955706462264061,0.9990000128746033,0.9453999996185303
YOR039W,YBR183W,0,-8.248847,0.09556150436401367,0.9990000128746033,0.9455000162124634
YGL219C,YMR139W,0,-8.250403,0.09555236995220184,0.9990000128746033,0.9455999732017517
YBR234C,YFR003C,0,-8.2504635,0.09554322808980942,0.9990000128746033,0.9456999897956848
YER003C,YHR163W,0,-8.25253,0.09553409367799759,0.9990000128746033,0.9458000063896179
YBR066C,YDR165W,0,-8.256026,0.09552495926618576,0.9990000128746033,0.945900022983551
YGR268C,YCR061W,0,-8.2596245,0.09551582485437393,0.9990000128746033,0.9459999799728394
YGR268C,YGR181W,0,-8.261563,0.0955066904425621,0.9990000128746033,0.9460999965667725
YOL127W,YDR059C,0,-8.2620325,0.09549756348133087,0.9990000128746033,0.9462000131607056
YHR163W,YBR083W,0,-8.26344,0.09548843652009964,0.9990000128746033,0.9463000297546387
YFL016C,YML073C,0,-8.264028,0.09547930955886841,0.9990000128746033,0.946399986743927
YMR092C,YOR034C,0,-8.264205,0.09547018259763718,0.9990000128746033,0.9465000033378601
YJR076C,YIL155C,0,-8.266062,0.09546106308698654,0.9990000128746033,0.9466000199317932
YHL036W,YKL166C,0,-8.266959,0.09545193612575531,0.9990000128746033,0.9466999769210815
YKL005C,YDR098C,0,-8.269299,0.09544281661510468,0.9990000128746033,0.9467999935150146
YML008C,YGL124C,0,-8.269668,0.09543370455503464,0.9990000128746033,0.9469000101089478
YBR132C,YHR084W,0,-8.2705145,0.095424585044384,0.9990000128746033,0.9470000267028809
YEL027W,YIL119C,0,-8.273433,0.09541547298431396,0.9990000128746033,0.9470999836921692
YDR425W,YKL056C,0,-8.274658,0.09540636092424393,0.9990000128746033,0.9472000002861023
YML008C,YJL128C,0,-8.275158,0.09539724886417389,0.9990000128746033,0.9473000168800354
YMR092C,YBR002C,0,-8.276456,0.09538814425468445,0.9990000128746033,0.9473999738693237
YGL008C,YLL011W,0,-8.279281,0.09537903219461441,0.9990000128746033,0.9474999904632568
YMR250W,YJR102C,0,-8.279708,0.09536992758512497,0.9990000128746033,0.9476000070571899
YIL118W,YNL241C,0,-8.281301,0.09536082297563553,0.9990000128746033,0.947700023651123
YKL195W,YNL088W,0,-8.282168,0.09535172581672668,0.9990000128746033,0.9477999806404114
YOR206W,YBR162C,0,-8.282367,0.09534262120723724,0.9990000128746033,0.9478999972343445
YPL211W,YDL019C,0,-8.28242,0.0953335240483284,0.9990000128746033,0.9480000138282776
YNL270C,YML093W,0,-8.282962,0.09532442688941956,0.9990000128746033,0.9480999708175659
YOL133W,YGL062W,0,-8.284445,0.09531532973051071,0.9990000128746033,0.948199987411499
YDR337W,YNL302C,0,-8.285861,0.09530624002218246,0.9990000128746033,0.9483000040054321
YLR248W,YDL150W,0,-8.286155,0.09529715031385422,0.9990000128746033,0.9484000205993652
YNR002C,YLR192C,0,-8.287856,0.09528806060552597,0.9990000128746033,0.9484999775886536
YPL146C,YOR254C,0,-8.288073,0.09527897089719772,0.9990000128746033,0.9485999941825867
YDR202C,YOL039W,0,-8.290174,0.09526988118886948,0.9990000128746033,0.9487000107765198
YOR180C,YML120C,0,-8.291469,0.09526079893112183,0.9990000128746033,0.9488000273704529
YDL197C,YIL129C,0,-8.29407,0.09525171667337418,0.9990000128746033,0.9488999843597412
YJL102W,YNL241C,0,-8.295436,0.09524263441562653,0.9990000128746033,0.9490000009536743
YDL181W,YBR129C,0,-8.301771,0.09523355215787888,0.9990000128746033,0.9491000175476074
YOL031C,YNL339C,0,-8.302215,0.09522447735071182,0.9990000128746033,0.9491999745368958
YMR092C,YIL155C,0,-8.304261,0.09521540254354477,0.9990000128746033,0.9492999911308289
YLR219W,YGR180C,0,-8.304549,0.09520632773637772,0.9990000128746033,0.949400007724762
YOL013C,YPL209C,0,-8.306298,0.09519725292921066,0.9990000128746033,0.9495000243186951
YGL256W,YHR116W,0,-8.306604,0.0951881855726242,0.9990000128746033,0.9495999813079834
YHR193C,YNL014W,0,-8.306768,0.09517911821603775,0.9990000128746033,0.9496999979019165
YMR072W,YHR124W,0,-8.306906,0.0951700508594513,0.9990000128746033,0.9498000144958496
YNR002C,YPL188W,0,-8.308543,0.09516098350286484,0.9990000128746033,0.9498999714851379
YMR232W,YAL016W,0,-8.310662,0.09515191614627838,0.9990000128746033,0.949999988079071
YLR293C,YOL113W,0,-8.317048,0.09514285624027252,0.9990000128746033,0.9501000046730042
YBR066C,YJL048C,0,-8.320471,0.09513379633426666,0.9990000128746033,0.9502000212669373
YPL101W,YML120C,0,-8.322303,0.0951247364282608,0.9990000128746033,0.9502999782562256
YER165W,YJR110W,0,-8.322586,0.09511568397283554,0.9990000128746033,0.9503999948501587
YJL102W,YKL212W,0,-8.323712,0.09510662406682968,0.9990000128746033,0.9505000114440918
YKL086W,YML093W,0,-8.324287,0.09509757161140442,0.9990000128746033,0.9506000280380249
YGL105W,YJL026W,0,-8.325308,0.09508851915597916,0.9990000128746033,0.9506999850273132
YMR296C,YBR183W,0,-8.326746,0.09507947415113449,0.9990000128746033,0.9508000016212463
YMR072W,YEL004W,0,-8.329371,0.09507042169570923,0.9990000128746033,0.9509000182151794
YBR068C,YLR335W,0,-8.329545,0.09506137669086456,0.9990000128746033,0.9509999752044678
YBL098W,YDR386W,0,-8.330031,0.0950523316860199,0.9990000128746033,0.9510999917984009
YFR031C,YIL022W,0,-8.330741,0.09504328668117523,0.9990000128746033,0.951200008392334
YOL013C,YNL268W,0,-8.330943,0.09503424912691116,0.9990000128746033,0.9513000249862671
YOR036W,YPL235W,0,-8.332826,0.0950252041220665,0.9990000128746033,0.9513999819755554
YOL043C,YOL127W,0,-8.334941,0.09501616656780243,0.9990000128746033,0.9514999985694885
YBR066C,YBR295W,0,-8.335654,0.09500712901353836,0.9990000128746033,0.9516000151634216
YKL085W,YOR340C,0,-8.3475275,0.09499809890985489,0.9990000128746033,0.95169997215271
YOR210W,YML093W,0,-8.348384,0.09498906880617142,0.9990000128746033,0.9517999887466431
YPR001W,YGL011C,0,-8.351973,0.09498003125190735,0.9990000128746033,0.9519000053405762
YMR298W,YER070W,0,-8.354621,0.09497100114822388,0.9990000128746033,0.9520000219345093
YLR259C,YML047C,0,-8.356326,0.094961978495121,0.9990000128746033,0.9520999789237976
YPR134W,YFL004W,0,-8.360135,0.09495294839143753,0.9990000128746033,0.9521999955177307
YNL186W,YOR272W,0,-8.36038,0.09494392573833466,0.9990000128746033,0.9523000121116638
YBR066C,YLR193C,0,-8.363806,0.09493490308523178,0.9990000128746033,0.9524000287055969
YCL026C-A,YMR203W,0,-8.370248,0.0949258804321289,0.9990000128746033,0.9524999856948853
YJL208C,YHR006W,0,-8.371783,0.09491686522960663,0.9990000128746033,0.9526000022888184
YMR069W,YGL037C,0,-8.371891,0.09490785002708435,0.9990000128746033,0.9527000188827515
YBR059C,YGR222W,0,-8.37389,0.09489883482456207,0.9990000128746033,0.9527999758720398
YDL197C,YDR341C,0,-8.374118,0.0948898196220398,0.9990000128746033,0.9528999924659729
YLL026W,YGL006W,0,-8.374287,0.09488080441951752,0.9990000128746033,0.953000009059906
YDR055W,YPL010W,0,-8.374744,0.09487179666757584,0.9990000128746033,0.9531000256538391
YPL101W,YJL052W,0,-8.3801775,0.09486278891563416,0.9990000128746033,0.9531999826431274
YML008C,YJL148W,0,-8.381793,0.09485378116369247,0.9990000128746033,0.9532999992370605
YDL200C,YBR127C,0,-8.385834,0.0948447734117508,0.9990000128746033,0.9534000158309937
YDL087C,YGL030W,1,-8.38902,0.09493070095777512,1.0,0.9534000158309937
YLL019C,YIL128W,0,-8.39355,0.09492169320583344,1.0,0.953499972820282
YDR180W,YGR192C,0,-8.393792,0.09491267800331116,1.0,0.9535999894142151
YKL220C,YML073C,0,-8.395081,0.09490367025136948,1.0,0.9537000060081482
YDL045C,YBR162C,0,-8.395911,0.09489466995000839,1.0,0.9538000226020813
YDR298C,YGR155W,0,-8.399864,0.09488566219806671,1.0,0.9538999795913696
YFR030W,YNL061W,0,-8.4023695,0.09487666189670563,1.0,0.9539999961853027
YER179W,YMR026C,0,-8.405126,0.09486766159534454,1.0,0.9541000127792358
YPL018W,YIL118W,0,-8.405386,0.09485866129398346,1.0,0.954200029373169
YGR229C,YGR192C,0,-8.405978,0.09484966099262238,1.0,0.9542999863624573
YFR028C,YER070W,0,-8.4070835,0.09484066814184189,1.0,0.9544000029563904
YKL191W,YBL047C,0,-8.4184065,0.0948316752910614,1.0,0.9545000195503235
YDR046C,YIL008W,0,-8.418626,0.09482268244028091,1.0,0.9545999765396118
YAR033W,YFR029W,0,-8.421052,0.09481368958950043,1.0,0.9546999931335449
YPR002W,YKL212W,0,-8.42418,0.09480470418930054,1.0,0.954800009727478
YHR124W,YPL043W,0,-8.426913,0.09479571878910065,1.0,0.9549000263214111
YLR048W,YNL304W,0,-8.429168,0.09478673338890076,1.0,0.9549999833106995
YBR039W,YJL026W,0,-8.433657,0.09477774798870087,1.0,0.9550999999046326
YER044C,YFL041W,0,-8.434631,0.09476876258850098,1.0,0.9552000164985657
YLR248W,YER070W,0,-8.436159,0.09475978463888168,1.0,0.955299973487854
YLR205C,YMR069W,0,-8.439067,0.09475080668926239,1.0,0.9553999900817871
YER044C,YLL011W,0,-8.443817,0.0947418287396431,1.0,0.9555000066757202
YJL090C,YNL274C,0,-8.444018,0.0947328507900238,1.0,0.9556000232696533
YLR008C,YHR150W,0,-8.444917,0.09472388029098511,1.0,0.9556999802589417
YGR132C,YOL039W,0,-8.447068,0.09471490979194641,1.0,0.9557999968528748
YBR234C,YDR456W,0,-8.452828,0.09470593929290771,1.0,0.9559000134468079
YIL002C,YDR328C,0,-8.4543085,0.09469696879386902,1.0,0.9559999704360962
YML032C,YDL083C,0,-8.45674,0.09468800574541092,1.0,0.9560999870300293
YGL037C,YOL117W,0,-8.460692,0.09467903524637222,1.0,0.9562000036239624
YFR053C,YNL167C,0,-8.461375,0.09467007219791412,1.0,0.9563000202178955
YKL191W,YOR099W,0,-8.462072,0.09466111660003662,1.0,0.9563999772071838
YJR091C,YJL148W,0,-8.463845,0.09465215355157852,1.0,0.9564999938011169
YLL026W,YEL060C,0,-8.4669485,0.09464319795370102,1.0,0.95660001039505
YKL021C,YIL053W,0,-8.467139,0.09463424235582352,1.0,0.9567000269889832
YKL005C,YML008C,0,-8.467284,0.09462528675794601,1.0,0.9567999839782715
YLR219W,YKR059W,0,-8.467768,0.09461633116006851,1.0,0.9569000005722046
YGL171W,YMR175W,0,-8.468691,0.0946073830127716,1.0,0.9570000171661377
YMR011W,YMR089C,0,-8.470103,0.0945984274148941,1.0,0.957099974155426
YPL202C,YLR259C,0,-8.475451,0.0945894792675972,1.0,0.9571999907493591
YGR059W,YHR084W,0,-8.475827,0.09458053857088089,1.0,0.9573000073432922
YER073W,YGR132C,0,-8.476127,0.09457159042358398,1.0,0.9574000239372253
YDL079C,YDR202C,0,-8.483115,0.09456264972686768,1.0,0.9574999809265137
YCR107W,YMR012W,0,-8.485747,0.09455370903015137,1.0,0.9575999975204468
YER044C,YDL200C,0,-8.486888,0.09454476833343506,1.0,0.9577000141143799
YFL023W,YOL039W,0,-8.490373,0.09453582763671875,1.0,0.9577999711036682
YDL079C,YKR079C,0,-8.49662,0.09452689439058304,1.0,0.9578999876976013
YCL026C-A,YOR241W,0,-8.497352,0.09451796114444733,1.0,0.9580000042915344
YMR011W,YGL229C,0,-8.503491,0.09450902789831161,1.0,0.9581000208854675
YER088C,YJL208C,0,-8.50706,0.0945000946521759,1.0,0.9581999778747559
YGR014W,YGL037C,0,-8.507864,0.09449116140604019,1.0,0.958299994468689
YNR002C,YGR014W,0,-8.5161915,0.09448223561048508,1.0,0.9584000110626221
YJR150C,YNL053W,0,-8.525729,0.09447330981492996,1.0,0.9585000276565552
YDL029W,YHR200W,0,-8.52814,0.09446438401937485,1.0,0.9585999846458435
YMR092C,YKL093W,0,-8.530761,0.09445546567440033,1.0,0.9587000012397766
YKL205W,YFR003C,0,-8.534278,0.09444653987884521,1.0,0.9588000178337097
YAL007C,YMR104C,0,-8.536162,0.0944376215338707,1.0,0.958899974822998
YGL180W,YHR042W,0,-8.537111,0.09442870318889618,1.0,0.9589999914169312
YKL085W,YDL019C,0,-8.538151,0.09441979229450226,1.0,0.9591000080108643
YNL127W,YDR277C,0,-8.543687,0.09441087394952774,1.0,0.9592000246047974
YGL171W,YOL020W,0,-8.546569,0.09440196305513382,1.0,0.9592999815940857
YDR214W,YDR087C,0,-8.547164,0.0943930521607399,1.0,0.9593999981880188
YJR091C,YDR328C,0,-8.548115,0.09438414126634598,1.0,0.9595000147819519
YOL108C,YNL044W,0,-8.551015,0.09437523782253265,1.0,0.9595999717712402
YKR076W,YDR372C,0,-8.566651,0.09436632692813873,1.0,0.9596999883651733
YOL013C,YGL062W,0,-8.568725,0.09435742348432541,1.0,0.9598000049591064
YDR335W,YCL032W,0,-8.570408,0.09434852004051208,1.0,0.9599000215530396
YLR011W,YOL127W,0,-8.570514,0.09433962404727936,1.0,0.9599999785423279
YIL002C,YLR219W,0,-8.572145,0.09433072060346603,1.0,0.960099995136261
YBR256C,YOR272W,0,-8.572347,0.0943218246102333,1.0,0.9602000117301941
YNL307C,YEL060C,0,-8.577025,0.09431292861700058,1.0,0.9603000283241272
YFR053C,YLR007W,0,-8.578062,0.09430403262376785,1.0,0.9603999853134155
YML132W,YNL061W,0,-8.57809,0.09429514408111572,1.0,0.9605000019073486
YBR201W,YPL043W,0,-8.581227,0.09428625553846359,1.0,0.9606000185012817
YCL026C-A,YLR059C,0,-8.581781,0.09427736699581146,1.0,0.9606999754905701
YKL085W,YDR142C,0,-8.583957,0.09426847845315933,1.0,0.9607999920845032
YDR009W,YGL013C,0,-8.583987,0.0942595899105072,1.0,0.9609000086784363
YDL079C,YGR202C,0,-8.584828,0.09425070881843567,1.0,0.9610000252723694
YOL129W,YGR211W,0,-8.586463,0.09424182772636414,1.0,0.9610999822616577
YGR192C,YOL105C,0,-8.588591,0.0942329466342926,1.0,0.9611999988555908
YKL150W,YDR425W,0,-8.588642,0.09422406554222107,1.0,0.9613000154495239
YHR200W,YBR024W,0,-8.590218,0.09421518445014954,1.0,0.9613999724388123
YNL220W,YML080W,0,-8.594844,0.0942063108086586,1.0,0.9614999890327454
YOL013C,YPL235W,0,-8.598945,0.09419743716716766,1.0,0.9616000056266785
YDR481C,YML014W,0,-8.600036,0.09418856352567673,1.0,0.9617000222206116
YAL054C,YFR031C,0,-8.600949,0.09417969733476639,1.0,0.9617999792098999
YGL078C,YGL062W,0,-8.601596,0.09417082369327545,1.0,0.961899995803833
YEL027W,YLR219W,0,-8.602038,0.09416195750236511,1.0,0.9620000123977661
YLR304C,YPL110C,0,-8.6047535,0.09415309131145477,1.0,0.9621000289916992
YLL026W,YGL229C,0,-8.607701,0.09414423257112503,1.0,0.9621999859809875
YLR068W,YOL020W,0,-8.611148,0.09413536638021469,1.0,0.9623000025749207
YDR180W,YJL048C,0,-8.613674,0.09412650763988495,1.0,0.9624000191688538
YCL025C,YDR083W,0,-8.614275,0.0941176488995552,1.0,0.9624999761581421
YNL110C,YOL129W,0,-8.61493,0.09410879015922546,1.0,0.9625999927520752
YJL008C,YER044C,0,-8.615986,0.09409993141889572,1.0,0.9627000093460083
YMR150C,YPR052C,0,-8.615987,0.09409108012914658,1.0,0.9628000259399414
YBR145W,YPL208W,0,-8.618126,0.09408222883939743,1.0,0.9628999829292297
YGL142C,YFR003C,0,-8.621217,0.09407337754964828,1.0,0.9629999995231628
YDL083C,YOR329C,0,-8.625959,0.09406452625989914,1.0,0.963100016117096
YPR001W,YLR293C,0,-8.627328,0.09405568242073059,1.0,0.9631999731063843
YMR041C,YGL037C,0,-8.630734,0.09404683858156204,1.0,0.9632999897003174
YHR169W,YFL011W,0,-8.631351,0.0940379947423935,1.0,0.9634000062942505
YDR345C,YJR086W,0,-8.637772,0.09402915090322495,1.0,0.9635000228881836
YER044C,YCL004W,0,-8.640539,0.0940203070640564,1.0,0.9635999798774719
YIL155C,YER072W,0,-8.64316,0.09401147067546844,1.0,0.963699996471405
YHR150W,YKL212W,0,-8.651496,0.0940026342868805,1.0,0.9638000130653381
YBR185C,YJL102W,0,-8.659927,0.09399379789829254,1.0,0.9639000296592712
YMR250W,YDL079C,0,-8.662133,0.09398496150970459,1.0,0.9639999866485596
YOR386W,YIL118W,0,-8.662835,0.09397613257169724,1.0,0.9641000032424927
YPR002W,YEL060C,0,-8.66336,0.09396729618310928,1.0,0.9642000198364258
YKR076W,YPL101W,0,-8.664012,0.09395846724510193,1.0,0.9642999768257141
YGR268C,YOL038W,0,-8.675793,0.09394964575767517,1.0,0.9643999934196472
YOL013C,YLR008C,0,-8.676269,0.09394081681966782,1.0,0.9645000100135803
YML080W,YLR240W,0,-8.679111,0.09393199533224106,1.0,0.9646000266075134
YFL016C,YGL013C,0,-8.68007,0.0939231738448143,1.0,0.9646999835968018
YKR076W,YGL008C,0,-8.688985,0.09391435235738754,1.0,0.9648000001907349
YNL270C,YNL302C,0,-8.692283,0.09390553086996078,1.0,0.964900016784668
YCL025C,YJL129C,0,-8.699897,0.09389671683311462,1.0,0.9649999737739563
YKL056C,YMR104C,0,-8.706705,0.09388789534568787,1.0,0.9650999903678894
YPR154W,YDR325W,0,-8.713208,0.0938790813088417,1.0,0.9652000069618225
YNL220W,YIL008W,0,-8.716798,0.09387027472257614,1.0,0.9653000235557556
YGL105W,YJL102W,0,-8.721869,0.09386146068572998,1.0,0.965399980545044
YNL327W,YMR175W,0,-8.72745,0.09385265409946442,1.0,0.965499997138977
YDR076W,YER117W,0,-8.730264,0.09384384751319885,1.0,0.9656000137329102
YLR377C,YNL167C,0,-8.734783,0.09383504092693329,1.0,0.9656999707221985
YLL026W,YMR203W,0,-8.734872,0.09382623434066772,1.0,0.9657999873161316
YCL027W,YIL022W,0,-8.738072,0.09381742775440216,1.0,0.9659000039100647
YNL039W,YMR104C,0,-8.738112,0.0938086286187172,1.0,0.9660000205039978
YDL195W,YPL033C,0,-8.739994,0.09379982948303223,1.0,0.9660999774932861
YNR002C,YIL142W,0,-8.740298,0.09379103034734726,1.0,0.9661999940872192
YLR355C,YPL043W,0,-8.741355,0.09378223866224289,1.0,0.9663000106811523
YLR205C,YBR083W,0,-8.750857,0.09377344697713852,1.0,0.9664000272750854
YDL200C,YNL241C,0,-8.753011,0.09376464784145355,1.0,0.9664999842643738
YMR119W,YJL184W,0,-8.754428,0.09375585615634918,1.0,0.9666000008583069
YOR241W,YDL079C,0,-8.756724,0.09374707192182541,1.0,0.96670001745224
YLR248W,YML014W,0,-8.758011,0.09373828023672104,1.0,0.9667999744415283
YDR273W,YDL128W,0,-8.765155,0.09372949600219727,1.0,0.9668999910354614
YDL142C,YCR072C,0,-8.766015,0.09372071176767349,1.0,0.9670000076293945
YGL084C,YPR052C,0,-8.768161,0.09371192753314972,1.0,0.9671000242233276
YML008C,YBL105C,0,-8.77135,0.09370315074920654,1.0,0.967199981212616
YHR042W,YBL058W,0,-8.774991,0.09369436651468277,1.0,0.9672999978065491
YKL085W,YDL230W,0,-8.774993,0.0936855897307396,1.0,0.9674000144004822
YKL016C,YKL160W,0,-8.775382,0.09367681294679642,1.0,0.9674999713897705
YFR053C,YBR256C,0,-8.779964,0.09366804361343384,1.0,0.9675999879837036
YPL100W,YDR398W,0,-8.781684,0.09365926682949066,1.0,0.9677000045776367
YMR301C,YOL039W,0,-8.782007,0.09365049749612808,1.0,0.9678000211715698
YOL013C,YJL010C,0,-8.784482,0.0936417281627655,1.0,0.9678999781608582
YNL153C,YDL181W,0,-8.792534,0.09363295882940292,1.0,0.9679999947547913
YPL269W,YKL205W,0,-8.797065,0.09362418949604034,1.0,0.9681000113487244
YGL016W,YOR230W,0,-8.798068,0.09361542761325836,1.0,0.9682000279426575
YBR037C,YBR183W,0,-8.803488,0.09360666573047638,1.0,0.9682999849319458
YMR011W,YOR179C,0,-8.804089,0.0935979038476944,1.0,0.9684000015258789
YDR277C,YPL043W,0,-8.804933,0.09358914196491241,1.0,0.968500018119812
YOL013C,YKL021C,0,-8.805854,0.09358038753271103,1.0,0.9685999751091003
YDL045C,YHR200W,0,-8.815917,0.09357162564992905,1.0,0.9686999917030334
YMR029C,YJR070C,0,-8.817439,0.09356287121772766,1.0,0.9688000082969666
YML113W,YFL021W,0,-8.818793,0.09355412423610687,1.0,0.9689000248908997
YOR005C,YMR011W,0,-8.8221655,0.09354536980390549,1.0,0.968999981880188
YGL037C,YIL053W,0,-8.822747,0.0935366228222847,1.0,0.9690999984741211
YGR248W,YEL004W,0,-8.828265,0.09352786839008331,1.0,0.9692000150680542
YOR144C,YBL032W,0,-8.829116,0.09351912140846252,1.0,0.9692999720573425
YHR016C,YOR087W,0,-8.835658,0.09351038187742233,1.0,0.9693999886512756
YLR293C,YGL006W,0,-8.849015,0.09350163489580154,1.0,0.9695000052452087
YGL078C,YER142C,0,-8.853375,0.09349289536476135,1.0,0.9696000218391418
YBR145W,YML073C,0,-8.854426,0.09348415583372116,1.0,0.9696999788284302
YDR181C,YBR183W,0,-8.857077,0.09347541630268097,1.0,0.9697999954223633
YGL171W,YIL123W,0,-8.858264,0.09346667677164078,1.0,0.9699000120162964
YDL145C,YER035W,0,-8.862698,0.09345794469118118,1.0,0.9700000286102295
YCL025C,YKL021C,0,-8.862854,0.09344921261072159,1.0,0.9700999855995178
YFR053C,YNL186W,0,-8.864292,0.093440480530262,1.0,0.9702000021934509
YIL034C,YDR453C,0,-8.86837,0.0934317484498024,1.0,0.970300018787384
YAL054C,YGL195W,0,-8.875335,0.0934230163693428,1.0,0.9703999757766724
YOL127W,YFR003C,0,-8.87584,0.0934142917394638,1.0,0.9704999923706055
YHR116W,YKL029C,0,-8.876075,0.09340556710958481,1.0,0.9706000089645386
YLR133W,YMR175W,0,-8.877957,0.09339684247970581,1.0,0.9707000255584717
YBR172C,YDR453C,0,-8.883118,0.09338811784982681,1.0,0.97079998254776
YOR031W,YLR293C,0,-8.885261,0.09337940067052841,1.0,0.9708999991416931
YAL007C,YMR175W,0,-8.888284,0.09337068349123001,1.0,0.9710000157356262
YOR377W,YGL068W,0,-8.891265,0.09336196631193161,1.0,0.9710999727249146
YPL082C,YJR145C,0,-8.901453,0.09335324913263321,1.0,0.9711999893188477
YER044C,YJL207C,0,-8.9023695,0.09334453195333481,1.0,0.9713000059127808
YGR268C,YPL209C,0,-8.904093,0.093335822224617,1.0,0.9714000225067139
YER088C,YNL044W,0,-8.910609,0.0933271124958992,1.0,0.9714999794960022
YBR049C,YOR230W,0,-8.91324,0.0933184027671814,1.0,0.9715999960899353
YLR377C,YDR393W,0,-8.91504,0.09330969303846359,1.0,0.9717000126838684
YGR088W,YBR275C,0,-8.9162655,0.09330099076032639,1.0,0.9718000292778015
YGR010W,YIL123W,0,-8.918783,0.09329228103160858,1.0,0.9718999862670898
YDR273W,YLR293C,0,-8.918827,0.09328357875347137,1.0,0.972000002861023
YCL025C,YHR171W,0,-8.919153,0.09327488392591476,1.0,0.972100019454956
YNL281W,YPL026C,0,-8.92067,0.09326618164777756,1.0,0.9721999764442444
YMR047C,YMR104C,0,-8.923989,0.09325748682022095,1.0,0.9722999930381775
YER165W,YJR086W,0,-8.925486,0.09324878454208374,1.0,0.9724000096321106
YDL142C,YPR154W,0,-8.925759,0.09324008971452713,1.0,0.9725000262260437
YNL274C,YCL055W,0,-8.925942,0.09323140233755112,1.0,0.972599983215332
YKL166C,YMR104C,0,-8.928098,0.0932227075099945,1.0,0.9726999998092651
YJR070C,YGR111W,0,-8.928509,0.0932140201330185,1.0,0.9728000164031982
YER165W,YGR222W,0,-8.929264,0.09320533275604248,1.0,0.9728999733924866
YGL098W,YHR161C,0,-8.930055,0.09319664537906647,1.0,0.9729999899864197
YLL026W,YER070W,0,-8.932161,0.09318795800209045,1.0,0.9731000065803528
YKL093W,YGL004C,0,-8.936131,0.09317927807569504,1.0,0.9732000231742859
YDL126C,YNL274C,0,-8.937655,0.09317059814929962,1.0,0.9732999801635742
YHR019C,YLR219W,0,-8.939823,0.0931619182229042,1.0,0.9733999967575073
YGR268C,YLR025W,0,-8.942163,0.09315323829650879,1.0,0.9735000133514404
YNR015W,YJL048C,0,-8.943244,0.09314455837011337,1.0,0.9735999703407288
YML008C,YML032C,0,-8.944437,0.09313588589429855,1.0,0.9736999869346619
YGL037C,YML097C,0,-8.9445715,0.09312721341848373,1.0,0.973800003528595
YKR066C,YNL131W,0,-8.945013,0.09311854094266891,1.0,0.9739000201225281
YDR335W,YDR456W,0,-8.945096,0.0931098684668541,1.0,0.9739999771118164
YJL214W,YPR188C,0,-8.946329,0.09310120344161987,1.0,0.9740999937057495
YAL044C,YNL167C,0,-8.95543,0.09309253096580505,1.0,0.9742000102996826
YEL037C,YOL117W,0,-8.957337,0.09308386594057083,1.0,0.9743000268936157
YGR177C,YCL032W,0,-8.958241,0.0930752083659172,1.0,0.974399983882904
YHR019C,YFL003C,0,-8.960064,0.09306654334068298,1.0,0.9745000004768372
YPR001W,YKR076W,0,-8.961871,0.09305787831544876,1.0,0.9746000170707703
YGR155W,YKL093W,0,-8.9638605,0.09304922074079514,1.0,0.9746999740600586
YBR185C,YBL093C,0,-8.963912,0.09304056316614151,1.0,0.9747999906539917
YIL036W,YNL302C,0,-8.965419,0.09303191304206848,1.0,0.9749000072479248
YER164W,YGR088W,0,-8.978208,0.09302325546741486,1.0,0.9750000238418579
YMR021C,YGL037C,0,-8.978949,0.09301460534334183,1.0,0.9750999808311462
YOR330C,YGL037C,0,-8.980145,0.0930059552192688,1.0,0.9751999974250793
YGL068W,YMR175W,0,-8.983087,0.09299730509519577,1.0,0.9753000140190125
YJL026W,YPR065W,0,-8.985973,0.09298865497112274,1.0,0.9753999710083008
YIL119C,YPL106C,0,-8.987931,0.09298001229763031,1.0,0.9754999876022339
YDR273W,YDL140C,0,-8.989956,0.09297136217355728,1.0,0.975600004196167
YNL030W,YKL197C,0,-8.994739,0.09296271950006485,1.0,0.9757000207901001
YFR052W,YBR024W,0,-8.997578,0.09295408427715302,1.0,0.9757999777793884
YKL021C,YHR194W,0,-9.003324,0.09294544160366058,1.0,0.9758999943733215
YHR023W,YMR104C,0,-9.008004,0.09293680638074875,1.0,0.9760000109672546
YHR160C,YML123C,0,-9.015378,0.09292816370725632,1.0,0.9761000275611877
YLR377C,YFR003C,0,-9.021896,0.09291952848434448,1.0,0.9761999845504761
YGR249W,YDR165W,0,-9.043101,0.09291090071201324,1.0,0.9763000011444092
YNR054C,YLR293C,0,-9.052321,0.09290226548910141,1.0,0.9764000177383423
YER044C,YHR012W,0,-9.054435,0.09289363771677017,1.0,0.9764999747276306
YML113W,YHR161C,0,-9.057521,0.09288500994443893,1.0,0.9765999913215637
YBR177C,YKL085W,0,-9.058432,0.0928763821721077,1.0,0.9767000079154968
YGL037C,YPR032W,0,-9.060661,0.09286775439977646,1.0,0.9768000245094299
YPL269W,YCL054W,0,-9.065236,0.09285913407802582,1.0,0.9768999814987183
YBR155W,YKL034W,0,-9.067447,0.09285051375627518,1.0,0.9769999980926514
YPR002W,YIL109C,0,-9.067522,0.09284189343452454,1.0,0.9771000146865845
YLR355C,YEL060C,0,-9.07006,0.0928332731127739,1.0,0.9771999716758728
YLR355C,YKL034W,0,-9.071174,0.09282465279102325,1.0,0.9772999882698059
YPL234C,YMR104C,0,-9.073027,0.09281603991985321,1.0,0.977400004863739
YMR232W,YDL014W,0,-9.077087,0.09280742704868317,1.0,0.9775000214576721
YPR052C,YBR183W,0,-9.080716,0.09279881417751312,1.0,0.9775999784469604
YKR076W,YBR172C,0,-9.093982,0.09279020130634308,1.0,0.9776999950408936
YER003C,YEL041W,0,-9.099763,0.09278158843517303,1.0,0.9778000116348267
YER165W,YDL170W,0,-9.099871,0.09277298301458359,1.0,0.9779000282287598
YDR273W,YKR059W,0,-9.101427,0.09276437759399414,1.0,0.9779999852180481
YMR092C,YLL011W,0,-9.105356,0.0927557721734047,1.0,0.9781000018119812
YGL068W,YGL006W,0,-9.110118,0.09274717420339584,1.0,0.9782000184059143
YJL026W,YOR172W,0,-9.110262,0.0927385687828064,1.0,0.9782999753952026
YPL265W,YKL191W,0,-9.11174,0.09272997081279755,1.0,0.9783999919891357
YFL011W,YIL123W,0,-9.116542,0.0927213728427887,1.0,0.9785000085830688
YPR001W,YML132W,0,-9.121006,0.09271277487277985,1.0,0.978600025177002
YKL085W,YBR273C,0,-9.1218195,0.09270418435335159,1.0,0.9786999821662903
YPL101W,YGR248W,0,-9.126006,0.09269558638334274,1.0,0.9787999987602234
YOL039W,YBR077C,0,-9.126719,0.09268699586391449,1.0,0.9789000153541565
YMR012W,YLR205C,0,-9.137835,0.09267840534448624,1.0,0.9789999723434448
YLR355C,YDL170W,0,-9.139567,0.09266981482505798,1.0,0.9790999889373779
YGR155W,YDR058C,0,-9.140515,0.09266123175621033,1.0,0.979200005531311
YKR066C,YBR183W,0,-9.141629,0.09265264868736267,1.0,0.9793000221252441
YKR076W,YML008C,0,-9.142722,0.09264405816793442,1.0,0.9793999791145325
YML129C,YMR079W,0,-9.14346,0.09263548254966736,1.0,0.9794999957084656
YHR193C,YFL011W,0,-9.149325,0.0926268994808197,1.0,0.9796000123023987
YER035W,YMR203W,0,-9.150303,0.09261831641197205,1.0,0.9797000288963318
YKL016C,YGR268C,0,-9.151293,0.09260974079370499,1.0,0.9797999858856201
YIL155C,YLR384C,0,-9.153182,0.09260116517543793,1.0,0.9799000024795532
YMR175W,YKR059W,0,-9.154174,0.09259258955717087,1.0,0.9800000190734863
YLR219W,YGR248W,0,-9.156241,0.0925840213894844,1.0,0.9800999760627747
YDL126C,YER070W,0,-9.158916,0.09257544577121735,1.0,0.9801999926567078
YKL085W,YGL053W,0,-9.159121,0.09256687760353088,1.0,0.9803000092506409
YFL018C,YCR009C,0,-9.169132,0.09255830943584442,1.0,0.980400025844574
YCR042C,YBR183W,0,-9.172683,0.09254974871873856,1.0,0.9804999828338623
YML008C,YLR193C,0,-9.173952,0.0925411805510521,1.0,0.9805999994277954
YDR309C,YLL026W,0,-9.183963,0.09253261983394623,1.0,0.9807000160217285
YER169W,YOL127W,0,-9.1897135,0.09252405911684036,1.0,0.9807999730110168
YGR158C,YDL170W,0,-9.198514,0.0925154983997345,1.0,0.98089998960495
YOL002C,YML120C,0,-9.21015,0.09250693768262863,1.0,0.9810000061988831
YKL085W,YHR034C,0,-9.219921,0.09249838441610336,1.0,0.9811000227928162
YMR175W,YPL106C,0,-9.221639,0.0924898236989975,1.0,0.9811999797821045
YFR053C,YML073C,0,-9.234578,0.09248127043247223,1.0,0.9812999963760376
YFL021W,YGR285C,0,-9.236141,0.09247271716594696,1.0,0.9814000129699707
YFR053C,YLR008C,0,-9.241311,0.09246417135000229,1.0,0.9815000295639038
YBR132C,YPL210C,0,-9.241495,0.09245561808347702,1.0,0.9815999865531921
YHR169W,YDR277C,0,-9.248453,0.09244707226753235,1.0,0.9817000031471252
YMR142C,YDR087C,0,-9.249129,0.09243852645158768,1.0,0.9818000197410583
YKL085W,YDR087C,0,-9.254476,0.092429980635643,1.0,0.9818999767303467
YOR340C,YJR110W,0,-9.258586,0.09242144227027893,1.0,0.9819999933242798
YDR075W,YOL129W,0,-9.262622,0.09241290390491486,1.0,0.9821000099182129
YNR002C,YFR028C,0,-9.266611,0.09240435808897018,1.0,0.982200026512146
YDR277C,YMR091C,0,-9.2731695,0.0923958271741867,1.0,0.9822999835014343
YGR088W,YER072W,0,-9.27544,0.09238728880882263,1.0,0.9824000000953674
YDR214W,YKL055C,0,-9.278199,0.09237875044345856,1.0,0.9825000166893005
YOR206W,YDR453C,0,-9.283534,0.09237021952867508,1.0,0.9825999736785889
YDL019C,YDR328C,0,-9.286445,0.0923616886138916,1.0,0.982699990272522
YBR145W,YOR180C,0,-9.288898,0.09235315769910812,1.0,0.9828000068664551
YGR218W,YGR088W,0,-9.30306,0.09234462678432465,1.0,0.9829000234603882
YDR328C,YOL129W,0,-9.303529,0.09233610332012177,1.0,0.9829999804496765
YNL009W,YOR206W,0,-9.304468,0.09232757985591888,1.0,0.9830999970436096
YGR177C,YLR193C,0,-9.311847,0.092319056391716,1.0,0.9832000136375427
YDR214W,YKL191W,0,-9.328729,0.09231053292751312,1.0,0.983299970626831
YMR072W,YKL085W,0,-9.336349,0.09230200946331024,1.0,0.9833999872207642
YMR092C,YDL195W,0,-9.339938,0.09229349344968796,1.0,0.9835000038146973
YKR076W,YBR273C,0,-9.349475,0.09228497743606567,1.0,0.9836000204086304
YLR026C,YJL052W,0,-9.356063,0.09227646142244339,1.0,0.9836999773979187
YML014W,YFR003C,0,-9.358428,0.0922679454088211,1.0,0.9837999939918518
YJL026W,YLL011W,0,-9.360354,0.09225943684577942,1.0,0.9839000105857849
YJL214W,YJR045C,0,-9.363429,0.09225092083215714,1.0,0.984000027179718
YDL143W,YDR453C,0,-9.365978,0.09224241226911545,1.0,0.9840999841690063
YPR154W,YOL127W,0,-9.368081,0.09223390370607376,1.0,0.9842000007629395
YML008C,YDR202C,0,-9.368135,0.09222540259361267,1.0,0.9843000173568726
YNL009W,YLL019C,0,-9.38172,0.09221689403057098,1.0,0.9843999743461609
YML113W,YPL171C,0,-9.392262,0.0922083929181099,1.0,0.984499990940094
YFR028C,YDR277C,0,-9.393087,0.0921998918056488,1.0,0.9846000075340271
YMR142C,YHR006W,0,-9.396872,0.09219139069318771,1.0,0.9847000241279602
YDR231C,YGR248W,0,-9.401561,0.09218288958072662,1.0,0.9847999811172485
YNL302C,YFR003C,0,-9.426003,0.09217439591884613,1.0,0.9848999977111816
YFR053C,YOR217W,0,-9.426528,0.09216590225696564,1.0,0.9850000143051147
YOR005C,YJL208C,0,-9.447188,0.09215740114450455,1.0,0.9850999712944031
YMR041C,YMR142C,0,-9.448461,0.09214891493320465,1.0,0.9851999878883362
YOL039W,YLL011W,0,-9.450143,0.09214042127132416,1.0,0.9853000044822693
YBR145W,YKL191W,0,-9.450167,0.09213193506002426,1.0,0.9854000210762024
YMR250W,YHR187W,0,-9.452294,0.09212344884872437,1.0,0.9854999780654907
YBR155W,YLR355C,0,-9.456054,0.09211496263742447,1.0,0.9855999946594238
YBL009W,YOR230W,0,-9.457423,0.09210647642612457,1.0,0.9857000112533569
YNL008C,YER031C,0,-9.461911,0.09209799021482468,1.0,0.98580002784729
YHR171W,YJR145C,0,-9.466674,0.09208951145410538,1.0,0.9858999848365784
YGR088W,YMR079W,0,-9.481938,0.09208103269338608,1.0,0.9860000014305115
YKR076W,YDR021W,0,-9.495373,0.09207255393266678,1.0,0.9861000180244446
YDR231C,YGL171W,0,-9.497494,0.09206407517194748,1.0,0.9861999750137329
YGR088W,YMR021C,0,-9.5044565,0.09205560386180878,1.0,0.986299991607666
YNR002C,YER142C,0,-9.5305395,0.09204712510108948,1.0,0.9864000082015991
YGR230W,YLL026W,0,-9.534638,0.09203865379095078,1.0,0.9865000247955322
YEL060C,YOR087W,0,-9.53964,0.09203018248081207,1.0,0.9865999817848206
YDR046C,YMR175W,0,-9.539695,0.09202171862125397,1.0,0.9866999983787537
YFL029C,YPR154W,0,-9.54012,0.09201324731111526,1.0,0.9868000149726868
YDR273W,YJR045C,0,-9.543647,0.09200478345155716,1.0,0.9868999719619751
YAL054C,YJR070C,0,-9.544502,0.09199631959199905,1.0,0.9869999885559082
YPR001W,YAL016W,0,-9.546582,0.09198785573244095,1.0,0.9871000051498413
YNL061W,YPR154W,0,-9.552156,0.09197939932346344,1.0,0.9872000217437744
YJL148W,YHR161C,0,-9.55289,0.09197093546390533,1.0,0.9872999787330627
YDR273W,YPL163C,0,-9.556026,0.09196247905492783,1.0,0.9873999953269958
YDR273W,YOL049W,0,-9.559979,0.09195402264595032,1.0,0.987500011920929
YDR021W,YJR091C,0,-9.5694065,0.09194556623697281,1.0,0.9876000285148621
YOL127W,YMR175W,0,-9.571726,0.0919371172785759,1.0,0.9876999855041504
YGL238W,YMR175W,0,-9.576516,0.09192866086959839,1.0,0.9878000020980835
YML073C,YDR059C,0,-9.577055,0.09192021191120148,1.0,0.9879000186920166
YGR268C,YDR083W,0,-9.578068,0.09191176295280457,1.0,0.9879999756813049
YGL037C,YBR024W,0,-9.580223,0.09190331399440765,1.0,0.988099992275238
YGR249W,YEL051W,0,-9.585204,0.09189487248659134,1.0,0.9882000088691711
YFR053C,YDR485C,0,-9.604039,0.09188643097877502,1.0,0.9883000254631042
YML012W,YGL219C,0,-9.604332,0.09187798947095871,1.0,0.9883999824523926
YDR122W,YGR158C,0,-9.606091,0.0918695479631424,1.0,0.9884999990463257
YAL022C,YER106W,0,-9.615862,0.09186110645532608,1.0,0.9886000156402588
YGR155W,YDR277C,0,-9.618262,0.09185266494750977,1.0,0.9886999726295471
YFR013W,YGL037C,0,-9.625554,0.09184423089027405,1.0,0.9887999892234802
YBR160W,YMR104C,0,-9.637377,0.09183579683303833,1.0,0.9889000058174133
YBR145W,YML093W,0,-9.645225,0.09182736277580261,1.0,0.9890000224113464
YKL150W,YML073C,0,-9.6579895,0.09181893616914749,1.0,0.9890999794006348
YGR088W,YDL140C,0,-9.669068,0.09181050211191177,1.0,0.9891999959945679
YPR002W,YCL043C,0,-9.671054,0.09180207550525665,1.0,0.989300012588501
YKL029C,YDL200C,0,-9.681504,0.09179364889860153,1.0,0.9894000291824341
YER044C,YBR231C,0,-9.690678,0.09178522229194641,1.0,0.9894999861717224
YMR092C,YLR384C,0,-9.693105,0.09177679568529129,1.0,0.9896000027656555
YPL209C,YJR091C,0,-9.703038,0.09176837652921677,1.0,0.9897000193595886
YLL015W,YMR011W,0,-9.708772,0.09175995737314224,1.0,0.989799976348877
YBR129C,YGR248W,0,-9.712427,0.09175153821706772,1.0,0.9898999929428101
YHL036W,YLR008C,0,-9.714017,0.0917431190609932,1.0,0.9900000095367432
YOR206W,YJR145C,0,-9.717208,0.09173469990491867,1.0,0.9901000261306763
YGL037C,YDR425W,0,-9.729826,0.09172628819942474,1.0,0.9901999831199646
YGL124C,YMR104C,0,-9.733972,0.09171787649393082,1.0,0.9902999997138977
YGR088W,YDR059C,0,-9.736932,0.09170946478843689,1.0,0.9904000163078308
YBR267W,YLR034C,0,-9.752956,0.09170105308294296,1.0,0.9904999732971191
YIL118W,YMR104C,0,-9.75801,0.09169264882802963,1.0,0.9905999898910522
YNL274C,YMR266W,0,-9.77879,0.0916842371225357,1.0,0.9907000064849854
YPL043W,YLR425W,0,-9.814917,0.09167583286762238,1.0,0.9908000230789185
YDR214W,YGR230W,0,-9.81892,0.09166742861270905,1.0,0.9908999800682068
YNL186W,YBR183W,0,-9.820363,0.09165903180837631,1.0,0.9909999966621399
YMR012W,YKL093W,0,-9.842303,0.09165062755346298,1.0,0.991100013256073
YMR012W,YER035W,0,-9.845849,0.09164223074913025,1.0,0.9911999702453613
YKR066C,YGL078C,0,-9.849383,0.09163383394479752,1.0,0.9912999868392944
YML113W,YHL036W,0,-9.849876,0.09162543714046478,1.0,0.9914000034332275
YBL098W,YMR089C,0,-9.858943,0.09161704033613205,1.0,0.9915000200271606
YGL180W,YOL039W,0,-9.884433,0.09160865098237991,1.0,0.991599977016449
YHR169W,YLR006C,0,-9.891383,0.09160025417804718,1.0,0.9916999936103821
YAL042W,YBR183W,0,-9.892776,0.09159186482429504,1.0,0.9918000102043152
YGL006W,YNL044W,0,-9.9205065,0.09158347547054291,1.0,0.9919000267982483
YLR335W,YCR061W,0,-9.927217,0.09157509356737137,1.0,0.9919999837875366
YGL078C,YHR161C,0,-9.941915,0.09156670421361923,1.0,0.9921000003814697
YKR076W,YLR377C,0,-9.942609,0.09155832231044769,1.0,0.9922000169754028
YOR206W,YCR061W,0,-9.9519205,0.09154994040727615,1.0,0.9922999739646912
YNR002C,YGR088W,0,-9.969935,0.09154155850410461,1.0,0.9923999905586243
YGR177C,YCR061W,0,-9.980755,0.09153318405151367,1.0,0.9925000071525574
YML023C,YBR183W,0,-9.995679,0.09152480214834213,1.0,0.9926000237464905
YGR248W,YCL032W,0,-10.005496,0.09151642769575119,1.0,0.9926999807357788
YPR001W,YER142C,0,-10.007801,0.09150805324316025,1.0,0.9927999973297119
YGL092W,YMR104C,0,-10.019334,0.0914996787905693,1.0,0.992900013923645
YNL220W,YBR183W,0,-10.034497,0.09149131178855896,1.0,0.9929999709129333
YGR088W,YLL019C,0,-10.040242,0.09148293733596802,1.0,0.9930999875068665
YDR122W,YHR150W,0,-10.082644,0.09147457033395767,1.0,0.9932000041007996
YHR175W,YHR161C,0,-10.097627,0.09146620333194733,1.0,0.9933000206947327
YOL127W,YDR058C,0,-10.097977,0.09145783632993698,1.0,0.993399977684021
YBR183W,YFR003C,0,-10.099401,0.09144947677850723,1.0,0.9934999942779541
YHR001W-A,YLR048W,0,-10.108117,0.09144110977649689,1.0,0.9936000108718872
YMR201C,YER070W,0,-10.122151,0.09143275022506714,1.0,0.9937000274658203
YMR041C,YGR285C,0,-10.138644,0.09142439067363739,1.0,0.9937999844551086
YBR160W,YBR183W,0,-10.150352,0.09141603112220764,1.0,0.9939000010490417
YDL083C,YHR161C,0,-10.15532,0.09140767902135849,1.0,0.9940000176429749
YBL058W,YHR016C,0,-10.194047,0.09139932692050934,1.0,0.9940999746322632
YPL100W,YMR011W,0,-10.220024,0.09139096736907959,1.0,0.9941999912261963
YFL029C,YMR011W,0,-10.24606,0.09138262271881104,1.0,0.9943000078201294
YDL014W,YMR175W,0,-10.2500105,0.09137427061796188,1.0,0.9944000244140625
YDL083C,YBR105C,0,-10.250535,0.09136591851711273,1.0,0.9944999814033508
YML080W,YGR248W,0,-10.267634,0.09135757386684418,1.0,0.9945999979972839
YMR175W,YMR203W,0,-10.275204,0.09134922921657562,1.0,0.994700014591217
YIL142W,YOR230W,0,-10.286084,0.09134088456630707,1.0,0.9947999715805054
YPL211W,YML073C,0,-10.286801,0.09133253991603851,1.0,0.9948999881744385
YBR155W,YPR154W,0,-10.432757,0.09132420271635056,1.0,0.9950000047683716
YFL021W,YOL039W,0,-10.43905,0.091315858066082,1.0,0.9951000213623047
YMR250W,YMR139W,0,-10.442649,0.09130752086639404,1.0,0.995199978351593
YPL100W,YDL014W,0,-10.443649,0.09129919111728668,1.0,0.9952999949455261
YHR019C,YER035W,0,-10.446633,0.09129085391759872,1.0,0.9954000115394592
YGR155W,YIL155C,0,-10.466757,0.09128251671791077,1.0,0.9955000281333923
YNL149C,YGL037C,0,-10.49275,0.0912741869688034,1.0,0.9955999851226807
YNL302C,YGL098W,0,-10.494105,0.09126585721969604,1.0,0.9957000017166138
YLR219W,YNL302C,0,-10.49829,0.09125752747058868,1.0,0.9958000183105469
YNR002C,YHR019C,0,-10.557335,0.09124920517206192,1.0,0.9958999752998352
YIL142W,YOR386W,0,-10.619396,0.09124087542295456,1.0,0.9959999918937683
YJL208C,YOR036W,0,-10.620736,0.0912325531244278,1.0,0.9961000084877014
YDR231C,YCR072C,0,-10.62753,0.09122423082590103,1.0,0.9962000250816345
YML073C,YDL083C,0,-10.635661,0.09121590852737427,1.0,0.9962999820709229
YKL150W,YCL054W,0,-10.659274,0.0912075862288475,1.0,0.996399998664856
YFL021W,YDL083C,0,-10.659685,0.09119927138090134,1.0,0.9965000152587891
YHR039C,YHR016C,0,-10.699897,0.09119095653295517,1.0,0.9965999722480774
YPL211W,YOL039W,0,-10.7139225,0.091182641685009,1.0,0.9966999888420105
YDL143W,YJL048C,0,-10.746939,0.09117432683706284,1.0,0.9968000054359436
YPL265W,YGR248W,0,-10.759421,0.09116601198911667,1.0,0.9969000220298767
YHR171W,YJL010C,0,-10.857864,0.0911577045917511,1.0,0.996999979019165
YMR001C,YDL079C,0,-10.866205,0.09114939719438553,1.0,0.9970999956130981
YNL110C,YMR104C,0,-10.870645,0.09114108979701996,1.0,0.9972000122070312
YPL188W,YOR230W,0,-10.8870325,0.09113278239965439,1.0,0.9973000288009644
YMR012W,YEL060C,0,-10.900443,0.09112447500228882,1.0,0.9973999857902527
YLR133W,YBR267W,0,-10.985581,0.09111617505550385,1.0,0.9975000023841858
YFR053C,YPR046W,0,-11.010364,0.09110787510871887,1.0,0.9976000189781189
YFR053C,YPL239W,0,-11.019959,0.0910995751619339,1.0,0.9976999759674072
YPL210C,YHR016C,0,-11.036139,0.09109127521514893,1.0,0.9977999925613403
YNL274C,YDR165W,0,-11.148611,0.09108297526836395,1.0,0.9979000091552734
YIL142W,YDR273W,0,-11.152981,0.09107468277215958,1.0,0.9980000257492065
YGR088W,YML093W,0,-11.158891,0.0910663902759552,1.0,0.9980999827384949
YGL037C,YBL058W,0,-11.225471,0.09105809777975082,1.0,0.998199999332428
YMR012W,YOR386W,0,-11.284767,0.09104980528354645,1.0,0.9983000159263611
YGL078C,YEL041W,0,-11.28926,0.09104151278734207,1.0,0.9983999729156494
YOR386W,YOL127W,0,-11.371964,0.09103322774171829,1.0,0.9984999895095825
YKR076W,YDR398W,0,-11.376075,0.09102494269609451,1.0,0.9986000061035156
YEL060C,YOL127W,0,-11.393682,0.09101665765047073,1.0,0.9987000226974487
YCR072C,YGL229C,0,-11.498015,0.09100837260484695,1.0,0.9987999796867371
YNL274C,YCL054W,0,-11.50849,0.09100008755922318,1.0,0.9988999962806702
YKR076W,YGR158C,0,-11.537198,0.09099180996417999,1.0,0.9990000128746033
YMR012W,YGR088W,0,-11.63004,0.09098353236913681,1.0,0.9991000294685364
YDR231C,YMR011W,0,-11.675973,0.09097525477409363,1.0,0.9991999864578247
YGL037C,YIL118W,0,-11.699739,0.09096697717905045,1.0,0.9993000030517578
YGR155W,YMR250W,0,-11.855631,0.09095870703458786,1.0,0.9994000196456909
YGR248W,YNL044W,0,-11.919068,0.09095042943954468,1.0,0.9994999766349792
YGR088W,YMR011W,0,-12.446692,0.09094215929508209,1.0,0.9995999932289124
YIL155C,YIL123W,0,-12.469838,0.0909338891506195,1.0,0.9997000098228455
YGR248W,YCL054W,0,-12.786045,0.09092562645673752,1.0,0.9998000264167786
YMR250W,YCR053W,0,-13.472224,0.09091735631227493,1.0,0.9998999834060669
YHR171W,YOR272W,0,-13.773849,0.09090909361839294,1.0,1.0
