Gene A,Gene B,Label,Score,Precision,Recall,False Positive Rate
YMR314W,YDR394W,1,3.4892,1.0,0.0018939394503831863,0.0
YJL001W,YMR314W,1,3.4056363,1.0,0.0037878789007663727,0.0
YIL075C,YDR394W,1,2.890356,1.0,0.005681818351149559,0.0
YGR135W,YDR394W,1,2.843789,1.0,0.007575757801532745,0.0
YDR394W,YMR067C,1,2.826638,1.0,0.009469697251915932,0.0
YMR276W,YJL001W,1,2.7264578,1.0,0.011363636702299118,0.0
YMR276W,YDR394W,1,2.4231067,1.0,0.013257576152682304,0.0
YMR314W,YIL075C,1,2.3843787,1.0,0.01515151560306549,0.0
YMR314W,YGR135W,1,1.9901685,1.0,0.017045455053448677,0.0
YOR157C,YDR394W,1,1.9135984,1.0,0.018939394503831863,0.0
YMR276W,YMR314W,1,1.8020223,1.0,0.02083333395421505,0.0
YMR314W,YMR067C,1,1.469812,1.0,0.022727273404598236,0.0
YJL001W,YDR394W,1,1.3526326,1.0,0.024621212854981422,0.0
YMR276W,YOR157C,1,1.1860846,1.0,0.02651515230536461,0.0
YMR314W,YOR157C,1,1.030105,1.0,0.028409091755747795,0.0
YDR394W,YJL047C,1,0.9652761,1.0,0.03030303120613098,0.0
YJL001W,YGR135W,1,0.8090235,1.0,0.03219696879386902,0.0
YOR157C,YIL075C,1,0.74825203,1.0,0.034090910106897354,0.0
YJL001W,YOR157C,1,0.723261,1.0,0.03598484769463539,0.0
YDR394W,YGL227W,1,0.6174575,1.0,0.03787878900766373,0.0
YBR290W,YDR394W,1,0.59132373,1.0,0.039772726595401764,0.0
YMR276W,YGR135W,1,0.48944768,1.0,0.0416666679084301,0.0
YDR358W,YDR394W,1,0.44830164,1.0,0.04356060549616814,0.0
YGR135W,YMR067C,1,0.3718303,1.0,0.04545454680919647,0.0
YMR314W,YGL227W,1,0.3624569,1.0,0.04734848439693451,0.0
YIL075C,YGL227W,1,0.28938404,1.0,0.049242425709962845,0.0
YGR135W,YOR157C,1,0.24986109,1.0,0.05113636329770088,0.0
YDR358W,YJL047C,1,0.105535835,1.0,0.05303030461072922,0.0
YDR394W,YML088W,1,0.0903891,1.0,0.054924242198467255,0.0
YJL001W,YMR067C,1,0.03194484,1.0,0.05681818351149559,0.0
YIL075C,YMR067C,1,-0.0924373,1.0,0.05871212109923363,0.0
YML128C,YKR014C,0,-0.12182781,0.96875,0.05871212109923363,0.00018939393339678645
YMR067C,YML088W,1,-0.14188746,0.9696969985961914,0.06060606241226196,0.00018939393339678645
YDR358W,YGR135W,1,-0.29979327,0.970588207244873,0.0625,0.00018939393339678645
YJL047C,YMR067C,1,-0.31380722,0.9714285731315613,0.06439393758773804,0.00018939393339678645
YDR394W,YKL041W,1,-0.32177305,0.9722222089767456,0.06628787517547607,0.00018939393339678645
YMR161W,YDR394W,1,-0.3488635,0.9729729890823364,0.06818182021379471,0.00018939393339678645
YDR394W,YDR330W,1,-0.39285627,0.9736841917037964,0.07007575780153275,0.00018939393339678645
YDL020C,YDL076C,0,-0.39811417,0.9487179517745972,0.07007575780153275,0.0003787878667935729
YBR290W,YDR057W,1,-0.40900126,0.949999988079071,0.07196969538927078,0.0003787878667935729
YPL096W,YGL227W,1,-0.43825904,0.9512194991111755,0.07386363297700882,0.0003787878667935729
YDR358W,YIL075C,1,-0.4539341,0.9523809552192688,0.07575757801532745,0.0003787878667935729
YBR290W,YGR135W,1,-0.5134628,0.9534883499145508,0.07765151560306549,0.0003787878667935729
YBR290W,YMR314W,1,-0.56506515,0.9545454382896423,0.07954545319080353,0.0003787878667935729
YOR157C,YGL227W,1,-0.5825994,0.9555555582046509,0.08143939077854156,0.0003787878667935729
YGR135W,YIL075C,1,-0.5843388,0.95652174949646,0.0833333358168602,0.0003787878667935729
YDR394W,YDL190C,1,-0.61202574,0.957446813583374,0.08522727340459824,0.0003787878667935729
YBR290W,YDR358W,1,-0.6643554,0.9583333134651184,0.08712121099233627,0.0003787878667935729
YMR276W,YIL075C,1,-0.6721405,0.9591836929321289,0.08901514858007431,0.0003787878667935729
YMR314W,YJL047C,1,-0.6759018,0.9599999785423279,0.09090909361839294,0.0003787878667935729
YJL001W,YIL075C,1,-0.67826784,0.9607843160629272,0.09280303120613098,0.0003787878667935729
YIL075C,YKL041W,1,-0.7266774,0.9615384340286255,0.09469696879386902,0.0003787878667935729
YMR161W,YMR314W,1,-0.750147,0.9622641801834106,0.09659090638160706,0.0003787878667935729
YKL041W,YDR057W,1,-0.79719913,0.9629629850387573,0.09848485141992569,0.0003787878667935729
YJL036W,YGR281W,0,-0.8048593,0.9454545378684998,0.09848485141992569,0.0005681818001903594
YDL115C,YML028W,0,-0.80549943,0.9285714030265808,0.09848485141992569,0.0007575757335871458
YJL001W,YGL227W,1,-0.82522655,0.9298245906829834,0.10037878900766373,0.0007575757335871458
YMR314W,YML088W,1,-0.836661,0.931034505367279,0.10227272659540176,0.0007575757335871458
YMR161W,YJL001W,1,-0.8536395,0.9322034120559692,0.1041666641831398,0.0007575757335871458
YDR394W,YDR057W,1,-0.86591923,0.9333333373069763,0.10606060922145844,0.0007575757335871458
YGR135W,YBL057C,1,-0.8940283,0.9344262480735779,0.10795454680919647,0.0007575757335871458
YGR135W,YGL227W,1,-0.91734314,0.9354838728904724,0.10984848439693451,0.0007575757335871458
YDR153C,YPL007C,0,-0.9176413,0.920634925365448,0.10984848439693451,0.0009469697251915932
YLR207W,YDR394W,1,-0.9201417,0.921875,0.11174242198467255,0.0009469697251915932
YGR135W,YJL047C,1,-0.9220203,0.9230769276618958,0.11363636702299118,0.0009469697251915932
YJL047C,YOR256C,1,-0.9285898,0.9242424368858337,0.11553030461072922,0.0009469697251915932
YIL075C,YJL047C,1,-0.93338907,0.9253731369972229,0.11742424219846725,0.0009469697251915932
YGR135W,YML088W,1,-0.9387883,0.9264705777168274,0.11931817978620529,0.0009469697251915932
YMR276W,YMR161W,1,-0.9711145,0.9275362491607666,0.12121212482452393,0.0009469697251915932
YDR358W,YMR314W,1,-0.97274435,0.9285714030265808,0.12310606241226196,0.0009469697251915932
YLR207W,YGR135W,1,-0.9734963,0.9295774698257446,0.125,0.0009469697251915932
YPL096W,YDR394W,1,-0.975533,0.9305555820465088,0.12689393758773804,0.0009469697251915932
YMR264W,YKL041W,1,-0.9828806,0.931506872177124,0.12878787517547607,0.0009469697251915932
YOR157C,YMR067C,1,-1.0185195,0.9324324131011963,0.1306818127632141,0.0009469697251915932
YGL227W,YDR057W,1,-1.0220352,0.9333333373069763,0.13257575035095215,0.0009469697251915932
YGR135W,YDR057W,1,-1.037361,0.9342105388641357,0.13446970283985138,0.0009469697251915932
YDR394W,YOR256C,1,-1.0572534,0.9350649118423462,0.13636364042758942,0.0009469697251915932
YLR207W,YMR314W,1,-1.0636606,0.9358974099159241,0.13825757801532745,0.0009469697251915932
YMR314W,YNL064C,1,-1.0874498,0.9367088675498962,0.1401515156030655,0.0009469697251915932
YJL024C,YDR129C,0,-1.0953964,0.925000011920929,0.1401515156030655,0.0011363636003807187
YGR135W,YDR330W,1,-1.1034037,0.9259259104728699,0.14204545319080353,0.0011363636003807187
YIL075C,YDR330W,1,-1.1116414,0.9268292784690857,0.14393939077854156,0.0011363636003807187
YMR067C,YDR330W,1,-1.1290382,0.9277108311653137,0.1458333283662796,0.0011363636003807187
YLR368W,YOR069W,0,-1.13248,0.9166666865348816,0.1458333283662796,0.001325757591985166
YJL047C,YDR057W,1,-1.1337686,0.9176470637321472,0.14772726595401764,0.001325757591985166
YDR394W,YNL064C,1,-1.1370552,0.9186046719551086,0.14962121844291687,0.001325757591985166
YKL135C,YJL036W,0,-1.2052362,0.9080459475517273,0.14962121844291687,0.0015151514671742916
YBR290W,YIL017C,1,-1.2322644,0.9090909361839294,0.1515151560306549,0.0015151514671742916
YMR314W,YDR330W,1,-1.2340645,0.9101123809814453,0.15340909361839294,0.0015151514671742916
YMR264W,YMR314W,1,-1.2420338,0.9111111164093018,0.15530303120613098,0.0015151514671742916
YDR358W,YDR057W,1,-1.2433734,0.9120879173278809,0.15719696879386902,0.0015151514671742916
YNR035C,YKL126W,0,-1.2661474,0.9021739363670349,0.15719696879386902,0.001704545458778739
YBR290W,YKL041W,1,-1.2813206,0.9032257795333862,0.15909090638160706,0.001704545458778739
YIL065C,YGR008C,0,-1.2871261,0.8936170339584351,0.15909090638160706,0.0018939394503831863
YDR358W,YMR067C,1,-1.2908373,0.8947368264198303,0.1609848439693451,0.0018939394503831863
YMR276W,YMR067C,1,-1.3037099,0.8958333134651184,0.16287878155708313,0.0018939394503831863
YMR316W,YLR254C,0,-1.3176295,0.8865979313850403,0.16287878155708313,0.0020833334419876337
YMR314W,YKL041W,1,-1.3263826,0.8877550959587097,0.16477273404598236,0.0020833334419876337
YIL065C,YPL240C,0,-1.3295721,0.8787878751754761,0.16477273404598236,0.0022727272007614374
YBR110W,YDR166C,0,-1.3297578,0.8700000047683716,0.16477273404598236,0.0024621211923658848
YDR358W,YDL190C,1,-1.3549887,0.8712871074676514,0.1666666716337204,0.0024621211923658848
YOR157C,YDR330W,1,-1.355712,0.8725489974021912,0.16856060922145844,0.0024621211923658848
YMR173W,YGL150C,0,-1.3691992,0.8640776872634888,0.16856060922145844,0.002651515183970332
YKL170W,YDR150W,0,-1.3745017,0.8557692170143127,0.16856060922145844,0.0028409091755747795
YBR290W,YIL075C,1,-1.4065264,0.8571428656578064,0.17045454680919647,0.0028409091755747795
YDR358W,YKL041W,1,-1.4187845,0.8584905862808228,0.1723484843969345,0.0028409091755747795
YOR157C,YDL190C,1,-1.4267758,0.8598130941390991,0.17424242198467255,0.0028409091755747795
YCL017C,YGL100W,0,-1.4382366,0.8518518805503845,0.17424242198467255,0.0030303029343485832
YJL047C,YGL227W,1,-1.4683744,0.853210985660553,0.17613635957241058,0.0030303029343485832
YMR276W,YNL064C,1,-1.4697565,0.8545454740524292,0.17803029716014862,0.0030303029343485832
YMR240C,YNL025C,0,-1.5045867,0.8468468189239502,0.17803029716014862,0.0032196969259530306
YIL075C,YML088W,1,-1.5155283,0.8482142686843872,0.17992424964904785,0.0032196969259530306
YBR290W,YJL047C,1,-1.5260404,0.8495575189590454,0.1818181872367859,0.0032196969259530306
YGR135W,YKL041W,1,-1.5336558,0.8508771657943726,0.18371212482452393,0.0032196969259530306
YBR290W,YMR067C,1,-1.5610083,0.852173924446106,0.18560606241226196,0.0032196969259530306
YMR264W,YMR161W,1,-1.584786,0.8534482717514038,0.1875,0.0032196969259530306
YGR135W,YBR082C,1,-1.5855216,0.8547008633613586,0.18939393758773804,0.0032196969259530306
YDR358W,YOR157C,1,-1.5909091,0.8559321761131287,0.19128787517547607,0.0032196969259530306
YIL097W,YBR193C,0,-1.6127447,0.848739504814148,0.19128787517547607,0.003409090917557478
YDR382W,YER019C-A,0,-1.6191657,0.8416666388511658,0.19128787517547607,0.0035984849091619253
YMR276W,YDR358W,1,-1.6444029,0.8429751992225647,0.1931818127632141,0.0035984849091619253
YMR314W,YBL057C,1,-1.6543082,0.8442623019218445,0.19507575035095215,0.0035984849091619253
YHL002W,YBL025W,0,-1.6700019,0.8373983502388,0.19507575035095215,0.0037878789007663727
YPL096W,YIL075C,1,-1.6766376,0.8387096524238586,0.19696970283985138,0.0037878789007663727
YMR264W,YGR135W,1,-1.7019917,0.8399999737739563,0.19886364042758942,0.0037878789007663727
YDR394W,YBR082C,1,-1.7086352,0.841269850730896,0.20075757801532745,0.0037878789007663727
YPL152W,YML105C,0,-1.7123486,0.834645688533783,0.20075757801532745,0.003977272659540176
YMR314W,YDR057W,1,-1.7177283,0.8359375,0.2026515156030655,0.003977272659540176
YLR368W,YDR145W,0,-1.7211286,0.8294573426246643,0.2026515156030655,0.004166666883975267
YMR067C,YDR057W,1,-1.7323977,0.8307692408561707,0.20454545319080353,0.004166666883975267
YOR250C,YDL077C,0,-1.7451489,0.8244274854660034,0.20454545319080353,0.004356060642749071
YDL101C,YOR132W,0,-1.751968,0.8181818127632141,0.20454545319080353,0.004545454401522875
YMR314W,YDR400W,1,-1.7603174,0.8195488452911377,0.20643939077854156,0.004545454401522875
YER155C,YDL076C,0,-1.765089,0.8134328126907349,0.20643939077854156,0.004734848625957966
YBR290W,YOR157C,1,-1.7939776,0.8148148059844971,0.2083333283662796,0.004734848625957966
YPL049C,YLR410W,0,-1.7963209,0.8088235259056091,0.2083333283662796,0.0049242423847317696
YPL240C,YNL079C,0,-1.8014413,0.8029196858406067,0.2083333283662796,0.005113636143505573
YDL115C,YBR165W,0,-1.8138198,0.7971014380455017,0.2083333283662796,0.005303030367940664
YMR161W,YOR157C,1,-1.8197404,0.798561155796051,0.21022726595401764,0.005303030367940664
YGR007W,YOR132W,0,-1.8219036,0.7928571701049805,0.21022726595401764,0.005492424126714468
YIL075C,YIL017C,1,-1.8302664,0.7943262457847595,0.21212121844291687,0.005492424126714468
YGR135W,YNL064C,1,-1.8397285,0.7957746386528015,0.2140151560306549,0.005492424126714468
YMR314W,YBR082C,1,-1.8399806,0.7972028255462646,0.21590909361839294,0.005492424126714468
YPL096W,YGR135W,1,-1.8420473,0.7986111044883728,0.21780303120613098,0.005492424126714468
YMR220W,YGL054C,0,-1.8528724,0.7931034564971924,0.21780303120613098,0.005681818351149559
YML088W,YKL041W,1,-1.8597963,0.7945205569267273,0.21969696879386902,0.005681818351149559
YMR276W,YLR207W,1,-1.8702356,0.795918345451355,0.22159090638160706,0.005681818351149559
YJL001W,YBR082C,1,-1.8710475,0.7972972989082336,0.2234848439693451,0.005681818351149559
YOR157C,YML088W,1,-1.8818604,0.7986577153205872,0.22537878155708313,0.005681818351149559
YJL001W,YJL047C,1,-1.8835176,0.800000011920929,0.22727273404598236,0.005681818351149559
YMR264W,YOR157C,1,-1.890503,0.8013244867324829,0.2291666716337204,0.005681818351149559
YBR082C,YNL064C,1,-1.8940953,0.8026315569877625,0.23106060922145844,0.005681818351149559
YNL094W,YGL100W,0,-1.8969468,0.7973856329917908,0.23106060922145844,0.005871212109923363
YHL019C,YOR076C,0,-1.8987175,0.7922077775001526,0.23106060922145844,0.0060606058686971664
YNL294C,YDR320C,0,-1.9132214,0.7870967984199524,0.23106060922145844,0.0062500000931322575
YMR161W,YGR135W,1,-1.9168963,0.7884615659713745,0.23295454680919647,0.0062500000931322575
YJL001W,YNL064C,1,-1.9236935,0.7898089289665222,0.2348484843969345,0.0062500000931322575
YHL002W,YNL214W,0,-1.9254667,0.7848101258277893,0.2348484843969345,0.006439393851906061
YJL001W,YKL041W,1,-1.9262663,0.7861635088920593,0.23674242198467255,0.006439393851906061
YMR276W,YBR082C,1,-1.944385,0.7875000238418579,0.23863635957241058,0.006439393851906061
YBR290W,YJL001W,1,-1.9486074,0.7888198494911194,0.24053029716014862,0.006439393851906061
YDL076C,YOR162C,0,-1.9608548,0.7839506268501282,0.24053029716014862,0.006628788076341152
YDR077W,YJR126C,0,-1.9732763,0.7791411280632019,0.24053029716014862,0.006818181835114956
YDL076C,YGR143W,0,-1.9806297,0.7743902206420898,0.24053029716014862,0.00700757559388876
YBL103C,YOR069W,0,-1.98897,0.7696969509124756,0.24053029716014862,0.007196969818323851
YMR264W,YDR394W,1,-2.0098631,0.7710843086242676,0.24242424964904785,0.007196969818323851
YLR207W,YIL075C,1,-2.016483,0.772455096244812,0.2443181872367859,0.007196969818323851
YCL039W,YJL094C,0,-2.0271127,0.7678571343421936,0.2443181872367859,0.007386363577097654
YMR067C,YNL064C,1,-2.032452,0.7692307829856873,0.24621212482452393,0.007386363577097654
YFR021W,YPL206C,0,-2.0506167,0.7647058963775635,0.24621212482452393,0.007575757801532745
YLR207W,YML088W,1,-2.0534158,0.7660818696022034,0.24810606241226196,0.007575757801532745
YMR161W,YDR330W,1,-2.056538,0.7674418687820435,0.25,0.007575757801532745
YHL019C,YNL041C,0,-2.060997,0.763005793094635,0.25,0.007765151560306549
YGL227W,YKL041W,1,-2.079199,0.7643678188323975,0.25189393758773804,0.007765151560306549
YMR276W,YGL227W,1,-2.085249,0.7657142877578735,0.2537878751754761,0.007765151560306549
YIL017C,YDR057W,1,-2.0876517,0.7670454382896423,0.2556818127632141,0.007765151560306549
YMR067C,YKL041W,1,-2.0880194,0.7683615684509277,0.25757575035095215,0.007765151560306549
YJL047C,YDR330W,1,-2.0906646,0.7696629166603088,0.2594696879386902,0.007765151560306549
YOR061W,YPR140W,0,-2.0956829,0.7653631567955017,0.2594696879386902,0.007954545319080353
YDR330W,YML088W,1,-2.1066718,0.7666666507720947,0.2613636255264282,0.007954545319080353
YGR135W,YDR400W,1,-2.119681,0.7679557800292969,0.26325756311416626,0.007954545319080353
YHR074W,YMR313C,0,-2.1216104,0.7637362480163574,0.26325756311416626,0.008143939077854156
YPL096W,YMR314W,1,-2.1297603,0.7650273442268372,0.2651515007019043,0.008143939077854156
YGL054C,YOL042W,0,-2.1416907,0.760869562625885,0.2651515007019043,0.008333333767950535
YNR017W,YKL170W,0,-2.1446571,0.7567567825317383,0.2651515007019043,0.008522727526724339
YBL057C,YDR394W,1,-2.1449103,0.7580645084381104,0.2670454680919647,0.008522727526724339
YML088W,YGL227W,1,-2.1451943,0.759358286857605,0.26893940567970276,0.008522727526724339
YGL054C,YIL051C,0,-2.1482797,0.7553191781044006,0.26893940567970276,0.008712121285498142
YNR035C,YGL252C,0,-2.1488502,0.7513227462768555,0.26893940567970276,0.008901515044271946
YHL019C,YBR095C,0,-2.1579182,0.7473683953285217,0.26893940567970276,0.00909090880304575
YDR358W,YOR256C,1,-2.167419,0.7486910820007324,0.2708333432674408,0.00909090880304575
YKL135C,YKL074C,0,-2.1756237,0.7447916865348816,0.2708333432674408,0.009280303493142128
YMR264W,YJL001W,1,-2.1765723,0.7461140155792236,0.27272728085517883,0.009280303493142128
YJL117W,YHR030C,0,-2.1769907,0.7422680258750916,0.27272728085517883,0.009469697251915932
YOR023C,YJR126C,0,-2.1787095,0.7384615540504456,0.27272728085517883,0.009659091010689735
YMR161W,YIL075C,1,-2.1833029,0.7397959232330322,0.27462121844291687,0.009659091010689735
YPL161C,YGR267C,0,-2.186253,0.7360405921936035,0.27462121844291687,0.009848484769463539
YDR394W,YIL017C,1,-2.18797,0.7373737096786499,0.2765151560306549,0.009848484769463539
YMR173W,YOL044W,0,-2.1959603,0.733668327331543,0.2765151560306549,0.010037878528237343
YNL041C,YOR014W,0,-2.197984,0.7300000190734863,0.2765151560306549,0.010227272287011147
YOR147W,YCL017C,0,-2.200052,0.7263681888580322,0.2765151560306549,0.010416666977107525
YDR160W,YKR014C,0,-2.2114599,0.7227723002433777,0.2765151560306549,0.010606060735881329
YJL047C,YML088W,1,-2.2170522,0.7241379022598267,0.27840909361839294,0.010606060735881329
YGR135W,YOR256C,1,-2.2218685,0.7254902124404907,0.280303031206131,0.010606060735881329
YDL134C,YGL207W,0,-2.226754,0.7219512462615967,0.280303031206131,0.010795454494655132
YDR487C,YPL206C,0,-2.231684,0.7184466123580933,0.280303031206131,0.010984848253428936
YLR109W,YOR027W,0,-2.2397156,0.7149758338928223,0.280303031206131,0.01117424201220274
YIL033C,YPR178W,0,-2.2519407,0.7115384340286255,0.280303031206131,0.011363636702299118
YMR264W,YJL047C,1,-2.2538369,0.7129186391830444,0.282196968793869,0.011363636702299118
YPL096W,YML088W,1,-2.256258,0.7142857313156128,0.28409090638160706,0.011363636702299118
YML088W,YDR057W,1,-2.260629,0.7156398296356201,0.2859848439693451,0.011363636702299118
YPL096W,YOR256C,1,-2.2645903,0.7169811129570007,0.28787878155708313,0.011363636702299118
YDR377W,YKL182W,0,-2.273215,0.7136150002479553,0.28787878155708313,0.011553030461072922
YOL151W,YGL100W,0,-2.273257,0.7102803587913513,0.28787878155708313,0.011742424219846725
YDR118W,YML088W,1,-2.2846117,0.7116279006004333,0.28977271914482117,0.011742424219846725
YBR290W,YDL190C,1,-2.2848935,0.7129629850387573,0.2916666567325592,0.011742424219846725
YMR067C,YGL227W,1,-2.2851837,0.7142857313156128,0.29356059432029724,0.011742424219846725
YMR276W,YDR330W,1,-2.3061142,0.7155963182449341,0.2954545319080353,0.011742424219846725
YBR290W,YGL227W,1,-2.3118043,0.7168949842453003,0.2973484992980957,0.011742424219846725
YOR256C,YDR057W,1,-2.3208933,0.7181817889213562,0.29924243688583374,0.011742424219846725
YIL075C,YDL190C,1,-2.3242238,0.7194570302963257,0.3011363744735718,0.011742424219846725
YMR067C,YIL017C,1,-2.3333006,0.7207207083702087,0.3030303120613098,0.011742424219846725
YJL047C,YDR400W,1,-2.3361259,0.7219731211662292,0.30492424964904785,0.011742424219846725
YDL190C,YML088W,1,-2.3488383,0.7232142686843872,0.3068181872367859,0.011742424219846725
YCL039W,YDL020C,0,-2.351822,0.7200000286102295,0.3068181872367859,0.01193181797862053
YBR290W,YMR276W,1,-2.3582604,0.721238911151886,0.3087121248245239,0.01193181797862053
YBR290W,YLR207W,1,-2.3585706,0.7224669456481934,0.31060606241226196,0.01193181797862053
YBL103C,YDR356W,0,-2.3641095,0.719298243522644,0.31060606241226196,0.012121211737394333
YCR082W,YDL020C,0,-2.3649373,0.7161571979522705,0.31060606241226196,0.012310606427490711
YOR157C,YBR082C,1,-2.3706834,0.717391312122345,0.3125,0.012310606427490711
YGR267C,YPL244C,0,-2.3754077,0.7142857313156128,0.3125,0.012500000186264515
YLR207W,YJL047C,1,-2.3882833,0.7155172228813171,0.31439393758773804,0.012500000186264515
YGL115W,YPL016W,0,-2.3925729,0.7124463319778442,0.31439393758773804,0.012689393945038319
YHL019C,YDL099W,0,-2.3940797,0.7094017267227173,0.31439393758773804,0.012878787703812122
YHL002W,YGL210W,0,-2.401896,0.7063829898834229,0.31439393758773804,0.013068181462585926
YLR207W,YJL001W,1,-2.4111178,0.7076271176338196,0.3162878751754761,0.013068181462585926
YJR119C,YDR320C,0,-2.4114761,0.7046413421630859,0.3162878751754761,0.013257576152682304
YBR290W,YML088W,1,-2.4133909,0.7058823704719543,0.3181818127632141,0.013257576152682304
YDR118W,YKL041W,1,-2.4144397,0.7071129679679871,0.32007575035095215,0.013257576152682304
YBR274W,YGL100W,0,-2.4182885,0.7041666507720947,0.32007575035095215,0.013446969911456108
YAL041W,YDL134C,0,-2.4235897,0.7012448310852051,0.32007575035095215,0.013636363670229912
YOR256C,YML088W,1,-2.4256675,0.702479362487793,0.3219696879386902,0.013636363670229912
YOR157C,YIL017C,1,-2.4285445,0.7037037014961243,0.3238636255264282,0.013636363670229912
YBR202W,YOR297C,0,-2.433377,0.7008196711540222,0.3238636255264282,0.013825757429003716
YHR043C,YGL227W,1,-2.4436097,0.7020407915115356,0.32575756311416626,0.013825757429003716
YLR207W,YPL096W,1,-2.448924,0.7032520174980164,0.3276515007019043,0.013825757429003716
YMR161W,YMR067C,1,-2.4495378,0.7044534683227539,0.3295454680919647,0.013825757429003716
YDR358W,YIL017C,1,-2.450295,0.7056451439857483,0.33143940567970276,0.013825757429003716
YPL096W,YMR067C,1,-2.4553146,0.7068272829055786,0.3333333432674408,0.013825757429003716
YBR290W,YBR082C,1,-2.467558,0.7080000042915344,0.33522728085517883,0.013825757429003716
YGR167W,YER053C,0,-2.4693441,0.7051792740821838,0.33522728085517883,0.01401515118777752
YPL123C,YNR039C,0,-2.4760714,0.7023809552192688,0.33522728085517883,0.014204545877873898
YMR015C,YOR297C,0,-2.480717,0.6996047496795654,0.33522728085517883,0.014393939636647701
YDL115C,YNR034W,0,-2.4808595,0.6968504190444946,0.33522728085517883,0.014583333395421505
YJL047C,YDL190C,1,-2.4887104,0.6980392336845398,0.33712121844291687,0.014583333395421505
YMR264W,YKL054C,1,-2.4946308,0.69921875,0.3390151560306549,0.014583333395421505
YBR109C,YIL149C,0,-2.4978232,0.6964980363845825,0.3390151560306549,0.014772727154195309
YPL240C,YPL123C,0,-2.497891,0.6937984228134155,0.3390151560306549,0.014962120912969112
YPL159C,YGL207W,0,-2.5078685,0.6911196708679199,0.3390151560306549,0.01515151560306549
YHR043C,YMR314W,1,-2.5078864,0.692307710647583,0.34090909361839294,0.01515151560306549
YAL041W,YLR117C,0,-2.510483,0.6896551847457886,0.34090909361839294,0.015340909361839294
YOR256C,YGL227W,1,-2.512752,0.6908397078514099,0.342803031206131,0.015340909361839294
YMR276W,YJL047C,1,-2.513925,0.6920152306556702,0.344696968793869,0.015340909361839294
YPL031C,YPR140W,0,-2.5285397,0.689393937587738,0.344696968793869,0.015530303120613098
YOR315W,YOR073W,0,-2.5355291,0.6867924332618713,0.344696968793869,0.015719696879386902
YKL179C,YKL108W,0,-2.5370712,0.6842105388641357,0.344696968793869,0.015909090638160706
YKL020C,YOR069W,0,-2.5577555,0.6816479563713074,0.344696968793869,0.01609848439693451
YJL001W,YML088W,1,-2.5690567,0.6828358173370361,0.34659090638160706,0.01609848439693451
YCL035C,YPL154C,0,-2.569223,0.6802973747253418,0.34659090638160706,0.016287878155708313
YAL051W,YDR479C,0,-2.5692818,0.6777777671813965,0.34659090638160706,0.016477271914482117
YLR228C,YIL095W,0,-2.5693927,0.6752767562866211,0.34659090638160706,0.01666666753590107
YDR394W,YDR400W,1,-2.571558,0.6764705777168274,0.3484848439693451,0.01666666753590107
YIL095W,YDR407C,0,-2.5754595,0.6739926934242249,0.3484848439693451,0.016856061294674873
YBR109C,YOR132W,0,-2.584819,0.6715328693389893,0.3484848439693451,0.017045455053448677
YDR358W,YPL096W,1,-2.5859008,0.6727272868156433,0.35037878155708313,0.017045455053448677
YMR161W,YKL041W,1,-2.5860696,0.6739130616188049,0.35227271914482117,0.017045455053448677
YBL103C,YMR313C,0,-2.5864525,0.671480119228363,0.35227271914482117,0.01723484881222248
YJL047C,YIL017C,1,-2.5896852,0.6726618409156799,0.3541666567325592,0.01723484881222248
YJL020C,YPR131C,0,-2.59003,0.6702508926391602,0.3541666567325592,0.017424242570996284
YKL152C,YGR279C,0,-2.5993147,0.6678571701049805,0.3541666567325592,0.017613636329770088
YMR065W,YKL001C,0,-2.6009355,0.6654804348945618,0.3541666567325592,0.017803030088543892
YBR272C,YLR368W,0,-2.6036055,0.6631205677986145,0.3541666567325592,0.017992423847317696
YHR114W,YPL152W,0,-2.6118543,0.6607773900032043,0.3541666567325592,0.0181818176060915
YPL097W,YJL168C,0,-2.6136236,0.658450722694397,0.3541666567325592,0.018371211364865303
YNL286W,YPL087W,0,-2.6209097,0.6561403274536133,0.3541666567325592,0.018560606986284256
YLR370C,YLR016C,0,-2.6260502,0.6538461446762085,0.3541666567325592,0.01875000074505806
YMR276W,YKL041W,1,-2.6316636,0.6550522446632385,0.35606059432029724,0.01875000074505806
YDR358W,YMR161W,1,-2.6414251,0.65625,0.3579545319080353,0.01875000074505806
YPL046C,YKL041W,1,-2.6453233,0.6574394702911377,0.3598484992980957,0.01875000074505806
YOL095C,YPL097W,0,-2.6479945,0.6551724076271057,0.3598484992980957,0.018939394503831863
YBR290W,YNL064C,1,-2.6537144,0.6563574075698853,0.36174243688583374,0.018939394503831863
YJL003W,YBL063W,0,-2.668793,0.6541095972061157,0.36174243688583374,0.019128788262605667
YMR314W,YDL190C,1,-2.6752648,0.6552901268005371,0.3636363744735718,0.019128788262605667
YNL223W,YDL028C,0,-2.675707,0.6530612111091614,0.3636363744735718,0.01931818202137947
YBR272C,YOL042W,0,-2.6825082,0.6508474349975586,0.3636363744735718,0.019507575780153275
YER133W,YDR435C,0,-2.6876628,0.6486486196517944,0.3636363744735718,0.019696969538927078
YJL001W,YDR057W,1,-2.6895323,0.6498316526412964,0.3655303120613098,0.019696969538927078
YLR429W,YCL001W,0,-2.6910272,0.6476510167121887,0.3655303120613098,0.019886363297700882
YKL054C,YIL075C,1,-2.6934135,0.648829460144043,0.36742424964904785,0.019886363297700882
YNL098C,YGR143W,0,-2.6979923,0.6466666460037231,0.36742424964904785,0.020075757056474686
YPL096W,YJL047C,1,-2.6995547,0.6478405594825745,0.3693181872367859,0.020075757056474686
YOR027W,YDR285W,0,-2.7050283,0.6456953883171082,0.3693181872367859,0.02026515081524849
YCR082W,YPR068C,0,-2.7056084,0.6435643434524536,0.3693181872367859,0.020454544574022293
YHR114W,YDR153C,0,-2.7154846,0.6414473652839661,0.3693181872367859,0.020643940195441246
YMR112C,YOR132W,0,-2.7316785,0.6393442749977112,0.3693181872367859,0.02083333395421505
YJL047C,YKL041W,1,-2.7355256,0.6405228972434998,0.3712121248245239,0.02083333395421505
YOR250C,YGL210W,0,-2.7357903,0.638436496257782,0.3712121248245239,0.021022727712988853
YBR193C,YGR143W,0,-2.739808,0.6363636255264282,0.3712121248245239,0.021212121471762657
YHR043C,YDR057W,1,-2.7443683,0.6375404596328735,0.37310606241226196,0.021212121471762657
YMR220W,YGR121C,0,-2.7461483,0.6354838609695435,0.37310606241226196,0.02140151523053646
YMR161W,YJL047C,1,-2.748608,0.6366559267044067,0.375,0.02140151523053646
YNL286W,YDR285W,0,-2.755228,0.6346153616905212,0.375,0.021590908989310265
YNL123W,YPL152W,0,-2.7663493,0.6325878500938416,0.375,0.02178030274808407
YMR276W,YDR057W,1,-2.7699695,0.6337579488754272,0.37689393758773804,0.02178030274808407
YBR082C,YMR067C,1,-2.773212,0.6349206566810608,0.3787878751754761,0.02178030274808407
YCL051W,YJL036W,0,-2.7809458,0.6329113841056824,0.3787878751754761,0.021969696506857872
YLR207W,YKL041W,1,-2.7814057,0.6340693831443787,0.3806818127632141,0.021969696506857872
YLR207W,YMR067C,1,-2.7819295,0.6352201104164124,0.38257575035095215,0.021969696506857872
YGR135W,YIL017C,1,-2.7857063,0.6363636255264282,0.3844696879386902,0.021969696506857872
YLR370C,YFR051C,0,-2.7860084,0.6343749761581421,0.3844696879386902,0.022159090265631676
YMR237W,YDR258C,0,-2.787506,0.6323987245559692,0.3844696879386902,0.02234848402440548
YJL047C,YNL064C,1,-2.7904696,0.6335403919219971,0.3863636255264282,0.02234848402440548
YER038C,YDL093W,0,-2.794301,0.6315789222717285,0.3863636255264282,0.022537879645824432
YBL057C,YMR067C,1,-2.8043017,0.6327160596847534,0.38825756311416626,0.022537879645824432
YDR188W,YPL020C,0,-2.807424,0.6307692527770996,0.38825756311416626,0.022727273404598236
YIL075C,YBR082C,1,-2.8149147,0.6319018602371216,0.3901515007019043,0.022727273404598236
YPL096W,YJL001W,1,-2.8161554,0.6330274939537048,0.3920454680919647,0.022727273404598236
YMR264W,YIL075C,1,-2.8177557,0.6341463327407837,0.39393940567970276,0.022727273404598236
YHR067W,YNL294C,0,-2.8188906,0.6322188377380371,0.39393940567970276,0.02291666716337204
YGL244W,YDR166C,0,-2.8220243,0.6303030252456665,0.39393940567970276,0.023106060922145844
YIL075C,YDR057W,1,-2.827808,0.6314199566841125,0.3958333432674408,0.023106060922145844
YER133W,YDR145W,0,-2.8283343,0.6295180916786194,0.3958333432674408,0.023295454680919647
YMR161W,YGL227W,1,-2.8298244,0.630630612373352,0.39772728085517883,0.023295454680919647
YNL094W,YNL041C,0,-2.8328657,0.628742516040802,0.39772728085517883,0.02348484843969345
YMR264W,YDR057W,1,-2.8337564,0.6298507452011108,0.39962121844291687,0.02348484843969345
YML081C-A,YNR017W,0,-2.8383145,0.6279761791229248,0.39962121844291687,0.023674242198467255
YPL152W,YMR060C,0,-2.8412457,0.6261127591133118,0.39962121844291687,0.02386363595724106
YBR202W,YEL002C,0,-2.841485,0.6242603659629822,0.39962121844291687,0.024053029716014862
YOR371C,YDR479C,0,-2.8472393,0.6224188804626465,0.39962121844291687,0.024242423474788666
YKL032C,YLL021W,0,-2.8493712,0.6205882430076599,0.39962121844291687,0.02443181909620762
YLR207W,YOR157C,1,-2.8525183,0.6217008829116821,0.4015151560306549,0.02443181909620762
YDR254W,YOL044W,0,-2.8533573,0.6198830604553223,0.4015151560306549,0.024621212854981422
YLR100W,YBR272C,0,-2.8551831,0.6180757880210876,0.4015151560306549,0.024810606613755226
YIL098C,YLR212C,0,-2.8578312,0.6162790656089783,0.4015151560306549,0.02500000037252903
YNL172W,YDR057W,1,-2.8631392,0.6173912882804871,0.40340909361839294,0.02500000037252903
YBL057C,YML088W,1,-2.865493,0.6184971332550049,0.405303031206131,0.02500000037252903
YDR141C,YHR067W,0,-2.8662822,0.6167147159576416,0.405303031206131,0.025189394131302834
YGR140W,YLR368W,0,-2.8697743,0.6149425506591797,0.405303031206131,0.025378787890076637
YBL063W,YKL203C,0,-2.8699212,0.6131805181503296,0.405303031206131,0.02556818164885044
YIL040W,YOL044W,0,-2.8736606,0.6114285588264465,0.405303031206131,0.025757575407624245
YNL041C,YBL103C,0,-2.8737357,0.6096866130828857,0.405303031206131,0.02594696916639805
YDR473C,YDL076C,0,-2.8745074,0.6079545617103577,0.405303031206131,0.026136362925171852
YBR290W,YMR264W,1,-2.8756206,0.6090651750564575,0.407196968793869,0.026136362925171852
YGL019W,YGR214W,0,-2.8789592,0.6073446273803711,0.407196968793869,0.026325756683945656
YOR157C,YJL047C,1,-2.8828285,0.608450710773468,0.40909090638160706,0.026325756683945656
YOR198C,YCL001W,0,-2.883659,0.6067415475845337,0.40909090638160706,0.02651515230536461
YHR191C,YKL176C,0,-2.8868752,0.605042040348053,0.40909090638160706,0.026704546064138412
YPL159C,YDR145W,0,-2.894841,0.6033519506454468,0.40909090638160706,0.026893939822912216
YBL057C,YDR057W,1,-2.8958187,0.6044568419456482,0.4109848439693451,0.026893939822912216
YLR328W,YNL138W,0,-2.901517,0.6027777791023254,0.4109848439693451,0.02708333358168602
YPL096W,YOR157C,1,-2.9095054,0.6038781404495239,0.41287878155708313,0.02708333358168602
YHL019C,YOR132W,0,-2.9134495,0.6022099256515503,0.41287878155708313,0.027272727340459824
YGR008C,YDR320C,0,-2.9157174,0.6005509495735168,0.41287878155708313,0.027462121099233627
YDR188W,YML051W,0,-2.9217548,0.598901093006134,0.41287878155708313,0.02765151485800743
YPR111W,YOR127W,0,-2.9240324,0.5972602963447571,0.41287878155708313,0.027840908616781235
YPR019W,YPR124W,0,-2.9262815,0.5956284403800964,0.41287878155708313,0.02803030237555504
YHL002W,YKR020W,0,-2.9294095,0.5940054655075073,0.41287878155708313,0.028219696134328842
YMR314W,YIL017C,1,-2.930371,0.595108687877655,0.41477271914482117,0.028219696134328842
YNL278W,YPL128C,0,-2.9305925,0.5934959053993225,0.41477271914482117,0.028409091755747795
YDR358W,YML088W,1,-2.9341872,0.5945945978164673,0.4166666567325592,0.028409091755747795
YKL054C,YMR276W,1,-2.9364228,0.5956873297691345,0.41856059432029724,0.028409091755747795
YBR290W,YDR330W,1,-2.9411166,0.5967742204666138,0.4204545319080353,0.028409091755747795
YBR110W,YBR109C,0,-2.9436736,0.595174252986908,0.4204545319080353,0.0285984855145216
YOR157C,YDR057W,1,-2.9482794,0.596256673336029,0.4223484992980957,0.0285984855145216
YLR207W,YOR256C,1,-2.9572744,0.5973333120346069,0.42424243688583374,0.0285984855145216
YNL225C,YLR429W,0,-2.9583488,0.5957446694374084,0.42424243688583374,0.028787879273295403
YJL047C,YBR082C,1,-2.960572,0.5968169569969177,0.4261363744735718,0.028787879273295403
YDR118W,YDR057W,1,-2.9659796,0.5978835821151733,0.4280303120613098,0.028787879273295403
YLR314C,YCL017C,0,-2.967731,0.5963060855865479,0.4280303120613098,0.028977273032069206
YLR368W,YBR095C,0,-2.9725702,0.5947368144989014,0.4280303120613098,0.02916666679084301
YBL019W,YDR464W,0,-2.973349,0.5931758284568787,0.4280303120613098,0.029356060549616814
YOR250C,YIL026C,0,-2.977059,0.5916230082511902,0.4280303120613098,0.029545454308390617
YMR161W,YDL190C,1,-2.983379,0.5926892757415771,0.42992424964904785,0.029545454308390617
YNL258C,YDR435C,0,-2.987574,0.5911458134651184,0.42992424964904785,0.02973484806716442
YLR109W,YJL178C,0,-2.9878542,0.5896103978157043,0.42992424964904785,0.029924241825938225
YPL117C,YJL117W,0,-2.9889936,0.5880829095840454,0.42992424964904785,0.03011363558471203
YNR019W,YPL031C,0,-2.9934444,0.5865632891654968,0.42992424964904785,0.03030303120613098
YDR330W,YDR057W,1,-2.9938114,0.5876288414001465,0.4318181872367859,0.03030303120613098
YDL190C,YDR057W,1,-2.9961867,0.5886889696121216,0.4337121248245239,0.03030303120613098
YMR264W,YML088W,1,-2.9974303,0.5897436141967773,0.43560606241226196,0.03030303120613098
YDL137W,YGL200C,0,-2.9994676,0.5882353186607361,0.43560606241226196,0.030492424964904785
YMR264W,YMR067C,1,-3.0015635,0.5892857313156128,0.4375,0.030492424964904785
YOR198C,YDR166C,0,-3.0082216,0.5877862572669983,0.4375,0.03068181872367859
YOL095C,YPR140W,0,-3.0167012,0.586294412612915,0.4375,0.030871212482452393
YNL085W,YGR279C,0,-3.0185256,0.5848101377487183,0.4375,0.031060606241226196
YDL111C,YDR166C,0,-3.0197306,0.5833333134651184,0.4375,0.03125
YCR093W,YGL025C,0,-3.0202541,0.5818639993667603,0.4375,0.031439393758773804
YDR243C,YOR119C,0,-3.0205617,0.5804020166397095,0.4375,0.03162878751754761
YKL170W,YOR001W,0,-3.0227995,0.5789473652839661,0.4375,0.03181818127632141
YDR448W,YGL166W,0,-3.0258555,0.5774999856948853,0.4375,0.032007575035095215
YIL075C,YOR256C,1,-3.026991,0.5785536170005798,0.43939393758773804,0.032007575035095215
YFR048W,YDR407C,0,-3.0294611,0.5771144032478333,0.43939393758773804,0.03219696879386902
YPL161C,YLL043W,0,-3.0303912,0.5756824016571045,0.43939393758773804,0.03238636255264282
YBR290W,YBL057C,1,-3.0319695,0.5767326951026917,0.4412878751754761,0.03238636255264282
YDL190C,YGL227W,1,-3.0324414,0.5777778029441833,0.4431818127632141,0.03238636255264282
YJL001W,YDR400W,1,-3.0327163,0.5788177251815796,0.44507575035095215,0.03238636255264282
YGR156W,YLR181C,0,-3.0385227,0.5773955583572388,0.44507575035095215,0.032575756311416626
YCL035C,YDR160W,0,-3.040382,0.5759803652763367,0.44507575035095215,0.03276515007019043
YKL073W,YIL095W,0,-3.0418115,0.5745721459388733,0.44507575035095215,0.03295454382896423
YER019C-A,YML010W,0,-3.0518553,0.5731707215309143,0.44507575035095215,0.03314393758773804
YDR284C,YDL076C,0,-3.052848,0.5717761516571045,0.44507575035095215,0.03333333507180214
YBR082C,YML088W,1,-3.0575275,0.5728155374526978,0.4469696879386902,0.03333333507180214
YPL046C,YGL227W,1,-3.0595794,0.5738498568534851,0.4488636255264282,0.03333333507180214
YHR043C,YJL047C,1,-3.0649662,0.5748792290687561,0.45075756311416626,0.03333333507180214
YOR198C,YLR368W,0,-3.0689003,0.5734939575195312,0.45075756311416626,0.03352272883057594
YOL060C,YER053C,0,-3.0690746,0.5721153616905212,0.45075756311416626,0.03371212258934975
YFR021W,YMR156C,0,-3.0708566,0.5707433819770813,0.45075756311416626,0.03390151634812355
YDR284C,YOR162C,0,-3.0772176,0.5693780183792114,0.45075756311416626,0.034090910106897354
YPL046C,YML088W,1,-3.0794067,0.5704057216644287,0.4526515007019043,0.034090910106897354
YDR330W,YDL190C,1,-3.0804899,0.5714285969734192,0.4545454680919647,0.034090910106897354
YPL046C,YDR358W,1,-3.080615,0.5724465847015381,0.45643940567970276,0.034090910106897354
YGR113W,YJL054W,0,-3.0858178,0.571090042591095,0.45643940567970276,0.03428030386567116
YMR264W,YNL064C,1,-3.0906436,0.5721040368080139,0.4583333432674408,0.03428030386567116
YMR276W,YPL096W,1,-3.091451,0.573113203048706,0.46022728085517883,0.03428030386567116
YOL135C,YLR410W,0,-3.098616,0.5717647075653076,0.46022728085517883,0.03446969762444496
YHL002W,YOR003W,0,-3.1045024,0.5704225301742554,0.46022728085517883,0.034659091383218765
YMR043W,YJR002W,0,-3.104832,0.5690866708755493,0.46022728085517883,0.03484848514199257
YER045C,YMR316W,0,-3.1064491,0.5677570104598999,0.46022728085517883,0.03503787890076637
YLR288C,YPR140W,0,-3.1131797,0.5664335489273071,0.46022728085517883,0.035227272659540176
YOR284W,YGR147C,0,-3.1142716,0.565116286277771,0.46022728085517883,0.03541666641831398
YBL084C,YOR256C,1,-3.1172166,0.5661252737045288,0.46212121844291687,0.03541666641831398
YBR290W,YMR161W,1,-3.123853,0.5671296119689941,0.4640151560306549,0.03541666641831398
YBR202W,YIL149C,0,-3.128366,0.5658198595046997,0.4640151560306549,0.035606060177087784
YJL081C,YDL099W,0,-3.132476,0.5645161271095276,0.4640151560306549,0.03579545393586159
YBR290W,YPL096W,1,-3.1335292,0.565517246723175,0.46590909361839294,0.03579545393586159
YLR370C,YER119C,0,-3.136683,0.5642201900482178,0.46590909361839294,0.03598484769463539
YJL081C,YDL134C,0,-3.1368198,0.5629290342330933,0.46590909361839294,0.036174241453409195
YBL084C,YOR157C,1,-3.1548042,0.5639269351959229,0.467803031206131,0.036174241453409195
YMR161W,YBL057C,1,-3.158339,0.5649202466011047,0.469696968793869,0.036174241453409195
YOR256C,YIL017C,1,-3.158995,0.5659090876579285,0.47159090638160706,0.036174241453409195
YDR153C,YOR132W,0,-3.165786,0.5646258592605591,0.47159090638160706,0.036363635212183
YBR109C,YER051W,0,-3.1659071,0.5633484125137329,0.47159090638160706,0.0365530289709568
YPR131C,YDR160W,0,-3.1663752,0.56207674741745,0.47159090638160706,0.036742422729730606
YMR276W,YIL017C,1,-3.1693597,0.5630630850791931,0.4734848439693451,0.036742422729730606
YNR059W,YLL021W,0,-3.1698687,0.5617977380752563,0.4734848439693451,0.03693181648850441
YPL228W,YAL051W,0,-3.1718445,0.560538113117218,0.4734848439693451,0.03712121397256851
YDR153C,YDR258C,0,-3.175424,0.5592840909957886,0.4734848439693451,0.037310607731342316
YKR028W,YNL138W,0,-3.1814632,0.5580357313156128,0.4734848439693451,0.03750000149011612
YDR017C,YDL076C,0,-3.18227,0.5567928552627563,0.4734848439693451,0.03768939524888992
YGL245W,YLL021W,0,-3.183436,0.5555555820465088,0.4734848439693451,0.03787878900766373
YLR220W,YLR238W,0,-3.1862626,0.5543237328529358,0.4734848439693451,0.03806818276643753
YLR207W,YDR400W,1,-3.1884155,0.5553097128868103,0.47537878155708313,0.03806818276643753
YGR113W,YNL214W,0,-3.1902835,0.5540838837623596,0.47537878155708313,0.038257576525211334
YER051W,YKL073W,0,-3.1946084,0.5528634190559387,0.47537878155708313,0.03844697028398514
YLR238W,YJL117W,0,-3.1951349,0.5516483783721924,0.47537878155708313,0.03863636404275894
YER149C,YLR181C,0,-3.2025,0.5504385828971863,0.47537878155708313,0.038825757801532745
YCL039W,YBL005W,0,-3.2093751,0.54923415184021,0.47537878155708313,0.03901515156030655
YNL271C,YDR150W,0,-3.2118735,0.5480349063873291,0.47537878155708313,0.03920454531908035
YHR043C,YKL041W,1,-3.2119179,0.5490196347236633,0.47727271914482117,0.03920454531908035
YOR157C,YNL064C,1,-3.213468,0.550000011920929,0.4791666567325592,0.03920454531908035
YDR363W,YKR014C,0,-3.2168474,0.5488069653511047,0.4791666567325592,0.039393939077854156
YBR290W,YHR043C,1,-3.220405,0.5497835278511047,0.48106059432029724,0.039393939077854156
YLR368W,YDR407C,0,-3.226397,0.5485960841178894,0.48106059432029724,0.03958333283662796
YNL229C,YLR181C,0,-3.2309048,0.5474137663841248,0.48106059432029724,0.039772726595401764
YDR216W,YPL170W,0,-3.233232,0.5462365746498108,0.48106059432029724,0.03996212035417557
YBL084C,YJL001W,1,-3.2353692,0.5472102761268616,0.4829545319080353,0.03996212035417557
YML051W,YDR166C,0,-3.2361526,0.5460385680198669,0.4829545319080353,0.04015151411294937
YMR161W,YLR207W,1,-3.2437644,0.5470085740089417,0.4848484992980957,0.04015151411294937
YBR110W,YNL223W,0,-3.2473202,0.5458422303199768,0.4848484992980957,0.040340907871723175
YBR274W,YKL108W,0,-3.2482128,0.5446808338165283,0.4848484992980957,0.04053030163049698
YKL170W,YER126C,0,-3.2499845,0.543524444103241,0.4848484992980957,0.04071969538927078
YPL270W,YOR132W,0,-3.2505577,0.5423728823661804,0.4848484992980957,0.040909089148044586
YGR167W,YLR429W,0,-3.2513561,0.5412262082099915,0.4848484992980957,0.04109848663210869
YLR370C,YGL166W,0,-3.2535925,0.5400843620300293,0.4848484992980957,0.04128788039088249
YGL019W,YEL002C,0,-3.2557843,0.538947343826294,0.4848484992980957,0.041477274149656296
YKL054C,YDR394W,1,-3.2600033,0.5399159789085388,0.48674243688583374,0.041477274149656296
YML088W,YIL017C,1,-3.264781,0.5408805012702942,0.4886363744735718,0.041477274149656296
YGR135W,YDL190C,1,-3.2671237,0.5418410301208496,0.4905303120613098,0.041477274149656296
YOR281C,YPL007C,0,-3.2675,0.5407097935676575,0.4905303120613098,0.0416666679084301
YDR150W,YLR442C,0,-3.2733078,0.5395833253860474,0.4905303120613098,0.0418560616672039
YOL151W,YGR270W,0,-3.276041,0.5384615659713745,0.4905303120613098,0.04204545542597771
YPR111W,YMR173W,0,-3.2777598,0.5373443961143494,0.4905303120613098,0.04223484918475151
YJL001W,YBL057C,1,-3.2784576,0.5383023023605347,0.49242424964904785,0.04223484918475151
YGL019W,YOR250C,0,-3.2795205,0.5371900796890259,0.49242424964904785,0.042424242943525314
YER155C,YDR022C,0,-3.2859402,0.5360824465751648,0.49242424964904785,0.04261363670229912
YMR276W,YDR400W,1,-3.2929003,0.5370370149612427,0.4943181872367859,0.04261363670229912
YGR199W,YGR156W,0,-3.2930346,0.5359342694282532,0.4943181872367859,0.04280303046107292
YHR043C,YDR394W,1,-3.2931094,0.5368852615356445,0.4962121248245239,0.04280303046107292
YHL006C,YNR034W,0,-3.2940881,0.5357873439788818,0.4962121248245239,0.042992424219846725
YBL057C,YOR157C,1,-3.2978172,0.5367347002029419,0.49810606241226196,0.042992424219846725
YPL127C,YJL117W,0,-3.2980142,0.5356415510177612,0.49810606241226196,0.04318181797862053
YHR030C,YNL025C,0,-3.3010082,0.5345528721809387,0.49810606241226196,0.04337121173739433
YNL271C,YMR236W,0,-3.3025784,0.5334685444831848,0.49810606241226196,0.04356060549616814
YNL278W,YOR373W,0,-3.3026721,0.5323886871337891,0.49810606241226196,0.04374999925494194
YPL096W,YDR330W,1,-3.306773,0.5333333611488342,0.5,0.04374999925494194
YMR264W,YDR330W,1,-3.3077912,0.5342742204666138,0.501893937587738,0.04374999925494194
YDL040C,YBL055C,0,-3.3208847,0.5331991910934448,0.501893937587738,0.043939393013715744
YMR319C,YKL035W,0,-3.3250532,0.5321285128593445,0.501893937587738,0.04412878677248955
YKR028W,YDR407C,0,-3.3251784,0.531062126159668,0.501893937587738,0.04431818053126335
YDR022C,YIL016W,0,-3.3276715,0.5299999713897705,0.501893937587738,0.044507574290037155
YMR067C,YDL190C,1,-3.3329277,0.5309381484985352,0.5037878751754761,0.044507574290037155
YMR264W,YHR043C,1,-3.3335147,0.5318725109100342,0.5056818127632141,0.044507574290037155
YHL019C,YHR191C,0,-3.3396676,0.5308151245117188,0.5056818127632141,0.04469696804881096
YHR043C,YJL001W,1,-3.3428187,0.5317460298538208,0.5075757503509521,0.04469696804881096
YLR014C,YDR190C,0,-3.3492208,0.5306930541992188,0.5075757503509521,0.04488636180758476
YMR015C,YOR073W,0,-3.3495433,0.529644250869751,0.5075757503509521,0.045075759291648865
YOL021C,YKR048C,0,-3.349753,0.5285996198654175,0.5075757503509521,0.04526515305042267
YLR238W,YNL113W,0,-3.3515978,0.5275590419769287,0.5075757503509521,0.04545454680919647
YDR473C,YDR103W,0,-3.3523898,0.5265225768089294,0.5075757503509521,0.045643940567970276
YJL085W,YKL117W,0,-3.3527465,0.5254902243614197,0.5075757503509521,0.04583333432674408
YDR082W,YNL229C,0,-3.3614328,0.5244618654251099,0.5075757503509521,0.04602272808551788
YAL021C,YNR017W,0,-3.3653774,0.5234375,0.5075757503509521,0.04621212184429169
YLR095C,YKL108W,0,-3.3690698,0.5224171280860901,0.5075757503509521,0.04640151560306549
YOR011W,YPL218W,0,-3.3714135,0.5214007496833801,0.5075757503509521,0.046590909361839294
YLR109W,YOR168W,0,-3.3715634,0.5203883647918701,0.5075757503509521,0.0467803031206131
YOR198C,YDL115C,0,-3.372746,0.5193798542022705,0.5075757503509521,0.0469696968793869
YNR035C,YML095C,0,-3.3738132,0.5183752179145813,0.5075757503509521,0.047159090638160706
YLR399C,YGR267C,0,-3.3742187,0.5173745155334473,0.5075757503509521,0.04734848439693451
YBL057C,YIL075C,1,-3.3790927,0.5183044075965881,0.5094696879386902,0.04734848439693451
YCR065W,YMR182C,0,-3.379971,0.517307698726654,0.5094696879386902,0.04753787815570831
YIL075C,YNL064C,1,-3.3802402,0.5182341933250427,0.5113636255264282,0.04753787815570831
YBR082C,YDR400W,1,-3.3847265,0.5191571116447449,0.5132575631141663,0.04753787815570831
YDR488C,YDR487C,0,-3.3875477,0.5181644558906555,0.5132575631141663,0.04772727191448212
YAL041W,YJL134W,0,-3.3901312,0.517175555229187,0.5132575631141663,0.04791666567325592
YFR021W,YOL060C,0,-3.3925688,0.5161904692649841,0.5132575631141663,0.048106059432029724
YBR202W,YDR488C,0,-3.3955383,0.5152091383934021,0.5132575631141663,0.04829545319080353
YBR245C,YCR033W,0,-3.3984947,0.5142315030097961,0.5132575631141663,0.04848484694957733
YHR154W,YGR279C,0,-3.4020488,0.5132575631141663,0.5132575631141663,0.048674240708351135
YHL019C,YOR061W,0,-3.4036736,0.5122873187065125,0.5132575631141663,0.04886363819241524
YNL225C,YMR293C,0,-3.4044204,0.5113207697868347,0.5132575631141663,0.04905303195118904
YPL096W,YIL017C,1,-3.4139445,0.5122410655021667,0.5151515007019043,0.04905303195118904
YJL001W,YDR330W,1,-3.4156582,0.5131579041481018,0.5170454382896423,0.04905303195118904
YDR118W,YDR394W,1,-3.4190018,0.5140712857246399,0.5189393758773804,0.04905303195118904
YDR377W,YDR201W,0,-3.4198008,0.5131086111068726,0.5189393758773804,0.049242425709962845
YDR434W,YAL017W,0,-3.4217896,0.5121495127677917,0.5189393758773804,0.04943181946873665
YKL054C,YOR157C,1,-3.4220822,0.513059675693512,0.5208333134651184,0.04943181946873665
YDL099W,YHL025W,0,-3.4227016,0.5121042728424072,0.5208333134651184,0.04962121322751045
YNL223W,YER116C,0,-3.4238343,0.5111523866653442,0.5208333134651184,0.049810606986284256
YLL009C,YLR438C-A,0,-3.4241252,0.5102040767669678,0.5208333134651184,0.05000000074505806
YPR128C,YNL326C,0,-3.4245472,0.5092592835426331,0.5208333134651184,0.05018939450383186
YBL084C,YMR161W,1,-3.4386506,0.510166347026825,0.5227272510528564,0.05018939450383186
YCL039W,YPR140W,0,-3.440144,0.509225070476532,0.5227272510528564,0.05037878826260567
YJL020C,YDL161W,0,-3.4419262,0.5082873106002808,0.5227272510528564,0.05056818202137947
YFR024C-A,YKL019W,0,-3.4430242,0.5073529481887817,0.5227272510528564,0.050757575780153275
YLR328W,YDL077C,0,-3.4436903,0.5064220428466797,0.5227272510528564,0.05094696953892708
YPR171W,YFL037W,0,-3.44417,0.5054945349693298,0.5227272510528564,0.05113636329770088
YNL029C,YAR042W,0,-3.446178,0.5045703649520874,0.5227272510528564,0.051325757056474686
YKL074C,YOL138C,0,-3.4477024,0.5036496520042419,0.5227272510528564,0.05151515081524849
YGL163C,YDR279W,0,-3.4478164,0.5027322173118591,0.5227272510528564,0.05170454457402229
YNL172W,YDR394W,1,-3.4535952,0.503636360168457,0.5246211886405945,0.05170454457402229
YCR093W,YIL065C,0,-3.4597316,0.5027223229408264,0.5246211886405945,0.0518939383327961
YLR371W,YCR033W,0,-3.4627979,0.5018116235733032,0.5246211886405945,0.0520833320915699
YPR128C,YDL078C,0,-3.4629984,0.5009041428565979,0.5246211886405945,0.052272725850343704
YKL006C-A,YML028W,0,-3.4660625,0.5,0.5246211886405945,0.05246211960911751
YJL178C,YDR487C,0,-3.4683106,0.49909910559654236,0.5246211886405945,0.05265151336789131
YKL032C,YML010W,0,-3.470548,0.4982014298439026,0.5246211886405945,0.052840910851955414
YLR429W,YGL100W,0,-3.4774837,0.4973070025444031,0.5246211886405945,0.05303030461072922
YPL046C,YDL190C,1,-3.4842582,0.4982078969478607,0.5265151262283325,0.05303030461072922
YBL008W,YEL031W,0,-3.4857278,0.4973166286945343,0.5265151262283325,0.05321969836950302
YDL044C,YOR014W,0,-3.4862533,0.49642857909202576,0.5265151262283325,0.053409092128276825
YOL165C,YGL207W,0,-3.4883535,0.4955436587333679,0.5265151262283325,0.05359848588705063
YDR118W,YMR067C,1,-3.4888926,0.4964412748813629,0.5284090638160706,0.05359848588705063
YER053C,YFR051C,0,-3.4909487,0.4955595135688782,0.5284090638160706,0.05378787964582443
YDL115C,YOR147W,0,-3.493264,0.49468085169792175,0.5284090638160706,0.053977273404598236
YLR370C,YHR067W,0,-3.495921,0.49380531907081604,0.5284090638160706,0.05416666716337204
YKL117W,YDL064W,0,-3.4970765,0.49293285608291626,0.5284090638160706,0.054356060922145844
YAR007C,YIL076W,0,-3.4976141,0.4920634925365448,0.5284090638160706,0.05454545468091965
YBR109C,YOR076C,0,-3.5004947,0.4911971688270569,0.5284090638160706,0.05473484843969345
YOR274W,YDR190C,0,-3.5013635,0.4903339147567749,0.5284090638160706,0.054924242198467255
YNL103W,YPL152W,0,-3.5014796,0.4894736707210541,0.5284090638160706,0.05511363595724106
YKL054C,YPL096W,1,-3.5035377,0.4903677701950073,0.5303030014038086,0.05511363595724106
YOL071W,YIR006C,0,-3.5040188,0.4895104765892029,0.5303030014038086,0.05530302971601486
YFL056C,YOR023C,0,-3.5063097,0.4886561930179596,0.5303030014038086,0.055492423474788666
YBL025W,YBL103C,0,-3.507562,0.4878048896789551,0.5303030014038086,0.05568181723356247
YKL058W,YOR229W,0,-3.5099905,0.48695650696754456,0.5303030014038086,0.05587121099233627
YEL063C,YOR188W,0,-3.510854,0.4861111044883728,0.5303030014038086,0.05606060475111008
YDL099W,YNL326C,0,-3.5110066,0.48526862263679504,0.5303030014038086,0.05624999850988388
YDL084W,YOR069W,0,-3.5119882,0.4844290614128113,0.5303030014038086,0.056439392268657684
YLR368W,YPR133C,0,-3.5173838,0.4835923910140991,0.5303030014038086,0.05662878602743149
YOR250C,YGL255W,0,-3.5186465,0.48275861144065857,0.5303030014038086,0.05681818351149559
YOR188W,YGR279C,0,-3.520065,0.4819277226924896,0.5303030014038086,0.057007577270269394
YMR161W,YML088W,1,-3.5210733,0.4828178584575653,0.5321969985961914,0.057007577270269394
YLR207W,YDR057W,1,-3.5231948,0.48370498418807983,0.5340909361839294,0.057007577270269394
YCL051W,YOR014W,0,-3.524389,0.482876718044281,0.5340909361839294,0.0571969710290432
YPL096W,YNL064C,1,-3.5290601,0.48376068472862244,0.5359848737716675,0.0571969710290432
YMR161W,YIL017C,1,-3.5309677,0.4846416413784027,0.5378788113594055,0.0571969710290432
YNR035C,YLR095C,0,-3.5312383,0.4838160276412964,0.5378788113594055,0.057386364787817
YMR237W,YJL117W,0,-3.5333068,0.4829931855201721,0.5378788113594055,0.057575758546590805
YPR017C,YGR002C,0,-3.534378,0.4821731746196747,0.5378788113594055,0.05776515230536461
YMR237W,YKR046C,0,-3.5440238,0.4813559353351593,0.5378788113594055,0.05795454606413841
YPR131C,YNL248C,0,-3.5475483,0.480541467666626,0.5378788113594055,0.058143939822912216
YHR114W,YKL117W,0,-3.551011,0.4797297418117523,0.5378788113594055,0.05833333358168602
YJL024C,YDR457W,0,-3.5548306,0.47892072796821594,0.5378788113594055,0.058522727340459824
YGL119W,YOL102C,0,-3.5571847,0.4781144857406616,0.5378788113594055,0.05871212109923363
YNL041C,YDR435C,0,-3.5589073,0.4773109257221222,0.5378788113594055,0.05890151485800743
YPL221W,YFR024C-A,0,-3.5632553,0.47651007771492004,0.5378788113594055,0.059090908616781235
YKL192C,YHR091C,0,-3.5649393,0.4757118821144104,0.5378788113594055,0.05928030237555504
YGR267C,YIL095W,0,-3.5671272,0.47491639852523804,0.5378788113594055,0.05946969613432884
YBR102C,YDL028C,0,-3.568688,0.4741235375404358,0.5378788113594055,0.059659089893102646
YJL117W,YOR069W,0,-3.5697076,0.47333332896232605,0.5378788113594055,0.05984848365187645
YFR046C,YKR046C,0,-3.5698938,0.4725457429885864,0.5378788113594055,0.06003787741065025
YMR083W,YER107C,0,-3.572153,0.4717608094215393,0.5378788113594055,0.06022727116942406
YHR114W,YDR022C,0,-3.5721698,0.47097843885421753,0.5378788113594055,0.06041666492819786
YDR358W,YGL227W,1,-3.5763102,0.4718542993068695,0.5397727489471436,0.06041666492819786
YOR147W,YIR006C,0,-3.5812378,0.4710743725299835,0.5397727489471436,0.06060606241226196
YNL225C,YIL065C,0,-3.5814948,0.47029703855514526,0.5397727489471436,0.06079545617103577
YDL111C,YPL016W,0,-3.5843127,0.46952223777770996,0.5397727489471436,0.06098484992980957
YHR021C,YOR229W,0,-3.5853243,0.46875,0.5397727489471436,0.061174243688583374
YPL228W,YIL097W,0,-3.58691,0.467980295419693,0.5397727489471436,0.06136363744735718
YMR316W,YMR285C,0,-3.5898995,0.46721312403678894,0.5397727489471436,0.06155303120613098
YER112W,YKR031C,0,-3.5908575,0.46644845604896545,0.5397727489471436,0.061742424964904785
YDR118W,YLR207W,1,-3.5951252,0.4673202633857727,0.5416666865348816,0.061742424964904785
YMR314W,YOR256C,1,-3.5973234,0.4681892395019531,0.5435606241226196,0.061742424964904785
YAL041W,YER095W,0,-3.5979981,0.46742671728134155,0.5435606241226196,0.06193181872367859
YGR267C,YIL048W,0,-3.5996106,0.46666666865348816,0.5435606241226196,0.06212121248245239
YMR264W,YGL227W,1,-3.6012974,0.4675324559211731,0.5454545617103577,0.06212121248245239
YBL063W,YBR193C,0,-3.6012998,0.46677470207214355,0.5454545617103577,0.062310606241226196
YEL063C,YKL176C,0,-3.601753,0.4660194218158722,0.5454545617103577,0.0625
YIL048W,YMR060C,0,-3.6027527,0.46526655554771423,0.5454545617103577,0.0626893937587738
YDR434W,YNR034W,0,-3.6049533,0.46451613306999207,0.5454545617103577,0.06287878751754761
YGR113W,YBR228W,0,-3.6057885,0.4637681245803833,0.5454545617103577,0.06306818127632141
YCR082W,YKL099C,0,-3.6092324,0.46302250027656555,0.5454545617103577,0.06325757503509521
YNL326C,YDR082W,0,-3.6125398,0.4622792899608612,0.5454545617103577,0.06344696879386902
YER016W,YDL020C,0,-3.6139376,0.4615384638309479,0.5454545617103577,0.06363636255264282
YDL231C,YDR172W,0,-3.6169746,0.4607999920845032,0.5454545617103577,0.06382575631141663
YIL079C,YDR103W,0,-3.6180406,0.4600639045238495,0.5454545617103577,0.06401515007019043
YGR143W,YLR410W,0,-3.6195347,0.45933014154434204,0.5454545617103577,0.06420454382896423
YNL219C,YPL007C,0,-3.6200423,0.4585987329483032,0.5454545617103577,0.06439393758773804
YIL132C,YHR091C,0,-3.6234212,0.45786964893341064,0.5454545617103577,0.06458333134651184
YHR191C,YER111C,0,-3.6257734,0.4571428596973419,0.5454545617103577,0.06477272510528564
YOL044W,YCR066W,0,-3.6268225,0.45641839504241943,0.5454545617103577,0.06496211886405945
YIL095W,YBR095C,0,-3.6325989,0.4556961953639984,0.5454545617103577,0.06515151262283325
YDL231C,YAL051W,0,-3.634448,0.45497629046440125,0.5454545617103577,0.06534090638160706
YDL137W,YOR168W,0,-3.634939,0.45425868034362793,0.5454545617103577,0.06553030014038086
YNL286W,YJL093C,0,-3.635375,0.4535433053970337,0.5454545617103577,0.06571969389915466
YCR088W,YDL078C,0,-3.636046,0.4528301954269409,0.5454545617103577,0.06590908765792847
YAL017W,YOL067C,0,-3.636077,0.4521193206310272,0.5454545617103577,0.06609848141670227
YDR118W,YBR290W,1,-3.636711,0.4529780447483063,0.5473484992980957,0.06609848141670227
YJL081C,YPL155C,0,-3.6463535,0.45226916670799255,0.5473484992980957,0.06628787517547607
YMR276W,YML088W,1,-3.6467047,0.453125,0.5492424368858337,0.06628787517547607
YHL002W,YIL013C,0,-3.647244,0.45241808891296387,0.5492424368858337,0.06647727638483047
YKL051W,YCR033W,0,-3.6479497,0.4517133831977844,0.5492424368858337,0.06666667014360428
YHR043C,YIL017C,1,-3.6497471,0.45256608724594116,0.5511363744735718,0.06666667014360428
YGR145W,YKL117W,0,-3.6513925,0.4518633484840393,0.5511363744735718,0.06685606390237808
YER119C,YKL176C,0,-3.653963,0.45116278529167175,0.5511363744735718,0.06704545766115189
YGR036C,YBL025W,0,-3.6542156,0.4504643976688385,0.5511363744735718,0.06723485141992569
YJL170C,YDR434W,0,-3.6600707,0.44976815581321716,0.5511363744735718,0.0674242451786995
YGL025C,YIL114C,0,-3.665608,0.44907405972480774,0.5511363744735718,0.0676136389374733
YJL081C,YNL031C,0,-3.6759217,0.4483821392059326,0.5511363744735718,0.0678030326962471
YDL099W,YKL074C,0,-3.6759424,0.44769230484962463,0.5511363744735718,0.0679924264550209
YNL172W,YMR067C,1,-3.6790664,0.44854071736335754,0.5530303120613098,0.0679924264550209
YDR400W,YDR057W,1,-3.6832247,0.44938650727272034,0.5549242496490479,0.0679924264550209
YLR176C,YOR332W,0,-3.6836696,0.4486983120441437,0.5549242496490479,0.06818182021379471
YOR023C,YAL030W,0,-3.684075,0.44801223278045654,0.5549242496490479,0.06837121397256851
YKR048C,YKR046C,0,-3.6871967,0.44732823967933655,0.5549242496490479,0.06856060773134232
YHL019C,YER161C,0,-3.68779,0.4466463327407837,0.5549242496490479,0.06875000149011612
YJL063C,YBL020W,0,-3.6932335,0.445966511964798,0.5549242496490479,0.06893939524888992
YOR046C,YIL114C,0,-3.695213,0.445288747549057,0.5549242496490479,0.06912878900766373
YPL167C,YHR090C,0,-3.6963553,0.4446130394935608,0.5549242496490479,0.06931818276643753
YEL015W,YBR133C,0,-3.6964269,0.4439393877983093,0.5549242496490479,0.06950757652521133
YPL001W,YPL159C,0,-3.6965218,0.4432677626609802,0.5549242496490479,0.06969697028398514
YBR290W,YOR256C,1,-3.6990275,0.4441087543964386,0.5568181872367859,0.06969697028398514
YHR043C,YDR330W,1,-3.702824,0.444947212934494,0.5587121248245239,0.06969697028398514
YDR473C,YMR313C,0,-3.7059484,0.4442771077156067,0.5587121248245239,0.06988636404275894
YNL225C,YDR166C,0,-3.7081876,0.4436090290546417,0.5587121248245239,0.07007575780153275
YNL278W,YBR165W,0,-3.7131574,0.44294294714927673,0.5587121248245239,0.07026515156030655
YOR157C,YOR256C,1,-3.7136595,0.4437780976295471,0.560606062412262,0.07026515156030655
YKL135C,YFR033C,0,-3.7137585,0.443113774061203,0.560606062412262,0.07045454531908035
YDR153C,YHL006C,0,-3.7155404,0.4424514174461365,0.560606062412262,0.07064393907785416
YFR046C,YDL111C,0,-3.7212553,0.4417910575866699,0.560606062412262,0.07083333283662796
YLR288C,YGR133W,0,-3.7226357,0.44113263487815857,0.560606062412262,0.07102272659540176
YOR298C-A,YER053C,0,-3.7248795,0.4404761791229248,0.560606062412262,0.07121212035417557
YHR043C,YDR400W,1,-3.7258105,0.44130757451057434,0.5625,0.07121212035417557
YAL021C,YOR162C,0,-3.7307515,0.4406528174877167,0.5625,0.07140151411294937
YOL071W,YPL221W,0,-3.732836,0.4399999976158142,0.5625,0.07159090787172318
YJL134W,YDR175C,0,-3.7340052,0.43934911489486694,0.5625,0.07178030163049698
YNL223W,YNL293W,0,-3.7346065,0.4387001395225525,0.5625,0.07196969538927078
YDR330W,YKL041W,1,-3.7368572,0.4395280182361603,0.564393937587738,0.07196969538927078
YBL084C,YGL227W,1,-3.7374187,0.4403534531593323,0.5662878751754761,0.07196969538927078
YJL001W,YDL190C,1,-3.7379122,0.44117647409439087,0.5681818127632141,0.07196969538927078
YDR358W,YJL001W,1,-3.7385852,0.44199705123901367,0.5700757503509521,0.07196969538927078
YER045C,YCL035C,0,-3.7393198,0.44134896993637085,0.5700757503509521,0.07215908914804459
YCR093W,YJL036W,0,-3.740491,0.44070279598236084,0.5700757503509521,0.07234848290681839
YDL190C,YIL017C,1,-3.74153,0.44152048230171204,0.5719696879386902,0.07234848290681839
YKL190W,YPR068C,0,-3.744398,0.44087591767311096,0.5719696879386902,0.0725378766655922
YDL085W,YKR014C,0,-3.7447133,0.4402332305908203,0.5719696879386902,0.072727270424366
YJL014W,YMR060C,0,-3.745679,0.4395924210548401,0.5719696879386902,0.0729166641831398
YNL219C,YHR074W,0,-3.7459145,0.4389534890651703,0.5719696879386902,0.0731060579419136
YLR368W,YMR188C,0,-3.7460308,0.4383164048194885,0.5719696879386902,0.07329545170068741
YGL054C,YOL112W,0,-3.7466295,0.4376811683177948,0.5719696879386902,0.07348484545946121
YBL057C,YKL041W,1,-3.7482004,0.4384949207305908,0.5738636255264282,0.07348484545946121
YKL032C,YBL020W,0,-3.754119,0.43786126375198364,0.5738636255264282,0.07367423921823502
YJR025C,YDL212W,0,-3.7565203,0.4372294247150421,0.5738636255264282,0.07386363297700882
YOR351C,YPR140W,0,-3.7585535,0.4365994334220886,0.5738636255264282,0.07405302673578262
YOR023C,YGR143W,0,-3.7600152,0.4359712302684784,0.5738636255264282,0.07424242794513702
YPL240C,YCL001W,0,-3.7610345,0.4353448152542114,0.5738636255264282,0.07443182170391083
YCL031C,YDR457W,0,-3.762199,0.4347202181816101,0.5738636255264282,0.07462121546268463
YJL001W,YOR256C,1,-3.7646208,0.4355300962924957,0.5757575631141663,0.07462121546268463
YLR314C,YOR284W,0,-3.7655158,0.4349070191383362,0.5757575631141663,0.07481060922145844
YLR231C,YGR028W,0,-3.7659724,0.4342857003211975,0.5757575631141663,0.07500000298023224
YDR422C,YPL020C,0,-3.7662697,0.4336661994457245,0.5757575631141663,0.07518939673900604
YDR358W,YNL064C,1,-3.7684386,0.4344729483127594,0.5776515007019043,0.07518939673900604
YPR171W,YMR035W,0,-3.7698436,0.4338549077510834,0.5776515007019043,0.07537879049777985
YMR188C,YOR294W,0,-3.7716186,0.4332386255264282,0.5776515007019043,0.07556818425655365
YBL084C,YIL075C,1,-3.7754223,0.4340425431728363,0.5795454382896423,0.07556818425655365
YCL039W,YKL176C,0,-3.7754753,0.43342775106430054,0.5795454382896423,0.07575757801532745
YLR314C,YDR268W,0,-3.7760882,0.43281471729278564,0.5795454382896423,0.07594697177410126
YPL022W,YOL067C,0,-3.7761843,0.43220338225364685,0.5795454382896423,0.07613636553287506
YOR073W,YLR043C,0,-3.7772484,0.43159380555152893,0.5795454382896423,0.07632575929164886
YMR015C,YDR529C,0,-3.7792451,0.4309859275817871,0.5795454382896423,0.07651515305042267
YDR188W,YOR270C,0,-3.7827177,0.4303797483444214,0.5795454382896423,0.07670454680919647
YMR313C,YMR218C,0,-3.7854366,0.42977526783943176,0.5795454382896423,0.07689394056797028
YKL108W,YNR034W,0,-3.7877252,0.4291725158691406,0.5795454382896423,0.07708333432674408
YBR290W,YPL046C,1,-3.788149,0.42997199296951294,0.5814393758773804,0.07708333432674408
YNL172W,YDR358W,1,-3.7898839,0.4307692348957062,0.5833333134651184,0.07708333432674408
YLR353W,YDL064W,0,-3.790241,0.4301675856113434,0.5833333134651184,0.07727272808551788
YGL144C,YPL193W,0,-3.7912965,0.4295676350593567,0.5833333134651184,0.07746212184429169
YFR024C-A,YBR093C,0,-3.7932909,0.4289693534374237,0.5833333134651184,0.07765151560306549
YJR119C,YLR369W,0,-3.7942157,0.42837274074554443,0.5833333134651184,0.0778409093618393
YMR083W,YDR377W,0,-3.794563,0.4277777671813965,0.5833333134651184,0.0780303031206131
YAL021C,YML051W,0,-3.795792,0.42718446254730225,0.5833333134651184,0.0782196968793869
YNL094W,YJL042W,0,-3.7977529,0.42659279704093933,0.5833333134651184,0.0784090906381607
YDR118W,YBL057C,1,-3.8046408,0.4273858964443207,0.5852272510528564,0.0784090906381607
YKL190W,YPL127C,0,-3.8047357,0.4267955720424652,0.5852272510528564,0.07859848439693451
YKL015W,YDL084W,0,-3.8071022,0.42620688676834106,0.5852272510528564,0.07878787815570831
YNL275W,YCR093W,0,-3.807141,0.42561984062194824,0.5852272510528564,0.07897727191448212
YDR448W,YPL161C,0,-3.8075998,0.42503437399864197,0.5852272510528564,0.07916666567325592
YLR117C,YNL085W,0,-3.808724,0.424450546503067,0.5852272510528564,0.07935605943202972
YOR011W,YMR236W,0,-3.8133576,0.4238682985305786,0.5852272510528564,0.07954545319080353
YDR118W,YHR043C,1,-3.8135815,0.42465752363204956,0.5871211886405945,0.07954545319080353
YPR100W,YKL006C-A,0,-3.8140726,0.4240766167640686,0.5871211886405945,0.07973484694957733
YCL017C,YPL206C,0,-3.8142188,0.4234972596168518,0.5871211886405945,0.07992424070835114
YOR035C,YNR034W,0,-3.8190246,0.42291951179504395,0.5871211886405945,0.08011363446712494
YOL044W,YGL025C,0,-3.8221707,0.42234331369400024,0.5871211886405945,0.08030302822589874
YMR264W,YDR358W,1,-3.823743,0.42312926054000854,0.5890151262283325,0.08030302822589874
YBL023C,YKR048C,0,-3.8278065,0.4225543439388275,0.5890151262283325,0.08049242198467255
YNL172W,YOR157C,1,-3.8278337,0.4233378469944,0.5909090638160706,0.08049242198467255
YJL020C,YEL063C,0,-3.8279178,0.42276424169540405,0.5909090638160706,0.08068181574344635
YDR420W,YGR214W,0,-3.8301105,0.42219215631484985,0.5909090638160706,0.08087120950222015
YLR233C,YOR313C,0,-3.833589,0.4216216206550598,0.5909090638160706,0.08106060326099396
YGR179C,YPL031C,0,-3.8342085,0.42105263471603394,0.5909090638160706,0.08124999701976776
YDL076C,YCR033W,0,-3.835023,0.42048516869544983,0.5909090638160706,0.08143939077854156
YGR055W,YKR062W,0,-3.8352208,0.4199192523956299,0.5909090638160706,0.08162878453731537
YMR276W,YDL190C,1,-3.8402991,0.4206989109516144,0.5928030014038086,0.08162878453731537
YDR330W,YNL064C,1,-3.841705,0.4214765131473541,0.5946969985961914,0.08162878453731537
YLL009C,YDR489W,0,-3.8418684,0.4209115207195282,0.5946969985961914,0.08181817829608917
YOR061W,YLR022C,0,-3.8435616,0.42034804821014404,0.5946969985961914,0.08200757205486298
YOR371C,YGR099W,0,-3.843676,0.41978609561920166,0.5946969985961914,0.08219697326421738
YNL214W,YLR386W,0,-3.8557522,0.41922563314437866,0.5946969985961914,0.08238636702299118
YPR017C,YOR266W,0,-3.85642,0.41866666078567505,0.5946969985961914,0.08257576078176498
YER045C,YPR068C,0,-3.860979,0.4181091785430908,0.5946969985961914,0.08276515454053879
YOL135C,YML091C,0,-3.8621747,0.417553186416626,0.5946969985961914,0.08295454829931259
YNL172W,YJL001W,1,-3.8622487,0.4183267056941986,0.5965909361839294,0.08295454829931259
YDR254W,YGR156W,0,-3.863181,0.4177718758583069,0.5965909361839294,0.0831439420580864
YIL075C,YDR400W,1,-3.8633833,0.4185430407524109,0.5984848737716675,0.0831439420580864
YDR254W,YGR091W,0,-3.863576,0.41798943281173706,0.5984848737716675,0.0833333358168602
YIL033C,YAR031W,0,-3.864618,0.41743725538253784,0.5984848737716675,0.083522729575634
YDR141C,YDR160W,0,-3.8653164,0.4168865382671356,0.5984848737716675,0.0837121233344078
YGR121C,YBL005W,0,-3.866932,0.4163372814655304,0.5984848737716675,0.08390151709318161
YDL099W,YDR254W,0,-3.870697,0.41578948497772217,0.5984848737716675,0.08409091085195541
YLR314C,YBR093C,0,-3.8740082,0.41524308919906616,0.5984848737716675,0.08428030461072922
YMR237W,YPL031C,0,-3.8757505,0.41469815373420715,0.5984848737716675,0.08446969836950302
YAL051W,YMR218C,0,-3.8762467,0.41415464878082275,0.5984848737716675,0.08465909212827682
YJL085W,YGR007W,0,-3.8811355,0.41361257433891296,0.5984848737716675,0.08484848588705063
YDR108W,YCR066W,0,-3.8824456,0.4130719006061554,0.5984848737716675,0.08503787964582443
YGL166W,YDL161W,0,-3.8834581,0.41253262758255005,0.5984848737716675,0.08522727340459824
YOR250C,YGR213C,0,-3.8845782,0.4119947850704193,0.5984848737716675,0.08541666716337204
YJL074C,YMR313C,0,-3.8849635,0.4114583432674408,0.5984848737716675,0.08560606092214584
YLR220W,YPL016W,0,-3.885363,0.4109232723712921,0.5984848737716675,0.08579545468091965
YML081C-A,YJR144W,0,-3.88865,0.41038960218429565,0.5984848737716675,0.08598484843969345
YMR264W,YPL096W,1,-3.888875,0.4111543595790863,0.6003788113594055,0.08598484843969345
YGR197C,YHR090C,0,-3.8890536,0.4106217622756958,0.6003788113594055,0.08617424219846725
YBL035C,YOR069W,0,-3.8897617,0.4100905656814575,0.6003788113594055,0.08636363595724106
YGL054C,YGR104C,0,-3.894619,0.4095607101917267,0.6003788113594055,0.08655302971601486
YDL161W,YOR076C,0,-3.8950233,0.40903225541114807,0.6003788113594055,0.08674242347478867
YOR256C,YMR067C,1,-3.8976984,0.40979382395744324,0.6022727489471436,0.08674242347478867
YNL085W,YDR166C,0,-3.8999143,0.4092664122581482,0.6022727489471436,0.08693181723356247
YBR272C,YOR076C,0,-3.901154,0.408740371465683,0.6022727489471436,0.08712121099233627
YKL117W,YLR442C,0,-3.90136,0.4082156717777252,0.6022727489471436,0.08731060475111008
YBR245C,YDR167W,0,-3.9025872,0.4076923131942749,0.6022727489471436,0.08749999850988388
YMR161W,YDR057W,1,-3.9034092,0.4084506928920746,0.6041666865348816,0.08749999850988388
YGL119W,YFL037W,0,-3.9042969,0.40792837738990784,0.6041666865348816,0.08768939226865768
YOR351C,YOL115W,0,-3.9068494,0.40740740299224854,0.6041666865348816,0.08787878602743149
YMR264W,YDR400W,1,-3.9081213,0.40816327929496765,0.6060606241226196,0.08787878602743149
YCR086W,YNL229C,0,-3.9089508,0.40764331817626953,0.6060606241226196,0.08806817978620529
YKL074C,YDR435C,0,-3.9118757,0.40712466835975647,0.6060606241226196,0.0882575735449791
YER051W,YBR228W,0,-3.913958,0.40660735964775085,0.6060606241226196,0.0884469673037529
YDL093W,YBR293W,0,-3.9143455,0.4060913622379303,0.6060606241226196,0.0886363610625267
YBL006C,YBR095C,0,-3.9156823,0.4055766761302948,0.6060606241226196,0.0888257548213005
YMR068W,YOR216C,0,-3.9172134,0.40506330132484436,0.6060606241226196,0.08901514858007431
YDR158W,YDR129C,0,-3.9185722,0.4045512080192566,0.6060606241226196,0.08920454233884811
YMR211W,YDR175C,0,-3.9196835,0.4040403962135315,0.6060606241226196,0.08939393609762192
YMR234W,YMR053C,0,-3.9201803,0.40353089570999146,0.6060606241226196,0.08958332985639572
YPL117C,YDL111C,0,-3.9210377,0.4030226767063141,0.6060606241226196,0.08977272361516953
YDR118W,YGL227W,1,-3.9214835,0.40377357602119446,0.6079545617103577,0.08977272361516953
YDR108W,YKR020W,0,-3.9216194,0.4032663404941559,0.6079545617103577,0.08996212482452393
YOR266W,YOR119C,0,-3.9219043,0.4027603566646576,0.6079545617103577,0.09015151858329773
YDR190C,YMR046C,0,-3.9226673,0.4022556245326996,0.6079545617103577,0.09034091234207153
YPL231W,YBR245C,0,-3.9232883,0.40175220370292664,0.6079545617103577,0.09053030610084534
YOR265W,YML064C,0,-3.9260788,0.4012500047683716,0.6079545617103577,0.09071969985961914
YOR157C,YKL041W,1,-3.9274936,0.40199750661849976,0.6098484992980957,0.09071969985961914
YLR095C,YKL126W,0,-3.9330037,0.4014962613582611,0.6098484992980957,0.09090909361839294
YBR095C,YDL120W,0,-3.9332848,0.40099626779556274,0.6098484992980957,0.09109848737716675
YGR121C,YER161C,0,-3.9357867,0.40049752593040466,0.6098484992980957,0.09128788113594055
YOL139C,YKL058W,0,-3.9362235,0.4000000059604645,0.6098484992980957,0.09147727489471436
YDR118W,YBL084C,1,-3.9365697,0.40074440836906433,0.6117424368858337,0.09147727489471436
YPL046C,YBL057C,1,-3.937788,0.40148699283599854,0.6136363744735718,0.09147727489471436
YML078W,YJL062W,0,-3.9391046,0.4009900987148285,0.6136363744735718,0.09166666865348816
YPR131C,YPL206C,0,-3.9436798,0.40049442648887634,0.6136363744735718,0.09185606241226196
YDR123C,YIL149C,0,-3.9456186,0.4000000059604645,0.6136363744735718,0.09204545617103577
YBR290W,YDR400W,1,-3.9494047,0.4007398188114166,0.6155303120613098,0.09204545617103577
YPL096W,YDR057W,1,-3.9495947,0.4014778435230255,0.6174242496490479,0.09204545617103577
YLL002W,YNR048W,0,-3.9496844,0.4009840190410614,0.6174242496490479,0.09223484992980957
YMR234W,YDL076C,0,-3.9497051,0.4004913866519928,0.6174242496490479,0.09242424368858337
YGR270W,YEL057C,0,-3.9507656,0.4000000059604645,0.6174242496490479,0.09261363744735718
YCL031C,YML034W,0,-3.9517422,0.39950981736183167,0.6174242496490479,0.09280303120613098
YGL090W,YNL142W,0,-3.9526908,0.39902082085609436,0.6174242496490479,0.09299242496490479
YOR224C,YDL084W,0,-3.955752,0.39853301644325256,0.6174242496490479,0.09318181872367859
YLR176C,YDR145W,0,-3.9575422,0.3980464041233063,0.6174242496490479,0.09337121248245239
YPL161C,YKR020W,0,-3.9581552,0.3975609838962555,0.6174242496490479,0.0935606062412262
YBL019W,YNL025C,0,-3.9584956,0.39707672595977783,0.6174242496490479,0.09375
YDR385W,YER053C,0,-3.9590566,0.3965936601161957,0.6174242496490479,0.0939393937587738
YLR265C,YBL034C,0,-3.9597807,0.39611178636550903,0.6174242496490479,0.09412878751754761
YLR114C,YJL093C,0,-3.9611313,0.3956310749053955,0.6174242496490479,0.09431818127632141
YKL135C,YNL250W,0,-3.961391,0.3951515257358551,0.6174242496490479,0.09450757503509521
YMR264W,YBR082C,1,-3.961594,0.3958837687969208,0.6193181872367859,0.09450757503509521
YDL076C,YDR160W,0,-3.9618168,0.3954050838947296,0.6193181872367859,0.09469696879386902
YBR093C,YER019C-A,0,-3.962491,0.3949275314807892,0.6193181872367859,0.09488636255264282
YDR188W,YIL042C,0,-3.962659,0.3944511413574219,0.6193181872367859,0.09507575631141663
YDR190C,YPL020C,0,-3.9655204,0.3939759135246277,0.6193181872367859,0.09526515007019043
YIL149C,YDR259C,0,-3.9684358,0.39350181818008423,0.6193181872367859,0.09545454382896423
YCL010C,YDR443C,0,-3.9707742,0.3930288553237915,0.6193181872367859,0.09564393758773804
YDR358W,YLR207W,1,-3.971859,0.39375749230384827,0.6212121248245239,0.09564393758773804
YNL293W,YKL117W,0,-3.9722867,0.3932853639125824,0.6212121248245239,0.09583333134651184
YMR236W,YGR099W,0,-3.972609,0.39281436800956726,0.6212121248245239,0.09602272510528564
YHR081W,YPL128C,0,-3.9729466,0.39234450459480286,0.6212121248245239,0.09621211886405945
YBR082C,YKL041W,1,-3.974084,0.3930704891681671,0.623106062412262,0.09621211886405945
YGL245W,YPL020C,0,-3.9743302,0.3926014304161072,0.623106062412262,0.09640151262283325
YLR220W,YOR035C,0,-3.9749098,0.392133504152298,0.623106062412262,0.09659090638160706
YLL009C,YKR028W,0,-3.9821033,0.3916666805744171,0.623106062412262,0.09678030014038086
YBL084C,YDL190C,1,-3.9824216,0.39239001274108887,0.625,0.09678030014038086
YOR132W,YCL033C,0,-3.9825025,0.3919239938259125,0.625,0.09696969389915466
YLR403W,YPL087W,0,-3.9829102,0.39145907759666443,0.625,0.09715908765792847
YJR127C,YOL028C,0,-3.984053,0.3909952640533447,0.625,0.09734848141670227
YIL076W,YNL229C,0,-3.9845486,0.39053255319595337,0.625,0.09753787517547607
YBR202W,YNR008W,0,-3.9896684,0.39007091522216797,0.625,0.09772727638483047
YCR066W,YDL020C,0,-3.9905214,0.3896103799343109,0.625,0.09791667014360428
YPL097W,YBL020W,0,-3.9916687,0.3891509473323822,0.625,0.09810606390237808
YGL150C,YPL007C,0,-3.9918137,0.38869258761405945,0.625,0.09829545766115189
YOR094W,YOR265W,0,-3.9919398,0.38823530077934265,0.625,0.09848485141992569
YLR223C,YKR020W,0,-3.9934025,0.3877790868282318,0.625,0.0986742451786995
YDR245W,YPL007C,0,-3.9938977,0.38732394576072693,0.625,0.0988636389374733
YJL024C,YPR178W,0,-3.9980226,0.386869877576828,0.625,0.0990530326962471
YPR124W,YLR410W,0,-3.9980834,0.38641685247421265,0.625,0.0992424264550209
YMR220W,YNL197C,0,-4.0014834,0.38596490025520325,0.625,0.09943182021379471
YBR109C,YPL231W,0,-4.002375,0.3855140209197998,0.625,0.09962121397256851
YPR017C,YBR250W,0,-4.0040083,0.38506418466567993,0.625,0.09981060773134232
YDR448W,YIL138C,0,-4.00661,0.38461539149284363,0.625,0.10000000149011612
YKL054C,YDR057W,1,-4.0115495,0.38533177971839905,0.626893937587738,0.10000000149011612
YGR166W,YBR293W,0,-4.0115995,0.38488373160362244,0.626893937587738,0.10018939524888992
YPR017C,YMR236W,0,-4.014353,0.384436696767807,0.626893937587738,0.10037878900766373
YJL063C,YGL025C,0,-4.0147085,0.38399070501327515,0.626893937587738,0.10056818276643753
YOR030W,YCL066W,0,-4.014762,0.38354575634002686,0.626893937587738,0.10075757652521133
YOR185C,YOR027W,0,-4.015666,0.38310185074806213,0.626893937587738,0.10094697028398514
YER016W,YGR270W,0,-4.017943,0.3826589584350586,0.626893937587738,0.10113636404275894
YKL152C,YJL134W,0,-4.0214024,0.38221707940101624,0.626893937587738,0.10132575780153275
YNL219C,YOR109W,0,-4.023195,0.38177624344825745,0.626893937587738,0.10151515156030655
YDR022C,YJL146W,0,-4.024213,0.38133639097213745,0.626893937587738,0.10170454531908035
YNR035C,YNL250W,0,-4.0262995,0.380897581577301,0.626893937587738,0.10189393907785416
YER019C-A,YDL212W,0,-4.0282726,0.3804597556591034,0.626893937587738,0.10208333283662796
YGR143W,YDR103W,0,-4.0296793,0.38002297282218933,0.626893937587738,0.10227272659540176
YDR017C,YJL210W,0,-4.0305505,0.3795871436595917,0.626893937587738,0.10246212035417557
YBR036C,YMR043W,0,-4.0311594,0.3791523575782776,0.626893937587738,0.10265151411294937
YFL056C,YEL018W,0,-4.031854,0.3787185251712799,0.626893937587738,0.10284090787172318
YBL084C,YDR358W,1,-4.0320134,0.37942856550216675,0.6287878751754761,0.10284090787172318
YOR119C,YJL036W,0,-4.032557,0.37899544835090637,0.6287878751754761,0.10303030163049698
YMR264W,YPL046C,1,-4.0332007,0.3797035217285156,0.6306818127632141,0.10303030163049698
YPL221W,YMR060C,0,-4.0339227,0.3792710602283478,0.6306818127632141,0.10321969538927078
YDL044C,YMR087W,0,-4.035573,0.3788395822048187,0.6306818127632141,0.10340908914804459
YNL275W,YLR052W,0,-4.03717,0.37840908765792847,0.6306818127632141,0.10359848290681839
YKL054C,YDR330W,1,-4.03728,0.37911462783813477,0.6325757503509521,0.10359848290681839
YGL070C,YJR127C,0,-4.039178,0.3786848187446594,0.6325757503509521,0.1037878766655922
YBR133C,YCL051W,0,-4.0399294,0.3782559335231781,0.6325757503509521,0.103977270424366
YJL020C,YGL244W,0,-4.0417986,0.37782806158065796,0.6325757503509521,0.1041666641831398
YIL026C,YJL156C,0,-4.0426755,0.3774011433124542,0.6325757503509521,0.1043560579419136
YDR461W,YKL126W,0,-4.0428014,0.3769751787185669,0.6325757503509521,0.10454545170068741
YJL093C,YKR014C,0,-4.0467944,0.37655016779899597,0.6325757503509521,0.10473484545946121
YLR207W,YDL190C,1,-4.048226,0.3772522509098053,0.6344696879386902,0.10473484545946121
YBL023C,YFL033C,0,-4.0502124,0.3768278956413269,0.6344696879386902,0.10492423921823502
YML081C-A,YJL063C,0,-4.0504684,0.3764044940471649,0.6344696879386902,0.10511363297700882
YNL098C,YGL252C,0,-4.0532784,0.37598204612731934,0.6344696879386902,0.10530302673578262
YBR245C,YOR270C,0,-4.0539947,0.37556055188179016,0.6344696879386902,0.10549242794513702
YPR124W,YFL033C,0,-4.055605,0.375139981508255,0.6344696879386902,0.10568182170391083
YDR422C,YKR062W,0,-4.0556912,0.37472036480903625,0.6344696879386902,0.10587121546268463
YHR114W,YKL015W,0,-4.056003,0.3743016719818115,0.6344696879386902,0.10606060922145844
YPL046C,YDR394W,1,-4.0570908,0.375,0.6363636255264282,0.10606060922145844
YBR082C,YDR057W,1,-4.0574083,0.3756967782974243,0.6382575631141663,0.10606060922145844
YMR188C,YDR190C,0,-4.0605903,0.37527838349342346,0.6382575631141663,0.10625000298023224
YKL074C,YNL279W,0,-4.062272,0.374860942363739,0.6382575631141663,0.10643939673900604
YHR030C,YPL139C,0,-4.066585,0.37444445490837097,0.6382575631141663,0.10662879049777985
YKL074C,YNR011C,0,-4.067179,0.37402886152267456,0.6382575631141663,0.10681818425655365
YMR101C,YDR416W,0,-4.0672116,0.37361419200897217,0.6382575631141663,0.10700757801532745
YNL103W,YBL025W,0,-4.0686064,0.3732004463672638,0.6382575631141663,0.10719697177410126
YER016W,YDR175C,0,-4.0694904,0.37278762459754944,0.6382575631141663,0.10738636553287506
YNR019W,YPR017C,0,-4.071149,0.3723756968975067,0.6382575631141663,0.10757575929164886
YHR043C,YGR135W,1,-4.0715165,0.3730684220790863,0.6401515007019043,0.10757575929164886
YPL001W,YNL103W,0,-4.073217,0.3726571202278137,0.6401515007019043,0.10776515305042267
YPL046C,YMR314W,1,-4.0740657,0.37334802746772766,0.6420454382896423,0.10776515305042267
YDR421W,YDL149W,0,-4.075904,0.37293729186058044,0.6420454382896423,0.10795454680919647
YHR043C,YMR276W,1,-4.0776043,0.37362638115882874,0.6439393758773804,0.10795454680919647
YMR204C,YKL074C,0,-4.078827,0.3732162415981293,0.6439393758773804,0.10814394056797028
YMR277W,YOL051W,0,-4.0791464,0.37280702590942383,0.6439393758773804,0.10833333432674408
YCR075C,YBL018C,0,-4.082093,0.3723986744880676,0.6439393758773804,0.10852272808551788
YNL103W,YDR175C,0,-4.083979,0.37199124693870544,0.6439393758773804,0.10871212184429169
YDL190C,YNL064C,1,-4.084025,0.37267759442329407,0.6458333134651184,0.10871212184429169
YOR061W,YNR008W,0,-4.0854464,0.37227073311805725,0.6458333134651184,0.10890151560306549
YDR062W,YDR243C,0,-4.0887656,0.37186476588249207,0.6458333134651184,0.1090909093618393
YNL219C,YDL216C,0,-4.0896316,0.3714596927165985,0.6458333134651184,0.1092803031206131
YKL179C,YLR228C,0,-4.090033,0.3710554838180542,0.6458333134651184,0.1094696968793869
YCR093W,YDL040C,0,-4.0901804,0.3706521689891815,0.6458333134651184,0.1096590906381607
YGR147C,YER111C,0,-4.0903172,0.3702497184276581,0.6458333134651184,0.10984848439693451
YJL061W,YBL075C,0,-4.0910287,0.3698481619358063,0.6458333134651184,0.11003787815570831
YGL163C,YER116C,0,-4.091494,0.3694474399089813,0.6458333134651184,0.11022727191448212
YBL057C,YDL190C,1,-4.0921974,0.37012988328933716,0.6477272510528564,0.11022727191448212
YHR118C,YDL216C,0,-4.0933647,0.3697297275066376,0.6477272510528564,0.11041666567325592
YBR109C,YDR190C,0,-4.0953746,0.3693304657936096,0.6477272510528564,0.11060605943202972
YPL154C,YHL025W,0,-4.09538,0.3689320385456085,0.6477272510528564,0.11079545319080353
YPL096W,YDR400W,1,-4.098561,0.36961206793785095,0.6496211886405945,0.11079545319080353
YFR024C-A,YHR196W,0,-4.099897,0.3692142069339752,0.6496211886405945,0.11098484694957733
YER155C,YNL286W,0,-4.100591,0.36881721019744873,0.6496211886405945,0.11117424070835114
YLR220W,YHR074W,0,-4.10144,0.3684210479259491,0.6496211886405945,0.11136363446712494
YKL190W,YOR127W,0,-4.103333,0.3680257499217987,0.6496211886405945,0.11155302822589874
YDL004W,YLR238W,0,-4.1060214,0.36763128638267517,0.6496211886405945,0.11174242198467255
YEL009C,YJR158W,0,-4.109684,0.3672376871109009,0.6496211886405945,0.11193181574344635
YDL004W,YPR017C,0,-4.1098323,0.36684492230415344,0.6496211886405945,0.11212120950222015
YKL135C,YKL099C,0,-4.1106997,0.36645299196243286,0.6496211886405945,0.11231060326099396
YLR429W,YNL206C,0,-4.110718,0.36606189608573914,0.6496211886405945,0.11249999701976776
YNL219C,YBR109C,0,-4.110881,0.36567163467407227,0.6496211886405945,0.11268939077854156
YDR437W,YDL120W,0,-4.1142073,0.36528220772743225,0.6496211886405945,0.11287878453731537
YGL150C,YOL044W,0,-4.114304,0.3648936152458191,0.6496211886405945,0.11306817829608917
YJL062W,YML028W,0,-4.11701,0.3645058572292328,0.6496211886405945,0.11325757205486298
YJL024C,YGL144C,0,-4.1182995,0.36411890387535095,0.6496211886405945,0.11344697326421738
YLR370C,YDR279W,0,-4.1187162,0.3637327551841736,0.6496211886405945,0.11363636702299118
YCR065W,YPL042C,0,-4.1190443,0.36334747076034546,0.6496211886405945,0.11382576078176498
YMR316W,YJL210W,0,-4.119071,0.3629629611968994,0.6496211886405945,0.11401515454053879
YDR377W,YNL197C,0,-4.1197343,0.3625792860984802,0.6496211886405945,0.11420454829931259
YNL286W,YDR103W,0,-4.119984,0.3621964156627655,0.6496211886405945,0.1143939420580864
YOR157C,YDR400W,1,-4.121572,0.3628692030906677,0.6515151262283325,0.1143939420580864
YPR131C,YDL093W,0,-4.1257606,0.3624868392944336,0.6515151262283325,0.1145833358168602
YDR153C,YCR014C,0,-4.130107,0.36210525035858154,0.6515151262283325,0.114772729575634
YLR233C,YMR293C,0,-4.1311607,0.36172449588775635,0.6515151262283325,0.1149621233344078
YHR043C,YDR358W,1,-4.138177,0.36239495873451233,0.6534090638160706,0.1149621233344078
YNR019W,YLR369W,0,-4.1410775,0.36201468110084534,0.6534090638160706,0.11515151709318161
YJL094C,YPL020C,0,-4.1416907,0.3616352081298828,0.6534090638160706,0.11534091085195541
YLR295C,YJL117W,0,-4.142108,0.36125653982162476,0.6534090638160706,0.11553030461072922
YBR110W,YNL059C,0,-4.1423597,0.3608786463737488,0.6534090638160706,0.11571969836950302
YOR085W,YMR101C,0,-4.1425443,0.36050155758857727,0.6534090638160706,0.11590909212827682
YDR129C,YDR103W,0,-4.143488,0.36012527346611023,0.6534090638160706,0.11609848588705063
YEL015W,YNL231C,0,-4.1462584,0.3597497344017029,0.6534090638160706,0.11628787964582443
YNR035C,YPL244C,0,-4.1468444,0.359375,0.6534090638160706,0.11647727340459824
YBL084C,YDR057W,1,-4.147853,0.36004161834716797,0.6553030014038086,0.11647727340459824
YDR017C,YNL103W,0,-4.148176,0.3596673607826233,0.6553030014038086,0.11666666716337204
YGR179C,YDR166C,0,-4.1500616,0.3592938780784607,0.6553030014038086,0.11685606092214584
YCL039W,YOL138C,0,-4.1504555,0.3589211702346802,0.6553030014038086,0.11704545468091965
YDR254W,YGR121C,0,-4.1509485,0.35854923725128174,0.6553030014038086,0.11723484843969345
YPL155C,YLR452C,0,-4.1519704,0.358178049325943,0.6553030014038086,0.11742424219846725
YBR217W,YBR250W,0,-4.1527033,0.3578076660633087,0.6553030014038086,0.11761363595724106
YOL051W,YOR069W,0,-4.1535907,0.35743802785873413,0.6553030014038086,0.11780302971601486
YJL020C,YDR279W,0,-4.161278,0.35706913471221924,0.6553030014038086,0.11799242347478867
YEL063C,YBL008W,0,-4.163083,0.3567010164260864,0.6553030014038086,0.11818181723356247
YGL150C,YPL042C,0,-4.1670465,0.3563336730003357,0.6553030014038086,0.11837121099233627
YOR147W,YGR270W,0,-4.167173,0.35596707463264465,0.6553030014038086,0.11856060475111008
YMR237W,YDR022C,0,-4.1688857,0.3556012213230133,0.6553030014038086,0.11874999850988388
YDR421W,YKR022C,0,-4.1696386,0.35523614287376404,0.6553030014038086,0.11893939226865768
YER174C,YOR162C,0,-4.1701293,0.35487180948257446,0.6553030014038086,0.11912878602743149
YBR109C,YER174C,0,-4.1708145,0.3545081913471222,0.6553030014038086,0.11931817978620529
YCR075C,YGL144C,0,-4.172235,0.354145348072052,0.6553030014038086,0.1195075735449791
YDR434W,YPR068C,0,-4.174675,0.3537832200527191,0.6553030014038086,0.1196969673037529
YDL044C,YAL030W,0,-4.1750045,0.3534218668937683,0.6553030014038086,0.1198863610625267
YGR028W,YGL039W,0,-4.1752977,0.3530612289905548,0.6553030014038086,0.1200757548213005
YDL102W,YJL063C,0,-4.1758432,0.352701336145401,0.6553030014038086,0.12026514858007431
YPL170W,YNR034W,0,-4.178407,0.3523421585559845,0.6553030014038086,0.12045454233884811
YFR021W,YBR133C,0,-4.178593,0.3519837260246277,0.6553030014038086,0.12064393609762192
YIL013C,YBR296C,0,-4.179772,0.3516260087490082,0.6553030014038086,0.12083332985639572
YGR121C,YBR250W,0,-4.1798387,0.35126903653144836,0.6553030014038086,0.12102272361516953
YAL051W,YGR002C,0,-4.179938,0.35091277956962585,0.6553030014038086,0.12121212482452393
YER174C,YDR443C,0,-4.180064,0.35055723786354065,0.6553030014038086,0.12140151858329773
YBR036C,YJL093C,0,-4.181658,0.35020244121551514,0.6553030014038086,0.12159091234207153
YDR358W,YBL057C,1,-4.1821856,0.35085946321487427,0.6571969985961914,0.12159091234207153
YOR188W,YLR014C,0,-4.1826773,0.3505050539970398,0.6571969985961914,0.12178030610084534
YMR173W,YBR193C,0,-4.183401,0.3501513600349426,0.6571969985961914,0.12196969985961914
YLR399C,YKL074C,0,-4.1843243,0.34979838132858276,0.6571969985961914,0.12215909361839294
YPL086C,YPL117C,0,-4.1844463,0.3494461178779602,0.6571969985961914,0.12234848737716675
YER119C,YNR039C,0,-4.185786,0.34909456968307495,0.6571969985961914,0.12253788113594055
YPL042C,YPL128C,0,-4.1905336,0.3487437069416046,0.6571969985961914,0.12272727489471436
YDL231C,YFL033C,0,-4.1914616,0.3483935594558716,0.6571969985961914,0.12291666865348816
YDR346C,YGL039W,0,-4.1933446,0.34804412722587585,0.6571969985961914,0.12310606241226196
YMR188C,YBR165W,0,-4.1938233,0.34769538044929504,0.6571969985961914,0.12329545617103577
YLR353W,YDL102W,0,-4.194666,0.34734734892845154,0.6571969985961914,0.12348484992980957
YNL278W,YPL076W,0,-4.1950374,0.34700000286102295,0.6571969985961914,0.12367424368858337
YOL139C,YPL193W,0,-4.1950536,0.3466533422470093,0.6571969985961914,0.12386363744735718
YLL009C,YBR165W,0,-4.195265,0.3463073968887329,0.6571969985961914,0.12405303120613098
YNL172W,YMR264W,1,-4.1957717,0.34695911407470703,0.6590909361839294,0.12405303120613098
YGR002C,YGR099W,0,-4.197696,0.3466135561466217,0.6590909361839294,0.12424242496490479
YNL251C,YBR030W,0,-4.198864,0.3462686538696289,0.6590909361839294,0.12443181872367859
YGR007W,YKL035W,0,-4.199046,0.3459244668483734,0.6590909361839294,0.12462121248245239
YFL039C,YML091C,0,-4.1992455,0.34558093547821045,0.6590909361839294,0.1248106062412262
YOL044W,YPL016W,0,-4.2004976,0.3452380895614624,0.6590909361839294,0.125
YLR207W,YGL227W,1,-4.202194,0.3458870053291321,0.6609848737716675,0.125
YJR050W,YDR369C,0,-4.2021985,0.3455445468425751,0.6609848737716675,0.1251893937587738
YDL040C,YLR176C,0,-4.204338,0.345202773809433,0.6609848737716675,0.1253787875175476
YNL275W,YLR228C,0,-4.205373,0.3448616564273834,0.6609848737716675,0.1255681812763214
YOR011W,YGL166W,0,-4.2059393,0.3445212244987488,0.6609848737716675,0.12575757503509521
YMR264W,YBL057C,1,-4.209213,0.3451676666736603,0.6628788113594055,0.12575757503509521
YML091C,YLR386W,0,-4.209665,0.3448275923728943,0.6628788113594055,0.12594696879386902
YOR256C,YDR330W,1,-4.209779,0.34547245502471924,0.6647727489471436,0.12594696879386902
YBL084C,YIL017C,1,-4.2098165,0.3461160361766815,0.6666666865348816,0.12594696879386902
YDR153C,YOR281C,0,-4.2111936,0.3457760214805603,0.6666666865348816,0.12613636255264282
YLR353W,YLR056W,0,-4.2124066,0.345436692237854,0.6666666865348816,0.12632575631141663
YBR082C,YDR330W,1,-4.2125516,0.34607842564582825,0.6685606241226196,0.12632575631141663
YNL250W,YOR069W,0,-4.214434,0.345739483833313,0.6685606241226196,0.12651515007019043
YBR290W,YBL084C,1,-4.2153234,0.3463796377182007,0.6704545617103577,0.12651515007019043
YDL149W,YLR371W,0,-4.2155447,0.3460410535335541,0.6704545617103577,0.12670454382896423
YGL119W,YNL182C,0,-4.2179093,0.345703125,0.6704545617103577,0.12689393758773804
YML078W,YJL063C,0,-4.2188306,0.34536585211753845,0.6704545617103577,0.12708333134651184
YNR019W,YPL244C,0,-4.221056,0.34502923488616943,0.6704545617103577,0.12727272510528564
YEL022W,YHL025W,0,-4.2230024,0.34469327330589294,0.6704545617103577,0.12746211886405945
YKR036C,YMR188C,0,-4.2278085,0.344357967376709,0.6704545617103577,0.12765151262283325
YBR296C,YGR099W,0,-4.228107,0.34402331709861755,0.6704545617103577,0.12784090638160706
YIL033C,YGR008C,0,-4.234542,0.34368932247161865,0.6704545617103577,0.12803030014038086
YER161C,YNL079C,0,-4.234721,0.3433559536933899,0.6704545617103577,0.12821969389915466
YCR014C,YDR285W,0,-4.2349434,0.34302327036857605,0.6704545617103577,0.12840908765792847
YOL044W,YGR081C,0,-4.236436,0.34269118309020996,0.6704545617103577,0.12859848141670227
YPL031C,YKR028W,0,-4.2366695,0.3423597812652588,0.6704545617103577,0.12878787517547607
YNL278W,YDR017C,0,-4.2387505,0.34202897548675537,0.6704545617103577,0.12897726893424988
YBR082C,YDL190C,1,-4.2388635,0.34266409277915955,0.6723484992980957,0.12897726893424988
YJL024C,YNL041C,0,-4.239084,0.3423336446285248,0.6723484992980957,0.12916666269302368
YNR034W,YCL069W,0,-4.2392526,0.34200385212898254,0.6723484992980957,0.12935605645179749
YDR123C,YDR243C,0,-4.2435565,0.34167468547821045,0.6723484992980957,0.1295454502105713
YLR438C-A,YCR027C,0,-4.2440214,0.3413461446762085,0.6723484992980957,0.1297348439693451
YDR153C,YKL126W,0,-4.2447357,0.3410182595252991,0.6723484992980957,0.1299242377281189
YMR316W,YDL134C,0,-4.2454762,0.3406909704208374,0.6723484992980957,0.1301136314868927
YEL063C,YCL051W,0,-4.245551,0.34036433696746826,0.6723484992980957,0.1303030252456665
YDL134C,YDR167W,0,-4.2464776,0.3400382995605469,0.6723484992980957,0.1304924190044403
YGL166W,YGL163C,0,-4.2473783,0.339712917804718,0.6723484992980957,0.1306818127632141
YNL258C,YML064C,0,-4.2476206,0.3393881320953369,0.6723484992980957,0.13087120652198792
YNL214W,YCR033W,0,-4.251152,0.33906400203704834,0.6723484992980957,0.13106060028076172
YBL084C,YMR314W,1,-4.254003,0.33969464898109436,0.6742424368858337,0.13106060028076172
YOR256C,YDL190C,1,-4.2540436,0.3403241038322449,0.6761363744735718,0.13106060028076172
YIL076W,YBR228W,0,-4.2562413,0.3400000035762787,0.6761363744735718,0.13124999403953552
YBL019W,YPR140W,0,-4.256521,0.33967649936676025,0.6761363744735718,0.13143938779830933
YJL081C,YGR007W,0,-4.2586346,0.33935362100601196,0.6761363744735718,0.13162878155708313
YJR144W,YMR313C,0,-4.260517,0.3390313386917114,0.6761363744735718,0.13181817531585693
YPL240C,YKR101W,0,-4.262338,0.33870968222618103,0.6761363744735718,0.13200756907463074
YLR347C,YGR002C,0,-4.2629366,0.3383886218070984,0.6761363744735718,0.13219696283340454
YPL031C,YNL121C,0,-4.2656,0.3380681872367859,0.6761363744735718,0.13238635659217834
YCR093W,YEL022W,0,-4.2689266,0.33774834871292114,0.6761363744735718,0.13257575035095215
YHR043C,YLR207W,1,-4.2692595,0.3383742868900299,0.6780303120613098,0.13257575035095215
YPR005C,YBL006C,0,-4.2707987,0.3380547761917114,0.6780303120613098,0.13276514410972595
YJL001W,YIL017C,1,-4.2743726,0.3386792540550232,0.6799242496490479,0.13276514410972595
YDR118W,YGR135W,1,-4.280802,0.33930253982543945,0.6818181872367859,0.13276514410972595
YGL166W,YML021C,0,-4.2814064,0.33898305892944336,0.6818181872367859,0.13295455276966095
YML034W,YEL002C,0,-4.2815394,0.33866414427757263,0.6818181872367859,0.13314394652843475
YKL170W,YJL143W,0,-4.2819276,0.33834585547447205,0.6818181872367859,0.13333334028720856
YNL085W,YOR132W,0,-4.283432,0.3380281627178192,0.6818181872367859,0.13352273404598236
YML034W,YDR082W,0,-4.2849045,0.33771106600761414,0.6818181872367859,0.13371212780475616
YDR421W,YMR156C,0,-4.2850776,0.3373945653438568,0.6818181872367859,0.13390152156352997
YLR452C,YLR234W,0,-4.2850842,0.33707866072654724,0.6818181872367859,0.13409091532230377
YIL132C,YHR106W,0,-4.287512,0.33676332235336304,0.6818181872367859,0.13428030908107758
YER155C,YHL002W,0,-4.2887197,0.336448609828949,0.6818181872367859,0.13446970283985138
YNL223W,YGR133W,0,-4.289346,0.3361344635486603,0.6818181872367859,0.13465909659862518
YOR351C,YNL138W,0,-4.2902575,0.33582088351249695,0.6818181872367859,0.134848490357399
YER107C,YLL021W,0,-4.291368,0.33550792932510376,0.6818181872367859,0.1350378841161728
YEL009C,YNL142W,0,-4.2918296,0.33519554138183594,0.6818181872367859,0.1352272778749466
YDR487C,YJL054W,0,-4.292527,0.3348837196826935,0.6818181872367859,0.1354166716337204
YML078W,YDR489W,0,-4.2927127,0.3345724940299988,0.6818181872367859,0.1356060653924942
YDL044C,YDR150W,0,-4.2991767,0.33426183462142944,0.6818181872367859,0.135795459151268
YNL271C,YOL135C,0,-4.2995815,0.33395177125930786,0.6818181872367859,0.1359848529100418
YDR118W,YMR314W,1,-4.3015904,0.3345690369606018,0.6837121248245239,0.1359848529100418
YFR046C,YDR457W,0,-4.3022466,0.3342592716217041,0.6837121248245239,0.1361742466688156
YGR147C,YGR002C,0,-4.303854,0.3339500427246094,0.6837121248245239,0.13636364042758942
YGR119C,YPL159C,0,-4.307098,0.3336414098739624,0.6837121248245239,0.13655303418636322
YPL051W,YDL084W,0,-4.308597,0.3333333432674408,0.6837121248245239,0.13674242794513702
YKL054C,YMR314W,1,-4.3087792,0.3339483439922333,0.685606062412262,0.13674242794513702
YGL252C,YIL138C,0,-4.3088255,0.33364054560661316,0.685606062412262,0.13693182170391083
YJR050W,YOL060C,0,-4.309904,0.3333333432674408,0.685606062412262,0.13712121546268463
YMR112C,YGL163C,0,-4.312529,0.3330266773700714,0.685606062412262,0.13731060922145844
YPL170W,YGL090W,0,-4.3125663,0.3327205777168274,0.685606062412262,0.13750000298023224
YNL275W,YIL076W,0,-4.316427,0.33241507411003113,0.685606062412262,0.13768939673900604
YCL051W,YKL117W,0,-4.316971,0.33211007714271545,0.685606062412262,0.13787879049777985
YLR254C,YDL093W,0,-4.317677,0.33180567622184753,0.685606062412262,0.13806818425655365
YDR022C,YEL018W,0,-4.3178473,0.331501841545105,0.685606062412262,0.13825757801532745
YGR267C,YJL093C,0,-4.318768,0.3311985433101654,0.685606062412262,0.13844697177410126
YML078W,YGR095C,0,-4.318855,0.3308957815170288,0.685606062412262,0.13863636553287506
YHL019C,YNL214W,0,-4.3190184,0.33059361577033997,0.685606062412262,0.13882575929164886
YOR284W,YPR161C,0,-4.3202295,0.3302919566631317,0.685606062412262,0.13901515305042267
YBL084C,YGR135W,1,-4.321515,0.33090245723724365,0.6875,0.13901515305042267
YOR354C,YPL193W,0,-4.3230634,0.3306010961532593,0.6875,0.13920454680919647
YDR400W,YKL041W,1,-4.3240933,0.331210196018219,0.689393937587738,0.13920454680919647
YNL172W,YMR314W,1,-4.324488,0.33181819319725037,0.6912878751754761,0.13920454680919647
YHR011W,YNR046W,0,-4.3250737,0.3315168023109436,0.6912878751754761,0.13939394056797028
YKL073W,YDL044C,0,-4.3309875,0.3312159776687622,0.6912878751754761,0.13958333432674408
YDL115C,YPL270W,0,-4.331962,0.3309156894683838,0.6912878751754761,0.13977272808551788
YJL003W,YPL240C,0,-4.332996,0.33061593770980835,0.6912878751754761,0.1399621218442917
YNL142W,YDR167W,0,-4.334068,0.3303167521953583,0.6912878751754761,0.1401515156030655
YDL115C,YLR043C,0,-4.3345146,0.3300180733203888,0.6912878751754761,0.1403409093618393
YJR119C,YFL059W,0,-4.337793,0.3297199606895447,0.6912878751754761,0.1405303031206131
YNR008W,YDR422C,0,-4.33824,0.32942238450050354,0.6912878751754761,0.1407196968793869
YDL030W,YGL207W,0,-4.3384266,0.3291253447532654,0.6912878751754761,0.1409090906381607
YDR123C,YOR085W,0,-4.3396063,0.3288288414478302,0.6912878751754761,0.1410984843969345
YBR110W,YOR030W,0,-4.340235,0.3285328447818756,0.6912878751754761,0.1412878781557083
YBL057C,YDR330W,1,-4.340855,0.3291366994380951,0.6931818127632141,0.1412878781557083
YML004C,YLL003W,0,-4.3411183,0.328840970993042,0.6931818127632141,0.14147727191448212
YGR267C,YMR190C,0,-4.3427725,0.32854577898979187,0.6931818127632141,0.14166666567325592
YOL115W,YOR356W,0,-4.347793,0.3282511234283447,0.6931818127632141,0.14185605943202972
YDR529C,YBR294W,0,-4.3480325,0.3279569745063782,0.6931818127632141,0.14204545319080353
YBR133C,YJL117W,0,-4.350279,0.327663391828537,0.6931818127632141,0.14223484694957733
YOR373W,YDR145W,0,-4.351491,0.3273703157901764,0.6931818127632141,0.14242424070835114
YPR131C,YDL185W,0,-4.3529263,0.3270777463912964,0.6931818127632141,0.14261363446712494
YKR009C,YOL095C,0,-4.353376,0.32678571343421936,0.6931818127632141,0.14280302822589874
YLR399C,YOL095C,0,-4.3575373,0.3264941871166229,0.6931818127632141,0.14299242198467255
YMR043W,YGL025C,0,-4.358298,0.32620319724082947,0.6931818127632141,0.14318181574344635
YCR065W,YMR293C,0,-4.3584876,0.325912743806839,0.6931818127632141,0.14337120950222015
YLR176C,YPL123C,0,-4.3589625,0.3256227672100067,0.6931818127632141,0.14356060326099396
YDR479C,YKL015W,0,-4.3594756,0.3253333270549774,0.6931818127632141,0.14374999701976776
YBR097W,YNR048W,0,-4.359774,0.3250443935394287,0.6931818127632141,0.14393939077854156
YNL258C,YNL231C,0,-4.362544,0.324755996465683,0.6931818127632141,0.14412878453731537
YNL275W,YOR085W,0,-4.3632927,0.32446807622909546,0.6931818127632141,0.14431817829608917
YHR043C,YPL096W,1,-4.3634605,0.3250664174556732,0.6950757503509521,0.14431817829608917
YGR179C,YNR048W,0,-4.3666434,0.3247787654399872,0.6950757503509521,0.14450757205486298
YOR274W,YBL005W-A,0,-4.3667116,0.32449159026145935,0.6950757503509521,0.14469696581363678
YGR167W,YMR101C,0,-4.3674603,0.3242049515247345,0.6950757503509521,0.14488635957241058
YPR017C,YDR268W,0,-4.371057,0.32391878962516785,0.6950757503509521,0.1450757533311844
YMR264W,YLR207W,1,-4.3723016,0.3245149850845337,0.6969696879386902,0.1450757533311844
YMR264W,YOR256C,1,-4.37246,0.32511013746261597,0.6988636255264282,0.1450757533311844
YCR098C,YJR049C,0,-4.372579,0.32482394576072693,0.6988636255264282,0.1452651470899582
YDR108W,YNL079C,0,-4.372782,0.3245382606983185,0.6988636255264282,0.145454540848732
YHR043C,YBL057C,1,-4.3745127,0.3251318037509918,0.7007575631141663,0.145454540848732
YPL137C,YDL020C,0,-4.3745933,0.3248463571071625,0.7007575631141663,0.1456439346075058
YNL286W,YOR298C-A,0,-4.3755836,0.3245614171028137,0.7007575631141663,0.1458333283662796
YJL168C,YML028W,0,-4.376192,0.32427695393562317,0.7007575631141663,0.1460227221250534
YLR399C,YKL020C,0,-4.376434,0.3239929974079132,0.7007575631141663,0.1462121158838272
YAL041W,YBR293W,0,-4.378408,0.32370954751968384,0.7007575631141663,0.146401509642601
YGL119W,YKR019C,0,-4.3787394,0.32342657446861267,0.7007575631141663,0.14659090340137482
YKL179C,YOR147W,0,-4.3787484,0.3231441080570221,0.7007575631141663,0.14678029716014862
YOL080C,YGR279C,0,-4.3794417,0.3228621184825897,0.7007575631141663,0.14696969091892242
YER045C,YPL020C,0,-4.3798814,0.32258063554763794,0.7007575631141663,0.14715908467769623
YJR025C,YNR027W,0,-4.380103,0.32229965925216675,0.7007575631141663,0.14734847843647003
YPL167C,YOR069W,0,-4.380281,0.32201915979385376,0.7007575631141663,0.14753787219524384
YCR093W,YLR181C,0,-4.3808312,0.321739137172699,0.7007575631141663,0.14772726595401764
YDR175C,YPL007C,0,-4.3837447,0.3214595913887024,0.7007575631141663,0.14791665971279144
YNR035C,YDL030W,0,-4.383944,0.3211805522441864,0.7007575631141663,0.14810605347156525
YAL021C,YCL051W,0,-4.384671,0.3209019899368286,0.7007575631141663,0.14829544723033905
YGR113W,YCR098C,0,-4.384955,0.32062390446662903,0.7007575631141663,0.14848485589027405
YPL046C,YJL001W,1,-4.3858805,0.32121211290359497,0.7026515007019043,0.14848485589027405
YGR147C,YHR074W,0,-4.3862696,0.3209342658519745,0.7026515007019043,0.14867424964904785
YFL039C,YPR140W,0,-4.386877,0.3206568658351898,0.7026515007019043,0.14886364340782166
YGR133W,YOR076C,0,-4.3880033,0.32037997245788574,0.7026515007019043,0.14905303716659546
YER051W,YAR031W,0,-4.3918414,0.3201035261154175,0.7026515007019043,0.14924243092536926
YDR421W,YNL271C,0,-4.392651,0.3198275864124298,0.7026515007019043,0.14943182468414307
YPL154C,YER019C-A,0,-4.3942723,0.31955212354660034,0.7026515007019043,0.14962121844291687
YGL025C,YFR048W,0,-4.3944445,0.3192771077156067,0.7026515007019043,0.14981061220169067
YGR036C,YPR133C,0,-4.3950753,0.31900256872177124,0.7026515007019043,0.15000000596046448
YJL115W,YOR085W,0,-4.395109,0.3187285363674164,0.7026515007019043,0.15018939971923828
YPR124W,YPR054W,0,-4.3961973,0.31845492124557495,0.7026515007019043,0.15037879347801208
YCL001W,YPL007C,0,-4.396496,0.3181818127632141,0.7026515007019043,0.1505681872367859
YDR153C,YIL051C,0,-4.396873,0.3179091811180115,0.7026515007019043,0.1507575809955597
YDR254W,YGL169W,0,-4.3986,0.31763699650764465,0.7026515007019043,0.1509469747543335
YLR095C,YBL023C,0,-4.3993144,0.31736525893211365,0.7026515007019043,0.1511363685131073
YIL098C,YBR165W,0,-4.399575,0.31709402799606323,0.7026515007019043,0.1513257622718811
YGL054C,YML064C,0,-4.4005075,0.31682321429252625,0.7026515007019043,0.1515151560306549
YIR006C,YLR181C,0,-4.4012647,0.31655290722846985,0.7026515007019043,0.1517045497894287
YMR067C,YDR400W,1,-4.4016623,0.3171355426311493,0.7045454382896423,0.1517045497894287
YNL258C,YAL053W,0,-4.4033566,0.3168654143810272,0.7045454382896423,0.15189394354820251
YPL046C,YOR157C,1,-4.4038367,0.3174467980861664,0.7064393758773804,0.15189394354820251
YCR075C,YDR420W,0,-4.4042945,0.317176878452301,0.7064393758773804,0.15208333730697632
YIL167W,YGR013W,0,-4.4047456,0.3169074058532715,0.7064393758773804,0.15227273106575012
YDR118W,YMR161W,1,-4.407962,0.31748726963996887,0.7083333134651184,0.15227273106575012
YDL190C,YKL041W,1,-4.409224,0.31806614995002747,0.7102272510528564,0.15227273106575012
YCR082W,YDL148C,0,-4.4095206,0.31779661774635315,0.7102272510528564,0.15246212482452393
YHR043C,YIL075C,1,-4.4096932,0.31837424635887146,0.7121211886405945,0.15246212482452393
YNL258C,YNR017W,0,-4.4139843,0.31810489296913147,0.7121211886405945,0.15265151858329773
YBL084C,YMR067C,1,-4.414638,0.3186813294887543,0.7140151262283325,0.15265151858329773
YER053C,YGR281W,0,-4.414881,0.3184121549129486,0.7140151262283325,0.15284091234207153
YFR024C-A,YOL044W,0,-4.4185014,0.31814345717430115,0.7140151262283325,0.15303030610084534
YPL270W,YLR410W,0,-4.4196453,0.3178752064704895,0.7140151262283325,0.15321969985961914
YDR093W,YJR144W,0,-4.420881,0.31760740280151367,0.7140151262283325,0.15340909361839294
YNR019W,YHL048W,0,-4.422446,0.31734007596969604,0.7140151262283325,0.15359848737716675
YDL039C,YDR324C,0,-4.422459,0.31707316637039185,0.7140151262283325,0.15378788113594055
YLR145W,YLR181C,0,-4.42283,0.31680673360824585,0.7140151262283325,0.15397727489471436
YDL216C,YGL100W,0,-4.4232745,0.3165407180786133,0.7140151262283325,0.15416666865348816
YBR036C,YMR173W,0,-4.425726,0.3162751793861389,0.7140151262283325,0.15435606241226196
YBR274W,YJL074C,0,-4.4258566,0.316010057926178,0.7140151262283325,0.15454545617103577
YPL270W,YJR144W,0,-4.426934,0.31574538350105286,0.7140151262283325,0.15473484992980957
YNL294C,YLR410W,0,-4.4274197,0.31548118591308594,0.7140151262283325,0.15492424368858337
YJL024C,YDR284C,0,-4.428293,0.31521740555763245,0.7140151262283325,0.15511363744735718
YPL049C,YKR089C,0,-4.4283376,0.3149540424346924,0.7140151262283325,0.15530303120613098
YKR019C,YGR270W,0,-4.428824,0.3146911561489105,0.7140151262283325,0.15549242496490479
YMR161W,YOR256C,1,-4.430809,0.31526270508766174,0.7159090638160706,0.15549242496490479
YGR279C,YNL079C,0,-4.4335523,0.3149999976158142,0.7159090638160706,0.1556818187236786
YPL075W,YOR132W,0,-4.435277,0.3147377073764801,0.7159090638160706,0.1558712124824524
YJR025C,YLR429W,0,-4.4355106,0.3144758641719818,0.7159090638160706,0.1560606062412262
YMR161W,YPL096W,1,-4.4361334,0.31504571437835693,0.7178030014038086,0.1560606062412262
YER133W,YFL037W,0,-4.4370365,0.31478404998779297,0.7178030014038086,0.15625
YLR231C,YGL163C,0,-4.4373493,0.3145228326320648,0.7178030014038086,0.1564393937587738
YOR284W,YDL064W,0,-4.437608,0.3142620325088501,0.7178030014038086,0.1566287875175476
YOR294W,YPL128C,0,-4.437765,0.3140016496181488,0.7178030014038086,0.1568181812763214
YKL117W,YPL087W,0,-4.4380584,0.3137417137622833,0.7178030014038086,0.15700757503509521
YJL081C,YPL075W,0,-4.4409747,0.31348222494125366,0.7178030014038086,0.15719696879386902
YLR256W,YBR095C,0,-4.4410357,0.3132231533527374,0.7178030014038086,0.15738636255264282
YJL003W,YNL025C,0,-4.4412966,0.3129644989967346,0.7178030014038086,0.15757575631141663
YBR036C,YKL203C,0,-4.441719,0.31270626187324524,0.7178030014038086,0.15776515007019043
YPL161C,YJL117W,0,-4.444487,0.3124484717845917,0.7178030014038086,0.15795454382896423
YMR199W,YDR437W,0,-4.444741,0.31219109892845154,0.7178030014038086,0.15814393758773804
YMR204C,YGR002C,0,-4.4469886,0.31193414330482483,0.7178030014038086,0.15833333134651184
YLR399C,YBR020W,0,-4.448237,0.31167763471603394,0.7178030014038086,0.15852272510528564
YMR042W,YJL143W,0,-4.449264,0.3114215135574341,0.7178030014038086,0.15871211886405945
YBR217W,YGL144C,0,-4.450141,0.31116583943367004,0.7178030014038086,0.15890151262283325
YFR024C-A,YOR216C,0,-4.4507155,0.31091058254241943,0.7178030014038086,0.15909090638160706
YBR245C,YDL028C,0,-4.4509654,0.31065574288368225,0.7178030014038086,0.15928030014038086
YNL326C,YKL019W,0,-4.4513755,0.3104013204574585,0.7178030014038086,0.15946969389915466
YDL028C,YIL018W,0,-4.4530444,0.3101472854614258,0.7178030014038086,0.15965908765792847
YNL223W,YDL216C,0,-4.4530563,0.3098936975002289,0.7178030014038086,0.15984848141670227
YJL024C,YPR007C,0,-4.453468,0.3096405267715454,0.7178030014038086,0.16003787517547607
YJR025C,YFR051C,0,-4.453753,0.309387743473053,0.7178030014038086,0.16022726893424988
YBR095C,YOL138C,0,-4.453858,0.30913540720939636,0.7178030014038086,0.16041666269302368
YGR167W,YGL012W,0,-4.4542246,0.3088834583759308,0.7178030014038086,0.16060605645179749
YEL063C,YDL185W,0,-4.4562373,0.30863192677497864,0.7178030014038086,0.1607954502105713
YDR448W,YHR030C,0,-4.45641,0.30838078260421753,0.7178030014038086,0.1609848439693451
YJL003W,YJR002W,0,-4.4584994,0.30813008546829224,0.7178030014038086,0.1611742377281189
YGR028W,YLL002W,0,-4.4589796,0.307879775762558,0.7178030014038086,0.1613636314868927
YDR141C,YPR078C,0,-4.460875,0.30762988328933716,0.7178030014038086,0.1615530252456665
YOR094W,YLR314C,0,-4.462522,0.3073803782463074,0.7178030014038086,0.1617424190044403
YOR032C,YBL055C,0,-4.4644837,0.307131290435791,0.7178030014038086,0.1619318127632141
YML081C-A,YDR167W,0,-4.465684,0.3068825900554657,0.7178030014038086,0.16212120652198792
YBL025W,YER180C-A,0,-4.4687304,0.3066343069076538,0.7178030014038086,0.16231060028076172
YMR264W,YMR276W,1,-4.469133,0.3071948289871216,0.7196969985961914,0.16231060028076172
YJL196C,YEL009C,0,-4.470864,0.30694669485092163,0.7196969985961914,0.16249999403953552
YLR370C,YLR234W,0,-4.4717493,0.3066989481449127,0.7196969985961914,0.16268938779830933
YHL048W,YFR024C-A,0,-4.472214,0.30645161867141724,0.7196969985961914,0.16287878155708313
YML116W,YIL076W,0,-4.4742618,0.3062046766281128,0.7196969985961914,0.16306817531585693
YBR133C,YMR143W,0,-4.4744515,0.3059581220149994,0.7196969985961914,0.16325756907463074
YMR188C,YCL031C,0,-4.475259,0.3057119846343994,0.7196969985961914,0.16344696283340454
YAR019C,YPL152W,0,-4.475412,0.3054662346839905,0.7196969985961914,0.16363635659217834
YGL119W,YEL032W,0,-4.4755955,0.3052208721637726,0.7196969985961914,0.16382575035095215
YBR193C,YIL167W,0,-4.476196,0.3049759268760681,0.7196969985961914,0.16401514410972595
YOR014W,YIL138C,0,-4.476583,0.3047313690185547,0.7196969985961914,0.16420455276966095
YOL071W,YPL001W,0,-4.4767594,0.3044871687889099,0.7196969985961914,0.16439394652843475
YJL024C,YBR088C,0,-4.4771247,0.30424338579177856,0.7196969985961914,0.16458334028720856
YLR353W,YOR049C,0,-4.477223,0.30399999022483826,0.7196969985961914,0.16477273404598236
YOR014W,YDR389W,0,-4.4777846,0.303756982088089,0.7196969985961914,0.16496212780475616
YGL150C,YLR403W,0,-4.4779925,0.30351439118385315,0.7196969985961914,0.16515152156352997
YNL172W,YGR135W,1,-4.4785094,0.30407023429870605,0.7215909361839294,0.16515152156352997
YOR168W,YPR100W,0,-4.478727,0.30382776260375977,0.7215909361839294,0.16534091532230377
YPL097W,YJL143W,0,-4.4788547,0.30358564853668213,0.7215909361839294,0.16553030908107758
YDR300C,YMR046C,0,-4.479364,0.3033439517021179,0.7215909361839294,0.16571970283985138
YMR316W,YHR014W,0,-4.480546,0.30310261249542236,0.7215909361839294,0.16590909659862518
YDR420W,YDL040C,0,-4.4813952,0.30286169052124023,0.7215909361839294,0.166098490357399
YDR141C,YJL168C,0,-4.4814987,0.30262112617492676,0.7215909361839294,0.1662878841161728
YOR256C,YNL064C,1,-4.4817767,0.30317461490631104,0.7234848737716675,0.1662878841161728
YGL115W,YLR234W,0,-4.4845223,0.3029341697692871,0.7234848737716675,0.1664772778749466
YBL006C,YKR046C,0,-4.4865704,0.3026941418647766,0.7234848737716675,0.1666666716337204
YBR193C,YDL030W,0,-4.487215,0.30245447158813477,0.7234848737716675,0.1668560653924942
YPL240C,YMR218C,0,-4.488979,0.30221518874168396,0.7234848737716675,0.167045459151268
YBR015C,YDR487C,0,-4.4890065,0.3019762933254242,0.7234848737716675,0.1672348529100418
YDR188W,YLR301W,0,-4.4892197,0.3017377555370331,0.7234848737716675,0.1674242466688156
YPL051W,YOR354C,0,-4.490027,0.301499605178833,0.7234848737716675,0.16761364042758942
YDR062W,YPL016W,0,-4.490932,0.301261842250824,0.7234848737716675,0.16780303418636322
YBR036C,YCR027C,0,-4.4910054,0.3010244369506836,0.7234848737716675,0.16799242794513702
YGR007W,YLR301W,0,-4.492203,0.30078738927841187,0.7234848737716675,0.16818182170391083
YDR254W,YBR198C,0,-4.4939637,0.30055075883865356,0.7234848737716675,0.16837121546268463
YNL275W,YNR039C,0,-4.494486,0.30031445622444153,0.7234848737716675,0.16856060922145844
YPR135W,YDL101C,0,-4.4949613,0.30007854104042053,0.7234848737716675,0.16875000298023224
YER174C,YDR320C,0,-4.495085,0.2998430132865906,0.7234848737716675,0.16893939673900604
YDR141C,YML064C,0,-4.498589,0.2996078431606293,0.7234848737716675,0.16912879049777985
YKL176C,YBR136W,0,-4.501099,0.2993730306625366,0.7234848737716675,0.16931818425655365
YDR160W,YBR293W,0,-4.5039606,0.299138605594635,0.7234848737716675,0.16950757801532745
YLR368W,YOR265W,0,-4.505144,0.29890453815460205,0.7234848737716675,0.16969697177410126
YPR124W,YOL067C,0,-4.5053296,0.29867082834243774,0.7234848737716675,0.16988636553287506
YFR008W,YLR095C,0,-4.5074105,0.2984375059604645,0.7234848737716675,0.17007575929164886
YLR052W,YNL142W,0,-4.507519,0.29820454120635986,0.7234848737716675,0.17026515305042267
YGR147C,YMR046C,0,-4.5076003,0.2979719042778015,0.7234848737716675,0.17045454680919647
YGL054C,YOR284W,0,-4.508579,0.2977396845817566,0.7234848737716675,0.17064394056797028
YMR234W,YCL020W,0,-4.5090976,0.29750779271125793,0.7234848737716675,0.17083333432674408
YDR188W,YIL132C,0,-4.5109525,0.29727625846862793,0.7234848737716675,0.17102272808551788
YDR473C,YLR442C,0,-4.5127797,0.29704511165618896,0.7234848737716675,0.1712121218442917
YDL161W,YCR033W,0,-4.512935,0.29681429266929626,0.7234848737716675,0.1714015156030655
YLR353W,YMR287C,0,-4.513725,0.2965838611125946,0.7234848737716675,0.1715909093618393
YHR067W,YJL094C,0,-4.5175786,0.2963537573814392,0.7234848737716675,0.1717803031206131
YDL101C,YOR354C,0,-4.5180755,0.29612404108047485,0.7234848737716675,0.1719696968793869
YFR008W,YPR054W,0,-4.519591,0.29589465260505676,0.7234848737716675,0.1721590906381607
YMR008C,YPR078C,0,-4.520928,0.2956656217575073,0.7234848737716675,0.1723484843969345
YBR133C,YPL097W,0,-4.5251226,0.2954369783401489,0.7234848737716675,0.1725378781557083
YKL135C,YHR154W,0,-4.5274014,0.2952086627483368,0.7234848737716675,0.17272727191448212
YEL015W,YHR050W,0,-4.5279956,0.2949807047843933,0.7234848737716675,0.17291666567325592
YDR188W,YJL074C,0,-4.5281615,0.2947530746459961,0.7234848737716675,0.17310605943202972
YDL099W,YHR068W,0,-4.5296297,0.2945258319377899,0.7234848737716675,0.17329545319080353
YKL179C,YPR135W,0,-4.5307755,0.29429891705513,0.7234848737716675,0.17348484694957733
YMR065W,YBL079W,0,-4.531455,0.29407235980033875,0.7234848737716675,0.17367424070835114
YDR153C,YNL145W,0,-4.5326962,0.29384616017341614,0.7234848737716675,0.17386363446712494
YAL013W,YOR109W,0,-4.5339627,0.2936202883720398,0.7234848737716675,0.17405302822589874
YOL165C,YHR191C,0,-4.536666,0.2933947741985321,0.7234848737716675,0.17424242198467255
YAL053W,YGL249W,0,-4.5372186,0.29316961765289307,0.7234848737716675,0.17443181574344635
YBL019W,YHR086W,0,-4.5372667,0.2929447889328003,0.7234848737716675,0.17462120950222015
YKR048C,YDR091C,0,-4.537822,0.29272031784057617,0.7234848737716675,0.17481060326099396
YIL017C,YKL041W,1,-4.5387454,0.293261855840683,0.7253788113594055,0.17481060326099396
YKL170W,YBR165W,0,-4.5393534,0.2930375039577484,0.7253788113594055,0.17499999701976776
YJL134W,YJR127C,0,-4.5406017,0.2928134500980377,0.7253788113594055,0.17518939077854156
YPR005C,YDR369C,0,-4.54063,0.2925897538661957,0.7253788113594055,0.17537878453731537
YOR032C,YPL123C,0,-4.5411496,0.2923664152622223,0.7253788113594055,0.17556817829608917
YDR160W,YBR175W,0,-4.541573,0.29214340448379517,0.7253788113594055,0.17575757205486298
YKL015W,YJR019C,0,-4.5428643,0.2919207215309143,0.7253788113594055,0.17594696581363678
YDL030W,YGR156W,0,-4.5429497,0.2916983962059021,0.7253788113594055,0.17613635957241058
YNL251C,YLL024C,0,-4.5447736,0.29147639870643616,0.7253788113594055,0.1763257533311844
YBR036C,YNL006W,0,-4.5463047,0.29125475883483887,0.7253788113594055,0.1765151470899582
YDR488C,YDR201W,0,-4.547933,0.29103344678878784,0.7253788113594055,0.176704540848732
YBR136W,YDR320C,0,-4.5492024,0.2908124625682831,0.7253788113594055,0.1768939346075058
YPL046C,YMR161W,1,-4.5510592,0.2913505434989929,0.7272727489471436,0.1768939346075058
YHR086W,YCR033W,0,-4.554108,0.2911296486854553,0.7272727489471436,0.1770833283662796
YMR287C,YOL102C,0,-4.5542774,0.290909081697464,0.7272727489471436,0.1772727221250534
YFR008W,YBR136W,0,-4.555113,0.2906888723373413,0.7272727489471436,0.1774621158838272
YPL086C,YDR150W,0,-4.5551543,0.2904689908027649,0.7272727489471436,0.177651509642601
YOR035C,YNL079C,0,-4.556099,0.29024943709373474,0.7272727489471436,0.17784090340137482
YJL170C,YGL245W,0,-4.5574784,0.29003021121025085,0.7272727489471436,0.17803029716014862
YFR046C,YBR036C,0,-4.5585423,0.28981131315231323,0.7272727489471436,0.17821969091892242
YDR153C,YNL326C,0,-4.5623097,0.28959277272224426,0.7272727489471436,0.17840908467769623
YDR101C,YGR167W,0,-4.562512,0.28937453031539917,0.7272727489471436,0.17859847843647003
YMR287C,YJR069C,0,-4.562926,0.28915661573410034,0.7272727489471436,0.17878787219524384
YJR158W,YER065C,0,-4.563886,0.28893905878067017,0.7272727489471436,0.17897726595401764
YBR212W,YCR014C,0,-4.564933,0.28872179985046387,0.7272727489471436,0.17916665971279144
YGR002C,YGR281W,0,-4.5655065,0.28850486874580383,0.7272727489471436,0.17935605347156525
YPL046C,YDR400W,1,-4.567214,0.2890390455722809,0.7291666865348816,0.17935605347156525
YBR121C,YBL020W,0,-4.568197,0.288822203874588,0.7291666865348816,0.17954544723033905
YLR114C,YLR254C,0,-4.569073,0.2886056900024414,0.7291666865348816,0.17973485589027405
YMR068W,YJR089W,0,-4.5698028,0.28838950395584106,0.7291666865348816,0.17992424964904785
YKL110C,YNL145W,0,-4.5717864,0.288173645734787,0.7291666865348816,0.18011364340782166
YDR448W,YFR051C,0,-4.57231,0.2879581153392792,0.7291666865348816,0.18030303716659546
YHR107C,YNL029C,0,-4.5723763,0.2877429127693176,0.7291666865348816,0.18049243092536926
YFR033C,YDR407C,0,-4.5741715,0.28752800822257996,0.7291666865348816,0.18068182468414307
YGR167W,YGL097W,0,-4.5745225,0.28731343150138855,0.7291666865348816,0.18087121844291687
YPL193W,YOR069W,0,-4.5756984,0.2870991826057434,0.7291666865348816,0.18106061220169067
YJR158W,YLR095C,0,-4.5759444,0.28688523173332214,0.7291666865348816,0.18125000596046448
YPL221W,YMR234W,0,-4.576314,0.28667163848876953,0.7291666865348816,0.18143939971923828
YOR216C,YJL192C,0,-4.576492,0.2864583432674408,0.7291666865348816,0.18162879347801208
YPR124W,YGL100W,0,-4.577521,0.28624534606933594,0.7291666865348816,0.1818181872367859
YLR207W,YBR082C,1,-4.57887,0.2867756187915802,0.7310606241226196,0.1818181872367859
YPL132W,YOL135C,0,-4.579506,0.2865627408027649,0.7310606241226196,0.1820075809955597
YJR144W,YDR450W,0,-4.580397,0.28635016083717346,0.7310606241226196,0.1821969747543335
YGL019W,YHR152W,0,-4.582991,0.2861378788948059,0.7310606241226196,0.1823863685131073
YLR370C,YNR064C,0,-4.583093,0.2859259247779846,0.7310606241226196,0.1825757622718811
YIL079C,YPL016W,0,-4.584233,0.2857142984867096,0.7310606241226196,0.1827651560306549
YNL326C,YNR064C,0,-4.5843434,0.28550297021865845,0.7310606241226196,0.1829545497894287
YBL057C,YOR256C,1,-4.5854278,0.286031037569046,0.7329545617103577,0.1829545497894287
YNR044W,YBR030W,0,-4.5857887,0.28581979870796204,0.7329545617103577,0.18314394354820251
YNL326C,YBR293W,0,-4.586085,0.28560885787010193,0.7329545617103577,0.18333333730697632
YDR420W,YJL190C,0,-4.586927,0.2853982448577881,0.7329545617103577,0.18352273106575012
YCR027C,YBR250W,0,-4.5876985,0.28518790006637573,0.7329545617103577,0.18371212482452393
YPL117C,YDR300C,0,-4.588136,0.28497791290283203,0.7329545617103577,0.18390151858329773
YLR353W,YLR386W,0,-4.5887694,0.2847682237625122,0.7329545617103577,0.18409091234207153
YOR049C,YLR212C,0,-4.5896606,0.28455883264541626,0.7329545617103577,0.18428030610084534
YNR072W,YFR048W,0,-4.591396,0.2843497395515442,0.7329545617103577,0.18446969985961914
YOR023C,YIL033C,0,-4.5957417,0.2841409742832184,0.7329545617103577,0.18465909361839294
YLR410W,YHR090C,0,-4.596274,0.28393250703811646,0.7329545617103577,0.18484848737716675
YNL197C,YGR122W,0,-4.597345,0.2837243378162384,0.7329545617103577,0.18503788113594055
YJL085W,YOR085W,0,-4.5983458,0.2835164964199066,0.7329545617103577,0.18522727489471436
YDL161W,YKR062W,0,-4.5984335,0.2833089232444763,0.7329545617103577,0.18541666865348816
YCR033W,YGL210W,0,-4.6023445,0.2831016778945923,0.7329545617103577,0.18560606241226196
YDL149W,YNR008W,0,-4.602364,0.28289473056793213,0.7329545617103577,0.18579545617103577
YBL084C,YLR207W,1,-4.603822,0.28341856598854065,0.7348484992980957,0.18579545617103577
YHR091C,YKR028W,0,-4.603874,0.28321167826652527,0.7348484992980957,0.18598484992980957
YBR060C,YOR001W,0,-4.604395,0.28300511837005615,0.7348484992980957,0.18617424368858337
YKL108W,YMR088C,0,-4.607816,0.2827988266944885,0.7348484992980957,0.18636363744735718
YAL053W,YGR270W,0,-4.608693,0.28259286284446716,0.7348484992980957,0.18655303120613098
YNR008W,YML021C,0,-4.6095333,0.2823871970176697,0.7348484992980957,0.18674242496490479
YGR167W,YHR015W,0,-4.610144,0.28218182921409607,0.7348484992980957,0.1869318187236786
YAL021C,YKR014C,0,-4.610286,0.28197672963142395,0.7348484992980957,0.1871212124824524
YDR446W,YKL019W,0,-4.6143117,0.2817719578742981,0.7348484992980957,0.1873106062412262
YPR030W,YDL076C,0,-4.6144795,0.2815674841403961,0.7348484992980957,0.1875
YMR065W,YEL019C,0,-4.6146345,0.281363308429718,0.7348484992980957,0.1876893937587738
YEL009C,YER112W,0,-4.614673,0.2811594307422638,0.7348484992980957,0.1878787875175476
YGR055W,YPL159C,0,-4.6151586,0.28095582127571106,0.7348484992980957,0.1880681812763214
YIL033C,YJL210W,0,-4.615629,0.2807525396347046,0.7348484992980957,0.18825757503509521
YCR075C,YJR127C,0,-4.616413,0.2805495262145996,0.7348484992980957,0.18844696879386902
YLR429W,YNR064C,0,-4.616733,0.2803468108177185,0.7348484992980957,0.18863636255264282
YBL057C,YBR082C,1,-4.617233,0.280866414308548,0.7367424368858337,0.18863636255264282
YLR386W,YLR181C,0,-4.6181693,0.28066378831863403,0.7367424368858337,0.18882575631141663
YKL054C,YKL041W,1,-4.6212344,0.2811824083328247,0.7386363744735718,0.18882575631141663
YPL275W,YEL057C,0,-4.6212597,0.28097984194755554,0.7386363744735718,0.18901515007019043
YJL058C,YNL079C,0,-4.621503,0.28077754378318787,0.7386363744735718,0.18920454382896423
YLR155C,YDL093W,0,-4.621885,0.28057554364204407,0.7386363744735718,0.18939393758773804
YGR214W,YDL064W,0,-4.6220627,0.28037384152412415,0.7386363744735718,0.18958333134651184
YLL009C,YDR103W,0,-4.622088,0.2801724076271057,0.7386363744735718,0.18977272510528564
YNL225C,YOR049C,0,-4.622845,0.27997127175331116,0.7386363744735718,0.18996211886405945
YNL041C,YHR118C,0,-4.623525,0.2797704339027405,0.7386363744735718,0.19015151262283325
YER013W,YLR403W,0,-4.624972,0.2795698940753937,0.7386363744735718,0.19034090638160706
YPL117C,YOR356W,0,-4.625033,0.27936962246894836,0.7386363744735718,0.19053030014038086
YDR479C,YDL033C,0,-4.625137,0.27916964888572693,0.7386363744735718,0.19071969389915466
YGL244W,YML028W,0,-4.625296,0.278969943523407,0.7386363744735718,0.19090908765792847
YNL278W,YHR005C-A,0,-4.625404,0.2787705361843109,0.7386363744735718,0.19109848141670227
YDR268W,YGL252C,0,-4.62577,0.2785714268684387,0.7386363744735718,0.19128787517547607
YDL004W,YBL008W,0,-4.6264524,0.278372585773468,0.7386363744735718,0.19147726893424988
YKR046C,YBL103C,0,-4.627731,0.2781740427017212,0.7386363744735718,0.19166666269302368
YBL023C,YOL112W,0,-4.628237,0.27797576785087585,0.7386363744735718,0.19185605645179749
YOR308C,YJR029W,0,-4.6284575,0.2777777910232544,0.7386363744735718,0.1920454502105713
YDR421W,YLR214W,0,-4.629123,0.2775800824165344,0.7386363744735718,0.1922348439693451
YDL074C,YOR109W,0,-4.6298075,0.27738264203071594,0.7386363744735718,0.1924242377281189
YGL136C,YML091C,0,-4.629974,0.27718549966812134,0.7386363744735718,0.1926136314868927
YKR028W,YML021C,0,-4.63058,0.2769886255264282,0.7386363744735718,0.1928030252456665
YGR264C,YPL031C,0,-4.6308665,0.276792049407959,0.7386363744735718,0.1929924190044403
YDL030W,YPL283C,0,-4.6310906,0.27659574151039124,0.7386363744735718,0.1931818127632141
YDR358W,YBR082C,1,-4.6317687,0.27710843086242676,0.7405303120613098,0.1931818127632141
YDR216W,YKL126W,0,-4.631848,0.2769121825695038,0.7405303120613098,0.19337120652198792
YOR250C,YOR295W,0,-4.6327443,0.2767162024974823,0.7405303120613098,0.19356060028076172
YHR091C,YHR050W,0,-4.632949,0.2765205204486847,0.7405303120613098,0.19374999403953552
YKL185W,YCR027C,0,-4.6332955,0.2763250768184662,0.7405303120613098,0.19393938779830933
YPL137C,YNL025C,0,-4.6333857,0.27612993121147156,0.7405303120613098,0.19412878155708313
YLR254C,YGL039W,0,-4.636058,0.2759350836277008,0.7405303120613098,0.19431817531585693
YJL115W,YPL159C,0,-4.6383533,0.27574047446250916,0.7405303120613098,0.19450756907463074
YLR403W,YKR020W,0,-4.6385455,0.2755461633205414,0.7405303120613098,0.19469696283340454
YPR178W,YDR450W,0,-4.640215,0.2753521203994751,0.7405303120613098,0.19488635659217834
YJL094C,YKR089C,0,-4.641277,0.2751583456993103,0.7405303120613098,0.19507575035095215
YMR065W,YEL031W,0,-4.6413865,0.274964839220047,0.7405303120613098,0.19526514410972595
YPR068C,YLR347C,0,-4.6428075,0.2747716009616852,0.7405303120613098,0.19545455276966095
YDR421W,YGR007W,0,-4.6444073,0.27457866072654724,0.7405303120613098,0.19564394652843475
YGR119C,YHR074W,0,-4.6460614,0.2743859589099884,0.7405303120613098,0.19583334028720856
YMR112C,YDL044C,0,-4.647631,0.27419355511665344,0.7405303120613098,0.19602273404598236
YDR150W,YDL120W,0,-4.64829,0.2740013897418976,0.7405303120613098,0.19621212780475616
YKL135C,YFR008W,0,-4.648604,0.2738095223903656,0.7405303120613098,0.19640152156352997
YLR442C,YKL126W,0,-4.6493163,0.2736179232597351,0.7405303120613098,0.19659091532230377
YOR335C,YLR141W,0,-4.6496162,0.2734265625476837,0.7405303120613098,0.19678030908107758
YLR370C,YJR063W,0,-4.6500115,0.2732354998588562,0.7405303120613098,0.19696970283985138
YLR328W,YGR091W,0,-4.650436,0.2730447053909302,0.7405303120613098,0.19715909659862518
YPL049C,YGL097W,0,-4.650473,0.27285414934158325,0.7405303120613098,0.197348490357399
YDR529C,YNL197C,0,-4.6508136,0.2726638913154602,0.7405303120613098,0.1975378841161728
YOR354C,YIL095W,0,-4.652189,0.27247387170791626,0.7405303120613098,0.1977272778749466
YPR017C,YOR371C,0,-4.653137,0.2722841203212738,0.7405303120613098,0.1979166716337204
YDR479C,YDR435C,0,-4.653397,0.27209463715553284,0.7405303120613098,0.1981060653924942
YNR035C,YJR119C,0,-4.655182,0.27190542221069336,0.7405303120613098,0.198295459151268
YLR238W,YOL080C,0,-4.655289,0.27171647548675537,0.7405303120613098,0.1984848529100418
YJL058C,YNR048W,0,-4.6568656,0.2715277671813965,0.7405303120613098,0.1986742466688156
YPR034W,YCL051W,0,-4.657718,0.2713393568992615,0.7405303120613098,0.19886364042758942
YDR022C,YMR235C,0,-4.657807,0.27115118503570557,0.7405303120613098,0.19905303418636322
YMR218C,YJR049C,0,-4.658176,0.27096328139305115,0.7405303120613098,0.19924242794513702
YPL046C,YIL075C,1,-4.6608043,0.2714681327342987,0.7424242496490479,0.19924242794513702
YFR046C,YML128C,0,-4.660966,0.27128028869628906,0.7424242496490479,0.19943182170391083
YMR101C,YER151C,0,-4.6624346,0.2710926830768585,0.7424242496490479,0.19962121546268463
YLR347C,YMR285C,0,-4.663289,0.2709053158760071,0.7424242496490479,0.19981060922145844
YPL076W,YPR190C,0,-4.6646523,0.2707182466983795,0.7424242496490479,0.20000000298023224
YKL015W,YLR145W,0,-4.6666865,0.27053138613700867,0.7424242496490479,0.20018939673900604
YPR128C,YMR112C,0,-4.6676726,0.2703448235988617,0.7424242496490479,0.20037879049777985
YIL076W,YGL039W,0,-4.6683846,0.2701584994792938,0.7424242496490479,0.20056818425655365
YGR140W,YCR014C,0,-4.6694493,0.26997244358062744,0.7424242496490479,0.20075757801532745
YJL003W,YPL244C,0,-4.670239,0.26978665590286255,0.7424242496490479,0.20094697177410126
YDL093W,YDR175C,0,-4.6710362,0.26960110664367676,0.7424242496490479,0.20113636553287506
YKR062W,YDR369C,0,-4.6711683,0.26941579580307007,0.7424242496490479,0.20132575929164886
YBL079W,YAR007C,0,-4.6714025,0.26923078298568726,0.7424242496490479,0.20151515305042267
YGL144C,YAL030W,0,-4.6715126,0.26904597878456116,0.7424242496490479,0.20170454680919647
YNL278W,YDR123C,0,-4.672381,0.26886144280433655,0.7424242496490479,0.20189394056797028
YBL008W,YGL144C,0,-4.6751885,0.2686771750450134,0.7424242496490479,0.20208333432674408
YLR231C,YGR091W,0,-4.6751904,0.2684931457042694,0.7424242496490479,0.20227272808551788
YBR020W,YEL009C,0,-4.675459,0.2683093845844269,0.7424242496490479,0.2024621218442917
YBR193C,YDR389W,0,-4.678261,0.26812586188316345,0.7424242496490479,0.2026515156030655
YFR048W,YDL077C,0,-4.6797442,0.2679425776004791,0.7424242496490479,0.2028409093618393
YOL067C,YPL032C,0,-4.680032,0.2677595615386963,0.7424242496490479,0.2030303031206131
YKR031C,YNR048W,0,-4.681808,0.26757678389549255,0.7424242496490479,0.2032196968793869
YDR153C,YDR356W,0,-4.683007,0.2673942744731903,0.7424242496490479,0.2034090906381607
YNL172W,YBR082C,1,-4.6831737,0.2678936719894409,0.7443181872367859,0.2034090906381607
YBR193C,YCL001W,0,-4.6856055,0.26771116256713867,0.7443181872367859,0.2035984843969345
YBL019W,YGR140W,0,-4.687552,0.2675289213657379,0.7443181872367859,0.2037878781557083
YCR098C,YAR010C,0,-4.688996,0.26734694838523865,0.7443181872367859,0.20397727191448212
YOL095C,YLR254C,0,-4.689901,0.2671651840209961,0.7443181872367859,0.20416666567325592
YJL003W,YLR438C-A,0,-4.6913214,0.26698368787765503,0.7443181872367859,0.20435605943202972
YNL029C,YPL020C,0,-4.693213,0.26680243015289307,0.7443181872367859,0.20454545319080353
YDR017C,YOL060C,0,-4.6932254,0.2666214406490326,0.7443181872367859,0.20473484694957733
YOR132W,YML045W,0,-4.6947513,0.2664406895637512,0.7443181872367859,0.20492424070835114
YCR065W,YDR461W,0,-4.694988,0.26626017689704895,0.7443181872367859,0.20511363446712494
YCR065W,YKL001C,0,-4.695072,0.2660799026489258,0.7443181872367859,0.20530302822589874
YDR118W,YMR264W,1,-4.695523,0.26657646894454956,0.7462121248245239,0.20530302822589874
YOR308C,YKL203C,0,-4.6955724,0.2663962244987488,0.7462121248245239,0.20549242198467255
YCR033W,YKL058W,0,-4.695792,0.2662162184715271,0.7462121248245239,0.20568181574344635
YCR082W,YEL031W,0,-4.6972766,0.2660364508628845,0.7462121248245239,0.20587120950222015
YNR019W,YBL020W,0,-4.698181,0.26585695147514343,0.7462121248245239,0.20606060326099396
YGL245W,YGR085C,0,-4.698234,0.26567769050598145,0.7462121248245239,0.20624999701976776
YJR127C,YMR260C,0,-4.700727,0.26549863815307617,0.7462121248245239,0.20643939077854156
YIL033C,YPL007C,0,-4.70122,0.2653198540210724,0.7462121248245239,0.20662878453731537
YOR023C,YOR371C,0,-4.702176,0.2651413083076477,0.7462121248245239,0.20681817829608917
YKL054C,YDR400W,1,-4.7028933,0.26563552021980286,0.748106062412262,0.20681817829608917
YHR055C,YDR167W,0,-4.7046485,0.2654569745063782,0.748106062412262,0.20700757205486298
YOR023C,YHR050W,0,-4.7052073,0.265278697013855,0.748106062412262,0.20719696581363678
YGR267C,YOL060C,0,-4.7066345,0.2651006579399109,0.748106062412262,0.20738635957241058
YGL245W,YOL005C,0,-4.707472,0.2649228572845459,0.748106062412262,0.2075757533311844
YGR028W,YJL061W,0,-4.707918,0.26474529504776,0.748106062412262,0.2077651470899582
YPR111W,YER013W,0,-4.708533,0.2645679712295532,0.748106062412262,0.207954540848732
YPL046C,YJL047C,1,-4.7093472,0.2650602459907532,0.75,0.207954540848732
YBR217W,YNL326C,0,-4.7099442,0.2648829519748688,0.75,0.2081439346075058
YNL042W,YBR245C,0,-4.711937,0.2647058963775635,0.75,0.2083333283662796
YFL056C,YDR129C,0,-4.7123766,0.2645290493965149,0.75,0.2085227221250534
YEL022W,YGL252C,0,-4.712706,0.2643524706363678,0.75,0.2087121158838272
YNL103W,YKR046C,0,-4.7127795,0.2641761302947998,0.75,0.208901509642601
YGR099W,YOR132W,0,-4.712891,0.2639999985694885,0.75,0.20909090340137482
YBR274W,YDR036C,0,-4.713881,0.26382410526275635,0.75,0.20928029716014862
YJL074C,YGL207W,0,-4.715342,0.26364848017692566,0.75,0.20946969091892242
YBR095C,YPL283C,0,-4.7188516,0.2634730637073517,0.75,0.20965908467769623
YKL054C,YBL057C,1,-4.719274,0.2639627754688263,0.751893937587738,0.20965908467769623
YML128C,YDL085W,0,-4.7192807,0.2637873888015747,0.751893937587738,0.20984847843647003
YGR108W,YOL021C,0,-4.7202992,0.26361221075057983,0.751893937587738,0.21003787219524384
YHR107C,YLL021W,0,-4.7213426,0.26343730092048645,0.751893937587738,0.21022726595401764
YJL170C,YGR167W,0,-4.722843,0.2632625997066498,0.751893937587738,0.21041665971279144
YBR060C,YER095W,0,-4.7234836,0.2630881369113922,0.751893937587738,0.21060605347156525
YLR399C,YNL182C,0,-4.724459,0.26291391253471375,0.751893937587738,0.21079544723033905
YLR233C,YOR297C,0,-4.7249866,0.262739896774292,0.751893937587738,0.21098485589027405
YDL030W,YNL250W,0,-4.7250996,0.26256614923477173,0.751893937587738,0.21117424964904785
YDR385W,YCL039W,0,-4.7254205,0.2623926103115082,0.751893937587738,0.21136364340782166
YAL040C,YKL110C,0,-4.726937,0.26221928000450134,0.751893937587738,0.21155303716659546
YFR048W,YBL005W-A,0,-4.7289295,0.262046217918396,0.751893937587738,0.21174243092536926
YBL069W,YER133W,0,-4.729027,0.26187336444854736,0.751893937587738,0.21193182468414307
YOR298C-A,YBR257W,0,-4.7302284,0.26170071959495544,0.751893937587738,0.21212121844291687
YDL137W,YMR285C,0,-4.730847,0.2615283131599426,0.751893937587738,0.21231061220169067
YLR212C,YNL229C,0,-4.7308564,0.2613561451435089,0.751893937587738,0.21250000596046448
YKL020C,YNR039C,0,-4.7315907,0.2611842155456543,0.751893937587738,0.21268939971923828
YOL060C,YPL022W,0,-4.7339077,0.2610124945640564,0.751893937587738,0.21287879347801208
YOL135C,YOR351C,0,-4.734002,0.2608410120010376,0.751893937587738,0.2130681872367859
YPR131C,YHR090C,0,-4.735179,0.2606697380542755,0.751893937587738,0.2132575809955597
YGL054C,YIL149C,0,-4.7357597,0.26049870252609253,0.751893937587738,0.2134469747543335
YFL056C,YEL063C,0,-4.735876,0.26032787561416626,0.751893937587738,0.2136363685131073
YLR295C,YNL025C,0,-4.736017,0.2601572871208191,0.751893937587738,0.2138257622718811
YJL178C,YML004C,0,-4.7365437,0.25998690724372864,0.751893937587738,0.2140151560306549
YLR145W,YKL117W,0,-4.7380223,0.2598167657852173,0.751893937587738,0.2142045497894287
YHR067W,YHR118C,0,-4.7406917,0.25964683294296265,0.751893937587738,0.21439394354820251
YDR216W,YER051W,0,-4.741952,0.2594771385192871,0.751893937587738,0.21458333730697632
YNL059C,YPL016W,0,-4.74321,0.2593076527118683,0.751893937587738,0.21477273106575012
YKL054C,YBR082C,1,-4.7432218,0.25979113578796387,0.7537878751754761,0.21477273106575012
YDR141C,YGR143W,0,-4.7436056,0.25962164998054504,0.7537878751754761,0.21496212482452393
YBR109C,YMR305C,0,-4.743647,0.2594524025917053,0.7537878751754761,0.21515151858329773
YPR019W,YDR407C,0,-4.744019,0.2592833936214447,0.7537878751754761,0.21534091234207153
YDR141C,YDR238C,0,-4.7450213,0.2591145932674408,0.7537878751754761,0.21553030610084534
YOL042W,YKR062W,0,-4.745661,0.2589460015296936,0.7537878751754761,0.21571969985961914
YNL042W,YDL038C,0,-4.7461066,0.2587776184082031,0.7537878751754761,0.21590909361839294
YLR141W,YDR201W,0,-4.746446,0.25860947370529175,0.7537878751754761,0.21609848737716675
YDL074C,YPL240C,0,-4.747453,0.2584415674209595,0.7537878751754761,0.21628788113594055
YHL019C,YBR091C,0,-4.748322,0.2582738399505615,0.7537878751754761,0.21647727489471436
YDR302W,YLR016C,0,-4.750785,0.2581063508987427,0.7537878751754761,0.21666666865348816
YJL134W,YJL143W,0,-4.751117,0.25793907046318054,0.7537878751754761,0.21685606241226196
YKL176C,YDL030W,0,-4.7515607,0.2577720284461975,0.7537878751754761,0.21704545617103577
YHR114W,YPL154C,0,-4.753142,0.2576051652431488,0.7537878751754761,0.21723484992980957
YFL033C,YFR048W,0,-4.7545414,0.2574385404586792,0.7537878751754761,0.21742424368858337
YPR005C,YGL090W,0,-4.756494,0.2572721540927887,0.7537878751754761,0.21761363744735718
YOR147W,YDR312W,0,-4.7565107,0.2571059465408325,0.7537878751754761,0.21780303120613098
YMR229C,YML034W,0,-4.757581,0.25693994760513306,0.7537878751754761,0.21799242496490479
YHR118C,YLR403W,0,-4.7585344,0.2567741870880127,0.7537878751754761,0.2181818187236786
YMR316W,YOL151W,0,-4.7588944,0.25660863518714905,0.7537878751754761,0.2183712124824524
YCR088W,YAR031W,0,-4.760142,0.2564432919025421,0.7537878751754761,0.2185606062412262
YAL053W,YGR095C,0,-4.761496,0.2562781572341919,0.7537878751754761,0.21875
YOR256C,YDR400W,1,-4.761967,0.2567567527294159,0.7556818127632141,0.21875
YIL013C,YDL033C,0,-4.762237,0.25659164786338806,0.7556818127632141,0.2189393937587738
YAL017W,YER180C-A,0,-4.7628913,0.25642672181129456,0.7556818127632141,0.2191287875175476
YEL056W,YEL002C,0,-4.764742,0.25626203417778015,0.7556818127632141,0.2193181812763214
YLL022C,YLR265C,0,-4.7655616,0.25609755516052246,0.7556818127632141,0.21950757503509521
YKL152C,YJL192C,0,-4.7660522,0.2559332847595215,0.7556818127632141,0.21969696879386902
YKL179C,YGL245W,0,-4.766604,0.2557692229747772,0.7556818127632141,0.21988636255264282
YGL119W,YOR061W,0,-4.767018,0.2556053698062897,0.7556818127632141,0.22007575631141663
YDL078C,YML064C,0,-4.7672544,0.2554417550563812,0.7556818127632141,0.22026515007019043
YDR017C,YLR141W,0,-4.7679543,0.2552783191204071,0.7556818127632141,0.22045454382896423
YOR298C-A,YDR407C,0,-4.7713304,0.2551150918006897,0.7556818127632141,0.22064393758773804
YBL069W,YKL152C,0,-4.7716627,0.254952073097229,0.7556818127632141,0.22083333134651184
YCL051W,YGR119C,0,-4.772078,0.254789263010025,0.7556818127632141,0.22102272510528564
YOR250C,YOL094C,0,-4.773636,0.25462666153907776,0.7556818127632141,0.22121211886405945
YCL017C,YJR042W,0,-4.774661,0.2544642984867096,0.7556818127632141,0.22140151262283325
YPR033C,YOR027W,0,-4.774854,0.25430211424827576,0.7556818127632141,0.22159090638160706
YDR093W,YML028W,0,-4.7749953,0.25414013862609863,0.7556818127632141,0.22178030014038086
YGL019W,YJL036W,0,-4.7756352,0.2539783716201782,0.7556818127632141,0.22196969389915466
YJL094C,YFL037W,0,-4.776928,0.25381678342819214,0.7556818127632141,0.22215908765792847
YAL041W,YNL138W,0,-4.7772536,0.25365543365478516,0.7556818127632141,0.22234848141670227
YBR202W,YLR405W,0,-4.7773266,0.2534942924976349,0.7556818127632141,0.22253787517547607
YIL132C,YJL093C,0,-4.7776856,0.25333333015441895,0.7556818127632141,0.22272726893424988
YNR035C,YEL065W,0,-4.7778764,0.2531725764274597,0.7556818127632141,0.22291666269302368
YJL024C,YKR020W,0,-4.7786026,0.2530120611190796,0.7556818127632141,0.22310605645179749
YEL061C,YGR007W,0,-4.7791166,0.2528517246246338,0.7556818127632141,0.2232954502105713
YKL054C,YGR135W,1,-4.779119,0.2533248960971832,0.7575757503509521,0.2232954502105713
YDL099W,YNL138W,0,-4.7796206,0.2531645596027374,0.7575757503509521,0.2234848439693451
YMR316W,YKL032C,0,-4.781026,0.25300443172454834,0.7575757503509521,0.2236742377281189
YLR328W,YDR443C,0,-4.781585,0.25284451246261597,0.7575757503509521,0.2238636314868927
YHR072W,YJL054W,0,-4.785094,0.2526847720146179,0.7575757503509521,0.2240530252456665
YGL119W,YCL033C,0,-4.7851825,0.2525252401828766,0.7575757503509521,0.2242424190044403
YDL137W,YMR060C,0,-4.7853484,0.25236591696739197,0.7575757503509521,0.2244318127632141
YHL025W,YPL283C,0,-4.786184,0.25220680236816406,0.7575757503509521,0.22462120652198792
YDR022C,YNL279W,0,-4.786225,0.25204789638519287,0.7575757503509521,0.22481060028076172
YMR218C,YNR039C,0,-4.786761,0.251889169216156,0.7575757503509521,0.22499999403953552
YKR048C,YDR457W,0,-4.788525,0.25173065066337585,0.7575757503509521,0.22518938779830933
YLR429W,YJL074C,0,-4.7887044,0.2515723407268524,0.7575757503509521,0.22537878155708313
YAL051W,YPL007C,0,-4.7890053,0.2514142096042633,0.7575757503509521,0.22556817531585693
YMR188C,YER151C,0,-4.791077,0.2512562870979309,0.7575757503509521,0.22575756907463074
YMR276W,YOR256C,1,-4.7913985,0.25172629952430725,0.7594696879386902,0.22575756907463074
YML095C,YDR464W,0,-4.792697,0.25156837701797485,0.7594696879386902,0.22594696283340454
YCR027C,YKR062W,0,-4.793478,0.25141066312789917,0.7594696879386902,0.22613635659217834
YCR082W,YLR295C,0,-4.793636,0.2512531280517578,0.7594696879386902,0.22632575035095215
YOR274W,YPR187W,0,-4.794456,0.25109580159187317,0.7594696879386902,0.22651514410972595
YPL049C,YLR014C,0,-4.7947145,0.25093868374824524,0.7594696879386902,0.22670455276966095
YMR008C,YPR054W,0,-4.795202,0.25078174471855164,0.7594696879386902,0.22689394652843475
YKL019W,YKL081W,0,-4.795908,0.25062501430511475,0.7594696879386902,0.22708334028720856
YPL123C,YBL103C,0,-4.796175,0.2504684627056122,0.7594696879386902,0.22727273404598236
YPL128C,YJL143W,0,-4.797379,0.25031211972236633,0.7594696879386902,0.22746212780475616
YJL024C,YBR093C,0,-4.797588,0.2501559555530548,0.7594696879386902,0.22765152156352997
YDR082W,YMR046C,0,-4.798967,0.25,0.7594696879386902,0.22784091532230377
YMR237W,YER053C,0,-4.8002896,0.2498442381620407,0.7594696879386902,0.22803030908107758
YLR370C,YOR294W,0,-4.8012185,0.24968867003917694,0.7594696879386902,0.22821970283985138
YGL090W,YKL203C,0,-4.801979,0.2495332956314087,0.7594696879386902,0.22840909659862518
YCL035C,YOL112W,0,-4.8022685,0.24937811493873596,0.7594696879386902,0.228598490357399
YDR148C,YPL042C,0,-4.802751,0.24922311305999756,0.7594696879386902,0.2287878841161728
YPR131C,YPL087W,0,-4.8032823,0.24906831979751587,0.7594696879386902,0.2289772778749466
YBR102C,YHR050W,0,-4.8053083,0.2489137202501297,0.7594696879386902,0.2291666716337204
YOR270C,YOR162C,0,-4.8053184,0.24875929951667786,0.7594696879386902,0.2293560653924942
YBL084C,YPL096W,1,-4.805478,0.24922505021095276,0.7613636255264282,0.2293560653924942
YJL061W,YMR156C,0,-4.806106,0.24907062947750092,0.7613636255264282,0.229545459151268
YBL084C,YMR276W,1,-4.8092794,0.24953560531139374,0.7632575631141663,0.229545459151268
YOR023C,YHR030C,0,-4.810111,0.2493811845779419,0.7632575631141663,0.2297348529100418
YBL084C,YNL064C,1,-4.81366,0.24984538555145264,0.7651515007019043,0.2297348529100418
YHR043C,YPL046C,1,-4.8142266,0.250309020280838,0.7670454382896423,0.2297348529100418
YLR238W,YBR136W,0,-4.815101,0.25015440583229065,0.7670454382896423,0.2299242466688156
YGR244C,YOR188W,0,-4.816587,0.25,0.7670454382896423,0.23011364042758942
YDR529C,YKL117W,0,-4.8171706,0.24984577298164368,0.7670454382896423,0.23030303418636322
YJL100W,YLR386W,0,-4.8181014,0.24969173967838287,0.7670454382896423,0.23049242794513702
YNL094W,YDR268W,0,-4.818153,0.2495379000902176,0.7670454382896423,0.23068182170391083
YGR147C,YGR197C,0,-4.818274,0.24938423931598663,0.7670454382896423,0.23087121546268463
YGL012W,YNL145W,0,-4.818948,0.2492307722568512,0.7670454382896423,0.23106060922145844
YPL049C,YAL051W,0,-4.8205247,0.24907748401165009,0.7670454382896423,0.23125000298023224
YNL172W,YMR276W,1,-4.821505,0.24953903257846832,0.7689393758773804,0.23125000298023224
YEL032W,YKL015W,0,-4.8219924,0.2493857443332672,0.7689393758773804,0.23143939673900604
YIL033C,YER161C,0,-4.822161,0.24923266470432281,0.7689393758773804,0.23162879049777985
YNL172W,YDR400W,1,-4.822309,0.24969324469566345,0.7708333134651184,0.23162879049777985
YPL076W,YOR313C,0,-4.822536,0.24954016506671906,0.7708333134651184,0.23181818425655365
YNL031C,YDR201W,0,-4.824014,0.2493872493505478,0.7708333134651184,0.23200757801532745
YDR421W,YDL004W,0,-4.8245697,0.24923454225063324,0.7708333134651184,0.23219697177410126
YGR145W,YKR031C,0,-4.8268194,0.24908201396465302,0.7708333134651184,0.23238636553287506
YMR287C,YPL016W,0,-4.828549,0.24892966449260712,0.7708333134651184,0.23257575929164886
YBR060C,YJR049C,0,-4.8288145,0.24877750873565674,0.7708333134651184,0.23276515305042267
YOR030W,YNL142W,0,-4.828865,0.24862553179264069,0.7708333134651184,0.23295454680919647
YOR250C,YCL066W,0,-4.829787,0.24847374856472015,0.7708333134651184,0.23314394056797028
YOL071W,YGR006W,0,-4.831053,0.24832214415073395,0.7708333134651184,0.23333333432674408
YLR231C,YMR319C,0,-4.8316407,0.24817073345184326,0.7708333134651184,0.23352272808551788
YBL079W,YGR085C,0,-4.8323307,0.2480195015668869,0.7708333134651184,0.2337121218442917
YMR287C,YKR089C,0,-4.8325377,0.24786844849586487,0.7708333134651184,0.2339015156030655
YNL172W,YPL046C,1,-4.834192,0.24832622706890106,0.7727272510528564,0.2339015156030655
YBR294W,YPL206C,0,-4.835551,0.24817518889904022,0.7727272510528564,0.2340909093618393
YNL275W,YAR042W,0,-4.836468,0.24802431464195251,0.7727272510528564,0.2342803031206131
YOR351C,YGL169W,0,-4.839844,0.24787363409996033,0.7727272510528564,0.2344696968793869
YLR231C,YDR461W,0,-4.840741,0.24772313237190247,0.7727272510528564,0.2346590906381607
YJL024C,YPL123C,0,-4.841781,0.24757280945777893,0.7727272510528564,0.2348484843969345
YBR272C,YLR002C,0,-4.8421497,0.24742268025875092,0.7727272510528564,0.2350378781557083
YNL223W,YOR030W,0,-4.8449893,0.24727272987365723,0.7727272510528564,0.23522727191448212
YEL032W,YFL037W,0,-4.8454022,0.24712295830249786,0.7727272510528564,0.23541666567325592
YOR354C,YOR295W,0,-4.845965,0.24697336554527283,0.7727272510528564,0.23560605943202972
YDR245W,YOL138C,0,-4.8466744,0.24682395160198212,0.7727272510528564,0.23579545319080353
YLR265C,YOR265W,0,-4.8468866,0.24667473137378693,0.7727272510528564,0.23598484694957733
YIL004C,YKL179C,0,-4.8469667,0.24652567505836487,0.7727272510528564,0.23617424070835114
YJR119C,YDL111C,0,-4.8472295,0.24637681245803833,0.7727272510528564,0.23636363446712494
YDL115C,YOR313C,0,-4.847558,0.24622812867164612,0.7727272510528564,0.23655302822589874
YLR009W,YML091C,0,-4.8493714,0.24607960879802704,0.7727272510528564,0.23674242198467255
YNL059C,YDR389W,0,-4.8503213,0.24593128263950348,0.7727272510528564,0.23693181574344635
YDR118W,YJL047C,1,-4.8507,0.24638554453849792,0.7746211886405945,0.23693181574344635
YHR114W,YPL221W,0,-4.851129,0.24623720347881317,0.7746211886405945,0.23712120950222015
YDR129C,YER019C-A,0,-4.851243,0.24608905613422394,0.7746211886405945,0.23731060326099396
YPL096W,YBL057C,1,-4.851289,0.24654239416122437,0.7765151262283325,0.23731060326099396
YPR019W,YBR097W,0,-4.8516903,0.24639423191547394,0.7765151262283325,0.23749999701976776
YEL061C,YJL100W,0,-4.852283,0.24624624848365784,0.7765151262283325,0.23768939077854156
YJL024C,YJL192C,0,-4.8523355,0.24609844386577606,0.7765151262283325,0.23787878453731537
YBR060C,YPR054W,0,-4.8528676,0.24595080316066742,0.7765151262283325,0.23806817829608917
YNL223W,YDR141C,0,-4.8533626,0.2458033561706543,0.7765151262283325,0.23825757205486298
YDR421W,YKL108W,0,-4.853672,0.2456560879945755,0.7765151262283325,0.23844696581363678
YPL221W,YEL034W,0,-4.8536906,0.24550898373126984,0.7765151262283325,0.23863635957241058
YCR028C-A,YKL108W,0,-4.854365,0.2453620582818985,0.7765151262283325,0.2388257533311844
YPL046C,YBR082C,1,-4.8551755,0.24581339955329895,0.7784090638160706,0.2388257533311844
YBR091C,YER019C-A,0,-4.8552637,0.2456664741039276,0.7784090638160706,0.2390151470899582
YER149C,YIL138C,0,-4.856498,0.2455197125673294,0.7784090638160706,0.239204540848732
YKR009C,YKL058W,0,-4.858357,0.24537312984466553,0.7784090638160706,0.2393939346075058
YER133W,YNL206C,0,-4.858545,0.24522672593593597,0.7784090638160706,0.2395833283662796
YHR191C,YMR220W,0,-4.860895,0.24508050084114075,0.7784090638160706,0.2397727221250534
YNL006W,YML010W,0,-4.861078,0.24493443965911865,0.7784090638160706,0.2399621158838272
YGR214W,YKL058W,0,-4.863398,0.24478855729103088,0.7784090638160706,0.240151509642601
YMR277W,YDR062W,0,-4.8643527,0.24464285373687744,0.7784090638160706,0.24034090340137482
YJL081C,YHR081W,0,-4.865933,0.24449732899665833,0.7784090638160706,0.24053029716014862
YBL079W,YNL326C,0,-4.866508,0.24435196816921234,0.7784090638160706,0.24071969091892242
YIL114C,YPL283C,0,-4.867784,0.2442067712545395,0.7784090638160706,0.24090908467769623
YLR353W,YLR254C,0,-4.8678823,0.24406175315380096,0.7784090638160706,0.24109847843647003
YER133W,YLR095C,0,-4.870565,0.24391691386699677,0.7784090638160706,0.24128787219524384
YOR147W,YBR091C,0,-4.872393,0.2437722384929657,0.7784090638160706,0.24147726595401764
YFR021W,YKR089C,0,-4.873145,0.24362774193286896,0.7784090638160706,0.24166665971279144
YDR118W,YIL075C,1,-4.873635,0.24407583475112915,0.7803030014038086,0.24166665971279144
YAR031W,YOR265W,0,-4.8736897,0.24393132328987122,0.7803030014038086,0.24185605347156525
YHR091C,YKL117W,0,-4.8750362,0.2437869757413864,0.7803030014038086,0.24204544723033905
YPL075W,YGR197C,0,-4.8754983,0.24364282190799713,0.7803030014038086,0.24223485589027405
YOR030W,YPL020C,0,-4.8762712,0.2434988170862198,0.7803030014038086,0.24242424964904785
YGL025C,YLL024C,0,-4.877491,0.24335499107837677,0.7803030014038086,0.24261364340782166
YDR201W,YCL020W,0,-4.8778243,0.24321132898330688,0.7803030014038086,0.24280303716659546
YDR389W,YOR069W,0,-4.8778243,0.24306784570217133,0.7803030014038086,0.24299243092536926
YKL019W,YJL190C,0,-4.878262,0.2429245263338089,0.7803030014038086,0.24318182468414307
YDR358W,YDR400W,1,-4.8798056,0.2433706521987915,0.7821969985961914,0.24318182468414307
YLR429W,YPL001W,0,-4.8800116,0.24322733283042908,0.7821969985961914,0.24337121844291687
YMR264W,YIL017C,1,-4.8839183,0.24367274343967438,0.7840909361839294,0.24337121844291687
YPR178W,YNL206C,0,-4.8848457,0.24352940917015076,0.7840909361839294,0.24356061220169067
YOR256C,YKL041W,1,-4.8868756,0.24397413432598114,0.7859848737716675,0.24356061220169067
YMR015C,YKL006C-A,0,-4.8871503,0.24383078515529633,0.7859848737716675,0.24375000596046448
YPL046C,YDR057W,1,-4.8878336,0.2442748099565506,0.7878788113594055,0.24375000596046448
YCL066W,YHR030C,0,-4.888942,0.24413146078586578,0.7878788113594055,0.24393939971923828
YFL056C,YIL013C,0,-4.889199,0.2439882755279541,0.7878788113594055,0.24412879347801208
YOR025W,YMR235C,0,-4.891149,0.24384525418281555,0.7878788113594055,0.2443181872367859
YPL240C,YOR127W,0,-4.8922153,0.24370239675045013,0.7878788113594055,0.2445075809955597
YGR167W,YDL130W-A,0,-4.892465,0.24355971813201904,0.7878788113594055,0.2446969747543335
YER019C-A,YDR103W,0,-4.894542,0.24341720342636108,0.7878788113594055,0.2448863685131073
YOR361C,YPL016W,0,-4.895098,0.24327485263347626,0.7878788113594055,0.2450757622718811
YMR164C,YDL044C,0,-4.8955054,0.24313266575336456,0.7878788113594055,0.2452651560306549
YLR347C,YHR091C,0,-4.8955564,0.2429906576871872,0.7878788113594055,0.2454545497894287
YNL223W,YML034W,0,-4.8968472,0.24284879863262177,0.7878788113594055,0.24564394354820251
YDR118W,YPL096W,1,-4.8978033,0.24329054355621338,0.7897727489471436,0.24564394354820251
YNL275W,YBR212W,0,-4.897815,0.24314868450164795,0.7897727489471436,0.24583333730697632
YOR046C,YLR228C,0,-4.8986964,0.24300698935985565,0.7897727489471436,0.24602273106575012
YNL085W,YLL003W,0,-4.899447,0.2428654581308365,0.7897727489471436,0.24621212482452393
YNR034W,YBL034C,0,-4.9009037,0.24272409081459045,0.7897727489471436,0.24640151858329773
YOR371C,YDR077W,0,-4.9010262,0.24258290231227875,0.7897727489471436,0.24659091234207153
YAL041W,YFR051C,0,-4.9010987,0.24244186282157898,0.7897727489471436,0.24678030610084534
YBR091C,YKL074C,0,-4.9014482,0.24230098724365234,0.7897727489471436,0.24696969985961914
YKR019C,YDL194W,0,-4.901929,0.24216027557849884,0.7897727489471436,0.24715909361839294
YAL053W,YPL042C,0,-4.9021516,0.24201972782611847,0.7897727489471436,0.24734848737716675
YDR518W,YBR060C,0,-4.905375,0.24187934398651123,0.7897727489471436,0.24753788113594055
YOR354C,YBL034C,0,-4.9061527,0.24173912405967712,0.7897727489471436,0.24772727489471436
YNL031C,YDL134C,0,-4.9067144,0.24159906804561615,0.7897727489471436,0.24791666865348816
YML088W,YDR400W,1,-4.9068418,0.24203822016716003,0.7916666865348816,0.24791666865348816
YIL095W,YGL014W,0,-4.907756,0.24189814925193787,0.7916666865348816,0.24810606241226196
YDL099W,YLR318W,0,-4.9080405,0.24175824224948883,0.7916666865348816,0.24829545617103577
YHR107C,YBR020W,0,-4.9080787,0.24161849915981293,0.7916666865348816,0.24848484992980957
YER095W,YAR042W,0,-4.908079,0.24147891998291016,0.7916666865348816,0.24867424368858337
YBL063W,YNL214W,0,-4.9081616,0.24133948981761932,0.7916666865348816,0.24886363744735718
YMR276W,YBL057C,1,-4.908212,0.24177727103233337,0.7935606241226196,0.24886363744735718
YOL060C,YIL051C,0,-4.909593,0.24163782596588135,0.7935606241226196,0.24905303120613098
YJL196C,YNR017W,0,-4.910353,0.24149855971336365,0.7935606241226196,0.24924242496490479
YDR118W,YOR256C,1,-4.910481,0.24193547666072845,0.7954545617103577,0.24924242496490479
YDR160W,YNL046W,0,-4.911344,0.24179619550704956,0.7954545617103577,0.2494318187236786
YCL039W,YBL005W-A,0,-4.9137464,0.2416570782661438,0.7954545617103577,0.2496212124824524
YOR298C-A,YML034W,0,-4.914419,0.24151811003684998,0.7954545617103577,0.2498106062412262
YPR005C,YML105C,0,-4.915399,0.24137930572032928,0.7954545617103577,0.25
YBL084C,YKL054C,1,-4.916638,0.24181504547595978,0.7973484992980957,0.25
YDR123C,YIL013C,0,-4.916871,0.2416762411594391,0.7973484992980957,0.2501893937587738
YLR141W,YJL192C,0,-4.916942,0.24153758585453033,0.7973484992980957,0.2503787875175476
YAL041W,YBL008W,0,-4.917623,0.24139907956123352,0.7973484992980957,0.2505681812763214
YGR036C,YNL250W,0,-4.9181046,0.24126075208187103,0.7973484992980957,0.2507575750350952
YAR019C,YNL258C,0,-4.918338,0.2411225587129593,0.7973484992980957,0.250946968793869
YPL046C,YIL017C,1,-4.91878,0.24155695736408234,0.7992424368858337,0.250946968793869
YNR035C,YKL035W,0,-4.9192834,0.2414187639951706,0.7992424368858337,0.2511363625526428
YDL148C,YNL098C,0,-4.9197583,0.24128073453903198,0.7992424368858337,0.2513257563114166
YPR111W,YBL025W,0,-4.920804,0.2411428540945053,0.7992424368858337,0.25151515007019043
YIL076W,YPL087W,0,-4.9210515,0.24100513756275177,0.7992424368858337,0.25170454382896423
YLR131C,YFR033C,0,-4.921103,0.24086758494377136,0.7992424368858337,0.25189393758773804
YGR167W,YER174C,0,-4.9232154,0.2407301813364029,0.7992424368858337,0.25208333134651184
YLR014C,YOR313C,0,-4.925128,0.24059292674064636,0.7992424368858337,0.25227272510528564
YMR316W,YGR028W,0,-4.9262094,0.24045583605766296,0.7992424368858337,0.25246211886405945
YNL172W,YDR330W,1,-4.9286823,0.24088838696479797,0.8011363744735718,0.25246211886405945
YLL009C,YNL121C,0,-4.928745,0.24075128138065338,0.8011363744735718,0.25265151262283325
YDR446W,YHL002W,0,-4.928984,0.24061433970928192,0.8011363744735718,0.25284090638160706
YLR314C,YDL033C,0,-4.929114,0.2404775470495224,0.8011363744735718,0.25303030014038086
YOR109W,YCR073C,0,-4.929689,0.24034090340137482,0.8011363744735718,0.25321969389915466
YNL059C,YKL019W,0,-4.929886,0.24020442366600037,0.8011363744735718,0.25340908765792847
YOL042W,YMR234W,0,-4.9312263,0.24006810784339905,0.8011363744735718,0.25359848141670227
YJL014W,YER051W,0,-4.9313087,0.23993194103240967,0.8011363744735718,0.2537878751754761
YKL135C,YJL210W,0,-4.9315324,0.23979592323303223,0.8011363744735718,0.2539772689342499
YNL172W,YBL057C,1,-4.9337316,0.2402266263961792,0.8030303120613098,0.2539772689342499
YDR434W,YMR137C,0,-4.9337864,0.24009059369564056,0.8030303120613098,0.2541666626930237
YNL326C,YPL167C,0,-4.9340777,0.23995472490787506,0.8030303120613098,0.2543560564517975
YER053C,YER180C-A,0,-4.9347396,0.2398190051317215,0.8030303120613098,0.2545454502105713
YDL074C,YAL040C,0,-4.934886,0.23968343436717987,0.8030303120613098,0.2547348439693451
YLR370C,YGR007W,0,-4.935084,0.23954802751541138,0.8030303120613098,0.2549242377281189
YJL058C,YHR090C,0,-4.935379,0.23941275477409363,0.8030303120613098,0.2551136314868927
YDR118W,YKL054C,1,-4.9372134,0.2398419827222824,0.8049242496490479,0.2551136314868927
YHR043C,YMR161W,1,-4.939589,0.240270733833313,0.8068181872367859,0.2551136314868927
YNR072W,YDR017C,0,-4.9398437,0.2401352822780609,0.8068181872367859,0.2553030252456665
YBL020W,YCL033C,0,-4.939935,0.23999999463558197,0.8068181872367859,0.2554924190044403
YPL283C,YBR030W,0,-4.9414325,0.23986487090587616,0.8068181872367859,0.2556818127632141
YBR085W,YGL249W,0,-4.9415483,0.2397298812866211,0.8068181872367859,0.2558712065219879
YBL084C,YDR394W,1,-4.9415565,0.24015748500823975,0.8087121248245239,0.2558712065219879
YKL135C,YGL115W,0,-4.9420595,0.2400224804878235,0.8087121248245239,0.2560606002807617
YIL004C,YGL090W,0,-4.943396,0.23988763988018036,0.8087121248245239,0.2562499940395355
YER107C,YGR244C,0,-4.944355,0.23975294828414917,0.8087121248245239,0.2564393877983093
YKL170W,YGL210W,0,-4.946852,0.23961840569972992,0.8087121248245239,0.25662878155708313
YGR244C,YFL037W,0,-4.947389,0.2394840121269226,0.8087121248245239,0.25681817531585693
YHL002W,YDR172W,0,-4.9479012,0.23934978246688843,0.8087121248245239,0.25700756907463074
YGR246C,YMR046C,0,-4.9486966,0.239215686917305,0.8087121248245239,0.25719696283340454
YKL176C,YOL042W,0,-4.9527593,0.2390817403793335,0.8087121248245239,0.25738635659217834
YBL084C,YKL041W,1,-4.95395,0.2395075559616089,0.810606062412262,0.25738635659217834
YPL007C,YJR029W,0,-4.954019,0.2393735945224762,0.810606062412262,0.25757575035095215
YEL009C,YKL108W,0,-4.9543133,0.23923979699611664,0.810606062412262,0.25776514410972595
YBR193C,YMR285C,0,-4.9551263,0.23910614848136902,0.810606062412262,0.25795453786849976
YML105C,YPL020C,0,-4.9559913,0.23897263407707214,0.810606062412262,0.25814393162727356
YKL186C,YOR085W,0,-4.956754,0.2388392835855484,0.810606062412262,0.25833332538604736
YLR181C,YMR087W,0,-4.9583597,0.2387060821056366,0.810606062412262,0.25852271914482117
YHL019C,YOR074C,0,-4.959168,0.23857301473617554,0.810606062412262,0.25871211290359497
YHR015W,YLR371W,0,-4.9595346,0.2384401112794876,0.810606062412262,0.2589015066623688
YNL172W,YBR290W,1,-4.960905,0.23886413872241974,0.8125,0.2589015066623688
YFR033C,YPR190C,0,-4.9619455,0.23873122036457062,0.8125,0.2590909004211426
YBR110W,YPL117C,0,-4.9632363,0.23859843611717224,0.8125,0.2592802941799164
YDR421W,YKR072C,0,-4.965205,0.238465815782547,0.8125,0.2594696879386902
YER119C,YDR201W,0,-4.96526,0.2383333295583725,0.8125,0.259659081697464
YDR421W,YNR072W,0,-4.9655557,0.23820099234580994,0.8125,0.2598484754562378
YPL161C,YGR213C,0,-4.9656363,0.2380688190460205,0.8125,0.2600378692150116
YGR104C,YLR212C,0,-4.965899,0.23793676495552063,0.8125,0.2602272629737854
YER155C,YDR036C,0,-4.966333,0.23780487477779388,0.8125,0.2604166567325592
YOR281C,YDL216C,0,-4.967553,0.23767313361167908,0.8125,0.260606050491333
YOL051W,YGR179C,0,-4.9679375,0.23754152655601501,0.8125,0.2607954442501068
YNL293W,YDR407C,0,-4.969152,0.2374100685119629,0.8125,0.2609848380088806
YJL063C,YPL093W,0,-4.970871,0.2372787594795227,0.8125,0.2611742317676544
YPR128C,YJR126C,0,-4.971722,0.23714759945869446,0.8125,0.2613636255264282
YGR264C,YAR007C,0,-4.9726505,0.23701657354831696,0.8125,0.261553019285202
YLR265C,YLR369W,0,-4.9732857,0.2368856966495514,0.8125,0.26174241304397583
YOR185C,YGL100W,0,-4.9743524,0.23675496876239777,0.8125,0.26193180680274963
YIL097W,YKL073W,0,-4.975028,0.23662437498569489,0.8125,0.26212120056152344
YFR008W,YJR158W,0,-4.977079,0.23649393022060394,0.8125,0.26231059432029724
YHL025W,YGL255W,0,-4.9774847,0.23636363446712494,0.8125,0.26249998807907104
YFL056C,YDR363W,0,-4.977525,0.23623347282409668,0.8125,0.26268938183784485
YOR354C,YKL051W,0,-4.977881,0.23610346019268036,0.8125,0.26287877559661865
YDR382W,YEL002C,0,-4.977996,0.23597359657287598,0.8125,0.26306816935539246
YHR043C,YDL190C,1,-4.978996,0.23639361560344696,0.814393937587738,0.26306816935539246
YPL240C,YAR042W,0,-4.9802485,0.23626373708248138,0.814393937587738,0.26325756311416626
YIL095W,YPL087W,0,-4.9807553,0.23613399267196655,0.814393937587738,0.26344695687294006
YNL231C,YAL017W,0,-4.982023,0.23600439727306366,0.814393937587738,0.26363635063171387
YLR295C,YOL028C,0,-4.9821043,0.2358749359846115,0.814393937587738,0.26382574439048767
YKL054C,YDL190C,1,-4.9839,0.23629385232925415,0.8162878751754761,0.26382574439048767
YDL099W,YOR281C,0,-4.9857655,0.2361643761396408,0.8162878751754761,0.2640151381492615
YIL097W,YER065C,0,-4.985951,0.2360350489616394,0.8162878751754761,0.2642045319080353
YMR285C,YPL031C,0,-4.986031,0.23590585589408875,0.8162878751754761,0.2643939256668091
YBR202W,YGR006W,0,-4.9880915,0.23577681183815002,0.8162878751754761,0.2645833194255829
YDL044C,YMR190C,0,-4.9890084,0.23564790189266205,0.8162878751754761,0.2647727131843567
YJL134W,YNR059W,0,-4.9901834,0.23551912605762482,0.8162878751754761,0.2649621069431305
YCL066W,YJL094C,0,-4.990632,0.23539049923419952,0.8162878751754761,0.2651515007019043
YMR316W,YGL090W,0,-4.9927154,0.23526200652122498,0.8162878751754761,0.2653408944606781
YJL024C,YNL326C,0,-4.994906,0.23513366281986237,0.8162878751754761,0.2655302882194519
YOR127W,YBL005W-A,0,-4.9949284,0.2350054532289505,0.8162878751754761,0.2657197117805481
YNL172W,YML088W,1,-4.9953284,0.23542234301567078,0.8181818127632141,0.2657197117805481
YJL014W,YKR062W,0,-4.995934,0.23529411852359772,0.8181818127632141,0.2659091055393219
YOR284W,YLR371W,0,-4.996083,0.2351660281419754,0.8181818127632141,0.2660984992980957
YMR319C,YBR100W,0,-4.9963965,0.23503808677196503,0.8181818127632141,0.2662878930568695
YDR461W,YHR152W,0,-4.9967585,0.2349102795124054,0.8181818127632141,0.2664772868156433
YOR198C,YGR267C,0,-4.999766,0.2347826063632965,0.8181818127632141,0.2666666805744171
YOR250C,YOR354C,0,-4.999847,0.23465508222579956,0.8181818127632141,0.2668560743331909
YBL019W,YDR175C,0,-4.9999366,0.23452769219875336,0.8181818127632141,0.2670454680919647
YKL192C,YNR008W,0,-4.9999967,0.2344004362821579,0.8181818127632141,0.2672348618507385
YDR175C,YDR190C,0,-5.0005374,0.23427331447601318,0.8181818127632141,0.26742425560951233
YBR245C,YJL100W,0,-5.0010347,0.2341463416814804,0.8181818127632141,0.26761364936828613
YLR220W,YLR371W,0,-5.0012565,0.23401950299739838,0.8181818127632141,0.26780304312705994
YLR100W,YGR267C,0,-5.00184,0.2338927984237671,0.8181818127632141,0.26799243688583374
YGR179C,YGR013W,0,-5.0030694,0.23376622796058655,0.8181818127632141,0.26818183064460754
YOL044W,YOL080C,0,-5.003765,0.23363980650901794,0.8181818127632141,0.26837122440338135
YJL196C,YLR212C,0,-5.0055375,0.23351351916790009,0.8181818127632141,0.26856061816215515
YOR023C,YER151C,0,-5.005568,0.23338735103607178,0.8181818127632141,0.26875001192092896
YHL011C,YBL020W,0,-5.0055747,0.2332613319158554,0.8181818127632141,0.26893940567970276
YPL042C,YHR106W,0,-5.0082784,0.23313546180725098,0.8181818127632141,0.26912879943847656
YPL161C,YBL063W,0,-5.010639,0.2330097109079361,0.8181818127632141,0.26931819319725037
YAL051W,YGR133W,0,-5.011639,0.23288409411907196,0.8181818127632141,0.26950758695602417
YGR166W,YEL019C,0,-5.012363,0.23275862634181976,0.8181818127632141,0.269696980714798
YNL271C,YER095W,0,-5.0126295,0.23263327777385712,0.8181818127632141,0.2698863744735718
YIL026C,YDR062W,0,-5.0129247,0.2325080782175064,0.8181818127632141,0.2700757682323456
YNL326C,YPR007C,0,-5.013622,0.23238299787044525,0.8181818127632141,0.2702651619911194
YJL146W,YHR005C-A,0,-5.0152826,0.23225806653499603,0.8181818127632141,0.2704545557498932
YKR046C,YNR064C,0,-5.0161896,0.23213325440883636,0.8181818127632141,0.270643949508667
YGR199W,YKL020C,0,-5.016206,0.23200859129428864,0.8181818127632141,0.2708333432674408
YGR140W,YEL034W,0,-5.0163693,0.23188406229019165,0.8181818127632141,0.2710227370262146
YCR075C,YJR126C,0,-5.0186105,0.23175965249538422,0.8181818127632141,0.2712121307849884
YNL251C,YOR315W,0,-5.0203457,0.23163539171218872,0.8181818127632141,0.2714015245437622
YLR399C,YDR529C,0,-5.020615,0.23151125013828278,0.8181818127632141,0.271590918302536
YOR185C,YGR006W,0,-5.0215836,0.23138725757598877,0.8181818127632141,0.2717803120613098
YMR188C,YOR056C,0,-5.0222993,0.23126338422298431,0.8181818127632141,0.2719697058200836
YGR082W,YOL102C,0,-5.02257,0.2311396449804306,0.8181818127632141,0.2721590995788574
YGR113W,YLL003W,0,-5.0229096,0.23101603984832764,0.8181818127632141,0.2723484933376312
YDR487C,YDR489W,0,-5.0231314,0.23089256882667542,0.8181818127632141,0.27253788709640503
YDR243C,YFL033C,0,-5.027521,0.23076923191547394,0.8181818127632141,0.27272728085517883
YGR006W,YEL057C,0,-5.0279684,0.2306460291147232,0.8181818127632141,0.27291667461395264
YLR347C,YDL076C,0,-5.0292144,0.23052294552326202,0.8181818127632141,0.27310606837272644
YMR042W,YJL190C,0,-5.02949,0.2303999960422516,0.8181818127632141,0.27329546213150024
YIL114C,YCL069W,0,-5.0294976,0.2302771806716919,0.8181818127632141,0.27348485589027405
YAR031W,YML064C,0,-5.030438,0.23015449941158295,0.8181818127632141,0.27367424964904785
YJR002W,YPL031C,0,-5.0316615,0.23003195226192474,0.8181818127632141,0.27386364340782166
YDR052C,YGL115W,0,-5.03173,0.2299095243215561,0.8181818127632141,0.27405303716659546
YNL279W,YBL005W-A,0,-5.032397,0.22978723049163818,0.8181818127632141,0.27424243092536926
YLR207W,YIL017C,1,-5.0338607,0.23019669950008392,0.8200757503509521,0.27424243092536926
YOR256C,YBR082C,1,-5.0338783,0.23060573637485504,0.8219696879386902,0.27424243092536926
YKR022C,YOR297C,0,-5.0354133,0.230483278632164,0.8219696879386902,0.27443182468414307
YHL048W,YDR175C,0,-5.036781,0.2303609400987625,0.8219696879386902,0.27462121844291687
YDR400W,YGL227W,1,-5.036819,0.23076923191547394,0.8238636255264282,0.27462121844291687
YAL030W,YEL031W,0,-5.0372434,0.23064687848091125,0.8238636255264282,0.2748106122016907
YER013W,YER161C,0,-5.0380096,0.23052464425563812,0.8238636255264282,0.2750000059604645
YNL271C,YML040W,0,-5.039994,0.23040254414081573,0.8238636255264282,0.2751893997192383
YJL062W,YOR076C,0,-5.040479,0.2302805781364441,0.8238636255264282,0.2753787934780121
YIL033C,YGL090W,0,-5.0408187,0.230158731341362,0.8238636255264282,0.2755681872367859
YLR403W,YGR013W,0,-5.0413804,0.23003701865673065,0.8238636255264282,0.2757575809955597
YLR207W,YNL064C,1,-5.041428,0.23044396936893463,0.8257575631141663,0.2757575809955597
YCL017C,YDR489W,0,-5.0417027,0.2303222417831421,0.8257575631141663,0.2759469747543335
YOR032C,YPL032C,0,-5.0437875,0.2302006334066391,0.8257575631141663,0.2761363685131073
YDR123C,YLR301W,0,-5.0448484,0.23007915914058685,0.8257575631141663,0.2763257622718811
YOR049C,YER116C,0,-5.0460644,0.22995780408382416,0.8257575631141663,0.2765151560306549
YDR296W,YHR086W,0,-5.047771,0.2298365831375122,0.8257575631141663,0.2767045497894287
YPR019W,YKL179C,0,-5.0483727,0.229715496301651,0.8257575631141663,0.2768939435482025
YMR240C,YNL231C,0,-5.0500894,0.22959452867507935,0.8257575631141663,0.2770833373069763
YPL152W,YKR072C,0,-5.0525336,0.22947368025779724,0.8257575631141663,0.2772727310657501
YJL081C,YPL087W,0,-5.0539994,0.22935296595096588,0.8257575631141663,0.2774621248245239
YEL018W,YMR236W,0,-5.0541835,0.22923238575458527,0.8257575631141663,0.27765151858329773
YNL258C,YLL003W,0,-5.0542297,0.2291119247674942,0.8257575631141663,0.27784091234207153
YPL093W,YGL115W,0,-5.054992,0.22899159789085388,0.8257575631141663,0.27803030610084534
YKR046C,YER161C,0,-5.0550036,0.2288713902235031,0.8257575631141663,0.27821969985961914
YMR173W,YBL005W-A,0,-5.0555797,0.2287513166666031,0.8257575631141663,0.27840909361839294
YNL250W,YBL055C,0,-5.056421,0.22863136231899261,0.8257575631141663,0.27859848737716675
YOR188W,YDR443C,0,-5.0564775,0.2285115271806717,0.8257575631141663,0.27878788113594055
YFR024C-A,YBR100W,0,-5.060256,0.2283918261528015,0.8257575631141663,0.27897727489471436
YEL057C,YJL045W,0,-5.0603576,0.2282722443342209,0.8257575631141663,0.27916666865348816
YIL097W,YBR294W,0,-5.0625067,0.228152796626091,0.8257575631141663,0.27935606241226196
YDR062W,YPL031C,0,-5.062879,0.22803346812725067,0.8257575631141663,0.27954545617103577
YDR254W,YPL221W,0,-5.0628953,0.22791427373886108,0.8257575631141663,0.27973484992980957
YPR171W,YDR167W,0,-5.0651846,0.22779519855976105,0.8257575631141663,0.2799242436885834
YGR145W,YKL032C,0,-5.0656867,0.22767624258995056,0.8257575631141663,0.2801136374473572
YPL046C,YGR135W,1,-5.0662236,0.22807933390140533,0.8276515007019043,0.2801136374473572
YOL115W,YCR027C,0,-5.066362,0.22796034812927246,0.8276515007019043,0.280303031206131
YJL063C,YGR270W,0,-5.066809,0.22784149646759033,0.8276515007019043,0.2804924249649048
YNL251C,YDR487C,0,-5.067178,0.22772277891635895,0.8276515007019043,0.2806818187236786
YLR328W,YBL018C,0,-5.0682197,0.22760416567325592,0.8276515007019043,0.2808712124824524
YBR102C,YPR005C,0,-5.0684075,0.22748568654060364,0.8276515007019043,0.2810606062412262
YBR093C,YEL002C,0,-5.0693183,0.2273673266172409,0.8276515007019043,0.28125
YKL054C,YMR067C,1,-5.069526,0.22776910662651062,0.8295454382896423,0.28125
YJR078W,YJL156C,0,-5.070231,0.2276507318019867,0.8295454382896423,0.2814393937587738
YNL142W,YKL117W,0,-5.0726523,0.22753246128559113,0.8295454382896423,0.2816287875175476
YJL054W,YPL144W,0,-5.072707,0.2274143248796463,0.8295454382896423,0.2818181812763214
YGL207W,YDL077C,0,-5.07283,0.22729632258415222,0.8295454382896423,0.2820075750350952
YPL132W,YPL016W,0,-5.0730734,0.2271784245967865,0.8295454382896423,0.282196968793869
YKL041W,YNL064C,1,-5.073252,0.2275790572166443,0.8314393758773804,0.282196968793869
YDR062W,YFL033C,0,-5.073826,0.22746114432811737,0.8314393758773804,0.2823863625526428
YOR371C,YOR308C,0,-5.073952,0.22734335064888,0.8314393758773804,0.2825757563114166
YPR100W,YHR091C,0,-5.074474,0.2272256761789322,0.8314393758773804,0.28276515007019043
YPR124W,YDR129C,0,-5.07457,0.22710812091827393,0.8314393758773804,0.28295454382896423
YOL094C,YBR165W,0,-5.075221,0.2269906997680664,0.8314393758773804,0.28314393758773804
YNL214W,YBL020W,0,-5.0756936,0.22687338292598724,0.8314393758773804,0.28333333134651184
YHR086W,YMR182C,0,-5.075831,0.22675620019435883,0.8314393758773804,0.28352272510528564
YBR015C,YOR119C,0,-5.077023,0.22663913667201996,0.8314393758773804,0.28371211886405945
YGL163C,YML021C,0,-5.077206,0.22652219235897064,0.8314393758773804,0.28390151262283325
YNR027W,YEL002C,0,-5.078954,0.22640536725521088,0.8314393758773804,0.28409090638160706
YER016W,YMR164C,0,-5.079039,0.22628866136074066,0.8314393758773804,0.28428030014038086
YMR204C,YAR010C,0,-5.0796075,0.22617207467556,0.8314393758773804,0.28446969389915466
YLR176C,YJR026W,0,-5.0803256,0.22605560719966888,0.8314393758773804,0.28465908765792847
YNR019W,YKL179C,0,-5.08096,0.22593927383422852,0.8314393758773804,0.28484848141670227
YGL166W,YLR238W,0,-5.081134,0.2258230447769165,0.8314393758773804,0.2850378751754761
YJL168C,YAR042W,0,-5.081927,0.22570693492889404,0.8314393758773804,0.2852272689342499
YFR021W,YCL012W,0,-5.082003,0.22559095919132233,0.8314393758773804,0.2854166626930237
YKL190W,YOL028C,0,-5.082138,0.22547508776187897,0.8314393758773804,0.2856060564517975
YPL051W,YOR373W,0,-5.082672,0.22535933554172516,0.8314393758773804,0.2857954502105713
YKL185W,YDL020C,0,-5.0843296,0.2252437174320221,0.8314393758773804,0.2859848439693451
YMR240C,YCL035C,0,-5.0848603,0.2251282036304474,0.8314393758773804,0.2861742377281189
YLR238W,YGR264C,0,-5.0857263,0.22501280903816223,0.8314393758773804,0.2863636314868927
YLR442C,YOR270C,0,-5.089201,0.22489753365516663,0.8314393758773804,0.2865530252456665
YJR127C,YBR293W,0,-5.0898614,0.22478239238262177,0.8314393758773804,0.2867424190044403
YNL294C,YLR442C,0,-5.090174,0.22466735541820526,0.8314393758773804,0.2869318127632141
YBR020W,YML105C,0,-5.091236,0.22455242276191711,0.8314393758773804,0.2871212065219879
YKL074C,YDR175C,0,-5.0919514,0.2244376242160797,0.8314393758773804,0.2873106002807617
YJL081C,YJR002W,0,-5.0924144,0.22432294487953186,0.8314393758773804,0.2874999940395355
YDR529C,YER180C-A,0,-5.093886,0.22420836985111237,0.8314393758773804,0.2876893877983093
YJR025C,YOL071W,0,-5.0939174,0.22409392893314362,0.8314393758773804,0.28787878155708313
YCL051W,YDR435C,0,-5.094573,0.22397959232330322,0.8314393758773804,0.28806817531585693
YAR007C,YLL021W,0,-5.0955105,0.22386537492275238,0.8314393758773804,0.28825756907463074
YKL138C-A,YML064C,0,-5.0957236,0.2237512767314911,0.8314393758773804,0.28844696283340454
YCR086W,YDR389W,0,-5.0958686,0.22363728284835815,0.8314393758773804,0.28863635659217834
YHR072W,YOL010W,0,-5.0965314,0.22352342307567596,0.8314393758773804,0.28882575035095215
YJL178C,YDR457W,0,-5.0969524,0.22340966761112213,0.8314393758773804,0.28901514410972595
YLR347C,YNL025C,0,-5.09726,0.22329603135585785,0.8314393758773804,0.28920453786849976
YER045C,YKR101W,0,-5.0973077,0.22318251430988312,0.8314393758773804,0.28939393162727356
YER112W,YNL197C,0,-5.097965,0.22306910157203674,0.8314393758773804,0.28958332538604736
YPR128C,YJR089W,0,-5.0982394,0.22295580804347992,0.8314393758773804,0.28977271914482117
YIL048W,YLL041C,0,-5.0997047,0.22284263372421265,0.8314393758773804,0.28996211290359497
YDR216W,YDL161W,0,-5.0997477,0.22272957861423492,0.8314393758773804,0.2901515066623688
YNR019W,YDR150W,0,-5.099842,0.22261662781238556,0.8314393758773804,0.2903409004211426
YHR043C,YML088W,1,-5.1000676,0.22301064431667328,0.8333333134651184,0.2903409004211426
YOR119C,YDL111C,0,-5.10055,0.22289766371250153,0.8333333134651184,0.2905302941799164
YOR119C,YDL244W,0,-5.102538,0.22278481721878052,0.8333333134651184,0.2907196879386902
YGR108W,YPL042C,0,-5.102903,0.22267206013202667,0.8333333134651184,0.290909081697464
YHR015W,YHR021C,0,-5.1037354,0.22255943715572357,0.8333333134651184,0.2910984754562378
YPL275W,YPL283C,0,-5.1040773,0.22244691848754883,0.8333333134651184,0.2912878692150116
YHL019C,YBL005W,0,-5.1046886,0.22233451902866364,0.8333333134651184,0.2914772629737854
YHL019C,YOR109W,0,-5.105201,0.2222222238779068,0.8333333134651184,0.2916666567325592
YKL190W,YPR135W,0,-5.1055217,0.22211004793643951,0.8333333134651184,0.291856050491333
YGR085C,YMR313C,0,-5.1064925,0.22199797630310059,0.8333333134651184,0.2920454442501068
YOR147W,YDL194W,0,-5.10691,0.2218860238790512,0.8333333134651184,0.2922348380088806
YHR081W,YDR268W,0,-5.1071005,0.22177419066429138,0.8333333134651184,0.2924242317676544
YBL084C,YMR264W,1,-5.107133,0.2221662402153015,0.8352272510528564,0.2924242317676544
YNL031C,YKL126W,0,-5.108021,0.2220543771982193,0.8352272510528564,0.2926136255264282
YGR028W,YKL051W,0,-5.109123,0.22194263339042664,0.8352272510528564,0.292803019285202
YPL167C,YDR082W,0,-5.110502,0.22183097898960114,0.8352272510528564,0.29299241304397583
YDL028C,YJR063W,0,-5.1116643,0.22171945869922638,0.8352272510528564,0.29318180680274963
YGR244C,YBL020W,0,-5.1116757,0.22160804271697998,0.8352272510528564,0.29337120056152344
YMR042W,YHL048W,0,-5.111687,0.22149673104286194,0.8352272510528564,0.29356059432029724
YBR272C,YBL075C,0,-5.112202,0.22138553857803345,0.8352272510528564,0.29374998807907104
YLR176C,YER019C-A,0,-5.113444,0.2212744653224945,0.8352272510528564,0.29393938183784485
YMR042W,YBR036C,0,-5.115083,0.22116349637508392,0.8352272510528564,0.29412877559661865
YDR312W,YDR443C,0,-5.1157727,0.2210526317358017,0.8352272510528564,0.29431816935539246
YHR191C,YMR101C,0,-5.1170993,0.22094188630580902,0.8352272510528564,0.29450756311416626
YNR027W,YER112W,0,-5.117291,0.2208312451839447,0.8352272510528564,0.29469695687294006
YPL154C,YLL003W,0,-5.117725,0.22072072327136993,0.8352272510528564,0.29488635063171387
YBL084C,YBL057C,1,-5.1184883,0.22111055254936218,0.8371211886405945,0.29488635063171387
YDR473C,YJR127C,0,-5.118873,0.22100000083446503,0.8371211886405945,0.29507574439048767
YGR133W,YBR293W,0,-5.1206746,0.22088955342769623,0.8371211886405945,0.2952651381492615
YMR198W,YER180C-A,0,-5.1214566,0.22077922523021698,0.8371211886405945,0.2954545319080353
YLR353W,YPR054W,0,-5.12193,0.2206690013408661,0.8371211886405945,0.2956439256668091
YJR025C,YLR069C,0,-5.1227007,0.22055888175964355,0.8371211886405945,0.2958333194255829
YBR093C,YJL093C,0,-5.122954,0.22044888138771057,0.8371211886405945,0.2960227131843567
YBR274W,YDR312W,0,-5.1230545,0.22033898532390594,0.8371211886405945,0.2962121069431305
YMR088C,YPR078C,0,-5.1235986,0.22022919356822968,0.8371211886405945,0.2964015007019043
YGR267C,YMR088C,0,-5.1240478,0.22011952102184296,0.8371211886405945,0.2965908944606781
YEL032W,YDR529C,0,-5.1243734,0.2200099527835846,0.8371211886405945,0.2967802882194519
YER051W,YML105C,0,-5.125167,0.21990050375461578,0.8371211886405945,0.2969697117805481
YIL167W,YBR097W,0,-5.1251936,0.21979114413261414,0.8371211886405945,0.2971591055393219
YML004C,YOL005C,0,-5.1254654,0.21968190371990204,0.8371211886405945,0.2973484992980957
YCR088W,YDR518W,0,-5.1263638,0.2195727825164795,0.8371211886405945,0.2975378930568695
YGR216C,YCR028C-A,0,-5.1273904,0.2194637507200241,0.8371211886405945,0.2977272868156433
YNL172W,YGL227W,1,-5.128489,0.21985112130641937,0.8390151262283325,0.2977272868156433
YDR118W,YDR330W,1,-5.129044,0.2202380895614624,0.8409090638160706,0.2977272868156433
YCL039W,YDR238C,0,-5.130609,0.22012890875339508,0.8409090638160706,0.2979166805744171
YKR028W,YDL194W,0,-5.1326766,0.22001981735229492,0.8409090638160706,0.2981060743331909
YOR109W,YNR064C,0,-5.1347933,0.21991084516048431,0.8409090638160706,0.2982954680919647
YBL063W,YEL031W,0,-5.135922,0.21980197727680206,0.8409090638160706,0.2984848618507385
YDR123C,YLR312C-B,0,-5.13631,0.21969322860240936,0.8409090638160706,0.29867425560951233
YKL054C,YML088W,1,-5.136906,0.22007912397384644,0.8428030014038086,0.29867425560951233
YNR027W,YDR153C,0,-5.137545,0.21997034549713135,0.8428030014038086,0.29886364936828613
YDL093W,YNL138W,0,-5.1382737,0.21986165642738342,0.8428030014038086,0.29905304312705994
YKL054C,YLR207W,1,-5.138393,0.22024691104888916,0.8446969985961914,0.29905304312705994
YMR112C,YGR008C,0,-5.138518,0.22013820707798004,0.8446969985961914,0.29924243688583374
YDR479C,YKL058W,0,-5.139018,0.22002960741519928,0.8446969985961914,0.29943183064460754
YLR109W,YPL016W,0,-5.139891,0.21992109715938568,0.8446969985961914,0.29962122440338135
YLR069C,YOR354C,0,-5.140783,0.21981272101402283,0.8446969985961914,0.29981061816215515
YMR083W,YDL078C,0,-5.141018,0.21970443427562714,0.8446969985961914,0.30000001192092896
YOR109W,YBR294W,0,-5.143513,0.2195962518453598,0.8446969985961914,0.30018940567970276
YGR055W,YNR034W,0,-5.1435227,0.21948818862438202,0.8446969985961914,0.30037879943847656
YKL152C,YMR285C,0,-5.1437125,0.2193802297115326,0.8446969985961914,0.30056819319725037
YGL014W,YGR002C,0,-5.1470385,0.21927237510681152,0.8446969985961914,0.30075758695602417
YPL161C,YOR371C,0,-5.1472845,0.2191646248102188,0.8446969985961914,0.300946980714798
YBR217W,YIL026C,0,-5.1485753,0.21905697882175446,0.8446969985961914,0.3011363744735718
YPL031C,YPR078C,0,-5.1489344,0.21894943714141846,0.8446969985961914,0.3013257682323456
YAL017W,YEL065W,0,-5.1489944,0.21884199976921082,0.8446969985961914,0.3015151619911194
YDR022C,YHR014W,0,-5.1503444,0.21873466670513153,0.8446969985961914,0.3017045557498932
YDR434W,YGR091W,0,-5.15373,0.2186274528503418,0.8446969985961914,0.301893949508667
YNL041C,YBL025W,0,-5.1547976,0.21852032840251923,0.8446969985961914,0.3020833432674408
YOR074C,YMR015C,0,-5.154868,0.2184133231639862,0.8446969985961914,0.3022727370262146
YOR119C,YML034W,0,-5.156962,0.21830640733242035,0.8446969985961914,0.3024621307849884
YNL318C,YDR488C,0,-5.158033,0.21819961071014404,0.8446969985961914,0.3026515245437622
YLR109W,YPL157W,0,-5.158221,0.2180929034948349,0.8446969985961914,0.302840918302536
YGL025C,YLR016C,0,-5.158224,0.2179863154888153,0.8446969985961914,0.3030303120613098
YIL065C,YOR076C,0,-5.1583085,0.21787981688976288,0.8446969985961914,0.3032197058200836
YML051W,YMR112C,0,-5.1586576,0.2177734375,0.8446969985961914,0.3034090995788574
YBR245C,YDR268W,0,-5.1597557,0.21766714751720428,0.8446969985961914,0.3035984933376312
YIR019C,YDR259C,0,-5.161262,0.21756097674369812,0.8446969985961914,0.30378788709640503
YML088W,YNL064C,1,-5.1626716,0.21794246137142181,0.8465909361839294,0.30378788709640503
YDR093W,YMR260C,0,-5.1649303,0.21783626079559326,0.8465909361839294,0.30397728085517883
YOL060C,YMR137C,0,-5.1666503,0.21773014962673187,0.8465909361839294,0.30416667461395264
YCL012W,YNL103W,0,-5.166778,0.21762414276599884,0.8465909361839294,0.30435606837272644
YLR353W,YCL033C,0,-5.1669927,0.21751825511455536,0.8465909361839294,0.30454546213150024
YHL048W,YDL115C,0,-5.168059,0.21741245687007904,0.8465909361839294,0.30473485589027405
YPR030W,YHR214C-B,0,-5.171485,0.21730676293373108,0.8465909361839294,0.30492424964904785
YIL035C,YML095C,0,-5.171722,0.21720117330551147,0.8465909361839294,0.30511364340782166
YKR048C,YLL003W,0,-5.1737313,0.21709567308425903,0.8465909361839294,0.30530303716659546
YDR330W,YDR400W,1,-5.173955,0.21747572720050812,0.8484848737716675,0.30530303716659546
YHL025W,YKR056W,0,-5.174566,0.21737021207809448,0.8484848737716675,0.30549243092536926
YHR118C,YDR279W,0,-5.1761203,0.217264786362648,0.8484848737716675,0.30568182468414307
YDR188W,YDR363W,0,-5.176276,0.2171594798564911,0.8484848737716675,0.30587121844291687
YLR207W,YDR330W,1,-5.1763234,0.2175387591123581,0.8503788113594055,0.30587121844291687
YDR093W,YHR005C-A,0,-5.1767683,0.2174334079027176,0.8503788113594055,0.3060606122016907
YDL030W,YLR212C,0,-5.1771455,0.21732817590236664,0.8503788113594055,0.3062500059604645
YGR133W,YDL038C,0,-5.1778626,0.21722303330898285,0.8503788113594055,0.3064393997192383
YOL095C,YDR175C,0,-5.178435,0.21711799502372742,0.8503788113594055,0.3066287934780121
YPR178W,YFL037W,0,-5.178474,0.21701304614543915,0.8503788113594055,0.3068181872367859
YDR434W,YOR294W,0,-5.178609,0.21690821647644043,0.8503788113594055,0.3070075809955597
YCR082W,YNL250W,0,-5.1800036,0.21680347621440887,0.8503788113594055,0.3071969747543335
YGR007W,YOR127W,0,-5.1801267,0.21669884026050568,0.8503788113594055,0.3073863685131073
YNR072W,YIL051C,0,-5.1817284,0.21659430861473083,0.8503788113594055,0.3075757622718811
YMR035W,YGL100W,0,-5.1821027,0.21648988127708435,0.8503788113594055,0.3077651560306549
YKR036C,YBL008W,0,-5.1849346,0.21638554334640503,0.8503788113594055,0.3079545497894287
YMR237W,YOR056C,0,-5.1855655,0.21628130972385406,0.8503788113594055,0.3081439435482025
YPL193W,YGL039W,0,-5.1857185,0.21617718040943146,0.8503788113594055,0.3083333373069763
YHR072W,YDR353W,0,-5.1868377,0.216073140501976,0.8503788113594055,0.3085227310657501
YML078W,YER180C-A,0,-5.1872106,0.21596921980381012,0.8503788113594055,0.3087121248245239
YIL026C,YGL252C,0,-5.1880445,0.2158653885126114,0.8503788113594055,0.30890151858329773
YLR056W,YMR015C,0,-5.188315,0.21576164662837982,0.8503788113594055,0.30909091234207153
YBL019W,YJL146W,0,-5.1891313,0.2156580239534378,0.8503788113594055,0.30928030610084534
YBL035C,YDR487C,0,-5.1894937,0.21555449068546295,0.8503788113594055,0.30946969985961914
YGL166W,YBL008W,0,-5.189654,0.21545106172561646,0.8503788113594055,0.30965909361839294
YCL012W,YOR298C-A,0,-5.1902227,0.21534772217273712,0.8503788113594055,0.30984848737716675
YGR108W,YJR120W,0,-5.1910973,0.21524448692798615,0.8503788113594055,0.31003788113594055
YNR027W,YFR008W,0,-5.1924844,0.21514135599136353,0.8503788113594055,0.31022727489471436
YLR052W,YDR245W,0,-5.192548,0.21503831446170807,0.8503788113594055,0.31041666865348816
YJL196C,YLR214W,0,-5.1941543,0.21493537724018097,0.8503788113594055,0.31060606241226196
YGL090W,YOL138C,0,-5.195975,0.21483252942562103,0.8503788113594055,0.31079545617103577
YIL051C,YLR442C,0,-5.198969,0.21472980082035065,0.8503788113594055,0.31098484992980957
YPL167C,YDR464W,0,-5.199044,0.21462714672088623,0.8503788113594055,0.3111742436885834
YDL078C,YMR260C,0,-5.1994257,0.21452461183071136,0.8503788113594055,0.3113636374473572
YML081C-A,YML105C,0,-5.1995983,0.21442215144634247,0.8503788113594055,0.311553031206131
YBR193C,YDL111C,0,-5.1998363,0.21431981027126312,0.8503788113594055,0.3117424249649048
YJR089W,YNL250W,0,-5.2000484,0.21421755850315094,0.8503788113594055,0.3119318187236786
YGR213C,YDL120W,0,-5.2018194,0.21411539614200592,0.8503788113594055,0.3121212124824524
YCR065W,YIL013C,0,-5.202023,0.21401335299015045,0.8503788113594055,0.3123106062412262
YLR438C-A,YDL020C,0,-5.203429,0.21391138434410095,0.8503788113594055,0.3125
YHL048W,YGL200C,0,-5.2034965,0.2138095200061798,0.8503788113594055,0.3126893937587738
YBR102C,YLR312C-B,0,-5.203898,0.21370775997638702,0.8503788113594055,0.3128787875175476
YOR298C-A,YMR293C,0,-5.203948,0.2136060893535614,0.8503788113594055,0.3130681812763214
YNL250W,YBR198C,0,-5.204631,0.21350452303886414,0.8503788113594055,0.3132575750350952
YDR300C,YAR010C,0,-5.205317,0.21340304613113403,0.8503788113594055,0.313446968793869
YFR051C,YOR332W,0,-5.2118554,0.2133016586303711,0.8503788113594055,0.3136363625526428
YCL069W,YDR247W,0,-5.2130995,0.2132003754377365,0.8503788113594055,0.3138257563114166
YMR237W,YGL115W,0,-5.2141137,0.21309919655323029,0.8503788113594055,0.31401515007019043
YOR361C,YJL143W,0,-5.2147045,0.21299810707569122,0.8503788113594055,0.31420454382896423
YHR068W,YEL032W,0,-5.2152843,0.21289710700511932,0.8503788113594055,0.31439393758773804
YIR019C,YDR382W,0,-5.217526,0.21279621124267578,0.8503788113594055,0.31458333134651184
YIL079C,YCR024C-A,0,-5.2179055,0.2126954048871994,0.8503788113594055,0.31477272510528564
YOR046C,YPL244C,0,-5.2185407,0.21259470283985138,0.8503788113594055,0.31496211886405945
YLR370C,YMR277W,0,-5.219081,0.21249409019947052,0.8503788113594055,0.31515151262283325
YOR074C,YOL042W,0,-5.2211413,0.21239356696605682,0.8503788113594055,0.31534090638160706
YDL076C,YLR442C,0,-5.2215266,0.21229314804077148,0.8503788113594055,0.31553030014038086
YNL278W,YNR039C,0,-5.2219667,0.2121928185224533,0.8503788113594055,0.31571969389915466
YJL178C,YNR048W,0,-5.223705,0.2120925784111023,0.8503788113594055,0.31590908765792847
YPL155C,YDR082W,0,-5.2248106,0.21199244260787964,0.8503788113594055,0.31609848141670227
YPR017C,YJL061W,0,-5.225275,0.21189239621162415,0.8503788113594055,0.3162878751754761
YKL190W,YJR127C,0,-5.225784,0.211792454123497,0.8503788113594055,0.3164772689342499
YHR030C,YPL283C,0,-5.2262225,0.21169260144233704,0.8503788113594055,0.3166666626930237
YOR351C,YPL128C,0,-5.226329,0.21159283816814423,0.8503788113594055,0.3168560564517975
YNR072W,YER095W,0,-5.2268844,0.21149316430091858,0.8503788113594055,0.3170454502105713
YGL200C,YLR254C,0,-5.226914,0.2113935947418213,0.8503788113594055,0.3172348439693451
YDR243C,YIL082W-A,0,-5.227203,0.21129411458969116,0.8503788113594055,0.3174242377281189
YMR277W,YOR085W,0,-5.2278585,0.2111947387456894,0.8503788113594055,0.3176136314868927
YIL033C,YML040W,0,-5.228143,0.2110954374074936,0.8503788113594055,0.3178030252456665
YFR046C,YOL021C,0,-5.228261,0.21099624037742615,0.8503788113594055,0.3179924190044403
YPL218W,YGR008C,0,-5.228929,0.21089713275432587,0.8503788113594055,0.3181818127632141
YDR353W,YDL120W,0,-5.229066,0.21079812943935394,0.8503788113594055,0.3183712065219879
YPL032C,YJR120W,0,-5.229544,0.210699200630188,0.8503788113594055,0.3185606002807617
YDL115C,YCR012W,0,-5.22992,0.2106003761291504,0.8503788113594055,0.3187499940395355
YEL034W,YFL037W,0,-5.2301674,0.21050164103507996,0.8503788113594055,0.3189393877983093
YNL123W,YDR175C,0,-5.2303863,0.21040299534797668,0.8503788113594055,0.31912878155708313
YPL049C,YGL169W,0,-5.2306247,0.21030445396900177,0.8503788113594055,0.31931817531585693
YPL097W,YER111C,0,-5.2317457,0.21020598709583282,0.8503788113594055,0.31950756907463074
YNL031C,YMR137C,0,-5.2329354,0.21010762453079224,0.8503788113594055,0.31969696283340454
YOR281C,YJR026W,0,-5.233948,0.2100093513727188,0.8503788113594055,0.31988635659217834
YHR118C,YJR026W,0,-5.233977,0.20991116762161255,0.8503788113594055,0.32007575035095215
YBR121C,YLR312C-B,0,-5.234073,0.20981308817863464,0.8503788113594055,0.32026514410972595
YGL019W,YOR188W,0,-5.2357802,0.2097150832414627,0.8503788113594055,0.32045453786849976
YOR332W,YIL082W-A,0,-5.2364764,0.20961718261241913,0.8503788113594055,0.32064393162727356
YKL135C,YKL081W,0,-5.2366753,0.2095193713903427,0.8503788113594055,0.32083332538604736
YOL139C,YLR228C,0,-5.2381167,0.20942163467407227,0.8503788113594055,0.32102271914482117
YDL078C,YBR030W,0,-5.238154,0.20932400226593018,0.8503788113594055,0.32121211290359497
YMR236W,YMR293C,0,-5.2382884,0.20922647416591644,0.8503788113594055,0.3214015066623688
YNL006W,YDR077W,0,-5.238402,0.20912902057170868,0.8503788113594055,0.3215909004211426
YPR133C,YPR074C,0,-5.2385554,0.20903165638446808,0.8503788113594055,0.3217802941799164
YOL135C,YHR106W,0,-5.241277,0.20893438160419464,0.8503788113594055,0.3219696879386902
YJL062W,YHR090C,0,-5.241839,0.20883721113204956,0.8503788113594055,0.322159081697464
YPL096W,YKL041W,1,-5.2418833,0.2092050164937973,0.8522727489471436,0.322159081697464
YKL135C,YNR059W,0,-5.2449083,0.20910780131816864,0.8522727489471436,0.3223484754562378
YOR354C,YDR443C,0,-5.2454476,0.20901067554950714,0.8522727489471436,0.3225378692150116
YAL041W,YJR029W,0,-5.246688,0.208913654088974,0.8522727489471436,0.3227272629737854
YFR046C,YLL043W,0,-5.2482586,0.20881670713424683,0.8522727489471436,0.3229166567325592
YKL073W,YLR452C,0,-5.249203,0.20871984958648682,0.8522727489471436,0.323106050491333
YBL014C,YIL138C,0,-5.250779,0.20862308144569397,0.8522727489471436,0.3232954442501068
YBR100W,YCL033C,0,-5.251476,0.20852641761302948,0.8522727489471436,0.3234848380088806
YIL004C,YLR100W,0,-5.252214,0.20842982828617096,0.8522727489471436,0.3236742317676544
YGR028W,YOR162C,0,-5.2524395,0.2083333283662796,0.8522727489471436,0.3238636255264282
YLR214W,YNL214W,0,-5.2525525,0.2082369327545166,0.8522727489471436,0.324053019285202
YKL073W,YLL021W,0,-5.2536106,0.20814061164855957,0.8522727489471436,0.32424241304397583
YBR109C,YBL006C,0,-5.254218,0.2080443799495697,0.8522727489471436,0.32443180680274963
YNL172W,YLR207W,1,-5.2547083,0.2084103524684906,0.8541666865348816,0.32443180680274963
YDR123C,YKR022C,0,-5.2562304,0.20831409096717834,0.8541666865348816,0.32462120056152344
YNL214W,YDR353W,0,-5.2564435,0.20821791887283325,0.8541666865348816,0.32481059432029724
YML004C,YLL021W,0,-5.2598786,0.20812182128429413,0.8541666865348816,0.32499998807907104
YOR185C,YLR016C,0,-5.261863,0.20802582800388336,0.8541666865348816,0.32518938183784485
YDR167W,YNL121C,0,-5.262194,0.20792992413043976,0.8541666865348816,0.32537877559661865
YER151C,YPL020C,0,-5.2624297,0.20783409476280212,0.8541666865348816,0.32556816935539246
YPR135W,YJL018W,0,-5.2630005,0.20773836970329285,0.8541666865348816,0.32575756311416626
YNL225C,YHR021C,0,-5.26368,0.20764271914958954,0.8541666865348816,0.32594695687294006
YDR188W,YPL076W,0,-5.264689,0.2075471729040146,0.8541666865348816,0.32613635063171387
YNL094W,YMR218C,0,-5.2649455,0.2074517011642456,0.8541666865348816,0.32632574439048767
YIR006C,YDR103W,0,-5.2658362,0.2073563188314438,0.8541666865348816,0.3265151381492615
YGR199W,YHR154W,0,-5.2685866,0.20726102590560913,0.8541666865348816,0.3267045319080353
YOL103W-B,YPR158W-B,0,-5.2687707,0.20716582238674164,0.8541666865348816,0.3268939256668091
YOR298C-A,YIR019C,0,-5.2689795,0.2070707082748413,0.8541666865348816,0.3270833194255829
YKL186C,YDR443C,0,-5.270495,0.20697568356990814,0.8541666865348816,0.3272727131843567
YCR065W,YKR022C,0,-5.271527,0.20688073337078094,0.8541666865348816,0.3274621069431305
YJL094C,YGL249W,0,-5.27203,0.2067858725786209,0.8541666865348816,0.3276515007019043
YDR118W,YDR358W,1,-5.272173,0.20714940130710602,0.8560606241226196,0.3276515007019043
YMR264W,YDL190C,1,-5.2734833,0.20751260221004486,0.8579545617103577,0.3276515007019043
YCL017C,YLR002C,0,-5.274015,0.2074175775051117,0.8579545617103577,0.3278408944606781
YER155C,YAR010C,0,-5.275077,0.20732265710830688,0.8579545617103577,0.3280302882194519
YGL090W,YML105C,0,-5.276331,0.20722781121730804,0.8579545617103577,0.3282197117805481
YMR008C,YDL038C,0,-5.276398,0.20713305473327637,0.8579545617103577,0.3284091055393219
YHR011W,YJL018W,0,-5.276444,0.20703838765621185,0.8579545617103577,0.3285984992980957
YLL009C,YJR050W,0,-5.2770076,0.2069438099861145,0.8579545617103577,0.3287878930568695
YDR118W,YDR400W,1,-5.278597,0.2073059380054474,0.8598484992980957,0.3287878930568695
YAL013W,YKL035W,0,-5.279433,0.20721131563186646,0.8598484992980957,0.3289772868156433
YGR055W,YOR127W,0,-5.2796655,0.20711678266525269,0.8598484992980957,0.3291666805744171
YDR145W,YKR089C,0,-5.2797594,0.20702233910560608,0.8598484992980957,0.3293560743331909
YDR461W,YNR039C,0,-5.2797637,0.20692798495292664,0.8598484992980957,0.3295454680919647
YBL020W,YMR046C,0,-5.279844,0.20683372020721436,0.8598484992980957,0.3297348618507385
YDR473C,YHR050W,0,-5.2806916,0.20673952996730804,0.8598484992980957,0.32992425560951233
YBR257W,YIL167W,0,-5.281995,0.2066454291343689,0.8598484992980957,0.33011364936828613
YER053C,YER151C,0,-5.2824216,0.2065514177083969,0.8598484992980957,0.33030304312705994
YOR373W,YHL006C,0,-5.282868,0.2064574807882309,0.8598484992980957,0.33049243688583374
YHR107C,YIL048W,0,-5.2829137,0.20636363327503204,0.8598484992980957,0.33068183064460754
YDR448W,YIL042C,0,-5.2833486,0.20626987516880035,0.8598484992980957,0.33087122440338135
YLR288C,YAL051W,0,-5.283783,0.20617620646953583,0.8598484992980957,0.33106061816215515
YGR166W,YKL186C,0,-5.2853503,0.20608261227607727,0.8598484992980957,0.33125001192092896
YNR027W,YCL033C,0,-5.285628,0.20598910748958588,0.8598484992980957,0.33143940567970276
YHR081W,YJL089W,0,-5.285917,0.20589569211006165,0.8598484992980957,0.33162879943847656
YFR046C,YER108C,0,-5.286988,0.20580235123634338,0.8598484992980957,0.33181819319725037
YNL318C,YLR403W,0,-5.287984,0.20570911467075348,0.8598484992980957,0.33200758695602417
YOL060C,YJR127C,0,-5.288268,0.20561593770980835,0.8598484992980957,0.332196980714798
YMR243C,YGR122W,0,-5.2887306,0.20552286505699158,0.8598484992980957,0.3323863744735718
YOL165C,YMR112C,0,-5.2890434,0.20542986690998077,0.8598484992980957,0.3325757682323456
YNR008W,YHR106W,0,-5.289388,0.20533695816993713,0.8598484992980957,0.3327651619911194
YOR109W,YFL002W-A,0,-5.289703,0.20524412393569946,0.8598484992980957,0.3329545557498932
YOL115W,YJR026W,0,-5.29007,0.20515137910842896,0.8598484992980957,0.333143949508667
YJL196C,YDR172W,0,-5.2903247,0.2050587236881256,0.8598484992980957,0.3333333432674408
YAR031W,YKR062W,0,-5.2913413,0.20496614277362823,0.8598484992980957,0.3335227370262146
YOR035C,YPL042C,0,-5.2916446,0.20487365126609802,0.8598484992980957,0.3337121307849884
YIL038C,YKR101W,0,-5.293468,0.20478123426437378,0.8598484992980957,0.3339015245437622
YKL006C-A,YCL020W,0,-5.295178,0.2046889066696167,0.8598484992980957,0.334090918302536
YDR461W,YBR293W,0,-5.2953534,0.20459666848182678,0.8598484992980957,0.3342803120613098
YDL102W,YFL037W,0,-5.2975974,0.20450450479984283,0.8598484992980957,0.3344697058200836
YGL150C,YBL018C,0,-5.2990956,0.20441243052482605,0.8598484992980957,0.3346590995788574
YHR043C,YBR082C,1,-5.3008294,0.20477047562599182,0.8617424368858337,0.3346590995788574
YKL135C,YMR053C,0,-5.3011894,0.20467835664749146,0.8617424368858337,0.3348484933376312
YDL231C,YLR176C,0,-5.301234,0.20458632707595825,0.8617424368858337,0.33503788709640503
YPL155C,YBL103C,0,-5.3012877,0.2044943869113922,0.8617424368858337,0.33522728085517883
YJL168C,YDL130W-A,0,-5.3014045,0.20440252125263214,0.8617424368858337,0.33541667461395264
YPL051W,YMR218C,0,-5.301849,0.20431073009967804,0.8617424368858337,0.33560606837272644
YOR373W,YGL100W,0,-5.3019595,0.2042190283536911,0.8617424368858337,0.33579546213150024
YDR420W,YLR312C-B,0,-5.3021636,0.20412741601467133,0.8617424368858337,0.33598485589027405
YOR335C,YOL042W,0,-5.303427,0.20403587818145752,0.8617424368858337,0.33617424964904785
YJL063C,YDL185W,0,-5.303683,0.20394441485404968,0.8617424368858337,0.33636364340782166
YER038C,YBR090C-A,0,-5.303782,0.203853040933609,0.8617424368858337,0.33655303716659546
YGR036C,YHR074W,0,-5.3067584,0.2037617564201355,0.8617424368858337,0.33674243092536926
YNL172W,YPL096W,1,-5.3079443,0.20411817729473114,0.8636363744735718,0.33674243092536926
YDL231C,YPL087W,0,-5.3081,0.20402684807777405,0.8636363744735718,0.33693182468414307
YBR274W,YMR043W,0,-5.308633,0.20393559336662292,0.8636363744735718,0.33712121844291687
YPL155C,YDR098C-B,0,-5.3099627,0.20384442806243896,0.8636363744735718,0.3373106122016907
YBL057C,YNL064C,1,-5.3101583,0.20420017838478088,0.8655303120613098,0.3373106122016907
YKL179C,YPL032C,0,-5.3111215,0.20410898327827454,0.8655303120613098,0.3375000059604645
YDR062W,YNL123W,0,-5.3115215,0.20401786267757416,0.8655303120613098,0.3376893997192383
YJL210W,YCL033C,0,-5.311604,0.20392681658267975,0.8655303120613098,0.3378787934780121
YIR006C,YOR308C,0,-5.3125625,0.2038358598947525,0.8655303120613098,0.3380681872367859
YLR368W,YFL033C,0,-5.312793,0.20374497771263123,0.8655303120613098,0.3382575809955597
YDR377W,YGL019W,0,-5.3135533,0.2036541849374771,0.8655303120613098,0.3384469747543335
YBR217W,YDR268W,0,-5.313791,0.20356348156929016,0.8655303120613098,0.3386363685131073
YDL102W,YEL009C,0,-5.3144774,0.20347283780574799,0.8655303120613098,0.3388257622718811
YJR007W,YJL054W,0,-5.3151226,0.20338228344917297,0.8655303120613098,0.3390151560306549
YNR019W,YJR026W,0,-5.3157077,0.20329181849956512,0.8655303120613098,0.3392045497894287
YPL161C,YOL095C,0,-5.316096,0.20320142805576324,0.8655303120613098,0.3393939435482025
YPR017C,YOR085W,0,-5.3163543,0.20311111211776733,0.8655303120613098,0.3395833373069763
YDR316W-A,YPR137C-B,0,-5.316439,0.2030208855867386,0.8655303120613098,0.3397727310657501
YML091C,YJR127C,0,-5.3170323,0.2029307335615158,0.8655303120613098,0.3399621248245239
YPL244C,YKR072C,0,-5.3174357,0.202840656042099,0.8655303120613098,0.34015151858329773
YPR017C,YBL008W,0,-5.317879,0.20275066792964935,0.8655303120613098,0.34034091234207153
YOL095C,YBL006C,0,-5.317962,0.20266075432300568,0.8655303120613098,0.34053030610084534
YHR107C,YIL095W,0,-5.319735,0.20257091522216797,0.8655303120613098,0.34071969985961914
YBR036C,YHR197W,0,-5.321884,0.20248116552829742,0.8655303120613098,0.34090909361839294
YER051W,YPR140W,0,-5.3227506,0.20239149034023285,0.8655303120613098,0.34109848737716675
YHR090C,YML045W,0,-5.3237643,0.20230190455913544,0.8655303120613098,0.34128788113594055
YLR410W,YJR029W,0,-5.3248925,0.202212393283844,0.8655303120613098,0.34147727489471436
YGR055W,YCR027C,0,-5.3250413,0.20212295651435852,0.8655303120613098,0.34166666865348816
YGR128C,YPR158W-B,0,-5.326164,0.20203359425067902,0.8655303120613098,0.34185606241226196
YER045C,YML064C,0,-5.3262215,0.20194432139396667,0.8655303120613098,0.34204545617103577
YPL132W,YBR015C,0,-5.327221,0.2018551230430603,0.8655303120613098,0.34223484992980957
YNR044W,YNL275W,0,-5.327264,0.2017659991979599,0.8655303120613098,0.3424242436885834
YFR046C,YCL031C,0,-5.3289585,0.20167696475982666,0.8655303120613098,0.3426136374473572
YOR361C,YBL005W-A,0,-5.3289933,0.2015880048274994,0.8655303120613098,0.342803031206131
YKL185W,YNL271C,0,-5.3307767,0.2014991194009781,0.8655303120613098,0.3429924249649048
YGR188C,YGR199W,0,-5.3310394,0.20141030848026276,0.8655303120613098,0.3431818187236786
YLR231C,YBR100W,0,-5.33163,0.2013215869665146,0.8655303120613098,0.3433712124824524
YER174C,YEL057C,0,-5.3318443,0.2012329399585724,0.8655303120613098,0.3435606062412262
YOL060C,YBR212W,0,-5.333134,0.20114436745643616,0.8655303120613098,0.34375
YKL176C,YHR157W,0,-5.3340354,0.2010558694601059,0.8655303120613098,0.3439393937587738
YNL275W,YGR267C,0,-5.3343596,0.2009674608707428,0.8655303120613098,0.3441287875175476
YGR279C,YPR161C,0,-5.336058,0.20087912678718567,0.8655303120613098,0.3443181812763214
YJR155W,YDR316W-A,0,-5.336608,0.2007908672094345,0.8655303120613098,0.3445075750350952
YGR152C,YPL257W-B,0,-5.3367276,0.20070268213748932,0.8655303120613098,0.344696968793869
YLR231C,YNL098C,0,-5.337598,0.2006145715713501,0.8655303120613098,0.3448863625526428
YMR237W,YOR332W,0,-5.3376594,0.20052655041217804,0.8655303120613098,0.3450757563114166
YMR161W,YBR082C,1,-5.3378744,0.20087718963623047,0.8674242496490479,0.3450757563114166
YHR055C,YIL065C,0,-5.3380437,0.20078912377357483,0.8674242496490479,0.34526515007019043
YLR405W,YMR060C,0,-5.338371,0.20070113241672516,0.8674242496490479,0.34545454382896423
YGL054C,YGL097W,0,-5.3383765,0.20061323046684265,0.8674242496490479,0.34564393758773804
YKL054C,YJL001W,1,-5.3387365,0.20096322894096375,0.8693181872367859,0.34564393758773804
YKR019C,YBL014C,0,-5.338894,0.20087526738643646,0.8693181872367859,0.34583333134651184
YIL095W,YKL099C,0,-5.339354,0.20078739523887634,0.8693181872367859,0.34602272510528564
YKL032C,YLR176C,0,-5.3398995,0.2006996124982834,0.8693181872367859,0.34621211886405945
YLR368W,YHR090C,0,-5.340152,0.2006118893623352,0.8693181872367859,0.34640151262283325
YER155C,YDR416W,0,-5.3403687,0.200524240732193,0.8693181872367859,0.34659090638160706
YDL115C,YNR008W,0,-5.340442,0.20043668150901794,0.8693181872367859,0.34678030014038086
YDL084W,YBL055C,0,-5.3413835,0.20034919679164886,0.8693181872367859,0.34696969389915466
YPL132W,YNL138W,0,-5.3413873,0.20026178658008575,0.8693181872367859,0.34715908765792847
YPR030W,YFL002W-B,0,-5.3415303,0.2001744508743286,0.8693181872367859,0.34734848141670227
YMR042W,YBR060C,0,-5.341636,0.20008718967437744,0.8693181872367859,0.3475378751754761
YMR211W,YLR403W,0,-5.341766,0.20000000298023224,0.8693181872367859,0.3477272689342499
YPL275W,YJL192C,0,-5.341806,0.199912890791893,0.8693181872367859,0.3479166626930237
YOR326W,YPL159C,0,-5.34197,0.19982585310935974,0.8693181872367859,0.3481060564517975
YCR086W,YBL103C,0,-5.34213,0.19973890483379364,0.8693181872367859,0.3482954502105713
YOR074C,YBR100W,0,-5.3426833,0.19965201616287231,0.8693181872367859,0.3484848439693451
YHR107C,YBR093C,0,-5.3429656,0.19956521689891815,0.8693181872367859,0.3486742377281189
YBL019W,YOL067C,0,-5.3442073,0.19947849214076996,0.8693181872367859,0.3488636314868927
YLR312C-B,YOR162C,0,-5.344973,0.19939182698726654,0.8693181872367859,0.3490530252456665
YBR205W,YKR022C,0,-5.344996,0.19930525124073029,0.8693181872367859,0.3492424190044403
YBR142W,YOR162C,0,-5.345115,0.19921875,0.8693181872367859,0.3494318127632141
YJL081C,YFL002W-A,0,-5.3460937,0.19913232326507568,0.8693181872367859,0.3496212065219879
YPR034W,YER108C,0,-5.3468633,0.19904597103595734,0.8693181872367859,0.3498106002807617
YDL101C,YBR100W,0,-5.3477893,0.19895969331264496,0.8693181872367859,0.3499999940395355
YKL135C,YOR049C,0,-5.3480616,0.19887349009513855,0.8693181872367859,0.3501893877983093
YMR220W,YHR152W,0,-5.348294,0.19878734648227692,0.8693181872367859,0.35037878155708313
YHR091C,YOR313C,0,-5.3500333,0.19870129227638245,0.8693181872367859,0.35056817531585693
YDR356W,YNL229C,0,-5.350983,0.19861531257629395,0.8693181872367859,0.35075756907463074
YPR033C,YLR016C,0,-5.35162,0.1985294073820114,0.8693181872367859,0.35094696283340454
YMR068W,YMR046C,0,-5.3522296,0.19844357669353485,0.8693181872367859,0.35113635659217834
YIL114C,YGR082W,0,-5.3524866,0.19835782051086426,0.8693181872367859,0.35132575035095215
YGR119C,YGL039W,0,-5.35304,0.19827213883399963,0.8693181872367859,0.35151514410972595
YLR231C,YLR452C,0,-5.3532386,0.19818653166294098,0.8693181872367859,0.35170453786849976
YGR121C,YHR086W,0,-5.3553147,0.1981009989976883,0.8693181872367859,0.35189393162727356
YGL070C,YBL025W,0,-5.3565946,0.19801552593708038,0.8693181872367859,0.35208332538604736
YDR385W,YER108C,0,-5.3575706,0.19793014228343964,0.8693181872367859,0.35227271914482117
YDR118W,YDL190C,1,-5.358169,0.1982758641242981,0.8712121248245239,0.35227271914482117
YPR006C,YOL135C,0,-5.3588023,0.19819043576717377,0.8712121248245239,0.35246211290359497
YKL054C,YDR358W,1,-5.3594737,0.1985357403755188,0.873106062412262,0.35246211290359497
YMR182C,YOR142W-A,0,-5.3600154,0.19845028221607208,0.873106062412262,0.3526515066623688
YPL154C,YLR371W,0,-5.3619514,0.19836488366127014,0.873106062412262,0.3528409004211426
YPL139C,YHR090C,0,-5.362163,0.19827957451343536,0.873106062412262,0.3530302941799164
YMR156C,YDL038C,0,-5.3643517,0.19819432497024536,0.873106062412262,0.3532196879386902
YKL054C,YJL047C,1,-5.364447,0.1985388845205307,0.875,0.3532196879386902
YKL179C,YOR373W,0,-5.3667574,0.1984536051750183,0.875,0.353409081697464
YCR065W,YDR418W,0,-5.3674746,0.1983684003353119,0.875,0.3535984754562378
YIL042C,YNR064C,0,-5.3676996,0.19828325510025024,0.875,0.3537878692150116
YJL134W,YHL006C,0,-5.3693023,0.19819819927215576,0.875,0.3539772629737854
YNR064C,YPR137C-B,0,-5.370228,0.19811320304870605,0.875,0.3541666567325592
YLR207W,YBL057C,1,-5.3710485,0.19845692813396454,0.876893937587738,0.3541666567325592
YMR190C,YPR137C-B,0,-5.372289,0.19837188720703125,0.876893937587738,0.354356050491333
YML078W,YGR085C,0,-5.372312,0.19828693568706512,0.876893937587738,0.3545454442501068
YAL013W,YKL203C,0,-5.373114,0.19820205867290497,0.876893937587738,0.3547348380088806
YDL102W,YOL067C,0,-5.3732376,0.1981172412633896,0.876893937587738,0.3549242317676544
YMR042W,YNL197C,0,-5.3733,0.19803251326084137,0.876893937587738,0.3551136255264282
YOL071W,YLL024C,0,-5.373796,0.19794784486293793,0.876893937587738,0.355303019285202
YNR034W,YPR137C-B,0,-5.374265,0.19786325097084045,0.876893937587738,0.35549241304397583
YBL006C,YOR332W,0,-5.374535,0.19777873158454895,0.876893937587738,0.35568180680274963
YOR074C,YOR298C-A,0,-5.3746734,0.19769427180290222,0.876893937587738,0.35587120056152344
YLL034C,YOR142W-A,0,-5.374867,0.19760990142822266,0.876893937587738,0.35606059432029724
YBR036C,YML040W,0,-5.375111,0.19752559065818787,0.876893937587738,0.35624998807907104
YMR220W,YJL018W,0,-5.375423,0.19744136929512024,0.876893937587738,0.35643938183784485
YAL030W,YGR104C,0,-5.3756614,0.1973572075366974,0.876893937587738,0.35662877559661865
YPL096W,YDL190C,1,-5.376941,0.1976991891860962,0.8787878751754761,0.35662877559661865
YPR131C,YOR003W,0,-5.3772335,0.19761499762535095,0.8787878751754761,0.35681816935539246
YIL076W,YMR218C,0,-5.3774924,0.1975308656692505,0.8787878751754761,0.35700756311416626
YIL035C,YJL117W,0,-5.377702,0.197446808218956,0.8787878751754761,0.35719695687294006
YDR461W,YPR078C,0,-5.3794785,0.19736282527446747,0.8787878751754761,0.35738635063171387
YCL012W,YHL006C,0,-5.3797803,0.1972789168357849,0.8787878751754761,0.35757574439048767
YBL057C,YGL227W,1,-5.3805375,0.19762006402015686,0.8806818127632141,0.35757574439048767
YOR188W,YAR007C,0,-5.3806853,0.19753611087799072,0.8806818127632141,0.3577651381492615
YOL094C,YMR101C,0,-5.381994,0.19745223224163055,0.8806818127632141,0.3579545319080353
YJL085W,YPR158W-B,0,-5.382255,0.19736842811107635,0.8806818127632141,0.3581439256668091
YOR085W,YOR119C,0,-5.3823843,0.19728468358516693,0.8806818127632141,0.3583333194255829
YLR117C,YJR120W,0,-5.3830123,0.19720101356506348,0.8806818127632141,0.3585227131843567
YMR065W,YDR261W-A,0,-5.3832,0.197117418050766,0.8806818127632141,0.3587121069431305
YAR019C,YGR091W,0,-5.3833895,0.19703389704227448,0.8806818127632141,0.3589015007019043
YLR114C,YOR188W,0,-5.383944,0.19695045053958893,0.8806818127632141,0.3590908944606781
YLR403W,YPR078C,0,-5.384207,0.19686706364154816,0.8806818127632141,0.3592802882194519
YAL021C,YFL002W-B,0,-5.3850045,0.19678375124931335,0.8806818127632141,0.3594697117805481
YEL015W,YMR156C,0,-5.385587,0.19670051336288452,0.8806818127632141,0.3596591055393219
YJL178C,YJL168C,0,-5.385986,0.19661733508110046,0.8806818127632141,0.3598484992980957
YBR272C,YPR158W-B,0,-5.3861213,0.19653423130512238,0.8806818127632141,0.3600378930568695
YBR110W,YDR461W,0,-5.3861556,0.19645120203495026,0.8806818127632141,0.3602272868156433
YBL057C,YJL047C,1,-5.3863935,0.19679054617881775,0.8825757503509521,0.3602272868156433
YBR079C,YLR312C-B,0,-5.3866496,0.19670747220516205,0.8825757503509521,0.3604166805744171
YLR370C,YFL002W-B,0,-5.3868937,0.19662447273731232,0.8825757503509521,0.3606060743331909
YNL318C,YOR109W,0,-5.386925,0.19654154777526855,0.8825757503509521,0.3607954680919647
YDR296W,YKL058W,0,-5.387099,0.19645868241786957,0.8825757503509521,0.3609848618507385
YCL012W,YDR346C,0,-5.3871317,0.19637589156627655,0.8825757503509521,0.36117425560951233
YOR133W,YDR261W-A,0,-5.387238,0.1962931752204895,0.8825757503509521,0.36136364936828613
YOL042W,YHL011C,0,-5.387696,0.19621053338050842,0.8825757503509521,0.36155304312705994
YGR108W,YOL071W,0,-5.3880367,0.19612795114517212,0.8825757503509521,0.36174243688583374
YMR035W,YEL002C,0,-5.3888683,0.1960454285144806,0.8825757503509521,0.36193183064460754
YOL042W,YDL033C,0,-5.3890047,0.19596299529075623,0.8825757503509521,0.36212122440338135
YOL071W,YPL093W,0,-5.389194,0.19588062167167664,0.8825757503509521,0.36231061816215515
YOR313C,YFL002W-B,0,-5.3895574,0.19579832255840302,0.8825757503509521,0.36250001192092896
YCR066W,YKL019W,0,-5.3902345,0.19571608304977417,0.8825757503509521,0.36268940567970276
YNL214W,YER095W,0,-5.390578,0.1956339180469513,0.8825757503509521,0.36287879943847656
YML051W,YFL002W-A,0,-5.390757,0.1955518275499344,0.8825757503509521,0.36306819319725037
YOR001W,YDR261W-A,0,-5.3913617,0.19546979665756226,0.8825757503509521,0.36325758695602417
YJL018W,YNL025C,0,-5.391542,0.1953878402709961,0.8825757503509521,0.363446980714798
YOR109W,YBR090C-A,0,-5.3923583,0.1953059583902359,0.8825757503509521,0.3636363744735718
YDL130W-A,YLR181C,0,-5.39309,0.19522413611412048,0.8825757503509521,0.3638257682323456
YPL046C,YOR256C,1,-5.39354,0.19556114077568054,0.8844696879386902,0.3638257682323456
YMR287C,YPL131W,0,-5.394131,0.19547927379608154,0.8844696879386902,0.3640151619911194
YPL022W,YML105C,0,-5.394394,0.1953974962234497,0.8844696879386902,0.3642045557498932
YKR101W,YJL156C,0,-5.3945193,0.19531576335430145,0.8844696879386902,0.364393949508667
YDL040C,YAR010C,0,-5.395354,0.19523411989212036,0.8844696879386902,0.3645833432674408
YPR030W,YDL038C,0,-5.3955736,0.19515252113342285,0.8844696879386902,0.3647727370262146
YER051W,YJL117W,0,-5.3965893,0.1950710117816925,0.8844696879386902,0.3649621307849884
YDR268W,YNL197C,0,-5.3974943,0.19498956203460693,0.8844696879386902,0.3651515245437622
YML128C,YDR129C,0,-5.3980374,0.19490818679332733,0.8844696879386902,0.365340918302536
YOR069W,YPR158C-C,0,-5.3998666,0.1948268711566925,0.8844696879386902,0.3655303120613098
YIL097W,YPR137C-B,0,-5.401413,0.19474561512470245,0.8844696879386902,0.3657197058200836
YLL003W,YDL194W,0,-5.4021144,0.19466444849967957,0.8844696879386902,0.3659090995788574
YHR055C,YOR142W-A,0,-5.40253,0.19458332657814026,0.8844696879386902,0.3660984933376312
YER038C,YBR257W,0,-5.4033346,0.19450229406356812,0.8844696879386902,0.36628788709640503
YIR019C,YAR010C,0,-5.40359,0.19442132115364075,0.8844696879386902,0.36647728085517883
YPL131W,YHR050W,0,-5.403616,0.19434040784835815,0.8844696879386902,0.36666667461395264
YEL034W,YLR265C,0,-5.403624,0.19425956904888153,0.8844696879386902,0.36685606837272644
YBL079W,YFL002W-A,0,-5.404017,0.19417878985404968,0.8844696879386902,0.36704546213150024
YDR446W,YMR008C,0,-5.404908,0.1940980851650238,0.8844696879386902,0.36723485589027405
YNL223W,YIL098C,0,-5.40507,0.1940174549818039,0.8844696879386902,0.36742424964904785
YDR320C,YER111C,0,-5.406005,0.19393688440322876,0.8844696879386902,0.36761364340782166
YNL318C,YOR232W,0,-5.4063478,0.1938563734292984,0.8844696879386902,0.36780303716659546
YCL035C,YPR158W-B,0,-5.406997,0.193775936961174,0.8844696879386902,0.36799243092536926
YCL039W,YGL169W,0,-5.40704,0.1936955600976944,0.8844696879386902,0.36818182468414307
YBR079C,YDR175C,0,-5.4070673,0.19361525774002075,0.8844696879386902,0.36837121844291687
YPL212C,YIL082W-A,0,-5.4072995,0.19353501498699188,0.8844696879386902,0.3685606122016907
YJL117W,YPR007C,0,-5.4073424,0.19345484673976898,0.8844696879386902,0.3687500059604645
YHL019C,YMR087W,0,-5.407684,0.19337473809719086,0.8844696879386902,0.3689393997192383
YIL132C,YPR068C,0,-5.4077063,0.1932947039604187,0.8844696879386902,0.3691287934780121
YBR072W,YPR158W-B,0,-5.408028,0.19321472942829132,0.8844696879386902,0.3693181872367859
YDR247W,YDR098C-B,0,-5.4087157,0.1931348294019699,0.8844696879386902,0.3695075809955597
YGL014W,YBR097W,0,-5.409937,0.19305497407913208,0.8844696879386902,0.3696969747543335
YKL170W,YDL194W,0,-5.41023,0.1929752081632614,0.8844696879386902,0.3698863685131073
YHR055C,YHR021C,0,-5.4104776,0.19289550185203552,0.8844696879386902,0.3700757622718811
YDR434W,YLR312C-B,0,-5.4113765,0.1928158551454544,0.8844696879386902,0.3702651560306549
YMR164C,YOL102C,0,-5.4122834,0.19273628294467926,0.8844696879386902,0.3704545497894287
YBR020W,YCR028C-A,0,-5.414089,0.1926567703485489,0.8844696879386902,0.3706439435482025
YEL034W,YMR060C,0,-5.4144244,0.1925773173570633,0.8844696879386902,0.3708333373069763
YHL019C,YGL200C,0,-5.41493,0.19249793887138367,0.8844696879386902,0.3710227310657501
YAR042W,YPR158W-B,0,-5.415332,0.19241861999034882,0.8844696879386902,0.3712121248245239
YJL168C,YHR106W,0,-5.4154596,0.19233937561511993,0.8844696879386902,0.37140151858329773
YGR213C,YGL210W,0,-5.4156766,0.19226019084453583,0.8844696879386902,0.37159091234207153
YCL066W,YPL016W,0,-5.415704,0.1921810656785965,0.8844696879386902,0.37178030610084534
YDL078C,YDL064W,0,-5.4158034,0.19210201501846313,0.8844696879386902,0.37196969985961914
YER108C,YPL283C,0,-5.416048,0.19202302396297455,0.8844696879386902,0.37215909361839294
YNL172W,YKL041W,1,-5.416594,0.19235511124134064,0.8863636255264282,0.37215909361839294
YPL022W,YER180C-A,0,-5.4179325,0.19227609038352966,0.8863636255264282,0.37234848737716675
YDR153C,YLR052W,0,-5.419024,0.19219712913036346,0.8863636255264282,0.37253788113594055
YKL138C-A,YER095W,0,-5.419155,0.19211822748184204,0.8863636255264282,0.37272727489471436
YHR118C,YPR137C-A,0,-5.4192843,0.1920393854379654,0.8863636255264282,0.37291666865348816
YPR068C,YPR158C-C,0,-5.4202304,0.19196061789989471,0.8863636255264282,0.37310606241226196
YBR274W,YDR316W-A,0,-5.420316,0.19188192486763,0.8863636255264282,0.37329545617103577
YPL212C,YNL229C,0,-5.4216404,0.19180327653884888,0.8863636255264282,0.37348484992980957
YER053C,YBR097W,0,-5.421924,0.19172470271587372,0.8863636255264282,0.3736742436885834
YLR220W,YOR250C,0,-5.422112,0.19164618849754333,0.8863636255264282,0.3738636374473572
YKL135C,YOL080C,0,-5.4226284,0.19156774878501892,0.8863636255264282,0.374053031206131
YNL031C,YOR297C,0,-5.422793,0.19148936867713928,0.8863636255264282,0.3742424249649048
YLR442C,YGR027W-B,0,-5.422808,0.19141104817390442,0.8863636255264282,0.3744318187236786
YAL033W,YDL216C,0,-5.4230604,0.19133278727531433,0.8863636255264282,0.3746212124824524
YNR017W,YIL149C,0,-5.4241467,0.1912546008825302,0.8863636255264282,0.3748106062412262
YLR368W,YPR158W-B,0,-5.424613,0.19117647409439087,0.8863636255264282,0.375
YDR489W,YPR137C-A,0,-5.4248705,0.1910984069108963,0.8863636255264282,0.3751893937587738
YDL078C,YLR141W,0,-5.425368,0.1910204142332077,0.8863636255264282,0.3753787875175476
YGL019W,YDL216C,0,-5.4256005,0.19094246625900269,0.8863636255264282,0.3755681812763214
YJL115W,YDR017C,0,-5.426472,0.19086460769176483,0.8863636255264282,0.3757575750350952
YIL079C,YOR069W,0,-5.42701,0.19078679382801056,0.8863636255264282,0.375946968793869
YPL270W,YOR142W-A,0,-5.4270196,0.19070903956890106,0.8863636255264282,0.3761363625526428
YDR377W,YOR284W,0,-5.427075,0.19063135981559753,0.8863636255264282,0.3763257563114166
YJR155W,YOR371C,0,-5.427335,0.19055373966693878,0.8863636255264282,0.37651515007019043
YIL138C,YFL002W-B,0,-5.427363,0.190476194024086,0.8863636255264282,0.37670454382896423
YIL016W,YML045W,0,-5.427903,0.1903986930847168,0.8863636255264282,0.37689393758773804
YBR100W,YCL001W,0,-5.428224,0.19032126665115356,0.8863636255264282,0.37708333134651184
YDR243C,YFL002W-B,0,-5.429339,0.1902438998222351,0.8863636255264282,0.37727272510528564
YDR245W,YAR010C,0,-5.430171,0.19016659259796143,0.8863636255264282,0.37746211886405945
YKL054C,YGL227W,1,-5.430601,0.1904955357313156,0.8882575631141663,0.37746211886405945
YPL275W,YKR089C,0,-5.4306617,0.19041818380355835,0.8882575631141663,0.37765151262283325
YFL056C,YCL012W,0,-5.431112,0.19034090638160706,0.8882575631141663,0.37784090638160706
YNL145W,YCR027C,0,-5.43127,0.19026368856430054,0.8882575631141663,0.37803030014038086
YKL051W,YEL065W,0,-5.4314814,0.1901865303516388,0.8882575631141663,0.37821969389915466
YEL063C,YLR401C,0,-5.431751,0.19010944664478302,0.8882575631141663,0.37840908765792847
YKL192C,YPR171W,0,-5.432508,0.19003240764141083,0.8882575631141663,0.37859848141670227
YIL051C,YEL031W,0,-5.433492,0.1899554431438446,0.8882575631141663,0.3787878751754761
YDR448W,YIL149C,0,-5.433597,0.18987853825092316,0.8882575631141663,0.3789772689342499
YIL017C,YGL227W,1,-5.434751,0.1902063935995102,0.8901515007019043,0.3789772689342499
YDR258C,YDL185W,0,-5.435106,0.19012944400310516,0.8901515007019043,0.3791666626930237
YDR450W,YHR021C,0,-5.4352913,0.1900525689125061,0.8901515007019043,0.3793560564517975
YOR371C,YPR158W-B,0,-5.4353547,0.18997575342655182,0.8901515007019043,0.3795454502105713
YKR089C,YPR158W-B,0,-5.4358706,0.18989898264408112,0.8901515007019043,0.3797348439693451
YLR016C,YOR027W,0,-5.4358983,0.18982230126857758,0.8901515007019043,0.3799242377281189
YOR266W,YEL002C,0,-5.4379587,0.18974566459655762,0.8901515007019043,0.3801136314868927
YFR021W,YGR121C,0,-5.439281,0.18966908752918243,0.8901515007019043,0.3803030252456665
YBR245C,YIL038C,0,-5.439475,0.18959258496761322,0.8901515007019043,0.3804924190044403
YLR370C,YCL069W,0,-5.439812,0.1895161271095276,0.8901515007019043,0.3806818127632141
YGR156W,YPR137C-B,0,-5.4401245,0.18943974375724792,0.8901515007019043,0.3808712065219879
YNL029C,YER151C,0,-5.4403186,0.18936342000961304,0.8901515007019043,0.3810606002807617
YDR118W,YJL001W,1,-5.440739,0.18968988955020905,0.8920454382896423,0.3810606002807617
YDR324C,YGL039W,0,-5.4415054,0.18961352109909058,0.8920454382896423,0.3812499940395355
YPL231W,YBR030W,0,-5.4420037,0.18953722715377808,0.8920454382896423,0.3814393877983093
YMR008C,YBL035C,0,-5.4420047,0.18946097791194916,0.8920454382896423,0.38162878155708313
YDR158W,YPR140W,0,-5.442334,0.1893848031759262,0.8920454382896423,0.38181817531585693
YEL022W,YDR082W,0,-5.442374,0.18930868804454803,0.8920454382896423,0.38200756907463074
YJL061W,YDR261W-A,0,-5.4428315,0.18923261761665344,0.8920454382896423,0.38219696283340454
YGR246C,YGL019W,0,-5.4431086,0.18915662169456482,0.8920454382896423,0.38238635659217834
YNL172W,YIL017C,1,-5.4431286,0.18948213756084442,0.8939393758773804,0.38238635659217834
YBR020W,YDL134C,0,-5.443954,0.18940609693527222,0.8939393758773804,0.38257575035095215
YGL054C,YLR014C,0,-5.4447756,0.18933013081550598,0.8939393758773804,0.38276514410972595
YDR190C,YFL002W-A,0,-5.444881,0.18925420939922333,0.8939393758773804,0.38295453786849976
YNL172W,YBL084C,1,-5.4450274,0.18957915902137756,0.8958333134651184,0.38295453786849976
YNL094W,YJR078W,0,-5.445153,0.18950320780277252,0.8958333134651184,0.38314393162727356
YPL046C,YPL096W,1,-5.445526,0.1898277997970581,0.8977272510528564,0.38314393162727356
YIL004C,YEL057C,0,-5.4456487,0.18975180387496948,0.8977272510528564,0.38333332538604736
YOR011W,YJL190C,0,-5.446284,0.18967586755752563,0.8977272510528564,0.38352271914482117
YKL138C-A,YBR097W,0,-5.4464326,0.18960000574588776,0.8977272510528564,0.38371211290359497
YHR114W,YCL010C,0,-5.4464545,0.18952418863773346,0.8977272510528564,0.3839015066623688
YHL048W,YOR294W,0,-5.446682,0.18944844603538513,0.8977272510528564,0.3840909004211426
YKL192C,YEL022W,0,-5.448074,0.18937274813652039,0.8977272510528564,0.3842802941799164
YKL138C-A,YLL041C,0,-5.449041,0.1892971247434616,0.8977272510528564,0.3844696879386902
YBR030W,YOL103W-B,0,-5.4493194,0.1892215609550476,0.8977272510528564,0.384659081697464
YMR167W,YFL002W-B,0,-5.450523,0.18914605677127838,0.8977272510528564,0.3848484754562378
YAL053W,YLR265C,0,-5.4506555,0.18907059729099274,0.8977272510528564,0.3850378692150116
YNR008W,YMR137C,0,-5.4514766,0.18899521231651306,0.8977272510528564,0.3852272629737854
YBL063W,YPL020C,0,-5.452225,0.18891988694667816,0.8977272510528564,0.3854166567325592
YIL132C,YCR014C,0,-5.452294,0.18884462118148804,0.8977272510528564,0.385606050491333
YAL041W,YDL030W,0,-5.4529223,0.1887694150209427,0.8977272510528564,0.3857954442501068
YBL084C,YJL047C,1,-5.4536815,0.18909235298633575,0.8996211886405945,0.3857954442501068
YLR214W,YPR054W,0,-5.45375,0.18901711702346802,0.8996211886405945,0.3859848380088806
YJR155W,YDR416W,0,-5.4548583,0.18894192576408386,0.8996211886405945,0.3861742317676544
YPL218W,YDL038C,0,-5.456284,0.18886679410934448,0.8996211886405945,0.3863636255264282
YNL293W,YGR099W,0,-5.456484,0.18879173696041107,0.8996211886405945,0.386553019285202
YKL152C,YNL098C,0,-5.4566607,0.18871672451496124,0.8996211886405945,0.38674241304397583
YJL117W,YOL067C,0,-5.4567966,0.18864178657531738,0.8996211886405945,0.38693180680274963
YOR001W,YHL025W,0,-5.4570985,0.1885668933391571,0.8996211886405945,0.38712120056152344
YPL167C,YHR014W,0,-5.457231,0.1884920597076416,0.8996211886405945,0.38731059432029724
YHR043C,YMR067C,1,-5.4578547,0.1888139694929123,0.9015151262283325,0.38731059432029724
YDR093W,YDL185W,0,-5.458129,0.1887390911579132,0.9015151262283325,0.38749998807907104
YLL034C,YPR158C-C,0,-5.459331,0.1886642873287201,0.9015151262283325,0.38768938183784485
YBR245C,YDR443C,0,-5.459453,0.18858954310417175,0.9015151262283325,0.38787877559661865
YPR054W,YDR098C-B,0,-5.4603624,0.1885148584842682,0.9015151262283325,0.38806816935539246
YBR205W,YGR214W,0,-5.4607577,0.1884402185678482,0.9015151262283325,0.38825756311416626
YDR487C,YML064C,0,-5.461846,0.1883656531572342,0.9015151262283325,0.38844695687294006
YGL021W,YDR443C,0,-5.4622035,0.18829113245010376,0.9015151262283325,0.38863635063171387
YDR258C,YMR156C,0,-5.462703,0.1882166862487793,0.9015151262283325,0.38882574439048767
YHL048W,YJL156C,0,-5.4639826,0.1881422996520996,0.9015151262283325,0.3890151381492615
YBR133C,YIL042C,0,-5.465022,0.1880679577589035,0.9015151262283325,0.3892045319080353
YPR124W,YLL022C,0,-5.4663672,0.18799367547035217,0.9015151262283325,0.3893939256668091
YHR072W,YLR043C,0,-5.4671965,0.1879194676876068,0.9015151262283325,0.3895833194255829
YDL078C,YOR216C,0,-5.468956,0.18784530460834503,0.9015151262283325,0.3897727131843567
YJL018W,YOR001W,0,-5.469074,0.18777120113372803,0.9015151262283325,0.3899621069431305
YPR019W,YDR261W-A,0,-5.469686,0.1876971572637558,0.9015151262283325,0.3901515007019043
YJL100W,YDL130W-A,0,-5.470107,0.18762317299842834,0.9015151262283325,0.3903408944606781
YDR284C,YPR158C-C,0,-5.470159,0.18754924833774567,0.9015151262283325,0.3905302882194519
YML091C,YPR158W-B,0,-5.4703736,0.18747538328170776,0.9015151262283325,0.3907197117805481
YNL286W,YPL257W-B,0,-5.471319,0.18740157783031464,0.9015151262283325,0.3909091055393219
YDL030W,YKR072C,0,-5.47178,0.1873278170824051,0.9015151262283325,0.3910984992980957
YMR188C,YOR266W,0,-5.4724727,0.1872541308403015,0.9015151262283325,0.3912878930568695
YBR015C,YGR094W,0,-5.4726324,0.18718048930168152,0.9015151262283325,0.3914772868156433
YOL051W,YDR312W,0,-5.473172,0.1871069222688675,0.9015151262283325,0.3916666805744171
YBL069W,YDR261W-A,0,-5.4734674,0.18703339993953705,0.9015151262283325,0.3918560743331909
YDR243C,YKR028W,0,-5.4735026,0.18695993721485138,0.9015151262283325,0.3920454680919647
YML116W,YDL038C,0,-5.4735284,0.18688653409481049,0.9015151262283325,0.3922348618507385
YCL039W,YBR100W,0,-5.473808,0.18681319057941437,0.9015151262283325,0.39242425560951233
YDR216W,YNL197C,0,-5.475101,0.18673989176750183,0.9015151262283325,0.39261364936828613
YJL115W,YPR135W,0,-5.4758167,0.18666666746139526,0.9015151262283325,0.39280304312705994
YLL002W,YDL212W,0,-5.4758706,0.18659348785877228,0.9015151262283325,0.39299243688583374
YHR197W,YML040W,0,-5.477734,0.18652038276195526,0.9015151262283325,0.39318183064460754
YER111C,YML040W,0,-5.477812,0.18644732236862183,0.9015151262283325,0.39337122440338135
YOL028C,YPR078C,0,-5.477876,0.18637432157993317,0.9015151262283325,0.39356061816215515
YDL231C,YOR061W,0,-5.479172,0.1863013654947281,0.9015151262283325,0.39375001192092896
YOL071W,YPL117C,0,-5.480206,0.18622848391532898,0.9015151262283325,0.39393940567970276
YDL161W,YML010W,0,-5.480325,0.18615564703941345,0.9015151262283325,0.39412879943847656
YDR279W,YPL274W,0,-5.4822555,0.1860828846693039,0.9015151262283325,0.39431819319725037
YPL275W,YPR158W-B,0,-5.48262,0.18601016700267792,0.9015151262283325,0.39450758695602417
YDL085W,YPL007C,0,-5.483049,0.18593749403953552,0.9015151262283325,0.394696980714798
YOR003W,YIL082W-A,0,-5.483106,0.1858648955821991,0.9015151262283325,0.3948863744735718
YJL014W,YGR270W,0,-5.484754,0.18579235672950745,0.9015151262283325,0.3950757682323456
YDL078C,YNL214W,0,-5.485245,0.18571986258029938,0.9015151262283325,0.3952651619911194
YDR461W,YBL079W,0,-5.4857173,0.18564742803573608,0.9015151262283325,0.3954545557498932
YPL127C,YML010W,0,-5.486088,0.18557505309581757,0.9015151262283325,0.395643949508667
YEL063C,YLR371W,0,-5.486287,0.18550272285938263,0.9015151262283325,0.3958333432674408
YLR401C,YFL059W,0,-5.4879317,0.18543046712875366,0.9015151262283325,0.3960227370262146
YGR140W,YER180C-A,0,-5.4881415,0.18535825610160828,0.9015151262283325,0.3962121307849884
YOR030W,YER013W,0,-5.4890056,0.18528610467910767,0.9015151262283325,0.3964015245437622
YPL051W,YOR142W-A,0,-5.489151,0.18521401286125183,0.9015151262283325,0.396590918302536
YOR232W,YOR265W,0,-5.490277,0.18514196574687958,0.9015151262283325,0.3967803120613098
YPL046C,YDR330W,1,-5.49046,0.18545879423618317,0.9034090638160706,0.3967803120613098
YER119C,YML040W,0,-5.4912024,0.18538670241832733,0.9034090638160706,0.3969697058200836
YPR128C,YPR158C-C,0,-5.491793,0.18531468510627747,0.9034090638160706,0.3971590995788574
YPL087W,YFL002W-B,0,-5.4931254,0.18524271249771118,0.9034090638160706,0.3973484933376312
YDR093W,YKL108W,0,-5.4935856,0.18517081439495087,0.9034090638160706,0.39753788709640503
YPL275W,YOL067C,0,-5.493591,0.18509894609451294,0.9034090638160706,0.39772728085517883
YKL179C,YOL010W,0,-5.4943595,0.18502715229988098,0.9034090638160706,0.39791667461395264
YDL028C,YHR118C,0,-5.4946094,0.1849554032087326,0.9034090638160706,0.39810606837272644
YLR442C,YPR158C-C,0,-5.4946294,0.184883713722229,0.9034090638160706,0.39829546213150024
YGR246C,YBL063W,0,-5.494661,0.18481208384037018,0.9034090638160706,0.39848485589027405
YBL025W,YMR190C,0,-5.4947577,0.18474051356315613,0.9034090638160706,0.39867424964904785
YER126C,YDR443C,0,-5.495047,0.18466898798942566,0.9034090638160706,0.39886364340782166
YDR457W,YOL103W-B,0,-5.495811,0.18459752202033997,0.9034090638160706,0.39905303716659546
YIL132C,YOR142W-A,0,-5.4967346,0.18452611565589905,0.9034090638160706,0.39924243092536926
YOR049C,YDR210C-D,0,-5.4969497,0.1844547539949417,0.9034090638160706,0.39943182468414307
YDR108W,YDR158W,0,-5.4977703,0.18438345193862915,0.9034090638160706,0.39962121844291687
YGR143W,YOL103W-B,0,-5.498281,0.18431220948696136,0.9034090638160706,0.3998106122016907
YMR220W,YDR312W,0,-5.498471,0.18424102663993835,0.9034090638160706,0.4000000059604645
YDR529C,YBR250W,0,-5.499166,0.18416988849639893,0.9034090638160706,0.4001893997192383
YDR258C,YDR201W,0,-5.4992814,0.18409880995750427,0.9034090638160706,0.4003787934780121
YCL017C,YDR098C-B,0,-5.499528,0.1840277761220932,0.9034090638160706,0.4005681872367859
YMR319C,YER019C-A,0,-5.4999638,0.1839568018913269,0.9034090638160706,0.4007575809955597
YHR114W,YER174C,0,-5.500297,0.18388588726520538,0.9034090638160706,0.4009469747543335
YPL228W,YML021C,0,-5.501488,0.18381503224372864,0.9034090638160706,0.4011363685131073
YJR025C,YPR137C-B,0,-5.502149,0.18374422192573547,0.9034090638160706,0.4013257622718811
YJL074C,YFL002W-B,0,-5.502772,0.18367347121238708,0.9034090638160706,0.4015151560306549
YGR091W,YHL025W,0,-5.5029435,0.18360276520252228,0.9034090638160706,0.4017045497894287
YPR135W,YFL002W-B,0,-5.5032015,0.18353213369846344,0.9034090638160706,0.4018939435482025
YPR187W,YGL039W,0,-5.5035386,0.183461531996727,0.9034090638160706,0.4020833373069763
YNL223W,YER137C-A,0,-5.504147,0.1833910048007965,0.9034090638160706,0.4022727310657501
YCL031C,YKR062W,0,-5.5042014,0.1833205223083496,0.9034090638160706,0.4024621248245239
YEL022W,YDR261W-A,0,-5.504383,0.18325009942054749,0.9034090638160706,0.40265151858329773
YDL231C,YDR150W,0,-5.5044065,0.18317972123622894,0.9034090638160706,0.40284091234207153
YDR420W,YOR356W,0,-5.5045123,0.18310940265655518,0.9034090638160706,0.40303030610084534
YJL094C,YFL002W-B,0,-5.504727,0.18303914368152618,0.9034090638160706,0.40321969985961914
YER151C,YEL057C,0,-5.504811,0.18296892940998077,0.9034090638160706,0.40340909361839294
YER038C,YJL168C,0,-5.5048757,0.18289877474308014,0.9034090638160706,0.40359848737716675
YGL039W,YPR158C-C,0,-5.5053287,0.18282866477966309,0.9034090638160706,0.40378788113594055
YPR019W,YOR142W-A,0,-5.5070043,0.1827586144208908,0.9034090638160706,0.40397727489471436
YDL101C,YBR293W,0,-5.5074863,0.1826886236667633,0.9034090638160706,0.40416666865348816
YJR119C,YHR152W,0,-5.507645,0.18261867761611938,0.9034090638160706,0.40435606241226196
YLL002W,YPR137C-A,0,-5.50781,0.18254879117012024,0.9034090638160706,0.40454545617103577
YDR018C,YDR316W-A,0,-5.508121,0.18247896432876587,0.9034090638160706,0.40473484992980957
YDR529C,YOR142W-A,0,-5.5084977,0.18240918219089508,0.9034090638160706,0.4049242436885834
YOR284W,YKL019W,0,-5.5085206,0.18233944475650787,0.9034090638160706,0.4051136374473572
YJR119C,YJR029W,0,-5.5087576,0.18226978182792664,0.9034090638160706,0.405303031206131
YBR100W,YKR028W,0,-5.508895,0.18220014870166779,0.9034090638160706,0.4054924249649048
YDL076C,YOL103W-B,0,-5.5094852,0.1821305900812149,0.9034090638160706,0.4056818187236786
YHR068W,YHR074W,0,-5.5096803,0.1820610612630844,0.9034090638160706,0.4058712124824524
YDL044C,YPR137C-B,0,-5.5101085,0.1819916069507599,0.9034090638160706,0.4060606062412262
YOL165C,YBR257W,0,-5.510337,0.18192219734191895,0.9034090638160706,0.40625
YDR268W,YLR014C,0,-5.5110297,0.18185284733772278,0.9034090638160706,0.4064393937587738
YKL054C,YMR161W,1,-5.511504,0.18216463923454285,0.9053030014038086,0.4064393937587738
YDR254W,YMR305C,0,-5.511926,0.1820952445268631,0.9053030014038086,0.4066287875175476
YMR156C,YDR210C-D,0,-5.512256,0.18202589452266693,0.9053030014038086,0.4068181812763214
YGR091W,YPR158W-B,0,-5.512428,0.18195660412311554,0.9053030014038086,0.4070075750350952
YAL035W,YJL146W,0,-5.512702,0.18188737332820892,0.9053030014038086,0.407196968793869
YGR055W,YJL089W,0,-5.514066,0.1818181872367859,0.9053030014038086,0.4073863625526428
YCR014C,YBR257W,0,-5.514334,0.18174904584884644,0.9053030014038086,0.4075757563114166
YGL012W,YCR028C-A,0,-5.514435,0.18167996406555176,0.9053030014038086,0.40776515007019043
YAL041W,YHR011W,0,-5.5151587,0.18161094188690186,0.9053030014038086,0.40795454382896423
YGR216C,YDR210C-D,0,-5.5152097,0.18154196441173553,0.9053030014038086,0.40814393758773804
YLR114C,YOR142W-A,0,-5.5160365,0.181473046541214,0.9053030014038086,0.40833333134651184
YBL019W,YNR046W,0,-5.5165763,0.18140417337417603,0.9053030014038086,0.40852272510528564
YDR077W,YDR210C-D,0,-5.5167236,0.18133535981178284,0.9053030014038086,0.40871211886405945
YEL063C,YHR048W,0,-5.51692,0.18126659095287323,0.9053030014038086,0.40890151262283325
YPL240C,YFL002W-B,0,-5.5181785,0.1811978816986084,0.9053030014038086,0.40909090638160706
YDR082W,YDR316W-A,0,-5.518232,0.18112921714782715,0.9053030014038086,0.40928030014038086
YNL046W,YPR158W-B,0,-5.5183024,0.18106061220169067,0.9053030014038086,0.40946969389915466
YNL278W,YPR078C,0,-5.518489,0.18099205195903778,0.9053030014038086,0.40965908765792847
YBR040W,YPR137C-A,0,-5.51929,0.18092353641986847,0.9053030014038086,0.40984848141670227
YBR245C,YPR133C,0,-5.5194182,0.18085509538650513,0.9053030014038086,0.4100378751754761
YGR246C,YMR112C,0,-5.5194707,0.18078668415546417,0.9053030014038086,0.4102272689342499
YKL192C,YKL081W,0,-5.5195446,0.180718332529068,0.9053030014038086,0.4104166626930237
YDR052C,YOR162C,0,-5.5204687,0.1806500405073166,0.9053030014038086,0.4106060564517975
YLR181C,YDL038C,0,-5.5210624,0.18058179318904877,0.9053030014038086,0.4107954502105713
YNL251C,YER137C-A,0,-5.521588,0.18051359057426453,0.9053030014038086,0.4109848439693451
YJR158W,YJR120W,0,-5.5224195,0.18044544756412506,0.9053030014038086,0.4111742377281189
YKR009C,YPR158W-B,0,-5.5229487,0.18037736415863037,0.9053030014038086,0.4113636314868927
YBR212W,YPR137C-A,0,-5.5232635,0.18030931055545807,0.9053030014038086,0.4115530252456665
YDR158W,YJR029W,0,-5.523605,0.18024133145809174,0.9053030014038086,0.4117424190044403
YLR214W,YKL015W,0,-5.5239835,0.1801733821630478,0.9053030014038086,0.4119318127632141
YDL040C,YEL065W,0,-5.524114,0.18010550737380981,0.9053030014038086,0.4121212065219879
YGL119W,YPR074C,0,-5.5241785,0.18003766238689423,0.9053030014038086,0.4123106002807617
YNR044W,YAL017W,0,-5.5242286,0.1799698770046234,0.9053030014038086,0.4124999940395355
YOR335C,YOR224C,0,-5.5244446,0.17990215122699738,0.9053030014038086,0.4126893877983093
YJL061W,YOR142W-A,0,-5.5244474,0.17983445525169373,0.9053030014038086,0.41287878155708313
YPL137C,YDR450W,0,-5.5244603,0.17976683378219604,0.9053030014038086,0.41306817531585693
YIL098C,YKL126W,0,-5.524626,0.17969924211502075,0.9053030014038086,0.41325756907463074
YLR114C,YNL041C,0,-5.526117,0.17963171005249023,0.9053030014038086,0.41344696283340454
YDL130W-A,YDL038C,0,-5.5261903,0.1795642375946045,0.9053030014038086,0.41363635659217834
YOR315W,YAR042W,0,-5.52648,0.17949680984020233,0.9053030014038086,0.41382575035095215
YPR033C,YBL101W-B,0,-5.527559,0.17942942678928375,0.9053030014038086,0.41401514410972595
YCR098C,YOR343C-A,0,-5.527559,0.17936210334300995,0.9053030014038086,0.41420453786849976
YGR027W-B,YPR036W-A,0,-5.527559,0.17929482460021973,0.9053030014038086,0.41439393162727356
YCL033C,YLR157C-A,0,-5.527559,0.17922759056091309,0.9053030014038086,0.41458332538604736
YDL148C,YPR036W-A,0,-5.527559,0.17916041612625122,0.9053030014038086,0.41477271914482117
YPL086C,YOR343C-A,0,-5.527559,0.17909328639507294,0.9053030014038086,0.41496211290359497
YLR186W,YLR157C-A,0,-5.527559,0.17902621626853943,0.9053030014038086,0.4151515066623688
YDR018C,YOR343C-A,0,-5.527559,0.1789591908454895,0.9053030014038086,0.4153409004211426
YNL278W,YBL101W-B,0,-5.527559,0.17889221012592316,0.9053030014038086,0.4155302941799164
YBL005W,YDR098C-B,0,-5.527559,0.1788252890110016,0.9053030014038086,0.4157196879386902
YPR100W,YBL101W-B,0,-5.527559,0.1787584125995636,0.9053030014038086,0.415909081697464
YDR158W,YBL101W-B,0,-5.527559,0.17869159579277039,0.9053030014038086,0.4160984754562378
YNL214W,YOR343C-A,0,-5.527559,0.17862480878829956,0.9053030014038086,0.4162878692150116
YER108C,YIL082W-A,0,-5.527559,0.1785580813884735,0.9053030014038086,0.4164772629737854
YDR479C,YBL101W-B,0,-5.527559,0.17849141359329224,0.9053030014038086,0.4166666567325592
YLR368W,YLR157C-A,0,-5.527559,0.17842479050159454,0.9053030014038086,0.416856050491333
YBL005W,YPL257W-B,0,-5.527559,0.17835821211338043,0.9053030014038086,0.4170454442501068
YER095W,YBL101W-B,0,-5.527559,0.1782916784286499,0.9053030014038086,0.4172348380088806
YDR188W,YOR343C-A,0,-5.527559,0.17822520434856415,0.9053030014038086,0.4174242317676544
YDR284C,YOR343C-A,0,-5.527559,0.17815877497196198,0.9053030014038086,0.4176136255264282
YPL218W,YPR036W-A,0,-5.527559,0.17809240520000458,0.9053030014038086,0.417803019285202
YNR034W,YOR343C-A,0,-5.527559,0.17802606523036957,0.9053030014038086,0.41799241304397583
YNL006W,YBL101W-B,0,-5.527559,0.17795978486537933,0.9053030014038086,0.41818180680274963
YGR027W-B,YLR157C-A,0,-5.527559,0.17789356410503387,0.9053030014038086,0.41837120056152344
YOR030W,YLR157C-A,0,-5.527559,0.177827388048172,0.9053030014038086,0.41856059432029724
YCR028C-A,YLR157C-A,0,-5.527559,0.1777612566947937,0.9053030014038086,0.41874998807907104
YJL168C,YOR343C-A,0,-5.527559,0.177695170044899,0.9053030014038086,0.41893938183784485
YKL099C,YOR343C-A,0,-5.527559,0.17762912809848785,0.9053030014038086,0.41912877559661865
YJR050W,YLR157C-A,0,-5.527559,0.1775631457567215,0.9053030014038086,0.41931816935539246
YBR060C,YOR343C-A,0,-5.527559,0.17749720811843872,0.9053030014038086,0.41950756311416626
YCL012W,YNL046W,0,-5.527559,0.17743133008480072,0.9053030014038086,0.41969695687294006
YBR040W,YLR157C-A,0,-5.527559,0.1773654967546463,0.9053030014038086,0.41988635063171387
YER107C,YOR343C-A,0,-5.527559,0.17729970812797546,0.9053030014038086,0.42007574439048767
YOR297C,YBL101W-B,0,-5.527559,0.1772339642047882,0.9053030014038086,0.4202651381492615
YER112W,YOR343C-A,0,-5.527559,0.17716827988624573,0.9053030014038086,0.4204545319080353
YJR127C,YPR036W-A,0,-5.527559,0.17710262537002563,0.9053030014038086,0.4206439256668091
YER149C,YBL101W-B,0,-5.527559,0.17703703045845032,0.9053030014038086,0.4208333194255829
YJR029W,YPR036W-A,0,-5.527559,0.17697149515151978,0.9053030014038086,0.4210227131843567
YER054C,YPR137C-B,0,-5.527559,0.17690598964691162,0.9053030014038086,0.4212121069431305
YLR022C,YBL101W-B,0,-5.527559,0.17684054374694824,0.9053030014038086,0.4214015007019043
YMR043W,YBL101W-B,0,-5.527559,0.17677514255046844,0.9053030014038086,0.4215908944606781
YPR034W,YPR036W-A,0,-5.527559,0.17670980095863342,0.9053030014038086,0.4217802882194519
YJL011C,YOR343C-A,0,-5.527559,0.1766444891691208,0.9053030014038086,0.4219697117805481
YPL212C,YOR343C-A,0,-5.527559,0.17657923698425293,0.9053030014038086,0.4221591055393219
YDR129C,YBL101W-B,0,-5.527559,0.17651402950286865,0.9053030014038086,0.4223484992980957
YDR353W,YBL101W-B,0,-5.527559,0.17644886672496796,0.9053030014038086,0.4225378930568695
YNR044W,YPR036W-A,0,-5.527559,0.17638376355171204,0.9053030014038086,0.4227272868156433
YCR034W,YBL101W-B,0,-5.527559,0.1763187050819397,0.9053030014038086,0.4229166805744171
YPR131C,YBL101W-B,0,-5.527559,0.17625369131565094,0.9053030014038086,0.4231060743331909
YMR015C,YLR157C-A,0,-5.527559,0.17618872225284576,0.9053030014038086,0.4232954680919647
YEL029C,YBL101W-B,0,-5.527559,0.17612379789352417,0.9053030014038086,0.4234848618507385
YPL167C,YBL101W-B,0,-5.527559,0.17605893313884735,0.9053030014038086,0.42367425560951233
YBR090C-A,YDR261W-A,0,-5.527559,0.1759941130876541,0.9053030014038086,0.42386364936828613
YPL049C,YOR343C-A,0,-5.527559,0.17592933773994446,0.9053030014038086,0.42405304312705994
YBL101W-B,YJR120W,0,-5.527559,0.17586460709571838,0.9053030014038086,0.42424243688583374
YER133W,YLR022C,0,-5.527655,0.1757999211549759,0.9053030014038086,0.42443183064460754
YKL185W,YNR034W,0,-5.5285435,0.17573529481887817,0.9053030014038086,0.42462122440338135
YDR296W,YLR212C,0,-5.5288663,0.17567071318626404,0.9053030014038086,0.42481061816215515
YNL006W,YML040W,0,-5.5292435,0.17560617625713348,0.9053030014038086,0.42500001192092896
YHR090C,YFL002W-B,0,-5.5296206,0.1755416840314865,0.9053030014038086,0.42518940567970276
YLR141W,YAR010C,0,-5.529631,0.17547723650932312,0.9053030014038086,0.42537879943847656
YMR112C,YLL003W,0,-5.5296693,0.1754128485918045,0.9053030014038086,0.42556819319725037
YIL042C,YDR243C,0,-5.530169,0.17534849047660828,0.9053030014038086,0.42575758695602417
YOL044W,YDR389W,0,-5.530254,0.17528419196605682,0.9053030014038086,0.425946980714798
YOR147W,YDR489W,0,-5.530426,0.17521993815898895,0.9053030014038086,0.4261363744735718
YGR188C,YNL085W,0,-5.530544,0.17515572905540466,0.9053030014038086,0.4263257682323456
YML051W,YPL167C,0,-5.5311995,0.17509157955646515,0.9053030014038086,0.4265151619911194
YIL065C,YNL326C,0,-5.5329394,0.17502745985984802,0.9053030014038086,0.4267045557498932
YBR296C,YFL002W-B,0,-5.5341525,0.17496339976787567,0.9053030014038086,0.426893949508667
YEL018W,YJL196C,0,-5.534267,0.1748993843793869,0.9053030014038086,0.4270833432674408
YDR093W,YPL193W,0,-5.534618,0.17483539879322052,0.9053030014038086,0.4272727370262146
YPL231W,YOR326W,0,-5.534858,0.1747714877128601,0.9053030014038086,0.4274621307849884
YNL094W,YJL003W,0,-5.5353355,0.17470760643482208,0.9053030014038086,0.4276515245437622
YIL065C,YKR020W,0,-5.535493,0.17464376986026764,0.9053030014038086,0.427840918302536
YJL061W,YLR410W,0,-5.53573,0.17457997798919678,0.9053030014038086,0.4280303120613098
YJL085W,YPR007C,0,-5.5364127,0.1745162457227707,0.9053030014038086,0.4282197058200836
YMR287C,YMR218C,0,-5.5367236,0.17445255815982819,0.9053030014038086,0.4284090995788574
YJL085W,YGL244W,0,-5.537192,0.17438891530036926,0.9053030014038086,0.4285984933376312
YOR298C-A,YOR003W,0,-5.5389647,0.17432531714439392,0.9053030014038086,0.42878788709640503
YNL046W,YOL103W-B,0,-5.539017,0.17426176369190216,0.9053030014038086,0.42897728085517883
YBL084C,YDR400W,1,-5.539353,0.17456267774105072,0.9071969985961914,0.42897728085517883
YNL251C,YDR261W-A,0,-5.539436,0.17449909448623657,0.9071969985961914,0.42916667461395264
YDR101C,YGL019W,0,-5.5397105,0.1744355410337448,0.9071969985961914,0.42935606837272644
YDR166C,YLR301W,0,-5.539984,0.17437204718589783,0.9071969985961914,0.42954546213150024
YDL231C,YLR328W,0,-5.5406766,0.17430858314037323,0.9071969985961914,0.42973485589027405
YJL081C,YBR088C,0,-5.540777,0.1742451786994934,0.9071969985961914,0.42992424964904785
YDR529C,YOL103W-B,0,-5.540897,0.17418181896209717,0.9071969985961914,0.43011364340782166
YFL039C,YBR109C,0,-5.541187,0.1741185039281845,0.9071969985961914,0.43030303716659546
YLR186W,YBR133C,0,-5.541719,0.17405523359775543,0.9071969985961914,0.43049243092536926
YKL185W,YDR261W-A,0,-5.5417557,0.17399200797080994,0.9071969985961914,0.43068182468414307
YHR106W,YBL005W-A,0,-5.541818,0.17392882704734802,0.9071969985961914,0.43087121844291687
YPR171W,YLL024C,0,-5.5418963,0.17386570572853088,0.9071969985961914,0.4310606122016907
YHR074W,YHR021C,0,-5.5420475,0.17380261421203613,0.9071969985961914,0.4312500059604645
YDL115C,YHR081W,0,-5.542257,0.17373956739902496,0.9071969985961914,0.4314393997192383
YEL019C,YPL016W,0,-5.542494,0.17367658019065857,0.9071969985961914,0.4316287934780121
YDR422C,YMR218C,0,-5.5428753,0.17361362278461456,0.9071969985961914,0.4318181872367859
YOL071W,YBR293W,0,-5.544356,0.17355072498321533,0.9071969985961914,0.4320075809955597
YBR257W,YHR214C-B,0,-5.5445724,0.17348787188529968,0.9071969985961914,0.4321969747543335
YNL182C,YPR178W,0,-5.5446763,0.17342504858970642,0.9071969985961914,0.4323863685131073
YMR164C,YOR229W,0,-5.545006,0.17336228489875793,0.9071969985961914,0.4325757622718811
YKR048C,YPR158C-C,0,-5.5451703,0.17329956591129303,0.9071969985961914,0.4327651560306549
YBR020W,YMR164C,0,-5.5454097,0.1732368916273117,0.9071969985961914,0.4329545497894287
YLR131C,YFL002W-B,0,-5.546201,0.17317426204681396,0.9071969985961914,0.4331439435482025
YER051W,YPR137C-A,0,-5.546802,0.1731116771697998,0.9071969985961914,0.4333333373069763
YPL270W,YOR014W,0,-5.547827,0.17304913699626923,0.9071969985961914,0.4335227310657501
YJL115W,YDR098C-B,0,-5.5481124,0.17298664152622223,0.9071969985961914,0.4337121248245239
YNR035C,YBL005W-A,0,-5.5485654,0.1729241907596588,0.9071969985961914,0.43390151858329773
YPL244C,YGR119C,0,-5.548678,0.17286178469657898,0.9071969985961914,0.43409091234207153
YHL048W,YDR437W,0,-5.5492897,0.17279942333698273,0.9071969985961914,0.43428030610084534
YLR228C,YGL150C,0,-5.549744,0.17273710668087006,0.9071969985961914,0.43446969985961914
YKR036C,YCR086W,0,-5.54983,0.17267483472824097,0.9071969985961914,0.43465909361839294
YPR068C,YOR298C-A,0,-5.5498567,0.17261260747909546,0.9071969985961914,0.43484848737716675
YJL170C,YDR160W,0,-5.550183,0.17255042493343353,0.9071969985961914,0.43503788113594055
YPL097W,YIL082W-A,0,-5.550241,0.17248830199241638,0.9071969985961914,0.43522727489471436
YGL119W,YLR256W,0,-5.5502634,0.17242620885372162,0.9071969985961914,0.43541666865348816
YDR446W,YDR353W,0,-5.5504823,0.17236416041851044,0.9071969985961914,0.43560606241226196
YDL101C,YOR085W,0,-5.5514283,0.17230215668678284,0.9071969985961914,0.43579545617103577
YDR167W,YPR137C-B,0,-5.5522995,0.17224019765853882,0.9071969985961914,0.43598484992980957
YLR220W,YDL213C,0,-5.552764,0.17217828333377838,0.9071969985961914,0.4361742436885834
YHR191C,YOR003W,0,-5.5528064,0.17211641371250153,0.9071969985961914,0.4363636374473572
YLR368W,YIL013C,0,-5.5530076,0.17205460369586945,0.9071969985961914,0.436553031206131
YJR158W,YHR050W,0,-5.5534825,0.17199282348155975,0.9071969985961914,0.4367424249649048
YLR233C,YDR098C-B,0,-5.553695,0.17193108797073364,0.9071969985961914,0.4369318187236786
YNL258C,YPR137C-B,0,-5.553846,0.1718693971633911,0.9071969985961914,0.4371212124824524
YIL098C,YER137C-A,0,-5.554189,0.17180775105953217,0.9071969985961914,0.4373106062412262
YOL112W,YPR078C,0,-5.554236,0.1717461496591568,0.9071969985961914,0.4375
YPR135W,YPL007C,0,-5.5545263,0.17168459296226501,0.9071969985961914,0.4376893937587738
YGR280C,YDR443C,0,-5.554814,0.1716230809688568,0.9071969985961914,0.4378787875175476
YGR121C,YGL014W,0,-5.556233,0.171561598777771,0.9071969985961914,0.4380681812763214
YDR160W,YJR029W,0,-5.5562425,0.17150017619132996,0.9071969985961914,0.4382575750350952
YLR212C,YOR142W-A,0,-5.556938,0.1714387983083725,0.9071969985961914,0.438446968793869
YGR213C,YKL108W,0,-5.5571456,0.17137746512889862,0.9071969985961914,0.4386363625526428
YPR131C,YDR389W,0,-5.557279,0.17131616175174713,0.9071969985961914,0.4388257563114166
YIL004C,YPR137C-A,0,-5.5573673,0.17125491797924042,0.9071969985961914,0.43901515007019043
YDL149W,YPL270W,0,-5.5581946,0.1711937040090561,0.9071969985961914,0.43920454382896423
YPR033C,YOL103W-B,0,-5.558313,0.17113254964351654,0.9071969985961914,0.43939393758773804
YPR135W,YJL156C,0,-5.5607057,0.17107142508029938,0.9071969985961914,0.43958333134651184
YGL115W,YOL103W-B,0,-5.560868,0.171010360121727,0.9071969985961914,0.43977272510528564
YJR144W,YNL326C,0,-5.5611873,0.170949324965477,0.9071969985961914,0.43996211886405945
YDR443C,YDR210C-D,0,-5.562243,0.17088833451271057,0.9071969985961914,0.44015151262283325
YIL098C,YDR316W-A,0,-5.5633173,0.17082738876342773,0.9071969985961914,0.44034090638160706
YCR028C-A,YDR346C,0,-5.56335,0.17076648771762848,0.9071969985961914,0.44053030014038086
YJR155W,YKL138C-A,0,-5.563958,0.1707056313753128,0.9071969985961914,0.44071969389915466
YGL115W,YNL197C,0,-5.5640607,0.1706448197364807,0.9071969985961914,0.44090908765792847
YDL030W,YDR261W-A,0,-5.564091,0.1705840528011322,0.9071969985961914,0.44109848141670227
YDL077C,YOR003W,0,-5.569122,0.17052331566810608,0.9071969985961914,0.4412878751754761
YNR044W,YPR137C-A,0,-5.5699162,0.17046263813972473,0.9071969985961914,0.4414772689342499
YCR065W,YEL065W,0,-5.57015,0.17040199041366577,0.9071969985961914,0.4416666626930237
YCR027C,YJL168C,0,-5.5702653,0.1703413873910904,0.9071969985961914,0.4418560564517975
YOR308C,YPL283C,0,-5.5706716,0.1702808439731598,0.9071969985961914,0.4420454502105713
YEL018W,YOL094C,0,-5.570725,0.17022033035755157,0.9071969985961914,0.4422348439693451
YNR072W,YOR315W,0,-5.571359,0.17015986144542694,0.9071969985961914,0.4424242377281189
YOR232W,YER019C-A,0,-5.571941,0.1700994372367859,0.9071969985961914,0.4426136314868927
YER038C,YMR053C,0,-5.572678,0.17003904283046722,0.9071969985961914,0.4428030252456665
YGR179C,YOR332W,0,-5.5727267,0.16997870802879333,0.9071969985961914,0.4429924190044403
YCL012W,YDR446W,0,-5.572991,0.16991841793060303,0.9071969985961914,0.4431818127632141
YKL006C-A,YER137C-A,0,-5.5733166,0.1698581576347351,0.9071969985961914,0.4433712065219879
YOL135C,YKR089C,0,-5.5735383,0.16979794204235077,0.9071969985961914,0.4435606002807617
YCL035C,YJL018W,0,-5.574686,0.16973777115345,0.9071969985961914,0.4437499940395355
YMR234W,YBR175W,0,-5.5746865,0.16967764496803284,0.9071969985961914,0.4439393877983093
YGR028W,YDR416W,0,-5.574927,0.16961756348609924,0.9071969985961914,0.44412878155708313
YLR155C,YOL021C,0,-5.575134,0.16955752670764923,0.9071969985961914,0.44431817531585693
YOR326W,YDL212W,0,-5.575874,0.1694975197315216,0.9071969985961914,0.44450756907463074
YLR312C-B,YKL081W,0,-5.5763927,0.16943757236003876,0.9071969985961914,0.44469696283340454
YNR027W,YJR029W,0,-5.576452,0.1693776547908783,0.9071969985961914,0.44488635659217834
YER016W,YJL196C,0,-5.576727,0.16931778192520142,0.9071969985961914,0.44507575035095215
YJL168C,YAR010C,0,-5.57697,0.16925795376300812,0.9071969985961914,0.44526514410972595
YER137C-A,YJR120W,0,-5.577492,0.1691981703042984,0.9071969985961914,0.44545453786849976
YJL178C,YHR074W,0,-5.5797935,0.16913841664791107,0.9071969985961914,0.44564393162727356
YPL117C,YOL103W-B,0,-5.5811486,0.16907870769500732,0.9071969985961914,0.44583332538604736
YLR069C,YMR285C,0,-5.5815377,0.16901905834674835,0.9071969985961914,0.44602271914482117
YEL009C,YKR101W,0,-5.582084,0.16895943880081177,0.9071969985961914,0.44621211290359497
YJL003W,YBL005W,0,-5.5822186,0.16889986395835876,0.9071969985961914,0.4464015066623688
YCL012W,YPR178W,0,-5.5824966,0.16884031891822815,0.9071969985961914,0.4465909004211426
YGR006W,YIL082W-A,0,-5.583289,0.1687808334827423,0.9071969985961914,0.4467802941799164
YIL016W,YHR090C,0,-5.5853333,0.16872137784957886,0.9071969985961914,0.4469696879386902
YNL231C,YKR089C,0,-5.585771,0.168661966919899,0.9071969985961914,0.447159081697464
YKL001C,YJR126C,0,-5.5861754,0.1686026006937027,0.9071969985961914,0.4473484754562378
YNL172W,YNL064C,1,-5.5862556,0.16889514029026031,0.9090909361839294,0.4473484754562378
YDR118W,YMR276W,1,-5.5863132,0.16918747127056122,0.9109848737716675,0.4473484754562378
YBL057C,YIL017C,1,-5.5870166,0.1694796085357666,0.9128788113594055,0.4473484754562378
YJL018W,YLR043C,0,-5.5870404,0.1694200336933136,0.9128788113594055,0.4475378692150116
YOR035C,YER137C-A,0,-5.587081,0.16936050355434418,0.9128788113594055,0.4477272629737854
YNR072W,YLR052W,0,-5.5882773,0.16930101811885834,0.9128788113594055,0.4479166567325592
YLR328W,YER180C-A,0,-5.5887856,0.16924157738685608,0.9128788113594055,0.448106050491333
YPL075W,YLR043C,0,-5.590398,0.1691821664571762,0.9128788113594055,0.4482954442501068
YOR281C,YOR142W-A,0,-5.591208,0.16912280023097992,0.9128788113594055,0.4484848380088806
YBL084C,YBR082C,1,-5.591274,0.1694142371416092,0.9147727489471436,0.4484848380088806
YEL032W,YOL067C,0,-5.592176,0.16935484111309052,0.9147727489471436,0.4486742317676544
YBR202W,YFL002W-B,0,-5.592368,0.16929547488689423,0.9147727489471436,0.4488636255264282
YLR353W,YHR050W,0,-5.5924945,0.16923615336418152,0.9147727489471436,0.449053019285202
YPL228W,YNL197C,0,-5.592771,0.1691768765449524,0.9147727489471436,0.44924241304397583
YLL009C,YER108C,0,-5.593285,0.16911764442920685,0.9147727489471436,0.44943180680274963
YDR279W,YBR097W,0,-5.593969,0.16905845701694489,0.9147727489471436,0.44962120056152344
YNL103W,YJL018W,0,-5.594589,0.1689992994070053,0.9147727489471436,0.44981059432029724
YMR164C,YER180C-A,0,-5.595417,0.16894018650054932,0.9147727489471436,0.44999998807907104
YMR290C,YJL192C,0,-5.596084,0.1688811182975769,0.9147727489471436,0.45018938183784485
YJR078W,YLR181C,0,-5.5962677,0.16882209479808807,0.9147727489471436,0.45037877559661865
YJL074C,YDR261W-A,0,-5.597011,0.16876310110092163,0.9147727489471436,0.45056816935539246
YJR089W,YAR010C,0,-5.5973883,0.16870415210723877,0.9147727489471436,0.45075756311416626
YDR316W-A,YNR048W,0,-5.5979567,0.1686452478170395,0.9147727489471436,0.45094695687294006
YBL018C,YML028W,0,-5.598714,0.1685863882303238,0.9147727489471436,0.45113635063171387
YGR104C,YOR297C,0,-5.599013,0.16852755844593048,0.9147727489471436,0.45132574439048767
YGL063W,YDR210C-D,0,-5.5991178,0.16846878826618195,0.9147727489471436,0.4515151381492615
YNL172W,YDL190C,1,-5.599219,0.16875872015953064,0.9166666865348816,0.4515151381492615
YGL070C,YPL257W-B,0,-5.5993323,0.16869989037513733,0.9166666865348816,0.4517045319080353
YOR001W,YFL002W-B,0,-5.599591,0.1686411201953888,0.9166666865348816,0.4518939256668091
YLR212C,YGR122W,0,-5.6003504,0.16858237981796265,0.9166666865348816,0.4520833194255829
YPR128C,YMR164C,0,-5.600763,0.16852368414402008,0.9166666865348816,0.4522727131843567
YOL094C,YNR039C,0,-5.6010885,0.1684650182723999,0.9166666865348816,0.4524621069431305
YHL025W,YKL058W,0,-5.6020427,0.1684063971042633,0.9166666865348816,0.4526515007019043
YEL019C,YOR142W-A,0,-5.6020837,0.1683478206396103,0.9166666865348816,0.4528408944606781
YKL138C-A,YKL117W,0,-5.6026845,0.16828928887844086,0.9166666865348816,0.4530302882194519
YOR032C,YGR082W,0,-5.6039224,0.168230801820755,0.9166666865348816,0.4532197117805481
YDR254W,YBR090C-A,0,-5.6040254,0.16817234456539154,0.9166666865348816,0.4534091055393219
YPL117C,YLR181C,0,-5.604485,0.16811393201351166,0.9166666865348816,0.4535984992980957
YNL121C,YER137C-A,0,-5.6047444,0.16805554926395416,0.9166666865348816,0.4537878930568695
YGR246C,YCL020W,0,-5.605189,0.16799722611904144,0.9166666865348816,0.4539772868156433
YFL039C,YIL004C,0,-5.606184,0.1679389327764511,0.9166666865348816,0.4541666805744171
YFR046C,YHL048W,0,-5.6062183,0.16788068413734436,0.9166666865348816,0.4543560743331909
YOR133W,YGL200C,0,-5.60669,0.16782246530056,0.9166666865348816,0.4545454680919647
YBR205W,YDL039C,0,-5.6068244,0.16776429116725922,0.9166666865348816,0.4547348618507385
YLR405W,YCR014C,0,-5.6111875,0.16770616173744202,0.9166666865348816,0.45492425560951233
YGR108W,YNL085W,0,-5.6116633,0.1676480770111084,0.9166666865348816,0.45511364936828613
YNL275W,YOR162C,0,-5.611766,0.16759002208709717,0.9166666865348816,0.45530304312705994
YML095C,YDR098C-B,0,-5.6132107,0.16753201186656952,0.9166666865348816,0.45549243688583374
YPL075W,YHR014W,0,-5.613354,0.16747404634952545,0.9166666865348816,0.45568183064460754
YBR020W,YLR403W,0,-5.613439,0.16741612553596497,0.9166666865348816,0.45587122440338135
YMR083W,YPR158W-B,0,-5.6134443,0.16735823452472687,0.9166666865348816,0.45606061816215515
YDR247W,YBL005W-A,0,-5.614241,0.16730037331581116,0.9166666865348816,0.45625001192092896
YNL085W,YML095C,0,-5.6146894,0.16724257171154022,0.9166666865348816,0.45643940567970276
YLR429W,YOR297C,0,-5.61509,0.16718479990959167,0.9166666865348816,0.45662879943847656
YGR007W,YFL059W,0,-5.615689,0.1671270728111267,0.9166666865348816,0.45681819319725037
YBR088C,YNR039C,0,-5.615894,0.16706937551498413,0.9166666865348816,0.45700758695602417
YBL084C,YML088W,1,-5.6164675,0.16735680401325226,0.9185606241226196,0.45700758695602417
YML004C,YGR081C,0,-5.6170163,0.1672990620136261,0.9185606241226196,0.457196980714798
YPR119W,YBR061C,0,-5.618726,0.16724137961864471,0.9185606241226196,0.4573863744735718
YJR089W,YBL006C,0,-5.6187563,0.16718372702598572,0.9185606241226196,0.4575757682323456
YAL033W,YLR312C-B,0,-5.619486,0.1671261191368103,0.9185606241226196,0.4577651619911194
YIL035C,YNR034W,0,-5.6210084,0.16706855595111847,0.9185606241226196,0.4579545557498932
YDR446W,YEL057C,0,-5.621287,0.16701102256774902,0.9185606241226196,0.458143949508667
YJL196C,YHR015W,0,-5.62194,0.16695353388786316,0.9185606241226196,0.4583333432674408
YER019C-A,YBL034C,0,-5.6228147,0.16689607501029968,0.9185606241226196,0.4585227370262146
YBR061C,YDR316W-A,0,-5.6243043,0.1668386608362198,0.9185606241226196,0.4587121307849884
YPL240C,YPR158C-C,0,-5.6252384,0.16678129136562347,0.9185606241226196,0.4589015245437622
YBL035C,YIL082W-A,0,-5.6257777,0.16672396659851074,0.9185606241226196,0.459090918302536
YNR017W,YBR015C,0,-5.625861,0.1666666716337204,0.9185606241226196,0.4592803120613098
YNL064C,YDR057W,1,-5.6258674,0.1669529378414154,0.9204545617103577,0.4592803120613098
YLR403W,YPL144W,0,-5.626342,0.16689559817314148,0.9204545617103577,0.4594697058200836
YDL028C,YJL210W,0,-5.626393,0.16683831810951233,0.9204545617103577,0.4596590995788574
YPL127C,YER137C-A,0,-5.6265225,0.16678105294704437,0.9204545617103577,0.4598484933376312
YMR042W,YBL103C,0,-5.626688,0.1667238473892212,0.9204545617103577,0.46003788709640503
YLR100W,YJR126C,0,-5.6272726,0.1666666716337204,0.9204545617103577,0.46022728085517883
YPL244C,YLR371W,0,-5.627661,0.166609525680542,0.9204545617103577,0.46041667461395264
YOL044W,YMR243C,0,-5.627703,0.16655243933200836,0.9204545617103577,0.46060606837272644
YJL024C,YDR150W,0,-5.628445,0.16649536788463593,0.9204545617103577,0.46079546213150024
YGR267C,YCL066W,0,-5.629145,0.16643835604190826,0.9204545617103577,0.46098485589027405
YDL148C,YLR014C,0,-5.6292286,0.166381374001503,0.9204545617103577,0.46117424964904785
YPR005C,YCL001W,0,-5.6295714,0.1663244366645813,0.9204545617103577,0.46136364340782166
YER108C,YAR042W,0,-5.6300015,0.166267529129982,0.9204545617103577,0.46155303716659546
YJL146W,YKL074C,0,-5.630175,0.16621066629886627,0.9204545617103577,0.46174243092536926
YJL196C,YPR054W,0,-5.6304297,0.16615384817123413,0.9204545617103577,0.46193182468414307
YDL074C,YPL075W,0,-5.630925,0.16609705984592438,0.9204545617103577,0.46212121844291687
YCR088W,YDR457W,0,-5.631545,0.1660403162240982,0.9204545617103577,0.4623106122016907
YPL117C,YKL126W,0,-5.63236,0.16598360240459442,0.9204545617103577,0.4625000059604645
YOL165C,YJL115W,0,-5.6338305,0.16592693328857422,0.9204545617103577,0.4626893997192383
YBL034C,YML045W,0,-5.6357503,0.1658703088760376,0.9204545617103577,0.4628787934780121
YLR176C,YMR293C,0,-5.635901,0.16581371426582336,0.9204545617103577,0.4630681872367859
YOL135C,YOL103W-B,0,-5.636215,0.1657571643590927,0.9204545617103577,0.4632575809955597
YBR020W,YBL005W-A,0,-5.636598,0.16570064425468445,0.9204545617103577,0.4634469747543335
YLR109W,YPR005C,0,-5.6379743,0.16564416885375977,0.9204545617103577,0.4636363685131073
YJR144W,YPL257W-B,0,-5.638084,0.16558773815631866,0.9204545617103577,0.4638257622718811
YLR312C-B,YEL002C,0,-5.6385493,0.16553133726119995,0.9204545617103577,0.4640151560306549
YLR314C,YGR008C,0,-5.639359,0.16547498106956482,0.9204545617103577,0.4642045497894287
YPR111W,YMR285C,0,-5.639771,0.16541865468025208,0.9204545617103577,0.4643939435482025
YDR238C,YPL139C,0,-5.639981,0.1653623729944229,0.9204545617103577,0.4645833373069763
YMR285C,YOR142W-A,0,-5.6404195,0.16530612111091614,0.9204545617103577,0.4647727310657501
YNL113W,YBR061C,0,-5.6412973,0.16524991393089294,0.9204545617103577,0.4649621248245239
YEL009C,YKL006C-A,0,-5.641331,0.16519375145435333,0.9204545617103577,0.46515151858329773
YMR277W,YBL023C,0,-5.6417713,0.1651376187801361,0.9204545617103577,0.46534091234207153
YER053C,YKL081W,0,-5.642277,0.16508151590824127,0.9204545617103577,0.46553030610084534
YGR055W,YDL084W,0,-5.6423354,0.1650254726409912,0.9204545617103577,0.46571969985961914
YJR063W,YML091C,0,-5.64469,0.16496944427490234,0.9204545617103577,0.46590909361839294
YOR061W,YGL019W,0,-5.6456366,0.16491347551345825,0.9204545617103577,0.46609848737716675
YOR188W,YLR181C,0,-5.6459765,0.16485753655433655,0.9204545617103577,0.46628788113594055
YNR035C,YHR014W,0,-5.646254,0.16480162739753723,0.9204545617103577,0.46647727489471436
YHR005C-A,YOL103W-B,0,-5.646258,0.1647457629442215,0.9204545617103577,0.46666666865348816
YNL006W,YOR326W,0,-5.646404,0.16468992829322815,0.9204545617103577,0.46685606241226196
YBR036C,YKL099C,0,-5.6468425,0.16463415324687958,0.9204545617103577,0.46704545617103577
YGL245W,YGL252C,0,-5.6469193,0.1645783931016922,0.9204545617103577,0.46723484992980957
YBR015C,YGL111W,0,-5.6472898,0.1645226776599884,0.9204545617103577,0.4674242436885834
YHR191C,YKL099C,0,-5.648138,0.1644670069217682,0.9204545617103577,0.4676136374473572
YLR401C,YKR048C,0,-5.648861,0.16441136598587036,0.9204545617103577,0.467803031206131
YLR347C,YFL002W-B,0,-5.6489434,0.16435576975345612,0.9204545617103577,0.4679924249649048
YMR234W,YFL002W-B,0,-5.6496444,0.16430020332336426,0.9204545617103577,0.4681818187236786
YKR046C,YBL034C,0,-5.6496873,0.16424468159675598,0.9204545617103577,0.4683712124824524
YCR098C,YDR018C,0,-5.6499324,0.1641891896724701,0.9204545617103577,0.4685606062412262
YDR434W,YOR142W-A,0,-5.6518626,0.16413374245166779,0.9204545617103577,0.46875
YBR079C,YER116C,0,-5.652018,0.16407832503318787,0.9204545617103577,0.4689393937587738
YCR075C,YJL074C,0,-5.6525445,0.16402295231819153,0.9204545617103577,0.4691287875175476
YKL185W,YKL073W,0,-5.6533494,0.16396760940551758,0.9204545617103577,0.4693181812763214
YGR188C,YBL075C,0,-5.6533637,0.1639123111963272,0.9204545617103577,0.4695075750350952
YER016W,YNL286W,0,-5.6538806,0.16385704278945923,0.9204545617103577,0.469696968793869
YCR065W,YPL257W-B,0,-5.654082,0.16380181908607483,0.9204545617103577,0.4698863625526428
YJL003W,YPL157W,0,-5.655053,0.16374662518501282,0.9204545617103577,0.4700757563114166
YDR421W,YNL294C,0,-5.6550584,0.1636914759874344,0.9204545617103577,0.47026515007019043
YLL043W,YER149C,0,-5.656773,0.16363635659217834,0.9204545617103577,0.47045454382896423
YLR134W,YPL031C,0,-5.6571283,0.16358128190040588,0.9204545617103577,0.47064393758773804
YHR043C,YNL064C,1,-5.657187,0.16386272013187408,0.9223484992980957,0.47064393758773804
YKL182W,YNL046W,0,-5.657245,0.16380760073661804,0.9223484992980957,0.47083333134651184
YDR421W,YBR250W,0,-5.658009,0.16375252604484558,0.9223484992980957,0.47102272510528564
YER013W,YER095W,0,-5.658065,0.1636974811553955,0.9223484992980957,0.47121211886405945
YPL221W,YDR261W-A,0,-5.658402,0.16364246606826782,0.9223484992980957,0.47140151262283325
YGL244W,YPL257W-B,0,-5.6589856,0.1635875105857849,0.9223484992980957,0.47159090638160706
YGR028W,YGR122W,0,-5.660043,0.1635325700044632,0.9223484992980957,0.47178030014038086
YNL214W,YPR158C-C,0,-5.6603875,0.16347767412662506,0.9223484992980957,0.47196969389915466
YNL172W,YHR043C,1,-5.660436,0.16375838220119476,0.9242424368858337,0.47196969389915466
YKL152C,YDR279W,0,-5.6604905,0.16370345652103424,0.9242424368858337,0.47215908765792847
YGL019W,YDR093W,0,-5.660767,0.1636485606431961,0.9242424368858337,0.47234848141670227
YBL084C,YDR330W,1,-5.6608944,0.16392892599105835,0.9261363744735718,0.47234848141670227
YJR029W,YPR158W-B,0,-5.6615553,0.16387400031089783,0.9261363744735718,0.4725378751754761
YOR049C,YDL038C,0,-5.6624684,0.1638190895318985,0.9261363744735718,0.4727272689342499
YGR085C,YPL274W,0,-5.662988,0.16376423835754395,0.9261363744735718,0.4729166626930237
YJR069C,YMR137C,0,-5.663363,0.16370940208435059,0.9261363744735718,0.4731060564517975
YPR190C,YBL055C,0,-5.6635566,0.163654625415802,0.9261363744735718,0.4732954502105713
YGR036C,YLR438C-A,0,-5.665185,0.1635998636484146,0.9261363744735718,0.4734848439693451
YOL021C,YGR179C,0,-5.6653748,0.1635451465845108,0.9261363744735718,0.4736742377281189
YLR155C,YER137C-A,0,-5.6658754,0.16349047422409058,0.9261363744735718,0.4738636314868927
YLR016C,YDR077W,0,-5.6666913,0.16343583166599274,0.9261363744735718,0.4740530252456665
YLR238W,YDR296W,0,-5.668992,0.16338121891021729,0.9261363744735718,0.4742424190044403
YDR022C,YMR182C,0,-5.6695485,0.16332665085792542,0.9261363744735718,0.4744318127632141
YDL212W,YER180C-A,0,-5.6698728,0.16327212750911713,0.9261363744735718,0.4746212065219879
YMR316W,YNL046W,0,-5.670426,0.16321761906147003,0.9261363744735718,0.4748106002807617
YDL101C,YIL082W-A,0,-5.6705313,0.1631631702184677,0.9261363744735718,0.4749999940395355
YFL059W,YCL069W,0,-5.67081,0.1631087362766266,0.9261363744735718,0.4751893877983093
YHL019C,YJL074C,0,-5.670826,0.16305434703826904,0.9261363744735718,0.47537878155708313
YDR141C,YER041W,0,-5.672629,0.16300000250339508,0.9261363744735718,0.47556817531585693
YJL074C,YML040W,0,-5.672668,0.1629456877708435,0.9261363744735718,0.47575756907463074
YNR053C,YDL216C,0,-5.6729064,0.16289140284061432,0.9261363744735718,0.47594696283340454
YNR027W,YDR420W,0,-5.6729965,0.1628371626138687,0.9261363744735718,0.47613635659217834
YCL031C,YOR073W,0,-5.673162,0.1627829521894455,0.9261363744735718,0.47632575035095215
YPR119W,YER108C,0,-5.6738105,0.16272878646850586,0.9261363744735718,0.47651514410972595
YOL115W,YFL002W-B,0,-5.6739335,0.1626746505498886,0.9261363744735718,0.47670453786849976
YBL057C,YDR400W,1,-5.6750674,0.16295310854911804,0.9280303120613098,0.47670453786849976
YCL012W,YER127W,0,-5.675877,0.1628989428281784,0.9280303120613098,0.47689393162727356
YEL034W,YNL046W,0,-5.6763873,0.16284479200839996,0.9280303120613098,0.47708332538604736
YGL019W,YDR098C-B,0,-5.6765027,0.1627907007932663,0.9280303120613098,0.47727271914482117
YER174C,YOR188W,0,-5.677952,0.16273663938045502,0.9280303120613098,0.47746211290359497
YDL194W,YNL197C,0,-5.6783986,0.16268260776996613,0.9280303120613098,0.4776515066623688
YDL115C,YDL084W,0,-5.6787696,0.16262860596179962,0.9280303120613098,0.4778409004211426
YJL115W,YMR190C,0,-5.6795335,0.1625746488571167,0.9280303120613098,0.4780302941799164
YJL190C,YPL257W-B,0,-5.680239,0.16252073645591736,0.9280303120613098,0.4782196879386902
YGL166W,YBR198C,0,-5.6804757,0.1624668389558792,0.9280303120613098,0.478409081697464
YOR133W,YOR142W-A,0,-5.680589,0.16241298615932465,0.9280303120613098,0.4785984754562378
YER108C,YOR274W,0,-5.6814456,0.16235917806625366,0.9280303120613098,0.4787878692150116
YJR144W,YDR210C-D,0,-5.68164,0.16230539977550507,0.9280303120613098,0.4789772629737854
YDR101C,YNL121C,0,-5.6818433,0.16225165128707886,0.9280303120613098,0.4791666567325592
YMR285C,YFL002W-B,0,-5.681874,0.16219794750213623,0.9280303120613098,0.479356050491333
YMR240C,YBR090C-A,0,-5.6826215,0.162144273519516,0.9280303120613098,0.4795454442501068
YDR268W,YNR046W,0,-5.682676,0.16209064424037933,0.9280303120613098,0.4797348380088806
YLR220W,YCR073C,0,-5.682869,0.16203702986240387,0.9280303120613098,0.4799242317676544
YHL048W,YPR140W,0,-5.682959,0.16198347508907318,0.9280303120613098,0.4801136255264282
YDR443C,YGR027W-B,0,-5.684093,0.1619299352169037,0.9280303120613098,0.480303019285202
YCL010C,YPL257W-B,0,-5.6842093,0.16187644004821777,0.9280303120613098,0.48049241304397583
YOL021C,YOL138C,0,-5.6843204,0.16182298958301544,0.9280303120613098,0.48068180680274963
YNL025C,YLR212C,0,-5.684365,0.1617695540189743,0.9280303120613098,0.48087120056152344
YBL025W,YJL192C,0,-5.684437,0.16171617805957794,0.9280303120613098,0.48106059432029724
YCR093W,YLR410W,0,-5.684941,0.16166281700134277,0.9280303120613098,0.48124998807907104
YDR247W,YDR261W-A,0,-5.6850266,0.1616095006465912,0.9280303120613098,0.48143938183784485
YNL231C,YGR027W-B,0,-5.6852603,0.161556214094162,0.9280303120613098,0.48162877559661865
YBL035C,YPR137C-B,0,-5.6861944,0.16150297224521637,0.9280303120613098,0.48181816935539246
YJR078W,YPR158C-C,0,-5.6863112,0.16144976019859314,0.9280303120613098,0.48200756311416626
YDR108W,YDR123C,0,-5.6867194,0.1613965779542923,0.9280303120613098,0.48219695687294006
YHR118C,YHR050W,0,-5.687155,0.16134342551231384,0.9280303120613098,0.48238635063171387
YGR108W,YMR211W,0,-5.6872716,0.16129031777381897,0.9280303120613098,0.48257574439048767
YJL062W,YLR212C,0,-5.687329,0.16123725473880768,0.9280303120613098,0.4827651381492615
YNL041C,YEL065W,0,-5.6873984,0.16118420660495758,0.9280303120613098,0.4829545319080353
YOL135C,YOR229W,0,-5.6876025,0.16113120317459106,0.9280303120613098,0.4831439256668091
YJR119C,YKL058W,0,-5.6899133,0.16107824444770813,0.9280303120613098,0.4833333194255829
YMR235C,YFL002W-B,0,-5.690128,0.1610253006219864,0.9280303120613098,0.4835227131843567
YMR190C,YGL115W,0,-5.6902304,0.16097240149974823,0.9280303120613098,0.4837121069431305
YPL075W,YDL028C,0,-5.690356,0.16091954708099365,0.9280303120613098,0.4839015007019043
YBL014C,YER180C-A,0,-5.6906195,0.16086670756340027,0.9280303120613098,0.4840908944606781
YIR017C,YGR013W,0,-5.6912417,0.16081391274929047,0.9280303120613098,0.4842802882194519
YNL206C,YHL025W,0,-5.692489,0.16076114773750305,0.9280303120613098,0.4844697117805481
YGL200C,YBR294W,0,-5.6928563,0.16070842742919922,0.9280303120613098,0.4846591055393219
YOR232W,YJL156C,0,-5.693245,0.16065573692321777,0.9280303120613098,0.4848484992980957
YDR434W,YHR154W,0,-5.6935687,0.16060307621955872,0.9280303120613098,0.4850378930568695
YDR166C,YKL058W,0,-5.6940904,0.16055046021938324,0.9280303120613098,0.4852272868156433
YGL025C,YNR046W,0,-5.694721,0.16049787402153015,0.9280303120613098,0.4854166805744171
YOR046C,YEL002C,0,-5.6964216,0.16044531762599945,0.9280303120613098,0.4856060743331909
YOR061W,YPL016W,0,-5.6970086,0.16039280593395233,0.9280303120613098,0.4857954680919647
YER065C,YAR010C,0,-5.6971364,0.1603403091430664,0.9280303120613098,0.4859848618507385
YOR168W,YDR243C,0,-5.6979327,0.16028785705566406,0.9280303120613098,0.48617425560951233
YNL172W,YIL075C,1,-5.698835,0.1605624556541443,0.9299242496490479,0.48617425560951233
YGL021W,YPL231W,0,-5.698872,0.16050997376441956,0.9299242496490479,0.48636364936828613
YDR284C,YEL034W,0,-5.6997523,0.1604575216770172,0.9299242496490479,0.48655304312705994
YML116W,YGL039W,0,-5.6998224,0.16040509939193726,0.9299242496490479,0.48674243688583374
YBR274W,YBL014C,0,-5.7003384,0.1603527069091797,0.9299242496490479,0.48693183064460754
YPL240C,YJL146W,0,-5.7004256,0.1603003591299057,0.9299242496490479,0.48712122440338135
YIR017C,YKL058W,0,-5.700811,0.1602480411529541,0.9299242496490479,0.48731061816215515
YPL042C,YBR294W,0,-5.7013764,0.1601957529783249,0.9299242496490479,0.48750001192092896
YLR233C,YGR244C,0,-5.701588,0.16014350950717926,0.9299242496490479,0.48768940567970276
YDR243C,YOL080C,0,-5.701914,0.16009129583835602,0.9299242496490479,0.48787879943847656
YOR284W,YBR142W,0,-5.702136,0.16003911197185516,0.9299242496490479,0.48806819319725037
YDL137W,YJR025C,0,-5.703982,0.1599869728088379,0.9299242496490479,0.48825758695602417
YNL031C,YOR132W,0,-5.7045608,0.1599348485469818,0.9299242496490479,0.488446980714798
YMR199W,YJL146W,0,-5.704977,0.15988276898860931,0.9299242496490479,0.4886363744735718
YLR069C,YKL108W,0,-5.705336,0.1598307341337204,0.9299242496490479,0.4888257682323456
YPL155C,YFR051C,0,-5.7057033,0.15977871417999268,0.9299242496490479,0.4890151619911194
YPL117C,YGL136C,0,-5.7057695,0.15972673892974854,0.9299242496490479,0.4892045557498932
YLL002W,YMR305C,0,-5.7058077,0.15967479348182678,0.9299242496490479,0.489393949508667
YLR295C,YGR027W-B,0,-5.706408,0.1596228927373886,0.9299242496490479,0.4895833432674408
YIL095W,YGL070C,0,-5.706424,0.15957100689411163,0.9299242496490479,0.4897727370262146
YNR008W,YBR228W,0,-5.7066255,0.15951916575431824,0.9299242496490479,0.4899621307849884
YER116C,YDR312W,0,-5.706653,0.15946735441684723,0.9299242496490479,0.4901515245437622
YMR068W,YBR060C,0,-5.7074704,0.1594155877828598,0.9299242496490479,0.490340918302536
YMR319C,YKR062W,0,-5.7077165,0.15936383605003357,0.9299242496490479,0.4905303120613098
YLR401C,YHL025W,0,-5.7081285,0.15931212902069092,0.9299242496490479,0.4907197058200836
YGL245W,YJL156C,0,-5.7082496,0.15926046669483185,0.9299242496490479,0.4909090995788574
YNL172W,YDR118W,1,-5.7089467,0.1595330685377121,0.9318181872367859,0.4909090995788574
YBL018C,YDR167W,0,-5.7091513,0.15948136150836945,0.9318181872367859,0.4910984933376312
YLR069C,YLL003W,0,-5.710584,0.15942968428134918,0.9318181872367859,0.49128788709640503
YER019C-A,YGR008C,0,-5.711061,0.1593780368566513,0.9318181872367859,0.49147728085517883
YER108C,YBR296C,0,-5.7116046,0.15932641923427582,0.9318181872367859,0.49166667461395264
YBL005W,YER013W,0,-5.7125545,0.1592748463153839,0.9318181872367859,0.49185606837272644
YDR461W,YDR353W,0,-5.7127604,0.1592233031988144,0.9318181872367859,0.49204546213150024
YJL100W,YMR164C,0,-5.7131143,0.15917178988456726,0.9318181872367859,0.49223485589027405
YGR119C,YML021C,0,-5.713454,0.15912030637264252,0.9318181872367859,0.49242424964904785
YLR233C,YDR211W,0,-5.713489,0.15906886756420135,0.9318181872367859,0.49261364340782166
YFR033C,YJL190C,0,-5.714533,0.15901745855808258,0.9318181872367859,0.49280303716659546
YNL172W,YOR256C,1,-5.716095,0.1592891812324524,0.9337121248245239,0.49280303716659546
YFR024C-A,YDR261W-A,0,-5.716335,0.15923772752285004,0.9337121248245239,0.49299243092536926
YMR065W,YKL186C,0,-5.71713,0.15918630361557007,0.9337121248245239,0.49318182468414307
YJR007W,YFL002W-B,0,-5.7216287,0.15913492441177368,0.9337121248245239,0.49337121844291687
YBL019W,YOR025W,0,-5.722462,0.15908357501029968,0.9337121248245239,0.4935606122016907
YNR044W,YOR188W,0,-5.724166,0.15903225541114807,0.9337121248245239,0.4937500059604645
YLR295C,YHR214C-B,0,-5.7247243,0.15898098051548004,0.9337121248245239,0.4939393997192383
YHR074W,YLR043C,0,-5.7252803,0.1589297205209732,0.9337121248245239,0.4941287934780121
YMR042W,YER041W,0,-5.725536,0.15887850522994995,0.9337121248245239,0.4943181872367859
YLR014C,YBL075C,0,-5.725536,0.15882731974124908,0.9337121248245239,0.4945075809955597
YOL067C,YDL076C,0,-5.7263913,0.1587761640548706,0.9337121248245239,0.4946969747543335
YPL075W,YIL082W-A,0,-5.7267947,0.1587250530719757,0.9337121248245239,0.4948863685131073
YEL009C,YDR296W,0,-5.727074,0.158673956990242,0.9337121248245239,0.4950757622718811
YDR296W,YLL003W,0,-5.727178,0.15862290561199188,0.9337121248245239,0.4952651560306549
YPL046C,YMR067C,1,-5.7274985,0.15889354050159454,0.935606062412262,0.4952651560306549
YDR382W,YOL103W-B,0,-5.7285113,0.15884244441986084,0.935606062412262,0.4954545497894287
YOR109W,YIR019C,0,-5.7333436,0.15879137814044952,0.935606062412262,0.4956439435482025
YOR351C,YMR053C,0,-5.7350793,0.1587403565645218,0.935606062412262,0.4958333373069763
YDR108W,YKR046C,0,-5.735347,0.15868936479091644,0.935606062412262,0.4960227310657501
YOL139C,YDR098C-B,0,-5.735659,0.15863840281963348,0.935606062412262,0.4962121248245239
YCL017C,YPR137C-A,0,-5.7357917,0.1585874855518341,0.935606062412262,0.49640151858329773
YKR009C,YPR054W,0,-5.737564,0.15853658318519592,0.935606062412262,0.49659091234207153
YBR257W,YIL138C,0,-5.737944,0.15848572552204132,0.935606062412262,0.49678030610084534
YKR036C,YKL179C,0,-5.7380533,0.1584348976612091,0.935606062412262,0.49696969985961914
YPL270W,YNL231C,0,-5.7386494,0.15838409960269928,0.935606062412262,0.49715909361839294
YKL135C,YBR100W,0,-5.7388816,0.15833333134651184,0.935606062412262,0.49734848737716675
YMR112C,YIR006C,0,-5.740003,0.15828260779380798,0.935606062412262,0.49753788113594055
YMR305C,YGR122W,0,-5.7401094,0.15823189914226532,0.935606062412262,0.49772727489471436
YNL041C,YBL005W-A,0,-5.7413282,0.15818123519420624,0.935606062412262,0.49791666865348816
YKL152C,YCR033W,0,-5.743929,0.15813060104846954,0.935606062412262,0.49810606241226196
YMR237W,YHR081W,0,-5.7446313,0.15807999670505524,0.935606062412262,0.49829545617103577
YGR104C,YMR087W,0,-5.74478,0.1580294370651245,0.935606062412262,0.49848484992980957
YHR043C,YOR256C,1,-5.7458553,0.15829868614673615,0.9375,0.49848484992980957
YIL035C,YDR450W,0,-5.7472973,0.15824808180332184,0.9375,0.4986742436885834
YIL004C,YOR035C,0,-5.750217,0.15819750726222992,0.9375,0.4988636374473572
YHR114W,YBR079C,0,-5.7505536,0.1581469625234604,0.9375,0.499053031206131
YFR048W,YLR301W,0,-5.750687,0.15809644758701324,0.9375,0.4992424249649048
YNL172W,YMR161W,1,-5.7507906,0.15836526453495026,0.939393937587738,0.4992424249649048
YGR147C,YJL210W,0,-5.7512655,0.15831471979618073,0.939393937587738,0.4994318187236786
YJL024C,YNR019W,0,-5.7523875,0.15826420485973358,0.939393937587738,0.4996212124824524
YBR272C,YOR025W,0,-5.752438,0.15821371972560883,0.939393937587738,0.4998106062412262
YOL060C,YDR457W,0,-5.7526793,0.15816326439380646,0.939393937587738,0.5
YGL090W,YER180C-A,0,-5.752706,0.15811285376548767,0.939393937587738,0.5001894235610962
YPL075W,YOR266W,0,-5.754267,0.15806245803833008,0.939393937587738,0.5003787875175476
YHR154W,YAR010C,0,-5.754831,0.15801210701465607,0.939393937587738,0.5005682110786438
YMR204C,YOL080C,0,-5.7553596,0.15796178579330444,0.939393937587738,0.5007575750350952
YMR220W,YML091C,0,-5.7560315,0.1579114943742752,0.939393937587738,0.5009469985961914
YOR198C,YHR072W,0,-5.7563205,0.15786123275756836,0.939393937587738,0.5011363625526428
YNL231C,YOR132W,0,-5.757341,0.1578110158443451,0.939393937587738,0.501325786113739
YJL018W,YDR190C,0,-5.757424,0.15776081383228302,0.939393937587738,0.5015151500701904
YNL094W,YBR093C,0,-5.759333,0.15771065652370453,0.939393937587738,0.5017045736312866
YOR011W,YPR133C,0,-5.759398,0.15766051411628723,0.939393937587738,0.501893937587738
YBL020W,YDR489W,0,-5.7608957,0.15761041641235352,0.939393937587738,0.5020833611488342
YDR216W,YPL161C,0,-5.761438,0.1575603485107422,0.939393937587738,0.5022727251052856
YJR069C,YBL055C,0,-5.762076,0.15751032531261444,0.939393937587738,0.5024621486663818
YGR091W,YKL203C,0,-5.7620826,0.1574603170156479,0.939393937587738,0.5026515126228333
YCR088W,YDR018C,0,-5.763357,0.15741033852100372,0.939393937587738,0.5028409361839294
YKL186C,YLL003W,0,-5.763928,0.15736040472984314,0.939393937587738,0.5030303001403809
YNR027W,YKL035W,0,-5.764793,0.15731050074100494,0.939393937587738,0.503219723701477
YDR118W,YIL017C,1,-5.7649035,0.15757767856121063,0.9412878751754761,0.503219723701477
YGL166W,YML105C,0,-5.76507,0.15752772986888885,0.9412878751754761,0.5034090876579285
YPL270W,YDR356W,0,-5.7662444,0.15747782588005066,0.9412878751754761,0.5035985112190247
YDL004W,YNL145W,0,-5.7668676,0.15742793679237366,0.9412878751754761,0.5037878751754761
YMR173W,YDL078C,0,-5.7684255,0.15737809240818024,0.9412878751754761,0.5039772987365723
YER045C,YOR326W,0,-5.7699003,0.157328262925148,0.9412878751754761,0.5041666626930237
YDR022C,YLR134W,0,-5.7701087,0.15727847814559937,0.9412878751754761,0.5043560862541199
YEL063C,YMR229C,0,-5.7713733,0.1572287231683731,0.9412878751754761,0.5045454502105713
YCR086W,YBR100W,0,-5.771548,0.15717899799346924,0.9412878751754761,0.5047348737716675
YLL003W,YKL051W,0,-5.772321,0.15712930262088776,0.9412878751754761,0.5049242377281189
YOR188W,YAL017W,0,-5.7737164,0.15707965195178986,0.9412878751754761,0.5051136612892151
YMR198W,YBL034C,0,-5.7742023,0.15703001618385315,0.9412878751754761,0.5053030252456665
YNR027W,YGL166W,0,-5.7743373,0.15698041021823883,0.9412878751754761,0.5054924488067627
YCL051W,YAR031W,0,-5.774495,0.1569308489561081,0.9412878751754761,0.5056818127632141
YOR313C,YGR104C,0,-5.7745066,0.15688131749629974,0.9412878751754761,0.5058712363243103
YDR473C,YPL020C,0,-5.775708,0.1568318009376526,0.9412878751754761,0.5060606002807617
YNR072W,YER149C,0,-5.7758913,0.156782329082489,0.9412878751754761,0.5062500238418579
YPR124W,YLR134W,0,-5.7759185,0.15673288702964783,0.9412878751754761,0.5064393877983093
YBL069W,YPL159C,0,-5.77653,0.15668347477912903,0.9412878751754761,0.5066288113594055
YGL111W,YPR078C,0,-5.777779,0.1566341072320938,0.9412878751754761,0.5068181753158569
YGL014W,YGR143W,0,-5.778045,0.1565847545862198,0.9412878751754761,0.5070075988769531
YGL166W,YJL134W,0,-5.7783327,0.15653543174266815,0.9412878751754761,0.5071969628334045
YCR086W,YDR018C,0,-5.779628,0.1564861387014389,0.9412878751754761,0.5073863863945007
YKL038W,YBR293W,0,-5.780502,0.15643689036369324,0.9412878751754761,0.5075757503509521
YNL318C,YMR065W,0,-5.781948,0.15638767182826996,0.9412878751754761,0.5077651739120483
YOL071W,YMR218C,0,-5.7825046,0.15633846819400787,0.9412878751754761,0.5079545378684998
YDR446W,YOR265W,0,-5.782575,0.15628930926322937,0.9412878751754761,0.508143961429596
YML081C-A,YCL031C,0,-5.7831025,0.15624018013477325,0.9412878751754761,0.5083333253860474
YLR238W,YOR014W,0,-5.7832246,0.15619108080863953,0.9412878751754761,0.5085227489471436
YGR095C,YDR160W,0,-5.7833753,0.15614201128482819,0.9412878751754761,0.508712112903595
YDR062W,YNL046W,0,-5.7836366,0.15609297156333923,0.9412878751754761,0.5089015364646912
YER155C,YDR422C,0,-5.784023,0.15604396164417267,0.9412878751754761,0.5090909004211426
YOR147W,YKL170W,0,-5.784131,0.1559949815273285,0.9412878751754761,0.5092803239822388
YJL196C,YLR410W,0,-5.784417,0.1559460312128067,0.9412878751754761,0.5094696879386902
YLR411W,YKL186C,0,-5.7844443,0.1558971107006073,0.9412878751754761,0.5096591114997864
YOR185C,YIL149C,0,-5.784787,0.15584823489189148,0.9412878751754761,0.5098484754562378
YMR240C,YGR216C,0,-5.785462,0.15579937398433685,0.9412878751754761,0.510037899017334
YNL025C,YMR087W,0,-5.785554,0.15575054287910461,0.9412878751754761,0.5102272629737854
YGR128C,YJR026W,0,-5.785951,0.15570175647735596,0.9412878751754761,0.5104166865348816
YNR008W,YOR326W,0,-5.7863326,0.1556529849767685,0.9412878751754761,0.510606050491333
YGL163C,YOR295W,0,-5.78666,0.1556042581796646,0.9412878751754761,0.5107954740524292
YHR011W,YJR042W,0,-5.7874017,0.15555556118488312,0.9412878751754761,0.5109848380088806
YNR072W,YFR051C,0,-5.7882414,0.15550687909126282,0.9412878751754761,0.5111742615699768
YLR131C,YGR156W,0,-5.788307,0.1554582417011261,0.9412878751754761,0.5113636255264282
YDR172W,YJL054W,0,-5.789077,0.15540963411331177,0.9412878751754761,0.5115530490875244
YDL102W,YOR354C,0,-5.7894835,0.15536105632781982,0.9412878751754761,0.5117424130439758
YLR214W,YDR369C,0,-5.789686,0.15531249344348907,0.9412878751754761,0.511931836605072
YKL138C-A,YGR085C,0,-5.790726,0.1552639752626419,0.9412878751754761,0.5121212005615234
YOL005C,YDR285W,0,-5.791013,0.15521548688411713,0.9412878751754761,0.5123106241226196
YNL278W,YJR127C,0,-5.7911243,0.15516702830791473,0.9412878751754761,0.512499988079071
YLR131C,YDR385W,0,-5.7918878,0.15511859953403473,0.9412878751754761,0.5126894116401672
YPR019W,YGL200C,0,-5.794417,0.1550702005624771,0.9412878751754761,0.5128787755966187
YOR011W,YLR301W,0,-5.7950635,0.15502183139324188,0.9412878751754761,0.5130681991577148
YLR318W,YHR118C,0,-5.7950754,0.15497349202632904,0.9412878751754761,0.5132575631141663
YBR109C,YHL048W,0,-5.7963614,0.1549251824617386,0.9412878751754761,0.5134469866752625
YFR024C-A,YNL197C,0,-5.7980285,0.15487690269947052,0.9412878751754761,0.5136363506317139
YGL255W,YDL038C,0,-5.7980385,0.15482866764068604,0.9412878751754761,0.5138257741928101
YDL137W,YOR014W,0,-5.8003197,0.15478044748306274,0.9412878751754761,0.5140151381492615
YFL039C,YLR228C,0,-5.8021884,0.15473225712776184,0.9412878751754761,0.5142045617103577
YJR019C,YJR026W,0,-5.8036013,0.15468409657478333,0.9412878751754761,0.5143939256668091
YNL031C,YJR026W,0,-5.80368,0.1546359658241272,0.9412878751754761,0.5145833492279053
YPL049C,YPL131W,0,-5.8045173,0.15458786487579346,0.9412878751754761,0.5147727131843567
YLL043W,YEL022W,0,-5.8055296,0.1545397937297821,0.9412878751754761,0.5149621367454529
YLR328W,YCR066W,0,-5.805597,0.15449176728725433,0.9412878751754761,0.5151515007019043
YFL059W,YFL002W-A,0,-5.806113,0.15444375574588776,0.9412878751754761,0.5153409242630005
YAL013W,YHR050W,0,-5.806823,0.15439577400684357,0.9412878751754761,0.5155302882194519
YDR421W,YGL054C,0,-5.809338,0.15434782207012177,0.9412878751754761,0.5157197117805481
YDR153C,YDR158W,0,-5.809667,0.15429989993572235,0.9412878751754761,0.5159090757369995
YBR154C,YPL020C,0,-5.8105373,0.15425202250480652,0.9412878751754761,0.5160984992980957
YPL275W,YOR356W,0,-5.8107686,0.15420415997505188,0.9412878751754761,0.5162878632545471
YCL051W,YLR022C,0,-5.8110166,0.15415632724761963,0.9412878751754761,0.5164772868156433
YJL058C,YBL103C,0,-5.8117127,0.15410852432250977,0.9412878751754761,0.5166666507720947
YBR175W,YLR212C,0,-5.811933,0.1540607511997223,0.9412878751754761,0.5168560743331909
YOR046C,YML034W,0,-5.8129506,0.1540130078792572,0.9412878751754761,0.5170454382896423
YLR370C,YBR154C,0,-5.8143134,0.1539653092622757,0.9412878751754761,0.5172348618507385
YOL112W,YFR048W,0,-5.814737,0.15391762554645538,0.9412878751754761,0.5174242258071899
YOL165C,YPR140W,0,-5.8153815,0.15386997163295746,0.9412878751754761,0.5176136493682861
YBR121C,YJL062W,0,-5.816526,0.15382234752178192,0.9412878751754761,0.5178030133247375
YNL219C,YDR022C,0,-5.8169293,0.15377475321292877,0.9412878751754761,0.5179924368858337
YKL176C,YPL157W,0,-5.8173666,0.153727188706398,0.9412878751754761,0.5181818008422852
YDR201W,YMR046C,0,-5.817385,0.15367965400218964,0.9412878751754761,0.5183712244033813
YDR488C,YOR076C,0,-5.819098,0.15363214910030365,0.9412878751754761,0.5185605883598328
YBR272C,YCL020W,0,-5.8192105,0.15358467400074005,0.9412878751754761,0.518750011920929
YBR257W,YER180C-A,0,-5.8207183,0.15353722870349884,0.9412878751754761,0.5189393758773804
YMR277W,YGR121C,0,-5.820995,0.15348981320858002,0.9412878751754761,0.5191287994384766
YGL090W,YPL144W,0,-5.821899,0.15344242751598358,0.9412878751754761,0.519318163394928
YCR075C,YOR109W,0,-5.8225083,0.15339505672454834,0.9412878751754761,0.5195075869560242
YPR034W,YCL017C,0,-5.823093,0.15334773063659668,0.9412878751754761,0.5196969509124756
YGL200C,YMR293C,0,-5.8236938,0.1533004343509674,0.9412878751754761,0.5198863744735718
YLR295C,YGR085C,0,-5.8238215,0.15325316786766052,0.9412878751754761,0.5200757384300232
YLR265C,YHL006C,0,-5.824277,0.15320591628551483,0.9412878751754761,0.5202651619911194
YMR112C,YDR487C,0,-5.824993,0.15315870940685272,0.9412878751754761,0.5204545259475708
YNL278W,YKL179C,0,-5.825273,0.1531115174293518,0.9412878751754761,0.520643949508667
YCL012W,YHR090C,0,-5.8254733,0.15306437015533447,0.9412878751754761,0.5208333134651184
YIR019C,YBL018C,0,-5.826196,0.15301723778247833,0.9412878751754761,0.5210227370262146
YCL066W,YBR095C,0,-5.8276944,0.15297015011310577,0.9412878751754761,0.521212100982666
YEL050C,YBR165W,0,-5.831029,0.1529230773448944,0.9412878751754761,0.5214015245437622
YHR043C,YOR157C,1,-5.8313146,0.15318363904953003,0.9431818127632141,0.5214015245437622
YCR098C,YKL110C,0,-5.8315287,0.15313653647899628,0.9431818127632141,0.5215908885002136
YMR236W,YGR094W,0,-5.831538,0.15308944880962372,0.9431818127632141,0.5217803120613098
YBL079W,YOR073W,0,-5.8321414,0.15304240584373474,0.9431818127632141,0.5219696760177612
YOL094C,YKL099C,0,-5.8330255,0.15299539268016815,0.9431818127632141,0.5221590995788574
YER149C,YBR296C,0,-5.8343225,0.15294840931892395,0.9431818127632141,0.5223484635353088
YKL176C,YAR007C,0,-5.8346972,0.15290144085884094,0.9431818127632141,0.522537887096405
YNR035C,YLL009C,0,-5.8356724,0.15285451710224152,0.9431818127632141,0.5227272510528564
YDR473C,YKL020C,0,-5.836637,0.15280760824680328,0.9431818127632141,0.5229166746139526
YOR127W,YJL011C,0,-5.837417,0.15276072919368744,0.9431818127632141,0.523106038570404
YAL040C,YJL018W,0,-5.838892,0.15271389484405518,0.9431818127632141,0.5232954621315002
YCL035C,YBR072W,0,-5.839546,0.1526670753955841,0.9431818127632141,0.5234848260879517
YMR240C,YJL062W,0,-5.840218,0.15262028574943542,0.9431818127632141,0.5236742496490479
YGL119W,YHR068W,0,-5.8409786,0.15257352590560913,0.9431818127632141,0.5238636136054993
YDL115C,YGL115W,0,-5.842113,0.15252679586410522,0.9431818127632141,0.5240530371665955
YGL019W,YDR284C,0,-5.8434176,0.1524800956249237,0.9431818127632141,0.5242424011230469
YCL017C,YML064C,0,-5.8442726,0.15243342518806458,0.9431818127632141,0.5244318246841431
YNL214W,YFL059W,0,-5.8454223,0.15238678455352783,0.9431818127632141,0.5246211886405945
YML128C,YDL120W,0,-5.8462434,0.15234015882015228,0.9431818127632141,0.5248106122016907
YGR197C,YNL121C,0,-5.8472056,0.15229357779026031,0.9431818127632141,0.5249999761581421
YCL012W,YBR030W,0,-5.847963,0.15224702656269073,0.9431818127632141,0.5251893997192383
YHR157W,YBR175W,0,-5.848285,0.15220049023628235,0.9431818127632141,0.5253787636756897
YPR119W,YHR091C,0,-5.8487816,0.15215398371219635,0.9431818127632141,0.5255681872367859
YFR024C-A,YMR043W,0,-5.849462,0.15210750699043274,0.9431818127632141,0.5257575511932373
YDL134C,YGR085C,0,-5.849854,0.1520610749721527,0.9431818127632141,0.5259469747543335
YPL020C,YGL249W,0,-5.8516097,0.15201465785503387,0.9431818127632141,0.5261363387107849
YGR113W,YDR416W,0,-5.8519197,0.15196827054023743,0.9431818127632141,0.5263257622718811
YLR328W,YDR082W,0,-5.8523355,0.15192189812660217,0.9431818127632141,0.5265151262283325
YGR152C,YCL069W,0,-5.8525224,0.1518755704164505,0.9431818127632141,0.5267045497894287
YGR082W,YLR410W,0,-5.8535876,0.15182927250862122,0.9431818127632141,0.5268939137458801
YBR040W,YBL005W-A,0,-5.8558526,0.15178298950195312,0.9431818127632141,0.5270833373069763
YEL032W,YDL120W,0,-5.8564696,0.15173675119876862,0.9431818127632141,0.5272727012634277
YFR024C-A,YKR101W,0,-5.856479,0.1516905277967453,0.9431818127632141,0.5274621248245239
YOR014W,YPR054W,0,-5.857736,0.15164433419704437,0.9431818127632141,0.5276514887809753
YGL244W,YPR078C,0,-5.857881,0.15159817039966583,0.9431818127632141,0.5278409123420715
YOR361C,YDR422C,0,-5.8584027,0.15155203640460968,0.9431818127632141,0.528030276298523
YCR065W,YDL093W,0,-5.8592257,0.15150593221187592,0.9431818127632141,0.5282196998596191
YCR093W,YPR030W,0,-5.8598065,0.15145985782146454,0.9431818127632141,0.5284090638160706
YOR266W,YER151C,0,-5.859894,0.15141379833221436,0.9431818127632141,0.5285984873771667
YPL049C,YBR088C,0,-5.860379,0.15136778354644775,0.9431818127632141,0.5287878513336182
YFR008W,YKR009C,0,-5.8604636,0.15132178366184235,0.9431818127632141,0.5289772748947144
YHR050W,YPR054W,0,-5.8611016,0.15127581357955933,0.9431818127632141,0.5291666388511658
YCR066W,YOR229W,0,-5.8613744,0.1512298882007599,0.9431818127632141,0.529356062412262
YLR009W,YDL084W,0,-5.8633976,0.15118397772312164,0.9431818127632141,0.5295454263687134
YBR085W,YDR259C,0,-5.8634405,0.1511380821466446,0.9431818127632141,0.5297348499298096
YBL084C,YPL046C,1,-5.863483,0.15139563381671906,0.9450757503509521,0.5297348499298096
YDR420W,YOR265W,0,-5.8636036,0.15134970843791962,0.9450757503509521,0.529924213886261
YPL240C,YMR190C,0,-5.8636727,0.15130382776260376,0.9450757503509521,0.5301136374473572
YDR389W,YLL003W,0,-5.864161,0.1512579619884491,0.9450757503509521,0.5303030014038086
YDR400W,YNL064C,1,-5.8665175,0.1515151560306549,0.9469696879386902,0.5303030014038086
YDR437W,YGL115W,0,-5.866842,0.15146924555301666,0.9469696879386902,0.5304924249649048
YMR035W,YLR181C,0,-5.867379,0.151423379778862,0.9469696879386902,0.5306817889213562
YBR133C,YBR095C,0,-5.8696685,0.15137752890586853,0.9469696879386902,0.5308712124824524
YER038C,YHR048W,0,-5.8721147,0.15133172273635864,0.9469696879386902,0.5310605764389038
YOR049C,YPL139C,0,-5.876103,0.15128593146800995,0.9469696879386902,0.53125
YER108C,YAL035W,0,-5.8777804,0.15124017000198364,0.9469696879386902,0.5314394235610962
YPR019W,YOR127W,0,-5.878211,0.15119443833827972,0.9469696879386902,0.5316287875175476
YLL041C,YPL007C,0,-5.8785357,0.1511487364768982,0.9469696879386902,0.5318182110786438
YJL100W,YLL021W,0,-5.87867,0.15110304951667786,0.9469696879386902,0.5320075750350952
YOR061W,YLL009C,0,-5.878733,0.1510574072599411,0.9469696879386902,0.5321969985961914
YGR246C,YNR011C,0,-5.879042,0.15101177990436554,0.9469696879386902,0.5323863625526428
YDR448W,YPR054W,0,-5.8796635,0.15096618235111237,0.9469696879386902,0.532575786113739
YKL192C,YGR094W,0,-5.8800807,0.15092061460018158,0.9469696879386902,0.5327651500701904
YJR025C,YNL250W,0,-5.8808093,0.15087507665157318,0.9469696879386902,0.5329545736312866
YBL024W,YOR266W,0,-5.8811555,0.15082956850528717,0.9469696879386902,0.533143937587738
YGR055W,YKL019W,0,-5.8816185,0.15078407526016235,0.9469696879386902,0.5333333611488342
YNR059W,YAL030W,0,-5.8819,0.15073861181735992,0.9469696879386902,0.5335227251052856
YGR167W,YJL210W,0,-5.88259,0.15069319307804108,0.9469696879386902,0.5337121486663818
YDR216W,YJL100W,0,-5.8828692,0.15064778923988342,0.9469696879386902,0.5339015126228333
YPL075W,YPL016W,0,-5.882896,0.15060241520404816,0.9469696879386902,0.5340909361839294
YOR281C,YGR270W,0,-5.883449,0.15055705606937408,0.9469696879386902,0.5342803001403809
YJL058C,YGR099W,0,-5.8837514,0.1505117416381836,0.9469696879386902,0.534469723701477
YBR217W,YHR055C,0,-5.883791,0.1504664421081543,0.9469696879386902,0.5346590876579285
YOR188W,YBR296C,0,-5.8852377,0.1504211723804474,0.9469696879386902,0.5348485112190247
YDL093W,YPR078C,0,-5.885484,0.15037593245506287,0.9469696879386902,0.5350378751754761
YHR107C,YGR244C,0,-5.885945,0.15033072233200073,0.9469696879386902,0.5352272987365723
YDL102W,YNL029C,0,-5.887611,0.150285542011261,0.9469696879386902,0.5354166626930237
YER051W,YHR081W,0,-5.8881173,0.15024039149284363,0.9469696879386902,0.5356060862541199
YGL163C,YGR152C,0,-5.8899064,0.15019525587558746,0.9469696879386902,0.5357954502105713
YKL138C-A,YPL032C,0,-5.891493,0.1501501500606537,0.9469696879386902,0.5359848737716675
YKL074C,YLL003W,0,-5.8928666,0.1501050740480423,0.9469696879386902,0.5361742377281189
YNL042W,YMR190C,0,-5.893628,0.1500600278377533,0.9469696879386902,0.5363636612892151
YKL192C,YIL048W,0,-5.894279,0.1500149965286255,0.9469696879386902,0.5365530252456665
YPR128C,YJL014W,0,-5.8944,0.14997000992298126,0.9469696879386902,0.5367424488067627
YAL040C,YNR048W,0,-5.8947654,0.14992503821849823,0.9469696879386902,0.5369318127632141
YDR346C,YMR313C,0,-5.895618,0.14988009631633759,0.9469696879386902,0.5371212363243103
YOR061W,YIL026C,0,-5.8961463,0.14983518421649933,0.9469696879386902,0.5373106002807617
YPL096W,YBR082C,1,-5.8973756,0.15008987486362457,0.9488636255264282,0.5373106002807617
YHL048W,YDL040C,0,-5.8984265,0.15004491806030273,0.9488636255264282,0.5375000238418579
YMR319C,YGR055W,0,-5.901644,0.15000000596046448,0.9488636255264282,0.5376893877983093
YIL017C,YNL064C,1,-5.9031987,0.15025441348552704,0.9507575631141663,0.5376893877983093
YNL318C,YNL250W,0,-5.904062,0.1502094566822052,0.9507575631141663,0.5378788113594055
YLR095C,YLR371W,0,-5.9043508,0.15016452968120575,0.9507575631141663,0.5380681753158569
YNL042W,YNL121C,0,-5.904841,0.1501196175813675,0.9507575631141663,0.5382575988769531
YER174C,YDR356W,0,-5.9052224,0.15007473528385162,0.9507575631141663,0.5384469628334045
YLR131C,YLL009C,0,-5.906977,0.15002988278865814,0.9507575631141663,0.5386363863945007
YDR017C,YML045W,0,-5.9079566,0.14998506009578705,0.9507575631141663,0.5388257503509521
YGL200C,YDL134C,0,-5.908893,0.14994026720523834,0.9507575631141663,0.5390151739120483
YMR198W,YPL144W,0,-5.9095054,0.14989548921585083,0.9507575631141663,0.5392045378684998
YDR062W,YDL194W,0,-5.9099603,0.1498507410287857,0.9507575631141663,0.539393961429596
YER045C,YPL270W,0,-5.9101424,0.14980602264404297,0.9507575631141663,0.5395833253860474
YJL146W,YKL203C,0,-5.9102387,0.14976133406162262,0.9507575631141663,0.5397727489471436
YEL029C,YLL002W,0,-5.9103694,0.14971667528152466,0.9507575631141663,0.539962112903595
YMR043W,YIL149C,0,-5.910886,0.1496720314025879,0.9507575631141663,0.5401515364646912
YPL275W,YBR093C,0,-5.911981,0.1496274173259735,0.9507575631141663,0.5403409004211426
YOR373W,YKR101W,0,-5.9128513,0.14958283305168152,0.9507575631141663,0.5405303239822388
YOR266W,YPR074C,0,-5.9133,0.14953827857971191,0.9507575631141663,0.5407196879386902
YNL042W,YGR246C,0,-5.913516,0.1494937390089035,0.9507575631141663,0.5409091114997864
YPL231W,YOR373W,0,-5.9139295,0.14944924414157867,0.9507575631141663,0.5410984754562378
YMR042W,YPL231W,0,-5.9161563,0.14940476417541504,0.9507575631141663,0.541287899017334
YBL008W,YIL114C,0,-5.916695,0.1493603140115738,0.9507575631141663,0.5414772629737854
YGL012W,YBL005W-A,0,-5.916716,0.14931587874889374,0.9507575631141663,0.5416666865348816
YOR298C-A,YOL028C,0,-5.9176855,0.14927148818969727,0.9507575631141663,0.541856050491333
YHR072W,YML021C,0,-5.9179134,0.149227112531662,0.9507575631141663,0.5420454740524292
YBR109C,YNR064C,0,-5.9183393,0.1491827666759491,0.9507575631141663,0.5422348380088806
YOL010W,YDR457W,0,-5.919992,0.1491384506225586,0.9507575631141663,0.5424242615699768
YOR133W,YLR186W,0,-5.9205203,0.14909414947032928,0.9507575631141663,0.5426136255264282
YGR197C,YCL033C,0,-5.9207163,0.14904987812042236,0.9507575631141663,0.5428030490875244
YAL040C,YBR193C,0,-5.922275,0.14900563657283783,0.9507575631141663,0.5429924130439758
YNL223W,YDR461W,0,-5.923445,0.14896142482757568,0.9507575631141663,0.543181836605072
YEL022W,YDL093W,0,-5.923461,0.14891722798347473,0.9507575631141663,0.5433712005615234
YJL170C,YDL020C,0,-5.9255385,0.14887307584285736,0.9507575631141663,0.5435606241226196
YJR063W,YMR060C,0,-5.9281063,0.14882893860340118,0.9507575631141663,0.543749988079071
YJL003W,YAL035W,0,-5.928313,0.1487848311662674,0.9507575631141663,0.5439394116401672
YLR401C,YKR014C,0,-5.929347,0.1487407386302948,0.9507575631141663,0.5441287755966187
YJL196C,YDR245W,0,-5.9293656,0.1486966758966446,0.9507575631141663,0.5443181991577148
YJL054W,YER151C,0,-5.9302735,0.14865264296531677,0.9507575631141663,0.5445075631141663
YPL117C,YOR003W,0,-5.93115,0.14860863983631134,0.9507575631141663,0.5446969866752625
YOR270C,YJR120W,0,-5.9316416,0.1485646665096283,0.9507575631141663,0.5448863506317139
YCL069W,YML040W,0,-5.9320045,0.14852070808410645,0.9507575631141663,0.5450757741928101
YPR006C,YOR132W,0,-5.9339404,0.14847677946090698,0.9507575631141663,0.5452651381492615
YCR088W,YPR030W,0,-5.9342895,0.1484328806400299,0.9507575631141663,0.5454545617103577
YOR326W,YKL035W,0,-5.9350863,0.14838899672031403,0.9507575631141663,0.5456439256668091
YNL094W,YBR136W,0,-5.93638,0.14834515750408173,0.9507575631141663,0.5458333492279053
YLR429W,YDR093W,0,-5.9373016,0.14830133318901062,0.9507575631141663,0.5460227131843567
YGL136C,YER126C,0,-5.9375467,0.1482575237751007,0.9507575631141663,0.5462121367454529
YEL063C,YJR026W,0,-5.937632,0.14821375906467438,0.9507575631141663,0.5464015007019043
YDR420W,YMR167W,0,-5.9399924,0.14817000925540924,0.9507575631141663,0.5465909242630005
YMR287C,YOR229W,0,-5.9403377,0.1481262892484665,0.9507575631141663,0.5467802882194519
YNL275W,YOR315W,0,-5.941349,0.14808259904384613,0.9507575631141663,0.5469697117805481
YKR019C,YDR487C,0,-5.942277,0.14803892374038696,0.9507575631141663,0.5471590757369995
YER045C,YCR075C,0,-5.943194,0.14799527823925018,0.9507575631141663,0.5473484992980957
YPL132W,YML105C,0,-5.944048,0.1479516625404358,0.9507575631141663,0.5475378632545471
YDL004W,YLR212C,0,-5.9448724,0.1479080766439438,0.9507575631141663,0.5477272868156433
YIL040W,YBR030W,0,-5.9452176,0.14786450564861298,0.9507575631141663,0.5479166507720947
YDL044C,YEL002C,0,-5.9458466,0.14782096445560455,0.9507575631141663,0.5481060743331909
YBR100W,YIL016W,0,-5.9463434,0.14777745306491852,0.9507575631141663,0.5482954382896423
YLR117C,YER180C-A,0,-5.946419,0.14773395657539368,0.9507575631141663,0.5484848618507385
YDR243C,YER180C-A,0,-5.947296,0.14769048988819122,0.9507575631141663,0.5486742258071899
YOR354C,YJR026W,0,-5.9480376,0.14764705300331116,0.9507575631141663,0.5488636493682861
YGR140W,YDR082W,0,-5.9482136,0.14760364592075348,0.9507575631141663,0.5490530133247375
YLR056W,YML064C,0,-5.948351,0.147560253739357,0.9507575631141663,0.5492424368858337
YPL155C,YOL102C,0,-5.9487615,0.1475168913602829,0.9507575631141663,0.5494318008422852
YNL094W,YDR296W,0,-5.948773,0.1474735587835312,0.9507575631141663,0.5496212244033813
YCR093W,YBL055C,0,-5.9490128,0.14743025600910187,0.9507575631141663,0.5498105883598328
YCL017C,YMR234W,0,-5.950235,0.14738696813583374,0.9507575631141663,0.550000011920929
YLR114C,YKL015W,0,-5.9503217,0.147343710064888,0.9507575631141663,0.5501893758773804
YGL252C,YER180C-A,0,-5.9503317,0.14730046689510345,0.9507575631141663,0.5503787994384766
YDR141C,YHL025W,0,-5.9517565,0.1472572535276413,0.9507575631141663,0.550568163394928
YKL185W,YBR100W,0,-5.9518623,0.14721406996250153,0.9507575631141663,0.5507575869560242
YBR136W,YOR332W,0,-5.9529805,0.14717091619968414,0.9507575631141663,0.5509469509124756
YBL069W,YHR011W,0,-5.952996,0.14712777733802795,0.9507575631141663,0.5511363744735718
YPL275W,YLR256W,0,-5.955562,0.14708468317985535,0.9507575631141663,0.5513257384300232
YPL117C,YOL115W,0,-5.9579964,0.14704158902168274,0.9507575631141663,0.5515151619911194
YIL016W,YKR014C,0,-5.958555,0.1469985395669937,0.9507575631141663,0.5517045259475708
YAL021C,YML021C,0,-5.958938,0.14695550501346588,0.9507575631141663,0.551893949508667
YJL192C,YKR089C,0,-5.9590297,0.14691250026226044,0.9507575631141663,0.5520833134651184
YML078W,YBR175W,0,-5.9624176,0.1468695104122162,0.9507575631141663,0.5522727370262146
YDL004W,YJR050W,0,-5.96264,0.14682655036449432,0.9507575631141663,0.552462100982666
YLR429W,YKL110C,0,-5.965485,0.14678362011909485,0.9507575631141663,0.5526515245437622
YBR015C,YGR078C,0,-5.9665585,0.14674071967601776,0.9507575631141663,0.5528408885002136
YCL012W,YGR179C,0,-5.96679,0.14669783413410187,0.9507575631141663,0.5530303120613098
YDR141C,YMR204C,0,-5.9694877,0.14665497839450836,0.9507575631141663,0.5532196760177612
YNR072W,YPL087W,0,-5.9697237,0.14661215245723724,0.9507575631141663,0.5534090995788574
YLR131C,YOR356W,0,-5.9714885,0.14656934142112732,0.9507575631141663,0.5535984635353088
YPR135W,YNL098C,0,-5.9717307,0.14652656018733978,0.9507575631141663,0.553787887096405
YJL014W,YPR017C,0,-5.9719267,0.14648380875587463,0.9507575631141663,0.5539772510528564
YGL245W,YCL069W,0,-5.9731116,0.14644107222557068,0.9507575631141663,0.5541666746139526
YGR085C,YPL152W,0,-5.973636,0.1463983654975891,0.9507575631141663,0.554356038570404
YJL081C,YIL065C,0,-5.9757075,0.14635568857192993,0.9507575631141663,0.5545454621315002
YPL154C,YPL283C,0,-5.9758515,0.14631302654743195,0.9507575631141663,0.5547348260879517
YOR335C,YNL326C,0,-5.9774914,0.14627039432525635,0.9507575631141663,0.5549242496490479
YOR266W,YGR091W,0,-5.978404,0.14622779190540314,0.9507575631141663,0.5551136136054993
YMR173W,YDL244W,0,-5.9789286,0.14618520438671112,0.9507575631141663,0.5553030371665955
YPL244C,YDR243C,0,-5.97941,0.1461426466703415,0.9507575631141663,0.5554924011230469
YLR155C,YMR087W,0,-5.979512,0.14610011875629425,0.9507575631141663,0.5556818246841431
YDL148C,YLR301W,0,-5.9801683,0.1460576057434082,0.9507575631141663,0.5558711886405945
YPR006C,YLL034C,0,-5.980757,0.14601512253284454,0.9507575631141663,0.5560606122016907
YMR101C,YDR259C,0,-5.9812,0.14597266912460327,0.9507575631141663,0.5562499761581421
YPL016W,YNR064C,0,-5.9842796,0.1459302306175232,0.9507575631141663,0.5564393997192383
YOR188W,YIL167W,0,-5.984433,0.1458878219127655,0.9507575631141663,0.5566287636756897
YNR046W,YHR214C-B,0,-5.9861646,0.1458454430103302,0.9507575631141663,0.5568181872367859
YLL002W,YDR285W,0,-5.986462,0.1458030790090561,0.9507575631141663,0.5570075511932373
YLR231C,YNL326C,0,-5.9873443,0.14576074481010437,0.9507575631141663,0.5571969747543335
YCL010C,YEL065W,0,-5.988354,0.14571842551231384,0.9507575631141663,0.5573863387107849
YOR232W,YDL064W,0,-5.9906416,0.1456761509180069,0.9507575631141663,0.5575757622718811
YJR155W,YIL098C,0,-5.991276,0.14563389122486115,0.9507575631141663,0.5577651262283325
YCR014C,YIL076W,0,-5.99143,0.1455916464328766,0.9507575631141663,0.5579545497894287
YBR110W,YHR055C,0,-5.9917197,0.14554943144321442,0.9507575631141663,0.5581439137458801
YLR256W,YPR131C,0,-5.9927793,0.14550724625587463,0.9507575631141663,0.5583333373069763
YLR009W,YJL192C,0,-5.9952774,0.14546507596969604,0.9507575631141663,0.5585227012634277
YOR326W,YNL250W,0,-5.9960375,0.14542295038700104,0.9507575631141663,0.5587121248245239
YAR042W,YNR046W,0,-5.9961905,0.14538082480430603,0.9507575631141663,0.5589014887809753
YDR118W,YOR157C,1,-5.9966903,0.14562825858592987,0.9526515007019043,0.5589014887809753
YPL212C,YGL207W,0,-5.9970264,0.14558610320091248,0.9526515007019043,0.5590909123420715
YFL033C,YPR054W,0,-5.9979854,0.14554397761821747,0.9526515007019043,0.559280276298523
YFL056C,YHR021C,0,-5.9983354,0.14550188183784485,0.9526515007019043,0.5594696998596191
YDR254W,YLL002W,0,-5.9990325,0.14545980095863342,0.9526515007019043,0.5596590638160706
YPR124W,YPL170W,0,-5.9992933,0.14541774988174438,0.9526515007019043,0.5598484873771667
YKR009C,YBR015C,0,-5.999743,0.14537572860717773,0.9526515007019043,0.5600378513336182
YGR036C,YIL018W,0,-6.0011706,0.14533372223377228,0.9526515007019043,0.5602272748947144
YGR078C,YPL020C,0,-6.002168,0.1452917456626892,0.9526515007019043,0.5604166388511658
YBR274W,YML045W,0,-6.0044,0.14524978399276733,0.9526515007019043,0.560606062412262
YNL279W,YEL031W,0,-6.005035,0.14520785212516785,0.9526515007019043,0.5607954263687134
YGL136C,YDR243C,0,-6.005332,0.14516595005989075,0.9526515007019043,0.5609848499298096
YBR202W,YGR122W,0,-6.0054183,0.14512406289577484,0.9526515007019043,0.561174213886261
YBR205W,YOR162C,0,-6.0054584,0.14508220553398132,0.9526515007019043,0.5613636374473572
YIL042C,YKL058W,0,-6.0059505,0.145040363073349,0.9526515007019043,0.5615530014038086
YMR008C,YMR060C,0,-6.006706,0.14499856531620026,0.9526515007019043,0.5617424249649048
YPR030W,YPR100W,0,-6.007015,0.1449567675590515,0.9526515007019043,0.5619317889213562
YMR319C,YJL018W,0,-6.007196,0.14491501450538635,0.9526515007019043,0.5621212124824524
YOL060C,YCR073C,0,-6.007402,0.14487327635288239,0.9526515007019043,0.5623105764389038
YPL155C,YKL108W,0,-6.0083847,0.1448315531015396,0.9526515007019043,0.5625
YNL206C,YHR050W,0,-6.008921,0.14478987455368042,0.9526515007019043,0.5626894235610962
YAR019C,YNL121C,0,-6.0101438,0.14474819600582123,0.9526515007019043,0.5628787875175476
YOL115W,YHR214C-B,0,-6.011266,0.14470656216144562,0.9526515007019043,0.5630682110786438
YJL081C,YLR265C,0,-6.0123935,0.1446649432182312,0.9526515007019043,0.5632575750350952
YMR053C,YBR030W,0,-6.012442,0.14462335407733917,0.9526515007019043,0.5634469985961914
YOR266W,YDR259C,0,-6.0132604,0.14458177983760834,0.9526515007019043,0.5636363625526428
YJL003W,YOR035C,0,-6.0144897,0.1445402354001999,0.9526515007019043,0.563825786113739
YNR044W,YOL139C,0,-6.0170307,0.14449870586395264,0.9526515007019043,0.5640151500701904
YNL279W,YDR243C,0,-6.017361,0.14445720613002777,0.9526515007019043,0.5642045736312866
YHR114W,YNL279W,0,-6.01768,0.1444157361984253,0.9526515007019043,0.564393937587738
YFL039C,YMR293C,0,-6.0194964,0.144374281167984,0.9526515007019043,0.5645833611488342
YIL035C,YDR017C,0,-6.021208,0.1443328559398651,0.9526515007019043,0.5647727251052856
YEL034W,YAL051W,0,-6.0223093,0.1442914456129074,0.9526515007019043,0.5649621486663818
YNR008W,YDR296W,0,-6.022392,0.1442500650882721,0.9526515007019043,0.5651515126228333
YPL137C,YJL062W,0,-6.0231733,0.14420871436595917,0.9526515007019043,0.5653409361839294
YNL172W,YKL054C,1,-6.0232363,0.1444540023803711,0.9545454382896423,0.5653409361839294
YJL146W,YOR313C,0,-6.0237374,0.14441260695457458,0.9545454382896423,0.5655303001403809
YER051W,YML021C,0,-6.0241227,0.14437124133110046,0.9545454382896423,0.565719723701477
YGR279C,YDR457W,0,-6.0242476,0.14432989060878754,0.9545454382896423,0.5659090876579285
YDR422C,YDR172W,0,-6.0248017,0.1442885845899582,0.9545454382896423,0.5660985112190247
YOR032C,YBL075C,0,-6.025027,0.14424727857112885,0.9545454382896423,0.5662878751754761
YDR245W,YIL048W,0,-6.025719,0.1442060023546219,0.9545454382896423,0.5664772987365723
YIL051C,YDL185W,0,-6.0259233,0.14416475594043732,0.9545454382896423,0.5666666626930237
YCR093W,YER019C-A,0,-6.028415,0.14412353932857513,0.9545454382896423,0.5668560862541199
YAR019C,YPL128C,0,-6.0284743,0.14408233761787415,0.9545454382896423,0.5670454502105713
YCL031C,YOR315W,0,-6.0292964,0.14404115080833435,0.9545454382896423,0.5672348737716675
YBR245C,YMR101C,0,-6.0302105,0.14399999380111694,0.9545454382896423,0.5674242377281189
YML034W,YLR234W,0,-6.030389,0.14395886659622192,0.9545454382896423,0.5676136612892151
YDR385W,YPL159C,0,-6.0304103,0.1439177542924881,0.9545454382896423,0.5678030252456665
YOR326W,YHR014W,0,-6.031447,0.14387667179107666,0.9545454382896423,0.5679924488067627
YLR100W,YBR250W,0,-6.031799,0.1438356190919876,0.9545454382896423,0.5681818127632141
YCR086W,YOR188W,0,-6.0324492,0.14379458129405975,0.9545454382896423,0.5683712363243103
YOR326W,YPL193W,0,-6.034717,0.1437535583972931,0.9545454382896423,0.5685606002807617
YIL114C,YKL020C,0,-6.0354543,0.14371258020401,0.9545454382896423,0.5687500238418579
YMR083W,YGR140W,0,-6.0359607,0.14367160201072693,0.9545454382896423,0.5689393877983093
YJL134W,YJL190C,0,-6.0364223,0.14363066852092743,0.9545454382896423,0.5691288113594055
YNL271C,YLR405W,0,-6.037513,0.14358974993228912,0.9545454382896423,0.5693181753158569
YOL060C,YKL038W,0,-6.038187,0.143548846244812,0.9545454382896423,0.5695075988769531
YOL165C,YLR100W,0,-6.038759,0.1435079723596573,0.9545454382896423,0.5696969628334045
YDL208W,YDR238C,0,-6.038862,0.14346712827682495,0.9545454382896423,0.5698863863945007
YMR173W,YDL185W,0,-6.039402,0.1434262990951538,0.9545454382896423,0.5700757503509521
YDR529C,YJL036W,0,-6.039422,0.14338548481464386,0.9545454382896423,0.5702651739120483
YLR370C,YOL067C,0,-6.040102,0.1433447152376175,0.9545454382896423,0.5704545378684998
YLR231C,YKL015W,0,-6.040117,0.14330394566059113,0.9545454382896423,0.570643961429596
YDR437W,YMR035W,0,-6.040375,0.14326322078704834,0.9545454382896423,0.5708333253860474
YIL149C,YKL019W,0,-6.040605,0.14322251081466675,0.9545454382896423,0.5710227489471436
YAL040C,YJR158W,0,-6.0411944,0.14318181574344635,0.9545454382896423,0.571212112903595
YOR094W,YBL020W,0,-6.0413356,0.14314115047454834,0.9545454382896423,0.5714015364646912
YDL004W,YGR013W,0,-6.0414133,0.14310051500797272,0.9545454382896423,0.5715909004211426
YOL115W,YJL117W,0,-6.0418124,0.1430598944425583,0.9545454382896423,0.5717803239822388
YPR100W,YBR257W,0,-6.0440965,0.14301930367946625,0.9545454382896423,0.5719696879386902
YDR216W,YOR085W,0,-6.0447254,0.1429787278175354,0.9545454382896423,0.5721591114997864
YPR017C,YOR109W,0,-6.044733,0.14293816685676575,0.9545454382896423,0.5723484754562378
YKL032C,YGR133W,0,-6.045202,0.14289765059947968,0.9545454382896423,0.572537899017334
YPR005C,YJL061W,0,-6.046047,0.1428571492433548,0.9545454382896423,0.5727272629737854
YOR295W,YNR039C,0,-6.046909,0.1428166627883911,0.9545454382896423,0.5729166865348816
YHL011C,YGR280C,0,-6.047012,0.14277620613574982,0.9545454382896423,0.573106050491333
YDL115C,YNR053C,0,-6.048411,0.14273576438426971,0.9545454382896423,0.5732954740524292
YBR142W,YGR028W,0,-6.0489507,0.142695352435112,0.9545454382896423,0.5734848380088806
YBR082C,YGL227W,1,-6.051092,0.1429380178451538,0.9564393758773804,0.5734848380088806
YER111C,YPL128C,0,-6.051539,0.1428975611925125,0.9564393758773804,0.5736742615699768
YBR193C,YMR260C,0,-6.0515876,0.1428571492433548,0.9564393758773804,0.5738636255264282
YOL112W,YHR152W,0,-6.052052,0.14281673729419708,0.9564393758773804,0.5740530490875244
YOR373W,YJL192C,0,-6.0534234,0.14277637004852295,0.9564393758773804,0.5742424130439758
YFR021W,YHR072W,0,-6.0544543,0.14273600280284882,0.9564393758773804,0.574431836605072
YCL017C,YDR382W,0,-6.0544868,0.14269568026065826,0.9564393758773804,0.5746212005615234
YCR093W,YMR220W,0,-6.0545564,0.1426553726196289,0.9564393758773804,0.5748106241226196
YDR201W,YLL024C,0,-6.054737,0.14261507987976074,0.9564393758773804,0.574999988079071
YPL137C,YER019C-A,0,-6.0564194,0.14257481694221497,0.9564393758773804,0.5751894116401672
YGL244W,YJL143W,0,-6.0578036,0.14253456890583038,0.9564393758773804,0.5753787755966187
YHR114W,YOR351C,0,-6.0581756,0.1424943506717682,0.9564393758773804,0.5755681991577148
YOR313C,YER151C,0,-6.0582175,0.14245416224002838,0.9564393758773804,0.5757575631141663
YLR100W,YLR438C-A,0,-6.0595865,0.14241398870944977,0.9564393758773804,0.5759469866752625
YDR175C,YOR270C,0,-6.059587,0.14237383008003235,0.9564393758773804,0.5761363506317139
YBR095C,YGR122W,0,-6.0598893,0.1423337161540985,0.9564393758773804,0.5763257741928101
YOL042W,YHL006C,0,-6.059931,0.14229360222816467,0.9564393758773804,0.5765151381492615
YDR201W,YML064C,0,-6.06067,0.14225351810455322,0.9564393758773804,0.5767045617103577
YEL032W,YDL185W,0,-6.0614805,0.14221346378326416,0.9564393758773804,0.5768939256668091
YPL086C,YNL142W,0,-6.061813,0.1421734243631363,0.9564393758773804,0.5770833492279053
YNL318C,YJL210W,0,-6.0619054,0.1421334147453308,0.9564393758773804,0.5772727131843567
YDL064W,YCL069W,0,-6.0619516,0.14209342002868652,0.9564393758773804,0.5774621367454529
YJL170C,YMR198W,0,-6.0622764,0.14205344021320343,0.9564393758773804,0.5776515007019043
YLR314C,YLR452C,0,-6.0626225,0.14201350510120392,0.9564393758773804,0.5778409242630005
YHR055C,YDR284C,0,-6.0648265,0.1419735699892044,0.9564393758773804,0.5780302882194519
YIL040W,YAR010C,0,-6.0652795,0.14193366467952728,0.9564393758773804,0.5782197117805481
YOR069W,YOR356W,0,-6.067264,0.14189378917217255,0.9564393758773804,0.5784090757369995
YMR277W,YIL018W,0,-6.067517,0.141853928565979,0.9564393758773804,0.5785984992980957
YGR167W,YOR356W,0,-6.0683117,0.14181409776210785,0.9564393758773804,0.5787878632545471
YGR108W,YHR050W,0,-6.069193,0.1417742818593979,0.9564393758773804,0.5789772868156433
YHR118C,YML028W,0,-6.069203,0.14173449575901031,0.9564393758773804,0.5791666507720947
YOR127W,YJL089W,0,-6.0693583,0.14169472455978394,0.9564393758773804,0.5793560743331909
YJL094C,YOR315W,0,-6.0696073,0.14165498316287994,0.9564393758773804,0.5795454382896423
YPR030W,YMR035W,0,-6.070342,0.14161525666713715,0.9564393758773804,0.5797348618507385
YLR052W,YOR361C,0,-6.070343,0.14157555997371674,0.9564393758773804,0.5799242258071899
YBR020W,YDR145W,0,-6.071877,0.14153587818145752,0.9564393758773804,0.5801136493682861
YJR042W,YNL279W,0,-6.0732646,0.1414962112903595,0.9564393758773804,0.5803030133247375
YBR274W,YPR100W,0,-6.073293,0.14145658910274506,0.9564393758773804,0.5804924368858337
YJL100W,YHR157W,0,-6.0783043,0.14141696691513062,0.9564393758773804,0.5806818008422852
YGR113W,YMR204C,0,-6.079407,0.14137737452983856,0.9564393758773804,0.5808712244033813
YPL132W,YNL326C,0,-6.0805326,0.1413378119468689,0.9564393758773804,0.5810605883598328
YOL095C,YDR077W,0,-6.08083,0.14129826426506042,0.9564393758773804,0.581250011920929
YHR114W,YIL098C,0,-6.0816693,0.14125874638557434,0.9564393758773804,0.5814393758773804
YMR065W,YEL026W,0,-6.0832977,0.14121924340724945,0.9564393758773804,0.5816287994384766
YDL020C,YGR122W,0,-6.0834074,0.14117975533008575,0.9564393758773804,0.581818163394928
YDL004W,YIL132C,0,-6.083529,0.14114029705524445,0.9564393758773804,0.5820075869560242
YHL019C,YGR008C,0,-6.084315,0.14110086858272552,0.9564393758773804,0.5821969509124756
YEL061C,YCL035C,0,-6.084492,0.1410614550113678,0.9564393758773804,0.5823863744735718
YGL090W,YLR043C,0,-6.084727,0.14102205634117126,0.9564393758773804,0.5825757384300232
YDL185W,YCL033C,0,-6.0863447,0.14098268747329712,0.9564393758773804,0.5827651619911194
YMR173W,YNL079C,0,-6.0879645,0.14094334840774536,0.9564393758773804,0.5829545259475708
YHR191C,YOR315W,0,-6.088057,0.1409040242433548,0.9564393758773804,0.583143949508667
YER013W,YDR247W,0,-6.0891676,0.14086471498012543,0.9564393758773804,0.5833333134651184
YCR065W,YHR197W,0,-6.0904646,0.14082543551921844,0.9564393758773804,0.5835227370262146
YOL071W,YPR078C,0,-6.090487,0.14078617095947266,0.9564393758773804,0.583712100982666
YBL019W,YGR145W,0,-6.090902,0.14074693620204926,0.9564393758773804,0.5839015245437622
YCR082W,YER054C,0,-6.09096,0.14070771634578705,0.9564393758773804,0.5840908885002136
YCR033W,YLR043C,0,-6.0917754,0.14066852629184723,0.9564393758773804,0.5842803120613098
YJL024C,YDR172W,0,-6.0927787,0.1406293511390686,0.9564393758773804,0.5844696760177612
YOR109W,YGL210W,0,-6.09296,0.14059020578861237,0.9564393758773804,0.5846590995788574
YER180C-A,YDR172W,0,-6.094416,0.14055107533931732,0.9564393758773804,0.5848484635353088
YLR399C,YJL054W,0,-6.09483,0.14051195979118347,0.9564393758773804,0.585037887096405
YPL049C,YJR120W,0,-6.0961833,0.140472874045372,0.9564393758773804,0.5852272510528564
YKL054C,YNL064C,1,-6.0979667,0.14071190357208252,0.9583333134651184,0.5852272510528564
YIL114C,YML040W,0,-6.0984416,0.14067278802394867,0.9583333134651184,0.5854166746139526
YLR233C,YNL006W,0,-6.099662,0.140633687376976,0.9583333134651184,0.585606038570404
YLR141W,YBR175W,0,-6.1006207,0.14059461653232574,0.9583333134651184,0.5857954621315002
YNL085W,YPR161C,0,-6.101075,0.14055556058883667,0.9583333134651184,0.5859848260879517
YMR083W,YKR031C,0,-6.1019163,0.1405165195465088,0.9583333134651184,0.5861742496490479
YLR131C,YHR197W,0,-6.101983,0.1404775083065033,0.9583333134651184,0.5863636136054993
YEL050C,YBL014C,0,-6.1019907,0.1404385268688202,0.9583333134651184,0.5865530371665955
YLR145W,YDR077W,0,-6.103543,0.14039956033229828,0.9583333134651184,0.5867424011230469
YDL004W,YOL060C,0,-6.1064277,0.14036060869693756,0.9583333134651184,0.5869318246841431
YOR133W,YOL095C,0,-6.106546,0.14032168686389923,0.9583333134651184,0.5871211886405945
YNL225C,YBR097W,0,-6.1068616,0.1402827799320221,0.9583333134651184,0.5873106122016907
YOR061W,YCL069W,0,-6.107036,0.14024390280246735,0.9583333134651184,0.5874999761581421
YGR013W,YOL028C,0,-6.107369,0.1402050405740738,0.9583333134651184,0.5876893997192383
YKR072C,YOL124C,0,-6.1074047,0.14016620814800262,0.9583333134651184,0.5878787636756897
YNL145W,YDR243C,0,-6.109553,0.14012739062309265,0.9583333134651184,0.5880681872367859
YBR217W,YDL213C,0,-6.110167,0.14008858799934387,0.9583333134651184,0.5882575511932373
YOR127W,YOR073W,0,-6.110562,0.14004981517791748,0.9583333134651184,0.5884469747543335
YHR154W,YOR027W,0,-6.1105866,0.14001107215881348,0.9583333134651184,0.5886363387107849
YMR287C,YGL144C,0,-6.1107697,0.13997234404087067,0.9583333134651184,0.5888257622718811
YML128C,YBR294W,0,-6.1119146,0.13993363082408905,0.9583333134651184,0.5890151262283325
YMR204C,YGR082W,0,-6.1120744,0.13989494740962982,0.9583333134651184,0.5892045497894287
YMR042W,YLR145W,0,-6.1122823,0.1398562788963318,0.9583333134651184,0.5893939137458801
YEL026W,YCL020W,0,-6.1126046,0.13981762528419495,0.9583333134651184,0.5895833373069763
YJL061W,YML091C,0,-6.113231,0.1397790014743805,0.9583333134651184,0.5897727012634277
YER013W,YCR027C,0,-6.115418,0.13974040746688843,0.9583333134651184,0.5899621248245239
YLL024C,YLR386W,0,-6.1174283,0.13970182836055756,0.9583333134651184,0.5901514887809753
YPR100W,YKL108W,0,-6.1175523,0.13966326415538788,0.9583333134651184,0.5903409123420715
YCL017C,YNL250W,0,-6.117849,0.1396247297525406,0.9583333134651184,0.590530276298523
YHR067W,YPL218W,0,-6.1195674,0.1395862102508545,0.9583333134651184,0.5907196998596191
YHR157W,YKL038W,0,-6.1205807,0.1395477056503296,0.9583333134651184,0.5909090638160706
YOL071W,YBR040W,0,-6.1207523,0.13950923085212708,0.9583333134651184,0.5910984873771667
YDR268W,YPL167C,0,-6.121885,0.13947078585624695,0.9583333134651184,0.5912878513336182
YPL046C,YLR207W,1,-6.1229434,0.13970790803432465,0.9602272510528564,0.5912878513336182
YPL274W,YIL031W,0,-6.123265,0.13966941833496094,0.9602272510528564,0.5914772748947144
YGR091W,YBL103C,0,-6.124753,0.13963095843791962,0.9602272510528564,0.5916666388511658
YDL102W,YKR031C,0,-6.1271005,0.1395925134420395,0.9602272510528564,0.591856062412262
YNL103W,YFL002W-A,0,-6.1274037,0.13955408334732056,0.9602272510528564,0.5920454263687134
YHR107C,YEL022W,0,-6.128212,0.139515683054924,0.9602272510528564,0.5922348499298096
YBR036C,YDR258C,0,-6.129022,0.13947729766368866,0.9602272510528564,0.592424213886261
YAL053W,YNL206C,0,-6.1297107,0.1394389420747757,0.9602272510528564,0.5926136374473572
YNL145W,YJL054W,0,-6.1299214,0.13940060138702393,0.9602272510528564,0.5928030014038086
YPR019W,YCR098C,0,-6.130256,0.13936229050159454,0.9602272510528564,0.5929924249649048
YCR093W,YPR078C,0,-6.1312137,0.13932399451732635,0.9602272510528564,0.5931817889213562
YKR028W,YIL082W-A,0,-6.131271,0.13928571343421936,0.9602272510528564,0.5933712124824524
YPL240C,YBL079W,0,-6.1315656,0.13924746215343475,0.9602272510528564,0.5935605764389038
YPL046C,YNL064C,1,-6.1327653,0.13948379456996918,0.9621211886405945,0.5935605764389038
YBR205W,YEL032W,0,-6.133015,0.13944551348686218,0.9621211886405945,0.59375
YMR161W,YNL064C,1,-6.133056,0.13968166708946228,0.9640151262283325,0.59375
YCL066W,YLR403W,0,-6.1337566,0.1396433413028717,0.9640151262283325,0.5939394235610962
YAR007C,YKR031C,0,-6.1377892,0.13960504531860352,0.9640151262283325,0.5941287875175476
YEL063C,YMR046C,0,-6.1387453,0.13956676423549652,0.9640151262283325,0.5943182110786438
YMR042W,YOR074C,0,-6.1391854,0.13952851295471191,0.9640151262283325,0.5945075750350952
YBL079W,YGL249W,0,-6.1394053,0.1394902765750885,0.9640151262283325,0.5946969985961914
YPL155C,YLR371W,0,-6.140084,0.13945205509662628,0.9640151262283325,0.5948863625526428
YMR065W,YPR133C,0,-6.141355,0.13941386342048645,0.9640151262283325,0.595075786113739
YOL005C,YDR129C,0,-6.1426253,0.1393756866455078,0.9640151262283325,0.5952651500701904
YNL225C,YPR133C,0,-6.142836,0.13933752477169037,0.9640151262283325,0.5954545736312866
YOL051W,YPR078C,0,-6.1450257,0.1392993927001953,0.9640151262283325,0.595643937587738
YER019C-A,YJL036W,0,-6.1456094,0.13926129043102264,0.9640151262283325,0.5958333611488342
YLR254C,YBR257W,0,-6.146987,0.13922318816184998,0.9640151262283325,0.5960227251052856
YML091C,YDR443C,0,-6.1470222,0.1391851305961609,0.9640151262283325,0.5962121486663818
YLR131C,YHR068W,0,-6.148226,0.1391470730304718,0.9640151262283325,0.5964015126228333
YJL063C,YKR014C,0,-6.1485114,0.1391090452671051,0.9640151262283325,0.5965909361839294
YNL123W,YFL037W,0,-6.14908,0.1390710324048996,0.9640151262283325,0.5967803001403809
YNL250W,YOR297C,0,-6.1503205,0.13903304934501648,0.9640151262283325,0.596969723701477
YGL012W,YBR133C,0,-6.1510177,0.13899508118629456,0.9640151262283325,0.5971590876579285
YLR223C,YJL143W,0,-6.1513834,0.13895714282989502,0.9640151262283325,0.5973485112190247
YJL100W,YJL011C,0,-6.1513867,0.13891921937465668,0.9640151262283325,0.5975378751754761
YMR234W,YNR048W,0,-6.1542163,0.13888131082057953,0.9640151262283325,0.5977272987365723
YKL032C,YKR062W,0,-6.154622,0.13884343206882477,0.9640151262283325,0.5979166626930237
YLR155C,YNL251C,0,-6.1550527,0.1388055682182312,0.9640151262283325,0.5981060862541199
YMR260C,YDR457W,0,-6.1552076,0.13876771926879883,0.9640151262283325,0.5982954502105713
YOR109W,YPR133C,0,-6.15748,0.13872990012168884,0.9640151262283325,0.5984848737716675
YIL018W,YOL102C,0,-6.158048,0.13869209587574005,0.9640151262283325,0.5986742377281189
YHR091C,YFR048W,0,-6.158111,0.13865432143211365,0.9640151262283325,0.5988636612892151
YDL161W,YEL065W,0,-6.1583195,0.13861656188964844,0.9640151262283325,0.5990530252456665
YER174C,YIL114C,0,-6.158872,0.13857881724834442,0.9640151262283325,0.5992424488067627
YDR450W,YOR332W,0,-6.159558,0.1385411024093628,0.9640151262283325,0.5994318127632141
YKL054C,YIL017C,1,-6.160002,0.1387755125761032,0.9659090638160706,0.5994318127632141
YJL081C,YKR022C,0,-6.160058,0.138737753033638,0.9659090638160706,0.5996212363243103
YOL165C,YOR085W,0,-6.1614485,0.13870002329349518,0.9659090638160706,0.5998106002807617
YDR420W,YOR132W,0,-6.161804,0.13866232335567474,0.9659090638160706,0.6000000238418579
YHR005C-A,YFL059W,0,-6.1619864,0.1386246234178543,0.9659090638160706,0.6001893877983093
YKR101W,YCL033C,0,-6.162316,0.13858695328235626,0.9659090638160706,0.6003788113594055
YMR287C,YLR401C,0,-6.1626334,0.1385493129491806,0.9659090638160706,0.6005681753158569
YJL100W,YPR078C,0,-6.163251,0.13851167261600494,0.9659090638160706,0.6007575988769531
YPR068C,YDR091C,0,-6.1639247,0.13847407698631287,0.9659090638160706,0.6009469628334045
YAL021C,YJR158W,0,-6.164585,0.1384364813566208,0.9659090638160706,0.6011363863945007
YPL132W,YGL100W,0,-6.1646256,0.1383989155292511,0.9659090638160706,0.6013257503509521
YJL134W,YGR264C,0,-6.1646776,0.1383613646030426,0.9659090638160706,0.6015151739120483
YDR216W,YGL063W,0,-6.16484,0.1383238434791565,0.9659090638160706,0.6017045378684998
YPR005C,YLR328W,0,-6.168611,0.13828633725643158,0.9659090638160706,0.601893961429596
YLR238W,YMR043W,0,-6.1704373,0.13824884593486786,0.9659090638160706,0.6020833253860474
YIR017C,YPR131C,0,-6.1707706,0.13821138441562653,0.9659090638160706,0.6022727489471436
YGR008C,YMR293C,0,-6.1708236,0.1381739377975464,0.9659090638160706,0.602462112903595
YCL066W,YOL102C,0,-6.1714826,0.13813650608062744,0.9659090638160706,0.6026515364646912
YML116W,YGR119C,0,-6.1717057,0.13809910416603088,0.9659090638160706,0.6028409004211426
YFL056C,YGR145W,0,-6.1723056,0.13806171715259552,0.9659090638160706,0.6030303239822388
YMR316W,YKR056W,0,-6.173113,0.13802435994148254,0.9659090638160706,0.6032196879386902
YHR072W,YOR354C,0,-6.173753,0.13798701763153076,0.9659090638160706,0.6034091114997864
YGR267C,YBR154C,0,-6.1746774,0.13794969022274017,0.9659090638160706,0.6035984754562378
YOR025W,YCL051W,0,-6.176253,0.13791237771511078,0.9659090638160706,0.603787899017334
YLR254C,YLL024C,0,-6.1766677,0.13787509500980377,0.9659090638160706,0.6039772629737854
YHR068W,YDL120W,0,-6.176904,0.13783784210681915,0.9659090638160706,0.6041666865348816
YPL193W,YPL237W,0,-6.1785407,0.13780058920383453,0.9659090638160706,0.604356050491333
YBL069W,YBR245C,0,-6.179542,0.1377633661031723,0.9659090638160706,0.6045454740524292
YGR216C,YNR017W,0,-6.180227,0.13772617280483246,0.9659090638160706,0.6047348380088806
YLR405W,YHR118C,0,-6.1811547,0.13768897950649261,0.9659090638160706,0.6049242615699768
YDR254W,YNR059W,0,-6.1812654,0.13765181601047516,0.9659090638160706,0.6051136255264282
YFR033C,YML045W,0,-6.1828322,0.1376146823167801,0.9659090638160706,0.6053030490875244
YPL127C,YLR141W,0,-6.183905,0.13757754862308502,0.9659090638160706,0.6054924130439758
YDR216W,YLR401C,0,-6.187672,0.13754045963287354,0.9659090638160706,0.605681836605072
YOR030W,YLR228C,0,-6.1883883,0.13750337064266205,0.9659090638160706,0.6058712005615234
YMR237W,YOL139C,0,-6.190514,0.13746631145477295,0.9659090638160706,0.6060606241226196
YGR128C,YKL126W,0,-6.191549,0.13742926716804504,0.9659090638160706,0.606249988079071
YBR095C,YDR077W,0,-6.1918483,0.13739223778247833,0.9659090638160706,0.6064394116401672
YKL074C,YHR214C-B,0,-6.1936936,0.137355238199234,0.9659090638160706,0.6066287755966187
YJL100W,YOR216C,0,-6.194553,0.13731825351715088,0.9659090638160706,0.6068181991577148
YOR281C,YGL039W,0,-6.195156,0.13728129863739014,0.9659090638160706,0.6070075631141663
YMR043W,YOR356W,0,-6.195742,0.1372443437576294,0.9659090638160706,0.6071969866752625
YOR032C,YAR031W,0,-6.195821,0.13720741868019104,0.9659090638160706,0.6073863506317139
YHR005C-A,YOL138C,0,-6.197532,0.13717052340507507,0.9659090638160706,0.6075757741928101
YMR008C,YDR175C,0,-6.19801,0.1371336430311203,0.9659090638160706,0.6077651381492615
YOR046C,YKL110C,0,-6.1984997,0.13709677755832672,0.9659090638160706,0.6079545617103577
YHR086W,YPR131C,0,-6.199082,0.13705992698669434,0.9659090638160706,0.6081439256668091
YKL110C,YPR140W,0,-6.1996274,0.13702310621738434,0.9659090638160706,0.6083333492279053
YLR318W,YMR088C,0,-6.2001843,0.13698630034923553,0.9659090638160706,0.6085227131843567
YBR228W,YOR270C,0,-6.2013726,0.13694950938224792,0.9659090638160706,0.6087121367454529
YFL056C,YNR008W,0,-6.201437,0.1369127482175827,0.9659090638160706,0.6089015007019043
YNL085W,YPL152W,0,-6.2020593,0.13687600195407867,0.9659090638160706,0.6090909242630005
YHR067W,YAR042W,0,-6.202867,0.13683928549289703,0.9659090638160706,0.6092802882194519
YMR042W,YOR361C,0,-6.2031913,0.1368025690317154,0.9659090638160706,0.6094697117805481
YDR108W,YBL035C,0,-6.2038636,0.13676588237285614,0.9659090638160706,0.6096590757369995
YJL063C,YKR062W,0,-6.2044215,0.13672922551631927,0.9659090638160706,0.6098484992980957
YHR072W,YNR039C,0,-6.205489,0.1366925686597824,0.9659090638160706,0.6100378632545471
YJL074C,YOR003W,0,-6.2060103,0.13665594160556793,0.9659090638160706,0.6102272868156433
YGR167W,YPL144W,0,-6.206075,0.13661934435367584,0.9659090638160706,0.6104166507720947
YKL186C,YLR254C,0,-6.2063165,0.13658274710178375,0.9659090638160706,0.6106060743331909
YMR068W,YPR119W,0,-6.2067122,0.13654617965221405,0.9659090638160706,0.6107954382896423
YHR154W,YER116C,0,-6.209241,0.13650964200496674,0.9659090638160706,0.6109848618507385
YOL151W,YBR250W,0,-6.2101364,0.13647310435771942,0.9659090638160706,0.6111742258071899
YOR326W,YAR031W,0,-6.2102494,0.1364365965127945,0.9659090638160706,0.6113636493682861
YIL035C,YOR284W,0,-6.211449,0.13640010356903076,0.9659090638160706,0.6115530133247375
YLR002C,YNL121C,0,-6.2120705,0.13636364042758942,0.9659090638160706,0.6117424368858337
YOR168W,YGR013W,0,-6.21326,0.13632719218730927,0.9659090638160706,0.6119318008422852
YKL185W,YJL054W,0,-6.213756,0.1362907588481903,0.9659090638160706,0.6121212244033813
YHR050W,YOR003W,0,-6.214071,0.13625434041023254,0.9659090638160706,0.6123105883598328
YGR036C,YOR294W,0,-6.2143097,0.13621795177459717,0.9659090638160706,0.612500011920929
YOR232W,YOR188W,0,-6.214653,0.13618157804012299,0.9659090638160706,0.6126893758773804
YDR400W,YIL017C,1,-6.215281,0.13641217350959778,0.9678030014038086,0.6126893758773804
YNR035C,YCL020W,0,-6.2155633,0.1363757699728012,0.9678030014038086,0.6128787994384766
YIL040W,YDL084W,0,-6.215981,0.13633938133716583,0.9678030014038086,0.613068163394928
YPL274W,YOR132W,0,-6.2173586,0.13630300760269165,0.9678030014038086,0.6132575869560242
YOR274W,YPR007C,0,-6.2193155,0.13626666367053986,0.9678030014038086,0.6134469509124756
YNR056C,YMR188C,0,-6.219429,0.13623033463954926,0.9678030014038086,0.6136363744735718
YDL190C,YDR400W,1,-6.2194705,0.1364605575799942,0.9696969985961914,0.6136363744735718
YOL044W,YOL102C,0,-6.223079,0.1364241987466812,0.9696969985961914,0.6138257384300232
YKR019C,YDL120W,0,-6.2239156,0.13638785481452942,0.9696969985961914,0.6140151619911194
YNR019W,YBL079W,0,-6.2251244,0.13635152578353882,0.9696969985961914,0.6142045259475708
YLR228C,YBR193C,0,-6.225722,0.1363152265548706,0.9696969985961914,0.614393949508667
YNR019W,YCL066W,0,-6.228139,0.1362789422273636,0.9696969985961914,0.6145833134651184
YGL249W,YPL144W,0,-6.2287364,0.13624268770217896,0.9696969985961914,0.6147727370262146
YBR272C,YKR046C,0,-6.2296557,0.13620643317699432,0.9696969985961914,0.614962100982666
YIL065C,YNL025C,0,-6.2309546,0.13617020845413208,0.9696969985961914,0.6151515245437622
YGR280C,YOR332W,0,-6.2316556,0.13613401353359222,0.9696969985961914,0.6153408885002136
YDR418W,YEL026W,0,-6.2318516,0.13609781861305237,0.9696969985961914,0.6155303120613098
YNL085W,YBL005W-A,0,-6.2331967,0.1360616534948349,0.9696969985961914,0.6157196760177612
YPR135W,YER149C,0,-6.233472,0.13602550327777863,0.9696969985961914,0.6159090995788574
YGL207W,YML021C,0,-6.2336144,0.13598938286304474,0.9696969985961914,0.6160984635353088
YIL132C,YNL046W,0,-6.2339025,0.13595326244831085,0.9696969985961914,0.616287887096405
YDR118W,YNL064C,1,-6.236961,0.13618263602256775,0.9715909361839294,0.616287887096405
YLR318W,YAL035W,0,-6.239068,0.13614650070667267,0.9715909361839294,0.6164772510528564
YLR429W,YML010W,0,-6.2397323,0.13611038029193878,0.9715909361839294,0.6166666746139526
YHR191C,YPL237W,0,-6.2404428,0.1360742747783661,0.9715909361839294,0.616856038570404
YNL251C,YOL028C,0,-6.240647,0.1360381841659546,0.9715909361839294,0.6170454621315002
YBR091C,YDL077C,0,-6.2411985,0.13600212335586548,0.9715909361839294,0.6172348260879517
YCR065W,YGR002C,0,-6.241277,0.13596607744693756,0.9715909361839294,0.6174242496490479
YDR153C,YNL279W,0,-6.241488,0.13593004643917084,0.9715909361839294,0.6176136136054993
YAL040C,YDL081C,0,-6.242331,0.1358940452337265,0.9715909361839294,0.6178030371665955
YGR113W,YER053C,0,-6.242353,0.13585804402828217,0.9715909361839294,0.6179924011230469
YOR284W,YDL148C,0,-6.242771,0.1358220875263214,0.9715909361839294,0.6181818246841431
YIL098C,YEL031W,0,-6.244063,0.13578613102436066,0.9715909361839294,0.6183711886405945
YGR244C,YGL115W,0,-6.244079,0.1357502043247223,0.9715909361839294,0.6185606122016907
YHR107C,YNR072W,0,-6.2456946,0.13571429252624512,0.9715909361839294,0.6187499761581421
YOL021C,YOR298C-A,0,-6.245998,0.13567839562892914,0.9715909361839294,0.6189393997192383
YDR172W,YNR039C,0,-6.246618,0.13564251363277435,0.9715909361839294,0.6191287636756897
YBR040W,YMR060C,0,-6.2468195,0.13560666143894196,0.9715909361839294,0.6193181872367859
YNL182C,YDL216C,0,-6.247724,0.13557082414627075,0.9715909361839294,0.6195075511932373
YLR295C,YGR119C,0,-6.2488165,0.13553500175476074,0.9715909361839294,0.6196969747543335
YNR072W,YOR270C,0,-6.2491407,0.13549920916557312,0.9715909361839294,0.6198863387107849
YIL035C,YOL094C,0,-6.2516465,0.1354634314775467,0.9715909361839294,0.6200757622718811
YLL043W,YKL138C-A,0,-6.2531962,0.13542766869068146,0.9715909361839294,0.6202651262283325
YJL210W,YHR214C-B,0,-6.2546525,0.13539192080497742,0.9715909361839294,0.6204545497894287
YLR155C,YKL035W,0,-6.254934,0.13535620272159576,0.9715909361839294,0.6206439137458801
YMR068W,YMR305C,0,-6.255833,0.1353204995393753,0.9715909361839294,0.6208333373069763
YDR158W,YMR137C,0,-6.2576227,0.13528481125831604,0.9715909361839294,0.6210227012634277
YCR086W,YPR033C,0,-6.257918,0.13524913787841797,0.9715909361839294,0.6212121248245239
YDL115C,YOR085W,0,-6.2586284,0.13521349430084229,0.9715909361839294,0.6214014887809753
YBR093C,YPL123C,0,-6.2603455,0.1351778656244278,0.9715909361839294,0.6215909123420715
YGL021W,YPR119W,0,-6.2605715,0.1351422518491745,0.9715909361839294,0.621780276298523
YKL015W,YMR293C,0,-6.261207,0.1351066678762436,0.9715909361839294,0.6219696998596191
YLR117C,YMR234W,0,-6.261496,0.13507108390331268,0.9715909361839294,0.6221590638160706
YPL075W,YDR077W,0,-6.2619596,0.13503552973270416,0.9715909361839294,0.6223484873771667
YBL069W,YJL168C,0,-6.262206,0.13500000536441803,0.9715909361839294,0.6225378513336182
YLL003W,YPL016W,0,-6.2630186,0.1349644809961319,0.9715909361839294,0.6227272748947144
YOR216C,YGR281W,0,-6.2643676,0.13492898643016815,0.9715909361839294,0.6229166388511658
YKL170W,YDR464W,0,-6.2650733,0.1348935067653656,0.9715909361839294,0.623106062412262
YNL182C,YPL022W,0,-6.26695,0.13485804200172424,0.9715909361839294,0.6232954263687134
YEL029C,YOR224C,0,-6.267471,0.13482260704040527,0.9715909361839294,0.6234848499298096
YAL021C,YFR033C,0,-6.2680593,0.1347871720790863,0.9715909361839294,0.623674213886261
YKL179C,YEL034W,0,-6.268162,0.13475176692008972,0.9715909361839294,0.6238636374473572
YLR405W,YIL149C,0,-6.269216,0.13471639156341553,0.9715909361839294,0.6240530014038086
YNR056C,YBR175W,0,-6.269224,0.13468101620674133,0.9715909361839294,0.6242424249649048
YJL178C,YBR040W,0,-6.269504,0.13464567065238953,0.9715909361839294,0.6244317889213562
YMR053C,YOL028C,0,-6.2723927,0.1346103399991989,0.9715909361839294,0.6246212124824524
YKL152C,YHR050W,0,-6.2725177,0.1345750242471695,0.9715909361839294,0.6248105764389038
YNR046W,YJR120W,0,-6.273197,0.13453973829746246,0.9715909361839294,0.625
YCR027C,YGR281W,0,-6.2749724,0.13450445234775543,0.9715909361839294,0.6251894235610962
YDL208W,YGR094W,0,-6.2751827,0.1344691962003708,0.9715909361839294,0.6253787875175476
YOL165C,YJR042W,0,-6.27571,0.13443395495414734,0.9715909361839294,0.6255682110786438
YDR363W,YOR032C,0,-6.276097,0.13439874351024628,0.9715909361839294,0.6257575750350952
YPL231W,YDR356W,0,-6.276111,0.1343635469675064,0.9715909361839294,0.6259469985961914
YLR141W,YDL076C,0,-6.276595,0.13432836532592773,0.9715909361839294,0.6261363625526428
YDR418W,YNR064C,0,-6.2769,0.13429319858551025,0.9715909361839294,0.626325786113739
YAL013W,YEL019C,0,-6.2775073,0.13425804674625397,0.9715909361839294,0.6265151500701904
YOR074C,YBR040W,0,-6.278849,0.13422292470932007,0.9715909361839294,0.6267045736312866
YBR015C,YLR014C,0,-6.280019,0.13418781757354736,0.9715909361839294,0.626893937587738
YDR437W,YPR068C,0,-6.280992,0.13415272533893585,0.9715909361839294,0.6270833611488342
YGR055W,YOR308C,0,-6.2822304,0.13411764800548553,0.9715909361839294,0.6272727251052856
YPR135W,YHR072W,0,-6.2837625,0.1340825855731964,0.9715909361839294,0.6274621486663818
YER133W,YNR017W,0,-6.2838326,0.13404755294322968,0.9715909361839294,0.6276515126228333
YKL192C,YML021C,0,-6.285111,0.13401253521442413,0.9715909361839294,0.6278409361839294
YIL035C,YCR098C,0,-6.2861195,0.13397753238677979,0.9715909361839294,0.6280303001403809
YMR316W,YIL018W,0,-6.2868934,0.13394255936145782,0.9715909361839294,0.628219723701477
YHR118C,YCL010C,0,-6.2869096,0.13390760123729706,0.9715909361839294,0.6284090876579285
YBR088C,YKL051W,0,-6.287451,0.13387265801429749,0.9715909361839294,0.6285985112190247
YPL031C,YOL102C,0,-6.2877297,0.1338377296924591,0.9715909361839294,0.6287878751754761
YBL063W,YGR104C,0,-6.292828,0.13380281627178192,0.9715909361839294,0.6289772987365723
YER161C,YJR120W,0,-6.293261,0.13376793265342712,0.9715909361839294,0.6291666626930237
YNL223W,YGR028W,0,-6.293755,0.13373304903507233,0.9715909361839294,0.6293560862541199
YKL179C,YBR088C,0,-6.294187,0.13369819521903992,0.9715909361839294,0.6295454502105713
YDR446W,YDL081C,0,-6.294413,0.1336633712053299,0.9715909361839294,0.6297348737716675
YDL213C,YOR073W,0,-6.2966795,0.13362854719161987,0.9715909361839294,0.6299242377281189
YDR437W,YGL144C,0,-6.299435,0.13359375298023224,0.9715909361839294,0.6301136612892151
YKL179C,YHR152W,0,-6.299574,0.1335589736700058,0.9715909361839294,0.6303030252456665
YBR085W,YHR014W,0,-6.302349,0.13352420926094055,0.9715909361839294,0.6304924488067627
YML116W,YDR153C,0,-6.303231,0.1334894597530365,0.9715909361839294,0.6306818127632141
YIL114C,YNL079C,0,-6.3040557,0.13345474004745483,0.9715909361839294,0.6308712363243103
YLR399C,YLR401C,0,-6.304426,0.13342002034187317,0.9715909361839294,0.6310606002807617
YLL034C,YDL064W,0,-6.304807,0.1333853304386139,0.9715909361839294,0.6312500238418579
YDL115C,YPL042C,0,-6.304823,0.1333506554365158,0.9715909361839294,0.6314393877983093
YGL119W,YPL076W,0,-6.3048897,0.1333160102367401,0.9715909361839294,0.6316288113594055
YJR063W,YKR089C,0,-6.3062725,0.13328136503696442,0.9715909361839294,0.6318181753158569
YDR356W,YPR078C,0,-6.3062787,0.1332467496395111,0.9715909361839294,0.6320075988769531
YBL034C,YMR236W,0,-6.307757,0.133212149143219,0.9715909361839294,0.6321969628334045
YNL223W,YKR009C,0,-6.307854,0.13317756354808807,0.9715909361839294,0.6323863863945007
YDR211W,YBR257W,0,-6.3080916,0.13314300775527954,0.9715909361839294,0.6325757503509521
YGL097W,YBR030W,0,-6.308635,0.133108451962471,0.9715909361839294,0.6327651739120483
YML051W,YEL050C,0,-6.3092704,0.13307392597198486,0.9715909361839294,0.6329545378684998
YDL102W,YDR172W,0,-6.309957,0.1330394148826599,0.9715909361839294,0.633143961429596
YBL008W,YML028W,0,-6.3100114,0.13300491869449615,0.9715909361839294,0.6333333253860474
YKL182W,YML028W,0,-6.310067,0.13297045230865479,0.9715909361839294,0.6335227489471436
YOR298C-A,YOR270C,0,-6.3104844,0.1329360008239746,0.9715909361839294,0.633712112903595
YDR077W,YOR132W,0,-6.3144,0.13290154933929443,0.9715909361839294,0.6339015364646912
YMR112C,YML064C,0,-6.314759,0.13286712765693665,0.9715909361839294,0.6340909004211426
YAL035W,YDR450W,0,-6.3150887,0.13283273577690125,0.9715909361839294,0.6342803239822388
YGR244C,YNL123W,0,-6.315232,0.13279834389686584,0.9715909361839294,0.6344696879386902
YDR150W,YDR353W,0,-6.315742,0.13276398181915283,0.9715909361839294,0.6346591114997864
YDL102W,YKR072C,0,-6.3158712,0.13272961974143982,0.9715909361839294,0.6348484754562378
YOL094C,YHR214C-B,0,-6.317125,0.1326952874660492,0.9715909361839294,0.635037899017334
YBR121C,YLR347C,0,-6.3182015,0.13266097009181976,0.9715909361839294,0.6352272629737854
YOR335C,YLR176C,0,-6.319018,0.13262668251991272,0.9715909361839294,0.6354166865348816
YPL221W,YBR294W,0,-6.3193126,0.13259239494800568,0.9715909361839294,0.635606050491333
YML116W,YPR124W,0,-6.319318,0.13255813717842102,0.9715909361839294,0.6357954740524292
YKR048C,YNL113W,0,-6.3195033,0.13252389430999756,0.9715909361839294,0.6359848380088806
YMR083W,YDL101C,0,-6.3198166,0.1324896663427353,0.9715909361839294,0.6361742615699768
YNR044W,YPR178W,0,-6.320753,0.1324554681777954,0.9715909361839294,0.6363636255264282
YDR284C,YOR313C,0,-6.3215747,0.13242127001285553,0.9715909361839294,0.6365530490875244
YHR050W,YDR172W,0,-6.321583,0.13238710165023804,0.9715909361839294,0.6367424130439758
YBR257W,YMR293C,0,-6.3256984,0.13235294818878174,0.9715909361839294,0.636931836605072
YPL170W,YOR147W,0,-6.3257766,0.13231880962848663,0.9715909361839294,0.6371212005615234
YML081C-A,YPL270W,0,-6.325996,0.13228468596935272,0.9715909361839294,0.6373106241226196
YDR302W,YCL035C,0,-6.326038,0.13225057721138,0.9715909361839294,0.637499988079071
YBR217W,YPL274W,0,-6.327853,0.13221649825572968,0.9715909361839294,0.6376894116401672
YPL137C,YGL255W,0,-6.329187,0.13218243420124054,0.9715909361839294,0.6378787755966187
YMR277W,YFR048W,0,-6.329581,0.1321483701467514,0.9715909361839294,0.6380681991577148
YLR328W,YOL067C,0,-6.3296247,0.13211435079574585,0.9715909361839294,0.6382575631141663
YNL145W,YFL033C,0,-6.331288,0.1320803314447403,0.9715909361839294,0.6384469866752625
YLR109W,YEL050C,0,-6.3342376,0.13204632699489594,0.9715909361839294,0.6386363506317139
YDL093W,YBR088C,0,-6.334274,0.13201235234737396,0.9715909361839294,0.6388257741928101
YKL001C,YJL036W,0,-6.3346963,0.13197839260101318,0.9715909361839294,0.6390151381492615
YGR006W,YCR028C-A,0,-6.3350387,0.1319444477558136,0.9715909361839294,0.6392045617103577
YLR399C,YHR068W,0,-6.3351564,0.1319105178117752,0.9715909361839294,0.6393939256668091
YJL094C,YHR214C-B,0,-6.3379445,0.131876602768898,0.9715909361839294,0.6395833492279053
YBR175W,YPL206C,0,-6.3388534,0.1318427175283432,0.9715909361839294,0.6397727131843567
YHR107C,YKL074C,0,-6.340054,0.1318088322877884,0.9715909361839294,0.6399621367454529
YOR188W,YDR457W,0,-6.3403716,0.13177497684955597,0.9715909361839294,0.6401515007019043
YPL093W,YOR270C,0,-6.34088,0.13174113631248474,0.9715909361839294,0.6403409242630005
YAL035W,YMR088C,0,-6.3419747,0.1317073106765747,0.9715909361839294,0.6405302882194519
YPR100W,YNR039C,0,-6.3422008,0.13167351484298706,0.9715909361839294,0.6407197117805481
YJL020C,YOR014W,0,-6.343843,0.13163971900939941,0.9715909361839294,0.6409090757369995
YJR002W,YER095W,0,-6.3447385,0.13160595297813416,0.9715909361839294,0.6410984992980957
YLR411W,YKR101W,0,-6.3451805,0.1315722018480301,0.9715909361839294,0.6412878632545471
YLR069C,YIL048W,0,-6.345414,0.13153846561908722,0.9715909361839294,0.6414772868156433
YDR022C,YJL093C,0,-6.3456674,0.13150474429130554,0.9715909361839294,0.6416666507720947
YOR094W,YIL065C,0,-6.347882,0.13147103786468506,0.9715909361839294,0.6418560743331909
YLR234W,YGR270W,0,-6.348115,0.13143736124038696,0.9715909361839294,0.6420454382896423
YPL137C,YKR101W,0,-6.34899,0.13140368461608887,0.9715909361839294,0.6422348618507385
YDL101C,YDR123C,0,-6.3512006,0.13137003779411316,0.9715909361839294,0.6424242258071899
YGR199W,YMR260C,0,-6.35176,0.13133640587329865,0.9715909361839294,0.6426136493682861
YGR036C,YPR017C,0,-6.352901,0.13130278885364532,0.9715909361839294,0.6428030133247375
YBR079C,YMR293C,0,-6.3530054,0.1312691867351532,0.9715909361839294,0.6429924368858337
YDL030W,YJR019C,0,-6.353349,0.13123561441898346,0.9715909361839294,0.6431818008422852
YMR161W,YDR400W,1,-6.3533998,0.13145780563354492,0.9734848737716675,0.6431818008422852
YDL208W,YKL203C,0,-6.3547134,0.1314241886138916,0.9734848737716675,0.6433712244033813
YNL117W,YMR218C,0,-6.3552938,0.13139058649539948,0.9734848737716675,0.6435605883598328
YFR008W,YAR042W,0,-6.3561234,0.13135701417922974,0.9734848737716675,0.643750011920929
YKL074C,YMR190C,0,-6.356698,0.1313234567642212,0.9734848737716675,0.6439393758773804
YDL216C,YPL032C,0,-6.356919,0.13128991425037384,0.9734848737716675,0.6441287994384766
YOR373W,YJL089W,0,-6.3587413,0.13125638663768768,0.9734848737716675,0.644318163394928
YHR021C,YPL283C,0,-6.361615,0.13122287392616272,0.9734848737716675,0.6445075869560242
YOL021C,YGL169W,0,-6.361664,0.13118937611579895,0.9734848737716675,0.6446969509124756
YKL179C,YJR063W,0,-6.361934,0.13115590810775757,0.9734848737716675,0.6448863744735718
YIR019C,YDR077W,0,-6.3620048,0.13112245500087738,0.9734848737716675,0.6450757384300232
YPL127C,YGR119C,0,-6.3625655,0.1310890018939972,0.9734848737716675,0.6452651619911194
YNR044W,YML040W,0,-6.3625855,0.1310555785894394,0.9734848737716675,0.6454545259475708
YPL093W,YLR371W,0,-6.3644104,0.13102217018604279,0.9734848737716675,0.645643949508667
YCR065W,YMR164C,0,-6.3645873,0.13098879158496857,0.9734848737716675,0.6458333134651184
YDR385W,YML040W,0,-6.365468,0.13095541298389435,0.9734848737716675,0.6460227370262146
YGR199W,YMR087W,0,-6.36577,0.13092206418514252,0.9734848737716675,0.646212100982666
YMR237W,YDR356W,0,-6.365989,0.13088871538639069,0.9734848737716675,0.6464015245437622
YGR078C,YJR007W,0,-6.366907,0.13085539638996124,0.9734848737716675,0.6465908885002136
YER041W,YEL057C,0,-6.3677025,0.130822092294693,0.9734848737716675,0.6467803120613098
YIL004C,YPL283C,0,-6.3681207,0.13078880310058594,0.9734848737716675,0.6469696760177612
YOL067C,YLR403W,0,-6.3681717,0.13075552880764008,0.9734848737716675,0.6471590995788574
YHR015W,YML095C,0,-6.3694057,0.1307222843170166,0.9734848737716675,0.6473484635353088
YBL018C,YML064C,0,-6.3695335,0.13068903982639313,0.9734848737716675,0.647537887096405
YMR188C,YNR039C,0,-6.3706856,0.13065582513809204,0.9734848737716675,0.6477272510528564
YGR156W,YDR082W,0,-6.3715816,0.13062261044979095,0.9734848737716675,0.6479166746139526
YDL149W,YGR197C,0,-6.3728194,0.13058942556381226,0.9734848737716675,0.648106038570404
YBR040W,YDR324C,0,-6.3738403,0.13055625557899475,0.9734848737716675,0.6482954621315002
YDR284C,YJR019C,0,-6.373964,0.13052311539649963,0.9734848737716675,0.6484848260879517
YOL165C,YGL019W,0,-6.3747168,0.13048997521400452,0.9734848737716675,0.6486742496490479
YLR186W,YLR234W,0,-6.3757653,0.1304568499326706,0.9734848737716675,0.6488636136054993
YDR141C,YGR007W,0,-6.377787,0.13042375445365906,0.9734848737716675,0.6490530371665955
YAL053W,YHR118C,0,-6.3783116,0.13039065897464752,0.9734848737716675,0.6492424011230469
YAL035W,YPL218W,0,-6.3786755,0.13035759329795837,0.9734848737716675,0.6494318246841431
YLR131C,YHR152W,0,-6.381082,0.13032454252243042,0.9734848737716675,0.6496211886405945
YDL185W,YIL031W,0,-6.3816032,0.13029150664806366,0.9734848737716675,0.6498106122016907
YDR448W,YNL059C,0,-6.382286,0.1302584856748581,0.9734848737716675,0.6499999761581421
YDR201W,YBR175W,0,-6.3824887,0.13022549450397491,0.9734848737716675,0.6501893997192383
YDR123C,YKL081W,0,-6.3826284,0.13019250333309174,0.9734848737716675,0.6503787636756897
YNR035C,YNL278W,0,-6.3827853,0.13015952706336975,0.9734848737716675,0.6505681872367859
YPL117C,YGL039W,0,-6.382831,0.13012658059597015,0.9734848737716675,0.6507575511932373
YER155C,YBL055C,0,-6.3838983,0.13009364902973175,0.9734848737716675,0.6509469747543335
YJR089W,YKL019W,0,-6.384257,0.13006073236465454,0.9734848737716675,0.6511363387107849
YPL231W,YPL001W,0,-6.384705,0.13002783060073853,0.9734848737716675,0.6513257622718811
YHR011W,YNL085W,0,-6.385655,0.1299949437379837,0.9734848737716675,0.6515151262283325
YGL136C,YOL094C,0,-6.38685,0.12996207177639008,0.9734848737716675,0.6517045497894287
YJR042W,YMR060C,0,-6.387674,0.12992921471595764,0.9734848737716675,0.6518939137458801
YPL086C,YPL042C,0,-6.387902,0.1298963874578476,0.9734848737716675,0.6520833373069763
YER126C,YKL203C,0,-6.3885503,0.12986356019973755,0.9734848737716675,0.6522727012634277
YER095W,YDR172W,0,-6.389046,0.1298307627439499,0.9734848737716675,0.6524621248245239
YOR270C,YGL039W,0,-6.3898444,0.12979798018932343,0.9734848737716675,0.6526514887809753
YOL010W,YEL050C,0,-6.3908644,0.12976521253585815,0.9734848737716675,0.6528409123420715
YBL075C,YBL055C,0,-6.392248,0.12973245978355408,0.9734848737716675,0.653030276298523
YNL286W,YJR002W,0,-6.3925667,0.1296997219324112,0.9734848737716675,0.6532196998596191
YJR158W,YLR254C,0,-6.3961406,0.1296669989824295,0.9734848737716675,0.6534090638160706
YKL019W,YNL113W,0,-6.3962817,0.1296343058347702,0.9734848737716675,0.6535984873771667
YOR074C,YOR032C,0,-6.3967743,0.1296016126871109,0.9734848737716675,0.6537878513336182
YER016W,YCL033C,0,-6.397135,0.129568949341774,0.9734848737716675,0.6539772748947144
YNL142W,YMR234W,0,-6.3972306,0.12953628599643707,0.9734848737716675,0.6541666388511658
YHL006C,YJL074C,0,-6.3973165,0.12950365245342255,0.9734848737716675,0.654356062412262
YIR019C,YNL279W,0,-6.397569,0.1294710338115692,0.9734848737716675,0.6545454263687134
YPR033C,YDR320C,0,-6.398127,0.12943843007087708,0.9734848737716675,0.6547348499298096
YML004C,YNL117W,0,-6.3983088,0.12940584123134613,0.9734848737716675,0.654924213886261
YDL030W,YHR106W,0,-6.3983817,0.12937326729297638,0.9734848737716675,0.6551136374473572
YGR108W,YMR008C,0,-6.3986335,0.12934070825576782,0.9734848737716675,0.6553030014038086
YNL326C,YCL033C,0,-6.3991036,0.12930817902088165,0.9734848737716675,0.6554924249649048
YAR019C,YLR368W,0,-6.4019494,0.12927564978599548,0.9734848737716675,0.6556817889213562
YBL005W,YEL002C,0,-6.4028077,0.1292431503534317,0.9734848737716675,0.6558712124824524
YHR072W,YML095C,0,-6.403462,0.1292106658220291,0.9734848737716675,0.6560605764389038
YPL228W,YBR296C,0,-6.403648,0.12917818129062653,0.9734848737716675,0.65625
YPR135W,YBR030W,0,-6.404761,0.12914572656154633,0.9734848737716675,0.6564394235610962
YOR361C,YNL121C,0,-6.4052844,0.12911328673362732,0.9734848737716675,0.6566287875175476
YHR118C,YOL124C,0,-6.406441,0.1290808618068695,0.9734848737716675,0.6568182110786438
YOR298C-A,YDL212W,0,-6.406875,0.1290484517812729,0.9734848737716675,0.6570075750350952
YCL051W,YDL081C,0,-6.4076133,0.12901607155799866,0.9734848737716675,0.6571969985961914
YBL019W,YBR020W,0,-6.4081025,0.12898369133472443,0.9734848737716675,0.6573863625526428
YDR488C,YGR280C,0,-6.4084706,0.1289513260126114,0.9734848737716675,0.657575786113739
YDR254W,YGR108W,0,-6.409699,0.12891899049282074,0.9734848737716675,0.6577651500701904
YFR024C-A,YCR073C,0,-6.410592,0.1288866549730301,0.9734848737716675,0.6579545736312866
YKR048C,YPL193W,0,-6.412872,0.12885434925556183,0.9734848737716675,0.658143937587738
YJR007W,YHR090C,0,-6.414045,0.12882205843925476,0.9734848737716675,0.6583333611488342
YPL131W,YDR382W,0,-6.4142046,0.1287897825241089,0.9734848737716675,0.6585227251052856
YLR254C,YDR457W,0,-6.4142823,0.1287575215101242,0.9734848737716675,0.6587121486663818
YGR140W,YOR297C,0,-6.4156113,0.12872527539730072,0.9734848737716675,0.6589015126228333
YPL007C,YDR353W,0,-6.416592,0.12869304418563843,0.9734848737716675,0.6590909361839294
YLR131C,YOL060C,0,-6.418845,0.12866082787513733,0.9734848737716675,0.6592803001403809
YCR073C,YMR218C,0,-6.420099,0.12862862646579742,0.9734848737716675,0.659469723701477
YDL044C,YGL070C,0,-6.4201937,0.1285964399576187,0.9734848737716675,0.6596590876579285
YBR020W,YDR420W,0,-6.422342,0.1285642832517624,0.9734848737716675,0.6598485112190247
YPR100W,YHR074W,0,-6.422511,0.12853212654590607,0.9734848737716675,0.6600378751754761
YER054C,YLR181C,0,-6.423856,0.12849999964237213,0.9734848737716675,0.6602272987365723
YGR108W,YMR112C,0,-6.424107,0.1284678876399994,0.9734848737716675,0.6604166626930237
YNL223W,YDR489W,0,-6.4243274,0.12843577563762665,0.9734848737716675,0.6606060862541199
YFR051C,YPL237W,0,-6.4282565,0.1284036934375763,0.9734848737716675,0.6607954502105713
YLR155C,YGR028W,0,-6.428929,0.12837162613868713,0.9734848737716675,0.6609848737716675
YOL165C,YDR243C,0,-6.4290338,0.12833957374095917,0.9734848737716675,0.6611742377281189
YPR006C,YDL111C,0,-6.4298162,0.1283075362443924,0.9734848737716675,0.6613636612892151
YBR085W,YDR148C,0,-6.4304776,0.12827551364898682,0.9734848737716675,0.6615530252456665
YGR036C,YGL014W,0,-6.4310384,0.12824350595474243,0.9734848737716675,0.6617424488067627
YBL024W,YDL134C,0,-6.431814,0.12821152806282043,0.9734848737716675,0.6619318127632141
YJR144W,YJL042W,0,-6.4319477,0.12817955017089844,0.9734848737716675,0.6621212363243103
YLR131C,YDR434W,0,-6.432478,0.12814758718013763,0.9734848737716675,0.6623106002807617
YLR429W,YMR015C,0,-6.4325633,0.12811565399169922,0.9734848737716675,0.6625000238418579
YPR007C,YJL054W,0,-6.4342628,0.1280837208032608,0.9734848737716675,0.6626893877983093
YDR446W,YPL144W,0,-6.434952,0.12805181741714478,0.9734848737716675,0.6628788113594055
YBR217W,YBL055C,0,-6.435205,0.12801992893218994,0.9734848737716675,0.6630681753158569
YOR224C,YGR013W,0,-6.437503,0.1279880404472351,0.9734848737716675,0.6632575988769531
YEL056W,YDR103W,0,-6.4383874,0.12795618176460266,0.9734848737716675,0.6634469628334045
YNR056C,YLR442C,0,-6.4438663,0.1279243379831314,0.9734848737716675,0.6636363863945007
YDR118W,YPL046C,1,-6.4438787,0.12814132869243622,0.9753788113594055,0.6636363863945007
YGR244C,YDL076C,0,-6.4449363,0.12810945510864258,0.9753788113594055,0.6638257503509521
YLR233C,YIL149C,0,-6.445868,0.12807759642601013,0.9753788113594055,0.6640151739120483
YMR083W,YML116W,0,-6.4463887,0.12804575264453888,0.9753788113594055,0.6642045378684998
YMR199W,YEL032W,0,-6.4486585,0.12801392376422882,0.9753788113594055,0.664393961429596
YNL278W,YEL026W,0,-6.4534698,0.12798210978507996,0.9753788113594055,0.6645833253860474
YGL252C,YBR061C,0,-6.4536786,0.12795031070709229,0.9753788113594055,0.6647727489471436
YDR093W,YBR015C,0,-6.4551616,0.1279185265302658,0.9753788113594055,0.664962112903595
YPR034W,YOL094C,0,-6.4554896,0.12788675725460052,0.9753788113594055,0.6651515364646912
YDR437W,YBR061C,0,-6.455689,0.12785501778125763,0.9753788113594055,0.6653409004211426
YGR036C,YML091C,0,-6.456664,0.12782327830791473,0.9753788113594055,0.6655303239822388
YNL293W,YER019C-A,0,-6.4573317,0.12779156863689423,0.9753788113594055,0.6657196879386902
YFR051C,YHR214C-B,0,-6.4581885,0.12775985896587372,0.9753788113594055,0.6659091114997864
YJL063C,YOR127W,0,-6.45837,0.1277281790971756,0.9753788113594055,0.6660984754562378
YNL145W,YOR266W,0,-6.4596915,0.12769649922847748,0.9753788113594055,0.666287899017334
YGR082W,YOL138C,0,-6.4599953,0.12766484916210175,0.9753788113594055,0.6664772629737854
YHR114W,YLR009W,0,-6.4602056,0.1276332139968872,0.9753788113594055,0.6666666865348816
YBR274W,YIR017C,0,-6.4614196,0.12760157883167267,0.9753788113594055,0.666856050491333
YPR033C,YFR051C,0,-6.4638667,0.12756997346878052,0.9753788113594055,0.6670454740524292
YCR012W,YHR074W,0,-6.465614,0.12753838300704956,0.9753788113594055,0.6672348380088806
YOL060C,YGR082W,0,-6.465677,0.1275068074464798,0.9753788113594055,0.6674242615699768
YNL085W,YCL020W,0,-6.4666724,0.12747524678707123,0.9753788113594055,0.6676136255264282
YCR028C-A,YLR386W,0,-6.466952,0.12744370102882385,0.9753788113594055,0.6678030490875244
YLL022C,YDR488C,0,-6.467198,0.12741217017173767,0.9753788113594055,0.6679924130439758
YDR103W,YJR120W,0,-6.468431,0.12738065421581268,0.9753788113594055,0.668181836605072
YJL063C,YMR060C,0,-6.4698524,0.1273491531610489,0.9753788113594055,0.6683712005615234
YOL044W,YOR332W,0,-6.471531,0.12731768190860748,0.9753788113594055,0.6685606241226196
YCR033W,YBL055C,0,-6.472995,0.12728621065616608,0.9753788113594055,0.668749988079071
YGR159C,YJL054W,0,-6.4738317,0.12725475430488586,0.9753788113594055,0.6689394116401672
YBL023C,YMR234W,0,-6.474693,0.12722331285476685,0.9753788113594055,0.6691287755966187
YBR217W,YDL212W,0,-6.474957,0.12719190120697021,0.9753788113594055,0.6693181991577148
YEL057C,YPL206C,0,-6.475247,0.12716048955917358,0.9753788113594055,0.6695075631141663
YNR056C,YHR050W,0,-6.4786463,0.12712910771369934,0.9753788113594055,0.6696969866752625
YDR450W,YKR072C,0,-6.479571,0.1270977258682251,0.9753788113594055,0.6698863506317139
YOL165C,YIL018W,0,-6.4797606,0.12706637382507324,0.9753788113594055,0.6700757741928101
YLR314C,YNL041C,0,-6.4800124,0.1270350217819214,0.9753788113594055,0.6702651381492615
YMR083W,YJR069C,0,-6.480026,0.12700369954109192,0.9753788113594055,0.6704545617103577
YJR119C,YML095C,0,-6.480151,0.12697239220142365,0.9753788113594055,0.6706439256668091
YNR056C,YIL097W,0,-6.480413,0.12694108486175537,0.9753788113594055,0.6708333492279053
YKL001C,YJL117W,0,-6.480998,0.12690980732440948,0.9753788113594055,0.6710227131843567
YCR034W,YJR029W,0,-6.482008,0.1268785446882248,0.9753788113594055,0.6712121367454529
YCR075C,YDL077C,0,-6.4828467,0.1268472969532013,0.9753788113594055,0.6714015007019043
YAL013W,YHR067W,0,-6.4829793,0.1268160492181778,0.9753788113594055,0.6715909242630005
YKL192C,YML091C,0,-6.483228,0.12678483128547668,0.9753788113594055,0.6717802882194519
YAR019C,YKL019W,0,-6.4840407,0.12675362825393677,0.9753788113594055,0.6719697117805481
YMR277W,YMR112C,0,-6.4846454,0.12672244012355804,0.9753788113594055,0.6721590757369995
YML004C,YDR356W,0,-6.4847717,0.12669126689434052,0.9753788113594055,0.6723484992980957
YHR118C,YJL093C,0,-6.4868083,0.12666010856628418,0.9753788113594055,0.6725378632545471
YER127W,YHR014W,0,-6.487985,0.12662896513938904,0.9753788113594055,0.6727272868156433
YGL070C,YML021C,0,-6.489209,0.1265978366136551,0.9753788113594055,0.6729166507720947
YDR093W,YOL071W,0,-6.4898057,0.12656672298908234,0.9753788113594055,0.6731060743331909
YOR023C,YML021C,0,-6.490463,0.12653562426567078,0.9753788113594055,0.6732954382896423
YOR119C,YKL203C,0,-6.4915357,0.1265045404434204,0.9753788113594055,0.6734848618507385
YJR069C,YDL244W,0,-6.49155,0.12647347152233124,0.9753788113594055,0.6736742258071899
YEL019C,YDR279W,0,-6.4928675,0.12644243240356445,0.9753788113594055,0.6738636493682861
YMR060C,YLR369W,0,-6.4932394,0.12641139328479767,0.9753788113594055,0.6740530133247375
YOR250C,YOR168W,0,-6.4938464,0.12638036906719208,0.9753788113594055,0.6742424368858337
YIL149C,YEL019C,0,-6.494094,0.12634935975074768,0.9753788113594055,0.6744318008422852
YMR240C,YDR243C,0,-6.494303,0.12631836533546448,0.9753788113594055,0.6746212244033813
YJL011C,YDR389W,0,-6.495106,0.12628740072250366,0.9753788113594055,0.6748105883598328
YOR074C,YDR172W,0,-6.495115,0.12625643610954285,0.9753788113594055,0.675000011920929
YNR011C,YDL120W,0,-6.4951406,0.12622548639774323,0.9753788113594055,0.6751893758773804
YOR294W,YPL042C,0,-6.4953914,0.126194566488266,0.9753788113594055,0.6753787994384766
YNR008W,YER126C,0,-6.4960313,0.12616364657878876,0.9753788113594055,0.675568163394928
YNR011C,YBL075C,0,-6.497283,0.12613274157047272,0.9753788113594055,0.6757575869560242
YJL062W,YAR031W,0,-6.497335,0.12610186636447906,0.9753788113594055,0.6759469509124756
YLR214W,YOR027W,0,-6.498241,0.1260709911584854,0.9753788113594055,0.6761363744735718
YEL009C,YBL006C,0,-6.498346,0.12604013085365295,0.9753788113594055,0.6763257384300232
YOL071W,YPL144W,0,-6.498464,0.12600930035114288,0.9753788113594055,0.6765151619911194
YML004C,YDR296W,0,-6.506756,0.1259784698486328,0.9753788113594055,0.6767045259475708
YBL035C,YPL274W,0,-6.5079894,0.12594766914844513,0.9753788113594055,0.676893949508667
YAR019C,YHR055C,0,-6.5084586,0.12591686844825745,0.9753788113594055,0.6770833134651184
YBL018C,YLR369W,0,-6.5091,0.12588609755039215,0.9753788113594055,0.6772727370262146
YDR129C,YLR234W,0,-6.511334,0.12585532665252686,0.9753788113594055,0.677462100982666
YHR068W,YGL136C,0,-6.513144,0.12582458555698395,0.9753788113594055,0.6776515245437622
YDR201W,YGL039W,0,-6.513366,0.12579384446144104,0.9753788113594055,0.6778408885002136
YML051W,YPR078C,0,-6.514484,0.12576313316822052,0.9753788113594055,0.6780303120613098
YLL022C,YGR091W,0,-6.5147963,0.125732421875,0.9753788113594055,0.6782196760177612
YMR277W,YDR434W,0,-6.515944,0.12570174038410187,0.9753788113594055,0.6784090995788574
YHR196W,YGR270W,0,-6.51711,0.12567105889320374,0.9753788113594055,0.6785984635353088
YIL035C,YER161C,0,-6.5171514,0.125640407204628,0.9753788113594055,0.678787887096405
YJR158W,YHR091C,0,-6.5179186,0.12560975551605225,0.9753788113594055,0.6789772510528564
YHR118C,YHR152W,0,-6.518102,0.1255791336297989,0.9753788113594055,0.6791666746139526
YDR296W,YCL033C,0,-6.5191236,0.12554851174354553,0.9753788113594055,0.679356038570404
YDL099W,YMR043W,0,-6.5201774,0.12551791965961456,0.9753788113594055,0.6795454621315002
YOR373W,YDR450W,0,-6.520352,0.1254873275756836,0.9753788113594055,0.6797348260879517
YLR109W,YCL010C,0,-6.5205984,0.125456765294075,0.9753788113594055,0.6799242496490479
YLR328W,YOR294W,0,-6.524281,0.12542620301246643,0.9753788113594055,0.6801136136054993
YDR324C,YPL144W,0,-6.525439,0.12539567053318024,0.9753788113594055,0.6803030371665955
YDL101C,YCR012W,0,-6.5254874,0.12536513805389404,0.9753788113594055,0.6804924011230469
YKL099C,YGR281W,0,-6.525947,0.12533463537693024,0.9753788113594055,0.6806818246841431
YER013W,YOR356W,0,-6.5271506,0.12530413269996643,0.9753788113594055,0.6808711886405945
YEL018W,YMR285C,0,-6.527718,0.125273659825325,0.9753788113594055,0.6810606122016907
YDR052C,YHR048W,0,-6.528222,0.1252431869506836,0.9753788113594055,0.6812499761581421
YKL192C,YKL182W,0,-6.5289063,0.12521274387836456,0.9753788113594055,0.6814393997192383
YDL161W,YOR216C,0,-6.528943,0.12518230080604553,0.9753788113594055,0.6816287636756897
YLR318W,YHR048W,0,-6.5294776,0.1251518875360489,0.9753788113594055,0.6818181872367859
YDL134C,YDR487C,0,-6.5301976,0.12512147426605225,0.9753788113594055,0.6820075511932373
YDR473C,YDR529C,0,-6.530519,0.125091090798378,0.9753788113594055,0.6821969747543335
YGR108W,YOR162C,0,-6.531444,0.12506070733070374,0.9753788113594055,0.6823863387107849
YDR363W,YGR006W,0,-6.5343623,0.12503035366535187,0.9753788113594055,0.6825757622718811
YBR294W,YOL102C,0,-6.5350146,0.125,0.9753788113594055,0.6827651262283325
YKL190W,YGL014W,0,-6.5359187,0.12496966868638992,0.9753788113594055,0.6829545497894287
YIL114C,YDR353W,0,-6.5370536,0.12493935227394104,0.9753788113594055,0.6831439137458801
YLR131C,YFR046C,0,-6.537574,0.12490904331207275,0.9753788113594055,0.6833333373069763
YIL051C,YAL033W,0,-6.539081,0.12487875670194626,0.9753788113594055,0.6835227012634277
YOR335C,YER111C,0,-6.5397015,0.12484848499298096,0.9753788113594055,0.6837121248245239
YJL045W,YML045W,0,-6.541575,0.12481822818517685,0.9753788113594055,0.6839014887809753
YER155C,YJL061W,0,-6.5431123,0.12478797882795334,0.9753788113594055,0.6840909123420715
YGR145W,YER180C-A,0,-6.5450425,0.12475775182247162,0.9753788113594055,0.684280276298523
YKL054C,YPL046C,1,-6.545589,0.1249697282910347,0.9772727489471436,0.684280276298523
YGL021W,YOL060C,0,-6.5464287,0.12493946403265,0.9772727489471436,0.6844696998596191
YBR290W,YKL054C,1,-6.5477524,0.12515129148960114,0.9791666865348816,0.6844696998596191
YAL035W,YPR074C,0,-6.54865,0.12512101233005524,0.9791666865348816,0.6846590638160706
YGR264C,YER041W,0,-6.5489597,0.12509073317050934,0.9791666865348816,0.6848484873771667
YPR034W,YBR202W,0,-6.551286,0.12506046891212463,0.9791666865348816,0.6850378513336182
YNL138W,YMR053C,0,-6.5545416,0.12503023445606232,0.9791666865348816,0.6852272748947144
YNR011C,YOR308C,0,-6.5549345,0.125,0.9791666865348816,0.6854166388511658
YDR254W,YNR008W,0,-6.5551395,0.12496978789567947,0.9791666865348816,0.685606062412262
YPR068C,YHR118C,0,-6.5553126,0.12493958324193954,0.9791666865348816,0.6857954263687134
YGL019W,YMR204C,0,-6.5568137,0.1249094009399414,0.9791666865348816,0.6859848499298096
YOL005C,YLR022C,0,-6.55863,0.12487922608852386,0.9791666865348816,0.686174213886261
YHR030C,YOR297C,0,-6.559102,0.12484907358884811,0.9791666865348816,0.6863636374473572
YEL019C,YOR001W,0,-6.5592995,0.12481892853975296,0.9791666865348816,0.6865530014038086
YDR123C,YBR088C,0,-6.56023,0.124788798391819,0.9791666865348816,0.6867424249649048
YAL041W,YGL063W,0,-6.5605946,0.12475869059562683,0.9791666865348816,0.6869317889213562
YMR173W,YNL251C,0,-6.5607986,0.12472859025001526,0.9791666865348816,0.6871212124824524
YGL200C,YOR361C,0,-6.561701,0.12469850480556488,0.9791666865348816,0.6873105764389038
YNL250W,YOR270C,0,-6.562259,0.1246684342622757,0.9791666865348816,0.6875
YDR377W,YPR187W,0,-6.5639415,0.1246383786201477,0.9791666865348816,0.6876894235610962
YDR160W,YOR297C,0,-6.56405,0.12460833787918091,0.9791666865348816,0.6878787875175476
YFL056C,YMR173W,0,-6.565457,0.1245783120393753,0.9791666865348816,0.6880682110786438
YMR015C,YBL079W,0,-6.567049,0.1245483011007309,0.9791666865348816,0.6882575750350952
YIL004C,YFR048W,0,-6.568648,0.12451830506324768,0.9791666865348816,0.6884469985961914
YBR020W,YMR204C,0,-6.568774,0.12448832392692566,0.9791666865348816,0.6886363625526428
YIL026C,YHL025W,0,-6.5692487,0.12445835024118423,0.9791666865348816,0.688825786113739
YHR120W,YDL064W,0,-6.57026,0.1244283989071846,0.9791666865348816,0.6890151500701904
YER149C,YOR119C,0,-6.571132,0.12439846247434616,0.9791666865348816,0.6892045736312866
YKR028W,YLR234W,0,-6.571215,0.12436853349208832,0.9791666865348816,0.689393937587738
YHR011W,YBL020W,0,-6.5719037,0.12433862686157227,0.9791666865348816,0.6895833611488342
YDL213C,YAL051W,0,-6.5726857,0.12430872768163681,0.9791666865348816,0.6897727251052856
YIL033C,YGL012W,0,-6.572999,0.12427884340286255,0.9791666865348816,0.6899621486663818
YPL161C,YDL212W,0,-6.574417,0.12424898147583008,0.9791666865348816,0.6901515126228333
YPL270W,YFR033C,0,-6.575303,0.1242191269993782,0.9791666865348816,0.6903409361839294
YLR399C,YGL012W,0,-6.5754085,0.12418928742408752,0.9791666865348816,0.6905303001403809
YIL042C,YFR033C,0,-6.576243,0.12415946274995804,0.9791666865348816,0.690719723701477
YEL019C,YBL024W,0,-6.576899,0.12412965297698975,0.9791666865348816,0.6909090876579285
YLR155C,YJR002W,0,-6.577783,0.12409985810518265,0.9791666865348816,0.6910985112190247
YIR019C,YPL032C,0,-6.5781856,0.12407007068395615,0.9791666865348816,0.6912878751754761
YDL030W,YDR369C,0,-6.578301,0.12404030561447144,0.9791666865348816,0.6914772987365723
YDR077W,YOR313C,0,-6.579477,0.12401055544614792,0.9791666865348816,0.6916666626930237
YOL060C,YIL018W,0,-6.5816317,0.123980812728405,0.9791666865348816,0.6918560862541199
YLR056W,YBR133C,0,-6.5836535,0.12395109236240387,0.9791666865348816,0.6920454502105713
YKL190W,YGR279C,0,-6.5843635,0.12392137944698334,0.9791666865348816,0.6922348737716675
YIR019C,YML105C,0,-6.5849795,0.123891681432724,0.9791666865348816,0.6924242377281189
YER174C,YML128C,0,-6.5866027,0.12386200577020645,0.9791666865348816,0.6926136612892151
YKL182W,YDR450W,0,-6.587248,0.1238323375582695,0.9791666865348816,0.6928030252456665
YLR043C,YLR410W,0,-6.587674,0.12380268424749374,0.9791666865348816,0.6929924488067627
YDR385W,YOR127W,0,-6.588635,0.12377304583787918,0.9791666865348816,0.6931818127632141
YNR008W,YDR369C,0,-6.589681,0.12374341487884521,0.9791666865348816,0.6933712363243103
YML091C,YNR034W,0,-6.5914216,0.12371380627155304,0.9791666865348816,0.6935606002807617
YAL035W,YJL093C,0,-6.595332,0.12368421256542206,0.9791666865348816,0.6937500238418579
YLR318W,YDL194W,0,-6.5955167,0.12365462630987167,0.9791666865348816,0.6939393877983093
YNL182C,YBR296C,0,-6.596267,0.12362506240606308,0.9791666865348816,0.6941288113594055
YHR114W,YOR056C,0,-6.5964785,0.12359550595283508,0.9791666865348816,0.6943181753158569
YLR052W,YLR022C,0,-6.5965447,0.12356596440076828,0.9791666865348816,0.6945075988769531
YLR181C,YGR122W,0,-6.5986166,0.12353643774986267,0.9791666865348816,0.6946969628334045
YOR085W,YJR063W,0,-6.599404,0.12350692600011826,0.9791666865348816,0.6948863863945007
YPL170W,YCL001W,0,-6.6003118,0.12347742915153503,0.9791666865348816,0.6950757503509521
YOR308C,YGR122W,0,-6.6010356,0.123447947204113,0.9791666865348816,0.6952651739120483
YOR074C,YHL006C,0,-6.6013637,0.12341848015785217,0.9791666865348816,0.6954545378684998
YGR007W,YGR179C,0,-6.6014194,0.12338902056217194,0.9791666865348816,0.695643961429596
YJL134W,YGL163C,0,-6.601712,0.12335958331823349,0.9791666865348816,0.6958333253860474
YBR294W,YML040W,0,-6.602959,0.12333015352487564,0.9791666865348816,0.6960227489471436
YNL042W,YGL039W,0,-6.604235,0.12330073863267899,0.9791666865348816,0.696212112903595
YLR052W,YGL111W,0,-6.6047983,0.12327133864164352,0.9791666865348816,0.6964015364646912
YIL016W,YER041W,0,-6.6051736,0.12324195355176926,0.9791666865348816,0.6965909004211426
YDL102W,YAL030W,0,-6.6057,0.12321258336305618,0.9791666865348816,0.6967803239822388
YPR135W,YLR256W,0,-6.60582,0.1231832280755043,0.9791666865348816,0.6969696879386902
YCR082W,YMR287C,0,-6.606422,0.12315388023853302,0.9791666865348816,0.6971591114997864
YDR141C,YBL018C,0,-6.6090555,0.12312455475330353,0.9791666865348816,0.6973484754562378
YFR008W,YOR295W,0,-6.609077,0.12309523671865463,0.9791666865348816,0.697537899017334
YIL018W,YDR464W,0,-6.6094356,0.12306593358516693,0.9791666865348816,0.6977272629737854
YDR518W,YER107C,0,-6.6104674,0.12303665280342102,0.9791666865348816,0.6979166865348816
YDL137W,YOR127W,0,-6.6122646,0.12300737202167511,0.9791666865348816,0.698106050491333
YOR011W,YHR011W,0,-6.6134667,0.12297811359167099,0.9791666865348816,0.6982954740524292
YMR198W,YHR005C-A,0,-6.613647,0.12294887006282806,0.9791666865348816,0.6984848380088806
YNL278W,YIR017C,0,-6.6137075,0.12291964143514633,0.9791666865348816,0.6986742615699768
YBL079W,YOL010W,0,-6.615025,0.1228904202580452,0.9791666865348816,0.6988636255264282
YDL161W,YOL010W,0,-6.6156816,0.12286121398210526,0.9791666865348816,0.6990530490875244
YKR009C,YKL099C,0,-6.616211,0.1228320300579071,0.9791666865348816,0.6992424130439758
YNL251C,YML095C,0,-6.6163325,0.12280285358428955,0.9791666865348816,0.699431836605072
YMR316W,YKL038W,0,-6.618338,0.1227736845612526,0.9791666865348816,0.6996212005615234
YBR095C,YGR279C,0,-6.6188464,0.12274453788995743,0.9791666865348816,0.6998106241226196
YBL025W,YDR489W,0,-6.61906,0.12271540611982346,0.9791666865348816,0.699999988079071
YLR155C,YGL207W,0,-6.621767,0.12268628180027008,0.9791666865348816,0.7001894116401672
YFL039C,YCR073C,0,-6.6219726,0.1226571798324585,0.9791666865348816,0.7003787755966187
YLR131C,YDR158W,0,-6.6226945,0.12262808531522751,0.9791666865348816,0.7005681991577148
YKL182W,YGR264C,0,-6.623862,0.12259900569915771,0.9791666865348816,0.7007575631141663
YER119C,YEL061C,0,-6.6244826,0.12256994098424911,0.9791666865348816,0.7009469866752625
YPL270W,YOR373W,0,-6.624981,0.12254088371992111,0.9791666865348816,0.7011363506317139
YEL019C,YHR050W,0,-6.625056,0.1225118488073349,0.9791666865348816,0.7013257741928101
YPR124W,YKL019W,0,-6.626638,0.12248282134532928,0.9791666865348816,0.7015151381492615
YDR489W,YBR293W,0,-6.626676,0.12245381623506546,0.9791666865348816,0.7017045617103577
YIL004C,YEL032W,0,-6.627136,0.12242481857538223,0.9791666865348816,0.7018939256668091
YDR254W,YGR280C,0,-6.6275334,0.1223958358168602,0.9791666865348816,0.7020833492279053
YDR022C,YBL063W,0,-6.628284,0.12236686050891876,0.9791666865348816,0.7022727131843567
YBR274W,YDR418W,0,-6.628776,0.12233790755271912,0.9791666865348816,0.7024621367454529
YPL231W,YGL255W,0,-6.629468,0.12230896949768066,0.9791666865348816,0.7026515007019043
YDL028C,YBL075C,0,-6.630108,0.12228003889322281,0.9791666865348816,0.7028409242630005
YDR093W,YOR216C,0,-6.632832,0.12225112318992615,0.9791666865348816,0.7030302882194519
YIL095W,YFR033C,0,-6.633496,0.12222222238779068,0.9791666865348816,0.7032197117805481
YMR199W,YPL157W,0,-6.6365657,0.1221933364868164,0.9791666865348816,0.7034090757369995
YIL132C,YOR109W,0,-6.6370783,0.12216445803642273,0.9791666865348816,0.7035984992980957
YKL054C,YOR256C,1,-6.638455,0.12237183749675751,0.9810606241226196,0.7035984992980957
YJL024C,YBL069W,0,-6.6386223,0.12234293669462204,0.9810606241226196,0.7037878632545471
YCR098C,YCR066W,0,-6.638825,0.12231405079364777,0.9810606241226196,0.7039772868156433
YOR085W,YBR030W,0,-6.638885,0.12228517234325409,0.9810606241226196,0.7041666507720947
YGR055W,YLR386W,0,-6.641421,0.1222563162446022,0.9810606241226196,0.7043560743331909
YKL182W,YBR040W,0,-6.64164,0.12222746759653091,0.9810606241226196,0.7045454382896423
YNL113W,YPL237W,0,-6.6435723,0.12219863384962082,0.9810606241226196,0.7047348618507385
YNL103W,YPR190C,0,-6.6441894,0.12216981500387192,0.9810606241226196,0.7049242258071899
YBR294W,YDR247W,0,-6.6443853,0.12214100360870361,0.9810606241226196,0.7051136493682861
YBR212W,YBL005W-A,0,-6.6456876,0.1221122145652771,0.9810606241226196,0.7053030133247375
YEL065W,YKL020C,0,-6.648812,0.12208343297243118,0.9810606241226196,0.7054924368858337
YMR235C,YDR082W,0,-6.6508718,0.12205466628074646,0.9810606241226196,0.7056818008422852
YPL137C,YJL191W,0,-6.651315,0.12202591449022293,0.9810606241226196,0.7058712244033813
YIL035C,YPR074C,0,-6.6524787,0.12199717015028,0.9810606241226196,0.7060605883598328
YOR025W,YJL210W,0,-6.654359,0.12196844816207886,0.9810606241226196,0.706250011920929
YJL081C,YPR171W,0,-6.6551824,0.12193973362445831,0.9810606241226196,0.7064393758773804
YLR265C,YKR072C,0,-6.6553397,0.12191104143857956,0.9810606241226196,0.7066287994384766
YLL022C,YDR259C,0,-6.656132,0.1218823492527008,0.9810606241226196,0.706818163394928
YNL251C,YPL144W,0,-6.6565228,0.12185367941856384,0.9810606241226196,0.7070075869560242
YCR075C,YJL156C,0,-6.657395,0.12182502448558807,0.9810606241226196,0.7071969509124756
YGL249W,YNR039C,0,-6.657478,0.1217963770031929,0.9810606241226196,0.7073863744735718
YER149C,YGR082W,0,-6.657954,0.12176774442195892,0.9810606241226196,0.7075757384300232
YIL004C,YDL213C,0,-6.6594415,0.12173912674188614,0.9810606241226196,0.7077651619911194
YPL155C,YOR294W,0,-6.6623535,0.12171052396297455,0.9810606241226196,0.7079545259475708
YBR193C,YJL190C,0,-6.6631885,0.12168193608522415,0.9810606241226196,0.708143949508667
YOR001W,YGR002C,0,-6.6639647,0.12165335565805435,0.9810606241226196,0.7083333134651184
YPL193W,YDR077W,0,-6.6646194,0.12162479758262634,0.9810606241226196,0.7085227370262146
YGR216C,YKL152C,0,-6.6682334,0.12159624695777893,0.9810606241226196,0.708712100982666
YBL020W,YHL006C,0,-6.668736,0.12156770378351212,0.9810606241226196,0.7089015245437622
YOL095C,YBL023C,0,-6.669308,0.12153918296098709,0.9810606241226196,0.7090908885002136
YDR052C,YPR005C,0,-6.672289,0.12151066958904266,0.9810606241226196,0.7092803120613098
YJR050W,YOL094C,0,-6.674794,0.12148217856884003,0.9810606241226196,0.7094696760177612
YJL024C,YHR152W,0,-6.6750193,0.12145369499921799,0.9810606241226196,0.7096590995788574
YDL076C,YOR295W,0,-6.677057,0.12142522633075714,0.9810606241226196,0.7098484635353088
YMR112C,YNL294C,0,-6.677254,0.12139676511287689,0.9810606241226196,0.710037887096405
YNL031C,YGL111W,0,-6.679699,0.12136831879615784,0.9810606241226196,0.7102272510528564
YNL031C,YOR003W,0,-6.679978,0.12133989483118057,0.9810606241226196,0.7104166746139526
YHR091C,YLR254C,0,-6.6802516,0.1213114783167839,0.9810606241226196,0.710606038570404
YPR006C,YOR298C-A,0,-6.6820836,0.12128306925296783,0.9810606241226196,0.7107954621315002
YOL071W,YHR005C-A,0,-6.682257,0.12125468254089355,0.9810606241226196,0.7109848260879517
YJL063C,YHR118C,0,-6.6824355,0.12122630327939987,0.9810606241226196,0.7111742496490479
YGR179C,YOR119C,0,-6.683124,0.12119793891906738,0.9810606241226196,0.7113636136054993
YDL081C,YKR020W,0,-6.6835513,0.12116958945989609,0.9810606241226196,0.7115530371665955
YBR036C,YIL016W,0,-6.6878605,0.12114125490188599,0.9810606241226196,0.7117424011230469
YOR335C,YDL208W,0,-6.6886907,0.12111292779445648,0.9810606241226196,0.7119318246841431
YDR420W,YPL031C,0,-6.688868,0.12108461558818817,0.9810606241226196,0.7121211886405945
YOL071W,YHL011C,0,-6.689815,0.12105631828308105,0.9810606241226196,0.7123106122016907
YBR212W,YIL042C,0,-6.692901,0.12102803587913513,0.9810606241226196,0.7124999761581421
YOL165C,YHR107C,0,-6.6962957,0.1209997683763504,0.9810606241226196,0.7126893997192383
YOR119C,YLR369W,0,-6.696845,0.12097150832414627,0.9810606241226196,0.7128787636756897
YDL030W,YDR418W,0,-6.697306,0.12094326317310333,0.9810606241226196,0.7130681872367859
YIL035C,YER095W,0,-6.698876,0.12091503292322159,0.9810606241226196,0.7132575511932373
YMR065W,YOR085W,0,-6.7008896,0.12088681757450104,0.9810606241226196,0.7134469747543335
YDR312W,YKR089C,0,-6.7016616,0.12085860967636108,0.9810606241226196,0.7136363387107849
YLR212C,YMR046C,0,-6.704927,0.12083041667938232,0.9810606241226196,0.7138257622718811
YOL165C,YBR202W,0,-6.705751,0.12080223858356476,0.9810606241226196,0.7140151262283325
YOR266W,YEL057C,0,-6.707213,0.12077407538890839,0.9810606241226196,0.7142045497894287
YJR155W,YBR165W,0,-6.7085934,0.12074591964483261,0.9810606241226196,0.7143939137458801
YEL061C,YLR386W,0,-6.709658,0.12071777880191803,0.9810606241226196,0.7145833373069763
YJL063C,YDR346C,0,-6.709728,0.12068965286016464,0.9810606241226196,0.7147727012634277
YEL009C,YMR087W,0,-6.7100363,0.12066154181957245,0.9810606241226196,0.7149621248245239
YBR245C,YGL169W,0,-6.712955,0.12063344568014145,0.9810606241226196,0.7151514887809753
YIL033C,YDR302W,0,-6.713365,0.12060535699129105,0.9810606241226196,0.7153409123420715
YDR461W,YML091C,0,-6.713549,0.12057728320360184,0.9810606241226196,0.715530276298523
YBR085W,YHR086W,0,-6.7141676,0.12054921686649323,0.9810606241226196,0.7157196998596191
YML010W,YGL249W,0,-6.7145805,0.1205211728811264,0.9810606241226196,0.7159090638160706
YNR056C,YML128C,0,-6.7153535,0.12049313634634018,0.9810606241226196,0.7160984873771667
YEL061C,YBR097W,0,-6.720353,0.12046511471271515,0.9810606241226196,0.7162878513336182
YDR437W,YLR442C,0,-6.7227683,0.12043710798025131,0.9810606241226196,0.7164772748947144
YKL135C,YDR259C,0,-6.722972,0.12040910869836807,0.9810606241226196,0.7166666388511658
YCR088W,YMR188C,0,-6.724247,0.12038113176822662,0.9810606241226196,0.716856062412262
YGR246C,YAR042W,0,-6.7264743,0.12035316228866577,0.9810606241226196,0.7170454263687134
YMR042W,YBR095C,0,-6.7264752,0.12032520025968552,0.9810606241226196,0.7172348499298096
YHR011W,YGL207W,0,-6.7265735,0.12029726058244705,0.9810606241226196,0.717424213886261
YBL103C,YGL255W,0,-6.7289386,0.12026932835578918,0.9810606241226196,0.7176136374473572
YDL030W,YCR027C,0,-6.730082,0.12024141103029251,0.9810606241226196,0.7178030014038086
YEL029C,YAL013W,0,-6.7302346,0.12021350860595703,0.9810606241226196,0.7179924249649048
YLR134W,YCR027C,0,-6.7318473,0.12018561363220215,0.9810606241226196,0.7181817889213562
YOR133W,YLR301W,0,-6.7340217,0.12015773355960846,0.9810606241226196,0.7183712124824524
YLR238W,YKL032C,0,-6.7342434,0.12012986838817596,0.9810606241226196,0.7185605764389038
YKL020C,YGR122W,0,-6.7342587,0.12010201811790466,0.9810606241226196,0.71875
YBR205W,YGR091W,0,-6.734662,0.12007417529821396,0.9810606241226196,0.7189394235610962
YCR024C-A,YEL002C,0,-6.736421,0.12004634737968445,0.9810606241226196,0.7191287875175476
YOR335C,YGR244C,0,-6.7370667,0.12001853436231613,0.9810606241226196,0.7193182110786438
YDR022C,YOR224C,0,-6.738966,0.11999073624610901,0.9810606241226196,0.7195075750350952
YBL006C,YGL249W,0,-6.740809,0.11996294558048248,0.9810606241226196,0.7196969985961914
YHR011W,YNL145W,0,-6.7418356,0.11993516981601715,0.9810606241226196,0.7198863625526428
YCR034W,YJL117W,0,-6.7441235,0.11990740895271301,0.9810606241226196,0.720075786113739
YJR025C,YBR091C,0,-6.7466373,0.11987965553998947,0.9810606241226196,0.7202651500701904
YLR228C,YLL043W,0,-6.7477193,0.11985191702842712,0.9810606241226196,0.7204545736312866
YIL040W,YBR091C,0,-6.7480516,0.11982419341802597,0.9810606241226196,0.720643937587738
YJL100W,YDR382W,0,-6.7485538,0.11979648470878601,0.9810606241226196,0.7208333611488342
YER174C,YKR072C,0,-6.750236,0.11976878345012665,0.9810606241226196,0.7210227251052856
YGL054C,YDR324C,0,-6.7513413,0.11974109709262848,0.9810606241226196,0.7212121486663818
YML004C,YIR019C,0,-6.7513676,0.1197134256362915,0.9810606241226196,0.7214015126228333
YDL039C,YKR056W,0,-6.7534585,0.11968576908111572,0.9810606241226196,0.7215909361839294
YDR296W,YGR143W,0,-6.75357,0.11965811997652054,0.9810606241226196,0.7217803001403809
YPL075W,YDR369C,0,-6.754022,0.11963048577308655,0.9810606241226196,0.721969723701477
YKL001C,YBR212W,0,-6.754096,0.11960286647081375,0.9810606241226196,0.7221590876579285
YJL042W,YGR013W,0,-6.7545843,0.11957525461912155,0.9810606241226196,0.7223485112190247
YOR373W,YJL117W,0,-6.7550445,0.11954765766859055,0.9810606241226196,0.7225378751754761
YAL021C,YKL186C,0,-6.7556744,0.11952007561922073,0.9810606241226196,0.7227272987365723
YGL054C,YGL070C,0,-6.757302,0.11949250102043152,0.9810606241226196,0.7229166626930237
YLR131C,YBR036C,0,-6.757998,0.1194649413228035,0.9810606241226196,0.7231060862541199
YKR048C,YPL237W,0,-6.7585506,0.11943739652633667,0.9810606241226196,0.7232954502105713
YAL033W,YNL079C,0,-6.7611403,0.11940986663103104,0.9810606241226196,0.7234848737716675
YDR437W,YLR181C,0,-6.762817,0.119382344186306,0.9810606241226196,0.7236742377281189
YDR302W,YPR190C,0,-6.7630086,0.11935483664274216,0.9810606241226196,0.7238636612892151
YDL093W,YML040W,0,-6.763272,0.11932734400033951,0.9810606241226196,0.7240530252456665
YDL102W,YMR285C,0,-6.7637563,0.11929985880851746,0.9810606241226196,0.7242424488067627
YMR198W,YMR211W,0,-6.7638497,0.1192723959684372,0.9810606241226196,0.7244318127632141
YIR006C,YMR218C,0,-6.7647343,0.11924493312835693,0.9810606241226196,0.7246212363243103
YDL148C,YER116C,0,-6.7651353,0.11921749264001846,0.9810606241226196,0.7248106002807617
YGL019W,YKL074C,0,-6.7656655,0.11919005960226059,0.9810606241226196,0.7250000238418579
YLR186W,YGR267C,0,-6.772177,0.11916264146566391,0.9810606241226196,0.7251893877983093
YLR052W,YPR133C,0,-6.7725663,0.11913523823022842,0.9810606241226196,0.7253788113594055
YDR434W,YLL024C,0,-6.7730565,0.11910784244537354,0.9810606241226196,0.7255681753158569
YGL063W,YCL069W,0,-6.773235,0.11908046156167984,0.9810606241226196,0.7257575988769531
YCL001W,YNL294C,0,-6.7733097,0.11905308812856674,0.9810606241226196,0.7259469628334045
YOR335C,YMR167W,0,-6.778001,0.11902573704719543,0.9810606241226196,0.7261363863945007
YBR082C,YIL017C,1,-6.7780194,0.11922811716794968,0.9829545617103577,0.7261363863945007
YCR034W,YLR069C,0,-6.7783284,0.11920073628425598,0.9829545617103577,0.7263257503509521
YOR198C,YJL210W,0,-6.7790074,0.11917336285114288,0.9829545617103577,0.7265151739120483
YGR188C,YNL041C,0,-6.779192,0.11914600431919098,0.9829545617103577,0.7267045378684998
YGL012W,YPR140W,0,-6.779796,0.11911866068840027,0.9829545617103577,0.726893961429596
YGL166W,YJL063C,0,-6.781375,0.11909132450819016,0.9829545617103577,0.7270833253860474
YOL139C,YNL279W,0,-6.7829113,0.11906400322914124,0.9829545617103577,0.7272727489471436
YOL095C,YLL002W,0,-6.783384,0.11903669685125351,0.9829545617103577,0.727462112903595
YLR347C,YDL244W,0,-6.7841563,0.11900939792394638,0.9829545617103577,0.7276515364646912
YDR488C,YPL123C,0,-6.7857137,0.11898212134838104,0.9829545617103577,0.7278409004211426
YBL084C,YHR043C,1,-6.7858005,0.11918404698371887,0.9848484992980957,0.7278409004211426
YDL028C,YOR373W,0,-6.7858562,0.11915674060583115,0.9848484992980957,0.7280303239822388
YNL225C,YHR050W,0,-6.786338,0.11912944167852402,0.9848484992980957,0.7282196879386902
YBL025W,YEL065W,0,-6.7868705,0.11910215020179749,0.9848484992980957,0.7284091114997864
YOR025W,YHR091C,0,-6.7880664,0.11907488107681274,0.9848484992980957,0.7285984754562378
YBR257W,YGL255W,0,-6.7881126,0.1190476194024086,0.9848484992980957,0.728787899017334
YER045C,YGR244C,0,-6.7887444,0.11902037262916565,0.9848484992980957,0.7289772629737854
YOR224C,YJR127C,0,-6.7928247,0.1189931333065033,0.9848484992980957,0.7291666865348816
YOL021C,YKL001C,0,-6.7937407,0.11896590888500214,0.9848484992980957,0.729356050491333
YBR296C,YMR190C,0,-6.796239,0.11893869936466217,0.9848484992980957,0.7295454740524292
YJL058C,YJL062W,0,-6.796471,0.1189115047454834,0.9848484992980957,0.7297348380088806
YBR296C,YKL020C,0,-6.797314,0.11888431757688522,0.9848484992980957,0.7299242615699768
YGL136C,YBR088C,0,-6.797705,0.11885714530944824,0.9848484992980957,0.7301136255264282
YJL115W,YLL041C,0,-6.798152,0.11882998049259186,0.9848484992980957,0.7303030490875244
YLR228C,YNL006W,0,-6.7986264,0.11880283057689667,0.9848484992980957,0.7304924130439758
YJR078W,YJR002W,0,-6.798686,0.11877569556236267,0.9848484992980957,0.730681836605072
YDR158W,YDR167W,0,-6.799091,0.11874857544898987,0.9848484992980957,0.7308712005615234
YAL041W,YGL255W,0,-6.8002357,0.11872146278619766,0.9848484992980957,0.7310606241226196
YEL034W,YMR182C,0,-6.80056,0.11869436502456665,0.9848484992980957,0.731249988079071
YIL026C,YNL046W,0,-6.8015456,0.11866727471351624,0.9848484992980957,0.7314394116401672
YKR048C,YKR028W,0,-6.8017435,0.11864019930362701,0.9848484992980957,0.7316287755966187
YPL086C,YOR185C,0,-6.8031754,0.11861313879489899,0.9848484992980957,0.7318181991577148
YIL051C,YNL250W,0,-6.8033514,0.11858608573675156,0.9848484992980957,0.7320075631141663
YHR157W,YFR051C,0,-6.8046546,0.11855905503034592,0.9848484992980957,0.7321969866752625
YOR001W,YKR062W,0,-6.804703,0.11853202432394028,0.9848484992980957,0.7323863506317139
YJL115W,YNL041C,0,-6.8059044,0.11850501596927643,0.9848484992980957,0.7325757741928101
YDR216W,YLR016C,0,-6.8059793,0.11847801506519318,0.9848484992980957,0.7327651381492615
YGL166W,YDR172W,0,-6.8063583,0.11845102161169052,0.9848484992980957,0.7329545617103577
YKL186C,YNR011C,0,-6.808413,0.11842405050992966,0.9848484992980957,0.7331439256668091
YIL026C,YBL014C,0,-6.8101497,0.11839708685874939,0.9848484992980957,0.7333333492279053
YOR119C,YGR281W,0,-6.811274,0.11837013065814972,0.9848484992980957,0.7335227131843567
YBR136W,YGR213C,0,-6.812266,0.11834319680929184,0.9848484992980957,0.7337121367454529
YGL166W,YEL019C,0,-6.8125286,0.11831627041101456,0.9848484992980957,0.7339015007019043
YKL186C,YBL014C,0,-6.815191,0.11828935146331787,0.9848484992980957,0.7340909242630005
YEL019C,YMR285C,0,-6.820101,0.11826245486736298,0.9848484992980957,0.7342802882194519
YPL076W,YOR284W,0,-6.82043,0.11823555827140808,0.9848484992980957,0.7344697117805481
YGL063W,YML034W,0,-6.826967,0.11820868402719498,0.9848484992980957,0.7346590757369995
YOR023C,YPL283C,0,-6.8286386,0.11818181723356247,0.9848484992980957,0.7348484992980957
YDL111C,YGR081C,0,-6.828674,0.11815496534109116,0.9848484992980957,0.7350378632545471
YCR014C,YOL005C,0,-6.8310914,0.11812812089920044,0.9848484992980957,0.7352272868156433
YCL031C,YKL035W,0,-6.8313313,0.11810129135847092,0.9848484992980957,0.7354166507720947
YLR155C,YGR055W,0,-6.8322644,0.11807447671890259,0.9848484992980957,0.7356060743331909
YOR326W,YPR007C,0,-6.833394,0.11804766952991486,0.9848484992980957,0.7357954382896423
YDR446W,YLR368W,0,-6.834332,0.11802087724208832,0.9848484992980957,0.7359848618507385
YBR040W,YPL020C,0,-6.834633,0.11799409985542297,0.9848484992980957,0.7361742258071899
YBR085W,YNR048W,0,-6.8348136,0.11796732991933823,0.9848484992980957,0.7363636493682861
YPR140W,YPR078C,0,-6.8352265,0.11794057488441467,0.9848484992980957,0.7365530133247375
YOR232W,YPL167C,0,-6.8358665,0.11791383475065231,0.9848484992980957,0.7367424368858337
YLR318W,YHR086W,0,-6.836996,0.11788710206747055,0.9848484992980957,0.7369318008422852
YNL142W,YJR029W,0,-6.838182,0.11786038428544998,0.9848484992980957,0.7371212244033813
YBL069W,YKR089C,0,-6.838347,0.11783367395401001,0.9848484992980957,0.7373105883598328
YMR204C,YNL006W,0,-6.838657,0.11780697852373123,0.9848484992980957,0.737500011920929
YJL042W,YMR087W,0,-6.8388615,0.11778029799461365,0.9848484992980957,0.7376893758773804
YBR020W,YOR274W,0,-6.8393483,0.11775362491607666,0.9848484992980957,0.7378787994384766
YPL221W,YKL110C,0,-6.83978,0.11772696673870087,0.9848484992980957,0.738068163394928
YOR133W,YGR006W,0,-6.8397994,0.11770031601190567,0.9848484992980957,0.7382575869560242
YEL019C,YGR147C,0,-6.841342,0.11767368018627167,0.9848484992980957,0.7384469509124756
YAL040C,YDL212W,0,-6.841478,0.11764705926179886,0.9848484992980957,0.7386363744735718
YAL053W,YNL113W,0,-6.8416533,0.11762044578790665,0.9848484992980957,0.7388257384300232
YOL044W,YOR003W,0,-6.8427024,0.11759384721517563,0.9848484992980957,0.7390151619911194
YER149C,YMR243C,0,-6.8431854,0.1175672635436058,0.9848484992980957,0.7392045259475708
YGR006W,YOR216C,0,-6.8433375,0.11754068732261658,0.9848484992980957,0.739393949508667
YNR019W,YNL271C,0,-6.8450904,0.11751412600278854,0.9848484992980957,0.7395833134651184
YGL012W,YOR069W,0,-6.845449,0.11748757213354111,0.9848484992980957,0.7397727370262146
YMR211W,YHR074W,0,-6.845714,0.11746103316545486,0.9848484992980957,0.739962100982666
YBL008W,YKL176C,0,-6.8465414,0.11743450909852982,0.9848484992980957,0.7401515245437622
YNR056C,YJL036W,0,-6.851873,0.11740799248218536,0.9848484992980957,0.7403408885002136
YOL010W,YGR270W,0,-6.852172,0.1173814907670021,0.9848484992980957,0.7405303120613098
YKL001C,YDR418W,0,-6.8525605,0.11735499650239944,0.9848484992980957,0.7407196760177612
YIL097W,YOR001W,0,-6.853234,0.11732851713895798,0.9848484992980957,0.7409090995788574
YDR258C,YNL206C,0,-6.8534474,0.1173020526766777,0.9848484992980957,0.7410984635353088
YCR088W,YKR036C,0,-6.8544483,0.11727559566497803,0.9848484992980957,0.741287887096405
YDR022C,YPL123C,0,-6.856216,0.11724915355443954,0.9848484992980957,0.7414772510528564
YPL097W,YKR046C,0,-6.857345,0.11722272634506226,0.9848484992980957,0.7416666746139526
YOL095C,YPR187W,0,-6.860677,0.11719630658626556,0.9848484992980957,0.741856038570404
YMR199W,YOL135C,0,-6.8626714,0.11716989427804947,0.9848484992980957,0.7420454621315002
YBR121C,YJL042W,0,-6.8638616,0.11714350432157516,0.9848484992980957,0.7422348260879517
YDL148C,YOL044W,0,-6.8640704,0.11711711436510086,0.9848484992980957,0.7424242496490479
YGR159C,YHR152W,0,-6.865667,0.11709074676036835,0.9848484992980957,0.7426136136054993
YDR420W,YOR127W,0,-6.866047,0.11706438660621643,0.9848484992980957,0.7428030371665955
YJR155W,YKL038W,0,-6.8661275,0.11703803390264511,0.9848484992980957,0.7429924011230469
YDL149W,YOR354C,0,-6.867497,0.11701170355081558,0.9848484992980957,0.7431818246841431
YER051W,YBR205W,0,-6.868995,0.11698537319898605,0.9848484992980957,0.7433711886405945
YOR147W,YAL033W,0,-6.8708262,0.11695906519889832,0.9848484992980957,0.7435606122016907
YNL172W,YJL047C,1,-6.87164,0.11715763807296753,0.9867424368858337,0.7435606122016907
YMR035W,YOR003W,0,-6.871831,0.1171312928199768,0.9867424368858337,0.7437499761581421
YJR144W,YOL005C,0,-6.8733034,0.11710496991872787,0.9867424368858337,0.7439393997192383
YMR043W,YMR305C,0,-6.873371,0.11707865446805954,0.9867424368858337,0.7441287636756897
YLR265C,YLR014C,0,-6.8735886,0.1170523464679718,0.9867424368858337,0.7443181872367859
YGL012W,YEL065W,0,-6.8748565,0.11702605336904526,0.9867424368858337,0.7445075511932373
YJL063C,YOR119C,0,-6.8751616,0.11699977517127991,0.9867424368858337,0.7446969747543335
YPL283C,YCL033C,0,-6.875249,0.11697350442409515,0.9867424368858337,0.7448863387107849
YDR118W,YBR082C,1,-6.8771143,0.11717171967029572,0.9886363744735718,0.7448863387107849
YMR319C,YIL051C,0,-6.8773217,0.11714541912078857,0.9886363744735718,0.7450757622718811
YOR185C,YDR190C,0,-6.8787932,0.11711914092302322,0.9886363744735718,0.7452651262283325
YDR284C,YDR488C,0,-6.879132,0.11709287017583847,0.9886363744735718,0.7454545497894287
YBR296C,YDR422C,0,-6.8791585,0.11706660687923431,0.9886363744735718,0.7456439137458801
YAL013W,YGL249W,0,-6.879378,0.11704035848379135,0.9886363744735718,0.7458333373069763
YDR369C,YPL283C,0,-6.879515,0.11701412498950958,0.9886363744735718,0.7460227012634277
YGL169W,YLR234W,0,-6.880778,0.11698789894580841,0.9886363744735718,0.7462121248245239
YIL095W,YBR030W,0,-6.8815417,0.11696168780326843,0.9886363744735718,0.7464014887809753
YNL271C,YDR091C,0,-6.8839207,0.11693548411130905,0.9886363744735718,0.7465909123420715
YLR403W,YEL002C,0,-6.885004,0.11690929532051086,0.9886363744735718,0.746780276298523
YPR111W,YBR154C,0,-6.8861465,0.11688311398029327,0.9886363744735718,0.7469696998596191
YHR191C,YBL014C,0,-6.8867354,0.11685694754123688,0.9886363744735718,0.7471590638160706
YJR127C,YDR018C,0,-6.8868775,0.11683079600334167,0.9886363744735718,0.7473484873771667
YJL058C,YML091C,0,-6.8871646,0.11680465191602707,0.9886363744735718,0.7475378513336182
YNL042W,YBR030W,0,-6.8882227,0.11677852272987366,0.9886363744735718,0.7477272748947144
YOR294W,YPL087W,0,-6.8901277,0.11675240099430084,0.9886363744735718,0.7479166388511658
YLR186W,YBL018C,0,-6.8916717,0.11672629415988922,0.9886363744735718,0.748106062412262
YOL067C,YMR088C,0,-6.892857,0.1167002022266388,0.9886363744735718,0.7482954263687134
YOR198C,YNL250W,0,-6.896651,0.11667411774396896,0.9886363744735718,0.7484848499298096
YHL025W,YDR247W,0,-6.897409,0.11664804816246033,0.9886363744735718,0.748674213886261
YDL020C,YLR212C,0,-6.8991933,0.11662198603153229,0.9886363744735718,0.7488636374473572
YDL076C,YML105C,0,-6.899926,0.11659593135118484,0.9886363744735718,0.7490530014038086
YBR205W,YPL270W,0,-6.9014254,0.1165698990225792,0.9886363744735718,0.7492424249649048
YPR187W,YBL025W,0,-6.9038053,0.11654387414455414,0.9886363744735718,0.7494317889213562
YJL100W,YPL218W,0,-6.903893,0.11651785671710968,0.9886363744735718,0.7496212124824524
YDR216W,YPL283C,0,-6.9049416,0.11649185419082642,0.9886363744735718,0.7498105764389038
YBL006C,YLR301W,0,-6.906267,0.11646586656570435,0.9886363744735718,0.75
YEL056W,YDL064W,0,-6.9101624,0.11643988639116287,0.9886363744735718,0.7501894235610962
YER016W,YIL138C,0,-6.9105096,0.116413913667202,0.9886363744735718,0.7503787875175476
YOL095C,YBR060C,0,-6.911159,0.11638796329498291,0.9886363744735718,0.7505682110786438
YAR019C,YOR074C,0,-6.9115653,0.11636201292276382,0.9886363744735718,0.7507575750350952
YER051W,YGR264C,0,-6.9129314,0.11633608490228653,0.9886363744735718,0.7509469985961914
YJL003W,YDL039C,0,-6.9133577,0.11631015688180923,0.9886363744735718,0.7511363625526428
YBL005W,YIL016W,0,-6.913396,0.11628425121307373,0.9886363744735718,0.751325786113739
YHR068W,YLR438C-A,0,-6.913488,0.11625835299491882,0.9886363744735718,0.7515151500701904
YMR285C,YER149C,0,-6.9148755,0.11623246222734451,0.9886363744735718,0.7517045736312866
YMR319C,YOR351C,0,-6.9154572,0.1162065863609314,0.9886363744735718,0.751893937587738
YLR214W,YJL011C,0,-6.9164085,0.11618072539567947,0.9886363744735718,0.7520833611488342
YJL178C,YOR132W,0,-6.917853,0.11615487188100815,0.9886363744735718,0.7522727251052856
YFL056C,YPR124W,0,-6.9183617,0.11612903326749802,0.9886363744735718,0.7524621486663818
YNL113W,YPL283C,0,-6.9190965,0.11610320210456848,0.9886363744735718,0.7526515126228333
YGR152C,YGR013W,0,-6.919845,0.11607738584280014,0.9886363744735718,0.7528409361839294
YOR085W,YBR154C,0,-6.9200788,0.1160515770316124,0.9886363744735718,0.7530303001403809
YLR155C,YOR001W,0,-6.921168,0.11602578312158585,0.9886363744735718,0.753219723701477
YMR015C,YML045W,0,-6.922143,0.11599999666213989,0.9886363744735718,0.7534090876579285
YMR199W,YDR464W,0,-6.9274354,0.11597422510385513,0.9886363744735718,0.7535985112190247
YIL042C,YJR019C,0,-6.9275556,0.11594846844673157,0.9886363744735718,0.7537878751754761
YDL101C,YGR082W,0,-6.9283347,0.1159227192401886,0.9886363744735718,0.7539772987365723
YDL149W,YDL194W,0,-6.928372,0.11589697748422623,0.9886363744735718,0.7541666626930237
YIR017C,YLR176C,0,-6.928482,0.11587125062942505,0.9886363744735718,0.7543560862541199
YDR258C,YPL193W,0,-6.9289155,0.11584553867578506,0.9886363744735718,0.7545454502105713
YMR015C,YGL244W,0,-6.9295716,0.11581983417272568,0.9886363744735718,0.7547348737716675
YKL073W,YML045W,0,-6.932793,0.11579414457082748,0.9886363744735718,0.7549242377281189
YNL123W,YDR238C,0,-6.933722,0.11576846241950989,0.9886363744735718,0.7551136612892151
YCR028C-A,YGR270W,0,-6.936236,0.11574279516935349,0.9886363744735718,0.7553030252456665
YPR030W,YOL021C,0,-6.936567,0.11571713536977768,0.9886363744735718,0.7554924488067627
YMR112C,YHR154W,0,-6.936849,0.11569149047136307,0.9886363744735718,0.7556818127632141
YIL114C,YFL033C,0,-6.937218,0.11566585302352905,0.9886363744735718,0.7558712363243103
YDR434W,YOR073W,0,-6.937297,0.11564023047685623,0.9886363744735718,0.7560606002807617
YDR141C,YIL016W,0,-6.9380503,0.11561461538076401,0.9886363744735718,0.7562500238418579
YLL009C,YCR028C-A,0,-6.9386535,0.11558901518583298,0.9886363744735718,0.7564393877983093
YBR121C,YBR205W,0,-6.9389215,0.11556342989206314,0.9886363744735718,0.7566288113594055
YDR190C,YGL207W,0,-6.939903,0.1155378520488739,0.9886363744735718,0.7568181753158569
YPL127C,YLR234W,0,-6.941672,0.11551228165626526,0.9886363744735718,0.7570075988769531
YEL032W,YOL138C,0,-6.9438343,0.11548672616481781,0.9886363744735718,0.7571969628334045
YNL223W,YLL002W,0,-6.9451013,0.11546117812395096,0.9886363744735718,0.7573863863945007
YOR224C,YPR078C,0,-6.9471397,0.1154356449842453,0.9886363744735718,0.7575757503509521
YCR098C,YDR296W,0,-6.9471993,0.11541012674570084,0.9886363744735718,0.7577651739120483
YMR277W,YBR198C,0,-6.951713,0.11538461595773697,0.9886363744735718,0.7579545378684998
YAL033W,YJR126C,0,-6.9518986,0.1153591126203537,0.9886363744735718,0.758143961429596
YNR044W,YLR214W,0,-6.952578,0.11533363163471222,0.9886363744735718,0.7583333253860474
YBL063W,YKL074C,0,-6.954491,0.11530815064907074,0.9886363744735718,0.7585227489471436
YNR072W,YOL080C,0,-6.9559445,0.11528268456459045,0.9886363744735718,0.758712112903595
YJL081C,YKL006C-A,0,-6.9563723,0.11525723338127136,0.9886363744735718,0.7589015364646912
YLR353W,YMR173W,0,-6.9572167,0.11523178964853287,0.9886363744735718,0.7590909004211426
YPR128C,YER127W,0,-6.9640927,0.11520635336637497,0.9886363744735718,0.7592803239822388
YDR091C,YIL076W,0,-6.964525,0.11518093198537827,0.9886363744735718,0.7594696879386902
YBR217W,YGR091W,0,-6.964785,0.11515552550554276,0.9886363744735718,0.7596591114997864
YOR011W,YLR314C,0,-6.9676743,0.11513012647628784,0.9886363744735718,0.7598484754562378
YHR068W,YLL024C,0,-6.9693,0.11510474234819412,0.9886363744735718,0.760037899017334
YBL103C,YML040W,0,-6.969581,0.115079365670681,0.9886363744735718,0.7602272629737854
YMR277W,YHR030C,0,-6.972735,0.11505400389432907,0.9886363744735718,0.7604166865348816
YOR133W,YHR120W,0,-6.975024,0.11502864956855774,0.9886363744735718,0.760606050491333
YOR188W,YOR085W,0,-6.975891,0.115003302693367,0.9886363744735718,0.7607954740524292
YDL040C,YBL035C,0,-6.976156,0.11497797071933746,0.9886363744735718,0.7609848380088806
YJL178C,YCR065W,0,-6.9761653,0.11495265364646912,0.9886363744735718,0.7611742615699768
YJL058C,YHR015W,0,-6.976628,0.11492734402418137,0.9886363744735718,0.7613636255264282
YOL010W,YJR126C,0,-6.978334,0.11490204930305481,0.9886363744735718,0.7615530490875244
YHL048W,YOR313C,0,-6.979443,0.11487676203250885,0.9886363744735718,0.7617424130439758
YBR085W,YPR133C,0,-6.979685,0.11485148221254349,0.9886363744735718,0.761931836605072
YLR386W,YMR088C,0,-6.98022,0.11482621729373932,0.9886363744735718,0.7621212005615234
YMR015C,YDR129C,0,-6.9816914,0.11480096727609634,0.9886363744735718,0.7623106241226196
YFL039C,YDL020C,0,-6.9819856,0.11477572470903397,0.9886363744735718,0.762499988079071
YDR296W,YDR435C,0,-6.982899,0.11475049704313278,0.9886363744735718,0.7626894116401672
YFL039C,YOR295W,0,-6.9831986,0.1147252768278122,0.9886363744735718,0.7628787755966187
YDR479C,YFL033C,0,-6.9845104,0.1147000640630722,0.9886363744735718,0.7630681991577148
YGL166W,YEL050C,0,-6.986188,0.11467486619949341,0.9886363744735718,0.7632575631141663
YPL093W,YAL033W,0,-6.986529,0.1146496832370758,0.9886363744735718,0.7634469866752625
YDL039C,YNR064C,0,-6.986977,0.1146245077252388,0.9886363744735718,0.7636363506317139
YPL155C,YKL015W,0,-6.988278,0.11459933966398239,0.9886363744735718,0.7638257741928101
YDR148C,YJL062W,0,-6.9900913,0.11457418650388718,0.9886363744735718,0.7640151381492615
YOR354C,YOR003W,0,-6.9915767,0.11454904824495316,0.9886363744735718,0.7642045617103577
YLR223C,YAL033W,0,-6.991736,0.11452391743659973,0.9886363744735718,0.7643939256668091
YIL114C,YPR078C,0,-6.9918523,0.1144987940788269,0.9886363744735718,0.7645833492279053
YNR019W,YGL014W,0,-6.9923434,0.11447368562221527,0.9886363744735718,0.7647727131843567
YIR006C,YBR257W,0,-6.992478,0.11444858461618423,0.9886363744735718,0.7649621367454529
YOR003W,YEL057C,0,-6.9938364,0.11442349851131439,0.9886363744735718,0.7651515007019043
YBR142W,YGR006W,0,-6.9946914,0.11439841985702515,0.9886363744735718,0.7653409242630005
YIL031W,YDR324C,0,-6.9965377,0.1143733561038971,0.9886363744735718,0.7655302882194519
YNL271C,YDL115C,0,-6.997808,0.11434829980134964,0.9886363744735718,0.7657197117805481
YAL051W,YHL011C,0,-7.001308,0.11432325839996338,0.9886363744735718,0.7659090757369995
YLR411W,YOR035C,0,-7.002917,0.11429822444915771,0.9886363744735718,0.7660984992980957
YCR088W,YHR197W,0,-7.004125,0.11427320539951324,0.9886363744735718,0.7662878632545471
YHL048W,YJR049C,0,-7.0043397,0.11424819380044937,0.9886363744735718,0.7664772868156433
YPL170W,YIL114C,0,-7.007545,0.11422319710254669,0.9886363744735718,0.7666666507720947
YJL085W,YOR025W,0,-7.01047,0.11419820785522461,0.9886363744735718,0.7668560743331909
YJR119C,YLR234W,0,-7.01067,0.11417322605848312,0.9886363744735718,0.7670454382896423
YHL019C,YCL001W,0,-7.0152526,0.11414825916290283,0.9886363744735718,0.7672348618507385
YDR377W,YNL250W,0,-7.0164294,0.11412330716848373,0.9886363744735718,0.7674242258071899
YNR044W,YGL210W,0,-7.0181446,0.11409836262464523,0.9886363744735718,0.7676136493682861
YDR330W,YGL227W,1,-7.0186667,0.1142919585108757,0.9905303120613098,0.7676136493682861
YOR294W,YLL024C,0,-7.0199146,0.11426698416471481,0.9905303120613098,0.7678030133247375
YDR464W,YJL045W,0,-7.0210648,0.11424202471971512,0.9905303120613098,0.7679924368858337
YIL079C,YNL231C,0,-7.021174,0.11421708017587662,0.9905303120613098,0.7681818008422852
YKR048C,YOL102C,0,-7.0214815,0.11419214308261871,0.9905303120613098,0.7683712244033813
YOR326W,YDR382W,0,-7.023836,0.1141672134399414,0.9905303120613098,0.7685605883598328
YLR134W,YBR061C,0,-7.02523,0.11414229869842529,0.9905303120613098,0.768750011920929
YBR142W,YPL139C,0,-7.025866,0.11411739140748978,0.9905303120613098,0.7689393758773804
YDL028C,YLL002W,0,-7.026088,0.11409249901771545,0.9905303120613098,0.7691287994384766
YJR144W,YIL167W,0,-7.026187,0.11406761407852173,0.9905303120613098,0.769318163394928
YLR347C,YGR099W,0,-7.026791,0.1140427365899086,0.9905303120613098,0.7695075869560242
YLR438C-A,YMR053C,0,-7.026799,0.11401787400245667,0.9905303120613098,0.7696969509124756
YMR112C,YDR356W,0,-7.0301027,0.11399302631616592,0.9905303120613098,0.7698863744735718
YJR025C,YNL103W,0,-7.0314283,0.11396818608045578,0.9905303120613098,0.7700757384300232
YMR316W,YBL075C,0,-7.0326605,0.11394335329532623,0.9905303120613098,0.7702651619911194
YEL009C,YPR133C,0,-7.033648,0.11391853541135788,0.9905303120613098,0.7704545259475708
YHR091C,YFL059W,0,-7.0336785,0.11389372497797012,0.9905303120613098,0.770643949508667
YMR240C,YIL149C,0,-7.0339847,0.11386892944574356,0.9905303120613098,0.7708333134651184
YIL098C,YBR205W,0,-7.0347753,0.1138441413640976,0.9905303120613098,0.7710227370262146
YDL148C,YJL036W,0,-7.0356755,0.11381936818361282,0.9905303120613098,0.771212100982666
YMR167W,YIL013C,0,-7.0358663,0.11379460245370865,0.9905303120613098,0.7714015245437622
YLR114C,YOR315W,0,-7.0363116,0.11376985162496567,0.9905303120613098,0.7715908885002136
YKR048C,YBL075C,0,-7.036523,0.11374510824680328,0.9905303120613098,0.7717803120613098
YBL019W,YBR294W,0,-7.036527,0.1137203723192215,0.9905303120613098,0.7719696760177612
YKL019W,YMR182C,0,-7.0366616,0.1136956512928009,0.9905303120613098,0.7721590995788574
YGR280C,YCR028C-A,0,-7.0367503,0.11367093771696091,0.9905303120613098,0.7723484635353088
YGL163C,YJR127C,0,-7.0394254,0.1136462390422821,0.9905303120613098,0.772537887096405
YLR369W,YPL144W,0,-7.04112,0.1136215478181839,0.9905303120613098,0.7727272510528564
YIL026C,YER149C,0,-7.041414,0.11359687149524689,0.9905303120613098,0.7729166746139526
YLR318W,YDL130W-A,0,-7.0437655,0.11357220262289047,0.9905303120613098,0.773106038570404
YOL115W,YBR165W,0,-7.0441356,0.11354754865169525,0.9905303120613098,0.7732954621315002
YLL009C,YDL185W,0,-7.046367,0.11352290213108063,0.9905303120613098,0.7734848260879517
YGR128C,YBL055C,0,-7.046497,0.1134982630610466,0.9905303120613098,0.7736742496490479
YOR232W,YDR190C,0,-7.0473146,0.11347363889217377,0.9905303120613098,0.7738636136054993
YPL170W,YGR214W,0,-7.053649,0.11344902217388153,0.9905303120613098,0.7740530371665955
YKL192C,YER126C,0,-7.0557933,0.11342442035675049,0.9905303120613098,0.7742424011230469
YOL071W,YJR019C,0,-7.05612,0.11339982599020004,0.9905303120613098,0.7744318246841431
YLL034C,YOR027W,0,-7.057138,0.11337524652481079,0.9905303120613098,0.7746211886405945
YOL115W,YLL041C,0,-7.0577927,0.11335067451000214,0.9905303120613098,0.7748106122016907
YJL134W,YBL024W,0,-7.062142,0.11332610994577408,0.9905303120613098,0.7749999761581421
YDL134C,YDR324C,0,-7.062368,0.11330156028270721,0.9905303120613098,0.7751893997192383
YPR119W,YHR015W,0,-7.0627055,0.11327701807022095,0.9905303120613098,0.7753787636756897
YGR108W,YLR145W,0,-7.0639043,0.11325249075889587,0.9905303120613098,0.7755681872367859
YHR068W,YBR020W,0,-7.0639405,0.1132279708981514,0.9905303120613098,0.7757575511932373
YNL271C,YBR133C,0,-7.0647855,0.11320346593856812,0.9905303120613098,0.7759469747543335
YER051W,YOR361C,0,-7.0674434,0.11317896842956543,0.9905303120613098,0.7761363387107849
YOL060C,YDR167W,0,-7.0677176,0.11315447837114334,0.9905303120613098,0.7763257622718811
YBR091C,YLR234W,0,-7.068833,0.11313000321388245,0.9905303120613098,0.7765151262283325
YPR005C,YDR167W,0,-7.0697985,0.11310553550720215,0.9905303120613098,0.7767045497894287
YMR240C,YOR185C,0,-7.071045,0.11308108270168304,0.9905303120613098,0.7768939137458801
YOR030W,YGR279C,0,-7.0728154,0.11305663734674454,0.9905303120613098,0.7770833373069763
YDR188W,YEL034W,0,-7.073501,0.11303219944238663,0.9905303120613098,0.7772727012634277
YOL135C,YPL128C,0,-7.0735836,0.11300777643918991,0.9905303120613098,0.7774621248245239
YPR030W,YLR369W,0,-7.074222,0.11298336833715439,0.9905303120613098,0.7776514887809753
YIR019C,YPL020C,0,-7.074556,0.11295896023511887,0.9905303120613098,0.7778409123420715
YOR094W,YPR135W,0,-7.0763974,0.11293457448482513,0.9905303120613098,0.778030276298523
YPL075W,YGR082W,0,-7.078137,0.1129101887345314,0.9905303120613098,0.7782196998596191
YMR287C,YNR059W,0,-7.0785956,0.11288581788539886,0.9905303120613098,0.7784090638160706
YPR135W,YHR106W,0,-7.0805087,0.11286146193742752,0.9905303120613098,0.7785984873771667
YER107C,YDR123C,0,-7.081073,0.11283710598945618,0.9905303120613098,0.7787878513336182
YIL035C,YML021C,0,-7.081447,0.11281277239322662,0.9905303120613098,0.7789772748947144
YJR069C,YEL050C,0,-7.0851107,0.11278843879699707,0.9905303120613098,0.7791666388511658
YKL182W,YNL079C,0,-7.086244,0.11276412010192871,0.9905303120613098,0.779356062412262
YMR164C,YGL169W,0,-7.086634,0.11273981630802155,0.9905303120613098,0.7795454263687134
YGL090W,YNR017W,0,-7.0884013,0.11271551996469498,0.9905303120613098,0.7797348499298096
YEL034W,YJR119C,0,-7.088437,0.112691231071949,0.9905303120613098,0.779924213886261
YEL056W,YEL019C,0,-7.0887537,0.11266695708036423,0.9905303120613098,0.7801136374473572
YEL029C,YJL156C,0,-7.0890555,0.11264269053936005,0.9905303120613098,0.7803030014038086
YOL060C,YLR328W,0,-7.0901113,0.11261843144893646,0.9905303120613098,0.7804924249649048
YLR186W,YBR293W,0,-7.091953,0.11259418725967407,0.9905303120613098,0.7806817889213562
YPR171W,YHR118C,0,-7.092978,0.11256995052099228,0.9905303120613098,0.7808712124824524
YHR015W,YGR085C,0,-7.093592,0.11254572868347168,0.9905303120613098,0.7810605764389038
YBL075C,YPL087W,0,-7.094107,0.11252151429653168,0.9905303120613098,0.78125
YPL097W,YOR326W,0,-7.0950828,0.11249731481075287,0.9905303120613098,0.7814394235610962
YOL115W,YIL042C,0,-7.1032834,0.11247311532497406,0.9905303120613098,0.7816287875175476
YNL271C,YBL075C,0,-7.105018,0.11244893819093704,0.9905303120613098,0.7818182110786438
YNR072W,YLR014C,0,-7.107638,0.11242476105690002,0.9905303120613098,0.7820075750350952
YBL034C,YBR294W,0,-7.1091533,0.1124005988240242,0.9905303120613098,0.7821969985961914
YDR529C,YOR049C,0,-7.1094375,0.11237645149230957,0.9905303120613098,0.7823863625526428
YKL074C,YIL018W,0,-7.111483,0.11235231161117554,0.9905303120613098,0.782575786113739
YER126C,YDR418W,0,-7.112538,0.1123281791806221,0.9905303120613098,0.7827651500701904
YLR228C,YJL156C,0,-7.11459,0.11230406165122986,0.9905303120613098,0.7829545736312866
YOR046C,YER161C,0,-7.114982,0.11227995157241821,0.9905303120613098,0.783143937587738
YEL031W,YPL032C,0,-7.115108,0.11225584894418716,0.9905303120613098,0.7833333611488342
YLR399C,YOR354C,0,-7.1171136,0.11223176121711731,0.9905303120613098,0.7835227251052856
YMR015C,YNR064C,0,-7.118268,0.11220768094062805,0.9905303120613098,0.7837121486663818
YKR036C,YHR074W,0,-7.1193404,0.11218361556529999,0.9905303120613098,0.7839015126228333
YOL094C,YOR315W,0,-7.1195903,0.11215955764055252,0.9905303120613098,0.7840909361839294
YOR011W,YPL157W,0,-7.1218934,0.11213550716638565,0.9905303120613098,0.7842803001403809
YML081C-A,YNR056C,0,-7.122356,0.11211147159337997,0.9905303120613098,0.784469723701477
YLR233C,YKL038W,0,-7.1227384,0.1120874434709549,0.9905303120613098,0.7846590876579285
YNL225C,YGR095C,0,-7.123627,0.11206342279911041,0.9905303120613098,0.7848485112190247
YKL074C,YOR073W,0,-7.123773,0.11203941702842712,0.9905303120613098,0.7850378751754761
YJR144W,YHR014W,0,-7.1247106,0.11201541870832443,0.9905303120613098,0.7852272987365723
YHL006C,YDR312W,0,-7.1257977,0.11199143528938293,0.9905303120613098,0.7854166626930237
YPR030W,YOR266W,0,-7.1263747,0.11196745932102203,0.9905303120613098,0.7856060862541199
YBL035C,YGR156W,0,-7.1299744,0.11194349080324173,0.9905303120613098,0.7857954502105713
YDR172W,YDR167W,0,-7.130897,0.11191953718662262,0.9905303120613098,0.7859848737716675
YJR042W,YPL144W,0,-7.13201,0.1118955910205841,0.9905303120613098,0.7861742377281189
YPR128C,YHR021C,0,-7.1345897,0.11187165975570679,0.9905303120613098,0.7863636612892151
YIL035C,YNL326C,0,-7.134657,0.11184773594141006,0.9905303120613098,0.7865530252456665
YMR211W,YIL149C,0,-7.1381316,0.11182381957769394,0.9905303120613098,0.7867424488067627
YDR175C,YCL069W,0,-7.1382184,0.11179991811513901,0.9905303120613098,0.7869318127632141
YIL035C,YBL063W,0,-7.1389384,0.11177602410316467,0.9905303120613098,0.7871212363243103
YMR290C,YKL015W,0,-7.1395764,0.11175213754177094,0.9905303120613098,0.7873106002807617
YBR257W,YDR450W,0,-7.14211,0.11172826588153839,0.9905303120613098,0.7875000238418579
YER107C,YMR243C,0,-7.142143,0.11170440167188644,0.9905303120613098,0.7876893877983093
YJL089W,YJL054W,0,-7.1427684,0.1116805449128151,0.9905303120613098,0.7878788113594055
YDR435C,YDR450W,0,-7.144141,0.11165670305490494,0.9905303120613098,0.7880681753158569
YJR025C,YDR238C,0,-7.148048,0.11163286864757538,0.9905303120613098,0.7882575988769531
YLR429W,YDL081C,0,-7.1489472,0.11160904914140701,0.9905303120613098,0.7884469628334045
YHR086W,YBL018C,0,-7.149554,0.11158523708581924,0.9905303120613098,0.7886363863945007
YLR134W,YJL011C,0,-7.1497054,0.11156143248081207,0.9905303120613098,0.7888257503509521
YPL283C,YDR285W,0,-7.1501994,0.1115376427769661,0.9905303120613098,0.7890151739120483
YJL024C,YDR062W,0,-7.151333,0.11151386052370071,0.9905303120613098,0.7892045378684998
YOL010W,YDR018C,0,-7.151427,0.11149008572101593,0.9905303120613098,0.789393961429596
YOR298C-A,YPR140W,0,-7.1515503,0.11146632581949234,0.9905303120613098,0.7895833253860474
YDR158W,YNL231C,0,-7.1515965,0.11144257336854935,0.9905303120613098,0.7897727489471436
YGR095C,YHR090C,0,-7.152282,0.11141883581876755,0.9905303120613098,0.789962112903595
YMR198W,YIR019C,0,-7.15569,0.11139509826898575,0.9905303120613098,0.7901515364646912
YER155C,YEL022W,0,-7.156469,0.11137138307094574,0.9905303120613098,0.7903409004211426
YOR294W,YDR172W,0,-7.1571174,0.11134766787290573,0.9905303120613098,0.7905303239822388
YJR002W,YKR046C,0,-7.158341,0.11132396757602692,0.9905303120613098,0.7907196879386902
YNL085W,YGL097W,0,-7.165276,0.1113002747297287,0.9905303120613098,0.7909091114997864
YHR081W,YKR022C,0,-7.1687965,0.11127659678459167,0.9905303120613098,0.7910984754562378
YNR072W,YOR281C,0,-7.1690774,0.11125292629003525,0.9905303120613098,0.791287899017334
YGL207W,YGL169W,0,-7.17255,0.11122926324605942,0.9905303120613098,0.7914772629737854
YCL051W,YHR021C,0,-7.1725664,0.11120561510324478,0.9905303120613098,0.7916666865348816
YPL137C,YLR022C,0,-7.1727796,0.11118197441101074,0.9905303120613098,0.791856050491333
YCR034W,YBR193C,0,-7.1760025,0.1111583411693573,0.9905303120613098,0.7920454740524292
YMR287C,YFL037W,0,-7.177965,0.11113472282886505,0.9905303120613098,0.7922348380088806
YJR119C,YKL035W,0,-7.178843,0.1111111119389534,0.9905303120613098,0.7924242615699768
YPR128C,YBR091C,0,-7.179047,0.11108750849962234,0.9905303120613098,0.7926136255264282
YOR061W,YHR154W,0,-7.18054,0.11106391996145248,0.9905303120613098,0.7928030490875244
YPR124W,YLR014C,0,-7.1837325,0.11104033887386322,0.9905303120613098,0.7929924130439758
YOR025W,YML105C,0,-7.1841035,0.11101677268743515,0.9905303120613098,0.793181836605072
YDR101C,YGR094W,0,-7.1846685,0.11099320650100708,0.9905303120613098,0.7933712005615234
YOR133W,YNL279W,0,-7.185291,0.1109696552157402,0.9905303120613098,0.7935606241226196
YER045C,YIL098C,0,-7.186571,0.11094611883163452,0.9905303120613098,0.793749988079071
YDL137W,YNL117W,0,-7.1884503,0.11092258989810944,0.9905303120613098,0.7939394116401672
YHR120W,YGL207W,0,-7.189421,0.11089906841516495,0.9905303120613098,0.7941287755966187
YER038C,YML091C,0,-7.190072,0.11087555438280106,0.9905303120613098,0.7943181991577148
YJL020C,YBR079C,0,-7.193564,0.11085205525159836,0.9905303120613098,0.7945075631141663
YJR158W,YEL031W,0,-7.195534,0.11082856357097626,0.9905303120613098,0.7946969866752625
YJL196C,YHR118C,0,-7.20213,0.11080508679151535,0.9905303120613098,0.7948863506317139
YLR014C,YMR236W,0,-7.202543,0.11078161746263504,0.9905303120613098,0.7950757741928101
YCR066W,YMR235C,0,-7.204615,0.11075815558433533,0.9905303120613098,0.7952651381492615
YJL196C,YDR238C,0,-7.205114,0.11073470115661621,0.9905303120613098,0.7954545617103577
YDR358W,YDR330W,1,-7.2056913,0.11092294752597809,0.9924242496490479,0.7954545617103577
YJL061W,YDL039C,0,-7.206429,0.11089947074651718,0.9924242496490479,0.7956439256668091
YGL090W,YHR196W,0,-7.208202,0.11087600141763687,0.9924242496490479,0.7958333492279053
YLR401C,YMR088C,0,-7.210516,0.11085254698991776,0.9924242496490479,0.7960227131843567
YOL051W,YHR067W,0,-7.2120147,0.11082910001277924,0.9924242496490479,0.7962121367454529
YGR179C,YPL144W,0,-7.212163,0.11080566793680191,0.9924242496490479,0.7964015007019043
YHL011C,YJL093C,0,-7.2145944,0.11078224331140518,0.9924242496490479,0.7965909242630005
YEL022W,YBR091C,0,-7.2147136,0.11075882613658905,0.9924242496490479,0.7967802882194519
YPL167C,YDR418W,0,-7.2160087,0.11073541641235352,0.9924242496490479,0.7969697117805481
YCR088W,YPL218W,0,-7.2178373,0.11071202158927917,0.9924242496490479,0.7971590757369995
YJR069C,YBR136W,0,-7.217871,0.11068863421678543,0.9924242496490479,0.7973484992980957
YNL182C,YGR006W,0,-7.2179427,0.11066526174545288,0.9924242496490479,0.7975378632545471
YGR216C,YDL213C,0,-7.2196164,0.11064188927412033,0.9924242496490479,0.7977272868156433
YBR060C,YPL206C,0,-7.2212315,0.11061853170394897,0.9924242496490479,0.7979166507720947
YPL117C,YNL046W,0,-7.2225003,0.11059518903493881,0.9924242496490479,0.7981060743331909
YLR176C,YJR063W,0,-7.225114,0.11057185381650925,0.9924242496490479,0.7982954382896423
YDR172W,YFL037W,0,-7.2255616,0.11054852604866028,0.9924242496490479,0.7984848618507385
YGL245W,YDR300C,0,-7.227575,0.1105252057313919,0.9924242496490479,0.7986742258071899
YOR046C,YJL063C,0,-7.227701,0.11050190031528473,0.9924242496490479,0.7988636493682861
YGL054C,YHR197W,0,-7.228007,0.11047860234975815,0.9924242496490479,0.7990530133247375
YPL127C,YBL008W,0,-7.228048,0.11045531183481216,0.9924242496490479,0.7992424368858337
YML116W,YEL050C,0,-7.2285404,0.11043203622102737,0.9924242496490479,0.7994318008422852
YPR135W,YCL066W,0,-7.2305436,0.11040876805782318,0.9924242496490479,0.7996212244033813
YOR074C,YEL031W,0,-7.230846,0.11038550734519958,0.9924242496490479,0.7998105883598328
YMR156C,YER151C,0,-7.2313285,0.11036225408315659,0.9924242496490479,0.800000011920929
YCR028C-A,YPL193W,0,-7.2338037,0.11033901572227478,0.9924242496490479,0.8001893758773804
YBR093C,YNR034W,0,-7.2340093,0.11031579226255417,0.9924242496490479,0.8003787994384766
YDL081C,YDR018C,0,-7.2342753,0.11029256880283356,0.9924242496490479,0.800568163394928
YPR119W,YPL155C,0,-7.235208,0.11026936024427414,0.9924242496490479,0.8007575869560242
YJL089W,YLR043C,0,-7.237577,0.11024615913629532,0.9924242496490479,0.8009469509124756
YGL070C,YDR201W,0,-7.2379055,0.11022297292947769,0.9924242496490479,0.8011363744735718
YGR095C,YCR073C,0,-7.23892,0.11019978672266006,0.9924242496490479,0.8013257384300232
YOR188W,YOL094C,0,-7.2398233,0.11017661541700363,0.9924242496490479,0.8015151619911194
YBR093C,YJR063W,0,-7.241425,0.11015345901250839,0.9924242496490479,0.8017045259475708
YCR093W,YCR012W,0,-7.2442455,0.11013031005859375,0.9924242496490479,0.801893949508667
YMR083W,YPR068C,0,-7.2447734,0.1101071685552597,0.9924242496490479,0.8020833134651184
YMR083W,YNL142W,0,-7.248206,0.11008403450250626,0.9924242496490479,0.8022727370262146
YBL069W,YGR055W,0,-7.2482333,0.1100609079003334,0.9924242496490479,0.802462100982666
YDR148C,YGR280C,0,-7.2489634,0.11003779619932175,0.9924242496490479,0.8026515245437622
YKL110C,YGL025C,0,-7.2490206,0.11001469939947128,0.9924242496490479,0.8028408885002136
YDL185W,YPL283C,0,-7.250319,0.10999160259962082,0.9924242496490479,0.8030303120613098
YNL042W,YOL028C,0,-7.2517138,0.10996852070093155,0.9924242496490479,0.8032196760177612
YNR056C,YEL034W,0,-7.2537565,0.10994544625282288,0.9924242496490479,0.8034090995788574
YDL093W,YHR048W,0,-7.25435,0.1099223867058754,0.9924242496490479,0.8035984635353088
YML091C,YCL033C,0,-7.257154,0.10989932715892792,0.9924242496490479,0.803787887096405
YKL192C,YJL210W,0,-7.258238,0.10987628251314163,0.9924242496490479,0.8039772510528564
YGR082W,YER151C,0,-7.2624774,0.10985325276851654,0.9924242496490479,0.8041666746139526
YAR019C,YOR265W,0,-7.264666,0.10983022302389145,0.9924242496490479,0.804356038570404
YCL051W,YEL026W,0,-7.264932,0.10980720818042755,0.9924242496490479,0.8045454621315002
YLL002W,YPL206C,0,-7.265711,0.10978420078754425,0.9924242496490479,0.8047348260879517
YLR014C,YOL124C,0,-7.2681293,0.10976120829582214,0.9924242496490479,0.8049242496490479
YMR068W,YMR190C,0,-7.2681403,0.10973822325468063,0.9924242496490479,0.8051136136054993
YBL020W,YOR295W,0,-7.268951,0.10971524566411972,0.9924242496490479,0.8053030371665955
YNL223W,YOR119C,0,-7.2694077,0.1096922755241394,0.9924242496490479,0.8054924011230469
YIL076W,YPL157W,0,-7.271439,0.10966932028532028,0.9924242496490479,0.8056818246841431
YLR405W,YBL023C,0,-7.2726703,0.10964637249708176,0.9924242496490479,0.8058711886405945
YNL029C,YJL210W,0,-7.272872,0.10962343215942383,0.9924242496490479,0.8060606122016907
YLR186W,YDR123C,0,-7.2749352,0.1096004992723465,0.9924242496490479,0.8062499761581421
YIL033C,YGR099W,0,-7.2751017,0.10957758128643036,0.9924242496490479,0.8064393997192383
YLR318W,YNR008W,0,-7.2759933,0.10955467075109482,0.9924242496490479,0.8066287636756897
YJR002W,YDR407C,0,-7.2787185,0.10953177511692047,0.9924242496490479,0.8068181872367859
YGL021W,YNR039C,0,-7.279758,0.10950887948274612,0.9924242496490479,0.8070075511932373
YPR171W,YBR121C,0,-7.280019,0.10948599874973297,0.9924242496490479,0.8071969747543335
YPL240C,YGL169W,0,-7.2827816,0.10946313291788101,0.9924242496490479,0.8073863387107849
YAL017W,YHR154W,0,-7.2837806,0.10944026708602905,0.9924242496490479,0.8075757622718811
YOR074C,YOL067C,0,-7.2842875,0.10941741615533829,0.9924242496490479,0.8077651262283325
YOR281C,YMR243C,0,-7.289079,0.10939457267522812,0.9924242496490479,0.8079545497894287
YBL005W,YGR082W,0,-7.2893443,0.10937173664569855,0.9924242496490479,0.8081439137458801
YPR030W,YKL099C,0,-7.289642,0.10934891551733017,0.9924242496490479,0.8083333373069763
YJR025C,YDR167W,0,-7.2906356,0.10932610183954239,0.9924242496490479,0.8085227012634277
YKL001C,YNR046W,0,-7.2912517,0.1093032956123352,0.9924242496490479,0.8087121248245239
YLR228C,YDR464W,0,-7.29371,0.10928049683570862,0.9924242496490479,0.8089014887809753
YLR223C,YNL117W,0,-7.29526,0.10925771296024323,0.9924242496490479,0.8090909123420715
YER112W,YIL076W,0,-7.2956424,0.10923493653535843,0.9924242496490479,0.809280276298523
YLR014C,YAR007C,0,-7.295733,0.10921217501163483,0.9924242496490479,0.8094696998596191
YNR053C,YJR120W,0,-7.2957845,0.10918941348791122,0.9924242496490479,0.8096590638160706
YPR068C,YGR264C,0,-7.2989936,0.10916666686534882,0.9924242496490479,0.8098484873771667
YGL063W,YLR442C,0,-7.299438,0.109143927693367,0.9924242496490479,0.8100378513336182
YLR399C,YPL152W,0,-7.3003054,0.10912119597196579,0.9924242496490479,0.8102272748947144
YBR072W,YMR008C,0,-7.300882,0.10909847915172577,0.9924242496490479,0.8104166388511658
YGL245W,YMR137C,0,-7.301418,0.10907576978206635,0.9924242496490479,0.810606062412262
YPL075W,YPL093W,0,-7.3021655,0.10905306786298752,0.9924242496490479,0.8107954263687134
YDR093W,YHL011C,0,-7.306064,0.10903038084506989,0.9924242496490479,0.8109848499298096
YPR124W,YLR214W,0,-7.3070292,0.10900769382715225,0.9924242496490479,0.811174213886261
YML010W,YOR003W,0,-7.3070536,0.10898502171039581,0.9924242496490479,0.8113636374473572
YOR168W,YBR091C,0,-7.3074994,0.10896236449480057,0.9924242496490479,0.8115530014038086
YPR019W,YGR213C,0,-7.3099165,0.10893970727920532,0.9924242496490479,0.8117424249649048
YEL009C,YOL042W,0,-7.314633,0.10891706496477127,0.9924242496490479,0.8119317889213562
YNL231C,YBR293W,0,-7.3148274,0.10889443010091782,0.9924242496490479,0.8121212124824524
YDR108W,YDR258C,0,-7.3160915,0.10887180268764496,0.9924242496490479,0.8123105764389038
YDR529C,YGR122W,0,-7.316179,0.1088491901755333,0.9924242496490479,0.8125
YDR446W,YDL111C,0,-7.317159,0.10882658511400223,0.9924242496490479,0.8126894235610962
YBR020W,YOR056C,0,-7.317689,0.10880398750305176,0.9924242496490479,0.8128787875175476
YOR133W,YKL006C-A,0,-7.3180966,0.10878139734268188,0.9924242496490479,0.8130682110786438
YKR046C,YJL192C,0,-7.3201766,0.1087588220834732,0.9924242496490479,0.8132575750350952
YNL042W,YPR171W,0,-7.3203745,0.10873625427484512,0.9924242496490479,0.8134469985961914
YKL182W,YGR091W,0,-7.3220515,0.10871369391679764,0.9924242496490479,0.8136363625526428
YJL024C,YBR154C,0,-7.3255553,0.10869114100933075,0.9924242496490479,0.813825786113739
YLR134W,YJR063W,0,-7.32654,0.10866860300302505,0.9924242496490479,0.8140151500701904
YGL245W,YLR145W,0,-7.3275123,0.10864607244729996,0.9924242496490479,0.8142045736312866
YPL123C,YML105C,0,-7.3296022,0.10862354934215546,0.9924242496490479,0.814393937587738
YMR319C,YML034W,0,-7.3327584,0.10860103368759155,0.9924242496490479,0.8145833611488342
YMR083W,YLR301W,0,-7.3334594,0.10857853293418884,0.9924242496490479,0.8147727251052856
YOR371C,YDL194W,0,-7.3340106,0.10855603963136673,0.9924242496490479,0.8149621486663818
YDR077W,YMR053C,0,-7.334893,0.10853355377912521,0.9924242496490479,0.8151515126228333
YEL022W,YNL029C,0,-7.340081,0.1085110753774643,0.9924242496490479,0.8153409361839294
YIR019C,YOR361C,0,-7.3412347,0.10848861187696457,0.9924242496490479,0.8155303001403809
YDR258C,YCR073C,0,-7.343018,0.10846615582704544,0.9924242496490479,0.815719723701477
YPR030W,YBL079W,0,-7.3436503,0.10844370722770691,0.9924242496490479,0.8159090876579285
YCR093W,YPL240C,0,-7.3446593,0.10842127352952957,0.9924242496490479,0.8160985112190247
YHR086W,YDR529C,0,-7.3454604,0.10839883983135223,0.9924242496490479,0.8162878751754761
YKL176C,YHR048W,0,-7.346633,0.10837642103433609,0.9924242496490479,0.8164772987365723
YIL035C,YOR373W,0,-7.346777,0.10835400968790054,0.9924242496490479,0.8166666626930237
YPL237W,YNR048W,0,-7.347381,0.10833161324262619,0.9924242496490479,0.8168560862541199
YKL152C,YER111C,0,-7.3477616,0.10830921679735184,0.9924242496490479,0.8170454502105713
YNL117W,YMR260C,0,-7.3479257,0.10828683525323868,0.9924242496490479,0.8172348737716675
YPR030W,YHR011W,0,-7.3482165,0.10826446115970612,0.9924242496490479,0.8174242377281189
YEL019C,YJR002W,0,-7.3490257,0.10824210196733475,0.9924242496490479,0.8176136612892151
YGL115W,YKL099C,0,-7.3500953,0.10821974277496338,0.9924242496490479,0.8178030252456665
YPL231W,YOR168W,0,-7.351146,0.1081973984837532,0.9924242496490479,0.8179924488067627
YHR197W,YGR002C,0,-7.3514886,0.10817506164312363,0.9924242496490479,0.8181818127632141
YOR335C,YLR328W,0,-7.352343,0.10815273225307465,0.9924242496490479,0.8183712363243103
YGR036C,YDL208W,0,-7.354037,0.10813041776418686,0.9924242496490479,0.8185606002807617
YBR121C,YAL017W,0,-7.354645,0.10810811072587967,0.9924242496490479,0.8187500238418579
YFL056C,YEL026W,0,-7.356475,0.10808581113815308,0.9924242496490479,0.8189393877983093
YNL031C,YMR053C,0,-7.3573136,0.10806351900100708,0.9924242496490479,0.8191288113594055
YMR083W,YEL019C,0,-7.357955,0.10804123431444168,0.9924242496490479,0.8193181753158569
YDR268W,YBL075C,0,-7.358512,0.10801896452903748,0.9924242496490479,0.8195075988769531
YGR147C,YCR024C-A,0,-7.3590174,0.10799670219421387,0.9924242496490479,0.8196969628334045
YIL035C,YGL244W,0,-7.3594747,0.10797444730997086,0.9924242496490479,0.8198863863945007
YHL002W,YLR043C,0,-7.3604054,0.10795220732688904,0.9924242496490479,0.8200757503509521
YDL030W,YOR308C,0,-7.3628287,0.10792996734380722,0.9924242496490479,0.8202651739120483
YOR011W,YDL208W,0,-7.363345,0.1079077422618866,0.9924242496490479,0.8204545378684998
YPR017C,YNL113W,0,-7.364915,0.10788552463054657,0.9924242496490479,0.820643961429596
YKL185W,YJR019C,0,-7.365606,0.10786332190036774,0.9924242496490479,0.8208333253860474
YOR061W,YOR265W,0,-7.367373,0.1078411191701889,0.9924242496490479,0.8210227489471436
YDR300C,YGR006W,0,-7.3676715,0.10781893134117126,0.9924242496490479,0.821212112903595
YPL274W,YDL244W,0,-7.3676934,0.10779675096273422,0.9924242496490479,0.8214015364646912
YGL144C,YJL190C,0,-7.368177,0.10777457803487778,0.9924242496490479,0.8215909004211426
YEL015W,YGL111W,0,-7.3683352,0.10775241255760193,0.9924242496490479,0.8217803239822388
YPL212C,YMR260C,0,-7.3683977,0.10773026198148727,0.9924242496490479,0.8219696879386902
YOL165C,YDR201W,0,-7.3704276,0.10770811885595322,0.9924242496490479,0.8221591114997864
YBL019W,YGR214W,0,-7.3729167,0.10768598318099976,0.9924242496490479,0.8223484754562378
YLL022C,YBL025W,0,-7.3734956,0.10766385495662689,0.9924242496490479,0.822537899017334
YBR085W,YLR231C,0,-7.3735256,0.10764174163341522,0.9924242496490479,0.8227272629737854
YLR438C-A,YBR212W,0,-7.374043,0.10761963576078415,0.9924242496490479,0.8229166865348816
YDR518W,YBR061C,0,-7.3743896,0.10759753733873367,0.9924242496490479,0.823106050491333
YGR082W,YDL077C,0,-7.377477,0.1075754463672638,0.9924242496490479,0.8232954740524292
YBL024W,YCL069W,0,-7.378673,0.10755336284637451,0.9924242496490479,0.8234848380088806
YOR133W,YKL099C,0,-7.3795834,0.10753129422664642,0.9924242496490479,0.8236742615699768
YOR061W,YDR382W,0,-7.3812423,0.10750923305749893,0.9924242496490479,0.8238636255264282
YGR147C,YGL249W,0,-7.3816648,0.10748717933893204,0.9924242496490479,0.8240530490875244
YOR274W,YDR435C,0,-7.383726,0.10746513307094574,0.9924242496490479,0.8242424130439758
YOR046C,YMR164C,0,-7.3840175,0.10744310170412064,0.9924242496490479,0.824431836605072
YDR153C,YOR001W,0,-7.385491,0.10742107778787613,0.9924242496490479,0.8246212005615234
YDL044C,YMR243C,0,-7.3859386,0.10739905387163162,0.9924242496490479,0.8248106241226196
YPL170W,YPL117C,0,-7.38655,0.1073770523071289,0.9924242496490479,0.824999988079071
YBR036C,YKL006C-A,0,-7.3896365,0.10735505074262619,0.9924242496490479,0.8251894116401672
YJL100W,YFL033C,0,-7.389956,0.10733305662870407,0.9924242496490479,0.8253787755966187
YPR187W,YHR106W,0,-7.3917084,0.10731107741594315,0.9924242496490479,0.8255681991577148
YPL076W,YBR015C,0,-7.3929005,0.10728910565376282,0.9924242496490479,0.8257575631141663
YDR101C,YDL244W,0,-7.394725,0.10726714134216309,0.9924242496490479,0.8259469866752625
YKL176C,YDR382W,0,-7.3966794,0.10724519193172455,0.9924242496490479,0.8261363506317139
YDR093W,YNR017W,0,-7.3967633,0.10722324252128601,0.9924242496490479,0.8263257741928101
YDR148C,YKR101W,0,-7.397199,0.10720130801200867,0.9924242496490479,0.8265151381492615
YPL093W,YMR305C,0,-7.4007926,0.10717938095331192,0.9924242496490479,0.8267045617103577
YLR318W,YCL066W,0,-7.4008365,0.10715746134519577,0.9924242496490479,0.8268939256668091
YLR186W,YIR019C,0,-7.4020953,0.10713555663824081,0.9924242496490479,0.8270833492279053
YDL208W,YMR313C,0,-7.404532,0.10711365193128586,0.9924242496490479,0.8272727131843567
YDR216W,YBL023C,0,-7.405394,0.1070917621254921,0.9924242496490479,0.8274621367454529
YLR223C,YHR154W,0,-7.4084563,0.10706987977027893,0.9924242496490479,0.8276515007019043
YDL085W,YPL032C,0,-7.408917,0.10704800486564636,0.9924242496490479,0.8278409242630005
YOL139C,YMR065W,0,-7.410589,0.10702614486217499,0.9924242496490479,0.8280302882194519
YOR315W,YGR281W,0,-7.411816,0.10700428485870361,0.9924242496490479,0.8282197117805481
YMR083W,YOL151W,0,-7.413864,0.10698243975639343,0.9924242496490479,0.8284090757369995
YDL085W,YOL094C,0,-7.413879,0.10696060210466385,0.9924242496490479,0.8285984992980957
YNL258C,YJL191W,0,-7.4139876,0.10693877190351486,0.9924242496490479,0.8287878632545471
YEL015W,YHR014W,0,-7.4169197,0.10691695660352707,0.9924242496490479,0.8289772868156433
YGR091W,YDR238C,0,-7.4199443,0.10689514130353928,0.9924242496490479,0.8291666507720947
YGR028W,YDL148C,0,-7.4211097,0.10687334090471268,0.9924242496490479,0.8293560743331909
YBR088C,YFL059W,0,-7.4219337,0.10685154795646667,0.9924242496490479,0.8295454382896423
YCL031C,YLR043C,0,-7.4244347,0.10682976245880127,0.9924242496490479,0.8297348618507385
YDL044C,YKL099C,0,-7.426778,0.10680799186229706,0.9924242496490479,0.8299242258071899
YPR111W,YLR009W,0,-7.4297633,0.10678622126579285,0.9924242496490479,0.8301136493682861
YDL137W,YNL223W,0,-7.4300904,0.10676446557044983,0.9924242496490479,0.8303030133247375
YNL029C,YJR007W,0,-7.4306464,0.10674271732568741,0.9924242496490479,0.8304924368858337
YOR119C,YDL212W,0,-7.4318013,0.10672097653150558,0.9924242496490479,0.8306818008422852
YMR008C,YDR369C,0,-7.436271,0.10669924318790436,0.9924242496490479,0.8308712244033813
YOL165C,YPR005C,0,-7.4384103,0.10667752474546432,0.9924242496490479,0.8310605883598328
YGL119W,YEL019C,0,-7.43996,0.10665581375360489,0.9924242496490479,0.831250011920929
YDR448W,YOR294W,0,-7.4407215,0.10663411021232605,0.9924242496490479,0.8314393758773804
YPR033C,YPL087W,0,-7.440844,0.10661241412162781,0.9924242496490479,0.8316287994384766
YNL041C,YPL097W,0,-7.4427404,0.10659072548151016,0.9924242496490479,0.831818163394928
YGR188C,YOL095C,0,-7.4435477,0.10656904429197311,0.9924242496490479,0.8320075869560242
YGR055W,YOL115W,0,-7.4438014,0.10654737800359726,0.9924242496490479,0.8321969509124756
YLR109W,YNL117W,0,-7.444802,0.106525719165802,0.9924242496490479,0.8323863744735718
YLR223C,YGL207W,0,-7.4464774,0.10650406777858734,0.9924242496490479,0.8325757384300232
YBR274W,YGL169W,0,-7.4472446,0.10648242384195328,0.9924242496490479,0.8327651619911194
YOR032C,YGL014W,0,-7.449619,0.10646078735589981,0.9924242496490479,0.8329545259475708
YCL066W,YBR079C,0,-7.4499803,0.10643916577100754,0.9924242496490479,0.833143949508667
YJL100W,YCR073C,0,-7.450041,0.10641754418611526,0.9924242496490479,0.8333333134651184
YDR279W,YKL099C,0,-7.453523,0.10639593750238419,0.9924242496490479,0.8335227370262146
YBR257W,YLR386W,0,-7.4577184,0.1063743382692337,0.9924242496490479,0.833712100982666
YNL248C,YOR332W,0,-7.461985,0.10635274648666382,0.9924242496490479,0.8339015245437622
YCL035C,YBR060C,0,-7.4623923,0.10633116960525513,0.9924242496490479,0.8340908885002136
YDR101C,YCR075C,0,-7.4649506,0.10630959272384644,0.9924242496490479,0.8342803120613098
YLR314C,YPL086C,0,-7.4656897,0.10628803074359894,0.9924242496490479,0.8344696760177612
YBR217W,YJL011C,0,-7.466102,0.10626647621393204,0.9924242496490479,0.8346590995788574
YPL137C,YEL050C,0,-7.4664855,0.10624492913484573,0.9924242496490479,0.8348484635353088
YGR246C,YDR211W,0,-7.4672685,0.10622339695692062,0.9924242496490479,0.835037887096405
YGR244C,YLR016C,0,-7.46792,0.10620186477899551,0.9924242496490479,0.8352272510528564
YHR114W,YNL248C,0,-7.468594,0.1061803475022316,0.9924242496490479,0.8354166746139526
YML051W,YGR279C,0,-7.469125,0.10615883022546768,0.9924242496490479,0.835606038570404
YDR258C,YGR082W,0,-7.4704623,0.10613732784986496,0.9924242496490479,0.8357954621315002
YKL006C-A,YPL157W,0,-7.4713407,0.10611583292484283,0.9924242496490479,0.8359848260879517
YNR044W,YIL040W,0,-7.4749503,0.1060943529009819,0.9924242496490479,0.8361742496490479
YAR019C,YPR074C,0,-7.47525,0.10607287287712097,0.9924242496490479,0.8363636136054993
YNL223W,YDR211W,0,-7.477615,0.10605140775442123,0.9924242496490479,0.8365530371665955
YLR234W,YDR324C,0,-7.477698,0.1060299500823021,0.9924242496490479,0.8367424011230469
YMR065W,YHR196W,0,-7.4806237,0.10600849986076355,0.9924242496490479,0.8369318246841431
YHR114W,YBR061C,0,-7.4810305,0.1059870570898056,0.9924242496490479,0.8371211886405945
YJL003W,YBR212W,0,-7.4815087,0.10596562176942825,0.9924242496490479,0.8373106122016907
YLR401C,YGR081C,0,-7.482037,0.1059441938996315,0.9924242496490479,0.8374999761581421
YER016W,YPL032C,0,-7.483827,0.10592278093099594,0.9924242496490479,0.8376893997192383
YMR173W,YNL145W,0,-7.48685,0.10590137541294098,0.9924242496490479,0.8378787636756897
YJR158W,YEL032W,0,-7.487704,0.10587997734546661,0.9924242496490479,0.8380681872367859
YPL270W,YEL026W,0,-7.48795,0.10585858672857285,0.9924242496490479,0.8382575511932373
YPR187W,YDL111C,0,-7.494267,0.10583720356225967,0.9924242496490479,0.8384469747543335
YBR202W,YDR172W,0,-7.495018,0.1058158352971077,0.9924242496490479,0.8386363387107849
YOR046C,YPR006C,0,-7.497512,0.10579446703195572,0.9924242496490479,0.8388257622718811
YGL227W,YNL064C,1,-7.4978065,0.10597497224807739,0.9943181872367859,0.8388257622718811
YJL020C,YBL018C,0,-7.498539,0.10595358163118362,0.9943181872367859,0.8390151262283325
YLR371W,YOR073W,0,-7.499184,0.10593220591545105,0.9943181872367859,0.8392045497894287
YFL037W,YHR090C,0,-7.50193,0.10591083019971848,0.9943181872367859,0.8393939137458801
YAR019C,YDL081C,0,-7.503748,0.1058894693851471,0.9943181872367859,0.8395833373069763
YOR168W,YDR382W,0,-7.504604,0.10586811602115631,0.9943181872367859,0.8397727012634277
YBR110W,YLL009C,0,-7.506945,0.10584677755832672,0.9943181872367859,0.8399621248245239
YDL085W,YDR175C,0,-7.507651,0.10582543909549713,0.9943181872367859,0.8401514887809753
YLL022C,YEL034W,0,-7.5085473,0.10580410808324814,0.9943181872367859,0.8403409123420715
YNL248C,YAR042W,0,-7.5087104,0.10578279197216034,0.9943181872367859,0.840530276298523
YDL081C,YPR078C,0,-7.5106235,0.10576148331165314,0.9943181872367859,0.8407196998596191
YPL231W,YKR031C,0,-7.512119,0.10574018210172653,0.9943181872367859,0.8409090638160706
YJL085W,YOL080C,0,-7.5137243,0.10571888834238052,0.9943181872367859,0.8410984873771667
YKL006C-A,YDL185W,0,-7.514469,0.10569760203361511,0.9943181872367859,0.8412878513336182
YDR407C,YMR243C,0,-7.516502,0.1056763306260109,0.9943181872367859,0.8414772748947144
YGR055W,YDL093W,0,-7.522137,0.10565505921840668,0.9943181872367859,0.8416666388511658
YPR119W,YER107C,0,-7.5238514,0.10563380271196365,0.9943181872367859,0.841856062412262
YOL094C,YFL059W,0,-7.525892,0.10561255365610123,0.9943181872367859,0.8420454263687134
YDR216W,YOR147W,0,-7.532022,0.1055913120508194,0.9943181872367859,0.8422348499298096
YIL033C,YLR223C,0,-7.5332484,0.10557007789611816,0.9943181872367859,0.842424213886261
YGR166W,YOR188W,0,-7.5379405,0.10554885119199753,0.9943181872367859,0.8426136374473572
YML081C-A,YML051W,0,-7.538365,0.10552763938903809,0.9943181872367859,0.8428030014038086
YPR019W,YBR030W,0,-7.5407653,0.10550642758607864,0.9943181872367859,0.8429924249649048
YPL131W,YLL041C,0,-7.5408463,0.1054852306842804,0.9943181872367859,0.8431817889213562
YHR015W,YLR176C,0,-7.541039,0.10546404123306274,0.9943181872367859,0.8433712124824524
YKR022C,YMR260C,0,-7.541632,0.10544285923242569,0.9943181872367859,0.8435605764389038
YDR296W,YHR015W,0,-7.5430455,0.10542168468236923,0.9943181872367859,0.84375
YGR147C,YPL157W,0,-7.5436482,0.10540052503347397,0.9943181872367859,0.8439394235610962
YGL014W,YHR214C-B,0,-7.547872,0.1053793653845787,0.9943181872367859,0.8441287875175476
YJL100W,YEL002C,0,-7.5494223,0.10535822063684464,0.9943181872367859,0.8443182110786438
YGR113W,YAL035W,0,-7.550413,0.10533707588911057,0.9943181872367859,0.8445075750350952
YJL170C,YER151C,0,-7.5546584,0.10531594604253769,0.9943181872367859,0.8446969985961914
YNL271C,YJL100W,0,-7.554938,0.10529482364654541,0.9943181872367859,0.8448863625526428
YBR193C,YDR529C,0,-7.5558896,0.10527370870113373,0.9943181872367859,0.845075786113739
YGR214W,YDL120W,0,-7.5576487,0.10525260865688324,0.9943181872367859,0.8452651500701904
YGL207W,YLR234W,0,-7.560673,0.10523150861263275,0.9943181872367859,0.8454545736312866
YOR030W,YPL131W,0,-7.5625854,0.10521042346954346,0.9943181872367859,0.845643937587738
YLR401C,YGR006W,0,-7.5643964,0.10518933832645416,0.9943181872367859,0.8458333611488342
YPL193W,YGR104C,0,-7.5653167,0.10516826808452606,0.9943181872367859,0.8460227251052856
YBR091C,YLR442C,0,-7.5674877,0.10514720529317856,0.9943181872367859,0.8462121486663818
YKL182W,YDR296W,0,-7.5678697,0.10512614995241165,0.9943181872367859,0.8464015126228333
YOR133W,YNL248C,0,-7.579434,0.10510510206222534,0.9943181872367859,0.8465909361839294
YHL011C,YHR030C,0,-7.582214,0.10508406907320023,0.9943181872367859,0.8467803001403809
YML128C,YDL033C,0,-7.5842175,0.10506303608417511,0.9943181872367859,0.846969723701477
YBR205W,YOR132W,0,-7.5856442,0.10504201799631119,0.9943181872367859,0.8471590876579285
YGL014W,YDR247W,0,-7.586469,0.10502100735902786,0.9943181872367859,0.8473485112190247
YDR446W,YDR382W,0,-7.5866585,0.10499999672174454,0.9943181872367859,0.8475378751754761
YJL190C,YBL014C,0,-7.5869555,0.1049790009856224,0.9943181872367859,0.8477272987365723
YIL098C,YDR382W,0,-7.590375,0.10495802015066147,0.9943181872367859,0.8479166626930237
YKL182W,YOR284W,0,-7.5924706,0.10493703931570053,0.9943181872367859,0.8481060862541199
YKL110C,YOR281C,0,-7.595673,0.10491606593132019,0.9943181872367859,0.8482954502105713
YNR044W,YHR152W,0,-7.606162,0.10489510744810104,0.9943181872367859,0.8484848737716675
YJR119C,YLR016C,0,-7.6107373,0.1048741489648819,0.9943181872367859,0.8486742377281189
YOR371C,YLR212C,0,-7.613307,0.10485320538282394,0.9943181872367859,0.8488636612892151
YER038C,YOR313C,0,-7.6137824,0.10483226925134659,0.9943181872367859,0.8490530252456665
YER016W,YOR185C,0,-7.614168,0.10481134057044983,0.9943181872367859,0.8492424488067627
YDR216W,YKR056W,0,-7.6152606,0.10479041934013367,0.9943181872367859,0.8494318127632141
YGR036C,YPR161C,0,-7.6203046,0.1047695055603981,0.9943181872367859,0.8496212363243103
YDL085W,YGR099W,0,-7.620738,0.10474860668182373,0.9943181872367859,0.8498106002807617
YJL085W,YDR418W,0,-7.6226296,0.10472770780324936,0.9943181872367859,0.8500000238418579
YLL002W,YPR054W,0,-7.623236,0.10470682382583618,0.9943181872367859,0.8501893877983093
YDR158W,YMR087W,0,-7.625063,0.104685939848423,0.9943181872367859,0.8503788113594055
YLR002C,YDR488C,0,-7.626259,0.10466507077217102,0.9943181872367859,0.8505681753158569
YJL196C,YLL043W,0,-7.626514,0.10464420914649963,0.9943181872367859,0.8507575988769531
YML081C-A,YGR128C,0,-7.627032,0.10462335497140884,0.9943181872367859,0.8509469628334045
YLR347C,YOR361C,0,-7.6286163,0.10460250824689865,0.9943181872367859,0.8511363863945007
YJL014W,YJL042W,0,-7.6288195,0.10458167642354965,0.9943181872367859,0.8513257503509521
YER107C,YNL279W,0,-7.632294,0.10456084460020065,0.9943181872367859,0.8515151739120483
YPR030W,YLL022C,0,-7.633959,0.10454002022743225,0.9943181872367859,0.8517045378684998
YGL021W,YIL013C,0,-7.634105,0.10451921075582504,0.9943181872367859,0.851893961429596
YEL056W,YBL075C,0,-7.63623,0.10449840873479843,0.9943181872367859,0.8520833253860474
YPL075W,YIL149C,0,-7.636864,0.10447761416435242,0.9943181872367859,0.8522727489471436
YDR141C,YGR264C,0,-7.637687,0.104456827044487,0.9943181872367859,0.852462112903595
YIL079C,YPR068C,0,-7.6391435,0.10443604737520218,0.9943181872367859,0.8526515364646912
YLR254C,YOR001W,0,-7.639371,0.10441527515649796,0.9943181872367859,0.8528409004211426
YKL152C,YKL176C,0,-7.6395373,0.10439451038837433,0.9943181872367859,0.8530303239822388
YDR148C,YER041W,0,-7.646923,0.1043737605214119,0.9943181872367859,0.8532196879386902
YGL070C,YOR216C,0,-7.647228,0.10435301065444946,0.9943181872367859,0.8534091114997864
YJL024C,YAL035W,0,-7.6502547,0.10433227568864822,0.9943181872367859,0.8535984754562378
YCL039W,YOL080C,0,-7.651961,0.10431154072284698,0.9943181872367859,0.853787899017334
YNR044W,YJR063W,0,-7.652642,0.10429082065820694,0.9943181872367859,0.8539772629737854
YLR214W,YCR028C-A,0,-7.656304,0.10427010804414749,0.9943181872367859,0.8541666865348816
YPR019W,YMR143W,0,-7.658054,0.10424940288066864,0.9943181872367859,0.854356050491333
YNL318C,YLL002W,0,-7.658248,0.10422870516777039,0.9943181872367859,0.8545454740524292
YMR199W,YPL244C,0,-7.6583,0.10420802235603333,0.9943181872367859,0.8547348380088806
YGL111W,YPL167C,0,-7.659814,0.10418733954429626,0.9943181872367859,0.8549242615699768
YOR094W,YHR191C,0,-7.6600795,0.1041666641831398,0.9943181872367859,0.8551136255264282
YIL040W,YHR157W,0,-7.66033,0.10414600372314453,0.9943181872367859,0.8553030490875244
YPL231W,YCL035C,0,-7.663687,0.10412535071372986,0.9943181872367859,0.8554924130439758
YHR015W,YDR175C,0,-7.6654377,0.10410469770431519,0.9943181872367859,0.855681836605072
YCR075C,YLL034C,0,-7.667297,0.1040840595960617,0.9943181872367859,0.8558712005615234
YKL179C,YLR134W,0,-7.6677256,0.10406342893838882,0.9943181872367859,0.8560606241226196
YDL148C,YOR049C,0,-7.66822,0.10404280573129654,0.9943181872367859,0.856249988079071
YHR081W,YDR018C,0,-7.668769,0.10402218997478485,0.9943181872367859,0.8564394116401672
YLR176C,YJR019C,0,-7.668806,0.10400158166885376,0.9943181872367859,0.8566287755966187
YPR100W,YGR002C,0,-7.6690154,0.10398098826408386,0.9943181872367859,0.8568181991577148
YER054C,YBR228W,0,-7.6702313,0.10396039485931396,0.9943181872367859,0.8570075631141663
YDR017C,YDR300C,0,-7.670335,0.10393981635570526,0.9943181872367859,0.8571969866752625
YNL225C,YLR405W,0,-7.678948,0.10391923785209656,0.9943181872367859,0.8573863506317139
YMR015C,YKR022C,0,-7.6802344,0.10389867424964905,0.9943181872367859,0.8575757741928101
YDR446W,YBR294W,0,-7.681859,0.10387811809778214,0.9943181872367859,0.8577651381492615
YDL078C,YEL026W,0,-7.682247,0.10385756939649582,0.9943181872367859,0.8579545617103577
YHR197W,YGL097W,0,-7.683554,0.1038370281457901,0.9943181872367859,0.8581439256668091
YMR319C,YEL032W,0,-7.6855145,0.10381649434566498,0.9943181872367859,0.8583333492279053
YHR014W,YOR332W,0,-7.6857104,0.10379596799612045,0.9943181872367859,0.8585227131843567
YGL136C,YBL005W,0,-7.6895747,0.10377544909715652,0.9943181872367859,0.8587121367454529
YNL225C,YGR078C,0,-7.69322,0.1037549376487732,0.9943181872367859,0.8589015007019043
YGR179C,YGR078C,0,-7.693781,0.10373444110155106,0.9943181872367859,0.8590909242630005
YOR147W,YNR059W,0,-7.6959195,0.10371394455432892,0.9943181872367859,0.8592802882194519
YPL131W,YAR042W,0,-7.69628,0.10369346290826797,0.9943181872367859,0.8594697117805481
YNR044W,YIL031W,0,-7.70126,0.10367298871278763,0.9943181872367859,0.8596590757369995
YKL185W,YLR452C,0,-7.7017407,0.10365251451730728,0.9943181872367859,0.8598484992980957
YFR021W,YNL278W,0,-7.702536,0.10363205522298813,0.9943181872367859,0.8600378632545471
YHR197W,YPL042C,0,-7.7025833,0.10361160337924957,0.9943181872367859,0.8602272868156433
YDR036C,YBR072W,0,-7.7049117,0.10359115898609161,0.9943181872367859,0.8604166507720947
YDL074C,YJR144W,0,-7.7055154,0.10357072204351425,0.9943181872367859,0.8606060743331909
YLR114C,YGL255W,0,-7.7056646,0.10355029255151749,0.9943181872367859,0.8607954382896423
YBR212W,YBL035C,0,-7.707233,0.10352987796068192,0.9943181872367859,0.8609848618507385
YBR093C,YDL212W,0,-7.7073374,0.10350946336984634,0.9943181872367859,0.8611742258071899
YPL152W,YMR305C,0,-7.7103443,0.10348905622959137,0.9943181872367859,0.8613636493682861
YJR007W,YJR019C,0,-7.711367,0.10346866399049759,0.9943181872367859,0.8615530133247375
YER112W,YGR214W,0,-7.7117553,0.1034482792019844,0.9943181872367859,0.8617424368858337
YIL004C,YKR056W,0,-7.7125354,0.10342789441347122,0.9943181872367859,0.8619318008422852
YDL040C,YBR060C,0,-7.7133784,0.10340752452611923,0.9943181872367859,0.8621212244033813
YDL084W,YGR281W,0,-7.71417,0.10338716208934784,0.9943181872367859,0.8623105883598328
YMR277W,YCR073C,0,-7.715773,0.10336680710315704,0.9943181872367859,0.862500011920929
YCR082W,YPR006C,0,-7.71884,0.10334645956754684,0.9943181872367859,0.8626893758773804
YAL033W,YBL103C,0,-7.720074,0.10332611948251724,0.9943181872367859,0.8628787994384766
YJL024C,YJR069C,0,-7.720351,0.10330578684806824,0.9943181872367859,0.863068163394928
YJR089W,YMR319C,0,-7.720656,0.10328546166419983,0.9943181872367859,0.8632575869560242
YDR446W,YKL081W,0,-7.721233,0.10326514393091202,0.9943181872367859,0.8634469509124756
YJR069C,YBL035C,0,-7.722918,0.1032448410987854,0.9943181872367859,0.8636363744735718
YNR056C,YBL005W,0,-7.723127,0.10322453826665878,0.9943181872367859,0.8638257384300232
YNL123W,YDR346C,0,-7.73012,0.10320424288511276,0.9943181872367859,0.8640151619911194
YOR056C,YDR489W,0,-7.7305484,0.10318396240472794,0.9943181872367859,0.8642045259475708
YMR198W,YCL010C,0,-7.730748,0.1031636893749237,0.9943181872367859,0.864393949508667
YPR007C,YDL084W,0,-7.732146,0.10314341634511948,0.9943181872367859,0.8645833134651184
YFR051C,YOR294W,0,-7.732589,0.10312315821647644,0.9943181872367859,0.8647727370262146
YJL020C,YGR094W,0,-7.735621,0.103102907538414,0.9943181872367859,0.864962100982666
YOR294W,YLR442C,0,-7.73865,0.10308266431093216,0.9943181872367859,0.8651515245437622
YNL059C,YJL089W,0,-7.7434516,0.10306242853403091,0.9943181872367859,0.8653408885002136
YBR085W,YOL115W,0,-7.745151,0.10304220020771027,0.9943181872367859,0.8655303120613098
YLR214W,YEL031W,0,-7.7456126,0.10302197933197021,0.9943181872367859,0.8657196760177612
YNL286W,YIL051C,0,-7.7471957,0.10300176590681076,0.9943181872367859,0.8659090995788574
YDR461W,YEL026W,0,-7.7488084,0.1029815599322319,0.9943181872367859,0.8660984635353088
YJL014W,YAL035W,0,-7.750692,0.10296136140823364,0.9943181872367859,0.866287887096405
YDR141C,YKL110C,0,-7.7543907,0.10294117778539658,0.9943181872367859,0.8664772510528564
YKL108W,YDR172W,0,-7.7598214,0.10292099416255951,0.9943181872367859,0.8666666746139526
YPR190C,YMR143W,0,-7.767995,0.10290082544088364,0.9943181872367859,0.866856038570404
YGR159C,YKR046C,0,-7.7679963,0.10288065671920776,0.9943181872367859,0.8670454621315002
YJR026W,YML045W,0,-7.7712107,0.10286050289869308,0.9943181872367859,0.8672348260879517
YPL076W,YML128C,0,-7.771233,0.1028403490781784,0.9943181872367859,0.8674242496490479
YLR016C,YEL065W,0,-7.771248,0.10282021015882492,0.9943181872367859,0.8676136136054993
YGR145W,YMR065W,0,-7.772341,0.10280007869005203,0.9943181872367859,0.8678030371665955
YNL278W,YDR363W,0,-7.7739844,0.10277995467185974,0.9943181872367859,0.8679924011230469
YPL170W,YKR014C,0,-7.7757244,0.10275983810424805,0.9943181872367859,0.8681818246841431
YJR078W,YIL098C,0,-7.775851,0.10273972898721695,0.9943181872367859,0.8683711886405945
YOL115W,YOR281C,0,-7.7768927,0.10271962732076645,0.9943181872367859,0.8685606122016907
YAL041W,YPL128C,0,-7.778629,0.10269953310489655,0.9943181872367859,0.8687499761581421
YHR197W,YBL075C,0,-7.7812705,0.10267944633960724,0.9943181872367859,0.8689393997192383
YDL148C,YDR418W,0,-7.7813306,0.10265936702489853,0.9943181872367859,0.8691287636756897
YPR030W,YPR178W,0,-7.7853847,0.10263929516077042,0.9943181872367859,0.8693181872367859
YBL008W,YDL064W,0,-7.7854266,0.1026192307472229,0.9943181872367859,0.8695075511932373
YJR069C,YHR014W,0,-7.786487,0.10259918123483658,0.9943181872367859,0.8696969747543335
YER133W,YHR090C,0,-7.787682,0.10257913172245026,0.9943181872367859,0.8698863387107849
YBR205W,YOL094C,0,-7.7955794,0.10255909711122513,0.9943181872367859,0.8700757622718811
YPR190C,YOR003W,0,-7.798319,0.1025390625,0.9943181872367859,0.8702651262283325
YER174C,YMR190C,0,-7.8012667,0.10251904278993607,0.9943181872367859,0.8704545497894287
YBR274W,YBR079C,0,-7.801418,0.10249902307987213,0.9943181872367859,0.8706439137458801
YLR114C,YJL045W,0,-7.802526,0.10247901827096939,0.9943181872367859,0.8708333373069763
YJR078W,YKR062W,0,-7.803303,0.10245901346206665,0.9943181872367859,0.8710227012634277
YPL127C,YGR279C,0,-7.803645,0.1024390235543251,0.9943181872367859,0.8712121248245239
YKL038W,YPR190C,0,-7.8042955,0.10241904109716415,0.9943181872367859,0.8714014887809753
YKL185W,YDR382W,0,-7.804621,0.1023990660905838,0.9943181872367859,0.8715909123420715
YKL015W,YGR122W,0,-7.8052173,0.10237909853458405,0.9943181872367859,0.871780276298523
YNL117W,YFL037W,0,-7.8104777,0.10235913097858429,0.9943181872367859,0.8719696998596191
YJR063W,YDL020C,0,-7.8109603,0.10233917832374573,0.9943181872367859,0.8721590638160706
YCR088W,YGR213C,0,-7.810994,0.10231923311948776,0.9943181872367859,0.8723484873771667
YLR095C,YGR122W,0,-7.812075,0.1022992953658104,0.9943181872367859,0.8725378513336182
YIL079C,YDR422C,0,-7.8178945,0.10227937251329422,0.9943181872367859,0.8727272748947144
YPL212C,YHR197W,0,-7.822825,0.10225944966077805,0.9943181872367859,0.8729166388511658
YKR036C,YGL070C,0,-7.823107,0.10223953425884247,0.9943181872367859,0.873106062412262
YOL139C,YGR078C,0,-7.8248863,0.10221962630748749,0.9943181872367859,0.8732954263687134
YPL154C,YEL026W,0,-7.8260527,0.1021997258067131,0.9943181872367859,0.8734848499298096
YLL034C,YDR389W,0,-7.827044,0.10217984020709991,0.9943181872367859,0.873674213886261
YGR036C,YMR260C,0,-7.8286076,0.10215995460748672,0.9943181872367859,0.8738636374473572
YHR011W,YGL136C,0,-7.8308105,0.10214007645845413,0.9943181872367859,0.8740530014038086
YGR036C,YIL035C,0,-7.8309464,0.10212021321058273,0.9943181872367859,0.8742424249649048
YLR114C,YOL080C,0,-7.8322988,0.10210034996271133,0.9943181872367859,0.8744317889213562
YHR021C,YLL002W,0,-7.8342957,0.10208049416542053,0.9943181872367859,0.8746212124824524
YBR093C,YGR081C,0,-7.836519,0.10206065326929092,0.9943181872367859,0.8748105764389038
YDR420W,YDR443C,0,-7.8366466,0.10204081982374191,0.9943181872367859,0.875
YMR305C,YGR279C,0,-7.8378425,0.1020209863781929,0.9943181872367859,0.8751894235610962
YBL018C,YOR127W,0,-7.8394036,0.10200116783380508,0.9943181872367859,0.8753787875175476
YJL014W,YER127W,0,-7.839849,0.10198134928941727,0.9943181872367859,0.8755682110786438
YOR371C,YNR011C,0,-7.84088,0.10196154564619064,0.9943181872367859,0.8757575750350952
YDL074C,YER151C,0,-7.8429766,0.10194174945354462,0.9943181872367859,0.8759469985961914
YOR168W,YJL061W,0,-7.8434567,0.10192195326089859,0.9943181872367859,0.8761363625526428
YKR009C,YOR168W,0,-7.8444242,0.10190217196941376,0.9943181872367859,0.876325786113739
YGR002C,YKL081W,0,-7.8447304,0.10188239812850952,0.9943181872367859,0.8765151500701904
YEL018W,YJL168C,0,-7.8453865,0.10186263173818588,0.9943181872367859,0.8767045736312866
YLR131C,YMR088C,0,-7.84633,0.10184287279844284,0.9943181872367859,0.876893937587738
YHR114W,YOL010W,0,-7.8496547,0.1018231213092804,0.9943181872367859,0.8770833611488342
YER119C,YDL185W,0,-7.8505845,0.10180337727069855,0.9943181872367859,0.8772727251052856
YDR421W,YPL117C,0,-7.852098,0.1017836406826973,0.9943181872367859,0.8774621486663818
YDR245W,YHL006C,0,-7.8529506,0.10176390409469604,0.9943181872367859,0.8776515126228333
YBR217W,YGL169W,0,-7.85455,0.10174418240785599,0.9943181872367859,0.8778409361839294
YGR244C,YDL213C,0,-7.8553786,0.10172447562217712,0.9943181872367859,0.8780303001403809
YMR319C,YBR294W,0,-7.855477,0.10170476883649826,0.9943181872367859,0.878219723701477
YJL168C,YLR442C,0,-7.8588624,0.1016850695014,0.9943181872367859,0.8784090876579285
YER174C,YNL145W,0,-7.859816,0.10166537761688232,0.9943181872367859,0.8785985112190247
YNR019W,YDR211W,0,-7.862366,0.10164569318294525,0.9943181872367859,0.8787878751754761
YNL279W,YPL131W,0,-7.8646207,0.10162601619958878,0.9943181872367859,0.8789772987365723
YLR223C,YDR247W,0,-7.8652225,0.1016063466668129,0.9943181872367859,0.8791666626930237
YIL042C,YMR218C,0,-7.8667903,0.10158668458461761,0.9943181872367859,0.8793560862541199
YKR036C,YPL042C,0,-7.8674283,0.10156703740358353,0.9943181872367859,0.8795454502105713
YKL110C,YBR228W,0,-7.868879,0.10154739022254944,0.9943181872367859,0.8797348737716675
YBR085W,YOR371C,0,-7.8712106,0.10152775049209595,0.9943181872367859,0.8799242377281189
YER013W,YER111C,0,-7.87176,0.10150811821222305,0.9943181872367859,0.8801136612892151
YKR009C,YIR017C,0,-7.874806,0.10148850083351135,0.9943181872367859,0.8803030252456665
YER112W,YBL005W,0,-7.8765383,0.10146888345479965,0.9943181872367859,0.8804924488067627
YDR254W,YGR094W,0,-7.876845,0.10144927352666855,0.9943181872367859,0.8806818127632141
YJR002W,YGR008C,0,-7.877647,0.10142967849969864,0.9943181872367859,0.8808712363243103
YER038C,YDL212W,0,-7.878764,0.10141008347272873,0.9943181872367859,0.8810606002807617
YLR056W,YMR143W,0,-7.881443,0.10139049589633942,0.9943181872367859,0.8812500238418579
YIL004C,YLR145W,0,-7.88166,0.1013709232211113,0.9943181872367859,0.8814393877983093
YJR069C,YMR236W,0,-7.8829064,0.10135135054588318,0.9943181872367859,0.8816288113594055
YGR095C,YML064C,0,-7.8884435,0.10133179277181625,0.9943181872367859,0.8818181753158569
YJL094C,YGR264C,0,-7.8896356,0.10131223499774933,0.9943181872367859,0.8820075988769531
YOL071W,YNL279W,0,-7.8916497,0.101292684674263,0.9943181872367859,0.8821969628334045
YMR290C,YJR144W,0,-7.891945,0.10127314925193787,0.9943181872367859,0.8823863863945007
YPL240C,YJL134W,0,-7.89294,0.10125361382961273,0.9943181872367859,0.8825757503509521
YLL034C,YFR048W,0,-7.8930964,0.10123409330844879,0.9943181872367859,0.8827651739120483
YDR091C,YCR073C,0,-7.8935585,0.10121457278728485,0.9943181872367859,0.8829545378684998
YJR155W,YMR305C,0,-7.897985,0.1011950671672821,0.9943181872367859,0.883143961429596
YKR036C,YGR094W,0,-7.8993926,0.10117556154727936,0.9943181872367859,0.8833333253860474
YDL085W,YDR353W,0,-7.9006686,0.1011560708284378,0.9943181872367859,0.8835227489471436
YOL010W,YNL294C,0,-7.901092,0.10113658010959625,0.9943181872367859,0.883712112903595
YLR411W,YMR164C,0,-7.906562,0.1011171042919159,0.9943181872367859,0.8839015364646912
YIR019C,YJR007W,0,-7.907546,0.10109762847423553,0.9943181872367859,0.8840909004211426
YBR079C,YPL206C,0,-7.9133563,0.10107816755771637,0.9943181872367859,0.8842803239822388
YCL035C,YFL037W,0,-7.921508,0.1010587066411972,0.9943181872367859,0.8844696879386902
YOR074C,YJR049C,0,-7.921663,0.10103926062583923,0.9943181872367859,0.8846591114997864
YKR019C,YJL100W,0,-7.9223256,0.10101982206106186,0.9943181872367859,0.8848484754562378
YIL026C,YDL084W,0,-7.922426,0.10100038349628448,0.9943181872367859,0.885037899017334
YKL152C,YGR028W,0,-7.9226613,0.1009809598326683,0.9943181872367859,0.8852272629737854
YGR113W,YDL064W,0,-7.923326,0.10096153616905212,0.9943181872367859,0.8854166865348816
YNL029C,YJR002W,0,-7.924069,0.10094212740659714,0.9943181872367859,0.885606050491333
YNR044W,YMR204C,0,-7.9294596,0.10092271864414215,0.9943181872367859,0.8857954740524292
YFL056C,YML021C,0,-7.933347,0.10090332478284836,0.9943181872367859,0.8859848380088806
YLR056W,YMR243C,0,-7.9335456,0.10088393837213516,0.9943181872367859,0.8861742615699768
YNR056C,YGL100W,0,-7.9364514,0.10086455196142197,0.9943181872367859,0.8863636255264282
YLR256W,YGR128C,0,-7.9389725,0.10084518045186996,0.9943181872367859,0.8865530490875244
YPL127C,YHR048W,0,-7.943267,0.10082580894231796,0.9943181872367859,0.8867424130439758
YBR091C,YOL080C,0,-7.9453588,0.10080645233392715,0.9943181872367859,0.886931836605072
YAR031W,YML091C,0,-7.9455533,0.10078709572553635,0.9943181872367859,0.8871212005615234
YBL079W,YFL037W,0,-7.9459867,0.10076775401830673,0.9943181872367859,0.8873106241226196
YHR197W,YHR030C,0,-7.946051,0.10074841976165771,0.9943181872367859,0.887499988079071
YGR145W,YDR148C,0,-7.946461,0.1007290855050087,0.9943181872367859,0.8876894116401672
YGL021W,YDL149W,0,-7.9477477,0.10070976614952087,0.9943181872367859,0.8878787755966187
YPL157W,YPL206C,0,-7.948667,0.10069044679403305,0.9943181872367859,0.8880681991577148
YGR108W,YPL020C,0,-7.948872,0.10067114233970642,0.9943181872367859,0.8882575631141663
YOL139C,YKR046C,0,-7.949194,0.10065183788537979,0.9943181872367859,0.8884469866752625
YJR155W,YPL212C,0,-7.952161,0.10063254833221436,0.9943181872367859,0.8886363506317139
YDR254W,YPL093W,0,-7.954308,0.10061325877904892,0.9943181872367859,0.8888257741928101
YGR280C,YEL031W,0,-7.956801,0.10059398412704468,0.9943181872367859,0.8890151381492615
YDL212W,YLR442C,0,-7.95711,0.10057470947504044,0.9943181872367859,0.8892045617103577
YBL018C,YDL030W,0,-7.9596367,0.10055544972419739,0.9943181872367859,0.8893939256668091
YML081C-A,YJR078W,0,-7.961615,0.10053618997335434,0.9943181872367859,0.8895833492279053
YJL058C,YDL213C,0,-7.962143,0.10051694512367249,0.9943181872367859,0.8897727131843567
YOR011W,YLR214W,0,-7.96484,0.10049770027399063,0.9943181872367859,0.8899621367454529
YNL286W,YDL064W,0,-7.9717298,0.10047847032546997,0.9943181872367859,0.8901515007019043
YLR186W,YDL076C,0,-7.9735856,0.10045924037694931,0.9943181872367859,0.8903409242630005
YPL228W,YDL033C,0,-7.9816957,0.10044002532958984,0.9943181872367859,0.8905302882194519
YHR011W,YDL130W-A,0,-7.985885,0.10042081028223038,0.9943181872367859,0.8907197117805481
YIL042C,YML021C,0,-7.9859014,0.1004016101360321,0.9943181872367859,0.8909090757369995
YDR123C,YER112W,0,-7.991732,0.10038240998983383,0.9943181872367859,0.8910984992980957
YKL152C,YGL163C,0,-7.9918323,0.10036321729421616,0.9943181872367859,0.8912878632545471
YLL024C,YJR049C,0,-7.992117,0.10034403949975967,0.9943181872367859,0.8914772868156433
YMR053C,YPL016W,0,-7.9933667,0.10032486170530319,0.9943181872367859,0.8916666507720947
YHR157W,YOL124C,0,-7.994276,0.10030569136142731,0.9943181872367859,0.8918560743331909
YNL029C,YNR046W,0,-7.995957,0.10028653591871262,0.9943181872367859,0.8920454382896423
YKL038W,YDR324C,0,-7.997946,0.10026738047599792,0.9943181872367859,0.8922348618507385
YHR005C-A,YMR137C,0,-8.000113,0.10024823248386383,0.9943181872367859,0.8924242258071899
YOL094C,YNR034W,0,-8.000557,0.10022909194231033,0.9943181872367859,0.8926136493682861
YER019C-A,YCL010C,0,-8.00109,0.10020996630191803,0.9943181872367859,0.8928030133247375
YEL026W,YPL032C,0,-8.001561,0.10019084066152573,0.9943181872367859,0.8929924368858337
YMR236W,YBR061C,0,-8.004293,0.10017172247171402,0.9943181872367859,0.8931818008422852
YEL029C,YIL042C,0,-8.00496,0.10015261173248291,0.9943181872367859,0.8933712244033813
YDR418W,YMR053C,0,-8.005192,0.1001335084438324,0.9943181872367859,0.8935605883598328
YDR201W,YOR270C,0,-8.008262,0.10011442005634308,0.9943181872367859,0.893750011920929
YML116W,YDR320C,0,-8.00883,0.10009533166885376,0.9943181872367859,0.8939393758773804
YBR154C,YPL042C,0,-8.009416,0.10007625073194504,0.9943181872367859,0.8941287994384766
YDR108W,YOR294W,0,-8.012349,0.10005717724561691,0.9943181872367859,0.894318163394928
YOL139C,YPL076W,0,-8.013675,0.10003811120986938,0.9943181872367859,0.8945075869560242
YLR429W,YLR401C,0,-8.014232,0.10001905262470245,0.9943181872367859,0.8946969509124756
YOR216C,YGR008C,0,-8.022126,0.10000000149011612,0.9943181872367859,0.8948863744735718
YPR019W,YGR008C,0,-8.022723,0.09998095780611038,0.9943181872367859,0.8950757384300232
YDL231C,YEL032W,0,-8.022795,0.09996192157268524,0.9943181872367859,0.8952651619911194
YPL049C,YJR063W,0,-8.02771,0.0999428927898407,0.9943181872367859,0.8954545259475708
YOR315W,YJL093C,0,-8.028669,0.09992386400699615,0.9943181872367859,0.895643949508667
YEL050C,YDL194W,0,-8.030818,0.0999048501253128,0.9943181872367859,0.8958333134651184
YER155C,YDR418W,0,-8.034362,0.09988584369421005,0.9943181872367859,0.8960227370262146
YOR133W,YBL063W,0,-8.037546,0.0998668447136879,0.9943181872367859,0.896212100982666
YBR088C,YBR175W,0,-8.0392885,0.09984785318374634,0.9943181872367859,0.8964015245437622
YPL161C,YLR318W,0,-8.041046,0.09982886165380478,0.9943181872367859,0.8965908885002136
YHR120W,YLL002W,0,-8.041234,0.09980988502502441,0.9943181872367859,0.8967803120613098
YJR025C,YEL063C,0,-8.043053,0.09979091584682465,0.9943181872367859,0.8969696760177612
YBL079W,YMR137C,0,-8.043247,0.09977194666862488,0.9943181872367859,0.8971590995788574
YPL221W,YER161C,0,-8.047913,0.0997529923915863,0.9943181872367859,0.8973484635353088
YOR127W,YJR063W,0,-8.04864,0.09973404556512833,0.9943181872367859,0.897537887096405
YEL029C,YGR091W,0,-8.052651,0.09971509873867035,0.9943181872367859,0.8977272510528564
YFR033C,YDL185W,0,-8.054154,0.09969616681337357,0.9943181872367859,0.8979166746139526
YMR199W,YGL255W,0,-8.060794,0.09967723488807678,0.9943181872367859,0.898106038570404
YPR128C,YGR128C,0,-8.066916,0.09965831786394119,0.9943181872367859,0.8982954621315002
YDL093W,YLR442C,0,-8.070085,0.0996394008398056,0.9943181872367859,0.8984848260879517
YDR312W,YPL157W,0,-8.073711,0.09962049126625061,0.9943181872367859,0.8986742496490479
YNL286W,YNR053C,0,-8.075061,0.09960159659385681,0.9943181872367859,0.8988636136054993
YOR073W,YLR442C,0,-8.075704,0.09958270192146301,0.9943181872367859,0.8990530371665955
YNL271C,YPL144W,0,-8.087111,0.09956381469964981,0.9943181872367859,0.8992424011230469
YJL020C,YNR017W,0,-8.089319,0.0995449349284172,0.9943181872367859,0.8994318246841431
YOR335C,YJL117W,0,-8.089653,0.0995260700583458,0.9943181872367859,0.8996211886405945
YPL155C,YPL032C,0,-8.0911255,0.09950720518827438,0.9943181872367859,0.8998106122016907
YAR031W,YGL255W,0,-8.096399,0.09948834776878357,0.9943181872367859,0.8999999761581421
YMR015C,YGR214W,0,-8.097143,0.09946949779987335,0.9943181872367859,0.9001893997192383
YLR100W,YHR196W,0,-8.097972,0.09945065528154373,0.9943181872367859,0.9003787636756897
YDR421W,YPL093W,0,-8.098131,0.09943182021379471,0.9943181872367859,0.9005681872367859
YLR370C,YPL132W,0,-8.09933,0.09941299259662628,0.9943181872367859,0.9007575511932373
YPL154C,YCR028C-A,0,-8.101701,0.09939417243003845,0.9943181872367859,0.9009469747543335
YBL023C,YOL094C,0,-8.10215,0.09937535226345062,0.9943181872367859,0.9011363387107849
YMR319C,YDR369C,0,-8.103698,0.09935654699802399,0.9943181872367859,0.9013257622718811
YHR120W,YHL006C,0,-8.104132,0.09933774918317795,0.9943181872367859,0.9015151262283325
YJR050W,YOR119C,0,-8.104871,0.0993189588189125,0.9943181872367859,0.9017045497894287
YNL248C,YNL025C,0,-8.106772,0.09930016845464706,0.9943181872367859,0.9018939137458801
YJR155W,YDR487C,0,-8.112978,0.09928139299154282,0.9943181872367859,0.9020833373069763
YLL041C,YOR035C,0,-8.113398,0.09926261752843857,0.9943181872367859,0.9022727012634277
YJL081C,YPR030W,0,-8.118109,0.09924385696649551,0.9943181872367859,0.9024621248245239
YMR198W,YPL032C,0,-8.120963,0.09922509640455246,0.9943181872367859,0.9026514887809753
YPL123C,YGR099W,0,-8.121184,0.0992063507437706,0.9943181872367859,0.9028409123420715
YNL293W,YBR088C,0,-8.122871,0.09918760508298874,0.9943181872367859,0.903030276298523
YAL033W,YOL080C,0,-8.122885,0.09916886687278748,0.9943181872367859,0.9032196998596191
YOL151W,YIL149C,0,-8.127099,0.0991501435637474,0.9943181872367859,0.9034090638160706
YOR147W,YHR021C,0,-8.127803,0.09913142025470734,0.9943181872367859,0.9035984873771667
YJL178C,YNL113W,0,-8.131058,0.09911270439624786,0.9943181872367859,0.9037878513336182
YNL225C,YEL026W,0,-8.132852,0.09909399598836899,0.9943181872367859,0.9039772748947144
YPR135W,YBR040W,0,-8.133323,0.09907529503107071,0.9943181872367859,0.9041666388511658
YPR019W,YOL010W,0,-8.13921,0.09905660152435303,0.9943181872367859,0.904356062412262
YBR110W,YPR119W,0,-8.142106,0.09903791546821594,0.9943181872367859,0.9045454263687134
YDR141C,YOL010W,0,-8.145166,0.09901923686265945,0.9943181872367859,0.9047348499298096
YMR218C,YDR247W,0,-8.146933,0.09900056570768356,0.9943181872367859,0.904924213886261
YHR196W,YLR386W,0,-8.148309,0.09898190200328827,0.9943181872367859,0.9051136374473572
YKL110C,YGL111W,0,-8.148359,0.09896324574947357,0.9943181872367859,0.9053030014038086
YKL192C,YER038C,0,-8.148687,0.09894458949565887,0.9943181872367859,0.9054924249649048
YLR288C,YLL034C,0,-8.1494665,0.09892594814300537,0.9943181872367859,0.9056817889213562
YOL115W,YBR079C,0,-8.153134,0.09890730679035187,0.9943181872367859,0.9058712124824524
YDR529C,YJR049C,0,-8.155328,0.09888868033885956,0.9943181872367859,0.9060605764389038
YAL030W,YKL081W,0,-8.157432,0.09887005388736725,0.9943181872367859,0.90625
YDL149W,YMR101C,0,-8.165049,0.09885144233703613,0.9943181872367859,0.9064394235610962
YHR086W,YNR046W,0,-8.17113,0.09883283078670502,0.9943181872367859,0.9066287875175476
YIL132C,YDL148C,0,-8.17246,0.0988142266869545,0.9943181872367859,0.9068182110786438
YJL170C,YMR229C,0,-8.173154,0.09879563748836517,0.9943181872367859,0.9070075750350952
YLR223C,YPR074C,0,-8.175145,0.09877704828977585,0.9943181872367859,0.9071969985961914
YHR114W,YPL131W,0,-8.179044,0.09875846654176712,0.9943181872367859,0.9073863625526428
YLL009C,YOR298C-A,0,-8.18152,0.09873989224433899,0.9943181872367859,0.907575786113739
YGL070C,YBL014C,0,-8.183757,0.09872132539749146,0.9943181872367859,0.9077651500701904
YGR143W,YJR007W,0,-8.188079,0.09870276600122452,0.9943181872367859,0.9079545736312866
YKL038W,YHR197W,0,-8.188419,0.09868421405553818,0.9943181872367859,0.908143937587738
YIL079C,YIL035C,0,-8.189084,0.09866566210985184,0.9943181872367859,0.9083333611488342
YDR101C,YER119C,0,-8.191632,0.09864712506532669,0.9943181872367859,0.9085227251052856
YEL061C,YOR046C,0,-8.197657,0.09862859547138214,0.9943181872367859,0.9087121486663818
YCR086W,YGR128C,0,-8.19796,0.09861006587743759,0.9943181872367859,0.9089015126228333
YNL271C,YGR152C,0,-8.204196,0.09859155118465424,0.9943181872367859,0.9090909361839294
YKL186C,YDR382W,0,-8.205394,0.09857303649187088,0.9943181872367859,0.9092803001403809
YGR085C,YDR259C,0,-8.209587,0.09855453670024872,0.9943181872367859,0.909469723701477
YDL148C,YNL279W,0,-8.210636,0.09853603690862656,0.9943181872367859,0.9096590876579285
YPR171W,YDL148C,0,-8.212253,0.09851754456758499,0.9943181872367859,0.9098485112190247
YBR274W,YBR294W,0,-8.214568,0.09849905967712402,0.9943181872367859,0.9100378751754761
YDR101C,YIL031W,0,-8.216178,0.09848058223724365,0.9943181872367859,0.9102272987365723
YOR025W,YDL111C,0,-8.21621,0.09846211224794388,0.9943181872367859,0.9104166626930237
YOR073W,YER151C,0,-8.218779,0.0984436497092247,0.9943181872367859,0.9106060862541199
YNL042W,YOR073W,0,-8.219338,0.09842519462108612,0.9943181872367859,0.9107954502105713
YFR051C,YHR197W,0,-8.21941,0.09840674698352814,0.9943181872367859,0.9109848737716675
YMR319C,YDR418W,0,-8.221807,0.09838830679655075,0.9943181872367859,0.9111742377281189
YBR020W,YKL081W,0,-8.222242,0.09836987406015396,0.9943181872367859,0.9113636612892151
YOL094C,YJL074C,0,-8.22265,0.09835144132375717,0.9943181872367859,0.9115530252456665
YIL132C,YDR091C,0,-8.224369,0.09833302348852158,0.9943181872367859,0.9117424488067627
YNL117W,YKR046C,0,-8.227505,0.09831460565328598,0.9943181872367859,0.9119318127632141
YER126C,YLL003W,0,-8.228216,0.09829620271921158,0.9943181872367859,0.9121212363243103
YOR294W,YML021C,0,-8.229913,0.09827779978513718,0.9943181872367859,0.9123106002807617
YPL022W,YFL037W,0,-8.232765,0.09825940430164337,0.9943181872367859,0.9125000238418579
YCL017C,YPR007C,0,-8.233789,0.09824101626873016,0.9943181872367859,0.9126893877983093
YHR197W,YDR389W,0,-8.234146,0.09822263568639755,0.9943181872367859,0.9128788113594055
YLR186W,YNL113W,0,-8.236275,0.09820426255464554,0.9943181872367859,0.9130681753158569
YOR354C,YHR118C,0,-8.23729,0.09818589687347412,0.9943181872367859,0.9132575988769531
YJL178C,YGR128C,0,-8.238242,0.0981675386428833,0.9943181872367859,0.9134469628334045
YEL029C,YGR267C,0,-8.239455,0.09814918786287308,0.9943181872367859,0.9136363863945007
YGL021W,YDR077W,0,-8.240378,0.09813084453344345,0.9943181872367859,0.9138257503509521
YDR382W,YER151C,0,-8.243952,0.09811250120401382,0.9943181872367859,0.9140151739120483
YPR030W,YEL032W,0,-8.248883,0.09809417277574539,0.9943181872367859,0.9142045378684998
YIL004C,YMR211W,0,-8.250642,0.09807584434747696,0.9943181872367859,0.914393961429596
YOR250C,YNL182C,0,-8.250972,0.09805752336978912,0.9943181872367859,0.9145833253860474
YEL032W,YDR190C,0,-8.251947,0.09803921729326248,0.9943181872367859,0.9147727489471436
YIL042C,YDR382W,0,-8.25243,0.09802091121673584,0.9943181872367859,0.914962112903595
YCR012W,YPR190C,0,-8.253158,0.0980026125907898,0.9943181872367859,0.9151515364646912
YGR108W,YPR161C,0,-8.253961,0.09798432141542435,0.9943181872367859,0.9153409004211426
YMR035W,YGR078C,0,-8.254234,0.0979660376906395,0.9943181872367859,0.9155303239822388
YBR088C,YGL014W,0,-8.262329,0.09794776141643524,0.9943181872367859,0.9157196879386902
YMR276W,YPL046C,1,-8.264108,0.09811602532863617,0.9962121248245239,0.9157196879386902
YOR046C,YNL085W,0,-8.264314,0.09809772670269012,0.9962121248245239,0.9159091114997864
YDR377W,YJL058C,0,-8.264779,0.09807943552732468,0.9962121248245239,0.9160984754562378
YMR319C,YJR002W,0,-8.266168,0.09806115180253983,0.9962121248245239,0.916287899017334
YLR131C,YER119C,0,-8.277156,0.09804286807775497,0.9962121248245239,0.9164772629737854
YJR042W,YJL011C,0,-8.280884,0.09802459925413132,0.9962121248245239,0.9166666865348816
YHR014W,YAR042W,0,-8.281664,0.09800633788108826,0.9962121248245239,0.916856050491333
YGR264C,YGL249W,0,-8.282659,0.0979880765080452,0.9962121248245239,0.9170454740524292
YOR094W,YBL014C,0,-8.286485,0.09796983003616333,0.9962121248245239,0.9172348380088806
YPL137C,YLR141W,0,-8.29305,0.09795158356428146,0.9962121248245239,0.9174242615699768
YNR008W,YBR257W,0,-8.293406,0.0979333445429802,0.9962121248245239,0.9176136255264282
YDR148C,YDL081C,0,-8.297008,0.09791511297225952,0.9962121248245239,0.9178030490875244
YNR027W,YKR046C,0,-8.297822,0.09789688885211945,0.9962121248245239,0.9179924130439758
YDR172W,YGR082W,0,-8.29948,0.09787867218255997,0.9962121248245239,0.918181836605072
YIL038C,YOL080C,0,-8.300871,0.09786046296358109,0.9962121248245239,0.9183712005615234
YGR280C,YGL249W,0,-8.3034725,0.0978422611951828,0.9962121248245239,0.9185606241226196
YGL070C,YGL207W,0,-8.306323,0.09782406687736511,0.9962121248245239,0.918749988079071
YNR027W,YNR011C,0,-8.312079,0.09780587255954742,0.9962121248245239,0.9189394116401672
YLR186W,YLL003W,0,-8.319482,0.09778769314289093,0.9962121248245239,0.9191287755966187
YHR107C,YKL182W,0,-8.320295,0.09776951372623444,0.9962121248245239,0.9193181991577148
YOR198C,YDL194W,0,-8.323141,0.09775134921073914,0.9962121248245239,0.9195075631141663
YOL151W,YKR056W,0,-8.325686,0.09773318469524384,0.9962121248245239,0.9196969866752625
YGR264C,YDL111C,0,-8.327228,0.09771502763032913,0.9962121248245239,0.9198863506317139
YER107C,YBR061C,0,-8.328666,0.09769687801599503,0.9962121248245239,0.9200757741928101
YOR265W,YBR061C,0,-8.330584,0.09767873585224152,0.9962121248245239,0.9202651381492615
YGR140W,YLR014C,0,-8.334168,0.0976606011390686,0.9962121248245239,0.9204545617103577
YGR081C,YLR212C,0,-8.334946,0.09764247387647629,0.9962121248245239,0.9206439256668091
YLR214W,YKL099C,0,-8.335675,0.09762435406446457,0.9962121248245239,0.9208333492279053
YPR017C,YJL011C,0,-8.338033,0.09760623425245285,0.9962121248245239,0.9210227131843567
YNR017W,YBR088C,0,-8.338805,0.09758812934160233,0.9962121248245239,0.9212121367454529
YDR101C,YDR369C,0,-8.339602,0.0975700244307518,0.9962121248245239,0.9214015007019043
YHR072W,YLR145W,0,-8.342601,0.09755192697048187,0.9962121248245239,0.9215909242630005
YPR019W,YOL124C,0,-8.35226,0.09753383696079254,0.9962121248245239,0.9217802882194519
YIL149C,YDL208W,0,-8.352611,0.0975157618522644,0.9962121248245239,0.9219697117805481
YDR435C,YBL075C,0,-8.356227,0.09749768674373627,0.9962121248245239,0.9221590757369995
YLL022C,YBR257W,0,-8.3589735,0.09747961163520813,0.9962121248245239,0.9223484992980957
YAL035W,YOL060C,0,-8.360415,0.09746155142784119,0.9962121248245239,0.9225378632545471
YEL022W,YJR007W,0,-8.364558,0.09744349867105484,0.9962121248245239,0.9227272868156433
YBR085W,YOR119C,0,-8.365472,0.0974254459142685,0.9962121248245239,0.9229166507720947
YBR257W,YBL014C,0,-8.366309,0.09740740805864334,0.9962121248245239,0.9231060743331909
YPL170W,YMR167W,0,-8.370435,0.09738937020301819,0.9962121248245239,0.9232954382896423
YBR085W,YLR095C,0,-8.372226,0.09737134724855423,0.9962121248245239,0.9234848618507385
YJR089W,YGL169W,0,-8.376271,0.09735332429409027,0.9962121248245239,0.9236742258071899
YDR300C,YOL067C,0,-8.379182,0.09733530879020691,0.9962121248245239,0.9238636493682861
YLR318W,YOR073W,0,-8.381241,0.09731730073690414,0.9962121248245239,0.9240530133247375
YGR140W,YBR040W,0,-8.391402,0.09729930013418198,0.9962121248245239,0.9242424368858337
YOR274W,YJL063C,0,-8.391613,0.09728129953145981,0.9962121248245239,0.9244318008422852
YLL003W,YPL157W,0,-8.392031,0.09726331382989883,0.9962121248245239,0.9246212244033813
YER065C,YLR141W,0,-8.392425,0.09724533557891846,0.9962121248245239,0.9248105883598328
YLR117C,YMR015C,0,-8.395906,0.09722735732793808,0.9962121248245239,0.925000011920929
YNL145W,YKR046C,0,-8.396655,0.0972093865275383,0.9962121248245239,0.9251893758773804
YDR363W,YBL103C,0,-8.405014,0.09719142317771912,0.9962121248245239,0.9253787994384766
YNR044W,YNR039C,0,-8.410593,0.09717347472906113,0.9962121248245239,0.925568163394928
YOR335C,YCR098C,0,-8.420088,0.09715552628040314,0.9962121248245239,0.9257575869560242
YBR257W,YDL194W,0,-8.422555,0.09713757783174515,0.9962121248245239,0.9259469509124756
YHR081W,YGR179C,0,-8.424455,0.09711964428424835,0.9962121248245239,0.9261363744735718
YLL003W,YGR128C,0,-8.426171,0.09710171818733215,0.9962121248245239,0.9263257384300232
YDR148C,YER127W,0,-8.429605,0.09708379209041595,0.9962121248245239,0.9265151619911194
YOR073W,YMR218C,0,-8.432179,0.09706588089466095,0.9962121248245239,0.9267045259475708
YDR245W,YGL169W,0,-8.437336,0.09704796969890594,0.9962121248245239,0.926893949508667
YLR014C,YGL144C,0,-8.438049,0.09703006595373154,0.9962121248245239,0.9270833134651184
YEL029C,YGL111W,0,-8.43974,0.09701216965913773,0.9962121248245239,0.9272727370262146
YMR137C,YGR214W,0,-8.443679,0.09699428081512451,0.9962121248245239,0.927462100982666
YLR186W,YER161C,0,-8.446756,0.0969763994216919,0.9962121248245239,0.9276515245437622
YHR197W,YBR061C,0,-8.44687,0.09695852547883987,0.9962121248245239,0.9278408885002136
YBR072W,YKL051W,0,-8.450936,0.09694065898656845,0.9962121248245239,0.9280303120613098
YDR382W,YLR212C,0,-8.451526,0.09692279249429703,0.9962121248245239,0.9282196760177612
YAL053W,YML091C,0,-8.452487,0.0969049409031868,0.9962121248245239,0.9284090995788574
YOR216C,YEL026W,0,-8.453479,0.09688708931207657,0.9962121248245239,0.9285984635353088
YNL225C,YER126C,0,-8.457521,0.09686924517154694,0.9962121248245239,0.928787887096405
YDR443C,YHR048W,0,-8.463124,0.0968514084815979,0.9962121248245239,0.9289772510528564
YKL038W,YBL055C,0,-8.470075,0.09683357924222946,0.9962121248245239,0.9291666746139526
YGR156W,YBL075C,0,-8.480494,0.09681575745344162,0.9962121248245239,0.929356038570404
YBL005W,YJR063W,0,-8.4810915,0.09679793566465378,0.9962121248245239,0.9295454621315002
YKR036C,YBR030W,0,-8.481733,0.09678012877702713,0.9962121248245239,0.9297348260879517
YKL074C,YPL093W,0,-8.483009,0.09676232188940048,0.9962121248245239,0.9299242496490479
YDR346C,YPL157W,0,-8.486175,0.09674452990293503,0.9962121248245239,0.9301136136054993
YLR186W,YGR152C,0,-8.501267,0.09672673791646957,0.9962121248245239,0.9303030371665955
YDR330W,YIL017C,1,-8.502402,0.096892811357975,0.998106062412262,0.9303030371665955
YOR335C,YDL130W-A,0,-8.509382,0.09687499701976776,0.998106062412262,0.9304924011230469
YOL021C,YMR290C,0,-8.510674,0.09685719758272171,0.998106062412262,0.9306818246841431
YAL041W,YGR078C,0,-8.511345,0.09683939814567566,0.998106062412262,0.9308711886405945
YOL094C,YGL070C,0,-8.527014,0.0968216061592102,0.998106062412262,0.9310606122016907
YKL110C,YGR082W,0,-8.527756,0.09680382162332535,0.998106062412262,0.9312499761581421
YCL010C,YDL130W-A,0,-8.529901,0.09678604453802109,0.998106062412262,0.9314393997192383
YGR214W,YPR161C,0,-8.539844,0.09676826745271683,0.998106062412262,0.9316287636756897
YBR212W,YHR196W,0,-8.544,0.09675050526857376,0.998106062412262,0.9318181872367859
YDR153C,YKR056W,0,-8.551559,0.0967327430844307,0.998106062412262,0.9320075511932373
YDR518W,YJR144W,0,-8.55162,0.09671499580144882,0.998106062412262,0.9321969747543335
YLR117C,YLR186W,0,-8.554044,0.09669724851846695,0.998106062412262,0.9323863387107849
YDL093W,YNL248C,0,-8.55451,0.09667950868606567,0.998106062412262,0.9325757622718811
YPR033C,YGR128C,0,-8.5547495,0.096661776304245,0.998106062412262,0.9327651262283325
YPL131W,YDR285W,0,-8.558448,0.09664405137300491,0.998106062412262,0.9329545497894287
YER045C,YJR063W,0,-8.561387,0.09662632644176483,0.998106062412262,0.9331439137458801
YOR335C,YOR188W,0,-8.563658,0.09660861641168594,0.998106062412262,0.9333333373069763
YEL063C,YEL026W,0,-8.565562,0.09659090638160706,0.998106062412262,0.9335227012634277
YPL123C,YLL002W,0,-8.578435,0.09657321125268936,0.998106062412262,0.9337121248245239
YHR068W,YDR148C,0,-8.58009,0.09655551612377167,0.998106062412262,0.9339014887809753
YMR015C,YDL148C,0,-8.584277,0.09653782844543457,0.998106062412262,0.9340909123420715
YNL182C,YBL005W,0,-8.587237,0.09652014821767807,0.998106062412262,0.934280276298523
YBR193C,YDR091C,0,-8.587844,0.09650247544050217,0.998106062412262,0.9344696998596191
YBR015C,YDR259C,0,-8.58814,0.09648480266332626,0.998106062412262,0.9346590638160706
YLR405W,YJL191W,0,-8.588424,0.09646714478731155,0.998106062412262,0.9348484873771667
YHR067W,YPR033C,0,-8.588708,0.09644948691129684,0.998106062412262,0.9350378513336182
YLR131C,YOR003W,0,-8.590272,0.09643183648586273,0.998106062412262,0.9352272748947144
YJR089W,YOR133W,0,-8.590313,0.09641419351100922,0.998106062412262,0.9354166388511658
YLL009C,YGL136C,0,-8.603188,0.0963965579867363,0.998106062412262,0.935606062412262
YLR009W,YMR143W,0,-8.604613,0.09637892991304398,0.998106062412262,0.9357954263687134
YLR186W,YFL033C,0,-8.607818,0.09636130928993225,0.998106062412262,0.9359848499298096
YKL185W,YGL163C,0,-8.609529,0.09634369611740112,0.998106062412262,0.936174213886261
YJR050W,YDR418W,0,-8.611684,0.09632608294487,0.998106062412262,0.9363636374473572
YER065C,YKR020W,0,-8.619599,0.09630847722291946,0.998106062412262,0.9365530014038086
YKL074C,YJL190C,0,-8.62053,0.09629087895154953,0.998106062412262,0.9367424249649048
YGL021W,YDR450W,0,-8.620969,0.09627329558134079,0.998106062412262,0.9369317889213562
YHR068W,YCR098C,0,-8.630615,0.09625570476055145,0.998106062412262,0.9371212124824524
YKR028W,YEL026W,0,-8.636277,0.09623812884092331,0.998106062412262,0.9373105764389038
YKR036C,YBL005W,0,-8.6384535,0.09622056037187576,0.998106062412262,0.9375
YLR370C,YNL031C,0,-8.647661,0.09620299190282822,0.998106062412262,0.9376894235610962
YAL035W,YMR260C,0,-8.654952,0.09618543833494186,0.998106062412262,0.9378787875175476
YLL022C,YGR119C,0,-8.657073,0.09616788476705551,0.998106062412262,0.9380682110786438
YKL182W,YJR069C,0,-8.663066,0.09615033864974976,0.998106062412262,0.9382575750350952
YBL005W,YMR260C,0,-8.663748,0.0961327999830246,0.998106062412262,0.9384469985961914
YPR119W,YDR108W,0,-8.669658,0.09611526876688004,0.998106062412262,0.9386363625526428
YLR438C-A,YGR078C,0,-8.673076,0.09609773755073547,0.998106062412262,0.938825786113739
YDL231C,YCR012W,0,-8.673242,0.0960802212357521,0.998106062412262,0.9390151500701904
YBR202W,YGR159C,0,-8.683043,0.09606270492076874,0.998106062412262,0.9392045736312866
YNL117W,YMR229C,0,-8.683231,0.09604519605636597,0.998106062412262,0.939393937587738
YKL179C,YJL191W,0,-8.691211,0.09602769464254379,0.998106062412262,0.9395833611488342
YJL094C,YPR187W,0,-8.691951,0.09601020067930222,0.998106062412262,0.9397727251052856
YJL191W,YLR369W,0,-8.702537,0.09599271416664124,0.998106062412262,0.9399621486663818
YGR279C,YMR101C,0,-8.702816,0.09597523510456085,0.998106062412262,0.9401515126228333
YLL022C,YJR042W,0,-8.708537,0.09595775604248047,0.998106062412262,0.9403409361839294
YLL009C,YOR274W,0,-8.709309,0.09594028443098068,0.998106062412262,0.9405303001403809
YBL019W,YDR091C,0,-8.714272,0.09592282772064209,0.998106062412262,0.940719723701477
YHR068W,YCL001W,0,-8.714515,0.0959053710103035,0.998106062412262,0.9409090876579285
YMR015C,YNL117W,0,-8.715667,0.0958879217505455,0.998106062412262,0.9410985112190247
YPR030W,YKL051W,0,-8.718762,0.0958704724907875,0.998106062412262,0.9412878751754761
YJR155W,YML081C-A,0,-8.719487,0.0958530381321907,0.998106062412262,0.9414772987365723
YPR171W,YPL212C,0,-8.724051,0.0958356037735939,0.998106062412262,0.9416666626930237
YGR085C,YJL093C,0,-8.726008,0.0958181843161583,0.998106062412262,0.9418560862541199
YCR034W,YJL168C,0,-8.727357,0.09580076485872269,0.998106062412262,0.9420454502105713
YBR202W,YKL099C,0,-8.727725,0.09578335285186768,0.998106062412262,0.9422348737716675
YNL117W,YDL212W,0,-8.729037,0.09576594829559326,0.998106062412262,0.9424242377281189
YPR019W,YNR053C,0,-8.729269,0.09574854373931885,0.998106062412262,0.9426136612892151
YPL132W,YKR020W,0,-8.731301,0.09573115408420563,0.998106062412262,0.9428030252456665
YPR007C,YDR382W,0,-8.731661,0.09571376442909241,0.998106062412262,0.9429924488067627
YLR401C,YDR091C,0,-8.738013,0.09569638967514038,0.998106062412262,0.9431818127632141
YDR022C,YLR056W,0,-8.743429,0.09567901492118835,0.998106062412262,0.9433712363243103
YKL054C,YHR043C,1,-8.74665,0.09584316611289978,1.0,0.9433712363243103
YDR211W,YMR243C,0,-8.752736,0.09582576900720596,1.0,0.9435606002807617
YPL127C,YOR361C,0,-8.753587,0.09580838680267334,1.0,0.9437500238418579
YMR035W,YKR056W,0,-8.753819,0.09579100459814072,1.0,0.9439393877983093
YNL248C,YLR452C,0,-8.755432,0.0957736223936081,1.0,0.9441288113594055
YEL034W,YOR035C,0,-8.755813,0.09575625509023666,1.0,0.9443181753158569
YLR134W,YDR464W,0,-8.759231,0.09573889523744583,1.0,0.9445075988769531
YPR190C,YNR046W,0,-8.7609215,0.095721535384655,1.0,0.9446969628334045
YER126C,YCR066W,0,-8.761231,0.09570419043302536,1.0,0.9448863863945007
YPL221W,YDR382W,0,-8.762494,0.09568684548139572,1.0,0.9450757503509521
YPR033C,YJL094C,0,-8.7625475,0.09566950798034668,1.0,0.9452651739120483
YPR187W,YOR001W,0,-8.771859,0.09565217047929764,1.0,0.9454545378684998
YBL024W,YBR294W,0,-8.772439,0.09563484787940979,1.0,0.945643961429596
YER112W,YKR056W,0,-8.782966,0.09561753273010254,1.0,0.9458333253860474
YNR011C,YNL113W,0,-8.788614,0.09560021758079529,1.0,0.9460227489471436
YGR091W,YMR229C,0,-8.789013,0.09558290988206863,1.0,0.946212112903595
YIL026C,YJL191W,0,-8.797452,0.09556560963392258,1.0,0.9464015364646912
YHR068W,YGR264C,0,-8.797995,0.09554831683635712,1.0,0.9465909004211426
YKL019W,YJL089W,0,-8.798291,0.09553103148937225,1.0,0.9467803239822388
YDR418W,YHR196W,0,-8.806281,0.09551374614238739,1.0,0.9469696879386902
YOR094W,YAL033W,0,-8.810878,0.09549647569656372,1.0,0.9471591114997864
YDL074C,YJR002W,0,-8.811418,0.09547920525074005,1.0,0.9473484754562378
YJL061W,YEL026W,0,-8.816962,0.09546194225549698,1.0,0.947537899017334
YHR015W,YGR152C,0,-8.822361,0.0954446867108345,1.0,0.9477272629737854
YPL086C,YNL294C,0,-8.822421,0.09542743861675262,1.0,0.9479166865348816
YGR140W,YGR152C,0,-8.825034,0.09541019052267075,1.0,0.948106050491333
YAL013W,YDR324C,0,-8.829531,0.09539295732975006,1.0,0.9482954740524292
YGR007W,YGL097W,0,-8.829974,0.09537572413682938,1.0,0.9484848380088806
YDL208W,YJL093C,0,-8.831208,0.09535849839448929,1.0,0.9486742615699768
YGR121C,YDR091C,0,-8.83261,0.0953412801027298,1.0,0.9488636255264282
YDR420W,YEL065W,0,-8.837068,0.0953240692615509,1.0,0.9490530490875244
YFL056C,YPR119W,0,-8.841081,0.09530685842037201,1.0,0.9492424130439758
YMR015C,YEL065W,0,-8.850295,0.09528966248035431,1.0,0.949431836605072
YBR257W,YDL081C,0,-8.853864,0.09527246654033661,1.0,0.9496212005615234
YDL213C,YNL248C,0,-8.857747,0.0952552780508995,1.0,0.9498106241226196
YPL159C,YDL039C,0,-8.866506,0.095238097012043,1.0,0.949999988079071
YPL076W,YJL089W,0,-8.880868,0.09522092342376709,1.0,0.9501894116401672
YFR051C,YGL070C,0,-8.893981,0.09520374983549118,1.0,0.9503787755966187
YPR190C,YMR243C,0,-8.894601,0.09518658369779587,1.0,0.9505681991577148
YIR019C,YOR356W,0,-8.897627,0.09516943246126175,1.0,0.9507575631141663
YCR012W,YEL050C,0,-8.912814,0.09515228122472763,1.0,0.9509469866752625
YGL111W,YBL025W,0,-8.921863,0.09513513743877411,1.0,0.9511363506317139
YLR009W,YDL244W,0,-8.926047,0.09511799365282059,1.0,0.9513257741928101
YGR145W,YGR099W,0,-8.928931,0.09510086476802826,1.0,0.9515151381492615
YOR046C,YLR442C,0,-8.930044,0.09508373588323593,1.0,0.9517045617103577
YPR100W,YGL255W,0,-8.932153,0.0950666218996048,1.0,0.9518939256668091
YBR072W,YKR019C,0,-8.932525,0.09504950791597366,1.0,0.9520833492279053
YML116W,YBR296C,0,-8.933312,0.09503239393234253,1.0,0.9522727131843567
YBL024W,YDL244W,0,-8.939601,0.09501529484987259,1.0,0.9524621367454529
YOR361C,YPR161C,0,-8.944054,0.09499820321798325,1.0,0.9526515007019043
YPR171W,YGR095C,0,-8.94697,0.0949811115860939,1.0,0.9528409242630005
YHR068W,YDR356W,0,-8.947826,0.09496402740478516,1.0,0.9530302882194519
YOR074C,YCL010C,0,-8.955211,0.094946950674057,1.0,0.9532197117805481
YIL038C,YDR489W,0,-8.96286,0.09492988139390945,1.0,0.9534090757369995
YDL111C,YGL169W,0,-8.963346,0.0949128195643425,1.0,0.9535984992980957
YEL009C,YOR035C,0,-8.967269,0.09489575773477554,1.0,0.9537878632545471
YGL021W,YOR216C,0,-8.967801,0.09487870335578918,1.0,0.9539772868156433
YPR033C,YBL103C,0,-8.968778,0.09486165642738342,1.0,0.9541666507720947
YNL182C,YPL139C,0,-8.971316,0.09484461694955826,1.0,0.9543560743331909
YOR185C,YAL033W,0,-8.97318,0.09482758492231369,1.0,0.9545454382896423
YLR256W,YPR187W,0,-8.982396,0.09481056034564972,1.0,0.9547348618507385
YBR154C,YDR145W,0,-8.983604,0.09479353576898575,1.0,0.9549242258071899
YOR030W,YJL191W,0,-8.993244,0.09477651864290237,1.0,0.9551136493682861
YMR277W,YBR091C,0,-8.998586,0.0947595089673996,1.0,0.9553030133247375
YGR264C,YGL207W,0,-9.008561,0.09474250674247742,1.0,0.9554924368858337
YJL115W,YGR152C,0,-9.01164,0.09472551196813583,1.0,0.9556818008422852
YBR272C,YNR017W,0,-9.021877,0.09470851719379425,1.0,0.9558712244033813
YCL035C,YHR197W,0,-9.028724,0.09469153732061386,1.0,0.9560605883598328
YMR199W,YAL030W,0,-9.031787,0.09467455744743347,1.0,0.956250011920929
YPL155C,YGR264C,0,-9.032214,0.09465758502483368,1.0,0.9564393758773804
YLR405W,YDR312W,0,-9.032264,0.09464062005281448,1.0,0.9566287994384766
YMR240C,YNR053C,0,-9.038468,0.09462365508079529,1.0,0.956818163394928
YIL042C,YBR088C,0,-9.041253,0.09460670500993729,1.0,0.9570075869560242
YOR046C,YPR005C,0,-9.041286,0.09458975493907928,1.0,0.9571969509124756
YKR048C,YCR028C-A,0,-9.043205,0.09457281231880188,1.0,0.9573863744735718
YPL237W,YGL249W,0,-9.045385,0.09455587714910507,1.0,0.9575757384300232
YLR401C,YER112W,0,-9.045595,0.09453894197940826,1.0,0.9577651619911194
YAL051W,YKL081W,0,-9.050124,0.09452202171087265,1.0,0.9579545259475708
YEL029C,YEL026W,0,-9.063976,0.09450510144233704,1.0,0.958143949508667
YLR256W,YHR005C-A,0,-9.064484,0.09448818862438202,1.0,0.9583333134651184
YOL095C,YOL080C,0,-9.069577,0.0944712832570076,1.0,0.9585227370262146
YDR418W,YGR152C,0,-9.070991,0.09445438534021378,1.0,0.958712100982666
YHR067W,YKL081W,0,-9.0743885,0.09443748742341995,1.0,0.9589015245437622
YDR091C,YDR324C,0,-9.075816,0.09442060440778732,1.0,0.9590908885002136
YOR297C,YGL255W,0,-9.089512,0.0944037213921547,1.0,0.9592803120613098
YOR335C,YOL080C,0,-9.090047,0.09438684582710266,1.0,0.9594696760177612
YNR044W,YNR056C,0,-9.090831,0.09436997026205063,1.0,0.9596590995788574
YOR315W,YJR019C,0,-9.092058,0.09435310959815979,1.0,0.9598484635353088
YBL035C,YGL097W,0,-9.092755,0.09433624893426895,1.0,0.960037887096405
YOL139C,YER054C,0,-9.094991,0.0943194031715393,1.0,0.9602272510528564
YIL035C,YOR046C,0,-9.100627,0.09430255740880966,1.0,0.9604166746139526
YCR034W,YOL060C,0,-9.101023,0.09428571164608002,1.0,0.960606038570404
YOL060C,YPL131W,0,-9.11345,0.09426888078451157,1.0,0.9607954621315002
YER155C,YLR186W,0,-9.123083,0.09425204992294312,1.0,0.9609848260879517
YMR316W,YJL190C,0,-9.133433,0.09423523396253586,1.0,0.9611742496490479
YMR198W,YPL212C,0,-9.140722,0.0942184180021286,1.0,0.9613636136054993
YLR405W,YBL005W,0,-9.143359,0.09420160204172134,1.0,0.9615530371665955
YPL231W,YER111C,0,-9.14857,0.09418480098247528,1.0,0.9617424011230469
YHR107C,YDL208W,0,-9.14909,0.09416800737380981,1.0,0.9619318246841431
YDL074C,YGL070C,0,-9.151414,0.09415121376514435,1.0,0.9621211886405945
YPL155C,YJL089W,0,-9.15365,0.09413442760705948,1.0,0.9623106122016907
YKL074C,YNR053C,0,-9.154244,0.0941176488995552,1.0,0.9624999761581421
YAL041W,YMR229C,0,-9.160986,0.09410087019205093,1.0,0.9626893997192383
YJR078W,YJR063W,0,-9.166645,0.09408410638570786,1.0,0.9628787636756897
YOR361C,YOL094C,0,-9.171435,0.09406734257936478,1.0,0.9630681872367859
YER126C,YBR257W,0,-9.172605,0.0940505862236023,1.0,0.9632575511932373
YJL014W,YJL190C,0,-9.175192,0.09403383731842041,1.0,0.9634469747543335
YIL026C,YHR196W,0,-9.182805,0.09401709586381912,1.0,0.9636363387107849
YML004C,YBR079C,0,-9.18856,0.09400035440921783,1.0,0.9638257622718811
YMR173W,YJL143W,0,-9.188926,0.09398362040519714,1.0,0.9640151262283325
YDL208W,YBR228W,0,-9.193496,0.09396690130233765,1.0,0.9642045497894287
YDR346C,YJL045W,0,-9.197971,0.09395017474889755,1.0,0.9643939137458801
YJR155W,YLR056W,0,-9.202111,0.09393346309661865,1.0,0.9645833373069763
YBR202W,YHR014W,0,-9.20662,0.09391675889492035,1.0,0.9647727012634277
YLR295C,YJL089W,0,-9.2087,0.09390005469322205,1.0,0.9649621248245239
YNL113W,YOR076C,0,-9.22395,0.09388335794210434,1.0,0.9651514887809753
YMR290C,YNR046W,0,-9.240004,0.09386666864156723,1.0,0.9653409123420715
YGR280C,YJL191W,0,-9.240742,0.09384997934103012,1.0,0.965530276298523
YMR240C,YBR154C,0,-9.250918,0.0938333049416542,1.0,0.9657196998596191
YGL014W,YLR176C,0,-9.251903,0.09381663054227829,1.0,0.9659090638160706
YGR140W,YEL032W,0,-9.253537,0.09379996359348297,1.0,0.9660984873771667
YFR008W,YDL084W,0,-9.255122,0.09378330409526825,1.0,0.9662878513336182
YEL026W,YMR236W,0,-9.285615,0.09376665204763412,1.0,0.9664772748947144
YEL029C,YGR082W,0,-9.287572,0.09375,1.0,0.9666666388511658
YMR035W,YDR091C,0,-9.289483,0.09373335540294647,1.0,0.966856062412262
YOR119C,YEL065W,0,-9.289717,0.09371671825647354,1.0,0.9670454263687134
YBR217W,YMR260C,0,-9.293595,0.09370008856058121,1.0,0.9672348499298096
YER065C,YDL111C,0,-9.294912,0.09368346631526947,1.0,0.967424213886261
YER054C,YNL085W,0,-9.298409,0.09366684406995773,1.0,0.9676136374473572
YHR072W,YOR147W,0,-9.300187,0.09365022927522659,1.0,0.9678030014038086
YAL033W,YLL041C,0,-9.304168,0.09363362193107605,1.0,0.9679924249649048
YPL212C,YDL076C,0,-9.312871,0.0936170220375061,1.0,0.9681817889213562
YGR188C,YGR140W,0,-9.313569,0.09360042214393616,1.0,0.9683712124824524
YLL002W,YMR260C,0,-9.31705,0.0935838371515274,1.0,0.9685605764389038
YHR081W,YOR294W,0,-9.319172,0.09356725215911865,1.0,0.96875
YKR036C,YGR133W,0,-9.319552,0.0935506746172905,1.0,0.9689394235610962
YIL097W,YOR315W,0,-9.321626,0.09353410452604294,1.0,0.9691287875175476
YCR034W,YPR005C,0,-9.32413,0.09351753443479538,1.0,0.9693182110786438
YLR186W,YFR008W,0,-9.333621,0.09350097179412842,1.0,0.9695075750350952
YNL225C,YLR056W,0,-9.333926,0.09348441660404205,1.0,0.9696969985961914
YPL154C,YBR175W,0,-9.334468,0.09346786886453629,1.0,0.9698863625526428
YLR401C,YDR259C,0,-9.337989,0.09345132857561111,1.0,0.970075786113739
YBR085W,YEL034W,0,-9.346549,0.09343478828668594,1.0,0.9702651500701904
YBR020W,YHR048W,0,-9.364648,0.09341825544834137,1.0,0.9704545736312866
YNL182C,YNR017W,0,-9.367025,0.09340173006057739,1.0,0.970643937587738
YCR034W,YDR018C,0,-9.368449,0.09338521212339401,1.0,0.9708333611488342
YBR198C,YJL045W,0,-9.378374,0.09336870163679123,1.0,0.9710227251052856
YNL248C,YKR014C,0,-9.386409,0.09335219115018845,1.0,0.9712121486663818
YPL127C,YMR156C,0,-9.395259,0.09333568811416626,1.0,0.9714015126228333
YDL074C,YHR068W,0,-9.405722,0.09331919252872467,1.0,0.9715909361839294
YMR211W,YCR034W,0,-9.4207535,0.09330270439386368,1.0,0.9717803001403809
YIL079C,YKL099C,0,-9.433174,0.09328621625900269,1.0,0.971969723701477
YGR078C,YMR190C,0,-9.433328,0.09326974302530289,1.0,0.9721590876579285
YBL008W,YOR294W,0,-9.452551,0.09325326979160309,1.0,0.9723485112190247
YGR152C,YDR389W,0,-9.456481,0.09323679655790329,1.0,0.9725378751754761
YER107C,YJL011C,0,-9.462033,0.09322033822536469,1.0,0.9727272987365723
YNR056C,YOL080C,0,-9.473124,0.09320387989282608,1.0,0.9729166626930237
YMR015C,YNL251C,0,-9.478421,0.09318743646144867,1.0,0.9731060862541199
YEL050C,YDR166C,0,-9.48573,0.09317099303007126,1.0,0.9732954502105713
YMR143W,YDR346C,0,-9.489551,0.09315454959869385,1.0,0.9734848737716675
YGL021W,YDR324C,0,-9.497458,0.09313812106847763,1.0,0.9736742377281189
YGR007W,YDL208W,0,-9.498601,0.09312169253826141,1.0,0.9738636612892151
YOL010W,YLR212C,0,-9.502988,0.0931052714586258,1.0,0.9740530252456665
YML116W,YMR156C,0,-9.509721,0.09308885782957077,1.0,0.9742424488067627
YJL190C,YLR442C,0,-9.514773,0.09307245165109634,1.0,0.9744318127632141
YLR401C,YEL015W,0,-9.525793,0.09305604547262192,1.0,0.9746212363243103
YJL024C,YEL026W,0,-9.526947,0.09303964674472809,1.0,0.9748106002807617
YNL248C,YML105C,0,-9.529831,0.09302325546741486,1.0,0.9750000238418579
YPR006C,YJL045W,0,-9.537618,0.09300687164068222,1.0,0.9751893877983093
YOL010W,YLR452C,0,-9.546432,0.09299048781394958,1.0,0.9753788113594055
YPL221W,YGR119C,0,-9.55301,0.09297411143779755,1.0,0.9755681753158569
YBR072W,YPL032C,0,-9.556262,0.0929577499628067,1.0,0.9757575988769531
YOR085W,YJL045W,0,-9.569337,0.09294138103723526,1.0,0.9759469628334045
YKL110C,YER126C,0,-9.574935,0.09292502701282501,1.0,0.9761363863945007
YDR245W,YIL038C,0,-9.584193,0.09290867298841476,1.0,0.9763257503509521
YMR319C,YEL026W,0,-9.588727,0.09289232641458511,1.0,0.9765151739120483
YOL135C,YOR056C,0,-9.605674,0.09287598729133606,1.0,0.9767045378684998
YDL099W,YLR056W,0,-9.629588,0.0928596556186676,1.0,0.976893961429596
YER038C,YDR487C,0,-9.63362,0.09284332394599915,1.0,0.9770833253860474
YER112W,YOR294W,0,-9.638951,0.09282700717449188,1.0,0.9772727489471436
YDR211W,YER127W,0,-9.646472,0.09281069040298462,1.0,0.977462112903595
YNL041C,YLL034C,0,-9.646861,0.09279437363147736,1.0,0.9776515364646912
YMR211W,YMR277W,0,-9.650199,0.09277807176113129,1.0,0.9778409004211426
YKL110C,YLR212C,0,-9.651628,0.09276176989078522,1.0,0.9780303239822388
YJL074C,YER111C,0,-9.652749,0.09274547547101974,1.0,0.9782196879386902
YJR063W,YGR104C,0,-9.668296,0.09272918850183487,1.0,0.9784091114997864
YLR223C,YEL026W,0,-9.673574,0.09271290898323059,1.0,0.9785984754562378
YPL154C,YBR061C,0,-9.689877,0.09269662946462631,1.0,0.978787899017334
YPR006C,YGR199W,0,-9.690787,0.09268035739660263,1.0,0.9789772629737854
YOR133W,YMR008C,0,-9.711535,0.09266409277915955,1.0,0.9791666865348816
YGR280C,YLR212C,0,-9.724112,0.09264783561229706,1.0,0.979356050491333
YBR085W,YDL130W-A,0,-9.7256,0.09263157844543457,1.0,0.9795454740524292
YMR316W,YDR382W,0,-9.729215,0.09261532872915268,1.0,0.9797348380088806
YEL015W,YER126C,0,-9.734791,0.09259908646345139,1.0,0.9799242615699768
YER016W,YGR085C,0,-9.734811,0.09258285164833069,1.0,0.9801136255264282
YHR068W,YOR326W,0,-9.737983,0.09256661683320999,1.0,0.9803030490875244
YPL127C,YAL017W,0,-9.738478,0.09255039691925049,1.0,0.9804924130439758
YLR401C,YOR056C,0,-9.750734,0.09253417700529099,1.0,0.980681836605072
YIL114C,YDR324C,0,-9.755362,0.09251795709133148,1.0,0.9808712005615234
YPL127C,YJL036W,0,-9.75599,0.09250175207853317,1.0,0.9810606241226196
YGR108W,YDL030W,0,-9.775592,0.09248554706573486,1.0,0.981249988079071
YOL139C,YPR133C,0,-9.778136,0.09246934950351715,1.0,0.9814394116401672
YCL001W,YNL248C,0,-9.779416,0.09245315939188004,1.0,0.9816287755966187
YNL145W,YJR019C,0,-9.801246,0.09243697673082352,1.0,0.9818181991577148
YLR186W,YGR280C,0,-9.833814,0.092420794069767,1.0,0.9820075631141663
YNR044W,YBR293W,0,-9.839747,0.09240461885929108,1.0,0.9821969866752625
YIL079C,YEL065W,0,-9.848407,0.09238845109939575,1.0,0.9823863506317139
YNR011C,YOR216C,0,-9.859149,0.09237229079008102,1.0,0.9825757741928101
YGR280C,YBL014C,0,-9.864248,0.0923561304807663,1.0,0.9827651381492615
YOL010W,YKR028W,0,-9.86803,0.09233997762203217,1.0,0.9829545617103577
YER119C,YGR128C,0,-9.886382,0.09232383221387863,1.0,0.9831439256668091
YER107C,YOR001W,0,-9.89008,0.0923076942563057,1.0,0.9833333492279053
YBL035C,YDR077W,0,-9.900578,0.09229155629873276,1.0,0.9835227131843567
YIL149C,YPL087W,0,-9.901107,0.09227542579174042,1.0,0.9837121367454529
YDR245W,YER161C,0,-9.906844,0.09225930273532867,1.0,0.9839015007019043
YLL022C,YAL017W,0,-9.9150915,0.09224318712949753,1.0,0.9840909242630005
YIL026C,YDL213C,0,-9.920921,0.09222707152366638,1.0,0.9842802882194519
YJR119C,YCR073C,0,-9.93102,0.09221097081899643,1.0,0.9844697117805481
YER045C,YOL124C,0,-9.936564,0.09219487011432648,1.0,0.9846590757369995
YGR140W,YOL080C,0,-9.951106,0.09217876940965652,1.0,0.9848484992980957
YML105C,YPR133C,0,-9.959399,0.09216268360614777,1.0,0.9850378632545471
YOR001W,YDR416W,0,-9.962166,0.09214659780263901,1.0,0.9852272868156433
YDL213C,YLR145W,0,-9.969541,0.09213051944971085,1.0,0.9854166507720947
YDR300C,YKR056W,0,-9.978349,0.09211444854736328,1.0,0.9856060743331909
YML116W,YPL270W,0,-10.001566,0.09209837764501572,1.0,0.9857954382896423
YOR133W,YMR156C,0,-10.005164,0.09208231419324875,1.0,0.9859848618507385
YOR133W,YHR106W,0,-10.016368,0.09206625819206238,1.0,0.9861742258071899
YNL258C,YGR145W,0,-10.017821,0.0920502096414566,1.0,0.9863636493682861
YIL035C,YNL206C,0,-10.018223,0.09203416109085083,1.0,0.9865530133247375
YDL039C,YBR228W,0,-10.018612,0.09201812744140625,1.0,0.9867424368858337
YML004C,YOR224C,0,-10.04465,0.09200209379196167,1.0,0.9869318008422852
YDR296W,YBL075C,0,-10.096072,0.09198606014251709,1.0,0.9871212244033813
YLR256W,YDL208W,0,-10.102939,0.0919700413942337,1.0,0.9873105883598328
YJR078W,YDL208W,0,-10.108941,0.09195402264595032,1.0,0.987500011920929
YDR382W,YOR027W,0,-10.113821,0.09193801134824753,1.0,0.9876893758773804
YLR056W,YEL026W,0,-10.114703,0.09192200750112534,1.0,0.9878787994384766
YHR120W,YDR356W,0,-10.137061,0.09190600365400314,1.0,0.988068163394928
YGR145W,YDR489W,0,-10.152854,0.09189000725746155,1.0,0.9882575869560242
YPL237W,YOR295W,0,-10.155733,0.09187401831150055,1.0,0.9884469509124756
YEL018W,YJR069C,0,-10.156596,0.09185803681612015,1.0,0.9886363744735718
YGR113W,YBR079C,0,-10.213084,0.09184206277132034,1.0,0.9888257384300232
YPR017C,YBR142W,0,-10.256974,0.09182608872652054,1.0,0.9890151619911194
YKR046C,YBR175W,0,-10.264794,0.09181012213230133,1.0,0.9892045259475708
YGR246C,YPR190C,0,-10.265627,0.09179415553808212,1.0,0.989393949508667
YPL131W,YDR082W,0,-10.339053,0.09177820384502411,1.0,0.9895833134651184
YLL034C,YOR216C,0,-10.365173,0.0917622521519661,1.0,0.9897727370262146
YOR326W,YOR224C,0,-10.387979,0.09174630790948868,1.0,0.989962100982666
YEL026W,YML064C,0,-10.39669,0.09173037111759186,1.0,0.9901515245437622
YLR186W,YNL182C,0,-10.427821,0.09171443432569504,1.0,0.9903408885002136
YGL111W,YDR356W,0,-10.4297285,0.09169850498437881,1.0,0.9905303120613098
YNL085W,YEL026W,0,-10.454918,0.09168258309364319,1.0,0.9907196760177612
YKL110C,YDL085W,0,-10.455886,0.09166666865348816,1.0,0.9909090995788574
YIL079C,YMR218C,0,-10.457042,0.09165075421333313,1.0,0.9910984635353088
YDR211W,YBL018C,0,-10.463249,0.0916348472237587,1.0,0.991287887096405
YEL022W,YOR361C,0,-10.474187,0.09161894768476486,1.0,0.9914772510528564
YGR264C,YNL117W,0,-10.487183,0.09160305559635162,1.0,0.9916666746139526
YOL080C,YER161C,0,-10.500662,0.09158716350793839,1.0,0.991856038570404
YER119C,YJL190C,0,-10.521604,0.09157127887010574,1.0,0.9920454621315002
YLR401C,YDR416W,0,-10.528285,0.0915554016828537,1.0,0.9922348260879517
YLL009C,YOR003W,0,-10.540837,0.09153953194618225,1.0,0.9924242496490479
YPL231W,YIL097W,0,-10.553277,0.0915236622095108,1.0,0.9926136136054993
YPL127C,YPL154C,0,-10.575906,0.09150779992341995,1.0,0.9928030371665955
YBR085W,YML021C,0,-10.586665,0.0914919450879097,1.0,0.9929924011230469
YMR218C,YDR324C,0,-10.618104,0.09147609025239944,1.0,0.9931818246841431
YEL022W,YLR002C,0,-10.68447,0.09146024286746979,1.0,0.9933711886405945
YER054C,YGL097W,0,-10.688228,0.09144440293312073,1.0,0.9935606122016907
YDR382W,YOR076C,0,-10.696775,0.09142857044935226,1.0,0.9937499761581421
YJL014W,YJR069C,0,-10.699482,0.0914127454161644,1.0,0.9939393997192383
YBR257W,YJL191W,0,-10.729648,0.09139692038297653,1.0,0.9941287636756897
YPL123C,YPL131W,0,-10.742654,0.09138110280036926,1.0,0.9943181872367859
YGR166W,YBR142W,0,-10.742911,0.091365285217762,1.0,0.9945075511932373
YDR101C,YNL123W,0,-10.794265,0.09134948253631592,1.0,0.9946969747543335
YHR197W,YOR003W,0,-10.809434,0.09133367985486984,1.0,0.9948863387107849
YKL185W,YOR361C,0,-10.832862,0.09131788462400436,1.0,0.9950757622718811
YJL191W,YMR236W,0,-10.854678,0.09130208939313889,1.0,0.9952651262283325
YPR005C,YJR019C,0,-10.892082,0.0912863090634346,1.0,0.9954545497894287
YGR133W,YGR128C,0,-10.941529,0.09127052873373032,1.0,0.9956439137458801
YNL248C,YPL157W,0,-10.961565,0.09125475585460663,1.0,0.9958333373069763
YGR166W,YGL255W,0,-10.991416,0.09123898297548294,1.0,0.9960227012634277
YGR166W,YKR056W,0,-11.013816,0.09122321754693985,1.0,0.9962121248245239
YIL042C,YBR154C,0,-11.073636,0.09120745956897736,1.0,0.9964014887809753
YOL080C,YDR324C,0,-11.097495,0.09119170904159546,1.0,0.9965909123420715
YMR285C,YKR056W,0,-11.127217,0.09117596596479416,1.0,0.996780276298523
YKL074C,YMR229C,0,-11.15471,0.09116022288799286,1.0,0.9969696998596191
YNL294C,YMR143W,0,-11.202172,0.09114448726177216,1.0,0.9971590638160706
YMR068W,YJL190C,0,-11.253474,0.09112875163555145,1.0,0.9973484873771667
YBR072W,YDR247W,0,-11.391068,0.09111303091049194,1.0,0.9975378513336182
YGR085C,YOR003W,0,-11.48976,0.09109731018543243,1.0,0.9977272748947144
YDL208W,YER161C,0,-11.624389,0.09108159691095352,1.0,0.9979166388511658
YGR094W,YJL045W,0,-11.650092,0.09106588363647461,1.0,0.998106062412262
YHR067W,YBR079C,0,-11.699085,0.0910501778125763,1.0,0.9982954263687134
YMR229C,YOR295W,0,-11.819848,0.09103447943925858,1.0,0.9984848499298096
YOR056C,YNL206C,0,-11.9458685,0.09101878851652145,1.0,0.998674213886261
YPR190C,YNL206C,0,-11.962977,0.09100310504436493,1.0,0.9988636374473572
YJR063W,YDR416W,0,-12.27748,0.0909874215722084,1.0,0.9990530014038086
YDL085W,YDR091C,0,-12.854384,0.09097174555063248,1.0,0.9992424249649048
YLR186W,YBR072W,0,-12.89641,0.09095606952905655,1.0,0.9994317889213562
YDL085W,YGR159C,0,-13.091584,0.09094040840864182,1.0,0.9996212124824524
YBR072W,YEL026W,0,-13.494405,0.09092474728822708,1.0,0.9998105764389038
YDL039C,YDL038C,0,-17.071377,0.09090909361839294,1.0,1.0
