Gene A,Gene B,Label,Score,Precision,Recall,False Positive Rate
YEL046C,YJR130C,1,5.1660986,1.0,0.0009970089886337519,0.0
YHR215W,YDR342C,0,4.834756,0.5,0.0009970089886337519,0.00010003001079894602
YFR055W,YPR006C,1,4.000234,0.6666666865348816,0.0019940179772675037,0.00010003001079894602
YLR304C,YDR077W,0,3.805927,0.5,0.0019940179772675037,0.00020006002159789205
YIL111W,YAL062W,0,3.7869923,0.4000000059604645,0.0019940179772675037,0.00030009003239683807
YDR074W,YDR483W,0,3.719043,0.3333333432674408,0.0019940179772675037,0.0004001200431957841
YIL027C,YHR136C,0,3.6635234,0.2857142984867096,0.0019940179772675037,0.0005001500248908997
YDL204W,YHR215W,0,3.6542602,0.25,0.0019940179772675037,0.0006001800647936761
YLR175W,YLR304C,1,3.5371845,0.3333333432674408,0.0029910269659012556,0.0006001800647936761
YDR536W,YAL012W,0,3.5116968,0.30000001192092896,0.0029910269659012556,0.0007002100464887917
YDR342C,YGR234W,0,3.4888618,0.27272728085517883,0.0029910269659012556,0.0008002400863915682
YEL065W,YMR056C,0,3.4804475,0.25,0.0029910269659012556,0.0009002700680866838
YJR016C,YJR130C,1,3.4688222,0.3076923191547394,0.0039880359545350075,0.0009002700680866838
YHR072W,YPR006C,1,3.436376,0.3571428656578064,0.004985044710338116,0.0009002700680866838
YBR082C,YOL139C,0,3.4178662,0.3333333432674408,0.004985044710338116,0.0010003000497817993
YDR111C,YMR250W,1,3.4118886,0.375,0.005982053931802511,0.0010003000497817993
YNR001C,YBR241C,0,3.406958,0.3529411852359772,0.005982053931802511,0.0011003301478922367
YBL030C,YBR283C,0,3.3976612,0.3333333432674408,0.005982053931802511,0.0012003601295873523
YMR256C,YHR052W,0,3.3339407,0.31578946113586426,0.005982053931802511,0.0013003901112824678
YBL039C,YJL102W,0,3.261217,0.30000001192092896,0.005982053931802511,0.0014004200929775834
YJR016C,YPR006C,1,3.253534,0.3333333432674408,0.006979062687605619,0.0014004200929775834
YJR016C,YGR087C,1,3.251291,0.3636363744735718,0.007976071909070015,0.0014004200929775834
YBR296C,YEL058W,0,3.2218218,0.3478260934352875,0.007976071909070015,0.0015004501910880208
YPR002W,YPL262W,1,3.206425,0.375,0.008973080664873123,0.0015004501910880208
YDL085W,YML091C,0,3.196342,0.36000001430511475,0.008973080664873123,0.0016004801727831364
YDR533C,YMR290C,0,3.1669278,0.3461538553237915,0.008973080664873123,0.001700510154478252
YJR016C,YPL262W,1,3.1615927,0.37037035822868347,0.009970089420676231,0.001700510154478252
YBR241C,YGL157W,0,3.154048,0.3571428656578064,0.009970089420676231,0.0018005401361733675
YMR006C,YPL271W,0,3.1323416,0.3448275923728943,0.009970089420676231,0.001900570117868483
YJL170C,YKL109W,0,3.1125352,0.3333333432674408,0.009970089420676231,0.0020006000995635986
YLR106C,YOR120W,0,3.092471,0.32258063554763794,0.009970089420676231,0.002100630197674036
YPL271W,YPL017C,0,3.0697424,0.3125,0.009970089420676231,0.0022006602957844734
YML106W,YMR256C,0,3.0669687,0.3030303120613098,0.009970089420676231,0.002300690161064267
YGR123C,YJL102W,0,3.050532,0.29411765933036804,0.009970089420676231,0.0024007202591747046
YKR097W,YKL211C,1,3.0233357,0.3142857253551483,0.010967099107801914,0.0024007202591747046
YPL231W,YLR038C,0,3.009426,0.3055555522441864,0.010967099107801914,0.0025007501244544983
YLR359W,YGL009C,1,2.9289649,0.3243243098258972,0.011964107863605022,0.0025007501244544983
YKR097W,YPR006C,1,2.9280884,0.34210526943206787,0.01296111661940813,0.0025007501244544983
YKL218C,YGL148W,1,2.9124599,0.3589743673801422,0.013958125375211239,0.0025007501244544983
YNL112W,YLR038C,0,2.9091167,0.3499999940395355,0.013958125375211239,0.0026007802225649357
YDR533C,YNL331C,0,2.90028,0.3414634168148041,0.013958125375211239,0.002700810320675373
YBR001C,YNL015W,0,2.8968797,0.3333333432674408,0.013958125375211239,0.002800840185955167
YPR006C,YJL200C,1,2.8936827,0.3488371968269348,0.014955134131014347,0.002800840185955167
YPL271W,YER131W,0,2.887705,0.34090909361839294,0.014955134131014347,0.002900870284065604
YMR142C,YGL009C,0,2.8684087,0.3333333432674408,0.014955134131014347,0.0030009003821760416
YDR074W,YBR142W,0,2.8582752,0.32608696818351746,0.014955134131014347,0.0031009302474558353
YDR533C,YDR400W,0,2.8575785,0.3191489279270172,0.014955134131014347,0.0032009603455662727
YDL060W,YDR077W,0,2.8555558,0.3125,0.014955134131014347,0.0033009902108460665
YEL065W,YOR347C,0,2.8484983,0.30612245202064514,0.014955134131014347,0.003401020308956504
YKL088W,YDR044W,0,2.8300235,0.30000001192092896,0.014955134131014347,0.0035010504070669413
YKL178C,YJL048C,0,2.8061063,0.29411765933036804,0.014955134131014347,0.003601080272346735
YIL034C,YNL322C,0,2.7904189,0.2884615361690521,0.014955134131014347,0.0037011103704571724
YLR089C,YNL256W,1,2.7704208,0.30188679695129395,0.01595214381814003,0.0037011103704571724
YNL256W,YPL262W,1,2.7583728,0.31481480598449707,0.016949152573943138,0.0037011103704571724
YLR106C,YLR304C,0,2.7518947,0.30909091234207153,0.016949152573943138,0.003801140235736966
YNR061C,YGL185C,0,2.74885,0.3035714328289032,0.016949152573943138,0.0039011703338474035
YHR206W,YNR001C,0,2.7408013,0.2982456088066101,0.016949152573943138,0.004001200199127197
YJR158W,YBL030C,0,2.7371538,0.2931034564971924,0.016949152573943138,0.004101230297237635
YNL256W,YGL009C,1,2.735992,0.3050847351551056,0.017946161329746246,0.004101230297237635
YAL023C,YLR237W,0,2.727906,0.30000001192092896,0.017946161329746246,0.004201260395348072
YOL031C,YMR256C,0,2.7236717,0.2950819730758667,0.017946161329746246,0.0043012904934585094
YGL135W,YBR175W,0,2.7223399,0.29032257199287415,0.017946161329746246,0.004401320591568947
YER095W,YMR290C,0,2.718046,0.2857142984867096,0.017946161329746246,0.004501350224018097
YBR296C,YIL155C,0,2.7119367,0.28125,0.017946161329746246,0.004601380322128534
YNR043W,YMR250W,1,2.687958,0.29230770468711853,0.018943170085549355,0.004601380322128534
YDL204W,YOR306C,0,2.6744683,0.28787878155708313,0.018943170085549355,0.004701410420238972
YHL044W,YNR001C,0,2.6703837,0.28358209133148193,0.018943170085549355,0.004801440518349409
YLR089C,YAL012W,1,2.667332,0.29411765933036804,0.019940178841352463,0.004801440518349409
YJL198W,YOR374W,0,2.6550405,0.28985506296157837,0.019940178841352463,0.0049014706164598465
YBL064C,YKL181W,0,2.6526537,0.2857142984867096,0.019940178841352463,0.005001500248908997
YNL015W,YHR010W,0,2.6421044,0.28169015049934387,0.019940178841352463,0.005101530347019434
YPR006C,YDR234W,1,2.6374793,0.2916666567325592,0.02093718759715557,0.005101530347019434
YCR009C,YBR050C,0,2.6265311,0.2876712381839752,0.02093718759715557,0.005201560445129871
YDL060W,YDR342C,0,2.6201513,0.28378379344940186,0.02093718759715557,0.005301590543240309
YNL001W,YER053C,0,2.6187851,0.2800000011920929,0.02093718759715557,0.005401620641350746
YIL125W,YOR036W,0,2.6167762,0.2763157784938812,0.02093718759715557,0.005501650273799896
YNR001C,YJL189W,0,2.6145244,0.27272728085517883,0.02093718759715557,0.005601680371910334
YDR224C,YDR055W,0,2.613485,0.26923078298568726,0.02093718759715557,0.005701710470020771
YCR009C,YOR374W,0,2.6062415,0.26582279801368713,0.02093718759715557,0.005801740568131208
YHR018C,YGL009C,1,2.598338,0.2750000059604645,0.02193419821560383,0.005801740568131208
YNR050C,YAL044C,0,2.5967171,0.2716049253940582,0.02193419821560383,0.005901770666241646
YPL271W,YLR286C,0,2.5933468,0.26829269528388977,0.02193419821560383,0.006001800764352083
YGL184C,YNL256W,1,2.5893366,0.27710843086242676,0.022931206971406937,0.006001800764352083
YLR175W,YGL148W,1,2.5862463,0.2857142984867096,0.023928215727210045,0.006001800764352083
YLR142W,YLR186W,0,2.5857918,0.2823529541492462,0.023928215727210045,0.006101830396801233
YHR143W,YBL010C,0,2.5831385,0.27906978130340576,0.023928215727210045,0.006201860494911671
YGL136C,YGL191W,0,2.5823457,0.27586206793785095,0.023928215727210045,0.006301890593022108
YBR156C,YDR529C,0,2.581558,0.27272728085517883,0.023928215727210045,0.0064019206911325455
YOR384W,YMR297W,0,2.5775025,0.26966291666030884,0.023928215727210045,0.006501950789242983
YPL226W,YOR347C,0,2.5749774,0.2666666805744171,0.023928215727210045,0.006601980421692133
YEL020C,YLR304C,1,2.5718863,0.2747252881526947,0.024925224483013153,0.006601980421692133
YHR140W,YJL102W,0,2.5652602,0.27173912525177,0.024925224483013153,0.00670201051980257
YMR056C,YOR374W,0,2.565072,0.2688172161579132,0.024925224483013153,0.006802040617913008
YPR006C,YGL009C,1,2.563076,0.27659574151039124,0.02592223323881626,0.006802040617913008
YBR050C,YLR356W,0,2.5574713,0.27368420362472534,0.02592223323881626,0.006902070716023445
YLR044C,YPL262W,1,2.5572863,0.28125,0.02691924199461937,0.006902070716023445
YPL177C,YNR001C,0,2.5563831,0.27835050225257874,0.02691924199461937,0.0070021008141338825
YER036C,YLR356W,0,2.5507782,0.27551019191741943,0.02691924199461937,0.007102130446583033
YLR286C,YKL195W,0,2.5493205,0.27272728085517883,0.02691924199461937,0.00720216054469347
YDR533C,YMR056C,0,2.5482352,0.27000001072883606,0.02691924199461937,0.007302190642803907
YPR002W,YDL036C,1,2.5417616,0.2772277295589447,0.027916250750422478,0.007302190642803907
YPL271W,YCR010C,0,2.5390613,0.27450981736183167,0.027916250750422478,0.007402220740914345
YLR106C,YPL111W,0,2.536938,0.27184465527534485,0.027916250750422478,0.007502250839024782
YDL137W,YDR224C,0,2.5362844,0.26923078298568726,0.027916250750422478,0.007602280471473932
YOR128C,YJL200C,1,2.5352855,0.27619048953056335,0.028913259506225586,0.007602280471473932
YKL056C,YGR189C,0,2.5326328,0.27358490228652954,0.028913259506225586,0.00770231056958437
YDR046C,YMR026C,0,2.5255363,0.2710280418395996,0.028913259506225586,0.007802340667694807
YPL271W,YDL180W,0,2.5226285,0.26851850748062134,0.028913259506225586,0.007902370765805244
YAL023C,YJR121W,0,2.5139613,0.26605504751205444,0.028913259506225586,0.008002400398254395
YBR297W,YLR246W,0,2.5017426,0.26363635063171387,0.028913259506225586,0.00810243096202612
YMR297W,YML091C,0,2.501394,0.2612612545490265,0.028913259506225586,0.00820246059447527
YLR097C,YML091C,0,2.4990642,0.2589285671710968,0.028913259506225586,0.008302491158246994
YIL125W,YOL056W,0,2.496959,0.2566371560096741,0.028913259506225586,0.008402520790696144
YJR104C,YLR385C,0,2.4833028,0.25438597798347473,0.028913259506225586,0.008502550423145294
YER091C,YBR142W,0,2.47909,0.25217390060424805,0.028913259506225586,0.008602580986917019
YPL017C,YPL159C,0,2.4728878,0.25,0.028913259506225586,0.008702610619366169
YKL004W,YBR251W,0,2.4703557,0.24786324799060822,0.028913259506225586,0.008802641183137894
YPL271W,YIR012W,0,2.468477,0.24576270580291748,0.028913259506225586,0.008902670815587044
YBL064C,YDL110C,0,2.4665492,0.24369747936725616,0.028913259506225586,0.009002700448036194
YPL271W,YLR158C,0,2.4616296,0.24166665971279144,0.028913259506225586,0.009102731011807919
YKL184W,YLR089C,1,2.4603953,0.24793387949466705,0.029910268262028694,0.009102731011807919
YOR202W,YLR175W,1,2.4450219,0.2540983557701111,0.03090727888047695,0.009102731011807919
YPL148C,YER053C,0,2.443475,0.2520325183868408,0.03090727888047695,0.009202760644257069
YDR107C,YPL226W,0,2.4424756,0.25,0.03090727888047695,0.009302791208028793
YBR214W,YGR037C,0,2.4223971,0.24799999594688416,0.03090727888047695,0.009402820840477943
YGR101W,YGR061C,0,2.4203413,0.2460317462682724,0.03090727888047695,0.009502850472927094
YOR036W,YDR400W,0,2.4184692,0.24409449100494385,0.03090727888047695,0.009602881036698818
YJL153C,YNL012W,0,2.4071708,0.2421875,0.03090727888047695,0.009702910669147968
YDR111C,YKL218C,1,2.406647,0.24806201457977295,0.03190428763628006,0.009702910669147968
YMR250W,YDR538W,1,2.3929608,0.2538461685180664,0.03290129452943802,0.009702910669147968
YPL226W,YMR256C,0,2.3903465,0.25190839171409607,0.03290129452943802,0.009802941232919693
YML018C,YDL085W,0,2.3871565,0.25,0.03290129452943802,0.009902970865368843
YKL109W,YOL147C,0,2.3850582,0.24812030792236328,0.03290129452943802,0.010003000497817993
YPR002W,YNL335W,1,2.38292,0.2537313401699066,0.033898305147886276,0.010003000497817993
YDR111C,YPL262W,1,2.3811464,0.25925925374031067,0.034895315766334534,0.010003000497817993
YGR088W,YPR016C,0,2.3810165,0.25735294818878174,0.034895315766334534,0.010103031061589718
YDR251W,YHL016C,0,2.376685,0.2554744482040405,0.034895315766334534,0.010203060694038868
YDL136W,YJR121W,0,2.3745534,0.25362318754196167,0.034895315766334534,0.010303091257810593
YLR364W,YNL112W,0,2.3709729,0.2517985701560974,0.034895315766334534,0.010403120890259743
YER044C,YNR047W,0,2.3701007,0.25,0.034895315766334534,0.010503150522708893
YOR393W,YOR176W,1,2.3635943,0.25531914830207825,0.03589232265949249,0.010503150522708893
YLR448W,YPL186C,0,2.35318,0.2535211145877838,0.03589232265949249,0.010603181086480618
YBL030C,YGR158C,0,2.3517225,0.251748263835907,0.03589232265949249,0.010703210718929768
YOL156W,YGR234W,0,2.3462954,0.25,0.03589232265949249,0.010803241282701492
YHR018C,YFL061W,1,2.3457828,0.25517240166664124,0.03688933327794075,0.010803241282701492
YBR041W,YDL067C,0,2.3448489,0.25342464447021484,0.03688933327794075,0.010903270915150642
YAL039C,YLR304C,1,2.3320405,0.25850340723991394,0.03788634017109871,0.010903270915150642
YKL181W,YML091C,0,2.3302763,0.2567567527294159,0.03788634017109871,0.011003300547599792
YDR299W,YMR256C,0,2.3272555,0.25503355264663696,0.03788634017109871,0.011103331111371517
YKL184W,YJR130C,1,2.3238368,0.25999999046325684,0.03888335078954697,0.011103331111371517
YDR297W,YBR251W,0,2.3229353,0.25827813148498535,0.03888335078954697,0.011203360743820667
YDR120C,YER053C,0,2.3175359,0.2565789520740509,0.03888335078954697,0.011303391307592392
YFL039C,YOR386W,0,2.3164842,0.2549019753932953,0.03888335078954697,0.011403420940041542
YBL030C,YDR326C,0,2.315274,0.2532467544078827,0.03888335078954697,0.011503450572490692
YLR192C,YPL186C,0,2.307317,0.25161290168762207,0.03888335078954697,0.011603481136262417
YFL004W,YBR185C,0,2.3008971,0.25,0.03888335078954697,0.011703510768711567
YOR348C,YHL016C,0,2.2994099,0.24840764701366425,0.03888335078954697,0.011803541332483292
YJL156C,YDR044W,0,2.2910058,0.24683544039726257,0.03888335078954697,0.011903570964932442
YOL105C,YGL185C,0,2.2902584,0.24528302252292633,0.03888335078954697,0.012003601528704166
YHR112C,YDR538W,1,2.290117,0.25,0.039880357682704926,0.012003601528704166
YKL178C,YMR022W,0,2.2899196,0.2484472095966339,0.039880357682704926,0.012103631161153316
YDR358W,YGR286C,0,2.2898667,0.2469135820865631,0.039880357682704926,0.012203660793602467
YOR047C,YMR256C,0,2.2890322,0.24539877474308014,0.039880357682704926,0.012303691357374191
YDR536W,YPL160W,0,2.2878082,0.24390244483947754,0.039880357682704926,0.012403720989823341
YPR006C,YPR002W,1,2.2876303,0.24848484992980957,0.04087736830115318,0.012403720989823341
YPR118W,YNR001C,0,2.2759805,0.2469879537820816,0.04087736830115318,0.012503751553595066
YDR533C,YGL009C,0,2.2741342,0.24550898373126984,0.04087736830115318,0.012603781186044216
YLR175W,YGL184C,1,2.2730553,0.25,0.04187437519431114,0.012603781186044216
YBR158W,YNR041C,0,2.2689846,0.24852071702480316,0.04187437519431114,0.012703810818493366
YLR359W,YPR006C,1,2.2666557,0.25294119119644165,0.0428713858127594,0.012703810818493366
YJL158C,YJL102W,0,2.2637584,0.2514619827270508,0.0428713858127594,0.012803841382265091
YPR156C,YOR120W,0,2.258796,0.25,0.0428713858127594,0.012903871014714241
YNR070W,YMR311C,0,2.255457,0.24855491518974304,0.0428713858127594,0.013003901578485966
YKL109W,YML070W,0,2.2550085,0.24712643027305603,0.0428713858127594,0.013103931210935116
YKR009C,YHR112C,1,2.2415113,0.2514285743236542,0.04386839643120766,0.013103931210935116
YDR298C,YGL031C,0,2.225741,0.25,0.04386839643120766,0.013203960843384266
YHR092C,YBR082C,0,2.2253287,0.24858756363391876,0.04386839643120766,0.01330399140715599
YDL137W,YDL082W,0,2.2239158,0.24719101190567017,0.04386839643120766,0.01340402103960514
YNR050C,YMR056C,0,2.209318,0.24581006169319153,0.04386839643120766,0.013504051603376865
YJR121W,YBR267W,0,2.2087922,0.24444444477558136,0.04386839643120766,0.013604081235826015
YJR016C,YGR155W,1,2.2072775,0.24861878156661987,0.044865403324365616,0.013604081235826015
YIR036C,YJR143C,0,2.2072768,0.24725274741649628,0.044865403324365616,0.013704110868275166
YKR009C,YDR055W,0,2.206556,0.24590164422988892,0.044865403324365616,0.01380414143204689
YML106W,YGR101W,0,2.206055,0.2445652186870575,0.044865403324365616,0.01390417106449604
YGL184C,YEL046C,1,2.2028582,0.24864864349365234,0.04586241394281387,0.01390417106449604
YEL054C,YLR356W,0,2.1984239,0.24731183052062988,0.04586241394281387,0.014004201628267765
YEL017C-A,YIL136W,0,2.1983597,0.24598930776119232,0.04586241394281387,0.014104231260716915
YNL280C,YER053C,0,2.1935627,0.24468085169792175,0.04586241394281387,0.014204260893166065
YGR086C,YIL160C,0,2.193426,0.24338623881340027,0.04586241394281387,0.01430429145693779
YLR079W,YHR064C,0,2.1907585,0.24210526049137115,0.04586241394281387,0.01440432108938694
YFR003C,YHR136C,0,2.1896155,0.2408376932144165,0.04586241394281387,0.014504351653158665
YNL015W,YAL012W,0,2.1860282,0.2395833283662796,0.04586241394281387,0.014604381285607815
YOR047C,YOR356W,0,2.1852467,0.23834197223186493,0.04586241394281387,0.014704410918056965
YIR012W,YNL146W,0,2.1838758,0.23711340129375458,0.04586241394281387,0.01480444148182869
YHR089C,YAL008W,0,2.1837218,0.23589743673801422,0.04586241394281387,0.01490447111427784
YDR503C,YBR105C,0,2.1834047,0.23469388484954834,0.04586241394281387,0.015004501678049564
YGR088W,YDL129W,0,2.1799319,0.23350253701210022,0.04586241394281387,0.015104531310498714
YOR348C,YJR155W,0,2.1776662,0.23232322931289673,0.04586241394281387,0.015204560942947865
YNR047W,YOR092W,0,2.1708798,0.23115578293800354,0.04586241394281387,0.01530459150671959
YDR158W,YNL096C,0,2.1637862,0.23000000417232513,0.04586241394281387,0.01540462113916874
YJR016C,YLR304C,1,2.1621332,0.23383083939552307,0.04685942083597183,0.01540462113916874
YLR359W,YCL064C,1,2.1617384,0.23762376606464386,0.04785643145442009,0.01540462113916874
YMR056C,YOR070C,0,2.1616535,0.23645320534706116,0.04785643145442009,0.015504651702940464
YHR116W,YBR205W,0,2.1614938,0.23529411852359772,0.04785643145442009,0.015604681335389614
YJR104C,YIL171W,0,2.1609337,0.2341463416814804,0.04785643145442009,0.01570471189916134
YOL030W,YIL160C,0,2.1608398,0.2330097109079361,0.04785643145442009,0.01580474153161049
YPR192W,YNL015W,0,2.1604822,0.23188406229019165,0.04785643145442009,0.01590477116405964
YHR143W,YOR389W,0,2.1594448,0.23076923191547394,0.04785643145442009,0.01600480079650879
YJL005W,YGL009C,1,2.158418,0.23444975912570953,0.04885343834757805,0.01600480079650879
YKL088W,YFR055W,1,2.1578243,0.2380952388048172,0.049850448966026306,0.01600480079650879
YBR050C,YJR155W,0,2.1573298,0.2369668185710907,0.049850448966026306,0.01610483229160309
YBR267W,YML091C,0,2.1570542,0.2358490526676178,0.049850448966026306,0.01620486192405224
YAL039C,YJR016C,1,2.1530087,0.23943662643432617,0.050847455859184265,0.01620486192405224
YPL262W,YJL200C,1,2.1501448,0.2429906576871872,0.05184446647763252,0.01620486192405224
YIL074C,YOR374W,0,2.1495507,0.24186046421527863,0.05184446647763252,0.01630489155650139
YKL212W,YNR007C,0,2.1489434,0.24074074625968933,0.05184446647763252,0.01640492118895054
YOR384W,YIL136W,0,2.147768,0.23963133990764618,0.05184446647763252,0.01650495082139969
YNR001C,YER164W,0,2.1412609,0.23853211104869843,0.05184446647763252,0.016604982316493988
YKL114C,YNL036W,1,2.1405103,0.24200913310050964,0.05284147709608078,0.016604982316493988
YDL229W,YOR201C,0,2.1330707,0.24090908467769623,0.05284147709608078,0.016705011948943138
YHR174W,YKL060C,1,2.132026,0.24434389173984528,0.05383848398923874,0.016705011948943138
YJR158W,YLR097C,0,2.1298997,0.2432432472705841,0.05383848398923874,0.016805041581392288
YDR388W,YBR105C,0,2.1285949,0.24215246737003326,0.05383848398923874,0.01690507121384144
YJR016C,YBL090W,0,2.1276858,0.2410714328289032,0.05383848398923874,0.01700510084629059
YDL019C,YNL015W,0,2.127191,0.23999999463558197,0.05383848398923874,0.017105132341384888
YDL085W,YOL125W,0,2.1264346,0.23893804848194122,0.05383848398923874,0.017205161973834038
YLR172C,YDR380W,0,2.1257288,0.2378854602575302,0.05383848398923874,0.017305191606283188
YOR389W,YIL039W,0,2.125398,0.2368421107530594,0.05383848398923874,0.017405221238732338
YJR009C,YDR533C,0,2.1251378,0.235807865858078,0.05383848398923874,0.017505250871181488
YGL009C,YNL301C,0,2.1246116,0.2347826063632965,0.05383848398923874,0.017605282366275787
YDR050C,YGL191W,0,2.123841,0.23376622796058655,0.05383848398923874,0.017705311998724937
YJL164C,YOL002C,0,2.1205041,0.23275862634181976,0.05383848398923874,0.017805341631174088
YAL023C,YLR038C,0,2.1182492,0.23175965249538422,0.05383848398923874,0.017905371263623238
YLR154C,YHR136C,0,2.1140807,0.23076923191547394,0.05383848398923874,0.018005400896072388
YPL017C,YPR036W,0,2.1123326,0.22978723049163818,0.05383848398923874,0.018105432391166687
YJL048C,YLR221C,0,2.1120865,0.2288135588169098,0.05383848398923874,0.018205462023615837
YNR047W,YML087C,0,2.104019,0.2278480976819992,0.05383848398923874,0.018305491656064987
YDR342C,YOR233W,0,2.103291,0.22689075767993927,0.05383848398923874,0.018405521288514137
YML027W,YDL085W,0,2.1027017,0.22594141960144043,0.05383848398923874,0.018505550920963287
YLR142W,YFL039C,0,2.0956705,0.22499999403953552,0.05383848398923874,0.018605582416057587
YER082C,YER053C,0,2.093733,0.22406639158725739,0.05383848398923874,0.018705612048506737
YHR092C,YAL044C,0,2.0927145,0.22314049303531647,0.05383848398923874,0.018805641680955887
YBL030C,YJL221C,0,2.092642,0.2222222238779068,0.05383848398923874,0.018905671313405037
YEL038W,YBR241C,0,2.0921953,0.22131147980690002,0.05383848398923874,0.019005700945854187
YHR018C,YGR087C,1,2.0891204,0.22448979318141937,0.054835494607686996,0.019005700945854187
YER090W,YPR002W,1,2.0889661,0.22764228284358978,0.055832501500844955,0.019005700945854187
YER090W,YMR250W,1,2.0879314,0.23076923191547394,0.05682951211929321,0.019005700945854187
YBL103C,YDR247W,0,2.087842,0.22983871400356293,0.05682951211929321,0.019105732440948486
YKL060C,YKL218C,1,2.0855775,0.2329317331314087,0.05782651901245117,0.019105732440948486
YNR061C,YOL157C,0,2.0844033,0.23199999332427979,0.05782651901245117,0.019205762073397636
YJR143C,YPL111W,0,2.076443,0.2310757040977478,0.05782651901245117,0.019305791705846786
YHR025W,YLR356W,0,2.0753508,0.230158731341362,0.05782651901245117,0.019405821338295937
YBR158W,YDL067C,0,2.0737553,0.2292490154504776,0.05782651901245117,0.019505850970745087
YIL034C,YOL105C,0,2.070699,0.22834645211696625,0.05782651901245117,0.019605882465839386
YJL019W,YER053C,0,2.0693762,0.22745098173618317,0.05782651901245117,0.019705912098288536
YEL065W,YDL205C,0,2.0606472,0.2265625,0.05782651901245117,0.019805941730737686
YER088C,YIL160C,0,2.0603938,0.22568093240261078,0.05782651901245117,0.019905971363186836
YLR100W,YMR311C,0,2.057831,0.22480620443820953,0.05782651901245117,0.020006000995635986
YGR262C,YER053C,0,2.0564044,0.2239382266998291,0.05782651901245117,0.020106032490730286
YDL137W,YLR106C,0,2.0561004,0.2230769246816635,0.05782651901245117,0.020206062123179436
YER086W,YKL218C,1,2.05487,0.2260536402463913,0.05882352963089943,0.020206062123179436
YOR047C,YJR158W,0,2.0541685,0.22519083321094513,0.05882352963089943,0.020306091755628586
YMR037C,YAL012W,0,2.054097,0.22433459758758545,0.05882352963089943,0.020406121388077736
YOR175C,YDR342C,0,2.0528495,0.2234848439693451,0.05882352963089943,0.020506151020526886
YCR053W,YGR254W,1,2.0428617,0.22641509771347046,0.05982053652405739,0.020506151020526886
YJL102W,YDR077W,0,2.0397065,0.2255639135837555,0.05982053652405739,0.020606182515621185
YHL047C,YNR043W,0,2.0366862,0.2247191071510315,0.05982053652405739,0.020706212148070335
YCR047C,YIR017C,0,2.0363743,0.2238806039094925,0.05982053652405739,0.020806241780519485
YMR302C,YNR047W,0,2.034711,0.22304832935333252,0.05982053652405739,0.020906271412968636
YPL028W,YPL220W,0,2.0343082,0.2222222238779068,0.05982053652405739,0.021006301045417786
YBR296C,YFR003C,0,2.0342472,0.22140221297740936,0.05982053652405739,0.021106332540512085
YNR007C,YHR070W,0,2.031365,0.22058823704719543,0.05982053652405739,0.021206362172961235
YJR016C,YDR294C,1,2.0290544,0.22344322502613068,0.060817547142505646,0.021206362172961235
YAR015W,YKL156W,0,2.028702,0.22262774407863617,0.060817547142505646,0.021306391805410385
YKR009C,YDR538W,1,2.0277004,0.22545453906059265,0.0618145577609539,0.021306391805410385
YMR217W,YPL026C,0,2.02302,0.2246376872062683,0.0618145577609539,0.021406421437859535
YJL033W,YNR040W,0,2.0228145,0.22382672131061554,0.0618145577609539,0.021506451070308685
YJR065C,YGR061C,0,2.0215535,0.22302158176898956,0.0618145577609539,0.021606482565402985
YLR175W,YMR323W,1,2.020243,0.22580644488334656,0.06281156837940216,0.021606482565402985
YBL075C,YLR045C,0,2.0174668,0.22499999403953552,0.06281156837940216,0.021706512197852135
YER065C,YNL256W,1,2.0170872,0.2277580052614212,0.06380857527256012,0.021706512197852135
YKL100C,YGR292W,0,2.0156543,0.22695034742355347,0.06380857527256012,0.021806541830301285
YDR055W,YDR101C,0,2.0140638,0.22614841163158417,0.06380857527256012,0.021906571462750435
YJR016C,YOR054C,1,2.013093,0.22887323796749115,0.06480558216571808,0.021906571462750435
YDL141W,YNR001C,0,2.0126233,0.22807016968727112,0.06480558216571808,0.022006601095199585
YGR075C,YPL026C,0,2.0105793,0.22727273404598236,0.06480558216571808,0.022106632590293884
YGR295C,YNL146W,0,2.0098379,0.22648084163665771,0.06480558216571808,0.022206662222743034
YGL009C,YMR056C,0,2.0081422,0.2256944477558136,0.06480558216571808,0.022306691855192184
YNL210W,YKL109W,0,2.0079863,0.22491349279880524,0.06480558216571808,0.022406721487641335
YFR006W,YLR327C,0,2.007002,0.22413793206214905,0.06480558216571808,0.022506751120090485
YPL144W,YIL074C,0,2.0062897,0.22336769104003906,0.06480558216571808,0.022606782615184784
YKL109W,YKL164C,0,2.0051405,0.2226027399301529,0.06480558216571808,0.022706812247633934
YLR121C,YER045C,0,2.005019,0.22184300422668457,0.06480558216571808,0.022806841880083084
YPL281C,YNL007C,0,2.0029423,0.2210884392261505,0.06480558216571808,0.022906871512532234
YLR221C,YML091C,0,2.0000794,0.22033898532390594,0.06480558216571808,0.023006901144981384
YJL157C,YJR065C,0,1.9985204,0.21959459781646729,0.06480558216571808,0.023106932640075684
YKL211C,YJR130C,1,1.9976747,0.2222222238779068,0.06580258905887604,0.023106932640075684
YDR107C,YNL322C,0,1.9961281,0.2214765101671219,0.06580258905887604,0.023206962272524834
YKL109W,YDR003W,0,1.9916587,0.22073578834533691,0.06580258905887604,0.023306991904973984
YBL024W,YMR023C,0,1.9894531,0.2199999988079071,0.06580258905887604,0.023407021537423134
YPL262W,YGL009C,1,1.9879525,0.2225913554430008,0.0667996034026146,0.023407021537423134
YMR323W,YGL009C,1,1.9873221,0.22516556084156036,0.06779661029577255,0.023407021537423134
YKR009C,YGL026C,1,1.9869075,0.22772277891635895,0.06879361718893051,0.023407021537423134
YFL004W,YOL156W,0,1.984585,0.22697368264198303,0.06879361718893051,0.023507053032517433
YPR054W,YIL136W,0,1.9740164,0.2262295037508011,0.06879361718893051,0.023607082664966583
YDR111C,YGL184C,1,1.9718378,0.22875817120075226,0.06979063153266907,0.023607082664966583
YNL311C,YOR389W,0,1.9679153,0.2280130237340927,0.06979063153266907,0.023707112297415733
YML124C,YDR342C,0,1.9653165,0.22727273404598236,0.06979063153266907,0.023807141929864883
YPL262W,YDL036C,1,1.9652841,0.22977346181869507,0.07078763842582703,0.023807141929864883
YPL262W,YEL021W,1,1.9642689,0.23225806653499603,0.07178464531898499,0.023807141929864883
YMR142C,YJL198W,0,1.9624808,0.23151125013828278,0.07178464531898499,0.023907171562314034
YMR264W,YDR447C,0,1.9622321,0.23076923191547394,0.07178464531898499,0.024007203057408333
YPL271W,YDR529C,0,1.9600363,0.23003195226192474,0.07178464531898499,0.024107232689857483
YDR111C,YDR294C,1,1.9582307,0.23248407244682312,0.07278165221214294,0.024107232689857483
YLR142W,YPR118W,0,1.9579105,0.23174603283405304,0.07278165221214294,0.024207262322306633
YMR290C,YLR446W,0,1.956101,0.23101265728473663,0.07278165221214294,0.024307291954755783
YMR302C,YJL221C,0,1.9532726,0.2302839159965515,0.07278165221214294,0.024407321587204933
YPR006C,YMR250W,1,1.9509809,0.23270440101623535,0.0737786665558815,0.024407321587204933
YLR304C,YDR400W,0,1.9508293,0.23197491466999054,0.0737786665558815,0.024507353082299232
YIR037W,YER082C,0,1.9443047,0.23125000298023224,0.0737786665558815,0.024607382714748383
YHR081W,YPL111W,0,1.9435043,0.23052959144115448,0.0737786665558815,0.024707412347197533
YDR479C,YOL147C,0,1.942646,0.22981366515159607,0.0737786665558815,0.024807441979646683
YML018C,YNR016C,0,1.9396639,0.22910216450691223,0.0737786665558815,0.024907471612095833
YBR175W,YNL162W,0,1.9366691,0.22839505970478058,0.0737786665558815,0.025007503107190132
YIL168W,YEL046C,1,1.9365516,0.23076923191547394,0.07477567344903946,0.025007503107190132
YPR063C,YPL019C,0,1.9360616,0.2300613522529602,0.07477567344903946,0.025107532739639282
YML106W,YDR158W,0,1.9350932,0.2293577939271927,0.07477567344903946,0.025207562372088432
YLR090W,YBL039C,0,1.93471,0.2286585420370102,0.07477567344903946,0.025307592004537582
YBR001C,YBR297W,0,1.9334495,0.22796352207660675,0.07477567344903946,0.025407621636986732
YBL103C,YHR215W,0,1.9311988,0.22727273404598236,0.07477567344903946,0.025507653132081032
YEL020C,YER090W,1,1.9299347,0.2296072542667389,0.07577268034219742,0.025507653132081032
YOR128C,YGR254W,1,1.9286802,0.23192770779132843,0.07676968723535538,0.025507653132081032
YPR049C,YPR192W,0,1.9250803,0.231231227517128,0.07676968723535538,0.025607682764530182
YBL064C,YCR098C,0,1.924923,0.23053891956806183,0.07676968723535538,0.025707712396979332
YDL129W,YDR315C,0,1.9199536,0.22985073924064636,0.07676968723535538,0.025807742029428482
YKR097W,YHR112C,1,1.9193764,0.2321428507566452,0.07776670157909393,0.025807742029428482
YOR063W,YML091C,0,1.9191716,0.231453999876976,0.07776670157909393,0.025907771661877632
YPL271W,YBR273C,0,1.9163082,0.23076923191547394,0.07776670157909393,0.02600780315697193
YHR072W,YPL123C,1,1.9150476,0.23303835093975067,0.07876370847225189,0.02600780315697193
YGR189C,YGL084C,0,1.9146624,0.23235294222831726,0.07876370847225189,0.02610783278942108
YLR170C,YFL039C,0,1.9140058,0.2316715568304062,0.07876370847225189,0.02620786242187023
YJR029W,YKL109W,0,1.9092953,0.23099415004253387,0.07876370847225189,0.02630789205431938
YDR536W,YOL056W,0,1.9090044,0.23032070696353912,0.07876370847225189,0.026407921686768532
YLR414C,YDR523C,0,1.9070792,0.22965116798877716,0.07876370847225189,0.02650795318186283
YOR348C,YML085C,0,1.9032302,0.2289855033159256,0.07876370847225189,0.02660798281431198
YHR017W,YNL217W,0,1.9031041,0.22832369804382324,0.07876370847225189,0.02670801244676113
YBR286W,YDR298C,0,1.9016521,0.2276657074689865,0.07876370847225189,0.02680804207921028
YMR250W,YNL169C,1,1.8995645,0.2298850566148758,0.07976071536540985,0.02680804207921028
YNR050C,YDL075W,0,1.8985016,0.22922636568546295,0.07976071536540985,0.02690807171165943
YLR038C,YAL003W,0,1.898073,0.22857142984867096,0.07976071536540985,0.02700810320675373
YCR009C,YIL136W,0,1.8943665,0.22792023420333862,0.07976071536540985,0.02710813283920288
YLR100W,YBR084W,0,1.8912239,0.22727273404598236,0.07976071536540985,0.02720816247165203
YMR256C,YAL012W,0,1.8908241,0.22662889957427979,0.07976071536540985,0.02730819210410118
YKL089W,YER044C,0,1.8897583,0.2259887009859085,0.07976071536540985,0.02740822173655033
YPL160W,YBR297W,0,1.8888848,0.22535210847854614,0.07976071536540985,0.02750825323164463
YLR100W,YLR186W,0,1.8884833,0.2247191071510315,0.07976071536540985,0.02760828286409378
YJR160C,YER091C,0,1.886872,0.2240896373987198,0.07976071536540985,0.02770831249654293
YBR092C,YLR109W,0,1.8840611,0.22346368432044983,0.07976071536540985,0.02780834212899208
YPL144W,YJR045C,0,1.8829412,0.22284123301506042,0.07976071536540985,0.02790837176144123
YBR241C,YMR165C,0,1.8821108,0.2222222238779068,0.07976071536540985,0.02800840325653553
YGL009C,YOR326W,0,1.8816335,0.22160664200782776,0.07976071536540985,0.02810843288898468
YDR487C,YGL009C,1,1.8797245,0.22375690937042236,0.08075772970914841,0.02810843288898468
YLL009C,YDR060W,0,1.8795059,0.22314049303531647,0.08075772970914841,0.02820846252143383
YJR104C,YLR467W,0,1.8794003,0.22252747416496277,0.08075772970914841,0.02830849215388298
YHR046C,YML081C-A,0,1.8770978,0.22191780805587769,0.08075772970914841,0.02840852178633213
YIL111W,YDR436W,0,1.8742545,0.22131147980690002,0.08075772970914841,0.02850855328142643
YOR036W,YIL145C,0,1.8740361,0.2207084447145462,0.08075772970914841,0.02860858291387558
YGR292W,YMR256C,0,1.8694174,0.22010870277881622,0.08075772970914841,0.02870861254632473
YDR380W,YDL036C,1,1.8679516,0.2222222238779068,0.08175473660230637,0.02870861254632473
YOR384W,YLR357W,0,1.8667028,0.22162161767482758,0.08175473660230637,0.02880864217877388
YGL222C,YIL111W,0,1.8656678,0.2210242599248886,0.08175473660230637,0.02890867181122303
YNR050C,YOR063W,0,1.8655734,0.22043010592460632,0.08175473660230637,0.02900870330631733
YHR052W,YPL026C,0,1.8655484,0.21983914077281952,0.08175473660230637,0.02910873293876648
YKL211C,YGR087C,1,1.8645225,0.22192513942718506,0.08275174349546432,0.02910873293876648
YBL030C,YDR358W,0,1.8641803,0.2213333398103714,0.08275174349546432,0.02920876257121563
YDR299W,YBR205W,0,1.8635647,0.22074468433856964,0.08275174349546432,0.02930879220366478
YMR307W,YNR050C,0,1.8628194,0.2201591581106186,0.08275174349546432,0.02940882183611393
YDR465C,YJL052W,0,1.8621573,0.21957671642303467,0.08275174349546432,0.02950885333120823
YPL123C,YDR298C,0,1.8606982,0.21899735927581787,0.08275174349546432,0.02960888296365738
YPL226W,YGL059W,0,1.8601024,0.2184210568666458,0.08275174349546432,0.02970891259610653
YGR124W,YGR054W,0,1.8583167,0.2178477644920349,0.08275174349546432,0.02980894222855568
YDR380W,YDR047W,1,1.8582878,0.21989528834819794,0.08374875038862228,0.02980894222855568
YDR536W,YDR055W,0,1.8525469,0.219321146607399,0.08374875038862228,0.02990897186100483
YAL039C,YLR175W,1,1.8474004,0.2213541716337204,0.08474576473236084,0.02990897186100483
YAL023C,YMR290C,0,1.8465964,0.22077922523021698,0.08474576473236084,0.03000900335609913
YLR175W,YDR487C,1,1.8439053,0.2227979302406311,0.0857427716255188,0.03000900335609913
YEL013W,YOR120W,0,1.8419266,0.2222222238779068,0.0857427716255188,0.03010903298854828
YER068W,YLR121C,0,1.8398961,0.22164948284626007,0.0857427716255188,0.03020906262099743
YPL271W,YDR046C,0,1.8395532,0.22107969224452972,0.0857427716255188,0.03030909225344658
YHR160C,YJL221C,0,1.8395135,0.22051282227039337,0.0857427716255188,0.03040912188589573
YML125C,YIL136W,0,1.8383017,0.21994884312152863,0.0857427716255188,0.03050915338099003
YMR094W,YNR001C,0,1.835612,0.21938775479793549,0.0857427716255188,0.03060918301343918
YGR286C,YDR534C,0,1.8323786,0.21882951259613037,0.0857427716255188,0.03070921264588833
YJL143W,YBR297W,0,1.8315161,0.21827411651611328,0.0857427716255188,0.03080924227833748
YOR348C,YER053C,0,1.8292279,0.21772152185440063,0.0857427716255188,0.03090927191078663
YMR080C,YNL322C,0,1.8290472,0.21717171370983124,0.0857427716255188,0.031009303405880928
YJR121W,YOL002C,0,1.8289231,0.2166246920824051,0.0857427716255188,0.031109333038330078
YLR304C,YOL071W,0,1.8284458,0.21608039736747742,0.0857427716255188,0.031209362670779228
YBL075C,YPL231W,0,1.828378,0.2155388444662094,0.0857427716255188,0.03130939230322838
YPR005C,YGL003C,0,1.8259599,0.2150000035762787,0.0857427716255188,0.03140942379832268
YAR015W,YPL159C,0,1.8257072,0.21446384489536285,0.0857427716255188,0.03150945156812668
YIL101C,YNL061W,0,1.8255217,0.21393035352230072,0.0857427716255188,0.03160948306322098
YJR025C,YKR058W,0,1.8252008,0.2133994996547699,0.0857427716255188,0.03170951455831528
YOR120W,YBR241C,0,1.8251301,0.21287128329277039,0.0857427716255188,0.03180954232811928
YAL012W,YNL335W,1,1.823918,0.21481481194496155,0.08673977851867676,0.03180954232811928
YMR316W,YIL136W,0,1.8239179,0.2142857164144516,0.08673977851867676,0.03190957382321358
YLR359W,YLR044C,1,1.8217914,0.21621622145175934,0.08773679286241531,0.03190957382321358
YFR055W,YDR294C,1,1.8171667,0.2181372493505478,0.08873379975557327,0.03190957382321358
YER131W,YBR214W,0,1.8164623,0.2176039069890976,0.08873379975557327,0.03200960159301758
YIL051C,YJL102W,0,1.8154641,0.21707317233085632,0.08873379975557327,0.03210963308811188
YDR046C,YBR092C,0,1.8153701,0.2165450155735016,0.08873379975557327,0.03220966458320618
YOR202W,YMR250W,1,1.8153409,0.21844659745693207,0.08973080664873123,0.03220966458320618
YLR040C,YOR120W,0,1.8149728,0.21791768074035645,0.08973080664873123,0.03230969235301018
YGR286C,YPR184W,0,1.8109236,0.21739129722118378,0.08973080664873123,0.03240972384810448
YFR055W,YLR089C,1,1.8107888,0.21927711367607117,0.09072781354188919,0.03240972384810448
YBL069W,YDR342C,0,1.8004949,0.21875,0.09072781354188919,0.03250975161790848
YLR201C,YPL258C,0,1.7956355,0.2182254195213318,0.09072781354188919,0.03260978311300278
YEL038W,YDL085W,0,1.7946138,0.21770334243774414,0.09072781354188919,0.032709814608097076
YKL218C,YDR538W,1,1.792683,0.21957039833068848,0.09172482788562775,0.032709814608097076
YAL012W,YIL168W,1,1.7915901,0.22142857313156128,0.0927218347787857,0.032709814608097076
YLL062C,YPR184W,0,1.7903982,0.22090260684490204,0.0927218347787857,0.03280984237790108
YML091C,YCL031C,0,1.7886692,0.22037914395332336,0.0927218347787857,0.03290987387299538
YMR289W,YDR529C,0,1.7834165,0.21985815465450287,0.0927218347787857,0.03300990164279938
YLR286C,YBL057C,0,1.782543,0.21933962404727936,0.0927218347787857,0.03310993313789368
YDR388W,YHL047C,0,1.7823343,0.21882352232933044,0.0927218347787857,0.033209964632987976
YPL226W,YDL180W,0,1.7803565,0.21830986440181732,0.0927218347787857,0.03330999240279198
YMR290C,YEL050C,0,1.779536,0.21779859066009521,0.0927218347787857,0.033410023897886276
YIL009C-A,YIL160C,0,1.7791836,0.21728971600532532,0.0927218347787857,0.03351005166769028
YML070W,YOL019W,0,1.7789615,0.21678321063518524,0.0927218347787857,0.033610083162784576
YDR096W,YOR246C,0,1.778003,0.216279074549675,0.0927218347787857,0.033710114657878876
YGR286C,YOR326W,0,1.7772356,0.21577726304531097,0.0927218347787857,0.03381014242768288
YDR347W,YBR084W,0,1.7740772,0.2152777761220932,0.0927218347787857,0.033910173922777176
YLR201C,YDR032C,0,1.7725059,0.21478059887886047,0.0927218347787857,0.03401020169258118
YJR139C,YER036C,0,1.7717612,0.2142857164144516,0.0927218347787857,0.034110233187675476
YPL111W,YOR233W,0,1.7685666,0.2137930989265442,0.0927218347787857,0.034210264682769775
YHR089C,YPL026C,0,1.7661301,0.21330274641513824,0.0927218347787857,0.034310292452573776
YKL109W,YBL022C,0,1.7657862,0.21281464397907257,0.0927218347787857,0.034410323947668076
YPL177C,YGR295C,0,1.7652605,0.21232876181602478,0.0927218347787857,0.034510351717472076
YER086W,YLR304C,1,1.763842,0.21412301063537598,0.09371884167194366,0.034510351717472076
YIL125W,YGR286C,0,1.7636678,0.2136363685131073,0.09371884167194366,0.034610383212566376
YOR128C,YLR044C,1,1.7631642,0.21541950106620789,0.09471585601568222,0.034610383212566376
YFR005C,YPL186C,0,1.76228,0.2149321287870407,0.09471585601568222,0.034710414707660675
YKR094C,YGL009C,0,1.7620995,0.21444694697856903,0.09471585601568222,0.034810442477464676
YAR015W,YJL157C,0,1.7615545,0.21396397054195404,0.09471585601568222,0.034910473972558975
YLR142W,YHR171W,0,1.7607601,0.21348313987255096,0.09471585601568222,0.035010501742362976
YNL036W,YKR072C,1,1.7587599,0.21524663269519806,0.09571286290884018,0.035010501742362976
YPL019C,YOR228C,0,1.7583375,0.21476510167121887,0.09571286290884018,0.035110533237457275
YPL148C,YPL031C,0,1.7573156,0.2142857164144516,0.09571286290884018,0.035210564732551575
YDR234W,YDR294C,1,1.7567766,0.2160356342792511,0.09670986980199814,0.035210564732551575
YBR286W,YNR050C,0,1.7565275,0.21555554866790771,0.09670986980199814,0.035310592502355576
YBL030C,YKR094C,0,1.7557257,0.21507760882377625,0.09670986980199814,0.035410623997449875
YLR048W,YDR380W,0,1.7545254,0.2146017700433731,0.09670986980199814,0.035510651767253876
YFR006W,YPR016C,0,1.7544024,0.2141280323266983,0.09670986980199814,0.035610683262348175
YDR234W,YNL335W,1,1.7543554,0.21585902571678162,0.0977068766951561,0.035610683262348175
YPL148C,YBR299W,0,1.7499999,0.2153846174478531,0.0977068766951561,0.035710714757442474
YPR132W,YDR096W,0,1.7483437,0.2149122804403305,0.0977068766951561,0.035810742527246475
YMR217W,YBL061C,0,1.7469468,0.21444201469421387,0.0977068766951561,0.035910774022340775
YJR016C,YGR035C,0,1.7469215,0.21397380530834198,0.0977068766951561,0.036010801792144775
YJL157C,YDR231C,0,1.7457076,0.21350762248039246,0.0977068766951561,0.036110833287239075
YHR072W,YMR250W,1,1.7449626,0.21521739661693573,0.09870389103889465,0.036110833287239075
YOR315W,YKR009C,0,1.7425544,0.21475054323673248,0.09870389103889465,0.036210864782333374
YGR155W,YPL262W,1,1.7425332,0.21645021438598633,0.09970089793205261,0.036210864782333374
YHR174W,YNL335W,1,1.7423561,0.2181425541639328,0.10069790482521057,0.036210864782333374
YLR089C,YGR087C,1,1.7421387,0.2198275923728943,0.10169491171836853,0.036210864782333374
YDR342C,YKR009C,0,1.741873,0.21935483813285828,0.10169491171836853,0.036310892552137375
YLR086W,YDL085W,0,1.7380819,0.21888412535190582,0.10169491171836853,0.036410924047231674
YDR533C,YPR005C,0,1.7374945,0.21841542422771454,0.10169491171836853,0.036510951817035675
YGR086C,YJL102W,0,1.7348025,0.21794871985912323,0.10169491171836853,0.036610983312129974
YPR132W,YLR265C,0,1.7341276,0.2174840122461319,0.10169491171836853,0.036711014807224274
YIR012W,YDR158W,0,1.7340138,0.21702127158641815,0.10169491171836853,0.036811042577028275
YML106W,YDL204W,0,1.7305171,0.2165605127811432,0.10169491171836853,0.036911074072122574
YHR143W,YGL137W,0,1.7268,0.21610169112682343,0.10169491171836853,0.037011101841926575
YGL135W,YIR037W,0,1.7263646,0.21564482152462006,0.10169491171836853,0.037111133337020874
YJL157C,YOL002C,0,1.7244837,0.2151898741722107,0.10169491171836853,0.03721116483211517
YGR101W,YDR247W,0,1.7229322,0.21473684906959534,0.10169491171836853,0.037311192601919174
YMR088C,YBR050C,0,1.721391,0.2142857164144516,0.10169491171836853,0.037411224097013474
YLR359W,YPL262W,1,1.720739,0.2159329205751419,0.10269192606210709,0.037411224097013474
YLR106C,YEL050C,0,1.7206867,0.21548117697238922,0.10269192606210709,0.037511251866817474
YHL047C,YPR016C,0,1.7187042,0.21503131091594696,0.10269192606210709,0.037611283361911774
YML124C,YGR234W,0,1.7180338,0.21458333730697632,0.10269192606210709,0.03771131485700607
YHR143W,YOR069W,0,1.717129,0.2141372114419937,0.10269192606210709,0.037811342626810074
YIL074C,YJL158C,0,1.7161286,0.21369294822216034,0.10269192606210709,0.03791137412190437
YLR048W,YIL155C,0,1.7148051,0.2132505178451538,0.10269192606210709,0.038011401891708374
YAR018C,YOR233W,0,1.7130857,0.21280992031097412,0.10269192606210709,0.03811143338680267
YOR384W,YFL036W,0,1.7129136,0.21237114071846008,0.10269192606210709,0.03821146488189697
YDL082W,YLR265C,0,1.7128963,0.2119341492652893,0.10269192606210709,0.038311492651700974
YGL196W,YAL012W,1,1.7104015,0.2135523557662964,0.10368893295526505,0.038311492651700974
YJR015W,YER091C,0,1.70933,0.21311475336551666,0.10368893295526505,0.03841152414679527
YIL070C,YHR064C,0,1.7087643,0.2126789391040802,0.10368893295526505,0.038511551916599274
YNL210W,YHR171W,0,1.7087162,0.2122448980808258,0.10368893295526505,0.03861158341169357
YPL226W,YJL158C,0,1.7078717,0.21181263029575348,0.10368893295526505,0.03871161490678787
YLL062C,YGR008C,0,1.7052872,0.21138212084770203,0.10368893295526505,0.03881164267659187
YDR046C,YPR184W,0,1.7044642,0.21095333993434906,0.10368893295526505,0.03891167417168617
YKL218C,YNR001C,0,1.7035834,0.21052631735801697,0.10368893295526505,0.03901170194149017
YHR072W,YOR393W,1,1.7001615,0.21212121844291687,0.104685939848423,0.03901170194149017
YNR070W,YOL056W,0,1.6999764,0.21169355511665344,0.104685939848423,0.03911173343658447
YOR175C,YNL115C,0,1.6983181,0.2112676054239273,0.104685939848423,0.03921176493167877
YOR128C,YMR250W,1,1.6974735,0.2128514051437378,0.10568295419216156,0.03921176493167877
YDR033W,YHL016C,0,1.6974101,0.2124248445034027,0.10568295419216156,0.03931179270148277
YCR096C,YML091C,0,1.6966208,0.21199999749660492,0.10568295419216156,0.03941182419657707
YOR374W,YGR279C,0,1.6949695,0.21157684922218323,0.10568295419216156,0.03951185196638107
YPL123C,YDR380W,1,1.6942629,0.21314741671085358,0.10667996108531952,0.03951185196638107
YKL114C,YMR323W,1,1.6929553,0.2147117257118225,0.10767696797847748,0.03951185196638107
YCR098C,YBR105C,0,1.6910259,0.2142857164144516,0.10767696797847748,0.03961188346147537
YOR039W,YDR231C,0,1.6905135,0.2138613909482956,0.10767696797847748,0.03971191495656967
YGR223C,YDR247W,0,1.689945,0.2134387344121933,0.10767696797847748,0.03981194272637367
YJL164C,YLR099C,0,1.6895566,0.21301774680614471,0.10767696797847748,0.03991197422146797
YBL030C,YNL162W,0,1.6885138,0.21259842813014984,0.10767696797847748,0.04001200199127197
YJL153C,YOL120C,0,1.6881771,0.2121807485818863,0.10767696797847748,0.04011203348636627
YHL018W,YGL184C,1,1.6874759,0.2137254923582077,0.10867397487163544,0.04011203348636627
YMR022W,YOR374W,0,1.6856455,0.2133072465658188,0.10867397487163544,0.04021206498146057
YPL177C,YIL124W,0,1.685048,0.212890625,0.10867397487163544,0.04031209275126457
YMR198W,YOL152W,0,1.6846063,0.21247562766075134,0.10867397487163544,0.04041212424635887
YCR053W,YGL123W,0,1.6831214,0.21206225454807281,0.10867397487163544,0.04051215201616287
YJR145C,YPL111W,0,1.6812947,0.21165049076080322,0.10867397487163544,0.04061218351125717
YAR018C,YNL061W,0,1.6805626,0.21124030649662018,0.10867397487163544,0.04071221500635147
YPL271W,YDR003W,0,1.6803267,0.21083171665668488,0.10867397487163544,0.04081224277615547
YEL059C-A,YCL027W,0,1.6778686,0.21042470633983612,0.10867397487163544,0.04091227427124977
YDR117C,YDL130W-A,0,1.6770046,0.21001926064491272,0.10867397487163544,0.04101230204105377
YDR425W,YLR098C,0,1.6769376,0.20961537957191467,0.10867397487163544,0.04111233353614807
YPR156C,YEL065W,0,1.6749586,0.2092130482196808,0.10867397487163544,0.04121236503124237
YLR134W,YIL168W,1,1.6721692,0.2107279747724533,0.10967098921537399,0.04121236503124237
YLR359W,YNL256W,1,1.6674902,0.21223708987236023,0.11066799610853195,0.04121236503124237
YOL105C,YGR075C,0,1.665129,0.21183206140995026,0.11066799610853195,0.04131239280104637
YLR175W,YOR054C,1,1.6649079,0.2133333384990692,0.11166500300168991,0.04131239280104637
YCR009C,YLR286C,0,1.6641285,0.21292775869369507,0.11166500300168991,0.04141242429614067
YPR002W,YHR174W,1,1.6612389,0.21442125737667084,0.11266201734542847,0.04141242429614067
YNL291C,YOL147C,0,1.6599364,0.2140151560306549,0.11266201734542847,0.04151245206594467
YFR055W,YHR018C,1,1.6585248,0.21550095081329346,0.11365902423858643,0.04151245206594467
YGR162W,YDR400W,0,1.6561873,0.21509434282779694,0.11365902423858643,0.04161248356103897
YAR015W,YNL119W,0,1.6559829,0.21468926966190338,0.11365902423858643,0.04171251505613327
YDR479C,YPL019C,0,1.6554406,0.2142857164144516,0.11365902423858643,0.04181254282593727
YML124C,YKL181W,0,1.6554167,0.2138836830854416,0.11365902423858643,0.04191257432103157
YML124C,YGR054W,0,1.6547811,0.21348313987255096,0.11365902423858643,0.04201260209083557
YIL168W,YGR155W,1,1.6531858,0.21495327353477478,0.11465603113174438,0.04201260209083557
YDR503C,YDR252W,0,1.6498581,0.21455223858356476,0.11465603113174438,0.04211263358592987
YER110C,YNL325C,0,1.6495664,0.21415269374847412,0.11465603113174438,0.04221266508102417
YKR097W,YGL026C,1,1.648643,0.21561338007450104,0.11565303802490234,0.04221266508102417
YLR214W,YIL125W,0,1.6465025,0.2152133584022522,0.11565303802490234,0.04231269285082817
YGR088W,YDR231C,0,1.6445999,0.21481481194496155,0.11565303802490234,0.04241272434592247
YKR009C,YLR176C,0,1.6440389,0.2144177407026291,0.11565303802490234,0.04251275211572647
YHR072W,YGR087C,1,1.6434455,0.21586716175079346,0.1166500523686409,0.04251275211572647
YJR139C,YER091C,0,1.643034,0.2154696136713028,0.1166500523686409,0.04261278361082077
YDR294C,YEL046C,1,1.6421084,0.21691176295280457,0.11764705926179886,0.04261278361082077
YIL026C,YHR136C,0,1.6420181,0.2165137678384781,0.11764705926179886,0.04271281510591507
YEL020C,YMR323W,1,1.640836,0.21794871985912323,0.11864406615495682,0.04271281510591507
YNL330C,YKR059W,0,1.6402152,0.21755027770996094,0.11864406615495682,0.04281284287571907
YDR487C,YOL115W,1,1.6394552,0.21897810697555542,0.11964107304811478,0.04281284287571907
YPL271W,YEL015W,0,1.6384755,0.2185792326927185,0.11964107304811478,0.04291287437081337
YGR220C,YGR061C,0,1.6343223,0.2181818187236786,0.11964107304811478,0.04301290214061737
YMR128W,YOL071W,0,1.634228,0.21778585016727448,0.11964107304811478,0.04311293363571167
YDR251W,YMR150C,0,1.6337466,0.21739129722118378,0.11964107304811478,0.04321296513080597
YER065C,YHR112C,1,1.6328158,0.21880650520324707,0.12063808739185333,0.04321296513080597
YGL135W,YDR054C,0,1.6324502,0.21841154992580414,0.12063808739185333,0.04331299290060997
YOL156W,YJL158C,0,1.6310043,0.21801802515983582,0.12063808739185333,0.04341302439570427
YNR043W,YHR018C,1,1.6306341,0.21942445635795593,0.12163509428501129,0.04341302439570427
YDR115W,YOR233W,0,1.6298641,0.21903051435947418,0.12163509428501129,0.04351305216550827
YDR536W,YDR166C,0,1.6285391,0.21863798797130585,0.12163509428501129,0.04361308366060257
YLR089C,YGL148W,1,1.6283382,0.22003577649593353,0.12263210117816925,0.04361308366060257
YLR044C,YBR248C,1,1.6281366,0.22142857313156128,0.1236291155219078,0.04361308366060257
YHR027C,YKL109W,0,1.6280928,0.22103387117385864,0.1236291155219078,0.04371311515569687
YGR170W,YFR055W,1,1.6247667,0.22241993248462677,0.12462612241506577,0.04371311515569687
YKR059W,YBR251W,0,1.6241995,0.22202487289905548,0.12462612241506577,0.04381314292550087
YKR009C,YHR018C,1,1.623812,0.22340425848960876,0.12562313675880432,0.04381314292550087
YNR045W,YOR326W,0,1.623714,0.22300885617733002,0.12562313675880432,0.04391317442059517
YBL075C,YPR005C,0,1.6198785,0.2226148396730423,0.12562313675880432,0.04401320219039917
YKR058W,YLR286C,0,1.6197175,0.2222222238779068,0.12562313675880432,0.04411323368549347
YCR098C,YJL125C,0,1.6174996,0.22183097898960114,0.12562313675880432,0.04421326518058777
YDR074W,YGR189C,0,1.6174396,0.2214411199092865,0.12562313675880432,0.04431329295039177
YKL178C,YML124C,0,1.6173537,0.2210526317358017,0.12562313675880432,0.04441332444548607
YNL091W,YIL124W,0,1.6162698,0.22066549956798553,0.12562313675880432,0.04451335221529007
YNL036W,YGL026C,1,1.6162466,0.2220279723405838,0.12662014365196228,0.04451335221529007
YDR533C,YDR060W,0,1.6153038,0.221640482544899,0.12662014365196228,0.04461338371038437
YNL242W,YAL003W,0,1.6144642,0.2212543487548828,0.12662014365196228,0.04471341520547867
YMR006C,YFL039C,0,1.6129007,0.22086957097053528,0.12662014365196228,0.04481344297528267
YGL009C,YFL061W,1,1.612595,0.2222222238779068,0.12761715054512024,0.04481344297528267
YJL121C,YCL050C,0,1.6119915,0.2218370884656906,0.12761715054512024,0.04491347447037697
YHL044W,YLR414C,0,1.6104758,0.22145329415798187,0.12761715054512024,0.04501350224018097
YLR385C,YER053C,0,1.6098071,0.2210708111524582,0.12761715054512024,0.04511353373527527
YOR116C,YJR158W,0,1.609658,0.22068965435028076,0.12761715054512024,0.04521356523036957
YOL072W,YAL012W,0,1.6091329,0.2203098088502884,0.12761715054512024,0.04531359300017357
YDR224C,YLR100W,0,1.6086235,0.21993127465248108,0.12761715054512024,0.04541362449526787
YER056C-A,YOR306C,0,1.6081814,0.21955403685569763,0.12761715054512024,0.04551365226507187
YPR070W,YOR092W,0,1.6073308,0.21917808055877686,0.12761715054512024,0.04561368376016617
YBL078C,YOL100W,0,1.6063032,0.21880342066287994,0.12761715054512024,0.04571371525526047
YKL178C,YLR172C,0,1.6061486,0.2184300273656845,0.12761715054512024,0.04581374302506447
YKR009C,YAL012W,1,1.606091,0.21976150572299957,0.1286141574382782,0.04581374302506447
YDL195W,YJL025W,0,1.6042688,0.21938775479793549,0.1286141574382782,0.04591377452015877
YMR217W,YBR040W,0,1.6028504,0.21901528537273407,0.1286141574382782,0.04601380228996277
YKR009C,YPL281C,1,1.6025317,0.22033898532390594,0.12961116433143616,0.04601380228996277
YML004C,YDR234W,1,1.6023853,0.22165820002555847,0.13060817122459412,0.04601380228996277
YML034W,YMR303C,0,1.6021125,0.22128377854824066,0.13060817122459412,0.04611383378505707
YJL072C,YLR467W,0,1.6001484,0.22091062366962433,0.13060817122459412,0.04621386528015137
YIR037W,YER110C,0,1.5994576,0.22053872048854828,0.13060817122459412,0.04631389304995537
YHR010W,YNL115C,0,1.5986426,0.2201680690050125,0.13060817122459412,0.04641392454504967
YHR025W,YIL160C,0,1.5986,0.21979865431785583,0.13060817122459412,0.04651395604014397
YLR304C,YFL061W,1,1.5984833,0.22110553085803986,0.13160517811775208,0.04651395604014397
YKR097W,YGL184C,1,1.5977561,0.22240802645683289,0.13260219991207123,0.04651395604014397
YGR002C,YBR297W,0,1.5975523,0.22203673422336578,0.13260219991207123,0.04661398380994797
YBL064C,YGR162W,0,1.5973642,0.22166666388511658,0.13260219991207123,0.04671401530504227
YDR481C,YGR159C,0,1.5957799,0.22129783034324646,0.13260219991207123,0.04681404307484627
YHR046C,YOR036W,0,1.5942197,0.22093023359775543,0.13260219991207123,0.04691407456994057
YDL185W,YBR297W,0,1.5936998,0.2205638438463211,0.13260219991207123,0.047014106065034866
YGL120C,YPL019C,0,1.5933592,0.22019867599010468,0.13260219991207123,0.04711413383483887
YPL195W,YKL109W,0,1.5933197,0.21983471512794495,0.13260219991207123,0.047214165329933167
YBR296C,YPR098C,0,1.5928838,0.21947194635868073,0.13260219991207123,0.04731419309973717
YLR304C,YJL060W,1,1.5928214,0.22075782716274261,0.1335992068052292,0.04731419309973717
YHL040C,YHR147C,0,1.5898004,0.22039473056793213,0.1335992068052292,0.04741422459483147
YJL048C,YJL125C,0,1.5887201,0.22003284096717834,0.1335992068052292,0.047514256089925766
YGR241C,YHR171W,0,1.5860844,0.21967212855815887,0.1335992068052292,0.04761428385972977
YPL231W,YGR286C,0,1.5845755,0.2193126082420349,0.1335992068052292,0.047714315354824066
YDR356W,YGR279C,0,1.5812126,0.21895425021648407,0.1335992068052292,0.04781434312462807
YOR151C,YML009C,0,1.5807898,0.21859706938266754,0.1335992068052292,0.047914374619722366
YKL011C,YER044C,0,1.5796236,0.21824103593826294,0.1335992068052292,0.048014406114816666
YKL114C,YDR380W,1,1.5787951,0.2195121943950653,0.13459621369838715,0.048014406114816666
YLR142W,YMR198W,0,1.5781367,0.21915584802627563,0.13459621369838715,0.048114433884620667
YKL034W,YML070W,0,1.5764647,0.2188006490468979,0.13459621369838715,0.048214465379714966
YDR033W,YOR347C,0,1.576093,0.21844659745693207,0.13459621369838715,0.04831449314951897
YMR088C,YMR036C,0,1.5760436,0.21809369325637817,0.13459621369838715,0.048414524644613266
YDL130W,YIL160C,0,1.5759695,0.2177419364452362,0.13459621369838715,0.048514556139707565
YDR533C,YGL178W,0,1.5757828,0.21739129722118378,0.13459621369838715,0.048614583909511566
YLR106C,YDR358W,0,1.5756747,0.21704180538654327,0.13459621369838715,0.048714615404605865
YPL231W,YGL009C,0,1.5752985,0.21669341623783112,0.13459621369838715,0.048814643174409866
YDL051W,YBL082C,0,1.5747547,0.2163461595773697,0.13459621369838715,0.048914674669504166
YOR128C,YKL182W,1,1.5743711,0.2176000028848648,0.1355932205915451,0.048914674669504166
YPL123C,YHR018C,1,1.5738587,0.21884983777999878,0.13659022748470306,0.048914674669504166
YDR358W,YLR172C,0,1.5723853,0.2185007929801941,0.13659022748470306,0.049014706164598465
YBR176W,YLR304C,0,1.5723773,0.21815286576747894,0.13659022748470306,0.049114733934402466
YGL137W,YMR056C,0,1.5709896,0.21780604124069214,0.13659022748470306,0.049214765429496765
YGL040C,YDR234W,1,1.5703146,0.21904762089252472,0.13758723437786102,0.049214765429496765
YOL031C,YBL030C,0,1.5701244,0.21870046854019165,0.13758723437786102,0.049314793199300766
YMR006C,YDR231C,0,1.5678931,0.21835443377494812,0.13758723437786102,0.049414824694395065
YDL204W,YNR070W,0,1.5657572,0.21800947189331055,0.13758723437786102,0.049514856189489365
YKR097W,YLR304C,1,1.564199,0.2192429006099701,0.13858424127101898,0.049514856189489365
YDL192W,YBR251W,0,1.5640044,0.21889764070510864,0.13858424127101898,0.049614883959293365
YPL281C,YLR286C,0,1.5634843,0.21855345368385315,0.13858424127101898,0.049714915454387665
YNL077W,YPL281C,0,1.562005,0.2182103544473648,0.13858424127101898,0.049814943224191666
YDL056W,YGR037C,0,1.5616238,0.21786834299564362,0.13858424127101898,0.049914974719285965
YPR006C,YGR254W,1,1.560456,0.21909232437610626,0.13958126306533813,0.049914974719285965
YBR175W,YHR013C,0,1.5595315,0.21875,0.13958126306533813,0.050015006214380264
YNL217W,YOR244W,0,1.5593007,0.2184087336063385,0.13958126306533813,0.050115033984184265
YHL032C,YLR048W,0,1.5584096,0.21806854009628296,0.13958126306533813,0.050215065479278564
YML018C,YPL177C,0,1.5579783,0.217729389667511,0.13958126306533813,0.050315093249082565
YKL114C,YPL262W,1,1.556215,0.21894410252571106,0.1405782699584961,0.050315093249082565
YHL018W,YBL019W,1,1.555103,0.2201550453901291,0.14157527685165405,0.050315093249082565
YEL046C,YHR112C,1,1.5548451,0.22136223316192627,0.142572283744812,0.050315093249082565
YKL178C,YMR211W,0,1.5540099,0.22102008759975433,0.142572283744812,0.050415124744176865
YJR139C,YBR267W,0,1.553893,0.22067901492118835,0.142572283744812,0.050515156239271164
YDR315C,YPL123C,0,1.5535586,0.22033898532390594,0.142572283744812,0.050615184009075165
YKL088W,YGL009C,1,1.5534863,0.2215384542942047,0.14356929063796997,0.050615184009075165
YOR391C,YDR322W,0,1.5527349,0.2211981564760208,0.14356929063796997,0.050715215504169464
YJR016C,YML004C,1,1.550615,0.22239263355731964,0.14456629753112793,0.050715215504169464
YIL160C,YGL095C,0,1.5505809,0.22205206751823425,0.14456629753112793,0.050815243273973465
YNL322C,YDR158W,0,1.5504367,0.22171254456043243,0.14456629753112793,0.050915274769067764
YML054C,YCR028C,0,1.5494384,0.221374049782753,0.14456629753112793,0.051015306264162064
YOL064C,YKL024C,0,1.5481465,0.22103658318519592,0.14456629753112793,0.051115334033966064
YLR134W,YPL028W,0,1.5481043,0.22070014476776123,0.14456629753112793,0.051215365529060364
YDR111C,YGL009C,1,1.5479727,0.22188450396060944,0.1455633044242859,0.051215365529060364
YDR111C,YNL256W,1,1.5477319,0.22306525707244873,0.14656032621860504,0.051215365529060364
YDL080C,YJL060W,1,1.5463848,0.2242424190044403,0.147557333111763,0.051215365529060364
YPR192W,YJL190C,0,1.5462781,0.22390317916870117,0.147557333111763,0.051315393298864365
YDR224C,YDR487C,0,1.5455598,0.22356495261192322,0.147557333111763,0.051415424793958664
YKL218C,YGR087C,1,1.5450498,0.2247360497713089,0.14855434000492096,0.051415424793958664
YHR171W,YDR297W,0,1.5449423,0.22439758479595184,0.14855434000492096,0.05151545628905296
YER086W,YIL171W,0,1.5443406,0.22406014800071716,0.14855434000492096,0.051615484058856964
YER096W,YNR070W,0,1.5438964,0.22372372448444366,0.14855434000492096,0.05171551555395126
YKL178C,YGR184C,0,1.5438155,0.22338829934597015,0.14855434000492096,0.051815543323755264
YJR121W,YBR273C,0,1.5438085,0.22305388748645782,0.14855434000492096,0.051915574818849564
YPL281C,YHR018C,1,1.5437393,0.22421523928642273,0.14955134689807892,0.051915574818849564
YBR251W,YLR121C,0,1.5431366,0.2238806039094925,0.14955134689807892,0.05201560631394386
YPR102C,YNL015W,0,1.5420023,0.22354695200920105,0.14955134689807892,0.052115634083747864
YBR001C,YDR032C,0,1.5415629,0.2232142835855484,0.14955134689807892,0.05221566557884216
YPL271W,YGR292W,0,1.5413244,0.22288261353969574,0.14955134689807892,0.052315693348646164
YBL090W,YDL082W,0,1.5353978,0.22255192697048187,0.14955134689807892,0.05241572484374046
YPL271W,YPL160W,0,1.5351515,0.2222222238779068,0.14955134689807892,0.05251575633883476
YOL105C,YKL109W,0,1.5341623,0.22189348936080933,0.14955134689807892,0.05261578410863876
YJR016C,YGR254W,1,1.5332869,0.223042830824852,0.15054835379123688,0.05261578410863876
YMR098C,YLR172C,0,1.5316364,0.22271385788917542,0.15054835379123688,0.05271581560373306
YOR179C,YOR315W,0,1.5299308,0.22238586843013763,0.15054835379123688,0.052815843373537064
YPL121C,YDR014W,0,1.5272791,0.22205881774425507,0.15054835379123688,0.05291587486863136
YDL085W,YPR070W,0,1.5266719,0.2217327505350113,0.15054835379123688,0.05301590636372566
YDR481C,YIL136W,0,1.5263103,0.22140762209892273,0.15054835379123688,0.05311593413352966
YEL013W,YLR099C,0,1.5206542,0.22108346223831177,0.15054835379123688,0.05321596562862396
YGL173C,YJR104C,0,1.5198193,0.22076024115085602,0.15054835379123688,0.05331599339842796
YDL051W,YFL044C,0,1.5195853,0.22043795883655548,0.15054835379123688,0.05341602489352226
YBL078C,YOR080W,0,1.5190148,0.22011661529541016,0.15054835379123688,0.05351605638861656
YPL174C,YNR001C,0,1.5182213,0.21979621052742004,0.15054835379123688,0.05361608415842056
YML004C,YEL020C,1,1.5181432,0.22093023359775543,0.15154536068439484,0.05361608415842056
YKL184W,YPR006C,1,1.5180147,0.22206096351146698,0.1525423675775528,0.05361608415842056
YGR008C,YIL160C,0,1.5179054,0.22173912823200226,0.1525423675775528,0.05371611565351486
YJR001W,YOR391C,0,1.517482,0.22141823172569275,0.1525423675775528,0.05381614342331886
YML125C,YKR009C,0,1.5173614,0.22109825909137726,0.1525423675775528,0.05391617491841316
YKL056C,YPL026C,0,1.5165517,0.22077922523021698,0.1525423675775528,0.05401620641350746
YFL036W,YFL037W,0,1.5163485,0.22046110033988953,0.1525423675775528,0.05411623418331146
YHR081W,YGL084C,0,1.5162863,0.2201438844203949,0.1525423675775528,0.05421626567840576
YDL144C,YGR279C,0,1.5155876,0.2198275923728943,0.1525423675775528,0.05431629344820976
YGR241C,YLR327C,0,1.5129294,0.2195121943950653,0.1525423675775528,0.05441632494330406
YDR242W,YLR097C,0,1.5125973,0.21919770538806915,0.1525423675775528,0.05451635643839836
YGR295C,YCL027W,0,1.5119838,0.21888412535190582,0.1525423675775528,0.05461638420820236
YMR184W,YMR204C,0,1.5114421,0.21857142448425293,0.1525423675775528,0.05471641570329666
YDR481C,YBR024W,0,1.5111722,0.21825963258743286,0.1525423675775528,0.05481644347310066
YPL028W,YGR191W,0,1.5102462,0.21794871985912323,0.1525423675775528,0.05491647496819496
YLR090W,YKR059W,0,1.5101194,0.21763868629932404,0.1525423675775528,0.05501650646328926
YLR098C,YHL016C,0,1.5082667,0.21732954680919647,0.1525423675775528,0.05511653423309326
YDL120W,YGL035C,0,1.5072699,0.21702127158641815,0.1525423675775528,0.05521656572818756
YKL088W,YJR016C,1,1.5071454,0.21813030540943146,0.15353937447071075,0.05521656572818756
YML004C,YJL200C,1,1.5062965,0.21923620998859406,0.1545363962650299,0.05521656572818756
YIL101C,YPR016C,0,1.5061787,0.2189265489578247,0.1545363962650299,0.05531659349799156
YOR348C,YNL191W,0,1.5061625,0.2186177670955658,0.1545363962650299,0.05541662499308586
YDR074W,YNR047W,0,1.5058185,0.21830986440181732,0.1545363962650299,0.05551665648818016
YPR028W,YDR247W,0,1.5047874,0.2180028110742569,0.1545363962650299,0.05561668425798416
YOL139C,YMR302C,0,1.5045269,0.21769662201404572,0.1545363962650299,0.05571671575307846
YPL281C,YDR234W,1,1.5027294,0.2187938243150711,0.15553340315818787,0.05571671575307846
YKL004W,YGL035C,0,1.4998882,0.21848739683628082,0.15553340315818787,0.05581674352288246
YLR172C,YGL059W,0,1.4995114,0.2181818187236786,0.15553340315818787,0.05591677501797676
YJR139C,YBR251W,0,1.4985627,0.2178770899772644,0.15553340315818787,0.05601680651307106
YNL046W,YOR224C,0,1.4973793,0.21757322549819946,0.15553340315818787,0.05611683428287506
YGR009C,YPL231W,0,1.4965528,0.21727019548416138,0.15553340315818787,0.05621686577796936
YPL090C,YML091C,0,1.4953663,0.21696801483631134,0.15553340315818787,0.05631689354777336
YDR111C,YDR380W,1,1.4949486,0.21805556118488312,0.15653041005134583,0.05631689354777336
YJL157C,YGR241C,0,1.4936194,0.21775312721729279,0.15653041005134583,0.05641692504286766
YHR143W,YGR071C,0,1.4934974,0.2174515277147293,0.15653041005134583,0.05651695653796196
YGR123C,YLR079W,0,1.4928414,0.2171507626771927,0.15653041005134583,0.05661698430776596
YOL064C,YPR184W,0,1.4920005,0.21685083210468292,0.15653041005134583,0.05671701580286026
YIR012W,YLL001W,0,1.4907467,0.21655172109603882,0.15653041005134583,0.05681704357266426
YKL004W,YPR036W,0,1.4903638,0.21625344455242157,0.15653041005134583,0.05691707506775856
YML106W,YBL075C,0,1.4901547,0.21595598757266998,0.15653041005134583,0.05701710656285286
YKL089W,YBR092C,0,1.4895164,0.21565933525562286,0.15653041005134583,0.05711713433265686
YDR481C,YOL064C,0,1.4892248,0.2153635174036026,0.15653041005134583,0.05721716582775116
YLR286C,YCR047C,0,1.4888058,0.2150684893131256,0.15653041005134583,0.05731719359755516
YMR056C,YGL222C,0,1.4887773,0.21477428078651428,0.15653041005134583,0.05741722509264946
YGR159C,YDL130W-A,0,1.4872835,0.21448087692260742,0.15653041005134583,0.05751725658774376
YKL034W,YGR234W,0,1.4866636,0.21418826282024384,0.15653041005134583,0.05761728435754776
YGR254W,YNL169C,1,1.4864779,0.21525885164737701,0.15752741694450378,0.05761728435754776
YHR174W,YKL218C,1,1.4860424,0.2163265347480774,0.15852442383766174,0.05761728435754776
YOR322C,YER044C,0,1.4855921,0.21603260934352875,0.15852442383766174,0.05771731585264206
YOL031C,YDR534C,0,1.4854038,0.21573948860168457,0.15852442383766174,0.05781734362244606
YMR037C,YIL136W,0,1.4846294,0.21544715762138367,0.15852442383766174,0.05791737511754036
YMR023C,YGR162W,0,1.4841628,0.21515561640262604,0.15852442383766174,0.05801740661263466
YPR102C,YJR135C,0,1.4840194,0.21486486494541168,0.15852442383766174,0.05811743438243866
YJL102W,YOL157C,0,1.4834037,0.2145749032497406,0.15852442383766174,0.05821746587753296
YLR381W,YLR079W,0,1.4824756,0.2142857164144516,0.15852442383766174,0.05831749364733696
YDR033W,YCR081W,0,1.4823802,0.21399730443954468,0.15852442383766174,0.05841752514243126
YLR214W,YPL144W,0,1.4819096,0.21370968222618103,0.15852442383766174,0.05851755663752556
YPR184W,YDR483W,0,1.4804415,0.21342281997203827,0.15852442383766174,0.05861758440732956
YHL047C,YJL190C,0,1.4802896,0.2131367325782776,0.15852442383766174,0.05871761590242386
YOR202W,YIL167W,1,1.4802142,0.21419009566307068,0.1595214307308197,0.05871761590242386
YER174C,YGL191W,0,1.4791731,0.2139037400484085,0.1595214307308197,0.05881764367222786
YBR175W,YGR220C,0,1.4787111,0.21361815929412842,0.1595214307308197,0.05891767516732216
YDR111C,YLR134W,1,1.4777284,0.21466666460037231,0.16051843762397766,0.05891767516732216
YFL047W,YPL214C,0,1.4772896,0.21438083052635193,0.16051843762397766,0.05901770666241646
YPR006C,YDR538W,1,1.476933,0.2154255360364914,0.16151545941829681,0.05901770666241646
YNR061C,YAL025C,0,1.4768503,0.2151394486427307,0.16151545941829681,0.05911773443222046
YMR256C,YBR084W,0,1.476574,0.21485410630702972,0.16151545941829681,0.05921776592731476
YNL146W,YHR064C,0,1.4762509,0.21456953883171082,0.16151545941829681,0.05931779369711876
YML125C,YMR217W,0,1.4754357,0.2142857164144516,0.16151545941829681,0.05941782519221306
YNL280C,YJR016C,0,1.4753383,0.21400263905525208,0.16151545941829681,0.05951785668730736
YJR145C,YDR380W,0,1.4753048,0.21372032165527344,0.16151545941829681,0.05961788445711136
YFL047W,YOL002C,0,1.4739103,0.2134387344121933,0.16151545941829681,0.05971791595220566
YER036C,YJR059W,0,1.4739044,0.21315789222717285,0.16151545941829681,0.05981794372200966
YMR139W,YDR529C,0,1.4738271,0.2128777951002121,0.16151545941829681,0.05991797521710396
YBR040W,YLR079W,0,1.4725516,0.21259842813014984,0.16151545941829681,0.06001800671219826
YAR015W,YJR094W-A,0,1.4720651,0.21231979131698608,0.16151545941829681,0.06011803448200226
YGL205W,YGR262C,0,1.472,0.21204188466072083,0.16151545941829681,0.06021806597709656
YBR205W,YNL331C,0,1.4696261,0.21176470816135406,0.16151545941829681,0.06031809374690056
YER088C,YNL015W,0,1.4687674,0.2114882469177246,0.16151545941829681,0.06041812524199486
YKR009C,YOR270C,0,1.4685571,0.21121251583099365,0.16151545941829681,0.06051815673708916
YPR098C,YOR070C,0,1.4682429,0.2109375,0.16151545941829681,0.06061818450689316
YNL292W,YKL024C,0,1.4671581,0.21066319942474365,0.16151545941829681,0.06071821600198746
YKL100C,YPL160W,0,1.4666544,0.2103896141052246,0.16151545941829681,0.06081824377179146
YGL229C,YLR246W,0,1.4654543,0.21011672914028168,0.16151545941829681,0.06091827526688576
YAL039C,YOL052C,1,1.4653132,0.21113990247249603,0.16251246631145477,0.06091827526688576
YBR092C,YDR003W,0,1.4652007,0.2108667492866516,0.16251246631145477,0.06101830676198006
YLR040C,YHR147C,0,1.4646567,0.2105943113565445,0.16251246631145477,0.06111833453178406
YGR263C,YJL219W,0,1.4639497,0.2103225737810135,0.16251246631145477,0.06121836602687836
YHR052W,YJL101C,0,1.4611906,0.2100515514612198,0.16251246631145477,0.06131839379668236
YLR304C,YNL335W,1,1.4608091,0.21106821298599243,0.16350947320461273,0.06131839379668236
YBR296C,YGL039W,0,1.4601636,0.21079692244529724,0.16350947320461273,0.06141842529177666
YDR234W,YDR380W,1,1.4597287,0.21181000769138336,0.1645064800977707,0.06141842529177666
YLR044C,YGL148W,1,1.4588721,0.21282051503658295,0.16550348699092865,0.06141842529177666
YNL162W,YDR298C,0,1.4576849,0.21254801750183105,0.16550348699092865,0.061518456786870956
YBR240C,YOL123W,0,1.4575591,0.21227622032165527,0.16550348699092865,0.06161848455667496
YIL070C,YCR028C,0,1.4569628,0.2120051085948944,0.16550348699092865,0.06171851605176926
YLL050C,YLL035W,0,1.4565604,0.21173469722270966,0.16550348699092865,0.06181854382157326
YIR012W,YJL102W,0,1.456531,0.21146497130393982,0.16550348699092865,0.06191857531666756
YDR487C,YKL218C,1,1.45614,0.2124681919813156,0.1665004938840866,0.06191857531666756
YDR536W,YJL048C,0,1.4551805,0.21219822764396667,0.1665004938840866,0.062018606811761856
YOL064C,YER106W,0,1.4551139,0.21192893385887146,0.1665004938840866,0.06211863458156586
YLL062C,YBL039C,0,1.4548662,0.21166032552719116,0.1665004938840866,0.062218666076660156
YJL157C,YDR347W,0,1.4545907,0.21139240264892578,0.1665004938840866,0.06231869384646416
YHR018C,YPL262W,1,1.4535944,0.21238937973976135,0.16749750077724457,0.06231869384646416
YOL139C,YCL027W,0,1.452569,0.21212121844291687,0.16749750077724457,0.062418725341558456
YJR121W,YOL125W,0,1.4514008,0.21185371279716492,0.16749750077724457,0.06251875311136246
YDL205C,YLR430W,0,1.4509729,0.21158690750598907,0.16749750077724457,0.06261878460645676
YDR265W,YER036C,0,1.4507711,0.21132075786590576,0.16749750077724457,0.06271881610155106
YKL211C,YPR006C,1,1.4505433,0.2123115509748459,0.16849452257156372,0.06271881610155106
YLR304C,YKL060C,1,1.449892,0.21329987049102783,0.16949152946472168,0.06271881610155106
YHR089C,YML125C,0,1.4488766,0.2130325883626938,0.16949152946472168,0.06281884759664536
YBR105C,YLR079W,0,1.4488168,0.21276596188545227,0.16949152946472168,0.06291887909173965
YGL205W,YCR039C,0,1.4481957,0.21250000596046448,0.16949152946472168,0.06301890313625336
YKL178C,YKR030W,0,1.4462745,0.2122347056865692,0.16949152946472168,0.06311893463134766
YOR046C,YPL186C,0,1.4455785,0.21197007596492767,0.16949152946472168,0.06321896612644196
YKL211C,YEL020C,1,1.4452627,0.2129514366388321,0.17048853635787964,0.06321896612644196
YML015C,YGL253W,0,1.4452076,0.21268656849861145,0.17048853635787964,0.06331899762153625
YJR143C,YDR169C,0,1.444879,0.21242235600948334,0.17048853635787964,0.06341902911663055
YLR304C,YPL262W,1,1.444334,0.2133994996547699,0.1714855432510376,0.06341902911663055
YFL047W,YML087C,0,1.4435055,0.21313506364822388,0.1714855432510376,0.06351905316114426
YOR202W,YNL335W,1,1.4429334,0.2141089141368866,0.17248255014419556,0.06351905316114426
YOR167C,YNL331C,0,1.4424322,0.21384425461292267,0.17248255014419556,0.06361908465623856
YHR105W,YHR215W,0,1.4420588,0.21358025074005127,0.17248255014419556,0.06371911615133286
YHR067W,YJL190C,0,1.4417,0.2133168876171112,0.17248255014419556,0.06381914764642715
YDL136W,YNL322C,0,1.441601,0.21305418014526367,0.17248255014419556,0.06391917914152145
YER147C,YIL113W,0,1.4413666,0.21279212832450867,0.17248255014419556,0.06401920318603516
YOR202W,YPR002W,1,1.440837,0.21375921368598938,0.17347955703735352,0.06401920318603516
YML054C,YBL064C,0,1.4401288,0.21349693834781647,0.17347955703735352,0.06411923468112946
YPL022W,YPL026C,0,1.4397943,0.2132352888584137,0.17347955703735352,0.06421926617622375
YGL196W,YMR250W,1,1.436354,0.2141982913017273,0.17447656393051147,0.06421926617622375
YOR393W,YDR127W,1,1.4349351,0.21515892446041107,0.17547358572483063,0.06421926617622375
YPR070W,YDR231C,0,1.4348335,0.21489621698856354,0.17547358572483063,0.06431929767131805
YAL035W,YGR286C,0,1.4329531,0.21463415026664734,0.17547358572483063,0.06441932916641235
YKR009C,YLR304C,1,1.4327235,0.21559074521064758,0.1764705926179886,0.06441932916641235
YFL047W,YNL046W,0,1.4324157,0.21532846987247467,0.1764705926179886,0.06451935321092606
YDR297W,YML087C,0,1.4321811,0.2150668352842331,0.1764705926179886,0.06461938470602036
YDL019C,YPL111W,0,1.4315674,0.21480582654476166,0.1764705926179886,0.06471941620111465
YPL271W,YHR140W,0,1.4311218,0.21454545855522156,0.1764705926179886,0.06481944769620895
YGR292W,YNL308C,0,1.4291058,0.2142857164144516,0.1764705926179886,0.06491947919130325
YDL204W,YFR005C,0,1.4268479,0.21402660012245178,0.1764705926179886,0.06501950323581696
YHL032C,YCR054C,0,1.426508,0.2137681096792221,0.1764705926179886,0.06511953473091125
YDR342C,YMR022W,0,1.4251062,0.21351025998592377,0.1764705926179886,0.06521956622600555
YGR106C,YOR306C,0,1.4250796,0.21325300633907318,0.1764705926179886,0.06531959772109985
YDR511W,YDR523C,0,1.4245454,0.21299639344215393,0.1764705926179886,0.06541962921619415
YGR086C,YLR327C,0,1.4218526,0.21274039149284363,0.1764705926179886,0.06551965326070786
YDL137W,YCR053W,0,1.4212301,0.21248500049114227,0.1764705926179886,0.06561968475580215
YGR170W,YDR380W,1,1.419096,0.213429257273674,0.17746759951114655,0.06561968475580215
YGR026W,YHL016C,0,1.4185691,0.21317365765571594,0.17746759951114655,0.06571971625089645
YKL178C,YHR161C,0,1.4173565,0.21291865408420563,0.17746759951114655,0.06581974774599075
YBR291C,YDR298C,0,1.4172919,0.21266427636146545,0.17746759951114655,0.06591977924108505
YDL136W,YDR342C,0,1.4145147,0.21241049468517303,0.17746759951114655,0.06601980328559875
YER095W,YOL065C,0,1.4144695,0.21215732395648956,0.17746759951114655,0.06611983478069305
YNR050C,YNR070W,0,1.4130238,0.21190476417541504,0.17746759951114655,0.06621986627578735
YPL157W,YLR327C,0,1.4129832,0.21165280044078827,0.17746759951114655,0.06631989777088165
YJR121W,YLR040C,0,1.4127766,0.21140141785144806,0.17746759951114655,0.06641992926597595
YLR343W,YBL030C,0,1.4127343,0.2111506462097168,0.17746759951114655,0.06651995331048965
YPL271W,YLL001W,0,1.4121007,0.2109004706144333,0.17746759951114655,0.06661998480558395
YML004C,YPL262W,1,1.4108893,0.21183432638645172,0.1784646064043045,0.06661998480558395
YER110C,YLR207W,0,1.4090478,0.2115839272737503,0.1784646064043045,0.06672001630067825
YNL046W,YCL075W,0,1.4089906,0.21133412420749664,0.1784646064043045,0.06682004779577255
YMR088C,YPR016C,0,1.4073954,0.21108490228652954,0.1784646064043045,0.06692007929086685
YER061C,YLR038C,0,1.4072363,0.2108362764120102,0.1784646064043045,0.06702010333538055
YGR035C,YJL106W,0,1.4069923,0.2105882316827774,0.1784646064043045,0.06712013483047485
YBR286W,YPL231W,0,1.4065247,0.21034078299999237,0.1784646064043045,0.06722016632556915
YDR033W,YCL061C,0,1.4063702,0.2100939005613327,0.1784646064043045,0.06732019782066345
YBR050C,YDR342C,0,1.4051511,0.2098475992679596,0.1784646064043045,0.06742022931575775
YBR286W,YPR156C,0,1.4049187,0.20960187911987305,0.1784646064043045,0.06752025336027145
YJR016C,YJL109C,0,1.4041123,0.20935672521591187,0.1784646064043045,0.06762028485536575
YDR056C,YDR511W,0,1.4031162,0.20911215245723724,0.1784646064043045,0.06772031635046005
YBR033W,YOR389W,0,1.4010358,0.208868145942688,0.1784646064043045,0.06782034784555435
YGR241C,YPL033C,0,1.4008403,0.2086247056722641,0.1784646064043045,0.06792037934064865
YPL226W,YDL130W,0,1.4006298,0.20838184654712677,0.1784646064043045,0.06802040338516235
YOL152W,YJL080C,0,1.4001579,0.2081395387649536,0.1784646064043045,0.06812043488025665
YPR132W,YIL084C,0,1.4000677,0.20789779722690582,0.1784646064043045,0.06822046637535095
YDR481C,YGR106C,0,1.3993598,0.2076566070318222,0.1784646064043045,0.06832049787044525
YBR092C,YLR446W,0,1.3986235,0.20741599798202515,0.1784646064043045,0.06842052936553955
YLR283W,YOR092W,0,1.3980052,0.20717592537403107,0.1784646064043045,0.06852055341005325
YER131W,YPL123C,0,1.3975804,0.20693641901016235,0.1784646064043045,0.06862058490514755
YLR139C,YER045C,0,1.3969115,0.2066974639892578,0.1784646064043045,0.06872061640024185
YOR246C,YDR116C,0,1.3965001,0.20645906031131744,0.1784646064043045,0.06882064789533615
YJR016C,YER086W,1,1.3961952,0.20737327635288239,0.17946161329746246,0.06882064789533615
YHR143W,YOL056W,0,1.3960915,0.20713463425636292,0.17946161329746246,0.06892067939043045
YER095W,YAL003W,0,1.3957205,0.2068965584039688,0.17946161329746246,0.06902070343494415
YHR089C,YMR208W,0,1.3955669,0.20665901899337769,0.17946161329746246,0.06912073493003845
YDL136W,YMR208W,0,1.3954244,0.20642201602458954,0.17946161329746246,0.06922076642513275
YER053C,YDR054C,0,1.3945216,0.20618556439876556,0.17946161329746246,0.06932079792022705
YPL106C,YGL040C,0,1.3934071,0.20594966411590576,0.17946161329746246,0.06942082941532135
YNL330C,YNR001C,0,1.3932197,0.20571428537368774,0.17946161329746246,0.06952085345983505
YDL051W,YPL111W,0,1.3928506,0.2054794579744339,0.17946161329746246,0.06962088495492935
YKL178C,YOR014W,0,1.3922822,0.20524515211582184,0.17946161329746246,0.06972091645002365
YDL229W,YLR188W,0,1.3922083,0.20501138269901276,0.17946161329746246,0.06982094794511795
YEL059C-A,YLR158C,0,1.3920987,0.20477814972400665,0.17946161329746246,0.06992097944021225
YGR088W,YML043C,0,1.3920047,0.20454545319080353,0.17946161329746246,0.07002100348472595
YMR250W,YFL061W,1,1.3914517,0.20544835925102234,0.18045862019062042,0.07002100348472595
YDL120W,YDR298C,0,1.3892918,0.2052154242992401,0.18045862019062042,0.07012103497982025
YOR233W,YIL136W,0,1.3890429,0.20498301088809967,0.18045862019062042,0.07022106647491455
YJR016C,YGL196W,1,1.388129,0.20588235557079315,0.18145562708377838,0.07022106647491455
YDR033W,YGR223C,0,1.3868773,0.2056497186422348,0.18145562708377838,0.07032109797000885
YLR165C,YHR018C,1,1.38655,0.20654627680778503,0.18245264887809753,0.07032109797000885
YBR092C,YOR080W,0,1.3855026,0.20631341636180878,0.18245264887809753,0.07042112946510315
YDR111C,YPL281C,1,1.385323,0.20720720291137695,0.1834496557712555,0.07042112946510315
YJR121W,YDR003W,0,1.3852153,0.20697413384914398,0.1834496557712555,0.07052115350961685
YHR105W,YNL310C,0,1.3844218,0.2067415714263916,0.1834496557712555,0.07062118500471115
YHR215W,YOR014W,0,1.3822992,0.2065095454454422,0.1834496557712555,0.07072121649980545
YGR008C,YJL125C,0,1.3821162,0.2062780261039734,0.1834496557712555,0.07082124799489975
YFR015C,YMR217W,0,1.381647,0.20604702830314636,0.1834496557712555,0.07092127948999405
YLR074C,YDR077W,0,1.3816339,0.20581655204296112,0.1834496557712555,0.07102130353450775
YNL049C,YNR016C,0,1.3815312,0.20558659732341766,0.1834496557712555,0.07112133502960205
YNL293W,YLR214W,0,1.3813248,0.2053571492433548,0.1834496557712555,0.07122136652469635
YHL040C,YMR256C,0,1.3808664,0.20512820780277252,0.1834496557712555,0.07132139801979065
YDR487C,YNL036W,1,1.3804066,0.20601336658000946,0.18444666266441345,0.07132139801979065
YLR089C,YKR072C,1,1.3804061,0.2068965584039688,0.1854436695575714,0.07132139801979065
YHR136C,YPR054W,0,1.380329,0.20666666328907013,0.1854436695575714,0.07142142951488495
YKR061W,YDR018C,0,1.3796711,0.20643728971481323,0.1854436695575714,0.07152145355939865
YMR256C,YDR014W,0,1.3793237,0.20620842278003693,0.1854436695575714,0.07162148505449295
YDL033C,YDL143W,0,1.3781214,0.2059800624847412,0.1854436695575714,0.07172151654958725
YFR055W,YKL114C,1,1.3772655,0.20685841143131256,0.18644067645072937,0.07172151654958725
YPL019C,YOL147C,0,1.3772471,0.20662982761859894,0.18644067645072937,0.07182154804468155
YML054C,YPL111W,0,1.3756745,0.2064017653465271,0.18644067645072937,0.07192157953977585
YJR016C,YNL335W,1,1.3752527,0.20727673172950745,0.18743768334388733,0.07192157953977585
YOR201C,YMR184W,0,1.3748904,0.2070484608411789,0.18743768334388733,0.07202160358428955
YNL046W,YDR014W,0,1.3747151,0.20682068169116974,0.18743768334388733,0.07212163507938385
YGR029W,YKL143W,0,1.3734493,0.20659340918064117,0.18743768334388733,0.07222166657447815
YOR155C,YLR467W,0,1.3732116,0.206366628408432,0.18743768334388733,0.07232169806957245
YJL157C,YKR037C,0,1.3727405,0.20614035427570343,0.18743768334388733,0.07242172956466675
YOR384W,YDL110C,0,1.3724587,0.20591457188129425,0.18743768334388733,0.07252175360918045
YOR036W,YPL281C,0,1.3723519,0.20568928122520447,0.18743768334388733,0.07262178510427475
YBR082C,YJR075W,0,1.371212,0.20546448230743408,0.18743768334388733,0.07272181659936905
YKL178C,YDL101C,0,1.3702219,0.2052401751279831,0.18743768334388733,0.07282184809446335
YPR002W,YDR380W,1,1.3700299,0.20610687136650085,0.1884346902370453,0.07282184809446335
YJL048C,YLR010C,0,1.3688848,0.20588235557079315,0.1884346902370453,0.07292187958955765
YHR143W,YJR001W,0,1.3676181,0.20565833151340485,0.1884346902370453,0.07302190363407135
YIR037W,YOR150W,0,1.3653685,0.20543478429317474,0.1884346902370453,0.07312193512916565
YCL047C,YOL147C,0,1.3636501,0.20521172881126404,0.1884346902370453,0.07322196662425995
YPL231W,YJL097W,0,1.3632058,0.20498915016651154,0.1884346902370453,0.07332199811935425
YER053C,YDL184C,0,1.3622725,0.20476706326007843,0.1884346902370453,0.07342202961444855
YKR061W,YCR098C,0,1.3619628,0.20454545319080353,0.1884346902370453,0.07352205365896225
YKL211C,YNR043W,1,1.3619106,0.20540539920330048,0.18943171203136444,0.07352205365896225
YBR050C,YGR101W,0,1.3611779,0.20518358051776886,0.18943171203136444,0.07362208515405655
YOR046C,YIL136W,0,1.3598537,0.20496223866939545,0.18943171203136444,0.07372211664915085
YBR273C,YGR189C,0,1.3585153,0.20474137365818024,0.18943171203136444,0.07382214814424515
YGL196W,YGL184C,1,1.3581164,0.2055974155664444,0.1904287189245224,0.07382214814424515
YDL138W,YMR152W,0,1.356627,0.20537634193897247,0.1904287189245224,0.07392217963933945
YOL071W,YEL002C,0,1.356346,0.20515574514865875,0.1904287189245224,0.07402220368385315
YKL087C,YER086W,1,1.3552742,0.20600858330726624,0.19142572581768036,0.07402220368385315
YDL141W,YGL009C,0,1.3548157,0.2057877779006958,0.19142572581768036,0.07412223517894745
YBR289W,YHR140W,0,1.3529131,0.20556744933128357,0.19142572581768036,0.07422226667404175
YHR017W,YKL198C,0,1.352821,0.20534759759902954,0.19142572581768036,0.07432229816913605
YBR050C,YBR273C,0,1.3526137,0.20512820780277252,0.19142572581768036,0.07442232966423035
YPL051W,YNR001C,0,1.3525141,0.2049092799425125,0.19142572581768036,0.07452235370874405
YKL088W,YGL026C,1,1.3524117,0.20575693249702454,0.19242273271083832,0.07452235370874405
YNL210W,YDL006W,0,1.3523167,0.205537810921669,0.19242273271083832,0.07462238520383835
YGL137W,YIL160C,0,1.3511876,0.20531915128231049,0.19242273271083832,0.07472241669893265
YDR018C,YPR054W,0,1.350387,0.20510095357894897,0.19242273271083832,0.07482244819402695
YOR348C,YHR167W,0,1.3484952,0.20488323271274567,0.19242273271083832,0.07492247968912125
YGL026C,YMR323W,1,1.347101,0.20572640001773834,0.19341973960399628,0.07492247968912125
YKR072C,YMR250W,1,1.346605,0.20656779408454895,0.19441674649715424,0.07492247968912125
YNL306W,YCR081W,0,1.3464243,0.2063492089509964,0.19441674649715424,0.07502250373363495
YNR045W,YDR298C,0,1.346139,0.20613107085227966,0.19441674649715424,0.07512253522872925
YLR175W,YPL281C,1,1.3425517,0.20696938037872314,0.1954137533903122,0.07512253522872925
YDL210W,YDR418W,0,1.3425295,0.2067510485649109,0.1954137533903122,0.07522256672382355
YGR292W,YPL059W,0,1.3403262,0.20653319358825684,0.1954137533903122,0.07532259821891785
YDR044W,YGR194C,0,1.3394227,0.2063157856464386,0.1954137533903122,0.07542262971401215
YDL019C,YPL186C,0,1.3391347,0.20609883964061737,0.1954137533903122,0.07552265375852585
YDR420W,YER053C,0,1.3391166,0.20588235557079315,0.1954137533903122,0.07562268525362015
YOL071W,YBL020W,0,1.3390577,0.20566631853580475,0.1954137533903122,0.07572271674871445
YLR106C,YML042W,0,1.3388382,0.20545072853565216,0.1954137533903122,0.07582274824380875
YML091C,YER180C,0,1.338311,0.20523560047149658,0.1954137533903122,0.07592277973890305
YJL060W,YNR033W,1,1.3378209,0.20606695115566254,0.19641076028347015,0.07592277973890305
YOR347C,YNL115C,0,1.3359097,0.20585161447525024,0.19641076028347015,0.07602280378341675
YFL041W,YER106W,0,1.3346007,0.20563673973083496,0.19641076028347015,0.07612283527851105
YMR142C,YNR050C,0,1.3343145,0.2054223120212555,0.19641076028347015,0.07622286677360535
YCR098C,YNL227C,0,1.3340604,0.20520833134651184,0.19641076028347015,0.07632289826869965
YDR536W,YPL159C,0,1.3337283,0.204994797706604,0.19641076028347015,0.07642292976379395
YLR142W,YBR142W,0,1.3336022,0.20478171110153198,0.19641076028347015,0.07652295380830765
YDR329C,YOL080C,0,1.3334489,0.20456905663013458,0.19641076028347015,0.07662298530340195
YHL018W,YOR176W,1,1.3333303,0.2053941935300827,0.1974077820777893,0.07662298530340195
YEL050C,YDR400W,0,1.3333296,0.20518134534358978,0.1974077820777893,0.07672301679849625
YOR120W,YGL123W,0,1.3331206,0.20496894419193268,0.1974077820777893,0.07682304829359055
YPL226W,YPR184W,0,1.3323107,0.2047569751739502,0.1974077820777893,0.07692307978868484
YDL043C,YJR016C,0,1.3318005,0.20454545319080353,0.1974077820777893,0.07702310383319855
YNR008W,YOR228C,0,1.3302755,0.20433436334133148,0.1974077820777893,0.07712313532829285
YJR009C,YPL068C,0,1.3292077,0.20412370562553406,0.1974077820777893,0.07722316682338715
YER068W,YIR037W,0,1.3290162,0.20391349494457245,0.1974077820777893,0.07732319831848145
YGL196W,YKL182W,1,1.3288171,0.2047325074672699,0.19840478897094727,0.07732319831848145
YDL129W,YDL130W-A,0,1.328311,0.20452210307121277,0.19840478897094727,0.07742322981357574
YOL127W,YDL085W,0,1.3279898,0.20431211590766907,0.19840478897094727,0.07752325385808945
YGL229C,YGR001C,0,1.3266978,0.2041025608778,0.19840478897094727,0.07762328535318375
YGR026W,YBR105C,0,1.3263621,0.20389343798160553,0.19840478897094727,0.07772331684827805
YIL034C,YPR096C,0,1.3249921,0.2036847472190857,0.19840478897094727,0.07782334834337234
YER140W,YOL064C,0,1.3229387,0.20347648859024048,0.19840478897094727,0.07792337983846664
YPR005C,YDR342C,0,1.322753,0.2032686471939087,0.19840478897094727,0.07802340388298035
YNL036W,YOL052C,1,1.3225207,0.20408163964748383,0.19940179586410522,0.07802340388298035
YNL061W,YDL130W-A,0,1.3224984,0.20387360453605652,0.19940179586410522,0.07812343537807465
YBR087W,YHR136C,0,1.3216854,0.20366598665714264,0.19940179586410522,0.07822346687316895
YDL085W,YMR223W,0,1.3209164,0.20345880091190338,0.19940179586410522,0.07832349836826324
YNL242W,YDL075W,0,1.3207368,0.20325203239917755,0.19940179586410522,0.07842352986335754
YGR191W,YPR054W,0,1.3201213,0.20304568111896515,0.19940179586410522,0.07852355390787125
YDL112W,YIL136W,0,1.3199084,0.20283976197242737,0.19940179586410522,0.07862358540296555
YCL075W,YKL109W,0,1.3197378,0.20263424515724182,0.19940179586410522,0.07872361689805984
YPR098C,YGL031C,0,1.317583,0.2024291455745697,0.19940179586410522,0.07882364839315414
YER036C,YGR220C,0,1.3173821,0.202224463224411,0.19940179586410522,0.07892367988824844
YPL281C,YJL060W,1,1.317364,0.2030303031206131,0.20039880275726318,0.07892367988824844
YBR036C,YHR064C,0,1.3172882,0.2028254270553589,0.20039880275726318,0.07902370393276215
YPL143W,YPL214C,0,1.3167918,0.2026209682226181,0.20039880275726318,0.07912373542785645
YOR348C,YLR099C,0,1.3154385,0.20241691172122955,0.20039880275726318,0.07922376692295074
YBL054W,YML124C,0,1.3150449,0.20221327245235443,0.20039880275726318,0.07932379841804504
YBR291C,YDR231C,0,1.3148092,0.20201005041599274,0.20039880275726318,0.07942382991313934
YJR016C,YOR393W,1,1.3127525,0.20281124114990234,0.20139580965042114,0.07942382991313934
YML082W,YGL148W,1,1.3126864,0.2036108374595642,0.2023928165435791,0.07942382991313934
YGL040C,YAL012W,1,1.3116894,0.20440882444381714,0.20338982343673706,0.07942382991313934
YLR439W,YMR094W,0,1.3110473,0.20420420169830322,0.20338982343673706,0.07952385395765305
YCR081W,YPR036W,0,1.3094128,0.20399999618530273,0.20338982343673706,0.07962388545274734
YDR341C,YBR299W,0,1.3092887,0.20379620790481567,0.20338982343673706,0.07972391694784164
YLR188W,YNR043W,0,1.308694,0.20359280705451965,0.20338982343673706,0.07982394844293594
YBR296C,YEL059C-A,0,1.3085277,0.20338982343673706,0.20338982343673706,0.07992397993803024
YLR356W,YER147C,0,1.3075464,0.2031872570514679,0.20338982343673706,0.08002400398254395
YLR201C,YPR098C,0,1.3061755,0.20298507809638977,0.20338982343673706,0.08012403547763824
YHR092C,YIL072W,0,1.3057396,0.20278330147266388,0.20338982343673706,0.08022406697273254
YGL128C,YHR143W,0,1.3055565,0.20258192718029022,0.20338982343673706,0.08032409846782684
YDR231C,YDR534C,0,1.3032709,0.2023809552192688,0.20338982343673706,0.08042412996292114
YNL036W,YNR043W,1,1.3019477,0.20317146182060242,0.2043868452310562,0.08042412996292114
YBR041W,YDR315C,0,1.301315,0.20297029614448547,0.2043868452310562,0.08052415400743484
YOR128C,YPL281C,1,1.3011419,0.20375865697860718,0.20538385212421417,0.08052415400743484
YGR234W,YDR288W,0,1.3011334,0.2035573124885559,0.20538385212421417,0.08062418550252914
YGR170W,YKR009C,1,1.3003942,0.2043435275554657,0.20638085901737213,0.08062418550252914
YNL242W,YDL143W,0,1.2999737,0.2041420191526413,0.20638085901737213,0.08072421699762344
YOR036W,YDR298C,0,1.2997397,0.20394088327884674,0.20638085901737213,0.08082424849271774
YGL229C,YEL059C-A,0,1.2996657,0.2037401646375656,0.20638085901737213,0.08092427998781204
YBR264C,YMR290C,0,1.2989019,0.20353981852531433,0.20638085901737213,0.08102430403232574
YDR341C,YHR140W,0,1.2970335,0.20333987474441528,0.20638085901737213,0.08112433552742004
YDR368W,YLR121C,0,1.2968099,0.20314033329486847,0.20638085901737213,0.08122436702251434
YPL019C,YDL130W-A,0,1.2957057,0.2029411792755127,0.20638085901737213,0.08132439851760864
YMR166C,YDL101C,0,1.2951894,0.20274241268634796,0.20638085901737213,0.08142443001270294
YGR254W,YPL262W,1,1.2951517,0.20352250337600708,0.2073778659105301,0.08142443001270294
YHR072W,YNL335W,1,1.2943468,0.20430107414722443,0.20837487280368805,0.08142443001270294
YOL115W,YPR002W,1,1.2943447,0.205078125,0.209371879696846,0.08142443001270294
YDR322W,YJL101C,0,1.2942895,0.2048780471086502,0.209371879696846,0.08152445405721664
YHR161C,YPL026C,0,1.2938324,0.20467835664749146,0.209371879696846,0.08162448555231094
YGL205W,YCR028C,0,1.2937591,0.20447906851768494,0.209371879696846,0.08172451704740524
YCR004C,YBR241C,0,1.2937522,0.20428015291690826,0.209371879696846,0.08182454854249954
YNR043W,YDR380W,1,1.2933156,0.205053448677063,0.21036888659000397,0.08182454854249954
YBL078C,YLR214W,0,1.2931604,0.20485436916351318,0.21036888659000397,0.08192458003759384
YPL281C,YNR043W,1,1.292542,0.20562560856342316,0.21136590838432312,0.08192458003759384
YDR531W,YOL157C,0,1.2923436,0.20542635023593903,0.21136590838432312,0.08202460408210754
YKL088W,YJR158W,0,1.2920778,0.20522749423980713,0.21136590838432312,0.08212463557720184
YMR006C,YPR021C,0,1.2909415,0.20502901077270508,0.21136590838432312,0.08222466707229614
YML113W,YAL008W,0,1.290723,0.20483091473579407,0.21136590838432312,0.08232469856739044
YPR002W,YDR538W,1,1.2903293,0.20559845864772797,0.21236291527748108,0.08232469856739044
YNL128W,YAL035W,0,1.2899895,0.20540019869804382,0.21236291527748108,0.08242473006248474
YOL139C,YGR086C,0,1.2896521,0.20520231127738953,0.21236291527748108,0.08252475410699844
YML034W,YBR175W,0,1.289296,0.20500481128692627,0.21236291527748108,0.08262478560209274
YLR214W,YNL248C,0,1.2890544,0.20480769872665405,0.21236291527748108,0.08272481709718704
YJL046W,YDL067C,0,1.2876177,0.2046109437942505,0.21236291527748108,0.08282484859228134
YER133W,YPL154C,0,1.287363,0.20441459119319916,0.21236291527748108,0.08292488008737564
YMR235C,YPL028W,0,1.2873313,0.20421859622001648,0.21236291527748108,0.08302490413188934
YGR047C,YDR443C,0,1.2867845,0.20402298867702484,0.21236291527748108,0.08312493562698364
YPL106C,YDR158W,0,1.2865794,0.20382775366306305,0.21236291527748108,0.08322496712207794
YAL012W,YJR130C,1,1.28509,0.2045889049768448,0.21335992217063904,0.08322496712207794
YJL198W,YCL047C,0,1.2847788,0.20439350605010986,0.21335992217063904,0.08332499861717224
YKL088W,YGR087C,1,1.2838466,0.20515267550945282,0.214356929063797,0.08332499861717224
YIL109C,YLR265C,0,1.2834821,0.20495709776878357,0.214356929063797,0.08342503011226654
YLR090W,YJL190C,0,1.282444,0.20476190745830536,0.214356929063797,0.08352505415678024
YDR487C,YOR043W,0,1.282218,0.2045670747756958,0.214356929063797,0.08362508565187454
YNR045W,YDR387C,0,1.2818754,0.20437262952327728,0.214356929063797,0.08372511714696884
YDR093W,YOR043W,0,1.2813976,0.20417854189872742,0.214356929063797,0.08382514864206314
YKR061W,YOR221C,0,1.2808895,0.2039848268032074,0.214356929063797,0.08392518013715744
YDL166C,YLR450W,0,1.2808588,0.20379146933555603,0.214356929063797,0.08402520418167114
YNR043W,YBR241C,0,1.2804059,0.2035984843969345,0.214356929063797,0.08412523567676544
YLR172C,YHR136C,0,1.2800876,0.20340587198734283,0.214356929063797,0.08422526717185974
YER096W,YOL002C,0,1.2797422,0.2032136172056198,0.214356929063797,0.08432529866695404
YAL012W,YML004C,1,1.2782193,0.20396600663661957,0.21535393595695496,0.08432529866695404
YPR178W,YPL281C,0,1.2777758,0.2037735879421234,0.21535393595695496,0.08442533016204834
YKL218C,YCR047C,0,1.277618,0.2035815268754959,0.21535393595695496,0.08452535420656204
YOR315W,YKR094C,0,1.2756437,0.20338982343673706,0.21535393595695496,0.08462538570165634
YDR501W,YPR184W,0,1.2751639,0.20319849252700806,0.21535393595695496,0.08472541719675064
YBR214W,YIR023W,0,1.2750053,0.2030075192451477,0.21535393595695496,0.08482544869184494
YPL060W,YDR400W,0,1.2749897,0.202816903591156,0.21535393595695496,0.08492548018693924
YHR023W,YMR017W,0,1.2747573,0.20262664556503296,0.21535393595695496,0.08502550423145294
YOR070C,YIL136W,0,1.2747402,0.20243674516677856,0.21535393595695496,0.08512553572654724
YLR098C,YPR005C,0,1.2737889,0.20224718749523163,0.21535393595695496,0.08522556722164154
YDL120W,YDL112W,0,1.273587,0.20205800235271454,0.21535393595695496,0.08532559871673584
YGL191W,YPL038W,0,1.2730408,0.2018691599369049,0.21535393595695496,0.08542563021183014
YLR385C,YDL200C,0,1.2722245,0.20168067514896393,0.21535393595695496,0.08552565425634384
YDL114W,YHR147C,0,1.2719002,0.2014925330877304,0.21535393595695496,0.08562568575143814
YIL145C,YPL214C,0,1.2707214,0.20130474865436554,0.21535393595695496,0.08572571724653244
YCL064C,YDR047W,1,1.2704113,0.2020484209060669,0.21635094285011292,0.08572571724653244
YDR523C,YHR117W,0,1.2700894,0.2018604725599289,0.21635094285011292,0.08582574874162674
YLR106C,YHR092C,0,1.2698727,0.20167286694049835,0.21635094285011292,0.08592578023672104
YGL206C,YNR041C,0,1.2695012,0.20148560404777527,0.21635094285011292,0.08602580428123474
YLR446W,YHR081W,0,1.2686644,0.20129869878292084,0.21635094285011292,0.08612583577632904
YBR041W,YLR158C,0,1.2686092,0.20111213624477386,0.21635094285011292,0.08622586727142334
YDL109C,YPL026C,0,1.268325,0.20092593133449554,0.21635094285011292,0.08632589876651764
YCL064C,YPL281C,1,1.2676264,0.20166511833667755,0.21734794974327087,0.08632589876651764
YBL093C,YGL147C,0,1.2675906,0.2014787495136261,0.21734794974327087,0.08642593026161194
YJR010C-A,YKL195W,0,1.2670155,0.2012927085161209,0.21734794974327087,0.08652595430612564
YLR158C,YBL023C,0,1.2660519,0.20110701024532318,0.21734794974327087,0.08662598580121994
YDR111C,YJL200C,1,1.2655765,0.20184332132339478,0.21834497153759003,0.08662598580121994
YLR089C,YDR538W,1,1.2652125,0.20257826149463654,0.21934197843074799,0.08662598580121994
YBR058C,YHR136C,0,1.2636263,0.20239190757274628,0.21934197843074799,0.08672601729631424
YBL075C,YOR067C,0,1.2635833,0.20220588147640228,0.21934197843074799,0.08682604879140854
YGL213C,YOL002C,0,1.263419,0.20202019810676575,0.21934197843074799,0.08692608028650284
YOR391C,YHR181W,0,1.2625909,0.20183485746383667,0.21934197843074799,0.08702610433101654
YKL211C,YPR002W,1,1.2619836,0.202566459774971,0.22033898532390594,0.08702610433101654
YLR370C,YHR086W,0,1.2609441,0.2023809552192688,0.22033898532390594,0.08712613582611084
YLR134W,YKL218C,1,1.2609141,0.2031107097864151,0.2213359922170639,0.08712613582611084
YHR174W,YKL182W,1,1.2608154,0.20383912324905396,0.22233299911022186,0.08712613582611084
YCR077C,YKL024C,0,1.2607777,0.20365296304225922,0.22233299911022186,0.08722616732120514
YOR348C,YMR056C,0,1.2604102,0.20346716046333313,0.22233299911022186,0.08732619881629944
YKR097W,YBR248C,1,1.2602789,0.20419324934482574,0.22333000600337982,0.08732619881629944
YIL171W,YGR002C,0,1.260172,0.20400728285312653,0.22333000600337982,0.08742623031139374
YJL219W,YGR292W,0,1.2600353,0.20382165908813477,0.22333000600337982,0.08752625435590744
YOR384W,YGR263C,0,1.2593164,0.20363636314868927,0.22333000600337982,0.08762628585100174
YOR384W,YDL069C,0,1.2590346,0.20345140993595123,0.22333000600337982,0.08772631734609604
YEL016C,YNL217W,0,1.2583076,0.20326678454875946,0.22333000600337982,0.08782634884119034
YFR015C,YNR045W,0,1.2582873,0.20308250188827515,0.22333000600337982,0.08792638033628464
YBL054W,YCL050C,0,1.2582701,0.2028985470533371,0.22333000600337982,0.08802640438079834
YOR393W,YNL335W,1,1.2580929,0.20361991226673126,0.22432701289653778,0.08802640438079834
YAR015W,YDR247W,0,1.25625,0.20343580842018127,0.22432701289653778,0.08812643587589264
YBL024W,YHR160C,0,1.2561755,0.20325203239917755,0.22432701289653778,0.08822646737098694
YGR159C,YGL227W,0,1.2559897,0.2030685991048813,0.22432701289653778,0.08832649886608124
YER095W,YJL109C,0,1.2557933,0.2028854787349701,0.22432701289653778,0.08842653036117554
YJR130C,YDR047W,1,1.255694,0.2036036103963852,0.22532403469085693,0.08842653036117554
YDR456W,YHL016C,0,1.2543573,0.20342034101486206,0.22532403469085693,0.08852655440568924
YOR181W,YBR241C,0,1.2538776,0.2032374143600464,0.22532403469085693,0.08862658590078354
YPL155C,YDR044W,0,1.2538486,0.20305480062961578,0.22532403469085693,0.08872661739587784
YOL064C,YPR070W,0,1.2536148,0.20287252962589264,0.22532403469085693,0.08882664889097214
YKL011C,YGL249W,0,1.2534846,0.20269058644771576,0.22532403469085693,0.08892668038606644
YOL064C,YKL198C,0,1.2533141,0.20250895619392395,0.22532403469085693,0.08902670443058014
YHL018W,YDR234W,1,1.2529331,0.20322291553020477,0.2263210415840149,0.08902670443058014
YLR304C,YDR380W,1,1.2519934,0.20393559336662292,0.22731804847717285,0.08902670443058014
YGR008C,YDR130C,0,1.251894,0.20375335216522217,0.22731804847717285,0.08912673592567444
YJL052W,YDR032C,0,1.2517488,0.20357142388820648,0.22731804847717285,0.08922676742076874
YER099C,YBL017C,0,1.251188,0.20338982343673706,0.22731804847717285,0.08932679891586304
YER030W,YNR041C,0,1.2503886,0.2032085508108139,0.22731804847717285,0.08942683041095734
YKR104W,YER053C,0,1.2498118,0.203027606010437,0.22731804847717285,0.08952685445547104
YNL292W,YEL050C,0,1.2495077,0.2028469741344452,0.22731804847717285,0.08962688595056534
YHR160C,YER153C,0,1.2487302,0.20266667008399963,0.22731804847717285,0.08972691744565964
YCL027W,YOR386W,0,1.2486591,0.20248667895793915,0.22731804847717285,0.08982694894075394
YGL135W,YBR164C,0,1.2481258,0.20230701565742493,0.22731804847717285,0.08992698043584824
YFL041W,YLR371W,0,1.2480876,0.20212766528129578,0.22731804847717285,0.09002700448036194
YDR242W,YOR201C,0,1.2477016,0.2019486278295517,0.22731804847717285,0.09012703597545624
YDL136W,YGR220C,0,1.2475209,0.20176991820335388,0.22731804847717285,0.09022706747055054
YNL210W,YJR098C,0,1.2469058,0.20159150660037994,0.22731804847717285,0.09032709896564484
YLR134W,YGL123W,0,1.2467384,0.20141342282295227,0.22731804847717285,0.09042713046073914
YJR158W,YPL177C,0,1.2460301,0.20123565196990967,0.22731804847717285,0.09052715450525284
YPL031C,YOL157C,0,1.2448498,0.20105819404125214,0.22731804847717285,0.09062718600034714
YGL147C,YJR022W,0,1.2435384,0.20088106393814087,0.22731804847717285,0.09072721749544144
YJL056C,YBL010C,0,1.2426512,0.20070423185825348,0.22731804847717285,0.09082724899053574
YNL331C,YHL024W,0,1.2420706,0.20052769780158997,0.22731804847717285,0.09092728048563004
YNL112W,YJR126C,0,1.2413095,0.20035149157047272,0.22731804847717285,0.09102730453014374
YDR503C,YPL269W,0,1.2405596,0.20017559826374054,0.22731804847717285,0.09112733602523804
YPL144W,YMR016C,0,1.2405415,0.20000000298023224,0.22731804847717285,0.09122736752033234
YDR013W,YMR056C,0,1.2403107,0.199824720621109,0.22731804847717285,0.09132739901542664
YFL039C,YKR009C,0,1.2392905,0.19964973628520966,0.22731804847717285,0.09142743051052094
YML054C,YDR443C,0,1.2389047,0.19947506487369537,0.22731804847717285,0.09152745455503464
YPL019C,YPL258C,0,1.2385874,0.19930070638656616,0.22731804847717285,0.09162748605012894
YPL226W,YML085C,0,1.2369641,0.19912663102149963,0.22731804847717285,0.09172751754522324
YNR043W,YJL200C,1,1.2368066,0.1998254805803299,0.2283150553703308,0.09172751754522324
YOR175C,YLR237W,0,1.236579,0.19965127110481262,0.2283150553703308,0.09182754904031754
YOR175C,YPR041W,0,1.2364357,0.19947734475135803,0.2283150553703308,0.09192758053541183
YIR014W,YDR247W,0,1.236369,0.1993037462234497,0.2283150553703308,0.09202760457992554
YBR241C,YIL136W,0,1.2362313,0.19913043081760406,0.2283150553703308,0.09212763607501984
YKL114C,YKL218C,1,1.236161,0.19982624053955078,0.22931206226348877,0.09212763607501984
YKL178C,YOR233W,0,1.236106,0.1996527761220932,0.22931206226348877,0.09222766757011414
YNL112W,YOR150W,0,1.2356236,0.1994796246290207,0.22931206226348877,0.09232769906520844
YHR105W,YER153C,0,1.2340195,0.19930675625801086,0.22931206226348877,0.09242773056030273
YPL258C,YBR299W,0,1.2339082,0.1991342008113861,0.22931206226348877,0.09252775460481644
YKL060C,YPL262W,1,1.2336258,0.19982698559761047,0.23030906915664673,0.09252775460481644
YJL097W,YIL101C,0,1.2334354,0.19965428113937378,0.23030906915664673,0.09262778609991074
YER099C,YBL064C,0,1.2333806,0.19948185980319977,0.23030906915664673,0.09272781759500504
YML124C,YGR124W,0,1.2329177,0.19930975139141083,0.23030906915664673,0.09282784909009933
YPR002W,YDL080C,1,1.2321497,0.20000000298023224,0.2313060760498047,0.09282784909009933
YDR270W,YIL171W,0,1.2312887,0.19982773065567017,0.2313060760498047,0.09292788058519363
YFR055W,YLR359W,1,1.2296736,0.20051635801792145,0.23230309784412384,0.09292788058519363
YKR009C,YOR054C,1,1.2296698,0.20120377838611603,0.2333001047372818,0.09292788058519363
YBR251W,YLR186W,0,1.2294436,0.2010309249162674,0.2333001047372818,0.09302791208028793
YDL229W,YMR302C,0,1.229184,0.20085836946964264,0.2333001047372818,0.09312793612480164
YLR134W,YGR087C,1,1.2285701,0.20154373347759247,0.23429711163043976,0.09312793612480164
YJR135C,YLR441C,0,1.228421,0.20137104392051697,0.23429711163043976,0.09322796761989594
YDR096W,YER126C,0,1.2283621,0.20119863748550415,0.23429711163043976,0.09332799911499023
YDL110C,YKL024C,0,1.2283533,0.20102651417255402,0.23429711163043976,0.09342803061008453
YLR165C,YJR016C,1,1.2279086,0.20170940458774567,0.23529411852359772,0.09342803061008453
YLL009C,YIL145C,0,1.2272004,0.2015371471643448,0.23529411852359772,0.09352806210517883
YOR036W,YNL061W,0,1.2270408,0.20136518776416779,0.23529411852359772,0.09362808614969254
YPR036W,YDR101C,0,1.2268775,0.20119352638721466,0.23529411852359772,0.09372811764478683
YOL077C,YHR136C,0,1.2261591,0.20102214813232422,0.23529411852359772,0.09382814913988113
YIR037W,YNL339C,0,1.2259021,0.20085106790065765,0.23529411852359772,0.09392818063497543
YDR536W,YDR158W,0,1.225205,0.20068027079105377,0.23529411852359772,0.09402821213006973
YBL093C,YGR076C,0,1.2251471,0.20050977170467377,0.23529411852359772,0.09412823617458344
YFR055W,YGR254W,1,1.2244732,0.20118845999240875,0.23629112541675568,0.09412823617458344
YHR101C,YHR160C,0,1.2235935,0.2010178118944168,0.23629112541675568,0.09422826766967773
YLR304C,YJL097W,1,1.2233887,0.20169492065906525,0.23728813230991364,0.09422826766967773
YDL129W,YER096W,0,1.2225869,0.20152413845062256,0.23728813230991364,0.09432829916477203
YER068W,YPL186C,0,1.2217696,0.20135363936424255,0.23728813230991364,0.09442833065986633
YNR043W,YOR176W,1,1.221721,0.20202873647212982,0.2382851392030716,0.09442833065986633
YGL009C,YBL055C,0,1.221226,0.20185810327529907,0.2382851392030716,0.09452836215496063
YDR107C,YLR204W,0,1.2211857,0.2016877681016922,0.2382851392030716,0.09462838619947433
YLR106C,YMR017W,0,1.218277,0.20151770114898682,0.2382851392030716,0.09472841769456863
YPR192W,YER113C,0,1.2182313,0.2013479322195053,0.2382851392030716,0.09482844918966293
YDR012W,YMR303C,0,1.2180572,0.2011784464120865,0.2382851392030716,0.09492848068475723
YER087C-A,YDR055W,0,1.217762,0.20100925862789154,0.2382851392030716,0.09502851217985153
YOR176W,YNR033W,1,1.2174268,0.20168067514896393,0.23928214609622955,0.09502851217985153
YER086W,YHR207C,0,1.2150859,0.20151133835315704,0.23928214609622955,0.09512853622436523
YMR323W,YDR294C,1,1.2138929,0.20218120515346527,0.2402791678905487,0.09512853622436523
YHR021C,YJL153C,0,1.2138557,0.20201173424720764,0.2402791678905487,0.09522856771945953
YOL157C,YKL017C,0,1.2138555,0.2018425464630127,0.2402791678905487,0.09532859921455383
YAR007C,YJL189W,0,1.2137084,0.20167364180088043,0.2402791678905487,0.09542863070964813
YPR186C,YAL003W,0,1.2133429,0.20150502026081085,0.2402791678905487,0.09552866220474243
YDR107C,YPL159C,0,1.2122204,0.20133668184280396,0.2402791678905487,0.09562868624925613
YKR058W,YML070W,0,1.2122109,0.20116861164569855,0.2402791678905487,0.09572871774435043
YFR037C,YGL009C,0,1.2118057,0.20100083947181702,0.2402791678905487,0.09582874923944473
YJR001W,YLR237W,0,1.2112818,0.20083333551883698,0.2402791678905487,0.09592878073453903
YMR201C,YPL028W,0,1.2103738,0.20066611468791962,0.2402791678905487,0.09602881222963333
YNL280C,YBR175W,0,1.2103425,0.20049916207790375,0.2402791678905487,0.09612883627414703
YHR206W,YNR016C,0,1.209604,0.20033250749111176,0.2402791678905487,0.09622886776924133
YER131W,YKR097W,0,1.2092198,0.20016610622406006,0.2402791678905487,0.09632889926433563
YPR156C,YNL162W,0,1.2080164,0.20000000298023224,0.2402791678905487,0.09642893075942993
YPR108W,YBL022C,0,1.207171,0.1998341679573059,0.2402791678905487,0.09652896225452423
YML042W,YEL002C,0,1.2069905,0.19966860115528107,0.2402791678905487,0.09662898629903793
YGR159C,YPL123C,0,1.2062234,0.1995033174753189,0.2402791678905487,0.09672901779413223
YNL046W,YLL011W,0,1.2053523,0.19933830201625824,0.2402791678905487,0.09682904928922653
YDR479C,YBR175W,0,1.2046525,0.19917355477809906,0.2402791678905487,0.09692908078432083
YPR047W,YPL033C,0,1.2036037,0.19900909066200256,0.2402791678905487,0.09702911227941513
YDL210W,YBR040W,0,1.2033074,0.19884487986564636,0.2402791678905487,0.09712913632392883
YAL039C,YER086W,1,1.2025079,0.19950535893440247,0.24127617478370667,0.09712913632392883
YFL047W,YHR116W,0,1.2019414,0.19934101402759552,0.24127617478370667,0.09722916781902313
YBR175W,YPL028W,0,1.2015188,0.19917695224285126,0.24127617478370667,0.09732919931411743
YGR106C,YFL044C,0,1.2013874,0.19901315867900848,0.24127617478370667,0.09742923080921173
YDL137W,YLR286C,0,1.2009768,0.1988496333360672,0.24127617478370667,0.09752926230430603
YKR014C,YDL085W,0,1.1987712,0.1986863762140274,0.24127617478370667,0.09762928634881973
YDR242W,YKL024C,0,1.1982937,0.1985233724117279,0.24127617478370667,0.09772931784391403
YLR286C,YDR376W,0,1.1977582,0.1983606517314911,0.24127617478370667,0.09782934933900833
YLL050C,YGR158C,0,1.1974623,0.19819819927215576,0.24127617478370667,0.09792938083410263
YPL206C,YOL077C,0,1.1974547,0.19803600013256073,0.24127617478370667,0.09802941232919693
YJR015W,YDR251W,0,1.1970606,0.19787408411502838,0.24127617478370667,0.09812943637371063
YHR147C,YDL082W,0,1.1967742,0.19771242141723633,0.24127617478370667,0.09822946786880493
YLR283W,YDR046C,0,1.1961768,0.19755102694034576,0.24127617478370667,0.09832949936389923
YER133W,YGL191W,0,1.196085,0.1973898857831955,0.24127617478370667,0.09842953085899353
YDR536W,YPR178W,0,1.1959244,0.19722901284694672,0.24127617478370667,0.09852956235408783
YEL013W,YBR158W,0,1.1958671,0.19706840813159943,0.24127617478370667,0.09862958639860153
YOR391C,YGR220C,0,1.1956218,0.19690805673599243,0.24127617478370667,0.09872961789369583
YDL210W,YIL172C,0,1.195468,0.19674797356128693,0.24127617478370667,0.09882964938879013
YKR037C,YDL130W-A,0,1.1953943,0.19658814370632172,0.24127617478370667,0.09892968088388443
YOL031C,YOR067C,0,1.1939971,0.1964285671710968,0.24127617478370667,0.09902971237897873
YKL178C,YPL202C,0,1.1936417,0.19626925885677338,0.24127617478370667,0.09912973642349243
YHL024W,YCR010C,0,1.1935712,0.19611020386219025,0.24127617478370667,0.09922976791858673
YAL034W-A,YLR287C-A,0,1.1931446,0.1959514170885086,0.24127617478370667,0.09932979941368103
YGR191W,YOL157C,0,1.1927991,0.19579288363456726,0.24127617478370667,0.09942983090877533
YHR052W,YCR037C,0,1.1920061,0.1956346035003662,0.24127617478370667,0.09952986240386963
YDR536W,YBR159W,0,1.1913217,0.19547657668590546,0.24127617478370667,0.09962988644838333
YKL140W,YHR140W,0,1.1910018,0.195318803191185,0.24127617478370667,0.09972991794347763
YER070W,YNL325C,0,1.1909282,0.19516128301620483,0.24127617478370667,0.09982994943857193
YML004C,YPL123C,1,1.190807,0.19580982625484467,0.24227318167686462,0.09982994943857193
YPL148C,YLR142W,0,1.1896601,0.19565217196941376,0.24227318167686462,0.09992998093366623
YGR169C,YER086W,1,1.1894381,0.19629926979541779,0.24327018857002258,0.09992998093366623
YBR164C,YNL096C,0,1.1892145,0.19614148139953613,0.24327018857002258,0.10003001242876053
YGR170W,YEL020C,1,1.1885512,0.19678714871406555,0.24426719546318054,0.10003001242876053
YDR248C,YMR256C,0,1.1873741,0.19662921130657196,0.24426719546318054,0.10013003647327423
YPL258C,YGL084C,0,1.1868658,0.19647152721881866,0.24426719546318054,0.10023006796836853
YGR170W,YGL184C,1,1.1868099,0.19711539149284363,0.2452642023563385,0.10023006796836853
YKL114C,YHR112C,1,1.1857861,0.19775821268558502,0.24626120924949646,0.10023006796836853
YJR016C,YLR044C,1,1.1847456,0.19840000569820404,0.2472582310438156,0.10023006796836853
YDR342C,YCR094W,0,1.183943,0.19824141263961792,0.2472582310438156,0.10033009946346283
YMR306W,YML060W,0,1.1832722,0.1980830729007721,0.2472582310438156,0.10043013095855713
YHR171W,YOR120W,0,1.183089,0.19792498648166656,0.2472582310438156,0.10053016245365143
YKL088W,YEL046C,1,1.1821139,0.1985645890235901,0.24825523793697357,0.10053016245365143
YAL039C,YML060W,1,1.1818476,0.19920319318771362,0.24925224483013153,0.10053016245365143
YDR299W,YDL095W,0,1.1815128,0.1990445852279663,0.24925224483013153,0.10063018649816513
YGR292W,YDR014W,0,1.1808264,0.1988862305879593,0.24925224483013153,0.10073021799325943
YCR010C,YKR050W,0,1.1805832,0.19872814416885376,0.24925224483013153,0.10083024948835373
YFR003C,YDR534C,0,1.1798136,0.19857029616832733,0.24925224483013153,0.10093028098344803
YHL036W,YNL191W,0,1.1796148,0.1984127014875412,0.24925224483013153,0.10103031247854233
YDL051W,YHR136C,0,1.1794165,0.19825536012649536,0.24925224483013153,0.10113033652305603
YNL210W,YER045C,0,1.178689,0.19809825718402863,0.24925224483013153,0.10123036801815033
YMR257C,YFL044C,0,1.1784214,0.19794140756130219,0.24925224483013153,0.10133039951324463
YDR481C,YKR059W,0,1.1782706,0.19778481125831604,0.24925224483013153,0.10143043100833893
YNR070W,YPL186C,0,1.1780443,0.197628453373909,0.24925224483013153,0.10153046250343323
YDR322W,YHR070W,0,1.1776286,0.19747234880924225,0.24925224483013153,0.10163048654794693
YOR228C,YBR299W,0,1.1773546,0.1973164975643158,0.24925224483013153,0.10173051804304123
YGL128C,YPL033C,0,1.1771082,0.19716088473796844,0.24925224483013153,0.10183054953813553
YMR166C,YLR327C,0,1.176789,0.1970055103302002,0.24925224483013153,0.10193058103322983
YLR318W,YLR121C,0,1.1766423,0.19685038924217224,0.24925224483013153,0.10203061252832413
YFL004W,YCR010C,0,1.1766388,0.19669552147388458,0.24925224483013153,0.10213063657283783
YOR096W,YDL067C,0,1.1760676,0.19654087722301483,0.24925224483013153,0.10223066806793213
YJL143W,YML048W,0,1.1757376,0.19638648629188538,0.24925224483013153,0.10233069956302643
YGL206C,YGR194C,0,1.1754044,0.19623233377933502,0.24925224483013153,0.10243073105812073
YNL046W,YOR290C,0,1.1750218,0.19607843458652496,0.24925224483013153,0.10253076255321503
YDR036C,YJL062W,0,1.1747684,0.1959247589111328,0.24925224483013153,0.10263078659772873
YPL157W,YHR136C,0,1.1743774,0.19577133655548096,0.24925224483013153,0.10273081809282303
YKL100C,YNL149C,0,1.1736186,0.1956181526184082,0.24925224483013153,0.10283084958791733
YBL030C,YOL005C,0,1.1735715,0.19546520709991455,0.24925224483013153,0.10293088108301163
YML004C,YFL061W,1,1.1727649,0.19609375298023224,0.2502492666244507,0.10293088108301163
YJR045C,YOR246C,0,1.1726153,0.19594067335128784,0.2502492666244507,0.10303091257810593
YDR456W,YPL258C,0,1.1725749,0.19578783214092255,0.2502492666244507,0.10313093662261963
YDR134C,YMR004W,0,1.1724117,0.19563522934913635,0.2502492666244507,0.10323096811771393
YIL027C,YDR158W,0,1.1722618,0.19548286497592926,0.2502492666244507,0.10333099961280823
YBR283C,YIL171W,0,1.172113,0.19533073902130127,0.2502492666244507,0.10343103110790253
YDR479C,YGL059W,0,1.1719587,0.19517885148525238,0.2502492666244507,0.10353106260299683
YLR096W,YHR136C,0,1.1714461,0.1950272023677826,0.2502492666244507,0.10363108664751053
YHL032C,YNL217W,0,1.1712422,0.1948757767677307,0.2502492666244507,0.10373111814260483
YKL179C,YLR097C,0,1.1711998,0.19472458958625793,0.2502492666244507,0.10383114963769913
YOR224C,YEL058W,0,1.1701319,0.19457364082336426,0.2502492666244507,0.10393118113279343
YKR058W,YGR191W,0,1.169348,0.19442293047904968,0.2502492666244507,0.10403121262788773
YPR102C,YPL202C,0,1.167899,0.19427244365215302,0.2502492666244507,0.10413123667240143
YDR014W,YDR380W,0,1.1676154,0.19412219524383545,0.2502492666244507,0.10423126816749573
YIL009C-A,YBR283C,0,1.1672374,0.19397218525409698,0.2502492666244507,0.10433129966259003
YDR481C,YFL039C,0,1.1664147,0.19382239878177643,0.2502492666244507,0.10443133115768433
YNL158W,YNR001C,0,1.1664019,0.19367283582687378,0.2502492666244507,0.10453136265277863
YJR121W,YGL178W,0,1.166008,0.19352351129055023,0.2502492666244507,0.10463138669729233
YDR523C,YAR007C,0,1.1651697,0.1933744251728058,0.2502492666244507,0.10473141819238663
YLR097C,YDR486C,0,1.1647626,0.19322556257247925,0.2502492666244507,0.10483144968748093
YJL136C,YPL153C,0,1.1636477,0.19307692348957062,0.2502492666244507,0.10493148118257523
YHR070W,YIL136W,0,1.1629758,0.1929285228252411,0.2502492666244507,0.10503151267766953
YEL017C-A,YOR044W,0,1.1628796,0.19278033077716827,0.2502492666244507,0.10513153672218323
YOR063W,YPR036W,0,1.1624327,0.19263239204883575,0.2502492666244507,0.10523156821727753
YBL030C,YOR070C,0,1.161324,0.19248466193675995,0.2502492666244507,0.10533159971237183
YNL001W,YGR218W,0,1.160729,0.19233717024326324,0.2502492666244507,0.10543163120746613
YML054C,YER174C,0,1.1605161,0.19218988716602325,0.2502492666244507,0.10553166270256042
YGL040C,YDL036C,1,1.1601977,0.19280795753002167,0.25124627351760864,0.10553166270256042
YJR001W,YIL101C,0,1.1595896,0.19266055524349213,0.25124627351760864,0.10563168674707413
YKL114C,YOR176W,1,1.1591516,0.19327731430530548,0.2522432804107666,0.10563168674707413
YBL106C,YDL085W,0,1.1589353,0.1931297779083252,0.2522432804107666,0.10573171824216843
YOR348C,YHR172W,0,1.1587476,0.19298245012760162,0.2522432804107666,0.10583174973726273
YFR037C,YIR037W,0,1.1587173,0.19283536076545715,0.2522432804107666,0.10593178123235703
YLR175W,YLR089C,1,1.1582868,0.19345010817050934,0.25324028730392456,0.10593178123235703
YGR159C,YML042W,0,1.157495,0.19330288469791412,0.25324028730392456,0.10603181272745132
YKL059C,YDR247W,0,1.1572626,0.193155899643898,0.25324028730392456,0.10613183677196503
YER036C,YBL055C,0,1.1568891,0.1930091232061386,0.25324028730392456,0.10623186826705933
YBR123C,YOR356W,0,1.15663,0.19286257028579712,0.25324028730392456,0.10633189976215363
YHL044W,YGL059W,0,1.1564449,0.19271624088287354,0.25324028730392456,0.10643193125724792
YDL204W,YDR418W,0,1.1557916,0.19257013499736786,0.25324028730392456,0.10653196275234222
YPL226W,YDL143W,0,1.1554552,0.1924242377281189,0.25324028730392456,0.10663198679685593
YML012W,YNR050C,0,1.1553774,0.19227857887744904,0.25324028730392456,0.10673201829195023
YPL017C,YHR167W,0,1.1536086,0.1921331286430359,0.25324028730392456,0.10683204978704453
YOR116C,YGL009C,0,1.153387,0.19198790192604065,0.25324028730392456,0.10693208128213882
YBR158W,YBR009C,0,1.1532712,0.19184289872646332,0.25324028730392456,0.10703211277723312
YDR529C,YKL143W,0,1.1530826,0.1916981190443039,0.25324028730392456,0.10713213682174683
YDR033W,YKL156W,0,1.1523657,0.19155354797840118,0.25324028730392456,0.10723216831684113
YHR206W,YOL065C,0,1.1520132,0.19140920042991638,0.25324028730392456,0.10733219981193542
YHR167W,YLR158C,0,1.152013,0.1912650614976883,0.25324028730392456,0.10743223130702972
YNL301C,YPL095C,0,1.1518316,0.1911211460828781,0.25324028730392456,0.10753226280212402
YML125C,YHL047C,0,1.1512744,0.19097743928432465,0.25324028730392456,0.10763228684663773
YER090W,YNL335W,1,1.1510396,0.19158527255058289,0.2542372941970825,0.10763228684663773
YOR116C,YNR061C,0,1.1508759,0.19144144654273987,0.2542372941970825,0.10773231834173203
YKL183W,YOR347C,0,1.1507753,0.19129782915115356,0.2542372941970825,0.10783234983682632
YCL027W,YPR054W,0,1.1505578,0.19115442037582397,0.2542372941970825,0.10793238133192062
YDR487C,YLR089C,1,1.1502211,0.19176030158996582,0.2552343010902405,0.10793238133192062
YGL178W,YKL109W,0,1.1497469,0.19161677360534668,0.2552343010902405,0.10803241282701492
YNL112W,YDR376W,0,1.1496717,0.19147345423698425,0.2552343010902405,0.10813243687152863
YER114C,YGR124W,0,1.1496263,0.19133034348487854,0.2552343010902405,0.10823246836662292
YMR211W,YML042W,0,1.1495392,0.19118745625019073,0.2552343010902405,0.10833249986171722
YOR257W,YMR303C,0,1.1495327,0.19104477763175964,0.2552343010902405,0.10843253135681152
YPL019C,YPL220W,0,1.1477404,0.19090230762958527,0.2552343010902405,0.10853256285190582
YGL120C,YBR175W,0,1.1471021,0.1907600611448288,0.2552343010902405,0.10863258689641953
YMR297W,YPL154C,0,1.1462752,0.19061802327632904,0.2552343010902405,0.10873261839151382
YDR358W,YLR327C,0,1.1454103,0.190476194024086,0.2552343010902405,0.10883264988660812
YHL044W,YDL114W,0,1.1440412,0.19033457338809967,0.2552343010902405,0.10893268138170242
YJL125C,YKL024C,0,1.1430309,0.19019316136837006,0.2552343010902405,0.10903271287679672
YPL144W,YCL031C,0,1.1427948,0.19005197286605835,0.2552343010902405,0.10913273692131042
YOL071W,YMR292W,0,1.1425318,0.18991097807884216,0.2552343010902405,0.10923276841640472
YDR032C,YKR097W,0,1.1416532,0.18977020680904388,0.2552343010902405,0.10933279991149902
YFR008W,YHR064C,0,1.1414235,0.18962962925434113,0.2552343010902405,0.10943283140659332
YGR106C,YOR228C,0,1.1408014,0.18948926031589508,0.2552343010902405,0.10953286290168762
YLR097C,YGR234W,0,1.1406932,0.18934911489486694,0.2552343010902405,0.10963288694620132
YEL046C,YDL080C,1,1.140597,0.18994826078414917,0.25623130798339844,0.10963288694620132
YDL019C,YFL039C,0,1.1398742,0.1898079812526703,0.25623130798339844,0.10973291844129562
YMR080C,YLR008C,0,1.1396434,0.18966789543628693,0.25623130798339844,0.10983294993638992
YPL143W,YKL109W,0,1.1396306,0.18952801823616028,0.25623130798339844,0.10993298143148422
YOL002C,YGR158C,0,1.13954,0.18938834965229034,0.25623130798339844,0.11003301292657852
YOL064C,YDR523C,0,1.1393119,0.18924888968467712,0.25623130798339844,0.11013303697109222
YPL271W,YER180C,0,1.1393001,0.18910963833332062,0.25623130798339844,0.11023306846618652
YOL139C,YNL310C,0,1.1384871,0.18897059559822083,0.25623130798339844,0.11033309996128082
YNL046W,YPR019W,0,1.1376419,0.18883174657821655,0.25623130798339844,0.11043313145637512
YER086W,YDR313C,0,1.1375359,0.1886930912733078,0.25623130798339844,0.11053316295146942
YDL130W,YGL147C,0,1.1373215,0.18855465948581696,0.25623130798339844,0.11063318699598312
YBL020W,YPR016C,0,1.1361535,0.18841642141342163,0.25623130798339844,0.11073321849107742
YDR242W,YLR099C,0,1.1356183,0.18827839195728302,0.25623130798339844,0.11083324998617172
YER088C,YOL071W,0,1.1354866,0.18814055621623993,0.25623130798339844,0.11093328148126602
YNR001C,YKR030W,0,1.1353295,0.18800292909145355,0.25623130798339844,0.11103331297636032
YGL173C,YMR056C,0,1.1351948,0.1878654956817627,0.25623130798339844,0.11113333702087402
YOR384W,YKR097W,0,1.1343482,0.18772827088832855,0.25623130798339844,0.11123336851596832
YOR393W,YJR130C,1,1.1343448,0.18832117319107056,0.2572283148765564,0.11123336851596832
YNR043W,YGR155W,1,1.1342798,0.18891319632530212,0.25822532176971436,0.11123336851596832
YMR043W,YAL012W,0,1.1337274,0.18877550959587097,0.25822532176971436,0.11133340001106262
YAR018C,YLR467W,0,1.1334162,0.18863801658153534,0.25822532176971436,0.11143343150615692
YDL229W,YJR158W,0,1.1333743,0.18850073218345642,0.25822532176971436,0.11153346300125122
YIR012W,YOL007C,0,1.1318709,0.18836364150047302,0.25822532176971436,0.11163348704576492
YNR061C,YER120W,0,1.1313857,0.18822674453258514,0.25822532176971436,0.11173351854085922
YLR207W,YNL151C,0,1.1309444,0.18809005618095398,0.25822532176971436,0.11183355003595352
YLR286C,YNL248C,0,1.130046,0.18795356154441833,0.25822532176971436,0.11193358153104782
YDR487C,YER053C,0,1.1299417,0.1878172606229782,0.25822532176971436,0.11203361302614212
YCL075W,YGR194C,0,1.1296525,0.1876811534166336,0.25822532176971436,0.11213363707065582
YDR247W,YPL204W,0,1.1296319,0.18754525482654572,0.25822532176971436,0.11223366856575012
YLR237W,YDR158W,0,1.1286012,0.18740954995155334,0.25822532176971436,0.11233370006084442
YGL095C,YMR303C,0,1.1285402,0.1872740387916565,0.25822532176971436,0.11243373155593872
YDR111C,YJR016C,1,1.1281233,0.18786127865314484,0.2592223286628723,0.11243373155593872
YOL120C,YDR116C,0,1.1280445,0.18772563338279724,0.2592223286628723,0.11253376305103302
YIL101C,YDR523C,0,1.1273729,0.18759018182754517,0.2592223286628723,0.11263378709554672
YDR060W,YEL050C,0,1.1270585,0.1874549388885498,0.2592223286628723,0.11273381859064102
YDR115W,YAL012W,0,1.1262527,0.18731988966464996,0.2592223286628723,0.11283385008573532
YBR207W,YMR165C,0,1.126163,0.18718501925468445,0.2592223286628723,0.11293388158082962
YKL135C,YAL062W,0,1.126153,0.18705035746097565,0.2592223286628723,0.11303391307592392
YJL008C,YGR061C,0,1.1259832,0.18691588938236237,0.2592223286628723,0.11313393712043762
YGL135W,YGR189C,0,1.1250825,0.1867816150188446,0.2592223286628723,0.11323396861553192
YJL221C,YIL113W,0,1.1245486,0.18664751946926117,0.2592223286628723,0.11333400011062622
YDR012W,YPR156C,0,1.1219177,0.18651363253593445,0.2592223286628723,0.11343403160572052
YNL046W,YBR291C,0,1.12186,0.18637992441654205,0.2592223286628723,0.11353406310081482
YER029C,YNL339C,0,1.1214956,0.18624642491340637,0.2592223286628723,0.11363408714532852
YDL210W,YDR297W,0,1.1196542,0.18611310422420502,0.2592223286628723,0.11373411864042282
YOR315W,YHR181W,0,1.1196465,0.18597997725009918,0.2592223286628723,0.11383415013551712
YML042W,YBR166C,0,1.119125,0.18584702908992767,0.2592223286628723,0.11393418163061142
YDR358W,YDR096W,0,1.1187849,0.18571428954601288,0.2592223286628723,0.11403421312570572
YDL007W,YJL025W,0,1.1174376,0.1855817288160324,0.2592223286628723,0.11413423717021942
YNL218W,YER096W,0,1.1162732,0.18544936180114746,0.2592223286628723,0.11423426866531372
YPL226W,YHR013C,0,1.1150506,0.18531717360019684,0.2592223286628723,0.11433430016040802
YGR254W,YER090W,1,1.114892,0.18589743971824646,0.2602193355560303,0.11433430016040802
YNL012W,YPR042C,0,1.114626,0.1857651174068451,0.2602193355560303,0.11443433165550232
YPR156C,YPL155C,0,1.1141689,0.18563300371170044,0.2602193355560303,0.11453436315059662
YER086W,YEL046C,1,1.1141467,0.18621179461479187,0.26121634244918823,0.11453436315059662
YML054C,YNL015W,0,1.1141417,0.18607954680919647,0.26121634244918823,0.11463438719511032
YIL172C,YGR241C,0,1.1140462,0.1859474778175354,0.26121634244918823,0.11473441869020462
YJR015W,YLR265C,0,1.1139896,0.18581560254096985,0.26121634244918823,0.11483445018529892
YOL071W,YJL125C,0,1.1131518,0.18568390607833862,0.26121634244918823,0.11493448168039322
YNR070W,YOL064C,0,1.1131012,0.18555240333080292,0.26121634244918823,0.11503451317548752
YFL002W-A,YLR035C-A,0,1.1129128,0.18542109429836273,0.26121634244918823,0.11513453722000122
YHR046C,YDR347W,0,1.1121787,0.18528996407985687,0.26121634244918823,0.11523456871509552
YPL019C,YJR134C,0,1.1112123,0.18515901267528534,0.26121634244918823,0.11533460021018982
YLR142W,YLR204W,0,1.1101817,0.18502825498580933,0.26121634244918823,0.11543463170528412
YGL205W,YLR450W,0,1.1101574,0.18489767611026764,0.26121634244918823,0.11553466320037842
YIL111W,YNL217W,0,1.1100011,0.18476727604866028,0.26121634244918823,0.11563468724489212
YLR237W,YLR176C,0,1.109539,0.18463706970214844,0.26121634244918823,0.11573471873998642
YLR359W,YFL061W,1,1.1089473,0.18521127104759216,0.2622133493423462,0.11573471873998642
YJL198W,YDL130W-A,0,1.108265,0.18508093059062958,0.2622133493423462,0.11583475023508072
YEL013W,YOL072W,0,1.1073978,0.18495076894760132,0.2622133493423462,0.11593478173017502
YLR237W,YHL016C,0,1.1073502,0.18482080101966858,0.2622133493423462,0.11603481322526932
YAL053W,YHL016C,0,1.1071155,0.18469101190567017,0.2622133493423462,0.11613483726978302
YFR015C,YLR286C,0,1.106149,0.18456140160560608,0.2622133493423462,0.11623486876487732
YFL039C,YFR007W,0,1.1061018,0.18443197011947632,0.2622133493423462,0.11633490025997162
YER096W,YEL015W,0,1.1060728,0.18430273234844208,0.2622133493423462,0.11643493175506592
YCR077C,YDR044W,0,1.1049705,0.18417367339134216,0.2622133493423462,0.11653496325016022
YOL127W,YKL218C,0,1.1048925,0.18404479324817657,0.2622133493423462,0.11663498729467392
YKL211C,YMR323W,1,1.1042244,0.1846153885126114,0.26321035623550415,0.11663498729467392
YJR145C,YOR369C,0,1.1035792,0.18448637425899506,0.26321035623550415,0.11673501878976822
YNL159C,YGR292W,0,1.1033964,0.18435753881931305,0.26321035623550415,0.11683505028486252
YHR181W,YKL056C,0,1.1033161,0.18422889709472656,0.26321035623550415,0.11693508177995682
YKL211C,YKL182W,1,1.1031537,0.1847977638244629,0.2642073631286621,0.11693508177995682
YDR487C,YLL035W,0,1.1027317,0.18466898798942566,0.2642073631286621,0.11703511327505112
YPL106C,YGR088W,0,1.1025336,0.18454039096832275,0.2642073631286621,0.11713513731956482
YDL138W,YDR487C,0,1.1024351,0.18441197276115417,0.2642073631286621,0.11723516881465912
YDR111C,YER086W,1,1.1022798,0.1849791407585144,0.26520439982414246,0.11723516881465912
YGR029W,YDL067C,0,1.1019282,0.18485058844089508,0.26520439982414246,0.11733520030975342
YAL039C,YDR538W,1,1.1014497,0.18541666865348816,0.2662014067173004,0.11733520030975342
YDR341C,YMR088C,0,1.1013758,0.18528799712657928,0.2662014067173004,0.11743523180484772
YCR094W,YOL080C,0,1.1004033,0.18515950441360474,0.2662014067173004,0.11753526329994202
YBR033W,YOR224C,0,1.0997559,0.18503119051456451,0.2662014067173004,0.11763528734445572
YER126C,YOL147C,0,1.0997194,0.18490304052829742,0.2662014067173004,0.11773531883955002
YGR254W,YDR380W,1,1.0990552,0.18546712398529053,0.2671984136104584,0.11773531883955002
YEL013W,YGR191W,0,1.0988467,0.18533886969089508,0.2671984136104584,0.11783535033464432
YNL098C,YJR155W,0,1.0982394,0.18521077930927277,0.2671984136104584,0.11793538182973862
YDR060W,YNL146W,0,1.0981073,0.18508286774158478,0.2671984136104584,0.11803541332483292
YNR043W,YDR313C,0,1.0979978,0.18495513498783112,0.2671984136104584,0.11813543736934662
YKL140W,YPR156C,0,1.0978146,0.18482758104801178,0.2671984136104584,0.11823546886444092
YBL103C,YNL046W,0,1.0974545,0.18470020592212677,0.2671984136104584,0.11833550035953522
YIL101C,YBL069W,0,1.0972542,0.1845730096101761,0.2671984136104584,0.11843553185462952
YBR033W,YNR020C,0,1.0968149,0.18444597721099854,0.2671984136104584,0.11853556334972382
YDL204W,YOL120C,0,1.096618,0.1843191236257553,0.2671984136104584,0.11863558739423752
YNL001W,YFR015C,0,1.09637,0.18419243395328522,0.2671984136104584,0.11873561888933182
YFL004W,YJL046W,0,1.0961325,0.18406593799591064,0.2671984136104584,0.11883565038442612
YDR358W,YDR298C,0,1.0958713,0.1839396059513092,0.2671984136104584,0.11893568187952042
YGL026C,YNL256W,1,1.0958259,0.18449930846691132,0.26819542050361633,0.11893568187952042
YPL281C,YGR087C,1,1.0957956,0.18505826592445374,0.2691924273967743,0.11893568187952042
YJR001W,YBR297W,0,1.0956317,0.18493150174617767,0.2691924273967743,0.11903571337461472
YKL212W,YDL184C,0,1.0942553,0.18480493128299713,0.2691924273967743,0.11913573741912842
YGL147C,YJR155W,0,1.0941767,0.18467852473258972,0.2691924273967743,0.11923576891422272
YEL038W,YHR067W,0,1.093647,0.18455229699611664,0.2691924273967743,0.11933580040931702
YOR128C,YGR169C,1,1.0932283,0.18510928750038147,0.27018943428993225,0.11933580040931702
YHR086W,YMR037C,0,1.0930741,0.18498294055461884,0.27018943428993225,0.11943583190441132
YGL249W,YFR005C,0,1.0922908,0.18485675752162933,0.27018943428993225,0.11953586339950562
YEL046C,YOR176W,1,1.091868,0.18541240692138672,0.2711864411830902,0.11953586339950562
YIR014W,YJL102W,0,1.091845,0.18528610467910767,0.2711864411830902,0.11963588744401932
YPL271W,YLR427W,0,1.0917575,0.18515996634960175,0.2711864411830902,0.11973591893911362
YDL006W,YER053C,0,1.0912356,0.18503400683403015,0.2711864411830902,0.11983595043420792
YDR111C,YKL184W,1,1.0910611,0.1855880320072174,0.27218344807624817,0.11983595043420792
YOR175C,YML116W,0,1.090913,0.18546195328235626,0.27218344807624817,0.11993598192930222
YOL117W,YKR030W,0,1.090485,0.18533605337142944,0.27218344807624817,0.12003601342439651
YPL017C,YDL205C,0,1.090441,0.18521031737327576,0.27218344807624817,0.12013603746891022
YIL109C,YKL004W,0,1.0900531,0.1850847452878952,0.27218344807624817,0.12023606896400452
YGR254W,YGR087C,1,1.0898544,0.18563686311244965,0.27318045496940613,0.12023606896400452
YMR290C,YPR054W,0,1.0889454,0.18551117181777954,0.27318045496940613,0.12033610045909882
YMR098C,YGR234W,0,1.0885276,0.18538565933704376,0.27318045496940613,0.12043613195419312
YDL146W,YCR010C,0,1.0885111,0.18526031076908112,0.27318045496940613,0.12053616344928741
YML129C,YMR204C,0,1.0878944,0.1851351410150528,0.27318045496940613,0.12063618749380112
YLR097C,YPL204W,0,1.0870777,0.1850101351737976,0.27318045496940613,0.12073621898889542
YGL040C,YJR130C,1,1.0863853,0.18556004762649536,0.2741774618625641,0.12073621898889542
YLR165C,YEL046C,1,1.0856426,0.1861092448234558,0.27517446875572205,0.12073621898889542
YBL078C,YBR040W,0,1.0853381,0.1859838217496872,0.27517446875572205,0.12083625048398972
YPR006C,YIL168W,1,1.0837741,0.18653199076652527,0.27617147564888,0.12083625048398972
YOR348C,YPL271W,0,1.0836494,0.1864064633846283,0.27617147564888,0.12093628197908401
YJL048C,YDL067C,0,1.0834031,0.18628109991550446,0.27617147564888,0.12103631347417831
YIL034C,YAL012W,0,1.0832981,0.18615591526031494,0.27617147564888,0.12113633751869202
YHL018W,YLR089C,1,1.0828856,0.18670248985290527,0.27716848254203796,0.12113633751869202
YJR025C,YOR067C,0,1.0824785,0.1865771859884262,0.27716848254203796,0.12123636901378632
YJL157C,YHR117W,0,1.0823857,0.18645204603672028,0.27716848254203796,0.12133640050888062
YEL002C,YBR241C,0,1.0821896,0.18632708489894867,0.27716848254203796,0.12143643200397491
YDR224C,YCR053W,0,1.0809907,0.186202272772789,0.27716848254203796,0.12153646349906921
YCL055W,YOR120W,0,1.0806799,0.18607763946056366,0.27716848254203796,0.12163648754358292
YML070W,YMR150C,0,1.079949,0.18595317006111145,0.27716848254203796,0.12173651903867722
YLR283W,YOL002C,0,1.0797356,0.18582887947559357,0.27716848254203796,0.12183655053377151
YPL148C,YNL151C,0,1.07935,0.18570473790168762,0.27716848254203796,0.12193658202886581
YGR159C,YML094W,0,1.0787553,0.185580775141716,0.27716848254203796,0.12203661352396011
YDR248C,YDR483W,0,1.0784452,0.18545697629451752,0.27716848254203796,0.12213663756847382
YBL075C,YOR131C,0,1.0781205,0.18533332645893097,0.27716848254203796,0.12223666906356812
YIL171W,YPR073C,0,1.0767473,0.18520985543727875,0.27716848254203796,0.12233670055866241
YGL136C,YGL147C,0,1.0767288,0.18508654832839966,0.27716848254203796,0.12243673205375671
YDL166C,YHR140W,0,1.0764781,0.1849634051322937,0.27716848254203796,0.12253676354885101
YDL229W,YOR244W,0,1.076451,0.18484042584896088,0.27716848254203796,0.12263678759336472
YHR116W,YLR078C,0,1.0744975,0.18471761047840118,0.27716848254203796,0.12273681908845901
YDR532C,YPR016C,0,1.0744519,0.18459495902061462,0.27716848254203796,0.12283685058355331
YLR221C,YDR158W,0,1.0742123,0.18447245657444,0.27716848254203796,0.12293688207864761
YML054C,YLR079W,0,1.0735738,0.1843501329421997,0.27716848254203796,0.12303691357374191
YAL039C,YLR044C,1,1.0734123,0.18489065766334534,0.2781654894351959,0.12303691357374191
YKR058W,YBR084W,0,1.0733263,0.1847682148218155,0.2781654894351959,0.12313693761825562
YGL253W,YPR031W,0,1.0728481,0.18464593589305878,0.2781654894351959,0.12323696911334991
YNL077W,YML113W,0,1.0726825,0.184523805975914,0.2781654894351959,0.12333700060844421
YDL205C,YNL189W,0,1.0720279,0.18440185487270355,0.2781654894351959,0.12343703210353851
YJL219W,YNL077W,0,1.0718772,0.18428005278110504,0.2781654894351959,0.12353706359863281
YKL034W,YPL028W,0,1.0718496,0.18415841460227966,0.2781654894351959,0.12363708764314651
YGR254W,YHR018C,1,1.0713686,0.18469657003879547,0.27916252613067627,0.12363708764314651
YJR025C,YOL071W,0,1.0712315,0.18457481265068054,0.27916252613067627,0.12373711913824081
YGL196W,YDR234W,1,1.0702683,0.18511198461055756,0.28015953302383423,0.12373711913824081
YHL047C,YFR007W,0,1.0698655,0.18499012291431427,0.28015953302383423,0.12383715063333511
YLR212C,YHL047C,0,1.0688564,0.18486842513084412,0.28015953302383423,0.12393718212842941
YKR014C,YDR520C,0,1.0687566,0.1847468763589859,0.28015953302383423,0.12403721362352371
YPL177C,YBR207W,0,1.0680871,0.18462549149990082,0.28015953302383423,0.12413723766803741
YBL075C,YCR096C,0,1.0679054,0.18450427055358887,0.28015953302383423,0.12423726916313171
YCR047C,YJL121C,0,1.0676482,0.18438319861888885,0.28015953302383423,0.12433730065822601
YCR098C,YNL146W,0,1.0669414,0.18426229059696198,0.28015953302383423,0.12443733215332031
YNL242W,YDL204W,0,1.066923,0.18414154648780823,0.28015953302383423,0.12453736364841461
YMR256C,YOR211C,0,1.0665635,0.18402095139026642,0.28015953302383423,0.12463738769292831
YDR533C,YOR070C,0,1.0660204,0.18390052020549774,0.28015953302383423,0.12473741918802261
YHR067W,YNL217W,0,1.0659958,0.1837802529335022,0.28015953302383423,0.12483745068311691
YNL128W,YKR059W,0,1.0649722,0.1836601346731186,0.28015953302383423,0.12493748217821121
YHR089C,YDL180W,0,1.0644695,0.18354016542434692,0.28015953302383423,0.12503750622272491
YBR286W,YCR075C,0,1.0637367,0.1834203600883484,0.28015953302383423,0.1251375377178192
YBR248C,YGR087C,1,1.0637274,0.18395303189754486,0.2811565399169922,0.1251375377178192
YOR348C,YBL090W,0,1.0634716,0.18383312225341797,0.2811565399169922,0.1252375692129135
YCR053W,YFL061W,1,1.061883,0.18436482548713684,0.28215354681015015,0.1252375692129135
YGL136C,YDR358W,0,1.0618265,0.1842447966337204,0.28215354681015015,0.1253376007080078
YNL217W,YNL012W,0,1.0614411,0.1841249167919159,0.28215354681015015,0.1254376322031021
YDR334W,YLR172C,0,1.0614357,0.18400520086288452,0.28215354681015015,0.1255376636981964
YAL023C,YIL155C,0,1.0605286,0.1838856339454651,0.28215354681015015,0.1256376951932907
YIL145C,YFL044C,0,1.0599215,0.1837662309408188,0.28215354681015015,0.125737726688385
YKL114C,YJL200C,1,1.0597734,0.1842959076166153,0.2831505537033081,0.125737726688385
YKL004W,YBL061C,0,1.0589647,0.18417640030384064,0.2831505537033081,0.1258377581834793
YDR242W,YPL095C,0,1.0589507,0.18405702710151672,0.2831505537033081,0.12593777477741241
YDR536W,YOR346W,0,1.0579531,0.18393781781196594,0.2831505537033081,0.1260378062725067
YMR006C,YKR104W,0,1.0578783,0.1838187724351883,0.2831505537033081,0.126137837767601
YHR147C,YKL056C,0,1.0569701,0.18369987607002258,0.2831505537033081,0.1262378692626953
YNR020C,YLR318W,0,1.0565612,0.1835811287164688,0.2831505537033081,0.1263379007577896
YKL034W,YDR534C,0,1.0548513,0.18346253037452698,0.2831505537033081,0.1264379322528839
YLL035W,YML081C-A,0,1.0544736,0.18334409594535828,0.2831505537033081,0.1265379637479782
YLR134W,YHR018C,1,1.0542839,0.18387097120285034,0.28414756059646606,0.1265379637479782
YDL085W,YOR337W,0,1.0542297,0.1837524175643921,0.28414756059646606,0.1266379952430725
YMR166C,YGL222C,0,1.0538056,0.18363402783870697,0.28414756059646606,0.1267380267381668
YGL157W,YNR041C,0,1.0523726,0.1835157722234726,0.28414756059646606,0.1268380582332611
YLR089C,YNL169C,1,1.0523595,0.18404118716716766,0.285144567489624,0.1268380582332611
YDR238C,YLR327C,0,1.0522647,0.18392282724380493,0.285144567489624,0.1269380748271942
YBR123C,YDL067C,0,1.0505472,0.18380463123321533,0.285144567489624,0.1270381063222885
YIL074C,YBL090W,0,1.0499855,0.18368656933307648,0.285144567489624,0.1271381378173828
YMR211W,YDR297W,0,1.0497532,0.18356867134571075,0.285144567489624,0.1272381693124771
YLR304C,YDL144C,0,1.0496963,0.18345093727111816,0.285144567489624,0.1273382008075714
YEL013W,YKL024C,0,1.0496596,0.18333333730697632,0.285144567489624,0.1274382323026657
YOR356W,YPR156C,0,1.048306,0.1832158863544464,0.285144567489624,0.12753826379776
YFL002W-A,YBR012W-A,0,1.0479794,0.18309858441352844,0.285144567489624,0.1276382952928543
YNR008W,YFL039C,0,1.0473609,0.1829814463853836,0.285144567489624,0.1277383267879486
YGR170W,YML004C,1,1.0471537,0.18350383639335632,0.286141574382782,0.1277383267879486
YPL148C,YOL105C,0,1.0456188,0.18338657915592194,0.286141574382782,0.1278383582830429
YNL212W,YPR047W,0,1.0454593,0.1832694709300995,0.286141574382782,0.127938374876976
YLR364W,YOR182C,0,1.0443087,0.18315252661705017,0.286141574382782,0.1280384063720703
YOL019W,YJL109C,0,1.0440627,0.1830357164144516,0.286141574382782,0.1281384378671646
YLR359W,YGL026C,1,1.0435042,0.18355640769004822,0.28713858127593994,0.1281384378671646
YCR096C,YJL101C,0,1.0430938,0.1834394931793213,0.28713858127593994,0.1282384693622589
YBR036C,YDR231C,0,1.0423603,0.1833227276802063,0.28713858127593994,0.1283385008573532
YAL039C,YGR254W,1,1.0418913,0.1838422417640686,0.2881355881690979,0.1283385008573532
YER184C,YGR189C,0,1.041732,0.18372537195682526,0.2881355881690979,0.1284385323524475
YDL200C,YDR158W,0,1.0415492,0.18360863626003265,0.2881355881690979,0.1285385638475418
YGL184C,YDR047W,1,1.0411234,0.18412698805332184,0.28913259506225586,0.1285385638475418
YER095W,YDR126W,0,1.0408826,0.18401014804840088,0.28913259506225586,0.1286385953426361
YKL109W,YNL091W,0,1.0407907,0.18389347195625305,0.28913259506225586,0.1287386268377304
YDR531W,YKR105C,0,1.0395315,0.18377692997455597,0.28913259506225586,0.1288386583328247
YGR026W,YPL281C,0,1.0394758,0.18366055190563202,0.28913259506225586,0.1289386749267578
YIR036C,YKL116C,0,1.0394669,0.1835443079471588,0.28913259506225586,0.1290387064218521
YNL077W,YBR297W,0,1.0392263,0.18342821300029755,0.28913259506225586,0.1291387379169464
YER148W,YNL135C,0,1.0391508,0.18331226706504822,0.28913259506225586,0.1292387694120407
YDR096W,YIR037W,0,1.0384507,0.18319645524024963,0.28913259506225586,0.129338800907135
YDR022C,YGR106C,0,1.0378658,0.18308080732822418,0.28913259506225586,0.1294388324022293
YHL008C,YCL050C,0,1.0376222,0.18296529352664948,0.28913259506225586,0.1295388638973236
YCL047C,YIL124W,0,1.037257,0.1828499436378479,0.28913259506225586,0.1296388953924179
YBR050C,YCR037C,0,1.0369047,0.18273471295833588,0.28913259506225586,0.1297389268875122
YOR124C,YNL151C,0,1.0366371,0.18261964619159698,0.28913259506225586,0.1298389583826065
YER048W-A,YBR040W,0,1.036109,0.18250471353530884,0.28913259506225586,0.1299389749765396
YLR090W,YNL149C,0,1.0358069,0.18238992989063263,0.28913259506225586,0.1300390064716339
YEL013W,YIL051C,0,1.0354795,0.18227529525756836,0.28913259506225586,0.1301390379667282
YNL322C,YDL051W,0,1.0348953,0.18216080963611603,0.28913259506225586,0.1302390694618225
YNL007C,YKR097W,0,1.0328145,0.18204645812511444,0.28913259506225586,0.1303391009569168
YDR018C,YKL195W,0,1.0328124,0.1819322407245636,0.28913259506225586,0.1304391324520111
YLR165C,YGR087C,1,1.0324287,0.18244513869285583,0.2901296019554138,0.1304391324520111
YPL271W,YPL051W,0,1.0311674,0.18233083188533783,0.2901296019554138,0.1305391639471054
YDR118W,YNL091W,0,1.0309505,0.18221665918827057,0.2901296019554138,0.1306391954421997
YPL258C,YDR297W,0,1.0309492,0.18210263550281525,0.2901296019554138,0.130739226937294
YIL125W,YBR166C,0,1.0307757,0.18198874592781067,0.2901296019554138,0.1308392584323883
YNL049C,YNL244C,0,1.0305011,0.18187500536441803,0.2901296019554138,0.1309392750263214
YEL065W,YHR023W,0,1.0302845,0.18176139891147614,0.2901296019554138,0.1310393065214157
YJR016C,YMR323W,1,1.0302345,0.18227216601371765,0.2911266088485718,0.1310393065214157
YPL017C,YCR075C,0,1.0287241,0.1821584552526474,0.2911266088485718,0.13113933801651
YER096W,YGL155W,0,1.0282891,0.1820448935031891,0.2911266088485718,0.1312393695116043
YOL052C,YJL200C,1,1.0282042,0.18255451321601868,0.29212361574172974,0.1312393695116043
YGL253W,YGR001C,0,1.0274667,0.182440847158432,0.29212361574172974,0.1313394010066986
YAL012W,YNL036W,1,1.0270805,0.18294960260391235,0.2931206524372101,0.1313394010066986
YAL039C,YOR393W,1,1.0263062,0.18345771729946136,0.29411765933036804,0.1313394010066986
YOR202W,YGR169C,1,1.0255126,0.18396519124507904,0.295114666223526,0.1313394010066986
YJR015W,YMR098C,0,1.0234146,0.18385092914104462,0.295114666223526,0.1314394325017929
YER088C,YDR003W,0,1.0233953,0.18373681604862213,0.295114666223526,0.1315394639968872
YDR481C,YIR006C,0,1.0232732,0.1836228221654892,0.295114666223526,0.1316394954919815
YER110C,YCL050C,0,1.0232298,0.1835089921951294,0.295114666223526,0.1317395269870758
YJL143W,YOL157C,0,1.0232128,0.18339529633522034,0.295114666223526,0.1318395584821701
YDR115W,YNL268W,0,1.022867,0.18328173458576202,0.295114666223526,0.1319395750761032
YNR001C,YOR290C,0,1.0227522,0.18316832184791565,0.295114666223526,0.1320396065711975
YER095W,YPR081C,0,1.0223556,0.18305504322052002,0.295114666223526,0.1321396380662918
YOR386W,YDL036C,1,1.0222375,0.18355995416641235,0.29611167311668396,0.1321396380662918
YNR061C,YDL109C,0,1.0213382,0.18344657123088837,0.29611167311668396,0.1322396695613861
YDR033W,YGR088W,0,1.0210485,0.18333333730697632,0.29611167311668396,0.1323397010564804
YER027C,YOR356W,0,1.0201414,0.18322023749351501,0.29611167311668396,0.1324397325515747
YLR414C,YOR211C,0,1.0198095,0.18310727179050446,0.29611167311668396,0.132539764046669
YLR371W,YDR376W,0,1.0194919,0.18299445509910583,0.29611167311668396,0.1326397955417633
YML125C,YBL037W,0,1.0179117,0.18288177251815796,0.29611167311668396,0.1327398270368576
YML054C,YMR235C,0,1.0178524,0.18276922404766083,0.29611167311668396,0.1328398585319519
YLR089C,YPR006C,1,1.0174975,0.18327182531356812,0.2971086800098419,0.1328398585319519
YDR536W,YPR081C,0,1.0174078,0.18315918743610382,0.2971086800098419,0.132939875125885
YGR101W,YBL023C,0,1.0166035,0.18304668366909027,0.2971086800098419,0.1330399066209793
YIL093C,YOL140W,0,1.0160737,0.18293431401252747,0.2971086800098419,0.1331399381160736
YGL185C,YER044C,0,1.0152447,0.1828220784664154,0.2971086800098419,0.1332399696111679
YFL004W,YER044C,0,1.0151415,0.18270999193191528,0.2971086800098419,0.1333400011062622
YHR147C,YLR306W,0,1.0150546,0.1825980395078659,0.2971086800098419,0.1334400326013565
YMR166C,YHR143W,0,1.014701,0.18248622119426727,0.2971086800098419,0.1335400640964508
YBL021C,YJL062W,0,1.0137557,0.18237453699111938,0.2971086800098419,0.1336400955915451
YNL049C,YOR120W,0,1.0136974,0.18226300179958344,0.2971086800098419,0.1337401270866394
YDR014W,YJL189W,0,1.0131211,0.18215158581733704,0.2971086800098419,0.1338401585817337
YLR266C,YOL005C,0,1.0128548,0.18204031884670258,0.2971086800098419,0.1339401751756668
YDR329C,YNR045W,0,1.0125011,0.18192918598651886,0.2971086800098419,0.1340402066707611
YBL069W,YEL058W,0,1.0123599,0.1818181872367859,0.2971086800098419,0.1341402381658554
YMR094W,YBL090W,0,1.0117826,0.18170732259750366,0.2971086800098419,0.1342402696609497
YLR266C,YBR040W,0,1.0117433,0.18159659206867218,0.2971086800098419,0.134340301156044
YIL070C,YJL101C,0,1.0107818,0.18148599565029144,0.2971086800098419,0.1344403326511383
YOR337W,YDR402C,0,1.0105728,0.18137553334236145,0.2971086800098419,0.1345403641462326
YBR050C,YJR135C,0,1.0103178,0.1812652051448822,0.2971086800098419,0.1346403956413269
YDL129W,YNL242W,0,1.0102819,0.1811550110578537,0.2971086800098419,0.1347404271364212
YAL008W,YDR380W,0,1.0094116,0.18104495108127594,0.2971086800098419,0.1348404586315155
YLR175W,YPL123C,1,1.00931,0.18154220283031464,0.2981056869029999,0.1348404586315155
YMR128W,YHR160C,0,1.0087696,0.18143203854560852,0.2981056869029999,0.1349404752254486
YIL112W,YPL159C,0,1.0073637,0.18132200837135315,0.2981056869029999,0.1350405067205429
YHR052W,YMR022W,0,1.0070645,0.18121212720870972,0.2981056869029999,0.1351405382156372
YMR198W,YMR056C,0,1.0066335,0.18110236525535583,0.2981056869029999,0.1352405697107315
YJR160C,YNR047W,0,1.0061511,0.1809927374124527,0.2981056869029999,0.1353406012058258
YJR001W,YBR214W,0,1.0059459,0.1808832436800003,0.2981056869029999,0.1354406327009201
YDR046C,YGR075C,0,1.0053487,0.18077388405799866,0.2981056869029999,0.1355406641960144
YLR134W,YHR161C,0,1.0051162,0.18066465854644775,0.2981056869029999,0.1356406956911087
YML087C,YFR007W,0,1.0050664,0.1805555522441864,0.2981056869029999,0.135740727186203
YMR250W,YDR127W,1,1.0034066,0.18105009198188782,0.29910269379615784,0.135740727186203
YDR533C,YGR076C,0,1.0033,0.1809408962726593,0.29910269379615784,0.1358407586812973
YLR304C,YHR017W,0,1.002873,0.18083181977272034,0.29910269379615784,0.1359407752752304
YOL147C,YOL056W,0,1.0024803,0.1807228922843933,0.29910269379615784,0.1360408067703247
YNL119W,YKL024C,0,1.0021689,0.18061408400535583,0.29910269379615784,0.136140838265419
YOR356W,YPR036W,0,1.0018122,0.1805054098367691,0.29910269379615784,0.1362408697605133
YBR156C,YER088C,0,1.0015085,0.18039686977863312,0.29910269379615784,0.1363409012556076
YPR063C,YJL170C,0,1.0014544,0.18028846383094788,0.29910269379615784,0.1364409327507019
YOR356W,YOR046C,0,1.0013244,0.18018017709255219,0.29910269379615784,0.1365409642457962
YGL184C,YDR127W,1,1.001256,0.1806722730398178,0.3000997006893158,0.1365409642457962
YKR014C,YHR089C,0,0.9996067,0.18056388199329376,0.3000997006893158,0.1366409957408905
YBR207W,YMR152W,0,0.999346,0.18045563995838165,0.3000997006893158,0.1367410272359848
YOL071W,YDR288W,0,0.99900186,0.1803475171327591,0.3000997006893158,0.1368410587310791
YPL148C,YOL072W,0,0.9989872,0.1802395135164261,0.3000997006893158,0.1369410753250122
YML116W,YLR038C,0,0.9987798,0.18013165891170502,0.3000997006893158,0.1370411068201065
YOR288C,YOR374W,0,0.9985037,0.1800239235162735,0.3000997006893158,0.1371411383152008
YHR206W,YJL121C,0,0.9980922,0.17991632223129272,0.3000997006893158,0.1372411698102951
YGR009C,YOR092W,0,0.9979739,0.1798088401556015,0.3000997006893158,0.1373412013053894
YNR043W,YML081C-A,0,0.99772465,0.17970149219036102,0.3000997006893158,0.1374412328004837
YJL065C,YPL172C,0,0.9977195,0.1795942783355713,0.3000997006893158,0.137541264295578
YCR053W,YEL020C,1,0.99645424,0.1800834834575653,0.30109670758247375,0.137541264295578
YBR082C,YOR092W,0,0.9958044,0.17997616529464722,0.30109670758247375,0.1376412957906723
YHR147C,YGR262C,0,0.99542916,0.17986896634101868,0.30109670758247375,0.1377413272857666
YBL078C,YER148W,0,0.99404144,0.17976190149784088,0.30109670758247375,0.1378413587808609
YDR270W,YLR246W,0,0.99363196,0.17965497076511383,0.30109670758247375,0.137941375374794
YMR289W,YNL112W,0,0.993242,0.17954815924167633,0.30109670758247375,0.1380414068698883
YDR379W,YMR094W,0,0.9929074,0.17944146692752838,0.30109670758247375,0.1381414383649826
YHR072W,YDL036C,1,0.9924474,0.1799287348985672,0.3020937144756317,0.1381414383649826
YLR134W,YGL184C,1,0.9914994,0.18041543662548065,0.3030907213687897,0.1381414383649826
YIL160C,YOR127W,0,0.99112415,0.18030841648578644,0.3030907213687897,0.1382414698600769
YBR036C,YNL210W,0,0.9910407,0.18020154535770416,0.3030907213687897,0.1383415013551712
YCR047C,YPL092W,0,0.99070406,0.18009479343891144,0.3030907213687897,0.1384415328502655
YPL226W,YJL090C,0,0.99042225,0.17998816072940826,0.3030907213687897,0.1385415643453598
YPR118W,YBR241C,0,0.990072,0.17988166213035583,0.3030907213687897,0.1386415958404541
YER036C,YNL218W,0,0.98997116,0.17977528274059296,0.3030907213687897,0.1387416273355484
YGL141W,YAL062W,0,0.98991907,0.17966903746128082,0.3030907213687897,0.1388416588306427
YIL009C-A,YGL040C,0,0.98979604,0.17956291139125824,0.3030907213687897,0.1389416754245758
YDL229W,YEL058W,0,0.98935485,0.1794569045305252,0.3030907213687897,0.1390417069196701
YDL204W,YER056C-A,0,0.98808956,0.17935103178024292,0.3030907213687897,0.1391417384147644
YNL001W,YDR393W,0,0.9878334,0.17924527823925018,0.3030907213687897,0.1392417699098587
YER086W,YCR077C,0,0.9877126,0.1791396588087082,0.3030907213687897,0.139341801404953
YOR128C,YAL039C,1,0.98759437,0.179623082280159,0.30408772826194763,0.139341801404953
YOR386W,YLR304C,1,0.9874728,0.18010593950748444,0.3050847351551056,0.139341801404953
YJR145C,YDR536W,0,0.9873774,0.18000000715255737,0.3050847351551056,0.1394418329000473
YIL078W,YBR084W,0,0.9870938,0.17989417910575867,0.3050847351551056,0.1395418643951416
YGR159C,YPL028W,0,0.9869847,0.1797884851694107,0.3050847351551056,0.1396418958902359
YHR021C,YDL130W-A,0,0.98666596,0.1796829104423523,0.3050847351551056,0.1397419273853302
YDR046C,YGR286C,0,0.9865161,0.17957746982574463,0.3050847351551056,0.1398419588804245
YOL156W,YGL222C,0,0.9862597,0.17947213351726532,0.3050847351551056,0.1399419754743576
YIL039W,YJL136C,0,0.9859102,0.17936694622039795,0.3050847351551056,0.1400420069694519
YJL153C,YDR103W,0,0.9842073,0.17926186323165894,0.3050847351551056,0.1401420384645462
YPL060W,YAR018C,0,0.98358774,0.17915691435337067,0.3050847351551056,0.1402420699596405
YJL153C,YER184C,0,0.9829184,0.17905208468437195,0.3050847351551056,0.1403421014547348
YGR254W,YNR033W,1,0.98256874,0.17953217029571533,0.30608174204826355,0.1403421014547348
YNL330C,YMR303C,0,0.9820492,0.17942723631858826,0.30608174204826355,0.1404421329498291
YBL017C,YAL025C,0,0.98162866,0.17932243645191193,0.30608174204826355,0.1405421644449234
YEL015W,YBR030W,0,0.98146427,0.17921774089336395,0.30608174204826355,0.1406421959400177
YOR348C,YPR118W,0,0.98119664,0.17911317944526672,0.30608174204826355,0.140742227435112
YML082W,YNL335W,1,0.9807793,0.1795918345451355,0.3070787489414215,0.140742227435112
YBR084W,YBR164C,0,0.98054075,0.1794871836900711,0.3070787489414215,0.1408422589302063
YNL207W,YCR010C,0,0.9800217,0.17938263714313507,0.3070787489414215,0.1409422755241394
YJR104C,YKR105C,0,0.9795873,0.17927822470664978,0.3070787489414215,0.1410423070192337
YER096W,YJL062W,0,0.97915983,0.17917393147945404,0.3070787489414215,0.141142338514328
YDR111C,YOR393W,1,0.97911394,0.1796511560678482,0.30807578563690186,0.141142338514328
YMR256C,YIL126W,0,0.97884953,0.1795467734336853,0.30807578563690186,0.1412423700094223
YLL062C,YDR056C,0,0.9785521,0.17944251000881195,0.30807578563690186,0.1413424015045166
YPR156C,YCL075W,0,0.97730744,0.17933836579322815,0.30807578563690186,0.1414424329996109
YNL311C,YPL154C,0,0.976475,0.1792343407869339,0.30807578563690186,0.1415424644947052
YEL038W,YHR172W,0,0.9757979,0.1791304349899292,0.30807578563690186,0.1416424959897995
YDR069C,YBR207W,0,0.9755678,0.17902664840221405,0.30807578563690186,0.1417425274848938
YBL024W,YGL205W,0,0.97528875,0.17892298102378845,0.30807578563690186,0.1418425589799881
YBR158W,YOR315W,0,0.9752723,0.1788194477558136,0.30807578563690186,0.1419425755739212
YCR009C,YNL015W,0,0.9750862,0.1787160187959671,0.30807578563690186,0.1420426070690155
YNL046W,YKR014C,0,0.97409225,0.17861272394657135,0.30807578563690186,0.1421426385641098
YDR288W,YGR075C,0,0.97402656,0.17850953340530396,0.30807578563690186,0.1422426700592041
YPL091W,YPL143W,0,0.9738617,0.1784064620733261,0.30807578563690186,0.1423427015542984
YDR060W,YGR286C,0,0.97348,0.178303524851799,0.30807578563690186,0.1424427330493927
YER087C-A,YGR189C,0,0.9734044,0.17820069193840027,0.30807578563690186,0.142542764544487
YKR009C,YMR323W,1,0.97314,0.1786743551492691,0.3090727925300598,0.142542764544487
YHL044W,YHR025W,0,0.97174597,0.1785714328289032,0.3090727925300598,0.1426427960395813
YDR046C,YHR067W,0,0.9711206,0.17846862971782684,0.3090727925300598,0.1427428275346756
YER044C,YJL148W,0,0.97098374,0.17836593091487885,0.3090727925300598,0.1428428590297699
YDL067C,YNR041C,0,0.97061837,0.1782633662223816,0.3090727925300598,0.142942875623703
YOL157C,YOL140W,0,0.9704865,0.1781609207391739,0.3090727925300598,0.1430429071187973
YBL075C,YPL206C,0,0.9704535,0.17805859446525574,0.3090727925300598,0.1431429386138916
YGR170W,YGL196W,1,0.97037935,0.17853042483329773,0.3100697994232178,0.1431429386138916
YDR465C,YGR189C,0,0.96992743,0.17842799425125122,0.3100697994232178,0.1432429701089859
YGL222C,YLR048W,0,0.96946526,0.17832568287849426,0.3100697994232178,0.1433430016040802
YNR061C,YHL032C,0,0.968536,0.17822349071502686,0.3100697994232178,0.1434430330991745
YPL258C,YNL115C,0,0.9678514,0.178121417760849,0.3100697994232178,0.1435430645942688
YMR290C,YOR326W,0,0.9669905,0.1780194640159607,0.3100697994232178,0.1436430960893631
YDR166C,YGR279C,0,0.96672714,0.17791761457920074,0.3100697994232178,0.1437431275844574
YDR481C,YMR043W,0,0.9661392,0.17781589925289154,0.3100697994232178,0.1438431590795517
YBR092C,YGL185C,0,0.96543443,0.1777142882347107,0.3100697994232178,0.1439431756734848
YDR120C,YDR031W,0,0.9652004,0.1776127964258194,0.3100697994232178,0.1440432071685791
YLR439W,YNR045W,0,0.9649284,0.17751140892505646,0.3100697994232178,0.1441432386636734
YPL089C,YIR037W,0,0.9647696,0.17741015553474426,0.3100697994232178,0.1442432701587677
YMR006C,YMR004W,0,0.9632573,0.17730900645256042,0.3100697994232178,0.144343301653862
YBR048W,YNR070W,0,0.96325254,0.17720797657966614,0.3100697994232178,0.1444433331489563
YOR347C,YOR228C,0,0.9624131,0.1771070659160614,0.3100697994232178,0.1445433646440506
YNL112W,YNL217W,0,0.96119165,0.17700625956058502,0.3100697994232178,0.1446433961391449
YPL095C,YNL339C,0,0.9608619,0.1769055724143982,0.3100697994232178,0.1447434276342392
YML116W,YIL171W,0,0.96086156,0.17680500447750092,0.3100697994232178,0.1448434591293335
YFR003C,YDR096W,0,0.9605217,0.176704540848732,0.3100697994232178,0.1449434757232666
YAL008W,YER180C,0,0.9593804,0.17660419642925262,0.3100697994232178,0.1450435072183609
YOL139C,YIL111W,0,0.9593706,0.1765039712190628,0.3100697994232178,0.1451435387134552
YLR134W,YPL262W,1,0.95883,0.17697107791900635,0.31106680631637573,0.1451435387134552
YER113C,YPL026C,0,0.9571314,0.17687074840068817,0.31106680631637573,0.1452435702085495
YJL097W,YJL060W,1,0.9557346,0.17733711004257202,0.3120638132095337,0.1452435702085495
YMR142C,YOR067C,0,0.9553349,0.17723669111728668,0.3120638132095337,0.1453436017036438
YOL100W,YFL039C,0,0.955246,0.1771363914012909,0.3120638132095337,0.1454436331987381
YPR063C,YFR015C,0,0.9551853,0.17703619599342346,0.3120638132095337,0.1455436646938324
YLR370C,YFL036W,0,0.95325303,0.17693611979484558,0.3120638132095337,0.1456436961889267
YOL138C,YER056C-A,0,0.9523939,0.17683616280555725,0.3120638132095337,0.145743727684021
YHR025W,YNR070W,0,0.9519093,0.17673631012439728,0.3120638132095337,0.1458437591791153
YGR169C,YEL046C,1,0.951149,0.17720089852809906,0.31306082010269165,0.1458437591791153
YMR188C,YKL181W,0,0.950999,0.17710095643997192,0.31306082010269165,0.1459437757730484
YGR159C,YLR446W,0,0.9506185,0.17700113356113434,0.31306082010269165,0.1460438072681427
YJR097W,YHR136C,0,0.9504316,0.1769014149904251,0.31306082010269165,0.146143838763237
YJR015W,YDR046C,0,0.9496249,0.17680180072784424,0.31306082010269165,0.1462438702583313
YJL056C,YNL101W,0,0.94958544,0.17670230567455292,0.31306082010269165,0.1463439017534256
YBL103C,YGR008C,0,0.94869435,0.17660292983055115,0.31306082010269165,0.1464439332485199
YGL120C,YDR436W,0,0.94837165,0.17650365829467773,0.31306082010269165,0.1465439647436142
YHR105W,YPR122W,0,0.94828796,0.17640449106693268,0.31306082010269165,0.1466439962387085
YBR036C,YBL075C,0,0.94817364,0.17630544304847717,0.31306082010269165,0.1467440277338028
YNR016C,YPR019W,0,0.94796884,0.17620651423931122,0.31306082010269165,0.1468440592288971
YOR393W,YEL046C,1,0.94788766,0.17666853964328766,0.3140578269958496,0.1468440592288971
YOL125W,YHR136C,0,0.94785154,0.17656950652599335,0.3140578269958496,0.1469440758228302
YCR098C,YGR061C,0,0.94762874,0.1764705926179886,0.3140578269958496,0.1470441073179245
YIL039W,YPR054W,0,0.946702,0.17637178301811218,0.3140578269958496,0.1471441388130188
YMR250W,YOR176W,1,0.946697,0.1768326759338379,0.31505483388900757,0.1471441388130188
YPL019C,YJL136C,0,0.9449564,0.17673377692699432,0.31505483388900757,0.1472441703081131
YGR263C,YGR006W,0,0.9448626,0.1766349971294403,0.31505483388900757,0.1473442018032074
YOR043W,YOR233W,0,0.9448401,0.17653630673885345,0.31505483388900757,0.1474442332983017
YBR267W,YNL306W,0,0.94482803,0.17643775045871735,0.31505483388900757,0.147544264793396
YMR070W,YER110C,0,0.94441473,0.1763392835855484,0.31505483388900757,0.1476442962884903
YER090W,YJL200C,1,0.9443079,0.17679865658283234,0.3160518407821655,0.1476442962884903
YNL210W,YIL111W,0,0.9441786,0.17670011520385742,0.3160518407821655,0.1477443277835846
YNL218W,YGR189C,0,0.94387245,0.17660167813301086,0.3160518407821655,0.1478443592786789
YGL157W,YAL025C,0,0.9430616,0.17650334537029266,0.3160518407821655,0.147944375872612
YOR174W,YOR374W,0,0.94257,0.17640511691570282,0.3160518407821655,0.1480444073677063
YPR005C,YOR369C,0,0.94191897,0.17630700767040253,0.3160518407821655,0.1481444388628006
YGL249W,YLR099C,0,0.941468,0.1762090027332306,0.3160518407821655,0.1482444703578949
YDR342C,YPR019W,0,0.94126236,0.1761111170053482,0.3160518407821655,0.1483445018529892
YMR036C,YPL019C,0,0.94121027,0.17601332068443298,0.3160518407821655,0.1484445333480835
YLR459W,YDR077W,0,0.9409102,0.1759156435728073,0.3160518407821655,0.1485445648431778
YNL218W,YCR098C,0,0.9408591,0.1758180856704712,0.3160518407821655,0.1486445963382721
YMR302C,YHR171W,0,0.940819,0.17572061717510223,0.3160518407821655,0.1487446278333664
YIR014W,YLR385C,0,0.9403763,0.17562326788902283,0.3160518407821655,0.1488446593284607
YAL043C,YIL136W,0,0.94013,0.17552602291107178,0.3160518407821655,0.148944690823555
YFL044C,YDL095W,0,0.93940735,0.17542888224124908,0.3160518407821655,0.1490447074174881
YJR134C,YJL056C,0,0.93887925,0.17533186078071594,0.3160518407821655,0.1491447389125824
YDR242W,YPL060W,0,0.938753,0.17523494362831116,0.3160518407821655,0.1492447704076767
YBR035C,YBL020W,0,0.9379709,0.17513811588287354,0.3160518407821655,0.149344801902771
YHR027C,YPL177C,0,0.93787956,0.17504140734672546,0.3160518407821655,0.1494448333978653
YML129C,YDL195W,0,0.9368334,0.17494481801986694,0.3160518407821655,0.1495448648929596
YDR533C,YLR446W,0,0.9367403,0.17484831809997559,0.3160518407821655,0.1496448963880539
YOL100W,YLR357W,0,0.9366305,0.17475192248821259,0.3160518407821655,0.1497449278831482
YMR023C,YDR047W,0,0.93636835,0.17465564608573914,0.3160518407821655,0.1498449593782425
YNL212W,YKL195W,0,0.9358492,0.17455947399139404,0.3160518407821655,0.1499449908733368
YDR436W,YDR055W,0,0.9354365,0.1744634062051773,0.3160518407821655,0.1500450074672699
YMR256C,YDR252W,0,0.934752,0.17436744272708893,0.3160518407821655,0.1501450389623642
YGL211W,YDR055W,0,0.93444276,0.1742715835571289,0.3160518407821655,0.1502450704574585
YMR016C,YKL212W,0,0.934425,0.17417582869529724,0.3160518407821655,0.1503451019525528
YDR118W,YER106W,0,0.93420553,0.17408017814159393,0.3160518407821655,0.1504451334476471
YHR116W,YPR042C,0,0.93419254,0.17398463189601898,0.3160518407821655,0.1505451649427414
YKL109W,YKR104W,0,0.934095,0.1738891899585724,0.3160518407821655,0.1506451964378357
YMR256C,YGR006W,0,0.9338267,0.17379385232925415,0.3160518407821655,0.15074522793293
YDR487C,YNL115C,0,0.9334047,0.17369863390922546,0.3160518407821655,0.1508452594280243
YOL105C,YNL244C,0,0.9328762,0.17360350489616394,0.3160518407821655,0.1509452909231186
YLR175W,YER065C,1,0.93263924,0.17405582964420319,0.3170488476753235,0.1509452909231186
YLR304C,YKL218C,1,0.93261147,0.17450766265392303,0.31804585456848145,0.1509452909231186
YDR347W,YGR124W,0,0.9325576,0.17441225051879883,0.31804585456848145,0.1510453075170517
YOR116C,YNL077W,0,0.93217885,0.17431694269180298,0.31804585456848145,0.151145339012146
YPR002W,YJL060W,1,0.9319302,0.1747678816318512,0.3190428614616394,0.151145339012146
YKR097W,YAL012W,1,0.9315456,0.1752183437347412,0.32003986835479736,0.151145339012146
YDL166C,YJL221C,0,0.93151665,0.17512275278568268,0.32003986835479736,0.1512453705072403
YPR098C,YNL301C,0,0.93010986,0.1750272661447525,0.32003986835479736,0.1513454020023346
YGL161C,YGL168W,0,0.9295893,0.17493188381195068,0.32003986835479736,0.1514454334974289
YOR337W,YGR037C,0,0.92902946,0.17483660578727722,0.32003986835479736,0.1515454649925232
YHL018W,YFL061W,1,0.92898846,0.17528578639030457,0.3210368752479553,0.1515454649925232
YJL052W,YPR070W,0,0.92883945,0.17519041895866394,0.3210368752479553,0.1516454964876175
YOR096W,YGL084C,0,0.9277493,0.17509515583515167,0.3210368752479553,0.1517455279827118
YGR047C,YOR381W,0,0.9272443,0.17499999701976776,0.3210368752479553,0.1518455594778061
YBL022C,YNL135C,0,0.92577493,0.1749049425125122,0.3210368752479553,0.1519455909729004
YNL306W,YJR075W,0,0.9257009,0.174809992313385,0.3210368752479553,0.1520456075668335
YMR303C,YFL037W,0,0.92527676,0.17471513152122498,0.3210368752479553,0.1521456390619278
YGL148W,YFL061W,1,0.92377985,0.1751626878976822,0.32203391194343567,0.1521456390619278
YBL078C,YMR303C,0,0.9232929,0.1750677525997162,0.32203391194343567,0.1522456705570221
YER086W,YPR002W,1,0.9231659,0.17551462352275848,0.32303091883659363,0.1522456705570221
YDL210W,YER106W,0,0.9231248,0.17541959881782532,0.32303091883659363,0.1523457020521164
YJR010C-A,YPL214C,0,0.92271423,0.1753246784210205,0.32303091883659363,0.1524457335472107
YHR186C,YGR189C,0,0.9226036,0.17522984743118286,0.32303091883659363,0.152545765042305
YDR536W,YGR124W,0,0.92249084,0.17513513565063477,0.32303091883659363,0.1526457965373993
YFL029C,YOR092W,0,0.9221916,0.17504051327705383,0.32303091883659363,0.1527458280324936
YNL185C,YLR246W,0,0.9215498,0.17494601011276245,0.32303091883659363,0.1528458595275879
YMR088C,YPR070W,0,0.92143154,0.17485159635543823,0.32303091883659363,0.1529458910226822
YPL123C,YJL200C,1,0.9211447,0.17529664933681488,0.3240279257297516,0.1529458910226822
YGL026C,YOR054C,1,0.9198415,0.17574124038219452,0.32502493262290955,0.1529458910226822
YPL159C,YDL112W,0,0.91961837,0.1756465584039688,0.32502493262290955,0.1530459076166153
YPL148C,YHR046C,0,0.9194552,0.17555196583271027,0.32502493262290955,0.1531459391117096
YPL186C,YLL035W,0,0.9192002,0.17545747756958008,0.32502493262290955,0.1532459706068039
YKL056C,YMR311C,0,0.9188962,0.17536309361457825,0.32502493262290955,0.1533460021018982
YGR008C,YMR150C,0,0.9183762,0.17526881396770477,0.32502493262290955,0.1534460335969925
YER065C,YDR047W,1,0.9183742,0.175711989402771,0.3260219395160675,0.1534460335969925
YKR090W,YBL039C,0,0.91795206,0.17561762034893036,0.3260219395160675,0.1535460650920868
YCR009C,YIL125W,0,0.91781044,0.17552335560321808,0.3260219395160675,0.1536460965871811
YLL050C,YER082C,0,0.91774094,0.17542918026447296,0.3260219395160675,0.1537461280822754
YMR056C,YCR092C,0,0.9172962,0.1753351241350174,0.3260219395160675,0.1538461595773697
YOR167C,YJL056C,0,0.9165336,0.175241157412529,0.3260219395160675,0.153946191072464
YOR037W,YGL157W,0,0.9164195,0.17514729499816895,0.3260219395160675,0.1540462076663971
YDR329C,YKL021C,0,0.9164188,0.17505353689193726,0.3260219395160675,0.1541462391614914
YDR038C,YJL052W,0,0.91618466,0.17495986819267273,0.3260219395160675,0.1542462706565857
YFR015C,YGR154C,0,0.9160478,0.17486630380153656,0.3260219395160675,0.15434630215168
YDR481C,YDR313C,0,0.91575,0.17477284371852875,0.3260219395160675,0.1544463336467743
YGR063C,YGR220C,0,0.91526866,0.1746794879436493,0.3260219395160675,0.1545463651418686
YPL258C,YPR016C,0,0.91517425,0.174586221575737,0.3260219395160675,0.1546463966369629
YER088C,YIL125W,0,0.9148954,0.17449305951595306,0.3260219395160675,0.1547464281320572
YER088C,YBR084W,0,0.91460454,0.17440000176429749,0.3260219395160675,0.1548464596271515
YNL292W,YDL130W-A,0,0.91440225,0.17430703341960907,0.3260219395160675,0.1549464911222458
YKL182W,YNL256W,1,0.9143028,0.17474693059921265,0.32701894640922546,0.1549464911222458
YDL060W,YMR311C,0,0.913918,0.17465388774871826,0.32701894640922546,0.1550465077161789
YOR393W,YGL148W,1,0.91387296,0.1750931292772293,0.3280159533023834,0.1550465077161789
YKR094C,YJL090C,0,0.9137726,0.17499999701976776,0.3280159533023834,0.1551465392112732
YDR448W,YGL191W,0,0.9131707,0.17490696907043457,0.3280159533023834,0.1552465707063675
YMR316W,YIL171W,0,0.913082,0.17481403052806854,0.3280159533023834,0.1553466022014618
YML106W,YDR265W,0,0.9129442,0.17472119629383087,0.3280159533023834,0.1554466336965561
YPL155C,YAL012W,0,0.9123316,0.17462845146656036,0.3280159533023834,0.1555466651916504
YJL170C,YMR217W,0,0.91214013,0.1745358109474182,0.3280159533023834,0.1556466966867447
YJL041W,YAR018C,0,0.91083276,0.17444325983524323,0.3280159533023834,0.155746728181839
YLR304C,YDR003W,0,0.9108219,0.1743508279323578,0.3280159533023834,0.1558467596769333
YBL078C,YDR329C,0,0.91064394,0.17425847053527832,0.3280159533023834,0.1559467911720276
YCR037C,YGR194C,0,0.91007483,0.1741662323474884,0.3280159533023834,0.1560468077659607
YOL003C,YIL072W,0,0.90836716,0.17407406866550446,0.3280159533023834,0.156146839261055
YMR323W,YKL218C,1,0.908308,0.17451083660125732,0.3290129601955414,0.156146839261055
YOR201C,YIR015W,0,0.908172,0.1744185984134674,0.3290129601955414,0.1562468707561493
YLR170C,YHR064C,0,0.9081303,0.17432646453380585,0.3290129601955414,0.1563469022512436
YOR384W,YDR503C,0,0.907946,0.17423442006111145,0.3290129601955414,0.1564469337463379
YDR510W,YCL050C,0,0.9078529,0.1741424798965454,0.3290129601955414,0.1565469652414322
YMR290C,YMR163C,0,0.9075973,0.17405062913894653,0.3290129601955414,0.1566469967365265
YKR058W,YGR001C,0,0.9073789,0.173958882689476,0.3290129601955414,0.1567470282316208
YKL088W,YMR250W,1,0.90676045,0.17439410090446472,0.33000996708869934,0.1567470282316208
YGR263C,YER091C,0,0.90673554,0.17430226504802704,0.33000996708869934,0.1568470597267151
YGR254W,YEL021W,1,0.9065285,0.1747368425130844,0.3310069739818573,0.1568470597267151
YGL089C,YCL050C,0,0.90648174,0.17464491724967957,0.3310069739818573,0.1569470912218094
YDL136W,YNR050C,0,0.9058721,0.17455309629440308,0.3310069739818573,0.1570471078157425
YMR235C,YBR175W,0,0.9058144,0.17446137964725494,0.3310069739818573,0.1571471393108368
YLR371W,YDL130W-A,0,0.9057126,0.17436975240707397,0.3310069739818573,0.1572471708059311
YML034W,YNL268W,0,0.9056983,0.17427821457386017,0.3310069739818573,0.1573472023010254
YDR315C,YHL016C,0,0.9053476,0.17418678104877472,0.3310069739818573,0.1574472337961197
YJR016C,YLR158C,0,0.9050549,0.17409543693065643,0.3310069739818573,0.157547265291214
YDR238C,YER096W,0,0.9048312,0.1740041971206665,0.3310069739818573,0.1576472967863083
YGR169C,YOR393W,1,0.90398765,0.17443688213825226,0.33200398087501526,0.1576472967863083
YBL030C,YPR031W,0,0.903039,0.17434555292129517,0.33200398087501526,0.1577473282814026
YBR001C,YDR011W,0,0.9022902,0.17425431311130524,0.33200398087501526,0.1578473597764969
YNL248C,YKR097W,0,0.9014027,0.17416317760944366,0.33200398087501526,0.1579473912715912
YER131W,YKL195W,0,0.90061665,0.17407213151454926,0.33200398087501526,0.1580474078655243
YLR371W,YDL060W,0,0.8995068,0.1739811897277832,0.33200398087501526,0.1581474393606186
YML012W,YIL101C,0,0.89941597,0.17389033734798431,0.33200398087501526,0.1582474708557129
YFR032C-A,YPR108W,0,0.8989358,0.17379958927631378,0.33200398087501526,0.1583475023508072
YDR487C,YNL256W,1,0.89880157,0.17423057556152344,0.3330009877681732,0.1583475023508072
YDL130W-A,YLR010C,0,0.8985615,0.17413972318172455,0.3330009877681732,0.1584475338459015
YDR533C,YMR026C,0,0.8985143,0.1740489900112152,0.3330009877681732,0.1585475653409958
YGL123W,YOL109W,0,0.898337,0.17395833134651184,0.3330009877681732,0.1586475968360901
YAL020C,YMR163C,0,0.89819455,0.17386777698993683,0.3330009877681732,0.1587476283311844
YKR097W,YPL281C,1,0.89764917,0.17429760098457336,0.3339979946613312,0.1587476283311844
YPL231W,YOR036W,0,0.8972806,0.17420697212219238,0.3339979946613312,0.1588476598262787
YNL046W,YGR006W,0,0.8969338,0.17411641776561737,0.3339979946613312,0.15894769132137299
YBR267W,YCR077C,0,0.89689016,0.17402596771717072,0.3339979946613312,0.1590477079153061
YDR236C,YPR047W,0,0.89645326,0.17393562197685242,0.3339979946613312,0.1591477394104004
YJL129C,YOR046C,0,0.8962357,0.1738453507423401,0.3339979946613312,0.1592477709054947
YDR247W,YOR070C,0,0.8959737,0.17375518381595612,0.3339979946613312,0.159347802400589
YLR126C,YGR279C,0,0.89523184,0.1736651062965393,0.3339979946613312,0.1594478338956833
YIL039W,YML070W,0,0.8952036,0.17357513308525085,0.3339979946613312,0.1595478653907776
YOR384W,YBR267W,0,0.8951149,0.17348523437976837,0.3339979946613312,0.1596478968858719
YGL119W,YOL072W,0,0.89509344,0.17339543998241425,0.3339979946613312,0.1597479283809662
YJR016C,YJL005W,1,0.89442587,0.17382307350635529,0.33499500155448914,0.1597479283809662
YMR282C,YPR016C,0,0.8942727,0.173733189702034,0.33499500155448914,0.15984795987606049
YGL173C,YBR092C,0,0.89410365,0.17364341020584106,0.33499500155448914,0.15994799137115479
YHR186C,YOR092W,0,0.8933692,0.1735537201166153,0.33499500155448914,0.1600480079650879
YNL001W,YPR122W,0,0.89325047,0.1734641194343567,0.33499500155448914,0.1601480394601822
YAL053W,YLR356W,0,0.8931396,0.17337460815906525,0.33499500155448914,0.1602480709552765
YDR014W,YML087C,0,0.89298654,0.17328520119190216,0.33499500155448914,0.1603481024503708
YMR256C,YGL106W,0,0.89224076,0.17319588363170624,0.33499500155448914,0.1604481339454651
YBR185C,YAL025C,0,0.8921714,0.17310664057731628,0.33499500155448914,0.1605481654405594
YML018C,YPL149W,0,0.8920615,0.1730175018310547,0.33499500155448914,0.1606481969356537
YEL016C,YGR189C,0,0.8917432,0.17292846739292145,0.33499500155448914,0.16074822843074799
YDR326C,YEL002C,0,0.89094436,0.17283950746059418,0.33499500155448914,0.16084825992584229
YGR169C,YPL281C,1,0.8909278,0.1732647866010666,0.3359920382499695,0.16084825992584229
YPL028W,YJL056C,0,0.8905337,0.17317575216293335,0.3359920382499695,0.16094829142093658
YLR343W,YAL062W,0,0.8901582,0.17308680713176727,0.3359920382499695,0.1610483080148697
YIL168W,YPL262W,1,0.889228,0.1735112965106964,0.33698904514312744,0.1610483080148697
YNR050C,YPL155C,0,0.88904405,0.17342226207256317,0.33698904514312744,0.161148339509964
YPL157W,YER070W,0,0.8881011,0.1733333319425583,0.33698904514312744,0.1612483710050583
YDR536W,YDR126W,0,0.8877294,0.17324449121952057,0.33698904514312744,0.1613484025001526
YGR156W,YLR327C,0,0.8876803,0.17315573990345,0.33698904514312744,0.1614484339952469
YOL077C,YBR040W,0,0.88764083,0.17306707799434662,0.33698904514312744,0.1615484654903412
YJL080C,YGR135W,0,0.88760805,0.1729785054922104,0.33698904514312744,0.16164849698543549
YOR393W,YJL060W,1,0.8875952,0.17340153455734253,0.3379860520362854,0.16164849698543549
YOR202W,YGL009C,1,0.8873826,0.17382413148880005,0.33898305892944336,0.16164849698543549
YHR171W,YNL112W,0,0.88671744,0.17373530566692352,0.33898305892944336,0.16174852848052979
YOR167C,YCL069W,0,0.8866472,0.17364658415317535,0.33898305892944336,0.16184855997562408
YGR106C,YOR270C,0,0.8864335,0.17355793714523315,0.33898305892944336,0.16194859147071838
YNL077W,YIL111W,0,0.88606143,0.1734693944454193,0.33898305892944336,0.1620486080646515
YDR531W,YLR121C,0,0.88595843,0.17338092625141144,0.33898305892944336,0.1621486395597458
YDR495C,YPL092W,0,0.8858881,0.17329256236553192,0.33898305892944336,0.1622486710548401
YOL064C,YNL289W,0,0.8854792,0.17320427298545837,0.33898305892944336,0.1623487025499344
YJR010C-A,YLR038C,0,0.884179,0.17311608791351318,0.33898305892944336,0.1624487340450287
YLL062C,YLR357W,0,0.88377094,0.17302799224853516,0.33898305892944336,0.16254876554012299
YAL044C,YOR217W,0,0.88344157,0.1729399859905243,0.33898305892944336,0.16264879703521729
YGR156W,YKL024C,0,0.8833599,0.1728520542383194,0.33898305892944336,0.16274882853031158
YDR503C,YNL213C,0,0.8832501,0.17276422679424286,0.33898305892944336,0.16284886002540588
YJL046W,YMR256C,0,0.8823801,0.17267648875713348,0.33898305892944336,0.16294889152050018
YER174C,YDR054C,0,0.881577,0.17258882522583008,0.33898305892944336,0.1630489081144333
YHR076W,YBR241C,0,0.8810029,0.17250126600265503,0.33898305892944336,0.1631489396095276
YJL157C,YDL008W,0,0.880388,0.17241379618644714,0.33898305892944336,0.1632489711046219
YBL054W,YKL195W,0,0.880028,0.17232640087604523,0.33898305892944336,0.1633490025997162
YJL219W,YNL339C,0,0.87944317,0.17223910987377167,0.33898305892944336,0.16344903409481049
YDL110C,YER106W,0,0.8787333,0.17215189337730408,0.33898305892944336,0.16354906558990479
YDL019C,YOR039W,0,0.878626,0.17206478118896484,0.33898305892944336,0.16364909708499908
YLR170C,YCR047C,0,0.8781922,0.17197774350643158,0.33898305892944336,0.16374912858009338
YJL190C,YLL035W,0,0.87794054,0.17189079523086548,0.33898305892944336,0.16384916007518768
YBR041W,YML125C,0,0.87657964,0.17180393636226654,0.33898305892944336,0.16394919157028198
YAR018C,YCL031C,0,0.8759563,0.17171716690063477,0.33898305892944336,0.1640492081642151
YGL089C,YBR036C,0,0.87568235,0.17163048684597015,0.33898305892944336,0.1641492396593094
YML060W,YGR254W,1,0.8750758,0.1720484346151352,0.3399800658226013,0.1641492396593094
YMR166C,YNR041C,0,0.8749075,0.1719616800546646,0.3399800658226013,0.1642492711544037
YNL217W,YGR189C,0,0.87489533,0.171875,0.3399800658226013,0.16434930264949799
YMR289W,YMR250W,1,0.8744781,0.17229218780994415,0.3409770727157593,0.16434930264949799
YMR281W,YIL136W,0,0.8736913,0.17220543324947357,0.3409770727157593,0.16444933414459229
YGR162W,YDL130W-A,0,0.8736727,0.17211876809597015,0.3409770727157593,0.16454936563968658
YIL070C,YHR028C,0,0.87352586,0.1720321923494339,0.3409770727157593,0.16464939713478088
YKL088W,YDL067C,0,0.8718771,0.1719457060098648,0.3409770727157593,0.16474942862987518
YDR134C,YPL090C,0,0.8718716,0.17185929417610168,0.3409770727157593,0.16484946012496948
YER087C-A,YBL021C,0,0.8718591,0.17177297174930573,0.3409770727157593,0.16494949162006378
YCL027W,YPL153C,0,0.8714725,0.17168675363063812,0.3409770727157593,0.1650495082139969
YNL128W,YGL222C,0,0.86981106,0.1716005951166153,0.3409770727157593,0.1651495397090912
YAL012W,YDR234W,1,0.86979914,0.17201605439186096,0.34197407960891724,0.1651495397090912
YLR214W,YNL146W,0,0.86963534,0.17192982137203217,0.34197407960891724,0.16524957120418549
YBR022W,YDR055W,0,0.8695736,0.17184369266033173,0.34197407960891724,0.16534960269927979
YLR304C,YGR014W,0,0.86929464,0.17175763845443726,0.34197407960891724,0.16544963419437408
YLR097C,YHL016C,0,0.86921084,0.17167167365550995,0.34197407960891724,0.16554966568946838
YGL148W,YNL335W,1,0.8689543,0.17208604514598846,0.3429710865020752,0.16554966568946838
YKL211C,YNL335W,1,0.86847043,0.17249999940395355,0.34396809339523315,0.16554966568946838
YLR356W,YDR387C,0,0.8680215,0.17241379618644714,0.34396809339523315,0.16564969718456268
YKL114C,YNL335W,1,0.8678833,0.17282716929912567,0.3449651002883911,0.16564969718456268
YGL205W,YDL109C,0,0.86786747,0.1727408915758133,0.3449651002883911,0.16574972867965698
YFR008W,YPL092W,0,0.86718583,0.17265468835830688,0.3449651002883911,0.16584976017475128
YGL137W,YLR097C,0,0.86712253,0.17256857454776764,0.3449651002883911,0.16594979166984558
YML106W,YDR418W,0,0.8664346,0.17248255014419556,0.3449651002883911,0.1660498082637787
YDL137W,YBR024W,0,0.86634386,0.17239661514759064,0.3449651002883911,0.16614983975887299
YLR109W,YDR101C,0,0.86622775,0.1723107546567917,0.3449651002883911,0.16624987125396729
YMR088C,YJL073W,0,0.8662095,0.1722249835729599,0.3449651002883911,0.16634990274906158
YGL232W,YKL178C,0,0.8647344,0.17213930189609528,0.3449651002883911,0.16644993424415588
YLL062C,YOL019W,0,0.8646569,0.17205370962619781,0.3449651002883911,0.16654996573925018
YLR106C,YDL180W,0,0.8643875,0.17196819186210632,0.3449651002883911,0.16664999723434448
YBL019W,YDL036C,1,0.8639531,0.1723795384168625,0.3459621071815491,0.16664999723434448
YCR040W,YER053C,0,0.86376,0.17229394614696503,0.3459621071815491,0.16675002872943878
YPL177C,YBL055C,0,0.8637526,0.17220844328403473,0.3459621071815491,0.16685006022453308
YAL020C,YGL059W,0,0.8627087,0.1721230149269104,0.3459621071815491,0.16695009171962738
YOR228C,YGR006W,0,0.86235714,0.17203767597675323,0.3459621071815491,0.16705010831356049
YLR100W,YML081C-A,0,0.8619771,0.17195242643356323,0.3459621071815491,0.16715013980865479
YPL090C,YPL028W,0,0.86169696,0.1718672662973404,0.3459621071815491,0.16725017130374908
YLR134W,YHR112C,1,0.8616338,0.17227722704410553,0.34695911407470703,0.16725017130374908
YDR251W,YBR035C,0,0.8614924,0.17219197750091553,0.34695911407470703,0.16735020279884338
YBR248C,YLR304C,1,0.8600671,0.1726013869047165,0.347956120967865,0.16735020279884338
YNL330C,YPL111W,0,0.85964847,0.17251606285572052,0.347956120967865,0.16745023429393768
YBL023C,YER106W,0,0.8593507,0.1724308282136917,0.347956120967865,0.16755026578903198
YEL038W,YLR040C,0,0.858963,0.17234568297863007,0.347956120967865,0.16765029728412628
YIL160C,YLR433C,0,0.8586954,0.1722606122493744,0.347956120967865,0.16775032877922058
YOR347C,YER030W,0,0.85842407,0.17217563092708588,0.347956120967865,0.16785036027431488
YPL281C,YLR172C,0,0.8582628,0.17209072411060333,0.347956120967865,0.16795039176940918
YIL111W,YOL007C,0,0.8579557,0.17200592160224915,0.347956120967865,0.16805040836334229
YLR008C,YOR039W,0,0.85749483,0.17192117869853973,0.347956120967865,0.16815043985843658
YPL059W,YGL059W,0,0.8569796,0.17183654010295868,0.347956120967865,0.16825047135353088
YNL331C,YLL001W,0,0.8567489,0.1717519611120224,0.347956120967865,0.16835050284862518
YLR097C,YBL010C,0,0.8566416,0.17166748642921448,0.347956120967865,0.16845053434371948
YPL206C,YNR016C,0,0.85655296,0.17158308625221252,0.347956120967865,0.16855056583881378
YGL196W,YGL148W,1,0.85634583,0.17199017107486725,0.34895312786102295,0.16855056583881378
YHR160C,YHR129C,0,0.85603607,0.17190569639205933,0.34895312786102295,0.16865059733390808
YFR015C,YDR118W,0,0.8554535,0.17182131111621857,0.34895312786102295,0.16875062882900238
YBL039C,YKR048C,0,0.85462964,0.17173700034618378,0.34895312786102295,0.16885066032409668
YNL310C,YNL339C,0,0.8544484,0.17165276408195496,0.34895312786102295,0.16895069181919098
YKR048C,YAL012W,0,0.854254,0.1715686321258545,0.34895312786102295,0.16905070841312408
YDR487C,YDR234W,1,0.8532263,0.1719745248556137,0.3499501347541809,0.16905070841312408
YDR536W,YBR048W,0,0.853096,0.17189030349254608,0.3499501347541809,0.16915073990821838
YMR142C,YHR136C,0,0.85249275,0.17180617153644562,0.3499501347541809,0.16925077140331268
YNL007C,YPL172C,0,0.8522679,0.17172211408615112,0.3499501347541809,0.16935080289840698
YDR294C,YGL148W,1,0.8521015,0.1721271425485611,0.35094717144966125,0.16935080289840698
YNL242W,YNL162W,0,0.8519828,0.17204301059246063,0.35094717144966125,0.16945083439350128
YOR278W,YDL036C,1,0.8517836,0.17244748771190643,0.3519441783428192,0.16945083439350128
YDR052C,YPL019C,0,0.8511344,0.17236328125,0.3519441783428192,0.16955086588859558
YNL217W,YPR031W,0,0.84858644,0.17227916419506073,0.3519441783428192,0.16965089738368988
YDR265W,YHR140W,0,0.84856594,0.17219512164592743,0.3519441783428192,0.16975092887878418
YMR297W,YLR356W,0,0.84767574,0.1721111685037613,0.3519441783428192,0.16985096037387848
YLR419W,YDR169C,0,0.84723246,0.17202728986740112,0.3519441783428192,0.16995099186897278
YBR123C,YDL130W-A,0,0.8467462,0.17194350063800812,0.3519441783428192,0.17005100846290588
YPL148C,YMR316W,0,0.84652305,0.17185978591442108,0.3519441783428192,0.17015103995800018
YLR134W,YGR001C,0,0.84532815,0.1717761605978012,0.3519441783428192,0.17025107145309448
YML082W,YJL005W,1,0.8451554,0.1721789836883545,0.3529411852359772,0.17025107145309448
YNL049C,YJL101C,0,0.8447441,0.17209528386592865,0.3529411852359772,0.17035110294818878
YBL030C,YLL001W,0,0.842443,0.17201165854930878,0.3529411852359772,0.17045113444328308
YPR036W,YKR009C,0,0.8422901,0.17192812263965607,0.3529411852359772,0.17055116593837738
YBR286W,YBR009C,0,0.84183234,0.17184466123580933,0.3529411852359772,0.17065119743347168
YLR286C,YDR400W,0,0.8411697,0.17176127433776855,0.3529411852359772,0.17075122892856598
YOR306C,YMR285C,0,0.84116614,0.17167797684669495,0.3529411852359772,0.17085126042366028
YOL031C,YDR013W,0,0.84102684,0.1715947687625885,0.3529411852359772,0.17095129191875458
YNL311C,YER045C,0,0.84064674,0.17151163518428802,0.3529411852359772,0.17105130851268768
YGL026C,YJL097W,1,0.84061027,0.17191283404827118,0.35393819212913513,0.17105130851268768
YNR043W,YOR054C,1,0.8403767,0.1723136454820633,0.3549351990222931,0.17105130851268768
YDR242W,YLR265C,0,0.8403139,0.1722302883863449,0.3549351990222931,0.17115134000778198
YLR286C,YNL325C,0,0.84010816,0.1721470057964325,0.3549351990222931,0.17125137150287628
YER147C,YGR135W,0,0.83980393,0.17206379771232605,0.3549351990222931,0.17135140299797058
YLR127C,YBR297W,0,0.8393549,0.17198067903518677,0.3549351990222931,0.17145143449306488
YPL271W,YOL149W,0,0.83754945,0.17189763486385345,0.3549351990222931,0.17155146598815918
YGL168W,YIL072W,0,0.8373847,0.1718146651983261,0.3549351990222931,0.17165149748325348
YBR048W,YHL047C,0,0.8371115,0.17173178493976593,0.3549351990222931,0.17175152897834778
YHR140W,YNL213C,0,0.83671665,0.1716489940881729,0.3549351990222931,0.17185156047344208
YLR097C,YGL084C,0,0.8353099,0.17156626284122467,0.3549351990222931,0.17195159196853638
YGL229C,YMR004W,0,0.83507454,0.1714836210012436,0.3549351990222931,0.17205160856246948
YKL212W,YNL119W,0,0.8347329,0.17140105366706848,0.3549351990222931,0.17215164005756378
YMR100W,YNR001C,0,0.8330994,0.17131857573986053,0.3549351990222931,0.17225167155265808
YPR041W,YLR246W,0,0.8319809,0.17123617231845856,0.3549351990222931,0.17235170304775238
YER140W,YDL180W,0,0.83194125,0.17115384340286255,0.3549351990222931,0.17245173454284668
YJL129C,YGR008C,0,0.83170044,0.1710716038942337,0.3549351990222931,0.17255176603794098
YPR156C,YBR058C,0,0.83169365,0.17098943889141083,0.3549351990222931,0.17265179753303528
YGR086C,YCL047C,0,0.83146507,0.17090734839439392,0.3549351990222931,0.17275182902812958
YBL022C,YOL125W,0,0.83116657,0.17082533240318298,0.3549351990222931,0.17285186052322388
YDR033W,YDR330W,0,0.8311501,0.1707434058189392,0.3549351990222931,0.17295189201831818
YLR370C,YBR291C,0,0.8308727,0.1706615537405014,0.3549351990222931,0.17305190861225128
YBR159W,YNR040W,0,0.83079624,0.17057977616786957,0.3549351990222931,0.17315194010734558
YNL162W,YDL184C,0,0.83038574,0.1704980880022049,0.3549351990222931,0.17325197160243988
YLR343W,YPR036W,0,0.8301766,0.1704164743423462,0.3549351990222931,0.17335200309753418
YOR332W,YPL154C,0,0.8294726,0.17033493518829346,0.3549351990222931,0.17345203459262848
YNR043W,YGL026C,1,0.8294517,0.17073170840740204,0.35593220591545105,0.17345203459262848
YAR019C,YPL028W,0,0.82925606,0.17065009474754333,0.35593220591545105,0.17355206608772278
YFR055W,YOL115W,1,0.8290256,0.17104634642601013,0.356929212808609,0.17355206608772278
YDR388W,YPL026C,0,0.8287279,0.17096465826034546,0.356929212808609,0.17365209758281708
YDR265W,YGL249W,0,0.82860875,0.17088305950164795,0.356929212808609,0.17375212907791138
YNL331C,YDR534C,0,0.82853746,0.17080152034759521,0.356929212808609,0.17385216057300568
YGL003C,YBR283C,0,0.8284725,0.17072007060050964,0.356929212808609,0.17395219206809998
YLR359W,YBL019W,1,0.82843626,0.17111535370349884,0.35792621970176697,0.17395219206809998
YBR267W,YCR075C,0,0.82835424,0.1710338294506073,0.35792621970176697,0.17405220866203308
YBR158W,YMR017W,0,0.82809246,0.17095237970352173,0.35792621970176697,0.17415224015712738
YGR061C,YPL092W,0,0.82779986,0.17087101936340332,0.35792621970176697,0.17425227165222168
YPL091W,YML042W,0,0.82763696,0.1707897186279297,0.35792621970176697,0.17435230314731598
YOR063W,YOR057W,0,0.8276197,0.17070850729942322,0.35792621970176697,0.17445233464241028
YAL039C,YGR155W,1,0.82754016,0.17110265791416168,0.3589232265949249,0.17445233464241028
YGL128C,YKL109W,0,0.8265624,0.17102137207984924,0.3589232265949249,0.17455236613750458
YHR161C,YGL157W,0,0.82634586,0.17094017565250397,0.3589232265949249,0.17465239763259888
YJL157C,YJL170C,0,0.8262982,0.17085903882980347,0.3589232265949249,0.17475242912769318
YDR487C,YKL182W,1,0.8258309,0.17125236988067627,0.3599202334880829,0.17475242912769318
YML054C,YBR156C,0,0.8250844,0.171171173453331,0.3599202334880829,0.17485246062278748
YLL062C,YCL069W,0,0.8249851,0.1710900515317917,0.3599202334880829,0.17495249211788177
YJL219W,YPR063C,0,0.8248851,0.17100900411605835,0.3599202334880829,0.17505250871181488
YJL148W,YOR150W,0,0.8242929,0.17092803120613098,0.3599202334880829,0.17515254020690918
YNL101W,YCL050C,0,0.8242172,0.17084713280200958,0.3599202334880829,0.17525257170200348
YGR062C,YOL002C,0,0.82381517,0.17076632380485535,0.3599202334880829,0.17535260319709778
YIL034C,YGL206C,0,0.82325214,0.1706855744123459,0.3599202334880829,0.17545263469219208
YPR006C,YDR047W,1,0.8230489,0.17107750475406647,0.36091724038124084,0.17545263469219208
YHL047C,YPR041W,0,0.8230261,0.17099669575691223,0.36091724038124084,0.17555266618728638
YJL106W,YPL028W,0,0.8223407,0.17091596126556396,0.36091724038124084,0.17565269768238068
YHR101C,YJL221C,0,0.8220777,0.17083530128002167,0.36091724038124084,0.17575272917747498
YFR037C,YAL062W,0,0.8207901,0.17075471580028534,0.36091724038124084,0.17585276067256927
YBL054W,YDR055W,0,0.82059467,0.17067420482635498,0.36091724038124084,0.17595279216766357
YJR033C,YHR070W,0,0.8204226,0.17059378325939178,0.36091724038124084,0.17605280876159668
YMR188C,YER053C,0,0.8203241,0.17051342129707336,0.36091724038124084,0.17615284025669098
YMR130W,YKL143W,0,0.81993914,0.1704331487417221,0.36091724038124084,0.17625287175178528
YKL060C,YNL335W,1,0.81902945,0.17082352936267853,0.3619142472743988,0.17625287175178528
YLR304C,YGL155W,0,0.81892,0.1707431823015213,0.3619142472743988,0.17635290324687958
YFL002W-A,YDR224C,0,0.81835777,0.17066290974617004,0.3619142472743988,0.17645293474197388
YGR026W,YIR036C,0,0.81696916,0.17058271169662476,0.3619142472743988,0.17655296623706818
YKL184W,YGL184C,1,0.8166821,0.1709722876548767,0.36291125416755676,0.17655296623706818
YDR536W,YJL019W,0,0.8160893,0.17089201509952545,0.36291125416755676,0.17665299773216248
YLL011W,YDR421W,0,0.81608844,0.17081183195114136,0.36291125416755676,0.17675302922725677
YBR299W,YBR241C,0,0.8154658,0.17073170840740204,0.36291125416755676,0.17685306072235107
YOR201C,YBL020W,0,0.81538475,0.1706516593694687,0.36291125416755676,0.17695309221744537
YKR097W,YIL168W,1,0.8148022,0.17104029655456543,0.3639082610607147,0.17695309221744537
YJL072C,YDL085W,0,0.81471545,0.1709601879119873,0.3639082610607147,0.17705310881137848
YDR033W,YDR047W,0,0.8146448,0.17088015377521515,0.3639082610607147,0.17715314030647278
YOR356W,YDL095W,0,0.8144747,0.17080019414424896,0.3639082610607147,0.17725317180156708
YDR288W,YNR007C,0,0.8138666,0.17072029411792755,0.3639082610607147,0.17735320329666138
YBR048W,YPL092W,0,0.8134877,0.1706404834985733,0.3639082610607147,0.17745323479175568
YMR128W,YDR096W,0,0.81333256,0.17056074738502502,0.3639082610607147,0.17755326628684998
YDR086C,YJL189W,0,0.81303763,0.17048108577728271,0.3639082610607147,0.17765329778194427
YIL027C,YOR092W,0,0.813024,0.17040149867534637,0.3639082610607147,0.17775332927703857
YLR238W,YLR286C,0,0.8125875,0.1703219711780548,0.3639082610607147,0.17785336077213287
YCR028C,YMR303C,0,0.8124469,0.1702425330877304,0.3639082610607147,0.17795339226722717
YMR100W,YEL065W,0,0.8119997,0.17016316950321198,0.3639082610607147,0.17805340886116028
YPL143W,YPL028W,0,0.8113873,0.1700838804244995,0.3639082610607147,0.17815344035625458
YJL153C,YMR071C,0,0.8113661,0.17000465095043182,0.3639082610607147,0.17825347185134888
YCL064C,YDR127W,1,0.811108,0.17039106786251068,0.36490529775619507,0.17825347185134888
YDR329C,YER113C,0,0.81101024,0.17031177878379822,0.36490529775619507,0.17835350334644318
YNL331C,YLR385C,0,0.8109343,0.17023256421089172,0.36490529775619507,0.17845353484153748
YHR174W,YGL148W,1,0.8108473,0.17061831057071686,0.365902304649353,0.17845353484153748
YHR206W,YPL095C,0,0.81083876,0.1705390363931656,0.365902304649353,0.17855356633663177
YBR036C,YGR191W,0,0.8107939,0.1704598218202591,0.365902304649353,0.17865359783172607
YLR204W,YGR124W,0,0.81044626,0.17038068175315857,0.365902304649353,0.17875362932682037
YGR086C,YPL033C,0,0.8104199,0.1703016310930252,0.365902304649353,0.17885366082191467
YJL101C,YMR045C,0,0.8102494,0.17022264003753662,0.365902304649353,0.17895369231700897
YGL223C,YPL026C,0,0.8097135,0.170143723487854,0.365902304649353,0.17905370891094208
YDL229W,YPL031C,0,0.8096726,0.17006488144397736,0.365902304649353,0.17915374040603638
YGL191W,YPL281C,0,0.80926245,0.16998609900474548,0.365902304649353,0.17925377190113068
YDR376W,YLR099C,0,0.80880225,0.16990740597248077,0.365902304649353,0.17935380339622498
YDL033C,YOR244W,0,0.80871713,0.16982878744602203,0.365902304649353,0.17945383489131927
YOR036W,YDL109C,0,0.80844545,0.16975022852420807,0.365902304649353,0.17955386638641357
YGL229C,YJL158C,0,0.80824864,0.16967175900936127,0.365902304649353,0.17965389788150787
YPL177C,YDR251W,0,0.80824417,0.16959334909915924,0.365902304649353,0.17975392937660217
YNL036W,YPL281C,1,0.80817395,0.16997690498828888,0.366899311542511,0.17975392937660217
YDL146W,YIL124W,0,0.80786705,0.16989843547344208,0.366899311542511,0.17985396087169647
YJR121W,YDR507C,0,0.80697286,0.16982002556324005,0.366899311542511,0.17995399236679077
YLL013C,YDR456W,0,0.80578226,0.169741690158844,0.366899311542511,0.18005400896072388
YIR017C,YDR436W,0,0.805706,0.1696634441614151,0.366899311542511,0.18015404045581818
YGR088W,YLR370C,0,0.8053849,0.16958525776863098,0.366899311542511,0.18025407195091248
YPL022W,YHR161C,0,0.8053708,0.16950714588165283,0.366899311542511,0.18035410344600677
YFR003C,YCR040W,0,0.8052156,0.16942909359931946,0.366899311542511,0.18045413494110107
YOR202W,YLR044C,1,0.8043082,0.16981132328510284,0.36789631843566895,0.18045413494110107
YDR481C,YJL044C,0,0.80419064,0.1697332113981247,0.36789631843566895,0.18055416643619537
YDR011W,YLR246W,0,0.8041896,0.16965517401695251,0.36789631843566895,0.18065419793128967
YDL205C,YDR376W,0,0.8036705,0.1695772111415863,0.36789631843566895,0.18075422942638397
YML106W,YDR400W,0,0.80334496,0.16949930787086487,0.36789631843566895,0.18085426092147827
YMR036C,YMR303C,0,0.8018223,0.1694214940071106,0.36789631843566895,0.18095429241657257
YJL157C,YKL108W,0,0.8016758,0.1693437397480011,0.36789631843566895,0.18105430901050568
YMR006C,YDL051W,0,0.8016504,0.16926605999469757,0.36789631843566895,0.18115434050559998
YNL046W,YJR016C,0,0.80116814,0.16918843984603882,0.36789631843566895,0.18125437200069427
YLR371W,YIL126W,0,0.800624,0.16911090910434723,0.36789631843566895,0.18135440349578857
YGR158C,YGR061C,0,0.8005446,0.16903343796730042,0.36789631843566895,0.18145443499088287
YML116W,YMR043W,0,0.80036616,0.16895604133605957,0.36789631843566895,0.18155446648597717
YBR087W,YER096W,0,0.80025303,0.1688787192106247,0.36789631843566895,0.18165449798107147
YGR254W,YMR250W,1,0.7997196,0.16925892233848572,0.3688933253288269,0.18165449798107147
YDR003W,YGL084C,0,0.7995845,0.16918152570724487,0.3688933253288269,0.18175452947616577
YGL168W,YPL111W,0,0.79952633,0.16910420358181,0.3688933253288269,0.18185456097126007
YDL085W,YHR070W,0,0.7992652,0.1690269559621811,0.3688933253288269,0.18195459246635437
YOR202W,YHR072W,1,0.79926336,0.16940639913082123,0.36989033222198486,0.18195459246635437
YDR056C,YNR016C,0,0.79912555,0.16932907700538635,0.36989033222198486,0.18205460906028748
YDL204W,YCL075W,0,0.799062,0.16925182938575745,0.36989033222198486,0.18215464055538177
YER036C,YNL308C,0,0.79794675,0.16917464137077332,0.36989033222198486,0.18225467205047607
YIR006C,YGR241C,0,0.7972126,0.16909754276275635,0.36989033222198486,0.18235470354557037
YER120W,YLR048W,0,0.7963946,0.16902050375938416,0.36989033222198486,0.18245473504066467
YGL089C,YGR295C,0,0.7956449,0.16894353926181793,0.36989033222198486,0.18255476653575897
YMR109W,YJL109C,0,0.7955337,0.16886663436889648,0.36989033222198486,0.18265479803085327
YDR322W,YPL092W,0,0.7953691,0.168789803981781,0.36989033222198486,0.18275482952594757
YER061C,YNL115C,0,0.7953673,0.1687130481004715,0.36989033222198486,0.18285486102104187
YML018C,YPR063C,0,0.79520994,0.16863636672496796,0.36989033222198486,0.18295489251613617
YOR393W,YBL019W,1,0.794995,0.1690140813589096,0.3708873391151428,0.18295489251613617
YGR088W,YDR326C,0,0.79451895,0.1689373254776001,0.3708873391151428,0.18305490911006927
YPR192W,YDR139C,0,0.7944243,0.16886064410209656,0.3708873391151428,0.18315494060516357
YPL123C,YIL168W,1,0.79421186,0.16923774778842926,0.3718843460083008,0.18315494060516357
YNL339C,YCL057C-A,0,0.7942059,0.16916099190711975,0.3718843460083008,0.18325497210025787
YCR098C,YDR014W,0,0.793626,0.1690843105316162,0.3718843460083008,0.18335500359535217
YER029C,YLR048W,0,0.7935267,0.16900770366191864,0.3718843460083008,0.18345503509044647
YNR008W,YFL041W,0,0.79330164,0.16893115639686584,0.3718843460083008,0.18355506658554077
YKL211C,YOR393W,1,0.7931365,0.1693073809146881,0.37288135290145874,0.18355506658554077
YDL085W,YJR045C,0,0.7929483,0.16923077404499054,0.37288135290145874,0.18365509808063507
YCL075W,YDR524C,0,0.79287326,0.16915422677993774,0.37288135290145874,0.18375512957572937
YHR171W,YNR040W,0,0.79255044,0.16907775402069092,0.37288135290145874,0.18385516107082367
YJR130C,YKL182W,1,0.7923691,0.1694532334804535,0.3738783597946167,0.18385516107082367
YDR326C,YGL039W,0,0.79235864,0.1693767011165619,0.3738783597946167,0.18395519256591797
YKL135C,YMR056C,0,0.79234004,0.16930022835731506,0.3738783597946167,0.18405520915985107
YDR046C,YNL098C,0,0.79214525,0.1692238301038742,0.3738783597946167,0.18415524065494537
YOR270C,YDR534C,0,0.79196453,0.16914749145507812,0.3738783597946167,0.18425527215003967
YOL156W,YML060W,0,0.79172415,0.1690712422132492,0.3738783597946167,0.18435530364513397
YBR273C,YDR326C,0,0.79155934,0.16899503767490387,0.3738783597946167,0.18445533514022827
YLR098C,YGL059W,0,0.7915153,0.1689189225435257,0.3738783597946167,0.18455536663532257
YHR172W,YAR018C,0,0.79112023,0.1688428670167923,0.3738783597946167,0.18465539813041687
YNL046W,YPR108W,0,0.7902558,0.16876687109470367,0.3738783597946167,0.18475542962551117
YKR009C,YIL168W,1,0.79022086,0.1691408008337021,0.37487536668777466,0.18475542962551117
YOL052C,YDR380W,1,0.78975683,0.16951438784599304,0.3758723735809326,0.18475542962551117
YKL183W,YDR443C,0,0.789672,0.1694381982088089,0.3758723735809326,0.18485546112060547
YBL024W,YHR184W,0,0.7891864,0.16936208307743073,0.3758723735809326,0.18495549261569977
YGL009C,YDR538W,1,0.78830886,0.16973507404327393,0.3768693804740906,0.18495549261569977
YCL069W,YNR020C,0,0.7875792,0.16965888440608978,0.3768693804740906,0.18505550920963287
YMR023C,YMR184W,0,0.78752416,0.1695827692747116,0.3768693804740906,0.18515554070472717
YDL130W-A,YLR306W,0,0.7871237,0.1695067286491394,0.3768693804740906,0.18525557219982147
YJR015W,YDL095W,0,0.78676915,0.16943074762821198,0.3768693804740906,0.18535560369491577
YJR010C-A,YDR534C,0,0.78667223,0.16935484111309052,0.3768693804740906,0.18545563519001007
YML060W,YLR304C,1,0.78640646,0.16972681879997253,0.37786638736724854,0.18545563519001007
YLR396C,YIL155C,0,0.7863531,0.1696508526802063,0.37786638736724854,0.18555566668510437
YOR036W,YKR105C,0,0.78563976,0.16957494616508484,0.37786638736724854,0.18565569818019867
YHL018W,YHR072W,1,0.7850349,0.1699463278055191,0.3788634240627289,0.18565569818019867
YNL159C,YJL158C,0,0.78484905,0.16987036168575287,0.3788634240627289,0.18575572967529297
YPL019C,YGR220C,0,0.78476435,0.1697944551706314,0.3788634240627289,0.18585576117038727
YLR090W,YDR380W,0,0.7843154,0.16971862316131592,0.3788634240627289,0.18595579266548157
YBR267W,YMR303C,0,0.78425574,0.1696428507566452,0.3788634240627289,0.18605582416057587
YHR089C,YHR025W,0,0.7842542,0.16956715285778046,0.3788634240627289,0.18615584075450897
YOL072W,YKR050W,0,0.78332335,0.16949152946472168,0.3788634240627289,0.18625587224960327
YMR142C,YDL120W,0,0.7830075,0.16941596567630768,0.3788634240627289,0.18635590374469757
YHR174W,YHR018C,1,0.7828097,0.16978609561920166,0.37986043095588684,0.18635590374469757
YPL271W,YMR306W,0,0.7824018,0.16971047222614288,0.37986043095588684,0.18645593523979187
YNL330C,YDR055W,0,0.7819123,0.16963490843772888,0.37986043095588684,0.18655596673488617
YOL152W,YGR002C,0,0.7813236,0.16955941915512085,0.37986043095588684,0.18665599822998047
YPR036W,YDR483W,0,0.7811941,0.1694839894771576,0.37986043095588684,0.18675602972507477
YDL033C,YHL016C,0,0.7805499,0.1694086194038391,0.37986043095588684,0.18685606122016907
YER070W,YDR534C,0,0.77988863,0.1693333387374878,0.37986043095588684,0.18695609271526337
YOL065C,YML005W,0,0.7796243,0.16925810277462006,0.37986043095588684,0.18705612421035767
YFR003C,YLR099C,0,0.7796021,0.1691829413175583,0.37986043095588684,0.18715614080429077
YLR356W,YPL123C,0,0.77960014,0.1691078543663025,0.37986043095588684,0.18725617229938507
YDR421W,YAL025C,0,0.7795552,0.16903282701969147,0.37986043095588684,0.18735620379447937
YDR111C,YKR072C,1,0.77942955,0.16940133273601532,0.3808574378490448,0.18735620379447937
YKL178C,YJL056C,0,0.7792846,0.16932624578475952,0.3808574378490448,0.18745623528957367
YDR115W,YLR467W,0,0.7782866,0.1692512184381485,0.3808574378490448,0.18755626678466797
YMR100W,YFR005C,0,0.7782193,0.16917626559734344,0.3808574378490448,0.18765629827976227
YGL253W,YOR326W,0,0.7780758,0.16910137236118317,0.3808574378490448,0.18775632977485657
YKR090W,YKL056C,0,0.77779305,0.16902655363082886,0.3808574378490448,0.18785636126995087
YNL242W,YOR224C,0,0.7775513,0.16895179450511932,0.3808574378490448,0.18795639276504517
YKR038C,YER044C,0,0.7773909,0.16887709498405457,0.3808574378490448,0.18805642426013947
YDL030W,YDR342C,0,0.77716553,0.16880246996879578,0.3808574378490448,0.18815644085407257
YER114C,YHL024W,0,0.7770771,0.16872791945934296,0.3808574378490448,0.18825647234916687
YLR214W,YIL101C,0,0.77637446,0.1686534285545349,0.3808574378490448,0.18835650384426117
YMR036C,YJL073W,0,0.7761862,0.16857899725437164,0.3808574378490448,0.18845653533935547
YOL133W,YDR093W,0,0.7760651,0.16850462555885315,0.3808574378490448,0.18855656683444977
YDR297W,YDR376W,0,0.77576804,0.16843032836914062,0.3808574378490448,0.18865659832954407
YGL184C,YHR174W,1,0.775552,0.1687968224287033,0.38185444474220276,0.18865659832954407
YKL182W,YGL148W,1,0.7751838,0.16916298866271973,0.3828514516353607,0.18865659832954407
YLR038C,YLR014C,0,0.7750337,0.16908851265907288,0.3828514516353607,0.18875662982463837
YGL120C,YIL074C,0,0.7749009,0.1690140813589096,0.3828514516353607,0.18885666131973267
YJR066W,YPL017C,0,0.7748226,0.1689397245645523,0.3828514516353607,0.18895669281482697
YNL330C,YDR299W,0,0.77462375,0.16886544227600098,0.3828514516353607,0.18905672430992126
YDR447C,YBR185C,0,0.7743012,0.16879120469093323,0.3828514516353607,0.18915674090385437
YER147C,YNL268W,0,0.77422863,0.16871704161167145,0.3828514516353607,0.18925677239894867
YML042W,YOR131C,0,0.7741375,0.16864295303821564,0.3828514516353607,0.18935680389404297
YOL005C,YNR001C,0,0.77405024,0.1685689240694046,0.3828514516353607,0.18945683538913727
YIL172C,YGR234W,0,0.774047,0.16849495470523834,0.3828514516353607,0.18955686688423157
YPL143W,YNL129W,0,0.77362883,0.16842105984687805,0.3828514516353607,0.18965689837932587
YGR159C,YJL133W,0,0.77362204,0.16834720969200134,0.3828514516353607,0.18975692987442017
YDR358W,YCR053W,0,0.7733304,0.1682734489440918,0.3828514516353607,0.18985696136951447
YDL043C,YBR009C,0,0.773276,0.16819973289966583,0.3828514516353607,0.18995699286460876
YGR170W,YCR053W,1,0.7732439,0.16856391727924347,0.3838484585285187,0.18995699286460876
YOR348C,YPL090C,0,0.7732357,0.16849015653133392,0.3838484585285187,0.19005702435970306
YIL111W,YOR043W,0,0.77295387,0.16841645538806915,0.3838484585285187,0.19015704095363617
YOL067C,YNR061C,0,0.7723897,0.16834281384944916,0.3838484585285187,0.19025707244873047
YFR015C,YER082C,0,0.77227163,0.16826923191547394,0.3838484585285187,0.19035710394382477
YBL093C,YDR077W,0,0.7712491,0.1681957244873047,0.3838484585285187,0.19045713543891907
YBR001C,YBL039C,0,0.7711753,0.1681222766637802,0.3838484585285187,0.19055716693401337
YML005W,YDR077W,0,0.7706543,0.1680488884449005,0.3838484585285187,0.19065719842910767
YJR121W,YKL218C,0,0.77048457,0.1679755598306656,0.3838484585285187,0.19075722992420197
YOR201C,YDR046C,0,0.7701107,0.16790230572223663,0.3838484585285187,0.19085726141929626
YGR191W,YJR126C,0,0.76997846,0.16782912611961365,0.3838484585285187,0.19095729291439056
YOR096W,YPL092W,0,0.76993215,0.16775599122047424,0.3838484585285187,0.19105732440948486
YMR298W,YDR347W,0,0.76988,0.1676829308271408,0.3838484585285187,0.19115734100341797
YIL074C,YJL170C,0,0.7690984,0.16760993003845215,0.3838484585285187,0.19125737249851227
YOL005C,YAR007C,0,0.76903164,0.16753698885440826,0.3838484585285187,0.19135740399360657
YCL064C,YOR054C,1,0.7688111,0.16789908707141876,0.38484546542167664,0.19135740399360657
YBR283C,YGL039W,0,0.7687689,0.1678260862827301,0.38484546542167664,0.19145743548870087
YKL004W,YLR207W,0,0.7686035,0.16775314509868622,0.38484546542167664,0.19155746698379517
YDR242W,YOL031C,0,0.76828855,0.1676802784204483,0.38484546542167664,0.19165749847888947
YIL070C,YGR200C,0,0.7682811,0.16760747134685516,0.38484546542167664,0.19175752997398376
YOR348C,YDL190C,0,0.76814294,0.1675347238779068,0.38484546542167664,0.19185756146907806
YER114C,YGR035C,0,0.7678524,0.1674620360136032,0.38484546542167664,0.19195759296417236
YDR022C,YOR096W,0,0.76761585,0.1673894226551056,0.38484546542167664,0.19205762445926666
YNL316C,YGL009C,1,0.7665194,0.16775032877922058,0.3858424723148346,0.19205762445926666
YLR238W,YHL036W,0,0.76618904,0.167677640914917,0.3858424723148346,0.19215764105319977
YOR202W,YLR304C,1,0.7645675,0.16803811490535736,0.38683947920799255,0.19215764105319977
YBL024W,YMR188C,0,0.763813,0.167965367436409,0.38683947920799255,0.19225767254829407
YGL128C,YJR145C,0,0.7627895,0.1678926944732666,0.38683947920799255,0.19235770404338837
YDL231C,YLR459W,0,0.7626258,0.1678200662136078,0.38683947920799255,0.19245773553848267
YLR446W,YDR077W,0,0.76221204,0.16774751245975494,0.38683947920799255,0.19255776703357697
YDR033W,YDR115W,0,0.76209545,0.16767501831054688,0.38683947920799255,0.19265779852867126
YDR088C,YNL339C,0,0.7620229,0.16760259866714478,0.38683947920799255,0.19275783002376556
YOL030W,YIL171W,0,0.76193297,0.16753022372722626,0.38683947920799255,0.19285786151885986
YDR127W,YIL167W,1,0.7616343,0.16788950562477112,0.3878364861011505,0.19285786151885986
YPL017C,YGL222C,0,0.76107967,0.16781708598136902,0.3878364861011505,0.19295789301395416
YDR118W,YDR158W,0,0.76104987,0.1677447110414505,0.3878364861011505,0.19305792450904846
YFR015C,YLR097C,0,0.7608605,0.16767241060733795,0.3878364861011505,0.19315794110298157
YMR088C,YJL219W,0,0.7599236,0.16760016977787018,0.3878364861011505,0.19325797259807587
YDR134C,YCL075W,0,0.7598634,0.16752798855304718,0.3878364861011505,0.19335800409317017
YOR202W,YDR538W,1,0.7598033,0.16788634657859802,0.38883349299430847,0.19335800409317017
YDR032C,YLR079W,0,0.75963056,0.16781412065029144,0.38883349299430847,0.19345803558826447
YNL159C,YMR150C,0,0.75954515,0.16774193942546844,0.38883349299430847,0.19355806708335876
YAL008W,YGL157W,0,0.7594464,0.16766981780529022,0.38883349299430847,0.19365809857845306
YJR098C,YJR160C,0,0.7585528,0.16759777069091797,0.38883349299430847,0.19375813007354736
YJR158W,YMR198W,0,0.75848705,0.1675257682800293,0.38883349299430847,0.19385816156864166
YML106W,YKL156W,0,0.7583002,0.1674538403749466,0.38883349299430847,0.19395819306373596
YDL136W,YGR189C,0,0.75829583,0.16738197207450867,0.38883349299430847,0.19405822455883026
YDR425W,YJL056C,0,0.7578223,0.16731016337871552,0.38883349299430847,0.19415824115276337
YGR071C,YPL111W,0,0.75773484,0.16723842918872833,0.38883349299430847,0.19425827264785767
YPL111W,YLL022C,0,0.7569315,0.16716673970222473,0.38883349299430847,0.19435830414295197
YHR010W,YCL050C,0,0.75687504,0.1670951098203659,0.38883349299430847,0.19445833563804626
YIR037W,YER164W,0,0.75660944,0.16702355444431305,0.38883349299430847,0.19455836713314056
YGR295C,YDR487C,0,0.7556728,0.16695205867290497,0.38883349299430847,0.19465839862823486
YIL070C,YLR100W,0,0.7552771,0.16688062250614166,0.38883349299430847,0.19475843012332916
YOR373W,YPL157W,0,0.75489444,0.16680924594402313,0.38883349299430847,0.19485846161842346
YGR035C,YDR501W,0,0.7543287,0.16673792898654938,0.38883349299430847,0.19495849311351776
YOR128C,YDL036C,1,0.7542508,0.16709402203559875,0.38983049988746643,0.19495849311351776
YGL249W,YMR217W,0,0.7538588,0.16702264547348022,0.38983049988746643,0.19505852460861206
YJL136C,YMR023C,0,0.7535571,0.16695132851600647,0.38983049988746643,0.19515854120254517
YCR020C,YCL031C,0,0.7528111,0.1668800711631775,0.38983049988746643,0.19525857269763947
YLR175W,YDL080C,1,0.75277126,0.16723549365997314,0.3908275067806244,0.19525857269763947
YEL064C,YDR120C,0,0.7527312,0.1671641767024994,0.3908275067806244,0.19535860419273376
YDL190C,YKL024C,0,0.7525848,0.1670929193496704,0.3908275067806244,0.19545863568782806
YOR201C,YNL292W,0,0.7524166,0.1670217365026474,0.3908275067806244,0.19555866718292236
YHR117W,YPL160W,0,0.75219655,0.16695059835910797,0.3908275067806244,0.19565869867801666
YDL007W,YKL181W,0,0.75205266,0.16687951982021332,0.3908275067806244,0.19575873017311096
YDR060W,YMR071C,0,0.7516936,0.16680851578712463,0.3908275067806244,0.19585876166820526
YNR027W,YPR016C,0,0.75161517,0.16673755645751953,0.3908275067806244,0.19595879316329956
YKR072C,YDR047W,1,0.751354,0.16709183156490326,0.39182451367378235,0.19595879316329956
YML082W,YNR033W,1,0.7509115,0.1674458086490631,0.3928215205669403,0.19595879316329956
YDL141W,YJR045C,0,0.75060797,0.16737468540668488,0.3928215205669403,0.19605882465839386
YDR418W,YEL021W,0,0.74954987,0.16730360686779022,0.3928215205669403,0.19615884125232697
YLR090W,YDL138W,0,0.7494638,0.16723260283470154,0.3928215205669403,0.19625887274742126
YHR181W,YGR200C,0,0.7485181,0.16716164350509644,0.3928215205669403,0.19635890424251556
YBR286W,YBR299W,0,0.7481007,0.1670907586812973,0.3928215205669403,0.19645893573760986
YEL059C-A,YCR040W,0,0.7476859,0.16701991856098175,0.3928215205669403,0.19655896723270416
YDL101C,YGL123W,0,0.74766874,0.16694915294647217,0.3928215205669403,0.19665899872779846
YML054C,YML104C,0,0.7476571,0.16687844693660736,0.3928215205669403,0.19675903022289276
YEL054C,YDR018C,0,0.7475482,0.16680778563022614,0.3928215205669403,0.19685906171798706
YJL143W,YBR082C,0,0.74745095,0.16673719882965088,0.3928215205669403,0.19695909321308136
YBR022W,YDR298C,0,0.74733555,0.1666666716337204,0.3928215205669403,0.19705912470817566
YIL078W,YLR371W,0,0.74728024,0.1665961891412735,0.3928215205669403,0.19715914130210876
YPL028W,YDL184C,0,0.7469919,0.16652578115463257,0.3928215205669403,0.19725917279720306
YDR086C,YAL008W,0,0.7469468,0.1664554327726364,0.3928215205669403,0.19735920429229736
YMR297W,YOR389W,0,0.7464849,0.16638512909412384,0.3928215205669403,0.19745923578739166
YBL024W,YBR082C,0,0.7451738,0.16631489992141724,0.3928215205669403,0.19755926728248596
YDL229W,YDR501W,0,0.7450969,0.1662447303533554,0.3928215205669403,0.19765929877758026
YOL031C,YIL074C,0,0.7447295,0.16617460548877716,0.3928215205669403,0.19775933027267456
YCR009C,YFL041W,0,0.744504,0.16610455513000488,0.3928215205669403,0.19785936176776886
YNR061C,YKR105C,0,0.7443412,0.1660345494747162,0.3928215205669403,0.19795939326286316
YPL281C,YBL019W,1,0.7439563,0.16638584434986115,0.39381855726242065,0.19795939326286316
YDL204W,YPL085W,0,0.74377704,0.16631579399108887,0.39381855726242065,0.19805942475795746
YHR023W,YPL220W,0,0.7436251,0.16624578833580017,0.39381855726242065,0.19815944135189056
YHR117W,YPL204W,0,0.74353194,0.16617585718631744,0.39381855726242065,0.19825947284698486
YFL004W,YHR052W,0,0.7427767,0.1661059707403183,0.39381855726242065,0.19835950434207916
YLR204W,YPL060W,0,0.7425565,0.16603614389896393,0.39381855726242065,0.19845953583717346
YBR289W,YOR374W,0,0.7419094,0.16596639156341553,0.39381855726242065,0.19855956733226776
YER173W,YPR054W,0,0.74179983,0.1658966839313507,0.39381855726242065,0.19865959882736206
YML085C,YGR124W,0,0.7412312,0.16582703590393066,0.39381855726242065,0.19875963032245636
YOR356W,YDR387C,0,0.7409669,0.1657574474811554,0.39381855726242065,0.19885966181755066
YDL095W,YNL289W,0,0.7406644,0.1656879186630249,0.39381855726242065,0.19895969331264496
YNR050C,YML074C,0,0.73934394,0.16561844944953918,0.39381855726242065,0.19905972480773926
YJR104C,YKL164C,0,0.73881936,0.16554903984069824,0.39381855726242065,0.19915974140167236
YDL075W,YPL160W,0,0.7384018,0.16547967493534088,0.39381855726242065,0.19925977289676666
YOL003C,YHR086W,0,0.73803043,0.1654103845357895,0.39381855726242065,0.19935980439186096
YMR088C,YHR011W,0,0.737909,0.16534115374088287,0.39381855726242065,0.19945983588695526
YBR159W,YNL322C,0,0.73782307,0.16527196764945984,0.39381855726242065,0.19955986738204956
YJL121C,YOR244W,0,0.73705965,0.16520284116268158,0.39381855726242065,0.19965989887714386
YOR348C,YDR086C,0,0.73704445,0.1651337742805481,0.39381855726242065,0.19975993037223816
YBR267W,YLR079W,0,0.73633057,0.1650647670030594,0.39381855726242065,0.19985996186733246
YAL035W,YGR189C,0,0.7355937,0.16499581933021545,0.39381855726242065,0.19995999336242676
YGR088W,YNR011C,0,0.73487204,0.1649269312620163,0.39381855726242065,0.20006002485752106
YBR297W,YPL202C,0,0.7347143,0.16485810279846191,0.39381855726242065,0.20016004145145416
YMR287C,YAL044C,0,0.7344487,0.1647893190383911,0.39381855726242065,0.20026007294654846
YNL077W,YCR081W,0,0.7339481,0.1647205948829651,0.39381855726242065,0.20036010444164276
YMR006C,YHR136C,0,0.73380923,0.16465194523334503,0.39381855726242065,0.20046013593673706
YOL030W,YDR044W,0,0.7336327,0.16458334028720856,0.39381855726242065,0.20056016743183136
YMR006C,YOR174W,0,0.73333025,0.16451478004455566,0.39381855726242065,0.20066019892692566
YBR123C,YMR256C,0,0.7331892,0.16444629430770874,0.39381855726242065,0.20076023042201996
YDR242W,YPL154C,0,0.7327602,0.1643778681755066,0.39381855726242065,0.20086026191711426
YDL141W,YAL008W,0,0.7325689,0.16430948674678802,0.39381855726242065,0.20096029341220856
YIL125W,YHR186C,0,0.73230594,0.16424116492271423,0.39381855726242065,0.20106032490730286
YKL181W,YPL028W,0,0.73138756,0.16417290270328522,0.39381855726242065,0.20116034150123596
YDR126W,YIL145C,0,0.73137593,0.16410470008850098,0.39381855726242065,0.20126037299633026
YNL308C,YNR070W,0,0.73114187,0.16403654217720032,0.39381855726242065,0.20136040449142456
YER091C,YJL062W,0,0.73111224,0.16396845877170563,0.39381855726242065,0.20146043598651886
YOR257W,YNL162W,0,0.7302331,0.16390042006969452,0.39381855726242065,0.20156046748161316
YPR047W,YDR483W,0,0.7301159,0.16383244097232819,0.39381855726242065,0.20166049897670746
YDR055W,YGR194C,0,0.72982085,0.16376450657844543,0.39381855726242065,0.20176053047180176
YBR158W,YLR438C-A,0,0.72909194,0.16369664669036865,0.39381855726242065,0.20186056196689606
YOL067C,YHR147C,0,0.72901905,0.16362883150577545,0.39381855726242065,0.20196059346199036
YLR396C,YLR038C,0,0.72859836,0.16356107592582703,0.39381855726242065,0.20206062495708466
YER027C,YOR373W,0,0.72858435,0.16349337995052338,0.39381855726242065,0.20216064155101776
YNL159C,YJR143C,0,0.72857404,0.1634257286787033,0.39381855726242065,0.20226067304611206
YIL039W,YAL008W,0,0.7282963,0.1633581519126892,0.39381855726242065,0.20236070454120636
YHL024W,YJL106W,0,0.7282943,0.1632906198501587,0.39381855726242065,0.20246073603630066
YMR128W,YAR018C,0,0.7276423,0.16322314739227295,0.39381855726242065,0.20256076753139496
YJL164C,YER091C,0,0.7270896,0.1631557196378708,0.39381855726242065,0.20266079902648926
YDL204W,YLR430W,0,0.7269368,0.1630883514881134,0.39381855726242065,0.20276083052158356
YPR098C,YGR189C,0,0.7269203,0.1630210429430008,0.39381855726242065,0.20286086201667786
YOR202W,YAL012W,1,0.7267865,0.16336633265018463,0.3948155641555786,0.20286086201667786
YMR198W,YDR322W,0,0.7266252,0.16329896450042725,0.3948155641555786,0.20296089351177216
YDL195W,YPL157W,0,0.72644514,0.16323165595531464,0.3948155641555786,0.20306092500686646
YOR175C,YKL116C,0,0.7260686,0.1631644070148468,0.3948155641555786,0.20316094160079956
YNL218W,YNL339C,0,0.7255871,0.16309720277786255,0.3948155641555786,0.20326097309589386
YER090W,YEL046C,1,0.7255125,0.1634417474269867,0.3958125710487366,0.20326097309589386
YLR015W,YCR098C,0,0.72459704,0.16337448358535767,0.3958125710487366,0.20336100459098816
YBR082C,YDR060W,0,0.724494,0.1633072793483734,0.3958125710487366,0.20346103608608246
YMR303C,YBR185C,0,0.7244883,0.16324013471603394,0.3958125710487366,0.20356106758117676
YGL249W,YGR063C,0,0.7244177,0.16317303478717804,0.3958125710487366,0.20366109907627106
YDL205C,YDR077W,0,0.72409856,0.16310599446296692,0.3958125710487366,0.20376113057136536
YOL152W,YKR050W,0,0.72408175,0.16303901374340057,0.3958125710487366,0.20386116206645966
YJL046W,YOR211C,0,0.72396487,0.162972092628479,0.3958125710487366,0.20396119356155396
YJL008C,YDR380W,0,0.723706,0.16290521621704102,0.3958125710487366,0.20406122505664825
YER068W,YDR239C,0,0.7236531,0.1628383994102478,0.3958125710487366,0.20416124165058136
YMR006C,YCR094W,0,0.7234018,0.16277162730693817,0.3958125710487366,0.20426127314567566
YOL052C,YGR087C,1,0.72261345,0.1631147563457489,0.39680957794189453,0.20426127314567566
YMR016C,YOR270C,0,0.72176796,0.1630479246377945,0.39680957794189453,0.20436130464076996
YMR256C,YER089C,0,0.7211478,0.16298116743564606,0.39680957794189453,0.20446133613586426
YCL059C,YDR334W,0,0.7206065,0.1629144549369812,0.39680957794189453,0.20456136763095856
YMR166C,YPR102C,0,0.7205335,0.16284778714179993,0.39680957794189453,0.20466139912605286
YJR001W,YLR304C,0,0.7199201,0.16278117895126343,0.39680957794189453,0.20476143062114716
YBR040W,YAL003W,0,0.7196809,0.1627146303653717,0.39680957794189453,0.20486146211624146
YOL065C,YNL322C,0,0.7192823,0.16264814138412476,0.39680957794189453,0.20496149361133575
YDL006W,YDR231C,0,0.71889824,0.1625816971063614,0.39680957794189453,0.20506152510643005
YNL280C,YNL213C,0,0.71878767,0.1625153124332428,0.39680957794189453,0.20516154170036316
YJR110W,YKL181W,0,0.7185029,0.1624489724636078,0.39680957794189453,0.20526157319545746
YMR142C,YPL172C,0,0.7178071,0.16238270699977875,0.39680957794189453,0.20536160469055176
YBR283C,YFR007W,0,0.71729434,0.1623164713382721,0.39680957794189453,0.20546163618564606
YHR031C,YJR104C,0,0.7171974,0.1622503101825714,0.39680957794189453,0.20556166768074036
YOR346W,YHR129C,0,0.71548843,0.1621841937303543,0.39680957794189453,0.20566169917583466
YGL141W,YNL135C,0,0.71528435,0.1621181219816208,0.39680957794189453,0.20576173067092896
YFL002W-A,YDR298C,0,0.7151487,0.16205210983753204,0.39680957794189453,0.20586176216602325
YER029C,YGR189C,0,0.7150328,0.16198615729808807,0.39680957794189453,0.20596179366111755
YAL039C,YGR169C,1,0.7149935,0.1623270958662033,0.3978065848350525,0.20596179366111755
YLR418C,YDL033C,0,0.71458054,0.16226108372211456,0.3978065848350525,0.20606182515621185
YLR175W,YNL169C,1,0.7144868,0.16260161995887756,0.39880359172821045,0.20606182515621185
YIL074C,YML087C,0,0.7143785,0.16253554821014404,0.39880359172821045,0.20616184175014496
YMR088C,YJL148W,0,0.7138392,0.1624695360660553,0.39880359172821045,0.20626187324523926
YLL050C,YHR081W,0,0.7136536,0.16240356862545013,0.39880359172821045,0.20636190474033356
YDR443C,YDR362C,0,0.7136132,0.16233766078948975,0.39880359172821045,0.20646193623542786
YML125C,YGR086C,0,0.7129011,0.16227181255817413,0.39880359172821045,0.20656196773052216
YNR061C,YOL152W,0,0.71270716,0.1622060090303421,0.39880359172821045,0.20666199922561646
YGR169C,YEL020C,1,0.7120932,0.1625456064939499,0.3998005986213684,0.20666199922561646
YML106W,YBR156C,0,0.7113922,0.16247974336147308,0.3998005986213684,0.20676203072071075
YER083C,YLL038C,0,0.71056575,0.16241393983364105,0.3998005986213684,0.20686206221580505
YMR036C,YBR299W,0,0.7103773,0.1623481810092926,0.3998005986213684,0.20696209371089935
YDL205C,YNR045W,0,0.7101473,0.16228248178958893,0.3998005986213684,0.20706212520599365
YML027W,YGR154C,0,0.70981634,0.16221682727336884,0.3998005986213684,0.20716214179992676
YPL059W,YER106W,0,0.7095348,0.16215123236179352,0.3998005986213684,0.20726217329502106
YFL061W,YJL060W,1,0.70934665,0.1624898910522461,0.40079760551452637,0.20726217329502106
YCL059C,YNL217W,0,0.70911336,0.162424236536026,0.40079760551452637,0.20736220479011536
YPL017C,YDR117C,0,0.708794,0.16235864162445068,0.40079760551452637,0.20746223628520966
YIL026C,YML009C,0,0.7081219,0.16229309141635895,0.40079760551452637,0.20756226778030396
YKR058W,YDR101C,0,0.7080469,0.162227600812912,0.40079760551452637,0.20766229927539825
YGR286C,YKL198C,0,0.70738876,0.1621621549129486,0.40079760551452637,0.20776233077049255
YOR047C,YOR381W,0,0.7071019,0.16209676861763,0.40079760551452637,0.20786236226558685
YOL120C,YLL035W,0,0.7070053,0.16203144192695618,0.40079760551452637,0.20796239376068115
YOR047C,YDR247W,0,0.7069608,0.16196615993976593,0.40079760551452637,0.20806242525577545
YML027W,YDR038C,0,0.70677346,0.16190092265605927,0.40079760551452637,0.20816244184970856
YOR391C,YBR207W,0,0.706698,0.16183574497699738,0.40079760551452637,0.20826247334480286
YER044C,YDR421W,0,0.7063479,0.16177062690258026,0.40079760551452637,0.20836250483989716
YGL184C,YOR393W,1,0.7063345,0.16210781037807465,0.4017946124076843,0.20836250483989716
YLR038C,YDR139C,0,0.70574003,0.16204261779785156,0.4017946124076843,0.20846253633499146
YNL322C,YMR311C,0,0.7053822,0.16197748482227325,0.4017946124076843,0.20856256783008575
YOR384W,YER148W,0,0.70487726,0.16191241145133972,0.4017946124076843,0.20866259932518005
YML060W,YMR323W,1,0.7039577,0.16224899888038635,0.4027916193008423,0.20866259932518005
YPL048W,YLR327C,0,0.7038732,0.16218386590480804,0.4027916193008423,0.20876263082027435
YCL031C,YPL092W,0,0.7035836,0.16211877763271332,0.4027916193008423,0.20886266231536865
YIR037W,YLR207W,0,0.7032659,0.16205374896526337,0.4027916193008423,0.20896269381046295
YLR373C,YDR313C,0,0.70312995,0.1619887799024582,0.4027916193008423,0.20906272530555725
YGL040C,YJL200C,1,0.7030933,0.16232465207576752,0.40378862619400024,0.20906272530555725
YEL017C-A,YLR467W,0,0.7030724,0.16225960850715637,0.40378862619400024,0.20916274189949036
YMR127C,YML091C,0,0.7025455,0.1621946394443512,0.40378862619400024,0.20926277339458466
YOR348C,YDR128W,0,0.70243424,0.1621297001838684,0.40378862619400024,0.20936280488967896
YHR160C,YNL146W,0,0.7010801,0.1620648205280304,0.40378862619400024,0.20946283638477325
YMR056C,YMR217W,0,0.7008306,0.16200000047683716,0.40378862619400024,0.20956286787986755
YJR145C,YJL073W,0,0.70007443,0.1619352251291275,0.40378862619400024,0.20966289937496185
YKL114C,YHR174W,1,0.69921005,0.162270188331604,0.4047856330871582,0.20966289937496185
YGL184C,YHR018C,1,0.6990786,0.16260486841201782,0.40578263998031616,0.20966289937496185
YMR036C,YER086W,0,0.69865537,0.16253992915153503,0.40578263998031616,0.20976293087005615
YNL311C,YAL012W,0,0.6983821,0.16247504949569702,0.40578263998031616,0.20986296236515045
YIL026C,YBR040W,0,0.69813555,0.1624102145433426,0.40578263998031616,0.20996299386024475
YML116W,YFR003C,0,0.69768536,0.16234543919563293,0.40578263998031616,0.21006302535533905
YLR147C,YNR041C,0,0.6974869,0.16228070855140686,0.40578263998031616,0.21016304194927216
YJL072C,YBL074C,0,0.69699895,0.16221602261066437,0.40578263998031616,0.21026307344436646
YML077W,YMR208W,0,0.6967697,0.16215139627456665,0.40578263998031616,0.21036310493946075
YGR035C,YDL056W,0,0.6966817,0.16208681464195251,0.40578263998031616,0.21046313643455505
YKL100C,YKR058W,0,0.696226,0.16202229261398315,0.40578263998031616,0.21056316792964935
YEL054C,YPL059W,0,0.6955898,0.16195781528949738,0.40578263998031616,0.21066319942474365
YHR186C,YML009C,0,0.6953323,0.16189339756965637,0.40578263998031616,0.21076323091983795
YDR363W-A,YMR211W,0,0.6949969,0.16182902455329895,0.40578263998031616,0.21086326241493225
YDR074W,YFR006W,0,0.6944184,0.1617647111415863,0.40578263998031616,0.21096329391002655
YJL165C,YLR327C,0,0.6932564,0.16170044243335724,0.40578263998031616,0.21106332540512085
YDL138W,YGL227W,0,0.6932348,0.16163621842861176,0.40578263998031616,0.21116334199905396
YMR043W,YKR058W,0,0.6931446,0.16157205402851105,0.40578263998031616,0.21126337349414825
YDR495C,YBL039C,0,0.6931344,0.16150793433189392,0.40578263998031616,0.21136340498924255
YKL218C,YGL205W,0,0.69302905,0.16144387423992157,0.40578263998031616,0.21146343648433685
YJL165C,YPL226W,0,0.69197524,0.1613798588514328,0.40578263998031616,0.21156346797943115
YKR097W,YMR323W,1,0.6907733,0.16171224415302277,0.4067796468734741,0.21156346797943115
YKL184W,YDR294C,1,0.6905215,0.16204437613487244,0.40777668356895447,0.21156346797943115
YGL089C,YHR028C,0,0.6900827,0.16198019683361053,0.40777668356895447,0.21166349947452545
YJR104C,YDR107C,0,0.6897086,0.1619160771369934,0.40777668356895447,0.21176353096961975
YBR012W-A,YPL231W,0,0.68946654,0.16185200214385986,0.40777668356895447,0.21186356246471405
YDR117C,YOR092W,0,0.68936867,0.1617879718542099,0.40777668356895447,0.21196359395980835
YBR122C,YLR327C,0,0.6890641,0.1617240011692047,0.40777668356895447,0.21206362545490265
YOR386W,YDR047W,1,0.68901074,0.1620553433895111,0.4087736904621124,0.21206362545490265
YBR237W,YNR001C,0,0.6887753,0.16199131309986115,0.4087736904621124,0.21216364204883575
YBR036C,YDR069C,0,0.68849444,0.16192732751369476,0.4087736904621124,0.21226367354393005
YNL330C,YCR081W,0,0.6883685,0.16186340153217316,0.4087736904621124,0.21236370503902435
YBR012W-A,YFR015C,0,0.6879199,0.16179952025413513,0.4087736904621124,0.21246373653411865
YPR156C,YFR005C,0,0.68774265,0.16173569858074188,0.4087736904621124,0.21256376802921295
YOR356W,YAL020C,0,0.6875363,0.16167192161083221,0.4087736904621124,0.21266379952430725
YBL030C,YPL186C,0,0.6873063,0.16160820424556732,0.4087736904621124,0.21276383101940155
YGR223C,YLR212C,0,0.6870491,0.16154451668262482,0.4087736904621124,0.21286386251449585
YPL281C,YGL026C,1,0.68690234,0.16187475621700287,0.4097706973552704,0.21286386251449585
YIL125W,YOL123W,0,0.6868495,0.16181102395057678,0.4097706973552704,0.21296389400959015
YGL249W,YOL109W,0,0.6864885,0.16174733638763428,0.4097706973552704,0.21306392550468445
YMR290C,YJR160C,0,0.68643796,0.16168370842933655,0.4097706973552704,0.21316394209861755
YLR237W,YDL130W-A,0,0.6863273,0.1616201400756836,0.4097706973552704,0.21326397359371185
YIL172C,YPL220W,0,0.6860526,0.16155660152435303,0.4097706973552704,0.21336400508880615
YNL293W,YKL024C,0,0.68560076,0.16149312257766724,0.4097706973552704,0.21346403658390045
YIR006C,YPL048W,0,0.68532753,0.16142968833446503,0.4097706973552704,0.21356406807899475
YIR014W,YNL217W,0,0.6852836,0.1613663136959076,0.4097706973552704,0.21366409957408905
YLR090W,YOR127W,0,0.6849169,0.16130298376083374,0.4097706973552704,0.21376413106918335
YDR224C,YGL084C,0,0.6842791,0.16123969852924347,0.4097706973552704,0.21386416256427765
YLR096W,YPL026C,0,0.6838318,0.16117647290229797,0.4097706973552704,0.21396419405937195
YGR006W,YBR009C,0,0.68380433,0.16111329197883606,0.4097706973552704,0.21406422555446625
YLR089C,YFL061W,1,0.6830938,0.16144201159477234,0.41076770424842834,0.21406422555446625
YLR100W,YDR252W,0,0.6830233,0.16137877106666565,0.41076770424842834,0.21416424214839935
YOR381W,YIR017C,0,0.6827668,0.16131559014320374,0.41076770424842834,0.21426427364349365
YPL281C,YGR014W,0,0.6821786,0.1612524390220642,0.41076770424842834,0.21436430513858795
YNL311C,YLR192C,0,0.68165267,0.16118936240673065,0.41076770424842834,0.21446433663368225
YMR289W,YGL184C,1,0.6813618,0.16151739656925201,0.4117647111415863,0.21446433663368225
YOR128C,YGR155W,1,0.68105364,0.16184519231319427,0.41276171803474426,0.21446433663368225
YCR077C,YBR105C,0,0.68095845,0.16178195178508759,0.41276171803474426,0.21456436812877655
YLR142W,YDR236C,0,0.68055826,0.16171875596046448,0.41276171803474426,0.21466439962387085
YNL291C,YHR184W,0,0.6804704,0.16165560483932495,0.41276171803474426,0.21476443111896515
YER095W,YAL020C,0,0.6803776,0.161592498421669,0.41276171803474426,0.21486446261405945
YHR027C,YBL054W,0,0.680283,0.16152945160865784,0.41276171803474426,0.21496449410915375
YML042W,YPL214C,0,0.679942,0.16146646440029144,0.41276171803474426,0.21506452560424805
YPR049C,YJL062W,0,0.67893684,0.16140350699424744,0.41276171803474426,0.21516454219818115
YKR061W,YPR098C,0,0.67856795,0.1613406091928482,0.41276171803474426,0.21526457369327545
YJR121W,YJL101C,0,0.6783864,0.16127775609493256,0.41276171803474426,0.21536460518836975
YIL150C,YPL022W,0,0.67822134,0.1612149477005005,0.41276171803474426,0.21546463668346405
YGL249W,YDR501W,0,0.67577624,0.1611521989107132,0.41276171803474426,0.21556466817855835
YKL100C,YPL038W,0,0.67557275,0.16108949482440948,0.41276171803474426,0.21566469967365265
YKL218C,YFL061W,1,0.67495525,0.16141578555107117,0.4137587249279022,0.21566469967365265
YIL072W,YOL019W,0,0.67476475,0.16135303676128387,0.4137587249279022,0.21576473116874695
YPR042C,YJL025W,0,0.6746076,0.16129031777381897,0.4137587249279022,0.21586476266384125
YDR487C,YKL114C,1,0.6738318,0.16161616146564484,0.4147557318210602,0.21586476266384125
YML085C,YOL123W,0,0.6731763,0.16155339777469635,0.4147557318210602,0.21596479415893555
YGR088W,YMR221C,0,0.6729549,0.16149067878723145,0.4147557318210602,0.21606482565402985
YML012W,YNR016C,0,0.6728264,0.16142801940441132,0.4147557318210602,0.21616484224796295
YOR047C,YLR238W,0,0.672734,0.16136540472507477,0.4147557318210602,0.21626487374305725
YEL013W,YOR057W,0,0.6719247,0.1613028347492218,0.4147557318210602,0.21636490523815155
YGL222C,YMR037C,0,0.6712543,0.16124030947685242,0.4147557318210602,0.21646493673324585
YPR186C,YOL157C,0,0.67121124,0.1611778438091278,0.4147557318210602,0.21656496822834015
YNL316C,YLR044C,1,0.6711215,0.16150270402431488,0.41575273871421814,0.21656496822834015
YGR223C,YNL096C,0,0.6709721,0.1614401787519455,0.41575273871421814,0.21666499972343445
YKR097W,YGR254W,1,0.67086035,0.1617647111415863,0.4167497456073761,0.21666499972343445
YNL291C,YFL036W,0,0.67067397,0.16170212626457214,0.4167497456073761,0.21676503121852875
YPL195W,YDR077W,0,0.6704808,0.16163960099220276,0.4167497456073761,0.21686506271362305
YNL007C,YDR197W,0,0.6701681,0.16157712042331696,0.4167497456073761,0.21696509420871735
YDR479C,YCL075W,0,0.670162,0.16151468455791473,0.4167497456073761,0.21706512570381165
YGL003C,YJL090C,0,0.6698891,0.1614522933959961,0.4167497456073761,0.21716514229774475
YDR529C,YPL101W,0,0.6693136,0.16138996183872223,0.4167497456073761,0.21726517379283905
YGR008C,YLR078C,0,0.6691324,0.16132767498493195,0.4167497456073761,0.21736520528793335
YML129C,YER025W,0,0.6691177,0.16126543283462524,0.4167497456073761,0.21746523678302765
YLR134W,YJR016C,1,0.6690358,0.1615888923406601,0.41774675250053406,0.21746523678302765
YGL120C,YKL212W,0,0.66897607,0.1615266054868698,0.41774675250053406,0.21756526827812195
YLR170C,YBR159W,0,0.6683935,0.16146434843540192,0.41774675250053406,0.21766529977321625
YBL024W,YCL050C,0,0.66838086,0.1614021509885788,0.41774675250053406,0.21776533126831055
YLR032W,YJL189W,0,0.66794086,0.16134001314640045,0.41774675250053406,0.21786536276340485
YNL322C,YDR103W,0,0.6676244,0.1612779051065445,0.41774675250053406,0.21796539425849915
YDL120W,YDR011W,0,0.6675918,0.1612158566713333,0.41774675250053406,0.21806542575359344
YOL100W,YOR080W,0,0.6674632,0.1611538529396057,0.41774675250053406,0.21816544234752655
YDR341C,YPR186C,0,0.66745085,0.1610918939113617,0.41774675250053406,0.21826547384262085
YBR264C,YLR327C,0,0.6667306,0.16102997958660126,0.41774675250053406,0.21836550533771515
YGR170W,YMR323W,1,0.66667545,0.16135229170322418,0.418743759393692,0.21836550533771515
YGR124W,YJL101C,0,0.6656149,0.16129031777381897,0.418743759393692,0.21846553683280945
YER148W,YCL057C-A,0,0.6651074,0.16122840344905853,0.418743759393692,0.21856556832790375
YLR139C,YHR136C,0,0.664906,0.16116653382778168,0.418743759393692,0.21866559982299805
YPR002W,YJL097W,1,0.6647502,0.16148829460144043,0.41974076628685,0.21866559982299805
YCL069W,YIL090W,0,0.66439724,0.16142638027668,0.41974076628685,0.21876563131809235
YPL060W,YJL101C,0,0.6643868,0.16136451065540314,0.41974076628685,0.21886566281318665
YKR009C,YNL169C,1,0.66424155,0.16168582439422607,0.42073777318000793,0.21886566281318665
YKR009C,YKL182W,1,0.6639539,0.1620068997144699,0.4217348098754883,0.21886566281318665
YMR184W,YJL109C,0,0.6634244,0.16194486618041992,0.4217348098754883,0.21896569430828094
YNL158W,YDR523C,0,0.6631341,0.1618828922510147,0.4217348098754883,0.21906572580337524
YLR008C,YAL003W,0,0.6630106,0.16182096302509308,0.4217348098754883,0.21916574239730835
YBL024W,YGR035C,0,0.6629938,0.16175907850265503,0.4217348098754883,0.21926577389240265
YBR092C,YDR088C,0,0.6629032,0.16169725358486176,0.4217348098754883,0.21936580538749695
YOL018C,YDR093W,0,0.6626249,0.16163545846939087,0.4217348098754883,0.21946583688259125
YOL120C,YHR136C,0,0.6626033,0.16157372295856476,0.4217348098754883,0.21956586837768555
YNR027W,YFR015C,0,0.66182244,0.16151203215122223,0.4217348098754883,0.21966589987277985
YGL089C,YOR265W,0,0.6616817,0.16145038604736328,0.4217348098754883,0.21976593136787415
YNR041C,YNL115C,0,0.6614098,0.16138878464698792,0.4217348098754883,0.21986596286296844
YLR121C,YDL112W,0,0.6607489,0.16132722795009613,0.4217348098754883,0.21996599435806274
YEL054C,YIL145C,0,0.6604601,0.16126573085784912,0.4217348098754883,0.22006602585315704
YDL138W,YPR108W,0,0.66009915,0.1612042635679245,0.4217348098754883,0.22016604244709015
YJL157C,YOR179C,0,0.6600188,0.16114285588264465,0.4217348098754883,0.22026607394218445
YGR169C,YPR002W,1,0.6600121,0.16146230697631836,0.42273181676864624,0.22026607394218445
YOL156W,YOR066W,0,0.65967834,0.16140083968639374,0.42273181676864624,0.22036610543727875
YPR005C,YOR131C,0,0.6586846,0.1613394170999527,0.42273181676864624,0.22046613693237305
YFR006W,YDR032C,0,0.65868104,0.16127805411815643,0.42273181676864624,0.22056616842746735
YOR047C,YNL012W,0,0.6584885,0.16121673583984375,0.42273181676864624,0.22066619992256165
YGR101W,YDR507C,0,0.6582971,0.16115544736385345,0.42273181676864624,0.22076623141765594
YNL077W,YOR332W,0,0.6572282,0.16109421849250793,0.42273181676864624,0.22086626291275024
YOR389W,YOR347C,0,0.6570319,0.1610330492258072,0.42273181676864624,0.22096629440784454
YIL072W,YPL090C,0,0.65594375,0.16097190976142883,0.42273181676864624,0.22106632590293884
YMR316W,YER036C,0,0.6556624,0.16091081500053406,0.42273181676864624,0.22116634249687195
YDR253C,YGR008C,0,0.65543365,0.16084976494312286,0.42273181676864624,0.22126637399196625
YIL093C,YGL249W,0,0.65541565,0.16078877449035645,0.42273181676864624,0.22136640548706055
YLL009C,YDR465C,0,0.6553854,0.1607278287410736,0.42273181676864624,0.22146643698215485
YNL227C,YIL171W,0,0.65438604,0.16066691279411316,0.42273181676864624,0.22156646847724915
YER099C,YDR115W,0,0.6536666,0.16060605645179749,0.42273181676864624,0.22166649997234344
YKL143W,YCR075C,0,0.6535252,0.1605452448129654,0.42273181676864624,0.22176653146743774
YMR184W,YDR047W,0,0.6535146,0.16048447787761688,0.42273181676864624,0.22186656296253204
YFR015C,YIL171W,0,0.6532012,0.16042375564575195,0.42273181676864624,0.22196659445762634
YOL072W,YPL155C,0,0.6531694,0.1603630930185318,0.42273181676864624,0.22206662595272064
YDL120W,YBL055C,0,0.6531464,0.16030246019363403,0.42273181676864624,0.22216664254665375
YMR287C,YPL068C,0,0.652859,0.16024187207221985,0.42273181676864624,0.22226667404174805
YEL038W,YLR158C,0,0.65277785,0.16018134355545044,0.42273181676864624,0.22236670553684235
YML005W,YPL159C,0,0.65275645,0.16012084484100342,0.42273181676864624,0.22246673703193665
YOR386W,YER089C,0,0.652532,0.16006040573120117,0.42273181676864624,0.22256676852703094
YGR169C,YKL182W,1,0.6521331,0.1603773534297943,0.4237288236618042,0.22256676852703094
YLR304C,YDR247W,0,0.65178573,0.1603168547153473,0.4237288236618042,0.22266680002212524
YOL120C,YBR297W,0,0.65136606,0.16025641560554504,0.4237288236618042,0.22276683151721954
YNR070W,YER070W,0,0.6510525,0.16019600629806519,0.4237288236618042,0.22286686301231384
YDR012W,YCL050C,0,0.6509651,0.1601356416940689,0.4237288236618042,0.22296689450740814
YKL135C,YPR021C,0,0.65084517,0.1600753366947174,0.4237288236618042,0.22306692600250244
YDR532C,YER089C,0,0.6507892,0.1600150614976883,0.4237288236618042,0.22316695749759674
YNL169C,YNL256W,1,0.6507256,0.16033120453357697,0.42472583055496216,0.22316695749759674
YMR290C,YFR015C,0,0.65071785,0.16027088463306427,0.42472583055496216,0.22326697409152985
YNR040W,YPR031W,0,0.6493161,0.16021060943603516,0.42472583055496216,0.22336700558662415
YDR033W,YKR030W,0,0.649301,0.16015037894248962,0.42472583055496216,0.22346703708171844
YPL226W,YDL109C,0,0.64901316,0.16009019315242767,0.42472583055496216,0.22356706857681274
YJL080C,YMR109W,0,0.6489351,0.1600300520658493,0.42472583055496216,0.22366710007190704
YOR373W,YNL162W,0,0.64887625,0.15996995568275452,0.42472583055496216,0.22376713156700134
YBR001C,YCR037C,0,0.6486318,0.1599099040031433,0.42472583055496216,0.22386716306209564
YHL032C,YAR007C,0,0.6482326,0.15984991192817688,0.42472583055496216,0.22396719455718994
YMR287C,YLR438C-A,0,0.64791,0.15978994965553284,0.42472583055496216,0.22406722605228424
YKL156W,YGL123W,0,0.6477419,0.15973003208637238,0.42472583055496216,0.22416725754737854
YJR158W,YDL056W,0,0.6472684,0.1596701592206955,0.42472583055496216,0.22426727414131165
YDL210W,YHL044W,0,0.64721966,0.1596103459596634,0.42472583055496216,0.22436730563640594
YDR329C,YCL057C-A,0,0.6471131,0.15955056250095367,0.42472583055496216,0.22446733713150024
YDR511W,YDR520C,0,0.6470983,0.15949082374572754,0.42472583055496216,0.22456736862659454
YOR202W,YGL040C,1,0.646815,0.15980538725852966,0.4257228374481201,0.22456736862659454
YER184C,YCL047C,0,0.6467162,0.15974560379981995,0.4257228374481201,0.22466740012168884
YML116W,YDR054C,0,0.64640015,0.1596858650445938,0.4257228374481201,0.22476743161678314
YAL044C,YOL147C,0,0.6460725,0.15962617099285126,0.4257228374481201,0.22486746311187744
YBL106C,YMR012W,0,0.64584106,0.15956652164459229,0.4257228374481201,0.22496749460697174
YAL012W,YNR033W,1,0.6455571,0.15988045930862427,0.4267198443412781,0.22496749460697174
YML037C,YDL146W,0,0.64543986,0.1598207652568817,0.4267198443412781,0.22506752610206604
YDR231C,YDR077W,0,0.64531714,0.15976110100746155,0.4267198443412781,0.22516755759716034
YMR297W,YMR012W,0,0.64509517,0.15970149636268616,0.4267198443412781,0.22526757419109344
YKL088W,YLR134W,1,0.64385724,0.16001491248607635,0.42771685123443604,0.22526757419109344
YCR077C,YKR037C,0,0.6437651,0.15995526313781738,0.42771685123443604,0.22536760568618774
YOR155C,YPR049C,0,0.6436946,0.1598956435918808,0.42771685123443604,0.22546763718128204
YML005W,YPR047W,0,0.6435306,0.1598360687494278,0.42771685123443604,0.22556766867637634
YNL210W,YGR292W,0,0.6434505,0.15977653861045837,0.42771685123443604,0.22566770017147064
YKR061W,YDR376W,0,0.64310694,0.15971705317497253,0.42771685123443604,0.22576773166656494
YML085C,YIL126W,0,0.64203274,0.15965761244297028,0.42771685123443604,0.22586776316165924
YPL031C,YDR014W,0,0.6419696,0.1595982164144516,0.42771685123443604,0.22596779465675354
YMR235C,YDL075W,0,0.6416832,0.1595388650894165,0.42771685123443604,0.22606782615184784
YDL130W,YNL189W,0,0.6414792,0.159479558467865,0.42771685123443604,0.22616785764694214
YJR016C,YDR322W,0,0.64144224,0.15942029654979706,0.42771685123443604,0.22626787424087524
YER065C,YDR127W,1,0.64002824,0.15973253548145294,0.428713858127594,0.22626787424087524
YGR009C,YNR045W,0,0.63983613,0.15967322885990143,0.428713858127594,0.22636790573596954
YKR014C,YDL185W,0,0.6391599,0.1596139520406723,0.428713858127594,0.22646793723106384
YLL013C,YOR381W,0,0.6388508,0.15955473482608795,0.428713858127594,0.22656796872615814
YBR286W,YHR064C,0,0.63865125,0.159495547413826,0.428713858127594,0.22666800022125244
YMR139W,YGL095C,0,0.63841796,0.1594364047050476,0.428713858127594,0.22676803171634674
YDR093W,YNL061W,0,0.6380958,0.159377321600914,0.428713858127594,0.22686806321144104
YMR247C,YBL064C,0,0.6380116,0.15931826829910278,0.428713858127594,0.22696809470653534
YJL170C,YEL059C-A,0,0.6375561,0.15925925970077515,0.428713858127594,0.22706812620162964
YGL128C,YGL123W,0,0.63749874,0.1592002958059311,0.428713858127594,0.22716815769672394
YGL223C,YDR018C,0,0.6369195,0.15914137661457062,0.428713858127594,0.22726817429065704
YKR072C,YER090W,1,0.63624156,0.15945245325565338,0.42971086502075195,0.22726817429065704
YNR045W,YBL022C,0,0.63589203,0.15939348936080933,0.42971086502075195,0.22736820578575134
YPL160W,YGR135W,0,0.6355654,0.15933457016944885,0.42971086502075195,0.22746823728084564
YKL004W,YML074C,0,0.63514817,0.15927568078041077,0.42971086502075195,0.22756826877593994
YKR062W,YLR038C,0,0.63401234,0.15921685099601746,0.42971086502075195,0.22766830027103424
YOR270C,YLR246W,0,0.63400686,0.15915805101394653,0.42971086502075195,0.22776833176612854
YEL065W,YKR105C,0,0.63386583,0.1590992957353592,0.42971086502075195,0.22786836326122284
YEL054C,YCR077C,0,0.6338545,0.15904058516025543,0.42971086502075195,0.22796839475631714
YGL168W,YOR174W,0,0.6338382,0.15898191928863525,0.42971086502075195,0.22806842625141144
YKL178C,YEL021W,0,0.6338159,0.15892329812049866,0.42971086502075195,0.22816845774650574
YGL168W,YNL115C,0,0.6326764,0.15886472165584564,0.42971086502075195,0.22826847434043884
YBR123C,YFL041W,0,0.6322931,0.1588061898946762,0.42971086502075195,0.22836850583553314
YER070W,YPR118W,0,0.6319802,0.15874770283699036,0.42971086502075195,0.22846853733062744
YML004C,YDL036C,1,0.6316919,0.15905743837356567,0.4307078719139099,0.22846853733062744
YDR013W,YHL047C,0,0.6316327,0.15899889171123505,0.4307078719139099,0.22856856882572174
YLR008C,YJR155W,0,0.6315563,0.1589404046535492,0.4307078719139099,0.22866860032081604
YNL291C,YER087C-A,0,0.63129365,0.15888194739818573,0.4307078719139099,0.22876863181591034
YJL157C,YDR060W,0,0.6307873,0.15882353484630585,0.4307078719139099,0.22886866331100464
YNR070W,YLR318W,0,0.6301723,0.15876516699790955,0.4307078719139099,0.22896869480609894
YMR287C,YLR306W,0,0.6300788,0.15870682895183563,0.4307078719139099,0.22906872630119324
YJL056C,YLR045C,0,0.6298284,0.1586485505104065,0.4307078719139099,0.22916875779628754
YNL291C,YGR101W,0,0.6288911,0.15859030187129974,0.4307078719139099,0.22926877439022064
YOR386W,YHR070W,0,0.6288841,0.15853211283683777,0.4307078719139099,0.22936880588531494
YPR028W,YLR265C,0,0.6288264,0.15847395360469818,0.4307078719139099,0.22946883738040924
YPL206C,YGR162W,0,0.62846714,0.15841583907604218,0.4307078719139099,0.22956886887550354
YOR128C,YLR304C,1,0.6281108,0.1587243378162384,0.43170487880706787,0.22956886887550354
YDR074W,YGL155W,0,0.6276078,0.15866617858409882,0.43170487880706787,0.22966890037059784
YDR047W,YDR298C,0,0.62760144,0.1586080640554428,0.43170487880706787,0.22976893186569214
YPR002W,YOR054C,1,0.62725544,0.1589161455631256,0.43270188570022583,0.22976893186569214
YJL080C,YIL155C,0,0.6269746,0.15885798633098602,0.43270188570022583,0.22986896336078644
YGL089C,YJR025C,0,0.6268691,0.15879985690116882,0.43270188570022583,0.22996899485588074
YBR291C,YHL047C,0,0.6267631,0.1587417721748352,0.43270188570022583,0.23006902635097504
YLL013C,YIL051C,0,0.6255753,0.15868373215198517,0.43270188570022583,0.23016905784606934
YLR044C,YDL036C,1,0.62507164,0.1589912325143814,0.4336988925933838,0.23016905784606934
YDR400W,YDR101C,0,0.6249343,0.1589331328868866,0.4336988925933838,0.23026907444000244
YFL004W,YIR002C,0,0.6248071,0.15887509286403656,0.4336988925933838,0.23036910593509674
YOL133W,YJL164C,0,0.6246531,0.1588170826435089,0.4336988925933838,0.23046913743019104
YGL089C,YDR418W,0,0.62459886,0.15875911712646484,0.4336988925933838,0.23056916892528534
YEL054C,YDR117C,0,0.62441784,0.15870121121406555,0.4336988925933838,0.23066920042037964
YLR098C,YER184C,0,0.62370664,0.15864332020282745,0.4336988925933838,0.23076923191547394
YAR015W,YNL217W,0,0.62311697,0.15858548879623413,0.4336988925933838,0.23086926341056824
YBR041W,YMR204C,0,0.62264854,0.1585277020931244,0.4336988925933838,0.23096929490566254
YIL074C,YDR011W,0,0.6222648,0.15846994519233704,0.4336988925933838,0.23106932640075684
YOR037W,YOL105C,0,0.62188876,0.15841223299503326,0.4336988925933838,0.23116935789585114
YJL080C,YMR023C,0,0.6214981,0.15835456550121307,0.4336988925933838,0.23126937448978424
YIL172C,YDR231C,0,0.62143743,0.15829694271087646,0.4336988925933838,0.23136940598487854
YMR302C,YGL227W,0,0.6211252,0.15823936462402344,0.4336988925933838,0.23146943747997284
YMR094W,YEL002C,0,0.62091434,0.1581818163394928,0.4336988925933838,0.23156946897506714
YNL242W,YMR012W,0,0.6206068,0.15812431275844574,0.4336988925933838,0.23166950047016144
YER086W,YDL200C,0,0.62023175,0.15806685388088226,0.4336988925933838,0.23176953196525574
YOR373W,YDR038C,0,0.6196612,0.15800943970680237,0.4336988925933838,0.23186956346035004
YER086W,YBL019W,1,0.6195774,0.15831518173217773,0.43469589948654175,0.23186956346035004
YPL123C,YER090W,1,0.6193981,0.158620685338974,0.4356929063796997,0.23186956346035004
YOR306C,YPL153C,0,0.6193856,0.15856313705444336,0.4356929063796997,0.23196959495544434
YIL150C,YPL031C,0,0.6190635,0.1585056185722351,0.4356929063796997,0.23206962645053864
YER114C,YOL117W,0,0.61879784,0.15844814479351044,0.4356929063796997,0.23216965794563293
YNL036W,YNL169C,1,0.61877877,0.1587531715631485,0.43668994307518005,0.23216965794563293
YLR097C,YIL138C,0,0.6185325,0.15869565308094025,0.43668994307518005,0.23226967453956604
YGR063C,YOL109W,0,0.61850864,0.15863817930221558,0.43668994307518005,0.23236970603466034
YGR035C,YOL071W,0,0.61842,0.1585807353258133,0.43668994307518005,0.23246973752975464
YCR096C,YMR221C,0,0.6183188,0.1585233509540558,0.43668994307518005,0.23256976902484894
YNL001W,YLR433C,0,0.617839,0.15846599638462067,0.43668994307518005,0.23266980051994324
YDL109C,YDR014W,0,0.61775076,0.15840868651866913,0.43668994307518005,0.23276983201503754
YBL024W,YDR534C,0,0.6176328,0.15835140645503998,0.43668994307518005,0.23286986351013184
YGR058W,YBR297W,0,0.61758125,0.1582941859960556,0.43668994307518005,0.23296989500522614
YJR016C,YIR002C,0,0.61748976,0.15823699533939362,0.43668994307518005,0.23306992650032043
YPL157W,YBR251W,0,0.61740243,0.1581798493862152,0.43668994307518005,0.23316995799541473
YPL106C,YIR017C,0,0.61739814,0.15812274813652039,0.43668994307518005,0.23326997458934784
YHR089C,YIR002C,0,0.6172627,0.15806567668914795,0.43668994307518005,0.23337000608444214
YKL178C,YMR016C,0,0.61705935,0.1580086648464203,0.43668994307518005,0.23347003757953644
YKL218C,YNL339C,0,0.61692035,0.15795168280601501,0.43668994307518005,0.23357006907463074
YER133W,YHL024W,0,0.61606723,0.15789473056793213,0.43668994307518005,0.23367010056972504
YDL043C,YOL147C,0,0.6159472,0.15783783793449402,0.43668994307518005,0.23377013206481934
YDR536W,YGL095C,0,0.61594623,0.1577809751033783,0.43668994307518005,0.23387016355991364
YHR089C,YOL092W,0,0.61573535,0.15772415697574615,0.43668994307518005,0.23397019505500793
YKL218C,YOR176W,1,0.61558557,0.15802735090255737,0.437686949968338,0.23397019505500793
YLR048W,YJR076C,0,0.61554646,0.15797048807144165,0.437686949968338,0.23407022655010223
YML094W,YIL124W,0,0.6154632,0.1579136699438095,0.437686949968338,0.23417025804519653
YDR448W,YAR018C,0,0.6151421,0.15785688161849976,0.437686949968338,0.23427027463912964
YMR282C,YCL059C,0,0.6150828,0.15780013799667358,0.437686949968338,0.23437030613422394
YIR015W,YHR081W,0,0.6150359,0.157743439078331,0.437686949968338,0.23447033762931824
YBR084W,YKL056C,0,0.6149517,0.15768678486347198,0.437686949968338,0.23457036912441254
YOR201C,YKL021C,0,0.614756,0.15763016045093536,0.437686949968338,0.23467040061950684
YGR086C,YMR204C,0,0.6147282,0.15757358074188232,0.437686949968338,0.23477043211460114
YKL179C,YNL339C,0,0.61472434,0.15751704573631287,0.437686949968338,0.23487046360969543
YDL033C,YGL031C,0,0.6142602,0.1574605405330658,0.437686949968338,0.23497049510478973
YDR523C,YDR247W,0,0.6141051,0.1574040949344635,0.437686949968338,0.23507052659988403
YPL019C,YMR127C,0,0.61359274,0.1573476642370224,0.437686949968338,0.23517055809497833
YEL064C,YML042W,0,0.61341715,0.15729129314422607,0.437686949968338,0.23527057468891144
YOR381W,YNR043W,0,0.6129112,0.15723495185375214,0.437686949968338,0.23537060618400574
YBL064C,YLR014C,0,0.61224747,0.15717865526676178,0.437686949968338,0.23547063767910004
YBL074C,YPR021C,0,0.61224484,0.157122403383255,0.437686949968338,0.23557066917419434
YDL129W,YBL039C,0,0.6121711,0.1570661962032318,0.437686949968338,0.23567070066928864
YPL019C,YPL172C,0,0.61207485,0.157010018825531,0.437686949968338,0.23577073216438293
YML054C,YGL227W,0,0.6119438,0.15695388615131378,0.437686949968338,0.23587076365947723
YGR170W,YPL281C,1,0.6117548,0.15725518763065338,0.43868395686149597,0.23587076365947723
YEL016C,YER173W,0,0.61159205,0.15719899535179138,0.43868395686149597,0.23597079515457153
YLR385C,YPL258C,0,0.61067975,0.15714286267757416,0.43868395686149597,0.23607082664966583
YER048W-A,YHR086W,0,0.61036533,0.15708675980567932,0.43868395686149597,0.23617085814476013
YJL153C,YOR182C,0,0.6101938,0.15703068673610687,0.43868395686149597,0.23627087473869324
YOR391C,YLR121C,0,0.60991275,0.1569746732711792,0.43868395686149597,0.23637090623378754
YHL008C,YER110C,0,0.6097835,0.1569186896085739,0.43868395686149597,0.23647093772888184
YNL316C,YOR176W,1,0.6097126,0.15721924602985382,0.43968096375465393,0.23647093772888184
YDR478W,YER106W,0,0.609468,0.15716321766376495,0.43968096375465393,0.23657096922397614
YMR142C,YPL085W,0,0.60919195,0.15710723400115967,0.43968096375465393,0.23667100071907043
YFL047W,YOR246C,0,0.60915196,0.15705128014087677,0.43968096375465393,0.23677103221416473
YCR020C,YBR291C,0,0.6087606,0.15699537098407745,0.43968096375465393,0.23687106370925903
YOR155C,YPL074W,0,0.60852635,0.15693950653076172,0.43968096375465393,0.23697109520435333
YNL039W,YGL084C,0,0.60851234,0.15688367187976837,0.43968096375465393,0.23707112669944763
YNL007C,YDR487C,0,0.60850525,0.1568278819322586,0.43968096375465393,0.23717115819454193
YMR211W,YEL061C,0,0.6073855,0.15677213668823242,0.43968096375465393,0.23727117478847504
YGL040C,YER045C,0,0.6063792,0.15671642124652863,0.43968096375465393,0.23737120628356934
YNL316C,YER086W,1,0.6063767,0.15701597929000854,0.4406779706478119,0.23737120628356934
YJR145C,YHR023W,0,0.60606825,0.15696023404598236,0.4406779706478119,0.23747123777866364
YBR198C,YIL145C,0,0.60547566,0.15690450370311737,0.4406779706478119,0.23757126927375793
YDR329C,YIL009C-A,0,0.6054615,0.15684883296489716,0.4406779706478119,0.23767130076885223
YBR123C,YDR103W,0,0.60524154,0.15679319202899933,0.4406779706478119,0.23777133226394653
YML106W,YPL160W,0,0.6051462,0.15673759579658508,0.4406779706478119,0.23787136375904083
YGL196W,YOR393W,1,0.60458004,0.15703651309013367,0.44167497754096985,0.23787136375904083
YJL108C,YNL289W,0,0.60334855,0.15698085725307465,0.44167497754096985,0.23797139525413513
YDR322W,YML087C,0,0.6028855,0.1569252610206604,0.44167497754096985,0.23807142674922943
YDL137W,YLR441C,0,0.60285425,0.15686969459056854,0.44167497754096985,0.23817145824432373
YHR036W,YPR021C,0,0.60264564,0.15681415796279907,0.44167497754096985,0.23827147483825684
YER120W,YKR037C,0,0.60256803,0.15675866603851318,0.44167497754096985,0.23837150633335114
YGL213C,YAL012W,0,0.60194385,0.15670321881771088,0.44167497754096985,0.23847153782844543
YER025W,YIL009C-A,0,0.6016756,0.15664780139923096,0.44167497754096985,0.23857156932353973
YOL071W,YCL066W,0,0.6013779,0.15659242868423462,0.44167497754096985,0.23867160081863403
YGR292W,YPR036W,0,0.6011402,0.15653710067272186,0.44167497754096985,0.23877163231372833
YDR032C,YMR037C,0,0.60073555,0.1564818024635315,0.44167497754096985,0.23887166380882263
YMR235C,YJL219W,0,0.6003809,0.1564265489578247,0.44167497754096985,0.23897169530391693
YBL078C,YMR023C,0,0.6001614,0.1563713401556015,0.44167497754096985,0.23907172679901123
YBR267W,YER091C,0,0.5999198,0.15631616115570068,0.44167497754096985,0.23917175829410553
YMR211W,YNR007C,0,0.59981155,0.15626102685928345,0.44167497754096985,0.23927177488803864
YLR192C,YBR164C,0,0.59971756,0.1562059223651886,0.44167497754096985,0.23937180638313293
YGL161C,YDL051W,0,0.59957683,0.15615086257457733,0.44167497754096985,0.23947183787822723
YOR393W,YDR047W,1,0.59928584,0.15644820034503937,0.4426719844341278,0.23947183787822723
YER027C,YER140W,0,0.5991056,0.15639309585094452,0.4426719844341278,0.23957186937332153
YBL106C,YDR529C,0,0.5984533,0.15633802115917206,0.4426719844341278,0.23967190086841583
YPR168W,YML081C-A,0,0.59816766,0.15628300607204437,0.4426719844341278,0.23977193236351013
YOL115W,YER090W,1,0.59774965,0.1565798670053482,0.44366899132728577,0.23977193236351013
YJL097W,YPL154C,0,0.5975092,0.15652479231357574,0.44366899132728577,0.23987196385860443
YEL065W,YCR037C,0,0.5971091,0.15646976232528687,0.44366899132728577,0.23997199535369873
YKR072C,YKL182W,1,0.5970653,0.15676625072956085,0.4446659982204437,0.23997199535369873
YDR532C,YPL038W,0,0.5968929,0.1567111760377884,0.4446659982204437,0.24007202684879303
YNL316C,YPR002W,1,0.5967025,0.1570073813199997,0.4456630051136017,0.24007202684879303
YBR286W,YJL025W,0,0.5964967,0.15695224702358246,0.4456630051136017,0.24017205834388733
YBL069W,YDR116C,0,0.59638774,0.1568971574306488,0.4456630051136017,0.24027207493782043
YLL013C,YDR047W,0,0.5959306,0.15684211254119873,0.4456630051136017,0.24037210643291473
YGR220C,YBR142W,0,0.59587705,0.15678709745407104,0.4456630051136017,0.24047213792800903
YPL231W,YPR021C,0,0.5956719,0.15673211216926575,0.4456630051136017,0.24057216942310333
YOL100W,YDL067C,0,0.5947582,0.15667718648910522,0.4456630051136017,0.24067220091819763
YKL088W,YER090W,1,0.59466004,0.15697267651557922,0.44666001200675964,0.24067220091819763
YHR206W,YBR283C,0,0.59407127,0.15691769123077393,0.44666001200675964,0.24077223241329193
YML018C,YOR143C,0,0.59393984,0.1568627506494522,0.44666001200675964,0.24087226390838623
YGR116W,YMR017W,0,0.5938809,0.15680783987045288,0.44666001200675964,0.24097229540348053
YBL093C,YCL069W,0,0.5938338,0.15675297379493713,0.44666001200675964,0.24107232689857483
YDR443C,YDR166C,0,0.593311,0.15669815242290497,0.44666001200675964,0.24117235839366913
YEL017C-A,YDL056W,0,0.5927827,0.1566433608531952,0.44666001200675964,0.24127237498760223
YGL120C,YMR292W,0,0.5915987,0.1565885990858078,0.44666001200675964,0.24137240648269653
YHL008C,YDL195W,0,0.5904882,0.15653389692306519,0.44666001200675964,0.24147243797779083
YIL172C,YOR127W,0,0.5904516,0.15647922456264496,0.44666001200675964,0.24157246947288513
YJR016C,YDR071C,0,0.59038407,0.15642458200454712,0.44666001200675964,0.24167250096797943
YER095W,YGL211W,0,0.5902734,0.15636998414993286,0.44666001200675964,0.24177253246307373
YDL129W,YKR104W,0,0.5901173,0.156315416097641,0.44666001200675964,0.24187256395816803
YOR373W,YHR081W,0,0.59004354,0.1562608927488327,0.44666001200675964,0.24197259545326233
YNL316C,YDR487C,1,0.58983505,0.15655508637428284,0.4476570188999176,0.24197259545326233
YJR094W-A,YPR070W,0,0.58978546,0.15650051832199097,0.4476570188999176,0.24207262694835663
YPL174C,YER184C,0,0.58960855,0.15644599497318268,0.4476570188999176,0.24217265844345093
YLR359W,YOL115W,1,0.58922136,0.15673981606960297,0.44865402579307556,0.24217265844345093
YBR092C,YEL016C,0,0.5886545,0.1566852331161499,0.44865402579307556,0.24227267503738403
YER087C-A,YNL213C,0,0.58856475,0.15663069486618042,0.44865402579307556,0.24237270653247833
YBR267W,YPR184W,0,0.58833724,0.15657620131969452,0.44865402579307556,0.24247273802757263
YNL210W,YJL056C,0,0.58824503,0.156521737575531,0.44865402579307556,0.24257276952266693
YOR369C,YCR037C,0,0.5880474,0.15646731853485107,0.44865402579307556,0.24267280101776123
YHR086W,YCR037C,0,0.58782405,0.15641292929649353,0.44865402579307556,0.24277283251285553
YBL078C,YML034W,0,0.58770764,0.15635858476161957,0.44865402579307556,0.24287286400794983
YBR022W,YMR282C,0,0.5875578,0.156304270029068,0.44865402579307556,0.24297289550304413
YBL020W,YEL058W,0,0.5872787,0.15625,0.44865402579307556,0.24307292699813843
YPR102C,YOR080W,0,0.5868859,0.1561957597732544,0.44865402579307556,0.24317295849323273
YOL071W,YGR006W,0,0.58676165,0.15614156424999237,0.44865402579307556,0.24327297508716583
YDR533C,YBR087W,0,0.5865209,0.15608741343021393,0.44865402579307556,0.24337300658226013
YHL044W,YMR285C,0,0.5864626,0.15603329241275787,0.44865402579307556,0.24347303807735443
YLR459W,YGL185C,0,0.58612084,0.1559792011976242,0.44865402579307556,0.24357306957244873
YMR166C,YOR039W,0,0.5859295,0.15592515468597412,0.44865402579307556,0.24367310106754303
YLR266C,YLR186W,0,0.5851123,0.15587115287780762,0.44865402579307556,0.24377313256263733
YDL130W,YNL012W,0,0.5848391,0.1558171808719635,0.44865402579307556,0.24387316405773163
YML125C,YKL143W,0,0.5842147,0.15576323866844177,0.44865402579307556,0.24397319555282593
YHR143W,YNR040W,0,0.58388877,0.15570934116840363,0.44865402579307556,0.24407322704792023
YOR348C,YML104C,0,0.58360255,0.15565548837184906,0.44865402579307556,0.24417325854301453
YDL229W,YOR116C,0,0.58356774,0.15560166537761688,0.44865402579307556,0.24427327513694763
YDL130W,YPR178W,0,0.58340275,0.1555478721857071,0.44865402579307556,0.24437330663204193
YBR123C,YML081C-A,0,0.5831343,0.15549412369728088,0.44865402579307556,0.24447333812713623
YLR126C,YDR393W,0,0.5827575,0.15544041991233826,0.44865402579307556,0.24457336962223053
YGR159C,YGR063C,0,0.582469,0.15538674592971802,0.44865402579307556,0.24467340111732483
YNL316C,YDR047W,1,0.58234644,0.15567828714847565,0.4496510326862335,0.24467340111732483
YER048W-A,YDR297W,0,0.5821961,0.15562456846237183,0.4496510326862335,0.24477343261241913
YJR075W,YPR028W,0,0.5815153,0.1555708795785904,0.4496510326862335,0.24487346410751343
YBR299W,YPR021C,0,0.58129144,0.15551723539829254,0.4496510326862335,0.24497349560260773
YGR155W,YHR018C,1,0.5810037,0.15580834448337555,0.45064806938171387,0.24497349560260773
YOR047C,YLR090W,0,0.58089054,0.15575465559959412,0.45064806938171387,0.24507352709770203
YDR239C,YGR037C,0,0.58075595,0.15570099651813507,0.45064806938171387,0.24517355859279633
YBR040W,YAL058W,0,0.58056223,0.1556473821401596,0.45064806938171387,0.24527357518672943
YBL057C,YMR292W,0,0.58052546,0.15559379756450653,0.45064806938171387,0.24537360668182373
YBR036C,YOR151C,0,0.5804215,0.15554025769233704,0.45064806938171387,0.24547363817691803
YDL130W-A,YER164W,0,0.58002675,0.15548676252365112,0.45064806938171387,0.24557366967201233
YBR198C,YER153C,0,0.5791283,0.1554332822561264,0.45064806938171387,0.24567370116710663
YLR134W,YJL190C,0,0.57793784,0.15537986159324646,0.45064806938171387,0.24577373266220093
YNL036W,YKL060C,1,0.57771957,0.15567010641098022,0.4516450762748718,0.24577373266220093
YPR047W,YJL148W,0,0.5774856,0.1556166261434555,0.4516450762748718,0.24587376415729523
YGR106C,YMR023C,0,0.57746404,0.15556319057941437,0.4516450762748718,0.24597379565238953
YOL064C,YBR185C,0,0.5773479,0.15550978481769562,0.4516450762748718,0.24607382714748383
YOR182C,YDR197W,0,0.57715863,0.15545642375946045,0.4516450762748718,0.24617385864257812
YKL088W,YML124C,0,0.5770385,0.15540309250354767,0.4516450762748718,0.24627387523651123
YPL060W,YKL010C,0,0.57676816,0.15534979104995728,0.4516450762748718,0.24637390673160553
YLR414C,YJL052W,0,0.57646334,0.15529653429985046,0.4516450762748718,0.24647393822669983
YBR273C,YDL185W,0,0.57564366,0.15524332225322723,0.4516450762748718,0.24657396972179413
YDR050C,YNL322C,0,0.57535875,0.1551901400089264,0.4516450762748718,0.24667400121688843
YNL292W,YOR391C,0,0.5752206,0.15513698756694794,0.4516450762748718,0.24677403271198273
YNL101W,YOR246C,0,0.5749569,0.15508387982845306,0.4516450762748718,0.24687406420707703
YOR128C,YBR213W,1,0.57410085,0.15537303686141968,0.4526420831680298,0.24687406420707703
YNL218W,YJL062W,0,0.57374775,0.15531986951828003,0.4526420831680298,0.24697409570217133
YEL059C-A,YLR356W,0,0.57211655,0.15526676177978516,0.4526420831680298,0.24707412719726562
YER044C,YPR122W,0,0.57205003,0.15521366894245148,0.4526420831680298,0.24717415869235992
YFL029C,YPL095C,0,0.57189596,0.15516063570976257,0.4526420831680298,0.24727417528629303
YOR386W,YOR393W,1,0.57156914,0.1554492712020874,0.45363909006118774,0.24727417528629303
YMR314W,YHR086W,0,0.57118714,0.15539617836475372,0.45363909006118774,0.24737420678138733
YKR050W,YGR218W,0,0.5711192,0.15534311532974243,0.45363909006118774,0.24747423827648163
YPL121C,YBR040W,0,0.57057464,0.15529009699821472,0.45363909006118774,0.24757426977157593
YIR012W,YOL156W,0,0.57042503,0.1552371233701706,0.45363909006118774,0.24767430126667023
YHR112C,YKL182W,1,0.5703592,0.15552523732185364,0.4546360969543457,0.24767430126667023
YGR088W,YDL200C,0,0.57012635,0.15547221899032593,0.4546360969543457,0.24777433276176453
YHR147C,YMR292W,0,0.57009614,0.1554192155599594,0.4546360969543457,0.24787436425685883
YHR046C,YHR036W,0,0.5699955,0.15536627173423767,0.4546360969543457,0.24797439575195312
YNL001W,YDR536W,0,0.56976384,0.15531335771083832,0.4546360969543457,0.24807442724704742
YNR016C,YDL200C,0,0.5694518,0.15526047348976135,0.4546360969543457,0.24817445874214172
YBL075C,YBR048W,0,0.56938255,0.15520761907100677,0.4546360969543457,0.24827447533607483
YOR037W,YPL271W,0,0.5688842,0.15515480935573578,0.4546360969543457,0.24837450683116913
YDR329C,YMR204C,0,0.5681665,0.15510204434394836,0.4546360969543457,0.24847453832626343
YBL022C,YDR436W,0,0.56812876,0.15504930913448334,0.4546360969543457,0.24857456982135773
YOR389W,YCR028C,0,0.56812,0.1549966037273407,0.4546360969543457,0.24867460131645203
YHR160C,YPR178W,0,0.568074,0.15494392812252045,0.4546360969543457,0.24877463281154633
YHR171W,YFR006W,0,0.5678696,0.15489129722118378,0.4546360969543457,0.24887466430664062
YBR207W,YMR012W,0,0.56762934,0.1548387110233307,0.4546360969543457,0.24897469580173492
YJR068W,YML087C,0,0.5675331,0.1547861546278,0.4546360969543457,0.24907472729682922
YOL002C,YMR017W,0,0.5673864,0.15473362803459167,0.4546360969543457,0.24917475879192352
YDR456W,YLR318W,0,0.567032,0.15468114614486694,0.4546360969543457,0.24927477538585663
YEL015W,YPR054W,0,0.5668619,0.1546286940574646,0.4546360969543457,0.24937480688095093
YOR315W,YDR418W,0,0.5668036,0.15457627177238464,0.4546360969543457,0.24947483837604523
YEL061C,YEL050C,0,0.5667902,0.15452389419078827,0.4546360969543457,0.24957486987113953
YOR288C,YJL109C,0,0.5667159,0.15447154641151428,0.4546360969543457,0.24967490136623383
YHR018C,YOR054C,1,0.56670094,0.15475787222385406,0.45563310384750366,0.24967490136623383
YNL308C,YLR172C,0,0.56658226,0.1547054797410965,0.45563310384750366,0.24977493286132812
YEL038W,YMR290C,0,0.56585085,0.1546531319618225,0.45563310384750366,0.24987496435642242
YDR012W,YGL137W,0,0.5657178,0.1546008139848709,0.45563310384750366,0.24997499585151672
YIL074C,YLR120C,0,0.5653458,0.1545485258102417,0.45563310384750366,0.25007501244544983
YGR292W,YBR082C,0,0.5649533,0.15449628233909607,0.45563310384750366,0.2501750588417053
YOL092W,YGR286C,0,0.56461155,0.15444406867027283,0.45563310384750366,0.2502750754356384
YPL271W,YMR221C,0,0.56420183,0.15439188480377197,0.45563310384750366,0.2503751218318939
YGR263C,YIL112W,0,0.56385946,0.1543397456407547,0.45563310384750366,0.250475138425827
YJR016C,YMR312W,0,0.5638374,0.15428763628005981,0.45563310384750366,0.2505751848220825
YOR393W,YER065C,1,0.56370765,0.15457306802272797,0.4566301107406616,0.2505751848220825
YMR307W,YCL069W,0,0.56367594,0.1545209139585495,0.4566301107406616,0.2506752014160156
YMR056C,YLL038C,0,0.56286925,0.15446880459785461,0.4566301107406616,0.25077521800994873
YGL120C,YOR356W,0,0.5627399,0.15441672503948212,0.4566301107406616,0.2508752644062042
YHL024W,YMR071C,0,0.5621404,0.154364675283432,0.4566301107406616,0.25097528100013733
YOR315W,YPL174C,0,0.5616178,0.15431267023086548,0.4566301107406616,0.2510753273963928
YMR307W,YER088C,0,0.56107706,0.15426069498062134,0.4566301107406616,0.2511753439903259
YBR048W,YAR007C,0,0.560646,0.15420874953269958,0.4566301107406616,0.2512753903865814
YDR121W,YJL101C,0,0.56054115,0.1541568487882614,0.4566301107406616,0.2513754069805145
YHR025W,YLR427W,0,0.560491,0.15410497784614563,0.4566301107406616,0.25147545337677
YNL244C,YDR534C,0,0.56048965,0.15405315160751343,0.4566301107406616,0.2515754699707031
YDL136W,YJL062W,0,0.5600275,0.15400134027004242,0.4566301107406616,0.2516755163669586
YJL121C,YLR306W,0,0.55891365,0.153949573636055,0.4566301107406616,0.2517755329608917
YOL157C,YDR031W,0,0.5588046,0.15389785170555115,0.4566301107406616,0.25187554955482483
YHR206W,YMR080C,0,0.55854845,0.1538461595773697,0.4566301107406616,0.2519755959510803
YLR142W,YCR020C,0,0.558442,0.15379449725151062,0.4566301107406616,0.2520756125450134
YGR029W,YLR038C,0,0.55799764,0.15374286472797394,0.4566301107406616,0.2521756589412689
YOR381W,YBR012W-A,0,0.55778813,0.15369127690792084,0.4566301107406616,0.252275675535202
YBR264C,YPR005C,0,0.5574292,0.15363971889019012,0.4566301107406616,0.2523757219314575
YJL133W,YDR298C,0,0.55708075,0.1535881906747818,0.4566301107406616,0.2524757385253906
YLR446W,YGR200C,0,0.5560427,0.15353670716285706,0.4566301107406616,0.2525757849216461
YBR092C,YAL025C,0,0.5559381,0.1534852534532547,0.4566301107406616,0.2526758015155792
YOR228C,YBL022C,0,0.5558586,0.15343382954597473,0.4566301107406616,0.25277581810951233
YOL157C,YKL024C,0,0.5551318,0.15338245034217834,0.4566301107406616,0.2528758645057678
YEL054C,YIR023W,0,0.55505437,0.15333110094070435,0.4566301107406616,0.2529758810997009
YDL138W,YPL159C,0,0.5549729,0.15327978134155273,0.4566301107406616,0.2530759274959564
YCR010C,YLL022C,0,0.55490893,0.1532285064458847,0.4566301107406616,0.2531759440898895
YBR122C,YJL121C,0,0.5547817,0.15317726135253906,0.4566301107406616,0.253275990486145
YOL147C,YDR298C,0,0.5544565,0.1531260460615158,0.4566301107406616,0.2533760070800781
YBR213W,YFL061W,1,0.55434215,0.15340909361839294,0.4576271176338196,0.2533760070800781
YJL019W,YPL028W,0,0.554176,0.1533578336238861,0.4576271176338196,0.2534760534763336
YDR479C,YLR441C,0,0.5537998,0.15330661833286285,0.4576271176338196,0.2535760700702667
YML124C,YER048W-A,0,0.55354655,0.153255432844162,0.4576271176338196,0.2536761164665222
YDL185W,YGR061C,0,0.553439,0.1532042771577835,0.4576271176338196,0.2537761330604553
YIR017C,YDR054C,0,0.5532859,0.15315315127372742,0.4576271176338196,0.2538761496543884
YAR010C,YPL048W,0,0.55260473,0.1531020700931549,0.4576271176338196,0.2539761960506439
YPR028W,YGR002C,0,0.55250674,0.15305101871490479,0.4576271176338196,0.254076212644577
YNR061C,YPL174C,0,0.55249023,0.15299999713897705,0.4576271176338196,0.2541762590408325
YPL214C,YER106W,0,0.5523119,0.1529490202665329,0.4576271176338196,0.2542762756347656
YIL171W,YDL146W,0,0.5519707,0.15289807319641113,0.4576271176338196,0.2543763220310211
YCL075W,YGR071C,0,0.5518505,0.15284715592861176,0.4576271176338196,0.2544763386249542
YPL089C,YOR120W,0,0.5518372,0.15279626846313477,0.4576271176338196,0.2545763850212097
YDL136W,YOR348C,0,0.5516319,0.15274542570114136,0.4576271176338196,0.2546764016151428
YDR239C,YGR061C,0,0.55153525,0.15269461274147034,0.4576271176338196,0.2547764182090759
YBR297W,YKL017C,0,0.5514749,0.1526438295841217,0.4576271176338196,0.2548764646053314
YPR063C,YCL027W,0,0.5511321,0.15259309113025665,0.4576271176338196,0.2549764811992645
YHL018W,YHR174W,1,0.5503614,0.15287470817565918,0.45862412452697754,0.2549764811992645
YBL093C,YPR028W,0,0.54990804,0.15282392501831055,0.45862412452697754,0.25507652759552
YHR207C,YKR048C,0,0.5494698,0.1527731716632843,0.45862412452697754,0.2551765441894531
YJL143W,YMR211W,0,0.54933417,0.15272244811058044,0.45862412452697754,0.2552765905857086
YML125C,YBR084W,0,0.54918337,0.15267175436019897,0.45862412452697754,0.2553766071796417
YGR026W,YJL102W,0,0.5489861,0.1526211053133011,0.45862412452697754,0.2554766535758972
YDR503C,YEL015W,0,0.54893166,0.15257048606872559,0.45862412452697754,0.2555766701698303
YOR075W,YHL016C,0,0.5489012,0.15251989662647247,0.45862412452697754,0.2556767165660858
YHR101C,YOL156W,0,0.5486971,0.15246933698654175,0.45862412452697754,0.2557767331600189
YMR316W,YPL121C,0,0.5484589,0.1524188220500946,0.45862412452697754,0.255876749753952
YOR386W,YGR155W,1,0.5483437,0.1526995748281479,0.4596211314201355,0.255876749753952
YKL184W,YGL040C,1,0.5480364,0.15298013389110565,0.46061813831329346,0.255876749753952
YPR054W,YLL035W,0,0.54762244,0.15292949974536896,0.46061813831329346,0.2559767961502075
YCL063W,YKR048C,0,0.5474162,0.15287889540195465,0.46061813831329346,0.2560768127441406
YDR056C,YNL268W,0,0.54724467,0.15282832086086273,0.46061813831329346,0.2561768591403961
YIL101C,YJL136C,0,0.54719126,0.1527777761220932,0.46061813831329346,0.2562768757343292
YDR456W,YOL123W,0,0.54667383,0.15272727608680725,0.46061813831329346,0.2563769221305847
YER025W,YOR131C,0,0.5461748,0.1526768058538437,0.46061813831329346,0.2564769387245178
YGR006W,YMR022W,0,0.5458544,0.15262636542320251,0.46061813831329346,0.2565769851207733
YHR025W,YOR270C,0,0.54498404,0.15257595479488373,0.46061813831329346,0.2566770017147064
YNR050C,YPL172C,0,0.5449655,0.15252558887004852,0.46061813831329346,0.2567770183086395
YKL211C,YGL026C,1,0.5445599,0.15280528366565704,0.4616151452064514,0.2567770183086395
YJL121C,YLR176C,0,0.54385704,0.15275487303733826,0.4616151452064514,0.256877064704895
YJR015W,YJL056C,0,0.54383886,0.15270449221134186,0.4616151452064514,0.2569770812988281
YNR011C,YCL047C,0,0.5432645,0.15265414118766785,0.4616151452064514,0.2570771276950836
YGL229C,YPL174C,0,0.54291475,0.15260381996631622,0.4616151452064514,0.2571771442890167
YOL138C,YDR054C,0,0.542729,0.15255354344844818,0.4616151452064514,0.2572771906852722
YMR166C,YLR276C,0,0.54241246,0.15250329673290253,0.4616151452064514,0.2573772072792053
YKR105C,YLR403W,0,0.54232866,0.15245307981967926,0.4616151452064514,0.2574772536754608
YMR316W,YDL019C,0,0.5419526,0.15240289270877838,0.4616151452064514,0.2575772702693939
YFL061W,YDL036C,1,0.54179764,0.15268179774284363,0.4626121520996094,0.2575772702693939
YOR386W,YKL114C,1,0.5410572,0.15296052396297455,0.46360915899276733,0.2575772702693939
YBL024W,YGL157W,0,0.5407498,0.1529102325439453,0.46360915899276733,0.2576773166656494
YOL100W,YLR097C,0,0.54069686,0.15285995602607727,0.46360915899276733,0.2577773332595825
YBL024W,YKL011C,0,0.5403966,0.1528097242116928,0.46360915899276733,0.2578773498535156
YGL090W,YDL185W,0,0.5403781,0.15275952219963074,0.46360915899276733,0.2579773962497711
YER099C,YOL064C,0,0.5403592,0.15270936489105225,0.46360915899276733,0.2580774128437042
YOL067C,YHR181W,0,0.5403037,0.15265922248363495,0.46360915899276733,0.2581774592399597
YBL069W,YOR120W,0,0.53983194,0.15260912477970123,0.46360915899276733,0.2582774758338928
YOR096W,YDR376W,0,0.539058,0.1525590568780899,0.46360915899276733,0.2583775222301483
YDL137W,YIL009C-A,0,0.5388195,0.15250901877880096,0.46360915899276733,0.2584775388240814
YGL021W,YPR108W,0,0.53879976,0.1524590104818344,0.46360915899276733,0.2585775852203369
YLL013C,YLR430W,0,0.53845,0.15240904688835144,0.46360915899276733,0.25867760181427
YJL153C,YLR045C,0,0.5383178,0.15235911309719086,0.46360915899276733,0.2587776184082031
YMR208W,YER106W,0,0.53708816,0.15230920910835266,0.46360915899276733,0.2588776648044586
YBR248C,YKR072C,1,0.5370003,0.15258677303791046,0.4646061956882477,0.2588776648044586
YHR031C,YJR121W,0,0.5369638,0.15253682434558868,0.4646061956882477,0.2589776813983917
YGR263C,YIL126W,0,0.53643346,0.1524869054555893,0.4646061956882477,0.2590777277946472
YFL004W,YDR054C,0,0.5364249,0.1524370312690735,0.4646061956882477,0.2591777443885803
YDR036C,YDL130W-A,0,0.53585815,0.15238718688488007,0.4646061956882477,0.2592777907848358
YDL210W,YDR511W,0,0.5358412,0.15233737230300903,0.4646061956882477,0.2593778073787689
YER114C,YKL140W,0,0.5358136,0.1522875875234604,0.4646061956882477,0.2594778537750244
YER036C,YIL126W,0,0.5352319,0.15223783254623413,0.4646061956882477,0.2595778703689575
YOL030W,YLR304C,0,0.53507245,0.15218810737133026,0.4646061956882477,0.259677916765213
YGR274C,YPL159C,0,0.5348749,0.15213842689990997,0.4646061956882477,0.2597779333591461
YHL044W,YMR023C,0,0.5348468,0.15208877623081207,0.4646061956882477,0.2598779499530792
YOR128C,YOR054C,1,0.53481454,0.15236541628837585,0.46560320258140564,0.2598779499530792
YGR295C,YMR022W,0,0.5343741,0.15231572091579437,0.46560320258140564,0.2599779963493347
YHL018W,YJL005W,1,0.5343431,0.15259210765361786,0.4666002094745636,0.2599779963493347
YDL060W,YGL227W,0,0.5342851,0.1525423675775528,0.4666002094745636,0.2600780129432678
YMR139W,YDR046C,0,0.5342421,0.1524926722049713,0.4666002094745636,0.2601780593395233
YOR386W,YDR234W,1,0.5333824,0.15276873111724854,0.46759721636772156,0.2601780593395233
YDR121W,YPR192W,0,0.5332042,0.15271899104118347,0.46759721636772156,0.2602780759334564
YDR312W,YAL062W,0,0.53311145,0.1526692658662796,0.46759721636772156,0.2603781223297119
YKL100C,YBL090W,0,0.53306425,0.15261958539485931,0.46759721636772156,0.260478138923645
YDR242W,YER114C,0,0.5330585,0.1525699347257614,0.46759721636772156,0.2605781853199005
YNL098C,YKR009C,0,0.5327849,0.1525203287601471,0.46759721636772156,0.2606782019138336
YHR167W,YBR297W,0,0.5326624,0.15247073769569397,0.46759721636772156,0.2607782483100891
YLR106C,YOL149W,0,0.532609,0.15242119133472443,0.46759721636772156,0.2608782649040222
YGR047C,YGR220C,0,0.53253174,0.15237167477607727,0.46759721636772156,0.2609782814979553
YML027W,YDR456W,0,0.5325198,0.1523221880197525,0.46759721636772156,0.2610783278942108
YDR294C,YOR176W,1,0.5319448,0.15259739756584167,0.4685942232608795,0.2610783278942108
YGR162W,YCL047C,0,0.53170294,0.15254788100719452,0.4685942232608795,0.2611783444881439
YPL148C,YPL092W,0,0.53119826,0.15249837934970856,0.4685942232608795,0.2612783908843994
YDR443C,YNL325C,0,0.5310542,0.15244890749454498,0.4685942232608795,0.2613784074783325
YFR003C,YBR207W,0,0.5310099,0.152399480342865,0.4685942232608795,0.261478453874588
YAL023C,YPL143W,0,0.53097194,0.15235008299350739,0.4685942232608795,0.2615784704685211
YLR098C,YOR211C,0,0.5307729,0.15230071544647217,0.4685942232608795,0.2616785168647766
YPL220W,YPL038W,0,0.5301188,0.15225137770175934,0.4685942232608795,0.2617785334587097
YJR013W,YIL160C,0,0.5301148,0.1522020697593689,0.4685942232608795,0.2618785500526428
YPL089C,YNL115C,0,0.52991116,0.15215280652046204,0.4685942232608795,0.2619785964488983
YPL281C,YBL055C,0,0.5296005,0.15210355818271637,0.4685942232608795,0.2620786130428314
YHR112C,YGR087C,1,0.5293845,0.1523778736591339,0.4695912301540375,0.2620786130428314
YHL018W,YKR072C,1,0.5291091,0.15265201032161713,0.47058823704719543,0.2620786130428314
YHR018C,YOR278W,1,0.52820474,0.15292596817016602,0.4715852439403534,0.2620786130428314
YPL019C,YHR036W,0,0.5280669,0.15287654101848602,0.4715852439403534,0.2621786594390869
YGL161C,YJL156C,0,0.528049,0.15282714366912842,0.4715852439403534,0.26227867603302
YBL030C,YPL149W,0,0.5280044,0.1527777761220932,0.4715852439403534,0.2623787224292755
YKL088W,YLR359W,1,0.5278013,0.15305134654045105,0.47258225083351135,0.2623787224292755
YKL154W,YCR098C,0,0.52771163,0.15300193428993225,0.47258225083351135,0.2624787390232086
YJR094W-A,YFL044C,0,0.52746797,0.15295256674289703,0.47258225083351135,0.2625787854194641
YIR002C,YER020W,0,0.52705157,0.1529032289981842,0.47258225083351135,0.2626788020133972
YDL060W,YML048W,0,0.527001,0.15285392105579376,0.47258225083351135,0.2627788484096527
YFR005C,YDL184C,0,0.52624357,0.1528046429157257,0.47258225083351135,0.2628788650035858
YNL280C,YBL061C,0,0.5260486,0.15275539457798004,0.47258225083351135,0.2629788815975189
YGL222C,YPR168W,0,0.5259814,0.15270619094371796,0.47258225083351135,0.2630789279937744
YPL281C,YBR248C,1,0.52567583,0.1529790610074997,0.4735792577266693,0.2630789279937744
YAL013W,YGR189C,0,0.5254147,0.15292981266975403,0.4735792577266693,0.2631789445877075
YDR533C,YER120W,0,0.52484214,0.15288059413433075,0.4735792577266693,0.263278990983963
YDR127W,YJL060W,1,0.524808,0.15315315127372742,0.47457626461982727,0.263278990983963
YJR104C,YJL008C,0,0.52445126,0.15310388803482056,0.47457626461982727,0.2633790075778961
YDR402C,YML081C-A,0,0.5243657,0.15305466949939728,0.47457626461982727,0.2634790539741516
YPR178W,YAL008W,0,0.5241602,0.1530054658651352,0.47457626461982727,0.2635790705680847
YLR318W,YDR116C,0,0.5240503,0.1529562920331955,0.47457626461982727,0.2636791169643402
YHR105W,YIL009C-A,0,0.52397794,0.15290716290473938,0.47457626461982727,0.2637791335582733
YBR048W,YDL144C,0,0.5239635,0.15285806357860565,0.47457626461982727,0.2638791501522064
YPL148C,YGL205W,0,0.52388513,0.1528089940547943,0.47457626461982727,0.2639791965484619
YBL064C,YPL074W,0,0.5238052,0.15275995433330536,0.47457626461982727,0.264079213142395
YGR123C,YMR150C,0,0.5237803,0.1527109444141388,0.47457626461982727,0.2641792595386505
YLL013C,YNL191W,0,0.52337,0.15266196429729462,0.47457626461982727,0.2642792761325836
YML012W,YHR070W,0,0.5233431,0.15261301398277283,0.47457626461982727,0.2643793225288391
YLR127C,YHR181W,0,0.52314353,0.15256410837173462,0.47457626461982727,0.2644793391227722
YFL041W,YER051W,0,0.5229189,0.1525152176618576,0.47457626461982727,0.2645793855190277
YML054C,YKR104W,0,0.5222156,0.15246637165546417,0.47457626461982727,0.2646794021129608
YOL133W,YML081C-A,0,0.52215403,0.15241754055023193,0.47457626461982727,0.2647794485092163
YIL111W,YJL121C,0,0.5220134,0.15236875414848328,0.47457626461982727,0.2648794651031494
YOR386W,YGL184C,1,0.52201176,0.15263999998569489,0.47557327151298523,0.2648794651031494
YDL231C,YDR322W,0,0.52197963,0.15259116888046265,0.47557327151298523,0.2649794816970825
YJR065C,YDL115C,0,0.52173114,0.1525423675775528,0.47557327151298523,0.265079528093338
YBR050C,YNL339C,0,0.52120125,0.15249361097812653,0.47557327151298523,0.2651795446872711
YMR056C,YIR015W,0,0.5206268,0.15244486927986145,0.47557327151298523,0.2652795910835266
YEL017C-A,YGR035C,0,0.5205167,0.15239617228507996,0.47557327151298523,0.2653796076774597
YOR201C,YMR211W,0,0.52009416,0.15234749019145966,0.47557327151298523,0.2654796540737152
YMR298W,YOR201C,0,0.51997685,0.15229885280132294,0.47557327151298523,0.2655796706676483
YJR016C,YPL031C,0,0.5193863,0.1522502452135086,0.47557327151298523,0.2656797170639038
YDL143W,YJL133W,0,0.51917124,0.15220165252685547,0.47557327151298523,0.2657797336578369
YJR145C,YDR036C,0,0.5187053,0.1521531045436859,0.47557327151298523,0.26587975025177
YLR090W,YBR142W,0,0.5185766,0.15210458636283875,0.47557327151298523,0.2659797966480255
YNL280C,YDR376W,0,0.518374,0.15205609798431396,0.47557327151298523,0.2660798132419586
YKR014C,YBL017C,0,0.5181993,0.15200765430927277,0.47557327151298523,0.2661798596382141
YOR201C,YJR029W,0,0.5180502,0.15195922553539276,0.47557327151298523,0.2662798762321472
YKL060C,YKL182W,1,0.5179282,0.15222929418087006,0.4765702784061432,0.2662798762321472
YPL195W,YPL174C,0,0.517836,0.15218083560466766,0.4765702784061432,0.2663799226284027
YCL064C,YJL005W,1,0.51781094,0.15245066583156586,0.47756728529930115,0.2663799226284027
YFL061W,YOR054C,1,0.5173702,0.15272033214569092,0.4785642921924591,0.2663799226284027
YER087C-A,YJL219W,0,0.5168094,0.15267175436019897,0.4785642921924591,0.2664799392223358
YNL301C,YHR160C,0,0.51597095,0.15262320637702942,0.4785642921924591,0.2665799856185913
YOR066W,YKL024C,0,0.5154032,0.15257470309734344,0.4785642921924591,0.2666800022125244
YLR450W,YDR054C,0,0.51511824,0.15252621471881866,0.4785642921924591,0.2667800486087799
YER148W,YMR208W,0,0.51422656,0.15247777104377747,0.4785642921924591,0.266880065202713
YDL190C,YPL160W,0,0.5139322,0.15242934226989746,0.4785642921924591,0.2669800817966461
YER086W,YIL009C-A,0,0.51375854,0.15238095819950104,0.4785642921924591,0.2670801281929016
YER133W,YHL004W,0,0.51362836,0.1523325890302658,0.4785642921924591,0.2671801447868347
YIL171W,YHR081W,0,0.5135386,0.15228426456451416,0.4785642921924591,0.2672801911830902
YCR053W,YJL200C,1,0.5129063,0.15255312621593475,0.47956132888793945,0.2672801911830902
YIL111W,YEL002C,0,0.5124764,0.15250475704669952,0.47956132888793945,0.2673802077770233
YPL121C,YNL248C,0,0.5123894,0.15245641767978668,0.47956132888793945,0.2674802541732788
YML125C,YBR009C,0,0.5122776,0.15240810811519623,0.47956132888793945,0.2675802707672119
YLR385C,YGR061C,0,0.5118776,0.15235982835292816,0.47956132888793945,0.2676803171634674
YGL196W,YBR213W,1,0.5118242,0.15262824296951294,0.4805583357810974,0.2676803171634674
YDR315C,YHR181W,0,0.511348,0.15257993340492249,0.4805583357810974,0.2677803337574005
YBL088C,YFR037C,0,0.5113102,0.15253163874149323,0.4805583357810974,0.2678803503513336
YGL173C,YOL147C,0,0.5110574,0.15248338878154755,0.4805583357810974,0.2679803967475891
YEL054C,YGR241C,0,0.5110127,0.15243516862392426,0.4805583357810974,0.2680804133415222
YMR257C,YMR217W,0,0.5107237,0.15238697826862335,0.4805583357810974,0.2681804597377777
YLR201C,YMR303C,0,0.5105374,0.15233881771564484,0.4805583357810974,0.2682804763317108
YJR158W,YOR174W,0,0.5103469,0.15229067206382751,0.4805583357810974,0.2683805227279663
YMR043W,YJL153C,0,0.5102805,0.15224257111549377,0.4805583357810974,0.2684805393218994
YGR029W,YEL065W,0,0.51006544,0.15219449996948242,0.4805583357810974,0.2685805857181549
YEL013W,YDR402C,0,0.5094603,0.15214645862579346,0.4805583357810974,0.268680602312088
YNL311C,YNL310C,0,0.5093216,0.15209844708442688,0.4805583357810974,0.2687806487083435
YDR379W,YPR054W,0,0.5090779,0.15205048024654388,0.4805583357810974,0.2688806653022766
YPR178W,YGL222C,0,0.5087079,0.15200252830982208,0.4805583357810974,0.2689806818962097
YFR015C,YDR077W,0,0.5086973,0.15195460617542267,0.4805583357810974,0.2690807282924652
YKR097W,YKR072C,1,0.508664,0.15222187340259552,0.48155534267425537,0.2690807282924652
YOR037W,YNR016C,0,0.5085931,0.15217390656471252,0.48155534267425537,0.2691807448863983
YJL143W,YNL268W,0,0.508325,0.1521259844303131,0.48155534267425537,0.2692807912826538
YNL012W,YKL028W,0,0.5083231,0.15207809209823608,0.48155534267425537,0.2693808078765869
YML054C,YPR041W,0,0.50819755,0.15203021466732025,0.48155534267425537,0.2694808542728424
YCL069W,YPL143W,0,0.50745773,0.151982381939888,0.48155534267425537,0.2695808708667755
YJR001W,YNL151C,0,0.5060134,0.15193456411361694,0.48155534267425537,0.269680917263031
YIL109C,YGR194C,0,0.505929,0.15188679099082947,0.48155534267425537,0.2697809338569641
YPL144W,YOL123W,0,0.50504243,0.15183904767036438,0.48155534267425537,0.2698809504508972
YDR388W,YDR342C,0,0.5047492,0.15179131925106049,0.48155534267425537,0.2699809968471527
YOL092W,YPL186C,0,0.5047002,0.15174363553524017,0.48155534267425537,0.2700810134410858
YMR070W,YDR032C,0,0.50439775,0.15169598162174225,0.48155534267425537,0.2701810598373413
YDR238C,YER180C,0,0.5040611,0.1516483575105667,0.48155534267425537,0.2702810764312744
YHL024W,YHR044C,0,0.5039232,0.15160074830055237,0.48155534267425537,0.2703811228275299
YCL064C,YGR155W,1,0.5038737,0.15186695754528046,0.48255234956741333,0.2703811228275299
YPL281C,YJL097W,1,0.5033901,0.1521330028772354,0.4835493564605713,0.2703811228275299
YER086W,YDL192W,0,0.5031233,0.1520852893590927,0.4835493564605713,0.270481139421463
YKL088W,YER065C,1,0.50298,0.15235109627246857,0.48454636335372925,0.270481139421463
YEL038W,YER140W,0,0.5025878,0.15230335295200348,0.48454636335372925,0.2705811858177185
YER061C,YOR217W,0,0.5025451,0.15225563943386078,0.48454636335372925,0.2706812024116516
YML074C,YOL056W,0,0.5024539,0.15220795571804047,0.48454636335372925,0.2707812488079071
YDL099W,YLR467W,0,0.5024223,0.15216030180454254,0.48454636335372925,0.2708812654018402
YIL072W,YHR136C,0,0.5021913,0.152112677693367,0.48454636335372925,0.2709812819957733
YLR370C,YER153C,0,0.50169116,0.15206508338451385,0.48454636335372925,0.2710813283920288
YOR151C,YBL039C,0,0.5013454,0.1520175188779831,0.48454636335372925,0.2711813449859619
YKL004W,YER061C,0,0.5008595,0.15196998417377472,0.48454636335372925,0.2712813913822174
YHR181W,YLR014C,0,0.50085884,0.15192247927188873,0.48454636335372925,0.2713814079761505
YDR315C,YJR033C,0,0.5008418,0.15187500417232513,0.48454636335372925,0.271481454372406
YIL172C,YOL149W,0,0.5007596,0.15182755887508392,0.48454636335372925,0.2715814709663391
YHR046C,YIL084C,0,0.50042987,0.1517801433801651,0.48454636335372925,0.2716815173625946
YIL111W,YLR079W,0,0.49988687,0.15173275768756866,0.48454636335372925,0.2717815339565277
YGL249W,YDL130W-A,0,0.4997089,0.15168538689613342,0.48454636335372925,0.2718815505504608
YEL065W,YER082C,0,0.49962187,0.15163806080818176,0.48454636335372925,0.2719815969467163
YBL075C,YJR076C,0,0.49947453,0.1515907645225525,0.48454636335372925,0.2720816135406494
YBR291C,YIL078W,0,0.4994712,0.1515434980392456,0.48454636335372925,0.2721816599369049
YOR128C,YDR127W,1,0.49924445,0.1518079787492752,0.4855433702468872,0.2721816599369049
YGR274C,YMR256C,0,0.49924386,0.15176066756248474,0.4855433702468872,0.272281676530838
YNL206C,YGR062C,0,0.49882627,0.15171340107917786,0.4855433702468872,0.2723817229270935
YPL271W,YDL130W-A,0,0.49855578,0.15166614949703217,0.4855433702468872,0.2724817395210266
YPL148C,YOR270C,0,0.49851328,0.15161892771720886,0.4855433702468872,0.2725817859172821
YMR163C,YDL146W,0,0.4981495,0.15157173573970795,0.4855433702468872,0.2726818025112152
YIL026C,YAL062W,0,0.49808848,0.15152457356452942,0.4855433702468872,0.2727818489074707
YOR348C,YGL251C,0,0.49802017,0.15147745609283447,0.4855433702468872,0.2728818655014038
YIL074C,YDR478W,0,0.49798727,0.15143035352230072,0.4855433702468872,0.2729818820953369
YHR023W,YNL339C,0,0.49766862,0.15138328075408936,0.4855433702468872,0.2730819284915924
YNL316C,YOR054C,1,0.49717224,0.15164698660373688,0.48654037714004517,0.2730819284915924
YDR466W,YPL271W,0,0.496104,0.15159986913204193,0.48654037714004517,0.2731819450855255
YAL039C,YDR487C,1,0.49584818,0.15186335146427155,0.4875373840332031,0.2731819450855255
YLL013C,YJL025W,0,0.4957809,0.1518162041902542,0.4875373840332031,0.273281991481781
YDR532C,YNL242W,0,0.49556375,0.15176908671855927,0.4875373840332031,0.2733820080757141
YOL156W,YKL164C,0,0.49541527,0.1517219990491867,0.4875373840332031,0.2734820544719696
YER086W,YDR294C,1,0.49507093,0.15198510885238647,0.4885343909263611,0.2734820544719696
YBL103C,YOL064C,0,0.49495006,0.15193799138069153,0.4885343909263611,0.2735820710659027
YLR427W,YPL154C,0,0.4945258,0.15189088881015778,0.4885343909263611,0.2736821174621582
YOR175C,YNR016C,0,0.49441928,0.1518438160419464,0.4885343909263611,0.2737821340560913
YBR240C,YLL050C,0,0.4941312,0.15179677307605743,0.4885343909263611,0.2738821506500244
YJL219W,YEL065W,0,0.4939791,0.15174977481365204,0.4885343909263611,0.2739821970462799
YOR228C,YGR262C,0,0.493532,0.15170279145240784,0.4885343909263611,0.274082213640213
YHL024W,YGL090W,0,0.4931829,0.15165583789348602,0.4885343909263611,0.2741822600364685
YML088W,YOL080C,0,0.49316227,0.1516089141368866,0.4885343909263611,0.2742822766304016
YNL169C,YDL036C,1,0.4928969,0.15187132358551025,0.48953139781951904,0.2742822766304016
YKL156W,YKR037C,0,0.49277306,0.15182437002658844,0.48953139781951904,0.2743823230266571
YBL090W,YBL082C,0,0.49162042,0.15177743136882782,0.48953139781951904,0.2744823396205902
YER096W,YNL166C,0,0.4916196,0.15173053741455078,0.48953139781951904,0.2745823860168457
YHR101C,YCR037C,0,0.4915495,0.15168365836143494,0.48953139781951904,0.2746824026107788
YOR046C,YOR070C,0,0.49100256,0.15163680911064148,0.48953139781951904,0.2747824490070343
YNL301C,YMR086W,0,0.49095762,0.1515899896621704,0.48953139781951904,0.2748824656009674
YPL017C,YGR154C,0,0.49091142,0.15154321491718292,0.48953139781951904,0.2749824821949005
YPL123C,YGR087C,1,0.4900419,0.15180499851703644,0.490528404712677,0.2749824821949005
YLR214W,YMR221C,0,0.48817414,0.15175817906856537,0.490528404712677,0.275082528591156
YKL004W,YJL019W,0,0.48792112,0.1517113745212555,0.490528404712677,0.2751825451850891
YAL010C,YGR218W,0,0.4876142,0.1516646146774292,0.490528404712677,0.2752825915813446
YGR286C,YOR043W,0,0.48754144,0.1516178697347641,0.490528404712677,0.2753826081752777
YPL144W,YJL190C,0,0.48714298,0.15157116949558258,0.490528404712677,0.2754826545715332
YGL227W,YLR186W,0,0.4870935,0.15152448415756226,0.490528404712677,0.2755826711654663
YDR342C,YNL289W,0,0.48679698,0.15147782862186432,0.490528404712677,0.2756827175617218
YBL024W,YLR032W,0,0.4858027,0.15143120288848877,0.490528404712677,0.2757827341556549
YDL114W,YOR069W,0,0.48549885,0.1513846218585968,0.490528404712677,0.275882750749588
YNL036W,YIL167W,1,0.4853992,0.15164564549922943,0.49152541160583496,0.275882750749588
YPL269W,YDR158W,0,0.4851973,0.15159901976585388,0.49152541160583496,0.2759827971458435
YER083C,YEL054C,0,0.4845243,0.15155240893363953,0.49152541160583496,0.2760828137397766
YMR098C,YJR045C,0,0.4839629,0.15150584280490875,0.49152541160583496,0.2761828601360321
YGR223C,YLR441C,0,0.48351002,0.15145929157733917,0.49152541160583496,0.2762828767299652
YNL036W,YDR047W,1,0.48324108,0.15171989798545837,0.4925224184989929,0.2762828767299652
YDR224C,YHR160C,0,0.48272276,0.1516733169555664,0.4925224184989929,0.2763829231262207
YER133W,YDR520C,0,0.48269987,0.15162676572799683,0.4925224184989929,0.2764829397201538
YBR240C,YJR058C,0,0.48219562,0.15158024430274963,0.4925224184989929,0.2765829861164093
YLR098C,YMR094W,0,0.48203647,0.15153373777866364,0.4925224184989929,0.2766830027103424
YDL195W,YHR171W,0,0.4814937,0.15148727595806122,0.4925224184989929,0.2767830491065979
YCR028C,YLR441C,0,0.48053205,0.15144082903862,0.4925224184989929,0.276883065700531
YJR065C,YPR070W,0,0.4800498,0.15139442682266235,0.4925224184989929,0.2769830822944641
YGL191W,YOR076C,0,0.47975224,0.1513480395078659,0.4925224184989929,0.2770831286907196
YEL038W,YKR104W,0,0.4793657,0.15130168199539185,0.4925224184989929,0.2771831452846527
YPL123C,YNL335W,1,0.4789889,0.15156154334545135,0.49351945519447327,0.2771831452846527
YLR032W,YHR013C,0,0.47894442,0.1515151560306549,0.49351945519447327,0.2772831916809082
YLR396C,YCR028C,0,0.4788066,0.15146878361701965,0.49351945519447327,0.2773832082748413
YGR124W,YLR430W,0,0.47850108,0.15142245590686798,0.49351945519447327,0.2774832546710968
YKR030W,YLR430W,0,0.4784878,0.1513761430978775,0.49351945519447327,0.2775832712650299
YDL114W,YLR448W,0,0.47847366,0.1513298749923706,0.49351945519447327,0.2776833176612854
YEL059C-A,YJL156C,0,0.47830236,0.1512836217880249,0.49351945519447327,0.2777833342552185
YDR465C,YBR156C,0,0.4773708,0.1512373983860016,0.49351945519447327,0.2778833508491516
YFL041W,YML042W,0,0.47722006,0.15119120478630066,0.49351945519447327,0.2779833972454071
YJR158W,YDR166C,0,0.47691453,0.15114504098892212,0.49351945519447327,0.2780834138393402
YJL221C,YJL121C,0,0.47688293,0.15109890699386597,0.49351945519447327,0.2781834602355957
YHL040C,YDL080C,0,0.47635174,0.151052787899971,0.49351945519447327,0.2782834768295288
YER056C-A,YDR529C,0,0.47632438,0.15100671350955963,0.49351945519447327,0.2783835232257843
YGL173C,YDR503C,0,0.47626197,0.15096065402030945,0.49351945519447327,0.2784835398197174
YIL051C,YBR231C,0,0.47609133,0.15091463923454285,0.49351945519447327,0.2785835862159729
YMR152W,YDR298C,0,0.4760552,0.15086863934993744,0.49351945519447327,0.278683602809906
YGL021W,YDL190C,0,0.47599924,0.15082266926765442,0.49351945519447327,0.2787836492061615
YBR205W,YJL121C,0,0.47551954,0.1507767289876938,0.49351945519447327,0.2788836658000946
YPL160W,YDR330W,0,0.4753579,0.15073081851005554,0.49351945519447327,0.2789836823940277
YCR098C,YLR186W,0,0.47528517,0.15068493783473969,0.49351945519447327,0.2790837287902832
YOR265W,YJR016C,0,0.4751423,0.15063907206058502,0.49351945519447327,0.2791837453842163
YDR342C,YCR037C,0,0.47463065,0.15059325098991394,0.49351945519447327,0.2792837917804718
YMR250W,YDL080C,1,0.47373694,0.15085157752037048,0.4945164620876312,0.2792837917804718
YGR218W,YBR185C,0,0.47344065,0.15080571174621582,0.4945164620876312,0.2793838083744049
YJL080C,YBR207W,0,0.4733163,0.15075987577438354,0.4945164620876312,0.2794838547706604
YNL210W,YGL249W,0,0.47314745,0.15071406960487366,0.4945164620876312,0.2795838713645935
YMR323W,YEL021W,1,0.47309273,0.15097205340862274,0.4955134689807892,0.2795838713645935
YJR010C-A,YDR032C,0,0.47286642,0.15092620253562927,0.4955134689807892,0.279683917760849
YOR131C,YIL113W,0,0.4725017,0.1508803814649582,0.4955134689807892,0.2797839343547821
YML018C,YOR061W,0,0.47246468,0.1508346050977707,0.4955134689807892,0.2798839509487152
YDL136W,YBL057C,0,0.4721108,0.1507888287305832,0.4955134689807892,0.2799839973449707
YER025W,YPL121C,0,0.47208107,0.15074309706687927,0.4955134689807892,0.2800840139389038
YOR143C,YFL044C,0,0.47208107,0.15069739520549774,0.4955134689807892,0.2801840603351593
YEL065W,YPL143W,0,0.4717766,0.1506517082452774,0.4955134689807892,0.2802840769290924
YGR188C,YLR010C,0,0.47177124,0.15060606598854065,0.4955134689807892,0.2803841233253479
YJL090C,YDR297W,0,0.471471,0.1505604386329651,0.4955134689807892,0.280484139919281
YGL040C,YMR250W,1,0.471426,0.15081769227981567,0.49651047587394714,0.280484139919281
YFR055W,YHR067W,1,0.47135282,0.15107478201389313,0.4975074827671051,0.280484139919281
YOL030W,YMR302C,0,0.47106338,0.1510290503501892,0.4975074827671051,0.2805841863155365
YGR292W,YDR128W,0,0.47071856,0.15098336338996887,0.4975074827671051,0.2806842029094696
YOL115W,YER065C,1,0.4706282,0.15124017000198364,0.49850448966026306,0.2806842029094696
YER061C,YFL037W,0,0.46995676,0.15119443833827972,0.49850448966026306,0.2807842493057251
YGR159C,YMR287C,0,0.4697854,0.1511487364768982,0.49850448966026306,0.2808842658996582
YLR109W,YGR200C,0,0.4697473,0.15110304951667786,0.49850448966026306,0.2809842824935913
YOL117W,YIL112W,0,0.46943814,0.1510574072599411,0.49850448966026306,0.2810843288898468
YLR098C,YEL061C,0,0.46930027,0.15101177990436554,0.49850448966026306,0.2811843454837799
YPL271W,YAL021C,0,0.46826482,0.15096618235111237,0.49850448966026306,0.2812843918800354
YPL022W,YNL339C,0,0.46817428,0.15092061460018158,0.49850448966026306,0.2813844084739685
YJR066W,YNL301C,0,0.46766257,0.15087507665157318,0.49850448966026306,0.281484454870224
YBL093C,YNL289W,0,0.4671526,0.15082956850528717,0.49850448966026306,0.2815844714641571
YDR224C,YMR086W,0,0.4667319,0.15078407526016235,0.49850448966026306,0.2816845178604126
YGR063C,YPL153C,0,0.46654028,0.15073861181735992,0.49850448966026306,0.2817845344543457
YJR065C,YOR044W,0,0.466354,0.15069319307804108,0.49850448966026306,0.2818845510482788
YJL125C,YDR047W,0,0.46633887,0.15064778923988342,0.49850448966026306,0.2819845974445343
YML129C,YPL148C,0,0.46610188,0.15060241520404816,0.49850448966026306,0.2820846140384674
YAL034W-A,YLR441C,0,0.465766,0.15055705606937408,0.49850448966026306,0.2821846604347229
YPL143W,YDR288W,0,0.46574485,0.1505117416381836,0.49850448966026306,0.282284677028656
YKR009C,YGR087C,1,0.46563375,0.15076738595962524,0.499501496553421,0.282284677028656
YHR136C,YER089C,0,0.4656182,0.15072202682495117,0.499501496553421,0.2823847234249115
YMR306W,YJL148W,0,0.46549475,0.1506766974925995,0.499501496553421,0.2824847400188446
YBR205W,YMR165C,0,0.46477747,0.150631383061409,0.499501496553421,0.2825847864151001
YGR254W,YDR538W,1,0.46476156,0.1508866846561432,0.5004985332489014,0.2825847864151001
YIL004C,YPR102C,0,0.46409,0.1508413404226303,0.5004985332489014,0.2826848030090332
YGR241C,YPL092W,0,0.46354824,0.150796040892601,0.5004985332489014,0.2827848494052887
YJR075W,YCR054C,0,0.4635144,0.1507507562637329,0.5004985332489014,0.2828848659992218
YEL020C,YOR054C,1,0.4634617,0.15100570023059845,0.5014955401420593,0.2828848659992218
YDR283C,YOL157C,0,0.46320474,0.15096038579940796,0.5014955401420593,0.2829848825931549
YNR043W,YBL019W,1,0.46278292,0.15121512115001678,0.5024925470352173,0.2829848825931549
YLR090W,YKL178C,0,0.46252573,0.1511697620153427,0.5024925470352173,0.2830849289894104
YNL331C,YKL183W,0,0.46231592,0.15112443268299103,0.5024925470352173,0.2831849455833435
YAL020C,YNL248C,0,0.46216267,0.15107913315296173,0.5024925470352173,0.283284991979599
YKR038C,YJL164C,0,0.46202183,0.15103386342525482,0.5024925470352173,0.2833850085735321
YGR155W,YNL335W,1,0.46154058,0.1512881964445114,0.5034895539283752,0.2833850085735321
YMR142C,YGL249W,0,0.46153414,0.15124288201332092,0.5034895539283752,0.2834850549697876
YJL072C,YPR032W,0,0.4615233,0.15119759738445282,0.5034895539283752,0.2835850715637207
YBR033W,YDL115C,0,0.46117252,0.1511523425579071,0.5034895539283752,0.2836851179599762
YDR448W,YHL036W,0,0.4609567,0.15110711753368378,0.5034895539283752,0.2837851345539093
YJL080C,YDR443C,0,0.460743,0.15106192231178284,0.5034895539283752,0.2838851511478424
YPR041W,YER044C,0,0.46051985,0.1510167419910431,0.5034895539283752,0.2839851975440979
YGL119W,YLR038C,0,0.46011347,0.15097160637378693,0.5034895539283752,0.284085214138031
YPL121C,YJR160C,0,0.45973015,0.15092648565769196,0.5034895539283752,0.2841852605342865
YHR160C,YPL172C,0,0.459512,0.15088137984275818,0.5034895539283752,0.2842852771282196
YIL009C-A,YLL038C,0,0.45915914,0.15083631873130798,0.5034895539283752,0.2843853235244751
YHR025W,YCL069W,0,0.45876408,0.15079128742218018,0.5034895539283752,0.2844853401184082
YKL135C,YDR483W,0,0.4585703,0.15074627101421356,0.5034895539283752,0.2845853865146637
YNL128W,YML091C,0,0.45833093,0.15070128440856934,0.5034895539283752,0.2846854031085968
YPL281C,YKL182W,1,0.45748824,0.15095464885234833,0.5044865608215332,0.2846854031085968
YER027C,YBR291C,0,0.45700467,0.1509096324443817,0.5044865608215332,0.2847854495048523
YDR060W,YPR054W,0,0.45692575,0.1508646458387375,0.5044865608215332,0.2848854660987854
YNR016C,YML081C-A,0,0.4565816,0.15081967413425446,0.5044865608215332,0.2849854826927185
YHR027C,YBR033W,0,0.4564799,0.1507747322320938,0.5044865608215332,0.285085529088974
YOR039W,YBR185C,0,0.45647478,0.15072982013225555,0.5044865608215332,0.2851855456829071
YPL174C,YDR247W,0,0.45575118,0.15068493783473969,0.5044865608215332,0.2852855920791626
YJL156C,YGL084C,0,0.45570248,0.150640070438385,0.5044865608215332,0.2853856086730957
YBL088C,YDR169C,0,0.45551062,0.15059523284435272,0.5044865608215332,0.2854856550693512
YHR031C,YMR006C,0,0.45538425,0.15055042505264282,0.5044865608215332,0.2855856716632843
YPL051W,YDR511W,0,0.45535195,0.1505056470632553,0.5044865608215332,0.2856857180595398
YDL112W,YER106W,0,0.45532012,0.15046089887619019,0.5044865608215332,0.2857857346534729
YMR323W,YNL169C,1,0.45524442,0.15071344375610352,0.5054835677146912,0.2857857346534729
YDR388W,YFL039C,0,0.45523286,0.1506686508655548,0.5054835677146912,0.285885751247406
YLR015W,YPR005C,0,0.45503795,0.1506238877773285,0.5054835677146912,0.2859857976436615
YER148W,YGL059W,0,0.45488465,0.15057915449142456,0.5054835677146912,0.2860858142375946
YAL010C,YER056C-A,0,0.45475066,0.15053443610668182,0.5054835677146912,0.2861858606338501
YLR074C,YBL057C,0,0.45395148,0.15048976242542267,0.5054835677146912,0.2862858772277832
YHR207C,YPR070W,0,0.4537965,0.1504451036453247,0.5054835677146912,0.2863859236240387
YPL090C,YDR400W,0,0.45375735,0.15040047466754913,0.5054835677146912,0.2864859402179718
YBR214W,YJL052W,0,0.4534781,0.15035587549209595,0.5054835677146912,0.2865859866142273
YDR074W,YPR005C,0,0.45323354,0.15031129121780396,0.5054835677146912,0.2866860032081604
YER027C,YPL159C,0,0.4532045,0.15026675164699554,0.5054835677146912,0.2867860496044159
YHR140W,YGR002C,0,0.4530282,0.15022222697734833,0.5054835677146912,0.286886066198349
YDL138W,YJL080C,0,0.45290244,0.1501777321100235,0.5054835677146912,0.2869860827922821
YDR315C,YIL124W,0,0.4526714,0.15013325214385986,0.5054835677146912,0.2870861291885376
YDL051W,YNL189W,0,0.4525649,0.1500888168811798,0.5054835677146912,0.2871861457824707
YLR165C,YDR234W,1,0.45228183,0.15034033358097076,0.5064805746078491,0.2871861457824707
YIL125W,YLL011W,0,0.4522153,0.15029585361480713,0.5064805746078491,0.2872861921787262
YOR347C,YDR128W,0,0.4520744,0.15025140345096588,0.5064805746078491,0.2873862087726593
YIL150C,YGR292W,0,0.45174074,0.15020698308944702,0.5064805746078491,0.2874862551689148
YAL039C,YER065C,1,0.4515332,0.1504581719636917,0.5074775815010071,0.2874862551689148
YGR008C,YHR017W,0,0.45142794,0.15041370689868927,0.5074775815010071,0.2875862717628479
YMR297W,YJL153C,0,0.45070678,0.15036927163600922,0.5074775815010071,0.2876863181591034
YNL159C,YNR061C,0,0.45055246,0.15032486617565155,0.5074775815010071,0.2877863347530365
YMR297W,YDL110C,0,0.4504549,0.15028049051761627,0.5074775815010071,0.2878863513469696
YKL211C,YEL021W,1,0.4501664,0.15053129196166992,0.508474588394165,0.2878863513469696
YMR139W,YIL051C,0,0.4498433,0.15048687160015106,0.508474588394165,0.2879863977432251
YEL013W,YLR265C,0,0.4497223,0.1504424810409546,0.508474588394165,0.2880864143371582
YKL182W,YDL036C,1,0.44962007,0.15069301426410675,0.509471595287323,0.2880864143371582
YOR043W,YOL157C,0,0.4492402,0.1506485790014267,0.509471595287323,0.2881864607334137
YGL173C,YIL101C,0,0.44907963,0.15060418844223022,0.509471595287323,0.2882864773273468
YGL206C,YBR048W,0,0.44876778,0.15055981278419495,0.509471595287323,0.2883865237236023
YFR041C,YLR438C-A,0,0.44837272,0.15051546692848206,0.509471595287323,0.2884865403175354
YLR040C,YGL155W,0,0.4483406,0.15047113597393036,0.509471595287323,0.2885865867137909
YIL111W,YDR447C,0,0.4481821,0.15042684972286224,0.509471595287323,0.288686603307724
YIL126W,YLR121C,0,0.44793057,0.15038257837295532,0.509471595287323,0.2887866497039795
YLR170C,YJR075W,0,0.4476241,0.1503383368253708,0.509471595287323,0.2888866662979126
YPL089C,YFR008W,0,0.44682992,0.15029412508010864,0.509471595287323,0.2889866828918457
YPL177C,YHR017W,0,0.44669783,0.1502499282360077,0.509471595287323,0.2890867292881012
YBR240C,YHL047C,0,0.4466822,0.15020576119422913,0.509471595287323,0.2891867458820343
YDR270W,YKL034W,0,0.4465791,0.15016162395477295,0.509471595287323,0.2892867922782898
YLR204W,YNL188W,0,0.4464954,0.15011750161647797,0.509471595287323,0.2893868088722229
YOR046C,YHR140W,0,0.44572878,0.15007342398166656,0.509471595287323,0.2894868552684784
YJL048C,YFR005C,0,0.44542474,0.15002936124801636,0.509471595287323,0.2895868718624115
YER174C,YIR037W,0,0.44519085,0.14998532831668854,0.509471595287323,0.289686918258667
YKL211C,YIL167W,1,0.44518548,0.15023474395275116,0.510468602180481,0.289686918258667
YKL184W,YJL005W,1,0.44485176,0.15048401057720184,0.5114656090736389,0.289686918258667
YAL008W,YDR101C,0,0.44442666,0.15043988823890686,0.5114656090736389,0.2897869348526001
YKL088W,YKR097W,1,0.4444219,0.15068894624710083,0.5124626159667969,0.2897869348526001
YER025W,YEL065W,0,0.44440508,0.15064477920532227,0.5124626159667969,0.2898869514465332
YNL293W,YDR456W,0,0.44437933,0.1506006419658661,0.5124626159667969,0.2899869978427887
YHR143W,YGL249W,0,0.44434595,0.1505565345287323,0.5124626159667969,0.2900870144367218
YMR166C,YML081C-A,0,0.44402063,0.1505124419927597,0.5124626159667969,0.2901870608329773
YPR070W,YDR443C,0,0.4438293,0.1504683792591095,0.5124626159667969,0.2902870774269104
YPR021C,YOL147C,0,0.4437654,0.15042434632778168,0.5124626159667969,0.2903871238231659
YJL198W,YMR094W,0,0.44371116,0.15038034319877625,0.5124626159667969,0.290487140417099
YKR058W,YPR122W,0,0.44364142,0.150336354970932,0.5124626159667969,0.2905871868133545
YBR024W,YPL059W,0,0.44362402,0.15029239654541016,0.5124626159667969,0.2906872034072876
YEL013W,YHR207C,0,0.44362092,0.1502484679222107,0.5124626159667969,0.2907872498035431
YLL062C,YOR066W,0,0.44335508,0.15020455420017242,0.5124626159667969,0.2908872663974762
YDR248C,YDR465C,0,0.44321597,0.15016068518161774,0.5124626159667969,0.2909872829914093
YIR036C,YML037C,0,0.44270027,0.15011681616306305,0.5124626159667969,0.2910873293876648
YNR008W,YLR450W,0,0.4425363,0.15007299184799194,0.5124626159667969,0.2911873459815979
YDL056W,YDR486C,0,0.44231075,0.15002918243408203,0.5124626159667969,0.2912873923778534
YIL172C,YGL031C,0,0.44170558,0.1499854028224945,0.5124626159667969,0.2913874089717865
YLR414C,YDL065C,0,0.441454,0.14994165301322937,0.5124626159667969,0.291487455368042
YGL040C,YEL058W,0,0.4410801,0.14989793300628662,0.5124626159667969,0.2915874719619751
YJL102W,YHR186C,0,0.440844,0.14985422790050507,0.5124626159667969,0.2916875183582306
YIL155C,YDR288W,0,0.44074357,0.1498105525970459,0.5124626159667969,0.2917875349521637
YBR030W,YJR068W,0,0.44073397,0.14976690709590912,0.5124626159667969,0.2918875515460968
YGL035C,YJL073W,0,0.44058776,0.14972327649593353,0.5124626159667969,0.2919875979423523
YOL065C,YPL281C,0,0.4402629,0.14967967569828033,0.5124626159667969,0.2920876145362854
YNR070W,YAL044C,0,0.44025713,0.14963610470294952,0.5124626159667969,0.2921876609325409
YIL125W,YHR013C,0,0.44006324,0.1495925486087799,0.5124626159667969,0.292287677526474
YOL030W,YJL125C,0,0.43910444,0.14954902231693268,0.5124626159667969,0.2923877239227295
YNL322C,YIL171W,0,0.43897265,0.14950552582740784,0.5124626159667969,0.2924877405166626
YMR188C,YPR070W,0,0.43896168,0.14946205914020538,0.5124626159667969,0.2925877869129181
YKL184W,YHR174W,1,0.43891025,0.1497092992067337,0.5134596228599548,0.2925877869129181
YOL100W,YOR242C,0,0.43857926,0.14966578781604767,0.5134596228599548,0.2926878035068512
YBL078C,YML005W,0,0.43796504,0.14962230622768402,0.5134596228599548,0.2927878499031067
YER088C,YIL112W,0,0.43778193,0.14957885444164276,0.5134596228599548,0.2928878664970398
YPR048W,YLR327C,0,0.4375739,0.1495354175567627,0.5134596228599548,0.2929878830909729
YER070W,YGL157W,0,0.43757284,0.14949201047420502,0.5134596228599548,0.2930879294872284
YDR487C,YGR075C,0,0.4366662,0.14944863319396973,0.5134596228599548,0.2931879460811615
YHR092C,YER120W,0,0.43621755,0.14940528571605682,0.5134596228599548,0.293287992477417
YOL120C,YLR327C,0,0.43618852,0.14936195313930511,0.5134596228599548,0.2933880090713501
YGL135W,YIL172C,0,0.43610054,0.1493186503648758,0.5134596228599548,0.2934880554676056
YER114C,YBR185C,0,0.435812,0.14927536249160767,0.5134596228599548,0.2935880720615387
YIL155C,YGR158C,0,0.4355939,0.14923210442066193,0.5134596228599548,0.2936881184577942
YOR057W,YNL135C,0,0.43558955,0.14918887615203857,0.5134596228599548,0.2937881350517273
YGR274C,YLR446W,0,0.4353308,0.1491456776857376,0.5134596228599548,0.2938881516456604
YPL019C,YML005W,0,0.43520814,0.14910249412059784,0.5134596228599548,0.2939881980419159
YLR214W,YJR059W,0,0.43502522,0.14905934035778046,0.5134596228599548,0.294088214635849
YGR104C,YDR033W,0,0.43497324,0.14901620149612427,0.5134596228599548,0.2941882610321045
YLR343W,YML124C,0,0.43422377,0.14897309243679047,0.5134596228599548,0.2942882776260376
YFL036W,YER045C,0,0.43414366,0.14893001317977905,0.5134596228599548,0.2943883240222931
YOR128C,YKL060C,1,0.43411428,0.14917606115341187,0.5144566297531128,0.2943883240222931
YOL031C,YGR184C,0,0.43385315,0.14913295209407806,0.5144566297531128,0.2944883406162262
YLR165C,YEL020C,1,0.43373573,0.14937879145145416,0.5154536366462708,0.2944883406162262
YHR046C,YAL053W,0,0.4335028,0.14933563768863678,0.5154536366462708,0.2945883870124817
YGR218W,YBL082C,0,0.4334002,0.14929251372814178,0.5154536366462708,0.2946884036064148
YDR358W,YDR313C,0,0.43315578,0.14924941956996918,0.5154536366462708,0.2947884500026703
YDR495C,YDL060W,0,0.43273282,0.14920635521411896,0.5154536366462708,0.2948884665966034
YKL218C,YHR081W,0,0.43271393,0.14916330575942993,0.5154536366462708,0.2949884831905365
YDR495C,YPL090C,0,0.4324745,0.1491202712059021,0.5154536366462708,0.295088529586792
YAL039C,YER090W,1,0.4323548,0.14936563372612,0.5164506435394287,0.295088529586792
YBL022C,YNL268W,0,0.43214458,0.14932256937026978,0.5164506435394287,0.2951885461807251
YHR072W,YKR072C,1,0.4319508,0.14956772327423096,0.5174476504325867,0.2951885461807251
YPL019C,YBR012W-B,0,0.43181437,0.14952462911605835,0.5174476504325867,0.2952885925769806
YKL178C,YOR290C,0,0.4313916,0.14948156476020813,0.5174476504325867,0.2953886091709137
YDR013W,YHR044C,0,0.4313557,0.1494385302066803,0.5174476504325867,0.2954886555671692
YGL232W,YKR105C,0,0.43098915,0.14939551055431366,0.5174476504325867,0.2955886721611023
YGR170W,YPL123C,1,0.43095577,0.149640291929245,0.5184446573257446,0.2955886721611023
YOL133W,YMR012W,0,0.43078947,0.14959724247455597,0.5184446573257446,0.2956887185573578
YOR288C,YDL138W,0,0.42999917,0.14955420792102814,0.5184446573257446,0.2957887351512909
YDR134C,YPL095C,0,0.42998064,0.1495112180709839,0.5184446573257446,0.295888751745224
YBR231C,YIR023W,0,0.42992353,0.14946824312210083,0.5184446573257446,0.2959887981414795
YLR385C,YGR054W,0,0.42990625,0.14942528307437897,0.5184446573257446,0.2960888147354126
YML129C,YDL114W,0,0.4289769,0.14938236773014069,0.5184446573257446,0.2961888611316681
YOL105C,YLR109W,0,0.4288643,0.1493394672870636,0.5184446573257446,0.2962888777256012
YLR044C,YGL184C,1,0.42845714,0.14958369731903076,0.5194416642189026,0.2962888777256012
YER148W,YDR322W,0,0.42837954,0.1495407521724701,0.5194416642189026,0.2963889241218567
YNL086W,YLR318W,0,0.42815113,0.149497851729393,0.5194416642189026,0.2964889407157898
YLR459W,YMR017W,0,0.42771918,0.1494549661874771,0.5194416642189026,0.2965889871120453
YHR174W,YDR047W,1,0.42754203,0.1496988832950592,0.5204386711120605,0.2965889871120453
YML113W,YDL144C,0,0.42625868,0.14965596795082092,0.5204386711120605,0.2966890037059784
YOR175C,YDL205C,0,0.42622674,0.14961306750774384,0.5204386711120605,0.2967890501022339
YER095W,YLR306W,0,0.42608345,0.14957019686698914,0.5204386711120605,0.296889066696167
YLR371W,YML070W,0,0.42599738,0.14952735602855682,0.5204386711120605,0.2969890832901001
YAL053W,YOR080W,0,0.42592388,0.1494845300912857,0.5204386711120605,0.2970891296863556
YGL021W,YBR299W,0,0.42531604,0.14944173395633698,0.5204386711120605,0.2971891462802887
YBR036C,YNL101W,0,0.42526656,0.14939896762371063,0.5204386711120605,0.2972891926765442
YEL021W,YPL159C,0,0.4251417,0.14935621619224548,0.5204386711120605,0.2973892092704773
YKL184W,YER086W,1,0.42512298,0.14959953725337982,0.5214356780052185,0.2973892092704773
YPL074W,YNL096C,0,0.4250099,0.14955675601959229,0.5214356780052185,0.2974892556667328
YGR086C,YGL095C,0,0.42438895,0.14951400458812714,0.5214356780052185,0.2975892722606659
YMR043W,YOL120C,0,0.4243037,0.14947128295898438,0.5214356780052185,0.2976893186569214
YML104C,YOL139C,0,0.42421395,0.1494285762310028,0.5214356780052185,0.2977893352508545
YJL198W,YBL020W,0,0.42303377,0.14938588440418243,0.5214356780052185,0.29788938164711
YLR175W,YKL182W,1,0.42301083,0.14962878823280334,0.5224326848983765,0.29788938164711
YBL020W,YAL025C,0,0.4228742,0.14958606660366058,0.5224326848983765,0.2979893982410431
YHR028C,YGL229C,0,0.4228685,0.1495433747768402,0.5224326848983765,0.2980894148349762
YBL103C,YDR031W,0,0.42286402,0.14950071275234222,0.5224326848983765,0.2981894612312317
YJL198W,YDR219C,0,0.42279863,0.14945806562900543,0.5224326848983765,0.2982894778251648
YJR104C,YOR120W,0,0.42201507,0.14941544830799103,0.5224326848983765,0.2983895242214203
YLL050C,YDR247W,0,0.42174292,0.149372860789299,0.5224326848983765,0.2984895408153534
YBR286W,YNL136W,0,0.42070806,0.1493302881717682,0.5224326848983765,0.2985895872116089
YOR063W,YKL212W,0,0.42038655,0.14928774535655975,0.5224326848983765,0.298689603805542
YOR120W,YNL310C,0,0.41985148,0.1492452323436737,0.5224326848983765,0.2987896502017975
YJL221C,YOR039W,0,0.41974336,0.14920273423194885,0.5224326848983765,0.2988896667957306
YOL003C,YML124C,0,0.41969198,0.1491602659225464,0.5224326848983765,0.2989896833896637
YDR197W,YBR241C,0,0.4189905,0.14911781251430511,0.5224326848983765,0.2990897297859192
YOR174W,YBR273C,0,0.4189614,0.14907538890838623,0.5224326848983765,0.2991897463798523
YPL258C,YAL012W,0,0.41805917,0.14903299510478973,0.5224326848983765,0.2992897927761078
YHL019C,YML085C,0,0.41779745,0.14899061620235443,0.5224326848983765,0.2993898093700409
YDR447C,YMR012W,0,0.4173594,0.14894826710224152,0.5224326848983765,0.2994898557662964
YLR040C,YJL121C,0,0.41728723,0.1489059329032898,0.5224326848983765,0.2995898723602295
YOL157C,YKL056C,0,0.4172365,0.14886364340782166,0.5224326848983765,0.299689918756485
YDR322W,YPL154C,0,0.41678405,0.14882135391235352,0.5224326848983765,0.2997899353504181
YMR188C,YGR234W,0,0.41637874,0.14877910912036896,0.5224326848983765,0.2998899817466736
YER007W,YPL033C,0,0.41616398,0.1487368792295456,0.5224326848983765,0.2999899983406067
YMR289W,YGR200C,0,0.41574794,0.14869466423988342,0.5224326848983765,0.3000900149345398
YNL212W,YKL056C,0,0.4152373,0.14865247905254364,0.5224326848983765,0.3001900613307953
YGL135W,YFR006W,0,0.4147693,0.14861032366752625,0.5224326848983765,0.3002900779247284
YPL031C,YDR118W,0,0.4142924,0.14856818318367004,0.5224326848983765,0.3003901243209839
YOR176W,YOR054C,1,0.41365647,0.1488095223903656,0.5234296917915344,0.3003901243209839
YNL280C,YPL231W,0,0.41332465,0.148767352104187,0.5234296917915344,0.300490140914917
YKL021C,YMR311C,0,0.41288388,0.1487252116203308,0.5234296917915344,0.3005901873111725
YGL223C,YHR171W,0,0.41260457,0.1486830860376358,0.5234296917915344,0.3006902039051056
YMR287C,YLR121C,0,0.4124862,0.14864099025726318,0.5234296917915344,0.3007902503013611
YOR174W,YKR009C,0,0.41213846,0.14859892427921295,0.5234296917915344,0.3008902668952942
YPR132W,YBR166C,0,0.41201866,0.1485568732023239,0.5234296917915344,0.3009902834892273
YFR008W,YNL135C,0,0.41111964,0.14851485192775726,0.5234296917915344,0.3010903298854828
YJR134C,YPL186C,0,0.4108374,0.1484728455543518,0.5234296917915344,0.3011903464794159
YML085C,YJL125C,0,0.4106694,0.14843086898326874,0.5234296917915344,0.3012903928756714
YMR316W,YPL204W,0,0.4105965,0.14838892221450806,0.5234296917915344,0.3013904094696045
YDR465C,YOR080W,0,0.4105513,0.14834699034690857,0.5234296917915344,0.30149045586586
YBR264C,YOL005C,0,0.41055125,0.14830508828163147,0.5234296917915344,0.3015904724597931
YPR098C,YNL289W,0,0.40990955,0.14826320111751556,0.5234296917915344,0.3016905188560486
YNL316C,YDR127W,1,0.40990204,0.14850367605686188,0.5244266986846924,0.3016905188560486
YNL331C,YHR023W,0,0.40956473,0.14846175909042358,0.5244266986846924,0.3017905354499817
YIL093C,YEL016C,0,0.40944278,0.14841987192630768,0.5244266986846924,0.3018905818462372
YPL157W,YBL064C,0,0.40933824,0.14837799966335297,0.5244266986846924,0.3019905984401703
YNR008W,YKR038C,0,0.40916073,0.14833615720272064,0.5244266986846924,0.3020906150341034
YGR086C,YOR326W,0,0.409064,0.1482943296432495,0.5244266986846924,0.3021906614303589
YPL281C,YLR048W,0,0.40903246,0.14825253188610077,0.5244266986846924,0.302290678024292
YNL217W,YOR332W,0,0.40801466,0.14821076393127441,0.5244266986846924,0.3023907244205475
YER029C,YDR018C,0,0.40746796,0.14816901087760925,0.5244266986846924,0.3024907410144806
YBL103C,YOL152W,0,0.4073105,0.14812728762626648,0.5244266986846924,0.3025907874107361
YER174C,YOL071W,0,0.40643138,0.1480855792760849,0.5244266986846924,0.3026908040046692
YOR175C,YIR037W,0,0.40627766,0.1480439007282257,0.5244266986846924,0.3027908504009247
YOR228C,YDR534C,0,0.4057572,0.1480022519826889,0.5244266986846924,0.3028908669948578
YDR283C,YBR213W,0,0.40475166,0.1479606181383133,0.5244266986846924,0.3029908835887909
YHR013C,YBR035C,0,0.40424067,0.14791901409626007,0.5244266986846924,0.3030909299850464
YDR329C,YMR023C,0,0.4032904,0.14787742495536804,0.5244266986846924,0.3031909465789795
YFL036W,YMR051C,0,0.402865,0.1478358656167984,0.5244266986846924,0.303290992975235
YLR097C,YOL056W,0,0.40245104,0.14779432117938995,0.5244266986846924,0.3033910095691681
YDL200C,YKR105C,0,0.4024247,0.1477528065443039,0.5244266986846924,0.3034910559654236
YGL009C,YNR033W,1,0.40239352,0.14799213409423828,0.5254237055778503,0.3034910559654236
YKR090W,YGR124W,0,0.40174127,0.14795058965682983,0.5254237055778503,0.3035910725593567
YLR089C,YGR169C,1,0.40156782,0.1481897234916687,0.5264207124710083,0.3035910725593567
YFR032C-A,YPL033C,0,0.40126395,0.14814814925193787,0.5264207124710083,0.3036911189556122
YBL024W,YGL185C,0,0.40124953,0.14810658991336823,0.5264207124710083,0.3037911355495453
YLR134W,YAL025C,0,0.40045524,0.14806506037712097,0.5264207124710083,0.3038911819458008
YML018C,YOR182C,0,0.4002313,0.1480235457420349,0.5264207124710083,0.3039911985397339
YGR170W,YHR018C,1,0.39957684,0.14826233685016632,0.5274177193641663,0.3039911985397339
YMR006C,YHR023W,0,0.39955866,0.14822079241275787,0.5274177193641663,0.304091215133667
YHR171W,YGR063C,0,0.39954054,0.14817927777767181,0.5274177193641663,0.3041912615299225
YOR036W,YLR237W,0,0.39903343,0.14813777804374695,0.5274177193641663,0.3042912781238556
YBR105C,YMR012W,0,0.39892298,0.14809630811214447,0.5274177193641663,0.3043913245201111
YKL100C,YHL024W,0,0.39891738,0.14805485308170319,0.5274177193641663,0.3044913411140442
YLR214W,YBR205W,0,0.39876395,0.1480134278535843,0.5274177193641663,0.3045913875102997
YOR202W,YKL114C,1,0.39857435,0.1482517421245575,0.5284147262573242,0.3045913875102997
YDR242W,YGL229C,0,0.3983462,0.1482102870941162,0.5284147262573242,0.3046914041042328
YBR214W,YGL059W,0,0.3982501,0.14816886186599731,0.5284147262573242,0.3047914505004883
YJL136C,YDR231C,0,0.39793336,0.1481274515390396,0.5284147262573242,0.3048914670944214
YJL221C,YDL017W,0,0.3977592,0.1480860561132431,0.5284147262573242,0.3049914836883545
YOR315W,YBL069W,0,0.39769578,0.14804469048976898,0.5284147262573242,0.30509153008461
YDL120W,YLR134W,0,0.39762104,0.14800335466861725,0.5284147262573242,0.3051915466785431
YER153C,YFL037W,0,0.3974806,0.1479620337486267,0.5284147262573242,0.3052915930747986
YMR070W,YAL013W,0,0.3974151,0.14792074263095856,0.5284147262573242,0.3053916096687317
YHL036W,YMR204C,0,0.39728308,0.1478794664144516,0.5284147262573242,0.3054916560649872
YGR035C,YAL035W,0,0.39719677,0.14783822000026703,0.5284147262573242,0.3055916726589203
YGL251C,YOR337W,0,0.39705646,0.14779698848724365,0.5284147262573242,0.3056917190551758
YDL051W,YDR368W,0,0.39684808,0.14775578677654266,0.5284147262573242,0.3057917356491089
YKL154W,YJL221C,0,0.3962083,0.14771459996700287,0.5284147262573242,0.3058917820453644
YHL036W,YKL116C,0,0.39610314,0.14767344295978546,0.5284147262573242,0.3059917986392975
YMR307W,YOR242C,0,0.39608735,0.14763231575489044,0.5284147262573242,0.3060918152332306
YIL109C,YDL136W,0,0.39604688,0.14759120345115662,0.5284147262573242,0.3061918616294861
YDR069C,YDR077W,0,0.395836,0.14755010604858398,0.5284147262573242,0.3062918782234192
YDR533C,YCR072C,0,0.3950398,0.14750903844833374,0.5284147262573242,0.3063919246196747
YDR033W,YBR035C,0,0.39488715,0.14746800065040588,0.5284147262573242,0.3064919412136078
YKR058W,YJL052W,0,0.39476126,0.14742697775363922,0.5284147262573242,0.3065919876098633
YGL206C,YJR094W-A,0,0.39463347,0.14738598465919495,0.5284147262573242,0.3066920042037964
YER096W,YCR081W,0,0.39429808,0.14734500646591187,0.5284147262573242,0.3067920506000519
YLR134W,YKL060C,1,0.39417982,0.14758199453353882,0.529411792755127,0.3067920506000519
YLR044C,YNL335W,1,0.39390016,0.14781883358955383,0.5304087996482849,0.3067920506000519
YPL206C,YGR006W,0,0.3924803,0.14777778089046478,0.5304087996482849,0.306892067193985
YDL120W,YOR337W,0,0.39247036,0.14773674309253693,0.5304087996482849,0.3069920837879181
YPR156C,YEL061C,0,0.39224583,0.14769572019577026,0.5304087996482849,0.3070921301841736
YBL055C,YNL135C,0,0.39215362,0.147654727101326,0.5304087996482849,0.3071921467781067
YML106W,YKL198C,0,0.39110738,0.1476137638092041,0.5304087996482849,0.3072921931743622
YMR198W,YPL143W,0,0.39108014,0.1475728154182434,0.5304087996482849,0.3073922097682953
YHL019C,YNL151C,0,0.39089346,0.1475318968296051,0.5304087996482849,0.3074922561645508
YMR289W,YDL056W,0,0.39085108,0.147490993142128,0.5304087996482849,0.3075922727584839
YBL061C,YKR009C,0,0.39079976,0.14745010435581207,0.5304087996482849,0.3076923191547394
YGR184C,YBR035C,0,0.3906889,0.14740926027297974,0.5304087996482849,0.3077923357486725
YJR045C,YLR438C-A,0,0.39034885,0.1473684161901474,0.5304087996482849,0.307892382144928
YBR001C,YGL155W,0,0.39001292,0.14732761681079865,0.5304087996482849,0.3079923987388611
YAR010C,YLR176C,0,0.38999003,0.1472868174314499,0.5304087996482849,0.3080924153327942
YOR047C,YCR081W,0,0.3897661,0.14724606275558472,0.5304087996482849,0.3081924617290497
YAR015W,YDR436W,0,0.38968492,0.14720530807971954,0.5304087996482849,0.3082924783229828
YGL222C,YJR045C,0,0.38967144,0.14716459810733795,0.5304087996482849,0.3083925247192383
YJR094W-A,YPR098C,0,0.38944095,0.14712388813495636,0.5304087996482849,0.3084925413131714
YEL013W,YDR448W,0,0.38908976,0.14708322286605835,0.5304087996482849,0.3085925877094269
YOL139C,YJR001W,0,0.3888538,0.14704255759716034,0.5304087996482849,0.30869260430336
YLR142W,YDL101C,0,0.38856316,0.1470019370317459,0.5304087996482849,0.3087926506996155
YMR088C,YNL149C,0,0.38837886,0.14696133136749268,0.5304087996482849,0.3088926672935486
YNL061W,YGL095C,0,0.38797128,0.14692074060440063,0.5304087996482849,0.3089926838874817
YMR088C,YFL002W-A,0,0.38793176,0.14688017964363098,0.5304087996482849,0.3090927302837372
YNL330C,YFL037W,0,0.3877703,0.14683963358402252,0.5304087996482849,0.3091927468776703
YPR192W,YOL072W,0,0.38768923,0.14679911732673645,0.5304087996482849,0.3092927932739258
YDR022C,YBR142W,0,0.38761806,0.14675861597061157,0.5304087996482849,0.3093928098678589
YKL114C,YML004C,1,0.38703257,0.14699393510818481,0.5314058065414429,0.3093928098678589
YML018C,YDL007W,0,0.38675308,0.14695340394973755,0.5314058065414429,0.3094928562641144
YOL100W,YHR036W,0,0.3864208,0.14691290259361267,0.5314058065414429,0.3095928728580475
YOL115W,YNL335W,1,0.38638318,0.14714796841144562,0.5324028134346008,0.3095928728580475
YAR007C,YOL125W,0,0.3863554,0.14710743725299835,0.5324028134346008,0.309692919254303
YEL017C-A,YKL021C,0,0.38634747,0.14706692099571228,0.5324028134346008,0.3097929358482361
YDL051W,YER153C,0,0.38608944,0.1470264345407486,0.5324028134346008,0.3098929822444916
YDR393W,YOL056W,0,0.38565075,0.1469859629869461,0.5324028134346008,0.3099929988384247
YDL144C,YGR191W,0,0.38515425,0.146945521235466,0.5324028134346008,0.3100930154323578
YPL149W,YLR467W,0,0.38492894,0.1469050943851471,0.5324028134346008,0.3101930618286133
YDL120W,YCR010C,0,0.3847518,0.14686468243598938,0.5324028134346008,0.3102930784225464
YNL330C,YOR067C,0,0.38462424,0.14682430028915405,0.5324028134346008,0.3103931248188019
YOL056W,YHR064C,0,0.38397443,0.1467839479446411,0.5324028134346008,0.310493141412735
YOR096W,YHR161C,0,0.3838253,0.14674361050128937,0.5324028134346008,0.3105931878089905
YHR172W,YDR177W,0,0.383516,0.14670330286026,0.5324028134346008,0.3106932044029236
YGR162W,YGR075C,0,0.3834629,0.14666301012039185,0.5324028134346008,0.3107932507991791
YFL004W,YJR022W,0,0.38310528,0.14662273228168488,0.5324028134346008,0.3108932673931122
YDR270W,YFL044C,0,0.3828665,0.1465824842453003,0.5324028134346008,0.3109932839870453
YGR223C,YCR004C,0,0.38285923,0.1465422660112381,0.5324028134346008,0.3110933303833008
YDR503C,YEL017C-A,0,0.38220918,0.1465020626783371,0.5324028134346008,0.3111933469772339
YER148W,YHL004W,0,0.3821547,0.1464618742465973,0.5324028134346008,0.3112933933734894
YGR262C,YBR040W,0,0.38204074,0.14642171561717987,0.5324028134346008,0.3113934099674225
YPL155C,YGR218W,0,0.38199806,0.14638157188892365,0.5324028134346008,0.311493456363678
YPR192W,YGR234W,0,0.3819934,0.1463414579629898,0.5324028134346008,0.3115934729576111
YER068W,YDR362C,0,0.38155073,0.14630137383937836,0.5324028134346008,0.3116935193538666
YML027W,YPL028W,0,0.3811096,0.1462613046169281,0.5324028134346008,0.3117935359477997
YFL004W,YIL027C,0,0.38096553,0.14622125029563904,0.5324028134346008,0.3118935823440552
YLR418C,YLR074C,0,0.380553,0.14618122577667236,0.5324028134346008,0.3119935989379883
YDL192W,YOL019W,0,0.38043964,0.14614121615886688,0.5324028134346008,0.3120936155319214
YLR359W,YKL060C,1,0.38019788,0.14637482166290283,0.5333998203277588,0.3120936155319214
YCL031C,YPL186C,0,0.38007337,0.14633479714393616,0.5333998203277588,0.3121936619281769
YKL114C,YGR155W,1,0.37988496,0.14656822383403778,0.5343968272209167,0.3121936619281769
YBR166C,YPR096C,0,0.3798833,0.14652815461158752,0.5343968272209167,0.31229367852211
YIL168W,YDR538W,1,0.3795178,0.14676141738891602,0.5353938341140747,0.31229367852211
YMR070W,YPL026C,0,0.3793583,0.14672131836414337,0.5353938341140747,0.3123937249183655
YLR450W,YPL154C,0,0.37913126,0.14668123424053192,0.5353938341140747,0.3124937415122986
YDL229W,YDR443C,0,0.37875253,0.14664117991924286,0.5353938341140747,0.3125937879085541
YGR076C,YDR483W,0,0.37867635,0.146601140499115,0.5353938341140747,0.3126938045024872
YOR386W,YOR211C,0,0.37860733,0.1465611308813095,0.5353938341140747,0.3127938508987427
YJL102W,YDL130W-A,0,0.3785472,0.14652115106582642,0.5353938341140747,0.3128938674926758
YDL120W,YJL164C,0,0.37849092,0.14648117125034332,0.5353938341140747,0.3129938840866089
YBR041W,YBR185C,0,0.37777662,0.1464412361383438,0.5353938341140747,0.3130939304828644
YDR279W,YOR391C,0,0.37737608,0.1464013159275055,0.5353938341140747,0.3131939470767975
YDL229W,YGL059W,0,0.37532598,0.14636141061782837,0.5353938341140747,0.313293993473053
YNL162W,YFR006W,0,0.37531078,0.14632152020931244,0.5353938341140747,0.3133940100669861
YML040W,YIL113W,0,0.37512195,0.1462816745042801,0.5353938341140747,0.3134940564632416
YJR009C,YPR108W,0,0.37511247,0.14624182879924774,0.5353938341140747,0.3135940730571747
YDR128W,YMR017W,0,0.3749556,0.14620201289653778,0.5353938341140747,0.3136941194534302
YDL120W,YLR343W,0,0.37491298,0.1461622267961502,0.5353938341140747,0.3137941360473633
YMR281W,YCL066W,0,0.3745823,0.14612245559692383,0.5353938341140747,0.3138941824436188
YFL004W,YJL143W,0,0.37414926,0.14608269929885864,0.5353938341140747,0.3139941990375519
YPL143W,YMR303C,0,0.37387764,0.14604297280311584,0.5353938341140747,0.314094215631485
YDR224C,YAL012W,0,0.37378156,0.14600326120853424,0.5353938341140747,0.3141942620277405
YNL001W,YGL039W,0,0.37362885,0.14596357941627502,0.5353938341140747,0.3142942786216736
YKL087C,YJL097W,1,0.37308675,0.146195650100708,0.5363908410072327,0.3142942786216736
YOR036W,YJL109C,0,0.37218076,0.1461559385061264,0.5363908410072327,0.3143943250179291
YJL219W,YIR006C,0,0.37213457,0.146116241812706,0.5363908410072327,0.3144943416118622
YBR082C,YNL166C,0,0.3715542,0.14607657492160797,0.5363908410072327,0.3145943880081177
YDR111C,YMR289W,1,0.37130034,0.14630836248397827,0.5373878479003906,0.3145943880081177
YGL223C,YER044C,0,0.37092423,0.14626865088939667,0.5373878479003906,0.3146944046020508
YER086W,YHR147C,0,0.37067783,0.14622896909713745,0.5373878479003906,0.3147944509983063
YDL229W,YKL183W,0,0.36988008,0.14618931710720062,0.5373878479003906,0.3148944675922394
YAL043C,YEL002C,0,0.36959612,0.146149680018425,0.5373878479003906,0.3149944841861725
YGL213C,YLR467W,0,0.36947805,0.14611005783081055,0.5373878479003906,0.315094530582428
YBR040W,YER020W,0,0.3694541,0.1460704654455185,0.5373878479003906,0.3151945471763611
YOR167C,YOR270C,0,0.36936718,0.14603088796138763,0.5373878479003906,0.3152945935726166
YGL205W,YCR092C,0,0.36928064,0.14599132537841797,0.5373878479003906,0.3153946101665497
YDL082W,YDR169C,0,0.3690834,0.14595180749893188,0.5373878479003906,0.3154946565628052
YPL111W,YPR081C,0,0.3690362,0.1459122896194458,0.5373878479003906,0.3155946731567383
YBR097W,YOR036W,0,0.3689369,0.1458728015422821,0.5373878479003906,0.3156947195529938
YOR175C,YOR233W,0,0.3688938,0.1458333283662796,0.5373878479003906,0.3157947361469269
YOR332W,YJL109C,0,0.36881685,0.1457938849925995,0.5373878479003906,0.3158947825431824
YDR379W,YHR171W,0,0.36841702,0.14575445652008057,0.5373878479003906,0.3159947991371155
YBR123C,YDR456W,0,0.36841303,0.14571505784988403,0.5373878479003906,0.3160948157310486
YHR116W,YKL212W,0,0.36817527,0.1456756740808487,0.5373878479003906,0.3161948621273041
YOR306C,YNL268W,0,0.36812645,0.14563632011413574,0.5373878479003906,0.3162948787212372
YML104C,YAL012W,0,0.36718726,0.14559698104858398,0.5373878479003906,0.3163949251174927
YMR307W,YDL114W,0,0.36711437,0.14555765688419342,0.5373878479003906,0.3164949417114258
YGR263C,YOR067C,0,0.36650485,0.14551836252212524,0.5373878479003906,0.3165949881076813
YOR393W,YGR155W,1,0.36640358,0.14574898779392242,0.5383848547935486,0.3165949881076813
YKL088W,YOR315W,0,0.36635327,0.14570966362953186,0.5383848547935486,0.3166950047016144
YDR055W,YKL164C,0,0.36593866,0.1456703543663025,0.5383848547935486,0.3167950510978699
YBL017C,YDR288W,0,0.36570156,0.1456310749053955,0.5383848547935486,0.316895067691803
YIL145C,YDR115W,0,0.36559343,0.14559181034564972,0.5383848547935486,0.3169950842857361
YBL061C,YER089C,0,0.36544335,0.14555256068706512,0.5383848547935486,0.3170951306819916
YHR092C,YNL136W,0,0.3653866,0.14551334083080292,0.5383848547935486,0.3171951472759247
YKL140W,YOL072W,0,0.3651507,0.1454741358757019,0.5383848547935486,0.3172951936721802
YLR158C,YPR032W,0,0.36512125,0.14543496072292328,0.5383848547935486,0.3173952102661133
YFR055W,YDR127W,1,0.36491853,0.14566504955291748,0.5393818616867065,0.3173952102661133
YBR050C,YDR047W,0,0.36427677,0.14562584459781647,0.5393818616867065,0.3174952566623688
YER140W,YDR387C,0,0.36400378,0.14558665454387665,0.5393818616867065,0.3175952732563019
YGL196W,YHR112C,1,0.36358273,0.14581651985645294,0.5403788685798645,0.3175952732563019
YGR058W,YOR315W,0,0.36329144,0.14577730000019073,0.5403788685798645,0.3176953196525574
YLR359W,YHR174W,1,0.36252654,0.1460069864988327,0.5413758754730225,0.3176953196525574
YEL038W,YDL007W,0,0.36190355,0.1459677368402481,0.5413758754730225,0.3177953362464905
YMR163C,YJR143C,0,0.3616842,0.1459285169839859,0.5413758754730225,0.31789538264274597
YHR052W,YML087C,0,0.3615179,0.1458893120288849,0.5413758754730225,0.3179953992366791
YJR068W,YER044C,0,0.36134648,0.14585012197494507,0.5413758754730225,0.3180954158306122
YLR015W,YML042W,0,0.36068845,0.14581096172332764,0.5413758754730225,0.3181954622268677
YHR067W,YDL036C,1,0.36006373,0.14604027569293976,0.5423728823661804,0.3181954622268677
YHR044C,YCR037C,0,0.35993242,0.14600107073783875,0.5423728823661804,0.3182954788208008
YKL211C,YOL052C,1,0.35972905,0.14623020589351654,0.5433698892593384,0.3182954788208008
YOR391C,YDR252W,0,0.3596748,0.14619098603725433,0.5433698892593384,0.3183955252170563
YPL220W,YDR436W,0,0.35907543,0.14615178108215332,0.5433698892593384,0.3184955418109894
YKR014C,YER070W,0,0.3589942,0.1461126059293747,0.5433698892593384,0.3185955882072449
YDR111C,YHR067W,1,0.35878044,0.1463414579629898,0.5443668961524963,0.3185955882072449
YLR467W,YMR012W,0,0.35856843,0.1463022530078888,0.5443668961524963,0.318695604801178
YJR094W-A,YMR314W,0,0.35844976,0.14626306295394897,0.5443668961524963,0.31879565119743347
YMR289W,YGR087C,1,0.35842204,0.14649169147014618,0.5453639030456543,0.31879565119743347
YHL044W,YOL072W,0,0.35715628,0.14645247161388397,0.5453639030456543,0.3188956677913666
YER086W,YDR169C,0,0.35687232,0.14641328155994415,0.5453639030456543,0.3189956843852997
YCR053W,YML063W,0,0.35664696,0.14637409150600433,0.5453639030456543,0.3190957307815552
YHR076W,YIL113W,0,0.35658383,0.1463349312543869,0.5453639030456543,0.3191957473754883
YGR061C,YPL033C,0,0.35653734,0.14629580080509186,0.5453639030456543,0.3192957937717438
YJL148W,YCR037C,0,0.35611033,0.146256685256958,0.5453639030456543,0.3193958103656769
YPL269W,YNL185C,0,0.35584235,0.14621758460998535,0.5453639030456543,0.3194958567619324
YGR188C,YLR467W,0,0.35578173,0.14617851376533508,0.5453639030456543,0.3195958733558655
YJL048C,YBL088C,0,0.3555258,0.146139457821846,0.5453639030456543,0.31969591975212097
YDR022C,YHR081W,0,0.354468,0.14610043168067932,0.5453639030456543,0.3197959363460541
YCL055W,YDR236C,0,0.35440224,0.14606142044067383,0.5453639030456543,0.31989598274230957
YML005W,YDR116C,0,0.35341102,0.14602242410182953,0.5453639030456543,0.3199959993362427
YGR124W,YDL180W,0,0.35320252,0.14598345756530762,0.5453639030456543,0.3200960159301758
YHR046C,YGL119W,0,0.3528766,0.1459445059299469,0.5453639030456543,0.3201960623264313
YOR265W,YGL009C,0,0.35229325,0.14590556919574738,0.5453639030456543,0.3202960789203644
YBL069W,YJL056C,0,0.35183752,0.14586666226387024,0.5453639030456543,0.3203961253166199
YKR072C,YJL200C,1,0.35183114,0.14609438180923462,0.5463609099388123,0.3203961253166199
YDR315C,YGR006W,0,0.35159272,0.1460554301738739,0.5463609099388123,0.320496141910553
YHR027C,YIL160C,0,0.3507812,0.14601652324199677,0.5463609099388123,0.32059618830680847
YNL096C,YNL289W,0,0.35041356,0.14597763121128082,0.5463609099388123,0.3206962049007416
YDL101C,YGR063C,0,0.3500558,0.14593875408172607,0.5463609099388123,0.32079625129699707
YMR323W,YGR087C,1,0.34996593,0.146166130900383,0.5473579168319702,0.32079625129699707
YLR385C,YJL158C,0,0.34979528,0.14612722396850586,0.5473579168319702,0.3208962678909302
YMR036C,YGR162W,0,0.3495466,0.1460883468389511,0.5473579168319702,0.3209962844848633
YCR092C,YAL044C,0,0.34942377,0.14604948461055756,0.5473579168319702,0.3210963308811188
YNR016C,YJR060W,0,0.3494174,0.1460106372833252,0.5473579168319702,0.3211963474750519
YJL033W,YBR205W,0,0.34925544,0.14597181975841522,0.5473579168319702,0.3212963938713074
YMR198W,YPR070W,0,0.34870827,0.14593301713466644,0.5473579168319702,0.3213964104652405
YJL019W,YCR047C,0,0.34844023,0.14589422941207886,0.5473579168319702,0.32149645686149597
YJR139C,YLR008C,0,0.34843338,0.14585547149181366,0.5473579168319702,0.3215964734554291
YDL229W,YNL301C,0,0.34810817,0.14581672847270966,0.5473579168319702,0.32169651985168457
YCR037C,YMR303C,0,0.3480379,0.14577801525592804,0.5473579168319702,0.3217965364456177
YGR124W,YDR247W,0,0.3477767,0.14573931694030762,0.5473579168319702,0.32189658284187317
YLR459W,YEL002C,0,0.34647655,0.1457006335258484,0.5473579168319702,0.3219965994358063
YER086W,YDR501W,0,0.3463149,0.14566197991371155,0.5473579168319702,0.3220966160297394
YGR169C,YGL026C,1,0.34625554,0.14588859677314758,0.5483549237251282,0.3220966160297394
YLL001W,YER045C,0,0.34623653,0.14584991335868835,0.5483549237251282,0.3221966624259949
YAL012W,YFL061W,1,0.34567738,0.14607635140419006,0.5493519306182861,0.3221966624259949
YHL018W,YNL316C,1,0.34557718,0.14630267024040222,0.5503489375114441,0.3221966624259949
YLR459W,YBR048W,0,0.34377617,0.14626391232013702,0.5503489375114441,0.322296679019928
YDR134C,YML048W,0,0.34366137,0.14622516930103302,0.5503489375114441,0.32239672541618347
YNL049C,YJR065C,0,0.34350747,0.1461864411830902,0.5503489375114441,0.3224967420101166
YFL036W,YDR018C,0,0.34308285,0.1461477428674698,0.5503489375114441,0.32259678840637207
YDR283C,YKR038C,0,0.34289068,0.14610905945301056,0.5503489375114441,0.3226968050003052
YER111C,YBR105C,0,0.34278816,0.14607039093971252,0.5503489375114441,0.32279685139656067
YER173W,YML087C,0,0.34243506,0.14603175222873688,0.5503489375114441,0.3228968679904938
YNL098C,YGR189C,0,0.3422981,0.14599312841892242,0.5503489375114441,0.3229968845844269
YDR219C,YER131W,0,0.34217757,0.14595451951026917,0.5503489375114441,0.3230969309806824
YOR047C,YPL033C,0,0.34186673,0.1459159404039383,0.5503489375114441,0.3231969475746155
YOR047C,YHR021C,0,0.34175402,0.14587737619876862,0.5503489375114441,0.32329699397087097
YLL062C,YNL159C,0,0.3417521,0.14583884179592133,0.5503489375114441,0.3233970105648041
YPL048W,YNL189W,0,0.34135014,0.14580032229423523,0.5503489375114441,0.32349705696105957
YNR061C,YDR510W,0,0.34094065,0.14576181769371033,0.5503489375114441,0.3235970735549927
YKL183W,YCL047C,0,0.34074968,0.1457233428955078,0.5503489375114441,0.32369711995124817
YJL072C,YCR098C,0,0.3405487,0.1456848829984665,0.5503489375114441,0.3237971365451813
YFR015C,YNL146W,0,0.33993292,0.14564643800258636,0.5503489375114441,0.32389718294143677
YJR097W,YER007W,0,0.33987784,0.14560802280902863,0.5503489375114441,0.3239971995353699
YDR436W,YDR298C,0,0.33955663,0.14556962251663208,0.5503489375114441,0.324097216129303
YGL211W,YGR279C,0,0.33938056,0.14553123712539673,0.5503489375114441,0.32419726252555847
YMR016C,YOR386W,0,0.33910102,0.14549288153648376,0.5503489375114441,0.3242972791194916
YOR278W,YNL289W,0,0.3385505,0.145454540848732,0.5503489375114441,0.32439732551574707
YJL198W,YDR495C,0,0.33841574,0.1454162299633026,0.5503489375114441,0.3244973421096802
YAL013W,YER089C,0,0.33836555,0.14537793397903442,0.5503489375114441,0.32459738850593567
YDR279W,YBR030W,0,0.33776212,0.14533965289592743,0.5503489375114441,0.3246974050998688
YNL086W,YPR054W,0,0.33744705,0.14530140161514282,0.5503489375114441,0.32479745149612427
YPL123C,YGR254W,1,0.33741415,0.14552631974220276,0.551345944404602,0.32479745149612427
YCR072C,YEL013W,0,0.33726162,0.14548802375793457,0.551345944404602,0.3248974680900574
YFR037C,YHL047C,0,0.33718354,0.14544975757598877,0.551345944404602,0.3249974846839905
YNL306W,YML115C,0,0.3368588,0.14541152119636536,0.551345944404602,0.32509753108024597
YOR128C,YJR130C,1,0.33662212,0.1456361711025238,0.55234295129776,0.32509753108024597
YKL212W,YMR045C,0,0.33620864,0.145597904920578,0.55234295129776,0.3251975476741791
YOR120W,YPR041W,0,0.3358211,0.1455596387386322,0.55234295129776,0.32529759407043457
YOL005C,YER112W,0,0.33565784,0.1455214023590088,0.55234295129776,0.3253976106643677
YOL138C,YOR014W,0,0.33565032,0.14548319578170776,0.55234295129776,0.32549765706062317
YBR286W,YDR379W,0,0.33559555,0.14544500410556793,0.55234295129776,0.3255976736545563
YCR020C,YDL067C,0,0.33482224,0.1454068273305893,0.55234295129776,0.32569772005081177
YHR174W,YDR294C,1,0.33458632,0.1456310749053955,0.553339958190918,0.32569772005081177
YNL158W,YKL024C,0,0.33451068,0.14559286832809448,0.553339958190918,0.3257977366447449
YBR286W,YJL170C,0,0.3344025,0.14555467665195465,0.553339958190918,0.32589778304100037
YKR014C,YGR295C,0,0.33402622,0.1455165147781372,0.553339958190918,0.32599779963493347
YDR170W-A,YLR343W,0,0.3337565,0.14547836780548096,0.553339958190918,0.3260978162288666
YBL075C,YJR135W-A,0,0.33374518,0.1454402506351471,0.553339958190918,0.32619786262512207
YNL316C,YKR072C,1,0.33369863,0.14566414058208466,0.5543369650840759,0.32619786262512207
YGL213C,YER095W,0,0.3331061,0.1456259787082672,0.5543369650840759,0.3262978792190552
YJL106W,YDR421W,0,0.33281332,0.14558784663677216,0.5543369650840759,0.32639792561531067
YDR069C,YIL136W,0,0.33261645,0.1455497443675995,0.5543369650840759,0.3264979422092438
YHR105W,YJR033C,0,0.33208603,0.14551164209842682,0.5543369650840759,0.32659798860549927
YHR105W,YKL010C,0,0.3320741,0.14547356963157654,0.5543369650840759,0.3266980051994324
YPL281C,YNL169C,1,0.3317296,0.14569710195064545,0.5553339719772339,0.3266980051994324
YOR386W,YGR169C,1,0.33126146,0.1459205001592636,0.5563309788703918,0.3266980051994324
YPL017C,YER051W,0,0.33120263,0.14588235318660736,0.5563309788703918,0.32679805159568787
YGR159C,YDR056C,0,0.33108824,0.1458442211151123,0.5563309788703918,0.32689806818962097
YDR388W,YCL069W,0,0.33090287,0.14580611884593964,0.5563309788703918,0.3269980847835541
YOL115W,YFL061W,1,0.33077264,0.1460292637348175,0.5573280453681946,0.3269980847835541
YMR036C,YOR386W,0,0.32991683,0.14599111676216125,0.5573280453681946,0.32709813117980957
YKL088W,YKL164C,0,0.3298208,0.1459529995918274,0.5573280453681946,0.3271981477737427
YBR022W,YBL064C,0,0.32973045,0.14591489732265472,0.5573280453681946,0.32729819416999817
YJR009C,YLR357W,0,0.3297177,0.14587682485580444,0.5573280453681946,0.3273982107639313
YNL293W,YDR330W,0,0.3297037,0.14583876729011536,0.5573280453681946,0.32749825716018677
YDL231C,YCL066W,0,0.32965988,0.14580072462558746,0.5573280453681946,0.3275982737541199
YOL003C,YDR012W,0,0.3290429,0.14576271176338196,0.5573280453681946,0.32769832015037537
YGL039W,YFL039C,0,0.32856703,0.14572471380233765,0.5573280453681946,0.32779833674430847
YOR384W,YBR040W,0,0.32846975,0.14568673074245453,0.5573280453681946,0.32789838314056396
YPL186C,YER012W,0,0.3282892,0.1456487774848938,0.5573280453681946,0.32799839973449707
YOR308C,YJL158C,0,0.32823098,0.14561083912849426,0.5573280453681946,0.3280984163284302
YNL280C,YBL088C,0,0.3281656,0.14557291567325592,0.5573280453681946,0.32819846272468567
YHR017W,YNL061W,0,0.32805514,0.14553502202033997,0.5573280453681946,0.3282984793186188
YOR128C,YNL335W,1,0.32793403,0.14575742185115814,0.5583250522613525,0.3282984793186188
YML040W,YER184C,0,0.3278467,0.1457194834947586,0.5583250522613525,0.32839852571487427
YDR297W,YHR052W,0,0.32763392,0.14568157494068146,0.5583250522613525,0.3284985423088074
YML113W,YOL139C,0,0.32736343,0.1456436961889267,0.5583250522613525,0.32859858870506287
YDR270W,YGL084C,0,0.32707536,0.14560581743717194,0.5583250522613525,0.32869860529899597
YER133W,YJR097W,0,0.32681113,0.14556796848773956,0.5583250522613525,0.32879865169525146
YBL088C,YNL091W,0,0.3267833,0.14553014934062958,0.5583250522613525,0.32889866828918457
YLR188W,YDR334W,0,0.32667094,0.1454923301935196,0.5583250522613525,0.3289986848831177
YOL127W,YJL025W,0,0.32648665,0.145454540848732,0.5583250522613525,0.32909873127937317
YDR236C,YOR120W,0,0.32629156,0.14541678130626678,0.5583250522613525,0.3291987478733063
YML129C,YMR233W,0,0.3259368,0.14537902176380157,0.5583250522613525,0.32929879426956177
YER148W,YPR108W,0,0.32592225,0.14534129202365875,0.5583250522613525,0.3293988108634949
YAL041W,YNL189W,0,0.32536018,0.14530357718467712,0.5583250522613525,0.32949885725975037
YEL016C,YDL056W,0,0.32530338,0.14526589214801788,0.5583250522613525,0.32959887385368347
YOR143C,YBR048W,0,0.3248943,0.14522822201251984,0.5583250522613525,0.32969892024993896
YNL308C,YLR446W,0,0.3248697,0.14519056677818298,0.5583250522613525,0.32979893684387207
YBR267W,YJR135W-A,0,0.32454246,0.14515292644500732,0.5583250522613525,0.32989898324012756
YNL191W,YMR303C,0,0.32454216,0.14511531591415405,0.5583250522613525,0.32999899983406067
YGR159C,YGR135W,0,0.32440645,0.14507772028446198,0.5583250522613525,0.3300990164279938
YHR099W,YMR012W,0,0.32420325,0.1450401395559311,0.5583250522613525,0.33019906282424927
YML027W,YMR201C,0,0.32417715,0.1450025886297226,0.5583250522613525,0.3302990794181824
YDR050C,YLR427W,0,0.32385027,0.1449650526046753,0.5583250522613525,0.33039912581443787
YAL012W,YEL021W,1,0.32332134,0.14518633484840393,0.5593220591545105,0.33039912581443787
YLL050C,YNR045W,0,0.32328874,0.14514876902103424,0.5593220591545105,0.33049914240837097
YMR023C,YOR211C,0,0.32282102,0.14511123299598694,0.5593220591545105,0.33059918880462646
YLR304C,YER007W,0,0.32268012,0.14507369697093964,0.5593220591545105,0.33069920539855957
YLR357W,YOL056W,0,0.32198375,0.14503619074821472,0.5593220591545105,0.33079925179481506
YPL022W,YFL037W,0,0.32151306,0.1449987143278122,0.5593220591545105,0.33089926838874817
YHR072W,YOL052C,1,0.32129025,0.14521963894367218,0.5603190660476685,0.33089926838874817
YLL009C,YDR507C,0,0.32119888,0.14518211781978607,0.5603190660476685,0.3309992849826813
YLR450W,YER126C,0,0.3209623,0.14514462649822235,0.5603190660476685,0.33109933137893677
YPL206C,YPL022W,0,0.3209502,0.14510715007781982,0.5603190660476685,0.3311993479728699
YDR065W,YDR313C,0,0.32034886,0.1450696885585785,0.5603190660476685,0.33129939436912537
YOL018C,YHR064C,0,0.32034236,0.14503225684165955,0.5603190660476685,0.33139941096305847
YNL012W,YGL059W,0,0.32022065,0.1449948400259018,0.5603190660476685,0.33149945735931396
YMR166C,YPL281C,0,0.31981742,0.14495743811130524,0.5603190660476685,0.33159947395324707
YIR015W,YNR041C,0,0.3194598,0.14492006599903107,0.5603190660476685,0.33169952034950256
YGL141W,YDR486C,0,0.31923163,0.1448827087879181,0.5603190660476685,0.33179953694343567
YDR251W,YKL181W,0,0.3190053,0.1448453664779663,0.5603190660476685,0.33189958333969116
YLR142W,YHR105W,0,0.3185652,0.14480803906917572,0.5603190660476685,0.33199959993362427
YLL009C,YDR050C,0,0.3185392,0.14477074146270752,0.5603190660476685,0.3320996165275574
YPL281C,YJL121C,0,0.3184945,0.1447334587574005,0.5603190660476685,0.33219966292381287
YGR026W,YDL138W,0,0.3182245,0.1446961909532547,0.5603190660476685,0.33229967951774597
YDL138W,YPR054W,0,0.31806862,0.14465893805027008,0.5603190660476685,0.33239972591400146
YJR009C,YNL077W,0,0.3179273,0.14462171494960785,0.5603190660476685,0.33249974250793457
YIR017C,YDR390C,0,0.31785476,0.1445845067501068,0.5603190660476685,0.33259978890419006
YHR067W,YBR213W,1,0.31774014,0.14480452239513397,0.5613160729408264,0.33259978890419006
YER087C-A,YDR265W,0,0.31765258,0.14476729929447174,0.5613160729408264,0.33269980549812317
YLR165C,YGL196W,1,0.31732982,0.14498715102672577,0.5623130798339844,0.33269980549812317
YJL073W,YIL126W,0,0.31687635,0.14494988322257996,0.5623130798339844,0.33279985189437866
YGR169C,YMR250W,1,0.31663167,0.14516958594322205,0.5633100867271423,0.33279985189437866
YOR080W,YDR116C,0,0.31636572,0.14513228833675385,0.5633100867271423,0.33289986848831177
YNL046W,YFR006W,0,0.31622207,0.14509502053260803,0.5633100867271423,0.3329998850822449
YOL103W,YMR208W,0,0.3157696,0.1450577676296234,0.5633100867271423,0.33309993147850037
YDR036C,YER140W,0,0.3155501,0.1450205296278,0.5633100867271423,0.33319994807243347
YDR224C,YDL110C,0,0.31547612,0.14498332142829895,0.5633100867271423,0.33329999446868896
YDR297W,YDR443C,0,0.31530648,0.1449461281299591,0.5633100867271423,0.33340001106262207
YML054C,YMR042W,0,0.3151694,0.14490894973278046,0.5633100867271423,0.33350005745887756
YLR283W,YGR075C,0,0.31516522,0.1448718011379242,0.5633100867271423,0.33360007405281067
YLR158C,YHL016C,0,0.31497872,0.14483465254306793,0.5633100867271423,0.33370012044906616
YMR088C,YIL074C,0,0.31486213,0.14479753375053406,0.5633100867271423,0.33380013704299927
YOR384W,YMR051C,0,0.31482446,0.14476044476032257,0.5633100867271423,0.33390018343925476
YKL004W,YHR215W,0,0.31419963,0.14472335577011108,0.5633100867271423,0.33400020003318787
YGR184C,YBR299W,0,0.31409264,0.14468629658222198,0.5633100867271423,0.33410021662712097
YBR050C,YML048W,0,0.3140024,0.14464925229549408,0.5633100867271423,0.33420026302337646
YHR086W,YGR061C,0,0.31398237,0.14461223781108856,0.5633100867271423,0.33430027961730957
YMR297W,YMR281W,0,0.31325018,0.14457522332668304,0.5633100867271423,0.33440032601356506
YOL100W,YHL036W,0,0.31324524,0.14453823864459991,0.5633100867271423,0.33450034260749817
YEL058W,YKR097W,0,0.31311333,0.14450128376483917,0.5633100867271423,0.33460038900375366
YPL148C,YPR036W,0,0.31299734,0.14446432888507843,0.5633100867271423,0.33470040559768677
YHR046C,YML106W,0,0.31291908,0.14442740380764008,0.5633100867271423,0.33480045199394226
YOL105C,YOR080W,0,0.31235224,0.14439049363136292,0.5633100867271423,0.33490046858787537
YNR008W,YGL155W,0,0.3117906,0.14435359835624695,0.5633100867271423,0.33500051498413086
YDR342C,YMR109W,0,0.31137508,0.14431673288345337,0.5633100867271423,0.33510053157806396
YGR047C,YDR487C,0,0.31131667,0.14427988231182098,0.5633100867271423,0.33520054817199707
YKL087C,YOR054C,1,0.31089938,0.1444983333349228,0.5643070936203003,0.33520054817199707
YMR211W,YER120W,0,0.3106215,0.14446145296096802,0.5643070936203003,0.33530059456825256
YOR386W,YKR097W,1,0.3105417,0.14467976987361908,0.5653041005134583,0.33530059456825256
YEL064C,YJL106W,0,0.31051087,0.14464285969734192,0.5653041005134583,0.33540061116218567
YLR134W,YMR323W,1,0.3103739,0.14486099779605865,0.5663011074066162,0.33540061116218567
YPL159C,YOR014W,0,0.30999607,0.1448240727186203,0.5663011074066162,0.33550065755844116
YDR158W,YJL062W,0,0.30943745,0.14478714764118195,0.5663011074066162,0.33560067415237427
YGL009C,YDR128W,0,0.30937266,0.14475025236606598,0.5663011074066162,0.33570072054862976
YDR236C,YGR006W,0,0.30935973,0.1447133719921112,0.5663011074066162,0.33580073714256287
YAR015W,YMR282C,0,0.3092457,0.14467652142047882,0.5663011074066162,0.33590078353881836
YER065C,YKL218C,1,0.3090126,0.1448943167924881,0.5672981142997742,0.33590078353881836
YGL128C,YDR387C,0,0.30853134,0.14485743641853333,0.5672981142997742,0.33600080013275146
YHR089C,YDR071C,0,0.30840582,0.14482057094573975,0.5672981142997742,0.33610081672668457
YFR032C-A,YBL074C,0,0.30811107,0.14478372037410736,0.5672981142997742,0.33620086312294006
YDR347W,YMR198W,0,0.30810374,0.14474688470363617,0.5672981142997742,0.33630087971687317
YPL106C,YDR116C,0,0.307575,0.14471006393432617,0.5672981142997742,0.33640092611312866
YJR076C,YBL020W,0,0.30743986,0.14467327296733856,0.5672981142997742,0.33650094270706177
YOR181W,YCR081W,0,0.30727434,0.14463649690151215,0.5672981142997742,0.33660098910331726
YGL148W,YOR176W,1,0.30694652,0.144853875041008,0.5682951211929321,0.33660098910331726
YHR086W,YDR166C,0,0.306612,0.1448170691728592,0.5682951211929321,0.33670100569725037
YAR018C,YBR213W,0,0.3066044,0.14478029310703278,0.5682951211929321,0.33680105209350586
YCR081W,YHR086W,0,0.30590397,0.14474353194236755,0.5682951211929321,0.33690106868743896
YDR347W,YGR047C,0,0.30583513,0.14470678567886353,0.5682951211929321,0.33700111508369446
YBR175W,YGL157W,0,0.30575454,0.1446700543165207,0.5682951211929321,0.33710113167762756
YPL019C,YCL050C,0,0.30541253,0.14463333785533905,0.5682951211929321,0.33720114827156067
YNL217W,YOL149W,0,0.3053838,0.1445966511964798,0.5682951211929321,0.33730119466781616
YLR165C,YGL148W,1,0.30501413,0.14481359720230103,0.5692921280860901,0.33730119466781616
YGR241C,YDL060W,0,0.304945,0.14477688074111938,0.5692921280860901,0.33740121126174927
YBL093C,YGL227W,0,0.30428886,0.14474017918109894,0.5692921280860901,0.33750125765800476
YMR080C,YOR057W,0,0.30417037,0.14470349252223969,0.5692921280860901,0.33760127425193787
YFR055W,YDR047W,1,0.30416918,0.14492018520832062,0.570289134979248,0.33760127425193787
YDR060W,YDL144C,0,0.30414546,0.14488348364830017,0.570289134979248,0.33770132064819336
YMR088C,YBL021C,0,0.30360848,0.14484679698944092,0.570289134979248,0.33780133724212646
YJL060W,YIL167W,1,0.30352187,0.14506329596042633,0.571286141872406,0.33780133724212646
YBR159W,YMR204C,0,0.3033477,0.1450265794992447,0.571286141872406,0.33790138363838196
YDR050C,YCR028C,0,0.30328488,0.14498987793922424,0.571286141872406,0.33800140023231506
YGL090W,YHR017W,0,0.30322558,0.14495320618152618,0.571286141872406,0.33810141682624817
YHL018W,YLR134W,1,0.30308473,0.1451694518327713,0.572283148765564,0.33810141682624817
YDR536W,YGL123W,0,0.3028292,0.14513275027275085,0.572283148765564,0.33820146322250366
YGL026C,YDR380W,1,0.3028059,0.14534883201122284,0.5732801556587219,0.33820146322250366
YMR281W,YDR077W,0,0.3026414,0.14531210064888,0.5732801556587219,0.33830147981643677
YOL003C,YML088W,0,0.30257654,0.14527538418769836,0.5732801556587219,0.33840152621269226
YDL085W,YMR292W,0,0.3021742,0.1452386975288391,0.5732801556587219,0.33850154280662537
YOR356W,YLR237W,0,0.3018729,0.14520202577114105,0.5732801556587219,0.33860158920288086
YBR041W,YDR238C,0,0.3014803,0.1451653689146042,0.5732801556587219,0.33870160579681396
YDR224C,YFL041W,0,0.30129892,0.14512872695922852,0.5732801556587219,0.33880165219306946
YBL021C,YML088W,0,0.30058187,0.14509209990501404,0.5732801556587219,0.33890166878700256
YNL086W,YBR213W,0,0.30036432,0.14505550265312195,0.5732801556587219,0.33900171518325806
YBR207W,YLR176C,0,0.30032748,0.14501892030239105,0.5732801556587219,0.33910173177719116
YIL074C,YBR156C,0,0.30032605,0.14498235285282135,0.5732801556587219,0.33920174837112427
YER126C,YJL133W,0,0.29960614,0.14494580030441284,0.5732801556587219,0.33930179476737976
YER140W,YER153C,0,0.2986812,0.14490927755832672,0.5732801556587219,0.33940181136131287
YHR072W,YHR112C,1,0.29842097,0.14512471854686737,0.5742771625518799,0.33940181136131287
YEL013W,YGL040C,0,0.2984075,0.14508816599845886,0.5742771625518799,0.33950185775756836
YMR004W,YDR055W,0,0.29823244,0.14505162835121155,0.5742771625518799,0.33960187435150146
YNL191W,YNR007C,0,0.29820454,0.14501510560512543,0.5742771625518799,0.33970192074775696
YDR197W,YOR080W,0,0.29780173,0.1449786126613617,0.5742771625518799,0.33980193734169006
YJR094W-A,YCR075C,0,0.2976703,0.14494211971759796,0.5742771625518799,0.33990198373794556
YDR487C,YOR054C,1,0.29761422,0.14515723288059235,0.5752741694450378,0.33990198373794556
YDR465C,YCR053W,0,0.29745942,0.14512072503566742,0.5752741694450378,0.34000200033187866
YIL074C,YML070W,0,0.29688114,0.1450842320919037,0.5752741694450378,0.34010201692581177
YML113W,YLR356W,0,0.29669815,0.14504776895046234,0.5752741694450378,0.34020206332206726
YKR072C,YIL168W,1,0.29664004,0.14526262879371643,0.5762711763381958,0.34020206332206726
YOR315W,YDR534C,0,0.2961977,0.1452261358499527,0.5762711763381958,0.34030207991600037
YLR165C,YGL040C,1,0.2958718,0.14544084668159485,0.5772681832313538,0.34030207991600037
YBL075C,YLL022C,0,0.29550987,0.14540432393550873,0.5772681832313538,0.34040212631225586
YPL059W,YJR065C,0,0.2954725,0.1453678160905838,0.5772681832313538,0.34050214290618896
YMR080C,YGL147C,0,0.2952305,0.14533132314682007,0.5772681832313538,0.34060218930244446
YJL156C,YNL015W,0,0.2951519,0.14529486000537872,0.5772681832313538,0.34070220589637756
YCR020C,YMR256C,0,0.29512322,0.14525841176509857,0.5772681832313538,0.34080225229263306
YDR425W,YCL047C,0,0.29500312,0.14522197842597961,0.5772681832313538,0.34090226888656616
YGL095C,YDR101C,0,0.2948972,0.14518555998802185,0.5772681832313538,0.34100231528282166
YJR025C,YGL031C,0,0.2948118,0.14514915645122528,0.5772681832313538,0.34110233187675476
YKL154W,YGR234W,0,0.29448527,0.1451127827167511,0.5772681832313538,0.34120234847068787
YHR172W,YOR389W,0,0.29403633,0.1450764238834381,0.5772681832313538,0.34130239486694336
YOR046C,YHR147C,0,0.29382592,0.14504007995128632,0.5772681832313538,0.34140241146087646
YKR097W,YPL123C,1,0.2937196,0.1452541947364807,0.5782651901245117,0.34140241146087646
YOR315W,YLR032W,0,0.29371446,0.14521782100200653,0.5782651901245117,0.34150245785713196
YGL040C,YER090W,1,0.2934509,0.145431786775589,0.5792621970176697,0.34150245785713196
YML124C,YMR165C,0,0.29343873,0.1453953981399536,0.5792621970176697,0.34160247445106506
YML104C,YGL009C,0,0.29341704,0.14535902440547943,0.5792621970176697,0.34170252084732056
YLL013C,YOL100W,0,0.29333925,0.14532266557216644,0.5792621970176697,0.34180253744125366
YPL172C,YMR208W,0,0.29281574,0.14528632164001465,0.5792621970176697,0.34190258383750916
YHR092C,YJL133W,0,0.29278398,0.14524999260902405,0.5792621970176697,0.34200260043144226
YNR011C,YGR101W,0,0.29266256,0.14521369338035583,0.5792621970176697,0.34210261702537537
YMR036C,YPL121C,0,0.2926057,0.14517740905284882,0.5792621970176697,0.34220266342163086
YBL064C,YJL097W,0,0.29229647,0.145141139626503,0.5792621970176697,0.34230268001556396
YKL011C,YPL033C,0,0.29198092,0.14510490000247955,0.5792621970176697,0.34240272641181946
YOL152W,YDR402C,0,0.29184365,0.14506866037845612,0.5792621970176697,0.34250274300575256
YLR438C-A,YHR011W,0,0.29157525,0.14503245055675507,0.5792621970176697,0.34260278940200806
YKR097W,YLR176C,0,0.2914679,0.1449962556362152,0.5792621970176697,0.34270280599594116
YBR048W,YPR096C,0,0.29138976,0.14496007561683655,0.5792621970176697,0.34280285239219666
YGR263C,YJL221C,0,0.291143,0.14492392539978027,0.5792621970176697,0.34290286898612976
YPR028W,YPL159C,0,0.29084373,0.144887775182724,0.5792621970176697,0.34300291538238525
YGL040C,YOR242C,0,0.29080576,0.1448516547679901,0.5792621970176697,0.34310293197631836
YMR290C,YOR046C,0,0.29080337,0.14481554925441742,0.5792621970176697,0.34320294857025146
YBR185C,YKL116C,0,0.29059654,0.14477947354316711,0.5792621970176697,0.34330299496650696
YDR056C,YOL117W,0,0.29040164,0.1447433978319168,0.5792621970176697,0.34340301156044006
YDR118W,YDR368W,0,0.2903201,0.1447073519229889,0.5792621970176697,0.34350305795669556
YLR008C,YER110C,0,0.28997278,0.14467132091522217,0.5792621970176697,0.34360307455062866
YLL062C,YDR134C,0,0.28960037,0.14463530480861664,0.5792621970176697,0.34370312094688416
YDR033W,YOL133W,0,0.28940713,0.1445993036031723,0.5792621970176697,0.34380313754081726
YMR023C,YDR169C,0,0.2893526,0.14456331729888916,0.5792621970176697,0.34390318393707275
YKL088W,YOR202W,1,0.2892362,0.1447761207818985,0.5802592039108276,0.34390318393707275
YOL103W,YLR172C,0,0.289131,0.14474011957645416,0.5802592039108276,0.34400320053100586
YLR040C,YGL106W,0,0.28902364,0.14470413327217102,0.5802592039108276,0.34410321712493896
YCL075W,YLR381W,0,0.2888025,0.14466816186904907,0.5802592039108276,0.34420326352119446
YDL166C,YPL033C,0,0.28853434,0.14463220536708832,0.5802592039108276,0.34430328011512756
YDR012W,YIL072W,0,0.28849936,0.14459627866744995,0.5802592039108276,0.34440332651138306
YNL086W,YMR150C,0,0.28840554,0.14456035196781158,0.5802592039108276,0.34450334310531616
YCR020C,YDR117C,0,0.2883101,0.1445244550704956,0.5802592039108276,0.34460338950157166
YMR282C,YKR094C,0,0.28778958,0.14448857307434082,0.5802592039108276,0.34470340609550476
YAL043C,YDR524C,0,0.28692347,0.14445272088050842,0.5802592039108276,0.34480345249176025
YHR018C,YDR127W,1,0.2863685,0.14466501772403717,0.5812562108039856,0.34480345249176025
YDR363W-A,YOR242C,0,0.28634834,0.1446291208267212,0.5812562108039856,0.34490346908569336
YPL144W,YFR041C,0,0.2858349,0.1445932537317276,0.5812562108039856,0.34500351548194885
YOR384W,YOR080W,0,0.28577375,0.1445574015378952,0.5812562108039856,0.34510353207588196
YOL156W,YCL027W,0,0.2857278,0.144521564245224,0.5812562108039856,0.34520354866981506
YNL210W,YNL189W,0,0.28546637,0.14448575675487518,0.5812562108039856,0.34530359506607056
YOR066W,YIL112W,0,0.285268,0.14444994926452637,0.5812562108039856,0.34540361166000366
YFR055W,YDR538W,1,0.28470892,0.14466187357902527,0.5822532176971436,0.34540361166000366
YJR076C,YIL026C,0,0.28463084,0.14462605118751526,0.5822532176971436,0.34550365805625916
YLR089C,YBR248C,1,0.28452522,0.14483782649040222,0.5832502245903015,0.34550365805625916
YHR086W,YOR067C,0,0.28421044,0.14480197429656982,0.5832502245903015,0.34560367465019226
YDR536W,YNL308C,0,0.2841922,0.14476615190505981,0.5832502245903015,0.34570372104644775
YOL127W,YPL174C,0,0.28405517,0.1447303295135498,0.5832502245903015,0.34580373764038086
YLR446W,YNL096C,0,0.2838657,0.14469453692436218,0.5832502245903015,0.34590378403663635
YGL184C,YJL097W,1,0.28386247,0.14490602910518646,0.5842472314834595,0.34590378403663635
YDL051W,YOR066W,0,0.2838238,0.14487020671367645,0.5842472314834595,0.34600380063056946
YJL198W,YDL146W,0,0.28339225,0.14483439922332764,0.5842472314834595,0.34610381722450256
YMR290C,YOL007C,0,0.2832815,0.1447986215353012,0.5842472314834595,0.34620386362075806
YBR273C,YNL289W,0,0.2831517,0.14476284384727478,0.5842472314834595,0.34630388021469116
YDL137W,YOR288C,0,0.28309953,0.14472709596157074,0.5842472314834595,0.34640392661094666
YKR061W,YDR120C,0,0.28228772,0.1446913629770279,0.5842472314834595,0.34650394320487976
YPL103C,YAL025C,0,0.2822727,0.14465564489364624,0.5842472314834595,0.34660398960113525
YGL031C,YLR246W,0,0.28173345,0.14461994171142578,0.5842472314834595,0.34670400619506836
YGL222C,YGR123C,0,0.28164327,0.14458425343036652,0.5842472314834595,0.34680405259132385
YPL074W,YDR524C,0,0.28155923,0.14454859495162964,0.5842472314834595,0.34690406918525696
YLR414C,YMR109W,0,0.2815373,0.14451295137405396,0.5842472314834595,0.34700411558151245
YOR128C,YDR380W,1,0.28144795,0.14472386240959167,0.5852442383766174,0.34700411558151245
YNL077W,YEL058W,0,0.28143942,0.1446881890296936,0.5852442383766174,0.34710413217544556
YML074C,YHR147C,0,0.28086805,0.14465254545211792,0.5852442383766174,0.34720414876937866
YNL210W,YPL051W,0,0.28069228,0.14461690187454224,0.5852442383766174,0.34730419516563416
YDR071C,YOR326W,0,0.28022528,0.14458128809928894,0.5852442383766174,0.34740421175956726
YLR165C,YLR044C,1,0.2801541,0.14479191601276398,0.5862413048744202,0.34740421175956726
YGL213C,YFR015C,0,0.27988106,0.1447562724351883,0.5862413048744202,0.34750425815582275
YDR448W,YDL130W-A,0,0.27921665,0.1447206437587738,0.5862413048744202,0.34760427474975586
YDR315C,YMR184W,0,0.27834457,0.1446850448846817,0.5862413048744202,0.34770432114601135
YMR314W,YDR055W,0,0.27815884,0.1446494460105896,0.5862413048744202,0.34780433773994446
YCL055W,YLR246W,0,0.27793878,0.14461387693881989,0.5862413048744202,0.34790438413619995
YFL029C,YFR003C,0,0.27793038,0.14457830786705017,0.5862413048744202,0.34800440073013306
YJL219W,YDR251W,0,0.27744502,0.14454276859760284,0.5862413048744202,0.34810441732406616
YML085C,YOR127W,0,0.27721184,0.1445072442293167,0.5862413048744202,0.34820446372032166
YOL115W,YNR043W,1,0.27720755,0.14471744000911713,0.5872383117675781,0.34820446372032166
YOR386W,YER090W,1,0.27712673,0.14492753148078918,0.5882353186607361,0.34820446372032166
YKL087C,YGR254W,1,0.27699095,0.14513751864433289,0.589232325553894,0.34820446372032166
YIL109C,YNL135C,0,0.27691698,0.1451018899679184,0.589232325553894,0.34830448031425476
YJR010C-A,YER180C,0,0.27679706,0.1450662761926651,0.589232325553894,0.34840452671051025
YDR036C,YKL198C,0,0.2767874,0.145030677318573,0.589232325553894,0.34850454330444336
YLR120C,YOR211C,0,0.27665186,0.1449950933456421,0.589232325553894,0.34860458970069885
YFR006W,YGL123W,0,0.27621353,0.14495952427387238,0.589232325553894,0.34870460629463196
YBL022C,YPR032W,0,0.2756328,0.14492398500442505,0.589232325553894,0.34880465269088745
YLL050C,YDR031W,0,0.27516675,0.14488844573497772,0.589232325553894,0.34890466928482056
YBR092C,YPR186C,0,0.27503765,0.14485293626785278,0.589232325553894,0.34900471568107605
YHR172W,YGL123W,0,0.27451658,0.14481744170188904,0.589232325553894,0.34910473227500916
YCL064C,YDR538W,1,0.2743932,0.14502695202827454,0.590229332447052,0.34910473227500916
YJR110W,YMR037C,0,0.27385795,0.1449914276599884,0.590229332447052,0.34920474886894226
YLL009C,YAL058W,0,0.2737136,0.14495591819286346,0.590229332447052,0.34930479526519775
YGL206C,YMR312W,0,0.2723713,0.1449204385280609,0.590229332447052,0.34940481185913086
YJR160C,YNL325C,0,0.2717653,0.14488497376441956,0.590229332447052,0.34950485825538635
YBR097W,YIR017C,0,0.27175742,0.1448495239019394,0.590229332447052,0.34960487484931946
YPR063C,YLR343W,0,0.2716775,0.14481408894062042,0.590229332447052,0.34970492124557495
YOL115W,YDR127W,1,0.27167606,0.14502322673797607,0.59122633934021,0.34970492124557495
YHR105W,YDL095W,0,0.27159786,0.1449877768754959,0.59122633934021,0.34980493783950806
YNL280C,YGL059W,0,0.27119154,0.14495232701301575,0.59122633934021,0.34990498423576355
YPL031C,YKL212W,0,0.27112728,0.14491690695285797,0.59122633934021,0.35000500082969666
YER133W,YCL059C,0,0.27096123,0.1448815017938614,0.59122633934021,0.35010501742362976
YDR511W,YIL051C,0,0.27052027,0.144846111536026,0.59122633934021,0.35020506381988525
YLR188W,YKL116C,0,0.27042925,0.144810751080513,0.59122633934021,0.35030508041381836
YGL089C,YER087C-A,0,0.27035016,0.144775390625,0.59122633934021,0.35040512681007385
YLR266C,YOR326W,0,0.2699995,0.1447400599718094,0.59122633934021,0.35050514340400696
YJL198W,YDL065C,0,0.26993686,0.14470472931861877,0.59122633934021,0.35060518980026245
YGR006W,YMR071C,0,0.26988375,0.14466942846775055,0.59122633934021,0.35070520639419556
YLR448W,YLR385C,0,0.26984584,0.14463414251804352,0.59122633934021,0.35080525279045105
YNR061C,YNL096C,0,0.26976168,0.14459887146949768,0.59122633934021,0.35090526938438416
YBR092C,YDR334W,0,0.26910508,0.14456363022327423,0.59122633934021,0.35100531578063965
YDR118W,YNL213C,0,0.26901698,0.14452838897705078,0.59122633934021,0.35110533237457275
YBR024W,YFR003C,0,0.2688716,0.14449317753314972,0.59122633934021,0.35120534896850586
YLR044C,YPL281C,1,0.26885223,0.14470158517360687,0.5922233462333679,0.35120534896850586
YER048W-A,YNL128W,0,0.2686751,0.14466634392738342,0.5922233462333679,0.35130539536476135
YAL012W,YHR072W,1,0.26858944,0.14487460255622864,0.5932203531265259,0.35130539536476135
YIL090W,YJL052W,0,0.26827532,0.1448393315076828,0.5932203531265259,0.35140541195869446
YDR050C,YGL211W,0,0.2681331,0.14480409026145935,0.5932203531265259,0.35150545835494995
YOR076C,YDR014W,0,0.26754087,0.1447688490152359,0.5932203531265259,0.35160547494888306
YAL043C,YBR035C,0,0.2672897,0.14473363757133484,0.5932203531265259,0.35170552134513855
YHL019C,YPL154C,0,0.26588136,0.14469844102859497,0.5932203531265259,0.35180553793907166
YBL103C,YHR147C,0,0.2654143,0.1446632593870163,0.5932203531265259,0.35190558433532715
YJR060W,YDR197W,0,0.26532513,0.14462809264659882,0.5932203531265259,0.35200560092926025
YNL335W,YFL061W,1,0.26527995,0.144835963845253,0.5942173600196838,0.35200560092926025
YLR286C,YCL027W,0,0.26527452,0.14480078220367432,0.5942173600196838,0.35210561752319336
YOL156W,YKL024C,0,0.26511443,0.14476560056209564,0.5942173600196838,0.35220566391944885
YHL018W,YNR043W,1,0.264462,0.1449732929468155,0.5952143669128418,0.35220566391944885
YBR248C,YMR323W,1,0.2644155,0.1451808661222458,0.5962113738059998,0.35220566391944885
YLR120C,YNL135C,0,0.26428938,0.14514562487602234,0.5962113738059998,0.35230568051338196
YBR213W,YBL019W,1,0.26413637,0.1453530639410019,0.5972083806991577,0.35230568051338196
YPL038W,YAL003W,0,0.26407206,0.14531780779361725,0.5972083806991577,0.35240572690963745
YIL090W,YDL095W,0,0.26377124,0.1452825665473938,0.5972083806991577,0.35250574350357056
YOR386W,YIL115C,0,0.26348191,0.14524732530117035,0.5972083806991577,0.35260578989982605
YDL099W,YHR099W,0,0.26339895,0.1452121138572693,0.5972083806991577,0.35270580649375916
YMR221C,YPR021C,0,0.2633962,0.1451769322156906,0.5972083806991577,0.35280585289001465
YJR022W,YLR318W,0,0.26332748,0.14514175057411194,0.5972083806991577,0.35290586948394775
YHL018W,YGR155W,1,0.26331705,0.14534883201122284,0.5982053875923157,0.35290586948394775
YML116W,YML124C,0,0.263025,0.14531363546848297,0.5982053875923157,0.35300591588020325
YER036C,YMR045C,0,0.26265037,0.1452784538269043,0.5982053875923157,0.35310593247413635
YML027W,YAL053W,0,0.26205283,0.14524328708648682,0.5982053875923157,0.35320594906806946
YGR106C,YGR001C,0,0.26159406,0.14520813524723053,0.5982053875923157,0.35330599546432495
YGR170W,YIL168W,1,0.26128262,0.14541494846343994,0.5992023944854736,0.35330599546432495
YNR050C,YDL130W-A,0,0.26101083,0.14537978172302246,0.5992023944854736,0.35340601205825806
YBR176W,YDR224C,0,0.2608344,0.14534461498260498,0.5992023944854736,0.35350605845451355
YPR006C,YIL167W,1,0.2607106,0.14555126428604126,0.6001994013786316,0.35350605845451355
YMR290C,YOR174W,0,0.26035511,0.1455160677433014,0.6001994013786316,0.35360607504844666
YMR264W,YMR307W,0,0.2599793,0.1454809159040451,0.6001994013786316,0.35370612144470215
YER048W-A,YFR005C,0,0.25985086,0.14544576406478882,0.6001994013786316,0.35380613803863525
YML037C,YNR022C,0,0.2597977,0.14541062712669373,0.6001994013786316,0.35390618443489075
YNR043W,YPR036W,0,0.25880224,0.14537551999092102,0.6001994013786316,0.35400620102882385
YNL001W,YLR134W,0,0.2587521,0.14534041285514832,0.6001994013786316,0.35410621762275696
YLR439W,YIL078W,0,0.25874162,0.145305335521698,0.6001994013786316,0.35420626401901245
YJL164C,YPR096C,0,0.25858814,0.14527027308940887,0.6001994013786316,0.35430628061294556
YCR081W,YCR004C,0,0.2583663,0.14523522555828094,0.6001994013786316,0.35440632700920105
YJR015W,YGL178W,0,0.2580676,0.1452001929283142,0.6001994013786316,0.35450634360313416
YIL074C,YPL271W,0,0.25796324,0.14516517519950867,0.6001994013786316,0.35460638999938965
YOR096W,YHL016C,0,0.2576666,0.1451301872730255,0.6001994013786316,0.35470640659332275
YML043C,YBR012W-B,0,0.25756425,0.14509519934654236,0.6001994013786316,0.35480645298957825
YPL281C,YHR052W,0,0.25752604,0.1450602412223816,0.6001994013786316,0.35490646958351135
YER056C-A,YEL058W,0,0.25729376,0.14502529799938202,0.6001994013786316,0.35500651597976685
YLR134W,YKR097W,1,0.25701755,0.1452312171459198,0.6011964082717896,0.35500651597976685
YOR124C,YDR158W,0,0.25696248,0.14519624412059784,0.6011964082717896,0.35510653257369995
YHR160C,YNR041C,0,0.25695086,0.14516128599643707,0.6011964082717896,0.35520654916763306
YFL036W,YLR106C,0,0.25692105,0.1451263576745987,0.6011964082717896,0.35530659556388855
YGL026C,YDR538W,1,0.25685376,0.14533205330371857,0.6021934151649475,0.35530659556388855
YJR145C,YPR042C,0,0.2568438,0.1452970951795578,0.6021934151649475,0.35540661215782166
YJR025C,YML125C,0,0.2566797,0.14526215195655823,0.6021934151649475,0.35550665855407715
YDR465C,YCL075W,0,0.2566244,0.14522722363471985,0.6021934151649475,0.35560667514801025
YNL086W,YPR178W,0,0.25646496,0.14519231021404266,0.6021934151649475,0.35570672154426575
YGR124W,YNL189W,0,0.25644594,0.14515741169452667,0.6021934151649475,0.35580673813819885
YDL204W,YHR172W,0,0.25635993,0.14512254297733307,0.6021934151649475,0.35590678453445435
YDR060W,YHR184W,0,0.25621074,0.14508767426013947,0.6021934151649475,0.35600680112838745
YDR536W,YDR507C,0,0.25608665,0.14505283534526825,0.6021934151649475,0.35610681772232056
YER036C,YDR128W,0,0.25589746,0.14501801133155823,0.6021934151649475,0.35620686411857605
YJL046W,YNR020C,0,0.2557338,0.1449832022190094,0.6021934151649475,0.35630688071250916
YDR342C,YLR078C,0,0.25550503,0.14494840800762177,0.6021934151649475,0.35640692710876465
YKL178C,YNL268W,0,0.2553004,0.14491362869739532,0.6021934151649475,0.35650694370269775
YDR536W,YGR054W,0,0.2552929,0.14487886428833008,0.6021934151649475,0.35660699009895325
YDR524C,YOR337W,0,0.2552607,0.14484412968158722,0.6021934151649475,0.35670700669288635
YCR040W,YNL015W,0,0.25458378,0.14480939507484436,0.6021934151649475,0.35680705308914185
YJR094W-A,YNR061C,0,0.25443852,0.1447746902704239,0.6021934151649475,0.35690706968307495
YOR381W,YER164W,0,0.2541793,0.1447400003671646,0.6021934151649475,0.35700711607933044
YMR166C,YOL030W,0,0.25365627,0.14470532536506653,0.6021934151649475,0.35710713267326355
YGL249W,YLR467W,0,0.2535103,0.14467066526412964,0.6021934151649475,0.35720714926719666
YLR165C,YJL097W,1,0.2534359,0.14487548172473907,0.6031904220581055,0.35720714926719666
YPL123C,YKR072C,1,0.25342178,0.14508019387722015,0.6041874289512634,0.35720714926719666
YPR063C,YBL037W,0,0.2530653,0.1450454741716385,0.6041874289512634,0.35730719566345215
YDR447C,YPL026C,0,0.25227106,0.14501076936721802,0.6041874289512634,0.35740721225738525
YLR147C,YOL147C,0,0.2522608,0.14497607946395874,0.6041874289512634,0.35750725865364075
YMR086W,YDR402C,0,0.25223148,0.14494140446186066,0.6041874289512634,0.35760727524757385
YLR356W,YOR014W,0,0.2522152,0.14490674436092377,0.6041874289512634,0.35770732164382935
YGR234W,YAL025C,0,0.25201678,0.14487209916114807,0.6041874289512634,0.35780733823776245
YDR294C,YHR018C,1,0.25195068,0.14507648348808289,0.6051844358444214,0.35780733823776245
YML060W,YJR016C,1,0.25184554,0.14528076350688934,0.6061814427375793,0.35780733823776245
YMR127C,YFL039C,0,0.25146645,0.14524605870246887,0.6061814427375793,0.35790738463401794
YPL092W,YJL189W,0,0.25131327,0.1452113687992096,0.6061814427375793,0.35800740122795105
YOL156W,YDR239C,0,0.2509333,0.1451766937971115,0.6061814427375793,0.35810741782188416
YGR104C,YBL075C,0,0.25083673,0.14514203369617462,0.6061814427375793,0.35820746421813965
YEL064C,YOR061W,0,0.25073797,0.14510740339756012,0.6061814427375793,0.35830748081207275
YNL293W,YPR096C,0,0.25029975,0.14507277309894562,0.6061814427375793,0.35840752720832825
YFR003C,YLR318W,0,0.2502609,0.1450381726026535,0.6061814427375793,0.35850754380226135
YDL080C,YER088C,0,0.25023162,0.1450035721063614,0.6061814427375793,0.35860759019851685
YMR071C,YGR158C,0,0.25018227,0.14496900141239166,0.6061814427375793,0.35870760679244995
YHR076W,YKL021C,0,0.24994116,0.14493444561958313,0.6061814427375793,0.35880765318870544
YOR278W,YEL021W,1,0.24992372,0.1451382339000702,0.6071784496307373,0.35880765318870544
YML018C,YJR145C,0,0.24976636,0.14510364830493927,0.6071784496307373,0.35890766978263855
YCL027W,YNR047W,0,0.24975802,0.14506907761096954,0.6071784496307373,0.35900771617889404
YJL090C,YMR303C,0,0.2496837,0.1450345367193222,0.6071784496307373,0.35910773277282715
YGR029W,YLL062C,0,0.24923925,0.14499999582767487,0.6071784496307373,0.35920774936676025
YJL065C,YOL080C,0,0.24920048,0.14496548473834991,0.6071784496307373,0.35930779576301575
YGL021W,YJR016C,0,0.24898519,0.14493098855018616,0.6071784496307373,0.35940781235694885
YML012W,YDR334W,0,0.2489795,0.1448965072631836,0.6071784496307373,0.35950785875320435
YPR184W,YML088W,0,0.2487442,0.14486204087734222,0.6071784496307373,0.35960787534713745
YPL091W,YOR201C,0,0.24868794,0.14482758939266205,0.6071784496307373,0.35970792174339294
YHL019C,YNL188W,0,0.24868338,0.14479315280914307,0.6071784496307373,0.35980793833732605
YDR238C,YJR029W,0,0.24850728,0.14475873112678528,0.6071784496307373,0.35990798473358154
YJR158W,YNL218W,0,0.24805738,0.14472433924674988,0.6071784496307373,0.36000800132751465
YNL159C,YMR012W,0,0.24798174,0.14468994736671448,0.6071784496307373,0.36010801792144775
YLR459W,YLR433C,0,0.24762468,0.14465558528900146,0.6071784496307373,0.36020806431770325
YMR139W,YBR205W,0,0.24755402,0.14462122321128845,0.6071784496307373,0.36030808091163635
YJL198W,YDR402C,0,0.2473457,0.14458689093589783,0.6071784496307373,0.36040812730789185
YDR487C,YGR155W,1,0.24688603,0.1447899341583252,0.6081754565238953,0.36040812730789185
YDL205C,YLR154C,0,0.24644275,0.14475557208061218,0.6081754565238953,0.36050814390182495
YLR090W,YML070W,0,0.24636234,0.14472123980522156,0.6081754565238953,0.36060819029808044
YLR201C,YPL159C,0,0.24629612,0.14468690752983093,0.6081754565238953,0.36070820689201355
YJL165C,YPL048W,0,0.24629478,0.1446525901556015,0.6081754565238953,0.36080825328826904
YDL127W,YOR270C,0,0.24617194,0.14461830258369446,0.6081754565238953,0.36090826988220215
YDR313C,YCL066W,0,0.2461165,0.1445840299129486,0.6081754565238953,0.36100831627845764
YGL040C,YGL123W,0,0.24596344,0.14454975724220276,0.6081754565238953,0.36110833287239075
YER111C,YGL039W,0,0.24590813,0.1445155143737793,0.6081754565238953,0.36120834946632385
YLR373C,YOL152W,0,0.24590792,0.14448128640651703,0.6081754565238953,0.36130839586257935
YKL211C,YKL114C,1,0.2458082,0.1446838676929474,0.6091724634170532,0.36130839586257935
YBR175W,YGR006W,0,0.24574132,0.14464962482452393,0.6091724634170532,0.36140841245651245
YCR096C,YLL050C,0,0.24570258,0.14461538195610046,0.6091724634170532,0.36150845885276794
YKL198C,YPL048W,0,0.24517442,0.1445811688899994,0.6091724634170532,0.36160847544670105
YBR248C,YDR380W,1,0.24493511,0.14478354156017303,0.6101694703102112,0.36160847544670105
YLR266C,YEL017C-A,0,0.24445282,0.14474928379058838,0.6101694703102112,0.36170852184295654
YLR165C,YPL262W,1,0.24440624,0.14495152235031128,0.6111664772033691,0.36170852184295654
YOR381W,YNL306W,0,0.24425142,0.14491726458072662,0.6111664772033691,0.36180853843688965
YOR175C,YMR303C,0,0.24423946,0.14488300681114197,0.6111664772033691,0.36190858483314514
YLL062C,YMR100W,0,0.24391384,0.1448487639427185,0.6111664772033691,0.36200860142707825
YDR487C,YGL040C,1,0.24380778,0.1450507938861847,0.6121634840965271,0.36200860142707825
YBR158W,YMR311C,0,0.2436697,0.14501653611660004,0.6121634840965271,0.36210861802101135
YDR033W,YJL190C,0,0.24337919,0.14498229324817657,0.6121634840965271,0.36220866441726685
YGR241C,YHR181W,0,0.24329965,0.1449480652809143,0.6121634840965271,0.36230868101119995
YIL111W,YPR108W,0,0.2431358,0.14491385221481323,0.6121634840965271,0.36240872740745544
YPL031C,YBR035C,0,0.24266128,0.14487965404987335,0.6121634840965271,0.36250874400138855
YPR122W,YLR079W,0,0.24248748,0.14484548568725586,0.6121634840965271,0.36260879039764404
YDL204W,YDR507C,0,0.24246748,0.14481131732463837,0.6121634840965271,0.36270880699157715
YMR282C,YAL058W,0,0.24216543,0.14477717876434326,0.6121634840965271,0.36280885338783264
YLR396C,YML081C-A,0,0.2419699,0.14474304020404816,0.6121634840965271,0.36290886998176575
YGL178W,YPR036W,0,0.24171282,0.14470893144607544,0.6121634840965271,0.36300891637802124
YDR265W,YBL088C,0,0.24159278,0.14467483758926392,0.6121634840965271,0.36310893297195435
YKR090W,YBR040W,0,0.24155827,0.1446407586336136,0.6121634840965271,0.36320894956588745
YFL036W,YDR534C,0,0.2410853,0.14460669457912445,0.6121634840965271,0.36330899596214294
YIL027C,YPL033C,0,0.24094172,0.1445726454257965,0.6121634840965271,0.36340901255607605
YDR011W,YLR099C,0,0.24002482,0.14453861117362976,0.6121634840965271,0.36350905895233154
YNL218W,YPL220W,0,0.23969857,0.1445045918226242,0.6121634840965271,0.36360907554626465
YOL007C,YPR054W,0,0.23968415,0.14447058737277985,0.6121634840965271,0.36370912194252014
YEL002C,YPL033C,0,0.23956825,0.14443659782409668,0.6121634840965271,0.36380913853645325
YJR016C,YMR152W,0,0.23955663,0.1444026380777359,0.6121634840965271,0.36390918493270874
YKL011C,YPL149W,0,0.23950107,0.14436867833137512,0.6121634840965271,0.36400920152664185
YJL044C,YHR086W,0,0.23923977,0.14433474838733673,0.6121634840965271,0.36410921812057495
YDL192W,YNL212W,0,0.23919015,0.14430081844329834,0.6121634840965271,0.36420926451683044
YDL130W,YJR075W,0,0.23918371,0.14426691830158234,0.6121634840965271,0.36430928111076355
YLR100W,YBR040W,0,0.23860694,0.14423303306102753,0.6121634840965271,0.36440932750701904
YPL091W,YEL002C,0,0.23746057,0.14419914782047272,0.6121634840965271,0.36450934410095215
YNL330C,YER048W-A,0,0.23676874,0.1441652923822403,0.6121634840965271,0.36460939049720764
YJR076C,YOR039W,0,0.23657055,0.14413145184516907,0.6121634840965271,0.36470940709114075
YDL120W,YER089C,0,0.23655726,0.14409762620925903,0.6121634840965271,0.36480945348739624
YKL088W,YLR204W,0,0.23579879,0.1440638154745102,0.6121634840965271,0.36490947008132935
YOR047C,YIL138C,0,0.235788,0.14403001964092255,0.6121634840965271,0.36500951647758484
YGR123C,YPR096C,0,0.23572116,0.1439962536096573,0.6121634840965271,0.36510953307151794
YIL138C,YOR070C,0,0.23528095,0.14396248757839203,0.6121634840965271,0.36520954966545105
YLR419W,YLR100W,0,0.23503082,0.14392873644828796,0.6121634840965271,0.36530959606170654
YOL003C,YCR010C,0,0.23478968,0.1438950151205063,0.6121634840965271,0.36540961265563965
YNL128W,YOR211C,0,0.23439933,0.1438612937927246,0.6121634840965271,0.36550965905189514
YGL249W,YAL044C,0,0.2342877,0.14382758736610413,0.6121634840965271,0.36560967564582825
YML077W,YGR262C,0,0.23418136,0.14379391074180603,0.6121634840965271,0.36570972204208374
YGL003C,YBR207W,0,0.23406364,0.14376024901866913,0.6121634840965271,0.36580973863601685
YAL043C,YPL031C,0,0.23399727,0.14372658729553223,0.6121634840965271,0.36590978503227234
YPR168W,YEL021W,0,0.23391761,0.1436929553747177,0.6121634840965271,0.36600980162620544
YCR009C,YNR040W,0,0.23383506,0.1436593383550644,0.6121634840965271,0.36610981822013855
YHR044C,YPL204W,0,0.23372485,0.14362573623657227,0.6121634840965271,0.36620986461639404
YNR027W,YOL138C,0,0.23188977,0.14359214901924133,0.6121634840965271,0.36630988121032715
YLR142W,YOR242C,0,0.2318889,0.1435585618019104,0.6121634840965271,0.36640992760658264
YOR201C,YOR080W,0,0.23162873,0.14352500438690186,0.6121634840965271,0.36650994420051575
YBR048W,YER044C,0,0.23151954,0.1434914767742157,0.6121634840965271,0.36660999059677124
YDR047W,YDR538W,1,0.23111759,0.14369158446788788,0.6131604909896851,0.36660999059677124
YKL183W,YPL281C,0,0.23032086,0.14365802705287933,0.6131604909896851,0.36671000719070435
YDR456W,YLR078C,0,0.2303067,0.1436244696378708,0.6131604909896851,0.36681005358695984
YDR322W,YPL149W,0,0.23023088,0.14359094202518463,0.6131604909896851,0.36691007018089294
YLR040C,YLR120C,0,0.23020978,0.14355742931365967,0.6131604909896851,0.36701011657714844
YHR046C,YEL065W,0,0.23016329,0.1435239166021347,0.6131604909896851,0.36711013317108154
YML012W,YCR040W,0,0.22983019,0.14349043369293213,0.6131604909896851,0.36721014976501465
YIL078W,YBL074C,0,0.22929312,0.14345696568489075,0.6131604909896851,0.36731019616127014
YKR062W,YGR279C,0,0.22869112,0.14342351257801056,0.6131604909896851,0.36741021275520325
YPL106C,YMR264W,0,0.22834374,0.14339007437229156,0.6131604909896851,0.36751025915145874
YGL178W,YDR326C,0,0.22813179,0.14335663616657257,0.6131604909896851,0.36761027574539185
YGR274C,YMR022W,0,0.22808196,0.14332322776317596,0.6131604909896851,0.36771032214164734
YBR082C,YIL171W,0,0.22783302,0.14328983426094055,0.6131604909896851,0.36781033873558044
YER083C,YGR184C,0,0.22775434,0.14325647056102753,0.6131604909896851,0.36791038513183594
YDL114W,YBR009C,0,0.22761123,0.1432231068611145,0.6131604909896851,0.36801040172576904
YLR201C,YOL080C,0,0.22747798,0.14318975806236267,0.6131604909896851,0.36811041831970215
YOR128C,YKL218C,1,0.22733893,0.14338919520378113,0.614157497882843,0.36811041831970215
YER090W,YGL026C,1,0.22725974,0.14358854293823242,0.6151545643806458,0.36811041831970215
YNL159C,YGR014W,0,0.22691934,0.14355513453483582,0.6151545643806458,0.36821046471595764
YBL010C,YOL056W,0,0.22602935,0.1435217559337616,0.6151545643806458,0.36831048130989075
YBR097W,YIL112W,0,0.22556524,0.14348837733268738,0.6151545643806458,0.36841052770614624
YPR063C,YDL164C,0,0.22517498,0.14345501363277435,0.6151545643806458,0.36851054430007935
YDR536W,YGR156W,0,0.22493912,0.14342166483402252,0.6151545643806458,0.36861059069633484
YOR076C,YML048W,0,0.22470926,0.14338833093643188,0.6151545643806458,0.36871060729026794
YLR134W,YDR283C,0,0.22468866,0.14335501194000244,0.6151545643806458,0.36881065368652344
YIR017C,YDR014W,0,0.22463278,0.14332172274589539,0.6151545643806458,0.36891067028045654
YLR097C,YDR116C,0,0.2246085,0.14328843355178833,0.6151545643806458,0.36901071667671204
YCR009C,YJR029W,0,0.22444282,0.14325515925884247,0.6151545643806458,0.36911073327064514
YLL013C,YOR096W,0,0.2242048,0.143221914768219,0.6151545643806458,0.36921074986457825
YEL016C,YHR017W,0,0.22418694,0.14318867027759552,0.6151545643806458,0.36931079626083374
YDR219C,YFR003C,0,0.22414179,0.14315545558929443,0.6151545643806458,0.36941081285476685
YMR128W,YOL002C,0,0.22394003,0.14312224090099335,0.6151545643806458,0.36951085925102234
YML009C,YER045C,0,0.22377576,0.14308905601501465,0.6151545643806458,0.36961087584495544
YLR356W,YDR032C,0,0.223597,0.14305587112903595,0.6151545643806458,0.36971092224121094
YIL084C,YJL102W,0,0.22337134,0.14302271604537964,0.6151545643806458,0.36981093883514404
YFR037C,YJR143C,0,0.2228796,0.14298957586288452,0.6151545643806458,0.36991098523139954
YDL075W,YOL120C,0,0.22257511,0.1429564356803894,0.6151545643806458,0.37001100182533264
YDR501W,YKL116C,0,0.22241555,0.14292332530021667,0.6151545643806458,0.37011101841926575
YNR011C,YJL158C,0,0.2223929,0.14289022982120514,0.6151545643806458,0.37021106481552124
YFR032C-A,YNR040W,0,0.22172369,0.1428571492433548,0.6151545643806458,0.37031108140945435
YCL064C,YPL262W,1,0.22158279,0.14305555820465088,0.6161515712738037,0.37031108140945435
YBR283C,YKL116C,0,0.22139408,0.14302244782447815,0.6161515712738037,0.37041112780570984
YPR156C,YAL034W-A,0,0.22056703,0.1429893523454666,0.6161515712738037,0.37051114439964294
YJL121C,YPL204W,0,0.22035654,0.14295628666877747,0.6161515712738037,0.37061119079589844
YDL137W,YFR041C,0,0.21969442,0.14292322099208832,0.6161515712738037,0.37071120738983154
YNL293W,YER110C,0,0.21942286,0.14289017021656036,0.6161515712738037,0.37081125378608704
YDR379W,YMR026C,0,0.21926011,0.1428571492433548,0.6161515712738037,0.37091127038002014
YCR039C,YPL103C,0,0.2191511,0.14282412827014923,0.6161515712738037,0.37101131677627563
YNL301C,YDR436W,0,0.2191347,0.14279112219810486,0.6161515712738037,0.37111133337020874
YBR033W,YHR036W,0,0.21881022,0.14275814592838287,0.6161515712738037,0.37121134996414185
YMR211W,YHL047C,0,0.21868177,0.1427251696586609,0.6161515712738037,0.37131139636039734
YNL316C,YKL060C,1,0.21842511,0.14292311668395996,0.6171485781669617,0.37131139636039734
YIL113W,YDL130W-A,0,0.21825968,0.14289012551307678,0.6171485781669617,0.37141141295433044
YLR106C,YIL101C,0,0.21789716,0.1428571492433548,0.6171485781669617,0.37151145935058594
YCL047C,YCL050C,0,0.21787824,0.142824187874794,0.6171485781669617,0.37161147594451904
YLR448W,YLR446W,0,0.21761222,0.1427912414073944,0.6171485781669617,0.37171152234077454
YDL030W,YOR043W,0,0.21746327,0.142758309841156,0.6171485781669617,0.37181153893470764
YGR047C,YNR061C,0,0.217373,0.1427253931760788,0.6171485781669617,0.37191158533096313
YDR236C,YBR164C,0,0.21690656,0.14269249141216278,0.6171485781669617,0.37201160192489624
YMR314W,YNL213C,0,0.21683629,0.14265960454940796,0.6171485781669617,0.37211164832115173
YHR018C,YEL021W,1,0.21659382,0.1428571492433548,0.6181455850601196,0.37211164832115173
YGL173C,YBL054W,0,0.21581803,0.1428242325782776,0.6181455850601196,0.37221166491508484
YIL072W,YJR076C,0,0.21551241,0.14279134571552277,0.6181455850601196,0.37231168150901794
YMR233W,YLR265C,0,0.21541701,0.14275845885276794,0.6181455850601196,0.37241172790527344
YBR248C,YNL335W,1,0.21541645,0.14295579493045807,0.6191425919532776,0.37241172790527344
YNL210W,YDL184C,0,0.21506514,0.14292289316654205,0.6191425919532776,0.37251174449920654
YDR283C,YLR446W,0,0.21470125,0.14289002120494843,0.6191425919532776,0.37261179089546204
YMR142C,YPR122W,0,0.21445917,0.1428571492433548,0.6191425919532776,0.37271180748939514
YHL018W,YDR127W,1,0.21437125,0.1430542767047882,0.6201395988464355,0.37271180748939514
YCL075W,YDR322W,0,0.21426354,0.1430213898420334,0.6201395988464355,0.37281185388565063
YDR056C,YMR017W,0,0.21426128,0.14298850297927856,0.6201395988464355,0.37291187047958374
YNL091W,YDL180W,0,0.2142305,0.14295564591884613,0.6201395988464355,0.37301191687583923
YOR393W,YBR213W,1,0.21415342,0.14315257966518402,0.6211366057395935,0.37301191687583923
YKR061W,YHR010W,0,0.21404184,0.1431196928024292,0.6211366057395935,0.37311193346977234
YDR448W,YIR023W,0,0.21358271,0.14308682084083557,0.6211366057395935,0.37321195006370544
YJR059W,YPL154C,0,0.21308835,0.14305396378040314,0.6211366057395935,0.37331199645996094
YNL331C,YDR313C,0,0.21298982,0.1430211216211319,0.6211366057395935,0.37341201305389404
YBL078C,YER020W,0,0.2128243,0.14298829436302185,0.6211366057395935,0.37351205945014954
YNL218W,YJL056C,0,0.21213938,0.142955482006073,0.6211366057395935,0.37361207604408264
YBR156C,YLL035W,0,0.21213146,0.14292268455028534,0.6211366057395935,0.37371212244033813
YOR116C,YOL056W,0,0.21206088,0.14288990199565887,0.6211366057395935,0.37381213903427124
YOL115W,YJL060W,1,0.21203296,0.14308644831180573,0.6221336126327515,0.37381213903427124
YGL119W,YCR010C,0,0.21136935,0.14305365085601807,0.6221336126327515,0.37391218543052673
YML060W,YAL035W,0,0.21135725,0.1430208534002304,0.6221336126327515,0.37401220202445984
YBL055C,YCL057C-A,0,0.21076252,0.14298808574676514,0.6221336126327515,0.37411224842071533
YGR170W,YNL316C,1,0.21057646,0.14318442344665527,0.6231306195259094,0.37411224842071533
YKL183W,YIL155C,0,0.21053414,0.14315162599086761,0.6231306195259094,0.37421226501464844
YML054C,YKL089W,0,0.21014316,0.14311884343624115,0.6231306195259094,0.37431228160858154
YDL120W,YGL251C,0,0.21008827,0.14308607578277588,0.6231306195259094,0.37441232800483704
YBR012W-B,YKR097W,0,0.20987462,0.1430533230304718,0.6231306195259094,0.37451234459877014
YNL316C,YHR112C,1,0.20960282,0.14324942231178284,0.6241276264190674,0.37451234459877014
YGR274C,YNL185C,0,0.2094747,0.14321665465831757,0.6241276264190674,0.37461239099502563
YDR536W,YNR022C,0,0.20861892,0.1431839019060135,0.6241276264190674,0.37471240758895874
YLR109W,YGL123W,0,0.20858411,0.1431511491537094,0.6241276264190674,0.37481245398521423
YML042W,YPL154C,0,0.20855425,0.14311842620372772,0.6241276264190674,0.37491247057914734
YMR184W,YLR246W,0,0.20836659,0.14308571815490723,0.6241276264190674,0.37501251697540283
YLL050C,YIL009C-A,0,0.20829721,0.14305301010608673,0.6241276264190674,0.37511253356933594
YNL306W,YNR007C,0,0.20822997,0.14302033185958862,0.6241276264190674,0.37521255016326904
YDL007W,YER153C,0,0.20780148,0.1429876685142517,0.6241276264190674,0.37531259655952454
YGR006W,YKL164C,0,0.20779805,0.1429550051689148,0.6241276264190674,0.37541261315345764
YPR002W,YNL169C,1,0.20700668,0.1431506872177124,0.6251246333122253,0.37541261315345764
YIL027C,YNR007C,0,0.20660825,0.1431180089712143,0.6251246333122253,0.37551265954971313
YIL074C,YML113W,0,0.20642029,0.14308534562587738,0.6251246333122253,0.37561267614364624
YHR153C,YKL024C,0,0.2063974,0.14305269718170166,0.6251246333122253,0.37571272253990173
YPL271W,YJL156C,0,0.20588107,0.14302007853984833,0.6251246333122253,0.37581273913383484
YDL127W,YLL022C,0,0.2057472,0.142987459897995,0.6251246333122253,0.37591278553009033
YJL165C,YJR029W,0,0.20559965,0.14295485615730286,0.6251246333122253,0.37601280212402344
YOR356W,YIR017C,0,0.20545898,0.1429222673177719,0.6251246333122253,0.37611284852027893
YBR176W,YBR297W,0,0.2053531,0.14288969337940216,0.6251246333122253,0.37621286511421204
YLR364W,YBR175W,0,0.20499445,0.1428571492433548,0.6251246333122253,0.37631288170814514
YLR158C,YJL056C,0,0.20490049,0.14282460510730743,0.6251246333122253,0.37641292810440063
YNL291C,YNL162W,0,0.20484476,0.14279207587242126,0.6251246333122253,0.37651294469833374
YGR254W,YJL005W,1,0.20440857,0.14298725128173828,0.6261216402053833,0.37651294469833374
YML034W,YDR060W,0,0.20430325,0.14295470714569092,0.6261216402053833,0.37661299109458923
YOL133W,YPL028W,0,0.20411919,0.14292216300964355,0.6261216402053833,0.37671300768852234
YJR145C,YPL123C,0,0.20376568,0.14288964867591858,0.6261216402053833,0.37681305408477783
YJR015W,YDR510W,0,0.20367663,0.1428571492433548,0.6261216402053833,0.37691307067871094
YNR008W,YGL229C,0,0.20365535,0.14282464981079102,0.6261216402053833,0.37701311707496643
YDR238C,YDR014W,0,0.20362364,0.14279218018054962,0.6261216402053833,0.37711313366889954
YIL027C,YIR037W,0,0.20358409,0.14275972545146942,0.6261216402053833,0.37721315026283264
YNR050C,YLR427W,0,0.20330329,0.14272727072238922,0.6261216402053833,0.37731319665908813
YER070W,YPL060W,0,0.20322196,0.1426948457956314,0.6261216402053833,0.37741321325302124
YDR478W,YGR014W,0,0.20310093,0.1426624208688736,0.6261216402053833,0.37751325964927673
YJL019W,YGR220C,0,0.20291539,0.14263002574443817,0.6261216402053833,0.37761327624320984
YDL144C,YKR009C,0,0.20283009,0.14259764552116394,0.6261216402053833,0.37771332263946533
YDR265W,YBR035C,0,0.20277141,0.1425652652978897,0.6261216402053833,0.37781333923339844
YLR188W,YNL306W,0,0.20259674,0.14253291487693787,0.6261216402053833,0.37791338562965393
YDR312W,YGL059W,0,0.20252736,0.14250056445598602,0.6261216402053833,0.37801340222358704
YJL219W,YJR155W,0,0.2023625,0.14246824383735657,0.6261216402053833,0.37811344861984253
YER027C,YEL064C,0,0.20227347,0.1424359232187271,0.6261216402053833,0.37821346521377563
YMR016C,YGL249W,0,0.20205767,0.14240363240242004,0.6261216402053833,0.37831348180770874
YML113W,YNL012W,0,0.20165055,0.14237134158611298,0.6261216402053833,0.37841352820396423
YDR495C,YEL002C,0,0.20151235,0.1423390805721283,0.6261216402053833,0.37851354479789734
YOL064C,YDR326C,0,0.20117979,0.14230681955814362,0.6261216402053833,0.37861359119415283
YDR329C,YNL162W,0,0.2010342,0.14227457344532013,0.6261216402053833,0.37871360778808594
YDR379W,YOR076C,0,0.20087405,0.14224235713481903,0.6261216402053833,0.37881365418434143
YDR481C,YNL207W,0,0.20076193,0.14221014082431793,0.6261216402053833,0.37891367077827454
YGL227W,YGL059W,0,0.20056291,0.14217795431613922,0.6261216402053833,0.37901371717453003
YIL039W,YMR163C,0,0.20019759,0.1421457678079605,0.6261216402053833,0.37911373376846313
YDR466W,YMR221C,0,0.19990708,0.142113596200943,0.6261216402053833,0.37921375036239624
YLL062C,YGL003C,0,0.19990538,0.14208145439624786,0.6261216402053833,0.37931379675865173
YMR098C,YER082C,0,0.1994979,0.14204931259155273,0.6261216402053833,0.37941381335258484
YIL168W,YGR087C,1,0.19931678,0.14224332571029663,0.6271186470985413,0.37941381335258484
YOR151C,YOR369C,0,0.19909959,0.1422111690044403,0.6271186470985413,0.37951385974884033
YDL138W,YDR510W,0,0.19906913,0.14217902719974518,0.6271186470985413,0.37961387634277344
YDR425W,YDR086C,0,0.19890513,0.14214688539505005,0.6271186470985413,0.37971392273902893
YCL064C,YBL019W,1,0.19860263,0.14234071969985962,0.6281156539916992,0.37971392273902893
YPR102C,YBR185C,0,0.19853865,0.1423085629940033,0.6281156539916992,0.37981393933296204
YOR066W,YPL089C,0,0.19757085,0.14227642118930817,0.6281156539916992,0.37991398572921753
YPL106C,YLR385C,0,0.19691952,0.14224429428577423,0.6281156539916992,0.38001400232315063
YPR166C,YPR054W,0,0.19690172,0.1422121822834015,0.6281156539916992,0.38011404871940613
YHL018W,YOR393W,1,0.19640239,0.14240577816963196,0.6291126608848572,0.38011404871940613
YCR040W,YAL012W,0,0.19619103,0.14237365126609802,0.6291126608848572,0.38021406531333923
YJL073W,YER126C,0,0.19574364,0.1423415243625641,0.6291126608848572,0.38031408190727234
YIL078W,YJL062W,0,0.19549091,0.14230942726135254,0.6291126608848572,0.38041412830352783
YGL173C,YJL121C,0,0.19521125,0.14227734506130219,0.6291126608848572,0.38051414489746094
YDR520C,YOL109W,0,0.19506438,0.14224526286125183,0.6291126608848572,0.38061419129371643
YOR150W,YCL050C,0,0.1946543,0.14221321046352386,0.6291126608848572,0.38071420788764954
YJL165C,YLR385C,0,0.19464739,0.1421811580657959,0.6291126608848572,0.38081425428390503
YNL128W,YNL268W,0,0.19448717,0.14214913547039032,0.6291126608848572,0.38091427087783813
YER096W,YCR040W,0,0.19376887,0.14211711287498474,0.6291126608848572,0.38101431727409363
YOR288C,YMR292W,0,0.19374932,0.14208512008190155,0.6291126608848572,0.38111433386802673
YML074C,YOR228C,0,0.19350328,0.14205312728881836,0.6291126608848572,0.38121435046195984
YDL130W,YDR117C,0,0.1925935,0.14202116429805756,0.6291126608848572,0.38131439685821533
YER061C,YDR069C,0,0.19242828,0.14198920130729675,0.6291126608848572,0.38141441345214844
YPL177C,YML081C-A,0,0.19167556,0.14195725321769714,0.6291126608848572,0.38151445984840393
YMR163C,YFR006W,0,0.19160177,0.14192532002925873,0.6291126608848572,0.38161447644233704
YDR531W,YLR441C,0,0.19153537,0.1418934166431427,0.6291126608848572,0.38171452283859253
YLR165C,YGR155W,1,0.19122328,0.14208632707595825,0.6301096677780151,0.38171452283859253
YLR032W,YER089C,0,0.19121183,0.14205439388751984,0.6301096677780151,0.38181453943252563
YBL039C,YIL138C,0,0.19100963,0.14202247560024261,0.6301096677780151,0.38191458582878113
YHL024W,YOL072W,0,0.19080885,0.1419905573129654,0.6301096677780151,0.38201460242271423
YDR388W,YER106W,0,0.19018842,0.14195866882801056,0.6301096677780151,0.3821146488189697
YBL078C,YKR104W,0,0.19005062,0.14192679524421692,0.6301096677780151,0.38221466541290283
YDR481C,YEL064C,0,0.18996032,0.14189492166042328,0.6301096677780151,0.38231468200683594
YMR022W,YER184C,0,0.18981297,0.14186307787895203,0.6301096677780151,0.38241472840309143
YDR322W,YKL116C,0,0.18981083,0.14183123409748077,0.6301096677780151,0.38251474499702454
YGR191W,YBR142W,0,0.18971701,0.1417994201183319,0.6301096677780151,0.38261479139328003
YBR205W,YGR158C,0,0.18931748,0.14176760613918304,0.6301096677780151,0.38271480798721313
YDR086C,YBL020W,0,0.18920054,0.14173582196235657,0.6301096677780151,0.38281485438346863
YBR283C,YOR369C,0,0.18913506,0.1417040377855301,0.6301096677780151,0.38291487097740173
YHR092C,YBR251W,0,0.18891136,0.1416722685098648,0.6301096677780151,0.3830149173736572
YNL210W,YPR016C,0,0.18861865,0.14164051413536072,0.6301096677780151,0.38311493396759033
YOR381W,YBR142W,0,0.188561,0.14160878956317902,0.6301096677780151,0.38321495056152344
YJR015W,YPL068C,0,0.18826838,0.14157706499099731,0.6301096677780151,0.38331499695777893
YPL103C,YDL130W-A,0,0.18823905,0.1415453553199768,0.6301096677780151,0.38341501355171204
YLR201C,YAL044C,0,0.18806188,0.1415136605501175,0.6301096677780151,0.38351505994796753
YLR192C,YPL214C,0,0.1880094,0.14148198068141937,0.6301096677780151,0.38361507654190063
YNL242W,YDL080C,0,0.18793504,0.14145031571388245,0.6301096677780151,0.38371512293815613
YLR441C,YDL184C,0,0.18766661,0.1414186656475067,0.6301096677780151,0.38381513953208923
YER029C,YCR077C,0,0.18731837,0.14138703048229218,0.6301096677780151,0.3839151859283447
YJL153C,YFR007W,0,0.18723382,0.14135539531707764,0.6301096677780151,0.38401520252227783
YNL036W,YHR018C,1,0.1871758,0.14154741168022156,0.6311066746711731,0.38401520252227783
YJR016C,YIL168W,1,0.18698536,0.14173932373523712,0.632103681564331,0.38401520252227783
YML124C,YJR135W-A,0,0.18679722,0.141707643866539,0.632103681564331,0.3841152489185333
YIL084C,YDR117C,0,0.18669371,0.14167597889900208,0.632103681564331,0.38421526551246643
YKL004W,YKR048C,0,0.18616997,0.14164432883262634,0.632103681564331,0.38431528210639954
YJR130C,YOR054C,1,0.1859736,0.1418360471725464,0.633100688457489,0.38431528210639954
YDR033W,YDR242W,0,0.18563001,0.14180438220500946,0.633100688457489,0.38441532850265503
YBL021C,YER153C,0,0.18508555,0.14177271723747253,0.633100688457489,0.38451534509658813
YDL120W,YLR433C,0,0.18501039,0.1417410671710968,0.633100688457489,0.38461539149284363
YGL206C,YDR318W,0,0.18484323,0.14170944690704346,0.633100688457489,0.38471540808677673
YPL144W,YDR060W,0,0.18475677,0.1416778266429901,0.633100688457489,0.3848154544830322
YNR008W,YML124C,0,0.1846021,0.14164622128009796,0.633100688457489,0.38491547107696533
YJL121C,YOL109W,0,0.1845045,0.141614630818367,0.633100688457489,0.3850155174732208
YOR120W,YGL227W,0,0.18445234,0.14158305525779724,0.633100688457489,0.38511553406715393
YDL114W,YIL111W,0,0.18436544,0.14155149459838867,0.633100688457489,0.38521555066108704
YML034W,YNL119W,0,0.18420433,0.1415199488401413,0.633100688457489,0.38531559705734253
YER147C,YCR040W,0,0.18399967,0.14148841798305511,0.633100688457489,0.38541561365127563
YGR279C,YOL056W,0,0.18351729,0.14145690202713013,0.633100688457489,0.38551566004753113
YOR393W,YOR054C,1,0.18317701,0.14164811372756958,0.634097695350647,0.38551566004753113
YKL135C,YDL130W,0,0.1831251,0.1416165679693222,0.634097695350647,0.38561567664146423
YOL018C,YHR086W,0,0.18299444,0.14158503711223602,0.634097695350647,0.3857157230377197
YLR154C,YGL141W,0,0.182912,0.14155352115631104,0.634097695350647,0.38581573963165283
YDR424C,YNL301C,0,0.18284966,0.14152203500270844,0.634097695350647,0.3859157860279083
YDR524C,YDR014W,0,0.18274076,0.14149054884910583,0.634097695350647,0.38601580262184143
YNR027W,YDR036C,0,0.18259616,0.14145907759666443,0.634097695350647,0.3861158490180969
YAL010C,YMR297W,0,0.18243445,0.14142762124538422,0.634097695350647,0.38621586561203003
YLR044C,YDR538W,1,0.18232961,0.1416184902191162,0.6350947022438049,0.38621586561203003
YEL013W,YDR169C,0,0.18215261,0.1415870189666748,0.6350947022438049,0.38631588220596313
YLR419W,YKR009C,0,0.18207638,0.1415555626153946,0.6350947022438049,0.38641592860221863
YGR292W,YDR239C,0,0.18193327,0.14152410626411438,0.6350947022438049,0.38651594519615173
YBR214W,YOR326W,0,0.18184926,0.14149266481399536,0.6350947022438049,0.3866159915924072
YEL020C,YGR155W,1,0.18163677,0.14168332517147064,0.6360917091369629,0.3866159915924072
YDL019C,YFR041C,0,0.18142276,0.14165186882019043,0.6360917091369629,0.38671600818634033
YDL120W,YMR128W,0,0.18131696,0.1416204273700714,0.6360917091369629,0.3868160545825958
YAL053W,YOR116C,0,0.18051733,0.1415889859199524,0.6360917091369629,0.38691607117652893
YJR139C,YDR315C,0,0.18005921,0.14155757427215576,0.6360917091369629,0.3870161175727844
YDL114W,YBL060W,0,0.18004583,0.14152617752552032,0.6360917091369629,0.38711613416671753
YBL078C,YGR123C,0,0.1798575,0.1414947807788849,0.6360917091369629,0.38721615076065063
YLR266C,YML070W,0,0.17982851,0.14146341383457184,0.6360917091369629,0.38731619715690613
YHL008C,YPL186C,0,0.1798241,0.14143206179141998,0.6360917091369629,0.38741621375083923
YOR116C,YGR063C,0,0.17978059,0.14140070974826813,0.6360917091369629,0.3875162601470947
YGL206C,YLR186W,0,0.17960115,0.14136937260627747,0.6360917091369629,0.38761627674102783
YAR018C,YCR040W,0,0.17947967,0.1413380652666092,0.6360917091369629,0.3877163231372833
YIL027C,YDR101C,0,0.1793998,0.14130675792694092,0.6360917091369629,0.38781633973121643
YER027C,YLL050C,0,0.17914255,0.14127546548843384,0.6360917091369629,0.3879163861274719
YIL027C,YAL025C,0,0.17869945,0.14124418795108795,0.6360917091369629,0.38801640272140503
YLR096W,YJL221C,0,0.17867984,0.14121292531490326,0.6360917091369629,0.3881164491176605
YPR049C,YBR273C,0,0.17844959,0.14118167757987976,0.6360917091369629,0.38821646571159363
YOR356W,YPR019W,0,0.17834873,0.14115044474601746,0.6360917091369629,0.38831648230552673
YGL119W,YBR299W,0,0.17819153,0.14111922681331635,0.6360917091369629,0.3884165287017822
YLR134W,YKR009C,1,0.17812862,0.14130915701389313,0.6370887160301208,0.3884165287017822
YJL106W,YIL090W,0,0.17802064,0.14127790927886963,0.6370887160301208,0.38851654529571533
YDR347W,YMR017W,0,0.17721881,0.14124669134616852,0.6370887160301208,0.3886165916919708
YNL098C,YLR139C,0,0.17660956,0.1412154734134674,0.6370887160301208,0.38871660828590393
YHL044W,YOL005C,0,0.17652251,0.1411842703819275,0.6370887160301208,0.3888166546821594
YDL136W,YLR286C,0,0.17647852,0.14115308225154877,0.6370887160301208,0.38891667127609253
YGR054W,YNL091W,0,0.1761729,0.14112190902233124,0.6370887160301208,0.389016717672348
YDL065C,YLR327C,0,0.17605324,0.1410907506942749,0.6370887160301208,0.38911673426628113
YBL024W,YLR441C,0,0.17585741,0.14105960726737976,0.6370887160301208,0.38921675086021423
YNL310C,YKR097W,0,0.17544843,0.14102846384048462,0.6370887160301208,0.3893167972564697
YDR065W,YHR140W,0,0.17544712,0.14099735021591187,0.6370887160301208,0.38941681385040283
YMR184W,YGL157W,0,0.17539106,0.1409662514925003,0.6370887160301208,0.3895168602466583
YFL041W,YOR290C,0,0.17534043,0.14093515276908875,0.6370887160301208,0.38961687684059143
YNR008W,YOR257W,0,0.17503156,0.14090408384799957,0.6370887160301208,0.3897169232368469
YOR047C,YMR307W,0,0.17502744,0.1408730149269104,0.6370887160301208,0.38981693983078003
YMR217W,YJL025W,0,0.17469628,0.14084196090698242,0.6370887160301208,0.3899169862270355
YDR238C,YER089C,0,0.17434217,0.14081093668937683,0.6370887160301208,0.39001700282096863
YJL133W,YNL115C,0,0.17372732,0.14077991247177124,0.6370887160301208,0.3901170492172241
YLR170C,YDR116C,0,0.17348416,0.14074890315532684,0.6370887160301208,0.3902170658111572
YKL114C,YOR054C,1,0.17336436,0.14093811810016632,0.6380857229232788,0.3902170658111572
YNR050C,YGR262C,0,0.17325573,0.14090709388256073,0.6380857229232788,0.39031708240509033
YGL035C,YLR040C,0,0.17320462,0.14087606966495514,0.6380857229232788,0.3904171288013458
YCR009C,YDR014W,0,0.17317583,0.14084507524967194,0.6380857229232788,0.39051714539527893
YOR069W,YOR067C,0,0.17300011,0.14081408083438873,0.6380857229232788,0.3906171917915344
YOR202W,YBR248C,1,0.17281632,0.1410030722618103,0.6390827298164368,0.3906171917915344
YER025W,YOL092W,0,0.17242779,0.1409720629453659,0.6390827298164368,0.39071720838546753
YML004C,YGR087C,1,0.17242213,0.14116095006465912,0.6400797367095947,0.39071720838546753
YMR323W,YKL060C,1,0.17239256,0.14134974777698517,0.6410767436027527,0.39071720838546753
YGL249W,YGR075C,0,0.17232151,0.141318678855896,0.6410767436027527,0.390817254781723
YOR202W,YNL316C,1,0.17166533,0.1415073573589325,0.6420737504959106,0.390817254781723
YOL077C,YLR246W,0,0.1715018,0.14147627353668213,0.6420737504959106,0.39091727137565613
YDR520C,YOL117W,0,0.17123295,0.14144520461559296,0.6420737504959106,0.3910173177719116
YKR048C,YHR081W,0,0.17110501,0.14141413569450378,0.6420737504959106,0.3911173343658447
YMR223W,YNL339C,0,0.17084499,0.141383096575737,0.6420737504959106,0.39121735095977783
YLR237W,YBR122C,0,0.17039047,0.14135205745697021,0.6420737504959106,0.3913173973560333
YLR212C,YNL112W,0,0.17024125,0.14132104814052582,0.6420737504959106,0.39141741394996643
YPL206C,YFL029C,0,0.16985847,0.14129003882408142,0.6420737504959106,0.3915174603462219
YHL004W,YPL153C,0,0.16983898,0.14125904440879822,0.6420737504959106,0.39161747694015503
YKL184W,YFR055W,1,0.16981207,0.14144736528396606,0.6430708169937134,0.39161747694015503
YKR009C,YHR174W,1,0.16966812,0.14163561165332794,0.6440678238868713,0.39161747694015503
YHR076W,YCR054C,0,0.16965349,0.14160455763339996,0.6440678238868713,0.3917175233364105
YDL195W,YDR524C,0,0.16960879,0.14157353341579437,0.6440678238868713,0.39181753993034363
YOL067C,YDR297W,0,0.1694807,0.14154250919818878,0.6440678238868713,0.3919175863265991
YMR171C,YOR246C,0,0.16938923,0.14151149988174438,0.6440678238868713,0.3920176029205322
YAL039C,YKL211C,1,0.16931994,0.14169952273368835,0.6450648307800293,0.3920176029205322
YGR116W,YER045C,0,0.16927744,0.14166849851608276,0.6450648307800293,0.3921176493167877
YMR094W,YDR055W,0,0.16919841,0.14163747429847717,0.6450648307800293,0.3922176659107208
YLR201C,YLR035C-A,0,0.16896258,0.14160647988319397,0.6450648307800293,0.39231768250465393
YJL056C,YOR070C,0,0.16878282,0.14157548546791077,0.6450648307800293,0.3924177289009094
YKR090W,YKL181W,0,0.16874065,0.14154452085494995,0.6450648307800293,0.39251774549484253
YLR446W,YLR121C,0,0.16866721,0.14151355624198914,0.6450648307800293,0.392617791891098
YKL088W,YDR418W,0,0.16866525,0.1414826214313507,0.6450648307800293,0.39271780848503113
YNL316C,YMR250W,1,0.16850482,0.1416703164577484,0.6460618376731873,0.39271780848503113
YGL136C,YER096W,0,0.16744994,0.1416393369436264,0.6460618376731873,0.3928178548812866
YDL137W,YJL048C,0,0.16738684,0.14160838723182678,0.6460618376731873,0.3929178714752197
YNL325C,YPL204W,0,0.16714276,0.14157745242118835,0.6460618376731873,0.3930179178714752
YEL065W,YNL158W,0,0.16705962,0.14154653251171112,0.6460618376731873,0.3931179344654083
YDR242W,YGR076C,0,0.16687201,0.1415156126022339,0.6460618376731873,0.39321795105934143
YDR523C,YDR390C,0,0.16663273,0.14148472249507904,0.6460618376731873,0.3933179974555969
YIL004C,YBR297W,0,0.1665257,0.1414538323879242,0.6460618376731873,0.39341801404953003
YIR036C,YBR273C,0,0.1664768,0.14142295718193054,0.6460618376731873,0.3935180604457855
YCR009C,YHR028C,0,0.16630317,0.14139209687709808,0.6460618376731873,0.39361807703971863
YDL129W,YGR037C,0,0.16623758,0.14136125147342682,0.6460618376731873,0.3937181234359741
YER099C,YML012W,0,0.1662365,0.14133042097091675,0.6460618376731873,0.3938181400299072
YKL135C,YOL117W,0,0.16548117,0.14129960536956787,0.6460618376731873,0.3939181864261627
YOR332W,YMR285C,0,0.16543113,0.1412688046693802,0.6460618376731873,0.3940182030200958
YER086W,YOR381W,0,0.16533773,0.1412380188703537,0.6460618376731873,0.3941182494163513
YMR235C,YER174C,0,0.16456051,0.1412072330713272,0.6460618376731873,0.3942182660102844
YJR065C,YDR086C,0,0.16448046,0.1411764770746231,0.6460618376731873,0.39431828260421753
YLR165C,YNR043W,1,0.16435765,0.14136353135108948,0.6470588445663452,0.39431828260421753
YKL154W,YPL031C,0,0.16432856,0.141332745552063,0.6470588445663452,0.394418329000473
YDR046C,YGR009C,0,0.16431598,0.1413019746541977,0.6470588445663452,0.39451834559440613
YGL168W,YHR086W,0,0.16414069,0.1412712186574936,0.6470588445663452,0.3946183919906616
YOL031C,YOR217W,0,0.16413297,0.14124047756195068,0.6470588445663452,0.3947184085845947
YML106W,YBR097W,0,0.16413052,0.14120975136756897,0.6470588445663452,0.3948184549808502
YGR101W,YMR051C,0,0.16361,0.14117902517318726,0.6470588445663452,0.3949184715747833
YML009C,YOR270C,0,0.16353808,0.14114832878112793,0.6470588445663452,0.3950185179710388
YKL056C,YMR204C,0,0.16321461,0.1411176323890686,0.6470588445663452,0.3951185345649719
YLR359W,YHR072W,1,0.16315992,0.14130434393882751,0.6480558514595032,0.3951185345649719
YML054C,YIR036C,0,0.16306897,0.141273632645607,0.6480558514595032,0.39521855115890503
YBR156C,YDR447C,0,0.16306703,0.14124293625354767,0.6480558514595032,0.3953185975551605
YPL231W,YDL082W,0,0.16289084,0.14121225476264954,0.6480558514595032,0.39541861414909363
YNL292W,YJL052W,0,0.16280572,0.1411815881729126,0.6480558514595032,0.3955186605453491
YLR048W,YPL085W,0,0.16272037,0.14115092158317566,0.6480558514595032,0.3956186771392822
YDR251W,YKR048C,0,0.16262601,0.1411202847957611,0.6480558514595032,0.3957187235355377
YDR270W,YDR086C,0,0.16237162,0.14108964800834656,0.6480558514595032,0.3958187401294708
YLR459W,YLR238W,0,0.16194238,0.1410590261220932,0.6480558514595032,0.3959187865257263
YJL106W,YKL017C,0,0.16170768,0.14102841913700104,0.6480558514595032,0.3960188031196594
YDL080C,YDR418W,0,0.16156526,0.14099782705307007,0.6480558514595032,0.3961188495159149
YDR487C,YOR014W,0,0.16145642,0.1409672498703003,0.6480558514595032,0.396218866109848
YOL065C,YHR147C,0,0.1613005,0.1409366875886917,0.6480558514595032,0.39631888270378113
YDR387C,YBR030W,0,0.16083576,0.14090614020824432,0.6480558514595032,0.3964189291000366
YGL184C,YJR130C,1,0.16071205,0.14109233021736145,0.6490528583526611,0.3964189291000366
YDR011W,YDR238C,0,0.16050388,0.14106175303459167,0.6490528583526611,0.3965189456939697
YJR104C,YGL227W,0,0.16021629,0.1410311907529831,0.6490528583526611,0.3966189920902252
YBR240C,YLL038C,0,0.16011427,0.1410006433725357,0.6490528583526611,0.3967190086841583
YHR086W,YDR055W,0,0.15991874,0.1409701108932495,0.6490528583526611,0.3968190550804138
YLR008C,YBR251W,0,0.15973718,0.1409395933151245,0.6490528583526611,0.3969190716743469
YMR208W,YGL084C,0,0.15931262,0.1409090906381607,0.6490528583526611,0.3970191180706024
YDL137W,YER113C,0,0.15902592,0.1408786028623581,0.6490528583526611,0.3971191346645355
YKL218C,YPL149W,0,0.15837099,0.14084811508655548,0.6490528583526611,0.39721915125846863
YNL292W,YGR014W,0,0.15819795,0.14081765711307526,0.6490528583526611,0.3973191976547241
YKL088W,YBR158W,0,0.15814145,0.14078719913959503,0.6490528583526611,0.3974192142486572
YNR040W,YDL008W,0,0.15793823,0.140756756067276,0.6490528583526611,0.3975192606449127
YDL127W,YGL157W,0,0.15773918,0.14072632789611816,0.6490528583526611,0.3976192772388458
YCL063W,YJR135W-A,0,0.15771838,0.14069591462612152,0.6490528583526611,0.3977193236351013
YDL210W,YBR058C,0,0.15763535,0.14066551625728607,0.6490528583526611,0.3978193402290344
YDL114W,YBR273C,0,0.15757413,0.14063513278961182,0.6490528583526611,0.3979193866252899
YEL054C,YCR047C,0,0.15747093,0.14060474932193756,0.6490528583526611,0.398019403219223
YGL173C,YML124C,0,0.15725924,0.1405743956565857,0.6490528583526611,0.3981194496154785
YML082W,YDR487C,1,0.15705873,0.1407599300146103,0.6500498652458191,0.3981194496154785
YJR010C-A,YPL085W,0,0.15679266,0.14072954654693604,0.6500498652458191,0.3982194662094116
YDR536W,YJL041W,0,0.15658484,0.14069917798042297,0.6500498652458191,0.3983194828033447
YDL137W,YLR306W,0,0.1563987,0.1406688243150711,0.6500498652458191,0.3984195291996002
YCL075W,YJR076C,0,0.15639143,0.14063848555088043,0.6500498652458191,0.3985195457935333
YJR143C,YCR094W,0,0.15627177,0.14060814678668976,0.6500498652458191,0.3986195921897888
YGL222C,YER110C,0,0.15619545,0.14057783782482147,0.6500498652458191,0.3987196087837219
YMR311C,YIL136W,0,0.15605916,0.14054752886295319,0.6500498652458191,0.3988196551799774
YMR256C,YHL004W,0,0.1555446,0.1405172348022461,0.6500498652458191,0.3989196717739105
YER090W,YDR127W,1,0.15546642,0.14070244133472443,0.651046872138977,0.3989196717739105
YDR486C,YNL096C,0,0.1553721,0.14067211747169495,0.651046872138977,0.399019718170166
YKL195W,YKL028W,0,0.15511341,0.14064182341098785,0.651046872138977,0.3991197347640991
YOR066W,YOR386W,0,0.15508248,0.14061154425144196,0.651046872138977,0.3992197513580322
YAR010C,YAL062W,0,0.15491147,0.14058126509189606,0.651046872138977,0.3993197977542877
YMR247C,YDL019C,0,0.15481143,0.14055101573467255,0.651046872138977,0.3994198143482208
YBR248C,YEL021W,1,0.15403007,0.1407359540462494,0.652043879032135,0.3994198143482208
YGR101W,YJL189W,0,0.15401645,0.1407056748867035,0.652043879032135,0.3995198607444763
YNL162W,YCR004C,0,0.15399615,0.1406754106283188,0.652043879032135,0.3996198773384094
YOR151C,YCL057C-A,0,0.15394925,0.14064516127109528,0.652043879032135,0.3997199237346649
YHR067W,YDR380W,1,0.1538672,0.140829935669899,0.653040885925293,0.3997199237346649
YKL087C,YKR097W,1,0.15384735,0.14101462066173553,0.6540378928184509,0.3997199237346649
YKR058W,YDL082W,0,0.15358172,0.14098431169986725,0.6540378928184509,0.399819940328598
YLR121C,YDL130W-A,0,0.15321441,0.14095401763916016,0.6540378928184509,0.3999199867248535
YDR069C,YNL101W,0,0.15315615,0.14092373847961426,0.6540378928184509,0.4000200033187866
YFL004W,YKL108W,0,0.15306716,0.14089347422122955,0.6540378928184509,0.4001200497150421
YPL269W,YGL084C,0,0.15291168,0.14086320996284485,0.6540378928184509,0.4002200663089752
YKL060C,YIL167W,1,0.15258731,0.1410476565361023,0.6550348997116089,0.4002200663089752
YLR165C,YKR009C,1,0.15247534,0.14123202860355377,0.6560319066047668,0.4002200663089752
YCR040W,YGL155W,0,0.15232576,0.14120171964168549,0.6560319066047668,0.4003200829029083
YDR448W,YDR224C,0,0.1522988,0.1411714255809784,0.6560319066047668,0.4004201292991638
YGL089C,YGR086C,0,0.1522652,0.1411411464214325,0.6560319066047668,0.4005201458930969
YGR086C,YIL126W,0,0.15177105,0.1411108672618866,0.6560319066047668,0.4006201922893524
YML081C-A,YFR007W,0,0.15162815,0.14108061790466309,0.6560319066047668,0.4007202088832855
YDR363W-A,YDR298C,0,0.15126677,0.14105036854743958,0.6560319066047668,0.400820255279541
YOL065C,YNL091W,0,0.15084402,0.14102014899253845,0.6560319066047668,0.4009202718734741
YOL072W,YMR303C,0,0.15081601,0.14098992943763733,0.6560319066047668,0.4010203182697296
YJL143W,YGR062C,0,0.15050025,0.1409597247838974,0.6560319066047668,0.4011203348636627
YJR158W,YLL022C,0,0.15034817,0.14092953503131866,0.6560319066047668,0.4012203514575958
YDL030W,YML095C,0,0.15034069,0.14089936017990112,0.6560319066047668,0.4013203978538513
YMR290C,YJR135W-A,0,0.14996399,0.14086920022964478,0.6560319066047668,0.4014204144477844
YKR014C,YGR008C,0,0.14912899,0.14083904027938843,0.6560319066047668,0.4015204608440399
YDR234W,YNL169C,1,0.14882983,0.14102289080619812,0.6570289134979248,0.4015204608440399
YLR158C,YLR010C,0,0.14879237,0.14099273085594177,0.6570289134979248,0.401620477437973
YGL059W,YOR211C,0,0.14854158,0.14096257090568542,0.6570289134979248,0.4017205238342285
YJL033W,YGR135W,0,0.14848803,0.14093242585659027,0.6570289134979248,0.4018205404281616
YGR029W,YOL147C,0,0.1483093,0.14090228080749512,0.6570289134979248,0.4019205868244171
YLR165C,YDR127W,1,0.14802964,0.1410859376192093,0.6580259203910828,0.4019205868244171
YJR013W,YKL116C,0,0.14784448,0.14105577766895294,0.6580259203910828,0.4020206034183502
YAL021C,YPL111W,0,0.14766832,0.14102564752101898,0.6580259203910828,0.4021206498146057
YDR358W,YDR251W,0,0.1476302,0.14099551737308502,0.6580259203910828,0.4022206664085388
YMR235C,YNL244C,0,0.14748876,0.14096540212631226,0.6580259203910828,0.4023206830024719
YGR263C,YOL152W,0,0.14724709,0.14093530178070068,0.6580259203910828,0.4024207293987274
YDR363W-A,YER184C,0,0.14713125,0.1409052163362503,0.6580259203910828,0.4025207459926605
YJL046W,YBR142W,0,0.14660801,0.14087513089179993,0.6580259203910828,0.402620792388916
YLR096W,YGR286C,0,0.14609854,0.14084507524967194,0.6580259203910828,0.4027208089828491
YOL030W,YDR055W,0,0.14513148,0.14081501960754395,0.6580259203910828,0.4028208553791046
YOR257W,YKL059C,0,0.14493568,0.14078497886657715,0.6580259203910828,0.4029208719730377
YOL139C,YOL002C,0,0.1449125,0.14075495302677155,0.6580259203910828,0.4030209183692932
YHR076W,YNL115C,0,0.14475052,0.14072494208812714,0.6580259203910828,0.4031209349632263
YLR448W,YAL008W,0,0.1447437,0.14069494605064392,0.6580259203910828,0.4032209515571594
YOL117W,YPL155C,0,0.14456813,0.1406649649143219,0.6580259203910828,0.4033209979534149
YGR062C,YPL033C,0,0.14456038,0.14063498377799988,0.6580259203910828,0.403421014547348
YDR532C,YMR235C,0,0.14453088,0.14060503244400024,0.6580259203910828,0.4035210609436035
YMR316W,YLR158C,0,0.14424612,0.1405750811100006,0.6580259203910828,0.4036210775375366
YML106W,YML116W,0,0.14389794,0.14054514467716217,0.6580259203910828,0.4037211239337921
YKL212W,YNR047W,0,0.1433893,0.14051522314548492,0.6580259203910828,0.4038211405277252
YDL056W,YGR194C,0,0.14302655,0.14048531651496887,0.6580259203910828,0.4039211869239807
YBR291C,YER147C,0,0.14290516,0.14045540988445282,0.6580259203910828,0.4040212035179138
YNL322C,YMR004W,0,0.1423934,0.14042553305625916,0.6580259203910828,0.4041212499141693
YDL019C,YBR082C,0,0.14204441,0.1403956562280655,0.6580259203910828,0.4042212665081024
YKR030W,YDR044W,0,0.14193438,0.1403658092021942,0.6580259203910828,0.4043212831020355
YGL211W,YNL112W,0,0.14188392,0.14033596217632294,0.6580259203910828,0.404421329498291
YPL121C,YNR001C,0,0.14180236,0.14030611515045166,0.6580259203910828,0.4045213460922241
YJL143W,YGR194C,0,0.14173712,0.14027629792690277,0.6580259203910828,0.4046213924884796
YLR448W,YPL258C,0,0.14104654,0.14024649560451508,0.6580259203910828,0.4047214090824127
YHR112C,YOR176W,1,0.14087026,0.14042915403842926,0.6590229272842407,0.4047214090824127
YDL075W,YGR123C,0,0.1408573,0.14039932191371918,0.6590229272842407,0.4048214554786682
YGL035C,YER082C,0,0.14036526,0.1403695046901703,0.6590229272842407,0.4049214720726013
YGR155W,YDL036C,1,0.14020886,0.14055201411247253,0.6600199341773987,0.4049214720726013
YDR012W,YDR228C,0,0.14002566,0.14052218198776245,0.6600199341773987,0.4050215184688568
YDR074W,YGR154C,0,0.13983841,0.14049236476421356,0.6600199341773987,0.4051215350627899
YHR036W,YHR064C,0,0.13969167,0.14046254754066467,0.6600199341773987,0.405221551656723
YER083C,YOR120W,0,0.13957532,0.14043276011943817,0.6600199341773987,0.4053215980529785
YFL002W-A,YKL017C,0,0.1395684,0.14040297269821167,0.6600199341773987,0.4054216146469116
YJL157C,YDL195W,0,0.1391585,0.14037320017814636,0.6600199341773987,0.4055216610431671
YPL101W,YGR220C,0,0.1389962,0.14034344255924225,0.6600199341773987,0.4056216776371002
YNL331C,YDL115C,0,0.13875635,0.14031368494033813,0.6600199341773987,0.4057217240333557
YER140W,YCL075W,0,0.1384931,0.1402839571237564,0.6600199341773987,0.4058217406272888
YGR029W,YNL218W,0,0.13848828,0.14025424420833588,0.6600199341773987,0.4059217870235443
YDL141W,YMR165C,0,0.13847487,0.14022453129291534,0.6600199341773987,0.4060218036174774
YKR097W,YIL167W,1,0.13815792,0.14040660858154297,0.6610169410705566,0.4060218036174774
YDR012W,YGR035C,0,0.13815527,0.14037688076496124,0.6610169410705566,0.4061218500137329
YDR479C,YEL065W,0,0.13771527,0.1403471678495407,0.6610169410705566,0.406221866607666
YJR110W,YHR167W,0,0.1374522,0.14031745493412018,0.6610169410705566,0.4063218832015991
YBL078C,YBR273C,0,0.13709109,0.14028777182102203,0.6610169410705566,0.4064219295978546
YML116W,YIR023W,0,0.1367714,0.1402580887079239,0.6610169410705566,0.4065219461917877
YDR234W,YKL060C,1,0.13663976,0.1404399275779724,0.6620139479637146,0.4065219461917877
YOR202W,YOL052C,1,0.13633199,0.14062169194221497,0.6630109548568726,0.4065219461917877
YGR101W,YER048W-A,0,0.13622238,0.14059196412563324,0.6630109548568726,0.4066219925880432
YOL092W,YAL012W,0,0.13558419,0.1405622512102127,0.6630109548568726,0.4067220091819763
YMR307W,YGR086C,0,0.13542975,0.14053253829479218,0.6630109548568726,0.4068220555782318
YML027W,YGL147C,0,0.13536353,0.14050285518169403,0.6630109548568726,0.4069220721721649
YOL064C,YPR122W,0,0.135309,0.1404731720685959,0.6630109548568726,0.4070221185684204
YPR063C,YLR176C,0,0.13516305,0.14044350385665894,0.6630109548568726,0.4071221351623535
YJR016C,YJR135W-A,0,0.13511856,0.14041385054588318,0.6630109548568726,0.4072221517562866
YLR127C,YOR036W,0,0.13506605,0.14038421213626862,0.6630109548568726,0.4073221981525421
YPL148C,YOR201C,0,0.1346683,0.14035457372665405,0.6630109548568726,0.4074222147464752
YJR060W,YGL059W,0,0.13417901,0.14032496511936188,0.6630109548568726,0.4075222611427307
YDR074W,YDR069C,0,0.13391168,0.1402953565120697,0.6630109548568726,0.4076222777366638
YOR179C,YER044C,0,0.13381888,0.14026576280593872,0.6630109548568726,0.4077223241329193
YDR329C,YER068W,0,0.13361923,0.14023618400096893,0.6630109548568726,0.4078223407268524
YDL205C,YDR120C,0,0.13349973,0.14020662009716034,0.6630109548568726,0.4079223871231079
YJR135C,YBR214W,0,0.1333964,0.14017707109451294,0.6630109548568726,0.408022403717041
YML129C,YLR134W,0,0.13326897,0.14014752209186554,0.6630109548568726,0.4081224501132965
YHR028C,YNL207W,0,0.13325702,0.14011798799037933,0.6630109548568726,0.4082224667072296
YDR421W,YPL026C,0,0.13307728,0.14008848369121552,0.6630109548568726,0.4083224833011627
YPL231W,YGR124W,0,0.13273804,0.1400589793920517,0.6630109548568726,0.4084225296974182
YMR211W,YMR086W,0,0.1325906,0.14002947509288788,0.6630109548568726,0.4085225462913513
YBR159W,YPR122W,0,0.13245048,0.14000000059604645,0.6630109548568726,0.4086225926876068
YML060W,YHR018C,1,0.13237937,0.1401810199022293,0.6640079617500305,0.4086225926876068
YGR191W,YCL031C,0,0.13229503,0.1401515156030655,0.6640079617500305,0.4087226092815399
YDR170W-A,YDR466W,0,0.13221405,0.14012202620506287,0.6640079617500305,0.4088226556777954
YOR167C,YLR427W,0,0.1319742,0.14009255170822144,0.6640079617500305,0.4089226722717285
YKL088W,YLR439W,0,0.13185324,0.1400630921125412,0.6640079617500305,0.409022718667984
YIL084C,YPR028W,0,0.1317539,0.14003364741802216,0.6640079617500305,0.4091227352619171
YJR130C,YEL021W,1,0.13130806,0.14021441340446472,0.6650049686431885,0.4091227352619171
YFR015C,YKL059C,0,0.13127853,0.14018495380878448,0.6650049686431885,0.4092227816581726
YOL133W,YGR194C,0,0.13105465,0.14015549421310425,0.6650049686431885,0.4093227982521057
YMR051C,YER164W,0,0.1309442,0.1401260495185852,0.6650049686431885,0.4094228148460388
YJL060W,YOR054C,1,0.13083197,0.14030665159225464,0.6660019755363464,0.4094228148460388
YKL184W,YLR359W,1,0.1308205,0.1404871940612793,0.6669989824295044,0.4094228148460388
YGL089C,YMR314W,0,0.130502,0.14045768976211548,0.6669989824295044,0.4095228612422943
YDR448W,YLR427W,0,0.13036247,0.14042821526527405,0.6669989824295044,0.4096228778362274
YMR166C,YBR022W,0,0.13032629,0.14039874076843262,0.6669989824295044,0.4097229242324829
YGL106W,YOR092W,0,0.13004176,0.14036928117275238,0.6669989824295044,0.409822940826416
YDR158W,YPL103C,0,0.1294638,0.14033983647823334,0.6669989824295044,0.4099229872226715
YGR223C,YLR172C,0,0.12944905,0.1403104066848755,0.6669989824295044,0.4100230038166046
YLR032W,YCL066W,0,0.12939347,0.14028097689151764,0.6669989824295044,0.4101230502128601
YNL291C,YDL080C,0,0.12924625,0.14025157690048218,0.6669989824295044,0.4102230668067932
YAR015W,YGL227W,0,0.12907682,0.14022217690944672,0.6669989824295044,0.4103230834007263
YGL120C,YOL092W,0,0.12845697,0.14019279181957245,0.6669989824295044,0.4104231297969818
YER025W,YPR063C,0,0.12779243,0.14016342163085938,0.6669989824295044,0.4105231463909149
YDR118W,YPL026C,0,0.12771474,0.1401340663433075,0.6669989824295044,0.4106231927871704
YHL016C,YMR285C,0,0.1274044,0.14010471105575562,0.6669989824295044,0.4107232093811035
YBL064C,YAL013W,0,0.12688054,0.14007537066936493,0.6669989824295044,0.410823255777359
YLR438C-A,YDR483W,0,0.12680672,0.14004606008529663,0.6669989824295044,0.4109232723712921
YFL061W,YIL167W,1,0.12623174,0.14022603631019592,0.6679959893226624,0.4109232723712921
YDR495C,YGR188C,0,0.126144,0.14019669592380524,0.6679959893226624,0.4110233187675476
YNL162W,YHR167W,0,0.12596883,0.14016737043857574,0.6679959893226624,0.4111233353614807
YKL087C,YGL196W,1,0.12568642,0.1403472125530243,0.6689929962158203,0.4111233353614807
YJL143W,YOL056W,0,0.12553985,0.1403178572654724,0.6689929962158203,0.4112233817577362
YNR016C,YCR028C,0,0.1254396,0.14028851687908173,0.6689929962158203,0.4113233983516693
YLR086W,YGL229C,0,0.12503593,0.14025919139385223,0.6689929962158203,0.4114234149456024
YJL221C,YNL213C,0,0.124891594,0.14022988080978394,0.6689929962158203,0.4115234613418579
YIL027C,YOR116C,0,0.124847665,0.14020058512687683,0.6689929962158203,0.411623477935791
YBR001C,YPR186C,0,0.12438084,0.14017130434513092,0.6689929962158203,0.4117235243320465
YML060W,YGL040C,1,0.12417205,0.14035087823867798,0.6699900031089783,0.4117235243320465
YKL184W,YOR054C,1,0.124026075,0.14053037762641907,0.6709870100021362,0.4117235243320465
YOL030W,YDR231C,0,0.1239178,0.14050103724002838,0.6709870100021362,0.4118235409259796
YLR373C,YLR306W,0,0.12349419,0.1404717117547989,0.6709870100021362,0.4119235873222351
YOR143C,YFR005C,0,0.12316437,0.1404424011707306,0.6709870100021362,0.4120236039161682
YNL077W,YNL098C,0,0.12312196,0.1404131054878235,0.6709870100021362,0.4121236503124237
YDR107C,YBR097W,0,0.122734144,0.14038380980491638,0.6709870100021362,0.4122236669063568
YBR035C,YNL135C,0,0.12268387,0.14035452902317047,0.6709870100021362,0.4123236835002899
YAR019C,YDR503C,0,0.122548506,0.14032527804374695,0.6709870100021362,0.4124237298965454
YBR097W,YGL185C,0,0.12235798,0.14029601216316223,0.6709870100021362,0.4125237464904785
YOR143C,YIL136W,0,0.12225716,0.1402667760848999,0.6709870100021362,0.412623792886734
YHR076W,YKL028W,0,0.12212713,0.14023755490779877,0.6709870100021362,0.4127238094806671
YOR347C,YMR221C,0,0.12154855,0.14020833373069763,0.6709870100021362,0.4128238558769226
YBR176W,YDR103W,0,0.121428415,0.1401791274547577,0.6709870100021362,0.4129238724708557
YFR041C,YLR371W,0,0.12132521,0.14014993607997894,0.6709870100021362,0.4130239188671112
YIL034C,YLR266C,0,0.12131573,0.1401207596063614,0.6709870100021362,0.4131239354610443
YCR077C,YHR186C,0,0.121294215,0.14009158313274384,0.6709870100021362,0.4132239818572998
YLL062C,YLR045C,0,0.12122877,0.14006243646144867,0.6709870100021362,0.4133239984512329
YPL269W,YCL066W,0,0.1211061,0.1400332897901535,0.6709870100021362,0.413424015045166
YHR036W,YDR402C,0,0.120964125,0.14000415802001953,0.6709870100021362,0.4135240614414215
YDL101C,YOR391C,0,0.12095033,0.13997504115104675,0.6709870100021362,0.4136240780353546
YJR016C,YGR169C,1,0.1202109,0.1401538848876953,0.671984076499939,0.4136240780353546
YEL038W,YDR170W-A,0,0.12001763,0.14012473821640015,0.671984076499939,0.4137241244316101
YHR067W,YFL061W,1,0.11977817,0.14030347764492035,0.6729810833930969,0.4137241244316101
YDL192W,YAR007C,0,0.11931725,0.140274316072464,0.6729810833930969,0.4138241410255432
YOR174W,YGR124W,0,0.11915,0.14024516940116882,0.6729810833930969,0.4139241874217987
YDR014W,YKR050W,0,0.11906649,0.14021603763103485,0.6729810833930969,0.4140242040157318
YMR306W,YOR075W,0,0.11893417,0.14018692076206207,0.6729810833930969,0.4141242504119873
YIL070C,YER112W,0,0.11885263,0.1401578038930893,0.6729810833930969,0.4142242670059204
YCR020C,YBR241C,0,0.11883293,0.1401287168264389,0.6729810833930969,0.4143242835998535
YMR166C,YDR362C,0,0.11882253,0.1400996297597885,0.6729810833930969,0.414424329996109
YDR130C,YHL004W,0,0.11873706,0.14007055759429932,0.6729810833930969,0.4145243465900421
YPR063C,YPL157W,0,0.11871649,0.1400415003299713,0.6729810833930969,0.4146243929862976
YOR373W,YGR184C,0,0.11829595,0.1400124430656433,0.6729810833930969,0.4147244095802307
YLR044C,YEL021W,1,0.1182781,0.14019079506397247,0.6739780902862549,0.4147244095802307
YOR386W,YNL316C,1,0.11799033,0.14036905765533447,0.6749750971794128,0.4147244095802307
YGR263C,YDR520C,0,0.11768316,0.14033997058868408,0.6749750971794128,0.4148244559764862
YOR155C,YDR356W,0,0.11767651,0.1403108835220337,0.6749750971794128,0.4149244725704193
YGL137W,YDR069C,0,0.11752005,0.1402818113565445,0.6749750971794128,0.4150245189666748
YMR056C,YHR129C,0,0.11741854,0.1402527391910553,0.6749750971794128,0.4151245355606079
YEL058W,YDR115W,0,0.117319,0.1402236968278885,0.6749750971794128,0.4152245819568634
YJR015W,YIR017C,0,0.11731692,0.14019465446472168,0.6749750971794128,0.4153245985507965
YDR531W,YOR116C,0,0.11730577,0.14016562700271606,0.6749750971794128,0.4154246151447296
YLR097C,YPR178W,0,0.11706038,0.14013661444187164,0.6749750971794128,0.4155246615409851
YKL140W,YOR070C,0,0.11697365,0.14010761678218842,0.6749750971794128,0.4156246781349182
YPR156C,YJR001W,0,0.116466,0.1400786191225052,0.6749750971794128,0.4157247245311737
YER044C,YML009C,0,0.11635016,0.14004965126514435,0.6749750971794128,0.4158247411251068
YLR364W,YOR381W,0,0.11621,0.1400206834077835,0.6749750971794128,0.4159247875213623
YDR334W,YNL101W,0,0.11571719,0.13999173045158386,0.6749750971794128,0.4160248041152954
YER070W,YNL185C,0,0.115319595,0.1399627923965454,0.6749750971794128,0.4161248505115509
YDR356W,YOL156W,0,0.11455123,0.13993385434150696,0.6749750971794128,0.416224867105484
YBR286W,YCL055W,0,0.114386156,0.1399049460887909,0.6749750971794128,0.4163248836994171
YOR037W,YIL074C,0,0.11351703,0.13987603783607483,0.6749750971794128,0.4164249300956726
YCL064C,YER065C,1,0.113121256,0.14005370438098907,0.6759721040725708,0.4164249300956726
YJR110W,YNL007C,0,0.11310102,0.14002478122711182,0.6759721040725708,0.4165249466896057
YMR086W,YLR079W,0,0.11272259,0.13999587297439575,0.6759721040725708,0.4166249930858612
YJL090C,YPR054W,0,0.11246671,0.1399669647216797,0.6759721040725708,0.4167250096797943
YKR061W,YER184C,0,0.112305626,0.139938086271286,0.6759721040725708,0.4168250560760498
YLL038C,YEL002C,0,0.11225431,0.13990920782089233,0.6759721040725708,0.4169250726699829
YPR006C,YNR033W,1,0.11210598,0.14008665084838867,0.6769691109657288,0.4169250726699829
YPR048W,YCR020C,0,0.11162008,0.1400577574968338,0.6769691109657288,0.4170251190662384
YGL135W,YMR257C,0,0.1115257,0.14002887904644012,0.6769691109657288,0.4171251356601715
YGL232W,YOR174W,0,0.11144735,0.14000000059604645,0.6769691109657288,0.417225182056427
YPR108W,YKL116C,0,0.11135487,0.13997113704681396,0.6769691109657288,0.4173251986503601
YDR520C,YKR105C,0,0.11103763,0.13994228839874268,0.6769691109657288,0.4174252152442932
YGR159C,YLR154C,0,0.11100982,0.13991345465183258,0.6769691109657288,0.4175252616405487
YBR055C,YCL057C-A,0,0.110985294,0.13988463580608368,0.6769691109657288,0.4176252782344818
YJR015W,YGL141W,0,0.11086352,0.13985581696033478,0.6769691109657288,0.4177253246307373
YML018C,YGL229C,0,0.11077978,0.13982701301574707,0.6769691109657288,0.4178253412246704
YMR306W,YDR400W,0,0.11069925,0.13979822397232056,0.6769691109657288,0.4179253876209259
YGL213C,YDR224C,0,0.11054988,0.13976944983005524,0.6769691109657288,0.418025404214859
YBR289W,YML113W,0,0.11044894,0.1397406905889511,0.6769691109657288,0.4181254506111145
YBR160W,YJR058C,0,0.11028193,0.13971193134784698,0.6769691109657288,0.4182254672050476
YJR145C,YIL051C,0,0.11019243,0.13968318700790405,0.6769691109657288,0.4183254837989807
YGL213C,YMR128W,0,0.109993026,0.13965445756912231,0.6769691109657288,0.4184255301952362
YHR021C,YCL075W,0,0.1095524,0.13962574303150177,0.6769691109657288,0.4185255467891693
YLR359W,YBR213W,1,0.1094975,0.13980263471603394,0.6779661178588867,0.4185255467891693
YDR466W,YJR045C,0,0.10936676,0.139773890376091,0.6779661178588867,0.4186255931854248
YDR466W,YGL084C,0,0.10929783,0.13974517583847046,0.6779661178588867,0.4187256097793579
YLR450W,YDR239C,0,0.108869806,0.13971646130084991,0.6779661178588867,0.4188256561756134
YBL037W,YDR252W,0,0.10879727,0.13968776166439056,0.6779661178588867,0.4189256727695465
YGR220C,YDR158W,0,0.10876627,0.1396590620279312,0.6779661178588867,0.419025719165802
YKR097W,YML004C,1,0.108702764,0.13983573019504547,0.6789631247520447,0.419025719165802
YBR158W,YOR265W,0,0.108651474,0.13980701565742493,0.6789631247520447,0.4191257357597351
YPL271W,YOR076C,0,0.107835725,0.13977833092212677,0.6789631247520447,0.4192257821559906
YHR031C,YBR058C-A,0,0.10775082,0.1397496461868286,0.6789631247520447,0.4193257987499237
YMR307W,YEL021W,0,0.10756804,0.13972096145153046,0.6789631247520447,0.4194258153438568
YDR120C,YOL056W,0,0.1071804,0.1396923065185547,0.6789631247520447,0.4195258617401123
YDR242W,YOL133W,0,0.10717513,0.13966365158557892,0.6789631247520447,0.4196258783340454
YCR098C,YJL133W,0,0.10654217,0.13963502645492554,0.6789631247520447,0.4197259247303009
YNL188W,YMR071C,0,0.10590406,0.13960640132427216,0.6789631247520447,0.419825941324234
YNR033W,YOR054C,1,0.10588236,0.13978274166584015,0.6799601316452026,0.419825941324234
YGL128C,YOL139C,0,0.10568009,0.13975410163402557,0.6799601316452026,0.4199259877204895
YPL028W,YBR251W,0,0.1053886,0.139725461602211,0.6799601316452026,0.4200260043144226
YDR011W,YOR337W,0,0.10532068,0.1396968513727188,0.6799601316452026,0.4201260507106781
YIL168W,YJL200C,1,0.10526292,0.13987302780151367,0.6809571385383606,0.4201260507106781
YCL069W,YJL108C,0,0.10519491,0.1398443877696991,0.6809571385383606,0.4202260673046112
YPR102C,YER113C,0,0.10486235,0.13981576263904572,0.6809571385383606,0.4203260838985443
YEL016C,YDR313C,0,0.104045674,0.13978715240955353,0.6809571385383606,0.4204261302947998
YLR373C,YDL080C,0,0.103994176,0.13975854218006134,0.6809571385383606,0.4205261468887329
YGL147C,YGR135W,0,0.10397525,0.13972994685173035,0.6809571385383606,0.4206261932849884
YDR046C,YLR430W,0,0.10364261,0.13970136642456055,0.6809571385383606,0.4207262098789215
YDR126W,YNL242W,0,0.10355623,0.13967280089855194,0.6809571385383606,0.420826256275177
YLR419W,YIL111W,0,0.103320554,0.13964425027370453,0.6809571385383606,0.4209262728691101
YDR238C,YHR117W,0,0.10327436,0.13961569964885712,0.6809571385383606,0.4210263192653656
YER025W,YHR025W,0,0.10270892,0.1395871639251709,0.6809571385383606,0.4211263358592987
YDR251W,YBL022C,0,0.10221939,0.13955864310264587,0.6809571385383606,0.4212263822555542
YNR022C,YBL061C,0,0.1020447,0.13953013718128204,0.6809571385383606,0.4213263988494873
YOR326W,YNL135C,0,0.10179423,0.1395016312599182,0.6809571385383606,0.4214264154434204
YOR278W,YGL148W,1,0.10178612,0.13967736065387726,0.6819541454315186,0.4214264154434204
YBR160W,YPL048W,0,0.10070962,0.13964883983135223,0.6819541454315186,0.4215264618396759
YDR018C,YDR166C,0,0.10064326,0.1396203339099884,0.6819541454315186,0.421626478433609
YPR132W,YBL064C,0,0.10055785,0.13959184288978577,0.6819541454315186,0.4217265248298645
YIL078W,YMR017W,0,0.10051893,0.13956335186958313,0.6819541454315186,0.4218265414237976
YOL071W,YMR150C,0,0.10051477,0.13953489065170288,0.6819541454315186,0.4219265878200531
YNL207W,YMR163C,0,0.10049753,0.13950642943382263,0.6819541454315186,0.4220266044139862
YMR139W,YDR054C,0,0.10033119,0.13947798311710358,0.6819541454315186,0.4221266508102417
YDR115W,YPL149W,0,0.10020816,0.13944953680038452,0.6819541454315186,0.4222266674041748
YOR386W,YOR176W,1,0.10007253,0.1396249532699585,0.6829511523246765,0.4222266674041748
YPR063C,YLR385C,0,0.099976376,0.13959649205207825,0.6829511523246765,0.4223266839981079
YHL036W,YDR169C,0,0.09955363,0.1395680457353592,0.6829511523246765,0.4224267303943634
YGR159C,YDR117C,0,0.09933211,0.13953961431980133,0.6829511523246765,0.4225267469882965
YGL040C,YLR304C,1,0.099325284,0.13971486687660217,0.6839481592178345,0.4225267469882965
YBR122C,YCL050C,0,0.09919642,0.13968642055988312,0.6839481592178345,0.422626793384552
YBR213W,YDR234W,1,0.099151164,0.1398615688085556,0.6849451661109924,0.422626793384552
YMR130W,YNL242W,0,0.09902723,0.13983309268951416,0.6849451661109924,0.4227268099784851
YER099C,YDR511W,0,0.09899816,0.1398046463727951,0.6849451661109924,0.4228268563747406
YER070W,YNL301C,0,0.098513946,0.13977620005607605,0.6849451661109924,0.4229268729686737
YNL330C,YDL127W,0,0.098257944,0.1397477686405182,0.6849451661109924,0.4230269193649292
YOR346W,YAL003W,0,0.098027796,0.13971933722496033,0.6849451661109924,0.4231269359588623
YKR038C,YAL021C,0,0.09728557,0.13969093561172485,0.6849451661109924,0.4232269823551178
YOR150W,YDL095W,0,0.09684838,0.13966253399848938,0.6849451661109924,0.4233269989490509
YKL088W,YDR487C,1,0.09658462,0.13983739912509918,0.6859421730041504,0.4233269989490509
YPR028W,YPR019W,0,0.096487746,0.13980898261070251,0.6859421730041504,0.423427015542984
YIL113W,YDR330W,0,0.09606667,0.13978058099746704,0.6859421730041504,0.4235270619392395
YDL033C,YDL144C,0,0.09563987,0.13975217938423157,0.6859421730041504,0.4236270785331726
YDR239C,YDR115W,0,0.09528208,0.13972380757331848,0.6859421730041504,0.4237271249294281
YMR233W,YDR166C,0,0.09521249,0.1396954357624054,0.6859421730041504,0.4238271415233612
YDL210W,YJL133W,0,0.09424004,0.1396670788526535,0.6859421730041504,0.4239271879196167
YKL100C,YIL074C,0,0.09416233,0.1396387219429016,0.6859421730041504,0.4240272045135498
YMR043W,YER110C,0,0.09402333,0.1396103948354721,0.6859421730041504,0.4241272509098053
YPL074W,YPL186C,0,0.0936874,0.1395820677280426,0.6859421730041504,0.4242272675037384
YJL005W,YIL167W,1,0.093510464,0.13975659012794495,0.6869391798973083,0.4242272675037384
YER083C,YCR077C,0,0.093092635,0.13972824811935425,0.6869391798973083,0.4243272840976715
YDL204W,YDR128W,0,0.09253152,0.13969992101192474,0.6869391798973083,0.424427330493927
YKR062W,YDL195W,0,0.092530295,0.13967159390449524,0.6869391798973083,0.4245273470878601
YJR010C-A,YIL126W,0,0.09247704,0.13964329659938812,0.6869391798973083,0.4246273934841156
YPR073C,YHR011W,0,0.09241551,0.139614999294281,0.6869391798973083,0.4247274100780487
YJL125C,YGL155W,0,0.09199454,0.13958671689033508,0.6869391798973083,0.4248274564743042
YNL149C,YOR306C,0,0.09184782,0.13955843448638916,0.6869391798973083,0.4249274730682373
YJL048C,YKL156W,0,0.0916978,0.13953016698360443,0.6869391798973083,0.4250275194644928
YDR465C,YFL002W-A,0,0.091630414,0.1395019292831421,0.6869391798973083,0.4251275360584259
YMR307W,YNL242W,0,0.09161356,0.13947369158267975,0.6869391798973083,0.4252275824546814
YDL019C,YHR117W,0,0.0915833,0.1394454538822174,0.6869391798973083,0.4253275990486145
YDR379W,YPL059W,0,0.09156205,0.13941724598407745,0.6869391798973083,0.4254276156425476
YMR257C,YHL016C,0,0.09107952,0.1393890380859375,0.6869391798973083,0.4255276620388031
YHL040C,YDR224C,0,0.09097518,0.13936084508895874,0.6869391798973083,0.4256276786327362
YBR286W,YDR322W,0,0.09064531,0.13933265209197998,0.6869391798973083,0.4257277250289917
YEL038W,YPL269W,0,0.09049332,0.1393044888973236,0.6869391798973083,0.4258277416229248
YKL212W,YJR059W,0,0.08996658,0.13927632570266724,0.6869391798973083,0.4259277880191803
YLR214W,YGR234W,0,0.08941819,0.13924817740917206,0.6869391798973083,0.4260278046131134
YJR066W,YJR033C,0,0.089246795,0.13922004401683807,0.6869391798973083,0.4261278510093689
YCR040W,YMR150C,0,0.08852725,0.13919192552566528,0.6869391798973083,0.426227867603302
YNR027W,YFR003C,0,0.08842303,0.1391638070344925,0.6869391798973083,0.4263278841972351
YJL157C,YGL090W,0,0.088367775,0.1391357034444809,0.6869391798973083,0.4264279305934906
YOR202W,YGL184C,1,0.08710618,0.13930951058864594,0.6879361867904663,0.4264279305934906
YOR155C,YPL048W,0,0.087087825,0.13928139209747314,0.6879361867904663,0.4265279471874237
YOR067C,YER110C,0,0.08699572,0.13925327360630035,0.6879361867904663,0.4266279935836792
YLR109W,YOR127W,0,0.08667825,0.13922518491744995,0.6879361867904663,0.4267280101776123
YDL229W,YNL244C,0,0.086541906,0.13919709622859955,0.6879361867904663,0.4268280565738678
YKL211C,YOR176W,1,0.086200416,0.13937070965766907,0.6889331936836243,0.4268280565738678
YPL051W,YKR094C,0,0.0857286,0.13934260606765747,0.6889331936836243,0.4269280731678009
YDR036C,YMR292W,0,0.08536686,0.13931451737880707,0.6889331936836243,0.4270281195640564
YKL182W,YGR087C,1,0.085093185,0.13948801159858704,0.6899302005767822,0.4270281195640564
YML060W,YGL196W,1,0.084588185,0.13966143131256104,0.6909272074699402,0.4270281195640564
YIL125W,YGR156W,0,0.08450644,0.13963328301906586,0.6909272074699402,0.4271281361579895
YNL149C,YLR265C,0,0.084439635,0.13960516452789307,0.6909272074699402,0.427228182554245
YML082W,YDR380W,1,0.084321365,0.13977845013141632,0.6919242143630981,0.427228182554245
YDR251W,YER106W,0,0.08402614,0.13975030183792114,0.6919242143630981,0.4273281991481781
YML027W,YCL059C,0,0.083759755,0.13972216844558716,0.6919242143630981,0.4274282157421112
YGL161C,YMR042W,0,0.08366576,0.13969403505325317,0.6919242143630981,0.4275282621383667
YGL095C,YAL012W,0,0.08354017,0.13966593146324158,0.6919242143630981,0.4276282787322998
YOR224C,YGL040C,0,0.08330782,0.13963782787322998,0.6919242143630981,0.4277283251285553
YHR067W,YGL184C,1,0.08309847,0.13981090486049652,0.6929212212562561,0.4277283251285553
YER070W,YER153C,0,0.08256294,0.13978278636932373,0.6929212212562561,0.4278283417224884
YBL054W,YGR218W,0,0.082522124,0.13975466787815094,0.6929212212562561,0.4279283881187439
YMR223W,YHL004W,0,0.0820176,0.13972657918930054,0.6929212212562561,0.428028404712677
YLR381W,YER110C,0,0.081717685,0.13969849050045013,0.6929212212562561,0.4281284511089325
YNL098C,YCL066W,0,0.081082925,0.13967041671276093,0.6929212212562561,0.4282284677028656
YJR013W,YER133W,0,0.08073732,0.1396423578262329,0.6929212212562561,0.4283284842967987
YBR286W,YMR281W,0,0.08061989,0.1396142989397049,0.6929212212562561,0.4284285306930542
YBL088C,YLL038C,0,0.0804839,0.13958625495433807,0.6929212212562561,0.4285285472869873
YBL074C,YPL103C,0,0.08029704,0.13955822587013245,0.6929212212562561,0.4286285936832428
YLR201C,YGL084C,0,0.08026707,0.139530211687088,0.6929212212562561,0.4287286102771759
YLR201C,YKL059C,0,0.07990897,0.13950221240520477,0.6929212212562561,0.4288286566734314
YDR294C,YJL005W,1,0.07987642,0.13967490196228027,0.6939182281494141,0.4288286566734314
YGR292W,YOL019W,0,0.079504505,0.13964687287807465,0.6939182281494141,0.4289286732673645
YBR240C,YMR100W,0,0.079445496,0.1396188586950302,0.6939182281494141,0.42902871966362
YHL008C,YBL074C,0,0.07918732,0.13959085941314697,0.6939182281494141,0.4291287362575531
YOR181W,YAL044C,0,0.07895695,0.13956286013126373,0.6939182281494141,0.4292287826538086
YDR046C,YPR096C,0,0.07893722,0.13953489065170288,0.6939182281494141,0.4293287992477417
YGR241C,YBL037W,0,0.07841922,0.13950692117214203,0.6939182281494141,0.4294288158416748
YGR088W,YDR074W,0,0.07838245,0.13947895169258118,0.6939182281494141,0.4295288622379303
YIL034C,YBR058C,0,0.078304574,0.1394510120153427,0.6939182281494141,0.4296288788318634
YNL207W,YDR421W,0,0.07811947,0.13942307233810425,0.6939182281494141,0.4297289252281189
YPR184W,YGL106W,0,0.07785934,0.13939514756202698,0.6939182281494141,0.429828941822052
YKL004W,YDR069C,0,0.076836824,0.1393672376871109,0.6939182281494141,0.4299289882183075
YDL141W,YKR097W,0,0.07672565,0.13933934271335602,0.6939182281494141,0.4300290048122406
YDL080C,YJL200C,1,0.076532304,0.1395116150379181,0.694915235042572,0.4300290048122406
YPL059W,YLR427W,0,0.07634744,0.13948369026184082,0.694915235042572,0.4301290512084961
YFL037W,YOR092W,0,0.07621205,0.13945578038692474,0.694915235042572,0.4302290678024292
YOR386W,YOL052C,1,0.07619162,0.13962791860103607,0.69591224193573,0.4302290678024292
YML060W,YNL169C,1,0.07598376,0.13979999721050262,0.6969092488288879,0.4302290678024292
YKL089W,YLR079W,0,0.07559569,0.13977204263210297,0.6969092488288879,0.4303290843963623
YDR478W,YCL066W,0,0.07519519,0.1397441029548645,0.6969092488288879,0.4304291307926178
YNL242W,YDL017W,0,0.07518327,0.13971616327762604,0.6969092488288879,0.4305291473865509
YBL060W,YNL151C,0,0.07513213,0.13968825340270996,0.6969092488288879,0.4306291937828064
YDL109C,YML087C,0,0.07503237,0.13966034352779388,0.6969092488288879,0.4307292103767395
YCR072C,YPR021C,0,0.07469939,0.1396324336528778,0.6969092488288879,0.430829256772995
YMR233W,YGR008C,0,0.073886976,0.13960455358028412,0.6969092488288879,0.4309292733669281
YER029C,YBR041W,0,0.07305463,0.13957667350769043,0.6969092488288879,0.4310293197631836
YGL161C,YDR013W,0,0.0727938,0.13954880833625793,0.6969092488288879,0.4311293363571167
YER148W,YPR192W,0,0.07261406,0.13952095806598663,0.6969092488288879,0.4312293827533722
YOL067C,YKR061W,0,0.072367966,0.13949310779571533,0.6969092488288879,0.4313293993473053
YER184C,YOR346W,0,0.07213165,0.13946528732776642,0.6969092488288879,0.4314294159412384
YMR142C,YLL038C,0,0.0714626,0.1394374668598175,0.6969092488288879,0.4315294623374939
YDL069C,YNR070W,0,0.07087697,0.1394096463918686,0.6969092488288879,0.431629478931427
YNL242W,YGL178W,0,0.070669234,0.13938185572624207,0.6969092488288879,0.4317295253276825
YMR201C,YOL019W,0,0.07059866,0.13935406506061554,0.6969092488288879,0.4318295419216156
YDR118W,YML048W,0,0.07038519,0.1393262892961502,0.6969092488288879,0.4319295883178711
YKL179C,YBR035C,0,0.07027535,0.13929852843284607,0.6969092488288879,0.4320296049118042
YHR153C,YMR051C,0,0.07026555,0.13927076756954193,0.6969092488288879,0.4321296513080597
YOL127W,YHR167W,0,0.070229545,0.139243021607399,0.6969092488288879,0.4322296679019928
YBR248C,YDR127W,1,0.06969853,0.1394144594669342,0.6979062557220459,0.4322296679019928
YGR026W,YHR064C,0,0.06919764,0.13938669860363007,0.6979062557220459,0.4323296844959259
YGR063C,YOL140W,0,0.06918873,0.13935895264148712,0.6979062557220459,0.4324297308921814
YBL024W,YMR109W,0,0.06889938,0.13933120667934418,0.6979062557220459,0.4325297474861145
YLR343W,YBR050C,0,0.068090215,0.13930347561836243,0.6979062557220459,0.43262979388237
YLL062C,YFR003C,0,0.067682445,0.13927575945854187,0.6979062557220459,0.4327298104763031
YJR121W,YDR393W,0,0.0676619,0.1392480581998825,0.6979062557220459,0.4328298568725586
YMR211W,YKR048C,0,0.067549944,0.13922037184238434,0.6979062557220459,0.4329298734664917
YKR104W,YDR380W,0,0.06748478,0.13919268548488617,0.6979062557220459,0.4330299198627472
YJR097W,YPL022W,0,0.066829205,0.1391650140285492,0.6979062557220459,0.4331299364566803
YDR197W,YOR221C,0,0.06674436,0.13913734257221222,0.6979062557220459,0.4332299828529358
YHL044W,YOL071W,0,0.06671588,0.13910970091819763,0.6979062557220459,0.4333299994468689
YOL064C,YDL095W,0,0.066427976,0.13908205926418304,0.6979062557220459,0.433430016040802
YGR035C,YGL123W,0,0.066369325,0.13905443251132965,0.6979062557220459,0.4335300624370575
YDR038C,YBR050C,0,0.06629492,0.13902680575847626,0.6979062557220459,0.4336300790309906
YFR003C,YEL002C,0,0.066223845,0.13899920880794525,0.6979062557220459,0.4337301254272461
YGL147C,YJR076C,0,0.066080794,0.13897161185741425,0.6979062557220459,0.4338301420211792
YGL128C,YJR025C,0,0.06601857,0.13894402980804443,0.6979062557220459,0.4339301884174347
YOR067C,YOL080C,0,0.06527908,0.13891644775867462,0.6979062557220459,0.4340302050113678
YOR181W,YOR127W,0,0.06509495,0.1388888955116272,0.6979062557220459,0.4341302514076233
YDR418W,YNL007C,0,0.0649208,0.13886134326457977,0.6979062557220459,0.4342302680015564
YDR448W,YDR447C,0,0.064897686,0.13883379101753235,0.6979062557220459,0.4343302845954895
YOL031C,YFR003C,0,0.064654425,0.1388062685728073,0.6979062557220459,0.434430330991745
YMR098C,YOR120W,0,0.06435569,0.13877874612808228,0.6979062557220459,0.4345303475856781
YOR347C,YIL026C,0,0.06433852,0.13875123858451843,0.6979062557220459,0.4346303939819336
YJR010C-A,YNL077W,0,0.06413701,0.13872374594211578,0.6979062557220459,0.4347304105758667
YNR020C,YPL155C,0,0.06395094,0.13869625329971313,0.6979062557220459,0.4348304569721222
YMR042W,YOR369C,0,0.063912824,0.13866877555847168,0.6979062557220459,0.4349304735660553
YFL004W,YJL125C,0,0.06372745,0.13864131271839142,0.6979062557220459,0.4350305199623108
YMR080C,YBL037W,0,0.0636141,0.13861386477947235,0.6979062557220459,0.4351305365562439
YBR240C,YGR014W,0,0.063533574,0.13858641684055328,0.6979062557220459,0.4352305829524994
YOL003C,YGL161C,0,0.0633069,0.1385589838027954,0.6979062557220459,0.4353305995464325
YBR240C,YOR288C,0,0.063270286,0.13853156566619873,0.6979062557220459,0.4354306161403656
YJR016C,YNL129W,0,0.06301959,0.13850416243076324,0.6979062557220459,0.4355306625366211
YFL047W,YHR101C,0,0.062888145,0.13847675919532776,0.6979062557220459,0.4356306791305542
YHR067W,YGR188C,0,0.062732354,0.13844937086105347,0.6979062557220459,0.4357307255268097
YGL178W,YKR105C,0,0.062486723,0.13842198252677917,0.6979062557220459,0.4358307421207428
YMR264W,YBR264C,0,0.06244625,0.13839462399482727,0.6979062557220459,0.4359307885169983
YPL148C,YDR534C,0,0.06190978,0.13836726546287537,0.6979062557220459,0.4360308051109314
YMR287C,YJL073W,0,0.06181334,0.13833992183208466,0.6979062557220459,0.4361308515071869
YHR206W,YER174C,0,0.061790437,0.13831259310245514,0.6979062557220459,0.43623086810112
YBL064C,YNL128W,0,0.06176962,0.13828526437282562,0.6979062557220459,0.4363308846950531
YIL109C,YGL185C,0,0.06168641,0.1382579505443573,0.6979062557220459,0.4364309310913086
YBR248C,YGR155W,1,0.061651334,0.13842812180519104,0.6989032626152039,0.4364309310913086
YDR487C,YKL164C,0,0.061616465,0.13840079307556152,0.6989032626152039,0.4365309476852417
YDR487C,YER044C,0,0.061345235,0.138373464345932,0.6989032626152039,0.4366309940814972
YKR030W,YGR162W,0,0.06101936,0.13834616541862488,0.6989032626152039,0.4367310106754303
YBL093C,YMR201C,0,0.06086178,0.13831886649131775,0.6989032626152039,0.4368310570716858
YNL316C,YFL061W,1,0.060630172,0.13848885893821716,0.6999002695083618,0.4368310570716858
YDR265W,YJL056C,0,0.060536355,0.13846154510974884,0.6999002695083618,0.4369310736656189
YBR024W,YGL178W,0,0.06033711,0.13843423128128052,0.6999002695083618,0.4370311200618744
YLR370C,YKL183W,0,0.06030588,0.13840694725513458,0.6999002695083618,0.4371311366558075
YJR097W,YNR016C,0,0.059763744,0.13837966322898865,0.6999002695083618,0.437231183052063
YDR487C,YML004C,1,0.059563085,0.13854946196079254,0.7008973360061646,0.437231183052063
YLR450W,YMR017W,0,0.059168205,0.1385221630334854,0.7008973360061646,0.4373311996459961
YKL004W,YPL101W,0,0.059111312,0.13849487900733948,0.7008973360061646,0.4374312162399292
YJR145C,YKL173W,0,0.0587814,0.13846759498119354,0.7008973360061646,0.4375312626361847
YMR171C,YMR051C,0,0.0586455,0.1384403258562088,0.7008973360061646,0.4376312792301178
YDL080C,YGL009C,1,0.058304593,0.13860996067523956,0.7018943428993225,0.4376312792301178
YDL030W,YKL056C,0,0.058255523,0.13858267664909363,0.7018943428993225,0.4377313256263733
YER174C,YEL065W,0,0.05817218,0.1385554075241089,0.7018943428993225,0.4378313422203064
YDR228C,YOL157C,0,0.05724524,0.13852813839912415,0.7018943428993225,0.4379313886165619
YDR253C,YDR318W,0,0.057140663,0.1385008841753006,0.7018943428993225,0.438031405210495
YNL248C,YLR186W,0,0.05661334,0.13847364485263824,0.7018943428993225,0.4381314516067505
YNL159C,YHL004W,0,0.056251198,0.1384464055299759,0.7018943428993225,0.4382314682006836
YML004C,YIL167W,1,0.056083933,0.13861580193042755,0.7028913497924805,0.4382314682006836
YLR158C,YKR048C,0,0.055936083,0.1385885626077652,0.7028913497924805,0.4383314847946167
YLR446W,YML048W,0,0.055767447,0.13856132328510284,0.7028913497924805,0.4384315311908722
YOL120C,YDR486C,0,0.05576162,0.13853409886360168,0.7028913497924805,0.4385315477848053
YER068W,YML037C,0,0.055273995,0.13850687444210052,0.7028913497924805,0.4386315941810608
YNR043W,YJL097W,1,0.05525501,0.13867609202861786,0.7038883566856384,0.4386315941810608
YLR010C,YGR194C,0,0.05485736,0.1386488676071167,0.7038883566856384,0.4387316107749939
YNL212W,YJR059W,0,0.05478753,0.13862164318561554,0.7038883566856384,0.4388316571712494
YLR283W,YKR105C,0,0.0546059,0.13859441876411438,0.7038883566856384,0.4389316737651825
YBR296C,YGR234W,0,0.054446086,0.1385672241449356,0.7038883566856384,0.439031720161438
YKL178C,YGL178W,0,0.054088354,0.13854002952575684,0.7038883566856384,0.4391317367553711
YDR465C,YOR116C,0,0.05352752,0.13851284980773926,0.7038883566856384,0.4392317831516266
YOR288C,YER070W,0,0.052837834,0.13848568499088287,0.7038883566856384,0.4393317997455597
YCL069W,YBL057C,0,0.052632764,0.1384585201740265,0.7038883566856384,0.4394318163394928
YDR219C,YDR297W,0,0.05254771,0.1384313702583313,0.7038883566856384,0.4395318627357483
YOR175C,YJL106W,0,0.052222654,0.1384042352437973,0.7038883566856384,0.4396318793296814
YBR033W,YOL152W,0,0.052192733,0.1383771002292633,0.7038883566856384,0.4397319257259369
YBR160W,YOL140W,0,0.05186455,0.1383499950170517,0.7038883566856384,0.43983194231987
YGR086C,YPR178W,0,0.051855937,0.1383228898048401,0.7038883566856384,0.4399319887161255
YHL024W,YEL021W,0,0.051834658,0.13829578459262848,0.7038883566856384,0.4400320053100586
YLR126C,YEL016C,0,0.051468983,0.13826870918273926,0.7038883566856384,0.4401320517063141
YDR341C,YLR364W,0,0.051295474,0.13824163377285004,0.7038883566856384,0.4402320683002472
YER025W,YDR400W,0,0.05129108,0.13821455836296082,0.7038883566856384,0.4403320848941803
YBR036C,YPL214C,0,0.051260516,0.13818751275539398,0.7038883566856384,0.4404321312904358
YDL184C,YPL204W,0,0.050877377,0.13816046714782715,0.7038883566856384,0.4405321478843689
YDR065W,YGR191W,0,0.050548196,0.1381334364414215,0.7038883566856384,0.4406321942806244
YLL062C,YLR318W,0,0.05053915,0.13810642063617706,0.7038883566856384,0.4407322108745575
YKR009C,YKL060C,1,0.050131783,0.13827498257160187,0.7048853635787964,0.4407322108745575
YOR278W,YJL080C,0,0.050001428,0.13824795186519623,0.7048853635787964,0.440832257270813
YDR239C,YCL057C-A,0,0.04961121,0.1382209211587906,0.7048853635787964,0.4409322738647461
YOR057W,YPR168W,0,0.049609363,0.13819390535354614,0.7048853635787964,0.4410323202610016
YDR121W,YDR134C,0,0.049595878,0.1381668895483017,0.7048853635787964,0.4411323368549347
YGL040C,YJL060W,1,0.04945539,0.13833528757095337,0.7058823704719543,0.4411323368549347
YJL072C,YJR126C,0,0.049000338,0.13830825686454773,0.7058823704719543,0.4412323832511902
YJR066W,YER112W,0,0.048989132,0.13828125596046448,0.7058823704719543,0.4413323998451233
YNR040W,YGL123W,0,0.0489209,0.13825424015522003,0.7058823704719543,0.4414324164390564
YDR418W,YKL164C,0,0.048692554,0.13822725415229797,0.7058823704719543,0.4415324628353119
YDL033C,YIR036C,0,0.048231423,0.13820026814937592,0.7058823704719543,0.441632479429245
YNL310C,YNL115C,0,0.048052862,0.13817329704761505,0.7058823704719543,0.4417325258255005
YML043C,YJL065C,0,0.047664165,0.13814634084701538,0.7058823704719543,0.4418325424194336
YIL150C,YLR172C,0,0.047471628,0.1381193846464157,0.7058823704719543,0.4419325888156891
YML125C,YOL140W,0,0.04746732,0.13809245824813843,0.7058823704719543,0.4420326054096222
YOR346W,YCL050C,0,0.04724498,0.13806551694869995,0.7058823704719543,0.4421326518058777
YPL220W,YLR467W,0,0.04719709,0.13803860545158386,0.7058823704719543,0.4422326683998108
YBL021C,YOR337W,0,0.04709433,0.13801169395446777,0.7058823704719543,0.4423326849937439
YMR056C,YLR287C-A,0,0.046465114,0.13798479735851288,0.7058823704719543,0.4424327313899994
YFL004W,YLR134W,0,0.045644253,0.13795791566371918,0.7058823704719543,0.4425327479839325
YDL137W,YDL185W,0,0.045452327,0.13793103396892548,0.7058823704719543,0.442632794380188
YER148W,YGL157W,0,0.045234114,0.13790416717529297,0.7058823704719543,0.4427328109741211
YNL280C,YMR247C,0,0.045024827,0.13787731528282166,0.7058823704719543,0.4428328573703766
YER083C,YNL339C,0,0.04491651,0.13785046339035034,0.7058823704719543,0.4429328739643097
YMR306W,YOR246C,0,0.044522613,0.13782362639904022,0.7058823704719543,0.4430329203605652
YIR036C,YGR135W,0,0.044357434,0.1377968043088913,0.7058823704719543,0.4431329369544983
YOR063W,YDR130C,0,0.044296294,0.13776999711990356,0.7058823704719543,0.4432329833507538
YFR005C,YJL065C,0,0.044096336,0.13774318993091583,0.7058823704719543,0.4433329999446869
YLR048W,YOL007C,0,0.04400067,0.1377163976430893,0.7058823704719543,0.44343301653862
YGL173C,YLL013C,0,0.04375784,0.13768962025642395,0.7058823704719543,0.4435330629348755
YOL105C,YER048W-A,0,0.043537572,0.1376628428697586,0.7058823704719543,0.4436330795288086
YMR257C,YCR004C,0,0.043101028,0.13763608038425446,0.7058823704719543,0.4437331259250641
YIL172C,YKL017C,0,0.043045923,0.1376093327999115,0.7058823704719543,0.4438331425189972
YDR219C,YBL022C,0,0.042768747,0.13758258521556854,0.7058823704719543,0.4439331889152527
YGR075C,YLR441C,0,0.042144284,0.13755585253238678,0.7058823704719543,0.4440332055091858
YKL181W,YLR186W,0,0.04177691,0.1375291347503662,0.7058823704719543,0.4441332519054413
YHR046C,YGR184C,0,0.041761145,0.13750243186950684,0.7058823704719543,0.4442332684993744
YML054C,YOR322C,0,0.041732296,0.13747572898864746,0.7058823704719543,0.4443332850933075
YBR240C,YJL170C,0,0.041644678,0.13744904100894928,0.7058823704719543,0.444433331489563
YDR248C,YMR312W,0,0.04143794,0.1374223530292511,0.7058823704719543,0.4445333480834961
YPL031C,YDR322W,0,0.04123968,0.1373956948518753,0.7058823704719543,0.4446333944797516
YMR289W,YGL148W,1,0.0408929,0.1375630646944046,0.7068793773651123,0.4446333944797516
YMR080C,YMR042W,0,0.040517077,0.13753637671470642,0.7068793773651123,0.4447334110736847
YKL184W,YPL123C,1,0.040352568,0.13770364224910736,0.7078763842582703,0.4447334110736847
YLR276C,YCL047C,0,0.040189847,0.13767693936824799,0.7078763842582703,0.4448334574699402
YIL145C,YHL016C,0,0.03988011,0.1376502513885498,0.7078763842582703,0.4449334740638733
YPL144W,YNL096C,0,0.0396785,0.13762356340885162,0.7078763842582703,0.4450335204601288
YPR098C,YOR244W,0,0.039625153,0.13759690523147583,0.7078763842582703,0.4451335370540619
YBR176W,YER106W,0,0.039594278,0.13757023215293884,0.7078763842582703,0.4452335834503174
YMR036C,YKL198C,0,0.039552003,0.13754358887672424,0.7078763842582703,0.4453336000442505
YER131W,YBL010C,0,0.03943129,0.13751694560050964,0.7078763842582703,0.4454336166381836
YIL009C-A,YOR369C,0,0.03924936,0.13749031722545624,0.7078763842582703,0.4455336630344391
YDL114W,YPR156C,0,0.038898066,0.13746370375156403,0.7078763842582703,0.4456336796283722
YIL070C,YKL140W,0,0.038399503,0.13743709027767181,0.7078763842582703,0.4457337260246277
YDR253C,YAL044C,0,0.038168237,0.1374104917049408,0.7078763842582703,0.4458337426185608
YNL248C,YGL095C,0,0.037451163,0.13738390803337097,0.7078763842582703,0.4459337890148163
YIL112W,YEL002C,0,0.037334338,0.13735732436180115,0.7078763842582703,0.4460338056087494
YKL211C,YDR047W,1,0.037319556,0.13752417266368866,0.7088733911514282,0.4460338056087494
YOL127W,YOR057W,0,0.03720276,0.13749758899211884,0.7088733911514282,0.4461338520050049
YOR201C,YOR242C,0,0.036056355,0.13747099041938782,0.7088733911514282,0.446233868598938
YHR021C,YML074C,0,0.035865813,0.1374444216489792,0.7088733911514282,0.4463339149951935
YDR315C,YDR014W,0,0.03569047,0.13741785287857056,0.7088733911514282,0.4464339315891266
YOR047C,YHL040C,0,0.035545632,0.13739129900932312,0.7088733911514282,0.4465339481830597
YNL049C,YOL005C,0,0.034747466,0.13736476004123688,0.7088733911514282,0.4466339945793152
YJR076C,YDR047W,0,0.034146816,0.13733822107315063,0.7088733911514282,0.4467340111732483
YHR031C,YNL242W,0,0.03407134,0.13731169700622559,0.7088733911514282,0.4468340575695038
YEL015W,YNL012W,0,0.033927664,0.13728518784046173,0.7088733911514282,0.4469340741634369
YKL034W,YIL155C,0,0.03380777,0.13725869357585907,0.7088733911514282,0.4470341205596924
YER025W,YJL129C,0,0.033782452,0.1372321993112564,0.7088733911514282,0.4471341371536255
YKL004W,YAL035W,0,0.033623055,0.13720570504665375,0.7088733911514282,0.447234183549881
YNL293W,YDL144C,0,0.033537388,0.13717924058437347,0.7088733911514282,0.4473342001438141
YLR448W,YPR096C,0,0.03306906,0.1371527761220932,0.7088733911514282,0.4474342167377472
YER089C,YMR311C,0,0.03292422,0.13712632656097412,0.7088733911514282,0.4475342631340027
YMR306W,YIL145C,0,0.032916322,0.13709987699985504,0.7088733911514282,0.4476342797279358
YIR015W,YBR105C,0,0.03281729,0.13707345724105835,0.7088733911514282,0.4477343261241913
YMR314W,YOL064C,0,0.03233169,0.13704703748226166,0.7088733911514282,0.4478343427181244
YLR015W,YDL127W,0,0.032226995,0.13702061772346497,0.7088733911514282,0.4479343891143799
YOR124C,YAL008W,0,0.03177549,0.13699421286582947,0.7088733911514282,0.448034405708313
YGL211W,YLR109W,0,0.030868769,0.13696782290935516,0.7088733911514282,0.4481344521045685
YHR116W,YDR134C,0,0.03039445,0.13694144785404205,0.7088733911514282,0.4482344686985016
YNL128W,YGL031C,0,0.030293047,0.13691507279872894,0.7088733911514282,0.4483345150947571
YDR312W,YBR207W,0,0.03024228,0.13688871264457703,0.7088733911514282,0.4484345316886902
YIL109C,YJR135C,0,0.03016965,0.1368623673915863,0.7088733911514282,0.4485345482826233
YER048W-A,YPR108W,0,0.030121997,0.13683602213859558,0.7088733911514282,0.4486345946788788
YGR026W,YML012W,0,0.029975742,0.13680969178676605,0.7088733911514282,0.4487346112728119
YLR120C,YOR221C,0,0.029953554,0.13678337633609772,0.7088733911514282,0.4488346576690674
YML094W,YMR130W,0,0.029901251,0.13675707578659058,0.7088733911514282,0.4489346742630005
YFL039C,YJL008C,0,0.029687718,0.13673077523708344,0.7088733911514282,0.449034720659256
YML043C,YNL301C,0,0.029446378,0.1367044746875763,0.7088733911514282,0.4491347372531891
YGL229C,YNL227C,0,0.029116884,0.13667820394039154,0.7088733911514282,0.4492347836494446
YMR188C,YGL222C,0,0.02906251,0.1366519331932068,0.7088733911514282,0.4493348002433777
YGL184C,YIL168W,1,0.028839603,0.1368178278207779,0.7098703980445862,0.4493348002433777
YGR047C,YFR008W,0,0.02851303,0.13679154217243195,0.7098703980445862,0.4494348168373108
YGR026W,YNL217W,0,0.028493986,0.1367652714252472,0.7098703980445862,0.4495348632335663
YER091C,YBR299W,0,0.028339818,0.13673900067806244,0.7098703980445862,0.4496348798274994
YDR400W,YFR007W,0,0.028272793,0.13671274483203888,0.7098703980445862,0.4497349262237549
YBR273C,YKR050W,0,0.027974129,0.1366865038871765,0.7098703980445862,0.449834942817688
YMR070W,YNL217W,0,0.02764669,0.13666026294231415,0.7098703980445862,0.4499349892139435
YBR097W,YNL213C,0,0.027602345,0.13663403689861298,0.7098703980445862,0.4500350058078766
YPL068C,YBR012W-B,0,0.027194887,0.136607825756073,0.7098703980445862,0.4501350522041321
YKR038C,YOR070C,0,0.02687402,0.1365816295146942,0.7098703980445862,0.4502350687980652
YMR036C,YMR022W,0,0.026421115,0.13655543327331543,0.7098703980445862,0.4503351151943207
YLR359W,YIL167W,1,0.026048899,0.13672100007534027,0.7108674049377441,0.4503351151943207
YIL072W,YNL007C,0,0.025792286,0.1366947889328003,0.7108674049377441,0.4504351317882538
YNR040W,YBR058C-A,0,0.025460765,0.13666857779026031,0.7108674049377441,0.4505351483821869
YBL093C,YGR156W,0,0.025434598,0.13664239645004272,0.7108674049377441,0.4506351947784424
YLL062C,YEL058W,0,0.02498664,0.13661621510982513,0.7108674049377441,0.4507352113723755
YMR306W,YPR108W,0,0.024942607,0.13659003376960754,0.7108674049377441,0.450835257768631
YHL018W,YDR487C,1,0.024737433,0.13675540685653687,0.7118644118309021,0.450835257768631
YOL138C,YNL115C,0,0.024679586,0.13672922551631927,0.7118644118309021,0.4509352743625641
YDR341C,YMR122W-A,0,0.024519205,0.13670304417610168,0.7118644118309021,0.4510353207588196
YMR307W,YDL136W,0,0.024426565,0.1366768777370453,0.7118644118309021,0.4511353373527527
YJR013W,YLR433C,0,0.02440241,0.1366507112979889,0.7118644118309021,0.4512353837490082
YDR107C,YDL051W,0,0.024380684,0.13662457466125488,0.7118644118309021,0.4513354003429413
YDL060W,YGR234W,0,0.024266228,0.13659843802452087,0.7118644118309021,0.4514354169368744
YNL061W,YJL101C,0,0.024250954,0.13657230138778687,0.7118644118309021,0.4515354633331299
YGR169C,YNL335W,1,0.024025783,0.1367374211549759,0.7128614187240601,0.4515354633331299
YDR299W,YDL184C,0,0.023969918,0.13671128451824188,0.7128614187240601,0.451635479927063
YDR107C,YER131W,0,0.023419425,0.13668514788150787,0.7128614187240601,0.4517355263233185
YBL017C,YMR233W,0,0.023175105,0.13665902614593506,0.7128614187240601,0.4518355429172516
YPR028W,YCL031C,0,0.023066878,0.13663290441036224,0.7128614187240601,0.4519355893135071
YNL077W,YDR236C,0,0.022846624,0.13660679757595062,0.7128614187240601,0.4520356059074402
YOR039W,YGR054W,0,0.022824422,0.1365807056427002,0.7128614187240601,0.4521356523036957
YHR143W,YGR062C,0,0.022660509,0.13655462861061096,0.7128614187240601,0.4522356688976288
YML060W,YBR248C,1,0.022622764,0.1367194950580597,0.713858425617218,0.4522356688976288
YGL173C,YMR163C,0,0.022612318,0.13669338822364807,0.713858425617218,0.4523357152938843
YML027W,YOL123W,0,0.022597283,0.13666729629039764,0.713858425617218,0.4524357318878174
YAL039C,YNR033W,1,0.02257426,0.13683205842971802,0.714855432510376,0.4524357318878174
YOL031C,YMR282C,0,0.022320852,0.1368059515953064,0.714855432510376,0.4525357484817505
YDL114W,YHL016C,0,0.021614656,0.13677985966205597,0.714855432510376,0.452635794878006
YOL030W,YDR421W,0,0.021504134,0.13675376772880554,0.714855432510376,0.4527358114719391
YDL069C,YIL074C,0,0.021361992,0.1367276906967163,0.714855432510376,0.4528358578681946
YMR163C,YCR010C,0,0.020913467,0.13670161366462708,0.714855432510376,0.4529358744621277
YDR388W,YNL218W,0,0.020897329,0.13667556643486023,0.714855432510376,0.4530359208583832
YDR238C,YGL222C,0,0.020706937,0.13664951920509338,0.714855432510376,0.4531359374523163
YER082C,YOR346W,0,0.020307645,0.13662347197532654,0.714855432510376,0.4532359838485718
YOL139C,YIR009W,0,0.020289078,0.13659745454788208,0.714855432510376,0.4533360004425049
YBR087W,YOR150W,0,0.020166144,0.13657142221927643,0.714855432510376,0.453436017036438
YKR072C,YJL060W,1,0.019915402,0.13673585653305054,0.7158524394035339,0.453436017036438
YDL115C,YER007W,0,0.019864514,0.13670982420444489,0.7158524394035339,0.4535360634326935
YDR033W,YLR134W,0,0.019471422,0.13668380677700043,0.7158524394035339,0.4536360800266266
YPL121C,YML005W,0,0.019021466,0.13665778934955597,0.7158524394035339,0.4537361264228821
YMR289W,YHR112C,1,0.018935934,0.13682207465171814,0.7168494462966919,0.4537361264228821
YJR009C,YKL108W,0,0.018588707,0.1367960423231125,0.7168494462966919,0.4538361430168152
YMR016C,YFL037W,0,0.018066913,0.13677002489566803,0.7168494462966919,0.4539361894130707
YJL041W,YOL109W,0,0.017452106,0.13674400746822357,0.7168494462966919,0.4540362060070038
YDR363W-A,YLR414C,0,0.017303988,0.1367180049419403,0.7168494462966919,0.4541362524032593
YAR019C,YAL021C,0,0.016425028,0.13669201731681824,0.7168494462966919,0.4542362689971924
YPL031C,YAL025C,0,0.016422555,0.13666602969169617,0.7168494462966919,0.4543363153934479
YNL308C,YNL217W,0,0.015528485,0.1366400569677353,0.7168494462966919,0.454436331987381
YLR439W,YDL075W,0,0.015449986,0.1366140991449356,0.7168494462966919,0.4545363485813141
YKL179C,YOR270C,0,0.015280858,0.13658814132213593,0.7168494462966919,0.4546363949775696
YDR334W,YDR093W,0,0.015208513,0.13656219840049744,0.7168494462966919,0.4547364115715027
YNL061W,YOR127W,0,0.01510869,0.13653627038002014,0.7168494462966919,0.4548364579677582
YJR015W,YDR313C,0,0.015048698,0.13651034235954285,0.7168494462966919,0.4549364745616913
YLR154C,YER164W,0,0.014960602,0.13648442924022675,0.7168494462966919,0.4550365209579468
YHR046C,YJR135W-A,0,0.014895022,0.13645853102207184,0.7168494462966919,0.4551365375518799
YDR536W,YJL189W,0,0.014691278,0.13643263280391693,0.7168494462966919,0.4552365839481354
YGL173C,YOL117W,0,0.014385179,0.13640674948692322,0.7168494462966919,0.4553366005420685
YDL210W,YLR096W,0,0.014160439,0.1363808810710907,0.7168494462966919,0.4554366171360016
YDR358W,YLL050C,0,0.014140144,0.13635501265525818,0.7168494462966919,0.4555366635322571
YPL051W,YLR158C,0,0.0139683485,0.13632915914058685,0.7168494462966919,0.4556366801261902
YMR184W,YER030W,0,0.01353319,0.13630332052707672,0.7168494462966919,0.4557367265224457
YJL165C,YOR346W,0,0.0135279745,0.1362774819135666,0.7168494462966919,0.4558367431163788
YDR071C,YIL145C,0,0.013455346,0.13625165820121765,0.7168494462966919,0.4559367895126343
YPR036W,YPR021C,0,0.013428763,0.1362258493900299,0.7168494462966919,0.4560368061065674
YDL210W,YER099C,0,0.013274208,0.13620004057884216,0.7168494462966919,0.4561368525028229
YJR160C,YFR007W,0,0.013150111,0.1361742466688156,0.7168494462966919,0.456236869096756
YBL078C,YAL034W-A,0,0.01306726,0.13614845275878906,0.7168494462966919,0.4563369154930115
YOL138C,YMR223W,0,0.012582973,0.1361226737499237,0.7168494462966919,0.4564369320869446
YMR166C,YJL136C,0,0.01257357,0.13609690964221954,0.7168494462966919,0.4565369486808777
YFL039C,YOR346W,0,0.011893898,0.13607116043567657,0.7168494462966919,0.4566369950771332
YNL316C,YLR304C,1,0.011824414,0.13623462617397308,0.7178464531898499,0.4566369950771332
YBR240C,YOR039W,0,0.011807546,0.13620884716510773,0.7178464531898499,0.4567370116710663
YER120W,YIL111W,0,0.011674106,0.13618309795856476,0.7178464531898499,0.4568370580673218
YEL064C,YJL221C,0,0.01162298,0.1361573338508606,0.7178464531898499,0.4569370746612549
YHR031C,YDR443C,0,0.0115932375,0.13613159954547882,0.7178464531898499,0.4570371210575104
YDL130W-A,YAL058W,0,0.01120612,0.13610586524009705,0.7178464531898499,0.4571371376514435
YML104C,YNR041C,0,0.011189699,0.13608013093471527,0.7178464531898499,0.457237184047699
YGR009C,YAL012W,0,0.011186376,0.13605442643165588,0.7178464531898499,0.4573372006416321
YNL159C,YGL084C,0,0.011133149,0.1360287219285965,0.7178464531898499,0.4574372172355652
YER087C-A,YNL101W,0,0.011111304,0.1360030174255371,0.7178464531898499,0.4575372636318207
YHR017W,YOR014W,0,0.010954604,0.1359773427248001,0.7178464531898499,0.4576372802257538
YHL019C,YPL033C,0,0.010583416,0.1359516680240631,0.7178464531898499,0.4577373266220093
YMR287C,YOL147C,0,0.010280773,0.1359259933233261,0.7178464531898499,0.4578373432159424
YJL033W,YPR184W,0,0.009738132,0.1359003335237503,0.7178464531898499,0.4579373896121979
YHL018W,YKL114C,1,0.009546518,0.13606341183185577,0.7188434600830078,0.4579373896121979
YJL148W,YJR135W-A,0,0.0094962865,0.13603773713111877,0.7188434600830078,0.458037406206131
YIL078W,YHR064C,0,0.009479508,0.13601207733154297,0.7188434600830078,0.4581374526023865
YNL306W,YOL071W,0,0.009383753,0.13598641753196716,0.7188434600830078,0.4582374691963196
YCR072C,YBL093C,0,0.008630842,0.13596077263355255,0.7188434600830078,0.4583375155925751
YBR156C,YJL129C,0,0.008511603,0.13593514263629913,0.7188434600830078,0.4584375321865082
YER159C-A,YDR315C,0,0.008482397,0.13590951263904572,0.7188434600830078,0.4585375487804413
YHL008C,YDR326C,0,0.00822942,0.13588391244411469,0.7188434600830078,0.4586375951766968
YBR267W,YLR126C,0,0.008195356,0.13585829734802246,0.7188434600830078,0.4587376117706299
YOR174W,YMR004W,0,0.008185282,0.13583271205425262,0.7188434600830078,0.4588376581668854
YKR094C,YPR005C,0,0.007744476,0.1358071267604828,0.7188434600830078,0.4589376747608185
YNR020C,YJR065C,0,0.0076662153,0.13578154146671295,0.7188434600830078,0.459037721157074
YKL181W,YCR094W,0,0.006826237,0.1357559710741043,0.7188434600830078,0.4591377377510071
YGR274C,YLR237W,0,0.006583318,0.13573041558265686,0.7188434600830078,0.4592377841472626
YOR224C,YEL015W,0,0.0060638636,0.1357048749923706,0.7188434600830078,0.4593378007411957
YNR020C,YPL154C,0,0.0060433447,0.13567933440208435,0.7188434600830078,0.4594378173351288
YKL143W,YLR438C-A,0,0.0060236156,0.1356538087129593,0.7188434600830078,0.4595378637313843
YML077W,YEL002C,0,0.00550434,0.13562829792499542,0.7188434600830078,0.4596378803253174
YER048W-A,YDL146W,0,0.005359009,0.13560278713703156,0.7188434600830078,0.4597379267215729
YFL002W-A,YPL101W,0,0.0051888227,0.13557729125022888,0.7188434600830078,0.459837943315506
YPR048W,YGR292W,0,0.0046060234,0.1355517953634262,0.7188434600830078,0.4599379897117615
YJL157C,YCL027W,0,0.0044848174,0.13552631437778473,0.7188434600830078,0.4600380063056946
YNL256W,YDR538W,1,0.004338965,0.13568878173828125,0.7198404669761658,0.4600380063056946
YBL093C,YNL189W,0,0.003600955,0.13566328585147858,0.7198404669761658,0.4601380527019501
YFL047W,YDL184C,0,0.0035689473,0.1356378048658371,0.7198404669761658,0.4602380692958832
YGL021W,YDR523C,0,0.0035565048,0.13561232388019562,0.7198404669761658,0.46033811569213867
YCL069W,YMR314W,0,0.0032677501,0.13558685779571533,0.7198404669761658,0.4604381322860718
YMR201C,YGR154C,0,0.003015533,0.13556139171123505,0.7198404669761658,0.4605381488800049
YNL227C,YPR096C,0,0.0029151589,0.13553595542907715,0.7198404669761658,0.4606381952762604
YKL088W,YMR247C,0,0.0025707334,0.13551050424575806,0.7198404669761658,0.4607382118701935
YNL242W,YBL020W,0,0.0023020208,0.13548508286476135,0.7198404669761658,0.460838258266449
YDR532C,YNL046W,0,0.002079621,0.13545966148376465,0.7198404669761658,0.4609382748603821
YDL229W,YJR143C,0,0.0018812269,0.13543425500392914,0.7198404669761658,0.4610383212566376
YBR158W,YOR290C,0,0.0018765628,0.13540884852409363,0.7198404669761658,0.4611383378505707
YFR015C,YGL031C,0,0.0014413148,0.1353834569454193,0.7198404669761658,0.46123838424682617
YPL022W,YDR054C,0,0.0014211386,0.1353580802679062,0.7198404669761658,0.4613384008407593
YKL088W,YNL169C,1,0.000866279,0.13552014529705048,0.7208374738693237,0.4613384008407593
YDL067C,YPR108W,0,0.0005424619,0.13549475371837616,0.7208374738693237,0.4614384174346924
YIL168W,YHR112C,1,0.00014556944,0.13565672934055328,0.7218344807624817,0.4614384174346924
YMR290C,YHR010W,0,-1.41114e-05,0.13563132286071777,0.7218344807624817,0.4615384638309479
YHL008C,YNL244C,0,-0.00014409423,0.13560591638088226,0.7218344807624817,0.461638480424881
YPR048W,YPR041W,0,-0.0005944222,0.13558052480220795,0.7218344807624817,0.4617385268211365
YCR028C,YOR014W,0,-0.00063465536,0.13555513322353363,0.7218344807624817,0.4618385434150696
YLR038C,YLR207W,0,-0.00068607926,0.1355297714471817,0.7218344807624817,0.4619385898113251
YDR077W,YDR362C,0,-0.00073839724,0.13550439476966858,0.7218344807624817,0.4620386064052582
YMR306W,YDR224C,0,-0.0008019805,0.13547904789447784,0.7218344807624817,0.46213865280151367
YLL013C,YDL043C,0,-0.0014412999,0.1354537010192871,0.7218344807624817,0.4622386693954468
YCR053W,YHR112C,1,-0.0016263574,0.13561540842056274,0.7228314876556396,0.4622386693954468
YDR447C,YLR438C-A,0,-0.0016750842,0.13559004664421082,0.7228314876556396,0.46233871579170227
YJL198W,YCR047C,0,-0.0021963567,0.13556469976902008,0.7228314876556396,0.4624387323856354
YOR046C,YGR241C,0,-0.0022718161,0.13553935289382935,0.7228314876556396,0.4625387489795685
YMR201C,YLR318W,0,-0.0024787039,0.1355140209197998,0.7228314876556396,0.462638795375824
YFR055W,YOR278W,1,-0.0027110428,0.1356755793094635,0.7238284945487976,0.462638795375824
YCR081W,YNL339C,0,-0.00282754,0.13565021753311157,0.7238284945487976,0.4627388119697571
YOL109W,YBL055C,0,-0.0028799921,0.13562488555908203,0.7238284945487976,0.4628388583660126
YKL114C,YOL052C,1,-0.0029404014,0.13578632473945618,0.7248255014419556,0.4628388583660126
YIL155C,YMR303C,0,-0.0030748248,0.13576097786426544,0.7248255014419556,0.4629388749599457
YBR024W,YDR363W-A,0,-0.0033240318,0.1357356309890747,0.7248255014419556,0.46303892135620117
YBR055C,YNR040W,0,-0.003444761,0.13571028411388397,0.7248255014419556,0.4631389379501343
YIL084C,YER082C,0,-0.0035832673,0.13568495213985443,0.7248255014419556,0.46323898434638977
YML015C,YHR099W,0,-0.0036372244,0.13565963506698608,0.7248255014419556,0.4633390009403229
YPR186C,YPR184W,0,-0.0039476156,0.13563433289527893,0.7248255014419556,0.463439017534256
YJL080C,YPL154C,0,-0.005001709,0.13560903072357178,0.7248255014419556,0.4635390639305115
YOR257W,YPR041W,0,-0.0052993745,0.13558374345302582,0.7248255014419556,0.4636390805244446
YGL039W,YNR047W,0,-0.005376205,0.13555845618247986,0.7248255014419556,0.4637391269207001
YBR024W,YBR048W,0,-0.005488947,0.1355331838130951,0.7248255014419556,0.4638391435146332
YFR008W,YOR150W,0,-0.005564645,0.13550792634487152,0.7248255014419556,0.46393918991088867
YPR102C,YDL144C,0,-0.005812302,0.13548266887664795,0.7248255014419556,0.4640392065048218
YMR281W,YJL106W,0,-0.006297201,0.13545742630958557,0.7248255014419556,0.46413925290107727
YDR347W,YNL049C,0,-0.007197365,0.1354321837425232,0.7248255014419556,0.4642392694950104
YGR087C,YBL019W,1,-0.0076161027,0.1355932205915451,0.7258225083351135,0.4642392694950104
YLR040C,YDR177W,0,-0.007997826,0.13556796312332153,0.7258225083351135,0.46433931589126587
YJL129C,YML091C,0,-0.008123949,0.13554273545742035,0.7258225083351135,0.464439332485199
YDL060W,YNL189W,0,-0.008186087,0.13551749289035797,0.7258225083351135,0.4645393490791321
YNL322C,YER174C,0,-0.0082974285,0.13549228012561798,0.7258225083351135,0.4646393954753876
YJL158C,YLR139C,0,-0.008489922,0.135467067360878,0.7258225083351135,0.4647394120693207
YMR290C,YBL057C,0,-0.009623513,0.135441854596138,0.7258225083351135,0.46483945846557617
YIL034C,YDL008W,0,-0.009744033,0.1354166716337204,0.7258225083351135,0.4649394750595093
YER133W,YIL126W,0,-0.009879157,0.1353914886713028,0.7258225083351135,0.46503952145576477
YER061C,YIL111W,0,-0.009987369,0.1353663057088852,0.7258225083351135,0.4651395380496979
YMR142C,YNL217W,0,-0.010391697,0.13534113764762878,0.7258225083351135,0.46523958444595337
YGL222C,YJL108C,0,-0.010509193,0.13531598448753357,0.7258225083351135,0.4653396010398865
YNL091W,YBL023C,0,-0.01109761,0.13529083132743835,0.7258225083351135,0.4654396176338196
YOR278W,YDR538W,1,-0.011365041,0.1354515105485916,0.7268195152282715,0.4654396176338196
YHR067W,YGR279C,0,-0.011711761,0.1354263424873352,0.7268195152282715,0.4655396640300751
YHR184W,YPL186C,0,-0.011954859,0.13540118932724,0.7268195152282715,0.4656396806240082
YDR536W,YJR076C,0,-0.012112781,0.13537605106830597,0.7268195152282715,0.46573972702026367
YNL280C,YDR224C,0,-0.012327835,0.13535091280937195,0.7268195152282715,0.4658397436141968
YDR279W,YBR231C,0,-0.012411639,0.13532578945159912,0.7268195152282715,0.46593979001045227
YMR306W,YIL078W,0,-0.012804046,0.1353006660938263,0.7268195152282715,0.4660398066043854
YFL047W,YPL226W,0,-0.012916476,0.13527555763721466,0.7268195152282715,0.46613985300064087
YBL024W,YLR139C,0,-0.013129398,0.13525046408176422,0.7268195152282715,0.466239869594574
YHR017W,YMR004W,0,-0.013237655,0.13522537052631378,0.7268195152282715,0.46633991599082947
YOR181W,YHR067W,0,-0.013287589,0.13520029187202454,0.7268195152282715,0.4664399325847626
YOL030W,YLR385C,0,-0.013450086,0.13517522811889648,0.7268195152282715,0.4665399491786957
YGR155W,YEL046C,1,-0.013485506,0.13533556461334229,0.7278165221214294,0.4665399491786957
YMR298W,YCR039C,0,-0.013537407,0.13531047105789185,0.7278165221214294,0.46663999557495117
YDR038C,YBR058C-A,0,-0.013562515,0.1352853924036026,0.7278165221214294,0.4667400121688843
YKL060C,YDL080C,1,-0.013620436,0.13544562458992004,0.7288135886192322,0.4667400121688843
YGL227W,YOR337W,0,-0.013783708,0.1354205310344696,0.7288135886192322,0.46684005856513977
YJL062W,YLR403W,0,-0.014555991,0.13539543747901917,0.7288135886192322,0.4669400751590729
YNL206C,YFR005C,0,-0.014900133,0.1353703737258911,0.7288135886192322,0.46704012155532837
YDR033W,YKL140W,0,-0.014918923,0.13534530997276306,0.7288135886192322,0.4671401381492615
YJR094W-A,YDR279W,0,-0.015248224,0.135320246219635,0.7288135886192322,0.46724018454551697
YAL041W,YPL214C,0,-0.0153788775,0.13529521226882935,0.7288135886192322,0.4673402011394501
YDR418W,YDR368W,0,-0.015443817,0.1352701634168625,0.7288135886192322,0.4674402177333832
YBL017C,YOR326W,0,-0.015896142,0.13524514436721802,0.7288135886192322,0.46754026412963867
YDR329C,YJL090C,0,-0.01598461,0.13522012531757355,0.7288135886192322,0.4676402807235718
YBR286W,YPR168W,0,-0.016041458,0.13519512116909027,0.7288135886192322,0.46774032711982727
YMR100W,YIL051C,0,-0.01612711,0.135170117020607,0.7288135886192322,0.4678403437137604
YKR030W,YPL186C,0,-0.016527638,0.1351451277732849,0.7288135886192322,0.46794039011001587
YOR116C,YLR246W,0,-0.016950116,0.13512015342712402,0.7288135886192322,0.468040406703949
YDR251W,YLR467W,0,-0.016976893,0.13509517908096313,0.7288135886192322,0.46814045310020447
YOR308C,YNL210W,0,-0.01767762,0.13507021963596344,0.7288135886192322,0.4682404696941376
YBR273C,YOL140W,0,-0.017989978,0.13504526019096375,0.7288135886192322,0.46834051609039307
YDL205C,YHR186C,0,-0.018002942,0.13502031564712524,0.7288135886192322,0.46844053268432617
YDL109C,YIL160C,0,-0.018222377,0.13499538600444794,0.7288135886192322,0.4685405492782593
YPL090C,YHR186C,0,-0.018854603,0.13497045636177063,0.7288135886192322,0.46864059567451477
YPR178W,YIL124W,0,-0.01904805,0.13494554162025452,0.7288135886192322,0.4687406122684479
YOL152W,YDR421W,0,-0.019224748,0.1349206417798996,0.7288135886192322,0.46884065866470337
YJL121C,YOR014W,0,-0.019236162,0.13489574193954468,0.7288135886192322,0.4689406752586365
YER061C,YGR241C,0,-0.019590966,0.13487084209918976,0.7288135886192322,0.46904072165489197
YDR170W-A,YBR097W,0,-0.01960887,0.13484597206115723,0.7288135886192322,0.4691407382488251
YPL231W,YNL112W,0,-0.019709878,0.1348211020231247,0.7288135886192322,0.46924078464508057
YJL097W,YNL096C,0,-0.019954897,0.13479623198509216,0.7288135886192322,0.46934080123901367
YER131W,YNR047W,0,-0.020201832,0.13477139174938202,0.7288135886192322,0.4694408178329468
YDL060W,YJL073W,0,-0.02051729,0.13474653661251068,0.7288135886192322,0.46954086422920227
YML113W,YLR438C-A,0,-0.020868406,0.13472171127796173,0.7288135886192322,0.4696408808231354
YCR039C,YDR443C,0,-0.020888701,0.13469688594341278,0.7288135886192322,0.46974092721939087
YPL281C,YDR116C,0,-0.020932533,0.13467207551002502,0.7288135886192322,0.469840943813324
YPL111W,YMR204C,0,-0.02098956,0.13464726507663727,0.7288135886192322,0.46994099020957947
YPL143W,YMR204C,0,-0.021080598,0.1346224695444107,0.7288135886192322,0.4700410068035126
YLR439W,YGR008C,0,-0.02186349,0.13459767401218414,0.7288135886192322,0.47014105319976807
YGL232W,YCL059C,0,-0.022850528,0.13457290828227997,0.7288135886192322,0.47024106979370117
YEL058W,YDR054C,0,-0.022881523,0.1345481276512146,0.7288135886192322,0.47034111618995667
YOR288C,YML043C,0,-0.02299814,0.13452337682247162,0.7288135886192322,0.47044113278388977
YOL138C,YDR032C,0,-0.02397795,0.13449862599372864,0.7288135886192322,0.4705411493778229
YKR014C,YGR262C,0,-0.024047151,0.13447387516498566,0.7288135886192322,0.47064119577407837
YGL184C,YKL218C,1,-0.024265513,0.13463306427001953,0.7298105955123901,0.47064119577407837
YPR108W,YJR045C,0,-0.024578214,0.13460831344127655,0.7298105955123901,0.4707412123680115
YJL097W,YOR054C,1,-0.02464737,0.13476741313934326,0.7308076024055481,0.4707412123680115
YGR101W,YER030W,0,-0.02478613,0.1347426474094391,0.7308076024055481,0.47084125876426697
YNL098C,YGR218W,0,-0.024942592,0.1347178816795349,0.7308076024055481,0.4709412753582001
YML005W,YNL135C,0,-0.02515173,0.13469313085079193,0.7308076024055481,0.47104132175445557
YDR358W,YHL032C,0,-0.025278926,0.13466838002204895,0.7308076024055481,0.47114133834838867
YNL169C,YGL009C,1,-0.025369331,0.13482733070850372,0.731804609298706,0.47114133834838867
YIL125W,YER012W,0,-0.025478974,0.13480256497859955,0.731804609298706,0.47124138474464417
YJR033C,YPL089C,0,-0.026212633,0.13477781414985657,0.731804609298706,0.47134140133857727
YGR170W,YER090W,1,-0.026282743,0.13493666052818298,0.732801616191864,0.47134140133857727
YDR033W,YER045C,0,-0.026640818,0.1349118947982788,0.732801616191864,0.4714414179325104
YOR036W,YOR290C,0,-0.026741222,0.13488712906837463,0.732801616191864,0.47154146432876587
YGL137W,YGR076C,0,-0.027149655,0.13486237823963165,0.732801616191864,0.471641480922699
YCR009C,YMR223W,0,-0.028006375,0.13483764231204987,0.732801616191864,0.47174152731895447
YOL003C,YBL039C,0,-0.028235398,0.13481290638446808,0.732801616191864,0.4718415439128876
YDL120W,YDL060W,0,-0.028417721,0.13478818535804749,0.732801616191864,0.47194159030914307
YDR231C,YKL017C,0,-0.02843149,0.13476347923278809,0.732801616191864,0.47204160690307617
YMR188C,YCR040W,0,-0.028459206,0.1347387731075287,0.732801616191864,0.47214165329933167
YGR086C,YIL101C,0,-0.028740868,0.13471408188343048,0.732801616191864,0.47224166989326477
YPR168W,YNL015W,0,-0.028878614,0.13468939065933228,0.732801616191864,0.47234171628952026
YGL249W,YHR070W,0,-0.029098615,0.13466471433639526,0.732801616191864,0.47244173288345337
YOR373W,YDR065W,0,-0.029254913,0.13464003801345825,0.732801616191864,0.4725417494773865
YDR134C,YHR070W,0,-0.029470935,0.13461539149284363,0.732801616191864,0.47264179587364197
YMR016C,YCR072C,0,-0.02949278,0.1345907300710678,0.732801616191864,0.4727418124675751
YBR198C,YJL164C,0,-0.02953966,0.13456609845161438,0.732801616191864,0.47284185886383057
YBR055C,YBR166C,0,-0.029787615,0.13454146683216095,0.732801616191864,0.47294187545776367
YNL218W,YBL020W,0,-0.029951923,0.13451683521270752,0.732801616191864,0.47304192185401917
YDR388W,YBR156C,0,-0.030001923,0.13449221849441528,0.732801616191864,0.47314193844795227
YNL036W,YDR294C,1,-0.030035794,0.1346505731344223,0.733798623085022,0.47314193844795227
YDR283C,YJL164C,0,-0.030663028,0.13462594151496887,0.733798623085022,0.47324198484420776
YBR035C,YFR007W,0,-0.030736178,0.13460130989551544,0.733798623085022,0.47334200143814087
YBL019W,YEL021W,1,-0.031477302,0.1347595602273941,0.7347956299781799,0.47334200143814087
YIL034C,YBR205W,0,-0.03178151,0.13473491370677948,0.7347956299781799,0.473442018032074
YEL038W,YGR116W,0,-0.031853333,0.13471029698848724,0.7347956299781799,0.47354206442832947
YLR097C,YOR080W,0,-0.03194587,0.1346856653690338,0.7347956299781799,0.4736420810222626
YAL021C,YHR086W,0,-0.03201063,0.13466106355190277,0.7347956299781799,0.47374212741851807
YBR040W,YGR037C,0,-0.03244087,0.13463646173477173,0.7347956299781799,0.47384214401245117
YBR264C,YOR174W,0,-0.0325204,0.13461187481880188,0.7347956299781799,0.47394219040870667
YLR192C,YLR446W,0,-0.032619573,0.13458728790283203,0.7347956299781799,0.47404220700263977
YHR067W,YML082W,1,-0.03262093,0.1347452998161316,0.7357926368713379,0.47404220700263977
YDL065C,YGL227W,0,-0.032714203,0.13472069799900055,0.7357926368713379,0.47414225339889526
YOR201C,YOL152W,0,-0.032900468,0.1346961110830307,0.7357926368713379,0.47424226999282837
YBL078C,YMR071C,0,-0.033136077,0.13467153906822205,0.7357926368713379,0.47434231638908386
YPR178W,YGR061C,0,-0.033552006,0.1346469670534134,0.7357926368713379,0.47444233298301697
YMR080C,YDR448W,0,-0.033590674,0.13462239503860474,0.7357926368713379,0.4745423495769501
YLR165C,YKL182W,1,-0.03382752,0.13478022813796997,0.7367896437644958,0.4745423495769501
YLR086W,YPL174C,0,-0.03450884,0.13475565612316132,0.7367896437644958,0.47464239597320557
YIL084C,YDR288W,0,-0.03457322,0.13473108410835266,0.7367896437644958,0.47474241256713867
YOR386W,YEL021W,1,-0.03457634,0.13488881289958954,0.7377866506576538,0.47474241256713867
YFR005C,YGR191W,0,-0.034716696,0.1348642259836197,0.7377866506576538,0.47484245896339417
YDL019C,YOR063W,0,-0.035090134,0.13483965396881104,0.7377866506576538,0.47494247555732727
YKL164C,YLR010C,0,-0.03591261,0.13481508195400238,0.7377866506576538,0.47504252195358276
YNR016C,YDR501W,0,-0.03592661,0.13479052484035492,0.7377866506576538,0.47514253854751587
YPL022W,YML091C,0,-0.036025807,0.13476598262786865,0.7377866506576538,0.47524258494377136
YDR536W,YPL231W,0,-0.036183804,0.13474144041538239,0.7377866506576538,0.47534260153770447
YFR055W,YLR044C,1,-0.036749437,0.13489896059036255,0.7387836575508118,0.47534260153770447
YBL075C,YDR088C,0,-0.037162125,0.1348744034767151,0.7387836575508118,0.4754426181316376
YMR282C,YOR044W,0,-0.037175328,0.13484986126422882,0.7387836575508118,0.47554266452789307
YER061C,YPL095C,0,-0.037241682,0.13482533395290375,0.7387836575508118,0.47564268112182617
YML106W,YEL064C,0,-0.037408978,0.13480080664157867,0.7387836575508118,0.47574272751808167
YNR008W,YJL065C,0,-0.037492767,0.1347762793302536,0.7387836575508118,0.47584274411201477
YLR427W,YBR009C,0,-0.03768371,0.13475176692008972,0.7387836575508118,0.47594279050827026
YIL009C-A,YAR007C,0,-0.03867212,0.13472726941108704,0.7387836575508118,0.47604280710220337
YJR158W,YDR088C,0,-0.038709275,0.13470278680324554,0.7387836575508118,0.47614285349845886
YHR206W,YPL143W,0,-0.038763285,0.13467830419540405,0.7387836575508118,0.47624287009239197
YDR134C,YNL115C,0,-0.038851917,0.13465382158756256,0.7387836575508118,0.47634291648864746
YLR106C,YIL090W,0,-0.03902611,0.13462935388088226,0.7387836575508118,0.47644293308258057
YMR036C,YDL120W,0,-0.03944041,0.13460490107536316,0.7387836575508118,0.47654294967651367
YEL016C,YNR043W,0,-0.039651006,0.13458046317100525,0.7387836575508118,0.47664299607276917
YCR040W,YDR313C,0,-0.039864182,0.13455602526664734,0.7387836575508118,0.47674301266670227
YER174C,YGR061C,0,-0.039947852,0.13453158736228943,0.7387836575508118,0.47684305906295776
YPL095C,YCL057C-A,0,-0.040074788,0.1345071643590927,0.7387836575508118,0.47694307565689087
YDR532C,YJL101C,0,-0.040084615,0.1344827562570572,0.7387836575508118,0.47704312205314636
YDL080C,YOR176W,1,-0.04056409,0.13463981449604034,0.7397806644439697,0.47704312205314636
YKR009C,YLR044C,1,-0.04067011,0.13479681313037872,0.7407776713371277,0.47704312205314636
YLR214W,YOR201C,0,-0.040766276,0.13477236032485962,0.7407776713371277,0.47714313864707947
YKL218C,YNL335W,1,-0.040785544,0.13492926955223083,0.7417746782302856,0.47714313864707947
YJR104C,YGL157W,0,-0.04097134,0.13490480184555054,0.7417746782302856,0.47724318504333496
YCR020C,YBR267W,0,-0.04131765,0.13488034904003143,0.7417746782302856,0.47734320163726807
YGR101W,YLR265C,0,-0.041326463,0.13485589623451233,0.7417746782302856,0.47744321823120117
YOR124C,YBR035C,0,-0.041405722,0.13483145833015442,0.7417746782302856,0.47754326462745667
YAL034W-A,YDL095W,0,-0.0418351,0.1348070353269577,0.7417746782302856,0.47764328122138977
YOR155C,YPR036W,0,-0.04187551,0.134782612323761,0.7417746782302856,0.47774332761764526
YLR035C-A,YKR037C,0,-0.04202433,0.13475818932056427,0.7417746782302856,0.47784334421157837
YMR235C,YDL060W,0,-0.042181715,0.13473379611968994,0.7417746782302856,0.47794339060783386
YEL013W,YDL110C,0,-0.042410478,0.1347094029188156,0.7417746782302856,0.47804340720176697
YCR009C,YDR368W,0,-0.042459577,0.13468500971794128,0.7417746782302856,0.47814345359802246
YOL138C,YMR094W,0,-0.042586535,0.13466063141822815,0.7417746782302856,0.47824347019195557
YDR531W,YBR175W,0,-0.04274769,0.1346362680196762,0.7417746782302856,0.47834351658821106
YFL002W-A,YGL178W,0,-0.0429357,0.13461190462112427,0.7417746782302856,0.47844353318214417
YJL170C,YOR347C,0,-0.04362066,0.13458755612373352,0.7417746782302856,0.47854354977607727
YIR015W,YBL022C,0,-0.043886468,0.13456320762634277,0.7417746782302856,0.47864359617233276
YGL135W,YOR143C,0,-0.044060215,0.13453887403011322,0.7417746782302856,0.47874361276626587
YOL138C,YKR105C,0,-0.04430659,0.13451455533504486,0.7417746782302856,0.47884365916252136
YDR465C,YIR009W,0,-0.0444069,0.1344902366399765,0.7417746782302856,0.47894367575645447
YLR283W,YLL062C,0,-0.044462092,0.13446593284606934,0.7417746782302856,0.47904372215270996
YBR041W,YLR430W,0,-0.044467308,0.13444162905216217,0.7417746782302856,0.47914373874664307
YPL089C,YIL084C,0,-0.044547707,0.1344173401594162,0.7417746782302856,0.47924378514289856
YDR242W,YEL021W,0,-0.04500933,0.13439306616783142,0.7417746782302856,0.47934380173683167
YJL097W,YLR467W,0,-0.045298778,0.13436879217624664,0.7417746782302856,0.47944381833076477
YDL210W,YDR103W,0,-0.045469567,0.13434453308582306,0.7417746782302856,0.47954386472702026
YOR373W,YIR036C,0,-0.04610774,0.13432027399539948,0.7417746782302856,0.47964388132095337
YMR051C,YMR023C,0,-0.046184912,0.13429602980613708,0.7417746782302856,0.47974392771720886
YJR097W,YIL125W,0,-0.04618539,0.1342717856168747,0.7417746782302856,0.47984394431114197
YDR046C,YBR012W-B,0,-0.04626158,0.1342475712299347,0.7417746782302856,0.47994399070739746
YGR295C,YLR158C,0,-0.046388388,0.1342233419418335,0.7417746782302856,0.48004400730133057
YGR104C,YJR139C,0,-0.04656045,0.1341991275548935,0.7417746782302856,0.48014405369758606
YBL017C,YBL022C,0,-0.046606973,0.13417492806911469,0.7417746782302856,0.48024407029151917
YDL141W,YML005W,0,-0.04664821,0.13415074348449707,0.7417746782302856,0.48034411668777466
YKR062W,YPL060W,0,-0.04705642,0.13412655889987946,0.7417746782302856,0.48044413328170776
YMR287C,YFR005C,0,-0.04776208,0.13410237431526184,0.7417746782302856,0.48054414987564087
YML113W,YCR054C,0,-0.047795966,0.1340782195329666,0.7417746782302856,0.48064419627189636
YHR167W,YPL090C,0,-0.04792531,0.1340540498495102,0.7417746782302856,0.48074421286582947
YML106W,YPL089C,0,-0.04813636,0.13402990996837616,0.7417746782302856,0.48084425926208496
YKL059C,YPL174C,0,-0.048147038,0.13400577008724213,0.7417746782302856,0.48094427585601807
YPR184W,YLR265C,0,-0.048637018,0.1339816302061081,0.7417746782302856,0.48104432225227356
YNL306W,YDR318W,0,-0.048696414,0.13395750522613525,0.7417746782302856,0.48114433884620667
YGR274C,YDL205C,0,-0.049577564,0.1339333951473236,0.7417746782302856,0.48124438524246216
YGR062C,YOR306C,0,-0.04958491,0.13390928506851196,0.7417746782302856,0.48134440183639526
YNR050C,YKR048C,0,-0.049618497,0.1338851898908615,0.7417746782302856,0.48144441843032837
YOR381W,YMR150C,0,-0.04986096,0.13386109471321106,0.7417746782302856,0.48154446482658386
YOL018C,YIL125W,0,-0.050014876,0.1338370144367218,0.7417746782302856,0.48164448142051697
YDL144C,YOR070C,0,-0.050121896,0.13381294906139374,0.7417746782302856,0.48174452781677246
YHR021C,YAL025C,0,-0.05022928,0.13378888368606567,0.7417746782302856,0.48184454441070557
YJR126C,YDR054C,0,-0.050326526,0.1337648332118988,0.7417746782302856,0.48194459080696106
YJR010C-A,YHR011W,0,-0.050562426,0.13374078273773193,0.7417746782302856,0.48204460740089417
YBR291C,YKR059W,0,-0.050606497,0.13371674716472626,0.7417746782302856,0.48214465379714966
YAL035W,YDL130W-A,0,-0.05092085,0.13369272649288177,0.7417746782302856,0.48224467039108276
YDR242W,YBL017C,0,-0.05105616,0.1336687058210373,0.7417746782302856,0.48234471678733826
YCR072C,YDR236C,0,-0.051236242,0.1336446851491928,0.7417746782302856,0.48244473338127136
YDR465C,YMR122W-A,0,-0.051391035,0.13362069427967072,0.7417746782302856,0.48254474997520447
YGL119W,YDL080C,0,-0.05145186,0.13359670341014862,0.7417746782302856,0.48264479637145996
YGL223C,YDR299W,0,-0.051474005,0.13357271254062653,0.7417746782302856,0.48274481296539307
YGL168W,YNL306W,0,-0.051578894,0.13354873657226562,0.7417746782302856,0.48284485936164856
YHR031C,YER056C-A,0,-0.05177477,0.13352476060390472,0.7417746782302856,0.48294487595558167
YOL031C,YHR184W,0,-0.051983356,0.1335008144378662,0.7417746782302856,0.48304492235183716
YBR166C,YCL066W,0,-0.052426152,0.1334768533706665,0.7417746782302856,0.48314493894577026
YER068W,YDR356W,0,-0.05244796,0.13345292210578918,0.7417746782302856,0.48324498534202576
YBR122C,YFL037W,0,-0.052680776,0.13342897593975067,0.7417746782302856,0.48334500193595886
YPR081C,YGR001C,0,-0.052830532,0.13340505957603455,0.7417746782302856,0.48344504833221436
YMR201C,YPR042C,0,-0.05288513,0.13338114321231842,0.7417746782302856,0.48354506492614746
YOR257W,YGL059W,0,-0.052926168,0.1333572268486023,0.7417746782302856,0.48364508152008057
YOR288C,YHR064C,0,-0.053122252,0.13333334028720856,0.7417746782302856,0.48374512791633606
YER086W,YBR213W,1,-0.053198636,0.13348862528800964,0.7427716851234436,0.48374512791633606
YEL038W,YOR246C,0,-0.05351028,0.13346470892429352,0.7427716851234436,0.48384514451026917
YOR057W,YOR269W,0,-0.053622574,0.1334408074617386,0.7427716851234436,0.48394519090652466
YMR289W,YDR538W,1,-0.054094627,0.13359598815441132,0.7437686920166016,0.48394519090652466
YLR175W,YDR047W,1,-0.054812104,0.13375112414360046,0.7447656989097595,0.48394519090652466
YNL128W,YOL056W,0,-0.054896683,0.13372717797756195,0.7447656989097595,0.48404520750045776
YNL151C,YML087C,0,-0.05616261,0.13370324671268463,0.7447656989097595,0.48414525389671326
YDR236C,YEL065W,0,-0.05617757,0.1336793154478073,0.7447656989097595,0.48424527049064636
YOR076C,YGR188C,0,-0.056267098,0.1336553990840912,0.7447656989097595,0.48434531688690186
YGL120C,YDL192W,0,-0.056352764,0.13363148272037506,0.7447656989097595,0.48444533348083496
YLR371W,YOL007C,0,-0.056712225,0.13360758125782013,0.7447656989097595,0.48454535007476807
YBL075C,YBR122C,0,-0.056736536,0.1335836946964264,0.7447656989097595,0.48464539647102356
YBR033W,YPR168W,0,-0.056793943,0.13355980813503265,0.7447656989097595,0.48474541306495667
YGR086C,YLR441C,0,-0.056992143,0.1335359364748001,0.7447656989097595,0.48484545946121216
YMR316W,YNL306W,0,-0.057037383,0.13351206481456757,0.7447656989097595,0.48494547605514526
YDL190C,YDR086C,0,-0.05720544,0.13348820805549622,0.7447656989097595,0.48504552245140076
YMR290C,YCL031C,0,-0.057302818,0.13346435129642487,0.7447656989097595,0.48514553904533386
YAL043C,YOL019W,0,-0.057344675,0.1334405094385147,0.7447656989097595,0.48524558544158936
YMR088C,YDR390C,0,-0.057423756,0.13341668248176575,0.7447656989097595,0.48534560203552246
YGL229C,YER180C,0,-0.057824805,0.13339285552501678,0.7447656989097595,0.48544564843177795
YPR070W,YER020W,0,-0.057841748,0.13336904346942902,0.7447656989097595,0.48554566502571106
YIL090W,YBR164C,0,-0.057979777,0.13334523141384125,0.7447656989097595,0.48564568161964417
YBR123C,YDR238C,0,-0.058010772,0.13332143425941467,0.7447656989097595,0.48574572801589966
YGR295C,YMR017W,0,-0.05812967,0.1332976371049881,0.7447656989097595,0.48584574460983276
YMR235C,YMR297W,0,-0.0581664,0.1332738697528839,0.7447656989097595,0.48594579100608826
YDL019C,YDR116C,0,-0.05833678,0.13325008749961853,0.7447656989097595,0.48604580760002136
YNR033W,YDR538W,1,-0.05877541,0.1334046721458435,0.7457627058029175,0.48604580760002136
YIL027C,YMR188C,0,-0.05887741,0.13338088989257812,0.7457627058029175,0.48614585399627686
YMR198W,YMR017W,0,-0.059241697,0.13335710763931274,0.7457627058029175,0.48624587059020996
YBL088C,YHR099W,0,-0.05926937,0.13333334028720856,0.7457627058029175,0.48634591698646545
YJR010C-A,YCR004C,0,-0.05971083,0.13330957293510437,0.7457627058029175,0.48644593358039856
YLR427W,YOR228C,0,-0.059922397,0.13328582048416138,0.7457627058029175,0.48654595017433167
YDL075W,YLR306W,0,-0.060702145,0.13326206803321838,0.7457627058029175,0.48664599657058716
YMR122W-A,YAL062W,0,-0.06076452,0.13323833048343658,0.7457627058029175,0.48674601316452026
YPL271W,YDR166C,0,-0.060978815,0.13321460783481598,0.7457627058029175,0.48684605956077576
YNR008W,YOR063W,0,-0.06138979,0.13319088518619537,0.7457627058029175,0.48694607615470886
YDR380W,YJR135W-A,0,-0.061428778,0.13316717743873596,0.7457627058029175,0.48704612255096436
YLR238W,YLR403W,0,-0.061944053,0.13314346969127655,0.7457627058029175,0.48714613914489746
YIR012W,YML104C,0,-0.062013954,0.13311977684497833,0.7457627058029175,0.48724618554115295
YER099C,YDR169C,0,-0.062134027,0.13309608399868011,0.7457627058029175,0.48734620213508606
YOR124C,YER140W,0,-0.062213168,0.1330724060535431,0.7457627058029175,0.48744624853134155
YPR054W,YNL289W,0,-0.06233135,0.13304874300956726,0.7457627058029175,0.48754626512527466
YNL218W,YLR356W,0,-0.062437654,0.13302507996559143,0.7457627058029175,0.48764628171920776
YBR012W-A,YOR131C,0,-0.062470585,0.1330014169216156,0.7457627058029175,0.48774632811546326
YNL039W,YOL030W,0,-0.06252603,0.13297778367996216,0.7457627058029175,0.48784634470939636
YKL100C,YPL214C,0,-0.06269719,0.13295413553714752,0.7457627058029175,0.48794639110565186
YER126C,YBR164C,0,-0.06279768,0.13293051719665527,0.7457627058029175,0.48804640769958496
YNL036W,YER086W,1,-0.06327788,0.13308458030223846,0.7467597126960754,0.48804640769958496
YBL088C,YOR067C,0,-0.06330102,0.13306093215942383,0.7467597126960754,0.48814645409584045
YER087C-A,YNL248C,0,-0.06339743,0.13303729891777039,0.7467597126960754,0.48824647068977356
YDL129W,YGR241C,0,-0.06343852,0.13301368057727814,0.7467597126960754,0.48834651708602905
YOR373W,YDR534C,0,-0.06349207,0.1329900622367859,0.7467597126960754,0.48844653367996216
YNR027W,YML106W,0,-0.063627005,0.13296644389629364,0.7467597126960754,0.48854655027389526
YHR031C,YOR290C,0,-0.0640264,0.13294284045696259,0.7467597126960754,0.48864659667015076
YJL033W,YLR090W,0,-0.06418906,0.13291925191879272,0.7467597126960754,0.48874661326408386
YKR062W,YAL058W,0,-0.064257,0.13289566338062286,0.7467597126960754,0.48884665966033936
YPR168W,YGR286C,0,-0.06431247,0.1328720897436142,0.7467597126960754,0.48894667625427246
YDR239C,YLR176C,0,-0.06475292,0.13284853100776672,0.7467597126960754,0.48904672265052795
YBR264C,YGL123W,0,-0.06545126,0.13282497227191925,0.7467597126960754,0.48914673924446106
YBR291C,YDL060W,0,-0.0655659,0.13280141353607178,0.7467597126960754,0.48924678564071655
YJL153C,YDR402C,0,-0.06635244,0.1327778697013855,0.7467597126960754,0.48934680223464966
YIL004C,YDL204W,0,-0.06637652,0.1327543407678604,0.7467597126960754,0.48944684863090515
YPL226W,YDR418W,0,-0.06651695,0.13273081183433533,0.7467597126960754,0.48954686522483826
YKR072C,YOR393W,1,-0.06672201,0.13288447260856628,0.7477567195892334,0.48954686522483826
YDL075W,YNL128W,0,-0.06702007,0.1328609436750412,0.7477567195892334,0.48964688181877136
YLR106C,YIL009C-A,0,-0.06707553,0.13283739984035492,0.7477567195892334,0.48974692821502686
YNL159C,YGR009C,0,-0.067148775,0.13281388580799103,0.7477567195892334,0.48984694480895996
YGL191W,YLR127C,0,-0.06716831,0.13279037177562714,0.7477567195892334,0.48994699120521545
YLR142W,YNL306W,0,-0.06726395,0.13276685774326324,0.7477567195892334,0.49004700779914856
YGL232W,YGL161C,0,-0.06785546,0.13274335861206055,0.7477567195892334,0.49014705419540405
YGR188C,YGL095C,0,-0.06862779,0.13271987438201904,0.7477567195892334,0.49024707078933716
YLR450W,YKL028W,0,-0.068845466,0.13269639015197754,0.7477567195892334,0.49034711718559265
YPR108W,YHR099W,0,-0.06899087,0.13267292082309723,0.7477567195892334,0.49044713377952576
YFR041C,YER161C,0,-0.069011316,0.13264945149421692,0.7477567195892334,0.49054715037345886
YER068W,YJL062W-A,0,-0.06943344,0.1326259970664978,0.7477567195892334,0.49064719676971436
YOR381W,YGR001C,0,-0.07056247,0.1326025426387787,0.7477567195892334,0.49074721336364746
YOL065C,YLR237W,0,-0.07056248,0.13257910311222076,0.7477567195892334,0.49084725975990295
YBR240C,YIL138C,0,-0.07081958,0.13255567848682404,0.7477567195892334,0.49094727635383606
YKL004W,YIL078W,0,-0.07088931,0.1325322538614273,0.7477567195892334,0.49104732275009155
YFR008W,YIL126W,0,-0.070963345,0.13250882923603058,0.7477567195892334,0.49114733934402466
YDL051W,YLR010C,0,-0.071147546,0.13248541951179504,0.7477567195892334,0.49124738574028015
YGL040C,YKR009C,1,-0.07132353,0.13263864815235138,0.7487537264823914,0.49124738574028015
YLR154C,YIR037W,0,-0.071425885,0.13261522352695465,0.7487537264823914,0.49134740233421326
YCL055W,YPR036W,0,-0.0714511,0.13259181380271912,0.7487537264823914,0.49144744873046875
YMR289W,YNL036W,1,-0.07151497,0.1327449232339859,0.7497507333755493,0.49144744873046875
YKL088W,YHR018C,1,-0.071968704,0.1328979879617691,0.7507477402687073,0.49144744873046875
YDL229W,YJR135W-A,0,-0.07242273,0.13287453353405,0.7507477402687073,0.49154746532440186
YKL218C,YDR313C,0,-0.07303341,0.13285109400749207,0.7507477402687073,0.49164748191833496
YIL078W,YDR420W,0,-0.073139265,0.13282765448093414,0.7507477402687073,0.49174752831459045
YMR287C,YHR171W,0,-0.07346971,0.13280422985553741,0.7507477402687073,0.49184754490852356
YOR389W,YDL130W-A,0,-0.073632225,0.13278082013130188,0.7507477402687073,0.49194759130477905
YJR110W,YDR501W,0,-0.07370946,0.13275741040706635,0.7507477402687073,0.49204760789871216
YMR235C,YPL144W,0,-0.074117206,0.1327340006828308,0.7507477402687073,0.49214765429496765
YOR167C,YHL040C,0,-0.07426101,0.13271060585975647,0.7507477402687073,0.49224767088890076
YER061C,YDR363W-A,0,-0.07429986,0.13268722593784332,0.7507477402687073,0.49234771728515625
YNL166C,YBR164C,0,-0.07465886,0.13266384601593018,0.7507477402687073,0.49244773387908936
YDL101C,YKR058W,0,-0.07493447,0.13264048099517822,0.7507477402687073,0.49254775047302246
YMR100W,YOR389W,0,-0.07509893,0.13261711597442627,0.7507477402687073,0.49264779686927795
YJL062W-A,YFR008W,0,-0.075651765,0.1325937658548355,0.7507477402687073,0.49274781346321106
YIR006C,YOL125W,0,-0.07584329,0.13257041573524475,0.7507477402687073,0.49284785985946655
YDL195W,YGR135W,0,-0.076060355,0.13254708051681519,0.7507477402687073,0.49294787645339966
YAL053W,YPL022W,0,-0.076294586,0.13252376019954681,0.7507477402687073,0.49304792284965515
YJR025C,YLL022C,0,-0.07682921,0.13250043988227844,0.7507477402687073,0.49314793944358826
YBR291C,YMR223W,0,-0.07683227,0.13247713446617126,0.7507477402687073,0.49324798583984375
YNR027W,YPL028W,0,-0.07694173,0.1324538290500641,0.7507477402687073,0.49334800243377686
YNL310C,YLR467W,0,-0.07736732,0.1324305385351181,0.7507477402687073,0.49344804883003235
YKL034W,YDR483W,0,-0.07775569,0.13240724802017212,0.7507477402687073,0.49354806542396545
YPL051W,YPL026C,0,-0.07849645,0.13238397240638733,0.7507477402687073,0.49364808201789856
YJL062W-A,YPR016C,0,-0.07855728,0.13236069679260254,0.7507477402687073,0.49374812841415405
YJL062W-A,YGL229C,0,-0.07862388,0.13233743607997894,0.7507477402687073,0.49384814500808716
YGL120C,YAL034W-A,0,-0.078758866,0.13231417536735535,0.7507477402687073,0.49394819140434265
YJR098C,YDL200C,0,-0.07890843,0.13229092955589294,0.7507477402687073,0.49404820799827576
YJL143W,YPL186C,0,-0.07918497,0.13226769864559174,0.7507477402687073,0.49414825439453125
YCL063W,YIR015W,0,-0.079756394,0.13224446773529053,0.7507477402687073,0.49424827098846436
YBL017C,YCR081W,0,-0.079935044,0.1322212517261505,0.7507477402687073,0.49434831738471985
YFL002W-A,YDR387C,0,-0.08013551,0.1321980357170105,0.7507477402687073,0.49444833397865295
YDR056C,YMR184W,0,-0.08089839,0.13217483460903168,0.7507477402687073,0.49454835057258606
YEL054C,YNL135C,0,-0.080922306,0.13215163350105286,0.7507477402687073,0.49464839696884155
YBL106C,YJL148W,0,-0.081066914,0.13212844729423523,0.7507477402687073,0.49474841356277466
YJL143W,YER164W,0,-0.08123498,0.1321052610874176,0.7507477402687073,0.49484845995903015
YOR175C,YOR039W,0,-0.081295535,0.13208208978176117,0.7507477402687073,0.49494847655296326
YJL048C,YML081C-A,0,-0.08135084,0.13205893337726593,0.7507477402687073,0.49504852294921875
YLR283W,YMR036C,0,-0.08153848,0.1320357769727707,0.7507477402687073,0.49514853954315186
YKR097W,YDL036C,1,-0.08181901,0.13218793272972107,0.7517447471618652,0.49514853954315186
YGR062C,YCL066W,0,-0.08184853,0.13216476142406464,0.7517447471618652,0.49524858593940735
YKR094C,YDR393W,0,-0.08190556,0.1321416050195694,0.7517447471618652,0.49534860253334045
YHL008C,YPR098C,0,-0.08216882,0.13211844861507416,0.7517447471618652,0.49544864892959595
YNR045W,YGR156W,0,-0.08246873,0.1320953071117401,0.7517447471618652,0.49554866552352905
YPR118W,YGR218W,0,-0.08298263,0.13207216560840607,0.7517447471618652,0.49564868211746216
YML015C,YDL109C,0,-0.0830162,0.13204903900623322,0.7517447471618652,0.49574872851371765
YHR101C,YHR099W,0,-0.08306204,0.13202591240406036,0.7517447471618652,0.49584874510765076
YFR005C,YMR022W,0,-0.083251774,0.1320028007030487,0.7517447471618652,0.49594879150390625
YGR170W,YDR047W,1,-0.08333337,0.13215473294258118,0.7527417540550232,0.49594879150390625
YHL019C,YIL155C,0,-0.083790526,0.13213160634040833,0.7527417540550232,0.49604880809783936
YLR373C,YDR322W,0,-0.084272474,0.13210847973823547,0.7527417540550232,0.49614885449409485
YIL109C,YBL088C,0,-0.08505079,0.13208536803722382,0.7527417540550232,0.49624887108802795
YGL135W,YER061C,0,-0.08553974,0.13206227123737335,0.7527417540550232,0.49634891748428345
YPL143W,YGR191W,0,-0.08555026,0.1320391744375229,0.7527417540550232,0.49644893407821655
YOL031C,YAL035W,0,-0.08575535,0.13201609253883362,0.7527417540550232,0.49654895067214966
YMR307W,YDL008W,0,-0.0860115,0.13199301064014435,0.7527417540550232,0.49664899706840515
YBL075C,YKR062W,0,-0.086156115,0.13196992874145508,0.7527417540550232,0.49674901366233826
YKR038C,YGR241C,0,-0.08653043,0.1319468766450882,0.7527417540550232,0.49684906005859375
YDL137W,YGL155W,0,-0.086848214,0.13192380964756012,0.7527417540550232,0.49694907665252686
YML116W,YHL047C,0,-0.08703022,0.13190077245235443,0.7527417540550232,0.49704912304878235
YER089C,YLR176C,0,-0.08750056,0.13187773525714874,0.7527417540550232,0.49714913964271545
YLR098C,YDL190C,0,-0.087614,0.13185469806194305,0.7527417540550232,0.49724918603897095
YLL009C,YHR028C,0,-0.08795547,0.13183167576789856,0.7527417540550232,0.49734920263290405
YMR163C,YBR040W,0,-0.088231765,0.13180865347385406,0.7527417540550232,0.49744924902915955
YJL005W,YEL021W,1,-0.08839865,0.1319601982831955,0.7537387609481812,0.49744924902915955
YER133W,YDR376W,0,-0.08894998,0.131937175989151,0.7537387609481812,0.49754926562309265
YLR127C,YGL084C,0,-0.08902326,0.1319141536951065,0.7537387609481812,0.49764928221702576
YML129C,YDR362C,0,-0.08923116,0.131891131401062,0.7537387609481812,0.49774932861328125
YAL013W,YDR130C,0,-0.08941212,0.1318681389093399,0.7537387609481812,0.49784934520721436
YGL141W,YJL148W,0,-0.089485675,0.1318451315164566,0.7537387609481812,0.49794939160346985
YGR223C,YKL143W,0,-0.08973199,0.1318221390247345,0.7537387609481812,0.49804940819740295
YMR298W,YDL190C,0,-0.08977991,0.13179916143417358,0.7537387609481812,0.49814945459365845
YLR418C,YHR070W,0,-0.089841604,0.13177618384361267,0.7537387609481812,0.49824947118759155
YKL156W,YGR063C,0,-0.089961156,0.13175322115421295,0.7537387609481812,0.49834951758384705
YOR116C,YPL174C,0,-0.090026036,0.13173027336597443,0.7537387609481812,0.49844953417778015
YJL164C,YGL059W,0,-0.0904224,0.1317073106765747,0.7537387609481812,0.49854955077171326
YCR098C,YIL171W,0,-0.09052186,0.13168437778949738,0.7537387609481812,0.49864959716796875
YLR158C,YBL082C,0,-0.090731636,0.13166144490242004,0.7537387609481812,0.49874961376190186
YHR171W,YER020W,0,-0.09094927,0.1316385120153427,0.7537387609481812,0.49884966015815735
YDR050C,YOR014W,0,-0.09098545,0.13161559402942657,0.7537387609481812,0.49894967675209045
YPL174C,YMR022W,0,-0.091342494,0.13159269094467163,0.7537387609481812,0.49904972314834595
YDR511W,YER089C,0,-0.091365084,0.1315697878599167,0.7537387609481812,0.49914973974227905
YMR223W,YDR330W,0,-0.09153591,0.13154689967632294,0.7537387609481812,0.49924978613853455
YGR295C,YKL017C,0,-0.0917113,0.1315240114927292,0.7537387609481812,0.49934980273246765
YLR165C,YMR250W,1,-0.092025936,0.13167507946491241,0.7547357678413391,0.49934980273246765
YFR041C,YPR073C,0,-0.09239405,0.13165217638015747,0.7547357678413391,0.49944984912872314
YMR306W,YOR244W,0,-0.09253809,0.13162928819656372,0.7547357678413391,0.49954986572265625
YGR029W,YLR176C,0,-0.092545554,0.13160640001296997,0.7547357678413391,0.49964988231658936
YOL138C,YMR043W,0,-0.0926411,0.13158352673053741,0.7547357678413391,0.49974992871284485
YPL031C,YPL038W,0,-0.092792094,0.13156065344810486,0.7547357678413391,0.49984994530677795
YLR109W,YPL174C,0,-0.09285827,0.1315377950668335,0.7547357678413391,0.49994999170303345
YGR009C,YML048W,0,-0.09292662,0.13151493668556213,0.7547357678413391,0.5000500082969666
YNR011C,YPR096C,0,-0.09310512,0.13149209320545197,0.7547357678413391,0.5001500248908997
YOR116C,YOR070C,0,-0.093145624,0.131469264626503,0.7547357678413391,0.5002501010894775
YGL211W,YDR320C,0,-0.093340114,0.13144643604755402,0.7547357678413391,0.5003501176834106
YDR224C,YHR064C,0,-0.0935369,0.13142360746860504,0.7547357678413391,0.5004501342773438
YPR028W,YPR047W,0,-0.09414226,0.13140079379081726,0.7547357678413391,0.5005501508712769
YGR047C,YOR201C,0,-0.09415556,0.13137799501419067,0.7547357678413391,0.50065016746521
YAL039C,YKL218C,1,-0.09443058,0.13152872025966644,0.7557327747344971,0.50065016746521
YHR086W,YOL149W,0,-0.094488665,0.13150589168071747,0.7557327747344971,0.5007502436637878
YMR290C,YMR223W,0,-0.094559,0.13148309290409088,0.7557327747344971,0.500850260257721
YOR047C,YJL097W,0,-0.09464422,0.1314602792263031,0.7557327747344971,0.500950276851654
YGR035C,YML088W,0,-0.095013246,0.1314374953508377,0.7557327747344971,0.5010502934455872
YNL280C,YLR032W,0,-0.09503534,0.13141469657421112,0.7557327747344971,0.501150369644165
YEL065W,YMR224C,0,-0.09520303,0.13139192759990692,0.7557327747344971,0.5012503862380981
YBL017C,YLR172C,0,-0.0952407,0.13136914372444153,0.7557327747344971,0.5013504028320312
YMR289W,YKL184W,1,-0.09542778,0.13151966035366058,0.756729781627655,0.5013504028320312
YNL146W,YAR018C,0,-0.09575709,0.1314968764781952,0.756729781627655,0.5014504194259644
YDR312W,YOR092W,0,-0.09593918,0.131474107503891,0.756729781627655,0.5015504360198975
YKL089W,YIL171W,0,-0.095993616,0.1314513385295868,0.756729781627655,0.5016505122184753
YIL078W,YFL037W,0,-0.096274406,0.1314285695552826,0.756729781627655,0.5017505288124084
YJR009C,YML060W,0,-0.096584454,0.1314058154821396,0.756729781627655,0.5018505454063416
YPL038W,YDR169C,0,-0.0966006,0.13138307631015778,0.756729781627655,0.5019505620002747
YMR166C,YLR467W,0,-0.09662996,0.13136033713817596,0.756729781627655,0.5020506381988525
YKR097W,YNL115C,0,-0.09667744,0.13133759796619415,0.756729781627655,0.5021506547927856
YHL040C,YLR010C,0,-0.096762665,0.13131487369537354,0.756729781627655,0.5022506713867188
YPR063C,YML015C,0,-0.0970905,0.1312921643257141,0.756729781627655,0.5023506879806519
YPR118W,YOL103W,0,-0.09744994,0.1312694549560547,0.756729781627655,0.5024507641792297
YOR257W,YKR050W,0,-0.09760444,0.13124676048755646,0.756729781627655,0.5025507807731628
YLR373C,YNL242W,0,-0.097851455,0.13122406601905823,0.756729781627655,0.502650797367096
YHL047C,YJR060W,0,-0.098226085,0.1312013864517212,0.756729781627655,0.502750813961029
YBR240C,YLR045C,0,-0.09912881,0.13117870688438416,0.756729781627655,0.5028508305549622
YDR128W,YPR054W,0,-0.099232994,0.1311560422182083,0.756729781627655,0.50295090675354
YJR075W,YBL074C,0,-0.09930773,0.13113337755203247,0.756729781627655,0.5030509233474731
YMR142C,YGR123C,0,-0.09942691,0.13111072778701782,0.756729781627655,0.5031509399414062
YMR306W,YCL061C,0,-0.09944938,0.13108807802200317,0.756729781627655,0.5032509565353394
YFR006W,YMR023C,0,-0.099512145,0.13106544315814972,0.756729781627655,0.5033510327339172
YKL218C,YJR155W,0,-0.09961034,0.13104282319545746,0.756729781627655,0.5034510493278503
YER025W,YER153C,0,-0.09987938,0.1310202032327652,0.756729781627655,0.5035510659217834
YBL075C,YEL021W,0,-0.0999667,0.13099758327007294,0.756729781627655,0.5036510825157166
YAL039C,YEL020C,1,-0.099983975,0.13114753365516663,0.7577268481254578,0.5036510825157166
YDR033W,YBR289W,0,-0.10006543,0.13112491369247437,0.7577268481254578,0.5037510991096497
YEL020C,YJL200C,1,-0.10036521,0.13127480447292328,0.7587238550186157,0.5037510991096497
YAL039C,YNL335W,1,-0.100435585,0.13142463564872742,0.7597208619117737,0.5037510991096497
YMR043W,YJR065C,0,-0.10046187,0.13140197098255157,0.7597208619117737,0.5038511753082275
YDR533C,YHR172W,0,-0.10059224,0.13137930631637573,0.7597208619117737,0.5039511919021606
YPR184W,YHR011W,0,-0.10062352,0.13135665655136108,0.7597208619117737,0.5040512084960938
YDL210W,YAL010C,0,-0.10069387,0.13133402168750763,0.7597208619117737,0.5041512250900269
YKL195W,YGL106W,0,-0.10099183,0.13131138682365417,0.7597208619117737,0.5042513012886047
YBR237W,YIL072W,0,-0.101069055,0.13128876686096191,0.7597208619117737,0.5043513178825378
YBR012W-B,YOR044W,0,-0.10122605,0.13126614689826965,0.7597208619117737,0.504451334476471
YDR329C,YOL030W,0,-0.101239905,0.1312435418367386,0.7597208619117737,0.504551351070404
YBR012W-B,YOR211C,0,-0.101241365,0.13122093677520752,0.7597208619117737,0.5046513676643372
YER088C,YGL141W,0,-0.10130863,0.13119834661483765,0.7597208619117737,0.504751443862915
YDL060W,YJR059W,0,-0.101440504,0.13117575645446777,0.7597208619117737,0.5048514604568481
YDR011W,YPR168W,0,-0.10164319,0.1311531811952591,0.7597208619117737,0.5049514770507812
YHL016C,YHR011W,0,-0.10165381,0.1311306208372116,0.7597208619117737,0.5050514936447144
YMR264W,YNL012W,0,-0.10186712,0.13110804557800293,0.7597208619117737,0.5051515698432922
YOR278W,YKL182W,1,-0.102099806,0.13125751912593842,0.7607178688049316,0.5051515698432922
YIL111W,YPL155C,0,-0.10220395,0.13123494386672974,0.7607178688049316,0.5052515864372253
YJL158C,YDR334W,0,-0.10268158,0.13121238350868225,0.7607178688049316,0.5053516030311584
YIL009C-A,YGR194C,0,-0.10275562,0.13118982315063477,0.7607178688049316,0.5054516196250916
YLL001W,YOR043W,0,-0.102764904,0.13116726279258728,0.7607178688049316,0.5055516362190247
YER174C,YPL153C,0,-0.10311949,0.131144717335701,0.7607178688049316,0.5056517124176025
YMR042W,YHR086W,0,-0.104117915,0.1311221867799759,0.7607178688049316,0.5057517290115356
YOR128C,YOR176W,1,-0.10420632,0.13127148151397705,0.7617148756980896,0.5057517290115356
YJR013W,YBL061C,0,-0.1043036,0.13124892115592957,0.7617148756980896,0.5058517456054688
YDR265W,YHR086W,0,-0.10433451,0.13122637569904327,0.7617148756980896,0.5059517621994019
YPL159C,YPR073C,0,-0.10439457,0.13120384514331818,0.7617148756980896,0.5060518383979797
YGL136C,YOL018C,0,-0.104558006,0.13118131458759308,0.7617148756980896,0.5061518549919128
YDR334W,YKL143W,0,-0.10479145,0.13115879893302917,0.7617148756980896,0.506251871585846
YNR020C,YDL185W,0,-0.10503423,0.13113628327846527,0.7617148756980896,0.506351888179779
YER025W,YLR010C,0,-0.105066076,0.13111378252506256,0.7617148756980896,0.5064519643783569
YHL018W,YGL148W,1,-0.105496705,0.131262868642807,0.7627118825912476,0.5064519643783569
YKR090W,YLR100W,0,-0.10585709,0.1312403529882431,0.7627118825912476,0.50655198097229
YPR178W,YIL112W,0,-0.10585992,0.1312178373336792,0.7627118825912476,0.5066519975662231
YGR274C,YMR012W,0,-0.10599227,0.1311953365802765,0.7627118825912476,0.5067520141601562
YGL205W,YBR289W,0,-0.10610001,0.13117283582687378,0.7627118825912476,0.5068520307540894
YBR050C,YNL162W,0,-0.10647248,0.13115034997463226,0.7627118825912476,0.5069521069526672
YPL172C,YKL212W,0,-0.107155345,0.13112786412239075,0.7627118825912476,0.5070521235466003
YOR201C,YGR009C,0,-0.107318826,0.13110539317131042,0.7627118825912476,0.5071521401405334
YMR188C,YCR094W,0,-0.107520774,0.1310829371213913,0.7627118825912476,0.5072521567344666
YML074C,YOR044W,0,-0.10755296,0.13106048107147217,0.7627118825912476,0.5073522329330444
YGL227W,YAL003W,0,-0.107734084,0.13103802502155304,0.7627118825912476,0.5074522495269775
YOL030W,YJR089W,0,-0.107975796,0.1310155838727951,0.7627118825912476,0.5075522661209106
YDR117C,YOR150W,0,-0.10818563,0.13099315762519836,0.7627118825912476,0.5076522827148438
YGL026C,YGL148W,1,-0.10846311,0.13114193081855774,0.7637088894844055,0.5076522827148438
YGL251C,YOR150W,0,-0.10848233,0.1311194747686386,0.7637088894844055,0.5077522993087769
YGR009C,YJR065C,0,-0.10874558,0.13109703361988068,0.7637088894844055,0.5078523755073547
YNL301C,YJL041W,0,-0.10902564,0.13107460737228394,0.7637088894844055,0.5079523921012878
YGL178W,YDL110C,0,-0.10906631,0.1310521811246872,0.7637088894844055,0.508052408695221
YDL069C,YIR006C,0,-0.10932006,0.13102976977825165,0.7637088894844055,0.508152425289154
YNL310C,YPL095C,0,-0.10948856,0.1310073584318161,0.7637088894844055,0.5082525014877319
YDR363W-A,YOR131C,0,-0.10963355,0.13098494708538055,0.7637088894844055,0.508352518081665
YJR015W,YBL010C,0,-0.109747335,0.1309625506401062,0.7637088894844055,0.5084525346755981
YNL330C,YFR041C,0,-0.11018556,0.13094016909599304,0.7637088894844055,0.5085525512695312
YGL120C,YHL019C,0,-0.11021595,0.13091778755187988,0.7637088894844055,0.5086525678634644
YAL003W,YNR007C,0,-0.11056484,0.13089542090892792,0.7637088894844055,0.5087526440620422
YLR214W,YBR097W,0,-0.110773996,0.13087305426597595,0.7637088894844055,0.5088526606559753
YOL152W,YPR178W,0,-0.110879704,0.13085070252418518,0.7637088894844055,0.5089526772499084
YNL293W,YER007W,0,-0.11097966,0.1308283507823944,0.7637088894844055,0.5090526938438416
YOL138C,YDL008W,0,-0.111147955,0.13080601394176483,0.7637088894844055,0.5091527700424194
YDR465C,YPL155C,0,-0.11138459,0.13078367710113525,0.7637088894844055,0.5092527866363525
YER070W,YLR154C,0,-0.111561224,0.13076135516166687,0.7637088894844055,0.5093528032302856
YER126C,YER106W,0,-0.11177174,0.1307390332221985,0.7637088894844055,0.5094528198242188
YDR013W,YGR076C,0,-0.11228527,0.1307167261838913,0.7637088894844055,0.5095528364181519
YGL251C,YDL008W,0,-0.11242588,0.1306944191455841,0.7637088894844055,0.5096529126167297
YIR037W,YGL084C,0,-0.11253223,0.1306721270084381,0.7637088894844055,0.5097529292106628
YBR207W,YGR218W,0,-0.11258173,0.13064983487129211,0.7637088894844055,0.509852945804596
YKR009C,YIL167W,1,-0.11277038,0.1307980865240097,0.7647058963775635,0.509852945804596
YMR100W,YPR032W,0,-0.112870425,0.1307757943868637,0.7647058963775635,0.509952962398529
YJL048C,YPL269W,0,-0.11289847,0.13075348734855652,0.7647058963775635,0.5100530385971069
YMR264W,YDR334W,0,-0.11325948,0.13073121011257172,0.7647058963775635,0.51015305519104
YFL041W,YHR036W,0,-0.113288134,0.13070893287658691,0.7647058963775635,0.5102530717849731
YLR439W,YFL002W-A,0,-0.113683775,0.1306866556406021,0.7647058963775635,0.5103530883789062
YJR104C,YBL021C,0,-0.114015974,0.1306643933057785,0.7647058963775635,0.5104531645774841
YNL128W,YHR147C,0,-0.11432867,0.1306421458721161,0.7647058963775635,0.5105531811714172
YER045C,YOR217W,0,-0.11459576,0.13061989843845367,0.7647058963775635,0.5106531977653503
YDL099W,YBR040W,0,-0.11469186,0.13059765100479126,0.7647058963775635,0.5107532143592834
YGL249W,YGR188C,0,-0.11475228,0.13057541847229004,0.7647058963775635,0.5108532309532166
YDR533C,YOR257W,0,-0.11494212,0.13055318593978882,0.7647058963775635,0.5109533071517944
YLR134W,YHR174W,1,-0.11497506,0.13070115447044373,0.7657029032707214,0.5109533071517944
YLR044C,YDL080C,1,-0.115049206,0.13084907829761505,0.7666999101638794,0.5109533071517944
YLR188W,YBL060W,0,-0.11522325,0.13082681596279144,0.7666999101638794,0.5110533237457275
YOR039W,YGR162W,0,-0.11523156,0.13080455362796783,0.7666999101638794,0.5111533403396606
YPL226W,YPL143W,0,-0.115281805,0.13078230619430542,0.7666999101638794,0.5112533569335938
YPL091W,YNL191W,0,-0.11530943,0.1307600736618042,0.7666999101638794,0.5113534331321716
YLR433C,YCL057C-A,0,-0.115539454,0.13073784112930298,0.7666999101638794,0.5114534497261047
YHR206W,YMR257C,0,-0.115714766,0.13071562349796295,0.7666999101638794,0.5115534663200378
YDR121W,YPR054W,0,-0.11575815,0.13069340586662292,0.7666999101638794,0.511653482913971
YML094W,YAL023C,0,-0.115944326,0.1306712031364441,0.7666999101638794,0.511753499507904
YKL004W,YJL062W-A,0,-0.11609484,0.13064900040626526,0.7666999101638794,0.5118535757064819
YDR139C,YOL117W,0,-0.11617945,0.13062679767608643,0.7666999101638794,0.511953592300415
YLR414C,YGR054W,0,-0.11644076,0.13060462474822998,0.7666999101638794,0.5120536088943481
YHR140W,YDL144C,0,-0.116512805,0.13058243691921234,0.7666999101638794,0.5121536254882812
YGL222C,YDR088C,0,-0.1167234,0.1305602788925171,0.7666999101638794,0.5122537016868591
YDR532C,YGR035C,0,-0.11707,0.13053810596466064,0.7666999101638794,0.5123537182807922
YLR459W,YLR430W,0,-0.1171955,0.1305159479379654,0.7666999101638794,0.5124537348747253
YOR167C,YDR046C,0,-0.11725475,0.13049380481243134,0.7666999101638794,0.5125537514686584
YGL184C,YNR033W,1,-0.11794034,0.13064132630825043,0.7676969170570374,0.5125537514686584
YFL041W,YCL057C-A,0,-0.11801129,0.13061916828155518,0.7676969170570374,0.5126537680625916
YIL090W,YFR008W,0,-0.11816625,0.13059701025485992,0.7676969170570374,0.5127538442611694
YDR170W-A,YDR483W,0,-0.11857863,0.13057486712932587,0.7676969170570374,0.5128538608551025
YJR016C,YGL003C,0,-0.11883544,0.1305527240037918,0.7676969170570374,0.5129538774490356
YJL062W-A,YBL010C,0,-0.11885258,0.13053059577941895,0.7676969170570374,0.5130538940429688
YDR316W-A,YER153C,0,-0.11918788,0.13050846755504608,0.7676969170570374,0.5131539702415466
YER120W,YLR318W,0,-0.11952524,0.1304863542318344,0.7676969170570374,0.5132539868354797
YOR265W,YNR050C,0,-0.11955114,0.13046425580978394,0.7676969170570374,0.5133540034294128
YLR414C,YMR026C,0,-0.12004217,0.13044214248657227,0.7676969170570374,0.513454020023346
YHR028C,YOR346W,0,-0.12011935,0.13042005896568298,0.7676969170570374,0.513554036617279
YDR055W,YGR001C,0,-0.120257325,0.1303979605436325,0.7676969170570374,0.5136541128158569
YDL033C,YNL129W,0,-0.12030031,0.13037589192390442,0.7676969170570374,0.51375412940979
YIR002C,YBR160W,0,-0.1207345,0.13035382330417633,0.7676969170570374,0.5138541460037231
YBR245C,YBL061C,0,-0.12088482,0.13033175468444824,0.7676969170570374,0.5139541625976562
YDL067C,YLR438C-A,0,-0.12099132,0.13030970096588135,0.7676969170570374,0.5140542387962341
YLR438C-A,YDR362C,0,-0.12111329,0.13028764724731445,0.7676969170570374,0.5141542553901672
YGR029W,YPR019W,0,-0.12114946,0.13026560842990875,0.7676969170570374,0.5142542719841003
YBR273C,YNL098C,0,-0.12125756,0.13024356961250305,0.7676969170570374,0.5143542885780334
YDR531W,YMR150C,0,-0.12158142,0.13022154569625854,0.7676969170570374,0.5144543647766113
YBR024W,YBR231C,0,-0.12160219,0.13019952178001404,0.7676969170570374,0.5145543813705444
YMR287C,YOL117W,0,-0.12181352,0.13017751276493073,0.7676969170570374,0.5146543979644775
YPL220W,YPL159C,0,-0.12207742,0.1301555037498474,0.7676969170570374,0.5147544145584106
YNR008W,YNL206C,0,-0.12240559,0.1301335096359253,0.7676969170570374,0.5148544311523438
YOR381W,YML037C,0,-0.12266372,0.13011153042316437,0.7676969170570374,0.5149545073509216
YMR098C,YDR447C,0,-0.12277271,0.13008953630924225,0.7676969170570374,0.5150545239448547
YBR022W,YDR120C,0,-0.12312569,0.13006757199764252,0.7676969170570374,0.5151545405387878
YER007W,YJR126C,0,-0.12329939,0.13004560768604279,0.7676969170570374,0.515254557132721
YMR142C,YPR184W,0,-0.12419072,0.13002364337444305,0.7676969170570374,0.5153546333312988
YFL041W,YBR297W,0,-0.124402784,0.13000169396400452,0.7676969170570374,0.5154546499252319
YER068W,YGR076C,0,-0.12478013,0.12997974455356598,0.7676969170570374,0.515554666519165
YFL039C,YOR150W,0,-0.12487428,0.12995781004428864,0.7676969170570374,0.5156546831130981
YER083C,YER070W,0,-0.12501848,0.1299358755350113,0.7676969170570374,0.5157546997070312
YER131W,YJL090C,0,-0.12523693,0.12991395592689514,0.7676969170570374,0.5158547759056091
YJR066W,YNL012W,0,-0.1252702,0.129892036318779,0.7676969170570374,0.5159547924995422
YGR106C,YLR276C,0,-0.12535413,0.12987013161182404,0.7676969170570374,0.5160548090934753
YOR181W,YDR390C,0,-0.12536229,0.12984822690486908,0.7676969170570374,0.5161548256874084
YBR123C,YOR224C,0,-0.12543543,0.12982633709907532,0.7676969170570374,0.5162549018859863
YML034W,YNL091W,0,-0.12576857,0.12980444729328156,0.7676969170570374,0.5163549184799194
YKR058W,YPL090C,0,-0.12580673,0.129782572388649,0.7676969170570374,0.5164549350738525
YPL194W,YGR075C,0,-0.12591538,0.12976069748401642,0.7676969170570374,0.5165549516677856
YOL052C,YDR127W,1,-0.12597027,0.12990732491016388,0.7686939239501953,0.5165549516677856
YGR263C,YDL231C,0,-0.12610821,0.1298854500055313,0.7686939239501953,0.5166549682617188
YJR126C,YLR186W,0,-0.12623216,0.12986356019973755,0.7686939239501953,0.5167550444602966
YHR160C,YBL055C,0,-0.12629612,0.12984170019626617,0.7686939239501953,0.5168550610542297
YML027W,YER020W,0,-0.12658921,0.1298198401927948,0.7686939239501953,0.5169550776481628
YJL062W-A,YPL085W,0,-0.12674835,0.12979798018932343,0.7686939239501953,0.517055094242096
YNL169C,YIL167W,1,-0.12678133,0.12994445860385895,0.7696909308433533,0.517055094242096
YDL080C,YNL306W,0,-0.1270932,0.12992258369922638,0.7696909308433533,0.5171551704406738
YNR061C,YLR176C,0,-0.12712397,0.129900723695755,0.7696909308433533,0.5172551870346069
YMR198W,YCR039C,0,-0.12729971,0.12987886369228363,0.7696909308433533,0.51735520362854
YLR343W,YER184C,0,-0.12746751,0.12985701858997345,0.7696909308433533,0.5174552202224731
YLR318W,YDR393W,0,-0.12788045,0.12983518838882446,0.7696909308433533,0.5175552368164062
YDR253C,YBL093C,0,-0.128088,0.12981335818767548,0.7696909308433533,0.5176553130149841
YML012W,YML070W,0,-0.12810434,0.1297915279865265,0.7696909308433533,0.5177553296089172
YDR033W,YNL191W,0,-0.12817444,0.1297697126865387,0.7696909308433533,0.5178553462028503
YBR082C,YAL062W,0,-0.12847967,0.1297478973865509,0.7696909308433533,0.5179553627967834
YEL050C,YKR097W,0,-0.12877262,0.1297260969877243,0.7696909308433533,0.5180554389953613
YNL291C,YLR276C,0,-0.12878947,0.1297042965888977,0.7696909308433533,0.5181554555892944
YPL017C,YDR402C,0,-0.12926614,0.1296825110912323,0.7696909308433533,0.5182554721832275
YDR044W,YNL244C,0,-0.12928426,0.1296607255935669,0.7696909308433533,0.5183554887771606
YNL316C,YML004C,1,-0.1299695,0.12980689108371735,0.7706879377365112,0.5183554887771606
YDL101C,YPL155C,0,-0.1300832,0.12978509068489075,0.7706879377365112,0.5184555649757385
YNL210W,YDR448W,0,-0.13104752,0.12976330518722534,0.7706879377365112,0.5185555815696716
YPL017C,YKL143W,0,-0.13120924,0.12974151968955994,0.7706879377365112,0.5186555981636047
YBL064C,YPR073C,0,-0.13122988,0.12971974909305573,0.7706879377365112,0.5187556147575378
YOR096W,YDL130W-A,0,-0.13179575,0.1296979933977127,0.7706879377365112,0.518855631351471
YMR094W,YPL174C,0,-0.13182834,0.1296762228012085,0.7706879377365112,0.5189557075500488
YPR166C,YNL101W,0,-0.13194953,0.12965448200702667,0.7706879377365112,0.5190557241439819
YGL035C,YMR208W,0,-0.13238482,0.12963274121284485,0.7706879377365112,0.519155740737915
YPR019W,YLR246W,0,-0.13274093,0.12961100041866302,0.7706879377365112,0.5192557573318481
YIL027C,YLR188W,0,-0.1328784,0.1295892745256424,0.7706879377365112,0.519355833530426
YDR177W,YNL096C,0,-0.13362284,0.12956754863262177,0.7706879377365112,0.5194558501243591
YBR058C-A,YDR047W,0,-0.13384901,0.12954583764076233,0.7706879377365112,0.5195558667182922
YMR233W,YJL062W,0,-0.13408804,0.1295241266489029,0.7706879377365112,0.5196558833122253
YHR021C,YAL035W,0,-0.13430329,0.12950243055820465,0.7706879377365112,0.5197558999061584
YBR082C,YOR228C,0,-0.13449158,0.1294807344675064,0.7706879377365112,0.5198559761047363
YJR097W,YCL027W,0,-0.13481891,0.12945905327796936,0.7706879377365112,0.5199559926986694
YDR533C,YAL043C,0,-0.13525204,0.1294373720884323,0.7706879377365112,0.5200560092926025
YBR022W,YMR223W,0,-0.1352777,0.12941570580005646,0.7706879377365112,0.5201560258865356
YDR013W,YNR007C,0,-0.13533022,0.1293940395116806,0.7706879377365112,0.5202561020851135
YDR270W,YNL098C,0,-0.13534996,0.12937238812446594,0.7706879377365112,0.5203561186790466
YNL046W,YMR292W,0,-0.13553418,0.12935073673725128,0.7706879377365112,0.5204561352729797
YOL105C,YDR421W,0,-0.13555333,0.12932910025119781,0.7706879377365112,0.5205561518669128
YFL002W-A,YGR218W,0,-0.13556856,0.12930746376514435,0.7706879377365112,0.520656168460846
YJR001W,YKL158W,0,-0.13583814,0.12928582727909088,0.7706879377365112,0.5207562446594238
YJR013W,YGR101W,0,-0.13587014,0.1292642205953598,0.7706879377365112,0.5208562612533569
YDR050C,YOR346W,0,-0.13679996,0.12924259901046753,0.7706879377365112,0.52095627784729
YEL020C,YDR234W,1,-0.13689236,0.12938816845417023,0.7716849446296692,0.52095627784729
YDR224C,YJR058C,0,-0.1369059,0.12936653196811676,0.7716849446296692,0.5210562944412231
YBR097W,YJR058C,0,-0.13696411,0.12934492528438568,0.7716849446296692,0.521156370639801
YKR072C,YOR054C,1,-0.13715084,0.12949039041996002,0.7726819515228271,0.521156370639801
YKL212W,YHR081W,0,-0.13738924,0.12946875393390656,0.7726819515228271,0.5212563872337341
YGL173C,YNR043W,0,-0.13771585,0.12944713234901428,0.7726819515228271,0.5213564038276672
YEL016C,YPR032W,0,-0.13825178,0.129425510764122,0.7726819515228271,0.5214564204216003
YHR206W,YLR433C,0,-0.13843095,0.12940390408039093,0.7726819515228271,0.5215564966201782
YMR080C,YPL089C,0,-0.13853543,0.12938229739665985,0.7726819515228271,0.5216565132141113
YJR058C,YBL074C,0,-0.13875005,0.12936070561408997,0.7726819515228271,0.5217565298080444
YJR145C,YBR055C,0,-0.13886212,0.12933911383152008,0.7726819515228271,0.5218565464019775
YMR188C,YER180C,0,-0.13887046,0.1293175369501114,0.7726819515228271,0.5219565629959106
YGL040C,YNL335W,1,-0.1389882,0.12946279346942902,0.7736789584159851,0.5219565629959106
YFL002W-A,YPR031W,0,-0.13927145,0.12944120168685913,0.7736789584159851,0.5220566391944885
YDL080C,YPL174C,0,-0.13952397,0.12941960990428925,0.7736789584159851,0.5221566557884216
YBR240C,YLR448W,0,-0.13997044,0.12939803302288055,0.7736789584159851,0.5222566723823547
YJR065C,YER030W,0,-0.1403824,0.12937645614147186,0.7736789584159851,0.5223566889762878
YER056C-A,YJL041W,0,-0.14050378,0.12935489416122437,0.7736789584159851,0.5224567651748657
YDL080C,YJL170C,0,-0.14071155,0.12933333218097687,0.7736789584159851,0.5225567817687988
YDR424C,YJL062W-A,0,-0.140769,0.12931178510189056,0.7736789584159851,0.5226567983627319
YJL041W,YLR430W,0,-0.14101706,0.12929023802280426,0.7736789584159851,0.522756814956665
YDR388W,YGL123W,0,-0.1410466,0.12926870584487915,0.7736789584159851,0.5228568315505981
YDR012W,YKR050W,0,-0.14127038,0.12924717366695404,0.7736789584159851,0.522956907749176
YGL196W,YJR130C,1,-0.14141814,0.12939217686653137,0.7746759653091431,0.522956907749176
YBR237W,YDR265W,0,-0.14145313,0.12937062978744507,0.7746759653091431,0.5230569243431091
YGR159C,YCL027W,0,-0.14164738,0.12934909760951996,0.7746759653091431,0.5231569409370422
YMR086W,YNL146W,0,-0.14190647,0.12932756543159485,0.7746759653091431,0.5232569575309753
YPL091W,YJR059W,0,-0.14201885,0.12930604815483093,0.7746759653091431,0.5233570337295532
YFL002W-A,YLR126C,0,-0.14211181,0.12928453087806702,0.7746759653091431,0.5234570503234863
YJL048C,YMR127C,0,-0.14245605,0.1292630136013031,0.7746759653091431,0.5235570669174194
YAL021C,YGL155W,0,-0.14267097,0.12924151122570038,0.7746759653091431,0.5236570835113525
YMR289W,YBR213W,1,-0.14276232,0.12938633561134338,0.775672972202301,0.5236570835113525
YDR170W-A,YHR136C,0,-0.1431362,0.12936481833457947,0.775672972202301,0.5237571001052856
YDR046C,YER056C-A,0,-0.14327767,0.12934330105781555,0.775672972202301,0.5238571763038635
YBR092C,YLR032W,0,-0.14352936,0.12932181358337402,0.775672972202301,0.5239571928977966
YDL033C,YHR086W,0,-0.1436546,0.1293003112077713,0.775672972202301,0.5240572094917297
YJL062W,YML063W,0,-0.14367557,0.12927882373332977,0.775672972202301,0.5241572260856628
YMR130W,YLR306W,0,-0.14389113,0.12925735116004944,0.775672972202301,0.5242573022842407
YBL060W,YLR010C,0,-0.14392506,0.1292358785867691,0.775672972202301,0.5243573188781738
YOL067C,YPL149W,0,-0.14405178,0.12921442091464996,0.775672972202301,0.5244573354721069
YNL086W,YMR022W,0,-0.14414541,0.12919296324253082,0.775672972202301,0.52455735206604
YLR134W,YPR186C,0,-0.14421873,0.12917150557041168,0.775672972202301,0.5246573686599731
YAL003W,YCL057C-A,0,-0.14425357,0.12915006279945374,0.775672972202301,0.524757444858551
YMR201C,YHR036W,0,-0.14457673,0.12912863492965698,0.775672972202301,0.5248574614524841
YKL173W,YER091C,0,-0.14468291,0.12910720705986023,0.775672972202301,0.5249574780464172
YLR188W,YDR103W,0,-0.1448586,0.12908577919006348,0.775672972202301,0.5250574946403503
YMR307W,YPL092W,0,-0.14493275,0.12906436622142792,0.775672972202301,0.5251575708389282
YCL055W,YLR139C,0,-0.14523822,0.12904295325279236,0.775672972202301,0.5252575874328613
YDR341C,YLR035C-A,0,-0.14532787,0.129021555185318,0.775672972202301,0.5253576040267944
YLR238W,YNR040W,0,-0.14621177,0.12900017201900482,0.775672972202301,0.5254576206207275
YGL120C,YDR011W,0,-0.14639704,0.12897877395153046,0.775672972202301,0.5255576968193054
YBR283C,YBR213W,0,-0.14670901,0.12895740568637848,0.775672972202301,0.5256577134132385
YDL229W,YEL002C,0,-0.1468267,0.1289360225200653,0.775672972202301,0.5257577300071716
YNL301C,YNL185C,0,-0.14705318,0.12891466915607452,0.775672972202301,0.5258577466011047
YMR045C,YPL186C,0,-0.14753024,0.12889330089092255,0.775672972202301,0.5259577631950378
YHL004W,YCL066W,0,-0.14758946,0.12887196242809296,0.775672972202301,0.5260578393936157
YPL019C,YPL269W,0,-0.14767002,0.12885060906410217,0.775672972202301,0.5261578559875488
YGL147C,YGR162W,0,-0.14783941,0.12882927060127258,0.775672972202301,0.5262578725814819
YER087C-A,YLR127C,0,-0.14830679,0.1288079470396042,0.775672972202301,0.526357889175415
YJL072C,YBR035C,0,-0.14837104,0.1287866234779358,0.775672972202301,0.5264579653739929
YBL019W,YNR033W,1,-0.14847997,0.12893082201480865,0.776669979095459,0.5264579653739929
YPR036W,YDR501W,0,-0.14913267,0.12890948355197906,0.776669979095459,0.526557981967926
YCL055W,YKL056C,0,-0.1492125,0.12888815999031067,0.776669979095459,0.5266579985618591
YKR061W,YJR075W,0,-0.14934653,0.12886683642864227,0.776669979095459,0.5267580151557922
YBR176W,YDR055W,0,-0.1493702,0.12884551286697388,0.776669979095459,0.5268580317497253
YMR289W,YML095C,0,-0.14944889,0.12882420420646667,0.776669979095459,0.5269581079483032
YMR290C,YGL178W,0,-0.14971875,0.12880291044712067,0.776669979095459,0.5270581245422363
YGR191W,YMR152W,0,-0.14992906,0.12878161668777466,0.776669979095459,0.5271581411361694
YKL089W,YBL106C,0,-0.15016055,0.12876033782958984,0.776669979095459,0.5272581577301025
YMR201C,YOR270C,0,-0.1502738,0.12873904407024384,0.776669979095459,0.5273582339286804
YNR022C,YGL084C,0,-0.15037678,0.12871778011322021,0.776669979095459,0.5274582505226135
YCR053W,YLR014C,0,-0.15069757,0.1286965161561966,0.776669979095459,0.5275582671165466
YLR192C,YGL155W,0,-0.15078136,0.12867525219917297,0.776669979095459,0.5276582837104797
YDL166C,YGR295C,0,-0.15091047,0.12865400314331055,0.776669979095459,0.5277583003044128
YEL038W,YKL218C,0,-0.15099531,0.12863275408744812,0.776669979095459,0.5278583765029907
YPR118W,YGR086C,0,-0.15115185,0.1286115199327469,0.776669979095459,0.5279583930969238
YER090W,YOR176W,1,-0.15116352,0.1287553608417511,0.7776669859886169,0.5279583930969238
YJL136C,YLR276C,0,-0.15117116,0.12873411178588867,0.7776669859886169,0.5280584096908569
YPL019C,YGR272C,0,-0.1513513,0.12871287763118744,0.7776669859886169,0.52815842628479
YCL075W,YLR237W,0,-0.15161225,0.128691628575325,0.7776669859886169,0.5282585024833679
YDR126W,YOL030W,0,-0.15231904,0.12867040932178497,0.7776669859886169,0.528358519077301
YNL128W,YML037C,0,-0.1523589,0.12864919006824493,0.7776669859886169,0.5284585356712341
YPR102C,YLR121C,0,-0.15251887,0.1286279708147049,0.7776669859886169,0.5285585522651672
YGL035C,YDR534C,0,-0.15260646,0.12860676646232605,0.7776669859886169,0.5286585688591003
YPL074W,YOR270C,0,-0.15293545,0.1285855621099472,0.7776669859886169,0.5287586450576782
YGR101W,YDR420W,0,-0.15295506,0.12856435775756836,0.7776669859886169,0.5288586616516113
YBR240C,YDR228C,0,-0.15326259,0.1285431832075119,0.7776669859886169,0.5289586782455444
YER048W-A,YJL148W,0,-0.15342334,0.12852199375629425,0.7776669859886169,0.5290586948394775
YBR213W,YGL148W,1,-0.15347399,0.12866556644439697,0.7786639928817749,0.5290586948394775
YJL062W-A,YDR330W,0,-0.15353036,0.12864437699317932,0.7786639928817749,0.5291587710380554
YDR486C,YGR194C,0,-0.15376279,0.12862318754196167,0.7786639928817749,0.5292587876319885
YOR373W,YOL125W,0,-0.15380205,0.1286020129919052,0.7786639928817749,0.5293588042259216
YMR298W,YLR385C,0,-0.15480193,0.12858083844184875,0.7786639928817749,0.5294588208198547
YDR318W,YDR330W,0,-0.15567636,0.1285596638917923,0.7786639928817749,0.5295588970184326
YOR143C,YPL214C,0,-0.15576097,0.12853851914405823,0.7786639928817749,0.5296589136123657
YHR031C,YGR241C,0,-0.15602405,0.12851735949516296,0.7786639928817749,0.5297589302062988
YHL040C,YDR046C,0,-0.15608521,0.1284962147474289,0.7786639928817749,0.5298589468002319
YBR267W,YOR143C,0,-0.15657543,0.12847508490085602,0.7786639928817749,0.529958963394165
YOL115W,YGL148W,1,-0.15685987,0.12861841917037964,0.7796609997749329,0.529958963394165
YLR098C,YBR142W,0,-0.15694952,0.12859727442264557,0.7796609997749329,0.5300590395927429
YGL185C,YHR044C,0,-0.15727234,0.1285761296749115,0.7796609997749329,0.530159056186676
YOL100W,YLR127C,0,-0.15750302,0.12855498492717743,0.7796609997749329,0.5302590727806091
YDR279W,YDR297W,0,-0.15756197,0.12853385508060455,0.7796609997749329,0.5303590893745422
YMR289W,YBL039C,0,-0.1575847,0.12851274013519287,0.7796609997749329,0.5304591655731201
YDL164C,YGR035C,0,-0.15805574,0.1284916251897812,0.7796609997749329,0.5305591821670532
YJR010C-A,YJR001W,0,-0.15830532,0.1284705102443695,0.7796609997749329,0.5306591987609863
YBR087W,YGL249W,0,-0.15847796,0.12844941020011902,0.7796609997749329,0.5307592153549194
YLR364W,YGL039W,0,-0.15866235,0.12842831015586853,0.7796609997749329,0.5308592319488525
YIL101C,YKL010C,0,-0.15871431,0.12840722501277924,0.7796609997749329,0.5309593081474304
YGL213C,YDR236C,0,-0.15886907,0.12838613986968994,0.7796609997749329,0.5310593247413635
YLL009C,YJR098C,0,-0.15908657,0.12836506962776184,0.7796609997749329,0.5311593413352966
YBL021C,YLR045C,0,-0.15909337,0.12834399938583374,0.7796609997749329,0.5312593579292297
YIR036C,YDL144C,0,-0.1591403,0.12832294404506683,0.7796609997749329,0.5313594341278076
YDR018C,YGR071C,0,-0.15931936,0.12830188870429993,0.7796609997749329,0.5314594507217407
YGL141W,YDR103W,0,-0.15949963,0.12828083336353302,0.7796609997749329,0.5315594673156738
YHR105W,YOR228C,0,-0.15985343,0.1282597929239273,0.7796609997749329,0.5316594839096069
YOR075W,YJL190C,0,-0.1601769,0.1282387673854828,0.7796609997749329,0.53175950050354
YKL004W,YGR191W,0,-0.16019617,0.12821774184703827,0.7796609997749329,0.5318595767021179
YLR204W,YKL034W,0,-0.16039579,0.12819671630859375,0.7796609997749329,0.531959593296051
YGR002C,YDR368W,0,-0.1605181,0.12817570567131042,0.7796609997749329,0.5320596098899841
YJL062W-A,YMR163C,0,-0.16053733,0.1281547099351883,0.7796609997749329,0.5321596264839172
YER133W,YMR163C,0,-0.1611779,0.12813369929790497,0.7796609997749329,0.5322597026824951
YJR145C,YPR049C,0,-0.16154738,0.12811271846294403,0.7796609997749329,0.5323597192764282
YHR207C,YOR269W,0,-0.16194332,0.1280917227268219,0.7796609997749329,0.5324597358703613
YOR356W,YCR053W,0,-0.16201265,0.12807075679302216,0.7796609997749329,0.5325597524642944
YDR318W,YML081C-A,0,-0.16210961,0.12804977595806122,0.7796609997749329,0.5326597690582275
YDR117C,YHR181W,0,-0.16227165,0.12802881002426147,0.7796609997749329,0.5327598452568054
YKL195W,YIR023W,0,-0.16240616,0.12800785899162292,0.7796609997749329,0.5328598618507385
YMR166C,YIL124W,0,-0.1626721,0.12798690795898438,0.7796609997749329,0.5329598784446716
YGR184C,YCR028C,0,-0.16297193,0.12796595692634583,0.7796609997749329,0.5330598950386047
YOL127W,YBL021C,0,-0.16321121,0.12794502079486847,0.7796609997749329,0.5331599712371826
YBR009C,YNL096C,0,-0.16362053,0.1279240995645523,0.7796609997749329,0.5332599878311157
YAL003W,YHR064C,0,-0.1636276,0.12790317833423615,0.7796609997749329,0.5333600044250488
YJR135C,YCR053W,0,-0.1636772,0.12788225710391998,0.7796609997749329,0.5334600210189819
YNL001W,YLL035W,0,-0.1637707,0.12786135077476501,0.7796609997749329,0.5335600972175598
YDR060W,YER030W,0,-0.16379975,0.12784044444561005,0.7796609997749329,0.5336601138114929
YER025W,YPR178W,0,-0.16395691,0.12781955301761627,0.7796609997749329,0.533760130405426
YFL044C,YNL268W,0,-0.16399361,0.1277986615896225,0.7796609997749329,0.5338601469993591
YDR050C,YDR118W,0,-0.1640191,0.12777778506278992,0.7796609997749329,0.5339601635932922
YBR240C,YBR012W-B,0,-0.16408603,0.12775690853595734,0.7796609997749329,0.5340602397918701
YPR021C,YNL268W,0,-0.16438659,0.12773603200912476,0.7796609997749329,0.5341602563858032
YDL101C,YJR135C,0,-0.16446398,0.12771517038345337,0.7796609997749329,0.5342602729797363
YKR062W,YMR306W,0,-0.1647973,0.12769432365894318,0.7796609997749329,0.5343602895736694
YDR126W,YGR101W,0,-0.16483116,0.1276734620332718,0.7796609997749329,0.5344603657722473
YHR101C,YPR168W,0,-0.1648941,0.1276526302099228,0.7796609997749329,0.5345603823661804
YLR418C,YGL249W,0,-0.164945,0.1276317983865738,0.7796609997749329,0.5346603989601135
YPR049C,YOL156W,0,-0.16517912,0.1276109665632248,0.7796609997749329,0.5347604155540466
YBR033W,YPR122W,0,-0.16533497,0.127590149641037,0.7796609997749329,0.5348604321479797
YDR033W,YGR076C,0,-0.16554847,0.12756933271884918,0.7796609997749329,0.5349605083465576
YER070W,YNL012W,0,-0.16579576,0.12754853069782257,0.7796609997749329,0.5350605249404907
YEL016C,YDR297W,0,-0.16585937,0.12752772867679596,0.7796609997749329,0.5351605415344238
YOR179C,YNR041C,0,-0.16600361,0.12750692665576935,0.7796609997749329,0.5352605581283569
YJL129C,YDR313C,0,-0.1660939,0.12748613953590393,0.7796609997749329,0.5353606343269348
YOR047C,YOR322C,0,-0.16611281,0.1274653673171997,0.7796609997749329,0.5354606509208679
YHR147C,YBR213W,0,-0.1665165,0.12744459509849548,0.7796609997749329,0.535560667514801
YMR006C,YJL106W,0,-0.16668254,0.12742382287979126,0.7796609997749329,0.5356606841087341
YLR446W,YLR079W,0,-0.16692533,0.12740306556224823,0.7796609997749329,0.5357607007026672
YPL174C,YLR246W,0,-0.16699627,0.1273823082447052,0.7796609997749329,0.5358607769012451
YJL062W-A,YOR244W,0,-0.1672675,0.12736156582832336,0.7796609997749329,0.5359607934951782
YDL138W,YER045C,0,-0.16735417,0.12734082341194153,0.7796609997749329,0.5360608100891113
YHL008C,YKR105C,0,-0.16762397,0.1273200958967209,0.7796609997749329,0.5361608266830444
YCR020C,YGL155W,0,-0.16786177,0.12729936838150024,0.7796609997749329,0.5362609028816223
YNR050C,YLR010C,0,-0.16825873,0.1272786408662796,0.7796609997749329,0.5363609194755554
YGR241C,YGR116W,0,-0.16827816,0.12725792825222015,0.7796609997749329,0.5364609360694885
YJL129C,YPR070W,0,-0.1683478,0.1272372305393219,0.7796609997749329,0.5365609526634216
YGL137W,YPR166C,0,-0.16841441,0.12721653282642365,0.7796609997749329,0.5366609692573547
YPL148C,YJR158W,0,-0.16852075,0.1271958351135254,0.7796609997749329,0.5367610454559326
YLL009C,YML116W,0,-0.16854355,0.12717515230178833,0.7796609997749329,0.5368610620498657
YGL213C,YPL121C,0,-0.16886228,0.12715446949005127,0.7796609997749329,0.5369610786437988
YBR240C,YGL206C,0,-0.16967316,0.1271338015794754,0.7796609997749329,0.5370610952377319
YBR159W,YJR060W,0,-0.16996282,0.12711313366889954,0.7796609997749329,0.5371611714363098
YER086W,YLR154C,0,-0.17009906,0.12709248065948486,0.7796609997749329,0.5372611880302429
YMR264W,YOR269W,0,-0.17010163,0.1270718276500702,0.7796609997749329,0.537361204624176
YDR107C,YDL143W,0,-0.17059796,0.12705117464065552,0.7796609997749329,0.5374612212181091
YPR168W,YIL113W,0,-0.17068617,0.12703053653240204,0.7796609997749329,0.537561297416687
YGR155W,YNL256W,1,-0.17093492,0.1271723210811615,0.7806580066680908,0.537561297416687
YML129C,YEL017C-A,0,-0.17100994,0.12715166807174683,0.7806580066680908,0.5376613140106201
YDR315C,YBR097W,0,-0.17120945,0.12713102996349335,0.7806580066680908,0.5377613306045532
YMR289W,YHR072W,1,-0.17134383,0.12727272510528564,0.7816550135612488,0.5377613306045532
YML077W,YPL220W,0,-0.17190266,0.12725207209587097,0.7816550135612488,0.5378613471984863
YDL108W,YPR032W,0,-0.17192826,0.1272314190864563,0.7816550135612488,0.5379613637924194
YDL109C,YOR044W,0,-0.1720175,0.12721078097820282,0.7816550135612488,0.5380614399909973
YDR510W,YDL130W-A,0,-0.17251833,0.12719014286994934,0.7816550135612488,0.5381614565849304
YLR238W,YMR290C,0,-0.17273685,0.12716950476169586,0.7816550135612488,0.5382614731788635
YBL074C,YPL186C,0,-0.17300339,0.12714888155460358,0.7816550135612488,0.5383614897727966
YDR242W,YMR139W,0,-0.1730282,0.1271282583475113,0.7816550135612488,0.5384615659713745
YDR299W,YJL019W,0,-0.17308186,0.1271076500415802,0.7816550135612488,0.5385615825653076
YMR094W,YLR109W,0,-0.17308468,0.1270870417356491,0.7816550135612488,0.5386615991592407
YJR075W,YIR023W,0,-0.17312978,0.1270664483308792,0.7816550135612488,0.5387616157531738
YER086W,YDL036C,1,-0.17335358,0.1272079050540924,0.7826520204544067,0.5387616157531738
YIL155C,YCR053W,0,-0.17340235,0.12718729674816132,0.7826520204544067,0.5388616323471069
YLR154C,YOR120W,0,-0.17348178,0.12716668844223022,0.7826520204544067,0.5389617085456848
YKL088W,YGL196W,1,-0.17352456,0.12730807065963745,0.7836490273475647,0.5389617085456848
YKL181W,YOR221C,0,-0.17356396,0.12728744745254517,0.7836490273475647,0.5390617251396179
YDR479C,YNL091W,0,-0.17371537,0.12726683914661407,0.7836490273475647,0.539161741733551
YDR121W,YLR139C,0,-0.17372131,0.12724623084068298,0.7836490273475647,0.5392617583274841
YNL280C,YDL144C,0,-0.17379649,0.12722563743591309,0.7836490273475647,0.539361834526062
YBR012W-B,YIL136W,0,-0.17411329,0.1272050440311432,0.7836490273475647,0.5394618511199951
YEL013W,YMR122W-A,0,-0.17432576,0.12718446552753448,0.7836490273475647,0.5395618677139282
YKL156W,YPR070W,0,-0.17467244,0.12716388702392578,0.7836490273475647,0.5396618843078613
YDR046C,YHL036W,0,-0.17506097,0.12714332342147827,0.7836490273475647,0.5397619009017944
YLR045C,YDR166C,0,-0.1751535,0.12712275981903076,0.7836490273475647,0.5398619771003723
YLR035C-A,YNR020C,0,-0.17517595,0.12710219621658325,0.7836490273475647,0.5399619936943054
YJL046W,YDR447C,0,-0.17547718,0.12708164751529694,0.7836490273475647,0.5400620102882385
YIL034C,YBL022C,0,-0.17567442,0.12706109881401062,0.7836490273475647,0.5401620268821716
YDR465C,YKL034W,0,-0.17599578,0.1270405650138855,0.7836490273475647,0.5402621030807495
YPL149W,YLR441C,0,-0.17616498,0.12702004611492157,0.7836490273475647,0.5403621196746826
YMR100W,YOR211C,0,-0.17618479,0.12699951231479645,0.7836490273475647,0.5404621362686157
YKL004W,YKL198C,0,-0.1763013,0.12697899341583252,0.7836490273475647,0.5405621528625488
YJL062W-A,YJL108C,0,-0.17660272,0.12695848941802979,0.7836490273475647,0.5406621694564819
YPR102C,YPR166C,0,-0.1766443,0.12693798542022705,0.7836490273475647,0.5407622456550598
YDR418W,YNL158W,0,-0.1771401,0.12691748142242432,0.7836490273475647,0.5408622622489929
YEL020C,YKL060C,1,-0.17744131,0.12705844640731812,0.7846460342407227,0.5408622622489929
YDR283C,YLR246W,0,-0.17751193,0.1270379275083542,0.7846460342407227,0.540962278842926
YDR050C,YDR031W,0,-0.17757922,0.12701742351055145,0.7846460342407227,0.5410622954368591
YOR270C,YPR031W,0,-0.17760214,0.1269969344139099,0.7846460342407227,0.541162371635437
YGR295C,YIL115C,0,-0.17766367,0.12697644531726837,0.7846460342407227,0.5412623882293701
YDR012W,YAL043C,0,-0.17767735,0.12695595622062683,0.7846460342407227,0.5413624048233032
YMR130W,YDR380W,0,-0.17768972,0.12693548202514648,0.7846460342407227,0.5414624214172363
YDR481C,YJL065C,0,-0.1781002,0.12691500782966614,0.7846460342407227,0.5415624976158142
YKR059W,YGR135W,0,-0.17822742,0.12689454853534698,0.7846460342407227,0.5416625142097473
YOL065C,YBR231C,0,-0.17840883,0.12687408924102783,0.7846460342407227,0.5417625308036804
YJL062W-A,YOL007C,0,-0.1784777,0.12685364484786987,0.7846460342407227,0.5418625473976135
YER027C,YDR315C,0,-0.17864382,0.12683320045471191,0.7846460342407227,0.5419625639915466
YOL072W,YNL191W,0,-0.17902325,0.12681275606155396,0.7846460342407227,0.5420626401901245
YNL301C,YBL022C,0,-0.17944303,0.1267923265695572,0.7846460342407227,0.5421626567840576
YOL005C,YEL058W,0,-0.17946851,0.12677191197872162,0.7846460342407227,0.5422626733779907
YCR072C,YAL013W,0,-0.17961028,0.12675148248672485,0.7846460342407227,0.5423626899719238
YGL136C,YLR212C,0,-0.17968006,0.12673108279705048,0.7846460342407227,0.5424627661705017
YCR037C,YGR075C,0,-0.17998846,0.1267106682062149,0.7846460342407227,0.5425627827644348
YEL021W,YNR033W,1,-0.18042922,0.12685126066207886,0.7856430411338806,0.5425627827644348
YLL013C,YLR446W,0,-0.1804643,0.1268308311700821,0.7856430411338806,0.5426627993583679
YGL119W,YMR012W,0,-0.18055752,0.12681043148040771,0.7856430411338806,0.542762815952301
YDL043C,YJL153C,0,-0.18071118,0.12679001688957214,0.7856430411338806,0.5428628325462341
YBR175W,YGR135W,0,-0.18082929,0.12676963210105896,0.7856430411338806,0.542962908744812
YJR010C-A,YKL010C,0,-0.18099824,0.12674923241138458,0.7856430411338806,0.5430629253387451
YPR048W,YER106W,0,-0.18118112,0.1267288476228714,0.7856430411338806,0.5431629419326782
YOL031C,YHL008C,0,-0.18139997,0.1267084777355194,0.7856430411338806,0.5432629585266113
YDR440W,YMR312W,0,-0.1815595,0.12668810784816742,0.7856430411338806,0.5433630347251892
YDL195W,YDR047W,0,-0.18187937,0.12666773796081543,0.7856430411338806,0.5434630513191223
YAL003W,YGL059W,0,-0.1821325,0.12664738297462463,0.7856430411338806,0.5435630679130554
YGL009C,YDR130C,0,-0.1825456,0.12662702798843384,0.7856430411338806,0.5436630845069885
YMR098C,YLL011W,0,-0.18312031,0.12660668790340424,0.7856430411338806,0.5437631011009216
YBR033W,YDR390C,0,-0.18330199,0.12658634781837463,0.7856430411338806,0.5438631772994995
YOR124C,YNL189W,0,-0.18340293,0.12656600773334503,0.7856430411338806,0.5439631938934326
YIL084C,YPL033C,0,-0.18341343,0.12654568254947662,0.7856430411338806,0.5440632104873657
YGL137W,YMR204C,0,-0.18351686,0.1265253722667694,0.7856430411338806,0.5441632270812988
YMR316W,YNL151C,0,-0.18355416,0.1265050619840622,0.7856430411338806,0.5442633032798767
YMR211W,YMR303C,0,-0.18399535,0.12648475170135498,0.7856430411338806,0.5443633198738098
YLR201C,YLR467W,0,-0.18439227,0.12646445631980896,0.7856430411338806,0.5444633364677429
YGR026W,YNL212W,0,-0.1845963,0.12644416093826294,0.7856430411338806,0.544563353061676
YHR086W,YCL031C,0,-0.18460925,0.12642386555671692,0.7856430411338806,0.5446633696556091
YGR101W,YBR058C-A,0,-0.18487072,0.1264035999774933,0.7856430411338806,0.544763445854187
YOR175C,YLL050C,0,-0.18535078,0.12638331949710846,0.7856430411338806,0.5448634624481201
YBL088C,YJL108C,0,-0.18547171,0.12636305391788483,0.7856430411338806,0.5449634790420532
YDR510W,YMR292W,0,-0.1856789,0.1263427883386612,0.7856430411338806,0.5450634956359863
YPL051W,YGL253W,0,-0.186059,0.12632253766059875,0.7856430411338806,0.5451635718345642
YJR098C,YGR194C,0,-0.186267,0.12630228698253632,0.7856430411338806,0.5452635884284973
YMR127C,YHL032C,0,-0.18660535,0.12628205120563507,0.7856430411338806,0.5453636050224304
YDL069C,YMR264W,0,-0.18679984,0.12626181542873383,0.7856430411338806,0.5454636216163635
YDR056C,YPL143W,0,-0.18719843,0.12624159455299377,0.7856430411338806,0.5455636978149414
YDR341C,YHR067W,0,-0.18742412,0.12622137367725372,0.7856430411338806,0.5456637144088745
YOL138C,YLR385C,0,-0.18794124,0.12620115280151367,0.7856430411338806,0.5457637310028076
YOL065C,YOR369C,0,-0.18827273,0.12618094682693481,0.7856430411338806,0.5458637475967407
YLL038C,YDL146W,0,-0.18832009,0.12616074085235596,0.7856430411338806,0.5459637641906738
YMR311C,YML081C-A,0,-0.18849102,0.1261405497789383,0.7856430411338806,0.5460638403892517
YDR312W,YEL002C,0,-0.18862535,0.12612035870552063,0.7856430411338806,0.5461638569831848
YJR015W,YLR318W,0,-0.18866402,0.12610018253326416,0.7856430411338806,0.5462638735771179
YLL011W,YPR184W,0,-0.18940587,0.1260800063610077,0.7856430411338806,0.546363890171051
YFL002W-A,YOL056W,0,-0.18951744,0.12605983018875122,0.7856430411338806,0.5464639663696289
YHR052W,YOR337W,0,-0.18955551,0.12603966891765594,0.7856430411338806,0.546563982963562
YMR070W,YDL080C,0,-0.1897614,0.12601950764656067,0.7856430411338806,0.5466639995574951
YMR289W,YOL052C,1,-0.1900091,0.12615925073623657,0.7866401076316833,0.5466639995574951
YJR145C,YLR096W,0,-0.19011395,0.1261390894651413,0.7866401076316833,0.5467640161514282
YDR387C,YMR303C,0,-0.19021744,0.12611892819404602,0.7866401076316833,0.5468640327453613
YJL072C,YMR211W,0,-0.19039886,0.12609876692295074,0.7866401076316833,0.5469641089439392
YLR356W,YPR028W,0,-0.19049439,0.12607862055301666,0.7866401076316833,0.5470641255378723
YDL144C,YGL059W,0,-0.19057588,0.12605847418308258,0.7866401076316833,0.5471641421318054
YDR219C,YKR104W,0,-0.19066252,0.1260383427143097,0.7866401076316833,0.5472641587257385
YJR110W,YEL064C,0,-0.19086123,0.1260182112455368,0.7866401076316833,0.5473642349243164
YOR167C,YLR098C,0,-0.19148327,0.12599807977676392,0.7866401076316833,0.5474642515182495
YLR266C,YKL156W,0,-0.19149959,0.12597796320915222,0.7866401076316833,0.5475642681121826
YHR067W,YDR234W,1,-0.19179422,0.1261174976825714,0.7876371145248413,0.5475642681121826
YKR061W,YIL078W,0,-0.19208953,0.12609736621379852,0.7876371145248413,0.5476642847061157
YDL043C,YOR044W,0,-0.1921216,0.12607724964618683,0.7876371145248413,0.5477643013000488
YDL120W,YKR037C,0,-0.19213153,0.12605711817741394,0.7876371145248413,0.5478643774986267
YJL148W,YLL035W,0,-0.19263999,0.12603701651096344,0.7876371145248413,0.5479643940925598
YGR008C,YOR269W,0,-0.19264911,0.12601691484451294,0.7876371145248413,0.5480644106864929
YHR025W,YHR160C,0,-0.19268274,0.12599681317806244,0.7876371145248413,0.548164427280426
YER029C,YLR040C,0,-0.19278246,0.12597671151161194,0.7876371145248413,0.5482645034790039
YPL060W,YMR051C,0,-0.19284445,0.12595663964748383,0.7876371145248413,0.548364520072937
YGL229C,YIR009W,0,-0.19287059,0.12593655288219452,0.7876371145248413,0.5484645366668701
YNL158W,YLR438C-A,0,-0.19302392,0.1259164810180664,0.7876371145248413,0.5485645532608032
YKR061W,YPL085W,0,-0.19305372,0.1258964091539383,0.7876371145248413,0.5486645698547363
YBR291C,YER012W,0,-0.19317846,0.12587635219097137,0.7876371145248413,0.5487646460533142
YHR101C,YLR074C,0,-0.19329435,0.12585629522800446,0.7876371145248413,0.5488646626472473
YLR266C,YOL056W,0,-0.19329582,0.12583625316619873,0.7876371145248413,0.5489646792411804
YDR111C,YDR234W,1,-0.19364664,0.12597547471523285,0.7886341214179993,0.5489646792411804
YJR010C-A,YDL051W,0,-0.19390227,0.12595541775226593,0.7886341214179993,0.5490646958351135
YKL140W,YJL019W,0,-0.1943758,0.125935360789299,0.7886341214179993,0.5491647720336914
YMR316W,YDL141W,0,-0.19449288,0.1259153187274933,0.7886341214179993,0.5492647886276245
YOR151C,YPL095C,0,-0.19466539,0.12589527666568756,0.7886341214179993,0.5493648052215576
YLL013C,YDR299W,0,-0.19466949,0.12587523460388184,0.7886341214179993,0.5494648218154907
YER114C,YMR287C,0,-0.19473808,0.1258552074432373,0.7886341214179993,0.5495648980140686
YFL047W,YIL078W,0,-0.19550505,0.12583519518375397,0.7886341214179993,0.5496649146080017
YNL311C,YPR041W,0,-0.19580103,0.12581516802310944,0.7886341214179993,0.5497649312019348
YML034W,YPL019C,0,-0.19586301,0.1257951706647873,0.7886341214179993,0.5498649477958679
YLR237W,YER106W,0,-0.19604029,0.12577515840530396,0.7886341214179993,0.549964964389801
YKL173W,YNL339C,0,-0.19623649,0.1257551610469818,0.7886341214179993,0.5500650405883789
YMR247C,YHL024W,0,-0.19625698,0.12573517858982086,0.7886341214179993,0.550165057182312
YLR134W,YOL007C,0,-0.1963383,0.1257151961326599,0.7886341214179993,0.5502650737762451
YDR069C,YGR156W,0,-0.19641267,0.12569521367549896,0.7886341214179993,0.5503650903701782
YBR041W,YJL062W-A,0,-0.19641884,0.1256752461194992,0.7886341214179993,0.5504651665687561
YJR065C,YCL031C,0,-0.19645958,0.12565527856349945,0.7886341214179993,0.5505651831626892
YGL090W,YNL096C,0,-0.19646445,0.1256353259086609,0.7886341214179993,0.5506651997566223
YOL030W,YNL185C,0,-0.19654062,0.12561537325382233,0.7886341214179993,0.5507652163505554
YGR062C,YKR050W,0,-0.19678089,0.12559542059898376,0.7886341214179993,0.5508652329444885
YPL031C,YLR010C,0,-0.19766895,0.1255754828453064,0.7886341214179993,0.5509653091430664
YKR014C,YLR266C,0,-0.19799891,0.12555555999279022,0.7886341214179993,0.5510653257369995
YMR094W,YDR483W,0,-0.19865483,0.12553562223911285,0.7886341214179993,0.5511653423309326
YOR167C,YLR106C,0,-0.19929619,0.12551571428775787,0.7886341214179993,0.5512653589248657
YDR011W,YFR003C,0,-0.19942176,0.1254957914352417,0.7886341214179993,0.5513654351234436
YHR116W,YOL152W,0,-0.19990489,0.12547588348388672,0.7886341214179993,0.5514654517173767
YNL301C,YLR467W,0,-0.20044976,0.12545599043369293,0.7886341214179993,0.5515654683113098
YJL164C,YNL135C,0,-0.20048764,0.12543609738349915,0.7886341214179993,0.5516654849052429
YCL027W,YJR135W-A,0,-0.20090222,0.12541620433330536,0.7886341214179993,0.551765501499176
YDL060W,YDR523C,0,-0.20130123,0.12539632618427277,0.7886341214179993,0.5518655776977539
YER090W,YNL169C,1,-0.20140484,0.12553495168685913,0.7896311283111572,0.5518655776977539
YIL072W,YBR207W,0,-0.20145962,0.12551505863666534,0.7896311283111572,0.551965594291687
YGR159C,YDR356W,0,-0.20150442,0.12549516558647156,0.7896311283111572,0.5520656108856201
YIL026C,YPL038W,0,-0.2017704,0.12547528743743896,0.7896311283111572,0.5521656274795532
YDR139C,YDR055W,0,-0.20196418,0.12545540928840637,0.7896311283111572,0.5522657036781311
YKR014C,YER082C,0,-0.20217952,0.12543554604053497,0.7896311283111572,0.5523657202720642
YCR096C,YDL144C,0,-0.2024079,0.12541568279266357,0.7896311283111572,0.5524657368659973
YOL019W,YDR390C,0,-0.20259334,0.12539581954479218,0.7896311283111572,0.5525657534599304
YOR290C,YDR443C,0,-0.20273352,0.12537597119808197,0.7896311283111572,0.5526657700538635
YGL120C,YHR010W,0,-0.2030424,0.12535612285137177,0.7896311283111572,0.5527658462524414
YOR131C,YBR231C,0,-0.20319553,0.12533628940582275,0.7896311283111572,0.5528658628463745
YDL141W,YDR031W,0,-0.2033541,0.12531645596027374,0.7896311283111572,0.5529658794403076
YLR165C,YLR134W,1,-0.20347556,0.1254548281431198,0.7906281352043152,0.5529658794403076
YFL036W,YNR045W,0,-0.203889,0.1254349946975708,0.7906281352043152,0.5530658960342407
YDR440W,YHL047C,0,-0.20419437,0.1254151463508606,0.7906281352043152,0.5531659722328186
YDR022C,YJR045C,0,-0.204214,0.12539531290531158,0.7906281352043152,0.5532659888267517
YOL018C,YHR099W,0,-0.20442326,0.12537549436092377,0.7906281352043152,0.5533660054206848
YDR283C,YCR047C,0,-0.20443387,0.12535567581653595,0.7906281352043152,0.5534660220146179
YLR283W,YKL100C,0,-0.20532668,0.12533585727214813,0.7906281352043152,0.5535660982131958
YLR096W,YML113W,0,-0.20536752,0.1253160536289215,0.7906281352043152,0.5536661148071289
YNR027W,YOR167C,0,-0.20567793,0.12529624998569489,0.7906281352043152,0.553766131401062
YKL059C,YCL050C,0,-0.20597434,0.12527646124362946,0.7906281352043152,0.5538661479949951
YPL281C,YIL167W,1,-0.2060964,0.1254146248102188,0.7916251420974731,0.5538661479949951
YKR037C,YLR276C,0,-0.20614439,0.1253948211669922,0.7916251420974731,0.5539661645889282
YMR023C,YDR330W,0,-0.2061445,0.12537501752376556,0.7916251420974731,0.5540662407875061
YDR465C,YBR231C,0,-0.20662367,0.12535522878170013,0.7916251420974731,0.5541662573814392
YBL074C,YBL023C,0,-0.20737006,0.1253354400396347,0.7916251420974731,0.5542662739753723
YMR217W,YER110C,0,-0.20776747,0.12531565129756927,0.7916251420974731,0.5543662905693054
YAL012W,YNL256W,1,-0.20815839,0.12545368075370789,0.7926221489906311,0.5543662905693054
YPL144W,YDR170W-A,0,-0.20829758,0.12543389201164246,0.7926221489906311,0.5544663667678833
YKL088W,YMR289W,1,-0.20840557,0.1255718618631363,0.7936191558837891,0.5544663667678833
YJL097W,YBR040W,0,-0.20845382,0.12555204331874847,0.7936191558837891,0.5545663833618164
YBR022W,YJR076C,0,-0.20845728,0.12553225457668304,0.7936191558837891,0.5546663999557495
YOR201C,YDR121W,0,-0.2087555,0.12551245093345642,0.7936191558837891,0.5547664165496826
YJR015W,YJL189W,0,-0.20895836,0.125492662191391,0.7936191558837891,0.5548664331436157
YAL021C,YPR073C,0,-0.20934008,0.12547288835048676,0.7936191558837891,0.5549665093421936
YEL015W,YDR120C,0,-0.20937808,0.12545311450958252,0.7936191558837891,0.5550665259361267
YNL206C,YBL090W,0,-0.2094719,0.12543334066867828,0.7936191558837891,0.5551665425300598
YML034W,YAR007C,0,-0.20951657,0.12541358172893524,0.7936191558837891,0.5552665591239929
YJL019W,YDR393W,0,-0.20953797,0.1253938227891922,0.7936191558837891,0.5553666353225708
YGR286C,YOL002C,0,-0.20968568,0.12537407875061035,0.7936191558837891,0.5554666519165039
YOR381W,YDR501W,0,-0.20979413,0.1253543347120285,0.7936191558837891,0.555566668510437
YFL004W,YDL136W,0,-0.21022277,0.12533459067344666,0.7936191558837891,0.5556666851043701
YIR006C,YDL065C,0,-0.2104243,0.125314861536026,0.7936191558837891,0.5557667016983032
YOR128C,YKL211C,1,-0.21046245,0.12545254826545715,0.794616162776947,0.5557667016983032
YKR014C,YLR381W,0,-0.21054485,0.1254328042268753,0.794616162776947,0.5558667778968811
YDL051W,YER020W,0,-0.2106966,0.12541306018829346,0.794616162776947,0.5559667944908142
YBL017C,YJL062W-A,0,-0.2109716,0.1253933310508728,0.794616162776947,0.5560668110847473
YER174C,YDR510W,0,-0.21188107,0.12537360191345215,0.794616162776947,0.5561668276786804
YLR283W,YDL115C,0,-0.2121169,0.1253538876771927,0.794616162776947,0.5562669038772583
YJL062W-A,YKL198C,0,-0.21220726,0.12533417344093323,0.794616162776947,0.5563669204711914
YML082W,YHR174W,1,-0.21259768,0.12547169625759125,0.795613169670105,0.5563669204711914
YOL152W,YJR022W,0,-0.21295907,0.1254519671201706,0.795613169670105,0.5564669370651245
YDL006W,YIL145C,0,-0.21326393,0.12543225288391113,0.795613169670105,0.5565669536590576
YKL088W,YLR433C,0,-0.21334195,0.12541253864765167,0.795613169670105,0.5566670298576355
YLR090W,YAR044W,0,-0.21337117,0.1253928393125534,0.795613169670105,0.5567670464515686
YLR343W,YDR402C,0,-0.2134731,0.12537313997745514,0.795613169670105,0.5568670630455017
YLR170C,YOL152W,0,-0.21352765,0.12535344064235687,0.795613169670105,0.5569670796394348
YOR202W,YDL080C,1,-0.21356675,0.12549081444740295,0.7966101765632629,0.5569670796394348
YGL213C,YDR107C,0,-0.21366058,0.1254711002111435,0.7966101765632629,0.5570670962333679
YDR170W-A,YDL007W,0,-0.21398944,0.12545140087604523,0.7966101765632629,0.5571671724319458
YLR035C-A,YDL192W,0,-0.21411447,0.12543171644210815,0.7966101765632629,0.5572671890258789
YMR171C,YDR169C,0,-0.21486823,0.1254120171070099,0.7966101765632629,0.557367205619812
YAL039C,YGL040C,1,-0.21523646,0.12554927170276642,0.7976071834564209,0.557367205619812
YLR359W,YJL005W,1,-0.21579474,0.12568649649620056,0.7986041903495789,0.557367205619812
YDR390C,YNR041C,0,-0.21582836,0.1256667673587799,0.7986041903495789,0.5574672222137451
YIL084C,YDL180W,0,-0.21593209,0.12564705312252045,0.7986041903495789,0.557567298412323
YJR094W-A,YML113W,0,-0.2163391,0.12562735378742218,0.7986041903495789,0.5576673150062561
YER027C,YJL062W-A,0,-0.21658766,0.1256076544523239,0.7986041903495789,0.5577673316001892
YER153C,YER051W,0,-0.21687722,0.12558795511722565,0.7986041903495789,0.5578673481941223
YDL019C,YDL144C,0,-0.21763234,0.12556827068328857,0.7986041903495789,0.5579673647880554
YAL013W,YNR007C,0,-0.21776646,0.1255485862493515,0.7986041903495789,0.5580674409866333
YGL185C,YPL048W,0,-0.21779029,0.12552891671657562,0.7986041903495789,0.5581674575805664
YPR132W,YDR130C,0,-0.2179102,0.12550924718379974,0.7986041903495789,0.5582674741744995
YDR420W,YCL057C-A,0,-0.2180205,0.12548957765102386,0.7986041903495789,0.5583674907684326
YDR247W,YJR135W-A,0,-0.21811807,0.12546992301940918,0.7986041903495789,0.5584675669670105
YNL242W,YOL030W,0,-0.21852058,0.1254502683877945,0.7986041903495789,0.5585675835609436
YDL190C,YDL033C,0,-0.21869822,0.125430628657341,0.7986041903495789,0.5586676001548767
YNL007C,YKL056C,0,-0.21891971,0.1254109889268875,0.7986041903495789,0.5587676167488098
YPR132W,YKL017C,0,-0.21902913,0.12539136409759521,0.7986041903495789,0.5588676333427429
YPL051W,YDR297W,0,-0.21925668,0.12537173926830292,0.7986041903495789,0.5589677095413208
YHL016C,YLR403W,0,-0.21953543,0.12535211443901062,0.7986041903495789,0.5590677261352539
YML094W,YMR016C,0,-0.21957493,0.12533250451087952,0.7986041903495789,0.559167742729187
YNL146W,YDR393W,0,-0.22009102,0.1253128945827484,0.7986041903495789,0.5592677593231201
YBR213W,YOR176W,1,-0.2201758,0.12544971704483032,0.7996011972427368,0.5592677593231201
YER114C,YJL170C,0,-0.22096123,0.12543009221553802,0.7996011972427368,0.559367835521698
YER148W,YDR486C,0,-0.22106168,0.12541048228740692,0.7996011972427368,0.5594678521156311
YPL101W,YCR010C,0,-0.22129677,0.12539087235927582,0.7996011972427368,0.5595678687095642
YGL040C,YHR072W,1,-0.22140878,0.12552759051322937,0.8005982041358948,0.5595678687095642
YMR070W,YLR158C,0,-0.22179905,0.12550796568393707,0.8005982041358948,0.5596678853034973
YIR037W,YPR028W,0,-0.22232065,0.12548835575580597,0.8005982041358948,0.5597679018974304
YNL301C,YDR520C,0,-0.2227509,0.12546874582767487,0.8005982041358948,0.5598679780960083
YIL101C,YPR032W,0,-0.22357105,0.12544915080070496,0.8005982041358948,0.5599679946899414
YCL047C,YDR116C,0,-0.22401449,0.12542955577373505,0.8005982041358948,0.5600680112838745
YPL074W,YDL184C,0,-0.22422294,0.12540996074676514,0.8005982041358948,0.5601680278778076
YML027W,YIL138C,0,-0.2248597,0.12539038062095642,0.8005982041358948,0.5602681040763855
YML018C,YLR015W,0,-0.22530292,0.1253708004951477,0.8005982041358948,0.5603681206703186
YOL067C,YDL112W,0,-0.22550279,0.12535123527050018,0.8005982041358948,0.5604681372642517
YNL159C,YBR041W,0,-0.22574972,0.12533167004585266,0.8005982041358948,0.5605681538581848
YNL206C,YDL095W,0,-0.226426,0.12531210482120514,0.8005982041358948,0.5606682300567627
YDL109C,YMR292W,0,-0.22666171,0.1252925544977188,0.8005982041358948,0.5607682466506958
YFR005C,YOR369C,0,-0.22706853,0.12527300417423248,0.8005982041358948,0.5608682632446289
YDR139C,YGR184C,0,-0.22755432,0.12525346875190735,0.8005982041358948,0.560968279838562
YMR128W,YCR047C,0,-0.22779115,0.12523393332958221,0.8005982041358948,0.5610682964324951
YDR479C,YJL062W-A,0,-0.22781709,0.12521441280841827,0.8005982041358948,0.561168372631073
YJR104C,YLR035C-A,0,-0.22786434,0.12519489228725433,0.8005982041358948,0.5612683892250061
YMR235C,YPL038W,0,-0.2279482,0.1251753717660904,0.8005982041358948,0.5613684058189392
YOR150W,YDL017W,0,-0.228039,0.12515586614608765,0.8005982041358948,0.5614684224128723
YAR015W,YOR306C,0,-0.22855861,0.1251363605260849,0.8005982041358948,0.5615684986114502
YOL152W,YOR069W,0,-0.22923781,0.12511685490608215,0.8005982041358948,0.5616685152053833
YML005W,YBR058C-A,0,-0.2292568,0.1250973641872406,0.8005982041358948,0.5617685317993164
YFL044C,YMR045C,0,-0.22937928,0.12507788836956024,0.8005982041358948,0.5618685483932495
YBL010C,YJL189W,0,-0.22952102,0.1250583976507187,0.8005982041358948,0.5619685649871826
YMR128W,YOL092W,0,-0.22974075,0.12503892183303833,0.8005982041358948,0.5620686411857605
YMR289W,YNR033W,1,-0.2299592,0.12517514824867249,0.8015952110290527,0.5620686411857605
YER048W-A,YKL164C,0,-0.23029031,0.12515567243099213,0.8015952110290527,0.5621686577796936
YLR459W,YDR197W,0,-0.23068282,0.12513618171215057,0.8015952110290527,0.5622686743736267
YJR121W,YBR245C,0,-0.2307934,0.1251167207956314,0.8015952110290527,0.5623686909675598
YER147C,YPR073C,0,-0.23087148,0.12509724497795105,0.8015952110290527,0.5624687671661377
YLR439W,YMR281W,0,-0.23092517,0.12507778406143188,0.8015952110290527,0.5625687837600708
YLR035C-A,YER131W,0,-0.23128124,0.12505832314491272,0.8015952110290527,0.5626688003540039
YOR224C,YOR233W,0,-0.23137395,0.12503887712955475,0.8015952110290527,0.562768816947937
YBR055C,YDR169C,0,-0.2313773,0.12501943111419678,0.8015952110290527,0.5628688335418701
YPR047W,YDR054C,0,-0.23140168,0.125,0.8015952110290527,0.562968909740448
YLR448W,YJR143C,0,-0.23215738,0.12498056888580322,0.8015952110290527,0.5630689263343811
YKL100C,YLR343W,0,-0.23224942,0.12496114522218704,0.8015952110290527,0.5631689429283142
YNL136W,YHL016C,0,-0.2322664,0.12494172155857086,0.8015952110290527,0.5632689595222473
YJL062W-A,YFL044C,0,-0.23238708,0.12492231279611588,0.8015952110290527,0.5633690357208252
YDR071C,YDL130W-A,0,-0.23336214,0.12490290403366089,0.8015952110290527,0.5634690523147583
YBL024W,YGR184C,0,-0.2334459,0.1248835027217865,0.8015952110290527,0.5635690689086914
YGR047C,YIR012W,0,-0.23383884,0.1248641088604927,0.8015952110290527,0.5636690855026245
YLR127C,YDL184C,0,-0.23388937,0.12484472244977951,0.8015952110290527,0.5637691020965576
YLR127C,YIR015W,0,-0.23414716,0.12482533603906631,0.8015952110290527,0.5638691782951355
YOR278W,YDR127W,1,-0.23470531,0.12496118992567062,0.8025922179222107,0.5638691782951355
YNL049C,YOR066W,0,-0.23473436,0.12494179606437683,0.8025922179222107,0.5639691948890686
YFL039C,YER051W,0,-0.23474325,0.12492240965366364,0.8025922179222107,0.5640692114830017
YIL112W,YKR048C,0,-0.23479795,0.12490302324295044,0.8025922179222107,0.5641692280769348
YLR040C,YMR150C,0,-0.23510751,0.12488365173339844,0.8025922179222107,0.5642693042755127
YBR012W-B,YGR189C,0,-0.23545428,0.12486428022384644,0.8025922179222107,0.5643693208694458
YDR219C,YDR093W,0,-0.23557809,0.12484491616487503,0.8025922179222107,0.5644693374633789
YOR242C,YIL124W,0,-0.23561184,0.12482555210590363,0.8025922179222107,0.564569354057312
YHR207C,YLR433C,0,-0.23565453,0.12480620294809341,0.8025922179222107,0.5646694302558899
YNR020C,YOL117W,0,-0.23588696,0.1247868537902832,0.8025922179222107,0.564769446849823
YGR234W,YNL096C,0,-0.23635162,0.12476751208305359,0.8025922179222107,0.5648694634437561
YOL115W,YNL169C,1,-0.23698758,0.12490314245223999,0.8035892248153687,0.5648694634437561
YDR242W,YLR343W,0,-0.23699753,0.12488379329442978,0.8035892248153687,0.5649694800376892
YHR027C,YOL157C,0,-0.2372363,0.12486444413661957,0.8035892248153687,0.5650694966316223
YLR074C,YBR009C,0,-0.23728888,0.12484510242938995,0.8035892248153687,0.5651695728302002
YLR032W,YKL212W,0,-0.23766425,0.12482576817274094,0.8035892248153687,0.5652695894241333
YBR166C,YCR053W,0,-0.23784329,0.12480644136667252,0.8035892248153687,0.5653696060180664
YDR170W-A,YPL074W,0,-0.23817241,0.12478712201118469,0.8035892248153687,0.5654696226119995
YMR223W,YCR037C,0,-0.23820561,0.12476780265569687,0.8035892248153687,0.5655696988105774
YLR106C,YJL148W,0,-0.238393,0.12474849075078964,0.8035892248153687,0.5656697154045105
YIL160C,YPL038W,0,-0.23915282,0.12472918629646301,0.8035892248153687,0.5657697319984436
YNL322C,YKR048C,0,-0.23948991,0.12470988929271698,0.8035892248153687,0.5658697485923767
YER153C,YNL101W,0,-0.23967627,0.12469059228897095,0.8035892248153687,0.5659697651863098
YLL013C,YGL211W,0,-0.23967765,0.12467131018638611,0.8035892248153687,0.5660698413848877
YIL093C,YDR130C,0,-0.24032445,0.12465202808380127,0.8035892248153687,0.5661698579788208
YGL135W,YBL074C,0,-0.24055928,0.12463275343179703,0.8035892248153687,0.5662698745727539
YDR379W,YBL030C,0,-0.24099497,0.12461347877979279,0.8035892248153687,0.566369891166687
YBR050C,YDR334W,0,-0.24173667,0.12459421902894974,0.8035892248153687,0.5664699673652649
YIL027C,YBR205W,0,-0.24178153,0.12457495927810669,0.8035892248153687,0.566569983959198
YDR436W,YKL017C,0,-0.24232055,0.12455570697784424,0.8035892248153687,0.5666700005531311
YLR438C-A,YLR014C,0,-0.24240996,0.12453646212816238,0.8035892248153687,0.5667700171470642
YMR056C,YGR262C,0,-0.24257919,0.12451722472906113,0.8035892248153687,0.5668700337409973
YDR312W,YGL119W,0,-0.24284627,0.12449799478054047,0.8035892248153687,0.5669701099395752
YER126C,YJL156C,0,-0.24294388,0.1244787648320198,0.8035892248153687,0.5670701265335083
YJL072C,YMR165C,0,-0.24345306,0.12445954233407974,0.8035892248153687,0.5671701431274414
YHR025W,YGR194C,0,-0.24389023,0.12444032728672028,0.8035892248153687,0.5672701597213745
YHR027C,YML070W,0,-0.24389099,0.1244211196899414,0.8035892248153687,0.5673702359199524
YBL060W,YOR120W,0,-0.24394205,0.12440191209316254,0.8035892248153687,0.5674702525138855
YGL136C,YFR008W,0,-0.24398068,0.12438271939754486,0.8035892248153687,0.5675702691078186
YDR487C,YDR538W,1,-0.24398638,0.12451782077550888,0.8045862317085266,0.5675702691078186
YDR326C,YGL040C,0,-0.2440797,0.12449861317873001,0.8045862317085266,0.5676702857017517
YHR076W,YKL195W,0,-0.24408218,0.12447940558195114,0.8045862317085266,0.5677703022956848
YMR094W,YPL028W,0,-0.24474554,0.12446021288633347,0.8045862317085266,0.5678703784942627
YJR160C,YJR075W,0,-0.24513145,0.12444102019071579,0.8045862317085266,0.5679703950881958
YNL218W,YNL213C,0,-0.24521697,0.12442183494567871,0.8045862317085266,0.5680704116821289
YLR097C,YBR009C,0,-0.24524853,0.12440264970064163,0.8045862317085266,0.568170428276062
YBL103C,YML018C,0,-0.24527428,0.12438347935676575,0.8045862317085266,0.5682705044746399
YDR170W-A,YLR221C,0,-0.24534597,0.12436430901288986,0.8045862317085266,0.568370521068573
YER036C,YBR058C-A,0,-0.24569748,0.12434514611959457,0.8045862317085266,0.5684705376625061
YLR154C,YGR001C,0,-0.24586286,0.12432599067687988,0.8045862317085266,0.5685705542564392
YJL165C,YNL101W,0,-0.24630451,0.12430684268474579,0.8045862317085266,0.5686706304550171
YOR381W,YGL095C,0,-0.24649829,0.1242876946926117,0.8045862317085266,0.5687706470489502
YPL160W,YJL025W,0,-0.24711795,0.1242685541510582,0.8045862317085266,0.5688706636428833
YBR283C,YIR017C,0,-0.24744505,0.1242494210600853,0.8045862317085266,0.5689706802368164
YIL004C,YBR241C,0,-0.24749956,0.124230295419693,0.8045862317085266,0.5690706968307495
YMR166C,YPL174C,0,-0.24795549,0.12421117722988129,0.8045862317085266,0.5691707730293274
YPR048W,YJL062W-A,0,-0.24802065,0.12419205904006958,0.8045862317085266,0.5692707896232605
YBR198C,YDR523C,0,-0.24803774,0.12417294830083847,0.8045862317085266,0.5693708062171936
YPL148C,YGL210W,0,-0.24804313,0.12415384501218796,0.8045862317085266,0.5694708228111267
YLR359W,YDL080C,1,-0.2486719,0.12428857386112213,0.8055832386016846,0.5694708228111267
YJL056C,YCR092C,0,-0.24910976,0.12426945567131042,0.8055832386016846,0.5695708990097046
YPL174C,YKL116C,0,-0.24944218,0.12425034493207932,0.8055832386016846,0.5696709156036377
YGL089C,YPL153C,0,-0.25008297,0.1242312416434288,0.8055832386016846,0.5697709321975708
YKL179C,YDL109C,0,-0.25035316,0.12421214580535889,0.8055832386016846,0.5698709487915039
YKL173W,YMR098C,0,-0.25052708,0.12419304996728897,0.8055832386016846,0.569970965385437
YGL232W,YER173W,0,-0.2508921,0.12417396903038025,0.8055832386016846,0.5700710415840149
YOL005C,YER012W,0,-0.2513862,0.12415488809347153,0.8055832386016846,0.570171058177948
YFR005C,YJR135C,0,-0.25142848,0.1241358146071434,0.8055832386016846,0.5702710747718811
YHR105W,YNL061W,0,-0.2519531,0.12411674112081528,0.8055832386016846,0.5703710913658142
YOR179C,YHR028C,0,-0.25203043,0.12409768253564835,0.8055832386016846,0.5704711675643921
YGL021W,YOR326W,0,-0.252191,0.12407862395048141,0.8055832386016846,0.5705711841583252
YLR373C,YIL093C,0,-0.25230032,0.12405957281589508,0.8055832386016846,0.5706712007522583
YKL011C,YIR036C,0,-0.2523581,0.12404052913188934,0.8055832386016846,0.5707712173461914
YPR005C,YMR163C,0,-0.25246856,0.1240214854478836,0.8055832386016846,0.5708712339401245
YLR343W,YDL110C,0,-0.25253296,0.12400245666503906,0.8055832386016846,0.5709713101387024
YBL024W,YBR048W,0,-0.2525429,0.12398342788219452,0.8055832386016846,0.5710713267326355
YDL075W,YNL189W,0,-0.25273365,0.12396440654993057,0.8055832386016846,0.5711713433265686
YML040W,YOR174W,0,-0.2527374,0.12394539266824722,0.8055832386016846,0.5712713599205017
YBR084W,YGL084C,0,-0.25312284,0.12392637878656387,0.8055832386016846,0.5713714361190796
YDR503C,YLR158C,0,-0.25313932,0.12390737980604172,0.8055832386016846,0.5714714527130127
YGR220C,YMR204C,0,-0.25360972,0.12388838082551956,0.8055832386016846,0.5715714693069458
YOL139C,YOR044W,0,-0.25453585,0.1238693818449974,0.8055832386016846,0.5716714859008789
YDR388W,YGL136C,0,-0.25465718,0.12385039776563644,0.8055832386016846,0.571771502494812
YCR020C,YHR036W,0,-0.25471765,0.12383142113685608,0.8055832386016846,0.5718715786933899
YHR031C,YER131W,0,-0.2547627,0.12381244450807571,0.8055832386016846,0.571971595287323
YML104C,YMR056C,0,-0.25505716,0.12379347532987595,0.8055832386016846,0.5720716118812561
YJR104C,YJR060W,0,-0.2552424,0.12377450615167618,0.8055832386016846,0.5721716284751892
YGR104C,YOR306C,0,-0.255365,0.1237555518746376,0.8055832386016846,0.5722717046737671
YNL218W,YPL103C,0,-0.25570053,0.12373659759759903,0.8055832386016846,0.5723717212677002
YMR026C,YGR014W,0,-0.25578973,0.12371765077114105,0.8055832386016846,0.5724717378616333
YER068W,YER030W,0,-0.25592566,0.12369871139526367,0.8055832386016846,0.5725717544555664
YEL064C,YBR009C,0,-0.25613123,0.12367977946996689,0.8055832386016846,0.5726718306541443
YEL046C,YGL148W,1,-0.2562446,0.12381389737129211,0.8065802454948425,0.5726718306541443
YPL022W,YLR176C,0,-0.25633407,0.12379495054483414,0.8065802454948425,0.5727718472480774
YNL136W,YBR214W,0,-0.25688064,0.12377601116895676,0.8065802454948425,0.5728718638420105
YNL218W,YCL031C,0,-0.25754297,0.12375707179307938,0.8065802454948425,0.5729718804359436
YKL011C,YJR065C,0,-0.2575904,0.12373814731836319,0.8065802454948425,0.5730718970298767
YGR029W,YLR134W,0,-0.2577983,0.123719222843647,0.8065802454948425,0.5731719732284546
YBL060W,YML037C,0,-0.2578959,0.12370030581951141,0.8065802454948425,0.5732719898223877
YMR307W,YKL179C,0,-0.25792146,0.12368139624595642,0.8065802454948425,0.5733720064163208
YGR295C,YER082C,0,-0.25849712,0.12366248667240143,0.8065802454948425,0.5734720230102539
YER131W,YBL061C,0,-0.25851542,0.12364359200000763,0.8065802454948425,0.5735720992088318
YNL293W,YGL095C,0,-0.2590736,0.12362469732761383,0.8065802454948425,0.5736721158027649
YJR066W,YLR433C,0,-0.25912112,0.12360580265522003,0.8065802454948425,0.573772132396698
YDL120W,YLR418C,0,-0.25974265,0.12358692288398743,0.8065802454948425,0.5738721489906311
YKL114C,YCR053W,1,-0.259803,0.12372078746557236,0.8075772523880005,0.5738721489906311
YJR045C,YLR014C,0,-0.26030415,0.12370189279317856,0.8075772523880005,0.5739721655845642
YGR274C,YKR097W,0,-0.26062307,0.12368300557136536,0.8075772523880005,0.5740722417831421
YFR003C,YCL069W,0,-0.2611323,0.12366412580013275,0.8075772523880005,0.5741722583770752
YKL114C,YDL080C,1,-0.2611717,0.12379789352416992,0.8085742592811584,0.5741722583770752
YML129C,YGL211W,0,-0.26127905,0.12377899885177612,0.8085742592811584,0.5742722749710083
YNL049C,YJR126C,0,-0.26127964,0.12376011162996292,0.8085742592811584,0.5743722915649414
YLR035C-A,YOL077C,0,-0.26175827,0.12374122440814972,0.8085742592811584,0.5744723677635193
YER091C,YBR058C-A,0,-0.26188505,0.12372235208749771,0.8085742592811584,0.5745723843574524
YLR134W,YDR012W,0,-0.26207882,0.1237034797668457,0.8085742592811584,0.5746724009513855
YAR010C,YJR068W,0,-0.26226968,0.12368461489677429,0.8085742592811584,0.5747724175453186
YFL002W-A,YOL152W,0,-0.26234716,0.12366575002670288,0.8085742592811584,0.5748724341392517
YGL136C,YNL012W,0,-0.26254624,0.12364690005779266,0.8085742592811584,0.5749725103378296
YOL103W,YGR001C,0,-0.2626083,0.12362805008888245,0.8085742592811584,0.5750725269317627
YDL043C,YPR054W,0,-0.2630383,0.12360920757055283,0.8085742592811584,0.5751725435256958
YHR171W,YEL050C,0,-0.26352462,0.1235903725028038,0.8085742592811584,0.5752725601196289
YML082W,YHR112C,1,-0.2635994,0.12372390925884247,0.8095712661743164,0.5752725601196289
YPL258C,YGR295C,0,-0.26366964,0.12370505928993225,0.8095712661743164,0.5753726363182068
YDR219C,YDR050C,0,-0.26427546,0.12368621677160263,0.8095712661743164,0.5754726529121399
YDR228C,YKL181W,0,-0.2645679,0.12366737425327301,0.8095712661743164,0.575572669506073
YFL004W,YKR090W,0,-0.26460278,0.12364854663610458,0.8095712661743164,0.5756726861000061
YOR047C,YGR279C,0,-0.26474786,0.12362971901893616,0.8095712661743164,0.5757727026939392
YHL044W,YIR036C,0,-0.26477677,0.12361089885234833,0.8095712661743164,0.5758727788925171
YLR371W,YDR501W,0,-0.26491427,0.1235920861363411,0.8095712661743164,0.5759727954864502
YDR046C,YGR188C,0,-0.26493883,0.12357327342033386,0.8095712661743164,0.5760728120803833
YOR046C,YNL227C,0,-0.2650283,0.12355447560548782,0.8095712661743164,0.5761728286743164
YPR021C,YBR231C,0,-0.2651003,0.12353567779064178,0.8095712661743164,0.5762729048728943
YLR266C,YIL078W,0,-0.2651223,0.12351688742637634,0.8095712661743164,0.5763729214668274
YGR047C,YDR050C,0,-0.265778,0.1234980970621109,0.8095712661743164,0.5764729380607605
YNR008W,YBR048W,0,-0.2657925,0.12347932159900665,0.8095712661743164,0.5765729546546936
YGR026W,YER082C,0,-0.2659839,0.1234605461359024,0.8095712661743164,0.5766730308532715
YOR308C,YPR054W,0,-0.2660079,0.12344177812337875,0.8095712661743164,0.5767730474472046
YML077W,YDR077W,0,-0.26626545,0.1234230101108551,0.8095712661743164,0.5768730640411377
YGL040C,YGL148W,1,-0.26769292,0.1235562339425087,0.8105682730674744,0.5768730640411377
YBL054W,YPL123C,0,-0.26788688,0.12353745847940445,0.8105682730674744,0.5769730806350708
YHR171W,YDL060W,0,-0.2679363,0.1235186904668808,0.8105682730674744,0.5770730972290039
YMR080C,YIR015W,0,-0.2679773,0.12349992245435715,0.8105682730674744,0.5771731734275818
YLR175W,YBR213W,1,-0.26800865,0.12363304942846298,0.8115652799606323,0.5771731734275818
YML054C,YDR390C,0,-0.26822877,0.12361427396535873,0.8115652799606323,0.5772731900215149
YLR385C,YDL065C,0,-0.2684484,0.12359550595283508,0.8115652799606323,0.577373206615448
YMR098C,YCR039C,0,-0.26844996,0.12357674539089203,0.8115652799606323,0.5774732232093811
YDL127W,YPR041W,0,-0.26931718,0.12355798482894897,0.8115652799606323,0.577573299407959
YOL052C,YOR054C,1,-0.26949817,0.12369100004434586,0.8125622868537903,0.577573299407959
YMR051C,YEL050C,0,-0.27006716,0.1236722320318222,0.8125622868537903,0.5776733160018921
YFL029C,YOR228C,0,-0.27012852,0.12365346401929855,0.8125622868537903,0.5777733325958252
YML113W,YJR143C,0,-0.27064294,0.1236347109079361,0.8125622868537903,0.5778733491897583
YNL242W,YPR178W,0,-0.2710213,0.12361595779657364,0.8125622868537903,0.5779733657836914
YBR159W,YDL115C,0,-0.27123046,0.12359721213579178,0.8125622868537903,0.5780734419822693
YBR291C,YOR240W,0,-0.27159357,0.12357846647500992,0.8125622868537903,0.5781734585762024
YDR248C,YOR057W,0,-0.27163833,0.12355973571538925,0.8125622868537903,0.5782734751701355
YOL052C,YKL060C,1,-0.27198946,0.123692587018013,0.8135592937469482,0.5782734751701355
YOL018C,YBL069W,0,-0.27207372,0.12367384135723114,0.8135592937469482,0.5783734917640686
YKL135C,YOR233W,0,-0.27306002,0.12365509569644928,0.8135592937469482,0.5784735679626465
YER083C,YOR386W,0,-0.27314562,0.12363636493682861,0.8135592937469482,0.5785735845565796
YFL041W,YBL020W,0,-0.27339923,0.12361763417720795,0.8135592937469482,0.5786736011505127
YHR105W,YDR486C,0,-0.27389604,0.12359891086816788,0.8135592937469482,0.5787736177444458
YML015C,YDL141W,0,-0.27391568,0.12358018755912781,0.8135592937469482,0.5788736343383789
YHR067W,YEL020C,1,-0.27414268,0.12371290475130081,0.814556360244751,0.5788736343383789
YBL106C,YOR044W,0,-0.27455693,0.12369417399168015,0.814556360244751,0.5789737105369568
YOL005C,YOR182C,0,-0.27488858,0.12367544323205948,0.814556360244751,0.5790737271308899
YDL205C,YGR156W,0,-0.27494934,0.1236567273736,0.814556360244751,0.579173743724823
YKR097W,YKR009C,1,-0.27499872,0.12378934770822525,0.8155533671379089,0.579173743724823
YMR264W,YOL018C,0,-0.2752703,0.12377061694860458,0.8155533671379089,0.5792737603187561
YKR059W,YER111C,0,-0.2760868,0.12375189363956451,0.8155533671379089,0.579373836517334
YCR094W,YNL268W,0,-0.27685064,0.12373317033052444,0.8155533671379089,0.5794738531112671
YPL051W,YKL158W,0,-0.27730495,0.12371446192264557,0.8155533671379089,0.5795738697052002
YAL034W-A,YDR376W,0,-0.27759677,0.1236957535147667,0.8155533671379089,0.5796738862991333
YGL120C,YOR228C,0,-0.2782389,0.12367704510688782,0.8155533671379089,0.5797739028930664
YMR042W,YGL059W,0,-0.27827662,0.12365835160017014,0.8155533671379089,0.5798739790916443
YPL157W,YLR172C,0,-0.27834523,0.12363965809345245,0.8155533671379089,0.5799739956855774
YFL002W-A,YJR001W,0,-0.2784291,0.12362097948789597,0.8155533671379089,0.5800740122795105
YOL067C,YEL017C-A,0,-0.27845937,0.12360229343175888,0.8155533671379089,0.5801740288734436
YHR072W,YGR155W,1,-0.27892518,0.12373470515012741,0.8165503740310669,0.5801740288734436
YDR012W,YDR139C,0,-0.27949828,0.12371601164340973,0.8165503740310669,0.5802741050720215
YLL013C,YMR264W,0,-0.27978116,0.12369732558727264,0.8165503740310669,0.5803741216659546
YGL147C,YGR006W,0,-0.27983016,0.12367864698171616,0.8165503740310669,0.5804741382598877
YOR063W,YMR037C,0,-0.28006777,0.12365997582674026,0.8165503740310669,0.5805741548538208
YDL019C,YBR087W,0,-0.28104302,0.12364130467176437,0.8165503740310669,0.5806742310523987
YHR036W,YKR097W,0,-0.28105322,0.12362264096736908,0.8165503740310669,0.5807742476463318
YDL019C,YJR022W,0,-0.28114536,0.12360398471355438,0.8165503740310669,0.5808742642402649
YOR384W,YBR291C,0,-0.2812368,0.12358533591032028,0.8165503740310669,0.580974280834198
YJR013W,YOR265W,0,-0.28170916,0.12356668710708618,0.8165503740310669,0.5810742974281311
YPR049C,YKL108W,0,-0.28178883,0.12354804575443268,0.8165503740310669,0.581174373626709
YER029C,YML094W,0,-0.28211838,0.12352941185235977,0.8165503740310669,0.5812743902206421
YNL330C,YOR070C,0,-0.28230804,0.12351078540086746,0.8165503740310669,0.5813744068145752
YKL135C,YOR270C,0,-0.28236267,0.12349215894937515,0.8165503740310669,0.5814744234085083
YJR015W,YJR089W,0,-0.2824524,0.12347353994846344,0.8165503740310669,0.5815744996070862
YDR523C,YNL119W,0,-0.28268835,0.12345492839813232,0.8165503740310669,0.5816745162010193
YCR039C,YGR071C,0,-0.28272238,0.1234363242983818,0.8165503740310669,0.5817745327949524
YBR237W,YER061C,0,-0.28280765,0.12341772019863129,0.8165503740310669,0.5818745493888855
YML040W,YNL012W,0,-0.28284514,0.12339912354946136,0.8165503740310669,0.5819745659828186
YPL028W,YCL057C-A,0,-0.28300107,0.12338053435087204,0.8165503740310669,0.5820746421813965
YLR439W,YNL129W,0,-0.28302038,0.12336195260286331,0.8165503740310669,0.5821746587753296
YLR139C,YPL160W,0,-0.28329188,0.12334337085485458,0.8165503740310669,0.5822746753692627
YDR011W,YER091C,0,-0.2834277,0.12332480400800705,0.8165503740310669,0.5823746919631958
YNL330C,YJR139C,0,-0.283449,0.12330622971057892,0.8165503740310669,0.5824747681617737
YDL075W,YEL016C,0,-0.28353354,0.12328767031431198,0.8165503740310669,0.5825747847557068
YDR390C,YOL140W,0,-0.28369457,0.12326911836862564,0.8165503740310669,0.5826748013496399
YNR027W,YHR036W,0,-0.28378057,0.1232505664229393,0.8165503740310669,0.582774817943573
YGL128C,YBL106C,0,-0.28429565,0.12323202192783356,0.8165503740310669,0.5828748345375061
YLR283W,YBR166C,0,-0.2846679,0.12321347743272781,0.8165503740310669,0.582974910736084
YGL223C,YDR387C,0,-0.2851079,0.12319494783878326,0.8165503740310669,0.5830749273300171
YJR068W,YLR099C,0,-0.2852431,0.12317641824483871,0.8165503740310669,0.5831749439239502
YER133W,YPL281C,0,-0.28539032,0.12315789610147476,0.8165503740310669,0.5832749605178833
YPR132W,YNL301C,0,-0.28553224,0.12313937395811081,0.8165503740310669,0.5833750367164612
YHR086W,YKL143W,0,-0.28572965,0.12312086671590805,0.8165503740310669,0.5834750533103943
YER051W,YGR014W,0,-0.28617817,0.12310235947370529,0.8165503740310669,0.5835750699043274
YDR466W,YDR400W,0,-0.2863222,0.12308385968208313,0.8165503740310669,0.5836750864982605
YGL135W,YPL194W,0,-0.28639662,0.12306536734104156,0.8165503740310669,0.5837751030921936
YNL128W,YLL035W,0,-0.2864331,0.123046875,0.8165503740310669,0.5838751792907715
YMR171C,YOR181W,0,-0.28676504,0.12302839010953903,0.8165503740310669,0.5839751958847046
YJL129C,YOL056W,0,-0.28774285,0.12300991266965866,0.8165503740310669,0.5840752124786377
YGR035C,YMR026C,0,-0.2879576,0.12299144268035889,0.8165503740310669,0.5841752290725708
YOR061W,YPR032W,0,-0.28838122,0.12297297269105911,0.8165503740310669,0.5842753052711487
YGR223C,YHR167W,0,-0.28850108,0.12295451015233994,0.8165503740310669,0.5843753218650818
YLR106C,YHR064C,0,-0.28881514,0.12293605506420135,0.8165503740310669,0.5844753384590149
YDR466W,YOR290C,0,-0.2889672,0.12291760742664337,0.8165503740310669,0.584575355052948
YNL218W,YPL155C,0,-0.28906256,0.12289915978908539,0.8165503740310669,0.5846754312515259
YDL166C,YDR247W,0,-0.28913355,0.122880719602108,0.8165503740310669,0.584775447845459
YEL013W,YMR285C,0,-0.2892986,0.12286228686571121,0.8165503740310669,0.5848754644393921
YHL032C,YKL017C,0,-0.289372,0.12284385412931442,0.8165503740310669,0.5849754810333252
YGL168W,YML125C,0,-0.2894228,0.12282543629407883,0.8165503740310669,0.5850754976272583
YDR234W,YOR278W,1,-0.28947398,0.12295696139335632,0.8175473809242249,0.5850754976272583
YNR027W,YBL061C,0,-0.28959334,0.12293852865695953,0.8175473809242249,0.5851755738258362
YAR019C,YOR076C,0,-0.2902,0.12292010337114334,0.8175473809242249,0.5852755904197693
YJL019W,YDL115C,0,-0.2902853,0.12290167808532715,0.8175473809242249,0.5853756070137024
YGR286C,YKR104W,0,-0.29032445,0.12288326025009155,0.8175473809242249,0.5854756236076355
YBL093C,YFR003C,0,-0.29081553,0.12286484986543655,0.8175473809242249,0.5855756998062134
YOR061W,YBR213W,0,-0.29090983,0.12284643948078156,0.8175473809242249,0.5856757164001465
YGR234W,YNL151C,0,-0.29126024,0.12282804399728775,0.8175473809242249,0.5857757329940796
YKL218C,YML115C,0,-0.29132378,0.12280964851379395,0.8175473809242249,0.5858757495880127
YOL103W,YLR100W,0,-0.29139465,0.12279125303030014,0.8175473809242249,0.5859757661819458
YAL035W,YDR103W,0,-0.29141515,0.12277287244796753,0.8175473809242249,0.5860758423805237
YLR090W,YMR314W,0,-0.29142338,0.12275449186563492,0.8175473809242249,0.5861758589744568
YLR364W,YDR503C,0,-0.29151917,0.1227361187338829,0.8175473809242249,0.5862758755683899
YLR212C,YHR167W,0,-0.29161185,0.12271774560213089,0.8175473809242249,0.586375892162323
YFR037C,YOR242C,0,-0.29213083,0.12269938737154007,0.8175473809242249,0.5864759683609009
YER140W,YHR070W,0,-0.2922339,0.12268102914094925,0.8175473809242249,0.586575984954834
YBR283C,YJR135W-A,0,-0.29258865,0.12266267836093903,0.8175473809242249,0.5866760015487671
YHR076W,YAL034W-A,0,-0.29307035,0.1226443350315094,0.8175473809242249,0.5867760181427002
YBL088C,YOR242C,0,-0.293271,0.12262599170207977,0.8175473809242249,0.5868760347366333
YPL177C,YMR022W,0,-0.29337108,0.12260765582323074,0.8175473809242249,0.5869761109352112
YKR037C,YGR071C,0,-0.29343647,0.12258932739496231,0.8175473809242249,0.5870761275291443
YKL100C,YDL143W,0,-0.29348254,0.12257099896669388,0.8175473809242249,0.5871761441230774
YNL091W,YGR061C,0,-0.29367262,0.12255268543958664,0.8175473809242249,0.5872761607170105
YJR075W,YLR221C,0,-0.29368225,0.1225343719124794,0.8175473809242249,0.5873762369155884
YDR177W,YOL080C,0,-0.29409721,0.12251605838537216,0.8175473809242249,0.5874762535095215
YPL172C,YPL103C,0,-0.29419374,0.12249775975942612,0.8175473809242249,0.5875762701034546
YMR043W,YJR001W,0,-0.29533347,0.12247946113348007,0.8175473809242249,0.5876762866973877
YJR094W-A,YFR015C,0,-0.29541564,0.12246116995811462,0.8175473809242249,0.5877763032913208
YGR063C,YNL325C,0,-0.29543775,0.12244288623332977,0.8175473809242249,0.5878763794898987
YIL070C,YDL007W,0,-0.29557234,0.12242460250854492,0.8175473809242249,0.5879763960838318
YDR120C,YNL268W,0,-0.29638016,0.12240632623434067,0.8175473809242249,0.5880764126777649
YDL019C,YDR093W,0,-0.29640204,0.12238805741071701,0.8175473809242249,0.588176429271698
YHR161C,YNL096C,0,-0.29648608,0.12236979603767395,0.8175473809242249,0.5882765054702759
YHR171W,YGR054W,0,-0.2965367,0.12235153466463089,0.8175473809242249,0.588376522064209
YDR170W-A,YNL135C,0,-0.29697078,0.12233328074216843,0.8175473809242249,0.5884765386581421
YOR037W,YPR032W,0,-0.2972683,0.12231503427028656,0.8175473809242249,0.5885765552520752
YPL038W,YML081C-A,0,-0.29729456,0.12229679524898529,0.8175473809242249,0.5886766314506531
YGL168W,YLL050C,0,-0.29758346,0.12227855622768402,0.8175473809242249,0.5887766480445862
YOR386W,YPR019W,0,-0.29762113,0.12226032465696335,0.8175473809242249,0.5888766646385193
YNR043W,YJL108C,0,-0.2983358,0.12224210053682327,0.8175473809242249,0.5889766812324524
YAL012W,YOR278W,1,-0.29878426,0.12237293273210526,0.8185443878173828,0.5889766812324524
YER083C,YMR045C,0,-0.29922682,0.12235469371080399,0.8185443878173828,0.5890766978263855
YCR039C,YLR127C,0,-0.2994737,0.12233646214008331,0.8185443878173828,0.5891767740249634
YER174C,YMR037C,0,-0.2994919,0.12231823801994324,0.8185443878173828,0.5892767906188965
YKL087C,YJL005W,1,-0.30010447,0.12244898080825806,0.8195413947105408,0.5892767906188965
YNL158W,YPL090C,0,-0.3003856,0.12243074178695679,0.8195413947105408,0.5893768072128296
YJL062W-A,YGL059W,0,-0.300394,0.12241251021623611,0.8195413947105408,0.5894768238067627
YER082C,YNL135C,0,-0.30051148,0.12239427864551544,0.8195413947105408,0.5895769000053406
YGL026C,YBL019W,1,-0.30072325,0.1225249394774437,0.8205384016036987,0.5895769000053406
YAL010C,YJR045C,0,-0.30092436,0.12250670045614243,0.8205384016036987,0.5896769165992737
YPL051W,YDL195W,0,-0.30106366,0.12248846888542175,0.8205384016036987,0.5897769331932068
YJL046W,YBR035C,0,-0.30133015,0.12247023731470108,0.8205384016036987,0.5898769497871399
YPL177C,YDR362C,0,-0.3014547,0.122452013194561,0.8205384016036987,0.589976966381073
YBR291C,YDR507C,0,-0.3021022,0.12243379652500153,0.8205384016036987,0.5900770425796509
YDR011W,YGR076C,0,-0.3021344,0.12241558730602264,0.8205384016036987,0.590177059173584
YLR318W,YNL091W,0,-0.30226487,0.12239738553762436,0.8205384016036987,0.5902770757675171
YEL038W,YGR037C,0,-0.30228895,0.12237918376922607,0.8205384016036987,0.5903770923614502
YNL227C,YGR218W,0,-0.30231887,0.12236098945140839,0.8205384016036987,0.5904771685600281
YJL056C,YAL012W,0,-0.30232453,0.1223427951335907,0.8205384016036987,0.5905771851539612
YDL190C,YDR014W,0,-0.30248052,0.1223246157169342,0.8205384016036987,0.5906772017478943
YHR046C,YDR424C,0,-0.30280954,0.12230643630027771,0.8205384016036987,0.5907772183418274
YGL223C,YLR040C,0,-0.30300432,0.12228826433420181,0.8205384016036987,0.5908772349357605
YOR224C,YBR058C-A,0,-0.3035435,0.12227009236812592,0.8205384016036987,0.5909773111343384
YNR043W,YDR334W,0,-0.30355144,0.12225192785263062,0.8205384016036987,0.5910773277282715
YGR063C,YLR318W,0,-0.3037535,0.12223377078771591,0.8205384016036987,0.5911773443222046
YDR326C,YKL198C,0,-0.30409437,0.1222156211733818,0.8205384016036987,0.5912773609161377
YFR041C,YJL062W,0,-0.30427498,0.1221974790096283,0.8205384016036987,0.5913774371147156
YNR050C,YAL043C,0,-0.3043549,0.12217933684587479,0.8205384016036987,0.5914774537086487
YLR035C-A,YOL056W,0,-0.30441368,0.12216120213270187,0.8205384016036987,0.5915774703025818
YDR056C,YPL031C,0,-0.3047614,0.12214306741952896,0.8205384016036987,0.5916774868965149
YML015C,YJL170C,0,-0.30485255,0.12212494760751724,0.8205384016036987,0.591777503490448
YBL078C,YDL210W,0,-0.30504864,0.12210682779550552,0.8205384016036987,0.5918775796890259
YDR465C,YBR160W,0,-0.30506122,0.1220887079834938,0.8205384016036987,0.591977596282959
YER087C-A,YBR012W-B,0,-0.30511346,0.12207060307264328,0.8205384016036987,0.5920776128768921
YDL129W,YDR054C,0,-0.30517456,0.12205249816179276,0.8205384016036987,0.5921776294708252
YER089C,YML088W,0,-0.30517763,0.12203440070152283,0.8205384016036987,0.5922777056694031
YLR276C,YGL227W,0,-0.3057081,0.1220163106918335,0.8205384016036987,0.5923777222633362
YCR096C,YBR087W,0,-0.30605733,0.12199822068214417,0.8205384016036987,0.5924777388572693
YBR176W,YGR054W,0,-0.30627757,0.12198013812303543,0.8205384016036987,0.5925777554512024
YNL039W,YEL017C-A,0,-0.30633724,0.1219620630145073,0.8205384016036987,0.5926778316497803
YOR386W,YBL019W,1,-0.30640948,0.12209216505289078,0.8215354084968567,0.5926778316497803
YDR402C,YLR441C,0,-0.30652767,0.12207407504320145,0.8215354084968567,0.5927778482437134
YDR283C,YIL072W,0,-0.30665678,0.12205599248409271,0.8215354084968567,0.5928778648376465
YOR067C,YJR089W,0,-0.30719388,0.12203791737556458,0.8215354084968567,0.5929778814315796
YML015C,YLR446W,0,-0.3075565,0.12201984226703644,0.8215354084968567,0.5930778980255127
YOR290C,YKL195W,0,-0.30784553,0.1220017746090889,0.8215354084968567,0.5931779742240906
YMR264W,YBL060W,0,-0.30785134,0.12198371440172195,0.8215354084968567,0.5932779908180237
YBR213W,YNL115C,0,-0.3078627,0.12196566164493561,0.8215354084968567,0.5933780074119568
YMR004W,YOR080W,0,-0.30818447,0.12194760888814926,0.8215354084968567,0.5934780240058899
YDR524C,YGR027W-B,0,-0.3082685,0.12192956358194351,0.8215354084968567,0.5935781002044678
YJL106W,YML095C,0,-0.30871814,0.12191152572631836,0.8215354084968567,0.5936781167984009
YNL330C,YJR104C,0,-0.30872363,0.1218934878706932,0.8215354084968567,0.593778133392334
YMR298W,YLR373C,0,-0.30872887,0.12187546491622925,0.8215354084968567,0.5938781499862671
YPL269W,YOR306C,0,-0.30877846,0.12185744196176529,0.8215354084968567,0.5939781665802002
YDR341C,YER133W,0,-0.30890167,0.12183941900730133,0.8215354084968567,0.5940782427787781
YOR278W,YPL159C,0,-0.30948126,0.12182141095399857,0.8215354084968567,0.5941782593727112
YLR086W,YDR252W,0,-0.3095598,0.1218034029006958,0.8215354084968567,0.5942782759666443
YMR198W,YDR520C,0,-0.30986142,0.12178539484739304,0.8215354084968567,0.5943782925605774
YAL053W,YBR273C,0,-0.3099086,0.12176740169525146,0.8215354084968567,0.5944783687591553
YIR015W,YER113C,0,-0.31022486,0.1217494085431099,0.8215354084968567,0.5945783853530884
YDR224C,YDR252W,0,-0.31022936,0.12173142284154892,0.8215354084968567,0.5946784019470215
YGL119W,YGR086C,0,-0.3103024,0.12171344459056854,0.8215354084968567,0.5947784185409546
YOL064C,YOR290C,0,-0.31064248,0.12169546633958817,0.8215354084968567,0.5948784351348877
YBL017C,YOR070C,0,-0.3108616,0.12167749553918839,0.8215354084968567,0.5949785113334656
YPR166C,YBR058C-A,0,-0.31087035,0.1216595321893692,0.8215354084968567,0.5950785279273987
YOR061W,YHR011W,0,-0.31111616,0.12164156883955002,0.8215354084968567,0.5951785445213318
YKL140W,YLR448W,0,-0.31112218,0.12162361294031143,0.8215354084968567,0.5952785611152649
YKR062W,YPL059W,0,-0.3115111,0.12160566449165344,0.8215354084968567,0.5953786373138428
YLR008C,YPR049C,0,-0.3117128,0.12158772349357605,0.8215354084968567,0.5954786539077759
YJL106W,YGL123W,0,-0.3118271,0.12156978249549866,0.8215354084968567,0.595578670501709
YAL013W,YJR022W,0,-0.3122021,0.12155184894800186,0.8215354084968567,0.5956786870956421
YDR315C,YGL161C,0,-0.31296706,0.12153392285108566,0.8215354084968567,0.59577876329422
YMR307W,YBR097W,0,-0.31305408,0.12151600420475006,0.8215354084968567,0.5958787798881531
YML005W,YNR043W,0,-0.31370014,0.12149808555841446,0.8215354084968567,0.5959787964820862
YLR450W,YCL031C,0,-0.31415847,0.12148017436265945,0.8215354084968567,0.5960788130760193
YGL178W,YLR438C-A,0,-0.3142196,0.12146226316690445,0.8215354084968567,0.5961788296699524
YGL090W,YLR441C,0,-0.31426036,0.12144435942173004,0.8215354084968567,0.5962789058685303
YGL168W,YDR298C,0,-0.31454676,0.12142646312713623,0.8215354084968567,0.5963789224624634
YLR134W,YNL242W,0,-0.31482518,0.12140857428312302,0.8215354084968567,0.5964789390563965
YIL039W,YDR118W,0,-0.315232,0.1213906928896904,0.8215354084968567,0.5965789556503296
YDL204W,YNL185C,0,-0.3152647,0.12137281149625778,0.8215354084968567,0.5966790318489075
YOL127W,YAL025C,0,-0.31537893,0.12135493010282516,0.8215354084968567,0.5967790484428406
YFR006W,YPL095C,0,-0.31588453,0.12133706361055374,0.8215354084968567,0.5968790650367737
YEL058W,YGR075C,0,-0.31647024,0.12131919711828232,0.8215354084968567,0.5969790816307068
YHL040C,YBL090W,0,-0.31669807,0.12130133807659149,0.8215354084968567,0.5970790982246399
YBR055C,YLR337W,0,-0.31669948,0.12128348648548126,0.8215354084968567,0.5971791744232178
YCR020C,YJR110W,0,-0.31674114,0.12126563489437103,0.8215354084968567,0.5972791910171509
YDR320C-A,YLR097C,0,-0.31682968,0.1212477907538414,0.8215354084968567,0.597379207611084
YAL035W,YBR012W-B,0,-0.31714737,0.12122995406389236,0.8215354084968567,0.5974792242050171
YGR223C,YBR058C,0,-0.3171546,0.12121212482452393,0.8215354084968567,0.597579300403595
YJL158C,YBL023C,0,-0.31721926,0.12119429558515549,0.8215354084968567,0.5976793169975281
YER159C-A,YGL161C,0,-0.31729794,0.12117647379636765,0.8215354084968567,0.5977793335914612
YNL188W,YHR086W,0,-0.3173355,0.1211586520075798,0.8215354084968567,0.5978793501853943
YJL080C,YJR155W,0,-0.31775934,0.12114083766937256,0.8215354084968567,0.5979793667793274
YER153C,YNL098C,0,-0.31818962,0.12112303078174591,0.8215354084968567,0.5980794429779053
YPR049C,YOR246C,0,-0.31830144,0.12110523134469986,0.8215354084968567,0.5981794595718384
YBR237W,YBR264C,0,-0.3187697,0.1210874393582344,0.8215354084968567,0.5982794761657715
YOR278W,YPL214C,0,-0.31922042,0.12106964737176895,0.8215354084968567,0.5983794927597046
YGR170W,YOR128C,1,-0.3194577,0.12119876593351364,0.8225324153900146,0.5983794927597046
YDR447C,YDR166C,0,-0.3194604,0.12118096649646759,0.8225324153900146,0.5984795689582825
YPL090C,YIL155C,0,-0.31961656,0.12116316705942154,0.8225324153900146,0.5985795855522156
YLR414C,YDR065W,0,-0.31975484,0.12114537507295609,0.8225324153900146,0.5986796021461487
YNL128W,YNL146W,0,-0.31980747,0.12112759053707123,0.8225324153900146,0.5987796187400818
YDR507C,YFR007W,0,-0.31983367,0.12110980600118637,0.8225324153900146,0.5988796353340149
YDR003W,YAL058W,0,-0.3202238,0.12109202891588211,0.8225324153900146,0.5989797115325928
YLR035C-A,YOR076C,0,-0.32032353,0.12107425928115845,0.8225324153900146,0.5990797281265259
YIL126W,YDL184C,0,-0.32051653,0.12105648964643478,0.8225324153900146,0.599179744720459
YBL103C,YLR188W,0,-0.32080203,0.12103873491287231,0.8225324153900146,0.5992797613143921
YNL311C,YPL153C,0,-0.32086974,0.12102098017930984,0.8225324153900146,0.59937983751297
YBR082C,YGL084C,0,-0.32088453,0.12100322544574738,0.8225324153900146,0.5994798541069031
YLR459W,YDR315C,0,-0.32102555,0.1209854781627655,0.8225324153900146,0.5995798707008362
YOR047C,YGL173C,0,-0.3210433,0.12096773833036423,0.8225324153900146,0.5996798872947693
YBR041W,YBR055C,0,-0.3211546,0.12095000594854355,0.8225324153900146,0.5997799634933472
YMR312W,YOL140W,0,-0.32132864,0.12093228101730347,0.8225324153900146,0.5998799800872803
YER029C,YDR096W,0,-0.32149988,0.12091455608606339,0.8225324153900146,0.5999799966812134
YDR033W,YIL150C,0,-0.3216713,0.1208968311548233,0.8225324153900146,0.6000800132751465
YGR169C,YER065C,1,-0.32175732,0.12102564424276352,0.8235294222831726,0.6000800132751465
YOR063W,YOL092W,0,-0.32186347,0.12100791186094284,0.8235294222831726,0.6001800298690796
YPL206C,YML015C,0,-0.32200432,0.12099018692970276,0.8235294222831726,0.6002801060676575
YPL091W,YDR363W-A,0,-0.32240897,0.12097246944904327,0.8235294222831726,0.6003801226615906
YER025W,YNL217W,0,-0.32309708,0.12095475196838379,0.8235294222831726,0.6004801392555237
YIL034C,YHR184W,0,-0.32322657,0.1209370419383049,0.8235294222831726,0.6005801558494568
YHR167W,YDR101C,0,-0.32334983,0.12091933935880661,0.8235294222831726,0.6006802320480347
YLR170C,YDL180W,0,-0.32349056,0.12090163677930832,0.8235294222831726,0.6007802486419678
YPR048W,YLL038C,0,-0.32410067,0.12088394910097122,0.8235294222831726,0.6008802652359009
YKR062W,YFL036W,0,-0.32436728,0.12086625397205353,0.8235294222831726,0.600980281829834
YIL126W,YGL141W,0,-0.32498488,0.12084857374429703,0.8235294222831726,0.6010802984237671
YIL027C,YOL005C,0,-0.32539636,0.12083089351654053,0.8235294222831726,0.601180374622345
YDR320C-A,YOR270C,0,-0.32540148,0.12081322073936462,0.8235294222831726,0.6012803912162781
YKL089W,YGL119W,0,-0.3254493,0.12079555541276932,0.8235294222831726,0.6013804078102112
YDR379W,YPL031C,0,-0.32545623,0.12077789008617401,0.8235294222831726,0.6014804244041443
YML113W,YGL095C,0,-0.32575136,0.1207602322101593,0.8235294222831726,0.6015805006027222
YBR087W,YLR035C-A,0,-0.32575232,0.12074258178472519,0.8235294222831726,0.6016805171966553
YDR532C,YDL075W,0,-0.32584,0.12072493135929108,0.8235294222831726,0.6017805337905884
YER025W,YJR029W,0,-0.32591587,0.12070729583501816,0.8235294222831726,0.6018805503845215
YNL311C,YNL227C,0,-0.32604373,0.12068965286016464,0.8235294222831726,0.6019805669784546
YML034W,YGR162W,0,-0.3260907,0.12067202478647232,0.8235294222831726,0.6020806431770325
YHR140W,YKL158W,0,-0.32612884,0.12065439671278,0.8235294222831726,0.6021806597709656
YFL002W-A,YBR245C,0,-0.3263717,0.12063677608966827,0.8235294222831726,0.6022806763648987
YNR043W,YOR278W,1,-0.32696843,0.12076518684625626,0.8245264291763306,0.6022806763648987
YLR439W,YPL048W,0,-0.3271147,0.12074755132198334,0.8245264291763306,0.6023806929588318
YPR048W,YDL075W,0,-0.32735264,0.12072993069887161,0.8245264291763306,0.6024807691574097
YDL138W,YFL041W,0,-0.3274064,0.12071230262517929,0.8245264291763306,0.6025807857513428
YDL195W,YDR368W,0,-0.32876426,0.12069468945264816,0.8245264291763306,0.6026808023452759
YKL011C,YGL040C,0,-0.3288887,0.12067707628011703,0.8245264291763306,0.602780818939209
YDL127W,YDR236C,0,-0.3292768,0.1206594705581665,0.8245264291763306,0.6028808355331421
YMR109W,YGR037C,0,-0.32940525,0.12064186483621597,0.8245264291763306,0.60298091173172
YIR014W,YAR015W,0,-0.32943916,0.12062427401542664,0.8245264291763306,0.6030809283256531
YDR283C,YPR168W,0,-0.32972175,0.1206066757440567,0.8245264291763306,0.6031809449195862
YGR058W,YPL111W,0,-0.3297512,0.12058909237384796,0.8245264291763306,0.6032809615135193
YJL221C,YKR030W,0,-0.33024347,0.12057150900363922,0.8245264291763306,0.6033810377120972
YOL005C,YLR014C,0,-0.3305019,0.12055393308401108,0.8245264291763306,0.6034810543060303
YLR439W,YFR015C,0,-0.3307013,0.12053636461496353,0.8245264291763306,0.6035810708999634
YDR069C,YPR041W,0,-0.33088446,0.12051879614591599,0.8245264291763306,0.6036810874938965
YER159C-A,YML125C,0,-0.33122694,0.12050123512744904,0.8245264291763306,0.6037811636924744
YDL080C,YNL169C,1,-0.33184823,0.12062937021255493,0.8255234360694885,0.6037811636924744
YNL293W,YJR022W,0,-0.33189633,0.12061180174350739,0.8255234360694885,0.6038811802864075
YBR241C,YPL153C,0,-0.33190215,0.12059423327445984,0.8255234360694885,0.6039811968803406
YML054C,YLR090W,0,-0.332398,0.12057667225599289,0.8255234360694885,0.6040812134742737
YNL207W,YLR419W,0,-0.33241224,0.12055911123752594,0.8255234360694885,0.6041812300682068
YAL010C,YEL015W,0,-0.3324793,0.12054156512022018,0.8255234360694885,0.6042813062667847
YMR122W-A,YJL148W,0,-0.33282897,0.12052401900291443,0.8255234360694885,0.6043813228607178
YOR116C,YDL060W,0,-0.33284527,0.12050647288560867,0.8255234360694885,0.6044813394546509
YIR006C,YGR162W,0,-0.33292383,0.12048894166946411,0.8255234360694885,0.604581356048584
YDL164C,YGL009C,0,-0.33302122,0.12047141045331955,0.8255234360694885,0.6046814322471619
YMR128W,YKR030W,0,-0.33303082,0.12045388668775558,0.8255234360694885,0.604781448841095
YLR357W,YHR010W,0,-0.33338344,0.12043636292219162,0.8255234360694885,0.6048814654350281
YDR219C,YDL099W,0,-0.33368498,0.12041884660720825,0.8255234360694885,0.6049814820289612
YJL198W,YER112W,0,-0.3339619,0.12040133774280548,0.8255234360694885,0.6050814986228943
YAL035W,YMR122W-A,0,-0.3341943,0.12038382887840271,0.8255234360694885,0.6051815748214722
YGR254W,YDL080C,1,-0.33459115,0.12051170319318771,0.8265204429626465,0.6051815748214722
YLR337W,YDR362C,0,-0.33506882,0.12049418687820435,0.8265204429626465,0.6052815914154053
YOR036W,YAR044W,0,-0.33518052,0.12047667801380157,0.8265204429626465,0.6053816080093384
YEL013W,YLR139C,0,-0.3356228,0.1204591691493988,0.8265204429626465,0.6054816246032715
YAR019C,YHR172W,0,-0.3356527,0.12044166773557663,0.8265204429626465,0.6055817008018494
YDR347W,YDR487C,0,-0.33591783,0.12042417377233505,0.8265204429626465,0.6056817173957825
YNL330C,YGR063C,0,-0.33599675,0.12040667980909348,0.8265204429626465,0.6057817339897156
YEL059C-A,YLR014C,0,-0.33617234,0.1203891932964325,0.8265204429626465,0.6058817505836487
YPL271W,YBR245C,0,-0.33692384,0.12037171423435211,0.8265204429626465,0.6059817671775818
YKL218C,YCL027W,0,-0.33714032,0.12035424262285233,0.8265204429626465,0.6060818433761597
YPR048W,YDR402C,0,-0.33716077,0.12033677101135254,0.8265204429626465,0.6061818599700928
YMR312W,YOR044W,0,-0.3371685,0.12031930685043335,0.8265204429626465,0.6062818765640259
YDR393W,YKL158W,0,-0.33730078,0.12030184268951416,0.8265204429626465,0.606381893157959
YLR097C,YMR312W,0,-0.33756447,0.12028438597917557,0.8265204429626465,0.6064819693565369
YMR198W,YDL095W,0,-0.33757138,0.12026693671941757,0.8265204429626465,0.60658198595047
YNL128W,YPL204W,0,-0.3381682,0.12024949491024017,0.8265204429626465,0.6066820025444031
YGR008C,YGL040C,0,-0.33829886,0.12023205310106277,0.8265204429626465,0.6067820191383362
YHR031C,YER088C,0,-0.33893192,0.12021461874246597,0.8265204429626465,0.6068820357322693
YLR238W,YMR139W,0,-0.33898103,0.12019718438386917,0.8265204429626465,0.6069821119308472
YDR465C,YBL017C,0,-0.33919644,0.12017976492643356,0.8265204429626465,0.6070821285247803
YHR027C,YLR120C,0,-0.33934826,0.12016234546899796,0.8265204429626465,0.6071821451187134
YOL103W,YNL091W,0,-0.33947188,0.12014492601156235,0.8265204429626465,0.6072821617126465
YJR010C-A,YHR184W,0,-0.33959278,0.12012752145528793,0.8265204429626465,0.6073822379112244
YER148W,YLR318W,0,-0.33984864,0.12011010944843292,0.8265204429626465,0.6074822545051575
YLR441C,YLR403W,0,-0.3399849,0.1200927123427391,0.8265204429626465,0.6075822710990906
YMR233W,YLR032W,0,-0.3399939,0.12007531523704529,0.8265204429626465,0.6076822876930237
YBR087W,YMR217W,0,-0.3401419,0.12005792558193207,0.8265204429626465,0.6077823638916016
YDL033C,YAL034W-A,0,-0.3402369,0.12004054337739944,0.8265204429626465,0.6078823804855347
YNL159C,YDR315C,0,-0.34052974,0.12002316862344742,0.8265204429626465,0.6079823970794678
YMR088C,YFR005C,0,-0.34059256,0.12000579386949539,0.8265204429626465,0.6080824136734009
YER099C,YMR292W,0,-0.340612,0.11998841911554337,0.8265204429626465,0.608182430267334
YDR495C,YGL090W,0,-0.34061438,0.11997105926275253,0.8265204429626465,0.6082825064659119
YNL086W,YDL164C,0,-0.34126022,0.1199536994099617,0.8265204429626465,0.608382523059845
YEL038W,YLR396C,0,-0.341271,0.11993633955717087,0.8265204429626465,0.6084825396537781
YLR212C,YJR143C,0,-0.34128267,0.11991899460554123,0.8265204429626465,0.6085825562477112
YDL051W,YIL113W,0,-0.34152454,0.11990164965391159,0.8265204429626465,0.6086826324462891
YML043C,YGR054W,0,-0.34154385,0.11988431215286255,0.8265204429626465,0.6087826490402222
YML095C,YGL155W,0,-0.3416397,0.11986697465181351,0.8265204429626465,0.6088826656341553
YOR290C,YDR362C,0,-0.34166265,0.11984964460134506,0.8265204429626465,0.6089826822280884
YCR072C,YLR192C,0,-0.34187478,0.11983232200145721,0.8265204429626465,0.6090826988220215
YGR263C,YPR168W,0,-0.34189272,0.11981499940156937,0.8265204429626465,0.6091827750205994
YLL062C,YJL008C,0,-0.34251297,0.11979768425226212,0.8265204429626465,0.6092827916145325
YKL154W,YJL136C,0,-0.34259093,0.11978037655353546,0.8265204429626465,0.6093828082084656
YCR072C,YJR094W-A,0,-0.34271276,0.1197630763053894,0.8265204429626465,0.6094828248023987
YPL281C,YOR278W,1,-0.342843,0.11989022046327591,0.8275174498558044,0.6094828248023987
YOL003C,YDL204W,0,-0.34299994,0.11987290531396866,0.8275174498558044,0.6095829010009766
YMR208W,YJL008C,0,-0.343026,0.119855597615242,0.8275174498558044,0.6096829175949097
YOR174W,YGR218W,0,-0.3432835,0.11983828991651535,0.8275174498558044,0.6097829341888428
YLR450W,YNL136W,0,-0.3435076,0.1198209896683693,0.8275174498558044,0.6098829507827759
YPR132W,YDR210W-B,0,-0.34360772,0.11980369687080383,0.8275174498558044,0.609982967376709
YPR021C,YER030W,0,-0.34400392,0.11978640407323837,0.8275174498558044,0.6100830435752869
YIL145C,YOR306C,0,-0.3441735,0.11976911872625351,0.8275174498558044,0.61018306016922
YMR264W,YKL021C,0,-0.34450752,0.11975184082984924,0.8275174498558044,0.6102830767631531
YHR171W,YOR069W,0,-0.34513694,0.11973456293344498,0.8275174498558044,0.6103830933570862
YLR134W,YER044C,0,-0.34522092,0.11971729248762131,0.8275174498558044,0.6104831695556641
YBR092C,YOR315W,0,-0.34533417,0.11970002949237823,0.8275174498558044,0.6105831861495972
YDL195W,YGL106W,0,-0.34546518,0.11968276649713516,0.8275174498558044,0.6106832027435303
YDR126W,YPR102C,0,-0.3455829,0.11966551095247269,0.8275174498558044,0.6107832193374634
YDR219C,YDR315C,0,-0.34564358,0.11964826285839081,0.8275174498558044,0.6108832359313965
YNL001W,YOR039W,0,-0.3456922,0.11963101476430893,0.8275174498558044,0.6109833121299744
YOR037W,YDL164C,0,-0.34578788,0.11961377412080765,0.8275174498558044,0.6110833287239075
YJL044C,YOR374W,0,-0.34587115,0.11959654092788696,0.8275174498558044,0.6111833453178406
YAR018C,YPR042C,0,-0.34591877,0.11957930773496628,0.8275174498558044,0.6112833619117737
YOR167C,YGL141W,0,-0.3461272,0.11956208944320679,0.8275174498558044,0.6113834381103516
YNL001W,YER153C,0,-0.34623784,0.1195448637008667,0.8275174498558044,0.6114834547042847
YER068W,YML091C,0,-0.34639668,0.1195276528596878,0.8275174498558044,0.6115834712982178
YER086W,YDR047W,1,-0.3463995,0.11965442448854446,0.8285144567489624,0.6115834712982178
YEL015W,YPL143W,0,-0.34641558,0.11963719874620438,0.8285144567489624,0.6116834878921509
YGR188C,YER110C,0,-0.3465969,0.11961998045444489,0.8285144567489624,0.6117835640907288
YAR019C,YMR292W,0,-0.34751695,0.1196027621626854,0.8285144567489624,0.6118835806846619
YOR393W,YFL061W,1,-0.34756136,0.11972945928573608,0.8295114636421204,0.6118835806846619
YPL121C,YDR238C,0,-0.34770316,0.119712233543396,0.8295114636421204,0.611983597278595
YHR105W,YNL039W,0,-0.34787095,0.11969500780105591,0.8295114636421204,0.6120836138725281
YDR532C,YLL062C,0,-0.348058,0.11967778950929642,0.8295114636421204,0.6121836304664612
YLR134W,YNL169C,1,-0.34817585,0.11980440467596054,0.8305084705352783,0.6121836304664612
YHR046C,YJL143W,0,-0.34839427,0.11978717148303986,0.8305084705352783,0.6122837066650391
YDR265W,YIL072W,0,-0.34864303,0.11976995319128036,0.8305084705352783,0.6123837232589722
YNL086W,YDR060W,0,-0.34864515,0.11975273489952087,0.8305084705352783,0.6124837398529053
YOR326W,YOR150W,0,-0.3487668,0.11973551660776138,0.8305084705352783,0.6125837564468384
YHR105W,YDR236C,0,-0.3491481,0.11971831321716309,0.8305084705352783,0.6126838326454163
YPL059W,YOR069W,0,-0.34947744,0.11970110982656479,0.8305084705352783,0.6127838492393494
YAR010C,YER020W,0,-0.34967536,0.11968390643596649,0.8305084705352783,0.6128838658332825
YOR070C,YOR014W,0,-0.34978768,0.11966671794652939,0.8305084705352783,0.6129838824272156
YLR035C-A,YCL061C,0,-0.3499201,0.11964952945709229,0.8305084705352783,0.6130838990211487
YLR165C,YJL005W,1,-0.3502534,0.11977595835924149,0.8315054774284363,0.6130838990211487
YMR257C,YLR286C,0,-0.35051918,0.11975876241922379,0.8315054774284363,0.6131839752197266
YDR320C-A,YDR298C,0,-0.35079813,0.11974156647920609,0.8315054774284363,0.6132839918136597
YIL172C,YDL033C,0,-0.35109764,0.11972437798976898,0.8315054774284363,0.6133840084075928
YBR176W,YOL123W,0,-0.3511566,0.11970718950033188,0.8315054774284363,0.6134840250015259
YBL078C,YEL015W,0,-0.35131073,0.11969000846147537,0.8315054774284363,0.6135841012001038
YMR298W,YOR179C,0,-0.35153753,0.11967283487319946,0.8315054774284363,0.6136841177940369
YJL143W,YAL044C,0,-0.3518634,0.11965566873550415,0.8315054774284363,0.61378413438797
YIL027C,YHR140W,0,-0.35224003,0.11963850259780884,0.8315054774284363,0.6138841509819031
YOL138C,YJR001W,0,-0.35231173,0.11962134391069412,0.8315054774284363,0.6139841675758362
YAL039C,YKL114C,1,-0.35247654,0.1197476014494896,0.8325024843215942,0.6139841675758362
YLR097C,YLR172C,0,-0.35270697,0.11973042786121368,0.8325024843215942,0.6140842437744141
YLR459W,YMR314W,0,-0.3535068,0.11971326172351837,0.8325024843215942,0.6141842603683472
YMR043W,YLR120C,0,-0.3539638,0.11969610303640366,0.8325024843215942,0.6142842769622803
YER159C-A,YJR015W,0,-0.3541637,0.11967894434928894,0.8325024843215942,0.6143842935562134
YBR267W,YDR520C,0,-0.35447258,0.11966179311275482,0.8325024843215942,0.6144843697547913
YCR039C,YPR036W,0,-0.35447836,0.1196446493268013,0.8325024843215942,0.6145843863487244
YKL088W,YGR155W,1,-0.3545211,0.11977077275514603,0.8334994912147522,0.6145843863487244
YKL199C,YBR035C,0,-0.35483342,0.11975361406803131,0.8334994912147522,0.6146844029426575
YCR053W,YDR362C,0,-0.3555436,0.11973646283149719,0.8334994912147522,0.6147844195365906
YLR371W,YHR099W,0,-0.3556044,0.11971931904554367,0.8334994912147522,0.6148844361305237
YLR040C,YBR142W,0,-0.3561954,0.11970217525959015,0.8334994912147522,0.6149845123291016
YMR130W,YAL008W,0,-0.35647517,0.11968503892421722,0.8334994912147522,0.6150845289230347
YLL013C,YPR042C,0,-0.35652924,0.1196679100394249,0.8334994912147522,0.6151845455169678
YOR386W,YHR112C,1,-0.35656083,0.11979389935731888,0.8344964981079102,0.6151845455169678
YML077W,YJL109C,0,-0.3569754,0.11977676302194595,0.8344964981079102,0.6152845621109009
YDR465C,YLR337W,0,-0.35705507,0.11975961923599243,0.8344964981079102,0.6153846383094788
YIL070C,YDR466W,0,-0.35717118,0.1197424903512001,0.8344964981079102,0.6154846549034119
YIL150C,YBR030W,0,-0.35770738,0.11972536146640778,0.8344964981079102,0.615584671497345
YOL018C,YER007W,0,-0.35772163,0.11970824003219604,0.8344964981079102,0.6156846880912781
YPL121C,YGL147C,0,-0.35784346,0.11969111859798431,0.8344964981079102,0.615784764289856
YER148W,YEL021W,0,-0.3582731,0.11967400461435318,0.8344964981079102,0.6158847808837891
YER051W,YGR061C,0,-0.3584479,0.11965689808130264,0.8344964981079102,0.6159847974777222
YKL211C,YNR033W,1,-0.35864818,0.11978273093700409,0.8354935050010681,0.6159847974777222
YEL013W,YOL120C,0,-0.35917863,0.11976561695337296,0.8354935050010681,0.6160848140716553
YGL232W,YFR015C,0,-0.35923654,0.11974850296974182,0.8354935050010681,0.6161848306655884
YNL129W,YER153C,0,-0.35946214,0.11973138898611069,0.8354935050010681,0.6162849068641663
YPR098C,YLR438C-A,0,-0.35967672,0.11971428245306015,0.8354935050010681,0.6163849234580994
YGL089C,YCL059C,0,-0.36008304,0.11969718337059021,0.8354935050010681,0.6164849400520325
YNL242W,YHR067W,0,-0.36025402,0.11968009173870087,0.8354935050010681,0.6165849566459656
YDL085W,YJR126C,0,-0.36047977,0.11966300010681152,0.8354935050010681,0.6166850328445435
YLR439W,YOR228C,0,-0.36086336,0.11964591592550278,0.8354935050010681,0.6167850494384766
YER159C-A,YDL030W,0,-0.36090222,0.11962883919477463,0.8354935050010681,0.6168850660324097
YIL126W,YMR122W-A,0,-0.3615036,0.11961176246404648,0.8354935050010681,0.6169850826263428
YNL128W,YDR128W,0,-0.36189735,0.11959469318389893,0.8354935050010681,0.6170850992202759
YOL103W,YGL031C,0,-0.3629785,0.11957762390375137,0.8354935050010681,0.6171851754188538
YER090W,YIL168W,1,-0.36307633,0.11970324069261551,0.8364905118942261,0.6171851754188538
YDL166C,YMR221C,0,-0.3632974,0.11968616396188736,0.8364905118942261,0.6172851920127869
YPL106C,YPL074W,0,-0.36341798,0.11966909468173981,0.8364905118942261,0.61738520860672
YDR456W,YCR092C,0,-0.36343133,0.11965202540159225,0.8364905118942261,0.6174852252006531
YDR531W,YDL033C,0,-0.3637548,0.1196349635720253,0.8364905118942261,0.617585301399231
YHR025W,YDR322W,0,-0.36386538,0.11961790919303894,0.8364905118942261,0.6176853179931641
YGL223C,YLR192C,0,-0.36403245,0.11960085481405258,0.8364905118942261,0.6177853345870972
YOR257W,YKL116C,0,-0.36421353,0.11958380788564682,0.8364905118942261,0.6178853511810303
YBR123C,YPR168W,0,-0.36452138,0.11956676840782166,0.8364905118942261,0.6179853677749634
YOR037W,YIL034C,0,-0.3645866,0.11954972892999649,0.8364905118942261,0.6180854439735413
YIL150C,YDR387C,0,-0.3648333,0.11953269690275192,0.8364905118942261,0.6181854605674744
YKL173W,YBR273C,0,-0.36510932,0.11951567232608795,0.8364905118942261,0.6182854771614075
YER083C,YKL173W,0,-0.36513257,0.11949864774942398,0.8364905118942261,0.6183854937553406
YBR036C,YOR075W,0,-0.36527812,0.1194816306233406,0.8364905118942261,0.6184855699539185
YDR320C-A,YDR421W,0,-0.36540008,0.11946461349725723,0.8364905118942261,0.6185855865478516
YBR055C,YBL037W,0,-0.365429,0.11944761127233505,0.8364905118942261,0.6186856031417847
YGL210W,YOR240W,0,-0.365685,0.11943060159683228,0.8364905118942261,0.6187856197357178
YHR067W,YHR174W,1,-0.36572263,0.11955593526363373,0.837487518787384,0.6187856197357178
YMR312W,YLR438C-A,0,-0.36573535,0.11953891813755035,0.837487518787384,0.6188856363296509
YFR005C,YKL021C,0,-0.36601943,0.11952191591262817,0.837487518787384,0.6189857125282288
YGR029W,YKL135C,0,-0.3661879,0.1195049062371254,0.837487518787384,0.6190857291221619
YER070W,YLR127C,0,-0.3662244,0.11948791146278381,0.837487518787384,0.619185745716095
YNR027W,YDL030W,0,-0.36638266,0.11947091668844223,0.837487518787384,0.6192857623100281
YMR127C,YDR486C,0,-0.3667355,0.11945392191410065,0.837487518787384,0.619385838508606
YGR106C,YLR045C,0,-0.36689106,0.11943694204092026,0.837487518787384,0.6194858551025391
YOL152W,YNR040W,0,-0.36781174,0.11941996216773987,0.837487518787384,0.6195858716964722
YOR175C,YGR035C,0,-0.36809003,0.11940298229455948,0.837487518787384,0.6196858882904053
YGL249W,YHR036W,0,-0.36847603,0.11938601732254028,0.837487518787384,0.6197859644889832
YMR287C,YPR073C,0,-0.3686818,0.11936905235052109,0.837487518787384,0.6198859810829163
YPL091W,YFL002W-A,0,-0.36875093,0.11935208737850189,0.837487518787384,0.6199859976768494
YNL129W,YOL019W,0,-0.3693014,0.1193351298570633,0.837487518787384,0.6200860142707825
YPL194W,YKL028W,0,-0.36940753,0.11931817978620529,0.837487518787384,0.6201860308647156
YGL119W,YBR207W,0,-0.36941853,0.11930123716592789,0.837487518787384,0.6202861070632935
YBL037W,YKL198C,0,-0.36965597,0.11928429454565048,0.837487518787384,0.6203861236572266
YDR387C,YAL044C,0,-0.36988294,0.11926735937595367,0.837487518787384,0.6204861402511597
YPR118W,YGL031C,0,-0.37015563,0.11925042420625687,0.837487518787384,0.6205861568450928
YLR074C,YLR099C,0,-0.37016386,0.11923349648714066,0.837487518787384,0.6206862330436707
YOR047C,YER180C,0,-0.37022603,0.11921657621860504,0.837487518787384,0.6207862496376038
YDR248C,YAL053W,0,-0.3705054,0.11919965595006943,0.837487518787384,0.6208862662315369
YPR178W,YKR105C,0,-0.37088257,0.11918275058269501,0.837487518787384,0.62098628282547
YCR020C,YBR033W,0,-0.37094605,0.11916583776473999,0.837487518787384,0.6210862994194031
YOR037W,YML074C,0,-0.3710261,0.11914893984794617,0.837487518787384,0.621186375617981
YLR045C,YKR009C,0,-0.37120187,0.11913203448057175,0.837487518787384,0.6212863922119141
YKR090W,YLR139C,0,-0.3712684,0.11911514401435852,0.837487518787384,0.6213864088058472
YER180C,YPR047W,0,-0.37127942,0.1190982535481453,0.837487518787384,0.6214864253997803
YNL129W,YJL189W,0,-0.37143767,0.11908137053251266,0.837487518787384,0.6215865015983582
YOR290C,YHL036W,0,-0.3717071,0.11906449496746063,0.837487518787384,0.6216865181922913
YML027W,YOR244W,0,-0.3717715,0.1190476194024086,0.837487518787384,0.6217865347862244
YMR188C,YLR419W,0,-0.3719713,0.11903075128793716,0.837487518787384,0.6218865513801575
YDR107C,YER120W,0,-0.37201285,0.11901388317346573,0.837487518787384,0.6219865679740906
YDL019C,YML095C,0,-0.37233973,0.11899702250957489,0.837487518787384,0.6220866441726685
YHR153C,YKL198C,0,-0.37239647,0.11898016929626465,0.837487518787384,0.6221866607666016
YDR400W,YDR320C,0,-0.37273288,0.1189633160829544,0.837487518787384,0.6222866773605347
YGL137W,YGL249W,0,-0.3727854,0.11894647777080536,0.837487518787384,0.6223866939544678
YBL106C,YKR038C,0,-0.37281072,0.11892963200807571,0.837487518787384,0.6224867701530457
YGL178W,YER045C,0,-0.37283224,0.11891279369592667,0.837487518787384,0.6225867867469788
YNL151C,YLR265C,0,-0.37323457,0.11889596283435822,0.837487518787384,0.6226868033409119
YLR459W,YOR240W,0,-0.37426963,0.11887913942337036,0.837487518787384,0.622786819934845
YOR174W,YKL108W,0,-0.37448186,0.11886231601238251,0.837487518787384,0.6228868365287781
YHR089C,YGR123C,0,-0.37496084,0.11884550005197525,0.837487518787384,0.622986912727356
YIL051C,YDR047W,0,-0.37506175,0.11882869154214859,0.837487518787384,0.6230869293212891
YLR098C,YOL056W,0,-0.37519604,0.11881188303232193,0.837487518787384,0.6231869459152222
YKL059C,YML091C,0,-0.37537134,0.11879508197307587,0.837487518787384,0.6232869625091553
YGR026W,YOL140W,0,-0.3754334,0.1187782809138298,0.837487518787384,0.6233870387077332
YLR439W,YDR118W,0,-0.37546885,0.11876148730516434,0.837487518787384,0.6234870553016663
YHR147C,YML095C,0,-0.3755051,0.11874470114707947,0.837487518787384,0.6235870718955994
YDR402C,YCR054C,0,-0.37561297,0.1187279149889946,0.837487518787384,0.6236870884895325
YHL040C,YDR421W,0,-0.37571967,0.11871113628149033,0.837487518787384,0.6237871646881104
YJR029W,YLR403W,0,-0.37619454,0.11869436502456665,0.837487518787384,0.6238871812820435
YER099C,YCR098C,0,-0.3761981,0.11867759376764297,0.837487518787384,0.6239871978759766
YDR341C,YNL191W,0,-0.37671784,0.1186608299612999,0.837487518787384,0.6240872144699097
YDR440W,YOL072W,0,-0.37676668,0.11864406615495682,0.837487518787384,0.6241872310638428
YHL032C,YAR018C,0,-0.3770616,0.11862730979919434,0.837487518787384,0.6242873072624207
YOR175C,YBR198C,0,-0.37767774,0.11861056089401245,0.837487518787384,0.6243873238563538
YNL207W,YBR097W,0,-0.37784165,0.11859381943941116,0.837487518787384,0.6244873404502869
YHR067W,YNR011C,0,-0.37799144,0.11857707798480988,0.837487518787384,0.62458735704422
YCL063W,YPL095C,0,-0.37800062,0.11856033653020859,0.837487518787384,0.6246874332427979
YDL067C,YMR224C,0,-0.37809575,0.1185436099767685,0.837487518787384,0.624787449836731
YLR304C,YOR278W,1,-0.3782194,0.11866798251867294,0.838484525680542,0.624787449836731
YPL090C,YJR143C,0,-0.37865162,0.11865124106407166,0.838484525680542,0.6248874664306641
YJL090C,YPL123C,0,-0.37895226,0.11863450706005096,0.838484525680542,0.6249874830245972
YER025W,YER051W,0,-0.37927437,0.11861777305603027,0.838484525680542,0.6250874996185303
YPR132W,YKR014C,0,-0.3792783,0.11860104650259018,0.838484525680542,0.6251875758171082
YMR235C,YLR438C-A,0,-0.37952906,0.11858431994915009,0.838484525680542,0.6252875924110413
YMR088C,YGL232W,0,-0.37971914,0.11856760084629059,0.838484525680542,0.6253876090049744
YBL061C,YGR062C,0,-0.37992126,0.11855088919401169,0.838484525680542,0.6254876255989075
YLR427W,YLR176C,0,-0.3806197,0.11853417754173279,0.838484525680542,0.6255877017974854
YCL066W,YJL189W,0,-0.3806988,0.11851747334003448,0.838484525680542,0.6256877183914185
YHR112C,YJR130C,1,-0.38086993,0.1186416819691658,0.8394815325737,0.6256877183914185
YNR011C,YPR032W,0,-0.3810075,0.1186249628663063,0.8394815325737,0.6257877349853516
YER161C,YHR099W,0,-0.38137853,0.1186082512140274,0.8394815325737,0.6258877515792847
YBL057C,YOR346W,0,-0.38208187,0.1185915470123291,0.8394815325737,0.6259877681732178
YGL090W,YAL025C,0,-0.38273495,0.1185748502612114,0.8394815325737,0.6260878443717957
YLR304C,YGR272C,0,-0.3827402,0.11855815351009369,0.8394815325737,0.6261878609657288
YNL330C,YGL039W,0,-0.38294077,0.11854146420955658,0.8394815325737,0.6262878775596619
YDL210W,YER159C-A,0,-0.38297442,0.11852477490901947,0.8394815325737,0.626387894153595
YJR022W,YDR393W,0,-0.3832109,0.11850809305906296,0.8394815325737,0.6264879703521729
YDL114W,YBR160W,0,-0.38343018,0.11849141865968704,0.8394815325737,0.626587986946106
YNL185C,YML081C-A,0,-0.38363662,0.11847474426031113,0.8394815325737,0.6266880035400391
YFL002W-A,YER082C,0,-0.38414592,0.11845807731151581,0.8394815325737,0.6267880201339722
YDL190C,YDL192W,0,-0.3848139,0.11844141036272049,0.8394815325737,0.6268880367279053
YDR341C,YBR055C,0,-0.38492072,0.11842475086450577,0.8394815325737,0.6269881129264832
YJL164C,YJL189W,0,-0.38513163,0.11840809881687164,0.8394815325737,0.6270881295204163
YLR188W,YCR075C,0,-0.38524604,0.11839145421981812,0.8394815325737,0.6271881461143494
YER120W,YGR135W,0,-0.38550538,0.11837480962276459,0.8394815325737,0.6272881627082825
YKR104W,YDR436W,0,-0.38553894,0.11835816502571106,0.8394815325737,0.6273882389068604
YMR282C,YIL078W,0,-0.38591152,0.11834153532981873,0.8394815325737,0.6274882555007935
YJR104C,YDR510W,0,-0.38614595,0.1183248981833458,0.8394815325737,0.6275882720947266
YMR188C,YPL089C,0,-0.3863508,0.11830827593803406,0.8394815325737,0.6276882886886597
YLR427W,YNL188W,0,-0.38642073,0.11829165369272232,0.8394815325737,0.6277883648872375
YLR433C,YJR068W,0,-0.38669735,0.11827503889799118,0.8394815325737,0.6278883814811707
YMR306W,YOL019W,0,-0.38672513,0.11825842410326004,0.8394815325737,0.6279883980751038
YJL073W,YER106W,0,-0.3867322,0.1182418167591095,0.8394815325737,0.6280884146690369
YAL053W,YBR122C,0,-0.3867463,0.11822521686553955,0.8394815325737,0.62818843126297
YDR533C,YPR019W,0,-0.38680923,0.1182086169719696,0.8394815325737,0.6282885074615479
YPR049C,YGL090W,0,-0.38693613,0.11819202452898026,0.8394815325737,0.628388524055481
YHR167W,YJR059W,0,-0.38706446,0.1181754395365715,0.8394815325737,0.6284885406494141
YBR082C,YDR055W,0,-0.38731635,0.11815885454416275,0.8394815325737,0.6285885572433472
YDR003W,YDL082W,0,-0.38797998,0.1181422770023346,0.8394815325737,0.628688633441925
YKL199C,YGR286C,0,-0.38812464,0.11812569946050644,0.8394815325737,0.6287886500358582
YIL150C,YHR147C,0,-0.3883373,0.11810912936925888,0.8394815325737,0.6288886666297913
YBR164C,YBR012W-B,0,-0.38834918,0.11809256672859192,0.8394815325737,0.6289886832237244
YIL051C,YGR220C,0,-0.38842106,0.11807600408792496,0.8394815325737,0.6290886998176575
YPL089C,YBR142W,0,-0.38882434,0.11805944889783859,0.8394815325737,0.6291887760162354
YLR086W,YNL112W,0,-0.38888073,0.11804290115833282,0.8394815325737,0.6292887926101685
YKR094C,YCR040W,0,-0.38892794,0.11802635341882706,0.8394815325737,0.6293888092041016
YLR010C,YGL157W,0,-0.38897485,0.11800981312990189,0.8394815325737,0.6294888257980347
YKL179C,YCR028C,0,-0.3890425,0.11799327284097672,0.8394815325737,0.6295889019966125
YIL109C,YDR320C-A,0,-0.38924158,0.11797674000263214,0.8394815325737,0.6296889185905457
YMR323W,YKL182W,1,-0.39005286,0.11810030788183212,0.8404785394668579,0.6296889185905457
YOR322C,YOR092W,0,-0.390271,0.11808376759290695,0.8404785394668579,0.6297889351844788
YMR017W,YLR014C,0,-0.39030147,0.11806722730398178,0.8404785394668579,0.6298889517784119
YGR263C,YIL074C,0,-0.391405,0.11805069446563721,0.8404785394668579,0.629988968372345
YGL120C,YJL148W,0,-0.39186758,0.11803416162729263,0.8404785394668579,0.6300890445709229
YML124C,YCR092C,0,-0.39244956,0.11801763623952866,0.8404785394668579,0.630189061164856
YAL041W,YPR156C,0,-0.39295033,0.11800111830234528,0.8404785394668579,0.6302890777587891
YLR044C,YDR234W,1,-0.39344883,0.11812455952167511,0.8414755463600159,0.6302890777587891
YHR206W,YOR337W,0,-0.3935274,0.11810803413391113,0.8414755463600159,0.6303890943527222
YPL022W,YER184C,0,-0.39365196,0.11809150874614716,0.8414755463600159,0.6304891705513
YPL106C,YPL143W,0,-0.39376223,0.11807498335838318,0.8414755463600159,0.6305891871452332
YOL018C,YGL141W,0,-0.39376938,0.1180584728717804,0.8414755463600159,0.6306892037391663
YBR245C,YBR207W,0,-0.39390397,0.11804195493459702,0.8414755463600159,0.6307892203330994
YGR071C,YCL057C-A,0,-0.39428198,0.11802545189857483,0.8414755463600159,0.6308892965316772
YNL316C,YIL168W,1,-0.39465636,0.11814876645803452,0.8424725532531738,0.6308892965316772
YPL258C,YLR441C,0,-0.3952474,0.11813224852085114,0.8424725532531738,0.6309893131256104
YJR135C,YGR037C,0,-0.3955872,0.11811573803424835,0.8424725532531738,0.6310893297195435
YGR035C,YFR006W,0,-0.39572012,0.11809923499822617,0.8424725532531738,0.6311893463134766
YJR104C,YMR297W,0,-0.39574033,0.11808272451162338,0.8424725532531738,0.6312893629074097
YFR006W,YHR186C,0,-0.39586854,0.1180662289261818,0.8424725532531738,0.6313894391059875
YLR045C,YJR045C,0,-0.39596027,0.1180497333407402,0.8424725532531738,0.6314894556999207
YDL030W,YGR006W,0,-0.3961931,0.11803324520587921,0.8424725532531738,0.6315894722938538
YNL001W,YDL143W,0,-0.39629543,0.11801675707101822,0.8424725532531738,0.6316894888877869
YFR032C-A,YDR326C,0,-0.39666593,0.11800027638673782,0.8424725532531738,0.6317895650863647
YBR156C,YHR186C,0,-0.39679456,0.11798380315303802,0.8424725532531738,0.6318895816802979
YOR240W,YMR152W,0,-0.3969702,0.11796732991933823,0.8424725532531738,0.631989598274231
YLR318W,YGR006W,0,-0.3970182,0.11795086413621902,0.8424725532531738,0.6320896148681641
YAR015W,YNL086W,0,-0.39706576,0.11793440580368042,0.8424725532531738,0.6321896314620972
YHR039C-B,YGR002C,0,-0.39799225,0.11791794747114182,0.8424725532531738,0.632289707660675
YKL173W,YDR387C,0,-0.3983518,0.11790149658918381,0.8424725532531738,0.6323897242546082
YIL004C,YJR033C,0,-0.39870024,0.1178850457072258,0.8424725532531738,0.6324897408485413
YHR161C,YML074C,0,-0.39870954,0.11786860227584839,0.8424725532531738,0.6325897574424744
YEL059C-A,YCL057C-A,0,-0.3988583,0.11785215884447098,0.8424725532531738,0.6326898336410522
YGL168W,YOL005C,0,-0.39892328,0.11783573031425476,0.8424725532531738,0.6327898502349854
YPR063C,YMR152W,0,-0.39965427,0.11781929433345795,0.8424725532531738,0.6328898668289185
YPR186C,YDR169C,0,-0.39971846,0.11780287325382233,0.8424725532531738,0.6329898834228516
YMR302C,YDL056W,0,-0.39976948,0.1177864521741867,0.8424725532531738,0.6330899000167847
YOR046C,YOR233W,0,-0.3998627,0.11777003854513168,0.8424725532531738,0.6331899762153625
YDR447C,YHL004W,0,-0.39988577,0.11775362491607666,0.8424725532531738,0.6332899928092957
YJR015W,YJL080C,0,-0.40008426,0.11773721873760223,0.8424725532531738,0.6333900094032288
YKL017C,YDR534C,0,-0.40011662,0.11772081255912781,0.8424725532531738,0.6334900259971619
YFL036W,YGR001C,0,-0.4001307,0.11770441383123398,0.8424725532531738,0.6335901021957397
YBR048W,YOR290C,0,-0.4001612,0.11768802255392075,0.8424725532531738,0.6336901187896729
YGR104C,YBL082C,0,-0.40036356,0.11767163127660751,0.8424725532531738,0.633790135383606
YIL172C,YHR117W,0,-0.40060204,0.11765524744987488,0.8424725532531738,0.6338901519775391
YBR036C,YOR131C,0,-0.40063375,0.11763887107372284,0.8424725532531738,0.6339901685714722
YHR031C,YLR192C,0,-0.40104318,0.1176224946975708,0.8424725532531738,0.63409024477005
YER048W-A,YOL019W,0,-0.40108502,0.11760612577199936,0.8424725532531738,0.6341902613639832
YHR067W,YKR009C,1,-0.4012614,0.11772891879081726,0.8434696197509766,0.6341902613639832
YOR265W,YLR448W,0,-0.40146232,0.11771253496408463,0.8434696197509766,0.6342902779579163
YHR067W,YGL026C,1,-0.40196985,0.11783528327941895,0.8444666266441345,0.6342902779579163
YDR329C,YDR071C,0,-0.40199596,0.11781889200210571,0.8444666266441345,0.6343902945518494
YGL173C,YJR075W,0,-0.4020654,0.11780250072479248,0.8444666266441345,0.6344903707504272
YLR467W,YGR116W,0,-0.4021054,0.11778612434864044,0.8444666266441345,0.6345903873443604
YOR257W,YML125C,0,-0.40233135,0.1177697405219078,0.8444666266441345,0.6346904039382935
YDL051W,YBL061C,0,-0.4028371,0.11775337159633636,0.8444666266441345,0.6347904205322266
YBL103C,YDR368W,0,-0.40371823,0.11773700267076492,0.8444666266441345,0.6348904967308044
YLR283W,YOR373W,0,-0.4037434,0.11772064119577408,0.8444666266441345,0.6349905133247375
YEL061C,YOR044W,0,-0.4038052,0.11770427972078323,0.8444666266441345,0.6350905299186707
YER140W,YLR414C,0,-0.40432876,0.11768792569637299,0.8444666266441345,0.6351905465126038
YLR414C,YDL075W,0,-0.40452266,0.11767157912254333,0.8444666266441345,0.6352905631065369
YCR009C,YDL095W,0,-0.4047274,0.11765523254871368,0.8444666266441345,0.6353906393051147
YPL177C,YKR037C,0,-0.40497828,0.11763888597488403,0.8444666266441345,0.6354906558990479
YBL093C,YLR419W,0,-0.40545607,0.11762255430221558,0.8444666266441345,0.635590672492981
YDR347W,YER120W,0,-0.40561265,0.11760622262954712,0.8444666266441345,0.6356906890869141
YPR096C,YHR036W,0,-0.40577573,0.11758989095687866,0.8444666266441345,0.6357907652854919
YHR023W,YKL028W,0,-0.40587032,0.1175735667347908,0.8444666266441345,0.635890781879425
YBL093C,YDR177W,0,-0.40589947,0.11755724996328354,0.8444666266441345,0.6359907984733582
YER159C-A,YDR003W,0,-0.40620208,0.11754094064235687,0.8444666266441345,0.6360908150672913
YDR107C,YMR184W,0,-0.40664202,0.1175246313214302,0.8444666266441345,0.6361908316612244
YDR320C-A,YLR381W,0,-0.40674078,0.11750832200050354,0.8444666266441345,0.6362909078598022
YCL055W,YCL075W,0,-0.40675014,0.11749202758073807,0.8444666266441345,0.6363909244537354
YOR174W,YIL126W,0,-0.40697807,0.117475725710392,0.8444666266441345,0.6364909410476685
YML043C,YBR273C,0,-0.4070168,0.11745943874120712,0.8444666266441345,0.6365909576416016
YDR261W-B,YLR441C,0,-0.4077471,0.11744315177202225,0.8444666266441345,0.6366910338401794
YDR501W,YPL220W,0,-0.4077503,0.11742686480283737,0.8444666266441345,0.6367910504341125
YKL114C,YGR169C,1,-0.40782845,0.11754921078681946,0.8454636335372925,0.6367910504341125
YDL080C,YDL200C,0,-0.4078399,0.11753291636705399,0.8454636335372925,0.6368910670280457
YLR098C,YLR438C-A,0,-0.40807045,0.11751662939786911,0.8454636335372925,0.6369910836219788
YKL135C,YJL019W,0,-0.40813708,0.11750034987926483,0.8454636335372925,0.6370911002159119
YPR006C,YOR278W,1,-0.40861696,0.11762260645627975,0.8464606404304504,0.6370911002159119
YER159C-A,YFL044C,0,-0.40887362,0.11760631948709488,0.8464606404304504,0.6371911764144897
YML005W,YNL185C,0,-0.4089383,0.1175900250673294,0.8464606404304504,0.6372911930084229
YJR075W,YIL009C-A,0,-0.40901154,0.11757374554872513,0.8464606404304504,0.637391209602356
YJR001W,YOR242C,0,-0.4092322,0.11755746603012085,0.8464606404304504,0.6374912261962891
YDR320C-A,YIL138C,0,-0.40949267,0.11754118651151657,0.8464606404304504,0.6375913023948669
YDR117C,YPR168W,0,-0.409945,0.11752491444349289,0.8464606404304504,0.6376913189888
YDR503C,YNL189W,0,-0.40999764,0.1175086498260498,0.8464606404304504,0.6377913355827332
YBR024W,YGL251C,0,-0.4100896,0.11749238520860672,0.8464606404304504,0.6378913521766663
YDR341C,YER180C,0,-0.41015035,0.11747612804174423,0.8464606404304504,0.6379913687705994
YML012W,YOR057W,0,-0.41019887,0.11745987832546234,0.8464606404304504,0.6380914449691772
YNL188W,YOR131C,0,-0.41052645,0.11744362860918045,0.8464606404304504,0.6381914615631104
YDL141W,YCR028C,0,-0.41071272,0.11742738634347916,0.8464606404304504,0.6382914781570435
YHR172W,YBR283C,0,-0.41117638,0.11741114407777786,0.8464606404304504,0.6383914947509766
YKL211C,YJL005W,1,-0.411435,0.11753318458795547,0.8474576473236084,0.6383914947509766
YNR008W,YPL051W,0,-0.41155118,0.11751693487167358,0.8474576473236084,0.6384915709495544
YLR287C-A,YDR177W,0,-0.41168493,0.11750069260597229,0.8474576473236084,0.6385915875434875
YDR052C,YGL253W,0,-0.4117844,0.117484450340271,0.8474576473236084,0.6386916041374207
YDR139C,YGL084C,0,-0.41180855,0.1174682155251503,0.8474576473236084,0.6387916207313538
YDR177W,YOL123W,0,-0.4119516,0.1174519807100296,0.8474576473236084,0.6388916969299316
YDR219C,YGR026W,0,-0.4121514,0.1174357533454895,0.8474576473236084,0.6389917135238647
YDR320C-A,YOL080C,0,-0.4123103,0.11741953343153,0.8474576473236084,0.6390917301177979
YHR067W,YOR386W,1,-0.4123239,0.11754143983125687,0.8484546542167664,0.6390917301177979
YDR224C,YPR178W,0,-0.41243714,0.11752520501613617,0.8484546542167664,0.639191746711731
YER087C-A,YHR036W,0,-0.41254097,0.11750897765159607,0.8484546542167664,0.6392917633056641
YDR253C,YMR247C,0,-0.41319007,0.11749275028705597,0.8484546542167664,0.6393918395042419
YNL308C,YOL007C,0,-0.4132403,0.11747653037309647,0.8484546542167664,0.639491856098175
YGL135W,YBR142W,0,-0.41328597,0.11746031790971756,0.8484546542167664,0.6395918726921082
YGL035C,YLR433C,0,-0.4132877,0.11744410544633865,0.8484546542167664,0.6396918892860413
YLL062C,YJL097W,0,-0.41330242,0.11742790043354034,0.8484546542167664,0.6397919654846191
YER029C,YBL054W,0,-0.41333652,0.11741170287132263,0.8484546542167664,0.6398919820785522
YGL148W,YNL256W,1,-0.41341555,0.11753345280885696,0.8494516611099243,0.6398919820785522
YOL138C,YCR092C,0,-0.41360712,0.11751724034547806,0.8494516611099243,0.6399919986724854
YLR139C,YGR200C,0,-0.41381168,0.11750103533267975,0.8494516611099243,0.6400920152664185
YCR053W,YCR094W,0,-0.414432,0.11748483031988144,0.8494516611099243,0.6401920318603516
YHR064C,YJL189W,0,-0.41472638,0.11746863275766373,0.8494516611099243,0.6402921080589294
YLR343W,YMR224C,0,-0.41485524,0.11745244264602661,0.8494516611099243,0.6403921246528625
YDL114W,YGR061C,0,-0.4151116,0.1174362525343895,0.8494516611099243,0.6404921412467957
YJR033C,YCL061C,0,-0.4152164,0.11742006987333298,0.8494516611099243,0.6405921578407288
YPR158C-D,YKL109W,0,-0.4154874,0.11740388721227646,0.8494516611099243,0.6406922340393066
YCR020C,YMR188C,0,-0.4159928,0.11738771200180054,0.8494516611099243,0.6407922506332397
YML082W,YOR054C,1,-0.41608912,0.11750929802656174,0.8504486680030823,0.6407922506332397
YDR170W-A,YML042W,0,-0.4163605,0.11749311536550522,0.8504486680030823,0.6408922672271729
YGL185C,YDR524C,0,-0.4163645,0.1174769327044487,0.8504486680030823,0.640992283821106
YMR188C,YHR039C-B,0,-0.41649574,0.11746075749397278,0.8504486680030823,0.6410923004150391
YOR061W,YGL157W,0,-0.41690677,0.11744458228349686,0.8504486680030823,0.6411923766136169
YJR009C,YCL061C,0,-0.4174652,0.11742841452360153,0.8504486680030823,0.64129239320755
YBR156C,YJR135W-A,0,-0.41758496,0.1174122542142868,0.8504486680030823,0.6413924098014832
YCR040W,YJL190C,0,-0.41794544,0.11739609390497208,0.8504486680030823,0.6414924263954163
YLR089C,YOR278W,1,-0.41803056,0.11751754581928253,0.8514456748962402,0.6414924263954163
YPR178W,YDL180W,0,-0.41808236,0.11750137805938721,0.8514456748962402,0.6415925025939941
YHR027C,YGR194C,0,-0.41850972,0.11748521029949188,0.8514456748962402,0.6416925191879272
YLR433C,YDL184C,0,-0.41851574,0.11746904999017715,0.8514456748962402,0.6417925357818604
YDR077W,YLR078C,0,-0.4185925,0.11745289713144302,0.8514456748962402,0.6418925523757935
YGL196W,YNL036W,1,-0.41872174,0.11757425963878632,0.8524426817893982,0.6418925523757935
YOR288C,YCL047C,0,-0.4188794,0.11755809187889099,0.8524426817893982,0.6419925689697266
YPL226W,YHR099W,0,-0.41912198,0.11754193156957626,0.8524426817893982,0.6420926451683044
YPL226W,YHR036W,0,-0.41976416,0.11752577126026154,0.8524426817893982,0.6421926617622375
YPL089C,YER089C,0,-0.42023486,0.1175096184015274,0.8524426817893982,0.6422926783561707
YDR356W,YFR006W,0,-0.4202773,0.11749347299337387,0.8524426817893982,0.6423926949501038
YDL136W,YJR010C-A,0,-0.42041856,0.11747732758522034,0.8524426817893982,0.6424927711486816
YDR270W,YDL164C,0,-0.42069668,0.1174611896276474,0.8524426817893982,0.6425927877426147
YMR223W,YJL109C,0,-0.42103082,0.11744505167007446,0.8524426817893982,0.6426928043365479
YIL113W,YDR362C,0,-0.42124456,0.11742892116308212,0.8524426817893982,0.642792820930481
YNL292W,YHR101C,0,-0.42165464,0.11741279810667038,0.8524426817893982,0.6428928971290588
YJR076C,YIL136W,0,-0.421785,0.11739667505025864,0.8524426817893982,0.6429929137229919
YDR299W,YLR467W,0,-0.4218259,0.11738055944442749,0.8524426817893982,0.643092930316925
YMR166C,YMR247C,0,-0.4218644,0.11736444383859634,0.8524426817893982,0.6431929469108582
YLR283W,YDR116C,0,-0.42229342,0.1173483356833458,0.8524426817893982,0.6432929635047913
YMR307W,YBR035C,0,-0.42248255,0.11733223497867584,0.8524426817893982,0.6433930397033691
YML113W,YNL248C,0,-0.42271948,0.11731613427400589,0.8524426817893982,0.6434930562973022
YBL090W,YIR009W,0,-0.4229173,0.11730004101991653,0.8524426817893982,0.6435930728912354
YDR425W,YNL227C,0,-0.42304093,0.11728394776582718,0.8524426817893982,0.6436930894851685
YDR481C,YOR308C,0,-0.4232077,0.11726786196231842,0.8524426817893982,0.6437931656837463
YKL199C,YOR131C,0,-0.42355263,0.11725178360939026,0.8524426817893982,0.6438931822776794
YOR278W,YDR483W,0,-0.42401606,0.1172357052564621,0.8524426817893982,0.6439931988716125
YPL111W,YMR026C,0,-0.42409074,0.11721963435411453,0.8524426817893982,0.6440932154655457
YER086W,YPL074W,0,-0.4244712,0.11720356345176697,0.8524426817893982,0.6441932320594788
YNR045W,YJL008C,0,-0.42449522,0.1171875,0.8524426817893982,0.6442933082580566
YDR046C,YOL005C,0,-0.42493045,0.11717144399881363,0.8524426817893982,0.6443933248519897
YKR058W,YOR014W,0,-0.42494667,0.11715538799762726,0.8524426817893982,0.6444933414459229
YNL162W,YCR028C,0,-0.42501575,0.11713933199644089,0.8524426817893982,0.644593358039856
YHR067W,YHR072W,1,-0.42548168,0.11726027727127075,0.8534396886825562,0.644593358039856
YDR056C,YLR414C,0,-0.42555135,0.11724421381950378,0.8534396886825562,0.6446934342384338
YBR245C,YOR306C,0,-0.42561114,0.11722815781831741,0.8534396886825562,0.6447934508323669
YJL046W,YPL085W,0,-0.42600405,0.11721210181713104,0.8534396886825562,0.6448934674263
YDR056C,YPL028W,0,-0.42631078,0.11719605326652527,0.8534396886825562,0.6449934840202332
YIR036C,YLR176C,0,-0.42646593,0.11718001216650009,0.8534396886825562,0.6450935006141663
YBL075C,YKL042W,0,-0.42679292,0.11716397851705551,0.8534396886825562,0.6451935768127441
YKL199C,YFR037C,0,-0.4269138,0.11714793741703033,0.8534396886825562,0.6452935934066772
YJR145C,YFR041C,0,-0.42708898,0.11713191121816635,0.8534396886825562,0.6453936100006104
YHR081W,YLR176C,0,-0.42709893,0.11711588501930237,0.8534396886825562,0.6454936265945435
YGL184C,YEL020C,1,-0.42752868,0.1172366589307785,0.8544366955757141,0.6454936265945435
YGL211W,YLL011W,0,-0.4275586,0.11722062528133392,0.8544366955757141,0.6455937027931213
YOL071W,YNL098C,0,-0.42763388,0.11720459163188934,0.8544366955757141,0.6456937193870544
YAR018C,YKL158W,0,-0.42772764,0.11718856543302536,0.8544366955757141,0.6457937359809875
YLR096W,YER089C,0,-0.42774063,0.11717254668474197,0.8544366955757141,0.6458937525749207
YOR037W,YDR270W,0,-0.4278288,0.11715652793645859,0.8544366955757141,0.6459937691688538
YPL148C,YBL106C,0,-0.42802584,0.1171405166387558,0.8544366955757141,0.6460938453674316
YBL078C,YPL101W,0,-0.42810488,0.11712450534105301,0.8544366955757141,0.6461938619613647
YMR289W,YPR002W,1,-0.42821288,0.117245152592659,0.8554337024688721,0.6461938619613647
YNL292W,YLR343W,0,-0.428357,0.11722912639379501,0.8554337024688721,0.6462938785552979
YIL109C,YGR037C,0,-0.42869186,0.11721311509609222,0.8554337024688721,0.646393895149231
YOR384W,YGR272C,0,-0.42902172,0.11719710379838943,0.8554337024688721,0.6464939713478088
YLR126C,YBL101W-A,0,-0.43003243,0.11718109995126724,0.8554337024688721,0.6465939879417419
YLR373C,YJR022W,0,-0.43021262,0.11716509610414505,0.8554337024688721,0.646694004535675
YER070W,YCR054C,0,-0.43022078,0.11714909970760345,0.8554337024688721,0.6467940211296082
YGL119W,YCL050C,0,-0.4303292,0.11713310331106186,0.8554337024688721,0.646894097328186
YNL292W,YLR121C,0,-0.4303996,0.11711711436510086,0.8554337024688721,0.6469941139221191
YDR177W,YEL021W,0,-0.43056363,0.11710113286972046,0.8554337024688721,0.6470941305160522
YGL232W,YMR122W-A,0,-0.43058646,0.11708515137434006,0.8554337024688721,0.6471941471099854
YNR070W,YHR023W,0,-0.430771,0.11706917732954025,0.8554337024688721,0.6472941637039185
YOR179C,YOR347C,0,-0.43077976,0.11705320328474045,0.8554337024688721,0.6473942399024963
YKL218C,YGR027W-B,0,-0.43083298,0.11703723669052124,0.8554337024688721,0.6474942564964294
YKL034W,YOR211C,0,-0.43108487,0.11702127754688263,0.8554337024688721,0.6475942730903625
YER113C,YAR044W,0,-0.43128043,0.11700531840324402,0.8554337024688721,0.6476942896842957
YGR104C,YDR400W,0,-0.43193638,0.116989366710186,0.8554337024688721,0.6477943658828735
YDR316W-A,YNL162W,0,-0.43194532,0.11697341501712799,0.8554337024688721,0.6478943824768066
YGR124W,YGR006W,0,-0.431969,0.11695747077465057,0.8554337024688721,0.6479943990707397
YER083C,YDR115W,0,-0.4322194,0.11694152653217316,0.8554337024688721,0.6480944156646729
YMR171C,YPL111W,0,-0.4322403,0.11692558974027634,0.8554337024688721,0.648194432258606
YOR179C,YLR100W,0,-0.43306512,0.11690966039896011,0.8554337024688721,0.6482945084571838
YIL084C,YMR208W,0,-0.43336022,0.11689373105764389,0.8554337024688721,0.6483945250511169
YMR298W,YIR006C,0,-0.4335298,0.11687780916690826,0.8554337024688721,0.64849454164505
YDR044W,YOR092W,0,-0.4335615,0.11686188727617264,0.8554337024688721,0.6485945582389832
YDR520C,YDR443C,0,-0.43356937,0.11684597283601761,0.8554337024688721,0.648694634437561
YBR273C,YAR044W,0,-0.4335739,0.11683006584644318,0.8554337024688721,0.6487946510314941
YOR257W,YGR156W,0,-0.43406147,0.11681415885686874,0.8554337024688721,0.6488946676254272
YKR038C,YPR032W,0,-0.43437403,0.11679825931787491,0.8554337024688721,0.6489946842193604
YOL052C,YEL021W,1,-0.4346112,0.11691846698522568,0.85643070936203,0.6489946842193604
YPL148C,YDR086C,0,-0.43483216,0.11690255999565125,0.85643070936203,0.6490947008132935
YFR037C,YDR069C,0,-0.43499434,0.11688665300607681,0.85643070936203,0.6491947770118713
YGL223C,YKL199C,0,-0.43507355,0.11687074601650238,0.85643070936203,0.6492947936058044
YHR039C-B,YBR040W,0,-0.43553334,0.11685484647750854,0.85643070936203,0.6493948101997375
YMR188C,YIR037W,0,-0.4355508,0.1168389543890953,0.85643070936203,0.6494948267936707
YKL011C,YNL322C,0,-0.43561125,0.11682306230068207,0.85643070936203,0.6495949029922485
YEL064C,YDL065C,0,-0.43571836,0.11680717766284943,0.85643070936203,0.6496949195861816
YAL010C,YAL034W-A,0,-0.43588483,0.11679130047559738,0.85643070936203,0.6497949361801147
YGL084C,YDR483W,0,-0.43589693,0.11677542328834534,0.85643070936203,0.6498949527740479
YGL148W,YJL200C,1,-0.43607658,0.11689547449350357,0.857427716255188,0.6498949527740479
YBL017C,YKL183W,0,-0.43680036,0.11687958985567093,0.857427716255188,0.649994969367981
YIL126W,YOR150W,0,-0.4368509,0.11686370521783829,0.857427716255188,0.6500950455665588
YDR495C,YNR045W,0,-0.43753588,0.11684782803058624,0.857427716255188,0.6501950621604919
YDR523C,YJL062W,0,-0.43756312,0.1168319508433342,0.857427716255188,0.650295078754425
YDR107C,YDR448W,0,-0.4377584,0.11681608110666275,0.857427716255188,0.6503950953483582
YOR179C,YMR302C,0,-0.438222,0.1168002188205719,0.857427716255188,0.650495171546936
YLR090W,YDR115W,0,-0.4387936,0.11678435653448105,0.857427716255188,0.6505951881408691
YML116W,YDR390C,0,-0.43886107,0.1167685016989708,0.857427716255188,0.6506952047348022
YLR120C,YOR127W,0,-0.43896562,0.11675264686346054,0.857427716255188,0.6507952213287354
YLR276C,YPR081C,0,-0.4396165,0.11673679947853088,0.857427716255188,0.6508952975273132
YHR143W,YHL009W-B,0,-0.4396854,0.11672095209360123,0.857427716255188,0.6509953141212463
YPR098C,YDR261W-B,0,-0.43977427,0.11670511960983276,0.857427716255188,0.6510953307151794
YDR443C,YIR009W,0,-0.43982112,0.1166892796754837,0.857427716255188,0.6511953473091125
YJR097W,YDR483W,0,-0.43990433,0.11667344719171524,0.857427716255188,0.6512953639030457
YCL059C,YDL075W,0,-0.43990785,0.11665762215852737,0.857427716255188,0.6513954401016235
YHR036W,YMR037C,0,-0.4401332,0.1166418045759201,0.857427716255188,0.6514954566955566
YCL059C,YDR534C,0,-0.4402719,0.11662597954273224,0.857427716255188,0.6515954732894897
YML043C,YDR320C-A,0,-0.44089526,0.11661016941070557,0.857427716255188,0.6516954898834229
YJR145C,YER180C,0,-0.4409111,0.1165943592786789,0.857427716255188,0.6517955660820007
YBR030W,YDR330W,0,-0.44136548,0.11657855659723282,0.857427716255188,0.6518955826759338
YDR424C,YOR096W,0,-0.44173437,0.11656275391578674,0.857427716255188,0.6519955992698669
YLR040C,YDL144C,0,-0.4417622,0.11654695868492126,0.857427716255188,0.6520956158638
YAL010C,YPL060W,0,-0.44178855,0.11653116345405579,0.857427716255188,0.6521956324577332
YLR446W,YDR103W,0,-0.44184637,0.1165153756737709,0.857427716255188,0.652295708656311
YDL030W,YML070W,0,-0.44185728,0.11649959534406662,0.857427716255188,0.6523957252502441
YDL101C,YDR236C,0,-0.4420802,0.11648381501436234,0.857427716255188,0.6524957418441772
YAL053W,YDL043C,0,-0.44210368,0.11646804213523865,0.857427716255188,0.6525957584381104
YER027C,YOR211C,0,-0.44224668,0.11645226925611496,0.857427716255188,0.6526958346366882
YER140W,YDR034C-C,0,-0.4425364,0.11643650382757187,0.857427716255188,0.6527958512306213
YDR071C,YLR306W,0,-0.44275546,0.11642073839902878,0.857427716255188,0.6528958678245544
YML027W,YLR040C,0,-0.44305056,0.11640498042106628,0.857427716255188,0.6529958844184875
YJL164C,YAR007C,0,-0.44309402,0.11638922989368439,0.857427716255188,0.6530959010124207
YER068W,YML088W,0,-0.4431116,0.11637347936630249,0.857427716255188,0.6531959772109985
YNL158W,YKR048C,0,-0.4431793,0.1163577288389206,0.857427716255188,0.6532959938049316
YKL088W,YDR251W,0,-0.44334394,0.11634199321269989,0.857427716255188,0.6533960103988647
YER148W,YOR240W,0,-0.4435717,0.11632625758647919,0.857427716255188,0.6534960269927979
YDR228C,YDR251W,0,-0.44359738,0.11631052196025848,0.857427716255188,0.6535961031913757
YFR055W,YJL097W,1,-0.4440887,0.11643002182245255,0.858424723148346,0.6535961031913757
YIR015W,YLL035W,0,-0.44412893,0.11641427874565125,0.858424723148346,0.6536961197853088
YDR065W,YDL056W,0,-0.44443285,0.11639854311943054,0.858424723148346,0.6537961363792419
YER159C-A,YDL019C,0,-0.44459057,0.11638280749320984,0.858424723148346,0.653896152973175
YDL007W,YDR032C,0,-0.4452331,0.11636707931756973,0.858424723148346,0.6539961695671082
YNL280C,YIL112W,0,-0.4457065,0.11635135114192963,0.858424723148346,0.654096245765686
YPR098C,YGR027W-B,0,-0.44585,0.11633563041687012,0.858424723148346,0.6541962623596191
YNL311C,YLR015W,0,-0.4458884,0.1163199171423912,0.858424723148346,0.6542962789535522
YKL184W,YBL019W,1,-0.4459126,0.11643928289413452,0.8594217300415039,0.6542962789535522
YDL231C,YAR010C,0,-0.4459213,0.11642355471849442,0.8594217300415039,0.6543962955474854
YDL033C,YDR283C,0,-0.4459288,0.1164078339934349,0.8594217300415039,0.6544963717460632
YOL138C,YEL061C,0,-0.44604975,0.1163921132683754,0.8594217300415039,0.6545963883399963
YNL218W,YOL117W,0,-0.44608003,0.11637639999389648,0.8594217300415039,0.6546964049339294
YGR029W,YOR067C,0,-0.44609612,0.11636069416999817,0.8594217300415039,0.6547964215278625
YDL060W,YDR326C,0,-0.44634873,0.11634498834609985,0.8594217300415039,0.6548964977264404
YNR016C,YMR165C,0,-0.44651484,0.11632928252220154,0.8594217300415039,0.6549965143203735
YKR094C,YDL056W,0,-0.44655728,0.11631359159946442,0.8594217300415039,0.6550965309143066
YJL219W,YMR127C,0,-0.44678634,0.1162978932261467,0.8594217300415039,0.6551965475082397
YOL067C,YDR318W,0,-0.44678742,0.11628220975399017,0.8594217300415039,0.6552965641021729
YJL129C,YNL191W,0,-0.44708216,0.11626652628183365,0.8594217300415039,0.6553966403007507
YDR356W,YDL095W,0,-0.4470998,0.11625084280967712,0.8594217300415039,0.6554966568946838
YOR143C,YBL010C,0,-0.44732082,0.1162351667881012,0.8594217300415039,0.6555966734886169
YHR076W,YJL221C,0,-0.44751626,0.11621949821710587,0.8594217300415039,0.65569669008255
YNL206C,YDR120C,0,-0.44770116,0.11620382964611053,0.8594217300415039,0.6557967662811279
YDR388W,YDR210W-B,0,-0.4483621,0.1161881685256958,0.8594217300415039,0.655896782875061
YDR251W,YAR044W,0,-0.44849724,0.11617250740528107,0.8594217300415039,0.6559967994689941
YLR015W,YDR387C,0,-0.44851643,0.11615685373544693,0.8594217300415039,0.6560968160629272
YDR501W,YBL101W-A,0,-0.4486816,0.11614120006561279,0.8594217300415039,0.6561968326568604
YHR017W,YKL158W,0,-0.44897377,0.11612555384635925,0.8594217300415039,0.6562969088554382
YIR036C,YDR320C-A,0,-0.44919664,0.11610991507768631,0.8594217300415039,0.6563969254493713
YCR009C,YLR403W,0,-0.4494189,0.11609427630901337,0.8594217300415039,0.6564969420433044
YAL023C,YDR487C,0,-0.4497354,0.11607864499092102,0.8594217300415039,0.6565969586372375
YGR047C,YEL016C,0,-0.45023692,0.11606301367282867,0.8594217300415039,0.6566970348358154
YOL018C,YKL212W,0,-0.45075375,0.11604738980531693,0.8594217300415039,0.6567970514297485
YNL293W,YGL089C,0,-0.4508165,0.11603176593780518,0.8594217300415039,0.6568970680236816
YJR145C,YDR236C,0,-0.45082152,0.11601614952087402,0.8594217300415039,0.6569970846176147
YJR110W,YDR320C-A,0,-0.45094872,0.11600054055452347,0.8594217300415039,0.6570971012115479
YFR003C,YER089C,0,-0.45096338,0.11598493158817291,0.8594217300415039,0.6571971774101257
YDR014W,YHR011W,0,-0.45106393,0.11596932262182236,0.8594217300415039,0.6572971940040588
YDL108W,YGR194C,0,-0.45125014,0.115953728556633,0.8594217300415039,0.6573972105979919
YBR009C,YOL056W,0,-0.45142,0.11593812704086304,0.8594217300415039,0.657497227191925
YKR061W,YGL035C,0,-0.45217,0.11592254042625427,0.8594217300415039,0.6575973033905029
YGR169C,YGR155W,1,-0.4523105,0.11604141443967819,0.8604187369346619,0.6575973033905029
YDR253C,YDR121W,0,-0.45272976,0.11602581292390823,0.8604187369346619,0.657697319984436
YOR096W,YLL038C,0,-0.45280457,0.11601021885871887,0.8604187369346619,0.6577973365783691
YLR165C,YNL036W,1,-0.45280838,0.11612903326749802,0.8614157438278198,0.6577973365783691
YOL152W,YPL157W,0,-0.45283335,0.11611342430114746,0.8614157438278198,0.6578973531723022
YLR385C,YJL190C,0,-0.45313483,0.1160978227853775,0.8614157438278198,0.6579973697662354
YBR160W,YIL113W,0,-0.45330012,0.11608222126960754,0.8614157438278198,0.6580974459648132
YDR056C,YLR192C,0,-0.4541465,0.11606662720441818,0.8614157438278198,0.6581974625587463
YLR283W,YJR065C,0,-0.45444274,0.11605104058980942,0.8614157438278198,0.6582974791526794
YHR206W,YIR002C,0,-0.45474917,0.11603545397520065,0.8614157438278198,0.6583974957466125
YDR320C-A,YLR120C,0,-0.45479262,0.11601987481117249,0.8614157438278198,0.6584975719451904
YJL165C,YHR052W,0,-0.4549567,0.11600429564714432,0.8614157438278198,0.6585975885391235
YKR059W,YNL339C,0,-0.4553892,0.11598872393369675,0.8614157438278198,0.6586976051330566
YHR171W,YLR207W,0,-0.45551002,0.11597315222024918,0.8614157438278198,0.6587976217269897
YHR039C-B,YKL042W,0,-0.45566583,0.1159575879573822,0.8614157438278198,0.6588976979255676
YKR094C,YDR139C,0,-0.4558736,0.11594203114509583,0.8614157438278198,0.6589977145195007
YPL269W,YLR337W,0,-0.45592272,0.11592647433280945,0.8614157438278198,0.6590977311134338
YKR037C,YJL052W,0,-0.45597184,0.11591091752052307,0.8614157438278198,0.6591977477073669
YDR011W,YJR126C,0,-0.4563008,0.11589537560939789,0.8614157438278198,0.6592977643013
YML027W,YOR240W,0,-0.45638227,0.11587982624769211,0.8614157438278198,0.6593978404998779
YHR171W,YMR051C,0,-0.45670056,0.11586429178714752,0.8614157438278198,0.659497857093811
YKL195W,YPR032W,0,-0.45679027,0.11584874987602234,0.8614157438278198,0.6595978736877441
YPL148C,YBR055C,0,-0.4569987,0.11583322286605835,0.8614157438278198,0.6596978902816772
YDR456W,YHR081W,0,-0.4571243,0.11581769585609436,0.8614157438278198,0.6597979664802551
YLL062C,YLR100W,0,-0.4573356,0.11580216884613037,0.8614157438278198,0.6598979830741882
YLR134W,YDR538W,1,-0.45768172,0.11592066287994385,0.8624127507209778,0.6598979830741882
YHR072W,YNR043W,1,-0.45784235,0.11603912711143494,0.8634097576141357,0.6598979830741882
YLR221C,YKR048C,0,-0.4579808,0.11602357774972916,0.8634097576141357,0.6599979996681213
YER111C,YJL189W,0,-0.4580719,0.11600803583860397,0.8634097576141357,0.6600980162620544
YPR168W,YPL214C,0,-0.45831203,0.11599250137805939,0.8634097576141357,0.6601980328559875
YBR296C,YJL033W,0,-0.4584676,0.1159769669175148,0.8634097576141357,0.6602981090545654
YLR090W,YJR060W,0,-0.4585817,0.11596143245697021,0.8634097576141357,0.6603981256484985
YPR166C,YKL010C,0,-0.45863807,0.11594591289758682,0.8634097576141357,0.6604981422424316
YOR057W,YPR036W,0,-0.4588983,0.11593038588762283,0.8634097576141357,0.6605981588363647
YDR313C,YCL057C-A,0,-0.4589936,0.11591487377882004,0.8634097576141357,0.6606982350349426
YER159C-A,YNL322C,0,-0.4592743,0.11589935421943665,0.8634097576141357,0.6607982516288757
YKL114C,YDR294C,1,-0.4598853,0.1160176619887352,0.8644067645072937,0.6607982516288757
YDR253C,YKR050W,0,-0.46058083,0.1160021424293518,0.8644067645072937,0.6608982682228088
YGL251C,YOR043W,0,-0.46066642,0.11598662286996841,0.8644067645072937,0.6609982848167419
YAL010C,YKL199C,0,-0.46125674,0.11597111076116562,0.8644067645072937,0.661098301410675
YAL035W,YLR010C,0,-0.46147138,0.11595559865236282,0.8644067645072937,0.6611983776092529
YLR086W,YFL037W,0,-0.4616087,0.11594009399414062,0.8644067645072937,0.661298394203186
YNR011C,YER020W,0,-0.46269518,0.11592458933591843,0.8644067645072937,0.6613984107971191
YOL133W,YOL123W,0,-0.46273774,0.11590909212827682,0.8644067645072937,0.6614984273910522
YJL198W,YOR043W,0,-0.46285182,0.11589359492063522,0.8644067645072937,0.6615985035896301
YPR108W,YBL074C,0,-0.46293712,0.11587810516357422,0.8644067645072937,0.6616985201835632
YNL207W,YLR035C-A,0,-0.4629717,0.11586262285709381,0.8644067645072937,0.6617985367774963
YDL007W,YBL061C,0,-0.4633208,0.1158471405506134,0.8644067645072937,0.6618985533714294
YER090W,YOR054C,1,-0.46408963,0.11596526205539703,0.8654037714004517,0.6618985533714294
YGR272C,YGL059W,0,-0.46427745,0.11594977229833603,0.8654037714004517,0.6619985699653625
YDR511W,YLR441C,0,-0.4645447,0.11593428254127502,0.8654037714004517,0.6620986461639404
YAL010C,YOR150W,0,-0.46503657,0.11591880023479462,0.8654037714004517,0.6621986627578735
YDL060W,YDR261W-B,0,-0.46513045,0.1159033253788948,0.8654037714004517,0.6622986793518066
YGR154C,YLR207W,0,-0.46522194,0.115887850522995,0.8654037714004517,0.6623986959457397
YDR046C,YIL115C,0,-0.4652651,0.11587238311767578,0.8654037714004517,0.6624987721443176
YJR016C,YNL007C,0,-0.46543336,0.11585691571235657,0.8654037714004517,0.6625987887382507
YDR283C,YBL060W,0,-0.46603185,0.11584144830703735,0.8654037714004517,0.6626988053321838
YLR134W,YEL021W,1,-0.46624357,0.11595943570137024,0.8664007782936096,0.6626988053321838
YKL211C,YOR278W,1,-0.46634954,0.11607738584280014,0.8673977851867676,0.6626988053321838
YDR065W,YBL055C,0,-0.46675014,0.11606189608573914,0.8673977851867676,0.6627988219261169
YKL184W,YOR278W,1,-0.46682882,0.11617980897426605,0.8683947920799255,0.6627988219261169
YKL173W,YBR241C,0,-0.46698034,0.11616431176662445,0.8683947920799255,0.6628988981246948
YHL009W-B,YCL031C,0,-0.46743798,0.11614882200956345,0.8683947920799255,0.6629989147186279
YIL039W,YNL149C,0,-0.46746033,0.11613333225250244,0.8683947920799255,0.663098931312561
YGL136C,YPL257W-A,0,-0.4675691,0.11611784994602203,0.8683947920799255,0.6631989479064941
YBL074C,YDR534C,0,-0.46772087,0.11610237509012222,0.8683947920799255,0.6632989645004272
YML129C,YDR128W,0,-0.46774745,0.11608690023422241,0.8683947920799255,0.6633990406990051
YLR439W,YBL055C,0,-0.4685102,0.1160714253783226,0.8683947920799255,0.6634990572929382
YJR066W,YGR027W-B,0,-0.46926385,0.11605596542358398,0.8683947920799255,0.6635990738868713
YML106W,YNL135C,0,-0.46931088,0.11604049801826477,0.8683947920799255,0.6636990904808044
YGR188C,YLR430W,0,-0.46945888,0.11602504551410675,0.8683947920799255,0.6637991666793823
YDL200C,YDL180W,0,-0.47007436,0.11600959300994873,0.8683947920799255,0.6638991832733154
YJR010C-A,YML085C,0,-0.47012097,0.11599414050579071,0.8683947920799255,0.6639991998672485
YBL093C,YLR010C,0,-0.47014397,0.11597869545221329,0.8683947920799255,0.6640992164611816
YJR013W,YGR009C,0,-0.47024477,0.11596325039863586,0.8683947920799255,0.6641992330551147
YKL060C,YOR176W,1,-0.47031993,0.11608093976974487,0.8693917989730835,0.6641992330551147
YMR188C,YHR017W,0,-0.4704901,0.11606548726558685,0.8693917989730835,0.6642993092536926
YKL154W,YGR027W-B,0,-0.47085655,0.11605004221200943,0.8693917989730835,0.6643993258476257
YOL072W,YPR122W,0,-0.4709242,0.116034597158432,0.8693917989730835,0.6644993424415588
YKR105C,YMR026C,0,-0.47108072,0.11601915955543518,0.8693917989730835,0.6645993590354919
YER027C,YAL021C,0,-0.47110152,0.11600372195243835,0.8693917989730835,0.6646994352340698
YDL141W,YGR272C,0,-0.47111678,0.11598829180002213,0.8693917989730835,0.6647994518280029
YJL072C,YBL069W,0,-0.4714622,0.11597286909818649,0.8693917989730835,0.664899468421936
YOR308C,YBL074C,0,-0.47155595,0.11595744639635086,0.8693917989730835,0.6649994850158691
YOR070C,YDR103W,0,-0.47181636,0.11594203114509583,0.8693917989730835,0.6650995016098022
YJR139C,YIR023W,0,-0.4718504,0.11592661589384079,0.8693917989730835,0.6651995778083801
YLR090W,YMR051C,0,-0.47210824,0.11591120809316635,0.8693917989730835,0.6652995944023132
YFL047W,YLR385C,0,-0.47237092,0.11589580029249191,0.8693917989730835,0.6653996109962463
YOR182C,YCL057C-A,0,-0.47237217,0.11588039994239807,0.8693917989730835,0.6654996275901794
YML005W,YMR311C,0,-0.47248375,0.11586499959230423,0.8693917989730835,0.6655997037887573
YLR134W,YMR250W,1,-0.47267115,0.11598246544599533,0.8703888058662415,0.6655997037887573
YML124C,YPL155C,0,-0.473085,0.11596705764532089,0.8703888058662415,0.6656997203826904
YGL185C,YPL103C,0,-0.4732837,0.11595165729522705,0.8703888058662415,0.6657997369766235
YJR134C,YDL082W,0,-0.4733194,0.11593625694513321,0.8703888058662415,0.6658997535705566
YMR303C,YKL028W,0,-0.47339696,0.11592086404561996,0.8703888058662415,0.6659997701644897
YDR055W,YNL244C,0,-0.47340792,0.11590547114610672,0.8703888058662415,0.6660998463630676
YIL155C,YBR058C-A,0,-0.4734214,0.11589008569717407,0.8703888058662415,0.6661998629570007
YCL061C,YJR135W-A,0,-0.4738344,0.11587470024824142,0.8703888058662415,0.6662998795509338
YOR192C-B,YDR038C,0,-0.47421187,0.11585932224988937,0.8703888058662415,0.6663998961448669
YPR192W,YNR022C,0,-0.47439224,0.11584395170211792,0.8703888058662415,0.6664999723434448
YDR134C,YKR037C,0,-0.47464108,0.11582858115434647,0.8703888058662415,0.6665999889373779
YLR221C,YNL189W,0,-0.47465718,0.11581321060657501,0.8703888058662415,0.666700005531311
YML125C,YDR034C-C,0,-0.47477603,0.11579784750938416,0.8703888058662415,0.6668000221252441
YER159C-A,YDR238C,0,-0.47538108,0.1157824918627739,0.8703888058662415,0.666900098323822
YDR170W-A,YER007W,0,-0.47543865,0.11576713621616364,0.8703888058662415,0.6670001149177551
YML027W,YNL213C,0,-0.47549373,0.11575178802013397,0.8703888058662415,0.6671001315116882
YDR436W,YKR030W,0,-0.47573674,0.1157364472746849,0.8703888058662415,0.6672001481056213
YNL293W,YIL115C,0,-0.47606802,0.11572110652923584,0.8703888058662415,0.6673001646995544
YDR170W-A,YBR050C,0,-0.47626352,0.11570576578378677,0.8703888058662415,0.6674002408981323
YBL037W,YLR357W,0,-0.47690868,0.1156904324889183,0.8703888058662415,0.6675002574920654
YKR014C,YAR044W,0,-0.4771543,0.11567509919404984,0.8703888058662415,0.6676002740859985
YML125C,YPL202C,0,-0.47727925,0.11565978080034256,0.8703888058662415,0.6677002906799316
YBR087W,YDR288W,0,-0.47751313,0.11564445495605469,0.8703888058662415,0.6678003668785095
YGL205W,YDR334W,0,-0.47762513,0.11562913656234741,0.8703888058662415,0.6679003834724426
YDL080C,YBR122C,0,-0.4784667,0.11561382561922073,0.8703888058662415,0.6680004000663757
YDR320C-A,YOL125W,0,-0.47865182,0.11559851467609406,0.8703888058662415,0.6681004166603088
YMR109W,YOL007C,0,-0.47981685,0.11558321118354797,0.8703888058662415,0.6682004332542419
YJR098C,YML009C,0,-0.47990876,0.11556790769100189,0.8703888058662415,0.6683005094528198
YBL082C,YNL135C,0,-0.48003036,0.11555261164903641,0.8703888058662415,0.6684005260467529
YMR100W,YJL097W,0,-0.4803999,0.11553732305765152,0.8703888058662415,0.668500542640686
YAL041W,YBL064C,0,-0.48053145,0.11552203446626663,0.8703888058662415,0.6686005592346191
YFR037C,YKL158W,0,-0.48086655,0.11550674587488174,0.8703888058662415,0.668700635433197
YKR104W,YMR150C,0,-0.48109877,0.11549146473407745,0.8703888058662415,0.6688006520271301
YDL141W,YGL168W,0,-0.48127747,0.11547619104385376,0.8703888058662415,0.6689006686210632
YDR242W,YNL158W,0,-0.48213124,0.11546091735363007,0.8703888058662415,0.6690006852149963
YPR186C,YNR007C,0,-0.48218548,0.11544565111398697,0.8703888058662415,0.6691007018089294
YLR343W,YBR251W,0,-0.48227912,0.11543038487434387,0.8703888058662415,0.6692007780075073
YNL210W,YKL108W,0,-0.4822964,0.11541512608528137,0.8703888058662415,0.6693007946014404
YPL194W,YHR186C,0,-0.48307866,0.11539986729621887,0.8703888058662415,0.6694008111953735
YIL150C,YKL088W,0,-0.48349476,0.11538461595773697,0.8703888058662415,0.6695008277893066
YER159C-A,YMR127C,0,-0.4837619,0.11536936461925507,0.8703888058662415,0.6696009039878845
YDR320C-A,YOR269W,0,-0.4839561,0.11535412073135376,0.8703888058662415,0.6697009205818176
YER140W,YJL158C,0,-0.4840073,0.11533888429403305,0.8703888058662415,0.6698009371757507
YKL199C,YOL065C,0,-0.48403305,0.11532364785671234,0.8703888058662415,0.6699009537696838
YMR297W,YOR373W,0,-0.48502636,0.11530841141939163,0.8703888058662415,0.6700010299682617
YPR118W,YLR357W,0,-0.48510677,0.11529318243265152,0.8703888058662415,0.6701010465621948
YHR086W,YER089C,0,-0.48525488,0.115277960896492,0.8703888058662415,0.6702010631561279
YOR076C,YBR185C,0,-0.48541498,0.11526273936033249,0.8703888058662415,0.670301079750061
YML106W,YPR158C-D,0,-0.48564607,0.11524752527475357,0.8703888058662415,0.6704010963439941
YDL205C,YBR009C,0,-0.48574704,0.11523231118917465,0.8703888058662415,0.670501172542572
YDR532C,YOR257W,0,-0.4858142,0.11521710455417633,0.8703888058662415,0.6706011891365051
YMR006C,YHR070W,0,-0.4859053,0.11520189791917801,0.8703888058662415,0.6707012057304382
YPL206C,YLL001W,0,-0.4860406,0.11518669873476028,0.8703888058662415,0.6708012223243713
YDR283C,YLR207W,0,-0.48636633,0.11517150700092316,0.8703888058662415,0.6709012985229492
YEL013W,YEL061C,0,-0.4864028,0.11515631526708603,0.8703888058662415,0.6710013151168823
YJR059W,YLR403W,0,-0.48670387,0.1151411235332489,0.8703888058662415,0.6711013317108154
YGL173C,YNL091W,0,-0.48693484,0.11512593924999237,0.8703888058662415,0.6712013483047485
YJL072C,YDR368W,0,-0.4873023,0.11511076241731644,0.8703888058662415,0.6713013648986816
YDL080C,YDR538W,1,-0.48754662,0.11522742360830307,0.8713858127593994,0.6713013648986816
YGR104C,YIR023W,0,-0.48757172,0.11521223187446594,0.8713858127593994,0.6714014410972595
YKL011C,YKR104W,0,-0.48784345,0.11519704759120941,0.8713858127593994,0.6715014576911926
YOR063W,YDR065W,0,-0.4878732,0.11518186330795288,0.8713858127593994,0.6716014742851257
YER048W-A,YDR529C,0,-0.4879753,0.11516668647527695,0.8713858127593994,0.6717014908790588
YLR134W,YJL097W,1,-0.4882465,0.11528326570987701,0.8723828792572021,0.6717014908790588
YIL027C,YJR029W,0,-0.48836643,0.11526808142662048,0.8723828792572021,0.6718015670776367
YMR128W,YPR032W,0,-0.4884892,0.11525289714336395,0.8723828792572021,0.6719015836715698
YBL088C,YNR011C,0,-0.48860347,0.11523772031068802,0.8723828792572021,0.6720016002655029
YDR425W,YDR239C,0,-0.4886533,0.11522254347801208,0.8723828792572021,0.672101616859436
YBR158W,YDL141W,0,-0.48881274,0.11520737409591675,0.8723828792572021,0.6722016334533691
YBR198C,YDR003W,0,-0.48891437,0.11519220471382141,0.8723828792572021,0.672301709651947
YDR507C,YBL082C,0,-0.48910064,0.11517704278230667,0.8723828792572021,0.6724017262458801
YOL018C,YOR322C,0,-0.489343,0.11516188830137253,0.8723828792572021,0.6725017428398132
YDR210W-B,YBR245C,0,-0.4897017,0.11514672636985779,0.8723828792572021,0.6726017594337463
YOR192C-B,YFL036W,0,-0.49009258,0.11513157933950424,0.8723828792572021,0.6727018356323242
YGL021W,YGL229C,0,-0.4901784,0.1151164323091507,0.8723828792572021,0.6728018522262573
YDR134C,YBR198C,0,-0.49022114,0.11510129272937775,0.8723828792572021,0.6729018688201904
YDR478W,YDR231C,0,-0.49025,0.1150861531496048,0.8723828792572021,0.6730018854141235
YPL174C,YOL072W,0,-0.49036682,0.11507101356983185,0.8723828792572021,0.6731019020080566
YJR016C,YDR507C,0,-0.49036974,0.1150558814406395,0.8723828792572021,0.6732019782066345
YEL016C,YCR054C,0,-0.49048364,0.11504075676202774,0.8723828792572021,0.6733019948005676
YIL093C,YBL064C,0,-0.49048388,0.11502563208341599,0.8723828792572021,0.6734020113945007
YLR419W,YMR042W,0,-0.49120748,0.11501051485538483,0.8723828792572021,0.6735020279884338
YMR298W,YNL244C,0,-0.49142212,0.11499539762735367,0.8723828792572021,0.6736021041870117
YKL218C,YPR158C-D,0,-0.49180788,0.1149802878499031,0.8723828792572021,0.6737021207809448
YEL016C,YHR070W,0,-0.49195427,0.11496518552303314,0.8723828792572021,0.6738021373748779
YBR158W,YDR393W,0,-0.492033,0.11495007574558258,0.8723828792572021,0.673902153968811
YEL059C-A,YNL054W-B,0,-0.49217933,0.11493498086929321,0.8723828792572021,0.6740022301673889
YGR106C,YGR027W-B,0,-0.49231023,0.11491988599300385,0.8723828792572021,0.674102246761322
YGR104C,YML070W,0,-0.4925145,0.11490479111671448,0.8723828792572021,0.6742022633552551
YER048W-A,YMR292W,0,-0.4926067,0.1148897036910057,0.8723828792572021,0.6743022799491882
YKL173W,YPL258C,0,-0.49270833,0.11487462371587753,0.8723828792572021,0.6744022965431213
YDR022C,YML005W,0,-0.4927224,0.11485954374074936,0.8723828792572021,0.6745023727416992
YDR134C,YNL101W,0,-0.49276012,0.11484447121620178,0.8723828792572021,0.6746023893356323
YDR224C,YGR218W,0,-0.49287784,0.1148293986916542,0.8723828792572021,0.6747024059295654
YDR038C,YNL054W-B,0,-0.49335802,0.11481432616710663,0.8723828792572021,0.6748024225234985
YDR466W,YIL145C,0,-0.49338245,0.11479926854372025,0.8723828792572021,0.6749024987220764
YPR158C-D,YDR166C,0,-0.49431825,0.11478420346975327,0.8723828792572021,0.6750025153160095
YNL330C,YDR265W,0,-0.4943624,0.11476915329694748,0.8723828792572021,0.6751025319099426
YDR130C,YBL090W,0,-0.494433,0.1147540956735611,0.8723828792572021,0.6752025485038757
YMR043W,YMR023C,0,-0.4945765,0.11473905295133591,0.8723828792572021,0.6753025650978088
YDR170W-A,YNL162W,0,-0.4946406,0.11472401022911072,0.8723828792572021,0.6754026412963867
YER126C,YKL164C,0,-0.49465448,0.11470896750688553,0.8723828792572021,0.6755026578903198
YGL229C,YLR337W,0,-0.4947567,0.11469393223524094,0.8723828792572021,0.6756026744842529
YOR076C,YFR008W,0,-0.49516112,0.11467889696359634,0.8723828792572021,0.675702691078186
YOL127W,YOR124C,0,-0.49533975,0.11466386914253235,0.8723828792572021,0.6758027672767639
YCR009C,YJL046W,0,-0.495367,0.11464884877204895,0.8723828792572021,0.675902783870697
YDR261W-B,YGL155W,0,-0.49538606,0.11463382840156555,0.8723828792572021,0.6760028004646301
YDR316W-A,YDL195W,0,-0.49566722,0.11461880803108215,0.8723828792572021,0.6761028170585632
YOR288C,YMR122W-A,0,-0.4959923,0.11460379511117935,0.8723828792572021,0.6762028336524963
YMR287C,YPR070W,0,-0.49599808,0.11458878964185715,0.8723828792572021,0.6763029098510742
YJL072C,YDR379W,0,-0.49628127,0.11457378417253494,0.8723828792572021,0.6764029264450073
YHL009W-B,YML085C,0,-0.4966848,0.11455878615379333,0.8723828792572021,0.6765029430389404
YGR158C,YPL033C,0,-0.49684983,0.11454378813505173,0.8723828792572021,0.6766029596328735
YDR316W-A,YDR134C,0,-0.49711627,0.11452879756689072,0.8723828792572021,0.6767030358314514
YNL054W-B,YNL268W,0,-0.49712694,0.1145138069987297,0.8723828792572021,0.6768030524253845
YMR223W,YNL310C,0,-0.49726176,0.11449882388114929,0.8723828792572021,0.6769030690193176
YPR070W,YOR369C,0,-0.4976452,0.11448384076356888,0.8723828792572021,0.6770030856132507
YPR158C-D,YER184C,0,-0.49771428,0.11446886509656906,0.8723828792572021,0.6771031022071838
YKL089W,YDR115W,0,-0.49783248,0.11445388942956924,0.8723828792572021,0.6772031784057617
YJL046W,YDL008W,0,-0.4979732,0.11443892121315002,0.8723828792572021,0.6773031949996948
YDL130W,YCL066W,0,-0.49834955,0.1144239604473114,0.8723828792572021,0.6774032115936279
YNL054W-B,YGR188C,0,-0.49845862,0.11440899223089218,0.8723828792572021,0.677503228187561
YLR283W,YDR170W-A,0,-0.49865258,0.11439403891563416,0.8723828792572021,0.6776033043861389
YAL039C,YIL167W,1,-0.49882424,0.11450980603694916,0.8733798861503601,0.6776033043861389
YDR261W-B,YDR486C,0,-0.49885398,0.11449483782052994,0.8733798861503601,0.677703320980072
YER159C-A,YDR334W,0,-0.499035,0.11447987705469131,0.8733798861503601,0.6778033375740051
YPR158C-D,YLR418C,0,-0.4991324,0.11446491628885269,0.8733798861503601,0.6779033541679382
YGL120C,YLL035W,0,-0.49946165,0.11444996297359467,0.8733798861503601,0.6780034303665161
YLR419W,YMR217W,0,-0.5000554,0.11443500965833664,0.8733798861503601,0.6781034469604492
YPR081C,YLR430W,0,-0.5000953,0.11442006379365921,0.8733798861503601,0.6782034635543823
YMR142C,YDR261W-B,0,-0.5001937,0.11440511792898178,0.8733798861503601,0.6783034801483154
YKR059W,YPL257W-A,0,-0.500209,0.11439017951488495,0.8733798861503601,0.6784034967422485
YML040W,YPR049C,0,-0.50048995,0.11437524110078812,0.8733798861503601,0.6785035729408264
YJL170C,YLR427W,0,-0.5006696,0.11436031013727188,0.8733798861503601,0.6786035895347595
YER161C,YMR045C,0,-0.5007003,0.11434538662433624,0.8733798861503601,0.6787036061286926
YML027W,YBR122C,0,-0.5007959,0.1143304631114006,0.8733798861503601,0.6788036227226257
YER159C-A,YNL289W,0,-0.5010287,0.11431553959846497,0.8733798861503601,0.6789036989212036
YDR086C,YJL025W,0,-0.50143415,0.11430062353610992,0.8733798861503601,0.6790037155151367
YMR298W,YBL101W-A,0,-0.5019085,0.11428571492433548,0.8733798861503601,0.6791037321090698
YER159C-A,YMR094W,0,-0.50212806,0.11427080631256104,0.8733798861503601,0.6792037487030029
YAL043C,YNL054W-B,0,-0.5022107,0.11425590515136719,0.8733798861503601,0.679303765296936
YIL074C,YJL072C,0,-0.5028531,0.11424100399017334,0.8733798861503601,0.6794038414955139
YBR092C,YOR343W-A,0,-0.5042603,0.11422610282897949,0.8733798861503601,0.679503858089447
YBL037W,YOR211C,0,-0.5044596,0.11421120911836624,0.8733798861503601,0.6796038746833801
YLR343W,YCL066W,0,-0.50461346,0.11419632285833359,0.8733798861503601,0.6797038912773132
YDR013W,YEL050C,0,-0.50461465,0.11418143659830093,0.8733798861503601,0.6798039674758911
YJL153C,YER164W,0,-0.505072,0.11416655778884888,0.8733798861503601,0.6799039840698242
YER087C-A,YLR427W,0,-0.50519586,0.11415167897939682,0.8733798861503601,0.6800040006637573
YML037C,YGR272C,0,-0.5052141,0.11413680762052536,0.8733798861503601,0.6801040172576904
YAL041W,YDL190C,0,-0.5054045,0.1141219362616539,0.8733798861503601,0.6802040338516235
YBR237W,YPL220W,0,-0.5055599,0.11410707235336304,0.8733798861503601,0.6803041100502014
YML012W,YDR326C,0,-0.5060426,0.11409220844507217,0.8733798861503601,0.6804041266441345
YPR158C-D,YMR150C,0,-0.506084,0.11407735198736191,0.8733798861503601,0.6805041432380676
YOR167C,YOR246C,0,-0.50618386,0.11406250298023224,0.8733798861503601,0.6806041598320007
YHL009W-B,YGL059W,0,-0.5062251,0.11404764652252197,0.8733798861503601,0.6807042360305786
YIR012W,YOR066W,0,-0.506912,0.1140328049659729,0.8733798861503601,0.6808042526245117
YPR158C-D,YNR011C,0,-0.50716347,0.11401796340942383,0.8733798861503601,0.6809042692184448
YGL136C,YDR210W-B,0,-0.5072819,0.11400312185287476,0.8733798861503601,0.6810042858123779
YPR158C-D,YPR028W,0,-0.50740194,0.11398828774690628,0.8733798861503601,0.681104302406311
YDL120W,YNL185C,0,-0.5074436,0.1139734610915184,0.8733798861503601,0.6812043786048889
YLR304C,YNL213C,0,-0.50745785,0.11395863443613052,0.8733798861503601,0.681304395198822
YLR450W,YDR032C,0,-0.5075406,0.11394380778074265,0.8733798861503601,0.6814044117927551
YJR075W,YJL108C,0,-0.5077229,0.11392898857593536,0.8733798861503601,0.6815044283866882
YLR276C,YNL096C,0,-0.5077468,0.11391417682170868,0.8733798861503601,0.6816045045852661
YOR242C,YPR122W,0,-0.5081955,0.113899365067482,0.8733798861503601,0.6817045211791992
YIL090W,YMR303C,0,-0.5083401,0.11388455331325531,0.8733798861503601,0.6818045377731323
YCR020C,YDR251W,0,-0.5084408,0.11386974900960922,0.8733798861503601,0.6819045543670654
YDR056C,YLR433C,0,-0.50867784,0.11385495215654373,0.8733798861503601,0.6820046305656433
YKL211C,YIL168W,1,-0.5087723,0.11397010833024979,0.8743768930435181,0.6820046305656433
YHR101C,YPL194W,0,-0.508869,0.1139553040266037,0.8743768930435181,0.6821046471595764
YBR166C,YOL019W,0,-0.50908506,0.11394049972295761,0.8743768930435181,0.6822046637535095
YGL251C,YAL044C,0,-0.50931245,0.11392569541931152,0.8743768930435181,0.6823046803474426
YNL128W,YCL031C,0,-0.5094559,0.11391089856624603,0.8743768930435181,0.6824046969413757
YDR520C,YJL062W,0,-0.5096472,0.11389610171318054,0.8743768930435181,0.6825047731399536
YML077W,YGR194C,0,-0.51028746,0.11388131231069565,0.8743768930435181,0.6826047897338867
YER159C-A,YDL043C,0,-0.5104842,0.11386653035879135,0.8743768930435181,0.6827048063278198
YHR092C,YGR027W-B,0,-0.51065415,0.11385174840688705,0.8743768930435181,0.6828048229217529
YPL031C,YGR027W-B,0,-0.51068157,0.11383696645498276,0.8743768930435181,0.6829048991203308
YLR381W,YOR014W,0,-0.5107446,0.11382219195365906,0.8743768930435181,0.6830049157142639
YDR170W-A,YFR005C,0,-0.5109162,0.11380742490291595,0.8743768930435181,0.683104932308197
YOR192C-B,YNL039W,0,-0.51101995,0.11379265785217285,0.8743768930435181,0.6832049489021301
YNL128W,YGL059W,0,-0.5112357,0.11377789080142975,0.8743768930435181,0.6833049654960632
YLR134W,YOL115W,1,-0.5116454,0.11389285326004028,0.875373899936676,0.6833049654960632
YMR211W,YBR012W-B,0,-0.5117721,0.11387807875871658,0.875373899936676,0.6834050416946411
YDL127W,YGR218W,0,-0.5117998,0.11386331170797348,0.875373899936676,0.6835050582885742
YKR094C,YGR218W,0,-0.5118078,0.11384854465723038,0.875373899936676,0.6836050748825073
YDL205C,YOR369C,0,-0.5118819,0.11383378505706787,0.875373899936676,0.6837050914764404
YHR018C,YHR112C,1,-0.5120168,0.11394866555929184,0.876370906829834,0.6837050914764404
YMR122W-A,YFR007W,0,-0.512147,0.11393389850854874,0.876370906829834,0.6838051676750183
YNL227C,YDR139C,0,-0.5125215,0.11391913145780563,0.876370906829834,0.6839051842689514
YGR188C,YBL010C,0,-0.51260895,0.11390436440706253,0.876370906829834,0.6840052008628845
YNL322C,YLR337W,0,-0.5133165,0.11388961225748062,0.876370906829834,0.6841052174568176
YDR356W,YOR192C-A,0,-0.51341456,0.11387485265731812,0.876370906829834,0.6842052340507507
YGR274C,YMR292W,0,-0.51369274,0.1138601005077362,0.876370906829834,0.6843053102493286
YML094W,YOR080W,0,-0.51382214,0.1138453558087349,0.876370906829834,0.6844053268432617
YCR047C,YNL054W-B,0,-0.5138244,0.11383061110973358,0.876370906829834,0.6845053434371948
YDR531W,YGL084C,0,-0.51405966,0.11381587386131287,0.876370906829834,0.6846053600311279
YER174C,YOR343W-A,0,-0.5140747,0.11380113661289215,0.876370906829834,0.6847054362297058
YJR068W,YDL130W-A,0,-0.51408064,0.11378640681505203,0.876370906829834,0.6848054528236389
YNL162W,YMR152W,0,-0.5142539,0.11377167701721191,0.876370906829834,0.684905469417572
YOR201C,YDR478W,0,-0.5150313,0.11375695466995239,0.876370906829834,0.6850054860115051
YLR364W,YLR343W,0,-0.515284,0.11374223232269287,0.876370906829834,0.6851055026054382
YPR137C-B,YGL211W,0,-0.515388,0.11372751742601395,0.876370906829834,0.6852055788040161
YOL071W,YDR034C-C,0,-0.51553035,0.11371280997991562,0.876370906829834,0.6853055953979492
YHR031C,YGL089C,0,-0.5155435,0.1136980950832367,0.876370906829834,0.6854056119918823
YPL177C,YLR337W,0,-0.5156165,0.11368339508771896,0.876370906829834,0.6855056285858154
YOR386W,YIL168W,1,-0.5156572,0.11379800736904144,0.8773679137229919,0.6855056285858154
YPR158C-D,YAL035W,0,-0.51594466,0.11378329247236252,0.8773679137229919,0.6856057047843933
YPR048W,YPL059W,0,-0.51610255,0.11376858502626419,0.8773679137229919,0.6857057213783264
YDR424C,YNL189W,0,-0.516109,0.11375387758016586,0.8773679137229919,0.6858057379722595
YOR192C-A,YLR304C,0,-0.5162903,0.11373917758464813,0.8773679137229919,0.6859057545661926
YIL027C,YHL009W-B,0,-0.5163024,0.1137244775891304,0.8773679137229919,0.6860058307647705
YGR184C,YJR059W,0,-0.5165683,0.11370978504419327,0.8773679137229919,0.6861058473587036
YDR316W-A,YPL019C,0,-0.516643,0.11369509249925613,0.8773679137229919,0.6862058639526367
YGR170W,YJL097W,1,-0.5167408,0.11380958557128906,0.8783649206161499,0.6862058639526367
YOL030W,YOR270C,0,-0.51684064,0.11379488557577133,0.8783649206161499,0.6863058805465698
YDR316W-A,YDL067C,0,-0.5173793,0.1137801855802536,0.8783649206161499,0.6864058971405029
YLR418C,YDR013W,0,-0.5174341,0.11376549303531647,0.8783649206161499,0.6865059733390808
YML015C,YER131W,0,-0.51750386,0.11375080794095993,0.8783649206161499,0.6866059899330139
YDR387C,YML009C,0,-0.5175137,0.1137361228466034,0.8783649206161499,0.686706006526947
YNL291C,YKL158W,0,-0.5177176,0.11372143775224686,0.8783649206161499,0.6868060231208801
YML125C,YNR047W,0,-0.5178198,0.11370676010847092,0.8783649206161499,0.686906099319458
YJL048C,YDR261W-B,0,-0.51787156,0.11369208991527557,0.8783649206161499,0.6870061159133911
YJR076C,YPL155C,0,-0.5178922,0.11367741972208023,0.8783649206161499,0.6871061325073242
YMR036C,YOL005C,0,-0.5180279,0.11366274952888489,0.8783649206161499,0.6872061491012573
YGR169C,YOR054C,1,-0.5181476,0.11377708613872528,0.8793619275093079,0.6872061491012573
YFL029C,YPR166C,0,-0.51824546,0.11376241594552994,0.8793619275093079,0.6873061656951904
YDR253C,YNL159C,0,-0.51852906,0.1137477457523346,0.8793619275093079,0.6874062418937683
YIL074C,YHL009W-B,0,-0.51857954,0.11373307555913925,0.8793619275093079,0.6875062584877014
YDR011W,YPL258C,0,-0.5188173,0.1137184128165245,0.8793619275093079,0.6876062750816345
YER114C,YMR223W,0,-0.5188625,0.11370375007390976,0.8793619275093079,0.6877062916755676
YBL017C,YBL023C,0,-0.5188798,0.11368909478187561,0.8793619275093079,0.6878063678741455
YPL144W,YIL004C,0,-0.5190236,0.11367443948984146,0.8793619275093079,0.6879063844680786
YLR430W,YLR014C,0,-0.5193278,0.11365979164838791,0.8793619275093079,0.6880064010620117
YFR006W,YDR362C,0,-0.51978534,0.11364515125751495,0.8793619275093079,0.6881064176559448
YMR043W,YNL098C,0,-0.5199819,0.113630510866642,0.8793619275093079,0.6882064342498779
YLR008C,YLR201C,0,-0.5201211,0.11361587047576904,0.8793619275093079,0.6883065104484558
YML027W,YPL143W,0,-0.52012664,0.11360123753547668,0.8793619275093079,0.6884065270423889
YDR316W-A,YOL092W,0,-0.5202709,0.11358660459518433,0.8793619275093079,0.688506543636322
YGR027W-B,YDL008W,0,-0.52070016,0.11357197910547256,0.8793619275093079,0.6886065602302551
YJL072C,YHR036W,0,-0.52071846,0.1135573610663414,0.8793619275093079,0.688706636428833
YOL123W,YDR034C-C,0,-0.5212512,0.11354274302721024,0.8793619275093079,0.6888066530227661
YHR072W,YEL021W,1,-0.5217081,0.11365684121847153,0.8803589344024658,0.6888066530227661
YNL046W,YOR151C,0,-0.52172214,0.11364221572875977,0.8803589344024658,0.6889066696166992
YML054C,YDR034C-C,0,-0.5217533,0.113627590239048,0.8803589344024658,0.6890066862106323
YKL154W,YIL155C,0,-0.5217873,0.11361297219991684,0.8803589344024658,0.6891067028045654
YBR205W,YER030W,0,-0.52187985,0.11359835416078568,0.8803589344024658,0.6892067790031433
YHL040C,YGL119W,0,-0.5218818,0.11358374357223511,0.8803589344024658,0.6893067955970764
YER159C-A,YNL098C,0,-0.52195436,0.11356913298368454,0.8803589344024658,0.6894068121910095
YGL137W,YDR054C,0,-0.52206606,0.11355452984571457,0.8803589344024658,0.6895068287849426
YBR058C-A,YKL021C,0,-0.5222584,0.1135399267077446,0.8803589344024658,0.6896069049835205
YJL072C,YGR076C,0,-0.52240926,0.11352533102035522,0.8803589344024658,0.6897069215774536
YBR123C,YLR318W,0,-0.5225853,0.11351073533296585,0.8803589344024658,0.6898069381713867
YDL190C,YCR094W,0,-0.522604,0.11349614709615707,0.8803589344024658,0.6899069547653198
YHR089C,YDR379W,0,-0.52265626,0.1134815588593483,0.8803589344024658,0.6900070309638977
YDR329C,YNL054W-B,0,-0.5226707,0.11346697807312012,0.8803589344024658,0.6901070475578308
YDR279W,YKL198C,0,-0.52270675,0.11345239728689194,0.8803589344024658,0.6902070641517639
YNR027W,YGR027W-B,0,-0.522898,0.11343782395124435,0.8803589344024658,0.690307080745697
YIL112W,YNR047W,0,-0.5230563,0.11342325061559677,0.8803589344024658,0.6904070973396301
YLR090W,YMR022W,0,-0.52337915,0.11340868473052979,0.8803589344024658,0.690507173538208
YHR052W,YKL158W,0,-0.5234313,0.1133941188454628,0.8803589344024658,0.6906071901321411
YNR007C,YPL202C,0,-0.523882,0.11337956041097641,0.8803589344024658,0.6907072067260742
YMR221C,YOL080C,0,-0.52453476,0.11336500197649002,0.8803589344024658,0.6908072233200073
YDR018C,YER089C,0,-0.5246016,0.11335045099258423,0.8803589344024658,0.6909072995185852
YGL059W,YNL189W,0,-0.5250207,0.11333590000867844,0.8803589344024658,0.6910073161125183
YHR089C,YOR343W-A,0,-0.5250626,0.11332135647535324,0.8803589344024658,0.6911073327064514
YMR171C,YOR192C-A,0,-0.5250693,0.11330681294202805,0.8803589344024658,0.6912073493003845
YBL101W-A,YGL157W,0,-0.5258283,0.11329227685928345,0.8803589344024658,0.6913073658943176
YMR264W,YBL021C,0,-0.52582955,0.11327774077653885,0.8803589344024658,0.6914074420928955
YLR337W,YDR534C,0,-0.52613854,0.11326321214437485,0.8803589344024658,0.6915074586868286
YBR030W,YIL113W,0,-0.52618545,0.11324868351221085,0.8803589344024658,0.6916074752807617
YER070W,YLR357W,0,-0.5263691,0.11323416233062744,0.8803589344024658,0.6917074918746948
YDR316W-A,YOR182C,0,-0.52672505,0.11321964114904404,0.8803589344024658,0.6918075680732727
YPR096C,YIL115C,0,-0.52700293,0.11320512741804123,0.8803589344024658,0.6919075846672058
YAL041W,YOL138C,0,-0.52721524,0.11319061368703842,0.8803589344024658,0.6920076012611389
YDR265W,YPR168W,0,-0.52727646,0.11317610740661621,0.8803589344024658,0.692107617855072
YLR032W,YNL054W-B,0,-0.5277259,0.113161601126194,0.8803589344024658,0.6922076344490051
YOR167C,YDR011W,0,-0.52784395,0.11314710229635239,0.8803589344024658,0.692307710647583
YDR253C,YGR002C,0,-0.527858,0.11313261091709137,0.8803589344024658,0.6924077272415161
YAL043C,YDR261W-B,0,-0.52788895,0.11311811208724976,0.8803589344024658,0.6925077438354492
YML012W,YMR221C,0,-0.52814746,0.11310362815856934,0.8803589344024658,0.6926077604293823
YGL173C,YMR051C,0,-0.528249,0.11308913677930832,0.8803589344024658,0.6927078366279602
YBR001C,YNL136W,0,-0.5282587,0.1130746603012085,0.8803589344024658,0.6928078532218933
YHL009W-B,YHR167W,0,-0.5283128,0.11306017637252808,0.8803589344024658,0.6929078698158264
YBL054W,YDR034C-C,0,-0.528349,0.11304570734500885,0.8803589344024658,0.6930078864097595
YER083C,YMR163C,0,-0.52862275,0.11303123086690903,0.8803589344024658,0.6931079030036926
YCR072C,YGL185C,0,-0.52898854,0.1130167692899704,0.8803589344024658,0.6932079792022705
YGR027W-B,YGR162W,0,-0.5293464,0.11300230026245117,0.8803589344024658,0.6933079957962036
YOR076C,YKL024C,0,-0.52971554,0.11298784613609314,0.8803589344024658,0.6934080123901367
YKL034W,YOL080C,0,-0.5300037,0.11297338455915451,0.8803589344024658,0.6935080289840698
YML082W,YEL020C,1,-0.53002256,0.11308686435222626,0.8813559412956238,0.6935080289840698
YPR158C-D,YBR009C,0,-0.53035545,0.11307239532470703,0.8813559412956238,0.6936081051826477
YDR313C,YOR217W,0,-0.53067917,0.1130579337477684,0.8813559412956238,0.6937081217765808
YDR038C,YER126C,0,-0.5311348,0.11304347962141037,0.8813559412956238,0.6938081383705139
YGL173C,YOL100W,0,-0.53130174,0.11302902549505234,0.8813559412956238,0.693908154964447
YOR192C-A,YBL021C,0,-0.5315205,0.1130145713686943,0.8813559412956238,0.6940082311630249
YMR109W,YHR081W,0,-0.5321105,0.11300012469291687,0.8813559412956238,0.694108247756958
YBL054W,YLR287C-A,0,-0.5321895,0.11298568546772003,0.8813559412956238,0.6942082643508911
YMR307W,YIR015W,0,-0.5322173,0.1129712462425232,0.8813559412956238,0.6943082809448242
YLR364W,YML063W,0,-0.53229135,0.11295680701732635,0.8813559412956238,0.6944082975387573
YGR027W-B,YCL050C,0,-0.53246194,0.11294237524271011,0.8813559412956238,0.6945083737373352
YDR400W,YPL204W,0,-0.532756,0.11292795091867447,0.8813559412956238,0.6946083903312683
YOR061W,YNL213C,0,-0.53276503,0.11291352659463882,0.8813559412956238,0.6947084069252014
YER131W,YOR217W,0,-0.5328141,0.11289910972118378,0.8813559412956238,0.6948084235191345
YGL161C,YLR430W,0,-0.5328984,0.11288468539714813,0.8813559412956238,0.6949084997177124
YNL158W,YCR040W,0,-0.53302115,0.11287027597427368,0.8813559412956238,0.6950085163116455
YHL009W-B,YHR160C,0,-0.53307974,0.11285586655139923,0.8813559412956238,0.6951085329055786
YCR047C,YHR039C-B,0,-0.5332135,0.11284145712852478,0.8813559412956238,0.6952085494995117
YGL173C,YHR153C,0,-0.5337027,0.11282705515623093,0.8813559412956238,0.6953085660934448
YBR245C,YHL016C,0,-0.53378963,0.11281266063451767,0.8813559412956238,0.6954086422920227
YGR154C,YMR184W,0,-0.53382146,0.11279826611280441,0.8813559412956238,0.6955086588859558
YBL017C,YBR009C,0,-0.53425795,0.11278387159109116,0.8813559412956238,0.6956086754798889
YBR205W,YPL149W,0,-0.5342858,0.1127694845199585,0.8813559412956238,0.695708692073822
YOR224C,YMR314W,0,-0.53432137,0.11275510489940643,0.8813559412956238,0.6958087682723999
YNL054W-B,YBR012W-B,0,-0.53444976,0.11274072527885437,0.8813559412956238,0.695908784866333
YOR192C-A,YDR093W,0,-0.5345462,0.11272634565830231,0.8813559412956238,0.6960088014602661
YNL054W-B,YMR165C,0,-0.53486145,0.11271197348833084,0.8813559412956238,0.6961088180541992
YNR070W,YDR034C-C,0,-0.53508365,0.11269760131835938,0.8813559412956238,0.6962088346481323
YJR009C,YJL189W,0,-0.5353042,0.1126832365989685,0.8813559412956238,0.6963089108467102
YDR316W-A,YLR212C,0,-0.5356381,0.11266887933015823,0.8813559412956238,0.6964089274406433
YOR343W-A,YPR081C,0,-0.53574276,0.11265451461076736,0.8813559412956238,0.6965089440345764
YFL047W,YNL096C,0,-0.53584754,0.11264016479253769,0.8813559412956238,0.6966089606285095
YNL054W-B,YDL180W,0,-0.53589326,0.11262581497430801,0.8813559412956238,0.6967090368270874
YNL330C,YJL156C,0,-0.5360315,0.11261146515607834,0.8813559412956238,0.6968090534210205
YBR082C,YDR511W,0,-0.536056,0.11259712278842926,0.8813559412956238,0.6969090700149536
YER027C,YGL095C,0,-0.5361142,0.11258278042078018,0.8813559412956238,0.6970090866088867
YJR075W,YOR343W-A,0,-0.5364944,0.1125684455037117,0.8813559412956238,0.6971091032028198
YPL194W,YHR010W,0,-0.53676313,0.11255411058664322,0.8813559412956238,0.6972091794013977
YJL170C,YAR010C,0,-0.5368693,0.11253978312015533,0.8813559412956238,0.6973091959953308
YDL136W,YIL078W,0,-0.53698444,0.11252545565366745,0.8813559412956238,0.6974092125892639
YGR027W-B,YOR150W,0,-0.5370519,0.11251113563776016,0.8813559412956238,0.697509229183197
YLR201C,YKL158W,0,-0.53755534,0.11249681562185287,0.8813559412956238,0.6976093053817749
YFR032C-A,YOR192C-B,0,-0.5376907,0.11248250305652618,0.8813559412956238,0.697709321975708
YDR210W-B,YNL015W,0,-0.5379592,0.1124681904911995,0.8813559412956238,0.6978093385696411
YBR205W,YKL154W,0,-0.53797466,0.1124538853764534,0.8813559412956238,0.6979093551635742
YAL053W,YLR439W,0,-0.5381177,0.1124395802617073,0.8813559412956238,0.6980094313621521
YOL139C,YLR337W,0,-0.5381433,0.11242528259754181,0.8813559412956238,0.6981094479560852
YLR134W,YOR393W,1,-0.53872526,0.11253815144300461,0.8823529481887817,0.6981094479560852
YFR032C-A,YDR316W-A,0,-0.5388503,0.11252383887767792,0.8823529481887817,0.6982094645500183
YPL051W,YGR027W-B,0,-0.53892773,0.11250953376293182,0.8823529481887817,0.6983094811439514
YDR400W,YJL062W,0,-0.53950024,0.11249523609876633,0.8823529481887817,0.6984094977378845
YDR379W,YNL077W,0,-0.5395339,0.11248093843460083,0.8823529481887817,0.6985095739364624
YLR099C,YKL028W,0,-0.53981054,0.11246664077043533,0.8823529481887817,0.6986095905303955
YDR126W,YDR420W,0,-0.53982365,0.11245235055685043,0.8823529481887817,0.6987096071243286
YDR363W-A,YGL222C,0,-0.54031956,0.11243806034326553,0.8823529481887817,0.6988096237182617
YER056C-A,YNL054W-B,0,-0.5403219,0.11242377758026123,0.8823529481887817,0.6989096999168396
YER029C,YOR076C,0,-0.54033923,0.11240950226783752,0.8823529481887817,0.6990097165107727
YPR049C,YPL231W,0,-0.5403776,0.11239522695541382,0.8823529481887817,0.6991097331047058
YBR264C,YDL095W,0,-0.54043716,0.11238095164299011,0.8823529481887817,0.6992097496986389
YML042W,YDR261W-B,0,-0.5405106,0.112366683781147,0.8823529481887817,0.699309766292572
YGL213C,YMR287C,0,-0.5405776,0.1123524159193039,0.8823529481887817,0.6994098424911499
YER099C,YLR097C,0,-0.5406094,0.11233815550804138,0.8823529481887817,0.699509859085083
YPR016C,YDR034C-C,0,-0.5407281,0.11232390254735947,0.8823529481887817,0.6996098756790161
YBR041W,YAR044W,0,-0.54074866,0.11230964213609695,0.8823529481887817,0.6997098922729492
YPR158C-D,YOR244W,0,-0.5409979,0.11229539662599564,0.8823529481887817,0.6998099684715271
YNL185C,YLR356W,0,-0.5411886,0.11228114366531372,0.8823529481887817,0.6999099850654602
YKR037C,YBR245C,0,-0.5416017,0.112266905605793,0.8823529481887817,0.7000100016593933
YOR192C-A,YER030W,0,-0.5418174,0.11225266009569168,0.8823529481887817,0.7001100182533264
YPL143W,YAL003W,0,-0.54190356,0.11223842948675156,0.8823529481887817,0.7002100348472595
YDR487C,YDR034C-C,0,-0.5426009,0.11222419142723083,0.8823529481887817,0.7003101110458374
YDR210W-B,YKL028W,0,-0.54260683,0.11220996826887131,0.8823529481887817,0.7004101276397705
YGR156W,YDR288W,0,-0.5426915,0.11219573765993118,0.8823529481887817,0.7005101442337036
YPR137C-B,YKL021C,0,-0.5428762,0.11218152195215225,0.8823529481887817,0.7006101608276367
YNL158W,YOR269W,0,-0.54299176,0.11216729879379272,0.8823529481887817,0.7007102370262146
YNL054W-B,YER030W,0,-0.54329383,0.1121530830860138,0.8823529481887817,0.7008102536201477
YCR096C,YBR251W,0,-0.54357564,0.11213887482881546,0.8823529481887817,0.7009102702140808
YNL291C,YJL156C,0,-0.54368937,0.11212466657161713,0.8823529481887817,0.7010102868080139
YDR248C,YJR029W,0,-0.54370016,0.11211046576499939,0.8823529481887817,0.701110303401947
YMR142C,YGR027W-B,0,-0.5438714,0.11209626495838165,0.8823529481887817,0.7012103796005249
YLL009C,YDL080C,0,-0.54418826,0.11208206415176392,0.8823529481887817,0.701310396194458
YGR272C,YLR010C,0,-0.5444287,0.11206787079572678,0.8823529481887817,0.7014104127883911
YOR014W,YLR176C,0,-0.5444543,0.11205368489027023,0.8823529481887817,0.7015104293823242
YOR192C-B,YCR094W,0,-0.5446281,0.11203949898481369,0.8823529481887817,0.7016105055809021
YKL089W,YDR018C,0,-0.5448064,0.11202531307935715,0.8823529481887817,0.7017105221748352
YPR102C,YKL183W,0,-0.5450211,0.1120111346244812,0.8823529481887817,0.7018105387687683
YHL008C,YER153C,0,-0.5452167,0.11199696362018585,0.8823529481887817,0.7019105553627014
YMR289W,YGR189C,0,-0.5453214,0.1119827926158905,0.8823529481887817,0.7020106315612793
YDR236C,YLR097C,0,-0.5454677,0.11196862161159515,0.8823529481887817,0.7021106481552124
YOR192C-A,YHL032C,0,-0.54552746,0.1119544580578804,0.8823529481887817,0.7022106647491455
YKR037C,YOL103W,0,-0.545584,0.11194030195474625,0.8823529481887817,0.7023106813430786
YMR314W,YPL095C,0,-0.5456642,0.1119261384010315,0.8823529481887817,0.7024106979370117
YPL060W,YNL162W,0,-0.5456775,0.11191198974847794,0.8823529481887817,0.7025107741355896
YGL210W,YDR034C-C,0,-0.54568166,0.11189784109592438,0.8823529481887817,0.7026107907295227
YNL054W-B,YPR032W,0,-0.54576725,0.11188369244337082,0.8823529481887817,0.7027108073234558
YGL090W,YKL021C,0,-0.5457923,0.11186955124139786,0.8823529481887817,0.7028108239173889
YLR370C,YDL007W,0,-0.5458265,0.1118554100394249,0.8823529481887817,0.7029109001159668
YPL257W-A,YDR130C,0,-0.5464175,0.11184127628803253,0.8823529481887817,0.7030109167098999
YCR039C,YBL039C,0,-0.5467373,0.11182714253664017,0.8823529481887817,0.703110933303833
YNL311C,YNL136W,0,-0.54680413,0.1118130162358284,0.8823529481887817,0.7032109498977661
YPR158C-D,YLL038C,0,-0.54681367,0.11179888993501663,0.8823529481887817,0.7033109664916992
YGL251C,YMR004W,0,-0.54685706,0.11178476363420486,0.8823529481887817,0.7034110426902771
YIL138C,YOL007C,0,-0.54713553,0.11177065223455429,0.8823529481887817,0.7035110592842102
YAL039C,YHR067W,1,-0.5471736,0.11188281327486038,0.8833499550819397,0.7035110592842102
YKL088W,YPL202C,0,-0.5477197,0.11186868697404861,0.8833499550819397,0.7036110758781433
YPR132W,YLR032W,0,-0.54800963,0.11185456067323685,0.8833499550819397,0.7037110924720764
YNL306W,YMR163C,0,-0.5480256,0.11184044182300568,0.8833499550819397,0.7038111686706543
YKL199C,YKL181W,0,-0.54809886,0.1118263304233551,0.8833499550819397,0.7039111852645874
YDR032C,YOL149W,0,-0.5481958,0.11181221902370453,0.8833499550819397,0.7040112018585205
YPR031W,YCL050C,0,-0.5484123,0.11179810762405396,0.8833499550819397,0.7041112184524536
YLL009C,YPL214C,0,-0.54844785,0.11178400367498398,0.8833499550819397,0.7042112350463867
YLR170C,YMR188C,0,-0.5486152,0.111769899725914,0.8833499550819397,0.7043113112449646
YOR192C-B,YJL072C,0,-0.5486532,0.11175580322742462,0.8833499550819397,0.7044113278388977
YDL129W,YIL150C,0,-0.5489269,0.11174170672893524,0.8833499550819397,0.7045113444328308
YDR524C,YGR002C,0,-0.54901475,0.11172761768102646,0.8833499550819397,0.7046113610267639
YHL009W-B,YOL120C,0,-0.5491026,0.11171352863311768,0.8833499550819397,0.7047114372253418
YBL060W,YLR176C,0,-0.54911035,0.11169944703578949,0.8833499550819397,0.7048114538192749
YNL054W-B,YMR285C,0,-0.54915553,0.1116853654384613,0.8833499550819397,0.704911470413208
YAL023C,YJR126C,0,-0.5492256,0.11167129129171371,0.8833499550819397,0.7050114870071411
YDL166C,YBR207W,0,-0.54951775,0.11165721714496613,0.8833499550819397,0.705111563205719
YDR387C,YGR272C,0,-0.54961216,0.11164314299821854,0.8833499550819397,0.7052115797996521
YNL046W,YOR337W,0,-0.54967976,0.11162907630205154,0.8833499550819397,0.7053115963935852
YDL210W,YDR034C-C,0,-0.5499513,0.11161501705646515,0.8833499550819397,0.7054116129875183
YML043C,YNL149C,0,-0.5502655,0.11160095781087875,0.8833499550819397,0.7055116295814514
YML034W,YDR326C,0,-0.5506187,0.11158689856529236,0.8833499550819397,0.7056117057800293
YOR343W-A,YJR045C,0,-0.5508997,0.11157284677028656,0.8833499550819397,0.7057117223739624
YJR010C-A,YOR192C-A,0,-0.5509559,0.11155880242586136,0.8833499550819397,0.7058117389678955
YGR088W,YOL071W,0,-0.5511538,0.11154475808143616,0.8833499550819397,0.7059117555618286
YBR240C,YNL185C,0,-0.55136603,0.11153071373701096,0.8833499550819397,0.7060118317604065
YER095W,YER091C,0,-0.5515987,0.11151667684316635,0.8833499550819397,0.7061118483543396
YLR015W,YER048W-A,0,-0.55163634,0.11150263994932175,0.8833499550819397,0.7062118649482727
YNL308C,YGR154C,0,-0.5516591,0.11148861050605774,0.8833499550819397,0.7063118815422058
YDR210W-B,YMR292W,0,-0.5518175,0.11147458851337433,0.8833499550819397,0.7064118981361389
YGR027W-B,YDR421W,0,-0.5521574,0.11146055907011032,0.8833499550819397,0.7065119743347168
YGR272C,YPR019W,0,-0.5522707,0.11144654452800751,0.8833499550819397,0.7066119909286499
YHR067W,YDR034C-C,0,-0.5523246,0.1114325225353241,0.8833499550819397,0.706712007522583
YOR192C-A,YML037C,0,-0.55234164,0.11141850799322128,0.8833499550819397,0.7068120241165161
YLR364W,YDR050C,0,-0.5524823,0.11140450090169907,0.8833499550819397,0.706912100315094
YMR221C,YOR131C,0,-0.55250484,0.11139049381017685,0.8833499550819397,0.7070121169090271
YJL108C,YPL153C,0,-0.55286264,0.11137649416923523,0.8833499550819397,0.7071121335029602
YHL009W-B,YBL023C,0,-0.5529355,0.11136249452829361,0.8833499550819397,0.7072121500968933
YIR015W,YDR487C,0,-0.5530803,0.11134849488735199,0.8833499550819397,0.7073121666908264
YHL004W,YCR054C,0,-0.5532125,0.11133450269699097,0.8833499550819397,0.7074122428894043
YLR192C,YML095C,0,-0.55347615,0.11132051795721054,0.8833499550819397,0.7075122594833374
YLR312C-B,YMR051C,0,-0.5534978,0.11130653321743011,0.8833499550819397,0.7076122760772705
YKR090W,YCL048W-A,0,-0.5534978,0.11129254847764969,0.8833499550819397,0.7077122926712036
YLL013C,YPL189C-A,0,-0.5534978,0.11127857118844986,0.8833499550819397,0.7078123688697815
YMR056C,YPL189C-A,0,-0.5534978,0.11126460134983063,0.8833499550819397,0.7079123854637146
YGR088W,YAR070W-A,0,-0.5534978,0.1112506315112114,0.8833499550819397,0.7080124020576477
YGR002C,YAR070W-A,0,-0.5534978,0.11123666167259216,0.8833499550819397,0.7081124186515808
YNL015W,YOR396W,0,-0.5534978,0.11122269928455353,0.8833499550819397,0.7082124352455139
YMR098C,YHR214W-G,0,-0.5534978,0.11120873689651489,0.8833499550819397,0.7083125114440918
YER120W,YCL048W-A,0,-0.5534978,0.11119478195905685,0.8833499550819397,0.7084125280380249
YPL189C-A,YPR184W,0,-0.5534978,0.11118082702159882,0.8833499550819397,0.708512544631958
YAR070W-A,YOR374W,0,-0.5534978,0.11116687208414078,0.8833499550819397,0.7086125612258911
YAR070W-A,YML081C-A,0,-0.5534978,0.11115293204784393,0.8833499550819397,0.708712637424469
YGL035C,YCL048W-A,0,-0.5534978,0.11113898456096649,0.8833499550819397,0.7088126540184021
YPL189C-A,YPL101W,0,-0.5534978,0.11112504452466965,0.8833499550819397,0.7089126706123352
YLR312C-B,YPL123C,0,-0.5534978,0.1111111119389534,0.8833499550819397,0.7090126872062683
YDR197W,YAR070W-A,0,-0.5534978,0.11109717935323715,0.8833499550819397,0.7091127634048462
YDR503C,YOR396W,0,-0.5534978,0.1110832467675209,0.8833499550819397,0.7092127799987793
YDL038C,YJL056C,0,-0.5534978,0.11106932163238525,0.8833499550819397,0.7093127965927124
YOL064C,YPL189C-A,0,-0.5534978,0.1110554039478302,0.8833499550819397,0.7094128131866455
YJR139C,YCL048W-A,0,-0.5534978,0.11104148626327515,0.8833499550819397,0.7095128297805786
YDL038C,YPR184W,0,-0.5534978,0.11102756857872009,0.8833499550819397,0.7096129059791565
YCL048W-A,YHR171W,0,-0.5534978,0.11101365834474564,0.8833499550819397,0.7097129225730896
YCL048W-A,YPR047W,0,-0.5534978,0.11099974811077118,0.8833499550819397,0.7098129391670227
YDR069C,YGL258W-A,0,-0.5534978,0.11098584532737732,0.8833499550819397,0.7099129557609558
YMR306W,YCL048W-A,0,-0.5534978,0.11097194254398346,0.8833499550819397,0.7100130319595337
YGR223C,YDL038C,0,-0.5534978,0.1109580472111702,0.8833499550819397,0.7101130485534668
YOL125W,YAR070W-A,0,-0.5534978,0.11094415187835693,0.8833499550819397,0.7102130651473999
YLR312C-B,YML095C,0,-0.5534978,0.11093026399612427,0.8833499550819397,0.710313081741333
YHR214W-G,YKL158W,0,-0.5534978,0.1109163761138916,0.8833499550819397,0.7104130983352661
YOR396W,YLR438C-A,0,-0.5534978,0.11090248823165894,0.8833499550819397,0.710513174533844
YGL137W,YOR396W,0,-0.5534978,0.11088860780000687,0.8833499550819397,0.7106131911277771
YPL096C-A,YGL155W,0,-0.5534978,0.1108747348189354,0.8833499550819397,0.7107132077217102
YDL038C,YDR088C,0,-0.5534978,0.11086086183786392,0.8833499550819397,0.7108132243156433
YCL048W-A,YNL112W,0,-0.5534978,0.11084698885679245,0.8833499550819397,0.7109133005142212
YDR316W-A,YCL057C-A,0,-0.5534978,0.11083312332630157,0.8833499550819397,0.7110133171081543
YDL038C,YEL058W,0,-0.5534978,0.1108192652463913,0.8833499550819397,0.7111133337020874
YCL048W-A,YJL136C,0,-0.5534978,0.11080539971590042,0.8833499550819397,0.7112133502960205
YLR312C-B,YER096W,0,-0.5534978,0.11079154908657074,0.8833499550819397,0.7113133668899536
YPL189C-A,YPL026C,0,-0.5534978,0.11077769100666046,0.8833499550819397,0.7114134430885315
YHR214W-G,YPL103C,0,-0.5534978,0.11076384782791138,0.8833499550819397,0.7115134596824646
YNL046W,YOR396W,0,-0.5534978,0.1107499971985817,0.8833499550819397,0.7116134762763977
YDL038C,YCL050C,0,-0.5534978,0.11073616147041321,0.8833499550819397,0.7117134928703308
YPL096C-A,YDR387C,0,-0.5534978,0.11072231829166412,0.8833499550819397,0.7118135690689087
YER025W,YCR029C-A,0,-0.5534978,0.11070848256349564,0.8833499550819397,0.7119135856628418
YAR070W-A,YGR116W,0,-0.5534978,0.11069465428590775,0.8833499550819397,0.7120136022567749
YML104C,YHR214W-G,0,-0.5534978,0.11068082600831985,0.8833499550819397,0.712113618850708
YDL138W,YCL048W-A,0,-0.5534978,0.11066699773073196,0.8833499550819397,0.7122136354446411
YML124C,YOR396W,0,-0.5534978,0.11065317690372467,0.8833499550819397,0.712313711643219
YPL096C-A,YEL021W,0,-0.5534978,0.11063936352729797,0.8833499550819397,0.7124137282371521
YPL096C-A,YLR441C,0,-0.5534978,0.11062554270029068,0.8833499550819397,0.7125137448310852
YMR127C,YAR070W-A,0,-0.5534978,0.11061173677444458,0.8833499550819397,0.7126137614250183
YPL096C-A,YJR033C,0,-0.5534978,0.11059793084859848,0.8833499550819397,0.7127138376235962
YGL258W-A,YGR262C,0,-0.5534978,0.11058412492275238,0.8833499550819397,0.7128138542175293
YDL038C,YIR015W,0,-0.5534978,0.11057032644748688,0.8833499550819397,0.7129138708114624
YPL189C-A,YJR135W-A,0,-0.5534978,0.11055652797222137,0.8833499550819397,0.7130138874053955
YMR166C,YHR039C-B,0,-0.5534978,0.11054272949695587,0.8833499550819397,0.7131139636039734
YDL038C,YMR314W,0,-0.5534978,0.11052893847227097,0.8833499550819397,0.7132139801979065
YPL174C,YGL258W-A,0,-0.5534978,0.11051515489816666,0.8833499550819397,0.7133139967918396
YDL080C,YAR070W-A,0,-0.5534978,0.11050137132406235,0.8833499550819397,0.7134140133857727
YBL103C,YPL189C-A,0,-0.5534978,0.11048759520053864,0.8833499550819397,0.7135140299797058
YLR204W,YDL038C,0,-0.5534978,0.11047381907701492,0.8833499550819397,0.7136141061782837
YLR312C-B,YGL141W,0,-0.5534978,0.11046004295349121,0.8833499550819397,0.7137141227722168
YJL136C,YKL158W,0,-0.5534978,0.1104462742805481,0.8833499550819397,0.7138141393661499
YDL038C,YNL007C,0,-0.5534978,0.11043250560760498,0.8833499550819397,0.713914155960083
YKR059W,YHR214W-G,0,-0.5534978,0.11041874438524246,0.8833499550819397,0.7140142321586609
YHR214W-G,YGR234W,0,-0.5534978,0.11040498316287994,0.8833499550819397,0.714114248752594
YHR214W-G,YLL022C,0,-0.5534978,0.11039122939109802,0.8833499550819397,0.7142142653465271
YOR192C-B,YKL158W,0,-0.5534978,0.1103774756193161,0.8833499550819397,0.7143142819404602
YCL063W,YCL048W-A,0,-0.5534978,0.11036372929811478,0.8833499550819397,0.7144142985343933
YPL189C-A,YBR035C,0,-0.5534978,0.11034998297691345,0.8833499550819397,0.7145143747329712
YNL091W,YAR070W-A,0,-0.5534978,0.11033623665571213,0.8833499550819397,0.7146143913269043
YGL206C,YCL048W-A,0,-0.5534978,0.1103224977850914,0.8833499550819397,0.7147144079208374
YLR312C-B,YLR356W,0,-0.5534978,0.11030876636505127,0.8833499550819397,0.7148144245147705
YCR029C-A,YDR342C,0,-0.5534978,0.11029503494501114,0.8833499550819397,0.7149145007133484
YKL199C,YBR058C-A,0,-0.5534978,0.11028130352497101,0.8833499550819397,0.7150145173072815
YOL100W,YDL038C,0,-0.5534978,0.11026757955551147,0.8833499550819397,0.7151145339012146
YDL114W,YCR029C-A,0,-0.5534978,0.11025385558605194,0.8833499550819397,0.7152145504951477
YDL038C,YKL109W,0,-0.5534978,0.110240139067173,0.8833499550819397,0.7153145670890808
YOR396W,YNL325C,0,-0.5534978,0.11022642254829407,0.8833499550819397,0.7154146432876587
YOR036W,YGL258W-A,0,-0.5534978,0.11021271347999573,0.8833499550819397,0.7155146598815918
YHR214W-G,YAR070W-A,0,-0.5534978,0.11019900441169739,0.8833499550819397,0.7156146764755249
YIL101C,YGL258W-A,0,-0.5534978,0.11018530279397964,0.8833499550819397,0.715714693069458
YPR070W,YGL258W-A,0,-0.5534978,0.1101716011762619,0.8833499550819397,0.7158147692680359
YCL048W-A,YML091C,0,-0.5534978,0.11015789955854416,0.8833499550819397,0.715914785861969
YCL048W-A,YNR001C,0,-0.5534978,0.11014420539140701,0.8833499550819397,0.7160148024559021
YGL206C,YOR240W,0,-0.5534978,0.11013051867485046,0.8833499550819397,0.7161148190498352
YPR186C,YAR070W-A,0,-0.5534978,0.11011683195829391,0.8833499550819397,0.7162148356437683
YGL258W-A,YAR044W,0,-0.5534978,0.11010314524173737,0.8833499550819397,0.7163149118423462
YOR174W,YOR240W,0,-0.5534978,0.11008946597576141,0.8833499550819397,0.7164149284362793
YDR320C-A,YHR214W-G,0,-0.5534978,0.11007578670978546,0.8833499550819397,0.7165149450302124
YCR029C-A,YNL206C,0,-0.5534978,0.1100621148943901,0.8833499550819397,0.7166149616241455
YDL038C,YOR131C,0,-0.5534978,0.11004844307899475,0.8833499550819397,0.7167150378227234
YLR312C-B,YOL157C,0,-0.5534978,0.1100347712635994,0.8833499550819397,0.7168150544166565
YPL189C-A,YGR061C,0,-0.5534978,0.11002110689878464,0.8833499550819397,0.7169150710105896
YDL038C,YGR200C,0,-0.5534978,0.11000744998455048,0.8833499550819397,0.7170150876045227
YCR029C-A,YPR108W,0,-0.5534978,0.10999379307031631,0.8833499550819397,0.7171151638031006
YDR400W,YAR070W-A,0,-0.5534978,0.10998013615608215,0.8833499550819397,0.7172151803970337
YLR212C,YPL189C-A,0,-0.5534978,0.10996648669242859,0.8833499550819397,0.7173151969909668
YKL100C,YPL189C-A,0,-0.5534978,0.10995284467935562,0.8833499550819397,0.7174152135848999
YLR312C-B,YAL023C,0,-0.5534978,0.10993919521570206,0.8833499550819397,0.717515230178833
YLR312C-B,YKL164C,0,-0.5534978,0.10992556065320969,0.8833499550819397,0.7176153063774109
YMR051C,YGL258W-A,0,-0.5534978,0.10991191864013672,0.8833499550819397,0.717715322971344
YBL037W,YAR070W-A,0,-0.5534978,0.10989829152822495,0.8833499550819397,0.7178153395652771
YML094W,YGR272C,0,-0.5534978,0.10988465696573257,0.8833499550819397,0.7179153561592102
YKL199C,YNL289W,0,-0.5534978,0.1098710298538208,0.8833499550819397,0.7180154323577881
YJR013W,YPL096C-A,0,-0.5534978,0.10985741019248962,0.8833499550819397,0.7181154489517212
YLR312C-B,YDL180W,0,-0.5534978,0.10984379053115845,0.8833499550819397,0.7182154655456543
YNR070W,YOR240W,0,-0.5534978,0.10983017086982727,0.8833499550819397,0.7183154821395874
YKL178C,YOR396W,0,-0.5534978,0.10981655865907669,0.8833499550819397,0.7184154987335205
YIL039W,YHR214W-G,0,-0.5534978,0.10980294644832611,0.8833499550819397,0.7185155749320984
YML104C,YPL189C-A,0,-0.5534978,0.10978934168815613,0.8833499550819397,0.7186155915260315
YIL004C,YPL189C-A,0,-0.5534978,0.10977573692798615,0.8833499550819397,0.7187156081199646
YLR312C-B,YDR071C,0,-0.5534978,0.10976213961839676,0.8833499550819397,0.7188156247138977
YBR237W,YPL096C-A,0,-0.5534978,0.10974854230880737,0.8833499550819397,0.7189157009124756
YLR096W,YDL038C,0,-0.5534978,0.10973495244979858,0.8833499550819397,0.7190157175064087
YDL038C,YJL109C,0,-0.5534978,0.1097213625907898,0.8833499550819397,0.7191157341003418
YOR396W,YCR037C,0,-0.5534978,0.109707772731781,0.8833499550819397,0.7192157506942749
YLR008C,YOR396W,0,-0.5534978,0.10969419032335281,0.8833499550819397,0.719315767288208
YDL038C,YIL115C,0,-0.5534978,0.10968061536550522,0.8833499550819397,0.7194158434867859
YPL091W,YCR029C-A,0,-0.5534978,0.10966704040765762,0.8833499550819397,0.719515860080719
YHR214W-G,YDR507C,0,-0.5534978,0.10965346544981003,0.8833499550819397,0.7196158766746521
YOL065C,YGL258W-A,0,-0.5534978,0.10963989794254303,0.8833499550819397,0.7197158932685852
YHR214W-G,YJL062W,0,-0.5534978,0.10962633043527603,0.8833499550819397,0.7198159694671631
YOR373W,YPL189C-A,0,-0.5534978,0.10961277037858963,0.8833499550819397,0.7199159860610962
YIL172C,YAR044W,0,-0.5534978,0.10959921032190323,0.8833499550819397,0.7200160026550293
YML106W,YPL189C-A,0,-0.5534978,0.10958565026521683,0.8833499550819397,0.7201160192489624
YPL144W,YAR070W-A,0,-0.5534978,0.10957209765911102,0.8833499550819397,0.7202160358428955
YMR257C,YPL096C-A,0,-0.5534978,0.10955855250358582,0.8833499550819397,0.7203161120414734
YNL046W,YHR214W-G,0,-0.5534978,0.10954500734806061,0.8833499550819397,0.7204161286354065
YPL096C-A,YLR306W,0,-0.5534978,0.1095314621925354,0.8833499550819397,0.7205161452293396
YGL147C,YHR214W-G,0,-0.5534978,0.10951792448759079,0.8833499550819397,0.7206161618232727
YJR104C,YDL038C,0,-0.5534978,0.10950438678264618,0.8833499550819397,0.7207162380218506
YGR106C,YGL258W-A,0,-0.5534978,0.10949085652828217,0.8833499550819397,0.7208162546157837
YLR312C-B,YDR252W,0,-0.5534978,0.10947732627391815,0.8833499550819397,0.7209162712097168
YLR238W,YOR396W,0,-0.5534978,0.10946380347013474,0.8833499550819397,0.7210162878036499
YPL096C-A,YBR084W,0,-0.5534978,0.10945028066635132,0.8833499550819397,0.7211163640022278
YLR312C-B,YGR158C,0,-0.5534978,0.1094367578625679,0.8833499550819397,0.7212163805961609
YKL199C,YGR027W-B,0,-0.5534978,0.10942324250936508,0.8833499550819397,0.721316397190094
YLR312C-B,YLR099C,0,-0.5534978,0.10940972715616226,0.8833499550819397,0.7214164137840271
YOR396W,YMR303C,0,-0.5534978,0.10939621925354004,0.8833499550819397,0.7215164303779602
YPR005C,YCL048W-A,0,-0.5534978,0.10938271880149841,0.8833499550819397,0.7216165065765381
YCL048W-A,YNL096C,0,-0.5534978,0.10936921089887619,0.8833499550819397,0.7217165231704712
YCL048W-A,YHR070W,0,-0.5534978,0.10935571789741516,0.8833499550819397,0.7218165397644043
YDR236C,YHR214W-G,0,-0.5534978,0.10934221744537354,0.8833499550819397,0.7219165563583374
YBL101W-A,YGR116W,0,-0.5534978,0.1093287244439125,0.8833499550819397,0.7220166325569153
YBR175W,YHR214W-G,0,-0.5534978,0.10931523889303207,0.8833499550819397,0.7221166491508484
YDL038C,YDR224C,0,-0.5534978,0.10930175334215164,0.8833499550819397,0.7222166657447815
YGL258W-A,YDR047W,0,-0.5534978,0.10928826779127121,0.8833499550819397,0.7223166823387146
YCL048W-A,YAL008W,0,-0.5534978,0.10927478969097137,0.8833499550819397,0.7224166989326477
YNL098C,YOR396W,0,-0.5534978,0.10926131159067154,0.8833499550819397,0.7225167751312256
YER126C,YAR070W-A,0,-0.5534978,0.1092478409409523,0.8833499550819397,0.7226167917251587
YOR242C,YAR070W-A,0,-0.5534978,0.10923437029123306,0.8833499550819397,0.7227168083190918
YKR104W,YOR396W,0,-0.5534978,0.10922090709209442,0.8833499550819397,0.7228168249130249
YCL048W-A,YLL038C,0,-0.5534978,0.10920744389295578,0.8833499550819397,0.7229169011116028
YKL156W,YOR396W,0,-0.5534978,0.10919398814439774,0.8833499550819397,0.7230169177055359
YCR029C-A,YDL095W,0,-0.5534978,0.10918053239583969,0.8833499550819397,0.723116934299469
YCL048W-A,YDR487C,0,-0.5534978,0.10916707664728165,0.8833499550819397,0.7232169508934021
YPL189C-A,YLR337W,0,-0.5534978,0.1091536283493042,0.8833499550819397,0.7233169674873352
YCR029C-A,YOL103W,0,-0.5534978,0.10914018005132675,0.8833499550819397,0.7234170436859131
YGL258W-A,YNL212W,0,-0.5534978,0.1091267392039299,0.8833499550819397,0.7235170602798462
YDR239C,YGL258W-A,0,-0.5534978,0.10911329835653305,0.8833499550819397,0.7236170768737793
YCR029C-A,YDR038C,0,-0.5534978,0.1090998649597168,0.8833499550819397,0.7237170934677124
YDR520C,YHR214W-G,0,-0.5534978,0.10908643156290054,0.8833499550819397,0.7238171696662903
YHL044W,YPL096C-A,0,-0.5534978,0.10907300561666489,0.8833499550819397,0.7239171862602234
YLL050C,YAR070W-A,0,-0.5534978,0.10905957967042923,0.8833499550819397,0.7240172028541565
YGL258W-A,YLR276C,0,-0.5534978,0.10904615372419357,0.8833499550819397,0.7241172194480896
YKL199C,YMR306W,0,-0.5534978,0.10903273522853851,0.8833499550819397,0.7242172360420227
YEL065W,YCL048W-A,0,-0.5534978,0.10901931673288345,0.8833499550819397,0.7243173122406006
YBR092C,YAR070W-A,0,-0.5534978,0.10900590568780899,0.8833499550819397,0.7244173288345337
YMR127C,YGL258W-A,0,-0.5534978,0.10899249464273453,0.8833499550819397,0.7245173454284668
YPL096C-A,YOR092W,0,-0.5534978,0.10897909104824066,0.8833499550819397,0.7246173620223999
YMR290C,YDL038C,0,-0.5534978,0.1089656874537468,0.8833499550819397,0.7247174382209778
YHR214W-G,YGR014W,0,-0.5534978,0.10895228385925293,0.8833499550819397,0.7248174548149109
YMR122W-A,YLR337W,0,-0.5534978,0.10893888771533966,0.8833499550819397,0.724917471408844
YPL189C-A,YMR012W,0,-0.5534978,0.10892549902200699,0.8833499550819397,0.7250174880027771
YKL199C,YDL184C,0,-0.5534978,0.10891211032867432,0.8833499550819397,0.725117564201355
YGR029W,YGL258W-A,0,-0.5534978,0.10889872163534164,0.8833499550819397,0.7252175807952881
YDR210W-B,YMR122W-A,0,-0.5534978,0.10888534039258957,0.8833499550819397,0.7253175973892212
YGR124W,YOR396W,0,-0.5534978,0.1088719591498375,0.8833499550819397,0.7254176139831543
YEL038W,YCR029C-A,0,-0.5534978,0.10885858535766602,0.8833499550819397,0.7255176305770874
YDL038C,YJL189W,0,-0.5534978,0.10884521156549454,0.8833499550819397,0.7256177067756653
YDR012W,YGL258W-A,0,-0.5534978,0.10883183777332306,0.8833499550819397,0.7257177233695984
YHR214W-G,YBR207W,0,-0.5534978,0.10881847143173218,0.8833499550819397,0.7258177399635315
YJL062W-A,YHR086W,0,-0.5534978,0.1088051050901413,0.8833499550819397,0.7259177565574646
YCR029C-A,YJR098C,0,-0.5534978,0.10879174619913101,0.8833499550819397,0.7260178327560425
YHR214W-G,YDL095W,0,-0.5534978,0.10877839475870132,0.8833499550819397,0.7261178493499756
YPR158C-D,YJR098C,0,-0.5539049,0.10876503586769104,0.8833499550819397,0.7262178659439087
YDR318W,YDR239C,0,-0.5545897,0.10875168442726135,0.8833499550819397,0.7263178825378418
YJL198W,YOR192C-A,0,-0.55466324,0.10873834043741226,0.8833499550819397,0.7264178991317749
YLR276C,YNL149C,0,-0.5547227,0.10872499644756317,0.8833499550819397,0.7265179753303528
YIL027C,YJL153C,0,-0.5550894,0.10871165990829468,0.8833499550819397,0.7266179919242859
YGR254W,YBR213W,1,-0.55517656,0.10882100462913513,0.8843469619750977,0.7266179919242859
YKL199C,YJR076C,0,-0.5552034,0.10880765318870544,0.8843469619750977,0.726718008518219
YGL003C,YIL126W,0,-0.5552662,0.10879430919885635,0.8843469619750977,0.7268180251121521
YER090W,YIL167W,1,-0.55545366,0.10890360921621323,0.8853439688682556,0.7268180251121521
YHR076W,YAL035W,0,-0.55571866,0.10889025032520294,0.8853439688682556,0.72691810131073
YOR192C-A,YBR164C,0,-0.5557917,0.10887689888477325,0.8853439688682556,0.7270181179046631
YBR122C,YHR186C,0,-0.55615336,0.10886355489492416,0.8853439688682556,0.7271181344985962
YJL158C,YOR343W-A,0,-0.55622363,0.10885021090507507,0.8853439688682556,0.7272181510925293
YDR532C,YGR191W,0,-0.55624896,0.10883686691522598,0.8853439688682556,0.7273181676864624
YOR386W,YGR170W,1,-0.5563292,0.10894607752561569,0.8863409757614136,0.7273181676864624
YPR049C,YNL119W,0,-0.5565802,0.108932726085186,0.8863409757614136,0.7274182438850403
YPR137C-B,YDR169C,0,-0.5565906,0.10891938209533691,0.8863409757614136,0.7275182604789734
YDR532C,YEL017C-A,0,-0.55680007,0.10890603810548782,0.8863409757614136,0.7276182770729065
YPR137C-B,YNL292W,0,-0.55695856,0.10889270156621933,0.8863409757614136,0.7277182936668396
YNL054W-B,YGL155W,0,-0.55708265,0.10887936502695084,0.8863409757614136,0.7278183698654175
YPR158C-D,YML063W,0,-0.55718446,0.10886602848768234,0.8863409757614136,0.7279183864593506
YDR297W,YGR062C,0,-0.55751944,0.10885269939899445,0.8863409757614136,0.7280184030532837
YBR012W-A,YHR129C,0,-0.55766535,0.10883937031030655,0.8863409757614136,0.7281184196472168
YKL179C,YDR210W-B,0,-0.5579169,0.10882604867219925,0.8863409757614136,0.7282184362411499
YML116W,YDR121W,0,-0.5580038,0.10881272703409195,0.8863409757614136,0.7283185124397278
YHR116W,YHL009W-B,0,-0.5580181,0.10879941284656525,0.8863409757614136,0.7284185290336609
YDL137W,YHR129C,0,-0.55804515,0.10878609865903854,0.8863409757614136,0.728518545627594
YDR210W-B,YBR185C,0,-0.55807316,0.10877279192209244,0.8863409757614136,0.7286185622215271
YER068W,YMR109W,0,-0.55816585,0.10875947773456573,0.8863409757614136,0.728718638420105
YPL022W,YDR034C-C,0,-0.55817693,0.10874617844820023,0.8863409757614136,0.7288186550140381
YDL101C,YNR022C,0,-0.55841905,0.10873287916183472,0.8863409757614136,0.7289186716079712
YKL089W,YDR347W,0,-0.5588387,0.10871957987546921,0.8863409757614136,0.7290186882019043
YBR030W,YLR337W,0,-0.55885655,0.1087062880396843,0.8863409757614136,0.7291187644004822
YBL106C,YLR318W,0,-0.5590984,0.10869299620389938,0.8863409757614136,0.7292187809944153
YLR283W,YNL054W-B,0,-0.560331,0.10867970436811447,0.8863409757614136,0.7293187975883484
YDR418W,YKL021C,0,-0.56056195,0.10866641998291016,0.8863409757614136,0.7294188141822815
YGL211W,YDR120C,0,-0.5606543,0.10865314304828644,0.8863409757614136,0.7295188307762146
YBL103C,YLR120C,0,-0.56155145,0.10863986611366272,0.8863409757614136,0.7296189069747925
YLR032W,YER051W,0,-0.5616596,0.108626589179039,0.8863409757614136,0.7297189235687256
YMR221C,YNL244C,0,-0.56169605,0.10861331969499588,0.8863409757614136,0.7298189401626587
YJR025C,YOR221C,0,-0.5617297,0.10860005021095276,0.8863409757614136,0.7299189567565918
YPL121C,YDR034C-C,0,-0.5619209,0.10858678072690964,0.8863409757614136,0.7300190329551697
YBR082C,YMR165C,0,-0.56196153,0.10857351869344711,0.8863409757614136,0.7301190495491028
YOR069W,YDL008W,0,-0.5619696,0.10856026411056519,0.8863409757614136,0.7302190661430359
YDR425W,YMR017W,0,-0.5621042,0.10854700952768326,0.8863409757614136,0.730319082736969
YJL052W,YKL158W,0,-0.56233567,0.10853375494480133,0.8863409757614136,0.7304190993309021
YDR253C,YLR120C,0,-0.5624557,0.1085205078125,0.8863409757614136,0.73051917552948
YDR170W-A,YML104C,0,-0.56255734,0.10850726068019867,0.8863409757614136,0.7306191921234131
YHR027C,YOR240W,0,-0.56256187,0.10849402099847794,0.8863409757614136,0.7307192087173462
YOR192C-A,YCR039C,0,-0.56276083,0.1084807813167572,0.8863409757614136,0.7308192253112793
YCL063W,YHR161C,0,-0.56282884,0.10846754163503647,0.8863409757614136,0.7309193015098572
YDL231C,YDR210W-B,0,-0.5628558,0.10845430940389633,0.8863409757614136,0.7310193181037903
YHL009W-B,YML091C,0,-0.56297785,0.10844108462333679,0.8863409757614136,0.7311193346977234
YML113W,YJR065C,0,-0.5630194,0.10842785984277725,0.8863409757614136,0.7312193512916565
YPR158C-D,YCR075C,0,-0.56305265,0.10841463506221771,0.8863409757614136,0.7313193678855896
YJL080C,YOR386W,0,-0.5634467,0.10840141773223877,0.8863409757614136,0.7314194440841675
YPL157W,YOR343W-A,0,-0.56345004,0.10838820040225983,0.8863409757614136,0.7315194606781006
YIR015W,YLR120C,0,-0.5639901,0.10837498307228088,0.8863409757614136,0.7316194772720337
YPL148C,YLR427W,0,-0.5642712,0.10836177319288254,0.8863409757614136,0.7317194938659668
YGL205W,YGR027W-B,0,-0.56433034,0.10834857076406479,0.8863409757614136,0.7318195700645447
YDR012W,YMR257C,0,-0.5645111,0.10833536088466644,0.8863409757614136,0.7319195866584778
YBR123C,YKL158W,0,-0.56458896,0.10832216590642929,0.8863409757614136,0.7320196032524109
YGL035C,YJR068W,0,-0.5649267,0.10830896347761154,0.8863409757614136,0.732119619846344
YMR100W,YML005W,0,-0.56566304,0.10829577594995499,0.8863409757614136,0.7322196364402771
YDR071C,YGR123C,0,-0.5658977,0.10828258097171783,0.8863409757614136,0.732319712638855
YML040W,YNL310C,0,-0.56630015,0.10826939344406128,0.8863409757614136,0.7324197292327881
YOL138C,YOR039W,0,-0.56639546,0.10825621336698532,0.8863409757614136,0.7325197458267212
YIR002C,YOR240W,0,-0.56649345,0.10824302583932877,0.8863409757614136,0.7326197624206543
YOR182C,YNL054W-B,0,-0.56652033,0.1082298532128334,0.8863409757614136,0.7327198386192322
YDR334W,YOR240W,0,-0.5665674,0.10821667313575745,0.8863409757614136,0.7328198552131653
YDR316W-A,YPL101W,0,-0.56676793,0.10820350795984268,0.8863409757614136,0.7329198718070984
YOR257W,YER112W,0,-0.5673677,0.10819033533334732,0.8863409757614136,0.7330198884010315
YOR278W,YNL206C,0,-0.5677651,0.10817717015743256,0.8863409757614136,0.7331199645996094
YOR192C-A,YJR016C,0,-0.5678659,0.10816401243209839,0.8863409757614136,0.7332199811935425
YDR134C,YBL010C,0,-0.567889,0.10815085470676422,0.8863409757614136,0.7333199977874756
YPL157W,YPL068C,0,-0.5679399,0.10813769698143005,0.8863409757614136,0.7334200143814087
YDL043C,YKR009C,0,-0.56809616,0.10812454670667648,0.8863409757614136,0.7335200309753418
YNR050C,YDL200C,0,-0.5681037,0.10811139643192291,0.8863409757614136,0.7336201071739197
YDR316W-A,YJR143C,0,-0.5682743,0.10809824615716934,0.8863409757614136,0.7337201237678528
YHR116W,YJR025C,0,-0.5683316,0.10808510333299637,0.8863409757614136,0.7338201403617859
YGL119W,YBL101W-A,0,-0.5684881,0.10807196795940399,0.8863409757614136,0.733920156955719
YNL166C,YDR210W-B,0,-0.5685242,0.10805883258581161,0.8863409757614136,0.7340202331542969
YGL211W,YDR421W,0,-0.5685284,0.10804569721221924,0.8863409757614136,0.73412024974823
YIR002C,YHR039C-B,0,-0.5685751,0.10803256928920746,0.8863409757614136,0.7342202663421631
YGL173C,YIR006C,0,-0.56866115,0.10801944136619568,0.8863409757614136,0.7343202829360962
YKL089W,YER153C,0,-0.56890494,0.1080063208937645,0.8863409757614136,0.7344202995300293
YLR446W,YOR211C,0,-0.56936115,0.10799320042133331,0.8863409757614136,0.7345203757286072
YLR287C-A,YBR213W,0,-0.5697011,0.10798007994890213,0.8863409757614136,0.7346203923225403
YBL074C,YIR023W,0,-0.56978434,0.10796696692705154,0.8863409757614136,0.7347204089164734
YOR332W,YFR007W,0,-0.5698038,0.10795385390520096,0.8863409757614136,0.7348204255104065
YOL139C,YCR077C,0,-0.5700524,0.10794074833393097,0.8863409757614136,0.7349205017089844
YOR343W-A,YNL012W,0,-0.57005376,0.10792764276266098,0.8863409757614136,0.7350205183029175
YCL069W,YDR376W,0,-0.57006097,0.10791454464197159,0.8863409757614136,0.7351205348968506
YCR072C,YBL010C,0,-0.5700983,0.1079014465212822,0.8863409757614136,0.7352205514907837
YOR240W,YBR009C,0,-0.57025385,0.1078883484005928,0.8863409757614136,0.7353205680847168
YHR161C,YJR126C,0,-0.57037526,0.10787525773048401,0.8863409757614136,0.7354206442832947
YMR056C,YDR210W-B,0,-0.5706077,0.10786216706037521,0.8863409757614136,0.7355206608772278
YJR065C,YLR032W,0,-0.5709607,0.10784908384084702,0.8863409757614136,0.7356206774711609
YOR167C,YJL052W,0,-0.57099706,0.10783600062131882,0.8863409757614136,0.735720694065094
YKL199C,YIL113W,0,-0.5713389,0.10782292485237122,0.8863409757614136,0.7358207702636719
YBL030C,YBL101W-A,0,-0.5713743,0.10780984908342361,0.8863409757614136,0.735920786857605
YER061C,YGR006W,0,-0.5714229,0.10779677331447601,0.8863409757614136,0.7360208034515381
YPL194W,YEL021W,0,-0.57149744,0.10778370499610901,0.8863409757614136,0.7361208200454712
YER086W,YOR192C-A,0,-0.5722796,0.107770636677742,0.8863409757614136,0.7362208366394043
YLR448W,YDR261W-B,0,-0.5724763,0.1077575758099556,0.8863409757614136,0.7363209128379822
YGL040C,YGR272C,0,-0.57308185,0.10774451494216919,0.8863409757614136,0.7364209294319153
YDR358W,YNR040W,0,-0.5731714,0.10773146152496338,0.8863409757614136,0.7365209460258484
YGL178W,YML081C-A,0,-0.5733184,0.10771840810775757,0.8863409757614136,0.7366209626197815
YCR072C,YHR039C-B,0,-0.57353574,0.10770535469055176,0.8863409757614136,0.7367210388183594
YLR238W,YJR059W,0,-0.5736386,0.10769230872392654,0.8863409757614136,0.7368210554122925
YJR025C,YGL040C,0,-0.5737168,0.10767926275730133,0.8863409757614136,0.7369210720062256
YLR186W,YHR099W,0,-0.5737322,0.10766622424125671,0.8863409757614136,0.7370210886001587
YNR008W,YLR287C-A,0,-0.5737972,0.1076531857252121,0.8863409757614136,0.7371211647987366
YMR235C,YNL162W,0,-0.57396096,0.10764014720916748,0.8863409757614136,0.7372211813926697
YOR192C-B,YBR030W,0,-0.5742547,0.10762711614370346,0.8863409757614136,0.7373211979866028
YJR104C,YDR316W-A,0,-0.574474,0.10761409252882004,0.8863409757614136,0.7374212145805359
YPR186C,YLR337W,0,-0.57454926,0.10760106146335602,0.8863409757614136,0.737521231174469
YBL017C,YGR075C,0,-0.5746169,0.10758804529905319,0.8863409757614136,0.7376213073730469
YLR446W,YGR135W,0,-0.5746229,0.10757502168416977,0.8863409757614136,0.73772132396698
YDL030W,YDR034C-C,0,-0.57463527,0.10756200551986694,0.8863409757614136,0.7378213405609131
YDR326C,YKL164C,0,-0.5746498,0.10754899680614471,0.8863409757614136,0.7379213571548462
YMR311C,YAR044W,0,-0.5747561,0.10753598809242249,0.8863409757614136,0.7380214333534241
YKL173W,YFR007W,0,-0.5747656,0.10752297937870026,0.8863409757614136,0.7381214499473572
YOR240W,YPL092W,0,-0.57510996,0.10750997811555862,0.8863409757614136,0.7382214665412903
YKR037C,YMR152W,0,-0.5751458,0.10749697685241699,0.8863409757614136,0.7383214831352234
YDR248C,YER030W,0,-0.57539374,0.10748398303985596,0.8863409757614136,0.7384214997291565
YJR160C,YLR207W,0,-0.5754424,0.10747098922729492,0.8863409757614136,0.7385215759277344
YDR210W-B,YLR433C,0,-0.57564294,0.10745799541473389,0.8863409757614136,0.7386215925216675
YMR198W,YPL155C,0,-0.57566243,0.10744500905275345,0.8863409757614136,0.7387216091156006
YPR166C,YMR314W,0,-0.57585526,0.10743202269077301,0.8863409757614136,0.7388216257095337
YBR264C,YDR387C,0,-0.5762102,0.10741904377937317,0.8863409757614136,0.7389217019081116
YHR023W,YDR139C,0,-0.5764748,0.10740606486797333,0.8863409757614136,0.7390217185020447
YBL078C,YGL059W,0,-0.5765246,0.10739309340715408,0.8863409757614136,0.7391217350959778
YNL248C,YBL101W-A,0,-0.5765862,0.10738012194633484,0.8863409757614136,0.7392217516899109
YDR297W,YIL113W,0,-0.5767519,0.1073671504855156,0.8863409757614136,0.739321768283844
YDL109C,YPL257W-A,0,-0.57686204,0.10735418647527695,0.8863409757614136,0.7394218444824219
YIR037W,YGR071C,0,-0.57692266,0.1073412224650383,0.8863409757614136,0.739521861076355
YOR192C-B,YDR363W-A,0,-0.576926,0.10732826590538025,0.8863409757614136,0.7396218776702881
YDR126W,YGR075C,0,-0.57700044,0.1073153093457222,0.8863409757614136,0.7397218942642212
YJL056C,YLR337W,0,-0.5771933,0.10730235278606415,0.8863409757614136,0.7398219704627991
YKL199C,YOR326W,0,-0.5772687,0.1072894036769867,0.8863409757614136,0.7399219870567322
YGL251C,YJL189W,0,-0.5773362,0.10727645456790924,0.8863409757614136,0.7400220036506653
YCL055W,YGR184C,0,-0.57778615,0.10726351290941238,0.8863409757614136,0.7401220202445984
YPR158C-D,YCL047C,0,-0.5778995,0.10725057125091553,0.8863409757614136,0.7402220368385315
YBR158W,YKL143W,0,-0.5779209,0.10723763704299927,0.8863409757614136,0.7403221130371094
YGR241C,YGR154C,0,-0.57818305,0.10722470283508301,0.8863409757614136,0.7404221296310425
YDL007W,YOR343W-A,0,-0.57842296,0.10721176862716675,0.8863409757614136,0.7405221462249756
YPL257W-A,YDR055W,0,-0.5786288,0.10719884186983109,0.8863409757614136,0.7406221628189087
YAL041W,YGR029W,0,-0.57867724,0.10718591511249542,0.8863409757614136,0.7407222390174866
YER159C-A,YOR221C,0,-0.5787253,0.10717299580574036,0.8863409757614136,0.7408222556114197
YDR261W-B,YLR221C,0,-0.5787529,0.10716007649898529,0.8863409757614136,0.7409222722053528
YNL280C,YER113C,0,-0.5789409,0.10714716464281082,0.8863409757614136,0.7410222887992859
YPL194W,YGL003C,0,-0.57914984,0.10713425278663635,0.8863409757614136,0.7411223649978638
YBL060W,YPR070W,0,-0.5794137,0.10712134093046188,0.8863409757614136,0.7412223815917969
YMR098C,YGR027W-B,0,-0.57967174,0.10710843652486801,0.8863409757614136,0.74132239818573
YPL059W,YOR075W,0,-0.5796867,0.10709553211927414,0.8863409757614136,0.7414224147796631
YHR117W,YBR142W,0,-0.57986677,0.10708262771368027,0.8863409757614136,0.7415224313735962
YBR245C,YNR041C,0,-0.5800289,0.10706973075866699,0.8863409757614136,0.7416225075721741
YLR120C,YLR337W,0,-0.58005536,0.10705684125423431,0.8863409757614136,0.7417225241661072
YOR233W,YKL158W,0,-0.58016986,0.10704395174980164,0.8863409757614136,0.7418225407600403
YBR248C,YEL020C,1,-0.5805166,0.10715145617723465,0.8873379826545715,0.7418225407600403
YPL031C,YOL103W,0,-0.58055687,0.10713855922222137,0.8873379826545715,0.7419225573539734
YHL009W-B,YOR242C,0,-0.5807033,0.1071256622672081,0.8873379826545715,0.7420226335525513
YPR137C-B,YMR314W,0,-0.58088183,0.10711277276277542,0.8873379826545715,0.7421226501464844
YIR036C,YLR337W,0,-0.5811647,0.10709988325834274,0.8873379826545715,0.7422226667404175
YLR214W,YBL023C,0,-0.58133364,0.10708699375391006,0.8873379826545715,0.7423226833343506
YGL120C,YOR192C-B,0,-0.5817442,0.10707411170005798,0.8873379826545715,0.7424226999282837
YBR289W,YHR023W,0,-0.58195835,0.1070612296462059,0.8873379826545715,0.7425227761268616
YOR240W,YPR184W,0,-0.5820226,0.10704835504293442,0.8873379826545715,0.7426227927207947
YGR027W-B,YBR185C,0,-0.58217984,0.10703548043966293,0.8873379826545715,0.7427228093147278
YMR287C,YBR058C,0,-0.5822915,0.10702260583639145,0.8873379826545715,0.7428228259086609
YER120W,YER030W,0,-0.5823177,0.10700973868370056,0.8873379826545715,0.7429229021072388
YIL074C,YLR364W,0,-0.582453,0.10699687153100967,0.8873379826545715,0.7430229187011719
YOR240W,YLR048W,0,-0.5824611,0.10698401182889938,0.8873379826545715,0.743122935295105
YMR247C,YGR272C,0,-0.5825792,0.10697115212678909,0.8873379826545715,0.7432229518890381
YOR192C-B,YMR292W,0,-0.583,0.1069582998752594,0.8873379826545715,0.7433229684829712
YGR035C,YAR044W,0,-0.583231,0.1069454476237297,0.8873379826545715,0.7434230446815491
YLR418C,YLR337W,0,-0.5832368,0.10693259537220001,0.8873379826545715,0.7435230612754822
YIL078W,YBL101W-A,0,-0.58325034,0.10691975057125092,0.8873379826545715,0.7436230778694153
YDL099W,YBL101W-A,0,-0.5832542,0.10690690577030182,0.8873379826545715,0.7437230944633484
YOR066W,YOR240W,0,-0.5832592,0.10689406841993332,0.8873379826545715,0.7438231706619263
YKL199C,YOL157C,0,-0.58326226,0.10688123106956482,0.8873379826545715,0.7439231872558594
YOL127W,YOR240W,0,-0.58326393,0.10686839371919632,0.8873379826545715,0.7440232038497925
YEL058W,YAR044W,0,-0.5832782,0.10685556381940842,0.8873379826545715,0.7441232204437256
YAL012W,YGL184C,1,-0.5833748,0.10696278512477875,0.8883349895477295,0.7441232204437256
YPL154C,YAR044W,0,-0.58342755,0.10694994777441025,0.8883349895477295,0.7442232966423035
YDR038C,YHR039C-B,0,-0.5835192,0.10693711042404175,0.8883349895477295,0.7443233132362366
YBR207W,YBL101W-A,0,-0.5835393,0.10692428052425385,0.8883349895477295,0.7444233298301697
YLR356W,YKL158W,0,-0.58358896,0.10691145062446594,0.8883349895477295,0.7445233464241028
YIL039W,YLR337W,0,-0.5836036,0.10689862072467804,0.8883349895477295,0.7446233630180359
YGL191W,YHR039C-B,0,-0.58361596,0.10688579827547073,0.8883349895477295,0.7447234392166138
YKL199C,YPR096C,0,-0.5836186,0.10687297582626343,0.8883349895477295,0.7448234558105469
YML094W,YMR204C,0,-0.58364797,0.10686016082763672,0.8883349895477295,0.74492347240448
YGL251C,YAR044W,0,-0.583666,0.10684734582901001,0.8883349895477295,0.7450234889984131
YKL199C,YMR223W,0,-0.58374465,0.1068345308303833,0.8883349895477295,0.745123565196991
YDL056W,YML060W,0,-0.5837846,0.10682172328233719,0.8883349895477295,0.7452235817909241
YBL039C,YBL101W-A,0,-0.5837857,0.10680891573429108,0.8883349895477295,0.7453235983848572
YKL199C,YLR099C,0,-0.58380085,0.10679611563682556,0.8883349895477295,0.7454236149787903
YMR130W,YAR044W,0,-0.5838264,0.10678331553936005,0.8883349895477295,0.7455236315727234
YKL199C,YLR204W,0,-0.58385795,0.10677052289247513,0.8883349895477295,0.7456237077713013
YDL109C,YGR272C,0,-0.5838631,0.10675773024559021,0.8883349895477295,0.7457237243652344
YGR058W,YDR038C,0,-0.58389896,0.10674493759870529,0.8883349895477295,0.7458237409591675
YBL101W-A,YIR023W,0,-0.5839009,0.10673215240240097,0.8883349895477295,0.7459237575531006
YMR184W,YAR044W,0,-0.5839186,0.10671936720609665,0.8883349895477295,0.7460238337516785
YJL108C,YJL101C,0,-0.5839327,0.10670658946037292,0.8883349895477295,0.7461238503456116
YDR523C,YAR044W,0,-0.58395815,0.1066938117146492,0.8883349895477295,0.7462238669395447
YKL011C,YGR272C,0,-0.5840261,0.10668103396892548,0.8883349895477295,0.7463238835334778
YIL078W,YKL158W,0,-0.58410877,0.10666826367378235,0.8883349895477295,0.7464239001274109
YOR240W,YIL138C,0,-0.58418757,0.10665549337863922,0.8883349895477295,0.7465239763259888
YNL280C,YDR312W,0,-0.58419096,0.10664273053407669,0.8883349895477295,0.7466239929199219
YPL194W,YIL090W,0,-0.5842241,0.10662996768951416,0.8883349895477295,0.746724009513855
YNR020C,YBR283C,0,-0.5842287,0.10661720484495163,0.8883349895477295,0.7468240261077881
YDR111C,YML060W,1,-0.5842736,0.1067240983247757,0.8893319964408875,0.7468240261077881
YNR011C,YDR421W,0,-0.5842772,0.10671132802963257,0.8893319964408875,0.746924102306366
YNL322C,YKL158W,0,-0.58435196,0.10669856518507004,0.8893319964408875,0.7470241189002991
YBR198C,YCL061C,0,-0.58436275,0.10668580234050751,0.8893319964408875,0.7471241354942322
YAR044W,YOR044W,0,-0.5844182,0.10667304694652557,0.8893319964408875,0.7472241520881653
YHL009W-B,YPR081C,0,-0.58452713,0.10666029155254364,0.8893319964408875,0.7473241686820984
YGR272C,YFL037W,0,-0.5846377,0.1066475361585617,0.8893319964408875,0.7474242448806763
YER061C,YOR240W,0,-0.58464867,0.10663478821516037,0.8893319964408875,0.7475242614746094
YMR127C,YAR044W,0,-0.5847167,0.10662204027175903,0.8893319964408875,0.7476242780685425
YBL101W-A,YLR176C,0,-0.5849551,0.1066092997789383,0.8893319964408875,0.7477242946624756
YDR465C,YLR403W,0,-0.58514225,0.10659655928611755,0.8893319964408875,0.7478243708610535
YER089C,YKR050W,0,-0.5855738,0.10658381879329681,0.8893319964408875,0.7479243874549866
YJL080C,YOL125W,0,-0.5856716,0.10657108575105667,0.8893319964408875,0.7480244040489197
YOR192C-A,YDL110C,0,-0.5856944,0.10655835270881653,0.8893319964408875,0.7481244206428528
YCR053W,YLR337W,0,-0.58572763,0.10654562711715698,0.8893319964408875,0.7482244968414307
YLR040C,YLR337W,0,-0.58575374,0.10653290152549744,0.8893319964408875,0.7483245134353638
YMR233W,YPL220W,0,-0.58598244,0.10652018338441849,0.8893319964408875,0.7484245300292969
YHL044W,YAR010C,0,-0.5862375,0.10650746524333954,0.8893319964408875,0.74852454662323
YGL040C,YOR054C,1,-0.586819,0.1066141352057457,0.8903290033340454,0.74852454662323
YBL088C,YHR067W,0,-0.5868208,0.10660140961408615,0.8903290033340454,0.7486245632171631
YKL059C,YGR027W-B,0,-0.5869039,0.1065886840224266,0.8903290033340454,0.748724639415741
YGL035C,YNL213C,0,-0.58731765,0.10657596588134766,0.8903290033340454,0.7488246560096741
YNL248C,YER173W,0,-0.5877781,0.10656324774026871,0.8903290033340454,0.7489246726036072
YDL114W,YBR175W,0,-0.58780336,0.10655052959918976,0.8903290033340454,0.7490246891975403
YJR130C,YBL019W,1,-0.5878517,0.10665712505578995,0.8913260102272034,0.7490246891975403
YNL112W,YDR034C-C,0,-0.58788365,0.1066443994641304,0.8913260102272034,0.7491247653961182
YBR048W,YBR213W,0,-0.5879099,0.10663168132305145,0.8913260102272034,0.7492247819900513
YHR076W,YNL242W,0,-0.5884323,0.1066189631819725,0.8913260102272034,0.7493247985839844
YEL016C,YLL001W,0,-0.58843523,0.10660624504089355,0.8913260102272034,0.7494248151779175
YGR001C,YPR032W,0,-0.5886957,0.1065935343503952,0.8913260102272034,0.7495248317718506
YDR418W,YOR221C,0,-0.5888647,0.10658083111047745,0.8913260102272034,0.7496249079704285
YKR037C,YBR058C-A,0,-0.58911186,0.10656812787055969,0.8913260102272034,0.7497249245643616
YDR316W-A,YJR097W,0,-0.589131,0.10655542463064194,0.8913260102272034,0.7498249411582947
YMR198W,YBL069W,0,-0.5894574,0.10654272139072418,0.8913260102272034,0.7499249577522278
YOR037W,YHL047C,0,-0.5895909,0.10653002560138702,0.8913260102272034,0.7500250339508057
YLR032W,YLR467W,0,-0.5896474,0.10651733726263046,0.8913260102272034,0.7501250505447388
YBR273C,YOR332W,0,-0.58970666,0.1065046489238739,0.8913260102272034,0.7502250671386719
YGR154C,YHR064C,0,-0.5897528,0.10649196058511734,0.8913260102272034,0.750325083732605
YOL003C,YMR037C,0,-0.58988476,0.10647927224636078,0.8913260102272034,0.7504251003265381
YOL031C,YHL036W,0,-0.5901133,0.10646659880876541,0.8913260102272034,0.750525176525116
YOL067C,YJR135C,0,-0.59018624,0.10645391792058945,0.8913260102272034,0.7506251931190491
YOL019W,YGR071C,0,-0.5909712,0.10644124448299408,0.8913260102272034,0.7507252097129822
YBL057C,YCL027W,0,-0.59164554,0.10642857104539871,0.8913260102272034,0.7508252263069153
YOR192C-B,YMR016C,0,-0.5916903,0.10641590505838394,0.8913260102272034,0.7509253025054932
YIL078W,YLR430W,0,-0.59191644,0.10640323907136917,0.8913260102272034,0.7510253190994263
YIL138C,YKL116C,0,-0.59191823,0.1063905730843544,0.8913260102272034,0.7511253356933594
YOL031C,YOL018C,0,-0.592263,0.10637791454792023,0.8913260102272034,0.7512253522872925
YMR023C,YGR135W,0,-0.59237087,0.10636525601148605,0.8913260102272034,0.7513253688812256
YOL003C,YOR192C-A,0,-0.59305644,0.10635260492563248,0.8913260102272034,0.7514254450798035
YJR110W,YHR044C,0,-0.5931831,0.1063399538397789,0.8913260102272034,0.7515254616737366
YDR086C,YPL038W,0,-0.5935767,0.10632731020450592,0.8913260102272034,0.7516254782676697
YDR299W,YPR102C,0,-0.5936127,0.10631466656923294,0.8913260102272034,0.7517254948616028
YMR166C,YPL048W,0,-0.5937904,0.10630202293395996,0.8913260102272034,0.7518255710601807
YAR019C,YDL192W,0,-0.5938057,0.10628937929868698,0.8913260102272034,0.7519255876541138
YBL019W,YFL061W,1,-0.59394234,0.10639562457799911,0.8923230171203613,0.7519255876541138
YHR017W,YLR433C,0,-0.5940057,0.10638298094272614,0.8923230171203613,0.7520256042480469
YOR192C-A,YLR381W,0,-0.5941597,0.10637033730745316,0.8923230171203613,0.75212562084198
YIL093C,YDR069C,0,-0.59457743,0.10635769367218018,0.8923230171203613,0.7522256970405579
YDR139C,YDR034C-C,0,-0.5945884,0.10634505748748779,0.8923230171203613,0.752325713634491
YBR213W,YDR047W,1,-0.59472597,0.10645122826099396,0.8933200240135193,0.752325713634491
YNL293W,YOR308C,0,-0.5949473,0.10643858462572098,0.8933200240135193,0.7524257302284241
YDL060W,YJL156C,0,-0.595098,0.106425940990448,0.8933200240135193,0.7525257468223572
YEL013W,YDR210W-B,0,-0.59517646,0.10641330480575562,0.8933200240135193,0.7526257634162903
YEL061C,YDR116C,0,-0.5953305,0.10640066862106323,0.8933200240135193,0.7527258396148682
YDR425W,YKR062W,0,-0.5958442,0.10638803243637085,0.8933200240135193,0.7528258562088013
YOL125W,YGL123W,0,-0.5961416,0.10637540370225906,0.8933200240135193,0.7529258728027344
YIL027C,YDR402C,0,-0.5963667,0.10636277496814728,0.8933200240135193,0.7530258893966675
YHR099W,YPL202C,0,-0.59654784,0.10635014623403549,0.8933200240135193,0.7531259655952454
YIL150C,YNL159C,0,-0.59666765,0.1063375249505043,0.8933200240135193,0.7532259821891785
YOR288C,YPR054W,0,-0.59673446,0.10632491111755371,0.8933200240135193,0.7533259987831116
YGR058W,YPL257W-A,0,-0.5968022,0.10631228983402252,0.8933200240135193,0.7534260153770447
YNL149C,YOR233W,0,-0.59682566,0.10629967600107193,0.8933200240135193,0.7535260319709778
YPL257W-A,YNL115C,0,-0.59688073,0.10628706961870193,0.8933200240135193,0.7536261081695557
YOR192C-B,YJR143C,0,-0.597141,0.10627446323633194,0.8933200240135193,0.7537261247634888
YKR009C,YGR169C,1,-0.5971856,0.10638045519590378,0.8943170309066772,0.7537261247634888
YDR495C,YPR158C-D,0,-0.597337,0.10636784136295319,0.8943170309066772,0.7538261413574219
YOR192C-B,YCR054C,0,-0.59746665,0.1063552275300026,0.8943170309066772,0.753926157951355
YNL301C,YJR068W,0,-0.5975822,0.1063426211476326,0.8943170309066772,0.7540262341499329
YDR316W-A,YML034W,0,-0.5976686,0.1063300147652626,0.8943170309066772,0.754126250743866
YOR343W-A,YNL339C,0,-0.5979242,0.10631740838289261,0.8943170309066772,0.7542262673377991
YER082C,YLR403W,0,-0.5980351,0.10630480945110321,0.8943170309066772,0.7543262839317322
YMR098C,YKR097W,0,-0.598074,0.10629221796989441,0.8943170309066772,0.7544263005256653
YKL183W,YML077W,0,-0.598383,0.10627961903810501,0.8943170309066772,0.7545263767242432
YHR089C,YOR269W,0,-0.5984536,0.10626702755689621,0.8943170309066772,0.7546263933181763
YNL306W,YPL155C,0,-0.59851533,0.106254443526268,0.8943170309066772,0.7547264099121094
YDR495C,YOR174W,0,-0.5990038,0.1062418594956398,0.8943170309066772,0.7548264265060425
YLR438C-A,YOR044W,0,-0.59950626,0.1062292754650116,0.8943170309066772,0.7549265027046204
YDR440W,YDR034C-C,0,-0.5995618,0.10621669888496399,0.8943170309066772,0.7550265192985535
YHR023W,YER012W,0,-0.5996372,0.10620412230491638,0.8943170309066772,0.7551265358924866
YDR501W,YGL185C,0,-0.6006032,0.10619154572486877,0.8943170309066772,0.7552265524864197
YEL021W,YER112W,0,-0.60106313,0.10617897659540176,0.8943170309066772,0.7553265690803528
YGR200C,YOL149W,0,-0.6011417,0.10616640746593475,0.8943170309066772,0.7554266452789307
YHR153C,YGR234W,0,-0.601158,0.10615384578704834,0.8943170309066772,0.7555266618728638
YBR213W,YDR101C,0,-0.60144687,0.10614128410816193,0.8943170309066772,0.7556266784667969
YPL031C,YPL257W-A,0,-0.6015609,0.10612872987985611,0.8943170309066772,0.75572669506073
YOR047C,YGR047C,0,-0.60191333,0.1061161682009697,0.8943170309066772,0.7558267712593079
YPR137C-B,YMR165C,0,-0.60215425,0.10610362142324448,0.8943170309066772,0.755926787853241
YDR329C,YLR371W,0,-0.60258794,0.10609106719493866,0.8943170309066772,0.7560268044471741
YFR015C,YER007W,0,-0.6026409,0.10607852041721344,0.8943170309066772,0.7561268210411072
YPL195W,YDL056W,0,-0.6026706,0.10606598109006882,0.8943170309066772,0.7562268972396851
YDR501W,YNL191W,0,-0.6032257,0.1060534417629242,0.8943170309066772,0.7563269138336182
YHR105W,YJL019W,0,-0.6032423,0.10604090243577957,0.8943170309066772,0.7564269304275513
YHR023W,YJL156C,0,-0.60345656,0.10602837055921555,0.8943170309066772,0.7565269470214844
YKL004W,YDR118W,0,-0.60355943,0.10601583868265152,0.8943170309066772,0.7566269636154175
YIL090W,YMR022W,0,-0.60370225,0.1060033068060875,0.8943170309066772,0.7567270398139954
YCL055W,YBR207W,0,-0.6037299,0.10599078238010406,0.8943170309066772,0.7568270564079285
YGR063C,YJR059W,0,-0.6039185,0.10597825795412064,0.8943170309066772,0.7569270730018616
YOL018C,YCL031C,0,-0.6040623,0.1059657409787178,0.8943170309066772,0.7570270895957947
YDR013W,YOL005C,0,-0.6041429,0.10595322400331497,0.8943170309066772,0.7571271657943726
YBL023C,YLR246W,0,-0.6044743,0.10594071447849274,0.8943170309066772,0.7572271823883057
YFR037C,YHR184W,0,-0.604727,0.1059281975030899,0.8943170309066772,0.7573271989822388
YDR012W,YMR306W,0,-0.6049579,0.10591569542884827,0.8943170309066772,0.7574272155761719
YBR022W,YDR117C,0,-0.60496026,0.10590318590402603,0.8943170309066772,0.757527232170105
YPL177C,YDR421W,0,-0.6049675,0.1058906838297844,0.8943170309066772,0.7576273083686829
YDR283C,YLR139C,0,-0.60534155,0.10587818920612335,0.8943170309066772,0.757727324962616
YHR147C,YDR510W,0,-0.60553616,0.10586569458246231,0.8943170309066772,0.7578273415565491
YML060W,YPR096C,0,-0.60567075,0.10585319995880127,0.8943170309066772,0.7579273581504822
YJR001W,YNL128W,0,-0.60577685,0.10584070533514023,0.8943170309066772,0.7580274343490601
YDR071C,YLR121C,0,-0.60622734,0.10582821816205978,0.8943170309066772,0.7581274509429932
YLR459W,YDR034C-C,0,-0.60669833,0.10581573843955994,0.8943170309066772,0.7582274675369263
YJR135C,YCR040W,0,-0.6069161,0.10580325871706009,0.8943170309066772,0.7583274841308594
YHR153C,YCL031C,0,-0.6072875,0.10579077899456024,0.8943170309066772,0.7584275007247925
YIL070C,YLR035C-A,0,-0.6074791,0.1057782992720604,0.8943170309066772,0.7585275769233704
YDR358W,YBR214W,0,-0.60751563,0.10576582700014114,0.8943170309066772,0.7586275935173035
YOR373W,YAR018C,0,-0.6079636,0.10575336217880249,0.8943170309066772,0.7587276101112366
YGL035C,YCL057C-A,0,-0.60807335,0.10574088990688324,0.8943170309066772,0.7588276267051697
YOR278W,YER051W,0,-0.6080771,0.10572843253612518,0.8943170309066772,0.7589277029037476
YGL141W,YMR311C,0,-0.6087848,0.10571596771478653,0.8943170309066772,0.7590277194976807
YER007W,YMR165C,0,-0.6092759,0.10570351034402847,0.8943170309066772,0.7591277360916138
YDR478W,YBL069W,0,-0.6095554,0.10569106042385101,0.8943170309066772,0.7592277526855469
YPL160W,YKL028W,0,-0.60963774,0.10567860305309296,0.8943170309066772,0.75932776927948
YJR094W-A,YDR358W,0,-0.60991716,0.1056661531329155,0.8943170309066772,0.7594278454780579
YOL003C,YGR274C,0,-0.60995424,0.10565371066331863,0.8943170309066772,0.759527862071991
YIL112W,YML048W,0,-0.61040044,0.10564126819372177,0.8943170309066772,0.7596278786659241
YGL089C,YCL031C,0,-0.61166173,0.10562882572412491,0.8943170309066772,0.7597278952598572
YNL049C,YKR038C,0,-0.61171967,0.10561639070510864,0.8943170309066772,0.7598279714584351
YKR038C,YGL106W,0,-0.61173046,0.10560395568609238,0.8943170309066772,0.7599279880523682
YDR466W,YLR356W,0,-0.6118068,0.10559152811765671,0.8943170309066772,0.7600280046463013
YGL213C,YDR014W,0,-0.6118964,0.10557909309864044,0.8943170309066772,0.7601280212402344
YIL150C,YIL026C,0,-0.6122163,0.10556667298078537,0.8943170309066772,0.7602280974388123
YGR002C,YPL257W-A,0,-0.6122274,0.1055542454123497,0.8943170309066772,0.7603281140327454
YDR380W,YFL061W,1,-0.6124078,0.10565949231386185,0.8953140377998352,0.7603281140327454
YBR097W,YDL065C,0,-0.61311615,0.10564705729484558,0.8953140377998352,0.7604281306266785
YGR156W,YLR246W,0,-0.61338335,0.10563462972640991,0.8953140377998352,0.7605281472206116
YBR012W-B,YHR099W,0,-0.6134291,0.10562220960855484,0.8953140377998352,0.7606281638145447
YML124C,YGL090W,0,-0.6135195,0.10560978204011917,0.8953140377998352,0.7607282400131226
YMR235C,YHR117W,0,-0.61367273,0.1055973693728447,0.8953140377998352,0.7608282566070557
YHR206W,YNL212W,0,-0.6140027,0.10558494925498962,0.8953140377998352,0.7609282732009888
YER091C,YOR343W-A,0,-0.6143132,0.10557253658771515,0.8953140377998352,0.7610282897949219
YJL041W,YDL185W,0,-0.61480445,0.10556012392044067,0.8953140377998352,0.7611283659934998
YLR048W,YOR039W,0,-0.6148534,0.1055477187037468,0.8953140377998352,0.7612283825874329
YNL316C,YBR248C,1,-0.61516654,0.1056528389453888,0.8963110446929932,0.7612283825874329
YEL016C,YPL155C,0,-0.615258,0.10564042627811432,0.8963110446929932,0.761328399181366
YOR343W-A,YPL026C,0,-0.615719,0.10562801361083984,0.8963110446929932,0.7614284157752991
YOL065C,YNL061W,0,-0.6158641,0.10561560094356537,0.8963110446929932,0.7615284323692322
YOR192C-A,YDR322W,0,-0.6160723,0.10560319572687149,0.8963110446929932,0.7616285085678101
YJL165C,YCL055W,0,-0.6161251,0.10559079051017761,0.8963110446929932,0.7617285251617432
YJR013W,YML085C,0,-0.6164014,0.10557839274406433,0.8963110446929932,0.7618285417556763
YLR096W,YER088C,0,-0.6166579,0.10556599497795105,0.8963110446929932,0.7619285583496094
YOR116C,YHR186C,0,-0.61672497,0.10555359721183777,0.8963110446929932,0.7620286345481873
YGR029W,YGL161C,0,-0.6170851,0.10554120689630508,0.8963110446929932,0.7621286511421204
YGR058W,YDL231C,0,-0.6174226,0.1055288165807724,0.8963110446929932,0.7622286677360535
YDR248C,YPL257W-A,0,-0.6174504,0.10551643371582031,0.8963110446929932,0.7623286843299866
YOL052C,YDL080C,1,-0.6179114,0.10562140494585037,0.8973080515861511,0.7623286843299866
YMR166C,YLR318W,0,-0.61793005,0.10560901463031769,0.8973080515861511,0.7624287009239197
YDR532C,YMR166C,0,-0.6184952,0.105596624314785,0.8973080515861511,0.7625287771224976
YDL192W,YGR027W-B,0,-0.61854035,0.10558423399925232,0.8973080515861511,0.7626287937164307
YPL257W-A,YJR059W,0,-0.6189319,0.10557185113430023,0.8973080515861511,0.7627288103103638
YDR107C,YDR130C,0,-0.619035,0.10555946826934814,0.8973080515861511,0.7628288269042969
YGR035C,YGR027W-B,0,-0.61916864,0.10554708540439606,0.8973080515861511,0.7629289031028748
YJL102W,YML009C,0,-0.61921614,0.10553470999002457,0.8973080515861511,0.7630289196968079
YDR239C,YJL148W,0,-0.6192984,0.10552233457565308,0.8973080515861511,0.763128936290741
YER114C,YOR174W,0,-0.6194148,0.10550996661186218,0.8973080515861511,0.7632289528846741
YHR076W,YEL017C-A,0,-0.6194752,0.10549759864807129,0.8973080515861511,0.7633289694786072
YPL269W,YDR486C,0,-0.61986345,0.1054852306842804,0.8973080515861511,0.7634290456771851
YML034W,YDR279W,0,-0.6201356,0.1054728701710701,0.8973080515861511,0.7635290622711182
YDR261W-B,YCR010C,0,-0.62032664,0.1054605096578598,0.8973080515861511,0.7636290788650513
YHL019C,YOR063W,0,-0.6205757,0.1054481565952301,0.8973080515861511,0.7637290954589844
YGR027W-B,YIL138C,0,-0.62067133,0.1054358035326004,0.8973080515861511,0.7638291716575623
YOR356W,YJL156C,0,-0.62094826,0.1054234504699707,0.8973080515861511,0.7639291882514954
YER153C,YCR092C,0,-0.62123066,0.1054111048579216,0.8973080515861511,0.7640292048454285
YNL158W,YPL101W,0,-0.6215235,0.1053987592458725,0.8973080515861511,0.7641292214393616
YLR427W,YIL084C,0,-0.6224463,0.1053864136338234,0.8973080515861511,0.7642292976379395
YNL129W,YKL042W,0,-0.6227095,0.10537407547235489,0.8973080515861511,0.7643293142318726
YHR076W,YPR158C-D,0,-0.6227248,0.10536174476146698,0.8973080515861511,0.7644293308258057
YER147C,YDR034C-C,0,-0.62331474,0.10534940659999847,0.8973080515861511,0.7645293474197388
YHR067W,YJL005W,1,-0.6235165,0.10545411705970764,0.8983050584793091,0.7645293474197388
YBR123C,YJR143C,0,-0.62355876,0.10544177889823914,0.8983050584793091,0.7646293640136719
YLR459W,YCR081W,0,-0.6247546,0.10542944073677063,0.8983050584793091,0.7647294402122498
YMR289W,YBL019W,1,-0.62496537,0.10553410649299622,0.899302065372467,0.7647294402122498
YLR078C,YBR122C,0,-0.62540215,0.10552176088094711,0.899302065372467,0.7648294568061829
YOR201C,YDL017W,0,-0.6254562,0.10550941526889801,0.899302065372467,0.764929473400116
YMR188C,YJR089W,0,-0.6255727,0.1054970771074295,0.899302065372467,0.7650294899940491
YBL054W,YLR419W,0,-0.62559426,0.105484738945961,0.899302065372467,0.765129566192627
YHR184W,YPL155C,0,-0.62657976,0.10547240078449249,0.899302065372467,0.7652295827865601
YGR170W,YNL335W,1,-0.6268359,0.10557699203491211,0.9002991318702698,0.7652295827865601
YDL069C,YML125C,0,-0.6272539,0.105564646422863,0.9002991318702698,0.7653295993804932
YDR501W,YOL007C,0,-0.6274928,0.1055523082613945,0.9002991318702698,0.7654296159744263
YLR032W,YKR048C,0,-0.62759036,0.105539970099926,0.9002991318702698,0.7655296325683594
YLL011W,YML060W,0,-0.62782174,0.10552763938903809,0.9002991318702698,0.7656297087669373
YBR160W,YBL021C,0,-0.62784255,0.10551530867815018,0.9002991318702698,0.7657297253608704
YEL038W,YAL044C,0,-0.62790424,0.10550297796726227,0.9002991318702698,0.7658297419548035
YGR063C,YKR104W,0,-0.6279225,0.10549065470695496,0.9002991318702698,0.7659297585487366
YLR139C,YLR186W,0,-0.6280458,0.10547833144664764,0.9002991318702698,0.7660298347473145
YOR044W,YLR306W,0,-0.62816334,0.10546601563692093,0.9002991318702698,0.7661298513412476
YHR031C,YDL205C,0,-0.6284313,0.10545369982719421,0.9002991318702698,0.7662298679351807
YDL069C,YJL102W,0,-0.62868124,0.1054413840174675,0.9002991318702698,0.7663298845291138
YDR532C,YDR387C,0,-0.6288288,0.10542906820774078,0.9002991318702698,0.7664299011230469
YOL115W,YHR112C,1,-0.62900084,0.10553350299596786,0.9012961387634277,0.7664299011230469
YDR510W,YDR120C,0,-0.6294465,0.10552118718624115,0.9012961387634277,0.7665299773216248
YLR134W,YKL182W,1,-0.6294888,0.10562558472156525,0.9022931456565857,0.7665299773216248
YOR356W,YJL109C,0,-0.62971723,0.10561325401067734,0.9022931456565857,0.7666299939155579
YDR134C,YER126C,0,-0.6302343,0.10560093075037003,0.9022931456565857,0.766730010509491
YDL195W,YDL185W,0,-0.63050807,0.10558861494064331,0.9022931456565857,0.7668300271034241
YMR224C,YAL003W,0,-0.6305546,0.105576291680336,0.9022931456565857,0.766930103302002
YOR386W,YBR251W,0,-0.63066494,0.10556398332118988,0.9022931456565857,0.7670301198959351
YNL206C,YER153C,0,-0.6308288,0.10555166751146317,0.9022931456565857,0.7671301364898682
YBR175W,YDR239C,0,-0.6309408,0.10553935915231705,0.9022931456565857,0.7672301530838013
YKL087C,YDR294C,1,-0.63113403,0.10564365983009338,0.9032901525497437,0.7672301530838013
YOR175C,YDR501W,0,-0.6312279,0.10563133656978607,0.9032901525497437,0.7673301696777344
YNL206C,YNL244C,0,-0.6316445,0.10561902821063995,0.9032901525497437,0.7674302458763123
YML040W,YAL053W,0,-0.63167286,0.10560671240091324,0.9032901525497437,0.7675302624702454
YDR013W,YKR048C,0,-0.6318083,0.10559440404176712,0.9032901525497437,0.7676302790641785
YJL046W,YIL051C,0,-0.63225913,0.1055821031332016,0.9032901525497437,0.7677302956581116
YNL077W,YLL011W,0,-0.63258356,0.10556979477405548,0.9032901525497437,0.7678303718566895
YHR206W,YGR184C,0,-0.6328386,0.10555749386548996,0.9032901525497437,0.7679303884506226
YIR006C,YGL031C,0,-0.6332041,0.10554520040750504,0.9032901525497437,0.7680304050445557
YMR128W,YNL112W,0,-0.6336846,0.10553290694952011,0.9032901525497437,0.7681304216384888
YMR281W,YPL155C,0,-0.63398445,0.10552061349153519,0.9032901525497437,0.7682304978370667
YCL069W,YJL156C,0,-0.63411266,0.10550832748413086,0.9032901525497437,0.7683305144309998
YLR134W,YDL006W,0,-0.6342615,0.10549604147672653,0.9032901525497437,0.7684305310249329
YPL017C,YMR223W,0,-0.63480633,0.1054837554693222,0.9032901525497437,0.768530547618866
YPL257W-A,YJL133W,0,-0.63523394,0.10547147691249847,0.9032901525497437,0.7686305642127991
YMR188C,YMR314W,0,-0.6353494,0.10545919835567474,0.9032901525497437,0.768730640411377
YNL292W,YLR441C,0,-0.6354086,0.10544692724943161,0.9032901525497437,0.7688306570053101
YDR448W,YOL005C,0,-0.63542974,0.10543465614318848,0.9032901525497437,0.7689306735992432
YDR036C,YLR188W,0,-0.6355502,0.10542238503694534,0.9032901525497437,0.7690306901931763
YPR042C,YPR073C,0,-0.63568187,0.1054101213812828,0.9032901525497437,0.7691307663917542
YLR364W,YLR097C,0,-0.63582563,0.10539785772562027,0.9032901525497437,0.7692307829856873
YPL106C,YDL190C,0,-0.63583577,0.10538560152053833,0.9032901525497437,0.7693307995796204
YDL036C,YIL167W,1,-0.6359587,0.10548964887857437,0.9042871594429016,0.7693307995796204
YML012W,YPL121C,0,-0.63611466,0.10547737777233124,0.9042871594429016,0.7694308161735535
YHR207C,YPL257W-A,0,-0.6361462,0.1054651141166687,0.9042871594429016,0.7695308327674866
YJR066W,YMR201C,0,-0.63645846,0.10545285791158676,0.9042871594429016,0.7696309089660645
YMR166C,YPL177C,0,-0.63703555,0.10544059425592422,0.9042871594429016,0.7697309255599976
YJL033W,YIL093C,0,-0.63703746,0.10542833805084229,0.9042871594429016,0.7698309421539307
YLR287C-A,YBL022C,0,-0.6374113,0.10541608184576035,0.9042871594429016,0.7699309587478638
YGL009C,YJR022W,0,-0.6379091,0.105403833091259,0.9042871594429016,0.7700310349464417
YML027W,YCR081W,0,-0.6379151,0.10539158433675766,0.9042871594429016,0.7701310515403748
YER089C,YMR204C,0,-0.6379832,0.10537934303283691,0.9042871594429016,0.7702310681343079
YDR466W,YLR192C,0,-0.6380664,0.10536710172891617,0.9042871594429016,0.770331084728241
YGL120C,YPL060W,0,-0.6383478,0.10535486042499542,0.9042871594429016,0.7704311013221741
YML012W,YDR103W,0,-0.63863355,0.10534262657165527,0.9042871594429016,0.770531177520752
YEL038W,YLR139C,0,-0.6388454,0.10533039271831512,0.9042871594429016,0.7706311941146851
YBL021C,YPR019W,0,-0.6391362,0.10531815886497498,0.9042871594429016,0.7707312107086182
YJR076C,YGL040C,0,-0.6391371,0.10530593246221542,0.9042871594429016,0.7708312273025513
YDR510W,YHR044C,0,-0.6393807,0.10529370605945587,0.9042871594429016,0.7709313035011292
YDR393W,YDR362C,0,-0.639556,0.10528148710727692,0.9042871594429016,0.7710313200950623
YGR035C,YMR163C,0,-0.639859,0.10526926815509796,0.9042871594429016,0.7711313366889954
YER061C,YGL031C,0,-0.63990325,0.105257049202919,0.9042871594429016,0.7712313532829285
YFR041C,YMR098C,0,-0.64029795,0.10524483770132065,0.9042871594429016,0.7713313698768616
YJL090C,YDR330W,0,-0.6404799,0.10523262619972229,0.9042871594429016,0.7714314460754395
YKL114C,YFL061W,1,-0.6405232,0.10533642768859863,0.9052841663360596,0.7714314460754395
YDL130W,YCL050C,0,-0.6406699,0.10532420873641968,0.9052841663360596,0.7715314626693726
YOR175C,YHR023W,0,-0.6413626,0.10531198978424072,0.9052841663360596,0.7716314792633057
YER027C,YAL003W,0,-0.64203364,0.10529977828264236,0.9052841663360596,0.7717314958572388
YAR015W,YPL257W-A,0,-0.6421295,0.105287566781044,0.9052841663360596,0.7718315720558167
YER095W,YOR257W,0,-0.6421863,0.10527536273002625,0.9052841663360596,0.7719315886497498
YER114C,YML070W,0,-0.6423385,0.10526315867900848,0.9052841663360596,0.7720316052436829
YBL093C,YKL183W,0,-0.64263546,0.10525095462799072,0.9052841663360596,0.772131621837616
YGL206C,YPR102C,0,-0.64265376,0.10523875802755356,0.9052841663360596,0.7722316980361938
YDR316W-A,YMR188C,0,-0.6428367,0.1052265614271164,0.9052841663360596,0.772331714630127
YDR312W,YBR213W,0,-0.6430625,0.10521436482667923,0.9052841663360596,0.7724317312240601
YIL078W,YJR089W,0,-0.6436312,0.10520217567682266,0.9052841663360596,0.7725317478179932
YER027C,YOL092W,0,-0.64392585,0.10518999397754669,0.9052841663360596,0.7726317644119263
YIL090W,YER089C,0,-0.64405906,0.10517780482769012,0.9052841663360596,0.7727318406105042
YBR264C,YAR019C,0,-0.64411885,0.10516562312841415,0.9052841663360596,0.7728318572044373
YOL127W,YDR418W,0,-0.6442107,0.10515344887971878,0.9052841663360596,0.7729318737983704
YBR123C,YJL090C,0,-0.64453053,0.10514126718044281,0.9052841663360596,0.7730318903923035
YNL292W,YIL090W,0,-0.6450883,0.10512909293174744,0.9052841663360596,0.7731319665908813
YJR022W,YPL160W,0,-0.64515436,0.10511692613363266,0.9052841663360596,0.7732319831848145
YBL088C,YMR023C,0,-0.64524627,0.10510475933551788,0.9052841663360596,0.7733319997787476
YER148W,YKR037C,0,-0.6453507,0.1050925925374031,0.9052841663360596,0.7734320163726807
YBL054W,YML095C,0,-0.6456481,0.10508043318986893,0.9052841663360596,0.7735320329666138
YBR205W,YMR312W,0,-0.64646125,0.10506827384233475,0.9052841663360596,0.7736321091651917
YDR531W,YGR162W,0,-0.64698446,0.10505611449480057,0.9052841663360596,0.7737321257591248
YGR170W,YIL167W,1,-0.64787537,0.10515964776277542,0.9062811732292175,0.7737321257591248
YOR386W,YML004C,1,-0.6480308,0.10526315867900848,0.9072781801223755,0.7737321257591248
YGL021W,YPL038W,0,-0.64866453,0.10525098443031311,0.9072781801223755,0.7738321423530579
YDR313C,YPR032W,0,-0.64866966,0.10523881018161774,0.9072781801223755,0.773932158946991
YLR459W,YIL009C-A,0,-0.64895797,0.10522664338350296,0.9072781801223755,0.7740322351455688
YHR025W,YPL157W,0,-0.6494983,0.10521447658538818,0.9072781801223755,0.774132251739502
YMR100W,YNL012W,0,-0.64971274,0.10520230978727341,0.9072781801223755,0.7742322683334351
YMR043W,YGL210W,0,-0.64972764,0.10519015043973923,0.9072781801223755,0.7743322849273682
YPL257W-A,YBR030W,0,-0.65011007,0.10517799109220505,0.9072781801223755,0.7744323015213013
YMR026C,YOR337W,0,-0.65013045,0.10516583919525146,0.9072781801223755,0.7745323777198792
YNR027W,YKR014C,0,-0.65072995,0.10515368729829788,0.9072781801223755,0.7746323943138123
YER173W,YPL154C,0,-0.650764,0.1051415354013443,0.9072781801223755,0.7747324109077454
YDR036C,YOR192C-A,0,-0.65111786,0.10512939095497131,0.9072781801223755,0.7748324275016785
YBR087W,YMR302C,0,-0.65136874,0.10511724650859833,0.9072781801223755,0.7749325037002563
YGL089C,YGL205W,0,-0.65161395,0.10510510206222534,0.9072781801223755,0.7750325202941895
YNL330C,YBL078C,0,-0.65189713,0.10509296506643295,0.9072781801223755,0.7751325368881226
YNL001W,YDR253C,0,-0.6535344,0.10508082807064056,0.9072781801223755,0.7752325534820557
YGR220C,YML091C,0,-0.6539473,0.10506869852542877,0.9072781801223755,0.7753325700759888
YPR158C-D,YDR032C,0,-0.6540202,0.10505656898021698,0.9072781801223755,0.7754326462745667
YML048W,YGR001C,0,-0.6540432,0.10504443943500519,0.9072781801223755,0.7755326628684998
YDR316W-A,YPR049C,0,-0.6541309,0.10503231734037399,0.9072781801223755,0.7756326794624329
YJL072C,YML091C,0,-0.65466976,0.1050201952457428,0.9072781801223755,0.775732696056366
YLR287C-A,YOR269W,0,-0.6549956,0.1050080806016922,0.9072781801223755,0.7758327722549438
YKL218C,YHR186C,0,-0.65536904,0.104995958507061,0.9072781801223755,0.775932788848877
YER088C,YNL213C,0,-0.6554977,0.104983851313591,0.9072781801223755,0.7760328054428101
YDL127W,YHR186C,0,-0.65588915,0.1049717366695404,0.9072781801223755,0.7761328220367432
YMR290C,YNL039W,0,-0.6559082,0.1049596294760704,0.9072781801223755,0.776232898235321
YHR207C,YJR143C,0,-0.65599525,0.104947529733181,0.9072781801223755,0.7763329148292542
YDR071C,YJL109C,0,-0.6563743,0.104935422539711,0.9072781801223755,0.7764329314231873
YLR099C,YLR306W,0,-0.6564359,0.1049233227968216,0.9072781801223755,0.7765329480171204
YOR092W,YCR054C,0,-0.6571082,0.10491123050451279,0.9072781801223755,0.7766329646110535
YIL034C,YIL112W,0,-0.65775365,0.10489913821220398,0.9072781801223755,0.7767330408096313
YBL069W,YLR045C,0,-0.6577989,0.10488704591989517,0.9072781801223755,0.7768330574035645
YGL119W,YFL036W,0,-0.6579149,0.10487495362758636,0.9072781801223755,0.7769330739974976
YPR049C,YGR071C,0,-0.6579446,0.10486286878585815,0.9072781801223755,0.7770330905914307
YDR247W,YMR122W-A,0,-0.6580671,0.10485079139471054,0.9072781801223755,0.7771331667900085
YDL007W,YDL127W,0,-0.6581733,0.10483870655298233,0.9072781801223755,0.7772331833839417
YBR240C,YKL179C,0,-0.6582204,0.10482662916183472,0.9072781801223755,0.7773331999778748
YJL046W,YER126C,0,-0.65829635,0.1048145592212677,0.9072781801223755,0.7774332165718079
YDR520C,YHR184W,0,-0.6585356,0.10480248928070068,0.9072781801223755,0.777533233165741
YPL195W,YLR357W,0,-0.65863687,0.10479041934013367,0.9072781801223755,0.7776333093643188
YNR020C,YDL075W,0,-0.6590159,0.10477835685014725,0.9072781801223755,0.777733325958252
YNL119W,YML063W,0,-0.6593838,0.10476628690958023,0.9072781801223755,0.7778333425521851
YGR027W-B,YGL106W,0,-0.65981615,0.10475423187017441,0.9072781801223755,0.7779333591461182
YOL117W,YLR079W,0,-0.6599797,0.10474217683076859,0.9072781801223755,0.778033435344696
YBL093C,YPR158C-D,0,-0.66004735,0.10473012179136276,0.9072781801223755,0.7781334519386292
YOL133W,YLL035W,0,-0.66016173,0.10471806675195694,0.9072781801223755,0.7782334685325623
YGR076C,YLR079W,0,-0.66038865,0.10470601916313171,0.9072781801223755,0.7783334851264954
YMR224C,YNR007C,0,-0.66063416,0.10469397157430649,0.9072781801223755,0.7784335017204285
YBL078C,YLR127C,0,-0.6610218,0.10468193143606186,0.9072781801223755,0.7785335779190063
YER114C,YOR337W,0,-0.66117823,0.10466988384723663,0.9072781801223755,0.7786335945129395
YBR264C,YAL021C,0,-0.66121376,0.1046578511595726,0.9072781801223755,0.7787336111068726
YKL183W,YJR001W,0,-0.6615326,0.10464581102132797,0.9072781801223755,0.7788336277008057
YOL127W,YDR436W,0,-0.66206735,0.10463377833366394,0.9072781801223755,0.7789337038993835
YML018C,YHR070W,0,-0.6626274,0.1046217530965805,0.9072781801223755,0.7790337204933167
YBL103C,YJR015W,0,-0.6627284,0.10460972785949707,0.9072781801223755,0.7791337370872498
YNR011C,YIR023W,0,-0.66302276,0.10459770262241364,0.9072781801223755,0.7792337536811829
YDR011W,YJL148W,0,-0.6630495,0.1045856773853302,0.9072781801223755,0.7793338298797607
YDR251W,YER164W,0,-0.66305983,0.10457365959882736,0.9072781801223755,0.7794338464736938
YPL121C,YCR010C,0,-0.66310537,0.10456164181232452,0.9072781801223755,0.779533863067627
YDR533C,YDL115C,0,-0.66315424,0.10454963147640228,0.9072781801223755,0.7796338796615601
YJR098C,YKL198C,0,-0.6631787,0.10453762114048004,0.9072781801223755,0.7797338962554932
YHR067W,YER090W,1,-0.66349745,0.10464047640562057,0.9082751870155334,0.7797338962554932
YMR257C,YHL008C,0,-0.66406524,0.10462845861911774,0.9082751870155334,0.779833972454071
YDR376W,YOR221C,0,-0.6641078,0.1046164482831955,0.9082751870155334,0.7799339890480042
YDR466W,YPL059W,0,-0.66436636,0.10460443049669266,0.9082751870155334,0.7800340056419373
YLR287C-A,YDR501W,0,-0.66452324,0.10459242016077042,0.9082751870155334,0.7801340222358704
YDR121W,YOR290C,0,-0.66494775,0.10458041727542877,0.9082751870155334,0.7802340984344482
YHR117W,YGR014W,0,-0.6661719,0.10456841439008713,0.9082751870155334,0.7803341150283813
YKR090W,YLR074C,0,-0.66672003,0.10455641150474548,0.9082751870155334,0.7804341316223145
YPR178W,YOR014W,0,-0.666777,0.10454440861940384,0.9082751870155334,0.7805341482162476
YCR072C,YPR158C-D,0,-0.6670048,0.10453241318464279,0.9082751870155334,0.7806341648101807
YDL164C,YNR022C,0,-0.6673821,0.10452042520046234,0.9082751870155334,0.7807342410087585
YLR097C,YER112W,0,-0.66744745,0.1045084297657013,0.9082751870155334,0.7808342576026917
YLR086W,YDR238C,0,-0.66748804,0.10449644178152084,0.9082751870155334,0.7809342741966248
YDR511W,YBL090W,0,-0.6680584,0.10448446124792099,0.9082751870155334,0.7810342907905579
YLR096W,YIR006C,0,-0.66845393,0.10447248071432114,0.9082751870155334,0.7811343669891357
YBR041W,YPL091W,0,-0.66870934,0.10446050018072128,0.9082751870155334,0.7812343835830688
YJR098C,YGR124W,0,-0.6693474,0.10444851964712143,0.9082751870155334,0.781334400177002
YDR270W,YKL021C,0,-0.6696774,0.10443654656410217,0.9082751870155334,0.7814344167709351
YDR065W,YIL009C-A,0,-0.6701734,0.10442457348108292,0.9082751870155334,0.7815344333648682
YJL033W,YGR263C,0,-0.6702782,0.10441260784864426,0.9082751870155334,0.781634509563446
YOR066W,YBL023C,0,-0.670362,0.1044006422162056,0.9082751870155334,0.7817345261573792
YPL157W,YNL039W,0,-0.67054933,0.10438867658376694,0.9082751870155334,0.7818345427513123
YER174C,YER112W,0,-0.671178,0.10437671840190887,0.9082751870155334,0.7819345593452454
YNR027W,YMR042W,0,-0.6721357,0.10436476022005081,0.9082751870155334,0.7820346355438232
YNR011C,YHR044C,0,-0.67230797,0.10435280948877335,0.9082751870155334,0.7821346521377563
YDL115C,YPR168W,0,-0.6725887,0.10434085130691528,0.9082751870155334,0.7822346687316895
YOL133W,YJL073W,0,-0.6729443,0.10432890802621841,0.9082751870155334,0.7823346853256226
YGL185C,YOR246C,0,-0.6730856,0.10431695729494095,0.9082751870155334,0.7824347019195557
YOR389W,YBR297W,0,-0.6736134,0.10430501401424408,0.9082751870155334,0.7825347781181335
YER095W,YDR088C,0,-0.674082,0.10429307073354721,0.9082751870155334,0.7826347947120667
YOR057W,YNL146W,0,-0.6743173,0.10428113490343094,0.9082751870155334,0.7827348113059998
YFL029C,YDR400W,0,-0.6751036,0.10426919907331467,0.9082751870155334,0.7828348278999329
YGL141W,YNL189W,0,-0.6754257,0.10425727069377899,0.9082751870155334,0.7829349040985107
YPR178W,YJR076C,0,-0.6757283,0.10424533486366272,0.9082751870155334,0.7830349206924438
YCL063W,YMR012W,0,-0.6760367,0.10423340648412704,0.9082751870155334,0.783134937286377
YDL143W,YIL051C,0,-0.67630875,0.10422148555517197,0.9082751870155334,0.7832349538803101
YLL011W,YAL008W,0,-0.6770136,0.10420956462621689,0.9082751870155334,0.7833350300788879
YFL036W,YDR228C,0,-0.67713517,0.10419764369726181,0.9082751870155334,0.783435046672821
YDL195W,YIR023W,0,-0.6776505,0.10418573021888733,0.9082751870155334,0.7835350632667542
YLR343W,YKL017C,0,-0.6779514,0.10417381674051285,0.9082751870155334,0.7836350798606873
YGL185C,YLL001W,0,-0.67827404,0.10416190326213837,0.9082751870155334,0.7837350964546204
YHL036W,YML063W,0,-0.6783494,0.10414999723434448,0.9082751870155334,0.7838351726531982
YKL116C,YOL080C,0,-0.67875147,0.1041380912065506,0.9082751870155334,0.7839351892471313
YMR139W,YPL068C,0,-0.6793827,0.10412618517875671,0.9082751870155334,0.7840352058410645
YMR043W,YDR054C,0,-0.6797341,0.10411428660154343,0.9082751870155334,0.7841352224349976
YAL023C,YOR242C,0,-0.68000793,0.10410238802433014,0.9082751870155334,0.7842352986335754
YER140W,YDL192W,0,-0.6815018,0.10409049689769745,0.9082751870155334,0.7843353152275085
YNL308C,YLR237W,0,-0.68161404,0.10407859832048416,0.9082751870155334,0.7844353318214417
YGL196W,YIL167W,1,-0.681983,0.1041809469461441,0.9092721939086914,0.7844353318214417
YML104C,YBR231C,0,-0.6820716,0.10416904836893082,0.9092721939086914,0.7845353484153748
YLR106C,YGL249W,0,-0.6823232,0.10415714979171753,0.9092721939086914,0.7846353650093079
YBR022W,YDR069C,0,-0.68233633,0.10414525866508484,0.9092721939086914,0.7847354412078857
YHR021C,YLR276C,0,-0.68233967,0.10413336008787155,0.9092721939086914,0.7848354578018188
YOR192C-A,YFL041W,0,-0.6823589,0.10412147641181946,0.9092721939086914,0.784935474395752
YOR174W,YNL339C,0,-0.68258286,0.10410959273576736,0.9092721939086914,0.7850354909896851
YOR096W,YBR087W,0,-0.6828468,0.10409770905971527,0.9092721939086914,0.7851355671882629
YFL029C,YOL140W,0,-0.6828869,0.10408582538366318,0.9092721939086914,0.785235583782196
YKL181W,YER164W,0,-0.68290925,0.10407394915819168,0.9092721939086914,0.7853356003761292
YGR047C,YKL198C,0,-0.6830282,0.10406207293272018,0.9092721939086914,0.7854356169700623
YBR176W,YAL021C,0,-0.6832893,0.10405019670724869,0.9092721939086914,0.7855356335639954
YKL089W,YHL008C,0,-0.68379056,0.10403832793235779,0.9092721939086914,0.7856357097625732
YKL010C,YNR007C,0,-0.6847629,0.10402645915746689,0.9092721939086914,0.7857357263565063
YER083C,YBR082C,0,-0.6848425,0.10401459783315659,0.9092721939086914,0.7858357429504395
YDR239C,YDL184C,0,-0.68546325,0.10400273650884628,0.9092721939086914,0.7859357595443726
YLR127C,YHR140W,0,-0.6857412,0.10399087518453598,0.9092721939086914,0.7860358357429504
YDR456W,YMR188C,0,-0.6858041,0.10397902131080627,0.9092721939086914,0.7861358523368835
YNL039W,YDR158W,0,-0.68622106,0.10396716743707657,0.9092721939086914,0.7862358689308167
YIL078W,YGL084C,0,-0.6865111,0.10395532101392746,0.9092721939086914,0.7863358855247498
YOR386W,YLR134W,1,-0.6866165,0.1040574461221695,0.9102692008018494,0.7863358855247498
YJR029W,YHR184W,0,-0.6866609,0.10404558479785919,0.9102692008018494,0.7864359021186829
YJL156C,YHR013C,0,-0.6868329,0.10403373092412949,0.9102692008018494,0.7865359783172607
YIL078W,YPR041W,0,-0.68722653,0.10402187705039978,0.9102692008018494,0.7866359949111938
YFR041C,YGR106C,0,-0.68761426,0.10401002317667007,0.9102692008018494,0.786736011505127
YDR347W,YMR036C,0,-0.6876447,0.10399817675352097,0.9102692008018494,0.7868360280990601
YJR015W,YGL155W,0,-0.68764603,0.10398633033037186,0.9102692008018494,0.7869361042976379
YLR343W,YPL143W,0,-0.6876857,0.10397449135780334,0.9102692008018494,0.787036120891571
YBR213W,YOR054C,1,-0.6884599,0.10407651960849762,0.9112662076950073,0.787036120891571
YPL106C,YJL033W,0,-0.6884649,0.10406467318534851,0.9112662076950073,0.7871361374855042
YCR009C,YMR165C,0,-0.6885113,0.1040528267621994,0.9112662076950073,0.7872361540794373
YDR466W,YHR101C,0,-0.68928754,0.10404098033905029,0.9112662076950073,0.7873362302780151
YDL144C,YJR126C,0,-0.68964875,0.10402913391590118,0.9112662076950073,0.7874362468719482
YOL103W,YLR357W,0,-0.6900468,0.10401729494333267,0.9112662076950073,0.7875362634658813
YOR179C,YDL110C,0,-0.69033813,0.10400546342134476,0.9112662076950073,0.7876362800598145
YDR520C,YNL244C,0,-0.6906673,0.10399363189935684,0.9112662076950073,0.7877362966537476
YER065C,YOL052C,1,-0.6907878,0.10409556329250336,0.9122632145881653,0.7877362966537476
YHR067W,YNL335W,1,-0.69152004,0.10419747233390808,0.9132602214813232,0.7877362966537476
YJR015W,YKL059C,0,-0.6921216,0.10418562591075897,0.9132602214813232,0.7878363728523254
YGR047C,YDL075W,0,-0.6922757,0.10417377203702927,0.9132602214813232,0.7879363894462585
YMR221C,YHR070W,0,-0.69231147,0.10416192561388016,0.9132602214813232,0.7880364060401917
YGR156W,YNR047W,0,-0.69250417,0.10415008664131165,0.9132602214813232,0.7881364226341248
YGL206C,YBL023C,0,-0.692786,0.10413824766874313,0.9132602214813232,0.7882364988327026
YGL141W,YGR162W,0,-0.69279546,0.10412640869617462,0.9132602214813232,0.7883365154266357
YAL023C,YOL105C,0,-0.69288576,0.10411456972360611,0.9132602214813232,0.7884365320205688
YBL103C,YLR212C,0,-0.69290483,0.1041027382016182,0.9132602214813232,0.788536548614502
YCR010C,YGR062C,0,-0.6932304,0.10409090667963028,0.9132602214813232,0.7886365652084351
YML060W,YBR058C-A,0,-0.69328153,0.10407908260822296,0.9132602214813232,0.7887366414070129
YGR029W,YKL116C,0,-0.693529,0.10406725853681564,0.9132602214813232,0.788836658000946
YDL210W,YLR381W,0,-0.6937334,0.10405543446540833,0.9132602214813232,0.7889366745948792
YHR031C,YGR263C,0,-0.69386566,0.1040436178445816,0.9132602214813232,0.7890366911888123
YER087C-A,YJR058C,0,-0.69427794,0.10403180122375488,0.9132602214813232,0.7891367673873901
YOL064C,YJL073W,0,-0.6944836,0.10401998460292816,0.9132602214813232,0.7892367839813232
YLR433C,YER164W,0,-0.6945267,0.10400817543268204,0.9132602214813232,0.7893368005752563
YDR320C-A,YAL025C,0,-0.6949057,0.10399636626243591,0.9132602214813232,0.7894368171691895
YLR089C,YOL052C,1,-0.69516665,0.10409808158874512,0.9142572283744812,0.7894368171691895
YDR166C,YOR211C,0,-0.69550455,0.1040862649679184,0.9142572283744812,0.7895368337631226
YER120W,YGL147C,0,-0.69550747,0.10407445579767227,0.9142572283744812,0.7896369099617004
YGL119W,YOR265W,0,-0.69603217,0.10406263917684555,0.9142572283744812,0.7897369265556335
YAL053W,YHL019C,0,-0.6962441,0.10405083745718002,0.9142572283744812,0.7898369431495667
YBL103C,YDR465C,0,-0.69636893,0.1040390282869339,0.9142572283744812,0.7899369597434998
YLR212C,YGR218W,0,-0.696722,0.10402722656726837,0.9142572283744812,0.7900370359420776
YKR097W,YDR047W,1,-0.69674623,0.10412885993719101,0.9152542352676392,0.7900370359420776
YBL060W,YPL103C,0,-0.697071,0.10411704331636429,0.9152542352676392,0.7901370525360107
YDL195W,YDR400W,0,-0.697109,0.10410524159669876,0.9152542352676392,0.7902370691299438
YAL041W,YMR098C,0,-0.6973241,0.10409343242645264,0.9152542352676392,0.790337085723877
YBL088C,YOR246C,0,-0.6976569,0.10408163070678711,0.9152542352676392,0.7904371023178101
YNL129W,YEL050C,0,-0.6976837,0.10406983643770218,0.9152542352676392,0.7905371785163879
YFR032C-A,YPL195W,0,-0.6977079,0.10405803471803665,0.9152542352676392,0.790637195110321
YER111C,YBL020W,0,-0.6980163,0.10404624044895172,0.9152542352676392,0.7907372117042542
YHR117W,YBR251W,0,-0.6985564,0.10403445363044739,0.9152542352676392,0.7908372282981873
YIL074C,YKL116C,0,-0.6986966,0.10402265936136246,0.9152542352676392,0.7909373044967651
YBL024W,YER012W,0,-0.69895077,0.10401087999343872,0.9152542352676392,0.7910373210906982
YBR176W,YDR034C-C,0,-0.69933724,0.10399909317493439,0.9152542352676392,0.7911373376846313
YML015C,YML070W,0,-0.6994728,0.10398731380701065,0.9152542352676392,0.7912373542785645
YHR105W,YGR124W,0,-0.6998395,0.10397553443908691,0.9152542352676392,0.7913374304771423
YLR170C,YHR186C,0,-0.70057786,0.10396376252174377,0.9152542352676392,0.7914374470710754
YGL251C,YMR165C,0,-0.70069474,0.10395199060440063,0.9152542352676392,0.7915374636650085
YMR233W,YDR288W,0,-0.70122015,0.1039402186870575,0.9152542352676392,0.7916374802589417
YLR045C,YPL160W,0,-0.7013667,0.10392844676971436,0.9152542352676392,0.7917374968528748
YER099C,YCR004C,0,-0.70188403,0.10391668230295181,0.9152542352676392,0.7918375730514526
YLR427W,YHR044C,0,-0.702169,0.10390492528676987,0.9152542352676392,0.7919375896453857
YKL034W,YPL153C,0,-0.70223963,0.10389316082000732,0.9152542352676392,0.7920376062393188
YML063W,YOL056W,0,-0.7022893,0.10388141125440598,0.9152542352676392,0.792137622833252
YLR459W,YDL099W,0,-0.7024287,0.10386965423822403,0.9152542352676392,0.7922376990318298
YDL101C,YOL056W,0,-0.703186,0.10385790467262268,0.9152542352676392,0.7923377156257629
YKL088W,YOR046C,0,-0.7039279,0.10384615510702133,0.9152542352676392,0.792437732219696
YML125C,YAL021C,0,-0.7042073,0.10383440554141998,0.9152542352676392,0.7925377488136292
YKR097W,YOR176W,1,-0.70464486,0.10393576323986053,0.9162512421607971,0.7925377488136292
YGR188C,YGL157W,0,-0.705053,0.10392400622367859,0.9162512421607971,0.7926377654075623
YBL060W,YDR376W,0,-0.70549965,0.10391225665807724,0.9162512421607971,0.7927378416061401
YER027C,YFR008W,0,-0.70576483,0.10390050709247589,0.9162512421607971,0.7928378582000732
YOR096W,YLR014C,0,-0.70606124,0.10388876497745514,0.9162512421607971,0.7929378747940063
YGL095C,YLL022C,0,-0.7062483,0.10387702286243439,0.9162512421607971,0.7930378913879395
YJR013W,YBR041W,0,-0.7065669,0.10386528074741364,0.9162512421607971,0.7931379675865173
YOR175C,YDR379W,0,-0.7065996,0.10385354608297348,0.9162512421607971,0.7932379841804504
YAR010C,YMR163C,0,-0.70662475,0.10384181141853333,0.9162512421607971,0.7933380007743835
YML095C,YGL084C,0,-0.7066609,0.10383007675409317,0.9162512421607971,0.7934380173683167
YHR181W,YDR507C,0,-0.70739937,0.10381834954023361,0.9162512421607971,0.7935380339622498
YMR235C,YOR211C,0,-0.70743966,0.10380662232637405,0.9162512421607971,0.7936381101608276
YJR143C,YCR092C,0,-0.70766294,0.1037948951125145,0.9162512421607971,0.7937381267547607
YER083C,YNL151C,0,-0.70811135,0.10378317534923553,0.9162512421607971,0.7938381433486938
YOL147C,YJR089W,0,-0.7082383,0.10377145558595657,0.9162512421607971,0.793938159942627
YNR040W,YPR184W,0,-0.70855665,0.10375973582267761,0.9162512421607971,0.7940382361412048
YIL168W,YDL080C,1,-0.70883703,0.10386091470718384,0.9172482490539551,0.7940382361412048
YBL103C,YKR037C,0,-0.70884776,0.10384919494390488,0.9172482490539551,0.7941382527351379
YPL123C,YPR019W,0,-0.70923936,0.10383747518062592,0.9172482490539551,0.794238269329071
YKL042W,YBR241C,0,-0.70926225,0.10382575541734695,0.9172482490539551,0.7943382859230042
YOR386W,YNR033W,1,-0.70993716,0.103926882147789,0.918245255947113,0.7943382859230042
YML004C,YOL052C,1,-0.7103469,0.10402797907590866,0.919242262840271,0.7943382859230042
YMR042W,YMR127C,0,-0.71072584,0.1040162444114685,0.919242262840271,0.7944383025169373
YBL037W,YGR075C,0,-0.7107935,0.10400450974702835,0.919242262840271,0.7945383787155151
YOR069W,YPR122W,0,-0.71107256,0.10399278253316879,0.919242262840271,0.7946383953094482
YHR067W,YBR160W,0,-0.7111272,0.10398105531930923,0.919242262840271,0.7947384119033813
YKL056C,YOL149W,0,-0.7112464,0.10396932810544968,0.919242262840271,0.7948384284973145
YKL087C,YNL036W,1,-0.71149755,0.10407035797834396,0.920239269733429,0.7948384284973145
YBL023C,YNL135C,0,-0.71215206,0.10405862331390381,0.920239269733429,0.7949385046958923
YIL090W,YBL022C,0,-0.71215415,0.10404689610004425,0.920239269733429,0.7950385212898254
YPR158C-D,YPL269W,0,-0.7124673,0.10403516888618469,0.920239269733429,0.7951385378837585
YBR198C,YFR008W,0,-0.7125574,0.10402344167232513,0.920239269733429,0.7952385544776917
YMR004W,YHR013C,0,-0.71438885,0.10401172190904617,0.920239269733429,0.7953386306762695
YJL019W,YNL039W,0,-0.71441245,0.10400000214576721,0.920239269733429,0.7954386472702026
YDR238C,YMR285C,0,-0.71487594,0.10398828238248825,0.920239269733429,0.7955386638641357
YLR238W,YDR322W,0,-0.7149099,0.10397657006978989,0.920239269733429,0.7956386804580688
YIL027C,YLR419W,0,-0.7149142,0.10396485775709152,0.920239269733429,0.795738697052002
YJR029W,YDL146W,0,-0.71501946,0.10395314544439316,0.920239269733429,0.7958387732505798
YOL125W,YBL082C,0,-0.71530855,0.10394144058227539,0.920239269733429,0.7959387898445129
YPL149W,YER112W,0,-0.7159055,0.10392973572015762,0.920239269733429,0.796038806438446
YDR253C,YDR465C,0,-0.71654373,0.10391803830862045,0.920239269733429,0.7961388230323792
YIL074C,YNL007C,0,-0.7165682,0.10390634089708328,0.920239269733429,0.796238899230957
YDL137W,YGR220C,0,-0.71659946,0.10389464348554611,0.920239269733429,0.7963389158248901
YDR012W,YKL156W,0,-0.7167448,0.10388294607400894,0.920239269733429,0.7964389324188232
YOR151C,YNR022C,0,-0.717438,0.10387125611305237,0.920239269733429,0.7965389490127563
YGR184C,YAR007C,0,-0.71769524,0.10385957360267639,0.920239269733429,0.7966389656066895
YOR057W,YDL115C,0,-0.71825194,0.10384788364171982,0.920239269733429,0.7967390418052673
YNL185C,YJR022W,0,-0.7187007,0.10383620113134384,0.920239269733429,0.7968390583992004
YOR047C,YMR290C,0,-0.71873987,0.10382451862096786,0.920239269733429,0.7969390749931335
YBR082C,YBR166C,0,-0.718953,0.10381284356117249,0.920239269733429,0.7970390915870667
YDL144C,YAL035W,0,-0.719394,0.1038011685013771,0.920239269733429,0.7971391677856445
YMR043W,YIL039W,0,-0.7199538,0.10378950089216232,0.920239269733429,0.7972391843795776
YER174C,YDR228C,0,-0.7199902,0.10377782583236694,0.920239269733429,0.7973392009735107
YMR100W,YMR188C,0,-0.72059435,0.10376615822315216,0.920239269733429,0.7974392175674438
YDR322W,YBR035C,0,-0.72123015,0.10375449806451797,0.920239269733429,0.797539234161377
YJL164C,YDR115W,0,-0.72126824,0.10374283790588379,0.920239269733429,0.7976393103599548
YLR172C,YMR045C,0,-0.72153974,0.1037311777472496,0.920239269733429,0.7977393269538879
YPL195W,YPL101W,0,-0.72179365,0.10371951758861542,0.920239269733429,0.797839343547821
YBR097W,YNL212W,0,-0.72261447,0.10370786488056183,0.920239269733429,0.7979393601417542
YLR459W,YIL126W,0,-0.72269046,0.10369621217250824,0.920239269733429,0.798039436340332
YJR110W,YOR075W,0,-0.72269654,0.10368456691503525,0.920239269733429,0.7981394529342651
YMR171C,YDL108W,0,-0.7234292,0.10367292165756226,0.920239269733429,0.7982394695281982
YDR018C,YAL034W-A,0,-0.7236102,0.10366127640008926,0.920239269733429,0.7983394861221313
YOR369C,YML070W,0,-0.72363645,0.10364963859319687,0.920239269733429,0.7984395027160645
YDL195W,YDR093W,0,-0.72366416,0.10363799333572388,0.920239269733429,0.7985395789146423
YML060W,YDR127W,1,-0.72386944,0.10373863577842712,0.9212362766265869,0.7985395789146423
YGR071C,YDL008W,0,-0.72387093,0.10372699052095413,0.9212362766265869,0.7986395955085754
YGL168W,YOL019W,0,-0.7246286,0.10371534526348114,0.9212362766265869,0.7987396121025085
YDR479C,YDR034C-C,0,-0.72464836,0.10370370000600815,0.9212362766265869,0.7988396286964417
YGL136C,YLR364W,0,-0.72479105,0.10369206964969635,0.9212362766265869,0.7989397048950195
YBR299W,YBR012W-B,0,-0.72481334,0.10368043184280396,0.9212362766265869,0.7990397214889526
YIL078W,YOL123W,0,-0.7250118,0.10366880148649216,0.9212362766265869,0.7991397380828857
YLR192C,YDR054C,0,-0.72511256,0.10365717113018036,0.9212362766265869,0.7992397546768188
YBL020W,YOL109W,0,-0.72511286,0.10364554077386856,0.9212362766265869,0.7993398308753967
YLR127C,YLL022C,0,-0.7256376,0.10363391786813736,0.9212362766265869,0.7994398474693298
YGL185C,YBL055C,0,-0.72564286,0.10362229496240616,0.9212362766265869,0.7995398640632629
YDR341C,YIL126W,0,-0.72577167,0.10361067205667496,0.9212362766265869,0.799639880657196
YMR198W,YNL091W,0,-0.7259088,0.10359905660152435,0.9212362766265869,0.7997398972511292
YNL159C,YNL325C,0,-0.7260998,0.10358744114637375,0.9212362766265869,0.799839973449707
YOR373W,YPL095C,0,-0.72665244,0.10357583314180374,0.9212362766265869,0.7999399900436401
YCR092C,YMR204C,0,-0.72687906,0.10356422513723373,0.9212362766265869,0.8000400066375732
YER025W,YCL031C,0,-0.7270727,0.10355261713266373,0.9212362766265869,0.8001400232315063
YML005W,YLR430W,0,-0.72711873,0.10354101657867432,0.9212362766265869,0.8002400994300842
YNL149C,YDL095W,0,-0.7275132,0.10352940857410431,0.9212362766265869,0.8003401160240173
YOR143C,YHR013C,0,-0.72773224,0.1035178154706955,0.9212362766265869,0.8004401326179504
YML015C,YEL021W,0,-0.7280206,0.10350621491670609,0.9212362766265869,0.8005401492118835
YNR043W,YIL168W,1,-0.72841436,0.10360663384199142,0.9222332835197449,0.8005401492118835
YKR061W,YGR162W,0,-0.72861683,0.10359502583742142,0.9222332835197449,0.8006401658058167
YBR058C,YMR086W,0,-0.728763,0.103583425283432,0.9222332835197449,0.8007402420043945
YDR056C,YNL162W,0,-0.7291815,0.1035718321800232,0.9222332835197449,0.8008402585983276
YBL021C,YDR197W,0,-0.7293392,0.10356023162603378,0.9222332835197449,0.8009402751922607
YCR028C,YBR009C,0,-0.729429,0.10354863852262497,0.9222332835197449,0.8010402917861938
YOL003C,YDL190C,0,-0.7295021,0.10353705286979675,0.9222332835197449,0.8011403679847717
YDR242W,YCL031C,0,-0.72966486,0.10352545976638794,0.9222332835197449,0.8012403845787048
YFR041C,YML125C,0,-0.7302596,0.10351387411355972,0.9222332835197449,0.8013404011726379
YER120W,YOR075W,0,-0.73075485,0.1035022959113121,0.9222332835197449,0.801440417766571
YLR015W,YMR208W,0,-0.7309282,0.10349071025848389,0.9222332835197449,0.8015404343605042
YER048W-A,YPR178W,0,-0.73104626,0.10347913950681686,0.9222332835197449,0.801640510559082
YDR248C,YPL031C,0,-0.73164797,0.10346756130456924,0.9222332835197449,0.8017405271530151
YBR231C,YAL012W,0,-0.7316693,0.10345599055290222,0.9222332835197449,0.8018405437469482
YDL075W,YMR311C,0,-0.7320967,0.1034444198012352,0.9222332835197449,0.8019405603408813
YBR156C,YCL061C,0,-0.7321087,0.10343284904956818,0.9222332835197449,0.8020406365394592
YDR347W,YDR265W,0,-0.7322428,0.10342128574848175,0.9222332835197449,0.8021406531333923
YLR126C,YDR088C,0,-0.7322932,0.10340972244739532,0.9222332835197449,0.8022406697273254
YPL195W,YML113W,0,-0.7330535,0.1033981665968895,0.9222332835197449,0.8023406863212585
YPR048W,YOL100W,0,-0.73329663,0.10338661074638367,0.9222332835197449,0.8024407029151917
YDR465C,YMR211W,0,-0.73334116,0.10337505489587784,0.9222332835197449,0.8025407791137695
YDL007W,YIR017C,0,-0.73341846,0.1033635064959526,0.9222332835197449,0.8026407957077026
YLL009C,YOR288C,0,-0.73391306,0.10335195809602737,0.9222332835197449,0.8027408123016357
YHR161C,YDR071C,0,-0.73436856,0.10334040969610214,0.9222332835197449,0.8028408288955688
YOL115W,YPL123C,1,-0.73438007,0.10344057530164719,0.9232302904129028,0.8028408288955688
YMR323W,YOR278W,1,-0.7346896,0.10354071110486984,0.9242272973060608,0.8028408288955688
YNL244C,YJL109C,0,-0.7348585,0.10352914780378342,0.9242272973060608,0.8029409050941467
YDR210W-B,YLR014C,0,-0.7354629,0.10351758450269699,0.9242272973060608,0.8030409216880798
YML034W,YDR520C,0,-0.73567116,0.10350602865219116,0.9242272973060608,0.8031409382820129
YDR495C,YNL310C,0,-0.7356913,0.10349447280168533,0.9242272973060608,0.803240954875946
YHR153C,YJL090C,0,-0.7357694,0.1034829169511795,0.9242272973060608,0.8033410310745239
YER048W-A,YMR109W,0,-0.7369851,0.10347136855125427,0.9242272973060608,0.803441047668457
YJR135W-A,YDL008W,0,-0.73702204,0.10345982015132904,0.9242272973060608,0.8035410642623901
YKL173W,YPL214C,0,-0.73736274,0.1034482792019844,0.9242272973060608,0.8036410808563232
YDR279W,YBR283C,0,-0.7374358,0.10343673080205917,0.9242272973060608,0.8037410974502563
YOR155C,YIL026C,0,-0.73751223,0.10342518985271454,0.9242272973060608,0.8038411736488342
YOR076C,YNL188W,0,-0.7379468,0.1034136563539505,0.9242272973060608,0.8039411902427673
YLR127C,YDR534C,0,-0.7380461,0.10340212285518646,0.9242272973060608,0.8040412068367004
YLR212C,YBL037W,0,-0.73824334,0.10339058935642242,0.9242272973060608,0.8041412234306335
YMR289W,YGL157W,0,-0.7395524,0.10337905585765839,0.9242272973060608,0.8042412996292114
YLR090W,YBL060W,0,-0.739677,0.10336752980947495,0.9242272973060608,0.8043413162231445
YOR356W,YER020W,0,-0.739722,0.1033560037612915,0.9242272973060608,0.8044413328170776
YPR048W,YEL054C,0,-0.739961,0.10334448516368866,0.9242272973060608,0.8045413494110107
YLR201C,YOL077C,0,-0.74056715,0.10333295911550522,0.9242272973060608,0.8046413660049438
YJR104C,YNL185C,0,-0.740852,0.10332144796848297,0.9242272973060608,0.8047414422035217
YLR266C,YKL017C,0,-0.7409942,0.10330992937088013,0.9242272973060608,0.8048414587974548
YMR128W,YPL143W,0,-0.7413196,0.10329841822385788,0.9242272973060608,0.8049414753913879
YDL101C,YGL185C,0,-0.74160194,0.10328690707683563,0.9242272973060608,0.805041491985321
YOR373W,YDL138W,0,-0.74175787,0.10327540338039398,0.9242272973060608,0.8051415681838989
YML027W,YDR239C,0,-0.7419525,0.10326389968395233,0.9242272973060608,0.805241584777832
YOR278W,YPR192W,0,-0.742003,0.10325239598751068,0.9242272973060608,0.8053416013717651
YBR022W,YNR020C,0,-0.7422174,0.10324089229106903,0.9242272973060608,0.8054416179656982
YIR015W,YHR013C,0,-0.74321955,0.10322939604520798,0.9242272973060608,0.8055416345596313
YAR015W,YOR080W,0,-0.74351585,0.10321790724992752,0.9242272973060608,0.8056417107582092
YNR050C,YNL212W,0,-0.74358183,0.10320641100406647,0.9242272973060608,0.8057417273521423
YBR245C,YOL072W,0,-0.7437571,0.10319492220878601,0.9242272973060608,0.8058417439460754
YOR182C,YAL025C,0,-0.74377584,0.10318344086408615,0.9242272973060608,0.8059417605400085
YOL065C,YMR224C,0,-0.7443062,0.1031719520688057,0.9242272973060608,0.8060418367385864
YHR067W,YBR087W,0,-0.7444092,0.10316047072410583,0.9242272973060608,0.8061418533325195
YDR322W,YBL010C,0,-0.7444624,0.10314898937940598,0.9242272973060608,0.8062418699264526
YBR156C,YAL053W,0,-0.7445846,0.10313751548528671,0.9242272973060608,0.8063418865203857
YGR220C,YPR073C,0,-0.7446512,0.10312604159116745,0.9242272973060608,0.8064419031143188
YML060W,YGR220C,0,-0.7448739,0.10311457514762878,0.9242272973060608,0.8065419793128967
YDL115C,YOR131C,0,-0.7458512,0.10310310125350952,0.9242272973060608,0.8066419959068298
YOR308C,YOR332W,0,-0.74615115,0.10309163480997086,0.9242272973060608,0.8067420125007629
YDR013W,YNL325C,0,-0.7466326,0.10308017581701279,0.9242272973060608,0.806842029094696
YPL060W,YHR167W,0,-0.746987,0.10306870937347412,0.9242272973060608,0.8069421052932739
YHR105W,YOR389W,0,-0.74731874,0.10305725038051605,0.9242272973060608,0.807042121887207
YMR188C,YKL010C,0,-0.74777234,0.10304579883813858,0.9242272973060608,0.8071421384811401
YHR167W,YPR168W,0,-0.7477963,0.10303434729576111,0.9242272973060608,0.8072421550750732
YBR264C,YML095C,0,-0.74809086,0.10302289575338364,0.9242272973060608,0.8073422312736511
YBR198C,YDR501W,0,-0.7492931,0.10301144421100616,0.9242272973060608,0.8074422478675842
YPR168W,YJR058C,0,-0.74982953,0.10300000011920929,0.9242272973060608,0.8075422644615173
YDL114W,YHR186C,0,-0.75023186,0.10298855602741241,0.9242272973060608,0.8076422810554504
YPL148C,YNL330C,0,-0.7504836,0.10297711938619614,0.9242272973060608,0.8077422976493835
YLR212C,YDR093W,0,-0.7519084,0.10296567529439926,0.9242272973060608,0.8078423738479614
YKR037C,YGR002C,0,-0.75214505,0.10295424610376358,0.9242272973060608,0.8079423904418945
YNL227C,YLR287C-A,0,-0.752175,0.1029428094625473,0.9242272973060608,0.8080424070358276
YKL011C,YKL010C,0,-0.75223166,0.10293138027191162,0.9242272973060608,0.8081424236297607
YLR109W,YIL084C,0,-0.7526003,0.10291995108127594,0.9242272973060608,0.8082424998283386
YMR037C,YPL160W,0,-0.7526674,0.10290852934122086,0.9242272973060608,0.8083425164222717
YNR011C,YPL090C,0,-0.7526965,0.10289710015058517,0.9242272973060608,0.8084425330162048
YCR094W,YNL325C,0,-0.75276643,0.10288568586111069,0.9242272973060608,0.8085425496101379
YBR022W,YNL218W,0,-0.75354373,0.1028742641210556,0.9242272973060608,0.808642566204071
YIL145C,YOR039W,0,-0.75362015,0.10286284983158112,0.9242272973060608,0.8087426424026489
YNL166C,YOL056W,0,-0.7541406,0.10285143554210663,0.9242272973060608,0.808842658996582
YHR153C,YFR006W,0,-0.75424135,0.10284002870321274,0.9242272973060608,0.8089426755905151
YOL117W,YGR220C,0,-0.7543943,0.10282862186431885,0.9242272973060608,0.8090426921844482
YGL119W,YOR257W,0,-0.7548038,0.10281721502542496,0.9242272973060608,0.8091427683830261
YMR289W,YJL097W,1,-0.75530064,0.10291671007871628,0.9252243041992188,0.8091427683830261
YLR106C,YLR040C,0,-0.75550675,0.10290530323982239,0.9252243041992188,0.8092427849769592
YGL211W,YKL116C,0,-0.7561179,0.1028938889503479,0.9252243041992188,0.8093428015708923
YDL141W,YKR037C,0,-0.7562214,0.10288248211145401,0.9252243041992188,0.8094428181648254
YOR179C,YJL156C,0,-0.7564969,0.10287107527256012,0.9252243041992188,0.8095428347587585
YNL306W,YMR071C,0,-0.75731313,0.10285967588424683,0.9252243041992188,0.8096429109573364
YBR273C,YJL136C,0,-0.7573173,0.10284827649593353,0.9252243041992188,0.8097429275512695
YBR058C-A,YGR279C,0,-0.75738,0.10283687710762024,0.9252243041992188,0.8098429441452026
YDR425W,YER174C,0,-0.75747716,0.10282548516988754,0.9252243041992188,0.8099429607391357
YLR448W,YER173W,0,-0.75823647,0.10281409323215485,0.9252243041992188,0.8100430369377136
YGR029W,YDL200C,0,-0.7582873,0.10280270129442215,0.9252243041992188,0.8101430535316467
YMR289W,YIL009C-A,0,-0.75912714,0.10279131680727005,0.9252243041992188,0.8102430701255798
YGL251C,YCR010C,0,-0.75992256,0.10277993232011795,0.9252243041992188,0.8103430867195129
YGL213C,YIL093C,0,-0.7606867,0.10276854783296585,0.9252243041992188,0.810443103313446
YHR086W,YOR127W,0,-0.7608508,0.10275717079639435,0.9252243041992188,0.8105431795120239
YJR094W-A,YLR438C-A,0,-0.7619545,0.10274579375982285,0.9252243041992188,0.810643196105957
YPL172C,YML063W,0,-0.7623616,0.10273441672325134,0.9252243041992188,0.8107432126998901
YMR298W,YER068W,0,-0.76303005,0.10272304713726044,0.9252243041992188,0.8108432292938232
YOR066W,YJR033C,0,-0.7633463,0.10271167755126953,0.9252243041992188,0.8109433054924011
YPR132W,YDR326C,0,-0.764382,0.10270030796527863,0.9252243041992188,0.8110433220863342
YGR087C,YJL060W,1,-0.7644968,0.10279960185289383,0.9262213110923767,0.8110433220863342
YML027W,YGL232W,0,-0.76547015,0.10278822481632233,0.9262213110923767,0.8111433386802673
YKL183W,YPL033C,0,-0.7656502,0.10277685523033142,0.9262213110923767,0.8112433552742004
YMR100W,YAR010C,0,-0.7660821,0.10276548564434052,0.9262213110923767,0.8113434314727783
YDR014W,YDR390C,0,-0.7667427,0.1027541235089302,0.9262213110923767,0.8114434480667114
YPL157W,YOL120C,0,-0.76735747,0.1027427539229393,0.9262213110923767,0.8115434646606445
YIL160C,YHR011W,0,-0.76759076,0.10273139178752899,0.9262213110923767,0.8116434812545776
YLR086W,YLR109W,0,-0.76759076,0.10272003710269928,0.9262213110923767,0.8117434978485107
YOR373W,YDR368W,0,-0.7676755,0.10270868241786957,0.9262213110923767,0.8118435740470886
YKL116C,YHR064C,0,-0.7678415,0.10269732773303986,0.9262213110923767,0.8119435906410217
YDL108W,YGL031C,0,-0.7678985,0.10268597304821014,0.9262213110923767,0.8120436072349548
YER070W,YLL022C,0,-0.76803195,0.10267462581396103,0.9262213110923767,0.8121436238288879
YDL051W,YLR414C,0,-0.7688563,0.10266327857971191,0.9262213110923767,0.8122437000274658
YAR019C,YDR322W,0,-0.7689693,0.1026519313454628,0.9262213110923767,0.8123437166213989
YMR016C,YLR427W,0,-0.7690753,0.10264059156179428,0.9262213110923767,0.812443733215332
YDR018C,YBR160W,0,-0.76917315,0.10262925177812576,0.9262213110923767,0.8125437498092651
YER051W,YOL019W,0,-0.7692083,0.10261791944503784,0.9262213110923767,0.8126437664031982
YOR228C,YHR036W,0,-0.7694606,0.10260657966136932,0.9262213110923767,0.8127438426017761
YAR019C,YGR154C,0,-0.7698066,0.102595254778862,0.9262213110923767,0.8128438591957092
YJR013W,YMR224C,0,-0.7699776,0.10258392244577408,0.9262213110923767,0.8129438757896423
YNL188W,YDR239C,0,-0.77010983,0.10257259756326675,0.9262213110923767,0.8130438923835754
YER044C,YBR058C-A,0,-0.7707355,0.10256127268075943,0.9262213110923767,0.8131439685821533
YOL019W,YCR054C,0,-0.77170545,0.1025499477982521,0.9262213110923767,0.8132439851760864
YPR063C,YNR047W,0,-0.7719188,0.10253863036632538,0.9262213110923767,0.8133440017700195
YDR531W,YDR478W,0,-0.7736839,0.10252731293439865,0.9262213110923767,0.8134440183639526
YMR289W,YDL143W,0,-0.7737162,0.10251600295305252,0.9262213110923767,0.8135440349578857
YGL095C,YHR070W,0,-0.7739289,0.10250469297170639,0.9262213110923767,0.8136441111564636
YDR239C,YML060W,0,-0.7751412,0.10249338299036026,0.9262213110923767,0.8137441277503967
YBR159W,YDR060W,0,-0.7751525,0.10248207300901413,0.9262213110923767,0.8138441443443298
YPR096C,YGR075C,0,-0.7754881,0.1024707704782486,0.9262213110923767,0.8139441609382629
YLR045C,YNR047W,0,-0.77552867,0.10245946794748306,0.9262213110923767,0.8140442371368408
YIL150C,YER083C,0,-0.77719307,0.10244817286729813,0.9262213110923767,0.8141442537307739
YER148W,YMR130W,0,-0.7775398,0.10243687033653259,0.9262213110923767,0.814244270324707
YGL185C,YOL072W,0,-0.77760535,0.10242557525634766,0.9262213110923767,0.8143442869186401
YBR213W,YJL005W,1,-0.77892745,0.1025245264172554,0.9272183179855347,0.8143442869186401
YDL195W,YLR381W,0,-0.7792041,0.10251322388648987,0.9272183179855347,0.8144443035125732
YGL089C,YHR167W,0,-0.7794377,0.10250192880630493,0.9272183179855347,0.8145443797111511
YOL007C,YNL189W,0,-0.77989095,0.10249063372612,0.9272183179855347,0.8146443963050842
YBL020W,YGL106W,0,-0.78087294,0.10247933864593506,0.9272183179855347,0.8147444128990173
YDR238C,YMR022W,0,-0.7815167,0.10246805101633072,0.9272183179855347,0.8148444294929504
YOR242C,YHR064C,0,-0.7825302,0.10245675593614578,0.9272183179855347,0.8149445056915283
YIL138C,YEL021W,0,-0.78288627,0.10244547575712204,0.9272183179855347,0.8150445222854614
YPR049C,YOR150W,0,-0.78320515,0.1024341881275177,0.9272183179855347,0.8151445388793945
YPL106C,YDR253C,0,-0.7838541,0.10242290794849396,0.9272183179855347,0.8152445554733276
YML060W,YKL211C,1,-0.7844563,0.10252174735069275,0.9282153248786926,0.8152445554733276
YMR247C,YNL227C,0,-0.78503245,0.10251045972108841,0.9282153248786926,0.8153446316719055
YOL005C,YER113C,0,-0.7852752,0.10249917209148407,0.9282153248786926,0.8154446482658386
YBR205W,YCL066W,0,-0.78588235,0.10248789191246033,0.9282153248786926,0.8155446648597717
YHR031C,YOR246C,0,-0.7862246,0.10247661173343658,0.9282153248786926,0.8156446814537048
YIL034C,YJL090C,0,-0.7863117,0.10246533155441284,0.9282153248786926,0.8157446980476379
YBL061C,YDR362C,0,-0.7863841,0.1024540588259697,0.9282153248786926,0.8158447742462158
YHR153C,YDR236C,0,-0.7866652,0.10244277864694595,0.9282153248786926,0.8159447908401489
YMR100W,YDL127W,0,-0.7869781,0.1024315133690834,0.9282153248786926,0.816044807434082
YCL061C,YIL026C,0,-0.7870062,0.10242024064064026,0.9282153248786926,0.8161448240280151
YDR316W-A,YER159C-A,0,-0.787336,0.10240897536277771,0.9282153248786926,0.816244900226593
YMR139W,YDL108W,0,-0.78751236,0.10239771008491516,0.9282153248786926,0.8163449168205261
YML094W,YJR059W,0,-0.78778815,0.10238645225763321,0.9282153248786926,0.8164449334144592
YGL089C,YDL180W,0,-0.78790796,0.10237519443035126,0.9282153248786926,0.8165449500083923
YNR020C,YDR014W,0,-0.78796816,0.1023639366030693,0.9282153248786926,0.8166449666023254
YDL056W,YNL149C,0,-0.78946596,0.10235267877578735,0.9282153248786926,0.8167450428009033
YGL211W,YLR010C,0,-0.78947306,0.102341428399086,0.9282153248786926,0.8168450593948364
YLR170C,YJR098C,0,-0.79004323,0.10233018547296524,0.9282153248786926,0.8169450759887695
YDL185W,YHR129C,0,-0.79009074,0.10231893509626389,0.9282153248786926,0.8170450925827026
YLR040C,YJR089W,0,-0.79016465,0.10230769217014313,0.9282153248786926,0.8171451687812805
YOR167C,YNR011C,0,-0.7905255,0.10229644924402237,0.9282153248786926,0.8172451853752136
YMR223W,YIL112W,0,-0.79108167,0.10228521376848221,0.9282153248786926,0.8173452019691467
YDR531W,YBR123C,0,-0.7914589,0.10227397829294205,0.9282153248786926,0.8174452185630798
YBL017C,YHR025W,0,-0.79236007,0.10226274281740189,0.9282153248786926,0.8175452351570129
YDR253C,YGR047C,0,-0.7925311,0.10225150734186172,0.9282153248786926,0.8176453113555908
YEL064C,YMR071C,0,-0.79307675,0.10224027931690216,0.9282153248786926,0.8177453279495239
YBR283C,YER089C,0,-0.79326606,0.1022290512919426,0.9282153248786926,0.817845344543457
YLR343W,YOR036W,0,-0.79357684,0.10221783071756363,0.9282153248786926,0.8179453611373901
YGL184C,YBR248C,1,-0.7937945,0.10231638699769974,0.9292123913764954,0.8179453611373901
YML042W,YBL010C,0,-0.7940047,0.10230515897274017,0.9292123913764954,0.818045437335968
YLR090W,YJL008C,0,-0.794181,0.10229393094778061,0.9292123913764954,0.8181454539299011
YDR448W,YOR233W,0,-0.7942645,0.10228270292282104,0.9292123913764954,0.8182454705238342
YGR156W,YNL244C,0,-0.7945268,0.10227148234844208,0.9292123913764954,0.8183454871177673
YOL052C,YEL046C,1,-0.7954835,0.10236997902393341,0.9302093982696533,0.8183454871177673
YLR439W,YFL044C,0,-0.79598564,0.10235875099897385,0.9302093982696533,0.8184455633163452
YKL087C,YLR089C,1,-0.79691064,0.10245721787214279,0.9312064051628113,0.8184455633163452
YLR448W,YJL041W,0,-0.7969762,0.10244598239660263,0.9312064051628113,0.8185455799102783
YML037C,YLR441C,0,-0.7971158,0.10243474692106247,0.9312064051628113,0.8186455965042114
YDR440W,YBL074C,0,-0.7972542,0.10242351144552231,0.9312064051628113,0.8187456130981445
YLR396C,YKR061W,0,-0.79749995,0.10241228342056274,0.9312064051628113,0.8188456296920776
YJR104C,YBL057C,0,-0.7975204,0.10240105539560318,0.9312064051628113,0.8189457058906555
YBL060W,YEL016C,0,-0.7978604,0.10238982737064362,0.9312064051628113,0.8190457224845886
YBR160W,YJR143C,0,-0.79791117,0.10237860679626465,0.9312064051628113,0.8191457390785217
YPL206C,YHR023W,0,-0.7980302,0.10236738622188568,0.9312064051628113,0.8192457556724548
YDR440W,YIL172C,0,-0.7980375,0.10235616564750671,0.9312064051628113,0.8193458318710327
YJR029W,YNL128W,0,-0.7982733,0.10234494507312775,0.9312064051628113,0.8194458484649658
YCR020C,YPL157W,0,-0.79835534,0.10233373194932938,0.9312064051628113,0.8195458650588989
YOL138C,YDR013W,0,-0.7985796,0.1023225262761116,0.9312064051628113,0.819645881652832
YBL078C,YPR186C,0,-0.7987367,0.10231131315231323,0.9312064051628113,0.8197458982467651
YMR289W,YML060W,1,-0.7990742,0.10240963846445084,0.9322034120559692,0.8197458982467651
YIL084C,YGL227W,0,-0.7998469,0.10239842534065247,0.9322034120559692,0.819845974445343
YGL249W,YCR094W,0,-0.7999119,0.1023872122168541,0.9322034120559692,0.8199459910392761
YMR080C,YER025W,0,-0.8000591,0.10237599909305573,0.9322034120559692,0.8200460076332092
YOL067C,YBL054W,0,-0.8008607,0.10236479341983795,0.9322034120559692,0.8201460242271423
YOR167C,YMR045C,0,-0.8009147,0.10235358774662018,0.9322034120559692,0.8202461004257202
YGL196W,YEL021W,1,-0.8026153,0.10245183855295181,0.9332004189491272,0.8202461004257202
YKL211C,YDR538W,1,-0.80317813,0.10255007445812225,0.9341974258422852,0.8202461004257202
YML040W,YPL068C,0,-0.8032682,0.10253884643316269,0.9341974258422852,0.8203461170196533
YAL043C,YLR127C,0,-0.80343604,0.10252762585878372,0.9341974258422852,0.8204461336135864
YPL177C,YBL037W,0,-0.8045861,0.10251641273498535,0.9341974258422852,0.8205461502075195
YER029C,YMR257C,0,-0.80502826,0.10250519961118698,0.9341974258422852,0.8206461668014526
YNR011C,YPR070W,0,-0.80545354,0.10249398648738861,0.9341974258422852,0.8207462430000305
YDL195W,YPL160W,0,-0.8054671,0.10248277336359024,0.9341974258422852,0.8208462595939636
YPR108W,YGR116W,0,-0.80627495,0.10247156769037247,0.9341974258422852,0.8209462761878967
YMR080C,YIL078W,0,-0.80635035,0.1024603620171547,0.9341974258422852,0.8210462927818298
YMR235C,YDL180W,0,-0.8072698,0.10244915634393692,0.9341974258422852,0.8211463689804077
YOR127W,YPL123C,0,-0.80728716,0.10243795812129974,0.9341974258422852,0.8212463855743408
YPR049C,YMR098C,0,-0.80737925,0.10242675989866257,0.9341974258422852,0.8213464021682739
YCL063W,YDR507C,0,-0.80760634,0.10241556167602539,0.9341974258422852,0.821446418762207
YML095C,YLR120C,0,-0.80824625,0.10240437090396881,0.9341974258422852,0.8215464353561401
YPL194W,YCL047C,0,-0.8083886,0.10239318013191223,0.9341974258422852,0.821646511554718
YOL138C,YPL074W,0,-0.8084518,0.10238198935985565,0.9341974258422852,0.8217465281486511
YNR011C,YDR503C,0,-0.8086287,0.10237080603837967,0.9341974258422852,0.8218465447425842
YEL061C,YNL149C,0,-0.80883145,0.10235962271690369,0.9341974258422852,0.8219465613365173
YPL195W,YNL191W,0,-0.80950713,0.1023484468460083,0.9341974258422852,0.8220466375350952
YPR168W,YPR108W,0,-0.8099437,0.10233726352453232,0.9341974258422852,0.8221466541290283
YDL080C,YJL005W,1,-0.81009793,0.10243529826402664,0.9351944327354431,0.8221466541290283
YGR002C,YER153C,0,-0.81085443,0.10242410749197006,0.9351944327354431,0.8222466707229614
YOR143C,YIL009C-A,0,-0.81136864,0.10241292417049408,0.9351944327354431,0.8223466873168945
YLR192C,YNL212W,0,-0.8117173,0.1024017482995987,0.9351944327354431,0.8224467635154724
YLR238W,YIR009W,0,-0.81178945,0.10239057242870331,0.9351944327354431,0.8225467801094055
YBR012W-A,YIL171W,0,-0.8118291,0.10237939655780792,0.9351944327354431,0.8226467967033386
YMR016C,YOL007C,0,-0.8121599,0.10236822068691254,0.9351944327354431,0.8227468132972717
YBR264C,YIL084C,0,-0.81242853,0.10235705226659775,0.9351944327354431,0.8228468298912048
YPL091W,YNL098C,0,-0.8124676,0.10234588384628296,0.9351944327354431,0.8229469060897827
YKL184W,YDR047W,1,-0.8128187,0.10244381427764893,0.9361914396286011,0.8229469060897827
YHL008C,YPL033C,0,-0.8136326,0.10243263840675354,0.9361914396286011,0.8230469226837158
YAR015W,YKL100C,0,-0.8139463,0.10242146253585815,0.9361914396286011,0.8231469392776489
YLR201C,YLR381W,0,-0.8139799,0.10241029411554337,0.9361914396286011,0.823246955871582
YPR186C,YER112W,0,-0.81400234,0.10239912569522858,0.9361914396286011,0.8233470320701599
YER027C,YDL019C,0,-0.8140571,0.10238796472549438,0.9361914396286011,0.823447048664093
YFR015C,YOR347C,0,-0.8149089,0.1023767963051796,0.9361914396286011,0.8235470652580261
YDR531W,YPR073C,0,-0.8149551,0.1023656353354454,0.9361914396286011,0.8236470818519592
YML085C,YNL213C,0,-0.81520057,0.10235448181629181,0.9361914396286011,0.8237470984458923
YDR347W,YOR076C,0,-0.8155031,0.10234332084655762,0.9361914396286011,0.8238471746444702
YBR240C,YPR166C,0,-0.8159751,0.10233216732740402,0.9361914396286011,0.8239471912384033
YER029C,YGR075C,0,-0.81602234,0.10232102125883102,0.9361914396286011,0.8240472078323364
YOL125W,YHR186C,0,-0.81645733,0.10230986773967743,0.9361914396286011,0.8241472244262695
YCR009C,YLR287C-A,0,-0.8168206,0.10229872167110443,0.9361914396286011,0.8242473006248474
YEL038W,YOR116C,0,-0.81687665,0.10228758305311203,0.9361914396286011,0.8243473172187805
YDR253C,YBR009C,0,-0.8169373,0.10227643698453903,0.9361914396286011,0.8244473338127136
YJR033C,YMR012W,0,-0.81722987,0.10226529836654663,0.9361914396286011,0.8245473504066467
YJR029W,YLL035W,0,-0.81734896,0.10225416719913483,0.9361914396286011,0.8246473670005798
YHR101C,YLR265C,0,-0.8174671,0.10224302858114243,0.9361914396286011,0.8247474431991577
YKR104W,YNL268W,0,-0.8176354,0.10223189741373062,0.9361914396286011,0.8248474597930908
YBR264C,YGL095C,0,-0.8177148,0.10222077369689941,0.9361914396286011,0.8249474763870239
YGL119W,YKR048C,0,-0.817791,0.10220964252948761,0.9361914396286011,0.825047492980957
YML012W,YER173W,0,-0.8182659,0.1021985188126564,0.9361914396286011,0.8251475691795349
YKR072C,YNR033W,1,-0.81828785,0.10229622572660446,0.937188446521759,0.8251475691795349
YJL046W,YKL116C,0,-0.8184061,0.10228509455919266,0.937188446521759,0.825247585773468
YKL088W,YBR213W,1,-0.81853867,0.10238276422023773,0.938185453414917,0.825247585773468
YGL232W,YML009C,0,-0.81921524,0.10237162560224533,0.938185453414917,0.8253476023674011
YPL106C,YOR075W,0,-0.8193271,0.10236049443483353,0.938185453414917,0.8254476189613342
YPR048W,YMR071C,0,-0.8195721,0.10234935581684113,0.938185453414917,0.8255476355552673
YBR207W,YKR048C,0,-0.8198849,0.10233822464942932,0.938185453414917,0.8256477117538452
YPR073C,YGR116W,0,-0.81990576,0.10232710093259811,0.938185453414917,0.8257477283477783
YNL169C,YEL021W,1,-0.8202306,0.10242470353841782,0.939182460308075,0.8257477283477783
YOR143C,YDR239C,0,-0.82087654,0.10241356492042542,0.939182460308075,0.8258477449417114
YNL191W,YML115C,0,-0.8209882,0.10240243375301361,0.939182460308075,0.8259477615356445
YOR257W,YAL025C,0,-0.8213343,0.1023913025856018,0.939182460308075,0.8260478377342224
YAL020C,YPL258C,0,-0.8213832,0.1023801788687706,0.939182460308075,0.8261478543281555
YAR019C,YJR134C,0,-0.82174206,0.1023690477013588,0.939182460308075,0.8262478709220886
YMR224C,YBL020W,0,-0.8223748,0.10235792398452759,0.939182460308075,0.8263478875160217
YGL155W,YNL151C,0,-0.82299423,0.10234680771827698,0.939182460308075,0.8264479637145996
YJR139C,YMR285C,0,-0.8237249,0.10233568400144577,0.939182460308075,0.8265479803085327
YOL125W,YFR007W,0,-0.82377106,0.10232456773519516,0.939182460308075,0.8266479969024658
YNL185C,YBL021C,0,-0.8246945,0.10231345891952515,0.939182460308075,0.8267480134963989
YER027C,YPR032W,0,-0.82502216,0.10230234265327454,0.939182460308075,0.826848030090332
YHR021C,YJL065C,0,-0.8253939,0.10229123383760452,0.939182460308075,0.8269481062889099
YDL115C,YDR093W,0,-0.8256835,0.1022801324725151,0.939182460308075,0.827048122882843
YGL251C,YPR108W,0,-0.8258703,0.10226902365684509,0.939182460308075,0.8271481394767761
YMR150C,YDL008W,0,-0.82594174,0.10225792229175568,0.939182460308075,0.8272481560707092
YJL044C,YOL120C,0,-0.82627165,0.10224682837724686,0.939182460308075,0.8273482322692871
YDR510W,YBR058C-A,0,-0.8265028,0.10223572701215744,0.939182460308075,0.8274482488632202
YDR511W,YJL156C,0,-0.8265275,0.10222463309764862,0.939182460308075,0.8275482654571533
YIR002C,YNL146W,0,-0.82672197,0.1022135391831398,0.939182460308075,0.8276482820510864
YCR053W,YIL168W,1,-0.82678837,0.10231094807386398,0.9401794672012329,0.8276482820510864
YNL049C,YIL090W,0,-0.8268596,0.10229984670877457,0.9401794672012329,0.8277482986450195
YBR082C,YPR021C,0,-0.8281826,0.10228875279426575,0.9401794672012329,0.8278483748435974
YDR400W,YGR135W,0,-0.828217,0.10227765887975693,0.9401794672012329,0.8279483914375305
YDR055W,YDL130W-A,0,-0.8282602,0.10226656496524811,0.9401794672012329,0.8280484080314636
YMR130W,YNL210W,0,-0.8289624,0.10225547850131989,0.9401794672012329,0.8281484246253967
YMR264W,YHR153C,0,-0.8290739,0.10224439203739166,0.9401794672012329,0.8282485008239746
YGR274C,YIL072W,0,-0.82926106,0.10223330557346344,0.9401794672012329,0.8283485174179077
YDR479C,YJR135C,0,-0.8303094,0.10222221910953522,0.9401794672012329,0.8284485340118408
YLR207W,YOL109W,0,-0.8306546,0.10221114009618759,0.9401794672012329,0.8285485506057739
YFR015C,YPL172C,0,-0.8307451,0.10220006853342056,0.9401794672012329,0.828648567199707
YLR238W,YHR064C,0,-0.830909,0.10218898952007294,0.9401794672012329,0.8287486433982849
YDR334W,YDL180W,0,-0.8314383,0.10217791795730591,0.9401794672012329,0.828848659992218
YNL098C,YMR109W,0,-0.83193386,0.10216684639453888,0.9401794672012329,0.8289486765861511
YLR283W,YNL007C,0,-0.8320464,0.10215578228235245,0.9401794672012329,0.8290486931800842
YNL227C,YDR320C,0,-0.832581,0.10214471071958542,0.9401794672012329,0.8291487693786621
YAL035W,YGR002C,0,-0.83288145,0.10213365405797958,0.9401794672012329,0.8292487859725952
YDR046C,YAL003W,0,-0.8329197,0.10212258994579315,0.9401794672012329,0.8293488025665283
YDL231C,YBR231C,0,-0.8337625,0.10211153328418732,0.9401794672012329,0.8294488191604614
YIL084C,YKR030W,0,-0.83409894,0.10210047662258148,0.9401794672012329,0.8295488357543945
YDL127W,YJR029W,0,-0.8346114,0.10208941996097565,0.9401794672012329,0.8296489119529724
YDL043C,YDR126W,0,-0.8348454,0.10207837074995041,0.9401794672012329,0.8297489285469055
YML037C,YAL025C,0,-0.8350846,0.10206732153892517,0.9401794672012329,0.8298489451408386
YDR466W,YGR184C,0,-0.8355658,0.10205627977848053,0.9401794672012329,0.8299489617347717
YGL089C,YER148W,0,-0.8359053,0.10204523056745529,0.9401794672012329,0.8300490379333496
YGL223C,YIL090W,0,-0.8360339,0.10203418880701065,0.9401794672012329,0.8301490545272827
YBL024W,YGR116W,0,-0.83619475,0.1020231544971466,0.9401794672012329,0.8302490711212158
YHR067W,YOL007C,0,-0.83633894,0.10201211273670197,0.9401794672012329,0.8303490877151489
YHR167W,YLL022C,0,-0.8364274,0.10200107842683792,0.9401794672012329,0.8304491639137268
YAL039C,YBR213W,1,-0.83647513,0.10209820419549942,0.9411764740943909,0.8304491639137268
YPR048W,YML104C,0,-0.83665705,0.10208716243505478,0.9411764740943909,0.8305491805076599
YHL044W,YNL129W,0,-0.83673507,0.10207612812519073,0.9411764740943909,0.830649197101593
YGR104C,YMR289W,0,-0.8367679,0.1020650863647461,0.9411764740943909,0.8307492136955261
YMR051C,YBL023C,0,-0.83700573,0.10205405205488205,0.9411764740943909,0.8308492302894592
YOR080W,YDR362C,0,-0.83761984,0.1020430251955986,0.9411764740943909,0.8309493064880371
YML104C,YBR160W,0,-0.8377104,0.10203199088573456,0.9411764740943909,0.8310493230819702
YDR465C,YCL063W,0,-0.8388815,0.10202096402645111,0.9411764740943909,0.8311493396759033
YNL280C,YDR503C,0,-0.8389213,0.10200994461774826,0.9411764740943909,0.8312493562698364
YIL027C,YLL001W,0,-0.83913434,0.10199891775846481,0.9411764740943909,0.8313494324684143
YML060W,YJL060W,1,-0.83914554,0.10209593921899796,0.9421734809875488,0.8313494324684143
YHL044W,YER111C,0,-0.8394747,0.10208491235971451,0.9421734809875488,0.8314494490623474
YGR026W,YNL227C,0,-0.83952737,0.10207388550043106,0.9421734809875488,0.8315494656562805
YNL129W,YPR168W,0,-0.8397019,0.10206285864114761,0.9421734809875488,0.8316494822502136
YMR289W,YLR134W,1,-0.839702,0.10215982794761658,0.9431704878807068,0.8316494822502136
YMR211W,YGL123W,0,-0.8404536,0.10214879363775253,0.9431704878807068,0.8317494988441467
YKL143W,YDL017W,0,-0.8405691,0.10213776677846909,0.9431704878807068,0.8318495750427246
YHR101C,YMR289W,0,-0.840975,0.10212673991918564,0.9431704878807068,0.8319495916366577
YHR153C,YMR042W,0,-0.84102714,0.10211571305990219,0.9431704878807068,0.8320496082305908
YNL185C,YHR017W,0,-0.84114385,0.10210469365119934,0.9431704878807068,0.8321496248245239
YML012W,YOR270C,0,-0.84118855,0.10209367424249649,0.9431704878807068,0.8322497010231018
YML116W,YNL191W,0,-0.84145355,0.10208266228437424,0.9431704878807068,0.8323497176170349
YPL148C,YDL166C,0,-0.84155357,0.10207164287567139,0.9431704878807068,0.832449734210968
YIR015W,YNL339C,0,-0.84170115,0.10206063091754913,0.9431704878807068,0.8325497508049011
YGL210W,YPL202C,0,-0.8418505,0.10204961895942688,0.9431704878807068,0.8326497673988342
YDR533C,YPR166C,0,-0.84213686,0.10203861445188522,0.9431704878807068,0.8327498435974121
YML015C,YJR155W,0,-0.8426802,0.10202760994434357,0.9431704878807068,0.8328498601913452
YMR080C,YOL100W,0,-0.84285796,0.10201660543680191,0.9431704878807068,0.8329498767852783
YEL013W,YML077W,0,-0.8433162,0.10200560837984085,0.9431704878807068,0.8330498933792114
YAL053W,YPL028W,0,-0.84342825,0.10199461132287979,0.9431704878807068,0.8331499695777893
YJR025C,YHR147C,0,-0.8440705,0.10198361426591873,0.9431704878807068,0.8332499861717224
YOR061W,YPR019W,0,-0.84609187,0.10197261720895767,0.9431704878807068,0.8333500027656555
YDR503C,YER082C,0,-0.846134,0.10196162760257721,0.9431704878807068,0.8334500193595886
YAL034W-A,YLR306W,0,-0.8461849,0.10195063799619675,0.9431704878807068,0.8335500359535217
YGL106W,YML063W,0,-0.8474204,0.10193965584039688,0.9431704878807068,0.8336501121520996
YOR278W,YHR028C,0,-0.8475166,0.10192867368459702,0.9431704878807068,0.8337501287460327
YNL280C,YJR135C,0,-0.8475735,0.10191769152879715,0.9431704878807068,0.8338501453399658
YLR201C,YBR012W-B,0,-0.84844255,0.10190670937299728,0.9431704878807068,0.8339501619338989
YOR391C,YIL115C,0,-0.84866816,0.10189573466777802,0.9431704878807068,0.8340502381324768
YGL040C,YBR213W,1,-0.84906805,0.10199245810508728,0.9441674947738647,0.8340502381324768
YBR041W,YGR106C,0,-0.84913003,0.10198147594928741,0.9441674947738647,0.8341502547264099
YER099C,YER025W,0,-0.8492143,0.10197049379348755,0.9441674947738647,0.834250271320343
YCR039C,YDR390C,0,-0.84936863,0.10195951908826828,0.9441674947738647,0.8343502879142761
YDR313C,YMR285C,0,-0.84936976,0.10194854438304901,0.9441674947738647,0.834450364112854
YFR008W,YLR172C,0,-0.85013926,0.10193756967782974,0.9441674947738647,0.8345503807067871
YDR060W,YIL090W,0,-0.8501725,0.10192659497261047,0.9441674947738647,0.8346503973007202
YBR058C-A,YAL012W,0,-0.85140043,0.1019156277179718,0.9441674947738647,0.8347504138946533
YLR276C,YLR207W,0,-0.85145754,0.10190466046333313,0.9441674947738647,0.8348504304885864
YGL035C,YMR051C,0,-0.85154635,0.10189369320869446,0.9441674947738647,0.8349505066871643
YJL125C,YPL174C,0,-0.85191417,0.10188273340463638,0.9441674947738647,0.8350505232810974
YNL310C,YLR438C-A,0,-0.8523018,0.10187177360057831,0.9441674947738647,0.8351505398750305
YOL120C,YLR010C,0,-0.8526937,0.10186081379652023,0.9441674947738647,0.8352505564689636
YPL214C,YNL289W,0,-0.85409474,0.10184986144304276,0.9441674947738647,0.8353506326675415
YML015C,YNL151C,0,-0.8544302,0.10183890908956528,0.9441674947738647,0.8354506492614746
YLR096W,YGR063C,0,-0.8547535,0.1018279567360878,0.9441674947738647,0.8355506658554077
YGL135W,YKL116C,0,-0.85475767,0.10181701183319092,0.9441674947738647,0.8356506824493408
YCR092C,YHR099W,0,-0.85495925,0.10180606693029404,0.9441674947738647,0.8357506990432739
YBR176W,YGR009C,0,-0.85505617,0.10179512202739716,0.9441674947738647,0.8358507752418518
YNR061C,YPR122W,0,-0.8550757,0.10178417712450027,0.9441674947738647,0.8359507918357849
YOR096W,YHR171W,0,-0.8554567,0.10177323967218399,0.9441674947738647,0.836050808429718
YMR298W,YAL044C,0,-0.85571426,0.1017623022198677,0.9441674947738647,0.8361508250236511
YOR037W,YPL074W,0,-0.855901,0.10175137221813202,0.9441674947738647,0.836250901222229
YMR233W,YBR009C,0,-0.8559642,0.10174043476581573,0.9441674947738647,0.8363509178161621
YMR306W,YER045C,0,-0.85610825,0.10172951221466064,0.9441674947738647,0.8364509344100952
YNL039W,YDR487C,0,-0.8563266,0.10171858221292496,0.9441674947738647,0.8365509510040283
YKL114C,YJR130C,1,-0.85734963,0.10181505978107452,0.9451645016670227,0.8365509510040283
YER083C,YLR418C,0,-0.85763663,0.10180412232875824,0.9451645016670227,0.8366509675979614
YML074C,YDR047W,0,-0.85811543,0.10179319232702255,0.9451645016670227,0.8367510437965393
YHR086W,YGR062C,0,-0.85859585,0.10178226232528687,0.9451645016670227,0.8368510603904724
YCR096C,YDL115C,0,-0.85861564,0.10177133977413177,0.9451645016670227,0.8369510769844055
YMR016C,YJL008C,0,-0.8589078,0.10176040977239609,0.9451645016670227,0.8370510935783386
YER065C,YBL019W,1,-0.85924935,0.10185682028532028,0.9461615085601807,0.8370510935783386
YDR315C,YLR147C,0,-0.85960776,0.1018458902835846,0.9461615085601807,0.8371511697769165
YBL078C,YDR128W,0,-0.8599881,0.10183496028184891,0.9461615085601807,0.8372511863708496
YMR316W,YMR264W,0,-0.86025685,0.10182403773069382,0.9461615085601807,0.8373512029647827
YDR052C,YPL059W,0,-0.8603506,0.10181310772895813,0.9461615085601807,0.8374512195587158
YOL077C,YMR204C,0,-0.86144465,0.10180218517780304,0.9461615085601807,0.8375512361526489
YDL164C,YNL292W,0,-0.8614643,0.10179127007722855,0.9461615085601807,0.8376513123512268
YJR135C,YJR089W,0,-0.861673,0.10178035497665405,0.9461615085601807,0.8377513289451599
YOR182C,YBL023C,0,-0.8628124,0.10176943987607956,0.9461615085601807,0.837851345539093
YJR110W,YKL017C,0,-0.86301506,0.10175852477550507,0.9461615085601807,0.8379513621330261
YNL001W,YLR403W,0,-0.8630822,0.10174761712551117,0.9461615085601807,0.838051438331604
YAL021C,YMR109W,0,-0.86354256,0.10173670947551727,0.9461615085601807,0.8381514549255371
YNL244C,YDR330W,0,-0.863758,0.10172580182552338,0.9461615085601807,0.8382514715194702
YNL119W,YDR486C,0,-0.8640467,0.10171490162611008,0.9461615085601807,0.8383514881134033
YOL133W,YOR075W,0,-0.8640822,0.10170399397611618,0.9461615085601807,0.8384515643119812
YBL078C,YAL021C,0,-0.8643714,0.10169310122728348,0.9461615085601807,0.8385515809059143
YOR308C,YIR015W,0,-0.86438453,0.10168220102787018,0.9461615085601807,0.8386515974998474
YMR224C,YDR130C,0,-0.864495,0.10167130827903748,0.9461615085601807,0.8387516140937805
YPL269W,YCR028C,0,-0.86458755,0.10166041553020477,0.9461615085601807,0.8388516306877136
YML082W,YBL019W,1,-0.86470234,0.10175663977861404,0.9471585154533386,0.8388516306877136
YDR465C,YNR047W,0,-0.8650913,0.10174573957920074,0.9471585154533386,0.8389517068862915
YDR424C,YIL171W,0,-0.8652506,0.10173484683036804,0.9471585154533386,0.8390517234802246
YGL147C,YER082C,0,-0.8660906,0.10172395408153534,0.9471585154533386,0.8391517400741577
YML113W,YPL155C,0,-0.86624354,0.10171306133270264,0.9471585154533386,0.8392517566680908
YOR278W,YDL130W,0,-0.8664448,0.10170217603445053,0.9471585154533386,0.8393518328666687
YGL128C,YNL268W,0,-0.8664681,0.10169128328561783,0.9471585154533386,0.8394518494606018
YHR172W,YGR274C,0,-0.8667261,0.10168040543794632,0.9471585154533386,0.8395518660545349
YCL063W,YNL227C,0,-0.86709356,0.10166952013969421,0.9471585154533386,0.839651882648468
YPR063C,YOR242C,0,-0.8671309,0.1016586422920227,0.9471585154533386,0.8397518992424011
YHL040C,YAR007C,0,-0.86747736,0.1016477644443512,0.9471585154533386,0.839851975440979
YGL035C,YJL164C,0,-0.8677213,0.10163688659667969,0.9471585154533386,0.8399519920349121
YLR283W,YIL026C,0,-0.86816907,0.10162601619958878,0.9471585154533386,0.8400520086288452
YHR052W,YLR010C,0,-0.8681966,0.10161514580249786,0.9471585154533386,0.8401520252227783
YBR248C,YJL005W,1,-0.86866724,0.1017112284898758,0.9481555223464966,0.8401520252227783
YDR134C,YPL092W,0,-0.87052155,0.10170035064220428,0.9481555223464966,0.8402521014213562
YDL030W,YPR070W,0,-0.8716727,0.10168948024511337,0.9481555223464966,0.8403521180152893
YDL136W,YPR132W,0,-0.8716769,0.10167860239744186,0.9481555223464966,0.8404521346092224
YDR126W,YPR098C,0,-0.8726176,0.10166773945093155,0.9481555223464966,0.8405521512031555
YOR269W,YLL022C,0,-0.87271124,0.10165686905384064,0.9481555223464966,0.8406521677970886
YIL004C,YER096W,0,-0.8727126,0.10164600610733032,0.9481555223464966,0.8407522439956665
YDR347W,YIL034C,0,-0.8728514,0.10163514316082001,0.9481555223464966,0.8408522605895996
YIL150C,YPR102C,0,-0.8732997,0.10162428021430969,0.9481555223464966,0.8409522771835327
YNL136W,YMR314W,0,-0.87337816,0.10161341726779938,0.9481555223464966,0.8410522937774658
YER131W,YOR246C,0,-0.873756,0.10160256177186966,0.9481555223464966,0.8411523699760437
YDL205C,YER126C,0,-0.87398946,0.10159171372652054,0.9481555223464966,0.8412523865699768
YGR263C,YCL050C,0,-0.8746773,0.10158085823059082,0.9481555223464966,0.8413524031639099
YDR388W,YML094W,0,-0.87501967,0.1015700101852417,0.9481555223464966,0.841452419757843
YBR198C,YIL084C,0,-0.87535506,0.10155916213989258,0.9481555223464966,0.8415524363517761
YJR135C,YKR105C,0,-0.8761078,0.10154832154512405,0.9481555223464966,0.841652512550354
YBL057C,YNL119W,0,-0.876993,0.10153747349977493,0.9481555223464966,0.8417525291442871
YDR465C,YLL035W,0,-0.8770275,0.10152663290500641,0.9481555223464966,0.8418525457382202
YKL089W,YDR069C,0,-0.87711614,0.10151579976081848,0.9481555223464966,0.8419525623321533
YAL010C,YOL092W,0,-0.8772864,0.10150496661663055,0.9481555223464966,0.8420526385307312
YAL053W,YLR139C,0,-0.8773142,0.10149413347244263,0.9481555223464966,0.8421526551246643
YOR116C,YGR135W,0,-0.8775257,0.1014833003282547,0.9481555223464966,0.8422526717185974
YOL120C,YNL248C,0,-0.877887,0.10147247463464737,0.9481555223464966,0.8423526883125305
YOR167C,YGR135W,0,-0.87798584,0.10146164149045944,0.9481555223464966,0.8424527645111084
YAL021C,YBR166C,0,-0.8782022,0.10145082324743271,0.9481555223464966,0.8425527811050415
YPL195W,YEL002C,0,-0.8783504,0.10143999755382538,0.9481555223464966,0.8426527976989746
YMR316W,YNL301C,0,-0.8789764,0.10142917931079865,0.9481555223464966,0.8427528142929077
YDR448W,YDL065C,0,-0.880293,0.10141836106777191,0.9481555223464966,0.8428528308868408
YPL157W,YLR010C,0,-0.8803245,0.10140755027532578,0.9481555223464966,0.8429529070854187
YDL195W,YAR007C,0,-0.8803939,0.10139673948287964,0.9481555223464966,0.8430529236793518
YDL069C,YFR041C,0,-0.8804102,0.1013859286904335,0.9481555223464966,0.8431529402732849
YOL103W,YIL084C,0,-0.8807028,0.10137511789798737,0.9481555223464966,0.843252956867218
YNL301C,YDL065C,0,-0.8807823,0.10136431455612183,0.9481555223464966,0.8433530330657959
YOR096W,YJL133W,0,-0.88086927,0.10135351121425629,0.9481555223464966,0.843453049659729
YOR143C,YLR207W,0,-0.88181436,0.10134270787239075,0.9481555223464966,0.8435530662536621
YFR032C-A,YOR076C,0,-0.88196886,0.1013319119811058,0.9481555223464966,0.8436530828475952
YBR289W,YOR174W,0,-0.88211304,0.10132111608982086,0.9481555223464966,0.8437530994415283
YLR090W,YLR357W,0,-0.8823968,0.10131032019853592,0.9481555223464966,0.8438531756401062
YKR037C,YGR135W,0,-0.88249415,0.10129953175783157,0.9481555223464966,0.8439531922340393
YOL127W,YMR026C,0,-0.88265014,0.10128874331712723,0.9481555223464966,0.8440532088279724
YMR142C,YDL008W,0,-0.8826737,0.10127795487642288,0.9481555223464966,0.8441532254219055
YGL161C,YMR221C,0,-0.88286906,0.10126717388629913,0.9481555223464966,0.8442533016204834
YLR238W,YIL138C,0,-0.88325226,0.10125638544559479,0.9481555223464966,0.8443533182144165
YHR046C,YHR023W,0,-0.88330674,0.10124561190605164,0.9481555223464966,0.8444533348083496
YGL232W,YML125C,0,-0.8833418,0.10123483091592789,0.9481555223464966,0.8445533514022827
YLR318W,YDR368W,0,-0.8836929,0.10122405737638474,0.9481555223464966,0.8446533679962158
YJL090C,YLR154C,0,-0.88372684,0.10121328383684158,0.9481555223464966,0.8447534441947937
YKL156W,YPL103C,0,-0.8843236,0.10120251029729843,0.9481555223464966,0.8448534607887268
YCR039C,YBR198C,0,-0.8846742,0.10119174420833588,0.9481555223464966,0.8449534773826599
YLR127C,YER164W,0,-0.8849189,0.10118097811937332,0.9481555223464966,0.845053493976593
YMR080C,YDR318W,0,-0.8851832,0.10117021203041077,0.9481555223464966,0.8451535701751709
YMR171C,YBL060W,0,-0.8857368,0.10115945339202881,0.9481555223464966,0.845253586769104
YLR207W,YML088W,0,-0.8860042,0.10114869475364685,0.9481555223464966,0.8453536033630371
YGL090W,YCL057C-A,0,-0.88624424,0.10113793611526489,0.9481555223464966,0.8454536199569702
YDR532C,YOR155C,0,-0.88628626,0.10112717747688293,0.9481555223464966,0.8455536365509033
YDL030W,YBL055C,0,-0.88635707,0.10111642628908157,0.9481555223464966,0.8456537127494812
YGL229C,YBR012W-B,0,-0.88657403,0.10110567510128021,0.9481555223464966,0.8457537293434143
YKR090W,YDR322W,0,-0.8869247,0.10109493136405945,0.9481555223464966,0.8458537459373474
YJL165C,YFL036W,0,-0.88699645,0.10108418017625809,0.9481555223464966,0.8459537625312805
YFR037C,YLR079W,0,-0.88756216,0.10107344388961792,0.9481555223464966,0.8460538387298584
YOR116C,YDL075W,0,-0.8876045,0.10106270015239716,0.9481555223464966,0.8461538553237915
YDR074W,YDL099W,0,-0.8876915,0.10105196386575699,0.9481555223464966,0.8462538719177246
YDR060W,YIL126W,0,-0.8880694,0.10104122757911682,0.9481555223464966,0.8463538885116577
YLR126C,YJL090C,0,-0.88807356,0.10103049129247665,0.9481555223464966,0.8464539647102356
YLR373C,YLR276C,0,-0.8889086,0.10101975500583649,0.9481555223464966,0.8465539813041687
YBR123C,YDR320C,0,-0.8893019,0.10100902616977692,0.9481555223464966,0.8466539978981018
YLR096W,YPR073C,0,-0.88994193,0.10099829733371735,0.9481555223464966,0.8467540144920349
YPL051W,YGR075C,0,-0.8905234,0.10098757594823837,0.9481555223464966,0.846854031085968
YGR104C,YGR200C,0,-0.89058876,0.1009768545627594,0.9481555223464966,0.8469541072845459
YDR420W,YOR233W,0,-0.89060783,0.10096613317728043,0.9481555223464966,0.847054123878479
YDR219C,YBL061C,0,-0.8912549,0.10095541179180145,0.9481555223464966,0.8471541404724121
YER030W,YDL017W,0,-0.8920146,0.10094469785690308,0.9481555223464966,0.8472541570663452
YDR253C,YMR165C,0,-0.8921865,0.1009339839220047,0.9481555223464966,0.8473542332649231
YKL034W,YBR030W,0,-0.8939426,0.10092326998710632,0.9481555223464966,0.8474542498588562
YNL218W,YLR448W,0,-0.8942473,0.10091256350278854,0.9481555223464966,0.8475542664527893
YNL292W,YBR160W,0,-0.8942759,0.10090185701847076,0.9481555223464966,0.8476542830467224
YFR006W,YDR115W,0,-0.89432573,0.10089115053415298,0.9481555223464966,0.8477542996406555
YML060W,YIL168W,1,-0.8947195,0.1009865254163742,0.9491525292396545,0.8477542996406555
YDR228C,YIR023W,0,-0.895613,0.10097581893205643,0.9491525292396545,0.8478543758392334
YBR291C,YCL027W,0,-0.8958691,0.10096510499715805,0.9491525292396545,0.8479543924331665
YGL178W,YJL041W,0,-0.8964782,0.10095439851284027,0.9491525292396545,0.8480544090270996
YJR098C,YOR265W,0,-0.8973956,0.10094369947910309,0.9491525292396545,0.8481544256210327
YIL109C,YLR096W,0,-0.8976487,0.10093299299478531,0.9491525292396545,0.8482545018196106
YPR073C,YGR001C,0,-0.8980219,0.10092229396104813,0.9491525292396545,0.8483545184135437
YDR425W,YLR430W,0,-0.8987308,0.10091159492731094,0.9491525292396545,0.8484545350074768
YOR224C,YNL162W,0,-0.89880264,0.10090090334415436,0.9491525292396545,0.8485545516014099
YML040W,YDL043C,0,-0.89883333,0.10089020431041718,0.9491525292396545,0.848654568195343
YDR011W,YNR041C,0,-0.8988828,0.10087952017784119,0.9491525292396545,0.8487546443939209
YPR166C,YOL071W,0,-0.89908963,0.1008688285946846,0.9491525292396545,0.848854660987854
YJR066W,YAL053W,0,-0.89952993,0.10085814446210861,0.9491525292396545,0.8489546775817871
YLR396C,YLR438C-A,0,-0.8998734,0.10084746032953262,0.9491525292396545,0.8490546941757202
YBL017C,YML063W,0,-0.90004224,0.10083677619695663,0.9491525292396545,0.8491547703742981
YAL053W,YML095C,0,-0.9005252,0.10082609951496124,0.9491525292396545,0.8492547869682312
YAL053W,YOR322C,0,-0.90077424,0.10081541538238525,0.9491525292396545,0.8493548035621643
YMR142C,YLR430W,0,-0.9008615,0.10080474615097046,0.9491525292396545,0.8494548201560974
YDR121W,YPR122W,0,-0.90169454,0.10079406946897507,0.9491525292396545,0.8495548367500305
YGL128C,YER007W,0,-0.9022585,0.10078340023756027,0.9491525292396545,0.8496549129486084
YLR419W,YHR052W,0,-0.9022746,0.10077273100614548,0.9491525292396545,0.8497549295425415
YHR052W,YMR012W,0,-0.9026151,0.10076206922531128,0.9491525292396545,0.8498549461364746
YOR127W,YNL115C,0,-0.90409964,0.10075139999389648,0.9491525292396545,0.8499549627304077
YMR098C,YPR108W,0,-0.9043429,0.10074073821306229,0.9491525292396545,0.8500550389289856
YDR236C,YNL129W,0,-0.9046583,0.10073008388280869,0.9491525292396545,0.8501550555229187
YNR027W,YKR037C,0,-0.9048753,0.10071942210197449,0.9491525292396545,0.8502550721168518
YBL057C,YHL016C,0,-0.904972,0.10070876777172089,0.9491525292396545,0.8503550887107849
YML074C,YDR368W,0,-0.90518177,0.10069812089204788,0.9491525292396545,0.8504551649093628
YLL011W,YOR131C,0,-0.9053355,0.10068746656179428,0.9491525292396545,0.8505551815032959
YJR145C,YKL135C,0,-0.90605783,0.10067681968212128,0.9491525292396545,0.850655198097229
YIL034C,YDR130C,0,-0.90638316,0.10066617280244827,0.9491525292396545,0.8507552146911621
YHR070W,YNR041C,0,-0.90651953,0.10065553337335587,0.9491525292396545,0.8508552312850952
YMR302C,YMR311C,0,-0.9069901,0.10064488649368286,0.9491525292396545,0.8509553074836731
YJL157C,YML027W,0,-0.90937203,0.10063424706459045,0.9491525292396545,0.8510553240776062
YNR020C,YOL056W,0,-0.90948594,0.10062361508607864,0.9491525292396545,0.8511553406715393
YOL019W,YPL149W,0,-0.90967727,0.10061297565698624,0.9491525292396545,0.8512553572654724
YML040W,YGL135W,0,-0.9102463,0.10060234367847443,0.9491525292396545,0.8513554334640503
YER174C,YNL012W,0,-0.9102669,0.10059171915054321,0.9491525292396545,0.8514554500579834
YLR287C-A,YPR081C,0,-0.9104537,0.1005810871720314,0.9491525292396545,0.8515554666519165
YAL010C,YKR014C,0,-0.9104651,0.10057046264410019,0.9491525292396545,0.8516554832458496
YNL001W,YER131W,0,-0.91103166,0.10055983811616898,0.9491525292396545,0.8517554998397827
YBR055C,YCR040W,0,-0.9123497,0.10054922103881836,0.9491525292396545,0.8518555760383606
YIR002C,YEL016C,0,-0.91250265,0.10053859651088715,0.9491525292396545,0.8519555926322937
YML094W,YJR135C,0,-0.91316295,0.10052797943353653,0.9491525292396545,0.8520556092262268
YDR111C,YOL115W,1,-0.91349673,0.10062295198440552,0.9501495361328125,0.8520556092262268
YMR289W,YPL258C,0,-0.9138349,0.1006123274564743,0.9501495361328125,0.8521556258201599
YNL292W,YOR242C,0,-0.91421616,0.10060171037912369,0.9501495361328125,0.8522557020187378
YKL114C,YBR248C,1,-0.9144461,0.10069664567708969,0.9511465430259705,0.8522557020187378
YGR241C,YGR184C,0,-0.9150286,0.10068601369857788,0.9511465430259705,0.8523557186126709
YIL115C,YKL198C,0,-0.9156343,0.10067538917064667,0.9511465430259705,0.852455735206604
YER029C,YGR006W,0,-0.91575205,0.10066476464271545,0.9511465430259705,0.8525557518005371
YML125C,YER112W,0,-0.91714954,0.10065414756536484,0.9511465430259705,0.8526557683944702
YIL109C,YKL011C,0,-0.9180699,0.10064353048801422,0.9511465430259705,0.8527558445930481
YDR121W,YPR118W,0,-0.91829324,0.1006329134106636,0.9511465430259705,0.8528558611869812
YJL044C,YGL147C,0,-0.91884184,0.10062229633331299,0.9511465430259705,0.8529558777809143
YGL211W,YMR188C,0,-0.91992056,0.10061168670654297,0.9511465430259705,0.8530558943748474
YMR223W,YLR099C,0,-0.92148495,0.10060107707977295,0.9511465430259705,0.8531559705734253
YHL008C,YNL268W,0,-0.92189944,0.10059046745300293,0.9511465430259705,0.8532559871673584
YIR037W,YDR228C,0,-0.92194164,0.10057986527681351,0.9511465430259705,0.8533560037612915
YDR088C,YCR010C,0,-0.9220313,0.10056926310062408,0.9511465430259705,0.8534560203552246
YER110C,YLR045C,0,-0.922497,0.10055866092443466,0.9511465430259705,0.8535560965538025
YBL088C,YCR037C,0,-0.92311823,0.10054805874824524,0.9511465430259705,0.8536561131477356
YOR288C,YGL035C,0,-0.9236886,0.10053746402263641,0.9511465430259705,0.8537561297416687
YML034W,YMR204C,0,-0.92438114,0.10052686929702759,0.9511465430259705,0.8538561463356018
YER086W,YFR003C,0,-0.9252269,0.10051628202199936,0.9511465430259705,0.8539561629295349
YLR086W,YDR032C,0,-0.9254597,0.10050568729639053,0.9511465430259705,0.8540562391281128
YER173W,YOR150W,0,-0.92569876,0.1004951000213623,0.9511465430259705,0.8541562557220459
YMR235C,YJL033W,0,-0.9258433,0.10048452019691467,0.9511465430259705,0.854256272315979
YFR003C,YIL138C,0,-0.9264989,0.10047393292188644,0.9511465430259705,0.8543562889099121
YGL251C,YDR510W,0,-0.92774475,0.10046335309743881,0.9511465430259705,0.85445636510849
YMR233W,YER164W,0,-0.9278457,0.10045277327299118,0.9511465430259705,0.8545563817024231
YDR532C,YDR486C,0,-0.92802405,0.10044220089912415,0.9511465430259705,0.8546563982963562
YJR029W,YDL200C,0,-0.9282303,0.10043162107467651,0.9511465430259705,0.8547564148902893
YHR025W,YKL042W,0,-0.9283135,0.10042105615139008,0.9511465430259705,0.8548564314842224
YLR238W,YDR118W,0,-0.928798,0.10041048377752304,0.9511465430259705,0.8549565076828003
YKR061W,YDR121W,0,-0.92913115,0.1003999188542366,0.9511465430259705,0.8550565242767334
YLL009C,YDL190C,0,-0.93021584,0.10038935393095016,0.9511465430259705,0.8551565408706665
YMR289W,YIL168W,1,-0.93156195,0.10048400610685349,0.9521435499191284,0.8551565408706665
YJL136C,YPL220W,0,-0.9316325,0.10047343373298645,0.9521435499191284,0.8552565574645996
YDR436W,YMR285C,0,-0.9317218,0.10046286880970001,0.9521435499191284,0.8553566336631775
YLR126C,YIL026C,0,-0.9320116,0.10045229643583298,0.9521435499191284,0.8554566502571106
YHR147C,YGR154C,0,-0.9322118,0.10044173151254654,0.9521435499191284,0.8555566668510437
YOL031C,YML012W,0,-0.932313,0.1004311740398407,0.9521435499191284,0.8556566834449768
YOR373W,YPL022W,0,-0.9330273,0.10042060911655426,0.9521435499191284,0.8557567000389099
YER099C,YER020W,0,-0.9331038,0.10041005164384842,0.9521435499191284,0.8558567762374878
YGL136C,YML085C,0,-0.93333954,0.10039949417114258,0.9521435499191284,0.8559567928314209
YDR524C,YGL123W,0,-0.93361795,0.10038894414901733,0.9521435499191284,0.856056809425354
YLR165C,YGR169C,1,-0.9340239,0.1004834994673729,0.9531405568122864,0.856056809425354
YER140W,YOR043W,0,-0.93511474,0.10047293454408646,0.9531405568122864,0.8561568260192871
YPR186C,YDR003W,0,-0.9353634,0.10046237707138062,0.9531405568122864,0.856256902217865
YML043C,YHR207C,0,-0.9354322,0.10045181959867477,0.9531405568122864,0.8563569188117981
YPR178W,YER164W,0,-0.9355254,0.10044126957654953,0.9531405568122864,0.8564569354057312
YNL129W,YBL069W,0,-0.935842,0.10043071955442429,0.9531405568122864,0.8565569519996643
YGL223C,YCR094W,0,-0.9358511,0.10042016953229904,0.9531405568122864,0.8566569685935974
YKL184W,YEL020C,1,-0.9360343,0.10051465034484863,0.9541375637054443,0.8566569685935974
YKL028W,YJL109C,0,-0.936331,0.10050409287214279,0.9541375637054443,0.8567570447921753
YMR289W,YBR166C,0,-0.9365051,0.10049354285001755,0.9541375637054443,0.8568570613861084
YLR096W,YMR109W,0,-0.93670774,0.1004829928278923,0.9541375637054443,0.8569570779800415
YDR120C,YCL031C,0,-0.93696696,0.10047244280576706,0.9541375637054443,0.8570570945739746
YKR048C,YPL202C,0,-0.9371793,0.10046189278364182,0.9541375637054443,0.8571571707725525
YBR175W,YPL202C,0,-0.9374334,0.10045135021209717,0.9541375637054443,0.8572571873664856
YAL010C,YHL024W,0,-0.93751884,0.10044080764055252,0.9541375637054443,0.8573572039604187
YIL150C,YGL059W,0,-0.9380642,0.10043026506900787,0.9541375637054443,0.8574572205543518
YNL291C,YDR376W,0,-0.93807137,0.10041972994804382,0.9541375637054443,0.8575572967529297
YPL051W,YDL143W,0,-0.9384341,0.10040918737649918,0.9541375637054443,0.8576573133468628
YHR092C,YHR086W,0,-0.938557,0.10039865970611572,0.9541375637054443,0.8577573299407959
YIL112W,YCR037C,0,-0.93869317,0.10038812458515167,0.9541375637054443,0.857857346534729
YML094W,YMR127C,0,-0.9387325,0.10037759691476822,0.9541375637054443,0.8579573631286621
YAL020C,YLR139C,0,-0.9388247,0.10036706924438477,0.9541375637054443,0.85805743932724
YPL091W,YDL007W,0,-0.9388915,0.10035654157400131,0.9541375637054443,0.8581574559211731
YDL192W,YML060W,0,-0.9392971,0.10034602135419846,0.9541375637054443,0.8582574725151062
YJR110W,YGR200C,0,-0.9394115,0.1003355011343956,0.9541375637054443,0.8583574891090393
YER048W-A,YOR389W,0,-0.9394615,0.10032498091459274,0.9541375637054443,0.8584575653076172
YML094W,YMR292W,0,-0.93963146,0.10031446814537048,0.9541375637054443,0.8585575819015503
YHR036W,YOR217W,0,-0.9397333,0.10030394792556763,0.9541375637054443,0.8586575984954834
YOR278W,YAL035W,0,-0.9403676,0.10029344260692596,0.9541375637054443,0.8587576150894165
YEL061C,YPR031W,0,-0.94036895,0.1002829298377037,0.9541375637054443,0.8588576316833496
YER029C,YLR078C,0,-0.94139856,0.10027242451906204,0.9541375637054443,0.8589577078819275
YLR373C,YDR495C,0,-0.9414522,0.10026191920042038,0.9541375637054443,0.8590577244758606
YBL106C,YIL026C,0,-0.9415372,0.10025141388177872,0.9541375637054443,0.8591577410697937
YAL010C,YMR208W,0,-0.9427393,0.10024091601371765,0.9541375637054443,0.8592577576637268
YMR037C,YOR337W,0,-0.9434669,0.10023041814565659,0.9541375637054443,0.8593578338623047
YOR069W,YDR524C,0,-0.944087,0.10021992027759552,0.9541375637054443,0.8594578504562378
YHR076W,YDL006W,0,-0.9441668,0.10020942240953445,0.9541375637054443,0.8595578670501709
YGR241C,YIL026C,0,-0.94465417,0.10019893199205399,0.9541375637054443,0.859657883644104
YHR013C,YLR306W,0,-0.94547176,0.10018844157457352,0.9541375637054443,0.8597579002380371
YGR162W,YHR070W,0,-0.9455885,0.10017795115709305,0.9541375637054443,0.859857976436615
YDL200C,YAR010C,0,-0.946666,0.10016746819019318,0.9541375637054443,0.8599579930305481
YML070W,YDR421W,0,-0.94699264,0.1001569852232933,0.9541375637054443,0.8600580096244812
YMR223W,YLR221C,0,-0.9471899,0.10014650225639343,0.9541375637054443,0.8601580262184143
YJL041W,YBL069W,0,-0.9473773,0.10013602674007416,0.9541375637054443,0.8602581024169922
YJL129C,YMR026C,0,-0.947765,0.10012555122375488,0.9541375637054443,0.8603581190109253
YBL061C,YKL116C,0,-0.9481511,0.10011507570743561,0.9541375637054443,0.8604581356048584
YDL190C,YJR022W,0,-0.9483773,0.10010460019111633,0.9541375637054443,0.8605581521987915
YMR043W,YDR121W,0,-0.9487911,0.10009413212537766,0.9541375637054443,0.8606581687927246
YJL046W,YDL017W,0,-0.94945514,0.10008366405963898,0.9541375637054443,0.8607582449913025
YML034W,YGR001C,0,-0.9505922,0.1000731959939003,0.9541375637054443,0.8608582615852356
YMR289W,YDR127W,1,-0.95102966,0.10016729682683945,0.9551345705986023,0.8608582615852356
YBL103C,YGL128C,0,-0.9511367,0.10015682131052017,0.9551345705986023,0.8609582781791687
YDL030W,YPR108W,0,-0.9521705,0.1001463532447815,0.9551345705986023,0.8610582947731018
YHR086W,YLR433C,0,-0.9538684,0.10013588517904282,0.9551345705986023,0.8611583709716797
YHR021C,YOR116C,0,-0.9543591,0.10012541711330414,0.9551345705986023,0.8612583875656128
YEL038W,YGR191W,0,-0.95439976,0.10011495649814606,0.9551345705986023,0.8613584041595459
YJR013W,YDR356W,0,-0.9544128,0.10010449588298798,0.9551345705986023,0.861458420753479
YPR118W,YGR063C,0,-0.954985,0.1000940352678299,0.9551345705986023,0.8615584969520569
YDR393W,YDR169C,0,-0.95499384,0.10008357465267181,0.9551345705986023,0.86165851354599
YDL129W,YIL126W,0,-0.9550197,0.10007312148809433,0.9551345705986023,0.8617585301399231
YNL001W,YOL133W,0,-0.9566244,0.10006266832351685,0.9551345705986023,0.8618585467338562
YDR486C,YLR014C,0,-0.9574612,0.10005222260951996,0.9551345705986023,0.8619585633277893
YML074C,YNL217W,0,-0.95747423,0.10004176944494247,0.9551345705986023,0.8620586395263672
YIR002C,YLR441C,0,-0.95752275,0.10003132373094559,0.9551345705986023,0.8621586561203003
YLR238W,YDL143W,0,-0.95822525,0.1000208780169487,0.9551345705986023,0.8622586727142334
YOR063W,YHR036W,0,-0.95845616,0.10001043975353241,0.9551345705986023,0.8623586893081665
YDR388W,YNL308C,0,-0.9594969,0.10000000149011612,0.9551345705986023,0.8624587655067444
YHR010W,YHR129C,0,-0.96005017,0.09998956322669983,0.9551345705986023,0.8625587821006775
YJR022W,YPR108W,0,-0.9609212,0.09997912496328354,0.9551345705986023,0.8626587986946106
YGL089C,YOL080C,0,-0.962836,0.09996869415044785,0.9551345705986023,0.8627588152885437
YIL027C,YFR007W,0,-0.96287096,0.09995826333761215,0.9551345705986023,0.8628588318824768
YGL089C,YOR070C,0,-0.9629642,0.09994783252477646,0.9551345705986023,0.8629589080810547
YDR065W,YPR070W,0,-0.96310896,0.09993740916252136,0.9551345705986023,0.8630589246749878
YHR206W,YGR156W,0,-0.96334714,0.09992698580026627,0.9551345705986023,0.8631589412689209
YBR176W,YOL080C,0,-0.9636668,0.09991656243801117,0.9551345705986023,0.863258957862854
YOR155C,YBR166C,0,-0.96405286,0.09990613907575607,0.9551345705986023,0.8633590340614319
YMR100W,YMR285C,0,-0.9646698,0.09989572316408157,0.9551345705986023,0.863459050655365
YDL099W,YGR006W,0,-0.96525085,0.09988530725240707,0.9551345705986023,0.8635590672492981
YDR299W,YPL204W,0,-0.9653571,0.09987489879131317,0.9551345705986023,0.8636590838432312
YJL148W,YCL031C,0,-0.96542907,0.09986448287963867,0.9551345705986023,0.8637591004371643
YIL027C,YPR021C,0,-0.9654538,0.09985407441854477,0.9551345705986023,0.8638591766357422
YKL088W,YDR115W,0,-0.9654738,0.09984366595745087,0.9551345705986023,0.8639591932296753
YDR465C,YDR166C,0,-0.96561444,0.09983326494693756,0.9551345705986023,0.8640592098236084
YDR532C,YDR031W,0,-0.9658018,0.09982286393642426,0.9551345705986023,0.8641592264175415
YLR158C,YKR030W,0,-0.9661659,0.09981246292591095,0.9551345705986023,0.8642593026161194
YNL280C,YAL053W,0,-0.9671813,0.09980206191539764,0.9551345705986023,0.8643593192100525
YFL029C,YDL192W,0,-0.9675947,0.09979166835546494,0.9551345705986023,0.8644593358039856
YIL027C,YHR105W,0,-0.9677104,0.09978127479553223,0.9551345705986023,0.8645593523979187
YFL044C,YOR332W,0,-0.96778643,0.09977088123559952,0.9551345705986023,0.8646593689918518
YBL090W,YKR097W,0,-0.9680093,0.0997604951262474,0.9551345705986023,0.8647594451904297
YHR076W,YPR047W,0,-0.96819615,0.0997501015663147,0.9551345705986023,0.8648594617843628
YLR283W,YGL136C,0,-0.96832305,0.09973971545696259,0.9551345705986023,0.8649594783782959
YGR058W,YFL004W,0,-0.96844864,0.09972933679819107,0.9551345705986023,0.865059494972229
YML113W,YMR201C,0,-0.9685581,0.09971895813941956,0.9551345705986023,0.8651595711708069
YDL080C,YKL218C,1,-0.96864116,0.09981265664100647,0.9561315774917603,0.8651595711708069
YKR037C,YFL044C,0,-0.9689535,0.09980227053165436,0.9561315774917603,0.86525958776474
YCR047C,YJL025W,0,-0.9690144,0.09979188442230225,0.9561315774917603,0.8653596043586731
YAL010C,YER147C,0,-0.9699246,0.09978149831295013,0.9561315774917603,0.8654596209526062
YDL099W,YNR016C,0,-0.97044724,0.09977111965417862,0.9561315774917603,0.8655596971511841
YLR127C,YDL180W,0,-0.97074205,0.0997607409954071,0.9561315774917603,0.8656597137451172
YDR312W,YJR145C,0,-0.9714589,0.09975036233663559,0.9561315774917603,0.8657597303390503
YDR139C,YBL020W,0,-0.9727305,0.09973999112844467,0.9561315774917603,0.8658597469329834
YOR369C,YKL028W,0,-0.97430587,0.09972961992025375,0.9561315774917603,0.8659597635269165
YBR251W,YDR486C,0,-0.9743397,0.09971924871206284,0.9561315774917603,0.8660598397254944
YPL206C,YBR198C,0,-0.9745039,0.09970887750387192,0.9561315774917603,0.8661598563194275
YPL059W,YPR019W,0,-0.9745608,0.0996985137462616,0.9561315774917603,0.8662598729133606
YML082W,YNL036W,1,-0.97481596,0.09979210048913956,0.9571285843849182,0.8662598729133606
YEL016C,YJL125C,0,-0.9770443,0.09978172928094864,0.9571285843849182,0.8663598895072937
YMR127C,YPR081C,0,-0.9773231,0.09977135807275772,0.9571285843849182,0.8664599657058716
YDL192W,YKL010C,0,-0.97762513,0.0997609868645668,0.9571285843849182,0.8665599822998047
YIL034C,YGR135W,0,-0.97786134,0.09975062310695648,0.9571285843849182,0.8666599988937378
YEL038W,YBR264C,0,-0.97806644,0.09974025934934616,0.9571285843849182,0.8667600154876709
YPR005C,YDL006W,0,-0.97826195,0.09972989559173584,0.9571285843849182,0.866860032081604
YLR318W,YIL138C,0,-0.9783508,0.09971953928470612,0.9571285843849182,0.8669601082801819
YLR396C,YPL220W,0,-0.9784438,0.09970918297767639,0.9571285843849182,0.867060124874115
YPL091W,YIL090W,0,-0.97929394,0.09969882667064667,0.9571285843849182,0.8671601414680481
YDR356W,YHR081W,0,-0.97987545,0.09968847036361694,0.9571285843849182,0.8672601580619812
YJR076C,YHR036W,0,-0.98022944,0.09967812150716782,0.9571285843849182,0.8673602342605591
YCR072C,YOR143C,0,-0.9802488,0.09966777265071869,0.9571285843849182,0.8674602508544922
YBR048W,YEL016C,0,-0.98026985,0.09965743124485016,0.9571285843849182,0.8675602674484253
YNL136W,YPL068C,0,-0.9810203,0.09964708238840103,0.9571285843849182,0.8676602840423584
YGL128C,YJR155W,0,-0.98154426,0.0996367409825325,0.9571285843849182,0.8677603006362915
YLR015W,YJL189W,0,-0.9820704,0.09962639957666397,0.9571285843849182,0.8678603768348694
YOL092W,YGR200C,0,-0.9830354,0.09961606562137604,0.9571285843849182,0.8679603934288025
YMR139W,YIL090W,0,-0.9830908,0.09960572421550751,0.9571285843849182,0.8680604100227356
YOR373W,YPL149W,0,-0.983366,0.09959539026021957,0.9571285843849182,0.8681604266166687
YGR006W,YNR047W,0,-0.98408645,0.09958506375551224,0.9571285843849182,0.8682605028152466
YER147C,YDR088C,0,-0.98437953,0.0995747298002243,0.9571285843849182,0.8683605194091797
YLR238W,YCL031C,0,-0.98482794,0.09956440329551697,0.9571285843849182,0.8684605360031128
YDR056C,YBR012W-A,0,-0.9856335,0.09955408424139023,0.9571285843849182,0.8685605525970459
YOL133W,YOR044W,0,-0.9876722,0.09954375773668289,0.9571285843849182,0.868660569190979
YPR081C,YML009C,0,-0.9882071,0.09953343868255615,0.9571285843849182,0.8687606453895569
YDR501W,YDR069C,0,-0.9882282,0.09952311962842941,0.9571285843849182,0.86886066198349
YLR139C,YLR045C,0,-0.98879874,0.09951280057430267,0.9571285843849182,0.8689606785774231
YBL088C,YHR023W,0,-0.98899436,0.09950248897075653,0.9571285843849182,0.8690606951713562
YDR379W,YPL195W,0,-0.9896108,0.09949217736721039,0.9571285843849182,0.8691607713699341
YLR287C-A,YOR127W,0,-0.9901011,0.09948186576366425,0.9571285843849182,0.8692607879638672
YMR198W,YOL018C,0,-0.99042845,0.0994715541601181,0.9571285843849182,0.8693608045578003
YCR009C,YDR379W,0,-0.9909216,0.09946125000715256,0.9571285843849182,0.8694608211517334
YER174C,YOL007C,0,-0.9911706,0.09945094585418701,0.9571285843849182,0.8695608973503113
YLR188W,YKL108W,0,-0.9913002,0.09944064915180206,0.9571285843849182,0.8696609139442444
YGL147C,YLR441C,0,-0.99151987,0.09943034499883652,0.9571285843849182,0.8697609305381775
YMR235C,YEL064C,0,-0.9920301,0.09942004829645157,0.9571285843849182,0.8698609471321106
YER036C,YJL125C,0,-0.9922801,0.09940975159406662,0.9571285843849182,0.8699609637260437
YMR307W,YMR045C,0,-0.9924016,0.09939946234226227,0.9571285843849182,0.8700610399246216
YDR532C,YJL102W,0,-0.99241436,0.09938917309045792,0.9571285843849182,0.8701610565185547
YOR242C,YCR054C,0,-0.9926903,0.09937888383865356,0.9571285843849182,0.8702610731124878
YPL022W,YOL092W,0,-0.99277675,0.09936859458684921,0.9571285843849182,0.8703610897064209
YJR098C,YBR160W,0,-0.99304175,0.09935831278562546,0.9571285843849182,0.8704611659049988
YOL115W,YDR294C,1,-0.9930719,0.09945151954889297,0.958125650882721,0.8704611659049988
YHR067W,YGL009C,1,-0.9933673,0.0995447039604187,0.9591226577758789,0.8704611659049988
YGL213C,YAL013W,0,-0.9936657,0.09953439980745316,0.9591226577758789,0.8705611824989319
YBL039C,YBR245C,0,-0.99372417,0.0995241031050682,0.9591226577758789,0.870661199092865
YMR198W,YLR139C,0,-0.99413586,0.09951380640268326,0.9591226577758789,0.8707612156867981
YGL223C,YPL101W,0,-0.9944091,0.0995035171508789,0.9591226577758789,0.8708612322807312
YML124C,YGL251C,0,-0.9946493,0.09949322789907455,0.9591226577758789,0.8709613084793091
YFL029C,YBR289W,0,-0.9952406,0.0994829386472702,0.9591226577758789,0.8710613250732422
YJL065C,YMR022W,0,-0.99546844,0.09947264939546585,0.9591226577758789,0.8711613416671753
YPL074W,YOR014W,0,-0.99641275,0.0994623675942421,0.9591226577758789,0.8712613582611084
YPL157W,YDR224C,0,-0.9968871,0.09945208579301834,0.9591226577758789,0.8713614344596863
YDR011W,YNR022C,0,-0.9971291,0.09944180399179459,0.9591226577758789,0.8714614510536194
YNL091W,YLR010C,0,-0.99761367,0.09943152219057083,0.9591226577758789,0.8715614676475525
YFR037C,YIR009W,0,-0.99767375,0.09942124783992767,0.9591226577758789,0.8716614842414856
YMR298W,YBR289W,0,-0.99781334,0.09941097348928452,0.9591226577758789,0.8717615008354187
YPL031C,YMR051C,0,-0.9978367,0.09940069913864136,0.9591226577758789,0.8718615770339966
YML015C,YOR150W,0,-0.99792814,0.0993904322385788,0.9591226577758789,0.8719615936279297
YDL164C,YDR169C,0,-0.9981134,0.09938016533851624,0.9591226577758789,0.8720616102218628
YDR532C,YMR109W,0,-0.9984965,0.09936989843845367,0.9591226577758789,0.8721616268157959
YDR236C,YPR166C,0,-0.9988033,0.09935963898897171,0.9591226577758789,0.8722617030143738
YPL214C,YPL202C,0,-0.9989256,0.09934937208890915,0.9591226577758789,0.8723617196083069
YDR424C,YOR356W,0,-0.9992667,0.09933911263942719,0.9591226577758789,0.87246173620224
YOR037W,YJR126C,0,-0.9993802,0.09932886064052582,0.9591226577758789,0.8725617527961731
YMR316W,YNR020C,0,-1.0000833,0.09931860119104385,0.9591226577758789,0.8726617693901062
YDL164C,YBR164C,0,-1.0003904,0.09930834919214249,0.9591226577758789,0.8727618455886841
YER025W,YJL189W,0,-1.0005603,0.09929809719324112,0.9591226577758789,0.8728618621826172
YMR287C,YJR022W,0,-1.0005758,0.09928785264492035,0.9591226577758789,0.8729618787765503
YNL335W,YEL021W,1,-1.0011097,0.09938080608844757,0.9601196646690369,0.8729618787765503
YOR174W,YBR166C,0,-1.0012183,0.0993705466389656,0.9601196646690369,0.8730618953704834
YPL051W,YGL157W,0,-1.0015665,0.09936029464006424,0.9601196646690369,0.8731619715690613
YHR023W,YBR273C,0,-1.0028684,0.09935005009174347,0.9601196646690369,0.8732619881629944
YNL136W,YBR251W,0,-1.0031111,0.0993397980928421,0.9601196646690369,0.8733620047569275
YMR282C,YJR134C,0,-1.0038692,0.09932955354452133,0.9601196646690369,0.8734620213508606
YDR265W,YOR150W,0,-1.0043426,0.09931930899620056,0.9601196646690369,0.8735620975494385
YMR043W,YBR087W,0,-1.0053513,0.09930906444787979,0.9601196646690369,0.8736621141433716
YAL013W,YML095C,0,-1.005836,0.09929882735013962,0.9601196646690369,0.8737621307373047
YHR172W,YNR050C,0,-1.0060433,0.09928858280181885,0.9601196646690369,0.8738621473312378
YER048W-A,YDR130C,0,-1.0060736,0.09927835315465927,0.9601196646690369,0.8739621639251709
YPL174C,YER147C,0,-1.006382,0.0992681160569191,0.9601196646690369,0.8740622401237488
YMR306W,YDR534C,0,-1.0067225,0.09925788640975952,0.9601196646690369,0.8741622567176819
YBR040W,YLR014C,0,-1.0077978,0.09924765676259995,0.9601196646690369,0.874262273311615
YJR059W,YHR010W,0,-1.0079112,0.09923742711544037,0.9601196646690369,0.8743622899055481
YER025W,YJR097W,0,-1.0081774,0.09922720491886139,0.9601196646690369,0.874462366104126
YFR032C-A,YNL096C,0,-1.0083779,0.09921698272228241,0.9601196646690369,0.8745623826980591
YOR288C,YJL073W,0,-1.0092427,0.09920676052570343,0.9601196646690369,0.8746623992919922
YJL046W,YGR194C,0,-1.0095183,0.09919653832912445,0.9601196646690369,0.8747624158859253
YOR047C,YPR178W,0,-1.0104572,0.09918632358312607,0.9601196646690369,0.8748624324798584
YEL038W,YGR188C,0,-1.0111374,0.09917610883712769,0.9601196646690369,0.8749625086784363
YOR174W,YGR156W,0,-1.0117726,0.0991658940911293,0.9601196646690369,0.8750625252723694
YNL001W,YDR117C,0,-1.0119088,0.09915568679571152,0.9601196646690369,0.8751625418663025
YDR356W,YML005W,0,-1.0129168,0.09914547204971313,0.9601196646690369,0.8752625584602356
YIL027C,YIL112W,0,-1.013772,0.09913527220487595,0.9601196646690369,0.8753626346588135
YKL173W,YJR033C,0,-1.0145471,0.09912506490945816,0.9601196646690369,0.8754626512527466
YNL012W,YML063W,0,-1.0147762,0.09911486506462097,0.9601196646690369,0.8755626678466797
YML116W,YPR118W,0,-1.014992,0.09910466521978378,0.9601196646690369,0.8756626844406128
YER083C,YIL138C,0,-1.0150917,0.0990944653749466,0.9601196646690369,0.8757627010345459
YDR466W,YPR042C,0,-1.0152256,0.0990842655301094,0.9601196646690369,0.8758627772331238
YLR086W,YOR063W,0,-1.015277,0.09907407313585281,0.9601196646690369,0.8759627938270569
YCL063W,YKL181W,0,-1.015738,0.09906388074159622,0.9601196646690369,0.87606281042099
YJR015W,YJR134C,0,-1.0162203,0.09905369579792023,0.9601196646690369,0.8761628270149231
YEL038W,YMR022W,0,-1.0165517,0.09904350340366364,0.9601196646690369,0.876262903213501
YJR065C,YMR051C,0,-1.0168037,0.09903331845998764,0.9601196646690369,0.8763629198074341
YGR274C,YER120W,0,-1.0176615,0.09902313351631165,0.9601196646690369,0.8764629364013672
YOR389W,YDR116C,0,-1.0178672,0.09901295602321625,0.9601196646690369,0.8765629529953003
YOL100W,YOR217W,0,-1.0180664,0.09900277853012085,0.9601196646690369,0.8766629695892334
YHR027C,YER131W,0,-1.0183331,0.09899260103702545,0.9601196646690369,0.8767630457878113
YJR110W,YHR010W,0,-1.0185645,0.09898242354393005,0.9601196646690369,0.8768630623817444
YIL115C,YPL160W,0,-1.018567,0.09897225350141525,0.9601196646690369,0.8769630789756775
YMR302C,YLR139C,0,-1.0207673,0.09896208345890045,0.9601196646690369,0.8770630955696106
YBR159W,YDR088C,0,-1.0223156,0.09895191341638565,0.9601196646690369,0.8771631717681885
YHL018W,YLR175W,1,-1.0223534,0.09904448688030243,0.9611166715621948,0.8771631717681885
YJL073W,YPL202C,0,-1.0233396,0.09903430938720703,0.9611166715621948,0.8772631883621216
YJR145C,YOR043W,0,-1.023568,0.09902413934469223,0.9611166715621948,0.8773632049560547
YJR029W,YDR120C,0,-1.0238608,0.09901396930217743,0.9611166715621948,0.8774632215499878
YEL038W,YLR192C,0,-1.0249399,0.09900379925966263,0.9611166715621948,0.8775632977485657
YNL292W,YER051W,0,-1.025228,0.09899363666772842,0.9611166715621948,0.8776633143424988
YMR109W,YGR075C,0,-1.0255849,0.09898346662521362,0.9611166715621948,0.8777633309364319
YBL037W,YKL116C,0,-1.0263544,0.09897330403327942,0.9611166715621948,0.877863347530365
YGL157W,YBL055C,0,-1.0266261,0.09896314889192581,0.9611166715621948,0.8779633641242981
YFR008W,YDR320C,0,-1.0266294,0.09895298629999161,0.9611166715621948,0.878063440322876
YDR219C,YHR081W,0,-1.0271378,0.098942831158638,0.9611166715621948,0.8781634569168091
YLR201C,YML095C,0,-1.027341,0.0989326760172844,0.9611166715621948,0.8782634735107422
YMR036C,YJR097W,0,-1.0281359,0.09892252087593079,0.9611166715621948,0.8783634901046753
YML060W,YDL036C,1,-1.0285918,0.09901498258113861,0.9621136784553528,0.8783634901046753
YJR066W,YAL034W-A,0,-1.0286207,0.0990048199892044,0.9621136784553528,0.8784635663032532
YAR019C,YGR156W,0,-1.0288355,0.0989946648478508,0.9621136784553528,0.8785635828971863
YCR020C,YMR285C,0,-1.029929,0.09898450970649719,0.9621136784553528,0.8786635994911194
YCR020C,YER012W,0,-1.0304033,0.09897436201572418,0.9621136784553528,0.8787636160850525
YMR070W,YER131W,0,-1.0309125,0.09896420687437057,0.9621136784553528,0.8788636326789856
YCR009C,YKL028W,0,-1.0312777,0.09895405918359756,0.9621136784553528,0.8789637088775635
YLR188W,YDR288W,0,-1.0314999,0.09894391149282455,0.9621136784553528,0.8790637254714966
YDL007W,YNL325C,0,-1.0317744,0.09893377125263214,0.9621136784553528,0.8791637420654297
YDR253C,YMR070W,0,-1.0328225,0.09892363101243973,0.9621136784553528,0.8792637586593628
YJR058C,YHR010W,0,-1.0331185,0.09891349077224731,0.9621136784553528,0.8793638348579407
YLR096W,YER133W,0,-1.0333838,0.0989033505320549,0.9621136784553528,0.8794638514518738
YGL003C,YLR430W,0,-1.0339289,0.09889321774244308,0.9621136784553528,0.8795638680458069
YJL097W,YDL036C,1,-1.034585,0.09898555278778076,0.9631106853485107,0.8795638680458069
YER056C-A,YKL143W,0,-1.0347903,0.09897541254758835,0.9631106853485107,0.87966388463974
YLR188W,YLR381W,0,-1.0354844,0.09896527230739594,0.9631106853485107,0.8797639012336731
YPR186C,YNL325C,0,-1.0360216,0.09895513206720352,0.9631106853485107,0.879863977432251
YPL149W,YAL058W,0,-1.0363309,0.0989449992775917,0.9631106853485107,0.8799639940261841
YGR054W,YMR071C,0,-1.0364834,0.09893485903739929,0.9631106853485107,0.8800640106201172
YMR043W,YGR184C,0,-1.0369935,0.09892473369836807,0.9631106853485107,0.8801640272140503
YMR264W,YLR318W,0,-1.0374194,0.09891460090875626,0.9631106853485107,0.8802641034126282
YHR021C,YGR234W,0,-1.037774,0.09890447556972504,0.9631106853485107,0.8803641200065613
YMR098C,YDL017W,0,-1.0406353,0.09889435023069382,0.9631106853485107,0.8804641366004944
YDL192W,YDR387C,0,-1.0412897,0.0988842248916626,0.9631106853485107,0.8805641531944275
YLR212C,YPL258C,0,-1.041329,0.09887410700321198,0.9631106853485107,0.8806641697883606
YOR278W,YJR135W-A,0,-1.0416046,0.09886398166418076,0.9631106853485107,0.8807642459869385
YMR223W,YNL212W,0,-1.041724,0.09885387122631073,0.9631106853485107,0.8808642625808716
YLR040C,YDR420W,0,-1.0421482,0.09884375333786011,0.9631106853485107,0.8809642791748047
YKR062W,YDL101C,0,-1.0424798,0.09883364289999008,0.9631106853485107,0.8810642957687378
YJL065C,YDL095W,0,-1.0430571,0.09882353246212006,0.9631106853485107,0.8811643719673157
YHR021C,YLR120C,0,-1.0434321,0.09881342202425003,0.9631106853485107,0.8812643885612488
YBR087W,YBL060W,0,-1.0435518,0.09880331158638,0.9631106853485107,0.8813644051551819
YML129C,YLR015W,0,-1.0441972,0.09879320859909058,0.9631106853485107,0.881464421749115
YBR214W,YNL129W,0,-1.0446471,0.09878310561180115,0.9631106853485107,0.8815644979476929
YER027C,YGR063C,0,-1.0453948,0.09877300262451172,0.9631106853485107,0.881664514541626
YIL090W,YOR217W,0,-1.0456513,0.09876290708780289,0.9631106853485107,0.8817645311355591
YDR228C,YDR362C,0,-1.0458632,0.09875281155109406,0.9631106853485107,0.8818645477294922
YLR126C,YLR318W,0,-1.0473129,0.09874271601438522,0.9631106853485107,0.8819645643234253
YNL146W,YBL021C,0,-1.047401,0.09873262792825699,0.9631106853485107,0.8820646405220032
YKR062W,YPR118W,0,-1.0479263,0.09872253239154816,0.9631106853485107,0.8821646571159363
YML088W,YPL153C,0,-1.0499431,0.09871244430541992,0.9631106853485107,0.8822646737098694
YJR076C,YHR070W,0,-1.050264,0.09870236366987228,0.9631106853485107,0.8823646903038025
YHR021C,YOR075W,0,-1.0505221,0.09869227558374405,0.9631106853485107,0.8824647665023804
YCR047C,YHR099W,0,-1.0506988,0.09868219494819641,0.9631106853485107,0.8825647830963135
YIL112W,YDR313C,0,-1.0518651,0.09867211431264877,0.9631106853485107,0.8826647996902466
YCR077C,YMR201C,0,-1.0519127,0.09866203367710114,0.9631106853485107,0.8827648162841797
YDL129W,YML037C,0,-1.0524842,0.0986519604921341,0.9631106853485107,0.8828648328781128
YMR316W,YCL061C,0,-1.0527983,0.09864188730716705,0.9631106853485107,0.8829649090766907
YOR174W,YJL090C,0,-1.0536164,0.09863181412220001,0.9631106853485107,0.8830649256706238
YEL064C,YLR221C,0,-1.0536326,0.09862174838781357,0.9631106853485107,0.8831649422645569
YMR257C,YPR102C,0,-1.0539955,0.09861167520284653,0.9631106853485107,0.88326495885849
YKL087C,YBL019W,1,-1.0541031,0.09870368242263794,0.9641076922416687,0.88326495885849
YDR050C,YPL214C,0,-1.0551279,0.0986936092376709,0.9641076922416687,0.8833650350570679
YLR096W,YNL331C,0,-1.0555831,0.09868353605270386,0.9641076922416687,0.883465051651001
YGR058W,YDR524C,0,-1.0556345,0.09867347031831741,0.9641076922416687,0.8835650682449341
YMR235C,YLR446W,0,-1.0560002,0.09866340458393097,0.9641076922416687,0.8836650848388672
YHL044W,YDL099W,0,-1.0565233,0.09865333884954453,0.9641076922416687,0.8837651014328003
YDR495C,YIL026C,0,-1.0571543,0.09864327311515808,0.9641076922416687,0.8838651776313782
YML060W,YDL184C,0,-1.0573179,0.09863320738077164,0.9641076922416687,0.8839651942253113
YKL042W,YGL084C,0,-1.057491,0.09862314909696579,0.9641076922416687,0.8840652108192444
YLR287C-A,YFL039C,0,-1.0576025,0.09861309081315994,0.9641076922416687,0.8841652274131775
YBR041W,YHR044C,0,-1.0578436,0.09860303997993469,0.9641076922416687,0.8842653036117554
YLR134W,YPL123C,1,-1.0578845,0.09869494289159775,0.9651046991348267,0.8842653036117554
YHR117W,YIL115C,0,-1.0583016,0.0986848846077919,0.9651046991348267,0.8843653202056885
YJL108C,YOL120C,0,-1.0591648,0.09867481887340546,0.9651046991348267,0.8844653367996216
YPL091W,YBR251W,0,-1.0607442,0.09866476058959961,0.9651046991348267,0.8845653533935547
YML018C,YJR097W,0,-1.0612528,0.09865470975637436,0.9651046991348267,0.8846653699874878
YDR036C,YPL195W,0,-1.0615216,0.09864465147256851,0.9651046991348267,0.8847654461860657
YDR128W,YNL091W,0,-1.0617573,0.09863460063934326,0.9651046991348267,0.8848654627799988
YML040W,YMR163C,0,-1.0620452,0.09862455725669861,0.9651046991348267,0.8849654793739319
YDR510W,YDR252W,0,-1.062248,0.09861450642347336,0.9651046991348267,0.885065495967865
YCR096C,YER133W,0,-1.0625924,0.0986044630408287,0.9651046991348267,0.8851655721664429
YKR009C,YKR072C,1,-1.0633011,0.098696269094944,0.9661017060279846,0.8851655721664429
YOR290C,YJR126C,0,-1.0636103,0.09868621826171875,0.9661017060279846,0.885265588760376
YNL330C,YLL022C,0,-1.0658915,0.0986761674284935,0.9661017060279846,0.8853656053543091
YCR098C,YDL075W,0,-1.0662665,0.09866612404584885,0.9661017060279846,0.8854656219482422
YGR101W,YNL136W,0,-1.0667001,0.0986560806632042,0.9661017060279846,0.8855656981468201
YNL308C,YML037C,0,-1.0667207,0.09864603728055954,0.9661017060279846,0.8856657147407532
YLL050C,YKL028W,0,-1.0668412,0.09863599389791489,0.9661017060279846,0.8857657313346863
YOR202W,YHR067W,1,-1.0669584,0.09872773289680481,0.9670987129211426,0.8857657313346863
YFL047W,YBL037W,0,-1.067064,0.09871768951416016,0.9670987129211426,0.8858657479286194
YGL223C,YER173W,0,-1.0673606,0.0987076386809349,0.9670987129211426,0.8859657645225525
YDL069C,YER133W,0,-1.0683453,0.09869759529829025,0.9670987129211426,0.8860658407211304
YBR289W,YPL038W,0,-1.0684416,0.0986875593662262,0.9670987129211426,0.8861658573150635
YGR104C,YER112W,0,-1.0688564,0.09867751598358154,0.9670987129211426,0.8862658739089966
YNL292W,YNL212W,0,-1.0695449,0.09866748005151749,0.9670987129211426,0.8863658905029297
YNL206C,YOL007C,0,-1.0700691,0.09865744411945343,0.9670987129211426,0.8864659667015076
YGR234W,YPR184W,0,-1.0704123,0.09864740818738937,0.9670987129211426,0.8865659832954407
YLR287C-A,YPL048W,0,-1.0705981,0.09863737970590591,0.9670987129211426,0.8866659998893738
YMR051C,YPL160W,0,-1.0709866,0.09862735122442245,0.9670987129211426,0.8867660164833069
YLR045C,YDR400W,0,-1.071322,0.098617322742939,0.9670987129211426,0.88686603307724
YML027W,YOR246C,0,-1.0713704,0.09860730171203613,0.9670987129211426,0.8869661092758179
YPL051W,YDR239C,0,-1.0738897,0.09859727323055267,0.9670987129211426,0.887066125869751
YNL206C,YKL059C,0,-1.0739298,0.09858725219964981,0.9670987129211426,0.8871661424636841
YCL066W,YOL080C,0,-1.0740314,0.09857723861932755,0.9670987129211426,0.8872661590576172
YBR082C,YIR009W,0,-1.0741132,0.09856721758842468,0.9670987129211426,0.8873662352561951
YDR379W,YMR188C,0,-1.0749879,0.09855720400810242,0.9670987129211426,0.8874662518501282
YMR142C,YOL125W,0,-1.0753766,0.09854719042778015,0.9670987129211426,0.8875662684440613
YBR213W,YNL256W,1,-1.0764792,0.09863876551389694,0.9680957198143005,0.8875662684440613
YLR188W,YEL016C,0,-1.0765914,0.09862874448299408,0.9680957198143005,0.8876662850379944
YPL148C,YDR128W,0,-1.0771935,0.09861873090267181,0.9680957198143005,0.8877663016319275
YKR090W,YMR152W,0,-1.0772167,0.09860870987176895,0.9680957198143005,0.8878663778305054
YJL019W,YDL099W,0,-1.0775806,0.09859870374202728,0.9680957198143005,0.8879663944244385
YCR092C,YGL084C,0,-1.0776204,0.09858869016170502,0.9680957198143005,0.8880664110183716
YGR029W,YDL043C,0,-1.0776772,0.09857867658138275,0.9680957198143005,0.8881664276123047
YPL091W,YBL060W,0,-1.0778003,0.09856867045164108,0.9680957198143005,0.8882665038108826
YDR329C,YBL057C,0,-1.0787148,0.09855867177248001,0.9680957198143005,0.8883665204048157
YDR056C,YJL065C,0,-1.0798503,0.09854866564273834,0.9680957198143005,0.8884665369987488
YGL119W,YDR065W,0,-1.0804377,0.09853866696357727,0.9680957198143005,0.8885665535926819
YMR188C,YDR116C,0,-1.0805002,0.0985286682844162,0.9680957198143005,0.888666570186615
YNL086W,YAL034W-A,0,-1.0806378,0.09851866960525513,0.9680957198143005,0.8887666463851929
YNL162W,YJR058C,0,-1.0806518,0.09850867092609406,0.9680957198143005,0.888866662979126
YMR289W,YDL184C,0,-1.0806547,0.09849867969751358,0.9680957198143005,0.8889666795730591
YMR302C,YGR076C,0,-1.081861,0.0984886884689331,0.9680957198143005,0.8890666961669922
YDR511W,YBR012W-B,0,-1.0820407,0.09847870469093323,0.9680957198143005,0.8891667723655701
YCL063W,YDR069C,0,-1.082549,0.09846871346235275,0.9680957198143005,0.8892667889595032
YLR106C,YLR433C,0,-1.0827078,0.09845872968435287,0.9680957198143005,0.8893668055534363
YFL004W,YNL189W,0,-1.0830495,0.098448745906353,0.9680957198143005,0.8894668221473694
YER111C,YPR168W,0,-1.084501,0.09843876957893372,0.9680957198143005,0.8895668983459473
YGR263C,YOR131C,0,-1.0848055,0.09842878580093384,0.9680957198143005,0.8896669149398804
YDL043C,YDL127W,0,-1.0848535,0.09841880947351456,0.9680957198143005,0.8897669315338135
YFR006W,YGR135W,0,-1.0850778,0.09840884059667587,0.9680957198143005,0.8898669481277466
YNL291C,YJL025W,0,-1.0856256,0.09839886426925659,0.9680957198143005,0.8899669647216797
YOR386W,YBR248C,1,-1.086017,0.09849022328853607,0.9690927267074585,0.8899669647216797
YJR022W,YJR058C,0,-1.0863732,0.0984802395105362,0.9690927267074585,0.8900670409202576
YJR058C,YMR165C,0,-1.0870018,0.09847026318311691,0.9690927267074585,0.8901670575141907
YGL120C,YNL007C,0,-1.0874047,0.09846029430627823,0.9690927267074585,0.8902670741081238
YER029C,YNL188W,0,-1.0877682,0.09845031797885895,0.9690927267074585,0.8903670907020569
YJR076C,YNL244C,0,-1.0877972,0.09844034910202026,0.9690927267074585,0.8904671669006348
YLR396C,YJR094W-A,0,-1.0879236,0.09843038022518158,0.9690927267074585,0.8905671834945679
YBR097W,YOL149W,0,-1.0880016,0.0984204113483429,0.9690927267074585,0.890667200088501
YBR213W,YGL141W,0,-1.0884273,0.09841044992208481,0.9690927267074585,0.8907672166824341
YDR117C,YOR014W,0,-1.0887706,0.09840048849582672,0.9690927267074585,0.8908672332763672
YOL138C,YPR122W,0,-1.0892714,0.09839052706956863,0.9690927267074585,0.8909673094749451
YDR503C,YDR362C,0,-1.0893205,0.09838056564331055,0.9690927267074585,0.8910673260688782
YHR116W,YOR075W,0,-1.0900273,0.09837061166763306,0.9690927267074585,0.8911673426628113
YKL108W,YMR004W,0,-1.0903616,0.09836065769195557,0.9690927267074585,0.8912673592567444
YJR097W,YCR028C,0,-1.0904665,0.09835070371627808,0.9690927267074585,0.8913674354553223
YDL129W,YJL108C,0,-1.090734,0.09834074974060059,0.9690927267074585,0.8914674520492554
YDR177W,YDR330W,0,-1.090962,0.09833080321550369,0.9690927267074585,0.8915674686431885
YKL218C,YNR033W,1,-1.0916952,0.09842201322317123,0.9700897336006165,0.8915674686431885
YBL103C,YNL191W,0,-1.0917304,0.09841205924749374,0.9700897336006165,0.8916674852371216
YLR014C,YDR054C,0,-1.0921018,0.09840210527181625,0.9700897336006165,0.8917675018310547
YIL004C,YOR067C,0,-1.0934055,0.09839215129613876,0.9700897336006165,0.8918675780296326
YHR153C,YPL149W,0,-1.0948724,0.09838220477104187,0.9700897336006165,0.8919675946235657
YML085C,YER112W,0,-1.0951893,0.09837225824594498,0.9700897336006165,0.8920676112174988
YER099C,YHR070W,0,-1.0955647,0.09836231172084808,0.9700897336006165,0.8921676278114319
YDR121W,YMR188C,0,-1.096043,0.09835237264633179,0.9700897336006165,0.8922677040100098
YGR263C,YPL059W,0,-1.0962448,0.0983424261212349,0.9700897336006165,0.8923677206039429
YLR276C,YLR010C,0,-1.096291,0.0983324944972992,0.9700897336006165,0.892467737197876
YHL044W,YNL159C,0,-1.0964134,0.0983225554227829,0.9700897336006165,0.8925677537918091
YOR043W,YMR204C,0,-1.0968113,0.0983126163482666,0.9700897336006165,0.892667829990387
YNL188W,YGR218W,0,-1.0973115,0.0983026847243309,0.9700897336006165,0.8927678465843201
YDR312W,YIR023W,0,-1.0973644,0.0982927605509758,0.9700897336006165,0.8928678631782532
YLR418C,YMR201C,0,-1.0984777,0.0982828289270401,0.9700897336006165,0.8929678797721863
YGR009C,YKL108W,0,-1.0985254,0.098272904753685,0.9700897336006165,0.8930678963661194
YKR037C,YJL008C,0,-1.0990913,0.0982629805803299,0.9700897336006165,0.8931679725646973
YJL125C,YPR122W,0,-1.0992792,0.09825305640697479,0.9700897336006165,0.8932679891586304
YDR495C,YDL065C,0,-1.0993733,0.09824313223361969,0.9700897336006165,0.8933680057525635
YGR123C,YPR031W,0,-1.0999607,0.09823321551084518,0.9700897336006165,0.8934680223464966
YML113W,YOR044W,0,-1.1003133,0.09822329878807068,0.9700897336006165,0.8935680985450745
YHR207C,YGR006W,0,-1.1006064,0.09821338206529617,0.9700897336006165,0.8936681151390076
YMR289W,YBR251W,0,-1.1019245,0.09820347279310226,0.9700897336006165,0.8937681317329407
YOR346W,YHR099W,0,-1.1031284,0.09819356352090836,0.9700897336006165,0.8938681483268738
YML094W,YPR081C,0,-1.103206,0.09818365424871445,0.9700897336006165,0.8939681649208069
YMR281W,YLR010C,0,-1.1043556,0.09817374497652054,0.9700897336006165,0.8940682411193848
YJR033C,YBR142W,0,-1.1057739,0.09816384315490723,0.9700897336006165,0.8941682577133179
YDL190C,YER133W,0,-1.1060463,0.09815394133329391,0.9700897336006165,0.894268274307251
YBL057C,YEL061C,0,-1.1064484,0.0981440395116806,0.9700897336006165,0.8943682909011841
YNL306W,YBL090W,0,-1.1090609,0.09813413769006729,0.9700897336006165,0.894468367099762
YJR094W-A,YDR169C,0,-1.1094949,0.09812424331903458,0.9700897336006165,0.8945683836936951
YPR070W,YPL202C,0,-1.1096395,0.09811434894800186,0.9700897336006165,0.8946684002876282
YML012W,YER112W,0,-1.1096666,0.09810445457696915,0.9700897336006165,0.8947684168815613
YOR182C,YPR081C,0,-1.1098597,0.09809456765651703,0.9700897336006165,0.8948684334754944
YHR067W,YKR048C,0,-1.1100199,0.09808468073606491,0.9700897336006165,0.8949685096740723
YLR214W,YJL073W,0,-1.1101909,0.09807479381561279,0.9700897336006165,0.8950685262680054
YJR066W,YGL206C,0,-1.11185,0.09806490689516068,0.9700897336006165,0.8951685428619385
YOR046C,YHR167W,0,-1.1123084,0.09805501997470856,0.9700897336006165,0.8952685594558716
YBR024W,YLR086W,0,-1.1127152,0.09804514050483704,0.9700897336006165,0.8953686356544495
YMR043W,YLR014C,0,-1.1130112,0.09803526103496552,0.9700897336006165,0.8954686522483826
YLR287C-A,YIL026C,0,-1.1138859,0.09802538901567459,0.9700897336006165,0.8955686688423157
YNL086W,YNL292W,0,-1.1144487,0.09801550954580307,0.9700897336006165,0.8956686854362488
YCL061C,YER110C,0,-1.1152587,0.09800563752651215,0.9700897336006165,0.8957687020301819
YDL109C,YDR288W,0,-1.1155488,0.09799577295780182,0.9700897336006165,0.8958687782287598
YNL158W,YER082C,0,-1.1160028,0.0979859009385109,0.9700897336006165,0.8959687948226929
YKR062W,YNL212W,0,-1.1162441,0.09797603636980057,0.9700897336006165,0.896068811416626
YPR118W,YDR483W,0,-1.1165268,0.09796617180109024,0.9700897336006165,0.8961688280105591
YDR318W,YOR332W,0,-1.1166552,0.09795630723237991,0.9700897336006165,0.896268904209137
YCR081W,YIL138C,0,-1.1167781,0.09794645011425018,0.9700897336006165,0.8963689208030701
YOR124C,YOR244W,0,-1.1168029,0.09793658554553986,0.9700897336006165,0.8964689373970032
YDR071C,YMR302C,0,-1.1183598,0.09792672842741013,0.9700897336006165,0.8965689539909363
YOR257W,YLR403W,0,-1.118771,0.09791687875986099,0.9700897336006165,0.8966690301895142
YOR182C,YER113C,0,-1.1199228,0.09790702164173126,0.9700897336006165,0.8967690467834473
YBL061C,YDL112W,0,-1.1206023,0.09789717197418213,0.9700897336006165,0.8968690633773804
YMR070W,YMR188C,0,-1.1209161,0.097887322306633,0.9700897336006165,0.8969690799713135
YKL059C,YPL220W,0,-1.1211833,0.09787748008966446,0.9700897336006165,0.8970690965652466
YLR097C,YPL101W,0,-1.1214443,0.09786763042211533,0.9700897336006165,0.8971691727638245
YGR086C,YPR122W,0,-1.1216531,0.09785778820514679,0.9700897336006165,0.8972691893577576
YOL127W,YER089C,0,-1.1238253,0.09784794598817825,0.9700897336006165,0.8973692059516907
YMR171C,YMR257C,0,-1.124307,0.09783811122179031,0.9700897336006165,0.8974692225456238
YNL280C,YPL085W,0,-1.1247107,0.09782826900482178,0.9700897336006165,0.8975692987442017
YJL046W,YPR081C,0,-1.1254213,0.09781843423843384,0.9700897336006165,0.8976693153381348
YNL310C,YCR054C,0,-1.1255225,0.0978086069226265,0.9700897336006165,0.8977693319320679
YIL004C,YPR063C,0,-1.1267257,0.09779877215623856,0.9700897336006165,0.897869348526001
YML060W,YGL184C,1,-1.1275244,0.09788944572210312,0.9710867404937744,0.897869348526001
YNL158W,YDR334W,0,-1.1276447,0.09787961095571518,0.9710867404937744,0.8979693651199341
YGL128C,YBR245C,0,-1.1276573,0.09786977618932724,0.9710867404937744,0.898069441318512
YIL109C,YDL065C,0,-1.1277657,0.0978599414229393,0.9710867404937744,0.8981694579124451
YHR044C,YJR089W,0,-1.1281749,0.09785011410713196,0.9710867404937744,0.8982694745063782
YOR061W,YJR075W,0,-1.128594,0.09784027934074402,0.9710867404937744,0.8983694911003113
YGL232W,YMR233W,0,-1.128704,0.09783045202493668,0.9710867404937744,0.8984695672988892
YFR037C,YNR020C,0,-1.129298,0.09782063215970993,0.9710867404937744,0.8985695838928223
YDL110C,YHR036W,0,-1.1294293,0.09781080484390259,0.9710867404937744,0.8986696004867554
YMR166C,YDR466W,0,-1.1315852,0.09780098497867584,0.9710867404937744,0.8987696170806885
YJR097W,YKR105C,0,-1.131858,0.0977911651134491,0.9710867404937744,0.8988696336746216
YMR004W,YAL035W,0,-1.1322358,0.09778134524822235,0.9710867404937744,0.8989697098731995
YCL061C,YNL189W,0,-1.1330215,0.0977715328335762,0.9710867404937744,0.8990697264671326
YOR124C,YGR054W,0,-1.1338913,0.09776172041893005,0.9710867404937744,0.8991697430610657
YOR128C,YOR202W,1,-1.1347584,0.09785226732492447,0.9720837473869324,0.8991697430610657
YML015C,YLR186W,0,-1.1357167,0.09784244745969772,0.9720837473869324,0.8992697596549988
YHR031C,YMR043W,0,-1.1368711,0.09783262759447098,0.9720837473869324,0.8993698358535767
YKR030W,YDR320C,0,-1.1372448,0.09782281517982483,0.9720837473869324,0.8994698524475098
YHL008C,YLR265C,0,-1.137664,0.09781300276517868,0.9720837473869324,0.8995698690414429
YKL059C,YDL184C,0,-1.1380451,0.09780319035053253,0.9720837473869324,0.899669885635376
YOL127W,YDL195W,0,-1.1383798,0.09779337793588638,0.9720837473869324,0.8997699022293091
YDL166C,YOR057W,0,-1.1383971,0.09778357297182083,0.9720837473869324,0.899869978427887
YGL137W,YDR117C,0,-1.1392426,0.09777376800775528,0.9720837473869324,0.8999699950218201
YAL034W-A,YBR122C,0,-1.1393532,0.09776396304368973,0.9720837473869324,0.9000700116157532
YGR220C,YPL103C,0,-1.1404659,0.09775415807962418,0.9720837473869324,0.9001700282096863
YFR041C,YCL031C,0,-1.1406169,0.09774436056613922,0.9720837473869324,0.9002701044082642
YGR223C,YMR004W,0,-1.1406425,0.09773456305265427,0.9720837473869324,0.9003701210021973
YKL173W,YOL064C,0,-1.140835,0.09772476553916931,0.9720837473869324,0.9004701375961304
YGL136C,YDL164C,0,-1.1412306,0.09771497547626495,0.9720837473869324,0.9005701541900635
YDR299W,YDR126W,0,-1.1414326,0.09770517796278,0.9720837473869324,0.9006702303886414
YHR028C,YKR048C,0,-1.14151,0.09769538789987564,0.9720837473869324,0.9007702469825745
YNL301C,YKL116C,0,-1.141529,0.09768560528755188,0.9720837473869324,0.9008702635765076
YMR130W,YHR129C,0,-1.1415391,0.09767581522464752,0.9720837473869324,0.9009702801704407
YDR107C,YMR130W,0,-1.1419847,0.09766603261232376,0.9720837473869324,0.9010702967643738
YMR166C,YLR120C,0,-1.1421785,0.09765625,0.9720837473869324,0.9011703729629517
YLR373C,YMR233W,0,-1.1423113,0.09764646738767624,0.9720837473869324,0.9012703895568848
YPR098C,YMR163C,0,-1.1426721,0.09763669222593307,0.9720837473869324,0.9013704061508179
YGL120C,YDR228C,0,-1.1434933,0.09762691706418991,0.9720837473869324,0.901470422744751
YIL039W,YGR184C,0,-1.1435859,0.09761714190244675,0.9720837473869324,0.9015704989433289
YMR264W,YMR171C,0,-1.1446254,0.09760736674070358,0.9720837473869324,0.901670515537262
YBL060W,YLL022C,0,-1.1448363,0.09759759902954102,0.9720837473869324,0.9017705321311951
YHR105W,YOL125W,0,-1.144871,0.09758783131837845,0.9720837473869324,0.9018705487251282
YOR076C,YOR131C,0,-1.145174,0.09757806360721588,0.9720837473869324,0.9019705653190613
YIL026C,YDR032C,0,-1.1453795,0.09756829589605331,0.9720837473869324,0.9020706415176392
YPR186C,YPR122W,0,-1.1454511,0.09755853563547134,0.9720837473869324,0.9021706581115723
YOL139C,YLR381W,0,-1.1457174,0.09754877537488937,0.9720837473869324,0.9022706747055054
YIL026C,YKL042W,0,-1.1457559,0.0975390151143074,0.9720837473869324,0.9023706912994385
YMR287C,YML074C,0,-1.145992,0.09752926230430603,0.9720837473869324,0.9024707674980164
YBR205W,YNR011C,0,-1.1462772,0.09751950204372406,0.9720837473869324,0.9025707840919495
YKL088W,YNR033W,1,-1.1463003,0.0976097583770752,0.9730807542800903,0.9025707840919495
YBR176W,YMR188C,0,-1.1463017,0.09759999811649323,0.9730807542800903,0.9026708006858826
YOR039W,YLR306W,0,-1.147451,0.09759023785591125,0.9730807542800903,0.9027708172798157
YLR371W,YML115C,0,-1.1477063,0.09758048504590988,0.9730807542800903,0.9028708338737488
YLR099C,YER106W,0,-1.1497033,0.09757073223590851,0.9730807542800903,0.9029709100723267
YKL183W,YOR246C,0,-1.1513677,0.09756097197532654,0.9730807542800903,0.9030709266662598
YOR269W,YDR362C,0,-1.151412,0.09755122661590576,0.9730807542800903,0.9031709432601929
YEL021W,YDL065C,0,-1.1516416,0.09754147380590439,0.9730807542800903,0.903270959854126
YDR107C,YDR507C,0,-1.1516446,0.09753172844648361,0.9730807542800903,0.9033710360527039
YOR278W,YDL200C,0,-1.1530724,0.09752198308706284,0.9730807542800903,0.903471052646637
YNL191W,YDR320C,0,-1.1540171,0.09751223772764206,0.9730807542800903,0.9035710692405701
YFR008W,YBL055C,0,-1.1559566,0.09750249981880188,0.9730807542800903,0.9036710858345032
YOL005C,YKL116C,0,-1.1570603,0.0974927544593811,0.9730807542800903,0.9037711024284363
YLR237W,YDR231C,0,-1.1572919,0.09748302400112152,0.9730807542800903,0.9038711786270142
YIR006C,YDL030W,0,-1.1573961,0.09747328609228134,0.9730807542800903,0.9039711952209473
YLR221C,YLR467W,0,-1.1577251,0.09746354818344116,0.9730807542800903,0.9040712118148804
YJL080C,YLR403W,0,-1.1581702,0.09745381772518158,0.9730807542800903,0.9041712284088135
YMR201C,YDR320C,0,-1.1584096,0.097444087266922,0.9730807542800903,0.9042713046073914
YJR060W,YDL180W,0,-1.1586661,0.09743436425924301,0.9730807542800903,0.9043713212013245
YDR315C,YJR089W,0,-1.1590807,0.09742463380098343,0.9730807542800903,0.9044713377952576
YAL008W,YCR054C,0,-1.1592774,0.09741491079330444,0.9730807542800903,0.9045713543891907
YJR015W,YDR118W,0,-1.159967,0.09740518778562546,0.9730807542800903,0.9046714305877686
YHR153C,YOR373W,0,-1.1601648,0.09739547222852707,0.9730807542800903,0.9047714471817017
YPR081C,YPR019W,0,-1.1607162,0.09738574922084808,0.9730807542800903,0.9048714637756348
YJL090C,YDR177W,0,-1.1610937,0.0973760336637497,0.9730807542800903,0.9049714803695679
YGR009C,YGR154C,0,-1.1613164,0.0973663181066513,0.9730807542800903,0.905071496963501
YOR096W,YGL147C,0,-1.1624354,0.09735661000013351,0.9730807542800903,0.9051715731620789
YBR264C,YMR070W,0,-1.1628668,0.09734689444303513,0.9730807542800903,0.905271589756012
YDR363W-A,YJR135W-A,0,-1.1634951,0.09733718633651733,0.9730807542800903,0.9053716063499451
YJR066W,YDL108W,0,-1.1650603,0.09732748568058014,0.9730807542800903,0.9054716229438782
YMR314W,YBR251W,0,-1.1651003,0.09731777757406235,0.9730807542800903,0.905571699142456
YNL049C,YOL003C,0,-1.1656444,0.09730807691812515,0.9730807542800903,0.9056717157363892
YJL102W,YCR092C,0,-1.1661776,0.09729837626218796,0.9730807542800903,0.9057717323303223
YKR062W,YLR418C,0,-1.1662859,0.09728867560625076,0.9730807542800903,0.9058717489242554
YOR182C,YEL061C,0,-1.1668715,0.09727898240089417,0.9730807542800903,0.9059717655181885
YLR170C,YKL059C,0,-1.1678668,0.09726928174495697,0.9730807542800903,0.9060718417167664
YCR072C,YLR287C-A,0,-1.1692038,0.09725958853960037,0.9730807542800903,0.9061718583106995
YNL206C,YIL009C-A,0,-1.1700867,0.09724990278482437,0.9730807542800903,0.9062718749046326
YBR248C,YOR278W,1,-1.170508,0.09733984619379044,0.9740777611732483,0.9062718749046326
YHR086W,YMR109W,0,-1.1713853,0.09733014553785324,0.9740777611732483,0.9063718914985657
YDL184C,YER012W,0,-1.1714009,0.09732045233249664,0.9740777611732483,0.9064719676971436
YOL003C,YIL004C,0,-1.1714299,0.09731075912714005,0.9740777611732483,0.9065719842910767
YPR186C,YNL149C,0,-1.173847,0.09730106592178345,0.9740777611732483,0.9066720008850098
YLR147C,YDL112W,0,-1.1751031,0.09729137271642685,0.9740777611732483,0.9067720174789429
YMR139W,YJL129C,0,-1.1753099,0.09728168696165085,0.9740777611732483,0.906872034072876
YMR188C,YDR130C,0,-1.1756542,0.09727200120687485,0.9740777611732483,0.9069721102714539
YBL078C,YPR019W,0,-1.175974,0.09726232290267944,0.9740777611732483,0.907072126865387
YJL033W,YDR118W,0,-1.1763939,0.09725263714790344,0.9740777611732483,0.9071721434593201
YKL181W,YHR081W,0,-1.1773798,0.09724295884370804,0.9740777611732483,0.9072721600532532
YGL232W,YNL189W,0,-1.1778635,0.09723328053951263,0.9740777611732483,0.907372236251831
YLR287C-A,YLR014C,0,-1.1779256,0.09722360223531723,0.9740777611732483,0.9074722528457642
YBR012W-A,YGR062C,0,-1.178389,0.09721393138170242,0.9740777611732483,0.9075722694396973
YJR145C,YDL138W,0,-1.1795232,0.09720426052808762,0.9740777611732483,0.9076722860336304
YNL292W,YGR062C,0,-1.1795855,0.09719458967447281,0.9740777611732483,0.9077723026275635
YKR061W,YPL157W,0,-1.180813,0.097184918820858,0.9740777611732483,0.9078723788261414
YER140W,YJL109C,0,-1.1809881,0.09717525541782379,0.9740777611732483,0.9079723954200745
YDR074W,YOR228C,0,-1.1812569,0.09716559201478958,0.9740777611732483,0.9080724120140076
YJR010C-A,YOR070C,0,-1.1813254,0.09715592861175537,0.9740777611732483,0.9081724286079407
YNL001W,YJL072C,0,-1.1818881,0.09714626520872116,0.9740777611732483,0.9082725048065186
YDR478W,YLL001W,0,-1.1823361,0.09713660925626755,0.9740777611732483,0.9083725214004517
YNL086W,YER120W,0,-1.1831574,0.09712695330381393,0.9740777611732483,0.9084725379943848
YCR020C,YAL034W-A,0,-1.1856365,0.09711729735136032,0.9740777611732483,0.9085725545883179
YOR116C,YDR283C,0,-1.1856837,0.09710764139890671,0.9740777611732483,0.9086726307868958
YBR055C,YPL214C,0,-1.1858941,0.09709799289703369,0.9740777611732483,0.9087726473808289
YJR068W,YOL123W,0,-1.1876109,0.09708834439516068,0.9740777611732483,0.908872663974762
YGR062C,YDR421W,0,-1.1876235,0.09707869589328766,0.9740777611732483,0.9089726805686951
YLR373C,YJR134C,0,-1.1878366,0.09706905484199524,0.9740777611732483,0.9090726971626282
YBR264C,YDR334W,0,-1.1878943,0.09705940634012222,0.9740777611732483,0.909172773361206
YGR104C,YDR103W,0,-1.1884916,0.0970497652888298,0.9740777611732483,0.9092727899551392
YHL008C,YLR032W,0,-1.1892016,0.09704012423753738,0.9740777611732483,0.9093728065490723
YNR027W,YER111C,0,-1.1893051,0.09703049063682556,0.9740777611732483,0.9094728231430054
YAL041W,YOR179C,0,-1.1897514,0.09702085703611374,0.9740777611732483,0.9095728993415833
YNL291C,YMR285C,0,-1.1903064,0.09701122343540192,0.9740777611732483,0.9096729159355164
YOL092W,YJR059W,0,-1.1908803,0.0970015898346901,0.9740777611732483,0.9097729325294495
YHR153C,YBR264C,0,-1.1911373,0.09699195623397827,0.9740777611732483,0.9098729491233826
YOL138C,YOL005C,0,-1.1915274,0.09698233008384705,0.9740777611732483,0.9099729657173157
YBR156C,YDR356W,0,-1.1918339,0.09697270393371582,0.9740777611732483,0.9100730419158936
YBR198C,YHR129C,0,-1.1920527,0.0969630777835846,0.9740777611732483,0.9101730585098267
YNL001W,YDR139C,0,-1.1921799,0.09695345908403397,0.9740777611732483,0.9102730751037598
YIL026C,YLR207W,0,-1.1924322,0.09694384038448334,0.9740777611732483,0.9103730916976929
YMR100W,YIL113W,0,-1.1926403,0.09693422168493271,0.9740777611732483,0.9104731678962708
YMR264W,YOL031C,0,-1.1927822,0.09692460298538208,0.9740777611732483,0.9105731844902039
YGR075C,YJR089W,0,-1.1929832,0.09691499173641205,0.9740777611732483,0.910673201084137
YAR019C,YBR058C,0,-1.1936476,0.09690537303686142,0.9740777611732483,0.9107732176780701
YML043C,YHL019C,0,-1.1938355,0.09689576178789139,0.9740777611732483,0.9108732342720032
YCL055W,YOL077C,0,-1.1946744,0.09688615798950195,0.9740777611732483,0.910973310470581
YGL223C,YDR116C,0,-1.194797,0.09687654674053192,0.9740777611732483,0.9110733270645142
YGL136C,YDL143W,0,-1.1952999,0.09686694294214249,0.9740777611732483,0.9111733436584473
YDL007W,YNR040W,0,-1.1957349,0.09685733914375305,0.9740777611732483,0.9112733602523804
YHR031C,YPR019W,0,-1.1960046,0.09684774279594421,0.9740777611732483,0.9113734364509583
YNL248C,YLR357W,0,-1.1963336,0.09683813899755478,0.9740777611732483,0.9114734530448914
YER099C,YGL251C,0,-1.1964402,0.09682854264974594,0.9740777611732483,0.9115734696388245
YML104C,YOR217W,0,-1.1970388,0.0968189463019371,0.9740777611732483,0.9116734862327576
YDR022C,YLR370C,0,-1.1973042,0.09680935740470886,0.9740777611732483,0.9117735028266907
YKL135C,YMR285C,0,-1.1989353,0.09679976105690002,0.9740777611732483,0.9118735790252686
YLR134W,YDR288W,0,-1.1995205,0.09679017215967178,0.9740777611732483,0.9119735956192017
YDL164C,YKR062W,0,-1.1997921,0.09678058326244354,0.9740777611732483,0.9120736122131348
YBL057C,YPL068C,0,-1.2025937,0.0967710018157959,0.9740777611732483,0.9121736288070679
YOL065C,YDR060W,0,-1.2027698,0.09676141291856766,0.9740777611732483,0.9122737050056458
YPR048W,YJR065C,0,-1.2041771,0.09675183147192001,0.9740777611732483,0.9123737215995789
YDL099W,YML088W,0,-1.2043939,0.09674225002527237,0.9740777611732483,0.912473738193512
YNL331C,YBR087W,0,-1.2049844,0.09673267602920532,0.9740777611732483,0.9125737547874451
YLR418C,YFR006W,0,-1.2053264,0.09672309458255768,0.9740777611732483,0.912673830986023
YKR104W,YOR080W,0,-1.2053759,0.09671352058649063,0.9740777611732483,0.912773847579956
YDR253C,YHR027C,0,-1.2077669,0.09670394659042358,0.9740777611732483,0.9128738641738892
YOR257W,YMR204C,0,-1.2080503,0.09669438004493713,0.9740777611732483,0.9129738807678223
YBR041W,YML104C,0,-1.2081846,0.09668480604887009,0.9740777611732483,0.9130738973617554
YHR067W,YOR265W,0,-1.2083154,0.09667523950338364,0.9740777611732483,0.9131739735603333
YPL262W,YBL019W,1,-1.2084504,0.09676461666822433,0.9750747680664062,0.9131739735603333
YDR362C,YDR330W,0,-1.208803,0.09675504267215729,0.9750747680664062,0.9132739901542664
YGR029W,YDR486C,0,-1.2096152,0.09674547612667084,0.9750747680664062,0.9133740067481995
YLR172C,YNL213C,0,-1.2114154,0.09673590213060379,0.9750747680664062,0.9134740233421326
YOR075W,YDR054C,0,-1.2115673,0.09672633558511734,0.9750747680664062,0.9135740995407104
YPR166C,YDL185W,0,-1.2118416,0.09671676903963089,0.9750747680664062,0.9136741161346436
YPL157W,YPR073C,0,-1.2122178,0.09670720994472504,0.9750747680664062,0.9137741327285767
YJL056C,YAL025C,0,-1.2122998,0.09669764339923859,0.9750747680664062,0.9138741493225098
YDR533C,YLR364W,0,-1.2138071,0.09668808430433273,0.9750747680664062,0.9139741659164429
YML040W,YGR295C,0,-1.2143312,0.09667853266000748,0.9750747680664062,0.9140742421150208
YDR128W,YOR044W,0,-1.2147595,0.09666897356510162,0.9750747680664062,0.9141742587089539
YPL101W,YNL248C,0,-1.2147644,0.09665942192077637,0.9750747680664062,0.914274275302887
YDL043C,YBR214W,0,-1.2150786,0.09664987027645111,0.9750747680664062,0.9143742918968201
YNL001W,YOR096W,0,-1.2157017,0.09664031863212585,0.9750747680664062,0.914474368095398
YNL146W,YJL073W,0,-1.215772,0.0966307669878006,0.9750747680664062,0.914574384689331
YGL227W,YHR010W,0,-1.2174754,0.09662122279405594,0.9750747680664062,0.9146744012832642
YBR251W,YPR073C,0,-1.2174844,0.09661167860031128,0.9750747680664062,0.9147744178771973
YJL165C,YJL189W,0,-1.2178121,0.09660213440656662,0.9750747680664062,0.9148744344711304
YMR297W,YLR212C,0,-1.2178291,0.09659259021282196,0.9750747680664062,0.9149745106697083
YKR090W,YJR033C,0,-1.2197793,0.0965830534696579,0.9750747680664062,0.9150745272636414
YDL141W,YHR081W,0,-1.2202199,0.09657351672649384,0.9750747680664062,0.9151745438575745
YNL159C,YDR478W,0,-1.2207335,0.09656397998332977,0.9750747680664062,0.9152745604515076
YDL210W,YPL074W,0,-1.2211068,0.09655445069074631,0.9750747680664062,0.9153746366500854
YCR081W,YOL080C,0,-1.2212012,0.09654491394758224,0.9750747680664062,0.9154746532440186
YHR207C,YLR221C,0,-1.2212386,0.09653538465499878,0.9750747680664062,0.9155746698379517
YPR132W,YLR448W,0,-1.2217265,0.09652585536241531,0.9750747680664062,0.9156746864318848
YFL029C,YGR184C,0,-1.2239623,0.09651633352041245,0.9750747680664062,0.9157747030258179
YLR381W,YLR078C,0,-1.227236,0.09650681167840958,0.9750747680664062,0.9158747792243958
YNL185C,YDR486C,0,-1.2293532,0.09649728983640671,0.9750747680664062,0.9159747958183289
YGL173C,YMR285C,0,-1.2293704,0.09648776799440384,0.9750747680664062,0.916074812412262
YAR015W,YPL022W,0,-1.2302868,0.09647824615240097,0.9750747680664062,0.9161748290061951
YDR440W,YGL178W,0,-1.230392,0.0964687317609787,0.9750747680664062,0.916274905204773
YLR364W,YMR257C,0,-1.231436,0.09645921736955643,0.9750747680664062,0.916374921798706
YLR170C,YDR022C,0,-1.2317206,0.09644970297813416,0.9750747680664062,0.9164749383926392
YFR032C-A,YNL301C,0,-1.2318479,0.09644019603729248,0.9750747680664062,0.9165749549865723
YHR021C,YER161C,0,-1.233147,0.09643068164587021,0.9750747680664062,0.9166750311851501
YHL008C,YGR188C,0,-1.2353077,0.09642117470502853,0.9750747680664062,0.9167750477790833
YPR186C,YER082C,0,-1.2353537,0.09641167521476746,0.9750747680664062,0.9168750643730164
YMR289W,YDR487C,1,-1.235729,0.09650073945522308,0.9760717749595642,0.9168750643730164
YOL125W,YIL115C,0,-1.237746,0.09649122506380081,0.9760717749595642,0.9169750809669495
YDR128W,YOR127W,0,-1.2383134,0.09648171812295914,0.9760717749595642,0.9170750975608826
YIR037W,YMR163C,0,-1.2390549,0.09647221118211746,0.9760717749595642,0.9171751737594604
YHR117W,YPL085W,0,-1.2393289,0.09646270424127579,0.9760717749595642,0.9172751903533936
YKR090W,YDL200C,0,-1.239382,0.09645320475101471,0.9760717749595642,0.9173752069473267
YLR414C,YER112W,0,-1.2399905,0.09644369781017303,0.9760717749595642,0.9174752235412598
YDR060W,YGR158C,0,-1.240268,0.09643419831991196,0.9760717749595642,0.9175752997398376
YCR075C,YDR166C,0,-1.2403209,0.09642469882965088,0.9760717749595642,0.9176753163337708
YCR072C,YAL034W-A,0,-1.2420616,0.0964152067899704,0.9760717749595642,0.9177753329277039
YCR081W,YPL068C,0,-1.2439439,0.09640571475028992,0.9760717749595642,0.917875349521637
YDL120W,YJR033C,0,-1.2443357,0.09639621526002884,0.9760717749595642,0.9179753661155701
YGL211W,YLR139C,0,-1.2457962,0.09638673067092896,0.9760717749595642,0.918075442314148
YOR076C,YDL030W,0,-1.2464125,0.09637723863124847,0.9760717749595642,0.918175458908081
YDR424C,YDR242W,0,-1.2465516,0.09636775404214859,0.9760717749595642,0.9182754755020142
YMR316W,YDL164C,0,-1.2466835,0.0963582694530487,0.9760717749595642,0.9183754920959473
YML113W,YJL097W,0,-1.2475486,0.09634878486394882,0.9760717749595642,0.9184755682945251
YOR174W,YAL058W,0,-1.2480867,0.09633930027484894,0.9760717749595642,0.9185755848884583
YDL108W,YDR228C,0,-1.2484591,0.09632982313632965,0.9760717749595642,0.9186756014823914
YBR198C,YJL156C,0,-1.2486149,0.09632034599781036,0.9760717749595642,0.9187756180763245
YDR297W,YDR252W,0,-1.2496262,0.09631086885929108,0.9760717749595642,0.9188756346702576
YJL170C,YER120W,0,-1.2504046,0.09630139917135239,0.9760717749595642,0.9189757108688354
YOL007C,YGR116W,0,-1.2525151,0.0962919220328331,0.9760717749595642,0.9190757274627686
YJL044C,YML005W,0,-1.2543355,0.09628245234489441,0.9760717749595642,0.9191757440567017
YMR233W,YKR097W,0,-1.2548232,0.09627299010753632,0.9760717749595642,0.9192757606506348
YLR165C,YHR112C,1,-1.2552549,0.09636184573173523,0.9770687818527222,0.9192757606506348
YOR128C,YJL097W,1,-1.255496,0.09645069390535355,0.9780657887458801,0.9192757606506348
YDR466W,YKL143W,0,-1.2558262,0.09644120931625366,0.9780657887458801,0.9193758368492126
YOL005C,YDR228C,0,-1.2570747,0.09643173217773438,0.9780657887458801,0.9194758534431458
YGL136C,YGL211W,0,-1.2585664,0.09642225503921509,0.9780657887458801,0.9195758700370789
YCR028C,YGL106W,0,-1.2586298,0.0964127779006958,0.9780657887458801,0.919675886631012
YMR139W,YLR032W,0,-1.2596232,0.09640330076217651,0.9780657887458801,0.9197759032249451
YML012W,YBR012W-A,0,-1.2605872,0.09639383107423782,0.9780657887458801,0.919875979423523
YER114C,YLR276C,0,-1.261709,0.09638436138629913,0.9780657887458801,0.919975996017456
YLR459W,YKL212W,0,-1.2623756,0.09637489169836044,0.9780657887458801,0.9200760126113892
YGL227W,YNR007C,0,-1.262805,0.09636542201042175,0.9780657887458801,0.9201760292053223
YGL147C,YMR004W,0,-1.2633464,0.09635595977306366,0.9780657887458801,0.9202761054039001
YOL018C,YGR135W,0,-1.2645926,0.09634649753570557,0.9780657887458801,0.9203761219978333
YDR440W,YHR099W,0,-1.2647846,0.09633703529834747,0.9780657887458801,0.9204761385917664
YLR079W,YJL189W,0,-1.2653766,0.09632757306098938,0.9780657887458801,0.9205761551856995
YOR175C,YLL022C,0,-1.2653958,0.09631811827421188,0.9780657887458801,0.9206762313842773
YJR134C,YDR362C,0,-1.2661281,0.09630865603685379,0.9780657887458801,0.9207762479782104
YOR265W,YDR486C,0,-1.2662277,0.0962992012500763,0.9780657887458801,0.9208762645721436
YPL051W,YNL119W,0,-1.2664027,0.0962897539138794,0.9780657887458801,0.9209762811660767
YIR006C,YPR047W,0,-1.2664406,0.0962802991271019,0.9780657887458801,0.9210762977600098
YAL010C,YBR214W,0,-1.2666183,0.096270851790905,0.9780657887458801,0.9211763739585876
YKL088W,YPR186C,0,-1.2675109,0.0962614044547081,0.9780657887458801,0.9212763905525208
YDR283C,YOR075W,0,-1.2697706,0.0962519645690918,0.9780657887458801,0.9213764071464539
YML027W,YNL191W,0,-1.2713783,0.0962425172328949,0.9780657887458801,0.921476423740387
YJR058C,YOL109W,0,-1.2713957,0.0962330773472786,0.9780657887458801,0.9215764999389648
YMR282C,YGR135W,0,-1.2726922,0.09622363746166229,0.9780657887458801,0.921676516532898
YAR010C,YDL065C,0,-1.2728403,0.09621420502662659,0.9780657887458801,0.921776533126831
YMR171C,YER030W,0,-1.2736714,0.09620476514101028,0.9780657887458801,0.9218765497207642
YIR012W,YOL077C,0,-1.275396,0.09619533270597458,0.9780657887458801,0.9219765663146973
YAL013W,YLR287C-A,0,-1.2756714,0.09618590027093887,0.9780657887458801,0.9220766425132751
YIR002C,YOR150W,0,-1.2758274,0.09617646783590317,0.9780657887458801,0.9221766591072083
YAL034W-A,YBR245C,0,-1.2765892,0.09616704285144806,0.9780657887458801,0.9222766757011414
YMR233W,YDR038C,0,-1.2774949,0.09615761786699295,0.9780657887458801,0.9223766922950745
YHR153C,YKR038C,0,-1.2779301,0.09614819288253784,0.9780657887458801,0.9224767684936523
YOR278W,YFL061W,1,-1.2788217,0.09623677283525467,0.9790627956390381,0.9224767684936523
YLR364W,YDR177W,0,-1.2788768,0.09622734040021896,0.9790627956390381,0.9225767850875854
YJL136C,YDR390C,0,-1.2791497,0.09621790796518326,0.9790627956390381,0.9226768016815186
YER030W,YJR135W-A,0,-1.2809261,0.09620848298072815,0.9790627956390381,0.9227768182754517
YLR188W,YGL106W,0,-1.2815664,0.09619905799627304,0.9790627956390381,0.9228768348693848
YGL168W,YMR208W,0,-1.2816418,0.09618963301181793,0.9790627956390381,0.9229769110679626
YBR198C,YOR150W,0,-1.2816479,0.09618021547794342,0.9790627956390381,0.9230769276618958
YML085C,YKL042W,0,-1.2818058,0.09617079794406891,0.9790627956390381,0.9231769442558289
YLL001W,YKL195W,0,-1.2820513,0.0961613804101944,0.9790627956390381,0.923276960849762
YLR096W,YHR167W,0,-1.2833402,0.09615196287631989,0.9790627956390381,0.9233770370483398
YLR086W,YOR061W,0,-1.2838235,0.09614255279302597,0.9790627956390381,0.923477053642273
YPL143W,YBR231C,0,-1.284117,0.09613313525915146,0.9790627956390381,0.923577070236206
YJR135C,YER113C,0,-1.2847486,0.09612372517585754,0.9790627956390381,0.9236770868301392
YML015C,YDL065C,0,-1.2857237,0.09611432254314423,0.9790627956390381,0.9237771034240723
YDR253C,YKL179C,0,-1.2882113,0.09610491245985031,0.9790627956390381,0.9238771796226501
YIL150C,YPR168W,0,-1.2886827,0.096095509827137,0.9790627956390381,0.9239771962165833
YIL027C,YDR130C,0,-1.2893723,0.09608610719442368,0.9790627956390381,0.9240772128105164
YDL192W,YDR103W,0,-1.2910545,0.09607670456171036,0.9790627956390381,0.9241772294044495
YMR235C,YDL141W,0,-1.2932746,0.09606730937957764,0.9790627956390381,0.9242773056030273
YDR012W,YER184C,0,-1.2946613,0.09605790674686432,0.9790627956390381,0.9243773221969604
YML077W,YER030W,0,-1.294714,0.0960485115647316,0.9790627956390381,0.9244773387908936
YDL099W,YDR166C,0,-1.2952883,0.09603911638259888,0.9790627956390381,0.9245773553848267
YIR012W,YGR063C,0,-1.298242,0.09602972865104675,0.9790627956390381,0.9246774315834045
YGL210W,YER184C,0,-1.2990965,0.09602034091949463,0.9790627956390381,0.9247774481773376
YKL089W,YJL108C,0,-1.2999481,0.0960109531879425,0.9790627956390381,0.9248774647712708
YBR283C,YLR430W,0,-1.3003926,0.09600156545639038,0.9790627956390381,0.9249774813652039
YDR139C,YLR139C,0,-1.3004937,0.09599217772483826,0.9790627956390381,0.925077497959137
YDL043C,YKR050W,0,-1.3015966,0.09598279744386673,0.9790627956390381,0.9251775741577148
YKR104W,YGR075C,0,-1.3018415,0.0959734171628952,0.9790627956390381,0.925277590751648
YDR425W,YOR257W,0,-1.3021216,0.09596403688192368,0.9790627956390381,0.925377607345581
YJL041W,YOR221C,0,-1.3025339,0.09595466405153275,0.9790627956390381,0.9254776239395142
YBR289W,YBR251W,0,-1.3039186,0.09594528377056122,0.9790627956390381,0.925577700138092
YEL058W,YGL031C,0,-1.3046614,0.09593591094017029,0.9790627956390381,0.9256777167320251
YOR063W,YER184C,0,-1.304758,0.09592653810977936,0.9790627956390381,0.9257777333259583
YML074C,YER007W,0,-1.3058603,0.09591717272996902,0.9790627956390381,0.9258777499198914
YHR031C,YDR466W,0,-1.3069167,0.0959077998995781,0.9790627956390381,0.9259777665138245
YHR206W,YCL059C,0,-1.3071269,0.09589843451976776,0.9790627956390381,0.9260778427124023
YOL003C,YLR176C,0,-1.307188,0.09588907659053802,0.9790627956390381,0.9261778593063354
YJL033W,YGR162W,0,-1.3086448,0.09587971121072769,0.9790627956390381,0.9262778759002686
YGL210W,YER048W-A,0,-1.3092722,0.09587035328149796,0.9790627956390381,0.9263778924942017
YHR052W,YGR158C,0,-1.3095007,0.09586099535226822,0.9790627956390381,0.9264779686927795
YPL085W,YDL017W,0,-1.3100069,0.09585163742303848,0.9790627956390381,0.9265779852867126
YKL059C,YLR357W,0,-1.3107327,0.09584227949380875,0.9790627956390381,0.9266780018806458
YOL018C,YDR503C,0,-1.3107383,0.0958329290151596,0.9790627956390381,0.9267780184745789
YFR041C,YDR238C,0,-1.3117596,0.09582357853651047,0.9790627956390381,0.926878035068512
YJR097W,YDL060W,0,-1.3125862,0.09581422805786133,0.9790627956390381,0.9269781112670898
YBR041W,YEL064C,0,-1.3148451,0.09580487757921219,0.9790627956390381,0.927078127861023
YGR274C,YBR213W,0,-1.3148793,0.09579553455114365,0.9790627956390381,0.927178144454956
YGR062C,YMR152W,0,-1.3154159,0.0957861915230751,0.9790627956390381,0.9272781610488892
YBR041W,YBR012W-B,0,-1.3161299,0.09577684849500656,0.9790627956390381,0.927378237247467
YGL141W,YMR285C,0,-1.3161753,0.09576750546693802,0.9790627956390381,0.9274782538414001
YLR238W,YDR447C,0,-1.316387,0.09575816988945007,0.9790627956390381,0.9275782704353333
YML040W,YDR036C,0,-1.3164015,0.09574882686138153,0.9790627956390381,0.9276782870292664
YDR393W,YDR483W,0,-1.3179278,0.09573949128389359,0.9790627956390381,0.9277783632278442
YMR223W,YHR167W,0,-1.3183211,0.09573016315698624,0.9790627956390381,0.9278783798217773
YMR233W,YKL179C,0,-1.3184592,0.09572082757949829,0.9790627956390381,0.9279783964157104
YNL242W,YLR446W,0,-1.3184669,0.09571149945259094,0.9790627956390381,0.9280784130096436
YER083C,YPL143W,0,-1.3187206,0.0957021713256836,0.9790627956390381,0.9281784296035767
YMR016C,YDR239C,0,-1.3197663,0.09569285064935684,0.9790627956390381,0.9282785058021545
YBR036C,YMR312W,0,-1.319896,0.0956835225224495,0.9790627956390381,0.9283785223960876
YBR289W,YNL162W,0,-1.3201705,0.09567420184612274,0.9790627956390381,0.9284785389900208
YLR192C,YDR071C,0,-1.3209553,0.09566488116979599,0.9790627956390381,0.9285785555839539
YOL003C,YDR356W,0,-1.3222111,0.09565556049346924,0.9790627956390381,0.9286786317825317
YDL056W,YER113C,0,-1.3231373,0.09564624726772308,0.9790627956390381,0.9287786483764648
YOR174W,YBL061C,0,-1.323333,0.09563692659139633,0.9790627956390381,0.928878664970398
YJL046W,YBR024W,0,-1.3233681,0.09562762081623077,0.9790627956390381,0.928978681564331
YPL195W,YDR251W,0,-1.3237696,0.09561830759048462,0.9790627956390381,0.9290786981582642
YDR022C,YLR154C,0,-1.3241167,0.09560899436473846,0.9790627956390381,0.929178774356842
YGR101W,YPR073C,0,-1.3255434,0.0955996885895729,0.9790627956390381,0.9292787909507751
YER131W,YLR048W,0,-1.325893,0.09559038281440735,0.9790627956390381,0.9293788075447083
YLR134W,YJL005W,1,-1.3260761,0.09567841142416,0.980059802532196,0.9293788075447083
YLR106C,YPL149W,0,-1.3261648,0.09566909819841385,0.980059802532196,0.9294788241386414
YLR370C,YOR075W,0,-1.3263986,0.09565979242324829,0.980059802532196,0.9295789003372192
YER099C,YDR466W,0,-1.3265674,0.09565047919750214,0.980059802532196,0.9296789169311523
YGR162W,YER012W,0,-1.3279467,0.09564117342233658,0.980059802532196,0.9297789335250854
YPL206C,YBR245C,0,-1.3295088,0.09563186764717102,0.980059802532196,0.9298789501190186
YJR022W,YKL017C,0,-1.3296453,0.09562256932258606,0.980059802532196,0.9299789667129517
YDR253C,YML077W,0,-1.3301946,0.0956132635474205,0.980059802532196,0.9300790429115295
YMR098C,YDR065W,0,-1.330919,0.09560396522283554,0.980059802532196,0.9301790595054626
YOR061W,YER161C,0,-1.3316305,0.09559467434883118,0.980059802532196,0.9302790760993958
YJR076C,YLR357W,0,-1.3349409,0.09558537602424622,0.980059802532196,0.9303790926933289
YMR109W,YPL204W,0,-1.3350246,0.09557608515024185,0.980059802532196,0.9304791688919067
YDR126W,YNL191W,0,-1.3361095,0.09556678682565689,0.980059802532196,0.9305791854858398
YNL212W,YER126C,0,-1.3370473,0.09555750340223312,0.980059802532196,0.930679202079773
YBR087W,YKL179C,0,-1.337335,0.09554821252822876,0.980059802532196,0.930779218673706
YLR015W,YMR130W,0,-1.338239,0.0955389216542244,0.980059802532196,0.9308792352676392
YBR267W,YGR002C,0,-1.3383117,0.09552963823080063,0.980059802532196,0.930979311466217
YGL106W,YLR010C,0,-1.3392104,0.09552035480737686,0.980059802532196,0.9310793280601501
YJL156C,YNL189W,0,-1.3392437,0.09551107883453369,0.980059802532196,0.9311793446540833
YIL093C,YDR047W,0,-1.3396336,0.09550179541110992,0.980059802532196,0.9312793612480164
YBL017C,YOL007C,0,-1.3398848,0.09549251943826675,0.980059802532196,0.9313794374465942
YCL063W,YBR009C,0,-1.340116,0.09548324346542358,0.980059802532196,0.9314794540405273
YBR012W-A,YDL127W,0,-1.340611,0.09547396749258041,0.980059802532196,0.9315794706344604
YML129C,YOR290C,0,-1.3409235,0.09546469897031784,0.980059802532196,0.9316794872283936
YJL129C,YJR022W,0,-1.3411835,0.09545543044805527,0.980059802532196,0.9317795634269714
YOR116C,YOR369C,0,-1.3420472,0.0954461619257927,0.980059802532196,0.9318795800209045
YJL165C,YBR082C,0,-1.3423839,0.09543689340353012,0.980059802532196,0.9319795966148376
YMR289W,YOR054C,1,-1.3430784,0.09552470594644547,0.981056809425354,0.9319795966148376
YFR037C,YPR186C,0,-1.345094,0.09551543742418289,0.981056809425354,0.9320796132087708
YAL041W,YER027C,0,-1.345433,0.09550616145133972,0.981056809425354,0.9321796298027039
YHR081W,YBR231C,0,-1.3454462,0.09549689292907715,0.981056809425354,0.9322797060012817
YFR037C,YGL155W,0,-1.3455943,0.09548762440681458,0.981056809425354,0.9323797225952148
YDR107C,YBR185C,0,-1.3458273,0.0954783633351326,0.981056809425354,0.932479739189148
YMR316W,YGL021W,0,-1.3471433,0.09546910226345062,0.981056809425354,0.932579755783081
YMR070W,YAR019C,0,-1.3502598,0.09545983374118805,0.981056809425354,0.9326798319816589
YLL011W,YNL098C,0,-1.3508072,0.09545058012008667,0.981056809425354,0.932779848575592
YER180C,YDR088C,0,-1.3508341,0.0954413190484047,0.981056809425354,0.9328798651695251
YDR242W,YKL017C,0,-1.3516927,0.09543206542730331,0.981056809425354,0.9329798817634583
YLR418C,YIL009C-A,0,-1.353445,0.09542281180620193,0.981056809425354,0.9330798983573914
YIL070C,YBR251W,0,-1.3537934,0.09541355818510056,0.981056809425354,0.9331799745559692
YHR086W,YKR105C,0,-1.3553288,0.09540430456399918,0.981056809425354,0.9332799911499023
YBR264C,YEL002C,0,-1.3563943,0.0953950583934784,0.981056809425354,0.9333800077438354
YJL102W,YBL010C,0,-1.356518,0.09538580477237701,0.981056809425354,0.9334800243377686
YML015C,YBR122C,0,-1.3569636,0.09537656605243683,0.981056809425354,0.9335801005363464
YDR126W,YML012W,0,-1.3571185,0.09536731988191605,0.981056809425354,0.9336801171302795
YOR167C,YNL151C,0,-1.3574138,0.09535807371139526,0.981056809425354,0.9337801337242126
YOR228C,YJL065C,0,-1.3577278,0.09534883499145508,0.981056809425354,0.9338801503181458
YDR047W,YKL017C,0,-1.3577995,0.09533959627151489,0.981056809425354,0.9339801669120789
YMR100W,YOL123W,0,-1.3585091,0.0953303650021553,0.981056809425354,0.9340802431106567
YIL004C,YDR379W,0,-1.3592856,0.09532112628221512,0.981056809425354,0.9341802597045898
YDR299W,YLR010C,0,-1.3613944,0.09531189501285553,0.981056809425354,0.934280276298523
YLR396C,YDL144C,0,-1.3614255,0.09530266374349594,0.981056809425354,0.934380292892456
YOR265W,YJR134C,0,-1.3624257,0.09529343247413635,0.981056809425354,0.9344803690910339
YDL166C,YDR134C,0,-1.3635485,0.09528420865535736,0.981056809425354,0.934580385684967
YEL020C,YBR213W,1,-1.3646035,0.0953718051314354,0.982053816318512,0.934580385684967
YLR170C,YER045C,0,-1.3647493,0.0953625738620758,0.982053816318512,0.9346804022789001
YDR299W,YBR055C,0,-1.3653586,0.09535334259271622,0.982053816318512,0.9347804188728333
YHR076W,YDR228C,0,-1.3658221,0.09534411132335663,0.982053816318512,0.9348804354667664
YNL188W,YJL133W,0,-1.3659148,0.09533488005399704,0.982053816318512,0.9349805116653442
YML043C,YDL141W,0,-1.3663445,0.09532565623521805,0.982053816318512,0.9350805282592773
YDL051W,YDR283C,0,-1.3666066,0.09531643241643906,0.982053816318512,0.9351805448532104
YDR341C,YLR381W,0,-1.3677005,0.09530720859766006,0.982053816318512,0.9352805614471436
YKL154W,YPR073C,0,-1.3680223,0.09529798477888107,0.982053816318512,0.9353806376457214
YER113C,YDL112W,0,-1.3686421,0.09528876841068268,0.982053816318512,0.9354806542396545
YDR253C,YIL074C,0,-1.3690065,0.09527955204248428,0.982053816318512,0.9355806708335876
YDR248C,YJR022W,0,-1.3691759,0.09527033567428589,0.982053816318512,0.9356806874275208
YCR094W,YCL031C,0,-1.3706555,0.0952611193060875,0.982053816318512,0.9357807636260986
YGL136C,YBR164C,0,-1.3708534,0.0952519103884697,0.982053816318512,0.9358807802200317
YGR262C,YOR131C,0,-1.372473,0.0952427014708519,0.982053816318512,0.9359807968139648
YGR009C,YER184C,0,-1.3725265,0.0952334925532341,0.982053816318512,0.936080813407898
YOL019W,YIL115C,0,-1.3727353,0.0952242836356163,0.982053816318512,0.936180830001831
YOR201C,YGR062C,0,-1.3729569,0.0952150821685791,0.982053816318512,0.9362809062004089
YPR048W,YDR524C,0,-1.3739512,0.0952058732509613,0.982053816318512,0.936380922794342
YHR081W,YNL244C,0,-1.37448,0.0951966717839241,0.982053816318512,0.9364809393882751
YKL089W,YJL102W,0,-1.3751503,0.0951874777674675,0.982053816318512,0.9365809559822083
YBR213W,YGR087C,1,-1.3754106,0.0952749028801918,0.9830508232116699,0.9365809559822083
YOL100W,YBL010C,0,-1.3759986,0.0952657014131546,0.9830508232116699,0.9366810321807861
YML015C,YGR135W,0,-1.3760105,0.0952564999461174,0.9830508232116699,0.9367810487747192
YMR100W,YDL060W,0,-1.3765137,0.0952472984790802,0.9830508232116699,0.9368810653686523
YDR312W,YBR166C,0,-1.3773291,0.095238097012043,0.9830508232116699,0.9369810819625854
YNL206C,YLR221C,0,-1.3782024,0.0952288955450058,0.9830508232116699,0.9370810985565186
YEL016C,YER113C,0,-1.3782446,0.0952197015285492,0.9830508232116699,0.9371811747550964
YMR211W,YCL061C,0,-1.3788884,0.09521050751209259,0.9830508232116699,0.9372811913490295
YDL143W,YGR188C,0,-1.3791862,0.09520131349563599,0.9830508232116699,0.9373812079429626
YML094W,YOL007C,0,-1.3792999,0.09519211947917938,0.9830508232116699,0.9374812245368958
YLR090W,YJR022W,0,-1.37991,0.09518293291330338,0.9830508232116699,0.9375813007354736
YMR287C,YBR289W,0,-1.3805428,0.09517374634742737,0.9830508232116699,0.9376813173294067
YCR072C,YBR160W,0,-1.3807814,0.09516455978155136,0.9830508232116699,0.9377813339233398
YGL223C,YAL010C,0,-1.3808986,0.09515537321567535,0.9830508232116699,0.937881350517273
YDR503C,YER111C,0,-1.3820155,0.09514619410037994,0.9830508232116699,0.937981367111206
YDL108W,YKL108W,0,-1.3821468,0.09513701498508453,0.9830508232116699,0.9380814433097839
YER133W,YGL095C,0,-1.3842293,0.09512783586978912,0.9830508232116699,0.938181459903717
YER029C,YHR207C,0,-1.3847493,0.09511865675449371,0.9830508232116699,0.9382814764976501
YMR016C,YNL188W,0,-1.3849295,0.0951094850897789,0.9830508232116699,0.9383814930915833
YNL311C,YOR179C,0,-1.38644,0.09510030597448349,0.9830508232116699,0.9384815692901611
YMR298W,YJR089W,0,-1.3867264,0.09509113430976868,0.9830508232116699,0.9385815858840942
YDR069C,YNL310C,0,-1.3895609,0.09508197009563446,0.9830508232116699,0.9386816024780273
YDR501W,YNL310C,0,-1.389704,0.09507279843091965,0.9830508232116699,0.9387816190719604
YJR076C,YDR014W,0,-1.3900012,0.09506363421678543,0.9830508232116699,0.9388816356658936
YNL206C,YPR108W,0,-1.3907785,0.09505447000265121,0.9830508232116699,0.9389817118644714
YOR337W,YPR042C,0,-1.39081,0.095045305788517,0.9830508232116699,0.9390817284584045
YDL099W,YOR039W,0,-1.3909092,0.09503614157438278,0.9830508232116699,0.9391817450523376
YBR176W,YGL211W,0,-1.3929014,0.09502698481082916,0.9830508232116699,0.9392817616462708
YBR264C,YJL129C,0,-1.3932972,0.09501782804727554,0.9830508232116699,0.9393818378448486
YOR221C,YIR009W,0,-1.3933828,0.09500867128372192,0.9830508232116699,0.9394818544387817
YCL063W,YBR142W,0,-1.3942248,0.0949995219707489,0.9830508232116699,0.9395818710327148
YFR008W,YER112W,0,-1.3946162,0.09499036520719528,0.9830508232116699,0.939681887626648
YJR058C,YDR486C,0,-1.3953612,0.09498121589422226,0.9830508232116699,0.9397819638252258
YBL057C,YHR036W,0,-1.3967447,0.09497206658124924,0.9830508232116699,0.9398819804191589
YJL165C,YOL003C,0,-1.3968682,0.09496291726827621,0.9830508232116699,0.939981997013092
YNL218W,YDL056W,0,-1.3990281,0.09495377540588379,0.9830508232116699,0.9400820136070251
YKR037C,YOR080W,0,-1.4016268,0.09494463354349136,0.9830508232116699,0.9401820302009583
YNL212W,YML088W,0,-1.4020579,0.09493549168109894,0.9830508232116699,0.9402821063995361
YMR100W,YCR028C,0,-1.4024067,0.09492634981870651,0.9830508232116699,0.9403821229934692
YKL156W,YAL043C,0,-1.4031758,0.09491721540689468,0.9830508232116699,0.9404821395874023
YPR048W,YDL043C,0,-1.40412,0.09490807354450226,0.9830508232116699,0.9405821561813354
YLL062C,YDR318W,0,-1.4049203,0.09489893913269043,0.9830508232116699,0.9406822323799133
YPR118W,YKL021C,0,-1.406126,0.0948898121714592,0.9830508232116699,0.9407822489738464
YMR306W,YPL017C,0,-1.4061577,0.09488067775964737,0.9830508232116699,0.9408822655677795
YAR015W,YBR231C,0,-1.406723,0.09487155079841614,0.9830508232116699,0.9409822821617126
YMR235C,YLL022C,0,-1.4072349,0.0948624238371849,0.9830508232116699,0.9410822987556458
YER025W,YGR158C,0,-1.4078473,0.09485329687595367,0.9830508232116699,0.9411823749542236
YDL200C,YLR438C-A,0,-1.4095166,0.09484416991472244,0.9830508232116699,0.9412823915481567
YMR287C,YJL008C,0,-1.4097319,0.09483505040407181,0.9830508232116699,0.9413824081420898
YMR221C,YMR022W,0,-1.4100475,0.09482593089342117,0.9830508232116699,0.941482424736023
YJL143W,YEL038W,0,-1.4110973,0.09481681138277054,0.9830508232116699,0.9415825009346008
YDL231C,YOL080C,0,-1.4115721,0.0948076918721199,0.9830508232116699,0.9416825175285339
YLR165C,YML082W,1,-1.4117783,0.09489472210407257,0.9840478301048279,0.9416825175285339
YMR298W,YDL008W,0,-1.4123597,0.09488560259342194,0.9840478301048279,0.941782534122467
YKL088W,YMR233W,0,-1.4131644,0.0948764756321907,0.9840478301048279,0.9418825507164001
YOR066W,YLR446W,0,-1.4135172,0.09486735612154007,0.9840478301048279,0.9419825673103333
YJR089W,YGL031C,0,-1.4159892,0.09485824406147003,0.9840478301048279,0.9420826435089111
YKR094C,YKL010C,0,-1.4159982,0.0948491245508194,0.9840478301048279,0.9421826601028442
YDL060W,YLR014C,0,-1.418046,0.09484001249074936,0.9840478301048279,0.9422826766967773
YDR177W,YGR002C,0,-1.4181557,0.09483090043067932,0.9840478301048279,0.9423826932907104
YLR221C,YJR059W,0,-1.4193945,0.09482178837060928,0.9840478301048279,0.9424827694892883
YPR118W,YOL140W,0,-1.4203087,0.09481268376111984,0.9840478301048279,0.9425827860832214
YKR062W,YLR078C,0,-1.4208059,0.0948035717010498,0.9840478301048279,0.9426828026771545
YNL098C,YML115C,0,-1.4214667,0.09479446709156036,0.9840478301048279,0.9427828192710876
YDR440W,YDR018C,0,-1.4229116,0.09478536248207092,0.9840478301048279,0.9428828358650208
YCL055W,YAL021C,0,-1.4235022,0.09477626532316208,0.9840478301048279,0.9429829120635986
YOL140W,YLR079W,0,-1.4246354,0.09476716071367264,0.9840478301048279,0.9430829286575317
YPL157W,YPR168W,0,-1.4249809,0.0947580635547638,0.9840478301048279,0.9431829452514648
YMR285C,YNL244C,0,-1.4253951,0.09474896639585495,0.9840478301048279,0.943282961845398
YMR282C,YDL030W,0,-1.4255021,0.0947398766875267,0.9840478301048279,0.9433830380439758
YNL308C,YLR207W,0,-1.4257298,0.09473077952861786,0.9840478301048279,0.9434830546379089
YDR013W,YER113C,0,-1.4262787,0.09472168982028961,0.9840478301048279,0.943583071231842
YER099C,YDR320C,0,-1.4265954,0.09471260011196136,0.9840478301048279,0.9436830878257751
YMR100W,YER161C,0,-1.4292468,0.09470351040363312,0.9840478301048279,0.943783164024353
YOR332W,YDR402C,0,-1.4297515,0.09469442814588547,0.9840478301048279,0.9438831806182861
YLR015W,YMR109W,0,-1.4303752,0.09468533843755722,0.9840478301048279,0.9439831972122192
YGL210W,YDR524C,0,-1.4304403,0.09467625617980957,0.9840478301048279,0.9440832138061523
YOR080W,YJR089W,0,-1.4304824,0.09466718137264252,0.9840478301048279,0.9441832304000854
YBL054W,YJR097W,0,-1.4311134,0.09465809911489487,0.9840478301048279,0.9442833065986633
YPL157W,YDR288W,0,-1.4316523,0.09464902430772781,0.9840478301048279,0.9443833231925964
YLR010C,YHR129C,0,-1.4319539,0.09463994950056076,0.9840478301048279,0.9444833397865295
YMR307W,YDR393W,0,-1.432752,0.09463087469339371,0.9840478301048279,0.9445833563804626
YNL149C,YMR204C,0,-1.432924,0.09462179988622665,0.9840478301048279,0.9446834325790405
YDR465C,YIL090W,0,-1.4335098,0.0946127325296402,0.9840478301048279,0.9447834491729736
YAL043C,YJL008C,0,-1.4338682,0.09460366517305374,0.9840478301048279,0.9448834657669067
YOL125W,YBR231C,0,-1.4358947,0.09459459781646729,0.9840478301048279,0.9449834823608398
YAR007C,YKL028W,0,-1.4369781,0.09458553045988083,0.9840478301048279,0.945083498954773
YJL046W,YDR329C,0,-1.4388361,0.09457646310329437,0.9840478301048279,0.9451835751533508
YDR503C,YLR045C,0,-1.4390799,0.09456740319728851,0.9840478301048279,0.9452835917472839
YJR013W,YBR012W-A,0,-1.4406388,0.09455834329128265,0.9840478301048279,0.945383608341217
YDR322W,YFR007W,0,-1.4417074,0.0945492833852768,0.9840478301048279,0.9454836249351501
YOL003C,YBR166C,0,-1.4419184,0.09454023092985153,0.9840478301048279,0.945583701133728
YLR126C,YLL022C,0,-1.4421489,0.09453117847442627,0.9840478301048279,0.9456837177276611
YKR061W,YDR088C,0,-1.4444945,0.09452211856842041,0.9840478301048279,0.9457837343215942
YMR257C,YOR014W,0,-1.4454324,0.09451307356357574,0.9840478301048279,0.9458837509155273
YDR341C,YNL207W,0,-1.4459279,0.09450402110815048,0.9840478301048279,0.9459837675094604
YHR207C,YPL101W,0,-1.4468918,0.09449497610330582,0.9840478301048279,0.9460838437080383
YDL166C,YPL090C,0,-1.4470601,0.09448593109846115,0.9840478301048279,0.9461838603019714
YNL292W,YPL157W,0,-1.4474761,0.09447688609361649,0.9840478301048279,0.9462838768959045
YPL121C,YER111C,0,-1.4484701,0.09446784108877182,0.9840478301048279,0.9463838934898376
YOR047C,YJL148W,0,-1.450297,0.09445880353450775,0.9840478301048279,0.9464839696884155
YHR153C,YJL048C,0,-1.4508679,0.09444975852966309,0.9840478301048279,0.9465839862823486
YML070W,YKL017C,0,-1.4509101,0.09444072097539902,0.9840478301048279,0.9466840028762817
YCR096C,YOL125W,0,-1.4514047,0.09443169087171555,0.9840478301048279,0.9467840194702148
YPL258C,YKR104W,0,-1.4531007,0.09442265331745148,0.9840478301048279,0.946884036064148
YOL147C,YPL092W,0,-1.4537005,0.094413623213768,0.9840478301048279,0.9469841122627258
YNL086W,YLR221C,0,-1.4549508,0.09440459311008453,0.9840478301048279,0.9470841288566589
YLR096W,YDR524C,0,-1.4550989,0.09439556300640106,0.9840478301048279,0.947184145450592
YDL231C,YEL015W,0,-1.4552249,0.09438653290271759,0.9840478301048279,0.9472841620445251
YMR127C,YBR166C,0,-1.4562032,0.09437751024961472,0.9840478301048279,0.947384238243103
YPR118W,YCL061C,0,-1.4570901,0.09436848759651184,0.9840478301048279,0.9474842548370361
YJR110W,YDL164C,0,-1.4582497,0.09435946494340897,0.9840478301048279,0.9475842714309692
YDR388W,YLR201C,0,-1.4583703,0.09435044229030609,0.9840478301048279,0.9476842880249023
YDL115C,YMR311C,0,-1.4596757,0.09434142708778381,0.9840478301048279,0.9477843642234802
YOR039W,YBL010C,0,-1.4597096,0.09433241188526154,0.9840478301048279,0.9478843808174133
YMR051C,YKL056C,0,-1.4597371,0.09432339668273926,0.9840478301048279,0.9479843974113464
YPL194W,YOR066W,0,-1.4604602,0.09431438148021698,0.9840478301048279,0.9480844140052795
YDR126W,YDL108W,0,-1.4624021,0.0943053662776947,0.9840478301048279,0.9481844305992126
YDL006W,YDR117C,0,-1.4638474,0.09429635852575302,0.9840478301048279,0.9482845067977905
YDR219C,YHR036W,0,-1.4657841,0.09428735077381134,0.9840478301048279,0.9483845233917236
YML012W,YDL006W,0,-1.4664323,0.09427834302186966,0.9840478301048279,0.9484845399856567
YOR174W,YDR320C,0,-1.4674422,0.09426934272050858,0.9840478301048279,0.9485845565795898
YDR279W,YBR012W-A,0,-1.4690471,0.0942603349685669,0.9840478301048279,0.9486846327781677
YLR212C,YBR035C,0,-1.4696175,0.09425133466720581,0.9840478301048279,0.9487846493721008
YJL046W,YAL053W,0,-1.4698308,0.09424233436584473,0.9840478301048279,0.9488846659660339
YPR178W,YJL102W,0,-1.4725087,0.09423334151506424,0.9840478301048279,0.948984682559967
YBR245C,YGL157W,0,-1.4725816,0.09422434121370316,0.9840478301048279,0.9490846991539001
YER070W,YDR507C,0,-1.4751511,0.09421534836292267,0.9840478301048279,0.949184775352478
YOR061W,YML005W,0,-1.475244,0.09420635551214218,0.9840478301048279,0.9492847919464111
YJR097W,YDR507C,0,-1.4762492,0.0941973626613617,0.9840478301048279,0.9493848085403442
YDL166C,YCR040W,0,-1.4773228,0.0941883772611618,0.9840478301048279,0.9494848251342773
YFR003C,YPR041W,0,-1.4821033,0.09417939186096191,0.9840478301048279,0.9495849013328552
YLR266C,YJL008C,0,-1.4821312,0.09417040646076202,0.9840478301048279,0.9496849179267883
YKL089W,YGR123C,0,-1.4835947,0.09416142106056213,0.9840478301048279,0.9497849345207214
YKL179C,YOR217W,0,-1.483623,0.09415243566036224,0.9840478301048279,0.9498849511146545
YDR128W,YJR060W,0,-1.4843332,0.09414345771074295,0.9840478301048279,0.9499849677085876
YPL051W,YKL059C,0,-1.4855342,0.09413447976112366,0.9840478301048279,0.9500850439071655
YGR047C,YNL207W,0,-1.486714,0.09412550181150436,0.9840478301048279,0.9501850605010986
YMR235C,YLR418C,0,-1.4875286,0.09411652386188507,0.9840478301048279,0.9502850770950317
YPR048W,YKR030W,0,-1.487773,0.09410755336284637,0.9840478301048279,0.9503850936889648
YBR058C,YDR334W,0,-1.4888495,0.09409858286380768,0.9840478301048279,0.9504851698875427
YMR100W,YCL059C,0,-1.489083,0.09408961236476898,0.9840478301048279,0.9505851864814758
YPR048W,YDR103W,0,-1.4930978,0.09408064186573029,0.9840478301048279,0.9506852030754089
YDL195W,YGL178W,0,-1.4934275,0.09407167136669159,0.9840478301048279,0.950785219669342
YNL213C,YPR042C,0,-1.4938182,0.09406270831823349,0.9840478301048279,0.9508852362632751
YNL007C,YBR213W,0,-1.4944718,0.09405374526977539,0.9840478301048279,0.950985312461853
YHR105W,YJR029W,0,-1.4952543,0.09404478222131729,0.9840478301048279,0.9510853290557861
YNL212W,YOL147C,0,-1.4960067,0.09403582662343979,0.9840478301048279,0.9511853456497192
YOL018C,YDR320C,0,-1.4965947,0.09402686357498169,0.9840478301048279,0.9512853622436523
YDL101C,YJR060W,0,-1.4969811,0.09401790797710419,0.9840478301048279,0.9513854384422302
YDR033W,YDR402C,0,-1.497691,0.09400895237922668,0.9840478301048279,0.9514854550361633
YOR039W,YOR244W,0,-1.4991555,0.09399999678134918,0.9840478301048279,0.9515854716300964
YDR440W,YCL027W,0,-1.4995136,0.09399104863405228,0.9840478301048279,0.9516854882240295
YBR213W,YEL021W,1,-1.5001392,0.09407731890678406,0.9850448369979858,0.9516854882240295
YLR418C,YJL073W,0,-1.5005993,0.09406836330890656,0.9850448369979858,0.9517855644226074
YGR104C,YJR135C,0,-1.5006003,0.09405940771102905,0.9850448369979858,0.9518855810165405
YLR086W,YLR045C,0,-1.5008287,0.09405045211315155,0.9850448369979858,0.9519855976104736
YJL044C,YML125C,0,-1.5024197,0.09404149651527405,0.9850448369979858,0.9520856142044067
YHR081W,YDL184C,0,-1.5038878,0.09403254836797714,0.9850448369979858,0.9521856307983398
YMR235C,YDR088C,0,-1.5042219,0.09402360022068024,0.9850448369979858,0.9522857069969177
YGR104C,YNR027W,0,-1.5053669,0.09401465207338333,0.9850448369979858,0.9523857235908508
YMR298W,YGR063C,0,-1.5058261,0.09400571137666702,0.9850448369979858,0.9524857401847839
YDR052C,YLR207W,0,-1.5059984,0.09399676322937012,0.9850448369979858,0.952585756778717
YNL207W,YOR233W,0,-1.5076215,0.09398782253265381,0.9850448369979858,0.9526858329772949
YBL019W,YOR054C,1,-1.5092013,0.09407400339841843,0.9860419034957886,0.9526858329772949
YDL164C,YML074C,0,-1.5109801,0.09406505525112152,0.9860419034957886,0.952785849571228
YMR051C,YMR022W,0,-1.5118375,0.09405610710382462,0.9860419034957886,0.9528858661651611
YJL025W,YPR031W,0,-1.5124688,0.0940471664071083,0.9860419034957886,0.9529858827590942
YLL009C,YGL059W,0,-1.5151178,0.094038225710392,0.9860419034957886,0.9530858993530273
YGL021W,YDR420W,0,-1.5155344,0.09402928501367569,0.9860419034957886,0.9531859755516052
YGL223C,YMR163C,0,-1.5172479,0.09402034431695938,0.9860419034957886,0.9532859921455383
YDL115C,YHR064C,0,-1.5175669,0.09401140362024307,0.9860419034957886,0.9533860087394714
YJR060W,YLL001W,0,-1.5177472,0.09400247037410736,0.9860419034957886,0.9534860253334045
YJL033W,YDR507C,0,-1.5204542,0.09399353712797165,0.9860419034957886,0.9535861015319824
YMR282C,YBR251W,0,-1.522196,0.09398460388183594,0.9860419034957886,0.9536861181259155
YOR332W,YKL017C,0,-1.5227536,0.09397567808628082,0.9860419034957886,0.9537861347198486
YLR008C,YJR060W,0,-1.5233793,0.09396674484014511,0.9860419034957886,0.9538861513137817
YJL065C,YHR036W,0,-1.5244296,0.09395781904459,0.9860419034957886,0.9539861679077148
YHR046C,YGL141W,0,-1.524586,0.09394889324903488,0.9860419034957886,0.9540862441062927
YLR364W,YJR033C,0,-1.5249383,0.09393996745347977,0.9860419034957886,0.9541862607002258
YIL004C,YNL149C,0,-1.5249673,0.09393104910850525,0.9860419034957886,0.9542862772941589
YKL156W,YJL189W,0,-1.525361,0.09392213076353073,0.9860419034957886,0.954386293888092
YML070W,YPL186C,0,-1.5262363,0.09391320496797562,0.9860419034957886,0.9544863700866699
YKL089W,YNL308C,0,-1.5266185,0.0939042940735817,0.9860419034957886,0.954586386680603
YOR037W,YOR039W,0,-1.5268302,0.09389537572860718,0.9860419034957886,0.9546864032745361
YAL008W,YPR122W,0,-1.528034,0.09388646483421326,0.9860419034957886,0.9547864198684692
YLR170C,YLR154C,0,-1.5302339,0.09387755393981934,0.9860419034957886,0.9548864364624023
YDR379W,YBR205W,0,-1.5322881,0.09386864304542542,0.9860419034957886,0.9549865126609802
YGL232W,YBR264C,0,-1.5326893,0.0938597321510315,0.9860419034957886,0.9550865292549133
YBR159W,YDL017W,0,-1.5334098,0.09385082870721817,0.9860419034957886,0.9551865458488464
YGR218W,YGL031C,0,-1.5352975,0.09384191781282425,0.9860419034957886,0.9552865624427795
YCR009C,YCL055W,0,-1.5362039,0.09383301436901093,0.9860419034957886,0.9553866386413574
YBR160W,YDR420W,0,-1.5383552,0.0938241183757782,0.9860419034957886,0.9554866552352905
YMR264W,YPL153C,0,-1.538942,0.09381521493196487,0.9860419034957886,0.9555866718292236
YOR143C,YML088W,0,-1.5396125,0.09380631893873215,0.9860419034957886,0.9556866884231567
YNR020C,YPR186C,0,-1.5405843,0.09379742294549942,0.9860419034957886,0.9557867646217346
YIL070C,YBR166C,0,-1.5421053,0.0937885269522667,0.9860419034957886,0.9558867812156677
YDL065C,YOR217W,0,-1.5424558,0.09377963095903397,0.9860419034957886,0.9559867978096008
YML060W,YOR131C,0,-1.5425892,0.09377074241638184,0.9860419034957886,0.9560868144035339
YJL046W,YJR068W,0,-1.5426023,0.0937618538737297,0.9860419034957886,0.956186830997467
YJL164C,YER111C,0,-1.5441933,0.09375296533107758,0.9860419034957886,0.9562869071960449
YIL034C,YFR041C,0,-1.5445122,0.09374407678842545,0.9860419034957886,0.956386923789978
YOR308C,YDR368W,0,-1.5449091,0.09373518824577332,0.9860419034957886,0.9564869403839111
YDR052C,YLL001W,0,-1.5449561,0.09372630715370178,0.9860419034957886,0.9565869569778442
YPL220W,YJR089W,0,-1.545687,0.09371742606163025,0.9860419034957886,0.9566870331764221
YDR532C,YFL029C,0,-1.5459287,0.09370854496955872,0.9860419034957886,0.9567870497703552
YAR007C,YGR116W,0,-1.546494,0.09369967132806778,0.9860419034957886,0.9568870663642883
YDR532C,YHR027C,0,-1.5472906,0.09369079023599625,0.9860419034957886,0.9569870829582214
YOL115W,YNL256W,1,-1.5474966,0.0937766432762146,0.9870389103889465,0.9569870829582214
YDR448W,YCR039C,0,-1.5493922,0.09376776218414307,0.9870389103889465,0.9570870995521545
YOL139C,YER113C,0,-1.5499198,0.09375888109207153,0.9870389103889465,0.9571871757507324
YJL129C,YIL090W,0,-1.5504963,0.09375,0.9870389103889465,0.9572871923446655
YBL064C,YDR334W,0,-1.5510166,0.09374112635850906,0.9870389103889465,0.9573872089385986
YNL306W,YPR166C,0,-1.5512171,0.09373224526643753,0.9870389103889465,0.9574872255325317
YIR002C,YJL065C,0,-1.5514436,0.0937233716249466,0.9870389103889465,0.9575873017311096
YPR186C,YJL041W,0,-1.5520241,0.09371450543403625,0.9870389103889465,0.9576873183250427
YDR279W,YMR285C,0,-1.5534481,0.09370563179254532,0.9870389103889465,0.9577873349189758
YML129C,YOL071W,0,-1.5535011,0.09369676560163498,0.9870389103889465,0.9578873515129089
YDR299W,YKL173W,0,-1.5548409,0.09368789941072464,0.9870389103889465,0.957987368106842
YKL011C,YNL129W,0,-1.5548768,0.0936790332198143,0.9870389103889465,0.9580874443054199
YGR058W,YLR212C,0,-1.555622,0.09367016702890396,0.9870389103889465,0.958187460899353
YKL135C,YNL129W,0,-1.5557182,0.09366130828857422,0.9870389103889465,0.9582874774932861
YJR135C,YGL106W,0,-1.5558869,0.09365244209766388,0.9870389103889465,0.9583874940872192
YDR334W,YMR109W,0,-1.5560846,0.09364358335733414,0.9870389103889465,0.9584875702857971
YJR134C,YDR330W,0,-1.5567855,0.09363473206758499,0.9870389103889465,0.9585875868797302
YPL051W,YDL017W,0,-1.557379,0.09362587332725525,0.9870389103889465,0.9586876034736633
YHR105W,YNL158W,0,-1.5576621,0.0936170220375061,0.9870389103889465,0.9587876200675964
YMR139W,YML015C,0,-1.557811,0.09360817074775696,0.9870389103889465,0.9588876366615295
YPL194W,YLR014C,0,-1.5595064,0.09359931945800781,0.9870389103889465,0.9589877128601074
YOR265W,YJL041W,0,-1.5606521,0.09359046816825867,0.9870389103889465,0.9590877294540405
YGR063C,YMR165C,0,-1.5625889,0.09358162432909012,0.9870389103889465,0.9591877460479736
YGR058W,YPR031W,0,-1.5664926,0.09357278048992157,0.9870389103889465,0.9592877626419067
YFL036W,YGR241C,0,-1.5667374,0.09356393665075302,0.9870389103889465,0.9593878388404846
YJR097W,YKL028W,0,-1.5675596,0.09355509281158447,0.9870389103889465,0.9594878554344177
YKL135C,YML063W,0,-1.5684037,0.09354625642299652,0.9870389103889465,0.9595878720283508
YLR318W,YKL116C,0,-1.5696099,0.09353741258382797,0.9870389103889465,0.9596878886222839
YMR043W,YDL200C,0,-1.570198,0.09352857619524002,0.9870389103889465,0.9597879648208618
YOL018C,YBR160W,0,-1.5712924,0.09351973980665207,0.9870389103889465,0.9598879814147949
YML037C,YLR221C,0,-1.5717807,0.09351091086864471,0.9870389103889465,0.959987998008728
YMR247C,YDR088C,0,-1.5764072,0.09350207448005676,0.9870389103889465,0.9600880146026611
YDR379W,YJL044C,0,-1.5769198,0.09349324554204941,0.9870389103889465,0.9601880311965942
YPL051W,YKL028W,0,-1.5775013,0.09348441660404205,0.9870389103889465,0.9602881073951721
YIR002C,YGL157W,0,-1.5787275,0.0934755951166153,0.9870389103889465,0.9603881239891052
YKL179C,YDR014W,0,-1.5796402,0.09346676617860794,0.9870389103889465,0.9604881405830383
YLR459W,YGR063C,0,-1.5801648,0.09345794469118118,0.9870389103889465,0.9605881571769714
YER083C,YLR127C,0,-1.5850306,0.09344912320375443,0.9870389103889465,0.9606882333755493
YOR124C,YDL095W,0,-1.586257,0.09344030171632767,0.9870389103889465,0.9607882499694824
YNL129W,YNL213C,0,-1.5866559,0.09343148022890091,0.9870389103889465,0.9608882665634155
YDR312W,YDL060W,0,-1.5867909,0.09342266619205475,0.9870389103889465,0.9609882831573486
YNL308C,YDL109C,0,-1.587414,0.09341385215520859,0.9870389103889465,0.9610882997512817
YMR128W,YDL065C,0,-1.5884169,0.09340503811836243,0.9870389103889465,0.9611883759498596
YNL162W,YNL248C,0,-1.5910758,0.09339622408151627,0.9870389103889465,0.9612883925437927
YER114C,YPL149W,0,-1.5921731,0.0933874174952507,0.9870389103889465,0.9613884091377258
YBR264C,YGR116W,0,-1.5923498,0.09337861090898514,0.9870389103889465,0.9614884257316589
YAR019C,YDL007W,0,-1.594318,0.09336980432271957,0.9870389103889465,0.9615885019302368
YBR012W-A,YDL099W,0,-1.5953305,0.09336099773645401,0.9870389103889465,0.9616885185241699
YER114C,YLR221C,0,-1.5987558,0.09335219115018845,0.9870389103889465,0.961788535118103
YJL198W,YOR242C,0,-1.5992093,0.09334339201450348,0.9870389103889465,0.9618885517120361
YOR257W,YPR042C,0,-1.6020975,0.09333459287881851,0.9870389103889465,0.9619885683059692
YCR072C,YPL085W,0,-1.6026287,0.09332579374313354,0.9870389103889465,0.9620886445045471
YGL223C,YPL074W,0,-1.6044756,0.09331699460744858,0.9870389103889465,0.9621886610984802
YKR090W,YDL080C,0,-1.6067865,0.09330820292234421,0.9870389103889465,0.9622886776924133
YLR238W,YPL101W,0,-1.6076064,0.09329940378665924,0.9870389103889465,0.9623886942863464
YKR030W,YBL010C,0,-1.6086864,0.09329061210155487,0.9870389103889465,0.9624887704849243
YML040W,YFL029C,0,-1.6092257,0.0932818278670311,0.9870389103889465,0.9625887870788574
YLR419W,YJL109C,0,-1.6097051,0.09327303618192673,0.9870389103889465,0.9626888036727905
YDR299W,YJL108C,0,-1.6101635,0.09326425194740295,0.9870389103889465,0.9627888202667236
YMR036C,YDR379W,0,-1.6110617,0.09325546026229858,0.9870389103889465,0.9628888368606567
YPL101W,YGL155W,0,-1.6137075,0.09324668347835541,0.9870389103889465,0.9629889130592346
YKL088W,YPL038W,0,-1.6139138,0.09323789924383163,0.9870389103889465,0.9630889296531677
YGL232W,YBL060W,0,-1.617555,0.09322911500930786,0.9870389103889465,0.9631889462471008
YGL223C,YLR154C,0,-1.6206048,0.09322033822536469,0.9870389103889465,0.9632889628410339
YNL185C,YGL227W,0,-1.6216333,0.09321156144142151,0.9870389103889465,0.9633890390396118
YBR248C,YOR054C,1,-1.6225939,0.09329693019390106,0.9880359172821045,0.9633890390396118
YDR036C,YER111C,0,-1.6228704,0.09328814595937729,0.9880359172821045,0.9634890556335449
YDR056C,YKL028W,0,-1.6281341,0.09327936917543411,0.9880359172821045,0.963589072227478
YPL101W,YKL181W,0,-1.629372,0.09327058494091034,0.9880359172821045,0.9636890888214111
YML015C,YDR334W,0,-1.6295879,0.09326180815696716,0.9880359172821045,0.963789165019989
YML082W,YOL115W,1,-1.6299338,0.09334713220596313,0.9890329241752625,0.963789165019989
YMR043W,YGR116W,0,-1.631069,0.09333834797143936,0.9890329241752625,0.9638891816139221
YLR126C,YLR147C,0,-1.63286,0.09332957118749619,0.9890329241752625,0.9639891982078552
YIL004C,YEL061C,0,-1.6344641,0.09332078695297241,0.9890329241752625,0.9640892148017883
YGL232W,YJR059W,0,-1.6354525,0.09331201016902924,0.9890329241752625,0.9641892313957214
YMR080C,YBL074C,0,-1.6362101,0.09330323338508606,0.9890329241752625,0.9642893075942993
YIL027C,YBR058C,0,-1.6389263,0.09329446405172348,0.9890329241752625,0.9643893241882324
YER056C-A,YLR287C-A,0,-1.640136,0.0932856872677803,0.9890329241752625,0.9644893407821655
YML082W,YKR009C,1,-1.6422236,0.0933709442615509,0.9900299310684204,0.9644893407821655
YML094W,YKL011C,0,-1.643346,0.09336216747760773,0.9900299310684204,0.9645893573760986
YDR013W,YPL202C,0,-1.6458138,0.09335339069366455,0.9900299310684204,0.9646894335746765
YER082C,YNL119W,0,-1.6464227,0.09334461390972137,0.9900299310684204,0.9647894501686096
YJR145C,YMR165C,0,-1.6468384,0.0933358371257782,0.9900299310684204,0.9648894667625427
YDL006W,YLR318W,0,-1.6496707,0.09332706779241562,0.9900299310684204,0.9649894833564758
YMR316W,YDR507C,0,-1.6519897,0.09331829845905304,0.9900299310684204,0.9650894999504089
YPR122W,YDR507C,0,-1.6531135,0.09330952912569046,0.9900299310684204,0.9651895761489868
YMR298W,YMR314W,0,-1.6532915,0.09330075979232788,0.9900299310684204,0.9652895927429199
YBL057C,YER113C,0,-1.6534233,0.0932919979095459,0.9900299310684204,0.965389609336853
YPL148C,YER029C,0,-1.6546543,0.09328322857618332,0.9900299310684204,0.9654896259307861
YDR103W,YIR009W,0,-1.6555847,0.09327446669340134,0.9900299310684204,0.965589702129364
YLR418C,YPL194W,0,-1.6571004,0.09326571226119995,0.9900299310684204,0.9656897187232971
YLR086W,YML015C,0,-1.6610045,0.09325695037841797,0.9900299310684204,0.9657897353172302
YGL089C,YPL172C,0,-1.6611812,0.09324819594621658,0.9900299310684204,0.9658897519111633
YDR299W,YDR466W,0,-1.661793,0.0932394340634346,0.9900299310684204,0.9659897685050964
YDR424C,YGR154C,0,-1.6619155,0.09323067963123322,0.9900299310684204,0.9660898447036743
YNL292W,YGL210W,0,-1.6622535,0.09322193264961243,0.9900299310684204,0.9661898612976074
YER111C,YGL155W,0,-1.6682698,0.09321317821741104,0.9900299310684204,0.9662898778915405
YJL062W,YDR130C,0,-1.6692421,0.09320443123579025,0.9900299310684204,0.9663898944854736
YML060W,YJR130C,1,-1.6694008,0.09328953176736832,0.9910269379615784,0.9663898944854736
YIL034C,YMR022W,0,-1.6695893,0.09328077733516693,0.9910269379615784,0.9664899706840515
YHR067W,YBL019W,1,-1.6698966,0.0933658629655838,0.9920239448547363,0.9664899706840515
YKR090W,YOR373W,0,-1.670009,0.09335710108280182,0.9920239448547363,0.9665899872779846
YNR027W,YOL080C,0,-1.6704735,0.09334834665060043,0.9920239448547363,0.9666900038719177
YNL212W,YKL010C,0,-1.6721017,0.09333958476781845,0.9920239448547363,0.9667900204658508
YGL003C,YHR184W,0,-1.6736689,0.09333083033561707,0.9920239448547363,0.9668900966644287
YPL269W,YMR023C,0,-1.6756271,0.09332207590341568,0.9920239448547363,0.9669901132583618
YLR086W,YKL108W,0,-1.6757818,0.09331332892179489,0.9920239448547363,0.9670901298522949
YDR424C,YJL025W,0,-1.6797532,0.0933045744895935,0.9920239448547363,0.967190146446228
YPL068C,YLR276C,0,-1.6819367,0.09329582750797272,0.9920239448547363,0.9672901630401611
YOR386W,YML060W,1,-1.682943,0.09338083863258362,0.9930209517478943,0.9672901630401611
YDR424C,YOL071W,0,-1.6840419,0.09337208420038223,0.9930209517478943,0.967390239238739
YDR379W,YBL023C,0,-1.6861817,0.09336332976818085,0.9930209517478943,0.9674902558326721
YLR014C,YPL204W,0,-1.6866505,0.09335457533597946,0.9930209517478943,0.9675902724266052
YKL089W,YBR142W,0,-1.6910315,0.09334582835435867,0.9930209517478943,0.9676902890205383
YKL088W,YPR178W,0,-1.6916411,0.09333708137273788,0.9930209517478943,0.9677903652191162
YMR130W,YLR403W,0,-1.6918613,0.0933283343911171,0.9930209517478943,0.9678903818130493
YDL138W,YJR089W,0,-1.6920023,0.0933195948600769,0.9930209517478943,0.9679903984069824
YHR031C,YJL008C,0,-1.6934923,0.09331084787845612,0.9930209517478943,0.9680904150009155
YMR235C,YDR421W,0,-1.69368,0.09330210834741592,0.9930209517478943,0.9681904315948486
YGR058W,YGR071C,0,-1.6949333,0.09329336881637573,0.9930209517478943,0.9682905077934265
YDR315C,YDL008W,0,-1.6972125,0.09328462928533554,0.9930209517478943,0.9683905243873596
YMR100W,YDL043C,0,-1.6974537,0.09327589720487595,0.9930209517478943,0.9684905409812927
YDL006W,YMR285C,0,-1.6978021,0.09326715767383575,0.9930209517478943,0.9685905575752258
YBL103C,YDL007W,0,-1.6982131,0.09325842559337616,0.9930209517478943,0.9686906337738037
YKR038C,YBL023C,0,-1.6983495,0.09324969351291656,0.9930209517478943,0.9687906503677368
YOL018C,YLR014C,0,-1.7008123,0.09324096888303757,0.9930209517478943,0.9688906669616699
YCR072C,YDR376W,0,-1.7036035,0.09323223680257797,0.9930209517478943,0.968990683555603
YIR012W,YKL021C,0,-1.7037026,0.09322351217269897,0.9930209517478943,0.9690907001495361
YOL092W,YGR071C,0,-1.7054021,0.09321478754281998,0.9930209517478943,0.969190776348114
YLR318W,YBR231C,0,-1.7070794,0.09320606291294098,0.9930209517478943,0.9692907929420471
YDR071C,YBR122C,0,-1.7075983,0.09319734573364258,0.9930209517478943,0.9693908095359802
YDL164C,YHR105W,0,-1.7081361,0.09318862110376358,0.9930209517478943,0.9694908261299133
YKL143W,YBL023C,0,-1.709577,0.09317990392446518,0.9930209517478943,0.9695909023284912
YMR224C,YBL037W,0,-1.711271,0.09317118674516678,0.9930209517478943,0.9696909189224243
YGL223C,YJR045C,0,-1.7162561,0.09316246956586838,0.9930209517478943,0.9697909355163574
YLR212C,YMR051C,0,-1.7184196,0.09315375983715057,0.9930209517478943,0.9698909521102905
YHR067W,YPL204W,0,-1.718735,0.09314505010843277,0.9930209517478943,0.9699909687042236
YMR171C,YDR520C,0,-1.7189798,0.09313634037971497,0.9930209517478943,0.9700910449028015
YBL057C,YOR244W,0,-1.7208877,0.09312763065099716,0.9930209517478943,0.9701910614967346
YLR127C,YML060W,0,-1.7218152,0.09311892092227936,0.9930209517478943,0.9702910780906677
YMR036C,YJL025W,0,-1.7248075,0.09311021864414215,0.9930209517478943,0.9703910946846008
YDR265W,YBR058C,0,-1.7310834,0.09310151636600494,0.9930209517478943,0.9704911708831787
YGR162W,YKL028W,0,-1.7354144,0.09309281408786774,0.9930209517478943,0.9705911874771118
YKL135C,YGR075C,0,-1.7368422,0.09308411180973053,0.9930209517478943,0.9706912040710449
YJL090C,YOR069W,0,-1.7373568,0.09307541698217392,0.9930209517478943,0.970791220664978
YLR015W,YHR129C,0,-1.7389845,0.09306671470403671,0.9930209517478943,0.9708912968635559
YKL173W,YLR433C,0,-1.7390757,0.0930580198764801,0.9930209517478943,0.970991313457489
YMR171C,YDL008W,0,-1.7413166,0.09304932504892349,0.9930209517478943,0.9710913300514221
YIL112W,YOL077C,0,-1.741704,0.09304063767194748,0.9930209517478943,0.9711913466453552
YLR096W,YOR224C,0,-1.7444372,0.09303194284439087,0.9930209517478943,0.9712913632392883
YNL162W,YDR320C,0,-1.7460463,0.09302325546741486,0.9930209517478943,0.9713914394378662
YDL030W,YOL080C,0,-1.7489052,0.09301456809043884,0.9930209517478943,0.9714914560317993
YER029C,YBR231C,0,-1.7493263,0.09300588071346283,0.9930209517478943,0.9715914726257324
YMR224C,YER164W,0,-1.7500108,0.09299720078706741,0.9930209517478943,0.9716914892196655
YBR164C,YDR486C,0,-1.750059,0.0929885134100914,0.9930209517478943,0.9717915654182434
YIR036C,YGR062C,0,-1.7502116,0.09297983348369598,0.9930209517478943,0.9718915820121765
YLR078C,YBL023C,0,-1.7509722,0.09297115355730057,0.9930209517478943,0.9719915986061096
YJL044C,YJL008C,0,-1.7554638,0.09296248108148575,0.9930209517478943,0.9720916152000427
YOR179C,YKR030W,0,-1.7563196,0.09295380115509033,0.9930209517478943,0.9721916317939758
YGL210W,YNL227C,0,-1.7583752,0.09294512867927551,0.9930209517478943,0.9722917079925537
YDL060W,YKL181W,0,-1.762313,0.0929364562034607,0.9930209517478943,0.9723917245864868
YOR124C,YIL115C,0,-1.7631551,0.09292778372764587,0.9930209517478943,0.9724917411804199
YAL041W,YER020W,0,-1.7639668,0.09291911870241165,0.9930209517478943,0.972591757774353
YPR118W,YMR026C,0,-1.7648886,0.09291044622659683,0.9930209517478943,0.9726918339729309
YIL115C,YHR186C,0,-1.7675107,0.09290178120136261,0.9930209517478943,0.972791850566864
YMR130W,YLR418C,0,-1.7680016,0.09289311617612839,0.9930209517478943,0.9728918671607971
YLR134W,YKL140W,0,-1.7763342,0.09288445115089417,0.9930209517478943,0.9729918837547302
YBR159W,YDL065C,0,-1.7808095,0.09287579357624054,0.9930209517478943,0.9730919003486633
YOR224C,YDR478W,0,-1.7815988,0.09286713600158691,0.9930209517478943,0.9731919765472412
YHR031C,YDR166C,0,-1.7827258,0.09285847842693329,0.9930209517478943,0.9732919931411743
YPL194W,YDR368W,0,-1.7827756,0.09284982085227966,0.9930209517478943,0.9733920097351074
YJL090C,YOR080W,0,-1.7831177,0.09284116327762604,0.9930209517478943,0.9734920263290405
YPR186C,YOR039W,0,-1.783153,0.09283251315355301,0.9930209517478943,0.9735921025276184
YMR224C,YGL155W,0,-1.783283,0.09282385557889938,0.9930209517478943,0.9736921191215515
YIL090W,YDR118W,0,-1.784379,0.09281520545482635,0.9930209517478943,0.9737921357154846
YBR291C,YDL006W,0,-1.7848299,0.09280656278133392,0.9930209517478943,0.9738921523094177
YOR167C,YLR074C,0,-1.786229,0.0927979126572609,0.9930209517478943,0.9739921689033508
YBR012W-A,YBL057C,0,-1.7927518,0.09278926998376846,0.9930209517478943,0.9740922451019287
YDL075W,YMR051C,0,-1.7933474,0.09278062731027603,0.9930209517478943,0.9741922616958618
YKL154W,YNL136W,0,-1.8023957,0.0927719846367836,0.9930209517478943,0.9742922782897949
YGL106W,YPR122W,0,-1.805304,0.09276334196329117,0.9930209517478943,0.974392294883728
YDR071C,YMR051C,0,-1.8057429,0.09275469928979874,0.9930209517478943,0.9744923710823059
YMR290C,YLR014C,0,-1.8088281,0.0927460640668869,0.9930209517478943,0.974592387676239
YKR014C,YML015C,0,-1.8091991,0.09273742884397507,0.9930209517478943,0.9746924042701721
YOL125W,YMR165C,0,-1.8096075,0.09272879362106323,0.9930209517478943,0.9747924208641052
YOL005C,YHR070W,0,-1.8102515,0.092720165848732,0.9930209517478943,0.9748924970626831
YOL077C,YDR088C,0,-1.8104696,0.09271153062582016,0.9930209517478943,0.9749925136566162
YDL229W,YER012W,0,-1.8105762,0.09270290285348892,0.9930209517478943,0.9750925302505493
YGL211W,YDR478W,0,-1.811994,0.09269427508115768,0.9930209517478943,0.9751925468444824
YIR012W,YIR002C,0,-1.812357,0.09268564730882645,0.9930209517478943,0.9752925634384155
YBL057C,YPR081C,0,-1.8136928,0.0926770269870758,0.9930209517478943,0.9753926396369934
YHR153C,YGR194C,0,-1.8162491,0.09266840666532516,0.9930209517478943,0.9754926562309265
YKL179C,YHR023W,0,-1.8167322,0.09265977889299393,0.9930209517478943,0.9755926728248596
YOR224C,YMR217W,0,-1.8190135,0.09265116602182388,0.9930209517478943,0.9756926894187927
YHR031C,YLR418C,0,-1.820158,0.09264254570007324,0.9930209517478943,0.9757927656173706
YGR220C,YPR021C,0,-1.8202765,0.0926339253783226,0.9930209517478943,0.9758927822113037
YBR055C,YOL125W,0,-1.8202976,0.09262531250715256,0.9930209517478943,0.9759927988052368
YOR308C,YGL120C,0,-1.8236804,0.09261669963598251,0.9930209517478943,0.9760928153991699
YDL043C,YOR151C,0,-1.8241318,0.09260808676481247,0.9930209517478943,0.976192831993103
YML094W,YGL185C,0,-1.8245308,0.09259948134422302,0.9930209517478943,0.9762929081916809
YJL072C,YML074C,0,-1.82511,0.09259086847305298,0.9930209517478943,0.976392924785614
YNL136W,YPL101W,0,-1.8274243,0.09258226305246353,0.9930209517478943,0.9764929413795471
YCR092C,YHR186C,0,-1.8305756,0.09257365763187408,0.9930209517478943,0.9765929579734802
YKR090W,YLR446W,0,-1.8320224,0.09256505221128464,0.9930209517478943,0.9766930341720581
YHR153C,YER012W,0,-1.8321378,0.09255645424127579,0.9930209517478943,0.9767930507659912
YMR171C,YHR167W,0,-1.8350995,0.09254785627126694,0.9930209517478943,0.9768930673599243
YBR251W,YLR306W,0,-1.8363376,0.09253925830125809,0.9930209517478943,0.9769930839538574
YJL133W,YHR129C,0,-1.8371391,0.09253066033124924,0.9930209517478943,0.9770931005477905
YJL041W,YER012W,0,-1.8416055,0.09252206236124039,0.9930209517478943,0.9771931767463684
YNR022C,YKL028W,0,-1.8422852,0.09251347184181213,0.9930209517478943,0.9772931933403015
YDR466W,YBL023C,0,-1.8431036,0.09250487387180328,0.9930209517478943,0.9773932099342346
YGL141W,YDR421W,0,-1.8439523,0.09249628335237503,0.9930209517478943,0.9774932265281677
YLR032W,YLR403W,0,-1.8451777,0.09248769283294678,0.9930209517478943,0.9775933027267456
YKL135C,YCR054C,0,-1.8452058,0.09247910976409912,0.9930209517478943,0.9776933193206787
YAL041W,YDL043C,0,-1.8455633,0.09247051924467087,0.9930209517478943,0.9777933359146118
YHR046C,YPR031W,0,-1.8459466,0.09246193617582321,0.9930209517478943,0.9778933525085449
YDR379W,YDR177W,0,-1.8486922,0.09245335310697556,0.9930209517478943,0.977993369102478
YDR052C,YMR221C,0,-1.8500912,0.0924447774887085,0.9930209517478943,0.9780934453010559
YML060W,YKR072C,1,-1.853927,0.09252899885177612,0.9940179586410522,0.9780934453010559
YPL195W,YIR009W,0,-1.8540349,0.09252041578292847,0.9940179586410522,0.978193461894989
YHR031C,YJL065C,0,-1.8550559,0.09251183271408081,0.9940179586410522,0.9782934784889221
YML104C,YGR295C,0,-1.8556764,0.09250324964523315,0.9940179586410522,0.9783934950828552
YDL043C,YKL173W,0,-1.8575253,0.0924946665763855,0.9940179586410522,0.9784935712814331
YBL088C,YML043C,0,-1.8593762,0.09248608350753784,0.9940179586410522,0.9785935878753662
YPR048W,YDR356W,0,-1.8613316,0.09247750788927078,0.9940179586410522,0.9786936044692993
YBL103C,YKL042W,0,-1.862169,0.09246893227100372,0.9940179586410522,0.9787936210632324
YBR245C,YNL212W,0,-1.8643711,0.09246035665273666,0.9940179586410522,0.9788936972618103
YML027W,YIL090W,0,-1.8654226,0.0924517810344696,0.9940179586410522,0.9789937138557434
YDR253C,YBR166C,0,-1.8701441,0.09244320541620255,0.9940179586410522,0.9790937304496765
YKL108W,YEL061C,0,-1.8822646,0.09243463724851608,0.9940179586410522,0.9791937470436096
YER020W,YLR014C,0,-1.8832788,0.09242606908082962,0.9940179586410522,0.9792937636375427
YAL041W,YBL023C,0,-1.8857553,0.09241750091314316,0.9940179586410522,0.9793938398361206
YJL125C,YKL143W,0,-1.8859402,0.0924089327454567,0.9940179586410522,0.9794938564300537
YDL099W,YBL055C,0,-1.8861827,0.09240037202835083,0.9940179586410522,0.9795938730239868
YMR201C,YGL106W,0,-1.8865142,0.09239181131124496,0.9940179586410522,0.9796938896179199
YDL108W,YDL030W,0,-1.8879783,0.0923832431435585,0.9940179586410522,0.9797939658164978
YDR071C,YDR251W,0,-1.8927859,0.09237468987703323,0.9940179586410522,0.9798939824104309
YDR071C,YDL099W,0,-1.8945197,0.09236612915992737,0.9940179586410522,0.979993999004364
YJL041W,YKL034W,0,-1.8946753,0.0923575758934021,0.9940179586410522,0.9800940155982971
YOL138C,YJR022W,0,-1.8975224,0.09234901517629623,0.9940179586410522,0.9801940321922302
YKR038C,YPL101W,0,-1.897706,0.09234046190977097,0.9940179586410522,0.9802941083908081
YMR171C,YGL119W,0,-1.8987541,0.0923319160938263,0.9940179586410522,0.9803941249847412
YKL089W,YGL128C,0,-1.9007056,0.09232336282730103,0.9940179586410522,0.9804941415786743
YGL232W,YNL325C,0,-1.902379,0.09231481701135635,0.9940179586410522,0.9805941581726074
YKL108W,YCR028C,0,-1.9052603,0.09230627119541168,0.9940179586410522,0.9806942343711853
YLR170C,YBL023C,0,-1.905592,0.09229772537946701,0.9940179586410522,0.9807942509651184
YML074C,YIR009W,0,-1.9119554,0.09228917956352234,0.9940179586410522,0.9808942675590515
YDR440W,YPL091W,0,-1.9127824,0.09228063374757767,0.9940179586410522,0.9809942841529846
YNL293W,YNR022C,0,-1.9170872,0.09227209538221359,0.9940179586410522,0.9810943007469177
YGR274C,YNL061W,0,-1.9193103,0.09226355701684952,0.9940179586410522,0.9811943769454956
YJR097W,YPR168W,0,-1.9196336,0.09225501865148544,0.9940179586410522,0.9812943935394287
YCL055W,YLR221C,0,-1.91973,0.09224648773670197,0.9940179586410522,0.9813944101333618
YPL101W,YDR420W,0,-1.9223781,0.09223794937133789,0.9940179586410522,0.9814944267272949
YNL308C,YDR128W,0,-1.9233583,0.09222941845655441,0.9940179586410522,0.9815945029258728
YML060W,YOL115W,1,-1.9239376,0.09231338649988174,0.9950149655342102,0.9815945029258728
YLR165C,YIL167W,1,-1.9240738,0.09239733964204788,0.9960119724273682,0.9815945029258728
YDR253C,YBR289W,0,-1.9262614,0.09238879382610321,0.9960119724273682,0.9816945195198059
YIL115C,YOR244W,0,-1.9268181,0.09238024801015854,0.9960119724273682,0.981794536113739
YIL150C,YNL206C,0,-1.9271846,0.09237170964479446,0.9960119724273682,0.9818945527076721
YGR071C,YDR166C,0,-1.9275771,0.09236316382884979,0.9960119724273682,0.9819945693016052
YOR257W,YPR019W,0,-1.9294204,0.09235462546348572,0.9960119724273682,0.9820946455001831
YDL069C,YDR326C,0,-1.9310703,0.09234608709812164,0.9960119724273682,0.9821946620941162
YGL232W,YHR207C,0,-1.9325919,0.09233755618333817,0.9960119724273682,0.9822946786880493
YHR129C,YDR252W,0,-1.933496,0.09232901781797409,0.9960119724273682,0.9823946952819824
YAR019C,YDR118W,0,-1.940105,0.09232048690319061,0.9960119724273682,0.9824947714805603
YHR207C,YJL008C,0,-1.9425871,0.09231195598840714,0.9960119724273682,0.9825947880744934
YHR031C,YKL173W,0,-1.9427671,0.09230342507362366,0.9960119724273682,0.9826948046684265
YLR126C,YNL227C,0,-1.9455196,0.09229490160942078,0.9960119724273682,0.9827948212623596
YIL150C,YNL149C,0,-1.9464118,0.0922863706946373,0.9960119724273682,0.9828948974609375
YDL166C,YER111C,0,-1.947424,0.09227784723043442,0.9960119724273682,0.9829949140548706
YNL293W,YBR087W,0,-1.9520391,0.09226932376623154,0.9960119724273682,0.9830949306488037
YLR343W,YER161C,0,-1.9532738,0.09226080775260925,0.9960119724273682,0.9831949472427368
YIL111W,YJR076C,0,-1.9541888,0.09225228428840637,0.9960119724273682,0.9832949638366699
YER140W,YPL101W,0,-1.9558207,0.09224376827478409,0.9960119724273682,0.9833950400352478
YOR278W,YDR358W,0,-1.9590194,0.0922352522611618,0.9960119724273682,0.9834950566291809
YOR182C,YGR241C,0,-1.9704046,0.09222673624753952,0.9960119724273682,0.983595073223114
YML043C,YNL191W,0,-1.9711359,0.09221822023391724,0.9960119724273682,0.9836950898170471
YNL207W,YNL039W,0,-1.9719973,0.09220971167087555,0.9960119724273682,0.983795166015625
YHR027C,YGL137W,0,-1.9755348,0.09220120310783386,0.9960119724273682,0.9838951826095581
YLR238W,YNL191W,0,-1.977992,0.09219269454479218,0.9960119724273682,0.9839951992034912
YLR318W,YKL017C,0,-1.978577,0.09218418598175049,0.9960119724273682,0.9840952157974243
YJR135C,YKL010C,0,-1.9791846,0.0921756774187088,0.9960119724273682,0.9841952323913574
YER133W,YNL129W,0,-1.9804618,0.09216717630624771,0.9960119724273682,0.9842953085899353
YMR016C,YBR289W,0,-1.982255,0.09215867519378662,0.9960119724273682,0.9843953251838684
YMR171C,YPL022W,0,-1.9830766,0.09215017408132553,0.9960119724273682,0.9844953417778015
YMR282C,YJR045C,0,-1.9848084,0.09214167296886444,0.9960119724273682,0.9845953583717346
YCL059C,YPR102C,0,-1.9851408,0.09213317185640335,0.9960119724273682,0.9846954345703125
YBL060W,YPR186C,0,-1.9860349,0.09212467819452286,0.9960119724273682,0.9847954511642456
YFL029C,YBR142W,0,-1.987789,0.09211618453264236,0.9960119724273682,0.9848954677581787
YPL155C,YLR014C,0,-1.990572,0.09210769087076187,0.9960119724273682,0.9849954843521118
YNL091W,YDR507C,0,-1.9908102,0.09209919720888138,0.9960119724273682,0.9850955009460449
YLR165C,YPR006C,1,-1.9934086,0.09218288958072662,0.9970089793205261,0.9850955009460449
YKL088W,YDR478W,0,-2.0019147,0.09217439591884613,0.9970089793205261,0.9851955771446228
YBR160W,YBR084W,0,-2.0051088,0.09216590225696564,0.9970089793205261,0.9852955937385559
YBL088C,YLR096W,0,-2.0063457,0.09215740114450455,0.9970089793205261,0.985395610332489
YOL077C,YDR120C,0,-2.0078642,0.09214891493320465,0.9970089793205261,0.9854956269264221
YKL154W,YLR099C,0,-2.0092628,0.09214042127132416,0.9970089793205261,0.985595703125
YKL135C,YOL077C,0,-2.0112293,0.09213193506002426,0.9970089793205261,0.9856957197189331
YER148W,YMR285C,0,-2.0155625,0.09212344884872437,0.9970089793205261,0.9857957363128662
YIL115C,YDL180W,0,-2.0158505,0.09211496263742447,0.9970089793205261,0.9858957529067993
YGR104C,YOR151C,0,-2.0177758,0.09210647642612457,0.9970089793205261,0.9859957695007324
YHR153C,YBR035C,0,-2.018459,0.09209799021482468,0.9970089793205261,0.9860958456993103
YCL063W,YNL151C,0,-2.0222743,0.09208951145410538,0.9970089793205261,0.9861958622932434
YML060W,YBL019W,1,-2.0292299,0.09217311441898346,0.9980059862136841,0.9861958622932434
YLR074C,YOL077C,0,-2.0293734,0.09216462820768356,0.9980059862136841,0.9862958788871765
YDR088C,YML095C,0,-2.034681,0.09215614199638367,0.9980059862136841,0.9863958954811096
YKL154W,YKL017C,0,-2.035256,0.09214765578508377,0.9980059862136841,0.9864959716796875
YNL207W,YGR123C,0,-2.036487,0.09213917702436447,0.9980059862136841,0.9865959882736206
YDR356W,YGL155W,0,-2.0374942,0.09213069826364517,0.9980059862136841,0.9866960048675537
YLR418C,YER020W,0,-2.04337,0.09212221950292587,0.9980059862136841,0.9867960214614868
YDR424C,YDL110C,0,-2.0439632,0.09211374074220657,0.9980059862136841,0.9868960976600647
YJR022W,YBL055C,0,-2.0480897,0.09210526198148727,0.9980059862136841,0.9869961142539978
YGR058W,YKL173W,0,-2.0535462,0.09209679067134857,0.9980059862136841,0.9870961308479309
YKL135C,YOR143C,0,-2.0592794,0.09208831936120987,0.9980059862136841,0.987196147441864
YDR420W,YDR088C,0,-2.0621135,0.09207984805107117,0.9980059862136841,0.9872961640357971
YBR245C,YJL156C,0,-2.0632277,0.09207137674093246,0.9980059862136841,0.987396240234375
YNL248C,YAL025C,0,-2.066899,0.09206290543079376,0.9980059862136841,0.9874962568283081
YOL065C,YML015C,0,-2.0669076,0.09205444157123566,0.9980059862136841,0.9875962734222412
YKR094C,YNL091W,0,-2.0674324,0.09204597771167755,0.9980059862136841,0.9876962900161743
YML082W,YIL167W,1,-2.0677478,0.09212946146726608,0.999002993106842,0.9876962900161743
YNL001W,YDR334W,0,-2.076593,0.09212099015712738,0.999002993106842,0.9877963662147522
YOR061W,YDL099W,0,-2.0803785,0.09211251884698868,0.999002993106842,0.9878963828086853
YLR371W,YLR221C,0,-2.0810773,0.09210405498743057,0.999002993106842,0.9879963994026184
YDR440W,YOR039W,0,-2.0814748,0.09209559112787247,0.999002993106842,0.9880964159965515
YNL039W,YDR239C,0,-2.082108,0.09208712726831436,0.999002993106842,0.9881964325904846
YIL138C,YNL119W,0,-2.0832696,0.09207866340875626,0.999002993106842,0.9882965087890625
YDL166C,YNL149C,0,-2.0834973,0.09207019954919815,0.999002993106842,0.9883965253829956
YDL006W,YOL123W,0,-2.0902784,0.09206174314022064,0.999002993106842,0.9884965419769287
YOL018C,YNL188W,0,-2.0913954,0.09205328673124313,0.999002993106842,0.9885965585708618
YHR116W,YMR188C,0,-2.0931358,0.09204483032226562,0.999002993106842,0.9886966347694397
YJL065C,YDR128W,0,-2.0952728,0.09203637391328812,0.999002993106842,0.9887966513633728
YDR440W,YDL112W,0,-2.102218,0.09202791750431061,0.999002993106842,0.9888966679573059
YPR047W,YEL050C,0,-2.1025653,0.0920194685459137,0.999002993106842,0.988996684551239
YDR013W,YOR069W,0,-2.104042,0.09201101958751678,0.999002993106842,0.9890967011451721
YGL223C,YOL007C,0,-2.1073787,0.09200257062911987,0.999002993106842,0.98919677734375
YBR055C,YBR087W,0,-2.113188,0.09199412167072296,0.999002993106842,0.9892967939376831
YDR440W,YKR062W,0,-2.1168413,0.09198568016290665,0.999002993106842,0.9893968105316162
YMR233W,YLR212C,0,-2.120464,0.09197723865509033,0.999002993106842,0.9894968271255493
YML104C,YAL034W-A,0,-2.1205552,0.09196878969669342,0.999002993106842,0.9895969033241272
YNL166C,YPL159C,0,-2.1266105,0.0919603556394577,0.999002993106842,0.9896969199180603
YHR101C,YDR507C,0,-2.12694,0.09195191413164139,0.999002993106842,0.9897969365119934
YML060W,YDR368W,0,-2.1274233,0.09194347262382507,0.999002993106842,0.9898969531059265
YLR238W,YDR320C,0,-2.1328871,0.09193503856658936,0.999002993106842,0.9899969696998596
YJR033C,YGL031C,0,-2.1335628,0.09192660450935364,0.999002993106842,0.9900970458984375
YKL088W,YNL188W,0,-2.135267,0.09191817045211792,0.999002993106842,0.9901970624923706
YDL099W,YDL017W,0,-2.1448946,0.0919097438454628,0.999002993106842,0.9902970790863037
YPL101W,YBR231C,0,-2.145798,0.09190130978822708,0.999002993106842,0.9903970956802368
YDR121W,YJL148W,0,-2.159221,0.09189288318157196,0.999002993106842,0.9904971718788147
YDR532C,YGL213C,0,-2.177673,0.09188445657491684,0.999002993106842,0.9905971884727478
YDR532C,YGL211W,0,-2.1779814,0.09187602996826172,0.999002993106842,0.9906972050666809
YOL067C,YJR060W,0,-2.1841118,0.0918676108121872,0.999002993106842,0.990797221660614
YOR057W,YMR221C,0,-2.1843739,0.09185918420553207,0.999002993106842,0.9908972978591919
YLR086W,YNL207W,0,-2.1898744,0.09185076504945755,0.999002993106842,0.990997314453125
YLR015W,YDR121W,0,-2.1924627,0.09184234589338303,0.999002993106842,0.9910973310470581
YDR228C,YER082C,0,-2.197927,0.0918339267373085,0.999002993106842,0.9911973476409912
YDR532C,YNL185C,0,-2.1988156,0.09182551503181458,0.999002993106842,0.9912973642349243
YDR424C,YDR283C,0,-2.2123668,0.09181709587574005,0.999002993106842,0.9913974404335022
YDR424C,YCR092C,0,-2.2132149,0.09180868417024612,0.999002993106842,0.9914974570274353
YNL292W,YNL039W,0,-2.2253978,0.0918002724647522,0.999002993106842,0.9915974736213684
YKL089W,YHR101C,0,-2.2303884,0.09179186820983887,0.999002993106842,0.9916974902153015
YBR001C,YDR424C,0,-2.2328098,0.09178345650434494,0.999002993106842,0.9917975664138794
YGL178W,YJL080C,0,-2.2424748,0.09177505224943161,0.999002993106842,0.9918975830078125
YML015C,YDR101C,0,-2.250075,0.09176664799451828,0.999002993106842,0.9919975996017456
YLR287C-A,YPL143W,0,-2.2583792,0.09175824373960495,0.999002993106842,0.9920976161956787
YDR424C,YNL227C,0,-2.262261,0.09174983948469162,0.999002993106842,0.9921976327896118
YDR013W,YHR129C,0,-2.2638206,0.09174144268035889,0.999002993106842,0.9922977089881897
YML005W,YJR076C,0,-2.264808,0.09173303842544556,0.999002993106842,0.9923977255821228
YKL173W,YLR403W,0,-2.2701218,0.09172464162111282,0.999002993106842,0.9924977421760559
YLR126C,YER111C,0,-2.280818,0.09171624481678009,0.999002993106842,0.992597758769989
YBR087W,YDL017W,0,-2.2883005,0.09170785546302795,0.999002993106842,0.9926978349685669
YLR418C,YML015C,0,-2.2892077,0.09169945865869522,0.999002993106842,0.9927978515625
YIL112W,YLL022C,0,-2.2978928,0.09169106930494308,0.999002993106842,0.9928978681564331
YNL293W,YER099C,0,-2.3105853,0.09168267995119095,0.999002993106842,0.9929978847503662
YDR424C,YKR037C,0,-2.3167436,0.09167429059743881,0.999002993106842,0.9930979013442993
YER111C,YMR152W,0,-2.3183405,0.09166590124368668,0.999002993106842,0.9931979775428772
YIL093C,YIL115C,0,-2.3208857,0.09165751934051514,0.999002993106842,0.9932979941368103
YDL043C,YOR039W,0,-2.3214,0.0916491374373436,0.999002993106842,0.9933980107307434
YLR147C,YDL115C,0,-2.325842,0.09164075553417206,0.999002993106842,0.9934980273246765
YDR501W,YIL026C,0,-2.3316748,0.09163237363100052,0.999002993106842,0.9935981035232544
YDR128W,YER051W,0,-2.3326116,0.09162399172782898,0.999002993106842,0.9936981201171875
YML094W,YDR103W,0,-2.3346465,0.09161561727523804,0.999002993106842,0.9937981367111206
YDL166C,YJR134C,0,-2.337624,0.0916072428226471,0.999002993106842,0.9938981533050537
YAL041W,YDR013W,0,-2.3422196,0.09159886837005615,0.999002993106842,0.9939981698989868
YDR011W,YKL042W,0,-2.3626962,0.09159049391746521,0.999002993106842,0.9940982460975647
YLR015W,YJR068W,0,-2.3647008,0.09158211946487427,0.999002993106842,0.9941982626914978
YDR424C,YOR127W,0,-2.3665032,0.09157375246286392,0.999002993106842,0.9942982792854309
YML015C,YJR022W,0,-2.383239,0.09156538546085358,0.999002993106842,0.994398295879364
YDL164C,YDL006W,0,-2.3918192,0.09155701845884323,0.999002993106842,0.9944983720779419
YLR127C,YNL149C,0,-2.393109,0.09154865145683289,0.999002993106842,0.994598388671875
YDR118W,YOR269W,0,-2.4064386,0.09154029190540314,0.999002993106842,0.9946984052658081
YMR235C,YPL258C,0,-2.407385,0.09153192490339279,0.999002993106842,0.9947984218597412
YHR153C,YOR124C,0,-2.411606,0.09152356535196304,0.999002993106842,0.9948984980583191
YBR055C,YOR075W,0,-2.4142864,0.0915152058005333,0.999002993106842,0.9949985146522522
YKL135C,YJL148W,0,-2.419726,0.09150684624910355,0.999002993106842,0.9950985312461853
YBL054W,YDR478W,0,-2.422034,0.0914984941482544,0.999002993106842,0.9951985478401184
YLR045C,YHR036W,0,-2.4246798,0.09149014204740524,0.999002993106842,0.9952985644340515
YDL166C,YBR058C,0,-2.430055,0.0914817824959755,0.999002993106842,0.9953986406326294
YDR279W,YNR011C,0,-2.4333344,0.09147343784570694,0.999002993106842,0.9954986572265625
YHR046C,YDR420W,0,-2.4451962,0.09146508574485779,0.999002993106842,0.9955986738204956
YDL006W,YHR129C,0,-2.4632268,0.09145673364400864,0.999002993106842,0.9956986904144287
YHR023W,YOR075W,0,-2.468859,0.09144838899374008,0.999002993106842,0.9957987666130066
YDR424C,YPL159C,0,-2.4731443,0.09144004434347153,0.999002993106842,0.9958987832069397
YNL001W,YBL021C,0,-2.47696,0.09143169969320297,0.999002993106842,0.9959987998008728
YBL057C,YPR122W,0,-2.479551,0.09142335504293442,0.999002993106842,0.9960988163948059
YML060W,YHR112C,1,-2.4800243,0.09150625020265579,1.0,0.9960988163948059
YBR237W,YDR465C,0,-2.482582,0.09149790555238724,1.0,0.996198832988739
YGR156W,YLR207W,0,-2.490238,0.09148955345153809,1.0,0.9962989091873169
YDR379W,YBR142W,0,-2.4916992,0.09148120880126953,1.0,0.99639892578125
YGL232W,YJR076C,0,-2.5005443,0.09147287160158157,1.0,0.9964989423751831
YPR178W,YBL010C,0,-2.5090663,0.09146452695131302,1.0,0.9965989589691162
YMR290C,YNL207W,0,-2.5177195,0.09145618975162506,1.0,0.9966990351676941
YPR118W,YDR103W,0,-2.537539,0.0914478451013565,1.0,0.9967990517616272
YJL065C,YNR022C,0,-2.5446472,0.09143950790166855,1.0,0.9968990683555603
YDR013W,YKL010C,0,-2.5545785,0.09143117815256119,1.0,0.9969990849494934
YLR371W,YLR078C,0,-2.572366,0.09142284095287323,1.0,0.9970991015434265
YMR312W,YOR070C,0,-2.573188,0.09141451120376587,1.0,0.9971991777420044
YER147C,YKL017C,0,-2.6018755,0.09140618145465851,1.0,0.9972991943359375
YDR440W,YDR356W,0,-2.6043599,0.09139785170555115,1.0,0.9973992109298706
YLR283W,YKR037C,0,-2.622226,0.09138952195644379,1.0,0.9974992275238037
YNL207W,YHR186C,0,-2.6230936,0.09138119220733643,1.0,0.9975993037223816
YNL166C,YER113C,0,-2.6257288,0.09137286990880966,1.0,0.9976993203163147
YNL166C,YGL227W,0,-2.6269033,0.0913645476102829,1.0,0.9977993369102478
YLR276C,YAL025C,0,-2.6271682,0.09135622531175613,1.0,0.9978993535041809
YDL075W,YDR251W,0,-2.641991,0.09134790301322937,1.0,0.997999370098114
YJL125C,YMR165C,0,-2.6556194,0.0913395881652832,1.0,0.9980994462966919
YMR130W,YOR069W,0,-2.6676705,0.09133126586675644,1.0,0.998199462890625
YGL223C,YHR129C,0,-2.68105,0.09132295101881027,1.0,0.9982994794845581
YDL108W,YDL017W,0,-2.6879332,0.0913146361708641,1.0,0.9983994960784912
YLR381W,YIL115C,0,-2.727925,0.09130632877349854,1.0,0.9984995722770691
YDR126W,YBL057C,0,-2.728688,0.09129801392555237,1.0,0.9985995888710022
YMR247C,YKR104W,0,-2.738569,0.0912897065281868,1.0,0.9986996054649353
YBR231C,YCR054C,0,-2.7439454,0.09128139913082123,1.0,0.9987996220588684
YMR016C,YKR104W,0,-2.7707536,0.09127309173345566,1.0,0.9988996982574463
YDL164C,YBL061C,0,-2.8081243,0.09126478433609009,1.0,0.9989997148513794
YOR069W,YLR172C,0,-2.8364372,0.09125648438930511,1.0,0.9990997314453125
YLR403W,YOL149W,0,-2.8530133,0.09124817699193954,1.0,0.9991997480392456
YDR440W,YOR308C,0,-2.8735428,0.09123987704515457,1.0,0.9992997646331787
YDR228C,YBL057C,0,-2.8871205,0.0912315845489502,1.0,0.9993998408317566
YKR090W,YDL006W,0,-2.904728,0.09122328460216522,1.0,0.9994998574256897
YDR177W,YDR320C,0,-2.921785,0.09121498465538025,1.0,0.9995998740196228
YDL043C,YIR002C,0,-3.0241709,0.09120669215917587,1.0,0.9996998906135559
YLR418C,YDR128W,0,-3.153115,0.0911983996629715,1.0,0.9997999668121338
YOL133W,YER112W,0,-3.5965693,0.09119010716676712,1.0,0.9998999834060669
YDR478W,YJR068W,0,-3.8339612,0.09118181467056274,1.0,1.0
